value,error
5.330160361859136486e+01,0.000000000000000000e+00
5.002611610688538946e+01,0.000000000000000000e+00
4.946675442160120184e+01,0.000000000000000000e+00
4.982097207110377468e+01,0.000000000000000000e+00
5.447451328804693560e+01,0.000000000000000000e+00
4.883928998692115897e+01,0.000000000000000000e+00
5.363498533361128295e+01,0.000000000000000000e+00
4.853362597241059007e+01,0.000000000000000000e+00
5.066077766063889243e+01,0.000000000000000000e+00
5.218000715198970596e+01,0.000000000000000000e+00
5.186879580755734054e+01,0.000000000000000000e+00
5.283415652454631584e+01,0.000000000000000000e+00
4.651599420134340335e+01,0.000000000000000000e+00
5.414778504602499964e+01,0.000000000000000000e+00
4.987849827647760037e+01,0.000000000000000000e+00
5.152136019154740865e+01,0.000000000000000000e+00
5.209380339912561908e+01,0.000000000000000000e+00
5.057296710853933064e+01,0.000000000000000000e+00
5.153638685428826705e+01,0.000000000000000000e+00
5.361411726763957830e+01,0.000000000000000000e+00
5.302615224630969237e+01,0.000000000000000000e+00
5.237858180070761449e+01,0.000000000000000000e+00
5.097876695051979112e+01,0.000000000000000000e+00
5.014126194264673586e+01,0.000000000000000000e+00
5.656309900866489215e+01,0.000000000000000000e+00
5.157013852521046005e+01,0.000000000000000000e+00
5.340247417767586313e+01,0.000000000000000000e+00
5.157710454793528498e+01,0.000000000000000000e+00
5.091754887079073910e+01,0.000000000000000000e+00
5.073984493242804206e+01,0.000000000000000000e+00
5.004996461793987805e+01,0.000000000000000000e+00
5.368605552896676159e+01,0.000000000000000000e+00
5.203625809352975295e+01,0.000000000000000000e+00
5.342970264095555422e+01,0.000000000000000000e+00
5.401356282717183888e+01,0.000000000000000000e+00
5.348063996814764920e+01,0.000000000000000000e+00
5.455049479109533905e+01,0.000000000000000000e+00
5.699838713458458272e+01,0.000000000000000000e+00
5.346163079050266020e+01,0.000000000000000000e+00
5.566239260232729436e+01,0.000000000000000000e+00
5.481998807131159879e+01,0.000000000000000000e+00
5.292392071646033713e+01,0.000000000000000000e+00
5.431458254534603469e+01,0.000000000000000000e+00
5.343213703378682311e+01,0.000000000000000000e+00
5.294687389933694277e+01,0.000000000000000000e+00
5.577954870728954262e+01,0.000000000000000000e+00
5.394791102755603873e+01,0.000000000000000000e+00
5.443493700222961706e+01,0.000000000000000000e+00
5.214144037442042645e+01,0.000000000000000000e+00
5.429696004512110363e+01,0.000000000000000000e+00
5.389881636861135661e+01,0.000000000000000000e+00
5.183505167397711944e+01,0.000000000000000000e+00
5.579340925854995703e+01,0.000000000000000000e+00
5.454044740705904815e+01,0.000000000000000000e+00
5.180698910668050416e+01,0.000000000000000000e+00
5.665813168947866529e+01,0.000000000000000000e+00
5.410019971748221224e+01,0.000000000000000000e+00
5.254161752828700571e+01,0.000000000000000000e+00
5.469863613779827460e+01,0.000000000000000000e+00
5.646898820633016669e+01,0.000000000000000000e+00
5.464220890934800678e+01,0.000000000000000000e+00
5.584777485387108698e+01,0.000000000000000000e+00
5.526181103060456934e+01,0.000000000000000000e+00
5.543185042459124645e+01,0.000000000000000000e+00
5.673187011474522023e+01,0.000000000000000000e+00
5.621575284992439236e+01,0.000000000000000000e+00
5.481785299366703157e+01,0.000000000000000000e+00
5.446473071066851901e+01,0.000000000000000000e+00
5.613780346218197081e+01,0.000000000000000000e+00
5.980231562517487021e+01,0.000000000000000000e+00
5.682729158080037735e+01,0.000000000000000000e+00
5.603532775949439326e+01,0.000000000000000000e+00
5.435545652712913522e+01,0.000000000000000000e+00
5.409133036008368123e+01,0.000000000000000000e+00
5.542954274184832286e+01,0.000000000000000000e+00
5.465505360184585726e+01,0.000000000000000000e+00
5.847921725495605472e+01,0.000000000000000000e+00
5.541267888912973660e+01,0.000000000000000000e+00
5.491286575478751075e+01,0.000000000000000000e+00
5.703369603256381026e+01,0.000000000000000000e+00
5.473699785963408715e+01,0.000000000000000000e+00
5.396090714833744784e+01,0.000000000000000000e+00
5.430655742777233286e+01,0.000000000000000000e+00
5.888013252893569671e+01,0.000000000000000000e+00
5.443470596561726893e+01,0.000000000000000000e+00
5.498963387213760967e+01,0.000000000000000000e+00
5.541052244885922562e+01,0.000000000000000000e+00
5.760953415167622893e+01,0.000000000000000000e+00
5.369668241218586502e+01,0.000000000000000000e+00
5.737559067557310755e+01,0.000000000000000000e+00
5.717802410411377423e+01,0.000000000000000000e+00
6.043408354057529408e+01,0.000000000000000000e+00
5.948254802642918548e+01,0.000000000000000000e+00
5.611137927465862418e+01,0.000000000000000000e+00
5.994101342993640458e+01,0.000000000000000000e+00
5.706362727202580487e+01,0.000000000000000000e+00
5.575379789421319288e+01,0.000000000000000000e+00
5.801092777654928057e+01,0.000000000000000000e+00
6.249792054397000385e+01,0.000000000000000000e+00
5.696884875329076436e+01,0.000000000000000000e+00
5.780648440597442317e+01,0.000000000000000000e+00
6.056132581355544175e+01,0.000000000000000000e+00
6.046601231740874738e+01,0.000000000000000000e+00
5.679654583472409968e+01,0.000000000000000000e+00
5.640276438714120388e+01,0.000000000000000000e+00
5.994471867676860910e+01,0.000000000000000000e+00
5.600169536952693505e+01,0.000000000000000000e+00
5.851386454454359409e+01,0.000000000000000000e+00
6.059265645299693404e+01,0.000000000000000000e+00
5.632948310600967545e+01,0.000000000000000000e+00
5.765748980687202874e+01,0.000000000000000000e+00
5.890129236748001063e+01,0.000000000000000000e+00
5.930651256839331609e+01,0.000000000000000000e+00
5.587686603533228435e+01,0.000000000000000000e+00
5.825186047150537405e+01,0.000000000000000000e+00
6.209116712846870456e+01,0.000000000000000000e+00
5.932776966235957872e+01,0.000000000000000000e+00
5.867214875464611623e+01,0.000000000000000000e+00
5.964203482801309519e+01,0.000000000000000000e+00
6.407213255193700263e+01,0.000000000000000000e+00
6.000261159120905319e+01,0.000000000000000000e+00
6.119266506605465850e+01,0.000000000000000000e+00
6.016648335504953593e+01,0.000000000000000000e+00
5.695844825706365810e+01,0.000000000000000000e+00
5.986876547343172206e+01,0.000000000000000000e+00
5.823530967095069144e+01,0.000000000000000000e+00
5.999017445583572794e+01,0.000000000000000000e+00
5.732136280039590304e+01,0.000000000000000000e+00
6.475437419301539421e+01,0.000000000000000000e+00
6.053345249951316021e+01,0.000000000000000000e+00
5.827610184795634751e+01,0.000000000000000000e+00
5.951462912307137998e+01,0.000000000000000000e+00
5.793021887076558585e+01,0.000000000000000000e+00
5.823689477270463044e+01,0.000000000000000000e+00
6.091072997816939960e+01,0.000000000000000000e+00
5.671237675177692950e+01,0.000000000000000000e+00
6.007233461715055967e+01,0.000000000000000000e+00
6.255005434352999316e+01,0.000000000000000000e+00
5.927685061444716297e+01,0.000000000000000000e+00
6.065265332134802634e+01,0.000000000000000000e+00
6.148031141957961410e+01,0.000000000000000000e+00
5.956697611778471924e+01,0.000000000000000000e+00
5.860058649620532378e+01,0.000000000000000000e+00
6.101762980319940510e+01,0.000000000000000000e+00
6.065664333124180274e+01,0.000000000000000000e+00
6.026880201731061248e+01,0.000000000000000000e+00
6.380469068420990197e+01,0.000000000000000000e+00
5.980832977147341722e+01,0.000000000000000000e+00
6.159806948386080450e+01,0.000000000000000000e+00
6.275814231582713631e+01,0.000000000000000000e+00
6.125999168573727616e+01,0.000000000000000000e+00
6.557299712227188593e+01,0.000000000000000000e+00
6.223725146531297270e+01,0.000000000000000000e+00
6.377045701867012184e+01,0.000000000000000000e+00
6.502435712442887450e+01,0.000000000000000000e+00
6.396958791774748931e+01,0.000000000000000000e+00
6.111608540606668072e+01,0.000000000000000000e+00
6.587693095024084755e+01,0.000000000000000000e+00
6.074437775703245279e+01,0.000000000000000000e+00
6.009611259617170731e+01,0.000000000000000000e+00
6.316859100559349827e+01,0.000000000000000000e+00
6.229114252911685412e+01,0.000000000000000000e+00
6.161274445440086112e+01,0.000000000000000000e+00
6.294704948541372858e+01,0.000000000000000000e+00
6.196764292447895173e+01,0.000000000000000000e+00
6.245437739876568628e+01,0.000000000000000000e+00
6.302785237671067620e+01,0.000000000000000000e+00
6.650459290238144661e+01,0.000000000000000000e+00
6.478286498875107213e+01,0.000000000000000000e+00
6.178708273704410203e+01,0.000000000000000000e+00
6.205308147712200650e+01,0.000000000000000000e+00
6.321537436389046150e+01,0.000000000000000000e+00
6.064171459296741062e+01,0.000000000000000000e+00
6.465277099312311293e+01,0.000000000000000000e+00
6.229064977936316438e+01,0.000000000000000000e+00
6.734696316084917100e+01,0.000000000000000000e+00
6.402036587136079504e+01,0.000000000000000000e+00
6.592374822957259539e+01,0.000000000000000000e+00
5.997444681517208664e+01,0.000000000000000000e+00
6.166892979789908225e+01,0.000000000000000000e+00
6.617940179594457106e+01,0.000000000000000000e+00
6.187920880288579184e+01,0.000000000000000000e+00
6.294040570641841725e+01,0.000000000000000000e+00
6.474550125434012671e+01,0.000000000000000000e+00
6.712464962567884186e+01,0.000000000000000000e+00
6.571273687563913768e+01,0.000000000000000000e+00
6.720817742335370326e+01,0.000000000000000000e+00
6.657608100301224852e+01,0.000000000000000000e+00
6.921771507820858460e+01,0.000000000000000000e+00
6.550808806325758837e+01,0.000000000000000000e+00
6.733028897737892748e+01,0.000000000000000000e+00
6.289515137323165561e+01,0.000000000000000000e+00
6.351463909114681883e+01,0.000000000000000000e+00
6.469487267934293584e+01,0.000000000000000000e+00
6.590022228016323425e+01,0.000000000000000000e+00
6.307080201003761033e+01,0.000000000000000000e+00
6.629037921085298990e+01,0.000000000000000000e+00
6.550885770732509172e+01,0.000000000000000000e+00
6.916679418684778113e+01,0.000000000000000000e+00
6.580370845828645088e+01,0.000000000000000000e+00
6.258375582084413935e+01,0.000000000000000000e+00
6.498908664668905999e+01,0.000000000000000000e+00
6.735185771050296921e+01,0.000000000000000000e+00
6.385093535500083561e+01,0.000000000000000000e+00
6.692182618796523741e+01,0.000000000000000000e+00
6.739934909455190848e+01,0.000000000000000000e+00
6.336510002763694871e+01,0.000000000000000000e+00
6.523905643748499017e+01,0.000000000000000000e+00
6.708650361909239734e+01,0.000000000000000000e+00
7.335260851274175309e+01,0.000000000000000000e+00
6.371959663535734109e+01,0.000000000000000000e+00
6.637420492962118601e+01,0.000000000000000000e+00
6.565413508785199781e+01,0.000000000000000000e+00
6.159142473053218225e+01,0.000000000000000000e+00
6.814903437708771605e+01,0.000000000000000000e+00
7.012002437700377300e+01,0.000000000000000000e+00
6.956754789273465178e+01,0.000000000000000000e+00
6.822191132135145608e+01,0.000000000000000000e+00
6.908925294942137896e+01,0.000000000000000000e+00
6.878602936314757699e+01,0.000000000000000000e+00
6.666788268332472001e+01,0.000000000000000000e+00
6.690841097311491126e+01,0.000000000000000000e+00
6.608893427597058690e+01,0.000000000000000000e+00
6.372517277036122607e+01,0.000000000000000000e+00
6.835001884291700947e+01,0.000000000000000000e+00
6.772264115652738781e+01,0.000000000000000000e+00
6.682398897226200063e+01,0.000000000000000000e+00
6.642539005166425170e+01,0.000000000000000000e+00
6.580467060734494567e+01,0.000000000000000000e+00
6.763846466894717935e+01,0.000000000000000000e+00
6.758075774019665971e+01,0.000000000000000000e+00
6.549144816663951474e+01,0.000000000000000000e+00
6.874237050758387113e+01,0.000000000000000000e+00
6.756693236326664476e+01,0.000000000000000000e+00
6.892769116172750898e+01,0.000000000000000000e+00
6.924131812653151030e+01,0.000000000000000000e+00
6.922711635174636058e+01,0.000000000000000000e+00
6.480605990643739744e+01,0.000000000000000000e+00
6.973773071657087996e+01,0.000000000000000000e+00
6.539164776245519306e+01,0.000000000000000000e+00
6.717219754458143655e+01,0.000000000000000000e+00
7.017357697186353960e+01,0.000000000000000000e+00
6.867774172067379368e+01,0.000000000000000000e+00
6.875080409364986167e+01,0.000000000000000000e+00
7.169040776938501836e+01,0.000000000000000000e+00
6.952026182721023417e+01,0.000000000000000000e+00
6.586905821068017985e+01,0.000000000000000000e+00
7.085954395687015506e+01,0.000000000000000000e+00
6.824300174158678089e+01,0.000000000000000000e+00
6.897633830415459499e+01,0.000000000000000000e+00
6.719619621383718311e+01,0.000000000000000000e+00
6.705590363877534799e+01,0.000000000000000000e+00
6.526290115106466772e+01,0.000000000000000000e+00
6.708740828768669928e+01,0.000000000000000000e+00
7.063014491383192706e+01,0.000000000000000000e+00
7.133609192848980740e+01,0.000000000000000000e+00
7.025951030393318320e+01,0.000000000000000000e+00
6.885908293154429316e+01,0.000000000000000000e+00
7.023902465206266754e+01,0.000000000000000000e+00
6.509038651156291166e+01,0.000000000000000000e+00
6.779728334326009076e+01,0.000000000000000000e+00
7.079838693446724562e+01,0.000000000000000000e+00
7.030735862929820712e+01,0.000000000000000000e+00
6.972228397995635873e+01,0.000000000000000000e+00
7.190405338453430772e+01,0.000000000000000000e+00
7.179373248994455992e+01,0.000000000000000000e+00
6.966785336390461225e+01,0.000000000000000000e+00
7.276807522553335161e+01,0.000000000000000000e+00
6.733299756494463395e+01,0.000000000000000000e+00
6.597345624715005385e+01,0.000000000000000000e+00
7.192915166253123971e+01,0.000000000000000000e+00
6.937097589524232433e+01,0.000000000000000000e+00
6.974107628883520249e+01,0.000000000000000000e+00
7.020122954822532790e+01,0.000000000000000000e+00
6.802711869017399238e+01,0.000000000000000000e+00
6.652210348410351060e+01,0.000000000000000000e+00
6.738957365227746266e+01,0.000000000000000000e+00
6.959784368811801869e+01,0.000000000000000000e+00
6.956755762041603930e+01,0.000000000000000000e+00
6.962266310499771294e+01,0.000000000000000000e+00
7.146538282884492332e+01,0.000000000000000000e+00
7.036489484084950163e+01,0.000000000000000000e+00
7.306681647986188466e+01,0.000000000000000000e+00
6.988768542231485981e+01,0.000000000000000000e+00
7.085690987701080701e+01,0.000000000000000000e+00
6.895223901560689228e+01,0.000000000000000000e+00
6.877115285191447924e+01,0.000000000000000000e+00
7.143464992156633286e+01,0.000000000000000000e+00
7.444320658374782340e+01,0.000000000000000000e+00
7.195949653126301371e+01,0.000000000000000000e+00
7.082885008533942539e+01,0.000000000000000000e+00
7.267748272989307168e+01,0.000000000000000000e+00
7.350882862457285682e+01,0.000000000000000000e+00
7.270388570932020400e+01,0.000000000000000000e+00
7.472183041313418528e+01,0.000000000000000000e+00
7.056527972416489547e+01,0.000000000000000000e+00
7.196840972554167593e+01,0.000000000000000000e+00
7.056182658767529858e+01,0.000000000000000000e+00
7.234043729950002444e+01,0.000000000000000000e+00
7.284173503697580543e+01,0.000000000000000000e+00
7.449473264348526413e+01,0.000000000000000000e+00
7.192715960662329167e+01,0.000000000000000000e+00
7.441605874280818966e+01,0.000000000000000000e+00
7.228894241738291271e+01,0.000000000000000000e+00
7.359635679161269195e+01,0.000000000000000000e+00
7.301655079352187272e+01,0.000000000000000000e+00
7.312809566975388975e+01,0.000000000000000000e+00
6.914963469713228505e+01,0.000000000000000000e+00
7.536906192560454087e+01,0.000000000000000000e+00
7.006862727271672497e+01,0.000000000000000000e+00
6.962763476679640462e+01,0.000000000000000000e+00
7.319391702287512658e+01,0.000000000000000000e+00
7.190087085949136281e+01,0.000000000000000000e+00
7.311801816423556488e+01,0.000000000000000000e+00
7.613983571095302239e+01,0.000000000000000000e+00
7.362796797052385500e+01,0.000000000000000000e+00
7.296204147044217336e+01,0.000000000000000000e+00
6.984400104362111961e+01,0.000000000000000000e+00
7.366114431529796036e+01,0.000000000000000000e+00
7.351671349411779488e+01,0.000000000000000000e+00
7.076334298479088147e+01,0.000000000000000000e+00
7.742131205971044494e+01,0.000000000000000000e+00
7.384005233367152243e+01,0.000000000000000000e+00
7.456400676581131393e+01,0.000000000000000000e+00
7.107543461249585448e+01,0.000000000000000000e+00
7.302271120382143010e+01,0.000000000000000000e+00
7.180629635543260747e+01,0.000000000000000000e+00
7.282368702527637083e+01,0.000000000000000000e+00
6.998041960226234437e+01,0.000000000000000000e+00
6.886903105142364723e+01,0.000000000000000000e+00
7.274350772718807434e+01,0.000000000000000000e+00
7.206498927268839338e+01,0.000000000000000000e+00
7.393474082082734355e+01,0.000000000000000000e+00
7.567549319548460574e+01,0.000000000000000000e+00
7.655535913310522744e+01,0.000000000000000000e+00
7.525634329615218121e+01,0.000000000000000000e+00
7.523097889631908686e+01,0.000000000000000000e+00
7.603697758259332318e+01,0.000000000000000000e+00
7.629821355323090870e+01,0.000000000000000000e+00
7.723931491333949850e+01,0.000000000000000000e+00
6.937534956873832925e+01,0.000000000000000000e+00
7.408215727201434220e+01,0.000000000000000000e+00
7.592016716885433425e+01,0.000000000000000000e+00
7.689473363632578184e+01,0.000000000000000000e+00
7.113528162812585265e+01,0.000000000000000000e+00
7.609736127332892863e+01,0.000000000000000000e+00
7.059499388402957720e+01,0.000000000000000000e+00
7.075410362945171983e+01,0.000000000000000000e+00
7.690946060012937835e+01,0.000000000000000000e+00
7.010987793515927535e+01,0.000000000000000000e+00
7.665604799331754293e+01,0.000000000000000000e+00
7.328835014803892989e+01,0.000000000000000000e+00
7.254001221936731270e+01,0.000000000000000000e+00
7.369205967792615297e+01,0.000000000000000000e+00
7.531046336452250500e+01,0.000000000000000000e+00
7.222745147108268782e+01,0.000000000000000000e+00
7.671553462214218655e+01,0.000000000000000000e+00
7.706813509208308233e+01,0.000000000000000000e+00
7.595263217451359594e+01,0.000000000000000000e+00
7.902731262281506019e+01,0.000000000000000000e+00
7.094570144575102688e+01,0.000000000000000000e+00
7.297388800735446068e+01,0.000000000000000000e+00
7.903275141791549174e+01,0.000000000000000000e+00
7.952645797908941461e+01,0.000000000000000000e+00
7.715566083416842957e+01,0.000000000000000000e+00
7.917234486410818306e+01,0.000000000000000000e+00
7.262298023318150797e+01,0.000000000000000000e+00
7.429660453493036698e+01,0.000000000000000000e+00
7.432479322707510505e+01,0.000000000000000000e+00
7.674937452852071829e+01,0.000000000000000000e+00
7.385991347344148039e+01,0.000000000000000000e+00
7.474567000321196986e+01,0.000000000000000000e+00
7.584339701778294796e+01,0.000000000000000000e+00
7.421630736088563651e+01,0.000000000000000000e+00
7.203913834126547044e+01,0.000000000000000000e+00
7.610786418472699211e+01,0.000000000000000000e+00
7.363351399569680211e+01,0.000000000000000000e+00
7.299855840986815281e+01,0.000000000000000000e+00
7.537534978398582552e+01,0.000000000000000000e+00
7.516118897276642485e+01,0.000000000000000000e+00
7.795094946929690138e+01,0.000000000000000000e+00
7.723461464907030916e+01,0.000000000000000000e+00
7.846191137581858754e+01,0.000000000000000000e+00
7.359698526157188780e+01,0.000000000000000000e+00
7.332365700737032910e+01,0.000000000000000000e+00
7.491969948938859147e+01,0.000000000000000000e+00
7.650724002809545254e+01,0.000000000000000000e+00
7.127105803704176878e+01,0.000000000000000000e+00
7.551229097436697657e+01,0.000000000000000000e+00
7.309041590524097387e+01,0.000000000000000000e+00
7.593236292724665759e+01,0.000000000000000000e+00
7.367162023793027004e+01,0.000000000000000000e+00
7.635692505044613654e+01,0.000000000000000000e+00
7.971522900653833688e+01,0.000000000000000000e+00
7.401359252586749449e+01,0.000000000000000000e+00
7.604076345253677971e+01,0.000000000000000000e+00
7.868859847815048170e+01,0.000000000000000000e+00
7.574215869307590765e+01,0.000000000000000000e+00
7.848776119924707473e+01,0.000000000000000000e+00
7.604227962049597522e+01,0.000000000000000000e+00
7.709359697131181122e+01,0.000000000000000000e+00
7.463669675130523729e+01,0.000000000000000000e+00
7.688146202871838852e+01,0.000000000000000000e+00
7.760327488613975788e+01,0.000000000000000000e+00
7.861839966520339829e+01,0.000000000000000000e+00
7.535081843424386250e+01,0.000000000000000000e+00
7.957069798297096952e+01,0.000000000000000000e+00
7.568157394858276632e+01,0.000000000000000000e+00
7.907675680146307684e+01,0.000000000000000000e+00
7.834323394614946778e+01,0.000000000000000000e+00
7.470237317850924796e+01,0.000000000000000000e+00
7.493230511279095651e+01,0.000000000000000000e+00
7.972367651046428705e+01,0.000000000000000000e+00
7.565393931056773624e+01,0.000000000000000000e+00
7.416310549469213242e+01,0.000000000000000000e+00
7.765373323089332303e+01,0.000000000000000000e+00
7.912659886927289676e+01,0.000000000000000000e+00
7.763652821194826004e+01,0.000000000000000000e+00
7.922356314701994506e+01,0.000000000000000000e+00
8.017875357675498549e+01,0.000000000000000000e+00
7.489597166310171872e+01,0.000000000000000000e+00
7.311312662974043519e+01,0.000000000000000000e+00
7.748488168455403979e+01,0.000000000000000000e+00
7.585975249220491889e+01,0.000000000000000000e+00
7.578691719507183677e+01,0.000000000000000000e+00
7.604133988844505154e+01,0.000000000000000000e+00
7.706527070032909421e+01,0.000000000000000000e+00
7.403709339192850791e+01,0.000000000000000000e+00
7.487569675811971592e+01,0.000000000000000000e+00
7.805140623018726842e+01,0.000000000000000000e+00
7.823935807858683233e+01,0.000000000000000000e+00
7.820089144890380339e+01,0.000000000000000000e+00
7.308049627832926376e+01,0.000000000000000000e+00
8.004556089312804090e+01,0.000000000000000000e+00
7.757426360970325163e+01,0.000000000000000000e+00
7.662617965602730408e+01,0.000000000000000000e+00
7.927007710087963233e+01,0.000000000000000000e+00
7.840286351479512916e+01,0.000000000000000000e+00
7.739451028139512800e+01,0.000000000000000000e+00
7.588790903390872700e+01,0.000000000000000000e+00
7.981248252662366838e+01,0.000000000000000000e+00
7.994294983717438186e+01,0.000000000000000000e+00
7.862952478125814082e+01,0.000000000000000000e+00
8.050753491796665173e+01,0.000000000000000000e+00
7.929487532814054873e+01,0.000000000000000000e+00
7.969234623987017585e+01,0.000000000000000000e+00
7.986814056406296913e+01,0.000000000000000000e+00
7.608763419554868790e+01,0.000000000000000000e+00
7.520942686998111526e+01,0.000000000000000000e+00
7.730161267050544893e+01,0.000000000000000000e+00
7.546834425949768388e+01,0.000000000000000000e+00
7.723940144211053394e+01,0.000000000000000000e+00
7.914797284253933185e+01,0.000000000000000000e+00
7.596254332761101580e+01,0.000000000000000000e+00
8.017907040772250582e+01,0.000000000000000000e+00
8.109146150311885037e+01,0.000000000000000000e+00
8.016466306021285959e+01,0.000000000000000000e+00
7.575833641569222721e+01,0.000000000000000000e+00
8.087605524236835208e+01,0.000000000000000000e+00
8.024076622242502310e+01,0.000000000000000000e+00
8.109535266683253951e+01,0.000000000000000000e+00
7.656199841789761251e+01,0.000000000000000000e+00
8.020637526809534279e+01,0.000000000000000000e+00
7.573905281632420383e+01,0.000000000000000000e+00
8.143913275322854872e+01,0.000000000000000000e+00
7.741039904563301377e+01,0.000000000000000000e+00
8.119342756049741183e+01,0.000000000000000000e+00
8.000775804572262473e+01,0.000000000000000000e+00
7.765633350461416740e+01,0.000000000000000000e+00
8.221913301061056245e+01,0.000000000000000000e+00
8.040553898240673902e+01,0.000000000000000000e+00
8.230553483907112877e+01,0.000000000000000000e+00
8.082793515125145234e+01,0.000000000000000000e+00
7.842123435598813330e+01,0.000000000000000000e+00
7.778776529170784215e+01,0.000000000000000000e+00
7.578823653021747475e+01,0.000000000000000000e+00
8.030143098222505671e+01,0.000000000000000000e+00
7.646197898156590611e+01,0.000000000000000000e+00
7.841323325974681779e+01,0.000000000000000000e+00
8.157580137180919166e+01,0.000000000000000000e+00
7.845099451258744239e+01,0.000000000000000000e+00
7.784581906552766384e+01,0.000000000000000000e+00
8.056052942940243611e+01,0.000000000000000000e+00
7.783978258753489854e+01,0.000000000000000000e+00
7.814524027028562614e+01,0.000000000000000000e+00
8.064301469736805927e+01,0.000000000000000000e+00
7.442353401090116449e+01,0.000000000000000000e+00
7.953975255797955413e+01,0.000000000000000000e+00
7.888907141757404418e+01,0.000000000000000000e+00
8.132483956136148606e+01,0.000000000000000000e+00
7.848354414696990489e+01,0.000000000000000000e+00
7.719695214638699099e+01,0.000000000000000000e+00
7.992008987728554814e+01,0.000000000000000000e+00
7.931295618455284568e+01,0.000000000000000000e+00
7.716337229675326626e+01,0.000000000000000000e+00
7.676811625311371756e+01,0.000000000000000000e+00
8.178440923268917118e+01,0.000000000000000000e+00
7.768096530315465031e+01,0.000000000000000000e+00
7.897094809797597748e+01,0.000000000000000000e+00
7.833700886670060015e+01,0.000000000000000000e+00
8.192323436904482037e+01,0.000000000000000000e+00
7.849797911618620105e+01,0.000000000000000000e+00
7.964662763599463347e+01,0.000000000000000000e+00
7.957541054237337619e+01,0.000000000000000000e+00
7.907378421809983138e+01,0.000000000000000000e+00
7.918934384620737887e+01,0.000000000000000000e+00
8.206691814417018804e+01,0.000000000000000000e+00
8.283763335371743608e+01,0.000000000000000000e+00
8.065971681358776380e+01,0.000000000000000000e+00
8.064238766490261412e+01,0.000000000000000000e+00
8.144387361190507590e+01,0.000000000000000000e+00
7.667544635593087321e+01,0.000000000000000000e+00
8.009501892225115682e+01,0.000000000000000000e+00
7.764298919819212585e+01,0.000000000000000000e+00
7.922493999493144656e+01,0.000000000000000000e+00
7.934052918223461859e+01,0.000000000000000000e+00
8.127309402890912793e+01,0.000000000000000000e+00
7.862997284448097446e+01,0.000000000000000000e+00
7.966559746658093388e+01,0.000000000000000000e+00
8.166092589583688266e+01,0.000000000000000000e+00
7.645554077677712712e+01,0.000000000000000000e+00
7.920496254674056047e+01,0.000000000000000000e+00
8.107172530538794319e+01,0.000000000000000000e+00
7.942739057543877834e+01,0.000000000000000000e+00
7.731115447234698479e+01,0.000000000000000000e+00
8.158290514902827795e+01,0.000000000000000000e+00
8.235267604861022050e+01,0.000000000000000000e+00
7.888714772850573809e+01,0.000000000000000000e+00
7.750765635017187094e+01,0.000000000000000000e+00
8.050373272551138371e+01,0.000000000000000000e+00
7.967771589909028762e+01,0.000000000000000000e+00
7.919414080829542968e+01,0.000000000000000000e+00
7.387632808637668802e+01,0.000000000000000000e+00
8.003678549506933848e+01,0.000000000000000000e+00
8.134991514733606266e+01,0.000000000000000000e+00
8.116683400916460300e+01,0.000000000000000000e+00
8.020112010137006564e+01,0.000000000000000000e+00
7.656080371975161825e+01,0.000000000000000000e+00
7.998134338008340194e+01,0.000000000000000000e+00
8.148729189164642150e+01,0.000000000000000000e+00
8.134119539831992540e+01,0.000000000000000000e+00
8.326385108900974785e+01,0.000000000000000000e+00
7.980458472386006008e+01,0.000000000000000000e+00
8.173944183079785830e+01,0.000000000000000000e+00
7.817877595940107938e+01,0.000000000000000000e+00
7.979243653063393538e+01,0.000000000000000000e+00
8.245522216684939565e+01,0.000000000000000000e+00
7.987066861564142073e+01,0.000000000000000000e+00
7.854724328591233018e+01,0.000000000000000000e+00
7.873642048046519903e+01,0.000000000000000000e+00
8.446956225387478412e+01,0.000000000000000000e+00
7.981063517939247731e+01,0.000000000000000000e+00
8.007157656444670124e+01,0.000000000000000000e+00
8.094385365782549968e+01,0.000000000000000000e+00
7.740358152730276231e+01,0.000000000000000000e+00
8.056325105267373488e+01,0.000000000000000000e+00
7.771663070013656238e+01,0.000000000000000000e+00
7.909969277227627060e+01,0.000000000000000000e+00
7.649296036792253517e+01,0.000000000000000000e+00
7.939756457046790672e+01,0.000000000000000000e+00
8.421741628292711823e+01,0.000000000000000000e+00
8.017428962020831307e+01,0.000000000000000000e+00
7.894369512331449812e+01,0.000000000000000000e+00
7.989294528027384956e+01,0.000000000000000000e+00
8.073126784460130523e+01,0.000000000000000000e+00
8.010660849420970919e+01,0.000000000000000000e+00
8.081343538934426363e+01,0.000000000000000000e+00
8.184574481503079824e+01,0.000000000000000000e+00
7.514840479437550869e+01,0.000000000000000000e+00
8.077248455979619735e+01,0.000000000000000000e+00
8.026839371893105124e+01,0.000000000000000000e+00
7.959245186202920763e+01,0.000000000000000000e+00
7.905788808538407864e+01,0.000000000000000000e+00
8.203411721263574918e+01,0.000000000000000000e+00
7.774116279181860989e+01,0.000000000000000000e+00
8.017396993248038939e+01,0.000000000000000000e+00
7.923239664774617097e+01,0.000000000000000000e+00
8.050093786864076151e+01,0.000000000000000000e+00
8.265715480197219733e+01,0.000000000000000000e+00
7.912481591412014836e+01,0.000000000000000000e+00
8.300395597666118874e+01,0.000000000000000000e+00
8.101336168228570500e+01,0.000000000000000000e+00
7.744381966190161393e+01,0.000000000000000000e+00
7.946701427659911587e+01,0.000000000000000000e+00
8.031041297726733319e+01,0.000000000000000000e+00
8.023179324612551966e+01,0.000000000000000000e+00
7.531560433794200549e+01,0.000000000000000000e+00
7.934692257284616801e+01,0.000000000000000000e+00
8.052012259012698792e+01,0.000000000000000000e+00
8.207011007123244895e+01,0.000000000000000000e+00
7.966992155961396804e+01,0.000000000000000000e+00
7.581394223003454158e+01,0.000000000000000000e+00
7.844684834886109570e+01,0.000000000000000000e+00
8.038236492063495575e+01,0.000000000000000000e+00
8.309046711735811641e+01,0.000000000000000000e+00
7.894933035248715214e+01,0.000000000000000000e+00
7.654385503029398308e+01,0.000000000000000000e+00
7.979871855268413583e+01,0.000000000000000000e+00
8.444901029509705381e+01,0.000000000000000000e+00
7.833601669653516808e+01,0.000000000000000000e+00
7.949320119825898701e+01,0.000000000000000000e+00
7.778946893551923836e+01,0.000000000000000000e+00
7.988412333141174315e+01,0.000000000000000000e+00
7.779310111172537745e+01,0.000000000000000000e+00
7.471558090489523352e+01,0.000000000000000000e+00
8.300331149691513133e+01,0.000000000000000000e+00
7.689001082671890686e+01,0.000000000000000000e+00
8.104873527230334673e+01,0.000000000000000000e+00
7.684732026702765495e+01,0.000000000000000000e+00
7.965748420055967927e+01,0.000000000000000000e+00
7.940083675706696908e+01,0.000000000000000000e+00
8.038023035310553155e+01,0.000000000000000000e+00
7.668432420253715520e+01,0.000000000000000000e+00
8.007444737291542936e+01,0.000000000000000000e+00
7.825491449708242442e+01,0.000000000000000000e+00
8.030587758617240013e+01,0.000000000000000000e+00
8.207943445456750453e+01,0.000000000000000000e+00
8.044467911185081732e+01,0.000000000000000000e+00
7.931420189351428007e+01,0.000000000000000000e+00
7.887013184648148467e+01,0.000000000000000000e+00
7.654338401972712802e+01,0.000000000000000000e+00
7.996162532861976047e+01,0.000000000000000000e+00
8.039009672065633083e+01,0.000000000000000000e+00
7.975967016501380158e+01,0.000000000000000000e+00
8.108791936551371293e+01,0.000000000000000000e+00
7.951457673418707373e+01,0.000000000000000000e+00
8.073458501460308412e+01,0.000000000000000000e+00
8.168781740515501610e+01,0.000000000000000000e+00
7.780920817019890023e+01,0.000000000000000000e+00
7.662640407290621170e+01,0.000000000000000000e+00
8.042285141722214803e+01,0.000000000000000000e+00
8.407758256423055343e+01,0.000000000000000000e+00
7.896326485341593582e+01,0.000000000000000000e+00
7.966875606229758944e+01,0.000000000000000000e+00
7.647049221342848568e+01,0.000000000000000000e+00
7.647281980031890214e+01,0.000000000000000000e+00
8.075920744756540159e+01,0.000000000000000000e+00
8.049192154714482683e+01,0.000000000000000000e+00
7.686809784449343397e+01,0.000000000000000000e+00
8.002572526297491606e+01,0.000000000000000000e+00
8.074764265768186533e+01,0.000000000000000000e+00
8.052694351345004975e+01,0.000000000000000000e+00
7.974870242809264198e+01,0.000000000000000000e+00
8.124459412136434366e+01,0.000000000000000000e+00
8.382270363340632002e+01,0.000000000000000000e+00
7.914431332427948007e+01,0.000000000000000000e+00
7.649552509790702004e+01,0.000000000000000000e+00
7.872715807289358736e+01,0.000000000000000000e+00
7.786962900236154894e+01,0.000000000000000000e+00
7.673603611688508863e+01,0.000000000000000000e+00
7.609828137358886124e+01,0.000000000000000000e+00
7.818240219110283817e+01,0.000000000000000000e+00
7.544199721958038651e+01,0.000000000000000000e+00
8.122092915582162220e+01,0.000000000000000000e+00
7.948836459175639391e+01,0.000000000000000000e+00
8.037844084334302863e+01,0.000000000000000000e+00
7.886842500064838646e+01,0.000000000000000000e+00
8.073320534234520096e+01,0.000000000000000000e+00
7.939288988622246279e+01,0.000000000000000000e+00
7.797442589129038026e+01,0.000000000000000000e+00
7.696121207611614068e+01,0.000000000000000000e+00
7.965091448802952812e+01,0.000000000000000000e+00
8.251517421883566783e+01,0.000000000000000000e+00
8.106891135230362977e+01,0.000000000000000000e+00
8.014108447744935404e+01,0.000000000000000000e+00
7.818070122878530981e+01,0.000000000000000000e+00
8.227345014530231992e+01,0.000000000000000000e+00
7.958375959641436737e+01,0.000000000000000000e+00
7.858489435994056294e+01,0.000000000000000000e+00
7.935116103988471536e+01,0.000000000000000000e+00
7.726515623798572108e+01,0.000000000000000000e+00
8.002547486496273166e+01,0.000000000000000000e+00
8.013800589070328328e+01,0.000000000000000000e+00
7.753701841645637671e+01,0.000000000000000000e+00
7.562250719140654098e+01,0.000000000000000000e+00
7.992582254682270104e+01,0.000000000000000000e+00
7.399646752817199058e+01,0.000000000000000000e+00
7.786633558136071542e+01,0.000000000000000000e+00
7.553794578741924681e+01,0.000000000000000000e+00
7.852337297578107211e+01,0.000000000000000000e+00
7.439588189814752184e+01,0.000000000000000000e+00
7.817472891376442590e+01,0.000000000000000000e+00
7.913327322445651646e+01,0.000000000000000000e+00
7.707654637031649258e+01,0.000000000000000000e+00
7.716516613822010129e+01,0.000000000000000000e+00
7.782732171091626583e+01,0.000000000000000000e+00
7.745123886537170677e+01,0.000000000000000000e+00
7.750581461610435952e+01,0.000000000000000000e+00
7.663020113836353175e+01,0.000000000000000000e+00
7.361043070568038615e+01,0.000000000000000000e+00
7.708065453510080545e+01,0.000000000000000000e+00
7.792779748356930725e+01,0.000000000000000000e+00
7.835044289500723380e+01,0.000000000000000000e+00
7.636870412777224715e+01,0.000000000000000000e+00
7.435024030460650124e+01,0.000000000000000000e+00
8.040678592389818391e+01,0.000000000000000000e+00
7.633570577550175074e+01,0.000000000000000000e+00
7.671198348930028033e+01,0.000000000000000000e+00
8.102991781190152665e+01,0.000000000000000000e+00
7.760575783522261872e+01,0.000000000000000000e+00
8.095265822776994469e+01,0.000000000000000000e+00
7.600475336705541451e+01,0.000000000000000000e+00
7.945538528026048652e+01,0.000000000000000000e+00
8.000834604088504420e+01,0.000000000000000000e+00
7.839132296297492530e+01,0.000000000000000000e+00
7.616911149921902791e+01,0.000000000000000000e+00
7.805365558513150859e+01,0.000000000000000000e+00
7.468384183053947822e+01,0.000000000000000000e+00
7.631750777091242810e+01,0.000000000000000000e+00
7.913321959608269651e+01,0.000000000000000000e+00
7.823023448054873086e+01,0.000000000000000000e+00
7.766566851127794280e+01,0.000000000000000000e+00
7.855907159044913612e+01,0.000000000000000000e+00
7.804254126988467988e+01,0.000000000000000000e+00
7.747458651575897193e+01,0.000000000000000000e+00
7.916828850700244402e+01,0.000000000000000000e+00
7.683737249570187089e+01,0.000000000000000000e+00
7.747022844364930450e+01,0.000000000000000000e+00
7.837574229057010200e+01,0.000000000000000000e+00
7.700231102924639970e+01,0.000000000000000000e+00
7.310821324231756080e+01,0.000000000000000000e+00
7.642822355812846524e+01,0.000000000000000000e+00
7.787764236998577871e+01,0.000000000000000000e+00
7.800151770442887766e+01,0.000000000000000000e+00
7.668334524696894050e+01,0.000000000000000000e+00
7.612248633781175045e+01,0.000000000000000000e+00
8.324840385538590226e+01,0.000000000000000000e+00
7.754023101101878979e+01,0.000000000000000000e+00
7.826855507119488209e+01,0.000000000000000000e+00
7.689878876724532120e+01,0.000000000000000000e+00
7.608262201627789523e+01,0.000000000000000000e+00
7.668439305482185375e+01,0.000000000000000000e+00
7.827530188698929692e+01,0.000000000000000000e+00
7.436221682561955504e+01,0.000000000000000000e+00
7.708734447773760223e+01,0.000000000000000000e+00
7.960221422336900332e+01,0.000000000000000000e+00
7.563530023692425175e+01,0.000000000000000000e+00
7.263594416278533572e+01,0.000000000000000000e+00
7.390974373753276438e+01,0.000000000000000000e+00
7.692204320791466898e+01,0.000000000000000000e+00
7.809515833342703672e+01,0.000000000000000000e+00
7.675755299229381023e+01,0.000000000000000000e+00
7.843280642770791644e+01,0.000000000000000000e+00
7.210792322732309856e+01,0.000000000000000000e+00
8.165831399686118175e+01,0.000000000000000000e+00
7.738908829096003217e+01,0.000000000000000000e+00
7.988734578426935684e+01,0.000000000000000000e+00
7.469110732660377039e+01,0.000000000000000000e+00
7.760662648291629750e+01,0.000000000000000000e+00
7.459809291320611635e+01,0.000000000000000000e+00
7.662573050345231707e+01,0.000000000000000000e+00
7.657787728704887797e+01,0.000000000000000000e+00
7.784528514155735479e+01,0.000000000000000000e+00
7.781739566221666848e+01,0.000000000000000000e+00
7.455206503013745589e+01,0.000000000000000000e+00
7.948374557889954417e+01,0.000000000000000000e+00
7.678126797795398772e+01,0.000000000000000000e+00
7.119976639315193268e+01,0.000000000000000000e+00
7.905626038697168667e+01,0.000000000000000000e+00
7.445262296479393171e+01,0.000000000000000000e+00
7.478843369704560473e+01,0.000000000000000000e+00
7.162451288650605363e+01,0.000000000000000000e+00
7.561020682965120443e+01,0.000000000000000000e+00
7.444270133466874029e+01,0.000000000000000000e+00
7.372730574983904717e+01,0.000000000000000000e+00
8.107454800972917042e+01,0.000000000000000000e+00
7.458466626792512955e+01,0.000000000000000000e+00
7.808313017466672079e+01,0.000000000000000000e+00
7.633566178800572288e+01,0.000000000000000000e+00
7.615225649756779092e+01,0.000000000000000000e+00
7.423812703314203532e+01,0.000000000000000000e+00
7.503327508265162749e+01,0.000000000000000000e+00
7.470658745008900326e+01,0.000000000000000000e+00
7.695730236653763257e+01,0.000000000000000000e+00
7.442951863969493331e+01,0.000000000000000000e+00
7.568372954113779372e+01,0.000000000000000000e+00
7.589735164719677130e+01,0.000000000000000000e+00
7.399023999557176978e+01,0.000000000000000000e+00
7.582508998646049747e+01,0.000000000000000000e+00
7.411685151909803437e+01,0.000000000000000000e+00
7.486088214001600250e+01,0.000000000000000000e+00
7.525119531359447933e+01,0.000000000000000000e+00
7.297316648751962020e+01,0.000000000000000000e+00
7.270045244802744833e+01,0.000000000000000000e+00
7.234243425414432238e+01,0.000000000000000000e+00
7.565810466138547952e+01,0.000000000000000000e+00
7.726128970809250518e+01,0.000000000000000000e+00
7.967640919584654569e+01,0.000000000000000000e+00
7.535114870136003162e+01,0.000000000000000000e+00
7.477635378627380192e+01,0.000000000000000000e+00
7.370855247629783946e+01,0.000000000000000000e+00
7.332190458677223432e+01,0.000000000000000000e+00
7.098965775398568212e+01,0.000000000000000000e+00
7.424316644142859900e+01,0.000000000000000000e+00
7.423143434884443082e+01,0.000000000000000000e+00
7.572480908225104201e+01,0.000000000000000000e+00
7.473195241304038916e+01,0.000000000000000000e+00
6.942030714671155067e+01,0.000000000000000000e+00
7.326245891145016742e+01,0.000000000000000000e+00
7.470475560263682269e+01,0.000000000000000000e+00
7.376992415701367634e+01,0.000000000000000000e+00
7.271856378032526891e+01,0.000000000000000000e+00
7.218753218696134866e+01,0.000000000000000000e+00
7.579257710461078545e+01,0.000000000000000000e+00
7.513226225077946197e+01,0.000000000000000000e+00
7.361038728037721057e+01,0.000000000000000000e+00
7.526827452894707449e+01,0.000000000000000000e+00
7.522043192986490112e+01,0.000000000000000000e+00
7.698674386431324024e+01,0.000000000000000000e+00
7.060978180199960264e+01,0.000000000000000000e+00
7.458695875284232102e+01,0.000000000000000000e+00
7.448276311756646351e+01,0.000000000000000000e+00
7.354858021001859925e+01,0.000000000000000000e+00
7.185280676379689169e+01,0.000000000000000000e+00
7.248466614044910727e+01,0.000000000000000000e+00
7.886018479517770174e+01,0.000000000000000000e+00
7.279330820830068660e+01,0.000000000000000000e+00
7.220499330731890097e+01,0.000000000000000000e+00
7.338794612372701920e+01,0.000000000000000000e+00
7.366319410900354114e+01,0.000000000000000000e+00
7.042227424787712664e+01,0.000000000000000000e+00
7.534547904504798055e+01,0.000000000000000000e+00
7.341867208569186687e+01,0.000000000000000000e+00
7.513925789744411077e+01,0.000000000000000000e+00
7.087280595582471676e+01,0.000000000000000000e+00
7.297708528777178572e+01,0.000000000000000000e+00
7.458874357283467305e+01,0.000000000000000000e+00
7.263772705904565896e+01,0.000000000000000000e+00
6.950687990236681912e+01,0.000000000000000000e+00
7.466390684284890256e+01,0.000000000000000000e+00
7.250960441136190582e+01,0.000000000000000000e+00
7.250358516957784616e+01,0.000000000000000000e+00
7.559430680289577253e+01,0.000000000000000000e+00
6.977581016293432015e+01,0.000000000000000000e+00
7.168370608823417456e+01,0.000000000000000000e+00
7.385546696100718123e+01,0.000000000000000000e+00
7.099633561609473986e+01,0.000000000000000000e+00
7.329070790019417814e+01,0.000000000000000000e+00
7.159327245360184122e+01,0.000000000000000000e+00
7.266341469990759094e+01,0.000000000000000000e+00
7.063468865868851765e+01,0.000000000000000000e+00
7.141337935899341005e+01,0.000000000000000000e+00
7.138656458825589368e+01,0.000000000000000000e+00
7.059807919727468573e+01,0.000000000000000000e+00
7.435117714524479027e+01,0.000000000000000000e+00
7.270728307251970080e+01,0.000000000000000000e+00
7.219892986100083476e+01,0.000000000000000000e+00
7.475499435780655233e+01,0.000000000000000000e+00
7.056735187087332406e+01,0.000000000000000000e+00
7.184141325886369600e+01,0.000000000000000000e+00
7.201266058856448637e+01,0.000000000000000000e+00
7.092255576409111484e+01,0.000000000000000000e+00
7.030617652359850922e+01,0.000000000000000000e+00
7.249220430729737075e+01,0.000000000000000000e+00
7.186851062429956016e+01,0.000000000000000000e+00
7.170358509535998337e+01,0.000000000000000000e+00
7.076392326112566877e+01,0.000000000000000000e+00
6.806579146785948353e+01,0.000000000000000000e+00
7.188628151080565942e+01,0.000000000000000000e+00
7.035793375095219915e+01,0.000000000000000000e+00
6.978623910850046741e+01,0.000000000000000000e+00
7.117987998567430452e+01,0.000000000000000000e+00
7.158981664744305817e+01,0.000000000000000000e+00
7.323107738782348974e+01,0.000000000000000000e+00
6.505221260863496013e+01,0.000000000000000000e+00
7.134480671446316080e+01,0.000000000000000000e+00
7.055891931605947320e+01,0.000000000000000000e+00
7.160516756417864315e+01,0.000000000000000000e+00
7.123511988512871085e+01,0.000000000000000000e+00
7.370377910403209398e+01,0.000000000000000000e+00
7.441545516149234629e+01,0.000000000000000000e+00
7.435997202527363470e+01,0.000000000000000000e+00
6.919390464871388247e+01,0.000000000000000000e+00
6.991124660071982078e+01,0.000000000000000000e+00
7.030194597919010846e+01,0.000000000000000000e+00
7.166597275501085562e+01,0.000000000000000000e+00
7.113130807223913621e+01,0.000000000000000000e+00
7.007119211692369731e+01,0.000000000000000000e+00
6.879393542414980800e+01,0.000000000000000000e+00
7.139195361755979263e+01,0.000000000000000000e+00
6.793140958893000914e+01,0.000000000000000000e+00
6.718411146912686149e+01,0.000000000000000000e+00
6.850515653656889015e+01,0.000000000000000000e+00
6.967652252523369327e+01,0.000000000000000000e+00
7.377370817088005595e+01,0.000000000000000000e+00
6.734607426879829006e+01,0.000000000000000000e+00
6.832040036966843388e+01,0.000000000000000000e+00
7.217479205882146687e+01,0.000000000000000000e+00
7.051646182642222982e+01,0.000000000000000000e+00
6.776068485620739068e+01,0.000000000000000000e+00
6.779492408781148072e+01,0.000000000000000000e+00
6.868980810196289610e+01,0.000000000000000000e+00
7.028576245008601120e+01,0.000000000000000000e+00
6.721300750303326765e+01,0.000000000000000000e+00
7.457320238305429427e+01,0.000000000000000000e+00
6.969149951813322730e+01,0.000000000000000000e+00
7.013842610056683213e+01,0.000000000000000000e+00
6.957926560846743769e+01,0.000000000000000000e+00
6.844388138656559306e+01,0.000000000000000000e+00
6.870475638814932040e+01,0.000000000000000000e+00
7.060639886825951805e+01,0.000000000000000000e+00
6.642841424769989089e+01,0.000000000000000000e+00
6.954943757744796073e+01,0.000000000000000000e+00
6.701063769153324756e+01,0.000000000000000000e+00
7.027682979561009802e+01,0.000000000000000000e+00
7.149481549974734662e+01,0.000000000000000000e+00
6.682283919605779943e+01,0.000000000000000000e+00
7.037943260450056471e+01,0.000000000000000000e+00
7.212191264866309837e+01,0.000000000000000000e+00
7.217284892450712164e+01,0.000000000000000000e+00
6.932716109284986317e+01,0.000000000000000000e+00
6.928513445123915915e+01,0.000000000000000000e+00
7.375523957647615703e+01,0.000000000000000000e+00
6.652303409311910798e+01,0.000000000000000000e+00
6.953918404673108000e+01,0.000000000000000000e+00
7.096363028966793252e+01,0.000000000000000000e+00
7.007881818623907577e+01,0.000000000000000000e+00
7.004588673662267695e+01,0.000000000000000000e+00
6.920641653445859731e+01,0.000000000000000000e+00
6.742849779645857211e+01,0.000000000000000000e+00
7.040748537394415507e+01,0.000000000000000000e+00
6.836740444251559268e+01,0.000000000000000000e+00
6.973133770552148292e+01,0.000000000000000000e+00
6.913948667666865333e+01,0.000000000000000000e+00
6.707093703260063933e+01,0.000000000000000000e+00
6.520607363956520430e+01,0.000000000000000000e+00
7.116254142827158091e+01,0.000000000000000000e+00
6.888312337101230298e+01,0.000000000000000000e+00
6.959880524696600901e+01,0.000000000000000000e+00
7.104632946300314700e+01,0.000000000000000000e+00
6.842017807596670309e+01,0.000000000000000000e+00
6.516401900476061826e+01,0.000000000000000000e+00
6.617568504297121024e+01,0.000000000000000000e+00
6.656864365443897213e+01,0.000000000000000000e+00
6.981332870002599122e+01,0.000000000000000000e+00
6.351364427297306037e+01,0.000000000000000000e+00
6.399860015597767671e+01,0.000000000000000000e+00
6.718334663324338862e+01,0.000000000000000000e+00
6.844255921569532575e+01,0.000000000000000000e+00
6.746987162013417105e+01,0.000000000000000000e+00
6.135350956516680299e+01,0.000000000000000000e+00
6.371178603449365596e+01,0.000000000000000000e+00
6.642446615221189177e+01,0.000000000000000000e+00
6.727191927590739340e+01,0.000000000000000000e+00
6.526274820927781661e+01,0.000000000000000000e+00
6.568139621897101676e+01,0.000000000000000000e+00
6.468896365885467503e+01,0.000000000000000000e+00
6.149155979113072590e+01,0.000000000000000000e+00
6.248633879839969296e+01,0.000000000000000000e+00
6.327177228928920982e+01,0.000000000000000000e+00
6.658820110670752968e+01,0.000000000000000000e+00
6.491537056467132061e+01,0.000000000000000000e+00
6.689244395918666442e+01,0.000000000000000000e+00
6.563998808535957608e+01,0.000000000000000000e+00
6.168295662393384760e+01,0.000000000000000000e+00
6.364046829592758314e+01,0.000000000000000000e+00
6.476387114329277495e+01,0.000000000000000000e+00
6.300051746948928155e+01,0.000000000000000000e+00
6.518956883021832027e+01,0.000000000000000000e+00
6.716930355139619735e+01,0.000000000000000000e+00
6.878096543368290838e+01,0.000000000000000000e+00
6.492440982520723480e+01,0.000000000000000000e+00
6.573276246895076724e+01,0.000000000000000000e+00
6.624065861131107624e+01,0.000000000000000000e+00
6.493673193343377648e+01,0.000000000000000000e+00
6.589367802458583867e+01,0.000000000000000000e+00
6.182954902149208465e+01,0.000000000000000000e+00
6.539157535633177076e+01,0.000000000000000000e+00
6.198205821848719665e+01,0.000000000000000000e+00
6.055546855678986162e+01,0.000000000000000000e+00
6.419466955237339789e+01,0.000000000000000000e+00
6.377598455223340324e+01,0.000000000000000000e+00
6.507954561953104644e+01,0.000000000000000000e+00
6.410082417507292973e+01,0.000000000000000000e+00
6.607759732703706845e+01,0.000000000000000000e+00
6.708999558842960198e+01,0.000000000000000000e+00
6.251811532220813206e+01,0.000000000000000000e+00
6.172401016057496292e+01,0.000000000000000000e+00
6.345131876821280059e+01,0.000000000000000000e+00
6.557000381880914119e+01,0.000000000000000000e+00
6.093936492772643732e+01,0.000000000000000000e+00
6.344241969495239886e+01,0.000000000000000000e+00
6.287171369548873656e+01,0.000000000000000000e+00
6.366901857532418063e+01,0.000000000000000000e+00
6.182706675089661275e+01,0.000000000000000000e+00
6.118485949798311907e+01,0.000000000000000000e+00
6.351749367361385623e+01,0.000000000000000000e+00
6.574911009652541338e+01,0.000000000000000000e+00
6.332760721905869161e+01,0.000000000000000000e+00
5.691485682765755882e+01,0.000000000000000000e+00
6.298475880015838158e+01,0.000000000000000000e+00
6.358604014374009950e+01,0.000000000000000000e+00
6.719005681541717934e+01,0.000000000000000000e+00
5.920592695657497728e+01,0.000000000000000000e+00
6.325862676418702080e+01,0.000000000000000000e+00
6.105309209820387650e+01,0.000000000000000000e+00
6.441584694928042154e+01,0.000000000000000000e+00
6.225453554538596279e+01,0.000000000000000000e+00
6.040221373970133101e+01,0.000000000000000000e+00
6.031356504776587713e+01,0.000000000000000000e+00
6.030101785951627846e+01,0.000000000000000000e+00
6.023556798064305440e+01,0.000000000000000000e+00
6.018162931386186898e+01,0.000000000000000000e+00
6.203963487138374688e+01,0.000000000000000000e+00
6.136598208762896434e+01,0.000000000000000000e+00
6.328296532615669179e+01,0.000000000000000000e+00
5.612744263294554514e+01,0.000000000000000000e+00
5.762052945725378805e+01,0.000000000000000000e+00
6.233025954145689695e+01,0.000000000000000000e+00
6.105755619793966105e+01,0.000000000000000000e+00
5.875016891850590639e+01,0.000000000000000000e+00
6.281500088894629386e+01,0.000000000000000000e+00
6.210131886567135240e+01,0.000000000000000000e+00
6.203044658198007255e+01,0.000000000000000000e+00
5.779669068763217865e+01,0.000000000000000000e+00
6.193505377211528184e+01,0.000000000000000000e+00
5.926645856476138619e+01,0.000000000000000000e+00
5.796546896568657559e+01,0.000000000000000000e+00
6.303520511744625310e+01,0.000000000000000000e+00
5.871225497940329774e+01,0.000000000000000000e+00
6.167275978850977225e+01,0.000000000000000000e+00
6.202913671978639343e+01,0.000000000000000000e+00
6.177509696099761527e+01,0.000000000000000000e+00
5.846834389051885950e+01,0.000000000000000000e+00
6.346386742714415163e+01,0.000000000000000000e+00
5.850490143750570837e+01,0.000000000000000000e+00
5.841470425963324686e+01,0.000000000000000000e+00
6.213031132309627225e+01,0.000000000000000000e+00
5.929544685228946577e+01,0.000000000000000000e+00
6.108193430598964113e+01,0.000000000000000000e+00
6.003846431690716656e+01,0.000000000000000000e+00
5.697109848057964854e+01,0.000000000000000000e+00
6.127247575031414328e+01,0.000000000000000000e+00
6.057380529911462475e+01,0.000000000000000000e+00
5.654745839682873765e+01,0.000000000000000000e+00
5.920688561700385577e+01,0.000000000000000000e+00
5.637642974334552548e+01,0.000000000000000000e+00
5.869074260117184849e+01,0.000000000000000000e+00
6.132780180416611415e+01,0.000000000000000000e+00
5.659176356149539799e+01,0.000000000000000000e+00
5.966241934041414652e+01,0.000000000000000000e+00
5.850499306209209038e+01,0.000000000000000000e+00
5.875900437106270147e+01,0.000000000000000000e+00
5.716640786930518203e+01,0.000000000000000000e+00
6.079043773797832273e+01,0.000000000000000000e+00
5.998574995266530152e+01,0.000000000000000000e+00
5.934449314205263448e+01,0.000000000000000000e+00
5.829325168456732342e+01,0.000000000000000000e+00
5.735473823345626698e+01,0.000000000000000000e+00
5.978367880831524417e+01,0.000000000000000000e+00
5.671232822040787624e+01,0.000000000000000000e+00
5.898972154168593818e+01,0.000000000000000000e+00
6.295447686335310067e+01,0.000000000000000000e+00
5.906975870638103032e+01,0.000000000000000000e+00
5.955498753704109305e+01,0.000000000000000000e+00
5.773881997070392202e+01,0.000000000000000000e+00
5.810664836621795359e+01,0.000000000000000000e+00
5.821033454483183789e+01,0.000000000000000000e+00
5.865594212892396797e+01,0.000000000000000000e+00
5.905514518884925224e+01,0.000000000000000000e+00
5.479554747029045103e+01,0.000000000000000000e+00
5.721395054770360389e+01,0.000000000000000000e+00
6.071328912592816351e+01,0.000000000000000000e+00
5.666850943739422775e+01,0.000000000000000000e+00
5.829541623286927177e+01,0.000000000000000000e+00
5.673122919736534442e+01,0.000000000000000000e+00
5.946544626946755585e+01,0.000000000000000000e+00
5.789838315855270423e+01,0.000000000000000000e+00
5.752810419246298324e+01,0.000000000000000000e+00
5.298219643649811417e+01,0.000000000000000000e+00
5.642180558137310697e+01,0.000000000000000000e+00
5.598320420160278843e+01,0.000000000000000000e+00
5.609335204214246318e+01,0.000000000000000000e+00
5.504135149857835074e+01,0.000000000000000000e+00
5.804231894777916523e+01,0.000000000000000000e+00
5.412443843528102860e+01,0.000000000000000000e+00
5.937167827274288356e+01,0.000000000000000000e+00
5.815480267524660718e+01,0.000000000000000000e+00
6.020663765650943589e+01,0.000000000000000000e+00
5.659708656798516557e+01,0.000000000000000000e+00
5.536031966883721367e+01,0.000000000000000000e+00
5.600976326692178731e+01,0.000000000000000000e+00
5.458243799108784344e+01,0.000000000000000000e+00
5.636400951439554774e+01,0.000000000000000000e+00
5.590518198125373317e+01,0.000000000000000000e+00
5.562938625654142299e+01,0.000000000000000000e+00
5.701738754646928697e+01,0.000000000000000000e+00
5.819821301001492486e+01,0.000000000000000000e+00
5.263377401256358468e+01,0.000000000000000000e+00
5.861849886967647194e+01,0.000000000000000000e+00
5.705260863363072588e+01,0.000000000000000000e+00
5.502380200892424966e+01,0.000000000000000000e+00
5.786347518664408085e+01,0.000000000000000000e+00
5.193203971181395673e+01,0.000000000000000000e+00
5.549674659651472552e+01,0.000000000000000000e+00
5.721976956196071029e+01,0.000000000000000000e+00
5.670930399236679875e+01,0.000000000000000000e+00
5.440266673852601542e+01,0.000000000000000000e+00
4.895485624086073528e+01,0.000000000000000000e+00
5.901565849912839212e+01,0.000000000000000000e+00
5.241244758607075482e+01,0.000000000000000000e+00
5.293347896943329545e+01,0.000000000000000000e+00
5.264152289028444187e+01,0.000000000000000000e+00
5.258723240244704300e+01,0.000000000000000000e+00
5.403950683228174512e+01,0.000000000000000000e+00
5.212842126067231874e+01,0.000000000000000000e+00
5.443521849250578271e+01,0.000000000000000000e+00
5.074633085249620734e+01,0.000000000000000000e+00
5.219696537427216754e+01,0.000000000000000000e+00
5.420921599246806011e+01,0.000000000000000000e+00
5.410826595855043308e+01,0.000000000000000000e+00
5.294627649218795540e+01,0.000000000000000000e+00
5.407363717838422446e+01,0.000000000000000000e+00
5.133903873041117549e+01,0.000000000000000000e+00
5.341277821935681658e+01,0.000000000000000000e+00
4.936441221313346972e+01,0.000000000000000000e+00
5.452695254764389432e+01,0.000000000000000000e+00
5.221530070205487561e+01,0.000000000000000000e+00
5.390511306181559803e+01,0.000000000000000000e+00
5.480015622817627019e+01,0.000000000000000000e+00
5.232355902306350970e+01,0.000000000000000000e+00
5.274617838615122167e+01,0.000000000000000000e+00
4.863517626671990968e+01,0.000000000000000000e+00
5.232517802454032818e+01,0.000000000000000000e+00
5.299097483583196322e+01,0.000000000000000000e+00
5.372669284617236940e+01,0.000000000000000000e+00
5.156760046534348163e+01,0.000000000000000000e+00
5.122171128690285258e+01,0.000000000000000000e+00
4.907365052229351932e+01,0.000000000000000000e+00
5.033233676509515675e+01,0.000000000000000000e+00
5.043351764425040074e+01,0.000000000000000000e+00
4.926904913392458951e+01,0.000000000000000000e+00
5.307681000652524972e+01,0.000000000000000000e+00
5.056370398279957357e+01,0.000000000000000000e+00
5.361720876187395390e+01,0.000000000000000000e+00
4.974072079805193169e+01,0.000000000000000000e+00
5.239436606920779838e+01,0.000000000000000000e+00
5.118472645547461752e+01,0.000000000000000000e+00
4.988788796523279245e+01,0.000000000000000000e+00
5.569557906268238412e+01,0.000000000000000000e+00
5.313448278604983699e+01,0.000000000000000000e+00
4.919644262490896125e+01,0.000000000000000000e+00
4.898490154598894009e+01,0.000000000000000000e+00
4.743131404275853669e+01,0.000000000000000000e+00
4.810079468729968966e+01,0.000000000000000000e+00
4.775637023324674146e+01,0.000000000000000000e+00
5.262515202465847608e+01,0.000000000000000000e+00
5.102073440450417507e+01,0.000000000000000000e+00
5.196256640213423594e+01,0.000000000000000000e+00
5.031740806361055718e+01,0.000000000000000000e+00
5.030100508230671608e+01,0.000000000000000000e+00
5.256443875913609531e+01,0.000000000000000000e+00
4.979940906613117590e+01,0.000000000000000000e+00
5.383376540396508858e+01,0.000000000000000000e+00
4.984693654761191084e+01,0.000000000000000000e+00
4.789413833904309570e+01,0.000000000000000000e+00
4.907378012492176111e+01,0.000000000000000000e+00
4.800548398668744454e+01,0.000000000000000000e+00
5.051685678546168390e+01,0.000000000000000000e+00
4.831183099157516381e+01,0.000000000000000000e+00
4.873471734169772418e+01,0.000000000000000000e+00
4.784265958055154755e+01,0.000000000000000000e+00
5.088486155390680210e+01,0.000000000000000000e+00
4.936110358515014696e+01,0.000000000000000000e+00
4.904078379983160119e+01,0.000000000000000000e+00
4.953069210957648494e+01,0.000000000000000000e+00
5.198846302502369809e+01,0.000000000000000000e+00
4.605015898135702912e+01,0.000000000000000000e+00
4.896423114240619157e+01,0.000000000000000000e+00
4.640674985732164970e+01,0.000000000000000000e+00
4.846450968759831568e+01,0.000000000000000000e+00
4.888462516475519237e+01,0.000000000000000000e+00
4.643436690657446775e+01,0.000000000000000000e+00
4.597815823752814879e+01,0.000000000000000000e+00
4.696247011356837220e+01,0.000000000000000000e+00
4.931135766093154160e+01,0.000000000000000000e+00
4.557976824684212858e+01,0.000000000000000000e+00
4.597561533735862582e+01,0.000000000000000000e+00
4.863566859551664834e+01,0.000000000000000000e+00
5.116141267478293742e+01,0.000000000000000000e+00
4.751683485316397082e+01,0.000000000000000000e+00
4.515776346034801492e+01,0.000000000000000000e+00
4.932809586390055756e+01,0.000000000000000000e+00
4.908570083559818897e+01,0.000000000000000000e+00
4.837213462498790761e+01,0.000000000000000000e+00
4.351966773385196774e+01,0.000000000000000000e+00
4.735019300735575598e+01,0.000000000000000000e+00
4.630608007648540791e+01,0.000000000000000000e+00
4.865359689250413311e+01,0.000000000000000000e+00
4.872237673358041832e+01,0.000000000000000000e+00
4.679441961726174526e+01,0.000000000000000000e+00
4.605057987251794316e+01,0.000000000000000000e+00
5.118007239246090734e+01,0.000000000000000000e+00
4.685778380439822399e+01,0.000000000000000000e+00
4.478980740242315051e+01,0.000000000000000000e+00
4.607364586129270378e+01,0.000000000000000000e+00
4.579242405561983986e+01,0.000000000000000000e+00
4.707643002114848940e+01,0.000000000000000000e+00
4.916531273751535025e+01,0.000000000000000000e+00
4.497097619262604695e+01,0.000000000000000000e+00
4.332994191795193473e+01,0.000000000000000000e+00
4.406445028587936008e+01,0.000000000000000000e+00
4.706218735777714812e+01,0.000000000000000000e+00
4.641081868968230850e+01,0.000000000000000000e+00
4.558222691858907183e+01,0.000000000000000000e+00
4.770046033699219379e+01,0.000000000000000000e+00
4.760597534958373700e+01,0.000000000000000000e+00
4.313053296634543443e+01,0.000000000000000000e+00
4.539128225777336212e+01,0.000000000000000000e+00
4.483010939088917723e+01,0.000000000000000000e+00
4.736956506015665269e+01,0.000000000000000000e+00
4.347404024437833669e+01,0.000000000000000000e+00
4.521387958828138665e+01,0.000000000000000000e+00
4.215631123869042796e+01,0.000000000000000000e+00
4.545672277437001441e+01,0.000000000000000000e+00
4.339657867947539671e+01,0.000000000000000000e+00
4.452424834404912701e+01,0.000000000000000000e+00
4.468357949436264676e+01,0.000000000000000000e+00
4.326797132207818919e+01,0.000000000000000000e+00
4.623479066736434362e+01,0.000000000000000000e+00
4.175476141106702244e+01,0.000000000000000000e+00
4.530813374534766069e+01,0.000000000000000000e+00
4.320233961903618791e+01,0.000000000000000000e+00
4.598584337533560529e+01,0.000000000000000000e+00
4.416798432466739399e+01,0.000000000000000000e+00
4.221435847730029423e+01,0.000000000000000000e+00
4.181861199536587037e+01,0.000000000000000000e+00
4.133956659529714273e+01,0.000000000000000000e+00
4.381248130146309450e+01,0.000000000000000000e+00
4.491105206736453681e+01,0.000000000000000000e+00
4.292785738294158904e+01,0.000000000000000000e+00
4.291005765430806207e+01,0.000000000000000000e+00
4.319063258748984424e+01,0.000000000000000000e+00
4.685527518094584565e+01,0.000000000000000000e+00
4.292095657257836905e+01,0.000000000000000000e+00
4.346021970740197560e+01,0.000000000000000000e+00
4.451598134839422727e+01,0.000000000000000000e+00
4.211811746051863281e+01,0.000000000000000000e+00
4.106685716506701311e+01,0.000000000000000000e+00
4.401684332193489269e+01,0.000000000000000000e+00
4.290058505660183386e+01,0.000000000000000000e+00
4.319605218022186932e+01,0.000000000000000000e+00
4.597022329246277650e+01,0.000000000000000000e+00
4.258054760033407860e+01,0.000000000000000000e+00
3.948487032106681482e+01,0.000000000000000000e+00
4.350549495382247756e+01,0.000000000000000000e+00
4.142032410369251494e+01,0.000000000000000000e+00
4.574845712713165824e+01,0.000000000000000000e+00
3.901279599727725866e+01,0.000000000000000000e+00
4.044358728716655094e+01,0.000000000000000000e+00
3.972754328728385786e+01,0.000000000000000000e+00
4.271677067483543055e+01,0.000000000000000000e+00
4.066398573326821975e+01,0.000000000000000000e+00
4.617081732690422768e+01,0.000000000000000000e+00
4.011483396194915230e+01,0.000000000000000000e+00
4.312155352656773744e+01,0.000000000000000000e+00
4.025774813783842632e+01,0.000000000000000000e+00
4.273370365276584693e+01,0.000000000000000000e+00
4.155897905034645134e+01,0.000000000000000000e+00
4.024060569538065124e+01,0.000000000000000000e+00
3.995793926356076753e+01,0.000000000000000000e+00
4.236714397765774009e+01,0.000000000000000000e+00
4.320943722785489882e+01,0.000000000000000000e+00
4.224888640378876659e+01,0.000000000000000000e+00
3.996145049828533757e+01,0.000000000000000000e+00
4.325567386570524775e+01,0.000000000000000000e+00
4.142529631564782022e+01,0.000000000000000000e+00
4.296653395651129159e+01,0.000000000000000000e+00
4.052536224779674257e+01,0.000000000000000000e+00
4.350810691837487809e+01,0.000000000000000000e+00
4.169142291314233972e+01,0.000000000000000000e+00
4.115331010990370686e+01,0.000000000000000000e+00
3.954114672624587001e+01,0.000000000000000000e+00
3.942299442499296447e+01,0.000000000000000000e+00
3.908039716550486986e+01,0.000000000000000000e+00
3.914671445130588978e+01,0.000000000000000000e+00
4.149033673039819803e+01,0.000000000000000000e+00
3.758153059961156828e+01,0.000000000000000000e+00
4.145741891310635197e+01,0.000000000000000000e+00
4.122585409737930462e+01,0.000000000000000000e+00
3.882854515899116166e+01,0.000000000000000000e+00
3.526357716899239847e+01,0.000000000000000000e+00
4.226283130004556909e+01,0.000000000000000000e+00
3.739679827362370190e+01,0.000000000000000000e+00
3.747215244902892550e+01,0.000000000000000000e+00
3.956258026936507832e+01,0.000000000000000000e+00
3.665224878809046061e+01,0.000000000000000000e+00
4.201243829782541894e+01,0.000000000000000000e+00
4.251014398751256351e+01,0.000000000000000000e+00
3.681980751755496328e+01,0.000000000000000000e+00
3.929833343128728984e+01,0.000000000000000000e+00
3.859244562376662202e+01,0.000000000000000000e+00
3.958938795314799819e+01,0.000000000000000000e+00
4.059379884074225231e+01,0.000000000000000000e+00
3.877415745489455645e+01,0.000000000000000000e+00
3.707927676140190698e+01,0.000000000000000000e+00
3.579169345443445849e+01,0.000000000000000000e+00
3.545461523023394790e+01,0.000000000000000000e+00
3.891598941522830302e+01,0.000000000000000000e+00
3.834805711327928179e+01,0.000000000000000000e+00
3.289449635305081898e+01,0.000000000000000000e+00
3.996465617259632097e+01,0.000000000000000000e+00
4.023784900232090678e+01,0.000000000000000000e+00
3.801626378892503055e+01,0.000000000000000000e+00
3.826895242915522033e+01,0.000000000000000000e+00
3.776294459705928830e+01,0.000000000000000000e+00
3.805983238449397987e+01,0.000000000000000000e+00
3.643259672592748188e+01,0.000000000000000000e+00
3.493395214298629270e+01,0.000000000000000000e+00
4.172629440437034276e+01,0.000000000000000000e+00
3.628423309134530683e+01,0.000000000000000000e+00
3.394378194656355419e+01,0.000000000000000000e+00
3.586460694453320031e+01,0.000000000000000000e+00
3.627499722823204564e+01,0.000000000000000000e+00
3.566025546028487270e+01,0.000000000000000000e+00
3.712854987790191785e+01,0.000000000000000000e+00
3.441100848242732013e+01,0.000000000000000000e+00
3.719741143062598354e+01,0.000000000000000000e+00
3.872736539083346941e+01,0.000000000000000000e+00
3.504829555424463905e+01,0.000000000000000000e+00
3.869336823617836529e+01,0.000000000000000000e+00
3.868955337018998364e+01,0.000000000000000000e+00
3.785248816170631869e+01,0.000000000000000000e+00
3.459411991930397789e+01,0.000000000000000000e+00
3.663176170053679215e+01,0.000000000000000000e+00
3.459699646841789189e+01,0.000000000000000000e+00
3.378644453006356230e+01,0.000000000000000000e+00
3.740473776800829597e+01,0.000000000000000000e+00
3.415404547719947459e+01,0.000000000000000000e+00
3.524356683548785441e+01,0.000000000000000000e+00
3.367121947824837491e+01,0.000000000000000000e+00
3.547817978675135464e+01,0.000000000000000000e+00
3.507096024195731587e+01,0.000000000000000000e+00
3.684813380543582184e+01,0.000000000000000000e+00
3.412860072065339523e+01,0.000000000000000000e+00
3.798835026749570432e+01,0.000000000000000000e+00
3.097022090453650733e+01,0.000000000000000000e+00
3.743092654480258119e+01,0.000000000000000000e+00
3.128675016675662590e+01,0.000000000000000000e+00
3.370351926535852272e+01,0.000000000000000000e+00
3.509077963929671995e+01,0.000000000000000000e+00
3.619960726397320627e+01,0.000000000000000000e+00
3.525016921432587225e+01,0.000000000000000000e+00
3.799474616522573456e+01,0.000000000000000000e+00
3.591390611204995054e+01,0.000000000000000000e+00
3.586917471984694572e+01,0.000000000000000000e+00
3.649013727112217964e+01,0.000000000000000000e+00
3.702289084574138656e+01,0.000000000000000000e+00
3.254661880631294935e+01,0.000000000000000000e+00
3.301466144077101461e+01,0.000000000000000000e+00
3.453967837084695702e+01,0.000000000000000000e+00
3.374176017450490406e+01,0.000000000000000000e+00
3.479434980137806122e+01,0.000000000000000000e+00
3.352735706810974392e+01,0.000000000000000000e+00
3.358824574387248418e+01,0.000000000000000000e+00
3.220513233178392198e+01,0.000000000000000000e+00
3.572051796109469990e+01,0.000000000000000000e+00
3.412602564846076802e+01,0.000000000000000000e+00
3.448862573829067202e+01,0.000000000000000000e+00
2.922122008989972741e+01,0.000000000000000000e+00
3.307309930680708732e+01,0.000000000000000000e+00
3.357334392688613889e+01,0.000000000000000000e+00
3.439995162513856286e+01,0.000000000000000000e+00
3.064688164637869860e+01,0.000000000000000000e+00
2.884193307041246968e+01,0.000000000000000000e+00
3.328873083489219908e+01,0.000000000000000000e+00
3.374224198788648721e+01,0.000000000000000000e+00
3.165500520744150847e+01,0.000000000000000000e+00
3.124763980783206208e+01,0.000000000000000000e+00
3.688620593020458927e+01,0.000000000000000000e+00
3.126367057702675467e+01,0.000000000000000000e+00
3.429606549337061949e+01,0.000000000000000000e+00
3.177094551978579062e+01,0.000000000000000000e+00
3.374724081133908982e+01,0.000000000000000000e+00
3.367830250366813516e+01,0.000000000000000000e+00
2.972621373509269560e+01,0.000000000000000000e+00
3.219936873999859017e+01,0.000000000000000000e+00
3.266919297322953497e+01,0.000000000000000000e+00
3.204081857008593914e+01,0.000000000000000000e+00
3.684239092351440803e+01,0.000000000000000000e+00
3.208606625739633245e+01,0.000000000000000000e+00
3.050290655898794157e+01,0.000000000000000000e+00
3.368008983673955470e+01,0.000000000000000000e+00
3.287389195063660452e+01,0.000000000000000000e+00
3.193306617306848594e+01,0.000000000000000000e+00
3.210342163439313623e+01,0.000000000000000000e+00
3.319565552676380094e+01,0.000000000000000000e+00
3.277344403427460406e+01,0.000000000000000000e+00
3.081261632519607119e+01,0.000000000000000000e+00
3.142220594946780565e+01,0.000000000000000000e+00
3.218923652054891704e+01,0.000000000000000000e+00
3.196731125328449252e+01,0.000000000000000000e+00
3.121403895593342881e+01,0.000000000000000000e+00
3.347688838156895486e+01,0.000000000000000000e+00
3.074588566048984362e+01,0.000000000000000000e+00
3.259445522904324832e+01,0.000000000000000000e+00
3.140556146347974931e+01,0.000000000000000000e+00
3.168815774072702851e+01,0.000000000000000000e+00
3.259160195285104322e+01,0.000000000000000000e+00
2.979227152281399071e+01,0.000000000000000000e+00
3.079216541783036121e+01,0.000000000000000000e+00
3.036383203868251357e+01,0.000000000000000000e+00
3.343444415670138170e+01,0.000000000000000000e+00
2.965002266130475661e+01,0.000000000000000000e+00
2.944783046800503712e+01,0.000000000000000000e+00
3.023643514461794979e+01,0.000000000000000000e+00
2.768020037788818399e+01,0.000000000000000000e+00
3.251440151220626973e+01,0.000000000000000000e+00
3.312819161279873015e+01,0.000000000000000000e+00
3.207777543575880941e+01,0.000000000000000000e+00
2.937091685094026872e+01,0.000000000000000000e+00
3.044543425521693791e+01,0.000000000000000000e+00
3.109283055316324607e+01,0.000000000000000000e+00
3.057255102055703588e+01,0.000000000000000000e+00
2.877385118945752751e+01,0.000000000000000000e+00
3.099676360423467969e+01,0.000000000000000000e+00
2.976297111350081437e+01,0.000000000000000000e+00
3.281685538988784856e+01,0.000000000000000000e+00
3.281493982365368112e+01,0.000000000000000000e+00
2.976479132350121404e+01,0.000000000000000000e+00
2.954002706995757066e+01,0.000000000000000000e+00
3.153954514763345784e+01,0.000000000000000000e+00
2.748252188474766911e+01,0.000000000000000000e+00
3.003528012422211901e+01,0.000000000000000000e+00
2.819147905786114450e+01,0.000000000000000000e+00
2.886724311341229665e+01,0.000000000000000000e+00
2.662756788423112653e+01,0.000000000000000000e+00
2.944686745715904763e+01,0.000000000000000000e+00
3.034632150593361999e+01,0.000000000000000000e+00
2.736728264477653738e+01,0.000000000000000000e+00
2.877448383008934485e+01,0.000000000000000000e+00
2.788665285563454432e+01,0.000000000000000000e+00
3.309922849451184845e+01,0.000000000000000000e+00
2.848349981646572360e+01,0.000000000000000000e+00
2.653885593417807343e+01,0.000000000000000000e+00
2.981988394334078407e+01,0.000000000000000000e+00
2.858756542548335489e+01,0.000000000000000000e+00
3.124801309419272854e+01,0.000000000000000000e+00
2.868141998764156497e+01,0.000000000000000000e+00
2.876214346718738213e+01,0.000000000000000000e+00
2.927464137022433377e+01,0.000000000000000000e+00
2.794374958643961548e+01,0.000000000000000000e+00
3.131969130542102420e+01,0.000000000000000000e+00
3.002622549262525453e+01,0.000000000000000000e+00
2.995486348888789507e+01,0.000000000000000000e+00
2.863279694597083491e+01,0.000000000000000000e+00
2.990571932982368963e+01,0.000000000000000000e+00
2.979165294132180719e+01,0.000000000000000000e+00
2.939167918260191570e+01,0.000000000000000000e+00
2.961465700358903419e+01,0.000000000000000000e+00
2.829613265052197946e+01,0.000000000000000000e+00
3.125030997205281480e+01,0.000000000000000000e+00
2.919898571391773956e+01,0.000000000000000000e+00
2.989051375584553938e+01,0.000000000000000000e+00
2.369807689952361329e+01,0.000000000000000000e+00
2.749818064941053564e+01,0.000000000000000000e+00
2.921322584505816167e+01,0.000000000000000000e+00
2.869857770849354850e+01,0.000000000000000000e+00
2.618370477680949193e+01,0.000000000000000000e+00
2.915770293296718307e+01,0.000000000000000000e+00
2.829685457637174650e+01,0.000000000000000000e+00
2.594667348127646278e+01,0.000000000000000000e+00
2.493757727874722718e+01,0.000000000000000000e+00
2.753500967221308926e+01,0.000000000000000000e+00
2.696269889151931665e+01,0.000000000000000000e+00
2.713074610828005007e+01,0.000000000000000000e+00
2.892943941199062863e+01,0.000000000000000000e+00
2.768130168045608386e+01,0.000000000000000000e+00
2.699485156638037608e+01,0.000000000000000000e+00
2.871288667034890096e+01,0.000000000000000000e+00
2.790584477427928434e+01,0.000000000000000000e+00
2.427761663540669090e+01,0.000000000000000000e+00
2.801557708752211795e+01,0.000000000000000000e+00
2.500717699944967976e+01,0.000000000000000000e+00
2.633006787791653025e+01,0.000000000000000000e+00
2.519369991567015887e+01,0.000000000000000000e+00
2.615090765315802201e+01,0.000000000000000000e+00
2.570127085073118778e+01,0.000000000000000000e+00
2.352334975652412652e+01,0.000000000000000000e+00
2.838880505603022186e+01,0.000000000000000000e+00
2.634375186144118430e+01,0.000000000000000000e+00
2.728145476019253834e+01,0.000000000000000000e+00
2.360719471941016678e+01,0.000000000000000000e+00
2.730219102571212630e+01,0.000000000000000000e+00
2.605862401955586449e+01,0.000000000000000000e+00
2.789685450039531034e+01,0.000000000000000000e+00
2.289004262689410041e+01,0.000000000000000000e+00
2.876786761391711167e+01,0.000000000000000000e+00
2.471265230368690169e+01,0.000000000000000000e+00
2.806481150263792657e+01,0.000000000000000000e+00
3.000837883170808240e+01,0.000000000000000000e+00
2.470690916951309291e+01,0.000000000000000000e+00
2.650470218800591482e+01,0.000000000000000000e+00
2.402590751814197390e+01,0.000000000000000000e+00
2.451372366136059711e+01,0.000000000000000000e+00
2.647348154922102026e+01,0.000000000000000000e+00
2.858995747220549077e+01,0.000000000000000000e+00
2.523335800550771069e+01,0.000000000000000000e+00
2.595567905066165082e+01,0.000000000000000000e+00
2.578945581887315086e+01,0.000000000000000000e+00
2.408162928840638983e+01,0.000000000000000000e+00
2.730578871851790979e+01,0.000000000000000000e+00
2.589231992959968665e+01,0.000000000000000000e+00
2.467702340594853183e+01,0.000000000000000000e+00
2.700834452690747867e+01,0.000000000000000000e+00
2.137001083304988214e+01,0.000000000000000000e+00
2.547861893905399100e+01,0.000000000000000000e+00
2.876589595232210073e+01,0.000000000000000000e+00
2.586217437609206726e+01,0.000000000000000000e+00
2.374415874364820667e+01,0.000000000000000000e+00
2.714745563278580676e+01,0.000000000000000000e+00
2.891234958342069206e+01,0.000000000000000000e+00
2.602897454072315497e+01,0.000000000000000000e+00
2.465549329293464709e+01,0.000000000000000000e+00
2.864150978742968334e+01,0.000000000000000000e+00
2.637170388812866761e+01,0.000000000000000000e+00
2.605477309275492459e+01,0.000000000000000000e+00
2.483733230318328822e+01,0.000000000000000000e+00
2.708785648897629628e+01,0.000000000000000000e+00
2.692905865609886717e+01,0.000000000000000000e+00
2.380888513952483265e+01,0.000000000000000000e+00
2.361146698682745537e+01,0.000000000000000000e+00
2.306868845559038306e+01,0.000000000000000000e+00
2.379265488612877633e+01,0.000000000000000000e+00
2.219709130954225174e+01,0.000000000000000000e+00
2.028001338342308912e+01,0.000000000000000000e+00
2.382047212915321666e+01,0.000000000000000000e+00
2.340290256845563732e+01,0.000000000000000000e+00
2.836688547340476774e+01,0.000000000000000000e+00
2.547949894784458280e+01,0.000000000000000000e+00
1.902899038306771473e+01,0.000000000000000000e+00
2.141505906402539239e+01,0.000000000000000000e+00
2.437062325260122009e+01,0.000000000000000000e+00
2.631868629285403216e+01,0.000000000000000000e+00
2.440813045305501205e+01,0.000000000000000000e+00
2.336575859194594074e+01,0.000000000000000000e+00
2.254242318084999752e+01,0.000000000000000000e+00
2.328006638502337822e+01,0.000000000000000000e+00
2.678395807025049891e+01,0.000000000000000000e+00
2.440167624451213157e+01,0.000000000000000000e+00
2.601147116753886834e+01,0.000000000000000000e+00
2.699474971687768843e+01,0.000000000000000000e+00
2.280644341712271128e+01,0.000000000000000000e+00
2.261047645351747093e+01,0.000000000000000000e+00
2.175484176951883697e+01,0.000000000000000000e+00
2.272205421540386183e+01,0.000000000000000000e+00
2.665893617269994209e+01,0.000000000000000000e+00
2.479039688437315192e+01,0.000000000000000000e+00
2.272271055709596155e+01,0.000000000000000000e+00
2.497018679160285970e+01,0.000000000000000000e+00
2.312687034184440904e+01,0.000000000000000000e+00
2.065887960821960334e+01,0.000000000000000000e+00
2.528399974292671359e+01,0.000000000000000000e+00
2.409550230660912007e+01,0.000000000000000000e+00
2.299281199073130111e+01,0.000000000000000000e+00
2.290891145764934578e+01,0.000000000000000000e+00
2.333515738699597364e+01,0.000000000000000000e+00
2.362327753439129552e+01,0.000000000000000000e+00
2.214092697826620437e+01,0.000000000000000000e+00
2.404552367443253047e+01,0.000000000000000000e+00
2.428549521192415739e+01,0.000000000000000000e+00
2.493976174384064848e+01,0.000000000000000000e+00
2.118853362499272208e+01,0.000000000000000000e+00
2.384683297993296236e+01,0.000000000000000000e+00
2.289882388357171195e+01,0.000000000000000000e+00
2.207022724763116983e+01,0.000000000000000000e+00
2.296568737967221097e+01,0.000000000000000000e+00
1.930636663825732313e+01,0.000000000000000000e+00
2.120609856388152892e+01,0.000000000000000000e+00
2.305763255407107337e+01,0.000000000000000000e+00
2.299949219910879350e+01,0.000000000000000000e+00
2.401638481496406996e+01,0.000000000000000000e+00
2.330849029817719398e+01,0.000000000000000000e+00
2.265334382294030746e+01,0.000000000000000000e+00
2.237263358760159093e+01,0.000000000000000000e+00
2.213337297711062135e+01,0.000000000000000000e+00
2.212990463198222457e+01,0.000000000000000000e+00
2.223988993832588790e+01,0.000000000000000000e+00
2.076604183329886766e+01,0.000000000000000000e+00
2.148695896253953919e+01,0.000000000000000000e+00
1.936362236862518316e+01,0.000000000000000000e+00
2.688449333544517117e+01,0.000000000000000000e+00
2.265331342968929818e+01,0.000000000000000000e+00
2.076516017126459346e+01,0.000000000000000000e+00
2.157509239692793201e+01,0.000000000000000000e+00
2.313698579285527401e+01,0.000000000000000000e+00
2.048649215227532849e+01,0.000000000000000000e+00
1.618856081372269529e+01,0.000000000000000000e+00
2.244395431318920586e+01,0.000000000000000000e+00
2.119140218558965572e+01,0.000000000000000000e+00
2.015370578563079462e+01,0.000000000000000000e+00
2.362280926531306591e+01,0.000000000000000000e+00
2.344470375560132425e+01,0.000000000000000000e+00
2.194881695644112085e+01,0.000000000000000000e+00
2.536585071344767073e+01,0.000000000000000000e+00
1.966506044371441320e+01,0.000000000000000000e+00
1.929192175626821282e+01,0.000000000000000000e+00
2.395258034152244520e+01,0.000000000000000000e+00
2.499906830619617892e+01,0.000000000000000000e+00
2.413614910296653804e+01,0.000000000000000000e+00
2.399307269369453621e+01,0.000000000000000000e+00
2.091991820909715472e+01,0.000000000000000000e+00
2.324439878341557986e+01,0.000000000000000000e+00
2.417130736585047401e+01,0.000000000000000000e+00
2.245901505129312525e+01,0.000000000000000000e+00
2.389411782396613404e+01,0.000000000000000000e+00
2.060068081199209900e+01,0.000000000000000000e+00
2.081068207538559989e+01,0.000000000000000000e+00
2.170421890212659477e+01,0.000000000000000000e+00
2.144202071821066369e+01,0.000000000000000000e+00
2.135384656604271569e+01,0.000000000000000000e+00
1.848185670424748395e+01,0.000000000000000000e+00
2.113618759552034732e+01,0.000000000000000000e+00
2.101911505531050040e+01,0.000000000000000000e+00
2.144343118706021301e+01,0.000000000000000000e+00
2.199756324013700848e+01,0.000000000000000000e+00
1.927517031618521059e+01,0.000000000000000000e+00
2.135211031534842263e+01,0.000000000000000000e+00
2.096165841264850371e+01,0.000000000000000000e+00
2.064062147492620625e+01,0.000000000000000000e+00
2.142279428190921564e+01,0.000000000000000000e+00
1.834363182433659745e+01,0.000000000000000000e+00
2.022579856045406999e+01,0.000000000000000000e+00
2.069277415528739184e+01,0.000000000000000000e+00
2.014138121805727977e+01,0.000000000000000000e+00
2.160537469687720247e+01,0.000000000000000000e+00
2.161639558911750214e+01,0.000000000000000000e+00
2.385009129677615647e+01,0.000000000000000000e+00
2.051009261627496016e+01,0.000000000000000000e+00
1.781596088180955206e+01,0.000000000000000000e+00
2.022675178018210929e+01,0.000000000000000000e+00
1.993705186349363601e+01,0.000000000000000000e+00
2.277069300933932183e+01,0.000000000000000000e+00
2.101455638487204780e+01,0.000000000000000000e+00
1.767813837865481474e+01,0.000000000000000000e+00
2.001523225386311111e+01,0.000000000000000000e+00
1.762423018221452509e+01,0.000000000000000000e+00
2.185805997008294455e+01,0.000000000000000000e+00
1.836051598914944449e+01,0.000000000000000000e+00
2.041853838910892449e+01,0.000000000000000000e+00
2.293609259224670538e+01,0.000000000000000000e+00
2.090108471962401282e+01,0.000000000000000000e+00
2.203436209846829286e+01,0.000000000000000000e+00
2.233845586142425788e+01,0.000000000000000000e+00
1.945670970159734736e+01,0.000000000000000000e+00
1.838213125808820791e+01,0.000000000000000000e+00
1.756545910458315518e+01,0.000000000000000000e+00
1.943090547468076679e+01,0.000000000000000000e+00
1.901288547840149690e+01,0.000000000000000000e+00
2.216511286790561641e+01,0.000000000000000000e+00
2.395241862349010020e+01,0.000000000000000000e+00
2.082235851970908413e+01,0.000000000000000000e+00
2.212493657987048934e+01,0.000000000000000000e+00
2.329206864049578130e+01,0.000000000000000000e+00
2.117823041972939890e+01,0.000000000000000000e+00
1.903991676766515440e+01,0.000000000000000000e+00
1.886890370196332256e+01,0.000000000000000000e+00
1.982289568012748049e+01,0.000000000000000000e+00
2.058372762442136761e+01,0.000000000000000000e+00
2.154010031161209326e+01,0.000000000000000000e+00
1.700683241286038339e+01,0.000000000000000000e+00
2.045535161302685978e+01,0.000000000000000000e+00
1.915681658243170560e+01,0.000000000000000000e+00
2.128207914495845188e+01,0.000000000000000000e+00
2.234026151380070147e+01,0.000000000000000000e+00
1.924398674592155345e+01,0.000000000000000000e+00
1.926610054872339006e+01,0.000000000000000000e+00
1.719337279538125784e+01,0.000000000000000000e+00
1.865649911266059391e+01,0.000000000000000000e+00
2.167232090483788554e+01,0.000000000000000000e+00
2.237840189695586446e+01,0.000000000000000000e+00
1.896975464157465296e+01,0.000000000000000000e+00
2.283305955565175083e+01,0.000000000000000000e+00
1.886119839248271290e+01,0.000000000000000000e+00
2.175832734552045267e+01,0.000000000000000000e+00
2.158748240592373335e+01,0.000000000000000000e+00
1.941279351191739977e+01,0.000000000000000000e+00
2.024970687441554063e+01,0.000000000000000000e+00
2.587760159857805675e+01,0.000000000000000000e+00
1.778107875301644825e+01,0.000000000000000000e+00
1.919464239026530095e+01,0.000000000000000000e+00
1.856948822513272646e+01,0.000000000000000000e+00
2.228777972213793745e+01,0.000000000000000000e+00
2.145715165858506879e+01,0.000000000000000000e+00
2.086346706179066146e+01,0.000000000000000000e+00
1.709824706022592977e+01,0.000000000000000000e+00
2.187457300084698275e+01,0.000000000000000000e+00
2.219687785569030325e+01,0.000000000000000000e+00
1.825943318772862867e+01,0.000000000000000000e+00
1.752550153972921265e+01,0.000000000000000000e+00
2.349282021657373321e+01,0.000000000000000000e+00
2.471819170606499227e+01,0.000000000000000000e+00
2.317943515211838701e+01,0.000000000000000000e+00
1.942313853408220581e+01,0.000000000000000000e+00
2.030109962273049007e+01,0.000000000000000000e+00
1.803677386049950826e+01,0.000000000000000000e+00
1.859615452215437159e+01,0.000000000000000000e+00
1.754132142410727013e+01,0.000000000000000000e+00
2.194163565204255661e+01,0.000000000000000000e+00
1.893977822512925968e+01,0.000000000000000000e+00
1.777110876982051124e+01,0.000000000000000000e+00
2.064948328850107728e+01,0.000000000000000000e+00
2.116140437976984501e+01,0.000000000000000000e+00
2.113989771566529896e+01,0.000000000000000000e+00
2.211938874436346936e+01,0.000000000000000000e+00
2.229854145518893915e+01,0.000000000000000000e+00
1.967770509886727481e+01,0.000000000000000000e+00
1.878884648168471827e+01,0.000000000000000000e+00
2.094093066590044927e+01,0.000000000000000000e+00
1.991768657977232237e+01,0.000000000000000000e+00
1.975364356988691839e+01,0.000000000000000000e+00
1.870148952115599172e+01,0.000000000000000000e+00
1.971764469708251610e+01,0.000000000000000000e+00
1.824824175005361582e+01,0.000000000000000000e+00
2.100359184450346461e+01,0.000000000000000000e+00
1.796814557153505021e+01,0.000000000000000000e+00
1.734144663762999272e+01,0.000000000000000000e+00
2.244611215358693102e+01,0.000000000000000000e+00
1.739441332947564689e+01,0.000000000000000000e+00
2.095670022198804006e+01,0.000000000000000000e+00
1.806464516061681636e+01,0.000000000000000000e+00
1.959550976161019875e+01,0.000000000000000000e+00
1.307259551532683517e+01,0.000000000000000000e+00
2.130274311058080272e+01,0.000000000000000000e+00
2.087818329318714206e+01,0.000000000000000000e+00
1.813734514413503973e+01,0.000000000000000000e+00
2.031001231766366288e+01,0.000000000000000000e+00
2.049444411763050766e+01,0.000000000000000000e+00
1.861019742897439855e+01,0.000000000000000000e+00
2.283768142439564031e+01,0.000000000000000000e+00
1.886860083594135418e+01,0.000000000000000000e+00
1.805274460166712558e+01,0.000000000000000000e+00
1.744843714736265383e+01,0.000000000000000000e+00
2.034073298121303708e+01,0.000000000000000000e+00
2.135721554442923420e+01,0.000000000000000000e+00
1.887148269883739715e+01,0.000000000000000000e+00
1.961070361092214398e+01,0.000000000000000000e+00
2.195393832234168485e+01,0.000000000000000000e+00
2.216880081203889574e+01,0.000000000000000000e+00
2.000544855091270335e+01,0.000000000000000000e+00
1.899105543791533179e+01,0.000000000000000000e+00
2.172020982338068507e+01,0.000000000000000000e+00
2.060422987094807112e+01,0.000000000000000000e+00
1.621268630078586170e+01,0.000000000000000000e+00
1.868193817305443361e+01,0.000000000000000000e+00
2.162413236676087891e+01,0.000000000000000000e+00
1.664009781365873053e+01,0.000000000000000000e+00
2.164063428705026482e+01,0.000000000000000000e+00
1.842657505071665369e+01,0.000000000000000000e+00
2.047555808578400161e+01,0.000000000000000000e+00
1.866479608264924650e+01,0.000000000000000000e+00
1.997457094383819154e+01,0.000000000000000000e+00
2.367289720177046775e+01,0.000000000000000000e+00
2.006770234087376181e+01,0.000000000000000000e+00
2.325495524603194042e+01,0.000000000000000000e+00
2.261448251009601762e+01,0.000000000000000000e+00
2.077254390148029728e+01,0.000000000000000000e+00
2.095693251665988655e+01,0.000000000000000000e+00
1.936237216464660094e+01,0.000000000000000000e+00
2.085081334778070428e+01,0.000000000000000000e+00
2.054329581367851887e+01,0.000000000000000000e+00
2.398313766155752802e+01,0.000000000000000000e+00
1.799727347432122215e+01,0.000000000000000000e+00
2.395946320015609743e+01,0.000000000000000000e+00
1.631610214682850568e+01,0.000000000000000000e+00
2.273609596796242016e+01,0.000000000000000000e+00
1.952678280808418876e+01,0.000000000000000000e+00
1.984710993060838646e+01,0.000000000000000000e+00
1.667209696586343526e+01,0.000000000000000000e+00
2.224135196090009359e+01,0.000000000000000000e+00
1.690743439134204706e+01,0.000000000000000000e+00
1.769882900701740169e+01,0.000000000000000000e+00
1.824010225858032541e+01,0.000000000000000000e+00
1.655754822352871614e+01,0.000000000000000000e+00
1.703393040622600552e+01,0.000000000000000000e+00
1.657572095366927201e+01,0.000000000000000000e+00
1.872859406451750175e+01,0.000000000000000000e+00
1.825008351759416314e+01,0.000000000000000000e+00
2.301024003166822496e+01,0.000000000000000000e+00
2.251463640394595345e+01,0.000000000000000000e+00
1.994369756736368160e+01,0.000000000000000000e+00
2.157108106501380007e+01,0.000000000000000000e+00
1.698200736058335991e+01,0.000000000000000000e+00
2.035974522802661824e+01,0.000000000000000000e+00
2.237568158873457946e+01,0.000000000000000000e+00
2.094799580556305685e+01,0.000000000000000000e+00
2.374407170997619332e+01,0.000000000000000000e+00
2.222597494316983102e+01,0.000000000000000000e+00
2.097499900818437624e+01,0.000000000000000000e+00
2.198557853725716527e+01,0.000000000000000000e+00
2.179370245676263806e+01,0.000000000000000000e+00
2.131647214052163974e+01,0.000000000000000000e+00
2.263391826971520260e+01,0.000000000000000000e+00
1.974451025473598875e+01,0.000000000000000000e+00
1.783867893940208660e+01,0.000000000000000000e+00
1.615555381649145517e+01,0.000000000000000000e+00
2.152316196989016461e+01,0.000000000000000000e+00
2.297470535399451919e+01,0.000000000000000000e+00
2.183820366846507000e+01,0.000000000000000000e+00
2.247360980769578731e+01,0.000000000000000000e+00
2.144911695689260611e+01,0.000000000000000000e+00
2.062945218310476037e+01,0.000000000000000000e+00
2.413825369802109932e+01,0.000000000000000000e+00
2.343749007461622469e+01,0.000000000000000000e+00
2.218183927178274928e+01,0.000000000000000000e+00
2.031329766190143005e+01,0.000000000000000000e+00
2.104565922497571506e+01,0.000000000000000000e+00
1.707741626887199970e+01,0.000000000000000000e+00
2.145562670207015898e+01,0.000000000000000000e+00
2.087400145027266163e+01,0.000000000000000000e+00
2.126463922478421864e+01,0.000000000000000000e+00
2.110229675429619078e+01,0.000000000000000000e+00
1.727136473309075981e+01,0.000000000000000000e+00
2.153895932724427098e+01,0.000000000000000000e+00
2.197608948815262409e+01,0.000000000000000000e+00
1.983909345229104915e+01,0.000000000000000000e+00
1.994169067211840130e+01,0.000000000000000000e+00
2.360898794775667753e+01,0.000000000000000000e+00
2.224121765904987313e+01,0.000000000000000000e+00
1.998919647839286640e+01,0.000000000000000000e+00
2.407636430101156577e+01,0.000000000000000000e+00
2.068896003956141527e+01,0.000000000000000000e+00
2.125553619043146014e+01,0.000000000000000000e+00
2.075424054683906760e+01,0.000000000000000000e+00
1.960970895076377474e+01,0.000000000000000000e+00
2.278475401112483212e+01,0.000000000000000000e+00
1.987502565631271523e+01,0.000000000000000000e+00
2.061877156699776137e+01,0.000000000000000000e+00
2.233670857932126097e+01,0.000000000000000000e+00
1.951696875975291690e+01,0.000000000000000000e+00
2.045613871895741198e+01,0.000000000000000000e+00
2.366539810481252104e+01,0.000000000000000000e+00
1.982268365899179940e+01,0.000000000000000000e+00
2.233286287540397197e+01,0.000000000000000000e+00
2.098329154594592438e+01,0.000000000000000000e+00
2.115548054286970725e+01,0.000000000000000000e+00
2.057369832335744775e+01,0.000000000000000000e+00
2.260546176701264898e+01,0.000000000000000000e+00
2.120240201512038780e+01,0.000000000000000000e+00
2.050700137367744347e+01,0.000000000000000000e+00
2.236003650057024927e+01,0.000000000000000000e+00
2.537364750390733548e+01,0.000000000000000000e+00
2.003694901559802588e+01,0.000000000000000000e+00
2.091363045529627840e+01,0.000000000000000000e+00
1.871855792194941159e+01,0.000000000000000000e+00
2.070224050874508137e+01,0.000000000000000000e+00
2.292713468695579238e+01,0.000000000000000000e+00
2.095194339257157878e+01,0.000000000000000000e+00
2.517602088928630266e+01,0.000000000000000000e+00
2.396881486292021535e+01,0.000000000000000000e+00
2.162749706499169378e+01,0.000000000000000000e+00
1.847074351513913371e+01,0.000000000000000000e+00
1.958065066903158424e+01,0.000000000000000000e+00
1.912409778741607624e+01,0.000000000000000000e+00
2.328705454143659281e+01,0.000000000000000000e+00
1.934607675063590904e+01,0.000000000000000000e+00
2.123397602072542156e+01,0.000000000000000000e+00
2.395629664468719966e+01,0.000000000000000000e+00
2.213964076304272410e+01,0.000000000000000000e+00
2.157374500281729013e+01,0.000000000000000000e+00
2.174874954765322244e+01,0.000000000000000000e+00
2.560076187640961010e+01,0.000000000000000000e+00
2.054266714579226516e+01,0.000000000000000000e+00
1.929903454134266028e+01,0.000000000000000000e+00
2.261217071889445762e+01,0.000000000000000000e+00
2.521053988738441021e+01,0.000000000000000000e+00
2.285080396164610761e+01,0.000000000000000000e+00
2.270355521281887690e+01,0.000000000000000000e+00
2.117462636521998220e+01,0.000000000000000000e+00
1.977454399594409296e+01,0.000000000000000000e+00
2.170152118386021556e+01,0.000000000000000000e+00
2.254600711991468742e+01,0.000000000000000000e+00
2.376755188703343791e+01,0.000000000000000000e+00
1.993115977958528262e+01,0.000000000000000000e+00
2.165196547582851849e+01,0.000000000000000000e+00
2.397155052056823976e+01,0.000000000000000000e+00
2.371551564566394177e+01,0.000000000000000000e+00
2.197867808275338675e+01,0.000000000000000000e+00
2.210601495479719958e+01,0.000000000000000000e+00
1.797783842289837963e+01,0.000000000000000000e+00
2.465722054869603141e+01,0.000000000000000000e+00
2.481264794942658725e+01,0.000000000000000000e+00
1.900530397594612708e+01,0.000000000000000000e+00
2.501114378399282145e+01,0.000000000000000000e+00
1.909173849805977241e+01,0.000000000000000000e+00
2.328073053875928622e+01,0.000000000000000000e+00
2.369759112811245672e+01,0.000000000000000000e+00
2.189933503138696480e+01,0.000000000000000000e+00
2.114267812492424881e+01,0.000000000000000000e+00
2.392756557164223352e+01,0.000000000000000000e+00
2.604573845158607881e+01,0.000000000000000000e+00
2.364130762304854372e+01,0.000000000000000000e+00
2.397807205159900334e+01,0.000000000000000000e+00
2.229509667064070300e+01,0.000000000000000000e+00
2.451261340040684189e+01,0.000000000000000000e+00
2.617966903134679058e+01,0.000000000000000000e+00
2.400349050203167067e+01,0.000000000000000000e+00
2.209369151460903780e+01,0.000000000000000000e+00
2.345959488430085571e+01,0.000000000000000000e+00
2.243626580264995241e+01,0.000000000000000000e+00
2.293300145640984056e+01,0.000000000000000000e+00
2.342515690700152575e+01,0.000000000000000000e+00
2.501379070544050975e+01,0.000000000000000000e+00
2.246371496864304262e+01,0.000000000000000000e+00
2.396622737918657009e+01,0.000000000000000000e+00
2.062854409164128455e+01,0.000000000000000000e+00
2.361054130209630131e+01,0.000000000000000000e+00
2.565547269104326489e+01,0.000000000000000000e+00
2.224583224700725737e+01,0.000000000000000000e+00
2.387504751830968530e+01,0.000000000000000000e+00
2.103675632986483635e+01,0.000000000000000000e+00
2.276059659732083773e+01,0.000000000000000000e+00
2.511193014402473622e+01,0.000000000000000000e+00
2.391505277746877312e+01,0.000000000000000000e+00
2.396791000468530086e+01,0.000000000000000000e+00
2.511353705309410955e+01,0.000000000000000000e+00
2.181123323809731218e+01,0.000000000000000000e+00
2.261910059665322237e+01,0.000000000000000000e+00
2.377651195318942356e+01,0.000000000000000000e+00
2.068167586100041433e+01,0.000000000000000000e+00
2.344278991385245092e+01,0.000000000000000000e+00
2.695122212483675384e+01,0.000000000000000000e+00
2.452966371792630440e+01,0.000000000000000000e+00
2.361395778331406703e+01,0.000000000000000000e+00
2.620043294530945843e+01,0.000000000000000000e+00
2.726287259326678480e+01,0.000000000000000000e+00
2.558139848023339624e+01,0.000000000000000000e+00
2.659474635947942289e+01,0.000000000000000000e+00
2.509778830493456070e+01,0.000000000000000000e+00
2.300720229382467608e+01,0.000000000000000000e+00
2.589436485053017378e+01,0.000000000000000000e+00
2.042497154452533437e+01,0.000000000000000000e+00
2.483756029500713680e+01,0.000000000000000000e+00
2.696434091414517908e+01,0.000000000000000000e+00
2.567862434832317930e+01,0.000000000000000000e+00
2.617604568761347750e+01,0.000000000000000000e+00
2.353993953746306644e+01,0.000000000000000000e+00
2.824050710604644010e+01,0.000000000000000000e+00
2.598300742467561975e+01,0.000000000000000000e+00
2.457171790368817099e+01,0.000000000000000000e+00
2.652512122590700017e+01,0.000000000000000000e+00
2.553172477231284176e+01,0.000000000000000000e+00
2.692619620287925031e+01,0.000000000000000000e+00
2.256161595065590220e+01,0.000000000000000000e+00
2.431172362979700097e+01,0.000000000000000000e+00
2.344870439390883377e+01,0.000000000000000000e+00
2.750159585489047487e+01,0.000000000000000000e+00
2.401945099339391021e+01,0.000000000000000000e+00
2.193799732709207717e+01,0.000000000000000000e+00
2.927467921205001034e+01,0.000000000000000000e+00
2.759572553094357517e+01,0.000000000000000000e+00
3.057404189421292529e+01,0.000000000000000000e+00
2.485095081244211102e+01,0.000000000000000000e+00
2.649597202171867494e+01,0.000000000000000000e+00
2.138818532279407236e+01,0.000000000000000000e+00
2.485103801724951822e+01,0.000000000000000000e+00
2.471490966510718934e+01,0.000000000000000000e+00
2.914572533413612732e+01,0.000000000000000000e+00
2.948102813520402421e+01,0.000000000000000000e+00
2.523002435241550856e+01,0.000000000000000000e+00
2.483039213633868059e+01,0.000000000000000000e+00
2.491150613789579893e+01,0.000000000000000000e+00
2.532583344074955178e+01,0.000000000000000000e+00
2.799310866097517092e+01,0.000000000000000000e+00
2.516001412265709547e+01,0.000000000000000000e+00
2.585441055565753743e+01,0.000000000000000000e+00
2.566646825455129743e+01,0.000000000000000000e+00
2.583343812215829161e+01,0.000000000000000000e+00
2.601759837592804203e+01,0.000000000000000000e+00
2.613130728655046298e+01,0.000000000000000000e+00
2.531105744089175857e+01,0.000000000000000000e+00
2.522934691471737523e+01,0.000000000000000000e+00
2.724778810566631648e+01,0.000000000000000000e+00
2.982984020397773506e+01,0.000000000000000000e+00
2.956140810308268740e+01,0.000000000000000000e+00
2.597543634289100822e+01,0.000000000000000000e+00
2.638590461599267556e+01,0.000000000000000000e+00
2.795703441722115912e+01,0.000000000000000000e+00
2.683210662682644809e+01,0.000000000000000000e+00
2.916219226732265568e+01,0.000000000000000000e+00
2.487283756751145347e+01,0.000000000000000000e+00
2.526758526159894203e+01,0.000000000000000000e+00
2.734400224466243046e+01,0.000000000000000000e+00
2.511878418989902073e+01,0.000000000000000000e+00
2.610243697689490006e+01,0.000000000000000000e+00
2.583983527302059713e+01,0.000000000000000000e+00
2.474513773089484658e+01,0.000000000000000000e+00
2.547873250969087167e+01,0.000000000000000000e+00
2.691638510711105070e+01,0.000000000000000000e+00
2.724934633434059350e+01,0.000000000000000000e+00
2.728004787710816714e+01,0.000000000000000000e+00
2.843677946924895394e+01,0.000000000000000000e+00
2.527929004918768641e+01,0.000000000000000000e+00
2.939502855449392982e+01,0.000000000000000000e+00
2.525550186126967844e+01,0.000000000000000000e+00
2.997989568853128617e+01,0.000000000000000000e+00
2.713242145777580561e+01,0.000000000000000000e+00
3.065972966809626854e+01,0.000000000000000000e+00
2.839731813795953030e+01,0.000000000000000000e+00
2.632662473459431496e+01,0.000000000000000000e+00
2.491130864510859055e+01,0.000000000000000000e+00
2.370752859886157182e+01,0.000000000000000000e+00
2.375731702514683619e+01,0.000000000000000000e+00
2.494739613730762784e+01,0.000000000000000000e+00
2.770964049625984060e+01,0.000000000000000000e+00
2.661060822801168513e+01,0.000000000000000000e+00
2.683748865164135111e+01,0.000000000000000000e+00
2.855430858384419679e+01,0.000000000000000000e+00
2.940175774240658413e+01,0.000000000000000000e+00
2.723518962566062385e+01,0.000000000000000000e+00
3.193563656500158032e+01,0.000000000000000000e+00
2.990758250676196894e+01,0.000000000000000000e+00
2.507188033913894998e+01,0.000000000000000000e+00
2.738378944793439729e+01,0.000000000000000000e+00
2.795352063479782601e+01,0.000000000000000000e+00
2.993777859165166433e+01,0.000000000000000000e+00
2.541376641214034038e+01,0.000000000000000000e+00
2.883783896583384987e+01,0.000000000000000000e+00
2.741744860737938794e+01,0.000000000000000000e+00
2.927071391322517258e+01,0.000000000000000000e+00
3.236480608315302021e+01,0.000000000000000000e+00
2.790027763597263544e+01,0.000000000000000000e+00
2.879194451711951785e+01,0.000000000000000000e+00
2.916126128573353071e+01,0.000000000000000000e+00
3.020551537246507579e+01,0.000000000000000000e+00
2.878132842347070408e+01,0.000000000000000000e+00
2.679889098459596397e+01,0.000000000000000000e+00
2.743740841914543438e+01,0.000000000000000000e+00
2.932501628491766965e+01,0.000000000000000000e+00
3.210522461133969330e+01,0.000000000000000000e+00
3.261584313465282037e+01,0.000000000000000000e+00
3.243492065669076396e+01,0.000000000000000000e+00
2.851908539250085184e+01,0.000000000000000000e+00
2.959597259905165245e+01,0.000000000000000000e+00
3.225248183995581996e+01,0.000000000000000000e+00
3.007089597710056239e+01,0.000000000000000000e+00
2.881605124023148079e+01,0.000000000000000000e+00
2.745879979223467160e+01,0.000000000000000000e+00
3.346673892685294760e+01,0.000000000000000000e+00
2.811725688459508632e+01,0.000000000000000000e+00
3.551897988964649500e+01,0.000000000000000000e+00
3.070142804074001930e+01,0.000000000000000000e+00
2.870508256620353649e+01,0.000000000000000000e+00
2.826231450729426342e+01,0.000000000000000000e+00
2.701067771860907740e+01,0.000000000000000000e+00
2.749690669712137137e+01,0.000000000000000000e+00
3.172344142236221032e+01,0.000000000000000000e+00
2.649875774011373153e+01,0.000000000000000000e+00
3.359447518088206408e+01,0.000000000000000000e+00
3.312495296809676404e+01,0.000000000000000000e+00
3.037508192672951424e+01,0.000000000000000000e+00
3.281200269814451076e+01,0.000000000000000000e+00
3.349138590982085617e+01,0.000000000000000000e+00
2.893565809692124446e+01,0.000000000000000000e+00
3.288199135386290806e+01,0.000000000000000000e+00
2.938503876963444128e+01,0.000000000000000000e+00
3.363128251314790162e+01,0.000000000000000000e+00
3.441671264436257616e+01,0.000000000000000000e+00
3.206830238650803722e+01,0.000000000000000000e+00
3.345646615855544326e+01,0.000000000000000000e+00
3.210719420559223636e+01,0.000000000000000000e+00
3.082316981929615807e+01,0.000000000000000000e+00
3.044646945268729255e+01,0.000000000000000000e+00
3.236244336377649233e+01,0.000000000000000000e+00
3.256934141096208180e+01,0.000000000000000000e+00
3.274899107826804112e+01,0.000000000000000000e+00
3.403650931975472105e+01,0.000000000000000000e+00
3.076141537737867537e+01,0.000000000000000000e+00
3.112938449751161585e+01,0.000000000000000000e+00
3.084327431248443574e+01,0.000000000000000000e+00
3.312315220972612195e+01,0.000000000000000000e+00
3.692853954204827005e+01,0.000000000000000000e+00
3.151015621544134859e+01,0.000000000000000000e+00
3.825066054575464847e+01,0.000000000000000000e+00
3.753180989622135399e+01,0.000000000000000000e+00
3.262152542839940139e+01,0.000000000000000000e+00
3.482111990669171320e+01,0.000000000000000000e+00
3.269904015413243314e+01,0.000000000000000000e+00
3.191586144893510024e+01,0.000000000000000000e+00
3.149856689525267228e+01,0.000000000000000000e+00
3.733639641892172278e+01,0.000000000000000000e+00
3.318437963421533254e+01,0.000000000000000000e+00
3.396760608155300787e+01,0.000000000000000000e+00
3.742823089889589738e+01,0.000000000000000000e+00
3.252153444084020606e+01,0.000000000000000000e+00
3.306866337940029155e+01,0.000000000000000000e+00
2.879173940640843909e+01,0.000000000000000000e+00
3.257954950530938731e+01,0.000000000000000000e+00
3.454346182203398996e+01,0.000000000000000000e+00
3.092360841814677030e+01,0.000000000000000000e+00
3.131318542938052474e+01,0.000000000000000000e+00
3.045969683361446556e+01,0.000000000000000000e+00
3.554296791192636817e+01,0.000000000000000000e+00
3.527289469921905862e+01,0.000000000000000000e+00
3.101143619200136925e+01,0.000000000000000000e+00
3.443625483971750612e+01,0.000000000000000000e+00
3.197591280204231268e+01,0.000000000000000000e+00
3.253163875893673662e+01,0.000000000000000000e+00
3.556981232615988375e+01,0.000000000000000000e+00
3.407046840193311255e+01,0.000000000000000000e+00
3.579146769313432941e+01,0.000000000000000000e+00
3.303886898139672468e+01,0.000000000000000000e+00
3.089220033141402055e+01,0.000000000000000000e+00
3.283006091700273288e+01,0.000000000000000000e+00
3.419051715134126113e+01,0.000000000000000000e+00
3.580857278773110153e+01,0.000000000000000000e+00
3.464332489913854829e+01,0.000000000000000000e+00
3.642956313819636449e+01,0.000000000000000000e+00
3.703172157960530342e+01,0.000000000000000000e+00
3.540644153022564922e+01,0.000000000000000000e+00
3.595679306591536317e+01,0.000000000000000000e+00
3.578752507127776994e+01,0.000000000000000000e+00
3.803854135740304798e+01,0.000000000000000000e+00
3.458931536788179528e+01,0.000000000000000000e+00
3.376018144196837767e+01,0.000000000000000000e+00
3.464054178077591928e+01,0.000000000000000000e+00
3.261813350267658507e+01,0.000000000000000000e+00
3.581836710578341609e+01,0.000000000000000000e+00
3.569162481151030875e+01,0.000000000000000000e+00
3.490011411049645318e+01,0.000000000000000000e+00
3.265470469135669163e+01,0.000000000000000000e+00
3.372002305063755756e+01,0.000000000000000000e+00
3.770798087637879092e+01,0.000000000000000000e+00
3.694815199463600663e+01,0.000000000000000000e+00
3.606822266976416103e+01,0.000000000000000000e+00
3.626076244771464729e+01,0.000000000000000000e+00
3.810366127096934008e+01,0.000000000000000000e+00
3.437598085075011056e+01,0.000000000000000000e+00
3.489201819694645934e+01,0.000000000000000000e+00
3.591686130734431259e+01,0.000000000000000000e+00
3.551324776700523955e+01,0.000000000000000000e+00
3.421363600078446865e+01,0.000000000000000000e+00
3.511144527050579001e+01,0.000000000000000000e+00
3.870805037017611738e+01,0.000000000000000000e+00
3.723920523213803335e+01,0.000000000000000000e+00
3.604370542769392216e+01,0.000000000000000000e+00
3.431515626656771190e+01,0.000000000000000000e+00
3.445136933336108598e+01,0.000000000000000000e+00
3.691371112941847343e+01,0.000000000000000000e+00
3.617884307306816538e+01,0.000000000000000000e+00
3.548566901981723731e+01,0.000000000000000000e+00
3.721637922533633258e+01,0.000000000000000000e+00
3.939664446477981130e+01,0.000000000000000000e+00
3.614123701779696063e+01,0.000000000000000000e+00
3.604312656350444399e+01,0.000000000000000000e+00
4.000656572095392249e+01,0.000000000000000000e+00
3.586253272136180925e+01,0.000000000000000000e+00
3.859335921793628899e+01,0.000000000000000000e+00
3.774875448633854802e+01,0.000000000000000000e+00
3.930052500370993585e+01,0.000000000000000000e+00
3.435853297240640813e+01,0.000000000000000000e+00
3.985194335179189551e+01,0.000000000000000000e+00
3.823107708065055022e+01,0.000000000000000000e+00
3.635304297212457669e+01,0.000000000000000000e+00
3.466985056422807787e+01,0.000000000000000000e+00
3.776476043534078286e+01,0.000000000000000000e+00
4.171684820041132014e+01,0.000000000000000000e+00
3.945076303119432737e+01,0.000000000000000000e+00
3.401610787488191079e+01,0.000000000000000000e+00
4.083151478136190349e+01,0.000000000000000000e+00
3.464930750975640450e+01,0.000000000000000000e+00
3.962683168382103105e+01,0.000000000000000000e+00
3.658855300413196687e+01,0.000000000000000000e+00
3.917423219117929278e+01,0.000000000000000000e+00
3.838748215428049093e+01,0.000000000000000000e+00
4.059751851583023807e+01,0.000000000000000000e+00
3.972413496650251830e+01,0.000000000000000000e+00
4.042696318852402015e+01,0.000000000000000000e+00
3.742105248518791427e+01,0.000000000000000000e+00
4.072672669839480619e+01,0.000000000000000000e+00
3.770102935616002071e+01,0.000000000000000000e+00
3.767431056152985036e+01,0.000000000000000000e+00
3.901310937651811628e+01,0.000000000000000000e+00
4.306157495812431080e+01,0.000000000000000000e+00
4.096888771631499537e+01,0.000000000000000000e+00
3.835897274370147159e+01,0.000000000000000000e+00
3.951351106147309622e+01,0.000000000000000000e+00
3.628846740276260618e+01,0.000000000000000000e+00
3.975101928553679187e+01,0.000000000000000000e+00
4.126914581923860936e+01,0.000000000000000000e+00
3.966555283619247518e+01,0.000000000000000000e+00
4.121263110601690727e+01,0.000000000000000000e+00
4.271906930272851355e+01,0.000000000000000000e+00
4.071148931895960033e+01,0.000000000000000000e+00
4.178659920868361155e+01,0.000000000000000000e+00
4.198067781438685842e+01,0.000000000000000000e+00
4.033865633482309221e+01,0.000000000000000000e+00
3.969823656212899721e+01,0.000000000000000000e+00
4.445838142301172269e+01,0.000000000000000000e+00
3.901824361262817575e+01,0.000000000000000000e+00
3.915276811212481789e+01,0.000000000000000000e+00
4.030116486413894705e+01,0.000000000000000000e+00
4.394090512113223213e+01,0.000000000000000000e+00
4.471951090271268470e+01,0.000000000000000000e+00
4.045440683840264740e+01,0.000000000000000000e+00
4.067366391674265458e+01,0.000000000000000000e+00
4.079280193443773328e+01,0.000000000000000000e+00
4.060378088524416995e+01,0.000000000000000000e+00
3.978332731452351112e+01,0.000000000000000000e+00
4.334782045854262122e+01,0.000000000000000000e+00
4.001189964876298433e+01,0.000000000000000000e+00
4.219183718524485727e+01,0.000000000000000000e+00
4.421855811904318756e+01,0.000000000000000000e+00
4.118800935232406601e+01,0.000000000000000000e+00
4.117897187858175556e+01,0.000000000000000000e+00
3.993124563453297782e+01,0.000000000000000000e+00
4.402597771190384179e+01,0.000000000000000000e+00
4.245658270248143396e+01,0.000000000000000000e+00
4.277129256803780777e+01,0.000000000000000000e+00
4.641869022079460905e+01,0.000000000000000000e+00
4.171998928575036558e+01,0.000000000000000000e+00
4.235360374564693586e+01,0.000000000000000000e+00
4.182032544672463814e+01,0.000000000000000000e+00
4.005032460235668879e+01,0.000000000000000000e+00
4.011033076527216679e+01,0.000000000000000000e+00
4.231368820651216822e+01,0.000000000000000000e+00
4.451826470516467538e+01,0.000000000000000000e+00
4.287429134442135137e+01,0.000000000000000000e+00
4.113672989473754171e+01,0.000000000000000000e+00
4.386846823297570097e+01,0.000000000000000000e+00
4.704625627492551843e+01,0.000000000000000000e+00
4.035785841774909954e+01,0.000000000000000000e+00
4.004701367034169834e+01,0.000000000000000000e+00
4.617856501869913188e+01,0.000000000000000000e+00
4.129600779627582341e+01,0.000000000000000000e+00
4.336906976095179544e+01,0.000000000000000000e+00
4.269579919510762522e+01,0.000000000000000000e+00
4.388155851618316916e+01,0.000000000000000000e+00
4.196994311392209198e+01,0.000000000000000000e+00
4.261646399767224835e+01,0.000000000000000000e+00
4.419762934721349978e+01,0.000000000000000000e+00
4.670919480996662543e+01,0.000000000000000000e+00
4.205489603702436341e+01,0.000000000000000000e+00
4.493722585361838640e+01,0.000000000000000000e+00
4.445831120633200584e+01,0.000000000000000000e+00
4.213062553830637569e+01,0.000000000000000000e+00
4.950556679294898998e+01,0.000000000000000000e+00
4.689893318822434765e+01,0.000000000000000000e+00
3.994606409983307316e+01,0.000000000000000000e+00
4.733773063088827371e+01,0.000000000000000000e+00
4.695011145048405155e+01,0.000000000000000000e+00
4.431266753652541723e+01,0.000000000000000000e+00
4.479106914342566625e+01,0.000000000000000000e+00
4.388670044519086844e+01,0.000000000000000000e+00
4.582701277182513167e+01,0.000000000000000000e+00
4.666147675556415209e+01,0.000000000000000000e+00
4.494063183447650545e+01,0.000000000000000000e+00
4.688224898713828281e+01,0.000000000000000000e+00
4.540531841452830975e+01,0.000000000000000000e+00
4.766943142250399745e+01,0.000000000000000000e+00
4.791840056785255797e+01,0.000000000000000000e+00
4.444149820338772372e+01,0.000000000000000000e+00
4.225168585834094870e+01,0.000000000000000000e+00
4.520230658971169646e+01,0.000000000000000000e+00
4.451085952966649728e+01,0.000000000000000000e+00
4.547307419558006814e+01,0.000000000000000000e+00
4.696924377453884603e+01,0.000000000000000000e+00
4.882742156796712152e+01,0.000000000000000000e+00
4.288344344759984494e+01,0.000000000000000000e+00
4.653202117148231309e+01,0.000000000000000000e+00
4.505344494558032409e+01,0.000000000000000000e+00
4.594249798322782397e+01,0.000000000000000000e+00
4.635242325153089382e+01,0.000000000000000000e+00
4.868783369895622570e+01,0.000000000000000000e+00
4.439124131133251439e+01,0.000000000000000000e+00
4.771039340762128944e+01,0.000000000000000000e+00
4.417663329559857743e+01,0.000000000000000000e+00
4.718100232744086497e+01,0.000000000000000000e+00
4.837771286374909607e+01,0.000000000000000000e+00
4.656014104903898954e+01,0.000000000000000000e+00
4.503416430365741974e+01,0.000000000000000000e+00
4.853072384353095714e+01,0.000000000000000000e+00
4.800989739202093176e+01,0.000000000000000000e+00
4.402580655668243281e+01,0.000000000000000000e+00
4.999283893835742987e+01,0.000000000000000000e+00
5.143164115237025413e+01,0.000000000000000000e+00
4.975346339485082581e+01,0.000000000000000000e+00
5.229076951224025294e+01,0.000000000000000000e+00
4.302030299650467526e+01,0.000000000000000000e+00
4.784514116544440299e+01,0.000000000000000000e+00
4.821636649751393122e+01,0.000000000000000000e+00
4.540940479911728289e+01,0.000000000000000000e+00
4.767280476396229716e+01,0.000000000000000000e+00
5.035283137988227509e+01,0.000000000000000000e+00
4.856579825625822622e+01,0.000000000000000000e+00
5.035065133974555351e+01,0.000000000000000000e+00
4.840164472038237875e+01,0.000000000000000000e+00
4.949751253655441730e+01,0.000000000000000000e+00
4.936110495846737933e+01,0.000000000000000000e+00
4.744689495605108220e+01,0.000000000000000000e+00
4.892777587947959006e+01,0.000000000000000000e+00
4.942855400076249595e+01,0.000000000000000000e+00
5.313781734744859619e+01,0.000000000000000000e+00
4.871132662329384999e+01,0.000000000000000000e+00
4.867759536301801404e+01,0.000000000000000000e+00
4.488993059695415866e+01,0.000000000000000000e+00
4.564042771959047684e+01,0.000000000000000000e+00
4.807045144161759964e+01,0.000000000000000000e+00
4.650701788127942393e+01,0.000000000000000000e+00
4.860617823594612474e+01,0.000000000000000000e+00
4.910142965260310888e+01,0.000000000000000000e+00
5.013417696102756338e+01,0.000000000000000000e+00
5.327258912879872810e+01,0.000000000000000000e+00
5.044485892682232020e+01,0.000000000000000000e+00
5.111717587143456853e+01,0.000000000000000000e+00
4.770428503037272350e+01,0.000000000000000000e+00
5.079635974931002806e+01,0.000000000000000000e+00
5.392431710393947952e+01,0.000000000000000000e+00
4.947516808606452798e+01,0.000000000000000000e+00
4.895579839812776868e+01,0.000000000000000000e+00
5.098605950813815468e+01,0.000000000000000000e+00
5.266779643345435602e+01,0.000000000000000000e+00
5.485572214099631339e+01,0.000000000000000000e+00
4.676763301171872911e+01,0.000000000000000000e+00
5.406812406638204749e+01,0.000000000000000000e+00
5.070518162326701628e+01,0.000000000000000000e+00
5.102795566212355283e+01,0.000000000000000000e+00
5.217962057317662783e+01,0.000000000000000000e+00
5.367199384936511564e+01,0.000000000000000000e+00
5.389650252163331601e+01,0.000000000000000000e+00
4.959632279365583685e+01,0.000000000000000000e+00
4.939377453083166358e+01,0.000000000000000000e+00
4.904904733022317487e+01,0.000000000000000000e+00
5.193768439130150938e+01,0.000000000000000000e+00
4.837267399207951968e+01,0.000000000000000000e+00
5.530890352338541760e+01,0.000000000000000000e+00
5.121229012833460104e+01,0.000000000000000000e+00
5.322854132817369077e+01,0.000000000000000000e+00
5.298679941932326187e+01,0.000000000000000000e+00
5.312270054291357724e+01,0.000000000000000000e+00
5.423196023403150434e+01,0.000000000000000000e+00
5.476085709204660645e+01,0.000000000000000000e+00
5.000669762870647617e+01,0.000000000000000000e+00
5.078391669239930195e+01,0.000000000000000000e+00
5.140394959341799108e+01,0.000000000000000000e+00
5.245621477400946020e+01,0.000000000000000000e+00
5.233239946045854651e+01,0.000000000000000000e+00
5.602836518042954594e+01,0.000000000000000000e+00
5.151365446205483778e+01,0.000000000000000000e+00
5.309117114590559794e+01,0.000000000000000000e+00
5.551726622614749829e+01,0.000000000000000000e+00
5.314231726796414534e+01,0.000000000000000000e+00
5.018944642426192360e+01,0.000000000000000000e+00
5.559467224993056789e+01,0.000000000000000000e+00
5.727202448800683499e+01,0.000000000000000000e+00
5.465200511757309698e+01,0.000000000000000000e+00
5.225228289144114058e+01,0.000000000000000000e+00
5.276248404343760257e+01,0.000000000000000000e+00
5.318011912860949053e+01,0.000000000000000000e+00
5.240946138267449328e+01,0.000000000000000000e+00
5.275103321044402094e+01,0.000000000000000000e+00
5.632812965061317101e+01,0.000000000000000000e+00
5.345867401361742566e+01,0.000000000000000000e+00
5.817288471340181388e+01,0.000000000000000000e+00
5.365258511293307464e+01,0.000000000000000000e+00
5.500819528941605796e+01,0.000000000000000000e+00
5.709677379800368868e+01,0.000000000000000000e+00
5.250552859154526431e+01,0.000000000000000000e+00
5.549923063622902930e+01,0.000000000000000000e+00
5.672090528190974368e+01,0.000000000000000000e+00
5.160674762196110521e+01,0.000000000000000000e+00
5.755627630406621620e+01,0.000000000000000000e+00
5.639431539163050644e+01,0.000000000000000000e+00
5.592054610996741815e+01,0.000000000000000000e+00
5.440071875355397424e+01,0.000000000000000000e+00
5.445878357178148832e+01,0.000000000000000000e+00
5.656015137943490600e+01,0.000000000000000000e+00
5.413672833841093279e+01,0.000000000000000000e+00
5.316032020688912496e+01,0.000000000000000000e+00
5.967062488174197199e+01,0.000000000000000000e+00
5.414753953188128577e+01,0.000000000000000000e+00
5.487308799245241175e+01,0.000000000000000000e+00
5.380082933418495372e+01,0.000000000000000000e+00
5.467209646490331210e+01,0.000000000000000000e+00
5.641574041320778576e+01,0.000000000000000000e+00
5.762771860642222066e+01,0.000000000000000000e+00
5.625742276924757590e+01,0.000000000000000000e+00
5.547432016230589369e+01,0.000000000000000000e+00
5.529454239713225405e+01,0.000000000000000000e+00
5.585110190979637679e+01,0.000000000000000000e+00
5.796663443542018257e+01,0.000000000000000000e+00
5.506216774601345776e+01,0.000000000000000000e+00
5.647685787746678443e+01,0.000000000000000000e+00
5.863925208677337508e+01,0.000000000000000000e+00
5.556248425502855781e+01,0.000000000000000000e+00
5.781539312878422265e+01,0.000000000000000000e+00
5.911267350838092938e+01,0.000000000000000000e+00
5.766513733824962884e+01,0.000000000000000000e+00
5.381838160311604469e+01,0.000000000000000000e+00
5.718723903288372412e+01,0.000000000000000000e+00
5.901247327177956947e+01,0.000000000000000000e+00
5.632531102832884784e+01,0.000000000000000000e+00
5.432821250257737944e+01,0.000000000000000000e+00
5.253862123575595433e+01,0.000000000000000000e+00
5.394045932653314424e+01,0.000000000000000000e+00
5.791870942629906693e+01,0.000000000000000000e+00
5.721730239571125054e+01,0.000000000000000000e+00
5.689894468691365859e+01,0.000000000000000000e+00
5.668658272672109888e+01,0.000000000000000000e+00
5.829510568781885382e+01,0.000000000000000000e+00
5.502443333688925264e+01,0.000000000000000000e+00
5.841381597850692486e+01,0.000000000000000000e+00
5.637710637984891804e+01,0.000000000000000000e+00
5.662566664383594173e+01,0.000000000000000000e+00
5.957483342386235137e+01,0.000000000000000000e+00
5.854552072989523737e+01,0.000000000000000000e+00
5.889439564133571281e+01,0.000000000000000000e+00
6.036406166583135757e+01,0.000000000000000000e+00
6.179312020415522255e+01,0.000000000000000000e+00
5.545149306325678396e+01,0.000000000000000000e+00
5.576004307050187236e+01,0.000000000000000000e+00
5.886289070077614838e+01,0.000000000000000000e+00
5.863101700843861863e+01,0.000000000000000000e+00
5.847418319846108403e+01,0.000000000000000000e+00
5.500521379216878159e+01,0.000000000000000000e+00
5.805682869543426960e+01,0.000000000000000000e+00
6.108512064498291494e+01,0.000000000000000000e+00
5.914589058932334353e+01,0.000000000000000000e+00
5.900437772062051067e+01,0.000000000000000000e+00
5.995143508454438575e+01,0.000000000000000000e+00
6.416297403946853706e+01,0.000000000000000000e+00
6.002785067186869128e+01,0.000000000000000000e+00
6.146240510459852402e+01,0.000000000000000000e+00
5.810386856840956682e+01,0.000000000000000000e+00
5.812521893263247108e+01,0.000000000000000000e+00
6.036803161054968569e+01,0.000000000000000000e+00
6.101477094934659107e+01,0.000000000000000000e+00
5.882602915819674649e+01,0.000000000000000000e+00
5.867176985616161033e+01,0.000000000000000000e+00
5.843726169132321502e+01,0.000000000000000000e+00
6.020446838724745220e+01,0.000000000000000000e+00
5.927542320984839108e+01,0.000000000000000000e+00
5.931406049407038950e+01,0.000000000000000000e+00
6.268997829178795200e+01,0.000000000000000000e+00
6.400290966739254372e+01,0.000000000000000000e+00
6.191639365364665792e+01,0.000000000000000000e+00
6.180563229423415805e+01,0.000000000000000000e+00
6.133675277776865897e+01,0.000000000000000000e+00
6.234886479640395862e+01,0.000000000000000000e+00
5.797121144522322567e+01,0.000000000000000000e+00
6.271870878068433086e+01,0.000000000000000000e+00
6.265663983206207632e+01,0.000000000000000000e+00
6.140633245244421801e+01,0.000000000000000000e+00
5.920461272725463431e+01,0.000000000000000000e+00
6.309531600750621294e+01,0.000000000000000000e+00
6.565500885799269781e+01,0.000000000000000000e+00
6.141507153046760692e+01,0.000000000000000000e+00
6.449275032241538952e+01,0.000000000000000000e+00
6.401157996645761727e+01,0.000000000000000000e+00
5.968141213961039426e+01,0.000000000000000000e+00
6.106367488205511052e+01,0.000000000000000000e+00
6.586576388089279988e+01,0.000000000000000000e+00
6.117255378206422023e+01,0.000000000000000000e+00
5.721488048916990721e+01,0.000000000000000000e+00
6.013578355370068351e+01,0.000000000000000000e+00
6.286545058039097000e+01,0.000000000000000000e+00
6.130186047412335881e+01,0.000000000000000000e+00
6.585268451554597391e+01,0.000000000000000000e+00
5.967703952289215152e+01,0.000000000000000000e+00
6.385168924837505955e+01,0.000000000000000000e+00
6.146842974726194342e+01,0.000000000000000000e+00
6.067545768016053387e+01,0.000000000000000000e+00
6.068293313777327569e+01,0.000000000000000000e+00
6.539830465865614428e+01,0.000000000000000000e+00
6.560247816958211331e+01,0.000000000000000000e+00
6.413938580297715930e+01,0.000000000000000000e+00
6.291158382255021309e+01,0.000000000000000000e+00
6.419587463598435306e+01,0.000000000000000000e+00
6.216148085822661784e+01,0.000000000000000000e+00
6.445851830270906646e+01,0.000000000000000000e+00
6.501801225406471474e+01,0.000000000000000000e+00
6.420103860990553812e+01,0.000000000000000000e+00
6.382200800058354417e+01,0.000000000000000000e+00
6.490101388066300103e+01,0.000000000000000000e+00
6.396837257455875658e+01,0.000000000000000000e+00
6.131351940557335922e+01,0.000000000000000000e+00
6.325449297054859699e+01,0.000000000000000000e+00
6.469489982150578555e+01,0.000000000000000000e+00
6.148586119812718920e+01,0.000000000000000000e+00
6.495240533494030899e+01,0.000000000000000000e+00
6.228931158546978963e+01,0.000000000000000000e+00
6.755540445043358488e+01,0.000000000000000000e+00
6.345400780704527222e+01,0.000000000000000000e+00
6.608519010457884235e+01,0.000000000000000000e+00
5.993775188768721307e+01,0.000000000000000000e+00
6.383345818576160724e+01,0.000000000000000000e+00
6.362894052550232260e+01,0.000000000000000000e+00
6.306257969058628277e+01,0.000000000000000000e+00
6.723136556567040145e+01,0.000000000000000000e+00
6.597766629091117352e+01,0.000000000000000000e+00
6.544679160919410776e+01,0.000000000000000000e+00
6.433935702634755671e+01,0.000000000000000000e+00
6.825132011789290232e+01,0.000000000000000000e+00
6.761794247813601544e+01,0.000000000000000000e+00
6.848098381729303696e+01,0.000000000000000000e+00
6.304554650556347184e+01,0.000000000000000000e+00
6.728926583039556419e+01,0.000000000000000000e+00
6.282781814014476396e+01,0.000000000000000000e+00
6.567306702861124279e+01,0.000000000000000000e+00
6.628745061190110732e+01,0.000000000000000000e+00
6.515987444070542267e+01,0.000000000000000000e+00
6.419918647076588059e+01,0.000000000000000000e+00
6.725655780091197755e+01,0.000000000000000000e+00
6.605104159528838181e+01,0.000000000000000000e+00
6.373514380275494773e+01,0.000000000000000000e+00
6.354488674980433416e+01,0.000000000000000000e+00
6.757526233643690716e+01,0.000000000000000000e+00
6.793618545847213852e+01,0.000000000000000000e+00
6.331186947822975952e+01,0.000000000000000000e+00
6.569446015324200516e+01,0.000000000000000000e+00
6.540217063076251236e+01,0.000000000000000000e+00
6.664119571254001073e+01,0.000000000000000000e+00
6.413590178836058442e+01,0.000000000000000000e+00
6.472767701753539882e+01,0.000000000000000000e+00
6.761463291395493513e+01,0.000000000000000000e+00
6.981302757666614411e+01,0.000000000000000000e+00
6.557858122140063983e+01,0.000000000000000000e+00
6.308779619458833565e+01,0.000000000000000000e+00
6.608667394687573449e+01,0.000000000000000000e+00
7.181549658990628870e+01,0.000000000000000000e+00
6.612919467413014729e+01,0.000000000000000000e+00
6.558720952040054897e+01,0.000000000000000000e+00
6.911395146383671317e+01,0.000000000000000000e+00
7.092856623001817695e+01,0.000000000000000000e+00
6.719750909520662674e+01,0.000000000000000000e+00
6.474452542247901476e+01,0.000000000000000000e+00
6.779791932332122428e+01,0.000000000000000000e+00
6.708301767190080511e+01,0.000000000000000000e+00
6.495685095130033915e+01,0.000000000000000000e+00
6.676591558438629193e+01,0.000000000000000000e+00
6.954443400692615285e+01,0.000000000000000000e+00
6.273362212283360151e+01,0.000000000000000000e+00
6.728875460432061573e+01,0.000000000000000000e+00
7.076346323263605598e+01,0.000000000000000000e+00
6.664407485298723088e+01,0.000000000000000000e+00
7.092352189578970467e+01,0.000000000000000000e+00
6.707045935834048578e+01,0.000000000000000000e+00
7.011186808421588523e+01,0.000000000000000000e+00
6.436353760295105531e+01,0.000000000000000000e+00
6.312180335055790437e+01,0.000000000000000000e+00
6.580128244736779664e+01,0.000000000000000000e+00
6.710540916430080927e+01,0.000000000000000000e+00
7.016890957768478643e+01,0.000000000000000000e+00
6.938335753211308088e+01,0.000000000000000000e+00
7.077552157032305047e+01,0.000000000000000000e+00
6.719346046748060530e+01,0.000000000000000000e+00
6.868643462550943468e+01,0.000000000000000000e+00
6.794782343187962681e+01,0.000000000000000000e+00
6.960458490304633017e+01,0.000000000000000000e+00
6.911571499695305931e+01,0.000000000000000000e+00
6.972455296075972342e+01,0.000000000000000000e+00
6.771584058481677459e+01,0.000000000000000000e+00
6.325350716708508259e+01,0.000000000000000000e+00
6.856907323410395350e+01,0.000000000000000000e+00
6.874609255446596023e+01,0.000000000000000000e+00
6.794378966839420286e+01,0.000000000000000000e+00
7.342576059366200525e+01,0.000000000000000000e+00
7.109735913773803873e+01,0.000000000000000000e+00
7.136848812278763887e+01,0.000000000000000000e+00
7.102208620222360480e+01,0.000000000000000000e+00
7.417991045363328340e+01,0.000000000000000000e+00
7.201070286184615554e+01,0.000000000000000000e+00
6.969423818303938845e+01,0.000000000000000000e+00
6.527816429020090538e+01,0.000000000000000000e+00
6.861583892627784564e+01,0.000000000000000000e+00
7.015718244114931679e+01,0.000000000000000000e+00
6.878506038511996223e+01,0.000000000000000000e+00
6.802777705840624378e+01,0.000000000000000000e+00
7.082614141373946381e+01,0.000000000000000000e+00
7.018213469984826247e+01,0.000000000000000000e+00
6.890216056508890574e+01,0.000000000000000000e+00
7.212028802823353146e+01,0.000000000000000000e+00
6.943440801226417136e+01,0.000000000000000000e+00
7.230587637873222207e+01,0.000000000000000000e+00
6.915155846967839182e+01,0.000000000000000000e+00
6.875740016962309653e+01,0.000000000000000000e+00
7.047223637790676776e+01,0.000000000000000000e+00
6.935439757481066181e+01,0.000000000000000000e+00
6.873657359584964865e+01,0.000000000000000000e+00
7.061947162059789207e+01,0.000000000000000000e+00
7.307108585789191579e+01,0.000000000000000000e+00
7.010917020340548333e+01,0.000000000000000000e+00
7.126732644613842638e+01,0.000000000000000000e+00
7.285424836124053627e+01,0.000000000000000000e+00
6.849672198888424646e+01,0.000000000000000000e+00
6.976611999495067096e+01,0.000000000000000000e+00
7.319238216246199613e+01,0.000000000000000000e+00
7.437283407224478538e+01,0.000000000000000000e+00
7.016427574003319023e+01,0.000000000000000000e+00
7.127152386035521658e+01,0.000000000000000000e+00
7.169495872935947034e+01,0.000000000000000000e+00
7.017196779186745914e+01,0.000000000000000000e+00
7.262458300030725411e+01,0.000000000000000000e+00
7.003152169707243502e+01,0.000000000000000000e+00
7.275420444638918127e+01,0.000000000000000000e+00
7.436908509082840624e+01,0.000000000000000000e+00
7.192694999549470936e+01,0.000000000000000000e+00
7.319535056336526679e+01,0.000000000000000000e+00
7.428659994099891151e+01,0.000000000000000000e+00
7.389778154558128165e+01,0.000000000000000000e+00
7.649484090517914581e+01,0.000000000000000000e+00
7.090590282467013594e+01,0.000000000000000000e+00
7.066517881525565770e+01,0.000000000000000000e+00
7.225990888170184689e+01,0.000000000000000000e+00
7.146982035409133971e+01,0.000000000000000000e+00
7.058239706206062181e+01,0.000000000000000000e+00
7.080054675378228524e+01,0.000000000000000000e+00
7.261924534057628478e+01,0.000000000000000000e+00
7.266625363269763227e+01,0.000000000000000000e+00
7.183620903523956258e+01,0.000000000000000000e+00
7.044111366910830441e+01,0.000000000000000000e+00
7.339132882313094797e+01,0.000000000000000000e+00
7.232159405790008577e+01,0.000000000000000000e+00
7.176381817507174787e+01,0.000000000000000000e+00
7.135222355864929966e+01,0.000000000000000000e+00
7.563914395905180754e+01,0.000000000000000000e+00
7.434741774867333675e+01,0.000000000000000000e+00
6.970782353888367311e+01,0.000000000000000000e+00
7.461197706336275814e+01,0.000000000000000000e+00
7.275629440383373492e+01,0.000000000000000000e+00
7.446924036418370463e+01,0.000000000000000000e+00
7.236738771986439644e+01,0.000000000000000000e+00
7.295780376666974121e+01,0.000000000000000000e+00
7.266002537036069953e+01,0.000000000000000000e+00
7.110443855855984907e+01,0.000000000000000000e+00
7.581489265652905374e+01,0.000000000000000000e+00
6.899627586668518120e+01,0.000000000000000000e+00
7.324181512205123568e+01,0.000000000000000000e+00
7.498659658104810433e+01,0.000000000000000000e+00
7.121733438293703955e+01,0.000000000000000000e+00
7.177410045086038792e+01,0.000000000000000000e+00
7.315658969047989046e+01,0.000000000000000000e+00
7.520546531335806151e+01,0.000000000000000000e+00
7.527692027960875976e+01,0.000000000000000000e+00
7.304980067963509782e+01,0.000000000000000000e+00
7.195506883817390076e+01,0.000000000000000000e+00
7.054282988649272568e+01,0.000000000000000000e+00
7.578615267925060550e+01,0.000000000000000000e+00
7.356251603010991857e+01,0.000000000000000000e+00
7.293830666865456180e+01,0.000000000000000000e+00
7.290293096100489834e+01,0.000000000000000000e+00
7.250437944850020244e+01,0.000000000000000000e+00
7.265229503163159563e+01,0.000000000000000000e+00
7.665992342179032448e+01,0.000000000000000000e+00
7.393020452830549516e+01,0.000000000000000000e+00
6.873565248520058901e+01,0.000000000000000000e+00
7.359958304994036382e+01,0.000000000000000000e+00
7.469167496972022491e+01,0.000000000000000000e+00
7.534381097180266806e+01,0.000000000000000000e+00
7.626571289641258033e+01,0.000000000000000000e+00
7.438535555857231429e+01,0.000000000000000000e+00
7.327694941771252957e+01,0.000000000000000000e+00
7.628385692833160192e+01,0.000000000000000000e+00
7.279327653487395366e+01,0.000000000000000000e+00
7.279411315621425160e+01,0.000000000000000000e+00
7.332439756584300028e+01,0.000000000000000000e+00
7.571106410227605465e+01,0.000000000000000000e+00
7.239761809808091186e+01,0.000000000000000000e+00
7.251031883358760410e+01,0.000000000000000000e+00
7.367945924351835174e+01,0.000000000000000000e+00
7.559643093971743610e+01,0.000000000000000000e+00
7.335264670772954787e+01,0.000000000000000000e+00
7.348635355353123089e+01,0.000000000000000000e+00
7.383586449659188133e+01,0.000000000000000000e+00
7.478540934584079025e+01,0.000000000000000000e+00
7.465158856171670720e+01,0.000000000000000000e+00
7.416018061603632816e+01,0.000000000000000000e+00
7.589021247298936146e+01,0.000000000000000000e+00
7.664341216953347669e+01,0.000000000000000000e+00
7.570282918224859259e+01,0.000000000000000000e+00
7.530992751080538028e+01,0.000000000000000000e+00
7.673537997130738120e+01,0.000000000000000000e+00
7.696920771711542386e+01,0.000000000000000000e+00
7.190151428983391213e+01,0.000000000000000000e+00
7.080970709198025759e+01,0.000000000000000000e+00
7.201052064453659796e+01,0.000000000000000000e+00
7.538638418589852108e+01,0.000000000000000000e+00
7.405727104470733480e+01,0.000000000000000000e+00
7.848870132136779887e+01,0.000000000000000000e+00
7.443112623022133789e+01,0.000000000000000000e+00
7.725682147939549793e+01,0.000000000000000000e+00
7.680119889371118802e+01,0.000000000000000000e+00
7.275350729372814840e+01,0.000000000000000000e+00
7.680457654496942155e+01,0.000000000000000000e+00
7.675689856031556246e+01,0.000000000000000000e+00
7.774301494912857891e+01,0.000000000000000000e+00
7.799347352353787244e+01,0.000000000000000000e+00
7.724879504751000070e+01,0.000000000000000000e+00
7.598327878607750563e+01,0.000000000000000000e+00
7.864180538102731077e+01,0.000000000000000000e+00
7.473108891640713125e+01,0.000000000000000000e+00
8.070670748123396265e+01,0.000000000000000000e+00
7.417146967567349236e+01,0.000000000000000000e+00
7.593567297363402702e+01,0.000000000000000000e+00
7.415651896795982623e+01,0.000000000000000000e+00
7.660822928257138642e+01,0.000000000000000000e+00
7.609997595978026652e+01,0.000000000000000000e+00
7.617558417060976694e+01,0.000000000000000000e+00
8.060554298121094519e+01,0.000000000000000000e+00
7.878933839188690058e+01,0.000000000000000000e+00
7.667970403970441851e+01,0.000000000000000000e+00
7.758840038505795178e+01,0.000000000000000000e+00
7.948786039658341451e+01,0.000000000000000000e+00
7.361208858169126756e+01,0.000000000000000000e+00
7.745008365365988823e+01,0.000000000000000000e+00
7.614361205737250771e+01,0.000000000000000000e+00
7.726875039623469377e+01,0.000000000000000000e+00
7.897234340046612999e+01,0.000000000000000000e+00
7.862847391741132697e+01,0.000000000000000000e+00
7.961317806193260083e+01,0.000000000000000000e+00
7.444001662497559835e+01,0.000000000000000000e+00
8.363879421019613858e+01,0.000000000000000000e+00
8.029425436813893668e+01,0.000000000000000000e+00
7.938298467748256826e+01,0.000000000000000000e+00
7.763246555007577854e+01,0.000000000000000000e+00
7.847961522795125688e+01,0.000000000000000000e+00
8.071175175577124605e+01,0.000000000000000000e+00
7.927675013998963038e+01,0.000000000000000000e+00
7.770529334761948803e+01,0.000000000000000000e+00
7.921610477583212173e+01,0.000000000000000000e+00
7.314057904369491325e+01,0.000000000000000000e+00
7.419968416290463153e+01,0.000000000000000000e+00
8.080020732096967606e+01,0.000000000000000000e+00
7.719852349314587059e+01,0.000000000000000000e+00
7.731674287339917839e+01,0.000000000000000000e+00
7.533222367697568700e+01,0.000000000000000000e+00
7.910764791626576198e+01,0.000000000000000000e+00
7.478875504113774753e+01,0.000000000000000000e+00
7.641080525790886213e+01,0.000000000000000000e+00
7.522445643137679383e+01,0.000000000000000000e+00
7.772096004707792360e+01,0.000000000000000000e+00
7.991557230547107338e+01,0.000000000000000000e+00
7.534005946538478327e+01,0.000000000000000000e+00
8.075643357032259928e+01,0.000000000000000000e+00
7.599072658502261390e+01,0.000000000000000000e+00
7.785733976755594199e+01,0.000000000000000000e+00
7.667835039649463624e+01,0.000000000000000000e+00
7.836724560630354119e+01,0.000000000000000000e+00
7.691298907027764642e+01,0.000000000000000000e+00
7.752514243725519805e+01,0.000000000000000000e+00
7.351262999954019506e+01,0.000000000000000000e+00
7.826101821189223529e+01,0.000000000000000000e+00
7.783928514996480885e+01,0.000000000000000000e+00
7.712275460787576264e+01,0.000000000000000000e+00
7.962350370543363454e+01,0.000000000000000000e+00
7.540053885324203975e+01,0.000000000000000000e+00
7.969507248145684741e+01,0.000000000000000000e+00
7.533203522094464688e+01,0.000000000000000000e+00
7.965641398294793873e+01,0.000000000000000000e+00
7.775972951015972967e+01,0.000000000000000000e+00
7.609474069934678653e+01,0.000000000000000000e+00
8.066577963646113858e+01,0.000000000000000000e+00
8.017055818591892091e+01,0.000000000000000000e+00
7.702156840075349464e+01,0.000000000000000000e+00
7.737087347436101936e+01,0.000000000000000000e+00
7.867743202210100151e+01,0.000000000000000000e+00
7.919145327129839984e+01,0.000000000000000000e+00
7.628439261293014795e+01,0.000000000000000000e+00
7.906480199074526638e+01,0.000000000000000000e+00
7.540252251606848688e+01,0.000000000000000000e+00
7.688516034254209330e+01,0.000000000000000000e+00
7.939456062282251025e+01,0.000000000000000000e+00
7.821277915176361262e+01,0.000000000000000000e+00
7.655377813959293576e+01,0.000000000000000000e+00
7.552190480756846114e+01,0.000000000000000000e+00
7.850396912613381062e+01,0.000000000000000000e+00
8.202741843900835761e+01,0.000000000000000000e+00
7.894856886565573006e+01,0.000000000000000000e+00
8.152120646961392936e+01,0.000000000000000000e+00
7.715611311439087672e+01,0.000000000000000000e+00
7.877250397920546732e+01,0.000000000000000000e+00
7.853424852839093262e+01,0.000000000000000000e+00
7.811028077748740372e+01,0.000000000000000000e+00
7.933155947242538275e+01,0.000000000000000000e+00
7.918468221187187339e+01,0.000000000000000000e+00
7.750455094765651154e+01,0.000000000000000000e+00
7.780083391866867260e+01,0.000000000000000000e+00
7.732583237584162816e+01,0.000000000000000000e+00
8.213135995105771769e+01,0.000000000000000000e+00
8.016488613044887757e+01,0.000000000000000000e+00
8.174704627495718512e+01,0.000000000000000000e+00
7.900792189496868900e+01,0.000000000000000000e+00
8.022431515824004578e+01,0.000000000000000000e+00
8.234080555675654978e+01,0.000000000000000000e+00
7.674549096186261465e+01,0.000000000000000000e+00
8.034388591314800010e+01,0.000000000000000000e+00
7.932602095286925703e+01,0.000000000000000000e+00
7.702849686376859495e+01,0.000000000000000000e+00
7.369097809540977551e+01,0.000000000000000000e+00
8.209363993760783274e+01,0.000000000000000000e+00
7.955652286622786562e+01,0.000000000000000000e+00
7.788618235544083745e+01,0.000000000000000000e+00
7.662469246478815421e+01,0.000000000000000000e+00
8.021898490198523746e+01,0.000000000000000000e+00
8.019950095822908054e+01,0.000000000000000000e+00
7.836682715332794658e+01,0.000000000000000000e+00
7.914798390583889898e+01,0.000000000000000000e+00
7.989801849170819992e+01,0.000000000000000000e+00
7.879783724585985283e+01,0.000000000000000000e+00
8.102789328834278137e+01,0.000000000000000000e+00
7.795042072485696849e+01,0.000000000000000000e+00
8.009186135739636825e+01,0.000000000000000000e+00
7.584741649539219566e+01,0.000000000000000000e+00
8.056165589179647668e+01,0.000000000000000000e+00
8.100398017941856210e+01,0.000000000000000000e+00
7.650873826535752187e+01,0.000000000000000000e+00
7.990739430005218935e+01,0.000000000000000000e+00
7.943004800700151691e+01,0.000000000000000000e+00
7.918541214031036191e+01,0.000000000000000000e+00
7.781492529415346837e+01,0.000000000000000000e+00
8.379443965259866900e+01,0.000000000000000000e+00
7.740488501406642285e+01,0.000000000000000000e+00
7.726966204769637159e+01,0.000000000000000000e+00
8.079011627786651673e+01,0.000000000000000000e+00
7.655507927213444930e+01,0.000000000000000000e+00
8.006449437670035252e+01,0.000000000000000000e+00
7.814659134146302222e+01,0.000000000000000000e+00
7.893419981640610672e+01,0.000000000000000000e+00
7.688432076520568614e+01,0.000000000000000000e+00
7.789127523423626087e+01,0.000000000000000000e+00
7.963374748834668537e+01,0.000000000000000000e+00
7.756783049257178675e+01,0.000000000000000000e+00
8.051043808075142749e+01,0.000000000000000000e+00
7.825467534455609098e+01,0.000000000000000000e+00
8.101214008289257151e+01,0.000000000000000000e+00
8.170156079122858728e+01,0.000000000000000000e+00
7.743201323521471124e+01,0.000000000000000000e+00
7.792472470390748640e+01,0.000000000000000000e+00
8.096138743083166389e+01,0.000000000000000000e+00
8.254206577779245890e+01,0.000000000000000000e+00
8.140630195843917249e+01,0.000000000000000000e+00
7.874193031841343782e+01,0.000000000000000000e+00
7.554381997117468472e+01,0.000000000000000000e+00
8.437547585410729312e+01,0.000000000000000000e+00
7.765750918221169741e+01,0.000000000000000000e+00
7.933719647718778845e+01,0.000000000000000000e+00
7.987395405051731245e+01,0.000000000000000000e+00
8.110728495989704356e+01,0.000000000000000000e+00
7.849844386872744906e+01,0.000000000000000000e+00
8.598985996964464107e+01,0.000000000000000000e+00
7.675448094695981638e+01,0.000000000000000000e+00
8.014323521275645135e+01,0.000000000000000000e+00
7.929665805982273241e+01,0.000000000000000000e+00
8.163003350929348301e+01,0.000000000000000000e+00
8.183361598281531712e+01,0.000000000000000000e+00
7.875293769995066384e+01,0.000000000000000000e+00
7.804759331783100151e+01,0.000000000000000000e+00
7.787024438144852923e+01,0.000000000000000000e+00
7.780967525791636774e+01,0.000000000000000000e+00
8.163189084773324566e+01,0.000000000000000000e+00
7.822588294106147089e+01,0.000000000000000000e+00
7.660330068351638033e+01,0.000000000000000000e+00
8.020322607834035011e+01,0.000000000000000000e+00
8.029675806871441068e+01,0.000000000000000000e+00
7.964952998268287843e+01,0.000000000000000000e+00
7.788474583083254288e+01,0.000000000000000000e+00
7.859493317875266882e+01,0.000000000000000000e+00
7.792104238909178093e+01,0.000000000000000000e+00
8.259369963349797672e+01,0.000000000000000000e+00
8.167043529016670789e+01,0.000000000000000000e+00
8.355664371154050230e+01,0.000000000000000000e+00
7.712740595224587992e+01,0.000000000000000000e+00
7.922811507695095656e+01,0.000000000000000000e+00
7.966520799475482306e+01,0.000000000000000000e+00
7.967136749179611854e+01,0.000000000000000000e+00
8.094566900851688729e+01,0.000000000000000000e+00
8.027100784465753236e+01,0.000000000000000000e+00
8.169631199461943538e+01,0.000000000000000000e+00
8.085980273809811081e+01,0.000000000000000000e+00
8.354654525919794139e+01,0.000000000000000000e+00
8.194649630559048603e+01,0.000000000000000000e+00
8.297267922529174200e+01,0.000000000000000000e+00
8.301993932603888027e+01,0.000000000000000000e+00
8.305272466136213438e+01,0.000000000000000000e+00
8.193915425133673125e+01,0.000000000000000000e+00
8.064159844711218739e+01,0.000000000000000000e+00
7.835691206638747985e+01,0.000000000000000000e+00
8.122572022269042691e+01,0.000000000000000000e+00
8.123339114998493926e+01,0.000000000000000000e+00
8.211627872077470158e+01,0.000000000000000000e+00
7.953851107884564442e+01,0.000000000000000000e+00
8.260043191280848873e+01,0.000000000000000000e+00
7.840840297963265471e+01,0.000000000000000000e+00
7.418357468314161451e+01,0.000000000000000000e+00
7.815796098655711432e+01,0.000000000000000000e+00
7.946258720572764389e+01,0.000000000000000000e+00
8.040501071717942239e+01,0.000000000000000000e+00
7.573274010657719657e+01,0.000000000000000000e+00
7.983646369940768750e+01,0.000000000000000000e+00
7.968921858321738227e+01,0.000000000000000000e+00
8.267132505066669523e+01,0.000000000000000000e+00
7.671511306304671507e+01,0.000000000000000000e+00
7.899211696576995223e+01,0.000000000000000000e+00
7.712602390279540998e+01,0.000000000000000000e+00
7.602178873264709580e+01,0.000000000000000000e+00
7.948626707217374587e+01,0.000000000000000000e+00
7.899257923019833072e+01,0.000000000000000000e+00
7.987010283295262525e+01,0.000000000000000000e+00
7.986273058195000374e+01,0.000000000000000000e+00
7.942554531848652744e+01,0.000000000000000000e+00
7.677425694107478193e+01,0.000000000000000000e+00
8.087073720993900849e+01,0.000000000000000000e+00
7.899933594006914461e+01,0.000000000000000000e+00
8.101347875702140300e+01,0.000000000000000000e+00
7.765074005986235761e+01,0.000000000000000000e+00
8.184075602352811529e+01,0.000000000000000000e+00
7.842283465572404566e+01,0.000000000000000000e+00
7.751070109959677268e+01,0.000000000000000000e+00
8.276287715714668991e+01,0.000000000000000000e+00
8.182339632667543583e+01,0.000000000000000000e+00
7.783603603843879171e+01,0.000000000000000000e+00
8.255923634821087376e+01,0.000000000000000000e+00
7.971680846166944434e+01,0.000000000000000000e+00
7.814454592652124632e+01,0.000000000000000000e+00
8.001370966638117466e+01,0.000000000000000000e+00
8.055040990960216618e+01,0.000000000000000000e+00
7.891522909971428135e+01,0.000000000000000000e+00
7.809318549674371468e+01,0.000000000000000000e+00
8.134459253688974911e+01,0.000000000000000000e+00
8.106641381609506425e+01,0.000000000000000000e+00
8.112305396825838955e+01,0.000000000000000000e+00
7.986078783974646456e+01,0.000000000000000000e+00
8.061035458983882052e+01,0.000000000000000000e+00
7.969676511330274593e+01,0.000000000000000000e+00
7.945078357842669448e+01,0.000000000000000000e+00
7.720260363452550223e+01,0.000000000000000000e+00
7.836450751438938767e+01,0.000000000000000000e+00
7.979530334926541002e+01,0.000000000000000000e+00
7.851824262076806349e+01,0.000000000000000000e+00
8.118154436585959388e+01,0.000000000000000000e+00
7.868019318175753085e+01,0.000000000000000000e+00
7.834793902914390173e+01,0.000000000000000000e+00
8.174346473453191209e+01,0.000000000000000000e+00
7.972541734684912740e+01,0.000000000000000000e+00
8.122440424917587620e+01,0.000000000000000000e+00
7.756399471605205065e+01,0.000000000000000000e+00
7.866473920863222702e+01,0.000000000000000000e+00
8.104273760023423279e+01,0.000000000000000000e+00
8.067002344317903351e+01,0.000000000000000000e+00
7.770373110688680640e+01,0.000000000000000000e+00
7.862257965105783342e+01,0.000000000000000000e+00
8.424660603251953717e+01,0.000000000000000000e+00
7.833898243698691033e+01,0.000000000000000000e+00
8.054275028586094720e+01,0.000000000000000000e+00
8.131759048457881534e+01,0.000000000000000000e+00
8.269840203467511230e+01,0.000000000000000000e+00
7.904025415281714118e+01,0.000000000000000000e+00
8.077663387449644006e+01,0.000000000000000000e+00
8.161022394416815473e+01,0.000000000000000000e+00
7.699682868792126555e+01,0.000000000000000000e+00
7.862465938600855964e+01,0.000000000000000000e+00
7.521578352981049420e+01,0.000000000000000000e+00
8.248641506898060527e+01,0.000000000000000000e+00
7.953767452090490053e+01,0.000000000000000000e+00
8.166954973175636212e+01,0.000000000000000000e+00
7.719373920602657790e+01,0.000000000000000000e+00
8.045603251035954884e+01,0.000000000000000000e+00
7.819394689739731064e+01,0.000000000000000000e+00
8.025309304842457436e+01,0.000000000000000000e+00
8.006107473427097432e+01,0.000000000000000000e+00
7.635027410162255990e+01,0.000000000000000000e+00
8.281029393679791895e+01,0.000000000000000000e+00
8.214911517255683293e+01,0.000000000000000000e+00
8.188666294607727991e+01,0.000000000000000000e+00
8.172305467939348489e+01,0.000000000000000000e+00
7.729234899947185511e+01,0.000000000000000000e+00
8.071570642554215169e+01,0.000000000000000000e+00
7.961574015736741217e+01,0.000000000000000000e+00
7.709240103397868893e+01,0.000000000000000000e+00
7.877793316377029953e+01,0.000000000000000000e+00
8.282855025120313996e+01,0.000000000000000000e+00
7.848862895556257513e+01,0.000000000000000000e+00
8.288583656517423037e+01,0.000000000000000000e+00
8.020739134238870349e+01,0.000000000000000000e+00
7.999110971333459474e+01,0.000000000000000000e+00
8.053578048483362295e+01,0.000000000000000000e+00
7.810516950695898686e+01,0.000000000000000000e+00
7.881757633446299849e+01,0.000000000000000000e+00
7.927157150650430140e+01,0.000000000000000000e+00
8.105409536104620827e+01,0.000000000000000000e+00
8.269552493894832423e+01,0.000000000000000000e+00
7.871017857663602513e+01,0.000000000000000000e+00
8.065612997032015130e+01,0.000000000000000000e+00
7.777228286767483212e+01,0.000000000000000000e+00
7.902223060618088368e+01,0.000000000000000000e+00
7.792823113274238267e+01,0.000000000000000000e+00
8.084083293685134208e+01,0.000000000000000000e+00
8.128244507080056280e+01,0.000000000000000000e+00
7.847555982966379418e+01,0.000000000000000000e+00
7.718863413835147469e+01,0.000000000000000000e+00
7.880094005567146098e+01,0.000000000000000000e+00
8.001040489390382504e+01,0.000000000000000000e+00
7.959581462599332724e+01,0.000000000000000000e+00
7.881794784975453183e+01,0.000000000000000000e+00
7.746896312581523603e+01,0.000000000000000000e+00
7.801205417764931838e+01,0.000000000000000000e+00
7.806536745287844781e+01,0.000000000000000000e+00
8.058508983411095983e+01,0.000000000000000000e+00
7.661536147231485927e+01,0.000000000000000000e+00
7.719342753239057231e+01,0.000000000000000000e+00
8.178625413340704142e+01,0.000000000000000000e+00
7.554518350445341923e+01,0.000000000000000000e+00
7.869843018538213641e+01,0.000000000000000000e+00
7.625592387056212829e+01,0.000000000000000000e+00
8.101144102579203832e+01,0.000000000000000000e+00
7.474960481683413605e+01,0.000000000000000000e+00
8.021701081189208082e+01,0.000000000000000000e+00
8.008881518028523772e+01,0.000000000000000000e+00
8.044726522139258407e+01,0.000000000000000000e+00
7.503837849078888667e+01,0.000000000000000000e+00
7.230663493611396575e+01,0.000000000000000000e+00
7.723766268735752760e+01,0.000000000000000000e+00
7.422852763123789543e+01,0.000000000000000000e+00
7.492986730007446283e+01,0.000000000000000000e+00
8.086570784289700953e+01,0.000000000000000000e+00
7.815046296711969376e+01,0.000000000000000000e+00
7.776488403857794651e+01,0.000000000000000000e+00
8.306567250452796713e+01,0.000000000000000000e+00
8.017497537588042178e+01,0.000000000000000000e+00
7.483377582963673547e+01,0.000000000000000000e+00
7.752950955205845673e+01,0.000000000000000000e+00
8.028351319528843533e+01,0.000000000000000000e+00
7.685125671872762609e+01,0.000000000000000000e+00
8.041037468085052353e+01,0.000000000000000000e+00
7.930435125420555664e+01,0.000000000000000000e+00
7.741340671143575491e+01,0.000000000000000000e+00
7.765063459813769953e+01,0.000000000000000000e+00
7.850514414646984562e+01,0.000000000000000000e+00
7.637286064760971271e+01,0.000000000000000000e+00
8.112179514147564419e+01,0.000000000000000000e+00
7.819529899806440199e+01,0.000000000000000000e+00
7.741445574188747969e+01,0.000000000000000000e+00
7.652097188793189275e+01,0.000000000000000000e+00
7.956918047042128705e+01,0.000000000000000000e+00
7.441833143397504102e+01,0.000000000000000000e+00
8.102083433025418913e+01,0.000000000000000000e+00
7.575348945532519451e+01,0.000000000000000000e+00
7.844197367532540000e+01,0.000000000000000000e+00
7.766611968685387524e+01,0.000000000000000000e+00
7.585114231282794606e+01,0.000000000000000000e+00
7.773587301267113503e+01,0.000000000000000000e+00
7.703922221330606135e+01,0.000000000000000000e+00
7.514524128861141605e+01,0.000000000000000000e+00
8.024160108604695552e+01,0.000000000000000000e+00
7.384023530308104455e+01,0.000000000000000000e+00
7.620691550807265457e+01,0.000000000000000000e+00
7.547239243518482965e+01,0.000000000000000000e+00
7.753006307165148314e+01,0.000000000000000000e+00
7.579714178076280007e+01,0.000000000000000000e+00
8.143119595261531174e+01,0.000000000000000000e+00
7.686977193618136539e+01,0.000000000000000000e+00
7.812968637062050448e+01,0.000000000000000000e+00
7.516705272624582790e+01,0.000000000000000000e+00
7.432850007453734520e+01,0.000000000000000000e+00
7.738978013621688490e+01,0.000000000000000000e+00
7.486606112388801648e+01,0.000000000000000000e+00
7.172271786004243666e+01,0.000000000000000000e+00
7.663744434641701275e+01,0.000000000000000000e+00
7.963343949943767086e+01,0.000000000000000000e+00
7.433836027181322947e+01,0.000000000000000000e+00
7.666799892308007713e+01,0.000000000000000000e+00
8.027632233058700706e+01,0.000000000000000000e+00
7.688425822376197516e+01,0.000000000000000000e+00
7.536102211898361247e+01,0.000000000000000000e+00
7.635803665028245746e+01,0.000000000000000000e+00
7.539069155894092944e+01,0.000000000000000000e+00
7.502856574542011003e+01,0.000000000000000000e+00
7.397398817263919568e+01,0.000000000000000000e+00
7.636372668416402121e+01,0.000000000000000000e+00
7.409882456581283350e+01,0.000000000000000000e+00
7.920542820543850837e+01,0.000000000000000000e+00
7.710959108321193867e+01,0.000000000000000000e+00
7.578592658525920456e+01,0.000000000000000000e+00
7.611515360789653073e+01,0.000000000000000000e+00
7.756770200048288189e+01,0.000000000000000000e+00
7.512568368126913754e+01,0.000000000000000000e+00
7.311905642912425662e+01,0.000000000000000000e+00
7.652084890417272334e+01,0.000000000000000000e+00
7.695059165621700004e+01,0.000000000000000000e+00
7.570563581500157113e+01,0.000000000000000000e+00
7.907344820621226233e+01,0.000000000000000000e+00
7.701795843717951584e+01,0.000000000000000000e+00
7.370511808172918222e+01,0.000000000000000000e+00
7.486046410513456806e+01,0.000000000000000000e+00
8.113750146107518901e+01,0.000000000000000000e+00
7.469399616555990917e+01,0.000000000000000000e+00
7.403540339035859574e+01,0.000000000000000000e+00
7.728224643963694973e+01,0.000000000000000000e+00
7.823587009741540044e+01,0.000000000000000000e+00
7.380467156933659112e+01,0.000000000000000000e+00
7.927600851271185434e+01,0.000000000000000000e+00
7.957368766656536252e+01,0.000000000000000000e+00
7.203816962487373132e+01,0.000000000000000000e+00
7.604643446645040683e+01,0.000000000000000000e+00
7.469042721684697028e+01,0.000000000000000000e+00
7.490490854539035581e+01,0.000000000000000000e+00
7.680963516278389136e+01,0.000000000000000000e+00
7.519807521643132020e+01,0.000000000000000000e+00
7.486771871298428493e+01,0.000000000000000000e+00
7.277406105274832271e+01,0.000000000000000000e+00
7.552087313664355861e+01,0.000000000000000000e+00
7.597445332401888152e+01,0.000000000000000000e+00
7.396973360180520274e+01,0.000000000000000000e+00
7.545797815677748588e+01,0.000000000000000000e+00
7.487811267797904691e+01,0.000000000000000000e+00
7.694241206222183393e+01,0.000000000000000000e+00
7.275840655947770585e+01,0.000000000000000000e+00
7.304250657525498980e+01,0.000000000000000000e+00
7.433427930028885555e+01,0.000000000000000000e+00
7.549933958155148161e+01,0.000000000000000000e+00
7.247266188936866627e+01,0.000000000000000000e+00
7.430705088620720744e+01,0.000000000000000000e+00
7.258534178181963625e+01,0.000000000000000000e+00
7.322389344149908652e+01,0.000000000000000000e+00
7.461752673587579920e+01,0.000000000000000000e+00
7.500486867205107444e+01,0.000000000000000000e+00
6.996299481289474897e+01,0.000000000000000000e+00
7.175633871290463617e+01,0.000000000000000000e+00
7.331555413020591061e+01,0.000000000000000000e+00
7.070521354353073207e+01,0.000000000000000000e+00
7.184887011248055444e+01,0.000000000000000000e+00
7.416229712530326879e+01,0.000000000000000000e+00
7.712167571002702005e+01,0.000000000000000000e+00
7.453102165110945521e+01,0.000000000000000000e+00
7.099579140830329038e+01,0.000000000000000000e+00
7.373583733857468303e+01,0.000000000000000000e+00
7.429829887110734887e+01,0.000000000000000000e+00
7.239486427644146715e+01,0.000000000000000000e+00
7.191446007146491581e+01,0.000000000000000000e+00
7.738596004977748066e+01,0.000000000000000000e+00
7.500940669854867338e+01,0.000000000000000000e+00
7.386238565809408385e+01,0.000000000000000000e+00
7.091115653930545193e+01,0.000000000000000000e+00
7.249925610984094249e+01,0.000000000000000000e+00
7.319088190550013451e+01,0.000000000000000000e+00
7.454299084262761710e+01,0.000000000000000000e+00
7.397307836740695564e+01,0.000000000000000000e+00
7.380027565489635322e+01,0.000000000000000000e+00
7.743107909921474175e+01,0.000000000000000000e+00
7.116927745038215392e+01,0.000000000000000000e+00
7.295936784955473797e+01,0.000000000000000000e+00
7.532325726646892861e+01,0.000000000000000000e+00
7.492777067630373722e+01,0.000000000000000000e+00
7.544610091238737937e+01,0.000000000000000000e+00
7.266872582326210761e+01,0.000000000000000000e+00
7.225105107229833834e+01,0.000000000000000000e+00
7.237638932509231893e+01,0.000000000000000000e+00
6.974457800446920430e+01,0.000000000000000000e+00
7.153496988012084046e+01,0.000000000000000000e+00
7.139448080216048709e+01,0.000000000000000000e+00
7.288197556270502275e+01,0.000000000000000000e+00
7.409516414290722253e+01,0.000000000000000000e+00
7.655991431341647058e+01,0.000000000000000000e+00
7.085190423956052541e+01,0.000000000000000000e+00
7.039071002169509939e+01,0.000000000000000000e+00
7.090264490707430411e+01,0.000000000000000000e+00
7.507532641249797223e+01,0.000000000000000000e+00
7.114588892401243925e+01,0.000000000000000000e+00
7.148402568284646463e+01,0.000000000000000000e+00
7.503799110486589541e+01,0.000000000000000000e+00
6.803447329368287910e+01,0.000000000000000000e+00
7.039176410550838625e+01,0.000000000000000000e+00
7.105891450524336506e+01,0.000000000000000000e+00
6.824134978137418273e+01,0.000000000000000000e+00
7.217331109179659165e+01,0.000000000000000000e+00
7.097763593727178488e+01,0.000000000000000000e+00
7.144784925754483140e+01,0.000000000000000000e+00
6.955081647711146786e+01,0.000000000000000000e+00
7.124170118969111343e+01,0.000000000000000000e+00
6.971938675321713674e+01,0.000000000000000000e+00
7.582013129879788949e+01,0.000000000000000000e+00
7.175565507133453025e+01,0.000000000000000000e+00
7.226900809037867646e+01,0.000000000000000000e+00
7.028838490547248341e+01,0.000000000000000000e+00
7.019321037508633765e+01,0.000000000000000000e+00
7.273556482785436117e+01,0.000000000000000000e+00
7.131929330187834637e+01,0.000000000000000000e+00
7.054515972044112004e+01,0.000000000000000000e+00
7.178267783577076955e+01,0.000000000000000000e+00
7.475384210341420044e+01,0.000000000000000000e+00
6.834528228857212184e+01,0.000000000000000000e+00
7.165389153838083303e+01,0.000000000000000000e+00
7.122341721743116238e+01,0.000000000000000000e+00
7.108861507921652390e+01,0.000000000000000000e+00
6.882467015539909028e+01,0.000000000000000000e+00
7.367868507007381140e+01,0.000000000000000000e+00
6.807400006510121671e+01,0.000000000000000000e+00
7.204826433228947735e+01,0.000000000000000000e+00
7.098211573783012796e+01,0.000000000000000000e+00
7.104051564613922665e+01,0.000000000000000000e+00
6.980592770780145884e+01,0.000000000000000000e+00
7.394403717113873142e+01,0.000000000000000000e+00
7.076227121391397645e+01,0.000000000000000000e+00
6.598436426768485319e+01,0.000000000000000000e+00
7.180207540837992042e+01,0.000000000000000000e+00
6.876654016208492237e+01,0.000000000000000000e+00
6.949132264355795030e+01,0.000000000000000000e+00
6.712016612677246030e+01,0.000000000000000000e+00
6.763366545946281860e+01,0.000000000000000000e+00
6.713130741812427971e+01,0.000000000000000000e+00
7.175910279051653617e+01,0.000000000000000000e+00
6.857412137371325400e+01,0.000000000000000000e+00
6.670103186127978745e+01,0.000000000000000000e+00
7.192573095725367693e+01,0.000000000000000000e+00
7.211483988207621110e+01,0.000000000000000000e+00
6.832718523675120537e+01,0.000000000000000000e+00
6.692012982687606382e+01,0.000000000000000000e+00
6.944451747249915741e+01,0.000000000000000000e+00
7.121689247896588881e+01,0.000000000000000000e+00
6.949266031456062365e+01,0.000000000000000000e+00
7.000624766671921861e+01,0.000000000000000000e+00
7.300264907579062879e+01,0.000000000000000000e+00
7.060406828675304780e+01,0.000000000000000000e+00
6.806752659091284841e+01,0.000000000000000000e+00
6.947561827056269124e+01,0.000000000000000000e+00
6.827527338589590045e+01,0.000000000000000000e+00
6.760703978881939236e+01,0.000000000000000000e+00
6.801822089613577305e+01,0.000000000000000000e+00
6.821257707652091540e+01,0.000000000000000000e+00
6.819796097892576370e+01,0.000000000000000000e+00
7.058889134893436790e+01,0.000000000000000000e+00
6.830826412264219982e+01,0.000000000000000000e+00
6.881354853898328372e+01,0.000000000000000000e+00
6.853579645725545788e+01,0.000000000000000000e+00
6.376692737070868588e+01,0.000000000000000000e+00
6.680592262695461159e+01,0.000000000000000000e+00
6.862672455804869287e+01,0.000000000000000000e+00
6.696481845193993365e+01,0.000000000000000000e+00
6.681463701355170315e+01,0.000000000000000000e+00
6.691281288466406352e+01,0.000000000000000000e+00
7.055476295581937052e+01,0.000000000000000000e+00
6.709050742551227131e+01,0.000000000000000000e+00
6.559875372205479493e+01,0.000000000000000000e+00
6.894119540457133155e+01,0.000000000000000000e+00
6.405229960348789575e+01,0.000000000000000000e+00
6.725649676465846483e+01,0.000000000000000000e+00
7.029865771897566162e+01,0.000000000000000000e+00
6.450080659582057763e+01,0.000000000000000000e+00
6.794971733863897612e+01,0.000000000000000000e+00
6.552636469241490147e+01,0.000000000000000000e+00
6.336089815772831457e+01,0.000000000000000000e+00
6.362418473136021646e+01,0.000000000000000000e+00
6.228119546804992979e+01,0.000000000000000000e+00
6.528339828717717808e+01,0.000000000000000000e+00
6.895306872026041844e+01,0.000000000000000000e+00
6.454962861352156267e+01,0.000000000000000000e+00
6.880176447713434129e+01,0.000000000000000000e+00
6.400110599948352785e+01,0.000000000000000000e+00
6.629955594647631756e+01,0.000000000000000000e+00
6.317833336196328986e+01,0.000000000000000000e+00
6.750085422362262477e+01,0.000000000000000000e+00
6.764301592793405860e+01,0.000000000000000000e+00
6.682211428101862793e+01,0.000000000000000000e+00
6.567419160104653031e+01,0.000000000000000000e+00
6.575365885668709609e+01,0.000000000000000000e+00
6.350718099782245929e+01,0.000000000000000000e+00
6.703007925559415980e+01,0.000000000000000000e+00
6.640212150526163271e+01,0.000000000000000000e+00
6.507604705415033663e+01,0.000000000000000000e+00
6.634427757912580148e+01,0.000000000000000000e+00
6.382158581573155232e+01,0.000000000000000000e+00
6.382623505981228362e+01,0.000000000000000000e+00
6.916074954011421028e+01,0.000000000000000000e+00
6.375852481166107566e+01,0.000000000000000000e+00
6.690041835579988572e+01,0.000000000000000000e+00
6.487727936579446464e+01,0.000000000000000000e+00
6.449044975680695302e+01,0.000000000000000000e+00
6.464174851413318379e+01,0.000000000000000000e+00
6.778995550307718077e+01,0.000000000000000000e+00
6.243660691878849889e+01,0.000000000000000000e+00
6.392264937007306003e+01,0.000000000000000000e+00
6.427275874003974820e+01,0.000000000000000000e+00
6.479815095204133968e+01,0.000000000000000000e+00
6.340958914067346086e+01,0.000000000000000000e+00
6.289267753796314508e+01,0.000000000000000000e+00
6.304600914699716441e+01,0.000000000000000000e+00
6.589786684187869525e+01,0.000000000000000000e+00
6.145854348909013254e+01,0.000000000000000000e+00
6.395035050030455182e+01,0.000000000000000000e+00
6.434175489931129732e+01,0.000000000000000000e+00
6.240333633190852680e+01,0.000000000000000000e+00
6.373376600906750156e+01,0.000000000000000000e+00
6.282158444446226042e+01,0.000000000000000000e+00
6.172685751572718260e+01,0.000000000000000000e+00
6.283357982121916052e+01,0.000000000000000000e+00
6.424429574988531044e+01,0.000000000000000000e+00
6.447073763117809619e+01,0.000000000000000000e+00
6.321405523425201523e+01,0.000000000000000000e+00
6.567307086250067982e+01,0.000000000000000000e+00
6.289825506356685025e+01,0.000000000000000000e+00
6.514386791995167414e+01,0.000000000000000000e+00
6.653982559421432086e+01,0.000000000000000000e+00
6.624163734548903903e+01,0.000000000000000000e+00
6.483106490290681734e+01,0.000000000000000000e+00
6.235289088041987782e+01,0.000000000000000000e+00
6.236440952801054038e+01,0.000000000000000000e+00
6.592352065187814958e+01,0.000000000000000000e+00
5.891707016307668709e+01,0.000000000000000000e+00
6.258893384847897323e+01,0.000000000000000000e+00
6.095490763471697448e+01,0.000000000000000000e+00
6.436196899590700582e+01,0.000000000000000000e+00
6.275854800296872327e+01,0.000000000000000000e+00
6.105675222627752419e+01,0.000000000000000000e+00
6.316895233211275240e+01,0.000000000000000000e+00
5.959660532142954992e+01,0.000000000000000000e+00
5.952207178996589931e+01,0.000000000000000000e+00
6.615492726895065800e+01,0.000000000000000000e+00
6.195050451120002322e+01,0.000000000000000000e+00
6.377115690888248878e+01,0.000000000000000000e+00
6.470643377150780395e+01,0.000000000000000000e+00
5.876418257855061711e+01,0.000000000000000000e+00
6.204330637347484156e+01,0.000000000000000000e+00
6.264711518862432627e+01,0.000000000000000000e+00
5.981169043999995694e+01,0.000000000000000000e+00
6.079581719295934050e+01,0.000000000000000000e+00
6.189556565534896748e+01,0.000000000000000000e+00
6.041374076878737753e+01,0.000000000000000000e+00
6.164463605673216051e+01,0.000000000000000000e+00
6.135550901114672229e+01,0.000000000000000000e+00
6.220010060366929849e+01,0.000000000000000000e+00
6.080988376374011750e+01,0.000000000000000000e+00
6.041655599833041634e+01,0.000000000000000000e+00
6.281408039678649402e+01,0.000000000000000000e+00
6.273727646671412117e+01,0.000000000000000000e+00
5.946940334635083758e+01,0.000000000000000000e+00
6.280410847339709335e+01,0.000000000000000000e+00
5.978840723853942762e+01,0.000000000000000000e+00
5.908397989208465617e+01,0.000000000000000000e+00
6.002654408898461469e+01,0.000000000000000000e+00
6.226714070671176415e+01,0.000000000000000000e+00
5.638647444466726455e+01,0.000000000000000000e+00
6.233846387413481693e+01,0.000000000000000000e+00
5.932295583758304502e+01,0.000000000000000000e+00
6.004077099097204240e+01,0.000000000000000000e+00
5.547356235217601039e+01,0.000000000000000000e+00
5.885101753747424169e+01,0.000000000000000000e+00
5.975250678125415504e+01,0.000000000000000000e+00
5.815741147570912517e+01,0.000000000000000000e+00
6.458756026605320244e+01,0.000000000000000000e+00
6.019064589861428516e+01,0.000000000000000000e+00
5.872584661609802481e+01,0.000000000000000000e+00
5.942952101517697372e+01,0.000000000000000000e+00
5.980779314305986105e+01,0.000000000000000000e+00
5.637922425655352043e+01,0.000000000000000000e+00
5.490850260168208763e+01,0.000000000000000000e+00
5.653718246776921319e+01,0.000000000000000000e+00
6.263578902291060757e+01,0.000000000000000000e+00
6.136564243335686797e+01,0.000000000000000000e+00
5.622791856413274303e+01,0.000000000000000000e+00
6.205129975301613854e+01,0.000000000000000000e+00
6.193940721174800501e+01,0.000000000000000000e+00
5.979546641511757343e+01,0.000000000000000000e+00
5.886816281085192770e+01,0.000000000000000000e+00
6.027239867806736839e+01,0.000000000000000000e+00
5.978458153866623803e+01,0.000000000000000000e+00
5.711110393187529866e+01,0.000000000000000000e+00
5.389322151876400113e+01,0.000000000000000000e+00
5.820554537814057738e+01,0.000000000000000000e+00
5.689738336371289762e+01,0.000000000000000000e+00
5.697814147903353899e+01,0.000000000000000000e+00
6.145435283792826908e+01,0.000000000000000000e+00
5.764634112547131650e+01,0.000000000000000000e+00
5.877263022186527763e+01,0.000000000000000000e+00
5.691576504735598974e+01,0.000000000000000000e+00
6.171892058335285469e+01,0.000000000000000000e+00
5.962389111013391840e+01,0.000000000000000000e+00
5.967757603466459670e+01,0.000000000000000000e+00
5.574912224264308236e+01,0.000000000000000000e+00
5.915206306311895901e+01,0.000000000000000000e+00
5.833662060120946080e+01,0.000000000000000000e+00
5.893106757032987986e+01,0.000000000000000000e+00
5.417372841970348674e+01,0.000000000000000000e+00
5.973885565483688254e+01,0.000000000000000000e+00
5.792615589171921897e+01,0.000000000000000000e+00
5.574948201929083780e+01,0.000000000000000000e+00
5.660991386814743720e+01,0.000000000000000000e+00
5.821408660637806065e+01,0.000000000000000000e+00
5.385043610393488933e+01,0.000000000000000000e+00
5.878598236266915933e+01,0.000000000000000000e+00
5.196066322792945158e+01,0.000000000000000000e+00
5.596319449498376031e+01,0.000000000000000000e+00
5.589954271701573418e+01,0.000000000000000000e+00
5.892131151021891355e+01,0.000000000000000000e+00
5.436267912707310046e+01,0.000000000000000000e+00
5.863461369118243738e+01,0.000000000000000000e+00
5.563879720324693778e+01,0.000000000000000000e+00
5.602197365392451189e+01,0.000000000000000000e+00
5.458416339191667532e+01,0.000000000000000000e+00
5.502592903941680902e+01,0.000000000000000000e+00
5.452220591919738979e+01,0.000000000000000000e+00
5.592442127230216187e+01,0.000000000000000000e+00
5.226315769676583756e+01,0.000000000000000000e+00
5.606792323454649818e+01,0.000000000000000000e+00
5.543773864436486321e+01,0.000000000000000000e+00
5.391649363153861430e+01,0.000000000000000000e+00
5.328258647624360123e+01,0.000000000000000000e+00
5.626155446117314796e+01,0.000000000000000000e+00
5.380884920709082309e+01,0.000000000000000000e+00
5.747731246865319577e+01,0.000000000000000000e+00
5.629481476299158516e+01,0.000000000000000000e+00
5.387986141813021135e+01,0.000000000000000000e+00
5.299899890015022663e+01,0.000000000000000000e+00
5.323864493609664805e+01,0.000000000000000000e+00
5.691182604696329150e+01,0.000000000000000000e+00
5.935536641611967923e+01,0.000000000000000000e+00
5.211832286353717336e+01,0.000000000000000000e+00
5.174285066361134966e+01,0.000000000000000000e+00
5.372207133290372383e+01,0.000000000000000000e+00
5.173086812208338614e+01,0.000000000000000000e+00
5.503685925343679486e+01,0.000000000000000000e+00
5.629847773073605310e+01,0.000000000000000000e+00
5.224814306095057503e+01,0.000000000000000000e+00
5.256749398299752585e+01,0.000000000000000000e+00
5.522918693834818527e+01,0.000000000000000000e+00
5.409980271056844003e+01,0.000000000000000000e+00
5.401850353574455710e+01,0.000000000000000000e+00
5.606691741800189277e+01,0.000000000000000000e+00
5.194589097777951281e+01,0.000000000000000000e+00
5.254508506553919744e+01,0.000000000000000000e+00
5.314202325863696785e+01,0.000000000000000000e+00
5.350133655660606280e+01,0.000000000000000000e+00
5.281966915964864739e+01,0.000000000000000000e+00
5.011148008487179339e+01,0.000000000000000000e+00
5.061111564264381002e+01,0.000000000000000000e+00
5.312692732020676800e+01,0.000000000000000000e+00
5.076156391358514952e+01,0.000000000000000000e+00
5.145841647947919029e+01,0.000000000000000000e+00
5.713982189832214686e+01,0.000000000000000000e+00
5.214782606820525501e+01,0.000000000000000000e+00
5.101215351411073584e+01,0.000000000000000000e+00
4.957764637971320099e+01,0.000000000000000000e+00
4.934585277303327899e+01,0.000000000000000000e+00
5.380707695034799087e+01,0.000000000000000000e+00
5.094330554333357952e+01,0.000000000000000000e+00
4.865617071014437300e+01,0.000000000000000000e+00
4.928628294675793597e+01,0.000000000000000000e+00
5.026651252260084135e+01,0.000000000000000000e+00
5.179041325681572516e+01,0.000000000000000000e+00
5.460104501280507350e+01,0.000000000000000000e+00
5.136446774898184486e+01,0.000000000000000000e+00
5.060123880319282819e+01,0.000000000000000000e+00
5.038931923756056364e+01,0.000000000000000000e+00
5.394786711357945563e+01,0.000000000000000000e+00
5.126957097588394419e+01,0.000000000000000000e+00
4.928786691121059249e+01,0.000000000000000000e+00
5.068712568888132353e+01,0.000000000000000000e+00
5.501566501284381872e+01,0.000000000000000000e+00
4.917400822267208582e+01,0.000000000000000000e+00
5.024576619814064316e+01,0.000000000000000000e+00
4.986709799569430146e+01,0.000000000000000000e+00
5.034443282489413463e+01,0.000000000000000000e+00
4.648923581380383752e+01,0.000000000000000000e+00
5.031837613891546823e+01,0.000000000000000000e+00
4.697525502201544612e+01,0.000000000000000000e+00
4.971024958641448421e+01,0.000000000000000000e+00
4.724070142993461019e+01,0.000000000000000000e+00
5.141624284242717380e+01,0.000000000000000000e+00
4.576028821933783775e+01,0.000000000000000000e+00
5.051106076880942908e+01,0.000000000000000000e+00
5.538860287230482982e+01,0.000000000000000000e+00
4.697987677966167297e+01,0.000000000000000000e+00
5.124534317501865388e+01,0.000000000000000000e+00
4.864945528164638944e+01,0.000000000000000000e+00
5.003717236535995738e+01,0.000000000000000000e+00
4.829721761180692852e+01,0.000000000000000000e+00
4.799917577169925664e+01,0.000000000000000000e+00
4.650370012308270162e+01,0.000000000000000000e+00
5.114655529607079387e+01,0.000000000000000000e+00
5.199913670031801871e+01,0.000000000000000000e+00
4.832286820898704605e+01,0.000000000000000000e+00
4.768590041374523025e+01,0.000000000000000000e+00
5.059257998662225475e+01,0.000000000000000000e+00
4.731735074259992047e+01,0.000000000000000000e+00
5.004954249274344846e+01,0.000000000000000000e+00
4.853045453648331176e+01,0.000000000000000000e+00
4.693752473046705376e+01,0.000000000000000000e+00
4.843540065638231340e+01,0.000000000000000000e+00
4.701686638113898908e+01,0.000000000000000000e+00
4.833441101818873875e+01,0.000000000000000000e+00
4.902303156771203163e+01,0.000000000000000000e+00
4.950817048861632941e+01,0.000000000000000000e+00
4.653065230761048099e+01,0.000000000000000000e+00
4.421192651673352714e+01,0.000000000000000000e+00
4.751688216457582570e+01,0.000000000000000000e+00
4.556728537395159861e+01,0.000000000000000000e+00
4.876983818730977305e+01,0.000000000000000000e+00
4.689498397706344690e+01,0.000000000000000000e+00
4.725494320875161947e+01,0.000000000000000000e+00
4.660175927937449103e+01,0.000000000000000000e+00
4.930338867903900280e+01,0.000000000000000000e+00
4.663515304460482724e+01,0.000000000000000000e+00
4.658870804445835034e+01,0.000000000000000000e+00
4.602765225463990362e+01,0.000000000000000000e+00
4.998907146342291696e+01,0.000000000000000000e+00
4.657599182971694063e+01,0.000000000000000000e+00
4.549603562388071509e+01,0.000000000000000000e+00
4.863854153185936013e+01,0.000000000000000000e+00
4.672889370342881676e+01,0.000000000000000000e+00
4.571912443097995293e+01,0.000000000000000000e+00
4.719745760956546832e+01,0.000000000000000000e+00
4.737782143878676777e+01,0.000000000000000000e+00
4.495832510393445602e+01,0.000000000000000000e+00
4.692385198809895286e+01,0.000000000000000000e+00
4.753909783297251579e+01,0.000000000000000000e+00
4.988027886775652320e+01,0.000000000000000000e+00
4.718983676498092450e+01,0.000000000000000000e+00
3.885468210922505961e+01,0.000000000000000000e+00
4.578988360467887730e+01,0.000000000000000000e+00
4.379506311371095251e+01,0.000000000000000000e+00
4.457964562058025848e+01,0.000000000000000000e+00
4.419039122813691023e+01,0.000000000000000000e+00
4.788486541534872742e+01,0.000000000000000000e+00
4.405330642849849454e+01,0.000000000000000000e+00
4.425164798346498429e+01,0.000000000000000000e+00
4.130283894056994853e+01,0.000000000000000000e+00
4.478833676646102191e+01,0.000000000000000000e+00
4.627949859867158011e+01,0.000000000000000000e+00
4.415482190402594398e+01,0.000000000000000000e+00
4.392019575037389956e+01,0.000000000000000000e+00
4.627367840399343635e+01,0.000000000000000000e+00
4.478406994116328832e+01,0.000000000000000000e+00
4.205895464467923262e+01,0.000000000000000000e+00
4.611880347750887665e+01,0.000000000000000000e+00
4.475288720419790423e+01,0.000000000000000000e+00
4.364990145265507238e+01,0.000000000000000000e+00
4.397263100170814454e+01,0.000000000000000000e+00
4.171374453834729223e+01,0.000000000000000000e+00
4.289123730404070045e+01,0.000000000000000000e+00
4.108911577910461688e+01,0.000000000000000000e+00
4.638398661683623914e+01,0.000000000000000000e+00
4.253229473577431463e+01,0.000000000000000000e+00
4.401215782954238165e+01,0.000000000000000000e+00
4.202262099776378079e+01,0.000000000000000000e+00
4.442241044473457379e+01,0.000000000000000000e+00
4.363213822490615001e+01,0.000000000000000000e+00
4.171492458855947660e+01,0.000000000000000000e+00
4.538882919844620289e+01,0.000000000000000000e+00
4.408162392251907846e+01,0.000000000000000000e+00
4.633334721239202736e+01,0.000000000000000000e+00
4.287772661426528487e+01,0.000000000000000000e+00
4.172724839918511464e+01,0.000000000000000000e+00
4.320555194040686331e+01,0.000000000000000000e+00
4.295510008870180485e+01,0.000000000000000000e+00
4.128550662529002580e+01,0.000000000000000000e+00
4.203290558709820601e+01,0.000000000000000000e+00
4.528675237962082178e+01,0.000000000000000000e+00
4.038124883325173187e+01,0.000000000000000000e+00
4.209835261075986779e+01,0.000000000000000000e+00
4.236403759756212395e+01,0.000000000000000000e+00
4.744404718075539762e+01,0.000000000000000000e+00
4.314269804707979716e+01,0.000000000000000000e+00
3.973788394459711526e+01,0.000000000000000000e+00
4.317278535642809345e+01,0.000000000000000000e+00
4.432640397607608662e+01,0.000000000000000000e+00
4.159941545666858076e+01,0.000000000000000000e+00
3.993519523674479643e+01,0.000000000000000000e+00
3.833171396475553649e+01,0.000000000000000000e+00
4.261993276724066959e+01,0.000000000000000000e+00
4.363184986691840095e+01,0.000000000000000000e+00
4.137235443012479408e+01,0.000000000000000000e+00
4.503634394063330149e+01,0.000000000000000000e+00
4.396178739050830586e+01,0.000000000000000000e+00
3.760174027967821786e+01,0.000000000000000000e+00
3.854665036759380570e+01,0.000000000000000000e+00
4.223200964925313627e+01,0.000000000000000000e+00
4.178232864030248095e+01,0.000000000000000000e+00
4.011261138568543316e+01,0.000000000000000000e+00
4.287153614923832379e+01,0.000000000000000000e+00
4.143681949412909660e+01,0.000000000000000000e+00
4.040807302639971255e+01,0.000000000000000000e+00
4.221538672164869155e+01,0.000000000000000000e+00
4.346695435474833857e+01,0.000000000000000000e+00
3.826072367260675833e+01,0.000000000000000000e+00
4.363211828646948476e+01,0.000000000000000000e+00
3.911489294023195384e+01,0.000000000000000000e+00
3.965485703841432752e+01,0.000000000000000000e+00
4.201527160347770717e+01,0.000000000000000000e+00
3.741004995052385595e+01,0.000000000000000000e+00
4.031173973292646195e+01,0.000000000000000000e+00
4.353410721693586538e+01,0.000000000000000000e+00
3.760974627003986370e+01,0.000000000000000000e+00
3.853959782391751077e+01,0.000000000000000000e+00
3.748832095895120631e+01,0.000000000000000000e+00
3.839737099507718909e+01,0.000000000000000000e+00
3.724004841339241523e+01,0.000000000000000000e+00
4.115040916151217232e+01,0.000000000000000000e+00
3.945287881762114068e+01,0.000000000000000000e+00
4.167778819614204622e+01,0.000000000000000000e+00
3.624429093211012542e+01,0.000000000000000000e+00
3.884861413868826929e+01,0.000000000000000000e+00
3.852211725490900562e+01,0.000000000000000000e+00
3.614286956220092151e+01,0.000000000000000000e+00
3.872063080430021387e+01,0.000000000000000000e+00
4.081499871690251524e+01,0.000000000000000000e+00
3.992352377928962426e+01,0.000000000000000000e+00
3.680439861935661128e+01,0.000000000000000000e+00
3.601697543878750452e+01,0.000000000000000000e+00
3.938548365290728981e+01,0.000000000000000000e+00
3.995719572523924512e+01,0.000000000000000000e+00
3.547369187636875409e+01,0.000000000000000000e+00
4.291942452334360780e+01,0.000000000000000000e+00
3.981252076570053333e+01,0.000000000000000000e+00
3.944688316350167412e+01,0.000000000000000000e+00
3.967319656087839519e+01,0.000000000000000000e+00
3.794793417429152527e+01,0.000000000000000000e+00
4.009294826307515081e+01,0.000000000000000000e+00
3.593472973978036578e+01,0.000000000000000000e+00
3.985177765380045400e+01,0.000000000000000000e+00
3.744680611625717148e+01,0.000000000000000000e+00
3.959889288992737733e+01,0.000000000000000000e+00
3.559701468949718617e+01,0.000000000000000000e+00
3.757407081591261999e+01,0.000000000000000000e+00
3.805329014834814672e+01,0.000000000000000000e+00
3.773481847338620554e+01,0.000000000000000000e+00
3.801811671238989021e+01,0.000000000000000000e+00
3.484062737371579033e+01,0.000000000000000000e+00
3.720627953603160165e+01,0.000000000000000000e+00
3.639691180142889237e+01,0.000000000000000000e+00
3.828986307175208736e+01,0.000000000000000000e+00
3.828027317474123947e+01,0.000000000000000000e+00
3.790761835509198363e+01,0.000000000000000000e+00
3.277916395041027897e+01,0.000000000000000000e+00
3.801482497814425443e+01,0.000000000000000000e+00
3.862071454628190281e+01,0.000000000000000000e+00
3.854626747324601155e+01,0.000000000000000000e+00
3.483356427610018358e+01,0.000000000000000000e+00
3.419556610170103994e+01,0.000000000000000000e+00
3.674052074586190031e+01,0.000000000000000000e+00
3.491638098358261288e+01,0.000000000000000000e+00
3.166306577118356813e+01,0.000000000000000000e+00
3.326302958459557146e+01,0.000000000000000000e+00
3.784448394168777696e+01,0.000000000000000000e+00
3.375476090713008404e+01,0.000000000000000000e+00
3.296608950260753801e+01,0.000000000000000000e+00
3.768642053435257111e+01,0.000000000000000000e+00
3.465550025584977334e+01,0.000000000000000000e+00
3.631203430527381926e+01,0.000000000000000000e+00
3.442563811160881926e+01,0.000000000000000000e+00
3.668579191412254659e+01,0.000000000000000000e+00
3.507500400377453786e+01,0.000000000000000000e+00
3.626414952035470662e+01,0.000000000000000000e+00
3.538400436558100637e+01,0.000000000000000000e+00
3.902971728119536721e+01,0.000000000000000000e+00
3.522712517584551506e+01,0.000000000000000000e+00
3.196631716923130639e+01,0.000000000000000000e+00
3.205912365716428525e+01,0.000000000000000000e+00
3.195316901976710611e+01,0.000000000000000000e+00
3.331118862681658754e+01,0.000000000000000000e+00
3.162140934894489064e+01,0.000000000000000000e+00
3.421458779533585925e+01,0.000000000000000000e+00
3.852780831224234959e+01,0.000000000000000000e+00
3.469478095405466433e+01,0.000000000000000000e+00
3.617392081070259735e+01,0.000000000000000000e+00
3.414965110744721244e+01,0.000000000000000000e+00
3.309033200070297198e+01,0.000000000000000000e+00
3.276075167443232772e+01,0.000000000000000000e+00
3.350930467428996451e+01,0.000000000000000000e+00
3.541473885185825310e+01,0.000000000000000000e+00
3.112601066974063713e+01,0.000000000000000000e+00
3.681582666366509216e+01,0.000000000000000000e+00
3.387910788271088336e+01,0.000000000000000000e+00
3.581191692197877785e+01,0.000000000000000000e+00
3.661659979430001499e+01,0.000000000000000000e+00
3.476094791166234899e+01,0.000000000000000000e+00
3.370272378236570887e+01,0.000000000000000000e+00
3.632530960788825070e+01,0.000000000000000000e+00
3.545819343157051406e+01,0.000000000000000000e+00
3.259586782639818381e+01,0.000000000000000000e+00
3.506000358535851547e+01,0.000000000000000000e+00
3.496508177675884355e+01,0.000000000000000000e+00
3.550500466054615600e+01,0.000000000000000000e+00
3.840635926245223430e+01,0.000000000000000000e+00
3.418374755313011093e+01,0.000000000000000000e+00
2.909780632863027705e+01,0.000000000000000000e+00
3.622406308236045192e+01,0.000000000000000000e+00
3.395804736115444200e+01,0.000000000000000000e+00
3.490221517738334711e+01,0.000000000000000000e+00
3.546830361586776803e+01,0.000000000000000000e+00
2.994769821057562709e+01,0.000000000000000000e+00
2.625635707523017714e+01,0.000000000000000000e+00
3.025021960593578640e+01,0.000000000000000000e+00
3.410004932519640874e+01,0.000000000000000000e+00
3.417316427753866748e+01,0.000000000000000000e+00
3.279111017568407505e+01,0.000000000000000000e+00
3.727196168000566701e+01,0.000000000000000000e+00
3.407683508633284930e+01,0.000000000000000000e+00
3.472324522361405741e+01,0.000000000000000000e+00
2.912229008323787838e+01,0.000000000000000000e+00
3.173377706028474066e+01,0.000000000000000000e+00
3.070687218098989391e+01,0.000000000000000000e+00
2.948112309899237360e+01,0.000000000000000000e+00
3.300295312533194902e+01,0.000000000000000000e+00
3.026859455603675997e+01,0.000000000000000000e+00
2.890783668076009150e+01,0.000000000000000000e+00
3.110573245889392169e+01,0.000000000000000000e+00
3.216428300509176808e+01,0.000000000000000000e+00
3.423879733914695578e+01,0.000000000000000000e+00
2.976873040544121451e+01,0.000000000000000000e+00
3.067691384638176899e+01,0.000000000000000000e+00
2.838841627521737365e+01,0.000000000000000000e+00
2.983181128245018954e+01,0.000000000000000000e+00
3.083742905618309749e+01,0.000000000000000000e+00
3.134650015927108058e+01,0.000000000000000000e+00
3.057523866883115105e+01,0.000000000000000000e+00
3.207015376337571411e+01,0.000000000000000000e+00
3.026148993226085082e+01,0.000000000000000000e+00
2.870468584738508611e+01,0.000000000000000000e+00
2.922700874772234414e+01,0.000000000000000000e+00
2.923522844349746919e+01,0.000000000000000000e+00
3.414409535758217373e+01,0.000000000000000000e+00
3.335129985383102280e+01,0.000000000000000000e+00
3.123505610769115393e+01,0.000000000000000000e+00
2.995780217846170856e+01,0.000000000000000000e+00
3.395653281403552626e+01,0.000000000000000000e+00
3.451735386298879149e+01,0.000000000000000000e+00
2.986621825489826776e+01,0.000000000000000000e+00
2.941580666124970378e+01,0.000000000000000000e+00
2.843986419065085869e+01,0.000000000000000000e+00
2.729125436318326337e+01,0.000000000000000000e+00
2.965470656669269900e+01,0.000000000000000000e+00
3.023428028852661242e+01,0.000000000000000000e+00
2.941798734488115130e+01,0.000000000000000000e+00
2.859118785050806721e+01,0.000000000000000000e+00
2.929874707947182699e+01,0.000000000000000000e+00
2.851153646930915642e+01,0.000000000000000000e+00
2.941857012996194953e+01,0.000000000000000000e+00
3.279950934593080802e+01,0.000000000000000000e+00
3.093335044080843232e+01,0.000000000000000000e+00
3.061486632693907239e+01,0.000000000000000000e+00
3.033224759643844948e+01,0.000000000000000000e+00
3.331929709142661267e+01,0.000000000000000000e+00
3.219745888946319212e+01,0.000000000000000000e+00
2.805414092772118195e+01,0.000000000000000000e+00
2.788068158556270859e+01,0.000000000000000000e+00
2.959899723984560893e+01,0.000000000000000000e+00
2.967540970321642746e+01,0.000000000000000000e+00
3.013999713589408813e+01,0.000000000000000000e+00
3.086743797267474321e+01,0.000000000000000000e+00
3.031277305685101453e+01,0.000000000000000000e+00
2.940268969156139534e+01,0.000000000000000000e+00
2.729914023906041010e+01,0.000000000000000000e+00
3.057028920039875786e+01,0.000000000000000000e+00
3.002092746263948086e+01,0.000000000000000000e+00
2.938755431453731148e+01,0.000000000000000000e+00
3.140133372660648803e+01,0.000000000000000000e+00
3.038186162560048942e+01,0.000000000000000000e+00
3.070570177129125611e+01,0.000000000000000000e+00
2.773244218042786713e+01,0.000000000000000000e+00
2.644643823215145417e+01,0.000000000000000000e+00
2.856242235896679205e+01,0.000000000000000000e+00
2.544718152245063436e+01,0.000000000000000000e+00
2.852251973840028043e+01,0.000000000000000000e+00
2.585419900021328843e+01,0.000000000000000000e+00
2.738570357051409232e+01,0.000000000000000000e+00
2.603366794713430821e+01,0.000000000000000000e+00
2.875867102676292575e+01,0.000000000000000000e+00
2.539931567476874719e+01,0.000000000000000000e+00
2.663223020338743652e+01,0.000000000000000000e+00
2.741459889233207647e+01,0.000000000000000000e+00
2.848201336276059692e+01,0.000000000000000000e+00
2.560797431427372572e+01,0.000000000000000000e+00
3.116508510267180654e+01,0.000000000000000000e+00
3.054571713819870027e+01,0.000000000000000000e+00
2.470107459286151297e+01,0.000000000000000000e+00
2.730268953407843568e+01,0.000000000000000000e+00
2.796585756947716916e+01,0.000000000000000000e+00
2.895983546118618790e+01,0.000000000000000000e+00
2.578056457024008452e+01,0.000000000000000000e+00
2.632236577485394591e+01,0.000000000000000000e+00
2.500161763267002257e+01,0.000000000000000000e+00
2.635330305264551853e+01,0.000000000000000000e+00
2.864015790055455568e+01,0.000000000000000000e+00
2.829874341072679655e+01,0.000000000000000000e+00
2.288549676673440914e+01,0.000000000000000000e+00
2.705879214384971121e+01,0.000000000000000000e+00
2.822870983165102032e+01,0.000000000000000000e+00
2.605730471423274963e+01,0.000000000000000000e+00
2.974805033023924139e+01,0.000000000000000000e+00
2.933796252517655745e+01,0.000000000000000000e+00
2.852920994023205381e+01,0.000000000000000000e+00
2.152156772765400206e+01,0.000000000000000000e+00
2.698216139559346871e+01,0.000000000000000000e+00
2.828180797550030690e+01,0.000000000000000000e+00
3.132974899356309706e+01,0.000000000000000000e+00
2.751992098585132496e+01,0.000000000000000000e+00
2.940588143415840605e+01,0.000000000000000000e+00
2.485765682263100018e+01,0.000000000000000000e+00
2.283349870290336980e+01,0.000000000000000000e+00
2.649998273907385382e+01,0.000000000000000000e+00
3.017225580446494249e+01,0.000000000000000000e+00
2.704449243805231973e+01,0.000000000000000000e+00
2.253973308434527212e+01,0.000000000000000000e+00
2.774883605890980576e+01,0.000000000000000000e+00
2.667373539346691658e+01,0.000000000000000000e+00
2.166734583677198955e+01,0.000000000000000000e+00
2.594989283566500049e+01,0.000000000000000000e+00
2.781518298236384723e+01,0.000000000000000000e+00
2.570700669775502334e+01,0.000000000000000000e+00
2.678514251736458007e+01,0.000000000000000000e+00
2.765044374123153403e+01,0.000000000000000000e+00
2.385108847842317914e+01,0.000000000000000000e+00
2.371741036877295272e+01,0.000000000000000000e+00
2.461499865646323570e+01,0.000000000000000000e+00
2.709030592830973916e+01,0.000000000000000000e+00
2.473043478745807633e+01,0.000000000000000000e+00
2.306031438989032623e+01,0.000000000000000000e+00
2.430255316278380562e+01,0.000000000000000000e+00
2.900766715753340819e+01,0.000000000000000000e+00
2.565458392052939729e+01,0.000000000000000000e+00
2.802574952426505561e+01,0.000000000000000000e+00
2.480433441695369723e+01,0.000000000000000000e+00
2.293421140286674742e+01,0.000000000000000000e+00
2.877537511015717797e+01,0.000000000000000000e+00
2.504977398039312320e+01,0.000000000000000000e+00
2.721479454638132722e+01,0.000000000000000000e+00
2.709752212175018826e+01,0.000000000000000000e+00
2.641630179185563776e+01,0.000000000000000000e+00
2.371233407340655575e+01,0.000000000000000000e+00
2.493435506498531140e+01,0.000000000000000000e+00
2.702162245487025061e+01,0.000000000000000000e+00
2.149856125283638519e+01,0.000000000000000000e+00
2.688497452394589260e+01,0.000000000000000000e+00
2.599776079665632267e+01,0.000000000000000000e+00
2.558923348692094635e+01,0.000000000000000000e+00
2.698400528053254632e+01,0.000000000000000000e+00
2.141537585690601730e+01,0.000000000000000000e+00
2.479884271514175964e+01,0.000000000000000000e+00
2.461653866952357461e+01,0.000000000000000000e+00
2.670803677906091878e+01,0.000000000000000000e+00
2.548720467311316895e+01,0.000000000000000000e+00
2.451764915845833670e+01,0.000000000000000000e+00
2.252399872723562524e+01,0.000000000000000000e+00
2.549597391126741996e+01,0.000000000000000000e+00
2.609738055300164206e+01,0.000000000000000000e+00
2.602987326942937329e+01,0.000000000000000000e+00
2.886168549083878787e+01,0.000000000000000000e+00
2.320343620900054304e+01,0.000000000000000000e+00
2.616190779320078974e+01,0.000000000000000000e+00
2.177194411922685902e+01,0.000000000000000000e+00
2.429177789723703640e+01,0.000000000000000000e+00
2.344275834248342250e+01,0.000000000000000000e+00
2.393258901761891622e+01,0.000000000000000000e+00
2.053880467458805015e+01,0.000000000000000000e+00
2.420518250299266683e+01,0.000000000000000000e+00
2.527141313058390537e+01,0.000000000000000000e+00
2.402337651485664338e+01,0.000000000000000000e+00
2.009344092873271848e+01,0.000000000000000000e+00
2.572008476904719743e+01,0.000000000000000000e+00
2.353628809348063555e+01,0.000000000000000000e+00
2.790853900203887505e+01,0.000000000000000000e+00
2.014643846324978682e+01,0.000000000000000000e+00
2.272405664444976026e+01,0.000000000000000000e+00
2.063709074675228550e+01,0.000000000000000000e+00
2.588054138572074692e+01,0.000000000000000000e+00
2.241182784511225634e+01,0.000000000000000000e+00
2.563335674452536495e+01,0.000000000000000000e+00
2.400058408348861150e+01,0.000000000000000000e+00
2.149497196742256833e+01,0.000000000000000000e+00
2.533245731272677403e+01,0.000000000000000000e+00
2.463700511608467636e+01,0.000000000000000000e+00
2.339089498651254218e+01,0.000000000000000000e+00
2.190030727292180757e+01,0.000000000000000000e+00
1.916990488214374011e+01,0.000000000000000000e+00
2.273295957319474070e+01,0.000000000000000000e+00
2.198801773854998132e+01,0.000000000000000000e+00
1.857486708753514648e+01,0.000000000000000000e+00
2.438503185347230229e+01,0.000000000000000000e+00
2.239869589694719920e+01,0.000000000000000000e+00
2.201006055241532167e+01,0.000000000000000000e+00
2.816288033610787167e+01,0.000000000000000000e+00
1.712031222900897376e+01,0.000000000000000000e+00
2.116078901965669701e+01,0.000000000000000000e+00
2.376524889381184735e+01,0.000000000000000000e+00
2.289298684461927280e+01,0.000000000000000000e+00
2.401361307648990362e+01,0.000000000000000000e+00
2.435616528567748418e+01,0.000000000000000000e+00
2.327196023895618993e+01,0.000000000000000000e+00
2.022816191557780030e+01,0.000000000000000000e+00
2.378660198138501158e+01,0.000000000000000000e+00
2.139572645801652939e+01,0.000000000000000000e+00
2.198596300524339497e+01,0.000000000000000000e+00
2.234659508283197837e+01,0.000000000000000000e+00
2.568922494984890648e+01,0.000000000000000000e+00
2.240388964144226591e+01,0.000000000000000000e+00
1.954985243672804174e+01,0.000000000000000000e+00
2.241314132145416238e+01,0.000000000000000000e+00
2.496369255810039078e+01,0.000000000000000000e+00
2.442291126201321205e+01,0.000000000000000000e+00
1.615224473134536609e+01,0.000000000000000000e+00
2.491337890694007129e+01,0.000000000000000000e+00
2.121512456664935797e+01,0.000000000000000000e+00
1.860333385202838130e+01,0.000000000000000000e+00
2.358301217774393876e+01,0.000000000000000000e+00
2.104190827480714177e+01,0.000000000000000000e+00
2.567508869386772830e+01,0.000000000000000000e+00
2.304101675911343605e+01,0.000000000000000000e+00
1.874117581211314842e+01,0.000000000000000000e+00
2.249241789695096116e+01,0.000000000000000000e+00
2.369329592391655837e+01,0.000000000000000000e+00
2.074267237404767528e+01,0.000000000000000000e+00
2.138556465790113492e+01,0.000000000000000000e+00
2.280333708872183962e+01,0.000000000000000000e+00
1.984386603379137881e+01,0.000000000000000000e+00
2.284203398832161724e+01,0.000000000000000000e+00
2.161673341911019008e+01,0.000000000000000000e+00
2.121445561451819728e+01,0.000000000000000000e+00
2.089537520164464368e+01,0.000000000000000000e+00
2.118549100715914690e+01,0.000000000000000000e+00
2.231170847547449299e+01,0.000000000000000000e+00
2.184995258988303135e+01,0.000000000000000000e+00
2.260471482478116556e+01,0.000000000000000000e+00
1.900424903574229063e+01,0.000000000000000000e+00
2.304626966292380530e+01,0.000000000000000000e+00
1.954045979143609557e+01,0.000000000000000000e+00
1.938123789951249876e+01,0.000000000000000000e+00
1.980071793083330789e+01,0.000000000000000000e+00
2.491644211205828441e+01,0.000000000000000000e+00
2.422566688420183567e+01,0.000000000000000000e+00
2.359125520941341847e+01,0.000000000000000000e+00
2.340406970446829860e+01,0.000000000000000000e+00
1.938163150451279648e+01,0.000000000000000000e+00
2.082259276583971186e+01,0.000000000000000000e+00
2.315109240309697825e+01,0.000000000000000000e+00
2.307348608605141038e+01,0.000000000000000000e+00
2.259575603343939321e+01,0.000000000000000000e+00
2.097647892843507833e+01,0.000000000000000000e+00
2.282217838641818730e+01,0.000000000000000000e+00
2.156975055088523163e+01,0.000000000000000000e+00
2.201265858156676103e+01,0.000000000000000000e+00
2.302688077827586710e+01,0.000000000000000000e+00
2.294434108837794639e+01,0.000000000000000000e+00
2.265096298511425132e+01,0.000000000000000000e+00
2.540286556637107296e+01,0.000000000000000000e+00
1.993206295709353526e+01,0.000000000000000000e+00
2.293604297258181290e+01,0.000000000000000000e+00
2.306963570963251087e+01,0.000000000000000000e+00
2.260010128079471414e+01,0.000000000000000000e+00
2.345746449511068477e+01,0.000000000000000000e+00
1.698180505440016574e+01,0.000000000000000000e+00
2.440551612650321545e+01,0.000000000000000000e+00
1.986303184667525557e+01,0.000000000000000000e+00
1.921589316921739510e+01,0.000000000000000000e+00
2.125832752437708351e+01,0.000000000000000000e+00
1.742518766914223605e+01,0.000000000000000000e+00
1.943977045708022189e+01,0.000000000000000000e+00
2.016853378942102992e+01,0.000000000000000000e+00
2.147677237408992923e+01,0.000000000000000000e+00
2.005855421525042459e+01,0.000000000000000000e+00
2.173267675260408893e+01,0.000000000000000000e+00
2.170434112081368738e+01,0.000000000000000000e+00
2.239539458378887460e+01,0.000000000000000000e+00
1.995762643048091078e+01,0.000000000000000000e+00
2.289841975171878374e+01,0.000000000000000000e+00
2.026867945615751410e+01,0.000000000000000000e+00
2.112456542283753791e+01,0.000000000000000000e+00
2.198746765485020305e+01,0.000000000000000000e+00
1.990092327905823666e+01,0.000000000000000000e+00
2.204571326292850486e+01,0.000000000000000000e+00
1.932027457358032763e+01,0.000000000000000000e+00
1.868066472571518943e+01,0.000000000000000000e+00
1.843829180058570572e+01,0.000000000000000000e+00
2.078266021523268492e+01,0.000000000000000000e+00
1.879320220868405755e+01,0.000000000000000000e+00
2.016183466501378518e+01,0.000000000000000000e+00
2.021628347043404261e+01,0.000000000000000000e+00
2.144563502964199486e+01,0.000000000000000000e+00
1.916302209709319015e+01,0.000000000000000000e+00
2.170552946396801630e+01,0.000000000000000000e+00
2.016126645089889990e+01,0.000000000000000000e+00
2.083653811192493066e+01,0.000000000000000000e+00
2.104776205567867464e+01,0.000000000000000000e+00
1.935783109698693849e+01,0.000000000000000000e+00
1.955915779750882777e+01,0.000000000000000000e+00
2.007013658560612512e+01,0.000000000000000000e+00
2.131860334009758162e+01,0.000000000000000000e+00
1.966081067140826022e+01,0.000000000000000000e+00
2.107470654503159935e+01,0.000000000000000000e+00
2.015081773282831179e+01,0.000000000000000000e+00
1.767326118315953210e+01,0.000000000000000000e+00
1.840622224053041478e+01,0.000000000000000000e+00
2.196264432648641929e+01,0.000000000000000000e+00
1.914757091324574390e+01,0.000000000000000000e+00
2.171228311512581044e+01,0.000000000000000000e+00
1.940242902340003894e+01,0.000000000000000000e+00
1.664182562987385694e+01,0.000000000000000000e+00
1.861631086562777426e+01,0.000000000000000000e+00
2.204805266462835078e+01,0.000000000000000000e+00
2.003682649273616079e+01,0.000000000000000000e+00
1.965763444079017930e+01,0.000000000000000000e+00
1.841334131782103256e+01,0.000000000000000000e+00
2.033789957544528804e+01,0.000000000000000000e+00
1.975637063578690089e+01,0.000000000000000000e+00
2.076978771554851022e+01,0.000000000000000000e+00
2.190750764947003759e+01,0.000000000000000000e+00
2.058876802415927543e+01,0.000000000000000000e+00
1.699526634920923485e+01,0.000000000000000000e+00
1.836592764092754848e+01,0.000000000000000000e+00
2.252767963632690140e+01,0.000000000000000000e+00
2.018035600605547586e+01,0.000000000000000000e+00
2.044346958535936309e+01,0.000000000000000000e+00
1.996072135156084215e+01,0.000000000000000000e+00
2.578116643368255012e+01,0.000000000000000000e+00
2.033367028672571664e+01,0.000000000000000000e+00
1.878941222178083947e+01,0.000000000000000000e+00
1.883284496123178187e+01,0.000000000000000000e+00
1.667496935984194195e+01,0.000000000000000000e+00
2.114835048661714012e+01,0.000000000000000000e+00
2.209536768293423847e+01,0.000000000000000000e+00
2.417968989048296180e+01,0.000000000000000000e+00
2.028292646424784351e+01,0.000000000000000000e+00
2.070628632575531825e+01,0.000000000000000000e+00
1.917205902829573105e+01,0.000000000000000000e+00
1.775022188335818640e+01,0.000000000000000000e+00
1.794712175566245804e+01,0.000000000000000000e+00
2.057666543745949639e+01,0.000000000000000000e+00
2.177004462185185574e+01,0.000000000000000000e+00
2.045186705967111962e+01,0.000000000000000000e+00
2.336963482249096558e+01,0.000000000000000000e+00
2.120572754925280634e+01,0.000000000000000000e+00
1.686382423623186355e+01,0.000000000000000000e+00
1.987756554454571400e+01,0.000000000000000000e+00
2.090043132546022875e+01,0.000000000000000000e+00
2.071343588229192179e+01,0.000000000000000000e+00
1.978616150718359989e+01,0.000000000000000000e+00
2.100383749216829443e+01,0.000000000000000000e+00
2.028571073903462718e+01,0.000000000000000000e+00
2.134705276420239173e+01,0.000000000000000000e+00
1.942890974815004412e+01,0.000000000000000000e+00
2.142782344761558733e+01,0.000000000000000000e+00
2.296121191233885384e+01,0.000000000000000000e+00
1.791112737091081186e+01,0.000000000000000000e+00
1.949279772902687569e+01,0.000000000000000000e+00
1.442771731753810727e+01,0.000000000000000000e+00
2.229463298758254552e+01,0.000000000000000000e+00
1.904419135785552442e+01,0.000000000000000000e+00
2.053503112383444673e+01,0.000000000000000000e+00
1.945761203116473581e+01,0.000000000000000000e+00
1.961206972835719142e+01,0.000000000000000000e+00
2.130782435712712086e+01,0.000000000000000000e+00
1.995836320949899090e+01,0.000000000000000000e+00
2.278252996900720007e+01,0.000000000000000000e+00
2.024606965201408570e+01,0.000000000000000000e+00
2.218467251370950777e+01,0.000000000000000000e+00
2.249112122702970851e+01,0.000000000000000000e+00
2.097899925819530509e+01,0.000000000000000000e+00
1.952017286089147774e+01,0.000000000000000000e+00
2.166953192419506991e+01,0.000000000000000000e+00
2.349596376713031631e+01,0.000000000000000000e+00
1.875223141077036715e+01,0.000000000000000000e+00
2.513544374331063835e+01,0.000000000000000000e+00
1.810024783866918341e+01,0.000000000000000000e+00
1.987485170258752376e+01,0.000000000000000000e+00
2.110646013789835607e+01,0.000000000000000000e+00
1.979271251548685484e+01,0.000000000000000000e+00
1.790167821889193789e+01,0.000000000000000000e+00
2.197265870182095782e+01,0.000000000000000000e+00
1.833715865314205473e+01,0.000000000000000000e+00
1.955346284813927227e+01,0.000000000000000000e+00
2.328556880857676603e+01,0.000000000000000000e+00
1.713813956953293527e+01,0.000000000000000000e+00
1.949912878286588480e+01,0.000000000000000000e+00
1.594389294026079540e+01,0.000000000000000000e+00
1.842978840081568492e+01,0.000000000000000000e+00
1.876037298224874661e+01,0.000000000000000000e+00
2.211694046221740706e+01,0.000000000000000000e+00
2.142112088266650716e+01,0.000000000000000000e+00
2.313671663494575981e+01,0.000000000000000000e+00
2.137278879797784725e+01,0.000000000000000000e+00
1.825833896935884582e+01,0.000000000000000000e+00
2.213269129042975436e+01,0.000000000000000000e+00
1.919023724817975207e+01,0.000000000000000000e+00
1.892549514123337673e+01,0.000000000000000000e+00
1.947202368673412920e+01,0.000000000000000000e+00
1.699526047202722978e+01,0.000000000000000000e+00
2.038661747495073939e+01,0.000000000000000000e+00
1.955958682780114088e+01,0.000000000000000000e+00
1.975221397228024500e+01,0.000000000000000000e+00
2.169625039448343529e+01,0.000000000000000000e+00
1.857562595870573574e+01,0.000000000000000000e+00
2.089496425479587671e+01,0.000000000000000000e+00
1.833396090294914771e+01,0.000000000000000000e+00
1.994468614518412508e+01,0.000000000000000000e+00
2.194203914403762923e+01,0.000000000000000000e+00
1.491919642073416696e+01,0.000000000000000000e+00
2.186353132692892132e+01,0.000000000000000000e+00
2.137696753764385349e+01,0.000000000000000000e+00
1.981913030842974521e+01,0.000000000000000000e+00
2.142639733208105213e+01,0.000000000000000000e+00
1.765014211475056527e+01,0.000000000000000000e+00
1.936809939502262523e+01,0.000000000000000000e+00
2.431827592858854103e+01,0.000000000000000000e+00
1.856464533628443547e+01,0.000000000000000000e+00
1.923057678627314360e+01,0.000000000000000000e+00
1.668456776498427985e+01,0.000000000000000000e+00
1.864137572553237376e+01,0.000000000000000000e+00
2.105506577056199902e+01,0.000000000000000000e+00
2.337754004086564663e+01,0.000000000000000000e+00
2.189722235912602599e+01,0.000000000000000000e+00
2.279177219171290147e+01,0.000000000000000000e+00
2.144739037042897678e+01,0.000000000000000000e+00
2.138196182154279867e+01,0.000000000000000000e+00
2.365017058575045894e+01,0.000000000000000000e+00
2.253348358215459513e+01,0.000000000000000000e+00
1.996473678870305335e+01,0.000000000000000000e+00
2.041332825431161169e+01,0.000000000000000000e+00
2.260665672960229244e+01,0.000000000000000000e+00
1.820608781183048563e+01,0.000000000000000000e+00
2.275398807177673888e+01,0.000000000000000000e+00
1.773303323328301673e+01,0.000000000000000000e+00
2.045025264263848186e+01,0.000000000000000000e+00
2.376871770876720547e+01,0.000000000000000000e+00
2.123819226551248462e+01,0.000000000000000000e+00
2.070059055710726525e+01,0.000000000000000000e+00
2.307532478855354796e+01,0.000000000000000000e+00
1.846760012193932710e+01,0.000000000000000000e+00
2.301995438956346973e+01,0.000000000000000000e+00
2.127678877964965309e+01,0.000000000000000000e+00
2.049709530095362808e+01,0.000000000000000000e+00
2.024410723761524622e+01,0.000000000000000000e+00
2.393705017539757307e+01,0.000000000000000000e+00
2.465719364238459832e+01,0.000000000000000000e+00
1.815880007080487601e+01,0.000000000000000000e+00
2.055606569241577120e+01,0.000000000000000000e+00
2.261961285600995808e+01,0.000000000000000000e+00
2.291392409396625851e+01,0.000000000000000000e+00
2.375932374744868270e+01,0.000000000000000000e+00
1.853924686702665880e+01,0.000000000000000000e+00
2.067327993127408803e+01,0.000000000000000000e+00
1.705241109663754884e+01,0.000000000000000000e+00
1.814028737644236244e+01,0.000000000000000000e+00
2.312376911511627142e+01,0.000000000000000000e+00
1.906558907814414638e+01,0.000000000000000000e+00
2.669447650484896783e+01,0.000000000000000000e+00
2.014694363097225249e+01,0.000000000000000000e+00
2.160336163430657308e+01,0.000000000000000000e+00
1.780898544376813319e+01,0.000000000000000000e+00
2.188940787212342798e+01,0.000000000000000000e+00
1.978196858602960262e+01,0.000000000000000000e+00
2.284016720285594459e+01,0.000000000000000000e+00
2.092202795045096053e+01,0.000000000000000000e+00
2.381677512477158132e+01,0.000000000000000000e+00
2.124019603132250822e+01,0.000000000000000000e+00
2.155923678351808448e+01,0.000000000000000000e+00
2.089373538866127689e+01,0.000000000000000000e+00
1.826884222798594948e+01,0.000000000000000000e+00
2.233633700129205124e+01,0.000000000000000000e+00
2.050372738029412290e+01,0.000000000000000000e+00
2.164542806791096652e+01,0.000000000000000000e+00
2.292358027827434341e+01,0.000000000000000000e+00
1.929479903025317711e+01,0.000000000000000000e+00
2.227413507546572191e+01,0.000000000000000000e+00
2.218945726804159690e+01,0.000000000000000000e+00
2.396331038812585135e+01,0.000000000000000000e+00
2.421509996941678722e+01,0.000000000000000000e+00
2.164324086743526721e+01,0.000000000000000000e+00
2.432456659832865142e+01,0.000000000000000000e+00
2.214488815005604039e+01,0.000000000000000000e+00
2.081134519558480989e+01,0.000000000000000000e+00
2.142498918816404441e+01,0.000000000000000000e+00
2.360092902034077866e+01,0.000000000000000000e+00
2.208511849032678143e+01,0.000000000000000000e+00
1.959045674548071503e+01,0.000000000000000000e+00
1.722665939322525475e+01,0.000000000000000000e+00
2.016886218829865740e+01,0.000000000000000000e+00
1.838661658841630953e+01,0.000000000000000000e+00
2.275174061657217450e+01,0.000000000000000000e+00
2.008310974688941641e+01,0.000000000000000000e+00
2.332472843161996678e+01,0.000000000000000000e+00
1.989233404642454417e+01,0.000000000000000000e+00
2.137131501999327909e+01,0.000000000000000000e+00
2.234247164395457119e+01,0.000000000000000000e+00
2.008930936480945562e+01,0.000000000000000000e+00
1.835114908166332626e+01,0.000000000000000000e+00
2.615437695132415641e+01,0.000000000000000000e+00
2.186950669836807748e+01,0.000000000000000000e+00
2.051830442679914768e+01,0.000000000000000000e+00
2.130284581476285766e+01,0.000000000000000000e+00
2.243011071935973177e+01,0.000000000000000000e+00
2.044103759883275373e+01,0.000000000000000000e+00
2.262591368255379365e+01,0.000000000000000000e+00
1.886305653046780861e+01,0.000000000000000000e+00
2.254823037959622667e+01,0.000000000000000000e+00
2.246256351292540288e+01,0.000000000000000000e+00
2.388274871766328999e+01,0.000000000000000000e+00
2.034591897627608503e+01,0.000000000000000000e+00
2.296078551364092135e+01,0.000000000000000000e+00
2.039802151329982749e+01,0.000000000000000000e+00
2.205667261800624601e+01,0.000000000000000000e+00
2.325632790302827857e+01,0.000000000000000000e+00
2.396255557742950160e+01,0.000000000000000000e+00
2.181954070881618790e+01,0.000000000000000000e+00
2.085052932685466232e+01,0.000000000000000000e+00
2.750966377426338028e+01,0.000000000000000000e+00
2.599984956481840470e+01,0.000000000000000000e+00
1.867893400168533447e+01,0.000000000000000000e+00
1.858274109846470878e+01,0.000000000000000000e+00
2.279368371066540533e+01,0.000000000000000000e+00
2.137008566543871524e+01,0.000000000000000000e+00
2.276818970973775791e+01,0.000000000000000000e+00
2.641168409122474969e+01,0.000000000000000000e+00
2.662308754081740858e+01,0.000000000000000000e+00
2.445320776665136009e+01,0.000000000000000000e+00
2.466053181792638327e+01,0.000000000000000000e+00
2.276878446133690304e+01,0.000000000000000000e+00
1.865176433286993429e+01,0.000000000000000000e+00
2.102834774141371810e+01,0.000000000000000000e+00
2.251024544660630866e+01,0.000000000000000000e+00
2.269328178885884739e+01,0.000000000000000000e+00
2.332039499678575112e+01,0.000000000000000000e+00
2.017355709602139058e+01,0.000000000000000000e+00
2.163466350187893994e+01,0.000000000000000000e+00
2.060876296537976060e+01,0.000000000000000000e+00
2.439330674334456361e+01,0.000000000000000000e+00
2.450260069550537523e+01,0.000000000000000000e+00
2.492367451315889681e+01,0.000000000000000000e+00
2.287509842116923053e+01,0.000000000000000000e+00
2.550808419279597317e+01,0.000000000000000000e+00
2.481656088315704878e+01,0.000000000000000000e+00
2.186755162303805733e+01,0.000000000000000000e+00
2.317536148014178821e+01,0.000000000000000000e+00
2.609624786307216837e+01,0.000000000000000000e+00
2.413147148926400121e+01,0.000000000000000000e+00
2.425703105071247734e+01,0.000000000000000000e+00
2.449970358129337811e+01,0.000000000000000000e+00
2.704735070859600654e+01,0.000000000000000000e+00
2.009577787479335242e+01,0.000000000000000000e+00
2.122561765975106951e+01,0.000000000000000000e+00
2.452916664469823971e+01,0.000000000000000000e+00
2.478959683191848029e+01,0.000000000000000000e+00
2.346258884257718691e+01,0.000000000000000000e+00
2.555864472103380791e+01,0.000000000000000000e+00
2.316654947224950689e+01,0.000000000000000000e+00
2.773879626241477325e+01,0.000000000000000000e+00
2.536789496413765832e+01,0.000000000000000000e+00
2.445658106721325353e+01,0.000000000000000000e+00
2.200491726913968193e+01,0.000000000000000000e+00
2.522359555366156414e+01,0.000000000000000000e+00
2.319182882100890808e+01,0.000000000000000000e+00
2.722895668733801600e+01,0.000000000000000000e+00
2.715887581933888484e+01,0.000000000000000000e+00
2.547650800373844149e+01,0.000000000000000000e+00
2.191663488183777986e+01,0.000000000000000000e+00
2.428594255413730352e+01,0.000000000000000000e+00
2.227139740261802103e+01,0.000000000000000000e+00
2.413563314976226337e+01,0.000000000000000000e+00
2.589038951692101520e+01,0.000000000000000000e+00
2.574708671908383195e+01,0.000000000000000000e+00
2.526022257591262843e+01,0.000000000000000000e+00
2.668032126215753763e+01,0.000000000000000000e+00
2.700660557860189215e+01,0.000000000000000000e+00
2.407697263443040470e+01,0.000000000000000000e+00
2.804042564051488995e+01,0.000000000000000000e+00
2.661465360313312090e+01,0.000000000000000000e+00
2.535067575896596992e+01,0.000000000000000000e+00
2.629022172458909168e+01,0.000000000000000000e+00
2.393425602204217739e+01,0.000000000000000000e+00
2.540812079154766678e+01,0.000000000000000000e+00
2.397714604378902692e+01,0.000000000000000000e+00
2.546294950648758260e+01,0.000000000000000000e+00
2.385003457155968576e+01,0.000000000000000000e+00
2.431712873964106691e+01,0.000000000000000000e+00
2.244683801678501922e+01,0.000000000000000000e+00
2.301767688525552558e+01,0.000000000000000000e+00
2.573381599709163225e+01,0.000000000000000000e+00
2.703218116650196734e+01,0.000000000000000000e+00
2.514795794503115189e+01,0.000000000000000000e+00
2.585097100563925920e+01,0.000000000000000000e+00
2.487029584512564995e+01,0.000000000000000000e+00
2.602544611062717195e+01,0.000000000000000000e+00
3.051532730135946281e+01,0.000000000000000000e+00
2.476941259623449909e+01,0.000000000000000000e+00
2.422355940377322270e+01,0.000000000000000000e+00
2.671245076440867194e+01,0.000000000000000000e+00
2.836697094239388761e+01,0.000000000000000000e+00
2.773982324601930927e+01,0.000000000000000000e+00
2.988655716855867084e+01,0.000000000000000000e+00
2.641177504892749894e+01,0.000000000000000000e+00
2.937007164952234461e+01,0.000000000000000000e+00
2.969677589949854024e+01,0.000000000000000000e+00
2.620896043820571109e+01,0.000000000000000000e+00
2.625286789219639161e+01,0.000000000000000000e+00
2.707613684538843657e+01,0.000000000000000000e+00
2.902786285736490512e+01,0.000000000000000000e+00
2.371372392845919208e+01,0.000000000000000000e+00
2.484573508395900276e+01,0.000000000000000000e+00
2.716417306778993535e+01,0.000000000000000000e+00
2.893114860247878184e+01,0.000000000000000000e+00
2.419901389124185798e+01,0.000000000000000000e+00
2.527936481243576239e+01,0.000000000000000000e+00
2.557208527003607657e+01,0.000000000000000000e+00
2.611856417240457517e+01,0.000000000000000000e+00
2.580929815470996758e+01,0.000000000000000000e+00
2.401629882928856929e+01,0.000000000000000000e+00
2.822969023260616694e+01,0.000000000000000000e+00
2.431472447072407661e+01,0.000000000000000000e+00
2.906753990763608542e+01,0.000000000000000000e+00
2.926469050092651258e+01,0.000000000000000000e+00
3.055641680577902974e+01,0.000000000000000000e+00
2.796329484546005517e+01,0.000000000000000000e+00
2.826269415176348687e+01,0.000000000000000000e+00
2.779960844918715779e+01,0.000000000000000000e+00
2.868504342812445174e+01,0.000000000000000000e+00
2.867641773786967718e+01,0.000000000000000000e+00
2.745668084327912339e+01,0.000000000000000000e+00
2.766914210018952147e+01,0.000000000000000000e+00
2.852106934964894336e+01,0.000000000000000000e+00
3.137674341563644731e+01,0.000000000000000000e+00
2.956286659685671836e+01,0.000000000000000000e+00
2.808488819085631860e+01,0.000000000000000000e+00
2.711293190862144442e+01,0.000000000000000000e+00
2.916139855340459164e+01,0.000000000000000000e+00
3.098567693572611859e+01,0.000000000000000000e+00
2.564900548405915259e+01,0.000000000000000000e+00
2.870382713772535865e+01,0.000000000000000000e+00
3.062532560192080311e+01,0.000000000000000000e+00
2.714308246621237686e+01,0.000000000000000000e+00
3.055222041438160119e+01,0.000000000000000000e+00
2.507867593977237419e+01,0.000000000000000000e+00
2.652175754689196907e+01,0.000000000000000000e+00
2.709829095830372836e+01,0.000000000000000000e+00
2.851432722340093306e+01,0.000000000000000000e+00
2.676391321153969471e+01,0.000000000000000000e+00
2.485220828220572642e+01,0.000000000000000000e+00
3.044667240140190145e+01,0.000000000000000000e+00
2.834031918110842696e+01,0.000000000000000000e+00
2.603323123969328989e+01,0.000000000000000000e+00
2.621967296940130865e+01,0.000000000000000000e+00
3.100071064371745422e+01,0.000000000000000000e+00
2.804304839977541519e+01,0.000000000000000000e+00
3.405295109400075404e+01,0.000000000000000000e+00
2.706806678334022465e+01,0.000000000000000000e+00
2.725991451290571277e+01,0.000000000000000000e+00
2.959847285959757457e+01,0.000000000000000000e+00
3.103033915559391431e+01,0.000000000000000000e+00
3.065825162714608609e+01,0.000000000000000000e+00
2.785660767316920428e+01,0.000000000000000000e+00
2.642305144128371097e+01,0.000000000000000000e+00
3.062433726848009741e+01,0.000000000000000000e+00
2.736123246402660314e+01,0.000000000000000000e+00
2.853722658660257849e+01,0.000000000000000000e+00
3.301200370967015374e+01,0.000000000000000000e+00
2.893642727229265077e+01,0.000000000000000000e+00
3.018901900250294190e+01,0.000000000000000000e+00
3.122314763497605483e+01,0.000000000000000000e+00
3.244824519196693302e+01,0.000000000000000000e+00
3.386907130253415232e+01,0.000000000000000000e+00
3.163547637302119497e+01,0.000000000000000000e+00
2.944465392498330303e+01,0.000000000000000000e+00
3.082396920461859224e+01,0.000000000000000000e+00
2.885232128574588017e+01,0.000000000000000000e+00
3.114037899181706948e+01,0.000000000000000000e+00
3.101959367619684116e+01,0.000000000000000000e+00
3.221403367633909909e+01,0.000000000000000000e+00
3.490502859050926077e+01,0.000000000000000000e+00
2.854417657009420495e+01,0.000000000000000000e+00
3.000938193710639368e+01,0.000000000000000000e+00
3.151721095574252018e+01,0.000000000000000000e+00
3.057529190479098347e+01,0.000000000000000000e+00
2.749092847335500522e+01,0.000000000000000000e+00
3.207669103815149469e+01,0.000000000000000000e+00
3.027268888323111184e+01,0.000000000000000000e+00
2.881556073758567038e+01,0.000000000000000000e+00
3.103643858665906308e+01,0.000000000000000000e+00
2.954059759550064612e+01,0.000000000000000000e+00
3.445555526505933130e+01,0.000000000000000000e+00
2.919754746634523102e+01,0.000000000000000000e+00
3.417165187160259165e+01,0.000000000000000000e+00
3.214102821784541675e+01,0.000000000000000000e+00
3.138110016915430123e+01,0.000000000000000000e+00
3.139957475967386458e+01,0.000000000000000000e+00
2.955113631514786121e+01,0.000000000000000000e+00
3.225424458169574393e+01,0.000000000000000000e+00
3.004344522064429768e+01,0.000000000000000000e+00
3.190219317996819015e+01,0.000000000000000000e+00
3.182026994527535635e+01,0.000000000000000000e+00
3.071509536017726560e+01,0.000000000000000000e+00
3.484903929962012370e+01,0.000000000000000000e+00
3.471389571055372159e+01,0.000000000000000000e+00
3.443273985213935617e+01,0.000000000000000000e+00
3.132911202476239509e+01,0.000000000000000000e+00
3.493321309657675044e+01,0.000000000000000000e+00
3.264654739178834575e+01,0.000000000000000000e+00
3.023780229341414127e+01,0.000000000000000000e+00
3.074725832023183258e+01,0.000000000000000000e+00
3.274085166834929339e+01,0.000000000000000000e+00
3.134868567226600433e+01,0.000000000000000000e+00
3.162114991244602535e+01,0.000000000000000000e+00
3.308899452164284583e+01,0.000000000000000000e+00
3.478292932897512202e+01,0.000000000000000000e+00
3.303188531387047533e+01,0.000000000000000000e+00
3.644687402219243211e+01,0.000000000000000000e+00
3.299311365920015504e+01,0.000000000000000000e+00
3.505679452165322374e+01,0.000000000000000000e+00
3.683922080135562993e+01,0.000000000000000000e+00
3.200835194851449472e+01,0.000000000000000000e+00
3.065357731979572620e+01,0.000000000000000000e+00
3.304771207449469017e+01,0.000000000000000000e+00
3.526338981233194403e+01,0.000000000000000000e+00
3.060721600049211588e+01,0.000000000000000000e+00
3.074315453247691465e+01,0.000000000000000000e+00
3.263963450087958762e+01,0.000000000000000000e+00
3.265403886751207807e+01,0.000000000000000000e+00
3.537889695395775647e+01,0.000000000000000000e+00
3.325808628651950016e+01,0.000000000000000000e+00
3.525109686244456242e+01,0.000000000000000000e+00
3.144063454477362285e+01,0.000000000000000000e+00
3.525314303968173846e+01,0.000000000000000000e+00
2.901432607827435817e+01,0.000000000000000000e+00
3.698733027367722315e+01,0.000000000000000000e+00
3.458046586042904380e+01,0.000000000000000000e+00
3.497815383012479629e+01,0.000000000000000000e+00
3.231694146384553790e+01,0.000000000000000000e+00
3.197303691150188598e+01,0.000000000000000000e+00
3.682617492003087989e+01,0.000000000000000000e+00
3.466352271877993019e+01,0.000000000000000000e+00
3.302190547728019254e+01,0.000000000000000000e+00
3.201500941853806381e+01,0.000000000000000000e+00
3.641217219593611532e+01,0.000000000000000000e+00
3.339698022028359503e+01,0.000000000000000000e+00
3.383283650465192949e+01,0.000000000000000000e+00
3.423817191459502851e+01,0.000000000000000000e+00
3.551437975546872394e+01,0.000000000000000000e+00
3.305362336632855147e+01,0.000000000000000000e+00
3.348492846942131962e+01,0.000000000000000000e+00
3.419024140419784175e+01,0.000000000000000000e+00
3.545280666859366647e+01,0.000000000000000000e+00
3.631926123380929283e+01,0.000000000000000000e+00
3.415513245571762013e+01,0.000000000000000000e+00
3.512983952672811938e+01,0.000000000000000000e+00
3.407497916459288234e+01,0.000000000000000000e+00
3.769155983134422883e+01,0.000000000000000000e+00
3.631120273153004518e+01,0.000000000000000000e+00
3.524496235561822033e+01,0.000000000000000000e+00
3.686397232801416379e+01,0.000000000000000000e+00
3.429295808656132039e+01,0.000000000000000000e+00
3.426514168408726846e+01,0.000000000000000000e+00
3.364106888155176733e+01,0.000000000000000000e+00
3.735111209612686167e+01,0.000000000000000000e+00
3.650733511937471576e+01,0.000000000000000000e+00
3.742710195824494690e+01,0.000000000000000000e+00
3.738428405411652733e+01,0.000000000000000000e+00
3.532912327991352441e+01,0.000000000000000000e+00
3.792683498137851927e+01,0.000000000000000000e+00
3.630420796038336562e+01,0.000000000000000000e+00
3.022273673266642291e+01,0.000000000000000000e+00
3.940389663674501008e+01,0.000000000000000000e+00
3.647099275119472850e+01,0.000000000000000000e+00
3.325266754086078436e+01,0.000000000000000000e+00
3.694679994761980169e+01,0.000000000000000000e+00
3.867977950860434788e+01,0.000000000000000000e+00
3.728381053432561032e+01,0.000000000000000000e+00
3.650602122185691911e+01,0.000000000000000000e+00
3.470821812367984904e+01,0.000000000000000000e+00
3.843035794260408977e+01,0.000000000000000000e+00
3.746366413595720957e+01,0.000000000000000000e+00
4.008445585523803345e+01,0.000000000000000000e+00
3.910510144673922639e+01,0.000000000000000000e+00
3.769869662695870716e+01,0.000000000000000000e+00
3.702495694260921510e+01,0.000000000000000000e+00
3.598712408985696243e+01,0.000000000000000000e+00
3.818637628373707571e+01,0.000000000000000000e+00
3.886837026927718597e+01,0.000000000000000000e+00
3.598315353304607811e+01,0.000000000000000000e+00
3.956420641268515226e+01,0.000000000000000000e+00
4.118741964844819847e+01,0.000000000000000000e+00
3.856257440987059226e+01,0.000000000000000000e+00
3.842876270231463565e+01,0.000000000000000000e+00
3.753946197336477297e+01,0.000000000000000000e+00
3.926701950429072241e+01,0.000000000000000000e+00
4.084901358756611245e+01,0.000000000000000000e+00
3.814755286608687612e+01,0.000000000000000000e+00
3.681682398465203931e+01,0.000000000000000000e+00
4.015135401573503771e+01,0.000000000000000000e+00
3.892448387500030549e+01,0.000000000000000000e+00
3.965474786584798039e+01,0.000000000000000000e+00
3.872253798100037159e+01,0.000000000000000000e+00
3.582803525764072106e+01,0.000000000000000000e+00
3.899527170180196123e+01,0.000000000000000000e+00
3.895557436674241103e+01,0.000000000000000000e+00
3.922269793694705697e+01,0.000000000000000000e+00
3.859035141746072384e+01,0.000000000000000000e+00
4.027894055243893945e+01,0.000000000000000000e+00
4.055543562264801949e+01,0.000000000000000000e+00
3.952269120664580271e+01,0.000000000000000000e+00
4.079617767899571845e+01,0.000000000000000000e+00
3.717370348466392471e+01,0.000000000000000000e+00
4.158134723976987601e+01,0.000000000000000000e+00
4.011000695462356447e+01,0.000000000000000000e+00
4.472600063657957037e+01,0.000000000000000000e+00
4.387510814838843487e+01,0.000000000000000000e+00
4.240307464119867120e+01,0.000000000000000000e+00
4.078372343945495260e+01,0.000000000000000000e+00
4.114778127282990283e+01,0.000000000000000000e+00
4.136212817280408416e+01,0.000000000000000000e+00
4.048177591100551354e+01,0.000000000000000000e+00
4.043753959394052089e+01,0.000000000000000000e+00
4.485571564118792764e+01,0.000000000000000000e+00
4.261500015145043818e+01,0.000000000000000000e+00
4.466905420481206335e+01,0.000000000000000000e+00
4.355207397800578661e+01,0.000000000000000000e+00
4.033524605996422707e+01,0.000000000000000000e+00
3.847685539068675808e+01,0.000000000000000000e+00
4.267218762513920183e+01,0.000000000000000000e+00
3.967718105401747408e+01,0.000000000000000000e+00
4.195166169143479351e+01,0.000000000000000000e+00
4.352270881694640536e+01,0.000000000000000000e+00
4.375048193908157401e+01,0.000000000000000000e+00
3.841530581703889169e+01,0.000000000000000000e+00
4.203641615297670597e+01,0.000000000000000000e+00
4.218054110956151703e+01,0.000000000000000000e+00
4.242740022789127607e+01,0.000000000000000000e+00
3.861508012823507130e+01,0.000000000000000000e+00
4.352187394597918058e+01,0.000000000000000000e+00
4.117995747670048701e+01,0.000000000000000000e+00
4.277286949470776989e+01,0.000000000000000000e+00
4.294307103370989154e+01,0.000000000000000000e+00
4.575977115898742653e+01,0.000000000000000000e+00
4.312505640112696881e+01,0.000000000000000000e+00
4.271089364062667215e+01,0.000000000000000000e+00
4.337022730710287988e+01,0.000000000000000000e+00
4.312346259774450630e+01,0.000000000000000000e+00
4.354907049148883402e+01,0.000000000000000000e+00
4.743356936463032980e+01,0.000000000000000000e+00
4.400316921236818501e+01,0.000000000000000000e+00
4.204742039514650287e+01,0.000000000000000000e+00
4.218880885326566244e+01,0.000000000000000000e+00
4.517505658995450091e+01,0.000000000000000000e+00
4.456806054610112255e+01,0.000000000000000000e+00
4.336742309512796112e+01,0.000000000000000000e+00
4.601447612396852094e+01,0.000000000000000000e+00
4.322225569005955492e+01,0.000000000000000000e+00
4.338510343844299655e+01,0.000000000000000000e+00
4.980396522936250392e+01,0.000000000000000000e+00
4.415334867366082250e+01,0.000000000000000000e+00
4.483872818812778149e+01,0.000000000000000000e+00
4.606358341099843301e+01,0.000000000000000000e+00
4.515553571237244768e+01,0.000000000000000000e+00
4.336572554508293109e+01,0.000000000000000000e+00
4.010839310405092561e+01,0.000000000000000000e+00
4.546037644542519018e+01,0.000000000000000000e+00
4.357967878989202148e+01,0.000000000000000000e+00
4.364425129948341464e+01,0.000000000000000000e+00
4.522309869282609895e+01,0.000000000000000000e+00
4.314150579842670652e+01,0.000000000000000000e+00
4.590902110970300498e+01,0.000000000000000000e+00
4.586051203754286831e+01,0.000000000000000000e+00
4.689432609915160555e+01,0.000000000000000000e+00
4.317678495458717691e+01,0.000000000000000000e+00
4.572346341488195520e+01,0.000000000000000000e+00
4.500405885359863589e+01,0.000000000000000000e+00
4.248951918577876796e+01,0.000000000000000000e+00
4.625947202228037014e+01,0.000000000000000000e+00
4.393938408228449077e+01,0.000000000000000000e+00
4.477081089861430740e+01,0.000000000000000000e+00
4.578841822214265278e+01,0.000000000000000000e+00
4.823286532788949899e+01,0.000000000000000000e+00
4.653740674978580216e+01,0.000000000000000000e+00
4.532237287584510455e+01,0.000000000000000000e+00
4.419605322951446169e+01,0.000000000000000000e+00
4.326653880768822091e+01,0.000000000000000000e+00
4.445444985813957572e+01,0.000000000000000000e+00
4.868586719602799917e+01,0.000000000000000000e+00
4.954194768491491629e+01,0.000000000000000000e+00
4.287729691283039557e+01,0.000000000000000000e+00
4.707155414645518476e+01,0.000000000000000000e+00
4.846323745698017404e+01,0.000000000000000000e+00
4.795470199035974446e+01,0.000000000000000000e+00
4.624590784310733937e+01,0.000000000000000000e+00
4.533101251042473478e+01,0.000000000000000000e+00
4.620631017897294868e+01,0.000000000000000000e+00
4.529768750306957514e+01,0.000000000000000000e+00
5.001403416703635685e+01,0.000000000000000000e+00
4.874963338228854326e+01,0.000000000000000000e+00
5.001527761944315387e+01,0.000000000000000000e+00
4.572552198477863783e+01,0.000000000000000000e+00
4.632608341611894076e+01,0.000000000000000000e+00
4.968166595509811856e+01,0.000000000000000000e+00
4.650845332225451756e+01,0.000000000000000000e+00
4.896665151340847189e+01,0.000000000000000000e+00
4.945722725864880687e+01,0.000000000000000000e+00
4.513028494516983358e+01,0.000000000000000000e+00
4.963819133702186548e+01,0.000000000000000000e+00
4.428640138716521335e+01,0.000000000000000000e+00
4.852037588178487226e+01,0.000000000000000000e+00
4.646791464625315626e+01,0.000000000000000000e+00
4.652111254769989301e+01,0.000000000000000000e+00
4.678526637929008558e+01,0.000000000000000000e+00
5.289673670893503754e+01,0.000000000000000000e+00
4.869263166926857878e+01,0.000000000000000000e+00
4.738068624912784799e+01,0.000000000000000000e+00
4.882484744824915879e+01,0.000000000000000000e+00
4.824899464613215372e+01,0.000000000000000000e+00
4.825710686137035310e+01,0.000000000000000000e+00
4.503006174972927766e+01,0.000000000000000000e+00
5.073594847769334848e+01,0.000000000000000000e+00
4.909987498315286558e+01,0.000000000000000000e+00
5.062595748968379183e+01,0.000000000000000000e+00
4.870886536606344208e+01,0.000000000000000000e+00
5.040819996714924400e+01,0.000000000000000000e+00
4.971704664651530692e+01,0.000000000000000000e+00
4.882433845421213903e+01,0.000000000000000000e+00
5.172589778189145449e+01,0.000000000000000000e+00
4.921410404621548196e+01,0.000000000000000000e+00
4.868811329930665011e+01,0.000000000000000000e+00
5.131685412847273398e+01,0.000000000000000000e+00
4.726082147908653752e+01,0.000000000000000000e+00
5.296383374421804291e+01,0.000000000000000000e+00
4.914367623387515494e+01,0.000000000000000000e+00
5.125830043483730947e+01,0.000000000000000000e+00
5.174815073816606059e+01,0.000000000000000000e+00
5.146529716103403018e+01,0.000000000000000000e+00
4.919912739237166477e+01,0.000000000000000000e+00
5.129393029890908196e+01,0.000000000000000000e+00
5.075136458598787925e+01,0.000000000000000000e+00
5.023619853806445690e+01,0.000000000000000000e+00
4.888905787751854604e+01,0.000000000000000000e+00
5.172932729070548419e+01,0.000000000000000000e+00
5.297632552404577666e+01,0.000000000000000000e+00
5.225063877824954517e+01,0.000000000000000000e+00
5.004958387517056195e+01,0.000000000000000000e+00
5.194930616561482850e+01,0.000000000000000000e+00
4.906461006019981852e+01,0.000000000000000000e+00
5.232027241443290677e+01,0.000000000000000000e+00
5.116684398264310119e+01,0.000000000000000000e+00
5.259210564040743208e+01,0.000000000000000000e+00
5.265182211211710950e+01,0.000000000000000000e+00
5.186178669168608479e+01,0.000000000000000000e+00
5.453516213275098323e+01,0.000000000000000000e+00
5.350746384766939912e+01,0.000000000000000000e+00
5.005561777217964448e+01,0.000000000000000000e+00
5.172948805967770625e+01,0.000000000000000000e+00
5.107431184830710436e+01,0.000000000000000000e+00
4.939126088490964861e+01,0.000000000000000000e+00
5.379225651624847160e+01,0.000000000000000000e+00
5.075288866946301169e+01,0.000000000000000000e+00
5.321856052523050806e+01,0.000000000000000000e+00
5.305070023350707942e+01,0.000000000000000000e+00
5.399274997462354264e+01,0.000000000000000000e+00
5.048029970791125010e+01,0.000000000000000000e+00
5.180649921343960074e+01,0.000000000000000000e+00
5.041482369028720711e+01,0.000000000000000000e+00
5.568197637230274921e+01,0.000000000000000000e+00
4.948693424752583780e+01,0.000000000000000000e+00
5.223104361302304710e+01,0.000000000000000000e+00
5.052784717894428468e+01,0.000000000000000000e+00
5.328708582959828988e+01,0.000000000000000000e+00
5.365616399755099764e+01,0.000000000000000000e+00
5.351141038573652509e+01,0.000000000000000000e+00
5.558770295716536936e+01,0.000000000000000000e+00
5.226220744754111536e+01,0.000000000000000000e+00
5.449919262036519285e+01,0.000000000000000000e+00
5.218693373501847077e+01,0.000000000000000000e+00
5.142088244546533815e+01,0.000000000000000000e+00
5.477872684965932848e+01,0.000000000000000000e+00
5.429299789776758445e+01,0.000000000000000000e+00
5.254348602590155082e+01,0.000000000000000000e+00
5.442067514164292419e+01,0.000000000000000000e+00
5.351806337846195305e+01,0.000000000000000000e+00
5.412321704583979454e+01,0.000000000000000000e+00
5.772154488749090007e+01,0.000000000000000000e+00
5.502594762546618057e+01,0.000000000000000000e+00
5.597455651628987994e+01,0.000000000000000000e+00
5.361307979921399891e+01,0.000000000000000000e+00
5.611978889556826999e+01,0.000000000000000000e+00
5.548950153733382962e+01,0.000000000000000000e+00
5.309354313959453719e+01,0.000000000000000000e+00
5.604622893559113095e+01,0.000000000000000000e+00
5.704127206547626372e+01,0.000000000000000000e+00
5.406523677949495266e+01,0.000000000000000000e+00
5.584663338975699531e+01,0.000000000000000000e+00
5.206583657842173807e+01,0.000000000000000000e+00
5.447747650864040736e+01,0.000000000000000000e+00
5.683929001105748569e+01,0.000000000000000000e+00
5.694270916240290603e+01,0.000000000000000000e+00
5.508639521585880061e+01,0.000000000000000000e+00
5.476893989328144841e+01,0.000000000000000000e+00
5.607148375917100225e+01,0.000000000000000000e+00
5.559874970483592449e+01,0.000000000000000000e+00
5.542028981862842585e+01,0.000000000000000000e+00
5.144711653149506247e+01,0.000000000000000000e+00
5.312769364907394021e+01,0.000000000000000000e+00
5.689703828093946925e+01,0.000000000000000000e+00
5.715963594973144524e+01,0.000000000000000000e+00
5.614652356555778567e+01,0.000000000000000000e+00
5.733372404773723474e+01,0.000000000000000000e+00
5.509712106792783004e+01,0.000000000000000000e+00
6.123353331112746645e+01,0.000000000000000000e+00
5.824268297284315565e+01,0.000000000000000000e+00
5.437482010705566182e+01,0.000000000000000000e+00
5.511652231275409974e+01,0.000000000000000000e+00
5.828788552464377659e+01,0.000000000000000000e+00
5.653101847767966603e+01,0.000000000000000000e+00
6.113399489388978481e+01,0.000000000000000000e+00
5.977252495344815486e+01,0.000000000000000000e+00
5.687461610566645476e+01,0.000000000000000000e+00
5.976346743424865338e+01,0.000000000000000000e+00
5.607388811378694271e+01,0.000000000000000000e+00
6.006745171949617657e+01,0.000000000000000000e+00
5.512830559768385541e+01,0.000000000000000000e+00
5.886385747755468145e+01,0.000000000000000000e+00
5.790687851054349267e+01,0.000000000000000000e+00
5.431802222481631759e+01,0.000000000000000000e+00
6.015662667974453370e+01,0.000000000000000000e+00
5.773019296434876679e+01,0.000000000000000000e+00
6.156883621669554429e+01,0.000000000000000000e+00
6.117560488929080265e+01,0.000000000000000000e+00
6.113312141773914732e+01,0.000000000000000000e+00
5.982234838600429327e+01,0.000000000000000000e+00
5.641760391274740982e+01,0.000000000000000000e+00
5.867212908540322047e+01,0.000000000000000000e+00
5.900849908190631510e+01,0.000000000000000000e+00
5.842570743481634565e+01,0.000000000000000000e+00
6.003303630701184090e+01,0.000000000000000000e+00
6.146822108247116745e+01,0.000000000000000000e+00
5.826549868060762805e+01,0.000000000000000000e+00
6.167980873236232497e+01,0.000000000000000000e+00
5.774102268753843248e+01,0.000000000000000000e+00
5.911348085925166629e+01,0.000000000000000000e+00
6.203884198127556004e+01,0.000000000000000000e+00
6.005375824930800377e+01,0.000000000000000000e+00
5.817260839680133699e+01,0.000000000000000000e+00
5.736982981133300541e+01,0.000000000000000000e+00
6.185430093698795417e+01,0.000000000000000000e+00
6.147853364377557028e+01,0.000000000000000000e+00
6.010681608616375371e+01,0.000000000000000000e+00
5.774646273177492617e+01,0.000000000000000000e+00
5.938382886612822631e+01,0.000000000000000000e+00
6.059038258822943135e+01,0.000000000000000000e+00
5.661310120298025339e+01,0.000000000000000000e+00
6.108809902694375182e+01,0.000000000000000000e+00
5.854226662150039573e+01,0.000000000000000000e+00
6.077663551497411021e+01,0.000000000000000000e+00
5.697486872422658166e+01,0.000000000000000000e+00
5.877723505104724921e+01,0.000000000000000000e+00
5.924914348424486121e+01,0.000000000000000000e+00
5.664501321638074671e+01,0.000000000000000000e+00
5.976847690109487132e+01,0.000000000000000000e+00
5.924694785766354244e+01,0.000000000000000000e+00
6.050187289410001767e+01,0.000000000000000000e+00
5.824287123211817629e+01,0.000000000000000000e+00
6.205894732930407542e+01,0.000000000000000000e+00
6.346033673000697917e+01,0.000000000000000000e+00
6.029712451554447483e+01,0.000000000000000000e+00
6.057026485815219985e+01,0.000000000000000000e+00
6.156757780624451470e+01,0.000000000000000000e+00
6.329657351066972382e+01,0.000000000000000000e+00
6.084974563044572449e+01,0.000000000000000000e+00
5.951305242333634737e+01,0.000000000000000000e+00
5.771495472412494365e+01,0.000000000000000000e+00
6.121818749289629125e+01,0.000000000000000000e+00
6.059279713533541667e+01,0.000000000000000000e+00
6.124630465542950475e+01,0.000000000000000000e+00
5.847345520017774589e+01,0.000000000000000000e+00
6.183518716244033442e+01,0.000000000000000000e+00
6.158112299337447837e+01,0.000000000000000000e+00
5.935403016297631495e+01,0.000000000000000000e+00
5.875846857806482859e+01,0.000000000000000000e+00
6.251981016277738945e+01,0.000000000000000000e+00
6.425975830021137369e+01,0.000000000000000000e+00
6.164281708158789286e+01,0.000000000000000000e+00
5.999472122860260725e+01,0.000000000000000000e+00
6.358461784532188688e+01,0.000000000000000000e+00
6.154512003934996756e+01,0.000000000000000000e+00
6.218501524454837437e+01,0.000000000000000000e+00
6.109579994689259053e+01,0.000000000000000000e+00
5.832112026959448059e+01,0.000000000000000000e+00
6.521197470166615062e+01,0.000000000000000000e+00
6.353342223498768249e+01,0.000000000000000000e+00
6.333985695581946374e+01,0.000000000000000000e+00
6.573746196841494793e+01,0.000000000000000000e+00
6.337609600559400036e+01,0.000000000000000000e+00
6.451242181937543307e+01,0.000000000000000000e+00
6.698657985027845996e+01,0.000000000000000000e+00
6.453028257107962418e+01,0.000000000000000000e+00
6.596227324088961552e+01,0.000000000000000000e+00
6.541680315707607463e+01,0.000000000000000000e+00
6.324192127057887092e+01,0.000000000000000000e+00
6.406833667393289033e+01,0.000000000000000000e+00
6.608992856953555872e+01,0.000000000000000000e+00
6.194505228872955627e+01,0.000000000000000000e+00
6.325672048050348906e+01,0.000000000000000000e+00
6.190981410530694973e+01,0.000000000000000000e+00
6.261896399748107456e+01,0.000000000000000000e+00
6.626161791992004169e+01,0.000000000000000000e+00
6.321326216839325696e+01,0.000000000000000000e+00
5.895062090427464341e+01,0.000000000000000000e+00
6.265989952009322650e+01,0.000000000000000000e+00
6.636769666966603154e+01,0.000000000000000000e+00
6.505178781300033108e+01,0.000000000000000000e+00
6.167935366850781520e+01,0.000000000000000000e+00
6.545718444622966103e+01,0.000000000000000000e+00
6.471977796086682133e+01,0.000000000000000000e+00
6.756338119311855905e+01,0.000000000000000000e+00
6.914078932512271081e+01,0.000000000000000000e+00
6.546548068328834802e+01,0.000000000000000000e+00
6.458285801478430699e+01,0.000000000000000000e+00
6.608252604086587212e+01,0.000000000000000000e+00
6.153830923002242059e+01,0.000000000000000000e+00
5.979365742631528491e+01,0.000000000000000000e+00
5.919908112580446158e+01,0.000000000000000000e+00
6.236346516782521121e+01,0.000000000000000000e+00
6.384969378493514824e+01,0.000000000000000000e+00
6.214348162589772073e+01,0.000000000000000000e+00
6.833192325306717407e+01,0.000000000000000000e+00
6.091866886128492098e+01,0.000000000000000000e+00
6.542149427439039755e+01,0.000000000000000000e+00
6.611335655061900241e+01,0.000000000000000000e+00
6.465252875280874889e+01,0.000000000000000000e+00
6.717074949580531040e+01,0.000000000000000000e+00
6.498730612498172832e+01,0.000000000000000000e+00
6.231680087234624921e+01,0.000000000000000000e+00
6.610568196132308572e+01,0.000000000000000000e+00
6.759412032029143802e+01,0.000000000000000000e+00
6.341459224913812420e+01,0.000000000000000000e+00
6.505518746349711989e+01,0.000000000000000000e+00
6.847561707354218186e+01,0.000000000000000000e+00
6.708406393330429296e+01,0.000000000000000000e+00
6.236066635520771229e+01,0.000000000000000000e+00
6.767373655025163259e+01,0.000000000000000000e+00
6.474149978998671884e+01,0.000000000000000000e+00
6.613364518954151094e+01,0.000000000000000000e+00
6.931011208587433714e+01,0.000000000000000000e+00
6.692218989563873777e+01,0.000000000000000000e+00
6.550761401312678345e+01,0.000000000000000000e+00
6.788152354344717310e+01,0.000000000000000000e+00
6.940907072945238099e+01,0.000000000000000000e+00
7.094054394698918031e+01,0.000000000000000000e+00
6.525345994053660093e+01,0.000000000000000000e+00
6.708876314895417181e+01,0.000000000000000000e+00
6.682664047155630271e+01,0.000000000000000000e+00
6.706548932367347504e+01,0.000000000000000000e+00
6.433881889223809480e+01,0.000000000000000000e+00
6.520825877089616540e+01,0.000000000000000000e+00
6.629670212571785726e+01,0.000000000000000000e+00
6.468533531083596699e+01,0.000000000000000000e+00
6.728725522222707411e+01,0.000000000000000000e+00
6.964300226120525394e+01,0.000000000000000000e+00
7.243364571892900017e+01,0.000000000000000000e+00
6.628490065592093572e+01,0.000000000000000000e+00
6.675475938669876541e+01,0.000000000000000000e+00
6.545556301998024651e+01,0.000000000000000000e+00
6.450218142683918643e+01,0.000000000000000000e+00
6.782275541448970557e+01,0.000000000000000000e+00
6.689090929722608792e+01,0.000000000000000000e+00
7.293000554724322626e+01,0.000000000000000000e+00
6.444742424002565429e+01,0.000000000000000000e+00
7.036121831006978766e+01,0.000000000000000000e+00
6.991195041488458628e+01,0.000000000000000000e+00
6.994956499944400719e+01,0.000000000000000000e+00
6.776680043742969417e+01,0.000000000000000000e+00
7.022324715875015499e+01,0.000000000000000000e+00
6.760272586068110456e+01,0.000000000000000000e+00
6.711399586740466816e+01,0.000000000000000000e+00
7.026796876230021383e+01,0.000000000000000000e+00
7.135137774021968937e+01,0.000000000000000000e+00
6.936169977462860459e+01,0.000000000000000000e+00
6.941560898739896857e+01,0.000000000000000000e+00
6.764897920393953257e+01,0.000000000000000000e+00
6.772180126914271625e+01,0.000000000000000000e+00
6.766145908414910082e+01,0.000000000000000000e+00
7.191747236678774868e+01,0.000000000000000000e+00
6.701934492444985381e+01,0.000000000000000000e+00
6.931714600047989450e+01,0.000000000000000000e+00
7.007152259637091163e+01,0.000000000000000000e+00
6.628293038969549400e+01,0.000000000000000000e+00
6.852854589508032745e+01,0.000000000000000000e+00
7.212415495447064018e+01,0.000000000000000000e+00
6.977594989300042982e+01,0.000000000000000000e+00
7.354397262157576165e+01,0.000000000000000000e+00
6.770282188171751159e+01,0.000000000000000000e+00
6.996636816227352540e+01,0.000000000000000000e+00
7.305517869900987193e+01,0.000000000000000000e+00
7.004730265441354220e+01,0.000000000000000000e+00
7.088867639299589030e+01,0.000000000000000000e+00
7.093048663997610959e+01,0.000000000000000000e+00
6.836491336099660998e+01,0.000000000000000000e+00
6.873975599533802949e+01,0.000000000000000000e+00
6.947607249871258261e+01,0.000000000000000000e+00
7.325485573809932305e+01,0.000000000000000000e+00
7.212155045559002531e+01,0.000000000000000000e+00
6.735355843507595353e+01,0.000000000000000000e+00
7.132808650957262842e+01,0.000000000000000000e+00
6.962830659844577497e+01,0.000000000000000000e+00
6.981144996967162797e+01,0.000000000000000000e+00
6.891897833626711645e+01,0.000000000000000000e+00
7.181196372388635041e+01,0.000000000000000000e+00
7.269612280520665593e+01,0.000000000000000000e+00
7.107943820291274051e+01,0.000000000000000000e+00
7.310897025281610695e+01,0.000000000000000000e+00
7.469658769346773397e+01,0.000000000000000000e+00
7.426777595929077336e+01,0.000000000000000000e+00
7.050304106073392063e+01,0.000000000000000000e+00
7.070978370256649725e+01,0.000000000000000000e+00
7.203866004598212669e+01,0.000000000000000000e+00
7.114207664394363917e+01,0.000000000000000000e+00
7.370799389834954241e+01,0.000000000000000000e+00
6.635827046535794693e+01,0.000000000000000000e+00
7.192956661070131474e+01,0.000000000000000000e+00
7.168300718205688327e+01,0.000000000000000000e+00
6.934160003602288214e+01,0.000000000000000000e+00
7.032144095994223676e+01,0.000000000000000000e+00
7.096323488581178651e+01,0.000000000000000000e+00
7.377937475642407605e+01,0.000000000000000000e+00
7.414445708352816666e+01,0.000000000000000000e+00
7.026402570310810347e+01,0.000000000000000000e+00
7.132724130573140542e+01,0.000000000000000000e+00
6.991878980788048636e+01,0.000000000000000000e+00
7.079998221772262923e+01,0.000000000000000000e+00
7.243965926470586680e+01,0.000000000000000000e+00
7.534212604753744813e+01,0.000000000000000000e+00
7.069955442291693259e+01,0.000000000000000000e+00
7.172296969924296661e+01,0.000000000000000000e+00
7.098616134726393057e+01,0.000000000000000000e+00
7.350480350958544307e+01,0.000000000000000000e+00
7.360072755698413971e+01,0.000000000000000000e+00
6.926729284638275885e+01,0.000000000000000000e+00
7.301467394382206066e+01,0.000000000000000000e+00
7.502728473222690297e+01,0.000000000000000000e+00
7.337416426466231201e+01,0.000000000000000000e+00
7.312540331118403003e+01,0.000000000000000000e+00
7.452053127795930720e+01,0.000000000000000000e+00
7.116998804090596309e+01,0.000000000000000000e+00
6.928564353924898001e+01,0.000000000000000000e+00
7.339719830150487212e+01,0.000000000000000000e+00
7.381276407009811180e+01,0.000000000000000000e+00
7.588115326207378075e+01,0.000000000000000000e+00
7.279449060433175589e+01,0.000000000000000000e+00
7.504418272594897132e+01,0.000000000000000000e+00
7.112242556392172332e+01,0.000000000000000000e+00
7.369062078843485608e+01,0.000000000000000000e+00
7.532378147944895375e+01,0.000000000000000000e+00
7.080008480024538642e+01,0.000000000000000000e+00
7.370496532997228201e+01,0.000000000000000000e+00
7.377448911808089349e+01,0.000000000000000000e+00
7.487085410471074454e+01,0.000000000000000000e+00
7.434717491984557114e+01,0.000000000000000000e+00
7.510948591699242627e+01,0.000000000000000000e+00
7.519139035100380397e+01,0.000000000000000000e+00
7.710893919590080259e+01,0.000000000000000000e+00
7.423630831986881162e+01,0.000000000000000000e+00
7.565841566505615390e+01,0.000000000000000000e+00
7.540258649575557115e+01,0.000000000000000000e+00
7.438037223230149664e+01,0.000000000000000000e+00
7.587678671870339997e+01,0.000000000000000000e+00
7.425252048518727577e+01,0.000000000000000000e+00
7.495795015625436974e+01,0.000000000000000000e+00
7.722220611361052534e+01,0.000000000000000000e+00
7.570064001729697623e+01,0.000000000000000000e+00
6.955417174638361644e+01,0.000000000000000000e+00
7.401420062013350787e+01,0.000000000000000000e+00
7.540683189198274761e+01,0.000000000000000000e+00
7.224844759008959727e+01,0.000000000000000000e+00
7.390337297766964753e+01,0.000000000000000000e+00
7.338760549116516074e+01,0.000000000000000000e+00
7.879766397053207072e+01,0.000000000000000000e+00
7.352680328525667619e+01,0.000000000000000000e+00
7.553630663606513451e+01,0.000000000000000000e+00
7.280487935824505996e+01,0.000000000000000000e+00
7.124613829968069467e+01,0.000000000000000000e+00
7.236499788318130300e+01,0.000000000000000000e+00
7.833251187864847509e+01,0.000000000000000000e+00
7.271057132392378719e+01,0.000000000000000000e+00
7.524550461027337178e+01,0.000000000000000000e+00
7.492916355269636597e+01,0.000000000000000000e+00
7.622236103842752186e+01,0.000000000000000000e+00
7.381857701655962956e+01,0.000000000000000000e+00
7.387460056111535778e+01,0.000000000000000000e+00
7.631091938583814738e+01,0.000000000000000000e+00
7.239818274092451134e+01,0.000000000000000000e+00
7.626160894072647523e+01,0.000000000000000000e+00
7.759280599424802460e+01,0.000000000000000000e+00
7.299841219251342750e+01,0.000000000000000000e+00
7.715451342778574428e+01,0.000000000000000000e+00
7.477249770614660918e+01,0.000000000000000000e+00
7.298660769635910128e+01,0.000000000000000000e+00
7.341272929416582826e+01,0.000000000000000000e+00
7.210549971111450418e+01,0.000000000000000000e+00
7.588005955049618478e+01,0.000000000000000000e+00
7.135317822191574066e+01,0.000000000000000000e+00
7.543964860173920783e+01,0.000000000000000000e+00
7.779141682388141987e+01,0.000000000000000000e+00
7.632959301195562318e+01,0.000000000000000000e+00
7.607226501953603304e+01,0.000000000000000000e+00
7.425282479857109763e+01,0.000000000000000000e+00
7.958619386599349355e+01,0.000000000000000000e+00
7.655443585914611049e+01,0.000000000000000000e+00
7.663304818921309902e+01,0.000000000000000000e+00
7.688213793803662099e+01,0.000000000000000000e+00
7.637201468044941066e+01,0.000000000000000000e+00
7.250907005030752828e+01,0.000000000000000000e+00
7.434608449190270107e+01,0.000000000000000000e+00
7.483136159081493588e+01,0.000000000000000000e+00
7.780995657240103469e+01,0.000000000000000000e+00
7.432172204347293132e+01,0.000000000000000000e+00
7.667785220735018470e+01,0.000000000000000000e+00
7.489200530117400945e+01,0.000000000000000000e+00
7.573591489636528706e+01,0.000000000000000000e+00
7.641704832261177671e+01,0.000000000000000000e+00
7.759677139111686017e+01,0.000000000000000000e+00
7.424936014820320906e+01,0.000000000000000000e+00
7.679438284701292616e+01,0.000000000000000000e+00
7.653060023321602046e+01,0.000000000000000000e+00
7.796275087272789506e+01,0.000000000000000000e+00
7.332863555271575251e+01,0.000000000000000000e+00
7.715981333304877410e+01,0.000000000000000000e+00
7.468814688097968713e+01,0.000000000000000000e+00
7.584689517470860665e+01,0.000000000000000000e+00
7.407368046919557969e+01,0.000000000000000000e+00
7.597990368414686202e+01,0.000000000000000000e+00
7.444823446198321903e+01,0.000000000000000000e+00
7.678929600895173735e+01,0.000000000000000000e+00
7.841443067571353254e+01,0.000000000000000000e+00
8.216352933668608216e+01,0.000000000000000000e+00
7.296915757683986214e+01,0.000000000000000000e+00
7.612457302743288778e+01,0.000000000000000000e+00
7.662943294884451007e+01,0.000000000000000000e+00
7.865411547650556656e+01,0.000000000000000000e+00
7.656731092385645354e+01,0.000000000000000000e+00
8.013997252108235614e+01,0.000000000000000000e+00
7.651740958352256428e+01,0.000000000000000000e+00
7.327501949257320746e+01,0.000000000000000000e+00
7.655991575089169032e+01,0.000000000000000000e+00
7.472315490640524160e+01,0.000000000000000000e+00
7.851140761038223559e+01,0.000000000000000000e+00
7.423777968282848860e+01,0.000000000000000000e+00
7.863881872106887272e+01,0.000000000000000000e+00
7.685957957480640346e+01,0.000000000000000000e+00
7.369923748707779509e+01,0.000000000000000000e+00
7.770795285064609459e+01,0.000000000000000000e+00
7.832439638094901113e+01,0.000000000000000000e+00
7.854275860653886809e+01,0.000000000000000000e+00
7.948734753726400015e+01,0.000000000000000000e+00
7.685130117005181205e+01,0.000000000000000000e+00
8.050328743773305007e+01,0.000000000000000000e+00
7.634024224582438478e+01,0.000000000000000000e+00
7.828060981550517283e+01,0.000000000000000000e+00
7.624787161682893100e+01,0.000000000000000000e+00
7.670365750024413387e+01,0.000000000000000000e+00
7.461979467074901606e+01,0.000000000000000000e+00
7.431448427591446659e+01,0.000000000000000000e+00
7.633647648668495833e+01,0.000000000000000000e+00
7.717663935525453667e+01,0.000000000000000000e+00
7.845548299180069307e+01,0.000000000000000000e+00
7.510737079354137791e+01,0.000000000000000000e+00
7.921289540845383215e+01,0.000000000000000000e+00
7.840313666157392447e+01,0.000000000000000000e+00
7.787065616099209819e+01,0.000000000000000000e+00
7.750298614723496371e+01,0.000000000000000000e+00
7.758685855272170784e+01,0.000000000000000000e+00
7.880229775740014020e+01,0.000000000000000000e+00
8.059702134008855978e+01,0.000000000000000000e+00
7.693618109115968196e+01,0.000000000000000000e+00
7.721030904556639030e+01,0.000000000000000000e+00
8.163462238043184982e+01,0.000000000000000000e+00
8.114595244458894285e+01,0.000000000000000000e+00
7.722253051340652519e+01,0.000000000000000000e+00
7.966541990734511103e+01,0.000000000000000000e+00
7.653479605987301682e+01,0.000000000000000000e+00
7.528110051284251369e+01,0.000000000000000000e+00
7.720467265333617490e+01,0.000000000000000000e+00
7.704715722642723108e+01,0.000000000000000000e+00
7.948089811773074587e+01,0.000000000000000000e+00
7.689948818063193414e+01,0.000000000000000000e+00
7.907095768834950889e+01,0.000000000000000000e+00
7.758546322203429213e+01,0.000000000000000000e+00
7.627507034426776045e+01,0.000000000000000000e+00
7.779966180743045356e+01,0.000000000000000000e+00
7.819251905655725920e+01,0.000000000000000000e+00
7.766845353007742858e+01,0.000000000000000000e+00
7.846504348767072656e+01,0.000000000000000000e+00
7.664446132372596310e+01,0.000000000000000000e+00
7.722687965487516237e+01,0.000000000000000000e+00
8.031443451854688931e+01,0.000000000000000000e+00
8.187845241915803740e+01,0.000000000000000000e+00
7.635148508475593587e+01,0.000000000000000000e+00
7.782399842999896578e+01,0.000000000000000000e+00
8.047472232337807441e+01,0.000000000000000000e+00
8.099037921240240223e+01,0.000000000000000000e+00
7.490360831845049461e+01,0.000000000000000000e+00
7.620680254107276141e+01,0.000000000000000000e+00
8.159211521817825030e+01,0.000000000000000000e+00
8.287061924901476573e+01,0.000000000000000000e+00
7.473112020044568737e+01,0.000000000000000000e+00
8.196349800936307872e+01,0.000000000000000000e+00
7.776678882606442755e+01,0.000000000000000000e+00
7.684187012214376011e+01,0.000000000000000000e+00
7.737593130438540356e+01,0.000000000000000000e+00
7.950598543600085577e+01,0.000000000000000000e+00
8.172541072333457635e+01,0.000000000000000000e+00
7.919099551649577506e+01,0.000000000000000000e+00
7.688249059943078123e+01,0.000000000000000000e+00
7.880125209584160473e+01,0.000000000000000000e+00
7.798249468182913802e+01,0.000000000000000000e+00
8.191934847093887129e+01,0.000000000000000000e+00
7.965510108813168699e+01,0.000000000000000000e+00
7.796230559660705239e+01,0.000000000000000000e+00
7.764579638148043728e+01,0.000000000000000000e+00
7.776563916693487499e+01,0.000000000000000000e+00
7.837131314250011371e+01,0.000000000000000000e+00
8.037104735909541375e+01,0.000000000000000000e+00
7.628801577743783469e+01,0.000000000000000000e+00
7.922579107671710119e+01,0.000000000000000000e+00
7.790509511582506263e+01,0.000000000000000000e+00
8.159526680456583847e+01,0.000000000000000000e+00
7.870648643533517941e+01,0.000000000000000000e+00
7.801135860563275060e+01,0.000000000000000000e+00
7.813981634339857862e+01,0.000000000000000000e+00
8.275838630556029329e+01,0.000000000000000000e+00
8.124099756447886023e+01,0.000000000000000000e+00
7.819917735339254250e+01,0.000000000000000000e+00
7.804862952086939742e+01,0.000000000000000000e+00
8.003508082846646232e+01,0.000000000000000000e+00
7.748157856380689168e+01,0.000000000000000000e+00
7.871522067274334233e+01,0.000000000000000000e+00
8.144308205915808685e+01,0.000000000000000000e+00
7.815333242018698456e+01,0.000000000000000000e+00
7.759233318223793674e+01,0.000000000000000000e+00
8.168766890690513094e+01,0.000000000000000000e+00
7.941079804095187455e+01,0.000000000000000000e+00
7.811304966637982261e+01,0.000000000000000000e+00
7.989154910992240843e+01,0.000000000000000000e+00
7.727727816009397088e+01,0.000000000000000000e+00
8.163233340843788710e+01,0.000000000000000000e+00
7.828455265842194422e+01,0.000000000000000000e+00
8.025013314059773961e+01,0.000000000000000000e+00
7.725826911591732937e+01,0.000000000000000000e+00
7.693994762300314960e+01,0.000000000000000000e+00
8.444188313457517836e+01,0.000000000000000000e+00
7.755300902847289990e+01,0.000000000000000000e+00
8.058550553783328496e+01,0.000000000000000000e+00
8.066912556937528223e+01,0.000000000000000000e+00
8.382509363716796713e+01,0.000000000000000000e+00
8.157892024222481098e+01,0.000000000000000000e+00
7.831648248675286084e+01,0.000000000000000000e+00
8.129113342621445781e+01,0.000000000000000000e+00
8.089026681884574543e+01,0.000000000000000000e+00
7.758177773548045764e+01,0.000000000000000000e+00
7.832199261072284457e+01,0.000000000000000000e+00
8.170351506394348462e+01,0.000000000000000000e+00
8.259722599936135623e+01,0.000000000000000000e+00
7.933993367172708133e+01,0.000000000000000000e+00
8.155831933503557707e+01,0.000000000000000000e+00
8.103906260824277297e+01,0.000000000000000000e+00
8.153466066539675694e+01,0.000000000000000000e+00
8.012485058665215831e+01,0.000000000000000000e+00
8.184344960963218796e+01,0.000000000000000000e+00
7.900701734049496849e+01,0.000000000000000000e+00
8.047207562789110113e+01,0.000000000000000000e+00
8.006935611086109361e+01,0.000000000000000000e+00
8.089489384905537861e+01,0.000000000000000000e+00
8.216255732942298096e+01,0.000000000000000000e+00
7.854683415727943441e+01,0.000000000000000000e+00
7.882388136152981417e+01,0.000000000000000000e+00
7.918096192503615782e+01,0.000000000000000000e+00
8.144669097482918119e+01,0.000000000000000000e+00
7.872598075364587089e+01,0.000000000000000000e+00
7.970468779723942987e+01,0.000000000000000000e+00
7.951511217111739427e+01,0.000000000000000000e+00
7.799956107597751043e+01,0.000000000000000000e+00
7.791086079104729833e+01,0.000000000000000000e+00
8.152782254203978596e+01,0.000000000000000000e+00
8.002213855805342746e+01,0.000000000000000000e+00
8.290648764636119950e+01,0.000000000000000000e+00
8.296332747350105308e+01,0.000000000000000000e+00
8.233626043842470210e+01,0.000000000000000000e+00
7.382013323031338814e+01,0.000000000000000000e+00
8.494584347956696035e+01,0.000000000000000000e+00
8.078122462608011745e+01,0.000000000000000000e+00
8.053635450800618401e+01,0.000000000000000000e+00
8.168852589480907511e+01,0.000000000000000000e+00
8.128776155580115415e+01,0.000000000000000000e+00
7.462051699478220712e+01,0.000000000000000000e+00
7.934621649598963700e+01,0.000000000000000000e+00
8.295976574818557481e+01,0.000000000000000000e+00
8.310975431497786303e+01,0.000000000000000000e+00
8.355657963678758904e+01,0.000000000000000000e+00
8.201306503467473874e+01,0.000000000000000000e+00
8.090755641234846962e+01,0.000000000000000000e+00
8.123499521803907442e+01,0.000000000000000000e+00
8.190874848681008302e+01,0.000000000000000000e+00
8.088394260864761520e+01,0.000000000000000000e+00
8.109218364093703713e+01,0.000000000000000000e+00
8.236635616037871443e+01,0.000000000000000000e+00
7.663125053511654983e+01,0.000000000000000000e+00
7.917549541732775253e+01,0.000000000000000000e+00
7.864813599188569526e+01,0.000000000000000000e+00
7.749012818106358225e+01,0.000000000000000000e+00
8.038648047470606173e+01,0.000000000000000000e+00
7.740619936854095329e+01,0.000000000000000000e+00
7.827409479415327098e+01,0.000000000000000000e+00
7.570825526715073295e+01,0.000000000000000000e+00
8.164372223995687250e+01,0.000000000000000000e+00
7.958250874700743793e+01,0.000000000000000000e+00
8.153894578561683204e+01,0.000000000000000000e+00
8.143409011584599000e+01,0.000000000000000000e+00
7.946402623720425140e+01,0.000000000000000000e+00
8.230364810247732521e+01,0.000000000000000000e+00
8.224599615709209388e+01,0.000000000000000000e+00
7.970924836012576975e+01,0.000000000000000000e+00
8.257071135619014512e+01,0.000000000000000000e+00
7.983828358381938983e+01,0.000000000000000000e+00
8.468088746063190797e+01,0.000000000000000000e+00
8.040420361304286700e+01,0.000000000000000000e+00
7.849764983760702819e+01,0.000000000000000000e+00
8.042554668085571734e+01,0.000000000000000000e+00
8.169559724527780986e+01,0.000000000000000000e+00
7.945054174129215596e+01,0.000000000000000000e+00
8.152398549742635225e+01,0.000000000000000000e+00
8.319515022463795617e+01,0.000000000000000000e+00
8.145443984822330208e+01,0.000000000000000000e+00
8.354436157004202812e+01,0.000000000000000000e+00
8.130486206014444406e+01,0.000000000000000000e+00
7.864141586280929630e+01,0.000000000000000000e+00
8.035680517439968185e+01,0.000000000000000000e+00
7.676857023094112265e+01,0.000000000000000000e+00
7.838556373336088257e+01,0.000000000000000000e+00
8.091297607571129902e+01,0.000000000000000000e+00
7.937494697067388927e+01,0.000000000000000000e+00
8.031191272277408189e+01,0.000000000000000000e+00
7.778359398118136880e+01,0.000000000000000000e+00
8.077200628744988364e+01,0.000000000000000000e+00
7.827180779222651097e+01,0.000000000000000000e+00
7.859195460811356782e+01,0.000000000000000000e+00
8.032874241909817670e+01,0.000000000000000000e+00
8.190938801509602740e+01,0.000000000000000000e+00
7.931104896570236917e+01,0.000000000000000000e+00
7.736330741200816874e+01,0.000000000000000000e+00
8.034179130138801384e+01,0.000000000000000000e+00
8.151285089201408596e+01,0.000000000000000000e+00
7.856420846478401643e+01,0.000000000000000000e+00
7.914227658724107073e+01,0.000000000000000000e+00
7.960614187453535351e+01,0.000000000000000000e+00
8.015527213187357347e+01,0.000000000000000000e+00
7.859404581759096686e+01,0.000000000000000000e+00
7.853021718924105699e+01,0.000000000000000000e+00
8.015226637474478366e+01,0.000000000000000000e+00
7.792013841574654975e+01,0.000000000000000000e+00
7.820314211286552109e+01,0.000000000000000000e+00
7.726392183201049590e+01,0.000000000000000000e+00
7.466131379328614059e+01,0.000000000000000000e+00
8.029878173184533807e+01,0.000000000000000000e+00
7.700128806905448187e+01,0.000000000000000000e+00
7.954440154181743594e+01,0.000000000000000000e+00
8.058213371411594039e+01,0.000000000000000000e+00
7.717972799301408315e+01,0.000000000000000000e+00
7.692821894800945870e+01,0.000000000000000000e+00
7.849933327074479905e+01,0.000000000000000000e+00
7.483356662864534314e+01,0.000000000000000000e+00
8.069631207725294075e+01,0.000000000000000000e+00
7.984513656452622854e+01,0.000000000000000000e+00
7.953091955174417649e+01,0.000000000000000000e+00
8.027292905395410116e+01,0.000000000000000000e+00
8.222644704312830299e+01,0.000000000000000000e+00
8.057371973717495450e+01,0.000000000000000000e+00
7.778260731449603327e+01,0.000000000000000000e+00
8.000856783243956727e+01,0.000000000000000000e+00
7.901195684578226519e+01,0.000000000000000000e+00
7.933314129299239426e+01,0.000000000000000000e+00
8.059120590929431671e+01,0.000000000000000000e+00
7.870278693093978006e+01,0.000000000000000000e+00
7.920279548399416569e+01,0.000000000000000000e+00
7.637186047622670060e+01,0.000000000000000000e+00
7.757782302961865639e+01,0.000000000000000000e+00
7.848364207886415045e+01,0.000000000000000000e+00
7.919438690424051686e+01,0.000000000000000000e+00
7.620582399069947144e+01,0.000000000000000000e+00
8.299610134798051320e+01,0.000000000000000000e+00
7.971594185327887772e+01,0.000000000000000000e+00
8.076800093095853583e+01,0.000000000000000000e+00
7.572651645058735426e+01,0.000000000000000000e+00
7.633392416716495177e+01,0.000000000000000000e+00
8.016927484956723049e+01,0.000000000000000000e+00
8.085682258714797399e+01,0.000000000000000000e+00
7.996064008100695730e+01,0.000000000000000000e+00
7.597214639159574290e+01,0.000000000000000000e+00
8.197240200111546926e+01,0.000000000000000000e+00
7.788444803689003493e+01,0.000000000000000000e+00
7.420368755244197700e+01,0.000000000000000000e+00
7.839345627357189983e+01,0.000000000000000000e+00
7.846842912761174205e+01,0.000000000000000000e+00
8.339241903335202721e+01,0.000000000000000000e+00
7.838208833851764723e+01,0.000000000000000000e+00
7.842303440938192693e+01,0.000000000000000000e+00
8.286468508494759533e+01,0.000000000000000000e+00
7.360495937599354477e+01,0.000000000000000000e+00
8.027884306303505468e+01,0.000000000000000000e+00
7.517464350746141122e+01,0.000000000000000000e+00
8.047462414849478307e+01,0.000000000000000000e+00
7.994306567498743732e+01,0.000000000000000000e+00
8.172372803974575106e+01,0.000000000000000000e+00
7.780535484822534897e+01,0.000000000000000000e+00
8.104855944328745920e+01,0.000000000000000000e+00
7.893616306432231511e+01,0.000000000000000000e+00
7.912439953654099156e+01,0.000000000000000000e+00
7.600383161656961306e+01,0.000000000000000000e+00
7.885291103602203577e+01,0.000000000000000000e+00
7.925781756142288259e+01,0.000000000000000000e+00
7.516368747433484998e+01,0.000000000000000000e+00
7.967871222791738717e+01,0.000000000000000000e+00
7.579330183824544065e+01,0.000000000000000000e+00
7.690249104697667804e+01,0.000000000000000000e+00
8.237001443845873894e+01,0.000000000000000000e+00
7.840538404622350299e+01,0.000000000000000000e+00
8.141335472458885647e+01,0.000000000000000000e+00
7.487356711726010872e+01,0.000000000000000000e+00
7.963093827364356514e+01,0.000000000000000000e+00
7.401679355402717420e+01,0.000000000000000000e+00
7.950971181862516346e+01,0.000000000000000000e+00
7.883450421399103902e+01,0.000000000000000000e+00
7.966168841489324848e+01,0.000000000000000000e+00
7.400373738680308122e+01,0.000000000000000000e+00
7.549870630526635296e+01,0.000000000000000000e+00
8.048634718298767154e+01,0.000000000000000000e+00
7.735398692873408777e+01,0.000000000000000000e+00
7.886082275108024930e+01,0.000000000000000000e+00
7.570241617524160915e+01,0.000000000000000000e+00
7.853967549774951351e+01,0.000000000000000000e+00
7.791750159569252787e+01,0.000000000000000000e+00
7.698220193644651488e+01,0.000000000000000000e+00
7.892987393212013103e+01,0.000000000000000000e+00
7.835521420720309038e+01,0.000000000000000000e+00
7.971425658224636379e+01,0.000000000000000000e+00
8.110627781668198111e+01,0.000000000000000000e+00
7.629937894623132877e+01,0.000000000000000000e+00
7.714539673099915262e+01,0.000000000000000000e+00
7.916688253169547806e+01,0.000000000000000000e+00
7.795878838569113611e+01,0.000000000000000000e+00
7.973496546460252432e+01,0.000000000000000000e+00
7.802287526638717452e+01,0.000000000000000000e+00
7.650467544483699101e+01,0.000000000000000000e+00
7.685246481237960836e+01,0.000000000000000000e+00
7.664604323484489612e+01,0.000000000000000000e+00
7.963210283409379997e+01,0.000000000000000000e+00
7.726347483297935526e+01,0.000000000000000000e+00
7.787938010825261870e+01,0.000000000000000000e+00
7.701582850920935641e+01,0.000000000000000000e+00
7.418416017435596643e+01,0.000000000000000000e+00
7.772961409644673836e+01,0.000000000000000000e+00
7.702819406927740431e+01,0.000000000000000000e+00
7.939089856557492908e+01,0.000000000000000000e+00
7.855102518051684513e+01,0.000000000000000000e+00
7.575692994417856596e+01,0.000000000000000000e+00
7.963916714492853544e+01,0.000000000000000000e+00
7.715271978639512440e+01,0.000000000000000000e+00
7.513519397762647145e+01,0.000000000000000000e+00
7.925281182674088143e+01,0.000000000000000000e+00
7.699051739139321171e+01,0.000000000000000000e+00
7.971143899242673569e+01,0.000000000000000000e+00
7.589568522173981080e+01,0.000000000000000000e+00
7.708104639676231784e+01,0.000000000000000000e+00
7.787366284411857009e+01,0.000000000000000000e+00
7.506694999908567922e+01,0.000000000000000000e+00
7.685269396643005280e+01,0.000000000000000000e+00
7.770415520681325461e+01,0.000000000000000000e+00
7.739557258623032965e+01,0.000000000000000000e+00
7.506128260621333936e+01,0.000000000000000000e+00
7.572284395111867639e+01,0.000000000000000000e+00
7.533808837704015104e+01,0.000000000000000000e+00
7.620579125043710178e+01,0.000000000000000000e+00
7.960511058213840840e+01,0.000000000000000000e+00
8.152665548793915207e+01,0.000000000000000000e+00
8.144831615383533574e+01,0.000000000000000000e+00
7.804065280077173838e+01,0.000000000000000000e+00
7.709420539322680099e+01,0.000000000000000000e+00
7.438304197948899343e+01,0.000000000000000000e+00
7.707200627351609512e+01,0.000000000000000000e+00
7.888533296926772209e+01,0.000000000000000000e+00
7.427209226703426737e+01,0.000000000000000000e+00
7.798211380605005161e+01,0.000000000000000000e+00
7.870289973470848111e+01,0.000000000000000000e+00
7.695009057786225526e+01,0.000000000000000000e+00
7.765390505102037366e+01,0.000000000000000000e+00
7.801171824853383896e+01,0.000000000000000000e+00
7.427861216261052846e+01,0.000000000000000000e+00
7.560599751034942528e+01,0.000000000000000000e+00
7.650434040319697715e+01,0.000000000000000000e+00
7.585767498102632089e+01,0.000000000000000000e+00
7.550826969099387043e+01,0.000000000000000000e+00
7.505420458618903012e+01,0.000000000000000000e+00
7.658172473173132744e+01,0.000000000000000000e+00
7.440583293300120715e+01,0.000000000000000000e+00
7.191805133154440455e+01,0.000000000000000000e+00
7.403907690214224147e+01,0.000000000000000000e+00
7.239615164573390871e+01,0.000000000000000000e+00
7.389996486071737536e+01,0.000000000000000000e+00
7.171684394370733173e+01,0.000000000000000000e+00
7.504489081492229730e+01,0.000000000000000000e+00
7.402552175855832672e+01,0.000000000000000000e+00
7.462666130669009590e+01,0.000000000000000000e+00
7.364288218868490787e+01,0.000000000000000000e+00
7.412485883118554852e+01,0.000000000000000000e+00
7.435509896411990383e+01,0.000000000000000000e+00
7.639354890879013738e+01,0.000000000000000000e+00
7.594725040208508915e+01,0.000000000000000000e+00
7.275216678407251436e+01,0.000000000000000000e+00
7.421188263099233495e+01,0.000000000000000000e+00
7.516668711564912542e+01,0.000000000000000000e+00
7.576202476254532314e+01,0.000000000000000000e+00
7.466485116654048682e+01,0.000000000000000000e+00
7.806277874707448916e+01,0.000000000000000000e+00
7.738463620800189346e+01,0.000000000000000000e+00
7.602825562166371753e+01,0.000000000000000000e+00
7.259286034101751284e+01,0.000000000000000000e+00
7.415953110446560004e+01,0.000000000000000000e+00
7.635360996151013069e+01,0.000000000000000000e+00
7.499737562055580042e+01,0.000000000000000000e+00
7.605583675460410120e+01,0.000000000000000000e+00
7.277173448338157868e+01,0.000000000000000000e+00
7.437228650907515259e+01,0.000000000000000000e+00
7.503103908545476486e+01,0.000000000000000000e+00
7.345570441681707052e+01,0.000000000000000000e+00
7.537717775290991540e+01,0.000000000000000000e+00
7.175135544078095506e+01,0.000000000000000000e+00
7.327044898693512209e+01,0.000000000000000000e+00
7.529825369406776758e+01,0.000000000000000000e+00
7.201564324196282030e+01,0.000000000000000000e+00
7.165528320685913855e+01,0.000000000000000000e+00
7.364781453992755189e+01,0.000000000000000000e+00
7.383726099729945247e+01,0.000000000000000000e+00
7.720746906786514785e+01,0.000000000000000000e+00
7.354845035269907783e+01,0.000000000000000000e+00
7.190360063565736937e+01,0.000000000000000000e+00
7.372931227497254270e+01,0.000000000000000000e+00
7.310757665618370993e+01,0.000000000000000000e+00
7.167547968240452860e+01,0.000000000000000000e+00
7.198984320243471302e+01,0.000000000000000000e+00
7.229716875173102153e+01,0.000000000000000000e+00
7.838231409431512020e+01,0.000000000000000000e+00
7.622457856961183609e+01,0.000000000000000000e+00
7.198909894731137626e+01,0.000000000000000000e+00
7.379238386211838474e+01,0.000000000000000000e+00
7.655938127287572570e+01,0.000000000000000000e+00
7.432155171793093018e+01,0.000000000000000000e+00
7.148281336338730796e+01,0.000000000000000000e+00
7.083933035003572343e+01,0.000000000000000000e+00
7.333065701461873687e+01,0.000000000000000000e+00
6.966841790606447660e+01,0.000000000000000000e+00
7.095593186190242818e+01,0.000000000000000000e+00
7.398147848688118700e+01,0.000000000000000000e+00
7.328125283849205118e+01,0.000000000000000000e+00
7.022341337448163756e+01,0.000000000000000000e+00
7.226722359332491408e+01,0.000000000000000000e+00
7.757480739530893743e+01,0.000000000000000000e+00
7.425180930179961081e+01,0.000000000000000000e+00
7.457745424429079151e+01,0.000000000000000000e+00
7.397569022528848848e+01,0.000000000000000000e+00
7.304522962071474979e+01,0.000000000000000000e+00
7.216282570324541723e+01,0.000000000000000000e+00
7.356707127802235391e+01,0.000000000000000000e+00
7.491590406751208775e+01,0.000000000000000000e+00
7.375792538022535894e+01,0.000000000000000000e+00
7.344830325557221329e+01,0.000000000000000000e+00
7.035732675659042457e+01,0.000000000000000000e+00
7.171203449859241630e+01,0.000000000000000000e+00
7.106256051403913432e+01,0.000000000000000000e+00
7.269506849797993198e+01,0.000000000000000000e+00
6.931263114664514546e+01,0.000000000000000000e+00
7.290222137049349271e+01,0.000000000000000000e+00
6.835226522819958461e+01,0.000000000000000000e+00
7.197468962619379340e+01,0.000000000000000000e+00
7.180212921464949716e+01,0.000000000000000000e+00
7.454506971774640078e+01,0.000000000000000000e+00
6.978614447778532792e+01,0.000000000000000000e+00
6.922517229149239881e+01,0.000000000000000000e+00
7.234277181630046982e+01,0.000000000000000000e+00
7.081754549241875907e+01,0.000000000000000000e+00
7.312754656836732181e+01,0.000000000000000000e+00
7.136793728819480975e+01,0.000000000000000000e+00
6.823397140176757603e+01,0.000000000000000000e+00
7.379888639229611158e+01,0.000000000000000000e+00
6.994702089412197665e+01,0.000000000000000000e+00
6.802079278163607512e+01,0.000000000000000000e+00
7.025660296481143519e+01,0.000000000000000000e+00
7.270862879002690704e+01,0.000000000000000000e+00
7.054542438862434039e+01,0.000000000000000000e+00
7.025172940418802625e+01,0.000000000000000000e+00
6.935154153954348999e+01,0.000000000000000000e+00
6.707207357109865598e+01,0.000000000000000000e+00
7.322139859220929736e+01,0.000000000000000000e+00
7.185095643606960891e+01,0.000000000000000000e+00
7.360160901713736337e+01,0.000000000000000000e+00
7.241445532613930425e+01,0.000000000000000000e+00
7.066250630286931766e+01,0.000000000000000000e+00
7.034231455084461970e+01,0.000000000000000000e+00
7.063370845569080814e+01,0.000000000000000000e+00
7.466769467310928121e+01,0.000000000000000000e+00
6.952323451673262866e+01,0.000000000000000000e+00
7.045545952338750340e+01,0.000000000000000000e+00
7.013207464448191786e+01,0.000000000000000000e+00
7.117443278247806404e+01,0.000000000000000000e+00
6.687402338163691695e+01,0.000000000000000000e+00
7.045575170775654783e+01,0.000000000000000000e+00
6.940858786176079320e+01,0.000000000000000000e+00
7.112596511958345502e+01,0.000000000000000000e+00
7.012379746447703610e+01,0.000000000000000000e+00
7.017088426094376530e+01,0.000000000000000000e+00
6.477583399573448730e+01,0.000000000000000000e+00
6.903809305660671214e+01,0.000000000000000000e+00
6.802779908659022112e+01,0.000000000000000000e+00
6.667932131734205825e+01,0.000000000000000000e+00
7.464036529430021005e+01,0.000000000000000000e+00
6.785904355774992780e+01,0.000000000000000000e+00
6.794665608777337695e+01,0.000000000000000000e+00
7.370248865398475857e+01,0.000000000000000000e+00
7.449971301358783649e+01,0.000000000000000000e+00
7.150477659237535022e+01,0.000000000000000000e+00
6.675647943731131306e+01,0.000000000000000000e+00
6.950264405156340786e+01,0.000000000000000000e+00
7.175240033913877369e+01,0.000000000000000000e+00
6.620230284841609603e+01,0.000000000000000000e+00
6.732072303731696650e+01,0.000000000000000000e+00
6.754018412237419966e+01,0.000000000000000000e+00
7.143020198018284361e+01,0.000000000000000000e+00
6.988446323245865699e+01,0.000000000000000000e+00
6.658459757808959978e+01,0.000000000000000000e+00
6.826315627579330680e+01,0.000000000000000000e+00
6.745697309591344037e+01,0.000000000000000000e+00
6.502341648812688391e+01,0.000000000000000000e+00
6.908574816668337348e+01,0.000000000000000000e+00
6.911034794617947341e+01,0.000000000000000000e+00
7.133075702631654735e+01,0.000000000000000000e+00
7.089324571949323683e+01,0.000000000000000000e+00
6.727173454641868489e+01,0.000000000000000000e+00
6.566071278787640608e+01,0.000000000000000000e+00
6.877511393414704344e+01,0.000000000000000000e+00
6.500061032311478471e+01,0.000000000000000000e+00
6.258127493677299213e+01,0.000000000000000000e+00
6.928741388164277737e+01,0.000000000000000000e+00
6.902297509718293611e+01,0.000000000000000000e+00
6.846331171165297746e+01,0.000000000000000000e+00
6.846820532820353833e+01,0.000000000000000000e+00
6.773104191489193227e+01,0.000000000000000000e+00
6.642884535093247678e+01,0.000000000000000000e+00
6.742959842972076956e+01,0.000000000000000000e+00
6.774461244274147020e+01,0.000000000000000000e+00
6.943701875956217862e+01,0.000000000000000000e+00
6.569345993996293487e+01,0.000000000000000000e+00
6.852260372291480905e+01,0.000000000000000000e+00
6.737846536254969010e+01,0.000000000000000000e+00
6.743284207046728795e+01,0.000000000000000000e+00
6.505514396775875241e+01,0.000000000000000000e+00
6.422531340880523487e+01,0.000000000000000000e+00
6.568271665734641829e+01,0.000000000000000000e+00
6.622464503222704479e+01,0.000000000000000000e+00
6.864536995682971110e+01,0.000000000000000000e+00
6.780317998205815400e+01,0.000000000000000000e+00
6.531028422426830105e+01,0.000000000000000000e+00
6.349715792643199563e+01,0.000000000000000000e+00
6.836239301215226760e+01,0.000000000000000000e+00
6.633328034147784535e+01,0.000000000000000000e+00
6.667905717991864378e+01,0.000000000000000000e+00
6.625152452964844940e+01,0.000000000000000000e+00
6.631966828240072687e+01,0.000000000000000000e+00
6.792112267989428176e+01,0.000000000000000000e+00
6.615242277378716551e+01,0.000000000000000000e+00
6.505496606762972078e+01,0.000000000000000000e+00
6.907650785445569852e+01,0.000000000000000000e+00
6.411090733126289365e+01,0.000000000000000000e+00
6.580433450989202981e+01,0.000000000000000000e+00
6.479077225750316416e+01,0.000000000000000000e+00
6.286885754602066356e+01,0.000000000000000000e+00
6.615501064034442891e+01,0.000000000000000000e+00
6.524482681941773876e+01,0.000000000000000000e+00
6.234778062221969464e+01,0.000000000000000000e+00
6.508382043697753261e+01,0.000000000000000000e+00
6.853911226497621101e+01,0.000000000000000000e+00
6.215828444919470286e+01,0.000000000000000000e+00
6.330457341574320651e+01,0.000000000000000000e+00
6.341228451888717643e+01,0.000000000000000000e+00
6.332991046084260489e+01,0.000000000000000000e+00
6.455921558301082541e+01,0.000000000000000000e+00
6.249737604326212193e+01,0.000000000000000000e+00
6.467935241067436891e+01,0.000000000000000000e+00
6.076881255777456659e+01,0.000000000000000000e+00
6.568149796247062966e+01,0.000000000000000000e+00
6.546739169054409047e+01,0.000000000000000000e+00
6.702819582209065175e+01,0.000000000000000000e+00
6.388136640954510170e+01,0.000000000000000000e+00
6.470882647254890685e+01,0.000000000000000000e+00
6.508803213959770062e+01,0.000000000000000000e+00
6.536980304988728108e+01,0.000000000000000000e+00
6.186965062333339915e+01,0.000000000000000000e+00
6.401036637466199863e+01,0.000000000000000000e+00
6.406799733389871676e+01,0.000000000000000000e+00
6.349167429175533073e+01,0.000000000000000000e+00
6.584098106948444240e+01,0.000000000000000000e+00
6.508055263025710246e+01,0.000000000000000000e+00
6.358739419382106206e+01,0.000000000000000000e+00
6.362555871242810923e+01,0.000000000000000000e+00
6.248529128296631541e+01,0.000000000000000000e+00
6.118124968702428390e+01,0.000000000000000000e+00
6.112972091000336405e+01,0.000000000000000000e+00
6.468002833200391422e+01,0.000000000000000000e+00
6.457929463382174617e+01,0.000000000000000000e+00
6.272958962463501109e+01,0.000000000000000000e+00
6.292742395754142848e+01,0.000000000000000000e+00
6.362313208724988556e+01,0.000000000000000000e+00
6.249887654072114884e+01,0.000000000000000000e+00
6.091432729599032569e+01,0.000000000000000000e+00
6.445728685501288169e+01,0.000000000000000000e+00
6.559162806212403041e+01,0.000000000000000000e+00
6.236957624356860919e+01,0.000000000000000000e+00
6.229407385516580575e+01,0.000000000000000000e+00
6.413541389666090708e+01,0.000000000000000000e+00
6.050209511689084252e+01,0.000000000000000000e+00
6.229474190424720348e+01,0.000000000000000000e+00
6.379658417303044615e+01,0.000000000000000000e+00
6.042717171495169026e+01,0.000000000000000000e+00
6.203872794669389634e+01,0.000000000000000000e+00
6.232084024059695793e+01,0.000000000000000000e+00
6.417147311886083116e+01,0.000000000000000000e+00
6.220443214547615440e+01,0.000000000000000000e+00
5.710659608169470403e+01,0.000000000000000000e+00
6.341827767869167332e+01,0.000000000000000000e+00
6.557143048220605408e+01,0.000000000000000000e+00
6.089439854166719357e+01,0.000000000000000000e+00
6.139061995179276465e+01,0.000000000000000000e+00
6.075668670648983039e+01,0.000000000000000000e+00
5.874478265737336358e+01,0.000000000000000000e+00
6.104400603776087308e+01,0.000000000000000000e+00
6.227951414315194967e+01,0.000000000000000000e+00
6.278808658191050540e+01,0.000000000000000000e+00
6.013255653613336449e+01,0.000000000000000000e+00
6.203699812190029661e+01,0.000000000000000000e+00
6.338217822621722064e+01,0.000000000000000000e+00
6.035805943084783820e+01,0.000000000000000000e+00
5.921487651572078192e+01,0.000000000000000000e+00
6.150623812258508138e+01,0.000000000000000000e+00
5.927906727497422423e+01,0.000000000000000000e+00
6.056516457642509010e+01,0.000000000000000000e+00
5.927511855723871292e+01,0.000000000000000000e+00
6.231009988693063661e+01,0.000000000000000000e+00
6.077457853936549981e+01,0.000000000000000000e+00
5.984179579589229547e+01,0.000000000000000000e+00
5.766298477607438855e+01,0.000000000000000000e+00
5.885009274218760567e+01,0.000000000000000000e+00
5.895204042218211526e+01,0.000000000000000000e+00
5.927342686701661023e+01,0.000000000000000000e+00
5.775682864667084004e+01,0.000000000000000000e+00
5.985885531576048635e+01,0.000000000000000000e+00
6.216570560970065173e+01,0.000000000000000000e+00
6.031607559589176759e+01,0.000000000000000000e+00
6.339790126735415754e+01,0.000000000000000000e+00
6.126437904530862966e+01,0.000000000000000000e+00
6.178575250428144017e+01,0.000000000000000000e+00
5.983219921897642735e+01,0.000000000000000000e+00
5.975419967168301838e+01,0.000000000000000000e+00
5.928411852909214730e+01,0.000000000000000000e+00
5.986356813266517918e+01,0.000000000000000000e+00
5.833233835341741980e+01,0.000000000000000000e+00
5.933807857735722990e+01,0.000000000000000000e+00
5.908563340944707676e+01,0.000000000000000000e+00
5.722549260550927386e+01,0.000000000000000000e+00
6.215127397043050195e+01,0.000000000000000000e+00
5.971147732483117210e+01,0.000000000000000000e+00
5.720160835797857146e+01,0.000000000000000000e+00
5.974863745113633229e+01,0.000000000000000000e+00
6.440031696790852322e+01,0.000000000000000000e+00
5.692182120860153560e+01,0.000000000000000000e+00
5.939074700804492579e+01,0.000000000000000000e+00
5.722823268729239743e+01,0.000000000000000000e+00
5.864094086333088995e+01,0.000000000000000000e+00
5.894025628128472505e+01,0.000000000000000000e+00
6.007820051458526933e+01,0.000000000000000000e+00
5.586332595721166427e+01,0.000000000000000000e+00
5.576206929604525442e+01,0.000000000000000000e+00
5.780756656082294143e+01,0.000000000000000000e+00
6.130930605052928684e+01,0.000000000000000000e+00
5.490017627023947000e+01,0.000000000000000000e+00
5.562420080677856049e+01,0.000000000000000000e+00
6.551250379861875217e+01,0.000000000000000000e+00
5.645595364467396138e+01,0.000000000000000000e+00
6.141987713850324582e+01,0.000000000000000000e+00
5.811276222418187842e+01,0.000000000000000000e+00
5.534049640295265249e+01,0.000000000000000000e+00
5.643367757604295321e+01,0.000000000000000000e+00
5.536032997385779453e+01,0.000000000000000000e+00
5.724434742568080736e+01,0.000000000000000000e+00
5.694917863147395565e+01,0.000000000000000000e+00
5.696888205848124187e+01,0.000000000000000000e+00
5.699965016793419181e+01,0.000000000000000000e+00
5.533068583327324319e+01,0.000000000000000000e+00
5.624321516115424657e+01,0.000000000000000000e+00
5.602831840330508584e+01,0.000000000000000000e+00
5.382914194470798463e+01,0.000000000000000000e+00
5.488867082012894372e+01,0.000000000000000000e+00
5.383575834359722023e+01,0.000000000000000000e+00
6.005965678663059037e+01,0.000000000000000000e+00
5.039416941426635788e+01,0.000000000000000000e+00
5.618413971733983914e+01,0.000000000000000000e+00
5.703415672765918032e+01,0.000000000000000000e+00
5.696527279392692122e+01,0.000000000000000000e+00
5.632945172141387502e+01,0.000000000000000000e+00
5.643055828538298613e+01,0.000000000000000000e+00
5.483649722451292519e+01,0.000000000000000000e+00
5.770876708455681836e+01,0.000000000000000000e+00
5.405883451717922838e+01,0.000000000000000000e+00
5.354556745875339629e+01,0.000000000000000000e+00
5.657282700694879907e+01,0.000000000000000000e+00
5.261495415992630598e+01,0.000000000000000000e+00
5.365251721330282209e+01,0.000000000000000000e+00
5.538313665317630807e+01,0.000000000000000000e+00
5.466564408045998391e+01,0.000000000000000000e+00
5.623279805866922487e+01,0.000000000000000000e+00
5.721357284620621897e+01,0.000000000000000000e+00
5.456241700213219303e+01,0.000000000000000000e+00
5.245379277570829402e+01,0.000000000000000000e+00
5.630409475214592163e+01,0.000000000000000000e+00
5.412250932891801369e+01,0.000000000000000000e+00
5.380118848491326133e+01,0.000000000000000000e+00
5.355204625955712316e+01,0.000000000000000000e+00
5.207946702142780993e+01,0.000000000000000000e+00
5.278476047052709674e+01,0.000000000000000000e+00
5.414328652958258203e+01,0.000000000000000000e+00
5.385765717686121690e+01,0.000000000000000000e+00
5.403121614280647123e+01,0.000000000000000000e+00
5.109736350880505995e+01,0.000000000000000000e+00
5.223856533698068461e+01,0.000000000000000000e+00
5.746295209549077754e+01,0.000000000000000000e+00
5.109754180202060070e+01,0.000000000000000000e+00
5.343849282354150176e+01,0.000000000000000000e+00
5.319990790642191314e+01,0.000000000000000000e+00
5.518957736874575204e+01,0.000000000000000000e+00
5.134314760691084700e+01,0.000000000000000000e+00
5.617282231962852279e+01,0.000000000000000000e+00
4.973364641236204164e+01,0.000000000000000000e+00
5.494844743731310643e+01,0.000000000000000000e+00
5.637964003875396912e+01,0.000000000000000000e+00
5.505848941773741245e+01,0.000000000000000000e+00
5.056419844984648648e+01,0.000000000000000000e+00
5.415366032795541429e+01,0.000000000000000000e+00
5.468480209084028587e+01,0.000000000000000000e+00
5.249188697841936602e+01,0.000000000000000000e+00
5.228247523833895372e+01,0.000000000000000000e+00
5.073441493789213297e+01,0.000000000000000000e+00
5.053686221200900519e+01,0.000000000000000000e+00
5.255263522439628332e+01,0.000000000000000000e+00
4.989634725145584326e+01,0.000000000000000000e+00
4.963547940803109526e+01,0.000000000000000000e+00
5.006842044161859917e+01,0.000000000000000000e+00
5.120153507973216023e+01,0.000000000000000000e+00
5.253612989813137091e+01,0.000000000000000000e+00
5.179522946377930026e+01,0.000000000000000000e+00
5.178174845237398216e+01,0.000000000000000000e+00
4.861960678471012898e+01,0.000000000000000000e+00
5.040474371194249414e+01,0.000000000000000000e+00
4.884796659724580792e+01,0.000000000000000000e+00
4.854204393065457879e+01,0.000000000000000000e+00
5.015957820567229675e+01,0.000000000000000000e+00
5.470956031547829213e+01,0.000000000000000000e+00
5.035545447038184363e+01,0.000000000000000000e+00
4.779314807266980836e+01,0.000000000000000000e+00
5.112380526974546058e+01,0.000000000000000000e+00
4.765341781490781159e+01,0.000000000000000000e+00
4.724905609289512398e+01,0.000000000000000000e+00
5.004251366304308135e+01,0.000000000000000000e+00
4.969940464306584715e+01,0.000000000000000000e+00
5.106708361186980483e+01,0.000000000000000000e+00
5.216435685534325728e+01,0.000000000000000000e+00
4.834022497274796848e+01,0.000000000000000000e+00
5.005648242932807079e+01,0.000000000000000000e+00
4.663041609136168120e+01,0.000000000000000000e+00
5.172171293748369436e+01,0.000000000000000000e+00
4.849586307336576141e+01,0.000000000000000000e+00
4.979723207632016369e+01,0.000000000000000000e+00
4.780061570861282405e+01,0.000000000000000000e+00
5.102174577016384660e+01,0.000000000000000000e+00
5.004832159386135970e+01,0.000000000000000000e+00
5.093671998410978574e+01,0.000000000000000000e+00
4.902196914356596835e+01,0.000000000000000000e+00
4.890697932419125493e+01,0.000000000000000000e+00
4.724107012883602152e+01,0.000000000000000000e+00
4.786198490442039599e+01,0.000000000000000000e+00
4.713577760162612407e+01,0.000000000000000000e+00
4.911798897873737246e+01,0.000000000000000000e+00
4.973817024728266745e+01,0.000000000000000000e+00
5.076743302144707570e+01,0.000000000000000000e+00
4.894069417866062111e+01,0.000000000000000000e+00
4.403222083954378263e+01,0.000000000000000000e+00
4.562883180619077450e+01,0.000000000000000000e+00
4.629494979225123075e+01,0.000000000000000000e+00
4.700998535931732647e+01,0.000000000000000000e+00
4.496244181435762499e+01,0.000000000000000000e+00
4.526594527868529383e+01,0.000000000000000000e+00
4.952569098503150258e+01,0.000000000000000000e+00
4.252569119293723787e+01,0.000000000000000000e+00
4.537477061111053445e+01,0.000000000000000000e+00
5.174619251188324398e+01,0.000000000000000000e+00
4.804526220547134585e+01,0.000000000000000000e+00
4.540938289638635439e+01,0.000000000000000000e+00
5.103354301491469869e+01,0.000000000000000000e+00
4.380655368408736905e+01,0.000000000000000000e+00
4.913434504927327851e+01,0.000000000000000000e+00
4.866512526571938224e+01,0.000000000000000000e+00
4.904562711417678145e+01,0.000000000000000000e+00
4.963118856596528161e+01,0.000000000000000000e+00
5.124710044415233057e+01,0.000000000000000000e+00
4.622109463748159897e+01,0.000000000000000000e+00
4.777270755746995690e+01,0.000000000000000000e+00
4.604338784314415278e+01,0.000000000000000000e+00
4.731017452763148157e+01,0.000000000000000000e+00
4.693705224487032979e+01,0.000000000000000000e+00
4.818144891602147339e+01,0.000000000000000000e+00
4.554164266540816897e+01,0.000000000000000000e+00
4.731628183530802545e+01,0.000000000000000000e+00
4.164221957835934518e+01,0.000000000000000000e+00
4.557753782344687465e+01,0.000000000000000000e+00
5.031513950234800348e+01,0.000000000000000000e+00
4.699808771157210430e+01,0.000000000000000000e+00
4.311114393381056686e+01,0.000000000000000000e+00
4.257766060072938075e+01,0.000000000000000000e+00
4.684385708213535793e+01,0.000000000000000000e+00
4.363025831340161176e+01,0.000000000000000000e+00
4.938598276618311900e+01,0.000000000000000000e+00
4.635642153598840309e+01,0.000000000000000000e+00
4.532038565099940541e+01,0.000000000000000000e+00
4.516088434494631798e+01,0.000000000000000000e+00
4.824142243773214034e+01,0.000000000000000000e+00
4.340410845135759388e+01,0.000000000000000000e+00
4.810608653003539104e+01,0.000000000000000000e+00
4.831846512707370778e+01,0.000000000000000000e+00
4.425610040458438732e+01,0.000000000000000000e+00
4.620294555396790059e+01,0.000000000000000000e+00
4.361322350187550256e+01,0.000000000000000000e+00
4.586391889269780364e+01,0.000000000000000000e+00
4.573015614832041820e+01,0.000000000000000000e+00
4.278123938608271715e+01,0.000000000000000000e+00
4.370314843429789420e+01,0.000000000000000000e+00
4.241122049949757411e+01,0.000000000000000000e+00
4.495079676385864786e+01,0.000000000000000000e+00
4.269080841576610652e+01,0.000000000000000000e+00
4.413269587984154896e+01,0.000000000000000000e+00
4.379908675621312852e+01,0.000000000000000000e+00
4.256975114709759822e+01,0.000000000000000000e+00
4.573206369737152244e+01,0.000000000000000000e+00
4.477669087081842036e+01,0.000000000000000000e+00
4.692270716869121827e+01,0.000000000000000000e+00
4.529271014129118100e+01,0.000000000000000000e+00
4.463595176140695742e+01,0.000000000000000000e+00
4.523737420219092087e+01,0.000000000000000000e+00
4.568659890746415186e+01,0.000000000000000000e+00
4.191375713558854699e+01,0.000000000000000000e+00
4.333753438560407290e+01,0.000000000000000000e+00
4.452597015686058057e+01,0.000000000000000000e+00
4.112764736478873573e+01,0.000000000000000000e+00
4.517673501519372792e+01,0.000000000000000000e+00
4.185429837505340345e+01,0.000000000000000000e+00
4.032403377823035839e+01,0.000000000000000000e+00
4.034825627701068385e+01,0.000000000000000000e+00
3.990428929769958444e+01,0.000000000000000000e+00
4.501841471257748140e+01,0.000000000000000000e+00
4.363678913140207527e+01,0.000000000000000000e+00
4.191565447452288851e+01,0.000000000000000000e+00
4.349788465307904062e+01,0.000000000000000000e+00
4.019426217652024036e+01,0.000000000000000000e+00
4.094635722863843341e+01,0.000000000000000000e+00
4.608635022247995039e+01,0.000000000000000000e+00
4.593387847220945019e+01,0.000000000000000000e+00
4.380261237762705662e+01,0.000000000000000000e+00
4.728374548349155759e+01,0.000000000000000000e+00
4.443926738332773141e+01,0.000000000000000000e+00
4.047776333270608262e+01,0.000000000000000000e+00
4.081724037104110181e+01,0.000000000000000000e+00
4.369567957050680462e+01,0.000000000000000000e+00
4.208488649363042100e+01,0.000000000000000000e+00
4.318739724064437269e+01,0.000000000000000000e+00
3.949506022772432345e+01,0.000000000000000000e+00
4.365952830207017854e+01,0.000000000000000000e+00
4.040834194558215842e+01,0.000000000000000000e+00
4.247744738728175662e+01,0.000000000000000000e+00
3.804732721070688939e+01,0.000000000000000000e+00
3.900013283230669003e+01,0.000000000000000000e+00
4.107002893918593145e+01,0.000000000000000000e+00
4.157239906177776589e+01,0.000000000000000000e+00
4.121664277843213142e+01,0.000000000000000000e+00
4.236453282264339038e+01,0.000000000000000000e+00
3.882033162825138106e+01,0.000000000000000000e+00
4.033264158988203718e+01,0.000000000000000000e+00
3.921338694064240826e+01,0.000000000000000000e+00
4.042420889945150719e+01,0.000000000000000000e+00
3.938601085096535570e+01,0.000000000000000000e+00
3.932486134700621250e+01,0.000000000000000000e+00
3.841442403422315266e+01,0.000000000000000000e+00
4.011251904263181700e+01,0.000000000000000000e+00
3.655264205297986280e+01,0.000000000000000000e+00
3.992042651917073925e+01,0.000000000000000000e+00
3.638226653483145157e+01,0.000000000000000000e+00
3.961795274376336806e+01,0.000000000000000000e+00
3.957653085667174508e+01,0.000000000000000000e+00
3.954401333299449561e+01,0.000000000000000000e+00
3.795888448478611821e+01,0.000000000000000000e+00
3.881439928606989298e+01,0.000000000000000000e+00
4.070402517925785446e+01,0.000000000000000000e+00
3.980733504973124326e+01,0.000000000000000000e+00
3.954806995367904676e+01,0.000000000000000000e+00
3.515725578661664485e+01,0.000000000000000000e+00
3.983124358294689671e+01,0.000000000000000000e+00
3.883789056436341269e+01,0.000000000000000000e+00
3.718813389594197361e+01,0.000000000000000000e+00
3.866153676321633981e+01,0.000000000000000000e+00
4.155702362618389145e+01,0.000000000000000000e+00
3.616121046054652766e+01,0.000000000000000000e+00
4.007230354254583204e+01,0.000000000000000000e+00
4.029782921484503078e+01,0.000000000000000000e+00
4.053458491211564763e+01,0.000000000000000000e+00
3.792703905174855805e+01,0.000000000000000000e+00
3.850058587853228431e+01,0.000000000000000000e+00
3.613686678191380253e+01,0.000000000000000000e+00
3.769277724698437737e+01,0.000000000000000000e+00
3.656468332285594158e+01,0.000000000000000000e+00
3.964004860763056826e+01,0.000000000000000000e+00
3.926942147763980984e+01,0.000000000000000000e+00
3.764511066503698089e+01,0.000000000000000000e+00
3.741665918432712346e+01,0.000000000000000000e+00
3.378747961943875566e+01,0.000000000000000000e+00
3.649781134566499929e+01,0.000000000000000000e+00
3.771571362301087049e+01,0.000000000000000000e+00
3.371074298518821877e+01,0.000000000000000000e+00
3.803385034906079198e+01,0.000000000000000000e+00
3.552180747655216209e+01,0.000000000000000000e+00
3.434826447473097488e+01,0.000000000000000000e+00
3.985106430194443305e+01,0.000000000000000000e+00
3.385905833506127749e+01,0.000000000000000000e+00
3.929429811782159021e+01,0.000000000000000000e+00
3.791792256829735663e+01,0.000000000000000000e+00
3.688942446245506801e+01,0.000000000000000000e+00
3.261212560404135274e+01,0.000000000000000000e+00
3.383921934868475745e+01,0.000000000000000000e+00
3.863621624467439375e+01,0.000000000000000000e+00
3.471571183491185764e+01,0.000000000000000000e+00
3.755698194078222230e+01,0.000000000000000000e+00
3.685609381403302365e+01,0.000000000000000000e+00
3.423396315862907358e+01,0.000000000000000000e+00
3.958094045504390834e+01,0.000000000000000000e+00
3.365315945804388775e+01,0.000000000000000000e+00
3.837821592263493642e+01,0.000000000000000000e+00
3.532680827124556089e+01,0.000000000000000000e+00
3.828190031803134019e+01,0.000000000000000000e+00
3.385046245137348109e+01,0.000000000000000000e+00
3.581650930965100343e+01,0.000000000000000000e+00
3.153411950283133081e+01,0.000000000000000000e+00
3.647937372057163685e+01,0.000000000000000000e+00
3.676265157039080833e+01,0.000000000000000000e+00
3.596052067412745856e+01,0.000000000000000000e+00
3.473027766208865330e+01,0.000000000000000000e+00
3.680475199785696105e+01,0.000000000000000000e+00
3.542617246399113640e+01,0.000000000000000000e+00
3.673243980089826977e+01,0.000000000000000000e+00
3.791096051487092211e+01,0.000000000000000000e+00
3.561535743027351941e+01,0.000000000000000000e+00
3.444141544804959665e+01,0.000000000000000000e+00
3.798337206201855309e+01,0.000000000000000000e+00
3.606320650969793462e+01,0.000000000000000000e+00
3.587531030382164943e+01,0.000000000000000000e+00
3.262317104872744977e+01,0.000000000000000000e+00
3.712159293423403739e+01,0.000000000000000000e+00
3.217101155983667127e+01,0.000000000000000000e+00
3.573761575978964089e+01,0.000000000000000000e+00
3.564342300689044407e+01,0.000000000000000000e+00
3.473084527308819247e+01,0.000000000000000000e+00
3.299399245712527318e+01,0.000000000000000000e+00
3.519986338522394220e+01,0.000000000000000000e+00
3.243616444320949910e+01,0.000000000000000000e+00
3.185286882966003930e+01,0.000000000000000000e+00
3.500188699991892349e+01,0.000000000000000000e+00
3.448750169616707240e+01,0.000000000000000000e+00
3.123540966822378095e+01,0.000000000000000000e+00
3.478764653953857078e+01,0.000000000000000000e+00
3.204773536845295467e+01,0.000000000000000000e+00
3.527834419674469046e+01,0.000000000000000000e+00
3.405132347890754119e+01,0.000000000000000000e+00
3.087939247421117273e+01,0.000000000000000000e+00
3.442949412855976021e+01,0.000000000000000000e+00
3.333471217762492245e+01,0.000000000000000000e+00
3.275051304117697981e+01,0.000000000000000000e+00
3.193572395335888459e+01,0.000000000000000000e+00
3.095850838169746666e+01,0.000000000000000000e+00
3.683788923778735125e+01,0.000000000000000000e+00
3.159936838885706578e+01,0.000000000000000000e+00
3.099895246743897559e+01,0.000000000000000000e+00
3.273147262932826607e+01,0.000000000000000000e+00
3.231061078453647184e+01,0.000000000000000000e+00
3.408187509383745351e+01,0.000000000000000000e+00
3.261517770682143436e+01,0.000000000000000000e+00
3.081467426959578404e+01,0.000000000000000000e+00
3.349876669386112837e+01,0.000000000000000000e+00
2.766923006282088693e+01,0.000000000000000000e+00
3.088448384650685341e+01,0.000000000000000000e+00
3.079545161552431409e+01,0.000000000000000000e+00
3.277959207742285486e+01,0.000000000000000000e+00
2.981625751471503705e+01,0.000000000000000000e+00
3.191422358139575266e+01,0.000000000000000000e+00
3.602491022951796396e+01,0.000000000000000000e+00
3.166723267586453971e+01,0.000000000000000000e+00
3.310491222076484519e+01,0.000000000000000000e+00
3.100384428476023402e+01,0.000000000000000000e+00
3.351114810970367586e+01,0.000000000000000000e+00
3.288538134967585336e+01,0.000000000000000000e+00
3.045740298840785343e+01,0.000000000000000000e+00
2.814459778524606648e+01,0.000000000000000000e+00
3.274996416739895722e+01,0.000000000000000000e+00
2.882815713943470826e+01,0.000000000000000000e+00
3.120105501760170341e+01,0.000000000000000000e+00
3.056800109815047506e+01,0.000000000000000000e+00
3.448859689190577882e+01,0.000000000000000000e+00
3.387615897096907958e+01,0.000000000000000000e+00
3.138150013205755684e+01,0.000000000000000000e+00
3.131910310525660535e+01,0.000000000000000000e+00
3.291304571358257647e+01,0.000000000000000000e+00
2.727253787654434802e+01,0.000000000000000000e+00
3.205106953930194891e+01,0.000000000000000000e+00
2.819132904836480691e+01,0.000000000000000000e+00
2.971267276715009942e+01,0.000000000000000000e+00
3.034851938010494976e+01,0.000000000000000000e+00
2.783241060965354663e+01,0.000000000000000000e+00
3.164537018913850730e+01,0.000000000000000000e+00
3.174456124052082373e+01,0.000000000000000000e+00
2.921720962267612265e+01,0.000000000000000000e+00
3.288253848158208115e+01,0.000000000000000000e+00
3.381276655205766701e+01,0.000000000000000000e+00
3.292994853459828164e+01,0.000000000000000000e+00
3.261445447054830993e+01,0.000000000000000000e+00
3.016140278512948214e+01,0.000000000000000000e+00
3.055982432345007282e+01,0.000000000000000000e+00
3.397572649774770071e+01,0.000000000000000000e+00
2.771200272315723723e+01,0.000000000000000000e+00
3.081932302432040061e+01,0.000000000000000000e+00
2.976488071945404101e+01,0.000000000000000000e+00
3.185405809530637455e+01,0.000000000000000000e+00
3.246808417111129330e+01,0.000000000000000000e+00
3.150786581166873290e+01,0.000000000000000000e+00
2.790802117290682816e+01,0.000000000000000000e+00
2.867690161073035426e+01,0.000000000000000000e+00
2.973858661066202913e+01,0.000000000000000000e+00
3.192197126813732666e+01,0.000000000000000000e+00
2.854648045516078980e+01,0.000000000000000000e+00
2.877067012060491180e+01,0.000000000000000000e+00
3.101977358298999476e+01,0.000000000000000000e+00
2.870671530130735150e+01,0.000000000000000000e+00
2.728178084524104463e+01,0.000000000000000000e+00
2.813063397226522966e+01,0.000000000000000000e+00
2.632883826901785085e+01,0.000000000000000000e+00
2.989124299058044798e+01,0.000000000000000000e+00
3.188843461975494264e+01,0.000000000000000000e+00
3.053700423827668331e+01,0.000000000000000000e+00
3.067589135870695216e+01,0.000000000000000000e+00
2.720603540965059608e+01,0.000000000000000000e+00
2.986795462731586781e+01,0.000000000000000000e+00
2.828148806758875011e+01,0.000000000000000000e+00
2.711997914873681736e+01,0.000000000000000000e+00
2.921764938279941859e+01,0.000000000000000000e+00
3.037071472862066912e+01,0.000000000000000000e+00
2.696265988662890933e+01,0.000000000000000000e+00
3.134399149638328197e+01,0.000000000000000000e+00
2.891583196359168184e+01,0.000000000000000000e+00
2.901882650323537405e+01,0.000000000000000000e+00
3.006271602454472003e+01,0.000000000000000000e+00
2.866440262034679165e+01,0.000000000000000000e+00
2.525194444772069602e+01,0.000000000000000000e+00
2.846344145154579763e+01,0.000000000000000000e+00
2.617932870400049339e+01,0.000000000000000000e+00
2.903661139377988576e+01,0.000000000000000000e+00
2.789047465747121279e+01,0.000000000000000000e+00
2.854601726627649327e+01,0.000000000000000000e+00
2.779394836227096377e+01,0.000000000000000000e+00
2.857953373435938360e+01,0.000000000000000000e+00
2.519949434589000248e+01,0.000000000000000000e+00
2.771041795812454822e+01,0.000000000000000000e+00
2.737724394687188578e+01,0.000000000000000000e+00
3.037934932947869271e+01,0.000000000000000000e+00
2.809129390179939634e+01,0.000000000000000000e+00
2.800328600529226719e+01,0.000000000000000000e+00
2.897171054931695622e+01,0.000000000000000000e+00
2.759510691710061536e+01,0.000000000000000000e+00
2.508813562519688389e+01,0.000000000000000000e+00
2.507678218655276581e+01,0.000000000000000000e+00
2.663920660925919037e+01,0.000000000000000000e+00
3.028312451498286606e+01,0.000000000000000000e+00
2.960329086205711135e+01,0.000000000000000000e+00
2.916518330244675639e+01,0.000000000000000000e+00
2.905477226354334519e+01,0.000000000000000000e+00
2.654718283488281827e+01,0.000000000000000000e+00
2.919488842650897453e+01,0.000000000000000000e+00
2.510007522479334341e+01,0.000000000000000000e+00
2.821043123877455017e+01,0.000000000000000000e+00
2.713734821466307423e+01,0.000000000000000000e+00
2.461885649342623239e+01,0.000000000000000000e+00
3.040208844810770117e+01,0.000000000000000000e+00
2.682886157070246824e+01,0.000000000000000000e+00
2.840692783856525949e+01,0.000000000000000000e+00
2.685964040478276615e+01,0.000000000000000000e+00
3.075131410559172807e+01,0.000000000000000000e+00
3.130347255690557162e+01,0.000000000000000000e+00
2.857404745610223173e+01,0.000000000000000000e+00
2.492532749638455059e+01,0.000000000000000000e+00
2.452340214785601802e+01,0.000000000000000000e+00
2.455170176956836769e+01,0.000000000000000000e+00
2.350902558310898272e+01,0.000000000000000000e+00
2.432358926554012513e+01,0.000000000000000000e+00
2.596301260849803683e+01,0.000000000000000000e+00
2.869289138764337110e+01,0.000000000000000000e+00
2.648507207161364008e+01,0.000000000000000000e+00
2.928187866350343427e+01,0.000000000000000000e+00
2.640239715782505669e+01,0.000000000000000000e+00
2.775152616513076964e+01,0.000000000000000000e+00
2.841215931541023210e+01,0.000000000000000000e+00
2.207314738109518260e+01,0.000000000000000000e+00
2.523850762081556809e+01,0.000000000000000000e+00
2.732812859930188409e+01,0.000000000000000000e+00
2.643230826211091511e+01,0.000000000000000000e+00
2.645197633109944135e+01,0.000000000000000000e+00
2.595635511209037816e+01,0.000000000000000000e+00
2.834327640744620780e+01,0.000000000000000000e+00
2.415255298313732268e+01,0.000000000000000000e+00
2.247642286832952152e+01,0.000000000000000000e+00
2.894610454566421609e+01,0.000000000000000000e+00
2.830896450528241459e+01,0.000000000000000000e+00
2.320976778769263760e+01,0.000000000000000000e+00
2.389757553558907333e+01,0.000000000000000000e+00
2.373390096785050574e+01,0.000000000000000000e+00
2.321627748604705133e+01,0.000000000000000000e+00
2.476566701856541997e+01,0.000000000000000000e+00
2.347553807977742579e+01,0.000000000000000000e+00
2.289090025090816383e+01,0.000000000000000000e+00
2.463163261421335193e+01,0.000000000000000000e+00
2.439111624965247671e+01,0.000000000000000000e+00
2.566587576760341705e+01,0.000000000000000000e+00
2.542213982816088702e+01,0.000000000000000000e+00
2.436400899916487006e+01,0.000000000000000000e+00
2.253265969778191291e+01,0.000000000000000000e+00
2.463702569874508086e+01,0.000000000000000000e+00
2.323749856992741059e+01,0.000000000000000000e+00
2.290161430306489976e+01,0.000000000000000000e+00
2.342406576283707054e+01,0.000000000000000000e+00
2.384702813199797333e+01,0.000000000000000000e+00
3.005881310474785195e+01,0.000000000000000000e+00
2.654373730081416838e+01,0.000000000000000000e+00
2.553465266036307924e+01,0.000000000000000000e+00
2.264658913650620775e+01,0.000000000000000000e+00
2.251833928909477578e+01,0.000000000000000000e+00
2.334212950379753337e+01,0.000000000000000000e+00
2.269887070444876898e+01,0.000000000000000000e+00
2.377878034458322531e+01,0.000000000000000000e+00
2.349633067047921386e+01,0.000000000000000000e+00
2.494183597060594337e+01,0.000000000000000000e+00
2.568093258362825537e+01,0.000000000000000000e+00
2.157072428759001781e+01,0.000000000000000000e+00
2.229595021268681165e+01,0.000000000000000000e+00
2.089471531215109934e+01,0.000000000000000000e+00
2.347308028673646163e+01,0.000000000000000000e+00
2.164350911900773511e+01,0.000000000000000000e+00
2.295680031560770828e+01,0.000000000000000000e+00
2.259845829276367368e+01,0.000000000000000000e+00
2.167441793877976508e+01,0.000000000000000000e+00
2.329938838118032152e+01,0.000000000000000000e+00
2.077438402581719856e+01,0.000000000000000000e+00
2.418764283010397520e+01,0.000000000000000000e+00
2.316714755684241211e+01,0.000000000000000000e+00
2.688708665516617558e+01,0.000000000000000000e+00
2.488860683114121031e+01,0.000000000000000000e+00
2.236615501549318097e+01,0.000000000000000000e+00
2.212701861753550503e+01,0.000000000000000000e+00
2.426950220668620162e+01,0.000000000000000000e+00
2.236024694172114025e+01,0.000000000000000000e+00
2.408395192057290402e+01,0.000000000000000000e+00
2.546822818002494415e+01,0.000000000000000000e+00
2.353741664635154152e+01,0.000000000000000000e+00
2.152804873943868103e+01,0.000000000000000000e+00
2.342507563797785863e+01,0.000000000000000000e+00
2.327725648632849698e+01,0.000000000000000000e+00
2.485931933990414677e+01,0.000000000000000000e+00
2.101218107767878251e+01,0.000000000000000000e+00
2.326777321241209862e+01,0.000000000000000000e+00
1.971359137683240093e+01,0.000000000000000000e+00
2.079455667883685521e+01,0.000000000000000000e+00
2.075867248486096983e+01,0.000000000000000000e+00
2.178117952983674144e+01,0.000000000000000000e+00
2.551240920260621792e+01,0.000000000000000000e+00
2.288907029768936141e+01,0.000000000000000000e+00
2.299391772096654307e+01,0.000000000000000000e+00
1.973820195215665407e+01,0.000000000000000000e+00
2.179327768229815376e+01,0.000000000000000000e+00
2.342092585480914124e+01,0.000000000000000000e+00
2.326397411997269415e+01,0.000000000000000000e+00
2.459506053334207820e+01,0.000000000000000000e+00
2.217318934793233609e+01,0.000000000000000000e+00
1.948717036872747599e+01,0.000000000000000000e+00
2.159125964351041560e+01,0.000000000000000000e+00
2.029828624507070245e+01,0.000000000000000000e+00
2.584466998426771411e+01,0.000000000000000000e+00
2.267164859857828318e+01,0.000000000000000000e+00
2.036872403263285491e+01,0.000000000000000000e+00
2.182299349285890244e+01,0.000000000000000000e+00
2.512488220437223418e+01,0.000000000000000000e+00
2.060858549264916562e+01,0.000000000000000000e+00
2.345907971560626493e+01,0.000000000000000000e+00
2.112054923106391868e+01,0.000000000000000000e+00
2.149738548774586633e+01,0.000000000000000000e+00
2.142569755871125281e+01,0.000000000000000000e+00
1.938597117462001407e+01,0.000000000000000000e+00
2.151424346059640058e+01,0.000000000000000000e+00
2.183723022421584048e+01,0.000000000000000000e+00
2.155159945235392271e+01,0.000000000000000000e+00
1.918057481381099194e+01,0.000000000000000000e+00
2.213713825655521461e+01,0.000000000000000000e+00
1.799403096383013789e+01,0.000000000000000000e+00
2.430417667189184883e+01,0.000000000000000000e+00
2.458204983706685454e+01,0.000000000000000000e+00
1.889229769834710027e+01,0.000000000000000000e+00
2.091991647686608502e+01,0.000000000000000000e+00
2.047834509519650936e+01,0.000000000000000000e+00
2.220708794213300052e+01,0.000000000000000000e+00
1.862006315024920511e+01,0.000000000000000000e+00
1.839337525839179222e+01,0.000000000000000000e+00
2.046187441187326783e+01,0.000000000000000000e+00
2.116688738633611777e+01,0.000000000000000000e+00
2.177036783963682964e+01,0.000000000000000000e+00
2.209198212611291723e+01,0.000000000000000000e+00
2.313811035506062552e+01,0.000000000000000000e+00
1.888710987478605574e+01,0.000000000000000000e+00
2.584274696871332466e+01,0.000000000000000000e+00
2.297979899154506001e+01,0.000000000000000000e+00
2.341735767571529436e+01,0.000000000000000000e+00
2.083815128470016731e+01,0.000000000000000000e+00
2.297958101682650423e+01,0.000000000000000000e+00
2.103403772501674496e+01,0.000000000000000000e+00
2.305880552780385173e+01,0.000000000000000000e+00
2.000057052818024417e+01,0.000000000000000000e+00
1.992040057038311218e+01,0.000000000000000000e+00
2.136143259350150103e+01,0.000000000000000000e+00
2.367753068083948165e+01,0.000000000000000000e+00
1.976898505732190969e+01,0.000000000000000000e+00
1.888703922390448398e+01,0.000000000000000000e+00
2.245360461176425559e+01,0.000000000000000000e+00
1.696994563363774944e+01,0.000000000000000000e+00
2.230860588861869331e+01,0.000000000000000000e+00
2.040958704784323530e+01,0.000000000000000000e+00
2.245501843770655981e+01,0.000000000000000000e+00
1.388747783345161935e+01,0.000000000000000000e+00
2.287444328953021966e+01,0.000000000000000000e+00
2.161031686076369240e+01,0.000000000000000000e+00
2.064737492957626586e+01,0.000000000000000000e+00
2.043809735747699818e+01,0.000000000000000000e+00
1.790504131909388263e+01,0.000000000000000000e+00
2.190111269434197538e+01,0.000000000000000000e+00
1.966043705986261969e+01,0.000000000000000000e+00
2.025965778758276414e+01,0.000000000000000000e+00
1.803367795601723955e+01,0.000000000000000000e+00
1.808725293561808556e+01,0.000000000000000000e+00
2.142074536118466099e+01,0.000000000000000000e+00
2.042444232283493122e+01,0.000000000000000000e+00
1.902505079933207099e+01,0.000000000000000000e+00
1.896661723267364152e+01,0.000000000000000000e+00
1.910281369738497403e+01,0.000000000000000000e+00
1.492240621604149453e+01,0.000000000000000000e+00
1.995324967315540476e+01,0.000000000000000000e+00
2.209038261409819270e+01,0.000000000000000000e+00
2.632679488575176308e+01,0.000000000000000000e+00
2.010022085296543537e+01,0.000000000000000000e+00
2.322005486386562012e+01,0.000000000000000000e+00
2.175790397971666223e+01,0.000000000000000000e+00
1.775114336863208564e+01,0.000000000000000000e+00
2.179130570159871283e+01,0.000000000000000000e+00
2.010068769193153670e+01,0.000000000000000000e+00
2.311768262230511439e+01,0.000000000000000000e+00
2.294037577335880229e+01,0.000000000000000000e+00
1.720855708393198213e+01,0.000000000000000000e+00
2.104130946545324932e+01,0.000000000000000000e+00
1.829996389199566664e+01,0.000000000000000000e+00
2.116813228812736725e+01,0.000000000000000000e+00
2.333130830016405355e+01,0.000000000000000000e+00
2.123672793437513562e+01,0.000000000000000000e+00
1.779957075072431394e+01,0.000000000000000000e+00
2.372765728207597036e+01,0.000000000000000000e+00
1.860823042140401640e+01,0.000000000000000000e+00
2.321159772270148025e+01,0.000000000000000000e+00
1.926941604102862726e+01,0.000000000000000000e+00
1.746520297908774566e+01,0.000000000000000000e+00
2.121458689215452509e+01,0.000000000000000000e+00
2.110588272080738648e+01,0.000000000000000000e+00
1.829861529618042937e+01,0.000000000000000000e+00
1.939503343361944232e+01,0.000000000000000000e+00
1.800522888123422760e+01,0.000000000000000000e+00
2.114252421592279063e+01,0.000000000000000000e+00
2.163995098292681973e+01,0.000000000000000000e+00
2.009378488794343909e+01,0.000000000000000000e+00
2.321545418872977962e+01,0.000000000000000000e+00
2.274311079681202585e+01,0.000000000000000000e+00
1.859619346951626184e+01,0.000000000000000000e+00
2.187336724868472970e+01,0.000000000000000000e+00
2.012593796288637904e+01,0.000000000000000000e+00
2.228046372554522492e+01,0.000000000000000000e+00
2.013798566347099950e+01,0.000000000000000000e+00
2.528093164382129032e+01,0.000000000000000000e+00
1.803953276405861672e+01,0.000000000000000000e+00
2.076557721587029093e+01,0.000000000000000000e+00
2.055163843756900022e+01,0.000000000000000000e+00
1.829053125775175204e+01,0.000000000000000000e+00
1.753946115873997513e+01,0.000000000000000000e+00
1.547880751791543474e+01,0.000000000000000000e+00
2.009318118127360719e+01,0.000000000000000000e+00
2.119899575286142479e+01,0.000000000000000000e+00
2.148979563013368121e+01,0.000000000000000000e+00
1.714349399677445618e+01,0.000000000000000000e+00
1.967868148412657092e+01,0.000000000000000000e+00
1.890425386761803139e+01,0.000000000000000000e+00
1.851618579002672504e+01,0.000000000000000000e+00
1.696577313037584389e+01,0.000000000000000000e+00
2.112972209939850643e+01,0.000000000000000000e+00
1.828461128372852684e+01,0.000000000000000000e+00
1.763235177027379308e+01,0.000000000000000000e+00
1.812261898169641228e+01,0.000000000000000000e+00
1.913857843359008370e+01,0.000000000000000000e+00
1.861008604032822689e+01,0.000000000000000000e+00
2.293729575870962734e+01,0.000000000000000000e+00
2.384321522217383205e+01,0.000000000000000000e+00
2.249718716321570255e+01,0.000000000000000000e+00
2.048276907150643211e+01,0.000000000000000000e+00
1.676773442414663862e+01,0.000000000000000000e+00
1.844899281422267734e+01,0.000000000000000000e+00
2.374598184883468832e+01,0.000000000000000000e+00
1.846181619974380084e+01,0.000000000000000000e+00
1.923334262820880625e+01,0.000000000000000000e+00
2.472023028751306128e+01,0.000000000000000000e+00
2.268394680780467354e+01,0.000000000000000000e+00
1.942372638794435247e+01,0.000000000000000000e+00
2.193857386770998019e+01,0.000000000000000000e+00
1.832595239139311261e+01,0.000000000000000000e+00
2.128378848156738812e+01,0.000000000000000000e+00
2.013061698922781062e+01,0.000000000000000000e+00
1.827560998263654568e+01,0.000000000000000000e+00
1.986789636080244392e+01,0.000000000000000000e+00
2.143112970209799428e+01,0.000000000000000000e+00
2.110883686339496990e+01,0.000000000000000000e+00
2.089216258684318817e+01,0.000000000000000000e+00
1.955507347814803509e+01,0.000000000000000000e+00
1.931186504083500211e+01,0.000000000000000000e+00
2.000331408265539324e+01,0.000000000000000000e+00
2.004718769098148812e+01,0.000000000000000000e+00
2.174653795832980663e+01,0.000000000000000000e+00
1.992287338414257292e+01,0.000000000000000000e+00
1.509082992002625900e+01,0.000000000000000000e+00
2.397587085302037124e+01,0.000000000000000000e+00
2.041016193667747558e+01,0.000000000000000000e+00
2.122529313918906979e+01,0.000000000000000000e+00
1.958259894594374018e+01,0.000000000000000000e+00
1.776684941734485079e+01,0.000000000000000000e+00
1.951792140309196810e+01,0.000000000000000000e+00
1.588002030276899745e+01,0.000000000000000000e+00
1.969967474457089196e+01,0.000000000000000000e+00
2.076656829961148176e+01,0.000000000000000000e+00
1.798260248232003633e+01,0.000000000000000000e+00
1.828687042058128398e+01,0.000000000000000000e+00
1.960725262433973981e+01,0.000000000000000000e+00
2.179480485576894466e+01,0.000000000000000000e+00
1.908011053438249149e+01,0.000000000000000000e+00
2.049978697312692333e+01,0.000000000000000000e+00
2.209934007509135157e+01,0.000000000000000000e+00
1.970837768921485278e+01,0.000000000000000000e+00
2.342395148842915020e+01,0.000000000000000000e+00
2.052579882034669723e+01,0.000000000000000000e+00
2.124887902357844283e+01,0.000000000000000000e+00
2.270753553698024874e+01,0.000000000000000000e+00
2.095111205082421790e+01,0.000000000000000000e+00
2.042692593928786238e+01,0.000000000000000000e+00
1.815516796293197643e+01,0.000000000000000000e+00
2.253921238090008927e+01,0.000000000000000000e+00
1.959994720354866971e+01,0.000000000000000000e+00
2.055446697806840461e+01,0.000000000000000000e+00
1.463176157102986252e+01,0.000000000000000000e+00
1.630967117336463090e+01,0.000000000000000000e+00
2.239406905108718604e+01,0.000000000000000000e+00
2.123456232841023095e+01,0.000000000000000000e+00
1.683642429229444559e+01,0.000000000000000000e+00
2.202018738265189768e+01,0.000000000000000000e+00
2.222719477744101013e+01,0.000000000000000000e+00
2.278909620370626143e+01,0.000000000000000000e+00
2.031183910444663354e+01,0.000000000000000000e+00
1.867151361304596335e+01,0.000000000000000000e+00
1.928543746608011134e+01,0.000000000000000000e+00
2.003466362646234700e+01,0.000000000000000000e+00
2.115179675015474814e+01,0.000000000000000000e+00
2.138211790826653314e+01,0.000000000000000000e+00
1.958650612586567519e+01,0.000000000000000000e+00
2.272268877027991252e+01,0.000000000000000000e+00
1.679260051373267970e+01,0.000000000000000000e+00
1.981594893408594871e+01,0.000000000000000000e+00
2.068912053837717835e+01,0.000000000000000000e+00
2.252415346154510445e+01,0.000000000000000000e+00
2.142304118586788775e+01,0.000000000000000000e+00
1.690955763590924832e+01,0.000000000000000000e+00
1.904875217315260727e+01,0.000000000000000000e+00
1.606812650703337653e+01,0.000000000000000000e+00
1.884224938757443724e+01,0.000000000000000000e+00
1.810825001024724301e+01,0.000000000000000000e+00
1.987426938202640159e+01,0.000000000000000000e+00
1.900860154822543180e+01,0.000000000000000000e+00
1.857422467248817810e+01,0.000000000000000000e+00
1.724538314904284064e+01,0.000000000000000000e+00
1.831617323610392845e+01,0.000000000000000000e+00
2.273757453620201829e+01,0.000000000000000000e+00
2.121104864850169491e+01,0.000000000000000000e+00
2.261751456738994648e+01,0.000000000000000000e+00
1.960354175114514064e+01,0.000000000000000000e+00
1.844915346843485793e+01,0.000000000000000000e+00
2.533812323735591221e+01,0.000000000000000000e+00
1.932421211478772705e+01,0.000000000000000000e+00
1.903644541881043395e+01,0.000000000000000000e+00
1.991054530805459066e+01,0.000000000000000000e+00
2.305805251191830152e+01,0.000000000000000000e+00
2.182714288844721295e+01,0.000000000000000000e+00
1.995254452085059071e+01,0.000000000000000000e+00
2.168599537465871308e+01,0.000000000000000000e+00
2.402780092562296943e+01,0.000000000000000000e+00
2.124736622910613448e+01,0.000000000000000000e+00
2.331079096305166587e+01,0.000000000000000000e+00
1.788505287290502821e+01,0.000000000000000000e+00
2.182698151805782061e+01,0.000000000000000000e+00
2.114324124260643600e+01,0.000000000000000000e+00
2.052476191665331839e+01,0.000000000000000000e+00
1.861163596824660971e+01,0.000000000000000000e+00
2.308536425949275284e+01,0.000000000000000000e+00
2.240836976664641966e+01,0.000000000000000000e+00
1.930775627235735925e+01,0.000000000000000000e+00
2.088860433943759887e+01,0.000000000000000000e+00
2.184888908848451550e+01,0.000000000000000000e+00
2.208796487539583708e+01,0.000000000000000000e+00
2.190966458509462811e+01,0.000000000000000000e+00
2.223183727344184746e+01,0.000000000000000000e+00
2.243619746138350024e+01,0.000000000000000000e+00
1.736049435283405273e+01,0.000000000000000000e+00
2.034162007646096271e+01,0.000000000000000000e+00
1.991390775262994239e+01,0.000000000000000000e+00
2.089868830991787618e+01,0.000000000000000000e+00
2.241898759732114854e+01,0.000000000000000000e+00
1.702782460747816984e+01,0.000000000000000000e+00
2.159186427335463421e+01,0.000000000000000000e+00
2.022419475793021704e+01,0.000000000000000000e+00
2.593334672498228599e+01,0.000000000000000000e+00
2.534796756289953379e+01,0.000000000000000000e+00
2.070920060309758881e+01,0.000000000000000000e+00
2.202660563207625799e+01,0.000000000000000000e+00
1.786577646939833741e+01,0.000000000000000000e+00
2.149079915796802354e+01,0.000000000000000000e+00
1.947831343796162429e+01,0.000000000000000000e+00
1.926039177725433404e+01,0.000000000000000000e+00
2.192039535547378293e+01,0.000000000000000000e+00
2.269647393411872827e+01,0.000000000000000000e+00
2.144251185913877578e+01,0.000000000000000000e+00
2.352325756026424841e+01,0.000000000000000000e+00
2.164922063165561639e+01,0.000000000000000000e+00
1.652693953094142287e+01,0.000000000000000000e+00
2.126157913912743069e+01,0.000000000000000000e+00
2.083454583464892806e+01,0.000000000000000000e+00
2.310554452980560924e+01,0.000000000000000000e+00
2.085315736378153062e+01,0.000000000000000000e+00
2.098839559825375289e+01,0.000000000000000000e+00
2.275730552820422403e+01,0.000000000000000000e+00
1.928903361153631479e+01,0.000000000000000000e+00
2.036214670965020446e+01,0.000000000000000000e+00
1.907003684229968599e+01,0.000000000000000000e+00
1.929740055496932882e+01,0.000000000000000000e+00
2.038987386063602258e+01,0.000000000000000000e+00
2.361138312933094596e+01,0.000000000000000000e+00
1.915069262639073600e+01,0.000000000000000000e+00
2.249603377389512460e+01,0.000000000000000000e+00
2.177387715014987890e+01,0.000000000000000000e+00
2.542498716417498272e+01,0.000000000000000000e+00
2.016554542235719794e+01,0.000000000000000000e+00
2.184323002916520906e+01,0.000000000000000000e+00
2.008574223895832489e+01,0.000000000000000000e+00
1.977358200542285260e+01,0.000000000000000000e+00
1.960869050701761296e+01,0.000000000000000000e+00
2.019402573132432366e+01,0.000000000000000000e+00
2.000248205485427277e+01,0.000000000000000000e+00
2.379845414450256769e+01,0.000000000000000000e+00
2.481207637579593950e+01,0.000000000000000000e+00
1.836370397096461105e+01,0.000000000000000000e+00
1.845967060818867012e+01,0.000000000000000000e+00
2.293330976460990911e+01,0.000000000000000000e+00
2.433696503889806095e+01,0.000000000000000000e+00
1.830938175921503230e+01,0.000000000000000000e+00
1.954585329818322492e+01,0.000000000000000000e+00
2.138135023466342588e+01,0.000000000000000000e+00
2.065148357477898244e+01,0.000000000000000000e+00
1.969024228269475785e+01,0.000000000000000000e+00
2.481433393824750766e+01,0.000000000000000000e+00
2.229947672695190519e+01,0.000000000000000000e+00
2.193905762991388286e+01,0.000000000000000000e+00
2.454135145513069105e+01,0.000000000000000000e+00
2.040421674602322355e+01,0.000000000000000000e+00
2.482461706296223269e+01,0.000000000000000000e+00
2.487986982047551621e+01,0.000000000000000000e+00
1.830449784832850924e+01,0.000000000000000000e+00
2.422296089157883969e+01,0.000000000000000000e+00
2.206579501149050415e+01,0.000000000000000000e+00
2.166332864924625312e+01,0.000000000000000000e+00
2.423223123268446244e+01,0.000000000000000000e+00
2.363905388033541399e+01,0.000000000000000000e+00
2.499880779866177249e+01,0.000000000000000000e+00
2.086179011442505882e+01,0.000000000000000000e+00
2.414101720901991044e+01,0.000000000000000000e+00
2.271711829940879213e+01,0.000000000000000000e+00
2.203327367369051260e+01,0.000000000000000000e+00
2.339549466356448448e+01,0.000000000000000000e+00
2.621301623047604323e+01,0.000000000000000000e+00
2.171786609262172263e+01,0.000000000000000000e+00
2.652006132127392846e+01,0.000000000000000000e+00
2.396205044338854862e+01,0.000000000000000000e+00
1.996626408057412760e+01,0.000000000000000000e+00
1.828356982362845429e+01,0.000000000000000000e+00
2.387251414092718349e+01,0.000000000000000000e+00
2.042408743211029787e+01,0.000000000000000000e+00
2.245662795706531867e+01,0.000000000000000000e+00
2.568353355427376528e+01,0.000000000000000000e+00
2.407184869547612038e+01,0.000000000000000000e+00
2.405572953814827031e+01,0.000000000000000000e+00
2.613537560724313380e+01,0.000000000000000000e+00
2.161165318141638636e+01,0.000000000000000000e+00
2.325314106702879613e+01,0.000000000000000000e+00
2.111610619152440549e+01,0.000000000000000000e+00
2.309620140817449752e+01,0.000000000000000000e+00
2.589304456794858922e+01,0.000000000000000000e+00
2.067512313027977555e+01,0.000000000000000000e+00
2.106557673327053593e+01,0.000000000000000000e+00
2.460242849222634476e+01,0.000000000000000000e+00
1.871178996511205739e+01,0.000000000000000000e+00
2.279197562113770914e+01,0.000000000000000000e+00
2.025254333546528684e+01,0.000000000000000000e+00
2.573912501990124113e+01,0.000000000000000000e+00
2.496285276976580647e+01,0.000000000000000000e+00
2.247569426478015586e+01,0.000000000000000000e+00
2.567855029692519864e+01,0.000000000000000000e+00
2.480368909526304222e+01,0.000000000000000000e+00
2.190840924605552686e+01,0.000000000000000000e+00
2.545234828513381942e+01,0.000000000000000000e+00
2.391574106740764805e+01,0.000000000000000000e+00
2.239202143202786033e+01,0.000000000000000000e+00
1.976367729531938267e+01,0.000000000000000000e+00
2.420419196264023753e+01,0.000000000000000000e+00
2.539353761782826169e+01,0.000000000000000000e+00
2.405962749732541539e+01,0.000000000000000000e+00
2.210437563467795741e+01,0.000000000000000000e+00
2.446530538110729935e+01,0.000000000000000000e+00
2.209178977715014014e+01,0.000000000000000000e+00
2.410431835426980385e+01,0.000000000000000000e+00
2.635980498104472503e+01,0.000000000000000000e+00
2.603632865501435134e+01,0.000000000000000000e+00
2.676171934480900916e+01,0.000000000000000000e+00
2.586539804085045446e+01,0.000000000000000000e+00
2.681354683723975540e+01,0.000000000000000000e+00
2.743718107559622510e+01,0.000000000000000000e+00
2.423646015088776551e+01,0.000000000000000000e+00
2.405120928039115569e+01,0.000000000000000000e+00
2.199352893338571135e+01,0.000000000000000000e+00
2.582774796506726389e+01,0.000000000000000000e+00
2.342067209922459625e+01,0.000000000000000000e+00
2.308469276382075108e+01,0.000000000000000000e+00
2.638328840643115569e+01,0.000000000000000000e+00
2.335273002126929143e+01,0.000000000000000000e+00
2.502027654534730061e+01,0.000000000000000000e+00
2.556151082611598113e+01,0.000000000000000000e+00
2.386018404318392072e+01,0.000000000000000000e+00
2.341085309636279632e+01,0.000000000000000000e+00
2.601116788071455588e+01,0.000000000000000000e+00
2.724540286679327039e+01,0.000000000000000000e+00
2.677049207001208941e+01,0.000000000000000000e+00
2.161826067755868763e+01,0.000000000000000000e+00
2.530486619587228958e+01,0.000000000000000000e+00
2.514596161257491147e+01,0.000000000000000000e+00
2.365394991315618256e+01,0.000000000000000000e+00
2.761952638203731425e+01,0.000000000000000000e+00
2.320503190171456964e+01,0.000000000000000000e+00
2.609078657133311552e+01,0.000000000000000000e+00
2.587128614473748911e+01,0.000000000000000000e+00
2.406525863336324988e+01,0.000000000000000000e+00
2.418401109304808116e+01,0.000000000000000000e+00
2.672948532519849962e+01,0.000000000000000000e+00
2.326235999159481693e+01,0.000000000000000000e+00
2.523184338013218664e+01,0.000000000000000000e+00
3.028813782590857073e+01,0.000000000000000000e+00
2.245103438914906491e+01,0.000000000000000000e+00
2.075543846499397560e+01,0.000000000000000000e+00
2.487242018594873016e+01,0.000000000000000000e+00
3.072992330432649766e+01,0.000000000000000000e+00
2.614382931695995538e+01,0.000000000000000000e+00
2.584650118248101336e+01,0.000000000000000000e+00
2.886397187661309260e+01,0.000000000000000000e+00
2.599999834548668076e+01,0.000000000000000000e+00
2.540136426407319803e+01,0.000000000000000000e+00
2.543952159893584408e+01,0.000000000000000000e+00
2.498218571978883062e+01,0.000000000000000000e+00
2.646048499216880145e+01,0.000000000000000000e+00
2.831840030455387591e+01,0.000000000000000000e+00
2.505436764330942623e+01,0.000000000000000000e+00
2.514639683950904825e+01,0.000000000000000000e+00
2.755956961517811621e+01,0.000000000000000000e+00
2.838462007243606422e+01,0.000000000000000000e+00
2.382251078202029149e+01,0.000000000000000000e+00
2.991874177500065812e+01,0.000000000000000000e+00
2.603770908466233891e+01,0.000000000000000000e+00
2.812762665377805149e+01,0.000000000000000000e+00
2.825709545962186553e+01,0.000000000000000000e+00
2.621596398390936855e+01,0.000000000000000000e+00
2.829292378252018025e+01,0.000000000000000000e+00
2.900472371363463964e+01,0.000000000000000000e+00
2.799329066287481993e+01,0.000000000000000000e+00
2.549174813350485636e+01,0.000000000000000000e+00
3.147075991233130310e+01,0.000000000000000000e+00
3.029454300091028784e+01,0.000000000000000000e+00
2.586537041539498105e+01,0.000000000000000000e+00
2.704094601150176658e+01,0.000000000000000000e+00
3.364848366216377684e+01,0.000000000000000000e+00
3.009169310736142577e+01,0.000000000000000000e+00
2.775613568942747378e+01,0.000000000000000000e+00
2.873107727282981116e+01,0.000000000000000000e+00
3.036162960326375426e+01,0.000000000000000000e+00
3.109223428923109012e+01,0.000000000000000000e+00
2.910568761610877786e+01,0.000000000000000000e+00
3.012157811340794211e+01,0.000000000000000000e+00
2.595728521804590372e+01,0.000000000000000000e+00
2.570936904424814529e+01,0.000000000000000000e+00
2.883876354835427946e+01,0.000000000000000000e+00
2.948854044441785405e+01,0.000000000000000000e+00
3.221250092717396996e+01,0.000000000000000000e+00
2.754181996794254417e+01,0.000000000000000000e+00
2.828975395132249560e+01,0.000000000000000000e+00
2.970290480332478467e+01,0.000000000000000000e+00
3.149953532937523448e+01,0.000000000000000000e+00
2.704711751524056140e+01,0.000000000000000000e+00
2.875712027954998007e+01,0.000000000000000000e+00
2.688904247192097685e+01,0.000000000000000000e+00
2.933270399462213618e+01,0.000000000000000000e+00
3.088339812847264554e+01,0.000000000000000000e+00
2.982054520663267638e+01,0.000000000000000000e+00
2.754367040759076346e+01,0.000000000000000000e+00
3.572933438900760450e+01,0.000000000000000000e+00
3.054690141493864530e+01,0.000000000000000000e+00
2.837053599529819081e+01,0.000000000000000000e+00
3.039628069830108714e+01,0.000000000000000000e+00
3.317342984221970426e+01,0.000000000000000000e+00
2.926868788991234993e+01,0.000000000000000000e+00
3.026976503091207960e+01,0.000000000000000000e+00
2.945968412942939452e+01,0.000000000000000000e+00
3.194282500154182358e+01,0.000000000000000000e+00
3.107148692434324389e+01,0.000000000000000000e+00
2.743001872116157003e+01,0.000000000000000000e+00
2.714019554429874859e+01,0.000000000000000000e+00
2.983836901669193153e+01,0.000000000000000000e+00
3.106151128254510496e+01,0.000000000000000000e+00
2.933194481665443476e+01,0.000000000000000000e+00
2.897034860284826507e+01,0.000000000000000000e+00
3.233618873951071038e+01,0.000000000000000000e+00
3.112561391956782941e+01,0.000000000000000000e+00
3.130816607281047581e+01,0.000000000000000000e+00
3.172504289918964915e+01,0.000000000000000000e+00
3.127336501056711171e+01,0.000000000000000000e+00
3.092602185552399163e+01,0.000000000000000000e+00
2.878390051901561719e+01,0.000000000000000000e+00
2.838830010445236951e+01,0.000000000000000000e+00
2.797112835900627204e+01,0.000000000000000000e+00
2.973906053699325724e+01,0.000000000000000000e+00
3.245628851422574712e+01,0.000000000000000000e+00
2.641066156422143152e+01,0.000000000000000000e+00
3.359254368841009608e+01,0.000000000000000000e+00
3.568888759605044925e+01,0.000000000000000000e+00
3.323751044861978698e+01,0.000000000000000000e+00
3.169953419679649187e+01,0.000000000000000000e+00
2.923788871547115065e+01,0.000000000000000000e+00
2.664446133727192034e+01,0.000000000000000000e+00
3.294794749033725623e+01,0.000000000000000000e+00
3.164471260266084585e+01,0.000000000000000000e+00
3.266297159372460612e+01,0.000000000000000000e+00
3.459874585271423086e+01,0.000000000000000000e+00
3.283301014032657861e+01,0.000000000000000000e+00
3.171615489898319495e+01,0.000000000000000000e+00
3.131362590569246862e+01,0.000000000000000000e+00
3.385770308970907649e+01,0.000000000000000000e+00
3.408176461763636667e+01,0.000000000000000000e+00
3.145647935675523144e+01,0.000000000000000000e+00
2.940513850433149656e+01,0.000000000000000000e+00
3.263686579482880035e+01,0.000000000000000000e+00
3.198531747329117181e+01,0.000000000000000000e+00
3.257602388972983931e+01,0.000000000000000000e+00
3.069305248809909870e+01,0.000000000000000000e+00
3.582880063538055992e+01,0.000000000000000000e+00
3.576931812127703836e+01,0.000000000000000000e+00
3.381133860464333196e+01,0.000000000000000000e+00
3.505701197047584827e+01,0.000000000000000000e+00
3.193271015243337274e+01,0.000000000000000000e+00
3.362352594443351705e+01,0.000000000000000000e+00
3.330384322890709115e+01,0.000000000000000000e+00
3.182509161890811100e+01,0.000000000000000000e+00
3.117465879868281320e+01,0.000000000000000000e+00
3.403901521903726746e+01,0.000000000000000000e+00
3.513573276999485984e+01,0.000000000000000000e+00
3.103998822002851554e+01,0.000000000000000000e+00
3.191763787837060562e+01,0.000000000000000000e+00
3.306623182628183599e+01,0.000000000000000000e+00
3.237036557777621226e+01,0.000000000000000000e+00
3.211421779244611940e+01,0.000000000000000000e+00
3.355197760268644913e+01,0.000000000000000000e+00
3.141931127279604752e+01,0.000000000000000000e+00
3.518773694131774477e+01,0.000000000000000000e+00
3.217968666089854679e+01,0.000000000000000000e+00
3.626118151456592642e+01,0.000000000000000000e+00
3.444436540123553669e+01,0.000000000000000000e+00
3.445095986003421729e+01,0.000000000000000000e+00
3.701083168372415599e+01,0.000000000000000000e+00
3.420333473500063093e+01,0.000000000000000000e+00
3.720961419925362179e+01,0.000000000000000000e+00
3.426205969513397775e+01,0.000000000000000000e+00
3.225008098661283640e+01,0.000000000000000000e+00
3.453396597603772733e+01,0.000000000000000000e+00
3.847599392400215379e+01,0.000000000000000000e+00
3.510648914078701921e+01,0.000000000000000000e+00
3.083707436802812651e+01,0.000000000000000000e+00
3.250763349190510354e+01,0.000000000000000000e+00
3.533543371414209844e+01,0.000000000000000000e+00
3.330070498920549937e+01,0.000000000000000000e+00
3.786375831223809740e+01,0.000000000000000000e+00
3.159668973467170972e+01,0.000000000000000000e+00
3.729685414881677730e+01,0.000000000000000000e+00
3.699460296217365141e+01,0.000000000000000000e+00
3.290834093382353842e+01,0.000000000000000000e+00
3.128023942154197101e+01,0.000000000000000000e+00
3.503847627283097665e+01,0.000000000000000000e+00
3.323835548913164928e+01,0.000000000000000000e+00
3.333306056248265747e+01,0.000000000000000000e+00
3.679664859287792922e+01,0.000000000000000000e+00
3.430126304406397963e+01,0.000000000000000000e+00
3.607891332055830702e+01,0.000000000000000000e+00
3.556108335544852395e+01,0.000000000000000000e+00
3.286589175414817277e+01,0.000000000000000000e+00
4.255800994748706501e+01,0.000000000000000000e+00
3.574920087069807551e+01,0.000000000000000000e+00
3.188848121047305995e+01,0.000000000000000000e+00
3.706773629350824706e+01,0.000000000000000000e+00
3.553617716080060518e+01,0.000000000000000000e+00
3.491650113978996472e+01,0.000000000000000000e+00
3.718802761287206948e+01,0.000000000000000000e+00
3.816327579944638870e+01,0.000000000000000000e+00
3.621956937561368761e+01,0.000000000000000000e+00
3.457773955963460821e+01,0.000000000000000000e+00
3.716059936814348674e+01,0.000000000000000000e+00
3.406191917223206644e+01,0.000000000000000000e+00
3.611674907892398068e+01,0.000000000000000000e+00
3.842655003434324357e+01,0.000000000000000000e+00
3.713198218349081969e+01,0.000000000000000000e+00
3.487558320573562298e+01,0.000000000000000000e+00
3.883407494306070618e+01,0.000000000000000000e+00
3.536280265613878981e+01,0.000000000000000000e+00
3.283600234151516872e+01,0.000000000000000000e+00
3.298608339399667955e+01,0.000000000000000000e+00
3.457152176345071837e+01,0.000000000000000000e+00
3.478554032528659690e+01,0.000000000000000000e+00
3.574224877227721464e+01,0.000000000000000000e+00
3.951375067324536161e+01,0.000000000000000000e+00
3.690374553151335846e+01,0.000000000000000000e+00
4.171161055307437948e+01,0.000000000000000000e+00
3.694835522078279411e+01,0.000000000000000000e+00
3.677927624386889249e+01,0.000000000000000000e+00
3.860028860266714901e+01,0.000000000000000000e+00
3.628776260453074798e+01,0.000000000000000000e+00
4.287678606124213587e+01,0.000000000000000000e+00
4.109021796973351570e+01,0.000000000000000000e+00
3.978600650690825802e+01,0.000000000000000000e+00
3.758433027031392726e+01,0.000000000000000000e+00
3.782054002178685437e+01,0.000000000000000000e+00
3.970440238493505092e+01,0.000000000000000000e+00
4.128693785300012564e+01,0.000000000000000000e+00
3.637215434799249181e+01,0.000000000000000000e+00
3.863692601734904031e+01,0.000000000000000000e+00
3.716206811070466642e+01,0.000000000000000000e+00
3.572977218961663937e+01,0.000000000000000000e+00
4.048680141454406822e+01,0.000000000000000000e+00
3.777178938451473300e+01,0.000000000000000000e+00
3.386131576561341205e+01,0.000000000000000000e+00
4.358301769413794347e+01,0.000000000000000000e+00
4.544100619366355431e+01,0.000000000000000000e+00
3.926905274541648794e+01,0.000000000000000000e+00
3.657457935738146659e+01,0.000000000000000000e+00
3.986048070191341708e+01,0.000000000000000000e+00
3.766050052364814604e+01,0.000000000000000000e+00
4.183633270556504868e+01,0.000000000000000000e+00
4.014939435585267802e+01,0.000000000000000000e+00
4.034143253606941926e+01,0.000000000000000000e+00
3.937865120848331912e+01,0.000000000000000000e+00
4.013352494552736260e+01,0.000000000000000000e+00
4.066367633798462577e+01,0.000000000000000000e+00
3.951636332705911059e+01,0.000000000000000000e+00
4.034077774749568590e+01,0.000000000000000000e+00
4.088716315206445984e+01,0.000000000000000000e+00
4.043006306612187473e+01,0.000000000000000000e+00
3.929955439552696816e+01,0.000000000000000000e+00
3.754527829783607729e+01,0.000000000000000000e+00
4.186550822241370895e+01,0.000000000000000000e+00
4.077182668898037576e+01,0.000000000000000000e+00
3.878272173864060335e+01,0.000000000000000000e+00
3.468631992004784337e+01,0.000000000000000000e+00
4.381058273865243535e+01,0.000000000000000000e+00
4.034283396745767902e+01,0.000000000000000000e+00
3.958808904828767083e+01,0.000000000000000000e+00
4.228976525406188358e+01,0.000000000000000000e+00
4.068676880069436663e+01,0.000000000000000000e+00
4.412723201800488937e+01,0.000000000000000000e+00
4.053654036843658304e+01,0.000000000000000000e+00
3.838446021388607932e+01,0.000000000000000000e+00
4.073174813961217211e+01,0.000000000000000000e+00
3.845167066624718899e+01,0.000000000000000000e+00
4.035227467406042479e+01,0.000000000000000000e+00
3.872255794376798832e+01,0.000000000000000000e+00
4.418200567344202057e+01,0.000000000000000000e+00
4.125826562992905622e+01,0.000000000000000000e+00
4.188662064258972606e+01,0.000000000000000000e+00
4.379050042045255253e+01,0.000000000000000000e+00
3.759798683473387371e+01,0.000000000000000000e+00
4.428675633929041311e+01,0.000000000000000000e+00
4.476923866578952982e+01,0.000000000000000000e+00
4.728689752460648066e+01,0.000000000000000000e+00
4.107742149948953170e+01,0.000000000000000000e+00
4.321669821985222626e+01,0.000000000000000000e+00
4.496382139708179437e+01,0.000000000000000000e+00
3.967510475909845269e+01,0.000000000000000000e+00
4.362522304720727107e+01,0.000000000000000000e+00
4.635892898087773517e+01,0.000000000000000000e+00
4.201109472508493781e+01,0.000000000000000000e+00
4.254746115927208905e+01,0.000000000000000000e+00
4.431643345466424933e+01,0.000000000000000000e+00
4.630175334232662721e+01,0.000000000000000000e+00
4.379247596260569964e+01,0.000000000000000000e+00
4.330633111766006493e+01,0.000000000000000000e+00
4.426832773788164133e+01,0.000000000000000000e+00
4.203743443714255079e+01,0.000000000000000000e+00
4.114214285140990768e+01,0.000000000000000000e+00
4.498608213186743399e+01,0.000000000000000000e+00
4.117941083339734831e+01,0.000000000000000000e+00
4.263197425341689240e+01,0.000000000000000000e+00
4.441277563790648486e+01,0.000000000000000000e+00
4.817689964705918015e+01,0.000000000000000000e+00
4.232610214364461143e+01,0.000000000000000000e+00
4.167592974005179229e+01,0.000000000000000000e+00
4.324080420224994725e+01,0.000000000000000000e+00
4.610079911070563696e+01,0.000000000000000000e+00
4.692147975253805470e+01,0.000000000000000000e+00
4.521774139172141815e+01,0.000000000000000000e+00
4.462157886096790094e+01,0.000000000000000000e+00
4.411947808310610952e+01,0.000000000000000000e+00
4.479815191047809719e+01,0.000000000000000000e+00
4.238315067798552604e+01,0.000000000000000000e+00
4.682543159605161520e+01,0.000000000000000000e+00
4.575548467353773674e+01,0.000000000000000000e+00
4.777895540878871117e+01,0.000000000000000000e+00
4.572545885402889354e+01,0.000000000000000000e+00
4.597740591869750659e+01,0.000000000000000000e+00
4.531390038851503022e+01,0.000000000000000000e+00
4.355662633661004435e+01,0.000000000000000000e+00
4.398567102625997904e+01,0.000000000000000000e+00
4.447277967949136013e+01,0.000000000000000000e+00
4.725177346179887650e+01,0.000000000000000000e+00
4.631211592550828016e+01,0.000000000000000000e+00
4.467347743641652613e+01,0.000000000000000000e+00
4.682294484070597207e+01,0.000000000000000000e+00
4.524765333097302289e+01,0.000000000000000000e+00
4.279986531545160489e+01,0.000000000000000000e+00
4.632403334178241749e+01,0.000000000000000000e+00
4.891169215478628018e+01,0.000000000000000000e+00
4.773320556472653919e+01,0.000000000000000000e+00
4.565630633821479023e+01,0.000000000000000000e+00
4.767738102977406811e+01,0.000000000000000000e+00
4.904648152574180386e+01,0.000000000000000000e+00
4.465137755716934009e+01,0.000000000000000000e+00
4.831443831685439250e+01,0.000000000000000000e+00
4.651673765032235508e+01,0.000000000000000000e+00
4.789196974634064929e+01,0.000000000000000000e+00
4.677385234214469278e+01,0.000000000000000000e+00
4.587926241008969441e+01,0.000000000000000000e+00
4.841480157800939566e+01,0.000000000000000000e+00
4.767660729896161342e+01,0.000000000000000000e+00
4.705910211729514714e+01,0.000000000000000000e+00
4.703130400849966009e+01,0.000000000000000000e+00
5.182577678300076229e+01,0.000000000000000000e+00
4.588695743330941923e+01,0.000000000000000000e+00
4.889748739585314752e+01,0.000000000000000000e+00
4.546547582310130053e+01,0.000000000000000000e+00
4.898168514362484416e+01,0.000000000000000000e+00
4.882471426695049388e+01,0.000000000000000000e+00
4.870505801228711817e+01,0.000000000000000000e+00
4.899198641464939641e+01,0.000000000000000000e+00
4.550499431411808615e+01,0.000000000000000000e+00
4.643287817913437721e+01,0.000000000000000000e+00
5.143695388419197201e+01,0.000000000000000000e+00
4.655581278403040812e+01,0.000000000000000000e+00
4.988902581936741853e+01,0.000000000000000000e+00
5.105336864403307118e+01,0.000000000000000000e+00
4.977586841818511232e+01,0.000000000000000000e+00
4.768807560623422148e+01,0.000000000000000000e+00
4.989793794216472378e+01,0.000000000000000000e+00
4.669106759464465739e+01,0.000000000000000000e+00
4.800185829984659591e+01,0.000000000000000000e+00
4.753933885246530622e+01,0.000000000000000000e+00
4.784884014830200982e+01,0.000000000000000000e+00
4.493714126622383276e+01,0.000000000000000000e+00
4.772056732790169065e+01,0.000000000000000000e+00
4.799857502848367830e+01,0.000000000000000000e+00
4.898366528921744134e+01,0.000000000000000000e+00
4.716920570411511449e+01,0.000000000000000000e+00
5.022815199027523647e+01,0.000000000000000000e+00
4.743368653905112353e+01,0.000000000000000000e+00
4.781385440210218718e+01,0.000000000000000000e+00
4.892580142953983113e+01,0.000000000000000000e+00
4.884165279770064672e+01,0.000000000000000000e+00
4.553554670406110461e+01,0.000000000000000000e+00
4.889714810129298428e+01,0.000000000000000000e+00
5.053724029377635674e+01,0.000000000000000000e+00
5.171217451435316548e+01,0.000000000000000000e+00
4.923147009431103527e+01,0.000000000000000000e+00
4.958401818590967025e+01,0.000000000000000000e+00
5.053296845284206995e+01,0.000000000000000000e+00
4.945688701108945651e+01,0.000000000000000000e+00
5.222837356176880519e+01,0.000000000000000000e+00
5.244288001209760353e+01,0.000000000000000000e+00
4.849816296508069513e+01,0.000000000000000000e+00
5.023794534943261425e+01,0.000000000000000000e+00
5.311782862393822313e+01,0.000000000000000000e+00
5.234558830418711040e+01,0.000000000000000000e+00
5.097889856726704494e+01,0.000000000000000000e+00
4.984575361714929898e+01,0.000000000000000000e+00
5.185695190981321900e+01,0.000000000000000000e+00
4.844080407235719576e+01,0.000000000000000000e+00
5.247256556777274028e+01,0.000000000000000000e+00
5.168300192430070439e+01,0.000000000000000000e+00
5.291025269124109798e+01,0.000000000000000000e+00
5.621256207632281843e+01,0.000000000000000000e+00
4.992892870455332854e+01,0.000000000000000000e+00
5.116995203826418503e+01,0.000000000000000000e+00
5.104080599845296007e+01,0.000000000000000000e+00
5.110299492949440037e+01,0.000000000000000000e+00
5.134249810771694911e+01,0.000000000000000000e+00
5.196329260111475890e+01,0.000000000000000000e+00
5.169760368251365890e+01,0.000000000000000000e+00
5.409061031949047305e+01,0.000000000000000000e+00
5.424164526042108747e+01,0.000000000000000000e+00
5.043961691128575353e+01,0.000000000000000000e+00
5.658556823385221435e+01,0.000000000000000000e+00
5.721757143697075065e+01,0.000000000000000000e+00
5.177015751438322155e+01,0.000000000000000000e+00
5.023250540858995805e+01,0.000000000000000000e+00
5.330920175665000471e+01,0.000000000000000000e+00
5.314960627148629158e+01,0.000000000000000000e+00
5.179847880071363875e+01,0.000000000000000000e+00
5.583808395918185852e+01,0.000000000000000000e+00
5.561557777042382611e+01,0.000000000000000000e+00
5.682426008308126342e+01,0.000000000000000000e+00
5.614608481935133000e+01,0.000000000000000000e+00
5.907010777185882233e+01,0.000000000000000000e+00
5.283728014160755748e+01,0.000000000000000000e+00
5.022209824311499915e+01,0.000000000000000000e+00
5.363269473219845196e+01,0.000000000000000000e+00
5.285952767113318629e+01,0.000000000000000000e+00
5.480701079634145145e+01,0.000000000000000000e+00
5.374954756850998905e+01,0.000000000000000000e+00
5.410999442542973981e+01,0.000000000000000000e+00
5.431762294764713062e+01,0.000000000000000000e+00
5.399481906972756917e+01,0.000000000000000000e+00
5.560563952765654960e+01,0.000000000000000000e+00
5.304727629243340203e+01,0.000000000000000000e+00
5.572976609737726506e+01,0.000000000000000000e+00
5.550399044175080121e+01,0.000000000000000000e+00
5.499068308790943860e+01,0.000000000000000000e+00
5.577620685517435817e+01,0.000000000000000000e+00
5.755452371706665815e+01,0.000000000000000000e+00
5.222380179043931747e+01,0.000000000000000000e+00
5.552858914627459086e+01,0.000000000000000000e+00
5.594756878435515546e+01,0.000000000000000000e+00
5.767348761571938809e+01,0.000000000000000000e+00
5.481286987289973922e+01,0.000000000000000000e+00
5.519846096799736301e+01,0.000000000000000000e+00
5.473927836863006746e+01,0.000000000000000000e+00
5.428993022209656516e+01,0.000000000000000000e+00
5.067978039684701486e+01,0.000000000000000000e+00
5.217859609504261442e+01,0.000000000000000000e+00
5.630302299262123711e+01,0.000000000000000000e+00
5.437132003566992466e+01,0.000000000000000000e+00
5.415694137675968278e+01,0.000000000000000000e+00
5.446897819670979857e+01,0.000000000000000000e+00
6.023863757978597278e+01,0.000000000000000000e+00
5.811986051498995920e+01,0.000000000000000000e+00
5.329213148398892486e+01,0.000000000000000000e+00
5.801736712937344009e+01,0.000000000000000000e+00
5.595393437689239846e+01,0.000000000000000000e+00
5.963888951751216183e+01,0.000000000000000000e+00
5.699046165694993249e+01,0.000000000000000000e+00
5.856164508113386091e+01,0.000000000000000000e+00
5.258629686901714706e+01,0.000000000000000000e+00
5.742091630393785096e+01,0.000000000000000000e+00
5.423210907503640499e+01,0.000000000000000000e+00
5.852432228067500830e+01,0.000000000000000000e+00
5.516824406187210883e+01,0.000000000000000000e+00
5.733801183739192453e+01,0.000000000000000000e+00
5.841320502564999373e+01,0.000000000000000000e+00
5.654090312509153904e+01,0.000000000000000000e+00
5.438503441194811217e+01,0.000000000000000000e+00
5.999932216257143835e+01,0.000000000000000000e+00
5.932818011460033603e+01,0.000000000000000000e+00
5.713473995050159715e+01,0.000000000000000000e+00
5.674874591514119260e+01,0.000000000000000000e+00
5.743865338756557293e+01,0.000000000000000000e+00
5.821284622787462837e+01,0.000000000000000000e+00
5.867904187892695944e+01,0.000000000000000000e+00
5.759503306028311442e+01,0.000000000000000000e+00
6.186475674771901367e+01,0.000000000000000000e+00
5.893668816455945603e+01,0.000000000000000000e+00
5.688852741279653458e+01,0.000000000000000000e+00
5.901001484266106445e+01,0.000000000000000000e+00
6.136081952076618506e+01,0.000000000000000000e+00
6.193414385575790959e+01,0.000000000000000000e+00
6.278092155275466979e+01,0.000000000000000000e+00
5.602316023378291732e+01,0.000000000000000000e+00
5.715672457735173140e+01,0.000000000000000000e+00
5.848278955841946214e+01,0.000000000000000000e+00
5.768025455266336365e+01,0.000000000000000000e+00
5.898516594435567129e+01,0.000000000000000000e+00
5.703050397228041390e+01,0.000000000000000000e+00
6.048283072736135324e+01,0.000000000000000000e+00
5.900852129260910317e+01,0.000000000000000000e+00
5.679878208920229810e+01,0.000000000000000000e+00
5.928454375597896586e+01,0.000000000000000000e+00
5.964686434767172329e+01,0.000000000000000000e+00
5.889597567992652927e+01,0.000000000000000000e+00
5.639711302042420016e+01,0.000000000000000000e+00
6.175485064135692426e+01,0.000000000000000000e+00
5.919896380671335834e+01,0.000000000000000000e+00
5.989781772127398796e+01,0.000000000000000000e+00
6.360479617905912164e+01,0.000000000000000000e+00
5.939769027931551904e+01,0.000000000000000000e+00
5.424767317414789858e+01,0.000000000000000000e+00
6.036442248051391601e+01,0.000000000000000000e+00
5.882295272610568304e+01,0.000000000000000000e+00
5.668213654913230215e+01,0.000000000000000000e+00
6.146340660302243464e+01,0.000000000000000000e+00
6.063596473945909793e+01,0.000000000000000000e+00
5.891022472661650511e+01,0.000000000000000000e+00
5.907542131568271770e+01,0.000000000000000000e+00
5.937837767649099163e+01,0.000000000000000000e+00
6.480669607271407529e+01,0.000000000000000000e+00
6.114504210878797608e+01,0.000000000000000000e+00
5.620257241694906014e+01,0.000000000000000000e+00
5.906870537411000299e+01,0.000000000000000000e+00
5.856204936487291235e+01,0.000000000000000000e+00
6.053474205283978904e+01,0.000000000000000000e+00
6.310902165748476733e+01,0.000000000000000000e+00
6.097627857208726709e+01,0.000000000000000000e+00
6.019832308246598274e+01,0.000000000000000000e+00
6.314658039383188992e+01,0.000000000000000000e+00
5.981764561948330083e+01,0.000000000000000000e+00
6.289914181139828031e+01,0.000000000000000000e+00
5.997986393658436555e+01,0.000000000000000000e+00
6.131398144540265349e+01,0.000000000000000000e+00
6.153991301416687776e+01,0.000000000000000000e+00
6.414325817686636810e+01,0.000000000000000000e+00
6.252370739763100005e+01,0.000000000000000000e+00
6.114775357163874503e+01,0.000000000000000000e+00
6.184894684713923141e+01,0.000000000000000000e+00
6.356209705987478742e+01,0.000000000000000000e+00
6.182583021140991519e+01,0.000000000000000000e+00
6.252658178050485560e+01,0.000000000000000000e+00
6.579245797569028298e+01,0.000000000000000000e+00
6.405804673616222544e+01,0.000000000000000000e+00
6.228777681480803352e+01,0.000000000000000000e+00
6.287805453340799744e+01,0.000000000000000000e+00
6.133150317742520485e+01,0.000000000000000000e+00
5.893491198889369542e+01,0.000000000000000000e+00
6.161985164553054517e+01,0.000000000000000000e+00
6.719952219259288029e+01,0.000000000000000000e+00
6.503965280207344790e+01,0.000000000000000000e+00
6.340491291700167409e+01,0.000000000000000000e+00
6.297474636319418551e+01,0.000000000000000000e+00
6.285258551568642105e+01,0.000000000000000000e+00
6.397591205233682388e+01,0.000000000000000000e+00
6.161459178353691613e+01,0.000000000000000000e+00
6.262388666260928005e+01,0.000000000000000000e+00
6.302207023509855333e+01,0.000000000000000000e+00
6.392357744114443108e+01,0.000000000000000000e+00
6.500990395390415699e+01,0.000000000000000000e+00
6.165411348276137460e+01,0.000000000000000000e+00
6.548459802814574005e+01,0.000000000000000000e+00
6.254414228811531018e+01,0.000000000000000000e+00
6.628679325144651102e+01,0.000000000000000000e+00
6.523239983765391514e+01,0.000000000000000000e+00
6.465833741530163081e+01,0.000000000000000000e+00
6.385852885582271909e+01,0.000000000000000000e+00
6.650867623218709923e+01,0.000000000000000000e+00
6.497677328065904589e+01,0.000000000000000000e+00
6.592039086691877969e+01,0.000000000000000000e+00
6.548183685278674204e+01,0.000000000000000000e+00
6.324490696563200487e+01,0.000000000000000000e+00
6.437608824190034795e+01,0.000000000000000000e+00
6.481529439621601796e+01,0.000000000000000000e+00
6.328895470035936199e+01,0.000000000000000000e+00
6.465820495808611668e+01,0.000000000000000000e+00
6.576273699615822466e+01,0.000000000000000000e+00
6.204014333268985126e+01,0.000000000000000000e+00
6.430918366144607035e+01,0.000000000000000000e+00
6.475317144192196395e+01,0.000000000000000000e+00
6.749968499633250474e+01,0.000000000000000000e+00
6.680996015120351217e+01,0.000000000000000000e+00
6.360781166986995316e+01,0.000000000000000000e+00
6.830015458188877631e+01,0.000000000000000000e+00
6.582962703319110176e+01,0.000000000000000000e+00
6.281487149158881778e+01,0.000000000000000000e+00
6.212095422139486089e+01,0.000000000000000000e+00
6.460728709780279644e+01,0.000000000000000000e+00
6.313912641842657791e+01,0.000000000000000000e+00
6.492368515322375799e+01,0.000000000000000000e+00
6.864142776178378824e+01,0.000000000000000000e+00
6.821816454551546371e+01,0.000000000000000000e+00
6.914799540354134422e+01,0.000000000000000000e+00
6.497536523364765060e+01,0.000000000000000000e+00
6.836178700588246215e+01,0.000000000000000000e+00
6.359527843933462776e+01,0.000000000000000000e+00
6.618922663265247763e+01,0.000000000000000000e+00
6.500487784441175165e+01,0.000000000000000000e+00
6.771361061802996062e+01,0.000000000000000000e+00
6.603535236976415490e+01,0.000000000000000000e+00
6.313653183626254872e+01,0.000000000000000000e+00
6.672423717580191749e+01,0.000000000000000000e+00
6.417307662660215328e+01,0.000000000000000000e+00
6.723188410612149823e+01,0.000000000000000000e+00
6.410158749754228324e+01,0.000000000000000000e+00
7.108859801240647869e+01,0.000000000000000000e+00
6.732413323282148099e+01,0.000000000000000000e+00
6.670437755811916247e+01,0.000000000000000000e+00
6.511506392220759665e+01,0.000000000000000000e+00
7.076067015772657953e+01,0.000000000000000000e+00
6.327074605656306261e+01,0.000000000000000000e+00
6.871530388898651154e+01,0.000000000000000000e+00
6.525050942203364457e+01,0.000000000000000000e+00
6.775135102985848334e+01,0.000000000000000000e+00
6.832735903970062452e+01,0.000000000000000000e+00
6.528453984722824543e+01,0.000000000000000000e+00
6.980252446346283079e+01,0.000000000000000000e+00
6.849852003634579489e+01,0.000000000000000000e+00
7.017158966502469752e+01,0.000000000000000000e+00
6.717173435670228798e+01,0.000000000000000000e+00
6.972118803625978956e+01,0.000000000000000000e+00
6.463876622264545801e+01,0.000000000000000000e+00
6.909381117621467183e+01,0.000000000000000000e+00
6.525999303911602567e+01,0.000000000000000000e+00
7.010028474005790144e+01,0.000000000000000000e+00
6.806984701502911150e+01,0.000000000000000000e+00
6.306633819160258980e+01,0.000000000000000000e+00
6.789235159339108350e+01,0.000000000000000000e+00
7.052488378444695627e+01,0.000000000000000000e+00
6.928716504749107230e+01,0.000000000000000000e+00
6.881006639946502901e+01,0.000000000000000000e+00
6.662122602732297594e+01,0.000000000000000000e+00
6.919534129183264781e+01,0.000000000000000000e+00
7.001719549891252825e+01,0.000000000000000000e+00
6.916394903285265627e+01,0.000000000000000000e+00
6.683287695332792566e+01,0.000000000000000000e+00
7.114813116679745519e+01,0.000000000000000000e+00
6.746778665240330497e+01,0.000000000000000000e+00
6.860894656462957641e+01,0.000000000000000000e+00
6.554458600950810876e+01,0.000000000000000000e+00
7.056942035131572766e+01,0.000000000000000000e+00
6.953369257297350714e+01,0.000000000000000000e+00
6.869977450289034948e+01,0.000000000000000000e+00
6.887603889606064911e+01,0.000000000000000000e+00
7.135638616098401599e+01,0.000000000000000000e+00
6.697593672444118340e+01,0.000000000000000000e+00
6.982500450293917993e+01,0.000000000000000000e+00
6.833961575765849261e+01,0.000000000000000000e+00
7.044479403767900294e+01,0.000000000000000000e+00
6.916255807195877026e+01,0.000000000000000000e+00
6.881085905910954637e+01,0.000000000000000000e+00
6.815349288972163322e+01,0.000000000000000000e+00
6.817811382335715109e+01,0.000000000000000000e+00
6.648437041835926209e+01,0.000000000000000000e+00
7.242648103632535594e+01,0.000000000000000000e+00
6.767698331300512393e+01,0.000000000000000000e+00
6.625444747512186439e+01,0.000000000000000000e+00
7.011671282996420018e+01,0.000000000000000000e+00
7.074915972840139489e+01,0.000000000000000000e+00
6.962014422663656887e+01,0.000000000000000000e+00
7.181147019415885779e+01,0.000000000000000000e+00
7.165157508421795285e+01,0.000000000000000000e+00
7.053781647762754403e+01,0.000000000000000000e+00
6.997729790618481616e+01,0.000000000000000000e+00
6.938461264221702152e+01,0.000000000000000000e+00
6.996472618448088099e+01,0.000000000000000000e+00
7.084887716736440666e+01,0.000000000000000000e+00
6.877318961950463461e+01,0.000000000000000000e+00
7.060792354796771519e+01,0.000000000000000000e+00
7.065095016619605417e+01,0.000000000000000000e+00
7.298742094460472174e+01,0.000000000000000000e+00
7.182295016047261527e+01,0.000000000000000000e+00
6.927078111823614393e+01,0.000000000000000000e+00
6.668898607032268444e+01,0.000000000000000000e+00
7.180269885780705863e+01,0.000000000000000000e+00
7.211175546903967870e+01,0.000000000000000000e+00
7.462331554134469513e+01,0.000000000000000000e+00
6.747829028423495856e+01,0.000000000000000000e+00
7.148404462149426308e+01,0.000000000000000000e+00
7.257912698110912686e+01,0.000000000000000000e+00
7.137821275381219266e+01,0.000000000000000000e+00
6.760122042295193978e+01,0.000000000000000000e+00
7.182127700798447734e+01,0.000000000000000000e+00
7.091192609358355980e+01,0.000000000000000000e+00
7.189055693828532867e+01,0.000000000000000000e+00
7.163476765970361271e+01,0.000000000000000000e+00
7.060351117358915474e+01,0.000000000000000000e+00
7.314131017130003443e+01,0.000000000000000000e+00
7.625289052976130222e+01,0.000000000000000000e+00
6.968268562092377749e+01,0.000000000000000000e+00
7.080742912853180826e+01,0.000000000000000000e+00
7.541042449005533399e+01,0.000000000000000000e+00
6.913567105108160149e+01,0.000000000000000000e+00
7.357719240628740920e+01,0.000000000000000000e+00
7.413019160383508677e+01,0.000000000000000000e+00
6.945028567497509187e+01,0.000000000000000000e+00
7.357564982271679810e+01,0.000000000000000000e+00
7.102802822555362638e+01,0.000000000000000000e+00
7.095807878462083806e+01,0.000000000000000000e+00
7.361209494839657452e+01,0.000000000000000000e+00
7.416730007826609494e+01,0.000000000000000000e+00
7.245896593567405830e+01,0.000000000000000000e+00
7.409054984229440777e+01,0.000000000000000000e+00
7.324652446025257291e+01,0.000000000000000000e+00
7.547723999171519438e+01,0.000000000000000000e+00
7.535296678528773384e+01,0.000000000000000000e+00
7.144780999563246837e+01,0.000000000000000000e+00
7.466242939692446612e+01,0.000000000000000000e+00
7.425724116882561532e+01,0.000000000000000000e+00
7.472633490368758657e+01,0.000000000000000000e+00
7.481188980261808297e+01,0.000000000000000000e+00
7.422605477927700690e+01,0.000000000000000000e+00
7.695670368401862049e+01,0.000000000000000000e+00
7.135082360755211539e+01,0.000000000000000000e+00
7.604740790009256557e+01,0.000000000000000000e+00
7.763239049359606270e+01,0.000000000000000000e+00
7.333305475199323098e+01,0.000000000000000000e+00
7.268071805528209950e+01,0.000000000000000000e+00
7.317310967700822744e+01,0.000000000000000000e+00
7.275452834832252336e+01,0.000000000000000000e+00
6.964844190518513756e+01,0.000000000000000000e+00
7.149018364702473605e+01,0.000000000000000000e+00
7.449532237788915268e+01,0.000000000000000000e+00
7.355112211211189788e+01,0.000000000000000000e+00
7.176441042714466789e+01,0.000000000000000000e+00
7.405077278981882216e+01,0.000000000000000000e+00
7.851497579161681983e+01,0.000000000000000000e+00
7.713912183699859781e+01,0.000000000000000000e+00
7.035984997975673139e+01,0.000000000000000000e+00
7.329289181288136490e+01,0.000000000000000000e+00
7.229327132762294639e+01,0.000000000000000000e+00
7.674603753378347903e+01,0.000000000000000000e+00
7.184472640975887714e+01,0.000000000000000000e+00
7.579063519212994038e+01,0.000000000000000000e+00
7.351509618966399273e+01,0.000000000000000000e+00
7.420881790912753218e+01,0.000000000000000000e+00
7.274393216406561180e+01,0.000000000000000000e+00
7.067792403937575330e+01,0.000000000000000000e+00
7.475700139620110463e+01,0.000000000000000000e+00
7.823033567677970268e+01,0.000000000000000000e+00
7.505547427738640920e+01,0.000000000000000000e+00
7.398282809860759812e+01,0.000000000000000000e+00
7.332581192872088138e+01,0.000000000000000000e+00
7.561223377592128259e+01,0.000000000000000000e+00
7.501282466495574397e+01,0.000000000000000000e+00
7.831486484789347458e+01,0.000000000000000000e+00
7.505438466842777245e+01,0.000000000000000000e+00
7.564967315840516449e+01,0.000000000000000000e+00
7.581749413131338144e+01,0.000000000000000000e+00
7.390696942833810112e+01,0.000000000000000000e+00
7.541472451371930674e+01,0.000000000000000000e+00
7.443354475625770306e+01,0.000000000000000000e+00
7.408298221074997514e+01,0.000000000000000000e+00
7.259906410887583661e+01,0.000000000000000000e+00
7.740260669739335242e+01,0.000000000000000000e+00
7.367319121813201832e+01,0.000000000000000000e+00
7.600728229817585202e+01,0.000000000000000000e+00
7.590277561437673626e+01,0.000000000000000000e+00
7.417732846974274707e+01,0.000000000000000000e+00
7.624305276533769415e+01,0.000000000000000000e+00
7.709745336010418271e+01,0.000000000000000000e+00
7.425489979186698974e+01,0.000000000000000000e+00
7.352370650424121834e+01,0.000000000000000000e+00
7.435305766617999268e+01,0.000000000000000000e+00
7.879586683614016351e+01,0.000000000000000000e+00
7.518284802412929935e+01,0.000000000000000000e+00
7.421711523127869725e+01,0.000000000000000000e+00
7.911367210400406691e+01,0.000000000000000000e+00
7.689015955985891537e+01,0.000000000000000000e+00
7.370691318429572902e+01,0.000000000000000000e+00
7.859164738598028066e+01,0.000000000000000000e+00
7.677921986164548684e+01,0.000000000000000000e+00
7.449177577342044287e+01,0.000000000000000000e+00
7.628722541412555813e+01,0.000000000000000000e+00
7.751736368315867765e+01,0.000000000000000000e+00
7.421796602119495390e+01,0.000000000000000000e+00
8.017102825441175185e+01,0.000000000000000000e+00
7.427224245098987865e+01,0.000000000000000000e+00
7.718989331333743564e+01,0.000000000000000000e+00
7.771481673608582241e+01,0.000000000000000000e+00
7.763169701448708793e+01,0.000000000000000000e+00
7.627962826516477435e+01,0.000000000000000000e+00
7.812603295358684363e+01,0.000000000000000000e+00
7.570812327685595733e+01,0.000000000000000000e+00
7.819589826685360379e+01,0.000000000000000000e+00
7.520087852404158468e+01,0.000000000000000000e+00
7.784769445451101433e+01,0.000000000000000000e+00
7.469398500991259482e+01,0.000000000000000000e+00
7.391718097130024034e+01,0.000000000000000000e+00
7.738061097175138059e+01,0.000000000000000000e+00
7.615251027566436903e+01,0.000000000000000000e+00
7.629014707096396819e+01,0.000000000000000000e+00
7.657371736343982604e+01,0.000000000000000000e+00
7.690355671904323742e+01,0.000000000000000000e+00
7.633410677455312054e+01,0.000000000000000000e+00
7.785463492196184632e+01,0.000000000000000000e+00
7.566406499883959214e+01,0.000000000000000000e+00
7.886105078196118257e+01,0.000000000000000000e+00
7.577536702331228469e+01,0.000000000000000000e+00
7.695495968511384888e+01,0.000000000000000000e+00
7.931736859555682884e+01,0.000000000000000000e+00
7.350082544228996539e+01,0.000000000000000000e+00
7.601506963485091717e+01,0.000000000000000000e+00
7.552880281893396841e+01,0.000000000000000000e+00
7.144984781427379517e+01,0.000000000000000000e+00
7.657701323158769924e+01,0.000000000000000000e+00
7.616042459129009501e+01,0.000000000000000000e+00
7.990390294363020018e+01,0.000000000000000000e+00
7.543251384714967855e+01,0.000000000000000000e+00
7.952506659357976559e+01,0.000000000000000000e+00
7.996806554117061694e+01,0.000000000000000000e+00
7.751380308371210504e+01,0.000000000000000000e+00
7.635458890223655715e+01,0.000000000000000000e+00
7.923277656406523306e+01,0.000000000000000000e+00
7.800218489274244860e+01,0.000000000000000000e+00
7.888214235961267207e+01,0.000000000000000000e+00
7.967037848638553044e+01,0.000000000000000000e+00
7.910303255855724558e+01,0.000000000000000000e+00
7.597171346851580154e+01,0.000000000000000000e+00
7.634481184128532050e+01,0.000000000000000000e+00
7.523784759387662291e+01,0.000000000000000000e+00
7.705463320845973385e+01,0.000000000000000000e+00
7.713014835443583195e+01,0.000000000000000000e+00
7.617998825079567382e+01,0.000000000000000000e+00
7.594032127700631918e+01,0.000000000000000000e+00
7.804952446270289101e+01,0.000000000000000000e+00
7.646935920887884208e+01,0.000000000000000000e+00
7.691778650602516620e+01,0.000000000000000000e+00
7.585317182264115843e+01,0.000000000000000000e+00
7.925211273621029306e+01,0.000000000000000000e+00
7.723780943580055691e+01,0.000000000000000000e+00
7.853858165322317575e+01,0.000000000000000000e+00
7.813602713497827779e+01,0.000000000000000000e+00
7.932985609195515053e+01,0.000000000000000000e+00
8.073581224673959866e+01,0.000000000000000000e+00
7.680986585476622963e+01,0.000000000000000000e+00
7.688305061140091823e+01,0.000000000000000000e+00
7.753980361848529412e+01,0.000000000000000000e+00
7.815583441156272215e+01,0.000000000000000000e+00
7.892341555510363094e+01,0.000000000000000000e+00
7.769181487659209040e+01,0.000000000000000000e+00
7.511898687510625905e+01,0.000000000000000000e+00
8.308880339056686637e+01,0.000000000000000000e+00
7.900163614145074575e+01,0.000000000000000000e+00
7.375373602051172384e+01,0.000000000000000000e+00
7.828106271381761871e+01,0.000000000000000000e+00
7.641799046929314443e+01,0.000000000000000000e+00
7.737961356499286580e+01,0.000000000000000000e+00
7.785589144351629898e+01,0.000000000000000000e+00
7.694821984228970280e+01,0.000000000000000000e+00
8.050278876275871198e+01,0.000000000000000000e+00
7.780399271249788740e+01,0.000000000000000000e+00
8.206640990312172335e+01,0.000000000000000000e+00
7.937218198659968493e+01,0.000000000000000000e+00
8.227383053392935608e+01,0.000000000000000000e+00
7.797402571658219017e+01,0.000000000000000000e+00
7.586337531609184737e+01,0.000000000000000000e+00
8.161070185444994252e+01,0.000000000000000000e+00
7.938116345885204339e+01,0.000000000000000000e+00
8.093647076242173455e+01,0.000000000000000000e+00
8.164632107787656423e+01,0.000000000000000000e+00
8.203872664878797138e+01,0.000000000000000000e+00
7.946845578683225142e+01,0.000000000000000000e+00
7.820524625531184881e+01,0.000000000000000000e+00
7.806521810578023235e+01,0.000000000000000000e+00
7.747638017269646582e+01,0.000000000000000000e+00
7.567114611626196563e+01,0.000000000000000000e+00
8.121941619439643034e+01,0.000000000000000000e+00
7.997164279111368046e+01,0.000000000000000000e+00
7.883974023818187504e+01,0.000000000000000000e+00
7.958539837581726317e+01,0.000000000000000000e+00
7.912133083552909341e+01,0.000000000000000000e+00
7.664578694673582504e+01,0.000000000000000000e+00
7.750814118822039234e+01,0.000000000000000000e+00
7.675363795867210115e+01,0.000000000000000000e+00
7.818875852919958902e+01,0.000000000000000000e+00
7.594322521698343564e+01,0.000000000000000000e+00
7.793290539854857002e+01,0.000000000000000000e+00
7.851142816243969946e+01,0.000000000000000000e+00
7.776497229700980540e+01,0.000000000000000000e+00
7.488717366724419833e+01,0.000000000000000000e+00
7.659571756540313459e+01,0.000000000000000000e+00
7.777058495080802913e+01,0.000000000000000000e+00
7.786364642018541815e+01,0.000000000000000000e+00
7.745583526098121752e+01,0.000000000000000000e+00
8.336656726321547239e+01,0.000000000000000000e+00
7.723562864401193906e+01,0.000000000000000000e+00
7.963245860514591357e+01,0.000000000000000000e+00
7.981213218043568247e+01,0.000000000000000000e+00
8.294170270117761845e+01,0.000000000000000000e+00
7.920295002520096261e+01,0.000000000000000000e+00
8.169441096636725774e+01,0.000000000000000000e+00
7.850561455697723545e+01,0.000000000000000000e+00
7.601621148593720534e+01,0.000000000000000000e+00
7.820635540742331671e+01,0.000000000000000000e+00
8.035843547866912218e+01,0.000000000000000000e+00
7.702148687517176029e+01,0.000000000000000000e+00
7.780303745678071436e+01,0.000000000000000000e+00
8.122906826704972616e+01,0.000000000000000000e+00
7.821680421257002536e+01,0.000000000000000000e+00
8.291697646529851795e+01,0.000000000000000000e+00
7.943116155525528654e+01,0.000000000000000000e+00
8.184456372747298758e+01,0.000000000000000000e+00
8.147950120349958070e+01,0.000000000000000000e+00
7.695346721639069187e+01,0.000000000000000000e+00
7.949725118188707995e+01,0.000000000000000000e+00
8.166034929367874895e+01,0.000000000000000000e+00
8.021095695459426622e+01,0.000000000000000000e+00
7.948034610620696583e+01,0.000000000000000000e+00
8.127026842203986234e+01,0.000000000000000000e+00
7.764009275871848104e+01,0.000000000000000000e+00
8.105011968307674408e+01,0.000000000000000000e+00
8.414116292230352201e+01,0.000000000000000000e+00
7.925092537605118537e+01,0.000000000000000000e+00
8.088410350513578351e+01,0.000000000000000000e+00
7.785276567449606944e+01,0.000000000000000000e+00
7.910142737589316653e+01,0.000000000000000000e+00
8.040616566320233005e+01,0.000000000000000000e+00
7.859827420206410409e+01,0.000000000000000000e+00
8.165405630438401374e+01,0.000000000000000000e+00
7.908585037514474436e+01,0.000000000000000000e+00
7.838335996980515574e+01,0.000000000000000000e+00
7.899099706987766467e+01,0.000000000000000000e+00
8.444395375715286889e+01,0.000000000000000000e+00
8.001638151882853833e+01,0.000000000000000000e+00
7.958877293916759754e+01,0.000000000000000000e+00
7.790652136882934542e+01,0.000000000000000000e+00
8.101273313465890169e+01,0.000000000000000000e+00
7.936521850607441309e+01,0.000000000000000000e+00
8.137759388306912456e+01,0.000000000000000000e+00
7.952846782414324878e+01,0.000000000000000000e+00
7.834080805237681489e+01,0.000000000000000000e+00
8.266598747566068539e+01,0.000000000000000000e+00
7.949388038897748743e+01,0.000000000000000000e+00
8.133466922224326368e+01,0.000000000000000000e+00
8.126390340049781003e+01,0.000000000000000000e+00
7.745799319443824515e+01,0.000000000000000000e+00
8.007911967681664578e+01,0.000000000000000000e+00
8.175350910737103050e+01,0.000000000000000000e+00
7.887149280470664792e+01,0.000000000000000000e+00
8.095974420652399317e+01,0.000000000000000000e+00
8.031733213047262154e+01,0.000000000000000000e+00
7.898291310808131982e+01,0.000000000000000000e+00
8.613058857492451637e+01,0.000000000000000000e+00
8.126216151731041748e+01,0.000000000000000000e+00
7.595765090414163012e+01,0.000000000000000000e+00
7.984097928505350694e+01,0.000000000000000000e+00
7.836759215192891759e+01,0.000000000000000000e+00
7.663106910486966683e+01,0.000000000000000000e+00
7.895808577923376959e+01,0.000000000000000000e+00
7.982362167529853991e+01,0.000000000000000000e+00
8.229549379247390561e+01,0.000000000000000000e+00
8.134457819722214822e+01,0.000000000000000000e+00
8.149622046764781658e+01,0.000000000000000000e+00
7.989201032524906054e+01,0.000000000000000000e+00
7.684765408166681766e+01,0.000000000000000000e+00
7.987957920937816425e+01,0.000000000000000000e+00
8.039020089636643718e+01,0.000000000000000000e+00
8.051890658798210154e+01,0.000000000000000000e+00
8.109553547349838709e+01,0.000000000000000000e+00
8.105432814096243987e+01,0.000000000000000000e+00
8.006000826870960907e+01,0.000000000000000000e+00
7.925849919138077837e+01,0.000000000000000000e+00
8.090274468131609353e+01,0.000000000000000000e+00
7.794419710570990389e+01,0.000000000000000000e+00
7.795453961200300341e+01,0.000000000000000000e+00
8.052684684389906522e+01,0.000000000000000000e+00
8.281452334598668585e+01,0.000000000000000000e+00
7.546556537985685509e+01,0.000000000000000000e+00
8.042255738273124166e+01,0.000000000000000000e+00
8.284693891144408440e+01,0.000000000000000000e+00
8.014847292939330714e+01,0.000000000000000000e+00
8.380845557975712268e+01,0.000000000000000000e+00
7.659769851805869223e+01,0.000000000000000000e+00
8.085336503343030756e+01,0.000000000000000000e+00
7.916568854885254325e+01,0.000000000000000000e+00
7.824080341683108486e+01,0.000000000000000000e+00
7.918630457122843325e+01,0.000000000000000000e+00
7.830274674061590190e+01,0.000000000000000000e+00
8.024926120970151544e+01,0.000000000000000000e+00
8.212045613751573114e+01,0.000000000000000000e+00
7.576568664775659556e+01,0.000000000000000000e+00
8.023893964317545624e+01,0.000000000000000000e+00
7.982730277226978899e+01,0.000000000000000000e+00
8.165715864323864537e+01,0.000000000000000000e+00
8.333897348222782853e+01,0.000000000000000000e+00
7.971305549181839467e+01,0.000000000000000000e+00
7.951538511515839502e+01,0.000000000000000000e+00
7.702346480614180280e+01,0.000000000000000000e+00
8.188002798912543767e+01,0.000000000000000000e+00
8.141351348356796791e+01,0.000000000000000000e+00
8.036478093275083268e+01,0.000000000000000000e+00
7.653022493409450533e+01,0.000000000000000000e+00
7.726175653584691361e+01,0.000000000000000000e+00
7.777736702041271144e+01,0.000000000000000000e+00
8.100109843738192694e+01,0.000000000000000000e+00
8.174985007765089051e+01,0.000000000000000000e+00
7.857484602156748110e+01,0.000000000000000000e+00
7.894594938808329232e+01,0.000000000000000000e+00
7.857837968405227969e+01,0.000000000000000000e+00
7.999985651260881525e+01,0.000000000000000000e+00
8.220036093764119300e+01,0.000000000000000000e+00
8.135906475222243728e+01,0.000000000000000000e+00
7.789303531678832826e+01,0.000000000000000000e+00
7.869992414237870548e+01,0.000000000000000000e+00
8.022562652483526335e+01,0.000000000000000000e+00
7.666651111820493725e+01,0.000000000000000000e+00
7.953063494600114325e+01,0.000000000000000000e+00
7.840035937925490828e+01,0.000000000000000000e+00
8.098610064725612290e+01,0.000000000000000000e+00
8.059348960812408791e+01,0.000000000000000000e+00
8.045767222602067648e+01,0.000000000000000000e+00
8.080129478367786078e+01,0.000000000000000000e+00
8.189314950261605475e+01,0.000000000000000000e+00
7.696589470733384530e+01,0.000000000000000000e+00
7.887788439274160623e+01,0.000000000000000000e+00
7.746423433019354832e+01,0.000000000000000000e+00
8.198843968263021509e+01,0.000000000000000000e+00
7.890463494433377889e+01,0.000000000000000000e+00
8.310067875925575720e+01,0.000000000000000000e+00
8.134145870003334267e+01,0.000000000000000000e+00
8.143378010284239110e+01,0.000000000000000000e+00
7.784513616289690674e+01,0.000000000000000000e+00
7.950088981402059574e+01,0.000000000000000000e+00
8.154133587880548362e+01,0.000000000000000000e+00
7.681787094835307528e+01,0.000000000000000000e+00
7.799372965273197167e+01,0.000000000000000000e+00
7.852250561352174429e+01,0.000000000000000000e+00
7.799001097634211987e+01,0.000000000000000000e+00
8.074549049397943179e+01,0.000000000000000000e+00
8.025561429770974087e+01,0.000000000000000000e+00
8.016252471299490878e+01,0.000000000000000000e+00
8.008940505487639427e+01,0.000000000000000000e+00
8.177248643795945782e+01,0.000000000000000000e+00
7.650016712124423179e+01,0.000000000000000000e+00
7.921304625565197455e+01,0.000000000000000000e+00
7.544167048037301981e+01,0.000000000000000000e+00
8.007018162726936339e+01,0.000000000000000000e+00
7.896100535780315965e+01,0.000000000000000000e+00
7.843980360767841375e+01,0.000000000000000000e+00
7.827081802399135313e+01,0.000000000000000000e+00
7.854843822205936021e+01,0.000000000000000000e+00
8.393187152196004774e+01,0.000000000000000000e+00
7.803227444913326849e+01,0.000000000000000000e+00
7.905469024036446513e+01,0.000000000000000000e+00
7.561370578784574548e+01,0.000000000000000000e+00
8.114846524507869674e+01,0.000000000000000000e+00
7.783443837785178232e+01,0.000000000000000000e+00
7.856679626863007115e+01,0.000000000000000000e+00
7.743090337295295456e+01,0.000000000000000000e+00
7.500873794593032073e+01,0.000000000000000000e+00
7.793202823164763515e+01,0.000000000000000000e+00
8.154856832358107965e+01,0.000000000000000000e+00
7.635414351044900627e+01,0.000000000000000000e+00
7.673750305662653659e+01,0.000000000000000000e+00
7.872345119690741910e+01,0.000000000000000000e+00
8.045341086699073685e+01,0.000000000000000000e+00
7.959744335118335812e+01,0.000000000000000000e+00
7.881635989992247460e+01,0.000000000000000000e+00
7.926739782353038777e+01,0.000000000000000000e+00
7.704530832260097384e+01,0.000000000000000000e+00
8.285133219328044163e+01,0.000000000000000000e+00
8.124905352628572075e+01,0.000000000000000000e+00
7.580540343593584396e+01,0.000000000000000000e+00
7.669684167730018487e+01,0.000000000000000000e+00
7.451709252873335743e+01,0.000000000000000000e+00
8.006853737827773898e+01,0.000000000000000000e+00
7.953477384271637618e+01,0.000000000000000000e+00
7.693277807877203145e+01,0.000000000000000000e+00
7.572869002365568747e+01,0.000000000000000000e+00
7.640778090938026423e+01,0.000000000000000000e+00
7.465741640627008735e+01,0.000000000000000000e+00
7.547943770859822621e+01,0.000000000000000000e+00
7.436559446312077171e+01,0.000000000000000000e+00
7.807298719723509350e+01,0.000000000000000000e+00
7.899789124616813751e+01,0.000000000000000000e+00
7.977327033744943208e+01,0.000000000000000000e+00
8.089531088190111063e+01,0.000000000000000000e+00
7.810907311978789380e+01,0.000000000000000000e+00
8.139142361378144130e+01,0.000000000000000000e+00
7.913373803743230894e+01,0.000000000000000000e+00
8.158942440665306606e+01,0.000000000000000000e+00
7.608979980921237996e+01,0.000000000000000000e+00
8.176326622285853318e+01,0.000000000000000000e+00
7.647248280898159578e+01,0.000000000000000000e+00
7.903918879247541440e+01,0.000000000000000000e+00
7.871827297489615205e+01,0.000000000000000000e+00
7.833513241290185647e+01,0.000000000000000000e+00
7.702514014375063311e+01,0.000000000000000000e+00
7.776039629403474862e+01,0.000000000000000000e+00
7.765040025878546714e+01,0.000000000000000000e+00
8.019108107514080075e+01,0.000000000000000000e+00
7.834063380971954871e+01,0.000000000000000000e+00
7.681826561550074928e+01,0.000000000000000000e+00
7.711101069613762604e+01,0.000000000000000000e+00
7.939356267753460372e+01,0.000000000000000000e+00
7.844835140768637416e+01,0.000000000000000000e+00
7.683511439845821656e+01,0.000000000000000000e+00
7.957165837838790878e+01,0.000000000000000000e+00
8.057673565740157073e+01,0.000000000000000000e+00
7.859539862628561480e+01,0.000000000000000000e+00
7.893546681750027005e+01,0.000000000000000000e+00
7.585805949763667400e+01,0.000000000000000000e+00
8.047206983749968856e+01,0.000000000000000000e+00
7.407091062653856284e+01,0.000000000000000000e+00
7.839296969223416056e+01,0.000000000000000000e+00
7.617006643446028136e+01,0.000000000000000000e+00
7.763900581563508752e+01,0.000000000000000000e+00
8.076067406487442213e+01,0.000000000000000000e+00
8.001008959610203419e+01,0.000000000000000000e+00
7.650316684867779315e+01,0.000000000000000000e+00
7.417988945261016909e+01,0.000000000000000000e+00
7.923765091803161909e+01,0.000000000000000000e+00
7.658173371391906414e+01,0.000000000000000000e+00
8.060569148958595065e+01,0.000000000000000000e+00
7.790841984154094746e+01,0.000000000000000000e+00
7.910189766935737055e+01,0.000000000000000000e+00
7.747780043393375138e+01,0.000000000000000000e+00
7.666074472979336463e+01,0.000000000000000000e+00
7.410116280403913436e+01,0.000000000000000000e+00
8.165840584655339285e+01,0.000000000000000000e+00
7.912266985590476054e+01,0.000000000000000000e+00
7.849844335433743936e+01,0.000000000000000000e+00
7.457998916690934266e+01,0.000000000000000000e+00
7.372723382740407772e+01,0.000000000000000000e+00
7.453401548130563015e+01,0.000000000000000000e+00
7.813768116126470886e+01,0.000000000000000000e+00
7.640793919145538382e+01,0.000000000000000000e+00
7.529562901166396216e+01,0.000000000000000000e+00
7.927180075216121224e+01,0.000000000000000000e+00
7.514059479440906841e+01,0.000000000000000000e+00
7.865697891558318133e+01,0.000000000000000000e+00
7.432450725268931535e+01,0.000000000000000000e+00
7.439863552220619169e+01,0.000000000000000000e+00
7.660021155156930206e+01,0.000000000000000000e+00
7.340183278752151352e+01,0.000000000000000000e+00
7.409494703137373506e+01,0.000000000000000000e+00
7.442520253153742260e+01,0.000000000000000000e+00
7.631864855998615838e+01,0.000000000000000000e+00
7.552786506824305945e+01,0.000000000000000000e+00
7.349218246971875601e+01,0.000000000000000000e+00
7.969193847057428570e+01,0.000000000000000000e+00
7.705410722745310181e+01,0.000000000000000000e+00
7.684078095623556237e+01,0.000000000000000000e+00
7.346537107368989439e+01,0.000000000000000000e+00
7.678115489597789178e+01,0.000000000000000000e+00
7.629766457018229175e+01,0.000000000000000000e+00
7.683578373508071024e+01,0.000000000000000000e+00
7.189842399855447752e+01,0.000000000000000000e+00
7.314041590055038000e+01,0.000000000000000000e+00
7.707918749612773013e+01,0.000000000000000000e+00
7.705978315040253790e+01,0.000000000000000000e+00
7.186738313545090762e+01,0.000000000000000000e+00
7.656639847315101122e+01,0.000000000000000000e+00
7.561111844461041187e+01,0.000000000000000000e+00
7.453764810740388214e+01,0.000000000000000000e+00
7.820294653224219417e+01,0.000000000000000000e+00
7.588576606891426479e+01,0.000000000000000000e+00
7.601656511413179373e+01,0.000000000000000000e+00
7.266970761532310519e+01,0.000000000000000000e+00
7.138286180448052676e+01,0.000000000000000000e+00
7.564813965971555376e+01,0.000000000000000000e+00
7.461039362147494103e+01,0.000000000000000000e+00
7.395822206077964722e+01,0.000000000000000000e+00
7.515593338404042356e+01,0.000000000000000000e+00
7.680969703840619900e+01,0.000000000000000000e+00
7.760959940159365544e+01,0.000000000000000000e+00
7.640959086741068518e+01,0.000000000000000000e+00
7.446862923461290507e+01,0.000000000000000000e+00
7.953485399605359873e+01,0.000000000000000000e+00
7.617845493448274397e+01,0.000000000000000000e+00
7.516798506599225504e+01,0.000000000000000000e+00
7.306436133228856988e+01,0.000000000000000000e+00
7.428140453456779824e+01,0.000000000000000000e+00
7.433575997969381888e+01,0.000000000000000000e+00
7.539595494376312956e+01,0.000000000000000000e+00
7.774171611751319233e+01,0.000000000000000000e+00
7.237833290388755358e+01,0.000000000000000000e+00
7.325753492066276351e+01,0.000000000000000000e+00
7.592311033221075434e+01,0.000000000000000000e+00
7.488580971988857016e+01,0.000000000000000000e+00
7.440510379228391002e+01,0.000000000000000000e+00
7.455249191092353556e+01,0.000000000000000000e+00
7.460677316901126233e+01,0.000000000000000000e+00
7.064933719333150464e+01,0.000000000000000000e+00
7.616966676608247155e+01,0.000000000000000000e+00
7.325301148835740150e+01,0.000000000000000000e+00
7.796748323894365740e+01,0.000000000000000000e+00
7.441175226126993891e+01,0.000000000000000000e+00
7.348804505510064189e+01,0.000000000000000000e+00
7.404378233251986785e+01,0.000000000000000000e+00
7.481566286749155381e+01,0.000000000000000000e+00
7.689831056907829065e+01,0.000000000000000000e+00
7.847951606248643941e+01,0.000000000000000000e+00
7.581717744264749115e+01,0.000000000000000000e+00
7.414839723284335093e+01,0.000000000000000000e+00
7.412603879631582515e+01,0.000000000000000000e+00
7.427324766047020432e+01,0.000000000000000000e+00
7.324096107983081083e+01,0.000000000000000000e+00
7.429945348222960888e+01,0.000000000000000000e+00
7.492418283147145530e+01,0.000000000000000000e+00
7.278075784525209713e+01,0.000000000000000000e+00
7.527466594348868512e+01,0.000000000000000000e+00
7.198639087069331310e+01,0.000000000000000000e+00
7.575692082326744980e+01,0.000000000000000000e+00
7.419462866708367699e+01,0.000000000000000000e+00
7.424631211489946736e+01,0.000000000000000000e+00
7.197937740625408765e+01,0.000000000000000000e+00
7.610455517894627064e+01,0.000000000000000000e+00
7.538387996776219779e+01,0.000000000000000000e+00
7.286064146194566149e+01,0.000000000000000000e+00
7.244473471417413180e+01,0.000000000000000000e+00
6.954646728136894751e+01,0.000000000000000000e+00
7.418378914982429251e+01,0.000000000000000000e+00
7.218185845837619752e+01,0.000000000000000000e+00
7.220119373288711984e+01,0.000000000000000000e+00
7.427763524855178900e+01,0.000000000000000000e+00
7.240648752413660816e+01,0.000000000000000000e+00
7.269474536105202844e+01,0.000000000000000000e+00
7.425066312057089135e+01,0.000000000000000000e+00
7.234265101767047668e+01,0.000000000000000000e+00
7.535924700581050217e+01,0.000000000000000000e+00
7.236950415240589507e+01,0.000000000000000000e+00
7.176232022344581196e+01,0.000000000000000000e+00
7.187759712095808595e+01,0.000000000000000000e+00
7.106971993896559070e+01,0.000000000000000000e+00
7.401537323375838184e+01,0.000000000000000000e+00
7.368896919679136204e+01,0.000000000000000000e+00
6.869994665488071917e+01,0.000000000000000000e+00
7.266238718807140629e+01,0.000000000000000000e+00
7.153615669156366152e+01,0.000000000000000000e+00
7.558667276780806787e+01,0.000000000000000000e+00
7.440907320956807780e+01,0.000000000000000000e+00
7.134917401351843580e+01,0.000000000000000000e+00
6.963305582227899038e+01,0.000000000000000000e+00
7.547152687210251543e+01,0.000000000000000000e+00
6.812680349515488842e+01,0.000000000000000000e+00
6.873859994498320702e+01,0.000000000000000000e+00
7.455912164242401730e+01,0.000000000000000000e+00
7.066886742115892162e+01,0.000000000000000000e+00
7.474584502838209232e+01,0.000000000000000000e+00
7.046576471286348919e+01,0.000000000000000000e+00
6.836729740990584503e+01,0.000000000000000000e+00
7.503223934490189606e+01,0.000000000000000000e+00
7.370809814750560918e+01,0.000000000000000000e+00
6.850403713305411202e+01,0.000000000000000000e+00
7.125151824204345985e+01,0.000000000000000000e+00
6.839807942611214742e+01,0.000000000000000000e+00
7.410275812427404674e+01,0.000000000000000000e+00
7.143148565832990471e+01,0.000000000000000000e+00
7.000790052006848896e+01,0.000000000000000000e+00
7.001644288136205319e+01,0.000000000000000000e+00
6.714299177585098732e+01,0.000000000000000000e+00
7.203300587896484330e+01,0.000000000000000000e+00
7.094117198377190903e+01,0.000000000000000000e+00
7.151081713231467063e+01,0.000000000000000000e+00
6.960535917439537457e+01,0.000000000000000000e+00
7.515248070217960219e+01,0.000000000000000000e+00
7.138831218588732952e+01,0.000000000000000000e+00
7.424401921168485785e+01,0.000000000000000000e+00
7.212815242087950196e+01,0.000000000000000000e+00
7.426909491218219728e+01,0.000000000000000000e+00
7.379965285522978036e+01,0.000000000000000000e+00
7.203882391323728029e+01,0.000000000000000000e+00
7.039429013191774231e+01,0.000000000000000000e+00
7.050540810421797744e+01,0.000000000000000000e+00
6.610524205045574320e+01,0.000000000000000000e+00
6.924165869794701678e+01,0.000000000000000000e+00
7.251562034503984933e+01,0.000000000000000000e+00
7.173650950011635530e+01,0.000000000000000000e+00
7.201897606982522859e+01,0.000000000000000000e+00
7.236387564782428683e+01,0.000000000000000000e+00
6.813209863470692085e+01,0.000000000000000000e+00
6.733564876321135273e+01,0.000000000000000000e+00
6.888950590322004075e+01,0.000000000000000000e+00
6.929333215316215444e+01,0.000000000000000000e+00
6.996698931882981753e+01,0.000000000000000000e+00
6.782869650070759349e+01,0.000000000000000000e+00
7.311009352962175001e+01,0.000000000000000000e+00
7.282269879913326349e+01,0.000000000000000000e+00
6.740991809956778980e+01,0.000000000000000000e+00
7.081789607081978488e+01,0.000000000000000000e+00
7.226864036072043973e+01,0.000000000000000000e+00
7.148434614569136158e+01,0.000000000000000000e+00
6.914296548939441323e+01,0.000000000000000000e+00
6.755431289458762478e+01,0.000000000000000000e+00
6.966716115164213363e+01,0.000000000000000000e+00
7.224456075059879367e+01,0.000000000000000000e+00
7.139236006324682648e+01,0.000000000000000000e+00
6.831371396778371263e+01,0.000000000000000000e+00
7.288001623967727483e+01,0.000000000000000000e+00
6.682891093237994085e+01,0.000000000000000000e+00
6.701478891563152729e+01,0.000000000000000000e+00
7.042271693039926106e+01,0.000000000000000000e+00
7.047506058581194566e+01,0.000000000000000000e+00
7.115288791112523370e+01,0.000000000000000000e+00
7.052737471252174828e+01,0.000000000000000000e+00
6.924061103209493240e+01,0.000000000000000000e+00
6.884290072115159376e+01,0.000000000000000000e+00
6.754166843161848988e+01,0.000000000000000000e+00
6.688530051676598021e+01,0.000000000000000000e+00
7.055411595800862301e+01,0.000000000000000000e+00
7.265896419475328116e+01,0.000000000000000000e+00
7.162851116881904545e+01,0.000000000000000000e+00
6.668401384907762974e+01,0.000000000000000000e+00
6.278485490184283435e+01,0.000000000000000000e+00
6.797197832572312848e+01,0.000000000000000000e+00
6.831306018806644431e+01,0.000000000000000000e+00
6.934754051789632001e+01,0.000000000000000000e+00
6.443047952898538711e+01,0.000000000000000000e+00
6.976462538429353799e+01,0.000000000000000000e+00
6.850882119821375227e+01,0.000000000000000000e+00
6.815012633437815737e+01,0.000000000000000000e+00
7.195651096674465919e+01,0.000000000000000000e+00
6.564130595407426938e+01,0.000000000000000000e+00
6.574181744134318706e+01,0.000000000000000000e+00
6.882553095907606178e+01,0.000000000000000000e+00
6.848574938269352685e+01,0.000000000000000000e+00
6.743161640735307572e+01,0.000000000000000000e+00
6.771739988554860190e+01,0.000000000000000000e+00
6.507569195626341241e+01,0.000000000000000000e+00
6.536841585256786402e+01,0.000000000000000000e+00
6.899520831734319870e+01,0.000000000000000000e+00
6.557677902188221708e+01,0.000000000000000000e+00
6.814984416250847232e+01,0.000000000000000000e+00
6.705780697159590886e+01,0.000000000000000000e+00
6.474833012351926698e+01,0.000000000000000000e+00
6.749685749988515227e+01,0.000000000000000000e+00
6.824260083855129722e+01,0.000000000000000000e+00
6.420512588728203696e+01,0.000000000000000000e+00
6.687032316265307941e+01,0.000000000000000000e+00
6.636366825756056187e+01,0.000000000000000000e+00
6.684419625551088018e+01,0.000000000000000000e+00
6.684973542487412601e+01,0.000000000000000000e+00
6.297398250257263186e+01,0.000000000000000000e+00
6.191469792419956519e+01,0.000000000000000000e+00
6.633943231961931986e+01,0.000000000000000000e+00
6.630304788820023987e+01,0.000000000000000000e+00
6.516065715777004641e+01,0.000000000000000000e+00
6.638533244684890633e+01,0.000000000000000000e+00
6.621441620909584458e+01,0.000000000000000000e+00
6.882941805426240478e+01,0.000000000000000000e+00
6.550781365258022504e+01,0.000000000000000000e+00
6.309195662110911940e+01,0.000000000000000000e+00
6.270405717254749334e+01,0.000000000000000000e+00
6.343678870869111819e+01,0.000000000000000000e+00
6.860132574865366450e+01,0.000000000000000000e+00
6.762583219927378764e+01,0.000000000000000000e+00
6.290094132537454641e+01,0.000000000000000000e+00
6.508514501772134508e+01,0.000000000000000000e+00
6.440451131601744805e+01,0.000000000000000000e+00
6.766093693097496953e+01,0.000000000000000000e+00
6.570910074130854639e+01,0.000000000000000000e+00
6.118763335617326504e+01,0.000000000000000000e+00
6.217936353796564219e+01,0.000000000000000000e+00
6.444663709045082101e+01,0.000000000000000000e+00
6.465275652399694195e+01,0.000000000000000000e+00
6.217363304483357922e+01,0.000000000000000000e+00
6.898875565878768157e+01,0.000000000000000000e+00
6.428639144029068575e+01,0.000000000000000000e+00
6.394203930885106502e+01,0.000000000000000000e+00
6.481453587980156783e+01,0.000000000000000000e+00
6.307784099172923220e+01,0.000000000000000000e+00
6.475422389629180486e+01,0.000000000000000000e+00
6.286268408277964426e+01,0.000000000000000000e+00
6.290006016077793305e+01,0.000000000000000000e+00
6.011335218448161299e+01,0.000000000000000000e+00
6.600333250740852975e+01,0.000000000000000000e+00
6.162877915942927132e+01,0.000000000000000000e+00
6.045185211688498583e+01,0.000000000000000000e+00
6.226448119794890346e+01,0.000000000000000000e+00
6.134715742042060782e+01,0.000000000000000000e+00
6.521282587315711510e+01,0.000000000000000000e+00
6.049851287256632304e+01,0.000000000000000000e+00
6.053043999952014786e+01,0.000000000000000000e+00
6.258597813309044255e+01,0.000000000000000000e+00
6.401221970678651019e+01,0.000000000000000000e+00
6.184625147625605024e+01,0.000000000000000000e+00
6.150418593500321407e+01,0.000000000000000000e+00
6.163335205669957872e+01,0.000000000000000000e+00
5.979042767140922621e+01,0.000000000000000000e+00
6.151955168186428580e+01,0.000000000000000000e+00
6.122970171566110054e+01,0.000000000000000000e+00
6.120273866658377671e+01,0.000000000000000000e+00
6.100023837465816712e+01,0.000000000000000000e+00
6.110151512486285696e+01,0.000000000000000000e+00
5.995077284745819668e+01,0.000000000000000000e+00
6.406677304066153056e+01,0.000000000000000000e+00
6.177111492891908284e+01,0.000000000000000000e+00
5.972523467613434889e+01,0.000000000000000000e+00
6.239222469308565877e+01,0.000000000000000000e+00
6.175379569198317853e+01,0.000000000000000000e+00
6.498889536316954718e+01,0.000000000000000000e+00
6.250176686848296725e+01,0.000000000000000000e+00
6.199332850614720769e+01,0.000000000000000000e+00
6.259228898571915067e+01,0.000000000000000000e+00
6.087750611136541323e+01,0.000000000000000000e+00
6.476863347075318700e+01,0.000000000000000000e+00
6.267257225127706732e+01,0.000000000000000000e+00
6.141843151948922497e+01,0.000000000000000000e+00
6.107638105831658493e+01,0.000000000000000000e+00
6.198253544190109920e+01,0.000000000000000000e+00
5.924698149078486153e+01,0.000000000000000000e+00
6.035762752846409995e+01,0.000000000000000000e+00
6.264727382653902765e+01,0.000000000000000000e+00
5.988373799044384782e+01,0.000000000000000000e+00
5.968504003962717519e+01,0.000000000000000000e+00
5.708362335061173809e+01,0.000000000000000000e+00
6.019205087420485256e+01,0.000000000000000000e+00
6.162859953806422197e+01,0.000000000000000000e+00
5.817621160238718403e+01,0.000000000000000000e+00
6.078446333526156309e+01,0.000000000000000000e+00
6.077472539217441039e+01,0.000000000000000000e+00
6.490051974335338514e+01,0.000000000000000000e+00
6.285263517299406288e+01,0.000000000000000000e+00
6.226257275289795245e+01,0.000000000000000000e+00
6.000408819735019250e+01,0.000000000000000000e+00
6.070765773958188305e+01,0.000000000000000000e+00
5.685691938057802020e+01,0.000000000000000000e+00
5.922214145858132639e+01,0.000000000000000000e+00
5.722961443023214656e+01,0.000000000000000000e+00
5.666881537111624567e+01,0.000000000000000000e+00
6.141547388999576640e+01,0.000000000000000000e+00
5.804194505330642073e+01,0.000000000000000000e+00
6.172293857047952059e+01,0.000000000000000000e+00
5.818983272574892140e+01,0.000000000000000000e+00
5.885198719086960040e+01,0.000000000000000000e+00
5.704948002423981990e+01,0.000000000000000000e+00
6.136644336617186468e+01,0.000000000000000000e+00
5.493093578103417229e+01,0.000000000000000000e+00
6.210131323769471834e+01,0.000000000000000000e+00
5.974351104505699794e+01,0.000000000000000000e+00
5.302475833317107856e+01,0.000000000000000000e+00
6.089642691692839094e+01,0.000000000000000000e+00
5.638733875503654502e+01,0.000000000000000000e+00
5.799992385359338698e+01,0.000000000000000000e+00
5.637472023121233633e+01,0.000000000000000000e+00
5.684417266099693222e+01,0.000000000000000000e+00
5.659971099716241127e+01,0.000000000000000000e+00
5.387279703649500817e+01,0.000000000000000000e+00
5.641124933197535540e+01,0.000000000000000000e+00
6.029886078809619221e+01,0.000000000000000000e+00
5.776401015357182445e+01,0.000000000000000000e+00
5.881232733242259059e+01,0.000000000000000000e+00
5.159230373696242111e+01,0.000000000000000000e+00
5.875021269854684647e+01,0.000000000000000000e+00
5.745446039020811924e+01,0.000000000000000000e+00
5.789116361646909326e+01,0.000000000000000000e+00
5.668276122909635717e+01,0.000000000000000000e+00
5.628692118357010088e+01,0.000000000000000000e+00
5.650625104363169982e+01,0.000000000000000000e+00
5.274978416696239947e+01,0.000000000000000000e+00
5.792763528602506540e+01,0.000000000000000000e+00
5.674668248771796186e+01,0.000000000000000000e+00
5.964405887427550823e+01,0.000000000000000000e+00
5.292776313018573831e+01,0.000000000000000000e+00
6.001444568132992430e+01,0.000000000000000000e+00
6.040908696715741399e+01,0.000000000000000000e+00
5.644463896050453400e+01,0.000000000000000000e+00
5.969487945200199164e+01,0.000000000000000000e+00
5.042430040634738475e+01,0.000000000000000000e+00
6.163767175779200613e+01,0.000000000000000000e+00
5.511840348948430801e+01,0.000000000000000000e+00
5.817050205629998061e+01,0.000000000000000000e+00
5.604203017681069809e+01,0.000000000000000000e+00
5.820841869353242970e+01,0.000000000000000000e+00
5.575728309051508091e+01,0.000000000000000000e+00
5.664293791229261643e+01,0.000000000000000000e+00
5.454115997359879486e+01,0.000000000000000000e+00
5.880523018236652177e+01,0.000000000000000000e+00
5.661362122655236107e+01,0.000000000000000000e+00
5.300984320077380829e+01,0.000000000000000000e+00
5.613459688526931046e+01,0.000000000000000000e+00
5.621696615776615857e+01,0.000000000000000000e+00
5.476638728308910231e+01,0.000000000000000000e+00
5.632439690369500340e+01,0.000000000000000000e+00
5.377422466138322221e+01,0.000000000000000000e+00
5.483067391910713440e+01,0.000000000000000000e+00
5.526261896490343162e+01,0.000000000000000000e+00
5.807704998388803119e+01,0.000000000000000000e+00
5.455853768422515060e+01,0.000000000000000000e+00
5.375303907957808747e+01,0.000000000000000000e+00
5.434155772039835597e+01,0.000000000000000000e+00
5.461849668671650448e+01,0.000000000000000000e+00
5.368307588244156392e+01,0.000000000000000000e+00
5.444654136758499874e+01,0.000000000000000000e+00
5.626204833105705916e+01,0.000000000000000000e+00
5.519778151119685816e+01,0.000000000000000000e+00
5.564408837329122548e+01,0.000000000000000000e+00
5.463176250035892423e+01,0.000000000000000000e+00
5.111383150492902416e+01,0.000000000000000000e+00
5.744594226340699095e+01,0.000000000000000000e+00
5.533794622713489986e+01,0.000000000000000000e+00
5.335943564592959376e+01,0.000000000000000000e+00
5.362196329477139756e+01,0.000000000000000000e+00
5.242930708549622665e+01,0.000000000000000000e+00
5.473610760323705193e+01,0.000000000000000000e+00
5.022785001043069997e+01,0.000000000000000000e+00
5.505334104805906037e+01,0.000000000000000000e+00
5.474687793411978731e+01,0.000000000000000000e+00
5.081717268950777822e+01,0.000000000000000000e+00
5.305702065601006012e+01,0.000000000000000000e+00
5.364554125736973589e+01,0.000000000000000000e+00
5.367519555922238084e+01,0.000000000000000000e+00
4.982447548978363017e+01,0.000000000000000000e+00
5.276844847535141270e+01,0.000000000000000000e+00
5.210669106961392316e+01,0.000000000000000000e+00
5.182673266839383786e+01,0.000000000000000000e+00
5.148529022886034312e+01,0.000000000000000000e+00
5.045791965602244744e+01,0.000000000000000000e+00
5.323896280293739380e+01,0.000000000000000000e+00
5.361723223899203106e+01,0.000000000000000000e+00
5.164414850480972774e+01,0.000000000000000000e+00
5.186144026739436441e+01,0.000000000000000000e+00
5.124419438778943459e+01,0.000000000000000000e+00
5.418572882752005171e+01,0.000000000000000000e+00
5.448557725159479048e+01,0.000000000000000000e+00
5.025802945076993211e+01,0.000000000000000000e+00
5.502841382464362141e+01,0.000000000000000000e+00
4.976162535613887883e+01,0.000000000000000000e+00
5.228855080959240098e+01,0.000000000000000000e+00
5.069829911280177015e+01,0.000000000000000000e+00
4.774272970036746244e+01,0.000000000000000000e+00
4.918377899686990418e+01,0.000000000000000000e+00
5.263552363909904130e+01,0.000000000000000000e+00
5.320795063357649468e+01,0.000000000000000000e+00
5.187332039218041757e+01,0.000000000000000000e+00
4.937712128102260323e+01,0.000000000000000000e+00
5.022705513663765942e+01,0.000000000000000000e+00
4.790329275529757069e+01,0.000000000000000000e+00
5.210597178375091687e+01,0.000000000000000000e+00
4.927541540709949430e+01,0.000000000000000000e+00
4.889734188248687730e+01,0.000000000000000000e+00
5.097488036313632875e+01,0.000000000000000000e+00
5.270040901024279378e+01,0.000000000000000000e+00
5.287850085725905558e+01,0.000000000000000000e+00
4.970061221293968146e+01,0.000000000000000000e+00
5.344855433005336209e+01,0.000000000000000000e+00
5.148648747161545458e+01,0.000000000000000000e+00
5.140082722012372329e+01,0.000000000000000000e+00
4.980314095236819583e+01,0.000000000000000000e+00
5.004752998224258675e+01,0.000000000000000000e+00
4.938174458324808569e+01,0.000000000000000000e+00
4.976686031656654308e+01,0.000000000000000000e+00
4.923604253806902165e+01,0.000000000000000000e+00
4.707732107245925590e+01,0.000000000000000000e+00
4.742083349984689278e+01,0.000000000000000000e+00
4.978840987039446730e+01,0.000000000000000000e+00
4.949120055181137445e+01,0.000000000000000000e+00
5.246362984829738707e+01,0.000000000000000000e+00
5.018565101543117635e+01,0.000000000000000000e+00
4.758657211414608668e+01,0.000000000000000000e+00
4.946130909540374887e+01,0.000000000000000000e+00
4.861356645970082013e+01,0.000000000000000000e+00
4.911495351298330547e+01,0.000000000000000000e+00
4.995882694375409727e+01,0.000000000000000000e+00
4.842188278771049426e+01,0.000000000000000000e+00
4.572941586650297552e+01,0.000000000000000000e+00
4.914136868325671514e+01,0.000000000000000000e+00
4.863079506339455094e+01,0.000000000000000000e+00
5.092762574577549373e+01,0.000000000000000000e+00
4.920215515466072986e+01,0.000000000000000000e+00
4.816272339723871454e+01,0.000000000000000000e+00
4.949989747162702258e+01,0.000000000000000000e+00
4.888891016207089280e+01,0.000000000000000000e+00
4.388061672213485309e+01,0.000000000000000000e+00
4.751062073153819654e+01,0.000000000000000000e+00
4.881519104894188388e+01,0.000000000000000000e+00
5.141736576097835609e+01,0.000000000000000000e+00
4.860908900017414425e+01,0.000000000000000000e+00
4.720864544425252518e+01,0.000000000000000000e+00
4.969826983147093813e+01,0.000000000000000000e+00
4.512407587676613474e+01,0.000000000000000000e+00
4.753584677268276693e+01,0.000000000000000000e+00
4.513651215747345447e+01,0.000000000000000000e+00
4.543501562770867963e+01,0.000000000000000000e+00
4.714846281983789567e+01,0.000000000000000000e+00
4.722561885203218424e+01,0.000000000000000000e+00
4.903151408004307399e+01,0.000000000000000000e+00
5.311669443178206507e+01,0.000000000000000000e+00
4.580029841897894727e+01,0.000000000000000000e+00
4.791522290296278896e+01,0.000000000000000000e+00
4.439959253426778218e+01,0.000000000000000000e+00
4.677507145865203597e+01,0.000000000000000000e+00
4.837788464370070329e+01,0.000000000000000000e+00
4.306152130585943638e+01,0.000000000000000000e+00
4.360598353891965928e+01,0.000000000000000000e+00
4.713883324613201609e+01,0.000000000000000000e+00
4.991138441346438981e+01,0.000000000000000000e+00
4.741664151710940445e+01,0.000000000000000000e+00
4.426138166965980503e+01,0.000000000000000000e+00
4.735344959978161228e+01,0.000000000000000000e+00
4.392745657338367238e+01,0.000000000000000000e+00
4.370758695909159997e+01,0.000000000000000000e+00
4.375534354414162408e+01,0.000000000000000000e+00
4.890924495934125815e+01,0.000000000000000000e+00
4.635588522521091193e+01,0.000000000000000000e+00
4.284637657245221476e+01,0.000000000000000000e+00
4.383244290075793259e+01,0.000000000000000000e+00
4.441064610422859005e+01,0.000000000000000000e+00
4.343102953344465078e+01,0.000000000000000000e+00
4.454716668589986028e+01,0.000000000000000000e+00
4.596771225658504534e+01,0.000000000000000000e+00
4.747481163260054871e+01,0.000000000000000000e+00
4.488544372405605287e+01,0.000000000000000000e+00
4.757251891151296519e+01,0.000000000000000000e+00
4.410584566263469952e+01,0.000000000000000000e+00
4.491718155254197598e+01,0.000000000000000000e+00
4.590964084861145267e+01,0.000000000000000000e+00
4.477763102775314508e+01,0.000000000000000000e+00
4.322626310154796414e+01,0.000000000000000000e+00
4.240294406240286662e+01,0.000000000000000000e+00
4.055187220576394935e+01,0.000000000000000000e+00
4.264223848869764311e+01,0.000000000000000000e+00
4.321944230968535550e+01,0.000000000000000000e+00
4.574559645424486831e+01,0.000000000000000000e+00
4.349858543536336697e+01,0.000000000000000000e+00
4.335669363910640328e+01,0.000000000000000000e+00
4.214973560161183030e+01,0.000000000000000000e+00
4.144262307995153805e+01,0.000000000000000000e+00
4.456230002441866844e+01,0.000000000000000000e+00
4.687889546024182152e+01,0.000000000000000000e+00
4.425336031631703548e+01,0.000000000000000000e+00
4.439065912301645511e+01,0.000000000000000000e+00
4.429822094565040658e+01,0.000000000000000000e+00
4.309583030286874106e+01,0.000000000000000000e+00
4.072865841005730658e+01,0.000000000000000000e+00
4.175165277965388810e+01,0.000000000000000000e+00
4.300074194996867760e+01,0.000000000000000000e+00
4.486681424975400745e+01,0.000000000000000000e+00
4.096907631927957993e+01,0.000000000000000000e+00
4.319370863973794883e+01,0.000000000000000000e+00
4.260556582646113100e+01,0.000000000000000000e+00
4.102254407906782063e+01,0.000000000000000000e+00
4.578976718335009366e+01,0.000000000000000000e+00
4.159608773706356999e+01,0.000000000000000000e+00
4.054089729617129478e+01,0.000000000000000000e+00
4.484155428315716563e+01,0.000000000000000000e+00
4.097650777566602187e+01,0.000000000000000000e+00
4.101180483968403934e+01,0.000000000000000000e+00
4.149098511362632280e+01,0.000000000000000000e+00
4.355833083968018826e+01,0.000000000000000000e+00
4.153902316434947295e+01,0.000000000000000000e+00
4.249702314420192550e+01,0.000000000000000000e+00
4.088625828673702500e+01,0.000000000000000000e+00
4.031629795912609637e+01,0.000000000000000000e+00
3.947797865782581539e+01,0.000000000000000000e+00
4.344640293208773585e+01,0.000000000000000000e+00
4.061606160900422680e+01,0.000000000000000000e+00
3.792043495319187940e+01,0.000000000000000000e+00
4.358703204865793879e+01,0.000000000000000000e+00
3.997965875195849605e+01,0.000000000000000000e+00
3.930944655771892826e+01,0.000000000000000000e+00
4.167945435822009870e+01,0.000000000000000000e+00
4.296996803462418058e+01,0.000000000000000000e+00
4.214010176668580954e+01,0.000000000000000000e+00
4.282028055168401437e+01,0.000000000000000000e+00
4.002746938817289646e+01,0.000000000000000000e+00
3.967153908902677983e+01,0.000000000000000000e+00
3.847439313781237047e+01,0.000000000000000000e+00
4.306937069868315859e+01,0.000000000000000000e+00
3.753702847127838993e+01,0.000000000000000000e+00
3.801122627513129970e+01,0.000000000000000000e+00
4.097984385854058331e+01,0.000000000000000000e+00
4.414446164489400104e+01,0.000000000000000000e+00
4.211133042783826141e+01,0.000000000000000000e+00
3.774126066150682135e+01,0.000000000000000000e+00
4.130328923373524930e+01,0.000000000000000000e+00
4.215472570551748532e+01,0.000000000000000000e+00
3.901048046114661361e+01,0.000000000000000000e+00
3.643601557612931430e+01,0.000000000000000000e+00
4.018349680003201030e+01,0.000000000000000000e+00
4.084276229183455342e+01,0.000000000000000000e+00
4.052143713527743785e+01,0.000000000000000000e+00
3.771764358846848353e+01,0.000000000000000000e+00
4.132057705507256173e+01,0.000000000000000000e+00
4.226325512132115136e+01,0.000000000000000000e+00
4.012738583937465364e+01,0.000000000000000000e+00
3.665740154508839765e+01,0.000000000000000000e+00
4.111535585099848333e+01,0.000000000000000000e+00
3.930194465653497105e+01,0.000000000000000000e+00
3.786828945050218209e+01,0.000000000000000000e+00
3.835822655476874843e+01,0.000000000000000000e+00
3.839220376835291404e+01,0.000000000000000000e+00
3.721432388766702815e+01,0.000000000000000000e+00
3.758755451525700408e+01,0.000000000000000000e+00
3.768348521944978557e+01,0.000000000000000000e+00
4.022126708100033454e+01,0.000000000000000000e+00
3.443234227784648027e+01,0.000000000000000000e+00
4.170938598091237992e+01,0.000000000000000000e+00
3.905081539119187539e+01,0.000000000000000000e+00
4.147912755971950816e+01,0.000000000000000000e+00
4.032672364277796362e+01,0.000000000000000000e+00
3.636584012748440387e+01,0.000000000000000000e+00
3.819277159306461300e+01,0.000000000000000000e+00
3.619802018055026593e+01,0.000000000000000000e+00
3.892543297351832621e+01,0.000000000000000000e+00
3.721410476519903909e+01,0.000000000000000000e+00
3.864090501297651770e+01,0.000000000000000000e+00
3.695134430864192154e+01,0.000000000000000000e+00
3.822756171490331667e+01,0.000000000000000000e+00
3.547099510177464055e+01,0.000000000000000000e+00
3.870521560655981830e+01,0.000000000000000000e+00
3.594099156837172160e+01,0.000000000000000000e+00
3.671455831136364623e+01,0.000000000000000000e+00
3.813742012826345729e+01,0.000000000000000000e+00
4.085596560292584201e+01,0.000000000000000000e+00
3.818182917984827895e+01,0.000000000000000000e+00
3.816940285519477527e+01,0.000000000000000000e+00
4.165170780613733825e+01,0.000000000000000000e+00
3.756947491108932269e+01,0.000000000000000000e+00
3.546062141529952783e+01,0.000000000000000000e+00
3.346127184325030868e+01,0.000000000000000000e+00
3.507384268407098205e+01,0.000000000000000000e+00
3.506245882143423387e+01,0.000000000000000000e+00
3.441306314759366813e+01,0.000000000000000000e+00
3.715936305830171449e+01,0.000000000000000000e+00
3.119203342798648393e+01,0.000000000000000000e+00
3.511019019044744027e+01,0.000000000000000000e+00
3.541199851925266273e+01,0.000000000000000000e+00
3.323131722452026082e+01,0.000000000000000000e+00
3.878125653050638988e+01,0.000000000000000000e+00
3.864802495745075817e+01,0.000000000000000000e+00
3.745946261330428939e+01,0.000000000000000000e+00
3.599992317879419090e+01,0.000000000000000000e+00
3.542267318881715710e+01,0.000000000000000000e+00
3.438653814777457285e+01,0.000000000000000000e+00
3.509435469494212612e+01,0.000000000000000000e+00
3.561292343754635681e+01,0.000000000000000000e+00
3.688581791322983605e+01,0.000000000000000000e+00
3.408754916563120219e+01,0.000000000000000000e+00
3.578429230936301764e+01,0.000000000000000000e+00
3.258522004484711232e+01,0.000000000000000000e+00
3.186275494571993505e+01,0.000000000000000000e+00
3.548728429854588740e+01,0.000000000000000000e+00
3.235095336514204689e+01,0.000000000000000000e+00
3.591588209300476109e+01,0.000000000000000000e+00
3.647663231691272046e+01,0.000000000000000000e+00
3.251843198234163879e+01,0.000000000000000000e+00
3.583643962538354089e+01,0.000000000000000000e+00
3.259595902013460744e+01,0.000000000000000000e+00
3.429114386046117602e+01,0.000000000000000000e+00
3.338720534985104393e+01,0.000000000000000000e+00
3.281372023008255923e+01,0.000000000000000000e+00
3.272581939473776913e+01,0.000000000000000000e+00
3.688851510586608384e+01,0.000000000000000000e+00
3.649174895813992237e+01,0.000000000000000000e+00
3.365604450728046970e+01,0.000000000000000000e+00
3.431556980708202076e+01,0.000000000000000000e+00
3.610164546366622318e+01,0.000000000000000000e+00
3.240819293976112903e+01,0.000000000000000000e+00
3.034249478717408266e+01,0.000000000000000000e+00
3.319532508035901941e+01,0.000000000000000000e+00
3.521995361821252146e+01,0.000000000000000000e+00
3.563570751719345253e+01,0.000000000000000000e+00
3.453042078152375893e+01,0.000000000000000000e+00
3.163007101144695454e+01,0.000000000000000000e+00
3.293922800434345532e+01,0.000000000000000000e+00
3.628913389037568038e+01,0.000000000000000000e+00
2.957550262704776500e+01,0.000000000000000000e+00
3.407579469409348860e+01,0.000000000000000000e+00
3.085057751818970573e+01,0.000000000000000000e+00
3.428170987386980073e+01,0.000000000000000000e+00
3.267484075196862392e+01,0.000000000000000000e+00
3.103009131946148713e+01,0.000000000000000000e+00
2.904753364678118643e+01,0.000000000000000000e+00
3.387121507425715805e+01,0.000000000000000000e+00
3.280938403732368869e+01,0.000000000000000000e+00
3.563599676850152065e+01,0.000000000000000000e+00
2.609651833111927743e+01,0.000000000000000000e+00
3.042473609360974152e+01,0.000000000000000000e+00
3.467744607865827788e+01,0.000000000000000000e+00
3.047588107999525775e+01,0.000000000000000000e+00
3.338902899709384542e+01,0.000000000000000000e+00
3.036656074716811204e+01,0.000000000000000000e+00
2.740817970002427728e+01,0.000000000000000000e+00
3.314794679803927124e+01,0.000000000000000000e+00
2.973178185442623445e+01,0.000000000000000000e+00
3.406336613074981301e+01,0.000000000000000000e+00
3.276256795414524703e+01,0.000000000000000000e+00
3.234887648603893950e+01,0.000000000000000000e+00
2.919508724350087903e+01,0.000000000000000000e+00
3.305909286859973406e+01,0.000000000000000000e+00
3.038780849471040568e+01,0.000000000000000000e+00
3.111414263448455486e+01,0.000000000000000000e+00
3.116279009231742236e+01,0.000000000000000000e+00
2.956930986041346543e+01,0.000000000000000000e+00
3.537859622017193573e+01,0.000000000000000000e+00
3.009372488919371946e+01,0.000000000000000000e+00
2.698003989732205454e+01,0.000000000000000000e+00
3.288452472928928927e+01,0.000000000000000000e+00
2.952675750427186330e+01,0.000000000000000000e+00
2.952916244673843948e+01,0.000000000000000000e+00
2.989687555651110173e+01,0.000000000000000000e+00
3.082304981114103626e+01,0.000000000000000000e+00
3.045951690250711508e+01,0.000000000000000000e+00
3.057239994177811226e+01,0.000000000000000000e+00
3.222384165013390600e+01,0.000000000000000000e+00
3.173538202816090958e+01,0.000000000000000000e+00
3.132917607488860057e+01,0.000000000000000000e+00
3.112061042404151934e+01,0.000000000000000000e+00
3.094100386932446156e+01,0.000000000000000000e+00
2.922885004597931413e+01,0.000000000000000000e+00
2.897499267130650935e+01,0.000000000000000000e+00
2.755356458365158190e+01,0.000000000000000000e+00
2.997511478425831299e+01,0.000000000000000000e+00
2.872478158399814774e+01,0.000000000000000000e+00
2.780651272331838442e+01,0.000000000000000000e+00
3.477002356931954097e+01,0.000000000000000000e+00
2.921140294961443828e+01,0.000000000000000000e+00
2.950312972300655545e+01,0.000000000000000000e+00
2.742363633882384022e+01,0.000000000000000000e+00
3.118355170893806871e+01,0.000000000000000000e+00
2.759551311282489650e+01,0.000000000000000000e+00
3.155071769308550600e+01,0.000000000000000000e+00
2.876516664587111549e+01,0.000000000000000000e+00
3.079921955529784583e+01,0.000000000000000000e+00
2.921862070766425745e+01,0.000000000000000000e+00
3.199344887857687425e+01,0.000000000000000000e+00
2.775431189145426458e+01,0.000000000000000000e+00
2.943214162772332543e+01,0.000000000000000000e+00
2.844003360329736552e+01,0.000000000000000000e+00
3.044965552759805405e+01,0.000000000000000000e+00
3.005484318571792102e+01,0.000000000000000000e+00
2.795940400822495064e+01,0.000000000000000000e+00
2.969468762645229987e+01,0.000000000000000000e+00
2.731042344577940995e+01,0.000000000000000000e+00
3.010636669412052413e+01,0.000000000000000000e+00
2.943731283951537137e+01,0.000000000000000000e+00
2.861576472857218079e+01,0.000000000000000000e+00
2.960167470597184547e+01,0.000000000000000000e+00
2.912822375579283118e+01,0.000000000000000000e+00
2.703945320298823418e+01,0.000000000000000000e+00
3.038633884082897652e+01,0.000000000000000000e+00
2.899423946611018721e+01,0.000000000000000000e+00
3.172583467866926910e+01,0.000000000000000000e+00
2.997721443818174691e+01,0.000000000000000000e+00
2.831876166483690938e+01,0.000000000000000000e+00
2.760857465146998635e+01,0.000000000000000000e+00
2.770646564762996888e+01,0.000000000000000000e+00
2.780020897482867070e+01,0.000000000000000000e+00
2.865675858246169838e+01,0.000000000000000000e+00
2.518744198631971543e+01,0.000000000000000000e+00
3.071999285488099218e+01,0.000000000000000000e+00
2.790343202465036043e+01,0.000000000000000000e+00
2.945110535420409903e+01,0.000000000000000000e+00
2.912282463379907327e+01,0.000000000000000000e+00
2.638199240731961837e+01,0.000000000000000000e+00
2.779150441136498628e+01,0.000000000000000000e+00
2.429193559880615183e+01,0.000000000000000000e+00
2.604828914532395601e+01,0.000000000000000000e+00
2.838069297610476482e+01,0.000000000000000000e+00
2.909902666686384975e+01,0.000000000000000000e+00
2.349468139095855435e+01,0.000000000000000000e+00
2.855890842068196633e+01,0.000000000000000000e+00
2.461564356539206599e+01,0.000000000000000000e+00
2.562344221212306650e+01,0.000000000000000000e+00
2.709338763698266916e+01,0.000000000000000000e+00
2.743504934954234287e+01,0.000000000000000000e+00
2.989706691615020873e+01,0.000000000000000000e+00
2.743631733017770458e+01,0.000000000000000000e+00
2.772082146099916855e+01,0.000000000000000000e+00
2.865981504953016668e+01,0.000000000000000000e+00
2.783381674418321694e+01,0.000000000000000000e+00
2.482749560862635008e+01,0.000000000000000000e+00
2.748458978472379144e+01,0.000000000000000000e+00
2.830786230895292377e+01,0.000000000000000000e+00
2.792589755617672154e+01,0.000000000000000000e+00
2.682755709927860721e+01,0.000000000000000000e+00
2.483117454061239471e+01,0.000000000000000000e+00
2.612337867743390518e+01,0.000000000000000000e+00
2.658983905537773751e+01,0.000000000000000000e+00
2.651131224882143655e+01,0.000000000000000000e+00
2.393081951649121919e+01,0.000000000000000000e+00
2.499081516505125578e+01,0.000000000000000000e+00
2.627383385552406736e+01,0.000000000000000000e+00
2.645278503515370261e+01,0.000000000000000000e+00
2.671887248577878182e+01,0.000000000000000000e+00
2.694668172062329958e+01,0.000000000000000000e+00
2.519390086331380019e+01,0.000000000000000000e+00
2.296508853599100775e+01,0.000000000000000000e+00
2.670911978557350608e+01,0.000000000000000000e+00
2.571572806736230277e+01,0.000000000000000000e+00
2.613612394811136141e+01,0.000000000000000000e+00
2.925822958483620440e+01,0.000000000000000000e+00
2.751167186039338830e+01,0.000000000000000000e+00
2.966907185225979759e+01,0.000000000000000000e+00
2.704434351523437030e+01,0.000000000000000000e+00
2.708421472187543344e+01,0.000000000000000000e+00
2.689943015802814230e+01,0.000000000000000000e+00
2.453218864054578319e+01,0.000000000000000000e+00
2.698791643518990924e+01,0.000000000000000000e+00
2.588915507145930306e+01,0.000000000000000000e+00
2.077243781857064775e+01,0.000000000000000000e+00
2.306949165562570769e+01,0.000000000000000000e+00
2.513029879480736639e+01,0.000000000000000000e+00
2.468952035066923401e+01,0.000000000000000000e+00
2.876357151825988367e+01,0.000000000000000000e+00
2.920330685923748959e+01,0.000000000000000000e+00
2.874416949752295380e+01,0.000000000000000000e+00
2.606603626034733168e+01,0.000000000000000000e+00
2.596964874192956785e+01,0.000000000000000000e+00
2.369766086101654068e+01,0.000000000000000000e+00
2.531498023043197421e+01,0.000000000000000000e+00
2.890702162647913909e+01,0.000000000000000000e+00
2.229169931856130660e+01,0.000000000000000000e+00
2.300883782561366075e+01,0.000000000000000000e+00
2.164226315471990603e+01,0.000000000000000000e+00
2.729620150975040360e+01,0.000000000000000000e+00
2.499271046056223256e+01,0.000000000000000000e+00
2.775164058805771461e+01,0.000000000000000000e+00
2.874841255679314145e+01,0.000000000000000000e+00
2.656921682588077260e+01,0.000000000000000000e+00
2.334927421230545264e+01,0.000000000000000000e+00
2.552264743270121272e+01,0.000000000000000000e+00
2.719730825607898339e+01,0.000000000000000000e+00
2.151804480553042609e+01,0.000000000000000000e+00
2.412440888623287805e+01,0.000000000000000000e+00
2.481952850153339440e+01,0.000000000000000000e+00
2.307405737657683176e+01,0.000000000000000000e+00
2.285305265210756431e+01,0.000000000000000000e+00
2.601110101474478142e+01,0.000000000000000000e+00
2.446894090967665036e+01,0.000000000000000000e+00
2.158007497466653746e+01,0.000000000000000000e+00
2.684163779351444390e+01,0.000000000000000000e+00
2.393703191951826170e+01,0.000000000000000000e+00
2.014718417732422395e+01,0.000000000000000000e+00
2.406090600204563756e+01,0.000000000000000000e+00
2.196826389519366884e+01,0.000000000000000000e+00
2.274059176779585556e+01,0.000000000000000000e+00
2.515752275696623386e+01,0.000000000000000000e+00
2.102494669825116702e+01,0.000000000000000000e+00
2.957650677514334703e+01,0.000000000000000000e+00
2.417529228934500196e+01,0.000000000000000000e+00
2.337343465654715402e+01,0.000000000000000000e+00
2.428849569244732365e+01,0.000000000000000000e+00
2.267180780397222151e+01,0.000000000000000000e+00
2.172133723498512836e+01,0.000000000000000000e+00
2.554735409787902611e+01,0.000000000000000000e+00
2.611056341534620984e+01,0.000000000000000000e+00
2.182129861129230619e+01,0.000000000000000000e+00
2.566029659680882702e+01,0.000000000000000000e+00
2.323692547560242261e+01,0.000000000000000000e+00
2.416940252278085310e+01,0.000000000000000000e+00
2.540265879788386627e+01,0.000000000000000000e+00
2.134926772701117414e+01,0.000000000000000000e+00
2.110269670031257760e+01,0.000000000000000000e+00
2.223340173142328524e+01,0.000000000000000000e+00
2.449288982669927606e+01,0.000000000000000000e+00
2.472369757416850433e+01,0.000000000000000000e+00
2.237141898207950064e+01,0.000000000000000000e+00
2.574387439517738940e+01,0.000000000000000000e+00
2.549801709246225201e+01,0.000000000000000000e+00
2.032745988756991196e+01,0.000000000000000000e+00
2.077434823004376696e+01,0.000000000000000000e+00
2.622974829935153096e+01,0.000000000000000000e+00
2.613892449737127066e+01,0.000000000000000000e+00
2.168126733398582218e+01,0.000000000000000000e+00
2.165974591270794036e+01,0.000000000000000000e+00
2.084930595819816190e+01,0.000000000000000000e+00
2.265750235874363838e+01,0.000000000000000000e+00
2.423804348107032069e+01,0.000000000000000000e+00
2.767884273606737722e+01,0.000000000000000000e+00
2.513347308611820097e+01,0.000000000000000000e+00
2.386168955916333800e+01,0.000000000000000000e+00
2.481499289726685831e+01,0.000000000000000000e+00
2.086873276514411657e+01,0.000000000000000000e+00
2.204822539502629652e+01,0.000000000000000000e+00
2.307669629206215944e+01,0.000000000000000000e+00
1.850641802297597494e+01,0.000000000000000000e+00
2.394067889142968042e+01,0.000000000000000000e+00
2.121070279984013141e+01,0.000000000000000000e+00
1.897716347379434154e+01,0.000000000000000000e+00
2.413574247798826988e+01,0.000000000000000000e+00
2.165490624057830615e+01,0.000000000000000000e+00
2.044784483980969725e+01,0.000000000000000000e+00
2.125310997116594436e+01,0.000000000000000000e+00
1.978936993335820560e+01,0.000000000000000000e+00
2.034121491982192964e+01,0.000000000000000000e+00
2.136919085621108749e+01,0.000000000000000000e+00
2.105711549621436873e+01,0.000000000000000000e+00
2.157192160848694940e+01,0.000000000000000000e+00
2.058409929925200643e+01,0.000000000000000000e+00
2.265495779621208072e+01,0.000000000000000000e+00
1.951437124242636401e+01,0.000000000000000000e+00
2.534319480224368704e+01,0.000000000000000000e+00
1.968144575833247600e+01,0.000000000000000000e+00
2.147621213270242890e+01,0.000000000000000000e+00
2.157787998042038069e+01,0.000000000000000000e+00
1.907082795016106758e+01,0.000000000000000000e+00
1.966073541037583894e+01,0.000000000000000000e+00
2.280881162189980671e+01,0.000000000000000000e+00
2.213867590816133912e+01,0.000000000000000000e+00
2.210897292598987818e+01,0.000000000000000000e+00
2.151591441085647816e+01,0.000000000000000000e+00
2.111341839202040660e+01,0.000000000000000000e+00
1.846410927729171192e+01,0.000000000000000000e+00
2.489696955978041970e+01,0.000000000000000000e+00
1.736814460140437433e+01,0.000000000000000000e+00
2.097762158049532388e+01,0.000000000000000000e+00
2.248677389146371652e+01,0.000000000000000000e+00
2.052460267646208081e+01,0.000000000000000000e+00
2.084651243128846687e+01,0.000000000000000000e+00
2.040254392406768957e+01,0.000000000000000000e+00
2.076560614522363579e+01,0.000000000000000000e+00
2.408487740802945254e+01,0.000000000000000000e+00
1.966089226482475283e+01,0.000000000000000000e+00
2.329290248269321850e+01,0.000000000000000000e+00
2.230616075157861644e+01,0.000000000000000000e+00
1.794144923243052858e+01,0.000000000000000000e+00
2.494361220363305165e+01,0.000000000000000000e+00
1.904675530002727868e+01,0.000000000000000000e+00
2.193798457420330550e+01,0.000000000000000000e+00
2.095807647013733899e+01,0.000000000000000000e+00
2.491686105174946064e+01,0.000000000000000000e+00
1.896673553200650275e+01,0.000000000000000000e+00
2.161821550666960690e+01,0.000000000000000000e+00
2.085491397260636504e+01,0.000000000000000000e+00
2.080979597404878945e+01,0.000000000000000000e+00
2.153902762395011194e+01,0.000000000000000000e+00
2.498862746569199089e+01,0.000000000000000000e+00
2.152739841036015989e+01,0.000000000000000000e+00
1.985865883368783358e+01,0.000000000000000000e+00
1.770596406928940070e+01,0.000000000000000000e+00
2.480806599218141173e+01,0.000000000000000000e+00
1.940177535109566165e+01,0.000000000000000000e+00
2.100804070596710105e+01,0.000000000000000000e+00
1.694395815854171161e+01,0.000000000000000000e+00
1.932406614926441435e+01,0.000000000000000000e+00
1.939868647132156099e+01,0.000000000000000000e+00
2.060151038606710472e+01,0.000000000000000000e+00
2.100634286433404441e+01,0.000000000000000000e+00
1.717220915424246641e+01,0.000000000000000000e+00
2.000819352958716024e+01,0.000000000000000000e+00
2.379287026595988763e+01,0.000000000000000000e+00
1.961884421257544275e+01,0.000000000000000000e+00
2.246413685585849151e+01,0.000000000000000000e+00
2.316559248245133773e+01,0.000000000000000000e+00
2.363664186047043358e+01,0.000000000000000000e+00
1.918851984154895263e+01,0.000000000000000000e+00
1.968159440662734028e+01,0.000000000000000000e+00
2.010880224452036202e+01,0.000000000000000000e+00
2.198203588289753441e+01,0.000000000000000000e+00
2.035948851758032063e+01,0.000000000000000000e+00
2.377797318740121213e+01,0.000000000000000000e+00
2.334672491771734570e+01,0.000000000000000000e+00
1.765109900980758084e+01,0.000000000000000000e+00
2.130749482278990214e+01,0.000000000000000000e+00
2.266486622018158670e+01,0.000000000000000000e+00
1.759765356712577145e+01,0.000000000000000000e+00
2.162105940500141088e+01,0.000000000000000000e+00
2.312339377984289968e+01,0.000000000000000000e+00
1.784258590698198788e+01,0.000000000000000000e+00
2.005128126486094686e+01,0.000000000000000000e+00
1.861035919800668381e+01,0.000000000000000000e+00
1.849442953648393839e+01,0.000000000000000000e+00
2.481779293904545369e+01,0.000000000000000000e+00
2.314280305182642294e+01,0.000000000000000000e+00
2.209594753022464531e+01,0.000000000000000000e+00
1.953157323922969013e+01,0.000000000000000000e+00
2.194239838375882101e+01,0.000000000000000000e+00
1.969642165616707885e+01,0.000000000000000000e+00
1.799287893120913040e+01,0.000000000000000000e+00
1.784476185417421235e+01,0.000000000000000000e+00
2.109843159830239756e+01,0.000000000000000000e+00
2.080546341210370898e+01,0.000000000000000000e+00
2.282952903188258631e+01,0.000000000000000000e+00
1.584555817444503134e+01,0.000000000000000000e+00
1.906277970454342707e+01,0.000000000000000000e+00
2.057179815778984278e+01,0.000000000000000000e+00
2.145993766264895442e+01,0.000000000000000000e+00
1.953205241263690795e+01,0.000000000000000000e+00
1.659914101551433419e+01,0.000000000000000000e+00
1.908097450925782113e+01,0.000000000000000000e+00
1.961221531426943088e+01,0.000000000000000000e+00
2.154699609318976528e+01,0.000000000000000000e+00
2.286879460727119806e+01,0.000000000000000000e+00
2.037263462362083999e+01,0.000000000000000000e+00
2.138150351096931701e+01,0.000000000000000000e+00
2.047751615281185877e+01,0.000000000000000000e+00
1.993301233731973454e+01,0.000000000000000000e+00
1.569479586570371232e+01,0.000000000000000000e+00
1.922462997615706115e+01,0.000000000000000000e+00
1.743840190187283667e+01,0.000000000000000000e+00
2.453701808194055189e+01,0.000000000000000000e+00
2.060103664508008237e+01,0.000000000000000000e+00
1.875021121593297124e+01,0.000000000000000000e+00
2.173391808447912865e+01,0.000000000000000000e+00
2.057371043605731131e+01,0.000000000000000000e+00
1.843855412593996235e+01,0.000000000000000000e+00
2.193453953606966778e+01,0.000000000000000000e+00
2.096000543948113304e+01,0.000000000000000000e+00
2.143839431416082775e+01,0.000000000000000000e+00
2.071685844074585603e+01,0.000000000000000000e+00
1.877651982030400291e+01,0.000000000000000000e+00
2.192164738083589981e+01,0.000000000000000000e+00
1.767213036932397685e+01,0.000000000000000000e+00
2.211511166138523521e+01,0.000000000000000000e+00
1.958786807644391459e+01,0.000000000000000000e+00
1.905200296302383833e+01,0.000000000000000000e+00
2.481961521892844402e+01,0.000000000000000000e+00
1.595556475293163956e+01,0.000000000000000000e+00
1.642177100756679309e+01,0.000000000000000000e+00
1.971371266898692554e+01,0.000000000000000000e+00
2.111554128959171095e+01,0.000000000000000000e+00
1.926488499990933789e+01,0.000000000000000000e+00
1.716149669680617507e+01,0.000000000000000000e+00
2.041292593874830530e+01,0.000000000000000000e+00
1.709504954126557408e+01,0.000000000000000000e+00
1.931255931031023110e+01,0.000000000000000000e+00
1.773862117917937198e+01,0.000000000000000000e+00
2.078825018666367441e+01,0.000000000000000000e+00
2.207628769036986682e+01,0.000000000000000000e+00
2.084084255661976925e+01,0.000000000000000000e+00
1.829645741749122934e+01,0.000000000000000000e+00
2.014577155945582021e+01,0.000000000000000000e+00
2.293699384702029320e+01,0.000000000000000000e+00
2.287440367418074416e+01,0.000000000000000000e+00
2.123513180031517322e+01,0.000000000000000000e+00
2.068081717054684532e+01,0.000000000000000000e+00
2.027132669667196296e+01,0.000000000000000000e+00
2.171797744595613366e+01,0.000000000000000000e+00
2.444419509940353663e+01,0.000000000000000000e+00
1.665429453072345822e+01,0.000000000000000000e+00
2.009988509543059720e+01,0.000000000000000000e+00
2.128486711851005708e+01,0.000000000000000000e+00
1.978999187242221680e+01,0.000000000000000000e+00
2.029729324905271071e+01,0.000000000000000000e+00
1.843803015890378205e+01,0.000000000000000000e+00
2.408378602907816202e+01,0.000000000000000000e+00
1.729374966560106941e+01,0.000000000000000000e+00
2.061217710726837637e+01,0.000000000000000000e+00
2.366310373237526221e+01,0.000000000000000000e+00
2.130502021533901313e+01,0.000000000000000000e+00
2.359217534368118052e+01,0.000000000000000000e+00
1.985487220496436578e+01,0.000000000000000000e+00
2.452019273914665831e+01,0.000000000000000000e+00
2.005960763309796135e+01,0.000000000000000000e+00
1.641478283854723941e+01,0.000000000000000000e+00
1.876545788176314034e+01,0.000000000000000000e+00
1.795032751298451501e+01,0.000000000000000000e+00
1.692627641062278698e+01,0.000000000000000000e+00
2.213322163583208635e+01,0.000000000000000000e+00
2.267003740665830946e+01,0.000000000000000000e+00
2.271705108894874670e+01,0.000000000000000000e+00
1.894537891470858426e+01,0.000000000000000000e+00
2.022258029141417879e+01,0.000000000000000000e+00
2.007028361781287273e+01,0.000000000000000000e+00
1.741763189267818746e+01,0.000000000000000000e+00
2.132855071696519644e+01,0.000000000000000000e+00
2.503838657193691830e+01,0.000000000000000000e+00
2.145300903865822661e+01,0.000000000000000000e+00
2.243157111883580512e+01,0.000000000000000000e+00
2.099871976297462339e+01,0.000000000000000000e+00
1.783728085276488073e+01,0.000000000000000000e+00
2.327708102166523219e+01,0.000000000000000000e+00
1.865908205365216332e+01,0.000000000000000000e+00
1.862371252186588677e+01,0.000000000000000000e+00
2.203395208727756582e+01,0.000000000000000000e+00
2.075308021135212755e+01,0.000000000000000000e+00
1.976642433481853089e+01,0.000000000000000000e+00
2.002316727814147157e+01,0.000000000000000000e+00
2.148471247986560684e+01,0.000000000000000000e+00
2.170440879421942171e+01,0.000000000000000000e+00
2.301285710569741028e+01,0.000000000000000000e+00
1.681248753705540366e+01,0.000000000000000000e+00
2.138832235368210988e+01,0.000000000000000000e+00
2.194685251384263935e+01,0.000000000000000000e+00
2.151687503411085700e+01,0.000000000000000000e+00
2.458266091827408673e+01,0.000000000000000000e+00
1.898514534932451880e+01,0.000000000000000000e+00
1.830417436042523249e+01,0.000000000000000000e+00
2.030798546611898914e+01,0.000000000000000000e+00
1.922393649608919475e+01,0.000000000000000000e+00
2.105933476899473789e+01,0.000000000000000000e+00
2.212309361065060642e+01,0.000000000000000000e+00
2.073564185789836856e+01,0.000000000000000000e+00
1.978296852050905841e+01,0.000000000000000000e+00
2.009598363289131484e+01,0.000000000000000000e+00
2.076089174315744046e+01,0.000000000000000000e+00
1.675859807142192182e+01,0.000000000000000000e+00
2.050354006459996015e+01,0.000000000000000000e+00
2.042726751283099773e+01,0.000000000000000000e+00
2.154001440882513663e+01,0.000000000000000000e+00
2.102086454048445674e+01,0.000000000000000000e+00
1.649931306317026980e+01,0.000000000000000000e+00
1.788773626908459491e+01,0.000000000000000000e+00
2.090231523303582861e+01,0.000000000000000000e+00
1.934067522029627995e+01,0.000000000000000000e+00
2.039180076376781159e+01,0.000000000000000000e+00
1.848308644363425657e+01,0.000000000000000000e+00
1.733355080137245352e+01,0.000000000000000000e+00
2.213539260362738759e+01,0.000000000000000000e+00
2.194090448686835870e+01,0.000000000000000000e+00
1.790818495621386575e+01,0.000000000000000000e+00
2.394567863339283775e+01,0.000000000000000000e+00
2.328384533247792376e+01,0.000000000000000000e+00
1.996442154953667725e+01,0.000000000000000000e+00
2.112279646505887598e+01,0.000000000000000000e+00
2.010831701221114542e+01,0.000000000000000000e+00
2.320781214192907882e+01,0.000000000000000000e+00
2.421270143197426705e+01,0.000000000000000000e+00
2.079183121194727946e+01,0.000000000000000000e+00
2.255722425805002018e+01,0.000000000000000000e+00
2.343879139191520267e+01,0.000000000000000000e+00
2.168381195822653495e+01,0.000000000000000000e+00
1.969092133653368393e+01,0.000000000000000000e+00
2.234985298273548082e+01,0.000000000000000000e+00
2.107434453938629915e+01,0.000000000000000000e+00
2.042259600361919070e+01,0.000000000000000000e+00
2.209776086724578548e+01,0.000000000000000000e+00
2.111383773362068794e+01,0.000000000000000000e+00
1.964928227574896624e+01,0.000000000000000000e+00
1.669541532287380647e+01,0.000000000000000000e+00
1.998003029657993679e+01,0.000000000000000000e+00
2.254570209530228553e+01,0.000000000000000000e+00
2.081750756560216331e+01,0.000000000000000000e+00
2.065547716319939653e+01,0.000000000000000000e+00
2.040716355716363140e+01,0.000000000000000000e+00
1.820566713037045048e+01,0.000000000000000000e+00
2.400702558704577072e+01,0.000000000000000000e+00
2.158782884359984067e+01,0.000000000000000000e+00
2.332671044573033470e+01,0.000000000000000000e+00
2.114999724068208309e+01,0.000000000000000000e+00
2.250348858834863464e+01,0.000000000000000000e+00
1.979525702673731047e+01,0.000000000000000000e+00
2.268037490751898488e+01,0.000000000000000000e+00
2.175542855675673337e+01,0.000000000000000000e+00
2.086059426044735687e+01,0.000000000000000000e+00
1.843359788729759074e+01,0.000000000000000000e+00
2.485767636799589297e+01,0.000000000000000000e+00
1.858171310156518174e+01,0.000000000000000000e+00
2.194488221233109115e+01,0.000000000000000000e+00
1.972664729210232437e+01,0.000000000000000000e+00
1.982640056835771603e+01,0.000000000000000000e+00
2.098866103759389645e+01,0.000000000000000000e+00
2.232145931880729250e+01,0.000000000000000000e+00
2.327908344286065301e+01,0.000000000000000000e+00
2.214308113776971254e+01,0.000000000000000000e+00
2.546809639927936075e+01,0.000000000000000000e+00
2.135598247339298794e+01,0.000000000000000000e+00
1.988315581565722923e+01,0.000000000000000000e+00
2.026043660393821000e+01,0.000000000000000000e+00
1.831023511824037442e+01,0.000000000000000000e+00
1.856835500412297435e+01,0.000000000000000000e+00
2.118742004111339483e+01,0.000000000000000000e+00
1.694640384130018873e+01,0.000000000000000000e+00
2.294391200876332348e+01,0.000000000000000000e+00
2.494090388707555661e+01,0.000000000000000000e+00
2.364588599474808106e+01,0.000000000000000000e+00
2.386236207826838296e+01,0.000000000000000000e+00
2.103542041006051733e+01,0.000000000000000000e+00
2.232993719390061216e+01,0.000000000000000000e+00
2.295837160442908953e+01,0.000000000000000000e+00
2.057783912734998211e+01,0.000000000000000000e+00
2.234919951301424135e+01,0.000000000000000000e+00
2.233135821842105173e+01,0.000000000000000000e+00
1.872511799445032565e+01,0.000000000000000000e+00
2.473766458408041302e+01,0.000000000000000000e+00
1.854062708410753757e+01,0.000000000000000000e+00
1.952009197974497212e+01,0.000000000000000000e+00
1.910139335700073104e+01,0.000000000000000000e+00
2.502731497287444995e+01,0.000000000000000000e+00
2.199075305829172322e+01,0.000000000000000000e+00
1.991737433098818499e+01,0.000000000000000000e+00
2.225195932651627473e+01,0.000000000000000000e+00
2.231411780317714388e+01,0.000000000000000000e+00
1.883960047250861081e+01,0.000000000000000000e+00
2.515775858816307675e+01,0.000000000000000000e+00
2.098038746846467717e+01,0.000000000000000000e+00
2.057443217219465481e+01,0.000000000000000000e+00
2.672336903715790868e+01,0.000000000000000000e+00
2.065515058325786413e+01,0.000000000000000000e+00
2.011770744424683244e+01,0.000000000000000000e+00
2.434964765292381372e+01,0.000000000000000000e+00
2.358983895495310534e+01,0.000000000000000000e+00
2.184782791445845263e+01,0.000000000000000000e+00
2.512447758493317096e+01,0.000000000000000000e+00
2.180831585322404109e+01,0.000000000000000000e+00
2.417295087654522234e+01,0.000000000000000000e+00
2.145713702864649974e+01,0.000000000000000000e+00
2.332253591076056054e+01,0.000000000000000000e+00
2.239787377706886318e+01,0.000000000000000000e+00
2.544574528398077717e+01,0.000000000000000000e+00
2.225202201730085960e+01,0.000000000000000000e+00
2.293928722025051670e+01,0.000000000000000000e+00
2.261229299620498878e+01,0.000000000000000000e+00
2.278695974863314433e+01,0.000000000000000000e+00
2.017832406487312724e+01,0.000000000000000000e+00
2.151800493975517981e+01,0.000000000000000000e+00
2.691408773330122273e+01,0.000000000000000000e+00
2.165520632018447245e+01,0.000000000000000000e+00
1.822634467357453758e+01,0.000000000000000000e+00
2.111698925994643261e+01,0.000000000000000000e+00
2.438162286777533083e+01,0.000000000000000000e+00
1.997481545657990054e+01,0.000000000000000000e+00
2.504410793399193835e+01,0.000000000000000000e+00
2.481701780600874585e+01,0.000000000000000000e+00
2.421062938065532322e+01,0.000000000000000000e+00
2.361338435649818024e+01,0.000000000000000000e+00
2.597607147479103418e+01,0.000000000000000000e+00
2.188151110252393750e+01,0.000000000000000000e+00
2.291909905719862195e+01,0.000000000000000000e+00
2.398030525204242380e+01,0.000000000000000000e+00
2.179883658946894442e+01,0.000000000000000000e+00
2.466979426766315342e+01,0.000000000000000000e+00
2.450313523852748077e+01,0.000000000000000000e+00
2.521244316050621137e+01,0.000000000000000000e+00
2.495129592062346902e+01,0.000000000000000000e+00
2.143819973258250755e+01,0.000000000000000000e+00
2.920743272506198096e+01,0.000000000000000000e+00
1.986416802847028862e+01,0.000000000000000000e+00
1.965549374398555216e+01,0.000000000000000000e+00
2.412671880177768458e+01,0.000000000000000000e+00
2.471529924185758276e+01,0.000000000000000000e+00
2.754587821769510114e+01,0.000000000000000000e+00
2.323203156506518496e+01,0.000000000000000000e+00
2.603855942440963389e+01,0.000000000000000000e+00
2.220455736475874886e+01,0.000000000000000000e+00
2.573171598617829048e+01,0.000000000000000000e+00
2.366788210520876490e+01,0.000000000000000000e+00
2.614674601696356504e+01,0.000000000000000000e+00
2.538545856856992344e+01,0.000000000000000000e+00
2.603243861795146685e+01,0.000000000000000000e+00
2.482585358977809165e+01,0.000000000000000000e+00
2.527221123372739697e+01,0.000000000000000000e+00
2.799661697366479274e+01,0.000000000000000000e+00
2.755328988141764412e+01,0.000000000000000000e+00
2.775756936894311622e+01,0.000000000000000000e+00
2.508472412114764794e+01,0.000000000000000000e+00
2.617419336905193106e+01,0.000000000000000000e+00
2.419023781653179483e+01,0.000000000000000000e+00
2.315670807538095488e+01,0.000000000000000000e+00
2.739396824383567974e+01,0.000000000000000000e+00
2.535286253988777005e+01,0.000000000000000000e+00
2.616413697275828198e+01,0.000000000000000000e+00
2.410783185785967575e+01,0.000000000000000000e+00
2.870168572440447718e+01,0.000000000000000000e+00
2.508717361423558145e+01,0.000000000000000000e+00
2.340525499957164968e+01,0.000000000000000000e+00
2.388773795708599224e+01,0.000000000000000000e+00
2.599140590571814968e+01,0.000000000000000000e+00
2.252705475643991662e+01,0.000000000000000000e+00
2.608951350100002742e+01,0.000000000000000000e+00
2.433752773583418616e+01,0.000000000000000000e+00
2.892506099808601405e+01,0.000000000000000000e+00
2.775200323174463790e+01,0.000000000000000000e+00
2.639759998543281228e+01,0.000000000000000000e+00
2.941135997707613470e+01,0.000000000000000000e+00
2.389514868895440003e+01,0.000000000000000000e+00
2.615238134611475829e+01,0.000000000000000000e+00
2.593477257032309780e+01,0.000000000000000000e+00
2.590722420852577201e+01,0.000000000000000000e+00
2.752949902454311371e+01,0.000000000000000000e+00
2.669555484992737959e+01,0.000000000000000000e+00
2.604909893535056398e+01,0.000000000000000000e+00
2.499652004381690062e+01,0.000000000000000000e+00
2.188442417023845010e+01,0.000000000000000000e+00
2.974184683237476889e+01,0.000000000000000000e+00
2.568868931588777471e+01,0.000000000000000000e+00
2.885051190466697335e+01,0.000000000000000000e+00
2.708230470244185639e+01,0.000000000000000000e+00
2.680842743860299038e+01,0.000000000000000000e+00
2.499391549765534037e+01,0.000000000000000000e+00
2.750660144805400975e+01,0.000000000000000000e+00
2.633569027666476714e+01,0.000000000000000000e+00
2.433110759636468146e+01,0.000000000000000000e+00
2.890669346306766130e+01,0.000000000000000000e+00
2.930235034666083394e+01,0.000000000000000000e+00
2.614830302757039959e+01,0.000000000000000000e+00
2.421796868092032895e+01,0.000000000000000000e+00
2.707369086672759906e+01,0.000000000000000000e+00
2.587714409581982622e+01,0.000000000000000000e+00
2.890482226003798516e+01,0.000000000000000000e+00
2.706042817652344112e+01,0.000000000000000000e+00
2.910511838127785111e+01,0.000000000000000000e+00
2.662303533338738504e+01,0.000000000000000000e+00
2.979448465707588767e+01,0.000000000000000000e+00
2.737187902577943888e+01,0.000000000000000000e+00
2.360699930929898827e+01,0.000000000000000000e+00
2.470220940119214958e+01,0.000000000000000000e+00
2.976670122950399389e+01,0.000000000000000000e+00
2.631780542397741840e+01,0.000000000000000000e+00
2.806540535934015779e+01,0.000000000000000000e+00
2.582132554188223494e+01,0.000000000000000000e+00
2.376552267954655306e+01,0.000000000000000000e+00
2.608609681317031459e+01,0.000000000000000000e+00
2.980716258392386564e+01,0.000000000000000000e+00
2.896722384049666488e+01,0.000000000000000000e+00
2.617084287064018611e+01,0.000000000000000000e+00
2.595746403966549565e+01,0.000000000000000000e+00
3.075851775233203966e+01,0.000000000000000000e+00
2.851580588949905959e+01,0.000000000000000000e+00
2.580571465889122251e+01,0.000000000000000000e+00
3.075415583352749138e+01,0.000000000000000000e+00
3.036220944355115492e+01,0.000000000000000000e+00
2.842693184618011060e+01,0.000000000000000000e+00
2.767458254927839789e+01,0.000000000000000000e+00
3.106548936267153493e+01,0.000000000000000000e+00
2.631872908281455992e+01,0.000000000000000000e+00
2.641543155901991824e+01,0.000000000000000000e+00
2.888691005511633847e+01,0.000000000000000000e+00
2.781709832814867411e+01,0.000000000000000000e+00
2.904712022224566326e+01,0.000000000000000000e+00
3.000466243907645492e+01,0.000000000000000000e+00
2.818503771442961892e+01,0.000000000000000000e+00
2.873654667913345051e+01,0.000000000000000000e+00
2.677925981863820226e+01,0.000000000000000000e+00
3.053795827484213277e+01,0.000000000000000000e+00
2.798938899444686257e+01,0.000000000000000000e+00
2.928148296337543144e+01,0.000000000000000000e+00
3.126159831408948619e+01,0.000000000000000000e+00
3.215771342742709749e+01,0.000000000000000000e+00
3.298404757030130696e+01,0.000000000000000000e+00
2.595274904174480213e+01,0.000000000000000000e+00
2.895237409821126917e+01,0.000000000000000000e+00
2.652027648775804991e+01,0.000000000000000000e+00
3.170017215705983915e+01,0.000000000000000000e+00
2.845876509670780052e+01,0.000000000000000000e+00
2.851964409290470570e+01,0.000000000000000000e+00
2.882843975565762662e+01,0.000000000000000000e+00
3.120144026450654451e+01,0.000000000000000000e+00
2.842410096173751199e+01,0.000000000000000000e+00
3.025059342454523659e+01,0.000000000000000000e+00
2.796461104961392863e+01,0.000000000000000000e+00
3.076716912657860092e+01,0.000000000000000000e+00
3.090929476563512424e+01,0.000000000000000000e+00
3.055468335759037402e+01,0.000000000000000000e+00
3.173289679438387978e+01,0.000000000000000000e+00
2.956001909190200294e+01,0.000000000000000000e+00
2.959959509413790357e+01,0.000000000000000000e+00
2.868421256087857429e+01,0.000000000000000000e+00
3.252044639452044095e+01,0.000000000000000000e+00
3.043541133201797066e+01,0.000000000000000000e+00
3.017486505360650995e+01,0.000000000000000000e+00
3.017958230790652863e+01,0.000000000000000000e+00
3.251638320028004614e+01,0.000000000000000000e+00
3.033095054740310559e+01,0.000000000000000000e+00
3.032336466412308695e+01,0.000000000000000000e+00
3.172433582602544888e+01,0.000000000000000000e+00
3.186201465644727904e+01,0.000000000000000000e+00
2.785085428761301785e+01,0.000000000000000000e+00
3.421036114423093721e+01,0.000000000000000000e+00
3.125127406974864286e+01,0.000000000000000000e+00
3.209114117226918950e+01,0.000000000000000000e+00
3.360094943752103802e+01,0.000000000000000000e+00
3.296507485980433927e+01,0.000000000000000000e+00
3.177742606604222075e+01,0.000000000000000000e+00
3.105719877052053945e+01,0.000000000000000000e+00
3.142188711367996845e+01,0.000000000000000000e+00
2.944735654871184849e+01,0.000000000000000000e+00
3.095567700314654758e+01,0.000000000000000000e+00
3.233737420530296447e+01,0.000000000000000000e+00
3.099394828881369079e+01,0.000000000000000000e+00
3.312400367725235384e+01,0.000000000000000000e+00
3.019457015178764436e+01,0.000000000000000000e+00
3.307769360826576133e+01,0.000000000000000000e+00
3.129008113275959957e+01,0.000000000000000000e+00
3.312973638446048597e+01,0.000000000000000000e+00
3.331807541133711226e+01,0.000000000000000000e+00
3.220495797926994896e+01,0.000000000000000000e+00
3.185206200962150547e+01,0.000000000000000000e+00
3.323579514330380391e+01,0.000000000000000000e+00
3.065184640206271993e+01,0.000000000000000000e+00
3.484880969852135024e+01,0.000000000000000000e+00
3.319420801396795184e+01,0.000000000000000000e+00
3.106062180972513431e+01,0.000000000000000000e+00
3.405111715664332195e+01,0.000000000000000000e+00
3.362059442115799612e+01,0.000000000000000000e+00
3.362932549854719610e+01,0.000000000000000000e+00
3.027637316324391392e+01,0.000000000000000000e+00
3.242307004720352381e+01,0.000000000000000000e+00
3.417510512843739434e+01,0.000000000000000000e+00
3.613742559482649597e+01,0.000000000000000000e+00
3.350171742486990212e+01,0.000000000000000000e+00
3.426366705024248915e+01,0.000000000000000000e+00
3.067049372342274083e+01,0.000000000000000000e+00
3.451379695426659566e+01,0.000000000000000000e+00
3.378300070595323490e+01,0.000000000000000000e+00
3.570873907943411751e+01,0.000000000000000000e+00
3.490355143698931784e+01,0.000000000000000000e+00
3.795671388352221953e+01,0.000000000000000000e+00
3.187317873427960180e+01,0.000000000000000000e+00
3.628196113689764957e+01,0.000000000000000000e+00
3.176988006889001070e+01,0.000000000000000000e+00
3.339731992319994447e+01,0.000000000000000000e+00
3.301069822873306947e+01,0.000000000000000000e+00
3.486036857316784676e+01,0.000000000000000000e+00
3.281372646240320989e+01,0.000000000000000000e+00
3.472377622269361552e+01,0.000000000000000000e+00
3.146450522757878687e+01,0.000000000000000000e+00
3.596760023793194705e+01,0.000000000000000000e+00
3.314585027013693974e+01,0.000000000000000000e+00
3.392588440870191135e+01,0.000000000000000000e+00
3.461629502587224039e+01,0.000000000000000000e+00
3.186224352275004179e+01,0.000000000000000000e+00
3.397139439132177330e+01,0.000000000000000000e+00
3.565724996829212756e+01,0.000000000000000000e+00
3.685495108111353346e+01,0.000000000000000000e+00
3.102553767545589025e+01,0.000000000000000000e+00
3.906393499639643352e+01,0.000000000000000000e+00
3.661024410102206161e+01,0.000000000000000000e+00
3.662437321217523589e+01,0.000000000000000000e+00
3.608488899760295965e+01,0.000000000000000000e+00
3.480453605652777327e+01,0.000000000000000000e+00
3.636008661435828060e+01,0.000000000000000000e+00
3.599149504883071415e+01,0.000000000000000000e+00
3.547073380330895986e+01,0.000000000000000000e+00
3.622842606931205012e+01,0.000000000000000000e+00
3.620141054224794175e+01,0.000000000000000000e+00
3.589187446314380736e+01,0.000000000000000000e+00
3.691973639285310327e+01,0.000000000000000000e+00
3.642220535719719265e+01,0.000000000000000000e+00
3.622784941514554191e+01,0.000000000000000000e+00
3.997481288619295725e+01,0.000000000000000000e+00
3.509045893521649617e+01,0.000000000000000000e+00
3.807663713546492090e+01,0.000000000000000000e+00
3.743074696351730779e+01,0.000000000000000000e+00
3.728406930453125057e+01,0.000000000000000000e+00
3.805664897817293735e+01,0.000000000000000000e+00
3.704444527430644030e+01,0.000000000000000000e+00
4.101954901997508784e+01,0.000000000000000000e+00
3.486505880069140062e+01,0.000000000000000000e+00
3.764753090891505849e+01,0.000000000000000000e+00
3.578327303394511461e+01,0.000000000000000000e+00
3.623980786350922756e+01,0.000000000000000000e+00
3.798315582160027759e+01,0.000000000000000000e+00
3.785335500341553683e+01,0.000000000000000000e+00
4.027258375433194715e+01,0.000000000000000000e+00
3.722144030572414408e+01,0.000000000000000000e+00
3.534526403963914731e+01,0.000000000000000000e+00
3.965542320220166772e+01,0.000000000000000000e+00
3.662240122311317947e+01,0.000000000000000000e+00
3.700663525781256880e+01,0.000000000000000000e+00
3.583695242148102267e+01,0.000000000000000000e+00
3.945294901223021355e+01,0.000000000000000000e+00
3.915549355953704946e+01,0.000000000000000000e+00
3.579114848886926836e+01,0.000000000000000000e+00
3.706586939601796615e+01,0.000000000000000000e+00
3.806241114144624760e+01,0.000000000000000000e+00
3.771781506865482214e+01,0.000000000000000000e+00
3.751950255350732277e+01,0.000000000000000000e+00
3.852359747519922450e+01,0.000000000000000000e+00
3.897145812936719977e+01,0.000000000000000000e+00
3.362219151581631138e+01,0.000000000000000000e+00
4.169555188453435335e+01,0.000000000000000000e+00
3.511171777174607200e+01,0.000000000000000000e+00
3.965804181425442465e+01,0.000000000000000000e+00
3.960287071946887494e+01,0.000000000000000000e+00
3.940132172602979210e+01,0.000000000000000000e+00
3.695488039878614472e+01,0.000000000000000000e+00
3.958589508739375162e+01,0.000000000000000000e+00
3.786750576971393656e+01,0.000000000000000000e+00
3.647895702895286263e+01,0.000000000000000000e+00
3.901540660985320130e+01,0.000000000000000000e+00
3.794439687934029592e+01,0.000000000000000000e+00
3.667426044058360191e+01,0.000000000000000000e+00
3.677300543136590960e+01,0.000000000000000000e+00
3.951848568453936394e+01,0.000000000000000000e+00
4.275736823776540518e+01,0.000000000000000000e+00
4.036888775027734511e+01,0.000000000000000000e+00
3.981284822625410413e+01,0.000000000000000000e+00
3.826770271628006981e+01,0.000000000000000000e+00
3.921649786289484041e+01,0.000000000000000000e+00
3.913565585070364250e+01,0.000000000000000000e+00
3.965994634699561772e+01,0.000000000000000000e+00
3.651239232174798133e+01,0.000000000000000000e+00
4.086822459704961119e+01,0.000000000000000000e+00
3.584345022796755842e+01,0.000000000000000000e+00
4.020672657858009558e+01,0.000000000000000000e+00
3.968168326187343808e+01,0.000000000000000000e+00
4.000232609235299464e+01,0.000000000000000000e+00
4.036933627998132579e+01,0.000000000000000000e+00
4.107595067457617688e+01,0.000000000000000000e+00
4.020711475738313823e+01,0.000000000000000000e+00
4.496945743044805965e+01,0.000000000000000000e+00
4.157489326216564507e+01,0.000000000000000000e+00
4.124399040747865541e+01,0.000000000000000000e+00
4.245600184826157175e+01,0.000000000000000000e+00
3.858902628655050648e+01,0.000000000000000000e+00
4.418752643999523855e+01,0.000000000000000000e+00
3.887078892413714470e+01,0.000000000000000000e+00
3.979194807440412518e+01,0.000000000000000000e+00
3.987019297080712477e+01,0.000000000000000000e+00
4.198733197300699516e+01,0.000000000000000000e+00
4.198264673460518992e+01,0.000000000000000000e+00
4.046007803710048023e+01,0.000000000000000000e+00
4.180325407426660433e+01,0.000000000000000000e+00
4.135883312904207543e+01,0.000000000000000000e+00
4.098972461688997981e+01,0.000000000000000000e+00
4.283482585143340060e+01,0.000000000000000000e+00
4.230564502465635002e+01,0.000000000000000000e+00
4.325467372597130833e+01,0.000000000000000000e+00
4.336890285657949562e+01,0.000000000000000000e+00
4.324415300359497394e+01,0.000000000000000000e+00
3.781874647099746767e+01,0.000000000000000000e+00
4.419256314173583178e+01,0.000000000000000000e+00
4.546662111201595735e+01,0.000000000000000000e+00
4.361460996666199463e+01,0.000000000000000000e+00
4.216436471022283428e+01,0.000000000000000000e+00
4.085196091446326960e+01,0.000000000000000000e+00
4.367893757205567340e+01,0.000000000000000000e+00
4.275462993911823872e+01,0.000000000000000000e+00
4.553982120563258462e+01,0.000000000000000000e+00
4.274380166605827469e+01,0.000000000000000000e+00
4.456436065071176955e+01,0.000000000000000000e+00
4.285898466232352177e+01,0.000000000000000000e+00
4.249842032896989252e+01,0.000000000000000000e+00
4.260341160572355079e+01,0.000000000000000000e+00
4.223939148713979819e+01,0.000000000000000000e+00
4.439315750037226849e+01,0.000000000000000000e+00
4.530846429511425555e+01,0.000000000000000000e+00
4.152973335614736783e+01,0.000000000000000000e+00
4.092970945789988235e+01,0.000000000000000000e+00
4.488066242252348559e+01,0.000000000000000000e+00
4.375507099943636291e+01,0.000000000000000000e+00
4.491888781838014211e+01,0.000000000000000000e+00
4.287433645924149062e+01,0.000000000000000000e+00
4.359990503902695025e+01,0.000000000000000000e+00
4.183795078345882956e+01,0.000000000000000000e+00
4.311627268663421120e+01,0.000000000000000000e+00
4.359315919499538694e+01,0.000000000000000000e+00
4.281016565085530345e+01,0.000000000000000000e+00
4.654228772509087264e+01,0.000000000000000000e+00
4.284893882713779334e+01,0.000000000000000000e+00
4.475975830784884124e+01,0.000000000000000000e+00
4.733406149682392083e+01,0.000000000000000000e+00
4.419634276823047969e+01,0.000000000000000000e+00
4.676150731596176513e+01,0.000000000000000000e+00
4.774959502692982483e+01,0.000000000000000000e+00
4.229006999827839763e+01,0.000000000000000000e+00
4.086733869122844709e+01,0.000000000000000000e+00
4.229230862198409113e+01,0.000000000000000000e+00
4.485912835012531019e+01,0.000000000000000000e+00
4.916230790827214037e+01,0.000000000000000000e+00
4.536962433293158625e+01,0.000000000000000000e+00
4.530943205072921387e+01,0.000000000000000000e+00
4.600128625882742739e+01,0.000000000000000000e+00
5.144241177778980045e+01,0.000000000000000000e+00
4.720101433135619118e+01,0.000000000000000000e+00
4.493089794343284638e+01,0.000000000000000000e+00
4.597745992551900684e+01,0.000000000000000000e+00
4.734202662877816437e+01,0.000000000000000000e+00
4.750922735445717393e+01,0.000000000000000000e+00
4.559674243605773825e+01,0.000000000000000000e+00
4.901168852590188152e+01,0.000000000000000000e+00
4.427660551257026356e+01,0.000000000000000000e+00
4.542588503277816159e+01,0.000000000000000000e+00
4.501111346190644724e+01,0.000000000000000000e+00
5.006178568447777621e+01,0.000000000000000000e+00
4.631578155732596258e+01,0.000000000000000000e+00
4.540722631899552653e+01,0.000000000000000000e+00
4.460123018177360166e+01,0.000000000000000000e+00
5.089522879549389245e+01,0.000000000000000000e+00
4.605931380277742448e+01,0.000000000000000000e+00
5.215242440403494584e+01,0.000000000000000000e+00
4.616024661875831470e+01,0.000000000000000000e+00
4.822370557698545923e+01,0.000000000000000000e+00
4.559916508064613083e+01,0.000000000000000000e+00
4.802750002452301459e+01,0.000000000000000000e+00
4.741556319226452132e+01,0.000000000000000000e+00
5.124084449781297224e+01,0.000000000000000000e+00
4.897712962651795010e+01,0.000000000000000000e+00
4.763493115183533888e+01,0.000000000000000000e+00
4.317149972269533720e+01,0.000000000000000000e+00
4.537551850812801746e+01,0.000000000000000000e+00
5.149493112052765298e+01,0.000000000000000000e+00
4.606045761399237648e+01,0.000000000000000000e+00
4.827311464003562946e+01,0.000000000000000000e+00
5.094395567487028842e+01,0.000000000000000000e+00
4.530579087947965888e+01,0.000000000000000000e+00
5.113075966496873548e+01,0.000000000000000000e+00
4.692989409316800220e+01,0.000000000000000000e+00
4.960325311590992925e+01,0.000000000000000000e+00
4.800888071456931527e+01,0.000000000000000000e+00
4.656160373072156489e+01,0.000000000000000000e+00
5.247292111689439054e+01,0.000000000000000000e+00
4.892947708761732173e+01,0.000000000000000000e+00
4.760153876969700093e+01,0.000000000000000000e+00
4.552351629330743776e+01,0.000000000000000000e+00
4.974024790590802780e+01,0.000000000000000000e+00
5.197774249770748156e+01,0.000000000000000000e+00
4.483494947954100240e+01,0.000000000000000000e+00
4.745928428277575506e+01,0.000000000000000000e+00
5.006148872224363089e+01,0.000000000000000000e+00
4.851066160430720942e+01,0.000000000000000000e+00
4.722716956998593929e+01,0.000000000000000000e+00
4.826919560820858379e+01,0.000000000000000000e+00
4.732037581363977097e+01,0.000000000000000000e+00
5.159639114509405999e+01,0.000000000000000000e+00
5.112924236878577489e+01,0.000000000000000000e+00
4.974018257268490117e+01,0.000000000000000000e+00
5.035117545399373995e+01,0.000000000000000000e+00
5.068629852840384586e+01,0.000000000000000000e+00
4.680702263522623952e+01,0.000000000000000000e+00
4.857781129822592447e+01,0.000000000000000000e+00
5.006565446088612958e+01,0.000000000000000000e+00
5.061411239458582401e+01,0.000000000000000000e+00
4.832655771708408565e+01,0.000000000000000000e+00
5.177870160929820287e+01,0.000000000000000000e+00
5.218896114110800255e+01,0.000000000000000000e+00
5.407516670495977706e+01,0.000000000000000000e+00
4.892393147796425978e+01,0.000000000000000000e+00
4.992385137456472677e+01,0.000000000000000000e+00
5.271886784775113455e+01,0.000000000000000000e+00
4.766304584599458138e+01,0.000000000000000000e+00
5.338374936847215935e+01,0.000000000000000000e+00
4.738102199087752098e+01,0.000000000000000000e+00
4.901753699754603133e+01,0.000000000000000000e+00
5.107494030480594205e+01,0.000000000000000000e+00
4.836905591344824984e+01,0.000000000000000000e+00
5.300947625601727253e+01,0.000000000000000000e+00
4.918755879639194717e+01,0.000000000000000000e+00
4.959352100000243269e+01,0.000000000000000000e+00
4.997869628732893688e+01,0.000000000000000000e+00
5.127904480472025028e+01,0.000000000000000000e+00
5.092726492054067222e+01,0.000000000000000000e+00
5.121579931846996914e+01,0.000000000000000000e+00
4.984946034489014721e+01,0.000000000000000000e+00
5.246574786824938741e+01,0.000000000000000000e+00
5.347202056719436314e+01,0.000000000000000000e+00
5.463411329312116038e+01,0.000000000000000000e+00
5.059041438019767156e+01,0.000000000000000000e+00
5.322897731039579838e+01,0.000000000000000000e+00
5.427530289061651558e+01,0.000000000000000000e+00
5.214831566463147539e+01,0.000000000000000000e+00
5.757844990833654464e+01,0.000000000000000000e+00
5.299146970823231584e+01,0.000000000000000000e+00
5.308365050039142119e+01,0.000000000000000000e+00
5.062189180182145520e+01,0.000000000000000000e+00
5.058046720854055422e+01,0.000000000000000000e+00
5.160395526613345396e+01,0.000000000000000000e+00
4.969990515148728605e+01,0.000000000000000000e+00
5.409671881387785675e+01,0.000000000000000000e+00
5.725868692201865429e+01,0.000000000000000000e+00
5.541314251600349650e+01,0.000000000000000000e+00
5.132921228820103465e+01,0.000000000000000000e+00
5.547114084089902519e+01,0.000000000000000000e+00
5.605830602436800802e+01,0.000000000000000000e+00
5.890016368441945360e+01,0.000000000000000000e+00
5.641701394066630115e+01,0.000000000000000000e+00
5.533908061600777017e+01,0.000000000000000000e+00
5.264087067515976059e+01,0.000000000000000000e+00
5.699559258411056106e+01,0.000000000000000000e+00
5.301189569279289060e+01,0.000000000000000000e+00
5.407321745817891667e+01,0.000000000000000000e+00
5.617753570549084685e+01,0.000000000000000000e+00
5.270741803633841016e+01,0.000000000000000000e+00
5.168202428958577599e+01,0.000000000000000000e+00
5.451784325696082334e+01,0.000000000000000000e+00
5.314654729943866585e+01,0.000000000000000000e+00
5.291339751100866096e+01,0.000000000000000000e+00
5.174911120610457260e+01,0.000000000000000000e+00
5.767609233993894691e+01,0.000000000000000000e+00
5.205615692576149911e+01,0.000000000000000000e+00
5.426369797386126237e+01,0.000000000000000000e+00
5.641019098611450033e+01,0.000000000000000000e+00
5.504132509514563765e+01,0.000000000000000000e+00
5.784438397289202527e+01,0.000000000000000000e+00
5.606709170262305264e+01,0.000000000000000000e+00
5.252890049825486329e+01,0.000000000000000000e+00
5.367671306828314925e+01,0.000000000000000000e+00
5.658793121443826379e+01,0.000000000000000000e+00
5.714353192120748304e+01,0.000000000000000000e+00
5.689906487227418808e+01,0.000000000000000000e+00
5.653698247594898874e+01,0.000000000000000000e+00
5.695912822391564845e+01,0.000000000000000000e+00
5.807270993333668230e+01,0.000000000000000000e+00
5.859215841385154278e+01,0.000000000000000000e+00
5.581710671157394188e+01,0.000000000000000000e+00
5.392593442039252949e+01,0.000000000000000000e+00
5.719545898883535529e+01,0.000000000000000000e+00
5.726322478372959779e+01,0.000000000000000000e+00
5.514076982457748244e+01,0.000000000000000000e+00
5.716141099947231652e+01,0.000000000000000000e+00
5.660244268415737423e+01,0.000000000000000000e+00
5.628827462843808860e+01,0.000000000000000000e+00
6.129758115740899882e+01,0.000000000000000000e+00
5.616413808922517603e+01,0.000000000000000000e+00
5.972454208498081130e+01,0.000000000000000000e+00
5.632491732597434719e+01,0.000000000000000000e+00
5.930953364454065024e+01,0.000000000000000000e+00
5.610668422557095170e+01,0.000000000000000000e+00
5.708773841823508377e+01,0.000000000000000000e+00
5.788274246994915018e+01,0.000000000000000000e+00
5.744966018340483060e+01,0.000000000000000000e+00
6.035030955382903528e+01,0.000000000000000000e+00
6.449563418970666362e+01,0.000000000000000000e+00
6.071216536582036127e+01,0.000000000000000000e+00
5.938583067728122700e+01,0.000000000000000000e+00
5.450501699598631689e+01,0.000000000000000000e+00
5.812355584984652523e+01,0.000000000000000000e+00
5.593047959540353276e+01,0.000000000000000000e+00
5.595736322043233457e+01,0.000000000000000000e+00
5.922179320173555794e+01,0.000000000000000000e+00
6.047987108436051784e+01,0.000000000000000000e+00
6.007327311974331963e+01,0.000000000000000000e+00
6.113718282633708867e+01,0.000000000000000000e+00
5.890870335136695957e+01,0.000000000000000000e+00
6.047854992425559573e+01,0.000000000000000000e+00
5.837281413739716385e+01,0.000000000000000000e+00
5.553986495662468315e+01,0.000000000000000000e+00
5.905714871659277065e+01,0.000000000000000000e+00
6.084343020655774836e+01,0.000000000000000000e+00
5.816027396997379384e+01,0.000000000000000000e+00
5.910523650557779263e+01,0.000000000000000000e+00
5.786292041004386277e+01,0.000000000000000000e+00
6.246157359146102550e+01,0.000000000000000000e+00
5.740985619000598206e+01,0.000000000000000000e+00
5.732221132499956440e+01,0.000000000000000000e+00
5.815221770301094750e+01,0.000000000000000000e+00
6.185077023619749070e+01,0.000000000000000000e+00
5.788584554639881929e+01,0.000000000000000000e+00
6.142299222941556991e+01,0.000000000000000000e+00
5.955580857218134838e+01,0.000000000000000000e+00
6.016789030241992009e+01,0.000000000000000000e+00
5.835630192320061838e+01,0.000000000000000000e+00
5.846737427345818361e+01,0.000000000000000000e+00
6.187316050440509230e+01,0.000000000000000000e+00
5.953329715172199599e+01,0.000000000000000000e+00
6.300263809707901430e+01,0.000000000000000000e+00
6.183576454695066360e+01,0.000000000000000000e+00
5.911057742381007074e+01,0.000000000000000000e+00
5.925534963255243071e+01,0.000000000000000000e+00
6.252448486390787963e+01,0.000000000000000000e+00
6.424691157746441661e+01,0.000000000000000000e+00
5.858043244938906469e+01,0.000000000000000000e+00
6.150516518948766986e+01,0.000000000000000000e+00
5.987243762560080285e+01,0.000000000000000000e+00
5.829605276642273992e+01,0.000000000000000000e+00
5.855721472599697819e+01,0.000000000000000000e+00
6.134035306800153364e+01,0.000000000000000000e+00
6.360279443798552279e+01,0.000000000000000000e+00
6.143395035688255490e+01,0.000000000000000000e+00
6.108395336142297793e+01,0.000000000000000000e+00
5.958711023019594677e+01,0.000000000000000000e+00
6.134197753545569753e+01,0.000000000000000000e+00
6.134086810203840656e+01,0.000000000000000000e+00
6.097985701843691686e+01,0.000000000000000000e+00
6.243304021002321491e+01,0.000000000000000000e+00
5.881243297033653050e+01,0.000000000000000000e+00
6.231671048105537380e+01,0.000000000000000000e+00
6.226154113354126451e+01,0.000000000000000000e+00
6.407904397877069869e+01,0.000000000000000000e+00
6.432709901832767230e+01,0.000000000000000000e+00
6.229281740474291240e+01,0.000000000000000000e+00
6.180495201363012114e+01,0.000000000000000000e+00
6.257139290257598674e+01,0.000000000000000000e+00
6.275511508098399815e+01,0.000000000000000000e+00
6.214689369758248461e+01,0.000000000000000000e+00
6.466775510280426431e+01,0.000000000000000000e+00
6.073738844769961531e+01,0.000000000000000000e+00
6.335382113323478137e+01,0.000000000000000000e+00
6.088144338803373046e+01,0.000000000000000000e+00
6.226626642824177793e+01,0.000000000000000000e+00
6.660922200910844992e+01,0.000000000000000000e+00
6.010989375763222142e+01,0.000000000000000000e+00
6.350752313550374595e+01,0.000000000000000000e+00
6.099013031013659258e+01,0.000000000000000000e+00
5.857570217410459179e+01,0.000000000000000000e+00
6.360539791785132735e+01,0.000000000000000000e+00
6.594435553971204911e+01,0.000000000000000000e+00
6.385350889416546494e+01,0.000000000000000000e+00
6.340562786061503431e+01,0.000000000000000000e+00
6.315255783328320405e+01,0.000000000000000000e+00
6.323622097311793766e+01,0.000000000000000000e+00
6.263387714666399830e+01,0.000000000000000000e+00
6.642526122387457121e+01,0.000000000000000000e+00
6.490960272340072379e+01,0.000000000000000000e+00
6.239576252944125656e+01,0.000000000000000000e+00
6.317306198669705708e+01,0.000000000000000000e+00
6.351764581258970566e+01,0.000000000000000000e+00
6.378724814418848865e+01,0.000000000000000000e+00
6.571379013182649942e+01,0.000000000000000000e+00
6.117529988198604940e+01,0.000000000000000000e+00
6.638665456951318333e+01,0.000000000000000000e+00
6.457674873242807223e+01,0.000000000000000000e+00
6.510731129125035466e+01,0.000000000000000000e+00
6.510857579525783478e+01,0.000000000000000000e+00
6.500761724196541991e+01,0.000000000000000000e+00
6.442678351926694802e+01,0.000000000000000000e+00
6.713416765589308000e+01,0.000000000000000000e+00
6.549657696237026983e+01,0.000000000000000000e+00
6.388738764916837454e+01,0.000000000000000000e+00
6.993263840102501661e+01,0.000000000000000000e+00
6.676915494815136753e+01,0.000000000000000000e+00
6.529202545156023518e+01,0.000000000000000000e+00
6.525435309764124270e+01,0.000000000000000000e+00
6.566344098844230359e+01,0.000000000000000000e+00
6.399408437289830687e+01,0.000000000000000000e+00
6.749476054522563118e+01,0.000000000000000000e+00
6.277840679176399163e+01,0.000000000000000000e+00
6.905462053410184353e+01,0.000000000000000000e+00
6.572884288287453103e+01,0.000000000000000000e+00
6.759569307980105179e+01,0.000000000000000000e+00
6.444766483719409678e+01,0.000000000000000000e+00
6.818519324838040063e+01,0.000000000000000000e+00
6.266805000835169892e+01,0.000000000000000000e+00
6.758923330469316682e+01,0.000000000000000000e+00
6.261434323599186058e+01,0.000000000000000000e+00
6.781593597868526047e+01,0.000000000000000000e+00
6.409435034046508406e+01,0.000000000000000000e+00
6.554046226842008593e+01,0.000000000000000000e+00
6.689608440118958299e+01,0.000000000000000000e+00
6.559156644007063619e+01,0.000000000000000000e+00
6.726663146596563081e+01,0.000000000000000000e+00
6.428042512223119331e+01,0.000000000000000000e+00
6.612274975037711044e+01,0.000000000000000000e+00
6.523153978112389950e+01,0.000000000000000000e+00
6.852350783565549364e+01,0.000000000000000000e+00
6.832420670236353999e+01,0.000000000000000000e+00
6.556355701689807347e+01,0.000000000000000000e+00
6.422499816894180924e+01,0.000000000000000000e+00
6.748043161526146605e+01,0.000000000000000000e+00
6.312008125391770363e+01,0.000000000000000000e+00
6.366564155385255930e+01,0.000000000000000000e+00
6.597483335522821335e+01,0.000000000000000000e+00
6.894227401294949686e+01,0.000000000000000000e+00
6.714453042800418814e+01,0.000000000000000000e+00
6.671555649820543010e+01,0.000000000000000000e+00
6.623318165784024814e+01,0.000000000000000000e+00
7.118151555730140956e+01,0.000000000000000000e+00
6.797545486132909787e+01,0.000000000000000000e+00
6.588233962025051937e+01,0.000000000000000000e+00
7.136134301694544035e+01,0.000000000000000000e+00
6.593758380569892097e+01,0.000000000000000000e+00
6.999881338349730697e+01,0.000000000000000000e+00
6.564744615317725618e+01,0.000000000000000000e+00
6.794592873695617641e+01,0.000000000000000000e+00
6.747558695513652083e+01,0.000000000000000000e+00
7.111188202466497899e+01,0.000000000000000000e+00
6.804757465710402187e+01,0.000000000000000000e+00
6.849191946789176200e+01,0.000000000000000000e+00
6.999866431724692006e+01,0.000000000000000000e+00
7.037440488430752339e+01,0.000000000000000000e+00
6.695573643225780813e+01,0.000000000000000000e+00
6.913140427356918849e+01,0.000000000000000000e+00
6.947849136855674601e+01,0.000000000000000000e+00
6.708272862441783957e+01,0.000000000000000000e+00
6.912999624397680520e+01,0.000000000000000000e+00
6.815875404682522287e+01,0.000000000000000000e+00
6.947639127130730685e+01,0.000000000000000000e+00
6.961814253271246855e+01,0.000000000000000000e+00
7.000082201227174039e+01,0.000000000000000000e+00
6.871154293398927848e+01,0.000000000000000000e+00
6.749002753009956734e+01,0.000000000000000000e+00
6.906658111243568499e+01,0.000000000000000000e+00
6.846981544000824726e+01,0.000000000000000000e+00
6.984135863256965138e+01,0.000000000000000000e+00
6.948225766163380968e+01,0.000000000000000000e+00
6.629383031431569862e+01,0.000000000000000000e+00
6.784497724102671157e+01,0.000000000000000000e+00
6.960010419249374536e+01,0.000000000000000000e+00
6.989787505575482385e+01,0.000000000000000000e+00
6.977925436687092997e+01,0.000000000000000000e+00
6.875060872222093167e+01,0.000000000000000000e+00
6.903552404049233360e+01,0.000000000000000000e+00
6.499309558366583417e+01,0.000000000000000000e+00
7.153027880374406777e+01,0.000000000000000000e+00
6.836406059313189587e+01,0.000000000000000000e+00
6.658578910429234554e+01,0.000000000000000000e+00
6.987083116840692298e+01,0.000000000000000000e+00
7.193753462388734476e+01,0.000000000000000000e+00
7.033469664108196184e+01,0.000000000000000000e+00
6.929635754957436689e+01,0.000000000000000000e+00
6.881292786174587661e+01,0.000000000000000000e+00
7.103134896113252239e+01,0.000000000000000000e+00
7.302033594689416418e+01,0.000000000000000000e+00
6.763776471894830422e+01,0.000000000000000000e+00
6.919938997304635109e+01,0.000000000000000000e+00
6.911430774187509485e+01,0.000000000000000000e+00
7.093015756087011425e+01,0.000000000000000000e+00
6.755610062312169362e+01,0.000000000000000000e+00
6.766934800961787744e+01,0.000000000000000000e+00
7.114864241558645119e+01,0.000000000000000000e+00
6.972929962559045691e+01,0.000000000000000000e+00
6.912643178470869998e+01,0.000000000000000000e+00
7.075751490259193588e+01,0.000000000000000000e+00
7.196895789884315775e+01,0.000000000000000000e+00
7.492637022505121536e+01,0.000000000000000000e+00
7.026333789021987286e+01,0.000000000000000000e+00
7.221814940667432836e+01,0.000000000000000000e+00
7.199660017084528363e+01,0.000000000000000000e+00
6.692164943844758795e+01,0.000000000000000000e+00
7.513012238099938145e+01,0.000000000000000000e+00
7.125948869084776049e+01,0.000000000000000000e+00
7.354901555994037210e+01,0.000000000000000000e+00
7.277734108825225690e+01,0.000000000000000000e+00
7.488912217407937533e+01,0.000000000000000000e+00
7.215517753429445236e+01,0.000000000000000000e+00
7.244674096561431043e+01,0.000000000000000000e+00
7.306244017358163489e+01,0.000000000000000000e+00
7.386364984515074639e+01,0.000000000000000000e+00
7.425792592621027666e+01,0.000000000000000000e+00
7.199172613690539890e+01,0.000000000000000000e+00
6.862581565148025220e+01,0.000000000000000000e+00
7.268301908630867558e+01,0.000000000000000000e+00
7.377870866751382550e+01,0.000000000000000000e+00
7.626448252364883729e+01,0.000000000000000000e+00
7.081336479358824931e+01,0.000000000000000000e+00
7.197334306775694301e+01,0.000000000000000000e+00
7.206498903457384131e+01,0.000000000000000000e+00
7.479664225761020191e+01,0.000000000000000000e+00
7.231673159548678598e+01,0.000000000000000000e+00
7.262537764093660542e+01,0.000000000000000000e+00
7.374840152505555579e+01,0.000000000000000000e+00
7.215732088327690974e+01,0.000000000000000000e+00
7.669644518773365860e+01,0.000000000000000000e+00
7.733102817477858082e+01,0.000000000000000000e+00
7.583009213036557128e+01,0.000000000000000000e+00
7.469949380258675831e+01,0.000000000000000000e+00
7.225903314374511410e+01,0.000000000000000000e+00
7.466644762934140545e+01,0.000000000000000000e+00
7.298234296246616282e+01,0.000000000000000000e+00
7.404772052637744650e+01,0.000000000000000000e+00
6.995917771476004532e+01,0.000000000000000000e+00
7.557958412506629031e+01,0.000000000000000000e+00
7.014138163798490666e+01,0.000000000000000000e+00
7.478880320527609626e+01,0.000000000000000000e+00
7.218987542380577338e+01,0.000000000000000000e+00
7.732857350616450276e+01,0.000000000000000000e+00
7.414267421879033293e+01,0.000000000000000000e+00
7.350055415393683234e+01,0.000000000000000000e+00
7.099471790118222714e+01,0.000000000000000000e+00
7.650797611800612685e+01,0.000000000000000000e+00
7.698449452222362765e+01,0.000000000000000000e+00
7.695884474625408700e+01,0.000000000000000000e+00
7.468746321345462036e+01,0.000000000000000000e+00
7.277288395801892307e+01,0.000000000000000000e+00
7.637683962668511128e+01,0.000000000000000000e+00
7.098657812708354697e+01,0.000000000000000000e+00
7.556352703011988581e+01,0.000000000000000000e+00
7.397634512295965692e+01,0.000000000000000000e+00
7.210772216369690568e+01,0.000000000000000000e+00
7.662814639909339576e+01,0.000000000000000000e+00
7.504977312075303075e+01,0.000000000000000000e+00
7.793346777093769617e+01,0.000000000000000000e+00
7.086972679830238064e+01,0.000000000000000000e+00
7.626490449487091894e+01,0.000000000000000000e+00
7.237923647599022559e+01,0.000000000000000000e+00
7.551955715989589635e+01,0.000000000000000000e+00
7.134324184056271179e+01,0.000000000000000000e+00
7.477785900797417185e+01,0.000000000000000000e+00
7.680766809927717986e+01,0.000000000000000000e+00
7.556448058222618158e+01,0.000000000000000000e+00
7.607641000577780233e+01,0.000000000000000000e+00
7.448523252961278729e+01,0.000000000000000000e+00
7.445766950739117362e+01,0.000000000000000000e+00
7.249191745376930385e+01,0.000000000000000000e+00
7.410966821691751250e+01,0.000000000000000000e+00
7.460877483890052986e+01,0.000000000000000000e+00
7.425424120043800258e+01,0.000000000000000000e+00
7.330397362229321345e+01,0.000000000000000000e+00
7.243429424629702851e+01,0.000000000000000000e+00
7.792388772612333980e+01,0.000000000000000000e+00
7.581248862273996281e+01,0.000000000000000000e+00
7.337891224682665836e+01,0.000000000000000000e+00
7.420342122962053111e+01,0.000000000000000000e+00
7.583273237499935249e+01,0.000000000000000000e+00
7.164942826821524591e+01,0.000000000000000000e+00
7.540802378181251697e+01,0.000000000000000000e+00
7.358493065927790155e+01,0.000000000000000000e+00
7.621025049161333698e+01,0.000000000000000000e+00
7.464477923077126320e+01,0.000000000000000000e+00
7.401255831447956268e+01,0.000000000000000000e+00
7.885069831284857855e+01,0.000000000000000000e+00
7.536124349342991025e+01,0.000000000000000000e+00
7.596129109522634337e+01,0.000000000000000000e+00
7.191599981420873178e+01,0.000000000000000000e+00
7.695624429291176227e+01,0.000000000000000000e+00
7.290188050283725829e+01,0.000000000000000000e+00
7.357011190740215056e+01,0.000000000000000000e+00
7.362861818434107875e+01,0.000000000000000000e+00
7.434330696768252267e+01,0.000000000000000000e+00
7.598606149715001834e+01,0.000000000000000000e+00
7.754103060813655190e+01,0.000000000000000000e+00
7.509096871662691797e+01,0.000000000000000000e+00
7.509891832193333983e+01,0.000000000000000000e+00
7.631034954130485914e+01,0.000000000000000000e+00
7.738939441090839466e+01,0.000000000000000000e+00
7.563914850046606375e+01,0.000000000000000000e+00
7.413366216662670638e+01,0.000000000000000000e+00
7.744390034315040339e+01,0.000000000000000000e+00
8.197657292861104850e+01,0.000000000000000000e+00
7.459150521870483885e+01,0.000000000000000000e+00
7.359767300358832642e+01,0.000000000000000000e+00
7.495029894683797522e+01,0.000000000000000000e+00
7.853463177663225281e+01,0.000000000000000000e+00
7.723217452400604088e+01,0.000000000000000000e+00
7.061821590592637676e+01,0.000000000000000000e+00
7.854206490213228165e+01,0.000000000000000000e+00
7.460875829833754835e+01,0.000000000000000000e+00
7.420131137359621221e+01,0.000000000000000000e+00
7.591582305031872124e+01,0.000000000000000000e+00
7.778263803173362589e+01,0.000000000000000000e+00
7.957494518501228242e+01,0.000000000000000000e+00
7.741558558037699811e+01,0.000000000000000000e+00
7.575384244258354727e+01,0.000000000000000000e+00
7.861849867576363238e+01,0.000000000000000000e+00
7.742227945856603810e+01,0.000000000000000000e+00
7.755742599867285492e+01,0.000000000000000000e+00
7.898336643363879261e+01,0.000000000000000000e+00
7.954105962630060844e+01,0.000000000000000000e+00
7.789383169376988292e+01,0.000000000000000000e+00
7.511199239650876791e+01,0.000000000000000000e+00
7.333918125636246543e+01,0.000000000000000000e+00
7.784160915680018888e+01,0.000000000000000000e+00
7.436900870986299594e+01,0.000000000000000000e+00
8.043239588917290916e+01,0.000000000000000000e+00
7.906166793890882616e+01,0.000000000000000000e+00
8.013493621007448553e+01,0.000000000000000000e+00
7.724134646527424763e+01,0.000000000000000000e+00
7.630779664987645106e+01,0.000000000000000000e+00
7.581266822288084484e+01,0.000000000000000000e+00
7.568204948354387795e+01,0.000000000000000000e+00
7.368227665355392730e+01,0.000000000000000000e+00
7.779532677679432595e+01,0.000000000000000000e+00
7.892414006879400290e+01,0.000000000000000000e+00
7.827668277313691192e+01,0.000000000000000000e+00
7.850489079118322877e+01,0.000000000000000000e+00
7.909342247411997562e+01,0.000000000000000000e+00
7.791410225117925847e+01,0.000000000000000000e+00
7.681993391045153885e+01,0.000000000000000000e+00
7.929229310843408030e+01,0.000000000000000000e+00
8.287695676063790984e+01,0.000000000000000000e+00
7.981254262082909179e+01,0.000000000000000000e+00
7.643971254675889782e+01,0.000000000000000000e+00
7.831177123674900997e+01,0.000000000000000000e+00
7.813491779888651934e+01,0.000000000000000000e+00
7.880857820973716343e+01,0.000000000000000000e+00
7.558237875911636650e+01,0.000000000000000000e+00
7.766197029157852683e+01,0.000000000000000000e+00
7.927719911652337714e+01,0.000000000000000000e+00
7.624139017112712224e+01,0.000000000000000000e+00
7.697732426736584443e+01,0.000000000000000000e+00
7.861650709767486944e+01,0.000000000000000000e+00
7.822796138938923605e+01,0.000000000000000000e+00
7.857420287514354129e+01,0.000000000000000000e+00
7.939588323029488492e+01,0.000000000000000000e+00
7.998103876614787566e+01,0.000000000000000000e+00
8.109421869683299633e+01,0.000000000000000000e+00
7.918466663796560567e+01,0.000000000000000000e+00
7.840699179892197890e+01,0.000000000000000000e+00
7.526855429901416983e+01,0.000000000000000000e+00
7.685295991218097811e+01,0.000000000000000000e+00
7.662710147400419203e+01,0.000000000000000000e+00
7.942142308914968396e+01,0.000000000000000000e+00
8.068367459232214856e+01,0.000000000000000000e+00
8.253583479612535712e+01,0.000000000000000000e+00
7.736103605957998752e+01,0.000000000000000000e+00
7.641615595792366378e+01,0.000000000000000000e+00
7.469381482840476849e+01,0.000000000000000000e+00
7.588035010201029706e+01,0.000000000000000000e+00
7.815421521696283946e+01,0.000000000000000000e+00
8.133991351514097801e+01,0.000000000000000000e+00
7.947457914889203323e+01,0.000000000000000000e+00
7.911082037271812339e+01,0.000000000000000000e+00
7.768401390313948696e+01,0.000000000000000000e+00
7.942157633955740437e+01,0.000000000000000000e+00
8.175301346329777630e+01,0.000000000000000000e+00
7.956870755226697156e+01,0.000000000000000000e+00
8.076005819650757189e+01,0.000000000000000000e+00
7.868490414863670424e+01,0.000000000000000000e+00
7.941115657810841810e+01,0.000000000000000000e+00
7.831373107998983585e+01,0.000000000000000000e+00
7.767188594377995514e+01,0.000000000000000000e+00
7.833093050610851549e+01,0.000000000000000000e+00
7.930330030403442265e+01,0.000000000000000000e+00
8.158896358396820858e+01,0.000000000000000000e+00
7.882177664895480973e+01,0.000000000000000000e+00
7.747902987308133049e+01,0.000000000000000000e+00
7.675684974642005898e+01,0.000000000000000000e+00
7.840471692779212276e+01,0.000000000000000000e+00
7.926028865400006396e+01,0.000000000000000000e+00
8.174800023859263831e+01,0.000000000000000000e+00
8.103485824747187394e+01,0.000000000000000000e+00
8.420597063232985136e+01,0.000000000000000000e+00
7.699453316391930002e+01,0.000000000000000000e+00
7.763235519217710134e+01,0.000000000000000000e+00
7.779186449038118667e+01,0.000000000000000000e+00
7.508225874562842250e+01,0.000000000000000000e+00
7.656747480873944767e+01,0.000000000000000000e+00
7.636796954974055041e+01,0.000000000000000000e+00
8.013718069528754029e+01,0.000000000000000000e+00
7.909662226414067732e+01,0.000000000000000000e+00
7.995755470924405017e+01,0.000000000000000000e+00
7.981079290943040405e+01,0.000000000000000000e+00
8.006798458681410580e+01,0.000000000000000000e+00
7.777400282557525202e+01,0.000000000000000000e+00
8.009187151289330586e+01,0.000000000000000000e+00
7.870055990515631095e+01,0.000000000000000000e+00
8.094170340190468949e+01,0.000000000000000000e+00
7.732128324367560879e+01,0.000000000000000000e+00
7.971202512661353978e+01,0.000000000000000000e+00
8.014953721123252706e+01,0.000000000000000000e+00
7.857249997926729179e+01,0.000000000000000000e+00
8.106447097193650109e+01,0.000000000000000000e+00
7.688203595271396296e+01,0.000000000000000000e+00
7.879926939593629243e+01,0.000000000000000000e+00
7.788987630468729151e+01,0.000000000000000000e+00
7.951609203960715888e+01,0.000000000000000000e+00
8.172118879663544533e+01,0.000000000000000000e+00
8.106312388665071467e+01,0.000000000000000000e+00
8.036920888522706719e+01,0.000000000000000000e+00
7.945694842331987218e+01,0.000000000000000000e+00
8.320661450191261110e+01,0.000000000000000000e+00
7.921090099249806826e+01,0.000000000000000000e+00
8.106677438905163058e+01,0.000000000000000000e+00
8.011341323758234978e+01,0.000000000000000000e+00
7.919540997912629621e+01,0.000000000000000000e+00
7.719721225961319533e+01,0.000000000000000000e+00
8.191718424765062423e+01,0.000000000000000000e+00
8.024928871498902083e+01,0.000000000000000000e+00
7.882240186085212486e+01,0.000000000000000000e+00
8.293863682809822535e+01,0.000000000000000000e+00
8.151334675879401459e+01,0.000000000000000000e+00
7.982954296301409158e+01,0.000000000000000000e+00
7.911331509310474530e+01,0.000000000000000000e+00
8.038621215353597904e+01,0.000000000000000000e+00
8.058978791871956560e+01,0.000000000000000000e+00
7.841631219081440918e+01,0.000000000000000000e+00
7.572741188868855033e+01,0.000000000000000000e+00
7.929194252551832278e+01,0.000000000000000000e+00
7.988218011699258625e+01,0.000000000000000000e+00
8.118087586306472758e+01,0.000000000000000000e+00
8.019841675690507543e+01,0.000000000000000000e+00
7.839089784850385456e+01,0.000000000000000000e+00
8.237673543539223431e+01,0.000000000000000000e+00
7.991655468508186289e+01,0.000000000000000000e+00
7.727242623201475169e+01,0.000000000000000000e+00
8.118702019882272225e+01,0.000000000000000000e+00
7.777185190003403648e+01,0.000000000000000000e+00
7.842347619488992905e+01,0.000000000000000000e+00
8.241877046642166249e+01,0.000000000000000000e+00
7.750165948752932366e+01,0.000000000000000000e+00
8.026438358873940615e+01,0.000000000000000000e+00
7.991235819120025496e+01,0.000000000000000000e+00
8.015884591759939326e+01,0.000000000000000000e+00
7.752661848133391231e+01,0.000000000000000000e+00
8.231540918896315873e+01,0.000000000000000000e+00
8.098952510705613861e+01,0.000000000000000000e+00
8.066760905097360990e+01,0.000000000000000000e+00
7.961548504783763747e+01,0.000000000000000000e+00
8.074052576169478357e+01,0.000000000000000000e+00
7.814414825547039811e+01,0.000000000000000000e+00
8.301042336006757694e+01,0.000000000000000000e+00
7.859794649617582252e+01,0.000000000000000000e+00
8.151284497204304103e+01,0.000000000000000000e+00
7.909309917246565647e+01,0.000000000000000000e+00
7.796284764259847577e+01,0.000000000000000000e+00
8.292759930746326802e+01,0.000000000000000000e+00
8.181321207228702974e+01,0.000000000000000000e+00
7.864635199094858820e+01,0.000000000000000000e+00
7.827118252864322301e+01,0.000000000000000000e+00
7.846474547752697504e+01,0.000000000000000000e+00
8.050967910307844022e+01,0.000000000000000000e+00
7.694181803280331167e+01,0.000000000000000000e+00
7.979834548348155465e+01,0.000000000000000000e+00
8.295996593852477474e+01,0.000000000000000000e+00
7.839465456355260642e+01,0.000000000000000000e+00
8.130377580632867307e+01,0.000000000000000000e+00
8.103089989146356231e+01,0.000000000000000000e+00
8.040584091623094309e+01,0.000000000000000000e+00
7.690287998653268176e+01,0.000000000000000000e+00
8.250129625310941606e+01,0.000000000000000000e+00
8.178789313110722503e+01,0.000000000000000000e+00
8.059011811514614010e+01,0.000000000000000000e+00
8.135605234072235703e+01,0.000000000000000000e+00
8.166379693620865510e+01,0.000000000000000000e+00
8.230036063701068372e+01,0.000000000000000000e+00
7.956472495339703244e+01,0.000000000000000000e+00
7.572321345372188262e+01,0.000000000000000000e+00
7.518965254330319681e+01,0.000000000000000000e+00
8.121698647426835294e+01,0.000000000000000000e+00
7.754892522533971544e+01,0.000000000000000000e+00
7.984380624158633566e+01,0.000000000000000000e+00
8.080896983139572853e+01,0.000000000000000000e+00
7.925537133134253054e+01,0.000000000000000000e+00
7.893243008158664509e+01,0.000000000000000000e+00
7.639798637965031958e+01,0.000000000000000000e+00
7.816175818881269777e+01,0.000000000000000000e+00
8.218247911126215399e+01,0.000000000000000000e+00
7.955923918774620063e+01,0.000000000000000000e+00
8.524644135916082632e+01,0.000000000000000000e+00
7.965940410017638840e+01,0.000000000000000000e+00
7.990800859064809458e+01,0.000000000000000000e+00
7.782193696452185350e+01,0.000000000000000000e+00
8.152006037502502522e+01,0.000000000000000000e+00
7.892260265783552597e+01,0.000000000000000000e+00
7.627484505098904322e+01,0.000000000000000000e+00
7.921479627716303185e+01,0.000000000000000000e+00
7.955592305867163816e+01,0.000000000000000000e+00
8.121051871169350989e+01,0.000000000000000000e+00
7.941178241843699936e+01,0.000000000000000000e+00
8.042208941754097395e+01,0.000000000000000000e+00
7.952980614922368829e+01,0.000000000000000000e+00
7.781839687729851107e+01,0.000000000000000000e+00
8.077969862709889526e+01,0.000000000000000000e+00
7.573055055510593547e+01,0.000000000000000000e+00
8.403398719791091764e+01,0.000000000000000000e+00
7.939313181020386878e+01,0.000000000000000000e+00
7.828658755886212361e+01,0.000000000000000000e+00
8.167154379421101851e+01,0.000000000000000000e+00
8.006020539327931829e+01,0.000000000000000000e+00
7.886613203017545004e+01,0.000000000000000000e+00
7.658985246285546111e+01,0.000000000000000000e+00
8.095744302062334441e+01,0.000000000000000000e+00
7.817528261194777883e+01,0.000000000000000000e+00
8.377475692619935899e+01,0.000000000000000000e+00
7.805975941031287846e+01,0.000000000000000000e+00
8.045412057158273456e+01,0.000000000000000000e+00
8.160819865132961581e+01,0.000000000000000000e+00
8.146563968340741724e+01,0.000000000000000000e+00
8.067141475940590567e+01,0.000000000000000000e+00
8.120831679116825796e+01,0.000000000000000000e+00
7.543702043916141520e+01,0.000000000000000000e+00
7.672845406816190916e+01,0.000000000000000000e+00
8.168741377473642729e+01,0.000000000000000000e+00
7.369762232312558581e+01,0.000000000000000000e+00
7.896695045113128231e+01,0.000000000000000000e+00
8.294267603357003793e+01,0.000000000000000000e+00
8.056539883245437750e+01,0.000000000000000000e+00
7.879564900422576557e+01,0.000000000000000000e+00
7.837649833624323037e+01,0.000000000000000000e+00
8.310270989634527439e+01,0.000000000000000000e+00
7.648770447724820087e+01,0.000000000000000000e+00
7.973960430309703895e+01,0.000000000000000000e+00
8.047921390462670388e+01,0.000000000000000000e+00
7.629174981199366812e+01,0.000000000000000000e+00
7.720659816553489918e+01,0.000000000000000000e+00
7.859579287602345232e+01,0.000000000000000000e+00
7.769153728673867931e+01,0.000000000000000000e+00
7.896110446684400586e+01,0.000000000000000000e+00
8.290021792835386805e+01,0.000000000000000000e+00
7.978332636429512092e+01,0.000000000000000000e+00
8.034577141102721498e+01,0.000000000000000000e+00
8.012346795106815023e+01,0.000000000000000000e+00
8.215408968403301060e+01,0.000000000000000000e+00
7.698410089568669434e+01,0.000000000000000000e+00
7.548121952813006885e+01,0.000000000000000000e+00
8.013430710594109030e+01,0.000000000000000000e+00
8.115000181265175172e+01,0.000000000000000000e+00
8.137740111217721051e+01,0.000000000000000000e+00
7.642612061982194405e+01,0.000000000000000000e+00
7.986433213347861226e+01,0.000000000000000000e+00
7.871839135967827872e+01,0.000000000000000000e+00
7.945051099488505031e+01,0.000000000000000000e+00
7.619851084146587539e+01,0.000000000000000000e+00
7.938105325432803738e+01,0.000000000000000000e+00
7.951532125765186265e+01,0.000000000000000000e+00
7.708357589532860743e+01,0.000000000000000000e+00
7.955921022313506796e+01,0.000000000000000000e+00
7.833432139084330004e+01,0.000000000000000000e+00
8.047198769986869138e+01,0.000000000000000000e+00
7.969239326771310061e+01,0.000000000000000000e+00
8.074912815757784301e+01,0.000000000000000000e+00
7.756985234657523165e+01,0.000000000000000000e+00
8.062155821290996016e+01,0.000000000000000000e+00
7.929075497866182332e+01,0.000000000000000000e+00
7.527782665776344118e+01,0.000000000000000000e+00
8.305167487822440364e+01,0.000000000000000000e+00
7.988420968752386386e+01,0.000000000000000000e+00
7.953139224937515905e+01,0.000000000000000000e+00
7.614684172941034035e+01,0.000000000000000000e+00
7.928306332019543845e+01,0.000000000000000000e+00
7.963885530303701898e+01,0.000000000000000000e+00
7.787785782118970701e+01,0.000000000000000000e+00
7.669355361410354988e+01,0.000000000000000000e+00
7.653620063028127163e+01,0.000000000000000000e+00
7.988556521649421427e+01,0.000000000000000000e+00
7.947159230939095664e+01,0.000000000000000000e+00
8.003984165544865448e+01,0.000000000000000000e+00
7.851024515792936143e+01,0.000000000000000000e+00
7.968359414503694893e+01,0.000000000000000000e+00
7.863931652871856670e+01,0.000000000000000000e+00
7.865262920599046481e+01,0.000000000000000000e+00
7.714224714807646421e+01,0.000000000000000000e+00
7.813039468984514713e+01,0.000000000000000000e+00
7.764546868353795617e+01,0.000000000000000000e+00
8.394114759891603228e+01,0.000000000000000000e+00
8.067803827774679348e+01,0.000000000000000000e+00
7.717144585265879186e+01,0.000000000000000000e+00
7.931740947827870514e+01,0.000000000000000000e+00
7.672198000626356418e+01,0.000000000000000000e+00
7.786320149901258958e+01,0.000000000000000000e+00
7.931031531149038472e+01,0.000000000000000000e+00
7.997738871209351430e+01,0.000000000000000000e+00
7.778618659672544311e+01,0.000000000000000000e+00
7.865295177889721856e+01,0.000000000000000000e+00
7.882499770663726224e+01,0.000000000000000000e+00
8.106630883333114923e+01,0.000000000000000000e+00
7.903840471260969025e+01,0.000000000000000000e+00
7.371778609511170544e+01,0.000000000000000000e+00
7.673050344620166641e+01,0.000000000000000000e+00
8.228671704202488968e+01,0.000000000000000000e+00
7.864649281762616795e+01,0.000000000000000000e+00
7.736195810087828306e+01,0.000000000000000000e+00
8.082510794847684110e+01,0.000000000000000000e+00
7.793011221237729558e+01,0.000000000000000000e+00
7.648580667264832300e+01,0.000000000000000000e+00
7.924359870187498700e+01,0.000000000000000000e+00
7.545052092249541431e+01,0.000000000000000000e+00
7.942757641463376217e+01,0.000000000000000000e+00
7.857201854245830930e+01,0.000000000000000000e+00
7.917794305499768370e+01,0.000000000000000000e+00
7.819216659632400024e+01,0.000000000000000000e+00
7.920289900519546222e+01,0.000000000000000000e+00
7.919704283096923803e+01,0.000000000000000000e+00
7.799240939011528440e+01,0.000000000000000000e+00
7.614028175891536421e+01,0.000000000000000000e+00
7.453931486447365273e+01,0.000000000000000000e+00
7.707359183173477390e+01,0.000000000000000000e+00
7.774158373150174839e+01,0.000000000000000000e+00
7.852815060890614518e+01,0.000000000000000000e+00
7.897100608390852017e+01,0.000000000000000000e+00
8.015088160897428793e+01,0.000000000000000000e+00
7.706068775433745088e+01,0.000000000000000000e+00
7.641504595195613092e+01,0.000000000000000000e+00
7.341010290310344999e+01,0.000000000000000000e+00
8.182828209765258975e+01,0.000000000000000000e+00
7.451592336206242351e+01,0.000000000000000000e+00
7.559658718448538650e+01,0.000000000000000000e+00
7.792199935663484212e+01,0.000000000000000000e+00
7.945274335685236622e+01,0.000000000000000000e+00
7.684147326644213649e+01,0.000000000000000000e+00
7.418552753191661964e+01,0.000000000000000000e+00
7.633476179227777436e+01,0.000000000000000000e+00
7.774567247748487375e+01,0.000000000000000000e+00
7.512456781568974407e+01,0.000000000000000000e+00
8.059402884295809599e+01,0.000000000000000000e+00
7.708627450815617976e+01,0.000000000000000000e+00
7.682284491909227597e+01,0.000000000000000000e+00
7.423120064248826111e+01,0.000000000000000000e+00
8.049840956532345615e+01,0.000000000000000000e+00
7.568487755742323486e+01,0.000000000000000000e+00
7.876389238977118623e+01,0.000000000000000000e+00
7.675454860780948252e+01,0.000000000000000000e+00
7.324829250617808896e+01,0.000000000000000000e+00
7.510185812980539311e+01,0.000000000000000000e+00
7.507561324881622511e+01,0.000000000000000000e+00
7.698344451663038512e+01,0.000000000000000000e+00
7.871306861448857717e+01,0.000000000000000000e+00
7.870344953481537686e+01,0.000000000000000000e+00
7.791800679183711509e+01,0.000000000000000000e+00
7.415673155874669931e+01,0.000000000000000000e+00
7.559353484039307602e+01,0.000000000000000000e+00
7.236569639426994627e+01,0.000000000000000000e+00
7.936337934293885610e+01,0.000000000000000000e+00
7.348107871918993794e+01,0.000000000000000000e+00
7.469540104815646941e+01,0.000000000000000000e+00
7.542850785961427107e+01,0.000000000000000000e+00
7.511982984862217450e+01,0.000000000000000000e+00
7.963812655407878083e+01,0.000000000000000000e+00
7.743032219058004273e+01,0.000000000000000000e+00
7.680003202509402627e+01,0.000000000000000000e+00
7.521438945408507948e+01,0.000000000000000000e+00
7.203275868843613239e+01,0.000000000000000000e+00
7.589411908975085908e+01,0.000000000000000000e+00
7.968029788105044986e+01,0.000000000000000000e+00
7.289019465572442869e+01,0.000000000000000000e+00
7.576977048222587996e+01,0.000000000000000000e+00
7.387861411639663345e+01,0.000000000000000000e+00
7.229974043287711538e+01,0.000000000000000000e+00
7.571312508580933809e+01,0.000000000000000000e+00
7.436744720878319015e+01,0.000000000000000000e+00
7.926408123968771235e+01,0.000000000000000000e+00
7.828873804643130541e+01,0.000000000000000000e+00
7.539141014711917421e+01,0.000000000000000000e+00
7.554647498279432227e+01,0.000000000000000000e+00
7.202881322149275434e+01,0.000000000000000000e+00
7.553404589850823925e+01,0.000000000000000000e+00
7.394270763146218428e+01,0.000000000000000000e+00
7.954869927730730694e+01,0.000000000000000000e+00
7.606090643558994202e+01,0.000000000000000000e+00
7.629192458636610752e+01,0.000000000000000000e+00
7.656269098692730779e+01,0.000000000000000000e+00
7.458225522773435046e+01,0.000000000000000000e+00
7.432919290443172144e+01,0.000000000000000000e+00
7.414106628561324897e+01,0.000000000000000000e+00
7.382735478120261519e+01,0.000000000000000000e+00
7.537156657625760658e+01,0.000000000000000000e+00
7.382221274356960805e+01,0.000000000000000000e+00
7.493654157538955474e+01,0.000000000000000000e+00
7.333840916362962048e+01,0.000000000000000000e+00
7.637742390513690793e+01,0.000000000000000000e+00
7.752171096942703343e+01,0.000000000000000000e+00
7.363397819387658672e+01,0.000000000000000000e+00
7.480722428415865011e+01,0.000000000000000000e+00
7.445695876288917248e+01,0.000000000000000000e+00
7.705834436509810814e+01,0.000000000000000000e+00
7.595271963569386742e+01,0.000000000000000000e+00
7.606942934695842951e+01,0.000000000000000000e+00
7.059234734054678029e+01,0.000000000000000000e+00
7.709487519575375813e+01,0.000000000000000000e+00
7.542610472341240779e+01,0.000000000000000000e+00
7.465302547638260933e+01,0.000000000000000000e+00
7.450227175212893371e+01,0.000000000000000000e+00
7.456277611149701556e+01,0.000000000000000000e+00
7.667556606816120279e+01,0.000000000000000000e+00
7.416141000824313778e+01,0.000000000000000000e+00
7.351024314441501417e+01,0.000000000000000000e+00
7.145473611230804067e+01,0.000000000000000000e+00
7.579497480099078643e+01,0.000000000000000000e+00
7.125280265461985607e+01,0.000000000000000000e+00
7.516897120881903049e+01,0.000000000000000000e+00
7.492755978291629049e+01,0.000000000000000000e+00
7.117068930198284704e+01,0.000000000000000000e+00
7.602226550468520827e+01,0.000000000000000000e+00
7.301943353065959741e+01,0.000000000000000000e+00
7.255696291492343164e+01,0.000000000000000000e+00
7.499722415399068609e+01,0.000000000000000000e+00
7.315107973932134655e+01,0.000000000000000000e+00
7.366141460879111946e+01,0.000000000000000000e+00
7.502622057730042116e+01,0.000000000000000000e+00
7.290640753474659164e+01,0.000000000000000000e+00
7.027143180209495199e+01,0.000000000000000000e+00
7.494204317936465998e+01,0.000000000000000000e+00
7.369658886196155834e+01,0.000000000000000000e+00
7.609060004478288874e+01,0.000000000000000000e+00
7.245711458685059370e+01,0.000000000000000000e+00
7.150444111054292762e+01,0.000000000000000000e+00
7.378036707380350379e+01,0.000000000000000000e+00
7.309622651943389826e+01,0.000000000000000000e+00
7.472376268708454461e+01,0.000000000000000000e+00
7.363822053284710023e+01,0.000000000000000000e+00
7.364268589588039049e+01,0.000000000000000000e+00
7.049831263021908967e+01,0.000000000000000000e+00
7.838357931474506302e+01,0.000000000000000000e+00
7.471095517338048353e+01,0.000000000000000000e+00
7.444214032216535770e+01,0.000000000000000000e+00
7.317456971316651959e+01,0.000000000000000000e+00
7.226725879010814424e+01,0.000000000000000000e+00
7.352434871171875841e+01,0.000000000000000000e+00
7.415732079602095439e+01,0.000000000000000000e+00
7.015012262536259868e+01,0.000000000000000000e+00
7.129974135629041143e+01,0.000000000000000000e+00
6.912159103077438260e+01,0.000000000000000000e+00
7.498549851705784874e+01,0.000000000000000000e+00
7.211452087938347688e+01,0.000000000000000000e+00
7.271948739132953676e+01,0.000000000000000000e+00
7.342186292469170894e+01,0.000000000000000000e+00
7.071248959613197371e+01,0.000000000000000000e+00
7.375386977288222567e+01,0.000000000000000000e+00
6.642571355356223251e+01,0.000000000000000000e+00
7.360468373873652581e+01,0.000000000000000000e+00
7.503757899832964995e+01,0.000000000000000000e+00
7.167561480685293418e+01,0.000000000000000000e+00
6.888595792868895273e+01,0.000000000000000000e+00
7.209730708757561501e+01,0.000000000000000000e+00
7.303851528977037333e+01,0.000000000000000000e+00
7.359994530631225018e+01,0.000000000000000000e+00
7.268292668445364768e+01,0.000000000000000000e+00
7.209178739372285349e+01,0.000000000000000000e+00
6.872411191322849788e+01,0.000000000000000000e+00
6.727649151629634616e+01,0.000000000000000000e+00
7.179127940886336035e+01,0.000000000000000000e+00
7.002491705516723641e+01,0.000000000000000000e+00
6.852887286238232889e+01,0.000000000000000000e+00
7.087121089329889401e+01,0.000000000000000000e+00
7.014812228436437636e+01,0.000000000000000000e+00
7.153652209998121236e+01,0.000000000000000000e+00
7.148038628875156064e+01,0.000000000000000000e+00
6.802613535474347373e+01,0.000000000000000000e+00
7.031260322501088922e+01,0.000000000000000000e+00
6.682920260519256317e+01,0.000000000000000000e+00
7.111532471275582168e+01,0.000000000000000000e+00
7.095480696772699503e+01,0.000000000000000000e+00
7.063592331739877750e+01,0.000000000000000000e+00
7.056378130153949257e+01,0.000000000000000000e+00
7.330622139120221448e+01,0.000000000000000000e+00
6.938519199752809641e+01,0.000000000000000000e+00
6.871709681278002790e+01,0.000000000000000000e+00
6.432838072601808221e+01,0.000000000000000000e+00
6.805134594145644655e+01,0.000000000000000000e+00
6.876824328445775336e+01,0.000000000000000000e+00
7.001381072024283014e+01,0.000000000000000000e+00
6.974436357569250333e+01,0.000000000000000000e+00
7.014164401125830750e+01,0.000000000000000000e+00
7.086696803012024759e+01,0.000000000000000000e+00
7.004169515919271305e+01,0.000000000000000000e+00
7.057908927192904969e+01,0.000000000000000000e+00
7.090598706548369989e+01,0.000000000000000000e+00
7.245158353811967800e+01,0.000000000000000000e+00
6.886287783212006275e+01,0.000000000000000000e+00
6.906333812415125806e+01,0.000000000000000000e+00
6.879821205977432896e+01,0.000000000000000000e+00
7.132406446805087796e+01,0.000000000000000000e+00
7.161207889075902244e+01,0.000000000000000000e+00
7.046216941862313377e+01,0.000000000000000000e+00
6.846624513616772845e+01,0.000000000000000000e+00
6.827709046690668515e+01,0.000000000000000000e+00
7.270667296181098038e+01,0.000000000000000000e+00
7.080810174672795654e+01,0.000000000000000000e+00
6.847907974770454587e+01,0.000000000000000000e+00
7.405863388888562326e+01,0.000000000000000000e+00
6.304655565993781607e+01,0.000000000000000000e+00
6.959512472345832634e+01,0.000000000000000000e+00
7.013333246198708082e+01,0.000000000000000000e+00
6.536188784477208458e+01,0.000000000000000000e+00
6.818975625087803394e+01,0.000000000000000000e+00
7.043813530512089471e+01,0.000000000000000000e+00
6.515830946882248043e+01,0.000000000000000000e+00
7.049015150053162415e+01,0.000000000000000000e+00
6.650119613734626967e+01,0.000000000000000000e+00
6.589728251689743388e+01,0.000000000000000000e+00
6.809731786847541457e+01,0.000000000000000000e+00
6.975657599567001910e+01,0.000000000000000000e+00
6.824907146884152098e+01,0.000000000000000000e+00
6.442725709545820223e+01,0.000000000000000000e+00
6.722352621866698996e+01,0.000000000000000000e+00
6.813448801916106845e+01,0.000000000000000000e+00
6.841153510101986512e+01,0.000000000000000000e+00
7.106762181523636457e+01,0.000000000000000000e+00
7.008816969663418206e+01,0.000000000000000000e+00
6.626216599899566972e+01,0.000000000000000000e+00
7.166283732059143574e+01,0.000000000000000000e+00
6.895690160833503057e+01,0.000000000000000000e+00
6.446087859978054269e+01,0.000000000000000000e+00
6.822517081627870539e+01,0.000000000000000000e+00
6.665430735594770795e+01,0.000000000000000000e+00
6.941916007192779148e+01,0.000000000000000000e+00
7.077416089009876998e+01,0.000000000000000000e+00
6.514031315469021877e+01,0.000000000000000000e+00
6.346122576378423474e+01,0.000000000000000000e+00
6.947720486114971550e+01,0.000000000000000000e+00
6.550871015937049435e+01,0.000000000000000000e+00
6.413728892269793391e+01,0.000000000000000000e+00
6.896192281511018507e+01,0.000000000000000000e+00
6.473095899128904307e+01,0.000000000000000000e+00
6.613185199910728329e+01,0.000000000000000000e+00
7.029976450573478530e+01,0.000000000000000000e+00
6.479709159646880323e+01,0.000000000000000000e+00
6.757704758336724638e+01,0.000000000000000000e+00
7.097068064014821687e+01,0.000000000000000000e+00
6.553553607304556294e+01,0.000000000000000000e+00
6.368035564158954287e+01,0.000000000000000000e+00
6.500066561402866228e+01,0.000000000000000000e+00
6.554616067377270383e+01,0.000000000000000000e+00
6.616529494086093166e+01,0.000000000000000000e+00
6.691244871622362211e+01,0.000000000000000000e+00
6.624456282266760354e+01,0.000000000000000000e+00
6.492766792801873521e+01,0.000000000000000000e+00
6.774802571381833616e+01,0.000000000000000000e+00
6.683925442762095770e+01,0.000000000000000000e+00
6.496945378753098055e+01,0.000000000000000000e+00
6.423040104923164506e+01,0.000000000000000000e+00
6.748952681201961923e+01,0.000000000000000000e+00
6.477313376775552456e+01,0.000000000000000000e+00
6.702970930599275334e+01,0.000000000000000000e+00
6.825684756575755330e+01,0.000000000000000000e+00
6.522642386343670751e+01,0.000000000000000000e+00
6.372276552497653057e+01,0.000000000000000000e+00
5.984295530546587827e+01,0.000000000000000000e+00
6.578086892939525399e+01,0.000000000000000000e+00
6.509318197026711061e+01,0.000000000000000000e+00
6.197824140540004123e+01,0.000000000000000000e+00
6.759065806183198788e+01,0.000000000000000000e+00
6.319142305822997940e+01,0.000000000000000000e+00
6.406993601605290678e+01,0.000000000000000000e+00
6.549835776898690654e+01,0.000000000000000000e+00
6.521201984877663449e+01,0.000000000000000000e+00
6.190581254692990143e+01,0.000000000000000000e+00
6.509840232928938519e+01,0.000000000000000000e+00
6.244625707806831372e+01,0.000000000000000000e+00
6.194156228181739721e+01,0.000000000000000000e+00
6.124017010082989287e+01,0.000000000000000000e+00
6.277812423255215890e+01,0.000000000000000000e+00
6.795662971920324935e+01,0.000000000000000000e+00
6.266234315356332019e+01,0.000000000000000000e+00
6.287929471778282675e+01,0.000000000000000000e+00
6.514483384480325867e+01,0.000000000000000000e+00
6.591159008208030912e+01,0.000000000000000000e+00
6.455397434461572459e+01,0.000000000000000000e+00
6.608713361314367774e+01,0.000000000000000000e+00
6.532854585760439647e+01,0.000000000000000000e+00
6.045171156746106078e+01,0.000000000000000000e+00
6.641251952069492859e+01,0.000000000000000000e+00
6.422269514746405150e+01,0.000000000000000000e+00
6.490987777134580483e+01,0.000000000000000000e+00
6.406954384430194693e+01,0.000000000000000000e+00
6.354287615573169035e+01,0.000000000000000000e+00
6.261329370159021579e+01,0.000000000000000000e+00
5.945013011916451262e+01,0.000000000000000000e+00
6.029764659684063588e+01,0.000000000000000000e+00
6.431656447319974745e+01,0.000000000000000000e+00
6.141759660675651133e+01,0.000000000000000000e+00
6.240393150428801761e+01,0.000000000000000000e+00
6.504191061709002497e+01,0.000000000000000000e+00
6.212938861968593329e+01,0.000000000000000000e+00
6.249135397285061799e+01,0.000000000000000000e+00
6.063684136920938528e+01,0.000000000000000000e+00
5.833349311663722858e+01,0.000000000000000000e+00
6.372130035446735974e+01,0.000000000000000000e+00
6.247722830556070761e+01,0.000000000000000000e+00
5.994645514676235365e+01,0.000000000000000000e+00
5.957885464423151944e+01,0.000000000000000000e+00
5.990807074549353928e+01,0.000000000000000000e+00
6.385918929492215312e+01,0.000000000000000000e+00
6.664058689619724873e+01,0.000000000000000000e+00
6.049621877199324160e+01,0.000000000000000000e+00
5.869687165207422908e+01,0.000000000000000000e+00
6.334671537894737270e+01,0.000000000000000000e+00
6.029668121222187693e+01,0.000000000000000000e+00
6.316410676758405174e+01,0.000000000000000000e+00
5.919195879954425976e+01,0.000000000000000000e+00
6.127595594181471483e+01,0.000000000000000000e+00
5.798155639091960012e+01,0.000000000000000000e+00
5.789112911588723875e+01,0.000000000000000000e+00
6.062746451639051770e+01,0.000000000000000000e+00
6.603891368137389861e+01,0.000000000000000000e+00
6.167748717052190699e+01,0.000000000000000000e+00
6.093105334521761307e+01,0.000000000000000000e+00
6.237056054111042158e+01,0.000000000000000000e+00
6.221564299175943802e+01,0.000000000000000000e+00
6.214021926262702777e+01,0.000000000000000000e+00
6.317146182769349139e+01,0.000000000000000000e+00
6.135438370613365322e+01,0.000000000000000000e+00
6.156923072438685551e+01,0.000000000000000000e+00
5.991724332644865569e+01,0.000000000000000000e+00
6.032211730655361492e+01,0.000000000000000000e+00
6.595700614720031751e+01,0.000000000000000000e+00
5.824864325427788714e+01,0.000000000000000000e+00
5.927653249266822399e+01,0.000000000000000000e+00
5.807450204574863761e+01,0.000000000000000000e+00
5.748457472791211131e+01,0.000000000000000000e+00
5.466135831386488064e+01,0.000000000000000000e+00
6.025931299988222634e+01,0.000000000000000000e+00
5.583304056316302422e+01,0.000000000000000000e+00
5.805147866901830156e+01,0.000000000000000000e+00
6.086353978149679733e+01,0.000000000000000000e+00
6.159077522249337022e+01,0.000000000000000000e+00
5.659956540374781042e+01,0.000000000000000000e+00
5.874158346246033346e+01,0.000000000000000000e+00
5.767961053166705199e+01,0.000000000000000000e+00
5.949988151375112011e+01,0.000000000000000000e+00
5.797388546921767016e+01,0.000000000000000000e+00
5.607226255446556706e+01,0.000000000000000000e+00
5.857989006570257828e+01,0.000000000000000000e+00
5.965681303408495495e+01,0.000000000000000000e+00
6.228981218563880873e+01,0.000000000000000000e+00
6.119889190803211676e+01,0.000000000000000000e+00
5.742432270467239164e+01,0.000000000000000000e+00
5.705335372467366994e+01,0.000000000000000000e+00
5.976407715860361236e+01,0.000000000000000000e+00
5.917448983195933465e+01,0.000000000000000000e+00
5.779736987253854608e+01,0.000000000000000000e+00
5.868031369525353114e+01,0.000000000000000000e+00
5.190201595320861827e+01,0.000000000000000000e+00
5.802777298339938739e+01,0.000000000000000000e+00
5.919792601012877498e+01,0.000000000000000000e+00
5.815389011829537935e+01,0.000000000000000000e+00
5.791719532788670932e+01,0.000000000000000000e+00
6.074738269158714843e+01,0.000000000000000000e+00
5.836619022247010946e+01,0.000000000000000000e+00
5.458989228253327042e+01,0.000000000000000000e+00
5.414430817918677974e+01,0.000000000000000000e+00
5.206643435299828582e+01,0.000000000000000000e+00
5.502042608152431313e+01,0.000000000000000000e+00
5.887484345362152283e+01,0.000000000000000000e+00
6.148532253343681475e+01,0.000000000000000000e+00
5.419768557379661189e+01,0.000000000000000000e+00
6.079483512932097966e+01,0.000000000000000000e+00
5.712605450374686455e+01,0.000000000000000000e+00
5.511689874446069126e+01,0.000000000000000000e+00
5.903946624555435818e+01,0.000000000000000000e+00
5.955991820952579729e+01,0.000000000000000000e+00
5.616763630781512973e+01,0.000000000000000000e+00
5.898884223208415278e+01,0.000000000000000000e+00
5.701714484244057957e+01,0.000000000000000000e+00
5.558751692581606108e+01,0.000000000000000000e+00
5.397872102442104847e+01,0.000000000000000000e+00
5.642154098070872692e+01,0.000000000000000000e+00
5.517425140089953572e+01,0.000000000000000000e+00
5.541123178295343621e+01,0.000000000000000000e+00
5.670835459470113449e+01,0.000000000000000000e+00
5.919856547219356457e+01,0.000000000000000000e+00
5.055854428908088494e+01,0.000000000000000000e+00
5.467158334045273449e+01,0.000000000000000000e+00
5.458012846670301599e+01,0.000000000000000000e+00
5.335205915903988227e+01,0.000000000000000000e+00
5.411367528605914856e+01,0.000000000000000000e+00
5.188297225138740743e+01,0.000000000000000000e+00
5.418742486952111648e+01,0.000000000000000000e+00
5.392816582070589249e+01,0.000000000000000000e+00
5.509333084781435730e+01,0.000000000000000000e+00
5.654490336010254481e+01,0.000000000000000000e+00
5.550710498606069621e+01,0.000000000000000000e+00
5.957699537584163352e+01,0.000000000000000000e+00
5.311099468969183590e+01,0.000000000000000000e+00
5.225605970233556263e+01,0.000000000000000000e+00
5.356337847214349779e+01,0.000000000000000000e+00
4.968778788215260533e+01,0.000000000000000000e+00
5.825409767003015560e+01,0.000000000000000000e+00
5.684363669469778557e+01,0.000000000000000000e+00
5.131104985393287166e+01,0.000000000000000000e+00
5.496400112136404204e+01,0.000000000000000000e+00
5.588519382517007017e+01,0.000000000000000000e+00
5.226574909177755757e+01,0.000000000000000000e+00
5.494953592137524367e+01,0.000000000000000000e+00
5.263040098753826612e+01,0.000000000000000000e+00
5.301321423799066679e+01,0.000000000000000000e+00
5.426936935270891382e+01,0.000000000000000000e+00
5.566851455185079800e+01,0.000000000000000000e+00
5.241168131742075786e+01,0.000000000000000000e+00
5.158723627072610896e+01,0.000000000000000000e+00
5.077341685029148977e+01,0.000000000000000000e+00
5.467979503560806620e+01,0.000000000000000000e+00
5.443051646035936386e+01,0.000000000000000000e+00
5.295288961812308770e+01,0.000000000000000000e+00
5.061003853624592352e+01,0.000000000000000000e+00
5.637767438591431812e+01,0.000000000000000000e+00
5.448026446860833261e+01,0.000000000000000000e+00
5.037298684957349337e+01,0.000000000000000000e+00
5.321862817611225438e+01,0.000000000000000000e+00
5.257958513952515744e+01,0.000000000000000000e+00
4.848356964764649746e+01,0.000000000000000000e+00
5.403508992128746513e+01,0.000000000000000000e+00
4.778904004122383498e+01,0.000000000000000000e+00
5.386893068352495817e+01,0.000000000000000000e+00
5.031794983807052546e+01,0.000000000000000000e+00
5.232297886162428568e+01,0.000000000000000000e+00
5.160017888445242562e+01,0.000000000000000000e+00
5.244501596730484039e+01,0.000000000000000000e+00
4.781282432441594921e+01,0.000000000000000000e+00
5.071342588461411793e+01,0.000000000000000000e+00
4.966146535334301149e+01,0.000000000000000000e+00
5.313662486803556106e+01,0.000000000000000000e+00
5.484304583161536328e+01,0.000000000000000000e+00
5.083401014495820647e+01,0.000000000000000000e+00
5.263786232718212688e+01,0.000000000000000000e+00
5.215217836677039287e+01,0.000000000000000000e+00
4.940197513542961616e+01,0.000000000000000000e+00
4.973477553592284295e+01,0.000000000000000000e+00
5.073049911098600262e+01,0.000000000000000000e+00
5.287920268054006812e+01,0.000000000000000000e+00
5.131156215998219494e+01,0.000000000000000000e+00
4.930368334342247039e+01,0.000000000000000000e+00
4.847653819212629855e+01,0.000000000000000000e+00
4.642907712356272043e+01,0.000000000000000000e+00
4.988550430912905398e+01,0.000000000000000000e+00
5.159873872286070906e+01,0.000000000000000000e+00
5.054098604091979041e+01,0.000000000000000000e+00
4.865874954030923050e+01,0.000000000000000000e+00
4.747371474052435758e+01,0.000000000000000000e+00
4.677626610366449711e+01,0.000000000000000000e+00
4.672861467029206750e+01,0.000000000000000000e+00
4.938192453031763307e+01,0.000000000000000000e+00
5.075154950841548640e+01,0.000000000000000000e+00
4.987343206754754021e+01,0.000000000000000000e+00
4.716705800422555939e+01,0.000000000000000000e+00
4.678116660277125760e+01,0.000000000000000000e+00
5.076733603314419696e+01,0.000000000000000000e+00
4.774003667971859244e+01,0.000000000000000000e+00
4.934646414129316128e+01,0.000000000000000000e+00
4.871835013778510870e+01,0.000000000000000000e+00
4.817945924518068068e+01,0.000000000000000000e+00
4.723936214012404378e+01,0.000000000000000000e+00
5.141729200562172508e+01,0.000000000000000000e+00
5.171086723646296690e+01,0.000000000000000000e+00
5.196431492852023126e+01,0.000000000000000000e+00
5.035846559110390075e+01,0.000000000000000000e+00
4.651930822819205957e+01,0.000000000000000000e+00
4.654903885236970495e+01,0.000000000000000000e+00
4.639049843825152664e+01,0.000000000000000000e+00
5.110562231074224115e+01,0.000000000000000000e+00
4.806637995807723485e+01,0.000000000000000000e+00
4.600410095584555137e+01,0.000000000000000000e+00
4.658800427111668085e+01,0.000000000000000000e+00
4.777588611154270382e+01,0.000000000000000000e+00
4.573627392462202579e+01,0.000000000000000000e+00
4.451014290958971031e+01,0.000000000000000000e+00
4.624402537726530937e+01,0.000000000000000000e+00
5.107862524918013492e+01,0.000000000000000000e+00
4.754245366447804599e+01,0.000000000000000000e+00
4.634554822871110247e+01,0.000000000000000000e+00
4.704667136649377568e+01,0.000000000000000000e+00
4.694092666115497536e+01,0.000000000000000000e+00
4.733437454172577930e+01,0.000000000000000000e+00
4.245454915460590684e+01,0.000000000000000000e+00
4.714199342055708541e+01,0.000000000000000000e+00
4.499670553437465514e+01,0.000000000000000000e+00
4.697705302094917812e+01,0.000000000000000000e+00
4.482638446160977708e+01,0.000000000000000000e+00
4.955689685921863941e+01,0.000000000000000000e+00
4.712626129863464541e+01,0.000000000000000000e+00
4.370163793866858981e+01,0.000000000000000000e+00
4.732682671121032314e+01,0.000000000000000000e+00
4.512502722192263604e+01,0.000000000000000000e+00
4.904801623545024114e+01,0.000000000000000000e+00
4.700484167320669115e+01,0.000000000000000000e+00
4.690584384496475678e+01,0.000000000000000000e+00
4.665573641632160928e+01,0.000000000000000000e+00
4.540007407350431379e+01,0.000000000000000000e+00
4.504642691905551999e+01,0.000000000000000000e+00
4.782488947979023663e+01,0.000000000000000000e+00
4.324087371458923457e+01,0.000000000000000000e+00
4.800458855480958675e+01,0.000000000000000000e+00
4.192650795936111763e+01,0.000000000000000000e+00
4.636432991548830529e+01,0.000000000000000000e+00
4.817540083021378905e+01,0.000000000000000000e+00
4.642568840298116584e+01,0.000000000000000000e+00
4.506498387439538078e+01,0.000000000000000000e+00
4.575433006012747938e+01,0.000000000000000000e+00
4.383640996884187757e+01,0.000000000000000000e+00
4.430970232929301034e+01,0.000000000000000000e+00
4.636846528515629018e+01,0.000000000000000000e+00
4.492439008221578689e+01,0.000000000000000000e+00
4.253081473866574669e+01,0.000000000000000000e+00
4.293650029396325607e+01,0.000000000000000000e+00
4.556739314945946262e+01,0.000000000000000000e+00
4.554556726445394332e+01,0.000000000000000000e+00
4.467172830656189575e+01,0.000000000000000000e+00
4.322719955109568701e+01,0.000000000000000000e+00
4.392033578018748585e+01,0.000000000000000000e+00
4.375768747868325903e+01,0.000000000000000000e+00
4.437662417437763906e+01,0.000000000000000000e+00
4.138682257847332835e+01,0.000000000000000000e+00
4.081399051318107496e+01,0.000000000000000000e+00
4.305058275356663700e+01,0.000000000000000000e+00
4.186196269138252291e+01,0.000000000000000000e+00
4.524170869652884619e+01,0.000000000000000000e+00
4.301286840506186593e+01,0.000000000000000000e+00
4.193742099344838437e+01,0.000000000000000000e+00
4.173938440549331830e+01,0.000000000000000000e+00
4.453936812921879351e+01,0.000000000000000000e+00
4.496663168230652730e+01,0.000000000000000000e+00
4.256911126550478741e+01,0.000000000000000000e+00
4.458051258052851296e+01,0.000000000000000000e+00
4.379109714183390878e+01,0.000000000000000000e+00
4.444920576122223821e+01,0.000000000000000000e+00
4.198671854128925673e+01,0.000000000000000000e+00
4.487913558727864682e+01,0.000000000000000000e+00
4.642091531852901198e+01,0.000000000000000000e+00
4.144969421424620037e+01,0.000000000000000000e+00
4.314171477009004718e+01,0.000000000000000000e+00
3.798672838664904816e+01,0.000000000000000000e+00
4.484568275759137634e+01,0.000000000000000000e+00
4.038302956546159095e+01,0.000000000000000000e+00
4.467400807797525886e+01,0.000000000000000000e+00
4.035905004704067522e+01,0.000000000000000000e+00
4.247087820870936525e+01,0.000000000000000000e+00
3.939439680713852709e+01,0.000000000000000000e+00
3.890682098840406411e+01,0.000000000000000000e+00
4.007282978564651899e+01,0.000000000000000000e+00
4.217942388841415635e+01,0.000000000000000000e+00
4.116330516936410788e+01,0.000000000000000000e+00
4.123209344041419655e+01,0.000000000000000000e+00
3.724952643798681606e+01,0.000000000000000000e+00
4.467401011981841918e+01,0.000000000000000000e+00
4.092670215727051186e+01,0.000000000000000000e+00
4.383088812113420119e+01,0.000000000000000000e+00
4.340931304742748864e+01,0.000000000000000000e+00
4.262504389624161405e+01,0.000000000000000000e+00
4.300006869388870001e+01,0.000000000000000000e+00
4.045485670937888756e+01,0.000000000000000000e+00
4.157735380643191547e+01,0.000000000000000000e+00
4.086684990442272891e+01,0.000000000000000000e+00
4.179902447145140343e+01,0.000000000000000000e+00
3.702454016174427665e+01,0.000000000000000000e+00
4.535864399124259450e+01,0.000000000000000000e+00
3.913007807532243021e+01,0.000000000000000000e+00
4.106098250549410977e+01,0.000000000000000000e+00
4.199820031349511140e+01,0.000000000000000000e+00
3.910334515103770059e+01,0.000000000000000000e+00
4.207705014076313432e+01,0.000000000000000000e+00
4.251372110701927198e+01,0.000000000000000000e+00
4.455494214679488607e+01,0.000000000000000000e+00
4.083129444619763149e+01,0.000000000000000000e+00
3.777072878322253757e+01,0.000000000000000000e+00
3.993618564471722010e+01,0.000000000000000000e+00
3.693551517223902181e+01,0.000000000000000000e+00
3.880602127027749759e+01,0.000000000000000000e+00
3.999877595302579181e+01,0.000000000000000000e+00
3.801905353790943565e+01,0.000000000000000000e+00
4.179447568322506612e+01,0.000000000000000000e+00
4.365425792891135615e+01,0.000000000000000000e+00
3.733192284215021317e+01,0.000000000000000000e+00
3.921259049558679521e+01,0.000000000000000000e+00
4.013264400473698146e+01,0.000000000000000000e+00
3.929351493321013322e+01,0.000000000000000000e+00
4.010033961641499900e+01,0.000000000000000000e+00
3.812590844044362370e+01,0.000000000000000000e+00
4.116236539029272024e+01,0.000000000000000000e+00
4.034004906334272533e+01,0.000000000000000000e+00
3.983857884228270763e+01,0.000000000000000000e+00
4.169495615241951469e+01,0.000000000000000000e+00
3.973168901972999123e+01,0.000000000000000000e+00
4.057694777373426120e+01,0.000000000000000000e+00
3.983297431783648790e+01,0.000000000000000000e+00
4.131516968288633507e+01,0.000000000000000000e+00
3.470148203537548426e+01,0.000000000000000000e+00
3.805806317162340946e+01,0.000000000000000000e+00
3.824155322241305299e+01,0.000000000000000000e+00
3.632181321521564143e+01,0.000000000000000000e+00
3.818472720923149666e+01,0.000000000000000000e+00
3.781969566106847225e+01,0.000000000000000000e+00
3.757982589479748015e+01,0.000000000000000000e+00
3.952276446566152401e+01,0.000000000000000000e+00
4.189383146707335470e+01,0.000000000000000000e+00
3.610676754129025312e+01,0.000000000000000000e+00
3.512595851329935215e+01,0.000000000000000000e+00
3.594079080937419235e+01,0.000000000000000000e+00
4.108484804257872725e+01,0.000000000000000000e+00
3.563097863071986637e+01,0.000000000000000000e+00
3.716679773191165737e+01,0.000000000000000000e+00
3.614838939672689122e+01,0.000000000000000000e+00
4.044247355793352483e+01,0.000000000000000000e+00
3.801566801067632895e+01,0.000000000000000000e+00
3.858023358472153319e+01,0.000000000000000000e+00
3.303724876762917972e+01,0.000000000000000000e+00
3.638260025601633174e+01,0.000000000000000000e+00
3.630508820482802435e+01,0.000000000000000000e+00
3.390512859433359694e+01,0.000000000000000000e+00
3.594306681514829904e+01,0.000000000000000000e+00
3.675952436080571317e+01,0.000000000000000000e+00
3.738785912441365866e+01,0.000000000000000000e+00
3.726505856696201846e+01,0.000000000000000000e+00
3.680224305837784726e+01,0.000000000000000000e+00
3.901502668531513507e+01,0.000000000000000000e+00
3.582409862369495102e+01,0.000000000000000000e+00
3.712912045690864460e+01,0.000000000000000000e+00
3.696484833577065388e+01,0.000000000000000000e+00
3.578679544869753215e+01,0.000000000000000000e+00
3.287429905632963312e+01,0.000000000000000000e+00
3.454655808608291068e+01,0.000000000000000000e+00
3.893275527891952237e+01,0.000000000000000000e+00
3.577374609503888081e+01,0.000000000000000000e+00
3.767543846270776697e+01,0.000000000000000000e+00
3.418231721688530911e+01,0.000000000000000000e+00
3.416774446418444455e+01,0.000000000000000000e+00
3.547349230903140693e+01,0.000000000000000000e+00
3.396283790761186339e+01,0.000000000000000000e+00
3.250344069466073194e+01,0.000000000000000000e+00
3.351071708358875156e+01,0.000000000000000000e+00
3.454656870672343416e+01,0.000000000000000000e+00
3.759213683902456893e+01,0.000000000000000000e+00
3.497986302244664358e+01,0.000000000000000000e+00
3.460033319283708408e+01,0.000000000000000000e+00
3.379506942395425995e+01,0.000000000000000000e+00
3.633521112223432681e+01,0.000000000000000000e+00
3.540422717310725176e+01,0.000000000000000000e+00
3.260775547291412835e+01,0.000000000000000000e+00
3.693853019386564540e+01,0.000000000000000000e+00
3.271463626218687892e+01,0.000000000000000000e+00
3.592047779133016405e+01,0.000000000000000000e+00
3.537197943164696312e+01,0.000000000000000000e+00
3.406626365330801320e+01,0.000000000000000000e+00
3.459605772305722127e+01,0.000000000000000000e+00
3.236038726350803074e+01,0.000000000000000000e+00
3.587712220442938360e+01,0.000000000000000000e+00
3.663938589570253868e+01,0.000000000000000000e+00
3.163233299771428975e+01,0.000000000000000000e+00
3.439102602675892228e+01,0.000000000000000000e+00
3.156456898632323771e+01,0.000000000000000000e+00
3.414568262076362259e+01,0.000000000000000000e+00
3.439760768453756157e+01,0.000000000000000000e+00
3.380434169155252988e+01,0.000000000000000000e+00
3.347004851374822465e+01,0.000000000000000000e+00
3.434159869048041713e+01,0.000000000000000000e+00
3.402784520178077798e+01,0.000000000000000000e+00
3.372310716826709154e+01,0.000000000000000000e+00
3.182174290439858666e+01,0.000000000000000000e+00
3.532667223651573352e+01,0.000000000000000000e+00
3.271762819861464067e+01,0.000000000000000000e+00
3.574825796077848850e+01,0.000000000000000000e+00
3.254244219024258911e+01,0.000000000000000000e+00
3.290314364445516304e+01,0.000000000000000000e+00
3.396621675227098791e+01,0.000000000000000000e+00
3.458788183821936002e+01,0.000000000000000000e+00
3.199539003533926618e+01,0.000000000000000000e+00
3.370864951619724081e+01,0.000000000000000000e+00
2.926170241972690178e+01,0.000000000000000000e+00
3.062658406197118666e+01,0.000000000000000000e+00
3.239601128835687405e+01,0.000000000000000000e+00
3.071200183104065218e+01,0.000000000000000000e+00
3.186425758144797982e+01,0.000000000000000000e+00
3.677206432844964468e+01,0.000000000000000000e+00
2.936514223588088157e+01,0.000000000000000000e+00
3.358134347597044211e+01,0.000000000000000000e+00
3.376657756614849859e+01,0.000000000000000000e+00
2.931654891975421862e+01,0.000000000000000000e+00
3.610302810376785487e+01,0.000000000000000000e+00
3.145391784086858067e+01,0.000000000000000000e+00
3.246628958712781099e+01,0.000000000000000000e+00
3.089070780488445678e+01,0.000000000000000000e+00
3.282256046219320211e+01,0.000000000000000000e+00
2.991465414547466395e+01,0.000000000000000000e+00
2.960710246575883531e+01,0.000000000000000000e+00
3.015973133617412572e+01,0.000000000000000000e+00
3.332947033169222095e+01,0.000000000000000000e+00
2.939404789538091478e+01,0.000000000000000000e+00
3.135046982386925052e+01,0.000000000000000000e+00
3.175220515392688014e+01,0.000000000000000000e+00
3.125499355275740854e+01,0.000000000000000000e+00
3.176833991722287820e+01,0.000000000000000000e+00
2.831832912102604283e+01,0.000000000000000000e+00
3.000532030881135626e+01,0.000000000000000000e+00
2.991508160915629233e+01,0.000000000000000000e+00
2.816738833826397936e+01,0.000000000000000000e+00
3.440618502729634542e+01,0.000000000000000000e+00
3.096581797766636868e+01,0.000000000000000000e+00
3.152316442615894232e+01,0.000000000000000000e+00
2.986094953683560504e+01,0.000000000000000000e+00
3.247637048744532962e+01,0.000000000000000000e+00
2.908071421229882958e+01,0.000000000000000000e+00
3.504842023696202347e+01,0.000000000000000000e+00
2.874022430391949356e+01,0.000000000000000000e+00
3.023655977356372659e+01,0.000000000000000000e+00
3.111445370944828781e+01,0.000000000000000000e+00
2.901905194143227718e+01,0.000000000000000000e+00
3.206156967933755908e+01,0.000000000000000000e+00
2.753702310715628343e+01,0.000000000000000000e+00
3.177782841949792569e+01,0.000000000000000000e+00
2.624772167190899808e+01,0.000000000000000000e+00
3.186061563879648872e+01,0.000000000000000000e+00
2.711290348241704606e+01,0.000000000000000000e+00
3.311553382297248049e+01,0.000000000000000000e+00
2.802666173184769249e+01,0.000000000000000000e+00
3.080126003158672177e+01,0.000000000000000000e+00
3.109761673620094058e+01,0.000000000000000000e+00
2.838982163294335592e+01,0.000000000000000000e+00
3.174171143063404443e+01,0.000000000000000000e+00
3.172904485267518382e+01,0.000000000000000000e+00
3.015044477387413480e+01,0.000000000000000000e+00
2.759694465986581946e+01,0.000000000000000000e+00
2.830404725432942925e+01,0.000000000000000000e+00
2.881665597978222948e+01,0.000000000000000000e+00
2.888354931516872881e+01,0.000000000000000000e+00
2.625568756480460664e+01,0.000000000000000000e+00
2.952706644691035720e+01,0.000000000000000000e+00
2.927887118876459738e+01,0.000000000000000000e+00
2.649212944309688567e+01,0.000000000000000000e+00
2.834897498773724323e+01,0.000000000000000000e+00
3.040688284423379883e+01,0.000000000000000000e+00
2.671264861486768183e+01,0.000000000000000000e+00
2.711800561602820281e+01,0.000000000000000000e+00
2.689117918938564600e+01,0.000000000000000000e+00
2.659060985003615230e+01,0.000000000000000000e+00
2.960865421982781243e+01,0.000000000000000000e+00
3.044831837070472957e+01,0.000000000000000000e+00
2.774402217050922559e+01,0.000000000000000000e+00
2.731724335307136187e+01,0.000000000000000000e+00
3.026736344187644789e+01,0.000000000000000000e+00
2.820230105715975455e+01,0.000000000000000000e+00
2.585824597230577737e+01,0.000000000000000000e+00
2.739800692383534297e+01,0.000000000000000000e+00
2.620593085874137529e+01,0.000000000000000000e+00
3.079389901845892297e+01,0.000000000000000000e+00
2.918211100840909467e+01,0.000000000000000000e+00
2.739396440730942928e+01,0.000000000000000000e+00
2.750929205165000013e+01,0.000000000000000000e+00
2.721661910365252268e+01,0.000000000000000000e+00
2.723300580756062672e+01,0.000000000000000000e+00
2.882059713082360375e+01,0.000000000000000000e+00
2.450178609256063922e+01,0.000000000000000000e+00
3.132054483273017809e+01,0.000000000000000000e+00
2.675373408134700881e+01,0.000000000000000000e+00
2.857138422180102921e+01,0.000000000000000000e+00
2.897736805158087847e+01,0.000000000000000000e+00
2.698482112655771559e+01,0.000000000000000000e+00
2.456474774791966809e+01,0.000000000000000000e+00
3.094308438614818613e+01,0.000000000000000000e+00
2.975742325008645395e+01,0.000000000000000000e+00
2.782898638779528255e+01,0.000000000000000000e+00
2.772142900019906619e+01,0.000000000000000000e+00
2.613431079237762233e+01,0.000000000000000000e+00
2.417726966300122271e+01,0.000000000000000000e+00
2.726565909393931264e+01,0.000000000000000000e+00
2.641312955840981758e+01,0.000000000000000000e+00
2.933326450386228501e+01,0.000000000000000000e+00
2.760568227567884136e+01,0.000000000000000000e+00
2.556833363501331036e+01,0.000000000000000000e+00
2.764661375529033904e+01,0.000000000000000000e+00
3.178409685853726785e+01,0.000000000000000000e+00
2.744780320253545369e+01,0.000000000000000000e+00
2.946637795935258808e+01,0.000000000000000000e+00
2.692454384693838421e+01,0.000000000000000000e+00
2.745915198151738679e+01,0.000000000000000000e+00
2.545836946664282863e+01,0.000000000000000000e+00
2.850487437800589419e+01,0.000000000000000000e+00
2.552857916345726608e+01,0.000000000000000000e+00
2.521788331642429171e+01,0.000000000000000000e+00
2.771025642442832648e+01,0.000000000000000000e+00
2.881955532510443874e+01,0.000000000000000000e+00
2.238177934218530041e+01,0.000000000000000000e+00
2.653106618395091232e+01,0.000000000000000000e+00
2.760015413388663674e+01,0.000000000000000000e+00
2.359110379810282510e+01,0.000000000000000000e+00
2.807781573064580982e+01,0.000000000000000000e+00
2.497510590334566416e+01,0.000000000000000000e+00
2.792104810714108964e+01,0.000000000000000000e+00
2.594961283033632782e+01,0.000000000000000000e+00
2.291680472629090204e+01,0.000000000000000000e+00
2.636902866185189964e+01,0.000000000000000000e+00
2.337564596231574754e+01,0.000000000000000000e+00
2.506040169955305785e+01,0.000000000000000000e+00
2.635843436203595047e+01,0.000000000000000000e+00
2.580162723999651320e+01,0.000000000000000000e+00
2.675947031438872159e+01,0.000000000000000000e+00
2.644644146080120706e+01,0.000000000000000000e+00
2.367749697858785041e+01,0.000000000000000000e+00
2.292680320738088540e+01,0.000000000000000000e+00
2.430542388677299215e+01,0.000000000000000000e+00
2.562929948071067798e+01,0.000000000000000000e+00
2.354172933850543714e+01,0.000000000000000000e+00
2.527325216605397884e+01,0.000000000000000000e+00
2.307992044168065604e+01,0.000000000000000000e+00
2.629762681502411681e+01,0.000000000000000000e+00
2.184978597890437513e+01,0.000000000000000000e+00
2.687579255669125899e+01,0.000000000000000000e+00
2.454476611882233428e+01,0.000000000000000000e+00
2.538198241795398857e+01,0.000000000000000000e+00
2.939041723742531431e+01,0.000000000000000000e+00
2.220911041772535555e+01,0.000000000000000000e+00
2.439539777260146991e+01,0.000000000000000000e+00
2.602459998151125475e+01,0.000000000000000000e+00
2.361845240529622103e+01,0.000000000000000000e+00
2.634807068275206632e+01,0.000000000000000000e+00
2.653852819849387856e+01,0.000000000000000000e+00
2.376494445084638940e+01,0.000000000000000000e+00
2.314779613060100161e+01,0.000000000000000000e+00
2.470507536164016216e+01,0.000000000000000000e+00
2.359160624972748366e+01,0.000000000000000000e+00
1.915738806759568646e+01,0.000000000000000000e+00
2.439457614823789200e+01,0.000000000000000000e+00
2.212538513426689235e+01,0.000000000000000000e+00
2.252035437632300230e+01,0.000000000000000000e+00
2.516326327437266741e+01,0.000000000000000000e+00
2.620447381468216363e+01,0.000000000000000000e+00
2.214205431008911873e+01,0.000000000000000000e+00
2.473158643309711380e+01,0.000000000000000000e+00
2.375413454980978756e+01,0.000000000000000000e+00
2.371730633560461854e+01,0.000000000000000000e+00
2.030139475310618735e+01,0.000000000000000000e+00
2.432050646732259480e+01,0.000000000000000000e+00
2.290442475027895597e+01,0.000000000000000000e+00
2.278814204011714040e+01,0.000000000000000000e+00
2.412975077092936260e+01,0.000000000000000000e+00
2.202016266906195696e+01,0.000000000000000000e+00
2.092441401294297165e+01,0.000000000000000000e+00
2.384267481991444626e+01,0.000000000000000000e+00
2.303624804457072983e+01,0.000000000000000000e+00
2.538761353819922206e+01,0.000000000000000000e+00
2.457886994266945635e+01,0.000000000000000000e+00
2.620166786228025657e+01,0.000000000000000000e+00
2.513925673898385327e+01,0.000000000000000000e+00
2.326478928685992997e+01,0.000000000000000000e+00
2.300720068756027814e+01,0.000000000000000000e+00
2.667495116688215262e+01,0.000000000000000000e+00
2.413522136883808855e+01,0.000000000000000000e+00
2.131723017972154821e+01,0.000000000000000000e+00
2.395287442835495639e+01,0.000000000000000000e+00
2.126964139617610883e+01,0.000000000000000000e+00
2.331430491469791733e+01,0.000000000000000000e+00
2.284524275591914133e+01,0.000000000000000000e+00
2.808310048153765592e+01,0.000000000000000000e+00
2.171524737383345993e+01,0.000000000000000000e+00
2.177249844908783416e+01,0.000000000000000000e+00
2.265506943451523725e+01,0.000000000000000000e+00
2.346450945561073809e+01,0.000000000000000000e+00
2.240582528088742009e+01,0.000000000000000000e+00
2.297738175153277140e+01,0.000000000000000000e+00
2.382050723972274042e+01,0.000000000000000000e+00
2.291529048659027623e+01,0.000000000000000000e+00
1.980463749426603570e+01,0.000000000000000000e+00
2.284816409551771699e+01,0.000000000000000000e+00
2.205886519587528483e+01,0.000000000000000000e+00
2.274909521800630330e+01,0.000000000000000000e+00
2.362291613212837404e+01,0.000000000000000000e+00
2.135939226057606177e+01,0.000000000000000000e+00
2.756500572757682832e+01,0.000000000000000000e+00
2.459198743546891563e+01,0.000000000000000000e+00
2.169269384890907304e+01,0.000000000000000000e+00
2.289569509299578698e+01,0.000000000000000000e+00
2.274426194300291115e+01,0.000000000000000000e+00
2.040805903267117571e+01,0.000000000000000000e+00
2.284857532808594982e+01,0.000000000000000000e+00
2.220848589675294349e+01,0.000000000000000000e+00
1.924791561206783896e+01,0.000000000000000000e+00
2.201010043093945256e+01,0.000000000000000000e+00
2.380797810286932048e+01,0.000000000000000000e+00
2.034012878456372420e+01,0.000000000000000000e+00
2.755652448594813464e+01,0.000000000000000000e+00
2.140815334804774039e+01,0.000000000000000000e+00
2.345663507421851790e+01,0.000000000000000000e+00
2.186612431501895415e+01,0.000000000000000000e+00
2.589584024628825176e+01,0.000000000000000000e+00
1.910692420654771340e+01,0.000000000000000000e+00
2.268195365406250730e+01,0.000000000000000000e+00
2.274662089132698384e+01,0.000000000000000000e+00
1.937341011536896218e+01,0.000000000000000000e+00
1.974914666316469791e+01,0.000000000000000000e+00
2.476428790965060500e+01,0.000000000000000000e+00
2.133182362387890763e+01,0.000000000000000000e+00
2.132095659928232578e+01,0.000000000000000000e+00
2.289820777786323092e+01,0.000000000000000000e+00
2.085766935432740965e+01,0.000000000000000000e+00
2.343668142149417122e+01,0.000000000000000000e+00
2.267907139571027031e+01,0.000000000000000000e+00
2.052894108619901914e+01,0.000000000000000000e+00
2.183046834124137092e+01,0.000000000000000000e+00
2.263218088153442054e+01,0.000000000000000000e+00
2.522718174052923246e+01,0.000000000000000000e+00
1.677934520303688259e+01,0.000000000000000000e+00
1.959454295145990343e+01,0.000000000000000000e+00
1.912148190539274140e+01,0.000000000000000000e+00
2.314249494789747530e+01,0.000000000000000000e+00
2.172217266900783983e+01,0.000000000000000000e+00
2.048445623242153601e+01,0.000000000000000000e+00
2.251787396590460588e+01,0.000000000000000000e+00
1.722591563739518961e+01,0.000000000000000000e+00
2.374542995853572691e+01,0.000000000000000000e+00
2.395531526477277851e+01,0.000000000000000000e+00
2.066341777621351383e+01,0.000000000000000000e+00
2.335754517892937798e+01,0.000000000000000000e+00
2.694980834302635486e+01,0.000000000000000000e+00
2.139157924156346979e+01,0.000000000000000000e+00
2.107620522369889571e+01,0.000000000000000000e+00
2.270913355974464665e+01,0.000000000000000000e+00
1.958722884430808264e+01,0.000000000000000000e+00
2.211263042495954068e+01,0.000000000000000000e+00
2.330632030529541510e+01,0.000000000000000000e+00
2.244112478789302401e+01,0.000000000000000000e+00
2.162099374730920687e+01,0.000000000000000000e+00
2.166201490951618425e+01,0.000000000000000000e+00
2.065713973635205392e+01,0.000000000000000000e+00
2.314857350271013559e+01,0.000000000000000000e+00
2.130059923973957581e+01,0.000000000000000000e+00
2.223818764994035746e+01,0.000000000000000000e+00
1.961027968870560656e+01,0.000000000000000000e+00
1.846273610351252614e+01,0.000000000000000000e+00
1.844006582662603222e+01,0.000000000000000000e+00
1.798911012207203441e+01,0.000000000000000000e+00
1.965733029525145170e+01,0.000000000000000000e+00
2.399737366089197366e+01,0.000000000000000000e+00
1.897126989088085480e+01,0.000000000000000000e+00
2.018841270037858138e+01,0.000000000000000000e+00
2.052355272789541729e+01,0.000000000000000000e+00
1.980835233745300528e+01,0.000000000000000000e+00
1.769891535150427586e+01,0.000000000000000000e+00
2.018396145970195477e+01,0.000000000000000000e+00
1.983366283638039107e+01,0.000000000000000000e+00
1.825392860385013805e+01,0.000000000000000000e+00
1.900993417960429355e+01,0.000000000000000000e+00
2.073384135669152784e+01,0.000000000000000000e+00
1.920576565319957751e+01,0.000000000000000000e+00
2.191518668895244915e+01,0.000000000000000000e+00
2.157687784777542106e+01,0.000000000000000000e+00
1.684583311625655000e+01,0.000000000000000000e+00
1.661922507995600284e+01,0.000000000000000000e+00
2.034651485180132724e+01,0.000000000000000000e+00
2.235383682811003325e+01,0.000000000000000000e+00
2.174307652530246315e+01,0.000000000000000000e+00
2.034761623459973734e+01,0.000000000000000000e+00
1.929595453561509544e+01,0.000000000000000000e+00
2.010024164442512884e+01,0.000000000000000000e+00
2.340922479833424319e+01,0.000000000000000000e+00
2.182419253457500474e+01,0.000000000000000000e+00
2.063985498854893663e+01,0.000000000000000000e+00
2.600623743875921789e+01,0.000000000000000000e+00
2.387182568544169925e+01,0.000000000000000000e+00
1.761675890020450908e+01,0.000000000000000000e+00
1.930774097654495947e+01,0.000000000000000000e+00
2.156543074031735685e+01,0.000000000000000000e+00
2.345799649630898287e+01,0.000000000000000000e+00
1.942458883382957069e+01,0.000000000000000000e+00
2.043366036863409008e+01,0.000000000000000000e+00
1.868035939206626495e+01,0.000000000000000000e+00
2.131704873444173387e+01,0.000000000000000000e+00
2.216045082049474146e+01,0.000000000000000000e+00
2.328323476060408126e+01,0.000000000000000000e+00
1.853452354453340334e+01,0.000000000000000000e+00
2.042977193573073080e+01,0.000000000000000000e+00
1.982407552492540148e+01,0.000000000000000000e+00
2.261689662014259028e+01,0.000000000000000000e+00
2.062492985096188391e+01,0.000000000000000000e+00
2.053125802443776493e+01,0.000000000000000000e+00
2.316796009990993710e+01,0.000000000000000000e+00
2.027350834115558698e+01,0.000000000000000000e+00
1.999604151220732362e+01,0.000000000000000000e+00
2.109882731517206622e+01,0.000000000000000000e+00
2.133561006904126600e+01,0.000000000000000000e+00
1.889654822826500435e+01,0.000000000000000000e+00
1.853706732650112343e+01,0.000000000000000000e+00
2.015168987035375636e+01,0.000000000000000000e+00
1.946287961089944218e+01,0.000000000000000000e+00
2.129725812661581230e+01,0.000000000000000000e+00
1.995088455725292320e+01,0.000000000000000000e+00
1.873354395216672330e+01,0.000000000000000000e+00
1.707326769442239822e+01,0.000000000000000000e+00
1.951555825889079898e+01,0.000000000000000000e+00
1.959383308188833439e+01,0.000000000000000000e+00
2.092852416493809642e+01,0.000000000000000000e+00
2.073341171087902879e+01,0.000000000000000000e+00
2.452607722085689090e+01,0.000000000000000000e+00
1.783240090703431235e+01,0.000000000000000000e+00
1.755265110622588409e+01,0.000000000000000000e+00
2.016071445790383976e+01,0.000000000000000000e+00
2.136438223516007540e+01,0.000000000000000000e+00
2.037607261797973734e+01,0.000000000000000000e+00
1.783518618236338682e+01,0.000000000000000000e+00
1.976806870008221395e+01,0.000000000000000000e+00
1.744328065166306274e+01,0.000000000000000000e+00
2.270022148629161407e+01,0.000000000000000000e+00
1.954007697567202584e+01,0.000000000000000000e+00
1.955358576869885923e+01,0.000000000000000000e+00
1.536671892871551037e+01,0.000000000000000000e+00
1.838864087438970785e+01,0.000000000000000000e+00
2.388395352700942453e+01,0.000000000000000000e+00
1.858660510048185799e+01,0.000000000000000000e+00
1.936915068854612443e+01,0.000000000000000000e+00
2.025332715771160963e+01,0.000000000000000000e+00
2.500383271509736716e+01,0.000000000000000000e+00
2.004278405488306092e+01,0.000000000000000000e+00
1.934858594167679158e+01,0.000000000000000000e+00
1.821407210509987351e+01,0.000000000000000000e+00
1.858687322499949701e+01,0.000000000000000000e+00
2.305414074241959810e+01,0.000000000000000000e+00
2.132338601341053774e+01,0.000000000000000000e+00
2.150746143471323535e+01,0.000000000000000000e+00
1.686060034969741039e+01,0.000000000000000000e+00
2.155700708519322006e+01,0.000000000000000000e+00
2.036581009712543988e+01,0.000000000000000000e+00
2.015837862366146283e+01,0.000000000000000000e+00
1.690498139427930369e+01,0.000000000000000000e+00
2.107112399469748709e+01,0.000000000000000000e+00
1.986110017006957307e+01,0.000000000000000000e+00
2.107686795264703150e+01,0.000000000000000000e+00
2.347033760642339928e+01,0.000000000000000000e+00
1.870149159140670392e+01,0.000000000000000000e+00
1.849684741714793290e+01,0.000000000000000000e+00
1.862193460052893101e+01,0.000000000000000000e+00
1.831624910990943178e+01,0.000000000000000000e+00
1.602603426094049865e+01,0.000000000000000000e+00
2.102909042380648330e+01,0.000000000000000000e+00
2.204008080666309510e+01,0.000000000000000000e+00
2.154072695423998596e+01,0.000000000000000000e+00
2.010518013708847818e+01,0.000000000000000000e+00
1.884702324749971680e+01,0.000000000000000000e+00
2.172974305988594068e+01,0.000000000000000000e+00
1.721667922072926160e+01,0.000000000000000000e+00
1.915176680899275041e+01,0.000000000000000000e+00
1.745005518831385416e+01,0.000000000000000000e+00
2.106069487997471157e+01,0.000000000000000000e+00
1.799327386437310849e+01,0.000000000000000000e+00
2.186606587628400433e+01,0.000000000000000000e+00
1.619635286769040050e+01,0.000000000000000000e+00
1.832426639119159617e+01,0.000000000000000000e+00
2.440157191583161023e+01,0.000000000000000000e+00
2.050857172782696480e+01,0.000000000000000000e+00
1.891731589613910103e+01,0.000000000000000000e+00
1.847393170645568716e+01,0.000000000000000000e+00
2.322653766315449886e+01,0.000000000000000000e+00
2.115099113566773070e+01,0.000000000000000000e+00
1.802375451943171925e+01,0.000000000000000000e+00
2.013502959230580558e+01,0.000000000000000000e+00
2.225902107939701580e+01,0.000000000000000000e+00
2.245164646040157308e+01,0.000000000000000000e+00
2.116194391401299058e+01,0.000000000000000000e+00
2.129808658515821662e+01,0.000000000000000000e+00
2.324264300790373738e+01,0.000000000000000000e+00
1.819536173373946752e+01,0.000000000000000000e+00
2.255407937996021417e+01,0.000000000000000000e+00
2.096234846061750901e+01,0.000000000000000000e+00
2.275594078562571099e+01,0.000000000000000000e+00
2.028269894384750316e+01,0.000000000000000000e+00
2.165886361090514356e+01,0.000000000000000000e+00
2.225010310340103103e+01,0.000000000000000000e+00
1.997390801784633396e+01,0.000000000000000000e+00
2.094593160722475744e+01,0.000000000000000000e+00
2.135446858172533524e+01,0.000000000000000000e+00
2.047392995178705277e+01,0.000000000000000000e+00
2.111722973945662574e+01,0.000000000000000000e+00
1.876091549317617080e+01,0.000000000000000000e+00
2.250994956203162900e+01,0.000000000000000000e+00
2.096561587013891526e+01,0.000000000000000000e+00
1.972989439569420966e+01,0.000000000000000000e+00
2.297953309748669426e+01,0.000000000000000000e+00
1.932925380696489270e+01,0.000000000000000000e+00
2.090738473675377307e+01,0.000000000000000000e+00
1.902306433342105763e+01,0.000000000000000000e+00
2.061330208105488282e+01,0.000000000000000000e+00
1.817815053039863216e+01,0.000000000000000000e+00
2.143341225648445558e+01,0.000000000000000000e+00
1.987541754189731336e+01,0.000000000000000000e+00
2.206615935299103270e+01,0.000000000000000000e+00
2.025486131837360659e+01,0.000000000000000000e+00
1.796665003755091305e+01,0.000000000000000000e+00
1.965411211155426940e+01,0.000000000000000000e+00
1.865333541379660787e+01,0.000000000000000000e+00
2.470973686426840388e+01,0.000000000000000000e+00
2.056357350506331372e+01,0.000000000000000000e+00
1.998588819683756412e+01,0.000000000000000000e+00
1.770267128131055046e+01,0.000000000000000000e+00
2.046009626726253572e+01,0.000000000000000000e+00
1.972712588211872031e+01,0.000000000000000000e+00
2.025004901191918094e+01,0.000000000000000000e+00
2.091629338162356788e+01,0.000000000000000000e+00
2.129316105956469940e+01,0.000000000000000000e+00
1.944345444323799299e+01,0.000000000000000000e+00
1.702644077377028964e+01,0.000000000000000000e+00
1.849165735133628630e+01,0.000000000000000000e+00
2.332627382354428036e+01,0.000000000000000000e+00
2.032464151803447194e+01,0.000000000000000000e+00
2.219968353664950911e+01,0.000000000000000000e+00
1.926783662868787061e+01,0.000000000000000000e+00
2.607643429868495843e+01,0.000000000000000000e+00
2.221947241410243734e+01,0.000000000000000000e+00
1.986321984616794722e+01,0.000000000000000000e+00
1.924165972646898837e+01,0.000000000000000000e+00
2.205233906770428121e+01,0.000000000000000000e+00
2.514397336497196278e+01,0.000000000000000000e+00
2.130107962461238458e+01,0.000000000000000000e+00
2.181569785062945144e+01,0.000000000000000000e+00
2.395096214701550963e+01,0.000000000000000000e+00
2.014272284977742444e+01,0.000000000000000000e+00
2.134197505859193811e+01,0.000000000000000000e+00
2.013304894963505021e+01,0.000000000000000000e+00
2.478050301566977964e+01,0.000000000000000000e+00
1.797041671087320580e+01,0.000000000000000000e+00
1.781137319048306367e+01,0.000000000000000000e+00
2.117922215599119085e+01,0.000000000000000000e+00
2.125467937951880515e+01,0.000000000000000000e+00
2.276893354921213941e+01,0.000000000000000000e+00
2.122141603384007169e+01,0.000000000000000000e+00
1.946727946634804951e+01,0.000000000000000000e+00
2.304080589095346099e+01,0.000000000000000000e+00
1.921644076126165146e+01,0.000000000000000000e+00
2.145846955528647015e+01,0.000000000000000000e+00
1.868231504751942040e+01,0.000000000000000000e+00
1.977765735145147730e+01,0.000000000000000000e+00
2.022916191720969437e+01,0.000000000000000000e+00
2.198699124477821698e+01,0.000000000000000000e+00
2.079921706901155076e+01,0.000000000000000000e+00
1.995554261436873489e+01,0.000000000000000000e+00
2.257424771500895133e+01,0.000000000000000000e+00
2.383006650436567142e+01,0.000000000000000000e+00
2.217469393497164631e+01,0.000000000000000000e+00
2.630557589058051704e+01,0.000000000000000000e+00
1.941566261309451846e+01,0.000000000000000000e+00
1.821014508343893468e+01,0.000000000000000000e+00
2.274386994385051608e+01,0.000000000000000000e+00
2.363952101965421093e+01,0.000000000000000000e+00
2.087577723799834217e+01,0.000000000000000000e+00
2.149506704201744611e+01,0.000000000000000000e+00
2.704024332579832901e+01,0.000000000000000000e+00
2.245290011682892128e+01,0.000000000000000000e+00
2.103461043886920834e+01,0.000000000000000000e+00
1.933379863811367017e+01,0.000000000000000000e+00
2.650462459060984344e+01,0.000000000000000000e+00
2.044452450944442390e+01,0.000000000000000000e+00
2.125910744248034234e+01,0.000000000000000000e+00
2.043006181330581228e+01,0.000000000000000000e+00
2.254185132580878559e+01,0.000000000000000000e+00
2.054289846067277381e+01,0.000000000000000000e+00
2.224090770428621866e+01,0.000000000000000000e+00
1.921199048994956371e+01,0.000000000000000000e+00
2.013673349506978028e+01,0.000000000000000000e+00
1.983730942192637769e+01,0.000000000000000000e+00
2.204178564293618336e+01,0.000000000000000000e+00
2.179680346958958026e+01,0.000000000000000000e+00
2.072632807867347182e+01,0.000000000000000000e+00
1.962296312428324185e+01,0.000000000000000000e+00
2.343548373988851097e+01,0.000000000000000000e+00
2.618325208649216407e+01,0.000000000000000000e+00
2.861061590814243161e+01,0.000000000000000000e+00
2.296774835270521109e+01,0.000000000000000000e+00
2.430114575305489666e+01,0.000000000000000000e+00
2.366828718747414939e+01,0.000000000000000000e+00
2.105550951669748727e+01,0.000000000000000000e+00
2.626039922426975437e+01,0.000000000000000000e+00
1.942832283583083353e+01,0.000000000000000000e+00
1.800777681951362652e+01,0.000000000000000000e+00
2.157059401345549787e+01,0.000000000000000000e+00
2.706785616297988994e+01,0.000000000000000000e+00
1.975328255014437318e+01,0.000000000000000000e+00
2.335244615161363413e+01,0.000000000000000000e+00
1.948625552914731784e+01,0.000000000000000000e+00
1.846825246640240437e+01,0.000000000000000000e+00
1.795641558926050152e+01,0.000000000000000000e+00
2.493344932704824757e+01,0.000000000000000000e+00
2.218245068912462870e+01,0.000000000000000000e+00
2.492088717678926102e+01,0.000000000000000000e+00
2.321118125726219361e+01,0.000000000000000000e+00
2.032964175580649169e+01,0.000000000000000000e+00
2.261239153723172279e+01,0.000000000000000000e+00
2.257019737776953505e+01,0.000000000000000000e+00
2.313333896147454283e+01,0.000000000000000000e+00
2.364980590148247330e+01,0.000000000000000000e+00
2.390108194563991617e+01,0.000000000000000000e+00
2.199366859229817805e+01,0.000000000000000000e+00
2.112036668995570921e+01,0.000000000000000000e+00
2.123392909675970230e+01,0.000000000000000000e+00
2.127682185464395559e+01,0.000000000000000000e+00
2.344436070126791094e+01,0.000000000000000000e+00
2.437068027292074035e+01,0.000000000000000000e+00
2.417635795921649944e+01,0.000000000000000000e+00
2.719295762336370714e+01,0.000000000000000000e+00
2.477632734179725560e+01,0.000000000000000000e+00
2.601463927755403205e+01,0.000000000000000000e+00
2.198652279666337606e+01,0.000000000000000000e+00
2.380017888151427030e+01,0.000000000000000000e+00
2.266748451156136923e+01,0.000000000000000000e+00
2.451113641054899261e+01,0.000000000000000000e+00
2.431266343238031880e+01,0.000000000000000000e+00
2.358658543741656999e+01,0.000000000000000000e+00
2.584479637562833787e+01,0.000000000000000000e+00
2.061385598858078438e+01,0.000000000000000000e+00
2.166091609340305268e+01,0.000000000000000000e+00
2.122112236851404532e+01,0.000000000000000000e+00
2.368842838689313623e+01,0.000000000000000000e+00
2.549586333503466307e+01,0.000000000000000000e+00
2.487041267415406054e+01,0.000000000000000000e+00
2.467662453401460354e+01,0.000000000000000000e+00
2.276191153118004351e+01,0.000000000000000000e+00
2.554690108376630420e+01,0.000000000000000000e+00
2.471272428280084910e+01,0.000000000000000000e+00
2.473925892164643869e+01,0.000000000000000000e+00
2.053577059997144261e+01,0.000000000000000000e+00
2.427100453378563572e+01,0.000000000000000000e+00
2.379389348062654719e+01,0.000000000000000000e+00
2.220001416135547245e+01,0.000000000000000000e+00
2.003886826765244678e+01,0.000000000000000000e+00
2.075268855094405396e+01,0.000000000000000000e+00
2.657281669796896750e+01,0.000000000000000000e+00
2.706723683542151093e+01,0.000000000000000000e+00
2.894859814996001646e+01,0.000000000000000000e+00
2.552186290042831018e+01,0.000000000000000000e+00
2.544783469196343262e+01,0.000000000000000000e+00
2.274362727939886852e+01,0.000000000000000000e+00
2.360697382790739951e+01,0.000000000000000000e+00
2.395220074551877687e+01,0.000000000000000000e+00
2.496386353563637428e+01,0.000000000000000000e+00
2.347259403427590740e+01,0.000000000000000000e+00
2.909274100919601835e+01,0.000000000000000000e+00
2.686342135735742431e+01,0.000000000000000000e+00
2.580613083529262042e+01,0.000000000000000000e+00
2.470189033647923793e+01,0.000000000000000000e+00
2.658736271797221207e+01,0.000000000000000000e+00
2.236346557380674938e+01,0.000000000000000000e+00
2.588406864726496437e+01,0.000000000000000000e+00
2.539872827469828565e+01,0.000000000000000000e+00
2.701173712521722337e+01,0.000000000000000000e+00
2.515566577506330148e+01,0.000000000000000000e+00
2.552061152064819893e+01,0.000000000000000000e+00
2.442673809265278351e+01,0.000000000000000000e+00
2.986614977520524761e+01,0.000000000000000000e+00
2.690261220193038483e+01,0.000000000000000000e+00
2.208308907944930155e+01,0.000000000000000000e+00
2.795012500006956202e+01,0.000000000000000000e+00
2.644001928842579829e+01,0.000000000000000000e+00
2.712775935431429275e+01,0.000000000000000000e+00
2.277548122635136352e+01,0.000000000000000000e+00
2.992595431210197532e+01,0.000000000000000000e+00
2.324750195829153654e+01,0.000000000000000000e+00
2.594273423657638844e+01,0.000000000000000000e+00
2.658287930210226691e+01,0.000000000000000000e+00
2.601757474660534442e+01,0.000000000000000000e+00
2.453117706979050183e+01,0.000000000000000000e+00
2.900158030188821812e+01,0.000000000000000000e+00
2.779024577256340223e+01,0.000000000000000000e+00
2.716162759781032321e+01,0.000000000000000000e+00
2.525768752585871724e+01,0.000000000000000000e+00
2.316460424915709737e+01,0.000000000000000000e+00
2.754139031882142774e+01,0.000000000000000000e+00
2.709010444065905787e+01,0.000000000000000000e+00
2.579493647054607308e+01,0.000000000000000000e+00
2.625802682679381661e+01,0.000000000000000000e+00
3.030526278849100308e+01,0.000000000000000000e+00
2.999848099434613857e+01,0.000000000000000000e+00
3.109447282901545861e+01,0.000000000000000000e+00
3.053437869805018323e+01,0.000000000000000000e+00
2.915731742598925891e+01,0.000000000000000000e+00
2.871468655612036969e+01,0.000000000000000000e+00
2.386481020573444667e+01,0.000000000000000000e+00
2.717189906318088077e+01,0.000000000000000000e+00
2.656945666396529049e+01,0.000000000000000000e+00
2.836235814394034094e+01,0.000000000000000000e+00
2.831533706186106869e+01,0.000000000000000000e+00
2.636274201035375242e+01,0.000000000000000000e+00
2.833289894031024048e+01,0.000000000000000000e+00
2.438262444752722757e+01,0.000000000000000000e+00
2.391474607607781877e+01,0.000000000000000000e+00
2.774046243628962927e+01,0.000000000000000000e+00
2.847712585302189581e+01,0.000000000000000000e+00
2.723801925577291883e+01,0.000000000000000000e+00
2.482226718629152273e+01,0.000000000000000000e+00
2.979058332089152117e+01,0.000000000000000000e+00
2.449424187846195977e+01,0.000000000000000000e+00
2.924106509522749064e+01,0.000000000000000000e+00
2.787489463659824906e+01,0.000000000000000000e+00
2.561678139261048415e+01,0.000000000000000000e+00
2.755058721597839622e+01,0.000000000000000000e+00
2.782715914210779928e+01,0.000000000000000000e+00
2.937022544627560450e+01,0.000000000000000000e+00
2.783566025726325321e+01,0.000000000000000000e+00
3.104680338277792728e+01,0.000000000000000000e+00
2.815605304248444085e+01,0.000000000000000000e+00
2.895600439979776652e+01,0.000000000000000000e+00
2.969216115758428032e+01,0.000000000000000000e+00
2.893678456650087938e+01,0.000000000000000000e+00
2.915197762924510627e+01,0.000000000000000000e+00
3.007693568816375063e+01,0.000000000000000000e+00
2.386672429681523511e+01,0.000000000000000000e+00
2.844285549634138022e+01,0.000000000000000000e+00
2.696578005352343865e+01,0.000000000000000000e+00
2.765279431878763461e+01,0.000000000000000000e+00
2.849293591094312461e+01,0.000000000000000000e+00
2.731833902316805762e+01,0.000000000000000000e+00
2.257613555670963379e+01,0.000000000000000000e+00
2.891685609891151643e+01,0.000000000000000000e+00
2.976755466255809779e+01,0.000000000000000000e+00
2.946194386390375541e+01,0.000000000000000000e+00
3.041957677359879497e+01,0.000000000000000000e+00
2.983700278017650120e+01,0.000000000000000000e+00
2.875970514490968810e+01,0.000000000000000000e+00
3.032678344804043746e+01,0.000000000000000000e+00
3.737724219655387259e+01,0.000000000000000000e+00
2.990636568789172145e+01,0.000000000000000000e+00
3.308316149509825976e+01,0.000000000000000000e+00
2.954681178535140518e+01,0.000000000000000000e+00
3.255592578040985074e+01,0.000000000000000000e+00
2.810259284842764771e+01,0.000000000000000000e+00
2.965593587370945272e+01,0.000000000000000000e+00
3.189076986428494109e+01,0.000000000000000000e+00
2.961590318314068426e+01,0.000000000000000000e+00
3.001130811345328908e+01,0.000000000000000000e+00
3.083668272714151826e+01,0.000000000000000000e+00
3.120160077535991405e+01,0.000000000000000000e+00
2.802185589794437703e+01,0.000000000000000000e+00
2.922696927190020233e+01,0.000000000000000000e+00
3.336897742173432846e+01,0.000000000000000000e+00
3.125549457220036231e+01,0.000000000000000000e+00
3.254222146707985530e+01,0.000000000000000000e+00
2.977548965560368899e+01,0.000000000000000000e+00
3.094650484390733780e+01,0.000000000000000000e+00
3.151607505395736908e+01,0.000000000000000000e+00
3.222808633399490219e+01,0.000000000000000000e+00
3.439880546894508484e+01,0.000000000000000000e+00
3.421421720430465285e+01,0.000000000000000000e+00
2.965198094483641356e+01,0.000000000000000000e+00
3.246956669032695686e+01,0.000000000000000000e+00
3.148663771576197590e+01,0.000000000000000000e+00
3.345172904201401565e+01,0.000000000000000000e+00
3.228008282747533997e+01,0.000000000000000000e+00
3.127833082490525740e+01,0.000000000000000000e+00
2.868244745470083501e+01,0.000000000000000000e+00
2.945386017203157536e+01,0.000000000000000000e+00
3.421278441915338675e+01,0.000000000000000000e+00
3.323948425358255321e+01,0.000000000000000000e+00
3.195901445419684350e+01,0.000000000000000000e+00
3.317166155654993531e+01,0.000000000000000000e+00
2.941448862109055895e+01,0.000000000000000000e+00
3.253136956331375984e+01,0.000000000000000000e+00
3.197562024142496284e+01,0.000000000000000000e+00
3.429249927238415552e+01,0.000000000000000000e+00
2.984395455717756462e+01,0.000000000000000000e+00
3.371976261160633470e+01,0.000000000000000000e+00
3.059392489285633232e+01,0.000000000000000000e+00
3.014924761807739628e+01,0.000000000000000000e+00
3.600974677018972159e+01,0.000000000000000000e+00
3.346006193164568288e+01,0.000000000000000000e+00
3.530128144222175735e+01,0.000000000000000000e+00
3.306586673902322104e+01,0.000000000000000000e+00
2.982269736160650808e+01,0.000000000000000000e+00
2.921712388063570387e+01,0.000000000000000000e+00
3.310821524556200757e+01,0.000000000000000000e+00
3.499176566702765001e+01,0.000000000000000000e+00
3.340790928098143553e+01,0.000000000000000000e+00
3.437432392751820487e+01,0.000000000000000000e+00
3.174179715106529187e+01,0.000000000000000000e+00
3.161519548829849668e+01,0.000000000000000000e+00
3.308677947092910188e+01,0.000000000000000000e+00
3.206776734046784583e+01,0.000000000000000000e+00
3.384929415383930262e+01,0.000000000000000000e+00
2.981380139318594402e+01,0.000000000000000000e+00
3.536418425516268371e+01,0.000000000000000000e+00
3.315613631192672273e+01,0.000000000000000000e+00
3.665133394000476841e+01,0.000000000000000000e+00
3.426358773819847414e+01,0.000000000000000000e+00
3.217179711696562094e+01,0.000000000000000000e+00
3.498978808589410505e+01,0.000000000000000000e+00
3.575353399544034261e+01,0.000000000000000000e+00
3.336486755168108687e+01,0.000000000000000000e+00
3.319502140826288894e+01,0.000000000000000000e+00
3.613223125670364766e+01,0.000000000000000000e+00
3.236666316791585274e+01,0.000000000000000000e+00
3.895862970560843763e+01,0.000000000000000000e+00
3.640492471724085277e+01,0.000000000000000000e+00
3.265806225406250007e+01,0.000000000000000000e+00
3.530048481773399516e+01,0.000000000000000000e+00
2.990273455734943298e+01,0.000000000000000000e+00
3.712354540309461015e+01,0.000000000000000000e+00
3.185841636560957113e+01,0.000000000000000000e+00
3.285417154115957317e+01,0.000000000000000000e+00
3.423110279049199534e+01,0.000000000000000000e+00
3.807363439344013045e+01,0.000000000000000000e+00
3.084696334364728543e+01,0.000000000000000000e+00
3.583046228049513360e+01,0.000000000000000000e+00
3.382018728776013461e+01,0.000000000000000000e+00
3.054383025296707643e+01,0.000000000000000000e+00
3.390919289509172074e+01,0.000000000000000000e+00
3.488567123944586967e+01,0.000000000000000000e+00
3.328923102617313390e+01,0.000000000000000000e+00
3.426526214411801874e+01,0.000000000000000000e+00
3.570379929780460060e+01,0.000000000000000000e+00
3.573215364878466005e+01,0.000000000000000000e+00
3.649067013922404357e+01,0.000000000000000000e+00
3.366524436321076053e+01,0.000000000000000000e+00
3.734927564318811477e+01,0.000000000000000000e+00
3.775964969979258967e+01,0.000000000000000000e+00
3.307027567073360075e+01,0.000000000000000000e+00
3.639568024817447878e+01,0.000000000000000000e+00
3.677699755820858485e+01,0.000000000000000000e+00
3.474788536180099641e+01,0.000000000000000000e+00
3.202586210347647011e+01,0.000000000000000000e+00
3.643459377917790221e+01,0.000000000000000000e+00
3.519522669411977489e+01,0.000000000000000000e+00
3.378617857459103391e+01,0.000000000000000000e+00
3.558380384831467325e+01,0.000000000000000000e+00
3.602122989696172084e+01,0.000000000000000000e+00
3.787343628712736177e+01,0.000000000000000000e+00
3.649627514146276752e+01,0.000000000000000000e+00
3.833266141742168998e+01,0.000000000000000000e+00
3.537482456630621641e+01,0.000000000000000000e+00
3.527232761296424712e+01,0.000000000000000000e+00
3.600760223648246239e+01,0.000000000000000000e+00
3.823967454921108811e+01,0.000000000000000000e+00
3.940380771660752401e+01,0.000000000000000000e+00
3.163364553367048160e+01,0.000000000000000000e+00
3.754794356157726298e+01,0.000000000000000000e+00
3.776044327951569812e+01,0.000000000000000000e+00
3.779349556557691869e+01,0.000000000000000000e+00
4.022990906263574828e+01,0.000000000000000000e+00
4.021653831447079597e+01,0.000000000000000000e+00
3.683256981889379489e+01,0.000000000000000000e+00
3.694958987213230728e+01,0.000000000000000000e+00
3.554719756282565157e+01,0.000000000000000000e+00
3.572333446332840623e+01,0.000000000000000000e+00
4.081640235038653941e+01,0.000000000000000000e+00
3.850135074105649835e+01,0.000000000000000000e+00
3.760107707457139270e+01,0.000000000000000000e+00
3.802822603813162772e+01,0.000000000000000000e+00
3.808078205194499333e+01,0.000000000000000000e+00
3.786316376239439307e+01,0.000000000000000000e+00
3.870544080883728100e+01,0.000000000000000000e+00
3.741844472966057111e+01,0.000000000000000000e+00
3.982176424704869078e+01,0.000000000000000000e+00
3.886833576883525154e+01,0.000000000000000000e+00
3.839016021069462425e+01,0.000000000000000000e+00
3.818968488860501509e+01,0.000000000000000000e+00
3.895858344331578849e+01,0.000000000000000000e+00
3.575802791355719989e+01,0.000000000000000000e+00
3.681073690868861092e+01,0.000000000000000000e+00
4.020189809242018697e+01,0.000000000000000000e+00
4.140345777307550179e+01,0.000000000000000000e+00
3.863310563604149905e+01,0.000000000000000000e+00
3.646179535185119391e+01,0.000000000000000000e+00
3.716230710516107649e+01,0.000000000000000000e+00
3.714222061975284817e+01,0.000000000000000000e+00
3.908394403696625119e+01,0.000000000000000000e+00
3.891065995146070122e+01,0.000000000000000000e+00
4.295479567000056420e+01,0.000000000000000000e+00
4.173360861307616432e+01,0.000000000000000000e+00
3.772886970100004334e+01,0.000000000000000000e+00
4.023774437148208705e+01,0.000000000000000000e+00
3.764090732172755338e+01,0.000000000000000000e+00
3.677067733887606948e+01,0.000000000000000000e+00
3.669765576053161027e+01,0.000000000000000000e+00
4.095459447225903915e+01,0.000000000000000000e+00
4.131596525919647434e+01,0.000000000000000000e+00
3.819513552253920352e+01,0.000000000000000000e+00
3.583744740149921881e+01,0.000000000000000000e+00
3.890948475180329069e+01,0.000000000000000000e+00
4.043349826081318810e+01,0.000000000000000000e+00
4.039850571415842495e+01,0.000000000000000000e+00
4.485621976037342051e+01,0.000000000000000000e+00
3.931012665466882083e+01,0.000000000000000000e+00
3.907309660446463795e+01,0.000000000000000000e+00
3.756325156720066616e+01,0.000000000000000000e+00
4.138032466185961766e+01,0.000000000000000000e+00
3.981328112018120891e+01,0.000000000000000000e+00
3.928355662849220664e+01,0.000000000000000000e+00
4.032019371428112464e+01,0.000000000000000000e+00
4.151769955772259380e+01,0.000000000000000000e+00
4.237202211148212427e+01,0.000000000000000000e+00
4.557246757638264967e+01,0.000000000000000000e+00
3.938612133469304410e+01,0.000000000000000000e+00
4.094259922840245736e+01,0.000000000000000000e+00
4.178617238275627699e+01,0.000000000000000000e+00
4.126878911437126618e+01,0.000000000000000000e+00
4.276140740361005754e+01,0.000000000000000000e+00
4.193679780713799232e+01,0.000000000000000000e+00
4.001004576559407866e+01,0.000000000000000000e+00
3.955066368517859132e+01,0.000000000000000000e+00
4.065238235206000184e+01,0.000000000000000000e+00
3.772950076593478741e+01,0.000000000000000000e+00
4.733077307694022551e+01,0.000000000000000000e+00
4.102932068622236272e+01,0.000000000000000000e+00
4.049458791775845867e+01,0.000000000000000000e+00
4.286621352909742910e+01,0.000000000000000000e+00
4.659638575220718337e+01,0.000000000000000000e+00
3.906170867870113739e+01,0.000000000000000000e+00
4.181748902142325619e+01,0.000000000000000000e+00
4.305966077092978850e+01,0.000000000000000000e+00
4.010670294894529064e+01,0.000000000000000000e+00
4.123174554255585633e+01,0.000000000000000000e+00
4.514024856364942195e+01,0.000000000000000000e+00
4.461480974538637412e+01,0.000000000000000000e+00
4.301573929227686932e+01,0.000000000000000000e+00
4.363472706750427221e+01,0.000000000000000000e+00
4.093118816325963394e+01,0.000000000000000000e+00
4.432970798505752441e+01,0.000000000000000000e+00
4.365650344830208951e+01,0.000000000000000000e+00
4.415885114577209691e+01,0.000000000000000000e+00
4.561292462312221119e+01,0.000000000000000000e+00
4.821436812317109855e+01,0.000000000000000000e+00
4.321869589126269062e+01,0.000000000000000000e+00
4.170240971050067458e+01,0.000000000000000000e+00
4.577701830002710892e+01,0.000000000000000000e+00
4.219227537188791644e+01,0.000000000000000000e+00
4.507268756410476840e+01,0.000000000000000000e+00
4.910176416410209299e+01,0.000000000000000000e+00
4.218662277913780656e+01,0.000000000000000000e+00
4.577885080285389563e+01,0.000000000000000000e+00
4.132808751482971132e+01,0.000000000000000000e+00
4.647768754994169171e+01,0.000000000000000000e+00
4.791096020047287141e+01,0.000000000000000000e+00
4.501460094680001589e+01,0.000000000000000000e+00
4.378557129286089378e+01,0.000000000000000000e+00
4.453218179420057510e+01,0.000000000000000000e+00
4.822683162859386385e+01,0.000000000000000000e+00
4.683101566554172734e+01,0.000000000000000000e+00
4.669445683581026429e+01,0.000000000000000000e+00
4.379558214934304061e+01,0.000000000000000000e+00
4.376444705604515661e+01,0.000000000000000000e+00
4.660338274894491661e+01,0.000000000000000000e+00
4.479606416401927760e+01,0.000000000000000000e+00
4.562311686546394185e+01,0.000000000000000000e+00
4.548593152106246862e+01,0.000000000000000000e+00
4.244513660204282957e+01,0.000000000000000000e+00
4.696895578489606748e+01,0.000000000000000000e+00
4.433621847252900494e+01,0.000000000000000000e+00
4.545184460996291875e+01,0.000000000000000000e+00
4.615105708349977220e+01,0.000000000000000000e+00
4.367757104975033400e+01,0.000000000000000000e+00
4.550338954586080575e+01,0.000000000000000000e+00
4.675071960755847300e+01,0.000000000000000000e+00
4.736042923938396143e+01,0.000000000000000000e+00
4.043190325399385188e+01,0.000000000000000000e+00
4.308313706016537736e+01,0.000000000000000000e+00
4.670700003553351110e+01,0.000000000000000000e+00
4.738154259711290450e+01,0.000000000000000000e+00
4.728005044467712992e+01,0.000000000000000000e+00
4.586072842006942807e+01,0.000000000000000000e+00
4.921212398451228154e+01,0.000000000000000000e+00
4.798685605243095864e+01,0.000000000000000000e+00
5.354772710274159664e+01,0.000000000000000000e+00
4.660047485725639405e+01,0.000000000000000000e+00
4.535498527783938982e+01,0.000000000000000000e+00
4.121033331098891495e+01,0.000000000000000000e+00
5.086977811287247420e+01,0.000000000000000000e+00
4.951955656235719516e+01,0.000000000000000000e+00
4.847671271791831771e+01,0.000000000000000000e+00
4.801604072566620829e+01,0.000000000000000000e+00
4.779353926010212916e+01,0.000000000000000000e+00
4.668643966731303863e+01,0.000000000000000000e+00
4.825355859376152523e+01,0.000000000000000000e+00
4.739663600655914877e+01,0.000000000000000000e+00
4.821373266507789168e+01,0.000000000000000000e+00
5.015791810887797908e+01,0.000000000000000000e+00
5.235450121088112496e+01,0.000000000000000000e+00
4.978552030928339889e+01,0.000000000000000000e+00
5.142170460369877816e+01,0.000000000000000000e+00
4.543521685991517245e+01,0.000000000000000000e+00
4.742357648342336773e+01,0.000000000000000000e+00
4.891725306770081261e+01,0.000000000000000000e+00
5.004043289293721841e+01,0.000000000000000000e+00
4.685901003803800791e+01,0.000000000000000000e+00
5.208967078388062788e+01,0.000000000000000000e+00
4.956767997771372336e+01,0.000000000000000000e+00
4.871290033620660154e+01,0.000000000000000000e+00
4.783640089317366062e+01,0.000000000000000000e+00
4.969130071948809757e+01,0.000000000000000000e+00
4.523849285225151817e+01,0.000000000000000000e+00
5.007754782544078864e+01,0.000000000000000000e+00
5.162425608755838624e+01,0.000000000000000000e+00
4.906340595927594705e+01,0.000000000000000000e+00
5.103424142526165497e+01,0.000000000000000000e+00
4.839841908955000349e+01,0.000000000000000000e+00
5.034028682513859820e+01,0.000000000000000000e+00
4.919351282683336990e+01,0.000000000000000000e+00
4.648741146661826207e+01,0.000000000000000000e+00
4.857936853027360513e+01,0.000000000000000000e+00
5.042242510928921462e+01,0.000000000000000000e+00
5.032318684386844865e+01,0.000000000000000000e+00
5.122196849859936663e+01,0.000000000000000000e+00
4.539869391535238208e+01,0.000000000000000000e+00
4.790606339283019111e+01,0.000000000000000000e+00
4.937544648919472934e+01,0.000000000000000000e+00
4.894925099036287008e+01,0.000000000000000000e+00
5.372136905931832729e+01,0.000000000000000000e+00
5.059449829730613857e+01,0.000000000000000000e+00
5.020837143406041747e+01,0.000000000000000000e+00
5.158182261735163365e+01,0.000000000000000000e+00
5.063359452065553512e+01,0.000000000000000000e+00
5.452567994975933630e+01,0.000000000000000000e+00
5.126667711758378232e+01,0.000000000000000000e+00
5.204102848800981462e+01,0.000000000000000000e+00
5.217271647263875423e+01,0.000000000000000000e+00
4.889949539952144164e+01,0.000000000000000000e+00
5.094895304547091541e+01,0.000000000000000000e+00
5.179529797480706321e+01,0.000000000000000000e+00
5.383623238779339459e+01,0.000000000000000000e+00
5.797594957115085634e+01,0.000000000000000000e+00
5.004605867494502291e+01,0.000000000000000000e+00
5.367664054564483678e+01,0.000000000000000000e+00
4.870897460229972609e+01,0.000000000000000000e+00
5.444237307734210418e+01,0.000000000000000000e+00
5.421928858009971464e+01,0.000000000000000000e+00
5.174700623170127045e+01,0.000000000000000000e+00
5.438253843330091541e+01,0.000000000000000000e+00
5.262499968164274122e+01,0.000000000000000000e+00
4.623346517272834433e+01,0.000000000000000000e+00
5.122027428567579932e+01,0.000000000000000000e+00
5.192845581175268421e+01,0.000000000000000000e+00
5.355110574213276919e+01,0.000000000000000000e+00
5.560966535823189361e+01,0.000000000000000000e+00
5.211441591473077750e+01,0.000000000000000000e+00
5.249575104045134566e+01,0.000000000000000000e+00
5.333573897814116549e+01,0.000000000000000000e+00
4.965181414951283045e+01,0.000000000000000000e+00
5.360134997139972057e+01,0.000000000000000000e+00
5.630472722667398955e+01,0.000000000000000000e+00
5.514575367435217146e+01,0.000000000000000000e+00
5.267024117568158204e+01,0.000000000000000000e+00
5.328114347718327082e+01,0.000000000000000000e+00
5.256415326478645511e+01,0.000000000000000000e+00
5.361100759397812254e+01,0.000000000000000000e+00
5.553225145660007911e+01,0.000000000000000000e+00
5.177795075735870967e+01,0.000000000000000000e+00
5.254508166993937834e+01,0.000000000000000000e+00
5.226335143844911357e+01,0.000000000000000000e+00
5.362501073283067399e+01,0.000000000000000000e+00
5.570133668874957777e+01,0.000000000000000000e+00
5.263797139718570861e+01,0.000000000000000000e+00
5.511209820871364684e+01,0.000000000000000000e+00
5.617576301593670962e+01,0.000000000000000000e+00
5.105166036357895365e+01,0.000000000000000000e+00
5.597253999881562692e+01,0.000000000000000000e+00
5.554275841215380183e+01,0.000000000000000000e+00
5.011304061348468508e+01,0.000000000000000000e+00
5.640861703007885808e+01,0.000000000000000000e+00
5.433345302455238368e+01,0.000000000000000000e+00
5.353721566809454657e+01,0.000000000000000000e+00
5.712938483965933045e+01,0.000000000000000000e+00
5.502015477015997647e+01,0.000000000000000000e+00
5.606892554942363915e+01,0.000000000000000000e+00
5.897424987324217938e+01,0.000000000000000000e+00
5.668458898248454148e+01,0.000000000000000000e+00
5.440064347139117018e+01,0.000000000000000000e+00
5.219808756111984138e+01,0.000000000000000000e+00
5.834479490193622553e+01,0.000000000000000000e+00
5.791537794896212432e+01,0.000000000000000000e+00
5.636735570779725890e+01,0.000000000000000000e+00
5.718916683607610452e+01,0.000000000000000000e+00
5.322216877324289186e+01,0.000000000000000000e+00
5.676231714242746307e+01,0.000000000000000000e+00
5.687650424582279385e+01,0.000000000000000000e+00
5.523701032677670497e+01,0.000000000000000000e+00
5.553574183850275148e+01,0.000000000000000000e+00
5.808395522924435994e+01,0.000000000000000000e+00
5.532679556002845800e+01,0.000000000000000000e+00
5.478426701564897883e+01,0.000000000000000000e+00
5.792189905615417445e+01,0.000000000000000000e+00
5.912743173352309611e+01,0.000000000000000000e+00
5.981690605996526244e+01,0.000000000000000000e+00
5.456650888972544067e+01,0.000000000000000000e+00
5.668774009686087823e+01,0.000000000000000000e+00
5.748582548768111167e+01,0.000000000000000000e+00
5.675740964936132116e+01,0.000000000000000000e+00
6.007488194468964338e+01,0.000000000000000000e+00
5.867468367046386390e+01,0.000000000000000000e+00
5.790240946434624192e+01,0.000000000000000000e+00
5.647189267344453611e+01,0.000000000000000000e+00
5.888607849190806576e+01,0.000000000000000000e+00
5.651422535183159113e+01,0.000000000000000000e+00
5.766973276401239445e+01,0.000000000000000000e+00
5.857909128400982723e+01,0.000000000000000000e+00
6.078107530945701598e+01,0.000000000000000000e+00
5.685637300556592777e+01,0.000000000000000000e+00
5.762053019523533948e+01,0.000000000000000000e+00
6.042831711810877948e+01,0.000000000000000000e+00
5.712842463790542524e+01,0.000000000000000000e+00
5.770356584028139935e+01,0.000000000000000000e+00
5.574771574674340258e+01,0.000000000000000000e+00
6.000388719247932556e+01,0.000000000000000000e+00
5.515118629637126446e+01,0.000000000000000000e+00
5.946383486874174906e+01,0.000000000000000000e+00
5.640857503272481921e+01,0.000000000000000000e+00
5.462756113665406588e+01,0.000000000000000000e+00
5.788912455344598129e+01,0.000000000000000000e+00
5.962718313715678420e+01,0.000000000000000000e+00
6.038911814368407249e+01,0.000000000000000000e+00
5.976567699267222622e+01,0.000000000000000000e+00
5.609412934634004699e+01,0.000000000000000000e+00
6.303584977963858904e+01,0.000000000000000000e+00
5.742622221165674290e+01,0.000000000000000000e+00
5.715434502149612683e+01,0.000000000000000000e+00
5.783789763093380287e+01,0.000000000000000000e+00
6.082397341505442512e+01,0.000000000000000000e+00
6.240198897392046007e+01,0.000000000000000000e+00
5.740898410372104621e+01,0.000000000000000000e+00
5.936530807571286061e+01,0.000000000000000000e+00
5.997548807985717190e+01,0.000000000000000000e+00
6.009444773116882743e+01,0.000000000000000000e+00
5.931960003604444864e+01,0.000000000000000000e+00
5.677780533372069272e+01,0.000000000000000000e+00
5.692839019243354670e+01,0.000000000000000000e+00
6.154902474474929619e+01,0.000000000000000000e+00
5.578841898043079794e+01,0.000000000000000000e+00
6.130868359128937328e+01,0.000000000000000000e+00
6.071881462227183590e+01,0.000000000000000000e+00
5.891208655358748558e+01,0.000000000000000000e+00
6.061511965039410654e+01,0.000000000000000000e+00
6.031515321313261779e+01,0.000000000000000000e+00
5.979876443392210206e+01,0.000000000000000000e+00
6.146074313934997946e+01,0.000000000000000000e+00
5.647725900780613273e+01,0.000000000000000000e+00
6.052741502878387791e+01,0.000000000000000000e+00
5.796406334718270159e+01,0.000000000000000000e+00
5.918486622657040641e+01,0.000000000000000000e+00
5.876212101946135391e+01,0.000000000000000000e+00
5.951503559602275573e+01,0.000000000000000000e+00
5.937320904738565730e+01,0.000000000000000000e+00
5.904595505337821493e+01,0.000000000000000000e+00
6.350837449554574476e+01,0.000000000000000000e+00
5.779648639072289029e+01,0.000000000000000000e+00
6.013793754643389633e+01,0.000000000000000000e+00
5.993309919107526440e+01,0.000000000000000000e+00
6.132874716625873646e+01,0.000000000000000000e+00
5.874810989937639505e+01,0.000000000000000000e+00
6.208740202530294283e+01,0.000000000000000000e+00
5.992761603904790491e+01,0.000000000000000000e+00
6.135737298275720519e+01,0.000000000000000000e+00
6.418453161338234736e+01,0.000000000000000000e+00
6.024058738375350686e+01,0.000000000000000000e+00
6.153049515134932790e+01,0.000000000000000000e+00
6.039239791908101296e+01,0.000000000000000000e+00
6.196328016467477795e+01,0.000000000000000000e+00
5.762633392486997508e+01,0.000000000000000000e+00
6.168454974183140394e+01,0.000000000000000000e+00
6.610093747889881399e+01,0.000000000000000000e+00
5.993932451439078335e+01,0.000000000000000000e+00
6.236279456808933475e+01,0.000000000000000000e+00
5.980608827044063958e+01,0.000000000000000000e+00
6.703875664549450164e+01,0.000000000000000000e+00
5.993204415039199517e+01,0.000000000000000000e+00
6.574595560505333935e+01,0.000000000000000000e+00
6.259231452750453428e+01,0.000000000000000000e+00
6.185673012018155958e+01,0.000000000000000000e+00
6.347478660283973539e+01,0.000000000000000000e+00
6.349819827230391667e+01,0.000000000000000000e+00
6.401340727416149434e+01,0.000000000000000000e+00
6.511120233333976159e+01,0.000000000000000000e+00
6.758262293470635029e+01,0.000000000000000000e+00
6.375183858785572966e+01,0.000000000000000000e+00
6.343476377943940747e+01,0.000000000000000000e+00
6.220719256284328935e+01,0.000000000000000000e+00
6.479827330916774031e+01,0.000000000000000000e+00
6.025727349411155842e+01,0.000000000000000000e+00
6.574070492129600041e+01,0.000000000000000000e+00
6.448092526025118332e+01,0.000000000000000000e+00
6.338649297262196569e+01,0.000000000000000000e+00
6.286721562732784463e+01,0.000000000000000000e+00
6.443860179110933473e+01,0.000000000000000000e+00
6.109998423644346133e+01,0.000000000000000000e+00
6.768404268681695157e+01,0.000000000000000000e+00
6.715048538435654280e+01,0.000000000000000000e+00
6.321874031134262140e+01,0.000000000000000000e+00
6.462422532996430391e+01,0.000000000000000000e+00
6.333408626527999274e+01,0.000000000000000000e+00
6.475218049825100763e+01,0.000000000000000000e+00
6.280962484333282703e+01,0.000000000000000000e+00
6.480930990643973644e+01,0.000000000000000000e+00
6.340405981695688098e+01,0.000000000000000000e+00
6.717344036869582169e+01,0.000000000000000000e+00
6.430199748002523563e+01,0.000000000000000000e+00
6.854556903494832909e+01,0.000000000000000000e+00
6.642619166600323410e+01,0.000000000000000000e+00
6.352148267196068332e+01,0.000000000000000000e+00
6.386079909990149162e+01,0.000000000000000000e+00
6.616036114719852890e+01,0.000000000000000000e+00
6.264176444509269004e+01,0.000000000000000000e+00
6.334028888145855518e+01,0.000000000000000000e+00
6.319346459706241603e+01,0.000000000000000000e+00
6.648267362459401397e+01,0.000000000000000000e+00
6.380088196300968661e+01,0.000000000000000000e+00
6.551576925576550536e+01,0.000000000000000000e+00
7.021352429754766433e+01,0.000000000000000000e+00
6.689025716505288699e+01,0.000000000000000000e+00
6.349269082458049951e+01,0.000000000000000000e+00
6.438493919028982759e+01,0.000000000000000000e+00
6.742360999024880641e+01,0.000000000000000000e+00
6.832144981682313301e+01,0.000000000000000000e+00
6.544869005186764355e+01,0.000000000000000000e+00
6.519731924659681965e+01,0.000000000000000000e+00
6.944413403084961089e+01,0.000000000000000000e+00
6.653681980820437047e+01,0.000000000000000000e+00
6.474668041605862356e+01,0.000000000000000000e+00
6.401223235802078193e+01,0.000000000000000000e+00
6.599234828651493956e+01,0.000000000000000000e+00
6.152053021339943228e+01,0.000000000000000000e+00
6.837319881637540675e+01,0.000000000000000000e+00
6.498650175355854230e+01,0.000000000000000000e+00
6.428370137667943141e+01,0.000000000000000000e+00
6.694693345379901928e+01,0.000000000000000000e+00
6.501975375851188232e+01,0.000000000000000000e+00
7.006061870951806725e+01,0.000000000000000000e+00
6.754620213859668354e+01,0.000000000000000000e+00
6.697319410644824700e+01,0.000000000000000000e+00
6.731940388109048001e+01,0.000000000000000000e+00
6.593067155950264180e+01,0.000000000000000000e+00
6.556096933884192879e+01,0.000000000000000000e+00
6.823622460759098374e+01,0.000000000000000000e+00
6.959297478733751063e+01,0.000000000000000000e+00
6.760512146878521378e+01,0.000000000000000000e+00
6.825973944760795575e+01,0.000000000000000000e+00
6.710735541445330909e+01,0.000000000000000000e+00
7.086945138658271048e+01,0.000000000000000000e+00
7.055433777593381706e+01,0.000000000000000000e+00
6.862408109789060973e+01,0.000000000000000000e+00
6.743597736642399809e+01,0.000000000000000000e+00
6.824633075851035358e+01,0.000000000000000000e+00
6.713608012408650438e+01,0.000000000000000000e+00
6.495720889899995143e+01,0.000000000000000000e+00
6.986438336151439898e+01,0.000000000000000000e+00
6.733915650225907257e+01,0.000000000000000000e+00
6.814950014537178902e+01,0.000000000000000000e+00
6.779393506050723772e+01,0.000000000000000000e+00
7.139649029853305251e+01,0.000000000000000000e+00
6.742629348653659349e+01,0.000000000000000000e+00
6.742170081183792263e+01,0.000000000000000000e+00
7.059283792338176511e+01,0.000000000000000000e+00
6.692639201848737684e+01,0.000000000000000000e+00
7.002142259185544049e+01,0.000000000000000000e+00
6.696248130328800130e+01,0.000000000000000000e+00
7.188083618011117437e+01,0.000000000000000000e+00
7.242909673714824237e+01,0.000000000000000000e+00
7.062766248199800145e+01,0.000000000000000000e+00
6.796375883731865031e+01,0.000000000000000000e+00
6.953126150667158356e+01,0.000000000000000000e+00
7.015932374248967562e+01,0.000000000000000000e+00
6.764901890828453190e+01,0.000000000000000000e+00
7.143725362305141857e+01,0.000000000000000000e+00
7.046329945600540157e+01,0.000000000000000000e+00
6.895769473933620475e+01,0.000000000000000000e+00
6.602236675377953645e+01,0.000000000000000000e+00
7.003481896509003946e+01,0.000000000000000000e+00
7.036648355318594383e+01,0.000000000000000000e+00
7.054136367814413688e+01,0.000000000000000000e+00
7.119121380153384848e+01,0.000000000000000000e+00
6.918423892393300889e+01,0.000000000000000000e+00
6.913953653291525825e+01,0.000000000000000000e+00
6.909395303741995065e+01,0.000000000000000000e+00
7.194890492209272281e+01,0.000000000000000000e+00
7.070003949312885538e+01,0.000000000000000000e+00
7.110873430937755302e+01,0.000000000000000000e+00
7.126546667571292915e+01,0.000000000000000000e+00
6.735332535973120116e+01,0.000000000000000000e+00
7.004358382239814773e+01,0.000000000000000000e+00
7.015570975426311406e+01,0.000000000000000000e+00
7.241869621730256767e+01,0.000000000000000000e+00
7.114633420911077621e+01,0.000000000000000000e+00
6.965998258840532742e+01,0.000000000000000000e+00
7.123247412144776547e+01,0.000000000000000000e+00
7.090427640915251573e+01,0.000000000000000000e+00
7.010102509313355768e+01,0.000000000000000000e+00
7.246270055807771371e+01,0.000000000000000000e+00
7.365790630182993937e+01,0.000000000000000000e+00
7.039052188994668313e+01,0.000000000000000000e+00
7.300977362511373769e+01,0.000000000000000000e+00
7.109133155259389980e+01,0.000000000000000000e+00
7.187294142873922453e+01,0.000000000000000000e+00
7.056343448113754846e+01,0.000000000000000000e+00
6.946118606382172800e+01,0.000000000000000000e+00
7.319556900093834884e+01,0.000000000000000000e+00
6.839694814760348152e+01,0.000000000000000000e+00
7.071435314943703077e+01,0.000000000000000000e+00
7.478261232388787505e+01,0.000000000000000000e+00
6.836168750526640281e+01,0.000000000000000000e+00
6.916554585947150713e+01,0.000000000000000000e+00
7.564190709320513406e+01,0.000000000000000000e+00
7.110806857472678644e+01,0.000000000000000000e+00
7.416692229224210564e+01,0.000000000000000000e+00
7.224990554078121363e+01,0.000000000000000000e+00
7.265701876671893444e+01,0.000000000000000000e+00
7.276057818602777161e+01,0.000000000000000000e+00
7.098003384183529363e+01,0.000000000000000000e+00
7.180053723639677798e+01,0.000000000000000000e+00
7.115105376287704075e+01,0.000000000000000000e+00
7.220099785578328522e+01,0.000000000000000000e+00
7.200711094200070761e+01,0.000000000000000000e+00
7.163018449615216809e+01,0.000000000000000000e+00
7.270161309816683115e+01,0.000000000000000000e+00
7.221795474002725257e+01,0.000000000000000000e+00
7.115889577928462018e+01,0.000000000000000000e+00
7.156180496593837859e+01,0.000000000000000000e+00
7.119523887635470771e+01,0.000000000000000000e+00
7.277708726268703288e+01,0.000000000000000000e+00
7.491592097653256133e+01,0.000000000000000000e+00
7.165116032758095344e+01,0.000000000000000000e+00
7.118381808614145712e+01,0.000000000000000000e+00
7.929345920377070911e+01,0.000000000000000000e+00
7.694074895044467155e+01,0.000000000000000000e+00
7.374071463270976778e+01,0.000000000000000000e+00
7.467457814854103049e+01,0.000000000000000000e+00
7.530323097990830661e+01,0.000000000000000000e+00
7.203420318337958861e+01,0.000000000000000000e+00
7.390143541678041572e+01,0.000000000000000000e+00
7.098595282267316975e+01,0.000000000000000000e+00
7.288844983252478471e+01,0.000000000000000000e+00
7.227572505612000953e+01,0.000000000000000000e+00
7.386398715572606477e+01,0.000000000000000000e+00
7.066602991199427208e+01,0.000000000000000000e+00
7.462526036263668061e+01,0.000000000000000000e+00
7.155560092205983835e+01,0.000000000000000000e+00
7.452424699567215782e+01,0.000000000000000000e+00
7.399563126777221100e+01,0.000000000000000000e+00
7.454512813218336476e+01,0.000000000000000000e+00
7.714176427178240658e+01,0.000000000000000000e+00
7.440583828779985254e+01,0.000000000000000000e+00
7.160818157972740039e+01,0.000000000000000000e+00
7.238154289871005176e+01,0.000000000000000000e+00
7.658089129754266366e+01,0.000000000000000000e+00
7.213119024641402177e+01,0.000000000000000000e+00
7.069759440289372776e+01,0.000000000000000000e+00
7.772421295553775167e+01,0.000000000000000000e+00
7.483419524843324666e+01,0.000000000000000000e+00
7.406576097964290284e+01,0.000000000000000000e+00
7.413917175928088454e+01,0.000000000000000000e+00
7.561151623683583978e+01,0.000000000000000000e+00
7.344147268696436015e+01,0.000000000000000000e+00
7.719775546541816880e+01,0.000000000000000000e+00
7.457001915023835181e+01,0.000000000000000000e+00
7.533843588461385821e+01,0.000000000000000000e+00
7.413152134946878391e+01,0.000000000000000000e+00
7.273287884037961248e+01,0.000000000000000000e+00
7.699866142869572627e+01,0.000000000000000000e+00
7.743734506384421934e+01,0.000000000000000000e+00
7.554867685864414284e+01,0.000000000000000000e+00
7.110712756074239849e+01,0.000000000000000000e+00
7.437120959674294340e+01,0.000000000000000000e+00
7.799147988620089222e+01,0.000000000000000000e+00
7.453654685262188195e+01,0.000000000000000000e+00
7.516214630540393671e+01,0.000000000000000000e+00
7.514945407510916198e+01,0.000000000000000000e+00
7.335802929725217325e+01,0.000000000000000000e+00
7.725862648936575283e+01,0.000000000000000000e+00
7.495047548563260875e+01,0.000000000000000000e+00
7.390720192334028127e+01,0.000000000000000000e+00
7.487051531880833011e+01,0.000000000000000000e+00
7.428833796531760925e+01,0.000000000000000000e+00
7.716472657045781602e+01,0.000000000000000000e+00
7.465018505187889275e+01,0.000000000000000000e+00
7.485293126020766863e+01,0.000000000000000000e+00
7.376097926365933688e+01,0.000000000000000000e+00
7.450446381493350145e+01,0.000000000000000000e+00
7.558415005179301716e+01,0.000000000000000000e+00
7.727373081889527384e+01,0.000000000000000000e+00
7.402014044583266639e+01,0.000000000000000000e+00
7.221480841260284933e+01,0.000000000000000000e+00
7.610764616940873850e+01,0.000000000000000000e+00
7.537176197202893491e+01,0.000000000000000000e+00
7.630111932163177357e+01,0.000000000000000000e+00
7.446550931354428826e+01,0.000000000000000000e+00
8.079061455071983744e+01,0.000000000000000000e+00
7.262757520217120089e+01,0.000000000000000000e+00
7.545903634882552069e+01,0.000000000000000000e+00
7.581618066139252221e+01,0.000000000000000000e+00
7.723823082998829648e+01,0.000000000000000000e+00
7.818949849456593881e+01,0.000000000000000000e+00
7.544402453518694074e+01,0.000000000000000000e+00
7.801529338276435510e+01,0.000000000000000000e+00
7.509593992465644874e+01,0.000000000000000000e+00
7.301401471085402761e+01,0.000000000000000000e+00
7.740780574481965459e+01,0.000000000000000000e+00
7.671874112677714663e+01,0.000000000000000000e+00
7.503695833664930603e+01,0.000000000000000000e+00
7.804077750994098039e+01,0.000000000000000000e+00
7.677485651559089774e+01,0.000000000000000000e+00
7.327491151301391881e+01,0.000000000000000000e+00
7.835525068474724719e+01,0.000000000000000000e+00
7.753152644219426293e+01,0.000000000000000000e+00
7.266812818473951552e+01,0.000000000000000000e+00
7.951433317313070859e+01,0.000000000000000000e+00
7.773217302449113220e+01,0.000000000000000000e+00
7.734277180408706442e+01,0.000000000000000000e+00
7.796492947254927230e+01,0.000000000000000000e+00
7.956836225508739346e+01,0.000000000000000000e+00
7.484775493884912123e+01,0.000000000000000000e+00
7.936913397245990609e+01,0.000000000000000000e+00
7.706293384130914603e+01,0.000000000000000000e+00
8.027417550549733960e+01,0.000000000000000000e+00
8.012928345777689287e+01,0.000000000000000000e+00
7.668501236983510694e+01,0.000000000000000000e+00
8.016724492406802938e+01,0.000000000000000000e+00
8.133745971934239094e+01,0.000000000000000000e+00
7.514328356593868818e+01,0.000000000000000000e+00
7.847493999398014353e+01,0.000000000000000000e+00
7.553511921654364869e+01,0.000000000000000000e+00
7.782514594508103301e+01,0.000000000000000000e+00
7.653096313536009632e+01,0.000000000000000000e+00
7.711664015795268767e+01,0.000000000000000000e+00
7.853144222535581775e+01,0.000000000000000000e+00
7.788306679488773909e+01,0.000000000000000000e+00
7.813676326286132223e+01,0.000000000000000000e+00
7.472611334739417543e+01,0.000000000000000000e+00
7.496838216846298053e+01,0.000000000000000000e+00
7.624636264489237192e+01,0.000000000000000000e+00
7.815105655699373699e+01,0.000000000000000000e+00
7.994889426881123029e+01,0.000000000000000000e+00
7.814934812215729210e+01,0.000000000000000000e+00
7.966606321503071797e+01,0.000000000000000000e+00
7.453171221593433415e+01,0.000000000000000000e+00
7.844826393540262188e+01,0.000000000000000000e+00
7.850104372651308893e+01,0.000000000000000000e+00
7.727293583302295588e+01,0.000000000000000000e+00
7.794034641939789765e+01,0.000000000000000000e+00
8.141719062779684180e+01,0.000000000000000000e+00
7.628678504505701596e+01,0.000000000000000000e+00
7.825747927955693228e+01,0.000000000000000000e+00
7.856079586441860840e+01,0.000000000000000000e+00
7.906924735703320550e+01,0.000000000000000000e+00
7.997253665119883692e+01,0.000000000000000000e+00
7.993020535181236141e+01,0.000000000000000000e+00
8.137471283487897722e+01,0.000000000000000000e+00
7.947572608747225331e+01,0.000000000000000000e+00
7.593721728578239549e+01,0.000000000000000000e+00
7.647505407268782562e+01,0.000000000000000000e+00
7.889344699657705462e+01,0.000000000000000000e+00
7.929683475091775335e+01,0.000000000000000000e+00
7.932669109635287441e+01,0.000000000000000000e+00
7.748827349582467150e+01,0.000000000000000000e+00
8.171945334253719295e+01,0.000000000000000000e+00
7.827848537270008933e+01,0.000000000000000000e+00
8.122014327426873592e+01,0.000000000000000000e+00
8.273661686841568041e+01,0.000000000000000000e+00
8.019610472522094824e+01,0.000000000000000000e+00
7.708690108395103380e+01,0.000000000000000000e+00
8.082349552482438071e+01,0.000000000000000000e+00
8.105085694874787805e+01,0.000000000000000000e+00
7.680491385969079943e+01,0.000000000000000000e+00
7.645049676700234897e+01,0.000000000000000000e+00
8.122753734983045604e+01,0.000000000000000000e+00
7.577153911337491365e+01,0.000000000000000000e+00
8.036291962822356538e+01,0.000000000000000000e+00
7.767943306669268111e+01,0.000000000000000000e+00
7.829481658976462199e+01,0.000000000000000000e+00
7.694377850856436396e+01,0.000000000000000000e+00
7.516021059458255138e+01,0.000000000000000000e+00
7.828794922205376849e+01,0.000000000000000000e+00
8.203952155959485992e+01,0.000000000000000000e+00
7.764086230202251215e+01,0.000000000000000000e+00
7.351714720043997886e+01,0.000000000000000000e+00
7.805863881600822651e+01,0.000000000000000000e+00
7.658225168779165415e+01,0.000000000000000000e+00
7.537511327225212199e+01,0.000000000000000000e+00
7.964320059260766982e+01,0.000000000000000000e+00
7.663643536086361507e+01,0.000000000000000000e+00
8.063837303271689905e+01,0.000000000000000000e+00
7.979236523836797801e+01,0.000000000000000000e+00
7.848853764312769954e+01,0.000000000000000000e+00
7.817229891481692050e+01,0.000000000000000000e+00
7.955467282091734660e+01,0.000000000000000000e+00
7.976357387533462884e+01,0.000000000000000000e+00
7.720763790988496567e+01,0.000000000000000000e+00
8.097863274425685631e+01,0.000000000000000000e+00
8.015353027512971096e+01,0.000000000000000000e+00
7.938006251766221055e+01,0.000000000000000000e+00
7.865213662134937067e+01,0.000000000000000000e+00
8.001383037369653550e+01,0.000000000000000000e+00
7.833960183653611864e+01,0.000000000000000000e+00
7.768581219663983006e+01,0.000000000000000000e+00
7.965064911990863550e+01,0.000000000000000000e+00
7.525564966689501034e+01,0.000000000000000000e+00
7.717597862527716757e+01,0.000000000000000000e+00
7.857809312937240520e+01,0.000000000000000000e+00
7.603471337011043829e+01,0.000000000000000000e+00
7.897119942951633220e+01,0.000000000000000000e+00
7.962690257099917801e+01,0.000000000000000000e+00
7.758422479135323613e+01,0.000000000000000000e+00
7.871373082633682827e+01,0.000000000000000000e+00
7.853867204689262849e+01,0.000000000000000000e+00
7.854809742647918824e+01,0.000000000000000000e+00
7.611080131684217065e+01,0.000000000000000000e+00
8.013757834003432379e+01,0.000000000000000000e+00
8.019389039553220755e+01,0.000000000000000000e+00
7.941551160893804706e+01,0.000000000000000000e+00
8.114649050564466393e+01,0.000000000000000000e+00
8.343171644251823693e+01,0.000000000000000000e+00
7.853205615115673766e+01,0.000000000000000000e+00
7.899748261334060828e+01,0.000000000000000000e+00
8.118375668434906345e+01,0.000000000000000000e+00
8.024561468869283942e+01,0.000000000000000000e+00
8.102318690276075586e+01,0.000000000000000000e+00
8.045931201884307882e+01,0.000000000000000000e+00
8.049310434671096459e+01,0.000000000000000000e+00
8.491006131163678106e+01,0.000000000000000000e+00
7.879676814691462994e+01,0.000000000000000000e+00
7.777799495619134973e+01,0.000000000000000000e+00
7.724620100753917029e+01,0.000000000000000000e+00
8.111391378521368267e+01,0.000000000000000000e+00
7.632001706117834772e+01,0.000000000000000000e+00
8.341430586924786894e+01,0.000000000000000000e+00
7.855939652982830523e+01,0.000000000000000000e+00
7.664903650195529394e+01,0.000000000000000000e+00
7.739715433676592227e+01,0.000000000000000000e+00
7.801479748266949343e+01,0.000000000000000000e+00
8.241838173059929318e+01,0.000000000000000000e+00
7.884943295747036984e+01,0.000000000000000000e+00
7.770234650137891208e+01,0.000000000000000000e+00
8.127084240331265619e+01,0.000000000000000000e+00
8.171503738946267958e+01,0.000000000000000000e+00
7.537258690437792552e+01,0.000000000000000000e+00
8.216847944085284894e+01,0.000000000000000000e+00
8.301925080775545496e+01,0.000000000000000000e+00
8.369328383322920217e+01,0.000000000000000000e+00
7.788055219785277927e+01,0.000000000000000000e+00
8.149016372413449005e+01,0.000000000000000000e+00
8.249011746534935696e+01,0.000000000000000000e+00
7.791263312046557132e+01,0.000000000000000000e+00
8.054133921962207410e+01,0.000000000000000000e+00
8.040408783247613655e+01,0.000000000000000000e+00
8.014521336848555677e+01,0.000000000000000000e+00
8.143694472229356052e+01,0.000000000000000000e+00
8.081407797068452226e+01,0.000000000000000000e+00
7.985278659761492293e+01,0.000000000000000000e+00
8.215745018495717034e+01,0.000000000000000000e+00
7.855897112637723012e+01,0.000000000000000000e+00
7.895460524405100955e+01,0.000000000000000000e+00
8.242494637913750921e+01,0.000000000000000000e+00
7.846221081195450608e+01,0.000000000000000000e+00
8.216674079716099754e+01,0.000000000000000000e+00
8.181937265242493140e+01,0.000000000000000000e+00
7.826300626062749188e+01,0.000000000000000000e+00
7.788075410717212321e+01,0.000000000000000000e+00
8.037916119977072071e+01,0.000000000000000000e+00
7.824297502068408505e+01,0.000000000000000000e+00
7.950475370988441171e+01,0.000000000000000000e+00
8.008042752189287228e+01,0.000000000000000000e+00
8.112434788843729905e+01,0.000000000000000000e+00
8.130655310838965022e+01,0.000000000000000000e+00
8.089997605697830352e+01,0.000000000000000000e+00
7.996456816851119243e+01,0.000000000000000000e+00
7.704044576250559828e+01,0.000000000000000000e+00
7.777551441760235207e+01,0.000000000000000000e+00
8.371161675548808034e+01,0.000000000000000000e+00
8.063252749924343732e+01,0.000000000000000000e+00
7.900511972770358682e+01,0.000000000000000000e+00
7.995326760326737769e+01,0.000000000000000000e+00
8.129670730377810628e+01,0.000000000000000000e+00
8.023842523531654081e+01,0.000000000000000000e+00
7.862901033480372348e+01,0.000000000000000000e+00
8.231356015129239267e+01,0.000000000000000000e+00
7.918251210315987976e+01,0.000000000000000000e+00
7.708248516793071303e+01,0.000000000000000000e+00
8.264383372188495969e+01,0.000000000000000000e+00
8.072448075801260359e+01,0.000000000000000000e+00
8.009908001170298064e+01,0.000000000000000000e+00
7.842871877402509995e+01,0.000000000000000000e+00
7.886962788866857466e+01,0.000000000000000000e+00
7.793736654156734289e+01,0.000000000000000000e+00
7.855551571567384883e+01,0.000000000000000000e+00
7.879774475234012243e+01,0.000000000000000000e+00
7.881785813842236621e+01,0.000000000000000000e+00
7.579135589105446513e+01,0.000000000000000000e+00
7.919848847490835908e+01,0.000000000000000000e+00
7.880676421222264594e+01,0.000000000000000000e+00
8.008390733529724059e+01,0.000000000000000000e+00
8.460353443147509722e+01,0.000000000000000000e+00
8.048586230964136234e+01,0.000000000000000000e+00
8.103001084638589191e+01,0.000000000000000000e+00
7.842838834491251987e+01,0.000000000000000000e+00
8.160071833997854185e+01,0.000000000000000000e+00
8.271769590768511193e+01,0.000000000000000000e+00
7.824819915059332232e+01,0.000000000000000000e+00
7.794851406372274027e+01,0.000000000000000000e+00
7.994776452338268768e+01,0.000000000000000000e+00
8.060862091531726037e+01,0.000000000000000000e+00
7.974363374941530935e+01,0.000000000000000000e+00
7.792881163054646265e+01,0.000000000000000000e+00
8.013591215662228251e+01,0.000000000000000000e+00
8.269803343129073880e+01,0.000000000000000000e+00
7.592500797226031750e+01,0.000000000000000000e+00
7.844416539875156502e+01,0.000000000000000000e+00
8.051545823589616191e+01,0.000000000000000000e+00
7.725904725734487499e+01,0.000000000000000000e+00
7.933129215329564943e+01,0.000000000000000000e+00
7.914198615799344338e+01,0.000000000000000000e+00
7.758646053128460096e+01,0.000000000000000000e+00
7.620525918917215336e+01,0.000000000000000000e+00
7.898648434303430577e+01,0.000000000000000000e+00
7.994068055692549990e+01,0.000000000000000000e+00
7.755747703154096939e+01,0.000000000000000000e+00
7.923573071656539923e+01,0.000000000000000000e+00
8.118387306068781584e+01,0.000000000000000000e+00
8.340134879454679151e+01,0.000000000000000000e+00
8.308823203333763274e+01,0.000000000000000000e+00
8.474540527253110156e+01,0.000000000000000000e+00
8.394683354802558028e+01,0.000000000000000000e+00
7.707071658526902524e+01,0.000000000000000000e+00
7.810319447700678097e+01,0.000000000000000000e+00
8.127353798632314863e+01,0.000000000000000000e+00
8.234939119278388375e+01,0.000000000000000000e+00
8.170044155258531760e+01,0.000000000000000000e+00
7.640172482020248879e+01,0.000000000000000000e+00
7.760765138563080257e+01,0.000000000000000000e+00
8.175230447613711249e+01,0.000000000000000000e+00
8.109817307283489640e+01,0.000000000000000000e+00
7.979467854228489898e+01,0.000000000000000000e+00
7.724186299357560870e+01,0.000000000000000000e+00
8.422269080247235706e+01,0.000000000000000000e+00
7.943619580765177091e+01,0.000000000000000000e+00
8.273545464751019551e+01,0.000000000000000000e+00
7.681005878132060616e+01,0.000000000000000000e+00
8.180627583721107499e+01,0.000000000000000000e+00
7.957868302032906627e+01,0.000000000000000000e+00
7.954889976423011433e+01,0.000000000000000000e+00
7.981980567395325465e+01,0.000000000000000000e+00
7.623715236742144441e+01,0.000000000000000000e+00
8.075824625279530267e+01,0.000000000000000000e+00
7.855943289376624250e+01,0.000000000000000000e+00
8.166928904552652568e+01,0.000000000000000000e+00
8.000972267902849921e+01,0.000000000000000000e+00
7.738636603683603710e+01,0.000000000000000000e+00
8.234377574825501256e+01,0.000000000000000000e+00
7.858926320873365512e+01,0.000000000000000000e+00
7.871209704966013021e+01,0.000000000000000000e+00
8.518220231006652909e+01,0.000000000000000000e+00
8.125436813331634767e+01,0.000000000000000000e+00
7.794034443457351813e+01,0.000000000000000000e+00
8.092400606656478601e+01,0.000000000000000000e+00
7.845904699697061346e+01,0.000000000000000000e+00
8.048335743886232763e+01,0.000000000000000000e+00
7.769368618418867811e+01,0.000000000000000000e+00
8.120209524708170079e+01,0.000000000000000000e+00
7.915739962582711087e+01,0.000000000000000000e+00
7.858427868510277392e+01,0.000000000000000000e+00
7.770882754638232370e+01,0.000000000000000000e+00
8.137190015141825938e+01,0.000000000000000000e+00
7.800263858147165763e+01,0.000000000000000000e+00
7.946066747846759881e+01,0.000000000000000000e+00
7.943326972273355580e+01,0.000000000000000000e+00
8.039157524960360490e+01,0.000000000000000000e+00
7.989607227654377652e+01,0.000000000000000000e+00
7.989648010807781020e+01,0.000000000000000000e+00
7.746409947221130210e+01,0.000000000000000000e+00
8.120926840403561187e+01,0.000000000000000000e+00
7.961462421140777224e+01,0.000000000000000000e+00
7.821270617717765106e+01,0.000000000000000000e+00
7.908124868675677988e+01,0.000000000000000000e+00
7.680086505333238733e+01,0.000000000000000000e+00
7.846486591251418474e+01,0.000000000000000000e+00
7.905688218920748511e+01,0.000000000000000000e+00
7.721887122974094098e+01,0.000000000000000000e+00
7.592153692888601313e+01,0.000000000000000000e+00
7.701318953276177126e+01,0.000000000000000000e+00
8.227538183396482907e+01,0.000000000000000000e+00
7.835782289407471524e+01,0.000000000000000000e+00
7.721308021447171654e+01,0.000000000000000000e+00
7.305863748009318215e+01,0.000000000000000000e+00
7.753755143636617220e+01,0.000000000000000000e+00
7.856150317370084224e+01,0.000000000000000000e+00
7.760727659265164391e+01,0.000000000000000000e+00
7.924311507475891858e+01,0.000000000000000000e+00
7.939601063051604513e+01,0.000000000000000000e+00
7.905026217193523053e+01,0.000000000000000000e+00
8.067556910708530893e+01,0.000000000000000000e+00
8.375767863284217185e+01,0.000000000000000000e+00
7.737197620382181640e+01,0.000000000000000000e+00
8.027724520161689270e+01,0.000000000000000000e+00
7.942091787846450757e+01,0.000000000000000000e+00
7.958897215093058719e+01,0.000000000000000000e+00
7.907227937427980180e+01,0.000000000000000000e+00
7.516607992502611069e+01,0.000000000000000000e+00
7.880687502313334392e+01,0.000000000000000000e+00
7.841178425118988571e+01,0.000000000000000000e+00
8.289172603534649397e+01,0.000000000000000000e+00
7.746614734792882473e+01,0.000000000000000000e+00
8.210707104759846686e+01,0.000000000000000000e+00
7.906039364959815430e+01,0.000000000000000000e+00
8.077565351907399815e+01,0.000000000000000000e+00
8.099596230706259803e+01,0.000000000000000000e+00
7.915317188690916339e+01,0.000000000000000000e+00
7.731701668054489573e+01,0.000000000000000000e+00
7.895996408096438302e+01,0.000000000000000000e+00
7.901777096033872283e+01,0.000000000000000000e+00
7.888917335165727707e+01,0.000000000000000000e+00
7.707356780666448515e+01,0.000000000000000000e+00
7.722480803377682435e+01,0.000000000000000000e+00
7.688416437419448357e+01,0.000000000000000000e+00
7.530444851316924826e+01,0.000000000000000000e+00
7.682933588751767218e+01,0.000000000000000000e+00
7.663508618790092441e+01,0.000000000000000000e+00
7.970496911196921985e+01,0.000000000000000000e+00
8.106733470610920733e+01,0.000000000000000000e+00
7.721661342572267017e+01,0.000000000000000000e+00
7.391441594708471996e+01,0.000000000000000000e+00
7.804940614544396738e+01,0.000000000000000000e+00
8.039628036999528149e+01,0.000000000000000000e+00
7.411482970126382952e+01,0.000000000000000000e+00
7.883037854783083276e+01,0.000000000000000000e+00
7.450841849950833762e+01,0.000000000000000000e+00
7.541203479770906881e+01,0.000000000000000000e+00
8.105221465954029725e+01,0.000000000000000000e+00
7.600069502874536909e+01,0.000000000000000000e+00
7.374919256877204532e+01,0.000000000000000000e+00
7.950078982646599002e+01,0.000000000000000000e+00
7.777340265312196266e+01,0.000000000000000000e+00
7.482994486686774849e+01,0.000000000000000000e+00
7.522820046846486264e+01,0.000000000000000000e+00
7.322891183877658250e+01,0.000000000000000000e+00
7.738082914368452236e+01,0.000000000000000000e+00
7.605754852644265895e+01,0.000000000000000000e+00
7.881875623003813303e+01,0.000000000000000000e+00
7.416487531130519528e+01,0.000000000000000000e+00
8.022314279116244506e+01,0.000000000000000000e+00
7.883098564440531675e+01,0.000000000000000000e+00
7.844208991407474230e+01,0.000000000000000000e+00
7.974378330326310049e+01,0.000000000000000000e+00
7.874271518510960277e+01,0.000000000000000000e+00
7.882560561411405331e+01,0.000000000000000000e+00
7.877747436427796401e+01,0.000000000000000000e+00
7.586736747326911257e+01,0.000000000000000000e+00
7.812627857189156089e+01,0.000000000000000000e+00
7.561706169655266763e+01,0.000000000000000000e+00
7.529585669358650080e+01,0.000000000000000000e+00
7.340492390598215877e+01,0.000000000000000000e+00
8.028988935341115507e+01,0.000000000000000000e+00
7.904381123720241931e+01,0.000000000000000000e+00
7.761368946248835243e+01,0.000000000000000000e+00
7.925705683246953015e+01,0.000000000000000000e+00
7.614057194032695008e+01,0.000000000000000000e+00
7.256162154394478137e+01,0.000000000000000000e+00
7.363005881231934779e+01,0.000000000000000000e+00
7.702208544175448424e+01,0.000000000000000000e+00
7.691637478079233858e+01,0.000000000000000000e+00
7.686492145966577993e+01,0.000000000000000000e+00
7.876164835512348361e+01,0.000000000000000000e+00
7.358395575569076641e+01,0.000000000000000000e+00
7.539139963845076409e+01,0.000000000000000000e+00
7.699863795252889531e+01,0.000000000000000000e+00
7.959164803789727216e+01,0.000000000000000000e+00
7.795555858838847030e+01,0.000000000000000000e+00
7.520070631381720716e+01,0.000000000000000000e+00
7.611718895072166902e+01,0.000000000000000000e+00
7.716074996195563074e+01,0.000000000000000000e+00
7.720187508518557706e+01,0.000000000000000000e+00
7.559579070765084907e+01,0.000000000000000000e+00
7.479339392019251420e+01,0.000000000000000000e+00
7.683797427660955748e+01,0.000000000000000000e+00
7.313791914939881167e+01,0.000000000000000000e+00
7.697683050431162144e+01,0.000000000000000000e+00
7.728036964711131418e+01,0.000000000000000000e+00
7.417729266994588500e+01,0.000000000000000000e+00
7.296670564164413975e+01,0.000000000000000000e+00
7.880345601633007391e+01,0.000000000000000000e+00
7.273731340333885953e+01,0.000000000000000000e+00
7.729538568118944397e+01,0.000000000000000000e+00
7.486915770195255959e+01,0.000000000000000000e+00
7.499947705880133242e+01,0.000000000000000000e+00
7.664448422750635359e+01,0.000000000000000000e+00
7.435133137941392079e+01,0.000000000000000000e+00
7.446519267483496662e+01,0.000000000000000000e+00
7.687958037047347659e+01,0.000000000000000000e+00
7.318917210499174075e+01,0.000000000000000000e+00
7.287956595866000953e+01,0.000000000000000000e+00
7.641797046737826804e+01,0.000000000000000000e+00
7.408547638339484820e+01,0.000000000000000000e+00
7.122344095737513214e+01,0.000000000000000000e+00
7.522136738736128336e+01,0.000000000000000000e+00
7.367361840261412453e+01,0.000000000000000000e+00
7.535200861247014359e+01,0.000000000000000000e+00
7.569683188846578048e+01,0.000000000000000000e+00
7.498600244156318695e+01,0.000000000000000000e+00
7.397914648356278633e+01,0.000000000000000000e+00
7.236320149855782802e+01,0.000000000000000000e+00
7.464500365782150482e+01,0.000000000000000000e+00
7.069413894574688584e+01,0.000000000000000000e+00
7.485714454810457141e+01,0.000000000000000000e+00
7.281101231642259108e+01,0.000000000000000000e+00
7.522648898684762742e+01,0.000000000000000000e+00
7.808087166676322965e+01,0.000000000000000000e+00
7.713017908461871741e+01,0.000000000000000000e+00
7.251410425168552365e+01,0.000000000000000000e+00
7.669420623535928883e+01,0.000000000000000000e+00
7.527525194334822345e+01,0.000000000000000000e+00
7.273227345186619175e+01,0.000000000000000000e+00
7.543166804164181372e+01,0.000000000000000000e+00
7.617621567135512350e+01,0.000000000000000000e+00
7.562009193183621392e+01,0.000000000000000000e+00
7.543658382635956627e+01,0.000000000000000000e+00
7.830361741411924470e+01,0.000000000000000000e+00
7.676417936565069056e+01,0.000000000000000000e+00
7.639758445353874095e+01,0.000000000000000000e+00
7.622865900388261196e+01,0.000000000000000000e+00
7.119285428799739179e+01,0.000000000000000000e+00
7.249242624150822678e+01,0.000000000000000000e+00
7.225037851057435034e+01,0.000000000000000000e+00
7.078554632496677357e+01,0.000000000000000000e+00
6.777143574222816369e+01,0.000000000000000000e+00
7.138642999350489049e+01,0.000000000000000000e+00
7.641669305871386086e+01,0.000000000000000000e+00
7.396207910268267938e+01,0.000000000000000000e+00
7.405601961827818513e+01,0.000000000000000000e+00
7.157224837824620067e+01,0.000000000000000000e+00
7.248711606230074267e+01,0.000000000000000000e+00
7.361317599769007813e+01,0.000000000000000000e+00
7.174214820443192764e+01,0.000000000000000000e+00
6.868829517606543789e+01,0.000000000000000000e+00
7.375136327304927875e+01,0.000000000000000000e+00
7.388574181584864675e+01,0.000000000000000000e+00
7.632152769365718825e+01,0.000000000000000000e+00
7.142366252194547371e+01,0.000000000000000000e+00
7.276099711318714469e+01,0.000000000000000000e+00
7.232350104211516850e+01,0.000000000000000000e+00
7.338178822709343763e+01,0.000000000000000000e+00
7.097541498441175634e+01,0.000000000000000000e+00
7.153975914290415972e+01,0.000000000000000000e+00
6.952866654653874434e+01,0.000000000000000000e+00
7.313446701273792883e+01,0.000000000000000000e+00
7.119536551250865841e+01,0.000000000000000000e+00
7.319336541158837406e+01,0.000000000000000000e+00
7.152707366462119865e+01,0.000000000000000000e+00
7.156451242148830261e+01,0.000000000000000000e+00
7.403211685749080573e+01,0.000000000000000000e+00
7.242304853253884289e+01,0.000000000000000000e+00
7.162382409192872501e+01,0.000000000000000000e+00
7.075542323031176295e+01,0.000000000000000000e+00
7.492082668470875717e+01,0.000000000000000000e+00
7.406002129594050132e+01,0.000000000000000000e+00
7.208955524717003982e+01,0.000000000000000000e+00
7.664021921052442110e+01,0.000000000000000000e+00
7.356526125483340195e+01,0.000000000000000000e+00
7.501294381248817444e+01,0.000000000000000000e+00
7.383712257188059880e+01,0.000000000000000000e+00
7.274832697881232946e+01,0.000000000000000000e+00
7.129925660896398654e+01,0.000000000000000000e+00
7.046756545859597054e+01,0.000000000000000000e+00
7.766540314091544417e+01,0.000000000000000000e+00
7.512878318126929855e+01,0.000000000000000000e+00
7.360771186888173645e+01,0.000000000000000000e+00
7.575559089754325726e+01,0.000000000000000000e+00
7.089517618820406142e+01,0.000000000000000000e+00
6.917006328847143948e+01,0.000000000000000000e+00
6.975099050533430045e+01,0.000000000000000000e+00
7.203332255949743512e+01,0.000000000000000000e+00
7.187740763224280727e+01,0.000000000000000000e+00
7.240550639828913404e+01,0.000000000000000000e+00
6.972812134875913159e+01,0.000000000000000000e+00
7.298585211334233236e+01,0.000000000000000000e+00
7.279196697934278859e+01,0.000000000000000000e+00
7.174648723604192924e+01,0.000000000000000000e+00
7.120018005724155330e+01,0.000000000000000000e+00
7.143356058413918674e+01,0.000000000000000000e+00
6.774987134458537241e+01,0.000000000000000000e+00
6.825407523427540468e+01,0.000000000000000000e+00
7.132435719673067354e+01,0.000000000000000000e+00
7.314661681003155991e+01,0.000000000000000000e+00
6.864865585711140739e+01,0.000000000000000000e+00
6.794351472274273362e+01,0.000000000000000000e+00
6.801856120667090977e+01,0.000000000000000000e+00
6.963507746329869974e+01,0.000000000000000000e+00
7.176347875575122259e+01,0.000000000000000000e+00
7.259231004268573884e+01,0.000000000000000000e+00
6.795641514978483144e+01,0.000000000000000000e+00
7.241636075388342420e+01,0.000000000000000000e+00
7.086926600886161509e+01,0.000000000000000000e+00
6.614710752371149738e+01,0.000000000000000000e+00
7.052627301887386579e+01,0.000000000000000000e+00
6.803486900144258698e+01,0.000000000000000000e+00
6.798978309488389016e+01,0.000000000000000000e+00
6.594806722882994166e+01,0.000000000000000000e+00
6.683384389143918725e+01,0.000000000000000000e+00
6.872681069247886398e+01,0.000000000000000000e+00
6.982370945040531751e+01,0.000000000000000000e+00
6.750249845582371222e+01,0.000000000000000000e+00
6.832438607833582012e+01,0.000000000000000000e+00
6.839306828218362000e+01,0.000000000000000000e+00
6.774291729345461022e+01,0.000000000000000000e+00
6.950653984373315097e+01,0.000000000000000000e+00
6.741933294019905532e+01,0.000000000000000000e+00
6.773148793925943778e+01,0.000000000000000000e+00
6.544901000313885220e+01,0.000000000000000000e+00
6.855084748350921586e+01,0.000000000000000000e+00
6.680721291975325471e+01,0.000000000000000000e+00
7.328176549252762584e+01,0.000000000000000000e+00
7.004125469053613529e+01,0.000000000000000000e+00
6.991108845360071200e+01,0.000000000000000000e+00
6.904680469288135214e+01,0.000000000000000000e+00
6.912968375556228295e+01,0.000000000000000000e+00
6.882253899367610472e+01,0.000000000000000000e+00
6.958715502621420512e+01,0.000000000000000000e+00
6.951967089731722638e+01,0.000000000000000000e+00
6.950753881826948088e+01,0.000000000000000000e+00
6.811460064171490103e+01,0.000000000000000000e+00
6.941881698392343480e+01,0.000000000000000000e+00
7.042972322315550571e+01,0.000000000000000000e+00
6.363692339210285809e+01,0.000000000000000000e+00
6.597989381591565916e+01,0.000000000000000000e+00
6.696817788266947957e+01,0.000000000000000000e+00
6.650906856454858485e+01,0.000000000000000000e+00
6.728245495496928186e+01,0.000000000000000000e+00
6.497464008491311915e+01,0.000000000000000000e+00
6.739936353070640962e+01,0.000000000000000000e+00
6.831060391820321342e+01,0.000000000000000000e+00
6.827857224750469811e+01,0.000000000000000000e+00
7.011905297436786100e+01,0.000000000000000000e+00
6.921851973888232123e+01,0.000000000000000000e+00
6.809065452354556669e+01,0.000000000000000000e+00
6.740558117622862255e+01,0.000000000000000000e+00
6.673980092520763208e+01,0.000000000000000000e+00
6.816310302300668411e+01,0.000000000000000000e+00
6.731796718032285298e+01,0.000000000000000000e+00
6.572304457726748694e+01,0.000000000000000000e+00
6.613270325490339019e+01,0.000000000000000000e+00
6.609399696056682671e+01,0.000000000000000000e+00
6.836716726318755377e+01,0.000000000000000000e+00
6.713577033901805180e+01,0.000000000000000000e+00
6.557020902297506382e+01,0.000000000000000000e+00
6.860712472388593142e+01,0.000000000000000000e+00
6.776869499777045291e+01,0.000000000000000000e+00
6.522477078667459693e+01,0.000000000000000000e+00
6.405510606072459723e+01,0.000000000000000000e+00
6.513178544759225019e+01,0.000000000000000000e+00
6.606101314107949918e+01,0.000000000000000000e+00
6.750059571470633557e+01,0.000000000000000000e+00
6.448053118180256149e+01,0.000000000000000000e+00
6.905938564619350473e+01,0.000000000000000000e+00
6.464133602363982334e+01,0.000000000000000000e+00
6.507400826192134957e+01,0.000000000000000000e+00
6.624206398852895461e+01,0.000000000000000000e+00
6.450484818667960951e+01,0.000000000000000000e+00
6.750679737798043334e+01,0.000000000000000000e+00
6.758504397017404131e+01,0.000000000000000000e+00
6.720183091350580185e+01,0.000000000000000000e+00
6.886943369073070187e+01,0.000000000000000000e+00
6.437391276141846674e+01,0.000000000000000000e+00
6.525821612159676022e+01,0.000000000000000000e+00
6.703142877118045817e+01,0.000000000000000000e+00
6.696041993482509724e+01,0.000000000000000000e+00
7.044066719921859487e+01,0.000000000000000000e+00
6.631497553656352295e+01,0.000000000000000000e+00
6.587006775909296152e+01,0.000000000000000000e+00
6.596205411718729295e+01,0.000000000000000000e+00
6.354684515698738068e+01,0.000000000000000000e+00
6.432847220276403277e+01,0.000000000000000000e+00
6.453347382503892504e+01,0.000000000000000000e+00
6.338133894725907425e+01,0.000000000000000000e+00
6.594126469694626280e+01,0.000000000000000000e+00
6.441843676677420660e+01,0.000000000000000000e+00
6.550427313983338706e+01,0.000000000000000000e+00
6.799133659068388624e+01,0.000000000000000000e+00
6.119037637392747087e+01,0.000000000000000000e+00
6.234611980201101034e+01,0.000000000000000000e+00
6.516494370171594142e+01,0.000000000000000000e+00
6.558488296466390466e+01,0.000000000000000000e+00
6.337776934045400878e+01,0.000000000000000000e+00
6.282044996043299534e+01,0.000000000000000000e+00
6.527174948685106415e+01,0.000000000000000000e+00
6.069778137948257779e+01,0.000000000000000000e+00
6.653893751669593826e+01,0.000000000000000000e+00
6.613713028931199744e+01,0.000000000000000000e+00
6.584096504972615094e+01,0.000000000000000000e+00
6.276239359006257246e+01,0.000000000000000000e+00
6.229805283808779848e+01,0.000000000000000000e+00
6.407953124719338689e+01,0.000000000000000000e+00
6.423693282455049314e+01,0.000000000000000000e+00
6.441076008390024299e+01,0.000000000000000000e+00
6.438777788931301416e+01,0.000000000000000000e+00
6.447441081923372508e+01,0.000000000000000000e+00
6.167403413577968507e+01,0.000000000000000000e+00
6.265310297515405580e+01,0.000000000000000000e+00
6.368850843983725696e+01,0.000000000000000000e+00
6.165879642021118201e+01,0.000000000000000000e+00
6.009240105382116326e+01,0.000000000000000000e+00
6.287801526743326264e+01,0.000000000000000000e+00
6.298856757023758490e+01,0.000000000000000000e+00
6.306074625623901397e+01,0.000000000000000000e+00
6.050812209831476451e+01,0.000000000000000000e+00
6.343493178426960810e+01,0.000000000000000000e+00
6.202735288853986617e+01,0.000000000000000000e+00
5.885214966068528497e+01,0.000000000000000000e+00
6.188669902442470772e+01,0.000000000000000000e+00
6.218023943638028328e+01,0.000000000000000000e+00
6.357841241683932054e+01,0.000000000000000000e+00
5.960964672749313564e+01,0.000000000000000000e+00
6.029139844440578599e+01,0.000000000000000000e+00
6.144515919127862702e+01,0.000000000000000000e+00
6.306390982894371433e+01,0.000000000000000000e+00
6.083678007601575644e+01,0.000000000000000000e+00
6.226174475688861065e+01,0.000000000000000000e+00
5.903993473005296977e+01,0.000000000000000000e+00
6.079224999535009033e+01,0.000000000000000000e+00
6.287558117873757624e+01,0.000000000000000000e+00
5.769862601883871633e+01,0.000000000000000000e+00
6.210615049463108051e+01,0.000000000000000000e+00
6.304923414464830245e+01,0.000000000000000000e+00
5.980526129849991435e+01,0.000000000000000000e+00
6.062074535111084117e+01,0.000000000000000000e+00
5.975259122625706709e+01,0.000000000000000000e+00
5.916520835665666311e+01,0.000000000000000000e+00
5.847252089857206414e+01,0.000000000000000000e+00
6.145399979973853277e+01,0.000000000000000000e+00
6.054270249270563653e+01,0.000000000000000000e+00
6.033718561823081927e+01,0.000000000000000000e+00
6.226618365425380119e+01,0.000000000000000000e+00
6.088648734429228426e+01,0.000000000000000000e+00
6.082788104075360280e+01,0.000000000000000000e+00
6.205037487185667544e+01,0.000000000000000000e+00
5.864663778905230629e+01,0.000000000000000000e+00
6.071273903361802837e+01,0.000000000000000000e+00
6.132931182700448147e+01,0.000000000000000000e+00
5.874298839847381259e+01,0.000000000000000000e+00
5.886121998448601289e+01,0.000000000000000000e+00
5.874460747427686869e+01,0.000000000000000000e+00
5.854118608854140859e+01,0.000000000000000000e+00
6.089358867825502841e+01,0.000000000000000000e+00
6.275825536498305723e+01,0.000000000000000000e+00
6.175190484037236160e+01,0.000000000000000000e+00
5.605946983865109701e+01,0.000000000000000000e+00
6.068051568957777420e+01,0.000000000000000000e+00
5.870885539627435890e+01,0.000000000000000000e+00
5.907885833387164354e+01,0.000000000000000000e+00
5.776097216141089064e+01,0.000000000000000000e+00
5.983587920231828150e+01,0.000000000000000000e+00
6.125748926056055410e+01,0.000000000000000000e+00
6.036391488061993016e+01,0.000000000000000000e+00
5.568844164756895054e+01,0.000000000000000000e+00
5.771549308834202918e+01,0.000000000000000000e+00
5.231729102372267448e+01,0.000000000000000000e+00
5.634978394476890173e+01,0.000000000000000000e+00
5.962088332610109376e+01,0.000000000000000000e+00
5.635645888825112593e+01,0.000000000000000000e+00
5.459024116005883798e+01,0.000000000000000000e+00
5.761559732735599226e+01,0.000000000000000000e+00
5.651728681879322380e+01,0.000000000000000000e+00
5.416058211695206381e+01,0.000000000000000000e+00
5.704478754758693526e+01,0.000000000000000000e+00
5.936624743521670666e+01,0.000000000000000000e+00
6.036859581501207117e+01,0.000000000000000000e+00
5.832801273056306712e+01,0.000000000000000000e+00
5.453628081442119679e+01,0.000000000000000000e+00
5.490829475272712301e+01,0.000000000000000000e+00
5.397326272273880932e+01,0.000000000000000000e+00
5.757089087558657781e+01,0.000000000000000000e+00
5.918622578862490258e+01,0.000000000000000000e+00
5.893111179453421755e+01,0.000000000000000000e+00
5.600240924719398095e+01,0.000000000000000000e+00
5.740198071360688914e+01,0.000000000000000000e+00
5.471005903918746327e+01,0.000000000000000000e+00
5.691823443347193745e+01,0.000000000000000000e+00
5.770453968525282562e+01,0.000000000000000000e+00
5.632170187930483252e+01,0.000000000000000000e+00
5.538682597996369594e+01,0.000000000000000000e+00
5.435915172001067219e+01,0.000000000000000000e+00
5.423880761844478826e+01,0.000000000000000000e+00
5.491853530371689374e+01,0.000000000000000000e+00
5.898027962248035294e+01,0.000000000000000000e+00
5.526585871634320313e+01,0.000000000000000000e+00
5.275724077055170369e+01,0.000000000000000000e+00
5.661101022089498258e+01,0.000000000000000000e+00
5.589574349359831729e+01,0.000000000000000000e+00
5.853326946599171521e+01,0.000000000000000000e+00
5.707631275375108260e+01,0.000000000000000000e+00
5.785703921165965369e+01,0.000000000000000000e+00
5.633935632294760154e+01,0.000000000000000000e+00
5.305846163273922400e+01,0.000000000000000000e+00
5.444694644594958532e+01,0.000000000000000000e+00
5.381740150397805422e+01,0.000000000000000000e+00
5.677030666362763611e+01,0.000000000000000000e+00
5.796111187297557876e+01,0.000000000000000000e+00
5.653430292728767625e+01,0.000000000000000000e+00
5.539881706114685755e+01,0.000000000000000000e+00
5.461107960509915671e+01,0.000000000000000000e+00
5.630267726874988909e+01,0.000000000000000000e+00
5.302593207207678461e+01,0.000000000000000000e+00
5.728157025258727231e+01,0.000000000000000000e+00
5.262691207421316619e+01,0.000000000000000000e+00
5.562363365502104529e+01,0.000000000000000000e+00
5.074767552402561677e+01,0.000000000000000000e+00
5.534194372304196463e+01,0.000000000000000000e+00
5.241337265261004319e+01,0.000000000000000000e+00
5.734428600044802948e+01,0.000000000000000000e+00
5.464894259785921804e+01,0.000000000000000000e+00
5.618576934418615565e+01,0.000000000000000000e+00
5.739679382681838860e+01,0.000000000000000000e+00
5.300393166723520011e+01,0.000000000000000000e+00
5.353201220372150715e+01,0.000000000000000000e+00
5.330862750764747204e+01,0.000000000000000000e+00
5.436794798179741406e+01,0.000000000000000000e+00
5.490506051935442144e+01,0.000000000000000000e+00
5.082227918975310388e+01,0.000000000000000000e+00
5.265390031745855737e+01,0.000000000000000000e+00
5.467582867157454274e+01,0.000000000000000000e+00
5.752295516132124931e+01,0.000000000000000000e+00
5.576186385806385459e+01,0.000000000000000000e+00
5.533161919493298342e+01,0.000000000000000000e+00
5.440701579323308579e+01,0.000000000000000000e+00
5.570101630116259628e+01,0.000000000000000000e+00
5.116627848203998497e+01,0.000000000000000000e+00
5.397021330530417771e+01,0.000000000000000000e+00
4.991519577995106971e+01,0.000000000000000000e+00
5.134914168645423871e+01,0.000000000000000000e+00
5.317813579260191403e+01,0.000000000000000000e+00
5.114228491797270948e+01,0.000000000000000000e+00
5.217093008170041202e+01,0.000000000000000000e+00
5.156644028934183410e+01,0.000000000000000000e+00
5.377508154357508374e+01,0.000000000000000000e+00
5.257662081147107358e+01,0.000000000000000000e+00
5.313017820535156943e+01,0.000000000000000000e+00
5.219540627979678504e+01,0.000000000000000000e+00
4.874848452105962338e+01,0.000000000000000000e+00
5.204488099616909125e+01,0.000000000000000000e+00
5.437446761742806700e+01,0.000000000000000000e+00
5.472391974658336977e+01,0.000000000000000000e+00
4.878183035484428842e+01,0.000000000000000000e+00
5.391033230718269209e+01,0.000000000000000000e+00
4.815442953685058569e+01,0.000000000000000000e+00
4.796445978188057069e+01,0.000000000000000000e+00
5.005481234352999564e+01,0.000000000000000000e+00
5.269602745449764569e+01,0.000000000000000000e+00
5.107541631856059183e+01,0.000000000000000000e+00
5.056393200189270942e+01,0.000000000000000000e+00
5.100283471471393426e+01,0.000000000000000000e+00
5.220952294602012245e+01,0.000000000000000000e+00
5.181506361791473125e+01,0.000000000000000000e+00
5.443183663784621018e+01,0.000000000000000000e+00
4.843617508240973990e+01,0.000000000000000000e+00
4.919773164736027127e+01,0.000000000000000000e+00
5.289965013382911252e+01,0.000000000000000000e+00
4.978589613403183023e+01,0.000000000000000000e+00
5.235187864000243252e+01,0.000000000000000000e+00
4.895897843172908637e+01,0.000000000000000000e+00
4.729788980423893463e+01,0.000000000000000000e+00
4.511825472840128981e+01,0.000000000000000000e+00
5.353840253864169085e+01,0.000000000000000000e+00
5.056954573344911807e+01,0.000000000000000000e+00
5.032037125140406886e+01,0.000000000000000000e+00
5.038471154592942014e+01,0.000000000000000000e+00
4.736840130885505573e+01,0.000000000000000000e+00
5.077232598491196569e+01,0.000000000000000000e+00
5.323981426397560313e+01,0.000000000000000000e+00
5.102178904431317363e+01,0.000000000000000000e+00
4.548296548093447456e+01,0.000000000000000000e+00
4.913991642127685111e+01,0.000000000000000000e+00
4.560813625459824294e+01,0.000000000000000000e+00
4.744921422540450351e+01,0.000000000000000000e+00
5.121943493862389829e+01,0.000000000000000000e+00
4.876031682599466421e+01,0.000000000000000000e+00
4.993289493243662491e+01,0.000000000000000000e+00
4.973612648440465023e+01,0.000000000000000000e+00
4.998023065752131799e+01,0.000000000000000000e+00
4.932095646408925660e+01,0.000000000000000000e+00
4.681360211312126296e+01,0.000000000000000000e+00
4.920347352791238649e+01,0.000000000000000000e+00
4.461790601947549817e+01,0.000000000000000000e+00
4.810802644186811960e+01,0.000000000000000000e+00
4.841896041745435042e+01,0.000000000000000000e+00
4.441989714182535920e+01,0.000000000000000000e+00
4.536703171901333320e+01,0.000000000000000000e+00
4.665955879372877035e+01,0.000000000000000000e+00
4.879095350773652484e+01,0.000000000000000000e+00
4.919368120905692621e+01,0.000000000000000000e+00
4.594823696517042322e+01,0.000000000000000000e+00
5.182800130754031898e+01,0.000000000000000000e+00
4.761969028410135962e+01,0.000000000000000000e+00
4.727170827358256844e+01,0.000000000000000000e+00
4.821159093543167984e+01,0.000000000000000000e+00
4.608748050542142494e+01,0.000000000000000000e+00
4.729920851956319439e+01,0.000000000000000000e+00
4.610572694830973006e+01,0.000000000000000000e+00
4.591294087143728575e+01,0.000000000000000000e+00
4.853822963845297522e+01,0.000000000000000000e+00
4.678927927160572153e+01,0.000000000000000000e+00
4.671795899659052509e+01,0.000000000000000000e+00
4.786851239597432794e+01,0.000000000000000000e+00
4.816581441336906266e+01,0.000000000000000000e+00
4.596644558371389166e+01,0.000000000000000000e+00
4.734665580489030390e+01,0.000000000000000000e+00
4.467062799224067504e+01,0.000000000000000000e+00
4.784580014587937313e+01,0.000000000000000000e+00
4.205750585331157509e+01,0.000000000000000000e+00
4.906927310299280975e+01,0.000000000000000000e+00
4.529768600927704369e+01,0.000000000000000000e+00
4.718668698441228315e+01,0.000000000000000000e+00
4.643636572475524105e+01,0.000000000000000000e+00
4.798090099859405910e+01,0.000000000000000000e+00
4.400229370333719459e+01,0.000000000000000000e+00
4.446418736543376582e+01,0.000000000000000000e+00
4.147654290153838019e+01,0.000000000000000000e+00
4.643012401724851657e+01,0.000000000000000000e+00
4.622853683045794071e+01,0.000000000000000000e+00
4.715410574572485558e+01,0.000000000000000000e+00
4.285889814262944952e+01,0.000000000000000000e+00
4.119556767337697778e+01,0.000000000000000000e+00
4.473600591458340148e+01,0.000000000000000000e+00
4.211874411550938646e+01,0.000000000000000000e+00
4.381195449005256393e+01,0.000000000000000000e+00
4.448936736898746602e+01,0.000000000000000000e+00
3.950294254222841062e+01,0.000000000000000000e+00
4.630995609571559868e+01,0.000000000000000000e+00
4.781752250926562198e+01,0.000000000000000000e+00
4.221420637692681055e+01,0.000000000000000000e+00
4.425851382001774681e+01,0.000000000000000000e+00
4.321361561471626800e+01,0.000000000000000000e+00
4.501212807324206722e+01,0.000000000000000000e+00
4.161417920490770683e+01,0.000000000000000000e+00
4.316302993330607762e+01,0.000000000000000000e+00
4.462737054687202232e+01,0.000000000000000000e+00
4.344221169135573746e+01,0.000000000000000000e+00
4.385653751914929899e+01,0.000000000000000000e+00
4.549731491060963862e+01,0.000000000000000000e+00
4.261782563906939458e+01,0.000000000000000000e+00
4.223773015737374692e+01,0.000000000000000000e+00
4.127974606754611386e+01,0.000000000000000000e+00
4.294434597745062376e+01,0.000000000000000000e+00
4.395904119171949276e+01,0.000000000000000000e+00
3.729537315140820652e+01,0.000000000000000000e+00
4.341471937991153851e+01,0.000000000000000000e+00
3.804887816759891450e+01,0.000000000000000000e+00
4.319166324679401470e+01,0.000000000000000000e+00
4.349697469982726972e+01,0.000000000000000000e+00
4.195729995282685110e+01,0.000000000000000000e+00
4.640705870905201635e+01,0.000000000000000000e+00
4.232155365069780117e+01,0.000000000000000000e+00
4.294883867104775987e+01,0.000000000000000000e+00
4.508493294980986832e+01,0.000000000000000000e+00
4.088150937721125899e+01,0.000000000000000000e+00
4.216679999489830521e+01,0.000000000000000000e+00
4.182076759967635127e+01,0.000000000000000000e+00
4.219488793363770185e+01,0.000000000000000000e+00
4.197871580540744674e+01,0.000000000000000000e+00
3.844093634102275558e+01,0.000000000000000000e+00
4.497837346861003027e+01,0.000000000000000000e+00
4.171034510025846487e+01,0.000000000000000000e+00
4.397418891566480426e+01,0.000000000000000000e+00
4.149480647020575219e+01,0.000000000000000000e+00
4.325521932381010970e+01,0.000000000000000000e+00
4.358754811492903514e+01,0.000000000000000000e+00
3.807699564205870502e+01,0.000000000000000000e+00
4.189240475327211755e+01,0.000000000000000000e+00
4.094527302377357358e+01,0.000000000000000000e+00
4.202547719433008666e+01,0.000000000000000000e+00
4.300351947934599650e+01,0.000000000000000000e+00
4.177023921174311738e+01,0.000000000000000000e+00
3.829449007964041130e+01,0.000000000000000000e+00
4.234244565680290151e+01,0.000000000000000000e+00
3.742907718078144086e+01,0.000000000000000000e+00
3.978351775211930175e+01,0.000000000000000000e+00
4.002642646966783246e+01,0.000000000000000000e+00
3.865230962667176584e+01,0.000000000000000000e+00
4.023492669498330798e+01,0.000000000000000000e+00
3.882476336661407146e+01,0.000000000000000000e+00
3.931496745670025916e+01,0.000000000000000000e+00
3.697183860335228189e+01,0.000000000000000000e+00
4.092057360755589457e+01,0.000000000000000000e+00
3.893400128582051423e+01,0.000000000000000000e+00
4.085913286862238891e+01,0.000000000000000000e+00
4.197084389286265349e+01,0.000000000000000000e+00
3.883916311188723114e+01,0.000000000000000000e+00
3.720212047716640313e+01,0.000000000000000000e+00
4.095248180101548741e+01,0.000000000000000000e+00
4.188686544282623458e+01,0.000000000000000000e+00
4.180820609933499554e+01,0.000000000000000000e+00
3.579606827058137242e+01,0.000000000000000000e+00
4.433146481034779640e+01,0.000000000000000000e+00
3.957748779141630990e+01,0.000000000000000000e+00
3.940503713720155332e+01,0.000000000000000000e+00
3.882670078358878385e+01,0.000000000000000000e+00
3.562452797617527978e+01,0.000000000000000000e+00
4.075289016661854191e+01,0.000000000000000000e+00
3.937062048743266018e+01,0.000000000000000000e+00
3.840127342935107890e+01,0.000000000000000000e+00
3.552062100951842893e+01,0.000000000000000000e+00
3.641497409119180162e+01,0.000000000000000000e+00
3.696170890797640851e+01,0.000000000000000000e+00
4.361838354685778540e+01,0.000000000000000000e+00
3.846951963117382434e+01,0.000000000000000000e+00
4.266394085099649658e+01,0.000000000000000000e+00
3.796465496781147664e+01,0.000000000000000000e+00
3.700859715828367769e+01,0.000000000000000000e+00
2.989762256947657448e+01,0.000000000000000000e+00
3.392722274514984093e+01,0.000000000000000000e+00
3.456402795336763489e+01,0.000000000000000000e+00
3.786355508100957223e+01,0.000000000000000000e+00
3.806095874067715812e+01,0.000000000000000000e+00
3.847240632169057051e+01,0.000000000000000000e+00
3.608871760603347667e+01,0.000000000000000000e+00
3.416726195470617000e+01,0.000000000000000000e+00
3.844375048392311811e+01,0.000000000000000000e+00
3.692803201764751719e+01,0.000000000000000000e+00
3.456638567581330079e+01,0.000000000000000000e+00
3.719621726608431089e+01,0.000000000000000000e+00
3.676459039256786809e+01,0.000000000000000000e+00
3.691631557859572865e+01,0.000000000000000000e+00
3.753363483740420037e+01,0.000000000000000000e+00
3.373532297790747236e+01,0.000000000000000000e+00
4.160680678794297904e+01,0.000000000000000000e+00
3.507193225985778184e+01,0.000000000000000000e+00
3.577054154795535368e+01,0.000000000000000000e+00
3.781364757204160298e+01,0.000000000000000000e+00
3.836598221196214098e+01,0.000000000000000000e+00
3.798919835118461918e+01,0.000000000000000000e+00
3.590564641691515391e+01,0.000000000000000000e+00
3.596407206516112609e+01,0.000000000000000000e+00
3.852818049978372983e+01,0.000000000000000000e+00
3.537970962666533836e+01,0.000000000000000000e+00
3.543229588942762120e+01,0.000000000000000000e+00
3.526929966073479505e+01,0.000000000000000000e+00
3.484160736100140809e+01,0.000000000000000000e+00
3.335071366159992579e+01,0.000000000000000000e+00
3.428610902618995482e+01,0.000000000000000000e+00
3.504159296908241572e+01,0.000000000000000000e+00
3.225512910731605842e+01,0.000000000000000000e+00
3.609816294697887429e+01,0.000000000000000000e+00
3.575905860157649840e+01,0.000000000000000000e+00
3.819741563897787273e+01,0.000000000000000000e+00
3.466823241745125728e+01,0.000000000000000000e+00
3.883283522215761963e+01,0.000000000000000000e+00
3.473132314673610921e+01,0.000000000000000000e+00
3.435977669118692290e+01,0.000000000000000000e+00
3.455097279949217892e+01,0.000000000000000000e+00
3.221243039791143303e+01,0.000000000000000000e+00
3.810424105439422249e+01,0.000000000000000000e+00
3.490554061619225479e+01,0.000000000000000000e+00
3.533368674377074825e+01,0.000000000000000000e+00
3.280618403394416305e+01,0.000000000000000000e+00
3.122952787344556569e+01,0.000000000000000000e+00
3.739166874071896984e+01,0.000000000000000000e+00
3.529123167415902884e+01,0.000000000000000000e+00
3.377226721002851662e+01,0.000000000000000000e+00
3.384236855854656767e+01,0.000000000000000000e+00
3.837726151133279728e+01,0.000000000000000000e+00
3.825445298393550786e+01,0.000000000000000000e+00
3.444136438736404671e+01,0.000000000000000000e+00
3.581116993389675685e+01,0.000000000000000000e+00
3.544567491653419467e+01,0.000000000000000000e+00
3.299860220256522325e+01,0.000000000000000000e+00
3.395687843497895386e+01,0.000000000000000000e+00
3.783616516872398705e+01,0.000000000000000000e+00
3.460002086740391292e+01,0.000000000000000000e+00
3.108581059136998448e+01,0.000000000000000000e+00
3.820783157345627501e+01,0.000000000000000000e+00
3.552060383548764833e+01,0.000000000000000000e+00
3.415282248551709188e+01,0.000000000000000000e+00
3.305635450229063110e+01,0.000000000000000000e+00
3.251691334372863906e+01,0.000000000000000000e+00
3.871894790953662380e+01,0.000000000000000000e+00
3.524133511286967035e+01,0.000000000000000000e+00
3.381266456055357139e+01,0.000000000000000000e+00
3.150076242337893007e+01,0.000000000000000000e+00
2.923442501458774601e+01,0.000000000000000000e+00
3.361893987392890182e+01,0.000000000000000000e+00
3.263583913055626340e+01,0.000000000000000000e+00
3.296515205872508147e+01,0.000000000000000000e+00
3.281018487377473747e+01,0.000000000000000000e+00
3.134054914259869662e+01,0.000000000000000000e+00
3.566192107576348747e+01,0.000000000000000000e+00
2.918556854091617225e+01,0.000000000000000000e+00
3.405244490747711694e+01,0.000000000000000000e+00
3.721041267297984945e+01,0.000000000000000000e+00
3.248506896733629645e+01,0.000000000000000000e+00
3.489529489004009832e+01,0.000000000000000000e+00
2.933745449727529575e+01,0.000000000000000000e+00
3.396555278156687763e+01,0.000000000000000000e+00
3.311850316605575983e+01,0.000000000000000000e+00
3.228482568202300484e+01,0.000000000000000000e+00
3.024596580276954683e+01,0.000000000000000000e+00
3.255978012297525481e+01,0.000000000000000000e+00
3.121627830054918817e+01,0.000000000000000000e+00
3.571313273985177972e+01,0.000000000000000000e+00
3.275755627750272225e+01,0.000000000000000000e+00
3.157814360862799674e+01,0.000000000000000000e+00
3.149191205928068271e+01,0.000000000000000000e+00
3.490124269010402713e+01,0.000000000000000000e+00
3.215904530653280347e+01,0.000000000000000000e+00
3.366543786541588901e+01,0.000000000000000000e+00
3.289905394186801857e+01,0.000000000000000000e+00
3.444608906262830317e+01,0.000000000000000000e+00
2.757491123021216950e+01,0.000000000000000000e+00
3.176610805409082161e+01,0.000000000000000000e+00
2.886933442223560320e+01,0.000000000000000000e+00
3.344740191847629518e+01,0.000000000000000000e+00
3.354332055769800292e+01,0.000000000000000000e+00
3.119969182737111524e+01,0.000000000000000000e+00
3.163846786205186490e+01,0.000000000000000000e+00
2.970282743571983275e+01,0.000000000000000000e+00
3.112147316854149892e+01,0.000000000000000000e+00
3.127204147347102037e+01,0.000000000000000000e+00
2.873279796944878228e+01,0.000000000000000000e+00
3.444086757108611607e+01,0.000000000000000000e+00
3.048470379503056193e+01,0.000000000000000000e+00
2.992870629020520212e+01,0.000000000000000000e+00
2.932901541216962826e+01,0.000000000000000000e+00
3.165749838723819209e+01,0.000000000000000000e+00
3.073592245208599039e+01,0.000000000000000000e+00
2.687269232025122179e+01,0.000000000000000000e+00
3.051792744284405146e+01,0.000000000000000000e+00
2.528554451833325345e+01,0.000000000000000000e+00
3.004820378841296247e+01,0.000000000000000000e+00
2.859297216001403541e+01,0.000000000000000000e+00
2.676925472182070820e+01,0.000000000000000000e+00
3.162406166295725995e+01,0.000000000000000000e+00
3.065673648792476413e+01,0.000000000000000000e+00
2.940722806410772350e+01,0.000000000000000000e+00
2.921743177064102426e+01,0.000000000000000000e+00
3.219706553406851413e+01,0.000000000000000000e+00
3.007065835691704692e+01,0.000000000000000000e+00
2.961677368047293157e+01,0.000000000000000000e+00
2.899105377683649110e+01,0.000000000000000000e+00
2.891343262348679133e+01,0.000000000000000000e+00
2.955390188622899572e+01,0.000000000000000000e+00
3.172446975869721797e+01,0.000000000000000000e+00
2.475330363324785665e+01,0.000000000000000000e+00
3.036586477861726152e+01,0.000000000000000000e+00
2.882714441395539851e+01,0.000000000000000000e+00
2.663944829440495354e+01,0.000000000000000000e+00
2.996908811577160137e+01,0.000000000000000000e+00
2.714475478676859765e+01,0.000000000000000000e+00
3.167981117140573488e+01,0.000000000000000000e+00
2.944469374156140162e+01,0.000000000000000000e+00
2.851074701677231715e+01,0.000000000000000000e+00
2.734117909102893407e+01,0.000000000000000000e+00
2.643516511583014506e+01,0.000000000000000000e+00
2.774979616329959242e+01,0.000000000000000000e+00
2.725793530401293552e+01,0.000000000000000000e+00
3.020713430375416308e+01,0.000000000000000000e+00
2.869693035229731137e+01,0.000000000000000000e+00
2.738346527217376902e+01,0.000000000000000000e+00
2.765314051287749919e+01,0.000000000000000000e+00
2.699196430993426787e+01,0.000000000000000000e+00
2.969759180968162582e+01,0.000000000000000000e+00
2.893895594016578698e+01,0.000000000000000000e+00
2.566143037477607791e+01,0.000000000000000000e+00
2.877883408758176031e+01,0.000000000000000000e+00
2.710201236330223651e+01,0.000000000000000000e+00
2.613369649360796032e+01,0.000000000000000000e+00
2.808925121599943608e+01,0.000000000000000000e+00
2.861846027339629828e+01,0.000000000000000000e+00
2.660068191625158107e+01,0.000000000000000000e+00
3.026977924840039691e+01,0.000000000000000000e+00
2.610759858602040495e+01,0.000000000000000000e+00
2.539125155522329536e+01,0.000000000000000000e+00
2.746532263711469923e+01,0.000000000000000000e+00
2.533315722162699046e+01,0.000000000000000000e+00
2.830877495844548264e+01,0.000000000000000000e+00
2.731622840220608239e+01,0.000000000000000000e+00
2.709328678832457271e+01,0.000000000000000000e+00
2.788852318920563889e+01,0.000000000000000000e+00
3.061819305945001801e+01,0.000000000000000000e+00
2.488307773024346758e+01,0.000000000000000000e+00
2.555279837252431818e+01,0.000000000000000000e+00
2.729140442662692578e+01,0.000000000000000000e+00
3.002734471194333565e+01,0.000000000000000000e+00
2.306130786735274185e+01,0.000000000000000000e+00
3.399823767030406430e+01,0.000000000000000000e+00
2.801414432752228123e+01,0.000000000000000000e+00
2.776805929447068522e+01,0.000000000000000000e+00
2.892523161782023777e+01,0.000000000000000000e+00
2.592978879708962836e+01,0.000000000000000000e+00
3.127812119642530675e+01,0.000000000000000000e+00
3.183327189316695893e+01,0.000000000000000000e+00
2.513794561634117741e+01,0.000000000000000000e+00
2.543496366208595560e+01,0.000000000000000000e+00
2.552348764545930493e+01,0.000000000000000000e+00
2.443660355898497727e+01,0.000000000000000000e+00
2.931490820783364981e+01,0.000000000000000000e+00
2.719208417815670842e+01,0.000000000000000000e+00
2.699430133798849241e+01,0.000000000000000000e+00
2.830258988458116676e+01,0.000000000000000000e+00
2.450681337275776883e+01,0.000000000000000000e+00
2.551482733591899787e+01,0.000000000000000000e+00
2.292264222357319170e+01,0.000000000000000000e+00
2.431151346316714523e+01,0.000000000000000000e+00
2.600845770340778174e+01,0.000000000000000000e+00
2.321467147455458857e+01,0.000000000000000000e+00
2.171490140600743857e+01,0.000000000000000000e+00
2.343399173060243612e+01,0.000000000000000000e+00
2.314925797687455145e+01,0.000000000000000000e+00
2.638936093822148621e+01,0.000000000000000000e+00
2.548714656667929290e+01,0.000000000000000000e+00
2.674231443125602681e+01,0.000000000000000000e+00
2.943251021026751246e+01,0.000000000000000000e+00
2.558667676318829010e+01,0.000000000000000000e+00
2.771891290451346634e+01,0.000000000000000000e+00
2.626215401767180069e+01,0.000000000000000000e+00
2.502707595981775412e+01,0.000000000000000000e+00
2.472449325123890773e+01,0.000000000000000000e+00
2.639914174040157491e+01,0.000000000000000000e+00
2.520742431597281552e+01,0.000000000000000000e+00
2.340158918585538572e+01,0.000000000000000000e+00
2.137787236576143357e+01,0.000000000000000000e+00
2.833709710715847052e+01,0.000000000000000000e+00
2.524402618620771577e+01,0.000000000000000000e+00
2.296053300174003553e+01,0.000000000000000000e+00
2.357861309917135273e+01,0.000000000000000000e+00
2.552900340485917141e+01,0.000000000000000000e+00
2.434090630059015581e+01,0.000000000000000000e+00
2.524268050573482469e+01,0.000000000000000000e+00
2.890908368602981326e+01,0.000000000000000000e+00
2.159449700124098825e+01,0.000000000000000000e+00
2.550739403289254525e+01,0.000000000000000000e+00
2.444200962760012175e+01,0.000000000000000000e+00
2.385198214359414237e+01,0.000000000000000000e+00
2.388700732945424221e+01,0.000000000000000000e+00
2.259947829174125289e+01,0.000000000000000000e+00
2.668283053650003467e+01,0.000000000000000000e+00
2.226553425605408165e+01,0.000000000000000000e+00
2.106470906116325281e+01,0.000000000000000000e+00
2.565925716587879890e+01,0.000000000000000000e+00
2.155531886285709220e+01,0.000000000000000000e+00
2.168677217968158288e+01,0.000000000000000000e+00
2.424598425749634600e+01,0.000000000000000000e+00
2.041020340993510374e+01,0.000000000000000000e+00
2.881761765963069166e+01,0.000000000000000000e+00
2.808339122338664140e+01,0.000000000000000000e+00
2.214669454947030047e+01,0.000000000000000000e+00
2.636652588769405625e+01,0.000000000000000000e+00
2.421037618213948051e+01,0.000000000000000000e+00
1.987003519748739677e+01,0.000000000000000000e+00
2.224783040557890246e+01,0.000000000000000000e+00
2.791656955260302553e+01,0.000000000000000000e+00
2.362373298809833599e+01,0.000000000000000000e+00
2.494619762156315801e+01,0.000000000000000000e+00
1.969400043248683474e+01,0.000000000000000000e+00
2.600384110080075928e+01,0.000000000000000000e+00
2.043254949353698180e+01,0.000000000000000000e+00
2.144628566445364015e+01,0.000000000000000000e+00
2.252780416622678317e+01,0.000000000000000000e+00
2.440780103681851898e+01,0.000000000000000000e+00
2.538801277962787850e+01,0.000000000000000000e+00
2.129044249989749105e+01,0.000000000000000000e+00
2.238608644029654116e+01,0.000000000000000000e+00
2.736470799320471059e+01,0.000000000000000000e+00
2.220844527958758619e+01,0.000000000000000000e+00
2.525087218539012923e+01,0.000000000000000000e+00
2.005736790167740935e+01,0.000000000000000000e+00
2.805400667834229012e+01,0.000000000000000000e+00
2.203357388173282416e+01,0.000000000000000000e+00
2.400268697359619807e+01,0.000000000000000000e+00
2.518465224272955183e+01,0.000000000000000000e+00
2.541931226559389145e+01,0.000000000000000000e+00
2.622270170941656886e+01,0.000000000000000000e+00
2.315747165926579498e+01,0.000000000000000000e+00
2.113897917512750624e+01,0.000000000000000000e+00
2.116990149939091381e+01,0.000000000000000000e+00
2.205849983000098646e+01,0.000000000000000000e+00
2.065353975915317974e+01,0.000000000000000000e+00
1.848847207923778058e+01,0.000000000000000000e+00
2.437328052920270238e+01,0.000000000000000000e+00
2.379164524468812658e+01,0.000000000000000000e+00
1.888291077915287985e+01,0.000000000000000000e+00
2.005477603609514858e+01,0.000000000000000000e+00
2.684504888851605031e+01,0.000000000000000000e+00
1.947622647947999397e+01,0.000000000000000000e+00
2.262723189199384066e+01,0.000000000000000000e+00
2.381744395136350079e+01,0.000000000000000000e+00
2.307302066395764228e+01,0.000000000000000000e+00
2.405604587700929287e+01,0.000000000000000000e+00
2.203439221294216566e+01,0.000000000000000000e+00
1.807036423194833219e+01,0.000000000000000000e+00
2.311315947724493469e+01,0.000000000000000000e+00
1.956853452770897661e+01,0.000000000000000000e+00
1.941796411840824277e+01,0.000000000000000000e+00
2.075976170002090271e+01,0.000000000000000000e+00
2.240321657903005814e+01,0.000000000000000000e+00
2.390078768603706294e+01,0.000000000000000000e+00
2.032394051452373773e+01,0.000000000000000000e+00
2.443866312494059656e+01,0.000000000000000000e+00
2.538058368454888125e+01,0.000000000000000000e+00
2.134651048335281232e+01,0.000000000000000000e+00
2.310030224780380692e+01,0.000000000000000000e+00
2.155299186109195730e+01,0.000000000000000000e+00
2.210201384196980001e+01,0.000000000000000000e+00
2.202616976741958510e+01,0.000000000000000000e+00
2.144404690685968617e+01,0.000000000000000000e+00
2.247697356565368310e+01,0.000000000000000000e+00
2.465612993384198148e+01,0.000000000000000000e+00
2.216584843084777035e+01,0.000000000000000000e+00
2.299520767871159777e+01,0.000000000000000000e+00
2.349103821003694748e+01,0.000000000000000000e+00
2.455788840292902364e+01,0.000000000000000000e+00
1.875276063534366600e+01,0.000000000000000000e+00
2.196702183753065896e+01,0.000000000000000000e+00
2.014671327484415642e+01,0.000000000000000000e+00
2.127094815573699194e+01,0.000000000000000000e+00
2.219381087221319859e+01,0.000000000000000000e+00
2.330889557155901670e+01,0.000000000000000000e+00
2.304929060652174044e+01,0.000000000000000000e+00
2.138842781138653493e+01,0.000000000000000000e+00
2.231720236551852921e+01,0.000000000000000000e+00
2.264071212167555913e+01,0.000000000000000000e+00
1.930859149377337047e+01,0.000000000000000000e+00
2.161201832179188997e+01,0.000000000000000000e+00
2.199203065787800071e+01,0.000000000000000000e+00
2.025122183233767359e+01,0.000000000000000000e+00
2.139589877145002461e+01,0.000000000000000000e+00
2.151603910249741247e+01,0.000000000000000000e+00
2.268052391664342693e+01,0.000000000000000000e+00
2.159728507537737485e+01,0.000000000000000000e+00
2.298420800654104568e+01,0.000000000000000000e+00
2.448646627079153504e+01,0.000000000000000000e+00
2.135586928098255299e+01,0.000000000000000000e+00
2.146334049125338339e+01,0.000000000000000000e+00
2.069782416233039157e+01,0.000000000000000000e+00
2.071604706671158880e+01,0.000000000000000000e+00
2.479331072443336126e+01,0.000000000000000000e+00
1.944648028380285609e+01,0.000000000000000000e+00
1.998021539272358638e+01,0.000000000000000000e+00
2.241716902744133932e+01,0.000000000000000000e+00
1.936076175607032823e+01,0.000000000000000000e+00
2.351265060751692459e+01,0.000000000000000000e+00
1.932341747363793871e+01,0.000000000000000000e+00
1.875684239333828884e+01,0.000000000000000000e+00
2.194119534155870355e+01,0.000000000000000000e+00
2.125404110902636035e+01,0.000000000000000000e+00
2.045513763415005570e+01,0.000000000000000000e+00
1.918005590482805545e+01,0.000000000000000000e+00
2.010559963305699327e+01,0.000000000000000000e+00
2.133265834308816977e+01,0.000000000000000000e+00
2.149190389718476268e+01,0.000000000000000000e+00
2.340653244984875769e+01,0.000000000000000000e+00
2.146483777156570838e+01,0.000000000000000000e+00
2.107841537117617747e+01,0.000000000000000000e+00
2.195871097448609888e+01,0.000000000000000000e+00
2.140034034742010505e+01,0.000000000000000000e+00
2.246040065813271625e+01,0.000000000000000000e+00
1.933529113271544730e+01,0.000000000000000000e+00
2.180926939644199791e+01,0.000000000000000000e+00
2.411647263197286506e+01,0.000000000000000000e+00
1.991991999308285344e+01,0.000000000000000000e+00
2.239866592705356751e+01,0.000000000000000000e+00
1.787906274061360534e+01,0.000000000000000000e+00
2.141789564191716266e+01,0.000000000000000000e+00
1.697487591906507376e+01,0.000000000000000000e+00
1.917831765963223134e+01,0.000000000000000000e+00
1.916928228487664043e+01,0.000000000000000000e+00
2.182701188310443641e+01,0.000000000000000000e+00
1.690949730092070169e+01,0.000000000000000000e+00
1.995406163846477554e+01,0.000000000000000000e+00
1.937204205924653166e+01,0.000000000000000000e+00
1.880782897214098526e+01,0.000000000000000000e+00
1.761943731549645165e+01,0.000000000000000000e+00
2.082481799718742366e+01,0.000000000000000000e+00
1.999282440306258835e+01,0.000000000000000000e+00
2.054353438627716599e+01,0.000000000000000000e+00
1.902828044668834906e+01,0.000000000000000000e+00
2.311501492919265388e+01,0.000000000000000000e+00
1.933699925332038916e+01,0.000000000000000000e+00
1.944106826687798772e+01,0.000000000000000000e+00
2.222149116300467853e+01,0.000000000000000000e+00
2.238615575710197803e+01,0.000000000000000000e+00
1.827095560097534488e+01,0.000000000000000000e+00
1.981730393756856756e+01,0.000000000000000000e+00
2.031846606637494190e+01,0.000000000000000000e+00
2.160198943439961639e+01,0.000000000000000000e+00
1.987698149825051885e+01,0.000000000000000000e+00
1.710331794681963302e+01,0.000000000000000000e+00
1.769580296252836504e+01,0.000000000000000000e+00
1.809664167787118672e+01,0.000000000000000000e+00
2.252853336824119879e+01,0.000000000000000000e+00
1.952722226489556689e+01,0.000000000000000000e+00
2.006036452941152959e+01,0.000000000000000000e+00
1.711429583680517652e+01,0.000000000000000000e+00
1.712446782073068619e+01,0.000000000000000000e+00
1.917779882407727854e+01,0.000000000000000000e+00
1.751203729581741797e+01,0.000000000000000000e+00
2.563285965475096617e+01,0.000000000000000000e+00
1.922386132419011773e+01,0.000000000000000000e+00
2.010797651148623189e+01,0.000000000000000000e+00
2.309661649088230462e+01,0.000000000000000000e+00
2.067817708407425670e+01,0.000000000000000000e+00
2.021020785880740078e+01,0.000000000000000000e+00
2.097002555112184297e+01,0.000000000000000000e+00
1.897056312799944422e+01,0.000000000000000000e+00
1.994829798287506151e+01,0.000000000000000000e+00
1.704876382301139870e+01,0.000000000000000000e+00
2.027753684941826151e+01,0.000000000000000000e+00
2.041445631207360378e+01,0.000000000000000000e+00
1.740480669007005687e+01,0.000000000000000000e+00
2.360950653218750261e+01,0.000000000000000000e+00
2.135887672495710277e+01,0.000000000000000000e+00
2.162886073247953789e+01,0.000000000000000000e+00
1.877761514927436792e+01,0.000000000000000000e+00
2.318136368160509164e+01,0.000000000000000000e+00
2.086382346425834911e+01,0.000000000000000000e+00
2.208024961633788052e+01,0.000000000000000000e+00
1.863096837394354566e+01,0.000000000000000000e+00
2.282097250574563674e+01,0.000000000000000000e+00
2.175052898501247611e+01,0.000000000000000000e+00
2.026182605277970694e+01,0.000000000000000000e+00
2.396132051144216035e+01,0.000000000000000000e+00
1.958966589440122874e+01,0.000000000000000000e+00
1.773017012516942614e+01,0.000000000000000000e+00
1.897547510006779348e+01,0.000000000000000000e+00
2.258263866686086629e+01,0.000000000000000000e+00
1.681618974291893309e+01,0.000000000000000000e+00
1.765237301614101284e+01,0.000000000000000000e+00
1.957296413356978704e+01,0.000000000000000000e+00
1.857385887208983277e+01,0.000000000000000000e+00
1.996862126323375719e+01,0.000000000000000000e+00
1.535384132513450162e+01,0.000000000000000000e+00
2.211250542477692704e+01,0.000000000000000000e+00
2.091866134462052429e+01,0.000000000000000000e+00
2.060726531961199370e+01,0.000000000000000000e+00
2.203851628096421322e+01,0.000000000000000000e+00
1.885570394621622370e+01,0.000000000000000000e+00
1.828093306215478364e+01,0.000000000000000000e+00
2.080209278140098661e+01,0.000000000000000000e+00
1.771051404514275163e+01,0.000000000000000000e+00
1.892981103206926363e+01,0.000000000000000000e+00
2.352466000395952506e+01,0.000000000000000000e+00
1.899508022780887728e+01,0.000000000000000000e+00
1.813851679026635111e+01,0.000000000000000000e+00
1.900176723058977046e+01,0.000000000000000000e+00
1.512123255649757247e+01,0.000000000000000000e+00
1.934225491465990743e+01,0.000000000000000000e+00
1.835451421367740110e+01,0.000000000000000000e+00
2.001501388720730645e+01,0.000000000000000000e+00
1.837370348164560241e+01,0.000000000000000000e+00
1.938962241007278919e+01,0.000000000000000000e+00
1.785706243053354925e+01,0.000000000000000000e+00
1.902861149077567759e+01,0.000000000000000000e+00
2.111052668811151989e+01,0.000000000000000000e+00
1.893321779854531783e+01,0.000000000000000000e+00
2.284072192364151022e+01,0.000000000000000000e+00
2.252823864794438435e+01,0.000000000000000000e+00
1.954887237309016612e+01,0.000000000000000000e+00
2.020715318935831206e+01,0.000000000000000000e+00
2.090768923776843735e+01,0.000000000000000000e+00
1.436068928551169321e+01,0.000000000000000000e+00
1.766209405328706339e+01,0.000000000000000000e+00
1.905818805892092627e+01,0.000000000000000000e+00
2.413458135976956953e+01,0.000000000000000000e+00
2.366250072722993636e+01,0.000000000000000000e+00
1.834392687377730979e+01,0.000000000000000000e+00
1.823040529419203182e+01,0.000000000000000000e+00
1.912611823040682069e+01,0.000000000000000000e+00
1.922633505236705886e+01,0.000000000000000000e+00
2.202604207576257878e+01,0.000000000000000000e+00
2.167948943350959823e+01,0.000000000000000000e+00
2.128450052266369141e+01,0.000000000000000000e+00
1.775418319290985636e+01,0.000000000000000000e+00
1.927399111083678918e+01,0.000000000000000000e+00
1.859822756165743129e+01,0.000000000000000000e+00
2.376900486011800595e+01,0.000000000000000000e+00
2.028629536856191606e+01,0.000000000000000000e+00
2.001212754436726371e+01,0.000000000000000000e+00
1.577917650599714250e+01,0.000000000000000000e+00
1.959081239033993072e+01,0.000000000000000000e+00
1.895997461137193696e+01,0.000000000000000000e+00
2.123961146828159841e+01,0.000000000000000000e+00
2.192873878439157309e+01,0.000000000000000000e+00
1.838277181712039265e+01,0.000000000000000000e+00
1.863320823846230212e+01,0.000000000000000000e+00
1.481945224902803915e+01,0.000000000000000000e+00
2.077780636825055183e+01,0.000000000000000000e+00
2.213801875163969157e+01,0.000000000000000000e+00
1.854215602338464919e+01,0.000000000000000000e+00
2.126066797498734928e+01,0.000000000000000000e+00
1.851646915736490229e+01,0.000000000000000000e+00
1.800914816834612608e+01,0.000000000000000000e+00
1.587393769042779468e+01,0.000000000000000000e+00
2.109769232893145841e+01,0.000000000000000000e+00
2.226078079994861980e+01,0.000000000000000000e+00
1.749589123989670725e+01,0.000000000000000000e+00
1.952618991469995535e+01,0.000000000000000000e+00
1.852110157266567825e+01,0.000000000000000000e+00
1.720185010255015357e+01,0.000000000000000000e+00
2.072894571339795533e+01,0.000000000000000000e+00
1.940054109880560773e+01,0.000000000000000000e+00
1.914445782639882410e+01,0.000000000000000000e+00
2.102597123322673056e+01,0.000000000000000000e+00
2.027694748479376941e+01,0.000000000000000000e+00
2.101749672578187855e+01,0.000000000000000000e+00
1.951495327549233494e+01,0.000000000000000000e+00
1.924409405951147889e+01,0.000000000000000000e+00
2.315664895401437917e+01,0.000000000000000000e+00
1.960096208806523421e+01,0.000000000000000000e+00
2.253571362240847620e+01,0.000000000000000000e+00
1.721856271125545845e+01,0.000000000000000000e+00
2.257938740633138863e+01,0.000000000000000000e+00
2.414892194841440087e+01,0.000000000000000000e+00
2.000869575477062412e+01,0.000000000000000000e+00
1.806091078594690913e+01,0.000000000000000000e+00
1.758122285534698648e+01,0.000000000000000000e+00
2.129658805452021753e+01,0.000000000000000000e+00
1.812459578555789008e+01,0.000000000000000000e+00
2.633165933821623739e+01,0.000000000000000000e+00
2.212704377132689970e+01,0.000000000000000000e+00
1.857206884734165087e+01,0.000000000000000000e+00
2.175325719825845638e+01,0.000000000000000000e+00
2.089883894978993695e+01,0.000000000000000000e+00
2.327031431815888851e+01,0.000000000000000000e+00
1.923933846890946953e+01,0.000000000000000000e+00
2.249182001367654848e+01,0.000000000000000000e+00
2.243049859704322913e+01,0.000000000000000000e+00
2.070659537036286935e+01,0.000000000000000000e+00
2.007088289421969662e+01,0.000000000000000000e+00
1.940435825723519159e+01,0.000000000000000000e+00
2.006372285449954163e+01,0.000000000000000000e+00
1.807254041436325664e+01,0.000000000000000000e+00
2.055619297302549597e+01,0.000000000000000000e+00
1.905533018905501663e+01,0.000000000000000000e+00
2.246046526297366697e+01,0.000000000000000000e+00
1.881615128360155254e+01,0.000000000000000000e+00
1.975905125580325006e+01,0.000000000000000000e+00
2.243381452989868308e+01,0.000000000000000000e+00
1.936774696848004496e+01,0.000000000000000000e+00
2.087004440605771194e+01,0.000000000000000000e+00
2.159793262533058211e+01,0.000000000000000000e+00
2.170941427128423484e+01,0.000000000000000000e+00
2.335175741911283964e+01,0.000000000000000000e+00
1.705492690728517857e+01,0.000000000000000000e+00
2.164752837551563758e+01,0.000000000000000000e+00
1.910172104192465881e+01,0.000000000000000000e+00
2.168233623793098275e+01,0.000000000000000000e+00
2.287699273423759649e+01,0.000000000000000000e+00
1.962266363304610550e+01,0.000000000000000000e+00
2.432577638366576878e+01,0.000000000000000000e+00
2.100894236114803704e+01,0.000000000000000000e+00
2.471839556684422234e+01,0.000000000000000000e+00
2.276345883123228120e+01,0.000000000000000000e+00
2.153281204367942081e+01,0.000000000000000000e+00
2.179133373251185191e+01,0.000000000000000000e+00
2.209815554055904130e+01,0.000000000000000000e+00
2.317348015458706101e+01,0.000000000000000000e+00
2.123170551471307022e+01,0.000000000000000000e+00
1.976130278914590477e+01,0.000000000000000000e+00
2.194738447922264157e+01,0.000000000000000000e+00
2.539780039402453582e+01,0.000000000000000000e+00
1.913455392146530087e+01,0.000000000000000000e+00
1.991303502336601383e+01,0.000000000000000000e+00
2.266361091853836029e+01,0.000000000000000000e+00
2.069101079507814589e+01,0.000000000000000000e+00
2.090790337174997759e+01,0.000000000000000000e+00
1.868769558444135015e+01,0.000000000000000000e+00
2.019755861320323831e+01,0.000000000000000000e+00
2.164513181560517907e+01,0.000000000000000000e+00
2.446771224029099656e+01,0.000000000000000000e+00
2.377158206900200810e+01,0.000000000000000000e+00
2.306768517063259338e+01,0.000000000000000000e+00
1.998108835933701499e+01,0.000000000000000000e+00
1.914459899885770255e+01,0.000000000000000000e+00
2.041140304014381712e+01,0.000000000000000000e+00
2.377172965248303882e+01,0.000000000000000000e+00
2.474062631860677897e+01,0.000000000000000000e+00
2.472798771298098686e+01,0.000000000000000000e+00
2.340761493437746665e+01,0.000000000000000000e+00
2.382086128212703713e+01,0.000000000000000000e+00
2.118983294240003445e+01,0.000000000000000000e+00
2.226759325135691370e+01,0.000000000000000000e+00
2.452281953246821544e+01,0.000000000000000000e+00
2.146761957133295340e+01,0.000000000000000000e+00
2.102398809807530711e+01,0.000000000000000000e+00
2.030546785144900568e+01,0.000000000000000000e+00
1.986326740114309430e+01,0.000000000000000000e+00
2.388086938527923664e+01,0.000000000000000000e+00
2.407008902833316455e+01,0.000000000000000000e+00
2.180688826421487647e+01,0.000000000000000000e+00
2.324716004820431081e+01,0.000000000000000000e+00
1.882222857114344805e+01,0.000000000000000000e+00
2.253535449493883647e+01,0.000000000000000000e+00
2.027587112481469944e+01,0.000000000000000000e+00
2.465446205873435304e+01,0.000000000000000000e+00
2.322980258471702442e+01,0.000000000000000000e+00
2.198740789544847374e+01,0.000000000000000000e+00
2.274716525345449369e+01,0.000000000000000000e+00
2.387351270431183892e+01,0.000000000000000000e+00
2.355142497324721873e+01,0.000000000000000000e+00
2.249673308307668051e+01,0.000000000000000000e+00
2.253196102004765677e+01,0.000000000000000000e+00
2.198303823611587404e+01,0.000000000000000000e+00
2.569721783147515737e+01,0.000000000000000000e+00
2.330401465142334061e+01,0.000000000000000000e+00
2.336282347726869091e+01,0.000000000000000000e+00
2.403868417634612697e+01,0.000000000000000000e+00
2.028206165544505879e+01,0.000000000000000000e+00
2.238960960193157135e+01,0.000000000000000000e+00
2.554871248764541036e+01,0.000000000000000000e+00
2.534064045034421042e+01,0.000000000000000000e+00
2.476029174313380210e+01,0.000000000000000000e+00
2.110895758051462323e+01,0.000000000000000000e+00
2.417918597327452801e+01,0.000000000000000000e+00
2.165076936588546985e+01,0.000000000000000000e+00
2.186199946303359098e+01,0.000000000000000000e+00
1.944179367945356063e+01,0.000000000000000000e+00
2.121911181147848069e+01,0.000000000000000000e+00
2.511861492376493388e+01,0.000000000000000000e+00
1.803726606360380202e+01,0.000000000000000000e+00
1.992527418907035397e+01,0.000000000000000000e+00
2.318846070225489342e+01,0.000000000000000000e+00
2.235112005000519275e+01,0.000000000000000000e+00
2.521136958928878258e+01,0.000000000000000000e+00
2.337680662860758218e+01,0.000000000000000000e+00
2.060920028351701916e+01,0.000000000000000000e+00
2.250595083159444343e+01,0.000000000000000000e+00
2.623925406035965580e+01,0.000000000000000000e+00
2.163138860611294945e+01,0.000000000000000000e+00
2.307675303244161213e+01,0.000000000000000000e+00
2.595289517662050116e+01,0.000000000000000000e+00
2.204203177986301299e+01,0.000000000000000000e+00
2.415724013617721866e+01,0.000000000000000000e+00
2.567962504858611794e+01,0.000000000000000000e+00
2.283925621055835009e+01,0.000000000000000000e+00
2.501275775536714008e+01,0.000000000000000000e+00
2.516569520165831264e+01,0.000000000000000000e+00
2.167009715037898943e+01,0.000000000000000000e+00
2.589255274212893809e+01,0.000000000000000000e+00
2.656200359906855368e+01,0.000000000000000000e+00
2.106701031521371803e+01,0.000000000000000000e+00
2.114857363384674827e+01,0.000000000000000000e+00
2.812617356605202801e+01,0.000000000000000000e+00
2.761848580282519094e+01,0.000000000000000000e+00
2.351603191927898351e+01,0.000000000000000000e+00
2.386127519710063538e+01,0.000000000000000000e+00
2.654573804587105457e+01,0.000000000000000000e+00
2.235266838614240115e+01,0.000000000000000000e+00
2.481477754316491158e+01,0.000000000000000000e+00
2.494311927485177094e+01,0.000000000000000000e+00
2.279549647268884627e+01,0.000000000000000000e+00
2.450223372690242485e+01,0.000000000000000000e+00
2.576020049942745160e+01,0.000000000000000000e+00
2.510644345124061161e+01,0.000000000000000000e+00
2.622590052943307626e+01,0.000000000000000000e+00
2.205542598382430697e+01,0.000000000000000000e+00
2.182066764204773435e+01,0.000000000000000000e+00
2.418054645652156509e+01,0.000000000000000000e+00
2.131968399454983398e+01,0.000000000000000000e+00
2.718087387618775352e+01,0.000000000000000000e+00
2.451409310970234756e+01,0.000000000000000000e+00
2.384647133561665555e+01,0.000000000000000000e+00
2.612111109600821734e+01,0.000000000000000000e+00
2.629363989258438750e+01,0.000000000000000000e+00
2.506650918643627080e+01,0.000000000000000000e+00
2.346121605672245991e+01,0.000000000000000000e+00
2.435385003779575896e+01,0.000000000000000000e+00
2.615571365793827852e+01,0.000000000000000000e+00
2.206062614377788478e+01,0.000000000000000000e+00
2.966099423955422054e+01,0.000000000000000000e+00
2.355097042812109365e+01,0.000000000000000000e+00
2.339491669567556187e+01,0.000000000000000000e+00
2.289151978869849557e+01,0.000000000000000000e+00
2.703039724386226794e+01,0.000000000000000000e+00
2.849452782852511135e+01,0.000000000000000000e+00
2.682769588413146877e+01,0.000000000000000000e+00
2.481929468153882112e+01,0.000000000000000000e+00
2.699339847294897154e+01,0.000000000000000000e+00
2.430378441547673773e+01,0.000000000000000000e+00
2.460341730187780485e+01,0.000000000000000000e+00
2.435489201940752935e+01,0.000000000000000000e+00
2.590168297664128616e+01,0.000000000000000000e+00
2.657619500764267073e+01,0.000000000000000000e+00
2.391554575550557615e+01,0.000000000000000000e+00
2.727455561517309590e+01,0.000000000000000000e+00
2.509092226313889640e+01,0.000000000000000000e+00
2.526695534446101377e+01,0.000000000000000000e+00
2.860761353998591972e+01,0.000000000000000000e+00
2.830225553628268287e+01,0.000000000000000000e+00
2.595011277790434079e+01,0.000000000000000000e+00
2.662762514316046847e+01,0.000000000000000000e+00
2.609873053836133039e+01,0.000000000000000000e+00
2.862369890032590902e+01,0.000000000000000000e+00
2.809956776836333958e+01,0.000000000000000000e+00
2.605811218704788246e+01,0.000000000000000000e+00
2.966833093831845147e+01,0.000000000000000000e+00
2.581267936768512428e+01,0.000000000000000000e+00
2.900614613270902353e+01,0.000000000000000000e+00
2.975898027561131798e+01,0.000000000000000000e+00
2.963127252757427499e+01,0.000000000000000000e+00
2.516455950396778363e+01,0.000000000000000000e+00
2.959116843726442170e+01,0.000000000000000000e+00
2.770528089735891086e+01,0.000000000000000000e+00
2.881915986546179553e+01,0.000000000000000000e+00
2.718256546069418178e+01,0.000000000000000000e+00
2.935020815108527614e+01,0.000000000000000000e+00
2.755043990374581142e+01,0.000000000000000000e+00
3.176822630299618666e+01,0.000000000000000000e+00
3.032506830229508310e+01,0.000000000000000000e+00
2.784862193988834989e+01,0.000000000000000000e+00
2.712176471111288834e+01,0.000000000000000000e+00
2.644305432765932906e+01,0.000000000000000000e+00
2.656949250207019730e+01,0.000000000000000000e+00
3.137443715286665835e+01,0.000000000000000000e+00
2.607215669764696386e+01,0.000000000000000000e+00
2.706975481167106068e+01,0.000000000000000000e+00
2.730021840506088893e+01,0.000000000000000000e+00
2.164704037966397365e+01,0.000000000000000000e+00
2.781776777084751018e+01,0.000000000000000000e+00
3.093335099150873901e+01,0.000000000000000000e+00
2.539831099836582240e+01,0.000000000000000000e+00
2.710755118511124451e+01,0.000000000000000000e+00
3.010981346958792670e+01,0.000000000000000000e+00
2.790218437194112155e+01,0.000000000000000000e+00
2.975895106423405068e+01,0.000000000000000000e+00
3.123306021379602981e+01,0.000000000000000000e+00
3.156111620794263928e+01,0.000000000000000000e+00
2.649517013000292209e+01,0.000000000000000000e+00
2.916832319591185652e+01,0.000000000000000000e+00
2.933828615111845650e+01,0.000000000000000000e+00
2.636605513899689512e+01,0.000000000000000000e+00
2.904436474824364822e+01,0.000000000000000000e+00
2.725402278816035917e+01,0.000000000000000000e+00
3.122047819343426767e+01,0.000000000000000000e+00
2.916736267725016063e+01,0.000000000000000000e+00
3.190363762417791094e+01,0.000000000000000000e+00
2.625704026678229042e+01,0.000000000000000000e+00
2.851275875183949182e+01,0.000000000000000000e+00
2.946918710112169038e+01,0.000000000000000000e+00
2.683406195509112280e+01,0.000000000000000000e+00
2.935224282287967768e+01,0.000000000000000000e+00
3.051177485308821957e+01,0.000000000000000000e+00
3.122209098108140779e+01,0.000000000000000000e+00
3.046240902587538102e+01,0.000000000000000000e+00
3.149708366915322699e+01,0.000000000000000000e+00
2.880509486700621480e+01,0.000000000000000000e+00
2.958113316966013073e+01,0.000000000000000000e+00
3.109520479638308643e+01,0.000000000000000000e+00
2.994522296842067632e+01,0.000000000000000000e+00
3.254076744108702002e+01,0.000000000000000000e+00
2.937399503718706129e+01,0.000000000000000000e+00
2.877138107504202580e+01,0.000000000000000000e+00
3.082523527930777973e+01,0.000000000000000000e+00
3.105248060533101295e+01,0.000000000000000000e+00
3.163846100462829725e+01,0.000000000000000000e+00
2.837122527834231178e+01,0.000000000000000000e+00
3.189100579972475202e+01,0.000000000000000000e+00
2.710631374379233449e+01,0.000000000000000000e+00
3.131810317426123191e+01,0.000000000000000000e+00
2.921455095821679393e+01,0.000000000000000000e+00
3.014946780927613901e+01,0.000000000000000000e+00
3.361491399671828617e+01,0.000000000000000000e+00
2.663213610753911809e+01,0.000000000000000000e+00
2.939075560256698338e+01,0.000000000000000000e+00
3.174531345152276529e+01,0.000000000000000000e+00
3.169582980623246016e+01,0.000000000000000000e+00
3.010577420271254567e+01,0.000000000000000000e+00
3.182679665463671981e+01,0.000000000000000000e+00
3.464110941033249702e+01,0.000000000000000000e+00
3.051012903235816154e+01,0.000000000000000000e+00
3.323052006220172672e+01,0.000000000000000000e+00
3.510664979744422709e+01,0.000000000000000000e+00
3.185070865167016763e+01,0.000000000000000000e+00
3.306727670565240373e+01,0.000000000000000000e+00
2.843738911857418472e+01,0.000000000000000000e+00
3.142794569726028087e+01,0.000000000000000000e+00
3.407149799085600961e+01,0.000000000000000000e+00
3.232893654234260339e+01,0.000000000000000000e+00
3.208852886323841602e+01,0.000000000000000000e+00
3.298293969911293999e+01,0.000000000000000000e+00
3.470351964402829026e+01,0.000000000000000000e+00
3.287670749191384090e+01,0.000000000000000000e+00
3.168094693652807337e+01,0.000000000000000000e+00
3.323849468134517338e+01,0.000000000000000000e+00
3.138051014955115647e+01,0.000000000000000000e+00
3.539977844901835624e+01,0.000000000000000000e+00
3.233642492246725908e+01,0.000000000000000000e+00
2.912014751557310532e+01,0.000000000000000000e+00
3.187471907140194460e+01,0.000000000000000000e+00
3.385328263479065214e+01,0.000000000000000000e+00
3.465170463048439586e+01,0.000000000000000000e+00
3.444380155554360101e+01,0.000000000000000000e+00
3.111725613717318240e+01,0.000000000000000000e+00
3.216763715057612671e+01,0.000000000000000000e+00
2.947440596798967150e+01,0.000000000000000000e+00
3.277568547653831388e+01,0.000000000000000000e+00
3.113044459404249054e+01,0.000000000000000000e+00
2.960999439804052003e+01,0.000000000000000000e+00
3.421396544214843516e+01,0.000000000000000000e+00
3.109255346837408496e+01,0.000000000000000000e+00
3.544158789546533939e+01,0.000000000000000000e+00
2.960807192197561477e+01,0.000000000000000000e+00
2.908576261192155599e+01,0.000000000000000000e+00
3.487879101744686494e+01,0.000000000000000000e+00
3.471230613960189260e+01,0.000000000000000000e+00
3.491987389956953791e+01,0.000000000000000000e+00
3.404202397847824102e+01,0.000000000000000000e+00
3.505136392180346405e+01,0.000000000000000000e+00
3.339624221583553521e+01,0.000000000000000000e+00
3.080770771953261189e+01,0.000000000000000000e+00
3.181501057873136418e+01,0.000000000000000000e+00
3.391864968177740991e+01,0.000000000000000000e+00
3.478428792412645265e+01,0.000000000000000000e+00
3.574775563498288733e+01,0.000000000000000000e+00
3.019167486188444016e+01,0.000000000000000000e+00
3.291740657399131464e+01,0.000000000000000000e+00
3.473776267852730371e+01,0.000000000000000000e+00
3.421358566187017658e+01,0.000000000000000000e+00
3.249382824449030238e+01,0.000000000000000000e+00
3.145624264968948935e+01,0.000000000000000000e+00
3.249260291894715635e+01,0.000000000000000000e+00
3.647714204031407803e+01,0.000000000000000000e+00
3.833377491515621216e+01,0.000000000000000000e+00
3.363829988578728347e+01,0.000000000000000000e+00
3.671646881826960396e+01,0.000000000000000000e+00
3.672313252302999587e+01,0.000000000000000000e+00
3.750169679663923716e+01,0.000000000000000000e+00
3.522275037460558877e+01,0.000000000000000000e+00
3.558433147473397895e+01,0.000000000000000000e+00
3.460633815788096257e+01,0.000000000000000000e+00
3.476496889330264395e+01,0.000000000000000000e+00
3.577714054047092418e+01,0.000000000000000000e+00
3.380160665972137934e+01,0.000000000000000000e+00
3.544163694769294892e+01,0.000000000000000000e+00
3.639878896652317763e+01,0.000000000000000000e+00
3.631999145630619097e+01,0.000000000000000000e+00
4.003356108310352113e+01,0.000000000000000000e+00
3.527727687839978188e+01,0.000000000000000000e+00
3.408349184169642854e+01,0.000000000000000000e+00
3.775248371570663863e+01,0.000000000000000000e+00
3.692246220286337888e+01,0.000000000000000000e+00
3.547472427727419131e+01,0.000000000000000000e+00
3.690007871993593369e+01,0.000000000000000000e+00
3.531043560989761687e+01,0.000000000000000000e+00
3.709956575143944235e+01,0.000000000000000000e+00
3.723601882086762771e+01,0.000000000000000000e+00
4.033862348832857947e+01,0.000000000000000000e+00
3.480357079126512332e+01,0.000000000000000000e+00
3.661563086145042689e+01,0.000000000000000000e+00
3.661156351260159880e+01,0.000000000000000000e+00
3.542414290275534228e+01,0.000000000000000000e+00
4.061299672557714047e+01,0.000000000000000000e+00
3.830045188458625915e+01,0.000000000000000000e+00
3.766323482554214053e+01,0.000000000000000000e+00
3.727370683353737491e+01,0.000000000000000000e+00
3.294365647839628508e+01,0.000000000000000000e+00
3.745521655801627503e+01,0.000000000000000000e+00
3.714756106652935586e+01,0.000000000000000000e+00
3.590997823555682800e+01,0.000000000000000000e+00
3.714761929494135728e+01,0.000000000000000000e+00
3.463025500235399790e+01,0.000000000000000000e+00
3.953884732698472249e+01,0.000000000000000000e+00
4.207452510681564206e+01,0.000000000000000000e+00
3.692873937393216011e+01,0.000000000000000000e+00
3.789625768117275584e+01,0.000000000000000000e+00
3.632691795340281260e+01,0.000000000000000000e+00
3.689729399134918708e+01,0.000000000000000000e+00
3.834762339825989130e+01,0.000000000000000000e+00
3.898467938187283721e+01,0.000000000000000000e+00
3.588205298032689683e+01,0.000000000000000000e+00
3.749731316414764137e+01,0.000000000000000000e+00
4.144517050007808479e+01,0.000000000000000000e+00
4.061126717464939162e+01,0.000000000000000000e+00
3.715948550217085256e+01,0.000000000000000000e+00
4.027391188152174806e+01,0.000000000000000000e+00
3.992457707249321430e+01,0.000000000000000000e+00
4.004114192819271523e+01,0.000000000000000000e+00
4.051813195025341940e+01,0.000000000000000000e+00
3.867444749121635539e+01,0.000000000000000000e+00
3.879770956610275334e+01,0.000000000000000000e+00
3.852772710999742856e+01,0.000000000000000000e+00
4.060617245480299431e+01,0.000000000000000000e+00
4.142543052951921823e+01,0.000000000000000000e+00
3.911827561647139362e+01,0.000000000000000000e+00
3.864733235902279063e+01,0.000000000000000000e+00
4.174484339737612970e+01,0.000000000000000000e+00
3.707088374797800867e+01,0.000000000000000000e+00
3.796255605125968913e+01,0.000000000000000000e+00
4.112849068751334869e+01,0.000000000000000000e+00
4.144842234796774250e+01,0.000000000000000000e+00
3.471403447101442907e+01,0.000000000000000000e+00
3.758661698931919659e+01,0.000000000000000000e+00
3.618993630036491993e+01,0.000000000000000000e+00
4.302848241975733856e+01,0.000000000000000000e+00
3.702079672953295386e+01,0.000000000000000000e+00
3.622649646960813641e+01,0.000000000000000000e+00
3.972929391711465996e+01,0.000000000000000000e+00
4.011291013197410393e+01,0.000000000000000000e+00
3.813840069659680410e+01,0.000000000000000000e+00
4.077565988290185572e+01,0.000000000000000000e+00
3.982110400095640301e+01,0.000000000000000000e+00
4.259150331481964713e+01,0.000000000000000000e+00
3.883306002430798287e+01,0.000000000000000000e+00
4.193122774722218793e+01,0.000000000000000000e+00
4.463263867021993292e+01,0.000000000000000000e+00
4.080954998066756900e+01,0.000000000000000000e+00
3.861709479407512902e+01,0.000000000000000000e+00
4.044818288973401366e+01,0.000000000000000000e+00
4.302490768915838260e+01,0.000000000000000000e+00
4.311899838388496420e+01,0.000000000000000000e+00
4.191119772765438967e+01,0.000000000000000000e+00
3.706858098393081491e+01,0.000000000000000000e+00
3.980665242513857294e+01,0.000000000000000000e+00
4.294948174360133919e+01,0.000000000000000000e+00
4.089005851980541451e+01,0.000000000000000000e+00
4.334566521191595001e+01,0.000000000000000000e+00
4.229849563078089858e+01,0.000000000000000000e+00
3.963181183579028755e+01,0.000000000000000000e+00
4.414527217761821021e+01,0.000000000000000000e+00
4.600855269915437873e+01,0.000000000000000000e+00
4.083882570891121588e+01,0.000000000000000000e+00
4.326735112491076762e+01,0.000000000000000000e+00
4.196027506073134816e+01,0.000000000000000000e+00
4.314270559111383818e+01,0.000000000000000000e+00
4.457953284799047822e+01,0.000000000000000000e+00
4.185104626967398644e+01,0.000000000000000000e+00
4.225077119048643226e+01,0.000000000000000000e+00
4.165623954226379766e+01,0.000000000000000000e+00
4.317696182395599180e+01,0.000000000000000000e+00
4.094740825849404331e+01,0.000000000000000000e+00
4.008410153142373389e+01,0.000000000000000000e+00
4.694360810358003278e+01,0.000000000000000000e+00
4.098473692804288504e+01,0.000000000000000000e+00
4.639467643555884990e+01,0.000000000000000000e+00
4.181814915360313023e+01,0.000000000000000000e+00
4.101394879690175799e+01,0.000000000000000000e+00
4.419626021380961589e+01,0.000000000000000000e+00
4.475654520086750665e+01,0.000000000000000000e+00
4.161519954709998359e+01,0.000000000000000000e+00
4.097366756462108128e+01,0.000000000000000000e+00
4.541115003058646238e+01,0.000000000000000000e+00
4.162521364699295390e+01,0.000000000000000000e+00
4.384567919247719914e+01,0.000000000000000000e+00
4.144722332083242122e+01,0.000000000000000000e+00
4.796713764081510334e+01,0.000000000000000000e+00
4.214835995496282095e+01,0.000000000000000000e+00
4.581303945654477872e+01,0.000000000000000000e+00
4.538466633894447000e+01,0.000000000000000000e+00
4.356953184710666704e+01,0.000000000000000000e+00
4.354974192561515167e+01,0.000000000000000000e+00
4.540605411254879442e+01,0.000000000000000000e+00
4.664671315927367345e+01,0.000000000000000000e+00
4.252716634299849829e+01,0.000000000000000000e+00
4.485487854558768106e+01,0.000000000000000000e+00
4.599376996850769928e+01,0.000000000000000000e+00
4.712572231054254246e+01,0.000000000000000000e+00
4.143144159361735035e+01,0.000000000000000000e+00
4.493065478295751092e+01,0.000000000000000000e+00
4.496634001698171801e+01,0.000000000000000000e+00
4.350096846433186926e+01,0.000000000000000000e+00
4.622911290133700390e+01,0.000000000000000000e+00
4.404244646540978181e+01,0.000000000000000000e+00
4.811577160323232505e+01,0.000000000000000000e+00
4.591885261733509793e+01,0.000000000000000000e+00
4.268027144839096110e+01,0.000000000000000000e+00
4.682107289562031127e+01,0.000000000000000000e+00
4.555996313609011850e+01,0.000000000000000000e+00
4.638915244608696042e+01,0.000000000000000000e+00
5.038424954132208455e+01,0.000000000000000000e+00
4.289381521870982539e+01,0.000000000000000000e+00
4.630410202299593436e+01,0.000000000000000000e+00
4.492954331873589524e+01,0.000000000000000000e+00
4.772494457904744536e+01,0.000000000000000000e+00
4.658038862269135194e+01,0.000000000000000000e+00
4.717361850865940909e+01,0.000000000000000000e+00
4.571127431743838088e+01,0.000000000000000000e+00
4.468853308444868588e+01,0.000000000000000000e+00
4.849167582748410155e+01,0.000000000000000000e+00
4.758937137851663124e+01,0.000000000000000000e+00
4.639386485314206254e+01,0.000000000000000000e+00
4.730973836951817901e+01,0.000000000000000000e+00
4.524479426990409081e+01,0.000000000000000000e+00
4.704795457560087613e+01,0.000000000000000000e+00
4.722028669078685681e+01,0.000000000000000000e+00
4.608089337973247268e+01,0.000000000000000000e+00
4.550852886286107690e+01,0.000000000000000000e+00
4.620796328457051061e+01,0.000000000000000000e+00
4.727109507575683978e+01,0.000000000000000000e+00
4.000623515513337480e+01,0.000000000000000000e+00
4.694557473589373586e+01,0.000000000000000000e+00
4.940889555779072140e+01,0.000000000000000000e+00
4.858954628342869597e+01,0.000000000000000000e+00
4.941305144723460074e+01,0.000000000000000000e+00
4.843777288929130265e+01,0.000000000000000000e+00
4.853009725169683719e+01,0.000000000000000000e+00
4.661256497584147240e+01,0.000000000000000000e+00
4.834009492528156215e+01,0.000000000000000000e+00
4.614291081385002968e+01,0.000000000000000000e+00
4.627039691679414801e+01,0.000000000000000000e+00
4.997988978147701289e+01,0.000000000000000000e+00
4.564462148066545666e+01,0.000000000000000000e+00
4.991217130970721172e+01,0.000000000000000000e+00
4.873762147728560024e+01,0.000000000000000000e+00
4.951220826899892558e+01,0.000000000000000000e+00
4.739674983638094119e+01,0.000000000000000000e+00
4.625229743951928185e+01,0.000000000000000000e+00
4.614516978936620006e+01,0.000000000000000000e+00
4.581119213935060230e+01,0.000000000000000000e+00
4.819607427301429681e+01,0.000000000000000000e+00
4.771286441817441215e+01,0.000000000000000000e+00
5.332562803494700887e+01,0.000000000000000000e+00
5.251154830160909626e+01,0.000000000000000000e+00
5.136355054248876684e+01,0.000000000000000000e+00
4.975108328351704756e+01,0.000000000000000000e+00
4.844101462803785552e+01,0.000000000000000000e+00
5.258708227172877514e+01,0.000000000000000000e+00
5.068850386208739423e+01,0.000000000000000000e+00
4.776712064123842083e+01,0.000000000000000000e+00
5.232982927160292519e+01,0.000000000000000000e+00
4.947122820299064472e+01,0.000000000000000000e+00
5.070390470765016744e+01,0.000000000000000000e+00
4.831458795753825797e+01,0.000000000000000000e+00
5.130692800608596826e+01,0.000000000000000000e+00
4.680980240782026414e+01,0.000000000000000000e+00
5.371815220527453505e+01,0.000000000000000000e+00
5.045546878621482989e+01,0.000000000000000000e+00
4.871128653771393857e+01,0.000000000000000000e+00
5.320056484335562175e+01,0.000000000000000000e+00
4.846235896334140136e+01,0.000000000000000000e+00
4.987920995156513726e+01,0.000000000000000000e+00
5.238056668905100821e+01,0.000000000000000000e+00
5.275257056278820045e+01,0.000000000000000000e+00
5.359020540536651112e+01,0.000000000000000000e+00
5.063672442463570889e+01,0.000000000000000000e+00
5.046304719390201399e+01,0.000000000000000000e+00
5.199741328761390946e+01,0.000000000000000000e+00
4.931566085631462215e+01,0.000000000000000000e+00
4.994548195651103839e+01,0.000000000000000000e+00
4.848795925991521472e+01,0.000000000000000000e+00
5.386977918149568012e+01,0.000000000000000000e+00
4.975088011588425019e+01,0.000000000000000000e+00
5.209721500499932745e+01,0.000000000000000000e+00
5.198143153583937703e+01,0.000000000000000000e+00
5.355396930519452070e+01,0.000000000000000000e+00
5.258308866060038866e+01,0.000000000000000000e+00
5.176144089761147882e+01,0.000000000000000000e+00
5.367130627656972308e+01,0.000000000000000000e+00
5.678264378801934242e+01,0.000000000000000000e+00
4.932715404141707438e+01,0.000000000000000000e+00
5.292873733023765936e+01,0.000000000000000000e+00
5.059264373560185390e+01,0.000000000000000000e+00
5.136443581767035482e+01,0.000000000000000000e+00
5.226287886720895415e+01,0.000000000000000000e+00
5.480168478693802570e+01,0.000000000000000000e+00
5.209915395341937483e+01,0.000000000000000000e+00
5.216737061704754552e+01,0.000000000000000000e+00
5.221896896913642649e+01,0.000000000000000000e+00
5.678438111683755096e+01,0.000000000000000000e+00
5.288861763059587418e+01,0.000000000000000000e+00
5.316779127564983298e+01,0.000000000000000000e+00
5.080791734455571174e+01,0.000000000000000000e+00
5.197677148584436679e+01,0.000000000000000000e+00
5.317050481056759281e+01,0.000000000000000000e+00
5.435315875823253151e+01,0.000000000000000000e+00
5.471557609817335788e+01,0.000000000000000000e+00
5.508811293963073297e+01,0.000000000000000000e+00
5.895991398235428704e+01,0.000000000000000000e+00
5.298173833962843560e+01,0.000000000000000000e+00
5.416073815777980371e+01,0.000000000000000000e+00
5.319734379545722902e+01,0.000000000000000000e+00
5.182743691217977045e+01,0.000000000000000000e+00
5.386163419829492227e+01,0.000000000000000000e+00
5.235032388991090357e+01,0.000000000000000000e+00
5.451933629297484174e+01,0.000000000000000000e+00
5.503614922831923195e+01,0.000000000000000000e+00
5.744400510206070010e+01,0.000000000000000000e+00
5.639247020547220046e+01,0.000000000000000000e+00
5.304876604960981012e+01,0.000000000000000000e+00
5.524825327036096212e+01,0.000000000000000000e+00
5.388991699450279071e+01,0.000000000000000000e+00
5.678513327535403477e+01,0.000000000000000000e+00
5.096886941490861744e+01,0.000000000000000000e+00
5.603142925253555973e+01,0.000000000000000000e+00
5.696071523397604608e+01,0.000000000000000000e+00
5.785744200572289486e+01,0.000000000000000000e+00
5.609377655079488534e+01,0.000000000000000000e+00
5.482100404351410106e+01,0.000000000000000000e+00
5.655253650695624401e+01,0.000000000000000000e+00
5.628000658482486784e+01,0.000000000000000000e+00
5.624163511775572744e+01,0.000000000000000000e+00
5.711512859843757894e+01,0.000000000000000000e+00
5.678329338635554535e+01,0.000000000000000000e+00
5.453050051542886933e+01,0.000000000000000000e+00
5.948047734597355429e+01,0.000000000000000000e+00
5.717121771817223674e+01,0.000000000000000000e+00
5.801607759377321827e+01,0.000000000000000000e+00
5.689489983569385601e+01,0.000000000000000000e+00
5.798594730417973153e+01,0.000000000000000000e+00
5.735563594594194825e+01,0.000000000000000000e+00
5.337968735469421233e+01,0.000000000000000000e+00
5.662256714785392120e+01,0.000000000000000000e+00
5.661161736798675292e+01,0.000000000000000000e+00
5.643894975779334544e+01,0.000000000000000000e+00
5.687319313773129892e+01,0.000000000000000000e+00
5.888775993896827998e+01,0.000000000000000000e+00
5.712721033261015435e+01,0.000000000000000000e+00
5.550278640824275556e+01,0.000000000000000000e+00
5.421151878083394848e+01,0.000000000000000000e+00
5.516908328130271855e+01,0.000000000000000000e+00
5.520938292195563690e+01,0.000000000000000000e+00
5.665015787044564632e+01,0.000000000000000000e+00
5.531755167858863587e+01,0.000000000000000000e+00
5.680549830405515621e+01,0.000000000000000000e+00
5.715289951874763119e+01,0.000000000000000000e+00
5.639176809958869541e+01,0.000000000000000000e+00
5.650469541039964838e+01,0.000000000000000000e+00
5.828413229194518408e+01,0.000000000000000000e+00
5.797592724605031123e+01,0.000000000000000000e+00
6.030032278378339328e+01,0.000000000000000000e+00
5.698957526270899621e+01,0.000000000000000000e+00
5.705852041138338393e+01,0.000000000000000000e+00
5.628487380891663605e+01,0.000000000000000000e+00
6.245885881128489814e+01,0.000000000000000000e+00
5.848731183462977867e+01,0.000000000000000000e+00
5.502074452632272994e+01,0.000000000000000000e+00
5.966353108964676011e+01,0.000000000000000000e+00
6.036406139449231034e+01,0.000000000000000000e+00
6.046214131085260135e+01,0.000000000000000000e+00
5.846495904922231546e+01,0.000000000000000000e+00
5.747229149161218942e+01,0.000000000000000000e+00
5.828909801316691386e+01,0.000000000000000000e+00
5.692495688479912275e+01,0.000000000000000000e+00
5.837834777787158913e+01,0.000000000000000000e+00
5.999457800439670052e+01,0.000000000000000000e+00
5.607459172549980764e+01,0.000000000000000000e+00
5.829185342795055647e+01,0.000000000000000000e+00
6.167104714533010679e+01,0.000000000000000000e+00
5.987735580710267413e+01,0.000000000000000000e+00
6.144549439333993490e+01,0.000000000000000000e+00
6.377050400846591316e+01,0.000000000000000000e+00
5.830650819549871500e+01,0.000000000000000000e+00
5.765225020885086593e+01,0.000000000000000000e+00
5.989864516701828734e+01,0.000000000000000000e+00
5.487756212929560462e+01,0.000000000000000000e+00
5.688060856105479957e+01,0.000000000000000000e+00
5.810445321132894492e+01,0.000000000000000000e+00
6.033838789546708625e+01,0.000000000000000000e+00
6.374282853928821169e+01,0.000000000000000000e+00
5.725647093301089541e+01,0.000000000000000000e+00
6.151074114668544013e+01,0.000000000000000000e+00
6.030495889280706479e+01,0.000000000000000000e+00
6.130989892823973975e+01,0.000000000000000000e+00
6.119613159014643600e+01,0.000000000000000000e+00
5.630968917150904218e+01,0.000000000000000000e+00
6.190852171806269411e+01,0.000000000000000000e+00
5.913759448622282378e+01,0.000000000000000000e+00
6.481898627341313102e+01,0.000000000000000000e+00
6.009173733279508411e+01,0.000000000000000000e+00
5.712247664982764661e+01,0.000000000000000000e+00
6.426249343972001782e+01,0.000000000000000000e+00
6.064176148583685944e+01,0.000000000000000000e+00
6.011172261158601771e+01,0.000000000000000000e+00
6.176046024279298763e+01,0.000000000000000000e+00
5.431656791376078530e+01,0.000000000000000000e+00
5.847861441995350873e+01,0.000000000000000000e+00
6.225419053052298324e+01,0.000000000000000000e+00
5.836953538722053736e+01,0.000000000000000000e+00
6.238497266627325644e+01,0.000000000000000000e+00
6.109519605952954180e+01,0.000000000000000000e+00
6.201294025874332050e+01,0.000000000000000000e+00
6.349479210692612696e+01,0.000000000000000000e+00
6.303867103362059510e+01,0.000000000000000000e+00
6.270636294677553479e+01,0.000000000000000000e+00
6.132052270938914518e+01,0.000000000000000000e+00
6.067800981250842085e+01,0.000000000000000000e+00
6.185279639401276341e+01,0.000000000000000000e+00
6.374464942020366465e+01,0.000000000000000000e+00
6.097166541650788218e+01,0.000000000000000000e+00
6.076107148043291772e+01,0.000000000000000000e+00
6.182157046227867170e+01,0.000000000000000000e+00
6.192543846089067472e+01,0.000000000000000000e+00
6.747374098275177801e+01,0.000000000000000000e+00
5.957075720413058662e+01,0.000000000000000000e+00
6.566358336579362742e+01,0.000000000000000000e+00
6.478882796134497823e+01,0.000000000000000000e+00
5.962585808764619344e+01,0.000000000000000000e+00
6.245129846690670661e+01,0.000000000000000000e+00
6.306762206581967689e+01,0.000000000000000000e+00
6.299135019754330500e+01,0.000000000000000000e+00
6.602321817456395081e+01,0.000000000000000000e+00
6.488982024899617329e+01,0.000000000000000000e+00
6.435342597323769098e+01,0.000000000000000000e+00
5.903416023934569523e+01,0.000000000000000000e+00
6.282072245457742810e+01,0.000000000000000000e+00
6.319541049429574997e+01,0.000000000000000000e+00
6.052639184105392900e+01,0.000000000000000000e+00
6.452249660693240685e+01,0.000000000000000000e+00
6.343260020993132287e+01,0.000000000000000000e+00
6.611238889714637423e+01,0.000000000000000000e+00
6.569288939586870413e+01,0.000000000000000000e+00
6.764450309858766275e+01,0.000000000000000000e+00
6.619960226167809481e+01,0.000000000000000000e+00
6.442080472247778289e+01,0.000000000000000000e+00
6.626615357826820230e+01,0.000000000000000000e+00
6.436112013151601730e+01,0.000000000000000000e+00
6.550101513758411897e+01,0.000000000000000000e+00
6.453322761810059660e+01,0.000000000000000000e+00
6.285703468240345870e+01,0.000000000000000000e+00
6.496974306637247309e+01,0.000000000000000000e+00
6.622762218631785913e+01,0.000000000000000000e+00
6.913029612931265433e+01,0.000000000000000000e+00
6.191399622510323297e+01,0.000000000000000000e+00
6.628003229993811374e+01,0.000000000000000000e+00
6.440252885982418718e+01,0.000000000000000000e+00
6.626247533525248912e+01,0.000000000000000000e+00
6.510284344570881387e+01,0.000000000000000000e+00
6.857572950650016708e+01,0.000000000000000000e+00
6.821833344114428144e+01,0.000000000000000000e+00
6.757065543047532685e+01,0.000000000000000000e+00
6.700023506316429689e+01,0.000000000000000000e+00
6.628944114287497769e+01,0.000000000000000000e+00
6.786524658846194313e+01,0.000000000000000000e+00
6.545745735099499996e+01,0.000000000000000000e+00
6.156751171536148348e+01,0.000000000000000000e+00
6.542412511401390418e+01,0.000000000000000000e+00
6.464557100097677278e+01,0.000000000000000000e+00
6.477585925964487501e+01,0.000000000000000000e+00
6.362421812213505490e+01,0.000000000000000000e+00
6.657481698709800355e+01,0.000000000000000000e+00
6.731556149055414551e+01,0.000000000000000000e+00
6.699352425860098492e+01,0.000000000000000000e+00
6.214308154899401870e+01,0.000000000000000000e+00
6.806233178800727046e+01,0.000000000000000000e+00
6.404947902631465695e+01,0.000000000000000000e+00
6.739445570867512458e+01,0.000000000000000000e+00
6.622501256200182240e+01,0.000000000000000000e+00
6.705794509057791686e+01,0.000000000000000000e+00
6.879902785088918904e+01,0.000000000000000000e+00
6.812841517120924095e+01,0.000000000000000000e+00
6.598508836209241224e+01,0.000000000000000000e+00
6.764815811409812341e+01,0.000000000000000000e+00
6.872037274733013135e+01,0.000000000000000000e+00
6.571334585914389947e+01,0.000000000000000000e+00
6.353631205089644851e+01,0.000000000000000000e+00
6.496720249913065004e+01,0.000000000000000000e+00
6.574672010578153447e+01,0.000000000000000000e+00
6.253142127054148602e+01,0.000000000000000000e+00
6.692963603969593578e+01,0.000000000000000000e+00
6.616388687470455920e+01,0.000000000000000000e+00
6.751342185626664616e+01,0.000000000000000000e+00
6.803178334496853097e+01,0.000000000000000000e+00
6.680110662195362181e+01,0.000000000000000000e+00
7.192947640715014757e+01,0.000000000000000000e+00
6.288025208734391214e+01,0.000000000000000000e+00
6.631843966466003337e+01,0.000000000000000000e+00
6.766714643656108308e+01,0.000000000000000000e+00
6.647422936588213815e+01,0.000000000000000000e+00
6.494376638981228211e+01,0.000000000000000000e+00
6.537312429382646428e+01,0.000000000000000000e+00
6.627400656476628171e+01,0.000000000000000000e+00
6.375125202733833163e+01,0.000000000000000000e+00
6.551261213677187811e+01,0.000000000000000000e+00
6.982090840568747581e+01,0.000000000000000000e+00
6.906589909604075217e+01,0.000000000000000000e+00
6.782547198554155443e+01,0.000000000000000000e+00
6.735968128752675455e+01,0.000000000000000000e+00
7.117444833518956671e+01,0.000000000000000000e+00
6.792124925886172093e+01,0.000000000000000000e+00
7.075682825081342742e+01,0.000000000000000000e+00
7.070451622022368099e+01,0.000000000000000000e+00
6.748393424373679750e+01,0.000000000000000000e+00
7.022098688967551539e+01,0.000000000000000000e+00
6.861164349025625597e+01,0.000000000000000000e+00
7.065102925600298533e+01,0.000000000000000000e+00
6.902800290440630704e+01,0.000000000000000000e+00
6.753055215261052524e+01,0.000000000000000000e+00
7.506486318691132453e+01,0.000000000000000000e+00
6.890033586833003199e+01,0.000000000000000000e+00
6.813511734216855587e+01,0.000000000000000000e+00
7.276257399791978742e+01,0.000000000000000000e+00
7.079708288241290859e+01,0.000000000000000000e+00
6.971478220476565468e+01,0.000000000000000000e+00
6.937581239152005708e+01,0.000000000000000000e+00
6.769063373869781230e+01,0.000000000000000000e+00
6.848151065120897840e+01,0.000000000000000000e+00
6.898818442685197283e+01,0.000000000000000000e+00
7.023653738549948855e+01,0.000000000000000000e+00
6.808682651390006413e+01,0.000000000000000000e+00
7.177978809760622880e+01,0.000000000000000000e+00
6.902032156390237105e+01,0.000000000000000000e+00
6.868993909900409278e+01,0.000000000000000000e+00
7.177124479867971729e+01,0.000000000000000000e+00
7.186598649178299070e+01,0.000000000000000000e+00
7.128664382441050407e+01,0.000000000000000000e+00
7.090384893507946629e+01,0.000000000000000000e+00
6.913471603974269897e+01,0.000000000000000000e+00
7.066093292368226741e+01,0.000000000000000000e+00
7.295126438328243523e+01,0.000000000000000000e+00
7.080282544833619340e+01,0.000000000000000000e+00
6.712286830963687123e+01,0.000000000000000000e+00
6.696997270308189343e+01,0.000000000000000000e+00
7.346954339048488691e+01,0.000000000000000000e+00
7.329858079378156788e+01,0.000000000000000000e+00
7.195655307797886735e+01,0.000000000000000000e+00
7.214507843519200492e+01,0.000000000000000000e+00
7.251193237092806498e+01,0.000000000000000000e+00
7.230950813931291066e+01,0.000000000000000000e+00
7.182784174239168351e+01,0.000000000000000000e+00
7.033394963657271148e+01,0.000000000000000000e+00
7.190977718284058540e+01,0.000000000000000000e+00
7.285480347432512360e+01,0.000000000000000000e+00
7.532399342277983578e+01,0.000000000000000000e+00
7.200850808327686536e+01,0.000000000000000000e+00
7.487845687259343208e+01,0.000000000000000000e+00
7.390511742692001462e+01,0.000000000000000000e+00
7.082769899475557906e+01,0.000000000000000000e+00
7.489166551776528991e+01,0.000000000000000000e+00
7.096341406001965879e+01,0.000000000000000000e+00
7.444872273009606545e+01,0.000000000000000000e+00
7.420668906055087177e+01,0.000000000000000000e+00
6.532482209510961013e+01,0.000000000000000000e+00
7.288904620356551334e+01,0.000000000000000000e+00
7.162883780065240558e+01,0.000000000000000000e+00
7.425705606206338416e+01,0.000000000000000000e+00
7.089676429720705642e+01,0.000000000000000000e+00
7.164922302804944820e+01,0.000000000000000000e+00
7.325049978466253719e+01,0.000000000000000000e+00
7.264778241532863490e+01,0.000000000000000000e+00
6.944437481315736704e+01,0.000000000000000000e+00
7.000027054806611204e+01,0.000000000000000000e+00
7.464189398759350524e+01,0.000000000000000000e+00
7.015935961423996048e+01,0.000000000000000000e+00
7.147234622534993775e+01,0.000000000000000000e+00
7.437158075205174157e+01,0.000000000000000000e+00
7.201628393817128426e+01,0.000000000000000000e+00
7.492120857066957740e+01,0.000000000000000000e+00
7.006241779326904862e+01,0.000000000000000000e+00
7.388130826591925882e+01,0.000000000000000000e+00
7.047610361140795021e+01,0.000000000000000000e+00
7.110870496440375632e+01,0.000000000000000000e+00
6.747185096341577548e+01,0.000000000000000000e+00
7.319963071891426409e+01,0.000000000000000000e+00
7.136834747427624848e+01,0.000000000000000000e+00
7.542650623195930848e+01,0.000000000000000000e+00
7.314671249728209546e+01,0.000000000000000000e+00
7.340441888183497099e+01,0.000000000000000000e+00
7.336839721626694200e+01,0.000000000000000000e+00
7.373534944064745389e+01,0.000000000000000000e+00
7.621853407499355626e+01,0.000000000000000000e+00
7.398422542975318095e+01,0.000000000000000000e+00
7.591540145800917117e+01,0.000000000000000000e+00
6.914382001042918091e+01,0.000000000000000000e+00
7.542234133801920848e+01,0.000000000000000000e+00
7.410843860281832463e+01,0.000000000000000000e+00
7.895103097166453665e+01,0.000000000000000000e+00
7.487521944227550819e+01,0.000000000000000000e+00
7.399638734345008118e+01,0.000000000000000000e+00
7.475066300396552776e+01,0.000000000000000000e+00
7.304435617495373378e+01,0.000000000000000000e+00
7.668887847826248105e+01,0.000000000000000000e+00
7.404856089841611322e+01,0.000000000000000000e+00
7.347429659980545580e+01,0.000000000000000000e+00
7.333773109323630024e+01,0.000000000000000000e+00
7.154848507186783024e+01,0.000000000000000000e+00
7.427165176961040061e+01,0.000000000000000000e+00
7.543853345712481939e+01,0.000000000000000000e+00
7.529592506177490918e+01,0.000000000000000000e+00
7.252105569206980817e+01,0.000000000000000000e+00
7.330723686006967910e+01,0.000000000000000000e+00
7.416327055072284224e+01,0.000000000000000000e+00
7.325253260838603353e+01,0.000000000000000000e+00
7.610304557501397937e+01,0.000000000000000000e+00
7.586566188006274558e+01,0.000000000000000000e+00
7.653387809651948714e+01,0.000000000000000000e+00
7.725739789880572062e+01,0.000000000000000000e+00
7.665634107832855193e+01,0.000000000000000000e+00
7.301622671532085462e+01,0.000000000000000000e+00
7.830600082641475979e+01,0.000000000000000000e+00
7.592925591415985309e+01,0.000000000000000000e+00
7.466291641033693338e+01,0.000000000000000000e+00
7.611497771681040092e+01,0.000000000000000000e+00
7.730818148140471635e+01,0.000000000000000000e+00
7.416623064079362848e+01,0.000000000000000000e+00
7.560190335764572467e+01,0.000000000000000000e+00
7.339640799180602926e+01,0.000000000000000000e+00
7.219958171885966181e+01,0.000000000000000000e+00
7.478626569562730708e+01,0.000000000000000000e+00
7.548970453664935576e+01,0.000000000000000000e+00
7.645535610315944552e+01,0.000000000000000000e+00
7.577556834002648145e+01,0.000000000000000000e+00
7.691206963410292019e+01,0.000000000000000000e+00
7.732340019902844119e+01,0.000000000000000000e+00
7.539944279358812196e+01,0.000000000000000000e+00
7.197217263232207074e+01,0.000000000000000000e+00
7.716594228139351230e+01,0.000000000000000000e+00
7.759383498180295646e+01,0.000000000000000000e+00
7.224682065796814356e+01,0.000000000000000000e+00
7.788688560881666945e+01,0.000000000000000000e+00
7.673710373013274477e+01,0.000000000000000000e+00
7.652580642097160535e+01,0.000000000000000000e+00
7.860946029862472528e+01,0.000000000000000000e+00
7.812256302371002903e+01,0.000000000000000000e+00
7.883397026523526563e+01,0.000000000000000000e+00
7.892984929079935341e+01,0.000000000000000000e+00
7.555545227431737487e+01,0.000000000000000000e+00
7.509753006701201627e+01,0.000000000000000000e+00
7.775000844752520379e+01,0.000000000000000000e+00
7.490711729628223736e+01,0.000000000000000000e+00
7.891113236617057680e+01,0.000000000000000000e+00
7.734513416609354408e+01,0.000000000000000000e+00
7.537865707295368622e+01,0.000000000000000000e+00
7.435525718272248241e+01,0.000000000000000000e+00
7.584216151604607603e+01,0.000000000000000000e+00
7.418118888969178215e+01,0.000000000000000000e+00
7.610540335154441038e+01,0.000000000000000000e+00
7.856822420127531359e+01,0.000000000000000000e+00
7.690845746622403567e+01,0.000000000000000000e+00
7.757670794420610605e+01,0.000000000000000000e+00
7.640624030598988270e+01,0.000000000000000000e+00
7.740808160307859964e+01,0.000000000000000000e+00
7.496408788621313590e+01,0.000000000000000000e+00
7.610521945454343040e+01,0.000000000000000000e+00
7.605024146036251409e+01,0.000000000000000000e+00
7.981696403038506560e+01,0.000000000000000000e+00
7.830763578718936913e+01,0.000000000000000000e+00
7.583656654663712970e+01,0.000000000000000000e+00
7.989749263410061531e+01,0.000000000000000000e+00
7.696081026027492555e+01,0.000000000000000000e+00
7.822872581193443864e+01,0.000000000000000000e+00
7.766623276932406839e+01,0.000000000000000000e+00
7.999781424817439301e+01,0.000000000000000000e+00
7.916583428259278321e+01,0.000000000000000000e+00
7.651748529884041261e+01,0.000000000000000000e+00
7.794984589709341094e+01,0.000000000000000000e+00
8.265966122263513682e+01,0.000000000000000000e+00
7.381317303647928441e+01,0.000000000000000000e+00
7.905511996495447136e+01,0.000000000000000000e+00
7.399596004750172540e+01,0.000000000000000000e+00
7.801315675679157380e+01,0.000000000000000000e+00
8.212340149578609783e+01,0.000000000000000000e+00
7.674167435725692599e+01,0.000000000000000000e+00
7.515626239275199794e+01,0.000000000000000000e+00
7.852368797054479899e+01,0.000000000000000000e+00
8.030319339348757524e+01,0.000000000000000000e+00
7.834333805891614588e+01,0.000000000000000000e+00
7.685533298176264339e+01,0.000000000000000000e+00
7.745563350277586778e+01,0.000000000000000000e+00
7.782068087251444410e+01,0.000000000000000000e+00
7.796051300853385158e+01,0.000000000000000000e+00
8.014350011200939150e+01,0.000000000000000000e+00
7.544700944972390744e+01,0.000000000000000000e+00
7.981375686680458159e+01,0.000000000000000000e+00
7.415476680822948197e+01,0.000000000000000000e+00
7.504780052948230207e+01,0.000000000000000000e+00
8.049937774066991381e+01,0.000000000000000000e+00
7.997499655125339757e+01,0.000000000000000000e+00
7.746104911621105771e+01,0.000000000000000000e+00
8.012706067751690853e+01,0.000000000000000000e+00
8.191986636489754403e+01,0.000000000000000000e+00
7.733420130319876762e+01,0.000000000000000000e+00
7.656836841976162589e+01,0.000000000000000000e+00
7.772215955324256242e+01,0.000000000000000000e+00
7.675808921385396388e+01,0.000000000000000000e+00
8.009981319845540781e+01,0.000000000000000000e+00
7.644070085668845138e+01,0.000000000000000000e+00
8.056852503017141487e+01,0.000000000000000000e+00
7.562576425229713095e+01,0.000000000000000000e+00
7.747084172049883932e+01,0.000000000000000000e+00
8.026631901206279451e+01,0.000000000000000000e+00
7.815250083784260937e+01,0.000000000000000000e+00
7.896356149638748434e+01,0.000000000000000000e+00
7.707691885535105314e+01,0.000000000000000000e+00
7.649276809788648279e+01,0.000000000000000000e+00
7.806634433166088627e+01,0.000000000000000000e+00
7.833909775813259557e+01,0.000000000000000000e+00
7.948825591536787272e+01,0.000000000000000000e+00
7.988610545763243920e+01,0.000000000000000000e+00
7.651472525634258659e+01,0.000000000000000000e+00
7.894311591612535040e+01,0.000000000000000000e+00
7.805541978838542150e+01,0.000000000000000000e+00
7.860206132444528748e+01,0.000000000000000000e+00
7.751507953208120227e+01,0.000000000000000000e+00
7.960086000628484726e+01,0.000000000000000000e+00
7.609500279540144163e+01,0.000000000000000000e+00
7.376848678913971469e+01,0.000000000000000000e+00
8.072096290350441450e+01,0.000000000000000000e+00
7.752069650213437058e+01,0.000000000000000000e+00
7.783767445875201929e+01,0.000000000000000000e+00
7.844314071154359169e+01,0.000000000000000000e+00
8.010494357611054284e+01,0.000000000000000000e+00
7.738392089322378808e+01,0.000000000000000000e+00
7.853241517541253813e+01,0.000000000000000000e+00
7.768709634274006248e+01,0.000000000000000000e+00
7.554837766072368765e+01,0.000000000000000000e+00
8.157249023767737128e+01,0.000000000000000000e+00
8.122264131741513893e+01,0.000000000000000000e+00
8.241137913600017839e+01,0.000000000000000000e+00
7.850745634331917699e+01,0.000000000000000000e+00
8.101587908389579695e+01,0.000000000000000000e+00
7.615023396601019101e+01,0.000000000000000000e+00
7.883068072155157324e+01,0.000000000000000000e+00
7.772391897750554790e+01,0.000000000000000000e+00
7.843792700229192860e+01,0.000000000000000000e+00
7.520066245334368205e+01,0.000000000000000000e+00
8.176817892147131772e+01,0.000000000000000000e+00
7.927132719658611393e+01,0.000000000000000000e+00
8.135979288276398336e+01,0.000000000000000000e+00
8.316572627594260325e+01,0.000000000000000000e+00
8.004559816346255730e+01,0.000000000000000000e+00
7.813345657342463824e+01,0.000000000000000000e+00
7.650874478683563495e+01,0.000000000000000000e+00
7.831091134759908812e+01,0.000000000000000000e+00
7.939066968259699308e+01,0.000000000000000000e+00
7.992028892250012007e+01,0.000000000000000000e+00
8.396554543112472402e+01,0.000000000000000000e+00
8.386973417628564675e+01,0.000000000000000000e+00
8.111531510587867899e+01,0.000000000000000000e+00
7.570320780492956203e+01,0.000000000000000000e+00
7.878746065727970915e+01,0.000000000000000000e+00
7.775196299667437927e+01,0.000000000000000000e+00
8.247706181143560400e+01,0.000000000000000000e+00
7.898353472540556197e+01,0.000000000000000000e+00
7.598772957035230036e+01,0.000000000000000000e+00
8.074104154864211580e+01,0.000000000000000000e+00
7.626590724952954758e+01,0.000000000000000000e+00
7.616418944809421987e+01,0.000000000000000000e+00
7.714317507089562298e+01,0.000000000000000000e+00
8.053746413209853472e+01,0.000000000000000000e+00
8.108402950786486940e+01,0.000000000000000000e+00
7.808025821954660728e+01,0.000000000000000000e+00
7.638791853857399872e+01,0.000000000000000000e+00
7.589042015708302813e+01,0.000000000000000000e+00
7.519742284118251519e+01,0.000000000000000000e+00
7.887144670265857371e+01,0.000000000000000000e+00
8.028354362225294949e+01,0.000000000000000000e+00
7.972934539023268030e+01,0.000000000000000000e+00
8.130542709565533244e+01,0.000000000000000000e+00
7.872154988850439850e+01,0.000000000000000000e+00
7.855357545732150015e+01,0.000000000000000000e+00
7.817961003698052025e+01,0.000000000000000000e+00
7.766893154112925401e+01,0.000000000000000000e+00
7.637775172755586084e+01,0.000000000000000000e+00
7.802402845655235808e+01,0.000000000000000000e+00
8.089444215909797720e+01,0.000000000000000000e+00
8.201857482565534951e+01,0.000000000000000000e+00
8.203865344693704742e+01,0.000000000000000000e+00
7.745346407703600278e+01,0.000000000000000000e+00
8.236792381901794613e+01,0.000000000000000000e+00
8.108606473525514957e+01,0.000000000000000000e+00
7.872536920491451440e+01,0.000000000000000000e+00
8.193527661375243554e+01,0.000000000000000000e+00
7.645579808395852695e+01,0.000000000000000000e+00
8.061415419679413219e+01,0.000000000000000000e+00
7.876070168272468663e+01,0.000000000000000000e+00
8.169657768139778398e+01,0.000000000000000000e+00
7.841359434510046356e+01,0.000000000000000000e+00
8.166941123005989311e+01,0.000000000000000000e+00
7.995280510888031245e+01,0.000000000000000000e+00
8.091499210997463365e+01,0.000000000000000000e+00
7.961821542762099568e+01,0.000000000000000000e+00
8.284354296589545186e+01,0.000000000000000000e+00
7.965367336822296807e+01,0.000000000000000000e+00
8.259862892442814086e+01,0.000000000000000000e+00
8.424609270104403436e+01,0.000000000000000000e+00
7.863761682915026086e+01,0.000000000000000000e+00
8.411821721014837294e+01,0.000000000000000000e+00
7.902834831164120999e+01,0.000000000000000000e+00
8.214651443207579007e+01,0.000000000000000000e+00
7.660600938996680043e+01,0.000000000000000000e+00
7.825214834895626836e+01,0.000000000000000000e+00
8.031890507573814375e+01,0.000000000000000000e+00
8.331286571229669846e+01,0.000000000000000000e+00
7.891665992629901893e+01,0.000000000000000000e+00
7.826380435941210578e+01,0.000000000000000000e+00
7.901369188966998536e+01,0.000000000000000000e+00
7.883668012668469771e+01,0.000000000000000000e+00
8.102852907170637309e+01,0.000000000000000000e+00
7.497696371289974593e+01,0.000000000000000000e+00
7.976685665294677108e+01,0.000000000000000000e+00
8.292128817027922594e+01,0.000000000000000000e+00
7.903241943592064445e+01,0.000000000000000000e+00
7.944514171419689319e+01,0.000000000000000000e+00
8.214535367113312248e+01,0.000000000000000000e+00
7.783732381924774302e+01,0.000000000000000000e+00
8.183878556821464656e+01,0.000000000000000000e+00
7.701467083325394469e+01,0.000000000000000000e+00
7.789392951160905909e+01,0.000000000000000000e+00
7.920408480173622934e+01,0.000000000000000000e+00
7.957399875527246991e+01,0.000000000000000000e+00
7.750715870241928940e+01,0.000000000000000000e+00
7.910747351964350571e+01,0.000000000000000000e+00
8.154342548159941373e+01,0.000000000000000000e+00
7.809451213156110327e+01,0.000000000000000000e+00
8.062944308292368589e+01,0.000000000000000000e+00
8.122644743630671371e+01,0.000000000000000000e+00
8.140215447088681344e+01,0.000000000000000000e+00
8.045731218842610133e+01,0.000000000000000000e+00
7.985048950925327915e+01,0.000000000000000000e+00
7.803569854099768577e+01,0.000000000000000000e+00
7.967161679655173145e+01,0.000000000000000000e+00
8.280026233126419299e+01,0.000000000000000000e+00
8.184340565585355876e+01,0.000000000000000000e+00
7.944293832245543285e+01,0.000000000000000000e+00
7.829792292471277904e+01,0.000000000000000000e+00
8.084689601855170338e+01,0.000000000000000000e+00
7.953717770060336534e+01,0.000000000000000000e+00
8.045900594070123191e+01,0.000000000000000000e+00
8.112873650012592464e+01,0.000000000000000000e+00
8.067599213504269073e+01,0.000000000000000000e+00
7.759743480778816149e+01,0.000000000000000000e+00
7.746948326572596955e+01,0.000000000000000000e+00
8.191029709923469682e+01,0.000000000000000000e+00
7.819629898139746160e+01,0.000000000000000000e+00
7.955231927329842279e+01,0.000000000000000000e+00
8.393066185724485706e+01,0.000000000000000000e+00
7.815931750347593265e+01,0.000000000000000000e+00
8.345991370589045744e+01,0.000000000000000000e+00
7.944291525596906922e+01,0.000000000000000000e+00
7.904125936347065817e+01,0.000000000000000000e+00
7.818700979984996025e+01,0.000000000000000000e+00
7.955137590271516501e+01,0.000000000000000000e+00
8.120360652441517857e+01,0.000000000000000000e+00
8.101233500828696776e+01,0.000000000000000000e+00
8.274247086016137587e+01,0.000000000000000000e+00
7.573233974771294186e+01,0.000000000000000000e+00
7.771723900298714227e+01,0.000000000000000000e+00
7.987406273815160773e+01,0.000000000000000000e+00
7.932498983523854008e+01,0.000000000000000000e+00
7.961710924599765349e+01,0.000000000000000000e+00
8.244915163172126427e+01,0.000000000000000000e+00
7.754376332278518191e+01,0.000000000000000000e+00
8.194121807741430530e+01,0.000000000000000000e+00
8.174514740610167962e+01,0.000000000000000000e+00
8.151541037709364446e+01,0.000000000000000000e+00
8.109004556408417841e+01,0.000000000000000000e+00
7.837991424608361513e+01,0.000000000000000000e+00
8.170948056583158348e+01,0.000000000000000000e+00
7.975896326416869897e+01,0.000000000000000000e+00
7.985312623871693916e+01,0.000000000000000000e+00
7.785174796121265217e+01,0.000000000000000000e+00
8.425047830757158351e+01,0.000000000000000000e+00
8.143514561714485467e+01,0.000000000000000000e+00
7.920766524886741422e+01,0.000000000000000000e+00
8.194887443543245809e+01,0.000000000000000000e+00
7.886993981732268821e+01,0.000000000000000000e+00
7.841566830485406570e+01,0.000000000000000000e+00
7.914748941462704579e+01,0.000000000000000000e+00
8.001565877486493150e+01,0.000000000000000000e+00
7.651864504355239660e+01,0.000000000000000000e+00
7.644028608573580641e+01,0.000000000000000000e+00
8.138012279016693640e+01,0.000000000000000000e+00
8.114938102995688496e+01,0.000000000000000000e+00
8.260304769762433352e+01,0.000000000000000000e+00
8.007002648395548761e+01,0.000000000000000000e+00
8.118043341190802664e+01,0.000000000000000000e+00
8.060304990867521724e+01,0.000000000000000000e+00
8.204117955860870381e+01,0.000000000000000000e+00
7.401224914630307694e+01,0.000000000000000000e+00
8.133642909859445069e+01,0.000000000000000000e+00
7.982364867889023685e+01,0.000000000000000000e+00
7.793225807495370816e+01,0.000000000000000000e+00
7.979106669526582607e+01,0.000000000000000000e+00
7.987617108613682149e+01,0.000000000000000000e+00
8.016678804951442316e+01,0.000000000000000000e+00
8.122681318665890160e+01,0.000000000000000000e+00
8.095340984089571634e+01,0.000000000000000000e+00
8.093769463982135903e+01,0.000000000000000000e+00
7.751318979097298723e+01,0.000000000000000000e+00
7.715253612515262205e+01,0.000000000000000000e+00
7.830735211128204298e+01,0.000000000000000000e+00
7.796419061782320625e+01,0.000000000000000000e+00
8.098749255895600641e+01,0.000000000000000000e+00
7.813301825690614066e+01,0.000000000000000000e+00
7.922666029729492720e+01,0.000000000000000000e+00
8.210242825154705315e+01,0.000000000000000000e+00
7.746742682853745521e+01,0.000000000000000000e+00
7.909825653932809075e+01,0.000000000000000000e+00
7.913905707573454151e+01,0.000000000000000000e+00
7.413240580196014662e+01,0.000000000000000000e+00
7.597025919964832497e+01,0.000000000000000000e+00
7.921647963680229054e+01,0.000000000000000000e+00
8.031164606747637436e+01,0.000000000000000000e+00
7.997573174153153275e+01,0.000000000000000000e+00
7.425956492407419773e+01,0.000000000000000000e+00
8.030745284891095537e+01,0.000000000000000000e+00
8.131505525627142106e+01,0.000000000000000000e+00
7.864758534993984540e+01,0.000000000000000000e+00
7.765648784953012296e+01,0.000000000000000000e+00
8.051149086502286423e+01,0.000000000000000000e+00
7.625587602141746402e+01,0.000000000000000000e+00
7.723510775815542218e+01,0.000000000000000000e+00
8.005649623141778193e+01,0.000000000000000000e+00
8.015477941574530973e+01,0.000000000000000000e+00
7.832840071851580888e+01,0.000000000000000000e+00
7.957260004095589068e+01,0.000000000000000000e+00
7.655286408120815622e+01,0.000000000000000000e+00
7.683146171150346504e+01,0.000000000000000000e+00
7.670031024524747920e+01,0.000000000000000000e+00
8.162535846756262004e+01,0.000000000000000000e+00
7.777115158890262592e+01,0.000000000000000000e+00
8.007093764419016679e+01,0.000000000000000000e+00
7.907933028313831869e+01,0.000000000000000000e+00
8.186574930315637744e+01,0.000000000000000000e+00
7.778207688404798148e+01,0.000000000000000000e+00
8.062660734712606825e+01,0.000000000000000000e+00
7.445816679047523223e+01,0.000000000000000000e+00
8.066712542316761869e+01,0.000000000000000000e+00
7.753692701533601905e+01,0.000000000000000000e+00
7.685528216292800607e+01,0.000000000000000000e+00
7.614378534879330118e+01,0.000000000000000000e+00
7.964156649309235547e+01,0.000000000000000000e+00
8.155764470679555700e+01,0.000000000000000000e+00
7.526574287915379102e+01,0.000000000000000000e+00
7.736632903442055920e+01,0.000000000000000000e+00
7.701473462039474782e+01,0.000000000000000000e+00
8.049087478379520633e+01,0.000000000000000000e+00
7.869065909208997311e+01,0.000000000000000000e+00
8.089240125907977585e+01,0.000000000000000000e+00
7.715137859866695180e+01,0.000000000000000000e+00
7.910536755227869321e+01,0.000000000000000000e+00
7.374045828789785162e+01,0.000000000000000000e+00
7.417629554042048312e+01,0.000000000000000000e+00
7.700046734197665899e+01,0.000000000000000000e+00
7.948656937337669603e+01,0.000000000000000000e+00
7.846489933012726681e+01,0.000000000000000000e+00
7.769575851634371588e+01,0.000000000000000000e+00
7.633878245215930747e+01,0.000000000000000000e+00
7.785405508583332335e+01,0.000000000000000000e+00
7.602764723935734992e+01,0.000000000000000000e+00
7.697880479897604289e+01,0.000000000000000000e+00
7.902556772783070471e+01,0.000000000000000000e+00
7.663470671080659713e+01,0.000000000000000000e+00
7.990327307920544797e+01,0.000000000000000000e+00
7.730935810167771649e+01,0.000000000000000000e+00
8.044752196959993285e+01,0.000000000000000000e+00
7.701896300391850048e+01,0.000000000000000000e+00
7.753221421137996572e+01,0.000000000000000000e+00
7.627735588117472787e+01,0.000000000000000000e+00
8.110716425626964110e+01,0.000000000000000000e+00
7.957437054946834110e+01,0.000000000000000000e+00
8.026032923647557027e+01,0.000000000000000000e+00
7.585702760372227260e+01,0.000000000000000000e+00
7.537605963610913307e+01,0.000000000000000000e+00
7.736290742627063821e+01,0.000000000000000000e+00
7.595131258670986085e+01,0.000000000000000000e+00
7.998344808380196014e+01,0.000000000000000000e+00
7.561647005215483830e+01,0.000000000000000000e+00
7.535035264457394533e+01,0.000000000000000000e+00
7.748796888877727440e+01,0.000000000000000000e+00
7.643082410698764306e+01,0.000000000000000000e+00
7.661682211629256756e+01,0.000000000000000000e+00
8.038448430060888938e+01,0.000000000000000000e+00
7.984483412787352563e+01,0.000000000000000000e+00
7.708412581787008833e+01,0.000000000000000000e+00
7.482445090898958995e+01,0.000000000000000000e+00
7.881802149039478422e+01,0.000000000000000000e+00
7.374025167800830616e+01,0.000000000000000000e+00
8.113063020300559458e+01,0.000000000000000000e+00
8.171762149539063103e+01,0.000000000000000000e+00
7.491966098035264565e+01,0.000000000000000000e+00
7.236449464719589741e+01,0.000000000000000000e+00
8.114787633055856020e+01,0.000000000000000000e+00
7.705346187546219028e+01,0.000000000000000000e+00
7.428037277897330171e+01,0.000000000000000000e+00
7.561376535507754681e+01,0.000000000000000000e+00
7.535600005525293454e+01,0.000000000000000000e+00
7.629754626293039621e+01,0.000000000000000000e+00
8.004738045737160235e+01,0.000000000000000000e+00
7.839064691208398017e+01,0.000000000000000000e+00
7.874275828259570176e+01,0.000000000000000000e+00
7.394241858545186119e+01,0.000000000000000000e+00
7.423307777919885098e+01,0.000000000000000000e+00
7.672866706222751532e+01,0.000000000000000000e+00
7.790314723520410212e+01,0.000000000000000000e+00
7.573719482519294388e+01,0.000000000000000000e+00
8.162674146909749595e+01,0.000000000000000000e+00
7.563023291647061797e+01,0.000000000000000000e+00
7.922279580898111817e+01,0.000000000000000000e+00
7.498367526165579022e+01,0.000000000000000000e+00
7.470467430946138165e+01,0.000000000000000000e+00
7.327372642661669033e+01,0.000000000000000000e+00
8.004674796550516191e+01,0.000000000000000000e+00
8.011688863228336288e+01,0.000000000000000000e+00
7.605893173406713004e+01,0.000000000000000000e+00
7.743993926896177982e+01,0.000000000000000000e+00
7.314775844865573617e+01,0.000000000000000000e+00
7.609059809753532022e+01,0.000000000000000000e+00
7.769503558019242462e+01,0.000000000000000000e+00
7.417921255802471592e+01,0.000000000000000000e+00
7.658916649667909837e+01,0.000000000000000000e+00
7.371748263641957521e+01,0.000000000000000000e+00
7.749713688306648862e+01,0.000000000000000000e+00
7.352108364439033039e+01,0.000000000000000000e+00
7.395052003053477563e+01,0.000000000000000000e+00
7.424353356918388158e+01,0.000000000000000000e+00
7.434252441389658372e+01,0.000000000000000000e+00
7.649927567826836139e+01,0.000000000000000000e+00
7.843274728438466070e+01,0.000000000000000000e+00
7.467411593850468421e+01,0.000000000000000000e+00
7.510214725883517417e+01,0.000000000000000000e+00
7.510524543656786989e+01,0.000000000000000000e+00
7.372432393113642490e+01,0.000000000000000000e+00
7.332738049991630191e+01,0.000000000000000000e+00
7.537980582010723651e+01,0.000000000000000000e+00
7.450909436322328361e+01,0.000000000000000000e+00
7.535556232920761488e+01,0.000000000000000000e+00
7.424914721328897826e+01,0.000000000000000000e+00
7.182395076558539415e+01,0.000000000000000000e+00
7.649285796697412820e+01,0.000000000000000000e+00
7.549502865372505767e+01,0.000000000000000000e+00
7.923897992545909119e+01,0.000000000000000000e+00
7.592580903074500043e+01,0.000000000000000000e+00
7.641448391251948635e+01,0.000000000000000000e+00
7.638239693931549823e+01,0.000000000000000000e+00
7.659087890679839461e+01,0.000000000000000000e+00
7.624618397144112691e+01,0.000000000000000000e+00
7.375596209956442806e+01,0.000000000000000000e+00
7.481768758953798226e+01,0.000000000000000000e+00
7.627213495058090587e+01,0.000000000000000000e+00
7.574152302517173041e+01,0.000000000000000000e+00
7.609661212465290703e+01,0.000000000000000000e+00
7.437140932919352565e+01,0.000000000000000000e+00
7.306431110485455349e+01,0.000000000000000000e+00
7.509957078941228303e+01,0.000000000000000000e+00
7.184467911166436238e+01,0.000000000000000000e+00
7.484907991549287942e+01,0.000000000000000000e+00
7.426022790669928497e+01,0.000000000000000000e+00
7.158349813674468010e+01,0.000000000000000000e+00
7.388417209574006961e+01,0.000000000000000000e+00
7.324259827978308124e+01,0.000000000000000000e+00
7.412572569206564310e+01,0.000000000000000000e+00
7.314229691360715435e+01,0.000000000000000000e+00
7.669244720995762066e+01,0.000000000000000000e+00
7.495564907191894122e+01,0.000000000000000000e+00
7.412090010265416140e+01,0.000000000000000000e+00
7.048280850866663627e+01,0.000000000000000000e+00
7.580550248067696373e+01,0.000000000000000000e+00
7.235081731236118685e+01,0.000000000000000000e+00
7.472478986943491464e+01,0.000000000000000000e+00
7.409086814888698314e+01,0.000000000000000000e+00
7.375686730564196125e+01,0.000000000000000000e+00
7.462982471480160029e+01,0.000000000000000000e+00
7.315010277000011740e+01,0.000000000000000000e+00
7.075923746002094106e+01,0.000000000000000000e+00
6.902375456814293386e+01,0.000000000000000000e+00
7.548904169081727389e+01,0.000000000000000000e+00
7.363305754319554808e+01,0.000000000000000000e+00
7.157348832864892074e+01,0.000000000000000000e+00
7.478758070020833770e+01,0.000000000000000000e+00
7.651192060565146846e+01,0.000000000000000000e+00
7.330463906204761315e+01,0.000000000000000000e+00
7.272244228923844389e+01,0.000000000000000000e+00
7.289827408074589243e+01,0.000000000000000000e+00
7.229807144238817784e+01,0.000000000000000000e+00
7.437953573966443344e+01,0.000000000000000000e+00
7.708363155192064653e+01,0.000000000000000000e+00
7.052723084773296591e+01,0.000000000000000000e+00
7.296653054315007125e+01,0.000000000000000000e+00
7.234561047251943933e+01,0.000000000000000000e+00
7.117385503552556258e+01,0.000000000000000000e+00
7.326171106812273592e+01,0.000000000000000000e+00
7.416257955542783975e+01,0.000000000000000000e+00
7.568037755094832164e+01,0.000000000000000000e+00
6.971461750412471758e+01,0.000000000000000000e+00
7.433641029983613180e+01,0.000000000000000000e+00
7.681368102562403521e+01,0.000000000000000000e+00
7.168338774102805644e+01,0.000000000000000000e+00
7.001845695586868601e+01,0.000000000000000000e+00
7.188362858763657925e+01,0.000000000000000000e+00
7.089161332407408622e+01,0.000000000000000000e+00
7.083341973930336621e+01,0.000000000000000000e+00
7.237808638113044424e+01,0.000000000000000000e+00
7.395636015449483125e+01,0.000000000000000000e+00
7.399385849534488102e+01,0.000000000000000000e+00
6.872313047635985583e+01,0.000000000000000000e+00
7.173265303322823172e+01,0.000000000000000000e+00
6.994087974504580529e+01,0.000000000000000000e+00
7.037516504885590507e+01,0.000000000000000000e+00
6.929997877414038499e+01,0.000000000000000000e+00
7.172825763730791948e+01,0.000000000000000000e+00
6.846039677236586840e+01,0.000000000000000000e+00
7.127829088534633684e+01,0.000000000000000000e+00
7.289494600830477111e+01,0.000000000000000000e+00
7.011197556096003325e+01,0.000000000000000000e+00
6.781638484020932367e+01,0.000000000000000000e+00
7.165929916169021396e+01,0.000000000000000000e+00
7.124440935433001698e+01,0.000000000000000000e+00
7.166416112372640157e+01,0.000000000000000000e+00
6.901694624840362735e+01,0.000000000000000000e+00
6.983601342058568662e+01,0.000000000000000000e+00
7.335490273846696141e+01,0.000000000000000000e+00
7.015243338246058613e+01,0.000000000000000000e+00
7.112715153359506814e+01,0.000000000000000000e+00
7.129838781895439581e+01,0.000000000000000000e+00
6.810163111881870179e+01,0.000000000000000000e+00
6.928770924488793526e+01,0.000000000000000000e+00
7.241415891607394428e+01,0.000000000000000000e+00
7.020244246894995399e+01,0.000000000000000000e+00
7.192495696137804373e+01,0.000000000000000000e+00
6.779848206078750650e+01,0.000000000000000000e+00
7.073785635175116226e+01,0.000000000000000000e+00
6.766939754247715655e+01,0.000000000000000000e+00
6.984976631056164820e+01,0.000000000000000000e+00
7.037388386733211121e+01,0.000000000000000000e+00
6.955690594955585482e+01,0.000000000000000000e+00
7.089148219103145721e+01,0.000000000000000000e+00
6.949537879478327795e+01,0.000000000000000000e+00
7.171447635831536616e+01,0.000000000000000000e+00
6.934067375030170410e+01,0.000000000000000000e+00
6.840710049144799143e+01,0.000000000000000000e+00
7.455795900381387753e+01,0.000000000000000000e+00
7.043390486904777958e+01,0.000000000000000000e+00
6.807814424789009422e+01,0.000000000000000000e+00
6.851755954148698891e+01,0.000000000000000000e+00
6.590367111047183357e+01,0.000000000000000000e+00
6.631638821824205365e+01,0.000000000000000000e+00
7.082777079164256406e+01,0.000000000000000000e+00
6.912977058320421975e+01,0.000000000000000000e+00
6.902338302611310894e+01,0.000000000000000000e+00
6.711509856284945386e+01,0.000000000000000000e+00
6.810862525390490418e+01,0.000000000000000000e+00
7.006111261044758010e+01,0.000000000000000000e+00
6.727808785980400330e+01,0.000000000000000000e+00
6.632541771250419060e+01,0.000000000000000000e+00
6.955197312942718213e+01,0.000000000000000000e+00
6.475448418165859721e+01,0.000000000000000000e+00
6.884558461174717081e+01,0.000000000000000000e+00
6.901893615117799641e+01,0.000000000000000000e+00
6.575040664557826631e+01,0.000000000000000000e+00
7.013297946744039280e+01,0.000000000000000000e+00
6.662010837733159008e+01,0.000000000000000000e+00
6.696489627950569457e+01,0.000000000000000000e+00
6.750285185108624830e+01,0.000000000000000000e+00
6.842477271711160824e+01,0.000000000000000000e+00
6.693563988311757385e+01,0.000000000000000000e+00
6.412077099347945364e+01,0.000000000000000000e+00
7.153449631835856337e+01,0.000000000000000000e+00
6.220312282138683457e+01,0.000000000000000000e+00
6.928751906549972261e+01,0.000000000000000000e+00
6.785926142628075297e+01,0.000000000000000000e+00
6.342062901977357114e+01,0.000000000000000000e+00
6.694707652326651726e+01,0.000000000000000000e+00
6.614723245693691922e+01,0.000000000000000000e+00
6.754624798713004452e+01,0.000000000000000000e+00
6.594081571286425003e+01,0.000000000000000000e+00
6.684413888033606099e+01,0.000000000000000000e+00
6.194357469169228381e+01,0.000000000000000000e+00
6.413482500298688649e+01,0.000000000000000000e+00
6.717340131936381908e+01,0.000000000000000000e+00
6.848172255557361154e+01,0.000000000000000000e+00
6.503218201315938529e+01,0.000000000000000000e+00
6.482356009572339417e+01,0.000000000000000000e+00
6.513170711798554180e+01,0.000000000000000000e+00
6.677383629714711333e+01,0.000000000000000000e+00
6.838176063197553844e+01,0.000000000000000000e+00
6.502933368483500942e+01,0.000000000000000000e+00
6.321734215867999040e+01,0.000000000000000000e+00
6.615298510175855995e+01,0.000000000000000000e+00
6.106840285745330732e+01,0.000000000000000000e+00
6.649947228957663015e+01,0.000000000000000000e+00
6.682991047837072074e+01,0.000000000000000000e+00
6.375673492661178443e+01,0.000000000000000000e+00
6.589180104907181601e+01,0.000000000000000000e+00
6.531171235330626246e+01,0.000000000000000000e+00
6.394042100431901332e+01,0.000000000000000000e+00
6.987785964490183233e+01,0.000000000000000000e+00
6.197673127823798467e+01,0.000000000000000000e+00
6.330979997005361781e+01,0.000000000000000000e+00
6.428785763851379897e+01,0.000000000000000000e+00
6.880181901919446830e+01,0.000000000000000000e+00
6.847062211610221993e+01,0.000000000000000000e+00
6.382858670611457086e+01,0.000000000000000000e+00
6.294597421995339204e+01,0.000000000000000000e+00
6.596703471023194254e+01,0.000000000000000000e+00
6.889767726028512129e+01,0.000000000000000000e+00
6.309214576080891135e+01,0.000000000000000000e+00
6.689963729805184300e+01,0.000000000000000000e+00
6.074219908696224479e+01,0.000000000000000000e+00
6.736712666104980940e+01,0.000000000000000000e+00
6.464033885231698662e+01,0.000000000000000000e+00
6.372489189928963782e+01,0.000000000000000000e+00
6.366385320721662566e+01,0.000000000000000000e+00
6.207427906379785298e+01,0.000000000000000000e+00
6.551268900395837136e+01,0.000000000000000000e+00
6.340364471276642888e+01,0.000000000000000000e+00
6.707610610606710111e+01,0.000000000000000000e+00
6.052204362160068030e+01,0.000000000000000000e+00
6.207437930118017988e+01,0.000000000000000000e+00
6.538043535703920384e+01,0.000000000000000000e+00
6.485056352880462782e+01,0.000000000000000000e+00
6.362329690099688406e+01,0.000000000000000000e+00
6.148318737264993672e+01,0.000000000000000000e+00
6.003631241012050168e+01,0.000000000000000000e+00
6.357394906909082266e+01,0.000000000000000000e+00
6.398950960781099440e+01,0.000000000000000000e+00
6.550971469554352211e+01,0.000000000000000000e+00
6.185733131133795126e+01,0.000000000000000000e+00
6.674007223067397376e+01,0.000000000000000000e+00
6.342946375947312276e+01,0.000000000000000000e+00
6.260257360074484012e+01,0.000000000000000000e+00
6.364911047286282297e+01,0.000000000000000000e+00
6.365828337622538413e+01,0.000000000000000000e+00
6.221879041881460637e+01,0.000000000000000000e+00
6.397086632046993770e+01,0.000000000000000000e+00
6.462948640390928290e+01,0.000000000000000000e+00
5.990149011886288832e+01,0.000000000000000000e+00
6.319603721163962717e+01,0.000000000000000000e+00
6.192946002648792359e+01,0.000000000000000000e+00
6.383932058105599339e+01,0.000000000000000000e+00
6.485210165598874710e+01,0.000000000000000000e+00
6.011406813596285303e+01,0.000000000000000000e+00
6.179408637970740159e+01,0.000000000000000000e+00
6.246010592380512350e+01,0.000000000000000000e+00
6.445223983110817301e+01,0.000000000000000000e+00
6.665547996119887841e+01,0.000000000000000000e+00
6.175931982944427290e+01,0.000000000000000000e+00
6.037358545170528856e+01,0.000000000000000000e+00
6.402166039721832647e+01,0.000000000000000000e+00
6.169448639016020053e+01,0.000000000000000000e+00
6.064009021977522451e+01,0.000000000000000000e+00
6.035923038117259409e+01,0.000000000000000000e+00
6.044040035735669392e+01,0.000000000000000000e+00
6.228939887724553159e+01,0.000000000000000000e+00
6.315732212409747603e+01,0.000000000000000000e+00
6.164883398594557917e+01,0.000000000000000000e+00
6.234712422314944291e+01,0.000000000000000000e+00
6.053748694214996107e+01,0.000000000000000000e+00
6.196168859173987897e+01,0.000000000000000000e+00
6.271095039031823148e+01,0.000000000000000000e+00
6.614454037724826208e+01,0.000000000000000000e+00
6.101288905907396298e+01,0.000000000000000000e+00
6.040857316000782617e+01,0.000000000000000000e+00
6.381894615144002358e+01,0.000000000000000000e+00
5.978027160535312134e+01,0.000000000000000000e+00
5.579417844593370290e+01,0.000000000000000000e+00
6.268486175580803632e+01,0.000000000000000000e+00
6.255544066375098566e+01,0.000000000000000000e+00
5.999553415292084679e+01,0.000000000000000000e+00
6.181671707818937023e+01,0.000000000000000000e+00
5.978877392526874246e+01,0.000000000000000000e+00
5.912482586324459533e+01,0.000000000000000000e+00
5.838075067858654421e+01,0.000000000000000000e+00
6.330607519287131169e+01,0.000000000000000000e+00
6.073360555411735362e+01,0.000000000000000000e+00
6.085235049431037169e+01,0.000000000000000000e+00
5.938986753352540404e+01,0.000000000000000000e+00
5.758717749048555845e+01,0.000000000000000000e+00
5.824510414804391445e+01,0.000000000000000000e+00
6.038804487767564666e+01,0.000000000000000000e+00
5.747827691386284954e+01,0.000000000000000000e+00
5.742179789497847509e+01,0.000000000000000000e+00
6.166300382653309242e+01,0.000000000000000000e+00
6.229901151627721845e+01,0.000000000000000000e+00
5.871840446279659886e+01,0.000000000000000000e+00
5.837234673442947752e+01,0.000000000000000000e+00
5.967662652363177500e+01,0.000000000000000000e+00
6.027031239269272334e+01,0.000000000000000000e+00
6.094488285202078970e+01,0.000000000000000000e+00
6.073538642066337445e+01,0.000000000000000000e+00
5.977555040676915610e+01,0.000000000000000000e+00
5.785750676526567560e+01,0.000000000000000000e+00
5.837517378533383550e+01,0.000000000000000000e+00
5.470436515550697720e+01,0.000000000000000000e+00
5.827880209944676437e+01,0.000000000000000000e+00
5.980359024552891611e+01,0.000000000000000000e+00
6.010452162518540575e+01,0.000000000000000000e+00
5.767229811046837540e+01,0.000000000000000000e+00
5.512828967972346561e+01,0.000000000000000000e+00
5.894916956372062344e+01,0.000000000000000000e+00
5.858645114500289708e+01,0.000000000000000000e+00
5.764558931581193946e+01,0.000000000000000000e+00
5.536756046364932615e+01,0.000000000000000000e+00
5.675678845841652986e+01,0.000000000000000000e+00
5.676989936207313292e+01,0.000000000000000000e+00
5.528264177972980775e+01,0.000000000000000000e+00
5.794410047170438105e+01,0.000000000000000000e+00
5.738718109475740903e+01,0.000000000000000000e+00
5.894283101755942766e+01,0.000000000000000000e+00
5.645315590693774510e+01,0.000000000000000000e+00
5.559998812662762901e+01,0.000000000000000000e+00
6.016676381616896663e+01,0.000000000000000000e+00
5.651772019429477467e+01,0.000000000000000000e+00
5.525478299183228614e+01,0.000000000000000000e+00
5.771622188480013449e+01,0.000000000000000000e+00
5.624153865951695508e+01,0.000000000000000000e+00
5.645698796623164384e+01,0.000000000000000000e+00
5.329671394553521679e+01,0.000000000000000000e+00
5.564364198120286176e+01,0.000000000000000000e+00
5.689272670624608708e+01,0.000000000000000000e+00
5.269404189086166923e+01,0.000000000000000000e+00
5.635411838271630813e+01,0.000000000000000000e+00
5.609131961353903506e+01,0.000000000000000000e+00
5.344450274546828439e+01,0.000000000000000000e+00
5.523894762324407992e+01,0.000000000000000000e+00
5.477610119928760213e+01,0.000000000000000000e+00
5.663268483736278114e+01,0.000000000000000000e+00
5.705785283649269246e+01,0.000000000000000000e+00
5.696257660345909812e+01,0.000000000000000000e+00
5.819971262575490556e+01,0.000000000000000000e+00
5.459919129800788085e+01,0.000000000000000000e+00
5.624640077289546980e+01,0.000000000000000000e+00
5.546118628422201624e+01,0.000000000000000000e+00
5.565524343555513553e+01,0.000000000000000000e+00
5.602134549254827078e+01,0.000000000000000000e+00
5.394725845744267190e+01,0.000000000000000000e+00
5.581326963144287845e+01,0.000000000000000000e+00
5.271077083646091666e+01,0.000000000000000000e+00
5.495577333510113505e+01,0.000000000000000000e+00
5.357082676507302210e+01,0.000000000000000000e+00
5.518646436081183992e+01,0.000000000000000000e+00
5.714255321982641789e+01,0.000000000000000000e+00
5.535272986853977528e+01,0.000000000000000000e+00
5.628522277472148971e+01,0.000000000000000000e+00
5.210868980330871381e+01,0.000000000000000000e+00
5.409372483266081133e+01,0.000000000000000000e+00
4.996862724168543224e+01,0.000000000000000000e+00
5.608167649975769820e+01,0.000000000000000000e+00
5.334796503797179668e+01,0.000000000000000000e+00
4.943891986159366780e+01,0.000000000000000000e+00
5.427245639170859448e+01,0.000000000000000000e+00
5.444968583750817714e+01,0.000000000000000000e+00
5.360044747686685440e+01,0.000000000000000000e+00
5.179684097022902023e+01,0.000000000000000000e+00
5.071163274757829242e+01,0.000000000000000000e+00
5.381118565432515055e+01,0.000000000000000000e+00
5.130233293905121172e+01,0.000000000000000000e+00
5.471484032835871147e+01,0.000000000000000000e+00
5.399348821593568459e+01,0.000000000000000000e+00
5.555486580006159159e+01,0.000000000000000000e+00
5.367482403440949668e+01,0.000000000000000000e+00
5.227696198308952091e+01,0.000000000000000000e+00
5.443560289553418130e+01,0.000000000000000000e+00
5.358609148970456459e+01,0.000000000000000000e+00
5.154593210702774542e+01,0.000000000000000000e+00
5.232123711481027328e+01,0.000000000000000000e+00
5.408597015550575549e+01,0.000000000000000000e+00
5.666124510040705076e+01,0.000000000000000000e+00
5.391866647023242365e+01,0.000000000000000000e+00
5.219951625120998528e+01,0.000000000000000000e+00
5.289354445012330785e+01,0.000000000000000000e+00
4.975183475061620442e+01,0.000000000000000000e+00
5.313693282930098150e+01,0.000000000000000000e+00
5.502010139240039877e+01,0.000000000000000000e+00
5.184059133080257453e+01,0.000000000000000000e+00
5.564197182225012028e+01,0.000000000000000000e+00
4.748678807425248749e+01,0.000000000000000000e+00
4.914200997190535958e+01,0.000000000000000000e+00
5.164824300426743520e+01,0.000000000000000000e+00
5.266606279007032043e+01,0.000000000000000000e+00
5.021654356492364002e+01,0.000000000000000000e+00
5.173322078371119659e+01,0.000000000000000000e+00
5.183986357913972398e+01,0.000000000000000000e+00
4.917209031141525344e+01,0.000000000000000000e+00
5.016464873084299114e+01,0.000000000000000000e+00
5.160969468147860084e+01,0.000000000000000000e+00
5.512929153967161966e+01,0.000000000000000000e+00
4.709528526260517367e+01,0.000000000000000000e+00
5.079773999333222889e+01,0.000000000000000000e+00
5.298660378044976937e+01,0.000000000000000000e+00
4.955116676463003245e+01,0.000000000000000000e+00
4.921911819043884151e+01,0.000000000000000000e+00
5.307763801216157162e+01,0.000000000000000000e+00
5.033967104270809756e+01,0.000000000000000000e+00
5.011626938568773681e+01,0.000000000000000000e+00
5.224183431054887450e+01,0.000000000000000000e+00
4.960851087477169585e+01,0.000000000000000000e+00
5.073244684192478360e+01,0.000000000000000000e+00
5.307952812850417956e+01,0.000000000000000000e+00
5.483981185954297644e+01,0.000000000000000000e+00
5.074670036377396798e+01,0.000000000000000000e+00
4.747623438761431203e+01,0.000000000000000000e+00
5.016679892812123143e+01,0.000000000000000000e+00
4.581264500148378005e+01,0.000000000000000000e+00
4.713527512668790820e+01,0.000000000000000000e+00
5.081279958884931602e+01,0.000000000000000000e+00
5.050990837741706230e+01,0.000000000000000000e+00
5.394103758631118950e+01,0.000000000000000000e+00
5.111063437554331301e+01,0.000000000000000000e+00
4.880826145075609190e+01,0.000000000000000000e+00
4.700289273683703328e+01,0.000000000000000000e+00
4.635175205736878468e+01,0.000000000000000000e+00
4.705187518388457590e+01,0.000000000000000000e+00
4.943203965278154755e+01,0.000000000000000000e+00
4.669135798052717234e+01,0.000000000000000000e+00
4.792444534371585263e+01,0.000000000000000000e+00
4.868788342457608564e+01,0.000000000000000000e+00
4.761262248678188769e+01,0.000000000000000000e+00
4.874172926374127002e+01,0.000000000000000000e+00
5.140813757403714135e+01,0.000000000000000000e+00
5.177723153521361610e+01,0.000000000000000000e+00
4.641773749687170891e+01,0.000000000000000000e+00
4.843747798638879232e+01,0.000000000000000000e+00
4.766909848378281822e+01,0.000000000000000000e+00
5.292271356168193108e+01,0.000000000000000000e+00
4.578273641508967984e+01,0.000000000000000000e+00
4.597512916461211319e+01,0.000000000000000000e+00
4.497463558088522717e+01,0.000000000000000000e+00
4.777437736899243959e+01,0.000000000000000000e+00
4.649133940104776030e+01,0.000000000000000000e+00
4.399478655437872732e+01,0.000000000000000000e+00
5.164917147513437357e+01,0.000000000000000000e+00
4.781123243428346115e+01,0.000000000000000000e+00
4.742221221449693758e+01,0.000000000000000000e+00
4.576507989282205813e+01,0.000000000000000000e+00
4.726274242095949063e+01,0.000000000000000000e+00
4.757398713465677531e+01,0.000000000000000000e+00
4.478788373633447151e+01,0.000000000000000000e+00
4.359150975744667278e+01,0.000000000000000000e+00
4.485896791041542286e+01,0.000000000000000000e+00
4.812538808463225593e+01,0.000000000000000000e+00
4.813947587986795895e+01,0.000000000000000000e+00
4.787393863758146750e+01,0.000000000000000000e+00
4.702187827459989933e+01,0.000000000000000000e+00
4.810728380991915287e+01,0.000000000000000000e+00
4.484351610169012048e+01,0.000000000000000000e+00
4.768517267438502927e+01,0.000000000000000000e+00
4.441287146004423647e+01,0.000000000000000000e+00
4.490019550037268914e+01,0.000000000000000000e+00
4.638958545221652230e+01,0.000000000000000000e+00
4.783549464638007009e+01,0.000000000000000000e+00
4.521910631847277529e+01,0.000000000000000000e+00
4.515265800952273878e+01,0.000000000000000000e+00
4.717010352611509205e+01,0.000000000000000000e+00
4.777836815293585460e+01,0.000000000000000000e+00
4.543344878096301898e+01,0.000000000000000000e+00
4.331468452744556430e+01,0.000000000000000000e+00
4.414582924095429206e+01,0.000000000000000000e+00
4.596614936492803594e+01,0.000000000000000000e+00
4.831677570685317136e+01,0.000000000000000000e+00
4.377440818156610902e+01,0.000000000000000000e+00
5.001119140029982191e+01,0.000000000000000000e+00
4.517654743340580836e+01,0.000000000000000000e+00
4.696940390712042301e+01,0.000000000000000000e+00
4.224463508054389393e+01,0.000000000000000000e+00
4.407576809204071822e+01,0.000000000000000000e+00
4.551864175065071549e+01,0.000000000000000000e+00
4.376523806139695694e+01,0.000000000000000000e+00
4.413402252228100053e+01,0.000000000000000000e+00
4.394600222013075808e+01,0.000000000000000000e+00
4.603684096382941249e+01,0.000000000000000000e+00
4.600629517668304658e+01,0.000000000000000000e+00
4.426855776245344742e+01,0.000000000000000000e+00
4.266085081324767003e+01,0.000000000000000000e+00
4.598706837533969605e+01,0.000000000000000000e+00
4.660016983591118134e+01,0.000000000000000000e+00
4.195579618938469935e+01,0.000000000000000000e+00
4.446950431534514792e+01,0.000000000000000000e+00
4.609154908640966397e+01,0.000000000000000000e+00
4.572968606328107199e+01,0.000000000000000000e+00
4.767492837749256296e+01,0.000000000000000000e+00
4.399647457686270968e+01,0.000000000000000000e+00
4.638662345269899134e+01,0.000000000000000000e+00
4.875979492868900422e+01,0.000000000000000000e+00
4.072018146644565206e+01,0.000000000000000000e+00
4.031677742911291773e+01,0.000000000000000000e+00
4.554657556783447347e+01,0.000000000000000000e+00
4.571870195263504399e+01,0.000000000000000000e+00
4.204549248543838758e+01,0.000000000000000000e+00
4.469864062460059984e+01,0.000000000000000000e+00
4.493866905490600061e+01,0.000000000000000000e+00
4.293868646621946539e+01,0.000000000000000000e+00
4.212831867998162494e+01,0.000000000000000000e+00
4.724586812423086002e+01,0.000000000000000000e+00
4.179992345124616548e+01,0.000000000000000000e+00
4.164844793290012603e+01,0.000000000000000000e+00
4.114703477138056087e+01,0.000000000000000000e+00
4.299474065315153837e+01,0.000000000000000000e+00
4.696117806231314518e+01,0.000000000000000000e+00
3.942069873950299552e+01,0.000000000000000000e+00
4.085950659523641804e+01,0.000000000000000000e+00
4.263762728037538352e+01,0.000000000000000000e+00
3.929248881353706224e+01,0.000000000000000000e+00
4.285741761934368554e+01,0.000000000000000000e+00
4.262582107920583496e+01,0.000000000000000000e+00
4.052410560421052566e+01,0.000000000000000000e+00
4.214463052087784689e+01,0.000000000000000000e+00
4.256939528211848511e+01,0.000000000000000000e+00
4.349834258685572763e+01,0.000000000000000000e+00
4.212003985878556733e+01,0.000000000000000000e+00
4.245270452361069857e+01,0.000000000000000000e+00
4.228583112981256420e+01,0.000000000000000000e+00
3.945012096005345370e+01,0.000000000000000000e+00
4.137268775645594587e+01,0.000000000000000000e+00
4.018867529913509173e+01,0.000000000000000000e+00
4.135904019372355123e+01,0.000000000000000000e+00
4.324517529930224669e+01,0.000000000000000000e+00
4.036186098099221198e+01,0.000000000000000000e+00
4.209991859070213138e+01,0.000000000000000000e+00
3.893723529834939967e+01,0.000000000000000000e+00
3.936763786582766755e+01,0.000000000000000000e+00
3.820058281164141079e+01,0.000000000000000000e+00
4.297583320729662404e+01,0.000000000000000000e+00
3.643945256148425926e+01,0.000000000000000000e+00
3.870191322943617251e+01,0.000000000000000000e+00
4.054335462949223512e+01,0.000000000000000000e+00
4.105693451633099755e+01,0.000000000000000000e+00
3.930394330000176950e+01,0.000000000000000000e+00
4.340282382465306199e+01,0.000000000000000000e+00
3.755155078655116796e+01,0.000000000000000000e+00
4.084379888578995832e+01,0.000000000000000000e+00
3.824800198627951886e+01,0.000000000000000000e+00
3.981102995561462166e+01,0.000000000000000000e+00
3.642474597992661955e+01,0.000000000000000000e+00
3.757236643378581675e+01,0.000000000000000000e+00
3.939355353976503693e+01,0.000000000000000000e+00
3.885892711923683862e+01,0.000000000000000000e+00
4.264723813365286986e+01,0.000000000000000000e+00
4.165105568231612665e+01,0.000000000000000000e+00
3.711854354656098565e+01,0.000000000000000000e+00
3.777306729058970092e+01,0.000000000000000000e+00
3.842911933660207069e+01,0.000000000000000000e+00
3.849251454536656070e+01,0.000000000000000000e+00
3.945104186502862120e+01,0.000000000000000000e+00
4.097330179830799324e+01,0.000000000000000000e+00
4.158238891558899297e+01,0.000000000000000000e+00
3.478244677802095453e+01,0.000000000000000000e+00
4.147518998917232835e+01,0.000000000000000000e+00
3.756510372819546006e+01,0.000000000000000000e+00
3.786231237148600570e+01,0.000000000000000000e+00
3.994529037278214645e+01,0.000000000000000000e+00
3.814622745040178842e+01,0.000000000000000000e+00
3.870088178778709675e+01,0.000000000000000000e+00
4.137660816339954550e+01,0.000000000000000000e+00
3.965305710464829048e+01,0.000000000000000000e+00
4.018102540305189763e+01,0.000000000000000000e+00
3.875187916753674955e+01,0.000000000000000000e+00
3.509489251309449287e+01,0.000000000000000000e+00
3.550194605104782397e+01,0.000000000000000000e+00
3.116792015935767779e+01,0.000000000000000000e+00
3.752927378848924889e+01,0.000000000000000000e+00
3.723103764258049608e+01,0.000000000000000000e+00
3.344141027999320670e+01,0.000000000000000000e+00
3.190610345362925671e+01,0.000000000000000000e+00
3.925393850346832636e+01,0.000000000000000000e+00
3.849614127986702528e+01,0.000000000000000000e+00
3.875001748454656081e+01,0.000000000000000000e+00
3.621233732399228700e+01,0.000000000000000000e+00
3.885231227063531634e+01,0.000000000000000000e+00
3.424853166236830759e+01,0.000000000000000000e+00
3.488442055430814293e+01,0.000000000000000000e+00
3.636309501011739087e+01,0.000000000000000000e+00
3.620103062403192240e+01,0.000000000000000000e+00
3.875225228881384254e+01,0.000000000000000000e+00
3.333405152646917458e+01,0.000000000000000000e+00
3.850264249898599900e+01,0.000000000000000000e+00
3.455287357675542381e+01,0.000000000000000000e+00
3.369559091636610049e+01,0.000000000000000000e+00
3.797912689759534999e+01,0.000000000000000000e+00
3.364906536906541845e+01,0.000000000000000000e+00
3.634363813788560549e+01,0.000000000000000000e+00
3.675744188952685221e+01,0.000000000000000000e+00
3.601840286862078955e+01,0.000000000000000000e+00
3.720642125828641156e+01,0.000000000000000000e+00
3.771738020151900628e+01,0.000000000000000000e+00
3.615423548995416070e+01,0.000000000000000000e+00
3.761361635577733153e+01,0.000000000000000000e+00
3.869464109022085552e+01,0.000000000000000000e+00
3.649994244837040469e+01,0.000000000000000000e+00
3.401031971301487999e+01,0.000000000000000000e+00
3.202178359736292634e+01,0.000000000000000000e+00
3.396020473451077493e+01,0.000000000000000000e+00
3.548868708271009353e+01,0.000000000000000000e+00
3.859728529924096563e+01,0.000000000000000000e+00
3.395253378880764927e+01,0.000000000000000000e+00
3.724596971979394056e+01,0.000000000000000000e+00
3.098886555825648514e+01,0.000000000000000000e+00
3.516734642029282298e+01,0.000000000000000000e+00
3.651724248900939074e+01,0.000000000000000000e+00
3.258687735871557578e+01,0.000000000000000000e+00
3.137994809294026410e+01,0.000000000000000000e+00
3.520700398809029963e+01,0.000000000000000000e+00
3.248519375725420844e+01,0.000000000000000000e+00
3.243388327064649701e+01,0.000000000000000000e+00
3.195935524076816492e+01,0.000000000000000000e+00
3.349701697692856328e+01,0.000000000000000000e+00
3.054126927014922543e+01,0.000000000000000000e+00
3.584342486708963094e+01,0.000000000000000000e+00
3.305683304183690296e+01,0.000000000000000000e+00
3.582647417058083050e+01,0.000000000000000000e+00
3.498387811470345099e+01,0.000000000000000000e+00
3.216653155940279873e+01,0.000000000000000000e+00
3.368334112479636389e+01,0.000000000000000000e+00
3.364416635175584247e+01,0.000000000000000000e+00
3.354424644531367505e+01,0.000000000000000000e+00
3.389630473291508395e+01,0.000000000000000000e+00
3.470771166740060920e+01,0.000000000000000000e+00
3.715787027893158978e+01,0.000000000000000000e+00
3.159132655069223361e+01,0.000000000000000000e+00
3.242546185325544172e+01,0.000000000000000000e+00
3.029764972701811487e+01,0.000000000000000000e+00
3.314822208144708782e+01,0.000000000000000000e+00
3.092503117476444885e+01,0.000000000000000000e+00
2.958744257371019870e+01,0.000000000000000000e+00
2.830247177938199243e+01,0.000000000000000000e+00
3.612341391527279200e+01,0.000000000000000000e+00
3.183785287416586485e+01,0.000000000000000000e+00
3.287059142153066205e+01,0.000000000000000000e+00
3.749795394795751236e+01,0.000000000000000000e+00
2.879261911338411650e+01,0.000000000000000000e+00
3.144605055065402155e+01,0.000000000000000000e+00
3.302094190809804530e+01,0.000000000000000000e+00
3.502379189157345962e+01,0.000000000000000000e+00
3.377612421783179997e+01,0.000000000000000000e+00
2.983728821818521482e+01,0.000000000000000000e+00
3.186449309265595886e+01,0.000000000000000000e+00
3.258492940933425785e+01,0.000000000000000000e+00
3.250856921416544765e+01,0.000000000000000000e+00
3.222564883883661935e+01,0.000000000000000000e+00
3.265110214444003134e+01,0.000000000000000000e+00
3.457507397446693886e+01,0.000000000000000000e+00
3.349490757769105898e+01,0.000000000000000000e+00
3.427457330689338733e+01,0.000000000000000000e+00
3.272996389143247598e+01,0.000000000000000000e+00
3.458095271942259075e+01,0.000000000000000000e+00
2.887792777421284285e+01,0.000000000000000000e+00
3.151788924665024538e+01,0.000000000000000000e+00
3.287478496170597708e+01,0.000000000000000000e+00
3.456878441225347842e+01,0.000000000000000000e+00
3.430351534992233553e+01,0.000000000000000000e+00
3.051190496276349506e+01,0.000000000000000000e+00
3.061921883890698837e+01,0.000000000000000000e+00
3.134389841469514337e+01,0.000000000000000000e+00
3.136443534621515639e+01,0.000000000000000000e+00
3.151525009913572717e+01,0.000000000000000000e+00
3.211744758958607093e+01,0.000000000000000000e+00
3.158025590813339889e+01,0.000000000000000000e+00
2.944712575180003356e+01,0.000000000000000000e+00
3.311329812742636136e+01,0.000000000000000000e+00
3.206565671892947478e+01,0.000000000000000000e+00
2.918534613512655795e+01,0.000000000000000000e+00
2.840731906403537721e+01,0.000000000000000000e+00
2.856119671017656003e+01,0.000000000000000000e+00
2.771769269392311230e+01,0.000000000000000000e+00
3.274872698961082307e+01,0.000000000000000000e+00
3.189612787864832200e+01,0.000000000000000000e+00
2.597461353535625506e+01,0.000000000000000000e+00
3.110440952984765417e+01,0.000000000000000000e+00
3.143908700143834167e+01,0.000000000000000000e+00
2.629175947064198482e+01,0.000000000000000000e+00
2.884289554186068827e+01,0.000000000000000000e+00
3.067462391923390186e+01,0.000000000000000000e+00
3.333663193612560605e+01,0.000000000000000000e+00
2.989155022081941837e+01,0.000000000000000000e+00
2.983917039446518160e+01,0.000000000000000000e+00
2.919384229540568398e+01,0.000000000000000000e+00
3.299149563884544989e+01,0.000000000000000000e+00
2.905101377414942831e+01,0.000000000000000000e+00
3.193838201048236769e+01,0.000000000000000000e+00
2.624577265111615532e+01,0.000000000000000000e+00
2.804641614229700153e+01,0.000000000000000000e+00
2.885879796563728661e+01,0.000000000000000000e+00
3.031782798879450169e+01,0.000000000000000000e+00
2.924732008893408164e+01,0.000000000000000000e+00
3.114841491701308485e+01,0.000000000000000000e+00
2.986194991054433601e+01,0.000000000000000000e+00
2.633317532847699738e+01,0.000000000000000000e+00
3.146431731215026772e+01,0.000000000000000000e+00
2.917887647897061143e+01,0.000000000000000000e+00
3.022839839224728209e+01,0.000000000000000000e+00
3.162343228603772616e+01,0.000000000000000000e+00
3.101329035925072475e+01,0.000000000000000000e+00
3.388277769731958244e+01,0.000000000000000000e+00
2.805429874220802944e+01,0.000000000000000000e+00
2.778683665887317744e+01,0.000000000000000000e+00
2.953199454758032161e+01,0.000000000000000000e+00
2.486009433956297698e+01,0.000000000000000000e+00
2.952653764537348735e+01,0.000000000000000000e+00
2.536180838944202520e+01,0.000000000000000000e+00
2.902784089384048372e+01,0.000000000000000000e+00
2.739306906559315280e+01,0.000000000000000000e+00
2.709641388394650363e+01,0.000000000000000000e+00
2.534857820822205454e+01,0.000000000000000000e+00
2.829248220917203938e+01,0.000000000000000000e+00
2.989113600944089555e+01,0.000000000000000000e+00
2.992647988460791808e+01,0.000000000000000000e+00
2.915791080979183292e+01,0.000000000000000000e+00
2.700323310455167558e+01,0.000000000000000000e+00
2.886361284581207087e+01,0.000000000000000000e+00
2.912748967787402776e+01,0.000000000000000000e+00
2.653665572996440858e+01,0.000000000000000000e+00
2.946336469285425608e+01,0.000000000000000000e+00
2.812081983020094000e+01,0.000000000000000000e+00
2.571743773595676430e+01,0.000000000000000000e+00
2.889238362531742865e+01,0.000000000000000000e+00
2.497621559475122766e+01,0.000000000000000000e+00
2.617395800278409013e+01,0.000000000000000000e+00
2.626760120304815871e+01,0.000000000000000000e+00
2.500839563308826285e+01,0.000000000000000000e+00
2.673984745196365509e+01,0.000000000000000000e+00
2.774142685875739645e+01,0.000000000000000000e+00
2.492571784457173223e+01,0.000000000000000000e+00
2.410560283305801832e+01,0.000000000000000000e+00
2.504176797097381524e+01,0.000000000000000000e+00
2.782686389618478984e+01,0.000000000000000000e+00
2.503845152063626855e+01,0.000000000000000000e+00
3.048804199952434502e+01,0.000000000000000000e+00
2.633184831622754629e+01,0.000000000000000000e+00
3.137051035438529567e+01,0.000000000000000000e+00
2.616432134370423768e+01,0.000000000000000000e+00
2.679102296028308672e+01,0.000000000000000000e+00
2.784674361808128396e+01,0.000000000000000000e+00
2.442188344601573036e+01,0.000000000000000000e+00
2.824678085672478289e+01,0.000000000000000000e+00
2.600308924978578418e+01,0.000000000000000000e+00
2.435968694843127835e+01,0.000000000000000000e+00
2.732197482901861818e+01,0.000000000000000000e+00
2.549375102175418562e+01,0.000000000000000000e+00
3.107530988303569686e+01,0.000000000000000000e+00
2.407184877813811497e+01,0.000000000000000000e+00
2.565938409826155464e+01,0.000000000000000000e+00
2.796211168235390332e+01,0.000000000000000000e+00
2.410095805112340628e+01,0.000000000000000000e+00
2.401020482868111827e+01,0.000000000000000000e+00
2.647181092931919721e+01,0.000000000000000000e+00
2.705941589053305307e+01,0.000000000000000000e+00
2.524816196023799364e+01,0.000000000000000000e+00
2.469029351235943892e+01,0.000000000000000000e+00
2.725539900819893901e+01,0.000000000000000000e+00
2.704347282674289588e+01,0.000000000000000000e+00
2.441680140068636362e+01,0.000000000000000000e+00
2.521358031747175232e+01,0.000000000000000000e+00
2.603336045626466344e+01,0.000000000000000000e+00
2.437937464787514941e+01,0.000000000000000000e+00
2.775915244077624422e+01,0.000000000000000000e+00
2.521843638847511215e+01,0.000000000000000000e+00
2.281966563096914768e+01,0.000000000000000000e+00
2.290156083458326108e+01,0.000000000000000000e+00
2.390489066674565066e+01,0.000000000000000000e+00
2.586362526708743204e+01,0.000000000000000000e+00
2.312651623107081988e+01,0.000000000000000000e+00
2.642182585784088289e+01,0.000000000000000000e+00
2.428617778149148165e+01,0.000000000000000000e+00
2.259067306660650587e+01,0.000000000000000000e+00
2.867678725158564745e+01,0.000000000000000000e+00
2.496988225639229952e+01,0.000000000000000000e+00
2.423265497632619159e+01,0.000000000000000000e+00
2.667797953794459787e+01,0.000000000000000000e+00
2.012592715233100193e+01,0.000000000000000000e+00
2.722027304922526625e+01,0.000000000000000000e+00
2.569543576726457346e+01,0.000000000000000000e+00
2.810662458795275143e+01,0.000000000000000000e+00
2.554128706033461782e+01,0.000000000000000000e+00
2.449381601906052097e+01,0.000000000000000000e+00
2.377254715331922341e+01,0.000000000000000000e+00
2.342143655681990921e+01,0.000000000000000000e+00
2.574841271907581230e+01,0.000000000000000000e+00
2.104123246786387469e+01,0.000000000000000000e+00
2.855437853889098321e+01,0.000000000000000000e+00
2.491547053969026138e+01,0.000000000000000000e+00
2.614915845146768447e+01,0.000000000000000000e+00
2.641010095297297156e+01,0.000000000000000000e+00
2.402194021331059659e+01,0.000000000000000000e+00
2.587644951728610820e+01,0.000000000000000000e+00
2.246150376197757481e+01,0.000000000000000000e+00
2.196407848774642346e+01,0.000000000000000000e+00
2.678526192097611514e+01,0.000000000000000000e+00
2.259678346400451332e+01,0.000000000000000000e+00
2.722725210024331233e+01,0.000000000000000000e+00
2.356339450672380664e+01,0.000000000000000000e+00
2.198254032019895021e+01,0.000000000000000000e+00
2.418094964353582910e+01,0.000000000000000000e+00
2.176975971915583941e+01,0.000000000000000000e+00
2.110495351360354732e+01,0.000000000000000000e+00
2.265600160643982264e+01,0.000000000000000000e+00
2.680484473392079181e+01,0.000000000000000000e+00
2.333182567213668079e+01,0.000000000000000000e+00
2.079478467874168857e+01,0.000000000000000000e+00
2.630057474679852803e+01,0.000000000000000000e+00
2.205970920896494292e+01,0.000000000000000000e+00
2.471580940537761606e+01,0.000000000000000000e+00
2.186143920993082546e+01,0.000000000000000000e+00
2.142501575819596482e+01,0.000000000000000000e+00
2.548895778233201170e+01,0.000000000000000000e+00
2.354181613996580325e+01,0.000000000000000000e+00
2.206538648336514896e+01,0.000000000000000000e+00
2.233174265516027646e+01,0.000000000000000000e+00
2.077662169358943345e+01,0.000000000000000000e+00
2.472832679941204503e+01,0.000000000000000000e+00
2.232217526857674628e+01,0.000000000000000000e+00
2.467076626169946607e+01,0.000000000000000000e+00
2.432546012138920233e+01,0.000000000000000000e+00
2.290202514975421266e+01,0.000000000000000000e+00
1.883408333854794137e+01,0.000000000000000000e+00
2.316552112634821015e+01,0.000000000000000000e+00
2.203087853119782480e+01,0.000000000000000000e+00
2.142260002365534888e+01,0.000000000000000000e+00
2.307003110271179835e+01,0.000000000000000000e+00
1.997310199372523698e+01,0.000000000000000000e+00
2.235162666048609736e+01,0.000000000000000000e+00
2.191576329105810572e+01,0.000000000000000000e+00
2.184556558406370286e+01,0.000000000000000000e+00
2.278559677632261682e+01,0.000000000000000000e+00
2.359745309151703907e+01,0.000000000000000000e+00
1.913932589873153489e+01,0.000000000000000000e+00
2.446571882009840593e+01,0.000000000000000000e+00
2.165108289448845724e+01,0.000000000000000000e+00
1.966947614121938415e+01,0.000000000000000000e+00
2.584192267533997978e+01,0.000000000000000000e+00
2.357071922608280801e+01,0.000000000000000000e+00
1.721454320735514187e+01,0.000000000000000000e+00
2.647710935850435376e+01,0.000000000000000000e+00
2.057960983823019774e+01,0.000000000000000000e+00
1.992703172558520563e+01,0.000000000000000000e+00
2.277438690793566067e+01,0.000000000000000000e+00
1.705306550548700173e+01,0.000000000000000000e+00
2.191832697787716455e+01,0.000000000000000000e+00
2.448870501851459736e+01,0.000000000000000000e+00
2.080937318064596298e+01,0.000000000000000000e+00
2.233586376827406994e+01,0.000000000000000000e+00
2.240604765074220950e+01,0.000000000000000000e+00
2.019990873790780128e+01,0.000000000000000000e+00
2.306497538759339960e+01,0.000000000000000000e+00
1.785088045841229842e+01,0.000000000000000000e+00
2.018905168943122419e+01,0.000000000000000000e+00
2.039953814330766591e+01,0.000000000000000000e+00
2.225378355223221760e+01,0.000000000000000000e+00
2.220551674667146358e+01,0.000000000000000000e+00
2.076498683755215424e+01,0.000000000000000000e+00
2.040065141369696633e+01,0.000000000000000000e+00
2.017908445391303829e+01,0.000000000000000000e+00
1.884218159098878331e+01,0.000000000000000000e+00
2.399045996991239349e+01,0.000000000000000000e+00
2.313342431269799349e+01,0.000000000000000000e+00
2.258508674871651678e+01,0.000000000000000000e+00
2.012566710556104965e+01,0.000000000000000000e+00
2.093477499565807065e+01,0.000000000000000000e+00
1.917361402075068000e+01,0.000000000000000000e+00
2.288673008813871235e+01,0.000000000000000000e+00
2.124625579301227773e+01,0.000000000000000000e+00
2.355427686675196952e+01,0.000000000000000000e+00
2.193256101850123585e+01,0.000000000000000000e+00
2.093632230894669988e+01,0.000000000000000000e+00
2.147336298197904014e+01,0.000000000000000000e+00
2.066667028346548562e+01,0.000000000000000000e+00
2.363346685986888218e+01,0.000000000000000000e+00
2.076455681923703622e+01,0.000000000000000000e+00
2.224756324537613139e+01,0.000000000000000000e+00
2.269493382368803935e+01,0.000000000000000000e+00
1.966397486266966510e+01,0.000000000000000000e+00
2.240246031730270460e+01,0.000000000000000000e+00
2.254185443316528747e+01,0.000000000000000000e+00
2.165934339242789619e+01,0.000000000000000000e+00
2.148683298856072454e+01,0.000000000000000000e+00
2.348327437020721575e+01,0.000000000000000000e+00
2.272043139840494774e+01,0.000000000000000000e+00
2.107129280609200350e+01,0.000000000000000000e+00
2.085169484311914445e+01,0.000000000000000000e+00
1.700296732038453484e+01,0.000000000000000000e+00
2.180283725976117992e+01,0.000000000000000000e+00
2.069692880431687598e+01,0.000000000000000000e+00
2.387030385637531538e+01,0.000000000000000000e+00
2.053569578796835771e+01,0.000000000000000000e+00
2.161698584456629035e+01,0.000000000000000000e+00
2.033097877552118860e+01,0.000000000000000000e+00
2.166963328519148391e+01,0.000000000000000000e+00
2.160424113246073574e+01,0.000000000000000000e+00
2.046113081117869470e+01,0.000000000000000000e+00
2.154879825228417900e+01,0.000000000000000000e+00
1.934599033177006433e+01,0.000000000000000000e+00
1.747179382507387402e+01,0.000000000000000000e+00
1.448463354144399418e+01,0.000000000000000000e+00
2.147225763614823535e+01,0.000000000000000000e+00
1.916142184037844842e+01,0.000000000000000000e+00
1.911824988968623273e+01,0.000000000000000000e+00
1.548655935865620847e+01,0.000000000000000000e+00
2.010401545856998595e+01,0.000000000000000000e+00
2.032855543458487446e+01,0.000000000000000000e+00
2.035864626476165995e+01,0.000000000000000000e+00
1.796864107682364420e+01,0.000000000000000000e+00
1.921566802390284323e+01,0.000000000000000000e+00
2.135056329571251865e+01,0.000000000000000000e+00
2.044617531629641505e+01,0.000000000000000000e+00
2.286646179532913337e+01,0.000000000000000000e+00
2.291005980436533918e+01,0.000000000000000000e+00
2.383332532156564909e+01,0.000000000000000000e+00
2.076418933139999368e+01,0.000000000000000000e+00
1.982608737620679662e+01,0.000000000000000000e+00
1.561223516890131435e+01,0.000000000000000000e+00
1.742315325514653779e+01,0.000000000000000000e+00
2.098526088177420590e+01,0.000000000000000000e+00
1.608830850922099742e+01,0.000000000000000000e+00
1.878639212693868643e+01,0.000000000000000000e+00
2.082570304041158238e+01,0.000000000000000000e+00
2.034751795763552096e+01,0.000000000000000000e+00
2.246197274436612901e+01,0.000000000000000000e+00
2.197566189274917292e+01,0.000000000000000000e+00
2.270309150076137072e+01,0.000000000000000000e+00
1.925198297544411830e+01,0.000000000000000000e+00
1.985420011640983162e+01,0.000000000000000000e+00
2.145911313833658340e+01,0.000000000000000000e+00
2.246970442159728520e+01,0.000000000000000000e+00
1.854395521377759692e+01,0.000000000000000000e+00
2.147198703796788521e+01,0.000000000000000000e+00
2.232024592166027332e+01,0.000000000000000000e+00
1.756738854223463520e+01,0.000000000000000000e+00
2.245491870958887404e+01,0.000000000000000000e+00
2.139226302913651523e+01,0.000000000000000000e+00
2.037956529358563529e+01,0.000000000000000000e+00
2.218040897105960241e+01,0.000000000000000000e+00
2.061885450349197768e+01,0.000000000000000000e+00
2.164023505209565101e+01,0.000000000000000000e+00
1.967566609146003742e+01,0.000000000000000000e+00
1.832187786206914382e+01,0.000000000000000000e+00
2.304537767385212277e+01,0.000000000000000000e+00
1.900409650665685035e+01,0.000000000000000000e+00
2.217671556351355378e+01,0.000000000000000000e+00
1.745557880232323100e+01,0.000000000000000000e+00
2.061864271531919712e+01,0.000000000000000000e+00
1.790746906429274787e+01,0.000000000000000000e+00
1.661941555391436864e+01,0.000000000000000000e+00
2.038557549126758062e+01,0.000000000000000000e+00
1.880586706811955722e+01,0.000000000000000000e+00
2.127726000798503847e+01,0.000000000000000000e+00
2.022631911201704469e+01,0.000000000000000000e+00
2.224851005438930684e+01,0.000000000000000000e+00
2.019774457758990494e+01,0.000000000000000000e+00
2.374490872023917021e+01,0.000000000000000000e+00
2.004956776657746431e+01,0.000000000000000000e+00
2.019272030078756686e+01,0.000000000000000000e+00
2.051335290089803820e+01,0.000000000000000000e+00
1.684489128283546933e+01,0.000000000000000000e+00
2.345807291412086926e+01,0.000000000000000000e+00
2.389275771836000928e+01,0.000000000000000000e+00
2.018261272428220465e+01,0.000000000000000000e+00
1.863826784193843977e+01,0.000000000000000000e+00
2.112841314965073636e+01,0.000000000000000000e+00
2.101102759052144364e+01,0.000000000000000000e+00
1.594820020567050989e+01,0.000000000000000000e+00
1.790312067198286883e+01,0.000000000000000000e+00
2.283926479676964760e+01,0.000000000000000000e+00
2.095726276873518756e+01,0.000000000000000000e+00
2.302901819507540893e+01,0.000000000000000000e+00
1.843848157819793698e+01,0.000000000000000000e+00
1.926764910633557548e+01,0.000000000000000000e+00
1.751696657850638417e+01,0.000000000000000000e+00
2.134498823132814493e+01,0.000000000000000000e+00
1.787731834058100588e+01,0.000000000000000000e+00
2.099644776364551646e+01,0.000000000000000000e+00
2.010880214646824271e+01,0.000000000000000000e+00
1.933634214880722624e+01,0.000000000000000000e+00
1.827933955542213340e+01,0.000000000000000000e+00
2.154472405464527185e+01,0.000000000000000000e+00
1.897000214848726785e+01,0.000000000000000000e+00
1.796878458121907940e+01,0.000000000000000000e+00
1.935482570554613346e+01,0.000000000000000000e+00
2.434242056885391037e+01,0.000000000000000000e+00
1.879131961434784159e+01,0.000000000000000000e+00
2.055146304442914484e+01,0.000000000000000000e+00
2.212502305890354037e+01,0.000000000000000000e+00
2.282548142839106831e+01,0.000000000000000000e+00
2.090148165788836820e+01,0.000000000000000000e+00
1.922841659521493796e+01,0.000000000000000000e+00
1.882640683056960285e+01,0.000000000000000000e+00
2.023005072391585912e+01,0.000000000000000000e+00
2.049492735247554975e+01,0.000000000000000000e+00
1.971085236898349891e+01,0.000000000000000000e+00
1.841266919551098269e+01,0.000000000000000000e+00
2.029477122561892344e+01,0.000000000000000000e+00
1.810732828545716089e+01,0.000000000000000000e+00
1.840051436462961476e+01,0.000000000000000000e+00
1.983774239395386729e+01,0.000000000000000000e+00
2.228572287496884030e+01,0.000000000000000000e+00
1.712940105324810247e+01,0.000000000000000000e+00
1.829004424464407563e+01,0.000000000000000000e+00
2.251842505546490258e+01,0.000000000000000000e+00
1.957479354360220114e+01,0.000000000000000000e+00
1.744797188908645325e+01,0.000000000000000000e+00
2.246350112790723585e+01,0.000000000000000000e+00
1.921996268774456951e+01,0.000000000000000000e+00
1.971310654954990227e+01,0.000000000000000000e+00
2.238368199916145684e+01,0.000000000000000000e+00
2.149939883710096211e+01,0.000000000000000000e+00
2.181603539664698488e+01,0.000000000000000000e+00
1.994795363697677004e+01,0.000000000000000000e+00
1.828767315538847882e+01,0.000000000000000000e+00
1.876182816119936803e+01,0.000000000000000000e+00
2.078945299187314077e+01,0.000000000000000000e+00
2.453915659406466077e+01,0.000000000000000000e+00
1.763952608641828945e+01,0.000000000000000000e+00
2.075772434717363168e+01,0.000000000000000000e+00
1.739161114090206794e+01,0.000000000000000000e+00
2.189620291417779541e+01,0.000000000000000000e+00
2.152506838559170887e+01,0.000000000000000000e+00
2.074336723592372778e+01,0.000000000000000000e+00
2.074842191734642682e+01,0.000000000000000000e+00
1.951759595545793502e+01,0.000000000000000000e+00
2.257003779025863821e+01,0.000000000000000000e+00
1.891010687840484650e+01,0.000000000000000000e+00
2.131445250022186144e+01,0.000000000000000000e+00
2.360901838177750633e+01,0.000000000000000000e+00
2.106559777555504098e+01,0.000000000000000000e+00
1.954117372115048212e+01,0.000000000000000000e+00
1.987963785047745802e+01,0.000000000000000000e+00
1.825347637004625412e+01,0.000000000000000000e+00
1.786469065652643806e+01,0.000000000000000000e+00
2.142285518300369773e+01,0.000000000000000000e+00
2.004649152757600206e+01,0.000000000000000000e+00
1.753388061977707935e+01,0.000000000000000000e+00
1.915915191483880875e+01,0.000000000000000000e+00
1.877211576378214986e+01,0.000000000000000000e+00
2.241924320283040117e+01,0.000000000000000000e+00
1.699581851236146335e+01,0.000000000000000000e+00
1.876919179861709353e+01,0.000000000000000000e+00
2.296787710862068366e+01,0.000000000000000000e+00
1.656144332509575179e+01,0.000000000000000000e+00
2.177636538131620014e+01,0.000000000000000000e+00
2.048885734208394283e+01,0.000000000000000000e+00
2.095461546149536147e+01,0.000000000000000000e+00
2.166221066246521332e+01,0.000000000000000000e+00
1.782417568245336881e+01,0.000000000000000000e+00
1.982116523250083517e+01,0.000000000000000000e+00
1.909292419768386395e+01,0.000000000000000000e+00
1.941633882902590358e+01,0.000000000000000000e+00
2.310016983707726013e+01,0.000000000000000000e+00
2.175516988138403818e+01,0.000000000000000000e+00
1.842072112089668678e+01,0.000000000000000000e+00
2.090131808186801976e+01,0.000000000000000000e+00
2.000763551219916181e+01,0.000000000000000000e+00
1.837197013484392727e+01,0.000000000000000000e+00
2.113500505738619850e+01,0.000000000000000000e+00
2.345837706890491603e+01,0.000000000000000000e+00
2.057234388935823333e+01,0.000000000000000000e+00
1.864056707170810157e+01,0.000000000000000000e+00
2.098859689182403798e+01,0.000000000000000000e+00
1.887540915174215783e+01,0.000000000000000000e+00
2.011302003896625479e+01,0.000000000000000000e+00
2.026749842071699703e+01,0.000000000000000000e+00
1.882610567800999135e+01,0.000000000000000000e+00
2.226362508529020801e+01,0.000000000000000000e+00
1.959971962841732918e+01,0.000000000000000000e+00
1.656504662894962721e+01,0.000000000000000000e+00
2.613315959823389534e+01,0.000000000000000000e+00
2.093249033289812289e+01,0.000000000000000000e+00
1.821138781949648688e+01,0.000000000000000000e+00
2.047272706444683621e+01,0.000000000000000000e+00
1.934321745940606974e+01,0.000000000000000000e+00
2.284335913946061680e+01,0.000000000000000000e+00
2.026109819652954513e+01,0.000000000000000000e+00
1.709120430549906189e+01,0.000000000000000000e+00
1.911125368005991021e+01,0.000000000000000000e+00
2.242487116528143432e+01,0.000000000000000000e+00
2.244640024395731714e+01,0.000000000000000000e+00
2.563261143610455761e+01,0.000000000000000000e+00
1.900963935343223099e+01,0.000000000000000000e+00
2.215701666242112111e+01,0.000000000000000000e+00
2.497392511274393812e+01,0.000000000000000000e+00
2.033650085151290199e+01,0.000000000000000000e+00
1.788540358089410631e+01,0.000000000000000000e+00
1.918961603333091759e+01,0.000000000000000000e+00
2.023074738025351493e+01,0.000000000000000000e+00
2.227528583811493590e+01,0.000000000000000000e+00
2.331906684622503789e+01,0.000000000000000000e+00
2.234996262432665404e+01,0.000000000000000000e+00
2.093865082246364295e+01,0.000000000000000000e+00
2.099416469221459280e+01,0.000000000000000000e+00
2.218840715804748953e+01,0.000000000000000000e+00
2.107996853818005434e+01,0.000000000000000000e+00
1.866230642006532037e+01,0.000000000000000000e+00
1.976611251130737301e+01,0.000000000000000000e+00
2.361925917330819047e+01,0.000000000000000000e+00
2.360405106988738311e+01,0.000000000000000000e+00
1.906952132770089747e+01,0.000000000000000000e+00
2.415470537977991938e+01,0.000000000000000000e+00
2.177501570999734071e+01,0.000000000000000000e+00
2.318621767308299653e+01,0.000000000000000000e+00
2.145645477967661563e+01,0.000000000000000000e+00
2.524402641443366235e+01,0.000000000000000000e+00
2.206584359325542266e+01,0.000000000000000000e+00
1.892213732554857586e+01,0.000000000000000000e+00
2.046930184957931687e+01,0.000000000000000000e+00
2.186202669896355744e+01,0.000000000000000000e+00
2.207121126395789545e+01,0.000000000000000000e+00
2.475218247206924360e+01,0.000000000000000000e+00
2.397254399533995439e+01,0.000000000000000000e+00
2.110917145654346783e+01,0.000000000000000000e+00
2.095078572927868521e+01,0.000000000000000000e+00
2.159814437129253761e+01,0.000000000000000000e+00
2.186970948950077087e+01,0.000000000000000000e+00
2.024679071168324285e+01,0.000000000000000000e+00
2.498978352429009675e+01,0.000000000000000000e+00
2.485763394593459452e+01,0.000000000000000000e+00
2.219739367870054991e+01,0.000000000000000000e+00
1.900166569647161907e+01,0.000000000000000000e+00
2.089708588487469143e+01,0.000000000000000000e+00
2.130848455432288091e+01,0.000000000000000000e+00
2.200258716310197826e+01,0.000000000000000000e+00
2.201766071565430494e+01,0.000000000000000000e+00
2.176406442715909861e+01,0.000000000000000000e+00
2.355095073665201966e+01,0.000000000000000000e+00
2.053107404500014610e+01,0.000000000000000000e+00
2.263976077529270015e+01,0.000000000000000000e+00
1.767697393987481291e+01,0.000000000000000000e+00
2.250425704728135301e+01,0.000000000000000000e+00
2.432549248861881708e+01,0.000000000000000000e+00
2.062310237637637300e+01,0.000000000000000000e+00
2.204369671164378630e+01,0.000000000000000000e+00
2.177700570592967466e+01,0.000000000000000000e+00
2.420333295256618555e+01,0.000000000000000000e+00
2.161281627824163820e+01,0.000000000000000000e+00
2.343962039809171216e+01,0.000000000000000000e+00
2.148398028567358509e+01,0.000000000000000000e+00
2.552871208955268401e+01,0.000000000000000000e+00
2.454241403056797566e+01,0.000000000000000000e+00
2.314235087859353257e+01,0.000000000000000000e+00
2.406962033775185361e+01,0.000000000000000000e+00
2.143610465010393185e+01,0.000000000000000000e+00
2.136320207664454074e+01,0.000000000000000000e+00
2.524544798206591523e+01,0.000000000000000000e+00
2.527322531308237075e+01,0.000000000000000000e+00
2.322267995426911469e+01,0.000000000000000000e+00
2.479971422452016938e+01,0.000000000000000000e+00
2.354861487375344709e+01,0.000000000000000000e+00
2.436766467157275073e+01,0.000000000000000000e+00
2.346819802614429662e+01,0.000000000000000000e+00
2.250341283910013956e+01,0.000000000000000000e+00
2.211259644329382468e+01,0.000000000000000000e+00
2.197466068854717136e+01,0.000000000000000000e+00
2.127919754717359879e+01,0.000000000000000000e+00
2.170987482808367730e+01,0.000000000000000000e+00
2.153477005384626253e+01,0.000000000000000000e+00
2.659447386500553989e+01,0.000000000000000000e+00
2.449941506233919952e+01,0.000000000000000000e+00
2.471476686295338254e+01,0.000000000000000000e+00
2.301539746262977104e+01,0.000000000000000000e+00
2.533147415952345227e+01,0.000000000000000000e+00
2.516504670618251538e+01,0.000000000000000000e+00
2.637960324515409383e+01,0.000000000000000000e+00
2.392301742591244107e+01,0.000000000000000000e+00
2.830416339955276683e+01,0.000000000000000000e+00
2.275733770390486654e+01,0.000000000000000000e+00
2.547434268418925640e+01,0.000000000000000000e+00
2.357502364746388324e+01,0.000000000000000000e+00
2.157548530765505745e+01,0.000000000000000000e+00
2.272906770412036437e+01,0.000000000000000000e+00
2.286055090325814376e+01,0.000000000000000000e+00
2.366780455187866039e+01,0.000000000000000000e+00
2.201014600673679666e+01,0.000000000000000000e+00
2.544593093513111626e+01,0.000000000000000000e+00
2.504332338338276287e+01,0.000000000000000000e+00
2.664324525016059653e+01,0.000000000000000000e+00
2.519915337229803498e+01,0.000000000000000000e+00
2.646189923862637983e+01,0.000000000000000000e+00
2.398435932415786098e+01,0.000000000000000000e+00
2.326210396335810060e+01,0.000000000000000000e+00
2.297436204170228891e+01,0.000000000000000000e+00
2.642128853147982426e+01,0.000000000000000000e+00
2.637918773708145537e+01,0.000000000000000000e+00
2.301467202585664751e+01,0.000000000000000000e+00
2.488053848462631734e+01,0.000000000000000000e+00
2.315151860329952527e+01,0.000000000000000000e+00
2.031482461566051967e+01,0.000000000000000000e+00
2.641920920353415880e+01,0.000000000000000000e+00
2.344880716705266011e+01,0.000000000000000000e+00
2.452689012144080749e+01,0.000000000000000000e+00
2.687437956290125385e+01,0.000000000000000000e+00
2.344706747273816561e+01,0.000000000000000000e+00
2.302154259054357155e+01,0.000000000000000000e+00
2.400065491288536990e+01,0.000000000000000000e+00
2.693229839412518345e+01,0.000000000000000000e+00
2.335325408735402775e+01,0.000000000000000000e+00
2.551255857004977301e+01,0.000000000000000000e+00
2.795382969484796476e+01,0.000000000000000000e+00
2.838207035712935067e+01,0.000000000000000000e+00
2.456602281800671506e+01,0.000000000000000000e+00
2.375376740381300067e+01,0.000000000000000000e+00
2.133390540438981020e+01,0.000000000000000000e+00
2.373668904972763016e+01,0.000000000000000000e+00
2.624221898376309170e+01,0.000000000000000000e+00
2.305159109740993273e+01,0.000000000000000000e+00
2.262923700410676986e+01,0.000000000000000000e+00
2.624057952684196238e+01,0.000000000000000000e+00
2.302949752538534867e+01,0.000000000000000000e+00
2.586384124430275833e+01,0.000000000000000000e+00
2.386385864873077978e+01,0.000000000000000000e+00
2.654597026456628939e+01,0.000000000000000000e+00
2.589596708121304758e+01,0.000000000000000000e+00
2.717434451450020561e+01,0.000000000000000000e+00
2.790136438547849451e+01,0.000000000000000000e+00
2.649159942647863275e+01,0.000000000000000000e+00
2.714567974843604858e+01,0.000000000000000000e+00
2.802654638440583312e+01,0.000000000000000000e+00
2.561149038581493187e+01,0.000000000000000000e+00
2.908708055262713543e+01,0.000000000000000000e+00
2.627045506962605259e+01,0.000000000000000000e+00
1.904521069213530993e+01,0.000000000000000000e+00
3.130204947882410949e+01,0.000000000000000000e+00
2.660716913318076493e+01,0.000000000000000000e+00
2.742160449634779695e+01,0.000000000000000000e+00
2.659397713565297749e+01,0.000000000000000000e+00
2.875072483679157287e+01,0.000000000000000000e+00
2.891447596646107954e+01,0.000000000000000000e+00
2.471156788193066944e+01,0.000000000000000000e+00
2.507159364227252141e+01,0.000000000000000000e+00
2.681158214743306800e+01,0.000000000000000000e+00
2.744512259280548605e+01,0.000000000000000000e+00
2.891047504497198162e+01,0.000000000000000000e+00
2.580838575141983426e+01,0.000000000000000000e+00
3.205562259011995252e+01,0.000000000000000000e+00
2.923301627465584573e+01,0.000000000000000000e+00
2.822597019117641537e+01,0.000000000000000000e+00
2.885825107320971838e+01,0.000000000000000000e+00
2.923832464164121347e+01,0.000000000000000000e+00
2.600128423590541615e+01,0.000000000000000000e+00
2.799649781328726306e+01,0.000000000000000000e+00
2.744006739271071638e+01,0.000000000000000000e+00
2.824996788597609765e+01,0.000000000000000000e+00
2.664650777164531803e+01,0.000000000000000000e+00
2.687282632217248590e+01,0.000000000000000000e+00
2.505226272096624385e+01,0.000000000000000000e+00
2.546419876720139186e+01,0.000000000000000000e+00
2.768324566376462670e+01,0.000000000000000000e+00
2.873961669050388679e+01,0.000000000000000000e+00
2.618645185007296305e+01,0.000000000000000000e+00
2.346842415341648902e+01,0.000000000000000000e+00
2.835809854163006705e+01,0.000000000000000000e+00
2.845241951485984799e+01,0.000000000000000000e+00
2.932499504971121240e+01,0.000000000000000000e+00
2.913519076682705489e+01,0.000000000000000000e+00
2.717350882770982068e+01,0.000000000000000000e+00
2.946618551348847603e+01,0.000000000000000000e+00
2.515628772870477903e+01,0.000000000000000000e+00
2.650689863421129644e+01,0.000000000000000000e+00
2.448356449992317252e+01,0.000000000000000000e+00
3.207093562283669996e+01,0.000000000000000000e+00
2.460322539486801574e+01,0.000000000000000000e+00
2.812684861886876320e+01,0.000000000000000000e+00
2.730970522729490213e+01,0.000000000000000000e+00
3.046105822886656611e+01,0.000000000000000000e+00
2.860547212562778796e+01,0.000000000000000000e+00
2.883906541474861740e+01,0.000000000000000000e+00
3.237844011120290588e+01,0.000000000000000000e+00
2.713212704864332636e+01,0.000000000000000000e+00
2.832877322495404471e+01,0.000000000000000000e+00
2.707947108583293527e+01,0.000000000000000000e+00
2.997653791392682976e+01,0.000000000000000000e+00
2.843367933771679290e+01,0.000000000000000000e+00
2.970428628224247092e+01,0.000000000000000000e+00
2.953096487852322483e+01,0.000000000000000000e+00
2.898019452877757018e+01,0.000000000000000000e+00
3.087663350672379536e+01,0.000000000000000000e+00
2.981987457179833712e+01,0.000000000000000000e+00
2.787426511933075446e+01,0.000000000000000000e+00
2.673140715180410609e+01,0.000000000000000000e+00
3.063502245335700991e+01,0.000000000000000000e+00
3.187180903644426522e+01,0.000000000000000000e+00
2.975361662072347002e+01,0.000000000000000000e+00
2.769041510221918756e+01,0.000000000000000000e+00
2.673916276046275797e+01,0.000000000000000000e+00
3.071009042865947691e+01,0.000000000000000000e+00
2.894131240044848141e+01,0.000000000000000000e+00
2.882778324154077865e+01,0.000000000000000000e+00
3.270081115198053112e+01,0.000000000000000000e+00
3.311265154623495732e+01,0.000000000000000000e+00
3.111128071333766343e+01,0.000000000000000000e+00
3.120362319835099996e+01,0.000000000000000000e+00
2.966946531299300815e+01,0.000000000000000000e+00
3.169085507085594955e+01,0.000000000000000000e+00
2.836181235402332490e+01,0.000000000000000000e+00
3.021628144929749027e+01,0.000000000000000000e+00
3.045637244633607210e+01,0.000000000000000000e+00
2.901599223816174344e+01,0.000000000000000000e+00
3.314209597138138719e+01,0.000000000000000000e+00
3.322331124337227237e+01,0.000000000000000000e+00
3.316125071818384384e+01,0.000000000000000000e+00
3.070870953232142497e+01,0.000000000000000000e+00
3.065029152814939906e+01,0.000000000000000000e+00
2.871224077588271228e+01,0.000000000000000000e+00
3.316639560014198906e+01,0.000000000000000000e+00
3.136705939678408939e+01,0.000000000000000000e+00
3.196108949495955187e+01,0.000000000000000000e+00
3.453196226261969315e+01,0.000000000000000000e+00
3.224188980080391786e+01,0.000000000000000000e+00
3.394399139614187533e+01,0.000000000000000000e+00
3.231660992356648165e+01,0.000000000000000000e+00
3.007941590735619286e+01,0.000000000000000000e+00
3.285283253040628182e+01,0.000000000000000000e+00
3.418608405045839760e+01,0.000000000000000000e+00
3.328075302842523087e+01,0.000000000000000000e+00
3.365517783356261816e+01,0.000000000000000000e+00
3.327615168301122139e+01,0.000000000000000000e+00
3.271959493351222648e+01,0.000000000000000000e+00
3.322403033503667302e+01,0.000000000000000000e+00
2.980835916304785727e+01,0.000000000000000000e+00
3.164583481991255098e+01,0.000000000000000000e+00
3.312093453168590429e+01,0.000000000000000000e+00
3.178735209209189350e+01,0.000000000000000000e+00
3.497421235474259760e+01,0.000000000000000000e+00
3.687889436746674932e+01,0.000000000000000000e+00
3.024968539057512729e+01,0.000000000000000000e+00
3.087362663722042555e+01,0.000000000000000000e+00
3.183749223147718155e+01,0.000000000000000000e+00
3.258989834129171470e+01,0.000000000000000000e+00
3.466510751186945072e+01,0.000000000000000000e+00
3.261253103875735349e+01,0.000000000000000000e+00
3.241222474273683218e+01,0.000000000000000000e+00
3.400891352967231285e+01,0.000000000000000000e+00
3.587239346602402179e+01,0.000000000000000000e+00
3.178318549855062258e+01,0.000000000000000000e+00
3.415474714971788472e+01,0.000000000000000000e+00
3.256907549279065250e+01,0.000000000000000000e+00
3.282428208310153650e+01,0.000000000000000000e+00
3.414262133755723738e+01,0.000000000000000000e+00
3.346217193663915168e+01,0.000000000000000000e+00
3.168669323213267930e+01,0.000000000000000000e+00
3.577898392260676985e+01,0.000000000000000000e+00
3.677401961769006533e+01,0.000000000000000000e+00
3.411037859792000404e+01,0.000000000000000000e+00
3.185319229450337275e+01,0.000000000000000000e+00
2.955318333190325220e+01,0.000000000000000000e+00
3.241015181390830691e+01,0.000000000000000000e+00
3.304354754121636972e+01,0.000000000000000000e+00
3.314035900075527508e+01,0.000000000000000000e+00
3.311384903177798122e+01,0.000000000000000000e+00
3.219102901479821810e+01,0.000000000000000000e+00
3.632069072625989747e+01,0.000000000000000000e+00
3.078936789724875567e+01,0.000000000000000000e+00
3.196356945137777927e+01,0.000000000000000000e+00
3.510944427246743516e+01,0.000000000000000000e+00
3.051169023156726112e+01,0.000000000000000000e+00
3.531670710437941807e+01,0.000000000000000000e+00
3.157601411571877748e+01,0.000000000000000000e+00
3.682003107588166557e+01,0.000000000000000000e+00
3.534178955019051216e+01,0.000000000000000000e+00
3.541767228481383256e+01,0.000000000000000000e+00
3.575139275232105263e+01,0.000000000000000000e+00
3.714871029001906066e+01,0.000000000000000000e+00
3.486894657464812042e+01,0.000000000000000000e+00
3.308967451053676001e+01,0.000000000000000000e+00
3.433696132432862669e+01,0.000000000000000000e+00
3.277984574566038134e+01,0.000000000000000000e+00
3.324886303192376147e+01,0.000000000000000000e+00
3.615765360781040272e+01,0.000000000000000000e+00
3.814507299354480097e+01,0.000000000000000000e+00
3.348727691008314622e+01,0.000000000000000000e+00
3.330979085108527471e+01,0.000000000000000000e+00
3.537149942386357537e+01,0.000000000000000000e+00
3.584631654188717675e+01,0.000000000000000000e+00
3.495183470160606731e+01,0.000000000000000000e+00
3.757610513868877433e+01,0.000000000000000000e+00
3.405572967612054214e+01,0.000000000000000000e+00
3.480282626178482275e+01,0.000000000000000000e+00
3.387143560046001056e+01,0.000000000000000000e+00
3.483124723167360060e+01,0.000000000000000000e+00
3.457483083409579905e+01,0.000000000000000000e+00
3.651980574986155403e+01,0.000000000000000000e+00
3.576998097597049053e+01,0.000000000000000000e+00
3.602156603378490729e+01,0.000000000000000000e+00
3.514495377731958570e+01,0.000000000000000000e+00
3.711467090740826080e+01,0.000000000000000000e+00
2.987262467670499433e+01,0.000000000000000000e+00
3.486879625024877072e+01,0.000000000000000000e+00
3.673349777549277206e+01,0.000000000000000000e+00
3.760675583145979317e+01,0.000000000000000000e+00
3.697838482317884967e+01,0.000000000000000000e+00
3.418376370861821556e+01,0.000000000000000000e+00
3.781802353599690036e+01,0.000000000000000000e+00
3.675251681686414429e+01,0.000000000000000000e+00
3.572679404793892388e+01,0.000000000000000000e+00
3.756981955384335947e+01,0.000000000000000000e+00
3.893280289628303592e+01,0.000000000000000000e+00
4.059912855023542733e+01,0.000000000000000000e+00
3.782094440126718382e+01,0.000000000000000000e+00
3.911186774818315826e+01,0.000000000000000000e+00
3.511056018754634778e+01,0.000000000000000000e+00
3.629927614039046091e+01,0.000000000000000000e+00
3.620826707974776326e+01,0.000000000000000000e+00
3.906751140409229350e+01,0.000000000000000000e+00
4.005193099136509005e+01,0.000000000000000000e+00
3.884772300435675874e+01,0.000000000000000000e+00
3.698765675074153592e+01,0.000000000000000000e+00
3.841670668503937947e+01,0.000000000000000000e+00
3.785391142369399375e+01,0.000000000000000000e+00
3.966376463624537507e+01,0.000000000000000000e+00
3.634882808238056384e+01,0.000000000000000000e+00
3.989342919594794523e+01,0.000000000000000000e+00
4.089207411683823068e+01,0.000000000000000000e+00
3.961419203459787042e+01,0.000000000000000000e+00
4.177850283853492641e+01,0.000000000000000000e+00
3.513721869317780744e+01,0.000000000000000000e+00
3.776649142338612819e+01,0.000000000000000000e+00
4.251179872692527795e+01,0.000000000000000000e+00
3.959886734636194916e+01,0.000000000000000000e+00
4.166781745108833235e+01,0.000000000000000000e+00
3.740606756610677763e+01,0.000000000000000000e+00
3.921788719910414045e+01,0.000000000000000000e+00
4.039891097372070305e+01,0.000000000000000000e+00
4.058026771405454269e+01,0.000000000000000000e+00
3.848210108973641042e+01,0.000000000000000000e+00
3.831821849970545202e+01,0.000000000000000000e+00
4.166101021941069149e+01,0.000000000000000000e+00
4.300776728487520728e+01,0.000000000000000000e+00
3.892808457955035095e+01,0.000000000000000000e+00
4.106226524721650151e+01,0.000000000000000000e+00
3.771747416495590244e+01,0.000000000000000000e+00
4.044021491178374816e+01,0.000000000000000000e+00
3.769131255917424994e+01,0.000000000000000000e+00
3.816332308817089825e+01,0.000000000000000000e+00
3.690554464479150454e+01,0.000000000000000000e+00
4.232503373410581560e+01,0.000000000000000000e+00
4.344735829821968309e+01,0.000000000000000000e+00
4.358273936191645959e+01,0.000000000000000000e+00
4.228788878624131087e+01,0.000000000000000000e+00
3.725491658348728663e+01,0.000000000000000000e+00
3.979403890856754344e+01,0.000000000000000000e+00
3.979002274214148827e+01,0.000000000000000000e+00
3.874281384484619650e+01,0.000000000000000000e+00
3.812514094069683068e+01,0.000000000000000000e+00
3.894282290518233225e+01,0.000000000000000000e+00
3.920685589832979900e+01,0.000000000000000000e+00
4.118837870048382399e+01,0.000000000000000000e+00
4.254497687879348433e+01,0.000000000000000000e+00
4.246506482238200419e+01,0.000000000000000000e+00
4.115555944328772853e+01,0.000000000000000000e+00
4.167094430571749086e+01,0.000000000000000000e+00
4.168984164331816089e+01,0.000000000000000000e+00
4.591092181076095358e+01,0.000000000000000000e+00
3.918157886959022562e+01,0.000000000000000000e+00
4.395004113522089995e+01,0.000000000000000000e+00
4.147271646715411464e+01,0.000000000000000000e+00
4.154984782728248405e+01,0.000000000000000000e+00
3.811388839231101855e+01,0.000000000000000000e+00
3.808792754801330460e+01,0.000000000000000000e+00
4.276775161046204232e+01,0.000000000000000000e+00
4.276643986155308141e+01,0.000000000000000000e+00
4.150644056148995276e+01,0.000000000000000000e+00
4.388330197462926208e+01,0.000000000000000000e+00
4.227139641686838445e+01,0.000000000000000000e+00
4.048429001958787410e+01,0.000000000000000000e+00
4.185110471268605892e+01,0.000000000000000000e+00
4.279210079194024985e+01,0.000000000000000000e+00
4.954227223129814917e+01,0.000000000000000000e+00
4.500502869065659439e+01,0.000000000000000000e+00
4.675601591210271835e+01,0.000000000000000000e+00
4.170373200291755467e+01,0.000000000000000000e+00
4.559689327881180532e+01,0.000000000000000000e+00
4.510308899785828629e+01,0.000000000000000000e+00
4.336686990699611499e+01,0.000000000000000000e+00
4.253501289036929478e+01,0.000000000000000000e+00
4.280164054301795318e+01,0.000000000000000000e+00
4.190549656617886143e+01,0.000000000000000000e+00
4.413834301073353572e+01,0.000000000000000000e+00
4.427331402875530131e+01,0.000000000000000000e+00
4.115472616134793782e+01,0.000000000000000000e+00
4.199337132410514073e+01,0.000000000000000000e+00
4.644239711552002348e+01,0.000000000000000000e+00
4.107618792496384685e+01,0.000000000000000000e+00
4.259984352767632032e+01,0.000000000000000000e+00
4.686999982851369140e+01,0.000000000000000000e+00
4.000736795314597316e+01,0.000000000000000000e+00
4.090404989794998869e+01,0.000000000000000000e+00
3.994647266280743736e+01,0.000000000000000000e+00
4.529524521551009997e+01,0.000000000000000000e+00
4.399701721829192991e+01,0.000000000000000000e+00
4.465703945538368203e+01,0.000000000000000000e+00
4.494450629622848226e+01,0.000000000000000000e+00
4.559409833255567435e+01,0.000000000000000000e+00
4.290090622401800857e+01,0.000000000000000000e+00
4.783057366174322311e+01,0.000000000000000000e+00
4.556444578175259608e+01,0.000000000000000000e+00
4.393539374401767361e+01,0.000000000000000000e+00
4.488923950564815613e+01,0.000000000000000000e+00
4.427529165489586660e+01,0.000000000000000000e+00
4.470703538248571363e+01,0.000000000000000000e+00
4.567133073986316560e+01,0.000000000000000000e+00
4.494839985409051764e+01,0.000000000000000000e+00
4.652800193173079180e+01,0.000000000000000000e+00
4.626179053613140013e+01,0.000000000000000000e+00
4.419205373980684470e+01,0.000000000000000000e+00
4.542573622536837519e+01,0.000000000000000000e+00
4.823889889843679413e+01,0.000000000000000000e+00
4.489359522715375306e+01,0.000000000000000000e+00
4.537417048735902370e+01,0.000000000000000000e+00
4.298684135226716307e+01,0.000000000000000000e+00
5.041428920675340919e+01,0.000000000000000000e+00
4.486837092904445967e+01,0.000000000000000000e+00
4.534837641268170216e+01,0.000000000000000000e+00
4.658249514892592913e+01,0.000000000000000000e+00
4.797191034467159199e+01,0.000000000000000000e+00
4.354378726429592916e+01,0.000000000000000000e+00
4.687097781228632698e+01,0.000000000000000000e+00
4.831697644364432165e+01,0.000000000000000000e+00
4.727754704630256555e+01,0.000000000000000000e+00
4.436060561075246511e+01,0.000000000000000000e+00
4.671241109168653338e+01,0.000000000000000000e+00
4.570962449749954004e+01,0.000000000000000000e+00
5.013429601842945971e+01,0.000000000000000000e+00
4.486791307891770941e+01,0.000000000000000000e+00
4.861826979290505335e+01,0.000000000000000000e+00
4.784267302430744451e+01,0.000000000000000000e+00
4.951694048982641050e+01,0.000000000000000000e+00
4.496765795081366690e+01,0.000000000000000000e+00
5.052478285726153473e+01,0.000000000000000000e+00
4.956761331460266717e+01,0.000000000000000000e+00
4.731585023543106416e+01,0.000000000000000000e+00
4.852726385973216594e+01,0.000000000000000000e+00
4.895889800743010767e+01,0.000000000000000000e+00
4.792009542842649239e+01,0.000000000000000000e+00
4.899689317801593802e+01,0.000000000000000000e+00
4.652763640071950846e+01,0.000000000000000000e+00
4.886512694762345888e+01,0.000000000000000000e+00
5.012657673615544951e+01,0.000000000000000000e+00
4.958227321605936311e+01,0.000000000000000000e+00
5.090089362916316418e+01,0.000000000000000000e+00
4.864014404955243975e+01,0.000000000000000000e+00
4.624190030950944674e+01,0.000000000000000000e+00
5.040163670708133736e+01,0.000000000000000000e+00
4.919564577211777134e+01,0.000000000000000000e+00
4.978519561363285817e+01,0.000000000000000000e+00
4.911112438666501134e+01,0.000000000000000000e+00
4.948964132791756043e+01,0.000000000000000000e+00
5.212479327246966676e+01,0.000000000000000000e+00
5.014131888782637247e+01,0.000000000000000000e+00
5.069067881542795817e+01,0.000000000000000000e+00
4.814157459895546509e+01,0.000000000000000000e+00
4.993730814687550179e+01,0.000000000000000000e+00
5.284647703766654558e+01,0.000000000000000000e+00
5.143541668365909914e+01,0.000000000000000000e+00
5.095343326369692250e+01,0.000000000000000000e+00
4.540255172086497737e+01,0.000000000000000000e+00
4.934549483817739457e+01,0.000000000000000000e+00
4.657937679437582545e+01,0.000000000000000000e+00
4.891707060273972019e+01,0.000000000000000000e+00
4.809929368886326984e+01,0.000000000000000000e+00
4.689932572573096081e+01,0.000000000000000000e+00
4.870356495470753799e+01,0.000000000000000000e+00
4.911022071587796489e+01,0.000000000000000000e+00
5.139964044586761105e+01,0.000000000000000000e+00
5.292381670704211416e+01,0.000000000000000000e+00
4.708010976862851038e+01,0.000000000000000000e+00
5.274994088449527396e+01,0.000000000000000000e+00
4.685239643305513368e+01,0.000000000000000000e+00
5.309000390441558181e+01,0.000000000000000000e+00
4.617863497129685157e+01,0.000000000000000000e+00
5.132291951578167044e+01,0.000000000000000000e+00
5.378459204176037645e+01,0.000000000000000000e+00
5.069590754367456498e+01,0.000000000000000000e+00
5.408133195181677877e+01,0.000000000000000000e+00
5.233939001018307380e+01,0.000000000000000000e+00
5.076937159515874498e+01,0.000000000000000000e+00
5.460321501983617765e+01,0.000000000000000000e+00
4.984548076471975264e+01,0.000000000000000000e+00
5.094613711581594373e+01,0.000000000000000000e+00
5.077254886309846427e+01,0.000000000000000000e+00
4.797034508313818435e+01,0.000000000000000000e+00
5.244697595999874551e+01,0.000000000000000000e+00
5.244725133116527616e+01,0.000000000000000000e+00
5.051742660511052208e+01,0.000000000000000000e+00
5.144162573944533534e+01,0.000000000000000000e+00
5.351245666779721688e+01,0.000000000000000000e+00
4.947396154429655013e+01,0.000000000000000000e+00
5.329410390933393415e+01,0.000000000000000000e+00
5.090540961155615918e+01,0.000000000000000000e+00
5.119759369412003736e+01,0.000000000000000000e+00
5.172309557086185094e+01,0.000000000000000000e+00
5.093056995490794492e+01,0.000000000000000000e+00
4.989880949463144333e+01,0.000000000000000000e+00
5.348515664502663469e+01,0.000000000000000000e+00
5.011691139090032010e+01,0.000000000000000000e+00
5.084902447701971795e+01,0.000000000000000000e+00
5.461275560442322785e+01,0.000000000000000000e+00
5.117375562065840455e+01,0.000000000000000000e+00
5.724067657550951793e+01,0.000000000000000000e+00
5.162588749643668962e+01,0.000000000000000000e+00
5.329622567944368683e+01,0.000000000000000000e+00
5.541997427981711866e+01,0.000000000000000000e+00
5.382139046629864509e+01,0.000000000000000000e+00
5.292215101174929970e+01,0.000000000000000000e+00
5.584950386214134710e+01,0.000000000000000000e+00
5.491633672569609104e+01,0.000000000000000000e+00
5.799745181337949873e+01,0.000000000000000000e+00
5.506799460337558116e+01,0.000000000000000000e+00
5.426212586206833066e+01,0.000000000000000000e+00
5.678970435972666309e+01,0.000000000000000000e+00
5.693535810492091542e+01,0.000000000000000000e+00
5.099196949650266220e+01,0.000000000000000000e+00
5.393611201354985951e+01,0.000000000000000000e+00
5.307355608987365514e+01,0.000000000000000000e+00
5.692809740628891291e+01,0.000000000000000000e+00
5.316723296371408480e+01,0.000000000000000000e+00
5.395987752841100615e+01,0.000000000000000000e+00
5.462576701112242716e+01,0.000000000000000000e+00
5.383476147085286101e+01,0.000000000000000000e+00
5.411662903172858563e+01,0.000000000000000000e+00
5.309434556836514219e+01,0.000000000000000000e+00
5.610587876973089294e+01,0.000000000000000000e+00
5.637165743089744296e+01,0.000000000000000000e+00
5.376381461474088752e+01,0.000000000000000000e+00
5.367253654135905805e+01,0.000000000000000000e+00
5.734703907431383385e+01,0.000000000000000000e+00
5.725925143673433126e+01,0.000000000000000000e+00
5.551286973419038162e+01,0.000000000000000000e+00
5.463474388460009834e+01,0.000000000000000000e+00
5.601393651817736696e+01,0.000000000000000000e+00
5.391954865033950739e+01,0.000000000000000000e+00
5.529244654340318021e+01,0.000000000000000000e+00
5.688980169854791313e+01,0.000000000000000000e+00
5.443777143695334075e+01,0.000000000000000000e+00
5.541638601882056037e+01,0.000000000000000000e+00
5.594959443988690850e+01,0.000000000000000000e+00
5.824915101330237377e+01,0.000000000000000000e+00
5.750909604587522495e+01,0.000000000000000000e+00
5.591556415431526972e+01,0.000000000000000000e+00
6.019106474357879932e+01,0.000000000000000000e+00
5.914872403019174385e+01,0.000000000000000000e+00
5.729993882357960189e+01,0.000000000000000000e+00
5.957903858104336337e+01,0.000000000000000000e+00
5.805741295920311984e+01,0.000000000000000000e+00
5.789461367410481785e+01,0.000000000000000000e+00
5.317546229314244499e+01,0.000000000000000000e+00
5.874608536485258981e+01,0.000000000000000000e+00
5.874015617073981588e+01,0.000000000000000000e+00
5.297972378160487494e+01,0.000000000000000000e+00
5.903048233784490861e+01,0.000000000000000000e+00
6.117958983971853115e+01,0.000000000000000000e+00
5.697171601306032329e+01,0.000000000000000000e+00
5.859984708891258975e+01,0.000000000000000000e+00
5.844365367461692529e+01,0.000000000000000000e+00
6.005756131956228216e+01,0.000000000000000000e+00
5.421801223044303697e+01,0.000000000000000000e+00
6.014697034849997692e+01,0.000000000000000000e+00
6.136496152530465764e+01,0.000000000000000000e+00
5.816425378896916243e+01,0.000000000000000000e+00
5.889315268432824269e+01,0.000000000000000000e+00
6.120784305093163624e+01,0.000000000000000000e+00
5.581756895068465951e+01,0.000000000000000000e+00
5.709255085345934333e+01,0.000000000000000000e+00
5.893540412093476277e+01,0.000000000000000000e+00
5.692396869620042565e+01,0.000000000000000000e+00
6.074176153123291755e+01,0.000000000000000000e+00
6.198778447706556705e+01,0.000000000000000000e+00
5.888981486506656182e+01,0.000000000000000000e+00
5.980051414828098189e+01,0.000000000000000000e+00
5.837703207542960371e+01,0.000000000000000000e+00
5.759575328445767184e+01,0.000000000000000000e+00
5.880830064961426018e+01,0.000000000000000000e+00
5.758840840068540956e+01,0.000000000000000000e+00
5.972229698205843818e+01,0.000000000000000000e+00
6.005821214015793430e+01,0.000000000000000000e+00
5.824762200198671991e+01,0.000000000000000000e+00
5.808828149283474573e+01,0.000000000000000000e+00
6.051460188656825068e+01,0.000000000000000000e+00
5.672662904026688580e+01,0.000000000000000000e+00
6.045675206531024770e+01,0.000000000000000000e+00
6.023898194354845970e+01,0.000000000000000000e+00
6.093953528492710348e+01,0.000000000000000000e+00
6.322144793209267277e+01,0.000000000000000000e+00
6.024559408581902886e+01,0.000000000000000000e+00
6.182908006887321051e+01,0.000000000000000000e+00
6.259601287097125777e+01,0.000000000000000000e+00
5.783594862113007196e+01,0.000000000000000000e+00
6.120736230349066886e+01,0.000000000000000000e+00
6.540629557530388638e+01,0.000000000000000000e+00
6.189827395636996243e+01,0.000000000000000000e+00
6.030015094910866225e+01,0.000000000000000000e+00
6.237737815808078068e+01,0.000000000000000000e+00
5.963993933822923310e+01,0.000000000000000000e+00
6.063997559023935224e+01,0.000000000000000000e+00
5.769890670715768266e+01,0.000000000000000000e+00
5.857789026526435805e+01,0.000000000000000000e+00
5.967268402177314357e+01,0.000000000000000000e+00
6.136139255176983909e+01,0.000000000000000000e+00
6.158947341315560209e+01,0.000000000000000000e+00
6.213269862356504802e+01,0.000000000000000000e+00
6.071446819496555491e+01,0.000000000000000000e+00
6.367699849255971145e+01,0.000000000000000000e+00
6.215531736647769634e+01,0.000000000000000000e+00
5.920876386112581002e+01,0.000000000000000000e+00
6.378779081040686805e+01,0.000000000000000000e+00
5.965757949526363291e+01,0.000000000000000000e+00
6.402655630939995035e+01,0.000000000000000000e+00
6.267564097947834512e+01,0.000000000000000000e+00
6.347854774243354115e+01,0.000000000000000000e+00
6.593991004485678786e+01,0.000000000000000000e+00
6.141014723950294751e+01,0.000000000000000000e+00
5.928345759298086648e+01,0.000000000000000000e+00
6.390286918161407215e+01,0.000000000000000000e+00
6.392963458102937579e+01,0.000000000000000000e+00
6.416667648815963787e+01,0.000000000000000000e+00
6.186350637632118321e+01,0.000000000000000000e+00
6.611262846841033536e+01,0.000000000000000000e+00
5.988507809280220329e+01,0.000000000000000000e+00
6.093907700550928297e+01,0.000000000000000000e+00
6.302311980777322731e+01,0.000000000000000000e+00
6.300442928062877712e+01,0.000000000000000000e+00
5.897596433799401439e+01,0.000000000000000000e+00
5.869944009439792865e+01,0.000000000000000000e+00
6.200114786329874761e+01,0.000000000000000000e+00
6.493428997949754944e+01,0.000000000000000000e+00
6.289547132254619299e+01,0.000000000000000000e+00
6.364690956539954669e+01,0.000000000000000000e+00
6.635701611613018258e+01,0.000000000000000000e+00
6.199989771979283404e+01,0.000000000000000000e+00
6.455804232219914240e+01,0.000000000000000000e+00
6.615602892261352963e+01,0.000000000000000000e+00
6.540342591041077469e+01,0.000000000000000000e+00
6.524648158318562707e+01,0.000000000000000000e+00
6.352017727842883232e+01,0.000000000000000000e+00
6.224168971862282973e+01,0.000000000000000000e+00
6.248869643200085733e+01,0.000000000000000000e+00
6.683625036948473053e+01,0.000000000000000000e+00
6.237520252792661068e+01,0.000000000000000000e+00
6.357104129036787299e+01,0.000000000000000000e+00
6.358526652492722775e+01,0.000000000000000000e+00
6.184986999264664576e+01,0.000000000000000000e+00
6.438659857325326641e+01,0.000000000000000000e+00
6.441555394789773459e+01,0.000000000000000000e+00
6.346658848705479983e+01,0.000000000000000000e+00
6.469910968804937568e+01,0.000000000000000000e+00
6.479512167078910068e+01,0.000000000000000000e+00
6.306500520142946442e+01,0.000000000000000000e+00
6.255827964257506579e+01,0.000000000000000000e+00
6.365855054474606334e+01,0.000000000000000000e+00
6.470346097941646235e+01,0.000000000000000000e+00
6.612536873156429351e+01,0.000000000000000000e+00
6.519926997838506111e+01,0.000000000000000000e+00
6.665033094292894589e+01,0.000000000000000000e+00
6.226189403444090686e+01,0.000000000000000000e+00
6.849965736873342337e+01,0.000000000000000000e+00
6.661235424717855835e+01,0.000000000000000000e+00
6.578914561260808114e+01,0.000000000000000000e+00
6.236867742557662808e+01,0.000000000000000000e+00
6.831726554446488819e+01,0.000000000000000000e+00
6.439569073284918943e+01,0.000000000000000000e+00
6.776571669611112725e+01,0.000000000000000000e+00
6.111772492476370644e+01,0.000000000000000000e+00
6.545507315770301204e+01,0.000000000000000000e+00
6.856248036456297257e+01,0.000000000000000000e+00
6.331276190840439000e+01,0.000000000000000000e+00
6.739468501429746539e+01,0.000000000000000000e+00
6.811927976454012423e+01,0.000000000000000000e+00
6.646337293191238871e+01,0.000000000000000000e+00
6.786602917783456235e+01,0.000000000000000000e+00
6.306951990925472273e+01,0.000000000000000000e+00
6.891867658224168736e+01,0.000000000000000000e+00
6.532399537022253355e+01,0.000000000000000000e+00
6.558685826680601849e+01,0.000000000000000000e+00
6.718452327729289664e+01,0.000000000000000000e+00
6.751386178304153418e+01,0.000000000000000000e+00
6.809541941231660189e+01,0.000000000000000000e+00
6.601321073548747620e+01,0.000000000000000000e+00
6.789665076582363668e+01,0.000000000000000000e+00
6.721761038880018191e+01,0.000000000000000000e+00
6.609101017650009169e+01,0.000000000000000000e+00
6.509559349592495892e+01,0.000000000000000000e+00
6.600663744749023465e+01,0.000000000000000000e+00
6.646073622094417033e+01,0.000000000000000000e+00
6.795352254564562600e+01,0.000000000000000000e+00
6.733921213575389686e+01,0.000000000000000000e+00
6.661190342363728689e+01,0.000000000000000000e+00
6.631520583747099806e+01,0.000000000000000000e+00
6.415967073242225638e+01,0.000000000000000000e+00
6.654950152996212864e+01,0.000000000000000000e+00
6.953103524597071328e+01,0.000000000000000000e+00
6.874882031389584824e+01,0.000000000000000000e+00
6.552896175629032882e+01,0.000000000000000000e+00
6.977043257122470266e+01,0.000000000000000000e+00
6.836829748891304348e+01,0.000000000000000000e+00
6.795699050680303799e+01,0.000000000000000000e+00
6.474884052541784740e+01,0.000000000000000000e+00
7.043014261738403547e+01,0.000000000000000000e+00
6.743494464958727974e+01,0.000000000000000000e+00
6.675156813630827912e+01,0.000000000000000000e+00
6.851205607304389389e+01,0.000000000000000000e+00
6.599525517043316825e+01,0.000000000000000000e+00
6.957483148232869041e+01,0.000000000000000000e+00
6.630660468193978829e+01,0.000000000000000000e+00
7.099076696643868445e+01,0.000000000000000000e+00
6.954148169605326757e+01,0.000000000000000000e+00
7.034189976378050346e+01,0.000000000000000000e+00
6.903311915239495988e+01,0.000000000000000000e+00
6.975357076706524140e+01,0.000000000000000000e+00
6.904436865840862936e+01,0.000000000000000000e+00
7.090894264085000032e+01,0.000000000000000000e+00
6.866906899302037459e+01,0.000000000000000000e+00
6.973565690302383757e+01,0.000000000000000000e+00
6.806778381850084259e+01,0.000000000000000000e+00
6.786198174022413809e+01,0.000000000000000000e+00
7.342244036744594382e+01,0.000000000000000000e+00
6.732461845709856618e+01,0.000000000000000000e+00
6.690508544898706589e+01,0.000000000000000000e+00
6.838371978947834862e+01,0.000000000000000000e+00
7.114067010241379307e+01,0.000000000000000000e+00
7.126474762777070282e+01,0.000000000000000000e+00
6.847767990110193637e+01,0.000000000000000000e+00
7.366205472745198790e+01,0.000000000000000000e+00
7.132313430459898029e+01,0.000000000000000000e+00
6.953065803305223369e+01,0.000000000000000000e+00
7.176430070181599774e+01,0.000000000000000000e+00
6.829829823957391000e+01,0.000000000000000000e+00
6.886292422121331924e+01,0.000000000000000000e+00
6.942151373735705988e+01,0.000000000000000000e+00
7.187795384201599802e+01,0.000000000000000000e+00
6.958323173395508832e+01,0.000000000000000000e+00
7.100445512576715146e+01,0.000000000000000000e+00
7.410121255281060826e+01,0.000000000000000000e+00
6.909492435371622321e+01,0.000000000000000000e+00
7.043479242626902703e+01,0.000000000000000000e+00
7.264931056965717460e+01,0.000000000000000000e+00
7.018718660286560862e+01,0.000000000000000000e+00
7.263935114143561123e+01,0.000000000000000000e+00
6.948265262829836786e+01,0.000000000000000000e+00
7.017630186533989445e+01,0.000000000000000000e+00
7.384349717934637169e+01,0.000000000000000000e+00
6.744521078571902706e+01,0.000000000000000000e+00
7.154399906419581612e+01,0.000000000000000000e+00
7.112189554099505528e+01,0.000000000000000000e+00
7.230090865182060611e+01,0.000000000000000000e+00
7.038133116977380155e+01,0.000000000000000000e+00
7.450594483216231367e+01,0.000000000000000000e+00
7.282595521688739382e+01,0.000000000000000000e+00
6.947020435155542373e+01,0.000000000000000000e+00
7.211222562991515872e+01,0.000000000000000000e+00
7.138999220415908553e+01,0.000000000000000000e+00
7.263549089293591976e+01,0.000000000000000000e+00
6.919621381615409916e+01,0.000000000000000000e+00
7.308850637258741756e+01,0.000000000000000000e+00
6.866695451853811960e+01,0.000000000000000000e+00
7.130451601238662818e+01,0.000000000000000000e+00
7.594291707025578830e+01,0.000000000000000000e+00
7.235222471921662191e+01,0.000000000000000000e+00
7.258227688578195114e+01,0.000000000000000000e+00
7.603648664767700893e+01,0.000000000000000000e+00
6.966646261736535450e+01,0.000000000000000000e+00
7.524047673748229670e+01,0.000000000000000000e+00
7.248997765893521716e+01,0.000000000000000000e+00
7.105662906119488298e+01,0.000000000000000000e+00
7.116961874365254914e+01,0.000000000000000000e+00
7.128002331881495479e+01,0.000000000000000000e+00
7.586961985359205585e+01,0.000000000000000000e+00
7.788810318449569081e+01,0.000000000000000000e+00
7.285248922042380570e+01,0.000000000000000000e+00
7.536520970131599029e+01,0.000000000000000000e+00
7.466946769424139063e+01,0.000000000000000000e+00
7.274709949259982977e+01,0.000000000000000000e+00
6.976061729214062268e+01,0.000000000000000000e+00
7.486460635950656695e+01,0.000000000000000000e+00
7.359398629117985990e+01,0.000000000000000000e+00
7.725223984574522262e+01,0.000000000000000000e+00
7.073868005812586546e+01,0.000000000000000000e+00
7.293276106598403885e+01,0.000000000000000000e+00
7.144376292949515062e+01,0.000000000000000000e+00
7.213923826727264554e+01,0.000000000000000000e+00
7.524386187369819368e+01,0.000000000000000000e+00
7.356686405918750893e+01,0.000000000000000000e+00
7.211238394644988148e+01,0.000000000000000000e+00
7.402335792671703985e+01,0.000000000000000000e+00
7.467196200790769467e+01,0.000000000000000000e+00
7.758945976632735153e+01,0.000000000000000000e+00
7.027507890702200655e+01,0.000000000000000000e+00
7.317893038718791843e+01,0.000000000000000000e+00
7.456732036462517499e+01,0.000000000000000000e+00
7.131048022041488821e+01,0.000000000000000000e+00
7.319491762525451861e+01,0.000000000000000000e+00
7.444264078500570747e+01,0.000000000000000000e+00
7.100818030249904211e+01,0.000000000000000000e+00
7.713797793956750581e+01,0.000000000000000000e+00
7.451539616033352331e+01,0.000000000000000000e+00
7.157496315655518515e+01,0.000000000000000000e+00
7.115289458268104283e+01,0.000000000000000000e+00
7.442889198501873693e+01,0.000000000000000000e+00
6.986312045898507961e+01,0.000000000000000000e+00
7.381357858226117230e+01,0.000000000000000000e+00
7.837221405811686736e+01,0.000000000000000000e+00
7.347057377333239003e+01,0.000000000000000000e+00
7.534006134192026138e+01,0.000000000000000000e+00
7.281194963443006429e+01,0.000000000000000000e+00
7.454938884778943020e+01,0.000000000000000000e+00
7.413242421331871412e+01,0.000000000000000000e+00
7.368028287746990657e+01,0.000000000000000000e+00
7.606437038311561594e+01,0.000000000000000000e+00
7.737900671093113658e+01,0.000000000000000000e+00
7.370203248504554949e+01,0.000000000000000000e+00
8.069734912304889463e+01,0.000000000000000000e+00
7.494750661145658910e+01,0.000000000000000000e+00
7.220077582807395800e+01,0.000000000000000000e+00
7.463972627224764267e+01,0.000000000000000000e+00
7.782820075358171152e+01,0.000000000000000000e+00
7.498777265292825689e+01,0.000000000000000000e+00
7.572889414987032808e+01,0.000000000000000000e+00
7.503782852772232559e+01,0.000000000000000000e+00
7.894833069224664257e+01,0.000000000000000000e+00
7.334947522479951942e+01,0.000000000000000000e+00
7.721721674280296099e+01,0.000000000000000000e+00
7.307879880155952890e+01,0.000000000000000000e+00
7.569356183655631298e+01,0.000000000000000000e+00
7.686938744830845849e+01,0.000000000000000000e+00
7.421729431924372022e+01,0.000000000000000000e+00
7.446509912309358015e+01,0.000000000000000000e+00
7.532483844294654318e+01,0.000000000000000000e+00
7.669415433982372576e+01,0.000000000000000000e+00
7.800402836030060882e+01,0.000000000000000000e+00
7.808306219024056816e+01,0.000000000000000000e+00
7.719761814945597678e+01,0.000000000000000000e+00
7.771543710748760247e+01,0.000000000000000000e+00
7.686322846779026463e+01,0.000000000000000000e+00
7.480726458863470896e+01,0.000000000000000000e+00
7.219137293979892434e+01,0.000000000000000000e+00
7.901395785144406148e+01,0.000000000000000000e+00
7.518577474716201436e+01,0.000000000000000000e+00
7.505746538563899151e+01,0.000000000000000000e+00
7.424185101772359019e+01,0.000000000000000000e+00
7.673799445225724014e+01,0.000000000000000000e+00
7.370427755386087654e+01,0.000000000000000000e+00
7.649077457876251174e+01,0.000000000000000000e+00
7.720392147281684458e+01,0.000000000000000000e+00
7.530388891524309258e+01,0.000000000000000000e+00
7.630884381332455746e+01,0.000000000000000000e+00
7.264761740849708360e+01,0.000000000000000000e+00
7.714596051544144473e+01,0.000000000000000000e+00
7.677530693373161341e+01,0.000000000000000000e+00
7.289420590965046642e+01,0.000000000000000000e+00
7.616912434303199575e+01,0.000000000000000000e+00
7.754799569945592452e+01,0.000000000000000000e+00
7.569844736990731349e+01,0.000000000000000000e+00
7.872437389739856428e+01,0.000000000000000000e+00
7.492562481938067265e+01,0.000000000000000000e+00
7.349966265393119613e+01,0.000000000000000000e+00
7.799774845687051084e+01,0.000000000000000000e+00
7.718520927353178251e+01,0.000000000000000000e+00
7.694692167155781704e+01,0.000000000000000000e+00
7.923925841139380566e+01,0.000000000000000000e+00
7.581932095281619866e+01,0.000000000000000000e+00
7.899894695869612349e+01,0.000000000000000000e+00
7.934046626449526229e+01,0.000000000000000000e+00
8.028435270755639408e+01,0.000000000000000000e+00
7.449321571708807710e+01,0.000000000000000000e+00
7.724278664532405969e+01,0.000000000000000000e+00
7.206421115083297479e+01,0.000000000000000000e+00
7.915190580281576160e+01,0.000000000000000000e+00
7.904474318901083052e+01,0.000000000000000000e+00
7.709775318036444958e+01,0.000000000000000000e+00
7.694838104749648267e+01,0.000000000000000000e+00
7.742625307940652135e+01,0.000000000000000000e+00
7.833490678847546462e+01,0.000000000000000000e+00
7.783669060211452972e+01,0.000000000000000000e+00
7.512955628401915931e+01,0.000000000000000000e+00
7.547894721631682557e+01,0.000000000000000000e+00
7.744443565396569795e+01,0.000000000000000000e+00
7.595173350931261780e+01,0.000000000000000000e+00
7.405045139779731755e+01,0.000000000000000000e+00
7.760018141710811790e+01,0.000000000000000000e+00
8.189993046824248779e+01,0.000000000000000000e+00
7.371970370195251121e+01,0.000000000000000000e+00
7.783484316773974854e+01,0.000000000000000000e+00
7.481412580077609675e+01,0.000000000000000000e+00
7.768156295838167580e+01,0.000000000000000000e+00
8.030808182212763313e+01,0.000000000000000000e+00
7.481100883902978183e+01,0.000000000000000000e+00
7.772150283897789791e+01,0.000000000000000000e+00
7.657013530625593489e+01,0.000000000000000000e+00
7.797945135584080845e+01,0.000000000000000000e+00
7.790637217238186452e+01,0.000000000000000000e+00
7.651201189736715946e+01,0.000000000000000000e+00
7.889986981373218100e+01,0.000000000000000000e+00
8.014190435458888828e+01,0.000000000000000000e+00
7.691858053128834172e+01,0.000000000000000000e+00
7.847989889815356435e+01,0.000000000000000000e+00
7.538626508216395905e+01,0.000000000000000000e+00
7.662858829215383594e+01,0.000000000000000000e+00
7.692212278970846739e+01,0.000000000000000000e+00
7.698680971035493315e+01,0.000000000000000000e+00
7.653917391836114348e+01,0.000000000000000000e+00
7.907222839459463160e+01,0.000000000000000000e+00
7.832398930073965460e+01,0.000000000000000000e+00
7.874225110167613195e+01,0.000000000000000000e+00
7.971528910020563785e+01,0.000000000000000000e+00
7.770644439443209706e+01,0.000000000000000000e+00
7.899604109382988781e+01,0.000000000000000000e+00
7.423148544285128025e+01,0.000000000000000000e+00
7.560291727461574851e+01,0.000000000000000000e+00
8.011989104126203642e+01,0.000000000000000000e+00
7.850331629310541359e+01,0.000000000000000000e+00
8.297856503392188188e+01,0.000000000000000000e+00
7.559386360588888465e+01,0.000000000000000000e+00
7.603958593000221811e+01,0.000000000000000000e+00
7.710448995467970690e+01,0.000000000000000000e+00
8.097825431653826911e+01,0.000000000000000000e+00
8.068232185067891749e+01,0.000000000000000000e+00
7.882400134703647154e+01,0.000000000000000000e+00
7.962196123060417108e+01,0.000000000000000000e+00
7.923907135140973423e+01,0.000000000000000000e+00
7.862277660355799469e+01,0.000000000000000000e+00
7.817326767936820886e+01,0.000000000000000000e+00
7.700558390750593674e+01,0.000000000000000000e+00
7.938592875757302636e+01,0.000000000000000000e+00
7.786347816072537853e+01,0.000000000000000000e+00
7.365432813199029738e+01,0.000000000000000000e+00
8.203848890798408888e+01,0.000000000000000000e+00
7.812978567149556852e+01,0.000000000000000000e+00
7.876469303044000014e+01,0.000000000000000000e+00
8.304700798359262137e+01,0.000000000000000000e+00
7.839102065683651688e+01,0.000000000000000000e+00
7.937531674859165776e+01,0.000000000000000000e+00
7.988655738907743853e+01,0.000000000000000000e+00
7.959994611590380487e+01,0.000000000000000000e+00
8.102985895314456855e+01,0.000000000000000000e+00
8.059804574344671835e+01,0.000000000000000000e+00
7.737966028939753471e+01,0.000000000000000000e+00
7.969124485694187854e+01,0.000000000000000000e+00
7.672469590112947913e+01,0.000000000000000000e+00
7.654095322889578767e+01,0.000000000000000000e+00
8.022507349221267248e+01,0.000000000000000000e+00
7.599654316421276690e+01,0.000000000000000000e+00
7.595838785255452308e+01,0.000000000000000000e+00
8.082647250154910523e+01,0.000000000000000000e+00
8.028462177880547301e+01,0.000000000000000000e+00
7.971913601308598629e+01,0.000000000000000000e+00
8.096596527930401521e+01,0.000000000000000000e+00
7.679063131391170316e+01,0.000000000000000000e+00
7.866520817485056227e+01,0.000000000000000000e+00
8.073027064296968547e+01,0.000000000000000000e+00
7.923189595200160795e+01,0.000000000000000000e+00
8.057579829242243363e+01,0.000000000000000000e+00
7.937015116282807980e+01,0.000000000000000000e+00
8.308580457380759299e+01,0.000000000000000000e+00
7.969916849739189502e+01,0.000000000000000000e+00
7.789892943869054420e+01,0.000000000000000000e+00
7.816166731483249919e+01,0.000000000000000000e+00
7.852366101416623678e+01,0.000000000000000000e+00
7.734843227853316705e+01,0.000000000000000000e+00
7.776543309144985017e+01,0.000000000000000000e+00
7.976682844894999391e+01,0.000000000000000000e+00
8.161083429342971840e+01,0.000000000000000000e+00
7.829681840792181902e+01,0.000000000000000000e+00
7.820540610124645298e+01,0.000000000000000000e+00
7.782546703161789026e+01,0.000000000000000000e+00
7.868968751933557826e+01,0.000000000000000000e+00
7.777848629061001873e+01,0.000000000000000000e+00
8.145703757682473167e+01,0.000000000000000000e+00
7.936574561137412331e+01,0.000000000000000000e+00
8.006897187539215111e+01,0.000000000000000000e+00
7.919354665767984613e+01,0.000000000000000000e+00
7.958630198587214011e+01,0.000000000000000000e+00
8.132532727076034007e+01,0.000000000000000000e+00
8.098551279282411031e+01,0.000000000000000000e+00
8.073712840174981409e+01,0.000000000000000000e+00
8.034365030877282265e+01,0.000000000000000000e+00
7.761877414073781267e+01,0.000000000000000000e+00
7.723313191860958682e+01,0.000000000000000000e+00
8.302798066353318518e+01,0.000000000000000000e+00
8.416179219729278316e+01,0.000000000000000000e+00
7.773487528136747926e+01,0.000000000000000000e+00
8.216824531528496323e+01,0.000000000000000000e+00
7.543439953961907918e+01,0.000000000000000000e+00
7.601865633911975806e+01,0.000000000000000000e+00
8.077556936111756158e+01,0.000000000000000000e+00
8.143056334259884466e+01,0.000000000000000000e+00
7.988185550972043814e+01,0.000000000000000000e+00
7.710564233932355194e+01,0.000000000000000000e+00
8.119841604469364427e+01,0.000000000000000000e+00
7.631041815445871634e+01,0.000000000000000000e+00
7.977501628270623257e+01,0.000000000000000000e+00
7.913261760359922903e+01,0.000000000000000000e+00
8.108371581982184750e+01,0.000000000000000000e+00
8.176733642560844828e+01,0.000000000000000000e+00
7.840401138952719862e+01,0.000000000000000000e+00
7.891752475020422253e+01,0.000000000000000000e+00
8.158717886862775970e+01,0.000000000000000000e+00
7.820547558110858688e+01,0.000000000000000000e+00
7.790476203266975119e+01,0.000000000000000000e+00
7.890974959219565221e+01,0.000000000000000000e+00
7.820018260483777794e+01,0.000000000000000000e+00
7.955753455343651126e+01,0.000000000000000000e+00
7.694206313179587653e+01,0.000000000000000000e+00
7.912212056881986655e+01,0.000000000000000000e+00
7.771261193148109214e+01,0.000000000000000000e+00
8.127261108551931557e+01,0.000000000000000000e+00
7.696670406884626914e+01,0.000000000000000000e+00
8.012251418048143137e+01,0.000000000000000000e+00
8.029413632087893404e+01,0.000000000000000000e+00
8.310706523205871576e+01,0.000000000000000000e+00
8.053404625644546400e+01,0.000000000000000000e+00
8.196807347620298856e+01,0.000000000000000000e+00
7.993935154964690071e+01,0.000000000000000000e+00
7.850854825539092019e+01,0.000000000000000000e+00
8.084265380685079094e+01,0.000000000000000000e+00
7.965998650231050249e+01,0.000000000000000000e+00
8.178042962395461757e+01,0.000000000000000000e+00
7.839743920808406585e+01,0.000000000000000000e+00
7.775400181171612246e+01,0.000000000000000000e+00
8.271998017240490242e+01,0.000000000000000000e+00
7.810743102169426777e+01,0.000000000000000000e+00
7.799093244729577634e+01,0.000000000000000000e+00
7.808217365212266259e+01,0.000000000000000000e+00
8.125563991258654539e+01,0.000000000000000000e+00
8.125219088249332344e+01,0.000000000000000000e+00
8.181234863510172772e+01,0.000000000000000000e+00
7.859940188201019851e+01,0.000000000000000000e+00
8.466841128963484664e+01,0.000000000000000000e+00
7.992102770855426286e+01,0.000000000000000000e+00
7.622387424224817210e+01,0.000000000000000000e+00
8.098392283961281635e+01,0.000000000000000000e+00
8.236212317297865582e+01,0.000000000000000000e+00
7.790989796962760749e+01,0.000000000000000000e+00
8.266882110634585956e+01,0.000000000000000000e+00
8.072554131642569075e+01,0.000000000000000000e+00
7.890533524324948189e+01,0.000000000000000000e+00
8.205581772176836353e+01,0.000000000000000000e+00
7.863503254675666199e+01,0.000000000000000000e+00
8.199891580354510268e+01,0.000000000000000000e+00
7.883121641911225197e+01,0.000000000000000000e+00
8.162109432324618297e+01,0.000000000000000000e+00
7.754503474462450185e+01,0.000000000000000000e+00
7.754174143663378516e+01,0.000000000000000000e+00
8.186865898680353837e+01,0.000000000000000000e+00
7.429647983467202721e+01,0.000000000000000000e+00
7.977143558461403927e+01,0.000000000000000000e+00
7.958568612252794594e+01,0.000000000000000000e+00
8.054863037641851520e+01,0.000000000000000000e+00
8.123503168809551767e+01,0.000000000000000000e+00
7.690835422945076516e+01,0.000000000000000000e+00
8.465613724370311388e+01,0.000000000000000000e+00
8.237731042246042534e+01,0.000000000000000000e+00
7.890251335998560478e+01,0.000000000000000000e+00
8.274498952565386389e+01,0.000000000000000000e+00
8.060685156060814904e+01,0.000000000000000000e+00
7.909848799527910046e+01,0.000000000000000000e+00
8.154135085737847533e+01,0.000000000000000000e+00
7.977142741917050728e+01,0.000000000000000000e+00
8.117339281827653963e+01,0.000000000000000000e+00
7.900141857835772896e+01,0.000000000000000000e+00
8.068570696117136265e+01,0.000000000000000000e+00
8.246785687235295370e+01,0.000000000000000000e+00
7.683109734854491535e+01,0.000000000000000000e+00
8.229380638470405529e+01,0.000000000000000000e+00
7.966169464606434758e+01,0.000000000000000000e+00
8.091108104909712040e+01,0.000000000000000000e+00
8.066213536683558516e+01,0.000000000000000000e+00
7.843598152077376540e+01,0.000000000000000000e+00
7.913795080821230954e+01,0.000000000000000000e+00
8.013522133349458443e+01,0.000000000000000000e+00
8.093369875920558343e+01,0.000000000000000000e+00
8.021139301087970352e+01,0.000000000000000000e+00
7.978120470804509523e+01,0.000000000000000000e+00
7.881749117896185908e+01,0.000000000000000000e+00
7.876457235266360613e+01,0.000000000000000000e+00
8.303923137870886251e+01,0.000000000000000000e+00
7.956370086995823954e+01,0.000000000000000000e+00
7.870503701555351483e+01,0.000000000000000000e+00
7.957254547697657188e+01,0.000000000000000000e+00
8.043743762570370848e+01,0.000000000000000000e+00
7.954255804667873520e+01,0.000000000000000000e+00
7.967776218580675618e+01,0.000000000000000000e+00
7.940686628389462953e+01,0.000000000000000000e+00
7.672588872911893532e+01,0.000000000000000000e+00
7.962573627132726983e+01,0.000000000000000000e+00
8.249117292889577868e+01,0.000000000000000000e+00
8.236251109662029535e+01,0.000000000000000000e+00
7.897840886353455403e+01,0.000000000000000000e+00
7.895681845164853030e+01,0.000000000000000000e+00
8.054353410988943551e+01,0.000000000000000000e+00
7.911608071763976113e+01,0.000000000000000000e+00
7.952089238583684505e+01,0.000000000000000000e+00
7.811830428613072286e+01,0.000000000000000000e+00
8.052314278332718800e+01,0.000000000000000000e+00
8.310687409833060713e+01,0.000000000000000000e+00
8.148821759510494189e+01,0.000000000000000000e+00
8.322093017431237172e+01,0.000000000000000000e+00
8.282607424340217506e+01,0.000000000000000000e+00
8.005847925010463939e+01,0.000000000000000000e+00
8.392912406761362831e+01,0.000000000000000000e+00
8.055896919959698721e+01,0.000000000000000000e+00
7.777490356113145253e+01,0.000000000000000000e+00
7.569281516221187189e+01,0.000000000000000000e+00
7.804830776473340848e+01,0.000000000000000000e+00
7.915026161787834269e+01,0.000000000000000000e+00
7.671775063510854409e+01,0.000000000000000000e+00
8.096564818255380658e+01,0.000000000000000000e+00
7.891209460897202632e+01,0.000000000000000000e+00
7.743546503414368942e+01,0.000000000000000000e+00
7.946888263288886378e+01,0.000000000000000000e+00
7.956283250743759083e+01,0.000000000000000000e+00
8.129249427972139586e+01,0.000000000000000000e+00
8.077348860699231636e+01,0.000000000000000000e+00
8.123014381829233344e+01,0.000000000000000000e+00
8.032357988014369710e+01,0.000000000000000000e+00
7.764728564278357226e+01,0.000000000000000000e+00
7.581702846462421519e+01,0.000000000000000000e+00
8.167915084972460704e+01,0.000000000000000000e+00
7.953788228133296911e+01,0.000000000000000000e+00
7.705493142109067151e+01,0.000000000000000000e+00
7.784804317196278589e+01,0.000000000000000000e+00
8.226344797951450971e+01,0.000000000000000000e+00
7.681164569403338760e+01,0.000000000000000000e+00
7.922756042650351560e+01,0.000000000000000000e+00
8.037961958708409327e+01,0.000000000000000000e+00
8.131331718249577989e+01,0.000000000000000000e+00
7.668671628326384848e+01,0.000000000000000000e+00
8.038635304664990144e+01,0.000000000000000000e+00
8.136947354767619345e+01,0.000000000000000000e+00
8.351942198813181051e+01,0.000000000000000000e+00
7.805440493710601402e+01,0.000000000000000000e+00
8.288333699554593181e+01,0.000000000000000000e+00
7.942469859274849853e+01,0.000000000000000000e+00
7.713927374206525656e+01,0.000000000000000000e+00
7.961683215377792067e+01,0.000000000000000000e+00
7.884713261183127031e+01,0.000000000000000000e+00
7.833282235136613281e+01,0.000000000000000000e+00
7.830624663192762114e+01,0.000000000000000000e+00
7.720670141556659871e+01,0.000000000000000000e+00
7.733648766650571815e+01,0.000000000000000000e+00
8.133900025630576636e+01,0.000000000000000000e+00
7.885511695794583886e+01,0.000000000000000000e+00
7.633251916404286419e+01,0.000000000000000000e+00
7.841235801643789216e+01,0.000000000000000000e+00
7.839288247494837947e+01,0.000000000000000000e+00
7.742934728914509890e+01,0.000000000000000000e+00
7.889121102708479327e+01,0.000000000000000000e+00
7.699427295462963627e+01,0.000000000000000000e+00
8.196994957239260771e+01,0.000000000000000000e+00
7.618000158128425880e+01,0.000000000000000000e+00
8.356199376734886641e+01,0.000000000000000000e+00
7.809469982756046136e+01,0.000000000000000000e+00
8.022591882543279951e+01,0.000000000000000000e+00
8.189758280382679345e+01,0.000000000000000000e+00
7.890875458601502146e+01,0.000000000000000000e+00
7.798008157210468028e+01,0.000000000000000000e+00
7.709461601881417891e+01,0.000000000000000000e+00
7.673323780884462053e+01,0.000000000000000000e+00
7.750719239399346350e+01,0.000000000000000000e+00
8.111529423132346039e+01,0.000000000000000000e+00
7.808467698424020398e+01,0.000000000000000000e+00
7.691241619874122648e+01,0.000000000000000000e+00
7.665540528668434206e+01,0.000000000000000000e+00
7.927494158381554712e+01,0.000000000000000000e+00
7.829322591321012226e+01,0.000000000000000000e+00
7.789839056086627522e+01,0.000000000000000000e+00
7.729168005455555601e+01,0.000000000000000000e+00
7.980535538385352368e+01,0.000000000000000000e+00
7.930258690081176098e+01,0.000000000000000000e+00
7.865637560882508694e+01,0.000000000000000000e+00
7.520157373246124166e+01,0.000000000000000000e+00
8.107724543112352933e+01,0.000000000000000000e+00
7.543219815108201942e+01,0.000000000000000000e+00
7.875390597020449945e+01,0.000000000000000000e+00
7.827147706670842808e+01,0.000000000000000000e+00
7.972281549731756911e+01,0.000000000000000000e+00
7.729015809353391830e+01,0.000000000000000000e+00
7.393516650431824644e+01,0.000000000000000000e+00
7.282443066398360543e+01,0.000000000000000000e+00
7.710190861616605673e+01,0.000000000000000000e+00
8.029997097409476225e+01,0.000000000000000000e+00
7.625427135334579987e+01,0.000000000000000000e+00
7.708868300294393805e+01,0.000000000000000000e+00
7.798453205254523368e+01,0.000000000000000000e+00
7.756534544843886181e+01,0.000000000000000000e+00
8.129539663384328207e+01,0.000000000000000000e+00
7.374801634014828267e+01,0.000000000000000000e+00
7.481469054072596236e+01,0.000000000000000000e+00
7.583844144403133214e+01,0.000000000000000000e+00
7.863174963363054815e+01,0.000000000000000000e+00
7.636092891443330188e+01,0.000000000000000000e+00
7.731132835824043070e+01,0.000000000000000000e+00
7.697502241322885652e+01,0.000000000000000000e+00
7.708816155779686596e+01,0.000000000000000000e+00
7.787216036287489374e+01,0.000000000000000000e+00
7.567874093556530113e+01,0.000000000000000000e+00
7.648068646987326247e+01,0.000000000000000000e+00
7.608673677121072387e+01,0.000000000000000000e+00
7.962805243384211451e+01,0.000000000000000000e+00
7.917954587715132675e+01,0.000000000000000000e+00
7.913963225674719126e+01,0.000000000000000000e+00
7.935057325094783209e+01,0.000000000000000000e+00
7.506538339504380986e+01,0.000000000000000000e+00
7.912161213515273062e+01,0.000000000000000000e+00
7.427271816932280046e+01,0.000000000000000000e+00
7.647843144694961381e+01,0.000000000000000000e+00
7.551615236943406728e+01,0.000000000000000000e+00
8.223653215213941792e+01,0.000000000000000000e+00
8.250289024873546850e+01,0.000000000000000000e+00
7.203746291522612921e+01,0.000000000000000000e+00
7.453708519620415984e+01,0.000000000000000000e+00
7.836220148688840936e+01,0.000000000000000000e+00
7.626838071370701755e+01,0.000000000000000000e+00
7.773742638341761335e+01,0.000000000000000000e+00
7.680294766411959984e+01,0.000000000000000000e+00
7.587715962898472810e+01,0.000000000000000000e+00
7.297948844630212761e+01,0.000000000000000000e+00
7.474816859018012849e+01,0.000000000000000000e+00
7.889004221728892219e+01,0.000000000000000000e+00
7.769176870726462880e+01,0.000000000000000000e+00
7.684443918813984453e+01,0.000000000000000000e+00
7.424114896943378028e+01,0.000000000000000000e+00
7.805637853910741342e+01,0.000000000000000000e+00
7.740946676331375897e+01,0.000000000000000000e+00
7.798505453869186965e+01,0.000000000000000000e+00
7.863072315909937515e+01,0.000000000000000000e+00
7.508053079498543525e+01,0.000000000000000000e+00
7.592413836980091446e+01,0.000000000000000000e+00
7.602393346101737848e+01,0.000000000000000000e+00
7.891230645889416451e+01,0.000000000000000000e+00
7.516650530598083435e+01,0.000000000000000000e+00
7.631140978804597808e+01,0.000000000000000000e+00
7.593834173992344461e+01,0.000000000000000000e+00
7.414455451689761389e+01,0.000000000000000000e+00
7.725025449977931657e+01,0.000000000000000000e+00
7.740121976115639768e+01,0.000000000000000000e+00
7.809899527880968151e+01,0.000000000000000000e+00
7.542364187969111811e+01,0.000000000000000000e+00
7.605477677020691374e+01,0.000000000000000000e+00
7.502198489914353274e+01,0.000000000000000000e+00
7.387758695425907263e+01,0.000000000000000000e+00
7.721150772872705659e+01,0.000000000000000000e+00
7.618177316749442696e+01,0.000000000000000000e+00
7.466508770483062563e+01,0.000000000000000000e+00
7.975119853576899231e+01,0.000000000000000000e+00
7.405228747593179150e+01,0.000000000000000000e+00
7.473382298184438355e+01,0.000000000000000000e+00
7.887992922862449063e+01,0.000000000000000000e+00
7.492008109405890082e+01,0.000000000000000000e+00
7.349469384975215291e+01,0.000000000000000000e+00
7.308166449202417425e+01,0.000000000000000000e+00
7.618262798414973247e+01,0.000000000000000000e+00
7.347983352054511386e+01,0.000000000000000000e+00
7.715778957935107485e+01,0.000000000000000000e+00
7.366015331202174821e+01,0.000000000000000000e+00
7.717736349297094023e+01,0.000000000000000000e+00
7.471153369028235147e+01,0.000000000000000000e+00
7.515236481256641810e+01,0.000000000000000000e+00
7.544078594136344407e+01,0.000000000000000000e+00
7.401794970703282672e+01,0.000000000000000000e+00
7.632335472736227189e+01,0.000000000000000000e+00
7.386758466349775176e+01,0.000000000000000000e+00
7.284178716299244627e+01,0.000000000000000000e+00
7.435900461575884890e+01,0.000000000000000000e+00
7.734348628647154555e+01,0.000000000000000000e+00
7.564550603660579498e+01,0.000000000000000000e+00
7.841527973496134507e+01,0.000000000000000000e+00
7.730313745682832405e+01,0.000000000000000000e+00
7.483555682537603104e+01,0.000000000000000000e+00
7.450601429555602806e+01,0.000000000000000000e+00
7.391913219843956995e+01,0.000000000000000000e+00
7.289005836406975902e+01,0.000000000000000000e+00
7.199046879335615756e+01,0.000000000000000000e+00
7.201300893142150983e+01,0.000000000000000000e+00
7.407895283562092459e+01,0.000000000000000000e+00
7.181310560468590154e+01,0.000000000000000000e+00
7.264584761981164718e+01,0.000000000000000000e+00
7.385549902705854208e+01,0.000000000000000000e+00
7.232689519258207156e+01,0.000000000000000000e+00
7.407435358774135636e+01,0.000000000000000000e+00
7.509028968743750454e+01,0.000000000000000000e+00
7.233913265987958141e+01,0.000000000000000000e+00
7.650265855645760382e+01,0.000000000000000000e+00
7.164691882860618932e+01,0.000000000000000000e+00
7.263191844249141127e+01,0.000000000000000000e+00
7.487700572822780032e+01,0.000000000000000000e+00
7.490189553092943697e+01,0.000000000000000000e+00
6.880822858040266965e+01,0.000000000000000000e+00
7.435245220993598991e+01,0.000000000000000000e+00
7.108119361632998334e+01,0.000000000000000000e+00
7.061272861094202824e+01,0.000000000000000000e+00
7.100197825763557091e+01,0.000000000000000000e+00
7.589991799436758413e+01,0.000000000000000000e+00
6.966947400969586113e+01,0.000000000000000000e+00
7.449564666069258578e+01,0.000000000000000000e+00
7.175871884237871257e+01,0.000000000000000000e+00
7.197613093174419419e+01,0.000000000000000000e+00
7.529637531948485218e+01,0.000000000000000000e+00
7.439264170452837277e+01,0.000000000000000000e+00
7.538958962622986348e+01,0.000000000000000000e+00
7.093013473159003013e+01,0.000000000000000000e+00
6.787535863157509652e+01,0.000000000000000000e+00
7.445420578106077869e+01,0.000000000000000000e+00
7.029636111558164657e+01,0.000000000000000000e+00
7.168486147853879231e+01,0.000000000000000000e+00
7.035662840054361311e+01,0.000000000000000000e+00
7.492622114933894295e+01,0.000000000000000000e+00
7.290102532685635595e+01,0.000000000000000000e+00
6.952361461047995306e+01,0.000000000000000000e+00
7.355776755508490794e+01,0.000000000000000000e+00
6.925029669788365538e+01,0.000000000000000000e+00
7.321400558998819008e+01,0.000000000000000000e+00
6.800184775384654756e+01,0.000000000000000000e+00
7.178388893288803274e+01,0.000000000000000000e+00
7.574348936046145297e+01,0.000000000000000000e+00
7.357364086579246987e+01,0.000000000000000000e+00
7.334820314390087503e+01,0.000000000000000000e+00
7.176302955595986077e+01,0.000000000000000000e+00
7.233564563459646024e+01,0.000000000000000000e+00
7.294075829559628232e+01,0.000000000000000000e+00
6.890817230380383762e+01,0.000000000000000000e+00
7.282200451944002850e+01,0.000000000000000000e+00
7.161903315510109280e+01,0.000000000000000000e+00
7.138356469147421990e+01,0.000000000000000000e+00
7.270913958012737055e+01,0.000000000000000000e+00
6.928448858352733453e+01,0.000000000000000000e+00
7.017757660742680059e+01,0.000000000000000000e+00
7.174631512117834120e+01,0.000000000000000000e+00
7.332581339189462710e+01,0.000000000000000000e+00
6.873246958376122961e+01,0.000000000000000000e+00
7.181720132595204120e+01,0.000000000000000000e+00
6.931419077685487196e+01,0.000000000000000000e+00
7.353952640877335512e+01,0.000000000000000000e+00
7.288575405938978236e+01,0.000000000000000000e+00
7.033834953269750656e+01,0.000000000000000000e+00
7.104449752855443023e+01,0.000000000000000000e+00
7.284466397520904479e+01,0.000000000000000000e+00
6.913930503628638746e+01,0.000000000000000000e+00
7.349094126313249831e+01,0.000000000000000000e+00
7.176666032696063269e+01,0.000000000000000000e+00
7.026410979719530303e+01,0.000000000000000000e+00
7.009851051607166994e+01,0.000000000000000000e+00
7.068406600071801904e+01,0.000000000000000000e+00
6.888846228692329987e+01,0.000000000000000000e+00
6.865733337784418211e+01,0.000000000000000000e+00
6.582677348598663514e+01,0.000000000000000000e+00
7.186784639682414877e+01,0.000000000000000000e+00
6.621772374677935602e+01,0.000000000000000000e+00
7.376065910940154424e+01,0.000000000000000000e+00
7.272191743457074153e+01,0.000000000000000000e+00
6.774251334001095870e+01,0.000000000000000000e+00
7.028970929563945447e+01,0.000000000000000000e+00
7.194100605070538279e+01,0.000000000000000000e+00
7.231021272984852999e+01,0.000000000000000000e+00
6.826385917930404901e+01,0.000000000000000000e+00
6.987561013604116056e+01,0.000000000000000000e+00
6.928194508687336395e+01,0.000000000000000000e+00
6.569011247570847445e+01,0.000000000000000000e+00
7.010126583728565208e+01,0.000000000000000000e+00
6.652488631814915720e+01,0.000000000000000000e+00
6.533978139680316133e+01,0.000000000000000000e+00
6.952612926395656245e+01,0.000000000000000000e+00
6.926500036600695864e+01,0.000000000000000000e+00
7.058295222283926762e+01,0.000000000000000000e+00
6.668792327760084504e+01,0.000000000000000000e+00
7.231187462293300428e+01,0.000000000000000000e+00
6.738605896906267390e+01,0.000000000000000000e+00
6.747083548806173781e+01,0.000000000000000000e+00
6.983834592180699019e+01,0.000000000000000000e+00
7.249119545660073527e+01,0.000000000000000000e+00
6.797132837812517892e+01,0.000000000000000000e+00
6.652791947723849830e+01,0.000000000000000000e+00
7.069007557252648155e+01,0.000000000000000000e+00
6.837008625312874699e+01,0.000000000000000000e+00
6.561735218257591384e+01,0.000000000000000000e+00
6.960635436085038918e+01,0.000000000000000000e+00
6.538078843704847998e+01,0.000000000000000000e+00
6.513427854231716196e+01,0.000000000000000000e+00
6.799451514488401926e+01,0.000000000000000000e+00
6.887097722563946434e+01,0.000000000000000000e+00
6.714464169869394539e+01,0.000000000000000000e+00
6.882628244249451654e+01,0.000000000000000000e+00
6.526141357672246102e+01,0.000000000000000000e+00
6.743651405964243395e+01,0.000000000000000000e+00
7.059710937796172914e+01,0.000000000000000000e+00
7.079913411481169305e+01,0.000000000000000000e+00
6.607605888905041525e+01,0.000000000000000000e+00
6.898205868281141306e+01,0.000000000000000000e+00
6.693785081325442832e+01,0.000000000000000000e+00
6.961166507390866798e+01,0.000000000000000000e+00
6.690576829284529481e+01,0.000000000000000000e+00
6.908055292585414975e+01,0.000000000000000000e+00
6.520224886960833999e+01,0.000000000000000000e+00
6.675834551619244905e+01,0.000000000000000000e+00
6.704108187821665865e+01,0.000000000000000000e+00
6.996931379597819500e+01,0.000000000000000000e+00
6.679009801360263054e+01,0.000000000000000000e+00
6.905318388899789284e+01,0.000000000000000000e+00
6.627954792189245836e+01,0.000000000000000000e+00
6.443398849693305408e+01,0.000000000000000000e+00
7.033149209382864342e+01,0.000000000000000000e+00
6.718298907272942699e+01,0.000000000000000000e+00
6.364852073034975177e+01,0.000000000000000000e+00
6.817252077352007689e+01,0.000000000000000000e+00
6.951030676200980452e+01,0.000000000000000000e+00
6.375915689646575402e+01,0.000000000000000000e+00
6.690658113003105711e+01,0.000000000000000000e+00
6.563511534477947862e+01,0.000000000000000000e+00
6.489890777569024749e+01,0.000000000000000000e+00
6.415159023040496322e+01,0.000000000000000000e+00
6.163213783110136745e+01,0.000000000000000000e+00
6.637068712339950594e+01,0.000000000000000000e+00
6.666246064866393795e+01,0.000000000000000000e+00
6.341106966241463994e+01,0.000000000000000000e+00
6.500535501315555109e+01,0.000000000000000000e+00
6.455698733328210892e+01,0.000000000000000000e+00
6.343614561238290150e+01,0.000000000000000000e+00
6.989065805933384468e+01,0.000000000000000000e+00
6.357509566606163531e+01,0.000000000000000000e+00
6.929118288783632806e+01,0.000000000000000000e+00
6.587771727019060108e+01,0.000000000000000000e+00
6.518606532288342237e+01,0.000000000000000000e+00
6.750456494331692170e+01,0.000000000000000000e+00
6.418398767139363770e+01,0.000000000000000000e+00
6.733544494165275296e+01,0.000000000000000000e+00
5.935998913893061513e+01,0.000000000000000000e+00
6.552004884140271201e+01,0.000000000000000000e+00
6.369640806102579944e+01,0.000000000000000000e+00
6.556948815966522659e+01,0.000000000000000000e+00
6.218968711300855290e+01,0.000000000000000000e+00
6.149305526648957709e+01,0.000000000000000000e+00
6.332432577661252537e+01,0.000000000000000000e+00
6.343015979223658007e+01,0.000000000000000000e+00
6.147651389095059926e+01,0.000000000000000000e+00
6.462448279419086816e+01,0.000000000000000000e+00
6.219221818729646145e+01,0.000000000000000000e+00
6.570874409660669357e+01,0.000000000000000000e+00
6.360912225174356394e+01,0.000000000000000000e+00
6.405960735491491675e+01,0.000000000000000000e+00
6.295664429086612301e+01,0.000000000000000000e+00
6.678706241779821084e+01,0.000000000000000000e+00
6.346409908130024746e+01,0.000000000000000000e+00
6.593760926488469920e+01,0.000000000000000000e+00
6.602140059962208340e+01,0.000000000000000000e+00
6.671300091076581396e+01,0.000000000000000000e+00
6.282229127232688626e+01,0.000000000000000000e+00
6.463548207826399050e+01,0.000000000000000000e+00
6.530168233932694477e+01,0.000000000000000000e+00
6.142182075187236734e+01,0.000000000000000000e+00
6.253444110551227197e+01,0.000000000000000000e+00
5.984100150098776538e+01,0.000000000000000000e+00
6.179460369537937936e+01,0.000000000000000000e+00
6.492416837846408839e+01,0.000000000000000000e+00
6.622236652908473786e+01,0.000000000000000000e+00
6.199484462797646955e+01,0.000000000000000000e+00
5.859859794807567113e+01,0.000000000000000000e+00
6.044160996009460263e+01,0.000000000000000000e+00
6.216874030607495172e+01,0.000000000000000000e+00
6.273821392246244955e+01,0.000000000000000000e+00
6.137879198149763482e+01,0.000000000000000000e+00
6.230071911000970886e+01,0.000000000000000000e+00
5.792829316063183143e+01,0.000000000000000000e+00
6.237338351364569888e+01,0.000000000000000000e+00
6.251578907556509535e+01,0.000000000000000000e+00
5.977142318092450779e+01,0.000000000000000000e+00
6.224034273758726954e+01,0.000000000000000000e+00
6.271459034147345335e+01,0.000000000000000000e+00
6.269249467737484593e+01,0.000000000000000000e+00
6.157245813989526795e+01,0.000000000000000000e+00
6.169320544628892122e+01,0.000000000000000000e+00
5.961210357362890022e+01,0.000000000000000000e+00
6.173033137357748501e+01,0.000000000000000000e+00
6.372294840260262561e+01,0.000000000000000000e+00
6.174320462571196089e+01,0.000000000000000000e+00
6.167474217535780667e+01,0.000000000000000000e+00
6.288185032715686162e+01,0.000000000000000000e+00
5.827680264339634419e+01,0.000000000000000000e+00
5.929405692670834327e+01,0.000000000000000000e+00
6.103976398174685158e+01,0.000000000000000000e+00
5.959715013649780246e+01,0.000000000000000000e+00
6.034461423065571495e+01,0.000000000000000000e+00
5.658295269156258200e+01,0.000000000000000000e+00
5.985291159436750519e+01,0.000000000000000000e+00
6.138549057750768156e+01,0.000000000000000000e+00
6.030669260801138876e+01,0.000000000000000000e+00
6.019467206521845526e+01,0.000000000000000000e+00
6.085883035319650247e+01,0.000000000000000000e+00
5.487772116817401979e+01,0.000000000000000000e+00
6.189335352506695642e+01,0.000000000000000000e+00
5.727369222925556613e+01,0.000000000000000000e+00
5.979871913340506495e+01,0.000000000000000000e+00
5.953443253113879763e+01,0.000000000000000000e+00
5.962996438063505167e+01,0.000000000000000000e+00
6.162967430263429236e+01,0.000000000000000000e+00
6.053347406887152715e+01,0.000000000000000000e+00
6.265233930541561591e+01,0.000000000000000000e+00
5.576124828344472917e+01,0.000000000000000000e+00
6.009651181219430072e+01,0.000000000000000000e+00
6.272230133160889665e+01,0.000000000000000000e+00
5.988849536307686350e+01,0.000000000000000000e+00
6.156038661783621535e+01,0.000000000000000000e+00
5.843741479725465382e+01,0.000000000000000000e+00
5.744692705135351218e+01,0.000000000000000000e+00
6.181429212585535993e+01,0.000000000000000000e+00
5.651172359130079315e+01,0.000000000000000000e+00
5.658318358908185530e+01,0.000000000000000000e+00
6.106442385952962582e+01,0.000000000000000000e+00
6.014813824479658422e+01,0.000000000000000000e+00
6.054839460967684062e+01,0.000000000000000000e+00
5.926169219167299218e+01,0.000000000000000000e+00
6.236537759282125393e+01,0.000000000000000000e+00
5.899484728295805525e+01,0.000000000000000000e+00
5.949839484031743808e+01,0.000000000000000000e+00
5.825476622794816706e+01,0.000000000000000000e+00
5.606618838777861669e+01,0.000000000000000000e+00
5.615088833371122234e+01,0.000000000000000000e+00
5.737918027987163327e+01,0.000000000000000000e+00
5.655935411039048688e+01,0.000000000000000000e+00
5.577012880607804846e+01,0.000000000000000000e+00
5.534814112771492489e+01,0.000000000000000000e+00
5.457255825994290177e+01,0.000000000000000000e+00
5.649386625412312668e+01,0.000000000000000000e+00
5.854865224488928988e+01,0.000000000000000000e+00
6.059918817519370293e+01,0.000000000000000000e+00
5.690442677485312828e+01,0.000000000000000000e+00
5.944727499769677337e+01,0.000000000000000000e+00
5.893013030639235694e+01,0.000000000000000000e+00
5.958302408296961516e+01,0.000000000000000000e+00
5.410015976713754782e+01,0.000000000000000000e+00
5.868961600658612809e+01,0.000000000000000000e+00
5.350740039282960936e+01,0.000000000000000000e+00
5.840033092875096088e+01,0.000000000000000000e+00
5.866177578072324650e+01,0.000000000000000000e+00
5.390458227478318065e+01,0.000000000000000000e+00
5.931585168682234155e+01,0.000000000000000000e+00
5.378968086635254764e+01,0.000000000000000000e+00
5.830436409830551270e+01,0.000000000000000000e+00
5.580259319819874975e+01,0.000000000000000000e+00
5.389563519006404846e+01,0.000000000000000000e+00
5.579692304592958862e+01,0.000000000000000000e+00
5.737243759607405735e+01,0.000000000000000000e+00
5.539070740030988560e+01,0.000000000000000000e+00
5.457748766452886002e+01,0.000000000000000000e+00
5.560977087557679965e+01,0.000000000000000000e+00
5.812738209753860730e+01,0.000000000000000000e+00
5.475457412273428304e+01,0.000000000000000000e+00
5.596340499901442200e+01,0.000000000000000000e+00
5.048566892262604711e+01,0.000000000000000000e+00
5.358057543910056353e+01,0.000000000000000000e+00
5.578551902094464054e+01,0.000000000000000000e+00
5.434782226699886110e+01,0.000000000000000000e+00
5.306578232815282092e+01,0.000000000000000000e+00
5.437480895517707324e+01,0.000000000000000000e+00
5.294826682268792695e+01,0.000000000000000000e+00
5.624459165146297579e+01,0.000000000000000000e+00
5.443159180352925119e+01,0.000000000000000000e+00
5.674465677592615265e+01,0.000000000000000000e+00
5.729891544030725470e+01,0.000000000000000000e+00
5.843280197544983423e+01,0.000000000000000000e+00
5.240906643479293336e+01,0.000000000000000000e+00
5.462437911052823125e+01,0.000000000000000000e+00
5.509079668638921135e+01,0.000000000000000000e+00
5.330147617019882489e+01,0.000000000000000000e+00
5.207241794250016653e+01,0.000000000000000000e+00
5.110005747679525001e+01,0.000000000000000000e+00
5.283916157209375797e+01,0.000000000000000000e+00
5.251580494199563987e+01,0.000000000000000000e+00
5.107396838779637704e+01,0.000000000000000000e+00
5.512371442819645040e+01,0.000000000000000000e+00
5.255255768302593822e+01,0.000000000000000000e+00
5.481070287353868764e+01,0.000000000000000000e+00
5.398919093041360640e+01,0.000000000000000000e+00
5.222783510862308987e+01,0.000000000000000000e+00
5.224064401909455313e+01,0.000000000000000000e+00
5.710548939459030038e+01,0.000000000000000000e+00
5.559704958958401733e+01,0.000000000000000000e+00
5.385861951099924028e+01,0.000000000000000000e+00
5.277926932591834941e+01,0.000000000000000000e+00
4.881360102921962607e+01,0.000000000000000000e+00
5.395526486567899127e+01,0.000000000000000000e+00
5.281524681728468806e+01,0.000000000000000000e+00
5.144484805027489216e+01,0.000000000000000000e+00
5.514047762233379046e+01,0.000000000000000000e+00
5.276616811731011580e+01,0.000000000000000000e+00
5.291509263507219885e+01,0.000000000000000000e+00
5.724276281336175032e+01,0.000000000000000000e+00
5.036310963219946046e+01,0.000000000000000000e+00
5.102811039832767648e+01,0.000000000000000000e+00
4.919196610614445575e+01,0.000000000000000000e+00
5.136328508492416489e+01,0.000000000000000000e+00
4.810479699159641598e+01,0.000000000000000000e+00
5.150638244514454556e+01,0.000000000000000000e+00
5.220145765279772831e+01,0.000000000000000000e+00
5.372591254631372237e+01,0.000000000000000000e+00
5.056571486730570086e+01,0.000000000000000000e+00
5.048066431495058737e+01,0.000000000000000000e+00
4.943768821864367879e+01,0.000000000000000000e+00
5.310134719739613018e+01,0.000000000000000000e+00
5.661310891247191535e+01,0.000000000000000000e+00
5.364440717022856830e+01,0.000000000000000000e+00
5.020912703572600577e+01,0.000000000000000000e+00
5.266688175409292683e+01,0.000000000000000000e+00
5.195705873424174115e+01,0.000000000000000000e+00
5.055411912367132743e+01,0.000000000000000000e+00
5.037141396630879342e+01,0.000000000000000000e+00
5.113883628130222547e+01,0.000000000000000000e+00
5.297407023007925631e+01,0.000000000000000000e+00
5.013769382936077790e+01,0.000000000000000000e+00
4.987708499832223907e+01,0.000000000000000000e+00
5.202502002561202943e+01,0.000000000000000000e+00
4.708126939368544583e+01,0.000000000000000000e+00
4.947973256396852548e+01,0.000000000000000000e+00
4.960617439629688619e+01,0.000000000000000000e+00
4.991242405120112124e+01,0.000000000000000000e+00
5.344105523135043256e+01,0.000000000000000000e+00
4.995429061549979366e+01,0.000000000000000000e+00
4.611374189791587952e+01,0.000000000000000000e+00
5.491715142187658927e+01,0.000000000000000000e+00
4.739376871957512805e+01,0.000000000000000000e+00
5.199050803659503117e+01,0.000000000000000000e+00
5.117195051013252538e+01,0.000000000000000000e+00
5.000532850348037783e+01,0.000000000000000000e+00
4.853236171538431165e+01,0.000000000000000000e+00
5.078142590142565638e+01,0.000000000000000000e+00
5.109522495330156744e+01,0.000000000000000000e+00
4.796748799239808392e+01,0.000000000000000000e+00
4.908458735182565391e+01,0.000000000000000000e+00
4.720977100772820734e+01,0.000000000000000000e+00
5.066362175435828874e+01,0.000000000000000000e+00
4.996112506925864238e+01,0.000000000000000000e+00
5.077677179621004200e+01,0.000000000000000000e+00
4.917718440908387834e+01,0.000000000000000000e+00
4.428658933375028539e+01,0.000000000000000000e+00
4.773324776812945203e+01,0.000000000000000000e+00
4.594093551524030516e+01,0.000000000000000000e+00
4.687306346621544151e+01,0.000000000000000000e+00
4.843401251310016420e+01,0.000000000000000000e+00
5.043198562807621954e+01,0.000000000000000000e+00
4.831182685492237994e+01,0.000000000000000000e+00
4.796067705260489333e+01,0.000000000000000000e+00
4.880483685419210360e+01,0.000000000000000000e+00
4.772207952264047748e+01,0.000000000000000000e+00
4.839222164956742489e+01,0.000000000000000000e+00
4.750701500815252132e+01,0.000000000000000000e+00
4.923462746058308426e+01,0.000000000000000000e+00
5.279406153343116870e+01,0.000000000000000000e+00
4.741105056117697103e+01,0.000000000000000000e+00
4.655629631961082282e+01,0.000000000000000000e+00
4.736602459077035121e+01,0.000000000000000000e+00
4.359408608672057994e+01,0.000000000000000000e+00
4.439361364831445655e+01,0.000000000000000000e+00
4.723075711058184822e+01,0.000000000000000000e+00
4.410606135378863257e+01,0.000000000000000000e+00
4.644972656219189844e+01,0.000000000000000000e+00
4.984486480686113907e+01,0.000000000000000000e+00
4.546170763236005996e+01,0.000000000000000000e+00
4.862401198846003325e+01,0.000000000000000000e+00
4.595603942629498562e+01,0.000000000000000000e+00
4.521460684845050793e+01,0.000000000000000000e+00
4.466474805399784742e+01,0.000000000000000000e+00
4.714105960669615314e+01,0.000000000000000000e+00
4.337820441466402599e+01,0.000000000000000000e+00
4.777189210774149331e+01,0.000000000000000000e+00
4.550380544945398498e+01,0.000000000000000000e+00
4.531003530189689599e+01,0.000000000000000000e+00
4.925151961517335053e+01,0.000000000000000000e+00
4.616598387278074966e+01,0.000000000000000000e+00
4.081016686851764064e+01,0.000000000000000000e+00
4.477500937451751639e+01,0.000000000000000000e+00
4.816042144290037186e+01,0.000000000000000000e+00
4.874770653807793508e+01,0.000000000000000000e+00
4.950541421876345538e+01,0.000000000000000000e+00
4.525581998574152465e+01,0.000000000000000000e+00
4.452636223620594080e+01,0.000000000000000000e+00
4.322283561723705958e+01,0.000000000000000000e+00
4.564193405135358717e+01,0.000000000000000000e+00
4.448203362776787628e+01,0.000000000000000000e+00
4.485978525815695406e+01,0.000000000000000000e+00
4.338908168960472267e+01,0.000000000000000000e+00
4.390728826775118421e+01,0.000000000000000000e+00
4.426752995352693176e+01,0.000000000000000000e+00
4.487463479101322150e+01,0.000000000000000000e+00
4.099514574579984583e+01,0.000000000000000000e+00
4.197256277188766660e+01,0.000000000000000000e+00
4.426882741900662666e+01,0.000000000000000000e+00
4.440442727951490554e+01,0.000000000000000000e+00
4.212956417155726285e+01,0.000000000000000000e+00
4.457104232565629331e+01,0.000000000000000000e+00
4.322784508763179900e+01,0.000000000000000000e+00
4.654175773280312711e+01,0.000000000000000000e+00
4.359189724024685120e+01,0.000000000000000000e+00
4.412590881317613167e+01,0.000000000000000000e+00
4.679602942850107183e+01,0.000000000000000000e+00
4.522019673078831659e+01,0.000000000000000000e+00
4.192551780683240992e+01,0.000000000000000000e+00
4.220690630488295625e+01,0.000000000000000000e+00
4.293456881082599352e+01,0.000000000000000000e+00
4.052679687227244898e+01,0.000000000000000000e+00
4.564821014502754792e+01,0.000000000000000000e+00
4.306588412208799355e+01,0.000000000000000000e+00
4.288020602076374388e+01,0.000000000000000000e+00
4.479004994681519491e+01,0.000000000000000000e+00
4.258750550515753019e+01,0.000000000000000000e+00
4.307454475166773022e+01,0.000000000000000000e+00
4.150926713432514248e+01,0.000000000000000000e+00
4.360768373251294605e+01,0.000000000000000000e+00
4.209167510224170172e+01,0.000000000000000000e+00
4.312582681250010808e+01,0.000000000000000000e+00
4.480066451142896966e+01,0.000000000000000000e+00
4.212795672365245991e+01,0.000000000000000000e+00
4.336821197564283636e+01,0.000000000000000000e+00
4.186941580157935050e+01,0.000000000000000000e+00
3.911838125971114977e+01,0.000000000000000000e+00
4.052185360803417069e+01,0.000000000000000000e+00
4.280860803775980372e+01,0.000000000000000000e+00
4.179408980867531653e+01,0.000000000000000000e+00
3.984924182480103383e+01,0.000000000000000000e+00
3.710790022719228176e+01,0.000000000000000000e+00
3.921710915822815480e+01,0.000000000000000000e+00
4.236233952889442378e+01,0.000000000000000000e+00
3.878796817890743398e+01,0.000000000000000000e+00
4.190268101893305897e+01,0.000000000000000000e+00
4.368172452412419204e+01,0.000000000000000000e+00
4.154533482293295066e+01,0.000000000000000000e+00
3.935823544206690627e+01,0.000000000000000000e+00
4.410309029556697880e+01,0.000000000000000000e+00
3.707869781837146661e+01,0.000000000000000000e+00
4.286844820639211662e+01,0.000000000000000000e+00
3.947014886971849279e+01,0.000000000000000000e+00
3.904261336967594076e+01,0.000000000000000000e+00
3.978763299600515069e+01,0.000000000000000000e+00
4.409544911157502867e+01,0.000000000000000000e+00
4.021952693394469946e+01,0.000000000000000000e+00
3.831207399701959559e+01,0.000000000000000000e+00
4.011556479705487277e+01,0.000000000000000000e+00
4.259191829285691000e+01,0.000000000000000000e+00
3.843348843966210637e+01,0.000000000000000000e+00
3.791550836911089561e+01,0.000000000000000000e+00
3.760032663180595591e+01,0.000000000000000000e+00
3.754685753886911215e+01,0.000000000000000000e+00
4.058871178412880454e+01,0.000000000000000000e+00
3.883858760151937162e+01,0.000000000000000000e+00
4.148742602695526216e+01,0.000000000000000000e+00
3.822438127130856600e+01,0.000000000000000000e+00
4.061666143621758351e+01,0.000000000000000000e+00
3.956657110672414746e+01,0.000000000000000000e+00
4.076714119235138156e+01,0.000000000000000000e+00
3.830885975962290502e+01,0.000000000000000000e+00
4.113138658976698281e+01,0.000000000000000000e+00
3.829666417452099836e+01,0.000000000000000000e+00
4.040811342336098733e+01,0.000000000000000000e+00
3.851770065627582795e+01,0.000000000000000000e+00
4.077866724975598345e+01,0.000000000000000000e+00
4.187455994404318460e+01,0.000000000000000000e+00
4.001599496854380078e+01,0.000000000000000000e+00
3.950559225170145794e+01,0.000000000000000000e+00
3.864243854774558429e+01,0.000000000000000000e+00
3.734521043229649706e+01,0.000000000000000000e+00
3.670139722052486775e+01,0.000000000000000000e+00
4.043005773031318739e+01,0.000000000000000000e+00
3.779296896833992747e+01,0.000000000000000000e+00
3.961671329640572736e+01,0.000000000000000000e+00
3.725921518162145674e+01,0.000000000000000000e+00
3.444947452381820341e+01,0.000000000000000000e+00
3.694615675758931417e+01,0.000000000000000000e+00
3.224866692183795180e+01,0.000000000000000000e+00
3.779593374136172201e+01,0.000000000000000000e+00
3.715241246043419210e+01,0.000000000000000000e+00
3.405508008940832809e+01,0.000000000000000000e+00
3.337243168345542443e+01,0.000000000000000000e+00
3.900053978351744632e+01,0.000000000000000000e+00
3.801168657245327154e+01,0.000000000000000000e+00
3.595491526135585758e+01,0.000000000000000000e+00
3.536683344707955712e+01,0.000000000000000000e+00
3.883082591688557983e+01,0.000000000000000000e+00
3.489402896942831944e+01,0.000000000000000000e+00
3.555119881323776809e+01,0.000000000000000000e+00
3.534429957322532800e+01,0.000000000000000000e+00
3.600591601413464105e+01,0.000000000000000000e+00
3.966158456624078354e+01,0.000000000000000000e+00
3.926917172279320312e+01,0.000000000000000000e+00
3.625938171753300310e+01,0.000000000000000000e+00
3.677102114679726697e+01,0.000000000000000000e+00
3.137454076402672243e+01,0.000000000000000000e+00
3.586694696367709412e+01,0.000000000000000000e+00
3.782669726445931957e+01,0.000000000000000000e+00
3.569810524422863551e+01,0.000000000000000000e+00
3.698643468645468602e+01,0.000000000000000000e+00
3.388225212343172643e+01,0.000000000000000000e+00
3.836649621828796342e+01,0.000000000000000000e+00
3.448398665555122022e+01,0.000000000000000000e+00
3.736395263797768962e+01,0.000000000000000000e+00
3.758115745121438067e+01,0.000000000000000000e+00
4.088534395298473356e+01,0.000000000000000000e+00
3.227551822552480587e+01,0.000000000000000000e+00
3.373353114425405863e+01,0.000000000000000000e+00
3.572828073593625930e+01,0.000000000000000000e+00
3.291105472089496686e+01,0.000000000000000000e+00
3.543669407951094286e+01,0.000000000000000000e+00
3.796682091777633872e+01,0.000000000000000000e+00
3.409763997820723347e+01,0.000000000000000000e+00
3.263602170216481824e+01,0.000000000000000000e+00
3.356790281112672858e+01,0.000000000000000000e+00
3.331166679791024876e+01,0.000000000000000000e+00
3.442833717123076553e+01,0.000000000000000000e+00
3.473927707146916788e+01,0.000000000000000000e+00
3.346749886600320423e+01,0.000000000000000000e+00
3.210334236832476762e+01,0.000000000000000000e+00
3.742806547537918505e+01,0.000000000000000000e+00
3.270324655313101658e+01,0.000000000000000000e+00
3.485238987811029432e+01,0.000000000000000000e+00
3.389190135117294034e+01,0.000000000000000000e+00
3.677854401645335258e+01,0.000000000000000000e+00
3.224031789568985573e+01,0.000000000000000000e+00
3.231092133864116533e+01,0.000000000000000000e+00
3.240078185583744386e+01,0.000000000000000000e+00
3.316181626032069829e+01,0.000000000000000000e+00
3.376249810744115365e+01,0.000000000000000000e+00
3.462127758522741772e+01,0.000000000000000000e+00
3.279149294012705695e+01,0.000000000000000000e+00
3.321832878210302198e+01,0.000000000000000000e+00
3.085548381277205010e+01,0.000000000000000000e+00
2.915451029157459928e+01,0.000000000000000000e+00
3.094868902646445008e+01,0.000000000000000000e+00
3.267198833865192853e+01,0.000000000000000000e+00
3.366384327429346257e+01,0.000000000000000000e+00
3.506518133119349301e+01,0.000000000000000000e+00
3.490772674140678333e+01,0.000000000000000000e+00
3.452512960943698772e+01,0.000000000000000000e+00
3.198206038607262514e+01,0.000000000000000000e+00
3.530221260368595892e+01,0.000000000000000000e+00
3.048015988711560453e+01,0.000000000000000000e+00
3.319788620818228253e+01,0.000000000000000000e+00
3.535475307207463658e+01,0.000000000000000000e+00
2.940684513291873259e+01,0.000000000000000000e+00
3.103155589260702385e+01,0.000000000000000000e+00
3.247904000391987012e+01,0.000000000000000000e+00
3.063633518805991685e+01,0.000000000000000000e+00
2.955957338917769661e+01,0.000000000000000000e+00
3.295436665434053225e+01,0.000000000000000000e+00
2.917745928853656068e+01,0.000000000000000000e+00
3.220717526373523754e+01,0.000000000000000000e+00
3.346631052885992830e+01,0.000000000000000000e+00
3.441818405056737618e+01,0.000000000000000000e+00
3.653345205230250770e+01,0.000000000000000000e+00
2.881068899651109660e+01,0.000000000000000000e+00
3.290503409313287619e+01,0.000000000000000000e+00
3.216484454166671725e+01,0.000000000000000000e+00
2.796101495787782909e+01,0.000000000000000000e+00
3.107134468708424180e+01,0.000000000000000000e+00
3.139496267888752712e+01,0.000000000000000000e+00
2.874334196179018974e+01,0.000000000000000000e+00
3.404367038046085980e+01,0.000000000000000000e+00
3.131347858579773202e+01,0.000000000000000000e+00
2.903593457366690700e+01,0.000000000000000000e+00
2.957616955174588114e+01,0.000000000000000000e+00
2.872841536936632068e+01,0.000000000000000000e+00
2.852101648793338740e+01,0.000000000000000000e+00
3.220358166410400003e+01,0.000000000000000000e+00
3.263259691053546874e+01,0.000000000000000000e+00
3.169795766733189168e+01,0.000000000000000000e+00
2.970295406559000639e+01,0.000000000000000000e+00
3.566090053355457457e+01,0.000000000000000000e+00
3.322366720004654184e+01,0.000000000000000000e+00
2.706372618618748760e+01,0.000000000000000000e+00
2.943915805872962466e+01,0.000000000000000000e+00
3.072064087881215499e+01,0.000000000000000000e+00
3.272518937335490818e+01,0.000000000000000000e+00
2.996022798000934984e+01,0.000000000000000000e+00
2.989447983342742177e+01,0.000000000000000000e+00
3.050925289359141601e+01,0.000000000000000000e+00
2.940169233163467410e+01,0.000000000000000000e+00
2.838547951241783807e+01,0.000000000000000000e+00
2.986553181875949647e+01,0.000000000000000000e+00
3.167335049663519797e+01,0.000000000000000000e+00
3.151431301408794283e+01,0.000000000000000000e+00
3.166726822563360244e+01,0.000000000000000000e+00
3.044919305085822714e+01,0.000000000000000000e+00
2.755468034401266664e+01,0.000000000000000000e+00
2.703501952812537468e+01,0.000000000000000000e+00
3.009877423436617860e+01,0.000000000000000000e+00
2.519320629745458717e+01,0.000000000000000000e+00
3.326502232931664338e+01,0.000000000000000000e+00
3.122266296952155074e+01,0.000000000000000000e+00
3.354276528895321263e+01,0.000000000000000000e+00
2.993370182520760636e+01,0.000000000000000000e+00
3.388944336826400416e+01,0.000000000000000000e+00
2.785093989018262661e+01,0.000000000000000000e+00
2.782394975531425274e+01,0.000000000000000000e+00
2.907951236432955966e+01,0.000000000000000000e+00
3.051445748521662438e+01,0.000000000000000000e+00
2.857815546528580342e+01,0.000000000000000000e+00
2.820143461507747773e+01,0.000000000000000000e+00
2.582317946496564787e+01,0.000000000000000000e+00
3.190691324771860593e+01,0.000000000000000000e+00
2.513936124085294566e+01,0.000000000000000000e+00
3.000700122998695818e+01,0.000000000000000000e+00
2.715438509893710162e+01,0.000000000000000000e+00
3.001470074420757683e+01,0.000000000000000000e+00
2.653149266765892733e+01,0.000000000000000000e+00
3.185105601402975850e+01,0.000000000000000000e+00
2.931740217145119942e+01,0.000000000000000000e+00
2.570218778342270838e+01,0.000000000000000000e+00
2.610978625606097836e+01,0.000000000000000000e+00
2.477130699019448556e+01,0.000000000000000000e+00
2.769459763092347160e+01,0.000000000000000000e+00
2.748523000528213700e+01,0.000000000000000000e+00
2.573743511851201049e+01,0.000000000000000000e+00
2.789792499048907359e+01,0.000000000000000000e+00
2.901875897962089823e+01,0.000000000000000000e+00
2.658496650798424454e+01,0.000000000000000000e+00
2.855962360740071659e+01,0.000000000000000000e+00
2.900913087347790054e+01,0.000000000000000000e+00
2.718562948603586804e+01,0.000000000000000000e+00
2.790317501538881828e+01,0.000000000000000000e+00
3.035143536944340781e+01,0.000000000000000000e+00
2.633893465308163684e+01,0.000000000000000000e+00
2.569054382098937594e+01,0.000000000000000000e+00
2.990887005742547444e+01,0.000000000000000000e+00
2.588470098951623655e+01,0.000000000000000000e+00
2.886431091216479672e+01,0.000000000000000000e+00
2.518105107258788777e+01,0.000000000000000000e+00
2.319013103438394552e+01,0.000000000000000000e+00
2.571386708351609229e+01,0.000000000000000000e+00
2.631258356937962617e+01,0.000000000000000000e+00
2.762388702147743302e+01,0.000000000000000000e+00
2.827041126512234115e+01,0.000000000000000000e+00
2.444118882593589248e+01,0.000000000000000000e+00
2.620096980025138933e+01,0.000000000000000000e+00
2.294860312972934580e+01,0.000000000000000000e+00
3.154649913281763673e+01,0.000000000000000000e+00
2.667031951068329931e+01,0.000000000000000000e+00
2.783368057937372697e+01,0.000000000000000000e+00
2.652392397905421006e+01,0.000000000000000000e+00
2.237825143483570045e+01,0.000000000000000000e+00
2.761093131544664914e+01,0.000000000000000000e+00
2.650712223616693564e+01,0.000000000000000000e+00
2.587325825002670499e+01,0.000000000000000000e+00
2.794362613110999405e+01,0.000000000000000000e+00
2.454524616823419692e+01,0.000000000000000000e+00
2.759854366832193406e+01,0.000000000000000000e+00
2.631389679938204651e+01,0.000000000000000000e+00
2.564096870723111010e+01,0.000000000000000000e+00
2.592081267887811080e+01,0.000000000000000000e+00
2.288521015733675057e+01,0.000000000000000000e+00
2.433673830596280396e+01,0.000000000000000000e+00
2.450729625318210125e+01,0.000000000000000000e+00
2.610528882929100902e+01,0.000000000000000000e+00
2.765226686981515059e+01,0.000000000000000000e+00
2.737093020835181889e+01,0.000000000000000000e+00
2.691086373716301594e+01,0.000000000000000000e+00
2.606966499252337144e+01,0.000000000000000000e+00
2.418017667214681410e+01,0.000000000000000000e+00
2.421764052023930347e+01,0.000000000000000000e+00
2.592073004243383494e+01,0.000000000000000000e+00
2.443681458446144816e+01,0.000000000000000000e+00
2.621267127498607152e+01,0.000000000000000000e+00
2.825519393087225595e+01,0.000000000000000000e+00
2.852793155995112429e+01,0.000000000000000000e+00
2.889904456477960792e+01,0.000000000000000000e+00
2.535971090229940472e+01,0.000000000000000000e+00
2.594206090133241105e+01,0.000000000000000000e+00
2.629237299236598702e+01,0.000000000000000000e+00
2.289061637658868165e+01,0.000000000000000000e+00
2.440424603532388659e+01,0.000000000000000000e+00
2.497008107802425059e+01,0.000000000000000000e+00
2.439182252941589368e+01,0.000000000000000000e+00
2.673399001773864114e+01,0.000000000000000000e+00
2.898139088868504132e+01,0.000000000000000000e+00
2.869107013152984820e+01,0.000000000000000000e+00
2.711598717884447396e+01,0.000000000000000000e+00
2.374454511648958288e+01,0.000000000000000000e+00
2.568376094761409689e+01,0.000000000000000000e+00
2.557020993850278856e+01,0.000000000000000000e+00
2.906885283988115276e+01,0.000000000000000000e+00
2.486947422095576243e+01,0.000000000000000000e+00
2.383056197049245384e+01,0.000000000000000000e+00
2.551799502306852574e+01,0.000000000000000000e+00
2.510324626251501812e+01,0.000000000000000000e+00
2.357829792678208136e+01,0.000000000000000000e+00
2.535897775161585699e+01,0.000000000000000000e+00
2.504739873014436569e+01,0.000000000000000000e+00
2.248824295769435366e+01,0.000000000000000000e+00
2.576514775743058294e+01,0.000000000000000000e+00
2.377624147980292335e+01,0.000000000000000000e+00
2.182324170273813735e+01,0.000000000000000000e+00
2.199770109338515311e+01,0.000000000000000000e+00
2.341956351931667513e+01,0.000000000000000000e+00
2.722526250496559896e+01,0.000000000000000000e+00
2.391819439466181052e+01,0.000000000000000000e+00
2.487751220763982118e+01,0.000000000000000000e+00
2.551785263096056156e+01,0.000000000000000000e+00
2.371000100774722696e+01,0.000000000000000000e+00
2.159580837582034363e+01,0.000000000000000000e+00
2.573863809026648042e+01,0.000000000000000000e+00
2.399769918626359200e+01,0.000000000000000000e+00
2.238560669435483064e+01,0.000000000000000000e+00
2.182129982431366244e+01,0.000000000000000000e+00
2.219521547566654007e+01,0.000000000000000000e+00
2.480040146886159746e+01,0.000000000000000000e+00
2.155641690660527132e+01,0.000000000000000000e+00
2.181510466022656303e+01,0.000000000000000000e+00
2.440631936995830031e+01,0.000000000000000000e+00
2.427908015513993334e+01,0.000000000000000000e+00
2.504212351456031982e+01,0.000000000000000000e+00
2.232533778452440387e+01,0.000000000000000000e+00
2.255864056118708305e+01,0.000000000000000000e+00
2.137509273078989125e+01,0.000000000000000000e+00
2.505482211182101437e+01,0.000000000000000000e+00
2.358975471992787476e+01,0.000000000000000000e+00
2.227406150305503019e+01,0.000000000000000000e+00
2.793750590223542929e+01,0.000000000000000000e+00
2.071256479816580409e+01,0.000000000000000000e+00
2.531299298686891674e+01,0.000000000000000000e+00
2.152210462436321237e+01,0.000000000000000000e+00
2.187665955660639128e+01,0.000000000000000000e+00
2.236092437644124331e+01,0.000000000000000000e+00
1.996239778024404288e+01,0.000000000000000000e+00
2.243186408505599871e+01,0.000000000000000000e+00
2.084432464656056894e+01,0.000000000000000000e+00
2.234664474282429225e+01,0.000000000000000000e+00
2.345573677513830191e+01,0.000000000000000000e+00
2.330441313793492597e+01,0.000000000000000000e+00
2.534309816473949795e+01,0.000000000000000000e+00
2.039620755391141671e+01,0.000000000000000000e+00
2.013100184208034094e+01,0.000000000000000000e+00
2.214766539204664042e+01,0.000000000000000000e+00
2.483592705055448135e+01,0.000000000000000000e+00
2.334225450170539418e+01,0.000000000000000000e+00
2.301596278674244900e+01,0.000000000000000000e+00
2.303243912990584619e+01,0.000000000000000000e+00
2.152904075032166276e+01,0.000000000000000000e+00
2.549845192107095215e+01,0.000000000000000000e+00
2.354950878072301279e+01,0.000000000000000000e+00
2.350672061883910047e+01,0.000000000000000000e+00
2.212770581334185138e+01,0.000000000000000000e+00
2.106531539954211851e+01,0.000000000000000000e+00
2.138620729841862200e+01,0.000000000000000000e+00
1.949950702916353862e+01,0.000000000000000000e+00
2.500851480702694474e+01,0.000000000000000000e+00
2.119515568514180970e+01,0.000000000000000000e+00
2.187641471753862632e+01,0.000000000000000000e+00
2.119527122931094354e+01,0.000000000000000000e+00
2.200307948474404185e+01,0.000000000000000000e+00
1.750441487781839101e+01,0.000000000000000000e+00
2.418853097072483394e+01,0.000000000000000000e+00
2.489229961475689379e+01,0.000000000000000000e+00
2.675015805796722645e+01,0.000000000000000000e+00
2.312750455812146555e+01,0.000000000000000000e+00
2.103451045211892989e+01,0.000000000000000000e+00
2.031149537324563425e+01,0.000000000000000000e+00
1.737498802436256540e+01,0.000000000000000000e+00
2.244251161728981003e+01,0.000000000000000000e+00
2.221179668285904185e+01,0.000000000000000000e+00
2.466008507782003534e+01,0.000000000000000000e+00
2.824396645647733095e+01,0.000000000000000000e+00
2.098310652608075699e+01,0.000000000000000000e+00
2.177647094987498022e+01,0.000000000000000000e+00
2.120284623218922704e+01,0.000000000000000000e+00
2.160392892323801917e+01,0.000000000000000000e+00
2.093728743243181256e+01,0.000000000000000000e+00
2.421985674630667873e+01,0.000000000000000000e+00
2.661496113759918458e+01,0.000000000000000000e+00
2.108019880308950889e+01,0.000000000000000000e+00
1.950966222060517907e+01,0.000000000000000000e+00
2.276651244886935288e+01,0.000000000000000000e+00
2.149218726013225123e+01,0.000000000000000000e+00
2.222198117912377313e+01,0.000000000000000000e+00
2.005439488445209761e+01,0.000000000000000000e+00
1.719305613577729019e+01,0.000000000000000000e+00
1.962559998562375085e+01,0.000000000000000000e+00
2.061720834012495018e+01,0.000000000000000000e+00
2.198268547258126659e+01,0.000000000000000000e+00
2.459005693736245846e+01,0.000000000000000000e+00
2.204710915644546532e+01,0.000000000000000000e+00
2.417957916484432701e+01,0.000000000000000000e+00
1.756282523769637294e+01,0.000000000000000000e+00
2.593079200665093254e+01,0.000000000000000000e+00
1.882463649742019385e+01,0.000000000000000000e+00
2.080742372782809113e+01,0.000000000000000000e+00
2.492943789334803029e+01,0.000000000000000000e+00
2.334255433378856281e+01,0.000000000000000000e+00
1.979688598502007579e+01,0.000000000000000000e+00
2.762237209715267738e+01,0.000000000000000000e+00
2.231443114974597108e+01,0.000000000000000000e+00
2.124244736351120721e+01,0.000000000000000000e+00
2.073959709193476897e+01,0.000000000000000000e+00
1.861255831318361942e+01,0.000000000000000000e+00
2.407980390053587527e+01,0.000000000000000000e+00
2.276912594974524850e+01,0.000000000000000000e+00
2.097050397112465348e+01,0.000000000000000000e+00
2.180480751426816610e+01,0.000000000000000000e+00
2.286489976395607115e+01,0.000000000000000000e+00
2.085013243987178555e+01,0.000000000000000000e+00
2.167445095866451865e+01,0.000000000000000000e+00
2.455177929411361148e+01,0.000000000000000000e+00
1.921578709840358457e+01,0.000000000000000000e+00
2.202398370642127645e+01,0.000000000000000000e+00
2.035586178294809301e+01,0.000000000000000000e+00
1.658301508357818221e+01,0.000000000000000000e+00
2.411480947319254398e+01,0.000000000000000000e+00
2.054874047378315893e+01,0.000000000000000000e+00
2.229995072835465919e+01,0.000000000000000000e+00
1.851173665896664033e+01,0.000000000000000000e+00
2.211564119066770218e+01,0.000000000000000000e+00
2.091094412598987162e+01,0.000000000000000000e+00
2.378576509845622056e+01,0.000000000000000000e+00
1.759006502904388114e+01,0.000000000000000000e+00
2.154598355112279506e+01,0.000000000000000000e+00
2.459600942107752530e+01,0.000000000000000000e+00
1.910009485778617133e+01,0.000000000000000000e+00
2.285711576490286845e+01,0.000000000000000000e+00
1.631339342221819422e+01,0.000000000000000000e+00
2.157754575397134644e+01,0.000000000000000000e+00
2.035458321548599869e+01,0.000000000000000000e+00
2.013455659506131212e+01,0.000000000000000000e+00
2.127707008462263261e+01,0.000000000000000000e+00
1.789385423173635559e+01,0.000000000000000000e+00
2.318298125351203964e+01,0.000000000000000000e+00
2.372365507888877545e+01,0.000000000000000000e+00
2.314674115060040194e+01,0.000000000000000000e+00
2.100976422236044172e+01,0.000000000000000000e+00
2.115731141374142510e+01,0.000000000000000000e+00
1.900516506797229255e+01,0.000000000000000000e+00
2.091613091700917693e+01,0.000000000000000000e+00
2.509992119538511446e+01,0.000000000000000000e+00
1.911947574369884961e+01,0.000000000000000000e+00
2.132688761399635169e+01,0.000000000000000000e+00
2.334159042232360903e+01,0.000000000000000000e+00
2.039559746705622345e+01,0.000000000000000000e+00
2.341575999153793930e+01,0.000000000000000000e+00
2.241158719498376684e+01,0.000000000000000000e+00
2.027822845346330638e+01,0.000000000000000000e+00
2.307353078248974043e+01,0.000000000000000000e+00
2.101922222189097411e+01,0.000000000000000000e+00
1.776252044921258033e+01,0.000000000000000000e+00
2.106135086999189099e+01,0.000000000000000000e+00
2.094143805423220783e+01,0.000000000000000000e+00
1.836149967375773429e+01,0.000000000000000000e+00
2.068852427095569979e+01,0.000000000000000000e+00
1.978043039192695574e+01,0.000000000000000000e+00
1.913532853134397627e+01,0.000000000000000000e+00
2.276924804779576661e+01,0.000000000000000000e+00
2.315462874156590090e+01,0.000000000000000000e+00
1.745486018097349046e+01,0.000000000000000000e+00
1.962580112457241199e+01,0.000000000000000000e+00
2.312988796768485145e+01,0.000000000000000000e+00
2.249864146623859895e+01,0.000000000000000000e+00
2.175193648320270867e+01,0.000000000000000000e+00
1.924578356501426768e+01,0.000000000000000000e+00
1.979863310908435636e+01,0.000000000000000000e+00
1.940024882876891965e+01,0.000000000000000000e+00
1.945386480759879788e+01,0.000000000000000000e+00
2.477431166366539017e+01,0.000000000000000000e+00
1.864612691192126448e+01,0.000000000000000000e+00
2.140627825227645786e+01,0.000000000000000000e+00
1.757486120836243515e+01,0.000000000000000000e+00
2.105678290342916981e+01,0.000000000000000000e+00
1.900776213935525405e+01,0.000000000000000000e+00
1.728043808037260476e+01,0.000000000000000000e+00
1.916365020706495059e+01,0.000000000000000000e+00
1.884306684482726624e+01,0.000000000000000000e+00
2.023639481829910380e+01,0.000000000000000000e+00
2.126578437307360758e+01,0.000000000000000000e+00
1.656896707953804793e+01,0.000000000000000000e+00
1.981566562102885243e+01,0.000000000000000000e+00
2.004956987006968561e+01,0.000000000000000000e+00
2.094331029376207809e+01,0.000000000000000000e+00
2.238428636909122815e+01,0.000000000000000000e+00
2.047325231039870630e+01,0.000000000000000000e+00
1.853049017783104446e+01,0.000000000000000000e+00
2.155957660163486977e+01,0.000000000000000000e+00
1.869902943654430061e+01,0.000000000000000000e+00
1.750754457012126153e+01,0.000000000000000000e+00
1.609807071214111218e+01,0.000000000000000000e+00
2.131236296158952825e+01,0.000000000000000000e+00
1.774656780525698352e+01,0.000000000000000000e+00
2.305251014450264790e+01,0.000000000000000000e+00
2.055320056043682087e+01,0.000000000000000000e+00
2.074853266325945000e+01,0.000000000000000000e+00
1.945099200421442731e+01,0.000000000000000000e+00
1.741546923531067748e+01,0.000000000000000000e+00
1.928594884921433916e+01,0.000000000000000000e+00
2.025784072984141915e+01,0.000000000000000000e+00
1.782538749840711745e+01,0.000000000000000000e+00
1.937328645108895842e+01,0.000000000000000000e+00
2.128082428912885149e+01,0.000000000000000000e+00
2.101829482357255330e+01,0.000000000000000000e+00
1.934916362072886642e+01,0.000000000000000000e+00
1.992751211309016668e+01,0.000000000000000000e+00
2.122883717630815070e+01,0.000000000000000000e+00
2.013559789700333980e+01,0.000000000000000000e+00
1.907892299748636233e+01,0.000000000000000000e+00
1.841349524456676079e+01,0.000000000000000000e+00
2.026936883551758584e+01,0.000000000000000000e+00
1.873464590761554405e+01,0.000000000000000000e+00
2.167010663382204427e+01,0.000000000000000000e+00
1.847784409959308505e+01,0.000000000000000000e+00
1.902159748189210475e+01,0.000000000000000000e+00
1.737614424596615947e+01,0.000000000000000000e+00
2.230318622636058379e+01,0.000000000000000000e+00
2.047681725711473177e+01,0.000000000000000000e+00
1.607675290370853460e+01,0.000000000000000000e+00
1.899652662806358805e+01,0.000000000000000000e+00
2.021561372998175443e+01,0.000000000000000000e+00
1.791571325736395792e+01,0.000000000000000000e+00
2.088050240818342118e+01,0.000000000000000000e+00
1.908808407862441214e+01,0.000000000000000000e+00
1.862378841028460030e+01,0.000000000000000000e+00
2.129142204135657224e+01,0.000000000000000000e+00
1.957778132886296873e+01,0.000000000000000000e+00
1.939326752424900491e+01,0.000000000000000000e+00
1.992708206431365170e+01,0.000000000000000000e+00
2.470083588085746129e+01,0.000000000000000000e+00
1.919072811262769918e+01,0.000000000000000000e+00
1.973795315468991873e+01,0.000000000000000000e+00
1.976433687528488292e+01,0.000000000000000000e+00
1.852281563653439278e+01,0.000000000000000000e+00
1.910132136977155781e+01,0.000000000000000000e+00
1.834523584047585487e+01,0.000000000000000000e+00
1.673132946949873912e+01,0.000000000000000000e+00
1.683234021208153308e+01,0.000000000000000000e+00
1.980528566586541217e+01,0.000000000000000000e+00
2.213253247023191506e+01,0.000000000000000000e+00
2.047087730116304627e+01,0.000000000000000000e+00
2.159107819371777737e+01,0.000000000000000000e+00
2.092741462799486385e+01,0.000000000000000000e+00
1.833516551068851541e+01,0.000000000000000000e+00
1.915736114223657793e+01,0.000000000000000000e+00
2.221434578025456119e+01,0.000000000000000000e+00
2.189801382919587169e+01,0.000000000000000000e+00
1.985915925778547475e+01,0.000000000000000000e+00
1.981557120330244004e+01,0.000000000000000000e+00
1.870181935093573600e+01,0.000000000000000000e+00
2.063982534000915692e+01,0.000000000000000000e+00
1.912188076584628504e+01,0.000000000000000000e+00
1.890366260561552636e+01,0.000000000000000000e+00
2.180991148203373697e+01,0.000000000000000000e+00
2.138581292492019870e+01,0.000000000000000000e+00
2.570804397056586410e+01,0.000000000000000000e+00
1.706796120765732283e+01,0.000000000000000000e+00
1.856968459829111850e+01,0.000000000000000000e+00
2.210629457957491439e+01,0.000000000000000000e+00
2.065686035587239644e+01,0.000000000000000000e+00
2.266031575825382660e+01,0.000000000000000000e+00
2.353956347269100036e+01,0.000000000000000000e+00
2.086320128048643952e+01,0.000000000000000000e+00
1.800772467899365026e+01,0.000000000000000000e+00
2.287333520466081183e+01,0.000000000000000000e+00
1.969548744022457853e+01,0.000000000000000000e+00
1.925251572328060590e+01,0.000000000000000000e+00
2.046829323394873867e+01,0.000000000000000000e+00
1.712389227783258505e+01,0.000000000000000000e+00
2.091681548944435676e+01,0.000000000000000000e+00
2.361634212725803295e+01,0.000000000000000000e+00
1.955988476177924440e+01,0.000000000000000000e+00
2.051213041622243693e+01,0.000000000000000000e+00
1.668395483346574792e+01,0.000000000000000000e+00
1.961365751673335822e+01,0.000000000000000000e+00
2.277501972610316727e+01,0.000000000000000000e+00
2.169380547448955454e+01,0.000000000000000000e+00
1.715242928315187854e+01,0.000000000000000000e+00
1.869882954756545246e+01,0.000000000000000000e+00
1.958791314945127837e+01,0.000000000000000000e+00
2.317568807179913648e+01,0.000000000000000000e+00
2.396843336523777168e+01,0.000000000000000000e+00
1.945173493914112584e+01,0.000000000000000000e+00
2.281010009435185282e+01,0.000000000000000000e+00
2.397015582774534082e+01,0.000000000000000000e+00
2.250853081268993705e+01,0.000000000000000000e+00
1.905942382480441566e+01,0.000000000000000000e+00
2.004222557449065789e+01,0.000000000000000000e+00
2.031049018410753959e+01,0.000000000000000000e+00
2.336774747544549768e+01,0.000000000000000000e+00
2.321443846066518191e+01,0.000000000000000000e+00
2.021471902741045668e+01,0.000000000000000000e+00
2.240178444464672580e+01,0.000000000000000000e+00
2.039895749630856869e+01,0.000000000000000000e+00
2.078831136640735622e+01,0.000000000000000000e+00
2.034850089812575646e+01,0.000000000000000000e+00
2.315325397656023299e+01,0.000000000000000000e+00
1.872921599592298847e+01,0.000000000000000000e+00
1.973194671180621640e+01,0.000000000000000000e+00
1.921269790784225506e+01,0.000000000000000000e+00
1.966813073586342142e+01,0.000000000000000000e+00
2.121192838024223448e+01,0.000000000000000000e+00
1.952741948308712594e+01,0.000000000000000000e+00
1.771230461270493350e+01,0.000000000000000000e+00
1.772970961691073200e+01,0.000000000000000000e+00
1.993844617630838911e+01,0.000000000000000000e+00
2.293228626874785192e+01,0.000000000000000000e+00
2.004111061772515257e+01,0.000000000000000000e+00
1.717570183876880918e+01,0.000000000000000000e+00
2.317527507916946661e+01,0.000000000000000000e+00
2.119888958450792060e+01,0.000000000000000000e+00
2.044130033604155017e+01,0.000000000000000000e+00
2.326669404281046383e+01,0.000000000000000000e+00
2.154086143095411288e+01,0.000000000000000000e+00
2.333009915650472266e+01,0.000000000000000000e+00
2.039264400158986135e+01,0.000000000000000000e+00
2.167264413348252461e+01,0.000000000000000000e+00
2.317371721403626594e+01,0.000000000000000000e+00
2.156872898498195212e+01,0.000000000000000000e+00
2.060313995648170149e+01,0.000000000000000000e+00
2.160496770396559185e+01,0.000000000000000000e+00
2.088022109822238548e+01,0.000000000000000000e+00
1.886200343365880983e+01,0.000000000000000000e+00
2.396059547408664514e+01,0.000000000000000000e+00
2.125198010506934665e+01,0.000000000000000000e+00
2.140493569419144393e+01,0.000000000000000000e+00
2.065966562351098545e+01,0.000000000000000000e+00
2.079976037542474288e+01,0.000000000000000000e+00
1.979264909509809556e+01,0.000000000000000000e+00
2.365383359429296206e+01,0.000000000000000000e+00
2.312834835377580234e+01,0.000000000000000000e+00
2.097004188630085864e+01,0.000000000000000000e+00
1.734685886968500057e+01,0.000000000000000000e+00
2.141215544909404045e+01,0.000000000000000000e+00
2.117034121647736100e+01,0.000000000000000000e+00
2.427677454094115816e+01,0.000000000000000000e+00
2.324297923686627243e+01,0.000000000000000000e+00
1.839297260851606808e+01,0.000000000000000000e+00
2.098502899324718740e+01,0.000000000000000000e+00
2.056008535532709658e+01,0.000000000000000000e+00
2.233717447679960699e+01,0.000000000000000000e+00
2.219051225751163159e+01,0.000000000000000000e+00
2.125325006411181050e+01,0.000000000000000000e+00
1.929252201440467474e+01,0.000000000000000000e+00
2.432474833170243045e+01,0.000000000000000000e+00
2.202065647524375080e+01,0.000000000000000000e+00
2.041894129428249727e+01,0.000000000000000000e+00
2.464691647334429092e+01,0.000000000000000000e+00
2.384200380735630276e+01,0.000000000000000000e+00
2.240322451074447585e+01,0.000000000000000000e+00
2.734883355562742224e+01,0.000000000000000000e+00
2.258504802078077844e+01,0.000000000000000000e+00
2.123695725799082012e+01,0.000000000000000000e+00
2.245776319760642536e+01,0.000000000000000000e+00
2.390798150293482394e+01,0.000000000000000000e+00
2.082779195027260499e+01,0.000000000000000000e+00
2.382755931601858279e+01,0.000000000000000000e+00
2.101932880897284761e+01,0.000000000000000000e+00
2.434283483453088692e+01,0.000000000000000000e+00
2.437042631754365374e+01,0.000000000000000000e+00
2.295383344764235645e+01,0.000000000000000000e+00
1.751444184576918417e+01,0.000000000000000000e+00
2.229500020011595041e+01,0.000000000000000000e+00
2.207298344075725893e+01,0.000000000000000000e+00
2.422569687482875977e+01,0.000000000000000000e+00
2.285348264875337065e+01,0.000000000000000000e+00
2.262747039776214208e+01,0.000000000000000000e+00
2.712487699945317843e+01,0.000000000000000000e+00
2.278274605971811440e+01,0.000000000000000000e+00
2.493615399141880928e+01,0.000000000000000000e+00
1.970822699568135761e+01,0.000000000000000000e+00
2.539560460334261549e+01,0.000000000000000000e+00
2.057219007273858224e+01,0.000000000000000000e+00
2.119356929334030681e+01,0.000000000000000000e+00
2.639091022061469261e+01,0.000000000000000000e+00
2.290921623635628634e+01,0.000000000000000000e+00
2.215627786889179873e+01,0.000000000000000000e+00
2.422588355657639170e+01,0.000000000000000000e+00
2.418455183418040022e+01,0.000000000000000000e+00
2.284744507069489572e+01,0.000000000000000000e+00
2.262358454296862931e+01,0.000000000000000000e+00
2.393994409031281378e+01,0.000000000000000000e+00
2.488824719216044201e+01,0.000000000000000000e+00
1.998677973684787901e+01,0.000000000000000000e+00
2.524520683031642676e+01,0.000000000000000000e+00
2.225321818227295267e+01,0.000000000000000000e+00
2.837315372606155250e+01,0.000000000000000000e+00
2.508661875799008811e+01,0.000000000000000000e+00
2.519782583545709542e+01,0.000000000000000000e+00
2.335679853273585493e+01,0.000000000000000000e+00
2.274889901979216589e+01,0.000000000000000000e+00
2.221379145960712975e+01,0.000000000000000000e+00
2.353310483282752230e+01,0.000000000000000000e+00
2.459624933442191619e+01,0.000000000000000000e+00
2.472939924898467723e+01,0.000000000000000000e+00
2.538911570574247278e+01,0.000000000000000000e+00
2.514815395131682862e+01,0.000000000000000000e+00
2.523089070667166212e+01,0.000000000000000000e+00
2.620964551749072058e+01,0.000000000000000000e+00
2.513050675266188705e+01,0.000000000000000000e+00
2.533782418339450970e+01,0.000000000000000000e+00
2.403290371170463402e+01,0.000000000000000000e+00
2.432425386911320331e+01,0.000000000000000000e+00
2.582421673432242315e+01,0.000000000000000000e+00
2.126654450673452246e+01,0.000000000000000000e+00
2.209057950835143913e+01,0.000000000000000000e+00
2.061853732071168110e+01,0.000000000000000000e+00
2.229907532823976979e+01,0.000000000000000000e+00
2.499670067064869627e+01,0.000000000000000000e+00
2.768613223857893146e+01,0.000000000000000000e+00
2.292942848107245268e+01,0.000000000000000000e+00
2.742993489536400276e+01,0.000000000000000000e+00
2.364180566141542528e+01,0.000000000000000000e+00
2.514877534831967409e+01,0.000000000000000000e+00
2.091341013736982646e+01,0.000000000000000000e+00
2.617211400101919594e+01,0.000000000000000000e+00
2.683455572723940108e+01,0.000000000000000000e+00
2.835907823558998686e+01,0.000000000000000000e+00
2.463572340990492648e+01,0.000000000000000000e+00
2.305032300024156200e+01,0.000000000000000000e+00
2.556887302532750539e+01,0.000000000000000000e+00
2.425378032618651147e+01,0.000000000000000000e+00
2.576028994857961862e+01,0.000000000000000000e+00
2.501361753700216539e+01,0.000000000000000000e+00
2.653210404727147775e+01,0.000000000000000000e+00
2.430850501113088313e+01,0.000000000000000000e+00
2.379016444526517660e+01,0.000000000000000000e+00
2.009915476010367996e+01,0.000000000000000000e+00
2.309360653236599603e+01,0.000000000000000000e+00
2.459865467051816523e+01,0.000000000000000000e+00
2.406021839448494148e+01,0.000000000000000000e+00
2.697359488461675525e+01,0.000000000000000000e+00
2.634309872518757700e+01,0.000000000000000000e+00
2.429451338488023637e+01,0.000000000000000000e+00
2.900999928814958650e+01,0.000000000000000000e+00
2.049902038093716783e+01,0.000000000000000000e+00
2.446853234309865144e+01,0.000000000000000000e+00
2.578402799223898967e+01,0.000000000000000000e+00
2.820919072111181691e+01,0.000000000000000000e+00
2.706676131556395148e+01,0.000000000000000000e+00
2.417446617369898831e+01,0.000000000000000000e+00
2.800401853519517559e+01,0.000000000000000000e+00
2.582640713631177931e+01,0.000000000000000000e+00
2.558856446268197615e+01,0.000000000000000000e+00
2.398638991953558630e+01,0.000000000000000000e+00
2.481032646244220885e+01,0.000000000000000000e+00
2.492776672941625549e+01,0.000000000000000000e+00
2.607421784337077497e+01,0.000000000000000000e+00
2.265923265166701839e+01,0.000000000000000000e+00
2.660038245832529213e+01,0.000000000000000000e+00
2.737664742828654596e+01,0.000000000000000000e+00
2.750576388333261590e+01,0.000000000000000000e+00
2.741825830337587178e+01,0.000000000000000000e+00
2.848061023238476253e+01,0.000000000000000000e+00
2.591785025812579946e+01,0.000000000000000000e+00
2.853533611371816647e+01,0.000000000000000000e+00
2.672653599085791498e+01,0.000000000000000000e+00
2.818259774613290958e+01,0.000000000000000000e+00
2.934967566802836814e+01,0.000000000000000000e+00
2.786930601643105732e+01,0.000000000000000000e+00
2.667861174533657120e+01,0.000000000000000000e+00
2.337931388703300328e+01,0.000000000000000000e+00
2.784285332161537951e+01,0.000000000000000000e+00
2.780349287350962584e+01,0.000000000000000000e+00
2.700342624107678091e+01,0.000000000000000000e+00
2.604230883547052855e+01,0.000000000000000000e+00
2.839288323131652092e+01,0.000000000000000000e+00
2.732092256725504598e+01,0.000000000000000000e+00
3.216319217351664861e+01,0.000000000000000000e+00
3.021457464425432704e+01,0.000000000000000000e+00
2.725688953433582284e+01,0.000000000000000000e+00
2.697805816918533850e+01,0.000000000000000000e+00
2.676600409367612343e+01,0.000000000000000000e+00
2.755484577469214713e+01,0.000000000000000000e+00
2.639566699991945242e+01,0.000000000000000000e+00
2.922988265429933463e+01,0.000000000000000000e+00
2.903400015357053832e+01,0.000000000000000000e+00
2.817331038666247878e+01,0.000000000000000000e+00
2.830921270102902199e+01,0.000000000000000000e+00
2.880293506050748675e+01,0.000000000000000000e+00
3.048017818062030670e+01,0.000000000000000000e+00
2.675572847050684899e+01,0.000000000000000000e+00
3.111667070256899237e+01,0.000000000000000000e+00
2.743377369480769445e+01,0.000000000000000000e+00
2.925008417033355812e+01,0.000000000000000000e+00
2.585025353001037374e+01,0.000000000000000000e+00
2.824110177413637146e+01,0.000000000000000000e+00
2.650204128338194920e+01,0.000000000000000000e+00
3.022039243339050074e+01,0.000000000000000000e+00
2.754757649784336593e+01,0.000000000000000000e+00
2.990425444309918390e+01,0.000000000000000000e+00
2.455561916127796707e+01,0.000000000000000000e+00
2.840700297175970235e+01,0.000000000000000000e+00
2.808510853135992136e+01,0.000000000000000000e+00
3.018555280495428406e+01,0.000000000000000000e+00
2.689449123004018105e+01,0.000000000000000000e+00
2.488135995900447739e+01,0.000000000000000000e+00
2.507398921029521688e+01,0.000000000000000000e+00
3.111916798332971368e+01,0.000000000000000000e+00
3.018804966687973135e+01,0.000000000000000000e+00
3.222025402761372703e+01,0.000000000000000000e+00
3.048834061057012335e+01,0.000000000000000000e+00
3.129338347113938212e+01,0.000000000000000000e+00
2.950609466600219122e+01,0.000000000000000000e+00
2.643972318189771187e+01,0.000000000000000000e+00
3.099795036987789842e+01,0.000000000000000000e+00
2.947984288221697469e+01,0.000000000000000000e+00
2.903908722127182429e+01,0.000000000000000000e+00
2.652562931559148396e+01,0.000000000000000000e+00
2.861248611724046853e+01,0.000000000000000000e+00
2.922915036076307871e+01,0.000000000000000000e+00
3.011875145789837305e+01,0.000000000000000000e+00
3.072276549739497753e+01,0.000000000000000000e+00
3.280302418369389272e+01,0.000000000000000000e+00
2.811124344424490573e+01,0.000000000000000000e+00
3.235948505340712700e+01,0.000000000000000000e+00
3.110254115823599363e+01,0.000000000000000000e+00
2.819636094720038599e+01,0.000000000000000000e+00
2.811087478024567332e+01,0.000000000000000000e+00
2.821648265980607562e+01,0.000000000000000000e+00
3.172615416000963862e+01,0.000000000000000000e+00
3.058027619997403335e+01,0.000000000000000000e+00
2.955897594708480014e+01,0.000000000000000000e+00
2.876863881260754141e+01,0.000000000000000000e+00
2.828920725254851476e+01,0.000000000000000000e+00
3.203432294392730029e+01,0.000000000000000000e+00
3.001738131522021646e+01,0.000000000000000000e+00
3.250004312345298274e+01,0.000000000000000000e+00
3.503642516380005389e+01,0.000000000000000000e+00
3.010147601558379193e+01,0.000000000000000000e+00
2.981512817542763472e+01,0.000000000000000000e+00
3.190475969050483585e+01,0.000000000000000000e+00
2.665341029615559876e+01,0.000000000000000000e+00
3.458111799309752854e+01,0.000000000000000000e+00
2.906163676561957132e+01,0.000000000000000000e+00
2.852148138634161256e+01,0.000000000000000000e+00
3.248263194673526044e+01,0.000000000000000000e+00
3.339607261307119757e+01,0.000000000000000000e+00
3.078870847307148040e+01,0.000000000000000000e+00
2.984715305911054628e+01,0.000000000000000000e+00
3.296249286284058400e+01,0.000000000000000000e+00
3.223786312497372109e+01,0.000000000000000000e+00
3.401929469041436960e+01,0.000000000000000000e+00
3.129451432549242540e+01,0.000000000000000000e+00
3.638697293742445993e+01,0.000000000000000000e+00
3.075018517765838055e+01,0.000000000000000000e+00
3.226429905216794225e+01,0.000000000000000000e+00
3.304725497299865111e+01,0.000000000000000000e+00
3.645422331942518923e+01,0.000000000000000000e+00
3.337269542817938373e+01,0.000000000000000000e+00
2.985456463945189043e+01,0.000000000000000000e+00
3.327023237088300078e+01,0.000000000000000000e+00
3.199881040898522855e+01,0.000000000000000000e+00
3.190407942904804628e+01,0.000000000000000000e+00
3.467188377055170889e+01,0.000000000000000000e+00
3.222220963363928092e+01,0.000000000000000000e+00
3.403335399163932351e+01,0.000000000000000000e+00
2.904826251473483367e+01,0.000000000000000000e+00
3.218907240635989808e+01,0.000000000000000000e+00
3.658601959351377531e+01,0.000000000000000000e+00
3.244381176846763992e+01,0.000000000000000000e+00
3.215182571340891826e+01,0.000000000000000000e+00
3.098593105282722604e+01,0.000000000000000000e+00
3.297078628968819913e+01,0.000000000000000000e+00
3.137116003166823219e+01,0.000000000000000000e+00
3.364086349623923411e+01,0.000000000000000000e+00
3.101879880522064425e+01,0.000000000000000000e+00
3.328575397699343341e+01,0.000000000000000000e+00
3.782406923493955730e+01,0.000000000000000000e+00
3.394200237316115931e+01,0.000000000000000000e+00
3.396145590598219854e+01,0.000000000000000000e+00
3.554214927484594710e+01,0.000000000000000000e+00
3.356998226134322039e+01,0.000000000000000000e+00
3.169545212846026772e+01,0.000000000000000000e+00
3.082017103826239079e+01,0.000000000000000000e+00
3.456692065876427478e+01,0.000000000000000000e+00
2.947199829558022444e+01,0.000000000000000000e+00
3.607805348173121018e+01,0.000000000000000000e+00
3.360174928216888190e+01,0.000000000000000000e+00
3.570100308226194841e+01,0.000000000000000000e+00
3.555560109617224640e+01,0.000000000000000000e+00
3.541569335146152753e+01,0.000000000000000000e+00
3.155702449519594666e+01,0.000000000000000000e+00
3.293816173921293000e+01,0.000000000000000000e+00
3.787488744794157469e+01,0.000000000000000000e+00
3.327725237493558552e+01,0.000000000000000000e+00
3.579844626773334682e+01,0.000000000000000000e+00
3.389158622686902333e+01,0.000000000000000000e+00
3.602235403487705412e+01,0.000000000000000000e+00
3.580472986195245966e+01,0.000000000000000000e+00
3.873600551660190661e+01,0.000000000000000000e+00
3.263492117510586610e+01,0.000000000000000000e+00
3.936346426998073156e+01,0.000000000000000000e+00
3.534679392666640751e+01,0.000000000000000000e+00
3.220957115516839764e+01,0.000000000000000000e+00
3.499934650853476370e+01,0.000000000000000000e+00
3.841498507805866325e+01,0.000000000000000000e+00
3.702940174338100832e+01,0.000000000000000000e+00
3.231478653737704576e+01,0.000000000000000000e+00
3.588102515965547923e+01,0.000000000000000000e+00
3.790512903576183845e+01,0.000000000000000000e+00
3.496869041083471075e+01,0.000000000000000000e+00
3.794144159371846570e+01,0.000000000000000000e+00
3.257115564401878061e+01,0.000000000000000000e+00
3.492962597052397200e+01,0.000000000000000000e+00
3.521208409981351650e+01,0.000000000000000000e+00
3.073780175066741549e+01,0.000000000000000000e+00
4.052943079134266924e+01,0.000000000000000000e+00
3.934858251948028851e+01,0.000000000000000000e+00
3.561510629756148205e+01,0.000000000000000000e+00
3.637873049862631092e+01,0.000000000000000000e+00
3.715896196339070201e+01,0.000000000000000000e+00
3.396637274061070144e+01,0.000000000000000000e+00
3.482519555935699884e+01,0.000000000000000000e+00
3.731844214600171483e+01,0.000000000000000000e+00
4.162211161724746944e+01,0.000000000000000000e+00
3.330743847880088282e+01,0.000000000000000000e+00
3.465738930638602255e+01,0.000000000000000000e+00
3.851140737988728091e+01,0.000000000000000000e+00
3.607711472977730693e+01,0.000000000000000000e+00
3.537293061980651743e+01,0.000000000000000000e+00
3.773394437609559304e+01,0.000000000000000000e+00
4.051340628794051923e+01,0.000000000000000000e+00
3.787626630439261533e+01,0.000000000000000000e+00
3.848590787055066187e+01,0.000000000000000000e+00
3.858658685551424838e+01,0.000000000000000000e+00
3.713114053501287515e+01,0.000000000000000000e+00
4.100474196395938975e+01,0.000000000000000000e+00
3.813623153138739497e+01,0.000000000000000000e+00
4.106368429667222841e+01,0.000000000000000000e+00
3.591917720942522863e+01,0.000000000000000000e+00
3.846356421064860598e+01,0.000000000000000000e+00
3.806371908445979102e+01,0.000000000000000000e+00
3.913606737658397350e+01,0.000000000000000000e+00
4.009745527803204368e+01,0.000000000000000000e+00
4.074335566527820163e+01,0.000000000000000000e+00
4.036894586332570611e+01,0.000000000000000000e+00
3.913775567446484160e+01,0.000000000000000000e+00
4.165715806882992922e+01,0.000000000000000000e+00
3.815301102417312507e+01,0.000000000000000000e+00
3.701490976936130295e+01,0.000000000000000000e+00
3.968550973262698989e+01,0.000000000000000000e+00
4.049397503277352683e+01,0.000000000000000000e+00
3.973240500528102359e+01,0.000000000000000000e+00
4.165840229651060866e+01,0.000000000000000000e+00
3.884631205707876234e+01,0.000000000000000000e+00
3.774068194121115738e+01,0.000000000000000000e+00
3.827466706614517022e+01,0.000000000000000000e+00
4.045261558368077459e+01,0.000000000000000000e+00
3.695305952379958114e+01,0.000000000000000000e+00
4.016336350658149001e+01,0.000000000000000000e+00
3.814771114370636695e+01,0.000000000000000000e+00
4.141575353920849523e+01,0.000000000000000000e+00
3.969208288834081344e+01,0.000000000000000000e+00
4.154506445950229221e+01,0.000000000000000000e+00
3.733156332680237455e+01,0.000000000000000000e+00
3.784618548761032031e+01,0.000000000000000000e+00
4.141238087066263063e+01,0.000000000000000000e+00
4.293667241141736213e+01,0.000000000000000000e+00
4.001626390093743169e+01,0.000000000000000000e+00
3.683310241120500450e+01,0.000000000000000000e+00
4.241522886353246236e+01,0.000000000000000000e+00
3.881482722960339515e+01,0.000000000000000000e+00
4.194540605406815104e+01,0.000000000000000000e+00
4.102072451952978582e+01,0.000000000000000000e+00
3.846874287415535321e+01,0.000000000000000000e+00
4.021978217085349883e+01,0.000000000000000000e+00
4.179385461477804853e+01,0.000000000000000000e+00
3.926851645783430911e+01,0.000000000000000000e+00
4.055389769428424529e+01,0.000000000000000000e+00
4.369549548664720362e+01,0.000000000000000000e+00
4.114344069701417794e+01,0.000000000000000000e+00
3.747490387583105331e+01,0.000000000000000000e+00
4.225947753640072335e+01,0.000000000000000000e+00
4.020922749542549468e+01,0.000000000000000000e+00
3.954338680910279180e+01,0.000000000000000000e+00
4.188580598068359961e+01,0.000000000000000000e+00
4.258533656035069015e+01,0.000000000000000000e+00
4.157523450323188285e+01,0.000000000000000000e+00
4.441722293650945375e+01,0.000000000000000000e+00
4.377511555876856164e+01,0.000000000000000000e+00
4.179713381813779449e+01,0.000000000000000000e+00
4.066929804622797917e+01,0.000000000000000000e+00
3.787745766489697985e+01,0.000000000000000000e+00
4.525219387629923773e+01,0.000000000000000000e+00
4.435585353976171774e+01,0.000000000000000000e+00
3.824530997983359271e+01,0.000000000000000000e+00
4.101703819793550565e+01,0.000000000000000000e+00
4.247656760778425422e+01,0.000000000000000000e+00
4.589620619117923894e+01,0.000000000000000000e+00
4.474435881680618365e+01,0.000000000000000000e+00
4.199587326684928712e+01,0.000000000000000000e+00
4.249961695526763350e+01,0.000000000000000000e+00
4.406987980291101081e+01,0.000000000000000000e+00
4.387959712314683713e+01,0.000000000000000000e+00
4.524058065289602837e+01,0.000000000000000000e+00
4.224117969806783179e+01,0.000000000000000000e+00
4.392715940163880362e+01,0.000000000000000000e+00
4.539615075215561291e+01,0.000000000000000000e+00
4.105229446396620574e+01,0.000000000000000000e+00
4.219073543861221509e+01,0.000000000000000000e+00
4.399780857694295833e+01,0.000000000000000000e+00
4.430054670871906808e+01,0.000000000000000000e+00
4.528645869010264136e+01,0.000000000000000000e+00
4.839323156773602364e+01,0.000000000000000000e+00
4.208049696707553977e+01,0.000000000000000000e+00
4.183148287668811349e+01,0.000000000000000000e+00
4.442718775746739368e+01,0.000000000000000000e+00
4.042835340345370554e+01,0.000000000000000000e+00
4.743750602016503848e+01,0.000000000000000000e+00
4.418085249588572339e+01,0.000000000000000000e+00
4.558657003683569542e+01,0.000000000000000000e+00
4.528392291745490184e+01,0.000000000000000000e+00
4.164692386824717119e+01,0.000000000000000000e+00
4.363181047337991458e+01,0.000000000000000000e+00
4.914812485219975002e+01,0.000000000000000000e+00
4.579458264809841950e+01,0.000000000000000000e+00
4.483907792364488643e+01,0.000000000000000000e+00
4.786853869954279617e+01,0.000000000000000000e+00
4.747222002397292329e+01,0.000000000000000000e+00
4.356048782705875055e+01,0.000000000000000000e+00
4.230771142154385700e+01,0.000000000000000000e+00
4.497789231699890422e+01,0.000000000000000000e+00
4.508563101863089173e+01,0.000000000000000000e+00
4.391408134348698411e+01,0.000000000000000000e+00
4.759596329968145056e+01,0.000000000000000000e+00
4.870851729625336191e+01,0.000000000000000000e+00
4.735678534861865785e+01,0.000000000000000000e+00
4.611422992725675130e+01,0.000000000000000000e+00
4.583767232716913043e+01,0.000000000000000000e+00
4.913413731137610085e+01,0.000000000000000000e+00
4.487984064444862042e+01,0.000000000000000000e+00
4.438362381081035579e+01,0.000000000000000000e+00
4.461197357014297893e+01,0.000000000000000000e+00
4.564672361240391751e+01,0.000000000000000000e+00
4.585111920658579265e+01,0.000000000000000000e+00
4.453413029625957620e+01,0.000000000000000000e+00
4.639992559977181230e+01,0.000000000000000000e+00
4.585257125404175582e+01,0.000000000000000000e+00
4.565512798044509424e+01,0.000000000000000000e+00
4.692339389947242978e+01,0.000000000000000000e+00
4.726983317427470155e+01,0.000000000000000000e+00
4.541851311061123653e+01,0.000000000000000000e+00
5.113783976539649956e+01,0.000000000000000000e+00
4.711659879995823275e+01,0.000000000000000000e+00
5.124626181144314074e+01,0.000000000000000000e+00
4.449115616223891578e+01,0.000000000000000000e+00
5.067619519147939400e+01,0.000000000000000000e+00
4.592395583588067609e+01,0.000000000000000000e+00
4.709146193069646102e+01,0.000000000000000000e+00
4.902123699709240157e+01,0.000000000000000000e+00
4.937297474899293803e+01,0.000000000000000000e+00
4.977843076871514683e+01,0.000000000000000000e+00
5.058808956543668955e+01,0.000000000000000000e+00
4.703582726489553778e+01,0.000000000000000000e+00
4.734870360052662619e+01,0.000000000000000000e+00
4.742008999367171640e+01,0.000000000000000000e+00
4.687893335922510119e+01,0.000000000000000000e+00
4.930383219067341827e+01,0.000000000000000000e+00
5.017366132664868417e+01,0.000000000000000000e+00
4.762540039494108868e+01,0.000000000000000000e+00
4.846644014495365838e+01,0.000000000000000000e+00
4.548333883008414347e+01,0.000000000000000000e+00
4.905299435293046884e+01,0.000000000000000000e+00
4.938105077751759353e+01,0.000000000000000000e+00
4.905254648339949597e+01,0.000000000000000000e+00
5.074650545479315866e+01,0.000000000000000000e+00
4.550016407877158287e+01,0.000000000000000000e+00
4.605908421011272225e+01,0.000000000000000000e+00
4.992530106573784821e+01,0.000000000000000000e+00
5.124247169025340298e+01,0.000000000000000000e+00
4.931366462728129818e+01,0.000000000000000000e+00
5.108718504867517396e+01,0.000000000000000000e+00
4.740491636030630929e+01,0.000000000000000000e+00
4.926118007835572854e+01,0.000000000000000000e+00
4.832966753299409390e+01,0.000000000000000000e+00
4.813826332359160176e+01,0.000000000000000000e+00
5.059891862225854453e+01,0.000000000000000000e+00
4.960826630038768315e+01,0.000000000000000000e+00
4.932266858947298260e+01,0.000000000000000000e+00
4.831748693444092169e+01,0.000000000000000000e+00
4.978247223302356161e+01,0.000000000000000000e+00
5.223459285285162679e+01,0.000000000000000000e+00
4.892170415108995485e+01,0.000000000000000000e+00
4.770515443086826224e+01,0.000000000000000000e+00
5.216399735277102678e+01,0.000000000000000000e+00
5.172558114759706882e+01,0.000000000000000000e+00
5.104825334693558858e+01,0.000000000000000000e+00
4.916930459129892483e+01,0.000000000000000000e+00
4.836544129337421793e+01,0.000000000000000000e+00
5.146334035650979644e+01,0.000000000000000000e+00
5.215685938160720525e+01,0.000000000000000000e+00
5.044400287508614866e+01,0.000000000000000000e+00
4.930173575604197111e+01,0.000000000000000000e+00
5.093586164253222393e+01,0.000000000000000000e+00
5.080625547234255635e+01,0.000000000000000000e+00
4.928463625731717457e+01,0.000000000000000000e+00
5.121377372671423700e+01,0.000000000000000000e+00
4.982391609740272997e+01,0.000000000000000000e+00
5.266232492052431269e+01,0.000000000000000000e+00
5.192396425965992535e+01,0.000000000000000000e+00
4.855932523403334500e+01,0.000000000000000000e+00
5.087993321933948465e+01,0.000000000000000000e+00
5.024111300525611057e+01,0.000000000000000000e+00
5.239556665537848801e+01,0.000000000000000000e+00
4.975640893156295164e+01,0.000000000000000000e+00
5.033146537492287109e+01,0.000000000000000000e+00
5.314323789125504760e+01,0.000000000000000000e+00
5.104105655003456121e+01,0.000000000000000000e+00
5.531010637103275940e+01,0.000000000000000000e+00
4.917028869216574094e+01,0.000000000000000000e+00
5.181000204716179525e+01,0.000000000000000000e+00
5.149492673688507693e+01,0.000000000000000000e+00
5.745033565725474745e+01,0.000000000000000000e+00
5.132414151233099631e+01,0.000000000000000000e+00
5.095418582041960320e+01,0.000000000000000000e+00
5.027242069268181268e+01,0.000000000000000000e+00
5.452703188661307365e+01,0.000000000000000000e+00
5.437330494977638295e+01,0.000000000000000000e+00
5.268304923905145642e+01,0.000000000000000000e+00
5.351103621451875370e+01,0.000000000000000000e+00
5.107282127711069819e+01,0.000000000000000000e+00
5.574338621184170250e+01,0.000000000000000000e+00
5.328584099414666042e+01,0.000000000000000000e+00
5.594020664585060842e+01,0.000000000000000000e+00
5.559490014011308290e+01,0.000000000000000000e+00
4.881721988460623862e+01,0.000000000000000000e+00
5.519540757073188075e+01,0.000000000000000000e+00
5.808191297535031339e+01,0.000000000000000000e+00
5.563751403612484836e+01,0.000000000000000000e+00
5.416282550516344685e+01,0.000000000000000000e+00
5.628496224408759474e+01,0.000000000000000000e+00
5.468091809319221852e+01,0.000000000000000000e+00
5.412451644135922635e+01,0.000000000000000000e+00
5.369509465223876532e+01,0.000000000000000000e+00
5.368923219617962417e+01,0.000000000000000000e+00
5.764595061145661958e+01,0.000000000000000000e+00
5.243337996360272513e+01,0.000000000000000000e+00
5.548200520106908584e+01,0.000000000000000000e+00
5.512961864305248127e+01,0.000000000000000000e+00
5.298872610417112128e+01,0.000000000000000000e+00
5.399318852534167945e+01,0.000000000000000000e+00
5.499874069411877286e+01,0.000000000000000000e+00
5.231181193784850336e+01,0.000000000000000000e+00
5.438297429404731531e+01,0.000000000000000000e+00
5.569523958753349291e+01,0.000000000000000000e+00
5.492160177601002147e+01,0.000000000000000000e+00
5.455497592443001764e+01,0.000000000000000000e+00
5.471655181271376023e+01,0.000000000000000000e+00
5.515210718783588106e+01,0.000000000000000000e+00
5.676792010212768247e+01,0.000000000000000000e+00
5.541625744052607416e+01,0.000000000000000000e+00
5.782393872267506651e+01,0.000000000000000000e+00
5.213471120598001818e+01,0.000000000000000000e+00
5.615823406431121612e+01,0.000000000000000000e+00
5.733222015856271980e+01,0.000000000000000000e+00
5.680064965133518484e+01,0.000000000000000000e+00
5.602787227557875127e+01,0.000000000000000000e+00
5.608288140552802048e+01,0.000000000000000000e+00
5.320917423793900980e+01,0.000000000000000000e+00
5.530604151843281358e+01,0.000000000000000000e+00
5.593673394736559601e+01,0.000000000000000000e+00
5.620534773930565109e+01,0.000000000000000000e+00
5.638963917770539069e+01,0.000000000000000000e+00
5.758395675460716490e+01,0.000000000000000000e+00
5.267681518918769257e+01,0.000000000000000000e+00
5.844622401791004762e+01,0.000000000000000000e+00
5.734801761087543071e+01,0.000000000000000000e+00
6.062312181153667723e+01,0.000000000000000000e+00
5.769575456124312041e+01,0.000000000000000000e+00
5.602650221908729122e+01,0.000000000000000000e+00
5.611198336069672621e+01,0.000000000000000000e+00
6.106299953286068671e+01,0.000000000000000000e+00
5.694885038511299058e+01,0.000000000000000000e+00
5.737906599865693380e+01,0.000000000000000000e+00
6.075234452469396018e+01,0.000000000000000000e+00
5.960973832465420941e+01,0.000000000000000000e+00
5.632003489572137767e+01,0.000000000000000000e+00
5.846104728943837614e+01,0.000000000000000000e+00
5.489986029652397548e+01,0.000000000000000000e+00
5.766210825517340055e+01,0.000000000000000000e+00
6.055543250769451902e+01,0.000000000000000000e+00
5.449405077917717222e+01,0.000000000000000000e+00
5.711789868921524516e+01,0.000000000000000000e+00
5.899036444048075367e+01,0.000000000000000000e+00
5.905813891064049415e+01,0.000000000000000000e+00
5.714326008119819278e+01,0.000000000000000000e+00
5.953696076658238923e+01,0.000000000000000000e+00
5.667623565357266813e+01,0.000000000000000000e+00
5.967800076118146535e+01,0.000000000000000000e+00
5.776868844896559807e+01,0.000000000000000000e+00
5.825010773830240396e+01,0.000000000000000000e+00
5.750122268152702532e+01,0.000000000000000000e+00
5.888241685800722536e+01,0.000000000000000000e+00
5.979692829439103718e+01,0.000000000000000000e+00
6.097275833902646269e+01,0.000000000000000000e+00
6.109598150549130224e+01,0.000000000000000000e+00
5.862815864525307319e+01,0.000000000000000000e+00
5.712977836760270378e+01,0.000000000000000000e+00
6.062551609730609670e+01,0.000000000000000000e+00
5.748783712079131192e+01,0.000000000000000000e+00
5.818501870382335994e+01,0.000000000000000000e+00
5.993372862377957233e+01,0.000000000000000000e+00
6.364612261813396543e+01,0.000000000000000000e+00
5.979015678285458790e+01,0.000000000000000000e+00
5.742162833785759801e+01,0.000000000000000000e+00
6.032956347021584520e+01,0.000000000000000000e+00
6.323046986739173292e+01,0.000000000000000000e+00
6.253657802999274651e+01,0.000000000000000000e+00
5.827627729988683569e+01,0.000000000000000000e+00
6.392230336967912763e+01,0.000000000000000000e+00
5.868552905604298076e+01,0.000000000000000000e+00
6.245174362793197531e+01,0.000000000000000000e+00
6.016413362298256118e+01,0.000000000000000000e+00
5.740521355493862643e+01,0.000000000000000000e+00
5.901338193699098866e+01,0.000000000000000000e+00
6.284889941911529831e+01,0.000000000000000000e+00
5.583768796509925636e+01,0.000000000000000000e+00
6.181737826451213635e+01,0.000000000000000000e+00
6.247308126776079007e+01,0.000000000000000000e+00
6.032655394562650031e+01,0.000000000000000000e+00
6.535736319400402294e+01,0.000000000000000000e+00
5.818829123695935834e+01,0.000000000000000000e+00
6.345504119226055906e+01,0.000000000000000000e+00
6.177644581938734802e+01,0.000000000000000000e+00
6.195836189231280144e+01,0.000000000000000000e+00
5.986029031534970102e+01,0.000000000000000000e+00
6.090015911650138491e+01,0.000000000000000000e+00
6.385366445089933052e+01,0.000000000000000000e+00
6.042700891161332777e+01,0.000000000000000000e+00
6.021352510772367594e+01,0.000000000000000000e+00
6.361150214725246599e+01,0.000000000000000000e+00
6.437492095497137257e+01,0.000000000000000000e+00
6.098754032625484456e+01,0.000000000000000000e+00
5.917155390489762112e+01,0.000000000000000000e+00
6.541424321031466604e+01,0.000000000000000000e+00
6.573623861800862755e+01,0.000000000000000000e+00
6.392277994680632247e+01,0.000000000000000000e+00
6.300170174986838845e+01,0.000000000000000000e+00
6.374243609486231321e+01,0.000000000000000000e+00
6.058575587527622730e+01,0.000000000000000000e+00
6.380975041585367791e+01,0.000000000000000000e+00
6.419694194614855576e+01,0.000000000000000000e+00
6.255105619463504496e+01,0.000000000000000000e+00
6.654394048923975902e+01,0.000000000000000000e+00
6.350775382328961172e+01,0.000000000000000000e+00
6.195491373605888441e+01,0.000000000000000000e+00
6.323943713530022137e+01,0.000000000000000000e+00
6.311587645083830012e+01,0.000000000000000000e+00
6.187684723905461937e+01,0.000000000000000000e+00
6.642237785587434473e+01,0.000000000000000000e+00
6.027408218609865997e+01,0.000000000000000000e+00
6.224779670163972156e+01,0.000000000000000000e+00
6.402332622281156205e+01,0.000000000000000000e+00
6.660483653236909163e+01,0.000000000000000000e+00
6.231045502405152092e+01,0.000000000000000000e+00
6.106589703659496138e+01,0.000000000000000000e+00
6.242540714916166422e+01,0.000000000000000000e+00
6.037612959733971962e+01,0.000000000000000000e+00
6.357225375358648023e+01,0.000000000000000000e+00
6.547135433372821467e+01,0.000000000000000000e+00
6.098447311996527986e+01,0.000000000000000000e+00
6.493007798542922160e+01,0.000000000000000000e+00
6.356149651040651349e+01,0.000000000000000000e+00
6.479446573371517104e+01,0.000000000000000000e+00
6.522625879661754311e+01,0.000000000000000000e+00
6.211003042219233095e+01,0.000000000000000000e+00
6.540978839597755723e+01,0.000000000000000000e+00
6.863645931304068881e+01,0.000000000000000000e+00
6.588739019676930297e+01,0.000000000000000000e+00
6.450707263918312151e+01,0.000000000000000000e+00
6.565594840369764995e+01,0.000000000000000000e+00
6.555742435824880943e+01,0.000000000000000000e+00
6.377609492445522932e+01,0.000000000000000000e+00
6.638762333289579942e+01,0.000000000000000000e+00
6.668666669181817497e+01,0.000000000000000000e+00
6.298979904071494218e+01,0.000000000000000000e+00
6.535570593661537941e+01,0.000000000000000000e+00
6.448531545894329042e+01,0.000000000000000000e+00
6.697959952590805699e+01,0.000000000000000000e+00
6.254562097370248352e+01,0.000000000000000000e+00
6.582822699657175747e+01,0.000000000000000000e+00
6.595620883209379315e+01,0.000000000000000000e+00
6.411008651828022664e+01,0.000000000000000000e+00
6.418702166795341668e+01,0.000000000000000000e+00
6.579260883816010619e+01,0.000000000000000000e+00
6.443482144975698134e+01,0.000000000000000000e+00
6.652255171784396737e+01,0.000000000000000000e+00
6.383911878400748208e+01,0.000000000000000000e+00
6.565482829155901356e+01,0.000000000000000000e+00
6.680736609618313082e+01,0.000000000000000000e+00
6.797065455340946016e+01,0.000000000000000000e+00
6.106812136310437467e+01,0.000000000000000000e+00
6.676625263203101213e+01,0.000000000000000000e+00
6.198030793126496718e+01,0.000000000000000000e+00
6.795465684438495657e+01,0.000000000000000000e+00
6.714915185852075297e+01,0.000000000000000000e+00
6.542703366261584108e+01,0.000000000000000000e+00
6.627221396357671779e+01,0.000000000000000000e+00
6.713184872837027228e+01,0.000000000000000000e+00
6.735021724919349140e+01,0.000000000000000000e+00
7.049479516727438977e+01,0.000000000000000000e+00
6.710576882580643598e+01,0.000000000000000000e+00
6.746790459835459330e+01,0.000000000000000000e+00
6.960274848666340120e+01,0.000000000000000000e+00
6.567426105029005612e+01,0.000000000000000000e+00
6.926246648465500755e+01,0.000000000000000000e+00
6.707306884026762361e+01,0.000000000000000000e+00
6.525371908278532374e+01,0.000000000000000000e+00
6.730690954579141305e+01,0.000000000000000000e+00
6.978032072435057387e+01,0.000000000000000000e+00
7.218845815297626700e+01,0.000000000000000000e+00
6.788824425713623612e+01,0.000000000000000000e+00
7.041879795020403776e+01,0.000000000000000000e+00
6.619303342031817294e+01,0.000000000000000000e+00
6.618161986752286907e+01,0.000000000000000000e+00
6.466116562953986602e+01,0.000000000000000000e+00
6.264608986191164774e+01,0.000000000000000000e+00
6.500182645927547753e+01,0.000000000000000000e+00
6.721070356978088967e+01,0.000000000000000000e+00
6.822001734464568301e+01,0.000000000000000000e+00
6.546162761585046042e+01,0.000000000000000000e+00
6.604836210234316241e+01,0.000000000000000000e+00
6.832920765086463177e+01,0.000000000000000000e+00
6.976502375393693001e+01,0.000000000000000000e+00
6.430309732700928294e+01,0.000000000000000000e+00
6.825635872669415960e+01,0.000000000000000000e+00
6.814796964068864327e+01,0.000000000000000000e+00
6.877829998074794560e+01,0.000000000000000000e+00
7.188277581993297360e+01,0.000000000000000000e+00
6.769145265882423246e+01,0.000000000000000000e+00
7.095655955734660836e+01,0.000000000000000000e+00
6.953076193142129569e+01,0.000000000000000000e+00
7.088631017099984888e+01,0.000000000000000000e+00
7.041024358021002172e+01,0.000000000000000000e+00
6.868104735551241902e+01,0.000000000000000000e+00
7.037459188733622284e+01,0.000000000000000000e+00
6.822822012528173730e+01,0.000000000000000000e+00
7.061763396951673144e+01,0.000000000000000000e+00
7.317951251074639174e+01,0.000000000000000000e+00
7.149360334176235199e+01,0.000000000000000000e+00
6.753230694517593236e+01,0.000000000000000000e+00
6.757260657760724598e+01,0.000000000000000000e+00
6.920163252055341729e+01,0.000000000000000000e+00
6.883202489171736715e+01,0.000000000000000000e+00
7.110527571365882693e+01,0.000000000000000000e+00
7.228721700670060102e+01,0.000000000000000000e+00
7.034119859936429009e+01,0.000000000000000000e+00
6.653440766702382803e+01,0.000000000000000000e+00
7.019659587632951059e+01,0.000000000000000000e+00
6.823830535212650261e+01,0.000000000000000000e+00
6.809988101924810167e+01,0.000000000000000000e+00
6.887909602203144743e+01,0.000000000000000000e+00
7.100696588325753567e+01,0.000000000000000000e+00
6.982194334626176158e+01,0.000000000000000000e+00
6.953332077961132995e+01,0.000000000000000000e+00
7.095432294441647514e+01,0.000000000000000000e+00
7.356072100423439508e+01,0.000000000000000000e+00
6.905582195354512010e+01,0.000000000000000000e+00
6.993936778063314819e+01,0.000000000000000000e+00
6.908743280600295122e+01,0.000000000000000000e+00
7.324320218359351031e+01,0.000000000000000000e+00
6.787807718894404729e+01,0.000000000000000000e+00
7.126978704528134756e+01,0.000000000000000000e+00
7.325304387687117469e+01,0.000000000000000000e+00
7.159849425047913485e+01,0.000000000000000000e+00
7.084309625495980356e+01,0.000000000000000000e+00
6.832982988875987473e+01,0.000000000000000000e+00
7.071839084358251171e+01,0.000000000000000000e+00
6.971388160129582445e+01,0.000000000000000000e+00
6.998690135869959761e+01,0.000000000000000000e+00
6.941229112004066337e+01,0.000000000000000000e+00
7.140324949164882185e+01,0.000000000000000000e+00
7.122008830004101299e+01,0.000000000000000000e+00
6.672225408179176043e+01,0.000000000000000000e+00
7.134842532220633871e+01,0.000000000000000000e+00
6.676969814519362956e+01,0.000000000000000000e+00
7.257258064217442950e+01,0.000000000000000000e+00
7.243763924669683263e+01,0.000000000000000000e+00
7.199858611890485349e+01,0.000000000000000000e+00
7.383109324199641321e+01,0.000000000000000000e+00
6.856217860234878003e+01,0.000000000000000000e+00
6.888856959101710231e+01,0.000000000000000000e+00
7.611977235254934726e+01,0.000000000000000000e+00
7.315906539729085978e+01,0.000000000000000000e+00
7.385646913052784157e+01,0.000000000000000000e+00
7.153428501375354642e+01,0.000000000000000000e+00
7.268471413225337585e+01,0.000000000000000000e+00
7.222823677590929492e+01,0.000000000000000000e+00
7.066199034335400597e+01,0.000000000000000000e+00
7.113936805759654192e+01,0.000000000000000000e+00
7.430254702367945185e+01,0.000000000000000000e+00
7.361548106917366852e+01,0.000000000000000000e+00
7.311877803523009334e+01,0.000000000000000000e+00
7.311661893819375280e+01,0.000000000000000000e+00
7.494394594957164202e+01,0.000000000000000000e+00
7.245265402699131130e+01,0.000000000000000000e+00
7.531838459952096798e+01,0.000000000000000000e+00
7.068638492157508324e+01,0.000000000000000000e+00
7.171355402721438566e+01,0.000000000000000000e+00
7.427242245057314562e+01,0.000000000000000000e+00
7.351785220174957658e+01,0.000000000000000000e+00
7.395385357258895453e+01,0.000000000000000000e+00
7.161554236927833017e+01,0.000000000000000000e+00
7.389740392958285042e+01,0.000000000000000000e+00
6.867389723195120155e+01,0.000000000000000000e+00
7.494189574683639421e+01,0.000000000000000000e+00
7.258225865139885968e+01,0.000000000000000000e+00
7.887315860795270339e+01,0.000000000000000000e+00
7.542258827483836114e+01,0.000000000000000000e+00
7.031125726755279004e+01,0.000000000000000000e+00
7.440227530995403527e+01,0.000000000000000000e+00
7.253419329522321846e+01,0.000000000000000000e+00
7.495802399857294063e+01,0.000000000000000000e+00
7.250332402190130665e+01,0.000000000000000000e+00
7.514119728305279011e+01,0.000000000000000000e+00
7.482178947606790587e+01,0.000000000000000000e+00
7.358847837581700446e+01,0.000000000000000000e+00
7.396397124203471662e+01,0.000000000000000000e+00
7.529750803530154712e+01,0.000000000000000000e+00
7.195757377177578462e+01,0.000000000000000000e+00
7.284470506421200753e+01,0.000000000000000000e+00
7.495341123784199056e+01,0.000000000000000000e+00
7.371901653201963711e+01,0.000000000000000000e+00
7.218822163420861671e+01,0.000000000000000000e+00
7.376666860334388787e+01,0.000000000000000000e+00
7.800265628440592991e+01,0.000000000000000000e+00
7.211511106334687327e+01,0.000000000000000000e+00
7.321652933662061002e+01,0.000000000000000000e+00
7.383187603550709355e+01,0.000000000000000000e+00
7.584150299295309594e+01,0.000000000000000000e+00
7.533244929168346005e+01,0.000000000000000000e+00
7.762447893840668200e+01,0.000000000000000000e+00
7.000946232130721114e+01,0.000000000000000000e+00
7.477994376316918590e+01,0.000000000000000000e+00
7.593920054881292003e+01,0.000000000000000000e+00
7.606063602461529172e+01,0.000000000000000000e+00
7.242557720615826611e+01,0.000000000000000000e+00
7.415035671798723627e+01,0.000000000000000000e+00
7.491339810165921165e+01,0.000000000000000000e+00
7.260097204374291380e+01,0.000000000000000000e+00
7.410831498729264410e+01,0.000000000000000000e+00
7.383866688871383133e+01,0.000000000000000000e+00
7.366200332400836714e+01,0.000000000000000000e+00
7.272395411225680562e+01,0.000000000000000000e+00
7.460563012868017552e+01,0.000000000000000000e+00
7.676572933474571414e+01,0.000000000000000000e+00
7.493163099031521313e+01,0.000000000000000000e+00
7.827789631840836648e+01,0.000000000000000000e+00
7.609816470432465962e+01,0.000000000000000000e+00
7.824173268124586400e+01,0.000000000000000000e+00
7.407753441883178880e+01,0.000000000000000000e+00
7.793038903976105303e+01,0.000000000000000000e+00
7.793819098432906856e+01,0.000000000000000000e+00
7.391474826931721509e+01,0.000000000000000000e+00
7.381726120114984724e+01,0.000000000000000000e+00
7.443811511878836029e+01,0.000000000000000000e+00
7.875868884355755029e+01,0.000000000000000000e+00
7.353607981296057972e+01,0.000000000000000000e+00
7.319502210692904498e+01,0.000000000000000000e+00
7.553121813506197668e+01,0.000000000000000000e+00
7.684295495901677953e+01,0.000000000000000000e+00
7.630538389480680905e+01,0.000000000000000000e+00
7.213035108273501805e+01,0.000000000000000000e+00
7.534965324042943280e+01,0.000000000000000000e+00
7.414919026952078696e+01,0.000000000000000000e+00
7.756766163414913251e+01,0.000000000000000000e+00
7.513727597858655827e+01,0.000000000000000000e+00
7.569197804860519341e+01,0.000000000000000000e+00
7.389349057993970860e+01,0.000000000000000000e+00
7.437028388451537353e+01,0.000000000000000000e+00
7.334857032161919221e+01,0.000000000000000000e+00
7.376656937793106295e+01,0.000000000000000000e+00
7.821833550891966524e+01,0.000000000000000000e+00
7.830972859123069441e+01,0.000000000000000000e+00
7.815386405865788788e+01,0.000000000000000000e+00
7.336008459712223839e+01,0.000000000000000000e+00
7.724977319832588307e+01,0.000000000000000000e+00
7.853834618711000815e+01,0.000000000000000000e+00
7.085058189421884833e+01,0.000000000000000000e+00
7.464986930232062434e+01,0.000000000000000000e+00
7.639987450096329269e+01,0.000000000000000000e+00
7.900207447590376830e+01,0.000000000000000000e+00
7.568616384602452740e+01,0.000000000000000000e+00
8.133663528900964934e+01,0.000000000000000000e+00
7.584770141210276506e+01,0.000000000000000000e+00
7.877149812741737378e+01,0.000000000000000000e+00
7.695324944302043946e+01,0.000000000000000000e+00
7.535736217114317981e+01,0.000000000000000000e+00
7.446148395783077945e+01,0.000000000000000000e+00
7.319122678314447228e+01,0.000000000000000000e+00
7.848625113582514246e+01,0.000000000000000000e+00
7.611150607055404294e+01,0.000000000000000000e+00
7.661921659955433483e+01,0.000000000000000000e+00
7.233101580614490445e+01,0.000000000000000000e+00
7.686812505345142199e+01,0.000000000000000000e+00
7.642697976475464827e+01,0.000000000000000000e+00
7.849288215851916561e+01,0.000000000000000000e+00
7.366645964246939116e+01,0.000000000000000000e+00
7.536499274372614821e+01,0.000000000000000000e+00
7.919635751051936268e+01,0.000000000000000000e+00
8.048543958556416555e+01,0.000000000000000000e+00
7.769781090473327367e+01,0.000000000000000000e+00
7.608028094065012681e+01,0.000000000000000000e+00
7.449405235067864339e+01,0.000000000000000000e+00
7.741578665825227290e+01,0.000000000000000000e+00
7.814394160907275477e+01,0.000000000000000000e+00
8.248683634252738273e+01,0.000000000000000000e+00
7.821496982364257633e+01,0.000000000000000000e+00
7.524457778757849269e+01,0.000000000000000000e+00
7.889411247060454002e+01,0.000000000000000000e+00
7.901716576990986596e+01,0.000000000000000000e+00
7.694358837155388642e+01,0.000000000000000000e+00
7.936244594990496637e+01,0.000000000000000000e+00
7.565027045474117529e+01,0.000000000000000000e+00
7.830945310678241356e+01,0.000000000000000000e+00
7.857160838955154247e+01,0.000000000000000000e+00
7.830745876432401076e+01,0.000000000000000000e+00
7.562568520498317071e+01,0.000000000000000000e+00
8.066635160482462652e+01,0.000000000000000000e+00
7.596681502492626237e+01,0.000000000000000000e+00
7.877095021416803888e+01,0.000000000000000000e+00
7.880915168500148127e+01,0.000000000000000000e+00
7.712720366476318645e+01,0.000000000000000000e+00
7.676613911719857697e+01,0.000000000000000000e+00
7.775235745541938570e+01,0.000000000000000000e+00
7.813631929959366573e+01,0.000000000000000000e+00
8.064124706828614819e+01,0.000000000000000000e+00
7.610400619441253411e+01,0.000000000000000000e+00
7.509036405575398021e+01,0.000000000000000000e+00
7.880916128102515472e+01,0.000000000000000000e+00
8.056251377207314590e+01,0.000000000000000000e+00
7.704787970533756436e+01,0.000000000000000000e+00
7.831128016681525139e+01,0.000000000000000000e+00
7.906925938121050024e+01,0.000000000000000000e+00
7.874878376705099470e+01,0.000000000000000000e+00
7.435860851716208231e+01,0.000000000000000000e+00
7.959484664606586080e+01,0.000000000000000000e+00
8.128977230520185060e+01,0.000000000000000000e+00
7.997957997328131796e+01,0.000000000000000000e+00
7.968028693776560090e+01,0.000000000000000000e+00
7.816524831229418169e+01,0.000000000000000000e+00
7.880869986461061671e+01,0.000000000000000000e+00
7.687486805513854904e+01,0.000000000000000000e+00
7.619538509961290629e+01,0.000000000000000000e+00
7.640050568803357578e+01,0.000000000000000000e+00
7.461730111863464288e+01,0.000000000000000000e+00
8.006033580275712325e+01,0.000000000000000000e+00
7.828099755751173916e+01,0.000000000000000000e+00
8.086778912131732966e+01,0.000000000000000000e+00
7.758280961550688914e+01,0.000000000000000000e+00
7.869820766255560329e+01,0.000000000000000000e+00
8.306694928369746833e+01,0.000000000000000000e+00
8.094699191130884230e+01,0.000000000000000000e+00
8.259780636798859632e+01,0.000000000000000000e+00
7.644258070055697374e+01,0.000000000000000000e+00
8.190477686432367932e+01,0.000000000000000000e+00
8.227046432624574379e+01,0.000000000000000000e+00
7.985837403310772231e+01,0.000000000000000000e+00
7.974937687302404754e+01,0.000000000000000000e+00
8.145644106344359159e+01,0.000000000000000000e+00
7.762854572938309161e+01,0.000000000000000000e+00
7.589638551097371533e+01,0.000000000000000000e+00
7.907782121221585214e+01,0.000000000000000000e+00
7.984865031311443317e+01,0.000000000000000000e+00
7.976310406041253032e+01,0.000000000000000000e+00
7.996050955749775824e+01,0.000000000000000000e+00
7.893152514828815924e+01,0.000000000000000000e+00
7.927313797623659752e+01,0.000000000000000000e+00
7.820141605261501638e+01,0.000000000000000000e+00
7.954340876376795677e+01,0.000000000000000000e+00
7.951824273011376931e+01,0.000000000000000000e+00
8.047290166304509285e+01,0.000000000000000000e+00
7.904242180166561127e+01,0.000000000000000000e+00
7.993007097513525139e+01,0.000000000000000000e+00
7.704860314444211156e+01,0.000000000000000000e+00
7.670777661221499955e+01,0.000000000000000000e+00
8.089255677030075731e+01,0.000000000000000000e+00
7.815296824637916018e+01,0.000000000000000000e+00
7.758317505254075286e+01,0.000000000000000000e+00
7.772446920139090309e+01,0.000000000000000000e+00
8.404037674869857710e+01,0.000000000000000000e+00
7.936594277345861315e+01,0.000000000000000000e+00
7.989596024893907611e+01,0.000000000000000000e+00
7.911681553269441736e+01,0.000000000000000000e+00
7.998110937843085821e+01,0.000000000000000000e+00
8.018380292298829204e+01,0.000000000000000000e+00
8.249010678506837735e+01,0.000000000000000000e+00
7.990491932092116656e+01,0.000000000000000000e+00
8.001703572844836287e+01,0.000000000000000000e+00
7.872321970071486419e+01,0.000000000000000000e+00
7.647275278015423794e+01,0.000000000000000000e+00
7.751494463778729482e+01,0.000000000000000000e+00
8.075468936988283986e+01,0.000000000000000000e+00
8.034597244539986605e+01,0.000000000000000000e+00
8.003460893688067301e+01,0.000000000000000000e+00
7.585281306994897932e+01,0.000000000000000000e+00
7.866717842227444635e+01,0.000000000000000000e+00
8.140497572986117802e+01,0.000000000000000000e+00
7.621506698623979048e+01,0.000000000000000000e+00
7.759126234466765482e+01,0.000000000000000000e+00
8.216677151081674424e+01,0.000000000000000000e+00
7.730901289385288067e+01,0.000000000000000000e+00
8.363723911024968061e+01,0.000000000000000000e+00
7.684858900299310847e+01,0.000000000000000000e+00
8.030230903654810959e+01,0.000000000000000000e+00
8.152937136893221748e+01,0.000000000000000000e+00
8.114663195392647310e+01,0.000000000000000000e+00
8.407485646178801630e+01,0.000000000000000000e+00
7.975937718903786333e+01,0.000000000000000000e+00
7.816846839061602736e+01,0.000000000000000000e+00
7.529576769063905317e+01,0.000000000000000000e+00
8.264054311242668405e+01,0.000000000000000000e+00
8.221654279695312084e+01,0.000000000000000000e+00
7.683930291984977146e+01,0.000000000000000000e+00
7.860772382146407722e+01,0.000000000000000000e+00
7.777389087790130873e+01,0.000000000000000000e+00
7.941328978456112964e+01,0.000000000000000000e+00
7.628247511275320392e+01,0.000000000000000000e+00
7.993661380005417527e+01,0.000000000000000000e+00
7.857675036985426686e+01,0.000000000000000000e+00
8.043666116103555908e+01,0.000000000000000000e+00
8.102771753432040214e+01,0.000000000000000000e+00
8.043461571150041323e+01,0.000000000000000000e+00
7.848248681832774309e+01,0.000000000000000000e+00
8.017217638344682484e+01,0.000000000000000000e+00
7.821239413860944012e+01,0.000000000000000000e+00
7.746546256558826826e+01,0.000000000000000000e+00
8.275220807185250749e+01,0.000000000000000000e+00
8.198344869165009641e+01,0.000000000000000000e+00
8.288152356177124602e+01,0.000000000000000000e+00
8.172719278977447743e+01,0.000000000000000000e+00
8.297927562685192981e+01,0.000000000000000000e+00
8.211052908229029867e+01,0.000000000000000000e+00
8.308251702622798973e+01,0.000000000000000000e+00
7.703462313291950636e+01,0.000000000000000000e+00
8.130813859849145331e+01,0.000000000000000000e+00
8.113870441920740006e+01,0.000000000000000000e+00
7.968171404572031236e+01,0.000000000000000000e+00
8.214876287231138008e+01,0.000000000000000000e+00
8.492560721246964306e+01,0.000000000000000000e+00
7.987407886312439587e+01,0.000000000000000000e+00
7.736219986100144297e+01,0.000000000000000000e+00
7.774186115302092048e+01,0.000000000000000000e+00
8.400845382651623083e+01,0.000000000000000000e+00
8.347909181719423088e+01,0.000000000000000000e+00
8.155971343619134473e+01,0.000000000000000000e+00
8.209868017005210561e+01,0.000000000000000000e+00
8.231352576594194659e+01,0.000000000000000000e+00
8.101828544239310759e+01,0.000000000000000000e+00
8.232059922310783406e+01,0.000000000000000000e+00
7.841380137513668558e+01,0.000000000000000000e+00
7.787960229261535972e+01,0.000000000000000000e+00
8.361142923782405489e+01,0.000000000000000000e+00
8.111450781381246600e+01,0.000000000000000000e+00
8.222232651111370672e+01,0.000000000000000000e+00
8.461885383687979356e+01,0.000000000000000000e+00
8.259744097448958655e+01,0.000000000000000000e+00
7.739693151255909243e+01,0.000000000000000000e+00
8.020999647959605738e+01,0.000000000000000000e+00
8.067068351614737765e+01,0.000000000000000000e+00
7.845465615893466804e+01,0.000000000000000000e+00
7.888897132183895167e+01,0.000000000000000000e+00
8.216961677952426157e+01,0.000000000000000000e+00
7.866996992483321094e+01,0.000000000000000000e+00
7.917778665383200121e+01,0.000000000000000000e+00
7.818826955249983257e+01,0.000000000000000000e+00
8.013934673970075551e+01,0.000000000000000000e+00
7.830686886240015099e+01,0.000000000000000000e+00
7.888847165166016850e+01,0.000000000000000000e+00
7.956799944612515674e+01,0.000000000000000000e+00
7.967553010411009495e+01,0.000000000000000000e+00
7.887354664844335161e+01,0.000000000000000000e+00
7.787637223559919164e+01,0.000000000000000000e+00
7.893298586005674622e+01,0.000000000000000000e+00
8.123566551684936599e+01,0.000000000000000000e+00
8.367625369717322315e+01,0.000000000000000000e+00
8.269091775132419286e+01,0.000000000000000000e+00
7.810513961441390052e+01,0.000000000000000000e+00
8.212483866302763147e+01,0.000000000000000000e+00
7.967526665013249954e+01,0.000000000000000000e+00
7.926684298478093638e+01,0.000000000000000000e+00
7.904029170486454348e+01,0.000000000000000000e+00
7.800470026802159396e+01,0.000000000000000000e+00
7.683606551039403598e+01,0.000000000000000000e+00
8.500280773939911683e+01,0.000000000000000000e+00
8.179792091197164439e+01,0.000000000000000000e+00
7.817362269104383188e+01,0.000000000000000000e+00
8.084623356995740551e+01,0.000000000000000000e+00
8.149741477844229109e+01,0.000000000000000000e+00
7.842064434448560917e+01,0.000000000000000000e+00
8.083745630806934912e+01,0.000000000000000000e+00
7.809677833593001139e+01,0.000000000000000000e+00
7.813989735309490925e+01,0.000000000000000000e+00
8.063515755768349891e+01,0.000000000000000000e+00
7.809029204437115368e+01,0.000000000000000000e+00
8.077268826332674223e+01,0.000000000000000000e+00
8.324109001530364083e+01,0.000000000000000000e+00
8.032641679558878423e+01,0.000000000000000000e+00
8.137599768785497645e+01,0.000000000000000000e+00
7.967186664383581274e+01,0.000000000000000000e+00
7.666217220285932399e+01,0.000000000000000000e+00
7.782295992841831378e+01,0.000000000000000000e+00
8.259396166483229251e+01,0.000000000000000000e+00
8.025516254807160976e+01,0.000000000000000000e+00
7.940052376029147752e+01,0.000000000000000000e+00
7.931359064214869647e+01,0.000000000000000000e+00
8.297486081152392501e+01,0.000000000000000000e+00
8.271744593247967714e+01,0.000000000000000000e+00
8.027068630347368128e+01,0.000000000000000000e+00
7.935115067824918356e+01,0.000000000000000000e+00
8.086837446622715220e+01,0.000000000000000000e+00
8.030374663982011896e+01,0.000000000000000000e+00
8.081199793562129230e+01,0.000000000000000000e+00
7.914547671794515793e+01,0.000000000000000000e+00
8.000861556498939819e+01,0.000000000000000000e+00
7.881130739012495212e+01,0.000000000000000000e+00
7.439271398944373459e+01,0.000000000000000000e+00
7.847690954414522935e+01,0.000000000000000000e+00
8.020466962902450803e+01,0.000000000000000000e+00
8.216169004097173456e+01,0.000000000000000000e+00
7.415436105330853422e+01,0.000000000000000000e+00
7.783576983538721095e+01,0.000000000000000000e+00
8.063720304474905731e+01,0.000000000000000000e+00
8.244205007569694033e+01,0.000000000000000000e+00
7.911845734988045820e+01,0.000000000000000000e+00
8.051326402807394800e+01,0.000000000000000000e+00
7.534127385746239725e+01,0.000000000000000000e+00
8.352426578689787107e+01,0.000000000000000000e+00
8.116206856250366286e+01,0.000000000000000000e+00
7.515136352455265012e+01,0.000000000000000000e+00
7.743443596816580055e+01,0.000000000000000000e+00
8.030735479443396230e+01,0.000000000000000000e+00
7.577108405797768853e+01,0.000000000000000000e+00
7.792184520285846361e+01,0.000000000000000000e+00
7.910791120424276812e+01,0.000000000000000000e+00
8.145761501815668737e+01,0.000000000000000000e+00
7.624548331001302870e+01,0.000000000000000000e+00
8.227359344050371703e+01,0.000000000000000000e+00
8.098030463958787095e+01,0.000000000000000000e+00
7.773587445438079158e+01,0.000000000000000000e+00
7.786704671191883165e+01,0.000000000000000000e+00
8.045936791743253025e+01,0.000000000000000000e+00
8.059620595683588817e+01,0.000000000000000000e+00
7.865153228714633826e+01,0.000000000000000000e+00
8.206950409864219864e+01,0.000000000000000000e+00
7.888404186576048005e+01,0.000000000000000000e+00
7.905981916133917764e+01,0.000000000000000000e+00
8.104194402894992777e+01,0.000000000000000000e+00
7.670439546501162908e+01,0.000000000000000000e+00
7.894902211069030784e+01,0.000000000000000000e+00
7.931604089724659445e+01,0.000000000000000000e+00
7.949996054574644688e+01,0.000000000000000000e+00
8.182052480738839506e+01,0.000000000000000000e+00
7.909701245703131178e+01,0.000000000000000000e+00
7.833072289663820698e+01,0.000000000000000000e+00
8.058164190392443516e+01,0.000000000000000000e+00
7.818553215877768992e+01,0.000000000000000000e+00
7.932294209911908922e+01,0.000000000000000000e+00
7.533273600090640798e+01,0.000000000000000000e+00
7.910969730672442779e+01,0.000000000000000000e+00
7.991243993446614979e+01,0.000000000000000000e+00
7.916262657057751539e+01,0.000000000000000000e+00
7.648322164649395916e+01,0.000000000000000000e+00
8.080435617898861267e+01,0.000000000000000000e+00
7.900050780242729331e+01,0.000000000000000000e+00
7.933778492939417504e+01,0.000000000000000000e+00
7.852070401112835896e+01,0.000000000000000000e+00
8.041295311748804409e+01,0.000000000000000000e+00
8.050519193244855387e+01,0.000000000000000000e+00
7.931136385680002832e+01,0.000000000000000000e+00
7.643902715486227351e+01,0.000000000000000000e+00
7.105378963235938272e+01,0.000000000000000000e+00
8.041404730207167972e+01,0.000000000000000000e+00
7.657755316667456214e+01,0.000000000000000000e+00
7.814914570528009108e+01,0.000000000000000000e+00
7.532899380913275422e+01,0.000000000000000000e+00
7.691834124572874032e+01,0.000000000000000000e+00
7.393210668053897905e+01,0.000000000000000000e+00
7.711533043540413246e+01,0.000000000000000000e+00
7.623716017760158081e+01,0.000000000000000000e+00
7.721581702951431225e+01,0.000000000000000000e+00
7.621880868036491563e+01,0.000000000000000000e+00
8.011188303657823440e+01,0.000000000000000000e+00
7.785493102905134322e+01,0.000000000000000000e+00
7.553090439501913522e+01,0.000000000000000000e+00
7.923718063668847833e+01,0.000000000000000000e+00
8.050357878886329388e+01,0.000000000000000000e+00
7.782840599912893254e+01,0.000000000000000000e+00
8.070106657642804748e+01,0.000000000000000000e+00
7.950589726393971546e+01,0.000000000000000000e+00
7.426112973703442321e+01,0.000000000000000000e+00
7.882190256635207959e+01,0.000000000000000000e+00
7.391498866084451436e+01,0.000000000000000000e+00
7.736847536680870974e+01,0.000000000000000000e+00
7.756903657901310112e+01,0.000000000000000000e+00
7.973883538723281106e+01,0.000000000000000000e+00
7.687077558900955410e+01,0.000000000000000000e+00
7.348520797682392924e+01,0.000000000000000000e+00
7.714930683449182425e+01,0.000000000000000000e+00
7.254430877669815914e+01,0.000000000000000000e+00
7.645023649171344005e+01,0.000000000000000000e+00
7.614780704313410808e+01,0.000000000000000000e+00
7.892579050990541134e+01,0.000000000000000000e+00
7.478362505904841839e+01,0.000000000000000000e+00
7.854978277976618983e+01,0.000000000000000000e+00
7.681147857453041183e+01,0.000000000000000000e+00
7.894202857702828169e+01,0.000000000000000000e+00
7.767690225187280362e+01,0.000000000000000000e+00
7.684977911258002337e+01,0.000000000000000000e+00
7.855135113804423952e+01,0.000000000000000000e+00
7.804823890140436049e+01,0.000000000000000000e+00
7.722768579546173839e+01,0.000000000000000000e+00
7.666777697744996090e+01,0.000000000000000000e+00
7.275932613141108618e+01,0.000000000000000000e+00
7.316083014624823022e+01,0.000000000000000000e+00
7.791097079625959054e+01,0.000000000000000000e+00
8.098725664082191145e+01,0.000000000000000000e+00
8.061072096703182410e+01,0.000000000000000000e+00
7.153200705259403946e+01,0.000000000000000000e+00
7.986734395211183823e+01,0.000000000000000000e+00
7.778562988584832283e+01,0.000000000000000000e+00
7.728169620178300647e+01,0.000000000000000000e+00
7.719610157762177494e+01,0.000000000000000000e+00
7.545606455026492654e+01,0.000000000000000000e+00
7.457623293883496274e+01,0.000000000000000000e+00
8.104112270806095353e+01,0.000000000000000000e+00
7.784448302701767375e+01,0.000000000000000000e+00
7.764823035516133132e+01,0.000000000000000000e+00
7.764407981552500360e+01,0.000000000000000000e+00
7.614886996609409664e+01,0.000000000000000000e+00
7.717179239188114082e+01,0.000000000000000000e+00
7.223864321775148767e+01,0.000000000000000000e+00
7.689169786251839867e+01,0.000000000000000000e+00
7.184872120391555939e+01,0.000000000000000000e+00
7.524941318385239697e+01,0.000000000000000000e+00
7.387190251695490417e+01,0.000000000000000000e+00
7.491145870493177483e+01,0.000000000000000000e+00
7.636740437808558113e+01,0.000000000000000000e+00
7.703014599900056680e+01,0.000000000000000000e+00
7.896028331908192399e+01,0.000000000000000000e+00
7.655023575933779512e+01,0.000000000000000000e+00
7.446674211934042376e+01,0.000000000000000000e+00
7.640092766850209216e+01,0.000000000000000000e+00
7.651772036293593260e+01,0.000000000000000000e+00
7.512059320571280807e+01,0.000000000000000000e+00
7.581538789373557563e+01,0.000000000000000000e+00
7.779983614125792712e+01,0.000000000000000000e+00
7.647629877729315240e+01,0.000000000000000000e+00
7.639112594236232212e+01,0.000000000000000000e+00
7.366212522392351048e+01,0.000000000000000000e+00
7.569361907640139009e+01,0.000000000000000000e+00
7.755321182386443013e+01,0.000000000000000000e+00
7.321803177593793066e+01,0.000000000000000000e+00
7.108148447512337498e+01,0.000000000000000000e+00
7.148128075580505936e+01,0.000000000000000000e+00
6.811242723453983672e+01,0.000000000000000000e+00
7.493618792848059229e+01,0.000000000000000000e+00
7.588000724055054036e+01,0.000000000000000000e+00
7.461405708974308482e+01,0.000000000000000000e+00
7.465520515712113081e+01,0.000000000000000000e+00
7.561956154214405501e+01,0.000000000000000000e+00
7.226292705215203682e+01,0.000000000000000000e+00
7.299979951657931565e+01,0.000000000000000000e+00
7.571325305429964203e+01,0.000000000000000000e+00
7.337713082681938204e+01,0.000000000000000000e+00
7.216990951128433096e+01,0.000000000000000000e+00
7.490356273393165054e+01,0.000000000000000000e+00
7.489887770921542653e+01,0.000000000000000000e+00
7.751612643360213895e+01,0.000000000000000000e+00
7.452112316920587887e+01,0.000000000000000000e+00
7.731668512403227567e+01,0.000000000000000000e+00
7.693079352926517345e+01,0.000000000000000000e+00
7.117154695673676201e+01,0.000000000000000000e+00
7.622099116418419840e+01,0.000000000000000000e+00
7.350744415252442820e+01,0.000000000000000000e+00
7.216188892314734460e+01,0.000000000000000000e+00
7.194099083287109409e+01,0.000000000000000000e+00
7.397753504251033974e+01,0.000000000000000000e+00
7.755588700384312517e+01,0.000000000000000000e+00
7.309304420116758649e+01,0.000000000000000000e+00
7.588005644882474598e+01,0.000000000000000000e+00
7.080475512991617393e+01,0.000000000000000000e+00
7.264647123422730601e+01,0.000000000000000000e+00
7.411855472728295524e+01,0.000000000000000000e+00
7.277649062845102890e+01,0.000000000000000000e+00
7.327357628564659819e+01,0.000000000000000000e+00
7.413799160141066125e+01,0.000000000000000000e+00
7.508558515089815444e+01,0.000000000000000000e+00
7.471022559542223007e+01,0.000000000000000000e+00
7.751991449890152808e+01,0.000000000000000000e+00
7.448731321111064574e+01,0.000000000000000000e+00
7.710664569630606024e+01,0.000000000000000000e+00
7.320817695352431542e+01,0.000000000000000000e+00
7.098184538106120556e+01,0.000000000000000000e+00
7.461587785454788957e+01,0.000000000000000000e+00
7.709106345829708573e+01,0.000000000000000000e+00
7.584280122771401977e+01,0.000000000000000000e+00
7.207798892720153106e+01,0.000000000000000000e+00
7.637661719301590324e+01,0.000000000000000000e+00
7.109941334431759685e+01,0.000000000000000000e+00
7.084861075032546296e+01,0.000000000000000000e+00
7.188956618036256430e+01,0.000000000000000000e+00
6.956421767900604891e+01,0.000000000000000000e+00
7.555808364002160715e+01,0.000000000000000000e+00
7.583980697599990606e+01,0.000000000000000000e+00
7.220746617529334799e+01,0.000000000000000000e+00
7.329676421974693312e+01,0.000000000000000000e+00
7.146271916473703811e+01,0.000000000000000000e+00
7.177617723900520730e+01,0.000000000000000000e+00
7.276951670887338253e+01,0.000000000000000000e+00
7.090804257960159873e+01,0.000000000000000000e+00
7.207491210749292065e+01,0.000000000000000000e+00
7.408776777428607829e+01,0.000000000000000000e+00
6.821866700238044245e+01,0.000000000000000000e+00
6.704333568682001498e+01,0.000000000000000000e+00
7.239473636276966317e+01,0.000000000000000000e+00
7.544080541394183115e+01,0.000000000000000000e+00
7.299601576600281305e+01,0.000000000000000000e+00
7.522079562023758115e+01,0.000000000000000000e+00
6.956248300370963022e+01,0.000000000000000000e+00
7.313071415706404821e+01,0.000000000000000000e+00
7.237730898833947890e+01,0.000000000000000000e+00
7.148706097503617229e+01,0.000000000000000000e+00
7.522161076220672271e+01,0.000000000000000000e+00
7.073012015934136798e+01,0.000000000000000000e+00
6.879016775550117302e+01,0.000000000000000000e+00
7.253147219730443851e+01,0.000000000000000000e+00
6.722910590915414275e+01,0.000000000000000000e+00
7.351107323658855819e+01,0.000000000000000000e+00
7.409304444621263031e+01,0.000000000000000000e+00
7.399537619687829704e+01,0.000000000000000000e+00
7.288635302040786712e+01,0.000000000000000000e+00
6.884576494519346568e+01,0.000000000000000000e+00
7.269733838372962964e+01,0.000000000000000000e+00
7.041992096933982737e+01,0.000000000000000000e+00
7.539353031615590339e+01,0.000000000000000000e+00
6.929475346192276675e+01,0.000000000000000000e+00
7.417897356192069935e+01,0.000000000000000000e+00
7.077090364509915332e+01,0.000000000000000000e+00
7.015090000754469202e+01,0.000000000000000000e+00
6.823781704006349003e+01,0.000000000000000000e+00
7.577835055743491921e+01,0.000000000000000000e+00
7.142953711518069326e+01,0.000000000000000000e+00
6.997970776373919932e+01,0.000000000000000000e+00
7.165599389071329028e+01,0.000000000000000000e+00
7.248909610577258888e+01,0.000000000000000000e+00
6.656362080971365458e+01,0.000000000000000000e+00
7.240173841685313505e+01,0.000000000000000000e+00
6.735117062421572598e+01,0.000000000000000000e+00
7.021402583770422723e+01,0.000000000000000000e+00
7.166932462823260153e+01,0.000000000000000000e+00
6.933587535748441155e+01,0.000000000000000000e+00
6.777212028564591151e+01,0.000000000000000000e+00
7.331466484276914741e+01,0.000000000000000000e+00
7.105450321618840803e+01,0.000000000000000000e+00
7.095776562879321148e+01,0.000000000000000000e+00
7.265976805930641547e+01,0.000000000000000000e+00
6.908424034809054604e+01,0.000000000000000000e+00
7.237054585307636501e+01,0.000000000000000000e+00
6.907474755250066778e+01,0.000000000000000000e+00
6.867296181185943738e+01,0.000000000000000000e+00
6.926318727089859806e+01,0.000000000000000000e+00
7.187997234698430304e+01,0.000000000000000000e+00
7.097164005980222612e+01,0.000000000000000000e+00
6.896076580273212642e+01,0.000000000000000000e+00
7.030470521537209549e+01,0.000000000000000000e+00
6.953404553854431924e+01,0.000000000000000000e+00
6.952822695274704756e+01,0.000000000000000000e+00
6.989336719905062978e+01,0.000000000000000000e+00
6.837404014173117162e+01,0.000000000000000000e+00
7.088086193486371656e+01,0.000000000000000000e+00
6.904038824494587345e+01,0.000000000000000000e+00
7.059431863773689031e+01,0.000000000000000000e+00
6.852670521723068475e+01,0.000000000000000000e+00
6.977334741647449334e+01,0.000000000000000000e+00
6.701982721924866837e+01,0.000000000000000000e+00
6.995940844434232986e+01,0.000000000000000000e+00
6.816182973796220779e+01,0.000000000000000000e+00
6.819511226441349550e+01,0.000000000000000000e+00
7.073231483724202917e+01,0.000000000000000000e+00
6.733079575799237659e+01,0.000000000000000000e+00
6.894453451919976317e+01,0.000000000000000000e+00
7.028583242322446267e+01,0.000000000000000000e+00
7.168233246482671461e+01,0.000000000000000000e+00
6.711489810684904000e+01,0.000000000000000000e+00
7.060493111179236791e+01,0.000000000000000000e+00
7.057586796735849077e+01,0.000000000000000000e+00
6.944613938396589958e+01,0.000000000000000000e+00
6.928304910517985604e+01,0.000000000000000000e+00
6.998300931650763346e+01,0.000000000000000000e+00
6.466262956162903208e+01,0.000000000000000000e+00
6.665030385566443272e+01,0.000000000000000000e+00
6.955257004521483566e+01,0.000000000000000000e+00
6.636744870498647231e+01,0.000000000000000000e+00
6.794717543939319171e+01,0.000000000000000000e+00
6.774180823228164172e+01,0.000000000000000000e+00
6.875572143465365116e+01,0.000000000000000000e+00
6.513307720671451762e+01,0.000000000000000000e+00
6.487731636987972195e+01,0.000000000000000000e+00
6.107758583699933297e+01,0.000000000000000000e+00
6.650944828885799609e+01,0.000000000000000000e+00
6.925890909978868137e+01,0.000000000000000000e+00
6.510345365143798801e+01,0.000000000000000000e+00
6.872470974391683285e+01,0.000000000000000000e+00
6.719086757024572876e+01,0.000000000000000000e+00
6.987731511767108827e+01,0.000000000000000000e+00
6.614330501443552635e+01,0.000000000000000000e+00
6.990279662313233189e+01,0.000000000000000000e+00
6.591706343306907456e+01,0.000000000000000000e+00
6.608920453916763904e+01,0.000000000000000000e+00
6.630367529597597809e+01,0.000000000000000000e+00
6.773364344825388628e+01,0.000000000000000000e+00
6.487059454269791559e+01,0.000000000000000000e+00
6.702930354297882332e+01,0.000000000000000000e+00
6.623045896565659518e+01,0.000000000000000000e+00
6.518702737533578784e+01,0.000000000000000000e+00
6.607858907239895530e+01,0.000000000000000000e+00
6.938274296803592733e+01,0.000000000000000000e+00
6.728187185809017024e+01,0.000000000000000000e+00
6.793163184871453097e+01,0.000000000000000000e+00
6.485279240963110681e+01,0.000000000000000000e+00
6.447920023396707734e+01,0.000000000000000000e+00
6.561329401114210214e+01,0.000000000000000000e+00
6.508701767728655341e+01,0.000000000000000000e+00
6.562615534635274628e+01,0.000000000000000000e+00
7.063238232184389176e+01,0.000000000000000000e+00
6.097435853990978671e+01,0.000000000000000000e+00
6.679496002468086147e+01,0.000000000000000000e+00
7.042773893227823123e+01,0.000000000000000000e+00
6.549081760411490905e+01,0.000000000000000000e+00
6.377176013454402437e+01,0.000000000000000000e+00
6.833928866399313051e+01,0.000000000000000000e+00
6.679538945564607388e+01,0.000000000000000000e+00
6.191949066571739735e+01,0.000000000000000000e+00
6.501302137659222069e+01,0.000000000000000000e+00
6.495976930625883483e+01,0.000000000000000000e+00
6.550562041500782584e+01,0.000000000000000000e+00
6.925870426962042359e+01,0.000000000000000000e+00
6.344381726991108650e+01,0.000000000000000000e+00
6.815916241864810843e+01,0.000000000000000000e+00
6.307542268617435610e+01,0.000000000000000000e+00
6.199080158171030064e+01,0.000000000000000000e+00
6.862264024202680446e+01,0.000000000000000000e+00
6.227840042309230739e+01,0.000000000000000000e+00
6.677013064595183778e+01,0.000000000000000000e+00
6.436513563094794677e+01,0.000000000000000000e+00
6.815324678322834018e+01,0.000000000000000000e+00
6.467170668437809411e+01,0.000000000000000000e+00
6.562119446864382155e+01,0.000000000000000000e+00
6.402770200910069320e+01,0.000000000000000000e+00
6.583869986932283780e+01,0.000000000000000000e+00
6.252814762888216649e+01,0.000000000000000000e+00
6.326268725361158829e+01,0.000000000000000000e+00
6.562330227343619526e+01,0.000000000000000000e+00
6.172090416946448954e+01,0.000000000000000000e+00
6.454868960045955362e+01,0.000000000000000000e+00
6.112504022783511459e+01,0.000000000000000000e+00
6.616796644429227570e+01,0.000000000000000000e+00
6.001067585408330984e+01,0.000000000000000000e+00
6.361579602331384109e+01,0.000000000000000000e+00
6.104438925032182084e+01,0.000000000000000000e+00
6.424177345903312641e+01,0.000000000000000000e+00
6.518472095402206890e+01,0.000000000000000000e+00
6.305345793618899108e+01,0.000000000000000000e+00
6.352028908729603529e+01,0.000000000000000000e+00
6.375652102913182517e+01,0.000000000000000000e+00
6.172355349865597418e+01,0.000000000000000000e+00
6.154066668192930223e+01,0.000000000000000000e+00
6.144985525399672355e+01,0.000000000000000000e+00
6.384865644122936601e+01,0.000000000000000000e+00
6.341508232729311345e+01,0.000000000000000000e+00
5.991936847706369207e+01,0.000000000000000000e+00
6.249129363130024473e+01,0.000000000000000000e+00
6.568011825080536426e+01,0.000000000000000000e+00
5.949879552570897090e+01,0.000000000000000000e+00
5.979706444954094025e+01,0.000000000000000000e+00
6.436379942694790657e+01,0.000000000000000000e+00
6.389793597983278772e+01,0.000000000000000000e+00
5.959972107399140384e+01,0.000000000000000000e+00
6.307963720897024729e+01,0.000000000000000000e+00
6.576602855583251994e+01,0.000000000000000000e+00
6.191492404206120170e+01,0.000000000000000000e+00
6.145299622702999187e+01,0.000000000000000000e+00
6.139937781006295126e+01,0.000000000000000000e+00
6.440337163775268436e+01,0.000000000000000000e+00
6.532247076405546693e+01,0.000000000000000000e+00
6.031739622504778708e+01,0.000000000000000000e+00
5.969113562708555065e+01,0.000000000000000000e+00
6.263911999469736003e+01,0.000000000000000000e+00
5.763886100877732588e+01,0.000000000000000000e+00
6.460065940137063478e+01,0.000000000000000000e+00
6.321302500965555282e+01,0.000000000000000000e+00
6.093473675288942815e+01,0.000000000000000000e+00
6.022887336942486769e+01,0.000000000000000000e+00
5.894142717149106403e+01,0.000000000000000000e+00
6.060905089412341340e+01,0.000000000000000000e+00
6.258895519864641699e+01,0.000000000000000000e+00
5.912577651984831562e+01,0.000000000000000000e+00
6.091164746103419247e+01,0.000000000000000000e+00
6.007743670545738723e+01,0.000000000000000000e+00
5.960422422730379566e+01,0.000000000000000000e+00
6.274003371344232249e+01,0.000000000000000000e+00
6.284946872987504207e+01,0.000000000000000000e+00
6.125441331616215734e+01,0.000000000000000000e+00
6.390057979447909275e+01,0.000000000000000000e+00
6.129170213464408334e+01,0.000000000000000000e+00
6.119382845983673747e+01,0.000000000000000000e+00
6.469394289939369003e+01,0.000000000000000000e+00
5.861298409998944692e+01,0.000000000000000000e+00
6.098648281834483242e+01,0.000000000000000000e+00
6.472315365895828165e+01,0.000000000000000000e+00
5.937702428792550080e+01,0.000000000000000000e+00
5.860437270451479463e+01,0.000000000000000000e+00
5.740198824527839605e+01,0.000000000000000000e+00
5.964066529019137164e+01,0.000000000000000000e+00
5.990491479864405733e+01,0.000000000000000000e+00
5.995088192799163807e+01,0.000000000000000000e+00
6.035087518731875633e+01,0.000000000000000000e+00
5.914567337486418808e+01,0.000000000000000000e+00
5.946142377095097231e+01,0.000000000000000000e+00
5.589176912347424064e+01,0.000000000000000000e+00
5.682380878384221035e+01,0.000000000000000000e+00
5.861072609781412979e+01,0.000000000000000000e+00
5.724831307558419269e+01,0.000000000000000000e+00
5.977893398338589037e+01,0.000000000000000000e+00
6.028852270537122138e+01,0.000000000000000000e+00
5.913570844883308553e+01,0.000000000000000000e+00
5.833037256505679125e+01,0.000000000000000000e+00
5.785467461995748550e+01,0.000000000000000000e+00
6.117187048191404131e+01,0.000000000000000000e+00
5.920209319594786734e+01,0.000000000000000000e+00
5.496976997316401281e+01,0.000000000000000000e+00
5.570818603100510558e+01,0.000000000000000000e+00
5.689276931735621901e+01,0.000000000000000000e+00
5.964729949921419205e+01,0.000000000000000000e+00
5.844358246141190705e+01,0.000000000000000000e+00
5.654991994598014315e+01,0.000000000000000000e+00
5.425558756588166176e+01,0.000000000000000000e+00
5.824093404882703595e+01,0.000000000000000000e+00
5.606066971497943285e+01,0.000000000000000000e+00
5.826269956905443337e+01,0.000000000000000000e+00
5.698834551446066143e+01,0.000000000000000000e+00
5.503758826791608527e+01,0.000000000000000000e+00
5.844645671119750574e+01,0.000000000000000000e+00
5.487122541268691123e+01,0.000000000000000000e+00
5.613181695432674445e+01,0.000000000000000000e+00
5.626039174963788270e+01,0.000000000000000000e+00
5.666902105343595508e+01,0.000000000000000000e+00
5.529010207520556719e+01,0.000000000000000000e+00
5.697227691552401296e+01,0.000000000000000000e+00
5.354896439663592389e+01,0.000000000000000000e+00
5.647661199192297943e+01,0.000000000000000000e+00
5.439490268131761042e+01,0.000000000000000000e+00
5.789325069318596917e+01,0.000000000000000000e+00
6.071264081489694320e+01,0.000000000000000000e+00
5.595901664054166247e+01,0.000000000000000000e+00
5.612531954959402469e+01,0.000000000000000000e+00
5.419585568562838773e+01,0.000000000000000000e+00
5.862454930982588763e+01,0.000000000000000000e+00
5.465942853162769666e+01,0.000000000000000000e+00
5.827775445845024649e+01,0.000000000000000000e+00
5.343601080444273066e+01,0.000000000000000000e+00
5.985131313668259878e+01,0.000000000000000000e+00
5.349834990595550721e+01,0.000000000000000000e+00
5.723503221766315363e+01,0.000000000000000000e+00
5.518613145816750887e+01,0.000000000000000000e+00
5.580942211921838236e+01,0.000000000000000000e+00
5.342451745565287524e+01,0.000000000000000000e+00
5.537016022514536218e+01,0.000000000000000000e+00
5.691247311237173534e+01,0.000000000000000000e+00
5.946797361639988111e+01,0.000000000000000000e+00
5.700851749801455526e+01,0.000000000000000000e+00
5.355855968981373394e+01,0.000000000000000000e+00
5.644335476379613681e+01,0.000000000000000000e+00
5.291615801534404540e+01,0.000000000000000000e+00
5.316133772272122826e+01,0.000000000000000000e+00
5.555587346735809717e+01,0.000000000000000000e+00
5.139140816752795615e+01,0.000000000000000000e+00
5.615521758890846371e+01,0.000000000000000000e+00
5.624900538191692334e+01,0.000000000000000000e+00
5.620490168812230536e+01,0.000000000000000000e+00
5.397864602959676006e+01,0.000000000000000000e+00
5.408681322717220752e+01,0.000000000000000000e+00
5.318392786726727195e+01,0.000000000000000000e+00
5.292911887497303525e+01,0.000000000000000000e+00
5.372251683198587102e+01,0.000000000000000000e+00
5.222529243063370075e+01,0.000000000000000000e+00
5.301651394328455069e+01,0.000000000000000000e+00
5.132271012901895091e+01,0.000000000000000000e+00
5.521652175135270824e+01,0.000000000000000000e+00
5.304193189048278612e+01,0.000000000000000000e+00
5.518046737845351402e+01,0.000000000000000000e+00
5.353769520599860954e+01,0.000000000000000000e+00
5.186940245157136076e+01,0.000000000000000000e+00
5.337137296790984919e+01,0.000000000000000000e+00
5.228443692012581323e+01,0.000000000000000000e+00
5.186214678059617000e+01,0.000000000000000000e+00
5.176042837195334556e+01,0.000000000000000000e+00
5.286755175110400273e+01,0.000000000000000000e+00
5.393679555967213446e+01,0.000000000000000000e+00
5.082218915500516232e+01,0.000000000000000000e+00
5.197417659315364347e+01,0.000000000000000000e+00
5.263455770663757960e+01,0.000000000000000000e+00
4.986541933894035594e+01,0.000000000000000000e+00
4.887097892622087869e+01,0.000000000000000000e+00
5.155984211122549254e+01,0.000000000000000000e+00
4.949831304918277652e+01,0.000000000000000000e+00
5.369564657758801474e+01,0.000000000000000000e+00
5.029958311082507549e+01,0.000000000000000000e+00
5.048888633268419568e+01,0.000000000000000000e+00
5.194486798501915104e+01,0.000000000000000000e+00
5.242658935292509170e+01,0.000000000000000000e+00
5.113563231734041636e+01,0.000000000000000000e+00
5.128169348661523230e+01,0.000000000000000000e+00
5.018513215565317154e+01,0.000000000000000000e+00
5.370030013266501356e+01,0.000000000000000000e+00
5.222197019458445055e+01,0.000000000000000000e+00
5.470829425179181271e+01,0.000000000000000000e+00
5.114997578794505273e+01,0.000000000000000000e+00
4.839441142449972233e+01,0.000000000000000000e+00
5.208609428513339878e+01,0.000000000000000000e+00
5.156545017242461881e+01,0.000000000000000000e+00
5.345552673608339234e+01,0.000000000000000000e+00
5.140454115374490129e+01,0.000000000000000000e+00
5.034385753500044558e+01,0.000000000000000000e+00
4.702150064723911527e+01,0.000000000000000000e+00
5.009206501875110717e+01,0.000000000000000000e+00
5.127321786308372964e+01,0.000000000000000000e+00
4.910158925005212893e+01,0.000000000000000000e+00
5.396787810234006599e+01,0.000000000000000000e+00
5.186976649554914331e+01,0.000000000000000000e+00
5.086232973760698428e+01,0.000000000000000000e+00
4.782778177071755721e+01,0.000000000000000000e+00
5.172044135100062334e+01,0.000000000000000000e+00
4.775088614388453578e+01,0.000000000000000000e+00
5.128108187345804225e+01,0.000000000000000000e+00
4.902491982111930469e+01,0.000000000000000000e+00
4.829361979540677652e+01,0.000000000000000000e+00
5.274181929331717811e+01,0.000000000000000000e+00
4.957607741583009897e+01,0.000000000000000000e+00
5.100488543518531515e+01,0.000000000000000000e+00
4.880335066042768943e+01,0.000000000000000000e+00
5.081368889595263028e+01,0.000000000000000000e+00
5.227595523506541042e+01,0.000000000000000000e+00
4.929940696960636615e+01,0.000000000000000000e+00
4.608125268415082587e+01,0.000000000000000000e+00
5.010401835604110943e+01,0.000000000000000000e+00
4.883507220359687295e+01,0.000000000000000000e+00
5.002583696515416989e+01,0.000000000000000000e+00
4.899969862834736034e+01,0.000000000000000000e+00
4.644130924404722549e+01,0.000000000000000000e+00
4.962108469728349291e+01,0.000000000000000000e+00
4.603614977555207588e+01,0.000000000000000000e+00
4.724509646871776170e+01,0.000000000000000000e+00
5.035189523853967586e+01,0.000000000000000000e+00
4.719092409855024073e+01,0.000000000000000000e+00
4.695292426463558400e+01,0.000000000000000000e+00
4.935179974786340296e+01,0.000000000000000000e+00
4.692540630681629210e+01,0.000000000000000000e+00
4.841715963593774319e+01,0.000000000000000000e+00
5.069936185361566316e+01,0.000000000000000000e+00
4.838161222635172720e+01,0.000000000000000000e+00
4.891511700817351027e+01,0.000000000000000000e+00
4.686616543081916575e+01,0.000000000000000000e+00
4.973305586022107860e+01,0.000000000000000000e+00
4.794621414079367838e+01,0.000000000000000000e+00
4.796798394038064117e+01,0.000000000000000000e+00
4.625889383033781854e+01,0.000000000000000000e+00
4.671350311460125226e+01,0.000000000000000000e+00
4.733098097969889295e+01,0.000000000000000000e+00
4.554673301172461208e+01,0.000000000000000000e+00
4.568565544591272243e+01,0.000000000000000000e+00
4.387962385580691915e+01,0.000000000000000000e+00
4.904304165563692663e+01,0.000000000000000000e+00
4.694869998307595438e+01,0.000000000000000000e+00
4.862866835236010843e+01,0.000000000000000000e+00
4.689728815612930646e+01,0.000000000000000000e+00
4.619333070100151417e+01,0.000000000000000000e+00
4.343162111849572682e+01,0.000000000000000000e+00
5.001187081895649555e+01,0.000000000000000000e+00
4.447460367280667981e+01,0.000000000000000000e+00
5.198152264994054406e+01,0.000000000000000000e+00
4.534083985624860702e+01,0.000000000000000000e+00
4.764706436407642798e+01,0.000000000000000000e+00
4.768283411191864474e+01,0.000000000000000000e+00
4.567762102096951082e+01,0.000000000000000000e+00
4.822509913812216809e+01,0.000000000000000000e+00
4.631148860557263447e+01,0.000000000000000000e+00
4.798901356246223315e+01,0.000000000000000000e+00
4.347696084201069056e+01,0.000000000000000000e+00
4.851610461680657238e+01,0.000000000000000000e+00
4.943265258111516403e+01,0.000000000000000000e+00
4.538050886850421506e+01,0.000000000000000000e+00
4.196557081822790991e+01,0.000000000000000000e+00
4.359230661098894899e+01,0.000000000000000000e+00
4.345140513645399949e+01,0.000000000000000000e+00
4.415091697213628663e+01,0.000000000000000000e+00
4.360767042501700530e+01,0.000000000000000000e+00
4.192842654332391561e+01,0.000000000000000000e+00
4.234268986050862793e+01,0.000000000000000000e+00
4.240455291063396004e+01,0.000000000000000000e+00
4.497293963437085296e+01,0.000000000000000000e+00
4.278637129908016590e+01,0.000000000000000000e+00
4.371635925022668090e+01,0.000000000000000000e+00
4.388655880778568275e+01,0.000000000000000000e+00
4.078489651023438967e+01,0.000000000000000000e+00
4.505334375531163715e+01,0.000000000000000000e+00
4.628859700232656138e+01,0.000000000000000000e+00
3.871347521013623094e+01,0.000000000000000000e+00
4.305215952834323900e+01,0.000000000000000000e+00
4.069267774617821942e+01,0.000000000000000000e+00
4.373649433955836940e+01,0.000000000000000000e+00
4.201135394981216820e+01,0.000000000000000000e+00
4.580385645633761271e+01,0.000000000000000000e+00
4.127721342809200422e+01,0.000000000000000000e+00
4.366148522436346013e+01,0.000000000000000000e+00
4.004286602198090605e+01,0.000000000000000000e+00
4.197322946403862431e+01,0.000000000000000000e+00
4.275265589445519510e+01,0.000000000000000000e+00
4.725699886283247508e+01,0.000000000000000000e+00
4.515771151353693824e+01,0.000000000000000000e+00
4.480320668576502641e+01,0.000000000000000000e+00
4.329999225388827711e+01,0.000000000000000000e+00
4.273501071148996999e+01,0.000000000000000000e+00
4.279832732007986351e+01,0.000000000000000000e+00
4.263562265965254028e+01,0.000000000000000000e+00
4.444939215566596857e+01,0.000000000000000000e+00
4.165156253714188495e+01,0.000000000000000000e+00
4.292781346753080385e+01,0.000000000000000000e+00
4.228242738464998496e+01,0.000000000000000000e+00
4.445276733949525294e+01,0.000000000000000000e+00
4.185002520799036319e+01,0.000000000000000000e+00
3.907556828534949034e+01,0.000000000000000000e+00
4.049018097713803854e+01,0.000000000000000000e+00
4.414713610999047688e+01,0.000000000000000000e+00
4.101023015557612439e+01,0.000000000000000000e+00
4.123717394798730851e+01,0.000000000000000000e+00
4.288757283853642122e+01,0.000000000000000000e+00
3.883219890057863211e+01,0.000000000000000000e+00
4.111961889478324395e+01,0.000000000000000000e+00
3.850074191402273271e+01,0.000000000000000000e+00
4.179258924674665820e+01,0.000000000000000000e+00
4.185214735651688756e+01,0.000000000000000000e+00
4.279165321587174731e+01,0.000000000000000000e+00
4.173947261798832642e+01,0.000000000000000000e+00
3.694696354761266832e+01,0.000000000000000000e+00
4.023981303747360982e+01,0.000000000000000000e+00
3.933833236511336651e+01,0.000000000000000000e+00
4.130430573707135267e+01,0.000000000000000000e+00
3.778204919799711092e+01,0.000000000000000000e+00
3.944292373418530673e+01,0.000000000000000000e+00
4.190868830756243568e+01,0.000000000000000000e+00
3.772400508401776875e+01,0.000000000000000000e+00
4.001158809545950135e+01,0.000000000000000000e+00
4.171021118455782073e+01,0.000000000000000000e+00
4.399857817590595488e+01,0.000000000000000000e+00
4.204729661037571731e+01,0.000000000000000000e+00
3.849769481505551738e+01,0.000000000000000000e+00
3.889486718666366727e+01,0.000000000000000000e+00
3.821068456813270586e+01,0.000000000000000000e+00
3.935355463169019430e+01,0.000000000000000000e+00
3.849393613381574397e+01,0.000000000000000000e+00
3.850072611875249606e+01,0.000000000000000000e+00
4.007468050824272154e+01,0.000000000000000000e+00
3.639540014252831668e+01,0.000000000000000000e+00
4.080076767101882496e+01,0.000000000000000000e+00
3.876130329993885226e+01,0.000000000000000000e+00
3.598008040819996012e+01,0.000000000000000000e+00
3.882624337760481126e+01,0.000000000000000000e+00
3.913664900916727873e+01,0.000000000000000000e+00
3.952509146974333021e+01,0.000000000000000000e+00
3.906558027308199854e+01,0.000000000000000000e+00
3.885001854579326164e+01,0.000000000000000000e+00
3.844899317481467449e+01,0.000000000000000000e+00
3.931558775585526178e+01,0.000000000000000000e+00
3.718871370237869201e+01,0.000000000000000000e+00
3.624457431382931816e+01,0.000000000000000000e+00
3.603446109141998477e+01,0.000000000000000000e+00
4.186995151397352544e+01,0.000000000000000000e+00
4.015809952345917111e+01,0.000000000000000000e+00
3.933484397531882593e+01,0.000000000000000000e+00
3.753612475820261096e+01,0.000000000000000000e+00
3.725245887053717553e+01,0.000000000000000000e+00
3.752077249289034455e+01,0.000000000000000000e+00
3.409494192500805809e+01,0.000000000000000000e+00
3.839614622659738075e+01,0.000000000000000000e+00
3.301511669958744477e+01,0.000000000000000000e+00
3.832728067004347849e+01,0.000000000000000000e+00
3.799705792992304509e+01,0.000000000000000000e+00
3.394692261776698672e+01,0.000000000000000000e+00
3.654578745661228112e+01,0.000000000000000000e+00
3.554608479044639324e+01,0.000000000000000000e+00
3.818217043773427122e+01,0.000000000000000000e+00
3.339517221103598388e+01,0.000000000000000000e+00
4.017199846937928243e+01,0.000000000000000000e+00
3.701254077312355406e+01,0.000000000000000000e+00
3.838906458115484099e+01,0.000000000000000000e+00
3.847217453682470989e+01,0.000000000000000000e+00
3.269968414086162056e+01,0.000000000000000000e+00
3.670283439205198306e+01,0.000000000000000000e+00
3.496115839808668824e+01,0.000000000000000000e+00
3.301705678401146571e+01,0.000000000000000000e+00
3.696641855004752131e+01,0.000000000000000000e+00
3.688468407688960582e+01,0.000000000000000000e+00
3.566972070463387467e+01,0.000000000000000000e+00
3.738877313005882286e+01,0.000000000000000000e+00
3.577664006680061703e+01,0.000000000000000000e+00
3.714402479894332032e+01,0.000000000000000000e+00
3.616859013788516819e+01,0.000000000000000000e+00
3.888233776137880682e+01,0.000000000000000000e+00
3.621301674694424122e+01,0.000000000000000000e+00
3.295716392389699223e+01,0.000000000000000000e+00
3.556355789064623707e+01,0.000000000000000000e+00
3.712192795017723057e+01,0.000000000000000000e+00
3.456776712384900208e+01,0.000000000000000000e+00
3.771622646305522863e+01,0.000000000000000000e+00
3.575627850183775536e+01,0.000000000000000000e+00
3.780971375435844095e+01,0.000000000000000000e+00
3.748596470020271454e+01,0.000000000000000000e+00
3.455484336025044456e+01,0.000000000000000000e+00
3.435796319691191769e+01,0.000000000000000000e+00
3.613670028613643836e+01,0.000000000000000000e+00
3.535638811788631131e+01,0.000000000000000000e+00
3.354295044308279472e+01,0.000000000000000000e+00
3.718417385382183227e+01,0.000000000000000000e+00
3.421391498307058043e+01,0.000000000000000000e+00
3.280252787254717362e+01,0.000000000000000000e+00
3.381057053793654887e+01,0.000000000000000000e+00
3.389748708215289241e+01,0.000000000000000000e+00
3.577189639703967572e+01,0.000000000000000000e+00
3.810886132705788754e+01,0.000000000000000000e+00
3.456891876597627800e+01,0.000000000000000000e+00
3.096931911534468895e+01,0.000000000000000000e+00
3.526708680993795042e+01,0.000000000000000000e+00
3.209811808300176494e+01,0.000000000000000000e+00
3.633140957624044631e+01,0.000000000000000000e+00
3.261525124053709135e+01,0.000000000000000000e+00
3.472761070092043667e+01,0.000000000000000000e+00
3.098604779081380300e+01,0.000000000000000000e+00
3.407592677061579423e+01,0.000000000000000000e+00
3.693503843382693219e+01,0.000000000000000000e+00
3.556070418168402369e+01,0.000000000000000000e+00
3.205433969928997584e+01,0.000000000000000000e+00
3.440391137343093675e+01,0.000000000000000000e+00
3.587072309577447271e+01,0.000000000000000000e+00
3.394608759930345343e+01,0.000000000000000000e+00
3.151184950120882178e+01,0.000000000000000000e+00
3.349438644445509539e+01,0.000000000000000000e+00
3.067252152073049132e+01,0.000000000000000000e+00
3.135706768180118686e+01,0.000000000000000000e+00
3.294848230029417380e+01,0.000000000000000000e+00
3.043389011373609776e+01,0.000000000000000000e+00
3.445029509423950032e+01,0.000000000000000000e+00
3.456249491787539796e+01,0.000000000000000000e+00
3.451983702680328747e+01,0.000000000000000000e+00
3.341743634169692712e+01,0.000000000000000000e+00
3.145279509049749933e+01,0.000000000000000000e+00
3.515161515797775138e+01,0.000000000000000000e+00
3.372625151187266113e+01,0.000000000000000000e+00
3.031749388532120548e+01,0.000000000000000000e+00
3.462846925446829971e+01,0.000000000000000000e+00
3.448577144215398249e+01,0.000000000000000000e+00
3.365841519984618202e+01,0.000000000000000000e+00
3.446594938874917347e+01,0.000000000000000000e+00
2.978871577534664539e+01,0.000000000000000000e+00
3.270155669225319173e+01,0.000000000000000000e+00
3.346642941470972943e+01,0.000000000000000000e+00
3.103728314105793373e+01,0.000000000000000000e+00
3.446311315076288651e+01,0.000000000000000000e+00
3.359865706976616195e+01,0.000000000000000000e+00
3.121810544094326900e+01,0.000000000000000000e+00
3.020949706681620484e+01,0.000000000000000000e+00
3.374421091896009983e+01,0.000000000000000000e+00
3.244751884179378720e+01,0.000000000000000000e+00
2.923456468873495950e+01,0.000000000000000000e+00
2.947544334430884305e+01,0.000000000000000000e+00
2.830200257724912660e+01,0.000000000000000000e+00
3.208481443044610160e+01,0.000000000000000000e+00
2.878888556524777798e+01,0.000000000000000000e+00
2.712404037123478417e+01,0.000000000000000000e+00
3.115457006629110381e+01,0.000000000000000000e+00
2.712657469705929358e+01,0.000000000000000000e+00
3.072330254832956697e+01,0.000000000000000000e+00
2.972932171976646032e+01,0.000000000000000000e+00
3.607131581755089655e+01,0.000000000000000000e+00
3.165730470798611407e+01,0.000000000000000000e+00
3.307420344863869843e+01,0.000000000000000000e+00
2.614736766766574405e+01,0.000000000000000000e+00
2.899663738012918301e+01,0.000000000000000000e+00
3.211440107003511457e+01,0.000000000000000000e+00
3.186222062274200084e+01,0.000000000000000000e+00
3.268670505828951889e+01,0.000000000000000000e+00
3.148345648790632367e+01,0.000000000000000000e+00
2.688010040520421740e+01,0.000000000000000000e+00
3.224370755227592866e+01,0.000000000000000000e+00
3.126198707672078569e+01,0.000000000000000000e+00
3.125333758083957036e+01,0.000000000000000000e+00
2.892573097998115372e+01,0.000000000000000000e+00
2.964496571518101931e+01,0.000000000000000000e+00
2.831788410982724002e+01,0.000000000000000000e+00
3.005864634645478262e+01,0.000000000000000000e+00
2.712264233589240092e+01,0.000000000000000000e+00
3.197295747768892582e+01,0.000000000000000000e+00
2.680228177275525425e+01,0.000000000000000000e+00
3.101349842205205931e+01,0.000000000000000000e+00
2.802734156784330821e+01,0.000000000000000000e+00
3.102653232416572848e+01,0.000000000000000000e+00
3.090806195583314064e+01,0.000000000000000000e+00
2.763732703567075077e+01,0.000000000000000000e+00
2.870055904527893276e+01,0.000000000000000000e+00
3.033410925621409859e+01,0.000000000000000000e+00
3.173891812803318402e+01,0.000000000000000000e+00
2.919090481875893062e+01,0.000000000000000000e+00
2.699777679712815015e+01,0.000000000000000000e+00
3.269933712393459757e+01,0.000000000000000000e+00
2.961202550317495863e+01,0.000000000000000000e+00
2.773311690809054753e+01,0.000000000000000000e+00
2.673561343316960759e+01,0.000000000000000000e+00
3.229275314553051146e+01,0.000000000000000000e+00
2.619609645963228317e+01,0.000000000000000000e+00
2.882016338588865167e+01,0.000000000000000000e+00
2.808045403757348168e+01,0.000000000000000000e+00
2.541965478853168037e+01,0.000000000000000000e+00
2.958701198569173130e+01,0.000000000000000000e+00
2.715807679988846246e+01,0.000000000000000000e+00
2.807291439649804232e+01,0.000000000000000000e+00
3.033675959127247879e+01,0.000000000000000000e+00
2.979355264577785789e+01,0.000000000000000000e+00
2.591134115441816732e+01,0.000000000000000000e+00
2.668818711742712324e+01,0.000000000000000000e+00
2.843838595931696744e+01,0.000000000000000000e+00
2.998358096901173653e+01,0.000000000000000000e+00
2.873125657108213815e+01,0.000000000000000000e+00
2.913484646418019253e+01,0.000000000000000000e+00
2.822581159915230486e+01,0.000000000000000000e+00
2.787186522002000899e+01,0.000000000000000000e+00
2.745106929684277119e+01,0.000000000000000000e+00
2.684781078275862853e+01,0.000000000000000000e+00
2.643761533044959222e+01,0.000000000000000000e+00
2.347230636043942553e+01,0.000000000000000000e+00
3.051899867811447109e+01,0.000000000000000000e+00
2.203622401270767384e+01,0.000000000000000000e+00
2.664774799876821021e+01,0.000000000000000000e+00
2.421240858808879537e+01,0.000000000000000000e+00
3.051196941137156671e+01,0.000000000000000000e+00
2.729261293722819559e+01,0.000000000000000000e+00
2.847747894076861286e+01,0.000000000000000000e+00
2.902540431954374611e+01,0.000000000000000000e+00
2.847260823421110487e+01,0.000000000000000000e+00
2.724733471006749852e+01,0.000000000000000000e+00
2.982372537512940269e+01,0.000000000000000000e+00
2.396399939572392412e+01,0.000000000000000000e+00
2.361489552588679786e+01,0.000000000000000000e+00
2.325967585392380599e+01,0.000000000000000000e+00
2.620762944029002028e+01,0.000000000000000000e+00
2.490784845115824453e+01,0.000000000000000000e+00
2.615636947029376103e+01,0.000000000000000000e+00
2.846105774834813928e+01,0.000000000000000000e+00
2.589248245211545907e+01,0.000000000000000000e+00
2.647304466487875274e+01,0.000000000000000000e+00
2.469859923298431781e+01,0.000000000000000000e+00
2.341998084999622520e+01,0.000000000000000000e+00
2.596785399767081515e+01,0.000000000000000000e+00
2.529440917634197206e+01,0.000000000000000000e+00
2.864157686588798768e+01,0.000000000000000000e+00
2.739295422139600333e+01,0.000000000000000000e+00
2.779726011429757193e+01,0.000000000000000000e+00
2.745779883917168362e+01,0.000000000000000000e+00
2.591236727344196922e+01,0.000000000000000000e+00
2.750652131091997532e+01,0.000000000000000000e+00
2.983058198447252707e+01,0.000000000000000000e+00
2.948416854763658534e+01,0.000000000000000000e+00
2.316268381607545024e+01,0.000000000000000000e+00
2.468951283794456941e+01,0.000000000000000000e+00
2.759625404170335372e+01,0.000000000000000000e+00
2.421006279171430720e+01,0.000000000000000000e+00
2.474755457481657217e+01,0.000000000000000000e+00
2.560188609352549705e+01,0.000000000000000000e+00
2.272525740738795008e+01,0.000000000000000000e+00
2.571019147072970057e+01,0.000000000000000000e+00
2.645339047251016495e+01,0.000000000000000000e+00
2.433444313284710958e+01,0.000000000000000000e+00
2.600211192538215599e+01,0.000000000000000000e+00
2.428902732740105108e+01,0.000000000000000000e+00
2.273803778643889117e+01,0.000000000000000000e+00
2.627133740997480871e+01,0.000000000000000000e+00
2.555096507240665105e+01,0.000000000000000000e+00
2.348758823188154565e+01,0.000000000000000000e+00
2.791805957784868752e+01,0.000000000000000000e+00
2.332085048003402505e+01,0.000000000000000000e+00
2.422328681071917345e+01,0.000000000000000000e+00
2.370329039106298907e+01,0.000000000000000000e+00
2.351795593140625940e+01,0.000000000000000000e+00
2.449544409279051749e+01,0.000000000000000000e+00
2.120360561292134349e+01,0.000000000000000000e+00
2.905136325322757429e+01,0.000000000000000000e+00
2.855753352747689533e+01,0.000000000000000000e+00
2.526304937062890232e+01,0.000000000000000000e+00
2.132430224831907495e+01,0.000000000000000000e+00
2.662421288284185650e+01,0.000000000000000000e+00
2.499340908134858452e+01,0.000000000000000000e+00
2.576789774014705969e+01,0.000000000000000000e+00
1.953465043528775169e+01,0.000000000000000000e+00
2.151775787295395048e+01,0.000000000000000000e+00
2.106608129612056501e+01,0.000000000000000000e+00
2.847491600298194925e+01,0.000000000000000000e+00
2.707248937674944855e+01,0.000000000000000000e+00
2.662333187276290758e+01,0.000000000000000000e+00
2.560112262762187996e+01,0.000000000000000000e+00
2.522175036180837537e+01,0.000000000000000000e+00
2.734947714736308910e+01,0.000000000000000000e+00
2.469030277497320469e+01,0.000000000000000000e+00
2.098146822986979387e+01,0.000000000000000000e+00
2.495578188534785724e+01,0.000000000000000000e+00
2.481898208167737607e+01,0.000000000000000000e+00
2.235560552409405588e+01,0.000000000000000000e+00
2.747228464568197381e+01,0.000000000000000000e+00
2.314923081806840344e+01,0.000000000000000000e+00
2.579291196954795495e+01,0.000000000000000000e+00
2.185182025094011848e+01,0.000000000000000000e+00
2.366251059827961001e+01,0.000000000000000000e+00
2.657984174813566369e+01,0.000000000000000000e+00
2.232266213699838175e+01,0.000000000000000000e+00
2.255491426094637575e+01,0.000000000000000000e+00
2.254477437812430551e+01,0.000000000000000000e+00
2.273651371120448061e+01,0.000000000000000000e+00
2.360151039800753026e+01,0.000000000000000000e+00
2.152794233303464466e+01,0.000000000000000000e+00
2.290025674655920440e+01,0.000000000000000000e+00
2.508150838489343215e+01,0.000000000000000000e+00
2.476634973682240926e+01,0.000000000000000000e+00
2.397674564687153165e+01,0.000000000000000000e+00
2.462495166024331184e+01,0.000000000000000000e+00
2.330920614348011100e+01,0.000000000000000000e+00
2.739319712291056774e+01,0.000000000000000000e+00
2.384770814387210791e+01,0.000000000000000000e+00
2.481806695853574851e+01,0.000000000000000000e+00
2.193129402085504509e+01,0.000000000000000000e+00
2.571785639513228006e+01,0.000000000000000000e+00
2.456653126378770935e+01,0.000000000000000000e+00
2.123216677283393850e+01,0.000000000000000000e+00
2.227749271218103644e+01,0.000000000000000000e+00
2.267774910694776125e+01,0.000000000000000000e+00
2.349221465461054947e+01,0.000000000000000000e+00
2.114354335135979923e+01,0.000000000000000000e+00
2.129223879819598153e+01,0.000000000000000000e+00
2.826633451336477876e+01,0.000000000000000000e+00
2.473028045163472655e+01,0.000000000000000000e+00
2.278917476202851589e+01,0.000000000000000000e+00
2.271733205340614248e+01,0.000000000000000000e+00
2.097676039908379764e+01,0.000000000000000000e+00
2.201423683797755615e+01,0.000000000000000000e+00
2.160093038286608191e+01,0.000000000000000000e+00
1.945333571746160573e+01,0.000000000000000000e+00
2.816951048268883540e+01,0.000000000000000000e+00
2.463840223724820788e+01,0.000000000000000000e+00
2.512536344342531436e+01,0.000000000000000000e+00
2.342458555691395716e+01,0.000000000000000000e+00
2.472471764562064322e+01,0.000000000000000000e+00
2.204474398133699609e+01,0.000000000000000000e+00
1.932292701720993477e+01,0.000000000000000000e+00
2.314676669930200603e+01,0.000000000000000000e+00
2.435061664444649665e+01,0.000000000000000000e+00
2.471982719488352842e+01,0.000000000000000000e+00
2.101773996862501193e+01,0.000000000000000000e+00
2.316992229064172548e+01,0.000000000000000000e+00
2.361707008095153526e+01,0.000000000000000000e+00
1.991228797089425484e+01,0.000000000000000000e+00
2.002389292464108195e+01,0.000000000000000000e+00
2.436872189998561566e+01,0.000000000000000000e+00
2.256647248919802351e+01,0.000000000000000000e+00
1.880439150425461747e+01,0.000000000000000000e+00
2.306473596192861208e+01,0.000000000000000000e+00
2.011707872622715598e+01,0.000000000000000000e+00
2.209489756092204260e+01,0.000000000000000000e+00
2.203571743059238486e+01,0.000000000000000000e+00
2.258481942215334115e+01,0.000000000000000000e+00
1.679268032388496579e+01,0.000000000000000000e+00
1.962828238300988914e+01,0.000000000000000000e+00
2.272362260630457698e+01,0.000000000000000000e+00
2.203942640175429801e+01,0.000000000000000000e+00
2.503634624793640029e+01,0.000000000000000000e+00
2.451826980260564426e+01,0.000000000000000000e+00
2.261781840466078464e+01,0.000000000000000000e+00
2.132332756062872292e+01,0.000000000000000000e+00
1.989439897513577904e+01,0.000000000000000000e+00
1.958302068302042542e+01,0.000000000000000000e+00
2.165818680560504816e+01,0.000000000000000000e+00
2.222572693118925713e+01,0.000000000000000000e+00
1.949553822828953997e+01,0.000000000000000000e+00
1.960763932159047940e+01,0.000000000000000000e+00
2.230543089913441079e+01,0.000000000000000000e+00
2.213205360285702028e+01,0.000000000000000000e+00
2.234416639993401432e+01,0.000000000000000000e+00
2.237175140476039559e+01,0.000000000000000000e+00
2.645074927568208523e+01,0.000000000000000000e+00
2.025549489141239690e+01,0.000000000000000000e+00
2.153494950347760906e+01,0.000000000000000000e+00
2.008531947519015048e+01,0.000000000000000000e+00
1.990405521948804335e+01,0.000000000000000000e+00
2.209392421836167486e+01,0.000000000000000000e+00
2.265622516134269304e+01,0.000000000000000000e+00
1.988723347873185787e+01,0.000000000000000000e+00
2.041543415861815802e+01,0.000000000000000000e+00
2.262136891623211810e+01,0.000000000000000000e+00
2.344536444609946457e+01,0.000000000000000000e+00
1.975345094125307810e+01,0.000000000000000000e+00
1.871163176322568589e+01,0.000000000000000000e+00
2.105903847986584765e+01,0.000000000000000000e+00
1.933607826065481561e+01,0.000000000000000000e+00
2.260166034564592508e+01,0.000000000000000000e+00
2.194422821603470553e+01,0.000000000000000000e+00
2.426666595952766059e+01,0.000000000000000000e+00
1.882034803727847105e+01,0.000000000000000000e+00
2.113602804813375968e+01,0.000000000000000000e+00
1.996898459881245103e+01,0.000000000000000000e+00
2.087013354072369253e+01,0.000000000000000000e+00
2.150019590442382977e+01,0.000000000000000000e+00
2.046710916071148390e+01,0.000000000000000000e+00
2.033741742844451039e+01,0.000000000000000000e+00
2.372936947526226703e+01,0.000000000000000000e+00
1.905607340127340166e+01,0.000000000000000000e+00
2.105074530907702623e+01,0.000000000000000000e+00
2.099210944448350347e+01,0.000000000000000000e+00
1.769824521544255091e+01,0.000000000000000000e+00
2.162894832001441259e+01,0.000000000000000000e+00
1.687844563340087944e+01,0.000000000000000000e+00
2.312112664423918318e+01,0.000000000000000000e+00
2.461732755602620415e+01,0.000000000000000000e+00
1.789540289743143830e+01,0.000000000000000000e+00
2.005061016852636868e+01,0.000000000000000000e+00
2.013988506582227700e+01,0.000000000000000000e+00
1.907324972981049171e+01,0.000000000000000000e+00
2.037396764171513652e+01,0.000000000000000000e+00
2.034871031693018395e+01,0.000000000000000000e+00
2.019546014890604724e+01,0.000000000000000000e+00
1.517559405072284662e+01,0.000000000000000000e+00
1.985839405939075419e+01,0.000000000000000000e+00
2.012200560132514937e+01,0.000000000000000000e+00
2.393247759616178172e+01,0.000000000000000000e+00
2.447289624540780650e+01,0.000000000000000000e+00
2.195343675321711885e+01,0.000000000000000000e+00
1.948414092501134220e+01,0.000000000000000000e+00
2.096520025623848582e+01,0.000000000000000000e+00
2.085348237009114314e+01,0.000000000000000000e+00
2.219479467010177487e+01,0.000000000000000000e+00
2.188468331500525466e+01,0.000000000000000000e+00
2.191870264273429925e+01,0.000000000000000000e+00
1.783588912122535675e+01,0.000000000000000000e+00
2.053293163212444483e+01,0.000000000000000000e+00
2.127448089625013949e+01,0.000000000000000000e+00
1.918393542442428057e+01,0.000000000000000000e+00
2.072894953813914043e+01,0.000000000000000000e+00
1.885623372153727573e+01,0.000000000000000000e+00
1.928676062149115467e+01,0.000000000000000000e+00
1.983823868430734905e+01,0.000000000000000000e+00
2.231314805834338344e+01,0.000000000000000000e+00
1.916286351932808074e+01,0.000000000000000000e+00
2.117031521174264341e+01,0.000000000000000000e+00
1.977046378913843228e+01,0.000000000000000000e+00
2.134225563919751423e+01,0.000000000000000000e+00
2.154658107453821714e+01,0.000000000000000000e+00
2.269670421146836148e+01,0.000000000000000000e+00
1.917419512022137695e+01,0.000000000000000000e+00
2.152252236486016201e+01,0.000000000000000000e+00
2.199709570846556161e+01,0.000000000000000000e+00
2.287320718800745567e+01,0.000000000000000000e+00
1.975710284982073617e+01,0.000000000000000000e+00
2.276262901347803336e+01,0.000000000000000000e+00
1.835275919546154810e+01,0.000000000000000000e+00
1.855854766863969374e+01,0.000000000000000000e+00
1.774761965183929036e+01,0.000000000000000000e+00
2.188124560867017365e+01,0.000000000000000000e+00
2.025618118935674872e+01,0.000000000000000000e+00
2.260438308286725118e+01,0.000000000000000000e+00
1.782431968560930002e+01,0.000000000000000000e+00
2.310205394733303308e+01,0.000000000000000000e+00
1.991513236173184964e+01,0.000000000000000000e+00
1.933235193573804978e+01,0.000000000000000000e+00
2.112534484788352174e+01,0.000000000000000000e+00
2.101614781275982580e+01,0.000000000000000000e+00
1.818686625809919022e+01,0.000000000000000000e+00
2.062429615516133552e+01,0.000000000000000000e+00
2.266446370930433929e+01,0.000000000000000000e+00
2.018896447629951041e+01,0.000000000000000000e+00
1.838801134044168606e+01,0.000000000000000000e+00
2.234275380378793585e+01,0.000000000000000000e+00
1.939692053966888707e+01,0.000000000000000000e+00
1.800807926510946899e+01,0.000000000000000000e+00
2.001354846502201212e+01,0.000000000000000000e+00
1.779274442669825262e+01,0.000000000000000000e+00
2.063107273566354039e+01,0.000000000000000000e+00
2.144640154869666304e+01,0.000000000000000000e+00
2.037285987773755025e+01,0.000000000000000000e+00
1.821950480338286482e+01,0.000000000000000000e+00
2.122059781241212306e+01,0.000000000000000000e+00
2.079412447877369274e+01,0.000000000000000000e+00
1.820859519086492995e+01,0.000000000000000000e+00
1.991731980755503528e+01,0.000000000000000000e+00
2.091872700337933821e+01,0.000000000000000000e+00
1.875533624293093737e+01,0.000000000000000000e+00
1.695721624037387087e+01,0.000000000000000000e+00
1.825235404831611064e+01,0.000000000000000000e+00
2.097649118663350620e+01,0.000000000000000000e+00
2.257648156802143191e+01,0.000000000000000000e+00
1.997617536756435541e+01,0.000000000000000000e+00
2.232839964538441535e+01,0.000000000000000000e+00
1.985635456864933701e+01,0.000000000000000000e+00
2.318351003575471481e+01,0.000000000000000000e+00
1.848646525228264537e+01,0.000000000000000000e+00
2.171476410474849672e+01,0.000000000000000000e+00
2.098564031995847401e+01,0.000000000000000000e+00
1.960670524730609543e+01,0.000000000000000000e+00
2.338257585147017892e+01,0.000000000000000000e+00
2.142469573842753050e+01,0.000000000000000000e+00
1.988007218873895710e+01,0.000000000000000000e+00
2.234374199921904491e+01,0.000000000000000000e+00
1.731452797314338099e+01,0.000000000000000000e+00
1.947326292847466078e+01,0.000000000000000000e+00
2.024390278259838993e+01,0.000000000000000000e+00
1.928142630941202995e+01,0.000000000000000000e+00
1.481844147723327509e+01,0.000000000000000000e+00
2.003946849426694143e+01,0.000000000000000000e+00
1.931220816863523737e+01,0.000000000000000000e+00
2.270447311450434213e+01,0.000000000000000000e+00
1.908317449739443816e+01,0.000000000000000000e+00
1.780224000839131904e+01,0.000000000000000000e+00
2.192221101997209587e+01,0.000000000000000000e+00
1.817675600388043833e+01,0.000000000000000000e+00
2.157412157218398718e+01,0.000000000000000000e+00
1.952365400621313540e+01,0.000000000000000000e+00
1.983118900444936017e+01,0.000000000000000000e+00
2.125155300668972558e+01,0.000000000000000000e+00
1.688722491208729082e+01,0.000000000000000000e+00
2.069893479713062945e+01,0.000000000000000000e+00
2.157044259870216862e+01,0.000000000000000000e+00
2.430134777644260424e+01,0.000000000000000000e+00
1.968227384019866122e+01,0.000000000000000000e+00
2.465088748806737584e+01,0.000000000000000000e+00
2.327087455692749884e+01,0.000000000000000000e+00
1.675048325583400199e+01,0.000000000000000000e+00
2.145391468232737253e+01,0.000000000000000000e+00
2.099536660567171609e+01,0.000000000000000000e+00
1.966548675631699084e+01,0.000000000000000000e+00
2.098645404385175439e+01,0.000000000000000000e+00
2.117919212375160143e+01,0.000000000000000000e+00
2.324868676484640773e+01,0.000000000000000000e+00
1.796424760549998467e+01,0.000000000000000000e+00
1.888683274669559964e+01,0.000000000000000000e+00
1.945712454351252418e+01,0.000000000000000000e+00
2.025824360493865584e+01,0.000000000000000000e+00
2.132452505310988755e+01,0.000000000000000000e+00
1.821318326688409073e+01,0.000000000000000000e+00
2.092647905194643343e+01,0.000000000000000000e+00
1.811995205104110340e+01,0.000000000000000000e+00
2.162013147263111890e+01,0.000000000000000000e+00
2.096991599189937006e+01,0.000000000000000000e+00
2.154224203079569122e+01,0.000000000000000000e+00
2.032363933876458262e+01,0.000000000000000000e+00
1.987390299470150978e+01,0.000000000000000000e+00
2.249868227934348397e+01,0.000000000000000000e+00
2.311510445501693312e+01,0.000000000000000000e+00
1.902715248978052998e+01,0.000000000000000000e+00
1.936891201459063794e+01,0.000000000000000000e+00
1.738132446852705471e+01,0.000000000000000000e+00
2.005325478309692144e+01,0.000000000000000000e+00
2.284026023560558016e+01,0.000000000000000000e+00
1.833739606466334848e+01,0.000000000000000000e+00
2.105596830731138169e+01,0.000000000000000000e+00
2.237264869222222075e+01,0.000000000000000000e+00
2.202929535332514277e+01,0.000000000000000000e+00
1.554500330265951114e+01,0.000000000000000000e+00
2.258075367372286379e+01,0.000000000000000000e+00
1.968653765352013352e+01,0.000000000000000000e+00
2.056399966059511542e+01,0.000000000000000000e+00
2.006734048356187472e+01,0.000000000000000000e+00
2.398720410014367488e+01,0.000000000000000000e+00
2.083181351569622564e+01,0.000000000000000000e+00
1.793367342920793206e+01,0.000000000000000000e+00
2.262412917553789526e+01,0.000000000000000000e+00
2.084572485481653104e+01,0.000000000000000000e+00
1.897632282018036420e+01,0.000000000000000000e+00
2.052372009738599345e+01,0.000000000000000000e+00
2.493057272250959500e+01,0.000000000000000000e+00
2.206163018976756263e+01,0.000000000000000000e+00
2.216358817781355484e+01,0.000000000000000000e+00
2.032365188639843723e+01,0.000000000000000000e+00
1.853533763866990824e+01,0.000000000000000000e+00
2.055449862382926440e+01,0.000000000000000000e+00
1.919132699743687098e+01,0.000000000000000000e+00
2.060140523744019703e+01,0.000000000000000000e+00
1.938960381223883545e+01,0.000000000000000000e+00
2.521753850943039055e+01,0.000000000000000000e+00
2.328903807437347595e+01,0.000000000000000000e+00
1.771490626388090206e+01,0.000000000000000000e+00
1.738058928419122395e+01,0.000000000000000000e+00
1.671761041403775039e+01,0.000000000000000000e+00
1.927529594249615386e+01,0.000000000000000000e+00
2.124805403462994491e+01,0.000000000000000000e+00
1.986223352129805519e+01,0.000000000000000000e+00
2.153068955731589895e+01,0.000000000000000000e+00
2.336641720391985544e+01,0.000000000000000000e+00
2.030056899891143729e+01,0.000000000000000000e+00
1.986499294261790993e+01,0.000000000000000000e+00
2.384423421189056214e+01,0.000000000000000000e+00
2.541360416564609181e+01,0.000000000000000000e+00
1.904580626505869034e+01,0.000000000000000000e+00
2.624378991583935772e+01,0.000000000000000000e+00
2.027734295904502559e+01,0.000000000000000000e+00
2.224298138279493386e+01,0.000000000000000000e+00
2.150534704249000484e+01,0.000000000000000000e+00
2.244078937153365771e+01,0.000000000000000000e+00
2.033037695798257261e+01,0.000000000000000000e+00
2.463571805294126449e+01,0.000000000000000000e+00
2.131348727638124885e+01,0.000000000000000000e+00
2.136358744583818847e+01,0.000000000000000000e+00
2.078099857865876388e+01,0.000000000000000000e+00
2.262410254584885294e+01,0.000000000000000000e+00
2.295208891481314950e+01,0.000000000000000000e+00
2.185698344028392981e+01,0.000000000000000000e+00
2.536642795200782530e+01,0.000000000000000000e+00
1.831864298952698533e+01,0.000000000000000000e+00
2.038296814632257892e+01,0.000000000000000000e+00
2.178466800454294017e+01,0.000000000000000000e+00
2.027179285847915935e+01,0.000000000000000000e+00
1.986083087680350090e+01,0.000000000000000000e+00
2.057990349601260149e+01,0.000000000000000000e+00
2.120917971841363681e+01,0.000000000000000000e+00
2.171419960563681428e+01,0.000000000000000000e+00
2.605758286827316539e+01,0.000000000000000000e+00
2.446904500112507108e+01,0.000000000000000000e+00
1.999047462802617048e+01,0.000000000000000000e+00
2.014150466066866585e+01,0.000000000000000000e+00
2.078197696356341950e+01,0.000000000000000000e+00
2.085059156030293792e+01,0.000000000000000000e+00
2.080873798586570089e+01,0.000000000000000000e+00
2.126297357945892585e+01,0.000000000000000000e+00
2.248096854588005655e+01,0.000000000000000000e+00
2.250860196556784842e+01,0.000000000000000000e+00
2.087868201353475328e+01,0.000000000000000000e+00
2.173890732154481498e+01,0.000000000000000000e+00
2.007304680042305378e+01,0.000000000000000000e+00
2.486283700116065987e+01,0.000000000000000000e+00
2.446475113055418760e+01,0.000000000000000000e+00
2.049105872904246084e+01,0.000000000000000000e+00
1.964497689999337027e+01,0.000000000000000000e+00
2.495127668208738569e+01,0.000000000000000000e+00
2.538115385112016043e+01,0.000000000000000000e+00
2.245878286894870612e+01,0.000000000000000000e+00
2.434641738626410046e+01,0.000000000000000000e+00
2.141201944447974981e+01,0.000000000000000000e+00
2.135713907344192819e+01,0.000000000000000000e+00
2.205170493515839070e+01,0.000000000000000000e+00
2.492225955458432196e+01,0.000000000000000000e+00
2.544237809473187539e+01,0.000000000000000000e+00
2.460968433845848580e+01,0.000000000000000000e+00
2.015756444695061234e+01,0.000000000000000000e+00
2.211837288620482411e+01,0.000000000000000000e+00
2.251554936237385718e+01,0.000000000000000000e+00
2.118803758876297394e+01,0.000000000000000000e+00
2.532798102530895079e+01,0.000000000000000000e+00
2.387557302098740308e+01,0.000000000000000000e+00
2.271203493427050191e+01,0.000000000000000000e+00
2.226450866691659769e+01,0.000000000000000000e+00
2.033414050442940635e+01,0.000000000000000000e+00
2.394525443618470462e+01,0.000000000000000000e+00
2.166806717572829299e+01,0.000000000000000000e+00
2.098918629291032900e+01,0.000000000000000000e+00
2.539583685766622523e+01,0.000000000000000000e+00
2.551940648400150735e+01,0.000000000000000000e+00
2.355293295288223376e+01,0.000000000000000000e+00
2.258687308734261379e+01,0.000000000000000000e+00
1.833256968109268570e+01,0.000000000000000000e+00
2.249871701622542020e+01,0.000000000000000000e+00
2.066844929024438926e+01,0.000000000000000000e+00
2.610291890550900717e+01,0.000000000000000000e+00
2.444442027796963401e+01,0.000000000000000000e+00
2.060840832639196307e+01,0.000000000000000000e+00
2.560532967651640845e+01,0.000000000000000000e+00
2.639031491479933678e+01,0.000000000000000000e+00
2.241600504449955267e+01,0.000000000000000000e+00
1.757616973949401284e+01,0.000000000000000000e+00
2.439824979367564950e+01,0.000000000000000000e+00
2.409130184194151525e+01,0.000000000000000000e+00
2.064426756213520520e+01,0.000000000000000000e+00
2.396041692207797880e+01,0.000000000000000000e+00
2.341163626158478195e+01,0.000000000000000000e+00
2.536081087332650341e+01,0.000000000000000000e+00
2.043214651069060039e+01,0.000000000000000000e+00
2.191192123687804738e+01,0.000000000000000000e+00
2.291423141663228336e+01,0.000000000000000000e+00
2.330348509483127728e+01,0.000000000000000000e+00
2.177329774120129358e+01,0.000000000000000000e+00
2.223160947458540093e+01,0.000000000000000000e+00
2.248086713376594759e+01,0.000000000000000000e+00
2.740824443548145695e+01,0.000000000000000000e+00
2.485130517245764992e+01,0.000000000000000000e+00
2.304185913358109161e+01,0.000000000000000000e+00
2.361926428834304303e+01,0.000000000000000000e+00
2.717826432715018115e+01,0.000000000000000000e+00
2.468458124733513159e+01,0.000000000000000000e+00
2.546480241460038840e+01,0.000000000000000000e+00
2.196185940946281789e+01,0.000000000000000000e+00
2.308165848818434540e+01,0.000000000000000000e+00
2.300556012490520175e+01,0.000000000000000000e+00
2.500305119368304219e+01,0.000000000000000000e+00
2.065726306364580722e+01,0.000000000000000000e+00
2.418938479668389974e+01,0.000000000000000000e+00
2.511645301444975331e+01,0.000000000000000000e+00
2.302161008011987420e+01,0.000000000000000000e+00
2.570920646242187146e+01,0.000000000000000000e+00
2.548672573925728102e+01,0.000000000000000000e+00
2.337647558962277827e+01,0.000000000000000000e+00
2.331853496975201878e+01,0.000000000000000000e+00
2.496605026158264096e+01,0.000000000000000000e+00
2.549034175313133233e+01,0.000000000000000000e+00
2.582119845387247636e+01,0.000000000000000000e+00
2.672751774643783307e+01,0.000000000000000000e+00
2.537506349579584608e+01,0.000000000000000000e+00
2.359416048329603299e+01,0.000000000000000000e+00
2.254926119480518310e+01,0.000000000000000000e+00
2.702693333385333219e+01,0.000000000000000000e+00
2.057292090755409575e+01,0.000000000000000000e+00
2.031251234277441853e+01,0.000000000000000000e+00
2.405845470893896376e+01,0.000000000000000000e+00
2.410768218769682392e+01,0.000000000000000000e+00
2.500080851527511783e+01,0.000000000000000000e+00
2.266899035377544891e+01,0.000000000000000000e+00
2.267020308733478728e+01,0.000000000000000000e+00
2.381559928449750529e+01,0.000000000000000000e+00
2.954627492427489699e+01,0.000000000000000000e+00
2.169570452529906746e+01,0.000000000000000000e+00
2.504021424494585446e+01,0.000000000000000000e+00
2.565382216349885525e+01,0.000000000000000000e+00
2.770973644945051007e+01,0.000000000000000000e+00
2.865023266561428272e+01,0.000000000000000000e+00
2.602032350830685203e+01,0.000000000000000000e+00
2.794452909841007937e+01,0.000000000000000000e+00
2.335710570921123974e+01,0.000000000000000000e+00
2.882387620715170584e+01,0.000000000000000000e+00
2.372140349342850740e+01,0.000000000000000000e+00
2.476838062194574519e+01,0.000000000000000000e+00
2.163769925274301187e+01,0.000000000000000000e+00
2.645971237289553102e+01,0.000000000000000000e+00
2.763035020782850637e+01,0.000000000000000000e+00
2.192051597921470574e+01,0.000000000000000000e+00
2.435494037621132790e+01,0.000000000000000000e+00
2.277087218949742109e+01,0.000000000000000000e+00
2.480908972113937239e+01,0.000000000000000000e+00
2.605837326338311044e+01,0.000000000000000000e+00
2.534520889930235654e+01,0.000000000000000000e+00
2.866028784020314646e+01,0.000000000000000000e+00
2.688846237852622778e+01,0.000000000000000000e+00
2.604359564314444953e+01,0.000000000000000000e+00
3.015471174504363816e+01,0.000000000000000000e+00
2.448396082547081321e+01,0.000000000000000000e+00
2.607900284896949117e+01,0.000000000000000000e+00
2.638374228454665271e+01,0.000000000000000000e+00
2.560588426478456725e+01,0.000000000000000000e+00
2.807627191979270975e+01,0.000000000000000000e+00
2.827654318047794035e+01,0.000000000000000000e+00
2.843351002336169842e+01,0.000000000000000000e+00
2.560611637734067969e+01,0.000000000000000000e+00
2.851078870094330497e+01,0.000000000000000000e+00
3.039769958276719564e+01,0.000000000000000000e+00
2.657998664204896144e+01,0.000000000000000000e+00
2.618908061635275075e+01,0.000000000000000000e+00
2.790733767997673809e+01,0.000000000000000000e+00
2.700569505626094013e+01,0.000000000000000000e+00
2.820578678717330234e+01,0.000000000000000000e+00
3.019380057626742797e+01,0.000000000000000000e+00
2.406498761634724914e+01,0.000000000000000000e+00
2.836572918773302376e+01,0.000000000000000000e+00
2.542744293446328285e+01,0.000000000000000000e+00
2.754430165323502777e+01,0.000000000000000000e+00
2.696989006325067351e+01,0.000000000000000000e+00
2.297417499518113360e+01,0.000000000000000000e+00
2.871959000655784067e+01,0.000000000000000000e+00
2.621992452182478317e+01,0.000000000000000000e+00
2.893698382512112488e+01,0.000000000000000000e+00
3.145853578384979699e+01,0.000000000000000000e+00
2.582425614498640698e+01,0.000000000000000000e+00
2.505383385873146551e+01,0.000000000000000000e+00
2.791350558579695118e+01,0.000000000000000000e+00
2.507171338791797410e+01,0.000000000000000000e+00
2.741471557284378235e+01,0.000000000000000000e+00
2.895203736584812404e+01,0.000000000000000000e+00
3.353141193842004242e+01,0.000000000000000000e+00
2.709219108089538608e+01,0.000000000000000000e+00
2.967276605525182731e+01,0.000000000000000000e+00
2.998787197120123338e+01,0.000000000000000000e+00
2.640938762791660466e+01,0.000000000000000000e+00
2.997481634397883354e+01,0.000000000000000000e+00
3.002318176613101031e+01,0.000000000000000000e+00
2.814799696936201201e+01,0.000000000000000000e+00
3.228123319782555001e+01,0.000000000000000000e+00
2.918373822230314474e+01,0.000000000000000000e+00
3.122660855888813458e+01,0.000000000000000000e+00
2.905508321976142128e+01,0.000000000000000000e+00
2.849566590778027830e+01,0.000000000000000000e+00
2.927950260994717979e+01,0.000000000000000000e+00
2.868875980512344270e+01,0.000000000000000000e+00
2.929859505041196144e+01,0.000000000000000000e+00
3.023037967370983381e+01,0.000000000000000000e+00
2.942965208077199790e+01,0.000000000000000000e+00
2.828835832419764884e+01,0.000000000000000000e+00
3.086754576317972720e+01,0.000000000000000000e+00
2.954250053148954080e+01,0.000000000000000000e+00
2.744318969894461091e+01,0.000000000000000000e+00
2.941349105582105139e+01,0.000000000000000000e+00
2.907046292543444821e+01,0.000000000000000000e+00
2.881734724967771655e+01,0.000000000000000000e+00
2.889704065018771928e+01,0.000000000000000000e+00
2.541173914499323416e+01,0.000000000000000000e+00
2.727770415428883766e+01,0.000000000000000000e+00
2.631377536730397182e+01,0.000000000000000000e+00
2.811198318902664539e+01,0.000000000000000000e+00
2.766011358186938907e+01,0.000000000000000000e+00
3.083743960122496830e+01,0.000000000000000000e+00
3.153681772079395884e+01,0.000000000000000000e+00
2.971790836771543098e+01,0.000000000000000000e+00
3.152080870195717566e+01,0.000000000000000000e+00
3.244898765530514595e+01,0.000000000000000000e+00
3.093618825802412076e+01,0.000000000000000000e+00
2.927869430073445045e+01,0.000000000000000000e+00
3.041147343433711825e+01,0.000000000000000000e+00
3.043596379222998038e+01,0.000000000000000000e+00
3.363615568187811533e+01,0.000000000000000000e+00
3.268867054773102865e+01,0.000000000000000000e+00
2.954077800805809417e+01,0.000000000000000000e+00
3.023216406174760706e+01,0.000000000000000000e+00
3.349052187238478240e+01,0.000000000000000000e+00
2.942560255494685251e+01,0.000000000000000000e+00
3.350338561383036051e+01,0.000000000000000000e+00
3.187268601203270535e+01,0.000000000000000000e+00
3.045438752231255108e+01,0.000000000000000000e+00
2.928809247880242950e+01,0.000000000000000000e+00
3.011331254095956922e+01,0.000000000000000000e+00
3.455241635537199585e+01,0.000000000000000000e+00
2.916307628709577315e+01,0.000000000000000000e+00
2.967285104790594730e+01,0.000000000000000000e+00
3.110150611221246209e+01,0.000000000000000000e+00
3.099330873061484937e+01,0.000000000000000000e+00
2.878520837925711717e+01,0.000000000000000000e+00
3.338270906123509008e+01,0.000000000000000000e+00
2.892324822373564075e+01,0.000000000000000000e+00
3.040962755716612875e+01,0.000000000000000000e+00
3.352519879312762185e+01,0.000000000000000000e+00
3.206362348232678983e+01,0.000000000000000000e+00
3.248551857147430866e+01,0.000000000000000000e+00
3.414304764150440974e+01,0.000000000000000000e+00
3.233655832670612540e+01,0.000000000000000000e+00
3.242322247515525646e+01,0.000000000000000000e+00
3.057925384073232777e+01,0.000000000000000000e+00
3.223531180527999140e+01,0.000000000000000000e+00
3.372877452426926226e+01,0.000000000000000000e+00
3.435891232300702569e+01,0.000000000000000000e+00
2.986875255605198021e+01,0.000000000000000000e+00
3.007534355412684945e+01,0.000000000000000000e+00
2.858851205708734611e+01,0.000000000000000000e+00
3.328593812736622226e+01,0.000000000000000000e+00
3.037054630720294313e+01,0.000000000000000000e+00
3.355933240194508471e+01,0.000000000000000000e+00
3.158067268565823227e+01,0.000000000000000000e+00
3.269529045496201292e+01,0.000000000000000000e+00
3.553430263103862075e+01,0.000000000000000000e+00
3.664293889348466848e+01,0.000000000000000000e+00
3.390697275617721829e+01,0.000000000000000000e+00
3.351429675333433522e+01,0.000000000000000000e+00
2.986496382143716843e+01,0.000000000000000000e+00
3.487526397200778661e+01,0.000000000000000000e+00
3.122960388160802836e+01,0.000000000000000000e+00
3.088563963061814377e+01,0.000000000000000000e+00
3.407371395020498994e+01,0.000000000000000000e+00
3.414588815447232406e+01,0.000000000000000000e+00
3.146019325194638583e+01,0.000000000000000000e+00
3.285954103523101821e+01,0.000000000000000000e+00
3.633244037210330646e+01,0.000000000000000000e+00
3.363837347869187511e+01,0.000000000000000000e+00
3.358090423255687540e+01,0.000000000000000000e+00
3.149649933496565879e+01,0.000000000000000000e+00
3.092845120247900681e+01,0.000000000000000000e+00
3.566674768827850528e+01,0.000000000000000000e+00
3.345359393861250652e+01,0.000000000000000000e+00
3.568407091507692996e+01,0.000000000000000000e+00
3.163199953670930853e+01,0.000000000000000000e+00
3.383286806197190089e+01,0.000000000000000000e+00
3.224748385898080727e+01,0.000000000000000000e+00
3.772449022741322011e+01,0.000000000000000000e+00
3.542929618859857754e+01,0.000000000000000000e+00
3.259030431562539576e+01,0.000000000000000000e+00
3.730267702529527440e+01,0.000000000000000000e+00
3.641633315242975755e+01,0.000000000000000000e+00
3.093274108637764996e+01,0.000000000000000000e+00
3.827201692178731918e+01,0.000000000000000000e+00
3.477974325316630910e+01,0.000000000000000000e+00
3.307638523802332742e+01,0.000000000000000000e+00
3.788071604910864210e+01,0.000000000000000000e+00
3.430786168390242352e+01,0.000000000000000000e+00
3.430169488219825524e+01,0.000000000000000000e+00
3.970680924669090928e+01,0.000000000000000000e+00
3.673973792924351756e+01,0.000000000000000000e+00
4.028162254947439891e+01,0.000000000000000000e+00
3.797673139003389764e+01,0.000000000000000000e+00
3.482384714779650636e+01,0.000000000000000000e+00
3.447618123046264316e+01,0.000000000000000000e+00
3.506435231542980091e+01,0.000000000000000000e+00
3.663919954367764120e+01,0.000000000000000000e+00
3.957628729658030409e+01,0.000000000000000000e+00
3.560048110569148605e+01,0.000000000000000000e+00
3.805237222059562185e+01,0.000000000000000000e+00
3.807688466568611574e+01,0.000000000000000000e+00
3.759552665110697944e+01,0.000000000000000000e+00
3.437899435422670535e+01,0.000000000000000000e+00
3.934783092423109707e+01,0.000000000000000000e+00
3.752152702573773269e+01,0.000000000000000000e+00
3.643050067275486725e+01,0.000000000000000000e+00
3.804281338074489582e+01,0.000000000000000000e+00
3.718564425655905126e+01,0.000000000000000000e+00
3.653491208222018116e+01,0.000000000000000000e+00
3.636885127943049412e+01,0.000000000000000000e+00
3.562846485237897554e+01,0.000000000000000000e+00
3.483220979100252634e+01,0.000000000000000000e+00
3.985598840653585029e+01,0.000000000000000000e+00
3.587314318111345557e+01,0.000000000000000000e+00
3.553122626663172667e+01,0.000000000000000000e+00
3.727937130746778394e+01,0.000000000000000000e+00
3.994389575424455785e+01,0.000000000000000000e+00
3.857330532122450251e+01,0.000000000000000000e+00
4.085370619121023594e+01,0.000000000000000000e+00
3.601722203867090855e+01,0.000000000000000000e+00
3.766837313752457561e+01,0.000000000000000000e+00
3.935551398302957438e+01,0.000000000000000000e+00
4.038344228456556806e+01,0.000000000000000000e+00
3.765105471835485673e+01,0.000000000000000000e+00
4.001437861300885146e+01,0.000000000000000000e+00
4.063567352768112784e+01,0.000000000000000000e+00
3.970432958420109770e+01,0.000000000000000000e+00
3.618412389758582037e+01,0.000000000000000000e+00
3.842717951385512265e+01,0.000000000000000000e+00
3.730962474897359016e+01,0.000000000000000000e+00
3.620997311358542703e+01,0.000000000000000000e+00
3.953712414394240682e+01,0.000000000000000000e+00
3.706299801644142633e+01,0.000000000000000000e+00
3.598086265703925335e+01,0.000000000000000000e+00
3.988626395153169568e+01,0.000000000000000000e+00
3.818433355913929006e+01,0.000000000000000000e+00
4.128150646073420660e+01,0.000000000000000000e+00
3.932016829799787416e+01,0.000000000000000000e+00
3.814874378265503196e+01,0.000000000000000000e+00
3.939353276096206713e+01,0.000000000000000000e+00
3.879029915705984877e+01,0.000000000000000000e+00
4.334741304988494193e+01,0.000000000000000000e+00
4.167302482012574671e+01,0.000000000000000000e+00
4.144848513914423194e+01,0.000000000000000000e+00
3.833152758009165950e+01,0.000000000000000000e+00
3.753343006510137059e+01,0.000000000000000000e+00
4.074281165104612512e+01,0.000000000000000000e+00
3.688654290442416084e+01,0.000000000000000000e+00
4.015908702983746537e+01,0.000000000000000000e+00
4.101581772446547802e+01,0.000000000000000000e+00
3.772011734962345031e+01,0.000000000000000000e+00
4.286347466472135181e+01,0.000000000000000000e+00
3.849627197816663937e+01,0.000000000000000000e+00
3.810318086442850927e+01,0.000000000000000000e+00
4.319668744257890580e+01,0.000000000000000000e+00
4.055457815892780360e+01,0.000000000000000000e+00
3.917408164214027977e+01,0.000000000000000000e+00
4.313147647805676144e+01,0.000000000000000000e+00
4.463172725768527727e+01,0.000000000000000000e+00
3.976925954062560464e+01,0.000000000000000000e+00
3.966474296367392327e+01,0.000000000000000000e+00
4.215972059771328873e+01,0.000000000000000000e+00
3.949890244419699314e+01,0.000000000000000000e+00
4.189416878410117562e+01,0.000000000000000000e+00
4.135318936596150508e+01,0.000000000000000000e+00
4.206355676893598172e+01,0.000000000000000000e+00
4.117304852622979183e+01,0.000000000000000000e+00
4.153468204920427098e+01,0.000000000000000000e+00
3.938277819248816058e+01,0.000000000000000000e+00
4.176891352910578803e+01,0.000000000000000000e+00
4.058185449682885348e+01,0.000000000000000000e+00
4.263584716341962633e+01,0.000000000000000000e+00
4.514268826362180675e+01,0.000000000000000000e+00
4.491100567172044578e+01,0.000000000000000000e+00
4.197828700396133428e+01,0.000000000000000000e+00
4.357845392501320703e+01,0.000000000000000000e+00
4.044546969261746483e+01,0.000000000000000000e+00
4.191657424875434401e+01,0.000000000000000000e+00
4.020782629308504141e+01,0.000000000000000000e+00
4.329451785145897702e+01,0.000000000000000000e+00
4.315734127695638023e+01,0.000000000000000000e+00
4.322135356468104561e+01,0.000000000000000000e+00
4.355609870397988459e+01,0.000000000000000000e+00
4.395273992967702270e+01,0.000000000000000000e+00
4.319366460548616971e+01,0.000000000000000000e+00
4.273996143873139175e+01,0.000000000000000000e+00
4.144973088185776078e+01,0.000000000000000000e+00
3.918681358649124746e+01,0.000000000000000000e+00
3.949999190074989031e+01,0.000000000000000000e+00
4.409446755266471030e+01,0.000000000000000000e+00
4.569190715009648329e+01,0.000000000000000000e+00
4.458584471161891827e+01,0.000000000000000000e+00
4.042057168821575885e+01,0.000000000000000000e+00
4.389994623104145433e+01,0.000000000000000000e+00
4.342809771334344049e+01,0.000000000000000000e+00
4.511033617564817888e+01,0.000000000000000000e+00
4.689962691290028829e+01,0.000000000000000000e+00
4.300225901877841750e+01,0.000000000000000000e+00
4.339754901498483974e+01,0.000000000000000000e+00
4.393926705362510177e+01,0.000000000000000000e+00
4.427637298843494307e+01,0.000000000000000000e+00
4.637228127593037641e+01,0.000000000000000000e+00
4.482283013150693307e+01,0.000000000000000000e+00
4.331548084433412527e+01,0.000000000000000000e+00
4.380823690884614763e+01,0.000000000000000000e+00
4.538935894287289585e+01,0.000000000000000000e+00
4.201089945105535861e+01,0.000000000000000000e+00
4.591958590640945204e+01,0.000000000000000000e+00
4.521847337437367997e+01,0.000000000000000000e+00
4.555141335951485360e+01,0.000000000000000000e+00
4.708924722030142362e+01,0.000000000000000000e+00
4.039593028041304024e+01,0.000000000000000000e+00
4.680958481469382804e+01,0.000000000000000000e+00
4.545803902923780271e+01,0.000000000000000000e+00
4.386333610119670112e+01,0.000000000000000000e+00
4.463795613598050238e+01,0.000000000000000000e+00
4.382624062214620153e+01,0.000000000000000000e+00
4.717124116657439004e+01,0.000000000000000000e+00
4.420487583843535617e+01,0.000000000000000000e+00
4.317252483884454506e+01,0.000000000000000000e+00
4.442373660613431241e+01,0.000000000000000000e+00
4.488732002666166920e+01,0.000000000000000000e+00
4.760750740798836489e+01,0.000000000000000000e+00
4.754088321171319365e+01,0.000000000000000000e+00
4.577900166750257682e+01,0.000000000000000000e+00
4.604445403830110450e+01,0.000000000000000000e+00
4.688749604301921181e+01,0.000000000000000000e+00
4.716933727653413655e+01,0.000000000000000000e+00
4.660793062453256397e+01,0.000000000000000000e+00
4.640694779323534647e+01,0.000000000000000000e+00
4.557149593402957777e+01,0.000000000000000000e+00
4.500042551392522938e+01,0.000000000000000000e+00
4.408814495028067171e+01,0.000000000000000000e+00
4.809799883543517041e+01,0.000000000000000000e+00
4.662216330561238919e+01,0.000000000000000000e+00
4.755791903201366466e+01,0.000000000000000000e+00
4.621551662566017171e+01,0.000000000000000000e+00
4.568004893178215298e+01,0.000000000000000000e+00
4.586972236033227546e+01,0.000000000000000000e+00
4.919605689076337285e+01,0.000000000000000000e+00
4.865955940351777542e+01,0.000000000000000000e+00
4.599394526628262980e+01,0.000000000000000000e+00
5.111857374853331493e+01,0.000000000000000000e+00
4.649422672868202966e+01,0.000000000000000000e+00
4.918245202297885754e+01,0.000000000000000000e+00
4.705520747690231786e+01,0.000000000000000000e+00
5.068908589525786113e+01,0.000000000000000000e+00
4.601714259376488769e+01,0.000000000000000000e+00
4.820697410119826998e+01,0.000000000000000000e+00
4.557666765508750473e+01,0.000000000000000000e+00
4.615909149954543267e+01,0.000000000000000000e+00
4.833818532317869199e+01,0.000000000000000000e+00
4.988731739560179790e+01,0.000000000000000000e+00
4.861221440458449905e+01,0.000000000000000000e+00
4.870296233731594526e+01,0.000000000000000000e+00
5.154316499817183228e+01,0.000000000000000000e+00
4.808178155552677424e+01,0.000000000000000000e+00
4.866849838404291262e+01,0.000000000000000000e+00
5.114540359960155058e+01,0.000000000000000000e+00
5.030617605901263545e+01,0.000000000000000000e+00
4.934340343942263729e+01,0.000000000000000000e+00
4.645022976991400299e+01,0.000000000000000000e+00
4.698254629976618446e+01,0.000000000000000000e+00
4.574329410622757308e+01,0.000000000000000000e+00
5.353030798416797609e+01,0.000000000000000000e+00
4.843303019741353665e+01,0.000000000000000000e+00
4.759300788749814615e+01,0.000000000000000000e+00
5.127780218601328244e+01,0.000000000000000000e+00
5.100543797869431728e+01,0.000000000000000000e+00
4.861455098641534533e+01,0.000000000000000000e+00
5.024060302118426335e+01,0.000000000000000000e+00
4.862852568457606139e+01,0.000000000000000000e+00
4.850722396548081150e+01,0.000000000000000000e+00
4.947093442940851560e+01,0.000000000000000000e+00
5.071670036025312811e+01,0.000000000000000000e+00
4.919203981452401564e+01,0.000000000000000000e+00
5.079607932459253306e+01,0.000000000000000000e+00
5.118047960946420716e+01,0.000000000000000000e+00
5.151292893229131664e+01,0.000000000000000000e+00
5.338293922622484899e+01,0.000000000000000000e+00
5.438678603385306332e+01,0.000000000000000000e+00
5.184558139454092895e+01,0.000000000000000000e+00
4.840780904259136008e+01,0.000000000000000000e+00
5.010812939844922909e+01,0.000000000000000000e+00
5.049818982000506651e+01,0.000000000000000000e+00
5.279104664476526665e+01,0.000000000000000000e+00
5.202906569840193640e+01,0.000000000000000000e+00
5.115128974173045862e+01,0.000000000000000000e+00
5.048717336307597492e+01,0.000000000000000000e+00
5.077234143123887122e+01,0.000000000000000000e+00
4.833220731970092032e+01,0.000000000000000000e+00
4.930334348020445390e+01,0.000000000000000000e+00
5.439555435630003899e+01,0.000000000000000000e+00
5.380533913351411712e+01,0.000000000000000000e+00
5.103399097154310482e+01,0.000000000000000000e+00
5.403781766779270157e+01,0.000000000000000000e+00
5.153163239609682478e+01,0.000000000000000000e+00
5.165229309959353543e+01,0.000000000000000000e+00
5.378187965432466200e+01,0.000000000000000000e+00
5.069153252642909280e+01,0.000000000000000000e+00
4.966697483152872650e+01,0.000000000000000000e+00
5.190731441476296482e+01,0.000000000000000000e+00
5.056151278962271789e+01,0.000000000000000000e+00
5.232490091167387192e+01,0.000000000000000000e+00
5.061934606942740800e+01,0.000000000000000000e+00
5.175168415234643504e+01,0.000000000000000000e+00
5.071618352176815847e+01,0.000000000000000000e+00
4.932139276351207258e+01,0.000000000000000000e+00
5.359649155878729232e+01,0.000000000000000000e+00
5.534137558469538476e+01,0.000000000000000000e+00
5.511205064463958081e+01,0.000000000000000000e+00
5.411906986690050303e+01,0.000000000000000000e+00
5.458862676471133568e+01,0.000000000000000000e+00
5.235530879820647243e+01,0.000000000000000000e+00
5.359527754133335264e+01,0.000000000000000000e+00
5.538320508406510356e+01,0.000000000000000000e+00
5.284094382794681621e+01,0.000000000000000000e+00
5.022111304755065220e+01,0.000000000000000000e+00
5.408647899862137365e+01,0.000000000000000000e+00
5.345914281224459330e+01,0.000000000000000000e+00
5.565761932083307784e+01,0.000000000000000000e+00
4.921700803467041396e+01,0.000000000000000000e+00
5.373207972029452151e+01,0.000000000000000000e+00
5.618773343399674047e+01,0.000000000000000000e+00
5.408847848797010016e+01,0.000000000000000000e+00
5.468704373186280066e+01,0.000000000000000000e+00
5.830783664066805017e+01,0.000000000000000000e+00
5.721736493888990083e+01,0.000000000000000000e+00
5.636703688193473027e+01,0.000000000000000000e+00
5.199000054084751810e+01,0.000000000000000000e+00
5.207993103506231591e+01,0.000000000000000000e+00
5.481917233729579664e+01,0.000000000000000000e+00
5.239744691026756129e+01,0.000000000000000000e+00
5.374238315191437465e+01,0.000000000000000000e+00
5.195877957955303827e+01,0.000000000000000000e+00
5.891582687916231009e+01,0.000000000000000000e+00
5.440370741966663104e+01,0.000000000000000000e+00
5.304715870727095250e+01,0.000000000000000000e+00
5.469280304802419579e+01,0.000000000000000000e+00
5.513236066456148166e+01,0.000000000000000000e+00
5.667883986948602626e+01,0.000000000000000000e+00
5.604455951341474673e+01,0.000000000000000000e+00
5.749329342240630325e+01,0.000000000000000000e+00
5.573278849056678297e+01,0.000000000000000000e+00
5.532500943249549152e+01,0.000000000000000000e+00
5.637494504377605153e+01,0.000000000000000000e+00
5.847837853538070618e+01,0.000000000000000000e+00
6.235805925505472658e+01,0.000000000000000000e+00
5.845774109104349492e+01,0.000000000000000000e+00
5.288777156044702821e+01,0.000000000000000000e+00
5.538049812783052062e+01,0.000000000000000000e+00
5.736121138767558136e+01,0.000000000000000000e+00
5.728734836824128962e+01,0.000000000000000000e+00
5.814327573003032512e+01,0.000000000000000000e+00
5.645323572361159137e+01,0.000000000000000000e+00
5.481040111619865485e+01,0.000000000000000000e+00
5.453089829985513148e+01,0.000000000000000000e+00
5.885633781152588284e+01,0.000000000000000000e+00
5.875766823591779087e+01,0.000000000000000000e+00
6.052319516121888654e+01,0.000000000000000000e+00
5.855514143257524040e+01,0.000000000000000000e+00
5.606393051259568239e+01,0.000000000000000000e+00
5.619636507775485512e+01,0.000000000000000000e+00
5.612904665174693264e+01,0.000000000000000000e+00
5.831616777500774162e+01,0.000000000000000000e+00
5.796979198207169048e+01,0.000000000000000000e+00
5.816187168315610023e+01,0.000000000000000000e+00
5.743444725232926373e+01,0.000000000000000000e+00
5.801724456581107603e+01,0.000000000000000000e+00
6.027163135519284509e+01,0.000000000000000000e+00
5.803915928557313464e+01,0.000000000000000000e+00
5.880592986298921687e+01,0.000000000000000000e+00
5.750571616145855813e+01,0.000000000000000000e+00
5.581419167798595282e+01,0.000000000000000000e+00
5.618157073653749478e+01,0.000000000000000000e+00
6.023491944514906749e+01,0.000000000000000000e+00
6.042343865857534269e+01,0.000000000000000000e+00
5.496854870067822674e+01,0.000000000000000000e+00
5.816087366451841234e+01,0.000000000000000000e+00
5.916505633590411151e+01,0.000000000000000000e+00
5.664658797350433872e+01,0.000000000000000000e+00
6.172848112355618611e+01,0.000000000000000000e+00
5.944285392720891537e+01,0.000000000000000000e+00
6.000650192648664216e+01,0.000000000000000000e+00
6.165758338363029623e+01,0.000000000000000000e+00
6.073327547730703202e+01,0.000000000000000000e+00
5.433098556140174651e+01,0.000000000000000000e+00
5.832363795896473135e+01,0.000000000000000000e+00
5.967672209811789230e+01,0.000000000000000000e+00
6.054377542244109378e+01,0.000000000000000000e+00
5.883833760231937759e+01,0.000000000000000000e+00
5.762455145318849503e+01,0.000000000000000000e+00
5.993121041380845782e+01,0.000000000000000000e+00
6.352078908194068418e+01,0.000000000000000000e+00
5.698386724865518715e+01,0.000000000000000000e+00
6.091494295943712700e+01,0.000000000000000000e+00
6.052442835830846235e+01,0.000000000000000000e+00
5.969636112130572769e+01,0.000000000000000000e+00
5.717943137816894961e+01,0.000000000000000000e+00
6.052082938912503352e+01,0.000000000000000000e+00
6.088206899025725960e+01,0.000000000000000000e+00
5.742217226116349593e+01,0.000000000000000000e+00
6.208686806790799295e+01,0.000000000000000000e+00
6.232217919709803056e+01,0.000000000000000000e+00
5.762010341691833304e+01,0.000000000000000000e+00
5.999545846444413399e+01,0.000000000000000000e+00
5.740769757089917391e+01,0.000000000000000000e+00
5.930069931452103305e+01,0.000000000000000000e+00
5.546640484207959787e+01,0.000000000000000000e+00
6.128627813685047698e+01,0.000000000000000000e+00
6.360254740330559287e+01,0.000000000000000000e+00
6.067998586393716920e+01,0.000000000000000000e+00
5.722657079572185523e+01,0.000000000000000000e+00
6.092821475482140414e+01,0.000000000000000000e+00
5.817050962624784916e+01,0.000000000000000000e+00
6.428643503040740370e+01,0.000000000000000000e+00
6.275457203539752982e+01,0.000000000000000000e+00
6.191608752116984249e+01,0.000000000000000000e+00
6.224406116922059340e+01,0.000000000000000000e+00
6.089311911619404327e+01,0.000000000000000000e+00
6.390586513562593751e+01,0.000000000000000000e+00
6.477105297133670092e+01,0.000000000000000000e+00
5.902238774735692317e+01,0.000000000000000000e+00
6.179666314931774451e+01,0.000000000000000000e+00
6.117323066337883120e+01,0.000000000000000000e+00
6.085894011195900788e+01,0.000000000000000000e+00
6.305965656281988885e+01,0.000000000000000000e+00
6.216880361831857726e+01,0.000000000000000000e+00
6.254179697514606318e+01,0.000000000000000000e+00
5.965574946372648668e+01,0.000000000000000000e+00
6.351560044066805233e+01,0.000000000000000000e+00
5.991047667713162639e+01,0.000000000000000000e+00
6.528301984304313521e+01,0.000000000000000000e+00
6.055485192111942183e+01,0.000000000000000000e+00
6.209396995536598496e+01,0.000000000000000000e+00
6.207264302065738093e+01,0.000000000000000000e+00
6.014077356294494336e+01,0.000000000000000000e+00
6.314319154062111750e+01,0.000000000000000000e+00
6.206503646000030727e+01,0.000000000000000000e+00
6.352661858510228399e+01,0.000000000000000000e+00
6.367667001902889723e+01,0.000000000000000000e+00
6.220276371269038407e+01,0.000000000000000000e+00
6.411288722007537899e+01,0.000000000000000000e+00
6.132411571181996379e+01,0.000000000000000000e+00
6.226815117195771876e+01,0.000000000000000000e+00
6.353088384807321631e+01,0.000000000000000000e+00
6.157129162364484642e+01,0.000000000000000000e+00
6.415740838865143303e+01,0.000000000000000000e+00
6.289435439673867734e+01,0.000000000000000000e+00
6.168661527780916742e+01,0.000000000000000000e+00
6.157281578107060227e+01,0.000000000000000000e+00
6.332884070901390317e+01,0.000000000000000000e+00
6.354945663340763673e+01,0.000000000000000000e+00
6.800846201122870127e+01,0.000000000000000000e+00
6.568940743350624700e+01,0.000000000000000000e+00
6.474669563851951182e+01,0.000000000000000000e+00
6.678160510259496618e+01,0.000000000000000000e+00
6.575607013847249505e+01,0.000000000000000000e+00
6.447513119220853639e+01,0.000000000000000000e+00
6.572325998270707714e+01,0.000000000000000000e+00
6.533070368770523828e+01,0.000000000000000000e+00
6.177786196682356490e+01,0.000000000000000000e+00
6.345505815825278262e+01,0.000000000000000000e+00
6.493357092392444940e+01,0.000000000000000000e+00
6.388670633891376127e+01,0.000000000000000000e+00
6.283598548032714604e+01,0.000000000000000000e+00
6.415311752945545720e+01,0.000000000000000000e+00
6.478167092824736528e+01,0.000000000000000000e+00
6.429168785858631452e+01,0.000000000000000000e+00
6.207239244625898777e+01,0.000000000000000000e+00
6.523237612494136783e+01,0.000000000000000000e+00
6.812702336382221802e+01,0.000000000000000000e+00
6.838245403228924602e+01,0.000000000000000000e+00
6.726323365879370897e+01,0.000000000000000000e+00
6.442792241789895513e+01,0.000000000000000000e+00
6.719532939954035555e+01,0.000000000000000000e+00
6.558943708970279829e+01,0.000000000000000000e+00
6.284856426406587104e+01,0.000000000000000000e+00
6.501347374110517308e+01,0.000000000000000000e+00
6.511973816352978872e+01,0.000000000000000000e+00
6.448507265279424416e+01,0.000000000000000000e+00
6.472953733974451040e+01,0.000000000000000000e+00
6.453638054239155508e+01,0.000000000000000000e+00
6.713615880946947811e+01,0.000000000000000000e+00
6.411150700998392438e+01,0.000000000000000000e+00
6.888756631744050196e+01,0.000000000000000000e+00
6.507578476721047878e+01,0.000000000000000000e+00
6.728326704572546646e+01,0.000000000000000000e+00
6.769532575774731242e+01,0.000000000000000000e+00
6.842837745342410471e+01,0.000000000000000000e+00
7.051794218148631899e+01,0.000000000000000000e+00
6.634284373522183387e+01,0.000000000000000000e+00
6.739553007635471715e+01,0.000000000000000000e+00
6.647782140737120926e+01,0.000000000000000000e+00
6.413610750994628518e+01,0.000000000000000000e+00
6.573348515082743404e+01,0.000000000000000000e+00
6.652357263203478510e+01,0.000000000000000000e+00
6.951762448295072261e+01,0.000000000000000000e+00
6.891067051780848374e+01,0.000000000000000000e+00
6.653904152132507477e+01,0.000000000000000000e+00
7.090683340405668389e+01,0.000000000000000000e+00
6.508100642515425704e+01,0.000000000000000000e+00
6.888128282091501831e+01,0.000000000000000000e+00
6.966333388499832324e+01,0.000000000000000000e+00
6.524150240700296877e+01,0.000000000000000000e+00
6.649695306327677713e+01,0.000000000000000000e+00
6.875959051663463129e+01,0.000000000000000000e+00
6.753822320951958602e+01,0.000000000000000000e+00
6.960109339175932064e+01,0.000000000000000000e+00
6.740894718960467458e+01,0.000000000000000000e+00
6.711070810020821398e+01,0.000000000000000000e+00
6.993902210352317184e+01,0.000000000000000000e+00
6.533901615760058235e+01,0.000000000000000000e+00
6.793332744719670302e+01,0.000000000000000000e+00
6.622010695671100677e+01,0.000000000000000000e+00
7.097209906657779754e+01,0.000000000000000000e+00
6.909309444725234073e+01,0.000000000000000000e+00
6.665692561594688925e+01,0.000000000000000000e+00
6.696449791333643020e+01,0.000000000000000000e+00
7.041990125620074537e+01,0.000000000000000000e+00
6.839018734648226427e+01,0.000000000000000000e+00
6.955006328321275078e+01,0.000000000000000000e+00
7.021763426221430393e+01,0.000000000000000000e+00
6.980454766194866068e+01,0.000000000000000000e+00
6.674117753142370191e+01,0.000000000000000000e+00
6.902334949416949428e+01,0.000000000000000000e+00
6.998181516252415690e+01,0.000000000000000000e+00
6.775737599065371342e+01,0.000000000000000000e+00
6.719996441663778342e+01,0.000000000000000000e+00
7.052226546889656333e+01,0.000000000000000000e+00
6.683764198619256547e+01,0.000000000000000000e+00
7.180409858191583794e+01,0.000000000000000000e+00
7.157138213784584480e+01,0.000000000000000000e+00
7.010765404078951235e+01,0.000000000000000000e+00
6.863092463848241209e+01,0.000000000000000000e+00
6.775767141614042544e+01,0.000000000000000000e+00
6.962178075718648529e+01,0.000000000000000000e+00
6.901264822665474696e+01,0.000000000000000000e+00
6.716894543760550107e+01,0.000000000000000000e+00
7.107126323044022342e+01,0.000000000000000000e+00
6.917670696455128621e+01,0.000000000000000000e+00
6.795814979913023990e+01,0.000000000000000000e+00
7.082268379758882304e+01,0.000000000000000000e+00
7.153806881033108311e+01,0.000000000000000000e+00
7.370143320386313235e+01,0.000000000000000000e+00
7.067008398271855185e+01,0.000000000000000000e+00
6.963173447227912050e+01,0.000000000000000000e+00
6.969835220623424732e+01,0.000000000000000000e+00
6.974637929859228791e+01,0.000000000000000000e+00
7.096932836055646021e+01,0.000000000000000000e+00
6.679161133109340653e+01,0.000000000000000000e+00
6.761469496152531633e+01,0.000000000000000000e+00
7.041413567871286716e+01,0.000000000000000000e+00
6.938404899775889589e+01,0.000000000000000000e+00
7.292508410757181991e+01,0.000000000000000000e+00
7.089954298143139511e+01,0.000000000000000000e+00
7.461137241461926806e+01,0.000000000000000000e+00
7.120127301884690496e+01,0.000000000000000000e+00
7.491006110182613043e+01,0.000000000000000000e+00
7.044678902640384877e+01,0.000000000000000000e+00
7.104792924054312664e+01,0.000000000000000000e+00
7.114198058612053899e+01,0.000000000000000000e+00
7.263449940936199312e+01,0.000000000000000000e+00
6.957343347999629657e+01,0.000000000000000000e+00
6.888095336656658674e+01,0.000000000000000000e+00
7.225779145909868362e+01,0.000000000000000000e+00
6.967660940667110481e+01,0.000000000000000000e+00
7.214756192898019549e+01,0.000000000000000000e+00
7.063950488483598633e+01,0.000000000000000000e+00
7.043395418672486130e+01,0.000000000000000000e+00
7.224918334208987858e+01,0.000000000000000000e+00
7.008151843578622220e+01,0.000000000000000000e+00
7.175454883534256112e+01,0.000000000000000000e+00
7.044493595481004888e+01,0.000000000000000000e+00
7.051963456760891802e+01,0.000000000000000000e+00
7.334551232748714256e+01,0.000000000000000000e+00
7.349107611697019138e+01,0.000000000000000000e+00
7.562080637300732633e+01,0.000000000000000000e+00
7.427309945265467661e+01,0.000000000000000000e+00
7.483447393219962862e+01,0.000000000000000000e+00
7.334523136327297266e+01,0.000000000000000000e+00
7.184698003721256043e+01,0.000000000000000000e+00
7.088092565946514867e+01,0.000000000000000000e+00
7.243776988005971873e+01,0.000000000000000000e+00
6.979673411649579862e+01,0.000000000000000000e+00
7.246055732214115608e+01,0.000000000000000000e+00
7.366990937142074358e+01,0.000000000000000000e+00
7.204668744062082908e+01,0.000000000000000000e+00
7.496157875370305135e+01,0.000000000000000000e+00
6.873162157446692788e+01,0.000000000000000000e+00
7.380475603100411774e+01,0.000000000000000000e+00
6.972369697313749271e+01,0.000000000000000000e+00
7.461361049516136745e+01,0.000000000000000000e+00
7.337117138797914606e+01,0.000000000000000000e+00
7.496883641745714044e+01,0.000000000000000000e+00
7.391002783900199802e+01,0.000000000000000000e+00
7.251307700524830580e+01,0.000000000000000000e+00
7.113337788632509273e+01,0.000000000000000000e+00
7.070734234696377030e+01,0.000000000000000000e+00
7.527171336731717588e+01,0.000000000000000000e+00
7.716341646343141747e+01,0.000000000000000000e+00
7.300881964998517049e+01,0.000000000000000000e+00
7.171068463499562995e+01,0.000000000000000000e+00
7.060938015183802463e+01,0.000000000000000000e+00
7.461202079631559059e+01,0.000000000000000000e+00
7.309904350428409714e+01,0.000000000000000000e+00
7.334043590790103906e+01,0.000000000000000000e+00
7.357544221449069255e+01,0.000000000000000000e+00
7.568922523860160823e+01,0.000000000000000000e+00
7.248505149946875292e+01,0.000000000000000000e+00
7.339689073752091986e+01,0.000000000000000000e+00
7.523091643970660414e+01,0.000000000000000000e+00
7.618781965476885887e+01,0.000000000000000000e+00
7.421708439706821991e+01,0.000000000000000000e+00
7.311760651043438486e+01,0.000000000000000000e+00
7.595564772712170054e+01,0.000000000000000000e+00
7.269780164624511087e+01,0.000000000000000000e+00
7.331445860678216775e+01,0.000000000000000000e+00
7.820711475208622687e+01,0.000000000000000000e+00
7.567301319015508909e+01,0.000000000000000000e+00
7.305639586342802261e+01,0.000000000000000000e+00
7.162012065754750267e+01,0.000000000000000000e+00
7.397745565471096540e+01,0.000000000000000000e+00
7.248432987215961987e+01,0.000000000000000000e+00
7.572003436633995932e+01,0.000000000000000000e+00
7.453990857900151923e+01,0.000000000000000000e+00
7.447586945505202038e+01,0.000000000000000000e+00
7.353423340609101899e+01,0.000000000000000000e+00
7.702804855166979792e+01,0.000000000000000000e+00
7.427205091849567964e+01,0.000000000000000000e+00
7.904289456502182531e+01,0.000000000000000000e+00
7.497669271340210173e+01,0.000000000000000000e+00
7.430644584363962224e+01,0.000000000000000000e+00
7.605878930803120852e+01,0.000000000000000000e+00
7.485918643081227231e+01,0.000000000000000000e+00
7.295856115835202615e+01,0.000000000000000000e+00
7.267032434589668810e+01,0.000000000000000000e+00
7.726173663727040264e+01,0.000000000000000000e+00
7.885400619993872340e+01,0.000000000000000000e+00
7.520601565075438089e+01,0.000000000000000000e+00
7.306073595418044420e+01,0.000000000000000000e+00
7.510949393565543630e+01,0.000000000000000000e+00
7.781193893274775064e+01,0.000000000000000000e+00
7.411302273011041564e+01,0.000000000000000000e+00
7.369234994442845732e+01,0.000000000000000000e+00
7.828519555681086217e+01,0.000000000000000000e+00
7.801318149909531030e+01,0.000000000000000000e+00
7.430063888005422257e+01,0.000000000000000000e+00
7.470818034434128663e+01,0.000000000000000000e+00
7.632554587062456619e+01,0.000000000000000000e+00
7.559360519598351402e+01,0.000000000000000000e+00
7.896102637387461698e+01,0.000000000000000000e+00
7.380591338997932382e+01,0.000000000000000000e+00
7.356627766970476046e+01,0.000000000000000000e+00
7.562627296465825566e+01,0.000000000000000000e+00
7.496331738584896698e+01,0.000000000000000000e+00
7.558605991764346754e+01,0.000000000000000000e+00
7.654602163231443512e+01,0.000000000000000000e+00
7.490252206086836395e+01,0.000000000000000000e+00
7.533138599599182328e+01,0.000000000000000000e+00
7.552963071799950967e+01,0.000000000000000000e+00
7.690391065555155592e+01,0.000000000000000000e+00
7.658849374215900241e+01,0.000000000000000000e+00
7.577431808434927518e+01,0.000000000000000000e+00
7.741188439383472542e+01,0.000000000000000000e+00
7.455876486959544991e+01,0.000000000000000000e+00
7.926712760480816655e+01,0.000000000000000000e+00
7.483325305339347722e+01,0.000000000000000000e+00
7.787764402147809051e+01,0.000000000000000000e+00
7.870999156926507112e+01,0.000000000000000000e+00
7.622005706315960083e+01,0.000000000000000000e+00
8.159610976964634688e+01,0.000000000000000000e+00
7.878773258791265732e+01,0.000000000000000000e+00
7.477735981647064989e+01,0.000000000000000000e+00
7.596632033123444216e+01,0.000000000000000000e+00
7.590102966458665890e+01,0.000000000000000000e+00
7.665109075497854008e+01,0.000000000000000000e+00
7.687917637104055757e+01,0.000000000000000000e+00
7.486592638567640279e+01,0.000000000000000000e+00
7.263581459037207821e+01,0.000000000000000000e+00
7.742462041285142504e+01,0.000000000000000000e+00
7.443440455636668673e+01,0.000000000000000000e+00
7.794602220195280040e+01,0.000000000000000000e+00
7.648984844006272965e+01,0.000000000000000000e+00
7.854864263411749903e+01,0.000000000000000000e+00
7.957587176281026586e+01,0.000000000000000000e+00
7.928532559987905870e+01,0.000000000000000000e+00
7.295200223053593902e+01,0.000000000000000000e+00
7.997547055474366573e+01,0.000000000000000000e+00
7.908658127580319785e+01,0.000000000000000000e+00
8.171006526257571068e+01,0.000000000000000000e+00
8.119811557959289416e+01,0.000000000000000000e+00
8.102105286955753627e+01,0.000000000000000000e+00
8.168114665050966039e+01,0.000000000000000000e+00
7.509338026944612920e+01,0.000000000000000000e+00
7.681147203622343511e+01,0.000000000000000000e+00
7.933285986067951967e+01,0.000000000000000000e+00
7.685981176385023161e+01,0.000000000000000000e+00
7.729438218330419375e+01,0.000000000000000000e+00
7.932618484280683901e+01,0.000000000000000000e+00
8.185967514492737962e+01,0.000000000000000000e+00
8.057670311027743537e+01,0.000000000000000000e+00
7.878960017360472534e+01,0.000000000000000000e+00
7.842195425799783948e+01,0.000000000000000000e+00
7.665344404549053081e+01,0.000000000000000000e+00
7.913557579009604126e+01,0.000000000000000000e+00
7.866434353891823150e+01,0.000000000000000000e+00
8.054213333525173368e+01,0.000000000000000000e+00
7.498411009513682757e+01,0.000000000000000000e+00
7.646474602334409099e+01,0.000000000000000000e+00
7.893816090931075280e+01,0.000000000000000000e+00
7.951237207512528471e+01,0.000000000000000000e+00
8.234522271662395099e+01,0.000000000000000000e+00
7.602381518777616520e+01,0.000000000000000000e+00
7.545280560579979579e+01,0.000000000000000000e+00
7.554986982752906499e+01,0.000000000000000000e+00
7.878676405548027617e+01,0.000000000000000000e+00
7.594647095241593604e+01,0.000000000000000000e+00
7.941672597713171911e+01,0.000000000000000000e+00
7.968997411177846857e+01,0.000000000000000000e+00
7.441957314001265900e+01,0.000000000000000000e+00
7.782537295917876463e+01,0.000000000000000000e+00
7.917210230941472560e+01,0.000000000000000000e+00
7.972504266435780096e+01,0.000000000000000000e+00
7.879371880935156014e+01,0.000000000000000000e+00
7.680967160863083620e+01,0.000000000000000000e+00
7.531220149020916210e+01,0.000000000000000000e+00
7.841043410606749831e+01,0.000000000000000000e+00
8.158080249834158337e+01,0.000000000000000000e+00
8.130187552370509252e+01,0.000000000000000000e+00
7.800428548599326461e+01,0.000000000000000000e+00
7.937604208313319987e+01,0.000000000000000000e+00
7.673661650902039355e+01,0.000000000000000000e+00
7.467573344127353607e+01,0.000000000000000000e+00
7.702196568109442865e+01,0.000000000000000000e+00
7.829011866774534667e+01,0.000000000000000000e+00
7.609057936904714836e+01,0.000000000000000000e+00
7.727007707781355350e+01,0.000000000000000000e+00
7.758160545540819442e+01,0.000000000000000000e+00
7.838668773839808068e+01,0.000000000000000000e+00
8.018645549361082203e+01,0.000000000000000000e+00
8.081892545152278728e+01,0.000000000000000000e+00
7.971285016437637694e+01,0.000000000000000000e+00
8.090879647986137968e+01,0.000000000000000000e+00
8.370531113154649461e+01,0.000000000000000000e+00
7.667290355336470498e+01,0.000000000000000000e+00
8.154684322187914347e+01,0.000000000000000000e+00
8.046739655462135943e+01,0.000000000000000000e+00
7.831691224591010325e+01,0.000000000000000000e+00
7.828166497124820467e+01,0.000000000000000000e+00
7.774617445730054044e+01,0.000000000000000000e+00
8.041451112608834251e+01,0.000000000000000000e+00
8.175486405495405506e+01,0.000000000000000000e+00
7.993022852690542379e+01,0.000000000000000000e+00
8.397154691369594559e+01,0.000000000000000000e+00
7.994608199632715184e+01,0.000000000000000000e+00
7.880209649343836986e+01,0.000000000000000000e+00
8.063826215459785374e+01,0.000000000000000000e+00
7.863836222615988447e+01,0.000000000000000000e+00
7.903129272069212163e+01,0.000000000000000000e+00
8.141667488944290199e+01,0.000000000000000000e+00
7.973217867484495969e+01,0.000000000000000000e+00
8.068093034688011755e+01,0.000000000000000000e+00
7.995984368000327436e+01,0.000000000000000000e+00
7.823747656805107908e+01,0.000000000000000000e+00
7.755789004155725763e+01,0.000000000000000000e+00
7.784897138874814004e+01,0.000000000000000000e+00
7.761715160694824078e+01,0.000000000000000000e+00
7.795077293372236227e+01,0.000000000000000000e+00
7.884865756761136879e+01,0.000000000000000000e+00
8.053242730463158239e+01,0.000000000000000000e+00
8.354230611524066319e+01,0.000000000000000000e+00
7.880821053889636119e+01,0.000000000000000000e+00
7.960117210476005312e+01,0.000000000000000000e+00
7.581839407606041448e+01,0.000000000000000000e+00
7.600833149024278157e+01,0.000000000000000000e+00
8.192760114782778658e+01,0.000000000000000000e+00
7.918017212443680819e+01,0.000000000000000000e+00
8.170814801499928137e+01,0.000000000000000000e+00
7.848305721144795655e+01,0.000000000000000000e+00
7.792252640577382294e+01,0.000000000000000000e+00
7.983462745419710416e+01,0.000000000000000000e+00
7.976829735652985676e+01,0.000000000000000000e+00
7.846707098183686924e+01,0.000000000000000000e+00
7.781439789521816408e+01,0.000000000000000000e+00
7.666869600576681876e+01,0.000000000000000000e+00
7.795993053085280167e+01,0.000000000000000000e+00
7.719466092873344110e+01,0.000000000000000000e+00
7.888631830685105228e+01,0.000000000000000000e+00
7.713027030771165471e+01,0.000000000000000000e+00
7.845524153437089865e+01,0.000000000000000000e+00
7.533809769712367199e+01,0.000000000000000000e+00
8.158865424972482572e+01,0.000000000000000000e+00
8.117788334108044523e+01,0.000000000000000000e+00
8.015517081833066015e+01,0.000000000000000000e+00
8.182782085585883181e+01,0.000000000000000000e+00
8.439210688842931063e+01,0.000000000000000000e+00
7.867840328138441919e+01,0.000000000000000000e+00
8.043493511812962993e+01,0.000000000000000000e+00
7.979185918904366304e+01,0.000000000000000000e+00
7.964212461011277355e+01,0.000000000000000000e+00
8.302747530730252379e+01,0.000000000000000000e+00
8.451087669933015434e+01,0.000000000000000000e+00
8.015927962372775539e+01,0.000000000000000000e+00
7.985641287322557957e+01,0.000000000000000000e+00
8.288029129691085473e+01,0.000000000000000000e+00
7.809227184845502734e+01,0.000000000000000000e+00
7.965372518804500146e+01,0.000000000000000000e+00
7.579293611073489956e+01,0.000000000000000000e+00
8.099848022888610899e+01,0.000000000000000000e+00
7.775526748533724231e+01,0.000000000000000000e+00
7.901977812448852490e+01,0.000000000000000000e+00
7.886896168118968831e+01,0.000000000000000000e+00
7.981465714377482357e+01,0.000000000000000000e+00
8.485850444705430107e+01,0.000000000000000000e+00
7.892530035742971961e+01,0.000000000000000000e+00
7.974203220580955076e+01,0.000000000000000000e+00
7.830589882903743160e+01,0.000000000000000000e+00
7.733635569931553277e+01,0.000000000000000000e+00
8.030802293263140257e+01,0.000000000000000000e+00
7.587750933058241287e+01,0.000000000000000000e+00
8.101754799240039517e+01,0.000000000000000000e+00
7.942894530776649731e+01,0.000000000000000000e+00
8.039213903525852345e+01,0.000000000000000000e+00
7.790709828121367764e+01,0.000000000000000000e+00
8.072785668277751370e+01,0.000000000000000000e+00
7.967625884437569539e+01,0.000000000000000000e+00
8.158055331096271345e+01,0.000000000000000000e+00
8.036189007399489981e+01,0.000000000000000000e+00
8.059283964471617878e+01,0.000000000000000000e+00
8.073720010738736619e+01,0.000000000000000000e+00
8.059526127877619217e+01,0.000000000000000000e+00
7.835444238881650847e+01,0.000000000000000000e+00
7.808624658028637100e+01,0.000000000000000000e+00
7.784001599619222134e+01,0.000000000000000000e+00
7.952721350797702371e+01,0.000000000000000000e+00
8.059844763488725050e+01,0.000000000000000000e+00
7.870852933058607448e+01,0.000000000000000000e+00
7.932205056632034257e+01,0.000000000000000000e+00
7.886333232934447324e+01,0.000000000000000000e+00
8.074418582625919782e+01,0.000000000000000000e+00
7.936186189098661714e+01,0.000000000000000000e+00
8.085985833179732651e+01,0.000000000000000000e+00
7.934818682480702989e+01,0.000000000000000000e+00
8.023163108643383623e+01,0.000000000000000000e+00
8.076281033651997632e+01,0.000000000000000000e+00
7.866299493176369140e+01,0.000000000000000000e+00
8.018302153584485836e+01,0.000000000000000000e+00
8.011392734376818225e+01,0.000000000000000000e+00
8.087131923136060152e+01,0.000000000000000000e+00
7.951704321225264493e+01,0.000000000000000000e+00
8.071424498882210230e+01,0.000000000000000000e+00
8.030037875608584841e+01,0.000000000000000000e+00
7.888796418828528090e+01,0.000000000000000000e+00
8.030322107764551731e+01,0.000000000000000000e+00
7.743719713134680660e+01,0.000000000000000000e+00
7.919129704040604167e+01,0.000000000000000000e+00
8.094696353020880508e+01,0.000000000000000000e+00
8.100273687142627921e+01,0.000000000000000000e+00
8.078354807376980773e+01,0.000000000000000000e+00
8.053916659844421133e+01,0.000000000000000000e+00
7.851399905793833511e+01,0.000000000000000000e+00
8.280572948449839998e+01,0.000000000000000000e+00
8.192719236939487359e+01,0.000000000000000000e+00
8.207939066216913204e+01,0.000000000000000000e+00
8.224470782284002723e+01,0.000000000000000000e+00
8.089183344553698873e+01,0.000000000000000000e+00
8.620290611632745481e+01,0.000000000000000000e+00
8.055604957827901558e+01,0.000000000000000000e+00
8.095108697857720870e+01,0.000000000000000000e+00
8.251657544995507010e+01,0.000000000000000000e+00
8.154168832088103613e+01,0.000000000000000000e+00
8.074769280598587784e+01,0.000000000000000000e+00
7.853465379618741338e+01,0.000000000000000000e+00
7.979391079348268079e+01,0.000000000000000000e+00
7.730915875476193833e+01,0.000000000000000000e+00
7.738999670765689132e+01,0.000000000000000000e+00
7.907203839839532122e+01,0.000000000000000000e+00
8.014632648944704840e+01,0.000000000000000000e+00
7.955108671811994725e+01,0.000000000000000000e+00
8.172675886630749176e+01,0.000000000000000000e+00
8.061112889062962950e+01,0.000000000000000000e+00
8.079698094974357048e+01,0.000000000000000000e+00
7.924565546418774886e+01,0.000000000000000000e+00
8.085821773308867932e+01,0.000000000000000000e+00
8.240627400116335366e+01,0.000000000000000000e+00
7.872081517945861151e+01,0.000000000000000000e+00
8.199159996169946396e+01,0.000000000000000000e+00
8.031765976601792545e+01,0.000000000000000000e+00
8.160705787277836976e+01,0.000000000000000000e+00
7.895139127872766949e+01,0.000000000000000000e+00
7.918349420636657499e+01,0.000000000000000000e+00
7.916229722496332499e+01,0.000000000000000000e+00
8.152067836781128563e+01,0.000000000000000000e+00
7.952258675409281352e+01,0.000000000000000000e+00
7.800675301560231389e+01,0.000000000000000000e+00
7.999472448736140962e+01,0.000000000000000000e+00
7.967870369350887927e+01,0.000000000000000000e+00
7.951485582824774667e+01,0.000000000000000000e+00
7.613972805977326175e+01,0.000000000000000000e+00
8.244411284023905750e+01,0.000000000000000000e+00
8.195212719532388235e+01,0.000000000000000000e+00
8.125094475143281159e+01,0.000000000000000000e+00
8.089869491635244003e+01,0.000000000000000000e+00
7.829617505650928422e+01,0.000000000000000000e+00
7.751742764743741532e+01,0.000000000000000000e+00
7.663690348437832256e+01,0.000000000000000000e+00
7.726326267496675371e+01,0.000000000000000000e+00
7.700505534003285391e+01,0.000000000000000000e+00
8.043904743516682743e+01,0.000000000000000000e+00
8.006677718582115233e+01,0.000000000000000000e+00
7.709021531052630394e+01,0.000000000000000000e+00
8.044973145893749233e+01,0.000000000000000000e+00
7.860257958837682679e+01,0.000000000000000000e+00
7.683299413881050555e+01,0.000000000000000000e+00
7.571261593469465367e+01,0.000000000000000000e+00
7.888481988500873854e+01,0.000000000000000000e+00
8.025544596052598934e+01,0.000000000000000000e+00
8.337961663734537865e+01,0.000000000000000000e+00
7.884540712674326812e+01,0.000000000000000000e+00
8.061118826185527553e+01,0.000000000000000000e+00
8.420391821291462975e+01,0.000000000000000000e+00
7.805337019566910328e+01,0.000000000000000000e+00
8.149849122926667633e+01,0.000000000000000000e+00
8.155572625287956612e+01,0.000000000000000000e+00
7.930365640190528609e+01,0.000000000000000000e+00
7.915742218680287579e+01,0.000000000000000000e+00
7.733284990248064616e+01,0.000000000000000000e+00
8.248537409573715706e+01,0.000000000000000000e+00
7.413907516397124198e+01,0.000000000000000000e+00
7.658879479166141380e+01,0.000000000000000000e+00
7.733136157863712867e+01,0.000000000000000000e+00
7.467451318063874055e+01,0.000000000000000000e+00
7.946045315882355453e+01,0.000000000000000000e+00
7.927340898688076720e+01,0.000000000000000000e+00
7.899749069366747278e+01,0.000000000000000000e+00
7.598814054384006056e+01,0.000000000000000000e+00
8.037665723547618768e+01,0.000000000000000000e+00
8.036207027310757667e+01,0.000000000000000000e+00
7.741481775858933645e+01,0.000000000000000000e+00
7.839743853713930832e+01,0.000000000000000000e+00
7.728835906188042770e+01,0.000000000000000000e+00
8.033958599858797811e+01,0.000000000000000000e+00
8.196725270282206566e+01,0.000000000000000000e+00
7.841198385198657661e+01,0.000000000000000000e+00
7.982005953737549930e+01,0.000000000000000000e+00
8.385269091163421251e+01,0.000000000000000000e+00
7.787495387841107686e+01,0.000000000000000000e+00
7.696411035704241499e+01,0.000000000000000000e+00
7.818104097595666246e+01,0.000000000000000000e+00
7.518006955423447835e+01,0.000000000000000000e+00
8.091411486566586575e+01,0.000000000000000000e+00
8.007959807089061144e+01,0.000000000000000000e+00
7.859712419465799371e+01,0.000000000000000000e+00
7.719839420987743495e+01,0.000000000000000000e+00
7.954663665341760748e+01,0.000000000000000000e+00
7.621862902493546699e+01,0.000000000000000000e+00
8.034923631748443995e+01,0.000000000000000000e+00
7.907002642485923616e+01,0.000000000000000000e+00
8.090609379054217243e+01,0.000000000000000000e+00
7.932571467831769496e+01,0.000000000000000000e+00
7.616593129149758568e+01,0.000000000000000000e+00
7.328683491340599687e+01,0.000000000000000000e+00
8.003044863961214617e+01,0.000000000000000000e+00
7.849494111864176205e+01,0.000000000000000000e+00
7.727775208080933567e+01,0.000000000000000000e+00
8.017205375285750790e+01,0.000000000000000000e+00
7.561917133453154349e+01,0.000000000000000000e+00
7.720727291375430923e+01,0.000000000000000000e+00
7.604700828806964807e+01,0.000000000000000000e+00
7.802565569752634644e+01,0.000000000000000000e+00
7.891868296541036898e+01,0.000000000000000000e+00
7.651393810066944923e+01,0.000000000000000000e+00
7.704510883232276797e+01,0.000000000000000000e+00
7.905618038900439615e+01,0.000000000000000000e+00
7.749324034751342083e+01,0.000000000000000000e+00
7.559158116192553223e+01,0.000000000000000000e+00
7.659694951372212302e+01,0.000000000000000000e+00
7.502745149424622184e+01,0.000000000000000000e+00
7.810360072648795438e+01,0.000000000000000000e+00
7.809044765914700292e+01,0.000000000000000000e+00
7.673213532156385952e+01,0.000000000000000000e+00
7.864860885655082257e+01,0.000000000000000000e+00
7.938061756282877468e+01,0.000000000000000000e+00
7.773879490760518252e+01,0.000000000000000000e+00
7.782303011144452398e+01,0.000000000000000000e+00
7.878376919277134505e+01,0.000000000000000000e+00
7.739806557455528946e+01,0.000000000000000000e+00
7.866177500018758906e+01,0.000000000000000000e+00
7.674051939244114351e+01,0.000000000000000000e+00
7.881789922493702250e+01,0.000000000000000000e+00
7.820176714083744685e+01,0.000000000000000000e+00
8.080529161549922890e+01,0.000000000000000000e+00
7.672662166615636181e+01,0.000000000000000000e+00
8.113513304016012739e+01,0.000000000000000000e+00
7.881541689194942535e+01,0.000000000000000000e+00
7.741006379793350334e+01,0.000000000000000000e+00
7.986863429372776579e+01,0.000000000000000000e+00
8.006106130546000088e+01,0.000000000000000000e+00
7.545447864797846194e+01,0.000000000000000000e+00
7.777640027248315846e+01,0.000000000000000000e+00
8.001364018823940683e+01,0.000000000000000000e+00
7.589217944040379393e+01,0.000000000000000000e+00
7.880223945178656209e+01,0.000000000000000000e+00
7.813189310602109572e+01,0.000000000000000000e+00
7.532626401565572394e+01,0.000000000000000000e+00
7.582625133906284987e+01,0.000000000000000000e+00
7.820162450098240470e+01,0.000000000000000000e+00
7.976147025447004069e+01,0.000000000000000000e+00
7.692280876686329805e+01,0.000000000000000000e+00
7.849543786029157388e+01,0.000000000000000000e+00
7.906879192091470543e+01,0.000000000000000000e+00
7.686203183323404176e+01,0.000000000000000000e+00
7.967372392294065264e+01,0.000000000000000000e+00
7.728014819720480943e+01,0.000000000000000000e+00
7.914210357502540205e+01,0.000000000000000000e+00
7.836627700158047105e+01,0.000000000000000000e+00
7.634417942690393488e+01,0.000000000000000000e+00
7.926218550603383051e+01,0.000000000000000000e+00
7.986505198544297457e+01,0.000000000000000000e+00
7.787639587978742384e+01,0.000000000000000000e+00
7.453120681076329390e+01,0.000000000000000000e+00
7.547753643942199631e+01,0.000000000000000000e+00
8.009754554678077909e+01,0.000000000000000000e+00
7.482739774963016544e+01,0.000000000000000000e+00
7.797294567123653053e+01,0.000000000000000000e+00
7.784217936160612794e+01,0.000000000000000000e+00
7.596298455927431803e+01,0.000000000000000000e+00
7.445416879325098591e+01,0.000000000000000000e+00
7.275711590557014574e+01,0.000000000000000000e+00
7.624508861050587427e+01,0.000000000000000000e+00
7.500631582824357224e+01,0.000000000000000000e+00
7.961037073166609446e+01,0.000000000000000000e+00
7.604252176796290996e+01,0.000000000000000000e+00
7.869632110455503948e+01,0.000000000000000000e+00
7.435807981781826470e+01,0.000000000000000000e+00
7.387808145603224830e+01,0.000000000000000000e+00
7.832617305377890204e+01,0.000000000000000000e+00
7.910196964743226999e+01,0.000000000000000000e+00
7.716812326637069930e+01,0.000000000000000000e+00
7.375724259986836273e+01,0.000000000000000000e+00
7.490508364608632519e+01,0.000000000000000000e+00
7.749833640435134896e+01,0.000000000000000000e+00
7.608252847063039326e+01,0.000000000000000000e+00
7.360328258750874397e+01,0.000000000000000000e+00
7.664304160330966909e+01,0.000000000000000000e+00
7.599437309638415172e+01,0.000000000000000000e+00
8.035638288076530955e+01,0.000000000000000000e+00
7.701758768835682645e+01,0.000000000000000000e+00
7.703060242001058100e+01,0.000000000000000000e+00
7.543012246927457909e+01,0.000000000000000000e+00
7.369222115862511657e+01,0.000000000000000000e+00
8.188927278639027918e+01,0.000000000000000000e+00
7.647927195812148682e+01,0.000000000000000000e+00
7.605910945440656690e+01,0.000000000000000000e+00
7.503381136144570007e+01,0.000000000000000000e+00
7.424022208823778612e+01,0.000000000000000000e+00
7.397020485558597613e+01,0.000000000000000000e+00
7.782205581496381797e+01,0.000000000000000000e+00
7.638740734336310823e+01,0.000000000000000000e+00
7.664909761728172555e+01,0.000000000000000000e+00
7.389169734602872097e+01,0.000000000000000000e+00
7.648390403524628312e+01,0.000000000000000000e+00
7.532705552977755303e+01,0.000000000000000000e+00
7.346344247308162778e+01,0.000000000000000000e+00
7.151004259151743270e+01,0.000000000000000000e+00
7.566867434065711961e+01,0.000000000000000000e+00
7.395128935378414781e+01,0.000000000000000000e+00
7.336723065674193833e+01,0.000000000000000000e+00
7.425276795398667673e+01,0.000000000000000000e+00
7.209912344582599530e+01,0.000000000000000000e+00
7.255334384354156896e+01,0.000000000000000000e+00
7.308421228202784903e+01,0.000000000000000000e+00
8.013251377622587768e+01,0.000000000000000000e+00
7.238817009457865481e+01,0.000000000000000000e+00
7.466349890033650638e+01,0.000000000000000000e+00
7.141310507509496119e+01,0.000000000000000000e+00
7.568652941915819099e+01,0.000000000000000000e+00
7.354071569183328450e+01,0.000000000000000000e+00
7.429930992566156078e+01,0.000000000000000000e+00
6.996020082935575601e+01,0.000000000000000000e+00
7.488826271435148385e+01,0.000000000000000000e+00
7.629968495345521262e+01,0.000000000000000000e+00
7.276452324077084199e+01,0.000000000000000000e+00
7.271888782756772684e+01,0.000000000000000000e+00
7.370632615693554612e+01,0.000000000000000000e+00
7.025226870258741485e+01,0.000000000000000000e+00
7.397695612035448676e+01,0.000000000000000000e+00
7.408754864207436697e+01,0.000000000000000000e+00
7.237615773182579915e+01,0.000000000000000000e+00
7.359235287705607220e+01,0.000000000000000000e+00
7.416499083966016315e+01,0.000000000000000000e+00
7.424574519925812410e+01,0.000000000000000000e+00
7.532931689644564699e+01,0.000000000000000000e+00
7.385039940713866713e+01,0.000000000000000000e+00
7.163660890347030374e+01,0.000000000000000000e+00
7.286298005636513153e+01,0.000000000000000000e+00
7.121604833312692051e+01,0.000000000000000000e+00
7.367842412157602894e+01,0.000000000000000000e+00
7.280173504433051335e+01,0.000000000000000000e+00
7.625346615718353860e+01,0.000000000000000000e+00
7.177690633306411883e+01,0.000000000000000000e+00
7.245455556914913586e+01,0.000000000000000000e+00
7.488732746805028739e+01,0.000000000000000000e+00
7.166785709743167843e+01,0.000000000000000000e+00
6.888983182523624293e+01,0.000000000000000000e+00
7.338083739780275039e+01,0.000000000000000000e+00
7.061052394849113512e+01,0.000000000000000000e+00
7.256330125719856028e+01,0.000000000000000000e+00
7.254669424562383995e+01,0.000000000000000000e+00
7.476359615731010422e+01,0.000000000000000000e+00
7.228703668023251794e+01,0.000000000000000000e+00
7.352403912750055781e+01,0.000000000000000000e+00
7.917983880239434313e+01,0.000000000000000000e+00
7.343455424566703016e+01,0.000000000000000000e+00
7.156514641163086310e+01,0.000000000000000000e+00
7.230615488630111543e+01,0.000000000000000000e+00
7.190553244625813534e+01,0.000000000000000000e+00
7.497410269819580719e+01,0.000000000000000000e+00
7.373595334824508996e+01,0.000000000000000000e+00
7.078283424783080591e+01,0.000000000000000000e+00
7.267912845369818342e+01,0.000000000000000000e+00
7.070267725860246344e+01,0.000000000000000000e+00
7.233654515100369053e+01,0.000000000000000000e+00
7.397216238973742009e+01,0.000000000000000000e+00
7.285597987639629025e+01,0.000000000000000000e+00
6.927185996401328794e+01,0.000000000000000000e+00
7.440652470794452711e+01,0.000000000000000000e+00
7.062200879796768049e+01,0.000000000000000000e+00
7.334184502542792927e+01,0.000000000000000000e+00
6.891351871895626857e+01,0.000000000000000000e+00
7.634648699548081652e+01,0.000000000000000000e+00
7.174924710360464530e+01,0.000000000000000000e+00
7.240879427801895929e+01,0.000000000000000000e+00
7.453486699119234515e+01,0.000000000000000000e+00
6.967508041849764311e+01,0.000000000000000000e+00
7.216420083591546586e+01,0.000000000000000000e+00
7.170547637817379893e+01,0.000000000000000000e+00
7.035379950583200070e+01,0.000000000000000000e+00
7.344861040260349228e+01,0.000000000000000000e+00
7.107758610887115935e+01,0.000000000000000000e+00
7.074107436042095287e+01,0.000000000000000000e+00
6.981545316032540427e+01,0.000000000000000000e+00
7.116145934284030261e+01,0.000000000000000000e+00
6.835053830190837232e+01,0.000000000000000000e+00
6.833842690238751061e+01,0.000000000000000000e+00
7.087305361744230936e+01,0.000000000000000000e+00
6.915789727131010522e+01,0.000000000000000000e+00
7.075064116391757807e+01,0.000000000000000000e+00
7.030034234662601023e+01,0.000000000000000000e+00
6.972321709229115072e+01,0.000000000000000000e+00
7.108484881787359200e+01,0.000000000000000000e+00
7.117930043734644130e+01,0.000000000000000000e+00
7.161412042155312463e+01,0.000000000000000000e+00
7.077151673864702275e+01,0.000000000000000000e+00
7.213339250734124164e+01,0.000000000000000000e+00
6.901221029526406880e+01,0.000000000000000000e+00
7.095617915763605765e+01,0.000000000000000000e+00
6.933008759711475477e+01,0.000000000000000000e+00
6.942690787020893595e+01,0.000000000000000000e+00
7.166097234789263837e+01,0.000000000000000000e+00
6.854513524756448817e+01,0.000000000000000000e+00
6.924296648754044270e+01,0.000000000000000000e+00
7.444967577159897587e+01,0.000000000000000000e+00
7.218707357283452097e+01,0.000000000000000000e+00
7.093407922465731019e+01,0.000000000000000000e+00
7.012164738507782147e+01,0.000000000000000000e+00
6.699439332758201715e+01,0.000000000000000000e+00
6.903835508113130004e+01,0.000000000000000000e+00
7.089242715092618141e+01,0.000000000000000000e+00
7.086151070670536001e+01,0.000000000000000000e+00
6.997470010760234516e+01,0.000000000000000000e+00
6.883971707283183150e+01,0.000000000000000000e+00
6.926869324725252852e+01,0.000000000000000000e+00
6.731273487460032356e+01,0.000000000000000000e+00
7.023667036292570742e+01,0.000000000000000000e+00
6.693654090860228223e+01,0.000000000000000000e+00
6.789147634421507860e+01,0.000000000000000000e+00
6.776500214193441707e+01,0.000000000000000000e+00
6.697255143143502210e+01,0.000000000000000000e+00
6.921728128044198058e+01,0.000000000000000000e+00
6.866001160673235404e+01,0.000000000000000000e+00
6.842529793078952594e+01,0.000000000000000000e+00
6.721862557785017600e+01,0.000000000000000000e+00
6.812176059197889799e+01,0.000000000000000000e+00
7.010059553132168730e+01,0.000000000000000000e+00
7.071715180372476084e+01,0.000000000000000000e+00
7.017158156492712351e+01,0.000000000000000000e+00
6.477261370496555060e+01,0.000000000000000000e+00
6.495220324905005782e+01,0.000000000000000000e+00
6.897774250192495060e+01,0.000000000000000000e+00
6.942093571573047939e+01,0.000000000000000000e+00
6.877264443577378472e+01,0.000000000000000000e+00
6.527410861767152994e+01,0.000000000000000000e+00
6.973758881055933045e+01,0.000000000000000000e+00
6.712768263711417660e+01,0.000000000000000000e+00
7.092968026622155264e+01,0.000000000000000000e+00
6.663334771711284077e+01,0.000000000000000000e+00
6.661967984759444050e+01,0.000000000000000000e+00
6.478559130553161083e+01,0.000000000000000000e+00
6.835174338784514703e+01,0.000000000000000000e+00
6.664045617427791512e+01,0.000000000000000000e+00
6.923887377169758395e+01,0.000000000000000000e+00
6.661796121666041870e+01,0.000000000000000000e+00
6.684322459111545811e+01,0.000000000000000000e+00
6.720866654378356486e+01,0.000000000000000000e+00
6.805595178144433532e+01,0.000000000000000000e+00
6.683130616698144877e+01,0.000000000000000000e+00
6.579252588965947268e+01,0.000000000000000000e+00
6.562477963760021282e+01,0.000000000000000000e+00
6.652752495748096351e+01,0.000000000000000000e+00
6.264408370552249750e+01,0.000000000000000000e+00
6.711343171326529955e+01,0.000000000000000000e+00
6.235935289704126205e+01,0.000000000000000000e+00
6.767243240937760618e+01,0.000000000000000000e+00
6.591289914632845637e+01,0.000000000000000000e+00
6.633371437429096318e+01,0.000000000000000000e+00
6.811343581750655574e+01,0.000000000000000000e+00
6.264653540181625146e+01,0.000000000000000000e+00
6.434844372341117946e+01,0.000000000000000000e+00
6.569276836518463369e+01,0.000000000000000000e+00
6.197136410185287048e+01,0.000000000000000000e+00
6.364170244390999898e+01,0.000000000000000000e+00
6.434581694662888651e+01,0.000000000000000000e+00
6.439066485422560504e+01,0.000000000000000000e+00
6.308278679441859538e+01,0.000000000000000000e+00
6.346925803573397218e+01,0.000000000000000000e+00
6.818181343800935679e+01,0.000000000000000000e+00
6.789396546328568149e+01,0.000000000000000000e+00
6.790391101437631960e+01,0.000000000000000000e+00
6.367369548621966402e+01,0.000000000000000000e+00
6.272193168518888484e+01,0.000000000000000000e+00
6.596111472466657233e+01,0.000000000000000000e+00
7.024641005031446639e+01,0.000000000000000000e+00
6.424123296194449040e+01,0.000000000000000000e+00
6.384862287530238234e+01,0.000000000000000000e+00
6.292796726813961783e+01,0.000000000000000000e+00
6.330107279387389951e+01,0.000000000000000000e+00
6.168296084949626845e+01,0.000000000000000000e+00
6.135564989683561521e+01,0.000000000000000000e+00
6.659312389895691808e+01,0.000000000000000000e+00
6.289626536033491533e+01,0.000000000000000000e+00
6.113587803909589979e+01,0.000000000000000000e+00
6.665430864092540730e+01,0.000000000000000000e+00
6.436136950407168911e+01,0.000000000000000000e+00
6.058552454507085372e+01,0.000000000000000000e+00
6.270816504589167550e+01,0.000000000000000000e+00
6.140318092408212891e+01,0.000000000000000000e+00
6.399057691993772323e+01,0.000000000000000000e+00
5.968741494831848371e+01,0.000000000000000000e+00
6.418626578696175500e+01,0.000000000000000000e+00
6.161932787169663328e+01,0.000000000000000000e+00
6.485650802422028960e+01,0.000000000000000000e+00
6.423149817445576559e+01,0.000000000000000000e+00
6.347126098803651217e+01,0.000000000000000000e+00
6.407738755725408453e+01,0.000000000000000000e+00
6.214008725685014412e+01,0.000000000000000000e+00
6.326621967386707723e+01,0.000000000000000000e+00
6.329027031107473533e+01,0.000000000000000000e+00
6.205897181116659311e+01,0.000000000000000000e+00
5.807197287842761568e+01,0.000000000000000000e+00
6.347827377697996809e+01,0.000000000000000000e+00
6.032294873754883469e+01,0.000000000000000000e+00
6.094334907070490459e+01,0.000000000000000000e+00
6.851145950194232626e+01,0.000000000000000000e+00
6.329251871948009978e+01,0.000000000000000000e+00
6.205011853666571398e+01,0.000000000000000000e+00
6.237637869539452851e+01,0.000000000000000000e+00
6.266755053887624172e+01,0.000000000000000000e+00
6.088371343041630723e+01,0.000000000000000000e+00
6.217219634712385101e+01,0.000000000000000000e+00
6.805957250544349790e+01,0.000000000000000000e+00
6.408071362498756685e+01,0.000000000000000000e+00
5.882165980244128178e+01,0.000000000000000000e+00
5.905495491723648627e+01,0.000000000000000000e+00
6.104424729410740724e+01,0.000000000000000000e+00
5.895809274962587665e+01,0.000000000000000000e+00
6.258471730926148524e+01,0.000000000000000000e+00
5.863217616841054536e+01,0.000000000000000000e+00
6.124314536068040837e+01,0.000000000000000000e+00
6.084594035064944961e+01,0.000000000000000000e+00
6.181820269681748670e+01,0.000000000000000000e+00
6.405791897863059603e+01,0.000000000000000000e+00
6.130029718996716781e+01,0.000000000000000000e+00
6.473558242422232922e+01,0.000000000000000000e+00
5.744019501880480050e+01,0.000000000000000000e+00
6.184053534166496036e+01,0.000000000000000000e+00
6.575702928237969047e+01,0.000000000000000000e+00
6.100466661310834837e+01,0.000000000000000000e+00
5.993790961186084587e+01,0.000000000000000000e+00
6.045999241840384286e+01,0.000000000000000000e+00
6.207288871050715784e+01,0.000000000000000000e+00
5.902968174831729442e+01,0.000000000000000000e+00
6.009269347151585094e+01,0.000000000000000000e+00
5.861300069199469931e+01,0.000000000000000000e+00
5.932104578796266026e+01,0.000000000000000000e+00
5.870182104405531476e+01,0.000000000000000000e+00
6.184801791075949495e+01,0.000000000000000000e+00
5.694679571243466398e+01,0.000000000000000000e+00
5.837118668023740753e+01,0.000000000000000000e+00
6.202161366719142421e+01,0.000000000000000000e+00
5.625360046615686116e+01,0.000000000000000000e+00
6.438149838652299195e+01,0.000000000000000000e+00
5.985783585102157645e+01,0.000000000000000000e+00
5.756300243548044193e+01,0.000000000000000000e+00
6.105216689154739385e+01,0.000000000000000000e+00
5.803264186476001640e+01,0.000000000000000000e+00
6.275457705918672247e+01,0.000000000000000000e+00
5.965046213291532240e+01,0.000000000000000000e+00
6.024308194787032988e+01,0.000000000000000000e+00
6.010452326413486901e+01,0.000000000000000000e+00
5.752303844643790853e+01,0.000000000000000000e+00
6.023470805738001133e+01,0.000000000000000000e+00
6.091289619151537948e+01,0.000000000000000000e+00
5.962383642992901400e+01,0.000000000000000000e+00
5.696357489098037519e+01,0.000000000000000000e+00
5.403619037188848040e+01,0.000000000000000000e+00
6.061227850178411103e+01,0.000000000000000000e+00
6.046545147677288412e+01,0.000000000000000000e+00
5.530907500541147925e+01,0.000000000000000000e+00
5.655663038599247727e+01,0.000000000000000000e+00
6.069582839392456464e+01,0.000000000000000000e+00
6.009530629625096765e+01,0.000000000000000000e+00
6.042672860176203642e+01,0.000000000000000000e+00
5.699539192936126852e+01,0.000000000000000000e+00
5.694775481338143663e+01,0.000000000000000000e+00
5.794625375474220164e+01,0.000000000000000000e+00
6.169348165260866068e+01,0.000000000000000000e+00
5.807895583068494716e+01,0.000000000000000000e+00
5.975776186147009383e+01,0.000000000000000000e+00
6.110049928007917686e+01,0.000000000000000000e+00
6.064057443809881676e+01,0.000000000000000000e+00
5.537199514097317632e+01,0.000000000000000000e+00
5.904476228979679320e+01,0.000000000000000000e+00
5.600889976006267545e+01,0.000000000000000000e+00
5.858702353988913814e+01,0.000000000000000000e+00
5.962354071052695303e+01,0.000000000000000000e+00
5.663021344636695176e+01,0.000000000000000000e+00
5.657513810947224187e+01,0.000000000000000000e+00
5.968180722171161534e+01,0.000000000000000000e+00
5.730306107947842520e+01,0.000000000000000000e+00
5.638430041018506955e+01,0.000000000000000000e+00
5.542054003830725151e+01,0.000000000000000000e+00
5.903586934039218903e+01,0.000000000000000000e+00
5.852517458542605766e+01,0.000000000000000000e+00
5.680289290844463324e+01,0.000000000000000000e+00
5.532910351954400596e+01,0.000000000000000000e+00
5.656780374030338976e+01,0.000000000000000000e+00
5.906125520671189832e+01,0.000000000000000000e+00
5.777452529665617931e+01,0.000000000000000000e+00
5.617028623618017491e+01,0.000000000000000000e+00
5.557243647149737598e+01,0.000000000000000000e+00
5.362134512229990690e+01,0.000000000000000000e+00
5.499082409642803526e+01,0.000000000000000000e+00
5.852170826352354283e+01,0.000000000000000000e+00
5.621074935310771536e+01,0.000000000000000000e+00
5.891681694367139244e+01,0.000000000000000000e+00
5.826184042878390557e+01,0.000000000000000000e+00
5.739239030323857804e+01,0.000000000000000000e+00
5.292578082202487622e+01,0.000000000000000000e+00
5.494967667403115996e+01,0.000000000000000000e+00
5.364841424529677738e+01,0.000000000000000000e+00
5.250218130814205608e+01,0.000000000000000000e+00
5.472888341870643814e+01,0.000000000000000000e+00
5.451464270635865716e+01,0.000000000000000000e+00
5.675303075031108335e+01,0.000000000000000000e+00
5.377160022031944209e+01,0.000000000000000000e+00
5.502977742777157033e+01,0.000000000000000000e+00
5.386874811379033190e+01,0.000000000000000000e+00
5.079039106496116318e+01,0.000000000000000000e+00
5.247012714651649645e+01,0.000000000000000000e+00
5.183649681309734802e+01,0.000000000000000000e+00
5.283958354335925378e+01,0.000000000000000000e+00
5.606206592392666721e+01,0.000000000000000000e+00
5.496493520238483654e+01,0.000000000000000000e+00
5.539873197132202876e+01,0.000000000000000000e+00
5.114302447112319072e+01,0.000000000000000000e+00
5.343012122005499975e+01,0.000000000000000000e+00
5.470215975249740126e+01,0.000000000000000000e+00
5.369394351329331982e+01,0.000000000000000000e+00
5.591416487977852512e+01,0.000000000000000000e+00
5.731157504071246933e+01,0.000000000000000000e+00
5.245163129344025776e+01,0.000000000000000000e+00
5.235398557947144127e+01,0.000000000000000000e+00
4.915478925267755983e+01,0.000000000000000000e+00
5.464015796343099396e+01,0.000000000000000000e+00
5.654203522782875524e+01,0.000000000000000000e+00
5.102486783131011805e+01,0.000000000000000000e+00
5.703347888801059895e+01,0.000000000000000000e+00
5.062933753820791338e+01,0.000000000000000000e+00
5.359986039025257298e+01,0.000000000000000000e+00
5.567821168362088002e+01,0.000000000000000000e+00
4.815420663689964442e+01,0.000000000000000000e+00
4.862188903471338364e+01,0.000000000000000000e+00
5.502775988493724668e+01,0.000000000000000000e+00
5.214055650914792750e+01,0.000000000000000000e+00
5.229495359979114255e+01,0.000000000000000000e+00
4.923254663281257137e+01,0.000000000000000000e+00
5.151856299900092040e+01,0.000000000000000000e+00
5.151092940041127122e+01,0.000000000000000000e+00
5.256486379811300935e+01,0.000000000000000000e+00
4.870911193283506435e+01,0.000000000000000000e+00
5.218150950598680993e+01,0.000000000000000000e+00
5.284526361542999240e+01,0.000000000000000000e+00
5.225614426428837334e+01,0.000000000000000000e+00
4.950405134601135870e+01,0.000000000000000000e+00
5.103086927912433879e+01,0.000000000000000000e+00
5.088973195644207692e+01,0.000000000000000000e+00
5.489521874779245536e+01,0.000000000000000000e+00
5.336768021459455014e+01,0.000000000000000000e+00
5.074064501593142040e+01,0.000000000000000000e+00
5.123131407636504520e+01,0.000000000000000000e+00
4.676777446053505116e+01,0.000000000000000000e+00
5.228179314032405500e+01,0.000000000000000000e+00
5.303572369230677452e+01,0.000000000000000000e+00
5.127125887784143288e+01,0.000000000000000000e+00
4.723060922819880147e+01,0.000000000000000000e+00
4.787301506328597611e+01,0.000000000000000000e+00
4.961840935025821864e+01,0.000000000000000000e+00
5.079411140018550697e+01,0.000000000000000000e+00
4.790128337598407171e+01,0.000000000000000000e+00
5.016509074191498030e+01,0.000000000000000000e+00
5.194492815225720506e+01,0.000000000000000000e+00
5.050709594250842116e+01,0.000000000000000000e+00
4.949484644221218588e+01,0.000000000000000000e+00
5.041958702579107410e+01,0.000000000000000000e+00
4.988964978589757493e+01,0.000000000000000000e+00
5.369150220982952249e+01,0.000000000000000000e+00
5.071811933797392413e+01,0.000000000000000000e+00
4.500581713285252050e+01,0.000000000000000000e+00
4.793047636095342057e+01,0.000000000000000000e+00
4.749764828935590089e+01,0.000000000000000000e+00
5.188730533041270121e+01,0.000000000000000000e+00
4.795522931093364605e+01,0.000000000000000000e+00
4.679100153904474269e+01,0.000000000000000000e+00
5.168462300336953774e+01,0.000000000000000000e+00
4.954461307797440384e+01,0.000000000000000000e+00
4.827955583634813053e+01,0.000000000000000000e+00
4.639512211951313247e+01,0.000000000000000000e+00
4.644409615902619493e+01,0.000000000000000000e+00
4.970535286416600940e+01,0.000000000000000000e+00
5.243508121696614666e+01,0.000000000000000000e+00
4.974073954754631188e+01,0.000000000000000000e+00
4.731074823434348531e+01,0.000000000000000000e+00
4.651499829832236088e+01,0.000000000000000000e+00
4.708570769640506626e+01,0.000000000000000000e+00
5.051273621293140081e+01,0.000000000000000000e+00
4.649815291560462072e+01,0.000000000000000000e+00
4.980148197634956375e+01,0.000000000000000000e+00
4.625515570897844952e+01,0.000000000000000000e+00
4.737115250604235683e+01,0.000000000000000000e+00
4.991996347810204071e+01,0.000000000000000000e+00
4.491861420619786571e+01,0.000000000000000000e+00
4.577840753605028112e+01,0.000000000000000000e+00
4.396078853499648176e+01,0.000000000000000000e+00
4.928014152309830820e+01,0.000000000000000000e+00
4.997399802273761082e+01,0.000000000000000000e+00
4.955344979468439703e+01,0.000000000000000000e+00
4.600974325813583476e+01,0.000000000000000000e+00
4.885709508896584197e+01,0.000000000000000000e+00
4.513564554321977340e+01,0.000000000000000000e+00
5.019839509060803806e+01,0.000000000000000000e+00
4.753579535411321189e+01,0.000000000000000000e+00
4.817403619041110119e+01,0.000000000000000000e+00
4.718524086135243323e+01,0.000000000000000000e+00
4.605833237425577664e+01,0.000000000000000000e+00
4.760880068960906897e+01,0.000000000000000000e+00
4.683849953795362353e+01,0.000000000000000000e+00
4.692547407675948534e+01,0.000000000000000000e+00
4.509586642011269930e+01,0.000000000000000000e+00
4.648548454959811238e+01,0.000000000000000000e+00
4.373697317915534200e+01,0.000000000000000000e+00
4.660256386444295629e+01,0.000000000000000000e+00
4.376371655769284530e+01,0.000000000000000000e+00
4.563587550374505497e+01,0.000000000000000000e+00
4.857039995125287390e+01,0.000000000000000000e+00
4.057366119518169967e+01,0.000000000000000000e+00
4.281221001380263402e+01,0.000000000000000000e+00
4.357794377712754397e+01,0.000000000000000000e+00
4.640350630516615382e+01,0.000000000000000000e+00
4.266508382918088671e+01,0.000000000000000000e+00
4.646765309446492154e+01,0.000000000000000000e+00
4.641547763839879792e+01,0.000000000000000000e+00
4.472918349372286428e+01,0.000000000000000000e+00
4.626794300352139544e+01,0.000000000000000000e+00
4.471954300306014574e+01,0.000000000000000000e+00
4.508932846369423686e+01,0.000000000000000000e+00
4.592719741689371915e+01,0.000000000000000000e+00
4.412135796620310657e+01,0.000000000000000000e+00
4.360466095331467784e+01,0.000000000000000000e+00
4.592457643561084524e+01,0.000000000000000000e+00
4.581146501889381284e+01,0.000000000000000000e+00
4.568329437913490665e+01,0.000000000000000000e+00
4.328910461977700663e+01,0.000000000000000000e+00
4.609515635998209859e+01,0.000000000000000000e+00
4.270383455890421942e+01,0.000000000000000000e+00
4.260110990983898205e+01,0.000000000000000000e+00
4.298015008044124130e+01,0.000000000000000000e+00
4.377585842046719478e+01,0.000000000000000000e+00
4.574436053314757089e+01,0.000000000000000000e+00
4.910463612049302640e+01,0.000000000000000000e+00
4.353489428337616118e+01,0.000000000000000000e+00
4.043510127113281527e+01,0.000000000000000000e+00
4.396558197458763573e+01,0.000000000000000000e+00
4.660228941442318273e+01,0.000000000000000000e+00
4.141027966102836899e+01,0.000000000000000000e+00
4.725649956427267284e+01,0.000000000000000000e+00
4.202735862531006461e+01,0.000000000000000000e+00
4.322501978447539983e+01,0.000000000000000000e+00
4.519863065033353422e+01,0.000000000000000000e+00
4.250561198047564204e+01,0.000000000000000000e+00
4.190362952262434959e+01,0.000000000000000000e+00
4.370270119397617492e+01,0.000000000000000000e+00
4.300658387218268786e+01,0.000000000000000000e+00
4.363385269784963327e+01,0.000000000000000000e+00
4.212695695527413875e+01,0.000000000000000000e+00
4.365590219170890407e+01,0.000000000000000000e+00
4.580701742368575680e+01,0.000000000000000000e+00
4.260327655486290865e+01,0.000000000000000000e+00
4.042851276363025903e+01,0.000000000000000000e+00
4.306930698694477400e+01,0.000000000000000000e+00
4.269059944859009192e+01,0.000000000000000000e+00
4.385926378907177536e+01,0.000000000000000000e+00
4.368442466962456194e+01,0.000000000000000000e+00
4.032530269487188690e+01,0.000000000000000000e+00
4.140151884794142489e+01,0.000000000000000000e+00
4.184275104188543537e+01,0.000000000000000000e+00
4.029773388403762624e+01,0.000000000000000000e+00
4.323015703817412714e+01,0.000000000000000000e+00
3.910221011023421056e+01,0.000000000000000000e+00
4.366273119988147045e+01,0.000000000000000000e+00
4.029624263418880759e+01,0.000000000000000000e+00
4.313289825693789936e+01,0.000000000000000000e+00
4.101267778129359698e+01,0.000000000000000000e+00
4.311850772644524454e+01,0.000000000000000000e+00
4.302014670898171289e+01,0.000000000000000000e+00
3.901592690631373017e+01,0.000000000000000000e+00
4.179971382564215787e+01,0.000000000000000000e+00
4.263917407821544714e+01,0.000000000000000000e+00
4.173314830880091364e+01,0.000000000000000000e+00
4.091747312472870846e+01,0.000000000000000000e+00
4.102885707093190604e+01,0.000000000000000000e+00
4.202697207232192511e+01,0.000000000000000000e+00
4.078786549063411826e+01,0.000000000000000000e+00
3.902444279186970988e+01,0.000000000000000000e+00
4.177082066763392731e+01,0.000000000000000000e+00
3.785780540107703729e+01,0.000000000000000000e+00
4.230502038773585838e+01,0.000000000000000000e+00
3.955928402044184367e+01,0.000000000000000000e+00
3.883211989667783826e+01,0.000000000000000000e+00
3.941194080249060505e+01,0.000000000000000000e+00
4.001117099061291071e+01,0.000000000000000000e+00
3.994438177689831804e+01,0.000000000000000000e+00
4.024600292479983921e+01,0.000000000000000000e+00
3.903823275042554286e+01,0.000000000000000000e+00
3.924232108358081206e+01,0.000000000000000000e+00
3.971410253603145435e+01,0.000000000000000000e+00
3.696309417242621720e+01,0.000000000000000000e+00
3.866650066917104311e+01,0.000000000000000000e+00
3.715111381995024686e+01,0.000000000000000000e+00
3.985141770788995075e+01,0.000000000000000000e+00
4.044235268588926147e+01,0.000000000000000000e+00
3.733366477940956685e+01,0.000000000000000000e+00
3.951314005322745970e+01,0.000000000000000000e+00
3.874644984404771719e+01,0.000000000000000000e+00
3.900504107661576114e+01,0.000000000000000000e+00
3.986846761743075973e+01,0.000000000000000000e+00
3.898213998897027466e+01,0.000000000000000000e+00
4.127967954843324350e+01,0.000000000000000000e+00
3.366713353417721777e+01,0.000000000000000000e+00
3.592895216408932413e+01,0.000000000000000000e+00
3.708552887222407435e+01,0.000000000000000000e+00
3.725101204159467727e+01,0.000000000000000000e+00
4.181183843943382072e+01,0.000000000000000000e+00
4.108195756036661095e+01,0.000000000000000000e+00
3.619240342153592849e+01,0.000000000000000000e+00
3.873947175531306897e+01,0.000000000000000000e+00
3.636775104822476123e+01,0.000000000000000000e+00
4.017684809890091913e+01,0.000000000000000000e+00
3.758414006555688758e+01,0.000000000000000000e+00
3.863041833650009238e+01,0.000000000000000000e+00
3.682589907498312698e+01,0.000000000000000000e+00
3.763878440715033236e+01,0.000000000000000000e+00
3.408521668279370687e+01,0.000000000000000000e+00
3.593816425400471815e+01,0.000000000000000000e+00
3.862982408793146760e+01,0.000000000000000000e+00
3.462059659116759747e+01,0.000000000000000000e+00
3.669867823339367163e+01,0.000000000000000000e+00
3.552947701156598725e+01,0.000000000000000000e+00
3.457574445633328963e+01,0.000000000000000000e+00
3.494120865557845690e+01,0.000000000000000000e+00
4.014089821180763806e+01,0.000000000000000000e+00
3.868575298166954468e+01,0.000000000000000000e+00
3.841151007934942641e+01,0.000000000000000000e+00
3.778955381135268254e+01,0.000000000000000000e+00
3.862775848379934729e+01,0.000000000000000000e+00
3.630740201770790776e+01,0.000000000000000000e+00
3.429757839064967584e+01,0.000000000000000000e+00
3.829842933512438918e+01,0.000000000000000000e+00
3.885684131725927415e+01,0.000000000000000000e+00
3.623409286871222434e+01,0.000000000000000000e+00
3.674481019726697895e+01,0.000000000000000000e+00
3.660733414373886063e+01,0.000000000000000000e+00
3.722706050401150435e+01,0.000000000000000000e+00
3.536630445734618178e+01,0.000000000000000000e+00
3.798203542859013737e+01,0.000000000000000000e+00
3.519367544398083680e+01,0.000000000000000000e+00
3.461531372663666417e+01,0.000000000000000000e+00
3.891918036536523573e+01,0.000000000000000000e+00
3.566424596797256896e+01,0.000000000000000000e+00
3.260640848750453813e+01,0.000000000000000000e+00
3.509973616342739433e+01,0.000000000000000000e+00
3.087557744488513833e+01,0.000000000000000000e+00
3.620513499196897556e+01,0.000000000000000000e+00
3.456821460651509170e+01,0.000000000000000000e+00
3.616818605264469255e+01,0.000000000000000000e+00
3.554007092807249535e+01,0.000000000000000000e+00
3.539444525486561588e+01,0.000000000000000000e+00
3.638739117009471613e+01,0.000000000000000000e+00
3.541168643918656045e+01,0.000000000000000000e+00
3.154319124469036950e+01,0.000000000000000000e+00
3.280619142063700622e+01,0.000000000000000000e+00
3.377023369400419028e+01,0.000000000000000000e+00
3.300238247137527736e+01,0.000000000000000000e+00
3.524329102816725623e+01,0.000000000000000000e+00
3.552687542855416325e+01,0.000000000000000000e+00
3.474449760715656055e+01,0.000000000000000000e+00
3.647198737830806436e+01,0.000000000000000000e+00
3.554903997604061061e+01,0.000000000000000000e+00
3.597431725693861182e+01,0.000000000000000000e+00
3.179689614488084715e+01,0.000000000000000000e+00
3.375476563882062919e+01,0.000000000000000000e+00
3.581783207384196999e+01,0.000000000000000000e+00
3.518343862531009592e+01,0.000000000000000000e+00
3.197252369872318667e+01,0.000000000000000000e+00
3.159189744617350470e+01,0.000000000000000000e+00
3.284215277907595976e+01,0.000000000000000000e+00
3.326537825658977710e+01,0.000000000000000000e+00
3.271266002993448296e+01,0.000000000000000000e+00
3.500270535888640921e+01,0.000000000000000000e+00
3.729536773656389670e+01,0.000000000000000000e+00
3.187739718553244828e+01,0.000000000000000000e+00
3.390855539186039636e+01,0.000000000000000000e+00
3.129231977208822002e+01,0.000000000000000000e+00
3.169902131640473897e+01,0.000000000000000000e+00
3.303791981968048930e+01,0.000000000000000000e+00
3.376687477860748743e+01,0.000000000000000000e+00
3.182739467425350810e+01,0.000000000000000000e+00
3.103290042198852206e+01,0.000000000000000000e+00
3.369514333182809196e+01,0.000000000000000000e+00
3.047766408256968518e+01,0.000000000000000000e+00
2.988630097011748887e+01,0.000000000000000000e+00
3.357466736851391431e+01,0.000000000000000000e+00
3.447824930002382615e+01,0.000000000000000000e+00
3.335149885467924236e+01,0.000000000000000000e+00
3.433974483081000528e+01,0.000000000000000000e+00
2.934745382628164734e+01,0.000000000000000000e+00
3.656282860504452259e+01,0.000000000000000000e+00
3.339501831264666976e+01,0.000000000000000000e+00
2.863733796813733079e+01,0.000000000000000000e+00
3.166837262887755955e+01,0.000000000000000000e+00
2.952954835253677857e+01,0.000000000000000000e+00
3.149894591626312845e+01,0.000000000000000000e+00
2.883890749828613664e+01,0.000000000000000000e+00
2.799830639534654253e+01,0.000000000000000000e+00
2.699756840032315708e+01,0.000000000000000000e+00
3.424392849294009977e+01,0.000000000000000000e+00
3.035346884912032905e+01,0.000000000000000000e+00
3.116142314902207389e+01,0.000000000000000000e+00
3.129222858275245045e+01,0.000000000000000000e+00
3.025380828712205883e+01,0.000000000000000000e+00
3.195336789135982869e+01,0.000000000000000000e+00
3.373184288372709716e+01,0.000000000000000000e+00
2.816430509800082760e+01,0.000000000000000000e+00
3.163186405589790695e+01,0.000000000000000000e+00
2.952884985884860569e+01,0.000000000000000000e+00
3.288922329813618717e+01,0.000000000000000000e+00
2.903054807491655964e+01,0.000000000000000000e+00
3.051174245129556439e+01,0.000000000000000000e+00
2.611745708090278129e+01,0.000000000000000000e+00
3.016057526092642505e+01,0.000000000000000000e+00
2.940018610358962547e+01,0.000000000000000000e+00
3.035766446633679649e+01,0.000000000000000000e+00
3.315070396618440896e+01,0.000000000000000000e+00
2.775583424073562000e+01,0.000000000000000000e+00
2.804772214221995696e+01,0.000000000000000000e+00
3.238810011611546003e+01,0.000000000000000000e+00
3.107318117899033183e+01,0.000000000000000000e+00
3.467695254802589488e+01,0.000000000000000000e+00
2.796470979085087905e+01,0.000000000000000000e+00
2.964013117664186225e+01,0.000000000000000000e+00
2.885218630008034424e+01,0.000000000000000000e+00
3.020605947796388691e+01,0.000000000000000000e+00
3.004099251534531234e+01,0.000000000000000000e+00
3.174610390389743486e+01,0.000000000000000000e+00
2.894689767051998075e+01,0.000000000000000000e+00
3.023853930004188229e+01,0.000000000000000000e+00
2.777009481741261254e+01,0.000000000000000000e+00
3.124255684697091340e+01,0.000000000000000000e+00
2.711701404770684221e+01,0.000000000000000000e+00
3.241387791908901050e+01,0.000000000000000000e+00
2.680906910927087239e+01,0.000000000000000000e+00
3.008917052017707761e+01,0.000000000000000000e+00
2.670494921812422717e+01,0.000000000000000000e+00
2.938997187861051685e+01,0.000000000000000000e+00
3.058090932089827874e+01,0.000000000000000000e+00
2.733327016872869564e+01,0.000000000000000000e+00
2.885623446026976069e+01,0.000000000000000000e+00
3.235206351814522208e+01,0.000000000000000000e+00
2.795623603387791078e+01,0.000000000000000000e+00
3.071562855176293638e+01,0.000000000000000000e+00
2.694135143140719890e+01,0.000000000000000000e+00
3.061788354950026303e+01,0.000000000000000000e+00
3.075199960692418699e+01,0.000000000000000000e+00
3.265770246024735712e+01,0.000000000000000000e+00
2.666518797195872637e+01,0.000000000000000000e+00
2.671266455411679530e+01,0.000000000000000000e+00
3.318377373644543127e+01,0.000000000000000000e+00
2.913547115075307303e+01,0.000000000000000000e+00
2.762860182255540664e+01,0.000000000000000000e+00
2.822007034646695445e+01,0.000000000000000000e+00
3.016176535909557543e+01,0.000000000000000000e+00
2.735194006667495970e+01,0.000000000000000000e+00
2.587831113406402039e+01,0.000000000000000000e+00
2.700116130164438388e+01,0.000000000000000000e+00
3.220251855543807551e+01,0.000000000000000000e+00
2.724065304871524518e+01,0.000000000000000000e+00
3.000824180556471532e+01,0.000000000000000000e+00
2.768686675422816990e+01,0.000000000000000000e+00
2.936222675987306729e+01,0.000000000000000000e+00
2.528787141650509440e+01,0.000000000000000000e+00
2.890268738342954435e+01,0.000000000000000000e+00
2.545943979798000356e+01,0.000000000000000000e+00
2.664351111687474827e+01,0.000000000000000000e+00
2.970388194384193525e+01,0.000000000000000000e+00
2.769277459586698242e+01,0.000000000000000000e+00
2.939568967255913634e+01,0.000000000000000000e+00
2.707310896428258573e+01,0.000000000000000000e+00
2.848636730414825635e+01,0.000000000000000000e+00
2.567286165899898975e+01,0.000000000000000000e+00
2.432100786926904590e+01,0.000000000000000000e+00
2.611931701046362875e+01,0.000000000000000000e+00
2.554188881339354467e+01,0.000000000000000000e+00
2.789841828980202010e+01,0.000000000000000000e+00
2.694442338499048617e+01,0.000000000000000000e+00
2.660852509889030060e+01,0.000000000000000000e+00
2.682593390592633753e+01,0.000000000000000000e+00
2.530207855064434597e+01,0.000000000000000000e+00
2.651951315251801589e+01,0.000000000000000000e+00
2.774899786379335964e+01,0.000000000000000000e+00
2.500705297207282740e+01,0.000000000000000000e+00
2.735792726684318765e+01,0.000000000000000000e+00
3.036658016859200160e+01,0.000000000000000000e+00
2.365529818788109395e+01,0.000000000000000000e+00
2.782027469488874516e+01,0.000000000000000000e+00
2.498295342193786084e+01,0.000000000000000000e+00
2.823273493838422254e+01,0.000000000000000000e+00
2.405913609027779643e+01,0.000000000000000000e+00
2.679733200264019999e+01,0.000000000000000000e+00
2.468918212886774199e+01,0.000000000000000000e+00
2.429904939894699467e+01,0.000000000000000000e+00
2.425478268981502339e+01,0.000000000000000000e+00
2.616939074134277732e+01,0.000000000000000000e+00
2.484696207481480457e+01,0.000000000000000000e+00
2.625776606380943434e+01,0.000000000000000000e+00
2.627811325405700060e+01,0.000000000000000000e+00
2.719085445036314397e+01,0.000000000000000000e+00
2.403387909786635035e+01,0.000000000000000000e+00
2.406572554410813325e+01,0.000000000000000000e+00
3.031809831083009499e+01,0.000000000000000000e+00
2.306999809124468470e+01,0.000000000000000000e+00
2.648716291103064435e+01,0.000000000000000000e+00
2.542095498649119278e+01,0.000000000000000000e+00
2.658461915578713430e+01,0.000000000000000000e+00
2.666454556069501791e+01,0.000000000000000000e+00
2.309287846241362985e+01,0.000000000000000000e+00
2.642007273588874838e+01,0.000000000000000000e+00
2.424784788848639749e+01,0.000000000000000000e+00
2.718741868510905846e+01,0.000000000000000000e+00
2.472570622271054575e+01,0.000000000000000000e+00
2.488718521552108243e+01,0.000000000000000000e+00
2.735758968311655792e+01,0.000000000000000000e+00
2.654320202404803553e+01,0.000000000000000000e+00
2.763187098221465732e+01,0.000000000000000000e+00
2.585079978897710618e+01,0.000000000000000000e+00
2.520516317906838566e+01,0.000000000000000000e+00
2.700741899822234160e+01,0.000000000000000000e+00
2.361178620825646846e+01,0.000000000000000000e+00
2.367913493602478425e+01,0.000000000000000000e+00
2.605381519001211288e+01,0.000000000000000000e+00
2.473431248289105966e+01,0.000000000000000000e+00
2.429800327218616829e+01,0.000000000000000000e+00
2.602937530656760501e+01,0.000000000000000000e+00
2.317980564728102877e+01,0.000000000000000000e+00
2.498960843921883423e+01,0.000000000000000000e+00
2.563990488700800441e+01,0.000000000000000000e+00
2.300556049838952077e+01,0.000000000000000000e+00
2.857884082679832360e+01,0.000000000000000000e+00
2.321472075422037307e+01,0.000000000000000000e+00
2.370636591543317806e+01,0.000000000000000000e+00
2.380720270648836134e+01,0.000000000000000000e+00
2.637800579114944455e+01,0.000000000000000000e+00
2.478393886838323112e+01,0.000000000000000000e+00
2.646047431407677664e+01,0.000000000000000000e+00
2.298533999283580798e+01,0.000000000000000000e+00
2.522335745492149428e+01,0.000000000000000000e+00
2.569141894195474407e+01,0.000000000000000000e+00
2.386278335867156031e+01,0.000000000000000000e+00
1.895870842423774860e+01,0.000000000000000000e+00
2.736654925004839711e+01,0.000000000000000000e+00
2.518644072676672252e+01,0.000000000000000000e+00
2.464485598725156734e+01,0.000000000000000000e+00
2.176538018265698327e+01,0.000000000000000000e+00
2.388739690183644981e+01,0.000000000000000000e+00
2.372712188593519045e+01,0.000000000000000000e+00
2.523567769723933907e+01,0.000000000000000000e+00
2.622457729139278371e+01,0.000000000000000000e+00
2.428639375947716061e+01,0.000000000000000000e+00
2.604460457542695906e+01,0.000000000000000000e+00
2.446757162650226647e+01,0.000000000000000000e+00
2.342345347508652509e+01,0.000000000000000000e+00
2.171109344408368713e+01,0.000000000000000000e+00
2.433912481807839967e+01,0.000000000000000000e+00
2.247194243608687358e+01,0.000000000000000000e+00
2.335193059499512103e+01,0.000000000000000000e+00
2.740111727991794055e+01,0.000000000000000000e+00
1.972603469206132942e+01,0.000000000000000000e+00
2.263928014966874258e+01,0.000000000000000000e+00
2.050521582526324949e+01,0.000000000000000000e+00
2.524084982710559899e+01,0.000000000000000000e+00
2.276600686661570805e+01,0.000000000000000000e+00
2.000125133536915101e+01,0.000000000000000000e+00
2.524733862971454101e+01,0.000000000000000000e+00
2.199358632808533187e+01,0.000000000000000000e+00
2.007314881326350431e+01,0.000000000000000000e+00
2.311904996955775360e+01,0.000000000000000000e+00
2.219352611465806291e+01,0.000000000000000000e+00
2.297516200706477818e+01,0.000000000000000000e+00
1.863463137916972912e+01,0.000000000000000000e+00
1.871380184019480808e+01,0.000000000000000000e+00
2.375431650163612574e+01,0.000000000000000000e+00
2.414345590091590310e+01,0.000000000000000000e+00
2.267377395594372302e+01,0.000000000000000000e+00
2.174581629852809428e+01,0.000000000000000000e+00
2.291077740353979308e+01,0.000000000000000000e+00
2.273660820065870425e+01,0.000000000000000000e+00
1.953823239485944896e+01,0.000000000000000000e+00
2.637102759895782000e+01,0.000000000000000000e+00
2.426875393869623565e+01,0.000000000000000000e+00
2.574020895949733401e+01,0.000000000000000000e+00
2.134104461996549773e+01,0.000000000000000000e+00
2.211441593826314289e+01,0.000000000000000000e+00
2.400071551683083726e+01,0.000000000000000000e+00
2.132841640585901644e+01,0.000000000000000000e+00
2.163952682398441851e+01,0.000000000000000000e+00
2.416812061517186194e+01,0.000000000000000000e+00
2.350424898874218371e+01,0.000000000000000000e+00
2.233958692667045298e+01,0.000000000000000000e+00
1.773900520004690406e+01,0.000000000000000000e+00
2.605809705225647477e+01,0.000000000000000000e+00
2.035207579134361922e+01,0.000000000000000000e+00
2.025923843459873908e+01,0.000000000000000000e+00
2.034267751151527648e+01,0.000000000000000000e+00
2.174799499177842677e+01,0.000000000000000000e+00
2.023798565369542146e+01,0.000000000000000000e+00
2.294992016290644443e+01,0.000000000000000000e+00
2.232879822337293163e+01,0.000000000000000000e+00
2.109696476754347216e+01,0.000000000000000000e+00
1.801157456329198681e+01,0.000000000000000000e+00
2.382222449557530197e+01,0.000000000000000000e+00
2.360607914763692250e+01,0.000000000000000000e+00
2.225376226269933966e+01,0.000000000000000000e+00
2.417110350189197376e+01,0.000000000000000000e+00
2.229723326218819324e+01,0.000000000000000000e+00
2.313396323856602166e+01,0.000000000000000000e+00
2.140835189316097598e+01,0.000000000000000000e+00
1.950267895307862176e+01,0.000000000000000000e+00
2.082053719365724120e+01,0.000000000000000000e+00
2.473388655135864411e+01,0.000000000000000000e+00
2.301550737014278525e+01,0.000000000000000000e+00
1.911226309006105950e+01,0.000000000000000000e+00
1.966806688007423887e+01,0.000000000000000000e+00
2.306237337089281070e+01,0.000000000000000000e+00
2.152782036981096780e+01,0.000000000000000000e+00
1.973324758867939011e+01,0.000000000000000000e+00
2.490764489205297849e+01,0.000000000000000000e+00
1.855117830204752494e+01,0.000000000000000000e+00
2.154775386742829824e+01,0.000000000000000000e+00
2.136550487813476096e+01,0.000000000000000000e+00
2.441303508838909764e+01,0.000000000000000000e+00
2.243731587580987963e+01,0.000000000000000000e+00
2.048235471199815549e+01,0.000000000000000000e+00
1.901202265163957961e+01,0.000000000000000000e+00
2.293938083423300611e+01,0.000000000000000000e+00
2.354777787979691794e+01,0.000000000000000000e+00
1.924206746936846812e+01,0.000000000000000000e+00
2.214845296034924260e+01,0.000000000000000000e+00
1.702616175409080412e+01,0.000000000000000000e+00
2.124309623898401966e+01,0.000000000000000000e+00
2.156225083412807209e+01,0.000000000000000000e+00
2.172897682712436307e+01,0.000000000000000000e+00
2.210111630653078763e+01,0.000000000000000000e+00
2.293537739773492845e+01,0.000000000000000000e+00
2.124259100183235205e+01,0.000000000000000000e+00
1.931881704890828289e+01,0.000000000000000000e+00
1.930179531080883493e+01,0.000000000000000000e+00
2.049606928722837651e+01,0.000000000000000000e+00
2.104651806006333103e+01,0.000000000000000000e+00
2.262003077171175747e+01,0.000000000000000000e+00
2.415789019447279173e+01,0.000000000000000000e+00
1.928775246211296945e+01,0.000000000000000000e+00
2.026429309793074296e+01,0.000000000000000000e+00
2.026475003444420864e+01,0.000000000000000000e+00
2.459162187406958466e+01,0.000000000000000000e+00
2.395091328695533761e+01,0.000000000000000000e+00
2.009550336044365793e+01,0.000000000000000000e+00
2.402771641267046476e+01,0.000000000000000000e+00
2.158630697825768152e+01,0.000000000000000000e+00
2.050784562310522574e+01,0.000000000000000000e+00
2.518722816714782198e+01,0.000000000000000000e+00
2.120988910298612495e+01,0.000000000000000000e+00
2.301907130432347870e+01,0.000000000000000000e+00
2.013984621508060968e+01,0.000000000000000000e+00
1.927155588981085188e+01,0.000000000000000000e+00
2.205792449673439037e+01,0.000000000000000000e+00
2.222484233743564275e+01,0.000000000000000000e+00
1.763684476893050146e+01,0.000000000000000000e+00
2.122990796487789922e+01,0.000000000000000000e+00
1.745752470637694387e+01,0.000000000000000000e+00
2.097634504223328378e+01,0.000000000000000000e+00
1.827655145539208092e+01,0.000000000000000000e+00
1.958233564442784669e+01,0.000000000000000000e+00
2.160326334241452173e+01,0.000000000000000000e+00
2.021966014173381510e+01,0.000000000000000000e+00
1.621408217337900481e+01,0.000000000000000000e+00
2.310778282493612679e+01,0.000000000000000000e+00
2.056797643165526068e+01,0.000000000000000000e+00
2.203646129793581920e+01,0.000000000000000000e+00
1.898019976775311690e+01,0.000000000000000000e+00
2.172571972513546612e+01,0.000000000000000000e+00
1.949078730693402406e+01,0.000000000000000000e+00
2.219740950516787592e+01,0.000000000000000000e+00
1.965661893233964719e+01,0.000000000000000000e+00
2.101949669964508871e+01,0.000000000000000000e+00
2.364308704405551254e+01,0.000000000000000000e+00
2.090116779109736456e+01,0.000000000000000000e+00
1.827605790003214992e+01,0.000000000000000000e+00
1.993394435678817089e+01,0.000000000000000000e+00
2.020818769236986867e+01,0.000000000000000000e+00
1.976086872503400116e+01,0.000000000000000000e+00
2.248248094291032118e+01,0.000000000000000000e+00
2.005461679432733391e+01,0.000000000000000000e+00
2.071142054501572005e+01,0.000000000000000000e+00
1.781438452626359137e+01,0.000000000000000000e+00
1.789690737664211895e+01,0.000000000000000000e+00
1.808409571147113937e+01,0.000000000000000000e+00
2.388837701167787486e+01,0.000000000000000000e+00
2.004055924646128517e+01,0.000000000000000000e+00
1.878923798657774569e+01,0.000000000000000000e+00
2.267366014305982347e+01,0.000000000000000000e+00
2.043100204061390457e+01,0.000000000000000000e+00
1.947567650931805971e+01,0.000000000000000000e+00
1.891161640836186919e+01,0.000000000000000000e+00
1.831757786461799498e+01,0.000000000000000000e+00
1.768279179109449473e+01,0.000000000000000000e+00
1.814679273812915739e+01,0.000000000000000000e+00
2.144292623095647343e+01,0.000000000000000000e+00
2.460639955805570978e+01,0.000000000000000000e+00
2.012532211967932128e+01,0.000000000000000000e+00
1.990844784560643177e+01,0.000000000000000000e+00
1.924338199795722559e+01,0.000000000000000000e+00
1.933826361830980289e+01,0.000000000000000000e+00
1.961129034108531144e+01,0.000000000000000000e+00
2.296275702038462541e+01,0.000000000000000000e+00
2.194674643508161438e+01,0.000000000000000000e+00
1.851722199043816275e+01,0.000000000000000000e+00
2.008039652219504489e+01,0.000000000000000000e+00
1.671745060621644186e+01,0.000000000000000000e+00
2.062758534105925179e+01,0.000000000000000000e+00
2.064868460774079750e+01,0.000000000000000000e+00
1.786112145719836874e+01,0.000000000000000000e+00
2.418163046443424236e+01,0.000000000000000000e+00
2.365681295046969623e+01,0.000000000000000000e+00
1.919991614527211610e+01,0.000000000000000000e+00
2.071367810102076490e+01,0.000000000000000000e+00
1.560001457383746626e+01,0.000000000000000000e+00
2.179255754931976696e+01,0.000000000000000000e+00
2.259526254060458328e+01,0.000000000000000000e+00
2.265145554566143105e+01,0.000000000000000000e+00
2.289124092273919331e+01,0.000000000000000000e+00
2.053895531730969282e+01,0.000000000000000000e+00
1.846081011389710014e+01,0.000000000000000000e+00
2.041183080440804076e+01,0.000000000000000000e+00
2.362685831648325063e+01,0.000000000000000000e+00
2.305654088386030764e+01,0.000000000000000000e+00
2.027860620574632122e+01,0.000000000000000000e+00
2.114898891930365465e+01,0.000000000000000000e+00
2.009389225926971179e+01,0.000000000000000000e+00
1.944114525818731565e+01,0.000000000000000000e+00
2.157740052477147330e+01,0.000000000000000000e+00
2.000979992018805476e+01,0.000000000000000000e+00
1.347650641345181377e+01,0.000000000000000000e+00
1.908352455479838028e+01,0.000000000000000000e+00
2.008120368824672397e+01,0.000000000000000000e+00
1.877936899884926802e+01,0.000000000000000000e+00
1.877547624251428360e+01,0.000000000000000000e+00
1.777845250911772013e+01,0.000000000000000000e+00
1.800476176431021713e+01,0.000000000000000000e+00
1.976049219850747107e+01,0.000000000000000000e+00
2.100222419674545193e+01,0.000000000000000000e+00
1.962531617083063651e+01,0.000000000000000000e+00
1.951293646764090539e+01,0.000000000000000000e+00
1.584787173244072989e+01,0.000000000000000000e+00
1.908199351103117891e+01,0.000000000000000000e+00
1.829323519281071597e+01,0.000000000000000000e+00
2.155532171443574541e+01,0.000000000000000000e+00
1.832234409272150444e+01,0.000000000000000000e+00
1.729502383804237553e+01,0.000000000000000000e+00
2.357197311837067843e+01,0.000000000000000000e+00
1.934336074429080199e+01,0.000000000000000000e+00
2.012878806459088210e+01,0.000000000000000000e+00
1.687152903741889887e+01,0.000000000000000000e+00
2.131206112154315591e+01,0.000000000000000000e+00
2.049348505429938427e+01,0.000000000000000000e+00
2.045528463612782488e+01,0.000000000000000000e+00
1.981909408593382338e+01,0.000000000000000000e+00
1.930674160861121536e+01,0.000000000000000000e+00
1.638912526784581658e+01,0.000000000000000000e+00
2.169416957814545199e+01,0.000000000000000000e+00
1.872787622226277904e+01,0.000000000000000000e+00
1.737674577445775981e+01,0.000000000000000000e+00
1.957754842482502511e+01,0.000000000000000000e+00
1.525039494201549672e+01,0.000000000000000000e+00
2.462932844577892766e+01,0.000000000000000000e+00
1.965165223360963154e+01,0.000000000000000000e+00
2.040763563624534882e+01,0.000000000000000000e+00
2.113592829889118718e+01,0.000000000000000000e+00
2.212406859626746325e+01,0.000000000000000000e+00
1.892639996324167129e+01,0.000000000000000000e+00
1.954587611062051877e+01,0.000000000000000000e+00
2.285985513357687893e+01,0.000000000000000000e+00
2.402967868329619705e+01,0.000000000000000000e+00
2.084994701156902153e+01,0.000000000000000000e+00
1.899676854477548815e+01,0.000000000000000000e+00
2.123000919815773102e+01,0.000000000000000000e+00
2.308651270746765860e+01,0.000000000000000000e+00
1.901426131809692777e+01,0.000000000000000000e+00
2.289098990161218694e+01,0.000000000000000000e+00
2.055496194584743463e+01,0.000000000000000000e+00
1.911900993352382372e+01,0.000000000000000000e+00
1.903109749858084143e+01,0.000000000000000000e+00
2.095986343490484671e+01,0.000000000000000000e+00
1.981931705740061034e+01,0.000000000000000000e+00
2.367088701381955218e+01,0.000000000000000000e+00
2.192206893357958819e+01,0.000000000000000000e+00
1.757422173889978012e+01,0.000000000000000000e+00
2.240862450766449498e+01,0.000000000000000000e+00
2.259468824356816441e+01,0.000000000000000000e+00
2.286904221244776636e+01,0.000000000000000000e+00
1.895338137857736172e+01,0.000000000000000000e+00
2.326212990057129915e+01,0.000000000000000000e+00
1.884683567098439028e+01,0.000000000000000000e+00
2.119159544834125342e+01,0.000000000000000000e+00
2.447768872718489064e+01,0.000000000000000000e+00
2.312974929834301818e+01,0.000000000000000000e+00
2.282747387129150241e+01,0.000000000000000000e+00
2.278502497059752230e+01,0.000000000000000000e+00
2.277248262019721992e+01,0.000000000000000000e+00
1.711821041858439330e+01,0.000000000000000000e+00
1.889568900303470400e+01,0.000000000000000000e+00
1.856249912197381491e+01,0.000000000000000000e+00
1.908123933366745462e+01,0.000000000000000000e+00
1.989583116226171455e+01,0.000000000000000000e+00
2.016265549291242465e+01,0.000000000000000000e+00
2.039722543730234605e+01,0.000000000000000000e+00
1.916806563538600017e+01,0.000000000000000000e+00
1.916822425049420175e+01,0.000000000000000000e+00
1.805018461505788352e+01,0.000000000000000000e+00
1.873802634662951050e+01,0.000000000000000000e+00
2.030630479908816000e+01,0.000000000000000000e+00
2.005439210247405413e+01,0.000000000000000000e+00
2.245480708460922870e+01,0.000000000000000000e+00
2.337643941833471573e+01,0.000000000000000000e+00
2.020992186705908011e+01,0.000000000000000000e+00
2.699335259965845779e+01,0.000000000000000000e+00
1.953733998987734566e+01,0.000000000000000000e+00
2.205901021495651904e+01,0.000000000000000000e+00
2.136874446560190322e+01,0.000000000000000000e+00
2.151943437726629682e+01,0.000000000000000000e+00
2.018681486046297024e+01,0.000000000000000000e+00
2.263952648593047812e+01,0.000000000000000000e+00
1.790819296904746949e+01,0.000000000000000000e+00
2.121043986905716139e+01,0.000000000000000000e+00
2.042349663946890104e+01,0.000000000000000000e+00
2.093090407401293263e+01,0.000000000000000000e+00
2.141236634505529679e+01,0.000000000000000000e+00
2.092616730710773609e+01,0.000000000000000000e+00
2.139567280354519596e+01,0.000000000000000000e+00
2.066301130875002912e+01,0.000000000000000000e+00
2.290304184222162931e+01,0.000000000000000000e+00
2.025052486157223086e+01,0.000000000000000000e+00
2.313555984829165979e+01,0.000000000000000000e+00
2.498378754832773296e+01,0.000000000000000000e+00
1.976840075747935543e+01,0.000000000000000000e+00
2.160978261809419720e+01,0.000000000000000000e+00
1.774309686668300756e+01,0.000000000000000000e+00
2.209179593560918065e+01,0.000000000000000000e+00
2.116977685751252380e+01,0.000000000000000000e+00
2.299726852476439731e+01,0.000000000000000000e+00
2.193096518526724736e+01,0.000000000000000000e+00
2.081744021041322767e+01,0.000000000000000000e+00
1.925090534920230567e+01,0.000000000000000000e+00
2.343534047356462580e+01,0.000000000000000000e+00
2.276051386944199351e+01,0.000000000000000000e+00
2.113366102756124931e+01,0.000000000000000000e+00
1.962572416174274892e+01,0.000000000000000000e+00
2.002883236686861324e+01,0.000000000000000000e+00
2.193483868756352351e+01,0.000000000000000000e+00
2.239638079557480665e+01,0.000000000000000000e+00
2.131144801716393999e+01,0.000000000000000000e+00
2.053889863548644001e+01,0.000000000000000000e+00
2.256547647056020622e+01,0.000000000000000000e+00
2.003521569906100552e+01,0.000000000000000000e+00
1.970091466642702471e+01,0.000000000000000000e+00
1.958698174398663383e+01,0.000000000000000000e+00
2.048146771326466009e+01,0.000000000000000000e+00
2.330223646661040249e+01,0.000000000000000000e+00
2.123155954046882599e+01,0.000000000000000000e+00
2.074748198227682749e+01,0.000000000000000000e+00
2.662090154799981789e+01,0.000000000000000000e+00
2.192960873760749863e+01,0.000000000000000000e+00
2.310822804536686803e+01,0.000000000000000000e+00
2.071113221147847128e+01,0.000000000000000000e+00
2.247836562780879177e+01,0.000000000000000000e+00
2.023509700188518678e+01,0.000000000000000000e+00
2.372789920733882241e+01,0.000000000000000000e+00
2.203283987402703303e+01,0.000000000000000000e+00
1.960884926073317303e+01,0.000000000000000000e+00
2.379524270680134279e+01,0.000000000000000000e+00
2.349497489746523726e+01,0.000000000000000000e+00
2.279705614771020095e+01,0.000000000000000000e+00
2.228334814938027364e+01,0.000000000000000000e+00
2.528774340782561936e+01,0.000000000000000000e+00
2.083563662092593560e+01,0.000000000000000000e+00
2.171967623760620825e+01,0.000000000000000000e+00
1.996311458079437884e+01,0.000000000000000000e+00
2.252086335188559119e+01,0.000000000000000000e+00
2.325631679593633194e+01,0.000000000000000000e+00
2.258048438110913025e+01,0.000000000000000000e+00
2.015071392668458117e+01,0.000000000000000000e+00
2.304605407733068034e+01,0.000000000000000000e+00
2.256845448995213133e+01,0.000000000000000000e+00
1.923592600889921655e+01,0.000000000000000000e+00
2.684622070268440197e+01,0.000000000000000000e+00
2.172001106091140699e+01,0.000000000000000000e+00
2.440382196875609466e+01,0.000000000000000000e+00
2.428549969662492458e+01,0.000000000000000000e+00
2.094375633548188986e+01,0.000000000000000000e+00
2.346308940003930488e+01,0.000000000000000000e+00
3.016815628904226188e+01,0.000000000000000000e+00
2.528303463767278103e+01,0.000000000000000000e+00
2.345277445381069370e+01,0.000000000000000000e+00
2.457943992014101298e+01,0.000000000000000000e+00
2.044751444609282842e+01,0.000000000000000000e+00
2.372085501264572471e+01,0.000000000000000000e+00
2.370003655777775009e+01,0.000000000000000000e+00
2.405348042630015115e+01,0.000000000000000000e+00
2.336884557048070832e+01,0.000000000000000000e+00
2.421418916633989227e+01,0.000000000000000000e+00
2.333726758615583208e+01,0.000000000000000000e+00
2.183442822288516538e+01,0.000000000000000000e+00
2.416066289963028879e+01,0.000000000000000000e+00
2.331643766223291436e+01,0.000000000000000000e+00
2.085706768326362948e+01,0.000000000000000000e+00
2.452077605029589336e+01,0.000000000000000000e+00
1.978415642253060724e+01,0.000000000000000000e+00
2.336143500811724039e+01,0.000000000000000000e+00
2.575585475568065874e+01,0.000000000000000000e+00
2.108780224377958490e+01,0.000000000000000000e+00
2.607382781195256527e+01,0.000000000000000000e+00
2.206033812665680927e+01,0.000000000000000000e+00
2.253509326481029618e+01,0.000000000000000000e+00
2.343198548558264704e+01,0.000000000000000000e+00
2.343696681387158165e+01,0.000000000000000000e+00
2.468352235068816114e+01,0.000000000000000000e+00
2.734749274383838014e+01,0.000000000000000000e+00
2.338626958233405873e+01,0.000000000000000000e+00
2.331714660282354146e+01,0.000000000000000000e+00
2.565248576117734558e+01,0.000000000000000000e+00
2.731285928905113281e+01,0.000000000000000000e+00
2.463695601795499002e+01,0.000000000000000000e+00
2.318511380632043739e+01,0.000000000000000000e+00
2.261240780466785694e+01,0.000000000000000000e+00
2.029279928595614990e+01,0.000000000000000000e+00
2.302309291351953036e+01,0.000000000000000000e+00
2.423098639093663209e+01,0.000000000000000000e+00
2.200872499773520374e+01,0.000000000000000000e+00
2.238610713696465382e+01,0.000000000000000000e+00
2.519100858295945855e+01,0.000000000000000000e+00
2.485568652342841034e+01,0.000000000000000000e+00
2.325727655455334641e+01,0.000000000000000000e+00
2.165763264940411048e+01,0.000000000000000000e+00
2.205202585979571950e+01,0.000000000000000000e+00
2.272756332214592589e+01,0.000000000000000000e+00
2.341313651550957786e+01,0.000000000000000000e+00
2.558676004353610622e+01,0.000000000000000000e+00
2.200666166722363215e+01,0.000000000000000000e+00
2.503994979966765655e+01,0.000000000000000000e+00
2.123050735162003377e+01,0.000000000000000000e+00
2.600190026709069002e+01,0.000000000000000000e+00
2.317734456780393515e+01,0.000000000000000000e+00
2.419910082380873817e+01,0.000000000000000000e+00
2.276874823096921929e+01,0.000000000000000000e+00
2.591996016901996924e+01,0.000000000000000000e+00
2.624115557186626546e+01,0.000000000000000000e+00
2.478446396191803558e+01,0.000000000000000000e+00
2.206480971769185118e+01,0.000000000000000000e+00
2.337280353269127176e+01,0.000000000000000000e+00
2.255897489080977181e+01,0.000000000000000000e+00
2.655564851899610090e+01,0.000000000000000000e+00
2.764948750067631522e+01,0.000000000000000000e+00
2.576386733521548322e+01,0.000000000000000000e+00
2.613345414677885969e+01,0.000000000000000000e+00
2.547666452474445720e+01,0.000000000000000000e+00
2.816856526177516074e+01,0.000000000000000000e+00
2.727350406797768301e+01,0.000000000000000000e+00
2.527208418632572418e+01,0.000000000000000000e+00
2.233752531869215829e+01,0.000000000000000000e+00
2.586500879591736179e+01,0.000000000000000000e+00
2.566056486174404583e+01,0.000000000000000000e+00
2.653533166618792905e+01,0.000000000000000000e+00
2.730540221037742299e+01,0.000000000000000000e+00
2.876497823288996258e+01,0.000000000000000000e+00
2.389333927585440520e+01,0.000000000000000000e+00
2.408907253915787194e+01,0.000000000000000000e+00
2.615087116829214864e+01,0.000000000000000000e+00
2.717435608017880355e+01,0.000000000000000000e+00
2.586571365562781821e+01,0.000000000000000000e+00
2.814315663937505718e+01,0.000000000000000000e+00
2.473673829994627482e+01,0.000000000000000000e+00
2.478873855255399050e+01,0.000000000000000000e+00
2.546928493991441300e+01,0.000000000000000000e+00
2.602968785770741533e+01,0.000000000000000000e+00
2.764811843692410065e+01,0.000000000000000000e+00
2.521034762162602050e+01,0.000000000000000000e+00
2.976427701168795181e+01,0.000000000000000000e+00
2.632838113168310556e+01,0.000000000000000000e+00
2.492427450195859606e+01,0.000000000000000000e+00
2.703299797714494090e+01,0.000000000000000000e+00
2.601266011033156289e+01,0.000000000000000000e+00
2.588740586081609507e+01,0.000000000000000000e+00
2.602341112714309190e+01,0.000000000000000000e+00
2.037723329577586284e+01,0.000000000000000000e+00
2.466702297584152959e+01,0.000000000000000000e+00
2.656495128350223567e+01,0.000000000000000000e+00
3.005149804006109093e+01,0.000000000000000000e+00
2.592925677528829098e+01,0.000000000000000000e+00
2.504103075942197876e+01,0.000000000000000000e+00
2.515875399905455723e+01,0.000000000000000000e+00
2.488074428699088969e+01,0.000000000000000000e+00
2.672531307662079314e+01,0.000000000000000000e+00
2.643462040545279734e+01,0.000000000000000000e+00
2.705744881751633812e+01,0.000000000000000000e+00
2.864903476684227357e+01,0.000000000000000000e+00
2.681194668432601347e+01,0.000000000000000000e+00
2.553546707075415512e+01,0.000000000000000000e+00
2.441778314995400478e+01,0.000000000000000000e+00
2.817091128954881896e+01,0.000000000000000000e+00
2.569987797007458141e+01,0.000000000000000000e+00
2.644008657279529118e+01,0.000000000000000000e+00
3.011204228346574396e+01,0.000000000000000000e+00
2.848798634431080856e+01,0.000000000000000000e+00
2.691449088596452555e+01,0.000000000000000000e+00
2.933541946620739793e+01,0.000000000000000000e+00
2.954973623713312136e+01,0.000000000000000000e+00
2.853047179444837766e+01,0.000000000000000000e+00
2.660756950298441836e+01,0.000000000000000000e+00
2.568631760698092492e+01,0.000000000000000000e+00
2.619214025845177218e+01,0.000000000000000000e+00
2.741023727018349021e+01,0.000000000000000000e+00
2.614965968000080565e+01,0.000000000000000000e+00
2.892860598005191264e+01,0.000000000000000000e+00
2.839061622672535634e+01,0.000000000000000000e+00
2.828886975536191883e+01,0.000000000000000000e+00
2.844935252638842726e+01,0.000000000000000000e+00
2.884858445582844411e+01,0.000000000000000000e+00
2.819810558787780153e+01,0.000000000000000000e+00
2.962149332319690131e+01,0.000000000000000000e+00
3.202548632062303113e+01,0.000000000000000000e+00
2.913263925647495967e+01,0.000000000000000000e+00
2.979235272328064354e+01,0.000000000000000000e+00
2.969159343323026690e+01,0.000000000000000000e+00
2.738129996899689189e+01,0.000000000000000000e+00
2.932011418765325672e+01,0.000000000000000000e+00
3.256174119648392917e+01,0.000000000000000000e+00
3.321632107392537847e+01,0.000000000000000000e+00
3.077098380096592933e+01,0.000000000000000000e+00
2.933122818382502217e+01,0.000000000000000000e+00
3.262200053504578534e+01,0.000000000000000000e+00
2.766860774485757801e+01,0.000000000000000000e+00
3.117124256076267130e+01,0.000000000000000000e+00
2.773734678170135481e+01,0.000000000000000000e+00
2.799379819191926799e+01,0.000000000000000000e+00
3.052949746091302075e+01,0.000000000000000000e+00
2.934895103978211139e+01,0.000000000000000000e+00
3.076305488386565301e+01,0.000000000000000000e+00
3.152728794864942685e+01,0.000000000000000000e+00
3.085464830782182943e+01,0.000000000000000000e+00
2.952121812625107466e+01,0.000000000000000000e+00
2.780515332387453853e+01,0.000000000000000000e+00
3.053348471823741761e+01,0.000000000000000000e+00
3.137166091886757968e+01,0.000000000000000000e+00
2.929144980090674721e+01,0.000000000000000000e+00
2.947317715181302944e+01,0.000000000000000000e+00
2.914425626259805924e+01,0.000000000000000000e+00
3.327947226589351715e+01,0.000000000000000000e+00
3.097775787522392577e+01,0.000000000000000000e+00
3.402811055521685546e+01,0.000000000000000000e+00
3.012108260987520580e+01,0.000000000000000000e+00
3.042548148552926079e+01,0.000000000000000000e+00
2.885823513656051276e+01,0.000000000000000000e+00
2.833841621941748912e+01,0.000000000000000000e+00
3.200425895938592902e+01,0.000000000000000000e+00
2.987318182311254589e+01,0.000000000000000000e+00
3.387954631798041305e+01,0.000000000000000000e+00
2.986098476604075458e+01,0.000000000000000000e+00
3.234341810802432349e+01,0.000000000000000000e+00
3.070283399598088891e+01,0.000000000000000000e+00
3.328053383122301057e+01,0.000000000000000000e+00
3.371300910542595375e+01,0.000000000000000000e+00
3.053783962946440411e+01,0.000000000000000000e+00
2.851888993643473214e+01,0.000000000000000000e+00
3.104107402896394419e+01,0.000000000000000000e+00
3.022039854897682787e+01,0.000000000000000000e+00
3.413892957445148113e+01,0.000000000000000000e+00
3.297076428851584495e+01,0.000000000000000000e+00
3.165845969130176840e+01,0.000000000000000000e+00
3.222298956965461514e+01,0.000000000000000000e+00
3.183916824103073395e+01,0.000000000000000000e+00
3.122467362544298553e+01,0.000000000000000000e+00
3.225305141256102814e+01,0.000000000000000000e+00
3.303861135911492397e+01,0.000000000000000000e+00
3.301708268395781687e+01,0.000000000000000000e+00
3.307346888674049978e+01,0.000000000000000000e+00
3.385030784673320170e+01,0.000000000000000000e+00
3.406910739665172372e+01,0.000000000000000000e+00
3.497685626671123060e+01,0.000000000000000000e+00
3.567138719073669506e+01,0.000000000000000000e+00
3.478200258679734702e+01,0.000000000000000000e+00
3.569635151770044956e+01,0.000000000000000000e+00
2.929975915436543588e+01,0.000000000000000000e+00
3.604867441042316045e+01,0.000000000000000000e+00
2.846413858202787495e+01,0.000000000000000000e+00
3.081927712021032306e+01,0.000000000000000000e+00
3.315166077780541798e+01,0.000000000000000000e+00
3.385791028704244354e+01,0.000000000000000000e+00
3.337629947583143064e+01,0.000000000000000000e+00
3.510562371128085601e+01,0.000000000000000000e+00
3.329699951709771000e+01,0.000000000000000000e+00
3.419101978987724522e+01,0.000000000000000000e+00
3.228320602879944090e+01,0.000000000000000000e+00
3.130398638376717457e+01,0.000000000000000000e+00
3.505601689022339684e+01,0.000000000000000000e+00
3.435962004925903557e+01,0.000000000000000000e+00
3.733917138387294443e+01,0.000000000000000000e+00
3.438227397457726653e+01,0.000000000000000000e+00
3.547314548259978295e+01,0.000000000000000000e+00
3.476571604891871914e+01,0.000000000000000000e+00
3.548364469021191780e+01,0.000000000000000000e+00
3.377921793274835238e+01,0.000000000000000000e+00
3.134624919938018905e+01,0.000000000000000000e+00
3.637734500563583850e+01,0.000000000000000000e+00
3.556039635076567151e+01,0.000000000000000000e+00
3.006513416323563348e+01,0.000000000000000000e+00
3.714032386557749277e+01,0.000000000000000000e+00
3.211233237621465975e+01,0.000000000000000000e+00
3.357631687351166505e+01,0.000000000000000000e+00
3.524666902263149382e+01,0.000000000000000000e+00
3.365753892434276651e+01,0.000000000000000000e+00
3.145881914445301675e+01,0.000000000000000000e+00
3.621746667945931364e+01,0.000000000000000000e+00
3.435450620871039717e+01,0.000000000000000000e+00
3.379197244461099103e+01,0.000000000000000000e+00
3.441246762867329068e+01,0.000000000000000000e+00
3.602544188114383417e+01,0.000000000000000000e+00
3.295540973639835869e+01,0.000000000000000000e+00
3.158385260335833422e+01,0.000000000000000000e+00
3.642033268241608113e+01,0.000000000000000000e+00
3.726180772393983887e+01,0.000000000000000000e+00
3.449089356047151256e+01,0.000000000000000000e+00
3.047149176642582802e+01,0.000000000000000000e+00
3.655417948546850226e+01,0.000000000000000000e+00
3.636716157034202013e+01,0.000000000000000000e+00
3.464716269047756469e+01,0.000000000000000000e+00
3.894369725546729910e+01,0.000000000000000000e+00
3.772509525001569131e+01,0.000000000000000000e+00
3.796308514682110058e+01,0.000000000000000000e+00
3.687230403096788933e+01,0.000000000000000000e+00
3.381924505037619610e+01,0.000000000000000000e+00
3.420658374771213772e+01,0.000000000000000000e+00
3.668751457169337726e+01,0.000000000000000000e+00
3.690254291385193142e+01,0.000000000000000000e+00
4.147109104065567919e+01,0.000000000000000000e+00
3.739672674286759246e+01,0.000000000000000000e+00
3.434434613103429257e+01,0.000000000000000000e+00
3.505327306855588887e+01,0.000000000000000000e+00
3.686700776028828130e+01,0.000000000000000000e+00
3.797735906898898861e+01,0.000000000000000000e+00
3.549483682714532051e+01,0.000000000000000000e+00
3.693571813945997917e+01,0.000000000000000000e+00
3.692138887556628646e+01,0.000000000000000000e+00
3.616761098834359700e+01,0.000000000000000000e+00
3.894124868479262602e+01,0.000000000000000000e+00
4.015475563294193506e+01,0.000000000000000000e+00
3.534452998902049359e+01,0.000000000000000000e+00
4.062379811424598586e+01,0.000000000000000000e+00
3.376944625087276819e+01,0.000000000000000000e+00
4.079164618710904477e+01,0.000000000000000000e+00
4.004261185498000231e+01,0.000000000000000000e+00
3.728098935773093103e+01,0.000000000000000000e+00
4.026834993115345185e+01,0.000000000000000000e+00
3.767840531397348514e+01,0.000000000000000000e+00
3.646994619587437114e+01,0.000000000000000000e+00
4.199470285146109916e+01,0.000000000000000000e+00
3.335724224414491346e+01,0.000000000000000000e+00
3.711376827935909972e+01,0.000000000000000000e+00
3.849002934319850056e+01,0.000000000000000000e+00
3.921097326766808067e+01,0.000000000000000000e+00
3.762604017959296954e+01,0.000000000000000000e+00
4.185232368836276606e+01,0.000000000000000000e+00
3.671624574726264001e+01,0.000000000000000000e+00
4.050510050090193204e+01,0.000000000000000000e+00
3.952565920450145853e+01,0.000000000000000000e+00
3.844057498371952164e+01,0.000000000000000000e+00
3.769297199146308941e+01,0.000000000000000000e+00
4.044890977478120675e+01,0.000000000000000000e+00
4.401358022582889618e+01,0.000000000000000000e+00
3.974413768315110929e+01,0.000000000000000000e+00
3.844800596173246277e+01,0.000000000000000000e+00
4.152663356401924943e+01,0.000000000000000000e+00
4.043934544395969510e+01,0.000000000000000000e+00
4.225989834844743598e+01,0.000000000000000000e+00
3.827034834126196472e+01,0.000000000000000000e+00
3.876203918171567153e+01,0.000000000000000000e+00
3.983653543939139041e+01,0.000000000000000000e+00
3.842105594988231587e+01,0.000000000000000000e+00
3.712708314009643829e+01,0.000000000000000000e+00
4.135886026516463687e+01,0.000000000000000000e+00
4.007204420869936712e+01,0.000000000000000000e+00
4.068349065860789437e+01,0.000000000000000000e+00
4.024683356150864455e+01,0.000000000000000000e+00
3.845561371254989069e+01,0.000000000000000000e+00
3.851616985160372053e+01,0.000000000000000000e+00
3.949794972254602499e+01,0.000000000000000000e+00
3.906488120728491964e+01,0.000000000000000000e+00
4.063215262343538114e+01,0.000000000000000000e+00
4.171287624744781652e+01,0.000000000000000000e+00
3.838317282198991620e+01,0.000000000000000000e+00
3.924543117972957873e+01,0.000000000000000000e+00
4.474448408337325844e+01,0.000000000000000000e+00
3.806414544267101263e+01,0.000000000000000000e+00
4.003622984257782491e+01,0.000000000000000000e+00
3.950454131367253297e+01,0.000000000000000000e+00
3.984853147147256180e+01,0.000000000000000000e+00
3.875483900645338053e+01,0.000000000000000000e+00
4.088062082472067971e+01,0.000000000000000000e+00
4.114327242426001163e+01,0.000000000000000000e+00
4.326737672863364992e+01,0.000000000000000000e+00
4.403666391255427470e+01,0.000000000000000000e+00
4.016294889312936078e+01,0.000000000000000000e+00
4.218030534181122704e+01,0.000000000000000000e+00
4.203803361818072659e+01,0.000000000000000000e+00
3.792666113827742436e+01,0.000000000000000000e+00
3.875881206530277012e+01,0.000000000000000000e+00
4.204043881984771502e+01,0.000000000000000000e+00
4.067467134127023343e+01,0.000000000000000000e+00
4.178345171772096478e+01,0.000000000000000000e+00
4.293644159881553435e+01,0.000000000000000000e+00
4.009254359221259989e+01,0.000000000000000000e+00
4.468593948348707556e+01,0.000000000000000000e+00
4.008841082508384090e+01,0.000000000000000000e+00
4.425793914410211727e+01,0.000000000000000000e+00
4.095181716336320221e+01,0.000000000000000000e+00
4.252107216071882334e+01,0.000000000000000000e+00
4.188037586639806165e+01,0.000000000000000000e+00
4.249530701091079976e+01,0.000000000000000000e+00
4.700066805607506382e+01,0.000000000000000000e+00
4.210573274279173006e+01,0.000000000000000000e+00
4.241531624725306671e+01,0.000000000000000000e+00
4.161718768445120986e+01,0.000000000000000000e+00
4.548981282242973379e+01,0.000000000000000000e+00
4.149740311609259180e+01,0.000000000000000000e+00
4.261920195669596012e+01,0.000000000000000000e+00
4.589584428752053924e+01,0.000000000000000000e+00
4.185260767066230159e+01,0.000000000000000000e+00
4.181406060971014682e+01,0.000000000000000000e+00
4.341948380397965934e+01,0.000000000000000000e+00
4.310108607652751544e+01,0.000000000000000000e+00
4.240586560700626251e+01,0.000000000000000000e+00
4.190079107867930475e+01,0.000000000000000000e+00
4.699219325970916117e+01,0.000000000000000000e+00
4.500979671310943075e+01,0.000000000000000000e+00
4.508223528134583091e+01,0.000000000000000000e+00
4.557326749652668951e+01,0.000000000000000000e+00
4.445654191542426048e+01,0.000000000000000000e+00
4.700501384317932008e+01,0.000000000000000000e+00
4.472589491900535563e+01,0.000000000000000000e+00
4.241163592708962682e+01,0.000000000000000000e+00
4.695395480295574231e+01,0.000000000000000000e+00
4.627500941858362182e+01,0.000000000000000000e+00
4.715716374317972992e+01,0.000000000000000000e+00
4.456945777335933201e+01,0.000000000000000000e+00
4.541497581806752493e+01,0.000000000000000000e+00
4.635307634098660401e+01,0.000000000000000000e+00
4.372559843227406873e+01,0.000000000000000000e+00
4.607379183950251189e+01,0.000000000000000000e+00
4.583509971408128081e+01,0.000000000000000000e+00
4.303269791136791866e+01,0.000000000000000000e+00
4.460258491124260871e+01,0.000000000000000000e+00
4.214492296586237785e+01,0.000000000000000000e+00
4.876864357499835734e+01,0.000000000000000000e+00
4.708737646153155509e+01,0.000000000000000000e+00
4.508853879347287119e+01,0.000000000000000000e+00
4.764242691375189764e+01,0.000000000000000000e+00
4.094473593627985508e+01,0.000000000000000000e+00
4.253783365343183220e+01,0.000000000000000000e+00
4.495870097278675814e+01,0.000000000000000000e+00
4.524440299187651959e+01,0.000000000000000000e+00
4.060607950922886289e+01,0.000000000000000000e+00
4.468583231116928545e+01,0.000000000000000000e+00
4.410857855903914526e+01,0.000000000000000000e+00
4.720904356412382441e+01,0.000000000000000000e+00
4.790318547412879724e+01,0.000000000000000000e+00
4.808044263369853155e+01,0.000000000000000000e+00
4.349400182214701260e+01,0.000000000000000000e+00
4.385466284589256247e+01,0.000000000000000000e+00
4.440252237716396877e+01,0.000000000000000000e+00
4.509697389843485382e+01,0.000000000000000000e+00
4.542568050272902269e+01,0.000000000000000000e+00
4.647564420939273333e+01,0.000000000000000000e+00
4.842728871504581889e+01,0.000000000000000000e+00
4.797787212481535590e+01,0.000000000000000000e+00
4.708490640264636085e+01,0.000000000000000000e+00
4.796052420201976219e+01,0.000000000000000000e+00
4.923666089431062431e+01,0.000000000000000000e+00
4.451396480008951784e+01,0.000000000000000000e+00
4.699257426311012864e+01,0.000000000000000000e+00
4.444879079302726410e+01,0.000000000000000000e+00
4.623105491738385098e+01,0.000000000000000000e+00
4.942238537523030573e+01,0.000000000000000000e+00
4.592547052016853826e+01,0.000000000000000000e+00
5.053091205029248556e+01,0.000000000000000000e+00
4.909267625552611491e+01,0.000000000000000000e+00
4.672044386888283896e+01,0.000000000000000000e+00
5.023789313546879498e+01,0.000000000000000000e+00
5.025052712305098623e+01,0.000000000000000000e+00
4.563054788378808269e+01,0.000000000000000000e+00
4.661460060411844353e+01,0.000000000000000000e+00
5.148803721991378524e+01,0.000000000000000000e+00
4.790068703499927949e+01,0.000000000000000000e+00
4.646986667849949271e+01,0.000000000000000000e+00
4.603117044535728297e+01,0.000000000000000000e+00
4.851875645555357863e+01,0.000000000000000000e+00
4.885823448927783375e+01,0.000000000000000000e+00
4.907145502259034942e+01,0.000000000000000000e+00
4.787317178039675269e+01,0.000000000000000000e+00
5.111062154877713937e+01,0.000000000000000000e+00
5.072724645234175966e+01,0.000000000000000000e+00
4.920718339625848614e+01,0.000000000000000000e+00
5.107403088877005359e+01,0.000000000000000000e+00
5.126277393428554774e+01,0.000000000000000000e+00
5.227994077535715434e+01,0.000000000000000000e+00
4.984914436080668310e+01,0.000000000000000000e+00
5.055182715266882809e+01,0.000000000000000000e+00
4.973885392816514184e+01,0.000000000000000000e+00
4.487028807250533902e+01,0.000000000000000000e+00
4.855486784547533574e+01,0.000000000000000000e+00
5.145179874936899012e+01,0.000000000000000000e+00
4.861920638816946649e+01,0.000000000000000000e+00
5.142661038613618985e+01,0.000000000000000000e+00
5.235632876133129088e+01,0.000000000000000000e+00
4.789570941814240967e+01,0.000000000000000000e+00
5.000343483553123747e+01,0.000000000000000000e+00
5.199200978900299930e+01,0.000000000000000000e+00
5.030185130600521148e+01,0.000000000000000000e+00
4.912403683929616705e+01,0.000000000000000000e+00
5.225189847545937027e+01,0.000000000000000000e+00
5.162645833865404654e+01,0.000000000000000000e+00
4.801019508435158656e+01,0.000000000000000000e+00
5.129974444024252733e+01,0.000000000000000000e+00
5.067071868680579172e+01,0.000000000000000000e+00
4.983612760161116029e+01,0.000000000000000000e+00
5.423489109221777937e+01,0.000000000000000000e+00
4.920078183974672470e+01,0.000000000000000000e+00
5.370991519044862628e+01,0.000000000000000000e+00
5.133166169693678427e+01,0.000000000000000000e+00
4.819262495121299850e+01,0.000000000000000000e+00
5.445849932005562266e+01,0.000000000000000000e+00
5.402806559283622079e+01,0.000000000000000000e+00
5.354209631293532823e+01,0.000000000000000000e+00
4.748464671761155387e+01,0.000000000000000000e+00
5.104602344679761927e+01,0.000000000000000000e+00
5.337144189064008515e+01,0.000000000000000000e+00
5.305992853689403432e+01,0.000000000000000000e+00
5.306943838454800044e+01,0.000000000000000000e+00
5.163915801558863450e+01,0.000000000000000000e+00
5.389914240051108152e+01,0.000000000000000000e+00
5.103808042834485548e+01,0.000000000000000000e+00
5.073191463200610229e+01,0.000000000000000000e+00
5.316716038731630078e+01,0.000000000000000000e+00
5.172927778694138112e+01,0.000000000000000000e+00
5.427939192417244385e+01,0.000000000000000000e+00
5.440961556358936946e+01,0.000000000000000000e+00
4.929820368136259390e+01,0.000000000000000000e+00
5.314088913457825214e+01,0.000000000000000000e+00
5.301947784299209587e+01,0.000000000000000000e+00
5.351649053771501485e+01,0.000000000000000000e+00
5.375406449130393582e+01,0.000000000000000000e+00
5.493406179952909696e+01,0.000000000000000000e+00
5.620157490645814846e+01,0.000000000000000000e+00
5.099682582644374662e+01,0.000000000000000000e+00
5.489249315505450966e+01,0.000000000000000000e+00
4.950699179108008963e+01,0.000000000000000000e+00
5.497215278149027284e+01,0.000000000000000000e+00
5.094544575866824232e+01,0.000000000000000000e+00
5.562792942161356535e+01,0.000000000000000000e+00
5.433753976751904702e+01,0.000000000000000000e+00
5.491657861920683814e+01,0.000000000000000000e+00
5.494426405411730485e+01,0.000000000000000000e+00
5.534310120504223818e+01,0.000000000000000000e+00
5.342759914133067412e+01,0.000000000000000000e+00
5.725677839678473191e+01,0.000000000000000000e+00
5.559054644505119569e+01,0.000000000000000000e+00
5.493961771864966437e+01,0.000000000000000000e+00
5.321331197446547634e+01,0.000000000000000000e+00
5.619573038074537408e+01,0.000000000000000000e+00
5.519167033584265170e+01,0.000000000000000000e+00
5.291871218177453784e+01,0.000000000000000000e+00
5.615135027778278243e+01,0.000000000000000000e+00
5.262078142884517717e+01,0.000000000000000000e+00
5.512043333746311191e+01,0.000000000000000000e+00
6.037886064715118550e+01,0.000000000000000000e+00
5.442153330153162472e+01,0.000000000000000000e+00
5.454907247972239759e+01,0.000000000000000000e+00
5.549363115379952660e+01,0.000000000000000000e+00
5.138852467963145898e+01,0.000000000000000000e+00
5.494485365463004456e+01,0.000000000000000000e+00
5.665488379255037188e+01,0.000000000000000000e+00
5.620964853529859084e+01,0.000000000000000000e+00
5.645250947503766525e+01,0.000000000000000000e+00
5.294070322050349375e+01,0.000000000000000000e+00
5.598644929048714403e+01,0.000000000000000000e+00
5.584549287600199108e+01,0.000000000000000000e+00
5.461012667537119114e+01,0.000000000000000000e+00
5.694308063154208810e+01,0.000000000000000000e+00
5.812335144204053705e+01,0.000000000000000000e+00
5.297939627954568209e+01,0.000000000000000000e+00
5.551021261129390183e+01,0.000000000000000000e+00
5.501687448003863068e+01,0.000000000000000000e+00
5.473878828362294513e+01,0.000000000000000000e+00
5.399820529541010217e+01,0.000000000000000000e+00
5.900231330703343247e+01,0.000000000000000000e+00
5.595343021163878916e+01,0.000000000000000000e+00
5.657625953995298573e+01,0.000000000000000000e+00
5.879783092950309964e+01,0.000000000000000000e+00
5.825656050887675264e+01,0.000000000000000000e+00
5.746903203074865729e+01,0.000000000000000000e+00
5.675395158788128214e+01,0.000000000000000000e+00
5.504964012395272732e+01,0.000000000000000000e+00
5.907815861670783164e+01,0.000000000000000000e+00
5.515460851264887054e+01,0.000000000000000000e+00
5.655967131698790951e+01,0.000000000000000000e+00
5.826525784434419108e+01,0.000000000000000000e+00
5.759144520831986824e+01,0.000000000000000000e+00
5.593064667372843957e+01,0.000000000000000000e+00
5.944209693002236605e+01,0.000000000000000000e+00
5.602172884000701458e+01,0.000000000000000000e+00
5.688206620800804814e+01,0.000000000000000000e+00
5.902340277346731057e+01,0.000000000000000000e+00
5.934649543924331994e+01,0.000000000000000000e+00
5.855117348562163215e+01,0.000000000000000000e+00
6.035978205779495198e+01,0.000000000000000000e+00
5.439068362454369776e+01,0.000000000000000000e+00
5.717182459786320692e+01,0.000000000000000000e+00
5.837601854091678177e+01,0.000000000000000000e+00
5.904346464812723383e+01,0.000000000000000000e+00
5.854661969571667868e+01,0.000000000000000000e+00
6.015871881061236337e+01,0.000000000000000000e+00
5.939996229752359369e+01,0.000000000000000000e+00
5.918489595792744495e+01,0.000000000000000000e+00
5.878562101709566434e+01,0.000000000000000000e+00
6.280632315090221596e+01,0.000000000000000000e+00
5.595508723905476955e+01,0.000000000000000000e+00
6.036030218699443139e+01,0.000000000000000000e+00
5.699864286696294613e+01,0.000000000000000000e+00
6.006731171702434580e+01,0.000000000000000000e+00
5.905697583774045967e+01,0.000000000000000000e+00
6.122326411969581983e+01,0.000000000000000000e+00
5.990946174446470707e+01,0.000000000000000000e+00
6.416243299116125343e+01,0.000000000000000000e+00
5.831905131768900219e+01,0.000000000000000000e+00
5.985955132523206146e+01,0.000000000000000000e+00
6.208962249954161905e+01,0.000000000000000000e+00
5.923957269194158215e+01,0.000000000000000000e+00
5.744990285230927185e+01,0.000000000000000000e+00
6.363980262778457586e+01,0.000000000000000000e+00
6.241416420679550470e+01,0.000000000000000000e+00
5.926107307105818478e+01,0.000000000000000000e+00
5.907460082128427814e+01,0.000000000000000000e+00
6.337088885926854687e+01,0.000000000000000000e+00
5.989083347596121598e+01,0.000000000000000000e+00
5.974267926230345438e+01,0.000000000000000000e+00
6.057628339626492675e+01,0.000000000000000000e+00
5.644954929552834955e+01,0.000000000000000000e+00
6.156946138581258055e+01,0.000000000000000000e+00
6.054494831002767796e+01,0.000000000000000000e+00
6.240280046096097522e+01,0.000000000000000000e+00
6.547633793787234424e+01,0.000000000000000000e+00
6.375147959555279442e+01,0.000000000000000000e+00
6.097035609831209513e+01,0.000000000000000000e+00
6.385404802249669842e+01,0.000000000000000000e+00
6.291599058226203312e+01,0.000000000000000000e+00
6.157506601998132112e+01,0.000000000000000000e+00
5.847517532639764681e+01,0.000000000000000000e+00
5.868838319862205566e+01,0.000000000000000000e+00
6.373218548292177843e+01,0.000000000000000000e+00
5.878105746103396001e+01,0.000000000000000000e+00
6.332080002856073264e+01,0.000000000000000000e+00
6.562577472756936459e+01,0.000000000000000000e+00
6.049037681116551113e+01,0.000000000000000000e+00
6.392510735610655814e+01,0.000000000000000000e+00
6.139839022574334138e+01,0.000000000000000000e+00
5.867891128025094361e+01,0.000000000000000000e+00
6.212537478021869930e+01,0.000000000000000000e+00
5.994008239454085896e+01,0.000000000000000000e+00
5.872631931290287355e+01,0.000000000000000000e+00
5.927411587439078744e+01,0.000000000000000000e+00
6.565305858441435305e+01,0.000000000000000000e+00
6.331902571325348816e+01,0.000000000000000000e+00
6.550084571151637647e+01,0.000000000000000000e+00
6.402650971026024251e+01,0.000000000000000000e+00
6.053363311826547033e+01,0.000000000000000000e+00
6.460001842943816541e+01,0.000000000000000000e+00
6.272143491257006787e+01,0.000000000000000000e+00
6.161939065966878815e+01,0.000000000000000000e+00
6.196441890704406319e+01,0.000000000000000000e+00
6.363648382119427538e+01,0.000000000000000000e+00
6.075970961034968809e+01,0.000000000000000000e+00
6.109913068925130375e+01,0.000000000000000000e+00
6.583920257928777175e+01,0.000000000000000000e+00
6.487352579791257767e+01,0.000000000000000000e+00
6.294085679917508003e+01,0.000000000000000000e+00
6.608198951950485878e+01,0.000000000000000000e+00
6.333060742459553438e+01,0.000000000000000000e+00
6.246600504225076378e+01,0.000000000000000000e+00
6.425480257210845991e+01,0.000000000000000000e+00
6.676859975779872514e+01,0.000000000000000000e+00
6.774620705154700318e+01,0.000000000000000000e+00
6.232561723033908407e+01,0.000000000000000000e+00
6.523747542110632480e+01,0.000000000000000000e+00
6.367987397911230829e+01,0.000000000000000000e+00
6.321611262052341829e+01,0.000000000000000000e+00
6.245312341694035041e+01,0.000000000000000000e+00
6.549368277452521170e+01,0.000000000000000000e+00
6.539124993650365525e+01,0.000000000000000000e+00
6.530800622525428878e+01,0.000000000000000000e+00
6.835613434178037551e+01,0.000000000000000000e+00
6.432335138770049809e+01,0.000000000000000000e+00
6.548706226861584412e+01,0.000000000000000000e+00
6.738064160314016249e+01,0.000000000000000000e+00
6.332421652716505633e+01,0.000000000000000000e+00
6.456280945130164639e+01,0.000000000000000000e+00
6.656333580856659182e+01,0.000000000000000000e+00
6.349380417566838020e+01,0.000000000000000000e+00
6.321986562318318903e+01,0.000000000000000000e+00
6.646071035393443083e+01,0.000000000000000000e+00
6.313743482003975060e+01,0.000000000000000000e+00
6.974781191043200579e+01,0.000000000000000000e+00
6.601919122433180576e+01,0.000000000000000000e+00
6.525797587914075848e+01,0.000000000000000000e+00
6.658101092425957290e+01,0.000000000000000000e+00
7.005096591497294867e+01,0.000000000000000000e+00
6.724300217176573824e+01,0.000000000000000000e+00
6.436590605700301637e+01,0.000000000000000000e+00
6.748222364746386859e+01,0.000000000000000000e+00
6.613657674370753625e+01,0.000000000000000000e+00
6.674971462549486034e+01,0.000000000000000000e+00
6.732163934768379931e+01,0.000000000000000000e+00
6.371729409075974360e+01,0.000000000000000000e+00
7.164709827741063464e+01,0.000000000000000000e+00
6.702591996525561058e+01,0.000000000000000000e+00
6.688111034776503061e+01,0.000000000000000000e+00
6.406780119530395723e+01,0.000000000000000000e+00
6.412978908011365320e+01,0.000000000000000000e+00
6.840505869481404488e+01,0.000000000000000000e+00
6.372149064274872643e+01,0.000000000000000000e+00
6.673690528722278259e+01,0.000000000000000000e+00
6.920148787153446790e+01,0.000000000000000000e+00
6.871557371370151657e+01,0.000000000000000000e+00
6.692564582483777258e+01,0.000000000000000000e+00
6.447801731259011149e+01,0.000000000000000000e+00
6.469380240730622234e+01,0.000000000000000000e+00
6.808685012899123024e+01,0.000000000000000000e+00
6.724528726873114692e+01,0.000000000000000000e+00
6.670711628415629946e+01,0.000000000000000000e+00
7.059053636402002496e+01,0.000000000000000000e+00
6.746332258923821712e+01,0.000000000000000000e+00
6.772811307818939497e+01,0.000000000000000000e+00
6.885831467858795918e+01,0.000000000000000000e+00
6.672106605009453517e+01,0.000000000000000000e+00
6.720270364175583211e+01,0.000000000000000000e+00
6.898059313391820524e+01,0.000000000000000000e+00
6.748760081021973178e+01,0.000000000000000000e+00
6.641343392735295481e+01,0.000000000000000000e+00
6.465920868014711687e+01,0.000000000000000000e+00
7.051638973203296246e+01,0.000000000000000000e+00
6.600432963153646426e+01,0.000000000000000000e+00
7.057978265727224709e+01,0.000000000000000000e+00
6.917143693025889206e+01,0.000000000000000000e+00
6.929545662769356795e+01,0.000000000000000000e+00
6.878046803835434275e+01,0.000000000000000000e+00
6.996556001792377799e+01,0.000000000000000000e+00
6.801451917436982342e+01,0.000000000000000000e+00
6.721310453737176260e+01,0.000000000000000000e+00
6.804870540942306434e+01,0.000000000000000000e+00
6.946959884180894562e+01,0.000000000000000000e+00
6.857048612151602640e+01,0.000000000000000000e+00
6.825414080264938832e+01,0.000000000000000000e+00
6.855621386796930494e+01,0.000000000000000000e+00
7.153666757572329971e+01,0.000000000000000000e+00
7.207425724515287868e+01,0.000000000000000000e+00
7.100318942581856163e+01,0.000000000000000000e+00
6.914903609419644681e+01,0.000000000000000000e+00
7.210613382284809347e+01,0.000000000000000000e+00
7.138582443507628739e+01,0.000000000000000000e+00
6.614738799719216900e+01,0.000000000000000000e+00
7.088176553570278315e+01,0.000000000000000000e+00
6.925894277428173496e+01,0.000000000000000000e+00
7.145077899148515144e+01,0.000000000000000000e+00
6.790613418610764995e+01,0.000000000000000000e+00
6.767578659740607350e+01,0.000000000000000000e+00
6.788652890149917596e+01,0.000000000000000000e+00
6.908891545849319016e+01,0.000000000000000000e+00
6.799737441413277850e+01,0.000000000000000000e+00
6.964553982562215140e+01,0.000000000000000000e+00
7.143127458884514169e+01,0.000000000000000000e+00
6.950700366506667649e+01,0.000000000000000000e+00
6.805062750558768414e+01,0.000000000000000000e+00
6.943124412531598466e+01,0.000000000000000000e+00
7.236960118048043000e+01,0.000000000000000000e+00
7.076773616384494403e+01,0.000000000000000000e+00
7.034427652639671180e+01,0.000000000000000000e+00
7.135334768422097795e+01,0.000000000000000000e+00
6.760492391969199844e+01,0.000000000000000000e+00
7.249576177100833263e+01,0.000000000000000000e+00
6.939473283784593605e+01,0.000000000000000000e+00
7.047589038881113765e+01,0.000000000000000000e+00
7.182964797726657480e+01,0.000000000000000000e+00
7.016494007547609613e+01,0.000000000000000000e+00
7.287382864852797582e+01,0.000000000000000000e+00
7.351317124175110962e+01,0.000000000000000000e+00
6.893895504481206160e+01,0.000000000000000000e+00
6.838198114915810777e+01,0.000000000000000000e+00
7.067529016971413114e+01,0.000000000000000000e+00
7.320719476209266929e+01,0.000000000000000000e+00
7.213434963847315373e+01,0.000000000000000000e+00
7.251430465472252251e+01,0.000000000000000000e+00
7.537281867682177960e+01,0.000000000000000000e+00
7.144696750508030902e+01,0.000000000000000000e+00
7.337533047321299762e+01,0.000000000000000000e+00
7.165103780757874574e+01,0.000000000000000000e+00
7.340768562804399266e+01,0.000000000000000000e+00
7.409557733272963276e+01,0.000000000000000000e+00
7.484501738610777011e+01,0.000000000000000000e+00
7.299963587525597575e+01,0.000000000000000000e+00
7.164950924179719038e+01,0.000000000000000000e+00
6.913395591588943034e+01,0.000000000000000000e+00
7.289051033254465040e+01,0.000000000000000000e+00
7.223722247828405330e+01,0.000000000000000000e+00
7.175147974484171698e+01,0.000000000000000000e+00
7.094664373587787054e+01,0.000000000000000000e+00
7.305925063905174000e+01,0.000000000000000000e+00
6.954725808283795629e+01,0.000000000000000000e+00
7.319554233183141889e+01,0.000000000000000000e+00
7.513091261337190474e+01,0.000000000000000000e+00
7.210267859884623931e+01,0.000000000000000000e+00
7.220057624267266760e+01,0.000000000000000000e+00
7.134141817196784530e+01,0.000000000000000000e+00
7.582351828188120635e+01,0.000000000000000000e+00
7.377410401489039771e+01,0.000000000000000000e+00
7.081259968397581872e+01,0.000000000000000000e+00
7.395472276651472043e+01,0.000000000000000000e+00
7.327645406708892040e+01,0.000000000000000000e+00
7.362371056191487639e+01,0.000000000000000000e+00
7.183990676288389921e+01,0.000000000000000000e+00
7.460491727930805439e+01,0.000000000000000000e+00
7.172372330286627573e+01,0.000000000000000000e+00
7.397821553903078495e+01,0.000000000000000000e+00
7.435949863616586697e+01,0.000000000000000000e+00
7.324861719394755255e+01,0.000000000000000000e+00
7.237493816231291532e+01,0.000000000000000000e+00
7.253913500998449138e+01,0.000000000000000000e+00
7.169195363783505570e+01,0.000000000000000000e+00
7.094112249485176847e+01,0.000000000000000000e+00
7.391347251913485650e+01,0.000000000000000000e+00
7.473383913556334335e+01,0.000000000000000000e+00
7.535202326464325040e+01,0.000000000000000000e+00
7.449923226128638021e+01,0.000000000000000000e+00
7.346708060547727825e+01,0.000000000000000000e+00
7.497732546684667909e+01,0.000000000000000000e+00
7.379229167891357122e+01,0.000000000000000000e+00
7.535217311422144348e+01,0.000000000000000000e+00
7.558374875497885625e+01,0.000000000000000000e+00
7.508064788456526628e+01,0.000000000000000000e+00
7.717005910251302225e+01,0.000000000000000000e+00
7.086035169167661252e+01,0.000000000000000000e+00
7.119474402404338775e+01,0.000000000000000000e+00
7.606356696512176541e+01,0.000000000000000000e+00
7.677023654943100439e+01,0.000000000000000000e+00
7.485403697930873079e+01,0.000000000000000000e+00
7.714434272994091657e+01,0.000000000000000000e+00
7.481835662311385704e+01,0.000000000000000000e+00
7.448633408740901984e+01,0.000000000000000000e+00
7.505178448086853393e+01,0.000000000000000000e+00
7.214351340743577623e+01,0.000000000000000000e+00
7.314241732020332165e+01,0.000000000000000000e+00
7.736223779921230914e+01,0.000000000000000000e+00
7.936659779092995848e+01,0.000000000000000000e+00
7.259990126897562845e+01,0.000000000000000000e+00
7.391932477826864556e+01,0.000000000000000000e+00
7.531362933034496621e+01,0.000000000000000000e+00
7.611624640395464780e+01,0.000000000000000000e+00
7.413078602541234829e+01,0.000000000000000000e+00
7.757737269184607953e+01,0.000000000000000000e+00
7.474301840571774846e+01,0.000000000000000000e+00
7.543406571826673712e+01,0.000000000000000000e+00
7.270190551280211366e+01,0.000000000000000000e+00
7.454906038307530025e+01,0.000000000000000000e+00
7.485295790346165745e+01,0.000000000000000000e+00
7.796498932275463289e+01,0.000000000000000000e+00
7.760437771903377779e+01,0.000000000000000000e+00
7.335681819673141035e+01,0.000000000000000000e+00
7.571548034660345650e+01,0.000000000000000000e+00
7.528861587867395144e+01,0.000000000000000000e+00
7.518224065380022125e+01,0.000000000000000000e+00
7.630712868312554065e+01,0.000000000000000000e+00
7.576412128506352417e+01,0.000000000000000000e+00
7.359213070068666696e+01,0.000000000000000000e+00
7.783249486234778658e+01,0.000000000000000000e+00
7.480228660278416442e+01,0.000000000000000000e+00
7.537139254529431298e+01,0.000000000000000000e+00
7.269913573406695662e+01,0.000000000000000000e+00
7.421923629542889955e+01,0.000000000000000000e+00
7.321577477961591285e+01,0.000000000000000000e+00
7.677797443717102510e+01,0.000000000000000000e+00
7.726365617799527286e+01,0.000000000000000000e+00
7.681943428666340878e+01,0.000000000000000000e+00
7.559337519410159700e+01,0.000000000000000000e+00
7.273317824147473232e+01,0.000000000000000000e+00
7.387826474806117005e+01,0.000000000000000000e+00
7.467472276018419564e+01,0.000000000000000000e+00
7.325510713080116432e+01,0.000000000000000000e+00
7.716369543320556090e+01,0.000000000000000000e+00
7.711077256924801304e+01,0.000000000000000000e+00
7.548806319489935390e+01,0.000000000000000000e+00
7.126897759059077941e+01,0.000000000000000000e+00
7.521815116724513928e+01,0.000000000000000000e+00
7.544281127995930092e+01,0.000000000000000000e+00
7.668971278323857632e+01,0.000000000000000000e+00
8.028435792384168224e+01,0.000000000000000000e+00
7.869074406130731347e+01,0.000000000000000000e+00
7.491037028549489207e+01,0.000000000000000000e+00
7.598130948179330346e+01,0.000000000000000000e+00
7.644687147450329689e+01,0.000000000000000000e+00
7.571055735900044681e+01,0.000000000000000000e+00
7.845775831812569834e+01,0.000000000000000000e+00
7.935715964254185906e+01,0.000000000000000000e+00
7.611623055613915767e+01,0.000000000000000000e+00
7.469717875165400756e+01,0.000000000000000000e+00
7.889492701602308955e+01,0.000000000000000000e+00
7.727570151575106649e+01,0.000000000000000000e+00
7.750858070389870136e+01,0.000000000000000000e+00
7.310120547399412771e+01,0.000000000000000000e+00
7.474693596308810584e+01,0.000000000000000000e+00
7.462913301259968080e+01,0.000000000000000000e+00
7.900664923018541685e+01,0.000000000000000000e+00
8.074380958749004833e+01,0.000000000000000000e+00
7.470086289093990217e+01,0.000000000000000000e+00
7.758919458754004950e+01,0.000000000000000000e+00
7.845835703739167855e+01,0.000000000000000000e+00
7.941381427558206951e+01,0.000000000000000000e+00
7.977499816982542313e+01,0.000000000000000000e+00
7.878509795020433160e+01,0.000000000000000000e+00
7.507292554089525538e+01,0.000000000000000000e+00
7.895879538586343926e+01,0.000000000000000000e+00
8.022202686906436497e+01,0.000000000000000000e+00
7.793617745611966541e+01,0.000000000000000000e+00
8.141721527886035403e+01,0.000000000000000000e+00
7.457604355602056501e+01,0.000000000000000000e+00
7.820951426603205903e+01,0.000000000000000000e+00
7.472299582402388296e+01,0.000000000000000000e+00
7.750135123407234516e+01,0.000000000000000000e+00
7.718343783962255600e+01,0.000000000000000000e+00
7.739119762896899601e+01,0.000000000000000000e+00
7.471573006945979500e+01,0.000000000000000000e+00
7.861961751999879766e+01,0.000000000000000000e+00
7.479495798510959048e+01,0.000000000000000000e+00
7.583729363421838343e+01,0.000000000000000000e+00
7.885541107738360722e+01,0.000000000000000000e+00
7.948273863560356745e+01,0.000000000000000000e+00
7.913834345091463263e+01,0.000000000000000000e+00
7.533638341047472409e+01,0.000000000000000000e+00
7.681249341010581588e+01,0.000000000000000000e+00
7.760047744540592873e+01,0.000000000000000000e+00
7.872016403924017425e+01,0.000000000000000000e+00
7.698113047733868086e+01,0.000000000000000000e+00
7.749236291402901600e+01,0.000000000000000000e+00
8.148722922914691935e+01,0.000000000000000000e+00
7.823008585702197593e+01,0.000000000000000000e+00
7.998049351733061485e+01,0.000000000000000000e+00
7.658544854931960799e+01,0.000000000000000000e+00
7.811971366012335238e+01,0.000000000000000000e+00
7.975045158139901957e+01,0.000000000000000000e+00
7.480447962235601267e+01,0.000000000000000000e+00
7.575132703298869785e+01,0.000000000000000000e+00
7.981474698714519889e+01,0.000000000000000000e+00
7.590093155194638541e+01,0.000000000000000000e+00
7.572730690735897952e+01,0.000000000000000000e+00
7.850376984203236930e+01,0.000000000000000000e+00
7.623602993354641910e+01,0.000000000000000000e+00
8.000323222939655921e+01,0.000000000000000000e+00
7.786131570207034258e+01,0.000000000000000000e+00
8.148514197546779769e+01,0.000000000000000000e+00
7.973690303870647256e+01,0.000000000000000000e+00
7.990781053981592663e+01,0.000000000000000000e+00
7.973117825478630039e+01,0.000000000000000000e+00
8.011298526012998877e+01,0.000000000000000000e+00
7.775200850057517243e+01,0.000000000000000000e+00
7.817440636730165693e+01,0.000000000000000000e+00
7.884301062871001875e+01,0.000000000000000000e+00
7.737685376285358529e+01,0.000000000000000000e+00
7.977207057762886677e+01,0.000000000000000000e+00
7.917475508061784240e+01,0.000000000000000000e+00
7.823662841580454597e+01,0.000000000000000000e+00
7.864288226074026511e+01,0.000000000000000000e+00
7.919373605788044301e+01,0.000000000000000000e+00
7.690771192215380836e+01,0.000000000000000000e+00
7.882243271117614825e+01,0.000000000000000000e+00
7.983728327664353230e+01,0.000000000000000000e+00
8.050871729309072578e+01,0.000000000000000000e+00
8.143511045567396422e+01,0.000000000000000000e+00
8.019632727732937383e+01,0.000000000000000000e+00
8.127264987202750035e+01,0.000000000000000000e+00
8.088428552970994190e+01,0.000000000000000000e+00
7.938847192572717404e+01,0.000000000000000000e+00
7.819145458207619015e+01,0.000000000000000000e+00
7.986189365872120050e+01,0.000000000000000000e+00
7.827141787699426345e+01,0.000000000000000000e+00
7.448308734299008904e+01,0.000000000000000000e+00
8.114066179990392413e+01,0.000000000000000000e+00
7.847393848025909335e+01,0.000000000000000000e+00
8.050551796612994337e+01,0.000000000000000000e+00
8.131856574849885533e+01,0.000000000000000000e+00
8.094203125860342141e+01,0.000000000000000000e+00
7.516449795084814411e+01,0.000000000000000000e+00
7.798583875781055497e+01,0.000000000000000000e+00
8.043729985572257135e+01,0.000000000000000000e+00
7.853118252179139347e+01,0.000000000000000000e+00
8.215238545847228124e+01,0.000000000000000000e+00
7.712119817258461296e+01,0.000000000000000000e+00
7.942943320267130503e+01,0.000000000000000000e+00
8.176273353136191702e+01,0.000000000000000000e+00
7.845404883171879362e+01,0.000000000000000000e+00
7.975999071608698898e+01,0.000000000000000000e+00
7.899324389298705285e+01,0.000000000000000000e+00
7.873396932553913530e+01,0.000000000000000000e+00
7.954822497353997335e+01,0.000000000000000000e+00
8.313677827534839082e+01,0.000000000000000000e+00
8.311072532372146782e+01,0.000000000000000000e+00
8.098044176178409259e+01,0.000000000000000000e+00
8.192018469670989589e+01,0.000000000000000000e+00
7.970241505667287640e+01,0.000000000000000000e+00
7.889134031441902550e+01,0.000000000000000000e+00
7.645900684967220684e+01,0.000000000000000000e+00
7.546691609906842757e+01,0.000000000000000000e+00
7.886370498446254373e+01,0.000000000000000000e+00
7.893780184979885917e+01,0.000000000000000000e+00
7.691435402257422993e+01,0.000000000000000000e+00
7.661930097237379300e+01,0.000000000000000000e+00
8.054832647908516208e+01,0.000000000000000000e+00
8.132928396609194976e+01,0.000000000000000000e+00
7.530270716839481793e+01,0.000000000000000000e+00
7.785461991392783432e+01,0.000000000000000000e+00
8.009997519405999356e+01,0.000000000000000000e+00
8.404242590850110162e+01,0.000000000000000000e+00
8.399940229311263806e+01,0.000000000000000000e+00
8.019589465765231751e+01,0.000000000000000000e+00
7.911375393297271330e+01,0.000000000000000000e+00
7.946343626886223888e+01,0.000000000000000000e+00
8.019805226455757463e+01,0.000000000000000000e+00
7.960004288779865078e+01,0.000000000000000000e+00
7.528151861022281821e+01,0.000000000000000000e+00
7.622862951219087790e+01,0.000000000000000000e+00
7.699387152099474463e+01,0.000000000000000000e+00
8.001197410334441429e+01,0.000000000000000000e+00
7.896226809420075199e+01,0.000000000000000000e+00
8.204666621614140354e+01,0.000000000000000000e+00
8.074528825214098049e+01,0.000000000000000000e+00
8.290047268577157524e+01,0.000000000000000000e+00
8.349949362576344924e+01,0.000000000000000000e+00
8.126846868078548880e+01,0.000000000000000000e+00
7.944559126929695481e+01,0.000000000000000000e+00
7.677768383057214407e+01,0.000000000000000000e+00
7.810110032206328867e+01,0.000000000000000000e+00
8.163052351331295142e+01,0.000000000000000000e+00
8.226325604696322102e+01,0.000000000000000000e+00
7.865956560573778233e+01,0.000000000000000000e+00
8.119846316948648735e+01,0.000000000000000000e+00
7.781035077282308521e+01,0.000000000000000000e+00
8.358255634367594666e+01,0.000000000000000000e+00
8.164871759314884514e+01,0.000000000000000000e+00
8.444337117181423480e+01,0.000000000000000000e+00
7.911417165988635247e+01,0.000000000000000000e+00
8.113807933355062119e+01,0.000000000000000000e+00
8.125402639648960701e+01,0.000000000000000000e+00
8.011019063208017599e+01,0.000000000000000000e+00
8.127145848660626370e+01,0.000000000000000000e+00
8.277912747016983985e+01,0.000000000000000000e+00
8.163874042717630175e+01,0.000000000000000000e+00
8.121810478219494200e+01,0.000000000000000000e+00
8.204530700011110866e+01,0.000000000000000000e+00
7.829341981292685659e+01,0.000000000000000000e+00
7.878562675971471663e+01,0.000000000000000000e+00
7.972572273186132463e+01,0.000000000000000000e+00
7.989080559397474701e+01,0.000000000000000000e+00
8.184693316166077182e+01,0.000000000000000000e+00
8.168298890079826435e+01,0.000000000000000000e+00
8.344854747110186111e+01,0.000000000000000000e+00
7.796226220379399763e+01,0.000000000000000000e+00
8.088181898785613555e+01,0.000000000000000000e+00
7.729840643267301914e+01,0.000000000000000000e+00
7.911330917695643450e+01,0.000000000000000000e+00
7.836661563847478362e+01,0.000000000000000000e+00
8.098849153538563428e+01,0.000000000000000000e+00
7.839777460401887765e+01,0.000000000000000000e+00
8.023511567129720845e+01,0.000000000000000000e+00
8.178631679631834572e+01,0.000000000000000000e+00
8.288783036528938908e+01,0.000000000000000000e+00
7.934780637580880125e+01,0.000000000000000000e+00
7.952735440168915204e+01,0.000000000000000000e+00
8.030032556707197955e+01,0.000000000000000000e+00
8.024880013318768590e+01,0.000000000000000000e+00
8.477985139417346261e+01,0.000000000000000000e+00
8.013867437723803278e+01,0.000000000000000000e+00
7.876309279216336279e+01,0.000000000000000000e+00
8.167815417406353617e+01,0.000000000000000000e+00
8.082988511488613881e+01,0.000000000000000000e+00
7.885348390047107614e+01,0.000000000000000000e+00
8.236987042237947776e+01,0.000000000000000000e+00
7.796691046691620386e+01,0.000000000000000000e+00
7.852360037401140858e+01,0.000000000000000000e+00
8.271259860438127021e+01,0.000000000000000000e+00
8.114607265022871729e+01,0.000000000000000000e+00
7.951876751494303619e+01,0.000000000000000000e+00
7.988919860524096350e+01,0.000000000000000000e+00
8.372255995020049113e+01,0.000000000000000000e+00
8.022183957059843351e+01,0.000000000000000000e+00
7.770251843331165276e+01,0.000000000000000000e+00
8.296328791122101620e+01,0.000000000000000000e+00
8.085569222430424929e+01,0.000000000000000000e+00
7.799768841714484324e+01,0.000000000000000000e+00
8.067445736334379092e+01,0.000000000000000000e+00
8.055821790564458240e+01,0.000000000000000000e+00
8.133848335404545082e+01,0.000000000000000000e+00
8.119809742135429076e+01,0.000000000000000000e+00
7.816329525849948823e+01,0.000000000000000000e+00
7.800181453905449303e+01,0.000000000000000000e+00
7.839857513064586669e+01,0.000000000000000000e+00
8.009824309413187393e+01,0.000000000000000000e+00
8.137735742736651900e+01,0.000000000000000000e+00
8.017039312455813160e+01,0.000000000000000000e+00
8.077348691360265320e+01,0.000000000000000000e+00
8.157946147715001928e+01,0.000000000000000000e+00
7.670136123298067332e+01,0.000000000000000000e+00
7.829176982210421443e+01,0.000000000000000000e+00
8.123075603419357549e+01,0.000000000000000000e+00
7.791567065927671365e+01,0.000000000000000000e+00
8.429080571016605461e+01,0.000000000000000000e+00
8.100843680587144036e+01,0.000000000000000000e+00
8.024358757438459122e+01,0.000000000000000000e+00
7.832832170874520727e+01,0.000000000000000000e+00
7.800458379049082680e+01,0.000000000000000000e+00
7.669283243301235586e+01,0.000000000000000000e+00
8.468203386613271277e+01,0.000000000000000000e+00
8.188086783757597686e+01,0.000000000000000000e+00
8.178125398454315587e+01,0.000000000000000000e+00
7.971934700014230657e+01,0.000000000000000000e+00
8.111443138562955824e+01,0.000000000000000000e+00
8.112583233909107605e+01,0.000000000000000000e+00
7.717662070986116873e+01,0.000000000000000000e+00
8.679693073165418582e+01,0.000000000000000000e+00
8.023942489466244865e+01,0.000000000000000000e+00
7.879020379965375298e+01,0.000000000000000000e+00
7.919946047792913646e+01,0.000000000000000000e+00
7.723403705630146021e+01,0.000000000000000000e+00
7.911602788836607658e+01,0.000000000000000000e+00
7.763443569358277330e+01,0.000000000000000000e+00
7.949975437163996617e+01,0.000000000000000000e+00
7.732310944400518338e+01,0.000000000000000000e+00
7.949343169620033223e+01,0.000000000000000000e+00
7.906188554648910838e+01,0.000000000000000000e+00
7.914483324523375529e+01,0.000000000000000000e+00
7.790811389232048612e+01,0.000000000000000000e+00
7.942695237295644972e+01,0.000000000000000000e+00
8.056680636771172033e+01,0.000000000000000000e+00
8.075915655108195779e+01,0.000000000000000000e+00
7.907530359467796188e+01,0.000000000000000000e+00
7.964169798782705811e+01,0.000000000000000000e+00
7.790190058370775716e+01,0.000000000000000000e+00
8.316349667289050274e+01,0.000000000000000000e+00
8.087697052572460166e+01,0.000000000000000000e+00
7.540035645638361927e+01,0.000000000000000000e+00
7.946333477207464568e+01,0.000000000000000000e+00
8.007089761018623619e+01,0.000000000000000000e+00
7.728404206120356434e+01,0.000000000000000000e+00
7.988613243593681545e+01,0.000000000000000000e+00
7.941687719876746598e+01,0.000000000000000000e+00
8.198932348993282915e+01,0.000000000000000000e+00
8.093827458339487180e+01,0.000000000000000000e+00
8.074712866947633927e+01,0.000000000000000000e+00
7.965766809342312627e+01,0.000000000000000000e+00
8.287205113616403196e+01,0.000000000000000000e+00
7.938724974661407430e+01,0.000000000000000000e+00
8.023515781995790519e+01,0.000000000000000000e+00
7.964465966789839513e+01,0.000000000000000000e+00
7.906480886028089117e+01,0.000000000000000000e+00
7.781780122377851683e+01,0.000000000000000000e+00
7.935806605265625535e+01,0.000000000000000000e+00
7.741591029695359794e+01,0.000000000000000000e+00
7.815940004131341823e+01,0.000000000000000000e+00
8.202897593584819447e+01,0.000000000000000000e+00
7.528885593270970844e+01,0.000000000000000000e+00
7.783895364154274432e+01,0.000000000000000000e+00
7.517603100069487709e+01,0.000000000000000000e+00
7.884319966317205797e+01,0.000000000000000000e+00
7.849660161096541344e+01,0.000000000000000000e+00
7.869157888744912555e+01,0.000000000000000000e+00
7.937358138053336631e+01,0.000000000000000000e+00
7.707393253618455731e+01,0.000000000000000000e+00
7.922982531218073632e+01,0.000000000000000000e+00
8.290831241116741523e+01,0.000000000000000000e+00
7.778359257730974718e+01,0.000000000000000000e+00
7.408208738466393584e+01,0.000000000000000000e+00
8.066998661575486551e+01,0.000000000000000000e+00
7.632212234178275878e+01,0.000000000000000000e+00
7.985456613630847755e+01,0.000000000000000000e+00
7.542949530788764889e+01,0.000000000000000000e+00
7.527916253124848822e+01,0.000000000000000000e+00
7.765579965223223269e+01,0.000000000000000000e+00
7.832067099054638959e+01,0.000000000000000000e+00
7.839539406464746207e+01,0.000000000000000000e+00
7.705473939840392461e+01,0.000000000000000000e+00
8.336435438338844506e+01,0.000000000000000000e+00
7.674152831797603369e+01,0.000000000000000000e+00
8.119665034580091856e+01,0.000000000000000000e+00
7.588547379280703353e+01,0.000000000000000000e+00
7.980264909873609724e+01,0.000000000000000000e+00
7.951411206452252145e+01,0.000000000000000000e+00
7.726326175435531241e+01,0.000000000000000000e+00
7.412269378604773351e+01,0.000000000000000000e+00
7.755195504807790030e+01,0.000000000000000000e+00
7.698925169586173922e+01,0.000000000000000000e+00
7.889368587389135712e+01,0.000000000000000000e+00
7.875111278214428978e+01,0.000000000000000000e+00
7.984730360882190325e+01,0.000000000000000000e+00
8.079187768344657172e+01,0.000000000000000000e+00
7.939819039367446862e+01,0.000000000000000000e+00
7.922726191573117660e+01,0.000000000000000000e+00
8.038273475155070003e+01,0.000000000000000000e+00
7.693844346478593366e+01,0.000000000000000000e+00
7.756487602279699445e+01,0.000000000000000000e+00
7.822948672300817918e+01,0.000000000000000000e+00
7.780486192213433583e+01,0.000000000000000000e+00
7.728427233379306927e+01,0.000000000000000000e+00
7.971640981995759034e+01,0.000000000000000000e+00
7.824624754231631130e+01,0.000000000000000000e+00
7.809528453712771068e+01,0.000000000000000000e+00
7.752799069792332887e+01,0.000000000000000000e+00
7.745652058205047297e+01,0.000000000000000000e+00
7.938499709735101817e+01,0.000000000000000000e+00
8.108625814351175620e+01,0.000000000000000000e+00
7.610156857421431198e+01,0.000000000000000000e+00
7.719607709553346808e+01,0.000000000000000000e+00
7.352713454965585527e+01,0.000000000000000000e+00
7.724362149238785946e+01,0.000000000000000000e+00
7.564876123739534819e+01,0.000000000000000000e+00
7.687965829160265230e+01,0.000000000000000000e+00
7.725841112886185158e+01,0.000000000000000000e+00
7.716135469743475994e+01,0.000000000000000000e+00
7.666618090826315779e+01,0.000000000000000000e+00
7.728905496551497833e+01,0.000000000000000000e+00
7.723529652664583978e+01,0.000000000000000000e+00
7.766351213719647717e+01,0.000000000000000000e+00
7.812601604106082220e+01,0.000000000000000000e+00
7.339904719721288018e+01,0.000000000000000000e+00
7.667002807412566767e+01,0.000000000000000000e+00
7.590565280227413325e+01,0.000000000000000000e+00
8.109407202734314524e+01,0.000000000000000000e+00
7.984593080901832707e+01,0.000000000000000000e+00
7.694041057901125669e+01,0.000000000000000000e+00
7.332701053315308570e+01,0.000000000000000000e+00
7.997815188447050616e+01,0.000000000000000000e+00
7.493891064817495362e+01,0.000000000000000000e+00
7.743119225589684618e+01,0.000000000000000000e+00
7.866376167640059691e+01,0.000000000000000000e+00
7.895387944554994419e+01,0.000000000000000000e+00
7.252422446819707602e+01,0.000000000000000000e+00
7.755832088503274235e+01,0.000000000000000000e+00
7.609742612469725032e+01,0.000000000000000000e+00
7.893098510234902676e+01,0.000000000000000000e+00
7.717783531033560962e+01,0.000000000000000000e+00
7.649607136802960383e+01,0.000000000000000000e+00
7.947955991391006592e+01,0.000000000000000000e+00
7.133569858729025270e+01,0.000000000000000000e+00
7.839169047641256327e+01,0.000000000000000000e+00
7.916221401918922140e+01,0.000000000000000000e+00
7.683361147670281355e+01,0.000000000000000000e+00
7.705826480818500102e+01,0.000000000000000000e+00
7.683532535201560165e+01,0.000000000000000000e+00
8.084875427848977836e+01,0.000000000000000000e+00
7.648625847823949186e+01,0.000000000000000000e+00
7.738528005810651678e+01,0.000000000000000000e+00
7.682291464780061574e+01,0.000000000000000000e+00
7.583494203656087507e+01,0.000000000000000000e+00
7.631206512636195782e+01,0.000000000000000000e+00
7.570361768105486533e+01,0.000000000000000000e+00
7.581000027550862796e+01,0.000000000000000000e+00
7.848969261670802666e+01,0.000000000000000000e+00
7.447548692148467353e+01,0.000000000000000000e+00
7.613673340971099890e+01,0.000000000000000000e+00
7.702719673840924486e+01,0.000000000000000000e+00
7.499859803571661132e+01,0.000000000000000000e+00
7.549790096862747646e+01,0.000000000000000000e+00
7.544149012736602344e+01,0.000000000000000000e+00
7.346501785857701350e+01,0.000000000000000000e+00
7.853945518902699519e+01,0.000000000000000000e+00
7.551098155784858079e+01,0.000000000000000000e+00
7.100989021747287211e+01,0.000000000000000000e+00
7.453632264838608990e+01,0.000000000000000000e+00
7.351848211477084760e+01,0.000000000000000000e+00
7.719991343142328333e+01,0.000000000000000000e+00
7.650896830388350622e+01,0.000000000000000000e+00
7.861794286676754950e+01,0.000000000000000000e+00
7.658823639936981920e+01,0.000000000000000000e+00
7.681017402056330923e+01,0.000000000000000000e+00
7.722536955025709915e+01,0.000000000000000000e+00
7.522063388748156854e+01,0.000000000000000000e+00
7.394070958700604024e+01,0.000000000000000000e+00
7.603649221585165208e+01,0.000000000000000000e+00
7.486677215195176416e+01,0.000000000000000000e+00
7.788090996696553248e+01,0.000000000000000000e+00
7.309848064306441984e+01,0.000000000000000000e+00
7.364238995123760390e+01,0.000000000000000000e+00
7.114072222038754489e+01,0.000000000000000000e+00
7.645316150732490712e+01,0.000000000000000000e+00
7.517560219532997223e+01,0.000000000000000000e+00
7.499044040674175449e+01,0.000000000000000000e+00
7.628708452520464789e+01,0.000000000000000000e+00
7.547877423516207784e+01,0.000000000000000000e+00
7.214075055193383434e+01,0.000000000000000000e+00
7.896266630470429959e+01,0.000000000000000000e+00
7.620528428294412038e+01,0.000000000000000000e+00
7.397879315291146440e+01,0.000000000000000000e+00
7.690664743288462546e+01,0.000000000000000000e+00
7.783503229535946843e+01,0.000000000000000000e+00
7.490801815115399620e+01,0.000000000000000000e+00
7.329695585416025949e+01,0.000000000000000000e+00
7.434263455397271514e+01,0.000000000000000000e+00
7.337862730291332980e+01,0.000000000000000000e+00
7.293665268109971578e+01,0.000000000000000000e+00
7.231900364510349277e+01,0.000000000000000000e+00
7.152041937998880883e+01,0.000000000000000000e+00
7.151033942951639233e+01,0.000000000000000000e+00
7.419253655204667552e+01,0.000000000000000000e+00
7.446566111257709508e+01,0.000000000000000000e+00
7.703909730169489478e+01,0.000000000000000000e+00
7.445865093289160086e+01,0.000000000000000000e+00
7.517306621654856258e+01,0.000000000000000000e+00
7.687204502074928314e+01,0.000000000000000000e+00
7.610155402476631537e+01,0.000000000000000000e+00
7.436146964839737450e+01,0.000000000000000000e+00
7.360845440110819027e+01,0.000000000000000000e+00
7.409983733705063003e+01,0.000000000000000000e+00
7.655615453383974511e+01,0.000000000000000000e+00
7.422859303612189308e+01,0.000000000000000000e+00
6.963135381237169952e+01,0.000000000000000000e+00
7.452892861225419097e+01,0.000000000000000000e+00
7.548466577965557178e+01,0.000000000000000000e+00
7.259358449929959534e+01,0.000000000000000000e+00
7.284715626913730091e+01,0.000000000000000000e+00
6.986056089598862684e+01,0.000000000000000000e+00
7.590709438361334094e+01,0.000000000000000000e+00
6.973425257771344832e+01,0.000000000000000000e+00
7.098606875113155468e+01,0.000000000000000000e+00
7.348078584352666098e+01,0.000000000000000000e+00
6.919628334154920424e+01,0.000000000000000000e+00
7.378603890673677768e+01,0.000000000000000000e+00
7.347836800906645749e+01,0.000000000000000000e+00
7.336821647883870412e+01,0.000000000000000000e+00
6.914718798690405777e+01,0.000000000000000000e+00
7.359062913795142435e+01,0.000000000000000000e+00
7.306814069567512604e+01,0.000000000000000000e+00
7.467375630213066984e+01,0.000000000000000000e+00
7.283029748433256145e+01,0.000000000000000000e+00
7.277721749379658434e+01,0.000000000000000000e+00
7.279228079228124670e+01,0.000000000000000000e+00
7.623501884276657847e+01,0.000000000000000000e+00
7.154450904290368385e+01,0.000000000000000000e+00
6.812587352177196465e+01,0.000000000000000000e+00
7.088105375283934961e+01,0.000000000000000000e+00
7.275191203896133629e+01,0.000000000000000000e+00
7.165513702156697207e+01,0.000000000000000000e+00
7.143056708473363869e+01,0.000000000000000000e+00
6.864082943309583129e+01,0.000000000000000000e+00
7.374397865912617078e+01,0.000000000000000000e+00
7.311383291356624170e+01,0.000000000000000000e+00
7.010069023471393734e+01,0.000000000000000000e+00
7.005100671548311198e+01,0.000000000000000000e+00
7.158938053525854173e+01,0.000000000000000000e+00
7.081859912352450692e+01,0.000000000000000000e+00
7.473127051069634774e+01,0.000000000000000000e+00
7.110474457091234513e+01,0.000000000000000000e+00
7.215487147387428024e+01,0.000000000000000000e+00
7.054285645405360583e+01,0.000000000000000000e+00
7.095969487462974712e+01,0.000000000000000000e+00
7.134760934348793171e+01,0.000000000000000000e+00
6.893680188596255221e+01,0.000000000000000000e+00
7.119738790149428098e+01,0.000000000000000000e+00
7.262206705413366592e+01,0.000000000000000000e+00
7.026056950499788911e+01,0.000000000000000000e+00
7.256979168788376455e+01,0.000000000000000000e+00
7.579287260450784913e+01,0.000000000000000000e+00
7.125824447680153639e+01,0.000000000000000000e+00
6.941999303970001733e+01,0.000000000000000000e+00
6.699700179156208435e+01,0.000000000000000000e+00
6.872151097438369050e+01,0.000000000000000000e+00
7.331857109039034981e+01,0.000000000000000000e+00
7.019990205241315095e+01,0.000000000000000000e+00
6.821234650175904335e+01,0.000000000000000000e+00
6.591312752349492143e+01,0.000000000000000000e+00
6.926555789508728367e+01,0.000000000000000000e+00
7.094630659362576353e+01,0.000000000000000000e+00
6.767976157712085694e+01,0.000000000000000000e+00
6.860083338660771801e+01,0.000000000000000000e+00
7.182133452216990577e+01,0.000000000000000000e+00
6.797536021325423405e+01,0.000000000000000000e+00
7.404047668932314252e+01,0.000000000000000000e+00
6.811170572289356073e+01,0.000000000000000000e+00
7.163142922388600198e+01,0.000000000000000000e+00
7.282058755771379310e+01,0.000000000000000000e+00
7.466731647752256151e+01,0.000000000000000000e+00
7.471751689836135313e+01,0.000000000000000000e+00
7.159255793176120619e+01,0.000000000000000000e+00
6.618839377426390058e+01,0.000000000000000000e+00
6.999430879304603081e+01,0.000000000000000000e+00
7.423616067701584598e+01,0.000000000000000000e+00
7.073892356659004577e+01,0.000000000000000000e+00
6.966053074894865915e+01,0.000000000000000000e+00
7.042403783052203892e+01,0.000000000000000000e+00
6.999340095147721286e+01,0.000000000000000000e+00
6.894186457735850126e+01,0.000000000000000000e+00
6.966181565937685605e+01,0.000000000000000000e+00
6.445485234207825442e+01,0.000000000000000000e+00
6.836647154320827724e+01,0.000000000000000000e+00
6.488657130902302583e+01,0.000000000000000000e+00
6.980061189486995943e+01,0.000000000000000000e+00
6.846578387305928004e+01,0.000000000000000000e+00
7.025797726257707154e+01,0.000000000000000000e+00
7.019957174331497640e+01,0.000000000000000000e+00
6.641050320606575497e+01,0.000000000000000000e+00
6.835128977095006064e+01,0.000000000000000000e+00
6.856971520463689274e+01,0.000000000000000000e+00
7.127884707975876211e+01,0.000000000000000000e+00
6.912327058758005194e+01,0.000000000000000000e+00
6.323683106264788023e+01,0.000000000000000000e+00
6.839890406466533079e+01,0.000000000000000000e+00
7.041544342927750222e+01,0.000000000000000000e+00
7.001014759715108937e+01,0.000000000000000000e+00
6.995194777679046183e+01,0.000000000000000000e+00
6.744388855922599646e+01,0.000000000000000000e+00
7.284535172459234786e+01,0.000000000000000000e+00
6.906884184946403593e+01,0.000000000000000000e+00
7.067738726711715458e+01,0.000000000000000000e+00
6.625598423530264824e+01,0.000000000000000000e+00
6.887807907960340970e+01,0.000000000000000000e+00
6.877924150118455771e+01,0.000000000000000000e+00
7.127219616682316428e+01,0.000000000000000000e+00
6.936906619903137994e+01,0.000000000000000000e+00
6.739378017458339798e+01,0.000000000000000000e+00
6.572209553348500322e+01,0.000000000000000000e+00
6.772867538498914541e+01,0.000000000000000000e+00
7.089286120513476419e+01,0.000000000000000000e+00
6.603705768155354860e+01,0.000000000000000000e+00
6.468192484461090430e+01,0.000000000000000000e+00
6.614585648727701539e+01,0.000000000000000000e+00
6.724327143718039679e+01,0.000000000000000000e+00
6.756255624887050715e+01,0.000000000000000000e+00
6.316207360070909260e+01,0.000000000000000000e+00
6.788096970534917318e+01,0.000000000000000000e+00
6.499666775486970494e+01,0.000000000000000000e+00
6.914172871525845210e+01,0.000000000000000000e+00
6.948203901157185669e+01,0.000000000000000000e+00
6.818116062730813098e+01,0.000000000000000000e+00
6.844827537393904038e+01,0.000000000000000000e+00
6.509510155006110210e+01,0.000000000000000000e+00
6.346660196555622235e+01,0.000000000000000000e+00
6.514638010293199955e+01,0.000000000000000000e+00
6.729539083575679115e+01,0.000000000000000000e+00
6.581498141157985060e+01,0.000000000000000000e+00
6.522203678642779323e+01,0.000000000000000000e+00
6.517243820190178383e+01,0.000000000000000000e+00
6.398063609199970614e+01,0.000000000000000000e+00
6.706946504528724518e+01,0.000000000000000000e+00
6.367172096250632052e+01,0.000000000000000000e+00
6.695490704219329814e+01,0.000000000000000000e+00
6.656734898212896212e+01,0.000000000000000000e+00
6.494730168691145877e+01,0.000000000000000000e+00
6.664770527344344941e+01,0.000000000000000000e+00
6.679710511411964546e+01,0.000000000000000000e+00
6.488798456364251876e+01,0.000000000000000000e+00
6.515404191148262214e+01,0.000000000000000000e+00
6.625714912975868742e+01,0.000000000000000000e+00
6.613461974629628060e+01,0.000000000000000000e+00
6.424552409032963851e+01,0.000000000000000000e+00
6.489473552825275249e+01,0.000000000000000000e+00
6.325746124848389229e+01,0.000000000000000000e+00
6.402499936134753966e+01,0.000000000000000000e+00
6.451409656017470695e+01,0.000000000000000000e+00
6.363647150928447616e+01,0.000000000000000000e+00
6.221813582775040175e+01,0.000000000000000000e+00
6.252482698530292282e+01,0.000000000000000000e+00
6.411706653778063014e+01,0.000000000000000000e+00
6.056722577985047451e+01,0.000000000000000000e+00
6.297252632141045581e+01,0.000000000000000000e+00
6.578095186415359308e+01,0.000000000000000000e+00
6.213759036252764645e+01,0.000000000000000000e+00
6.169912266827103764e+01,0.000000000000000000e+00
6.632498800682515139e+01,0.000000000000000000e+00
6.253053657490639949e+01,0.000000000000000000e+00
6.274410611685128458e+01,0.000000000000000000e+00
6.359903138160022706e+01,0.000000000000000000e+00
6.499684397542165470e+01,0.000000000000000000e+00
6.113969552493397686e+01,0.000000000000000000e+00
6.036197275088370162e+01,0.000000000000000000e+00
6.460454133548309130e+01,0.000000000000000000e+00
6.245157912637520070e+01,0.000000000000000000e+00
6.749704917876890420e+01,0.000000000000000000e+00
6.679770796182815218e+01,0.000000000000000000e+00
6.492745696258468513e+01,0.000000000000000000e+00
6.509850994509865529e+01,0.000000000000000000e+00
6.274389164644200889e+01,0.000000000000000000e+00
6.457089545906744377e+01,0.000000000000000000e+00
6.309376427037417301e+01,0.000000000000000000e+00
6.432637162535711184e+01,0.000000000000000000e+00
6.008525493928129180e+01,0.000000000000000000e+00
6.190744468370336762e+01,0.000000000000000000e+00
6.426810152881938620e+01,0.000000000000000000e+00
6.165738789497939365e+01,0.000000000000000000e+00
6.103260616739292743e+01,0.000000000000000000e+00
6.165437279065510268e+01,0.000000000000000000e+00
6.203252885470302402e+01,0.000000000000000000e+00
6.075659407963400582e+01,0.000000000000000000e+00
6.284479002597709041e+01,0.000000000000000000e+00
6.241270053411735574e+01,0.000000000000000000e+00
6.192878585894118260e+01,0.000000000000000000e+00
6.120326647324169755e+01,0.000000000000000000e+00
6.232246667984288280e+01,0.000000000000000000e+00
5.951592842928569382e+01,0.000000000000000000e+00
5.987139666360522483e+01,0.000000000000000000e+00
6.153531904245446782e+01,0.000000000000000000e+00
6.217708211084345749e+01,0.000000000000000000e+00
6.612833535477496127e+01,0.000000000000000000e+00
5.954253317621343911e+01,0.000000000000000000e+00
6.079399375842085362e+01,0.000000000000000000e+00
6.449042628730974513e+01,0.000000000000000000e+00
6.052519828000338720e+01,0.000000000000000000e+00
5.893585484795269736e+01,0.000000000000000000e+00
6.139966889800317773e+01,0.000000000000000000e+00
6.146974633084948891e+01,0.000000000000000000e+00
6.306073717318979988e+01,0.000000000000000000e+00
6.061387169775517947e+01,0.000000000000000000e+00
6.368889845477112033e+01,0.000000000000000000e+00
5.906906653170563004e+01,0.000000000000000000e+00
5.906559557182715281e+01,0.000000000000000000e+00
6.133788997504930762e+01,0.000000000000000000e+00
6.103701515480970130e+01,0.000000000000000000e+00
6.047273831047265702e+01,0.000000000000000000e+00
6.087840648658208664e+01,0.000000000000000000e+00
6.165339538851809920e+01,0.000000000000000000e+00
5.977880742740323683e+01,0.000000000000000000e+00
5.843795855971757902e+01,0.000000000000000000e+00
5.725659206298015391e+01,0.000000000000000000e+00
6.393658994753065627e+01,0.000000000000000000e+00
6.046387477012261513e+01,0.000000000000000000e+00
6.205736173811645529e+01,0.000000000000000000e+00
5.967369861350296389e+01,0.000000000000000000e+00
5.880854739629201333e+01,0.000000000000000000e+00
6.050358544772321068e+01,0.000000000000000000e+00
5.797594737365193396e+01,0.000000000000000000e+00
6.324984257459120585e+01,0.000000000000000000e+00
6.151731185450072559e+01,0.000000000000000000e+00
5.936733622528964105e+01,0.000000000000000000e+00
5.965221368603777563e+01,0.000000000000000000e+00
5.881672477723466841e+01,0.000000000000000000e+00
6.037557491020073286e+01,0.000000000000000000e+00
5.493775674551227439e+01,0.000000000000000000e+00
6.060850460596846290e+01,0.000000000000000000e+00
5.840786102980080585e+01,0.000000000000000000e+00
6.036769679129534438e+01,0.000000000000000000e+00
5.994350710469858967e+01,0.000000000000000000e+00
5.593350095119084386e+01,0.000000000000000000e+00
5.851277899888609824e+01,0.000000000000000000e+00
6.069393417247274414e+01,0.000000000000000000e+00
5.654681019159725963e+01,0.000000000000000000e+00
5.950964167647295966e+01,0.000000000000000000e+00
5.458756177082662475e+01,0.000000000000000000e+00
5.854199577388362741e+01,0.000000000000000000e+00
5.861908184310226488e+01,0.000000000000000000e+00
5.944371418934375839e+01,0.000000000000000000e+00
5.996899074082768522e+01,0.000000000000000000e+00
5.658432187968452354e+01,0.000000000000000000e+00
5.508788814206950235e+01,0.000000000000000000e+00
6.054565271614858091e+01,0.000000000000000000e+00
5.984217291144985751e+01,0.000000000000000000e+00
5.465017588762019329e+01,0.000000000000000000e+00
5.703081929146517126e+01,0.000000000000000000e+00
5.546245708054990331e+01,0.000000000000000000e+00
5.941957631619295199e+01,0.000000000000000000e+00
5.875154659952524838e+01,0.000000000000000000e+00
5.451140259002547594e+01,0.000000000000000000e+00
5.707533206645457824e+01,0.000000000000000000e+00
5.641842540308565646e+01,0.000000000000000000e+00
5.894986230472002831e+01,0.000000000000000000e+00
5.694792641311890691e+01,0.000000000000000000e+00
6.159911548288828698e+01,0.000000000000000000e+00
5.526175918097922590e+01,0.000000000000000000e+00
5.579813447167057916e+01,0.000000000000000000e+00
5.663568024408969848e+01,0.000000000000000000e+00
5.316136000859928146e+01,0.000000000000000000e+00
5.574206590821776786e+01,0.000000000000000000e+00
5.983585397713805776e+01,0.000000000000000000e+00
5.445059405724228441e+01,0.000000000000000000e+00
5.490213768310234599e+01,0.000000000000000000e+00
5.576952349684819410e+01,0.000000000000000000e+00
5.888685985621227559e+01,0.000000000000000000e+00
5.556264964727999711e+01,0.000000000000000000e+00
5.600791466681736352e+01,0.000000000000000000e+00
6.055421351391350981e+01,0.000000000000000000e+00
5.785340606077603809e+01,0.000000000000000000e+00
5.398139827443750249e+01,0.000000000000000000e+00
5.599178895186128102e+01,0.000000000000000000e+00
5.026536143766607267e+01,0.000000000000000000e+00
5.709962156244671405e+01,0.000000000000000000e+00
5.348305547892812939e+01,0.000000000000000000e+00
5.357136422126383479e+01,0.000000000000000000e+00
5.322971641731760428e+01,0.000000000000000000e+00
5.340608220831222042e+01,0.000000000000000000e+00
5.695877555872223041e+01,0.000000000000000000e+00
5.455411574500239880e+01,0.000000000000000000e+00
5.396288263124611717e+01,0.000000000000000000e+00
5.002068021780559093e+01,0.000000000000000000e+00
5.452716228428032252e+01,0.000000000000000000e+00
5.569109042244232199e+01,0.000000000000000000e+00
5.448358660203889059e+01,0.000000000000000000e+00
5.375589943554211914e+01,0.000000000000000000e+00
5.239091755679991991e+01,0.000000000000000000e+00
5.559418079778597388e+01,0.000000000000000000e+00
5.417350201616009286e+01,0.000000000000000000e+00
5.401094957228360727e+01,0.000000000000000000e+00
5.498047996904760026e+01,0.000000000000000000e+00
5.624435895322181977e+01,0.000000000000000000e+00
5.431033728293791540e+01,0.000000000000000000e+00
5.420455503575270484e+01,0.000000000000000000e+00
5.344278423909942433e+01,0.000000000000000000e+00
5.278531270513364149e+01,0.000000000000000000e+00
5.442289396721710659e+01,0.000000000000000000e+00
5.355798825181042133e+01,0.000000000000000000e+00
5.000329953124114013e+01,0.000000000000000000e+00
5.370957342158308023e+01,0.000000000000000000e+00
5.245262874580802048e+01,0.000000000000000000e+00
5.276878215081384127e+01,0.000000000000000000e+00
5.458879146292257190e+01,0.000000000000000000e+00
5.493744671713850636e+01,0.000000000000000000e+00
5.025343184596138713e+01,0.000000000000000000e+00
5.284890820899733654e+01,0.000000000000000000e+00
5.128918618542622454e+01,0.000000000000000000e+00
5.492102286720112403e+01,0.000000000000000000e+00
5.195748311119632490e+01,0.000000000000000000e+00
5.521928462292681417e+01,0.000000000000000000e+00
5.459606702731146299e+01,0.000000000000000000e+00
5.119062516047017652e+01,0.000000000000000000e+00
5.408191718300967210e+01,0.000000000000000000e+00
5.038955614938051042e+01,0.000000000000000000e+00
5.445704375273739828e+01,0.000000000000000000e+00
5.538919422788007552e+01,0.000000000000000000e+00
5.150154054514591451e+01,0.000000000000000000e+00
5.186892135910125035e+01,0.000000000000000000e+00
5.339094620208249609e+01,0.000000000000000000e+00
4.919261757266907864e+01,0.000000000000000000e+00
5.477865440898667515e+01,0.000000000000000000e+00
4.838359369913943198e+01,0.000000000000000000e+00
5.347488310195078753e+01,0.000000000000000000e+00
4.734377827533427308e+01,0.000000000000000000e+00
4.972373999585450832e+01,0.000000000000000000e+00
5.379015374838685659e+01,0.000000000000000000e+00
5.182081197767298164e+01,0.000000000000000000e+00
5.062202596106067176e+01,0.000000000000000000e+00
4.811316859336344720e+01,0.000000000000000000e+00
5.292148239143381261e+01,0.000000000000000000e+00
5.086614368223986560e+01,0.000000000000000000e+00
5.087225376350611583e+01,0.000000000000000000e+00
4.831528282678234376e+01,0.000000000000000000e+00
5.008007094359258105e+01,0.000000000000000000e+00
5.378135405267839531e+01,0.000000000000000000e+00
4.935098179041801814e+01,0.000000000000000000e+00
4.991708392534500405e+01,0.000000000000000000e+00
5.037786598272756322e+01,0.000000000000000000e+00
4.773569142679747301e+01,0.000000000000000000e+00
4.844197623586467216e+01,0.000000000000000000e+00
5.335508315026445558e+01,0.000000000000000000e+00
4.889282935001683228e+01,0.000000000000000000e+00
5.096038824322255323e+01,0.000000000000000000e+00
4.673242254565657561e+01,0.000000000000000000e+00
4.803450874015704386e+01,0.000000000000000000e+00
4.895211868389890242e+01,0.000000000000000000e+00
4.937752522842044556e+01,0.000000000000000000e+00
5.064015735894584225e+01,0.000000000000000000e+00
4.689012581760506748e+01,0.000000000000000000e+00
5.292712223810684691e+01,0.000000000000000000e+00
5.037768005799148341e+01,0.000000000000000000e+00
4.681713603483391495e+01,0.000000000000000000e+00
4.720763812810137949e+01,0.000000000000000000e+00
4.858828012154315701e+01,0.000000000000000000e+00
5.175614828906491027e+01,0.000000000000000000e+00
5.024205424486768834e+01,0.000000000000000000e+00
5.003162139184592405e+01,0.000000000000000000e+00
4.739386747188957116e+01,0.000000000000000000e+00
4.978860947104461587e+01,0.000000000000000000e+00
4.709698414513189846e+01,0.000000000000000000e+00
4.902896430534511296e+01,0.000000000000000000e+00
5.109976794817009704e+01,0.000000000000000000e+00
4.715913318961076328e+01,0.000000000000000000e+00
5.086192392449676447e+01,0.000000000000000000e+00
4.661283237618891917e+01,0.000000000000000000e+00
4.978574318177069102e+01,0.000000000000000000e+00
4.750403258532393380e+01,0.000000000000000000e+00
4.386790798599032115e+01,0.000000000000000000e+00
5.210146667502692708e+01,0.000000000000000000e+00
4.434032074963425174e+01,0.000000000000000000e+00
4.425940763151250223e+01,0.000000000000000000e+00
4.713893962788043268e+01,0.000000000000000000e+00
4.587374186228886686e+01,0.000000000000000000e+00
4.586263022864839911e+01,0.000000000000000000e+00
4.762749574913743800e+01,0.000000000000000000e+00
4.743510596592359008e+01,0.000000000000000000e+00
4.616848924560930811e+01,0.000000000000000000e+00
4.494859091724986655e+01,0.000000000000000000e+00
4.343141093867186697e+01,0.000000000000000000e+00
4.729929957799148355e+01,0.000000000000000000e+00
4.640153960726619431e+01,0.000000000000000000e+00
4.460476027259170451e+01,0.000000000000000000e+00
4.361481099771486925e+01,0.000000000000000000e+00
4.749837847271105318e+01,0.000000000000000000e+00
4.333616003287023233e+01,0.000000000000000000e+00
4.654634077481230747e+01,0.000000000000000000e+00
4.908234800270815157e+01,0.000000000000000000e+00
4.258518379847430424e+01,0.000000000000000000e+00
4.301491601176083179e+01,0.000000000000000000e+00
4.911921914569068548e+01,0.000000000000000000e+00
4.519453871277494272e+01,0.000000000000000000e+00
4.138439095006351209e+01,0.000000000000000000e+00
4.207159641136610873e+01,0.000000000000000000e+00
4.490090048835087089e+01,0.000000000000000000e+00
4.413888327426908376e+01,0.000000000000000000e+00
4.423014333704957579e+01,0.000000000000000000e+00
4.417509559878846659e+01,0.000000000000000000e+00
4.472154018937234810e+01,0.000000000000000000e+00
4.549884150509300440e+01,0.000000000000000000e+00
4.569540301314409447e+01,0.000000000000000000e+00
4.543103813201212660e+01,0.000000000000000000e+00
5.026865776498823379e+01,0.000000000000000000e+00
4.439991777463102096e+01,0.000000000000000000e+00
4.586569760971000420e+01,0.000000000000000000e+00
5.082037984368299277e+01,0.000000000000000000e+00
4.791324203246923474e+01,0.000000000000000000e+00
4.781035228467401765e+01,0.000000000000000000e+00
4.389426387149007525e+01,0.000000000000000000e+00
4.449547510825502883e+01,0.000000000000000000e+00
4.614816716349710646e+01,0.000000000000000000e+00
4.714571434403084282e+01,0.000000000000000000e+00
4.352730603834421430e+01,0.000000000000000000e+00
4.374675756108501901e+01,0.000000000000000000e+00
4.436894462186761245e+01,0.000000000000000000e+00
4.382510173150756572e+01,0.000000000000000000e+00
4.255884297375170888e+01,0.000000000000000000e+00
4.358784145941258004e+01,0.000000000000000000e+00
4.062779390488732645e+01,0.000000000000000000e+00
4.472707642887002066e+01,0.000000000000000000e+00
4.005311842759742547e+01,0.000000000000000000e+00
4.189215231886369395e+01,0.000000000000000000e+00
4.708789424315709482e+01,0.000000000000000000e+00
4.492455746897222468e+01,0.000000000000000000e+00
4.557496672780401781e+01,0.000000000000000000e+00
4.380430486322147487e+01,0.000000000000000000e+00
4.671439700740424428e+01,0.000000000000000000e+00
4.270801653872440085e+01,0.000000000000000000e+00
4.156397134770947588e+01,0.000000000000000000e+00
4.311924845363681413e+01,0.000000000000000000e+00
4.222557529612056726e+01,0.000000000000000000e+00
4.127422325066820719e+01,0.000000000000000000e+00
4.699141919875229689e+01,0.000000000000000000e+00
4.176455417063588271e+01,0.000000000000000000e+00
4.340053065757466300e+01,0.000000000000000000e+00
4.470409323261332446e+01,0.000000000000000000e+00
4.010769855709597920e+01,0.000000000000000000e+00
3.866228612299089207e+01,0.000000000000000000e+00
4.159660581189584860e+01,0.000000000000000000e+00
4.266133569842741480e+01,0.000000000000000000e+00
4.325734034627084412e+01,0.000000000000000000e+00
3.937697269789377685e+01,0.000000000000000000e+00
4.315651023982528756e+01,0.000000000000000000e+00
4.041714886781761606e+01,0.000000000000000000e+00
4.149948217006985374e+01,0.000000000000000000e+00
3.955342552464999528e+01,0.000000000000000000e+00
4.052580011584390007e+01,0.000000000000000000e+00
4.178762297225667766e+01,0.000000000000000000e+00
4.081811774410164873e+01,0.000000000000000000e+00
4.239528073206958680e+01,0.000000000000000000e+00
4.399855748060294047e+01,0.000000000000000000e+00
4.132797994633642702e+01,0.000000000000000000e+00
4.120085265171510969e+01,0.000000000000000000e+00
4.206522336983633181e+01,0.000000000000000000e+00
3.999447480358910667e+01,0.000000000000000000e+00
3.894441746973635077e+01,0.000000000000000000e+00
4.426402175985207776e+01,0.000000000000000000e+00
4.218263263486526427e+01,0.000000000000000000e+00
4.333060627127666464e+01,0.000000000000000000e+00
4.251749062768023180e+01,0.000000000000000000e+00
4.379908480777517354e+01,0.000000000000000000e+00
3.937903229238036573e+01,0.000000000000000000e+00
3.874732433398555287e+01,0.000000000000000000e+00
3.921366937866770286e+01,0.000000000000000000e+00
3.959453440070343788e+01,0.000000000000000000e+00
3.878145968568809110e+01,0.000000000000000000e+00
3.948878933466607322e+01,0.000000000000000000e+00
4.150054327580426872e+01,0.000000000000000000e+00
4.022539900760980913e+01,0.000000000000000000e+00
3.883975138587122444e+01,0.000000000000000000e+00
3.776793108022169321e+01,0.000000000000000000e+00
3.805589048697094512e+01,0.000000000000000000e+00
4.034137056957932543e+01,0.000000000000000000e+00
3.827645881622473212e+01,0.000000000000000000e+00
3.647913544369601624e+01,0.000000000000000000e+00
3.824447183761686375e+01,0.000000000000000000e+00
3.860724853357498176e+01,0.000000000000000000e+00
3.887370687117971357e+01,0.000000000000000000e+00
3.435357636337034393e+01,0.000000000000000000e+00
3.819863744931196692e+01,0.000000000000000000e+00
3.652634483860763481e+01,0.000000000000000000e+00
4.171178998390390547e+01,0.000000000000000000e+00
3.868472504543453283e+01,0.000000000000000000e+00
3.710964634763418957e+01,0.000000000000000000e+00
4.092959009578936502e+01,0.000000000000000000e+00
3.695667198904817496e+01,0.000000000000000000e+00
3.977497765496728022e+01,0.000000000000000000e+00
4.123198303419811594e+01,0.000000000000000000e+00
3.776047355858877808e+01,0.000000000000000000e+00
3.418918532090503248e+01,0.000000000000000000e+00
3.581712680984845321e+01,0.000000000000000000e+00
3.679589544389042288e+01,0.000000000000000000e+00
3.581683675664453403e+01,0.000000000000000000e+00
3.907722937369076988e+01,0.000000000000000000e+00
4.138576560725234543e+01,0.000000000000000000e+00
3.626352964862782358e+01,0.000000000000000000e+00
3.964694442844533739e+01,0.000000000000000000e+00
4.045197903892375990e+01,0.000000000000000000e+00
4.069244963552939254e+01,0.000000000000000000e+00
3.732806808484471617e+01,0.000000000000000000e+00
3.726148527760268081e+01,0.000000000000000000e+00
3.939349106452986859e+01,0.000000000000000000e+00
3.617852894348697390e+01,0.000000000000000000e+00
3.660453555763051980e+01,0.000000000000000000e+00
3.471317502034357005e+01,0.000000000000000000e+00
3.643050106880093608e+01,0.000000000000000000e+00
3.649547962537085510e+01,0.000000000000000000e+00
3.646723406177651583e+01,0.000000000000000000e+00
3.757721272071216134e+01,0.000000000000000000e+00
3.598485877330258376e+01,0.000000000000000000e+00
3.723190978586690392e+01,0.000000000000000000e+00
4.098700590489886508e+01,0.000000000000000000e+00
3.690798582128538641e+01,0.000000000000000000e+00
3.691445644636547740e+01,0.000000000000000000e+00
3.676749489162548912e+01,0.000000000000000000e+00
3.758931225014660527e+01,0.000000000000000000e+00
3.543803301236384584e+01,0.000000000000000000e+00
3.632871227454806018e+01,0.000000000000000000e+00
3.807768432980673623e+01,0.000000000000000000e+00
3.667710391496447642e+01,0.000000000000000000e+00
3.635815198585535057e+01,0.000000000000000000e+00
3.892228876112159242e+01,0.000000000000000000e+00
3.629621489237136700e+01,0.000000000000000000e+00
3.638635197495073470e+01,0.000000000000000000e+00
3.524295471013221714e+01,0.000000000000000000e+00
3.376918487762497989e+01,0.000000000000000000e+00
3.257973452084240762e+01,0.000000000000000000e+00
4.074546337155956621e+01,0.000000000000000000e+00
3.471328598634929108e+01,0.000000000000000000e+00
3.391934126506699698e+01,0.000000000000000000e+00
3.153816617512709897e+01,0.000000000000000000e+00
3.433423346485535177e+01,0.000000000000000000e+00
3.601958324691292290e+01,0.000000000000000000e+00
3.220722139057766498e+01,0.000000000000000000e+00
3.635779075997257337e+01,0.000000000000000000e+00
3.651766468473950056e+01,0.000000000000000000e+00
3.409025066501634171e+01,0.000000000000000000e+00
3.416494261605717497e+01,0.000000000000000000e+00
3.472550966899098768e+01,0.000000000000000000e+00
3.547156925265088745e+01,0.000000000000000000e+00
3.535064928047755473e+01,0.000000000000000000e+00
3.369995285490089998e+01,0.000000000000000000e+00
3.374252258733144316e+01,0.000000000000000000e+00
3.370200527879249819e+01,0.000000000000000000e+00
3.524514403273168739e+01,0.000000000000000000e+00
3.274506699425204914e+01,0.000000000000000000e+00
3.435725878823305379e+01,0.000000000000000000e+00
3.269510220641922871e+01,0.000000000000000000e+00
3.433456251673921145e+01,0.000000000000000000e+00
3.373896181266558614e+01,0.000000000000000000e+00
3.075784642932427104e+01,0.000000000000000000e+00
3.410432864779713924e+01,0.000000000000000000e+00
3.491003585151980104e+01,0.000000000000000000e+00
2.920398775400984803e+01,0.000000000000000000e+00
3.189686543386427076e+01,0.000000000000000000e+00
3.599431790521629893e+01,0.000000000000000000e+00
3.610933579950631156e+01,0.000000000000000000e+00
3.238276273883954559e+01,0.000000000000000000e+00
3.179475907984428318e+01,0.000000000000000000e+00
3.201550034591869576e+01,0.000000000000000000e+00
3.219388657484999783e+01,0.000000000000000000e+00
3.265753205949859250e+01,0.000000000000000000e+00
3.433736940252875769e+01,0.000000000000000000e+00
3.305468225628732171e+01,0.000000000000000000e+00
3.201650842717749157e+01,0.000000000000000000e+00
3.516149407932876869e+01,0.000000000000000000e+00
3.551472942479341555e+01,0.000000000000000000e+00
2.739431827103488359e+01,0.000000000000000000e+00
3.155642030883062077e+01,0.000000000000000000e+00
3.240645219371564423e+01,0.000000000000000000e+00
3.334305688489527597e+01,0.000000000000000000e+00
2.986660017578699922e+01,0.000000000000000000e+00
3.228318117023152212e+01,0.000000000000000000e+00
3.170635155859361376e+01,0.000000000000000000e+00
2.815582020476873382e+01,0.000000000000000000e+00
3.256564578050474523e+01,0.000000000000000000e+00
3.230681639622086010e+01,0.000000000000000000e+00
3.595246440878888450e+01,0.000000000000000000e+00
3.085554416796319543e+01,0.000000000000000000e+00
3.411372346805943323e+01,0.000000000000000000e+00
3.071192216101465178e+01,0.000000000000000000e+00
3.226160821771520659e+01,0.000000000000000000e+00
3.009363905514054593e+01,0.000000000000000000e+00
2.695669603283233329e+01,0.000000000000000000e+00
3.052210441170944932e+01,0.000000000000000000e+00
3.000747411707993706e+01,0.000000000000000000e+00
3.212392403012103159e+01,0.000000000000000000e+00
3.289304879633461098e+01,0.000000000000000000e+00
3.071129712527187294e+01,0.000000000000000000e+00
3.477206746682927729e+01,0.000000000000000000e+00
3.114938974376887160e+01,0.000000000000000000e+00
2.771949344532404425e+01,0.000000000000000000e+00
2.865494459073366329e+01,0.000000000000000000e+00
2.935252614045389308e+01,0.000000000000000000e+00
2.970515384224205491e+01,0.000000000000000000e+00
3.240698008715526157e+01,0.000000000000000000e+00
2.768850993252847559e+01,0.000000000000000000e+00
2.908146343314608373e+01,0.000000000000000000e+00
2.864934317404718200e+01,0.000000000000000000e+00
3.110479303217208980e+01,0.000000000000000000e+00
3.307486057300578608e+01,0.000000000000000000e+00
2.502645844896664684e+01,0.000000000000000000e+00
2.875571443651445946e+01,0.000000000000000000e+00
3.018827053426606000e+01,0.000000000000000000e+00
2.911144476108312062e+01,0.000000000000000000e+00
2.672019522980565398e+01,0.000000000000000000e+00
3.033745547734510950e+01,0.000000000000000000e+00
3.252447644773702251e+01,0.000000000000000000e+00
3.187875463949200494e+01,0.000000000000000000e+00
2.899005716524862564e+01,0.000000000000000000e+00
2.820663869660743117e+01,0.000000000000000000e+00
2.903747797338985848e+01,0.000000000000000000e+00
2.865966181943450408e+01,0.000000000000000000e+00
2.561587381071730718e+01,0.000000000000000000e+00
3.097642774327214354e+01,0.000000000000000000e+00
3.037953888675576408e+01,0.000000000000000000e+00
3.017179413270917721e+01,0.000000000000000000e+00
3.075050814864730597e+01,0.000000000000000000e+00
2.822149904790271080e+01,0.000000000000000000e+00
3.094198643708867991e+01,0.000000000000000000e+00
2.651956160822463460e+01,0.000000000000000000e+00
2.991471776318968523e+01,0.000000000000000000e+00
2.298930185846473861e+01,0.000000000000000000e+00
2.803442775408555931e+01,0.000000000000000000e+00
3.180817498791098785e+01,0.000000000000000000e+00
2.333736125064122646e+01,0.000000000000000000e+00
2.895242504562401464e+01,0.000000000000000000e+00
2.603033088182598576e+01,0.000000000000000000e+00
3.021383206165245738e+01,0.000000000000000000e+00
2.923413387683640252e+01,0.000000000000000000e+00
3.112524417854537973e+01,0.000000000000000000e+00
2.996000072999790120e+01,0.000000000000000000e+00
2.885643976668458066e+01,0.000000000000000000e+00
2.601097412191666081e+01,0.000000000000000000e+00
2.793964809474369915e+01,0.000000000000000000e+00
3.079675235296395996e+01,0.000000000000000000e+00
2.771469256296126105e+01,0.000000000000000000e+00
3.059778287411923259e+01,0.000000000000000000e+00
2.761793393322250267e+01,0.000000000000000000e+00
2.696269600994251903e+01,0.000000000000000000e+00
2.685741539330696881e+01,0.000000000000000000e+00
2.857308587920215714e+01,0.000000000000000000e+00
2.821417966773901398e+01,0.000000000000000000e+00
2.860368360242438612e+01,0.000000000000000000e+00
2.988817287926951849e+01,0.000000000000000000e+00
2.461341932225676388e+01,0.000000000000000000e+00
2.944347634365386668e+01,0.000000000000000000e+00
2.436043829088170298e+01,0.000000000000000000e+00
2.774594976178996930e+01,0.000000000000000000e+00
2.452564234595319448e+01,0.000000000000000000e+00
2.699216210603923471e+01,0.000000000000000000e+00
2.318604153717160798e+01,0.000000000000000000e+00
2.850921869885055315e+01,0.000000000000000000e+00
2.722508929670375011e+01,0.000000000000000000e+00
2.548683363902804189e+01,0.000000000000000000e+00
2.750069329839354992e+01,0.000000000000000000e+00
3.047144021539330794e+01,0.000000000000000000e+00
2.608746841704091679e+01,0.000000000000000000e+00
2.685186943058548081e+01,0.000000000000000000e+00
2.792630719740088452e+01,0.000000000000000000e+00
2.631042766000784283e+01,0.000000000000000000e+00
2.677515712210193399e+01,0.000000000000000000e+00
2.759297292068266216e+01,0.000000000000000000e+00
2.638577608872446945e+01,0.000000000000000000e+00
2.873168127411838313e+01,0.000000000000000000e+00
2.103181195548206972e+01,0.000000000000000000e+00
2.763263214752747743e+01,0.000000000000000000e+00
2.791008210092163466e+01,0.000000000000000000e+00
2.764041112259615218e+01,0.000000000000000000e+00
2.202787115925804073e+01,0.000000000000000000e+00
2.827930005392146384e+01,0.000000000000000000e+00
2.690246956704327630e+01,0.000000000000000000e+00
3.007004696322912451e+01,0.000000000000000000e+00
2.686784188852815447e+01,0.000000000000000000e+00
2.545486088456450702e+01,0.000000000000000000e+00
2.669388735909275923e+01,0.000000000000000000e+00
2.466727357014862321e+01,0.000000000000000000e+00
2.612134386053340762e+01,0.000000000000000000e+00
2.796062994631415322e+01,0.000000000000000000e+00
2.676887823682413625e+01,0.000000000000000000e+00
2.632441031862404657e+01,0.000000000000000000e+00
2.537411542348668902e+01,0.000000000000000000e+00
2.818801793012945112e+01,0.000000000000000000e+00
2.764384257354080532e+01,0.000000000000000000e+00
2.986490789287411474e+01,0.000000000000000000e+00
2.647864464053165179e+01,0.000000000000000000e+00
2.333403483329977846e+01,0.000000000000000000e+00
2.479094423045579632e+01,0.000000000000000000e+00
2.685236270366660349e+01,0.000000000000000000e+00
2.250581526159388090e+01,0.000000000000000000e+00
2.851942813107373098e+01,0.000000000000000000e+00
2.451329549545951991e+01,0.000000000000000000e+00
2.479600725088686275e+01,0.000000000000000000e+00
2.483828730785702987e+01,0.000000000000000000e+00
2.486314578832530486e+01,0.000000000000000000e+00
2.529069826570775348e+01,0.000000000000000000e+00
2.590546816293847243e+01,0.000000000000000000e+00
2.411664837973662401e+01,0.000000000000000000e+00
2.329874498150413942e+01,0.000000000000000000e+00
2.478816524064012583e+01,0.000000000000000000e+00
2.405831853912106766e+01,0.000000000000000000e+00
2.662979881903524770e+01,0.000000000000000000e+00
2.491821061373420321e+01,0.000000000000000000e+00
2.505876526100109558e+01,0.000000000000000000e+00
2.655748904998459992e+01,0.000000000000000000e+00
2.323732153333927641e+01,0.000000000000000000e+00
2.689349456246631576e+01,0.000000000000000000e+00
2.510273671163533393e+01,0.000000000000000000e+00
2.306977073300095071e+01,0.000000000000000000e+00
2.740505026635900165e+01,0.000000000000000000e+00
2.588866246080941380e+01,0.000000000000000000e+00
2.428077976583691111e+01,0.000000000000000000e+00
2.284772605980264260e+01,0.000000000000000000e+00
2.737701369668407381e+01,0.000000000000000000e+00
2.308933652007799964e+01,0.000000000000000000e+00
2.586407731991630854e+01,0.000000000000000000e+00
2.620407514689671302e+01,0.000000000000000000e+00
2.533597618663499418e+01,0.000000000000000000e+00
2.580066335401507871e+01,0.000000000000000000e+00
2.351427105855832522e+01,0.000000000000000000e+00
2.198402786036933776e+01,0.000000000000000000e+00
2.248140647472288833e+01,0.000000000000000000e+00
2.598026317791677187e+01,0.000000000000000000e+00
2.072074075879629618e+01,0.000000000000000000e+00
2.390470914489608489e+01,0.000000000000000000e+00
2.591422210136561333e+01,0.000000000000000000e+00
2.487161450237178784e+01,0.000000000000000000e+00
2.234110041904675370e+01,0.000000000000000000e+00
2.450099624477097748e+01,0.000000000000000000e+00
2.348389250580816068e+01,0.000000000000000000e+00
2.406313338392714130e+01,0.000000000000000000e+00
2.436452592977424914e+01,0.000000000000000000e+00
2.700251835937550027e+01,0.000000000000000000e+00
2.419236013537790697e+01,0.000000000000000000e+00
2.380655792389736902e+01,0.000000000000000000e+00
2.557963892705641840e+01,0.000000000000000000e+00
2.326971692407198233e+01,0.000000000000000000e+00
2.349243171861403923e+01,0.000000000000000000e+00
2.281086899087286568e+01,0.000000000000000000e+00
2.332954422664493066e+01,0.000000000000000000e+00
2.320552660632989017e+01,0.000000000000000000e+00
2.625152149987359707e+01,0.000000000000000000e+00
2.108447087260503849e+01,0.000000000000000000e+00
2.628969905283000230e+01,0.000000000000000000e+00
2.473944287177150869e+01,0.000000000000000000e+00
2.326202486775933309e+01,0.000000000000000000e+00
2.268167279971156347e+01,0.000000000000000000e+00
2.332810345306451794e+01,0.000000000000000000e+00
2.238413820637642715e+01,0.000000000000000000e+00
2.497677437192617944e+01,0.000000000000000000e+00
2.217634100095731853e+01,0.000000000000000000e+00
2.483885960220051103e+01,0.000000000000000000e+00
2.255932983036297301e+01,0.000000000000000000e+00
2.474117692473206986e+01,0.000000000000000000e+00
2.407555144393780466e+01,0.000000000000000000e+00
2.262037191669684333e+01,0.000000000000000000e+00
2.449949801372128633e+01,0.000000000000000000e+00
2.144542413813418591e+01,0.000000000000000000e+00
2.069693146034872200e+01,0.000000000000000000e+00
2.298492450783643548e+01,0.000000000000000000e+00
2.575214772327580448e+01,0.000000000000000000e+00
2.351073330057329613e+01,0.000000000000000000e+00
2.591655454514705070e+01,0.000000000000000000e+00
1.917327074801680808e+01,0.000000000000000000e+00
2.200908949276194804e+01,0.000000000000000000e+00
2.281235809463960607e+01,0.000000000000000000e+00
1.919128716653167999e+01,0.000000000000000000e+00
2.009875396887701982e+01,0.000000000000000000e+00
1.943252584969324914e+01,0.000000000000000000e+00
2.188858942124494433e+01,0.000000000000000000e+00
2.311320639423257006e+01,0.000000000000000000e+00
2.023192984454820476e+01,0.000000000000000000e+00
2.202876060668687686e+01,0.000000000000000000e+00
1.957729428487437673e+01,0.000000000000000000e+00
2.087193445474598974e+01,0.000000000000000000e+00
2.075875897922264102e+01,0.000000000000000000e+00
2.199065463431657363e+01,0.000000000000000000e+00
2.084333704747581706e+01,0.000000000000000000e+00
2.436022323453033067e+01,0.000000000000000000e+00
2.155339180852318748e+01,0.000000000000000000e+00
1.936942688781380539e+01,0.000000000000000000e+00
2.284921453866632746e+01,0.000000000000000000e+00
2.289375643385404047e+01,0.000000000000000000e+00
2.293592425813712410e+01,0.000000000000000000e+00
2.447682477882694130e+01,0.000000000000000000e+00
2.054326778456747959e+01,0.000000000000000000e+00
2.338815944864791163e+01,0.000000000000000000e+00
2.124020177377659380e+01,0.000000000000000000e+00
2.347897445687557294e+01,0.000000000000000000e+00
1.926823692006589539e+01,0.000000000000000000e+00
2.234030258261130086e+01,0.000000000000000000e+00
1.890683298953818792e+01,0.000000000000000000e+00
2.164987057387062919e+01,0.000000000000000000e+00
2.399359417309326048e+01,0.000000000000000000e+00
2.495786509153595389e+01,0.000000000000000000e+00
2.321870550482358553e+01,0.000000000000000000e+00
2.122372741902547943e+01,0.000000000000000000e+00
2.233965171037086250e+01,0.000000000000000000e+00
2.070641927510378366e+01,0.000000000000000000e+00
2.098706499563583705e+01,0.000000000000000000e+00
2.462332635615669219e+01,0.000000000000000000e+00
1.772646470671224250e+01,0.000000000000000000e+00
2.103232562998477562e+01,0.000000000000000000e+00
2.051247807440396187e+01,0.000000000000000000e+00
1.858703656314784780e+01,0.000000000000000000e+00
2.359487073871006402e+01,0.000000000000000000e+00
1.728832486485493902e+01,0.000000000000000000e+00
1.807458828814206697e+01,0.000000000000000000e+00
2.043643979881445460e+01,0.000000000000000000e+00
1.962729586782891289e+01,0.000000000000000000e+00
2.524531706962041611e+01,0.000000000000000000e+00
1.835685580959230734e+01,0.000000000000000000e+00
2.167716170370723106e+01,0.000000000000000000e+00
2.054749989122291254e+01,0.000000000000000000e+00
2.096010287107301906e+01,0.000000000000000000e+00
2.010533997432702691e+01,0.000000000000000000e+00
2.176931623703108798e+01,0.000000000000000000e+00
1.981043723284424374e+01,0.000000000000000000e+00
2.139023405189502824e+01,0.000000000000000000e+00
2.063066372197628340e+01,0.000000000000000000e+00
1.902595654436863271e+01,0.000000000000000000e+00
1.864541216073425289e+01,0.000000000000000000e+00
2.038796142148968471e+01,0.000000000000000000e+00
1.824541423180620114e+01,0.000000000000000000e+00
2.263065461653524224e+01,0.000000000000000000e+00
2.015783917610207965e+01,0.000000000000000000e+00
2.172615445480269614e+01,0.000000000000000000e+00
1.856476837506031075e+01,0.000000000000000000e+00
2.016976435848169302e+01,0.000000000000000000e+00
2.169631013732644931e+01,0.000000000000000000e+00
2.231290502592992198e+01,0.000000000000000000e+00
1.688381488895044669e+01,0.000000000000000000e+00
2.356885068699661900e+01,0.000000000000000000e+00
2.032360460362133736e+01,0.000000000000000000e+00
1.640838556241497770e+01,0.000000000000000000e+00
2.354812934365250499e+01,0.000000000000000000e+00
1.826503999245250398e+01,0.000000000000000000e+00
2.169633392947774908e+01,0.000000000000000000e+00
2.089430646099091504e+01,0.000000000000000000e+00
1.708152979194004573e+01,0.000000000000000000e+00
2.176244381471346045e+01,0.000000000000000000e+00
2.136490949463551203e+01,0.000000000000000000e+00
1.942067963204742753e+01,0.000000000000000000e+00
1.864612207909795316e+01,0.000000000000000000e+00
2.108881672503384053e+01,0.000000000000000000e+00
1.995946906148294886e+01,0.000000000000000000e+00
2.253513001305899977e+01,0.000000000000000000e+00
1.916058063979122039e+01,0.000000000000000000e+00
2.243406512066221126e+01,0.000000000000000000e+00
2.280192744522790349e+01,0.000000000000000000e+00
2.464689117300432031e+01,0.000000000000000000e+00
1.762155798215634306e+01,0.000000000000000000e+00
2.026916660503906797e+01,0.000000000000000000e+00
2.268837488912187084e+01,0.000000000000000000e+00
2.024954388678408179e+01,0.000000000000000000e+00
2.064986973938016490e+01,0.000000000000000000e+00
1.758485815965393328e+01,0.000000000000000000e+00
1.723307495470476525e+01,0.000000000000000000e+00
2.100457014527114552e+01,0.000000000000000000e+00
1.621781748070649343e+01,0.000000000000000000e+00
1.741389587104145065e+01,0.000000000000000000e+00
2.042691405211646938e+01,0.000000000000000000e+00
2.059411504481700561e+01,0.000000000000000000e+00
2.305817170325619259e+01,0.000000000000000000e+00
2.084287838250986269e+01,0.000000000000000000e+00
1.609401724643561593e+01,0.000000000000000000e+00
1.894111836722946052e+01,0.000000000000000000e+00
2.380722162683872511e+01,0.000000000000000000e+00
2.366927262672100341e+01,0.000000000000000000e+00
2.216500069503417691e+01,0.000000000000000000e+00
1.790019748770682639e+01,0.000000000000000000e+00
2.368705498618631822e+01,0.000000000000000000e+00
1.893774232324312123e+01,0.000000000000000000e+00
1.714256884692320426e+01,0.000000000000000000e+00
1.947759680339675015e+01,0.000000000000000000e+00
2.285916121678797808e+01,0.000000000000000000e+00
1.638711694675425079e+01,0.000000000000000000e+00
1.963836811928107196e+01,0.000000000000000000e+00
2.435239975985304639e+01,0.000000000000000000e+00
2.163555578728696105e+01,0.000000000000000000e+00
1.976287264099853047e+01,0.000000000000000000e+00
2.090563811099842439e+01,0.000000000000000000e+00
2.119756739529100997e+01,0.000000000000000000e+00
1.868305131666051011e+01,0.000000000000000000e+00
1.787307258515989261e+01,0.000000000000000000e+00
1.811663992283380509e+01,0.000000000000000000e+00
2.256767571561044150e+01,0.000000000000000000e+00
2.119683797850295548e+01,0.000000000000000000e+00
1.945884077533108680e+01,0.000000000000000000e+00
1.952868723454235678e+01,0.000000000000000000e+00
1.890589969639957246e+01,0.000000000000000000e+00
1.956376862447497800e+01,0.000000000000000000e+00
2.177202465566169209e+01,0.000000000000000000e+00
2.414731496831809920e+01,0.000000000000000000e+00
1.963954951227159995e+01,0.000000000000000000e+00
1.771708581449389897e+01,0.000000000000000000e+00
2.132402747805366161e+01,0.000000000000000000e+00
2.105106519135043186e+01,0.000000000000000000e+00
1.686432159427453925e+01,0.000000000000000000e+00
1.770789654733240326e+01,0.000000000000000000e+00
1.967832277392680496e+01,0.000000000000000000e+00
1.891334185759617270e+01,0.000000000000000000e+00
2.391776470614007977e+01,0.000000000000000000e+00
2.144524525153580896e+01,0.000000000000000000e+00
2.135285279215572629e+01,0.000000000000000000e+00
1.898481240984909846e+01,0.000000000000000000e+00
2.205676350784584372e+01,0.000000000000000000e+00
1.736367545849322624e+01,0.000000000000000000e+00
2.113587737705265468e+01,0.000000000000000000e+00
1.979550350483079058e+01,0.000000000000000000e+00
1.745395432454686713e+01,0.000000000000000000e+00
1.987336459057037175e+01,0.000000000000000000e+00
1.906310854261925058e+01,0.000000000000000000e+00
2.212026075687726490e+01,0.000000000000000000e+00
1.686195336241087972e+01,0.000000000000000000e+00
1.870497037239810822e+01,0.000000000000000000e+00
1.893545129382404824e+01,0.000000000000000000e+00
1.714529072409318644e+01,0.000000000000000000e+00
1.731241450787691250e+01,0.000000000000000000e+00
1.875976869806631697e+01,0.000000000000000000e+00
1.960847716046783162e+01,0.000000000000000000e+00
1.759853874561591169e+01,0.000000000000000000e+00
2.128534688929651963e+01,0.000000000000000000e+00
1.754364702861012759e+01,0.000000000000000000e+00
1.958487718228063201e+01,0.000000000000000000e+00
2.250727261372194477e+01,0.000000000000000000e+00
1.954206978901247282e+01,0.000000000000000000e+00
1.676156939114478206e+01,0.000000000000000000e+00
1.716051877811882065e+01,0.000000000000000000e+00
2.274317521106266327e+01,0.000000000000000000e+00
1.797214789554065106e+01,0.000000000000000000e+00
1.697775857374635322e+01,0.000000000000000000e+00
2.190088053706864102e+01,0.000000000000000000e+00
1.814296264723864738e+01,0.000000000000000000e+00
2.044727751247785719e+01,0.000000000000000000e+00
2.258050334255247549e+01,0.000000000000000000e+00
1.924490713579297818e+01,0.000000000000000000e+00
2.141198238744282634e+01,0.000000000000000000e+00
2.049618339770324127e+01,0.000000000000000000e+00
2.351660354259776753e+01,0.000000000000000000e+00
1.954572668443642058e+01,0.000000000000000000e+00
1.864046802297692906e+01,0.000000000000000000e+00
1.962764177907630625e+01,0.000000000000000000e+00
2.218315970190663222e+01,0.000000000000000000e+00
1.924034664412070583e+01,0.000000000000000000e+00
2.082607458580548254e+01,0.000000000000000000e+00
2.320583753748572775e+01,0.000000000000000000e+00
2.139838336029026422e+01,0.000000000000000000e+00
1.778588629213936656e+01,0.000000000000000000e+00
2.084193620838006922e+01,0.000000000000000000e+00
2.233291550899872391e+01,0.000000000000000000e+00
2.077303464738163896e+01,0.000000000000000000e+00
1.950932076217323896e+01,0.000000000000000000e+00
2.105957504648480594e+01,0.000000000000000000e+00
2.078738222985017359e+01,0.000000000000000000e+00
1.855296456165745056e+01,0.000000000000000000e+00
2.226393760673522948e+01,0.000000000000000000e+00
2.281175293330739962e+01,0.000000000000000000e+00
2.012519827436085507e+01,0.000000000000000000e+00
1.882822293003611591e+01,0.000000000000000000e+00
2.039125053408662325e+01,0.000000000000000000e+00
1.727450040935037023e+01,0.000000000000000000e+00
2.124905838326217733e+01,0.000000000000000000e+00
1.952312229852410752e+01,0.000000000000000000e+00
1.954970602103022159e+01,0.000000000000000000e+00
2.094604153742907116e+01,0.000000000000000000e+00
2.007418674846517348e+01,0.000000000000000000e+00
2.124238436252347739e+01,0.000000000000000000e+00
1.876674828367359282e+01,0.000000000000000000e+00
2.003212502105214199e+01,0.000000000000000000e+00
2.303712936112402687e+01,0.000000000000000000e+00
2.155730539218804864e+01,0.000000000000000000e+00
1.951270263382262371e+01,0.000000000000000000e+00
2.224286329869149625e+01,0.000000000000000000e+00
2.157427028437901484e+01,0.000000000000000000e+00
2.029363723135566389e+01,0.000000000000000000e+00
2.436421870743162543e+01,0.000000000000000000e+00
2.095735462089525569e+01,0.000000000000000000e+00
1.879072867687640169e+01,0.000000000000000000e+00
2.181022140062400538e+01,0.000000000000000000e+00
2.011045278420733595e+01,0.000000000000000000e+00
2.474799710128532126e+01,0.000000000000000000e+00
2.081334737631773280e+01,0.000000000000000000e+00
2.175510380572853464e+01,0.000000000000000000e+00
2.003337560749029933e+01,0.000000000000000000e+00
1.881057670081707656e+01,0.000000000000000000e+00
2.064172102667044939e+01,0.000000000000000000e+00
2.106860457007188714e+01,0.000000000000000000e+00
2.320413633449940249e+01,0.000000000000000000e+00
2.132452808366971908e+01,0.000000000000000000e+00
1.853216678801909723e+01,0.000000000000000000e+00
1.972670913085773847e+01,0.000000000000000000e+00
2.115981152388984654e+01,0.000000000000000000e+00
2.020108647493395893e+01,0.000000000000000000e+00
2.240048696612950963e+01,0.000000000000000000e+00
2.234069262060287997e+01,0.000000000000000000e+00
1.770452857664814772e+01,0.000000000000000000e+00
2.260514174996830761e+01,0.000000000000000000e+00
2.072543719749575786e+01,0.000000000000000000e+00
2.259324403756525612e+01,0.000000000000000000e+00
2.156032960749756811e+01,0.000000000000000000e+00
2.105300700201082620e+01,0.000000000000000000e+00
1.616405797232948771e+01,0.000000000000000000e+00
2.102179617480956964e+01,0.000000000000000000e+00
2.144083132729515739e+01,0.000000000000000000e+00
2.144158138631142663e+01,0.000000000000000000e+00
2.008991510939929270e+01,0.000000000000000000e+00
2.210108031405751916e+01,0.000000000000000000e+00
1.768348204659568879e+01,0.000000000000000000e+00
1.793947193222255621e+01,0.000000000000000000e+00
1.861149186334694861e+01,0.000000000000000000e+00
1.977567816301570858e+01,0.000000000000000000e+00
1.990311636271811579e+01,0.000000000000000000e+00
1.988602372883904934e+01,0.000000000000000000e+00
2.104933059759962077e+01,0.000000000000000000e+00
2.095913258864674944e+01,0.000000000000000000e+00
2.004818067868830767e+01,0.000000000000000000e+00
2.067518211649649018e+01,0.000000000000000000e+00
2.005887293510368252e+01,0.000000000000000000e+00
2.368400907792926091e+01,0.000000000000000000e+00
1.836634285476535666e+01,0.000000000000000000e+00
2.206442982927941543e+01,0.000000000000000000e+00
2.097560044803009660e+01,0.000000000000000000e+00
1.982699055271812227e+01,0.000000000000000000e+00
2.228645845344259868e+01,0.000000000000000000e+00
1.723222366536231931e+01,0.000000000000000000e+00
2.123434931735868858e+01,0.000000000000000000e+00
2.047119426524562869e+01,0.000000000000000000e+00
2.082404501749030246e+01,0.000000000000000000e+00
2.047358127759378732e+01,0.000000000000000000e+00
1.937314890865152961e+01,0.000000000000000000e+00
2.228042013293264745e+01,0.000000000000000000e+00
2.351695299318777543e+01,0.000000000000000000e+00
2.002190369497039768e+01,0.000000000000000000e+00
2.117827461297706293e+01,0.000000000000000000e+00
2.196565255458094157e+01,0.000000000000000000e+00
1.905684049947920045e+01,0.000000000000000000e+00
1.980218449358591926e+01,0.000000000000000000e+00
2.230422733184044759e+01,0.000000000000000000e+00
2.568590827330394433e+01,0.000000000000000000e+00
2.256776966132164475e+01,0.000000000000000000e+00
2.186737048756398849e+01,0.000000000000000000e+00
2.094612613688241254e+01,0.000000000000000000e+00
2.277970024136567062e+01,0.000000000000000000e+00
2.539333992610423962e+01,0.000000000000000000e+00
2.105129179840413300e+01,0.000000000000000000e+00
2.331849838604792424e+01,0.000000000000000000e+00
2.154765936241511071e+01,0.000000000000000000e+00
2.096404879206003713e+01,0.000000000000000000e+00
2.498151079521763762e+01,0.000000000000000000e+00
1.936983439309827304e+01,0.000000000000000000e+00
1.909745196511614651e+01,0.000000000000000000e+00
2.205238924832703873e+01,0.000000000000000000e+00
2.189701446433081955e+01,0.000000000000000000e+00
2.514947110276289877e+01,0.000000000000000000e+00
2.268284633865399869e+01,0.000000000000000000e+00
2.566311122183411442e+01,0.000000000000000000e+00
2.546175850333546720e+01,0.000000000000000000e+00
2.445245760901259402e+01,0.000000000000000000e+00
2.071849930013636154e+01,0.000000000000000000e+00
1.924588703596518968e+01,0.000000000000000000e+00
2.412918808912931468e+01,0.000000000000000000e+00
2.068095606231394257e+01,0.000000000000000000e+00
1.760157027882674186e+01,0.000000000000000000e+00
2.337531930348782794e+01,0.000000000000000000e+00
2.061051798769825893e+01,0.000000000000000000e+00
2.151138848103943246e+01,0.000000000000000000e+00
2.009418742249451029e+01,0.000000000000000000e+00
2.066819457863230980e+01,0.000000000000000000e+00
2.598764110919471193e+01,0.000000000000000000e+00
2.437783050092123105e+01,0.000000000000000000e+00
1.980610545031630920e+01,0.000000000000000000e+00
2.140485178461988269e+01,0.000000000000000000e+00
2.263052189105833278e+01,0.000000000000000000e+00
2.183308085427854195e+01,0.000000000000000000e+00
2.290334819437495639e+01,0.000000000000000000e+00
2.391813146473494456e+01,0.000000000000000000e+00
2.410959699070163609e+01,0.000000000000000000e+00
2.203554511808905048e+01,0.000000000000000000e+00
1.844684452110793060e+01,0.000000000000000000e+00
2.348669924287630550e+01,0.000000000000000000e+00
2.050917910381269493e+01,0.000000000000000000e+00
2.179447172928465548e+01,0.000000000000000000e+00
2.201187799675195578e+01,0.000000000000000000e+00
2.373470233931492146e+01,0.000000000000000000e+00
2.200352208438265933e+01,0.000000000000000000e+00
2.329192898244519583e+01,0.000000000000000000e+00
2.759883810135441706e+01,0.000000000000000000e+00
2.639073436694706487e+01,0.000000000000000000e+00
2.123649756888445594e+01,0.000000000000000000e+00
2.343622843561442792e+01,0.000000000000000000e+00
2.124538453999855037e+01,0.000000000000000000e+00
2.168477528567107981e+01,0.000000000000000000e+00
2.292093443213677872e+01,0.000000000000000000e+00
2.516394045561838766e+01,0.000000000000000000e+00
2.050627078358652966e+01,0.000000000000000000e+00
2.655004201739698999e+01,0.000000000000000000e+00
2.190361082097053469e+01,0.000000000000000000e+00
2.551965961019793383e+01,0.000000000000000000e+00
2.557976122536771868e+01,0.000000000000000000e+00
2.436009253323776846e+01,0.000000000000000000e+00
2.276388050057189716e+01,0.000000000000000000e+00
2.375546299697258590e+01,0.000000000000000000e+00
2.608162860108524228e+01,0.000000000000000000e+00
2.557382365048642470e+01,0.000000000000000000e+00
2.472854276579979782e+01,0.000000000000000000e+00
2.711554920088389764e+01,0.000000000000000000e+00
2.632390502784189934e+01,0.000000000000000000e+00
2.626733348518508393e+01,0.000000000000000000e+00
2.606938217411448022e+01,0.000000000000000000e+00
2.872798232273653696e+01,0.000000000000000000e+00
2.261685049218694488e+01,0.000000000000000000e+00
2.108729680494712611e+01,0.000000000000000000e+00
2.461796165685466775e+01,0.000000000000000000e+00
2.378343966295744849e+01,0.000000000000000000e+00
2.327680859725738927e+01,0.000000000000000000e+00
2.280777314388837596e+01,0.000000000000000000e+00
2.610088393288961583e+01,0.000000000000000000e+00
2.428377748701009864e+01,0.000000000000000000e+00
2.311394276126404534e+01,0.000000000000000000e+00
2.480589696855923521e+01,0.000000000000000000e+00
2.618568121912941038e+01,0.000000000000000000e+00
2.318277261939736533e+01,0.000000000000000000e+00
2.202778644459809243e+01,0.000000000000000000e+00
2.754829527527544997e+01,0.000000000000000000e+00
2.136605614746402182e+01,0.000000000000000000e+00
2.796220894801145818e+01,0.000000000000000000e+00
2.666537175126534009e+01,0.000000000000000000e+00
2.470156864073404179e+01,0.000000000000000000e+00
2.380846541644110559e+01,0.000000000000000000e+00
2.730700577237620408e+01,0.000000000000000000e+00
2.645164622672542265e+01,0.000000000000000000e+00
2.658918084564390227e+01,0.000000000000000000e+00
2.721680333298523990e+01,0.000000000000000000e+00
2.233371288473764338e+01,0.000000000000000000e+00
2.780231180853462902e+01,0.000000000000000000e+00
2.336778359302272534e+01,0.000000000000000000e+00
2.273223152212813147e+01,0.000000000000000000e+00
2.735210865138293457e+01,0.000000000000000000e+00
2.251918839905066960e+01,0.000000000000000000e+00
2.340789209526013437e+01,0.000000000000000000e+00
2.778741510729417286e+01,0.000000000000000000e+00
2.344838194225207673e+01,0.000000000000000000e+00
2.166685625767847867e+01,0.000000000000000000e+00
2.642824530289651008e+01,0.000000000000000000e+00
2.038389887552394697e+01,0.000000000000000000e+00
2.683055241420548498e+01,0.000000000000000000e+00
2.683677137938636292e+01,0.000000000000000000e+00
2.761209761485823933e+01,0.000000000000000000e+00
2.617809241906650541e+01,0.000000000000000000e+00
2.580390163736988995e+01,0.000000000000000000e+00
2.608831786775269990e+01,0.000000000000000000e+00
2.528066198217426575e+01,0.000000000000000000e+00
2.622083609358528378e+01,0.000000000000000000e+00
2.629593401284241949e+01,0.000000000000000000e+00
2.336667666021824985e+01,0.000000000000000000e+00
2.488724210178947516e+01,0.000000000000000000e+00
2.686129978841082888e+01,0.000000000000000000e+00
2.677364042688949652e+01,0.000000000000000000e+00
3.092107690785746854e+01,0.000000000000000000e+00
2.808127685624929626e+01,0.000000000000000000e+00
2.710956614301610657e+01,0.000000000000000000e+00
3.036592561327354645e+01,0.000000000000000000e+00
2.379673527299367919e+01,0.000000000000000000e+00
2.763043557455416988e+01,0.000000000000000000e+00
2.760504862965168726e+01,0.000000000000000000e+00
2.585828720808946457e+01,0.000000000000000000e+00
2.549009342639517683e+01,0.000000000000000000e+00
2.213929670726052734e+01,0.000000000000000000e+00
2.685964478891029117e+01,0.000000000000000000e+00
2.936514202835607179e+01,0.000000000000000000e+00
2.279372431502348562e+01,0.000000000000000000e+00
2.923317307279207711e+01,0.000000000000000000e+00
2.754836687351013680e+01,0.000000000000000000e+00
2.655030483990654133e+01,0.000000000000000000e+00
2.711644072861925281e+01,0.000000000000000000e+00
2.817117583571105399e+01,0.000000000000000000e+00
3.127260248268251530e+01,0.000000000000000000e+00
2.443861648423916577e+01,0.000000000000000000e+00
2.867381114222929028e+01,0.000000000000000000e+00
2.356516605944534604e+01,0.000000000000000000e+00
2.752514680599365349e+01,0.000000000000000000e+00
2.429246777781580846e+01,0.000000000000000000e+00
2.985093411366326066e+01,0.000000000000000000e+00
2.828379074935337911e+01,0.000000000000000000e+00
2.879165135873004289e+01,0.000000000000000000e+00
2.954400326369147933e+01,0.000000000000000000e+00
2.579969098835129060e+01,0.000000000000000000e+00
2.792575680757739676e+01,0.000000000000000000e+00
2.457893951978036284e+01,0.000000000000000000e+00
2.790260740871350009e+01,0.000000000000000000e+00
2.758324814160985738e+01,0.000000000000000000e+00
3.040438830193212638e+01,0.000000000000000000e+00
2.768946119608707690e+01,0.000000000000000000e+00
2.655197906021018639e+01,0.000000000000000000e+00
2.759530841099811127e+01,0.000000000000000000e+00
2.573468458007776150e+01,0.000000000000000000e+00
2.872124674059062954e+01,0.000000000000000000e+00
3.218412141255668502e+01,0.000000000000000000e+00
2.826206580414630665e+01,0.000000000000000000e+00
3.088445473036935240e+01,0.000000000000000000e+00
2.889229958356188277e+01,0.000000000000000000e+00
2.887766074268541416e+01,0.000000000000000000e+00
2.872827927818138960e+01,0.000000000000000000e+00
2.682026503197945999e+01,0.000000000000000000e+00
2.713263891874138878e+01,0.000000000000000000e+00
3.219305698196113497e+01,0.000000000000000000e+00
2.961092732259173488e+01,0.000000000000000000e+00
2.679378462470082312e+01,0.000000000000000000e+00
2.980864471657568515e+01,0.000000000000000000e+00
3.237665359645892238e+01,0.000000000000000000e+00
2.752226474812682611e+01,0.000000000000000000e+00
3.159735308469911175e+01,0.000000000000000000e+00
2.891268434656321773e+01,0.000000000000000000e+00
2.862700437029308631e+01,0.000000000000000000e+00
3.090027075773946308e+01,0.000000000000000000e+00
2.978333175622834261e+01,0.000000000000000000e+00
2.792174967532758245e+01,0.000000000000000000e+00
3.210090550603068493e+01,0.000000000000000000e+00
3.299870578128140863e+01,0.000000000000000000e+00
2.731730551610786506e+01,0.000000000000000000e+00
2.604393943652620180e+01,0.000000000000000000e+00
3.145562789898469802e+01,0.000000000000000000e+00
2.976335582768646049e+01,0.000000000000000000e+00
2.988031022231770351e+01,0.000000000000000000e+00
3.265839660326898297e+01,0.000000000000000000e+00
3.025579997798381626e+01,0.000000000000000000e+00
2.240247890437250078e+01,0.000000000000000000e+00
2.882607824607149993e+01,0.000000000000000000e+00
3.197879116968936586e+01,0.000000000000000000e+00
3.058789226999662958e+01,0.000000000000000000e+00
2.766109703042384993e+01,0.000000000000000000e+00
3.155877082813485046e+01,0.000000000000000000e+00
2.753496454293220452e+01,0.000000000000000000e+00
2.995033813459494354e+01,0.000000000000000000e+00
3.055312075838914154e+01,0.000000000000000000e+00
3.139673998933830390e+01,0.000000000000000000e+00
3.383526151773958190e+01,0.000000000000000000e+00
2.811809153808620820e+01,0.000000000000000000e+00
3.235534860058750439e+01,0.000000000000000000e+00
3.029832981747898302e+01,0.000000000000000000e+00
3.147432215628529306e+01,0.000000000000000000e+00
3.487479265069609369e+01,0.000000000000000000e+00
2.914175958294353563e+01,0.000000000000000000e+00
3.279477977126202148e+01,0.000000000000000000e+00
3.132741053745158410e+01,0.000000000000000000e+00
3.279375677400645372e+01,0.000000000000000000e+00
2.757631507616319055e+01,0.000000000000000000e+00
3.250850218624278654e+01,0.000000000000000000e+00
3.161869342210014366e+01,0.000000000000000000e+00
2.836167612117332837e+01,0.000000000000000000e+00
3.088189328032798642e+01,0.000000000000000000e+00
3.205319658889715129e+01,0.000000000000000000e+00
3.360003493780784822e+01,0.000000000000000000e+00
3.221055094012798747e+01,0.000000000000000000e+00
3.124685010348227365e+01,0.000000000000000000e+00
2.958216613916338034e+01,0.000000000000000000e+00
3.501569244322541863e+01,0.000000000000000000e+00
3.334801778803292649e+01,0.000000000000000000e+00
3.269624871474503891e+01,0.000000000000000000e+00
3.394259531978713795e+01,0.000000000000000000e+00
3.310120572791801408e+01,0.000000000000000000e+00
3.336732900592242856e+01,0.000000000000000000e+00
3.089534766159325585e+01,0.000000000000000000e+00
3.352960895453199441e+01,0.000000000000000000e+00
3.577258616456146711e+01,0.000000000000000000e+00
3.489262022994661550e+01,0.000000000000000000e+00
3.224147622727564055e+01,0.000000000000000000e+00
3.518575077676867835e+01,0.000000000000000000e+00
3.370843387815691727e+01,0.000000000000000000e+00
3.214202822700153916e+01,0.000000000000000000e+00
3.128531013417389417e+01,0.000000000000000000e+00
3.101401488623863756e+01,0.000000000000000000e+00
3.203307668931353192e+01,0.000000000000000000e+00
3.468028504351094199e+01,0.000000000000000000e+00
3.117607030888416375e+01,0.000000000000000000e+00
3.704564427335257193e+01,0.000000000000000000e+00
3.429371112519297782e+01,0.000000000000000000e+00
3.243685484126499574e+01,0.000000000000000000e+00
3.229258492133197223e+01,0.000000000000000000e+00
3.345536410402325345e+01,0.000000000000000000e+00
3.486858214622405683e+01,0.000000000000000000e+00
3.414545147862422425e+01,0.000000000000000000e+00
3.626329271704433665e+01,0.000000000000000000e+00
3.407512435785579186e+01,0.000000000000000000e+00
2.977203592735496329e+01,0.000000000000000000e+00
3.455627185825315451e+01,0.000000000000000000e+00
3.275958801352656025e+01,0.000000000000000000e+00
2.999940503250332924e+01,0.000000000000000000e+00
3.287129012828297903e+01,0.000000000000000000e+00
3.702674744103637750e+01,0.000000000000000000e+00
3.245345806869983818e+01,0.000000000000000000e+00
3.625238042259900340e+01,0.000000000000000000e+00
3.242828598240667048e+01,0.000000000000000000e+00
3.998984522416883891e+01,0.000000000000000000e+00
3.453113317148294215e+01,0.000000000000000000e+00
3.423335526793363215e+01,0.000000000000000000e+00
3.349771478283457071e+01,0.000000000000000000e+00
3.637978414512355130e+01,0.000000000000000000e+00
3.499271751212710058e+01,0.000000000000000000e+00
3.511283166690623148e+01,0.000000000000000000e+00
3.738263298084595476e+01,0.000000000000000000e+00
3.527254346589982958e+01,0.000000000000000000e+00
3.712496759818404257e+01,0.000000000000000000e+00
3.570769336329539811e+01,0.000000000000000000e+00
3.297462401674469135e+01,0.000000000000000000e+00
3.766018038828753589e+01,0.000000000000000000e+00
3.328313162211541965e+01,0.000000000000000000e+00
3.493921498461709518e+01,0.000000000000000000e+00
3.804813399345750469e+01,0.000000000000000000e+00
3.438045715540476976e+01,0.000000000000000000e+00
3.778382017676022286e+01,0.000000000000000000e+00
3.308488511786396913e+01,0.000000000000000000e+00
3.583583555346935157e+01,0.000000000000000000e+00
3.442433074646044133e+01,0.000000000000000000e+00
3.531935665631689858e+01,0.000000000000000000e+00
3.640696172469505854e+01,0.000000000000000000e+00
3.827300565928959486e+01,0.000000000000000000e+00
3.886031926978875362e+01,0.000000000000000000e+00
3.929035324486820002e+01,0.000000000000000000e+00
3.523635949608135576e+01,0.000000000000000000e+00
3.787352187373754475e+01,0.000000000000000000e+00
3.565009642036125115e+01,0.000000000000000000e+00
3.735869438239924989e+01,0.000000000000000000e+00
3.645653852130445927e+01,0.000000000000000000e+00
3.423785208588711981e+01,0.000000000000000000e+00
3.708085574761191339e+01,0.000000000000000000e+00
3.572130786921726298e+01,0.000000000000000000e+00
3.725561274367211695e+01,0.000000000000000000e+00
3.779838839889459479e+01,0.000000000000000000e+00
3.854368825798200504e+01,0.000000000000000000e+00
3.949998429890828788e+01,0.000000000000000000e+00
4.160367370526507358e+01,0.000000000000000000e+00
3.717539178668791777e+01,0.000000000000000000e+00
3.398328430913471720e+01,0.000000000000000000e+00
3.564780270926015504e+01,0.000000000000000000e+00
3.607621018494979381e+01,0.000000000000000000e+00
3.944302316089916616e+01,0.000000000000000000e+00
3.861148643233853051e+01,0.000000000000000000e+00
3.641803362366085395e+01,0.000000000000000000e+00
4.080864356162160078e+01,0.000000000000000000e+00
3.594442106331449338e+01,0.000000000000000000e+00
3.789176360268537280e+01,0.000000000000000000e+00
3.873595326777655146e+01,0.000000000000000000e+00
3.992726352380609711e+01,0.000000000000000000e+00
3.640825156240210703e+01,0.000000000000000000e+00
3.820722184019006562e+01,0.000000000000000000e+00
4.037938634028919438e+01,0.000000000000000000e+00
3.815820929560749875e+01,0.000000000000000000e+00
4.009141141561463684e+01,0.000000000000000000e+00
4.040701600955350870e+01,0.000000000000000000e+00
3.868411044678626354e+01,0.000000000000000000e+00
3.574997402291175064e+01,0.000000000000000000e+00
3.683511421030578958e+01,0.000000000000000000e+00
3.795828256526316835e+01,0.000000000000000000e+00
4.032284478689557972e+01,0.000000000000000000e+00
3.552740657293450255e+01,0.000000000000000000e+00
3.957802121873417178e+01,0.000000000000000000e+00
3.861355874230281415e+01,0.000000000000000000e+00
3.985901224735496129e+01,0.000000000000000000e+00
3.976124393224237252e+01,0.000000000000000000e+00
3.657544400064639945e+01,0.000000000000000000e+00
3.773075236793840048e+01,0.000000000000000000e+00
4.021831611418644314e+01,0.000000000000000000e+00
3.830963762365874459e+01,0.000000000000000000e+00
3.770977104313270445e+01,0.000000000000000000e+00
4.189771137279982582e+01,0.000000000000000000e+00
3.953969228027809635e+01,0.000000000000000000e+00
4.058099292872543629e+01,0.000000000000000000e+00
4.347513162596112579e+01,0.000000000000000000e+00
3.660473851985344140e+01,0.000000000000000000e+00
3.906402879849311205e+01,0.000000000000000000e+00
4.252742064910458453e+01,0.000000000000000000e+00
4.099768104884035580e+01,0.000000000000000000e+00
4.273429723795560164e+01,0.000000000000000000e+00
4.100050938943241619e+01,0.000000000000000000e+00
4.281078774699268763e+01,0.000000000000000000e+00
4.253594261285537215e+01,0.000000000000000000e+00
4.215839906115250102e+01,0.000000000000000000e+00
4.260245918062577175e+01,0.000000000000000000e+00
4.019005968755142533e+01,0.000000000000000000e+00
4.045220462822586427e+01,0.000000000000000000e+00
4.251984246371868892e+01,0.000000000000000000e+00
3.996747774797294284e+01,0.000000000000000000e+00
3.885154212352137648e+01,0.000000000000000000e+00
4.169725730291297339e+01,0.000000000000000000e+00
4.392194925258417726e+01,0.000000000000000000e+00
4.261274321788165764e+01,0.000000000000000000e+00
3.879447019984873180e+01,0.000000000000000000e+00
4.380194151785480727e+01,0.000000000000000000e+00
4.278666185197531746e+01,0.000000000000000000e+00
4.053457342841092270e+01,0.000000000000000000e+00
4.158172668057979848e+01,0.000000000000000000e+00
4.598141604514779601e+01,0.000000000000000000e+00
4.082522808839667050e+01,0.000000000000000000e+00
4.347215484275568542e+01,0.000000000000000000e+00
4.274522490080520498e+01,0.000000000000000000e+00
4.445386819149139512e+01,0.000000000000000000e+00
4.006863373453560229e+01,0.000000000000000000e+00
4.604580689168457752e+01,0.000000000000000000e+00
4.401748360775484059e+01,0.000000000000000000e+00
4.102373925277544231e+01,0.000000000000000000e+00
4.201178874386278039e+01,0.000000000000000000e+00
3.991875838561363565e+01,0.000000000000000000e+00
4.427292199766637282e+01,0.000000000000000000e+00
4.506699293988845056e+01,0.000000000000000000e+00
4.364003662871921563e+01,0.000000000000000000e+00
4.498121732507979686e+01,0.000000000000000000e+00
4.374078898964226170e+01,0.000000000000000000e+00
4.409883912622573376e+01,0.000000000000000000e+00
4.183813852975769265e+01,0.000000000000000000e+00
4.511976133339774719e+01,0.000000000000000000e+00
4.060709288459089095e+01,0.000000000000000000e+00
4.287093260186745880e+01,0.000000000000000000e+00
4.460319894369063576e+01,0.000000000000000000e+00
4.337046651796948282e+01,0.000000000000000000e+00
4.493826240035305375e+01,0.000000000000000000e+00
4.519356259785774910e+01,0.000000000000000000e+00
4.183463764960037423e+01,0.000000000000000000e+00
4.943789764459711478e+01,0.000000000000000000e+00
4.202289510801291783e+01,0.000000000000000000e+00
4.467735266005298911e+01,0.000000000000000000e+00
4.380078866849671471e+01,0.000000000000000000e+00
3.976149873599604945e+01,0.000000000000000000e+00
4.246619605572613665e+01,0.000000000000000000e+00
4.127049805985551956e+01,0.000000000000000000e+00
4.595690561742875246e+01,0.000000000000000000e+00
4.102900405202738199e+01,0.000000000000000000e+00
4.404893791963967686e+01,0.000000000000000000e+00
4.631875744313904875e+01,0.000000000000000000e+00
4.499844122845861705e+01,0.000000000000000000e+00
4.446434296043256040e+01,0.000000000000000000e+00
4.313061516463678657e+01,0.000000000000000000e+00
4.484879955397607176e+01,0.000000000000000000e+00
4.760966260515098014e+01,0.000000000000000000e+00
4.579774663457836681e+01,0.000000000000000000e+00
4.473871233280601700e+01,0.000000000000000000e+00
4.479012576135090740e+01,0.000000000000000000e+00
4.696380452224808266e+01,0.000000000000000000e+00
4.206185265166279663e+01,0.000000000000000000e+00
4.853946416470649439e+01,0.000000000000000000e+00
4.720212627639156722e+01,0.000000000000000000e+00
4.610842510377572268e+01,0.000000000000000000e+00
4.382540332885470491e+01,0.000000000000000000e+00
4.660025736406290520e+01,0.000000000000000000e+00
4.577315968577192251e+01,0.000000000000000000e+00
4.758947307873488342e+01,0.000000000000000000e+00
4.715188834212771241e+01,0.000000000000000000e+00
4.393040431574984694e+01,0.000000000000000000e+00
4.887900825265802496e+01,0.000000000000000000e+00
4.711957110192349774e+01,0.000000000000000000e+00
4.808358438693419856e+01,0.000000000000000000e+00
4.783029939485081883e+01,0.000000000000000000e+00
4.362636628230922753e+01,0.000000000000000000e+00
4.402911443367216293e+01,0.000000000000000000e+00
4.706238981907187480e+01,0.000000000000000000e+00
4.557012687774256676e+01,0.000000000000000000e+00
4.828922642583197700e+01,0.000000000000000000e+00
5.006995582327378713e+01,0.000000000000000000e+00
4.560185458986635609e+01,0.000000000000000000e+00
4.533768842187713943e+01,0.000000000000000000e+00
4.536296237815273003e+01,0.000000000000000000e+00
4.713850490017090067e+01,0.000000000000000000e+00
4.820004036922965440e+01,0.000000000000000000e+00
4.897873081349604263e+01,0.000000000000000000e+00
4.648217453163897517e+01,0.000000000000000000e+00
5.011970388127299003e+01,0.000000000000000000e+00
4.804567276311389890e+01,0.000000000000000000e+00
4.951090501266344290e+01,0.000000000000000000e+00
4.861859219148611544e+01,0.000000000000000000e+00
5.067555696828714673e+01,0.000000000000000000e+00
4.669230816176934695e+01,0.000000000000000000e+00
4.608234063765716826e+01,0.000000000000000000e+00
5.137741910796921729e+01,0.000000000000000000e+00
5.019741663315122082e+01,0.000000000000000000e+00
5.104647856421809138e+01,0.000000000000000000e+00
4.964055628355169603e+01,0.000000000000000000e+00
4.830415610228439505e+01,0.000000000000000000e+00
4.805622050625606789e+01,0.000000000000000000e+00
5.075449410603899025e+01,0.000000000000000000e+00
4.832552611997549974e+01,0.000000000000000000e+00
4.948663471325621543e+01,0.000000000000000000e+00
4.916371031938213321e+01,0.000000000000000000e+00
4.970502787515518861e+01,0.000000000000000000e+00
4.976379084090627458e+01,0.000000000000000000e+00
4.689329555986081033e+01,0.000000000000000000e+00
4.805499777645383119e+01,0.000000000000000000e+00
4.885720204992929183e+01,0.000000000000000000e+00
5.002261932842848324e+01,0.000000000000000000e+00
4.988681297658684599e+01,0.000000000000000000e+00
5.056350523290929289e+01,0.000000000000000000e+00
5.162222007630109744e+01,0.000000000000000000e+00
4.791716959086167549e+01,0.000000000000000000e+00
4.986959380976180256e+01,0.000000000000000000e+00
5.064824417737832363e+01,0.000000000000000000e+00
5.375779046720557375e+01,0.000000000000000000e+00
4.846932112048773433e+01,0.000000000000000000e+00
5.117829760452155341e+01,0.000000000000000000e+00
5.196946569938837968e+01,0.000000000000000000e+00
4.851129489797930461e+01,0.000000000000000000e+00
5.024017599113173560e+01,0.000000000000000000e+00
5.244007322033105822e+01,0.000000000000000000e+00
4.919217752008450617e+01,0.000000000000000000e+00
4.848131168466436236e+01,0.000000000000000000e+00
5.293099116195545406e+01,0.000000000000000000e+00
5.060774413322678811e+01,0.000000000000000000e+00
4.921767505736516313e+01,0.000000000000000000e+00
5.070348654933334842e+01,0.000000000000000000e+00
5.105919503632249246e+01,0.000000000000000000e+00
5.005929789235248961e+01,0.000000000000000000e+00
5.084098347686149566e+01,0.000000000000000000e+00
5.178319989033952453e+01,0.000000000000000000e+00
5.159093083783786682e+01,0.000000000000000000e+00
5.258701619906037195e+01,0.000000000000000000e+00
4.971321589232011462e+01,0.000000000000000000e+00
5.505120586676407157e+01,0.000000000000000000e+00
5.439844161281558144e+01,0.000000000000000000e+00
5.550002071122435154e+01,0.000000000000000000e+00
5.474429526545699787e+01,0.000000000000000000e+00
5.326814707690459727e+01,0.000000000000000000e+00
5.228087967151868298e+01,0.000000000000000000e+00
5.425445894392208857e+01,0.000000000000000000e+00
5.417251684508032383e+01,0.000000000000000000e+00
5.223681444829316689e+01,0.000000000000000000e+00
5.287666710065391129e+01,0.000000000000000000e+00
4.925653197366852254e+01,0.000000000000000000e+00
5.598444131552769676e+01,0.000000000000000000e+00
5.275430685701032019e+01,0.000000000000000000e+00
5.156504675622133504e+01,0.000000000000000000e+00
5.513289893113983453e+01,0.000000000000000000e+00
5.174149013203603431e+01,0.000000000000000000e+00
5.711637402999940605e+01,0.000000000000000000e+00
5.328543627896267054e+01,0.000000000000000000e+00
5.935825591439558480e+01,0.000000000000000000e+00
5.498714163378274833e+01,0.000000000000000000e+00
5.492276882802831750e+01,0.000000000000000000e+00
5.217976366252809584e+01,0.000000000000000000e+00
5.299508081091375544e+01,0.000000000000000000e+00
5.278664439839415934e+01,0.000000000000000000e+00
5.351139008629388627e+01,0.000000000000000000e+00
5.549437458190468675e+01,0.000000000000000000e+00
5.285690882546420255e+01,0.000000000000000000e+00
5.276577189530240020e+01,0.000000000000000000e+00
5.309268446012359277e+01,0.000000000000000000e+00
5.437924772066757129e+01,0.000000000000000000e+00
5.413508282874589383e+01,0.000000000000000000e+00
5.371595127165699779e+01,0.000000000000000000e+00
5.523248551422205566e+01,0.000000000000000000e+00
5.401339534486388771e+01,0.000000000000000000e+00
5.266964371921606158e+01,0.000000000000000000e+00
5.391289782012209741e+01,0.000000000000000000e+00
5.454620222605286273e+01,0.000000000000000000e+00
5.210554808584644348e+01,0.000000000000000000e+00
5.167587024916348071e+01,0.000000000000000000e+00
5.757234646504274167e+01,0.000000000000000000e+00
5.414640440541306532e+01,0.000000000000000000e+00
5.383182876411756013e+01,0.000000000000000000e+00
5.493839633486670948e+01,0.000000000000000000e+00
5.829718052010971974e+01,0.000000000000000000e+00
5.731071898904455253e+01,0.000000000000000000e+00
5.598888572781218187e+01,0.000000000000000000e+00
5.205822641234583870e+01,0.000000000000000000e+00
5.488863374300762388e+01,0.000000000000000000e+00
5.693611860523747481e+01,0.000000000000000000e+00
5.123149060597847892e+01,0.000000000000000000e+00
5.733940703403382599e+01,0.000000000000000000e+00
5.599153979770546385e+01,0.000000000000000000e+00
5.561756280838469735e+01,0.000000000000000000e+00
5.326030227980266574e+01,0.000000000000000000e+00
5.522671886697975197e+01,0.000000000000000000e+00
6.000772532754317012e+01,0.000000000000000000e+00
5.548855177307977016e+01,0.000000000000000000e+00
5.420759314099088755e+01,0.000000000000000000e+00
5.955030868636092123e+01,0.000000000000000000e+00
5.795958460957321989e+01,0.000000000000000000e+00
5.646809332360796674e+01,0.000000000000000000e+00
5.890420608389786850e+01,0.000000000000000000e+00
5.505373150232039592e+01,0.000000000000000000e+00
5.979860766592567245e+01,0.000000000000000000e+00
5.473484589258003297e+01,0.000000000000000000e+00
5.677179247883172764e+01,0.000000000000000000e+00
5.846721913006575733e+01,0.000000000000000000e+00
5.858331204640160905e+01,0.000000000000000000e+00
5.784876366417422844e+01,0.000000000000000000e+00
5.399957100260961340e+01,0.000000000000000000e+00
5.791966340362905186e+01,0.000000000000000000e+00
5.829423760308887381e+01,0.000000000000000000e+00
5.348519188195116669e+01,0.000000000000000000e+00
5.702865180584530691e+01,0.000000000000000000e+00
5.979010404571791071e+01,0.000000000000000000e+00
5.729149025805554629e+01,0.000000000000000000e+00
5.847743085811297448e+01,0.000000000000000000e+00
5.559683029235846163e+01,0.000000000000000000e+00
5.776200847777482750e+01,0.000000000000000000e+00
5.544151611052382833e+01,0.000000000000000000e+00
5.892401433252296528e+01,0.000000000000000000e+00
5.950197411548831639e+01,0.000000000000000000e+00
5.934503818636302697e+01,0.000000000000000000e+00
5.602023407880364658e+01,0.000000000000000000e+00
5.812684154240909606e+01,0.000000000000000000e+00
6.243547083107741003e+01,0.000000000000000000e+00
5.903170200502671605e+01,0.000000000000000000e+00
5.892937587732886584e+01,0.000000000000000000e+00
6.214508528817977151e+01,0.000000000000000000e+00
5.893167130284988531e+01,0.000000000000000000e+00
5.849733912540654757e+01,0.000000000000000000e+00
6.056235135570219796e+01,0.000000000000000000e+00
5.763883501016576361e+01,0.000000000000000000e+00
6.055878024909019786e+01,0.000000000000000000e+00
6.086104664576376422e+01,0.000000000000000000e+00
6.024352973919928900e+01,0.000000000000000000e+00
5.864350129766652486e+01,0.000000000000000000e+00
5.862145481221226362e+01,0.000000000000000000e+00
5.768488647382332601e+01,0.000000000000000000e+00
5.776875869715043876e+01,0.000000000000000000e+00
6.207448579793082644e+01,0.000000000000000000e+00
6.097989088557920212e+01,0.000000000000000000e+00
5.775806548712305499e+01,0.000000000000000000e+00
5.967344105763520190e+01,0.000000000000000000e+00
5.740155956158923090e+01,0.000000000000000000e+00
6.354133961064056280e+01,0.000000000000000000e+00
6.246653429946282188e+01,0.000000000000000000e+00
6.229219257211222782e+01,0.000000000000000000e+00
6.366463099601252651e+01,0.000000000000000000e+00
5.978987454799732149e+01,0.000000000000000000e+00
5.847061433743125747e+01,0.000000000000000000e+00
6.133502278553081055e+01,0.000000000000000000e+00
5.966857031949867718e+01,0.000000000000000000e+00
5.954653648719556003e+01,0.000000000000000000e+00
6.348532524792526743e+01,0.000000000000000000e+00
5.998045836949790299e+01,0.000000000000000000e+00
6.089622807941272953e+01,0.000000000000000000e+00
6.362722767074890129e+01,0.000000000000000000e+00
5.890616576074269517e+01,0.000000000000000000e+00
6.264851873417592287e+01,0.000000000000000000e+00
6.211202542142546434e+01,0.000000000000000000e+00
6.260295210781104913e+01,0.000000000000000000e+00
6.077210685797034273e+01,0.000000000000000000e+00
6.259918673679023726e+01,0.000000000000000000e+00
6.234728035823911085e+01,0.000000000000000000e+00
6.261035920499618612e+01,0.000000000000000000e+00
6.283126259454812867e+01,0.000000000000000000e+00
6.143123305769287157e+01,0.000000000000000000e+00
6.119498790903951857e+01,0.000000000000000000e+00
5.969746440933934650e+01,0.000000000000000000e+00
6.170693613048661774e+01,0.000000000000000000e+00
5.931450444746393202e+01,0.000000000000000000e+00
6.085530674306711063e+01,0.000000000000000000e+00
6.200706729692008423e+01,0.000000000000000000e+00
6.543951155730395897e+01,0.000000000000000000e+00
6.176087070934423906e+01,0.000000000000000000e+00
5.942292360288011110e+01,0.000000000000000000e+00
6.409677452781902218e+01,0.000000000000000000e+00
6.132887431670322798e+01,0.000000000000000000e+00
6.101133466838579977e+01,0.000000000000000000e+00
6.097520332465196446e+01,0.000000000000000000e+00
6.281725308816641729e+01,0.000000000000000000e+00
6.314412380103635059e+01,0.000000000000000000e+00
6.426312385460167320e+01,0.000000000000000000e+00
6.176042360560532529e+01,0.000000000000000000e+00
6.658926271498324923e+01,0.000000000000000000e+00
6.540769811895748376e+01,0.000000000000000000e+00
6.281744553674992915e+01,0.000000000000000000e+00
6.353725079757416694e+01,0.000000000000000000e+00
6.724520740873620639e+01,0.000000000000000000e+00
6.250804736247570048e+01,0.000000000000000000e+00
6.428432416578134223e+01,0.000000000000000000e+00
6.645352376892488167e+01,0.000000000000000000e+00
6.423587898317410350e+01,0.000000000000000000e+00
6.289613432627820089e+01,0.000000000000000000e+00
6.409807559655735076e+01,0.000000000000000000e+00
6.590295361027676790e+01,0.000000000000000000e+00
6.464483211159398479e+01,0.000000000000000000e+00
6.687174697885619423e+01,0.000000000000000000e+00
6.581558705820252442e+01,0.000000000000000000e+00
6.515817828012997381e+01,0.000000000000000000e+00
6.343575679781223897e+01,0.000000000000000000e+00
6.304618251170117560e+01,0.000000000000000000e+00
6.371348352103478163e+01,0.000000000000000000e+00
6.329764801284618159e+01,0.000000000000000000e+00
6.559110890234400415e+01,0.000000000000000000e+00
6.451965612996015409e+01,0.000000000000000000e+00
6.101103565688243435e+01,0.000000000000000000e+00
6.524707945232920281e+01,0.000000000000000000e+00
6.454462099379051665e+01,0.000000000000000000e+00
6.564635653203973220e+01,0.000000000000000000e+00
6.386844588532531475e+01,0.000000000000000000e+00
6.546164913076346181e+01,0.000000000000000000e+00
6.683088702420332083e+01,0.000000000000000000e+00
6.685828325080183276e+01,0.000000000000000000e+00
6.559257762478158327e+01,0.000000000000000000e+00
6.542413853840353966e+01,0.000000000000000000e+00
6.705155570104805918e+01,0.000000000000000000e+00
6.318214717629568611e+01,0.000000000000000000e+00
6.646436553737039787e+01,0.000000000000000000e+00
6.357987888831164724e+01,0.000000000000000000e+00
6.384265742283784562e+01,0.000000000000000000e+00
6.389611246253718235e+01,0.000000000000000000e+00
6.624090867437925567e+01,0.000000000000000000e+00
6.719236000171810019e+01,0.000000000000000000e+00
6.414600431607826181e+01,0.000000000000000000e+00
6.716417198795996057e+01,0.000000000000000000e+00
6.501001885885415277e+01,0.000000000000000000e+00
6.951418906610558679e+01,0.000000000000000000e+00
6.487046273783704464e+01,0.000000000000000000e+00
6.743261330327922565e+01,0.000000000000000000e+00
6.842463899762822166e+01,0.000000000000000000e+00
6.980861449854604928e+01,0.000000000000000000e+00
6.641266677180631461e+01,0.000000000000000000e+00
6.706925561336552732e+01,0.000000000000000000e+00
6.727201847501437726e+01,0.000000000000000000e+00
6.413247413118787676e+01,0.000000000000000000e+00
6.560289020879466193e+01,0.000000000000000000e+00
6.919619798804643551e+01,0.000000000000000000e+00
6.709438002090521991e+01,0.000000000000000000e+00
6.179333055514844375e+01,0.000000000000000000e+00
7.092654941163995375e+01,0.000000000000000000e+00
7.089448271461051831e+01,0.000000000000000000e+00
6.502294755364862056e+01,0.000000000000000000e+00
6.698649102950820122e+01,0.000000000000000000e+00
6.610392964841759067e+01,0.000000000000000000e+00
7.150050656726125453e+01,0.000000000000000000e+00
6.765243747096248228e+01,0.000000000000000000e+00
7.093336098661069400e+01,0.000000000000000000e+00
6.749065444472456932e+01,0.000000000000000000e+00
6.766301738001062915e+01,0.000000000000000000e+00
7.064162591710361028e+01,0.000000000000000000e+00
6.556840043465740564e+01,0.000000000000000000e+00
6.605928379877565249e+01,0.000000000000000000e+00
6.628015456788435245e+01,0.000000000000000000e+00
6.988956648619314649e+01,0.000000000000000000e+00
6.976352703809200761e+01,0.000000000000000000e+00
6.927682870438398766e+01,0.000000000000000000e+00
6.963729985190271066e+01,0.000000000000000000e+00
6.844770521091662374e+01,0.000000000000000000e+00
7.073947476488589814e+01,0.000000000000000000e+00
6.974386822162806254e+01,0.000000000000000000e+00
6.681866114930596723e+01,0.000000000000000000e+00
6.933082339661645221e+01,0.000000000000000000e+00
6.872102774752073628e+01,0.000000000000000000e+00
6.550471140259588765e+01,0.000000000000000000e+00
6.893450754085675669e+01,0.000000000000000000e+00
7.045429674767650852e+01,0.000000000000000000e+00
6.980873754570735912e+01,0.000000000000000000e+00
7.063582716059860900e+01,0.000000000000000000e+00
6.764076454559767626e+01,0.000000000000000000e+00
6.930684228405154101e+01,0.000000000000000000e+00
6.725433788090296616e+01,0.000000000000000000e+00
6.735718618705850247e+01,0.000000000000000000e+00
7.065137695060323608e+01,0.000000000000000000e+00
7.231226392746600595e+01,0.000000000000000000e+00
6.817288773777347899e+01,0.000000000000000000e+00
7.084402732339874831e+01,0.000000000000000000e+00
7.136491007560989885e+01,0.000000000000000000e+00
7.045248710928339619e+01,0.000000000000000000e+00
6.716354271704733492e+01,0.000000000000000000e+00
7.031683943030435557e+01,0.000000000000000000e+00
6.971695072102302504e+01,0.000000000000000000e+00
7.040242165575989475e+01,0.000000000000000000e+00
7.150181323358677332e+01,0.000000000000000000e+00
7.202333100007714961e+01,0.000000000000000000e+00
7.194337270803295326e+01,0.000000000000000000e+00
7.155181260364000195e+01,0.000000000000000000e+00
7.063219140363553095e+01,0.000000000000000000e+00
7.180499131568873850e+01,0.000000000000000000e+00
6.724086519447642729e+01,0.000000000000000000e+00
6.769903219301757247e+01,0.000000000000000000e+00
6.794444504360428994e+01,0.000000000000000000e+00
6.872049941569632381e+01,0.000000000000000000e+00
6.962506283506547788e+01,0.000000000000000000e+00
6.983351130052867006e+01,0.000000000000000000e+00
7.348030503633054877e+01,0.000000000000000000e+00
6.895948163740195014e+01,0.000000000000000000e+00
6.968526275955109384e+01,0.000000000000000000e+00
7.238509520633095917e+01,0.000000000000000000e+00
7.322753693623015181e+01,0.000000000000000000e+00
7.218108484512350742e+01,0.000000000000000000e+00
7.251070154841347914e+01,0.000000000000000000e+00
6.983101105540757203e+01,0.000000000000000000e+00
7.152154134902234262e+01,0.000000000000000000e+00
7.223293886350006687e+01,0.000000000000000000e+00
7.652367404622914648e+01,0.000000000000000000e+00
7.130412366005812430e+01,0.000000000000000000e+00
6.790660406572325769e+01,0.000000000000000000e+00
6.871435271124856570e+01,0.000000000000000000e+00
6.889740962569567273e+01,0.000000000000000000e+00
7.088073626299350849e+01,0.000000000000000000e+00
7.153671711511333342e+01,0.000000000000000000e+00
7.242286784998874793e+01,0.000000000000000000e+00
7.240746291537072921e+01,0.000000000000000000e+00
7.103517844671674197e+01,0.000000000000000000e+00
7.374265085233655270e+01,0.000000000000000000e+00
7.105909700321480216e+01,0.000000000000000000e+00
6.961279679318381852e+01,0.000000000000000000e+00
6.833574308493192007e+01,0.000000000000000000e+00
7.570288801146982394e+01,0.000000000000000000e+00
6.891757060467681129e+01,0.000000000000000000e+00
7.211126876576749112e+01,0.000000000000000000e+00
7.208899902974631857e+01,0.000000000000000000e+00
6.914760903544352288e+01,0.000000000000000000e+00
7.548728482493116587e+01,0.000000000000000000e+00
7.125492176552845081e+01,0.000000000000000000e+00
7.851215457785878016e+01,0.000000000000000000e+00
7.121884878874135438e+01,0.000000000000000000e+00
7.170587151279971749e+01,0.000000000000000000e+00
7.663230890848849697e+01,0.000000000000000000e+00
7.242149229060991900e+01,0.000000000000000000e+00
7.353959824454152283e+01,0.000000000000000000e+00
7.246816333143533484e+01,0.000000000000000000e+00
7.369242951460236668e+01,0.000000000000000000e+00
7.185234666630802280e+01,0.000000000000000000e+00
7.567271582520555739e+01,0.000000000000000000e+00
7.414690495262185266e+01,0.000000000000000000e+00
7.096188725543406406e+01,0.000000000000000000e+00
7.316439692522992289e+01,0.000000000000000000e+00
7.357473271228448652e+01,0.000000000000000000e+00
7.242930800101683531e+01,0.000000000000000000e+00
7.420411964026749274e+01,0.000000000000000000e+00
7.178743083536718927e+01,0.000000000000000000e+00
7.403641098501530848e+01,0.000000000000000000e+00
7.496113111938903728e+01,0.000000000000000000e+00
7.338374017649401537e+01,0.000000000000000000e+00
7.280803311701296821e+01,0.000000000000000000e+00
7.473638003204882807e+01,0.000000000000000000e+00
7.430517422359054081e+01,0.000000000000000000e+00
7.596411666994313805e+01,0.000000000000000000e+00
7.157167358006213931e+01,0.000000000000000000e+00
7.465962440951916790e+01,0.000000000000000000e+00
7.183002469972129234e+01,0.000000000000000000e+00
7.213005710423253447e+01,0.000000000000000000e+00
7.316692817650610436e+01,0.000000000000000000e+00
7.415873837684684133e+01,0.000000000000000000e+00
7.627098714133124702e+01,0.000000000000000000e+00
7.230154145020667045e+01,0.000000000000000000e+00
7.514562412118584689e+01,0.000000000000000000e+00
7.642643767505778385e+01,0.000000000000000000e+00
7.606040757494889704e+01,0.000000000000000000e+00
7.195518245075322739e+01,0.000000000000000000e+00
7.024441965624812667e+01,0.000000000000000000e+00
7.769591340818243452e+01,0.000000000000000000e+00
7.541338934409763795e+01,0.000000000000000000e+00
7.425598622979373431e+01,0.000000000000000000e+00
7.784597855144964740e+01,0.000000000000000000e+00
7.549208006309700636e+01,0.000000000000000000e+00
7.528306195378370091e+01,0.000000000000000000e+00
7.286730380656580053e+01,0.000000000000000000e+00
7.494237140926018981e+01,0.000000000000000000e+00
7.477036935105314797e+01,0.000000000000000000e+00
7.678648662964792493e+01,0.000000000000000000e+00
7.659409771066052031e+01,0.000000000000000000e+00
7.248732052105374635e+01,0.000000000000000000e+00
7.628677901447530019e+01,0.000000000000000000e+00
7.370700516421823068e+01,0.000000000000000000e+00
7.546509571510009096e+01,0.000000000000000000e+00
7.599633557569825371e+01,0.000000000000000000e+00
7.592334857801851911e+01,0.000000000000000000e+00
7.493993683057492206e+01,0.000000000000000000e+00
7.640119732439544009e+01,0.000000000000000000e+00
7.252413235283889037e+01,0.000000000000000000e+00
7.581471662765302710e+01,0.000000000000000000e+00
7.492020166786423374e+01,0.000000000000000000e+00
7.773265346412574672e+01,0.000000000000000000e+00
7.779030917007146684e+01,0.000000000000000000e+00
7.604048523579692187e+01,0.000000000000000000e+00
7.716687892138006077e+01,0.000000000000000000e+00
7.553250024186537814e+01,0.000000000000000000e+00
7.335496518828789192e+01,0.000000000000000000e+00
7.564039201377137545e+01,0.000000000000000000e+00
7.513787662386613420e+01,0.000000000000000000e+00
7.817526878366948040e+01,0.000000000000000000e+00
7.235035407604435420e+01,0.000000000000000000e+00
7.404299969075914589e+01,0.000000000000000000e+00
7.305838764401363505e+01,0.000000000000000000e+00
7.825859199883230133e+01,0.000000000000000000e+00
7.595385296570195521e+01,0.000000000000000000e+00
7.668189710409488669e+01,0.000000000000000000e+00
7.562745585198872789e+01,0.000000000000000000e+00
7.765821160308166782e+01,0.000000000000000000e+00
7.739402798409729201e+01,0.000000000000000000e+00
7.633707636123021700e+01,0.000000000000000000e+00
7.401252133372506137e+01,0.000000000000000000e+00
7.625548277604029579e+01,0.000000000000000000e+00
7.930569559120526435e+01,0.000000000000000000e+00
7.631273734388274477e+01,0.000000000000000000e+00
7.344816033139041167e+01,0.000000000000000000e+00
7.661253903494194617e+01,0.000000000000000000e+00
7.344535883303305468e+01,0.000000000000000000e+00
7.871999426636897113e+01,0.000000000000000000e+00
7.568470719151184767e+01,0.000000000000000000e+00
7.822385475491701357e+01,0.000000000000000000e+00
7.398835140941939414e+01,0.000000000000000000e+00
7.800344842394048328e+01,0.000000000000000000e+00
7.415939356063407217e+01,0.000000000000000000e+00
7.661779220283922598e+01,0.000000000000000000e+00
7.737771377214419033e+01,0.000000000000000000e+00
7.737157623381813210e+01,0.000000000000000000e+00
7.773036693385779472e+01,0.000000000000000000e+00
7.434452208948545149e+01,0.000000000000000000e+00
7.631347208456566023e+01,0.000000000000000000e+00
7.576066362097058970e+01,0.000000000000000000e+00
7.691093174491724938e+01,0.000000000000000000e+00
7.434085502535944556e+01,0.000000000000000000e+00
7.533454707000991846e+01,0.000000000000000000e+00
7.745229281124771603e+01,0.000000000000000000e+00
7.684949195482747086e+01,0.000000000000000000e+00
7.840950836086625486e+01,0.000000000000000000e+00
7.599479339334241956e+01,0.000000000000000000e+00
7.505364326014992571e+01,0.000000000000000000e+00
7.639074299198023255e+01,0.000000000000000000e+00
7.871414522838868777e+01,0.000000000000000000e+00
7.850143598253653465e+01,0.000000000000000000e+00
7.575793683616274166e+01,0.000000000000000000e+00
7.524107423981988063e+01,0.000000000000000000e+00
7.424165120672600438e+01,0.000000000000000000e+00
7.546711669233508246e+01,0.000000000000000000e+00
7.356797875593207436e+01,0.000000000000000000e+00
7.805944167267261946e+01,0.000000000000000000e+00
7.660529931332018805e+01,0.000000000000000000e+00
7.815049789068285691e+01,0.000000000000000000e+00
7.958266728100015541e+01,0.000000000000000000e+00
7.425670064004383164e+01,0.000000000000000000e+00
7.806520205886819497e+01,0.000000000000000000e+00
7.772060251231370387e+01,0.000000000000000000e+00
7.573279736056662159e+01,0.000000000000000000e+00
7.542639915739515288e+01,0.000000000000000000e+00
8.087589462604455548e+01,0.000000000000000000e+00
7.688942269219793957e+01,0.000000000000000000e+00
7.538614090310578320e+01,0.000000000000000000e+00
7.563430362913723570e+01,0.000000000000000000e+00
7.550928705276010078e+01,0.000000000000000000e+00
8.045267506876936636e+01,0.000000000000000000e+00
7.953141413024616213e+01,0.000000000000000000e+00
7.721120174219784360e+01,0.000000000000000000e+00
7.948713215610148097e+01,0.000000000000000000e+00
7.602760005299103341e+01,0.000000000000000000e+00
7.953651850924651967e+01,0.000000000000000000e+00
7.823121864373231915e+01,0.000000000000000000e+00
7.851414859834660831e+01,0.000000000000000000e+00
7.688393623206425787e+01,0.000000000000000000e+00
7.801151031833724403e+01,0.000000000000000000e+00
7.827579886031642786e+01,0.000000000000000000e+00
7.967944211198455662e+01,0.000000000000000000e+00
8.110103967188889840e+01,0.000000000000000000e+00
7.956973819095762224e+01,0.000000000000000000e+00
8.077108048907587090e+01,0.000000000000000000e+00
7.528483377091100692e+01,0.000000000000000000e+00
7.926404708965303314e+01,0.000000000000000000e+00
8.209533176656604780e+01,0.000000000000000000e+00
7.971063795448431222e+01,0.000000000000000000e+00
7.568555198060167299e+01,0.000000000000000000e+00
8.004017018761507529e+01,0.000000000000000000e+00
7.922568480037502070e+01,0.000000000000000000e+00
7.597168317801951787e+01,0.000000000000000000e+00
7.577221827521270825e+01,0.000000000000000000e+00
7.740092279505742567e+01,0.000000000000000000e+00
7.773676567716267982e+01,0.000000000000000000e+00
8.482094178790761418e+01,0.000000000000000000e+00
7.844759827198195978e+01,0.000000000000000000e+00
7.974248800034862938e+01,0.000000000000000000e+00
7.960066900087215913e+01,0.000000000000000000e+00
7.905082401609074338e+01,0.000000000000000000e+00
7.822583288232416976e+01,0.000000000000000000e+00
7.714149968088723597e+01,0.000000000000000000e+00
7.871759626114550201e+01,0.000000000000000000e+00
7.860271562460225425e+01,0.000000000000000000e+00
8.011859535897559681e+01,0.000000000000000000e+00
8.280804660006471352e+01,0.000000000000000000e+00
7.711749102302508163e+01,0.000000000000000000e+00
7.902040656643683292e+01,0.000000000000000000e+00
7.977007707942692605e+01,0.000000000000000000e+00
8.264175018573484977e+01,0.000000000000000000e+00
7.659912630076185280e+01,0.000000000000000000e+00
7.982654388036353055e+01,0.000000000000000000e+00
7.849795176274214725e+01,0.000000000000000000e+00
7.986192076701479436e+01,0.000000000000000000e+00
7.976611466335860712e+01,0.000000000000000000e+00
7.599871345892857732e+01,0.000000000000000000e+00
8.053905645891106246e+01,0.000000000000000000e+00
7.875244152970084599e+01,0.000000000000000000e+00
8.020006715895381433e+01,0.000000000000000000e+00
8.165401433905716999e+01,0.000000000000000000e+00
7.996897322583481582e+01,0.000000000000000000e+00
7.886783504705692849e+01,0.000000000000000000e+00
7.948595144060134032e+01,0.000000000000000000e+00
8.036726033437373928e+01,0.000000000000000000e+00
7.547230741532401055e+01,0.000000000000000000e+00
8.147830091792788210e+01,0.000000000000000000e+00
8.021281426591791330e+01,0.000000000000000000e+00
7.816913447290313854e+01,0.000000000000000000e+00
7.779943474344071319e+01,0.000000000000000000e+00
8.019756923432355222e+01,0.000000000000000000e+00
7.975262197058943059e+01,0.000000000000000000e+00
7.830062662212452551e+01,0.000000000000000000e+00
8.220254523332309304e+01,0.000000000000000000e+00
7.940562027692598690e+01,0.000000000000000000e+00
8.010979801306393711e+01,0.000000000000000000e+00
8.204874055443616498e+01,0.000000000000000000e+00
7.820957547475276783e+01,0.000000000000000000e+00
8.030399808342946244e+01,0.000000000000000000e+00
8.117440016242444756e+01,0.000000000000000000e+00
7.996535167443069270e+01,0.000000000000000000e+00
8.167975122643278496e+01,0.000000000000000000e+00
8.094089335462921042e+01,0.000000000000000000e+00
7.928985713310827066e+01,0.000000000000000000e+00
7.936377030957528689e+01,0.000000000000000000e+00
8.296519879377575535e+01,0.000000000000000000e+00
7.696996794470015857e+01,0.000000000000000000e+00
7.974797914860509707e+01,0.000000000000000000e+00
7.971783628897412655e+01,0.000000000000000000e+00
8.190472266511267208e+01,0.000000000000000000e+00
7.996941287368055384e+01,0.000000000000000000e+00
8.377995116040446533e+01,0.000000000000000000e+00
7.772565254746605490e+01,0.000000000000000000e+00
7.479248142335698901e+01,0.000000000000000000e+00
7.932339978794105662e+01,0.000000000000000000e+00
7.787036652787476498e+01,0.000000000000000000e+00
8.382743813571623548e+01,0.000000000000000000e+00
8.237213656039662624e+01,0.000000000000000000e+00
7.848671240782130099e+01,0.000000000000000000e+00
7.621117484527113106e+01,0.000000000000000000e+00
8.052574958509519831e+01,0.000000000000000000e+00
8.406649303458937084e+01,0.000000000000000000e+00
7.807030558241987706e+01,0.000000000000000000e+00
7.866270469449926850e+01,0.000000000000000000e+00
7.902390330019862574e+01,0.000000000000000000e+00
8.070210917546678786e+01,0.000000000000000000e+00
8.219264274445490059e+01,0.000000000000000000e+00
7.942120886629984966e+01,0.000000000000000000e+00
7.938158586206496636e+01,0.000000000000000000e+00
8.052495001841953126e+01,0.000000000000000000e+00
8.159877801089578497e+01,0.000000000000000000e+00
8.198998344914494396e+01,0.000000000000000000e+00
8.083029808715416209e+01,0.000000000000000000e+00
7.961251230277949276e+01,0.000000000000000000e+00
7.792319115865325330e+01,0.000000000000000000e+00
7.989065208487392056e+01,0.000000000000000000e+00
7.969130767939658710e+01,0.000000000000000000e+00
8.622387187778367945e+01,0.000000000000000000e+00
7.981986188463498877e+01,0.000000000000000000e+00
8.332975904611559770e+01,0.000000000000000000e+00
8.005872031216040341e+01,0.000000000000000000e+00
8.444350781022575347e+01,0.000000000000000000e+00
8.133690213303526662e+01,0.000000000000000000e+00
7.914365758194165323e+01,0.000000000000000000e+00
8.022758974808010635e+01,0.000000000000000000e+00
7.868099961166045375e+01,0.000000000000000000e+00
7.900594238733941665e+01,0.000000000000000000e+00
7.852922674447513884e+01,0.000000000000000000e+00
7.961357392632837104e+01,0.000000000000000000e+00
8.020415050514668565e+01,0.000000000000000000e+00
7.960231454777590443e+01,0.000000000000000000e+00
7.736239094433366859e+01,0.000000000000000000e+00
7.903537629387541585e+01,0.000000000000000000e+00
8.030236022670057139e+01,0.000000000000000000e+00
8.200579391010901986e+01,0.000000000000000000e+00
7.997421322574969338e+01,0.000000000000000000e+00
8.089395528937460256e+01,0.000000000000000000e+00
8.080217086856102071e+01,0.000000000000000000e+00
8.272863300893773442e+01,0.000000000000000000e+00
7.731132229593114857e+01,0.000000000000000000e+00
7.868728229009019515e+01,0.000000000000000000e+00
8.074003706472306874e+01,0.000000000000000000e+00
7.820404479547106291e+01,0.000000000000000000e+00
8.008275975372951905e+01,0.000000000000000000e+00
8.051405652461691886e+01,0.000000000000000000e+00
7.937372201867235333e+01,0.000000000000000000e+00
7.899233077312386797e+01,0.000000000000000000e+00
8.015720145882758629e+01,0.000000000000000000e+00
7.966427774332063905e+01,0.000000000000000000e+00
8.161288964313450833e+01,0.000000000000000000e+00
8.108101736632985990e+01,0.000000000000000000e+00
8.185066136140594040e+01,0.000000000000000000e+00
7.990615308905556446e+01,0.000000000000000000e+00
7.806082500045623362e+01,0.000000000000000000e+00
8.094406569720453604e+01,0.000000000000000000e+00
7.943046437152676731e+01,0.000000000000000000e+00
7.939700474991084889e+01,0.000000000000000000e+00
7.811901426750216615e+01,0.000000000000000000e+00
8.186772055448454921e+01,0.000000000000000000e+00
8.102522239309226393e+01,0.000000000000000000e+00
8.073528297977532020e+01,0.000000000000000000e+00
8.025648845491689087e+01,0.000000000000000000e+00
8.177332651846022316e+01,0.000000000000000000e+00
7.916222513497145030e+01,0.000000000000000000e+00
7.989937529228160429e+01,0.000000000000000000e+00
8.190018249248774396e+01,0.000000000000000000e+00
7.869151005317408476e+01,0.000000000000000000e+00
7.531509412946560644e+01,0.000000000000000000e+00
7.966073352254784368e+01,0.000000000000000000e+00
8.136516090414312430e+01,0.000000000000000000e+00
8.168949899029448147e+01,0.000000000000000000e+00
7.857908624863819114e+01,0.000000000000000000e+00
7.868015197620698586e+01,0.000000000000000000e+00
8.121182805488027157e+01,0.000000000000000000e+00
8.076662869712852455e+01,0.000000000000000000e+00
7.673572347041427122e+01,0.000000000000000000e+00
8.172861381108047851e+01,0.000000000000000000e+00
8.077842319504584623e+01,0.000000000000000000e+00
8.053801938035434205e+01,0.000000000000000000e+00
8.007753834238536683e+01,0.000000000000000000e+00
7.977926858729276205e+01,0.000000000000000000e+00
7.842481028162895029e+01,0.000000000000000000e+00
7.682743012478412936e+01,0.000000000000000000e+00
8.170281486713230379e+01,0.000000000000000000e+00
7.981726656219505855e+01,0.000000000000000000e+00
7.991277542469183004e+01,0.000000000000000000e+00
7.431729543730128285e+01,0.000000000000000000e+00
8.072602963502581019e+01,0.000000000000000000e+00
7.894774553658150751e+01,0.000000000000000000e+00
7.772604174913396946e+01,0.000000000000000000e+00
7.997018239856303978e+01,0.000000000000000000e+00
7.687472575042251322e+01,0.000000000000000000e+00
7.577347189952371309e+01,0.000000000000000000e+00
8.060274703651097639e+01,0.000000000000000000e+00
8.334706325698509488e+01,0.000000000000000000e+00
7.949877882618534386e+01,0.000000000000000000e+00
7.813232374749577502e+01,0.000000000000000000e+00
7.595768541449331224e+01,0.000000000000000000e+00
7.815763796774901095e+01,0.000000000000000000e+00
8.131824313875463872e+01,0.000000000000000000e+00
7.867209484616589066e+01,0.000000000000000000e+00
8.183761954529509808e+01,0.000000000000000000e+00
7.670984594633004860e+01,0.000000000000000000e+00
8.146449554295072915e+01,0.000000000000000000e+00
8.024053109322811395e+01,0.000000000000000000e+00
8.162513589978115647e+01,0.000000000000000000e+00
7.854788925364181296e+01,0.000000000000000000e+00
7.921875294895414754e+01,0.000000000000000000e+00
7.750198974885141467e+01,0.000000000000000000e+00
8.481307166524298680e+01,0.000000000000000000e+00
8.364655643329246004e+01,0.000000000000000000e+00
8.106024612632948845e+01,0.000000000000000000e+00
7.901552442625545325e+01,0.000000000000000000e+00
8.057118338296749016e+01,0.000000000000000000e+00
7.997887850869412318e+01,0.000000000000000000e+00
8.259941905938293871e+01,0.000000000000000000e+00
8.033183814936333533e+01,0.000000000000000000e+00
8.336024642514526306e+01,0.000000000000000000e+00
7.957862504914267276e+01,0.000000000000000000e+00
7.896161514059129161e+01,0.000000000000000000e+00
7.846515849268780585e+01,0.000000000000000000e+00
7.914830008881064316e+01,0.000000000000000000e+00
7.940650341865632811e+01,0.000000000000000000e+00
8.190972573932830869e+01,0.000000000000000000e+00
8.021459049704145627e+01,0.000000000000000000e+00
7.900544998747264458e+01,0.000000000000000000e+00
7.505671234918995083e+01,0.000000000000000000e+00
7.819945873075671727e+01,0.000000000000000000e+00
8.285507174406339459e+01,0.000000000000000000e+00
7.963032252748477902e+01,0.000000000000000000e+00
8.105243711478459545e+01,0.000000000000000000e+00
7.891142876841483655e+01,0.000000000000000000e+00
7.831327922459450974e+01,0.000000000000000000e+00
7.974050536037779580e+01,0.000000000000000000e+00
7.692574061441604272e+01,0.000000000000000000e+00
8.100315057026577392e+01,0.000000000000000000e+00
8.143681742896474418e+01,0.000000000000000000e+00
7.718136413677498808e+01,0.000000000000000000e+00
7.831208586836893915e+01,0.000000000000000000e+00
7.957574638231510278e+01,0.000000000000000000e+00
7.659517321481268937e+01,0.000000000000000000e+00
7.844111436207731458e+01,0.000000000000000000e+00
7.857819763581197492e+01,0.000000000000000000e+00
7.974432677238471001e+01,0.000000000000000000e+00
8.035226154792832176e+01,0.000000000000000000e+00
8.028115093785753231e+01,0.000000000000000000e+00
7.521026952919056896e+01,0.000000000000000000e+00
7.483668246964390391e+01,0.000000000000000000e+00
7.610734317060534693e+01,0.000000000000000000e+00
7.995387173829630001e+01,0.000000000000000000e+00
7.811173258420205912e+01,0.000000000000000000e+00
7.859102333546802299e+01,0.000000000000000000e+00
7.514857191712754059e+01,0.000000000000000000e+00
7.789711980318362805e+01,0.000000000000000000e+00
8.045630642756518114e+01,0.000000000000000000e+00
8.066519546849384881e+01,0.000000000000000000e+00
8.178292009190323597e+01,0.000000000000000000e+00
7.950897576531687605e+01,0.000000000000000000e+00
7.953133791339693914e+01,0.000000000000000000e+00
7.768549649570364579e+01,0.000000000000000000e+00
7.990672663016330546e+01,0.000000000000000000e+00
7.862176686371584822e+01,0.000000000000000000e+00
7.581650748482692848e+01,0.000000000000000000e+00
7.621903253889857410e+01,0.000000000000000000e+00
7.753806749561650236e+01,0.000000000000000000e+00
8.024439686700699781e+01,0.000000000000000000e+00
8.153593520333762967e+01,0.000000000000000000e+00
7.852044079516204533e+01,0.000000000000000000e+00
7.705254845705501054e+01,0.000000000000000000e+00
7.779999632801531106e+01,0.000000000000000000e+00
7.522690892707399257e+01,0.000000000000000000e+00
7.843403929007718034e+01,0.000000000000000000e+00
7.891854974185748972e+01,0.000000000000000000e+00
8.082932181913363934e+01,0.000000000000000000e+00
7.964710040470679075e+01,0.000000000000000000e+00
7.646140469986490018e+01,0.000000000000000000e+00
7.792869495753328124e+01,0.000000000000000000e+00
7.748121316213058662e+01,0.000000000000000000e+00
7.973966966582204918e+01,0.000000000000000000e+00
8.078360658182486986e+01,0.000000000000000000e+00
7.905761586219162496e+01,0.000000000000000000e+00
7.726708199128663068e+01,0.000000000000000000e+00
7.613811766281884275e+01,0.000000000000000000e+00
7.541487582695651781e+01,0.000000000000000000e+00
7.865252546874745576e+01,0.000000000000000000e+00
8.106196683581508466e+01,0.000000000000000000e+00
7.694538550140805455e+01,0.000000000000000000e+00
8.042711844642903429e+01,0.000000000000000000e+00
7.981033591425553197e+01,0.000000000000000000e+00
7.603280206063296021e+01,0.000000000000000000e+00
7.821614743859885266e+01,0.000000000000000000e+00
7.723140362269477066e+01,0.000000000000000000e+00
7.686048510983825111e+01,0.000000000000000000e+00
7.551306555358601713e+01,0.000000000000000000e+00
7.680284349262444721e+01,0.000000000000000000e+00
7.813642154311420995e+01,0.000000000000000000e+00
7.931538005448932438e+01,0.000000000000000000e+00
7.881050045646981062e+01,0.000000000000000000e+00
7.605634592282088136e+01,0.000000000000000000e+00
7.921750507030373001e+01,0.000000000000000000e+00
7.523863272759666643e+01,0.000000000000000000e+00
7.933841634869466475e+01,0.000000000000000000e+00
7.653994264752604693e+01,0.000000000000000000e+00
8.147725200978588589e+01,0.000000000000000000e+00
7.844638350988793718e+01,0.000000000000000000e+00
7.968569455101939525e+01,0.000000000000000000e+00
7.871894457591713490e+01,0.000000000000000000e+00
7.303250080447082837e+01,0.000000000000000000e+00
7.709601742294211135e+01,0.000000000000000000e+00
7.868941708479097485e+01,0.000000000000000000e+00
7.962213430689708105e+01,0.000000000000000000e+00
7.623303028777138479e+01,0.000000000000000000e+00
7.716869358952905600e+01,0.000000000000000000e+00
7.499244555362047038e+01,0.000000000000000000e+00
7.528494682181920439e+01,0.000000000000000000e+00
7.618794956327671741e+01,0.000000000000000000e+00
7.484272343280282769e+01,0.000000000000000000e+00
7.846981583172640740e+01,0.000000000000000000e+00
7.764890063873659187e+01,0.000000000000000000e+00
7.516137259247619795e+01,0.000000000000000000e+00
7.592553804718961885e+01,0.000000000000000000e+00
7.489960230860992851e+01,0.000000000000000000e+00
7.289567509086248265e+01,0.000000000000000000e+00
7.530056845689239253e+01,0.000000000000000000e+00
7.708986131469920622e+01,0.000000000000000000e+00
7.570837210652463511e+01,0.000000000000000000e+00
7.520480732125902534e+01,0.000000000000000000e+00
7.769876456999243430e+01,0.000000000000000000e+00
7.875858052602161763e+01,0.000000000000000000e+00
7.754256770652453667e+01,0.000000000000000000e+00
7.746258598598491574e+01,0.000000000000000000e+00
7.510669715788559131e+01,0.000000000000000000e+00
7.618979100297410412e+01,0.000000000000000000e+00
7.212396686242813360e+01,0.000000000000000000e+00
8.031713079105922759e+01,0.000000000000000000e+00
8.016379014174601991e+01,0.000000000000000000e+00
7.508754769814552787e+01,0.000000000000000000e+00
7.606448204183989503e+01,0.000000000000000000e+00
7.310035270327092860e+01,0.000000000000000000e+00
7.375983510309322355e+01,0.000000000000000000e+00
7.826410561549350575e+01,0.000000000000000000e+00
7.455551192766014879e+01,0.000000000000000000e+00
7.613381738215753103e+01,0.000000000000000000e+00
7.631547644452130896e+01,0.000000000000000000e+00
7.460860624839372690e+01,0.000000000000000000e+00
7.713654237011758141e+01,0.000000000000000000e+00
7.444521251370822768e+01,0.000000000000000000e+00
7.474426973819107900e+01,0.000000000000000000e+00
7.788827951523087734e+01,0.000000000000000000e+00
7.791164636731772930e+01,0.000000000000000000e+00
7.840812368345041250e+01,0.000000000000000000e+00
7.505218955734528663e+01,0.000000000000000000e+00
7.320703836439930967e+01,0.000000000000000000e+00
7.453640791550338918e+01,0.000000000000000000e+00
7.214200589621376025e+01,0.000000000000000000e+00
7.663445300173873420e+01,0.000000000000000000e+00
7.496836687777809516e+01,0.000000000000000000e+00
7.687415698490197258e+01,0.000000000000000000e+00
7.857445125082519155e+01,0.000000000000000000e+00
7.418677028601041457e+01,0.000000000000000000e+00
7.403548614454253141e+01,0.000000000000000000e+00
7.617052690217578004e+01,0.000000000000000000e+00
7.244503962579852896e+01,0.000000000000000000e+00
7.502367237626201302e+01,0.000000000000000000e+00
7.332207120327707628e+01,0.000000000000000000e+00
7.663132198600786182e+01,0.000000000000000000e+00
7.510522410667122983e+01,0.000000000000000000e+00
7.833422844267637686e+01,0.000000000000000000e+00
7.696447746818537894e+01,0.000000000000000000e+00
7.205526882893717300e+01,0.000000000000000000e+00
7.060730292498406868e+01,0.000000000000000000e+00
7.558518692250760296e+01,0.000000000000000000e+00
7.579552165783407247e+01,0.000000000000000000e+00
7.348403533454843739e+01,0.000000000000000000e+00
7.512551011266278067e+01,0.000000000000000000e+00
7.222610552165080833e+01,0.000000000000000000e+00
7.614419478369748617e+01,0.000000000000000000e+00
7.270182597464160779e+01,0.000000000000000000e+00
7.193658597478300010e+01,0.000000000000000000e+00
7.084202346542404882e+01,0.000000000000000000e+00
7.586138867081234594e+01,0.000000000000000000e+00
7.484062753807759805e+01,0.000000000000000000e+00
7.546301032343126280e+01,0.000000000000000000e+00
7.484648638154253319e+01,0.000000000000000000e+00
7.526931538270605415e+01,0.000000000000000000e+00
7.461969438169226976e+01,0.000000000000000000e+00
7.063531039513681264e+01,0.000000000000000000e+00
7.142313033783746334e+01,0.000000000000000000e+00
7.199064143014342676e+01,0.000000000000000000e+00
7.664921626575295477e+01,0.000000000000000000e+00
7.167313945603598313e+01,0.000000000000000000e+00
7.498713734041052703e+01,0.000000000000000000e+00
7.151817588193391373e+01,0.000000000000000000e+00
6.860204343537442639e+01,0.000000000000000000e+00
7.442896916515552164e+01,0.000000000000000000e+00
7.913767272608417613e+01,0.000000000000000000e+00
7.082866634259112004e+01,0.000000000000000000e+00
7.401336129276204190e+01,0.000000000000000000e+00
7.852784717966514449e+01,0.000000000000000000e+00
7.330098136793476726e+01,0.000000000000000000e+00
7.334199012846136156e+01,0.000000000000000000e+00
7.152627933824352624e+01,0.000000000000000000e+00
7.375601173193521731e+01,0.000000000000000000e+00
7.423223940066324644e+01,0.000000000000000000e+00
7.389157426751917512e+01,0.000000000000000000e+00
7.296944249032918606e+01,0.000000000000000000e+00
7.098750017933478773e+01,0.000000000000000000e+00
7.244651949733932383e+01,0.000000000000000000e+00
7.367796566303464090e+01,0.000000000000000000e+00
7.727413388973533870e+01,0.000000000000000000e+00
7.419444104550346708e+01,0.000000000000000000e+00
7.632816529067882527e+01,0.000000000000000000e+00
6.886585954717618563e+01,0.000000000000000000e+00
7.217549627881997765e+01,0.000000000000000000e+00
7.202725624115980452e+01,0.000000000000000000e+00
7.116347177754498432e+01,0.000000000000000000e+00
7.128068126683849925e+01,0.000000000000000000e+00
7.245091859076804042e+01,0.000000000000000000e+00
7.046696950324225384e+01,0.000000000000000000e+00
7.270467607640520669e+01,0.000000000000000000e+00
7.653679559631380869e+01,0.000000000000000000e+00
6.855362682311044864e+01,0.000000000000000000e+00
7.291393145823550981e+01,0.000000000000000000e+00
7.151995109425135411e+01,0.000000000000000000e+00
7.086863812171685595e+01,0.000000000000000000e+00
7.270092945018242858e+01,0.000000000000000000e+00
7.191207685447108133e+01,0.000000000000000000e+00
7.501048688044369328e+01,0.000000000000000000e+00
7.052875154638132926e+01,0.000000000000000000e+00
7.317411350067008868e+01,0.000000000000000000e+00
7.032780227276420248e+01,0.000000000000000000e+00
7.273849030416857886e+01,0.000000000000000000e+00
7.002997487326173598e+01,0.000000000000000000e+00
7.296098914423552628e+01,0.000000000000000000e+00
7.504797589706595318e+01,0.000000000000000000e+00
7.282627742312968167e+01,0.000000000000000000e+00
6.977917667249894862e+01,0.000000000000000000e+00
7.069811994823292878e+01,0.000000000000000000e+00
7.076062847364612196e+01,0.000000000000000000e+00
7.218159256386752531e+01,0.000000000000000000e+00
6.857284988525420033e+01,0.000000000000000000e+00
6.994416224396185555e+01,0.000000000000000000e+00
7.066379655952594874e+01,0.000000000000000000e+00
7.172439472769559643e+01,0.000000000000000000e+00
7.447443748762904647e+01,0.000000000000000000e+00
6.952437163849442925e+01,0.000000000000000000e+00
7.352719663311316367e+01,0.000000000000000000e+00
7.004571840114897441e+01,0.000000000000000000e+00
7.119750680405309140e+01,0.000000000000000000e+00
7.372328398220763290e+01,0.000000000000000000e+00
7.050107332583272068e+01,0.000000000000000000e+00
7.113308247604952328e+01,0.000000000000000000e+00
7.033214288816853355e+01,0.000000000000000000e+00
7.336414878640125892e+01,0.000000000000000000e+00
7.069764372945681430e+01,0.000000000000000000e+00
7.077228006796973148e+01,0.000000000000000000e+00
6.957921005272437753e+01,0.000000000000000000e+00
6.845092191880679877e+01,0.000000000000000000e+00
6.879269134691807608e+01,0.000000000000000000e+00
6.910308594443851860e+01,0.000000000000000000e+00
7.122489975295438569e+01,0.000000000000000000e+00
7.300259764084216840e+01,0.000000000000000000e+00
6.726070368960512269e+01,0.000000000000000000e+00
7.338626891185218426e+01,0.000000000000000000e+00
6.793068913316703572e+01,0.000000000000000000e+00
6.880043241156879219e+01,0.000000000000000000e+00
6.815305302780568297e+01,0.000000000000000000e+00
6.945543301276637749e+01,0.000000000000000000e+00
6.824022237100074051e+01,0.000000000000000000e+00
7.345374855070365072e+01,0.000000000000000000e+00
7.149700927624027713e+01,0.000000000000000000e+00
7.255747110901437225e+01,0.000000000000000000e+00
7.277443934056023522e+01,0.000000000000000000e+00
6.672496966508617788e+01,0.000000000000000000e+00
7.095693698440155117e+01,0.000000000000000000e+00
6.644474762363029186e+01,0.000000000000000000e+00
6.816460083505843670e+01,0.000000000000000000e+00
6.712654817766491533e+01,0.000000000000000000e+00
6.696846001504606249e+01,0.000000000000000000e+00
6.904713640729492852e+01,0.000000000000000000e+00
6.823233201538734249e+01,0.000000000000000000e+00
6.935274098886705474e+01,0.000000000000000000e+00
6.863120780466563531e+01,0.000000000000000000e+00
6.643148101039032838e+01,0.000000000000000000e+00
7.201274424038605559e+01,0.000000000000000000e+00
6.600896645364326787e+01,0.000000000000000000e+00
7.198219520151126005e+01,0.000000000000000000e+00
6.918015610919604796e+01,0.000000000000000000e+00
6.866371745476332933e+01,0.000000000000000000e+00
6.930356482265889895e+01,0.000000000000000000e+00
6.806066516029108016e+01,0.000000000000000000e+00
6.696112852717240571e+01,0.000000000000000000e+00
7.048604745113179604e+01,0.000000000000000000e+00
6.499295312352229814e+01,0.000000000000000000e+00
6.702143578789767275e+01,0.000000000000000000e+00
7.177593704345798642e+01,0.000000000000000000e+00
6.875538828260928881e+01,0.000000000000000000e+00
6.316872416439626647e+01,0.000000000000000000e+00
6.817912284958764246e+01,0.000000000000000000e+00
6.673978210367498320e+01,0.000000000000000000e+00
6.430222417306200100e+01,0.000000000000000000e+00
6.974054044492976345e+01,0.000000000000000000e+00
6.844870009842875902e+01,0.000000000000000000e+00
7.001087339251333219e+01,0.000000000000000000e+00
6.830307607196918696e+01,0.000000000000000000e+00
6.905132059523454302e+01,0.000000000000000000e+00
6.681301321276330896e+01,0.000000000000000000e+00
6.416599705005631904e+01,0.000000000000000000e+00
6.576227864887721353e+01,0.000000000000000000e+00
6.792274978536762831e+01,0.000000000000000000e+00
6.576390998069015836e+01,0.000000000000000000e+00
6.509488385885923378e+01,0.000000000000000000e+00
6.877243556283031012e+01,0.000000000000000000e+00
6.599253685329910013e+01,0.000000000000000000e+00
6.278344214877112961e+01,0.000000000000000000e+00
6.723210938458635155e+01,0.000000000000000000e+00
6.684356640894515067e+01,0.000000000000000000e+00
6.636359308372851729e+01,0.000000000000000000e+00
6.723284535381196747e+01,0.000000000000000000e+00
6.611712340503186169e+01,0.000000000000000000e+00
6.517424779767173959e+01,0.000000000000000000e+00
6.636817859200418468e+01,0.000000000000000000e+00
6.506419908554369158e+01,0.000000000000000000e+00
6.695546302421195151e+01,0.000000000000000000e+00
6.635800926504991537e+01,0.000000000000000000e+00
6.951940392544388203e+01,0.000000000000000000e+00
6.646024227508820559e+01,0.000000000000000000e+00
6.743570372074316310e+01,0.000000000000000000e+00
6.835474007705704480e+01,0.000000000000000000e+00
6.697268488104765538e+01,0.000000000000000000e+00
6.488314703659926863e+01,0.000000000000000000e+00
6.076237022264430720e+01,0.000000000000000000e+00
6.678664999761303989e+01,0.000000000000000000e+00
6.729111366924104232e+01,0.000000000000000000e+00
6.489289256729726674e+01,0.000000000000000000e+00
6.439673009393744962e+01,0.000000000000000000e+00
6.753968787795182038e+01,0.000000000000000000e+00
6.531875182677552516e+01,0.000000000000000000e+00
6.315316661722533809e+01,0.000000000000000000e+00
6.559234104421510381e+01,0.000000000000000000e+00
6.638347619158621171e+01,0.000000000000000000e+00
6.597990385766267707e+01,0.000000000000000000e+00
6.678481574674361809e+01,0.000000000000000000e+00
6.284196679633981830e+01,0.000000000000000000e+00
6.506516712746942233e+01,0.000000000000000000e+00
6.271905472398725578e+01,0.000000000000000000e+00
6.508299655141659912e+01,0.000000000000000000e+00
6.698643227731702154e+01,0.000000000000000000e+00
6.739308652881597084e+01,0.000000000000000000e+00
6.197644032001083048e+01,0.000000000000000000e+00
6.052914116364713948e+01,0.000000000000000000e+00
6.255422258101609856e+01,0.000000000000000000e+00
6.079040704109761606e+01,0.000000000000000000e+00
6.106352250791668013e+01,0.000000000000000000e+00
6.138180601749885312e+01,0.000000000000000000e+00
6.356156249353080767e+01,0.000000000000000000e+00
6.247805243314566326e+01,0.000000000000000000e+00
6.323714764753164985e+01,0.000000000000000000e+00
6.317662349753246076e+01,0.000000000000000000e+00
6.282164891345959035e+01,0.000000000000000000e+00
5.787833327940481354e+01,0.000000000000000000e+00
6.184790437804089436e+01,0.000000000000000000e+00
6.274896780742991353e+01,0.000000000000000000e+00
6.326324687038891881e+01,0.000000000000000000e+00
6.558580152313497535e+01,0.000000000000000000e+00
5.881474971254950646e+01,0.000000000000000000e+00
6.108257990730920994e+01,0.000000000000000000e+00
6.187084375463672359e+01,0.000000000000000000e+00
6.532948068596111568e+01,0.000000000000000000e+00
6.310323260536065959e+01,0.000000000000000000e+00
6.144172985655080055e+01,0.000000000000000000e+00
5.958543667134659927e+01,0.000000000000000000e+00
6.287457117446243160e+01,0.000000000000000000e+00
6.299701805995220383e+01,0.000000000000000000e+00
6.019342106002892479e+01,0.000000000000000000e+00
6.176234762179159787e+01,0.000000000000000000e+00
5.811638349817982174e+01,0.000000000000000000e+00
6.250710189514196458e+01,0.000000000000000000e+00
6.068152411420972925e+01,0.000000000000000000e+00
6.220592978496158310e+01,0.000000000000000000e+00
6.395680584762543219e+01,0.000000000000000000e+00
6.378269192344298233e+01,0.000000000000000000e+00
6.409732650543195120e+01,0.000000000000000000e+00
6.297432109848156045e+01,0.000000000000000000e+00
6.139867783607552809e+01,0.000000000000000000e+00
6.103325371477536265e+01,0.000000000000000000e+00
6.202555828122017800e+01,0.000000000000000000e+00
6.062892298595264862e+01,0.000000000000000000e+00
6.000306023323761906e+01,0.000000000000000000e+00
6.071352840490597202e+01,0.000000000000000000e+00
6.168606429611185149e+01,0.000000000000000000e+00
5.991090341445492840e+01,0.000000000000000000e+00
5.896901343976794863e+01,0.000000000000000000e+00
6.007075927086981437e+01,0.000000000000000000e+00
6.007863586226691410e+01,0.000000000000000000e+00
6.075564958518436498e+01,0.000000000000000000e+00
5.813233656185708753e+01,0.000000000000000000e+00
5.963180015895853359e+01,0.000000000000000000e+00
5.960534410005673323e+01,0.000000000000000000e+00
6.219381067424880172e+01,0.000000000000000000e+00
5.799264256699316178e+01,0.000000000000000000e+00
5.905589806304163147e+01,0.000000000000000000e+00
6.176886669269698160e+01,0.000000000000000000e+00
6.083628353039669889e+01,0.000000000000000000e+00
6.057216873462316897e+01,0.000000000000000000e+00
5.645136050055428001e+01,0.000000000000000000e+00
5.549102826921278364e+01,0.000000000000000000e+00
5.799071948766136586e+01,0.000000000000000000e+00
5.864896432236956514e+01,0.000000000000000000e+00
5.967969303815177540e+01,0.000000000000000000e+00
6.085753651787086937e+01,0.000000000000000000e+00
6.293049632732187604e+01,0.000000000000000000e+00
6.152444246934437899e+01,0.000000000000000000e+00
5.893052848650790310e+01,0.000000000000000000e+00
5.833380720463484437e+01,0.000000000000000000e+00
5.778237850736643111e+01,0.000000000000000000e+00
5.974264288734575956e+01,0.000000000000000000e+00
5.894454483226718366e+01,0.000000000000000000e+00
5.619057055976503534e+01,0.000000000000000000e+00
6.077336019848902993e+01,0.000000000000000000e+00
6.101720785811863834e+01,0.000000000000000000e+00
5.991244728642099915e+01,0.000000000000000000e+00
5.773212846653947139e+01,0.000000000000000000e+00
5.904213671271033093e+01,0.000000000000000000e+00
5.770746964382158950e+01,0.000000000000000000e+00
5.715279785441722282e+01,0.000000000000000000e+00
5.661167272074173695e+01,0.000000000000000000e+00
5.669216161834756207e+01,0.000000000000000000e+00
5.490183830703604428e+01,0.000000000000000000e+00
5.990101114102199631e+01,0.000000000000000000e+00
6.284392371116488363e+01,0.000000000000000000e+00
5.818052428794808861e+01,0.000000000000000000e+00
5.846506420475700594e+01,0.000000000000000000e+00
5.765174718689206657e+01,0.000000000000000000e+00
5.477796665531313636e+01,0.000000000000000000e+00
5.508083566987328084e+01,0.000000000000000000e+00
6.061087465410386699e+01,0.000000000000000000e+00
5.732282101000696173e+01,0.000000000000000000e+00
5.936914199541794090e+01,0.000000000000000000e+00
5.924804167081961737e+01,0.000000000000000000e+00
5.893784134153741405e+01,0.000000000000000000e+00
5.833172811207133179e+01,0.000000000000000000e+00
5.813874498461604645e+01,0.000000000000000000e+00
5.657834432784986944e+01,0.000000000000000000e+00
5.896935685888792023e+01,0.000000000000000000e+00
5.626064358227171169e+01,0.000000000000000000e+00
5.335336661531507474e+01,0.000000000000000000e+00
5.470720149838479074e+01,0.000000000000000000e+00
5.685747331059261001e+01,0.000000000000000000e+00
5.806471143454059103e+01,0.000000000000000000e+00
5.811658748019219445e+01,0.000000000000000000e+00
5.750190754700140872e+01,0.000000000000000000e+00
5.744091576408769129e+01,0.000000000000000000e+00
5.526002369896136202e+01,0.000000000000000000e+00
5.543669154760307549e+01,0.000000000000000000e+00
5.514348934384838685e+01,0.000000000000000000e+00
5.579144456596760904e+01,0.000000000000000000e+00
5.661144424082769433e+01,0.000000000000000000e+00
5.465838628430167034e+01,0.000000000000000000e+00
5.470063123771695501e+01,0.000000000000000000e+00
5.428592459274221227e+01,0.000000000000000000e+00
5.613623984916277720e+01,0.000000000000000000e+00
5.315484482323587656e+01,0.000000000000000000e+00
5.254663475210585233e+01,0.000000000000000000e+00
5.325235514327676611e+01,0.000000000000000000e+00
5.524582661244443216e+01,0.000000000000000000e+00
5.347366360640865679e+01,0.000000000000000000e+00
5.345917847174925441e+01,0.000000000000000000e+00
5.094508743299601861e+01,0.000000000000000000e+00
5.575556087034016883e+01,0.000000000000000000e+00
5.359387213328582078e+01,0.000000000000000000e+00
5.436458856283746144e+01,0.000000000000000000e+00
5.044016013669311604e+01,0.000000000000000000e+00
5.213664006134894180e+01,0.000000000000000000e+00
5.592046989014894365e+01,0.000000000000000000e+00
5.812975958897808226e+01,0.000000000000000000e+00
5.509705160323971995e+01,0.000000000000000000e+00
5.669797241663069087e+01,0.000000000000000000e+00
5.648178291052024491e+01,0.000000000000000000e+00
5.108742991133149758e+01,0.000000000000000000e+00
5.559132002644867754e+01,0.000000000000000000e+00
5.301606350933071354e+01,0.000000000000000000e+00
5.676502700196282802e+01,0.000000000000000000e+00
5.293181618398473631e+01,0.000000000000000000e+00
5.124551675128862627e+01,0.000000000000000000e+00
5.184645767729247012e+01,0.000000000000000000e+00
5.327059097164947588e+01,0.000000000000000000e+00
5.472582222421482356e+01,0.000000000000000000e+00
5.316947227034067680e+01,0.000000000000000000e+00
5.178316784307085641e+01,0.000000000000000000e+00
5.163313021999817209e+01,0.000000000000000000e+00
5.174517118635736068e+01,0.000000000000000000e+00
5.168900810535616586e+01,0.000000000000000000e+00
5.397595282473591283e+01,0.000000000000000000e+00
5.351822699582919540e+01,0.000000000000000000e+00
4.932184582982607424e+01,0.000000000000000000e+00
5.173458085283000685e+01,0.000000000000000000e+00
5.645307068812002882e+01,0.000000000000000000e+00
5.319665686542644778e+01,0.000000000000000000e+00
5.221205113370780282e+01,0.000000000000000000e+00
5.380490089208990412e+01,0.000000000000000000e+00
5.393819439946810945e+01,0.000000000000000000e+00
5.033699805111665881e+01,0.000000000000000000e+00
4.792303093367464584e+01,0.000000000000000000e+00
4.785532933404758893e+01,0.000000000000000000e+00
4.976054118436982776e+01,0.000000000000000000e+00
5.672010123353173583e+01,0.000000000000000000e+00
5.522087898383478688e+01,0.000000000000000000e+00
5.037912630413498505e+01,0.000000000000000000e+00
4.843918529513308613e+01,0.000000000000000000e+00
4.956818078207140843e+01,0.000000000000000000e+00
5.405346172376809477e+01,0.000000000000000000e+00
4.988560739937332755e+01,0.000000000000000000e+00
4.931982153597259355e+01,0.000000000000000000e+00
4.849769126514057405e+01,0.000000000000000000e+00
4.469155578622756053e+01,0.000000000000000000e+00
4.864450920804980427e+01,0.000000000000000000e+00
5.022241782491580153e+01,0.000000000000000000e+00
5.158235567951842171e+01,0.000000000000000000e+00
4.975829325134724712e+01,0.000000000000000000e+00
5.058442910472739840e+01,0.000000000000000000e+00
4.759349759645353117e+01,0.000000000000000000e+00
5.290728123057825627e+01,0.000000000000000000e+00
4.963830383176094330e+01,0.000000000000000000e+00
4.943093959242884239e+01,0.000000000000000000e+00
5.077599441522368551e+01,0.000000000000000000e+00
4.775117264324183708e+01,0.000000000000000000e+00
5.070860518505375580e+01,0.000000000000000000e+00
4.892589313860552380e+01,0.000000000000000000e+00
4.810510227938331695e+01,0.000000000000000000e+00
4.824838051540510264e+01,0.000000000000000000e+00
5.184512642323355891e+01,0.000000000000000000e+00
4.820151298030437204e+01,0.000000000000000000e+00
5.247253949847166155e+01,0.000000000000000000e+00
4.567666083929476883e+01,0.000000000000000000e+00
5.201384942351694463e+01,0.000000000000000000e+00
5.075882726307462889e+01,0.000000000000000000e+00
4.839090697031208776e+01,0.000000000000000000e+00
4.903703769950435998e+01,0.000000000000000000e+00
5.038930757140819594e+01,0.000000000000000000e+00
5.199981194950709096e+01,0.000000000000000000e+00
4.929418131458327679e+01,0.000000000000000000e+00
4.939942854515562942e+01,0.000000000000000000e+00
4.955241099561349927e+01,0.000000000000000000e+00
4.678173625501908361e+01,0.000000000000000000e+00
4.961910048427648690e+01,0.000000000000000000e+00
4.986617950283113032e+01,0.000000000000000000e+00
4.886809188769405665e+01,0.000000000000000000e+00
4.704320142300612417e+01,0.000000000000000000e+00
4.729656339215025440e+01,0.000000000000000000e+00
4.687806540719157766e+01,0.000000000000000000e+00
4.970901376379488568e+01,0.000000000000000000e+00
4.981694898111199876e+01,0.000000000000000000e+00
4.711990167193508228e+01,0.000000000000000000e+00
4.802794212413250818e+01,0.000000000000000000e+00
4.227886131205887921e+01,0.000000000000000000e+00
4.703494782316034417e+01,0.000000000000000000e+00
4.591749505195284797e+01,0.000000000000000000e+00
4.605804982251576973e+01,0.000000000000000000e+00
4.546862737162168600e+01,0.000000000000000000e+00
4.970866499002189443e+01,0.000000000000000000e+00
4.789947207944429408e+01,0.000000000000000000e+00
5.148837830340104915e+01,0.000000000000000000e+00
5.200393719442264029e+01,0.000000000000000000e+00
4.627739496026011778e+01,0.000000000000000000e+00
4.490105318042674298e+01,0.000000000000000000e+00
4.559003569469157213e+01,0.000000000000000000e+00
4.363028487637172503e+01,0.000000000000000000e+00
4.740381959183906702e+01,0.000000000000000000e+00
4.888977962998585980e+01,0.000000000000000000e+00
4.680079043860026644e+01,0.000000000000000000e+00
4.765040696387711705e+01,0.000000000000000000e+00
4.583874231159830259e+01,0.000000000000000000e+00
4.792303450364369866e+01,0.000000000000000000e+00
4.774636165729275206e+01,0.000000000000000000e+00
5.008511973326694999e+01,0.000000000000000000e+00
4.381469270851776088e+01,0.000000000000000000e+00
4.367730743806645677e+01,0.000000000000000000e+00
4.751839382730108952e+01,0.000000000000000000e+00
4.449237325824605449e+01,0.000000000000000000e+00
4.437759317106455370e+01,0.000000000000000000e+00
4.609227153448144776e+01,0.000000000000000000e+00
4.401111863440672067e+01,0.000000000000000000e+00
4.551244510837982915e+01,0.000000000000000000e+00
4.412662327143335261e+01,0.000000000000000000e+00
4.275627361853388919e+01,0.000000000000000000e+00
4.764933415704057040e+01,0.000000000000000000e+00
4.447065834192191147e+01,0.000000000000000000e+00
4.621582977174446683e+01,0.000000000000000000e+00
4.435576116586608464e+01,0.000000000000000000e+00
4.383582872964618105e+01,0.000000000000000000e+00
4.473658511058447118e+01,0.000000000000000000e+00
4.250298134875002631e+01,0.000000000000000000e+00
4.614550406328896059e+01,0.000000000000000000e+00
4.495676220864562822e+01,0.000000000000000000e+00
4.413927997229355071e+01,0.000000000000000000e+00
4.192523103104578297e+01,0.000000000000000000e+00
4.261821364953940616e+01,0.000000000000000000e+00
4.781837230191572985e+01,0.000000000000000000e+00
4.196299829513013435e+01,0.000000000000000000e+00
4.469511991460989009e+01,0.000000000000000000e+00
4.148460241210558053e+01,0.000000000000000000e+00
4.403229377721599747e+01,0.000000000000000000e+00
4.205730949538106245e+01,0.000000000000000000e+00
4.209471268375000363e+01,0.000000000000000000e+00
3.974414095995327045e+01,0.000000000000000000e+00
4.211061405663937052e+01,0.000000000000000000e+00
4.235004370336420720e+01,0.000000000000000000e+00
4.003176384638459950e+01,0.000000000000000000e+00
4.304321119117183514e+01,0.000000000000000000e+00
4.060667633096042550e+01,0.000000000000000000e+00
4.270124632033934375e+01,0.000000000000000000e+00
4.397063599677908030e+01,0.000000000000000000e+00
4.422099686917482586e+01,0.000000000000000000e+00
4.547068236186466095e+01,0.000000000000000000e+00
3.989698715152708530e+01,0.000000000000000000e+00
4.309018600346137617e+01,0.000000000000000000e+00
3.687350487285296197e+01,0.000000000000000000e+00
4.362621824361059453e+01,0.000000000000000000e+00
3.809795349177104384e+01,0.000000000000000000e+00
4.063002392216622383e+01,0.000000000000000000e+00
4.505262695321529520e+01,0.000000000000000000e+00
4.298113594008692218e+01,0.000000000000000000e+00
3.748987592249669376e+01,0.000000000000000000e+00
4.086473098738334642e+01,0.000000000000000000e+00
4.357291831889116906e+01,0.000000000000000000e+00
3.566209961694364949e+01,0.000000000000000000e+00
4.161105813636972073e+01,0.000000000000000000e+00
4.149964279527560507e+01,0.000000000000000000e+00
4.105840580994549072e+01,0.000000000000000000e+00
4.426250760446484378e+01,0.000000000000000000e+00
4.255926117569219969e+01,0.000000000000000000e+00
4.238018406384266967e+01,0.000000000000000000e+00
4.275320577883201167e+01,0.000000000000000000e+00
3.944166246507699469e+01,0.000000000000000000e+00
3.936519627173750280e+01,0.000000000000000000e+00
4.401822740308841730e+01,0.000000000000000000e+00
4.266282213477508378e+01,0.000000000000000000e+00
4.101530329253586871e+01,0.000000000000000000e+00
4.018532466219458144e+01,0.000000000000000000e+00
3.626109860643153837e+01,0.000000000000000000e+00
3.932557990747384480e+01,0.000000000000000000e+00
4.078004081434745842e+01,0.000000000000000000e+00
3.858780794167831374e+01,0.000000000000000000e+00
4.303307266519185248e+01,0.000000000000000000e+00
4.220611232547842917e+01,0.000000000000000000e+00
3.815770928000371498e+01,0.000000000000000000e+00
3.870991898194223779e+01,0.000000000000000000e+00
4.171944527475579179e+01,0.000000000000000000e+00
3.712827757602867251e+01,0.000000000000000000e+00
3.841926785226036145e+01,0.000000000000000000e+00
3.801542872966479081e+01,0.000000000000000000e+00
4.304392956304492657e+01,0.000000000000000000e+00
4.056296772655301197e+01,0.000000000000000000e+00
4.271434775074134649e+01,0.000000000000000000e+00
4.150759455424375233e+01,0.000000000000000000e+00
3.974649899802477648e+01,0.000000000000000000e+00
4.240623423656654722e+01,0.000000000000000000e+00
3.686017647850795242e+01,0.000000000000000000e+00
3.797542599966235599e+01,0.000000000000000000e+00
3.394436883586533327e+01,0.000000000000000000e+00
3.677635979580366410e+01,0.000000000000000000e+00
3.975388984300072792e+01,0.000000000000000000e+00
3.865021935025425392e+01,0.000000000000000000e+00
3.712496178809281844e+01,0.000000000000000000e+00
3.981951158337859908e+01,0.000000000000000000e+00
3.853905063740647563e+01,0.000000000000000000e+00
3.709173179884164995e+01,0.000000000000000000e+00
3.787572029014685171e+01,0.000000000000000000e+00
3.572303184989308988e+01,0.000000000000000000e+00
3.617870778468126503e+01,0.000000000000000000e+00
3.890612932095650933e+01,0.000000000000000000e+00
3.711795028010197939e+01,0.000000000000000000e+00
3.992784126377032550e+01,0.000000000000000000e+00
3.979155828546795703e+01,0.000000000000000000e+00
3.968534258011522553e+01,0.000000000000000000e+00
3.761040529494243856e+01,0.000000000000000000e+00
3.594246825264995948e+01,0.000000000000000000e+00
3.680894172470726744e+01,0.000000000000000000e+00
4.001458233992249802e+01,0.000000000000000000e+00
4.082768695526940661e+01,0.000000000000000000e+00
3.697400260031641039e+01,0.000000000000000000e+00
3.797010265092231407e+01,0.000000000000000000e+00
3.858117817260426818e+01,0.000000000000000000e+00
3.884975041292232589e+01,0.000000000000000000e+00
4.242859118538591190e+01,0.000000000000000000e+00
3.830979877137198741e+01,0.000000000000000000e+00
3.730453402117427686e+01,0.000000000000000000e+00
3.477999475985013333e+01,0.000000000000000000e+00
3.575933065456079873e+01,0.000000000000000000e+00
2.958792503118035455e+01,0.000000000000000000e+00
3.232761366178330320e+01,0.000000000000000000e+00
3.713657004077076351e+01,0.000000000000000000e+00
3.873585910994181347e+01,0.000000000000000000e+00
3.696760018934748615e+01,0.000000000000000000e+00
3.591533496534073322e+01,0.000000000000000000e+00
3.879029914246535782e+01,0.000000000000000000e+00
3.832031588838469816e+01,0.000000000000000000e+00
3.549411940608816707e+01,0.000000000000000000e+00
3.599152761067169592e+01,0.000000000000000000e+00
3.799579800608909608e+01,0.000000000000000000e+00
4.042462779727837585e+01,0.000000000000000000e+00
3.514713633153154859e+01,0.000000000000000000e+00
3.673245284094488028e+01,0.000000000000000000e+00
3.488779199177307078e+01,0.000000000000000000e+00
3.329347113437910366e+01,0.000000000000000000e+00
3.438071635647445845e+01,0.000000000000000000e+00
3.905750925455076583e+01,0.000000000000000000e+00
3.594554477635447398e+01,0.000000000000000000e+00
3.775363095556838289e+01,0.000000000000000000e+00
3.418486488779798549e+01,0.000000000000000000e+00
3.920880298617294812e+01,0.000000000000000000e+00
3.441702874316109018e+01,0.000000000000000000e+00
3.420970690094969058e+01,0.000000000000000000e+00
3.186147971870949291e+01,0.000000000000000000e+00
3.371203516852695259e+01,0.000000000000000000e+00
3.362757675313233818e+01,0.000000000000000000e+00
3.667976298069048369e+01,0.000000000000000000e+00
3.072395217554707614e+01,0.000000000000000000e+00
3.640146991321762471e+01,0.000000000000000000e+00
3.338440670997660931e+01,0.000000000000000000e+00
3.644983647527281079e+01,0.000000000000000000e+00
3.263519062008907667e+01,0.000000000000000000e+00
3.083510779411983549e+01,0.000000000000000000e+00
3.250703015560246456e+01,0.000000000000000000e+00
3.280808194639870834e+01,0.000000000000000000e+00
3.627080705456781828e+01,0.000000000000000000e+00
3.414982579674027363e+01,0.000000000000000000e+00
3.429243757102237566e+01,0.000000000000000000e+00
3.467719710580225723e+01,0.000000000000000000e+00
3.286821297487443161e+01,0.000000000000000000e+00
3.277681299009397975e+01,0.000000000000000000e+00
3.054038767043715197e+01,0.000000000000000000e+00
3.279988859466338624e+01,0.000000000000000000e+00
3.665939854322877522e+01,0.000000000000000000e+00
3.328694802209059134e+01,0.000000000000000000e+00
3.460869609890021792e+01,0.000000000000000000e+00
3.170278202491947184e+01,0.000000000000000000e+00
3.071148585286259802e+01,0.000000000000000000e+00
3.401841130338188179e+01,0.000000000000000000e+00
3.252632323401461178e+01,0.000000000000000000e+00
3.188991367531189169e+01,0.000000000000000000e+00
3.180361111650129402e+01,0.000000000000000000e+00
3.504357667067677795e+01,0.000000000000000000e+00
3.576903111930554502e+01,0.000000000000000000e+00
3.192982646841767291e+01,0.000000000000000000e+00
3.295315135561787656e+01,0.000000000000000000e+00
3.644866601313713517e+01,0.000000000000000000e+00
2.783702985699523325e+01,0.000000000000000000e+00
3.213358017354985918e+01,0.000000000000000000e+00
3.095415028760593756e+01,0.000000000000000000e+00
3.411088607383055660e+01,0.000000000000000000e+00
3.554373979600131861e+01,0.000000000000000000e+00
3.021403759764989871e+01,0.000000000000000000e+00
3.396165799638582428e+01,0.000000000000000000e+00
3.168061519082522892e+01,0.000000000000000000e+00
2.750461148023733671e+01,0.000000000000000000e+00
3.210379209389997612e+01,0.000000000000000000e+00
3.232618073984491502e+01,0.000000000000000000e+00
2.945287946651902189e+01,0.000000000000000000e+00
3.392681262444052237e+01,0.000000000000000000e+00
3.405413153518330915e+01,0.000000000000000000e+00
3.302781873372955346e+01,0.000000000000000000e+00
3.029078475885344091e+01,0.000000000000000000e+00
2.869327050289771108e+01,0.000000000000000000e+00
3.024528688889039429e+01,0.000000000000000000e+00
3.123561748988002051e+01,0.000000000000000000e+00
3.206384991698670461e+01,0.000000000000000000e+00
3.113096076777782883e+01,0.000000000000000000e+00
2.961146200369941184e+01,0.000000000000000000e+00
3.316296189406940442e+01,0.000000000000000000e+00
2.739519919717071517e+01,0.000000000000000000e+00
3.181575240484032463e+01,0.000000000000000000e+00
3.080324444982654697e+01,0.000000000000000000e+00
3.170397797193454892e+01,0.000000000000000000e+00
3.059294235355792324e+01,0.000000000000000000e+00
3.094489577117622048e+01,0.000000000000000000e+00
3.081935048949083011e+01,0.000000000000000000e+00
3.021890875989750569e+01,0.000000000000000000e+00
2.973405907351872202e+01,0.000000000000000000e+00
3.183438843367625992e+01,0.000000000000000000e+00
3.212755133413729425e+01,0.000000000000000000e+00
2.837716773959732564e+01,0.000000000000000000e+00
2.868320164355714041e+01,0.000000000000000000e+00
3.181418109209242218e+01,0.000000000000000000e+00
2.912859324199720845e+01,0.000000000000000000e+00
2.835889438943532781e+01,0.000000000000000000e+00
2.965807654194626153e+01,0.000000000000000000e+00
3.056632406984796901e+01,0.000000000000000000e+00
2.969859766980004423e+01,0.000000000000000000e+00
2.918725658302013315e+01,0.000000000000000000e+00
3.118346015348144817e+01,0.000000000000000000e+00
3.074673096626597868e+01,0.000000000000000000e+00
2.961939861585330647e+01,0.000000000000000000e+00
3.383177934265935249e+01,0.000000000000000000e+00
2.708414296170669644e+01,0.000000000000000000e+00
3.029958759869093399e+01,0.000000000000000000e+00
3.245072908803270195e+01,0.000000000000000000e+00
3.247738552821083857e+01,0.000000000000000000e+00
2.454107059709856742e+01,0.000000000000000000e+00
2.934734597425423530e+01,0.000000000000000000e+00
3.086082636272146829e+01,0.000000000000000000e+00
3.057917573312366954e+01,0.000000000000000000e+00
2.873911694546795204e+01,0.000000000000000000e+00
2.920730404611572339e+01,0.000000000000000000e+00
2.946149206169656765e+01,0.000000000000000000e+00
2.969991188269322180e+01,0.000000000000000000e+00
3.110284992996357545e+01,0.000000000000000000e+00
3.003804377759957234e+01,0.000000000000000000e+00
2.997797754899371014e+01,0.000000000000000000e+00
3.035470879666053534e+01,0.000000000000000000e+00
2.777092338148205641e+01,0.000000000000000000e+00
2.995825649105669441e+01,0.000000000000000000e+00
2.856323932268861654e+01,0.000000000000000000e+00
2.819716508567878677e+01,0.000000000000000000e+00
2.862236852021581868e+01,0.000000000000000000e+00
3.262442702611053136e+01,0.000000000000000000e+00
2.689693744041704804e+01,0.000000000000000000e+00
3.042495407455182033e+01,0.000000000000000000e+00
3.178646341648558860e+01,0.000000000000000000e+00
2.436067421425776658e+01,0.000000000000000000e+00
3.238611939825404562e+01,0.000000000000000000e+00
2.731100135812993202e+01,0.000000000000000000e+00
3.174084995249613073e+01,0.000000000000000000e+00
2.850224370638407834e+01,0.000000000000000000e+00
2.792267363398550373e+01,0.000000000000000000e+00
2.709524929356647860e+01,0.000000000000000000e+00
2.877264086439693713e+01,0.000000000000000000e+00
2.481072671514668926e+01,0.000000000000000000e+00
2.612342027540276135e+01,0.000000000000000000e+00
2.933043148038419545e+01,0.000000000000000000e+00
2.596794691514753595e+01,0.000000000000000000e+00
2.972922402299922595e+01,0.000000000000000000e+00
2.588792971487618999e+01,0.000000000000000000e+00
2.743620799670653554e+01,0.000000000000000000e+00
2.775066185900708149e+01,0.000000000000000000e+00
2.319280053634049921e+01,0.000000000000000000e+00
2.671902140173994056e+01,0.000000000000000000e+00
2.890092948562601904e+01,0.000000000000000000e+00
2.789752857291616550e+01,0.000000000000000000e+00
2.624882684064980154e+01,0.000000000000000000e+00
2.527015137107898823e+01,0.000000000000000000e+00
3.282067042693115155e+01,0.000000000000000000e+00
2.815426442339811786e+01,0.000000000000000000e+00
2.668347009189398378e+01,0.000000000000000000e+00
2.817039544839012777e+01,0.000000000000000000e+00
2.404088431847333140e+01,0.000000000000000000e+00
2.740957902740771246e+01,0.000000000000000000e+00
2.949191199055586310e+01,0.000000000000000000e+00
2.539157979483481142e+01,0.000000000000000000e+00
2.919482041745305878e+01,0.000000000000000000e+00
2.275807021014286136e+01,0.000000000000000000e+00
2.387537786609350832e+01,0.000000000000000000e+00
2.429262654739364180e+01,0.000000000000000000e+00
2.912329114615004855e+01,0.000000000000000000e+00
2.564588328999117550e+01,0.000000000000000000e+00
2.830764656342634566e+01,0.000000000000000000e+00
2.872150368899918860e+01,0.000000000000000000e+00
2.828165769182135136e+01,0.000000000000000000e+00
2.180923270221146382e+01,0.000000000000000000e+00
2.779411743536439872e+01,0.000000000000000000e+00
2.583080221611627181e+01,0.000000000000000000e+00
2.468344855418504480e+01,0.000000000000000000e+00
2.425307797104924035e+01,0.000000000000000000e+00
2.567998086970463589e+01,0.000000000000000000e+00
2.142613087995818333e+01,0.000000000000000000e+00
2.674706333592842000e+01,0.000000000000000000e+00
2.863094879213569044e+01,0.000000000000000000e+00
2.544044327793226401e+01,0.000000000000000000e+00
2.615317507721195867e+01,0.000000000000000000e+00
2.672953263066993301e+01,0.000000000000000000e+00
2.238159825499325351e+01,0.000000000000000000e+00
2.527151747583303276e+01,0.000000000000000000e+00
2.653490888065394415e+01,0.000000000000000000e+00
2.296467963983232607e+01,0.000000000000000000e+00
2.846823617401417650e+01,0.000000000000000000e+00
2.551613558777483348e+01,0.000000000000000000e+00
2.612119047591434295e+01,0.000000000000000000e+00
2.552918258212714520e+01,0.000000000000000000e+00
2.261752413738296852e+01,0.000000000000000000e+00
2.661888479161898147e+01,0.000000000000000000e+00
2.506672432627349423e+01,0.000000000000000000e+00
2.760169562600306037e+01,0.000000000000000000e+00
1.983491365473716428e+01,0.000000000000000000e+00
2.128408009868501694e+01,0.000000000000000000e+00
2.672770201491492514e+01,0.000000000000000000e+00
2.332091991334591086e+01,0.000000000000000000e+00
2.534619657699260031e+01,0.000000000000000000e+00
2.204828652784197374e+01,0.000000000000000000e+00
2.782231137727555748e+01,0.000000000000000000e+00
1.912157037279410332e+01,0.000000000000000000e+00
2.356592152084669678e+01,0.000000000000000000e+00
3.045770235787119518e+01,0.000000000000000000e+00
2.338111221376182058e+01,0.000000000000000000e+00
2.363922649529592945e+01,0.000000000000000000e+00
2.518546430963044003e+01,0.000000000000000000e+00
2.332785366449531850e+01,0.000000000000000000e+00
2.352817407940899486e+01,0.000000000000000000e+00
2.275246977833879924e+01,0.000000000000000000e+00
2.566474822914549847e+01,0.000000000000000000e+00
2.144385263265068176e+01,0.000000000000000000e+00
2.126152792104576861e+01,0.000000000000000000e+00
2.040446974111915068e+01,0.000000000000000000e+00
2.295331362990456370e+01,0.000000000000000000e+00
2.828812608090798619e+01,0.000000000000000000e+00
2.443022584822562493e+01,0.000000000000000000e+00
1.885012206463058604e+01,0.000000000000000000e+00
2.607540862949144511e+01,0.000000000000000000e+00
2.804101202660798009e+01,0.000000000000000000e+00
2.414987911200584847e+01,0.000000000000000000e+00
2.586866164619906172e+01,0.000000000000000000e+00
2.562810281459731598e+01,0.000000000000000000e+00
2.494438866985413839e+01,0.000000000000000000e+00
2.305828517239697462e+01,0.000000000000000000e+00
2.322216632238005829e+01,0.000000000000000000e+00
1.957343039206205759e+01,0.000000000000000000e+00
2.529077276042360367e+01,0.000000000000000000e+00
2.563606426957913698e+01,0.000000000000000000e+00
2.101923762184641831e+01,0.000000000000000000e+00
2.058845154156231416e+01,0.000000000000000000e+00
2.313910202061379451e+01,0.000000000000000000e+00
2.565544254611404540e+01,0.000000000000000000e+00
2.466552442839275727e+01,0.000000000000000000e+00
2.248720931853608818e+01,0.000000000000000000e+00
2.663863201988074536e+01,0.000000000000000000e+00
2.408458939276109589e+01,0.000000000000000000e+00
2.356704072567001873e+01,0.000000000000000000e+00
2.101649077377528485e+01,0.000000000000000000e+00
2.460004714543290305e+01,0.000000000000000000e+00
2.380176670515356463e+01,0.000000000000000000e+00
2.514028062095563243e+01,0.000000000000000000e+00
2.069702948348442462e+01,0.000000000000000000e+00
2.327554815566917412e+01,0.000000000000000000e+00
2.084283190815530418e+01,0.000000000000000000e+00
2.247585085725544829e+01,0.000000000000000000e+00
2.200772922831729517e+01,0.000000000000000000e+00
2.033164299983331347e+01,0.000000000000000000e+00
2.440074534938267803e+01,0.000000000000000000e+00
2.323208078270521426e+01,0.000000000000000000e+00
1.900306044679584261e+01,0.000000000000000000e+00
2.235689781710065560e+01,0.000000000000000000e+00
2.563066562641816759e+01,0.000000000000000000e+00
2.237074110370727453e+01,0.000000000000000000e+00
2.228708750751979295e+01,0.000000000000000000e+00
2.313783325103240784e+01,0.000000000000000000e+00
2.169820982928527542e+01,0.000000000000000000e+00
2.278529110839993521e+01,0.000000000000000000e+00
2.239908187377594828e+01,0.000000000000000000e+00
2.142886507417177100e+01,0.000000000000000000e+00
2.658391654452659125e+01,0.000000000000000000e+00
2.069217596235390033e+01,0.000000000000000000e+00
2.142135011367005148e+01,0.000000000000000000e+00
2.096355513903212398e+01,0.000000000000000000e+00
2.060590450222910519e+01,0.000000000000000000e+00
2.014687456534746701e+01,0.000000000000000000e+00
2.029910214970394122e+01,0.000000000000000000e+00
1.985691076234758867e+01,0.000000000000000000e+00
2.507338105336603462e+01,0.000000000000000000e+00
2.403935475455802262e+01,0.000000000000000000e+00
2.221234694844124036e+01,0.000000000000000000e+00
1.913981010790018900e+01,0.000000000000000000e+00
2.203304643297256860e+01,0.000000000000000000e+00
2.516003470525768648e+01,0.000000000000000000e+00
1.852427075229396536e+01,0.000000000000000000e+00
2.378635599011092694e+01,0.000000000000000000e+00
2.507802271638833247e+01,0.000000000000000000e+00
2.138041133961285567e+01,0.000000000000000000e+00
2.133529723773107989e+01,0.000000000000000000e+00
2.620776336735523415e+01,0.000000000000000000e+00
2.378915708344759139e+01,0.000000000000000000e+00
2.348595001594673448e+01,0.000000000000000000e+00
2.478264268260197767e+01,0.000000000000000000e+00
2.134341657768410627e+01,0.000000000000000000e+00
2.005482631726543019e+01,0.000000000000000000e+00
2.297163132223502302e+01,0.000000000000000000e+00
2.156260461050632316e+01,0.000000000000000000e+00
2.301115580905124958e+01,0.000000000000000000e+00
2.083936515080945284e+01,0.000000000000000000e+00
2.006189019279951680e+01,0.000000000000000000e+00
1.850573309850835457e+01,0.000000000000000000e+00
2.267858217106292074e+01,0.000000000000000000e+00
2.463132789844621584e+01,0.000000000000000000e+00
1.925044110753506033e+01,0.000000000000000000e+00
2.509467502760686841e+01,0.000000000000000000e+00
2.467064375607528959e+01,0.000000000000000000e+00
2.234924916285388008e+01,0.000000000000000000e+00
2.527296482412589995e+01,0.000000000000000000e+00
2.158039348401385737e+01,0.000000000000000000e+00
2.301601641526726638e+01,0.000000000000000000e+00
1.609361728700378436e+01,0.000000000000000000e+00
1.887166305263791699e+01,0.000000000000000000e+00
2.033611736437259054e+01,0.000000000000000000e+00
1.905881116441321765e+01,0.000000000000000000e+00
2.061396035187622999e+01,0.000000000000000000e+00
2.020520800940404627e+01,0.000000000000000000e+00
1.973519685597973705e+01,0.000000000000000000e+00
1.924241872137518428e+01,0.000000000000000000e+00
2.064757656272452380e+01,0.000000000000000000e+00
2.172341979473542040e+01,0.000000000000000000e+00
1.768864431276437799e+01,0.000000000000000000e+00
2.335718652884109048e+01,0.000000000000000000e+00
2.136097811930048351e+01,0.000000000000000000e+00
2.174666217563957460e+01,0.000000000000000000e+00
1.838521294677344287e+01,0.000000000000000000e+00
2.266140635375566248e+01,0.000000000000000000e+00
2.166674784708629176e+01,0.000000000000000000e+00
2.153740970499787366e+01,0.000000000000000000e+00
2.245525029493064295e+01,0.000000000000000000e+00
2.226926869305258450e+01,0.000000000000000000e+00
2.150877259515841189e+01,0.000000000000000000e+00
1.979836290204169558e+01,0.000000000000000000e+00
2.055936867207203278e+01,0.000000000000000000e+00
1.981838228256782131e+01,0.000000000000000000e+00
2.547668897673236543e+01,0.000000000000000000e+00
2.270246385640308517e+01,0.000000000000000000e+00
2.146115927344060026e+01,0.000000000000000000e+00
1.935318718014041295e+01,0.000000000000000000e+00
1.998874797771972922e+01,0.000000000000000000e+00
1.964649045350936873e+01,0.000000000000000000e+00
2.017529180099370123e+01,0.000000000000000000e+00
2.003322137715422713e+01,0.000000000000000000e+00
2.225291627952215379e+01,0.000000000000000000e+00
1.786561278853255885e+01,0.000000000000000000e+00
2.105326825178908123e+01,0.000000000000000000e+00
2.235431164613505217e+01,0.000000000000000000e+00
1.675942018952092383e+01,0.000000000000000000e+00
1.974647252450756696e+01,0.000000000000000000e+00
1.878477546379037477e+01,0.000000000000000000e+00
1.975047497944277453e+01,0.000000000000000000e+00
2.170138520866646914e+01,0.000000000000000000e+00
2.153997858375599606e+01,0.000000000000000000e+00
1.971619555474490326e+01,0.000000000000000000e+00
2.082313340752464015e+01,0.000000000000000000e+00
1.897083338734948299e+01,0.000000000000000000e+00
1.573517152061585733e+01,0.000000000000000000e+00
1.770311325649287326e+01,0.000000000000000000e+00
2.048114734196879283e+01,0.000000000000000000e+00
1.931611240921448669e+01,0.000000000000000000e+00
2.111767742686360094e+01,0.000000000000000000e+00
2.336713724166497386e+01,0.000000000000000000e+00
1.719499615996035757e+01,0.000000000000000000e+00
1.862642147857312480e+01,0.000000000000000000e+00
2.125176941754179083e+01,0.000000000000000000e+00
1.993925633771375416e+01,0.000000000000000000e+00
1.934893228228938611e+01,0.000000000000000000e+00
1.924519668101495640e+01,0.000000000000000000e+00
2.110110361679830859e+01,0.000000000000000000e+00
2.198575064900131082e+01,0.000000000000000000e+00
1.980977954583130085e+01,0.000000000000000000e+00
1.902150455175863542e+01,0.000000000000000000e+00
1.910286702394821745e+01,0.000000000000000000e+00
1.943801051498691024e+01,0.000000000000000000e+00
1.921653634921398535e+01,0.000000000000000000e+00
1.714095167368650507e+01,0.000000000000000000e+00
1.869097674199896275e+01,0.000000000000000000e+00
1.931727219482656110e+01,0.000000000000000000e+00
1.990113929717037777e+01,0.000000000000000000e+00
1.890703971377135062e+01,0.000000000000000000e+00
1.992460952900585269e+01,0.000000000000000000e+00
2.208462081484067241e+01,0.000000000000000000e+00
1.753980528787460358e+01,0.000000000000000000e+00
2.278129389810056082e+01,0.000000000000000000e+00
2.200193936067985234e+01,0.000000000000000000e+00
2.097830625661774917e+01,0.000000000000000000e+00
2.009950565852377480e+01,0.000000000000000000e+00
2.089907815371910615e+01,0.000000000000000000e+00
1.844292347372450536e+01,0.000000000000000000e+00
2.002551022705815242e+01,0.000000000000000000e+00
1.994014751964114751e+01,0.000000000000000000e+00
1.939586032294812767e+01,0.000000000000000000e+00
1.954001934407628838e+01,0.000000000000000000e+00
1.938701982999246809e+01,0.000000000000000000e+00
2.202709301444393475e+01,0.000000000000000000e+00
1.818741251486729027e+01,0.000000000000000000e+00
1.748962391496983670e+01,0.000000000000000000e+00
2.120442934208890051e+01,0.000000000000000000e+00
2.303439710793919915e+01,0.000000000000000000e+00
2.005613275222161462e+01,0.000000000000000000e+00
1.746890640775088244e+01,0.000000000000000000e+00
1.777924413366802625e+01,0.000000000000000000e+00
2.322007977935876966e+01,0.000000000000000000e+00
1.924752815397028272e+01,0.000000000000000000e+00
2.222943786692515999e+01,0.000000000000000000e+00
1.753687603487698610e+01,0.000000000000000000e+00
2.016857779447087395e+01,0.000000000000000000e+00
1.492368282747176522e+01,0.000000000000000000e+00
1.897901077900222333e+01,0.000000000000000000e+00
2.202912403092569349e+01,0.000000000000000000e+00
1.833196399842462654e+01,0.000000000000000000e+00
2.073837321153884616e+01,0.000000000000000000e+00
1.855555680570179433e+01,0.000000000000000000e+00
1.919856249878049681e+01,0.000000000000000000e+00
1.997959850820193850e+01,0.000000000000000000e+00
2.069554317478316463e+01,0.000000000000000000e+00
1.725562438751644834e+01,0.000000000000000000e+00
2.200966199609612062e+01,0.000000000000000000e+00
1.912864972509547457e+01,0.000000000000000000e+00
1.750276181795866393e+01,0.000000000000000000e+00
2.074169015550056017e+01,0.000000000000000000e+00
1.847526389027968108e+01,0.000000000000000000e+00
2.088950007346370441e+01,0.000000000000000000e+00
2.118854017128670009e+01,0.000000000000000000e+00
1.855004393185859257e+01,0.000000000000000000e+00
2.237494050301953408e+01,0.000000000000000000e+00
2.157734723338788285e+01,0.000000000000000000e+00
2.344543960135900917e+01,0.000000000000000000e+00
1.855019760133751561e+01,0.000000000000000000e+00
2.119236418113621667e+01,0.000000000000000000e+00
2.067297614054734112e+01,0.000000000000000000e+00
2.308431452084531443e+01,0.000000000000000000e+00
1.457202521673466933e+01,0.000000000000000000e+00
2.136255922756890158e+01,0.000000000000000000e+00
1.837754959200043103e+01,0.000000000000000000e+00
1.940174250710524717e+01,0.000000000000000000e+00
2.107103636390410983e+01,0.000000000000000000e+00
2.099574011095622339e+01,0.000000000000000000e+00
1.649533930628311396e+01,0.000000000000000000e+00
2.052183741705686870e+01,0.000000000000000000e+00
1.765355989884848498e+01,0.000000000000000000e+00
1.658850212302196780e+01,0.000000000000000000e+00
1.964111264043927463e+01,0.000000000000000000e+00
1.540533579196388203e+01,0.000000000000000000e+00
2.010230781493947916e+01,0.000000000000000000e+00
1.792512236156707317e+01,0.000000000000000000e+00
1.789226592713968955e+01,0.000000000000000000e+00
1.968150204462288144e+01,0.000000000000000000e+00
1.817164377214159288e+01,0.000000000000000000e+00
1.634761009353401917e+01,0.000000000000000000e+00
2.106359825189529289e+01,0.000000000000000000e+00
1.937136565173508984e+01,0.000000000000000000e+00
1.937704903755796337e+01,0.000000000000000000e+00
1.956336089040438253e+01,0.000000000000000000e+00
2.196523101256894606e+01,0.000000000000000000e+00
1.794601522740898503e+01,0.000000000000000000e+00
2.054489464233803986e+01,0.000000000000000000e+00
2.431047540336405888e+01,0.000000000000000000e+00
2.065523846125985941e+01,0.000000000000000000e+00
2.328253991080818253e+01,0.000000000000000000e+00
2.110314341170891694e+01,0.000000000000000000e+00
1.631391793133411738e+01,0.000000000000000000e+00
2.219270251154005535e+01,0.000000000000000000e+00
1.711450394730794500e+01,0.000000000000000000e+00
2.259537096035835546e+01,0.000000000000000000e+00
1.540563051697769126e+01,0.000000000000000000e+00
2.095068217523472498e+01,0.000000000000000000e+00
2.196751087871506414e+01,0.000000000000000000e+00
2.057746762319105116e+01,0.000000000000000000e+00
2.024881374262708178e+01,0.000000000000000000e+00
2.082436458795352152e+01,0.000000000000000000e+00
2.135671155476333993e+01,0.000000000000000000e+00
1.691485117101858293e+01,0.000000000000000000e+00
1.804529759400933386e+01,0.000000000000000000e+00
2.112122321727343888e+01,0.000000000000000000e+00
2.119728918696995024e+01,0.000000000000000000e+00
1.974496521660831050e+01,0.000000000000000000e+00
1.896444637494811403e+01,0.000000000000000000e+00
1.898294295944324617e+01,0.000000000000000000e+00
2.088130754325420213e+01,0.000000000000000000e+00
1.718126673546182204e+01,0.000000000000000000e+00
2.360212612339957872e+01,0.000000000000000000e+00
1.723744251344334799e+01,0.000000000000000000e+00
2.039357501441703846e+01,0.000000000000000000e+00
1.889745001771456145e+01,0.000000000000000000e+00
1.973728577885008306e+01,0.000000000000000000e+00
1.862399091441962895e+01,0.000000000000000000e+00
2.221675667608489491e+01,0.000000000000000000e+00
2.164523581325299517e+01,0.000000000000000000e+00
2.042278307401274873e+01,0.000000000000000000e+00
1.977661096397046236e+01,0.000000000000000000e+00
2.375939131134317250e+01,0.000000000000000000e+00
2.070163084822316080e+01,0.000000000000000000e+00
1.908136158725600851e+01,0.000000000000000000e+00
1.816030242407252260e+01,0.000000000000000000e+00
1.876571495035231862e+01,0.000000000000000000e+00
2.092089020440373659e+01,0.000000000000000000e+00
1.941864452874372304e+01,0.000000000000000000e+00
1.960055944294679975e+01,0.000000000000000000e+00
2.240585153381971395e+01,0.000000000000000000e+00
2.159829252592806270e+01,0.000000000000000000e+00
2.099628775678390724e+01,0.000000000000000000e+00
2.186615641514249830e+01,0.000000000000000000e+00
1.803619640157420534e+01,0.000000000000000000e+00
1.731451795119678394e+01,0.000000000000000000e+00
2.006139682421568082e+01,0.000000000000000000e+00
1.981493236133916724e+01,0.000000000000000000e+00
2.084675234127400856e+01,0.000000000000000000e+00
2.014534655506272998e+01,0.000000000000000000e+00
2.108406311684087342e+01,0.000000000000000000e+00
2.164412539680072811e+01,0.000000000000000000e+00
2.187544899714672297e+01,0.000000000000000000e+00
2.176766305907434784e+01,0.000000000000000000e+00
2.249849725345993079e+01,0.000000000000000000e+00
1.944011659965046945e+01,0.000000000000000000e+00
1.964171688895794077e+01,0.000000000000000000e+00
1.887223845721855398e+01,0.000000000000000000e+00
1.837340052329381734e+01,0.000000000000000000e+00
2.142195447779534589e+01,0.000000000000000000e+00
2.074970310981117905e+01,0.000000000000000000e+00
2.268108780371629862e+01,0.000000000000000000e+00
2.078321771626643510e+01,0.000000000000000000e+00
2.105057681293652649e+01,0.000000000000000000e+00
2.221196057356088716e+01,0.000000000000000000e+00
1.932936760855125513e+01,0.000000000000000000e+00
1.929353600176728278e+01,0.000000000000000000e+00
2.044799128916027797e+01,0.000000000000000000e+00
2.270352036611148350e+01,0.000000000000000000e+00
2.266205005915188408e+01,0.000000000000000000e+00
2.082966926525695328e+01,0.000000000000000000e+00
2.185378697141326754e+01,0.000000000000000000e+00
2.342339184861727119e+01,0.000000000000000000e+00
2.182212122828729406e+01,0.000000000000000000e+00
2.144984155789641989e+01,0.000000000000000000e+00
2.019196306466821511e+01,0.000000000000000000e+00
2.278101458916140487e+01,0.000000000000000000e+00
2.354452839382872043e+01,0.000000000000000000e+00
2.270875496802518612e+01,0.000000000000000000e+00
2.145337236753909238e+01,0.000000000000000000e+00
2.413349618259010754e+01,0.000000000000000000e+00
2.118361018677534346e+01,0.000000000000000000e+00
2.133866424632133985e+01,0.000000000000000000e+00
2.362159042662042907e+01,0.000000000000000000e+00
2.040438517930387974e+01,0.000000000000000000e+00
1.941700104684325723e+01,0.000000000000000000e+00
2.216234545351753127e+01,0.000000000000000000e+00
2.412010254425081257e+01,0.000000000000000000e+00
2.134740378932326266e+01,0.000000000000000000e+00
2.382316143661789098e+01,0.000000000000000000e+00
2.306481306586164237e+01,0.000000000000000000e+00
2.066017962387550355e+01,0.000000000000000000e+00
2.412904624272183440e+01,0.000000000000000000e+00
2.525929364352407802e+01,0.000000000000000000e+00
1.948860738049948793e+01,0.000000000000000000e+00
2.272136729941773936e+01,0.000000000000000000e+00
1.860345332332900625e+01,0.000000000000000000e+00
2.281668563526244498e+01,0.000000000000000000e+00
1.949275087921170879e+01,0.000000000000000000e+00
1.687365856400532849e+01,0.000000000000000000e+00
2.163019914390645582e+01,0.000000000000000000e+00
2.175832580093359070e+01,0.000000000000000000e+00
2.241431678960457674e+01,0.000000000000000000e+00
1.745702247604763357e+01,0.000000000000000000e+00
2.174936324438010971e+01,0.000000000000000000e+00
2.292082676203284919e+01,0.000000000000000000e+00
2.519208411925415092e+01,0.000000000000000000e+00
2.556977554902203309e+01,0.000000000000000000e+00
2.393414754493411678e+01,0.000000000000000000e+00
2.274623602124043842e+01,0.000000000000000000e+00
2.325024578679208531e+01,0.000000000000000000e+00
2.541674296534159438e+01,0.000000000000000000e+00
2.091396485058812971e+01,0.000000000000000000e+00
1.984368313013515817e+01,0.000000000000000000e+00
2.286775093733530184e+01,0.000000000000000000e+00
2.428579269467461543e+01,0.000000000000000000e+00
1.948938831800250426e+01,0.000000000000000000e+00
2.425627766351722059e+01,0.000000000000000000e+00
2.067682486899147420e+01,0.000000000000000000e+00
2.257972289288290924e+01,0.000000000000000000e+00
2.066870584795843158e+01,0.000000000000000000e+00
2.531052859855537207e+01,0.000000000000000000e+00
2.296773748217850653e+01,0.000000000000000000e+00
2.266875315482894493e+01,0.000000000000000000e+00
2.258386485084678696e+01,0.000000000000000000e+00
2.366637340550487423e+01,0.000000000000000000e+00
2.158446940854334883e+01,0.000000000000000000e+00
2.238458772862490775e+01,0.000000000000000000e+00
2.407867305697074656e+01,0.000000000000000000e+00
2.075194316647299431e+01,0.000000000000000000e+00
2.195474066099320609e+01,0.000000000000000000e+00
2.638912956163696322e+01,0.000000000000000000e+00
2.436002191274617346e+01,0.000000000000000000e+00
2.489173771613538122e+01,0.000000000000000000e+00
2.097904047727600485e+01,0.000000000000000000e+00
2.499374834759261432e+01,0.000000000000000000e+00
2.315764190573364090e+01,0.000000000000000000e+00
2.481439404453131559e+01,0.000000000000000000e+00
2.284451890524935536e+01,0.000000000000000000e+00
2.463969365930562816e+01,0.000000000000000000e+00
2.324069478264929600e+01,0.000000000000000000e+00
2.084189453114643342e+01,0.000000000000000000e+00
2.352119179329021037e+01,0.000000000000000000e+00
2.550805727270118695e+01,0.000000000000000000e+00
2.553028208203834737e+01,0.000000000000000000e+00
2.246539105971655914e+01,0.000000000000000000e+00
2.133507749368908080e+01,0.000000000000000000e+00
2.282534645207079649e+01,0.000000000000000000e+00
2.324368459602465364e+01,0.000000000000000000e+00
2.473907511643178836e+01,0.000000000000000000e+00
2.543534233045556192e+01,0.000000000000000000e+00
2.498215801293825677e+01,0.000000000000000000e+00
2.211245713065838103e+01,0.000000000000000000e+00
2.437258848219353524e+01,0.000000000000000000e+00
2.408730245817785942e+01,0.000000000000000000e+00
2.604777180306007622e+01,0.000000000000000000e+00
2.210067297951414389e+01,0.000000000000000000e+00
2.679011172611814118e+01,0.000000000000000000e+00
2.033917386612953138e+01,0.000000000000000000e+00
2.683251246230718934e+01,0.000000000000000000e+00
2.277850347655580521e+01,0.000000000000000000e+00
2.404370942712549564e+01,0.000000000000000000e+00
2.230899109407533842e+01,0.000000000000000000e+00
2.388523332951171341e+01,0.000000000000000000e+00
2.362759820019338619e+01,0.000000000000000000e+00
2.372953798549225013e+01,0.000000000000000000e+00
2.716160473112809726e+01,0.000000000000000000e+00
2.319935433709169104e+01,0.000000000000000000e+00
2.591111573237020949e+01,0.000000000000000000e+00
2.172160779037185918e+01,0.000000000000000000e+00
2.582257212913114230e+01,0.000000000000000000e+00
2.522411247648619437e+01,0.000000000000000000e+00
2.334562753414336100e+01,0.000000000000000000e+00
2.742137930111272581e+01,0.000000000000000000e+00
2.149559350020924242e+01,0.000000000000000000e+00
2.326624288161170284e+01,0.000000000000000000e+00
2.584758974088159178e+01,0.000000000000000000e+00
2.695138724622876936e+01,0.000000000000000000e+00
2.376954359588089005e+01,0.000000000000000000e+00
2.578631218102989209e+01,0.000000000000000000e+00
2.552976185877619386e+01,0.000000000000000000e+00
2.196008312492043757e+01,0.000000000000000000e+00
2.469499614324798742e+01,0.000000000000000000e+00
2.586481255694225112e+01,0.000000000000000000e+00
2.459356606905802778e+01,0.000000000000000000e+00
2.546170017082922854e+01,0.000000000000000000e+00
2.544234839495063483e+01,0.000000000000000000e+00
2.553963921124736558e+01,0.000000000000000000e+00
2.631212678809399819e+01,0.000000000000000000e+00
2.316431345384961915e+01,0.000000000000000000e+00
2.110214386409500520e+01,0.000000000000000000e+00
2.439791647358021365e+01,0.000000000000000000e+00
2.719180946830267231e+01,0.000000000000000000e+00
2.681585734896401263e+01,0.000000000000000000e+00
2.499522800476560036e+01,0.000000000000000000e+00
2.606331588426516888e+01,0.000000000000000000e+00
2.596658118587578201e+01,0.000000000000000000e+00
2.493286594531803146e+01,0.000000000000000000e+00
2.924997626220861591e+01,0.000000000000000000e+00
2.726222410113910755e+01,0.000000000000000000e+00
2.451445435848708243e+01,0.000000000000000000e+00
2.646470947011671626e+01,0.000000000000000000e+00
2.647098514050935947e+01,0.000000000000000000e+00
2.235454443708878358e+01,0.000000000000000000e+00
2.721337395216520960e+01,0.000000000000000000e+00
2.338400220270017016e+01,0.000000000000000000e+00
2.592318528415674095e+01,0.000000000000000000e+00
2.380022632868760368e+01,0.000000000000000000e+00
2.629590820811916885e+01,0.000000000000000000e+00
2.639363491108540671e+01,0.000000000000000000e+00
2.692749677656253482e+01,0.000000000000000000e+00
2.813025919900747240e+01,0.000000000000000000e+00
2.187141010723680878e+01,0.000000000000000000e+00
2.579475882537381892e+01,0.000000000000000000e+00
2.574935789843809530e+01,0.000000000000000000e+00
2.553147580953217144e+01,0.000000000000000000e+00
2.876468593349168401e+01,0.000000000000000000e+00
2.887126853208657096e+01,0.000000000000000000e+00
2.209417207009271067e+01,0.000000000000000000e+00
2.695143785754614996e+01,0.000000000000000000e+00
2.721153168360070396e+01,0.000000000000000000e+00
2.766570254891205849e+01,0.000000000000000000e+00
2.805763585168665841e+01,0.000000000000000000e+00
2.718662089871755683e+01,0.000000000000000000e+00
2.627478756021639583e+01,0.000000000000000000e+00
2.643826041984861774e+01,0.000000000000000000e+00
2.874303381647187550e+01,0.000000000000000000e+00
2.668068965348739852e+01,0.000000000000000000e+00
2.631060920687809457e+01,0.000000000000000000e+00
2.973676386848969955e+01,0.000000000000000000e+00
2.783227418939746656e+01,0.000000000000000000e+00
2.655793429567426500e+01,0.000000000000000000e+00
2.917644799546459922e+01,0.000000000000000000e+00
2.961844215549001547e+01,0.000000000000000000e+00
2.962374352676149769e+01,0.000000000000000000e+00
2.507820560512008967e+01,0.000000000000000000e+00
2.789872413232660620e+01,0.000000000000000000e+00
2.753500531975285170e+01,0.000000000000000000e+00
2.859592125990759470e+01,0.000000000000000000e+00
2.592424332847404145e+01,0.000000000000000000e+00
2.847486067822670464e+01,0.000000000000000000e+00
2.678792308418431389e+01,0.000000000000000000e+00
2.817412300317288398e+01,0.000000000000000000e+00
2.613685339077368397e+01,0.000000000000000000e+00
3.078167768091569911e+01,0.000000000000000000e+00
2.562086703874392413e+01,0.000000000000000000e+00
2.721608640496528153e+01,0.000000000000000000e+00
2.773250719454682311e+01,0.000000000000000000e+00
2.884501668477411940e+01,0.000000000000000000e+00
2.832587962568801032e+01,0.000000000000000000e+00
2.872996581609998401e+01,0.000000000000000000e+00
2.672629693140001450e+01,0.000000000000000000e+00
3.062500912631395877e+01,0.000000000000000000e+00
3.110137926387600515e+01,0.000000000000000000e+00
3.082909839904558780e+01,0.000000000000000000e+00
3.123634119853466373e+01,0.000000000000000000e+00
2.809366396474853289e+01,0.000000000000000000e+00
2.917112557203742895e+01,0.000000000000000000e+00
2.577318416229106290e+01,0.000000000000000000e+00
3.005612868074307542e+01,0.000000000000000000e+00
3.456398790323947878e+01,0.000000000000000000e+00
2.875335697748744934e+01,0.000000000000000000e+00
2.920958581237775675e+01,0.000000000000000000e+00
2.914281173330688191e+01,0.000000000000000000e+00
2.770723980267817055e+01,0.000000000000000000e+00
2.872563452972826070e+01,0.000000000000000000e+00
3.142684012475349675e+01,0.000000000000000000e+00
2.819349073368002934e+01,0.000000000000000000e+00
3.271710568344732195e+01,0.000000000000000000e+00
2.859072496562069432e+01,0.000000000000000000e+00
2.978534172111245582e+01,0.000000000000000000e+00
2.893042722181166937e+01,0.000000000000000000e+00
3.137778473009049307e+01,0.000000000000000000e+00
2.659323431580199326e+01,0.000000000000000000e+00
3.018872837214000171e+01,0.000000000000000000e+00
3.226872674776598870e+01,0.000000000000000000e+00
3.300521448477135777e+01,0.000000000000000000e+00
3.156944657111251473e+01,0.000000000000000000e+00
3.252665739942585077e+01,0.000000000000000000e+00
3.152905299033558251e+01,0.000000000000000000e+00
2.877833419537059712e+01,0.000000000000000000e+00
2.948330988230008387e+01,0.000000000000000000e+00
3.038237426299676613e+01,0.000000000000000000e+00
3.117786033520181377e+01,0.000000000000000000e+00
2.831017061406553381e+01,0.000000000000000000e+00
3.112003201041853018e+01,0.000000000000000000e+00
3.032861832858204920e+01,0.000000000000000000e+00
3.443817165352719911e+01,0.000000000000000000e+00
3.154097520247353614e+01,0.000000000000000000e+00
3.480817379512046017e+01,0.000000000000000000e+00
3.328147334292955861e+01,0.000000000000000000e+00
3.311513059210464149e+01,0.000000000000000000e+00
3.361095594893342309e+01,0.000000000000000000e+00
3.252521574186521747e+01,0.000000000000000000e+00
2.866358917763197312e+01,0.000000000000000000e+00
3.143931747120262443e+01,0.000000000000000000e+00
3.262184757673836799e+01,0.000000000000000000e+00
3.266877002791959228e+01,0.000000000000000000e+00
2.944526307437825352e+01,0.000000000000000000e+00
3.152945980999393782e+01,0.000000000000000000e+00
2.966214459550723603e+01,0.000000000000000000e+00
3.258034371670874663e+01,0.000000000000000000e+00
3.368328424205908789e+01,0.000000000000000000e+00
3.275969900839684357e+01,0.000000000000000000e+00
2.972022071188538916e+01,0.000000000000000000e+00
2.819026484151245526e+01,0.000000000000000000e+00
3.329932207742179173e+01,0.000000000000000000e+00
3.544178393526655668e+01,0.000000000000000000e+00
3.309486440136905117e+01,0.000000000000000000e+00
3.226362727164238464e+01,0.000000000000000000e+00
2.876047641186816506e+01,0.000000000000000000e+00
3.167524342770809653e+01,0.000000000000000000e+00
3.021973640990685084e+01,0.000000000000000000e+00
3.142700404822886995e+01,0.000000000000000000e+00
3.732453628927731870e+01,0.000000000000000000e+00
3.694443316323420845e+01,0.000000000000000000e+00
3.487416507102879848e+01,0.000000000000000000e+00
3.036711657229704286e+01,0.000000000000000000e+00
3.067008505809429053e+01,0.000000000000000000e+00
2.944394987873632630e+01,0.000000000000000000e+00
3.170776504417795394e+01,0.000000000000000000e+00
2.995024811594512926e+01,0.000000000000000000e+00
3.279458385606419313e+01,0.000000000000000000e+00
3.605036552643894510e+01,0.000000000000000000e+00
3.234985989705784704e+01,0.000000000000000000e+00
3.425431174221701980e+01,0.000000000000000000e+00
3.421302073089159990e+01,0.000000000000000000e+00
3.356295328005307255e+01,0.000000000000000000e+00
3.098941458336041777e+01,0.000000000000000000e+00
3.525319979819305161e+01,0.000000000000000000e+00
3.405497435362791236e+01,0.000000000000000000e+00
3.552884358792589126e+01,0.000000000000000000e+00
3.753854454170389943e+01,0.000000000000000000e+00
3.453127217507335445e+01,0.000000000000000000e+00
3.390361677974883747e+01,0.000000000000000000e+00
3.288496964257358712e+01,0.000000000000000000e+00
3.365561137935149816e+01,0.000000000000000000e+00
3.586266642873760446e+01,0.000000000000000000e+00
3.146963589583073073e+01,0.000000000000000000e+00
3.604791653825854780e+01,0.000000000000000000e+00
3.245893178161475134e+01,0.000000000000000000e+00
3.373295612938420618e+01,0.000000000000000000e+00
3.539601031396279751e+01,0.000000000000000000e+00
3.441928863631724766e+01,0.000000000000000000e+00
3.020422639613368077e+01,0.000000000000000000e+00
3.616469429934437585e+01,0.000000000000000000e+00
3.749426707905544731e+01,0.000000000000000000e+00
3.661579132797221092e+01,0.000000000000000000e+00
3.489091925403891281e+01,0.000000000000000000e+00
3.673631851993310704e+01,0.000000000000000000e+00
3.588726526930211946e+01,0.000000000000000000e+00
3.328900075923281321e+01,0.000000000000000000e+00
3.466893058096000146e+01,0.000000000000000000e+00
3.391498122357659639e+01,0.000000000000000000e+00
3.730171116603540327e+01,0.000000000000000000e+00
3.596190996991883537e+01,0.000000000000000000e+00
3.489830637269328406e+01,0.000000000000000000e+00
3.693950305079291496e+01,0.000000000000000000e+00
3.883999581891168873e+01,0.000000000000000000e+00
3.564513619892809260e+01,0.000000000000000000e+00
4.012228915200080337e+01,0.000000000000000000e+00
3.920131667862376190e+01,0.000000000000000000e+00
3.567855999353755436e+01,0.000000000000000000e+00
3.540838433492129411e+01,0.000000000000000000e+00
3.439037257226169686e+01,0.000000000000000000e+00
3.838043047208458347e+01,0.000000000000000000e+00
3.749787635593425250e+01,0.000000000000000000e+00
3.759197596439732081e+01,0.000000000000000000e+00
3.605064227644776054e+01,0.000000000000000000e+00
4.000744627792552421e+01,0.000000000000000000e+00
3.775447714861478232e+01,0.000000000000000000e+00
3.696622609140915472e+01,0.000000000000000000e+00
3.719504134498987469e+01,0.000000000000000000e+00
3.772249071535689069e+01,0.000000000000000000e+00
3.846504275158719111e+01,0.000000000000000000e+00
3.842743157930333098e+01,0.000000000000000000e+00
3.925224061379438467e+01,0.000000000000000000e+00
3.623714981680522129e+01,0.000000000000000000e+00
3.633060270091180399e+01,0.000000000000000000e+00
3.782371697077881123e+01,0.000000000000000000e+00
3.539394826448798170e+01,0.000000000000000000e+00
3.861821287712464823e+01,0.000000000000000000e+00
3.752735881963776166e+01,0.000000000000000000e+00
4.059060956381701857e+01,0.000000000000000000e+00
3.874478116138975281e+01,0.000000000000000000e+00
3.717105122379673077e+01,0.000000000000000000e+00
3.841141979875621359e+01,0.000000000000000000e+00
3.744222523634162059e+01,0.000000000000000000e+00
3.707035400147368165e+01,0.000000000000000000e+00
3.703086690146343329e+01,0.000000000000000000e+00
3.559690124033425462e+01,0.000000000000000000e+00
3.931124694465263048e+01,0.000000000000000000e+00
3.779837468153869651e+01,0.000000000000000000e+00
4.379192491584775127e+01,0.000000000000000000e+00
3.451834337772095296e+01,0.000000000000000000e+00
4.188115622859286447e+01,0.000000000000000000e+00
3.970214715836356589e+01,0.000000000000000000e+00
4.202760666175065296e+01,0.000000000000000000e+00
3.587533984661359199e+01,0.000000000000000000e+00
4.034037275157543689e+01,0.000000000000000000e+00
3.625100722574750023e+01,0.000000000000000000e+00
3.785464054742535467e+01,0.000000000000000000e+00
4.124141718057840222e+01,0.000000000000000000e+00
3.703919423671973732e+01,0.000000000000000000e+00
3.913374302732151477e+01,0.000000000000000000e+00
4.068724921030051433e+01,0.000000000000000000e+00
4.086543093666752213e+01,0.000000000000000000e+00
3.926562803788417710e+01,0.000000000000000000e+00
4.164733649567392604e+01,0.000000000000000000e+00
3.965858915099943971e+01,0.000000000000000000e+00
3.751744244851579424e+01,0.000000000000000000e+00
4.087182718986591823e+01,0.000000000000000000e+00
4.030289252857220816e+01,0.000000000000000000e+00
3.672368467623669375e+01,0.000000000000000000e+00
4.443630059759261286e+01,0.000000000000000000e+00
3.509920951995700023e+01,0.000000000000000000e+00
4.141235797545350295e+01,0.000000000000000000e+00
3.935547373577850294e+01,0.000000000000000000e+00
4.253640828422540920e+01,0.000000000000000000e+00
3.781617243534638106e+01,0.000000000000000000e+00
3.748948732754972468e+01,0.000000000000000000e+00
4.029684595695493243e+01,0.000000000000000000e+00
3.820347163709104876e+01,0.000000000000000000e+00
3.825772812853742977e+01,0.000000000000000000e+00
4.165786136673163753e+01,0.000000000000000000e+00
3.976853267568058925e+01,0.000000000000000000e+00
4.434323436411665398e+01,0.000000000000000000e+00
4.035457135795454064e+01,0.000000000000000000e+00
4.309867066501658428e+01,0.000000000000000000e+00
4.233598712545084197e+01,0.000000000000000000e+00
4.176053313372109699e+01,0.000000000000000000e+00
3.959069123237726728e+01,0.000000000000000000e+00
3.817081874222385096e+01,0.000000000000000000e+00
4.286828152287246496e+01,0.000000000000000000e+00
3.859901538171750701e+01,0.000000000000000000e+00
4.211818201378707727e+01,0.000000000000000000e+00
4.191553878983404502e+01,0.000000000000000000e+00
3.991780601590380684e+01,0.000000000000000000e+00
3.931374588187387786e+01,0.000000000000000000e+00
4.096832314111453854e+01,0.000000000000000000e+00
4.092407853061905598e+01,0.000000000000000000e+00
3.934963679395408320e+01,0.000000000000000000e+00
4.458573132240956483e+01,0.000000000000000000e+00
4.406194028050486367e+01,0.000000000000000000e+00
4.371718668893520032e+01,0.000000000000000000e+00
4.161695010202451073e+01,0.000000000000000000e+00
4.543799038016236125e+01,0.000000000000000000e+00
4.515199889990692128e+01,0.000000000000000000e+00
4.070908058599561485e+01,0.000000000000000000e+00
3.925978408855122836e+01,0.000000000000000000e+00
3.951170140640869732e+01,0.000000000000000000e+00
4.331218933998697906e+01,0.000000000000000000e+00
4.455799063758777834e+01,0.000000000000000000e+00
4.311760577407716255e+01,0.000000000000000000e+00
4.465290077975538452e+01,0.000000000000000000e+00
4.255918005616828736e+01,0.000000000000000000e+00
4.821986615866985204e+01,0.000000000000000000e+00
3.895010919563671337e+01,0.000000000000000000e+00
4.718650103999985390e+01,0.000000000000000000e+00
4.315313464356191986e+01,0.000000000000000000e+00
4.774072164455850498e+01,0.000000000000000000e+00
4.330284886618121476e+01,0.000000000000000000e+00
4.751341699550430064e+01,0.000000000000000000e+00
4.343460842242027553e+01,0.000000000000000000e+00
4.865456613725272916e+01,0.000000000000000000e+00
4.318487935652012766e+01,0.000000000000000000e+00
4.505028390798464955e+01,0.000000000000000000e+00
4.382447063114077679e+01,0.000000000000000000e+00
4.123370761573965382e+01,0.000000000000000000e+00
4.374383479353550541e+01,0.000000000000000000e+00
4.514285170221290855e+01,0.000000000000000000e+00
4.285809677291253905e+01,0.000000000000000000e+00
4.797603412304840731e+01,0.000000000000000000e+00
4.698539800306126324e+01,0.000000000000000000e+00
4.525749747561467018e+01,0.000000000000000000e+00
4.683016190679811075e+01,0.000000000000000000e+00
4.773647467859762372e+01,0.000000000000000000e+00
4.350796834438302341e+01,0.000000000000000000e+00
4.549797303694394657e+01,0.000000000000000000e+00
4.513574166510144181e+01,0.000000000000000000e+00
4.468130196839992152e+01,0.000000000000000000e+00
4.109455438720229381e+01,0.000000000000000000e+00
4.250971104100529629e+01,0.000000000000000000e+00
4.665913344154199649e+01,0.000000000000000000e+00
4.398248559594124174e+01,0.000000000000000000e+00
4.466889142676372870e+01,0.000000000000000000e+00
4.353319460074146718e+01,0.000000000000000000e+00
4.761380412995550415e+01,0.000000000000000000e+00
4.761000618850987109e+01,0.000000000000000000e+00
4.778083439127915710e+01,0.000000000000000000e+00
4.519299881670598751e+01,0.000000000000000000e+00
4.542316509603346475e+01,0.000000000000000000e+00
4.522431795863124648e+01,0.000000000000000000e+00
4.379956190164351426e+01,0.000000000000000000e+00
4.634655825870434143e+01,0.000000000000000000e+00
4.724053674296188632e+01,0.000000000000000000e+00
4.199315578949083516e+01,0.000000000000000000e+00
4.548677018442916165e+01,0.000000000000000000e+00
4.763108974108506999e+01,0.000000000000000000e+00
4.470014454068679299e+01,0.000000000000000000e+00
4.783462635497733118e+01,0.000000000000000000e+00
4.420760835914845899e+01,0.000000000000000000e+00
4.476952690560743520e+01,0.000000000000000000e+00
4.527351877611869213e+01,0.000000000000000000e+00
4.400003624978209871e+01,0.000000000000000000e+00
4.650776804748192461e+01,0.000000000000000000e+00
5.005670751469322255e+01,0.000000000000000000e+00
4.735212935359304964e+01,0.000000000000000000e+00
4.596292393464461412e+01,0.000000000000000000e+00
4.927978116400927888e+01,0.000000000000000000e+00
4.606762137995045236e+01,0.000000000000000000e+00
4.962754388133440386e+01,0.000000000000000000e+00
4.980111963977667244e+01,0.000000000000000000e+00
4.838119138648946915e+01,0.000000000000000000e+00
4.595882331541513111e+01,0.000000000000000000e+00
4.903655758616983462e+01,0.000000000000000000e+00
4.526316790249648392e+01,0.000000000000000000e+00
4.817444848905353183e+01,0.000000000000000000e+00
4.798644684446980335e+01,0.000000000000000000e+00
4.530169699333649902e+01,0.000000000000000000e+00
5.232271140027226863e+01,0.000000000000000000e+00
4.724565664656671515e+01,0.000000000000000000e+00
5.173378203299148481e+01,0.000000000000000000e+00
5.166903203163648328e+01,0.000000000000000000e+00
4.879352041654430394e+01,0.000000000000000000e+00
5.120200911815686595e+01,0.000000000000000000e+00
5.057796594906119481e+01,0.000000000000000000e+00
4.915380659913725481e+01,0.000000000000000000e+00
4.809130038076308722e+01,0.000000000000000000e+00
4.952731112977218686e+01,0.000000000000000000e+00
4.935713717645358400e+01,0.000000000000000000e+00
4.811437784549644192e+01,0.000000000000000000e+00
4.677460711968107177e+01,0.000000000000000000e+00
4.966417618541697721e+01,0.000000000000000000e+00
5.085335013629898526e+01,0.000000000000000000e+00
5.046345689980515203e+01,0.000000000000000000e+00
4.917503908174492011e+01,0.000000000000000000e+00
5.164714544921778838e+01,0.000000000000000000e+00
5.528059241030653226e+01,0.000000000000000000e+00
5.135577627079168650e+01,0.000000000000000000e+00
5.265219775423983606e+01,0.000000000000000000e+00
4.477459656965098844e+01,0.000000000000000000e+00
5.426576593083673572e+01,0.000000000000000000e+00
4.753335490155715348e+01,0.000000000000000000e+00
5.028283294996100494e+01,0.000000000000000000e+00
5.368884314877985986e+01,0.000000000000000000e+00
5.193796002483140484e+01,0.000000000000000000e+00
4.792551864055298694e+01,0.000000000000000000e+00
5.101562670883381401e+01,0.000000000000000000e+00
5.034327371685340324e+01,0.000000000000000000e+00
5.020430592428308358e+01,0.000000000000000000e+00
5.179953933646400799e+01,0.000000000000000000e+00
4.972281605076344846e+01,0.000000000000000000e+00
5.158834350265578195e+01,0.000000000000000000e+00
5.282105961783166492e+01,0.000000000000000000e+00
5.119791589034169021e+01,0.000000000000000000e+00
5.326118986852160475e+01,0.000000000000000000e+00
5.045212452761273170e+01,0.000000000000000000e+00
5.232113114722604053e+01,0.000000000000000000e+00
5.279000459082376295e+01,0.000000000000000000e+00
5.029495312635602033e+01,0.000000000000000000e+00
5.028714877677250428e+01,0.000000000000000000e+00
5.104289994653794338e+01,0.000000000000000000e+00
5.153799467651685973e+01,0.000000000000000000e+00
5.066245403848189000e+01,0.000000000000000000e+00
5.090652778842041215e+01,0.000000000000000000e+00
5.440353322088922283e+01,0.000000000000000000e+00
5.171084080831710139e+01,0.000000000000000000e+00
5.224063934097948447e+01,0.000000000000000000e+00
5.154481489421296914e+01,0.000000000000000000e+00
4.926857864172499291e+01,0.000000000000000000e+00
5.237236886178668271e+01,0.000000000000000000e+00
5.097863832682688212e+01,0.000000000000000000e+00
5.086903976058043497e+01,0.000000000000000000e+00
5.308158659358139886e+01,0.000000000000000000e+00
5.428360536878876985e+01,0.000000000000000000e+00
5.015434406541076129e+01,0.000000000000000000e+00
5.185269029300172861e+01,0.000000000000000000e+00
5.366993240471177273e+01,0.000000000000000000e+00
5.154688370735419056e+01,0.000000000000000000e+00
5.269064278675490698e+01,0.000000000000000000e+00
5.306818204011088369e+01,0.000000000000000000e+00
5.530081207836046531e+01,0.000000000000000000e+00
5.272715410026955141e+01,0.000000000000000000e+00
5.417452873658056234e+01,0.000000000000000000e+00
5.335959488707591447e+01,0.000000000000000000e+00
5.290839161887715392e+01,0.000000000000000000e+00
5.786763047076766497e+01,0.000000000000000000e+00
5.571517741212714014e+01,0.000000000000000000e+00
5.771549196001429038e+01,0.000000000000000000e+00
5.384837031926152662e+01,0.000000000000000000e+00
5.724368655949380269e+01,0.000000000000000000e+00
5.558510042378191685e+01,0.000000000000000000e+00
5.518853220266475290e+01,0.000000000000000000e+00
5.261515045888547348e+01,0.000000000000000000e+00
5.654861200644919705e+01,0.000000000000000000e+00
5.300335539978271981e+01,0.000000000000000000e+00
5.342714336809628151e+01,0.000000000000000000e+00
5.387452828922889125e+01,0.000000000000000000e+00
5.570240244302744514e+01,0.000000000000000000e+00
5.801373438519547676e+01,0.000000000000000000e+00
5.593291084880038966e+01,0.000000000000000000e+00
5.377812593793805718e+01,0.000000000000000000e+00
5.386073600080233348e+01,0.000000000000000000e+00
5.637788256860295633e+01,0.000000000000000000e+00
5.570285460222721952e+01,0.000000000000000000e+00
5.342371186722684229e+01,0.000000000000000000e+00
5.306190915359666604e+01,0.000000000000000000e+00
5.555233762632584416e+01,0.000000000000000000e+00
5.589169491226267894e+01,0.000000000000000000e+00
5.692437332804708916e+01,0.000000000000000000e+00
5.813667872775079815e+01,0.000000000000000000e+00
5.532386191614525472e+01,0.000000000000000000e+00
5.588890732265293337e+01,0.000000000000000000e+00
5.731141442761342830e+01,0.000000000000000000e+00
5.591487291097663359e+01,0.000000000000000000e+00
5.842504964680657054e+01,0.000000000000000000e+00
5.919509422871561100e+01,0.000000000000000000e+00
6.012806314565901999e+01,0.000000000000000000e+00
5.770699360478911899e+01,0.000000000000000000e+00
5.685797317996500766e+01,0.000000000000000000e+00
5.849257269368230538e+01,0.000000000000000000e+00
5.847739402279275822e+01,0.000000000000000000e+00
5.831334090421409400e+01,0.000000000000000000e+00
5.778091029548008351e+01,0.000000000000000000e+00
5.535546149004687777e+01,0.000000000000000000e+00
5.448888283865007054e+01,0.000000000000000000e+00
5.739112629218232797e+01,0.000000000000000000e+00
5.960477814711472178e+01,0.000000000000000000e+00
6.044199435555942301e+01,0.000000000000000000e+00
5.965661935967058582e+01,0.000000000000000000e+00
5.509767966928023242e+01,0.000000000000000000e+00
5.838674007568614144e+01,0.000000000000000000e+00
5.727936605019327487e+01,0.000000000000000000e+00
5.396836018637316812e+01,0.000000000000000000e+00
5.811372856382858032e+01,0.000000000000000000e+00
5.558866085629163933e+01,0.000000000000000000e+00
5.688941543724772743e+01,0.000000000000000000e+00
6.169810750497229179e+01,0.000000000000000000e+00
5.698559222230201726e+01,0.000000000000000000e+00
5.630156243665616245e+01,0.000000000000000000e+00
5.960455457915501398e+01,0.000000000000000000e+00
6.061456967304463461e+01,0.000000000000000000e+00
5.869222476346261885e+01,0.000000000000000000e+00
5.944536709150359144e+01,0.000000000000000000e+00
5.916107797210381847e+01,0.000000000000000000e+00
6.111851757913845518e+01,0.000000000000000000e+00
6.038180220462837866e+01,0.000000000000000000e+00
5.935893572528438256e+01,0.000000000000000000e+00
6.026190304865890823e+01,0.000000000000000000e+00
5.657752403932078522e+01,0.000000000000000000e+00
6.085032405600212257e+01,0.000000000000000000e+00
6.206598107703506173e+01,0.000000000000000000e+00
5.745948076050860465e+01,0.000000000000000000e+00
6.322194863115483798e+01,0.000000000000000000e+00
5.670345635830510389e+01,0.000000000000000000e+00
6.052967591241873180e+01,0.000000000000000000e+00
6.178291931589513553e+01,0.000000000000000000e+00
5.496444645342774038e+01,0.000000000000000000e+00
5.948145475361542367e+01,0.000000000000000000e+00
6.206262868856516945e+01,0.000000000000000000e+00
6.269051250704896461e+01,0.000000000000000000e+00
5.860276902049965031e+01,0.000000000000000000e+00
5.814287009393970607e+01,0.000000000000000000e+00
6.089373329914891286e+01,0.000000000000000000e+00
6.090921068117521031e+01,0.000000000000000000e+00
6.227531150987916675e+01,0.000000000000000000e+00
5.875455108579075869e+01,0.000000000000000000e+00
5.843917932292939810e+01,0.000000000000000000e+00
6.069904531107655288e+01,0.000000000000000000e+00
6.160095662866903865e+01,0.000000000000000000e+00
6.092025518271265128e+01,0.000000000000000000e+00
6.452010279397595127e+01,0.000000000000000000e+00
5.763955060084451532e+01,0.000000000000000000e+00
5.817964209408803811e+01,0.000000000000000000e+00
6.144260512950588549e+01,0.000000000000000000e+00
6.163311521849463759e+01,0.000000000000000000e+00
6.391190114100376007e+01,0.000000000000000000e+00
6.217687187203112131e+01,0.000000000000000000e+00
6.363723781855459549e+01,0.000000000000000000e+00
6.111141143038116041e+01,0.000000000000000000e+00
6.307137825206263670e+01,0.000000000000000000e+00
6.078987439811523785e+01,0.000000000000000000e+00
6.220202983335793334e+01,0.000000000000000000e+00
6.434044498436531967e+01,0.000000000000000000e+00
6.219413158148835663e+01,0.000000000000000000e+00
6.347763642070292889e+01,0.000000000000000000e+00
6.182134501727925624e+01,0.000000000000000000e+00
6.235532081056051368e+01,0.000000000000000000e+00
6.183619429027747572e+01,0.000000000000000000e+00
6.248400453937117760e+01,0.000000000000000000e+00
6.393109192159407428e+01,0.000000000000000000e+00
6.304343225004486584e+01,0.000000000000000000e+00
6.350117597328002006e+01,0.000000000000000000e+00
6.344336253277820248e+01,0.000000000000000000e+00
6.094271354652435946e+01,0.000000000000000000e+00
6.589256448386278464e+01,0.000000000000000000e+00
5.929283129619015114e+01,0.000000000000000000e+00
6.081345476321395438e+01,0.000000000000000000e+00
5.985209931285599794e+01,0.000000000000000000e+00
5.952995431368589863e+01,0.000000000000000000e+00
6.585692025308028974e+01,0.000000000000000000e+00
5.956208753926856758e+01,0.000000000000000000e+00
6.212006694358193926e+01,0.000000000000000000e+00
6.986628659114884954e+01,0.000000000000000000e+00
6.064473502682129435e+01,0.000000000000000000e+00
6.175322124721270711e+01,0.000000000000000000e+00
6.338283701098027478e+01,0.000000000000000000e+00
6.460141323007729852e+01,0.000000000000000000e+00
6.378328411017308497e+01,0.000000000000000000e+00
6.463232616895335525e+01,0.000000000000000000e+00
6.810701273875331196e+01,0.000000000000000000e+00
6.505659990916399238e+01,0.000000000000000000e+00
6.243131117437335575e+01,0.000000000000000000e+00
6.323428647565064864e+01,0.000000000000000000e+00
6.476661132430236023e+01,0.000000000000000000e+00
6.170483269096040146e+01,0.000000000000000000e+00
6.388901038035776736e+01,0.000000000000000000e+00
6.138761594993663806e+01,0.000000000000000000e+00
6.520929509650262901e+01,0.000000000000000000e+00
6.470226454400938110e+01,0.000000000000000000e+00
6.257176384560883520e+01,0.000000000000000000e+00
6.413427162691357353e+01,0.000000000000000000e+00
6.100766243855302662e+01,0.000000000000000000e+00
6.568479708162929853e+01,0.000000000000000000e+00
6.492371392102978689e+01,0.000000000000000000e+00
6.499363762941433720e+01,0.000000000000000000e+00
6.320686574850010686e+01,0.000000000000000000e+00
6.692590471650640893e+01,0.000000000000000000e+00
6.427882097330224553e+01,0.000000000000000000e+00
6.205200171423317101e+01,0.000000000000000000e+00
6.435648383961988372e+01,0.000000000000000000e+00
6.333114939399319354e+01,0.000000000000000000e+00
6.623772362882344567e+01,0.000000000000000000e+00
6.489930729157929079e+01,0.000000000000000000e+00
6.118351162326950998e+01,0.000000000000000000e+00
6.525298755793114935e+01,0.000000000000000000e+00
6.791841265933315697e+01,0.000000000000000000e+00
6.844961390843812410e+01,0.000000000000000000e+00
6.696456721555574632e+01,0.000000000000000000e+00
6.710851253588053567e+01,0.000000000000000000e+00
6.346465966693597949e+01,0.000000000000000000e+00
6.883100062705906907e+01,0.000000000000000000e+00
6.295457181892046350e+01,0.000000000000000000e+00
6.398386787276106702e+01,0.000000000000000000e+00
6.573034272556132862e+01,0.000000000000000000e+00
6.960780850907103456e+01,0.000000000000000000e+00
6.638602814772075078e+01,0.000000000000000000e+00
6.609251828905091486e+01,0.000000000000000000e+00
6.750624882389078607e+01,0.000000000000000000e+00
6.406654434126734543e+01,0.000000000000000000e+00
6.831972699968156348e+01,0.000000000000000000e+00
6.396617686950204984e+01,0.000000000000000000e+00
6.567974682707057354e+01,0.000000000000000000e+00
6.570518167423747968e+01,0.000000000000000000e+00
6.793383833870200306e+01,0.000000000000000000e+00
6.565308297951578709e+01,0.000000000000000000e+00
6.337332036023504855e+01,0.000000000000000000e+00
6.577269731681431608e+01,0.000000000000000000e+00
6.860089966712648391e+01,0.000000000000000000e+00
7.139939140424898767e+01,0.000000000000000000e+00
7.029588495016932370e+01,0.000000000000000000e+00
6.751616735755139587e+01,0.000000000000000000e+00
6.832585214091859882e+01,0.000000000000000000e+00
6.819179365947584870e+01,0.000000000000000000e+00
6.505782669442514532e+01,0.000000000000000000e+00
6.561582322204942841e+01,0.000000000000000000e+00
7.155723246532851078e+01,0.000000000000000000e+00
6.886812823005118389e+01,0.000000000000000000e+00
6.185220105015751813e+01,0.000000000000000000e+00
6.869377313451475686e+01,0.000000000000000000e+00
6.803517692270366979e+01,0.000000000000000000e+00
6.826753839902026755e+01,0.000000000000000000e+00
7.048848201500283039e+01,0.000000000000000000e+00
6.622542388053007301e+01,0.000000000000000000e+00
6.568766531236326500e+01,0.000000000000000000e+00
6.830063984124008414e+01,0.000000000000000000e+00
6.888268242373717953e+01,0.000000000000000000e+00
6.921866822185452861e+01,0.000000000000000000e+00
7.181932353497185773e+01,0.000000000000000000e+00
6.518168648475082705e+01,0.000000000000000000e+00
6.726906952591397726e+01,0.000000000000000000e+00
6.625669015342069201e+01,0.000000000000000000e+00
7.275776097229091022e+01,0.000000000000000000e+00
6.871229342339731261e+01,0.000000000000000000e+00
7.081193521870869745e+01,0.000000000000000000e+00
6.895310764166779904e+01,0.000000000000000000e+00
7.121157254041517604e+01,0.000000000000000000e+00
7.143938616925461815e+01,0.000000000000000000e+00
6.639003006096457682e+01,0.000000000000000000e+00
7.028992516246806588e+01,0.000000000000000000e+00
6.673251256964674383e+01,0.000000000000000000e+00
6.714005869298681262e+01,0.000000000000000000e+00
7.027556350072379132e+01,0.000000000000000000e+00
6.978478152919326760e+01,0.000000000000000000e+00
6.868579280427046285e+01,0.000000000000000000e+00
6.803892883671100833e+01,0.000000000000000000e+00
6.738585330907768878e+01,0.000000000000000000e+00
7.018450490344400805e+01,0.000000000000000000e+00
7.136068220246443161e+01,0.000000000000000000e+00
7.119504457833819799e+01,0.000000000000000000e+00
6.827756634689481530e+01,0.000000000000000000e+00
7.051840289071991208e+01,0.000000000000000000e+00
7.198471650587670467e+01,0.000000000000000000e+00
6.933421245608924721e+01,0.000000000000000000e+00
6.923936843434167088e+01,0.000000000000000000e+00
7.288668337287731447e+01,0.000000000000000000e+00
6.916021218883921051e+01,0.000000000000000000e+00
6.668008475088439013e+01,0.000000000000000000e+00
7.185913040490810033e+01,0.000000000000000000e+00
6.826555756010044718e+01,0.000000000000000000e+00
7.036163634645626530e+01,0.000000000000000000e+00
6.735534686296672646e+01,0.000000000000000000e+00
7.313278518975634768e+01,0.000000000000000000e+00
6.992715454755723670e+01,0.000000000000000000e+00
7.009258021685332096e+01,0.000000000000000000e+00
7.086041289900271067e+01,0.000000000000000000e+00
7.140801555701924030e+01,0.000000000000000000e+00
7.280689480221961674e+01,0.000000000000000000e+00
7.432568023399295498e+01,0.000000000000000000e+00
6.968520432455122204e+01,0.000000000000000000e+00
7.095603415534607450e+01,0.000000000000000000e+00
7.229791532511987384e+01,0.000000000000000000e+00
7.396585826779153194e+01,0.000000000000000000e+00
6.837862864372668525e+01,0.000000000000000000e+00
7.308544667406080464e+01,0.000000000000000000e+00
7.202804571579571302e+01,0.000000000000000000e+00
7.080939579528781280e+01,0.000000000000000000e+00
7.271922316001503361e+01,0.000000000000000000e+00
6.946571101224837719e+01,0.000000000000000000e+00
7.209109248831062189e+01,0.000000000000000000e+00
7.222059648655560693e+01,0.000000000000000000e+00
7.231611700638946161e+01,0.000000000000000000e+00
6.942194208038482373e+01,0.000000000000000000e+00
7.598412086157586032e+01,0.000000000000000000e+00
7.414151826210850516e+01,0.000000000000000000e+00
7.188111580445158211e+01,0.000000000000000000e+00
7.184952980876487061e+01,0.000000000000000000e+00
6.998587796138544093e+01,0.000000000000000000e+00
7.439101020450058854e+01,0.000000000000000000e+00
7.110080069858175023e+01,0.000000000000000000e+00
7.084360568294088978e+01,0.000000000000000000e+00
7.387695326101815851e+01,0.000000000000000000e+00
6.996891409445332499e+01,0.000000000000000000e+00
7.109972699711740063e+01,0.000000000000000000e+00
7.191078495101132262e+01,0.000000000000000000e+00
7.343906883666873853e+01,0.000000000000000000e+00
7.411736446660128763e+01,0.000000000000000000e+00
7.439221275824813517e+01,0.000000000000000000e+00
6.974923297284273360e+01,0.000000000000000000e+00
7.091161371468805896e+01,0.000000000000000000e+00
6.954405122676860174e+01,0.000000000000000000e+00
7.040342221971295089e+01,0.000000000000000000e+00
6.984832109234683628e+01,0.000000000000000000e+00
7.159344231293849248e+01,0.000000000000000000e+00
7.556888134641917532e+01,0.000000000000000000e+00
7.177318545651341708e+01,0.000000000000000000e+00
7.288331024327133889e+01,0.000000000000000000e+00
7.173916867083043769e+01,0.000000000000000000e+00
7.504058686909910136e+01,0.000000000000000000e+00
7.145392159158065226e+01,0.000000000000000000e+00
7.191945336927851429e+01,0.000000000000000000e+00
7.582761226036447511e+01,0.000000000000000000e+00
7.104028655887495347e+01,0.000000000000000000e+00
7.227420947539695817e+01,0.000000000000000000e+00
7.337047888379827043e+01,0.000000000000000000e+00
7.224017902642854949e+01,0.000000000000000000e+00
6.998558592568963377e+01,0.000000000000000000e+00
7.195334580743300990e+01,0.000000000000000000e+00
7.122237365451761093e+01,0.000000000000000000e+00
7.547094527641182538e+01,0.000000000000000000e+00
7.421897794167597340e+01,0.000000000000000000e+00
7.350368807110413627e+01,0.000000000000000000e+00
7.227695864674912229e+01,0.000000000000000000e+00
7.599798465141233805e+01,0.000000000000000000e+00
7.288232442733028904e+01,0.000000000000000000e+00
7.292265120070496209e+01,0.000000000000000000e+00
7.552622533602701083e+01,0.000000000000000000e+00
7.620992266645255597e+01,0.000000000000000000e+00
7.141583212026182537e+01,0.000000000000000000e+00
7.101055544752598792e+01,0.000000000000000000e+00
7.457571128143206352e+01,0.000000000000000000e+00
7.516315466486176433e+01,0.000000000000000000e+00
7.628783021153164157e+01,0.000000000000000000e+00
7.398015396717097758e+01,0.000000000000000000e+00
7.569359849294160369e+01,0.000000000000000000e+00
7.453951029449818577e+01,0.000000000000000000e+00
7.268782367372566000e+01,0.000000000000000000e+00
7.152035665007528564e+01,0.000000000000000000e+00
7.501060465020032098e+01,0.000000000000000000e+00
7.474602417900065632e+01,0.000000000000000000e+00
7.205919029499284534e+01,0.000000000000000000e+00
7.847308582640744135e+01,0.000000000000000000e+00
7.075377751976573393e+01,0.000000000000000000e+00
7.608773043230416988e+01,0.000000000000000000e+00
7.502344818369046209e+01,0.000000000000000000e+00
7.440985069624503012e+01,0.000000000000000000e+00
7.414964611793540428e+01,0.000000000000000000e+00
7.532526547608607359e+01,0.000000000000000000e+00
7.121392418060585783e+01,0.000000000000000000e+00
7.821905468117458327e+01,0.000000000000000000e+00
7.675440880936253052e+01,0.000000000000000000e+00
7.746095238511236403e+01,0.000000000000000000e+00
7.294117665233760306e+01,0.000000000000000000e+00
7.766205173296837927e+01,0.000000000000000000e+00
7.852846592767822642e+01,0.000000000000000000e+00
7.547178543898110092e+01,0.000000000000000000e+00
7.451092338731437792e+01,0.000000000000000000e+00
7.545239005542194377e+01,0.000000000000000000e+00
7.406032349706921991e+01,0.000000000000000000e+00
7.411395810641086257e+01,0.000000000000000000e+00
7.865900644018509524e+01,0.000000000000000000e+00
7.793055229575733733e+01,0.000000000000000000e+00
6.985482160094765902e+01,0.000000000000000000e+00
7.348741320237510877e+01,0.000000000000000000e+00
7.320783188847792644e+01,0.000000000000000000e+00
7.762128079944432102e+01,0.000000000000000000e+00
7.319368926991698743e+01,0.000000000000000000e+00
7.814284507580330796e+01,0.000000000000000000e+00
7.443713098352731095e+01,0.000000000000000000e+00
7.684178292299597501e+01,0.000000000000000000e+00
7.135389173321654255e+01,0.000000000000000000e+00
7.368129482780018691e+01,0.000000000000000000e+00
7.449163210970348814e+01,0.000000000000000000e+00
7.787723670651820385e+01,0.000000000000000000e+00
7.582237780858106646e+01,0.000000000000000000e+00
7.819443513686648828e+01,0.000000000000000000e+00
8.020809495160796132e+01,0.000000000000000000e+00
7.603941843782679655e+01,0.000000000000000000e+00
7.630923301044848017e+01,0.000000000000000000e+00
7.834690630277962953e+01,0.000000000000000000e+00
7.223948949514976903e+01,0.000000000000000000e+00
8.225691283142965915e+01,0.000000000000000000e+00
7.059295836499966015e+01,0.000000000000000000e+00
7.567366805348711978e+01,0.000000000000000000e+00
7.466335648046150197e+01,0.000000000000000000e+00
8.181429495949443265e+01,0.000000000000000000e+00
7.577778660146036316e+01,0.000000000000000000e+00
7.569942243352161881e+01,0.000000000000000000e+00
7.261026095339590825e+01,0.000000000000000000e+00
7.975143689660916380e+01,0.000000000000000000e+00
7.175643209658450417e+01,0.000000000000000000e+00
7.692896118096354030e+01,0.000000000000000000e+00
7.892724143518995561e+01,0.000000000000000000e+00
7.651555985431699014e+01,0.000000000000000000e+00
7.542132004254681021e+01,0.000000000000000000e+00
7.494412536352342613e+01,0.000000000000000000e+00
7.899502340744686535e+01,0.000000000000000000e+00
7.387002509672565509e+01,0.000000000000000000e+00
7.931395168998983536e+01,0.000000000000000000e+00
7.880653161264601181e+01,0.000000000000000000e+00
7.904890715341085183e+01,0.000000000000000000e+00
7.588343536318427596e+01,0.000000000000000000e+00
7.892522608480740587e+01,0.000000000000000000e+00
7.781837702205392304e+01,0.000000000000000000e+00
7.877139877732574291e+01,0.000000000000000000e+00
7.606382278415867404e+01,0.000000000000000000e+00
7.627786189044734044e+01,0.000000000000000000e+00
7.708154001902728680e+01,0.000000000000000000e+00
7.752368412943611986e+01,0.000000000000000000e+00
7.831979694024924754e+01,0.000000000000000000e+00
7.721197193181602358e+01,0.000000000000000000e+00
7.766795492980344306e+01,0.000000000000000000e+00
7.706416522202034969e+01,0.000000000000000000e+00
7.600607496812341424e+01,0.000000000000000000e+00
7.471035599562084428e+01,0.000000000000000000e+00
7.724712367328869789e+01,0.000000000000000000e+00
7.804483810125697119e+01,0.000000000000000000e+00
8.054673937003074968e+01,0.000000000000000000e+00
7.606247333201312699e+01,0.000000000000000000e+00
7.965753428206939191e+01,0.000000000000000000e+00
7.521806074602093872e+01,0.000000000000000000e+00
7.703167298243796779e+01,0.000000000000000000e+00
8.224284478131809806e+01,0.000000000000000000e+00
7.999414067262925698e+01,0.000000000000000000e+00
7.809897941345042227e+01,0.000000000000000000e+00
7.474853975960976982e+01,0.000000000000000000e+00
7.774821516464460558e+01,0.000000000000000000e+00
7.874450787917680827e+01,0.000000000000000000e+00
7.656765586747455643e+01,0.000000000000000000e+00
7.781378869863360137e+01,0.000000000000000000e+00
7.954034220748896189e+01,0.000000000000000000e+00
7.927384298935504603e+01,0.000000000000000000e+00
7.397962035832000538e+01,0.000000000000000000e+00
8.165237531498080159e+01,0.000000000000000000e+00
7.989189704004564874e+01,0.000000000000000000e+00
7.909041574787599416e+01,0.000000000000000000e+00
7.429536959110195937e+01,0.000000000000000000e+00
8.193593384663971335e+01,0.000000000000000000e+00
8.044937787404683149e+01,0.000000000000000000e+00
7.960363446349371941e+01,0.000000000000000000e+00
7.863473423620781944e+01,0.000000000000000000e+00
7.985133123157797286e+01,0.000000000000000000e+00
7.625947610972099255e+01,0.000000000000000000e+00
7.845268104421491273e+01,0.000000000000000000e+00
7.593751252583777500e+01,0.000000000000000000e+00
7.647763231291523311e+01,0.000000000000000000e+00
7.563099216366852318e+01,0.000000000000000000e+00
7.753346437986449757e+01,0.000000000000000000e+00
7.718778586422195076e+01,0.000000000000000000e+00
7.529267405160011606e+01,0.000000000000000000e+00
8.090873639431387687e+01,0.000000000000000000e+00
7.566851744489717646e+01,0.000000000000000000e+00
8.230368078209571081e+01,0.000000000000000000e+00
7.432477440568024463e+01,0.000000000000000000e+00
7.912815569245155700e+01,0.000000000000000000e+00
7.897172928646645573e+01,0.000000000000000000e+00
8.085401338304262708e+01,0.000000000000000000e+00
8.062078461333312873e+01,0.000000000000000000e+00
7.862931123580978010e+01,0.000000000000000000e+00
7.924503646189316441e+01,0.000000000000000000e+00
7.631678568447978250e+01,0.000000000000000000e+00
7.798991851298937661e+01,0.000000000000000000e+00
8.350246724366178341e+01,0.000000000000000000e+00
8.134831246757950396e+01,0.000000000000000000e+00
7.731421528554761835e+01,0.000000000000000000e+00
7.717836611225929744e+01,0.000000000000000000e+00
8.047835326823708613e+01,0.000000000000000000e+00
8.126666347046713668e+01,0.000000000000000000e+00
7.903348716782829797e+01,0.000000000000000000e+00
7.840539507477269865e+01,0.000000000000000000e+00
8.570155891372051826e+01,0.000000000000000000e+00
7.694818276789808920e+01,0.000000000000000000e+00
8.230802487240354992e+01,0.000000000000000000e+00
7.965607248055346190e+01,0.000000000000000000e+00
7.840250370270874214e+01,0.000000000000000000e+00
7.791654882913826441e+01,0.000000000000000000e+00
8.099019526255177936e+01,0.000000000000000000e+00
7.928319029533020057e+01,0.000000000000000000e+00
7.754089335865236876e+01,0.000000000000000000e+00
7.828455214085784064e+01,0.000000000000000000e+00
7.826465499804731962e+01,0.000000000000000000e+00
7.837763577403158877e+01,0.000000000000000000e+00
8.170741899961493004e+01,0.000000000000000000e+00
7.782146395652486603e+01,0.000000000000000000e+00
8.109465003245017556e+01,0.000000000000000000e+00
7.762383896261788152e+01,0.000000000000000000e+00
7.860490870762075133e+01,0.000000000000000000e+00
7.814099539954375473e+01,0.000000000000000000e+00
8.158751615443564731e+01,0.000000000000000000e+00
8.384123368999192394e+01,0.000000000000000000e+00
8.190280313874306728e+01,0.000000000000000000e+00
8.211763665066079909e+01,0.000000000000000000e+00
8.024467140931048448e+01,0.000000000000000000e+00
7.918151552536967586e+01,0.000000000000000000e+00
7.791707756170855248e+01,0.000000000000000000e+00
7.759162226316314559e+01,0.000000000000000000e+00
7.934794878696261833e+01,0.000000000000000000e+00
8.063256238324794367e+01,0.000000000000000000e+00
7.884772355274240851e+01,0.000000000000000000e+00
7.709442172236731494e+01,0.000000000000000000e+00
7.993787114597543564e+01,0.000000000000000000e+00
7.750128135796059325e+01,0.000000000000000000e+00
7.956390638819627270e+01,0.000000000000000000e+00
8.059311641735398268e+01,0.000000000000000000e+00
7.924113386284285809e+01,0.000000000000000000e+00
8.158519909988012841e+01,0.000000000000000000e+00
8.040795380944459225e+01,0.000000000000000000e+00
8.132445470261770026e+01,0.000000000000000000e+00
8.178414070225440469e+01,0.000000000000000000e+00
8.178530491147037651e+01,0.000000000000000000e+00
7.871746988683364066e+01,0.000000000000000000e+00
8.099896326893558296e+01,0.000000000000000000e+00
8.222340903695672409e+01,0.000000000000000000e+00
7.829627849016544872e+01,0.000000000000000000e+00
8.288799607709866279e+01,0.000000000000000000e+00
7.898474073777259719e+01,0.000000000000000000e+00
7.962375023716931821e+01,0.000000000000000000e+00
7.970118180501204108e+01,0.000000000000000000e+00
8.042466641573962249e+01,0.000000000000000000e+00
8.249792445377913452e+01,0.000000000000000000e+00
8.232800191549959834e+01,0.000000000000000000e+00
7.963586218402825523e+01,0.000000000000000000e+00
7.810257171290781741e+01,0.000000000000000000e+00
8.042023665280973432e+01,0.000000000000000000e+00
7.763736665168401885e+01,0.000000000000000000e+00
8.105907379723169015e+01,0.000000000000000000e+00
7.487344283446182658e+01,0.000000000000000000e+00
7.799135288571882541e+01,0.000000000000000000e+00
7.742769359684915287e+01,0.000000000000000000e+00
7.644855663208105057e+01,0.000000000000000000e+00
7.731779251357305327e+01,0.000000000000000000e+00
7.867347492472264037e+01,0.000000000000000000e+00
7.781364197925783799e+01,0.000000000000000000e+00
8.176498923634436267e+01,0.000000000000000000e+00
8.187393756616229723e+01,0.000000000000000000e+00
7.920913453719217046e+01,0.000000000000000000e+00
8.283439123389256054e+01,0.000000000000000000e+00
7.803954853297399552e+01,0.000000000000000000e+00
7.749547142191416071e+01,0.000000000000000000e+00
8.076089717096233755e+01,0.000000000000000000e+00
7.668023266155401529e+01,0.000000000000000000e+00
7.966892186236700013e+01,0.000000000000000000e+00
8.147118896624058948e+01,0.000000000000000000e+00
8.040981395154955180e+01,0.000000000000000000e+00
7.541182318600496615e+01,0.000000000000000000e+00
7.804566071886337397e+01,0.000000000000000000e+00
7.696253596990622725e+01,0.000000000000000000e+00
7.900635920078984498e+01,0.000000000000000000e+00
8.319122857720473974e+01,0.000000000000000000e+00
8.166353392094673325e+01,0.000000000000000000e+00
7.740376746306171185e+01,0.000000000000000000e+00
7.729565423442106464e+01,0.000000000000000000e+00
8.088362378361895821e+01,0.000000000000000000e+00
7.987798402240238715e+01,0.000000000000000000e+00
7.838741776983464149e+01,0.000000000000000000e+00
8.203663417442638206e+01,0.000000000000000000e+00
8.483792567829979703e+01,0.000000000000000000e+00
7.752457317218177479e+01,0.000000000000000000e+00
7.892341018391007879e+01,0.000000000000000000e+00
8.049012621504802212e+01,0.000000000000000000e+00
8.033045205602294914e+01,0.000000000000000000e+00
7.960929974308288593e+01,0.000000000000000000e+00
8.299790945087691796e+01,0.000000000000000000e+00
7.976043464451200293e+01,0.000000000000000000e+00
7.804272536071985655e+01,0.000000000000000000e+00
8.252147435923846785e+01,0.000000000000000000e+00
7.843460220543688877e+01,0.000000000000000000e+00
8.267141627646110180e+01,0.000000000000000000e+00
7.906054778899731161e+01,0.000000000000000000e+00
7.842362609183163613e+01,0.000000000000000000e+00
7.807351949799229374e+01,0.000000000000000000e+00
8.143029488722960707e+01,0.000000000000000000e+00
8.086476124399636944e+01,0.000000000000000000e+00
8.097238310026489216e+01,0.000000000000000000e+00
8.326232534556545772e+01,0.000000000000000000e+00
7.865835144652879762e+01,0.000000000000000000e+00
7.954437356892208300e+01,0.000000000000000000e+00
8.424060105507869878e+01,0.000000000000000000e+00
7.624950650734623991e+01,0.000000000000000000e+00
7.913782621614480206e+01,0.000000000000000000e+00
8.013601958283150850e+01,0.000000000000000000e+00
7.607565562726821895e+01,0.000000000000000000e+00
8.400711084512806792e+01,0.000000000000000000e+00
7.980722392063289305e+01,0.000000000000000000e+00
8.000083580704919939e+01,0.000000000000000000e+00
8.040285152095201227e+01,0.000000000000000000e+00
8.228100733103872244e+01,0.000000000000000000e+00
8.194376663925515913e+01,0.000000000000000000e+00
8.017815713016273094e+01,0.000000000000000000e+00
7.779105060124601323e+01,0.000000000000000000e+00
7.854692390451199913e+01,0.000000000000000000e+00
8.163630470361938762e+01,0.000000000000000000e+00
8.034191154556566516e+01,0.000000000000000000e+00
8.055031477245954363e+01,0.000000000000000000e+00
7.810187525882004422e+01,0.000000000000000000e+00
7.911455815325184915e+01,0.000000000000000000e+00
7.896935269581145178e+01,0.000000000000000000e+00
8.089747875698972734e+01,0.000000000000000000e+00
7.876348136015710111e+01,0.000000000000000000e+00
7.766576900068906752e+01,0.000000000000000000e+00
7.673370539105457055e+01,0.000000000000000000e+00
7.995300979106472994e+01,0.000000000000000000e+00
7.971443954219267880e+01,0.000000000000000000e+00
7.849262280980822482e+01,0.000000000000000000e+00
7.830452400004637070e+01,0.000000000000000000e+00
8.174303747055959946e+01,0.000000000000000000e+00
8.344780081991585519e+01,0.000000000000000000e+00
7.905055967574006104e+01,0.000000000000000000e+00
7.899131986520627891e+01,0.000000000000000000e+00
8.133727696575103039e+01,0.000000000000000000e+00
7.980382479931479622e+01,0.000000000000000000e+00
7.971507379794915948e+01,0.000000000000000000e+00
8.010178837869037238e+01,0.000000000000000000e+00
8.116276955798328174e+01,0.000000000000000000e+00
7.909320202581309900e+01,0.000000000000000000e+00
7.845587992205568639e+01,0.000000000000000000e+00
7.707956605626793589e+01,0.000000000000000000e+00
7.571201954859409966e+01,0.000000000000000000e+00
7.932156711132516591e+01,0.000000000000000000e+00
8.002125665163823953e+01,0.000000000000000000e+00
7.992160114775805368e+01,0.000000000000000000e+00
8.345012766420744299e+01,0.000000000000000000e+00
8.043378390209072393e+01,0.000000000000000000e+00
7.999714439744199979e+01,0.000000000000000000e+00
8.202271936729839297e+01,0.000000000000000000e+00
7.931054583324581131e+01,0.000000000000000000e+00
7.936298194506966297e+01,0.000000000000000000e+00
7.994224765033635549e+01,0.000000000000000000e+00
8.221788441370827627e+01,0.000000000000000000e+00
7.859600385414741197e+01,0.000000000000000000e+00
8.062625064289152022e+01,0.000000000000000000e+00
7.991131544872975212e+01,0.000000000000000000e+00
8.495052143184987870e+01,0.000000000000000000e+00
7.839275283916660442e+01,0.000000000000000000e+00
7.814011219827374077e+01,0.000000000000000000e+00
7.972659235152833901e+01,0.000000000000000000e+00
8.150372068165215467e+01,0.000000000000000000e+00
7.564811269926114790e+01,0.000000000000000000e+00
7.847583532287204378e+01,0.000000000000000000e+00
8.651830526902953977e+01,0.000000000000000000e+00
7.611237946407975130e+01,0.000000000000000000e+00
7.796313007741672152e+01,0.000000000000000000e+00
7.716163652508092241e+01,0.000000000000000000e+00
8.111710542443670136e+01,0.000000000000000000e+00
8.264191040994862192e+01,0.000000000000000000e+00
8.087912085140571605e+01,0.000000000000000000e+00
8.296703796087362548e+01,0.000000000000000000e+00
7.730255547420644291e+01,0.000000000000000000e+00
8.104282730756443698e+01,0.000000000000000000e+00
7.848681937008008447e+01,0.000000000000000000e+00
7.722488791702970445e+01,0.000000000000000000e+00
7.755582833246162977e+01,0.000000000000000000e+00
8.257408672285859552e+01,0.000000000000000000e+00
7.892388838527327266e+01,0.000000000000000000e+00
7.908039617149249523e+01,0.000000000000000000e+00
7.727460300170257312e+01,0.000000000000000000e+00
7.840503643904951048e+01,0.000000000000000000e+00
8.369647431150471562e+01,0.000000000000000000e+00
7.919633963908229646e+01,0.000000000000000000e+00
7.983462180723925883e+01,0.000000000000000000e+00
7.814063320176684613e+01,0.000000000000000000e+00
8.002805491025145557e+01,0.000000000000000000e+00
7.839580568003799499e+01,0.000000000000000000e+00
7.614580191958543764e+01,0.000000000000000000e+00
7.762753243560067062e+01,0.000000000000000000e+00
7.997503577107835326e+01,0.000000000000000000e+00
7.882061743394299924e+01,0.000000000000000000e+00
7.767298060295190965e+01,0.000000000000000000e+00
7.636626688125400619e+01,0.000000000000000000e+00
7.691740156699131603e+01,0.000000000000000000e+00
7.757531033811284260e+01,0.000000000000000000e+00
7.921742590166860509e+01,0.000000000000000000e+00
7.906428511098511080e+01,0.000000000000000000e+00
7.859071828707044460e+01,0.000000000000000000e+00
7.711046831366337528e+01,0.000000000000000000e+00
7.989329053787369617e+01,0.000000000000000000e+00
8.064575034214331595e+01,0.000000000000000000e+00
7.971857976830338544e+01,0.000000000000000000e+00
8.295415346439371262e+01,0.000000000000000000e+00
7.860491821674590085e+01,0.000000000000000000e+00
8.005964554692182844e+01,0.000000000000000000e+00
7.947913772296600143e+01,0.000000000000000000e+00
7.944032733215610165e+01,0.000000000000000000e+00
7.607159031425742057e+01,0.000000000000000000e+00
7.852523535943514332e+01,0.000000000000000000e+00
7.622759410775370270e+01,0.000000000000000000e+00
7.714109580119848886e+01,0.000000000000000000e+00
7.920878517824753828e+01,0.000000000000000000e+00
8.011018681053427315e+01,0.000000000000000000e+00
7.981152820819804106e+01,0.000000000000000000e+00
7.800596843116325374e+01,0.000000000000000000e+00
8.092075846794644178e+01,0.000000000000000000e+00
8.018160811301449087e+01,0.000000000000000000e+00
7.742572590240138197e+01,0.000000000000000000e+00
7.742654465958906940e+01,0.000000000000000000e+00
7.618109319285153447e+01,0.000000000000000000e+00
7.729776613301618227e+01,0.000000000000000000e+00
7.891958470451437790e+01,0.000000000000000000e+00
7.600450453623241742e+01,0.000000000000000000e+00
7.653417670676341800e+01,0.000000000000000000e+00
7.856158405850115400e+01,0.000000000000000000e+00
7.112108168178620815e+01,0.000000000000000000e+00
7.667028618483475100e+01,0.000000000000000000e+00
7.619875822696725720e+01,0.000000000000000000e+00
7.869509288739929787e+01,0.000000000000000000e+00
7.837269288430427139e+01,0.000000000000000000e+00
7.951776508781622965e+01,0.000000000000000000e+00
7.761143936376069519e+01,0.000000000000000000e+00
7.579915530213051511e+01,0.000000000000000000e+00
7.740160471149953025e+01,0.000000000000000000e+00
7.584085522077592145e+01,0.000000000000000000e+00
7.691056183365979848e+01,0.000000000000000000e+00
7.691852787941779468e+01,0.000000000000000000e+00
7.659201644645426654e+01,0.000000000000000000e+00
7.651104236163543248e+01,0.000000000000000000e+00
7.682947924773877446e+01,0.000000000000000000e+00
7.391058635084660011e+01,0.000000000000000000e+00
7.982450383348353284e+01,0.000000000000000000e+00
7.725818265629912673e+01,0.000000000000000000e+00
7.600074849129796917e+01,0.000000000000000000e+00
7.902006944493605545e+01,0.000000000000000000e+00
7.573007640137309693e+01,0.000000000000000000e+00
7.197924533117857493e+01,0.000000000000000000e+00
7.753999658092868685e+01,0.000000000000000000e+00
7.620083571246476595e+01,0.000000000000000000e+00
7.363838311478988885e+01,0.000000000000000000e+00
7.664046364895328622e+01,0.000000000000000000e+00
7.660421303442645069e+01,0.000000000000000000e+00
7.345549227399448000e+01,0.000000000000000000e+00
7.756411777585670109e+01,0.000000000000000000e+00
7.602864818411475767e+01,0.000000000000000000e+00
7.308638979603993846e+01,0.000000000000000000e+00
7.982412886087125514e+01,0.000000000000000000e+00
7.771091095948770544e+01,0.000000000000000000e+00
7.830957253317998834e+01,0.000000000000000000e+00
7.821652642817446122e+01,0.000000000000000000e+00
7.563415072770146708e+01,0.000000000000000000e+00
7.824314617077091327e+01,0.000000000000000000e+00
7.467566484577507424e+01,0.000000000000000000e+00
7.814861226628860891e+01,0.000000000000000000e+00
7.661930923746170663e+01,0.000000000000000000e+00
7.348653481698781320e+01,0.000000000000000000e+00
7.620068461694407347e+01,0.000000000000000000e+00
7.491143873548571719e+01,0.000000000000000000e+00
7.739324443135558340e+01,0.000000000000000000e+00
7.823362129944423771e+01,0.000000000000000000e+00
7.675699266741710858e+01,0.000000000000000000e+00
7.434095748135239035e+01,0.000000000000000000e+00
7.586006806440299499e+01,0.000000000000000000e+00
7.378116839647491076e+01,0.000000000000000000e+00
7.482718614067107410e+01,0.000000000000000000e+00
7.258268929798947511e+01,0.000000000000000000e+00
7.778084812379596258e+01,0.000000000000000000e+00
7.683076692986354317e+01,0.000000000000000000e+00
7.541992326657253898e+01,0.000000000000000000e+00
7.517659628917832038e+01,0.000000000000000000e+00
7.524223257235382789e+01,0.000000000000000000e+00
7.675914902226220704e+01,0.000000000000000000e+00
7.779640380929144783e+01,0.000000000000000000e+00
7.458177284352447600e+01,0.000000000000000000e+00
7.712766154578091005e+01,0.000000000000000000e+00
7.802712664409141041e+01,0.000000000000000000e+00
7.719204287469769099e+01,0.000000000000000000e+00
7.845534960086713738e+01,0.000000000000000000e+00
7.557768955116461029e+01,0.000000000000000000e+00
7.431335291762592021e+01,0.000000000000000000e+00
7.512486844409075104e+01,0.000000000000000000e+00
7.673791163533466886e+01,0.000000000000000000e+00
7.864499105877763441e+01,0.000000000000000000e+00
7.890374994329995673e+01,0.000000000000000000e+00
7.309327343960052303e+01,0.000000000000000000e+00
6.952132823108549076e+01,0.000000000000000000e+00
7.481351162883674988e+01,0.000000000000000000e+00
7.565790573374653150e+01,0.000000000000000000e+00
7.499964571771629096e+01,0.000000000000000000e+00
7.282380186777776032e+01,0.000000000000000000e+00
7.587441530524768041e+01,0.000000000000000000e+00
7.865817912626593511e+01,0.000000000000000000e+00
7.441995196625319409e+01,0.000000000000000000e+00
7.532002136323214359e+01,0.000000000000000000e+00
7.410911493918067094e+01,0.000000000000000000e+00
7.417891706671564123e+01,0.000000000000000000e+00
7.356922915199051261e+01,0.000000000000000000e+00
7.537786548636543671e+01,0.000000000000000000e+00
7.766876641801907510e+01,0.000000000000000000e+00
7.694881238345989516e+01,0.000000000000000000e+00
7.627578737028846945e+01,0.000000000000000000e+00
7.290888179152442206e+01,0.000000000000000000e+00
7.409816028782068997e+01,0.000000000000000000e+00
7.618235448381929587e+01,0.000000000000000000e+00
6.803177927378075651e+01,0.000000000000000000e+00
7.404631928196354806e+01,0.000000000000000000e+00
7.623427944354602914e+01,0.000000000000000000e+00
7.685691755560428362e+01,0.000000000000000000e+00
7.557905841640175026e+01,0.000000000000000000e+00
7.539962487360158150e+01,0.000000000000000000e+00
7.395822415164207086e+01,0.000000000000000000e+00
7.623124216654473173e+01,0.000000000000000000e+00
7.308710393304227182e+01,0.000000000000000000e+00
7.199127793685238430e+01,0.000000000000000000e+00
7.780411474024317897e+01,0.000000000000000000e+00
7.421690513473907913e+01,0.000000000000000000e+00
7.485310461312296582e+01,0.000000000000000000e+00
7.483842076628862117e+01,0.000000000000000000e+00
7.366930080439233564e+01,0.000000000000000000e+00
7.271029637756002728e+01,0.000000000000000000e+00
7.658321210841843651e+01,0.000000000000000000e+00
7.143465543921648475e+01,0.000000000000000000e+00
7.676861504037907480e+01,0.000000000000000000e+00
6.975069470607016342e+01,0.000000000000000000e+00
7.453373025566691013e+01,0.000000000000000000e+00
7.827392607938394065e+01,0.000000000000000000e+00
7.667308404704866120e+01,0.000000000000000000e+00
7.506366369387895077e+01,0.000000000000000000e+00
6.960985498363282886e+01,0.000000000000000000e+00
7.053009683788006612e+01,0.000000000000000000e+00
7.459153502684448256e+01,0.000000000000000000e+00
7.309307668650009759e+01,0.000000000000000000e+00
7.065936841276197811e+01,0.000000000000000000e+00
6.976596473494443273e+01,0.000000000000000000e+00
7.389098485796071714e+01,0.000000000000000000e+00
7.042299536602449450e+01,0.000000000000000000e+00
7.607614345968012515e+01,0.000000000000000000e+00
7.371708751418707095e+01,0.000000000000000000e+00
7.315167457711278587e+01,0.000000000000000000e+00
7.381640540021854235e+01,0.000000000000000000e+00
7.086756111633891919e+01,0.000000000000000000e+00
7.057572523812036991e+01,0.000000000000000000e+00
7.202019383947971676e+01,0.000000000000000000e+00
7.197187673181782941e+01,0.000000000000000000e+00
7.311213159011374785e+01,0.000000000000000000e+00
7.397701364743097940e+01,0.000000000000000000e+00
7.336586598500387879e+01,0.000000000000000000e+00
7.225916353073465359e+01,0.000000000000000000e+00
6.973055426969418136e+01,0.000000000000000000e+00
6.951699449009693410e+01,0.000000000000000000e+00
7.000213842812638632e+01,0.000000000000000000e+00
7.170504468670590370e+01,0.000000000000000000e+00
7.225391331893801805e+01,0.000000000000000000e+00
7.375001451503628402e+01,0.000000000000000000e+00
7.448490525142966590e+01,0.000000000000000000e+00
7.114865211687740043e+01,0.000000000000000000e+00
6.970355605229315188e+01,0.000000000000000000e+00
6.866361987414039447e+01,0.000000000000000000e+00
7.080852580234865457e+01,0.000000000000000000e+00
7.316383739100034234e+01,0.000000000000000000e+00
7.373696830344150044e+01,0.000000000000000000e+00
7.220483075108269588e+01,0.000000000000000000e+00
6.872098360463144218e+01,0.000000000000000000e+00
6.819834789888055582e+01,0.000000000000000000e+00
7.274050473597569066e+01,0.000000000000000000e+00
7.066761876403546694e+01,0.000000000000000000e+00
7.254266056324341605e+01,0.000000000000000000e+00
7.445024256441843136e+01,0.000000000000000000e+00
7.297648633275736074e+01,0.000000000000000000e+00
7.256738784547412990e+01,0.000000000000000000e+00
7.006112554855504015e+01,0.000000000000000000e+00
7.372440921255940793e+01,0.000000000000000000e+00
6.869721212290518508e+01,0.000000000000000000e+00
7.000052773232638970e+01,0.000000000000000000e+00
7.051187118731522219e+01,0.000000000000000000e+00
6.774824244800004180e+01,0.000000000000000000e+00
6.781418134176199430e+01,0.000000000000000000e+00
7.358879319510610628e+01,0.000000000000000000e+00
6.791250423855908025e+01,0.000000000000000000e+00
7.246258576371810989e+01,0.000000000000000000e+00
6.995197277020245963e+01,0.000000000000000000e+00
6.757800213931085409e+01,0.000000000000000000e+00
7.131192054590650287e+01,0.000000000000000000e+00
6.978966609124165643e+01,0.000000000000000000e+00
6.984006384789539368e+01,0.000000000000000000e+00
7.233680520323852647e+01,0.000000000000000000e+00
7.135061113688587398e+01,0.000000000000000000e+00
7.006114078095625075e+01,0.000000000000000000e+00
6.873694714438239828e+01,0.000000000000000000e+00
7.175610113413519286e+01,0.000000000000000000e+00
6.753703365856561902e+01,0.000000000000000000e+00
6.561689791898274393e+01,0.000000000000000000e+00
6.783577746417088861e+01,0.000000000000000000e+00
6.861137694469148585e+01,0.000000000000000000e+00
7.000429617649339775e+01,0.000000000000000000e+00
6.878627441784335872e+01,0.000000000000000000e+00
7.317386866749266972e+01,0.000000000000000000e+00
6.756682349787364217e+01,0.000000000000000000e+00
7.402439325165452999e+01,0.000000000000000000e+00
6.851958867061398450e+01,0.000000000000000000e+00
7.039336766123349776e+01,0.000000000000000000e+00
6.925665100841783328e+01,0.000000000000000000e+00
7.161621965707156789e+01,0.000000000000000000e+00
7.038919329225971921e+01,0.000000000000000000e+00
6.846234078406925505e+01,0.000000000000000000e+00
6.854173926705155395e+01,0.000000000000000000e+00
7.095834781405278591e+01,0.000000000000000000e+00
7.202072149867791495e+01,0.000000000000000000e+00
7.077044412278236507e+01,0.000000000000000000e+00
7.366202862412106356e+01,0.000000000000000000e+00
6.995100995499853980e+01,0.000000000000000000e+00
6.996135098021275667e+01,0.000000000000000000e+00
6.653018645924983332e+01,0.000000000000000000e+00
6.969079219641129441e+01,0.000000000000000000e+00
6.882672477255783861e+01,0.000000000000000000e+00
7.245237554468225483e+01,0.000000000000000000e+00
6.790348779689584546e+01,0.000000000000000000e+00
6.580126075170842626e+01,0.000000000000000000e+00
7.071677715816481680e+01,0.000000000000000000e+00
6.808523023254187478e+01,0.000000000000000000e+00
6.904680181270046546e+01,0.000000000000000000e+00
6.871509032866944722e+01,0.000000000000000000e+00
6.826055487249384157e+01,0.000000000000000000e+00
6.789506873559726330e+01,0.000000000000000000e+00
7.055057216786215690e+01,0.000000000000000000e+00
6.713075152722447569e+01,0.000000000000000000e+00
6.890399352276543254e+01,0.000000000000000000e+00
6.973191262233883947e+01,0.000000000000000000e+00
6.833642026907075717e+01,0.000000000000000000e+00
6.368723216262714715e+01,0.000000000000000000e+00
6.740778363211248347e+01,0.000000000000000000e+00
7.016784955224702003e+01,0.000000000000000000e+00
6.926368857402755452e+01,0.000000000000000000e+00
6.825603273096096757e+01,0.000000000000000000e+00
6.588595720543919754e+01,0.000000000000000000e+00
6.330616715910365855e+01,0.000000000000000000e+00
6.375732487431505291e+01,0.000000000000000000e+00
6.692929133218251536e+01,0.000000000000000000e+00
6.979839906693517548e+01,0.000000000000000000e+00
6.566338161038001431e+01,0.000000000000000000e+00
6.707344805564893875e+01,0.000000000000000000e+00
6.354119963260269799e+01,0.000000000000000000e+00
6.644322657915763841e+01,0.000000000000000000e+00
6.687719999226831646e+01,0.000000000000000000e+00
7.097787857614584084e+01,0.000000000000000000e+00
6.641497117864591360e+01,0.000000000000000000e+00
6.093280787111986996e+01,0.000000000000000000e+00
6.776700436730823185e+01,0.000000000000000000e+00
6.389987851972417587e+01,0.000000000000000000e+00
6.251151915663273684e+01,0.000000000000000000e+00
6.691532422067923846e+01,0.000000000000000000e+00
6.939488951332008071e+01,0.000000000000000000e+00
6.528561190280345272e+01,0.000000000000000000e+00
6.172124478992756735e+01,0.000000000000000000e+00
6.792909468086895686e+01,0.000000000000000000e+00
6.225899781952451661e+01,0.000000000000000000e+00
6.284063698829251621e+01,0.000000000000000000e+00
6.202845907187740693e+01,0.000000000000000000e+00
6.614813573500875066e+01,0.000000000000000000e+00
6.790630667864422776e+01,0.000000000000000000e+00
6.398065585293102941e+01,0.000000000000000000e+00
6.198051035772383699e+01,0.000000000000000000e+00
6.399418406954731608e+01,0.000000000000000000e+00
6.492975977938698406e+01,0.000000000000000000e+00
6.395768534066828437e+01,0.000000000000000000e+00
6.287228691190358632e+01,0.000000000000000000e+00
6.538477123356568654e+01,0.000000000000000000e+00
6.389155627106992341e+01,0.000000000000000000e+00
6.582093309596223207e+01,0.000000000000000000e+00
6.380578526007090545e+01,0.000000000000000000e+00
6.775986497438188394e+01,0.000000000000000000e+00
6.424032084447864577e+01,0.000000000000000000e+00
6.330354122680540030e+01,0.000000000000000000e+00
6.365144906079216014e+01,0.000000000000000000e+00
6.159426728800574580e+01,0.000000000000000000e+00
6.446662040745161448e+01,0.000000000000000000e+00
6.386345201268356675e+01,0.000000000000000000e+00
6.273821467250855477e+01,0.000000000000000000e+00
6.492079552650390895e+01,0.000000000000000000e+00
6.656050219212157515e+01,0.000000000000000000e+00
6.362316451066033096e+01,0.000000000000000000e+00
6.440663758653938942e+01,0.000000000000000000e+00
6.314199364415205196e+01,0.000000000000000000e+00
6.172132723852390512e+01,0.000000000000000000e+00
6.230855841657221106e+01,0.000000000000000000e+00
6.297660800222554656e+01,0.000000000000000000e+00
6.559658078423004213e+01,0.000000000000000000e+00
6.112178649481189296e+01,0.000000000000000000e+00
6.664688399414477260e+01,0.000000000000000000e+00
6.289821957214322623e+01,0.000000000000000000e+00
6.101814643745159117e+01,0.000000000000000000e+00
6.514818209578129427e+01,0.000000000000000000e+00
6.413814361520260832e+01,0.000000000000000000e+00
6.009030343827731002e+01,0.000000000000000000e+00
6.164126832587272276e+01,0.000000000000000000e+00
6.153051103157955026e+01,0.000000000000000000e+00
6.261093963894188619e+01,0.000000000000000000e+00
6.385902051808070468e+01,0.000000000000000000e+00
6.444478992629160530e+01,0.000000000000000000e+00
6.384282167780443729e+01,0.000000000000000000e+00
5.969881017629830211e+01,0.000000000000000000e+00
6.093067739325727672e+01,0.000000000000000000e+00
6.060007466513952323e+01,0.000000000000000000e+00
6.665558237974612155e+01,0.000000000000000000e+00
6.392637993826109977e+01,0.000000000000000000e+00
5.974380047361904644e+01,0.000000000000000000e+00
6.185615310430229385e+01,0.000000000000000000e+00
5.922661956122698967e+01,0.000000000000000000e+00
5.859844729083605586e+01,0.000000000000000000e+00
6.399278908915854203e+01,0.000000000000000000e+00
6.262676817527127326e+01,0.000000000000000000e+00
6.511174478816282374e+01,0.000000000000000000e+00
6.372484777080651241e+01,0.000000000000000000e+00
6.221005997083837968e+01,0.000000000000000000e+00
6.065516982323472206e+01,0.000000000000000000e+00
6.098806260498430021e+01,0.000000000000000000e+00
6.283514589947785112e+01,0.000000000000000000e+00
6.208882558066669333e+01,0.000000000000000000e+00
6.041020052431967713e+01,0.000000000000000000e+00
6.213692398298071851e+01,0.000000000000000000e+00
5.961069786000346937e+01,0.000000000000000000e+00
5.877392854257203680e+01,0.000000000000000000e+00
6.271118190680724780e+01,0.000000000000000000e+00
5.973004659544512407e+01,0.000000000000000000e+00
5.868184281221569165e+01,0.000000000000000000e+00
5.977124839469400541e+01,0.000000000000000000e+00
6.061637546200338988e+01,0.000000000000000000e+00
5.751987969032305159e+01,0.000000000000000000e+00
5.774777709708867235e+01,0.000000000000000000e+00
5.801716554783948254e+01,0.000000000000000000e+00
6.250317666279526918e+01,0.000000000000000000e+00
5.652296773912144090e+01,0.000000000000000000e+00
6.247320004973294516e+01,0.000000000000000000e+00
5.957281220622548545e+01,0.000000000000000000e+00
5.869207238767198476e+01,0.000000000000000000e+00
5.986017189278292250e+01,0.000000000000000000e+00
5.636326524324034892e+01,0.000000000000000000e+00
5.931869551319206124e+01,0.000000000000000000e+00
5.741894167291967221e+01,0.000000000000000000e+00
6.073668275513089299e+01,0.000000000000000000e+00
6.382287531471598641e+01,0.000000000000000000e+00
5.824823605893431022e+01,0.000000000000000000e+00
5.731768820895847938e+01,0.000000000000000000e+00
5.945450589257435325e+01,0.000000000000000000e+00
5.697001193098259364e+01,0.000000000000000000e+00
5.587114429840273289e+01,0.000000000000000000e+00
5.888128932560852746e+01,0.000000000000000000e+00
5.800839650280684623e+01,0.000000000000000000e+00
6.078634639787397020e+01,0.000000000000000000e+00
5.514426928930517846e+01,0.000000000000000000e+00
5.962656299393383108e+01,0.000000000000000000e+00
5.763364994857592905e+01,0.000000000000000000e+00
5.906585163573648600e+01,0.000000000000000000e+00
5.623527003292405624e+01,0.000000000000000000e+00
5.794085691149314243e+01,0.000000000000000000e+00
5.745242375216588471e+01,0.000000000000000000e+00
5.781297485930529234e+01,0.000000000000000000e+00
6.044926345916106669e+01,0.000000000000000000e+00
5.841863809949997233e+01,0.000000000000000000e+00
5.531497683378107411e+01,0.000000000000000000e+00
6.067564962133317152e+01,0.000000000000000000e+00
5.696395536948903526e+01,0.000000000000000000e+00
5.830220102713862218e+01,0.000000000000000000e+00
5.739957838180512795e+01,0.000000000000000000e+00
5.672403135844388800e+01,0.000000000000000000e+00
5.823087984303805342e+01,0.000000000000000000e+00
5.662271323321813554e+01,0.000000000000000000e+00
6.218404873015554557e+01,0.000000000000000000e+00
5.860505737617518207e+01,0.000000000000000000e+00
5.834260678403442313e+01,0.000000000000000000e+00
5.876927844469221895e+01,0.000000000000000000e+00
6.135492008806531317e+01,0.000000000000000000e+00
5.825252470968074903e+01,0.000000000000000000e+00
5.752636085225137208e+01,0.000000000000000000e+00
5.984329919280681764e+01,0.000000000000000000e+00
5.611470676892287912e+01,0.000000000000000000e+00
5.580928100529962421e+01,0.000000000000000000e+00
5.951741287886693499e+01,0.000000000000000000e+00
5.964495505457418290e+01,0.000000000000000000e+00
5.504546856331539573e+01,0.000000000000000000e+00
5.580215398675106542e+01,0.000000000000000000e+00
5.592475125257615076e+01,0.000000000000000000e+00
5.682005523854572715e+01,0.000000000000000000e+00
5.472061978167260321e+01,0.000000000000000000e+00
5.425852369355476412e+01,0.000000000000000000e+00
5.451826604476569571e+01,0.000000000000000000e+00
5.601354044953546207e+01,0.000000000000000000e+00
5.499047121280540296e+01,0.000000000000000000e+00
5.356760379665107052e+01,0.000000000000000000e+00
5.652271257866957654e+01,0.000000000000000000e+00
5.343185635583673587e+01,0.000000000000000000e+00
5.683772877925191125e+01,0.000000000000000000e+00
5.677033681627951722e+01,0.000000000000000000e+00
5.615011336984603219e+01,0.000000000000000000e+00
5.543940654572159588e+01,0.000000000000000000e+00
5.568762195288927330e+01,0.000000000000000000e+00
4.921072411218689524e+01,0.000000000000000000e+00
5.440967785359863740e+01,0.000000000000000000e+00
5.578871087412863261e+01,0.000000000000000000e+00
5.434329864346895533e+01,0.000000000000000000e+00
5.281253792679164860e+01,0.000000000000000000e+00
5.485280446790422815e+01,0.000000000000000000e+00
5.259437723773967122e+01,0.000000000000000000e+00
5.235575985096654961e+01,0.000000000000000000e+00
5.505294811414510292e+01,0.000000000000000000e+00
5.188853549685853750e+01,0.000000000000000000e+00
5.418740877843244164e+01,0.000000000000000000e+00
5.574210470024358699e+01,0.000000000000000000e+00
5.598539892321184652e+01,0.000000000000000000e+00
5.475908862233107044e+01,0.000000000000000000e+00
5.293710251176324277e+01,0.000000000000000000e+00
4.992665374536051814e+01,0.000000000000000000e+00
5.237572142623224636e+01,0.000000000000000000e+00
5.556516460558138704e+01,0.000000000000000000e+00
5.535383430780667169e+01,0.000000000000000000e+00
5.495538686498042580e+01,0.000000000000000000e+00
5.331383031629071212e+01,0.000000000000000000e+00
5.372009460255380731e+01,0.000000000000000000e+00
5.181521998113298366e+01,0.000000000000000000e+00
5.307389993512551740e+01,0.000000000000000000e+00
5.443363711762305002e+01,0.000000000000000000e+00
5.194111817652589025e+01,0.000000000000000000e+00
5.037032344439791132e+01,0.000000000000000000e+00
5.244189319801633076e+01,0.000000000000000000e+00
5.323715822091198646e+01,0.000000000000000000e+00
5.280726356832530399e+01,0.000000000000000000e+00
5.468488131110071748e+01,0.000000000000000000e+00
5.352777241900369631e+01,0.000000000000000000e+00
5.436696116019305691e+01,0.000000000000000000e+00
4.915857875006345523e+01,0.000000000000000000e+00
5.179990441153621816e+01,0.000000000000000000e+00
5.075284667490322477e+01,0.000000000000000000e+00
5.075907910622898811e+01,0.000000000000000000e+00
5.446782210526499313e+01,0.000000000000000000e+00
5.146705936190224406e+01,0.000000000000000000e+00
4.843266611072481709e+01,0.000000000000000000e+00
4.843879130031081104e+01,0.000000000000000000e+00
4.970522668107916786e+01,0.000000000000000000e+00
5.200014604830533926e+01,0.000000000000000000e+00
5.636458504951123416e+01,0.000000000000000000e+00
5.030363823357511421e+01,0.000000000000000000e+00
4.820783775338504284e+01,0.000000000000000000e+00
5.219308445772117011e+01,0.000000000000000000e+00
4.899555310548241494e+01,0.000000000000000000e+00
4.923318619348407310e+01,0.000000000000000000e+00
4.911283062861429016e+01,0.000000000000000000e+00
4.995790617368987796e+01,0.000000000000000000e+00
5.102020242248755011e+01,0.000000000000000000e+00
5.357704315211631041e+01,0.000000000000000000e+00
4.986760332445332722e+01,0.000000000000000000e+00
5.058013848017572656e+01,0.000000000000000000e+00
4.762964795106072557e+01,0.000000000000000000e+00
4.797021188208594822e+01,0.000000000000000000e+00
5.071291817527993828e+01,0.000000000000000000e+00
5.264289346182629004e+01,0.000000000000000000e+00
5.044467496236896409e+01,0.000000000000000000e+00
5.093840449775252921e+01,0.000000000000000000e+00
4.985664209668146896e+01,0.000000000000000000e+00
4.867580783315104043e+01,0.000000000000000000e+00
4.651142838164800963e+01,0.000000000000000000e+00
5.014514792356388284e+01,0.000000000000000000e+00
4.806667326644346616e+01,0.000000000000000000e+00
4.810877093653968473e+01,0.000000000000000000e+00
5.104653036856792880e+01,0.000000000000000000e+00
5.278086855643751818e+01,0.000000000000000000e+00
5.127537003419148220e+01,0.000000000000000000e+00
4.710617890484949299e+01,0.000000000000000000e+00
4.872670732454871967e+01,0.000000000000000000e+00
4.710008175015644127e+01,0.000000000000000000e+00
4.843044656594018704e+01,0.000000000000000000e+00
4.674303523545525252e+01,0.000000000000000000e+00
4.874484917994134747e+01,0.000000000000000000e+00
4.674070661493432510e+01,0.000000000000000000e+00
4.754154135466209397e+01,0.000000000000000000e+00
4.689167497223348846e+01,0.000000000000000000e+00
4.742096047577259554e+01,0.000000000000000000e+00
4.744920895385050130e+01,0.000000000000000000e+00
4.847595730214904819e+01,0.000000000000000000e+00
4.652041817877655916e+01,0.000000000000000000e+00
4.618190994082817724e+01,0.000000000000000000e+00
4.769474335295533507e+01,0.000000000000000000e+00
4.856269507019589327e+01,0.000000000000000000e+00
4.637349676811343357e+01,0.000000000000000000e+00
4.815448459376858636e+01,0.000000000000000000e+00
4.715773586634524150e+01,0.000000000000000000e+00
5.048471528772849126e+01,0.000000000000000000e+00
4.795814902749169306e+01,0.000000000000000000e+00
4.577780273442866843e+01,0.000000000000000000e+00
4.977387885789574540e+01,0.000000000000000000e+00
4.671962435582567252e+01,0.000000000000000000e+00
4.993459531962604814e+01,0.000000000000000000e+00
4.242132076655558137e+01,0.000000000000000000e+00
4.808550209987262747e+01,0.000000000000000000e+00
4.639976492881716297e+01,0.000000000000000000e+00
4.585758289468654425e+01,0.000000000000000000e+00
4.222658664008633878e+01,0.000000000000000000e+00
4.827752650210558016e+01,0.000000000000000000e+00
4.722564932688592876e+01,0.000000000000000000e+00
4.252783129887954061e+01,0.000000000000000000e+00
4.531444225675730308e+01,0.000000000000000000e+00
4.699261260576169263e+01,0.000000000000000000e+00
4.677593603646968745e+01,0.000000000000000000e+00
4.415364655129419447e+01,0.000000000000000000e+00
4.364810326293250142e+01,0.000000000000000000e+00
4.751755414520766863e+01,0.000000000000000000e+00
4.556373253467809548e+01,0.000000000000000000e+00
4.258265913859650453e+01,0.000000000000000000e+00
4.538346890614784002e+01,0.000000000000000000e+00
4.799650117237879954e+01,0.000000000000000000e+00
4.813324485675647679e+01,0.000000000000000000e+00
4.483636119193895553e+01,0.000000000000000000e+00
4.500918625253213179e+01,0.000000000000000000e+00
4.513165336636399161e+01,0.000000000000000000e+00
4.498101336894335134e+01,0.000000000000000000e+00
4.667937227281553447e+01,0.000000000000000000e+00
4.279146734966586507e+01,0.000000000000000000e+00
4.790654972289843272e+01,0.000000000000000000e+00
4.509794754350702561e+01,0.000000000000000000e+00
4.237949173976094386e+01,0.000000000000000000e+00
4.205043830583582576e+01,0.000000000000000000e+00
4.090946017824559533e+01,0.000000000000000000e+00
4.477277096357114061e+01,0.000000000000000000e+00
4.625634525780812112e+01,0.000000000000000000e+00
4.226416829791855889e+01,0.000000000000000000e+00
4.690553005614051330e+01,0.000000000000000000e+00
4.411738918443437285e+01,0.000000000000000000e+00
4.428093754206814481e+01,0.000000000000000000e+00
4.594463407828109780e+01,0.000000000000000000e+00
4.336588761858283192e+01,0.000000000000000000e+00
4.448024999895780240e+01,0.000000000000000000e+00
4.710519736568966209e+01,0.000000000000000000e+00
4.201673532405522593e+01,0.000000000000000000e+00
4.517196372110647928e+01,0.000000000000000000e+00
4.421717157516446406e+01,0.000000000000000000e+00
4.474785590568657767e+01,0.000000000000000000e+00
4.698748272740802179e+01,0.000000000000000000e+00
4.343109684077884936e+01,0.000000000000000000e+00
4.274647537328051783e+01,0.000000000000000000e+00
4.129475148965666875e+01,0.000000000000000000e+00
4.312015088754315428e+01,0.000000000000000000e+00
4.453844303950764782e+01,0.000000000000000000e+00
4.215325497798121290e+01,0.000000000000000000e+00
4.151401782199873480e+01,0.000000000000000000e+00
4.211509301341565248e+01,0.000000000000000000e+00
4.053551907492714435e+01,0.000000000000000000e+00
4.596487045840177643e+01,0.000000000000000000e+00
4.113560061256485767e+01,0.000000000000000000e+00
4.248281800739309944e+01,0.000000000000000000e+00
4.162078233605821964e+01,0.000000000000000000e+00
4.030274788228921068e+01,0.000000000000000000e+00
4.412693989406508166e+01,0.000000000000000000e+00
3.889329877434229843e+01,0.000000000000000000e+00
4.330878570397583616e+01,0.000000000000000000e+00
4.164449842207228158e+01,0.000000000000000000e+00
4.068007860234536111e+01,0.000000000000000000e+00
4.267407636607251931e+01,0.000000000000000000e+00
4.194502645027947096e+01,0.000000000000000000e+00
4.112534825438562791e+01,0.000000000000000000e+00
4.151483100183032349e+01,0.000000000000000000e+00
4.165890962729049107e+01,0.000000000000000000e+00
3.938457490486581491e+01,0.000000000000000000e+00
4.298485918115974158e+01,0.000000000000000000e+00
3.933961274667600350e+01,0.000000000000000000e+00
3.984775249447481826e+01,0.000000000000000000e+00
4.285396120955396526e+01,0.000000000000000000e+00
4.401408522866060480e+01,0.000000000000000000e+00
3.978156875545035120e+01,0.000000000000000000e+00
4.150065984050102230e+01,0.000000000000000000e+00
4.130306754150416282e+01,0.000000000000000000e+00
3.950233548927959504e+01,0.000000000000000000e+00
4.207772636020590795e+01,0.000000000000000000e+00
4.025940182330214157e+01,0.000000000000000000e+00
3.968008952575258519e+01,0.000000000000000000e+00
4.005310261250186699e+01,0.000000000000000000e+00
3.810075740845348946e+01,0.000000000000000000e+00
4.213180312767604363e+01,0.000000000000000000e+00
3.993034608857086454e+01,0.000000000000000000e+00
3.933887184279308258e+01,0.000000000000000000e+00
4.171189406040429759e+01,0.000000000000000000e+00
3.757782879842719126e+01,0.000000000000000000e+00
4.021956681503906594e+01,0.000000000000000000e+00
4.096081178842777604e+01,0.000000000000000000e+00
4.259386860260732988e+01,0.000000000000000000e+00
3.853269655213828315e+01,0.000000000000000000e+00
4.135497388378213657e+01,0.000000000000000000e+00
3.649260996598881945e+01,0.000000000000000000e+00
4.150087450932113597e+01,0.000000000000000000e+00
3.941929036707996659e+01,0.000000000000000000e+00
3.887587929014447496e+01,0.000000000000000000e+00
4.236619006399432408e+01,0.000000000000000000e+00
4.389505286133827866e+01,0.000000000000000000e+00
3.879478679288894938e+01,0.000000000000000000e+00
3.878328245038554201e+01,0.000000000000000000e+00
3.734987092040139345e+01,0.000000000000000000e+00
4.031561550693161422e+01,0.000000000000000000e+00
3.823035993148747735e+01,0.000000000000000000e+00
4.022809986147011330e+01,0.000000000000000000e+00
3.769565950577648294e+01,0.000000000000000000e+00
3.896479744262467193e+01,0.000000000000000000e+00
3.714346170597869445e+01,0.000000000000000000e+00
4.192956324472652341e+01,0.000000000000000000e+00
3.673583952122859131e+01,0.000000000000000000e+00
3.598101792631465656e+01,0.000000000000000000e+00
3.799236599696865113e+01,0.000000000000000000e+00
4.018555146055065563e+01,0.000000000000000000e+00
3.891837131209478429e+01,0.000000000000000000e+00
3.716643884612997795e+01,0.000000000000000000e+00
3.511629130670237942e+01,0.000000000000000000e+00
3.382645090270649035e+01,0.000000000000000000e+00
3.547772217637017889e+01,0.000000000000000000e+00
3.375302499405499645e+01,0.000000000000000000e+00
4.068995521890983014e+01,0.000000000000000000e+00
3.743353170370056660e+01,0.000000000000000000e+00
3.552341947049600890e+01,0.000000000000000000e+00
3.686823156174573057e+01,0.000000000000000000e+00
3.715550473803516951e+01,0.000000000000000000e+00
3.585842636933908523e+01,0.000000000000000000e+00
3.339597454546632349e+01,0.000000000000000000e+00
3.472649661544186017e+01,0.000000000000000000e+00
3.808046703299075375e+01,0.000000000000000000e+00
3.773365408017145484e+01,0.000000000000000000e+00
3.934111355958475542e+01,0.000000000000000000e+00
3.688764921755799264e+01,0.000000000000000000e+00
3.955743301315631300e+01,0.000000000000000000e+00
3.600327049740069185e+01,0.000000000000000000e+00
3.785807443957421725e+01,0.000000000000000000e+00
3.733336943185862822e+01,0.000000000000000000e+00
3.816456670400400242e+01,0.000000000000000000e+00
3.393519814207796514e+01,0.000000000000000000e+00
3.827992770836211633e+01,0.000000000000000000e+00
3.658957941901208955e+01,0.000000000000000000e+00
3.541226763388783638e+01,0.000000000000000000e+00
3.805813430003605902e+01,0.000000000000000000e+00
3.800448287608688958e+01,0.000000000000000000e+00
3.426219578972389712e+01,0.000000000000000000e+00
3.343203182071908941e+01,0.000000000000000000e+00
3.618137173320906896e+01,0.000000000000000000e+00
3.279482001796444024e+01,0.000000000000000000e+00
3.465133125343953679e+01,0.000000000000000000e+00
3.267362420832851200e+01,0.000000000000000000e+00
3.214918389079630145e+01,0.000000000000000000e+00
3.252580177607823231e+01,0.000000000000000000e+00
3.415883377124193743e+01,0.000000000000000000e+00
3.795026901189080348e+01,0.000000000000000000e+00
3.531887359147487615e+01,0.000000000000000000e+00
3.464832678105147323e+01,0.000000000000000000e+00
3.471870731617310923e+01,0.000000000000000000e+00
3.705511431985169679e+01,0.000000000000000000e+00
3.497746538990732290e+01,0.000000000000000000e+00
3.218278684830755054e+01,0.000000000000000000e+00
3.399938136486375839e+01,0.000000000000000000e+00
3.284035441512261144e+01,0.000000000000000000e+00
3.558682450641649098e+01,0.000000000000000000e+00
3.258699442971445137e+01,0.000000000000000000e+00
3.500771721868254360e+01,0.000000000000000000e+00
3.024796810628039978e+01,0.000000000000000000e+00
3.351076116002326444e+01,0.000000000000000000e+00
3.262308666456006279e+01,0.000000000000000000e+00
3.118939586529876351e+01,0.000000000000000000e+00
3.368060378378930153e+01,0.000000000000000000e+00
3.087976213225902811e+01,0.000000000000000000e+00
3.492571057327725725e+01,0.000000000000000000e+00
3.363815289171238021e+01,0.000000000000000000e+00
3.244747627640032306e+01,0.000000000000000000e+00
3.268981285905618250e+01,0.000000000000000000e+00
3.423573805976395334e+01,0.000000000000000000e+00
3.523385858207472410e+01,0.000000000000000000e+00
3.355714777486964095e+01,0.000000000000000000e+00
3.508829230665593713e+01,0.000000000000000000e+00
2.971688729070572421e+01,0.000000000000000000e+00
3.319164954790550581e+01,0.000000000000000000e+00
3.354280833842858556e+01,0.000000000000000000e+00
3.519064407672930628e+01,0.000000000000000000e+00
3.412413864655371754e+01,0.000000000000000000e+00
2.925477179451515752e+01,0.000000000000000000e+00
3.139451757462653347e+01,0.000000000000000000e+00
3.518998478125621432e+01,0.000000000000000000e+00
3.074060255212232917e+01,0.000000000000000000e+00
3.416854961837224636e+01,0.000000000000000000e+00
3.020760320319691061e+01,0.000000000000000000e+00
3.279788331970975435e+01,0.000000000000000000e+00
3.040734463716668401e+01,0.000000000000000000e+00
3.222437109508761921e+01,0.000000000000000000e+00
3.240503426961846856e+01,0.000000000000000000e+00
3.396598068648757618e+01,0.000000000000000000e+00
3.396605515803003073e+01,0.000000000000000000e+00
3.315224467750130088e+01,0.000000000000000000e+00
3.038664822914795138e+01,0.000000000000000000e+00
3.378584809888509000e+01,0.000000000000000000e+00
3.311870563361468101e+01,0.000000000000000000e+00
3.418206286366915947e+01,0.000000000000000000e+00
3.309079110738022678e+01,0.000000000000000000e+00
3.071516804832535286e+01,0.000000000000000000e+00
2.815608951242455049e+01,0.000000000000000000e+00
2.840245737678599269e+01,0.000000000000000000e+00
3.020122712168774726e+01,0.000000000000000000e+00
3.171331039139656482e+01,0.000000000000000000e+00
3.078308062475236184e+01,0.000000000000000000e+00
3.406822298702712715e+01,0.000000000000000000e+00
3.107348726899721214e+01,0.000000000000000000e+00
3.263740609325463282e+01,0.000000000000000000e+00
2.844833569731052592e+01,0.000000000000000000e+00
2.995775455613941318e+01,0.000000000000000000e+00
2.919975958594270793e+01,0.000000000000000000e+00
2.982872783711050957e+01,0.000000000000000000e+00
2.858391532220257503e+01,0.000000000000000000e+00
3.470010851221758230e+01,0.000000000000000000e+00
3.014242738038641889e+01,0.000000000000000000e+00
2.958353470385757689e+01,0.000000000000000000e+00
2.776542905572143738e+01,0.000000000000000000e+00
3.396497316824380164e+01,0.000000000000000000e+00
3.318731217827166802e+01,0.000000000000000000e+00
2.875584959589485834e+01,0.000000000000000000e+00
3.027900627932793398e+01,0.000000000000000000e+00
3.093765386141317464e+01,0.000000000000000000e+00
2.868381807795922711e+01,0.000000000000000000e+00
3.119177454081230039e+01,0.000000000000000000e+00
2.927837438743905452e+01,0.000000000000000000e+00
2.866906554065127111e+01,0.000000000000000000e+00
2.922371660032642637e+01,0.000000000000000000e+00
2.957514993350415367e+01,0.000000000000000000e+00
2.740022985399752642e+01,0.000000000000000000e+00
3.090156462365168721e+01,0.000000000000000000e+00
2.875396175907227558e+01,0.000000000000000000e+00
2.743715783163830579e+01,0.000000000000000000e+00
2.939977703964216360e+01,0.000000000000000000e+00
3.077616028701693551e+01,0.000000000000000000e+00
3.095576772094864992e+01,0.000000000000000000e+00
2.726515364678581221e+01,0.000000000000000000e+00
3.117892894646437441e+01,0.000000000000000000e+00
2.873137641928102681e+01,0.000000000000000000e+00
2.895427494976467742e+01,0.000000000000000000e+00
2.991205626914890914e+01,0.000000000000000000e+00
2.707624302776557101e+01,0.000000000000000000e+00
2.921847836342048055e+01,0.000000000000000000e+00
2.769750341748023814e+01,0.000000000000000000e+00
2.925238441966614289e+01,0.000000000000000000e+00
3.017767083443951748e+01,0.000000000000000000e+00
2.812079138034980730e+01,0.000000000000000000e+00
2.912592057605538898e+01,0.000000000000000000e+00
3.023653126442647832e+01,0.000000000000000000e+00
2.831983855183153054e+01,0.000000000000000000e+00
2.513713649679999662e+01,0.000000000000000000e+00
2.500785649509237629e+01,0.000000000000000000e+00
2.572919758981677418e+01,0.000000000000000000e+00
2.836052382391271465e+01,0.000000000000000000e+00
2.424715332071194140e+01,0.000000000000000000e+00
2.939569064949990462e+01,0.000000000000000000e+00
3.098601863126494038e+01,0.000000000000000000e+00
2.389730482341670736e+01,0.000000000000000000e+00
2.780133482341178919e+01,0.000000000000000000e+00
3.113348532220776832e+01,0.000000000000000000e+00
2.619690781759040377e+01,0.000000000000000000e+00
2.665215128946280743e+01,0.000000000000000000e+00
2.405694743302827732e+01,0.000000000000000000e+00
2.850895511923037873e+01,0.000000000000000000e+00
2.792526906195528014e+01,0.000000000000000000e+00
2.509937253128540391e+01,0.000000000000000000e+00
2.905262760381829779e+01,0.000000000000000000e+00
2.753074020553546930e+01,0.000000000000000000e+00
2.903608030149603536e+01,0.000000000000000000e+00
2.771716858807753781e+01,0.000000000000000000e+00
2.597073551636828270e+01,0.000000000000000000e+00
3.090159850817758880e+01,0.000000000000000000e+00
3.134236861218349190e+01,0.000000000000000000e+00
2.432542383355644233e+01,0.000000000000000000e+00
2.667358004666089144e+01,0.000000000000000000e+00
2.827803303950234337e+01,0.000000000000000000e+00
2.516654907370525862e+01,0.000000000000000000e+00
2.837344628517064749e+01,0.000000000000000000e+00
2.889171439237277994e+01,0.000000000000000000e+00
2.533314968951769686e+01,0.000000000000000000e+00
2.855311038075809194e+01,0.000000000000000000e+00
2.710996848412692728e+01,0.000000000000000000e+00
2.558291594204570174e+01,0.000000000000000000e+00
2.673929111060218844e+01,0.000000000000000000e+00
2.645839008563634920e+01,0.000000000000000000e+00
2.700937147868824439e+01,0.000000000000000000e+00
2.605929367602195867e+01,0.000000000000000000e+00
3.149356655428621465e+01,0.000000000000000000e+00
2.451799141504405810e+01,0.000000000000000000e+00
2.745215016819097187e+01,0.000000000000000000e+00
2.171795337006781068e+01,0.000000000000000000e+00
2.699280089396632221e+01,0.000000000000000000e+00
2.740891144938634127e+01,0.000000000000000000e+00
2.579092763063207272e+01,0.000000000000000000e+00
2.427353370339623240e+01,0.000000000000000000e+00
2.578945503928962779e+01,0.000000000000000000e+00
2.509065049779779955e+01,0.000000000000000000e+00
2.489645073324154723e+01,0.000000000000000000e+00
2.549894052051320514e+01,0.000000000000000000e+00
2.610132910420942665e+01,0.000000000000000000e+00
2.486549685703464974e+01,0.000000000000000000e+00
2.738095345537437453e+01,0.000000000000000000e+00
2.628916792320331197e+01,0.000000000000000000e+00
2.232033255625962553e+01,0.000000000000000000e+00
2.724489497971229568e+01,0.000000000000000000e+00
2.540880655731449878e+01,0.000000000000000000e+00
2.853966289288522873e+01,0.000000000000000000e+00
2.827468628634050418e+01,0.000000000000000000e+00
2.416049010826495902e+01,0.000000000000000000e+00
2.522069098484346839e+01,0.000000000000000000e+00
2.511870750161818933e+01,0.000000000000000000e+00
2.506888811217234903e+01,0.000000000000000000e+00
2.503582691664250603e+01,0.000000000000000000e+00
2.538072031856204802e+01,0.000000000000000000e+00
2.978657237897359522e+01,0.000000000000000000e+00
2.439876402826342883e+01,0.000000000000000000e+00
2.935077757026424550e+01,0.000000000000000000e+00
2.286348976816499601e+01,0.000000000000000000e+00
2.583906039277195177e+01,0.000000000000000000e+00
2.389651546261011816e+01,0.000000000000000000e+00
2.251830216285044628e+01,0.000000000000000000e+00
2.654232684835027811e+01,0.000000000000000000e+00
2.414139174392542486e+01,0.000000000000000000e+00
2.522481517374977855e+01,0.000000000000000000e+00
2.384842534718931262e+01,0.000000000000000000e+00
2.615755835072702595e+01,0.000000000000000000e+00
2.691045742662473828e+01,0.000000000000000000e+00
2.552524232552542927e+01,0.000000000000000000e+00
2.543540489744845701e+01,0.000000000000000000e+00
2.100864193947661107e+01,0.000000000000000000e+00
2.286182063965949141e+01,0.000000000000000000e+00
2.468040762294355162e+01,0.000000000000000000e+00
2.338935557838876278e+01,0.000000000000000000e+00
2.665718204513933642e+01,0.000000000000000000e+00
2.402800680519982635e+01,0.000000000000000000e+00
2.520753673232313474e+01,0.000000000000000000e+00
2.474344897713640279e+01,0.000000000000000000e+00
2.282940913919812331e+01,0.000000000000000000e+00
2.404192060176750800e+01,0.000000000000000000e+00
2.917210988435447661e+01,0.000000000000000000e+00
2.444739346361086874e+01,0.000000000000000000e+00
2.573940428130509517e+01,0.000000000000000000e+00
2.298248777515845731e+01,0.000000000000000000e+00
2.343320553687021857e+01,0.000000000000000000e+00
2.419174772033760945e+01,0.000000000000000000e+00
2.344779595783482407e+01,0.000000000000000000e+00
2.299590136117431882e+01,0.000000000000000000e+00
2.396334732001902168e+01,0.000000000000000000e+00
2.069747276026348359e+01,0.000000000000000000e+00
2.163533298863430332e+01,0.000000000000000000e+00
2.209411472223294837e+01,0.000000000000000000e+00
2.197193119268964168e+01,0.000000000000000000e+00
2.268330094295961530e+01,0.000000000000000000e+00
2.109920583958702167e+01,0.000000000000000000e+00
2.471336898396632975e+01,0.000000000000000000e+00
2.177584939594922986e+01,0.000000000000000000e+00
2.083368627228700376e+01,0.000000000000000000e+00
2.115592468041013774e+01,0.000000000000000000e+00
1.842265334274961930e+01,0.000000000000000000e+00
2.414739488553169267e+01,0.000000000000000000e+00
2.717367213999877507e+01,0.000000000000000000e+00
2.264456556803742870e+01,0.000000000000000000e+00
1.879387332420109047e+01,0.000000000000000000e+00
2.300665672401716932e+01,0.000000000000000000e+00
2.361712757619235958e+01,0.000000000000000000e+00
2.530276913729485244e+01,0.000000000000000000e+00
2.381244265407523386e+01,0.000000000000000000e+00
2.360806992617625610e+01,0.000000000000000000e+00
2.556142081135032740e+01,0.000000000000000000e+00
2.034594062865569697e+01,0.000000000000000000e+00
2.157791576393619337e+01,0.000000000000000000e+00
2.198598132984424680e+01,0.000000000000000000e+00
2.346545635581720646e+01,0.000000000000000000e+00
2.327665713825986415e+01,0.000000000000000000e+00
2.077728737156272132e+01,0.000000000000000000e+00
2.307747058256193640e+01,0.000000000000000000e+00
2.790816926987593760e+01,0.000000000000000000e+00
2.322815147983049400e+01,0.000000000000000000e+00
2.578712474350294670e+01,0.000000000000000000e+00
2.222566903877330446e+01,0.000000000000000000e+00
2.433738379461225065e+01,0.000000000000000000e+00
2.109011679221941193e+01,0.000000000000000000e+00
2.461438176577246395e+01,0.000000000000000000e+00
2.181852027234575075e+01,0.000000000000000000e+00
2.255752248091014778e+01,0.000000000000000000e+00
2.550720348811755045e+01,0.000000000000000000e+00
2.223251255548730043e+01,0.000000000000000000e+00
2.153326443520721512e+01,0.000000000000000000e+00
1.866997394961376244e+01,0.000000000000000000e+00
2.196018543192218431e+01,0.000000000000000000e+00
2.143863269508780434e+01,0.000000000000000000e+00
2.020588514713080031e+01,0.000000000000000000e+00
2.368930541591064554e+01,0.000000000000000000e+00
2.271225621568759578e+01,0.000000000000000000e+00
2.124135414457355608e+01,0.000000000000000000e+00
1.814074373202461743e+01,0.000000000000000000e+00
2.385834112099160720e+01,0.000000000000000000e+00
2.593308803192715217e+01,0.000000000000000000e+00
2.230767901255471131e+01,0.000000000000000000e+00
2.244582885643465175e+01,0.000000000000000000e+00
2.079999160104434353e+01,0.000000000000000000e+00
2.275640148207400770e+01,0.000000000000000000e+00
1.980624783333114536e+01,0.000000000000000000e+00
2.256585739432808779e+01,0.000000000000000000e+00
1.929681525378910223e+01,0.000000000000000000e+00
2.372054042098525883e+01,0.000000000000000000e+00
2.112610814248848712e+01,0.000000000000000000e+00
2.364398342273581477e+01,0.000000000000000000e+00
2.071717478309620120e+01,0.000000000000000000e+00
2.251961440996158714e+01,0.000000000000000000e+00
2.075821970511929493e+01,0.000000000000000000e+00
2.298873809302762439e+01,0.000000000000000000e+00
1.880338742513513495e+01,0.000000000000000000e+00
2.221359989249614131e+01,0.000000000000000000e+00
2.173354122919565512e+01,0.000000000000000000e+00
1.804538213249687928e+01,0.000000000000000000e+00
2.438421360659791404e+01,0.000000000000000000e+00
2.437788122705779159e+01,0.000000000000000000e+00
1.985600302082222512e+01,0.000000000000000000e+00
2.098572632443007535e+01,0.000000000000000000e+00
2.421095741139625801e+01,0.000000000000000000e+00
1.881222980667430633e+01,0.000000000000000000e+00
2.311744066277235277e+01,0.000000000000000000e+00
2.279135242694059116e+01,0.000000000000000000e+00
2.034211552336492801e+01,0.000000000000000000e+00
2.262045458501435746e+01,0.000000000000000000e+00
2.033059185017841131e+01,0.000000000000000000e+00
2.086710753829709475e+01,0.000000000000000000e+00
2.294346668450175031e+01,0.000000000000000000e+00
1.884973234757405436e+01,0.000000000000000000e+00
1.915648235164323410e+01,0.000000000000000000e+00
1.873486845608731954e+01,0.000000000000000000e+00
2.125770348112501296e+01,0.000000000000000000e+00
2.264735299884508279e+01,0.000000000000000000e+00
1.913156872763509142e+01,0.000000000000000000e+00
1.847996590453027466e+01,0.000000000000000000e+00
2.047152764160970762e+01,0.000000000000000000e+00
2.049748119810637803e+01,0.000000000000000000e+00
1.839081264386837233e+01,0.000000000000000000e+00
2.024116591408518673e+01,0.000000000000000000e+00
2.211741167325575219e+01,0.000000000000000000e+00
2.077872977131695009e+01,0.000000000000000000e+00
1.678507205541585279e+01,0.000000000000000000e+00
2.208518553310117483e+01,0.000000000000000000e+00
1.971654420412057718e+01,0.000000000000000000e+00
2.065255879013960438e+01,0.000000000000000000e+00
2.020205266365643126e+01,0.000000000000000000e+00
2.445469102311352216e+01,0.000000000000000000e+00
2.042696603260776556e+01,0.000000000000000000e+00
1.839549063236737325e+01,0.000000000000000000e+00
2.033976109755715456e+01,0.000000000000000000e+00
2.100891252898335537e+01,0.000000000000000000e+00
2.215429562165266475e+01,0.000000000000000000e+00
2.391309276921647609e+01,0.000000000000000000e+00
2.336621500640976734e+01,0.000000000000000000e+00
2.247504543156356505e+01,0.000000000000000000e+00
1.930832509153709964e+01,0.000000000000000000e+00
2.371894601771239763e+01,0.000000000000000000e+00
2.075800697909222237e+01,0.000000000000000000e+00
2.177829162675564234e+01,0.000000000000000000e+00
2.106703819825300528e+01,0.000000000000000000e+00
1.956037818549385321e+01,0.000000000000000000e+00
1.725784832096299581e+01,0.000000000000000000e+00
2.273578120214841647e+01,0.000000000000000000e+00
2.056384357028797538e+01,0.000000000000000000e+00
2.124288905433929031e+01,0.000000000000000000e+00
2.018557583792068399e+01,0.000000000000000000e+00
1.637593518904165890e+01,0.000000000000000000e+00
1.747815096944388813e+01,0.000000000000000000e+00
2.458987768423870079e+01,0.000000000000000000e+00
2.378266266588515165e+01,0.000000000000000000e+00
2.215027502814520588e+01,0.000000000000000000e+00
1.909218477896711263e+01,0.000000000000000000e+00
2.298547005802381449e+01,0.000000000000000000e+00
2.216487572415480400e+01,0.000000000000000000e+00
2.127306912174358544e+01,0.000000000000000000e+00
1.717031684595762542e+01,0.000000000000000000e+00
1.966412911896539484e+01,0.000000000000000000e+00
1.611723658915914470e+01,0.000000000000000000e+00
1.977551885020199407e+01,0.000000000000000000e+00
1.983106089360337165e+01,0.000000000000000000e+00
1.852041792199549874e+01,0.000000000000000000e+00
2.198226162452226262e+01,0.000000000000000000e+00
2.145965474807552908e+01,0.000000000000000000e+00
2.111771213958074256e+01,0.000000000000000000e+00
2.015791942803819836e+01,0.000000000000000000e+00
2.020895531763028430e+01,0.000000000000000000e+00
2.144971846547544203e+01,0.000000000000000000e+00
2.450241947943856502e+01,0.000000000000000000e+00
2.261965070901645092e+01,0.000000000000000000e+00
2.135929688498497825e+01,0.000000000000000000e+00
1.968065056758361209e+01,0.000000000000000000e+00
2.286498562618074004e+01,0.000000000000000000e+00
2.074902517511022637e+01,0.000000000000000000e+00
2.240462219551941203e+01,0.000000000000000000e+00
1.864314460292118270e+01,0.000000000000000000e+00
2.205335820775917099e+01,0.000000000000000000e+00
2.219355586205190178e+01,0.000000000000000000e+00
1.513263915945192295e+01,0.000000000000000000e+00
1.816475764883237787e+01,0.000000000000000000e+00
1.861718141737934218e+01,0.000000000000000000e+00
1.854722780799288984e+01,0.000000000000000000e+00
2.128366372670172879e+01,0.000000000000000000e+00
2.071053023833732354e+01,0.000000000000000000e+00
2.061771277921637591e+01,0.000000000000000000e+00
1.639490999084145884e+01,0.000000000000000000e+00
1.669809843180864561e+01,0.000000000000000000e+00
1.706063031161383847e+01,0.000000000000000000e+00
2.113719451667871496e+01,0.000000000000000000e+00
2.442610957786225256e+01,0.000000000000000000e+00
1.754728130422826382e+01,0.000000000000000000e+00
2.281492020521496045e+01,0.000000000000000000e+00
2.101699012565721958e+01,0.000000000000000000e+00
2.308086887390807007e+01,0.000000000000000000e+00
1.744144664746050921e+01,0.000000000000000000e+00
2.259942257061666737e+01,0.000000000000000000e+00
1.915455839767539103e+01,0.000000000000000000e+00
2.267974133807462422e+01,0.000000000000000000e+00
1.790103908764300655e+01,0.000000000000000000e+00
1.954546366485240227e+01,0.000000000000000000e+00
1.754942505208760650e+01,0.000000000000000000e+00
1.936804700177019711e+01,0.000000000000000000e+00
2.180585058892127748e+01,0.000000000000000000e+00
2.124563983942178425e+01,0.000000000000000000e+00
2.360915596763214808e+01,0.000000000000000000e+00
1.922937624044632443e+01,0.000000000000000000e+00
1.982026795377139905e+01,0.000000000000000000e+00
2.058982000879864316e+01,0.000000000000000000e+00
2.159232752490637708e+01,0.000000000000000000e+00
2.014395600182185930e+01,0.000000000000000000e+00
2.164743286463560068e+01,0.000000000000000000e+00
2.210577285547588033e+01,0.000000000000000000e+00
1.940917732361493719e+01,0.000000000000000000e+00
2.091089094083697830e+01,0.000000000000000000e+00
1.800461499460134362e+01,0.000000000000000000e+00
2.214894843107273914e+01,0.000000000000000000e+00
2.096080443406119898e+01,0.000000000000000000e+00
1.952566846213168361e+01,0.000000000000000000e+00
2.015186742964619171e+01,0.000000000000000000e+00
1.794762434129841822e+01,0.000000000000000000e+00
1.901458450564620506e+01,0.000000000000000000e+00
2.282556825067907624e+01,0.000000000000000000e+00
1.777369734825528624e+01,0.000000000000000000e+00
2.347986591789367239e+01,0.000000000000000000e+00
2.442647919203738383e+01,0.000000000000000000e+00
2.252197676811145755e+01,0.000000000000000000e+00
1.903220937896969644e+01,0.000000000000000000e+00
2.223047433696233099e+01,0.000000000000000000e+00
1.892046357130793410e+01,0.000000000000000000e+00
2.086712879235442131e+01,0.000000000000000000e+00
2.085049190371476513e+01,0.000000000000000000e+00
1.866601785650205869e+01,0.000000000000000000e+00
1.690094862554048305e+01,0.000000000000000000e+00
2.458181116098455732e+01,0.000000000000000000e+00
1.823086270014627530e+01,0.000000000000000000e+00
1.842998464377617651e+01,0.000000000000000000e+00
2.095554319104661189e+01,0.000000000000000000e+00
2.108359601356482571e+01,0.000000000000000000e+00
2.241381171797065264e+01,0.000000000000000000e+00
1.994491849574718501e+01,0.000000000000000000e+00
2.199879780652893047e+01,0.000000000000000000e+00
2.204885411102019788e+01,0.000000000000000000e+00
1.750101830349819920e+01,0.000000000000000000e+00
1.860387973165321540e+01,0.000000000000000000e+00
1.754132243794101242e+01,0.000000000000000000e+00
1.635436539333333172e+01,0.000000000000000000e+00
1.850504466847150908e+01,0.000000000000000000e+00
1.898864269842062313e+01,0.000000000000000000e+00
1.956487723350986485e+01,0.000000000000000000e+00
1.818051901960675920e+01,0.000000000000000000e+00
1.907833828395021669e+01,0.000000000000000000e+00
2.096430224662835684e+01,0.000000000000000000e+00
1.653271236040491488e+01,0.000000000000000000e+00
1.735780951083376422e+01,0.000000000000000000e+00
2.412710060096734566e+01,0.000000000000000000e+00
1.990423409566201229e+01,0.000000000000000000e+00
2.035273380506682273e+01,0.000000000000000000e+00
1.912059570478036363e+01,0.000000000000000000e+00
1.901938667894854262e+01,0.000000000000000000e+00
2.018406415394608189e+01,0.000000000000000000e+00
1.930253450509005475e+01,0.000000000000000000e+00
1.895503526073947143e+01,0.000000000000000000e+00
2.036185443361316416e+01,0.000000000000000000e+00
1.810451369638287744e+01,0.000000000000000000e+00
1.969515660579785532e+01,0.000000000000000000e+00
1.838469336724852354e+01,0.000000000000000000e+00
1.924933003119240027e+01,0.000000000000000000e+00
1.762092654495901911e+01,0.000000000000000000e+00
1.890130025172472017e+01,0.000000000000000000e+00
2.242219456189445737e+01,0.000000000000000000e+00
1.991271334835683859e+01,0.000000000000000000e+00
2.251780017021806657e+01,0.000000000000000000e+00
2.629255985107982596e+01,0.000000000000000000e+00
1.887093840561193758e+01,0.000000000000000000e+00
2.063678897287046254e+01,0.000000000000000000e+00
2.078790725072352785e+01,0.000000000000000000e+00
1.884131856906976310e+01,0.000000000000000000e+00
1.949489795698590200e+01,0.000000000000000000e+00
2.085572299119533213e+01,0.000000000000000000e+00
2.226920681402790692e+01,0.000000000000000000e+00
1.473972171325567260e+01,0.000000000000000000e+00
2.293071351436885763e+01,0.000000000000000000e+00
1.931100387535789054e+01,0.000000000000000000e+00
1.724120288287799951e+01,0.000000000000000000e+00
2.060278877598549840e+01,0.000000000000000000e+00
1.959286608817645003e+01,0.000000000000000000e+00
2.189549827853624109e+01,0.000000000000000000e+00
1.986047457409490136e+01,0.000000000000000000e+00
2.240248589941150215e+01,0.000000000000000000e+00
2.262575023484740910e+01,0.000000000000000000e+00
2.000963755580851355e+01,0.000000000000000000e+00
1.986145178112523269e+01,0.000000000000000000e+00
2.224828212111283321e+01,0.000000000000000000e+00
2.189033684364761712e+01,0.000000000000000000e+00
1.887431106986871754e+01,0.000000000000000000e+00
2.349297841359553729e+01,0.000000000000000000e+00
1.891651757390831534e+01,0.000000000000000000e+00
1.980481093318490693e+01,0.000000000000000000e+00
2.083281366760718356e+01,0.000000000000000000e+00
1.958933781914617356e+01,0.000000000000000000e+00
1.810529257068178666e+01,0.000000000000000000e+00
1.928922253337378123e+01,0.000000000000000000e+00
2.019538798141565650e+01,0.000000000000000000e+00
2.026137509292462724e+01,0.000000000000000000e+00
2.495433427871975951e+01,0.000000000000000000e+00
1.954767245540140053e+01,0.000000000000000000e+00
2.066626310040774328e+01,0.000000000000000000e+00
2.052746612731470677e+01,0.000000000000000000e+00
1.852983669581178461e+01,0.000000000000000000e+00
2.259776164942578447e+01,0.000000000000000000e+00
1.835542957112097184e+01,0.000000000000000000e+00
2.130509063311977869e+01,0.000000000000000000e+00
2.014341502384284510e+01,0.000000000000000000e+00
1.968515652365628554e+01,0.000000000000000000e+00
2.321856954117666305e+01,0.000000000000000000e+00
2.321407477851852974e+01,0.000000000000000000e+00
1.862734218255130259e+01,0.000000000000000000e+00
1.912420972389531215e+01,0.000000000000000000e+00
1.880759059456897475e+01,0.000000000000000000e+00
1.988593425254702041e+01,0.000000000000000000e+00
2.164454660275224285e+01,0.000000000000000000e+00
2.083890050584371068e+01,0.000000000000000000e+00
2.084971863817368387e+01,0.000000000000000000e+00
2.213885017137729605e+01,0.000000000000000000e+00
2.231222306751232409e+01,0.000000000000000000e+00
2.494926665597566995e+01,0.000000000000000000e+00
2.260581222208011098e+01,0.000000000000000000e+00
2.073770310464823652e+01,0.000000000000000000e+00
1.983728420550712457e+01,0.000000000000000000e+00
2.078156637661829365e+01,0.000000000000000000e+00
2.482463557010694899e+01,0.000000000000000000e+00
1.722748370495931169e+01,0.000000000000000000e+00
2.145780944516768685e+01,0.000000000000000000e+00
1.705608140500657299e+01,0.000000000000000000e+00
2.257010589757424768e+01,0.000000000000000000e+00
1.992697357565148053e+01,0.000000000000000000e+00
2.121097669254293194e+01,0.000000000000000000e+00
1.956904345363515674e+01,0.000000000000000000e+00
2.370963566258211230e+01,0.000000000000000000e+00
1.993576602118074703e+01,0.000000000000000000e+00
2.290679652923880028e+01,0.000000000000000000e+00
2.399646629032405443e+01,0.000000000000000000e+00
1.869137172530464142e+01,0.000000000000000000e+00
2.217800135134024941e+01,0.000000000000000000e+00
2.030617886732415656e+01,0.000000000000000000e+00
2.361180741629813795e+01,0.000000000000000000e+00
2.178468124146555240e+01,0.000000000000000000e+00
2.175591872975206797e+01,0.000000000000000000e+00
2.123427658832292764e+01,0.000000000000000000e+00
2.416462784184533419e+01,0.000000000000000000e+00
1.959290916821052519e+01,0.000000000000000000e+00
2.051128932459608478e+01,0.000000000000000000e+00
2.057701085019064990e+01,0.000000000000000000e+00
2.065272733250694159e+01,0.000000000000000000e+00
2.331229161658572835e+01,0.000000000000000000e+00
2.025154537933784482e+01,0.000000000000000000e+00
2.251764959657079146e+01,0.000000000000000000e+00
1.929993162860159117e+01,0.000000000000000000e+00
2.754688299910897342e+01,0.000000000000000000e+00
2.261822394611773390e+01,0.000000000000000000e+00
2.167025501940698717e+01,0.000000000000000000e+00
2.398582311742470807e+01,0.000000000000000000e+00
2.397154987124236314e+01,0.000000000000000000e+00
2.188916487890782392e+01,0.000000000000000000e+00
2.483473223369946936e+01,0.000000000000000000e+00
2.039763747935829485e+01,0.000000000000000000e+00
2.523809672456368958e+01,0.000000000000000000e+00
2.527976667104119812e+01,0.000000000000000000e+00
2.299602421463578850e+01,0.000000000000000000e+00
2.384948600910714944e+01,0.000000000000000000e+00
2.183348496321805854e+01,0.000000000000000000e+00
2.105301543303808032e+01,0.000000000000000000e+00
2.064678968431232775e+01,0.000000000000000000e+00
2.304593488491593334e+01,0.000000000000000000e+00
2.642576486899332622e+01,0.000000000000000000e+00
2.245008822291048034e+01,0.000000000000000000e+00
2.147157318970865703e+01,0.000000000000000000e+00
2.328046508484361610e+01,0.000000000000000000e+00
2.280908218225804518e+01,0.000000000000000000e+00
2.189299983507370229e+01,0.000000000000000000e+00
2.736125585218224643e+01,0.000000000000000000e+00
2.343275598270423288e+01,0.000000000000000000e+00
1.852067536357544597e+01,0.000000000000000000e+00
2.371000428746363653e+01,0.000000000000000000e+00
2.484997266769021351e+01,0.000000000000000000e+00
2.416165767614552706e+01,0.000000000000000000e+00
2.174277821341548744e+01,0.000000000000000000e+00
2.354386738339087870e+01,0.000000000000000000e+00
2.108761462760591243e+01,0.000000000000000000e+00
2.306553912949583918e+01,0.000000000000000000e+00
2.540093612017298597e+01,0.000000000000000000e+00
2.635583846478231607e+01,0.000000000000000000e+00
1.855673114843125049e+01,0.000000000000000000e+00
2.286439851058258199e+01,0.000000000000000000e+00
2.206816741781623747e+01,0.000000000000000000e+00
2.141986717790889116e+01,0.000000000000000000e+00
2.365972800259876863e+01,0.000000000000000000e+00
2.515704595410775823e+01,0.000000000000000000e+00
2.441480650191532220e+01,0.000000000000000000e+00
2.639614211017075007e+01,0.000000000000000000e+00
2.208917212750729320e+01,0.000000000000000000e+00
2.324076545702532925e+01,0.000000000000000000e+00
2.497724344280111453e+01,0.000000000000000000e+00
2.481633461606368840e+01,0.000000000000000000e+00
2.339873387019424555e+01,0.000000000000000000e+00
2.406987766692015640e+01,0.000000000000000000e+00
2.289638096879825468e+01,0.000000000000000000e+00
2.530526819003070571e+01,0.000000000000000000e+00
2.678292656774268821e+01,0.000000000000000000e+00
2.215217673365349427e+01,0.000000000000000000e+00
2.495806165938013876e+01,0.000000000000000000e+00
2.412650499567935114e+01,0.000000000000000000e+00
2.332445228976545692e+01,0.000000000000000000e+00
2.132697651167320529e+01,0.000000000000000000e+00
2.420490103444384644e+01,0.000000000000000000e+00
2.921115859108748580e+01,0.000000000000000000e+00
2.137735300691258544e+01,0.000000000000000000e+00
2.683073814347619646e+01,0.000000000000000000e+00
2.248632797960453900e+01,0.000000000000000000e+00
2.621183682037225537e+01,0.000000000000000000e+00
2.228872035666604035e+01,0.000000000000000000e+00
2.310741940151486062e+01,0.000000000000000000e+00
2.277348939203516665e+01,0.000000000000000000e+00
2.437910172547053023e+01,0.000000000000000000e+00
2.477658199154882723e+01,0.000000000000000000e+00
2.004262490720201129e+01,0.000000000000000000e+00
2.588460502110976691e+01,0.000000000000000000e+00
2.335236122059745867e+01,0.000000000000000000e+00
2.526926714644633520e+01,0.000000000000000000e+00
2.393913133364419465e+01,0.000000000000000000e+00
2.504681630286505722e+01,0.000000000000000000e+00
2.483196816022829623e+01,0.000000000000000000e+00
2.810018770385863007e+01,0.000000000000000000e+00
2.299627729641538920e+01,0.000000000000000000e+00
2.220043890520124208e+01,0.000000000000000000e+00
2.679866367650723191e+01,0.000000000000000000e+00
2.817505679288189668e+01,0.000000000000000000e+00
2.158387701672457126e+01,0.000000000000000000e+00
2.355588941191899011e+01,0.000000000000000000e+00
2.563388779968034470e+01,0.000000000000000000e+00
2.478605312383351489e+01,0.000000000000000000e+00
2.748915345083399941e+01,0.000000000000000000e+00
2.064481745412350477e+01,0.000000000000000000e+00
2.560599174712842796e+01,0.000000000000000000e+00
2.758815138416500901e+01,0.000000000000000000e+00
2.799936959685723181e+01,0.000000000000000000e+00
2.815442381740204780e+01,0.000000000000000000e+00
2.631937851378024718e+01,0.000000000000000000e+00
2.421174410028017121e+01,0.000000000000000000e+00
2.714642532971881650e+01,0.000000000000000000e+00
2.524161264710869901e+01,0.000000000000000000e+00
2.727345261968905277e+01,0.000000000000000000e+00
2.847586386889305388e+01,0.000000000000000000e+00
2.770988032198292572e+01,0.000000000000000000e+00
2.398028054856339253e+01,0.000000000000000000e+00
2.521136393355149607e+01,0.000000000000000000e+00
2.373214551403306771e+01,0.000000000000000000e+00
2.202815901098475138e+01,0.000000000000000000e+00
2.855444670844663335e+01,0.000000000000000000e+00
2.712253739025256039e+01,0.000000000000000000e+00
2.826680094071270943e+01,0.000000000000000000e+00
2.365678886829726579e+01,0.000000000000000000e+00
2.861221238073599693e+01,0.000000000000000000e+00
2.609956219567318669e+01,0.000000000000000000e+00
2.403795080179125776e+01,0.000000000000000000e+00
3.112635444169421106e+01,0.000000000000000000e+00
2.549652022166272047e+01,0.000000000000000000e+00
2.960835633832644831e+01,0.000000000000000000e+00
2.734925512161889216e+01,0.000000000000000000e+00
2.492303142300732688e+01,0.000000000000000000e+00
2.534071586558922817e+01,0.000000000000000000e+00
2.599875547214193361e+01,0.000000000000000000e+00
3.005704906472623250e+01,0.000000000000000000e+00
2.725402079662724475e+01,0.000000000000000000e+00
2.669676882325112288e+01,0.000000000000000000e+00
2.965148248244147666e+01,0.000000000000000000e+00
2.968650839921940587e+01,0.000000000000000000e+00
2.767047547256331796e+01,0.000000000000000000e+00
2.849751448574667023e+01,0.000000000000000000e+00
2.242580438999666370e+01,0.000000000000000000e+00
2.898276558951990722e+01,0.000000000000000000e+00
2.668680107532548007e+01,0.000000000000000000e+00
2.897504944966092921e+01,0.000000000000000000e+00
2.487559479988079403e+01,0.000000000000000000e+00
2.908610203265126515e+01,0.000000000000000000e+00
2.578583825864875578e+01,0.000000000000000000e+00
2.514206475564223453e+01,0.000000000000000000e+00
2.648922986890473652e+01,0.000000000000000000e+00
3.042443467612709185e+01,0.000000000000000000e+00
2.600413900330130446e+01,0.000000000000000000e+00
2.778980410893653996e+01,0.000000000000000000e+00
2.739359686623769363e+01,0.000000000000000000e+00
2.974917901417753896e+01,0.000000000000000000e+00
3.015422041466958802e+01,0.000000000000000000e+00
2.440072260270855509e+01,0.000000000000000000e+00
2.681173257093761109e+01,0.000000000000000000e+00
3.031129049646560958e+01,0.000000000000000000e+00
2.823681207260857562e+01,0.000000000000000000e+00
2.830784108560389356e+01,0.000000000000000000e+00
2.423985219397874147e+01,0.000000000000000000e+00
3.090289465217908571e+01,0.000000000000000000e+00
2.936631471940441784e+01,0.000000000000000000e+00
2.880540604960852491e+01,0.000000000000000000e+00
2.718702084895616267e+01,0.000000000000000000e+00
3.083451217425821156e+01,0.000000000000000000e+00
3.071630411495713275e+01,0.000000000000000000e+00
2.913339625900268004e+01,0.000000000000000000e+00
2.956255448109276074e+01,0.000000000000000000e+00
2.953487690858870707e+01,0.000000000000000000e+00
2.947294406772843089e+01,0.000000000000000000e+00
3.212154896674994120e+01,0.000000000000000000e+00
3.034108219490145686e+01,0.000000000000000000e+00
2.985097899478454408e+01,0.000000000000000000e+00
2.888346780280966541e+01,0.000000000000000000e+00
3.122043244615037594e+01,0.000000000000000000e+00
3.129486776261853720e+01,0.000000000000000000e+00
2.960542378987380019e+01,0.000000000000000000e+00
3.123204976474212202e+01,0.000000000000000000e+00
3.149107714857876772e+01,0.000000000000000000e+00
2.886847455405399288e+01,0.000000000000000000e+00
2.779361538051315605e+01,0.000000000000000000e+00
3.222675542968715945e+01,0.000000000000000000e+00
3.031010912744564578e+01,0.000000000000000000e+00
3.021624048314942712e+01,0.000000000000000000e+00
3.307935078011515628e+01,0.000000000000000000e+00
3.389233632203534086e+01,0.000000000000000000e+00
2.735215721391257659e+01,0.000000000000000000e+00
2.708456559789220108e+01,0.000000000000000000e+00
2.952446630016975249e+01,0.000000000000000000e+00
3.275648370774079865e+01,0.000000000000000000e+00
2.832660432220442814e+01,0.000000000000000000e+00
2.772392439163320432e+01,0.000000000000000000e+00
2.716667283166450275e+01,0.000000000000000000e+00
3.091251767824922325e+01,0.000000000000000000e+00
3.401849313787695195e+01,0.000000000000000000e+00
3.283651902249630439e+01,0.000000000000000000e+00
3.195473782074291336e+01,0.000000000000000000e+00
2.854533357578449326e+01,0.000000000000000000e+00
3.339249703325339880e+01,0.000000000000000000e+00
2.986682110033688531e+01,0.000000000000000000e+00
2.994485423121783541e+01,0.000000000000000000e+00
3.168079023082329471e+01,0.000000000000000000e+00
2.849118845517920562e+01,0.000000000000000000e+00
2.900471764023518162e+01,0.000000000000000000e+00
3.373783245096307581e+01,0.000000000000000000e+00
2.960342267147937534e+01,0.000000000000000000e+00
3.110765042116426571e+01,0.000000000000000000e+00
2.970424131028417492e+01,0.000000000000000000e+00
3.175056204997470388e+01,0.000000000000000000e+00
3.248035930581146147e+01,0.000000000000000000e+00
3.085439668224313436e+01,0.000000000000000000e+00
3.251953186309963684e+01,0.000000000000000000e+00
3.245158661776065401e+01,0.000000000000000000e+00
3.245870329033152757e+01,0.000000000000000000e+00
3.285673876029702001e+01,0.000000000000000000e+00
3.359398908669312078e+01,0.000000000000000000e+00
3.273839940894124112e+01,0.000000000000000000e+00
3.246029572800995311e+01,0.000000000000000000e+00
3.037730786894408652e+01,0.000000000000000000e+00
3.279279721290657079e+01,0.000000000000000000e+00
3.178231949551893365e+01,0.000000000000000000e+00
2.957601202511066774e+01,0.000000000000000000e+00
3.277514106548853334e+01,0.000000000000000000e+00
3.246040347577542207e+01,0.000000000000000000e+00
3.662884664798001921e+01,0.000000000000000000e+00
3.410307227357939297e+01,0.000000000000000000e+00
3.148181082400613917e+01,0.000000000000000000e+00
3.523537818517038289e+01,0.000000000000000000e+00
3.162176417192667444e+01,0.000000000000000000e+00
3.239980531317921475e+01,0.000000000000000000e+00
3.364669593009220705e+01,0.000000000000000000e+00
3.311474369725185340e+01,0.000000000000000000e+00
3.696097638271007924e+01,0.000000000000000000e+00
3.575355299172446166e+01,0.000000000000000000e+00
2.948981894384886715e+01,0.000000000000000000e+00
3.157855476908871140e+01,0.000000000000000000e+00
3.187034538388850180e+01,0.000000000000000000e+00
3.306269004600881090e+01,0.000000000000000000e+00
3.326278305256851553e+01,0.000000000000000000e+00
3.372380460541852187e+01,0.000000000000000000e+00
3.311172793340403331e+01,0.000000000000000000e+00
3.129394258803039719e+01,0.000000000000000000e+00
3.510914204409569805e+01,0.000000000000000000e+00
3.360659730052135785e+01,0.000000000000000000e+00
3.524294999696755326e+01,0.000000000000000000e+00
3.436729054679386763e+01,0.000000000000000000e+00
3.028997393373114022e+01,0.000000000000000000e+00
3.260931982514422600e+01,0.000000000000000000e+00
3.657183710939072085e+01,0.000000000000000000e+00
3.547375660170249745e+01,0.000000000000000000e+00
3.692082663164737255e+01,0.000000000000000000e+00
3.859768507631169143e+01,0.000000000000000000e+00
3.346872504029069262e+01,0.000000000000000000e+00
3.356203172037862004e+01,0.000000000000000000e+00
3.630211593012459304e+01,0.000000000000000000e+00
3.443256929873437144e+01,0.000000000000000000e+00
3.268008976302639468e+01,0.000000000000000000e+00
3.628016759575729111e+01,0.000000000000000000e+00
3.711987273980548707e+01,0.000000000000000000e+00
3.613925148291291833e+01,0.000000000000000000e+00
3.307781247483167419e+01,0.000000000000000000e+00
3.532256849180931368e+01,0.000000000000000000e+00
3.488874227486609669e+01,0.000000000000000000e+00
3.306787420585963844e+01,0.000000000000000000e+00
3.750181570996765146e+01,0.000000000000000000e+00
3.485254343883374872e+01,0.000000000000000000e+00
3.058398375366044064e+01,0.000000000000000000e+00
3.699418896487980390e+01,0.000000000000000000e+00
3.571444901105429182e+01,0.000000000000000000e+00
3.655145480610166686e+01,0.000000000000000000e+00
3.888773837836697567e+01,0.000000000000000000e+00
3.461830618703666573e+01,0.000000000000000000e+00
3.648747795185857257e+01,0.000000000000000000e+00
3.784858040130545476e+01,0.000000000000000000e+00
3.785871719717262351e+01,0.000000000000000000e+00
3.620199935071690334e+01,0.000000000000000000e+00
3.493930438104778347e+01,0.000000000000000000e+00
3.691375533505211592e+01,0.000000000000000000e+00
3.521496015024859361e+01,0.000000000000000000e+00
3.589538091239568018e+01,0.000000000000000000e+00
3.682067655050624921e+01,0.000000000000000000e+00
3.928850495740906013e+01,0.000000000000000000e+00
3.515916042518603746e+01,0.000000000000000000e+00
3.683959547178962879e+01,0.000000000000000000e+00
3.525327808404384200e+01,0.000000000000000000e+00
3.773736740654313593e+01,0.000000000000000000e+00
3.235245029486509338e+01,0.000000000000000000e+00
3.827066830385277285e+01,0.000000000000000000e+00
3.649248340622774123e+01,0.000000000000000000e+00
3.787107326314974642e+01,0.000000000000000000e+00
3.321550530034435411e+01,0.000000000000000000e+00
4.061772820880780444e+01,0.000000000000000000e+00
3.608917164151998946e+01,0.000000000000000000e+00
3.875811133040367906e+01,0.000000000000000000e+00
3.901228268115679043e+01,0.000000000000000000e+00
3.737072797037901495e+01,0.000000000000000000e+00
3.879055055435982524e+01,0.000000000000000000e+00
3.646261840084422090e+01,0.000000000000000000e+00
3.377990118805804798e+01,0.000000000000000000e+00
3.780021298778840588e+01,0.000000000000000000e+00
4.093802408423088224e+01,0.000000000000000000e+00
3.740556601069781095e+01,0.000000000000000000e+00
4.001977545702597183e+01,0.000000000000000000e+00
4.217276097808191793e+01,0.000000000000000000e+00
3.441323523986727650e+01,0.000000000000000000e+00
3.671247835819726646e+01,0.000000000000000000e+00
3.679749079583869076e+01,0.000000000000000000e+00
3.593882776349418151e+01,0.000000000000000000e+00
3.965961386961093638e+01,0.000000000000000000e+00
3.735854681856964277e+01,0.000000000000000000e+00
3.924818082580882361e+01,0.000000000000000000e+00
3.932185758333831416e+01,0.000000000000000000e+00
3.901320838429381155e+01,0.000000000000000000e+00
4.118520789115316916e+01,0.000000000000000000e+00
3.968614108510012528e+01,0.000000000000000000e+00
3.995300390825342873e+01,0.000000000000000000e+00
3.930619174161984120e+01,0.000000000000000000e+00
3.667353511154259138e+01,0.000000000000000000e+00
4.498156203440263567e+01,0.000000000000000000e+00
3.991273422743774546e+01,0.000000000000000000e+00
4.335926865884125903e+01,0.000000000000000000e+00
4.056598025833021381e+01,0.000000000000000000e+00
4.055602354674849153e+01,0.000000000000000000e+00
3.967845506747481465e+01,0.000000000000000000e+00
3.748079604828951261e+01,0.000000000000000000e+00
3.852390698827742455e+01,0.000000000000000000e+00
3.619485548216339765e+01,0.000000000000000000e+00
4.389969874633595737e+01,0.000000000000000000e+00
4.171820558907403154e+01,0.000000000000000000e+00
3.759632617080651329e+01,0.000000000000000000e+00
3.741482186380640940e+01,0.000000000000000000e+00
4.360441297562448426e+01,0.000000000000000000e+00
3.984693021916377376e+01,0.000000000000000000e+00
3.854333586915236509e+01,0.000000000000000000e+00
4.138287757185605642e+01,0.000000000000000000e+00
3.845498433128883420e+01,0.000000000000000000e+00
3.673952064182932986e+01,0.000000000000000000e+00
4.245238751311512004e+01,0.000000000000000000e+00
4.173172633093019357e+01,0.000000000000000000e+00
3.920689323994967879e+01,0.000000000000000000e+00
4.057179611903540462e+01,0.000000000000000000e+00
4.011989079455351970e+01,0.000000000000000000e+00
4.031026839198064948e+01,0.000000000000000000e+00
3.880802726489525867e+01,0.000000000000000000e+00
4.086584681293175692e+01,0.000000000000000000e+00
3.763720187490230273e+01,0.000000000000000000e+00
4.088601008161685968e+01,0.000000000000000000e+00
4.315360888518835480e+01,0.000000000000000000e+00
4.073532856391710766e+01,0.000000000000000000e+00
4.010857012142518840e+01,0.000000000000000000e+00
4.163834455697010384e+01,0.000000000000000000e+00
4.430270648168124836e+01,0.000000000000000000e+00
4.039731298750209731e+01,0.000000000000000000e+00
4.202306373599362388e+01,0.000000000000000000e+00
4.283855488564931591e+01,0.000000000000000000e+00
4.496325415505134515e+01,0.000000000000000000e+00
4.187482828120344891e+01,0.000000000000000000e+00
3.998914664411299924e+01,0.000000000000000000e+00
4.289228042096370075e+01,0.000000000000000000e+00
4.352371896232818926e+01,0.000000000000000000e+00
4.155046410173922311e+01,0.000000000000000000e+00
4.171712290592864036e+01,0.000000000000000000e+00
4.391044975411748652e+01,0.000000000000000000e+00
4.597574897568686936e+01,0.000000000000000000e+00
4.333886887951862832e+01,0.000000000000000000e+00
3.905973320168634189e+01,0.000000000000000000e+00
4.450494452768629827e+01,0.000000000000000000e+00
4.273242718278552132e+01,0.000000000000000000e+00
3.992931726611549692e+01,0.000000000000000000e+00
4.358299312162670702e+01,0.000000000000000000e+00
4.278145074822538163e+01,0.000000000000000000e+00
4.156772210479202556e+01,0.000000000000000000e+00
4.356052851563216421e+01,0.000000000000000000e+00
4.146699396937800941e+01,0.000000000000000000e+00
4.459693138650021638e+01,0.000000000000000000e+00
4.210799644532753661e+01,0.000000000000000000e+00
3.960103133968042499e+01,0.000000000000000000e+00
4.436457267328564313e+01,0.000000000000000000e+00
4.499108524152403277e+01,0.000000000000000000e+00
4.222864557895400850e+01,0.000000000000000000e+00
4.312487902354764202e+01,0.000000000000000000e+00
4.383851436061662099e+01,0.000000000000000000e+00
4.527161444578972294e+01,0.000000000000000000e+00
4.339845289822930852e+01,0.000000000000000000e+00
4.598017268650002620e+01,0.000000000000000000e+00
4.352431177141171048e+01,0.000000000000000000e+00
4.482435688434241428e+01,0.000000000000000000e+00
4.659417232347202287e+01,0.000000000000000000e+00
4.404109045198272554e+01,0.000000000000000000e+00
4.439020518922869485e+01,0.000000000000000000e+00
4.339542160569621387e+01,0.000000000000000000e+00
4.716910283166158280e+01,0.000000000000000000e+00
4.457394296268330436e+01,0.000000000000000000e+00
4.746292426375343609e+01,0.000000000000000000e+00
4.353894640268224236e+01,0.000000000000000000e+00
4.423797506932720580e+01,0.000000000000000000e+00
4.407241237989591554e+01,0.000000000000000000e+00
4.513130988238231822e+01,0.000000000000000000e+00
4.388065327988947928e+01,0.000000000000000000e+00
4.626009683452024746e+01,0.000000000000000000e+00
4.497451081671115958e+01,0.000000000000000000e+00
4.346192696773852759e+01,0.000000000000000000e+00
4.579138270676413214e+01,0.000000000000000000e+00
4.777328255108615451e+01,0.000000000000000000e+00
4.288975117298057427e+01,0.000000000000000000e+00
4.711948181259894852e+01,0.000000000000000000e+00
4.435178653850698538e+01,0.000000000000000000e+00
4.571870846670115895e+01,0.000000000000000000e+00
4.547904273441554324e+01,0.000000000000000000e+00
4.495582260159594767e+01,0.000000000000000000e+00
4.738957984993735550e+01,0.000000000000000000e+00
4.798102765208818710e+01,0.000000000000000000e+00
4.811977951762428773e+01,0.000000000000000000e+00
4.699745721780745811e+01,0.000000000000000000e+00
4.620285210044370672e+01,0.000000000000000000e+00
4.866265341090370811e+01,0.000000000000000000e+00
4.542851779336923101e+01,0.000000000000000000e+00
4.621487285226238839e+01,0.000000000000000000e+00
4.817908302107031915e+01,0.000000000000000000e+00
4.724845422027615172e+01,0.000000000000000000e+00
4.726359398891663233e+01,0.000000000000000000e+00
4.815832837043738124e+01,0.000000000000000000e+00
4.855954511909128968e+01,0.000000000000000000e+00
4.898349031988429658e+01,0.000000000000000000e+00
4.867724987472229259e+01,0.000000000000000000e+00
4.787054614349075621e+01,0.000000000000000000e+00
4.725168128091796405e+01,0.000000000000000000e+00
4.686891852944290093e+01,0.000000000000000000e+00
4.852504560773283515e+01,0.000000000000000000e+00
4.486097895807682079e+01,0.000000000000000000e+00
4.922842946669540964e+01,0.000000000000000000e+00
4.650416916204891038e+01,0.000000000000000000e+00
4.763231320579888717e+01,0.000000000000000000e+00
4.779788015063851248e+01,0.000000000000000000e+00
4.614897079008905223e+01,0.000000000000000000e+00
4.745653213782217961e+01,0.000000000000000000e+00
4.978132694422437510e+01,0.000000000000000000e+00
4.764257808675571937e+01,0.000000000000000000e+00
5.082109896786242587e+01,0.000000000000000000e+00
4.931881980477605509e+01,0.000000000000000000e+00
5.181694055687729872e+01,0.000000000000000000e+00
4.979668284990480487e+01,0.000000000000000000e+00
4.783589406272104583e+01,0.000000000000000000e+00
5.371799974919314735e+01,0.000000000000000000e+00
4.889237318852482161e+01,0.000000000000000000e+00
4.860146759369295921e+01,0.000000000000000000e+00
4.954474102417524506e+01,0.000000000000000000e+00
4.927165692243653439e+01,0.000000000000000000e+00
4.945394991503795268e+01,0.000000000000000000e+00
5.058614011752798945e+01,0.000000000000000000e+00
5.031703657676445118e+01,0.000000000000000000e+00
4.907434975631669971e+01,0.000000000000000000e+00
4.832266325922093131e+01,0.000000000000000000e+00
5.057742201140582239e+01,0.000000000000000000e+00
4.862785789310998297e+01,0.000000000000000000e+00
5.216553553564601486e+01,0.000000000000000000e+00
4.898848623517065448e+01,0.000000000000000000e+00
4.680769116543994102e+01,0.000000000000000000e+00
4.986733789098687453e+01,0.000000000000000000e+00
4.922152391666189430e+01,0.000000000000000000e+00
5.029433241100467455e+01,0.000000000000000000e+00
4.901146528627401011e+01,0.000000000000000000e+00
4.747746613436179075e+01,0.000000000000000000e+00
4.940874877567835455e+01,0.000000000000000000e+00
5.242364141264874888e+01,0.000000000000000000e+00
5.034769115153444830e+01,0.000000000000000000e+00
5.123907895919203526e+01,0.000000000000000000e+00
5.093145620928270745e+01,0.000000000000000000e+00
4.940815623964203951e+01,0.000000000000000000e+00
5.066911523476139934e+01,0.000000000000000000e+00
5.203056080250370030e+01,0.000000000000000000e+00
5.348565452412583454e+01,0.000000000000000000e+00
5.354193046326577843e+01,0.000000000000000000e+00
5.184444638977067399e+01,0.000000000000000000e+00
5.022618812954169698e+01,0.000000000000000000e+00
5.121213886416831684e+01,0.000000000000000000e+00
5.171824005473616381e+01,0.000000000000000000e+00
5.092349386776300690e+01,0.000000000000000000e+00
5.291850007542645073e+01,0.000000000000000000e+00
4.973846676219098839e+01,0.000000000000000000e+00
5.197641476024760721e+01,0.000000000000000000e+00
5.307486095542718374e+01,0.000000000000000000e+00
5.131612750086139840e+01,0.000000000000000000e+00
5.328925363292930939e+01,0.000000000000000000e+00
5.514050194379439063e+01,0.000000000000000000e+00
5.354202601452806221e+01,0.000000000000000000e+00
5.372419942959650285e+01,0.000000000000000000e+00
4.958691768985207204e+01,0.000000000000000000e+00
5.699963106401300195e+01,0.000000000000000000e+00
5.383737405675007892e+01,0.000000000000000000e+00
5.154434444079002731e+01,0.000000000000000000e+00
5.060738172425723747e+01,0.000000000000000000e+00
5.188667352142659439e+01,0.000000000000000000e+00
5.283650426217989349e+01,0.000000000000000000e+00
5.237654339166823547e+01,0.000000000000000000e+00
5.289179411430140476e+01,0.000000000000000000e+00
5.757871297425802481e+01,0.000000000000000000e+00
5.485671837015578234e+01,0.000000000000000000e+00
5.612100134641777061e+01,0.000000000000000000e+00
5.405635135010406600e+01,0.000000000000000000e+00
5.623225038441305657e+01,0.000000000000000000e+00
5.335295814664578984e+01,0.000000000000000000e+00
4.994341078605580719e+01,0.000000000000000000e+00
5.088616609293931958e+01,0.000000000000000000e+00
5.614553303874744472e+01,0.000000000000000000e+00
5.475072215846043377e+01,0.000000000000000000e+00
5.099561179338733297e+01,0.000000000000000000e+00
5.407017537076691127e+01,0.000000000000000000e+00
5.311815510846103194e+01,0.000000000000000000e+00
5.186736219559028882e+01,0.000000000000000000e+00
5.638079423107033250e+01,0.000000000000000000e+00
5.650224450463396408e+01,0.000000000000000000e+00
5.563872532137146720e+01,0.000000000000000000e+00
5.733942623691869045e+01,0.000000000000000000e+00
5.798838366442302572e+01,0.000000000000000000e+00
5.616981212350776076e+01,0.000000000000000000e+00
5.307973804497236614e+01,0.000000000000000000e+00
5.379670742797854643e+01,0.000000000000000000e+00
5.101798781953392847e+01,0.000000000000000000e+00
5.373979416257699881e+01,0.000000000000000000e+00
5.508640658951093627e+01,0.000000000000000000e+00
5.755338769270046129e+01,0.000000000000000000e+00
5.568900225616113886e+01,0.000000000000000000e+00
5.730862070872109371e+01,0.000000000000000000e+00
5.362181841052340303e+01,0.000000000000000000e+00
5.423556971192633114e+01,0.000000000000000000e+00
5.399333680223562482e+01,0.000000000000000000e+00
5.792792624587583816e+01,0.000000000000000000e+00
5.588713609464504373e+01,0.000000000000000000e+00
5.505852387907750511e+01,0.000000000000000000e+00
5.884490458111742583e+01,0.000000000000000000e+00
5.508847468886406062e+01,0.000000000000000000e+00
5.374620241090127593e+01,0.000000000000000000e+00
5.441440013694086986e+01,0.000000000000000000e+00
5.572897178370199356e+01,0.000000000000000000e+00
5.684887031209489550e+01,0.000000000000000000e+00
5.739808013678554488e+01,0.000000000000000000e+00
5.724919013601650164e+01,0.000000000000000000e+00
5.670113559863070662e+01,0.000000000000000000e+00
5.614368379089822270e+01,0.000000000000000000e+00
5.991877504578166480e+01,0.000000000000000000e+00
5.836288152443204780e+01,0.000000000000000000e+00
5.385226205604202221e+01,0.000000000000000000e+00
5.679008219853869832e+01,0.000000000000000000e+00
5.974311506036254116e+01,0.000000000000000000e+00
5.724441465749386992e+01,0.000000000000000000e+00
6.062915920710112516e+01,0.000000000000000000e+00
5.581661953451419578e+01,0.000000000000000000e+00
5.902735736832476476e+01,0.000000000000000000e+00
5.558340771926211943e+01,0.000000000000000000e+00
5.715459475882045837e+01,0.000000000000000000e+00
6.044647144865222543e+01,0.000000000000000000e+00
6.021704331035974889e+01,0.000000000000000000e+00
5.864286446977013867e+01,0.000000000000000000e+00
5.526889085950435998e+01,0.000000000000000000e+00
5.848785532611695714e+01,0.000000000000000000e+00
5.887457651392845293e+01,0.000000000000000000e+00
5.761816828365388687e+01,0.000000000000000000e+00
5.614173545854231406e+01,0.000000000000000000e+00
5.761298333010798700e+01,0.000000000000000000e+00
5.997156174211660584e+01,0.000000000000000000e+00
5.911785271147144272e+01,0.000000000000000000e+00
5.955929679286828105e+01,0.000000000000000000e+00
5.777866860843150931e+01,0.000000000000000000e+00
5.773204294350251331e+01,0.000000000000000000e+00
6.299504595415103836e+01,0.000000000000000000e+00
5.906470327382385221e+01,0.000000000000000000e+00
5.781198439876787631e+01,0.000000000000000000e+00
5.870162032380098083e+01,0.000000000000000000e+00
6.031965737197840838e+01,0.000000000000000000e+00
6.317006471819791358e+01,0.000000000000000000e+00
5.735842707342366253e+01,0.000000000000000000e+00
6.009709416107012458e+01,0.000000000000000000e+00
5.616228337689575767e+01,0.000000000000000000e+00
5.847499042858764540e+01,0.000000000000000000e+00
5.933433796066958621e+01,0.000000000000000000e+00
5.965128558708953932e+01,0.000000000000000000e+00
5.741755835810036501e+01,0.000000000000000000e+00
6.010605798046803727e+01,0.000000000000000000e+00
6.079042834342394741e+01,0.000000000000000000e+00
6.221244875605758295e+01,0.000000000000000000e+00
6.015903078536614856e+01,0.000000000000000000e+00
6.224876562035167638e+01,0.000000000000000000e+00
6.122981281010792998e+01,0.000000000000000000e+00
6.040215898818643581e+01,0.000000000000000000e+00
6.090222751904077825e+01,0.000000000000000000e+00
5.863531085351016259e+01,0.000000000000000000e+00
6.276838189166522852e+01,0.000000000000000000e+00
6.118227140404763986e+01,0.000000000000000000e+00
6.079453910920908299e+01,0.000000000000000000e+00
6.207826456724131958e+01,0.000000000000000000e+00
5.962727005022065185e+01,0.000000000000000000e+00
6.005831607065112365e+01,0.000000000000000000e+00
6.354431691816510153e+01,0.000000000000000000e+00
6.130460132546625118e+01,0.000000000000000000e+00
6.343189236082113780e+01,0.000000000000000000e+00
6.126840138136472547e+01,0.000000000000000000e+00
6.084816585718066762e+01,0.000000000000000000e+00
6.231366640197077800e+01,0.000000000000000000e+00
5.938492694145942608e+01,0.000000000000000000e+00
6.128719058619522997e+01,0.000000000000000000e+00
6.136913241187895096e+01,0.000000000000000000e+00
6.276322913887639743e+01,0.000000000000000000e+00
6.209664197009789888e+01,0.000000000000000000e+00
6.228631761697666747e+01,0.000000000000000000e+00
6.244457689499297004e+01,0.000000000000000000e+00
5.948717735795114692e+01,0.000000000000000000e+00
6.582269536897831586e+01,0.000000000000000000e+00
6.214932435869349803e+01,0.000000000000000000e+00
6.376194626905214591e+01,0.000000000000000000e+00
6.323169432064205608e+01,0.000000000000000000e+00
6.170787866230063656e+01,0.000000000000000000e+00
6.230908514790709063e+01,0.000000000000000000e+00
6.342596023732844657e+01,0.000000000000000000e+00
6.439463573878194325e+01,0.000000000000000000e+00
6.251934379046846857e+01,0.000000000000000000e+00
6.173724338882090024e+01,0.000000000000000000e+00
6.032827249582771856e+01,0.000000000000000000e+00
6.189078424743086515e+01,0.000000000000000000e+00
6.415987940944870616e+01,0.000000000000000000e+00
6.436114390747205505e+01,0.000000000000000000e+00
6.334587471181274054e+01,0.000000000000000000e+00
6.113173719532500172e+01,0.000000000000000000e+00
6.229704994506494131e+01,0.000000000000000000e+00
6.582905473122806939e+01,0.000000000000000000e+00
6.252039157938271785e+01,0.000000000000000000e+00
6.338382313842546978e+01,0.000000000000000000e+00
6.285628365764805636e+01,0.000000000000000000e+00
6.333329247457233180e+01,0.000000000000000000e+00
6.340639220047068392e+01,0.000000000000000000e+00
6.160216432592525138e+01,0.000000000000000000e+00
6.133843161330074878e+01,0.000000000000000000e+00
6.298881974214040014e+01,0.000000000000000000e+00
6.250568814574911869e+01,0.000000000000000000e+00
6.639636986917074069e+01,0.000000000000000000e+00
6.077570272809919061e+01,0.000000000000000000e+00
6.499965852724191961e+01,0.000000000000000000e+00
6.480233989224736035e+01,0.000000000000000000e+00
6.928809120010825495e+01,0.000000000000000000e+00
6.780425723386541392e+01,0.000000000000000000e+00
6.325783079534186015e+01,0.000000000000000000e+00
6.307254737461591532e+01,0.000000000000000000e+00
6.222169072316084737e+01,0.000000000000000000e+00
6.362083866064046589e+01,0.000000000000000000e+00
6.405833708632084722e+01,0.000000000000000000e+00
6.557272525454730783e+01,0.000000000000000000e+00
6.648279582128540710e+01,0.000000000000000000e+00
6.668347791272087477e+01,0.000000000000000000e+00
6.259683517044482670e+01,0.000000000000000000e+00
6.422172431015566474e+01,0.000000000000000000e+00
6.139276608685865000e+01,0.000000000000000000e+00
6.461257498086231976e+01,0.000000000000000000e+00
6.448462841356517572e+01,0.000000000000000000e+00
6.488127508448809522e+01,0.000000000000000000e+00
6.953299623285974462e+01,0.000000000000000000e+00
6.855176196326573290e+01,0.000000000000000000e+00
6.691323158827302109e+01,0.000000000000000000e+00
6.524676713837729380e+01,0.000000000000000000e+00
6.510945414606953818e+01,0.000000000000000000e+00
6.925268965657582498e+01,0.000000000000000000e+00
6.546727930533387507e+01,0.000000000000000000e+00
6.538635887639325972e+01,0.000000000000000000e+00
6.691032661206618570e+01,0.000000000000000000e+00
6.630372751311200830e+01,0.000000000000000000e+00
6.389229812505527661e+01,0.000000000000000000e+00
6.663289107579349491e+01,0.000000000000000000e+00
6.741206539707454226e+01,0.000000000000000000e+00
6.838100545692654464e+01,0.000000000000000000e+00
6.714381251100957115e+01,0.000000000000000000e+00
6.490952442927461163e+01,0.000000000000000000e+00
6.739692836680697496e+01,0.000000000000000000e+00
6.466173341909616568e+01,0.000000000000000000e+00
6.681965460297075765e+01,0.000000000000000000e+00
6.497699491896825919e+01,0.000000000000000000e+00
6.771169101904557408e+01,0.000000000000000000e+00
6.933284524844383157e+01,0.000000000000000000e+00
6.539948416191478486e+01,0.000000000000000000e+00
6.870030711647673627e+01,0.000000000000000000e+00
6.175554085106676894e+01,0.000000000000000000e+00
6.735374703693040033e+01,0.000000000000000000e+00
6.506104861059051814e+01,0.000000000000000000e+00
6.822423567185047943e+01,0.000000000000000000e+00
7.231265251720671472e+01,0.000000000000000000e+00
6.469155581941177502e+01,0.000000000000000000e+00
6.889622082382021517e+01,0.000000000000000000e+00
6.781271761043335289e+01,0.000000000000000000e+00
6.342904229776569736e+01,0.000000000000000000e+00
6.837595733224162586e+01,0.000000000000000000e+00
6.441774965792160401e+01,0.000000000000000000e+00
7.059281506359234015e+01,0.000000000000000000e+00
6.727224863299925062e+01,0.000000000000000000e+00
6.814843882635945249e+01,0.000000000000000000e+00
6.759380337221021762e+01,0.000000000000000000e+00
7.021766982858976291e+01,0.000000000000000000e+00
6.850978110484493300e+01,0.000000000000000000e+00
6.643993230106107717e+01,0.000000000000000000e+00
6.685635221958790453e+01,0.000000000000000000e+00
6.833387926678035740e+01,0.000000000000000000e+00
6.797953773004179823e+01,0.000000000000000000e+00
6.652686140797671044e+01,0.000000000000000000e+00
6.628246670862513668e+01,0.000000000000000000e+00
6.642944447941135877e+01,0.000000000000000000e+00
6.916812911790246687e+01,0.000000000000000000e+00
6.828472080347263784e+01,0.000000000000000000e+00
7.090041522008655761e+01,0.000000000000000000e+00
6.890261326973157452e+01,0.000000000000000000e+00
6.953414377959222747e+01,0.000000000000000000e+00
6.990818246297730809e+01,0.000000000000000000e+00
7.180920797992339999e+01,0.000000000000000000e+00
6.972431381071513101e+01,0.000000000000000000e+00
7.293574216522965514e+01,0.000000000000000000e+00
6.824874345412204946e+01,0.000000000000000000e+00
7.439362621153726707e+01,0.000000000000000000e+00
6.743962273119221607e+01,0.000000000000000000e+00
7.085028821589607162e+01,0.000000000000000000e+00
7.046145452530826958e+01,0.000000000000000000e+00
6.801008875338781934e+01,0.000000000000000000e+00
7.290033407198218640e+01,0.000000000000000000e+00
6.848607265757016194e+01,0.000000000000000000e+00
6.980615769069524390e+01,0.000000000000000000e+00
6.778072074026455596e+01,0.000000000000000000e+00
6.790779847669490721e+01,0.000000000000000000e+00
7.087301127989279337e+01,0.000000000000000000e+00
6.971516821951723841e+01,0.000000000000000000e+00
7.117089599018336799e+01,0.000000000000000000e+00
6.736892207781536968e+01,0.000000000000000000e+00
6.832121868299060452e+01,0.000000000000000000e+00
6.994142974438554461e+01,0.000000000000000000e+00
7.090813024741565584e+01,0.000000000000000000e+00
6.900459629044495102e+01,0.000000000000000000e+00
6.813253276813776438e+01,0.000000000000000000e+00
7.003633776495205154e+01,0.000000000000000000e+00
7.162154205529921569e+01,0.000000000000000000e+00
7.401595110960067814e+01,0.000000000000000000e+00
7.012760776672321583e+01,0.000000000000000000e+00
6.924946446789702748e+01,0.000000000000000000e+00
7.160212679155883109e+01,0.000000000000000000e+00
6.908023325775384649e+01,0.000000000000000000e+00
7.591229378991569376e+01,0.000000000000000000e+00
6.696182031866086959e+01,0.000000000000000000e+00
7.365431569051565930e+01,0.000000000000000000e+00
6.998850076772352224e+01,0.000000000000000000e+00
7.274551110825102285e+01,0.000000000000000000e+00
7.113694938942755641e+01,0.000000000000000000e+00
7.354605078219425707e+01,0.000000000000000000e+00
7.110919325942575142e+01,0.000000000000000000e+00
7.039797777584952598e+01,0.000000000000000000e+00
7.371607978770714453e+01,0.000000000000000000e+00
7.123579457817557170e+01,0.000000000000000000e+00
7.024991630799713960e+01,0.000000000000000000e+00
6.875898649181890221e+01,0.000000000000000000e+00
7.093392722191330790e+01,0.000000000000000000e+00
7.402698090333318248e+01,0.000000000000000000e+00
7.150780613413259346e+01,0.000000000000000000e+00
6.951164246017900439e+01,0.000000000000000000e+00
7.297827306412611392e+01,0.000000000000000000e+00
7.195427174599457487e+01,0.000000000000000000e+00
7.343237497990477891e+01,0.000000000000000000e+00
7.387308924686756484e+01,0.000000000000000000e+00
7.196700100389755050e+01,0.000000000000000000e+00
7.354128874209074240e+01,0.000000000000000000e+00
7.069902614558601783e+01,0.000000000000000000e+00
6.985052127099989150e+01,0.000000000000000000e+00
7.250460503608655927e+01,0.000000000000000000e+00
7.660184996216707987e+01,0.000000000000000000e+00
7.074869040336834303e+01,0.000000000000000000e+00
7.317999011117311170e+01,0.000000000000000000e+00
7.542937305054087460e+01,0.000000000000000000e+00
7.092122866205873777e+01,0.000000000000000000e+00
7.721692540568329832e+01,0.000000000000000000e+00
7.514077910652939352e+01,0.000000000000000000e+00
6.898885127771313819e+01,0.000000000000000000e+00
7.378824209538240098e+01,0.000000000000000000e+00
7.527282604555213652e+01,0.000000000000000000e+00
7.291495340474024545e+01,0.000000000000000000e+00
7.443363650616727512e+01,0.000000000000000000e+00
7.563558976035825765e+01,0.000000000000000000e+00
7.314393572450457270e+01,0.000000000000000000e+00
7.249523007821986198e+01,0.000000000000000000e+00
7.749614060145216854e+01,0.000000000000000000e+00
7.410910069322231664e+01,0.000000000000000000e+00
7.294424640487939371e+01,0.000000000000000000e+00
7.469673337732267271e+01,0.000000000000000000e+00
7.687509272703265140e+01,0.000000000000000000e+00
7.264464550467616277e+01,0.000000000000000000e+00
7.216181610371742750e+01,0.000000000000000000e+00
7.294170745532454703e+01,0.000000000000000000e+00
7.758201901168114034e+01,0.000000000000000000e+00
7.244995995580367776e+01,0.000000000000000000e+00
7.353016582527422429e+01,0.000000000000000000e+00
7.269071885459092641e+01,0.000000000000000000e+00
7.262042365130035648e+01,0.000000000000000000e+00
7.423425900841742475e+01,0.000000000000000000e+00
7.346425373831279160e+01,0.000000000000000000e+00
7.658805834330364348e+01,0.000000000000000000e+00
7.128830386741307734e+01,0.000000000000000000e+00
7.652345905378929558e+01,0.000000000000000000e+00
7.130946699630841579e+01,0.000000000000000000e+00
7.234863125448283938e+01,0.000000000000000000e+00
6.974166853291164614e+01,0.000000000000000000e+00
7.265511364610371459e+01,0.000000000000000000e+00
7.558860642870872937e+01,0.000000000000000000e+00
7.659997712843035345e+01,0.000000000000000000e+00
7.703278767056809784e+01,0.000000000000000000e+00
7.414498362443893598e+01,0.000000000000000000e+00
7.618370392238571753e+01,0.000000000000000000e+00
7.138240774837053948e+01,0.000000000000000000e+00
7.766519721039415458e+01,0.000000000000000000e+00
7.554541714214042258e+01,0.000000000000000000e+00
7.667476191284515608e+01,0.000000000000000000e+00
7.187898795302193378e+01,0.000000000000000000e+00
7.287771148893376960e+01,0.000000000000000000e+00
7.253642935821223148e+01,0.000000000000000000e+00
7.717760231410748872e+01,0.000000000000000000e+00
7.347993996877497125e+01,0.000000000000000000e+00
7.541287964798900134e+01,0.000000000000000000e+00
7.390812029048515797e+01,0.000000000000000000e+00
7.458562857978684235e+01,0.000000000000000000e+00
7.334742925979691108e+01,0.000000000000000000e+00
7.247432876670205815e+01,0.000000000000000000e+00
7.527896010397164162e+01,0.000000000000000000e+00
7.732356660706687990e+01,0.000000000000000000e+00
7.211932395540050322e+01,0.000000000000000000e+00
7.049851040173511763e+01,0.000000000000000000e+00
7.650279396579520608e+01,0.000000000000000000e+00
7.436875822079555576e+01,0.000000000000000000e+00
7.616687556334754561e+01,0.000000000000000000e+00
7.428881663467622332e+01,0.000000000000000000e+00
7.515987288235970709e+01,0.000000000000000000e+00
7.399632667363948713e+01,0.000000000000000000e+00
7.580496857914859277e+01,0.000000000000000000e+00
7.476834330007677920e+01,0.000000000000000000e+00
7.769910824386484194e+01,0.000000000000000000e+00
7.407998247063270014e+01,0.000000000000000000e+00
7.306718886116881606e+01,0.000000000000000000e+00
7.583750441799210762e+01,0.000000000000000000e+00
7.641362062440276759e+01,0.000000000000000000e+00
7.171620815883443356e+01,0.000000000000000000e+00
7.525348050871615158e+01,0.000000000000000000e+00
7.537960244007818744e+01,0.000000000000000000e+00
7.905297910756392810e+01,0.000000000000000000e+00
7.529817561022532857e+01,0.000000000000000000e+00
7.688349250570567506e+01,0.000000000000000000e+00
7.559160204109728909e+01,0.000000000000000000e+00
7.877445633099208067e+01,0.000000000000000000e+00
7.738786401919765012e+01,0.000000000000000000e+00
7.743134634819794826e+01,0.000000000000000000e+00
7.302091397116547000e+01,0.000000000000000000e+00
7.916890037063068064e+01,0.000000000000000000e+00
7.457664460953964181e+01,0.000000000000000000e+00
7.686846408346870874e+01,0.000000000000000000e+00
7.542524876181154525e+01,0.000000000000000000e+00
7.473495578784969950e+01,0.000000000000000000e+00
7.400197246215502389e+01,0.000000000000000000e+00
7.846006193273959184e+01,0.000000000000000000e+00
7.616218947612070167e+01,0.000000000000000000e+00
7.207983401534443146e+01,0.000000000000000000e+00
7.229600139701364014e+01,0.000000000000000000e+00
7.794739264329186312e+01,0.000000000000000000e+00
7.503119091175769029e+01,0.000000000000000000e+00
7.570505951525743171e+01,0.000000000000000000e+00
7.871985940273746962e+01,0.000000000000000000e+00
7.608701843773307871e+01,0.000000000000000000e+00
7.989358662810417400e+01,0.000000000000000000e+00
7.744222389497431891e+01,0.000000000000000000e+00
7.269746300140324990e+01,0.000000000000000000e+00
8.116602983672592586e+01,0.000000000000000000e+00
7.879714601417170172e+01,0.000000000000000000e+00
7.729326501296955598e+01,0.000000000000000000e+00
7.415288240143861742e+01,0.000000000000000000e+00
7.613043677221217820e+01,0.000000000000000000e+00
7.499563721852855736e+01,0.000000000000000000e+00
7.660250739928966368e+01,0.000000000000000000e+00
7.377999735545768090e+01,0.000000000000000000e+00
7.832670957259531974e+01,0.000000000000000000e+00
7.990415410163288357e+01,0.000000000000000000e+00
7.653359694615878084e+01,0.000000000000000000e+00
7.833153681330911411e+01,0.000000000000000000e+00
7.757701897535505964e+01,0.000000000000000000e+00
7.418064644523249740e+01,0.000000000000000000e+00
7.811598031488057359e+01,0.000000000000000000e+00
7.604159513949868199e+01,0.000000000000000000e+00
7.507416981734176886e+01,0.000000000000000000e+00
7.876900903070583126e+01,0.000000000000000000e+00
7.810013833175607090e+01,0.000000000000000000e+00
7.758145249012116551e+01,0.000000000000000000e+00
7.750549511376729583e+01,0.000000000000000000e+00
7.803721679330907079e+01,0.000000000000000000e+00
7.721888700136402406e+01,0.000000000000000000e+00
7.680915614521816792e+01,0.000000000000000000e+00
7.748227521580567156e+01,0.000000000000000000e+00
7.778415334298394157e+01,0.000000000000000000e+00
7.980717043828965984e+01,0.000000000000000000e+00
7.924833561724558706e+01,0.000000000000000000e+00
7.731091063358142890e+01,0.000000000000000000e+00
7.827507998660097144e+01,0.000000000000000000e+00
7.751343773687214878e+01,0.000000000000000000e+00
7.610149396193388327e+01,0.000000000000000000e+00
7.791413693291733011e+01,0.000000000000000000e+00
8.315669915416856384e+01,0.000000000000000000e+00
7.871182354279699211e+01,0.000000000000000000e+00
8.035375157581984240e+01,0.000000000000000000e+00
7.803015940968963093e+01,0.000000000000000000e+00
7.726390733438091729e+01,0.000000000000000000e+00
8.153709592201840906e+01,0.000000000000000000e+00
7.834912683510978582e+01,0.000000000000000000e+00
7.780331381542342228e+01,0.000000000000000000e+00
8.015291844928076159e+01,0.000000000000000000e+00
7.721331023881727162e+01,0.000000000000000000e+00
7.814314845789309061e+01,0.000000000000000000e+00
7.626310758813596635e+01,0.000000000000000000e+00
7.742642864035678940e+01,0.000000000000000000e+00
7.495169011414230908e+01,0.000000000000000000e+00
8.164790368986854219e+01,0.000000000000000000e+00
8.069941327956308896e+01,0.000000000000000000e+00
8.012461309146162591e+01,0.000000000000000000e+00
7.901019128144021408e+01,0.000000000000000000e+00
7.618316311096111804e+01,0.000000000000000000e+00
8.194787568455075188e+01,0.000000000000000000e+00
7.623379773064824860e+01,0.000000000000000000e+00
7.819972550778848586e+01,0.000000000000000000e+00
8.121228806858673011e+01,0.000000000000000000e+00
7.879266500093837067e+01,0.000000000000000000e+00
7.860918770338741979e+01,0.000000000000000000e+00
7.838770453622808532e+01,0.000000000000000000e+00
7.789987116903496656e+01,0.000000000000000000e+00
7.838843442964183339e+01,0.000000000000000000e+00
7.533663251957428031e+01,0.000000000000000000e+00
7.607790692924321263e+01,0.000000000000000000e+00
8.008898544372794959e+01,0.000000000000000000e+00
8.096986556345018471e+01,0.000000000000000000e+00
7.904581768543431508e+01,0.000000000000000000e+00
7.571630549414332734e+01,0.000000000000000000e+00
7.628697597185397683e+01,0.000000000000000000e+00
7.869693317467218208e+01,0.000000000000000000e+00
8.047059940379051568e+01,0.000000000000000000e+00
7.551898750896394574e+01,0.000000000000000000e+00
7.678173539692798499e+01,0.000000000000000000e+00
7.990974443795411730e+01,0.000000000000000000e+00
7.613549750608777344e+01,0.000000000000000000e+00
7.893405946919891392e+01,0.000000000000000000e+00
7.370333873423699345e+01,0.000000000000000000e+00
8.038079611613636644e+01,0.000000000000000000e+00
7.907821319506365398e+01,0.000000000000000000e+00
8.293601385176857832e+01,0.000000000000000000e+00
7.817789862034842940e+01,0.000000000000000000e+00
7.789211690290173351e+01,0.000000000000000000e+00
7.733650376655560876e+01,0.000000000000000000e+00
8.091551213825884759e+01,0.000000000000000000e+00
8.306959049725035982e+01,0.000000000000000000e+00
8.013777180005220657e+01,0.000000000000000000e+00
8.112454769952549327e+01,0.000000000000000000e+00
8.154927284208933713e+01,0.000000000000000000e+00
7.610819916306606103e+01,0.000000000000000000e+00
7.789101059130840099e+01,0.000000000000000000e+00
7.730740092518313133e+01,0.000000000000000000e+00
8.180399794001949942e+01,0.000000000000000000e+00
7.848392217716316566e+01,0.000000000000000000e+00
8.289452943905666871e+01,0.000000000000000000e+00
7.581018550138769285e+01,0.000000000000000000e+00
7.924167627824046178e+01,0.000000000000000000e+00
8.219867465844671983e+01,0.000000000000000000e+00
8.190249617482137978e+01,0.000000000000000000e+00
7.842161749094151446e+01,0.000000000000000000e+00
8.335502654857043581e+01,0.000000000000000000e+00
7.628202027790501916e+01,0.000000000000000000e+00
8.085146464694000201e+01,0.000000000000000000e+00
7.826324103786329545e+01,0.000000000000000000e+00
8.092595518971002377e+01,0.000000000000000000e+00
8.232272869597757392e+01,0.000000000000000000e+00
8.131278838333221870e+01,0.000000000000000000e+00
7.770397686514147040e+01,0.000000000000000000e+00
8.007139201396572048e+01,0.000000000000000000e+00
7.778017430553512668e+01,0.000000000000000000e+00
7.740261825008978747e+01,0.000000000000000000e+00
8.382068117613202674e+01,0.000000000000000000e+00
7.840200129412920660e+01,0.000000000000000000e+00
8.218014592814037655e+01,0.000000000000000000e+00
8.102750871159361168e+01,0.000000000000000000e+00
8.374947977000232413e+01,0.000000000000000000e+00
8.394054502063690393e+01,0.000000000000000000e+00
8.093080085512616506e+01,0.000000000000000000e+00
7.985350064415882798e+01,0.000000000000000000e+00
8.104405471109495807e+01,0.000000000000000000e+00
7.831627877367586166e+01,0.000000000000000000e+00
7.966309736100309635e+01,0.000000000000000000e+00
8.139137569820930196e+01,0.000000000000000000e+00
7.813980984419580977e+01,0.000000000000000000e+00
7.825148921764854038e+01,0.000000000000000000e+00
7.728334750059001124e+01,0.000000000000000000e+00
7.924343964137148077e+01,0.000000000000000000e+00
8.134405609502502443e+01,0.000000000000000000e+00
7.718136288438981296e+01,0.000000000000000000e+00
7.926455312299530931e+01,0.000000000000000000e+00
8.210739371018055976e+01,0.000000000000000000e+00
8.067460950953866927e+01,0.000000000000000000e+00
8.180045390806692751e+01,0.000000000000000000e+00
7.834244382034924570e+01,0.000000000000000000e+00
8.129531886433703392e+01,0.000000000000000000e+00
8.268456424606104349e+01,0.000000000000000000e+00
8.422594087555823705e+01,0.000000000000000000e+00
7.611838194569045868e+01,0.000000000000000000e+00
8.156258128453920619e+01,0.000000000000000000e+00
7.332162336668426406e+01,0.000000000000000000e+00
8.161655908746149635e+01,0.000000000000000000e+00
7.941192596682670057e+01,0.000000000000000000e+00
8.170089937434735816e+01,0.000000000000000000e+00
8.035262271704367265e+01,0.000000000000000000e+00
8.120950205485503659e+01,0.000000000000000000e+00
7.378331559825144836e+01,0.000000000000000000e+00
8.017160093494493367e+01,0.000000000000000000e+00
7.977117442159185146e+01,0.000000000000000000e+00
7.856224183587457333e+01,0.000000000000000000e+00
7.967504459058417865e+01,0.000000000000000000e+00
7.933183415706596975e+01,0.000000000000000000e+00
7.752467677256264267e+01,0.000000000000000000e+00
7.701528254033954113e+01,0.000000000000000000e+00
7.586431079946743239e+01,0.000000000000000000e+00
7.899814900478246216e+01,0.000000000000000000e+00
8.137023022679154849e+01,0.000000000000000000e+00
8.087374935110021568e+01,0.000000000000000000e+00
8.284612313339417256e+01,0.000000000000000000e+00
8.296405841016006377e+01,0.000000000000000000e+00
7.996844621657305652e+01,0.000000000000000000e+00
8.178200884177464047e+01,0.000000000000000000e+00
8.095073533710944957e+01,0.000000000000000000e+00
8.349599217153063080e+01,0.000000000000000000e+00
7.901513069973221093e+01,0.000000000000000000e+00
7.754352778090773768e+01,0.000000000000000000e+00
8.021686706107794862e+01,0.000000000000000000e+00
7.792781146164281836e+01,0.000000000000000000e+00
7.780649104930824933e+01,0.000000000000000000e+00
8.224185230358783372e+01,0.000000000000000000e+00
7.769217087383930220e+01,0.000000000000000000e+00
8.015539662956580003e+01,0.000000000000000000e+00
7.790193477189509963e+01,0.000000000000000000e+00
7.898850154071516272e+01,0.000000000000000000e+00
7.692181879688372703e+01,0.000000000000000000e+00
7.661087116336032921e+01,0.000000000000000000e+00
8.264244190278391500e+01,0.000000000000000000e+00
7.975412955155768202e+01,0.000000000000000000e+00
7.741150929930198288e+01,0.000000000000000000e+00
8.161138103127602506e+01,0.000000000000000000e+00
7.936373598569096544e+01,0.000000000000000000e+00
8.039009483749818230e+01,0.000000000000000000e+00
7.760231768445798650e+01,0.000000000000000000e+00
7.734188834069425411e+01,0.000000000000000000e+00
8.057160936939597207e+01,0.000000000000000000e+00
8.051567907366688814e+01,0.000000000000000000e+00
8.135393355385131997e+01,0.000000000000000000e+00
7.883361381952227021e+01,0.000000000000000000e+00
7.747584361894014648e+01,0.000000000000000000e+00
8.050666253978197062e+01,0.000000000000000000e+00
8.017604416455216665e+01,0.000000000000000000e+00
7.623035179220524071e+01,0.000000000000000000e+00
8.036625911626090613e+01,0.000000000000000000e+00
7.808335360160637606e+01,0.000000000000000000e+00
7.958018009287434325e+01,0.000000000000000000e+00
7.767711960344919930e+01,0.000000000000000000e+00
7.821006975014323359e+01,0.000000000000000000e+00
8.161704430067860017e+01,0.000000000000000000e+00
7.783267612759891563e+01,0.000000000000000000e+00
7.846942100345633264e+01,0.000000000000000000e+00
7.869094279668794911e+01,0.000000000000000000e+00
8.033207782006714126e+01,0.000000000000000000e+00
8.162778820538352420e+01,0.000000000000000000e+00
8.065585092296568348e+01,0.000000000000000000e+00
8.135188448961235963e+01,0.000000000000000000e+00
7.826688925354464743e+01,0.000000000000000000e+00
7.951364838228747089e+01,0.000000000000000000e+00
8.247430577890108339e+01,0.000000000000000000e+00
8.153810578074234172e+01,0.000000000000000000e+00
7.785078189307087371e+01,0.000000000000000000e+00
7.933649119711760989e+01,0.000000000000000000e+00
8.016343902176242864e+01,0.000000000000000000e+00
7.670623507283742981e+01,0.000000000000000000e+00
7.802866827039568420e+01,0.000000000000000000e+00
7.694632021696553181e+01,0.000000000000000000e+00
7.765588356715356610e+01,0.000000000000000000e+00
8.298266218550581641e+01,0.000000000000000000e+00
7.727038024447129771e+01,0.000000000000000000e+00
7.725690411238365130e+01,0.000000000000000000e+00
8.006249893483602875e+01,0.000000000000000000e+00
8.033385793162034361e+01,0.000000000000000000e+00
8.125160237213525249e+01,0.000000000000000000e+00
8.605216633822669792e+01,0.000000000000000000e+00
7.665948030826760373e+01,0.000000000000000000e+00
8.091928265644170892e+01,0.000000000000000000e+00
7.828325413837323765e+01,0.000000000000000000e+00
7.908685130125989815e+01,0.000000000000000000e+00
7.966174456301715168e+01,0.000000000000000000e+00
7.758118511869687950e+01,0.000000000000000000e+00
7.947811554054599981e+01,0.000000000000000000e+00
8.110833435260643398e+01,0.000000000000000000e+00
7.993435714900903122e+01,0.000000000000000000e+00
7.946969690227673766e+01,0.000000000000000000e+00
7.939938710319485438e+01,0.000000000000000000e+00
7.673875617975090790e+01,0.000000000000000000e+00
8.069561552338764443e+01,0.000000000000000000e+00
7.905165665389327501e+01,0.000000000000000000e+00
8.041317934444603566e+01,0.000000000000000000e+00
7.845698691887481857e+01,0.000000000000000000e+00
7.793317844618567847e+01,0.000000000000000000e+00
7.786153223810428869e+01,0.000000000000000000e+00
8.145515470916249967e+01,0.000000000000000000e+00
7.825663755523933673e+01,0.000000000000000000e+00
8.167059729395793966e+01,0.000000000000000000e+00
7.796630846485383870e+01,0.000000000000000000e+00
8.234252539817150307e+01,0.000000000000000000e+00
8.071816866698256376e+01,0.000000000000000000e+00
8.227031984812948906e+01,0.000000000000000000e+00
7.772455218126711429e+01,0.000000000000000000e+00
8.117654811506851331e+01,0.000000000000000000e+00
7.589313479204366786e+01,0.000000000000000000e+00
7.909320096316922388e+01,0.000000000000000000e+00
7.944732669879489606e+01,0.000000000000000000e+00
7.978251525075550887e+01,0.000000000000000000e+00
7.965371685121567680e+01,0.000000000000000000e+00
8.120799228431292249e+01,0.000000000000000000e+00
8.006077967773588000e+01,0.000000000000000000e+00
7.751533505010391423e+01,0.000000000000000000e+00
7.799407626312743957e+01,0.000000000000000000e+00
7.991336601569852860e+01,0.000000000000000000e+00
8.312072089100259120e+01,0.000000000000000000e+00
7.947261862004380362e+01,0.000000000000000000e+00
7.770847949041363734e+01,0.000000000000000000e+00
7.982993505407252144e+01,0.000000000000000000e+00
7.680125349289353665e+01,0.000000000000000000e+00
8.010326841181040436e+01,0.000000000000000000e+00
8.207324254958192000e+01,0.000000000000000000e+00
7.854409149874061313e+01,0.000000000000000000e+00
8.065194654964160748e+01,0.000000000000000000e+00
8.007179853989488549e+01,0.000000000000000000e+00
7.970724746196012234e+01,0.000000000000000000e+00
8.322515281277432564e+01,0.000000000000000000e+00
7.836832374202511176e+01,0.000000000000000000e+00
7.643772852807617824e+01,0.000000000000000000e+00
7.729045397181383237e+01,0.000000000000000000e+00
7.576417701523526205e+01,0.000000000000000000e+00
7.808361150126660277e+01,0.000000000000000000e+00
7.725313357047173213e+01,0.000000000000000000e+00
7.811083457683463394e+01,0.000000000000000000e+00
8.154577771007866716e+01,0.000000000000000000e+00
7.945091486755973165e+01,0.000000000000000000e+00
7.707004584088370791e+01,0.000000000000000000e+00
7.738084028198282738e+01,0.000000000000000000e+00
7.985211293717611625e+01,0.000000000000000000e+00
7.803874873382063981e+01,0.000000000000000000e+00
7.824665578348474071e+01,0.000000000000000000e+00
7.592990320694269712e+01,0.000000000000000000e+00
7.942177906493925832e+01,0.000000000000000000e+00
7.978361598950735356e+01,0.000000000000000000e+00
8.070188519798558957e+01,0.000000000000000000e+00
8.066438053673915931e+01,0.000000000000000000e+00
8.022091491515672601e+01,0.000000000000000000e+00
7.816881839609128235e+01,0.000000000000000000e+00
7.611785840666411218e+01,0.000000000000000000e+00
8.061292761895332148e+01,0.000000000000000000e+00
7.768517192174235220e+01,0.000000000000000000e+00
7.684239887198582153e+01,0.000000000000000000e+00
7.789695287960061876e+01,0.000000000000000000e+00
8.013176241079233364e+01,0.000000000000000000e+00
7.785032209617523336e+01,0.000000000000000000e+00
7.520475024168089817e+01,0.000000000000000000e+00
7.611376977934817489e+01,0.000000000000000000e+00
8.089049935471838637e+01,0.000000000000000000e+00
7.807842004133560465e+01,0.000000000000000000e+00
8.124794256070538268e+01,0.000000000000000000e+00
7.738750835673778283e+01,0.000000000000000000e+00
8.086091066333138144e+01,0.000000000000000000e+00
7.593128165663630114e+01,0.000000000000000000e+00
7.817171075246385215e+01,0.000000000000000000e+00
7.911749797033456844e+01,0.000000000000000000e+00
7.887440027989715929e+01,0.000000000000000000e+00
7.817096001757902002e+01,0.000000000000000000e+00
7.635497252555583714e+01,0.000000000000000000e+00
7.575114518985529344e+01,0.000000000000000000e+00
7.849534875138451184e+01,0.000000000000000000e+00
7.796964513060254376e+01,0.000000000000000000e+00
7.883648920956422046e+01,0.000000000000000000e+00
7.475394748481480178e+01,0.000000000000000000e+00
7.623405890776368210e+01,0.000000000000000000e+00
7.600987856877380011e+01,0.000000000000000000e+00
8.142811753532767227e+01,0.000000000000000000e+00
7.557704602701628005e+01,0.000000000000000000e+00
7.786360170790636914e+01,0.000000000000000000e+00
7.755548090319540222e+01,0.000000000000000000e+00
7.424269958008073900e+01,0.000000000000000000e+00
7.974372076835652479e+01,0.000000000000000000e+00
7.442714407760531969e+01,0.000000000000000000e+00
7.733528853704576989e+01,0.000000000000000000e+00
7.781712431847374489e+01,0.000000000000000000e+00
7.796020541717605568e+01,0.000000000000000000e+00
7.513358028989486570e+01,0.000000000000000000e+00
7.841660946119183961e+01,0.000000000000000000e+00
7.661078731120196039e+01,0.000000000000000000e+00
7.885898066990833399e+01,0.000000000000000000e+00
7.663071315594218902e+01,0.000000000000000000e+00
7.840504488978659481e+01,0.000000000000000000e+00
7.363726728362932761e+01,0.000000000000000000e+00
7.409700718687746246e+01,0.000000000000000000e+00
7.606140691368234741e+01,0.000000000000000000e+00
7.929209194704128549e+01,0.000000000000000000e+00
7.607971804005681804e+01,0.000000000000000000e+00
7.707812558229466049e+01,0.000000000000000000e+00
7.371196861148557389e+01,0.000000000000000000e+00
7.829947899870529682e+01,0.000000000000000000e+00
7.519293479760635535e+01,0.000000000000000000e+00
7.819870401833735230e+01,0.000000000000000000e+00
8.002175361065178549e+01,0.000000000000000000e+00
7.579423137467998117e+01,0.000000000000000000e+00
7.642987619863718862e+01,0.000000000000000000e+00
7.930093082290925111e+01,0.000000000000000000e+00
7.802620175327342622e+01,0.000000000000000000e+00
7.551642884728892113e+01,0.000000000000000000e+00
7.364381799818256980e+01,0.000000000000000000e+00
7.204657501261564789e+01,0.000000000000000000e+00
7.620714969793701243e+01,0.000000000000000000e+00
7.580913658081109929e+01,0.000000000000000000e+00
7.713101266247447541e+01,0.000000000000000000e+00
7.699188465585118024e+01,0.000000000000000000e+00
7.296113513585832777e+01,0.000000000000000000e+00
7.559696572028938988e+01,0.000000000000000000e+00
7.452908711715144818e+01,0.000000000000000000e+00
7.251734661184538311e+01,0.000000000000000000e+00
7.480742637008705742e+01,0.000000000000000000e+00
7.212103320767165826e+01,0.000000000000000000e+00
7.574204458458427780e+01,0.000000000000000000e+00
7.312641771356689446e+01,0.000000000000000000e+00
7.570330750092587380e+01,0.000000000000000000e+00
7.965141344735899054e+01,0.000000000000000000e+00
7.696262788758529894e+01,0.000000000000000000e+00
7.635581464335044188e+01,0.000000000000000000e+00
7.641588398342095445e+01,0.000000000000000000e+00
7.298745504623612135e+01,0.000000000000000000e+00
7.511176682826186379e+01,0.000000000000000000e+00
7.274547588015133215e+01,0.000000000000000000e+00
7.495939708348109320e+01,0.000000000000000000e+00
7.649264737666473479e+01,0.000000000000000000e+00
7.932990176832309714e+01,0.000000000000000000e+00
7.307195938489130072e+01,0.000000000000000000e+00
7.556598988845743747e+01,0.000000000000000000e+00
7.382625202156864930e+01,0.000000000000000000e+00
7.790950831302660617e+01,0.000000000000000000e+00
7.874229351272198585e+01,0.000000000000000000e+00
7.193916664722942755e+01,0.000000000000000000e+00
7.494365956325941625e+01,0.000000000000000000e+00
7.464179666980727745e+01,0.000000000000000000e+00
7.437140103216610498e+01,0.000000000000000000e+00
7.421043917889092256e+01,0.000000000000000000e+00
7.419864362039895411e+01,0.000000000000000000e+00
7.295231539914742314e+01,0.000000000000000000e+00
7.425167846502257873e+01,0.000000000000000000e+00
7.516353729358920077e+01,0.000000000000000000e+00
7.479756842307988052e+01,0.000000000000000000e+00
7.293249494752159023e+01,0.000000000000000000e+00
7.268437242641535079e+01,0.000000000000000000e+00
7.685815323290249523e+01,0.000000000000000000e+00
7.320246272287215561e+01,0.000000000000000000e+00
7.393384212630917318e+01,0.000000000000000000e+00
7.296943337206042202e+01,0.000000000000000000e+00
7.666336620673857283e+01,0.000000000000000000e+00
7.489692553707520517e+01,0.000000000000000000e+00
7.338411770749570451e+01,0.000000000000000000e+00
7.418781887581889123e+01,0.000000000000000000e+00
7.711222625173468259e+01,0.000000000000000000e+00
7.370383638271513860e+01,0.000000000000000000e+00
7.395269946985318654e+01,0.000000000000000000e+00
7.448894309805918112e+01,0.000000000000000000e+00
7.637051131858702036e+01,0.000000000000000000e+00
7.255164794580481669e+01,0.000000000000000000e+00
7.426936044559452910e+01,0.000000000000000000e+00
7.107378862435761846e+01,0.000000000000000000e+00
7.146293943856819908e+01,0.000000000000000000e+00
7.232984359033684996e+01,0.000000000000000000e+00
7.161138964693671483e+01,0.000000000000000000e+00
7.277037234313310421e+01,0.000000000000000000e+00
7.041867488705230471e+01,0.000000000000000000e+00
7.497529985988353474e+01,0.000000000000000000e+00
7.400354343023633419e+01,0.000000000000000000e+00
7.471676180760206876e+01,0.000000000000000000e+00
7.435164565243714208e+01,0.000000000000000000e+00
7.037313356215274496e+01,0.000000000000000000e+00
7.205120277291571540e+01,0.000000000000000000e+00
7.211686574402276051e+01,0.000000000000000000e+00
7.588183743605875975e+01,0.000000000000000000e+00
7.291005985629196573e+01,0.000000000000000000e+00
6.994080885612758891e+01,0.000000000000000000e+00
7.316196360209239913e+01,0.000000000000000000e+00
7.315920049727743901e+01,0.000000000000000000e+00
7.187322659358491705e+01,0.000000000000000000e+00
6.917625857145456791e+01,0.000000000000000000e+00
7.249101756034343680e+01,0.000000000000000000e+00
6.952049295305319276e+01,0.000000000000000000e+00
6.933567117628912513e+01,0.000000000000000000e+00
7.085729647174554202e+01,0.000000000000000000e+00
7.494645670552689865e+01,0.000000000000000000e+00
7.305001036066381914e+01,0.000000000000000000e+00
6.978038101849152497e+01,0.000000000000000000e+00
7.140464177248333044e+01,0.000000000000000000e+00
7.018296048077597504e+01,0.000000000000000000e+00
6.900115747517665454e+01,0.000000000000000000e+00
7.251040356172208590e+01,0.000000000000000000e+00
7.153724540491522532e+01,0.000000000000000000e+00
7.054864369735474838e+01,0.000000000000000000e+00
7.092280784513722836e+01,0.000000000000000000e+00
7.174733741774696227e+01,0.000000000000000000e+00
7.322991785830103595e+01,0.000000000000000000e+00
6.982507772051489781e+01,0.000000000000000000e+00
7.435518188378776472e+01,0.000000000000000000e+00
6.949369536666551994e+01,0.000000000000000000e+00
7.323142929896263809e+01,0.000000000000000000e+00
7.096123366577323566e+01,0.000000000000000000e+00
7.274251805606752441e+01,0.000000000000000000e+00
7.253102682973811000e+01,0.000000000000000000e+00
7.095337442399723216e+01,0.000000000000000000e+00
7.039637223225233242e+01,0.000000000000000000e+00
6.988089069346152371e+01,0.000000000000000000e+00
7.123123293148209711e+01,0.000000000000000000e+00
7.324903754551947088e+01,0.000000000000000000e+00
7.142614523130608006e+01,0.000000000000000000e+00
6.966738222831864391e+01,0.000000000000000000e+00
6.839210984790577186e+01,0.000000000000000000e+00
6.742462903356904746e+01,0.000000000000000000e+00
7.155299103402175831e+01,0.000000000000000000e+00
6.963830308910972633e+01,0.000000000000000000e+00
7.374313346423105031e+01,0.000000000000000000e+00
7.225336039752566819e+01,0.000000000000000000e+00
6.891636650064680225e+01,0.000000000000000000e+00
7.137030765921467435e+01,0.000000000000000000e+00
6.996342838688001109e+01,0.000000000000000000e+00
6.930396942193857512e+01,0.000000000000000000e+00
6.898405188427328483e+01,0.000000000000000000e+00
6.907155685867979855e+01,0.000000000000000000e+00
7.166643681314187120e+01,0.000000000000000000e+00
7.093113846544062540e+01,0.000000000000000000e+00
6.843159333420632606e+01,0.000000000000000000e+00
7.015102609154240554e+01,0.000000000000000000e+00
7.279959194141342493e+01,0.000000000000000000e+00
6.813279103391656122e+01,0.000000000000000000e+00
7.216592535121699825e+01,0.000000000000000000e+00
6.882586739963616651e+01,0.000000000000000000e+00
7.310984598181887861e+01,0.000000000000000000e+00
7.005952866088333053e+01,0.000000000000000000e+00
7.007565342195977109e+01,0.000000000000000000e+00
6.702589934993243048e+01,0.000000000000000000e+00
7.168461030424523983e+01,0.000000000000000000e+00
7.066280712412506659e+01,0.000000000000000000e+00
6.809240784751655440e+01,0.000000000000000000e+00
6.754172573885880126e+01,0.000000000000000000e+00
6.833300626623331198e+01,0.000000000000000000e+00
7.188217070690808441e+01,0.000000000000000000e+00
6.678966805096023052e+01,0.000000000000000000e+00
6.949783639666469526e+01,0.000000000000000000e+00
6.778497982706534231e+01,0.000000000000000000e+00
6.694144035470563381e+01,0.000000000000000000e+00
6.881369057650424281e+01,0.000000000000000000e+00
6.691144069710834685e+01,0.000000000000000000e+00
6.537476058870196027e+01,0.000000000000000000e+00
6.954038608512568942e+01,0.000000000000000000e+00
6.651558705429216900e+01,0.000000000000000000e+00
7.189320835025166900e+01,0.000000000000000000e+00
6.958618096409914244e+01,0.000000000000000000e+00
6.744409743325030604e+01,0.000000000000000000e+00
6.930962033614935081e+01,0.000000000000000000e+00
6.863427008575465038e+01,0.000000000000000000e+00
6.947808859647103930e+01,0.000000000000000000e+00
6.953814842173915167e+01,0.000000000000000000e+00
7.100752867770123089e+01,0.000000000000000000e+00
6.937421093666063143e+01,0.000000000000000000e+00
6.699482655794076891e+01,0.000000000000000000e+00
7.031277474477356293e+01,0.000000000000000000e+00
6.855052978276015097e+01,0.000000000000000000e+00
6.825319451214646449e+01,0.000000000000000000e+00
6.884140921084616593e+01,0.000000000000000000e+00
6.646150715368966644e+01,0.000000000000000000e+00
6.887496337108052558e+01,0.000000000000000000e+00
6.957872530035429293e+01,0.000000000000000000e+00
6.923093251136299386e+01,0.000000000000000000e+00
6.574615633734781284e+01,0.000000000000000000e+00
6.533991972057576447e+01,0.000000000000000000e+00
6.560184651778081388e+01,0.000000000000000000e+00
6.499489884799821482e+01,0.000000000000000000e+00
6.637862935045745871e+01,0.000000000000000000e+00
6.839515418110548239e+01,0.000000000000000000e+00
6.963200697603021183e+01,0.000000000000000000e+00
7.137808472450983288e+01,0.000000000000000000e+00
6.291319338152319318e+01,0.000000000000000000e+00
6.755006939133872379e+01,0.000000000000000000e+00
6.828733126977785162e+01,0.000000000000000000e+00
6.424699438131763429e+01,0.000000000000000000e+00
6.669105678428914530e+01,0.000000000000000000e+00
6.651809394252116192e+01,0.000000000000000000e+00
6.415761786579200532e+01,0.000000000000000000e+00
6.800593703438551074e+01,0.000000000000000000e+00
6.428511387963402512e+01,0.000000000000000000e+00
6.365050523204784838e+01,0.000000000000000000e+00
6.489498760827690660e+01,0.000000000000000000e+00
6.387014967046468428e+01,0.000000000000000000e+00
6.897877586276609918e+01,0.000000000000000000e+00
6.646420705366040238e+01,0.000000000000000000e+00
6.627841034305076562e+01,0.000000000000000000e+00
6.288215709324919089e+01,0.000000000000000000e+00
6.712508374158247193e+01,0.000000000000000000e+00
6.838076752514895418e+01,0.000000000000000000e+00
6.498876341628368891e+01,0.000000000000000000e+00
6.596841434605501320e+01,0.000000000000000000e+00
6.769716836662246351e+01,0.000000000000000000e+00
6.502687973797654308e+01,0.000000000000000000e+00
6.432254860200140456e+01,0.000000000000000000e+00
6.389095712150979978e+01,0.000000000000000000e+00
6.407886286328808012e+01,0.000000000000000000e+00
6.517978814067808457e+01,0.000000000000000000e+00
6.697804931378237825e+01,0.000000000000000000e+00
6.530256994698183348e+01,0.000000000000000000e+00
6.401277143914614953e+01,0.000000000000000000e+00
6.507542170057628539e+01,0.000000000000000000e+00
6.741077872984728003e+01,0.000000000000000000e+00
6.712550809596874046e+01,0.000000000000000000e+00
6.604815347866741604e+01,0.000000000000000000e+00
6.245842254384388781e+01,0.000000000000000000e+00
6.760612429908925947e+01,0.000000000000000000e+00
6.110463700633290074e+01,0.000000000000000000e+00
6.727796541793949814e+01,0.000000000000000000e+00
6.658586187499450659e+01,0.000000000000000000e+00
6.722167089610496760e+01,0.000000000000000000e+00
6.161713324480666643e+01,0.000000000000000000e+00
6.285068866931991494e+01,0.000000000000000000e+00
6.157367202427033703e+01,0.000000000000000000e+00
6.351701416699850000e+01,0.000000000000000000e+00
6.361588673261231008e+01,0.000000000000000000e+00
6.249348519461890561e+01,0.000000000000000000e+00
6.123992881071546890e+01,0.000000000000000000e+00
6.207964087081732885e+01,0.000000000000000000e+00
6.549462592561368979e+01,0.000000000000000000e+00
6.248251236945886689e+01,0.000000000000000000e+00
6.150975321617631408e+01,0.000000000000000000e+00
6.330761711923904755e+01,0.000000000000000000e+00
6.404228548728019632e+01,0.000000000000000000e+00
6.069551603044960331e+01,0.000000000000000000e+00
6.442415597057090793e+01,0.000000000000000000e+00
6.281483415115950919e+01,0.000000000000000000e+00
6.133530916946901357e+01,0.000000000000000000e+00
6.336872351781981649e+01,0.000000000000000000e+00
6.087989112010476589e+01,0.000000000000000000e+00
6.344102758557635724e+01,0.000000000000000000e+00
6.468223953079061062e+01,0.000000000000000000e+00
6.155014691898367829e+01,0.000000000000000000e+00
6.535274769488367497e+01,0.000000000000000000e+00
6.079804502670658195e+01,0.000000000000000000e+00
6.158143166303548099e+01,0.000000000000000000e+00
6.175887319469902792e+01,0.000000000000000000e+00
6.316672207384043958e+01,0.000000000000000000e+00
6.157453888038468648e+01,0.000000000000000000e+00
5.907537744886436570e+01,0.000000000000000000e+00
6.171093336271848528e+01,0.000000000000000000e+00
5.887767841881010611e+01,0.000000000000000000e+00
6.543332777280880919e+01,0.000000000000000000e+00
5.973547418153082589e+01,0.000000000000000000e+00
6.550331205868596385e+01,0.000000000000000000e+00
6.180696107838426911e+01,0.000000000000000000e+00
5.926750534644838808e+01,0.000000000000000000e+00
6.236474929785379828e+01,0.000000000000000000e+00
5.919065726743261280e+01,0.000000000000000000e+00
5.975534045528277005e+01,0.000000000000000000e+00
6.013624908500554511e+01,0.000000000000000000e+00
5.890450750400506053e+01,0.000000000000000000e+00
6.070482814699984431e+01,0.000000000000000000e+00
5.925856419980332390e+01,0.000000000000000000e+00
5.794370002345129222e+01,0.000000000000000000e+00
5.757943445680714234e+01,0.000000000000000000e+00
6.106906600528221674e+01,0.000000000000000000e+00
5.943107187287421311e+01,0.000000000000000000e+00
5.938117509641959657e+01,0.000000000000000000e+00
6.190292601560673091e+01,0.000000000000000000e+00
5.898555287813184123e+01,0.000000000000000000e+00
6.243966601262780358e+01,0.000000000000000000e+00
5.968055394120428758e+01,0.000000000000000000e+00
6.277298397186844170e+01,0.000000000000000000e+00
6.113769879548500796e+01,0.000000000000000000e+00
6.040624545937835421e+01,0.000000000000000000e+00
5.988428467716454406e+01,0.000000000000000000e+00
5.769512952749808932e+01,0.000000000000000000e+00
6.003755720531244577e+01,0.000000000000000000e+00
5.902699082557138155e+01,0.000000000000000000e+00
6.205654761962069443e+01,0.000000000000000000e+00
6.486683366641346993e+01,0.000000000000000000e+00
6.360593129040916693e+01,0.000000000000000000e+00
5.853237757211680048e+01,0.000000000000000000e+00
6.237221191038155865e+01,0.000000000000000000e+00
5.991551266412928101e+01,0.000000000000000000e+00
5.860728340267628766e+01,0.000000000000000000e+00
5.757775093493865626e+01,0.000000000000000000e+00
5.963627603421800671e+01,0.000000000000000000e+00
5.872109387606350595e+01,0.000000000000000000e+00
5.823459047425299673e+01,0.000000000000000000e+00
5.931305715827485869e+01,0.000000000000000000e+00
5.839254803733477672e+01,0.000000000000000000e+00
6.053207406224844789e+01,0.000000000000000000e+00
5.588730640889289702e+01,0.000000000000000000e+00
6.030893539228651434e+01,0.000000000000000000e+00
5.837169560720438000e+01,0.000000000000000000e+00
5.740777187975950113e+01,0.000000000000000000e+00
5.825564294146191457e+01,0.000000000000000000e+00
5.767604514050402287e+01,0.000000000000000000e+00
5.463467121145509253e+01,0.000000000000000000e+00
5.877492833640224745e+01,0.000000000000000000e+00
6.058907332926617073e+01,0.000000000000000000e+00
5.907306833020910375e+01,0.000000000000000000e+00
5.839541474327356951e+01,0.000000000000000000e+00
5.706868558179250073e+01,0.000000000000000000e+00
5.729172500312168381e+01,0.000000000000000000e+00
5.921734255260449231e+01,0.000000000000000000e+00
5.529073749523417547e+01,0.000000000000000000e+00
5.542127639880792600e+01,0.000000000000000000e+00
5.819332892525024192e+01,0.000000000000000000e+00
5.783114298817083920e+01,0.000000000000000000e+00
5.794786590333265508e+01,0.000000000000000000e+00
5.564446144740073663e+01,0.000000000000000000e+00
5.765247274972559666e+01,0.000000000000000000e+00
5.922479343526745765e+01,0.000000000000000000e+00
5.705804882869239947e+01,0.000000000000000000e+00
5.369929932937865402e+01,0.000000000000000000e+00
5.640364473169186255e+01,0.000000000000000000e+00
5.470856384723045807e+01,0.000000000000000000e+00
5.593890739939234891e+01,0.000000000000000000e+00
5.795262899990935779e+01,0.000000000000000000e+00
5.472957370629617202e+01,0.000000000000000000e+00
5.803367177413997524e+01,0.000000000000000000e+00
5.724784156275820379e+01,0.000000000000000000e+00
5.489298370426743645e+01,0.000000000000000000e+00
5.520141102358952878e+01,0.000000000000000000e+00
5.689343967197487473e+01,0.000000000000000000e+00
5.528072361368303689e+01,0.000000000000000000e+00
5.546722897693134513e+01,0.000000000000000000e+00
5.523491245001756766e+01,0.000000000000000000e+00
5.882485657404500756e+01,0.000000000000000000e+00
5.641803277489994883e+01,0.000000000000000000e+00
5.965992214522695747e+01,0.000000000000000000e+00
5.388086456620818154e+01,0.000000000000000000e+00
5.491017402911511880e+01,0.000000000000000000e+00
6.103165250619770177e+01,0.000000000000000000e+00
5.846984390627567052e+01,0.000000000000000000e+00
5.243039700465295994e+01,0.000000000000000000e+00
5.354377774533545420e+01,0.000000000000000000e+00
5.394129384055769094e+01,0.000000000000000000e+00
5.230861463540357903e+01,0.000000000000000000e+00
5.796222911919001319e+01,0.000000000000000000e+00
5.336667919325737586e+01,0.000000000000000000e+00
5.260003704333614394e+01,0.000000000000000000e+00
5.923936856224135994e+01,0.000000000000000000e+00
5.414646931159196441e+01,0.000000000000000000e+00
5.546344513461176007e+01,0.000000000000000000e+00
5.291571336651801261e+01,0.000000000000000000e+00
5.273130080924179452e+01,0.000000000000000000e+00
5.386324073770011722e+01,0.000000000000000000e+00
5.848468391224200502e+01,0.000000000000000000e+00
5.547673997239688504e+01,0.000000000000000000e+00
5.024091205486296019e+01,0.000000000000000000e+00
5.811276900646716115e+01,0.000000000000000000e+00
5.572197535602904139e+01,0.000000000000000000e+00
5.044232861906058929e+01,0.000000000000000000e+00
5.749805921044705315e+01,0.000000000000000000e+00
5.191263428573250849e+01,0.000000000000000000e+00
5.541773102594820699e+01,0.000000000000000000e+00
5.413808206500419118e+01,0.000000000000000000e+00
5.100339552869181148e+01,0.000000000000000000e+00
5.391708927012963670e+01,0.000000000000000000e+00
5.157935661643759317e+01,0.000000000000000000e+00
5.182827305069453416e+01,0.000000000000000000e+00
5.139709924372930061e+01,0.000000000000000000e+00
5.333440693165154300e+01,0.000000000000000000e+00
4.979608442319928940e+01,0.000000000000000000e+00
5.223272721141769637e+01,0.000000000000000000e+00
5.509047253083711837e+01,0.000000000000000000e+00
5.287182883538021372e+01,0.000000000000000000e+00
5.189755834105624643e+01,0.000000000000000000e+00
5.140151478028006693e+01,0.000000000000000000e+00
5.246370066576159985e+01,0.000000000000000000e+00
5.302882743247916864e+01,0.000000000000000000e+00
5.172157594443988415e+01,0.000000000000000000e+00
5.075828740436278252e+01,0.000000000000000000e+00
5.183080111956400060e+01,0.000000000000000000e+00
5.126675982371314433e+01,0.000000000000000000e+00
4.947238510140320500e+01,0.000000000000000000e+00
5.132748659342949082e+01,0.000000000000000000e+00
5.164226004470578602e+01,0.000000000000000000e+00
4.847249679947165646e+01,0.000000000000000000e+00
4.692805511870395918e+01,0.000000000000000000e+00
5.077806244394101753e+01,0.000000000000000000e+00
5.503929362692852578e+01,0.000000000000000000e+00
4.913747591489531885e+01,0.000000000000000000e+00
4.911301191592164628e+01,0.000000000000000000e+00
5.236429256188848314e+01,0.000000000000000000e+00
5.169867864371239818e+01,0.000000000000000000e+00
5.158657158206352733e+01,0.000000000000000000e+00
4.801072396201966797e+01,0.000000000000000000e+00
4.983850328171505595e+01,0.000000000000000000e+00
5.114111154091015266e+01,0.000000000000000000e+00
4.864724799253061605e+01,0.000000000000000000e+00
4.958937380758560209e+01,0.000000000000000000e+00
4.815830377746630830e+01,0.000000000000000000e+00
4.635799266415536124e+01,0.000000000000000000e+00
4.929749595698620368e+01,0.000000000000000000e+00
4.883010796960071076e+01,0.000000000000000000e+00
5.137737687472827730e+01,0.000000000000000000e+00
4.956822703223096482e+01,0.000000000000000000e+00
4.656636392024757498e+01,0.000000000000000000e+00
4.881116509570883721e+01,0.000000000000000000e+00
5.081816024038170809e+01,0.000000000000000000e+00
5.089501573026002745e+01,0.000000000000000000e+00
5.221575409470258933e+01,0.000000000000000000e+00
4.978862260491001734e+01,0.000000000000000000e+00
4.949657199126674811e+01,0.000000000000000000e+00
5.303957398157434966e+01,0.000000000000000000e+00
5.030297773462935140e+01,0.000000000000000000e+00
4.753588990450825946e+01,0.000000000000000000e+00
4.346157060048019360e+01,0.000000000000000000e+00
4.633529879343461744e+01,0.000000000000000000e+00
4.886539810446083720e+01,0.000000000000000000e+00
4.651735088572511501e+01,0.000000000000000000e+00
4.767417289689488058e+01,0.000000000000000000e+00
5.026782948824732244e+01,0.000000000000000000e+00
4.796381063705175052e+01,0.000000000000000000e+00
4.958445255287968223e+01,0.000000000000000000e+00
4.979704350159079951e+01,0.000000000000000000e+00
5.146177911048905429e+01,0.000000000000000000e+00
4.669446026128512273e+01,0.000000000000000000e+00
4.761905261408507073e+01,0.000000000000000000e+00
4.765271974345784400e+01,0.000000000000000000e+00
4.462914122284158935e+01,0.000000000000000000e+00
4.871292079610428516e+01,0.000000000000000000e+00
4.617351426654013125e+01,0.000000000000000000e+00
4.571438112934568210e+01,0.000000000000000000e+00
4.449593539038887258e+01,0.000000000000000000e+00
4.618854008838855663e+01,0.000000000000000000e+00
4.384098679876965576e+01,0.000000000000000000e+00
4.796836910953189204e+01,0.000000000000000000e+00
4.726532018402426161e+01,0.000000000000000000e+00
4.678944253533170894e+01,0.000000000000000000e+00
4.911244713696368080e+01,0.000000000000000000e+00
4.840805976405145827e+01,0.000000000000000000e+00
4.632196937609684539e+01,0.000000000000000000e+00
4.773870490947276579e+01,0.000000000000000000e+00
4.745784913401490002e+01,0.000000000000000000e+00
4.856828189314894928e+01,0.000000000000000000e+00
4.748913398889711601e+01,0.000000000000000000e+00
4.437826773907593036e+01,0.000000000000000000e+00
4.908108249701343340e+01,0.000000000000000000e+00
4.666532999103141321e+01,0.000000000000000000e+00
4.610067531228039428e+01,0.000000000000000000e+00
4.847316275878243630e+01,0.000000000000000000e+00
4.707883592991723987e+01,0.000000000000000000e+00
4.797674465238859653e+01,0.000000000000000000e+00
4.864435577951843470e+01,0.000000000000000000e+00
4.482612774823461876e+01,0.000000000000000000e+00
4.748414758552181780e+01,0.000000000000000000e+00
4.743711174954799503e+01,0.000000000000000000e+00
4.475025980529710523e+01,0.000000000000000000e+00
4.746110367275824160e+01,0.000000000000000000e+00
4.260620974323764898e+01,0.000000000000000000e+00
4.662422281573189764e+01,0.000000000000000000e+00
4.153314457486322908e+01,0.000000000000000000e+00
4.524286765940571087e+01,0.000000000000000000e+00
4.298473299675281112e+01,0.000000000000000000e+00
4.237372667402787130e+01,0.000000000000000000e+00
4.727801827466392126e+01,0.000000000000000000e+00
4.495342765730128320e+01,0.000000000000000000e+00
4.554406023034357531e+01,0.000000000000000000e+00
4.325545963817935302e+01,0.000000000000000000e+00
4.488932156800711937e+01,0.000000000000000000e+00
4.508994749755439102e+01,0.000000000000000000e+00
4.489778825087687153e+01,0.000000000000000000e+00
4.286734024784746566e+01,0.000000000000000000e+00
4.357799564613394239e+01,0.000000000000000000e+00
4.434025891188622381e+01,0.000000000000000000e+00
4.777263006406158041e+01,0.000000000000000000e+00
4.312353104117816827e+01,0.000000000000000000e+00
4.664320462756870711e+01,0.000000000000000000e+00
4.118614251808818949e+01,0.000000000000000000e+00
4.420960857996601590e+01,0.000000000000000000e+00
4.350987521438551653e+01,0.000000000000000000e+00
4.072277745750925249e+01,0.000000000000000000e+00
4.591144013658880851e+01,0.000000000000000000e+00
4.466643976292374418e+01,0.000000000000000000e+00
4.303645167480043909e+01,0.000000000000000000e+00
4.290660901944058736e+01,0.000000000000000000e+00
4.572218149690007749e+01,0.000000000000000000e+00
4.271687918870077993e+01,0.000000000000000000e+00
4.234782862377848289e+01,0.000000000000000000e+00
4.229508411182825967e+01,0.000000000000000000e+00
4.219444719043835335e+01,0.000000000000000000e+00
4.246819130673497966e+01,0.000000000000000000e+00
4.487213210787621875e+01,0.000000000000000000e+00
4.549779390366069265e+01,0.000000000000000000e+00
4.330923465889200230e+01,0.000000000000000000e+00
4.192064925814236176e+01,0.000000000000000000e+00
4.656199185470004664e+01,0.000000000000000000e+00
4.152705368232177818e+01,0.000000000000000000e+00
4.390016670036862934e+01,0.000000000000000000e+00
3.963904259446397305e+01,0.000000000000000000e+00
4.016742593591068555e+01,0.000000000000000000e+00
4.294351763877840966e+01,0.000000000000000000e+00
4.191653825842094960e+01,0.000000000000000000e+00
3.993495518414184176e+01,0.000000000000000000e+00
4.274625304902495770e+01,0.000000000000000000e+00
4.228966925470306393e+01,0.000000000000000000e+00
3.780646486772033654e+01,0.000000000000000000e+00
4.219644014719075642e+01,0.000000000000000000e+00
4.351136265092711852e+01,0.000000000000000000e+00
3.804690212357613177e+01,0.000000000000000000e+00
4.366690390664669508e+01,0.000000000000000000e+00
4.326306575207237159e+01,0.000000000000000000e+00
4.287679287318066201e+01,0.000000000000000000e+00
4.187902443993277757e+01,0.000000000000000000e+00
4.107193346734465678e+01,0.000000000000000000e+00
3.909975936240014960e+01,0.000000000000000000e+00
3.813990215557584662e+01,0.000000000000000000e+00
3.957992355125712436e+01,0.000000000000000000e+00
4.155429669746413168e+01,0.000000000000000000e+00
3.794132731711505357e+01,0.000000000000000000e+00
3.968822548531948513e+01,0.000000000000000000e+00
3.956386278490863617e+01,0.000000000000000000e+00
3.919261477313411035e+01,0.000000000000000000e+00
3.759534532203195312e+01,0.000000000000000000e+00
4.072582412491838966e+01,0.000000000000000000e+00
3.947711420763074841e+01,0.000000000000000000e+00
4.107500065048701288e+01,0.000000000000000000e+00
4.025935140567944615e+01,0.000000000000000000e+00
3.933063957273743938e+01,0.000000000000000000e+00
3.908067793756826092e+01,0.000000000000000000e+00
4.113978367696033445e+01,0.000000000000000000e+00
4.007897559455317094e+01,0.000000000000000000e+00
3.663033761484170725e+01,0.000000000000000000e+00
3.940717534921022036e+01,0.000000000000000000e+00
4.189742976365295846e+01,0.000000000000000000e+00
3.992052283699007376e+01,0.000000000000000000e+00
3.965150224263125267e+01,0.000000000000000000e+00
3.924809116432829370e+01,0.000000000000000000e+00
3.944568531271306000e+01,0.000000000000000000e+00
4.347806312853964528e+01,0.000000000000000000e+00
4.310983361260294799e+01,0.000000000000000000e+00
3.733618678096274124e+01,0.000000000000000000e+00
3.838501420884816184e+01,0.000000000000000000e+00
3.987654387996738592e+01,0.000000000000000000e+00
3.926705074529321138e+01,0.000000000000000000e+00
3.783023224441883059e+01,0.000000000000000000e+00
3.451845303577457003e+01,0.000000000000000000e+00
3.827245772092614118e+01,0.000000000000000000e+00
3.780381335256387842e+01,0.000000000000000000e+00
3.726925682528532491e+01,0.000000000000000000e+00
3.792246477725554854e+01,0.000000000000000000e+00
3.764809513270940755e+01,0.000000000000000000e+00
3.308977141609946671e+01,0.000000000000000000e+00
4.076701723734606730e+01,0.000000000000000000e+00
4.111071895870164639e+01,0.000000000000000000e+00
3.933904539735493699e+01,0.000000000000000000e+00
3.803509031116627170e+01,0.000000000000000000e+00
4.058344074813597047e+01,0.000000000000000000e+00
3.643099171329444630e+01,0.000000000000000000e+00
3.779938155399259614e+01,0.000000000000000000e+00
3.637918336875899428e+01,0.000000000000000000e+00
3.957089064976021575e+01,0.000000000000000000e+00
3.655240086874147210e+01,0.000000000000000000e+00
3.438083787881559772e+01,0.000000000000000000e+00
3.473052776862405722e+01,0.000000000000000000e+00
3.751863197244731651e+01,0.000000000000000000e+00
3.562430350323786143e+01,0.000000000000000000e+00
3.613134804654380616e+01,0.000000000000000000e+00
3.714411365627880457e+01,0.000000000000000000e+00
3.589436077775377498e+01,0.000000000000000000e+00
4.015478271715656433e+01,0.000000000000000000e+00
3.782349805926276076e+01,0.000000000000000000e+00
3.994380815857433475e+01,0.000000000000000000e+00
3.537074538502937315e+01,0.000000000000000000e+00
3.697877207462133953e+01,0.000000000000000000e+00
3.441005654883949205e+01,0.000000000000000000e+00
3.552461972412120872e+01,0.000000000000000000e+00
3.743541196350543743e+01,0.000000000000000000e+00
3.715055351002339279e+01,0.000000000000000000e+00
3.465287207389706481e+01,0.000000000000000000e+00
3.533099657484616785e+01,0.000000000000000000e+00
3.575963903546031730e+01,0.000000000000000000e+00
3.975508327612888593e+01,0.000000000000000000e+00
3.191728554622217473e+01,0.000000000000000000e+00
3.550914518619941163e+01,0.000000000000000000e+00
3.743363984359925212e+01,0.000000000000000000e+00
3.409319502410975389e+01,0.000000000000000000e+00
3.143179875983877380e+01,0.000000000000000000e+00
3.682858474929268766e+01,0.000000000000000000e+00
3.362844953914040502e+01,0.000000000000000000e+00
3.490010493666223823e+01,0.000000000000000000e+00
3.567063267761897549e+01,0.000000000000000000e+00
3.539910366250645524e+01,0.000000000000000000e+00
3.816388144951699957e+01,0.000000000000000000e+00
3.809808760380834514e+01,0.000000000000000000e+00
3.700046041589966705e+01,0.000000000000000000e+00
3.414505169929562811e+01,0.000000000000000000e+00
3.546589052810896447e+01,0.000000000000000000e+00
3.496532361662841026e+01,0.000000000000000000e+00
3.609220047741401061e+01,0.000000000000000000e+00
3.413821504962005093e+01,0.000000000000000000e+00
3.561609350617329994e+01,0.000000000000000000e+00
3.555188139607501085e+01,0.000000000000000000e+00
3.473011700784469014e+01,0.000000000000000000e+00
3.267905972137170068e+01,0.000000000000000000e+00
3.696681450188728491e+01,0.000000000000000000e+00
3.494604706000552596e+01,0.000000000000000000e+00
3.689478544923370151e+01,0.000000000000000000e+00
3.670689306446382716e+01,0.000000000000000000e+00
3.454460984905117016e+01,0.000000000000000000e+00
3.422670882192343811e+01,0.000000000000000000e+00
3.171923596224432629e+01,0.000000000000000000e+00
3.001164050301636621e+01,0.000000000000000000e+00
3.499800380586881943e+01,0.000000000000000000e+00
3.205211521194998170e+01,0.000000000000000000e+00
3.536443087370417970e+01,0.000000000000000000e+00
3.609646311153734644e+01,0.000000000000000000e+00
3.298713427519496122e+01,0.000000000000000000e+00
3.252590519738188846e+01,0.000000000000000000e+00
3.384681048662536540e+01,0.000000000000000000e+00
3.292965902747200602e+01,0.000000000000000000e+00
2.977966994830805447e+01,0.000000000000000000e+00
3.341429740437449425e+01,0.000000000000000000e+00
3.475247738423517774e+01,0.000000000000000000e+00
2.920489830124949648e+01,0.000000000000000000e+00
3.126792848640829448e+01,0.000000000000000000e+00
3.097722972492689308e+01,0.000000000000000000e+00
3.597458798218246301e+01,0.000000000000000000e+00
3.323668137223855723e+01,0.000000000000000000e+00
3.149695263308940341e+01,0.000000000000000000e+00
3.721796795491822252e+01,0.000000000000000000e+00
3.211759456670377944e+01,0.000000000000000000e+00
3.187937186125962796e+01,0.000000000000000000e+00
3.144761310060885151e+01,0.000000000000000000e+00
3.038982504520773986e+01,0.000000000000000000e+00
3.202643182721214998e+01,0.000000000000000000e+00
3.318787615106713673e+01,0.000000000000000000e+00
3.331617221651195138e+01,0.000000000000000000e+00
3.119301560387764738e+01,0.000000000000000000e+00
3.094869050050071380e+01,0.000000000000000000e+00
2.842787124506743623e+01,0.000000000000000000e+00
3.383331177070254370e+01,0.000000000000000000e+00
3.380389999832713244e+01,0.000000000000000000e+00
3.091509754141394595e+01,0.000000000000000000e+00
3.199076827814102231e+01,0.000000000000000000e+00
2.947089636779212540e+01,0.000000000000000000e+00
2.928536074830746117e+01,0.000000000000000000e+00
3.315587384154510886e+01,0.000000000000000000e+00
3.155613900914283221e+01,0.000000000000000000e+00
3.300576610883710060e+01,0.000000000000000000e+00
2.949915374016757852e+01,0.000000000000000000e+00
3.358875545466739965e+01,0.000000000000000000e+00
3.238970281350437830e+01,0.000000000000000000e+00
3.098880733146140543e+01,0.000000000000000000e+00
3.067901254729144611e+01,0.000000000000000000e+00
3.090457331568485344e+01,0.000000000000000000e+00
3.128452685020294055e+01,0.000000000000000000e+00
3.228876534298529322e+01,0.000000000000000000e+00
3.403592611966114134e+01,0.000000000000000000e+00
3.522035472181945437e+01,0.000000000000000000e+00
3.085055442111499246e+01,0.000000000000000000e+00
2.820052243840229522e+01,0.000000000000000000e+00
3.124855186383955896e+01,0.000000000000000000e+00
3.222026815807974742e+01,0.000000000000000000e+00
3.462012753241549490e+01,0.000000000000000000e+00
2.904907285756450008e+01,0.000000000000000000e+00
2.768575216443915821e+01,0.000000000000000000e+00
2.674483764474459946e+01,0.000000000000000000e+00
2.607671786245054335e+01,0.000000000000000000e+00
3.301396725365000862e+01,0.000000000000000000e+00
2.972908837500968104e+01,0.000000000000000000e+00
2.733139087916011434e+01,0.000000000000000000e+00
3.101083329349150119e+01,0.000000000000000000e+00
2.768544472775248977e+01,0.000000000000000000e+00
3.015134557757892964e+01,0.000000000000000000e+00
2.758274639895157776e+01,0.000000000000000000e+00
2.861147546817634080e+01,0.000000000000000000e+00
2.836001485057988702e+01,0.000000000000000000e+00
2.673702029100969924e+01,0.000000000000000000e+00
3.094763401584473073e+01,0.000000000000000000e+00
3.075534751384771681e+01,0.000000000000000000e+00
2.971237546751447312e+01,0.000000000000000000e+00
2.776869576967297704e+01,0.000000000000000000e+00
2.763292759277836197e+01,0.000000000000000000e+00
3.022144851243396246e+01,0.000000000000000000e+00
2.975027574313383383e+01,0.000000000000000000e+00
2.428095128567686345e+01,0.000000000000000000e+00
2.926559479698802235e+01,0.000000000000000000e+00
2.867581946819136007e+01,0.000000000000000000e+00
3.117489534107001958e+01,0.000000000000000000e+00
2.990765885792425038e+01,0.000000000000000000e+00
2.605226247781048698e+01,0.000000000000000000e+00
2.899848129759205762e+01,0.000000000000000000e+00
2.835212418229317066e+01,0.000000000000000000e+00
2.595208154765116504e+01,0.000000000000000000e+00
2.727873183064449591e+01,0.000000000000000000e+00
2.921644344994460241e+01,0.000000000000000000e+00
2.558051117284929532e+01,0.000000000000000000e+00
2.601844658372163366e+01,0.000000000000000000e+00
3.004374034160695572e+01,0.000000000000000000e+00
2.950524770480480186e+01,0.000000000000000000e+00
2.965701888959756616e+01,0.000000000000000000e+00
2.996962087386490481e+01,0.000000000000000000e+00
2.362102294279473114e+01,0.000000000000000000e+00
3.068967230733878182e+01,0.000000000000000000e+00
3.038209663437487151e+01,0.000000000000000000e+00
2.666579273232775549e+01,0.000000000000000000e+00
2.786085246533061621e+01,0.000000000000000000e+00
2.987576281290771618e+01,0.000000000000000000e+00
2.827334903127264099e+01,0.000000000000000000e+00
2.936762127964419733e+01,0.000000000000000000e+00
2.735333474077468807e+01,0.000000000000000000e+00
2.809019994517987229e+01,0.000000000000000000e+00
2.602313138326294961e+01,0.000000000000000000e+00
3.129863947755205800e+01,0.000000000000000000e+00
2.635872924193986933e+01,0.000000000000000000e+00
2.791337613877800905e+01,0.000000000000000000e+00
2.672054239527022901e+01,0.000000000000000000e+00
2.258138371375240538e+01,0.000000000000000000e+00
2.596680560850553476e+01,0.000000000000000000e+00
2.654870894979496754e+01,0.000000000000000000e+00
2.878456346120350418e+01,0.000000000000000000e+00
2.446652403683663834e+01,0.000000000000000000e+00
2.459256476026020977e+01,0.000000000000000000e+00
2.461904327920774449e+01,0.000000000000000000e+00
2.909444251065412956e+01,0.000000000000000000e+00
2.646911831098471168e+01,0.000000000000000000e+00
2.822384635980509415e+01,0.000000000000000000e+00
2.373658665961302461e+01,0.000000000000000000e+00
2.824459227055580612e+01,0.000000000000000000e+00
2.584068317381013102e+01,0.000000000000000000e+00
2.370846653791919678e+01,0.000000000000000000e+00
2.725229005743771182e+01,0.000000000000000000e+00
2.763462612295893805e+01,0.000000000000000000e+00
2.779828302950228291e+01,0.000000000000000000e+00
3.030234306295363922e+01,0.000000000000000000e+00
2.671295377158524786e+01,0.000000000000000000e+00
2.621748173343537047e+01,0.000000000000000000e+00
2.499658767916335833e+01,0.000000000000000000e+00
2.873876135212396932e+01,0.000000000000000000e+00
2.324344634945335031e+01,0.000000000000000000e+00
2.896178238608926847e+01,0.000000000000000000e+00
2.726477785890186922e+01,0.000000000000000000e+00
2.539664704587182342e+01,0.000000000000000000e+00
2.324838220015814372e+01,0.000000000000000000e+00
2.181678316679788310e+01,0.000000000000000000e+00
2.497015999026648814e+01,0.000000000000000000e+00
2.799758837657774180e+01,0.000000000000000000e+00
2.510128201403121651e+01,0.000000000000000000e+00
2.293692913628740371e+01,0.000000000000000000e+00
2.461256000248311082e+01,0.000000000000000000e+00
2.064620301525096835e+01,0.000000000000000000e+00
2.391278819635774155e+01,0.000000000000000000e+00
2.275229262538941555e+01,0.000000000000000000e+00
2.590203767057110440e+01,0.000000000000000000e+00
2.664960135566548161e+01,0.000000000000000000e+00
2.384785122484209197e+01,0.000000000000000000e+00
2.509242401965212110e+01,0.000000000000000000e+00
2.661573751772605689e+01,0.000000000000000000e+00
2.264336354800560258e+01,0.000000000000000000e+00
2.707232388444362670e+01,0.000000000000000000e+00
2.553702036058341562e+01,0.000000000000000000e+00
2.547896686370133423e+01,0.000000000000000000e+00
2.451523122568391599e+01,0.000000000000000000e+00
2.717212552901378331e+01,0.000000000000000000e+00
2.569532944340966907e+01,0.000000000000000000e+00
2.017383333603284967e+01,0.000000000000000000e+00
2.571353966182033091e+01,0.000000000000000000e+00
2.600636545451761350e+01,0.000000000000000000e+00
2.698920562494762976e+01,0.000000000000000000e+00
2.262783194278038224e+01,0.000000000000000000e+00
2.697022975986811488e+01,0.000000000000000000e+00
2.504202739679262635e+01,0.000000000000000000e+00
2.754954078862790467e+01,0.000000000000000000e+00
2.541852612357477526e+01,0.000000000000000000e+00
2.333601269436855219e+01,0.000000000000000000e+00
2.588999857520497372e+01,0.000000000000000000e+00
2.269212265741744261e+01,0.000000000000000000e+00
2.394210880574835443e+01,0.000000000000000000e+00
2.308744880723931914e+01,0.000000000000000000e+00
2.558322959067329450e+01,0.000000000000000000e+00
2.248506034490990402e+01,0.000000000000000000e+00
2.694291799173260671e+01,0.000000000000000000e+00
2.409176021342103979e+01,0.000000000000000000e+00
2.258663201489581951e+01,0.000000000000000000e+00
2.296605762107032334e+01,0.000000000000000000e+00
2.036708056926843469e+01,0.000000000000000000e+00
2.188544648222642408e+01,0.000000000000000000e+00
2.003233826780604687e+01,0.000000000000000000e+00
2.638987038085418035e+01,0.000000000000000000e+00
2.394622732580429769e+01,0.000000000000000000e+00
2.329200468132395230e+01,0.000000000000000000e+00
2.324466168805658128e+01,0.000000000000000000e+00
2.438253854862814052e+01,0.000000000000000000e+00
2.195576454042568670e+01,0.000000000000000000e+00
2.388578469635710633e+01,0.000000000000000000e+00
2.253198291668461195e+01,0.000000000000000000e+00
2.532423248815045014e+01,0.000000000000000000e+00
2.070065361600879328e+01,0.000000000000000000e+00
2.477390056809264252e+01,0.000000000000000000e+00
2.128468182731312197e+01,0.000000000000000000e+00
2.305365037821476903e+01,0.000000000000000000e+00
2.413101523281410010e+01,0.000000000000000000e+00
2.292803638300455304e+01,0.000000000000000000e+00
2.454413479531029196e+01,0.000000000000000000e+00
2.093034704631131859e+01,0.000000000000000000e+00
2.208262997342554002e+01,0.000000000000000000e+00
2.432605449576953305e+01,0.000000000000000000e+00
2.165096216780254679e+01,0.000000000000000000e+00
2.340166144142033033e+01,0.000000000000000000e+00
2.227326302781817446e+01,0.000000000000000000e+00
2.552246035936891033e+01,0.000000000000000000e+00
2.465657933086629683e+01,0.000000000000000000e+00
2.161144814235208145e+01,0.000000000000000000e+00
2.561042554617388234e+01,0.000000000000000000e+00
2.277660881096984724e+01,0.000000000000000000e+00
2.360748374133396510e+01,0.000000000000000000e+00
2.059031652743452767e+01,0.000000000000000000e+00
2.323254350926153933e+01,0.000000000000000000e+00
2.244885594891042047e+01,0.000000000000000000e+00
2.043082595215735253e+01,0.000000000000000000e+00
2.255966390463801474e+01,0.000000000000000000e+00
2.262819607541409894e+01,0.000000000000000000e+00
2.307215906402005956e+01,0.000000000000000000e+00
2.318010279851331745e+01,0.000000000000000000e+00
2.435515223519046657e+01,0.000000000000000000e+00
2.463190521611000960e+01,0.000000000000000000e+00
1.735279793713940322e+01,0.000000000000000000e+00
1.909440998004495071e+01,0.000000000000000000e+00
2.253857120276590109e+01,0.000000000000000000e+00
2.134504605640761810e+01,0.000000000000000000e+00
1.899395953949867888e+01,0.000000000000000000e+00
2.136755240799000077e+01,0.000000000000000000e+00
2.154939981070693378e+01,0.000000000000000000e+00
2.572472337168635903e+01,0.000000000000000000e+00
2.154930791626793862e+01,0.000000000000000000e+00
2.300723913815251720e+01,0.000000000000000000e+00
2.154773062938558326e+01,0.000000000000000000e+00
2.133199384356887762e+01,0.000000000000000000e+00
2.032047974148431280e+01,0.000000000000000000e+00
2.217431960614143804e+01,0.000000000000000000e+00
1.898728495140412420e+01,0.000000000000000000e+00
2.370357992302909977e+01,0.000000000000000000e+00
2.274773819286280130e+01,0.000000000000000000e+00
2.385026499063994621e+01,0.000000000000000000e+00
2.129904852040269603e+01,0.000000000000000000e+00
1.945810595738225146e+01,0.000000000000000000e+00
2.078036212600803267e+01,0.000000000000000000e+00
2.390494359546349656e+01,0.000000000000000000e+00
2.257788047477757587e+01,0.000000000000000000e+00
1.943471289211679576e+01,0.000000000000000000e+00
2.121727839406659299e+01,0.000000000000000000e+00
2.406006285608444628e+01,0.000000000000000000e+00
2.476518429166478796e+01,0.000000000000000000e+00
2.191012463715440006e+01,0.000000000000000000e+00
2.041165160728069239e+01,0.000000000000000000e+00
2.097738017605880856e+01,0.000000000000000000e+00
2.179868237700491207e+01,0.000000000000000000e+00
2.614986157465135364e+01,0.000000000000000000e+00
1.949431251251396446e+01,0.000000000000000000e+00
2.391121444164279808e+01,0.000000000000000000e+00
2.002093620394272122e+01,0.000000000000000000e+00
1.781686730750318048e+01,0.000000000000000000e+00
2.086204656400959578e+01,0.000000000000000000e+00
2.304389789680496037e+01,0.000000000000000000e+00
2.245544341189180315e+01,0.000000000000000000e+00
2.170592882037328408e+01,0.000000000000000000e+00
2.682189255306151665e+01,0.000000000000000000e+00
2.659078394033287651e+01,0.000000000000000000e+00
2.167944097648867086e+01,0.000000000000000000e+00
1.958649607486587385e+01,0.000000000000000000e+00
2.221874773651483892e+01,0.000000000000000000e+00
1.821538843469628688e+01,0.000000000000000000e+00
2.316480022968330843e+01,0.000000000000000000e+00
1.767595190406152383e+01,0.000000000000000000e+00
2.266202391873124000e+01,0.000000000000000000e+00
2.136632875133501130e+01,0.000000000000000000e+00
2.052260129161244251e+01,0.000000000000000000e+00
2.124676585586566446e+01,0.000000000000000000e+00
1.940856536667062926e+01,0.000000000000000000e+00
2.264427062689994585e+01,0.000000000000000000e+00
2.159724324885905844e+01,0.000000000000000000e+00
1.867902643135926866e+01,0.000000000000000000e+00
2.175425099307302190e+01,0.000000000000000000e+00
2.071761337755241073e+01,0.000000000000000000e+00
1.879371788534431076e+01,0.000000000000000000e+00
2.082398002796795922e+01,0.000000000000000000e+00
2.047272887592595936e+01,0.000000000000000000e+00
2.152272230695593436e+01,0.000000000000000000e+00
2.166771500996757993e+01,0.000000000000000000e+00
2.372385618039393762e+01,0.000000000000000000e+00
2.249695239752265863e+01,0.000000000000000000e+00
1.928723556106861636e+01,0.000000000000000000e+00
1.862736025469146384e+01,0.000000000000000000e+00
2.246032239312422973e+01,0.000000000000000000e+00
2.035672988703524666e+01,0.000000000000000000e+00
2.136073859927603280e+01,0.000000000000000000e+00
2.259036471209884311e+01,0.000000000000000000e+00
2.175167591477652707e+01,0.000000000000000000e+00
1.907584098309095921e+01,0.000000000000000000e+00
2.042990239819901177e+01,0.000000000000000000e+00
2.149288439828359998e+01,0.000000000000000000e+00
1.748779699919263564e+01,0.000000000000000000e+00
1.905168978264152102e+01,0.000000000000000000e+00
2.133867450638342689e+01,0.000000000000000000e+00
2.146639355547119976e+01,0.000000000000000000e+00
1.838168556171254409e+01,0.000000000000000000e+00
1.700606591152265068e+01,0.000000000000000000e+00
2.428809520365912888e+01,0.000000000000000000e+00
1.904690336926728733e+01,0.000000000000000000e+00
1.623105232507501228e+01,0.000000000000000000e+00
1.896486819572339044e+01,0.000000000000000000e+00
1.701530535545114731e+01,0.000000000000000000e+00
2.026962147748241350e+01,0.000000000000000000e+00
2.311388454218840494e+01,0.000000000000000000e+00
1.825441339625189130e+01,0.000000000000000000e+00
2.054419078979817570e+01,0.000000000000000000e+00
1.994238321679377535e+01,0.000000000000000000e+00
2.350282041359744767e+01,0.000000000000000000e+00
1.908171220665551004e+01,0.000000000000000000e+00
2.138809356656185656e+01,0.000000000000000000e+00
2.374853054708378863e+01,0.000000000000000000e+00
2.350553098522871664e+01,0.000000000000000000e+00
2.379139659211680424e+01,0.000000000000000000e+00
2.075482162645337780e+01,0.000000000000000000e+00
1.902480756898230396e+01,0.000000000000000000e+00
2.035644192963782828e+01,0.000000000000000000e+00
2.143831708865363339e+01,0.000000000000000000e+00
2.086228436521619045e+01,0.000000000000000000e+00
2.299684019474503671e+01,0.000000000000000000e+00
1.738126685265042681e+01,0.000000000000000000e+00
1.928273937960831219e+01,0.000000000000000000e+00
2.118126488025896137e+01,0.000000000000000000e+00
2.426942841192087741e+01,0.000000000000000000e+00
1.942423518437475849e+01,0.000000000000000000e+00
1.854172559825815014e+01,0.000000000000000000e+00
1.985545457312436923e+01,0.000000000000000000e+00
2.287494675606126293e+01,0.000000000000000000e+00
2.162438400281758177e+01,0.000000000000000000e+00
2.070005943909634638e+01,0.000000000000000000e+00
2.219356917847444066e+01,0.000000000000000000e+00
1.765544392118546213e+01,0.000000000000000000e+00
1.651247819110264814e+01,0.000000000000000000e+00
2.105159544453854181e+01,0.000000000000000000e+00
2.297071986629490681e+01,0.000000000000000000e+00
2.223536328745391089e+01,0.000000000000000000e+00
2.175387994166097627e+01,0.000000000000000000e+00
1.934204175444826745e+01,0.000000000000000000e+00
1.963438270303133493e+01,0.000000000000000000e+00
2.197824419281284847e+01,0.000000000000000000e+00
1.871019797085333281e+01,0.000000000000000000e+00
2.150811677153593848e+01,0.000000000000000000e+00
2.052355612921334327e+01,0.000000000000000000e+00
2.314126566979965105e+01,0.000000000000000000e+00
1.827378422969984939e+01,0.000000000000000000e+00
2.194467751712330283e+01,0.000000000000000000e+00
2.029142058581638253e+01,0.000000000000000000e+00
1.663041349801279978e+01,0.000000000000000000e+00
2.000688607760059057e+01,0.000000000000000000e+00
1.765697065874153182e+01,0.000000000000000000e+00
1.745391355779373654e+01,0.000000000000000000e+00
1.867668111298386080e+01,0.000000000000000000e+00
2.279208077676632627e+01,0.000000000000000000e+00
1.833776976388596935e+01,0.000000000000000000e+00
1.975103532017905650e+01,0.000000000000000000e+00
1.922196706141463807e+01,0.000000000000000000e+00
2.146890430289212048e+01,0.000000000000000000e+00
1.649404983322581941e+01,0.000000000000000000e+00
2.091225227086246718e+01,0.000000000000000000e+00
1.970925155608928847e+01,0.000000000000000000e+00
2.096629180044014973e+01,0.000000000000000000e+00
2.359761166511311359e+01,0.000000000000000000e+00
2.121015057371435120e+01,0.000000000000000000e+00
1.896179002856062823e+01,0.000000000000000000e+00
2.232764414408901388e+01,0.000000000000000000e+00
2.202547079025976728e+01,0.000000000000000000e+00
1.835467266243521323e+01,0.000000000000000000e+00
1.629866480323929068e+01,0.000000000000000000e+00
2.064293443467517619e+01,0.000000000000000000e+00
1.871262777548309231e+01,0.000000000000000000e+00
1.786685290238334645e+01,0.000000000000000000e+00
1.960743559986329387e+01,0.000000000000000000e+00
2.174306543110352408e+01,0.000000000000000000e+00
1.984404493350249155e+01,0.000000000000000000e+00
1.956873189184485540e+01,0.000000000000000000e+00
1.945978159802677965e+01,0.000000000000000000e+00
2.146755209081030813e+01,0.000000000000000000e+00
2.148378330997314123e+01,0.000000000000000000e+00
1.853618142011531944e+01,0.000000000000000000e+00
2.119107129371249698e+01,0.000000000000000000e+00
1.884964693938066915e+01,0.000000000000000000e+00
2.215261485108106498e+01,0.000000000000000000e+00
2.163541886994047658e+01,0.000000000000000000e+00
2.142418320479139382e+01,0.000000000000000000e+00
1.906779449013594530e+01,0.000000000000000000e+00
1.651492374160770638e+01,0.000000000000000000e+00
2.192386669118696929e+01,0.000000000000000000e+00
1.793873249415985072e+01,0.000000000000000000e+00
1.818218462530800750e+01,0.000000000000000000e+00
1.983457681892060620e+01,0.000000000000000000e+00
1.823697375548410449e+01,0.000000000000000000e+00
2.014306372558698399e+01,0.000000000000000000e+00
1.770239580689956682e+01,0.000000000000000000e+00
1.921828900058011058e+01,0.000000000000000000e+00
2.222011370282039167e+01,0.000000000000000000e+00
1.280926503272448791e+01,0.000000000000000000e+00
1.842926397463515542e+01,0.000000000000000000e+00
1.972359075793348993e+01,0.000000000000000000e+00
1.947956849275851354e+01,0.000000000000000000e+00
1.861407237403916071e+01,0.000000000000000000e+00
1.824956588256418399e+01,0.000000000000000000e+00
2.317970845876305930e+01,0.000000000000000000e+00
1.935003701439815416e+01,0.000000000000000000e+00
1.953497026295521977e+01,0.000000000000000000e+00
1.860247709449551579e+01,0.000000000000000000e+00
2.051322948768702048e+01,0.000000000000000000e+00
2.158933376224875644e+01,0.000000000000000000e+00
2.067845831362991760e+01,0.000000000000000000e+00
1.981102504513761176e+01,0.000000000000000000e+00
1.803468470951931479e+01,0.000000000000000000e+00
1.942979434490138857e+01,0.000000000000000000e+00
2.120877001974493936e+01,0.000000000000000000e+00
1.818465031235231066e+01,0.000000000000000000e+00
1.934573117879024906e+01,0.000000000000000000e+00
2.170308857909724765e+01,0.000000000000000000e+00
2.075520358055608483e+01,0.000000000000000000e+00
1.973068939257721510e+01,0.000000000000000000e+00
2.030622934387257317e+01,0.000000000000000000e+00
2.259845442139292260e+01,0.000000000000000000e+00
2.350113094277582704e+01,0.000000000000000000e+00
2.084407350420928395e+01,0.000000000000000000e+00
1.989548321607587766e+01,0.000000000000000000e+00
2.385303928573311083e+01,0.000000000000000000e+00
1.854175681873908843e+01,0.000000000000000000e+00
1.432759153283061160e+01,0.000000000000000000e+00
2.285720288254149324e+01,0.000000000000000000e+00
2.060875680378511277e+01,0.000000000000000000e+00
1.642960616624669612e+01,0.000000000000000000e+00
2.234368500682332126e+01,0.000000000000000000e+00
2.100558782277762404e+01,0.000000000000000000e+00
1.898762655101191044e+01,0.000000000000000000e+00
2.216978220552477197e+01,0.000000000000000000e+00
2.189434519721143957e+01,0.000000000000000000e+00
1.641480719571176650e+01,0.000000000000000000e+00
1.900301022279204233e+01,0.000000000000000000e+00
2.012509349287164540e+01,0.000000000000000000e+00
2.019747499594595297e+01,0.000000000000000000e+00
1.971018870800500977e+01,0.000000000000000000e+00
2.059526575242170665e+01,0.000000000000000000e+00
2.301206973415347079e+01,0.000000000000000000e+00
2.172583624717610107e+01,0.000000000000000000e+00
1.779633167714032993e+01,0.000000000000000000e+00
2.184122053201922853e+01,0.000000000000000000e+00
2.193471854604361937e+01,0.000000000000000000e+00
1.773520808251565839e+01,0.000000000000000000e+00
1.991777485029250983e+01,0.000000000000000000e+00
2.118404178247680036e+01,0.000000000000000000e+00
2.389508825311159157e+01,0.000000000000000000e+00
1.920592331032475641e+01,0.000000000000000000e+00
2.252381764080146098e+01,0.000000000000000000e+00
2.289169531269586599e+01,0.000000000000000000e+00
2.087543842721578002e+01,0.000000000000000000e+00
2.018865564377971467e+01,0.000000000000000000e+00
2.339047609587548848e+01,0.000000000000000000e+00
2.294412852876400422e+01,0.000000000000000000e+00
2.163935956232494817e+01,0.000000000000000000e+00
1.959801308272718146e+01,0.000000000000000000e+00
2.010449754140107359e+01,0.000000000000000000e+00
1.848489912662933676e+01,0.000000000000000000e+00
2.184903390845158100e+01,0.000000000000000000e+00
2.056924022696849264e+01,0.000000000000000000e+00
2.114568176691746615e+01,0.000000000000000000e+00
2.300973124221469845e+01,0.000000000000000000e+00
1.823504945144419054e+01,0.000000000000000000e+00
2.219090553419887968e+01,0.000000000000000000e+00
1.885634648600433749e+01,0.000000000000000000e+00
1.776489184443870428e+01,0.000000000000000000e+00
1.972880352876514110e+01,0.000000000000000000e+00
2.277202820902349600e+01,0.000000000000000000e+00
1.987963204388663030e+01,0.000000000000000000e+00
2.500862608149578747e+01,0.000000000000000000e+00
1.985841020292904702e+01,0.000000000000000000e+00
2.055030572142667467e+01,0.000000000000000000e+00
2.358387910742027671e+01,0.000000000000000000e+00
2.288557892756784540e+01,0.000000000000000000e+00
1.988105031578767168e+01,0.000000000000000000e+00
2.493562054507228964e+01,0.000000000000000000e+00
1.969862739179172451e+01,0.000000000000000000e+00
2.207141305100312678e+01,0.000000000000000000e+00
2.080542210657285551e+01,0.000000000000000000e+00
2.026260014695123246e+01,0.000000000000000000e+00
2.166858862221566184e+01,0.000000000000000000e+00
2.224204258393779199e+01,0.000000000000000000e+00
2.298570016736863408e+01,0.000000000000000000e+00
1.963000702250254648e+01,0.000000000000000000e+00
2.346219264257769410e+01,0.000000000000000000e+00
2.171013868350928533e+01,0.000000000000000000e+00
2.218044363986825829e+01,0.000000000000000000e+00
1.862178542092800271e+01,0.000000000000000000e+00
2.181211155537600632e+01,0.000000000000000000e+00
2.154565557956670574e+01,0.000000000000000000e+00
2.359414126131099110e+01,0.000000000000000000e+00
2.100815274936308441e+01,0.000000000000000000e+00
1.751378420870480213e+01,0.000000000000000000e+00
2.091182417776383673e+01,0.000000000000000000e+00
2.286004196055955617e+01,0.000000000000000000e+00
2.363179737671103098e+01,0.000000000000000000e+00
1.993356151765215856e+01,0.000000000000000000e+00
1.896515878972200753e+01,0.000000000000000000e+00
1.992578200119839948e+01,0.000000000000000000e+00
2.045857213810145581e+01,0.000000000000000000e+00
2.239663648649115757e+01,0.000000000000000000e+00
2.279092142480603300e+01,0.000000000000000000e+00
2.308485214785008921e+01,0.000000000000000000e+00
1.802052591165270456e+01,0.000000000000000000e+00
2.396581067850084779e+01,0.000000000000000000e+00
2.378833949750308463e+01,0.000000000000000000e+00
2.569215349484484889e+01,0.000000000000000000e+00
2.507541773270676089e+01,0.000000000000000000e+00
2.261532657677799918e+01,0.000000000000000000e+00
2.303968006448652162e+01,0.000000000000000000e+00
2.321596820531456018e+01,0.000000000000000000e+00
2.435881823612515262e+01,0.000000000000000000e+00
2.629329310531912256e+01,0.000000000000000000e+00
2.171526125396778539e+01,0.000000000000000000e+00
1.886556257840151574e+01,0.000000000000000000e+00
2.213074121209758616e+01,0.000000000000000000e+00
2.004048992950739461e+01,0.000000000000000000e+00
2.508641036160632964e+01,0.000000000000000000e+00
2.354106932806376662e+01,0.000000000000000000e+00
2.198297738181312155e+01,0.000000000000000000e+00
2.394998373715328199e+01,0.000000000000000000e+00
2.174819990625869082e+01,0.000000000000000000e+00
1.976936195892195869e+01,0.000000000000000000e+00
2.013042089865996331e+01,0.000000000000000000e+00
2.080503436662027994e+01,0.000000000000000000e+00
1.981268185930958481e+01,0.000000000000000000e+00
1.841554082949154036e+01,0.000000000000000000e+00
2.162795780039067139e+01,0.000000000000000000e+00
2.332806922750776479e+01,0.000000000000000000e+00
2.284962611114885433e+01,0.000000000000000000e+00
2.199076708513340250e+01,0.000000000000000000e+00
2.602572801817905912e+01,0.000000000000000000e+00
2.135671806848283083e+01,0.000000000000000000e+00
2.397330204896638151e+01,0.000000000000000000e+00
2.277729191972870026e+01,0.000000000000000000e+00
2.263275032100451867e+01,0.000000000000000000e+00
2.345647398516324955e+01,0.000000000000000000e+00
2.727035741806085056e+01,0.000000000000000000e+00
2.019967595258016502e+01,0.000000000000000000e+00
2.488888641447402250e+01,0.000000000000000000e+00
2.432840234427984427e+01,0.000000000000000000e+00
2.510726193045077181e+01,0.000000000000000000e+00
2.263149652696193215e+01,0.000000000000000000e+00
2.105323935824650761e+01,0.000000000000000000e+00
2.372211666199629931e+01,0.000000000000000000e+00
2.355288074272549537e+01,0.000000000000000000e+00
2.532861051630856863e+01,0.000000000000000000e+00
2.543715364957786207e+01,0.000000000000000000e+00
2.323058148134500200e+01,0.000000000000000000e+00
2.492245192531729003e+01,0.000000000000000000e+00
2.517914397373799673e+01,0.000000000000000000e+00
2.472947139579382636e+01,0.000000000000000000e+00
2.316998449780272296e+01,0.000000000000000000e+00
2.341133434197276131e+01,0.000000000000000000e+00
2.368759267267798663e+01,0.000000000000000000e+00
2.188390958335358860e+01,0.000000000000000000e+00
2.250878881761358130e+01,0.000000000000000000e+00
2.330087321516848675e+01,0.000000000000000000e+00
2.207456694332756086e+01,0.000000000000000000e+00
2.731892033285728161e+01,0.000000000000000000e+00
2.705999279811526037e+01,0.000000000000000000e+00
2.360420916431551319e+01,0.000000000000000000e+00
2.735335417287927484e+01,0.000000000000000000e+00
2.364250384240360603e+01,0.000000000000000000e+00
2.298786905279921200e+01,0.000000000000000000e+00
2.491951620737833295e+01,0.000000000000000000e+00
2.118159993603562086e+01,0.000000000000000000e+00
2.533698132219198129e+01,0.000000000000000000e+00
2.633739606812257961e+01,0.000000000000000000e+00
2.621833812262283203e+01,0.000000000000000000e+00
2.487738874380251275e+01,0.000000000000000000e+00
2.406096258671800570e+01,0.000000000000000000e+00
2.228678447004046248e+01,0.000000000000000000e+00
2.871124523300120401e+01,0.000000000000000000e+00
2.322756295558045991e+01,0.000000000000000000e+00
2.608143093964859105e+01,0.000000000000000000e+00
2.391514460986127943e+01,0.000000000000000000e+00
2.191748377765456368e+01,0.000000000000000000e+00
2.519780901830895203e+01,0.000000000000000000e+00
2.147429500174342110e+01,0.000000000000000000e+00
2.691988252886858746e+01,0.000000000000000000e+00
2.735610118313268302e+01,0.000000000000000000e+00
2.436902525911659723e+01,0.000000000000000000e+00
2.508123248086407031e+01,0.000000000000000000e+00
2.642346183754058231e+01,0.000000000000000000e+00
2.517587469708775316e+01,0.000000000000000000e+00
2.554137465809689544e+01,0.000000000000000000e+00
2.442602783254703525e+01,0.000000000000000000e+00
2.402648245547295858e+01,0.000000000000000000e+00
2.576826298508660074e+01,0.000000000000000000e+00
2.434508071694506270e+01,0.000000000000000000e+00
3.076551696416866832e+01,0.000000000000000000e+00
2.241457699720440999e+01,0.000000000000000000e+00
2.555791333049451808e+01,0.000000000000000000e+00
2.598581697651735922e+01,0.000000000000000000e+00
2.427295827374522119e+01,0.000000000000000000e+00
2.867376490908123898e+01,0.000000000000000000e+00
2.470090092845508067e+01,0.000000000000000000e+00
2.636008601002057716e+01,0.000000000000000000e+00
2.839135807856828819e+01,0.000000000000000000e+00
2.617413714581384809e+01,0.000000000000000000e+00
2.332092770563185624e+01,0.000000000000000000e+00
2.426576270519241874e+01,0.000000000000000000e+00
2.546509986760612065e+01,0.000000000000000000e+00
2.681043982124004188e+01,0.000000000000000000e+00
2.354749946820823681e+01,0.000000000000000000e+00
2.712448360175458006e+01,0.000000000000000000e+00
2.865459541275811617e+01,0.000000000000000000e+00
2.836202568380454281e+01,0.000000000000000000e+00
2.592925233237049554e+01,0.000000000000000000e+00
2.442019530923926141e+01,0.000000000000000000e+00
2.981306829920247736e+01,0.000000000000000000e+00
2.778970888873906375e+01,0.000000000000000000e+00
2.727417151418577745e+01,0.000000000000000000e+00
2.719795223676534590e+01,0.000000000000000000e+00
2.784033686203028779e+01,0.000000000000000000e+00
3.082109575146546021e+01,0.000000000000000000e+00
2.694978200880834152e+01,0.000000000000000000e+00
2.849909615266916774e+01,0.000000000000000000e+00
2.803906348448098740e+01,0.000000000000000000e+00
2.579194468900461246e+01,0.000000000000000000e+00
2.447247147139308510e+01,0.000000000000000000e+00
2.827397736004608575e+01,0.000000000000000000e+00
2.614254735216885095e+01,0.000000000000000000e+00
3.101893101211996040e+01,0.000000000000000000e+00
2.632144162039285717e+01,0.000000000000000000e+00
2.895823175694933127e+01,0.000000000000000000e+00
2.535353396426014072e+01,0.000000000000000000e+00
2.596969606459324709e+01,0.000000000000000000e+00
2.977331921856788099e+01,0.000000000000000000e+00
2.695639268263856181e+01,0.000000000000000000e+00
2.547449210874396641e+01,0.000000000000000000e+00
2.672709481729113890e+01,0.000000000000000000e+00
2.536040237484525406e+01,0.000000000000000000e+00
2.780591030200433167e+01,0.000000000000000000e+00
2.484076192160965135e+01,0.000000000000000000e+00
2.786168196184814860e+01,0.000000000000000000e+00
2.869078718432525577e+01,0.000000000000000000e+00
2.864719557784912851e+01,0.000000000000000000e+00
3.003023284126522796e+01,0.000000000000000000e+00
2.834411417604901828e+01,0.000000000000000000e+00
2.683079203041641492e+01,0.000000000000000000e+00
2.798886263148613907e+01,0.000000000000000000e+00
2.659063501246065186e+01,0.000000000000000000e+00
2.791055676360977245e+01,0.000000000000000000e+00
3.093489515796262879e+01,0.000000000000000000e+00
2.880820141021018088e+01,0.000000000000000000e+00
2.795171278057767594e+01,0.000000000000000000e+00
3.077751532853204353e+01,0.000000000000000000e+00
2.731201558075029823e+01,0.000000000000000000e+00
2.816678687492836985e+01,0.000000000000000000e+00
2.835678454962255657e+01,0.000000000000000000e+00
2.800352932264307171e+01,0.000000000000000000e+00
2.753555937522574482e+01,0.000000000000000000e+00
3.071162919118450674e+01,0.000000000000000000e+00
3.334968301302806992e+01,0.000000000000000000e+00
2.754360287731828905e+01,0.000000000000000000e+00
2.978784698882389037e+01,0.000000000000000000e+00
2.999630259152346312e+01,0.000000000000000000e+00
3.003088823034548938e+01,0.000000000000000000e+00
2.823708316224935899e+01,0.000000000000000000e+00
2.622235997993742984e+01,0.000000000000000000e+00
2.748584676989305109e+01,0.000000000000000000e+00
2.855160908969366318e+01,0.000000000000000000e+00
2.824317238254457507e+01,0.000000000000000000e+00
2.351917291337662164e+01,0.000000000000000000e+00
2.686812431541849477e+01,0.000000000000000000e+00
2.914916490483737732e+01,0.000000000000000000e+00
2.905120928824587168e+01,0.000000000000000000e+00
3.056616910790345187e+01,0.000000000000000000e+00
3.346879614055536933e+01,0.000000000000000000e+00
2.824732116316915054e+01,0.000000000000000000e+00
3.091069607116599371e+01,0.000000000000000000e+00
2.893073184352376614e+01,0.000000000000000000e+00
2.676613985152160780e+01,0.000000000000000000e+00
3.059786475093712355e+01,0.000000000000000000e+00
3.240966337851057943e+01,0.000000000000000000e+00
2.654394799151055651e+01,0.000000000000000000e+00
2.703608281937969338e+01,0.000000000000000000e+00
2.620764611782632514e+01,0.000000000000000000e+00
2.970049554557157023e+01,0.000000000000000000e+00
3.107997446221357052e+01,0.000000000000000000e+00
3.280943386387415472e+01,0.000000000000000000e+00
2.970205961896926183e+01,0.000000000000000000e+00
3.402881293721074485e+01,0.000000000000000000e+00
3.081157750677951057e+01,0.000000000000000000e+00
3.172862369095928869e+01,0.000000000000000000e+00
3.213280006366900210e+01,0.000000000000000000e+00
2.745485047177218974e+01,0.000000000000000000e+00
2.980747850288014078e+01,0.000000000000000000e+00
2.998874187028792448e+01,0.000000000000000000e+00
3.032816999992747142e+01,0.000000000000000000e+00
3.043596397258377095e+01,0.000000000000000000e+00
3.289517970131517899e+01,0.000000000000000000e+00
3.429352727074996210e+01,0.000000000000000000e+00
2.903725818118322266e+01,0.000000000000000000e+00
3.025996112998216248e+01,0.000000000000000000e+00
3.112422374901647970e+01,0.000000000000000000e+00
3.178459187882400627e+01,0.000000000000000000e+00
3.259784692858983135e+01,0.000000000000000000e+00
3.043253264839998451e+01,0.000000000000000000e+00
2.969890661880794980e+01,0.000000000000000000e+00
3.216074418473728258e+01,0.000000000000000000e+00
3.357340005059698029e+01,0.000000000000000000e+00
3.485294418248448522e+01,0.000000000000000000e+00
3.000352929592223461e+01,0.000000000000000000e+00
3.546156395670238481e+01,0.000000000000000000e+00
3.089038153822828647e+01,0.000000000000000000e+00
3.063727916118377692e+01,0.000000000000000000e+00
3.183687337656050786e+01,0.000000000000000000e+00
3.234236746588538836e+01,0.000000000000000000e+00
3.212729939546908042e+01,0.000000000000000000e+00
3.488478750489854008e+01,0.000000000000000000e+00
3.127808646905759460e+01,0.000000000000000000e+00
3.340765801971756588e+01,0.000000000000000000e+00
3.177976961121698452e+01,0.000000000000000000e+00
2.908650970262011626e+01,0.000000000000000000e+00
3.356905246026569500e+01,0.000000000000000000e+00
2.934013467341760162e+01,0.000000000000000000e+00
3.822026002077477358e+01,0.000000000000000000e+00
3.190830510249009322e+01,0.000000000000000000e+00
3.242376630574926821e+01,0.000000000000000000e+00
3.384417053345107007e+01,0.000000000000000000e+00
3.439573083637161943e+01,0.000000000000000000e+00
3.223394574021460812e+01,0.000000000000000000e+00
3.128901172758331839e+01,0.000000000000000000e+00
3.403006474653189173e+01,0.000000000000000000e+00
3.398385344509201644e+01,0.000000000000000000e+00
3.788563000065044406e+01,0.000000000000000000e+00
3.353200802598454544e+01,0.000000000000000000e+00
3.155225558677736331e+01,0.000000000000000000e+00
3.339080508939755987e+01,0.000000000000000000e+00
3.550224917339986774e+01,0.000000000000000000e+00
3.576427634299106728e+01,0.000000000000000000e+00
3.305649876354048899e+01,0.000000000000000000e+00
3.363257948671402886e+01,0.000000000000000000e+00
3.675353939759710897e+01,0.000000000000000000e+00
3.413875400742506372e+01,0.000000000000000000e+00
3.476799739713332826e+01,0.000000000000000000e+00
3.617159352075428558e+01,0.000000000000000000e+00
3.409116826579376180e+01,0.000000000000000000e+00
3.248255364014779900e+01,0.000000000000000000e+00
3.357855677452874232e+01,0.000000000000000000e+00
3.397569043857011906e+01,0.000000000000000000e+00
3.618959236757218889e+01,0.000000000000000000e+00
3.573029128743792882e+01,0.000000000000000000e+00
3.809479492534125455e+01,0.000000000000000000e+00
3.744042399841764279e+01,0.000000000000000000e+00
3.521120621070134860e+01,0.000000000000000000e+00
3.560831419107957174e+01,0.000000000000000000e+00
3.542004151792293243e+01,0.000000000000000000e+00
3.026894597779666185e+01,0.000000000000000000e+00
3.242557502716298501e+01,0.000000000000000000e+00
3.378920828393914633e+01,0.000000000000000000e+00
3.649779579348611236e+01,0.000000000000000000e+00
3.351478399565293387e+01,0.000000000000000000e+00
3.470156653038882411e+01,0.000000000000000000e+00
3.256099354404727819e+01,0.000000000000000000e+00
3.661257974167943274e+01,0.000000000000000000e+00
3.611531429722899134e+01,0.000000000000000000e+00
3.489662432936769676e+01,0.000000000000000000e+00
3.730048290753426699e+01,0.000000000000000000e+00
3.801727424309645897e+01,0.000000000000000000e+00
3.785951848418381616e+01,0.000000000000000000e+00
3.623218581875021016e+01,0.000000000000000000e+00
4.001007710796218220e+01,0.000000000000000000e+00
3.861488048706974752e+01,0.000000000000000000e+00
3.290923908571605239e+01,0.000000000000000000e+00
3.592805439408763846e+01,0.000000000000000000e+00
3.438261534868741620e+01,0.000000000000000000e+00
3.691620778019363769e+01,0.000000000000000000e+00
3.616233746143358729e+01,0.000000000000000000e+00
3.964007860020169716e+01,0.000000000000000000e+00
3.606844340891918677e+01,0.000000000000000000e+00
3.594122896170473069e+01,0.000000000000000000e+00
3.891003977814202131e+01,0.000000000000000000e+00
3.681510358032118546e+01,0.000000000000000000e+00
3.861473151623677325e+01,0.000000000000000000e+00
3.741834201237092827e+01,0.000000000000000000e+00
3.824775309101514154e+01,0.000000000000000000e+00
3.866161732449797483e+01,0.000000000000000000e+00
3.705511428030179388e+01,0.000000000000000000e+00
3.939479056980111693e+01,0.000000000000000000e+00
3.798082917722246776e+01,0.000000000000000000e+00
3.954137922249510240e+01,0.000000000000000000e+00
3.976751810494514672e+01,0.000000000000000000e+00
3.706566305378285620e+01,0.000000000000000000e+00
4.020684356583609542e+01,0.000000000000000000e+00
3.837862181370151404e+01,0.000000000000000000e+00
3.801552477877611835e+01,0.000000000000000000e+00
3.644808511976200549e+01,0.000000000000000000e+00
3.787929547029730060e+01,0.000000000000000000e+00
3.644112509619152718e+01,0.000000000000000000e+00
3.791051701095364734e+01,0.000000000000000000e+00
3.925869703267127164e+01,0.000000000000000000e+00
4.101980216211081398e+01,0.000000000000000000e+00
3.630054127768434569e+01,0.000000000000000000e+00
3.931369765920120329e+01,0.000000000000000000e+00
4.074108324117923985e+01,0.000000000000000000e+00
3.796455739057589085e+01,0.000000000000000000e+00
3.857637778408361129e+01,0.000000000000000000e+00
3.767543371245435679e+01,0.000000000000000000e+00
4.031541796344404815e+01,0.000000000000000000e+00
3.689916948134816721e+01,0.000000000000000000e+00
3.462438417544166924e+01,0.000000000000000000e+00
4.162665354506103199e+01,0.000000000000000000e+00
3.565531965688735028e+01,0.000000000000000000e+00
3.940438997511317609e+01,0.000000000000000000e+00
4.087004888979403461e+01,0.000000000000000000e+00
3.868542628964741681e+01,0.000000000000000000e+00
3.865517768588688341e+01,0.000000000000000000e+00
3.647996311250697943e+01,0.000000000000000000e+00
3.714373205752655593e+01,0.000000000000000000e+00
4.057377406017000965e+01,0.000000000000000000e+00
4.135464285197943468e+01,0.000000000000000000e+00
3.973335617081853854e+01,0.000000000000000000e+00
3.769573905082933862e+01,0.000000000000000000e+00
4.112255884748520174e+01,0.000000000000000000e+00
4.229076863287571797e+01,0.000000000000000000e+00
4.324048446244025001e+01,0.000000000000000000e+00
4.220172594271376454e+01,0.000000000000000000e+00
3.959480724000624718e+01,0.000000000000000000e+00
3.716644147600570847e+01,0.000000000000000000e+00
4.123841371665151456e+01,0.000000000000000000e+00
4.008209290945575987e+01,0.000000000000000000e+00
4.067828903027533016e+01,0.000000000000000000e+00
4.222755533396384209e+01,0.000000000000000000e+00
4.271287665113605669e+01,0.000000000000000000e+00
3.887399624622480587e+01,0.000000000000000000e+00
4.129615409793976966e+01,0.000000000000000000e+00
4.384691740843416596e+01,0.000000000000000000e+00
3.963605006648730722e+01,0.000000000000000000e+00
4.058051659684496570e+01,0.000000000000000000e+00
4.082273860715751113e+01,0.000000000000000000e+00
3.945650530229946185e+01,0.000000000000000000e+00
4.174075384116218146e+01,0.000000000000000000e+00
4.274343915724523413e+01,0.000000000000000000e+00
4.278795930749245002e+01,0.000000000000000000e+00
4.188183946670397972e+01,0.000000000000000000e+00
4.542976088787781208e+01,0.000000000000000000e+00
4.426528212022633824e+01,0.000000000000000000e+00
4.207149556282233505e+01,0.000000000000000000e+00
4.142304759608909848e+01,0.000000000000000000e+00
4.355219854810741253e+01,0.000000000000000000e+00
4.218816929042364450e+01,0.000000000000000000e+00
4.456143147562323747e+01,0.000000000000000000e+00
3.850233139501342805e+01,0.000000000000000000e+00
4.321286795152466453e+01,0.000000000000000000e+00
4.104740761355023437e+01,0.000000000000000000e+00
4.297747984574256463e+01,0.000000000000000000e+00
4.510166752386864175e+01,0.000000000000000000e+00
4.320785966224300978e+01,0.000000000000000000e+00
4.092776608620754075e+01,0.000000000000000000e+00
4.435754417166421604e+01,0.000000000000000000e+00
4.368128796325561325e+01,0.000000000000000000e+00
4.032655332963598482e+01,0.000000000000000000e+00
4.377461389618198240e+01,0.000000000000000000e+00
4.076828803406258572e+01,0.000000000000000000e+00
4.411563157036061966e+01,0.000000000000000000e+00
4.222088842733498382e+01,0.000000000000000000e+00
4.254172642420106598e+01,0.000000000000000000e+00
4.355433260451673050e+01,0.000000000000000000e+00
4.647188926300373879e+01,0.000000000000000000e+00
4.617101536382146776e+01,0.000000000000000000e+00
4.280349966979214571e+01,0.000000000000000000e+00
4.419381288774290795e+01,0.000000000000000000e+00
4.496066182721491344e+01,0.000000000000000000e+00
4.414677194331580523e+01,0.000000000000000000e+00
4.179826727757640725e+01,0.000000000000000000e+00
4.578300785757727454e+01,0.000000000000000000e+00
4.228041154343943475e+01,0.000000000000000000e+00
4.425594740730971921e+01,0.000000000000000000e+00
4.629031359083848685e+01,0.000000000000000000e+00
4.521074149029136890e+01,0.000000000000000000e+00
4.443638186819642755e+01,0.000000000000000000e+00
4.525698055394987307e+01,0.000000000000000000e+00
4.683923912928860744e+01,0.000000000000000000e+00
4.640900489694306685e+01,0.000000000000000000e+00
4.683110367604882640e+01,0.000000000000000000e+00
4.310970009623977006e+01,0.000000000000000000e+00
4.162328344140271952e+01,0.000000000000000000e+00
4.021594784345496976e+01,0.000000000000000000e+00
4.091506918920051561e+01,0.000000000000000000e+00
4.291446884033033626e+01,0.000000000000000000e+00
4.428217010210249782e+01,0.000000000000000000e+00
4.702400799002695209e+01,0.000000000000000000e+00
4.335270395398096355e+01,0.000000000000000000e+00
4.912961430320501677e+01,0.000000000000000000e+00
4.748076862231367556e+01,0.000000000000000000e+00
4.583447838110366490e+01,0.000000000000000000e+00
4.301374025841990800e+01,0.000000000000000000e+00
4.504501318037494428e+01,0.000000000000000000e+00
4.694145436704107510e+01,0.000000000000000000e+00
4.661520158261932778e+01,0.000000000000000000e+00
4.547613480579874334e+01,0.000000000000000000e+00
4.593079898673154560e+01,0.000000000000000000e+00
4.613729629951360067e+01,0.000000000000000000e+00
4.542592668271900891e+01,0.000000000000000000e+00
4.579494566659900556e+01,0.000000000000000000e+00
4.553360521632723135e+01,0.000000000000000000e+00
4.782256874754538956e+01,0.000000000000000000e+00
4.960289515662356052e+01,0.000000000000000000e+00
4.534130078668006547e+01,0.000000000000000000e+00
4.350842395415320141e+01,0.000000000000000000e+00
4.720341328145607918e+01,0.000000000000000000e+00
4.549356168523674171e+01,0.000000000000000000e+00
4.443778131653633778e+01,0.000000000000000000e+00
4.747566946687062028e+01,0.000000000000000000e+00
4.928433491500888408e+01,0.000000000000000000e+00
5.040648931820760481e+01,0.000000000000000000e+00
4.803496453902561569e+01,0.000000000000000000e+00
4.433741643384591669e+01,0.000000000000000000e+00
5.000281753475917412e+01,0.000000000000000000e+00
4.649132086110191864e+01,0.000000000000000000e+00
4.801304538286735379e+01,0.000000000000000000e+00
4.589862513470060890e+01,0.000000000000000000e+00
4.562391941838989595e+01,0.000000000000000000e+00
4.549753038248422143e+01,0.000000000000000000e+00
4.571703553721654600e+01,0.000000000000000000e+00
4.926533473940079944e+01,0.000000000000000000e+00
4.892913540928401517e+01,0.000000000000000000e+00
4.674447978550748672e+01,0.000000000000000000e+00
4.791335543952635589e+01,0.000000000000000000e+00
4.886068571943147987e+01,0.000000000000000000e+00
4.719797062786212649e+01,0.000000000000000000e+00
5.012229753669107168e+01,0.000000000000000000e+00
4.876130283679652422e+01,0.000000000000000000e+00
4.906434658599793153e+01,0.000000000000000000e+00
4.385415835481965274e+01,0.000000000000000000e+00
5.056346335278566784e+01,0.000000000000000000e+00
4.947499479794529265e+01,0.000000000000000000e+00
4.801025066484410075e+01,0.000000000000000000e+00
5.065790484795261506e+01,0.000000000000000000e+00
4.983513535398927985e+01,0.000000000000000000e+00
4.931441874149797400e+01,0.000000000000000000e+00
5.254802685284907682e+01,0.000000000000000000e+00
4.812750806387300173e+01,0.000000000000000000e+00
5.157195073547726594e+01,0.000000000000000000e+00
4.717073805994485980e+01,0.000000000000000000e+00
4.940769827066888809e+01,0.000000000000000000e+00
4.913040206408101085e+01,0.000000000000000000e+00
5.027295227419678980e+01,0.000000000000000000e+00
4.876949347770011656e+01,0.000000000000000000e+00
4.955176369176242446e+01,0.000000000000000000e+00
4.765996749913461628e+01,0.000000000000000000e+00
4.801564721903920230e+01,0.000000000000000000e+00
