value,error
4.788394468830502149e+01,0.000000000000000000e+00
5.238380554839448422e+01,0.000000000000000000e+00
5.204201036727244656e+01,0.000000000000000000e+00
5.072550587766379238e+01,0.000000000000000000e+00
5.025820693736998379e+01,0.000000000000000000e+00
5.034637040120220064e+01,0.000000000000000000e+00
4.969073291999639963e+01,0.000000000000000000e+00
5.273226898725541645e+01,0.000000000000000000e+00
5.209218475667731951e+01,0.000000000000000000e+00
5.156956687830648889e+01,0.000000000000000000e+00
5.262585808323535730e+01,0.000000000000000000e+00
5.310439587186704102e+01,0.000000000000000000e+00
4.916623493401611000e+01,0.000000000000000000e+00
5.091935943494745231e+01,0.000000000000000000e+00
5.214009039732684414e+01,0.000000000000000000e+00
5.194638714469575547e+01,0.000000000000000000e+00
5.294724088128686645e+01,0.000000000000000000e+00
5.199565742904913890e+01,0.000000000000000000e+00
5.550255866939664173e+01,0.000000000000000000e+00
5.393268249850596874e+01,0.000000000000000000e+00
5.630911903009567965e+01,0.000000000000000000e+00
4.928298970157815972e+01,0.000000000000000000e+00
5.456025380313767670e+01,0.000000000000000000e+00
5.256715049142820817e+01,0.000000000000000000e+00
5.126221654083447987e+01,0.000000000000000000e+00
5.041766660376593734e+01,0.000000000000000000e+00
5.155066056949103626e+01,0.000000000000000000e+00
5.320172398262477742e+01,0.000000000000000000e+00
5.496973084565409806e+01,0.000000000000000000e+00
5.258856988604546956e+01,0.000000000000000000e+00
5.215418202549778215e+01,0.000000000000000000e+00
5.355708391752742159e+01,0.000000000000000000e+00
5.322338846881793728e+01,0.000000000000000000e+00
5.558767951305219412e+01,0.000000000000000000e+00
5.100803242182001185e+01,0.000000000000000000e+00
4.852683758117454715e+01,0.000000000000000000e+00
5.267035465176863340e+01,0.000000000000000000e+00
5.424752421237558764e+01,0.000000000000000000e+00
5.098561429540672663e+01,0.000000000000000000e+00
5.313953135137344219e+01,0.000000000000000000e+00
5.352790676585134833e+01,0.000000000000000000e+00
5.417848546133128451e+01,0.000000000000000000e+00
5.166973441883104101e+01,0.000000000000000000e+00
5.107091013902693533e+01,0.000000000000000000e+00
5.356044221131421779e+01,0.000000000000000000e+00
5.615661046300640891e+01,0.000000000000000000e+00
5.066954641349951771e+01,0.000000000000000000e+00
5.243075353303294150e+01,0.000000000000000000e+00
5.332859976493150356e+01,0.000000000000000000e+00
5.133682915796816815e+01,0.000000000000000000e+00
5.132804692144028991e+01,0.000000000000000000e+00
5.217230778527128621e+01,0.000000000000000000e+00
5.322358505347040847e+01,0.000000000000000000e+00
5.525087103389586218e+01,0.000000000000000000e+00
5.643001307960730628e+01,0.000000000000000000e+00
5.397867829940033602e+01,0.000000000000000000e+00
5.490637953615790678e+01,0.000000000000000000e+00
5.335054675484607856e+01,0.000000000000000000e+00
5.256066977283909836e+01,0.000000000000000000e+00
5.477487605542100368e+01,0.000000000000000000e+00
5.417604926839854329e+01,0.000000000000000000e+00
5.588907443452691126e+01,0.000000000000000000e+00
5.399000994914858609e+01,0.000000000000000000e+00
5.701463664482695037e+01,0.000000000000000000e+00
5.386614061080309313e+01,0.000000000000000000e+00
5.615572736095107587e+01,0.000000000000000000e+00
5.080929771820616736e+01,0.000000000000000000e+00
5.557743884185233441e+01,0.000000000000000000e+00
5.275666581865810656e+01,0.000000000000000000e+00
5.206800696150182262e+01,0.000000000000000000e+00
5.456886700301981818e+01,0.000000000000000000e+00
5.539555695391048573e+01,0.000000000000000000e+00
5.739912805252256334e+01,0.000000000000000000e+00
5.402182583093468793e+01,0.000000000000000000e+00
5.846055343781248581e+01,0.000000000000000000e+00
5.643876399086497742e+01,0.000000000000000000e+00
5.430048661870741711e+01,0.000000000000000000e+00
5.250780574759723152e+01,0.000000000000000000e+00
5.746358970272773803e+01,0.000000000000000000e+00
6.132760948871987239e+01,0.000000000000000000e+00
5.424400876563785800e+01,0.000000000000000000e+00
5.542743746366679147e+01,0.000000000000000000e+00
5.560553139581170257e+01,0.000000000000000000e+00
5.866240223155198663e+01,0.000000000000000000e+00
5.881415993402407594e+01,0.000000000000000000e+00
5.935826453456420637e+01,0.000000000000000000e+00
5.754102463300831261e+01,0.000000000000000000e+00
5.730361401749520667e+01,0.000000000000000000e+00
5.300707635636430837e+01,0.000000000000000000e+00
5.711700149420694572e+01,0.000000000000000000e+00
5.427897761638352847e+01,0.000000000000000000e+00
6.089032769918960497e+01,0.000000000000000000e+00
5.781197950359401716e+01,0.000000000000000000e+00
5.728127147246564732e+01,0.000000000000000000e+00
5.558054447663570841e+01,0.000000000000000000e+00
5.883237233580379666e+01,0.000000000000000000e+00
5.875173983767493269e+01,0.000000000000000000e+00
5.777917390956186949e+01,0.000000000000000000e+00
5.756409175268824185e+01,0.000000000000000000e+00
6.071749823233522392e+01,0.000000000000000000e+00
5.636874183556869156e+01,0.000000000000000000e+00
5.482745703653058200e+01,0.000000000000000000e+00
5.721155255328997669e+01,0.000000000000000000e+00
5.885200083232064117e+01,0.000000000000000000e+00
5.665755064165693966e+01,0.000000000000000000e+00
5.748863241175117622e+01,0.000000000000000000e+00
5.775955483920420619e+01,0.000000000000000000e+00
5.584257810894872875e+01,0.000000000000000000e+00
5.699642410513435209e+01,0.000000000000000000e+00
5.709741915215877128e+01,0.000000000000000000e+00
5.931611003882073163e+01,0.000000000000000000e+00
5.983437501689045490e+01,0.000000000000000000e+00
6.237161795413046406e+01,0.000000000000000000e+00
5.822621021618240178e+01,0.000000000000000000e+00
6.025031850556538160e+01,0.000000000000000000e+00
6.081102438488604633e+01,0.000000000000000000e+00
6.212946721934238781e+01,0.000000000000000000e+00
6.213273234634048947e+01,0.000000000000000000e+00
6.010640769885789325e+01,0.000000000000000000e+00
5.767994172320340596e+01,0.000000000000000000e+00
6.032199128258250198e+01,0.000000000000000000e+00
5.750146431856394713e+01,0.000000000000000000e+00
5.583521563516174524e+01,0.000000000000000000e+00
6.057954352321187486e+01,0.000000000000000000e+00
5.951016598262662427e+01,0.000000000000000000e+00
6.127447287434179657e+01,0.000000000000000000e+00
6.221193737285016567e+01,0.000000000000000000e+00
5.837127167211381362e+01,0.000000000000000000e+00
5.899349150616563975e+01,0.000000000000000000e+00
5.991949767897853718e+01,0.000000000000000000e+00
6.117749165935427413e+01,0.000000000000000000e+00
5.991166035892320707e+01,0.000000000000000000e+00
5.698623787788405082e+01,0.000000000000000000e+00
6.036339424268233245e+01,0.000000000000000000e+00
6.169737145638288212e+01,0.000000000000000000e+00
5.977600060786560476e+01,0.000000000000000000e+00
5.879970802282208098e+01,0.000000000000000000e+00
6.342761313086984387e+01,0.000000000000000000e+00
5.972869352781127361e+01,0.000000000000000000e+00
6.721502260636165715e+01,0.000000000000000000e+00
5.566593004541123690e+01,0.000000000000000000e+00
5.980566039291674940e+01,0.000000000000000000e+00
6.182136714689847423e+01,0.000000000000000000e+00
6.100140611608795638e+01,0.000000000000000000e+00
6.077530046386396378e+01,0.000000000000000000e+00
6.063723919127838258e+01,0.000000000000000000e+00
6.411625382702190734e+01,0.000000000000000000e+00
6.449884194840851137e+01,0.000000000000000000e+00
6.263630621629129536e+01,0.000000000000000000e+00
6.147318442312072762e+01,0.000000000000000000e+00
6.266056002885183318e+01,0.000000000000000000e+00
6.229786970380165911e+01,0.000000000000000000e+00
6.556844462625684855e+01,0.000000000000000000e+00
6.062401359314038274e+01,0.000000000000000000e+00
6.465237880489114275e+01,0.000000000000000000e+00
6.318057385131938020e+01,0.000000000000000000e+00
6.147021771998335993e+01,0.000000000000000000e+00
6.622162992052962238e+01,0.000000000000000000e+00
6.130326283141624089e+01,0.000000000000000000e+00
6.463324295137384468e+01,0.000000000000000000e+00
6.470662517768177224e+01,0.000000000000000000e+00
6.204883327643531032e+01,0.000000000000000000e+00
6.240727494919099172e+01,0.000000000000000000e+00
6.523467002553481109e+01,0.000000000000000000e+00
6.094748313156760133e+01,0.000000000000000000e+00
6.229163544655717999e+01,0.000000000000000000e+00
6.195589575501159629e+01,0.000000000000000000e+00
6.487888836383265811e+01,0.000000000000000000e+00
6.297069189184362870e+01,0.000000000000000000e+00
6.310750839071823037e+01,0.000000000000000000e+00
6.291200598037876546e+01,0.000000000000000000e+00
6.362721727679063832e+01,0.000000000000000000e+00
6.671825513858709655e+01,0.000000000000000000e+00
6.194330635645366101e+01,0.000000000000000000e+00
6.377518399695695450e+01,0.000000000000000000e+00
6.963598515869043126e+01,0.000000000000000000e+00
6.558852396932655893e+01,0.000000000000000000e+00
6.811872103685186630e+01,0.000000000000000000e+00
6.233574407523200733e+01,0.000000000000000000e+00
6.296013879420022619e+01,0.000000000000000000e+00
6.243126521224495207e+01,0.000000000000000000e+00
6.424117233206966660e+01,0.000000000000000000e+00
6.570348205870858749e+01,0.000000000000000000e+00
6.160763221402174850e+01,0.000000000000000000e+00
6.823181101959099237e+01,0.000000000000000000e+00
6.359539844192489966e+01,0.000000000000000000e+00
6.475928434664412237e+01,0.000000000000000000e+00
6.728142496599019751e+01,0.000000000000000000e+00
6.838284954437484942e+01,0.000000000000000000e+00
7.019652101194165539e+01,0.000000000000000000e+00
6.114954500008761329e+01,0.000000000000000000e+00
6.579591197394478286e+01,0.000000000000000000e+00
6.418934065117402099e+01,0.000000000000000000e+00
6.463125350016314030e+01,0.000000000000000000e+00
6.455005879162031590e+01,0.000000000000000000e+00
6.482432583268396797e+01,0.000000000000000000e+00
6.229541858928880060e+01,0.000000000000000000e+00
6.726788558005597451e+01,0.000000000000000000e+00
6.786100500303781757e+01,0.000000000000000000e+00
6.710186342748717436e+01,0.000000000000000000e+00
6.805305886486731026e+01,0.000000000000000000e+00
6.182945075990810579e+01,0.000000000000000000e+00
6.294341026427937180e+01,0.000000000000000000e+00
6.861203558305878403e+01,0.000000000000000000e+00
6.858635223994443209e+01,0.000000000000000000e+00
6.635285241463569150e+01,0.000000000000000000e+00
6.429276084527565160e+01,0.000000000000000000e+00
6.657004026898799509e+01,0.000000000000000000e+00
6.322018494970974700e+01,0.000000000000000000e+00
6.610107505530955052e+01,0.000000000000000000e+00
6.387724361158521447e+01,0.000000000000000000e+00
6.415012990896494216e+01,0.000000000000000000e+00
6.577417065648464245e+01,0.000000000000000000e+00
6.934540816953480658e+01,0.000000000000000000e+00
6.828799662041899410e+01,0.000000000000000000e+00
6.611144016686823477e+01,0.000000000000000000e+00
6.487356514606585733e+01,0.000000000000000000e+00
6.493280847099609332e+01,0.000000000000000000e+00
6.614726573647821795e+01,0.000000000000000000e+00
6.607487213496720813e+01,0.000000000000000000e+00
6.593488589911889619e+01,0.000000000000000000e+00
6.845986674088682378e+01,0.000000000000000000e+00
6.225700283308160010e+01,0.000000000000000000e+00
6.507926320490611261e+01,0.000000000000000000e+00
6.847623073256418991e+01,0.000000000000000000e+00
6.657620804193865638e+01,0.000000000000000000e+00
6.788021657332937764e+01,0.000000000000000000e+00
6.760666083566458440e+01,0.000000000000000000e+00
6.659198289199267151e+01,0.000000000000000000e+00
6.975450154491502985e+01,0.000000000000000000e+00
6.814673049952816086e+01,0.000000000000000000e+00
6.412190101490855909e+01,0.000000000000000000e+00
6.561644790037067310e+01,0.000000000000000000e+00
6.926296248263886923e+01,0.000000000000000000e+00
6.526342967897434733e+01,0.000000000000000000e+00
6.911295121046357792e+01,0.000000000000000000e+00
6.889870884842257226e+01,0.000000000000000000e+00
6.770481964668665853e+01,0.000000000000000000e+00
6.510609769137714409e+01,0.000000000000000000e+00
6.693185071751526038e+01,0.000000000000000000e+00
6.660903457815406625e+01,0.000000000000000000e+00
6.701746732334162004e+01,0.000000000000000000e+00
7.094272835676429168e+01,0.000000000000000000e+00
6.669493774238500805e+01,0.000000000000000000e+00
7.125311741094802187e+01,0.000000000000000000e+00
6.624693428049401689e+01,0.000000000000000000e+00
6.612473017822141230e+01,0.000000000000000000e+00
6.923535548536010253e+01,0.000000000000000000e+00
6.970484280806560662e+01,0.000000000000000000e+00
6.910483231005213156e+01,0.000000000000000000e+00
6.758803228515402850e+01,0.000000000000000000e+00
6.900114069089303825e+01,0.000000000000000000e+00
7.089196879580893551e+01,0.000000000000000000e+00
6.645313355769336283e+01,0.000000000000000000e+00
7.057103584059176171e+01,0.000000000000000000e+00
6.930606982185921083e+01,0.000000000000000000e+00
7.295002858716236460e+01,0.000000000000000000e+00
7.064503085862955345e+01,0.000000000000000000e+00
6.494671115102632086e+01,0.000000000000000000e+00
7.020467660694249901e+01,0.000000000000000000e+00
6.736918018252544016e+01,0.000000000000000000e+00
7.136488800500976026e+01,0.000000000000000000e+00
6.983476630776978311e+01,0.000000000000000000e+00
6.850583915085464071e+01,0.000000000000000000e+00
6.944868449593948867e+01,0.000000000000000000e+00
7.245365199097554409e+01,0.000000000000000000e+00
6.897891275372985831e+01,0.000000000000000000e+00
7.193916189617536361e+01,0.000000000000000000e+00
7.249714238739036887e+01,0.000000000000000000e+00
7.289608070664439765e+01,0.000000000000000000e+00
6.722614268504645452e+01,0.000000000000000000e+00
6.749570499303359838e+01,0.000000000000000000e+00
7.279447964471009414e+01,0.000000000000000000e+00
6.824847125200615494e+01,0.000000000000000000e+00
7.369566890059338959e+01,0.000000000000000000e+00
7.149914624819403741e+01,0.000000000000000000e+00
7.053517347962245765e+01,0.000000000000000000e+00
6.831699280580352251e+01,0.000000000000000000e+00
7.021694225414539403e+01,0.000000000000000000e+00
6.956963590656698671e+01,0.000000000000000000e+00
7.036364033049028421e+01,0.000000000000000000e+00
6.909710904300133905e+01,0.000000000000000000e+00
7.154891108656012477e+01,0.000000000000000000e+00
7.115851889158642507e+01,0.000000000000000000e+00
7.126729306067946368e+01,0.000000000000000000e+00
7.326839058528082660e+01,0.000000000000000000e+00
6.888442540600593134e+01,0.000000000000000000e+00
7.201528140692727220e+01,0.000000000000000000e+00
7.208066800644645866e+01,0.000000000000000000e+00
7.163075624166755517e+01,0.000000000000000000e+00
6.849041672805226710e+01,0.000000000000000000e+00
6.955968557272321107e+01,0.000000000000000000e+00
7.069419658392736494e+01,0.000000000000000000e+00
7.205831493446180502e+01,0.000000000000000000e+00
7.362297573621140145e+01,0.000000000000000000e+00
6.994321201166914648e+01,0.000000000000000000e+00
7.294335310908478220e+01,0.000000000000000000e+00
7.407229913594683524e+01,0.000000000000000000e+00
6.991746946143325658e+01,0.000000000000000000e+00
7.331660029516193333e+01,0.000000000000000000e+00
7.154346965168558370e+01,0.000000000000000000e+00
7.432364149120681418e+01,0.000000000000000000e+00
7.266953196511209967e+01,0.000000000000000000e+00
7.272700930782036721e+01,0.000000000000000000e+00
7.214015031850034632e+01,0.000000000000000000e+00
7.684558562362376222e+01,0.000000000000000000e+00
6.906866855968115715e+01,0.000000000000000000e+00
7.140702280388808276e+01,0.000000000000000000e+00
7.509107986900080789e+01,0.000000000000000000e+00
7.469734941814452611e+01,0.000000000000000000e+00
7.435647680095561896e+01,0.000000000000000000e+00
7.420272572226927821e+01,0.000000000000000000e+00
6.823125092948369286e+01,0.000000000000000000e+00
6.955652982512616234e+01,0.000000000000000000e+00
7.070554815498235257e+01,0.000000000000000000e+00
7.063262401250503331e+01,0.000000000000000000e+00
7.364161598398229103e+01,0.000000000000000000e+00
7.303006705661830722e+01,0.000000000000000000e+00
7.559775680943951670e+01,0.000000000000000000e+00
7.463990225464752370e+01,0.000000000000000000e+00
7.214020260339609081e+01,0.000000000000000000e+00
7.048722238822577424e+01,0.000000000000000000e+00
7.374340438590623137e+01,0.000000000000000000e+00
7.447810431856210300e+01,0.000000000000000000e+00
7.317868896017211000e+01,0.000000000000000000e+00
7.228650770146950322e+01,0.000000000000000000e+00
7.326211840057686686e+01,0.000000000000000000e+00
7.286319087257287208e+01,0.000000000000000000e+00
7.265122888266795087e+01,0.000000000000000000e+00
7.080996641367880784e+01,0.000000000000000000e+00
7.313898018982565929e+01,0.000000000000000000e+00
7.506287967995420729e+01,0.000000000000000000e+00
7.338800411290385739e+01,0.000000000000000000e+00
7.172744127451809959e+01,0.000000000000000000e+00
7.518942135389221448e+01,0.000000000000000000e+00
6.945354375965669647e+01,0.000000000000000000e+00
7.379609394410277901e+01,0.000000000000000000e+00
7.258842638035923756e+01,0.000000000000000000e+00
7.307226626925218227e+01,0.000000000000000000e+00
7.436696183699552876e+01,0.000000000000000000e+00
7.288282311380278600e+01,0.000000000000000000e+00
7.441230915388253209e+01,0.000000000000000000e+00
7.497279700779144207e+01,0.000000000000000000e+00
7.349011455171593354e+01,0.000000000000000000e+00
7.743086544764818768e+01,0.000000000000000000e+00
7.417621216506265114e+01,0.000000000000000000e+00
7.490025396081890108e+01,0.000000000000000000e+00
6.950401159444925270e+01,0.000000000000000000e+00
7.562480219565750872e+01,0.000000000000000000e+00
7.355132917309596507e+01,0.000000000000000000e+00
7.541076963340782413e+01,0.000000000000000000e+00
7.452255285921337702e+01,0.000000000000000000e+00
7.704155012080261145e+01,0.000000000000000000e+00
7.442378864432386365e+01,0.000000000000000000e+00
7.566993741505454807e+01,0.000000000000000000e+00
7.326650107797783562e+01,0.000000000000000000e+00
7.397843356236252532e+01,0.000000000000000000e+00
7.293653984543411184e+01,0.000000000000000000e+00
7.691073948648345038e+01,0.000000000000000000e+00
7.550951261987967200e+01,0.000000000000000000e+00
7.604545427346742770e+01,0.000000000000000000e+00
7.627181208741032492e+01,0.000000000000000000e+00
7.645035450035464919e+01,0.000000000000000000e+00
7.505973060565241894e+01,0.000000000000000000e+00
7.601618569183438012e+01,0.000000000000000000e+00
7.955696011649590105e+01,0.000000000000000000e+00
7.301654899243682451e+01,0.000000000000000000e+00
7.655548003622233466e+01,0.000000000000000000e+00
7.445607321608071061e+01,0.000000000000000000e+00
7.496576580989462002e+01,0.000000000000000000e+00
7.319369628779006121e+01,0.000000000000000000e+00
7.411068310590074759e+01,0.000000000000000000e+00
7.664561746710157308e+01,0.000000000000000000e+00
7.611650421992194993e+01,0.000000000000000000e+00
7.148896054818830237e+01,0.000000000000000000e+00
7.358979575237754034e+01,0.000000000000000000e+00
7.450021392274030063e+01,0.000000000000000000e+00
7.462786453379723639e+01,0.000000000000000000e+00
7.598436657111476222e+01,0.000000000000000000e+00
7.522508957316259171e+01,0.000000000000000000e+00
7.860224143481921999e+01,0.000000000000000000e+00
7.513837668527636993e+01,0.000000000000000000e+00
7.787552478752242280e+01,0.000000000000000000e+00
7.412377511751978432e+01,0.000000000000000000e+00
7.430411078932856128e+01,0.000000000000000000e+00
7.612231559782314605e+01,0.000000000000000000e+00
7.557995671948899030e+01,0.000000000000000000e+00
7.313391265790092177e+01,0.000000000000000000e+00
7.365796198461698907e+01,0.000000000000000000e+00
7.590915491969880691e+01,0.000000000000000000e+00
7.376280640991042503e+01,0.000000000000000000e+00
7.525863910581907135e+01,0.000000000000000000e+00
7.803846074655623966e+01,0.000000000000000000e+00
7.883740875121817737e+01,0.000000000000000000e+00
7.776783206248165925e+01,0.000000000000000000e+00
7.565679693762830027e+01,0.000000000000000000e+00
7.480371516922214425e+01,0.000000000000000000e+00
7.797330767691966003e+01,0.000000000000000000e+00
7.676942252493276442e+01,0.000000000000000000e+00
7.670340146024756223e+01,0.000000000000000000e+00
7.740198825355004431e+01,0.000000000000000000e+00
7.728637564321385867e+01,0.000000000000000000e+00
7.640525945617307002e+01,0.000000000000000000e+00
7.314861924810583105e+01,0.000000000000000000e+00
7.793874956892565820e+01,0.000000000000000000e+00
7.554236463042492744e+01,0.000000000000000000e+00
7.354514620108002987e+01,0.000000000000000000e+00
7.840703013234728758e+01,0.000000000000000000e+00
7.804454326558827404e+01,0.000000000000000000e+00
7.867949619823436080e+01,0.000000000000000000e+00
7.408688030410949921e+01,0.000000000000000000e+00
7.913252773302404819e+01,0.000000000000000000e+00
7.807092263345772665e+01,0.000000000000000000e+00
7.570578685729921631e+01,0.000000000000000000e+00
7.730280483268046510e+01,0.000000000000000000e+00
7.864413910657094675e+01,0.000000000000000000e+00
7.828364945528448970e+01,0.000000000000000000e+00
7.768131725264377963e+01,0.000000000000000000e+00
7.018941090368694802e+01,0.000000000000000000e+00
7.878152449004213054e+01,0.000000000000000000e+00
7.879668208145648123e+01,0.000000000000000000e+00
7.592777015858565903e+01,0.000000000000000000e+00
8.033925711247900381e+01,0.000000000000000000e+00
7.569240252911545497e+01,0.000000000000000000e+00
7.808407293177144481e+01,0.000000000000000000e+00
7.542780515981263534e+01,0.000000000000000000e+00
7.369289023015218731e+01,0.000000000000000000e+00
7.626221832667776823e+01,0.000000000000000000e+00
7.896452164567642740e+01,0.000000000000000000e+00
8.242141055525557647e+01,0.000000000000000000e+00
7.919943341023498817e+01,0.000000000000000000e+00
7.621547313946584268e+01,0.000000000000000000e+00
8.157851153790325327e+01,0.000000000000000000e+00
7.384533320691396341e+01,0.000000000000000000e+00
7.732649957288994358e+01,0.000000000000000000e+00
7.901928461099625167e+01,0.000000000000000000e+00
7.735411219582633180e+01,0.000000000000000000e+00
7.874863140697758013e+01,0.000000000000000000e+00
7.904010584498143999e+01,0.000000000000000000e+00
7.623591149622336616e+01,0.000000000000000000e+00
7.749229251077638025e+01,0.000000000000000000e+00
7.711768779008751551e+01,0.000000000000000000e+00
7.980185524048869183e+01,0.000000000000000000e+00
7.998760695466822312e+01,0.000000000000000000e+00
7.614391458482062092e+01,0.000000000000000000e+00
7.745918463877721649e+01,0.000000000000000000e+00
7.767765544907931030e+01,0.000000000000000000e+00
7.922014598874119429e+01,0.000000000000000000e+00
7.617940221505980958e+01,0.000000000000000000e+00
7.745728931197555767e+01,0.000000000000000000e+00
7.650939021607310053e+01,0.000000000000000000e+00
7.858788573572759617e+01,0.000000000000000000e+00
7.996890692945923718e+01,0.000000000000000000e+00
7.711553135678444448e+01,0.000000000000000000e+00
7.788540381845622562e+01,0.000000000000000000e+00
7.865390879783237210e+01,0.000000000000000000e+00
7.605332936159695123e+01,0.000000000000000000e+00
7.652181056205341747e+01,0.000000000000000000e+00
8.343993684531831434e+01,0.000000000000000000e+00
7.756305592932936577e+01,0.000000000000000000e+00
7.845979639792631133e+01,0.000000000000000000e+00
8.157749996982006735e+01,0.000000000000000000e+00
7.842753360118817341e+01,0.000000000000000000e+00
7.936863845904520076e+01,0.000000000000000000e+00
7.672892378458844576e+01,0.000000000000000000e+00
7.942089192179042811e+01,0.000000000000000000e+00
7.947512283161636049e+01,0.000000000000000000e+00
8.125834718406258617e+01,0.000000000000000000e+00
8.256205778472748591e+01,0.000000000000000000e+00
7.692605901565710269e+01,0.000000000000000000e+00
7.825862705991127655e+01,0.000000000000000000e+00
7.819347132830462499e+01,0.000000000000000000e+00
7.700332342329238600e+01,0.000000000000000000e+00
7.750151654919118016e+01,0.000000000000000000e+00
8.072951835864844838e+01,0.000000000000000000e+00
7.758464557425897112e+01,0.000000000000000000e+00
7.665109356575925403e+01,0.000000000000000000e+00
8.220639837525071414e+01,0.000000000000000000e+00
8.167910047611408686e+01,0.000000000000000000e+00
7.643581631104255791e+01,0.000000000000000000e+00
7.931216608874548513e+01,0.000000000000000000e+00
8.165942676960992230e+01,0.000000000000000000e+00
7.677656522529018446e+01,0.000000000000000000e+00
7.726895478758181923e+01,0.000000000000000000e+00
7.624803811586845370e+01,0.000000000000000000e+00
7.775712022490372988e+01,0.000000000000000000e+00
8.061678356364178910e+01,0.000000000000000000e+00
7.845113750617498738e+01,0.000000000000000000e+00
7.909372710891564395e+01,0.000000000000000000e+00
7.725691907045248286e+01,0.000000000000000000e+00
7.855989952041399249e+01,0.000000000000000000e+00
8.242079507114505077e+01,0.000000000000000000e+00
7.791965760496360360e+01,0.000000000000000000e+00
8.226924235667790697e+01,0.000000000000000000e+00
7.762761658747777460e+01,0.000000000000000000e+00
7.774120643992171154e+01,0.000000000000000000e+00
7.979872646496907862e+01,0.000000000000000000e+00
7.872419888952667577e+01,0.000000000000000000e+00
7.725691305797707287e+01,0.000000000000000000e+00
7.849944228723735762e+01,0.000000000000000000e+00
7.565689471284318302e+01,0.000000000000000000e+00
8.069842184047141131e+01,0.000000000000000000e+00
7.624309877307308625e+01,0.000000000000000000e+00
7.835626961851247074e+01,0.000000000000000000e+00
7.949125734107227004e+01,0.000000000000000000e+00
7.813179351855630728e+01,0.000000000000000000e+00
8.250912471083685773e+01,0.000000000000000000e+00
8.076498852238489690e+01,0.000000000000000000e+00
8.001731547864922334e+01,0.000000000000000000e+00
8.009884846354205479e+01,0.000000000000000000e+00
8.335843266686188713e+01,0.000000000000000000e+00
7.955070434585604744e+01,0.000000000000000000e+00
7.943582278665434160e+01,0.000000000000000000e+00
7.971472263500101008e+01,0.000000000000000000e+00
7.685891325031070664e+01,0.000000000000000000e+00
7.814569630472392703e+01,0.000000000000000000e+00
7.869502306127866120e+01,0.000000000000000000e+00
7.839265284723099114e+01,0.000000000000000000e+00
7.724595374626785826e+01,0.000000000000000000e+00
7.935471867797829759e+01,0.000000000000000000e+00
7.942289022970001611e+01,0.000000000000000000e+00
8.209417118774861422e+01,0.000000000000000000e+00
8.134574808561481518e+01,0.000000000000000000e+00
7.915125971621421286e+01,0.000000000000000000e+00
8.094061912889483779e+01,0.000000000000000000e+00
7.964565670677450271e+01,0.000000000000000000e+00
7.962272402699714746e+01,0.000000000000000000e+00
7.632875934485086589e+01,0.000000000000000000e+00
7.759580859388375984e+01,0.000000000000000000e+00
7.905120798247006064e+01,0.000000000000000000e+00
7.878880349330830768e+01,0.000000000000000000e+00
7.915184990699162881e+01,0.000000000000000000e+00
7.980518388697886678e+01,0.000000000000000000e+00
7.822191547260554501e+01,0.000000000000000000e+00
7.838672229309004535e+01,0.000000000000000000e+00
7.924666570206125016e+01,0.000000000000000000e+00
8.319094206498702704e+01,0.000000000000000000e+00
8.217480875964882614e+01,0.000000000000000000e+00
8.250537553265466784e+01,0.000000000000000000e+00
8.029897471060502312e+01,0.000000000000000000e+00
7.683290890196433054e+01,0.000000000000000000e+00
8.287529769692527282e+01,0.000000000000000000e+00
7.801637474072839495e+01,0.000000000000000000e+00
8.063844071211190112e+01,0.000000000000000000e+00
7.750322521768373463e+01,0.000000000000000000e+00
7.867576957165738349e+01,0.000000000000000000e+00
8.035298882656586272e+01,0.000000000000000000e+00
7.806095282946081682e+01,0.000000000000000000e+00
8.031906479375106755e+01,0.000000000000000000e+00
7.967266237123847361e+01,0.000000000000000000e+00
8.030524692112730634e+01,0.000000000000000000e+00
8.346318598320716831e+01,0.000000000000000000e+00
8.065217679024830488e+01,0.000000000000000000e+00
7.892970920086794706e+01,0.000000000000000000e+00
8.124104320873883012e+01,0.000000000000000000e+00
8.088935281905224883e+01,0.000000000000000000e+00
8.218549152980332906e+01,0.000000000000000000e+00
8.035673353273497810e+01,0.000000000000000000e+00
7.706641441597527376e+01,0.000000000000000000e+00
8.156186325758326916e+01,0.000000000000000000e+00
8.074683755435879107e+01,0.000000000000000000e+00
7.860669564161028688e+01,0.000000000000000000e+00
7.884095898806765490e+01,0.000000000000000000e+00
7.623296083070881934e+01,0.000000000000000000e+00
7.831817377218061438e+01,0.000000000000000000e+00
7.922975294315480710e+01,0.000000000000000000e+00
7.711361549241966884e+01,0.000000000000000000e+00
8.053629196447231209e+01,0.000000000000000000e+00
7.629180369667014361e+01,0.000000000000000000e+00
7.888674852217391731e+01,0.000000000000000000e+00
7.802414062689648233e+01,0.000000000000000000e+00
7.773755005432394682e+01,0.000000000000000000e+00
8.047566380302320965e+01,0.000000000000000000e+00
8.000908197414797485e+01,0.000000000000000000e+00
8.003447329307981306e+01,0.000000000000000000e+00
7.934432689787749382e+01,0.000000000000000000e+00
7.759183098650970578e+01,0.000000000000000000e+00
8.068474975174535757e+01,0.000000000000000000e+00
7.614176776307647287e+01,0.000000000000000000e+00
7.720636701542920832e+01,0.000000000000000000e+00
7.854591695702546872e+01,0.000000000000000000e+00
8.129742056810684403e+01,0.000000000000000000e+00
7.874764244384020628e+01,0.000000000000000000e+00
8.099219572813332491e+01,0.000000000000000000e+00
7.994223232539417268e+01,0.000000000000000000e+00
7.980207280400105674e+01,0.000000000000000000e+00
7.983101059677754563e+01,0.000000000000000000e+00
8.294851225793706817e+01,0.000000000000000000e+00
8.222752284346714191e+01,0.000000000000000000e+00
8.261399549010627652e+01,0.000000000000000000e+00
7.803073888541305791e+01,0.000000000000000000e+00
8.076661104395085999e+01,0.000000000000000000e+00
8.338963222444667167e+01,0.000000000000000000e+00
7.879313133218708742e+01,0.000000000000000000e+00
8.470829798895938723e+01,0.000000000000000000e+00
7.792826923403366379e+01,0.000000000000000000e+00
8.132700961353380364e+01,0.000000000000000000e+00
7.714501816983748483e+01,0.000000000000000000e+00
8.039501822236049122e+01,0.000000000000000000e+00
8.316881508782697097e+01,0.000000000000000000e+00
8.040908636323267444e+01,0.000000000000000000e+00
8.117176038150621764e+01,0.000000000000000000e+00
8.281753507190180130e+01,0.000000000000000000e+00
8.127403561901165574e+01,0.000000000000000000e+00
7.938972056451447656e+01,0.000000000000000000e+00
8.086141287884356643e+01,0.000000000000000000e+00
7.973238066116775258e+01,0.000000000000000000e+00
7.780952092010673482e+01,0.000000000000000000e+00
8.213518390809349512e+01,0.000000000000000000e+00
8.301889724456283659e+01,0.000000000000000000e+00
7.810163386668337182e+01,0.000000000000000000e+00
8.054036799598942764e+01,0.000000000000000000e+00
8.146628192263216306e+01,0.000000000000000000e+00
7.998203249677254689e+01,0.000000000000000000e+00
8.028419234322116438e+01,0.000000000000000000e+00
7.883661090300506658e+01,0.000000000000000000e+00
8.421108023263604991e+01,0.000000000000000000e+00
7.675310423645879609e+01,0.000000000000000000e+00
8.317062280608006120e+01,0.000000000000000000e+00
7.389246742276819191e+01,0.000000000000000000e+00
8.104736920180536686e+01,0.000000000000000000e+00
7.757278087688428059e+01,0.000000000000000000e+00
8.132143227635425831e+01,0.000000000000000000e+00
7.979126629430366791e+01,0.000000000000000000e+00
8.286336255990791244e+01,0.000000000000000000e+00
8.029966651091478980e+01,0.000000000000000000e+00
8.093303949303189881e+01,0.000000000000000000e+00
7.737346240603001490e+01,0.000000000000000000e+00
7.993031340626302494e+01,0.000000000000000000e+00
7.793049074229942619e+01,0.000000000000000000e+00
8.052681190699973968e+01,0.000000000000000000e+00
7.827042500989300322e+01,0.000000000000000000e+00
8.319136525042554808e+01,0.000000000000000000e+00
7.750586004441458954e+01,0.000000000000000000e+00
8.170791966328685874e+01,0.000000000000000000e+00
7.916749083743380311e+01,0.000000000000000000e+00
7.712724028273626686e+01,0.000000000000000000e+00
7.994787602735142684e+01,0.000000000000000000e+00
8.432367974212195350e+01,0.000000000000000000e+00
7.762728465828080004e+01,0.000000000000000000e+00
7.828056021063596859e+01,0.000000000000000000e+00
8.138975884960517249e+01,0.000000000000000000e+00
7.765125268304302608e+01,0.000000000000000000e+00
8.068961451884294434e+01,0.000000000000000000e+00
8.222307987546967922e+01,0.000000000000000000e+00
8.383357994396290280e+01,0.000000000000000000e+00
8.070242412355401029e+01,0.000000000000000000e+00
8.135988896367818768e+01,0.000000000000000000e+00
7.839387818389560891e+01,0.000000000000000000e+00
7.693649477838994244e+01,0.000000000000000000e+00
8.084055473477040721e+01,0.000000000000000000e+00
7.777038851313317025e+01,0.000000000000000000e+00
8.093259335634422769e+01,0.000000000000000000e+00
7.620254465472866912e+01,0.000000000000000000e+00
8.250552968594523406e+01,0.000000000000000000e+00
8.148557048612755693e+01,0.000000000000000000e+00
7.779573425985722679e+01,0.000000000000000000e+00
7.375372440633543647e+01,0.000000000000000000e+00
7.774844833481556350e+01,0.000000000000000000e+00
7.997757463786413723e+01,0.000000000000000000e+00
7.812880286995242329e+01,0.000000000000000000e+00
8.066276748156487031e+01,0.000000000000000000e+00
7.816818338784429443e+01,0.000000000000000000e+00
7.971189482251216418e+01,0.000000000000000000e+00
7.619150194375667695e+01,0.000000000000000000e+00
8.145703717882521744e+01,0.000000000000000000e+00
7.830041336255176532e+01,0.000000000000000000e+00
7.930565143003799733e+01,0.000000000000000000e+00
7.786596182590608350e+01,0.000000000000000000e+00
7.787458284243398055e+01,0.000000000000000000e+00
7.976188636334815385e+01,0.000000000000000000e+00
7.649124456566055130e+01,0.000000000000000000e+00
7.676290547899392891e+01,0.000000000000000000e+00
7.966713333638665517e+01,0.000000000000000000e+00
8.018707396064402815e+01,0.000000000000000000e+00
7.680192121994934951e+01,0.000000000000000000e+00
8.165783270730250365e+01,0.000000000000000000e+00
7.565163832007800693e+01,0.000000000000000000e+00
7.801227912758983507e+01,0.000000000000000000e+00
7.966496465995271592e+01,0.000000000000000000e+00
7.762441196483347028e+01,0.000000000000000000e+00
7.907482648439626871e+01,0.000000000000000000e+00
7.824501447777514329e+01,0.000000000000000000e+00
8.199928639816370435e+01,0.000000000000000000e+00
7.963018046871725630e+01,0.000000000000000000e+00
7.738573738273512959e+01,0.000000000000000000e+00
7.590878278414602676e+01,0.000000000000000000e+00
7.709720821374486377e+01,0.000000000000000000e+00
8.019311041650458094e+01,0.000000000000000000e+00
7.747690499437781853e+01,0.000000000000000000e+00
8.039887257569498047e+01,0.000000000000000000e+00
7.631542156364946550e+01,0.000000000000000000e+00
7.614255443709436122e+01,0.000000000000000000e+00
7.731782046976191225e+01,0.000000000000000000e+00
7.697196273782343212e+01,0.000000000000000000e+00
7.744059984772074756e+01,0.000000000000000000e+00
7.914355739967780323e+01,0.000000000000000000e+00
8.123092128947995150e+01,0.000000000000000000e+00
7.673027793658766882e+01,0.000000000000000000e+00
7.878721666357324693e+01,0.000000000000000000e+00
7.905161213266441678e+01,0.000000000000000000e+00
8.100995969017031939e+01,0.000000000000000000e+00
8.053840369069628480e+01,0.000000000000000000e+00
7.900303542092670739e+01,0.000000000000000000e+00
7.817187752385123645e+01,0.000000000000000000e+00
7.870887838374683554e+01,0.000000000000000000e+00
7.912098191433564409e+01,0.000000000000000000e+00
7.360591418310346512e+01,0.000000000000000000e+00
7.440654893566481576e+01,0.000000000000000000e+00
7.409626418148933169e+01,0.000000000000000000e+00
7.778165620264955749e+01,0.000000000000000000e+00
7.559244455331348433e+01,0.000000000000000000e+00
7.697768759357715851e+01,0.000000000000000000e+00
7.967752935148607207e+01,0.000000000000000000e+00
7.952907229820294788e+01,0.000000000000000000e+00
7.912106796383595508e+01,0.000000000000000000e+00
7.886504006198846639e+01,0.000000000000000000e+00
7.555297755139159221e+01,0.000000000000000000e+00
7.733985549904608092e+01,0.000000000000000000e+00
7.889846087568945165e+01,0.000000000000000000e+00
8.322244928315319612e+01,0.000000000000000000e+00
7.553393682451947200e+01,0.000000000000000000e+00
7.805947583395183642e+01,0.000000000000000000e+00
7.866279043429148032e+01,0.000000000000000000e+00
7.910793150748091307e+01,0.000000000000000000e+00
7.924984439443846895e+01,0.000000000000000000e+00
7.932184940492300029e+01,0.000000000000000000e+00
7.664633873126655317e+01,0.000000000000000000e+00
7.503649805560819175e+01,0.000000000000000000e+00
7.817083126809430382e+01,0.000000000000000000e+00
7.903851756039803433e+01,0.000000000000000000e+00
7.752852055957878008e+01,0.000000000000000000e+00
7.639757539518240037e+01,0.000000000000000000e+00
7.505011899241398510e+01,0.000000000000000000e+00
7.640831913356919358e+01,0.000000000000000000e+00
7.738183729351204931e+01,0.000000000000000000e+00
7.846861826552162711e+01,0.000000000000000000e+00
7.717014294892118187e+01,0.000000000000000000e+00
8.022775307079164975e+01,0.000000000000000000e+00
7.752055259424056999e+01,0.000000000000000000e+00
7.631335277426042296e+01,0.000000000000000000e+00
8.110015808248108726e+01,0.000000000000000000e+00
7.787402762200588313e+01,0.000000000000000000e+00
7.933967718178712403e+01,0.000000000000000000e+00
8.019694260203760905e+01,0.000000000000000000e+00
7.752347739424008921e+01,0.000000000000000000e+00
7.663956913999534493e+01,0.000000000000000000e+00
7.777163692417160235e+01,0.000000000000000000e+00
7.759558570500071539e+01,0.000000000000000000e+00
7.642577512246795379e+01,0.000000000000000000e+00
7.398524437058981107e+01,0.000000000000000000e+00
7.811953239307378283e+01,0.000000000000000000e+00
7.725482489169174016e+01,0.000000000000000000e+00
7.891530560210985357e+01,0.000000000000000000e+00
7.802575156540130763e+01,0.000000000000000000e+00
7.638961511839768548e+01,0.000000000000000000e+00
8.031800191973320580e+01,0.000000000000000000e+00
7.409343698371664289e+01,0.000000000000000000e+00
7.732244566721911383e+01,0.000000000000000000e+00
7.812999239437415611e+01,0.000000000000000000e+00
7.687315539825539190e+01,0.000000000000000000e+00
7.853060424220036850e+01,0.000000000000000000e+00
7.764697056504063255e+01,0.000000000000000000e+00
7.650161650478908371e+01,0.000000000000000000e+00
7.454804053558780197e+01,0.000000000000000000e+00
7.693949602488488893e+01,0.000000000000000000e+00
7.638897808117997101e+01,0.000000000000000000e+00
7.492533211210965760e+01,0.000000000000000000e+00
7.371097289162824495e+01,0.000000000000000000e+00
7.565187649821113780e+01,0.000000000000000000e+00
7.499522304808652962e+01,0.000000000000000000e+00
7.458680232523349218e+01,0.000000000000000000e+00
7.941473278899437105e+01,0.000000000000000000e+00
7.234906295403611409e+01,0.000000000000000000e+00
7.404238690946969825e+01,0.000000000000000000e+00
7.787771151524637503e+01,0.000000000000000000e+00
7.085128675137386267e+01,0.000000000000000000e+00
7.933302049782240317e+01,0.000000000000000000e+00
7.481373781753252672e+01,0.000000000000000000e+00
7.584132080725399305e+01,0.000000000000000000e+00
7.604606491087716336e+01,0.000000000000000000e+00
7.321990590043516534e+01,0.000000000000000000e+00
7.091942338715503524e+01,0.000000000000000000e+00
7.623350790426628976e+01,0.000000000000000000e+00
7.760927508893375659e+01,0.000000000000000000e+00
7.579124158475352147e+01,0.000000000000000000e+00
7.647837308367826381e+01,0.000000000000000000e+00
7.417760998637851344e+01,0.000000000000000000e+00
7.663160403896610262e+01,0.000000000000000000e+00
7.408088308047632609e+01,0.000000000000000000e+00
7.660181938426988779e+01,0.000000000000000000e+00
7.524349864914047714e+01,0.000000000000000000e+00
7.688653325863651844e+01,0.000000000000000000e+00
7.515394296070414271e+01,0.000000000000000000e+00
7.332286231380241759e+01,0.000000000000000000e+00
7.255210921559996962e+01,0.000000000000000000e+00
7.452828165056642717e+01,0.000000000000000000e+00
7.526098960150302730e+01,0.000000000000000000e+00
7.118050366350190927e+01,0.000000000000000000e+00
7.346958456930504155e+01,0.000000000000000000e+00
7.449694226708002986e+01,0.000000000000000000e+00
7.343851001012474455e+01,0.000000000000000000e+00
7.581239870301051553e+01,0.000000000000000000e+00
7.718351544953769405e+01,0.000000000000000000e+00
7.770954080649647722e+01,0.000000000000000000e+00
7.596617595382770105e+01,0.000000000000000000e+00
7.337838537374251757e+01,0.000000000000000000e+00
7.360324996314032830e+01,0.000000000000000000e+00
7.213846401621121629e+01,0.000000000000000000e+00
7.323783674902597340e+01,0.000000000000000000e+00
7.381361421349339480e+01,0.000000000000000000e+00
7.456062398050569584e+01,0.000000000000000000e+00
7.446447851376025540e+01,0.000000000000000000e+00
7.030569173471513977e+01,0.000000000000000000e+00
7.533440465234467354e+01,0.000000000000000000e+00
7.174398087325731410e+01,0.000000000000000000e+00
7.243534680020842131e+01,0.000000000000000000e+00
7.512603526914618612e+01,0.000000000000000000e+00
7.619864659892317604e+01,0.000000000000000000e+00
6.940521280137221538e+01,0.000000000000000000e+00
7.376643069265743691e+01,0.000000000000000000e+00
7.092214930003176221e+01,0.000000000000000000e+00
7.245843443280837448e+01,0.000000000000000000e+00
7.270542442274347650e+01,0.000000000000000000e+00
7.870564323100730064e+01,0.000000000000000000e+00
7.470509587127502016e+01,0.000000000000000000e+00
7.081235043667739149e+01,0.000000000000000000e+00
7.625403675684128757e+01,0.000000000000000000e+00
7.636769416598338012e+01,0.000000000000000000e+00
7.310783478792515666e+01,0.000000000000000000e+00
7.497864190342008328e+01,0.000000000000000000e+00
7.221360821433422927e+01,0.000000000000000000e+00
6.946278168121810381e+01,0.000000000000000000e+00
7.229783132163601067e+01,0.000000000000000000e+00
7.232835441604441939e+01,0.000000000000000000e+00
7.173026835585925198e+01,0.000000000000000000e+00
6.960006471429780106e+01,0.000000000000000000e+00
6.919897699325829876e+01,0.000000000000000000e+00
7.653223174378543092e+01,0.000000000000000000e+00
7.476239865476085811e+01,0.000000000000000000e+00
7.382223581446760363e+01,0.000000000000000000e+00
6.854870147450179729e+01,0.000000000000000000e+00
7.172117705852109282e+01,0.000000000000000000e+00
6.874171063777315283e+01,0.000000000000000000e+00
7.225554894833095432e+01,0.000000000000000000e+00
7.074013339878835893e+01,0.000000000000000000e+00
7.432749538971910397e+01,0.000000000000000000e+00
7.152595450899755747e+01,0.000000000000000000e+00
6.869640271782590446e+01,0.000000000000000000e+00
7.069982583456840075e+01,0.000000000000000000e+00
7.252063231919910891e+01,0.000000000000000000e+00
7.304346311895372423e+01,0.000000000000000000e+00
6.847349800796902741e+01,0.000000000000000000e+00
7.052606971193016250e+01,0.000000000000000000e+00
7.230403696903866262e+01,0.000000000000000000e+00
7.124400498314570029e+01,0.000000000000000000e+00
7.205969415089262498e+01,0.000000000000000000e+00
7.304620094318686085e+01,0.000000000000000000e+00
6.812933495053269439e+01,0.000000000000000000e+00
6.741360243398639795e+01,0.000000000000000000e+00
7.336871947534480398e+01,0.000000000000000000e+00
7.018290974354256662e+01,0.000000000000000000e+00
7.431916038631483445e+01,0.000000000000000000e+00
7.411030618981828866e+01,0.000000000000000000e+00
6.933201163121718480e+01,0.000000000000000000e+00
6.994116697828675910e+01,0.000000000000000000e+00
7.108915352641385255e+01,0.000000000000000000e+00
7.063101900746320894e+01,0.000000000000000000e+00
7.460831617246152803e+01,0.000000000000000000e+00
7.182880800921394382e+01,0.000000000000000000e+00
7.156753834520883117e+01,0.000000000000000000e+00
7.179812257348916660e+01,0.000000000000000000e+00
7.088003522966219805e+01,0.000000000000000000e+00
7.278982757981600571e+01,0.000000000000000000e+00
7.042670389591307867e+01,0.000000000000000000e+00
7.163034053505761278e+01,0.000000000000000000e+00
7.286892651657981901e+01,0.000000000000000000e+00
7.197004197914748147e+01,0.000000000000000000e+00
7.318792176541457195e+01,0.000000000000000000e+00
7.071163901919204875e+01,0.000000000000000000e+00
7.280434654039170539e+01,0.000000000000000000e+00
7.113652574599238676e+01,0.000000000000000000e+00
7.153935174314018752e+01,0.000000000000000000e+00
7.094121639683268654e+01,0.000000000000000000e+00
6.856306056567153462e+01,0.000000000000000000e+00
6.676574610012900735e+01,0.000000000000000000e+00
7.064444432451762168e+01,0.000000000000000000e+00
6.966060475867216439e+01,0.000000000000000000e+00
6.922541860989329621e+01,0.000000000000000000e+00
7.165589363279671886e+01,0.000000000000000000e+00
6.963664469841324944e+01,0.000000000000000000e+00
6.578020657055927245e+01,0.000000000000000000e+00
7.064054324929543327e+01,0.000000000000000000e+00
6.687301008933872026e+01,0.000000000000000000e+00
6.901563741729968626e+01,0.000000000000000000e+00
6.778725792357090540e+01,0.000000000000000000e+00
6.985680555108410772e+01,0.000000000000000000e+00
7.183400944475914685e+01,0.000000000000000000e+00
6.563296340104982107e+01,0.000000000000000000e+00
7.085801317971578328e+01,0.000000000000000000e+00
7.164917555844495212e+01,0.000000000000000000e+00
6.742183232658989311e+01,0.000000000000000000e+00
7.063138920565057788e+01,0.000000000000000000e+00
7.218940890239981911e+01,0.000000000000000000e+00
7.074285497492668640e+01,0.000000000000000000e+00
7.218654064023134254e+01,0.000000000000000000e+00
6.896324723406344503e+01,0.000000000000000000e+00
6.667213753365749085e+01,0.000000000000000000e+00
6.831045038865649133e+01,0.000000000000000000e+00
6.423740080004174047e+01,0.000000000000000000e+00
7.378236656754293676e+01,0.000000000000000000e+00
6.549964993256780588e+01,0.000000000000000000e+00
6.841589391951457344e+01,0.000000000000000000e+00
6.897918535249964123e+01,0.000000000000000000e+00
6.596800797288521778e+01,0.000000000000000000e+00
6.693620958088764894e+01,0.000000000000000000e+00
6.834362975423880471e+01,0.000000000000000000e+00
6.440294295088172305e+01,0.000000000000000000e+00
7.397556319879612374e+01,0.000000000000000000e+00
6.649447803344325791e+01,0.000000000000000000e+00
7.049633114972613157e+01,0.000000000000000000e+00
6.865004111410664223e+01,0.000000000000000000e+00
6.840000670530032778e+01,0.000000000000000000e+00
6.174837397200626299e+01,0.000000000000000000e+00
6.912156744980768508e+01,0.000000000000000000e+00
6.549265365835815089e+01,0.000000000000000000e+00
6.444678733933281478e+01,0.000000000000000000e+00
6.936077200193811620e+01,0.000000000000000000e+00
6.499532887825456839e+01,0.000000000000000000e+00
6.292723055383282826e+01,0.000000000000000000e+00
6.823301222896007801e+01,0.000000000000000000e+00
6.535238078584146137e+01,0.000000000000000000e+00
6.360802300361952888e+01,0.000000000000000000e+00
6.514648947428820236e+01,0.000000000000000000e+00
6.480800167354233565e+01,0.000000000000000000e+00
6.888984432401602476e+01,0.000000000000000000e+00
6.749564157395606401e+01,0.000000000000000000e+00
6.808375129962010419e+01,0.000000000000000000e+00
6.766179003447201978e+01,0.000000000000000000e+00
6.718149068967099424e+01,0.000000000000000000e+00
6.705593256193117213e+01,0.000000000000000000e+00
6.789597188967439934e+01,0.000000000000000000e+00
6.614124426377266275e+01,0.000000000000000000e+00
6.661818789683078990e+01,0.000000000000000000e+00
6.852227888548225110e+01,0.000000000000000000e+00
6.811300112479443669e+01,0.000000000000000000e+00
6.703212071552684392e+01,0.000000000000000000e+00
6.337065534082517360e+01,0.000000000000000000e+00
6.678979217598401874e+01,0.000000000000000000e+00
6.734993049023547940e+01,0.000000000000000000e+00
6.698545801207615114e+01,0.000000000000000000e+00
6.397163389959822410e+01,0.000000000000000000e+00
6.678209438998202074e+01,0.000000000000000000e+00
6.569120318910196943e+01,0.000000000000000000e+00
6.391960531785326083e+01,0.000000000000000000e+00
6.835911978994769811e+01,0.000000000000000000e+00
6.411009848325622329e+01,0.000000000000000000e+00
6.307075292990064952e+01,0.000000000000000000e+00
6.652786073818013790e+01,0.000000000000000000e+00
6.576920430408941343e+01,0.000000000000000000e+00
6.459848080893942779e+01,0.000000000000000000e+00
6.269759536717358372e+01,0.000000000000000000e+00
6.305527319754739324e+01,0.000000000000000000e+00
6.350099875338085553e+01,0.000000000000000000e+00
6.301173595655716753e+01,0.000000000000000000e+00
6.769646460397007104e+01,0.000000000000000000e+00
6.212896615059230498e+01,0.000000000000000000e+00
6.557900363719384984e+01,0.000000000000000000e+00
6.149452206596792081e+01,0.000000000000000000e+00
6.514921089171392055e+01,0.000000000000000000e+00
6.279133309393565554e+01,0.000000000000000000e+00
6.178158016377781792e+01,0.000000000000000000e+00
6.398372881916267119e+01,0.000000000000000000e+00
6.409066533641563979e+01,0.000000000000000000e+00
6.429616229263697846e+01,0.000000000000000000e+00
6.194309700875229652e+01,0.000000000000000000e+00
6.100222470922823703e+01,0.000000000000000000e+00
6.481601307754283425e+01,0.000000000000000000e+00
6.495238127770562642e+01,0.000000000000000000e+00
6.217449102073993572e+01,0.000000000000000000e+00
6.490479745293129099e+01,0.000000000000000000e+00
6.249704803971030742e+01,0.000000000000000000e+00
6.564413538489276334e+01,0.000000000000000000e+00
6.415571058965402074e+01,0.000000000000000000e+00
5.929128072591868204e+01,0.000000000000000000e+00
6.261471373199758972e+01,0.000000000000000000e+00
6.372493571891369157e+01,0.000000000000000000e+00
6.027598768614161173e+01,0.000000000000000000e+00
6.398893637758718711e+01,0.000000000000000000e+00
6.331424693945306359e+01,0.000000000000000000e+00
6.428047580878292422e+01,0.000000000000000000e+00
6.121081001007598132e+01,0.000000000000000000e+00
6.463395946212843057e+01,0.000000000000000000e+00
5.809980986579834905e+01,0.000000000000000000e+00
6.424052705009565045e+01,0.000000000000000000e+00
6.690457010493739176e+01,0.000000000000000000e+00
6.507997302156996966e+01,0.000000000000000000e+00
6.001598754568539107e+01,0.000000000000000000e+00
5.872789141225390352e+01,0.000000000000000000e+00
6.327340757785525227e+01,0.000000000000000000e+00
6.467077194742762458e+01,0.000000000000000000e+00
5.903101967339462419e+01,0.000000000000000000e+00
6.113100568739100993e+01,0.000000000000000000e+00
6.409878513460465399e+01,0.000000000000000000e+00
6.242233905874388711e+01,0.000000000000000000e+00
6.214348306463688942e+01,0.000000000000000000e+00
6.125209980658729592e+01,0.000000000000000000e+00
6.148884968464815159e+01,0.000000000000000000e+00
6.119146902393756449e+01,0.000000000000000000e+00
6.155595430939077062e+01,0.000000000000000000e+00
6.397688184294527503e+01,0.000000000000000000e+00
6.106088153118754747e+01,0.000000000000000000e+00
6.145964737588356996e+01,0.000000000000000000e+00
6.251491796171532656e+01,0.000000000000000000e+00
6.070686321682647701e+01,0.000000000000000000e+00
6.345838588364819799e+01,0.000000000000000000e+00
5.997215302967358497e+01,0.000000000000000000e+00
5.864047722215018155e+01,0.000000000000000000e+00
5.885459720985748788e+01,0.000000000000000000e+00
5.921734748423754269e+01,0.000000000000000000e+00
6.365779166140738710e+01,0.000000000000000000e+00
6.227245419298109397e+01,0.000000000000000000e+00
5.818362294278293945e+01,0.000000000000000000e+00
5.794078649191026642e+01,0.000000000000000000e+00
6.150526139173699391e+01,0.000000000000000000e+00
6.253595444271275028e+01,0.000000000000000000e+00
6.174915658491678983e+01,0.000000000000000000e+00
6.051043622606141525e+01,0.000000000000000000e+00
5.836146504650078271e+01,0.000000000000000000e+00
6.156029649506252355e+01,0.000000000000000000e+00
5.907205699889777151e+01,0.000000000000000000e+00
5.780120949800905095e+01,0.000000000000000000e+00
6.187462321842808421e+01,0.000000000000000000e+00
5.803505465817658404e+01,0.000000000000000000e+00
6.056566137091825652e+01,0.000000000000000000e+00
6.019854523083422748e+01,0.000000000000000000e+00
5.644597715345456379e+01,0.000000000000000000e+00
5.746441937853168014e+01,0.000000000000000000e+00
6.051674990480188399e+01,0.000000000000000000e+00
6.079664979978581130e+01,0.000000000000000000e+00
6.141728159763161443e+01,0.000000000000000000e+00
5.810961389590747928e+01,0.000000000000000000e+00
5.739596905822543249e+01,0.000000000000000000e+00
6.016171723340485045e+01,0.000000000000000000e+00
6.034626544313506713e+01,0.000000000000000000e+00
6.161879890529991854e+01,0.000000000000000000e+00
5.675171235134540382e+01,0.000000000000000000e+00
6.142131721776040365e+01,0.000000000000000000e+00
5.906578365481769310e+01,0.000000000000000000e+00
5.684538401901465221e+01,0.000000000000000000e+00
5.626778325902940026e+01,0.000000000000000000e+00
5.728517702032437597e+01,0.000000000000000000e+00
6.015747987985783851e+01,0.000000000000000000e+00
5.788904267480080534e+01,0.000000000000000000e+00
5.746179388742291394e+01,0.000000000000000000e+00
5.778270834010851331e+01,0.000000000000000000e+00
5.776816373907752933e+01,0.000000000000000000e+00
5.587832403472491904e+01,0.000000000000000000e+00
5.633496243134486292e+01,0.000000000000000000e+00
5.741399421528931413e+01,0.000000000000000000e+00
5.669371003097958805e+01,0.000000000000000000e+00
5.761268196959671428e+01,0.000000000000000000e+00
5.589624853918952851e+01,0.000000000000000000e+00
5.267259423088346892e+01,0.000000000000000000e+00
5.356125473295434603e+01,0.000000000000000000e+00
5.458693363171885693e+01,0.000000000000000000e+00
5.681086001544175446e+01,0.000000000000000000e+00
5.690165557220812786e+01,0.000000000000000000e+00
5.776069237898544628e+01,0.000000000000000000e+00
6.046774868175234019e+01,0.000000000000000000e+00
5.868795395777681989e+01,0.000000000000000000e+00
5.285680344501640349e+01,0.000000000000000000e+00
5.882099748153567020e+01,0.000000000000000000e+00
5.375122645163418156e+01,0.000000000000000000e+00
5.575223897507297011e+01,0.000000000000000000e+00
5.796492635351876999e+01,0.000000000000000000e+00
5.480428717353167656e+01,0.000000000000000000e+00
5.129174597019566306e+01,0.000000000000000000e+00
5.402843330934808819e+01,0.000000000000000000e+00
5.792542842557838156e+01,0.000000000000000000e+00
5.483656144399999732e+01,0.000000000000000000e+00
5.634834357948877681e+01,0.000000000000000000e+00
5.417414227648776404e+01,0.000000000000000000e+00
5.428198070098267891e+01,0.000000000000000000e+00
5.473010974476650858e+01,0.000000000000000000e+00
5.862742203504952698e+01,0.000000000000000000e+00
5.495122625261876692e+01,0.000000000000000000e+00
5.676807111648223980e+01,0.000000000000000000e+00
5.310172529602097313e+01,0.000000000000000000e+00
5.638180693399847598e+01,0.000000000000000000e+00
5.715682121199337473e+01,0.000000000000000000e+00
5.474433725359394032e+01,0.000000000000000000e+00
5.097889214683441139e+01,0.000000000000000000e+00
5.236350681986517941e+01,0.000000000000000000e+00
5.205444515377413950e+01,0.000000000000000000e+00
5.645788854029577664e+01,0.000000000000000000e+00
5.481193517227661260e+01,0.000000000000000000e+00
5.624211505955123869e+01,0.000000000000000000e+00
5.195316629106441297e+01,0.000000000000000000e+00
5.445503209730702565e+01,0.000000000000000000e+00
5.443464892017851042e+01,0.000000000000000000e+00
5.677169132701914123e+01,0.000000000000000000e+00
5.351540707831270538e+01,0.000000000000000000e+00
5.429241054139482969e+01,0.000000000000000000e+00
5.188175064005243797e+01,0.000000000000000000e+00
5.208858039528854533e+01,0.000000000000000000e+00
5.352763288086071469e+01,0.000000000000000000e+00
5.630534292611681479e+01,0.000000000000000000e+00
5.085405679411714885e+01,0.000000000000000000e+00
5.350829249480704419e+01,0.000000000000000000e+00
5.436282675125932684e+01,0.000000000000000000e+00
5.431068118621716678e+01,0.000000000000000000e+00
5.632346521048917509e+01,0.000000000000000000e+00
5.510834665593276327e+01,0.000000000000000000e+00
4.977010705906501187e+01,0.000000000000000000e+00
5.462621352296335431e+01,0.000000000000000000e+00
5.464826040339821134e+01,0.000000000000000000e+00
5.288803708262462067e+01,0.000000000000000000e+00
5.291862466455689429e+01,0.000000000000000000e+00
5.292377858424152492e+01,0.000000000000000000e+00
5.309821507690452336e+01,0.000000000000000000e+00
4.984427175867520532e+01,0.000000000000000000e+00
5.379990642272347401e+01,0.000000000000000000e+00
5.421381775202559083e+01,0.000000000000000000e+00
5.518484323870291774e+01,0.000000000000000000e+00
5.302638995134667965e+01,0.000000000000000000e+00
5.535779296865177201e+01,0.000000000000000000e+00
4.969422970639463699e+01,0.000000000000000000e+00
5.533251873570217327e+01,0.000000000000000000e+00
5.277943542657047971e+01,0.000000000000000000e+00
5.119568067021671709e+01,0.000000000000000000e+00
5.312935170601198109e+01,0.000000000000000000e+00
5.028598082814056625e+01,0.000000000000000000e+00
4.946418727609477628e+01,0.000000000000000000e+00
5.389173267615942109e+01,0.000000000000000000e+00
5.202411059363414836e+01,0.000000000000000000e+00
4.938463547166168155e+01,0.000000000000000000e+00
5.457833161772122565e+01,0.000000000000000000e+00
4.647277351507443655e+01,0.000000000000000000e+00
4.904593732839680342e+01,0.000000000000000000e+00
5.067235768888820502e+01,0.000000000000000000e+00
4.805242400094239485e+01,0.000000000000000000e+00
5.052519942527528229e+01,0.000000000000000000e+00
4.787322912385601370e+01,0.000000000000000000e+00
4.661422896237547064e+01,0.000000000000000000e+00
4.832597156754240331e+01,0.000000000000000000e+00
5.117495299294679256e+01,0.000000000000000000e+00
5.491768303050247368e+01,0.000000000000000000e+00
4.873168084953429258e+01,0.000000000000000000e+00
5.172089850589535587e+01,0.000000000000000000e+00
4.761438724824954960e+01,0.000000000000000000e+00
5.121564258100328715e+01,0.000000000000000000e+00
5.075500796769780010e+01,0.000000000000000000e+00
5.181655972050904069e+01,0.000000000000000000e+00
4.964722292213559030e+01,0.000000000000000000e+00
5.350709732899395021e+01,0.000000000000000000e+00
5.364212130634517450e+01,0.000000000000000000e+00
4.944487519811224274e+01,0.000000000000000000e+00
4.804616796754342545e+01,0.000000000000000000e+00
4.962205250528248257e+01,0.000000000000000000e+00
5.140899069351861073e+01,0.000000000000000000e+00
4.882225844069599674e+01,0.000000000000000000e+00
4.704085367657601324e+01,0.000000000000000000e+00
4.883802693126838790e+01,0.000000000000000000e+00
5.207405604556969081e+01,0.000000000000000000e+00
4.762230613237799304e+01,0.000000000000000000e+00
4.820524589105806257e+01,0.000000000000000000e+00
5.110442854364741549e+01,0.000000000000000000e+00
5.118827202960720513e+01,0.000000000000000000e+00
4.885891576994257690e+01,0.000000000000000000e+00
5.010559328566827730e+01,0.000000000000000000e+00
4.249088600285543293e+01,0.000000000000000000e+00
4.677269681754702191e+01,0.000000000000000000e+00
4.609538250671225512e+01,0.000000000000000000e+00
4.651078349879293938e+01,0.000000000000000000e+00
4.775490496966506271e+01,0.000000000000000000e+00
4.709742628822322530e+01,0.000000000000000000e+00
4.665556659715894483e+01,0.000000000000000000e+00
4.742954478821689435e+01,0.000000000000000000e+00
4.716070840115318674e+01,0.000000000000000000e+00
4.756765886649711206e+01,0.000000000000000000e+00
4.757345833407857327e+01,0.000000000000000000e+00
4.875355049020316045e+01,0.000000000000000000e+00
4.781807205865467836e+01,0.000000000000000000e+00
4.639539884920024804e+01,0.000000000000000000e+00
4.634031151205221022e+01,0.000000000000000000e+00
4.856158149450661199e+01,0.000000000000000000e+00
4.707055337330574929e+01,0.000000000000000000e+00
4.834965563613636874e+01,0.000000000000000000e+00
4.855878667376192226e+01,0.000000000000000000e+00
4.705577646526831614e+01,0.000000000000000000e+00
4.663781325658069221e+01,0.000000000000000000e+00
4.817167010904765334e+01,0.000000000000000000e+00
4.673252505109140742e+01,0.000000000000000000e+00
4.727870229750993047e+01,0.000000000000000000e+00
4.561156976675362529e+01,0.000000000000000000e+00
4.903800958500730189e+01,0.000000000000000000e+00
4.516793831413249194e+01,0.000000000000000000e+00
4.756953980320625419e+01,0.000000000000000000e+00
5.035446592569896751e+01,0.000000000000000000e+00
4.781227556843463589e+01,0.000000000000000000e+00
4.751280949121190389e+01,0.000000000000000000e+00
4.272428581373678469e+01,0.000000000000000000e+00
4.794619378736688020e+01,0.000000000000000000e+00
4.316866842458058784e+01,0.000000000000000000e+00
4.189763112025686098e+01,0.000000000000000000e+00
4.489739440996757480e+01,0.000000000000000000e+00
4.573598727831347333e+01,0.000000000000000000e+00
4.374972015842271844e+01,0.000000000000000000e+00
4.180556276638729685e+01,0.000000000000000000e+00
4.434391996118780810e+01,0.000000000000000000e+00
4.324350096413348155e+01,0.000000000000000000e+00
4.446337259281929022e+01,0.000000000000000000e+00
4.535739122427440861e+01,0.000000000000000000e+00
4.657727834082407981e+01,0.000000000000000000e+00
4.363791125438520879e+01,0.000000000000000000e+00
4.458991243966156759e+01,0.000000000000000000e+00
4.441609201947352403e+01,0.000000000000000000e+00
4.612876293286577578e+01,0.000000000000000000e+00
4.520357559707623807e+01,0.000000000000000000e+00
4.678364311225528382e+01,0.000000000000000000e+00
4.536817154246006112e+01,0.000000000000000000e+00
4.557432361006508614e+01,0.000000000000000000e+00
4.918197496899365007e+01,0.000000000000000000e+00
4.046725242929836242e+01,0.000000000000000000e+00
4.448253178269122543e+01,0.000000000000000000e+00
4.388724187622610629e+01,0.000000000000000000e+00
4.111193052173385354e+01,0.000000000000000000e+00
4.035464333917128243e+01,0.000000000000000000e+00
4.223237260156498252e+01,0.000000000000000000e+00
4.671614860138091530e+01,0.000000000000000000e+00
4.724893863949282746e+01,0.000000000000000000e+00
4.352901612275077525e+01,0.000000000000000000e+00
4.413214024561669646e+01,0.000000000000000000e+00
4.527746173653354589e+01,0.000000000000000000e+00
4.179398082488277311e+01,0.000000000000000000e+00
4.335385450864228574e+01,0.000000000000000000e+00
4.034720148689302732e+01,0.000000000000000000e+00
4.275266012950218197e+01,0.000000000000000000e+00
4.309583905591102138e+01,0.000000000000000000e+00
4.327847277937147652e+01,0.000000000000000000e+00
3.988970783988482083e+01,0.000000000000000000e+00
4.472117605176286048e+01,0.000000000000000000e+00
3.920163091773908803e+01,0.000000000000000000e+00
4.557099208018620118e+01,0.000000000000000000e+00
4.196741734392990963e+01,0.000000000000000000e+00
4.574718599962965726e+01,0.000000000000000000e+00
4.040061110543417300e+01,0.000000000000000000e+00
4.318303828738719119e+01,0.000000000000000000e+00
3.963793459299834865e+01,0.000000000000000000e+00
4.127674201530131626e+01,0.000000000000000000e+00
4.286135899716160225e+01,0.000000000000000000e+00
4.043548459053555177e+01,0.000000000000000000e+00
4.206200714729785517e+01,0.000000000000000000e+00
4.302421217118151731e+01,0.000000000000000000e+00
3.992390425344021310e+01,0.000000000000000000e+00
4.240951285815857119e+01,0.000000000000000000e+00
4.102991371837382673e+01,0.000000000000000000e+00
4.224297213704719667e+01,0.000000000000000000e+00
4.224143032426789546e+01,0.000000000000000000e+00
4.342851822532309569e+01,0.000000000000000000e+00
4.128364409754018993e+01,0.000000000000000000e+00
4.395901377209642646e+01,0.000000000000000000e+00
3.931117360434226526e+01,0.000000000000000000e+00
3.897077123126791776e+01,0.000000000000000000e+00
3.840044470493280215e+01,0.000000000000000000e+00
3.920494157179781070e+01,0.000000000000000000e+00
4.173440432582586368e+01,0.000000000000000000e+00
4.048453545217092397e+01,0.000000000000000000e+00
3.962478086924323861e+01,0.000000000000000000e+00
4.535106070311818627e+01,0.000000000000000000e+00
3.912037460877262163e+01,0.000000000000000000e+00
3.997745431530185556e+01,0.000000000000000000e+00
4.136104176821326206e+01,0.000000000000000000e+00
3.792859800180038121e+01,0.000000000000000000e+00
4.158280615194870933e+01,0.000000000000000000e+00
3.655661457976652429e+01,0.000000000000000000e+00
4.065524848813090131e+01,0.000000000000000000e+00
3.852543877345548395e+01,0.000000000000000000e+00
3.892616108284614285e+01,0.000000000000000000e+00
4.359518108666129876e+01,0.000000000000000000e+00
3.845227197574588729e+01,0.000000000000000000e+00
3.559049570347970359e+01,0.000000000000000000e+00
3.973593432068205544e+01,0.000000000000000000e+00
3.765011973446047477e+01,0.000000000000000000e+00
3.662167239238878835e+01,0.000000000000000000e+00
4.259753497443467296e+01,0.000000000000000000e+00
4.007515228023898857e+01,0.000000000000000000e+00
4.067176823116682272e+01,0.000000000000000000e+00
3.933940382595228158e+01,0.000000000000000000e+00
3.551712797832092150e+01,0.000000000000000000e+00
3.851198530264574060e+01,0.000000000000000000e+00
3.947633656562632609e+01,0.000000000000000000e+00
3.942224587168139749e+01,0.000000000000000000e+00
3.709174602468080906e+01,0.000000000000000000e+00
4.022226104960228810e+01,0.000000000000000000e+00
3.851132608905999888e+01,0.000000000000000000e+00
3.564825076466611620e+01,0.000000000000000000e+00
3.872746691070401681e+01,0.000000000000000000e+00
3.918569798304574903e+01,0.000000000000000000e+00
3.969600430647997058e+01,0.000000000000000000e+00
3.862434300446263080e+01,0.000000000000000000e+00
3.574524967551595722e+01,0.000000000000000000e+00
4.073979656188127763e+01,0.000000000000000000e+00
3.564873153869844913e+01,0.000000000000000000e+00
3.426226729980257346e+01,0.000000000000000000e+00
3.468469664310172362e+01,0.000000000000000000e+00
3.896953592889755669e+01,0.000000000000000000e+00
3.681601174717022928e+01,0.000000000000000000e+00
3.650152956414806482e+01,0.000000000000000000e+00
3.896421700274512290e+01,0.000000000000000000e+00
3.796835255983008750e+01,0.000000000000000000e+00
3.784472876991947743e+01,0.000000000000000000e+00
3.956314871549277967e+01,0.000000000000000000e+00
3.719572567461954549e+01,0.000000000000000000e+00
3.895599316188563677e+01,0.000000000000000000e+00
3.926488400377515120e+01,0.000000000000000000e+00
3.617160683627674445e+01,0.000000000000000000e+00
3.829982355738883371e+01,0.000000000000000000e+00
3.755882990044063519e+01,0.000000000000000000e+00
3.625488393057372605e+01,0.000000000000000000e+00
3.841932404867162631e+01,0.000000000000000000e+00
3.623920932739186895e+01,0.000000000000000000e+00
3.567522078505700733e+01,0.000000000000000000e+00
3.739533686625327391e+01,0.000000000000000000e+00
3.605562590275695811e+01,0.000000000000000000e+00
3.764393657330135312e+01,0.000000000000000000e+00
3.746429669334096957e+01,0.000000000000000000e+00
3.872681777978782236e+01,0.000000000000000000e+00
3.492924181910368020e+01,0.000000000000000000e+00
3.502847336236541764e+01,0.000000000000000000e+00
3.911486904099148632e+01,0.000000000000000000e+00
3.374766457881493409e+01,0.000000000000000000e+00
3.729922430510339382e+01,0.000000000000000000e+00
3.374098047714094406e+01,0.000000000000000000e+00
3.674501639265704966e+01,0.000000000000000000e+00
3.730347011671124591e+01,0.000000000000000000e+00
3.745450563532233446e+01,0.000000000000000000e+00
3.720118928288162863e+01,0.000000000000000000e+00
3.495090870491790014e+01,0.000000000000000000e+00
3.544090555748820748e+01,0.000000000000000000e+00
3.577199462896535209e+01,0.000000000000000000e+00
3.217126844614574566e+01,0.000000000000000000e+00
3.659114105400264805e+01,0.000000000000000000e+00
3.680334922974282819e+01,0.000000000000000000e+00
3.286532948471183602e+01,0.000000000000000000e+00
3.583971720599203792e+01,0.000000000000000000e+00
3.646462479373046506e+01,0.000000000000000000e+00
3.376856303285579486e+01,0.000000000000000000e+00
3.701655798089118576e+01,0.000000000000000000e+00
3.433039611482539755e+01,0.000000000000000000e+00
3.853726603937575135e+01,0.000000000000000000e+00
3.585348334116567770e+01,0.000000000000000000e+00
3.524357405976158475e+01,0.000000000000000000e+00
3.359279514091858942e+01,0.000000000000000000e+00
3.518250509613663013e+01,0.000000000000000000e+00
3.259442737256816258e+01,0.000000000000000000e+00
3.282719050011566253e+01,0.000000000000000000e+00
3.362240156303695926e+01,0.000000000000000000e+00
3.718381059322127413e+01,0.000000000000000000e+00
3.334744378926659181e+01,0.000000000000000000e+00
3.556573495176757405e+01,0.000000000000000000e+00
3.329042230957318083e+01,0.000000000000000000e+00
3.392420588515635416e+01,0.000000000000000000e+00
3.114791485292773388e+01,0.000000000000000000e+00
3.165817236930662659e+01,0.000000000000000000e+00
3.061884620316035566e+01,0.000000000000000000e+00
3.089035077961299436e+01,0.000000000000000000e+00
3.205296665489703400e+01,0.000000000000000000e+00
3.470956947095859846e+01,0.000000000000000000e+00
3.035064947498054266e+01,0.000000000000000000e+00
3.463652943079237190e+01,0.000000000000000000e+00
3.062539178502743553e+01,0.000000000000000000e+00
3.327071104269757029e+01,0.000000000000000000e+00
3.332285672878928295e+01,0.000000000000000000e+00
3.531919016682407175e+01,0.000000000000000000e+00
3.326428784089975466e+01,0.000000000000000000e+00
3.181488722152012016e+01,0.000000000000000000e+00
3.334610731823445917e+01,0.000000000000000000e+00
3.447769346792824763e+01,0.000000000000000000e+00
3.095855538626104675e+01,0.000000000000000000e+00
3.117542912485844298e+01,0.000000000000000000e+00
3.391361957930924831e+01,0.000000000000000000e+00
3.511508636315478782e+01,0.000000000000000000e+00
3.112170766236420860e+01,0.000000000000000000e+00
3.370508843762160467e+01,0.000000000000000000e+00
3.343463267179599541e+01,0.000000000000000000e+00
3.204120924182421248e+01,0.000000000000000000e+00
2.579113621948382828e+01,0.000000000000000000e+00
3.258735223805484793e+01,0.000000000000000000e+00
2.998972121105243005e+01,0.000000000000000000e+00
2.815409837083809208e+01,0.000000000000000000e+00
2.812169567924438596e+01,0.000000000000000000e+00
3.288216543537725300e+01,0.000000000000000000e+00
3.138192701975997068e+01,0.000000000000000000e+00
2.997013260228510489e+01,0.000000000000000000e+00
3.266260161791512928e+01,0.000000000000000000e+00
2.959702777541332708e+01,0.000000000000000000e+00
3.014889171315825322e+01,0.000000000000000000e+00
3.057182638444540146e+01,0.000000000000000000e+00
2.748005191898467814e+01,0.000000000000000000e+00
3.395651212174124112e+01,0.000000000000000000e+00
2.964879400243661323e+01,0.000000000000000000e+00
2.772617578849268938e+01,0.000000000000000000e+00
2.933619132560648524e+01,0.000000000000000000e+00
3.369900781677275603e+01,0.000000000000000000e+00
3.073194405757795167e+01,0.000000000000000000e+00
3.177410502072340037e+01,0.000000000000000000e+00
3.216857264218360513e+01,0.000000000000000000e+00
3.178699078890308272e+01,0.000000000000000000e+00
2.652330294106215192e+01,0.000000000000000000e+00
3.138329820520293012e+01,0.000000000000000000e+00
3.121191210826110307e+01,0.000000000000000000e+00
3.333302245607841741e+01,0.000000000000000000e+00
3.154737058343343037e+01,0.000000000000000000e+00
3.026570907246919262e+01,0.000000000000000000e+00
2.941857154210125103e+01,0.000000000000000000e+00
3.147509147298000087e+01,0.000000000000000000e+00
2.943511033067899163e+01,0.000000000000000000e+00
3.036217683173719806e+01,0.000000000000000000e+00
2.915108969956071405e+01,0.000000000000000000e+00
3.159909916276544450e+01,0.000000000000000000e+00
2.767223959742040051e+01,0.000000000000000000e+00
3.154532442206290455e+01,0.000000000000000000e+00
3.051443338684911666e+01,0.000000000000000000e+00
3.188785014581299748e+01,0.000000000000000000e+00
2.737710847536317971e+01,0.000000000000000000e+00
2.943126917989915015e+01,0.000000000000000000e+00
2.809783581401541852e+01,0.000000000000000000e+00
3.038492843429834167e+01,0.000000000000000000e+00
3.031346660895552603e+01,0.000000000000000000e+00
3.423759925177910191e+01,0.000000000000000000e+00
3.157072210783433874e+01,0.000000000000000000e+00
2.931933554814273180e+01,0.000000000000000000e+00
2.757306635585023002e+01,0.000000000000000000e+00
2.719521396807958169e+01,0.000000000000000000e+00
3.140830082177352267e+01,0.000000000000000000e+00
3.240881190458433281e+01,0.000000000000000000e+00
2.837182249874879147e+01,0.000000000000000000e+00
2.660066745124164100e+01,0.000000000000000000e+00
2.790524856211593274e+01,0.000000000000000000e+00
3.382028759960068243e+01,0.000000000000000000e+00
2.856400115013942198e+01,0.000000000000000000e+00
2.779344428335981476e+01,0.000000000000000000e+00
2.937954834325865505e+01,0.000000000000000000e+00
2.705009063026310301e+01,0.000000000000000000e+00
3.368961467508540863e+01,0.000000000000000000e+00
2.932748158140086048e+01,0.000000000000000000e+00
2.807045498507562442e+01,0.000000000000000000e+00
2.818825165897147045e+01,0.000000000000000000e+00
3.041764374581004304e+01,0.000000000000000000e+00
3.068544461894070352e+01,0.000000000000000000e+00
2.768542535204169397e+01,0.000000000000000000e+00
2.727153342851478257e+01,0.000000000000000000e+00
3.232160089559724270e+01,0.000000000000000000e+00
2.628001614910769135e+01,0.000000000000000000e+00
2.698413720526882642e+01,0.000000000000000000e+00
2.906354065466756964e+01,0.000000000000000000e+00
2.610372833359528499e+01,0.000000000000000000e+00
3.055403429773950563e+01,0.000000000000000000e+00
2.963804151209820503e+01,0.000000000000000000e+00
2.545162195993844989e+01,0.000000000000000000e+00
2.526926932541426041e+01,0.000000000000000000e+00
2.597220559349295499e+01,0.000000000000000000e+00
3.368890841500288502e+01,0.000000000000000000e+00
2.904008317023717112e+01,0.000000000000000000e+00
2.767678817906857347e+01,0.000000000000000000e+00
2.488547422732963810e+01,0.000000000000000000e+00
2.522281339717958204e+01,0.000000000000000000e+00
2.926184873594630176e+01,0.000000000000000000e+00
2.751578990009418035e+01,0.000000000000000000e+00
2.711856361567225093e+01,0.000000000000000000e+00
2.553789940520648827e+01,0.000000000000000000e+00
2.882917900047761250e+01,0.000000000000000000e+00
2.530017182377588369e+01,0.000000000000000000e+00
2.347844187505722857e+01,0.000000000000000000e+00
2.789004328042049963e+01,0.000000000000000000e+00
2.719832092610506180e+01,0.000000000000000000e+00
2.608833787928722003e+01,0.000000000000000000e+00
2.925435970892954174e+01,0.000000000000000000e+00
2.612118828622056910e+01,0.000000000000000000e+00
2.694449021081294759e+01,0.000000000000000000e+00
2.677154214240849228e+01,0.000000000000000000e+00
2.445965189676660501e+01,0.000000000000000000e+00
3.046642162701863654e+01,0.000000000000000000e+00
2.684374741015163224e+01,0.000000000000000000e+00
2.882490645065881552e+01,0.000000000000000000e+00
2.747984692640472559e+01,0.000000000000000000e+00
2.486843169480478366e+01,0.000000000000000000e+00
2.235367374885718306e+01,0.000000000000000000e+00
2.387499101435537341e+01,0.000000000000000000e+00
2.695819675061151699e+01,0.000000000000000000e+00
2.639645082440078028e+01,0.000000000000000000e+00
2.804643865352413457e+01,0.000000000000000000e+00
2.752087189933752498e+01,0.000000000000000000e+00
2.469415714913860782e+01,0.000000000000000000e+00
2.851919959626616574e+01,0.000000000000000000e+00
2.341774045807516558e+01,0.000000000000000000e+00
2.403166714210330923e+01,0.000000000000000000e+00
2.734049806909514757e+01,0.000000000000000000e+00
2.600835426415714835e+01,0.000000000000000000e+00
2.663047326684826999e+01,0.000000000000000000e+00
2.595250310958773454e+01,0.000000000000000000e+00
2.714810453124129452e+01,0.000000000000000000e+00
2.477233571410274493e+01,0.000000000000000000e+00
2.504949724657918253e+01,0.000000000000000000e+00
2.452573603966440530e+01,0.000000000000000000e+00
2.412143111862204492e+01,0.000000000000000000e+00
2.595051370950560710e+01,0.000000000000000000e+00
2.836273916553579966e+01,0.000000000000000000e+00
2.571366527265675472e+01,0.000000000000000000e+00
2.539575247330183316e+01,0.000000000000000000e+00
2.367390144026264309e+01,0.000000000000000000e+00
2.897586402828440555e+01,0.000000000000000000e+00
2.373430898885476381e+01,0.000000000000000000e+00
2.682949724957400761e+01,0.000000000000000000e+00
2.540615851268873371e+01,0.000000000000000000e+00
2.616145532418314446e+01,0.000000000000000000e+00
2.754185153563316035e+01,0.000000000000000000e+00
2.127137755710561606e+01,0.000000000000000000e+00
2.804985083011773384e+01,0.000000000000000000e+00
2.304650152804895669e+01,0.000000000000000000e+00
2.754703165295421741e+01,0.000000000000000000e+00
2.608863930621085458e+01,0.000000000000000000e+00
2.352091941534406772e+01,0.000000000000000000e+00
2.228781264396973683e+01,0.000000000000000000e+00
2.280986784693742209e+01,0.000000000000000000e+00
2.361655189616823947e+01,0.000000000000000000e+00
2.499411675083911888e+01,0.000000000000000000e+00
2.283712037985274890e+01,0.000000000000000000e+00
2.329802285176213061e+01,0.000000000000000000e+00
2.687499621664585803e+01,0.000000000000000000e+00
2.097083857709757382e+01,0.000000000000000000e+00
2.335945073976400010e+01,0.000000000000000000e+00
2.519442611854648462e+01,0.000000000000000000e+00
2.796279929856352808e+01,0.000000000000000000e+00
2.304917222242184494e+01,0.000000000000000000e+00
2.349740792199220962e+01,0.000000000000000000e+00
2.363865940388703990e+01,0.000000000000000000e+00
2.639368765400372041e+01,0.000000000000000000e+00
2.222487953979767639e+01,0.000000000000000000e+00
2.529016358003845255e+01,0.000000000000000000e+00
2.397144729199684221e+01,0.000000000000000000e+00
2.424221902432906006e+01,0.000000000000000000e+00
2.302662696432206246e+01,0.000000000000000000e+00
2.306584021410323615e+01,0.000000000000000000e+00
2.443861430390524347e+01,0.000000000000000000e+00
2.307764253342680050e+01,0.000000000000000000e+00
2.132208596209055074e+01,0.000000000000000000e+00
2.326003194303294919e+01,0.000000000000000000e+00
2.528155762785030447e+01,0.000000000000000000e+00
2.512504262203797722e+01,0.000000000000000000e+00
2.490337934349005522e+01,0.000000000000000000e+00
2.377045788909106250e+01,0.000000000000000000e+00
2.064599754139944210e+01,0.000000000000000000e+00
1.919570675581562114e+01,0.000000000000000000e+00
2.454323998208896285e+01,0.000000000000000000e+00
2.322046153602454055e+01,0.000000000000000000e+00
2.355494397159104736e+01,0.000000000000000000e+00
2.460869408202783859e+01,0.000000000000000000e+00
2.046866515430582822e+01,0.000000000000000000e+00
2.302484114018558259e+01,0.000000000000000000e+00
2.204319867398887922e+01,0.000000000000000000e+00
2.463474228291252288e+01,0.000000000000000000e+00
2.073696358124714934e+01,0.000000000000000000e+00
2.056761275817604684e+01,0.000000000000000000e+00
2.069082074515575087e+01,0.000000000000000000e+00
2.182345081144978138e+01,0.000000000000000000e+00
2.590207965673547008e+01,0.000000000000000000e+00
2.155449502031642339e+01,0.000000000000000000e+00
2.122833432616258875e+01,0.000000000000000000e+00
2.252656787816294681e+01,0.000000000000000000e+00
1.897119742303205925e+01,0.000000000000000000e+00
2.382629815179259936e+01,0.000000000000000000e+00
2.034418892867471484e+01,0.000000000000000000e+00
2.323297791434610460e+01,0.000000000000000000e+00
2.105578184626215688e+01,0.000000000000000000e+00
2.727008454434460205e+01,0.000000000000000000e+00
2.505550865867307664e+01,0.000000000000000000e+00
2.381726405924505130e+01,0.000000000000000000e+00
2.202985253885883310e+01,0.000000000000000000e+00
2.266310828201497429e+01,0.000000000000000000e+00
2.223042092393671609e+01,0.000000000000000000e+00
1.899582689449178119e+01,0.000000000000000000e+00
2.128001708785145496e+01,0.000000000000000000e+00
2.147262835655564572e+01,0.000000000000000000e+00
2.033582403213256740e+01,0.000000000000000000e+00
2.206542825982154099e+01,0.000000000000000000e+00
2.627880203026502670e+01,0.000000000000000000e+00
2.381510646703890188e+01,0.000000000000000000e+00
1.851563407986812138e+01,0.000000000000000000e+00
2.289016432263919398e+01,0.000000000000000000e+00
2.365899499729125566e+01,0.000000000000000000e+00
2.257567379855684209e+01,0.000000000000000000e+00
1.997539157899461770e+01,0.000000000000000000e+00
2.288598549259570092e+01,0.000000000000000000e+00
2.014952151170897210e+01,0.000000000000000000e+00
2.056194194294932132e+01,0.000000000000000000e+00
2.103064348285069229e+01,0.000000000000000000e+00
2.208343981166267511e+01,0.000000000000000000e+00
2.197080946798801193e+01,0.000000000000000000e+00
2.095928729340076302e+01,0.000000000000000000e+00
2.727795537529206982e+01,0.000000000000000000e+00
1.972519811006222312e+01,0.000000000000000000e+00
1.629668791052708343e+01,0.000000000000000000e+00
1.784339356814054511e+01,0.000000000000000000e+00
2.617751752060865300e+01,0.000000000000000000e+00
2.064124756589828991e+01,0.000000000000000000e+00
2.104395808022753300e+01,0.000000000000000000e+00
2.314540681920474086e+01,0.000000000000000000e+00
2.087265979957109252e+01,0.000000000000000000e+00
2.081811439073703696e+01,0.000000000000000000e+00
2.272598941781599180e+01,0.000000000000000000e+00
2.037940865332421936e+01,0.000000000000000000e+00
1.992514553993835946e+01,0.000000000000000000e+00
1.964867282173881335e+01,0.000000000000000000e+00
2.040647597979605266e+01,0.000000000000000000e+00
1.981338710847908757e+01,0.000000000000000000e+00
2.072318404289486438e+01,0.000000000000000000e+00
1.769873626355276031e+01,0.000000000000000000e+00
1.792956253974553249e+01,0.000000000000000000e+00
2.318029068718601238e+01,0.000000000000000000e+00
2.311394969829187573e+01,0.000000000000000000e+00
2.297745597266339246e+01,0.000000000000000000e+00
2.055939600558831515e+01,0.000000000000000000e+00
2.069074340494581676e+01,0.000000000000000000e+00
2.179007685270558170e+01,0.000000000000000000e+00
2.065536688079969352e+01,0.000000000000000000e+00
1.760250165013145107e+01,0.000000000000000000e+00
2.092370190178132816e+01,0.000000000000000000e+00
2.222597152851183466e+01,0.000000000000000000e+00
1.995074704634508933e+01,0.000000000000000000e+00
2.132041042880250359e+01,0.000000000000000000e+00
2.117879148889215202e+01,0.000000000000000000e+00
2.346279035927652501e+01,0.000000000000000000e+00
1.955289658951453191e+01,0.000000000000000000e+00
2.062962241586032874e+01,0.000000000000000000e+00
2.267668531441057667e+01,0.000000000000000000e+00
2.321311972686861580e+01,0.000000000000000000e+00
1.957618176852092162e+01,0.000000000000000000e+00
2.354321997625936902e+01,0.000000000000000000e+00
2.177618494909061297e+01,0.000000000000000000e+00
1.729209324716894614e+01,0.000000000000000000e+00
1.851814764721124007e+01,0.000000000000000000e+00
2.084501864627200973e+01,0.000000000000000000e+00
2.072733847838587451e+01,0.000000000000000000e+00
2.232965387423232784e+01,0.000000000000000000e+00
2.079916356009677258e+01,0.000000000000000000e+00
1.796497174923306162e+01,0.000000000000000000e+00
1.949156642977307996e+01,0.000000000000000000e+00
1.955665547290813322e+01,0.000000000000000000e+00
2.157225688783289641e+01,0.000000000000000000e+00
1.955560125843258490e+01,0.000000000000000000e+00
2.273819052173773514e+01,0.000000000000000000e+00
1.613601063771264421e+01,0.000000000000000000e+00
2.423960151710000233e+01,0.000000000000000000e+00
2.092385555912873230e+01,0.000000000000000000e+00
2.079109994922298199e+01,0.000000000000000000e+00
1.980573296631301261e+01,0.000000000000000000e+00
1.990690936742613459e+01,0.000000000000000000e+00
1.865966919398085366e+01,0.000000000000000000e+00
1.704811664085778489e+01,0.000000000000000000e+00
2.293728911502349632e+01,0.000000000000000000e+00
1.789497580282244016e+01,0.000000000000000000e+00
1.878890970916188152e+01,0.000000000000000000e+00
2.289125681976052462e+01,0.000000000000000000e+00
1.882376312270101337e+01,0.000000000000000000e+00
2.293103828980453329e+01,0.000000000000000000e+00
2.296262382773413790e+01,0.000000000000000000e+00
2.190831489022821899e+01,0.000000000000000000e+00
1.906670272434414315e+01,0.000000000000000000e+00
1.923027025911958177e+01,0.000000000000000000e+00
1.854225690354880740e+01,0.000000000000000000e+00
2.475090236233077690e+01,0.000000000000000000e+00
1.826648629564797588e+01,0.000000000000000000e+00
1.994825109621801928e+01,0.000000000000000000e+00
2.008564988184218691e+01,0.000000000000000000e+00
2.147361638302944442e+01,0.000000000000000000e+00
2.003427461949790001e+01,0.000000000000000000e+00
1.958585778733619165e+01,0.000000000000000000e+00
2.188577276588148735e+01,0.000000000000000000e+00
2.133013871596056532e+01,0.000000000000000000e+00
2.130863418160825873e+01,0.000000000000000000e+00
2.462776319391791802e+01,0.000000000000000000e+00
2.158055468209410321e+01,0.000000000000000000e+00
2.214836596288995452e+01,0.000000000000000000e+00
2.109221039012411936e+01,0.000000000000000000e+00
1.927662303360871121e+01,0.000000000000000000e+00
2.025961581120041188e+01,0.000000000000000000e+00
1.920353248938823754e+01,0.000000000000000000e+00
2.527431996404103032e+01,0.000000000000000000e+00
2.024969215060218630e+01,0.000000000000000000e+00
1.966275588008680941e+01,0.000000000000000000e+00
2.327446068360644560e+01,0.000000000000000000e+00
1.870801098791485728e+01,0.000000000000000000e+00
2.169673440028326539e+01,0.000000000000000000e+00
1.954304456164969395e+01,0.000000000000000000e+00
2.033568531164581472e+01,0.000000000000000000e+00
1.743247856242413363e+01,0.000000000000000000e+00
1.844732628651264861e+01,0.000000000000000000e+00
1.975976642455293586e+01,0.000000000000000000e+00
2.091278593357529658e+01,0.000000000000000000e+00
2.154410190750019893e+01,0.000000000000000000e+00
2.078949435177252880e+01,0.000000000000000000e+00
1.764520019151647645e+01,0.000000000000000000e+00
2.319427250731494539e+01,0.000000000000000000e+00
2.017398071539750504e+01,0.000000000000000000e+00
2.050684034743404638e+01,0.000000000000000000e+00
2.533931173748150201e+01,0.000000000000000000e+00
1.848495472624890112e+01,0.000000000000000000e+00
2.499038692469559919e+01,0.000000000000000000e+00
2.106240383729003796e+01,0.000000000000000000e+00
2.208221745599668040e+01,0.000000000000000000e+00
2.325232044243787755e+01,0.000000000000000000e+00
2.106696206296599172e+01,0.000000000000000000e+00
2.205238796814434465e+01,0.000000000000000000e+00
2.195282419146822761e+01,0.000000000000000000e+00
2.235823042996788246e+01,0.000000000000000000e+00
2.063859922003788583e+01,0.000000000000000000e+00
1.877128753526918103e+01,0.000000000000000000e+00
2.127486048056423584e+01,0.000000000000000000e+00
1.945778358771620020e+01,0.000000000000000000e+00
2.115743096350925612e+01,0.000000000000000000e+00
1.911759139360573556e+01,0.000000000000000000e+00
2.032981343281880982e+01,0.000000000000000000e+00
1.977751381213719739e+01,0.000000000000000000e+00
1.758467459430385560e+01,0.000000000000000000e+00
2.007524546854202185e+01,0.000000000000000000e+00
2.048777167588098891e+01,0.000000000000000000e+00
1.989017459569765478e+01,0.000000000000000000e+00
1.883319914518672533e+01,0.000000000000000000e+00
2.112571724639700932e+01,0.000000000000000000e+00
1.801140397332931187e+01,0.000000000000000000e+00
2.132978024986869059e+01,0.000000000000000000e+00
2.004482434831024307e+01,0.000000000000000000e+00
2.193392163090949154e+01,0.000000000000000000e+00
1.574889993934390731e+01,0.000000000000000000e+00
1.915450452348804689e+01,0.000000000000000000e+00
2.047917880643568012e+01,0.000000000000000000e+00
2.238427655571598152e+01,0.000000000000000000e+00
1.990035398273433742e+01,0.000000000000000000e+00
1.938543241884336155e+01,0.000000000000000000e+00
2.066922886651264690e+01,0.000000000000000000e+00
1.796870198634244886e+01,0.000000000000000000e+00
2.166273892711247129e+01,0.000000000000000000e+00
2.013442502468931394e+01,0.000000000000000000e+00
1.738663349873451125e+01,0.000000000000000000e+00
1.999823898916870846e+01,0.000000000000000000e+00
1.810573892846007737e+01,0.000000000000000000e+00
1.736568054992604715e+01,0.000000000000000000e+00
1.868138299190161078e+01,0.000000000000000000e+00
1.942056308585806335e+01,0.000000000000000000e+00
1.844607497531541185e+01,0.000000000000000000e+00
2.214503000779613728e+01,0.000000000000000000e+00
2.114399349320868637e+01,0.000000000000000000e+00
2.089669851596903172e+01,0.000000000000000000e+00
2.105512662020719006e+01,0.000000000000000000e+00
1.969113974281438573e+01,0.000000000000000000e+00
2.095753639813158387e+01,0.000000000000000000e+00
2.342118825823291317e+01,0.000000000000000000e+00
1.949509783662540841e+01,0.000000000000000000e+00
2.138075793630698485e+01,0.000000000000000000e+00
2.406237925758266982e+01,0.000000000000000000e+00
2.023459910704715270e+01,0.000000000000000000e+00
1.917323813093044294e+01,0.000000000000000000e+00
2.235613737529347489e+01,0.000000000000000000e+00
2.404698821830115563e+01,0.000000000000000000e+00
1.960656455732938497e+01,0.000000000000000000e+00
2.072455560735172853e+01,0.000000000000000000e+00
1.955318493804093194e+01,0.000000000000000000e+00
1.960967882231850368e+01,0.000000000000000000e+00
1.873527525724828280e+01,0.000000000000000000e+00
1.891932257382304172e+01,0.000000000000000000e+00
2.297354084508734573e+01,0.000000000000000000e+00
2.308509279287753202e+01,0.000000000000000000e+00
2.255389383573122686e+01,0.000000000000000000e+00
1.734174706302038160e+01,0.000000000000000000e+00
2.039059303653766975e+01,0.000000000000000000e+00
1.644097397786991621e+01,0.000000000000000000e+00
2.308065433920444676e+01,0.000000000000000000e+00
1.962242421967919270e+01,0.000000000000000000e+00
1.894824201402457575e+01,0.000000000000000000e+00
1.929495192866264830e+01,0.000000000000000000e+00
1.937229634108708609e+01,0.000000000000000000e+00
1.917741556650073065e+01,0.000000000000000000e+00
1.953008415149826504e+01,0.000000000000000000e+00
1.911139415637926220e+01,0.000000000000000000e+00
1.888907935835852214e+01,0.000000000000000000e+00
2.172342087254019560e+01,0.000000000000000000e+00
1.841261234881579156e+01,0.000000000000000000e+00
1.556065970696326062e+01,0.000000000000000000e+00
2.338961877273268897e+01,0.000000000000000000e+00
1.951124511319438781e+01,0.000000000000000000e+00
2.304559237378774483e+01,0.000000000000000000e+00
1.949537137607894977e+01,0.000000000000000000e+00
2.012648070792593202e+01,0.000000000000000000e+00
1.864215074107858428e+01,0.000000000000000000e+00
2.041386273791728456e+01,0.000000000000000000e+00
2.031205465844313451e+01,0.000000000000000000e+00
2.115493107486828706e+01,0.000000000000000000e+00
2.340480461852513372e+01,0.000000000000000000e+00
2.055912757545676328e+01,0.000000000000000000e+00
2.036426065608227276e+01,0.000000000000000000e+00
2.123180197387219081e+01,0.000000000000000000e+00
1.582702234231337357e+01,0.000000000000000000e+00
1.770046486570433686e+01,0.000000000000000000e+00
1.731708107192751100e+01,0.000000000000000000e+00
1.655015679754206204e+01,0.000000000000000000e+00
1.769299570356948692e+01,0.000000000000000000e+00
1.870591877869659925e+01,0.000000000000000000e+00
2.351504418780443828e+01,0.000000000000000000e+00
1.988618989368116985e+01,0.000000000000000000e+00
2.043059475109251366e+01,0.000000000000000000e+00
2.368118318106910181e+01,0.000000000000000000e+00
1.937762636258374371e+01,0.000000000000000000e+00
2.114121600489417219e+01,0.000000000000000000e+00
1.884436100347343412e+01,0.000000000000000000e+00
2.093349846441603646e+01,0.000000000000000000e+00
2.078857484630938757e+01,0.000000000000000000e+00
2.468170405413935242e+01,0.000000000000000000e+00
2.051744350841359221e+01,0.000000000000000000e+00
2.150779559345729197e+01,0.000000000000000000e+00
2.377929518766027428e+01,0.000000000000000000e+00
2.367933625126276809e+01,0.000000000000000000e+00
2.060046950599402749e+01,0.000000000000000000e+00
2.157282008903156978e+01,0.000000000000000000e+00
2.484846103492870029e+01,0.000000000000000000e+00
2.176272721273155497e+01,0.000000000000000000e+00
2.134345353287813651e+01,0.000000000000000000e+00
2.430426009510216190e+01,0.000000000000000000e+00
2.131923741621259438e+01,0.000000000000000000e+00
2.030958526945796194e+01,0.000000000000000000e+00
1.987167287971507790e+01,0.000000000000000000e+00
2.294967049109921930e+01,0.000000000000000000e+00
2.115235643431309143e+01,0.000000000000000000e+00
2.170478907932124102e+01,0.000000000000000000e+00
1.745444311096210654e+01,0.000000000000000000e+00
2.248164011425645015e+01,0.000000000000000000e+00
1.920588671374487433e+01,0.000000000000000000e+00
2.231434855294301656e+01,0.000000000000000000e+00
2.085004422508751531e+01,0.000000000000000000e+00
2.071093447034446910e+01,0.000000000000000000e+00
2.333926442582407645e+01,0.000000000000000000e+00
2.156843058910765976e+01,0.000000000000000000e+00
2.029123036576335082e+01,0.000000000000000000e+00
2.290627698486024499e+01,0.000000000000000000e+00
2.157885935484917894e+01,0.000000000000000000e+00
2.048420460961268219e+01,0.000000000000000000e+00
2.224742145571592644e+01,0.000000000000000000e+00
2.274756985089187467e+01,0.000000000000000000e+00
2.263013680193213162e+01,0.000000000000000000e+00
2.312899016684197306e+01,0.000000000000000000e+00
2.176415311050350354e+01,0.000000000000000000e+00
2.284761554970170039e+01,0.000000000000000000e+00
2.463843218980008842e+01,0.000000000000000000e+00
1.918225053547484293e+01,0.000000000000000000e+00
2.071079419270001054e+01,0.000000000000000000e+00
1.949150230868458777e+01,0.000000000000000000e+00
2.085857029614760449e+01,0.000000000000000000e+00
2.091527207502122110e+01,0.000000000000000000e+00
2.011805051457473326e+01,0.000000000000000000e+00
2.405241927754354947e+01,0.000000000000000000e+00
2.297197878296774221e+01,0.000000000000000000e+00
2.394114312654016885e+01,0.000000000000000000e+00
2.033273335265774762e+01,0.000000000000000000e+00
2.227291663531944721e+01,0.000000000000000000e+00
2.118143043638016110e+01,0.000000000000000000e+00
1.994927897543841766e+01,0.000000000000000000e+00
2.250383394729723108e+01,0.000000000000000000e+00
2.024459585988493515e+01,0.000000000000000000e+00
2.081372905746503221e+01,0.000000000000000000e+00
2.036446689460305848e+01,0.000000000000000000e+00
2.086292388993755864e+01,0.000000000000000000e+00
2.303649089724477150e+01,0.000000000000000000e+00
2.256249893316073596e+01,0.000000000000000000e+00
2.074408589348901089e+01,0.000000000000000000e+00
2.225205321080943577e+01,0.000000000000000000e+00
2.160719801070759161e+01,0.000000000000000000e+00
2.587892786838673231e+01,0.000000000000000000e+00
2.315643326256427414e+01,0.000000000000000000e+00
2.835186540298676405e+01,0.000000000000000000e+00
2.308441762536986630e+01,0.000000000000000000e+00
2.299062221518522264e+01,0.000000000000000000e+00
2.534354100417547428e+01,0.000000000000000000e+00
1.934887136398275231e+01,0.000000000000000000e+00
2.216524719647607711e+01,0.000000000000000000e+00
2.353044557508195211e+01,0.000000000000000000e+00
2.628082744980095242e+01,0.000000000000000000e+00
1.797008354774864713e+01,0.000000000000000000e+00
2.709244502741124805e+01,0.000000000000000000e+00
2.148070337915103423e+01,0.000000000000000000e+00
2.342801864963243474e+01,0.000000000000000000e+00
2.435308598386563261e+01,0.000000000000000000e+00
2.140279452375181535e+01,0.000000000000000000e+00
2.176991365936551759e+01,0.000000000000000000e+00
2.493491474067933211e+01,0.000000000000000000e+00
2.359713230174668652e+01,0.000000000000000000e+00
2.038677099234317325e+01,0.000000000000000000e+00
2.211933030312856729e+01,0.000000000000000000e+00
2.196332900279710287e+01,0.000000000000000000e+00
2.263032102879255092e+01,0.000000000000000000e+00
2.385911792062120540e+01,0.000000000000000000e+00
1.895957720703202654e+01,0.000000000000000000e+00
2.255658706772848987e+01,0.000000000000000000e+00
2.576239929177642551e+01,0.000000000000000000e+00
2.448529265966317325e+01,0.000000000000000000e+00
2.186167786926884204e+01,0.000000000000000000e+00
2.364625656930468622e+01,0.000000000000000000e+00
2.447812034133850645e+01,0.000000000000000000e+00
2.309026705473106134e+01,0.000000000000000000e+00
2.120149773619758804e+01,0.000000000000000000e+00
2.591267323539659273e+01,0.000000000000000000e+00
2.575223763652328657e+01,0.000000000000000000e+00
2.832046098022243541e+01,0.000000000000000000e+00
2.390376167297423748e+01,0.000000000000000000e+00
2.564511054292255920e+01,0.000000000000000000e+00
2.648796267703698604e+01,0.000000000000000000e+00
2.438684635123572875e+01,0.000000000000000000e+00
2.163521355436127180e+01,0.000000000000000000e+00
2.182899656522195642e+01,0.000000000000000000e+00
2.736170545046403646e+01,0.000000000000000000e+00
2.416872685635827622e+01,0.000000000000000000e+00
2.702449133444472906e+01,0.000000000000000000e+00
2.101984466852161049e+01,0.000000000000000000e+00
2.753608911440755946e+01,0.000000000000000000e+00
2.413308701135294143e+01,0.000000000000000000e+00
2.628004557469624558e+01,0.000000000000000000e+00
2.669008007318991815e+01,0.000000000000000000e+00
2.458264122672392915e+01,0.000000000000000000e+00
2.496637193005166111e+01,0.000000000000000000e+00
2.430313761923080307e+01,0.000000000000000000e+00
2.746707159167144852e+01,0.000000000000000000e+00
2.936203422849369815e+01,0.000000000000000000e+00
2.489731716832118735e+01,0.000000000000000000e+00
2.409995622380913716e+01,0.000000000000000000e+00
2.679141345868756119e+01,0.000000000000000000e+00
2.763775376722040633e+01,0.000000000000000000e+00
2.670402071629306562e+01,0.000000000000000000e+00
2.647947636922455672e+01,0.000000000000000000e+00
2.121680338101488417e+01,0.000000000000000000e+00
2.830688644256960274e+01,0.000000000000000000e+00
2.502138245326042920e+01,0.000000000000000000e+00
1.995513569890683669e+01,0.000000000000000000e+00
2.582521918365216962e+01,0.000000000000000000e+00
2.506656733877174048e+01,0.000000000000000000e+00
2.729195995078800863e+01,0.000000000000000000e+00
2.581435081090063477e+01,0.000000000000000000e+00
2.273793525473399413e+01,0.000000000000000000e+00
2.422501293055084304e+01,0.000000000000000000e+00
2.253326608399325437e+01,0.000000000000000000e+00
2.513864521742536695e+01,0.000000000000000000e+00
2.219057808363650963e+01,0.000000000000000000e+00
2.469159376559612085e+01,0.000000000000000000e+00
2.322136884502582888e+01,0.000000000000000000e+00
2.509845486710605655e+01,0.000000000000000000e+00
2.425119743212458800e+01,0.000000000000000000e+00
2.626663022096355249e+01,0.000000000000000000e+00
2.325146784287185753e+01,0.000000000000000000e+00
2.532965902868134478e+01,0.000000000000000000e+00
2.260036722025057543e+01,0.000000000000000000e+00
2.648198819025025230e+01,0.000000000000000000e+00
2.229825698728102168e+01,0.000000000000000000e+00
2.472222534034175112e+01,0.000000000000000000e+00
2.556415450600913886e+01,0.000000000000000000e+00
2.252614260189103135e+01,0.000000000000000000e+00
2.547501105301765634e+01,0.000000000000000000e+00
2.600517790977549026e+01,0.000000000000000000e+00
2.700201530363051106e+01,0.000000000000000000e+00
2.644536388803385663e+01,0.000000000000000000e+00
2.615942648383310853e+01,0.000000000000000000e+00
2.655542098557640784e+01,0.000000000000000000e+00
2.671503252499738323e+01,0.000000000000000000e+00
2.222500101275796425e+01,0.000000000000000000e+00
2.504268268928298369e+01,0.000000000000000000e+00
2.095904287910300212e+01,0.000000000000000000e+00
2.842643924421088641e+01,0.000000000000000000e+00
2.202797631914312149e+01,0.000000000000000000e+00
2.616830858313867481e+01,0.000000000000000000e+00
2.388140943632673441e+01,0.000000000000000000e+00
2.589485879932882639e+01,0.000000000000000000e+00
2.983909635299983876e+01,0.000000000000000000e+00
2.633453410359541280e+01,0.000000000000000000e+00
2.930308642956386223e+01,0.000000000000000000e+00
2.497546289609140402e+01,0.000000000000000000e+00
2.665330694223339592e+01,0.000000000000000000e+00
2.841034888942504821e+01,0.000000000000000000e+00
2.948690439210501424e+01,0.000000000000000000e+00
2.977586964784456214e+01,0.000000000000000000e+00
2.509357847663050123e+01,0.000000000000000000e+00
2.691660295939000136e+01,0.000000000000000000e+00
2.688144141532251652e+01,0.000000000000000000e+00
2.910940394423382926e+01,0.000000000000000000e+00
2.940690968449276710e+01,0.000000000000000000e+00
2.684343628566020357e+01,0.000000000000000000e+00
2.786557086119205096e+01,0.000000000000000000e+00
3.089763763294364196e+01,0.000000000000000000e+00
2.330032169049130175e+01,0.000000000000000000e+00
2.815221166967063127e+01,0.000000000000000000e+00
2.656271528480057142e+01,0.000000000000000000e+00
2.349922033805564681e+01,0.000000000000000000e+00
3.297941467527990511e+01,0.000000000000000000e+00
3.143385067543884048e+01,0.000000000000000000e+00
2.970782372620845990e+01,0.000000000000000000e+00
2.625579924677585097e+01,0.000000000000000000e+00
3.258860021516736083e+01,0.000000000000000000e+00
2.866471768115509988e+01,0.000000000000000000e+00
2.633551061998977971e+01,0.000000000000000000e+00
2.650992228454159871e+01,0.000000000000000000e+00
2.791309180499484910e+01,0.000000000000000000e+00
2.705265312751696527e+01,0.000000000000000000e+00
2.737045736043378241e+01,0.000000000000000000e+00
3.047846168798567490e+01,0.000000000000000000e+00
2.842845412064579236e+01,0.000000000000000000e+00
2.880476453102157564e+01,0.000000000000000000e+00
2.683780636295700361e+01,0.000000000000000000e+00
2.833657461972001101e+01,0.000000000000000000e+00
3.052312077522922706e+01,0.000000000000000000e+00
2.707068149688224423e+01,0.000000000000000000e+00
2.782951282349338840e+01,0.000000000000000000e+00
2.654569253991967770e+01,0.000000000000000000e+00
3.037213624052093053e+01,0.000000000000000000e+00
3.029401447149258786e+01,0.000000000000000000e+00
2.534975835854779191e+01,0.000000000000000000e+00
2.939453360138086779e+01,0.000000000000000000e+00
3.203869920452849129e+01,0.000000000000000000e+00
2.892273244216641004e+01,0.000000000000000000e+00
3.021134980253196645e+01,0.000000000000000000e+00
3.142017176657704880e+01,0.000000000000000000e+00
2.961880355348183613e+01,0.000000000000000000e+00
3.073773283947297941e+01,0.000000000000000000e+00
3.075979966911874186e+01,0.000000000000000000e+00
2.933065028943591557e+01,0.000000000000000000e+00
2.889971698291298097e+01,0.000000000000000000e+00
2.784146548230007312e+01,0.000000000000000000e+00
2.872187475478046537e+01,0.000000000000000000e+00
2.908510635817019363e+01,0.000000000000000000e+00
2.829660240391424608e+01,0.000000000000000000e+00
2.774245481859921014e+01,0.000000000000000000e+00
2.911305177491054508e+01,0.000000000000000000e+00
2.983808013362269662e+01,0.000000000000000000e+00
3.057462710337192391e+01,0.000000000000000000e+00
3.063391729107946304e+01,0.000000000000000000e+00
3.067626279448798599e+01,0.000000000000000000e+00
2.861540343031170863e+01,0.000000000000000000e+00
2.992438013444029465e+01,0.000000000000000000e+00
3.052822972053841610e+01,0.000000000000000000e+00
2.951486577192836336e+01,0.000000000000000000e+00
3.148397438019574679e+01,0.000000000000000000e+00
3.516955066624409909e+01,0.000000000000000000e+00
2.837266929945515415e+01,0.000000000000000000e+00
3.397638872520865760e+01,0.000000000000000000e+00
3.106467678388829867e+01,0.000000000000000000e+00
3.083298723854187884e+01,0.000000000000000000e+00
2.894017651617997799e+01,0.000000000000000000e+00
3.150896729390101569e+01,0.000000000000000000e+00
3.257371021409078082e+01,0.000000000000000000e+00
2.950612042525168377e+01,0.000000000000000000e+00
3.063272828899765443e+01,0.000000000000000000e+00
3.507165619779188859e+01,0.000000000000000000e+00
3.219950741154478635e+01,0.000000000000000000e+00
3.408046414684619663e+01,0.000000000000000000e+00
3.048822712657560174e+01,0.000000000000000000e+00
3.045739410251022861e+01,0.000000000000000000e+00
2.851368397305964208e+01,0.000000000000000000e+00
3.178995883366049924e+01,0.000000000000000000e+00
3.070126645921621744e+01,0.000000000000000000e+00
2.868173405118509223e+01,0.000000000000000000e+00
3.152149434282818063e+01,0.000000000000000000e+00
3.161987909478395764e+01,0.000000000000000000e+00
3.114252628761844477e+01,0.000000000000000000e+00
3.239956133163137508e+01,0.000000000000000000e+00
3.038069464139596221e+01,0.000000000000000000e+00
3.619256277191641402e+01,0.000000000000000000e+00
3.366714499769081215e+01,0.000000000000000000e+00
3.204168975979250433e+01,0.000000000000000000e+00
3.338555532946601545e+01,0.000000000000000000e+00
3.058447230460410182e+01,0.000000000000000000e+00
3.247613206562909482e+01,0.000000000000000000e+00
2.993915663541340777e+01,0.000000000000000000e+00
3.531580865534083813e+01,0.000000000000000000e+00
3.498358706701763055e+01,0.000000000000000000e+00
3.638728791208165347e+01,0.000000000000000000e+00
3.342045673025134533e+01,0.000000000000000000e+00
3.608006175102539714e+01,0.000000000000000000e+00
3.146862617370990023e+01,0.000000000000000000e+00
2.866764424307976711e+01,0.000000000000000000e+00
3.172971127023168236e+01,0.000000000000000000e+00
3.397071004729330923e+01,0.000000000000000000e+00
3.616627056501290838e+01,0.000000000000000000e+00
3.506053875351161508e+01,0.000000000000000000e+00
3.361865852325157533e+01,0.000000000000000000e+00
3.209531049573951123e+01,0.000000000000000000e+00
3.263616683389471973e+01,0.000000000000000000e+00
3.423125696266695428e+01,0.000000000000000000e+00
3.239788564455928821e+01,0.000000000000000000e+00
3.427260012962304359e+01,0.000000000000000000e+00
3.278522379610806325e+01,0.000000000000000000e+00
3.419517146659602247e+01,0.000000000000000000e+00
3.290624454338909288e+01,0.000000000000000000e+00
3.359256984079299713e+01,0.000000000000000000e+00
3.022855380983445883e+01,0.000000000000000000e+00
3.507030663806035164e+01,0.000000000000000000e+00
3.353361591362745742e+01,0.000000000000000000e+00
3.406259751236733280e+01,0.000000000000000000e+00
3.461381963278992657e+01,0.000000000000000000e+00
3.303703849532175241e+01,0.000000000000000000e+00
3.962351163300792933e+01,0.000000000000000000e+00
3.474591007275435572e+01,0.000000000000000000e+00
3.438911466040629250e+01,0.000000000000000000e+00
3.379446422285329277e+01,0.000000000000000000e+00
3.197044136628174726e+01,0.000000000000000000e+00
3.385380514264383578e+01,0.000000000000000000e+00
3.543364213860292722e+01,0.000000000000000000e+00
3.513345829574122803e+01,0.000000000000000000e+00
3.377565056676086641e+01,0.000000000000000000e+00
3.440550215549894375e+01,0.000000000000000000e+00
3.202803329706444657e+01,0.000000000000000000e+00
3.113040955405005050e+01,0.000000000000000000e+00
3.973847272389846097e+01,0.000000000000000000e+00
3.127995123247887221e+01,0.000000000000000000e+00
3.363431448995009276e+01,0.000000000000000000e+00
3.707936942580211337e+01,0.000000000000000000e+00
3.846933053121366441e+01,0.000000000000000000e+00
3.248898586132394684e+01,0.000000000000000000e+00
3.483544530117794125e+01,0.000000000000000000e+00
3.338242214514069417e+01,0.000000000000000000e+00
3.596038334765464128e+01,0.000000000000000000e+00
3.918148329142614017e+01,0.000000000000000000e+00
3.884363568889111207e+01,0.000000000000000000e+00
3.523485438998056907e+01,0.000000000000000000e+00
3.822060320054281846e+01,0.000000000000000000e+00
3.622965802272589286e+01,0.000000000000000000e+00
3.392344249712124338e+01,0.000000000000000000e+00
3.793789699319657416e+01,0.000000000000000000e+00
3.914534587159015899e+01,0.000000000000000000e+00
3.329123857396172070e+01,0.000000000000000000e+00
3.648093178497265399e+01,0.000000000000000000e+00
3.411332103611511712e+01,0.000000000000000000e+00
3.470778356653728736e+01,0.000000000000000000e+00
3.671239886012412512e+01,0.000000000000000000e+00
3.651962435450654709e+01,0.000000000000000000e+00
3.795825166432141629e+01,0.000000000000000000e+00
3.971046896275970539e+01,0.000000000000000000e+00
3.498355060985750242e+01,0.000000000000000000e+00
3.999020147752404597e+01,0.000000000000000000e+00
3.737293504888550189e+01,0.000000000000000000e+00
3.725102108114704436e+01,0.000000000000000000e+00
3.581808592897837684e+01,0.000000000000000000e+00
3.719912644783641298e+01,0.000000000000000000e+00
3.769488468033762274e+01,0.000000000000000000e+00
3.577017820627797562e+01,0.000000000000000000e+00
4.297397650858843576e+01,0.000000000000000000e+00
3.408397797628436621e+01,0.000000000000000000e+00
3.500237809992472648e+01,0.000000000000000000e+00
3.677112657354157221e+01,0.000000000000000000e+00
4.046416535344406640e+01,0.000000000000000000e+00
3.848476051452441737e+01,0.000000000000000000e+00
3.952676598321909296e+01,0.000000000000000000e+00
4.030775752372856147e+01,0.000000000000000000e+00
3.686517294690050051e+01,0.000000000000000000e+00
3.869386681275585005e+01,0.000000000000000000e+00
3.828352759296521413e+01,0.000000000000000000e+00
3.703880050700972504e+01,0.000000000000000000e+00
4.483714790674672912e+01,0.000000000000000000e+00
4.177545395147839713e+01,0.000000000000000000e+00
3.589134325836547390e+01,0.000000000000000000e+00
3.904160009660287045e+01,0.000000000000000000e+00
3.883873265556809429e+01,0.000000000000000000e+00
4.135062127178129288e+01,0.000000000000000000e+00
4.012196901605667421e+01,0.000000000000000000e+00
3.929012673228013597e+01,0.000000000000000000e+00
3.898321625007194768e+01,0.000000000000000000e+00
4.230822149701963752e+01,0.000000000000000000e+00
3.809052996699983851e+01,0.000000000000000000e+00
4.152947239016231862e+01,0.000000000000000000e+00
3.956900908042784692e+01,0.000000000000000000e+00
3.712318793522407390e+01,0.000000000000000000e+00
3.926974881630697922e+01,0.000000000000000000e+00
3.682036904895740292e+01,0.000000000000000000e+00
4.089616235654260379e+01,0.000000000000000000e+00
4.015313628387191613e+01,0.000000000000000000e+00
3.737717507811893825e+01,0.000000000000000000e+00
3.948779514056811735e+01,0.000000000000000000e+00
3.906990371324499733e+01,0.000000000000000000e+00
3.947526645457768524e+01,0.000000000000000000e+00
4.521988841571364048e+01,0.000000000000000000e+00
4.166346662818467905e+01,0.000000000000000000e+00
4.268526240685275042e+01,0.000000000000000000e+00
3.733517781927319845e+01,0.000000000000000000e+00
4.133290481141347783e+01,0.000000000000000000e+00
4.152594534888304167e+01,0.000000000000000000e+00
4.211498051476109339e+01,0.000000000000000000e+00
3.980773647303508511e+01,0.000000000000000000e+00
3.803537024311756909e+01,0.000000000000000000e+00
4.275168031620389542e+01,0.000000000000000000e+00
4.401553617769521054e+01,0.000000000000000000e+00
3.952876183579515867e+01,0.000000000000000000e+00
4.000831694298937435e+01,0.000000000000000000e+00
4.235698369610481251e+01,0.000000000000000000e+00
4.182862811534549508e+01,0.000000000000000000e+00
4.130721194129290552e+01,0.000000000000000000e+00
4.284412553225293863e+01,0.000000000000000000e+00
4.674778528925887144e+01,0.000000000000000000e+00
4.388034823475433654e+01,0.000000000000000000e+00
4.095199468514220342e+01,0.000000000000000000e+00
4.340218014054367757e+01,0.000000000000000000e+00
4.169611453423706848e+01,0.000000000000000000e+00
4.318514515932999132e+01,0.000000000000000000e+00
4.071082098973660379e+01,0.000000000000000000e+00
4.216817450450413673e+01,0.000000000000000000e+00
3.946000959240496542e+01,0.000000000000000000e+00
3.903882111428031010e+01,0.000000000000000000e+00
4.108840664452119285e+01,0.000000000000000000e+00
4.413722075331364181e+01,0.000000000000000000e+00
4.359987452515557038e+01,0.000000000000000000e+00
4.383578001363167687e+01,0.000000000000000000e+00
4.702271829135635528e+01,0.000000000000000000e+00
4.526903267925042229e+01,0.000000000000000000e+00
4.419911573841273622e+01,0.000000000000000000e+00
4.168926601605623006e+01,0.000000000000000000e+00
4.383068146674752086e+01,0.000000000000000000e+00
4.479962814113128644e+01,0.000000000000000000e+00
3.980282153511172538e+01,0.000000000000000000e+00
4.258560711771175988e+01,0.000000000000000000e+00
4.418240046980687907e+01,0.000000000000000000e+00
4.807200374628335027e+01,0.000000000000000000e+00
4.186542785858536320e+01,0.000000000000000000e+00
4.601096866464231283e+01,0.000000000000000000e+00
4.628591890674240972e+01,0.000000000000000000e+00
4.465911338487129711e+01,0.000000000000000000e+00
4.530518675100976367e+01,0.000000000000000000e+00
4.524181778299534074e+01,0.000000000000000000e+00
4.589632776497323619e+01,0.000000000000000000e+00
4.652341559507122781e+01,0.000000000000000000e+00
4.502533120511643716e+01,0.000000000000000000e+00
4.653225548134113865e+01,0.000000000000000000e+00
4.327645851531687526e+01,0.000000000000000000e+00
4.323601734697019339e+01,0.000000000000000000e+00
4.365708457657225949e+01,0.000000000000000000e+00
4.642148805767987341e+01,0.000000000000000000e+00
4.128536847151045919e+01,0.000000000000000000e+00
4.418390422664225525e+01,0.000000000000000000e+00
4.707931900645399281e+01,0.000000000000000000e+00
4.366014468623892952e+01,0.000000000000000000e+00
4.159262454241160611e+01,0.000000000000000000e+00
4.726926276665196980e+01,0.000000000000000000e+00
4.556934433382472349e+01,0.000000000000000000e+00
4.254456251385490617e+01,0.000000000000000000e+00
4.560892552980421044e+01,0.000000000000000000e+00
4.638565415592935892e+01,0.000000000000000000e+00
4.228945656878199344e+01,0.000000000000000000e+00
4.381283659408313724e+01,0.000000000000000000e+00
4.646084681079392453e+01,0.000000000000000000e+00
4.523526024229911258e+01,0.000000000000000000e+00
4.887714470812345979e+01,0.000000000000000000e+00
4.856639211718149340e+01,0.000000000000000000e+00
4.733529125383706315e+01,0.000000000000000000e+00
4.567812112655673218e+01,0.000000000000000000e+00
4.518934001901656927e+01,0.000000000000000000e+00
4.540836226925240737e+01,0.000000000000000000e+00
4.524556501209379178e+01,0.000000000000000000e+00
4.734662274408171356e+01,0.000000000000000000e+00
5.059172364321047155e+01,0.000000000000000000e+00
5.042236603342909262e+01,0.000000000000000000e+00
4.740122845918325112e+01,0.000000000000000000e+00
4.754374187588349088e+01,0.000000000000000000e+00
4.598004738846803008e+01,0.000000000000000000e+00
4.456652467001778462e+01,0.000000000000000000e+00
4.455663277430871716e+01,0.000000000000000000e+00
4.358948456564455398e+01,0.000000000000000000e+00
4.829017165190510497e+01,0.000000000000000000e+00
4.485576556782923774e+01,0.000000000000000000e+00
4.795576264581521286e+01,0.000000000000000000e+00
4.823944837354502368e+01,0.000000000000000000e+00
5.050469019689229810e+01,0.000000000000000000e+00
4.809356046674793816e+01,0.000000000000000000e+00
4.619230949075276982e+01,0.000000000000000000e+00
4.719785429983164704e+01,0.000000000000000000e+00
4.777117937122235247e+01,0.000000000000000000e+00
5.164305326629736470e+01,0.000000000000000000e+00
4.625208119398442363e+01,0.000000000000000000e+00
4.706189918818517270e+01,0.000000000000000000e+00
4.570400929192666695e+01,0.000000000000000000e+00
4.727675413043328234e+01,0.000000000000000000e+00
4.734606252663245129e+01,0.000000000000000000e+00
4.681243538924988457e+01,0.000000000000000000e+00
4.957358481788777738e+01,0.000000000000000000e+00
4.572484386421704272e+01,0.000000000000000000e+00
4.703619776908024619e+01,0.000000000000000000e+00
4.805274526122235557e+01,0.000000000000000000e+00
4.795326252365448028e+01,0.000000000000000000e+00
4.951028095221945335e+01,0.000000000000000000e+00
4.526133377838686300e+01,0.000000000000000000e+00
4.585633905411968669e+01,0.000000000000000000e+00
4.704667550177628499e+01,0.000000000000000000e+00
4.914423646946150370e+01,0.000000000000000000e+00
4.948951675382244986e+01,0.000000000000000000e+00
5.070607258475998691e+01,0.000000000000000000e+00
5.196822796033813319e+01,0.000000000000000000e+00
4.732558643728245329e+01,0.000000000000000000e+00
5.131931767030980751e+01,0.000000000000000000e+00
5.045817944403842858e+01,0.000000000000000000e+00
4.818363969107461031e+01,0.000000000000000000e+00
5.162288022105383334e+01,0.000000000000000000e+00
4.990048525537571322e+01,0.000000000000000000e+00
4.900251051071411723e+01,0.000000000000000000e+00
4.880394774135769609e+01,0.000000000000000000e+00
4.941487623206079149e+01,0.000000000000000000e+00
5.381365012767930978e+01,0.000000000000000000e+00
5.255684299606938481e+01,0.000000000000000000e+00
5.243550854944111705e+01,0.000000000000000000e+00
5.216469944898840083e+01,0.000000000000000000e+00
4.783954287583319598e+01,0.000000000000000000e+00
4.954563619369341154e+01,0.000000000000000000e+00
5.049463406311866009e+01,0.000000000000000000e+00
5.283995313351238821e+01,0.000000000000000000e+00
4.810286994063228150e+01,0.000000000000000000e+00
4.834886041149906077e+01,0.000000000000000000e+00
4.959032787537874754e+01,0.000000000000000000e+00
5.633174915454817722e+01,0.000000000000000000e+00
5.130197684031961813e+01,0.000000000000000000e+00
5.094095802322699740e+01,0.000000000000000000e+00
5.043984504771936628e+01,0.000000000000000000e+00
4.810729330693446570e+01,0.000000000000000000e+00
5.227082577079656289e+01,0.000000000000000000e+00
5.213836389492366408e+01,0.000000000000000000e+00
5.158458683078206519e+01,0.000000000000000000e+00
5.057213081871999805e+01,0.000000000000000000e+00
5.264351394398821782e+01,0.000000000000000000e+00
5.138058757119670616e+01,0.000000000000000000e+00
5.427047439521950878e+01,0.000000000000000000e+00
4.999808049870008375e+01,0.000000000000000000e+00
5.098768822951632274e+01,0.000000000000000000e+00
4.768205532895522225e+01,0.000000000000000000e+00
5.314642490043219425e+01,0.000000000000000000e+00
4.829355542845150495e+01,0.000000000000000000e+00
5.135553742405302557e+01,0.000000000000000000e+00
5.574500601283910584e+01,0.000000000000000000e+00
5.413212798826683070e+01,0.000000000000000000e+00
5.180856083061421202e+01,0.000000000000000000e+00
4.945670782307156799e+01,0.000000000000000000e+00
5.282583390115751598e+01,0.000000000000000000e+00
5.512480812193135193e+01,0.000000000000000000e+00
5.422788760298095667e+01,0.000000000000000000e+00
5.233634941203660418e+01,0.000000000000000000e+00
5.353244259606874778e+01,0.000000000000000000e+00
5.564923282581143127e+01,0.000000000000000000e+00
5.316308316998186001e+01,0.000000000000000000e+00
5.680528695050200128e+01,0.000000000000000000e+00
5.103229998085637220e+01,0.000000000000000000e+00
5.130954920856194690e+01,0.000000000000000000e+00
5.204728621832708768e+01,0.000000000000000000e+00
5.695983262742889508e+01,0.000000000000000000e+00
5.134973230043409842e+01,0.000000000000000000e+00
5.567205736388196158e+01,0.000000000000000000e+00
5.403495471518135673e+01,0.000000000000000000e+00
5.352590020393134296e+01,0.000000000000000000e+00
5.736787934815035328e+01,0.000000000000000000e+00
5.415577431444422274e+01,0.000000000000000000e+00
5.369953303819684720e+01,0.000000000000000000e+00
5.236485117616356888e+01,0.000000000000000000e+00
5.434053129912639690e+01,0.000000000000000000e+00
5.268791791915680989e+01,0.000000000000000000e+00
5.907488244342398787e+01,0.000000000000000000e+00
5.602120013323244763e+01,0.000000000000000000e+00
5.567527439353127505e+01,0.000000000000000000e+00
5.327949667045403004e+01,0.000000000000000000e+00
5.451145515906372907e+01,0.000000000000000000e+00
5.524442900071144180e+01,0.000000000000000000e+00
5.474266533476669139e+01,0.000000000000000000e+00
5.488147306953325710e+01,0.000000000000000000e+00
5.875280766564299029e+01,0.000000000000000000e+00
5.268537484346158806e+01,0.000000000000000000e+00
5.784808440900990689e+01,0.000000000000000000e+00
5.672145420800634952e+01,0.000000000000000000e+00
5.521901817901878218e+01,0.000000000000000000e+00
5.557254325351407687e+01,0.000000000000000000e+00
5.439975660631256460e+01,0.000000000000000000e+00
5.648648783016352581e+01,0.000000000000000000e+00
5.773115076864863227e+01,0.000000000000000000e+00
5.475118693661900693e+01,0.000000000000000000e+00
5.587095639167725381e+01,0.000000000000000000e+00
5.689530582351886778e+01,0.000000000000000000e+00
5.541711189427806517e+01,0.000000000000000000e+00
5.708057982643099137e+01,0.000000000000000000e+00
5.498644849384459121e+01,0.000000000000000000e+00
5.823128869176485267e+01,0.000000000000000000e+00
5.964269171642557410e+01,0.000000000000000000e+00
5.770071461934678325e+01,0.000000000000000000e+00
5.743977456743358800e+01,0.000000000000000000e+00
5.725155424140513105e+01,0.000000000000000000e+00
5.410712244206761312e+01,0.000000000000000000e+00
5.576987389802395256e+01,0.000000000000000000e+00
5.669217414181977688e+01,0.000000000000000000e+00
5.651694441655763512e+01,0.000000000000000000e+00
5.843087102815285760e+01,0.000000000000000000e+00
5.742603832325814750e+01,0.000000000000000000e+00
5.601797086427406214e+01,0.000000000000000000e+00
5.635396158204462580e+01,0.000000000000000000e+00
6.005755965923752626e+01,0.000000000000000000e+00
5.852812332511885529e+01,0.000000000000000000e+00
5.739551852132650112e+01,0.000000000000000000e+00
6.113318354347305927e+01,0.000000000000000000e+00
5.719849477811574445e+01,0.000000000000000000e+00
5.680719837597089850e+01,0.000000000000000000e+00
6.175882170000822668e+01,0.000000000000000000e+00
6.146851905880968303e+01,0.000000000000000000e+00
5.963996033374205297e+01,0.000000000000000000e+00
5.965859621102902821e+01,0.000000000000000000e+00
6.113722985829149081e+01,0.000000000000000000e+00
5.620735340841267202e+01,0.000000000000000000e+00
5.992199755958296947e+01,0.000000000000000000e+00
5.929856456348947802e+01,0.000000000000000000e+00
6.062444511573709605e+01,0.000000000000000000e+00
6.178904882667352183e+01,0.000000000000000000e+00
5.859784895450260933e+01,0.000000000000000000e+00
5.844478900261745480e+01,0.000000000000000000e+00
5.531506162704440754e+01,0.000000000000000000e+00
5.820996566987223986e+01,0.000000000000000000e+00
5.797362273210399763e+01,0.000000000000000000e+00
6.029311107557670368e+01,0.000000000000000000e+00
6.032329510118591998e+01,0.000000000000000000e+00
6.293946657932015398e+01,0.000000000000000000e+00
5.792433473812131695e+01,0.000000000000000000e+00
5.868444064813558469e+01,0.000000000000000000e+00
5.981730214529918754e+01,0.000000000000000000e+00
5.960752977012350584e+01,0.000000000000000000e+00
5.969854873025531106e+01,0.000000000000000000e+00
6.276813181375728590e+01,0.000000000000000000e+00
5.786372123748274277e+01,0.000000000000000000e+00
6.114045218088434552e+01,0.000000000000000000e+00
6.217848369992592694e+01,0.000000000000000000e+00
5.953399965069885980e+01,0.000000000000000000e+00
6.081260374667287039e+01,0.000000000000000000e+00
5.831267294107228594e+01,0.000000000000000000e+00
6.167220578973426370e+01,0.000000000000000000e+00
5.901219563601203788e+01,0.000000000000000000e+00
6.018537775542917956e+01,0.000000000000000000e+00
6.070522799960111371e+01,0.000000000000000000e+00
6.021806725832615115e+01,0.000000000000000000e+00
6.129688834300594635e+01,0.000000000000000000e+00
6.041026353306270380e+01,0.000000000000000000e+00
6.317248759343368647e+01,0.000000000000000000e+00
6.299219054766790293e+01,0.000000000000000000e+00
6.147360214738954198e+01,0.000000000000000000e+00
6.265013548789639941e+01,0.000000000000000000e+00
6.285962284495474250e+01,0.000000000000000000e+00
6.121498612814104945e+01,0.000000000000000000e+00
6.222152152548404302e+01,0.000000000000000000e+00
5.965842852064048429e+01,0.000000000000000000e+00
6.171155283532743852e+01,0.000000000000000000e+00
5.933863689917851048e+01,0.000000000000000000e+00
6.342880138197058670e+01,0.000000000000000000e+00
6.336396024349603806e+01,0.000000000000000000e+00
5.759098569565028924e+01,0.000000000000000000e+00
6.156935326298845013e+01,0.000000000000000000e+00
6.193456379052409488e+01,0.000000000000000000e+00
6.384134777227750845e+01,0.000000000000000000e+00
5.984562694188753085e+01,0.000000000000000000e+00
6.347375373505744278e+01,0.000000000000000000e+00
6.314015142824145954e+01,0.000000000000000000e+00
6.328162512924605920e+01,0.000000000000000000e+00
6.253353146907590343e+01,0.000000000000000000e+00
6.213545983556758046e+01,0.000000000000000000e+00
6.639252825439272954e+01,0.000000000000000000e+00
6.021412176638221325e+01,0.000000000000000000e+00
6.018355485118956949e+01,0.000000000000000000e+00
6.387495099752790395e+01,0.000000000000000000e+00
6.491837932497611519e+01,0.000000000000000000e+00
6.184480006872880864e+01,0.000000000000000000e+00
6.501548353691038074e+01,0.000000000000000000e+00
6.599503924951430633e+01,0.000000000000000000e+00
6.542403461785011132e+01,0.000000000000000000e+00
6.319609916385598325e+01,0.000000000000000000e+00
5.969677231696244490e+01,0.000000000000000000e+00
6.270156426089011603e+01,0.000000000000000000e+00
6.254994466158423450e+01,0.000000000000000000e+00
6.546451121942804718e+01,0.000000000000000000e+00
6.758495939335769265e+01,0.000000000000000000e+00
6.450716540808446098e+01,0.000000000000000000e+00
6.580260864897960005e+01,0.000000000000000000e+00
6.539730406488969550e+01,0.000000000000000000e+00
6.151464810694307062e+01,0.000000000000000000e+00
6.357645442694947491e+01,0.000000000000000000e+00
6.383763310556378201e+01,0.000000000000000000e+00
6.626129169907312644e+01,0.000000000000000000e+00
6.242334141143700776e+01,0.000000000000000000e+00
6.161135166186220147e+01,0.000000000000000000e+00
6.722957621658204630e+01,0.000000000000000000e+00
6.710721640977482139e+01,0.000000000000000000e+00
6.145371855432406960e+01,0.000000000000000000e+00
6.185720584614148976e+01,0.000000000000000000e+00
6.315439560559340038e+01,0.000000000000000000e+00
6.429085553204207315e+01,0.000000000000000000e+00
6.759850918799158137e+01,0.000000000000000000e+00
6.763228710177563130e+01,0.000000000000000000e+00
6.729448185464507048e+01,0.000000000000000000e+00
6.637891878773720578e+01,0.000000000000000000e+00
6.362761108309570801e+01,0.000000000000000000e+00
6.608180816896560827e+01,0.000000000000000000e+00
6.456535898527030781e+01,0.000000000000000000e+00
6.459747613741177474e+01,0.000000000000000000e+00
6.481424881452778664e+01,0.000000000000000000e+00
6.532206627897674878e+01,0.000000000000000000e+00
6.226673461959591549e+01,0.000000000000000000e+00
7.025804504242559290e+01,0.000000000000000000e+00
6.494397305870650428e+01,0.000000000000000000e+00
6.802571835811089329e+01,0.000000000000000000e+00
6.623618732846840373e+01,0.000000000000000000e+00
6.622451227536011231e+01,0.000000000000000000e+00
6.527142829896264686e+01,0.000000000000000000e+00
6.673460191918350404e+01,0.000000000000000000e+00
6.676529937544198390e+01,0.000000000000000000e+00
6.966511230658751685e+01,0.000000000000000000e+00
6.487916316472107781e+01,0.000000000000000000e+00
6.758421635780312897e+01,0.000000000000000000e+00
6.514888949909044413e+01,0.000000000000000000e+00
6.661105464788043662e+01,0.000000000000000000e+00
6.351676412690842000e+01,0.000000000000000000e+00
6.766872758371850693e+01,0.000000000000000000e+00
6.407740422844243255e+01,0.000000000000000000e+00
6.667287988642885921e+01,0.000000000000000000e+00
6.643673065088657381e+01,0.000000000000000000e+00
6.610395765857043671e+01,0.000000000000000000e+00
6.439241511982406507e+01,0.000000000000000000e+00
6.575982623906131153e+01,0.000000000000000000e+00
7.015404521998611642e+01,0.000000000000000000e+00
6.567818396680544879e+01,0.000000000000000000e+00
6.641988204319811473e+01,0.000000000000000000e+00
6.852657718575473211e+01,0.000000000000000000e+00
6.644923028029742795e+01,0.000000000000000000e+00
6.967014614208598289e+01,0.000000000000000000e+00
6.645998698590595666e+01,0.000000000000000000e+00
6.317413261729790719e+01,0.000000000000000000e+00
6.710232767944127374e+01,0.000000000000000000e+00
6.466573378991407139e+01,0.000000000000000000e+00
6.576193285739545047e+01,0.000000000000000000e+00
6.446676326094392095e+01,0.000000000000000000e+00
6.636573345113760070e+01,0.000000000000000000e+00
6.874553013914588462e+01,0.000000000000000000e+00
6.488275987126085909e+01,0.000000000000000000e+00
7.011676646089192388e+01,0.000000000000000000e+00
7.019901622348022840e+01,0.000000000000000000e+00
7.047054811667780427e+01,0.000000000000000000e+00
6.876271695013701901e+01,0.000000000000000000e+00
6.227034639010764749e+01,0.000000000000000000e+00
6.763189347424130915e+01,0.000000000000000000e+00
6.847082932940014643e+01,0.000000000000000000e+00
6.709404769618625153e+01,0.000000000000000000e+00
6.765236022432898721e+01,0.000000000000000000e+00
7.045463976814059492e+01,0.000000000000000000e+00
6.573766584192678408e+01,0.000000000000000000e+00
6.543185042521866990e+01,0.000000000000000000e+00
6.864704483442856997e+01,0.000000000000000000e+00
6.834385980771948255e+01,0.000000000000000000e+00
6.887612866804276734e+01,0.000000000000000000e+00
6.952344643744024211e+01,0.000000000000000000e+00
6.905106628067959207e+01,0.000000000000000000e+00
7.005785674098602556e+01,0.000000000000000000e+00
6.810112248808930246e+01,0.000000000000000000e+00
7.373511708449051127e+01,0.000000000000000000e+00
6.796481124168457200e+01,0.000000000000000000e+00
7.107644395742011056e+01,0.000000000000000000e+00
7.002175287737894394e+01,0.000000000000000000e+00
7.194819457385885642e+01,0.000000000000000000e+00
7.317531318560756404e+01,0.000000000000000000e+00
7.078776689985519965e+01,0.000000000000000000e+00
6.879469119078228800e+01,0.000000000000000000e+00
6.667103537997384421e+01,0.000000000000000000e+00
6.647196009802715366e+01,0.000000000000000000e+00
7.192395272527903671e+01,0.000000000000000000e+00
7.104348317969741800e+01,0.000000000000000000e+00
6.920330475379277857e+01,0.000000000000000000e+00
6.899622504327103911e+01,0.000000000000000000e+00
7.210723768689271651e+01,0.000000000000000000e+00
6.710805168523305042e+01,0.000000000000000000e+00
7.298578184152071913e+01,0.000000000000000000e+00
7.275145320946873539e+01,0.000000000000000000e+00
7.108737818470767422e+01,0.000000000000000000e+00
7.248226678139788248e+01,0.000000000000000000e+00
7.279673628787853090e+01,0.000000000000000000e+00
7.045045491072386312e+01,0.000000000000000000e+00
7.663248213009353549e+01,0.000000000000000000e+00
7.007295468250487147e+01,0.000000000000000000e+00
6.770680192960942634e+01,0.000000000000000000e+00
7.179560035244682581e+01,0.000000000000000000e+00
6.882902653141583471e+01,0.000000000000000000e+00
7.004790026115259138e+01,0.000000000000000000e+00
7.226140041324198648e+01,0.000000000000000000e+00
7.178763255248624375e+01,0.000000000000000000e+00
7.325295115226980158e+01,0.000000000000000000e+00
6.853332858889011447e+01,0.000000000000000000e+00
7.106268496351853514e+01,0.000000000000000000e+00
7.272193709313334864e+01,0.000000000000000000e+00
6.963036424949346781e+01,0.000000000000000000e+00
7.169999637782548518e+01,0.000000000000000000e+00
6.876849951802201133e+01,0.000000000000000000e+00
7.060726663528799918e+01,0.000000000000000000e+00
7.015663840727101785e+01,0.000000000000000000e+00
7.519075131380415655e+01,0.000000000000000000e+00
7.360275531360696277e+01,0.000000000000000000e+00
7.260371249301333307e+01,0.000000000000000000e+00
6.908076549337475569e+01,0.000000000000000000e+00
7.115649564119424042e+01,0.000000000000000000e+00
7.243136335310580876e+01,0.000000000000000000e+00
7.064811422335168345e+01,0.000000000000000000e+00
7.030698999600170396e+01,0.000000000000000000e+00
7.255249423982985491e+01,0.000000000000000000e+00
7.271453811174363580e+01,0.000000000000000000e+00
7.496227436362295293e+01,0.000000000000000000e+00
7.213581353675697017e+01,0.000000000000000000e+00
7.168949425780716922e+01,0.000000000000000000e+00
7.423761947614993062e+01,0.000000000000000000e+00
7.097537661695173483e+01,0.000000000000000000e+00
7.322815150754331626e+01,0.000000000000000000e+00
7.142252482868811114e+01,0.000000000000000000e+00
6.986156122009221292e+01,0.000000000000000000e+00
7.341440218217370273e+01,0.000000000000000000e+00
7.119340278248317588e+01,0.000000000000000000e+00
7.216226998668027193e+01,0.000000000000000000e+00
7.217990251405842628e+01,0.000000000000000000e+00
7.641198530998099159e+01,0.000000000000000000e+00
7.117304978916141067e+01,0.000000000000000000e+00
7.344990483925755598e+01,0.000000000000000000e+00
6.906870905625237356e+01,0.000000000000000000e+00
7.410957889096735585e+01,0.000000000000000000e+00
7.265176332785343050e+01,0.000000000000000000e+00
7.380886791850011264e+01,0.000000000000000000e+00
7.428781915989391393e+01,0.000000000000000000e+00
7.555614266691897285e+01,0.000000000000000000e+00
7.273548064403814806e+01,0.000000000000000000e+00
7.437320625638194826e+01,0.000000000000000000e+00
7.152745407142536749e+01,0.000000000000000000e+00
7.251744319984052822e+01,0.000000000000000000e+00
7.129681748053631907e+01,0.000000000000000000e+00
7.411664270979999003e+01,0.000000000000000000e+00
7.319503420181551689e+01,0.000000000000000000e+00
6.780583857900795408e+01,0.000000000000000000e+00
7.008564324201903162e+01,0.000000000000000000e+00
7.205260867242785139e+01,0.000000000000000000e+00
7.585187140587376575e+01,0.000000000000000000e+00
7.388546147056365498e+01,0.000000000000000000e+00
7.490883940985649758e+01,0.000000000000000000e+00
7.702778195100697189e+01,0.000000000000000000e+00
7.442866143134973811e+01,0.000000000000000000e+00
6.829593245904827370e+01,0.000000000000000000e+00
7.354048661018168787e+01,0.000000000000000000e+00
7.111274459770116607e+01,0.000000000000000000e+00
7.217360734398994282e+01,0.000000000000000000e+00
7.595802853594862825e+01,0.000000000000000000e+00
7.331061768976414328e+01,0.000000000000000000e+00
7.688480322710645964e+01,0.000000000000000000e+00
7.670718719187995305e+01,0.000000000000000000e+00
7.921355147256139162e+01,0.000000000000000000e+00
7.176793210127001998e+01,0.000000000000000000e+00
7.617597527284492287e+01,0.000000000000000000e+00
7.553010058172165486e+01,0.000000000000000000e+00
7.204577115811294163e+01,0.000000000000000000e+00
7.703470273225646281e+01,0.000000000000000000e+00
7.013218144759783002e+01,0.000000000000000000e+00
7.247804784672669598e+01,0.000000000000000000e+00
7.787707937590428742e+01,0.000000000000000000e+00
7.531630216479916839e+01,0.000000000000000000e+00
7.262760327203879740e+01,0.000000000000000000e+00
7.587072442751045287e+01,0.000000000000000000e+00
7.526383760620994678e+01,0.000000000000000000e+00
7.213505792108612980e+01,0.000000000000000000e+00
7.586131599071470077e+01,0.000000000000000000e+00
7.520906250881034794e+01,0.000000000000000000e+00
7.607411818476728627e+01,0.000000000000000000e+00
7.554220387613945320e+01,0.000000000000000000e+00
7.513925068279316122e+01,0.000000000000000000e+00
7.582745526806706948e+01,0.000000000000000000e+00
7.685943783133626539e+01,0.000000000000000000e+00
7.810791421935448398e+01,0.000000000000000000e+00
7.378384381844736595e+01,0.000000000000000000e+00
7.441686848550205013e+01,0.000000000000000000e+00
7.913070320071952324e+01,0.000000000000000000e+00
7.580272608486387753e+01,0.000000000000000000e+00
7.526506814751124352e+01,0.000000000000000000e+00
7.562612097194937633e+01,0.000000000000000000e+00
8.036661093491510144e+01,0.000000000000000000e+00
7.579730095960933056e+01,0.000000000000000000e+00
8.060658375743268778e+01,0.000000000000000000e+00
7.517032727083027055e+01,0.000000000000000000e+00
7.889632151443764485e+01,0.000000000000000000e+00
7.624313155294738920e+01,0.000000000000000000e+00
7.243400329087589284e+01,0.000000000000000000e+00
7.393158571745689756e+01,0.000000000000000000e+00
7.767819184177629666e+01,0.000000000000000000e+00
7.691578331150495274e+01,0.000000000000000000e+00
7.619213241408392889e+01,0.000000000000000000e+00
7.461044797638035675e+01,0.000000000000000000e+00
7.594493017293629578e+01,0.000000000000000000e+00
7.764358739773514628e+01,0.000000000000000000e+00
8.040821221811668806e+01,0.000000000000000000e+00
7.294767050244971074e+01,0.000000000000000000e+00
7.535061507905417955e+01,0.000000000000000000e+00
7.262830556258442982e+01,0.000000000000000000e+00
7.960302371768923990e+01,0.000000000000000000e+00
8.055782174720404498e+01,0.000000000000000000e+00
7.718988633914480602e+01,0.000000000000000000e+00
7.380591147233162985e+01,0.000000000000000000e+00
7.643064257671703388e+01,0.000000000000000000e+00
7.823988000112002794e+01,0.000000000000000000e+00
7.540020177000104695e+01,0.000000000000000000e+00
7.764534165132967303e+01,0.000000000000000000e+00
7.585548302069530280e+01,0.000000000000000000e+00
7.294779274611954634e+01,0.000000000000000000e+00
7.671979846435836237e+01,0.000000000000000000e+00
7.609287998336763792e+01,0.000000000000000000e+00
7.535312541195811775e+01,0.000000000000000000e+00
7.573836020601332564e+01,0.000000000000000000e+00
8.044542245536987934e+01,0.000000000000000000e+00
7.523450144460359468e+01,0.000000000000000000e+00
7.694712806957376472e+01,0.000000000000000000e+00
7.793040984882789246e+01,0.000000000000000000e+00
7.668488653216701323e+01,0.000000000000000000e+00
7.629425471106432610e+01,0.000000000000000000e+00
7.819826553460991647e+01,0.000000000000000000e+00
7.762665404741672148e+01,0.000000000000000000e+00
7.893487102737124417e+01,0.000000000000000000e+00
7.327420473945484503e+01,0.000000000000000000e+00
7.859294807499222202e+01,0.000000000000000000e+00
7.951967997847583547e+01,0.000000000000000000e+00
7.811768793488160156e+01,0.000000000000000000e+00
7.543468213620909069e+01,0.000000000000000000e+00
7.698016201590888841e+01,0.000000000000000000e+00
7.858286179965800500e+01,0.000000000000000000e+00
7.777214022130586102e+01,0.000000000000000000e+00
7.789096926813419941e+01,0.000000000000000000e+00
7.420106484388715273e+01,0.000000000000000000e+00
7.909431116767984804e+01,0.000000000000000000e+00
7.563171520659089708e+01,0.000000000000000000e+00
7.411413416569300239e+01,0.000000000000000000e+00
7.728904475907168603e+01,0.000000000000000000e+00
7.847323818045185817e+01,0.000000000000000000e+00
7.732037699180017398e+01,0.000000000000000000e+00
8.011747203456982902e+01,0.000000000000000000e+00
7.667671382048246187e+01,0.000000000000000000e+00
8.059194409628943845e+01,0.000000000000000000e+00
7.364906893070700278e+01,0.000000000000000000e+00
7.726781995273414338e+01,0.000000000000000000e+00
8.182203935575905973e+01,0.000000000000000000e+00
7.302326395442851492e+01,0.000000000000000000e+00
7.738804949506187825e+01,0.000000000000000000e+00
7.514395534640132723e+01,0.000000000000000000e+00
7.745666051185537526e+01,0.000000000000000000e+00
7.319207063543554170e+01,0.000000000000000000e+00
7.569095875725710698e+01,0.000000000000000000e+00
7.573430512539617609e+01,0.000000000000000000e+00
8.191170844433145248e+01,0.000000000000000000e+00
8.027211426399415473e+01,0.000000000000000000e+00
7.448690080200276498e+01,0.000000000000000000e+00
7.553262430116575388e+01,0.000000000000000000e+00
7.846890439308432974e+01,0.000000000000000000e+00
7.769498469642972793e+01,0.000000000000000000e+00
8.109748178138922015e+01,0.000000000000000000e+00
7.526167391731367218e+01,0.000000000000000000e+00
8.145318451153750061e+01,0.000000000000000000e+00
7.971387829988748308e+01,0.000000000000000000e+00
7.906850790588453037e+01,0.000000000000000000e+00
8.135310269710500108e+01,0.000000000000000000e+00
7.528082441436902172e+01,0.000000000000000000e+00
7.628958468209242483e+01,0.000000000000000000e+00
7.863712294359650912e+01,0.000000000000000000e+00
7.868094822767972119e+01,0.000000000000000000e+00
8.098886402194300160e+01,0.000000000000000000e+00
7.831029171501357666e+01,0.000000000000000000e+00
7.708316015580875558e+01,0.000000000000000000e+00
8.217341053900855741e+01,0.000000000000000000e+00
7.773291976824965843e+01,0.000000000000000000e+00
8.084225738787189641e+01,0.000000000000000000e+00
7.657060920231941736e+01,0.000000000000000000e+00
8.145736468945699471e+01,0.000000000000000000e+00
8.350540005238866570e+01,0.000000000000000000e+00
7.716162172019751608e+01,0.000000000000000000e+00
8.002057084352949801e+01,0.000000000000000000e+00
7.623745173584991619e+01,0.000000000000000000e+00
7.944717968558904886e+01,0.000000000000000000e+00
7.943738892590525325e+01,0.000000000000000000e+00
7.626783942544719253e+01,0.000000000000000000e+00
7.743695674764728665e+01,0.000000000000000000e+00
7.802642500549940507e+01,0.000000000000000000e+00
7.849579195892701478e+01,0.000000000000000000e+00
8.076731405591952750e+01,0.000000000000000000e+00
8.120554129101267904e+01,0.000000000000000000e+00
8.054412436581255008e+01,0.000000000000000000e+00
7.603166658832748226e+01,0.000000000000000000e+00
7.757306357107289330e+01,0.000000000000000000e+00
7.922548700933917587e+01,0.000000000000000000e+00
7.728944717726358249e+01,0.000000000000000000e+00
7.729523329784534269e+01,0.000000000000000000e+00
8.004819602851716809e+01,0.000000000000000000e+00
8.016373275740990323e+01,0.000000000000000000e+00
8.053171442502137722e+01,0.000000000000000000e+00
7.927653979047130406e+01,0.000000000000000000e+00
7.983976898214393714e+01,0.000000000000000000e+00
8.062993418714785321e+01,0.000000000000000000e+00
7.865168223777239120e+01,0.000000000000000000e+00
7.350416840560824028e+01,0.000000000000000000e+00
8.374886694985421798e+01,0.000000000000000000e+00
7.699852673828179661e+01,0.000000000000000000e+00
8.167296502206386322e+01,0.000000000000000000e+00
8.148870035851881255e+01,0.000000000000000000e+00
8.038079318913547411e+01,0.000000000000000000e+00
7.760723611767454599e+01,0.000000000000000000e+00
8.257103311050650518e+01,0.000000000000000000e+00
8.030296763044236741e+01,0.000000000000000000e+00
7.669713432473619719e+01,0.000000000000000000e+00
8.225388002202822690e+01,0.000000000000000000e+00
7.799839725085894315e+01,0.000000000000000000e+00
7.615924766180337713e+01,0.000000000000000000e+00
7.870050257579048036e+01,0.000000000000000000e+00
7.895186360514429680e+01,0.000000000000000000e+00
7.985047050605884067e+01,0.000000000000000000e+00
7.855757332537625359e+01,0.000000000000000000e+00
7.812722461010116604e+01,0.000000000000000000e+00
7.801525079116710515e+01,0.000000000000000000e+00
7.939567078581367809e+01,0.000000000000000000e+00
7.888840156692856453e+01,0.000000000000000000e+00
7.913352752382712652e+01,0.000000000000000000e+00
7.988745373405944861e+01,0.000000000000000000e+00
7.868305829100056314e+01,0.000000000000000000e+00
8.232708498295589550e+01,0.000000000000000000e+00
8.039381460035750138e+01,0.000000000000000000e+00
7.820012327780307260e+01,0.000000000000000000e+00
7.895188653761690034e+01,0.000000000000000000e+00
7.832368466233977244e+01,0.000000000000000000e+00
8.096548679163402085e+01,0.000000000000000000e+00
7.960012109267157143e+01,0.000000000000000000e+00
7.758173998542125105e+01,0.000000000000000000e+00
7.972701699561167743e+01,0.000000000000000000e+00
8.017661770042523983e+01,0.000000000000000000e+00
7.845043603626074002e+01,0.000000000000000000e+00
8.032795294372239425e+01,0.000000000000000000e+00
7.559064664977485393e+01,0.000000000000000000e+00
8.004731441474285702e+01,0.000000000000000000e+00
8.085834069952390735e+01,0.000000000000000000e+00
8.008282615487503620e+01,0.000000000000000000e+00
7.550686957605960004e+01,0.000000000000000000e+00
8.296711978105362562e+01,0.000000000000000000e+00
7.997788642276914572e+01,0.000000000000000000e+00
8.214899780530322460e+01,0.000000000000000000e+00
8.419747322016577584e+01,0.000000000000000000e+00
7.555183697850345936e+01,0.000000000000000000e+00
8.330396643987077709e+01,0.000000000000000000e+00
7.886018311676862425e+01,0.000000000000000000e+00
8.016449051563242278e+01,0.000000000000000000e+00
7.963955593076354944e+01,0.000000000000000000e+00
7.864047552231215832e+01,0.000000000000000000e+00
8.104960188641159391e+01,0.000000000000000000e+00
7.937310672408899848e+01,0.000000000000000000e+00
8.086074963070807087e+01,0.000000000000000000e+00
7.865597752277848542e+01,0.000000000000000000e+00
8.028515429575840301e+01,0.000000000000000000e+00
7.814969941915364871e+01,0.000000000000000000e+00
8.003912272288880558e+01,0.000000000000000000e+00
7.835290137260678023e+01,0.000000000000000000e+00
7.986187479863957606e+01,0.000000000000000000e+00
8.188996407066640870e+01,0.000000000000000000e+00
7.739936203306729112e+01,0.000000000000000000e+00
7.834576215247629705e+01,0.000000000000000000e+00
8.257925981281171346e+01,0.000000000000000000e+00
8.148628502458112166e+01,0.000000000000000000e+00
8.079921071465058446e+01,0.000000000000000000e+00
8.196859148409254203e+01,0.000000000000000000e+00
8.355215160185100842e+01,0.000000000000000000e+00
8.050194685858976129e+01,0.000000000000000000e+00
8.100388172796269259e+01,0.000000000000000000e+00
8.143951270476482307e+01,0.000000000000000000e+00
8.164496793102246386e+01,0.000000000000000000e+00
8.310536652968843896e+01,0.000000000000000000e+00
7.616339557324258180e+01,0.000000000000000000e+00
7.361880796960238627e+01,0.000000000000000000e+00
7.969348571064831788e+01,0.000000000000000000e+00
8.064724648557633202e+01,0.000000000000000000e+00
7.711064713675776261e+01,0.000000000000000000e+00
7.788803491199251994e+01,0.000000000000000000e+00
7.719731325239342823e+01,0.000000000000000000e+00
7.809233426448885496e+01,0.000000000000000000e+00
7.948781172552301655e+01,0.000000000000000000e+00
8.128354563288117163e+01,0.000000000000000000e+00
7.879831854210698339e+01,0.000000000000000000e+00
7.985095440379548393e+01,0.000000000000000000e+00
8.004469861887271520e+01,0.000000000000000000e+00
8.063773370356457804e+01,0.000000000000000000e+00
8.046099559234157539e+01,0.000000000000000000e+00
8.280767320804498866e+01,0.000000000000000000e+00
7.960362167320229787e+01,0.000000000000000000e+00
7.958120259078093284e+01,0.000000000000000000e+00
8.001954197524369761e+01,0.000000000000000000e+00
7.905375830079927368e+01,0.000000000000000000e+00
7.899820610010198152e+01,0.000000000000000000e+00
7.848342736933555841e+01,0.000000000000000000e+00
7.729603117209698837e+01,0.000000000000000000e+00
8.151629871445197750e+01,0.000000000000000000e+00
8.189172326378373157e+01,0.000000000000000000e+00
7.701771003643514746e+01,0.000000000000000000e+00
8.004006857214633897e+01,0.000000000000000000e+00
7.958539772461141126e+01,0.000000000000000000e+00
8.055384722529990427e+01,0.000000000000000000e+00
8.077684537794470998e+01,0.000000000000000000e+00
7.689586459449486711e+01,0.000000000000000000e+00
7.752977746007918824e+01,0.000000000000000000e+00
8.060823085889902018e+01,0.000000000000000000e+00
8.004308585107290241e+01,0.000000000000000000e+00
8.065270040102709004e+01,0.000000000000000000e+00
7.965982124173213208e+01,0.000000000000000000e+00
8.043953315554227856e+01,0.000000000000000000e+00
7.869826173860759866e+01,0.000000000000000000e+00
8.027347276126286602e+01,0.000000000000000000e+00
8.302921854327249207e+01,0.000000000000000000e+00
7.804774503081381454e+01,0.000000000000000000e+00
8.150090480004681126e+01,0.000000000000000000e+00
8.044473993959533686e+01,0.000000000000000000e+00
8.010276598756414046e+01,0.000000000000000000e+00
7.833608531369795003e+01,0.000000000000000000e+00
8.357377219347587527e+01,0.000000000000000000e+00
8.118952092286812672e+01,0.000000000000000000e+00
7.974072962701188771e+01,0.000000000000000000e+00
8.217583223361467049e+01,0.000000000000000000e+00
8.237123853957054109e+01,0.000000000000000000e+00
7.849799521747752351e+01,0.000000000000000000e+00
8.129833256209164460e+01,0.000000000000000000e+00
7.938205634339105643e+01,0.000000000000000000e+00
7.740083792087688153e+01,0.000000000000000000e+00
7.817863450836978245e+01,0.000000000000000000e+00
7.699178006771234095e+01,0.000000000000000000e+00
8.308682288689948336e+01,0.000000000000000000e+00
7.964802416622977432e+01,0.000000000000000000e+00
7.273441554841555501e+01,0.000000000000000000e+00
7.993077162170638417e+01,0.000000000000000000e+00
7.794810597149873388e+01,0.000000000000000000e+00
7.970399564435891193e+01,0.000000000000000000e+00
7.991165226251293063e+01,0.000000000000000000e+00
8.051384957536326681e+01,0.000000000000000000e+00
7.675760296880355327e+01,0.000000000000000000e+00
7.915636674640160209e+01,0.000000000000000000e+00
7.890846434229770523e+01,0.000000000000000000e+00
7.948980928991231565e+01,0.000000000000000000e+00
8.257707117187337076e+01,0.000000000000000000e+00
8.253684789556608337e+01,0.000000000000000000e+00
7.830030800022099413e+01,0.000000000000000000e+00
7.998601913876960623e+01,0.000000000000000000e+00
7.807638007758183107e+01,0.000000000000000000e+00
7.735274183119295799e+01,0.000000000000000000e+00
7.684019999652386446e+01,0.000000000000000000e+00
7.855331084147167076e+01,0.000000000000000000e+00
7.863607012841578126e+01,0.000000000000000000e+00
8.149476491506554510e+01,0.000000000000000000e+00
8.101664722218315262e+01,0.000000000000000000e+00
7.465503835244483355e+01,0.000000000000000000e+00
8.279119157084133462e+01,0.000000000000000000e+00
7.906637159770738776e+01,0.000000000000000000e+00
7.640369181342165916e+01,0.000000000000000000e+00
7.866351579617619905e+01,0.000000000000000000e+00
8.283865358090748998e+01,0.000000000000000000e+00
7.894291696353830901e+01,0.000000000000000000e+00
8.160317047220765119e+01,0.000000000000000000e+00
7.787736308465198931e+01,0.000000000000000000e+00
8.098634114993241440e+01,0.000000000000000000e+00
7.773904970857982732e+01,0.000000000000000000e+00
7.578791761569394225e+01,0.000000000000000000e+00
7.811760283042568176e+01,0.000000000000000000e+00
8.081395941920163750e+01,0.000000000000000000e+00
7.861537169761969324e+01,0.000000000000000000e+00
8.038637637720276530e+01,0.000000000000000000e+00
8.386029633907675418e+01,0.000000000000000000e+00
8.085944261236502939e+01,0.000000000000000000e+00
7.975487552007105307e+01,0.000000000000000000e+00
7.868102091504682960e+01,0.000000000000000000e+00
8.342801500943022575e+01,0.000000000000000000e+00
7.944719120058762485e+01,0.000000000000000000e+00
7.715292503100273791e+01,0.000000000000000000e+00
7.648984615499828976e+01,0.000000000000000000e+00
8.279815855688181614e+01,0.000000000000000000e+00
7.943040611876865853e+01,0.000000000000000000e+00
8.288850259360010853e+01,0.000000000000000000e+00
8.058547109585424550e+01,0.000000000000000000e+00
7.774642260036159769e+01,0.000000000000000000e+00
8.234005453357069371e+01,0.000000000000000000e+00
7.938998658424389987e+01,0.000000000000000000e+00
8.006444667358503864e+01,0.000000000000000000e+00
7.820534058573782943e+01,0.000000000000000000e+00
7.965079643376728313e+01,0.000000000000000000e+00
8.074733211671124877e+01,0.000000000000000000e+00
7.984635015440588290e+01,0.000000000000000000e+00
7.925070676524681801e+01,0.000000000000000000e+00
7.849591661530527631e+01,0.000000000000000000e+00
7.669049379093989671e+01,0.000000000000000000e+00
7.656829114626201260e+01,0.000000000000000000e+00
7.938320936844361597e+01,0.000000000000000000e+00
7.568692691549969709e+01,0.000000000000000000e+00
7.988463194201699480e+01,0.000000000000000000e+00
7.698078047350125530e+01,0.000000000000000000e+00
7.906027148921279490e+01,0.000000000000000000e+00
7.909741292663964884e+01,0.000000000000000000e+00
7.878270218802066438e+01,0.000000000000000000e+00
7.763426829304074772e+01,0.000000000000000000e+00
7.738252820343630844e+01,0.000000000000000000e+00
7.936864068247592741e+01,0.000000000000000000e+00
7.940506822396436348e+01,0.000000000000000000e+00
7.771311939713976358e+01,0.000000000000000000e+00
8.082589206292837503e+01,0.000000000000000000e+00
7.944984374555893680e+01,0.000000000000000000e+00
7.726946981792420388e+01,0.000000000000000000e+00
7.909152442668795402e+01,0.000000000000000000e+00
8.125362741881671980e+01,0.000000000000000000e+00
7.725449039806159135e+01,0.000000000000000000e+00
7.580656372191231185e+01,0.000000000000000000e+00
8.018371676110780299e+01,0.000000000000000000e+00
7.783424793559117916e+01,0.000000000000000000e+00
8.082001994192545169e+01,0.000000000000000000e+00
7.853587806327961118e+01,0.000000000000000000e+00
7.671597667678784660e+01,0.000000000000000000e+00
7.845636668921645196e+01,0.000000000000000000e+00
7.735687154500737961e+01,0.000000000000000000e+00
7.457605311593241026e+01,0.000000000000000000e+00
7.872216331956759916e+01,0.000000000000000000e+00
7.864488168874939333e+01,0.000000000000000000e+00
7.592229322297448846e+01,0.000000000000000000e+00
7.947353144078812193e+01,0.000000000000000000e+00
7.669471621720693122e+01,0.000000000000000000e+00
7.765581863427070175e+01,0.000000000000000000e+00
8.091915913347531841e+01,0.000000000000000000e+00
7.842818765756013022e+01,0.000000000000000000e+00
7.992743148239554785e+01,0.000000000000000000e+00
7.506693291128085832e+01,0.000000000000000000e+00
7.800299948236963132e+01,0.000000000000000000e+00
7.389187867389622966e+01,0.000000000000000000e+00
7.796946532213119951e+01,0.000000000000000000e+00
7.950694652094597359e+01,0.000000000000000000e+00
7.726316138391220534e+01,0.000000000000000000e+00
7.681625853431596340e+01,0.000000000000000000e+00
7.591574196631536608e+01,0.000000000000000000e+00
7.937477957298823128e+01,0.000000000000000000e+00
8.012682617975637811e+01,0.000000000000000000e+00
7.997008691902951227e+01,0.000000000000000000e+00
7.282668567049809383e+01,0.000000000000000000e+00
7.519513481317501657e+01,0.000000000000000000e+00
7.953081928595454997e+01,0.000000000000000000e+00
7.678509670251244756e+01,0.000000000000000000e+00
7.555361385227350013e+01,0.000000000000000000e+00
7.653316405581453807e+01,0.000000000000000000e+00
7.631475805700524973e+01,0.000000000000000000e+00
7.736946987874526371e+01,0.000000000000000000e+00
7.875577159108755154e+01,0.000000000000000000e+00
8.040720421404199669e+01,0.000000000000000000e+00
7.603767243442385393e+01,0.000000000000000000e+00
7.382065197449408345e+01,0.000000000000000000e+00
7.531288909747428306e+01,0.000000000000000000e+00
7.617624401455286431e+01,0.000000000000000000e+00
7.566229134354614416e+01,0.000000000000000000e+00
7.473511504525215798e+01,0.000000000000000000e+00
7.910709071741746357e+01,0.000000000000000000e+00
7.680674344960192457e+01,0.000000000000000000e+00
7.425042969787368463e+01,0.000000000000000000e+00
7.735587721723784682e+01,0.000000000000000000e+00
7.629360164987319592e+01,0.000000000000000000e+00
7.803858926477930424e+01,0.000000000000000000e+00
7.543827114878511964e+01,0.000000000000000000e+00
7.580329620005880997e+01,0.000000000000000000e+00
7.451505904909325295e+01,0.000000000000000000e+00
7.798149745736471061e+01,0.000000000000000000e+00
7.878086361806180093e+01,0.000000000000000000e+00
7.993116561617289051e+01,0.000000000000000000e+00
7.635734255420568672e+01,0.000000000000000000e+00
7.817267239166764625e+01,0.000000000000000000e+00
7.619190104650353135e+01,0.000000000000000000e+00
7.720381070495712095e+01,0.000000000000000000e+00
7.272574536264768597e+01,0.000000000000000000e+00
7.433945143976811210e+01,0.000000000000000000e+00
7.404690243296937524e+01,0.000000000000000000e+00
7.541087739327984707e+01,0.000000000000000000e+00
7.749464408519294523e+01,0.000000000000000000e+00
7.339096741971198412e+01,0.000000000000000000e+00
7.362900479937152909e+01,0.000000000000000000e+00
7.763782316673830053e+01,0.000000000000000000e+00
7.688234786216573013e+01,0.000000000000000000e+00
7.554766374934757778e+01,0.000000000000000000e+00
7.486330513429841460e+01,0.000000000000000000e+00
7.557488177692546572e+01,0.000000000000000000e+00
7.807530699122409601e+01,0.000000000000000000e+00
7.712076117449068136e+01,0.000000000000000000e+00
7.205660301742719298e+01,0.000000000000000000e+00
7.409058782054616188e+01,0.000000000000000000e+00
7.443905471624350412e+01,0.000000000000000000e+00
7.356291859605231309e+01,0.000000000000000000e+00
7.555737242422310374e+01,0.000000000000000000e+00
7.222974290394981267e+01,0.000000000000000000e+00
7.925229358426737747e+01,0.000000000000000000e+00
7.327845653308372675e+01,0.000000000000000000e+00
7.372039139601432112e+01,0.000000000000000000e+00
7.226634492782511643e+01,0.000000000000000000e+00
7.698492567299796008e+01,0.000000000000000000e+00
7.264651984723036549e+01,0.000000000000000000e+00
7.614091899534975028e+01,0.000000000000000000e+00
7.405435140291800167e+01,0.000000000000000000e+00
7.086074062034839471e+01,0.000000000000000000e+00
7.583960162251722181e+01,0.000000000000000000e+00
7.021489410448204183e+01,0.000000000000000000e+00
8.030003655142846242e+01,0.000000000000000000e+00
7.701818121156377117e+01,0.000000000000000000e+00
7.395840975530087746e+01,0.000000000000000000e+00
7.396287864890246055e+01,0.000000000000000000e+00
7.335323222861345016e+01,0.000000000000000000e+00
7.816966250021528140e+01,0.000000000000000000e+00
7.214175176301010595e+01,0.000000000000000000e+00
7.705029067215404837e+01,0.000000000000000000e+00
7.571228058645836256e+01,0.000000000000000000e+00
7.510656068604401980e+01,0.000000000000000000e+00
7.506601107318483912e+01,0.000000000000000000e+00
7.692753691671045146e+01,0.000000000000000000e+00
7.307420527145850997e+01,0.000000000000000000e+00
7.210630188828994847e+01,0.000000000000000000e+00
7.388452417706662345e+01,0.000000000000000000e+00
7.911812258993697355e+01,0.000000000000000000e+00
7.080513661875936293e+01,0.000000000000000000e+00
7.208815660054479224e+01,0.000000000000000000e+00
7.422641172304778934e+01,0.000000000000000000e+00
7.289128478975543146e+01,0.000000000000000000e+00
7.281542582366046190e+01,0.000000000000000000e+00
7.363150196452092189e+01,0.000000000000000000e+00
7.644248408473144707e+01,0.000000000000000000e+00
7.489331199138396755e+01,0.000000000000000000e+00
7.627225379143669670e+01,0.000000000000000000e+00
7.305956967280499725e+01,0.000000000000000000e+00
7.542844653125344223e+01,0.000000000000000000e+00
7.614491059344912571e+01,0.000000000000000000e+00
7.462427439003229779e+01,0.000000000000000000e+00
7.260623467878339454e+01,0.000000000000000000e+00
7.147367505571287438e+01,0.000000000000000000e+00
7.326985621827988382e+01,0.000000000000000000e+00
7.016432629603606586e+01,0.000000000000000000e+00
7.387000330057351505e+01,0.000000000000000000e+00
7.168735209722143509e+01,0.000000000000000000e+00
7.196159955133562391e+01,0.000000000000000000e+00
7.383040842079986987e+01,0.000000000000000000e+00
7.342648898373414568e+01,0.000000000000000000e+00
7.352783449840697472e+01,0.000000000000000000e+00
7.027307942252343764e+01,0.000000000000000000e+00
7.153427023928195183e+01,0.000000000000000000e+00
7.164350073268063568e+01,0.000000000000000000e+00
7.299151258496377181e+01,0.000000000000000000e+00
7.371551595654312905e+01,0.000000000000000000e+00
7.124795876726790311e+01,0.000000000000000000e+00
7.320571134701435767e+01,0.000000000000000000e+00
7.162412099700337365e+01,0.000000000000000000e+00
7.178994711185670496e+01,0.000000000000000000e+00
7.419380071724830827e+01,0.000000000000000000e+00
7.310864845527201794e+01,0.000000000000000000e+00
6.714928765529219845e+01,0.000000000000000000e+00
7.050475061681116529e+01,0.000000000000000000e+00
7.195863171558441707e+01,0.000000000000000000e+00
7.283473449969491753e+01,0.000000000000000000e+00
7.404187938666242985e+01,0.000000000000000000e+00
6.963133644111321985e+01,0.000000000000000000e+00
6.969677261972979920e+01,0.000000000000000000e+00
7.437279938583488104e+01,0.000000000000000000e+00
7.233021863408666263e+01,0.000000000000000000e+00
7.428348397240263523e+01,0.000000000000000000e+00
7.048598253137619452e+01,0.000000000000000000e+00
7.241310682901767848e+01,0.000000000000000000e+00
6.850070253065392478e+01,0.000000000000000000e+00
6.853442534209318637e+01,0.000000000000000000e+00
7.264939923396660504e+01,0.000000000000000000e+00
6.958799407838156981e+01,0.000000000000000000e+00
6.977678540673336727e+01,0.000000000000000000e+00
6.973143626884260016e+01,0.000000000000000000e+00
7.110629664336009625e+01,0.000000000000000000e+00
7.490489630984342284e+01,0.000000000000000000e+00
7.029932033933444302e+01,0.000000000000000000e+00
7.538447086400880437e+01,0.000000000000000000e+00
7.252086609725360233e+01,0.000000000000000000e+00
7.108895546225062390e+01,0.000000000000000000e+00
7.007402117610060088e+01,0.000000000000000000e+00
7.055681929610894088e+01,0.000000000000000000e+00
6.909408364525647528e+01,0.000000000000000000e+00
6.893646483237914424e+01,0.000000000000000000e+00
6.973553341572720399e+01,0.000000000000000000e+00
7.405552897365022602e+01,0.000000000000000000e+00
7.193553693477973354e+01,0.000000000000000000e+00
7.207559903197325468e+01,0.000000000000000000e+00
6.818598195511458471e+01,0.000000000000000000e+00
7.340054416838552243e+01,0.000000000000000000e+00
6.695499188469482021e+01,0.000000000000000000e+00
6.924769638505269143e+01,0.000000000000000000e+00
6.989867035876157786e+01,0.000000000000000000e+00
7.032743975623007771e+01,0.000000000000000000e+00
7.134146438314462557e+01,0.000000000000000000e+00
7.264901736473014182e+01,0.000000000000000000e+00
6.900252109215695384e+01,0.000000000000000000e+00
6.912078492731586721e+01,0.000000000000000000e+00
7.256012910838202856e+01,0.000000000000000000e+00
6.993644598806399415e+01,0.000000000000000000e+00
6.886582504490627343e+01,0.000000000000000000e+00
7.220723849048991383e+01,0.000000000000000000e+00
6.915891233732557453e+01,0.000000000000000000e+00
6.913262050712154405e+01,0.000000000000000000e+00
6.610268631323580735e+01,0.000000000000000000e+00
7.129974846383771592e+01,0.000000000000000000e+00
6.730167493147922642e+01,0.000000000000000000e+00
6.818720150069427177e+01,0.000000000000000000e+00
6.982421751389559006e+01,0.000000000000000000e+00
7.108111004195974658e+01,0.000000000000000000e+00
7.140417142625882718e+01,0.000000000000000000e+00
7.170240305549548054e+01,0.000000000000000000e+00
6.771213751422732230e+01,0.000000000000000000e+00
6.606061537766782976e+01,0.000000000000000000e+00
6.894582637373825662e+01,0.000000000000000000e+00
6.652508464563032931e+01,0.000000000000000000e+00
6.679035522642337241e+01,0.000000000000000000e+00
7.042929416510382623e+01,0.000000000000000000e+00
6.839505079568370149e+01,0.000000000000000000e+00
6.406865604485307131e+01,0.000000000000000000e+00
6.824279131508033913e+01,0.000000000000000000e+00
6.954608083879358560e+01,0.000000000000000000e+00
6.517900750969637613e+01,0.000000000000000000e+00
6.817621371493970628e+01,0.000000000000000000e+00
7.122574857799847337e+01,0.000000000000000000e+00
6.672894923132211886e+01,0.000000000000000000e+00
6.676321913416255427e+01,0.000000000000000000e+00
7.038862136644851830e+01,0.000000000000000000e+00
7.149316357576071823e+01,0.000000000000000000e+00
6.813379600462253904e+01,0.000000000000000000e+00
7.035104009295118033e+01,0.000000000000000000e+00
6.941818378731976225e+01,0.000000000000000000e+00
6.815562193469324370e+01,0.000000000000000000e+00
7.139930543315688283e+01,0.000000000000000000e+00
6.497442383750001227e+01,0.000000000000000000e+00
7.113765261174452803e+01,0.000000000000000000e+00
6.510702620800739737e+01,0.000000000000000000e+00
6.681937210179826536e+01,0.000000000000000000e+00
6.718223693258710227e+01,0.000000000000000000e+00
7.019364311984351446e+01,0.000000000000000000e+00
6.720399732044278096e+01,0.000000000000000000e+00
6.657423184511962688e+01,0.000000000000000000e+00
6.418264296514801970e+01,0.000000000000000000e+00
6.893030267837578151e+01,0.000000000000000000e+00
6.510554077397738126e+01,0.000000000000000000e+00
6.817628166098491249e+01,0.000000000000000000e+00
6.594621273607431533e+01,0.000000000000000000e+00
6.056858562729374285e+01,0.000000000000000000e+00
6.506851181422580055e+01,0.000000000000000000e+00
6.301971047936247317e+01,0.000000000000000000e+00
6.292590801797599909e+01,0.000000000000000000e+00
6.942545872422419961e+01,0.000000000000000000e+00
6.624162896034486891e+01,0.000000000000000000e+00
6.500950753860387010e+01,0.000000000000000000e+00
6.642019487366511044e+01,0.000000000000000000e+00
6.600266667156225253e+01,0.000000000000000000e+00
6.694768775368839897e+01,0.000000000000000000e+00
6.652734242723126101e+01,0.000000000000000000e+00
6.665676687764951680e+01,0.000000000000000000e+00
6.701892771966541318e+01,0.000000000000000000e+00
6.473129386682120412e+01,0.000000000000000000e+00
6.117961463285183754e+01,0.000000000000000000e+00
6.692060126641629836e+01,0.000000000000000000e+00
6.312127803132958093e+01,0.000000000000000000e+00
6.540896128062166781e+01,0.000000000000000000e+00
6.341697202356871088e+01,0.000000000000000000e+00
6.502734262616728245e+01,0.000000000000000000e+00
6.934504079782881547e+01,0.000000000000000000e+00
6.347985722133076791e+01,0.000000000000000000e+00
6.170566162637641838e+01,0.000000000000000000e+00
6.413291213968986426e+01,0.000000000000000000e+00
6.485144437664141037e+01,0.000000000000000000e+00
6.400882501204768005e+01,0.000000000000000000e+00
6.550590303028113226e+01,0.000000000000000000e+00
6.031877014428567207e+01,0.000000000000000000e+00
5.928774670100985134e+01,0.000000000000000000e+00
6.533608649749794495e+01,0.000000000000000000e+00
6.420513738358121714e+01,0.000000000000000000e+00
6.474782109649608230e+01,0.000000000000000000e+00
6.623644608825833302e+01,0.000000000000000000e+00
6.297896191434485758e+01,0.000000000000000000e+00
6.567910853154536710e+01,0.000000000000000000e+00
6.095097077486165205e+01,0.000000000000000000e+00
6.731884849041622942e+01,0.000000000000000000e+00
6.694466654430756591e+01,0.000000000000000000e+00
5.973853833522272794e+01,0.000000000000000000e+00
6.242460764737251822e+01,0.000000000000000000e+00
6.483922897427363807e+01,0.000000000000000000e+00
6.074846242868627400e+01,0.000000000000000000e+00
6.197580960638681091e+01,0.000000000000000000e+00
6.717600565011056801e+01,0.000000000000000000e+00
6.606220758995051767e+01,0.000000000000000000e+00
6.230394471139062063e+01,0.000000000000000000e+00
6.576964593799276315e+01,0.000000000000000000e+00
5.941330672873112917e+01,0.000000000000000000e+00
6.508656006960868012e+01,0.000000000000000000e+00
5.975418864652976936e+01,0.000000000000000000e+00
6.369955958155265563e+01,0.000000000000000000e+00
6.276630445090682997e+01,0.000000000000000000e+00
6.157581193442892697e+01,0.000000000000000000e+00
6.108243151292889195e+01,0.000000000000000000e+00
6.355297600178943185e+01,0.000000000000000000e+00
6.348386597813094312e+01,0.000000000000000000e+00
6.403828459138276230e+01,0.000000000000000000e+00
6.062337546943400213e+01,0.000000000000000000e+00
6.067176515255278701e+01,0.000000000000000000e+00
6.486119913071827625e+01,0.000000000000000000e+00
6.245283771025744812e+01,0.000000000000000000e+00
6.137082159316867802e+01,0.000000000000000000e+00
6.144617357042645978e+01,0.000000000000000000e+00
6.017685413404398531e+01,0.000000000000000000e+00
6.294684354510280144e+01,0.000000000000000000e+00
6.004954147459216784e+01,0.000000000000000000e+00
6.269753327753804228e+01,0.000000000000000000e+00
6.086442612361472015e+01,0.000000000000000000e+00
6.288728739264538348e+01,0.000000000000000000e+00
5.975208760060963442e+01,0.000000000000000000e+00
6.269389660264046427e+01,0.000000000000000000e+00
6.261211167598364113e+01,0.000000000000000000e+00
6.098094534903835040e+01,0.000000000000000000e+00
5.988757186987893277e+01,0.000000000000000000e+00
5.934470953549163852e+01,0.000000000000000000e+00
6.107476521275604853e+01,0.000000000000000000e+00
6.038686516577730146e+01,0.000000000000000000e+00
6.014372578406862146e+01,0.000000000000000000e+00
5.932131089665769252e+01,0.000000000000000000e+00
6.067273639573664212e+01,0.000000000000000000e+00
6.384612088330632673e+01,0.000000000000000000e+00
6.339288524226286370e+01,0.000000000000000000e+00
6.048079620839265402e+01,0.000000000000000000e+00
6.134345069657422300e+01,0.000000000000000000e+00
6.202018526306066093e+01,0.000000000000000000e+00
5.760875865634818638e+01,0.000000000000000000e+00
5.878913778397281220e+01,0.000000000000000000e+00
5.986792102772865576e+01,0.000000000000000000e+00
5.842495262156883484e+01,0.000000000000000000e+00
5.915454478101872127e+01,0.000000000000000000e+00
6.034445946657735504e+01,0.000000000000000000e+00
6.258208509300725098e+01,0.000000000000000000e+00
5.751108506147389932e+01,0.000000000000000000e+00
5.716111634266658115e+01,0.000000000000000000e+00
6.039244431451975714e+01,0.000000000000000000e+00
6.105327356742823497e+01,0.000000000000000000e+00
5.982462911947909845e+01,0.000000000000000000e+00
5.991510809840933405e+01,0.000000000000000000e+00
5.936414580070407965e+01,0.000000000000000000e+00
5.757037162061796920e+01,0.000000000000000000e+00
5.663318210606943381e+01,0.000000000000000000e+00
5.850303465965374272e+01,0.000000000000000000e+00
6.217084627128133434e+01,0.000000000000000000e+00
5.672866953464446027e+01,0.000000000000000000e+00
5.936668545515518502e+01,0.000000000000000000e+00
5.716153558337894935e+01,0.000000000000000000e+00
6.030342247042607795e+01,0.000000000000000000e+00
5.787890904822755545e+01,0.000000000000000000e+00
6.014448551623088690e+01,0.000000000000000000e+00
5.972556149209616905e+01,0.000000000000000000e+00
5.621890373198953483e+01,0.000000000000000000e+00
5.882941092454164789e+01,0.000000000000000000e+00
6.048608793971305886e+01,0.000000000000000000e+00
5.402694494486692633e+01,0.000000000000000000e+00
5.875281958504402269e+01,0.000000000000000000e+00
5.958679635862677060e+01,0.000000000000000000e+00
5.797320611689635683e+01,0.000000000000000000e+00
5.345327130065903987e+01,0.000000000000000000e+00
6.266448775139606653e+01,0.000000000000000000e+00
5.429098361124678718e+01,0.000000000000000000e+00
6.053364582110531700e+01,0.000000000000000000e+00
5.908038744062618974e+01,0.000000000000000000e+00
6.110934927459383914e+01,0.000000000000000000e+00
5.772869144225704474e+01,0.000000000000000000e+00
5.622029475637788209e+01,0.000000000000000000e+00
5.434848796545497152e+01,0.000000000000000000e+00
5.892458190557446329e+01,0.000000000000000000e+00
5.554279429120926892e+01,0.000000000000000000e+00
5.790634643929718806e+01,0.000000000000000000e+00
5.659956641580073011e+01,0.000000000000000000e+00
5.405457349151362223e+01,0.000000000000000000e+00
5.743728471182566153e+01,0.000000000000000000e+00
5.893554202881506399e+01,0.000000000000000000e+00
6.122337508916213977e+01,0.000000000000000000e+00
5.548857328968927050e+01,0.000000000000000000e+00
5.655981604404611574e+01,0.000000000000000000e+00
5.502855981605186741e+01,0.000000000000000000e+00
5.940969306305361641e+01,0.000000000000000000e+00
5.742455900451757600e+01,0.000000000000000000e+00
5.407993580077395990e+01,0.000000000000000000e+00
5.611292869715865805e+01,0.000000000000000000e+00
5.385674365824342402e+01,0.000000000000000000e+00
5.482625472728810223e+01,0.000000000000000000e+00
5.879982751234283711e+01,0.000000000000000000e+00
5.367090384735052311e+01,0.000000000000000000e+00
5.787571697105965995e+01,0.000000000000000000e+00
5.651931087035912782e+01,0.000000000000000000e+00
5.578506195222401942e+01,0.000000000000000000e+00
5.256592779186772901e+01,0.000000000000000000e+00
5.632153231123955095e+01,0.000000000000000000e+00
5.499012521914428930e+01,0.000000000000000000e+00
5.324687605906551369e+01,0.000000000000000000e+00
5.557996860814710516e+01,0.000000000000000000e+00
5.361346982355893687e+01,0.000000000000000000e+00
5.315722839025492874e+01,0.000000000000000000e+00
5.489823100999205963e+01,0.000000000000000000e+00
5.524769937818421539e+01,0.000000000000000000e+00
5.427752240088661750e+01,0.000000000000000000e+00
5.403573986574453158e+01,0.000000000000000000e+00
5.027629428964664271e+01,0.000000000000000000e+00
5.274464776500245478e+01,0.000000000000000000e+00
5.486652067066772531e+01,0.000000000000000000e+00
5.812321696220276834e+01,0.000000000000000000e+00
5.179381408973034695e+01,0.000000000000000000e+00
5.371825344339049479e+01,0.000000000000000000e+00
5.724275649194186144e+01,0.000000000000000000e+00
5.494941352312354610e+01,0.000000000000000000e+00
5.071010977974970757e+01,0.000000000000000000e+00
5.469203389577321417e+01,0.000000000000000000e+00
5.487475778787469949e+01,0.000000000000000000e+00
5.347072013937365398e+01,0.000000000000000000e+00
5.370178334845291346e+01,0.000000000000000000e+00
5.112986267987748334e+01,0.000000000000000000e+00
5.337587060108768355e+01,0.000000000000000000e+00
5.322018064779862101e+01,0.000000000000000000e+00
5.540182202151437707e+01,0.000000000000000000e+00
5.652577900741059125e+01,0.000000000000000000e+00
5.051918103997581966e+01,0.000000000000000000e+00
5.218432042005869675e+01,0.000000000000000000e+00
4.940729730538042475e+01,0.000000000000000000e+00
5.318460557410298861e+01,0.000000000000000000e+00
5.748137432736586305e+01,0.000000000000000000e+00
5.376253086800696224e+01,0.000000000000000000e+00
5.222633809508482017e+01,0.000000000000000000e+00
5.042284423320855069e+01,0.000000000000000000e+00
5.110524783699425200e+01,0.000000000000000000e+00
5.158508399647818976e+01,0.000000000000000000e+00
5.241056801371733798e+01,0.000000000000000000e+00
5.514863538333900550e+01,0.000000000000000000e+00
5.361903533244172593e+01,0.000000000000000000e+00
5.368559954368353715e+01,0.000000000000000000e+00
5.267169402027236913e+01,0.000000000000000000e+00
5.084440963019123672e+01,0.000000000000000000e+00
5.128342894255317930e+01,0.000000000000000000e+00
5.038091551114410294e+01,0.000000000000000000e+00
5.294764275480135041e+01,0.000000000000000000e+00
5.424858767040917229e+01,0.000000000000000000e+00
5.047489036633659509e+01,0.000000000000000000e+00
5.080709578451893549e+01,0.000000000000000000e+00
5.575459862379707232e+01,0.000000000000000000e+00
4.906015686699612388e+01,0.000000000000000000e+00
4.980334535681767960e+01,0.000000000000000000e+00
5.363847611485186917e+01,0.000000000000000000e+00
5.180869752811353379e+01,0.000000000000000000e+00
5.182977254633021857e+01,0.000000000000000000e+00
4.854269004977775381e+01,0.000000000000000000e+00
5.023582492072066685e+01,0.000000000000000000e+00
4.943056877445330599e+01,0.000000000000000000e+00
5.191817514258299582e+01,0.000000000000000000e+00
5.358066286817695811e+01,0.000000000000000000e+00
5.389910611063585577e+01,0.000000000000000000e+00
4.962525494883746546e+01,0.000000000000000000e+00
4.865710833312019190e+01,0.000000000000000000e+00
5.203909732967520796e+01,0.000000000000000000e+00
4.894473663613101877e+01,0.000000000000000000e+00
4.948471845972814975e+01,0.000000000000000000e+00
5.249790936714887835e+01,0.000000000000000000e+00
4.893385710870124683e+01,0.000000000000000000e+00
4.849633096594067183e+01,0.000000000000000000e+00
4.843476823221921279e+01,0.000000000000000000e+00
4.877061617254833692e+01,0.000000000000000000e+00
4.854851148819342654e+01,0.000000000000000000e+00
4.726978889816859919e+01,0.000000000000000000e+00
4.926083506004229662e+01,0.000000000000000000e+00
4.791443101806378024e+01,0.000000000000000000e+00
4.615283292301207752e+01,0.000000000000000000e+00
4.783982324847308121e+01,0.000000000000000000e+00
5.181901844414947789e+01,0.000000000000000000e+00
5.130860862861398886e+01,0.000000000000000000e+00
4.793412930024853580e+01,0.000000000000000000e+00
4.696512012203607611e+01,0.000000000000000000e+00
4.795667243498476751e+01,0.000000000000000000e+00
4.826835260589727028e+01,0.000000000000000000e+00
5.113290442586590956e+01,0.000000000000000000e+00
4.950834031952665271e+01,0.000000000000000000e+00
4.968256637487576199e+01,0.000000000000000000e+00
4.829436680620000999e+01,0.000000000000000000e+00
5.335934752096170541e+01,0.000000000000000000e+00
4.811519151654251658e+01,0.000000000000000000e+00
4.617684471111666511e+01,0.000000000000000000e+00
5.197715442696298993e+01,0.000000000000000000e+00
4.565490364566539938e+01,0.000000000000000000e+00
4.425998624440842377e+01,0.000000000000000000e+00
4.440543987482809030e+01,0.000000000000000000e+00
4.830858319665582457e+01,0.000000000000000000e+00
4.690933484164376921e+01,0.000000000000000000e+00
4.811653792107607330e+01,0.000000000000000000e+00
4.499221427618972058e+01,0.000000000000000000e+00
4.542685630284471188e+01,0.000000000000000000e+00
4.531409624470386888e+01,0.000000000000000000e+00
4.509154422061023126e+01,0.000000000000000000e+00
4.667676726900295137e+01,0.000000000000000000e+00
4.603560887793569378e+01,0.000000000000000000e+00
4.603501023651619306e+01,0.000000000000000000e+00
4.720938003895442137e+01,0.000000000000000000e+00
4.690184270117858034e+01,0.000000000000000000e+00
4.691957793925232068e+01,0.000000000000000000e+00
4.730344258771394550e+01,0.000000000000000000e+00
4.922730940283159384e+01,0.000000000000000000e+00
4.562872961586755594e+01,0.000000000000000000e+00
4.466568248722421686e+01,0.000000000000000000e+00
4.290992171139029665e+01,0.000000000000000000e+00
4.571185328878026866e+01,0.000000000000000000e+00
4.575366765515278189e+01,0.000000000000000000e+00
4.610493630725056136e+01,0.000000000000000000e+00
4.623567778901398384e+01,0.000000000000000000e+00
4.704791195098696477e+01,0.000000000000000000e+00
4.413027244695764750e+01,0.000000000000000000e+00
5.009059368666066803e+01,0.000000000000000000e+00
4.637426428577663273e+01,0.000000000000000000e+00
4.530368642378938659e+01,0.000000000000000000e+00
4.472928805446032641e+01,0.000000000000000000e+00
4.741324902058964597e+01,0.000000000000000000e+00
4.814643712029976541e+01,0.000000000000000000e+00
4.537590019376499129e+01,0.000000000000000000e+00
4.434849926007900933e+01,0.000000000000000000e+00
4.133737609611429065e+01,0.000000000000000000e+00
4.276014487359253735e+01,0.000000000000000000e+00
4.656697682310186792e+01,0.000000000000000000e+00
4.339999201664085149e+01,0.000000000000000000e+00
4.487015044348937209e+01,0.000000000000000000e+00
4.354183216372013021e+01,0.000000000000000000e+00
4.472891178245878052e+01,0.000000000000000000e+00
4.675891859938102613e+01,0.000000000000000000e+00
4.447729332596394158e+01,0.000000000000000000e+00
4.605824105092128917e+01,0.000000000000000000e+00
4.035294955368091507e+01,0.000000000000000000e+00
4.515415213942486616e+01,0.000000000000000000e+00
4.487278603887656914e+01,0.000000000000000000e+00
4.384524806034541911e+01,0.000000000000000000e+00
4.353469612022166046e+01,0.000000000000000000e+00
4.337967441047766215e+01,0.000000000000000000e+00
4.507368928331445801e+01,0.000000000000000000e+00
4.064557179537625586e+01,0.000000000000000000e+00
4.450792669339913488e+01,0.000000000000000000e+00
4.552696522456846395e+01,0.000000000000000000e+00
4.400033163755177412e+01,0.000000000000000000e+00
4.307799120122429315e+01,0.000000000000000000e+00
4.346215477770640234e+01,0.000000000000000000e+00
4.605442851690924044e+01,0.000000000000000000e+00
4.172155959786216073e+01,0.000000000000000000e+00
4.528247934431611554e+01,0.000000000000000000e+00
3.991361531278589325e+01,0.000000000000000000e+00
4.346990436762263244e+01,0.000000000000000000e+00
4.060602437273999499e+01,0.000000000000000000e+00
4.168183548037914221e+01,0.000000000000000000e+00
4.396932085208582208e+01,0.000000000000000000e+00
4.421829500730835605e+01,0.000000000000000000e+00
4.305848344583623799e+01,0.000000000000000000e+00
4.442035114774746063e+01,0.000000000000000000e+00
4.019082370642044566e+01,0.000000000000000000e+00
4.088832538221374335e+01,0.000000000000000000e+00
4.265159401438959463e+01,0.000000000000000000e+00
3.951602423182422541e+01,0.000000000000000000e+00
3.808041442028252277e+01,0.000000000000000000e+00
4.245147941852134466e+01,0.000000000000000000e+00
4.134454257956416967e+01,0.000000000000000000e+00
4.393301827223334044e+01,0.000000000000000000e+00
3.829559326642714723e+01,0.000000000000000000e+00
3.618551698707630493e+01,0.000000000000000000e+00
4.143074650564057038e+01,0.000000000000000000e+00
4.120391447413557984e+01,0.000000000000000000e+00
4.141704814380710786e+01,0.000000000000000000e+00
4.095402411268035792e+01,0.000000000000000000e+00
3.892525135425078275e+01,0.000000000000000000e+00
4.025865219866298617e+01,0.000000000000000000e+00
4.093500112249486733e+01,0.000000000000000000e+00
4.117050197625115260e+01,0.000000000000000000e+00
4.110590656171186197e+01,0.000000000000000000e+00
3.579703041870563140e+01,0.000000000000000000e+00
3.988506712218719485e+01,0.000000000000000000e+00
3.937033135464348987e+01,0.000000000000000000e+00
4.227460414327467220e+01,0.000000000000000000e+00
4.018477253794257820e+01,0.000000000000000000e+00
3.981653148197214165e+01,0.000000000000000000e+00
3.988017235461773424e+01,0.000000000000000000e+00
3.965197352049659685e+01,0.000000000000000000e+00
4.009322648593680327e+01,0.000000000000000000e+00
3.741442776475958709e+01,0.000000000000000000e+00
3.898351868753928784e+01,0.000000000000000000e+00
3.607026379564252494e+01,0.000000000000000000e+00
4.076973875998071861e+01,0.000000000000000000e+00
4.052730739752615108e+01,0.000000000000000000e+00
3.992553703211576277e+01,0.000000000000000000e+00
3.854832317821934140e+01,0.000000000000000000e+00
4.362462298744008393e+01,0.000000000000000000e+00
4.229707493665664231e+01,0.000000000000000000e+00
4.029912269257157931e+01,0.000000000000000000e+00
3.895833808138569054e+01,0.000000000000000000e+00
3.675441511834653596e+01,0.000000000000000000e+00
4.246623066906591504e+01,0.000000000000000000e+00
3.736827572435566935e+01,0.000000000000000000e+00
3.909449033910771476e+01,0.000000000000000000e+00
4.203903714114798618e+01,0.000000000000000000e+00
3.885395507398098403e+01,0.000000000000000000e+00
4.019214217967896019e+01,0.000000000000000000e+00
3.794896315749458182e+01,0.000000000000000000e+00
3.603861802585733187e+01,0.000000000000000000e+00
3.689348500278858012e+01,0.000000000000000000e+00
3.653375381940946198e+01,0.000000000000000000e+00
3.737852793634705506e+01,0.000000000000000000e+00
3.907397039754366119e+01,0.000000000000000000e+00
4.054055939964263899e+01,0.000000000000000000e+00
4.082392439553056818e+01,0.000000000000000000e+00
3.470659641373104876e+01,0.000000000000000000e+00
3.589201537416795418e+01,0.000000000000000000e+00
4.028797894379101763e+01,0.000000000000000000e+00
3.589248914881947172e+01,0.000000000000000000e+00
3.728264529394123628e+01,0.000000000000000000e+00
3.799056381432187379e+01,0.000000000000000000e+00
3.769918510496110287e+01,0.000000000000000000e+00
3.634341651908296456e+01,0.000000000000000000e+00
3.964909408944612323e+01,0.000000000000000000e+00
3.728514957146930442e+01,0.000000000000000000e+00
3.937419001242992067e+01,0.000000000000000000e+00
3.620006863478214854e+01,0.000000000000000000e+00
3.715964132123076524e+01,0.000000000000000000e+00
3.714506854454927520e+01,0.000000000000000000e+00
3.508893542976868218e+01,0.000000000000000000e+00
3.885941426369785745e+01,0.000000000000000000e+00
3.602061636879250983e+01,0.000000000000000000e+00
3.553901193933858593e+01,0.000000000000000000e+00
3.847970230661701407e+01,0.000000000000000000e+00
3.909283221795125485e+01,0.000000000000000000e+00
3.740646361333170233e+01,0.000000000000000000e+00
3.680419859811020444e+01,0.000000000000000000e+00
3.395402979129530507e+01,0.000000000000000000e+00
3.532222133188492563e+01,0.000000000000000000e+00
3.755646094021383874e+01,0.000000000000000000e+00
3.360840531237639794e+01,0.000000000000000000e+00
3.458958754178854633e+01,0.000000000000000000e+00
3.879160046745429469e+01,0.000000000000000000e+00
3.696477493874657938e+01,0.000000000000000000e+00
3.285601485441280545e+01,0.000000000000000000e+00
3.672381995923925047e+01,0.000000000000000000e+00
3.571579263818136241e+01,0.000000000000000000e+00
3.326334128000242174e+01,0.000000000000000000e+00
3.678998342372064201e+01,0.000000000000000000e+00
3.625303592993812174e+01,0.000000000000000000e+00
4.019763156738520848e+01,0.000000000000000000e+00
3.510156101549213048e+01,0.000000000000000000e+00
3.735931533150326800e+01,0.000000000000000000e+00
3.794337849922067818e+01,0.000000000000000000e+00
3.318554660160425840e+01,0.000000000000000000e+00
3.150414529352455872e+01,0.000000000000000000e+00
3.632534546596437508e+01,0.000000000000000000e+00
3.490294420605141568e+01,0.000000000000000000e+00
3.416786831027262394e+01,0.000000000000000000e+00
3.399432525790714266e+01,0.000000000000000000e+00
3.403336916852644123e+01,0.000000000000000000e+00
3.457504036645313050e+01,0.000000000000000000e+00
3.527193004420038136e+01,0.000000000000000000e+00
3.198177634088606069e+01,0.000000000000000000e+00
3.478894785446262006e+01,0.000000000000000000e+00
3.318016644008807958e+01,0.000000000000000000e+00
3.567638152336772350e+01,0.000000000000000000e+00
3.268142304658679365e+01,0.000000000000000000e+00
3.610448044250724564e+01,0.000000000000000000e+00
3.633959196675864689e+01,0.000000000000000000e+00
3.212400361317486386e+01,0.000000000000000000e+00
3.537708159495013405e+01,0.000000000000000000e+00
3.721842119403169136e+01,0.000000000000000000e+00
3.447931524341630194e+01,0.000000000000000000e+00
3.342738617131723089e+01,0.000000000000000000e+00
3.476070378189327670e+01,0.000000000000000000e+00
3.531283936669876056e+01,0.000000000000000000e+00
3.139464986525131707e+01,0.000000000000000000e+00
3.223312030101670445e+01,0.000000000000000000e+00
3.411825549144850100e+01,0.000000000000000000e+00
3.253811838471288809e+01,0.000000000000000000e+00
3.628203455469324012e+01,0.000000000000000000e+00
3.086485874623708625e+01,0.000000000000000000e+00
3.446254654818922347e+01,0.000000000000000000e+00
3.392460880981060001e+01,0.000000000000000000e+00
3.387721187131754874e+01,0.000000000000000000e+00
2.977671776151958838e+01,0.000000000000000000e+00
3.174995665903477615e+01,0.000000000000000000e+00
3.124994463219591978e+01,0.000000000000000000e+00
2.890773445305451617e+01,0.000000000000000000e+00
3.282304695689483509e+01,0.000000000000000000e+00
3.418571867792778107e+01,0.000000000000000000e+00
3.411442664470106223e+01,0.000000000000000000e+00
3.615226452400746382e+01,0.000000000000000000e+00
3.329389201309007973e+01,0.000000000000000000e+00
3.489800595841457209e+01,0.000000000000000000e+00
3.407089929807069240e+01,0.000000000000000000e+00
3.029812596197849928e+01,0.000000000000000000e+00
3.354211652885649642e+01,0.000000000000000000e+00
3.240456869759621839e+01,0.000000000000000000e+00
3.249561249185103406e+01,0.000000000000000000e+00
3.054789373639858496e+01,0.000000000000000000e+00
3.094259584664159846e+01,0.000000000000000000e+00
3.269348632422564549e+01,0.000000000000000000e+00
3.016299131291041391e+01,0.000000000000000000e+00
3.515777307388787420e+01,0.000000000000000000e+00
3.312133388638151388e+01,0.000000000000000000e+00
2.993371277230050609e+01,0.000000000000000000e+00
3.432510379430247838e+01,0.000000000000000000e+00
3.171560821995780444e+01,0.000000000000000000e+00
3.204006708710776508e+01,0.000000000000000000e+00
3.237214018904720803e+01,0.000000000000000000e+00
2.934237572283559814e+01,0.000000000000000000e+00
2.920746588775829622e+01,0.000000000000000000e+00
3.121917810485403066e+01,0.000000000000000000e+00
2.972508482132486662e+01,0.000000000000000000e+00
3.570932510425244999e+01,0.000000000000000000e+00
3.151978448258277155e+01,0.000000000000000000e+00
2.882047754510112725e+01,0.000000000000000000e+00
3.102999065609192897e+01,0.000000000000000000e+00
3.148671346126952386e+01,0.000000000000000000e+00
3.089480706644478403e+01,0.000000000000000000e+00
2.977955009379975948e+01,0.000000000000000000e+00
3.000278042173247428e+01,0.000000000000000000e+00
3.225848702851996563e+01,0.000000000000000000e+00
3.036668506203862705e+01,0.000000000000000000e+00
3.045038134607877467e+01,0.000000000000000000e+00
3.362948992698735395e+01,0.000000000000000000e+00
3.302801092554133078e+01,0.000000000000000000e+00
3.079123971840833107e+01,0.000000000000000000e+00
3.076296892472159072e+01,0.000000000000000000e+00
3.018364450548495270e+01,0.000000000000000000e+00
3.157229015827653740e+01,0.000000000000000000e+00
3.170080060680133371e+01,0.000000000000000000e+00
3.074446464406494428e+01,0.000000000000000000e+00
3.054369218861552682e+01,0.000000000000000000e+00
2.992740072830295617e+01,0.000000000000000000e+00
3.243439314433837950e+01,0.000000000000000000e+00
3.294511105079906343e+01,0.000000000000000000e+00
2.639984424791296647e+01,0.000000000000000000e+00
2.918973358201879975e+01,0.000000000000000000e+00
2.538318101583710629e+01,0.000000000000000000e+00
2.661235814876838646e+01,0.000000000000000000e+00
2.948305130640022398e+01,0.000000000000000000e+00
2.877896077034562694e+01,0.000000000000000000e+00
3.079351614379476487e+01,0.000000000000000000e+00
2.929663259941066755e+01,0.000000000000000000e+00
2.808862175365245406e+01,0.000000000000000000e+00
2.979600916987073944e+01,0.000000000000000000e+00
2.925860040846757926e+01,0.000000000000000000e+00
2.995655686463353362e+01,0.000000000000000000e+00
2.892165357439354523e+01,0.000000000000000000e+00
2.700755330972816637e+01,0.000000000000000000e+00
2.623078239614945062e+01,0.000000000000000000e+00
2.929088693661779175e+01,0.000000000000000000e+00
2.720334753253005644e+01,0.000000000000000000e+00
2.544828344634396444e+01,0.000000000000000000e+00
2.674719189132543917e+01,0.000000000000000000e+00
2.652785400194147769e+01,0.000000000000000000e+00
2.972253422701066938e+01,0.000000000000000000e+00
2.915917109795219631e+01,0.000000000000000000e+00
3.009334633905901768e+01,0.000000000000000000e+00
2.863782543611428011e+01,0.000000000000000000e+00
2.832434541024289487e+01,0.000000000000000000e+00
2.771855454345823944e+01,0.000000000000000000e+00
2.782217621495417958e+01,0.000000000000000000e+00
2.771374910364261979e+01,0.000000000000000000e+00
2.673839952636807737e+01,0.000000000000000000e+00
3.071708517844139763e+01,0.000000000000000000e+00
2.458404270373211986e+01,0.000000000000000000e+00
3.069092865206429366e+01,0.000000000000000000e+00
2.865503673921068639e+01,0.000000000000000000e+00
2.830794273355068569e+01,0.000000000000000000e+00
2.866336436458828629e+01,0.000000000000000000e+00
2.832383573900710161e+01,0.000000000000000000e+00
2.430632591267661269e+01,0.000000000000000000e+00
3.176118010377084033e+01,0.000000000000000000e+00
2.366634872933655487e+01,0.000000000000000000e+00
2.874128461315826044e+01,0.000000000000000000e+00
2.915308749058289450e+01,0.000000000000000000e+00
2.746726273249597483e+01,0.000000000000000000e+00
2.680429806664604442e+01,0.000000000000000000e+00
2.544405144195119917e+01,0.000000000000000000e+00
3.002294223510557103e+01,0.000000000000000000e+00
2.596869107476890548e+01,0.000000000000000000e+00
2.470034923593508225e+01,0.000000000000000000e+00
2.577892483657786116e+01,0.000000000000000000e+00
2.471272502850891328e+01,0.000000000000000000e+00
2.525963686496693228e+01,0.000000000000000000e+00
2.769440899583205606e+01,0.000000000000000000e+00
2.366205551496651793e+01,0.000000000000000000e+00
2.798655663488585432e+01,0.000000000000000000e+00
2.969770314663430000e+01,0.000000000000000000e+00
2.871689278698645964e+01,0.000000000000000000e+00
2.914352764321078837e+01,0.000000000000000000e+00
2.621877650455478559e+01,0.000000000000000000e+00
2.062148599352471834e+01,0.000000000000000000e+00
3.059508185266689395e+01,0.000000000000000000e+00
2.761404843393012953e+01,0.000000000000000000e+00
2.574771052615883704e+01,0.000000000000000000e+00
2.878662706750006350e+01,0.000000000000000000e+00
3.183248556907177118e+01,0.000000000000000000e+00
2.417715919010144887e+01,0.000000000000000000e+00
2.569154348950160482e+01,0.000000000000000000e+00
2.747141196645902994e+01,0.000000000000000000e+00
2.775414208013817330e+01,0.000000000000000000e+00
2.831140298849811288e+01,0.000000000000000000e+00
2.577667024686423147e+01,0.000000000000000000e+00
2.358720019508280430e+01,0.000000000000000000e+00
2.368380822908702399e+01,0.000000000000000000e+00
2.143580948256109053e+01,0.000000000000000000e+00
2.354461216231791099e+01,0.000000000000000000e+00
2.843003933435684161e+01,0.000000000000000000e+00
2.552470152270741366e+01,0.000000000000000000e+00
2.660287073825561777e+01,0.000000000000000000e+00
2.392011501463212397e+01,0.000000000000000000e+00
2.753031151752315964e+01,0.000000000000000000e+00
2.118104889699187865e+01,0.000000000000000000e+00
2.406863410848465534e+01,0.000000000000000000e+00
2.367500517788458225e+01,0.000000000000000000e+00
2.551071385472216946e+01,0.000000000000000000e+00
2.378995215774873628e+01,0.000000000000000000e+00
2.617393468051892214e+01,0.000000000000000000e+00
2.437507441956130094e+01,0.000000000000000000e+00
2.475456526888751085e+01,0.000000000000000000e+00
2.158325508811596194e+01,0.000000000000000000e+00
2.304354624234419546e+01,0.000000000000000000e+00
2.588502888301673011e+01,0.000000000000000000e+00
2.416161506278972837e+01,0.000000000000000000e+00
2.473140588634508319e+01,0.000000000000000000e+00
2.215154845036558484e+01,0.000000000000000000e+00
2.644382550427520684e+01,0.000000000000000000e+00
2.838035247896566915e+01,0.000000000000000000e+00
2.621258760884308714e+01,0.000000000000000000e+00
2.337497025991669375e+01,0.000000000000000000e+00
2.554227120267314888e+01,0.000000000000000000e+00
2.547572112319178217e+01,0.000000000000000000e+00
2.249362137402377826e+01,0.000000000000000000e+00
2.456781463776581020e+01,0.000000000000000000e+00
2.479025541132598320e+01,0.000000000000000000e+00
2.678971157215673315e+01,0.000000000000000000e+00
1.842514385502912333e+01,0.000000000000000000e+00
2.343358491550561951e+01,0.000000000000000000e+00
2.191854778892620104e+01,0.000000000000000000e+00
2.542346517380450166e+01,0.000000000000000000e+00
2.178442633868633749e+01,0.000000000000000000e+00
2.677907687902638045e+01,0.000000000000000000e+00
2.434921503896751815e+01,0.000000000000000000e+00
2.227472493764126682e+01,0.000000000000000000e+00
2.372553031475831986e+01,0.000000000000000000e+00
2.037154793287290033e+01,0.000000000000000000e+00
3.066685383280439936e+01,0.000000000000000000e+00
2.741391991221953361e+01,0.000000000000000000e+00
2.354889375509665328e+01,0.000000000000000000e+00
2.372834852209304657e+01,0.000000000000000000e+00
2.256727539474803734e+01,0.000000000000000000e+00
2.692576017036132185e+01,0.000000000000000000e+00
2.087528587174929839e+01,0.000000000000000000e+00
2.324746766784244301e+01,0.000000000000000000e+00
2.379018486209361072e+01,0.000000000000000000e+00
2.010657813792515469e+01,0.000000000000000000e+00
2.560226943428965640e+01,0.000000000000000000e+00
2.160829467177714136e+01,0.000000000000000000e+00
2.392766966809944407e+01,0.000000000000000000e+00
2.663647469534717160e+01,0.000000000000000000e+00
2.674451519142621336e+01,0.000000000000000000e+00
2.457346970729630797e+01,0.000000000000000000e+00
2.359353087917788727e+01,0.000000000000000000e+00
2.389018795315876531e+01,0.000000000000000000e+00
2.323577610286663386e+01,0.000000000000000000e+00
2.563484073859738643e+01,0.000000000000000000e+00
2.318021817734737766e+01,0.000000000000000000e+00
2.133718852524095411e+01,0.000000000000000000e+00
2.572086875647649862e+01,0.000000000000000000e+00
2.323799689689279546e+01,0.000000000000000000e+00
2.521440479891854380e+01,0.000000000000000000e+00
2.075839198916482431e+01,0.000000000000000000e+00
2.476692201194705589e+01,0.000000000000000000e+00
2.001794174859637820e+01,0.000000000000000000e+00
2.238138269561865101e+01,0.000000000000000000e+00
1.923998510691023611e+01,0.000000000000000000e+00
2.324827674554267176e+01,0.000000000000000000e+00
2.295151405686853607e+01,0.000000000000000000e+00
2.430841224209347828e+01,0.000000000000000000e+00
2.515219249924178158e+01,0.000000000000000000e+00
2.215836397366962274e+01,0.000000000000000000e+00
2.161370416445142340e+01,0.000000000000000000e+00
2.075764911000447555e+01,0.000000000000000000e+00
2.267533673972159036e+01,0.000000000000000000e+00
2.186907485888082547e+01,0.000000000000000000e+00
2.624595099875588744e+01,0.000000000000000000e+00
2.169637800145843798e+01,0.000000000000000000e+00
2.325186342118563587e+01,0.000000000000000000e+00
1.987637872213513290e+01,0.000000000000000000e+00
2.600747977113645248e+01,0.000000000000000000e+00
2.351255506048706323e+01,0.000000000000000000e+00
2.025008945401199867e+01,0.000000000000000000e+00
2.219871824099874402e+01,0.000000000000000000e+00
2.157043292225236186e+01,0.000000000000000000e+00
1.894592944954766267e+01,0.000000000000000000e+00
2.327479732956238934e+01,0.000000000000000000e+00
2.013118348798733592e+01,0.000000000000000000e+00
2.309647107026946955e+01,0.000000000000000000e+00
1.963455432407903700e+01,0.000000000000000000e+00
2.485146951632377110e+01,0.000000000000000000e+00
2.242241142899483819e+01,0.000000000000000000e+00
2.165144170527481648e+01,0.000000000000000000e+00
2.209256377676540595e+01,0.000000000000000000e+00
1.794570797321506106e+01,0.000000000000000000e+00
2.458645617325675303e+01,0.000000000000000000e+00
2.160714848916919451e+01,0.000000000000000000e+00
2.294523498148396712e+01,0.000000000000000000e+00
2.392177014769219312e+01,0.000000000000000000e+00
1.956878490088222833e+01,0.000000000000000000e+00
2.030850377405921492e+01,0.000000000000000000e+00
1.990999908157724718e+01,0.000000000000000000e+00
2.048045712085347247e+01,0.000000000000000000e+00
2.020096305486600485e+01,0.000000000000000000e+00
2.103851762856629648e+01,0.000000000000000000e+00
1.846715895109112537e+01,0.000000000000000000e+00
2.042594771196625558e+01,0.000000000000000000e+00
2.008592982549363626e+01,0.000000000000000000e+00
1.963949496855078891e+01,0.000000000000000000e+00
2.486765434873355929e+01,0.000000000000000000e+00
2.296025456814053811e+01,0.000000000000000000e+00
2.327049703577939255e+01,0.000000000000000000e+00
2.229032133281035755e+01,0.000000000000000000e+00
2.047668311910630123e+01,0.000000000000000000e+00
2.140546665470288801e+01,0.000000000000000000e+00
1.958386816158065358e+01,0.000000000000000000e+00
2.328483618666779265e+01,0.000000000000000000e+00
2.132433068103123475e+01,0.000000000000000000e+00
1.991085840193910528e+01,0.000000000000000000e+00
2.850258181387998491e+01,0.000000000000000000e+00
2.019527611732534922e+01,0.000000000000000000e+00
1.747434393983054690e+01,0.000000000000000000e+00
2.130276837531702583e+01,0.000000000000000000e+00
2.096191309840697414e+01,0.000000000000000000e+00
1.992721197590252302e+01,0.000000000000000000e+00
2.353418653382513170e+01,0.000000000000000000e+00
2.118344821159813662e+01,0.000000000000000000e+00
2.022655725470969301e+01,0.000000000000000000e+00
2.117679591872136058e+01,0.000000000000000000e+00
2.011782040208544231e+01,0.000000000000000000e+00
2.232337195129935736e+01,0.000000000000000000e+00
2.283893451204508906e+01,0.000000000000000000e+00
2.315945622751766209e+01,0.000000000000000000e+00
2.401375325508092828e+01,0.000000000000000000e+00
2.120285616166640352e+01,0.000000000000000000e+00
2.210425205042442798e+01,0.000000000000000000e+00
2.065452891319058182e+01,0.000000000000000000e+00
1.836203463906856825e+01,0.000000000000000000e+00
2.146099908059579420e+01,0.000000000000000000e+00
1.791591701018684546e+01,0.000000000000000000e+00
2.021380344798660644e+01,0.000000000000000000e+00
2.218534951194146032e+01,0.000000000000000000e+00
1.689127283804991464e+01,0.000000000000000000e+00
2.078148344334336528e+01,0.000000000000000000e+00
1.844464968570837726e+01,0.000000000000000000e+00
2.466742888862054173e+01,0.000000000000000000e+00
1.696472080514119796e+01,0.000000000000000000e+00
1.974210776288821023e+01,0.000000000000000000e+00
1.953616050757809219e+01,0.000000000000000000e+00
2.206179360632505038e+01,0.000000000000000000e+00
2.320274556697734170e+01,0.000000000000000000e+00
2.326142314315655568e+01,0.000000000000000000e+00
2.080822120557283128e+01,0.000000000000000000e+00
2.391005058965660268e+01,0.000000000000000000e+00
2.217871971303001288e+01,0.000000000000000000e+00
2.058617892923302151e+01,0.000000000000000000e+00
1.601389807253487518e+01,0.000000000000000000e+00
2.027799976735809295e+01,0.000000000000000000e+00
2.029617374454452161e+01,0.000000000000000000e+00
2.031192411297105593e+01,0.000000000000000000e+00
1.901344180827915764e+01,0.000000000000000000e+00
2.022541672196021523e+01,0.000000000000000000e+00
2.061248567146027355e+01,0.000000000000000000e+00
1.704019336546177499e+01,0.000000000000000000e+00
2.172449365248421316e+01,0.000000000000000000e+00
1.584444802262808061e+01,0.000000000000000000e+00
2.290421271984675045e+01,0.000000000000000000e+00
1.952381640297429755e+01,0.000000000000000000e+00
1.873519236623058148e+01,0.000000000000000000e+00
2.299660740961342498e+01,0.000000000000000000e+00
1.829953383535903555e+01,0.000000000000000000e+00
1.617189146645424813e+01,0.000000000000000000e+00
1.947070831780415645e+01,0.000000000000000000e+00
1.713102768930087905e+01,0.000000000000000000e+00
2.220994646289112850e+01,0.000000000000000000e+00
2.361026078453361166e+01,0.000000000000000000e+00
2.151001779121341784e+01,0.000000000000000000e+00
2.021942609431009785e+01,0.000000000000000000e+00
1.707628935160970585e+01,0.000000000000000000e+00
2.022830265305961817e+01,0.000000000000000000e+00
2.196775336881900742e+01,0.000000000000000000e+00
2.429785710077030103e+01,0.000000000000000000e+00
1.915488360149015179e+01,0.000000000000000000e+00
2.034522929322259088e+01,0.000000000000000000e+00
2.224982217255351813e+01,0.000000000000000000e+00
2.156246355013745131e+01,0.000000000000000000e+00
1.639907577200934696e+01,0.000000000000000000e+00
2.071298306275443224e+01,0.000000000000000000e+00
2.178206888853894085e+01,0.000000000000000000e+00
2.169718995080009449e+01,0.000000000000000000e+00
2.058617901636309000e+01,0.000000000000000000e+00
2.059747609165903626e+01,0.000000000000000000e+00
1.963161535062907959e+01,0.000000000000000000e+00
2.287412103772520666e+01,0.000000000000000000e+00
1.994577939066962813e+01,0.000000000000000000e+00
1.900984086565504327e+01,0.000000000000000000e+00
2.073313825079704031e+01,0.000000000000000000e+00
1.837797959961700300e+01,0.000000000000000000e+00
1.798598951375904065e+01,0.000000000000000000e+00
1.952706718837206878e+01,0.000000000000000000e+00
1.963012938929687223e+01,0.000000000000000000e+00
1.976548263424869845e+01,0.000000000000000000e+00
1.852908232233406949e+01,0.000000000000000000e+00
2.071367258634749930e+01,0.000000000000000000e+00
1.880946846857301225e+01,0.000000000000000000e+00
2.196712195114468003e+01,0.000000000000000000e+00
2.092757187168006539e+01,0.000000000000000000e+00
2.091754406620529494e+01,0.000000000000000000e+00
2.163224324753757699e+01,0.000000000000000000e+00
1.696815487479335260e+01,0.000000000000000000e+00
2.148445789008840379e+01,0.000000000000000000e+00
1.667831684906031953e+01,0.000000000000000000e+00
1.865313101815968366e+01,0.000000000000000000e+00
1.661182757118666586e+01,0.000000000000000000e+00
2.001168825184755207e+01,0.000000000000000000e+00
2.118381814706388155e+01,0.000000000000000000e+00
2.086769248488199224e+01,0.000000000000000000e+00
2.289148749492232682e+01,0.000000000000000000e+00
1.835531017334908199e+01,0.000000000000000000e+00
2.229566257237187088e+01,0.000000000000000000e+00
1.872233907497203731e+01,0.000000000000000000e+00
1.889331435435957118e+01,0.000000000000000000e+00
2.011047417291307582e+01,0.000000000000000000e+00
2.218301304626625026e+01,0.000000000000000000e+00
1.396037223760711221e+01,0.000000000000000000e+00
1.900329191887581359e+01,0.000000000000000000e+00
1.899488901670980567e+01,0.000000000000000000e+00
2.312532742112609441e+01,0.000000000000000000e+00
2.249858467554776809e+01,0.000000000000000000e+00
2.146733145928173769e+01,0.000000000000000000e+00
2.224059327118064999e+01,0.000000000000000000e+00
1.780733679917793211e+01,0.000000000000000000e+00
1.734402669632183347e+01,0.000000000000000000e+00
2.081119157831373911e+01,0.000000000000000000e+00
1.909456159611630355e+01,0.000000000000000000e+00
2.096508212449068509e+01,0.000000000000000000e+00
1.864120727132375421e+01,0.000000000000000000e+00
2.167230131521126779e+01,0.000000000000000000e+00
2.030744503334741324e+01,0.000000000000000000e+00
1.771539670946188494e+01,0.000000000000000000e+00
2.122923220144264533e+01,0.000000000000000000e+00
2.526423106532249818e+01,0.000000000000000000e+00
1.604608236181769243e+01,0.000000000000000000e+00
2.076713549448279750e+01,0.000000000000000000e+00
2.176252518699692118e+01,0.000000000000000000e+00
2.038301181309397592e+01,0.000000000000000000e+00
1.771731842072575347e+01,0.000000000000000000e+00
2.213709382899356015e+01,0.000000000000000000e+00
2.029267177835984626e+01,0.000000000000000000e+00
2.220054790146357959e+01,0.000000000000000000e+00
1.739959981891449203e+01,0.000000000000000000e+00
1.815846839556772352e+01,0.000000000000000000e+00
1.844506630829928895e+01,0.000000000000000000e+00
1.860391088017573935e+01,0.000000000000000000e+00
2.559543303622127652e+01,0.000000000000000000e+00
1.940747540521599035e+01,0.000000000000000000e+00
1.944536454625622923e+01,0.000000000000000000e+00
2.147949730703179938e+01,0.000000000000000000e+00
2.287272201425436080e+01,0.000000000000000000e+00
1.854053212385989724e+01,0.000000000000000000e+00
2.070974130093897614e+01,0.000000000000000000e+00
2.085101995308835043e+01,0.000000000000000000e+00
2.100649097912433660e+01,0.000000000000000000e+00
2.331319181731335988e+01,0.000000000000000000e+00
2.109502089690395366e+01,0.000000000000000000e+00
1.744914098343588194e+01,0.000000000000000000e+00
1.619228768528615348e+01,0.000000000000000000e+00
2.247734155861225602e+01,0.000000000000000000e+00
2.411966772665891767e+01,0.000000000000000000e+00
1.725868055711706006e+01,0.000000000000000000e+00
1.828476366383356932e+01,0.000000000000000000e+00
1.984168662425800633e+01,0.000000000000000000e+00
2.125035461429057904e+01,0.000000000000000000e+00
2.175246241686913962e+01,0.000000000000000000e+00
2.290785903900761511e+01,0.000000000000000000e+00
2.149136599163092143e+01,0.000000000000000000e+00
1.941095357162806323e+01,0.000000000000000000e+00
2.286453784833093295e+01,0.000000000000000000e+00
1.714000159501059173e+01,0.000000000000000000e+00
1.749186733486675749e+01,0.000000000000000000e+00
2.114903327318588921e+01,0.000000000000000000e+00
2.268762639994600150e+01,0.000000000000000000e+00
1.881380642576977991e+01,0.000000000000000000e+00
1.917173964416101839e+01,0.000000000000000000e+00
2.193479894454199197e+01,0.000000000000000000e+00
1.933763711298352206e+01,0.000000000000000000e+00
1.712224607655032926e+01,0.000000000000000000e+00
1.984244686125856205e+01,0.000000000000000000e+00
2.166812699808166087e+01,0.000000000000000000e+00
2.144490213522133359e+01,0.000000000000000000e+00
2.175818331905831116e+01,0.000000000000000000e+00
2.135201335127959510e+01,0.000000000000000000e+00
2.254012122634417636e+01,0.000000000000000000e+00
1.883386733089950127e+01,0.000000000000000000e+00
2.102204135110181582e+01,0.000000000000000000e+00
2.185344594940483987e+01,0.000000000000000000e+00
2.002961508343641484e+01,0.000000000000000000e+00
2.100334847161920493e+01,0.000000000000000000e+00
2.067199377564250895e+01,0.000000000000000000e+00
1.921244265824202202e+01,0.000000000000000000e+00
2.115586783704843654e+01,0.000000000000000000e+00
1.997631543044633418e+01,0.000000000000000000e+00
1.907877358093583453e+01,0.000000000000000000e+00
1.966815132219379691e+01,0.000000000000000000e+00
1.787563714720529973e+01,0.000000000000000000e+00
2.278171075190818229e+01,0.000000000000000000e+00
2.342565249302911923e+01,0.000000000000000000e+00
2.152666360269171264e+01,0.000000000000000000e+00
1.754856331809825676e+01,0.000000000000000000e+00
1.899149703695641733e+01,0.000000000000000000e+00
1.871024783627674992e+01,0.000000000000000000e+00
1.856290122037315626e+01,0.000000000000000000e+00
2.351739915543627291e+01,0.000000000000000000e+00
2.091043771411164087e+01,0.000000000000000000e+00
2.459106920383661432e+01,0.000000000000000000e+00
2.202668342274028745e+01,0.000000000000000000e+00
1.856386614521290568e+01,0.000000000000000000e+00
2.251629902558413221e+01,0.000000000000000000e+00
1.845753054107610325e+01,0.000000000000000000e+00
1.860812047199098984e+01,0.000000000000000000e+00
1.979346608440529920e+01,0.000000000000000000e+00
1.963627498068990818e+01,0.000000000000000000e+00
2.015794406591702170e+01,0.000000000000000000e+00
1.988457556935619763e+01,0.000000000000000000e+00
2.362533523292855264e+01,0.000000000000000000e+00
2.007660545895132032e+01,0.000000000000000000e+00
2.026367649121703352e+01,0.000000000000000000e+00
2.331906855107271070e+01,0.000000000000000000e+00
1.901421369600738487e+01,0.000000000000000000e+00
1.968430021211766956e+01,0.000000000000000000e+00
2.265413447538412939e+01,0.000000000000000000e+00
1.780166036436365928e+01,0.000000000000000000e+00
1.928429713804771950e+01,0.000000000000000000e+00
2.042331611842461214e+01,0.000000000000000000e+00
2.475459177384919585e+01,0.000000000000000000e+00
2.211123207930199186e+01,0.000000000000000000e+00
2.084637367291621857e+01,0.000000000000000000e+00
1.900502594652287414e+01,0.000000000000000000e+00
2.043858182167367232e+01,0.000000000000000000e+00
1.999487249967733504e+01,0.000000000000000000e+00
2.045439637106781561e+01,0.000000000000000000e+00
1.947743153777744851e+01,0.000000000000000000e+00
2.329207991950883994e+01,0.000000000000000000e+00
2.283160472705940336e+01,0.000000000000000000e+00
2.009258115356634633e+01,0.000000000000000000e+00
2.400929296776382316e+01,0.000000000000000000e+00
2.112447086439772548e+01,0.000000000000000000e+00
2.473712458397944758e+01,0.000000000000000000e+00
2.147078767809178501e+01,0.000000000000000000e+00
2.178525861886585346e+01,0.000000000000000000e+00
2.449317120797226011e+01,0.000000000000000000e+00
2.111702743747448352e+01,0.000000000000000000e+00
2.013010403802553583e+01,0.000000000000000000e+00
2.067306989053157906e+01,0.000000000000000000e+00
1.798008193956631828e+01,0.000000000000000000e+00
2.369761293782915601e+01,0.000000000000000000e+00
2.175410495921606113e+01,0.000000000000000000e+00
2.449021288046831302e+01,0.000000000000000000e+00
2.386429091289697269e+01,0.000000000000000000e+00
2.424435857789215731e+01,0.000000000000000000e+00
2.465040300483681079e+01,0.000000000000000000e+00
1.918665768247206671e+01,0.000000000000000000e+00
2.182602610100382989e+01,0.000000000000000000e+00
2.067411423755494226e+01,0.000000000000000000e+00
2.131299567916509830e+01,0.000000000000000000e+00
2.748274094977921322e+01,0.000000000000000000e+00
2.089424436439993826e+01,0.000000000000000000e+00
2.107845748016413623e+01,0.000000000000000000e+00
1.907205007549574916e+01,0.000000000000000000e+00
2.579384860227242271e+01,0.000000000000000000e+00
2.381721156036915943e+01,0.000000000000000000e+00
2.205404053873111181e+01,0.000000000000000000e+00
2.030007546084348391e+01,0.000000000000000000e+00
2.152393334980848039e+01,0.000000000000000000e+00
2.134044000664316698e+01,0.000000000000000000e+00
2.353027004177897652e+01,0.000000000000000000e+00
1.944643605885720206e+01,0.000000000000000000e+00
2.383731671840717681e+01,0.000000000000000000e+00
2.354012756332444312e+01,0.000000000000000000e+00
2.194050974217681826e+01,0.000000000000000000e+00
2.256048035655288686e+01,0.000000000000000000e+00
2.222957200093226504e+01,0.000000000000000000e+00
2.297782268552750651e+01,0.000000000000000000e+00
2.289199496325276684e+01,0.000000000000000000e+00
2.404468606979096990e+01,0.000000000000000000e+00
2.489729194233592580e+01,0.000000000000000000e+00
2.167823064667170385e+01,0.000000000000000000e+00
2.080212970478066481e+01,0.000000000000000000e+00
2.364425458124763679e+01,0.000000000000000000e+00
2.327414269646396505e+01,0.000000000000000000e+00
2.387918650743693405e+01,0.000000000000000000e+00
2.627668814856729895e+01,0.000000000000000000e+00
2.232734459635272373e+01,0.000000000000000000e+00
2.284406022861476160e+01,0.000000000000000000e+00
2.423106695512813502e+01,0.000000000000000000e+00
2.483544052141269987e+01,0.000000000000000000e+00
2.197240617670536622e+01,0.000000000000000000e+00
2.276035060724588277e+01,0.000000000000000000e+00
1.999449696004886690e+01,0.000000000000000000e+00
2.632325160590993463e+01,0.000000000000000000e+00
2.271296161889687681e+01,0.000000000000000000e+00
1.788783831130361790e+01,0.000000000000000000e+00
2.226655103282815062e+01,0.000000000000000000e+00
2.072597062607972518e+01,0.000000000000000000e+00
2.208535327336490894e+01,0.000000000000000000e+00
2.373611895086392209e+01,0.000000000000000000e+00
2.304028597419810609e+01,0.000000000000000000e+00
2.482257519739236429e+01,0.000000000000000000e+00
2.254356810409948508e+01,0.000000000000000000e+00
2.312801666081858798e+01,0.000000000000000000e+00
2.423779983166623708e+01,0.000000000000000000e+00
2.264985726102066366e+01,0.000000000000000000e+00
2.316400653221589323e+01,0.000000000000000000e+00
2.488088980020757290e+01,0.000000000000000000e+00
2.570747826069351660e+01,0.000000000000000000e+00
2.293116726696086616e+01,0.000000000000000000e+00
2.635422877706507450e+01,0.000000000000000000e+00
2.632553191540765525e+01,0.000000000000000000e+00
2.241491209591066891e+01,0.000000000000000000e+00
2.186383489607186803e+01,0.000000000000000000e+00
2.128810124230711409e+01,0.000000000000000000e+00
2.368037365281314166e+01,0.000000000000000000e+00
2.323206572962159200e+01,0.000000000000000000e+00
2.297298206082758298e+01,0.000000000000000000e+00
2.826489896161874782e+01,0.000000000000000000e+00
2.199254959478788507e+01,0.000000000000000000e+00
2.291099725557522859e+01,0.000000000000000000e+00
2.362067272206196478e+01,0.000000000000000000e+00
2.781859984581012313e+01,0.000000000000000000e+00
2.630159226407573314e+01,0.000000000000000000e+00
2.451596398429360590e+01,0.000000000000000000e+00
2.506690919661533101e+01,0.000000000000000000e+00
2.448949976120495364e+01,0.000000000000000000e+00
2.070727134247897894e+01,0.000000000000000000e+00
2.621317353375092907e+01,0.000000000000000000e+00
2.396675317561667740e+01,0.000000000000000000e+00
2.219318845365186732e+01,0.000000000000000000e+00
2.234200925151993999e+01,0.000000000000000000e+00
2.669657838721732190e+01,0.000000000000000000e+00
2.338748597001911733e+01,0.000000000000000000e+00
2.281565575962621040e+01,0.000000000000000000e+00
2.510174925521435796e+01,0.000000000000000000e+00
2.552334472341015115e+01,0.000000000000000000e+00
2.618907125548192028e+01,0.000000000000000000e+00
2.710688566597760385e+01,0.000000000000000000e+00
2.638626415204123887e+01,0.000000000000000000e+00
2.407802228485716256e+01,0.000000000000000000e+00
2.576300547591099388e+01,0.000000000000000000e+00
2.720836561040567503e+01,0.000000000000000000e+00
2.604179811536731393e+01,0.000000000000000000e+00
2.503182317054919537e+01,0.000000000000000000e+00
2.410010355800385184e+01,0.000000000000000000e+00
2.608574693732413508e+01,0.000000000000000000e+00
2.175708755704832242e+01,0.000000000000000000e+00
3.079996881233230965e+01,0.000000000000000000e+00
2.716615342318040405e+01,0.000000000000000000e+00
2.495678627424728191e+01,0.000000000000000000e+00
2.790303469134287795e+01,0.000000000000000000e+00
2.630793028394685606e+01,0.000000000000000000e+00
2.562262093087771575e+01,0.000000000000000000e+00
2.559797916339310220e+01,0.000000000000000000e+00
2.252062833626496996e+01,0.000000000000000000e+00
2.342272191156174799e+01,0.000000000000000000e+00
2.592317827094412763e+01,0.000000000000000000e+00
2.550737444970007672e+01,0.000000000000000000e+00
2.250146771546291191e+01,0.000000000000000000e+00
2.610493309040908372e+01,0.000000000000000000e+00
2.568045955871454211e+01,0.000000000000000000e+00
2.497116948687062887e+01,0.000000000000000000e+00
2.434015038643302731e+01,0.000000000000000000e+00
2.707598194238681799e+01,0.000000000000000000e+00
2.851511279349436734e+01,0.000000000000000000e+00
2.278957032811877781e+01,0.000000000000000000e+00
2.747578125963840634e+01,0.000000000000000000e+00
2.612612707439890514e+01,0.000000000000000000e+00
2.814726634247601211e+01,0.000000000000000000e+00
2.750630858007209056e+01,0.000000000000000000e+00
2.956871774482211634e+01,0.000000000000000000e+00
2.594308682927874088e+01,0.000000000000000000e+00
2.467669571971740794e+01,0.000000000000000000e+00
2.723621506297913086e+01,0.000000000000000000e+00
2.842918414862378640e+01,0.000000000000000000e+00
2.632479659275118777e+01,0.000000000000000000e+00
2.719059257418399866e+01,0.000000000000000000e+00
2.758862671395641897e+01,0.000000000000000000e+00
2.595672542360592061e+01,0.000000000000000000e+00
2.841898447239437075e+01,0.000000000000000000e+00
2.658680702540196705e+01,0.000000000000000000e+00
2.637237646406643421e+01,0.000000000000000000e+00
2.910148021896960557e+01,0.000000000000000000e+00
2.932449670965930011e+01,0.000000000000000000e+00
3.087095964206742593e+01,0.000000000000000000e+00
2.384007799677499406e+01,0.000000000000000000e+00
2.300577547459422334e+01,0.000000000000000000e+00
2.840684924115243959e+01,0.000000000000000000e+00
2.279143500417030310e+01,0.000000000000000000e+00
2.900735101972543717e+01,0.000000000000000000e+00
2.513860947131707491e+01,0.000000000000000000e+00
3.020131499555908761e+01,0.000000000000000000e+00
2.762094858016969212e+01,0.000000000000000000e+00
2.821452816506239003e+01,0.000000000000000000e+00
3.046981811030896026e+01,0.000000000000000000e+00
2.325848224794217600e+01,0.000000000000000000e+00
2.315726059660720537e+01,0.000000000000000000e+00
2.719865944770977961e+01,0.000000000000000000e+00
2.724893484263878918e+01,0.000000000000000000e+00
2.751446470666120803e+01,0.000000000000000000e+00
3.100585051573250794e+01,0.000000000000000000e+00
3.183542995394319064e+01,0.000000000000000000e+00
2.629067212494491201e+01,0.000000000000000000e+00
2.733185790064186449e+01,0.000000000000000000e+00
2.878931714659084662e+01,0.000000000000000000e+00
3.060382856893798476e+01,0.000000000000000000e+00
3.340731303731654833e+01,0.000000000000000000e+00
2.776468922462034072e+01,0.000000000000000000e+00
3.056568919453166444e+01,0.000000000000000000e+00
2.815308020963356128e+01,0.000000000000000000e+00
2.994560620450669575e+01,0.000000000000000000e+00
3.241256857746113695e+01,0.000000000000000000e+00
3.050678116610633239e+01,0.000000000000000000e+00
2.677084398292397083e+01,0.000000000000000000e+00
2.944837612475835442e+01,0.000000000000000000e+00
3.058083407845806079e+01,0.000000000000000000e+00
2.901986853620939755e+01,0.000000000000000000e+00
2.955532670375239945e+01,0.000000000000000000e+00
2.852492471381159334e+01,0.000000000000000000e+00
2.700614855598276520e+01,0.000000000000000000e+00
3.309082960144881014e+01,0.000000000000000000e+00
3.074468973086095147e+01,0.000000000000000000e+00
3.241245811865334048e+01,0.000000000000000000e+00
3.001560687327178911e+01,0.000000000000000000e+00
3.098644826421080012e+01,0.000000000000000000e+00
2.774233146688703755e+01,0.000000000000000000e+00
2.888474189183686036e+01,0.000000000000000000e+00
3.233154073482953805e+01,0.000000000000000000e+00
2.849477546088960267e+01,0.000000000000000000e+00
2.828259948580789995e+01,0.000000000000000000e+00
2.911601507919774079e+01,0.000000000000000000e+00
3.344844818538213360e+01,0.000000000000000000e+00
3.243748776612196139e+01,0.000000000000000000e+00
3.165387395354685651e+01,0.000000000000000000e+00
3.313463158980203360e+01,0.000000000000000000e+00
3.018743628901002296e+01,0.000000000000000000e+00
3.247235703558387598e+01,0.000000000000000000e+00
2.990334223764588373e+01,0.000000000000000000e+00
2.975247617752403428e+01,0.000000000000000000e+00
2.783097931732351782e+01,0.000000000000000000e+00
3.271542475529634686e+01,0.000000000000000000e+00
3.204292163777414260e+01,0.000000000000000000e+00
2.919503713853549343e+01,0.000000000000000000e+00
3.067211787967495695e+01,0.000000000000000000e+00
2.895397096212571242e+01,0.000000000000000000e+00
3.068584867346722334e+01,0.000000000000000000e+00
3.098037535098357154e+01,0.000000000000000000e+00
3.215251421668080667e+01,0.000000000000000000e+00
2.991022345421641404e+01,0.000000000000000000e+00
3.466591367121726819e+01,0.000000000000000000e+00
3.441879566486912267e+01,0.000000000000000000e+00
3.278979585826175480e+01,0.000000000000000000e+00
3.037148488059654738e+01,0.000000000000000000e+00
3.144992559593607950e+01,0.000000000000000000e+00
3.548006790705201041e+01,0.000000000000000000e+00
2.900525282498969659e+01,0.000000000000000000e+00
2.842516810081188439e+01,0.000000000000000000e+00
3.245095847584605764e+01,0.000000000000000000e+00
3.441955751004184094e+01,0.000000000000000000e+00
3.479240977985405436e+01,0.000000000000000000e+00
3.745140176612849814e+01,0.000000000000000000e+00
3.044824321899923092e+01,0.000000000000000000e+00
2.974281520067209428e+01,0.000000000000000000e+00
3.317692491190489790e+01,0.000000000000000000e+00
2.716251356731806155e+01,0.000000000000000000e+00
3.603112099114409261e+01,0.000000000000000000e+00
3.348812170142900868e+01,0.000000000000000000e+00
3.693491091142644933e+01,0.000000000000000000e+00
3.448464159870246704e+01,0.000000000000000000e+00
2.986217613750110189e+01,0.000000000000000000e+00
3.270698781760770402e+01,0.000000000000000000e+00
3.357536269669474649e+01,0.000000000000000000e+00
3.555823272064255747e+01,0.000000000000000000e+00
3.204631713186515896e+01,0.000000000000000000e+00
2.998641311511970642e+01,0.000000000000000000e+00
3.080119176314112650e+01,0.000000000000000000e+00
3.634141315490970214e+01,0.000000000000000000e+00
3.522074067135827136e+01,0.000000000000000000e+00
3.439386643196672111e+01,0.000000000000000000e+00
3.376088198164053011e+01,0.000000000000000000e+00
3.350083812975366016e+01,0.000000000000000000e+00
3.252505183117536092e+01,0.000000000000000000e+00
3.614654036612639487e+01,0.000000000000000000e+00
3.346464898455788273e+01,0.000000000000000000e+00
3.331516578369289050e+01,0.000000000000000000e+00
3.326407705897082678e+01,0.000000000000000000e+00
3.722750736429251361e+01,0.000000000000000000e+00
3.873127743768448283e+01,0.000000000000000000e+00
3.445842351199348741e+01,0.000000000000000000e+00
3.748953271342725202e+01,0.000000000000000000e+00
3.553350180941143321e+01,0.000000000000000000e+00
3.298260457030770709e+01,0.000000000000000000e+00
3.343393090789533062e+01,0.000000000000000000e+00
3.186502657368624014e+01,0.000000000000000000e+00
3.427067790563361882e+01,0.000000000000000000e+00
3.159736662383240358e+01,0.000000000000000000e+00
3.474056561978585478e+01,0.000000000000000000e+00
3.252119687582059271e+01,0.000000000000000000e+00
3.672328857957337078e+01,0.000000000000000000e+00
3.461038949854499691e+01,0.000000000000000000e+00
2.922932904094651008e+01,0.000000000000000000e+00
3.651232964710192874e+01,0.000000000000000000e+00
3.517806602397419624e+01,0.000000000000000000e+00
3.356612232010485286e+01,0.000000000000000000e+00
3.252058853241795333e+01,0.000000000000000000e+00
3.482390695067805808e+01,0.000000000000000000e+00
3.331427844421834550e+01,0.000000000000000000e+00
3.575079808509287460e+01,0.000000000000000000e+00
3.331610959818425499e+01,0.000000000000000000e+00
3.720227201830523001e+01,0.000000000000000000e+00
3.575215593962405336e+01,0.000000000000000000e+00
3.420989516042608614e+01,0.000000000000000000e+00
3.730695066199346144e+01,0.000000000000000000e+00
3.430072181766296779e+01,0.000000000000000000e+00
3.662295642849754529e+01,0.000000000000000000e+00
3.870676251814926161e+01,0.000000000000000000e+00
3.387417832309495935e+01,0.000000000000000000e+00
3.653698731859728355e+01,0.000000000000000000e+00
3.349577873623011470e+01,0.000000000000000000e+00
3.636675298934930112e+01,0.000000000000000000e+00
3.476613812588595209e+01,0.000000000000000000e+00
3.638000381554845575e+01,0.000000000000000000e+00
3.847534457035964550e+01,0.000000000000000000e+00
4.079963817370132517e+01,0.000000000000000000e+00
3.469058755696593721e+01,0.000000000000000000e+00
3.378961805102735383e+01,0.000000000000000000e+00
3.636918302460765062e+01,0.000000000000000000e+00
3.803758967534928104e+01,0.000000000000000000e+00
3.702502614083018528e+01,0.000000000000000000e+00
3.370825523535157231e+01,0.000000000000000000e+00
3.799536062836490657e+01,0.000000000000000000e+00
3.567539830572859216e+01,0.000000000000000000e+00
3.869053079460503142e+01,0.000000000000000000e+00
3.620123671733544768e+01,0.000000000000000000e+00
4.188111269859709296e+01,0.000000000000000000e+00
3.475661792867784783e+01,0.000000000000000000e+00
3.589624513175254350e+01,0.000000000000000000e+00
3.853540722202647117e+01,0.000000000000000000e+00
3.882170605017522291e+01,0.000000000000000000e+00
3.530650231659235061e+01,0.000000000000000000e+00
3.539019275155502697e+01,0.000000000000000000e+00
3.676009625921458479e+01,0.000000000000000000e+00
3.933057968425799089e+01,0.000000000000000000e+00
3.861669259035652857e+01,0.000000000000000000e+00
3.696273911626765596e+01,0.000000000000000000e+00
3.763934937580916795e+01,0.000000000000000000e+00
3.634076343475928184e+01,0.000000000000000000e+00
3.859866036516534393e+01,0.000000000000000000e+00
3.838261634562366709e+01,0.000000000000000000e+00
4.001716791414013841e+01,0.000000000000000000e+00
3.622531265492587238e+01,0.000000000000000000e+00
4.147586679424858147e+01,0.000000000000000000e+00
3.786745081928339829e+01,0.000000000000000000e+00
3.808372825626734226e+01,0.000000000000000000e+00
3.717276013243192523e+01,0.000000000000000000e+00
4.027368312117295801e+01,0.000000000000000000e+00
3.707190256335064760e+01,0.000000000000000000e+00
3.647982850329386650e+01,0.000000000000000000e+00
3.871330681187721723e+01,0.000000000000000000e+00
3.824164012715007743e+01,0.000000000000000000e+00
4.024321905610164407e+01,0.000000000000000000e+00
3.656970303379103626e+01,0.000000000000000000e+00
3.822025431873114343e+01,0.000000000000000000e+00
3.903608347203781648e+01,0.000000000000000000e+00
4.183840506283053884e+01,0.000000000000000000e+00
4.177353397171297900e+01,0.000000000000000000e+00
3.832612958870743114e+01,0.000000000000000000e+00
3.777036428876881757e+01,0.000000000000000000e+00
3.947851502225292109e+01,0.000000000000000000e+00
3.854982390406961912e+01,0.000000000000000000e+00
4.245557856279693709e+01,0.000000000000000000e+00
3.737467748792627731e+01,0.000000000000000000e+00
4.097183880817550516e+01,0.000000000000000000e+00
4.147584231757777928e+01,0.000000000000000000e+00
4.089100476879843882e+01,0.000000000000000000e+00
3.942922230216575485e+01,0.000000000000000000e+00
4.038076578715475762e+01,0.000000000000000000e+00
4.046259902360967686e+01,0.000000000000000000e+00
3.890952961249043085e+01,0.000000000000000000e+00
4.232735911869544054e+01,0.000000000000000000e+00
4.195200404486944734e+01,0.000000000000000000e+00
4.214703760853926440e+01,0.000000000000000000e+00
4.491015070294982792e+01,0.000000000000000000e+00
3.990073313916889930e+01,0.000000000000000000e+00
4.008472891713210373e+01,0.000000000000000000e+00
4.248782789198025256e+01,0.000000000000000000e+00
4.060540750132879850e+01,0.000000000000000000e+00
4.203026222720085059e+01,0.000000000000000000e+00
4.046950297313688338e+01,0.000000000000000000e+00
4.347136006840518263e+01,0.000000000000000000e+00
4.250093867108046197e+01,0.000000000000000000e+00
3.947741334094948229e+01,0.000000000000000000e+00
3.942309951204455842e+01,0.000000000000000000e+00
4.280256978028173620e+01,0.000000000000000000e+00
4.347762241263436067e+01,0.000000000000000000e+00
4.144599460295948745e+01,0.000000000000000000e+00
4.246340486256797675e+01,0.000000000000000000e+00
4.237758767657359016e+01,0.000000000000000000e+00
4.163929920505366766e+01,0.000000000000000000e+00
4.130029395664751490e+01,0.000000000000000000e+00
4.342062405302934991e+01,0.000000000000000000e+00
4.144123025783868997e+01,0.000000000000000000e+00
4.471969562571671020e+01,0.000000000000000000e+00
4.043127707284061501e+01,0.000000000000000000e+00
4.307193243412483952e+01,0.000000000000000000e+00
4.540048554788686630e+01,0.000000000000000000e+00
4.028897401833035730e+01,0.000000000000000000e+00
4.442275158212962083e+01,0.000000000000000000e+00
4.551762865038666206e+01,0.000000000000000000e+00
4.607845944545446315e+01,0.000000000000000000e+00
4.571057717921254238e+01,0.000000000000000000e+00
4.295896929363527050e+01,0.000000000000000000e+00
4.284932805997650718e+01,0.000000000000000000e+00
4.212548669442337967e+01,0.000000000000000000e+00
4.420644180241944809e+01,0.000000000000000000e+00
4.543831462725081138e+01,0.000000000000000000e+00
4.280164126463822782e+01,0.000000000000000000e+00
4.122632402672889640e+01,0.000000000000000000e+00
4.290872604303886106e+01,0.000000000000000000e+00
4.687807534084700478e+01,0.000000000000000000e+00
4.587257267769303581e+01,0.000000000000000000e+00
4.698595252796867783e+01,0.000000000000000000e+00
4.685523730859670621e+01,0.000000000000000000e+00
4.410783932210936342e+01,0.000000000000000000e+00
4.581990086998634126e+01,0.000000000000000000e+00
4.367137785510911385e+01,0.000000000000000000e+00
4.429588168299494555e+01,0.000000000000000000e+00
4.367914277933109446e+01,0.000000000000000000e+00
4.729789684555969842e+01,0.000000000000000000e+00
4.525612737244852468e+01,0.000000000000000000e+00
4.620210472555621095e+01,0.000000000000000000e+00
4.432581203855961860e+01,0.000000000000000000e+00
4.386908657454892335e+01,0.000000000000000000e+00
4.486134737575547149e+01,0.000000000000000000e+00
4.587518367907546235e+01,0.000000000000000000e+00
4.486839582127326764e+01,0.000000000000000000e+00
4.168878394377494345e+01,0.000000000000000000e+00
4.216449506106661715e+01,0.000000000000000000e+00
4.549772633459920712e+01,0.000000000000000000e+00
4.321706157397039760e+01,0.000000000000000000e+00
4.523556956577951382e+01,0.000000000000000000e+00
4.393013105602445734e+01,0.000000000000000000e+00
4.689064375440869981e+01,0.000000000000000000e+00
4.385573053712732161e+01,0.000000000000000000e+00
4.681341212657133610e+01,0.000000000000000000e+00
4.531769473856056152e+01,0.000000000000000000e+00
4.675846094457978097e+01,0.000000000000000000e+00
4.724640509207787176e+01,0.000000000000000000e+00
4.672371178598475439e+01,0.000000000000000000e+00
4.788454428105025329e+01,0.000000000000000000e+00
4.277796594744367553e+01,0.000000000000000000e+00
4.653047102838100102e+01,0.000000000000000000e+00
4.899693255433520278e+01,0.000000000000000000e+00
4.671306383558651731e+01,0.000000000000000000e+00
4.545222138156094616e+01,0.000000000000000000e+00
4.677422536407203779e+01,0.000000000000000000e+00
4.860266291249029535e+01,0.000000000000000000e+00
4.486116549941361598e+01,0.000000000000000000e+00
4.807044848102248835e+01,0.000000000000000000e+00
4.707538925287187936e+01,0.000000000000000000e+00
4.674484458668624853e+01,0.000000000000000000e+00
4.812103478838551496e+01,0.000000000000000000e+00
4.414995468467942885e+01,0.000000000000000000e+00
4.537693570151039779e+01,0.000000000000000000e+00
4.713506649638181756e+01,0.000000000000000000e+00
4.469976821840922554e+01,0.000000000000000000e+00
4.979656814426178357e+01,0.000000000000000000e+00
4.390667887168744699e+01,0.000000000000000000e+00
4.990180467789369345e+01,0.000000000000000000e+00
5.177704006259829583e+01,0.000000000000000000e+00
4.709999680093459062e+01,0.000000000000000000e+00
5.018139910406688387e+01,0.000000000000000000e+00
4.472520465699490444e+01,0.000000000000000000e+00
4.868661882287033649e+01,0.000000000000000000e+00
4.986118971310742864e+01,0.000000000000000000e+00
4.664359148063547167e+01,0.000000000000000000e+00
4.377589397284948802e+01,0.000000000000000000e+00
5.151627698533916089e+01,0.000000000000000000e+00
4.877864503041372046e+01,0.000000000000000000e+00
5.003885652364026981e+01,0.000000000000000000e+00
5.345174374076152191e+01,0.000000000000000000e+00
4.920462737652128027e+01,0.000000000000000000e+00
4.751465785055099644e+01,0.000000000000000000e+00
4.963982440997683199e+01,0.000000000000000000e+00
4.939273152662050137e+01,0.000000000000000000e+00
5.028643123102870049e+01,0.000000000000000000e+00
5.244605975611123228e+01,0.000000000000000000e+00
5.097256579560173861e+01,0.000000000000000000e+00
4.536097751940555156e+01,0.000000000000000000e+00
4.691099787531415899e+01,0.000000000000000000e+00
4.940173296338584663e+01,0.000000000000000000e+00
5.197615989046741447e+01,0.000000000000000000e+00
4.930933123117318928e+01,0.000000000000000000e+00
4.870773941138793361e+01,0.000000000000000000e+00
4.914995741581255828e+01,0.000000000000000000e+00
5.298955061200845762e+01,0.000000000000000000e+00
5.001031822586109854e+01,0.000000000000000000e+00
5.302137654537649070e+01,0.000000000000000000e+00
5.368517917508161474e+01,0.000000000000000000e+00
4.888955598423503091e+01,0.000000000000000000e+00
5.226171542565342776e+01,0.000000000000000000e+00
4.674889390515353682e+01,0.000000000000000000e+00
4.944611798557793492e+01,0.000000000000000000e+00
5.208047541100278011e+01,0.000000000000000000e+00
4.742262440044444816e+01,0.000000000000000000e+00
4.935427479526219230e+01,0.000000000000000000e+00
5.230540605815257749e+01,0.000000000000000000e+00
5.010838618749283313e+01,0.000000000000000000e+00
5.052640890498602744e+01,0.000000000000000000e+00
5.128063289975013817e+01,0.000000000000000000e+00
5.009617421386012381e+01,0.000000000000000000e+00
4.984549430374929813e+01,0.000000000000000000e+00
5.412482880323713630e+01,0.000000000000000000e+00
5.377435988734486472e+01,0.000000000000000000e+00
4.924525408247915692e+01,0.000000000000000000e+00
4.762752498109557564e+01,0.000000000000000000e+00
4.687122501496549631e+01,0.000000000000000000e+00
4.878652906364139596e+01,0.000000000000000000e+00
5.070317963320086108e+01,0.000000000000000000e+00
5.229780778292943211e+01,0.000000000000000000e+00
5.027750984089441033e+01,0.000000000000000000e+00
5.196611734358626222e+01,0.000000000000000000e+00
5.119992823834962081e+01,0.000000000000000000e+00
5.434668189281067185e+01,0.000000000000000000e+00
5.006257544826360117e+01,0.000000000000000000e+00
5.371528674376805412e+01,0.000000000000000000e+00
5.231883844721198074e+01,0.000000000000000000e+00
5.324841135110085588e+01,0.000000000000000000e+00
5.461411639873220025e+01,0.000000000000000000e+00
5.402200128307769944e+01,0.000000000000000000e+00
5.638535860784473641e+01,0.000000000000000000e+00
5.246997352303974793e+01,0.000000000000000000e+00
5.694830690714604771e+01,0.000000000000000000e+00
5.538445659453773828e+01,0.000000000000000000e+00
5.321562495573783025e+01,0.000000000000000000e+00
4.826480168687244543e+01,0.000000000000000000e+00
5.210032404765157565e+01,0.000000000000000000e+00
5.375301769884973169e+01,0.000000000000000000e+00
5.394771191235347629e+01,0.000000000000000000e+00
4.889556917994821106e+01,0.000000000000000000e+00
5.327214192381114799e+01,0.000000000000000000e+00
5.619857904295048456e+01,0.000000000000000000e+00
5.644370422831767087e+01,0.000000000000000000e+00
5.892996757185929368e+01,0.000000000000000000e+00
5.370751806022141750e+01,0.000000000000000000e+00
5.456694670301953920e+01,0.000000000000000000e+00
5.273926717593283797e+01,0.000000000000000000e+00
5.519122177830551124e+01,0.000000000000000000e+00
5.420982355000347752e+01,0.000000000000000000e+00
5.454613575616770049e+01,0.000000000000000000e+00
5.209590560249647950e+01,0.000000000000000000e+00
5.385005282003208293e+01,0.000000000000000000e+00
5.578233100755154794e+01,0.000000000000000000e+00
5.666775192896791680e+01,0.000000000000000000e+00
5.481576347377543357e+01,0.000000000000000000e+00
5.365785073958129914e+01,0.000000000000000000e+00
5.542028605298072819e+01,0.000000000000000000e+00
5.316107893063070122e+01,0.000000000000000000e+00
5.090664171850554709e+01,0.000000000000000000e+00
5.208921079133591547e+01,0.000000000000000000e+00
5.369052674110869816e+01,0.000000000000000000e+00
5.991234912496863529e+01,0.000000000000000000e+00
5.459615675747417640e+01,0.000000000000000000e+00
5.622183851877000649e+01,0.000000000000000000e+00
5.167948973163953497e+01,0.000000000000000000e+00
5.305069911377670167e+01,0.000000000000000000e+00
5.683571904189224000e+01,0.000000000000000000e+00
5.705294538643133251e+01,0.000000000000000000e+00
5.781514610020218470e+01,0.000000000000000000e+00
5.474317008841521215e+01,0.000000000000000000e+00
5.588998775719738887e+01,0.000000000000000000e+00
5.704911234842861489e+01,0.000000000000000000e+00
5.557912828052543830e+01,0.000000000000000000e+00
5.982243176658342065e+01,0.000000000000000000e+00
5.629904237192843652e+01,0.000000000000000000e+00
6.025174437441965125e+01,0.000000000000000000e+00
5.672039993869623231e+01,0.000000000000000000e+00
5.840495813043125395e+01,0.000000000000000000e+00
5.599517008159942577e+01,0.000000000000000000e+00
5.483951354760915109e+01,0.000000000000000000e+00
5.990493479978253077e+01,0.000000000000000000e+00
5.417067780344813599e+01,0.000000000000000000e+00
5.776395090265395993e+01,0.000000000000000000e+00
5.632764912933006229e+01,0.000000000000000000e+00
5.675442099869246704e+01,0.000000000000000000e+00
5.747061522814197332e+01,0.000000000000000000e+00
5.755808520880421497e+01,0.000000000000000000e+00
5.556999245299241608e+01,0.000000000000000000e+00
5.459171978434650185e+01,0.000000000000000000e+00
5.853116405295416769e+01,0.000000000000000000e+00
5.429587855278095532e+01,0.000000000000000000e+00
5.431424614500486570e+01,0.000000000000000000e+00
5.704558978891616761e+01,0.000000000000000000e+00
6.042855742663918761e+01,0.000000000000000000e+00
5.520025507324071157e+01,0.000000000000000000e+00
5.805353372872849604e+01,0.000000000000000000e+00
5.961078028143146668e+01,0.000000000000000000e+00
5.841168883264347045e+01,0.000000000000000000e+00
5.669510688736262694e+01,0.000000000000000000e+00
5.714775493795298900e+01,0.000000000000000000e+00
5.563040342145608008e+01,0.000000000000000000e+00
5.713365389737307254e+01,0.000000000000000000e+00
5.807517583545674000e+01,0.000000000000000000e+00
6.172443942572122921e+01,0.000000000000000000e+00
5.858762850397565813e+01,0.000000000000000000e+00
5.838141028036422142e+01,0.000000000000000000e+00
5.982510006341571085e+01,0.000000000000000000e+00
5.866155983240393823e+01,0.000000000000000000e+00
6.049119755929757503e+01,0.000000000000000000e+00
5.988402792018951715e+01,0.000000000000000000e+00
5.747274971758236006e+01,0.000000000000000000e+00
5.910774226902194783e+01,0.000000000000000000e+00
6.076669416570369009e+01,0.000000000000000000e+00
5.545801751432547633e+01,0.000000000000000000e+00
5.977687138362350794e+01,0.000000000000000000e+00
5.971809621038239158e+01,0.000000000000000000e+00
5.855419809860917724e+01,0.000000000000000000e+00
5.833666320870229782e+01,0.000000000000000000e+00
5.843345249753032533e+01,0.000000000000000000e+00
5.979184748317525333e+01,0.000000000000000000e+00
6.354342116625091563e+01,0.000000000000000000e+00
6.094008814390424078e+01,0.000000000000000000e+00
5.804692080928518294e+01,0.000000000000000000e+00
5.968307475324715483e+01,0.000000000000000000e+00
5.776263416091253333e+01,0.000000000000000000e+00
6.381356545136376468e+01,0.000000000000000000e+00
5.965869686720471066e+01,0.000000000000000000e+00
6.377248965964086835e+01,0.000000000000000000e+00
6.088747110273331486e+01,0.000000000000000000e+00
6.421349772821159263e+01,0.000000000000000000e+00
6.167929541271323757e+01,0.000000000000000000e+00
6.306397422958886523e+01,0.000000000000000000e+00
6.046568796849899030e+01,0.000000000000000000e+00
6.250571890921953155e+01,0.000000000000000000e+00
5.884846932112083806e+01,0.000000000000000000e+00
6.015153608976429211e+01,0.000000000000000000e+00
5.862130138071221808e+01,0.000000000000000000e+00
6.218521540682299786e+01,0.000000000000000000e+00
6.157286734490360658e+01,0.000000000000000000e+00
6.307717068948934269e+01,0.000000000000000000e+00
6.273933920387660379e+01,0.000000000000000000e+00
6.302748444566169184e+01,0.000000000000000000e+00
6.063298951543943360e+01,0.000000000000000000e+00
6.329787389587423974e+01,0.000000000000000000e+00
6.198975287311832716e+01,0.000000000000000000e+00
6.402786400156088575e+01,0.000000000000000000e+00
6.271316030670575259e+01,0.000000000000000000e+00
5.902920234969570146e+01,0.000000000000000000e+00
6.440210535415954496e+01,0.000000000000000000e+00
6.409190357557869788e+01,0.000000000000000000e+00
6.492261555721159993e+01,0.000000000000000000e+00
6.153595606455065337e+01,0.000000000000000000e+00
6.429254370556130027e+01,0.000000000000000000e+00
6.375364721508042720e+01,0.000000000000000000e+00
6.011083935248376520e+01,0.000000000000000000e+00
6.157595007379442364e+01,0.000000000000000000e+00
6.127925279273328130e+01,0.000000000000000000e+00
6.602932154158857259e+01,0.000000000000000000e+00
6.436325006550841010e+01,0.000000000000000000e+00
6.452634568525624559e+01,0.000000000000000000e+00
6.274503978160198869e+01,0.000000000000000000e+00
6.339959234415525913e+01,0.000000000000000000e+00
6.321427507955950631e+01,0.000000000000000000e+00
6.224478034422040906e+01,0.000000000000000000e+00
6.472818010443293701e+01,0.000000000000000000e+00
6.348415529031418458e+01,0.000000000000000000e+00
6.196444670653445996e+01,0.000000000000000000e+00
6.538121112273384483e+01,0.000000000000000000e+00
6.256029625384891091e+01,0.000000000000000000e+00
5.864446503218044882e+01,0.000000000000000000e+00
6.380178295123531740e+01,0.000000000000000000e+00
6.784593754971221813e+01,0.000000000000000000e+00
6.209752462442246923e+01,0.000000000000000000e+00
6.290875602289276003e+01,0.000000000000000000e+00
6.315554181956766655e+01,0.000000000000000000e+00
6.176981046196368652e+01,0.000000000000000000e+00
6.349937042276597055e+01,0.000000000000000000e+00
6.326689272651149309e+01,0.000000000000000000e+00
6.623861955808506252e+01,0.000000000000000000e+00
6.591894352918581035e+01,0.000000000000000000e+00
6.603202454504543084e+01,0.000000000000000000e+00
6.356996935801957704e+01,0.000000000000000000e+00
6.575181905686044104e+01,0.000000000000000000e+00
6.631507810135637726e+01,0.000000000000000000e+00
6.338944449604948517e+01,0.000000000000000000e+00
6.865113112275123797e+01,0.000000000000000000e+00
6.770066757589968631e+01,0.000000000000000000e+00
6.622040039316738103e+01,0.000000000000000000e+00
6.509717184205652529e+01,0.000000000000000000e+00
6.655270495923498686e+01,0.000000000000000000e+00
6.286332453276532561e+01,0.000000000000000000e+00
6.243083414631471584e+01,0.000000000000000000e+00
6.629997544262313625e+01,0.000000000000000000e+00
6.685922675527083925e+01,0.000000000000000000e+00
6.591991444737988104e+01,0.000000000000000000e+00
6.755707124998413349e+01,0.000000000000000000e+00
6.289847544558725900e+01,0.000000000000000000e+00
6.461975394133376938e+01,0.000000000000000000e+00
6.652387175375932316e+01,0.000000000000000000e+00
5.978408421616345692e+01,0.000000000000000000e+00
6.459052790015964263e+01,0.000000000000000000e+00
6.522715260515157354e+01,0.000000000000000000e+00
6.935115166149309118e+01,0.000000000000000000e+00
6.655129130714766461e+01,0.000000000000000000e+00
6.812323070536679381e+01,0.000000000000000000e+00
6.293964691534995382e+01,0.000000000000000000e+00
6.797271587699820827e+01,0.000000000000000000e+00
6.715195386171883740e+01,0.000000000000000000e+00
6.367034565563888293e+01,0.000000000000000000e+00
7.046821458867400167e+01,0.000000000000000000e+00
6.506905668611703675e+01,0.000000000000000000e+00
6.315481600912657001e+01,0.000000000000000000e+00
6.587040226513398977e+01,0.000000000000000000e+00
6.551794008794352919e+01,0.000000000000000000e+00
6.604058481494899979e+01,0.000000000000000000e+00
6.594115714432024333e+01,0.000000000000000000e+00
6.926840303660472387e+01,0.000000000000000000e+00
6.692480690958059597e+01,0.000000000000000000e+00
7.306180371070335866e+01,0.000000000000000000e+00
6.697587109558138252e+01,0.000000000000000000e+00
7.036767679800844633e+01,0.000000000000000000e+00
6.469444250893491244e+01,0.000000000000000000e+00
6.708973403651452827e+01,0.000000000000000000e+00
6.808970701762029876e+01,0.000000000000000000e+00
6.616359070569949097e+01,0.000000000000000000e+00
6.560013979290461350e+01,0.000000000000000000e+00
6.810466694040472646e+01,0.000000000000000000e+00
6.744652178662357755e+01,0.000000000000000000e+00
6.804460534345744804e+01,0.000000000000000000e+00
6.925516650033894450e+01,0.000000000000000000e+00
6.862547595532461742e+01,0.000000000000000000e+00
6.463477870704272732e+01,0.000000000000000000e+00
7.076410663024257985e+01,0.000000000000000000e+00
6.957874365189121590e+01,0.000000000000000000e+00
6.713255231111735100e+01,0.000000000000000000e+00
6.970411392935753270e+01,0.000000000000000000e+00
6.981364092490925088e+01,0.000000000000000000e+00
6.916612133528779793e+01,0.000000000000000000e+00
6.740955217605444716e+01,0.000000000000000000e+00
7.085526715401151421e+01,0.000000000000000000e+00
6.953312114999921789e+01,0.000000000000000000e+00
6.785165992362831844e+01,0.000000000000000000e+00
6.779196454587838616e+01,0.000000000000000000e+00
7.132286012692470933e+01,0.000000000000000000e+00
6.777572367116944463e+01,0.000000000000000000e+00
6.968585457185875498e+01,0.000000000000000000e+00
6.797332972816951724e+01,0.000000000000000000e+00
6.909235985787778134e+01,0.000000000000000000e+00
6.878004978326765695e+01,0.000000000000000000e+00
6.936818395400074166e+01,0.000000000000000000e+00
7.193332295410718302e+01,0.000000000000000000e+00
6.882558108179169665e+01,0.000000000000000000e+00
7.246498828629891875e+01,0.000000000000000000e+00
7.305221314164559487e+01,0.000000000000000000e+00
7.213207835793618017e+01,0.000000000000000000e+00
7.144350203919371722e+01,0.000000000000000000e+00
6.654898139540246405e+01,0.000000000000000000e+00
6.870724196998480693e+01,0.000000000000000000e+00
6.856616960862045573e+01,0.000000000000000000e+00
7.151151952528853428e+01,0.000000000000000000e+00
6.670573915768896711e+01,0.000000000000000000e+00
6.842745374507748579e+01,0.000000000000000000e+00
7.099691336753618032e+01,0.000000000000000000e+00
7.053632369666189561e+01,0.000000000000000000e+00
7.074127748340860933e+01,0.000000000000000000e+00
6.987134364262824704e+01,0.000000000000000000e+00
6.962958108050167993e+01,0.000000000000000000e+00
7.124977746118798905e+01,0.000000000000000000e+00
7.017595897737950850e+01,0.000000000000000000e+00
6.804744521492824560e+01,0.000000000000000000e+00
7.268399384612079928e+01,0.000000000000000000e+00
7.458459422146341922e+01,0.000000000000000000e+00
7.039577131674546706e+01,0.000000000000000000e+00
7.072171191715082728e+01,0.000000000000000000e+00
7.353443909335022965e+01,0.000000000000000000e+00
7.682272452962678244e+01,0.000000000000000000e+00
6.959075813643045194e+01,0.000000000000000000e+00
7.370594371200414230e+01,0.000000000000000000e+00
7.658243512431671718e+01,0.000000000000000000e+00
7.406241054488130260e+01,0.000000000000000000e+00
6.760251339639243895e+01,0.000000000000000000e+00
7.112420818110477683e+01,0.000000000000000000e+00
7.065254883026777577e+01,0.000000000000000000e+00
7.039364548861288995e+01,0.000000000000000000e+00
7.097598940613652019e+01,0.000000000000000000e+00
6.741986943992365866e+01,0.000000000000000000e+00
6.991512217588706335e+01,0.000000000000000000e+00
7.239923610669441700e+01,0.000000000000000000e+00
7.086876649960844077e+01,0.000000000000000000e+00
7.046816962756615510e+01,0.000000000000000000e+00
7.431122371336697086e+01,0.000000000000000000e+00
7.099694280102268351e+01,0.000000000000000000e+00
7.053122628522837090e+01,0.000000000000000000e+00
7.517363938372766086e+01,0.000000000000000000e+00
7.076777876695042835e+01,0.000000000000000000e+00
7.126719838314485855e+01,0.000000000000000000e+00
7.216103665638202358e+01,0.000000000000000000e+00
7.602606941194638068e+01,0.000000000000000000e+00
7.182886006325884409e+01,0.000000000000000000e+00
6.953565758262224961e+01,0.000000000000000000e+00
7.022456759163718232e+01,0.000000000000000000e+00
7.240562702812832185e+01,0.000000000000000000e+00
7.128319029916175964e+01,0.000000000000000000e+00
7.217812784854564256e+01,0.000000000000000000e+00
7.182056483418928394e+01,0.000000000000000000e+00
7.337835124329251357e+01,0.000000000000000000e+00
7.376883436837375996e+01,0.000000000000000000e+00
7.103761446644824673e+01,0.000000000000000000e+00
7.176826079305558892e+01,0.000000000000000000e+00
7.154748386613266575e+01,0.000000000000000000e+00
7.202184215260176359e+01,0.000000000000000000e+00
7.294000998844830974e+01,0.000000000000000000e+00
7.240779625425543031e+01,0.000000000000000000e+00
6.993497276228717396e+01,0.000000000000000000e+00
7.367296179323766125e+01,0.000000000000000000e+00
7.438129241141335513e+01,0.000000000000000000e+00
7.310523455747767230e+01,0.000000000000000000e+00
7.504976698050373329e+01,0.000000000000000000e+00
6.934158203747011839e+01,0.000000000000000000e+00
7.534402213793813985e+01,0.000000000000000000e+00
7.475568346040628853e+01,0.000000000000000000e+00
7.247568498909126333e+01,0.000000000000000000e+00
7.168265499172598254e+01,0.000000000000000000e+00
7.535186760821736129e+01,0.000000000000000000e+00
7.610572358034896467e+01,0.000000000000000000e+00
7.616674067519224423e+01,0.000000000000000000e+00
7.309643536350493775e+01,0.000000000000000000e+00
7.152374749223794481e+01,0.000000000000000000e+00
7.525773960468224288e+01,0.000000000000000000e+00
7.391690193518142848e+01,0.000000000000000000e+00
7.187741107267200391e+01,0.000000000000000000e+00
7.669670883644417358e+01,0.000000000000000000e+00
7.083090682952065720e+01,0.000000000000000000e+00
7.177933260004242300e+01,0.000000000000000000e+00
7.233289130099434772e+01,0.000000000000000000e+00
7.426177890609714893e+01,0.000000000000000000e+00
7.196154422176321930e+01,0.000000000000000000e+00
7.729942932152729895e+01,0.000000000000000000e+00
7.299670812865478808e+01,0.000000000000000000e+00
7.606824512400291383e+01,0.000000000000000000e+00
7.561603076433374326e+01,0.000000000000000000e+00
7.197640294417118412e+01,0.000000000000000000e+00
7.521612076474542619e+01,0.000000000000000000e+00
7.442024084143740481e+01,0.000000000000000000e+00
7.607041798922332987e+01,0.000000000000000000e+00
7.319386113126567750e+01,0.000000000000000000e+00
7.126345121683461059e+01,0.000000000000000000e+00
7.506409815145059383e+01,0.000000000000000000e+00
7.139698593984915931e+01,0.000000000000000000e+00
7.177413340542820208e+01,0.000000000000000000e+00
7.446397640433691834e+01,0.000000000000000000e+00
7.544565429663340694e+01,0.000000000000000000e+00
7.485757940183042081e+01,0.000000000000000000e+00
7.601841130286429404e+01,0.000000000000000000e+00
7.567016083300133289e+01,0.000000000000000000e+00
7.498117258626329829e+01,0.000000000000000000e+00
7.322968889609965970e+01,0.000000000000000000e+00
7.575875066798228374e+01,0.000000000000000000e+00
7.641002685871923461e+01,0.000000000000000000e+00
7.823388422969229339e+01,0.000000000000000000e+00
7.245667041831420363e+01,0.000000000000000000e+00
8.122739016108607757e+01,0.000000000000000000e+00
7.323249414966632287e+01,0.000000000000000000e+00
7.415387865596359518e+01,0.000000000000000000e+00
7.642199423716805029e+01,0.000000000000000000e+00
7.690729838705486543e+01,0.000000000000000000e+00
7.677485216329903039e+01,0.000000000000000000e+00
7.327763571601070680e+01,0.000000000000000000e+00
7.733458430269408268e+01,0.000000000000000000e+00
7.564549727254591005e+01,0.000000000000000000e+00
7.541567737822614959e+01,0.000000000000000000e+00
7.528826952211360890e+01,0.000000000000000000e+00
7.184921390756787218e+01,0.000000000000000000e+00
7.178841626281355559e+01,0.000000000000000000e+00
7.793913761755483449e+01,0.000000000000000000e+00
7.277864725583124539e+01,0.000000000000000000e+00
7.735317513631322583e+01,0.000000000000000000e+00
7.759722526360120298e+01,0.000000000000000000e+00
7.190914266922646902e+01,0.000000000000000000e+00
7.749579903641382828e+01,0.000000000000000000e+00
7.643512130508571545e+01,0.000000000000000000e+00
7.269215314014014950e+01,0.000000000000000000e+00
7.499206766421963266e+01,0.000000000000000000e+00
7.843522958263127975e+01,0.000000000000000000e+00
7.276463787311232068e+01,0.000000000000000000e+00
7.663172837627413969e+01,0.000000000000000000e+00
7.362165518412889753e+01,0.000000000000000000e+00
7.445378225245393367e+01,0.000000000000000000e+00
7.778509235336038330e+01,0.000000000000000000e+00
7.284029761748165299e+01,0.000000000000000000e+00
7.567827171774280259e+01,0.000000000000000000e+00
7.510961005629377496e+01,0.000000000000000000e+00
7.525082470023494352e+01,0.000000000000000000e+00
7.813577712482667437e+01,0.000000000000000000e+00
7.870362721581810206e+01,0.000000000000000000e+00
7.396461159109500727e+01,0.000000000000000000e+00
7.940430848303527966e+01,0.000000000000000000e+00
7.720102821745173571e+01,0.000000000000000000e+00
7.312085823606359725e+01,0.000000000000000000e+00
7.671314219239549459e+01,0.000000000000000000e+00
7.799688670796824397e+01,0.000000000000000000e+00
7.518305162881439685e+01,0.000000000000000000e+00
7.182587141984515711e+01,0.000000000000000000e+00
7.607605740567549901e+01,0.000000000000000000e+00
7.727702412994587178e+01,0.000000000000000000e+00
7.664976000588649185e+01,0.000000000000000000e+00
7.942529092006145675e+01,0.000000000000000000e+00
7.584656456948276571e+01,0.000000000000000000e+00
7.530865446823129616e+01,0.000000000000000000e+00
7.933754598179129403e+01,0.000000000000000000e+00
7.673787576310368763e+01,0.000000000000000000e+00
7.591315851381841640e+01,0.000000000000000000e+00
7.612394251250464094e+01,0.000000000000000000e+00
7.356116972102903162e+01,0.000000000000000000e+00
7.652187104608633206e+01,0.000000000000000000e+00
7.664688527217495562e+01,0.000000000000000000e+00
7.727185670379665794e+01,0.000000000000000000e+00
7.809953754479347765e+01,0.000000000000000000e+00
7.699859213534793412e+01,0.000000000000000000e+00
7.792942474557163735e+01,0.000000000000000000e+00
8.118837526927647730e+01,0.000000000000000000e+00
7.719459266707055178e+01,0.000000000000000000e+00
8.107191485929172359e+01,0.000000000000000000e+00
7.349286353123741833e+01,0.000000000000000000e+00
7.658846835977718115e+01,0.000000000000000000e+00
7.228950337148449989e+01,0.000000000000000000e+00
7.654908396104755752e+01,0.000000000000000000e+00
7.753567102847461001e+01,0.000000000000000000e+00
7.963647683276796840e+01,0.000000000000000000e+00
7.872000548960178890e+01,0.000000000000000000e+00
7.734372007306099306e+01,0.000000000000000000e+00
7.415136637451439583e+01,0.000000000000000000e+00
7.981301543304680024e+01,0.000000000000000000e+00
7.622991367560027243e+01,0.000000000000000000e+00
7.997748633447724842e+01,0.000000000000000000e+00
8.034711630569367458e+01,0.000000000000000000e+00
8.312286270551442158e+01,0.000000000000000000e+00
7.688156946647146128e+01,0.000000000000000000e+00
8.118327942922822160e+01,0.000000000000000000e+00
7.827398523128783836e+01,0.000000000000000000e+00
7.603598002109835363e+01,0.000000000000000000e+00
8.142092698832342990e+01,0.000000000000000000e+00
7.683569893639725024e+01,0.000000000000000000e+00
7.853446516702911140e+01,0.000000000000000000e+00
7.594803852170664982e+01,0.000000000000000000e+00
7.578795758001029981e+01,0.000000000000000000e+00
7.668647665858819096e+01,0.000000000000000000e+00
7.698205022036970036e+01,0.000000000000000000e+00
7.645916923897701167e+01,0.000000000000000000e+00
7.790975189960536795e+01,0.000000000000000000e+00
8.003835546974735848e+01,0.000000000000000000e+00
8.103103367568914450e+01,0.000000000000000000e+00
7.771713520500306061e+01,0.000000000000000000e+00
7.693872315094327519e+01,0.000000000000000000e+00
7.681341162514166854e+01,0.000000000000000000e+00
7.853259263666001289e+01,0.000000000000000000e+00
7.631590946930533903e+01,0.000000000000000000e+00
7.503141132445514927e+01,0.000000000000000000e+00
7.626825824451495350e+01,0.000000000000000000e+00
7.870873076794370604e+01,0.000000000000000000e+00
7.948853857172323956e+01,0.000000000000000000e+00
7.757899929563104990e+01,0.000000000000000000e+00
7.884407035455555501e+01,0.000000000000000000e+00
8.026024598160783796e+01,0.000000000000000000e+00
7.539437486630613705e+01,0.000000000000000000e+00
7.894901351289094293e+01,0.000000000000000000e+00
8.071039689320393506e+01,0.000000000000000000e+00
8.319917039302610817e+01,0.000000000000000000e+00
8.292980596902680190e+01,0.000000000000000000e+00
7.800107615137592632e+01,0.000000000000000000e+00
7.750274294656753682e+01,0.000000000000000000e+00
7.872879151480623250e+01,0.000000000000000000e+00
8.414177738212475788e+01,0.000000000000000000e+00
7.882511753781658115e+01,0.000000000000000000e+00
8.147225095734879119e+01,0.000000000000000000e+00
7.971061408710518492e+01,0.000000000000000000e+00
7.686346415822961831e+01,0.000000000000000000e+00
7.845679318703238891e+01,0.000000000000000000e+00
8.044581802335663667e+01,0.000000000000000000e+00
7.789695644560697474e+01,0.000000000000000000e+00
7.722074834409895061e+01,0.000000000000000000e+00
7.894702967200844057e+01,0.000000000000000000e+00
7.843610961519348734e+01,0.000000000000000000e+00
7.735403082704448252e+01,0.000000000000000000e+00
8.398705469209284047e+01,0.000000000000000000e+00
8.069954356276726060e+01,0.000000000000000000e+00
8.026726678970536000e+01,0.000000000000000000e+00
8.026348851510526572e+01,0.000000000000000000e+00
7.872867866584022067e+01,0.000000000000000000e+00
7.901762920298214965e+01,0.000000000000000000e+00
8.132616340840533553e+01,0.000000000000000000e+00
7.919105871464097390e+01,0.000000000000000000e+00
7.523373108671128762e+01,0.000000000000000000e+00
7.995904934940290332e+01,0.000000000000000000e+00
8.141394606273162537e+01,0.000000000000000000e+00
7.876674093578094471e+01,0.000000000000000000e+00
7.590476849748030475e+01,0.000000000000000000e+00
8.118898394616688563e+01,0.000000000000000000e+00
8.296930320107109935e+01,0.000000000000000000e+00
8.241252010469389688e+01,0.000000000000000000e+00
7.724348208932875082e+01,0.000000000000000000e+00
7.894871953840871015e+01,0.000000000000000000e+00
7.946712126525616782e+01,0.000000000000000000e+00
7.834505904141053634e+01,0.000000000000000000e+00
7.880620439310264658e+01,0.000000000000000000e+00
8.188310235073267052e+01,0.000000000000000000e+00
7.752728887585882944e+01,0.000000000000000000e+00
7.833556012504503485e+01,0.000000000000000000e+00
8.214240924234532315e+01,0.000000000000000000e+00
8.141276465308568788e+01,0.000000000000000000e+00
8.124598425187450346e+01,0.000000000000000000e+00
7.671856762465020552e+01,0.000000000000000000e+00
8.166940458591085417e+01,0.000000000000000000e+00
8.204714321720470593e+01,0.000000000000000000e+00
8.234670571258182292e+01,0.000000000000000000e+00
7.408855538890611570e+01,0.000000000000000000e+00
7.921274736377947079e+01,0.000000000000000000e+00
7.898281625555694063e+01,0.000000000000000000e+00
7.930872384721995161e+01,0.000000000000000000e+00
7.626639883284981636e+01,0.000000000000000000e+00
7.992637761888138925e+01,0.000000000000000000e+00
7.952868829365230852e+01,0.000000000000000000e+00
8.136660158666296638e+01,0.000000000000000000e+00
7.973510611133217196e+01,0.000000000000000000e+00
7.986411364228999332e+01,0.000000000000000000e+00
8.028927992127464108e+01,0.000000000000000000e+00
7.643555901551121678e+01,0.000000000000000000e+00
8.240645993572957195e+01,0.000000000000000000e+00
8.458803290295328736e+01,0.000000000000000000e+00
8.114504928595700051e+01,0.000000000000000000e+00
7.976234742680182421e+01,0.000000000000000000e+00
7.757534653188028528e+01,0.000000000000000000e+00
8.285498554598071053e+01,0.000000000000000000e+00
8.140695661351126944e+01,0.000000000000000000e+00
8.364904447251107911e+01,0.000000000000000000e+00
7.420012951155447922e+01,0.000000000000000000e+00
8.184905732578407367e+01,0.000000000000000000e+00
7.681851353749243572e+01,0.000000000000000000e+00
7.944342593095522886e+01,0.000000000000000000e+00
7.957715413802048943e+01,0.000000000000000000e+00
7.761996769823791453e+01,0.000000000000000000e+00
8.140086577872075679e+01,0.000000000000000000e+00
7.945475204966889748e+01,0.000000000000000000e+00
7.962299499471622255e+01,0.000000000000000000e+00
8.383630745122566452e+01,0.000000000000000000e+00
7.644078504786922679e+01,0.000000000000000000e+00
7.784395909639742683e+01,0.000000000000000000e+00
8.152588352448447040e+01,0.000000000000000000e+00
7.887471842525978616e+01,0.000000000000000000e+00
7.866902549836328262e+01,0.000000000000000000e+00
8.095233934704043577e+01,0.000000000000000000e+00
7.919794774825288641e+01,0.000000000000000000e+00
7.765680328647118813e+01,0.000000000000000000e+00
7.790572347986082491e+01,0.000000000000000000e+00
8.271284535001737481e+01,0.000000000000000000e+00
8.232797538151361039e+01,0.000000000000000000e+00
8.166841712721692659e+01,0.000000000000000000e+00
8.200583379840874443e+01,0.000000000000000000e+00
8.078984223322879643e+01,0.000000000000000000e+00
8.239165953645130003e+01,0.000000000000000000e+00
7.709048236499121742e+01,0.000000000000000000e+00
8.221195316593026803e+01,0.000000000000000000e+00
8.368445970840697612e+01,0.000000000000000000e+00
8.034967771518893187e+01,0.000000000000000000e+00
7.980754204386975914e+01,0.000000000000000000e+00
8.165103768533505502e+01,0.000000000000000000e+00
7.750017678353221129e+01,0.000000000000000000e+00
7.812693057351052062e+01,0.000000000000000000e+00
7.857344298040415254e+01,0.000000000000000000e+00
8.159256925858441889e+01,0.000000000000000000e+00
8.234638285163312332e+01,0.000000000000000000e+00
8.330784354827331128e+01,0.000000000000000000e+00
8.290083513426412765e+01,0.000000000000000000e+00
7.850830946176122893e+01,0.000000000000000000e+00
8.409587695270572283e+01,0.000000000000000000e+00
8.100500936341732938e+01,0.000000000000000000e+00
8.152544031023167292e+01,0.000000000000000000e+00
8.025766943666923225e+01,0.000000000000000000e+00
8.050323627102866908e+01,0.000000000000000000e+00
7.818581164835059383e+01,0.000000000000000000e+00
7.907128953675865546e+01,0.000000000000000000e+00
8.080747278235209308e+01,0.000000000000000000e+00
8.310737096235398269e+01,0.000000000000000000e+00
7.988215277227754996e+01,0.000000000000000000e+00
8.097190480676636071e+01,0.000000000000000000e+00
8.202536078111856455e+01,0.000000000000000000e+00
8.144791335291020573e+01,0.000000000000000000e+00
7.974997399661137365e+01,0.000000000000000000e+00
7.748048457916782183e+01,0.000000000000000000e+00
7.890960614825934272e+01,0.000000000000000000e+00
7.559028052896276506e+01,0.000000000000000000e+00
8.079735000239259080e+01,0.000000000000000000e+00
8.030828253895404600e+01,0.000000000000000000e+00
7.992285330783155928e+01,0.000000000000000000e+00
7.975796718723097456e+01,0.000000000000000000e+00
8.097566855179402978e+01,0.000000000000000000e+00
7.999893829845113657e+01,0.000000000000000000e+00
7.763094978767104237e+01,0.000000000000000000e+00
7.796566701045021830e+01,0.000000000000000000e+00
8.078322139941114699e+01,0.000000000000000000e+00
8.323622191686838789e+01,0.000000000000000000e+00
8.156436295450528462e+01,0.000000000000000000e+00
7.887844415319914049e+01,0.000000000000000000e+00
7.864928827602852834e+01,0.000000000000000000e+00
7.718703394544401419e+01,0.000000000000000000e+00
7.893445359207969148e+01,0.000000000000000000e+00
7.957763309556666798e+01,0.000000000000000000e+00
7.774643148361549549e+01,0.000000000000000000e+00
7.852624252450821984e+01,0.000000000000000000e+00
7.760435086573944830e+01,0.000000000000000000e+00
8.129414445924722088e+01,0.000000000000000000e+00
8.171668974584326861e+01,0.000000000000000000e+00
8.207182762147547805e+01,0.000000000000000000e+00
7.880023316168546899e+01,0.000000000000000000e+00
8.106342687440073291e+01,0.000000000000000000e+00
7.815975274125779038e+01,0.000000000000000000e+00
7.930604780319029601e+01,0.000000000000000000e+00
8.009656171808184411e+01,0.000000000000000000e+00
8.055707831554231291e+01,0.000000000000000000e+00
8.298981920406340862e+01,0.000000000000000000e+00
7.788508356202223126e+01,0.000000000000000000e+00
7.603613274613447004e+01,0.000000000000000000e+00
7.623665769366006373e+01,0.000000000000000000e+00
7.992309037066291921e+01,0.000000000000000000e+00
8.340777818029303603e+01,0.000000000000000000e+00
8.223552920351852435e+01,0.000000000000000000e+00
7.835608468410104877e+01,0.000000000000000000e+00
8.175492633019001687e+01,0.000000000000000000e+00
7.646093946109681383e+01,0.000000000000000000e+00
7.950002770959633835e+01,0.000000000000000000e+00
8.047117466969704935e+01,0.000000000000000000e+00
7.862132568551450618e+01,0.000000000000000000e+00
7.950307532298462831e+01,0.000000000000000000e+00
7.842761061465277805e+01,0.000000000000000000e+00
8.316087101890762767e+01,0.000000000000000000e+00
8.018329188966224308e+01,0.000000000000000000e+00
7.684771802930657714e+01,0.000000000000000000e+00
7.644108366740179861e+01,0.000000000000000000e+00
7.427911666529550416e+01,0.000000000000000000e+00
7.996024483840707830e+01,0.000000000000000000e+00
8.024887253416677879e+01,0.000000000000000000e+00
7.887325116963543792e+01,0.000000000000000000e+00
8.158854108037094477e+01,0.000000000000000000e+00
8.048238962057034485e+01,0.000000000000000000e+00
7.820485507896074751e+01,0.000000000000000000e+00
7.653789248475816009e+01,0.000000000000000000e+00
7.967895763123024722e+01,0.000000000000000000e+00
8.142181885664984975e+01,0.000000000000000000e+00
7.579243888713659771e+01,0.000000000000000000e+00
8.025626159113507185e+01,0.000000000000000000e+00
7.855501782483268869e+01,0.000000000000000000e+00
7.843489897341460448e+01,0.000000000000000000e+00
7.645598097559607709e+01,0.000000000000000000e+00
7.924956252250940736e+01,0.000000000000000000e+00
7.911699312499841596e+01,0.000000000000000000e+00
7.722076097194781141e+01,0.000000000000000000e+00
7.451943523701230276e+01,0.000000000000000000e+00
8.221233279635528390e+01,0.000000000000000000e+00
7.652037355371142269e+01,0.000000000000000000e+00
8.021906529310908240e+01,0.000000000000000000e+00
7.898412659640271727e+01,0.000000000000000000e+00
7.790940504758592056e+01,0.000000000000000000e+00
7.681141696727780754e+01,0.000000000000000000e+00
7.806599443148775208e+01,0.000000000000000000e+00
7.887467881442393036e+01,0.000000000000000000e+00
7.822099704242906171e+01,0.000000000000000000e+00
8.093719932764838632e+01,0.000000000000000000e+00
7.791065907500733090e+01,0.000000000000000000e+00
8.006381844250064717e+01,0.000000000000000000e+00
7.876996598666985960e+01,0.000000000000000000e+00
7.705717915893936265e+01,0.000000000000000000e+00
8.002255839351367683e+01,0.000000000000000000e+00
7.912354865307105456e+01,0.000000000000000000e+00
7.962715621865851290e+01,0.000000000000000000e+00
7.723284341619611837e+01,0.000000000000000000e+00
7.991754295404577135e+01,0.000000000000000000e+00
7.560102345204477103e+01,0.000000000000000000e+00
7.781181261129341920e+01,0.000000000000000000e+00
7.518808746117780117e+01,0.000000000000000000e+00
7.786641862529843650e+01,0.000000000000000000e+00
7.688224028473804594e+01,0.000000000000000000e+00
8.051315170685465716e+01,0.000000000000000000e+00
7.950108083295771166e+01,0.000000000000000000e+00
7.668140228301871275e+01,0.000000000000000000e+00
7.786667956919659161e+01,0.000000000000000000e+00
7.821283373851865406e+01,0.000000000000000000e+00
8.084510653738513497e+01,0.000000000000000000e+00
7.871004636123727494e+01,0.000000000000000000e+00
7.673024531742002807e+01,0.000000000000000000e+00
8.038267912664777270e+01,0.000000000000000000e+00
7.857979324298761981e+01,0.000000000000000000e+00
7.928925973910547498e+01,0.000000000000000000e+00
7.989646775936402889e+01,0.000000000000000000e+00
7.733677107898799363e+01,0.000000000000000000e+00
7.992312828338545216e+01,0.000000000000000000e+00
7.842115324274968202e+01,0.000000000000000000e+00
7.712734584130664928e+01,0.000000000000000000e+00
8.116213593394293468e+01,0.000000000000000000e+00
7.797168888125017361e+01,0.000000000000000000e+00
7.886908288127681033e+01,0.000000000000000000e+00
7.472019723777293621e+01,0.000000000000000000e+00
7.741296108723373948e+01,0.000000000000000000e+00
8.198169887671917877e+01,0.000000000000000000e+00
8.074287652656899184e+01,0.000000000000000000e+00
8.132907062551424815e+01,0.000000000000000000e+00
7.918561462897078229e+01,0.000000000000000000e+00
8.044589609535771046e+01,0.000000000000000000e+00
7.666307331869155917e+01,0.000000000000000000e+00
7.289703511382262491e+01,0.000000000000000000e+00
8.013322427818921767e+01,0.000000000000000000e+00
7.826704975582849499e+01,0.000000000000000000e+00
7.746627538539419788e+01,0.000000000000000000e+00
8.004124322024382820e+01,0.000000000000000000e+00
7.823677553108188931e+01,0.000000000000000000e+00
7.883498221374260595e+01,0.000000000000000000e+00
7.706896253732995206e+01,0.000000000000000000e+00
7.766672863239755031e+01,0.000000000000000000e+00
7.674145740581117536e+01,0.000000000000000000e+00
8.027689336584127489e+01,0.000000000000000000e+00
7.626159740111535257e+01,0.000000000000000000e+00
7.217413952157691881e+01,0.000000000000000000e+00
7.894210449224080151e+01,0.000000000000000000e+00
7.380675769221760163e+01,0.000000000000000000e+00
7.508684624423871412e+01,0.000000000000000000e+00
7.725766688277080618e+01,0.000000000000000000e+00
7.611039735322903255e+01,0.000000000000000000e+00
8.212699762199085285e+01,0.000000000000000000e+00
8.237219535820231897e+01,0.000000000000000000e+00
7.609093835253631255e+01,0.000000000000000000e+00
7.668573507920287113e+01,0.000000000000000000e+00
7.645585183618133840e+01,0.000000000000000000e+00
7.722066524696970191e+01,0.000000000000000000e+00
7.664595417014507461e+01,0.000000000000000000e+00
7.615553534750031872e+01,0.000000000000000000e+00
7.835366607767112157e+01,0.000000000000000000e+00
8.034538268290110352e+01,0.000000000000000000e+00
7.608033872500115535e+01,0.000000000000000000e+00
7.704425974744847849e+01,0.000000000000000000e+00
7.780949581427167061e+01,0.000000000000000000e+00
7.933049757511962241e+01,0.000000000000000000e+00
7.780197056730752081e+01,0.000000000000000000e+00
7.397167947354758155e+01,0.000000000000000000e+00
7.929180767365245686e+01,0.000000000000000000e+00
7.593308906645067680e+01,0.000000000000000000e+00
7.710200023395648827e+01,0.000000000000000000e+00
7.737105555307714155e+01,0.000000000000000000e+00
7.836429366833783661e+01,0.000000000000000000e+00
7.591711971245622692e+01,0.000000000000000000e+00
7.597185650009888036e+01,0.000000000000000000e+00
7.691524135809586937e+01,0.000000000000000000e+00
7.880854242467954407e+01,0.000000000000000000e+00
7.500840428489122758e+01,0.000000000000000000e+00
7.766012578965460023e+01,0.000000000000000000e+00
7.673243306866609714e+01,0.000000000000000000e+00
7.870169780849342089e+01,0.000000000000000000e+00
7.398508961630413694e+01,0.000000000000000000e+00
7.800156574080743610e+01,0.000000000000000000e+00
7.644391599043859742e+01,0.000000000000000000e+00
7.481891600604949133e+01,0.000000000000000000e+00
7.772207880536939228e+01,0.000000000000000000e+00
7.595259952953877303e+01,0.000000000000000000e+00
7.612595949494193803e+01,0.000000000000000000e+00
7.427349889512747438e+01,0.000000000000000000e+00
7.968993872034805293e+01,0.000000000000000000e+00
7.161186896205265384e+01,0.000000000000000000e+00
7.270917785849945858e+01,0.000000000000000000e+00
7.708775773558777189e+01,0.000000000000000000e+00
7.654733028408681150e+01,0.000000000000000000e+00
7.538757956472488786e+01,0.000000000000000000e+00
7.382233808040663803e+01,0.000000000000000000e+00
7.696018319108038952e+01,0.000000000000000000e+00
7.896590555732582573e+01,0.000000000000000000e+00
7.435511645381480150e+01,0.000000000000000000e+00
7.631361246553876754e+01,0.000000000000000000e+00
7.604379274804888666e+01,0.000000000000000000e+00
7.658701536362556794e+01,0.000000000000000000e+00
7.375606797342516074e+01,0.000000000000000000e+00
7.635422120637264243e+01,0.000000000000000000e+00
7.691304043669516943e+01,0.000000000000000000e+00
7.850597389528756764e+01,0.000000000000000000e+00
7.613967850737448373e+01,0.000000000000000000e+00
7.438045868776323744e+01,0.000000000000000000e+00
7.605487562397455292e+01,0.000000000000000000e+00
7.370965549259005911e+01,0.000000000000000000e+00
7.746782070438543144e+01,0.000000000000000000e+00
7.596596995479914938e+01,0.000000000000000000e+00
7.573158499685592915e+01,0.000000000000000000e+00
7.203451671855259519e+01,0.000000000000000000e+00
7.532638272278209968e+01,0.000000000000000000e+00
7.240692522217395322e+01,0.000000000000000000e+00
7.401852469623764819e+01,0.000000000000000000e+00
7.275482754052231371e+01,0.000000000000000000e+00
7.867380269190866215e+01,0.000000000000000000e+00
7.609624762378095397e+01,0.000000000000000000e+00
7.356808600399858733e+01,0.000000000000000000e+00
7.599724399039492084e+01,0.000000000000000000e+00
7.588950295365572174e+01,0.000000000000000000e+00
7.485223580287487266e+01,0.000000000000000000e+00
7.451630883791982285e+01,0.000000000000000000e+00
7.758479543401256251e+01,0.000000000000000000e+00
7.506349999535315476e+01,0.000000000000000000e+00
7.099849097357832761e+01,0.000000000000000000e+00
7.375025255493982002e+01,0.000000000000000000e+00
7.391115924411600702e+01,0.000000000000000000e+00
7.061477889822042187e+01,0.000000000000000000e+00
7.417017730669064690e+01,0.000000000000000000e+00
7.204666981723845254e+01,0.000000000000000000e+00
7.120828328899500548e+01,0.000000000000000000e+00
7.736364886817055719e+01,0.000000000000000000e+00
7.154771802444595608e+01,0.000000000000000000e+00
7.424896906822287690e+01,0.000000000000000000e+00
7.400518860516864095e+01,0.000000000000000000e+00
7.272816438640472825e+01,0.000000000000000000e+00
7.431229332568845791e+01,0.000000000000000000e+00
7.367346750274303702e+01,0.000000000000000000e+00
7.413091708162134807e+01,0.000000000000000000e+00
7.492033334480062479e+01,0.000000000000000000e+00
7.888256223672240708e+01,0.000000000000000000e+00
7.549895360323917259e+01,0.000000000000000000e+00
7.342701888464621618e+01,0.000000000000000000e+00
7.289726876515460674e+01,0.000000000000000000e+00
7.291673706719933534e+01,0.000000000000000000e+00
7.277592587607658459e+01,0.000000000000000000e+00
7.369234932219281120e+01,0.000000000000000000e+00
7.326750913057101400e+01,0.000000000000000000e+00
7.054131583098423164e+01,0.000000000000000000e+00
7.031393979466466249e+01,0.000000000000000000e+00
7.612970570864432318e+01,0.000000000000000000e+00
7.099048778416691619e+01,0.000000000000000000e+00
7.422779062250215532e+01,0.000000000000000000e+00
7.290084687438344702e+01,0.000000000000000000e+00
7.476349457010469735e+01,0.000000000000000000e+00
7.689592171631967688e+01,0.000000000000000000e+00
7.233615061623065401e+01,0.000000000000000000e+00
7.490316619649622965e+01,0.000000000000000000e+00
7.206557574422524226e+01,0.000000000000000000e+00
7.436371174557672248e+01,0.000000000000000000e+00
6.984933902845808973e+01,0.000000000000000000e+00
7.301905525710019162e+01,0.000000000000000000e+00
7.060354531010888479e+01,0.000000000000000000e+00
7.196863258143373798e+01,0.000000000000000000e+00
7.426553073452450349e+01,0.000000000000000000e+00
7.348016767726375065e+01,0.000000000000000000e+00
7.078373744853098515e+01,0.000000000000000000e+00
7.197162609306279535e+01,0.000000000000000000e+00
6.989111426315159292e+01,0.000000000000000000e+00
6.848911906249264803e+01,0.000000000000000000e+00
6.823335056000630061e+01,0.000000000000000000e+00
7.382200967000960645e+01,0.000000000000000000e+00
6.987881344537294126e+01,0.000000000000000000e+00
7.246849669566303476e+01,0.000000000000000000e+00
7.540054582960925700e+01,0.000000000000000000e+00
7.518197705622910121e+01,0.000000000000000000e+00
7.136405942027539595e+01,0.000000000000000000e+00
7.212147894649957891e+01,0.000000000000000000e+00
7.223894470351416430e+01,0.000000000000000000e+00
7.136148138749001646e+01,0.000000000000000000e+00
7.376893519383457942e+01,0.000000000000000000e+00
6.875509167968280622e+01,0.000000000000000000e+00
7.188361283543358127e+01,0.000000000000000000e+00
6.984416403410871510e+01,0.000000000000000000e+00
6.720340080158783280e+01,0.000000000000000000e+00
7.047096643526958815e+01,0.000000000000000000e+00
6.960948667445116200e+01,0.000000000000000000e+00
7.300306286573211878e+01,0.000000000000000000e+00
7.081528961358519325e+01,0.000000000000000000e+00
7.175102621046497120e+01,0.000000000000000000e+00
7.365419572772348999e+01,0.000000000000000000e+00
7.177125066853447777e+01,0.000000000000000000e+00
7.079334877085454991e+01,0.000000000000000000e+00
7.056695357848499839e+01,0.000000000000000000e+00
6.939251126557651617e+01,0.000000000000000000e+00
7.000085549905551829e+01,0.000000000000000000e+00
6.807586740411694848e+01,0.000000000000000000e+00
6.911173064539697464e+01,0.000000000000000000e+00
7.154981261466346609e+01,0.000000000000000000e+00
7.104407752322123315e+01,0.000000000000000000e+00
6.943542858800981321e+01,0.000000000000000000e+00
6.773490286951238204e+01,0.000000000000000000e+00
6.793425869698805286e+01,0.000000000000000000e+00
7.056018671534414466e+01,0.000000000000000000e+00
6.859082505286787068e+01,0.000000000000000000e+00
7.091944225807930025e+01,0.000000000000000000e+00
7.208215828800348390e+01,0.000000000000000000e+00
6.844190974465504951e+01,0.000000000000000000e+00
6.818602477273103091e+01,0.000000000000000000e+00
6.792099244919403134e+01,0.000000000000000000e+00
6.898405712922259170e+01,0.000000000000000000e+00
6.797316966978100083e+01,0.000000000000000000e+00
6.962423087159710633e+01,0.000000000000000000e+00
6.802423925957940298e+01,0.000000000000000000e+00
6.978785922591573865e+01,0.000000000000000000e+00
6.826695140615024116e+01,0.000000000000000000e+00
7.208230539881365928e+01,0.000000000000000000e+00
6.842642080718061948e+01,0.000000000000000000e+00
6.910567483895111707e+01,0.000000000000000000e+00
6.822358477787143727e+01,0.000000000000000000e+00
6.757463266962791693e+01,0.000000000000000000e+00
6.982921874541604268e+01,0.000000000000000000e+00
6.568349707484709654e+01,0.000000000000000000e+00
6.658397429774464626e+01,0.000000000000000000e+00
6.651029335691960398e+01,0.000000000000000000e+00
6.908273270163884661e+01,0.000000000000000000e+00
6.829406670689854764e+01,0.000000000000000000e+00
7.164338367762591986e+01,0.000000000000000000e+00
6.711558613387435912e+01,0.000000000000000000e+00
6.831993934409021563e+01,0.000000000000000000e+00
6.943004484744028559e+01,0.000000000000000000e+00
6.765671132964291701e+01,0.000000000000000000e+00
7.029860132380898108e+01,0.000000000000000000e+00
6.611867709841251894e+01,0.000000000000000000e+00
6.790576482279048776e+01,0.000000000000000000e+00
6.479638475580907198e+01,0.000000000000000000e+00
7.073802646567764896e+01,0.000000000000000000e+00
6.960928242022107781e+01,0.000000000000000000e+00
6.591682521817594420e+01,0.000000000000000000e+00
6.825515202388686475e+01,0.000000000000000000e+00
6.781359501049328742e+01,0.000000000000000000e+00
7.044196399114797202e+01,0.000000000000000000e+00
6.523211515274672934e+01,0.000000000000000000e+00
6.329108886954170998e+01,0.000000000000000000e+00
6.412966775064704450e+01,0.000000000000000000e+00
6.698824499335545113e+01,0.000000000000000000e+00
6.619547297963816845e+01,0.000000000000000000e+00
6.571578904381267705e+01,0.000000000000000000e+00
6.955474933558076600e+01,0.000000000000000000e+00
6.637387022438694828e+01,0.000000000000000000e+00
6.540758473564135045e+01,0.000000000000000000e+00
6.835111170844150763e+01,0.000000000000000000e+00
6.577421403646020792e+01,0.000000000000000000e+00
6.699020353286495322e+01,0.000000000000000000e+00
6.789106259286037925e+01,0.000000000000000000e+00
6.706129652153887832e+01,0.000000000000000000e+00
6.897149464516438400e+01,0.000000000000000000e+00
6.589622461097231110e+01,0.000000000000000000e+00
6.605651463162625703e+01,0.000000000000000000e+00
6.564666343735942178e+01,0.000000000000000000e+00
6.377972974596343647e+01,0.000000000000000000e+00
6.649493736831141177e+01,0.000000000000000000e+00
6.717809311603576816e+01,0.000000000000000000e+00
6.438396777634652324e+01,0.000000000000000000e+00
6.751833997633193007e+01,0.000000000000000000e+00
6.822966312182551007e+01,0.000000000000000000e+00
6.699758406967515612e+01,0.000000000000000000e+00
6.437651218695329192e+01,0.000000000000000000e+00
6.388156630782985701e+01,0.000000000000000000e+00
6.452798104679612834e+01,0.000000000000000000e+00
6.498417972757204097e+01,0.000000000000000000e+00
6.613394788879902819e+01,0.000000000000000000e+00
6.561090816239808987e+01,0.000000000000000000e+00
6.610470964395032922e+01,0.000000000000000000e+00
6.420925647601987407e+01,0.000000000000000000e+00
6.301327873973960436e+01,0.000000000000000000e+00
6.241146759785560505e+01,0.000000000000000000e+00
6.259590197051321780e+01,0.000000000000000000e+00
6.481764195873338963e+01,0.000000000000000000e+00
6.321873250950467593e+01,0.000000000000000000e+00
6.659852114795261002e+01,0.000000000000000000e+00
6.178781439287402577e+01,0.000000000000000000e+00
6.773345415090861366e+01,0.000000000000000000e+00
6.584958665648775877e+01,0.000000000000000000e+00
6.351473387881483035e+01,0.000000000000000000e+00
6.451552800855681369e+01,0.000000000000000000e+00
6.477685631467079475e+01,0.000000000000000000e+00
6.451219312040052500e+01,0.000000000000000000e+00
6.095220466305862317e+01,0.000000000000000000e+00
6.514820304278832452e+01,0.000000000000000000e+00
6.640916658674709083e+01,0.000000000000000000e+00
6.547038258822094292e+01,0.000000000000000000e+00
6.139432415125542519e+01,0.000000000000000000e+00
6.437374191439849369e+01,0.000000000000000000e+00
6.574948996275234947e+01,0.000000000000000000e+00
6.412139939853615545e+01,0.000000000000000000e+00
6.302744456004715090e+01,0.000000000000000000e+00
6.188075750796798502e+01,0.000000000000000000e+00
6.319290809555555199e+01,0.000000000000000000e+00
6.102014559490785217e+01,0.000000000000000000e+00
6.624836532004266587e+01,0.000000000000000000e+00
6.757482204606253617e+01,0.000000000000000000e+00
6.381675334361252538e+01,0.000000000000000000e+00
6.375551091948330651e+01,0.000000000000000000e+00
6.179172309189286239e+01,0.000000000000000000e+00
6.069021937529073085e+01,0.000000000000000000e+00
6.202113747675767286e+01,0.000000000000000000e+00
6.471395540359867482e+01,0.000000000000000000e+00
6.243142547103163764e+01,0.000000000000000000e+00
6.497114556319782253e+01,0.000000000000000000e+00
6.436138982239785378e+01,0.000000000000000000e+00
6.420306651327645397e+01,0.000000000000000000e+00
6.375198281580595250e+01,0.000000000000000000e+00
6.177079493334642990e+01,0.000000000000000000e+00
5.876378918056072109e+01,0.000000000000000000e+00
6.055685124883273573e+01,0.000000000000000000e+00
6.326549188902303911e+01,0.000000000000000000e+00
6.645313699625319259e+01,0.000000000000000000e+00
6.474639420519257271e+01,0.000000000000000000e+00
6.177448997304282585e+01,0.000000000000000000e+00
6.442067987849813449e+01,0.000000000000000000e+00
6.537188351399517217e+01,0.000000000000000000e+00
6.218524949468127261e+01,0.000000000000000000e+00
6.504069535238926392e+01,0.000000000000000000e+00
6.405796784460936522e+01,0.000000000000000000e+00
6.067473839815060188e+01,0.000000000000000000e+00
6.082024489813937151e+01,0.000000000000000000e+00
6.070590007035741564e+01,0.000000000000000000e+00
6.506772682727445556e+01,0.000000000000000000e+00
6.076900448112251496e+01,0.000000000000000000e+00
6.336175251248523210e+01,0.000000000000000000e+00
5.920065167747664248e+01,0.000000000000000000e+00
6.262995182508030467e+01,0.000000000000000000e+00
5.858995998296039431e+01,0.000000000000000000e+00
6.354124802158510477e+01,0.000000000000000000e+00
6.131409637545746705e+01,0.000000000000000000e+00
6.180183703305871035e+01,0.000000000000000000e+00
5.889103670791267575e+01,0.000000000000000000e+00
6.265641472186398175e+01,0.000000000000000000e+00
5.899334503232322646e+01,0.000000000000000000e+00
6.143035896064124302e+01,0.000000000000000000e+00
5.787261071553123770e+01,0.000000000000000000e+00
5.843986434941022168e+01,0.000000000000000000e+00
6.007852121086398256e+01,0.000000000000000000e+00
5.759508095176507680e+01,0.000000000000000000e+00
6.177633051637364758e+01,0.000000000000000000e+00
5.851457260456858478e+01,0.000000000000000000e+00
6.091624152202378895e+01,0.000000000000000000e+00
5.833233212279704105e+01,0.000000000000000000e+00
6.025820788435946440e+01,0.000000000000000000e+00
5.993144439745776708e+01,0.000000000000000000e+00
5.984599239972722273e+01,0.000000000000000000e+00
6.056701240106026063e+01,0.000000000000000000e+00
6.071046412951591975e+01,0.000000000000000000e+00
6.009071457680106221e+01,0.000000000000000000e+00
5.851980609290115609e+01,0.000000000000000000e+00
6.155298636151751168e+01,0.000000000000000000e+00
5.996064650835472065e+01,0.000000000000000000e+00
5.802964924253205226e+01,0.000000000000000000e+00
5.926262625307020926e+01,0.000000000000000000e+00
5.435994959672242999e+01,0.000000000000000000e+00
5.882175060144155054e+01,0.000000000000000000e+00
6.031933964773281076e+01,0.000000000000000000e+00
5.639005632353347153e+01,0.000000000000000000e+00
5.876469371921686502e+01,0.000000000000000000e+00
6.031930086210009279e+01,0.000000000000000000e+00
5.481959668179452194e+01,0.000000000000000000e+00
5.784962610683825801e+01,0.000000000000000000e+00
5.552886251588918043e+01,0.000000000000000000e+00
5.969044912765522781e+01,0.000000000000000000e+00
5.888294395071637410e+01,0.000000000000000000e+00
5.604601965220196291e+01,0.000000000000000000e+00
5.884913003054280267e+01,0.000000000000000000e+00
5.846042924976867994e+01,0.000000000000000000e+00
5.557037162203620539e+01,0.000000000000000000e+00
5.746508099733507891e+01,0.000000000000000000e+00
5.633896439455111249e+01,0.000000000000000000e+00
5.673796279064330150e+01,0.000000000000000000e+00
5.823128690059520807e+01,0.000000000000000000e+00
5.625977355852355544e+01,0.000000000000000000e+00
5.513863468475850027e+01,0.000000000000000000e+00
5.620564895185800225e+01,0.000000000000000000e+00
5.856269535752478816e+01,0.000000000000000000e+00
5.390889791557209065e+01,0.000000000000000000e+00
5.457972146343178110e+01,0.000000000000000000e+00
5.778822398459384146e+01,0.000000000000000000e+00
5.925296535890756644e+01,0.000000000000000000e+00
5.908576829508798056e+01,0.000000000000000000e+00
5.874615345939069044e+01,0.000000000000000000e+00
5.550741440829156659e+01,0.000000000000000000e+00
5.951656195866691235e+01,0.000000000000000000e+00
5.268022512851317174e+01,0.000000000000000000e+00
5.693784526916630995e+01,0.000000000000000000e+00
5.482778236809828343e+01,0.000000000000000000e+00
5.589963950973983486e+01,0.000000000000000000e+00
5.374567703930514284e+01,0.000000000000000000e+00
5.089732700115335717e+01,0.000000000000000000e+00
5.959309585801910458e+01,0.000000000000000000e+00
5.447321583670486689e+01,0.000000000000000000e+00
5.924136007122885417e+01,0.000000000000000000e+00
5.501242327044283797e+01,0.000000000000000000e+00
5.251771866480387985e+01,0.000000000000000000e+00
5.510243690805373973e+01,0.000000000000000000e+00
5.789055203673105154e+01,0.000000000000000000e+00
5.402632051984632966e+01,0.000000000000000000e+00
5.496377616654568499e+01,0.000000000000000000e+00
5.594575315380457425e+01,0.000000000000000000e+00
5.440799684226900723e+01,0.000000000000000000e+00
5.328293380251144384e+01,0.000000000000000000e+00
5.551002939674974357e+01,0.000000000000000000e+00
5.322084661748083079e+01,0.000000000000000000e+00
5.433450311858702975e+01,0.000000000000000000e+00
5.264148904848756416e+01,0.000000000000000000e+00
5.297547274877669565e+01,0.000000000000000000e+00
5.697572772135920616e+01,0.000000000000000000e+00
5.322804586016905404e+01,0.000000000000000000e+00
5.323780772772319381e+01,0.000000000000000000e+00
5.511273760110746167e+01,0.000000000000000000e+00
5.242673396724718771e+01,0.000000000000000000e+00
5.739383859958579848e+01,0.000000000000000000e+00
5.370734189802075775e+01,0.000000000000000000e+00
5.230675632438550338e+01,0.000000000000000000e+00
5.498001118950971033e+01,0.000000000000000000e+00
5.414542678715876889e+01,0.000000000000000000e+00
4.902040165216180156e+01,0.000000000000000000e+00
5.354739633226154183e+01,0.000000000000000000e+00
5.352089637681910261e+01,0.000000000000000000e+00
5.104488519029661830e+01,0.000000000000000000e+00
5.356199716517309639e+01,0.000000000000000000e+00
5.174199298515407008e+01,0.000000000000000000e+00
5.365836384445646701e+01,0.000000000000000000e+00
5.333430105884615102e+01,0.000000000000000000e+00
5.878522261925287751e+01,0.000000000000000000e+00
5.340029796492953551e+01,0.000000000000000000e+00
5.187584672699614430e+01,0.000000000000000000e+00
5.219823023060381217e+01,0.000000000000000000e+00
5.511335225182845221e+01,0.000000000000000000e+00
5.277354024844232327e+01,0.000000000000000000e+00
5.497191471944857000e+01,0.000000000000000000e+00
5.216540225663496955e+01,0.000000000000000000e+00
5.483370236900512396e+01,0.000000000000000000e+00
5.332208222532891995e+01,0.000000000000000000e+00
4.835113237377439788e+01,0.000000000000000000e+00
5.334989147937742615e+01,0.000000000000000000e+00
5.401969829719871541e+01,0.000000000000000000e+00
5.177869696803627875e+01,0.000000000000000000e+00
5.271752945715261518e+01,0.000000000000000000e+00
5.335505315698101469e+01,0.000000000000000000e+00
5.106881945570729187e+01,0.000000000000000000e+00
5.182339824962814845e+01,0.000000000000000000e+00
4.969859246295749244e+01,0.000000000000000000e+00
4.926089921425465690e+01,0.000000000000000000e+00
5.147775610317152939e+01,0.000000000000000000e+00
5.208496778973440655e+01,0.000000000000000000e+00
4.783889445206686730e+01,0.000000000000000000e+00
5.737386934356312906e+01,0.000000000000000000e+00
4.779492268129086341e+01,0.000000000000000000e+00
5.146917338590748159e+01,0.000000000000000000e+00
5.056519584339755369e+01,0.000000000000000000e+00
5.022372863107909780e+01,0.000000000000000000e+00
5.224942236604208290e+01,0.000000000000000000e+00
5.072230848395310687e+01,0.000000000000000000e+00
5.066706050515741566e+01,0.000000000000000000e+00
4.718354819121684329e+01,0.000000000000000000e+00
5.347582739817342912e+01,0.000000000000000000e+00
4.820708593407958631e+01,0.000000000000000000e+00
5.289543054122379573e+01,0.000000000000000000e+00
4.879265154011542904e+01,0.000000000000000000e+00
5.214717167357340344e+01,0.000000000000000000e+00
4.963947064154850608e+01,0.000000000000000000e+00
4.877985061807377321e+01,0.000000000000000000e+00
4.709912371659047636e+01,0.000000000000000000e+00
4.801303481706573706e+01,0.000000000000000000e+00
4.833158463817800765e+01,0.000000000000000000e+00
4.686968654372248722e+01,0.000000000000000000e+00
4.824371842747056860e+01,0.000000000000000000e+00
4.788904496582563297e+01,0.000000000000000000e+00
5.054740324269429408e+01,0.000000000000000000e+00
4.653896528208156980e+01,0.000000000000000000e+00
5.015612970612715316e+01,0.000000000000000000e+00
5.294877678836127899e+01,0.000000000000000000e+00
5.101265757823731661e+01,0.000000000000000000e+00
4.946999486038873783e+01,0.000000000000000000e+00
5.018485033976411103e+01,0.000000000000000000e+00
5.099209616205197193e+01,0.000000000000000000e+00
4.877397354184817146e+01,0.000000000000000000e+00
4.797925603378141801e+01,0.000000000000000000e+00
5.167909865056466145e+01,0.000000000000000000e+00
5.095547527116080033e+01,0.000000000000000000e+00
4.744456746219308485e+01,0.000000000000000000e+00
4.739762369327997504e+01,0.000000000000000000e+00
5.064596169310556206e+01,0.000000000000000000e+00
5.020147623817970128e+01,0.000000000000000000e+00
4.615105805642284764e+01,0.000000000000000000e+00
4.833868173602159146e+01,0.000000000000000000e+00
4.581508278775947929e+01,0.000000000000000000e+00
4.802288885501607041e+01,0.000000000000000000e+00
4.647576816645263875e+01,0.000000000000000000e+00
4.440704192695640273e+01,0.000000000000000000e+00
4.723623130232387979e+01,0.000000000000000000e+00
4.465647611137185180e+01,0.000000000000000000e+00
4.908167059309482028e+01,0.000000000000000000e+00
4.571236097454416836e+01,0.000000000000000000e+00
4.770821791624557306e+01,0.000000000000000000e+00
4.342251840968924625e+01,0.000000000000000000e+00
4.515185329161131733e+01,0.000000000000000000e+00
4.949526367494681978e+01,0.000000000000000000e+00
4.780254112688948709e+01,0.000000000000000000e+00
4.978514755801604963e+01,0.000000000000000000e+00
5.038436456833310473e+01,0.000000000000000000e+00
4.513815527318412535e+01,0.000000000000000000e+00
4.415451995331533652e+01,0.000000000000000000e+00
4.411411828833170290e+01,0.000000000000000000e+00
4.579341234620048340e+01,0.000000000000000000e+00
4.938393749826158086e+01,0.000000000000000000e+00
4.630920225948596425e+01,0.000000000000000000e+00
4.380621575252769873e+01,0.000000000000000000e+00
4.660118100214893389e+01,0.000000000000000000e+00
4.934677062335737219e+01,0.000000000000000000e+00
4.795048679724647656e+01,0.000000000000000000e+00
4.607653356060426830e+01,0.000000000000000000e+00
4.676500973168331399e+01,0.000000000000000000e+00
4.198684938379295772e+01,0.000000000000000000e+00
4.629164410183916090e+01,0.000000000000000000e+00
4.575088914654234884e+01,0.000000000000000000e+00
4.578798623785283439e+01,0.000000000000000000e+00
4.746363770815609229e+01,0.000000000000000000e+00
4.809138008443275680e+01,0.000000000000000000e+00
4.699069578913290712e+01,0.000000000000000000e+00
4.607157741524908801e+01,0.000000000000000000e+00
4.115492361438588631e+01,0.000000000000000000e+00
4.462565223611458975e+01,0.000000000000000000e+00
4.598598801469521646e+01,0.000000000000000000e+00
4.433714431517172727e+01,0.000000000000000000e+00
4.398319069698817430e+01,0.000000000000000000e+00
4.421948504697579807e+01,0.000000000000000000e+00
4.761446262768487259e+01,0.000000000000000000e+00
4.287512273353739545e+01,0.000000000000000000e+00
4.498848215506252046e+01,0.000000000000000000e+00
4.482515717816504974e+01,0.000000000000000000e+00
4.543862090352730121e+01,0.000000000000000000e+00
4.473129904319492312e+01,0.000000000000000000e+00
4.129740306313360776e+01,0.000000000000000000e+00
4.583442310905551409e+01,0.000000000000000000e+00
4.632031224240891731e+01,0.000000000000000000e+00
4.421202606749080388e+01,0.000000000000000000e+00
4.503888946683994732e+01,0.000000000000000000e+00
4.309182304045298650e+01,0.000000000000000000e+00
4.487250713220183229e+01,0.000000000000000000e+00
4.693425630667671555e+01,0.000000000000000000e+00
4.356783401604780437e+01,0.000000000000000000e+00
4.394730560794098295e+01,0.000000000000000000e+00
4.347025568069129520e+01,0.000000000000000000e+00
4.009825781799305133e+01,0.000000000000000000e+00
4.185257079572097183e+01,0.000000000000000000e+00
4.298051346732781752e+01,0.000000000000000000e+00
4.616170817417589234e+01,0.000000000000000000e+00
4.317948620591793230e+01,0.000000000000000000e+00
4.184350202705609689e+01,0.000000000000000000e+00
4.140783686188613899e+01,0.000000000000000000e+00
4.228713325463843375e+01,0.000000000000000000e+00
4.048201244403730215e+01,0.000000000000000000e+00
4.182672285127516432e+01,0.000000000000000000e+00
4.315771449044137142e+01,0.000000000000000000e+00
4.232101926078314591e+01,0.000000000000000000e+00
4.039899220861283169e+01,0.000000000000000000e+00
4.465317802119676571e+01,0.000000000000000000e+00
4.177680627155228166e+01,0.000000000000000000e+00
4.179749190365025413e+01,0.000000000000000000e+00
4.173562814912924779e+01,0.000000000000000000e+00
3.915051119059702245e+01,0.000000000000000000e+00
4.162356872991839651e+01,0.000000000000000000e+00
4.072009490814782851e+01,0.000000000000000000e+00
4.177221911103794838e+01,0.000000000000000000e+00
4.162903951062425278e+01,0.000000000000000000e+00
3.945963792708905515e+01,0.000000000000000000e+00
3.967218676633930130e+01,0.000000000000000000e+00
4.002294550941716977e+01,0.000000000000000000e+00
4.500051872391049557e+01,0.000000000000000000e+00
4.099810199768265306e+01,0.000000000000000000e+00
4.117616555785878063e+01,0.000000000000000000e+00
4.024301369707249876e+01,0.000000000000000000e+00
4.221008811673337391e+01,0.000000000000000000e+00
4.336290496006025563e+01,0.000000000000000000e+00
3.910641685522654853e+01,0.000000000000000000e+00
4.305711960391798954e+01,0.000000000000000000e+00
3.771816327905156641e+01,0.000000000000000000e+00
4.382290002492686654e+01,0.000000000000000000e+00
3.795480698129151875e+01,0.000000000000000000e+00
4.237858358535889636e+01,0.000000000000000000e+00
4.135623779345493745e+01,0.000000000000000000e+00
3.751886363342331521e+01,0.000000000000000000e+00
3.878742108081002016e+01,0.000000000000000000e+00
4.189564183364337424e+01,0.000000000000000000e+00
3.737782531811000553e+01,0.000000000000000000e+00
4.197999736945328664e+01,0.000000000000000000e+00
4.220282500215046895e+01,0.000000000000000000e+00
4.092347191902014458e+01,0.000000000000000000e+00
3.878667402615418069e+01,0.000000000000000000e+00
4.010100010479868615e+01,0.000000000000000000e+00
4.367426794339783669e+01,0.000000000000000000e+00
3.744303276365038613e+01,0.000000000000000000e+00
4.077580716613052658e+01,0.000000000000000000e+00
3.911910791878720772e+01,0.000000000000000000e+00
4.247602672208036267e+01,0.000000000000000000e+00
3.822964904555390575e+01,0.000000000000000000e+00
3.746072470774858232e+01,0.000000000000000000e+00
4.061305799136142269e+01,0.000000000000000000e+00
3.985949525020804174e+01,0.000000000000000000e+00
3.832576935055042355e+01,0.000000000000000000e+00
4.025431670511467530e+01,0.000000000000000000e+00
3.876430064932192465e+01,0.000000000000000000e+00
3.812210993131031245e+01,0.000000000000000000e+00
3.704893655424917398e+01,0.000000000000000000e+00
3.480656115492425329e+01,0.000000000000000000e+00
3.806537146192099641e+01,0.000000000000000000e+00
4.207218809790460057e+01,0.000000000000000000e+00
4.257431101943672047e+01,0.000000000000000000e+00
3.913115439039342647e+01,0.000000000000000000e+00
3.820814996936335461e+01,0.000000000000000000e+00
3.423725642788496515e+01,0.000000000000000000e+00
3.866539071704254837e+01,0.000000000000000000e+00
4.009921177170565443e+01,0.000000000000000000e+00
3.547516473045521934e+01,0.000000000000000000e+00
3.877393663619934472e+01,0.000000000000000000e+00
4.151410742462137193e+01,0.000000000000000000e+00
3.940218503283301033e+01,0.000000000000000000e+00
3.878823494212743128e+01,0.000000000000000000e+00
3.699215940646617184e+01,0.000000000000000000e+00
3.329143540503024923e+01,0.000000000000000000e+00
3.913785557269840609e+01,0.000000000000000000e+00
3.637569492489649292e+01,0.000000000000000000e+00
4.125881756537501133e+01,0.000000000000000000e+00
3.540260791582715427e+01,0.000000000000000000e+00
3.787567920998073845e+01,0.000000000000000000e+00
3.545052721303765253e+01,0.000000000000000000e+00
3.823415121003932882e+01,0.000000000000000000e+00
3.519550028049923895e+01,0.000000000000000000e+00
3.756522170647019720e+01,0.000000000000000000e+00
3.550668293663198227e+01,0.000000000000000000e+00
3.371044969630695221e+01,0.000000000000000000e+00
3.524870909033037236e+01,0.000000000000000000e+00
3.925770911709143718e+01,0.000000000000000000e+00
3.420129584058517480e+01,0.000000000000000000e+00
3.628402674770831027e+01,0.000000000000000000e+00
3.920222990851602418e+01,0.000000000000000000e+00
3.304635057289186761e+01,0.000000000000000000e+00
3.877906722160428643e+01,0.000000000000000000e+00
3.494808741455658918e+01,0.000000000000000000e+00
3.631802676058283197e+01,0.000000000000000000e+00
3.449205975869488583e+01,0.000000000000000000e+00
3.589498257623053235e+01,0.000000000000000000e+00
3.571676970340742940e+01,0.000000000000000000e+00
3.342128860247652256e+01,0.000000000000000000e+00
3.565547304429332343e+01,0.000000000000000000e+00
3.071481046927866032e+01,0.000000000000000000e+00
3.772201413416793514e+01,0.000000000000000000e+00
3.680337927998032654e+01,0.000000000000000000e+00
3.485004485295601739e+01,0.000000000000000000e+00
3.569546440604442239e+01,0.000000000000000000e+00
2.957174204082380342e+01,0.000000000000000000e+00
3.617813120729342558e+01,0.000000000000000000e+00
3.326715105015318841e+01,0.000000000000000000e+00
3.454864906034742233e+01,0.000000000000000000e+00
3.618913438453144948e+01,0.000000000000000000e+00
3.454949584859246414e+01,0.000000000000000000e+00
3.586714240578892543e+01,0.000000000000000000e+00
3.358739013374186300e+01,0.000000000000000000e+00
3.458162458655514371e+01,0.000000000000000000e+00
3.244240025189705534e+01,0.000000000000000000e+00
3.724849020363245700e+01,0.000000000000000000e+00
3.439530353672024887e+01,0.000000000000000000e+00
3.107507088375872684e+01,0.000000000000000000e+00
3.324686214178726118e+01,0.000000000000000000e+00
3.721861015837675524e+01,0.000000000000000000e+00
3.603821805945570844e+01,0.000000000000000000e+00
3.152647391308807201e+01,0.000000000000000000e+00
3.186451812439275955e+01,0.000000000000000000e+00
3.297076625864064425e+01,0.000000000000000000e+00
3.534819606872042641e+01,0.000000000000000000e+00
3.197906152389301226e+01,0.000000000000000000e+00
3.295450566372392842e+01,0.000000000000000000e+00
3.462892006913870802e+01,0.000000000000000000e+00
3.521789336174257556e+01,0.000000000000000000e+00
3.173666019579840381e+01,0.000000000000000000e+00
3.231041935516308428e+01,0.000000000000000000e+00
3.219922829760584904e+01,0.000000000000000000e+00
3.128891968128869294e+01,0.000000000000000000e+00
3.524764806132926509e+01,0.000000000000000000e+00
3.126825403521737101e+01,0.000000000000000000e+00
3.472210249698108697e+01,0.000000000000000000e+00
2.949854380369829698e+01,0.000000000000000000e+00
3.492253029239677886e+01,0.000000000000000000e+00
3.355810289610376884e+01,0.000000000000000000e+00
3.514957361503356026e+01,0.000000000000000000e+00
3.403715208881538246e+01,0.000000000000000000e+00
3.106868052697953075e+01,0.000000000000000000e+00
3.372706347160068674e+01,0.000000000000000000e+00
3.079698820729727160e+01,0.000000000000000000e+00
3.195657391986888385e+01,0.000000000000000000e+00
3.138414860589635325e+01,0.000000000000000000e+00
3.482313337976047762e+01,0.000000000000000000e+00
3.369537479856207796e+01,0.000000000000000000e+00
3.246359060110865613e+01,0.000000000000000000e+00
3.047865587218397110e+01,0.000000000000000000e+00
3.155998769926917547e+01,0.000000000000000000e+00
3.095352701303538012e+01,0.000000000000000000e+00
3.173345010569375191e+01,0.000000000000000000e+00
3.329183048250409627e+01,0.000000000000000000e+00
3.221914592744723649e+01,0.000000000000000000e+00
3.212129309772677743e+01,0.000000000000000000e+00
2.933964816070144010e+01,0.000000000000000000e+00
3.296752623162394968e+01,0.000000000000000000e+00
3.053483777652321507e+01,0.000000000000000000e+00
2.586771496220013233e+01,0.000000000000000000e+00
3.434850525194360671e+01,0.000000000000000000e+00
3.412941041959787469e+01,0.000000000000000000e+00
3.309300507716926631e+01,0.000000000000000000e+00
3.593717674212506097e+01,0.000000000000000000e+00
3.025226202878052462e+01,0.000000000000000000e+00
3.100972007654900153e+01,0.000000000000000000e+00
3.095294914524200180e+01,0.000000000000000000e+00
2.998869923568262408e+01,0.000000000000000000e+00
3.165370095618723312e+01,0.000000000000000000e+00
2.986014782751686880e+01,0.000000000000000000e+00
3.109373313553554041e+01,0.000000000000000000e+00
3.170283420344459913e+01,0.000000000000000000e+00
3.177602403167181677e+01,0.000000000000000000e+00
2.981763360390582207e+01,0.000000000000000000e+00
3.146775317334458677e+01,0.000000000000000000e+00
3.023143486288000048e+01,0.000000000000000000e+00
2.731983875216330304e+01,0.000000000000000000e+00
3.174464342221880031e+01,0.000000000000000000e+00
3.052584856512963896e+01,0.000000000000000000e+00
3.408309452232970216e+01,0.000000000000000000e+00
2.670111278305448010e+01,0.000000000000000000e+00
3.242482062622065797e+01,0.000000000000000000e+00
3.224686057821056551e+01,0.000000000000000000e+00
3.119450831194230034e+01,0.000000000000000000e+00
3.230320969027565070e+01,0.000000000000000000e+00
3.091992290206792404e+01,0.000000000000000000e+00
3.041925992418925517e+01,0.000000000000000000e+00
3.038110056738623754e+01,0.000000000000000000e+00
3.328974007830741044e+01,0.000000000000000000e+00
2.772666666150048087e+01,0.000000000000000000e+00
2.829811044555322042e+01,0.000000000000000000e+00
3.287205719231960899e+01,0.000000000000000000e+00
3.141273118771423256e+01,0.000000000000000000e+00
2.952045877165655696e+01,0.000000000000000000e+00
2.943539263282462670e+01,0.000000000000000000e+00
2.826170131849857370e+01,0.000000000000000000e+00
2.988528421801725088e+01,0.000000000000000000e+00
3.018284189957048724e+01,0.000000000000000000e+00
3.133088769990571976e+01,0.000000000000000000e+00
3.003666039171957181e+01,0.000000000000000000e+00
2.663310067270682424e+01,0.000000000000000000e+00
2.925085897271465996e+01,0.000000000000000000e+00
2.473108014432119361e+01,0.000000000000000000e+00
2.701087662920364352e+01,0.000000000000000000e+00
2.908348888958078504e+01,0.000000000000000000e+00
2.838200579141469859e+01,0.000000000000000000e+00
2.771197801240087699e+01,0.000000000000000000e+00
2.767337282872903614e+01,0.000000000000000000e+00
2.579621391495425087e+01,0.000000000000000000e+00
2.810862128729413101e+01,0.000000000000000000e+00
2.646406301657342297e+01,0.000000000000000000e+00
2.707632106558348539e+01,0.000000000000000000e+00
3.147076929731663242e+01,0.000000000000000000e+00
2.735379483445861126e+01,0.000000000000000000e+00
3.270575930249172103e+01,0.000000000000000000e+00
2.749135017004964610e+01,0.000000000000000000e+00
2.764315397196044799e+01,0.000000000000000000e+00
2.910352026354103216e+01,0.000000000000000000e+00
2.810136134728312740e+01,0.000000000000000000e+00
2.389518208857630199e+01,0.000000000000000000e+00
3.010153902895642375e+01,0.000000000000000000e+00
2.661703096795938706e+01,0.000000000000000000e+00
2.838048226176497124e+01,0.000000000000000000e+00
2.940063268288400167e+01,0.000000000000000000e+00
2.847592056402161020e+01,0.000000000000000000e+00
2.608097569916117564e+01,0.000000000000000000e+00
2.739389216547626660e+01,0.000000000000000000e+00
2.840058129752124572e+01,0.000000000000000000e+00
3.036484808329266372e+01,0.000000000000000000e+00
2.994110488021777527e+01,0.000000000000000000e+00
2.580259808152570145e+01,0.000000000000000000e+00
2.348639376339253104e+01,0.000000000000000000e+00
2.634463164710904337e+01,0.000000000000000000e+00
2.410416871469107036e+01,0.000000000000000000e+00
2.898481590219828874e+01,0.000000000000000000e+00
2.934042575737327141e+01,0.000000000000000000e+00
2.897384889284987963e+01,0.000000000000000000e+00
2.875151629596864922e+01,0.000000000000000000e+00
2.393712895841624189e+01,0.000000000000000000e+00
2.809715972634456804e+01,0.000000000000000000e+00
2.818052628955142680e+01,0.000000000000000000e+00
2.343933117564494140e+01,0.000000000000000000e+00
2.879107652001704665e+01,0.000000000000000000e+00
2.628714297883714224e+01,0.000000000000000000e+00
2.689151663858881491e+01,0.000000000000000000e+00
2.643866067560054134e+01,0.000000000000000000e+00
3.040107145469162475e+01,0.000000000000000000e+00
2.304672490590738576e+01,0.000000000000000000e+00
2.616601652959296231e+01,0.000000000000000000e+00
2.638845376054520386e+01,0.000000000000000000e+00
2.323835846764572466e+01,0.000000000000000000e+00
3.013305833628514563e+01,0.000000000000000000e+00
2.552086744316258304e+01,0.000000000000000000e+00
2.558347830911236542e+01,0.000000000000000000e+00
2.645925159619858036e+01,0.000000000000000000e+00
2.725585820361454026e+01,0.000000000000000000e+00
2.988430588887936423e+01,0.000000000000000000e+00
2.908366117772462189e+01,0.000000000000000000e+00
2.266799144465932159e+01,0.000000000000000000e+00
2.437234172068058413e+01,0.000000000000000000e+00
2.873204661804641091e+01,0.000000000000000000e+00
2.606253359640274780e+01,0.000000000000000000e+00
2.536668400489229214e+01,0.000000000000000000e+00
2.298343481081339590e+01,0.000000000000000000e+00
2.859581153322018920e+01,0.000000000000000000e+00
2.395136351680167763e+01,0.000000000000000000e+00
2.771108331359044996e+01,0.000000000000000000e+00
2.570683277730323013e+01,0.000000000000000000e+00
2.517434822735880573e+01,0.000000000000000000e+00
2.547062303333230915e+01,0.000000000000000000e+00
2.731082073695814572e+01,0.000000000000000000e+00
2.691061576789090637e+01,0.000000000000000000e+00
2.667504077361655490e+01,0.000000000000000000e+00
2.915852910757009298e+01,0.000000000000000000e+00
2.262155232457669030e+01,0.000000000000000000e+00
2.533218709841348826e+01,0.000000000000000000e+00
2.292006898383157676e+01,0.000000000000000000e+00
2.759371338499528292e+01,0.000000000000000000e+00
2.374243938184615033e+01,0.000000000000000000e+00
2.281186515842848550e+01,0.000000000000000000e+00
2.526128054314886739e+01,0.000000000000000000e+00
2.390610384041098868e+01,0.000000000000000000e+00
2.401200516883087843e+01,0.000000000000000000e+00
2.258888299094545005e+01,0.000000000000000000e+00
2.362080810460237501e+01,0.000000000000000000e+00
2.414122926478767894e+01,0.000000000000000000e+00
2.675773199815195724e+01,0.000000000000000000e+00
2.393720054778599149e+01,0.000000000000000000e+00
2.501233521388557079e+01,0.000000000000000000e+00
2.567321860628307562e+01,0.000000000000000000e+00
2.407304248425410975e+01,0.000000000000000000e+00
2.787618772994618510e+01,0.000000000000000000e+00
2.577714571931652543e+01,0.000000000000000000e+00
2.372038474236344285e+01,0.000000000000000000e+00
2.540864455555390578e+01,0.000000000000000000e+00
2.277239685740637043e+01,0.000000000000000000e+00
2.708287421682317486e+01,0.000000000000000000e+00
2.453879804757961125e+01,0.000000000000000000e+00
2.203203057422870614e+01,0.000000000000000000e+00
2.640162884301947699e+01,0.000000000000000000e+00
2.908701499218584274e+01,0.000000000000000000e+00
2.505270630747738281e+01,0.000000000000000000e+00
2.214431290824284915e+01,0.000000000000000000e+00
2.580405317429553946e+01,0.000000000000000000e+00
2.266966440054621046e+01,0.000000000000000000e+00
2.515553998616275422e+01,0.000000000000000000e+00
2.496117577676010058e+01,0.000000000000000000e+00
2.431087970750345661e+01,0.000000000000000000e+00
2.431138977547654179e+01,0.000000000000000000e+00
2.132787568369050746e+01,0.000000000000000000e+00
2.488661394146841133e+01,0.000000000000000000e+00
2.273955779743233663e+01,0.000000000000000000e+00
2.331988739040891900e+01,0.000000000000000000e+00
2.416207115997197619e+01,0.000000000000000000e+00
2.208730931598719494e+01,0.000000000000000000e+00
2.350532166728243055e+01,0.000000000000000000e+00
2.375443312387375983e+01,0.000000000000000000e+00
2.518797443062488384e+01,0.000000000000000000e+00
2.361040589914333765e+01,0.000000000000000000e+00
2.562960249715658634e+01,0.000000000000000000e+00
2.524158464328569096e+01,0.000000000000000000e+00
2.437464756852363479e+01,0.000000000000000000e+00
2.191955817829828490e+01,0.000000000000000000e+00
2.414691885530806914e+01,0.000000000000000000e+00
2.276854782399079724e+01,0.000000000000000000e+00
2.095374393797631996e+01,0.000000000000000000e+00
2.123966156725149190e+01,0.000000000000000000e+00
2.328286652984185423e+01,0.000000000000000000e+00
2.717764003512251492e+01,0.000000000000000000e+00
2.157422400016047703e+01,0.000000000000000000e+00
2.020538078504272406e+01,0.000000000000000000e+00
2.171638759825697562e+01,0.000000000000000000e+00
2.329718995708310558e+01,0.000000000000000000e+00
2.561352376458458124e+01,0.000000000000000000e+00
2.140762407666936440e+01,0.000000000000000000e+00
2.357652056565486021e+01,0.000000000000000000e+00
2.208124782334861536e+01,0.000000000000000000e+00
2.201846855965263572e+01,0.000000000000000000e+00
2.210379959945397843e+01,0.000000000000000000e+00
2.033143260947862530e+01,0.000000000000000000e+00
2.107308626713673760e+01,0.000000000000000000e+00
2.048537555421803802e+01,0.000000000000000000e+00
2.244339751825723539e+01,0.000000000000000000e+00
2.058519247284925413e+01,0.000000000000000000e+00
1.992425963104586728e+01,0.000000000000000000e+00
2.597541202456364218e+01,0.000000000000000000e+00
2.088028892076222576e+01,0.000000000000000000e+00
2.256171556816108037e+01,0.000000000000000000e+00
2.151007636026349346e+01,0.000000000000000000e+00
2.164991985956867282e+01,0.000000000000000000e+00
2.072749011358122573e+01,0.000000000000000000e+00
2.182418192351032360e+01,0.000000000000000000e+00
1.838988723203956965e+01,0.000000000000000000e+00
2.044225952713485839e+01,0.000000000000000000e+00
1.859297190541271405e+01,0.000000000000000000e+00
2.074718421355730769e+01,0.000000000000000000e+00
2.536377294151392903e+01,0.000000000000000000e+00
1.833766277157902280e+01,0.000000000000000000e+00
1.924618791789970729e+01,0.000000000000000000e+00
2.085379831418517327e+01,0.000000000000000000e+00
1.854608120220765954e+01,0.000000000000000000e+00
2.068414107370387356e+01,0.000000000000000000e+00
2.016310375235924823e+01,0.000000000000000000e+00
2.078753386215064225e+01,0.000000000000000000e+00
2.018025670287109108e+01,0.000000000000000000e+00
2.280236170123200523e+01,0.000000000000000000e+00
2.560925331842513586e+01,0.000000000000000000e+00
2.031447013222498654e+01,0.000000000000000000e+00
2.504735832500801607e+01,0.000000000000000000e+00
2.309026037497674011e+01,0.000000000000000000e+00
2.198929846586377224e+01,0.000000000000000000e+00
2.489037048322461132e+01,0.000000000000000000e+00
2.017762754194961161e+01,0.000000000000000000e+00
2.278790539576112906e+01,0.000000000000000000e+00
2.208719554130841090e+01,0.000000000000000000e+00
2.388722257409321870e+01,0.000000000000000000e+00
2.000603537138383103e+01,0.000000000000000000e+00
2.040304407016895993e+01,0.000000000000000000e+00
2.132657932313045634e+01,0.000000000000000000e+00
2.398254447426159786e+01,0.000000000000000000e+00
2.092784731708665902e+01,0.000000000000000000e+00
2.212112382955356082e+01,0.000000000000000000e+00
2.056524920393011513e+01,0.000000000000000000e+00
1.625789395214637523e+01,0.000000000000000000e+00
1.770467619288571015e+01,0.000000000000000000e+00
1.997274028738803509e+01,0.000000000000000000e+00
1.970986581328409670e+01,0.000000000000000000e+00
2.429344153028864994e+01,0.000000000000000000e+00
2.108063384880327717e+01,0.000000000000000000e+00
2.214510093658252643e+01,0.000000000000000000e+00
1.937354610694827883e+01,0.000000000000000000e+00
1.995404315900258396e+01,0.000000000000000000e+00
2.007167668339246802e+01,0.000000000000000000e+00
1.894206743631278655e+01,0.000000000000000000e+00
2.350462679450903636e+01,0.000000000000000000e+00
1.909009136404175067e+01,0.000000000000000000e+00
2.155367110151315302e+01,0.000000000000000000e+00
2.215860114080363985e+01,0.000000000000000000e+00
1.789540767676588118e+01,0.000000000000000000e+00
2.215198771356746832e+01,0.000000000000000000e+00
2.338522133495586885e+01,0.000000000000000000e+00
2.567289398119918076e+01,0.000000000000000000e+00
1.871586659953196019e+01,0.000000000000000000e+00
2.103393788895341388e+01,0.000000000000000000e+00
2.074685543277738731e+01,0.000000000000000000e+00
2.171662674983654284e+01,0.000000000000000000e+00
2.264185343754739677e+01,0.000000000000000000e+00
1.876229412825987097e+01,0.000000000000000000e+00
2.406437138621230076e+01,0.000000000000000000e+00
2.386460612855254126e+01,0.000000000000000000e+00
2.071688335192612485e+01,0.000000000000000000e+00
2.322789425284213038e+01,0.000000000000000000e+00
2.021689467178071808e+01,0.000000000000000000e+00
1.996605439652320513e+01,0.000000000000000000e+00
1.663501319371199827e+01,0.000000000000000000e+00
2.103204005723349823e+01,0.000000000000000000e+00
2.160113995903720507e+01,0.000000000000000000e+00
2.413569338318858470e+01,0.000000000000000000e+00
2.146011043145104935e+01,0.000000000000000000e+00
2.104485022286258911e+01,0.000000000000000000e+00
2.103474830584254107e+01,0.000000000000000000e+00
2.121211376962322603e+01,0.000000000000000000e+00
2.160499624472422653e+01,0.000000000000000000e+00
2.288713591711740136e+01,0.000000000000000000e+00
2.058480207322281785e+01,0.000000000000000000e+00
2.071012746576057850e+01,0.000000000000000000e+00
2.225696216002922867e+01,0.000000000000000000e+00
2.306285599353971350e+01,0.000000000000000000e+00
1.752540075812978415e+01,0.000000000000000000e+00
1.990571717736305857e+01,0.000000000000000000e+00
1.832431484643192121e+01,0.000000000000000000e+00
2.074327670574562177e+01,0.000000000000000000e+00
2.128312781818587140e+01,0.000000000000000000e+00
1.878905117988033169e+01,0.000000000000000000e+00
1.829376508086036779e+01,0.000000000000000000e+00
2.152976008627977222e+01,0.000000000000000000e+00
1.855250494219139767e+01,0.000000000000000000e+00
2.322934516522894199e+01,0.000000000000000000e+00
2.084368559752348560e+01,0.000000000000000000e+00
2.073476184899083563e+01,0.000000000000000000e+00
2.190321185220787470e+01,0.000000000000000000e+00
1.917198228308984653e+01,0.000000000000000000e+00
1.809096182895253691e+01,0.000000000000000000e+00
2.192315979396724757e+01,0.000000000000000000e+00
2.034479706236379215e+01,0.000000000000000000e+00
1.888139480280158011e+01,0.000000000000000000e+00
1.956979928001318925e+01,0.000000000000000000e+00
1.782866263549902186e+01,0.000000000000000000e+00
1.642066044960016669e+01,0.000000000000000000e+00
2.249174180266706458e+01,0.000000000000000000e+00
2.043426183531726181e+01,0.000000000000000000e+00
1.495550505073655856e+01,0.000000000000000000e+00
1.744106921981984115e+01,0.000000000000000000e+00
2.357854298556394923e+01,0.000000000000000000e+00
2.410665758228076072e+01,0.000000000000000000e+00
1.569166939543647032e+01,0.000000000000000000e+00
1.609120234879052447e+01,0.000000000000000000e+00
1.843599501577557831e+01,0.000000000000000000e+00
2.299356630051100225e+01,0.000000000000000000e+00
1.636985957845980266e+01,0.000000000000000000e+00
2.065461439555873824e+01,0.000000000000000000e+00
1.897752224628249706e+01,0.000000000000000000e+00
2.229574865616870483e+01,0.000000000000000000e+00
2.099669259910074715e+01,0.000000000000000000e+00
1.857558127815248028e+01,0.000000000000000000e+00
2.493614028275942829e+01,0.000000000000000000e+00
1.667590439201841335e+01,0.000000000000000000e+00
1.842944127705121105e+01,0.000000000000000000e+00
2.060055481356113205e+01,0.000000000000000000e+00
1.919635758006116788e+01,0.000000000000000000e+00
1.850587401367118545e+01,0.000000000000000000e+00
1.933332307115429316e+01,0.000000000000000000e+00
2.127325297366322232e+01,0.000000000000000000e+00
1.998770320032453185e+01,0.000000000000000000e+00
1.734958223764481033e+01,0.000000000000000000e+00
1.894799231662992511e+01,0.000000000000000000e+00
1.732991146108867753e+01,0.000000000000000000e+00
1.844623811561742244e+01,0.000000000000000000e+00
2.284341733816984643e+01,0.000000000000000000e+00
1.769765325034431314e+01,0.000000000000000000e+00
2.253646711015991855e+01,0.000000000000000000e+00
1.978437562592355192e+01,0.000000000000000000e+00
2.068824288450425186e+01,0.000000000000000000e+00
1.978045159898320904e+01,0.000000000000000000e+00
2.297690187312847243e+01,0.000000000000000000e+00
2.241295792161970013e+01,0.000000000000000000e+00
1.990152101132931151e+01,0.000000000000000000e+00
2.056738959969116465e+01,0.000000000000000000e+00
2.266429866049135811e+01,0.000000000000000000e+00
2.083438826998779803e+01,0.000000000000000000e+00
2.338415445095129641e+01,0.000000000000000000e+00
1.907973135795500141e+01,0.000000000000000000e+00
2.315858079688588589e+01,0.000000000000000000e+00
2.245380327337960935e+01,0.000000000000000000e+00
1.764357554965079444e+01,0.000000000000000000e+00
1.965108349368644625e+01,0.000000000000000000e+00
2.131098410114484665e+01,0.000000000000000000e+00
1.970894665400300028e+01,0.000000000000000000e+00
2.103691256940853904e+01,0.000000000000000000e+00
2.046414106012121081e+01,0.000000000000000000e+00
1.898676474925389712e+01,0.000000000000000000e+00
1.790901450847477605e+01,0.000000000000000000e+00
1.862166191516617175e+01,0.000000000000000000e+00
1.914692457807681336e+01,0.000000000000000000e+00
1.992049326877377169e+01,0.000000000000000000e+00
2.216305543204570938e+01,0.000000000000000000e+00
1.795678022711332744e+01,0.000000000000000000e+00
1.900435955531741428e+01,0.000000000000000000e+00
1.912629081244178053e+01,0.000000000000000000e+00
1.993220732992055133e+01,0.000000000000000000e+00
1.953899034456394546e+01,0.000000000000000000e+00
1.954400628586419586e+01,0.000000000000000000e+00
2.169737910401754277e+01,0.000000000000000000e+00
2.182573195477813144e+01,0.000000000000000000e+00
1.949881652362043383e+01,0.000000000000000000e+00
2.238803517486016403e+01,0.000000000000000000e+00
1.798696118423618273e+01,0.000000000000000000e+00
1.998056304696376984e+01,0.000000000000000000e+00
2.019812816191938865e+01,0.000000000000000000e+00
2.096906569969294054e+01,0.000000000000000000e+00
2.202513310614412489e+01,0.000000000000000000e+00
1.871927952508717397e+01,0.000000000000000000e+00
2.423624360286440549e+01,0.000000000000000000e+00
2.303747806556258482e+01,0.000000000000000000e+00
2.033232226510349605e+01,0.000000000000000000e+00
2.016469878951179950e+01,0.000000000000000000e+00
1.914695001953170816e+01,0.000000000000000000e+00
1.991072955905563191e+01,0.000000000000000000e+00
2.178694317897248567e+01,0.000000000000000000e+00
2.150480738531711822e+01,0.000000000000000000e+00
2.077633077703179154e+01,0.000000000000000000e+00
1.672352856690103096e+01,0.000000000000000000e+00
2.285863377317459211e+01,0.000000000000000000e+00
1.844001663474352881e+01,0.000000000000000000e+00
2.056970751292705657e+01,0.000000000000000000e+00
1.875123227392457181e+01,0.000000000000000000e+00
1.937261649795307150e+01,0.000000000000000000e+00
2.125625457527479867e+01,0.000000000000000000e+00
2.046414095770708030e+01,0.000000000000000000e+00
2.255086799246121743e+01,0.000000000000000000e+00
1.843265102472796002e+01,0.000000000000000000e+00
1.985115940101442433e+01,0.000000000000000000e+00
2.275128363957491118e+01,0.000000000000000000e+00
2.197120118081933526e+01,0.000000000000000000e+00
1.873085352726819508e+01,0.000000000000000000e+00
2.167611066468980496e+01,0.000000000000000000e+00
1.953949729607672481e+01,0.000000000000000000e+00
2.007314514085487644e+01,0.000000000000000000e+00
2.215700921234338949e+01,0.000000000000000000e+00
2.322494868399969192e+01,0.000000000000000000e+00
1.743520691747903584e+01,0.000000000000000000e+00
2.269597526221500772e+01,0.000000000000000000e+00
2.263023579014364728e+01,0.000000000000000000e+00
1.896108066702630879e+01,0.000000000000000000e+00
2.113101233453545902e+01,0.000000000000000000e+00
1.973273803369509594e+01,0.000000000000000000e+00
1.843322943729473096e+01,0.000000000000000000e+00
1.990844399999342329e+01,0.000000000000000000e+00
2.082762091080384792e+01,0.000000000000000000e+00
2.040193222670305673e+01,0.000000000000000000e+00
1.979384547819038787e+01,0.000000000000000000e+00
1.716133683079400996e+01,0.000000000000000000e+00
2.462510366924340843e+01,0.000000000000000000e+00
1.759379395421877845e+01,0.000000000000000000e+00
2.214780149844165180e+01,0.000000000000000000e+00
1.863287616024783588e+01,0.000000000000000000e+00
1.912280634383134981e+01,0.000000000000000000e+00
2.176473153242421787e+01,0.000000000000000000e+00
1.660261496653546587e+01,0.000000000000000000e+00
2.228595796520782457e+01,0.000000000000000000e+00
2.148842435372871407e+01,0.000000000000000000e+00
1.620585361241028721e+01,0.000000000000000000e+00
2.260991817130598491e+01,0.000000000000000000e+00
1.865318598639493786e+01,0.000000000000000000e+00
2.332201187064118031e+01,0.000000000000000000e+00
2.101706966731099158e+01,0.000000000000000000e+00
1.847773565250449224e+01,0.000000000000000000e+00
2.322985232079872731e+01,0.000000000000000000e+00
1.847577750444322220e+01,0.000000000000000000e+00
1.832528171272966588e+01,0.000000000000000000e+00
2.037227759827883133e+01,0.000000000000000000e+00
2.034172637729694344e+01,0.000000000000000000e+00
1.929372428007664553e+01,0.000000000000000000e+00
1.769318689782025089e+01,0.000000000000000000e+00
1.764581811790221622e+01,0.000000000000000000e+00
2.139751516874686033e+01,0.000000000000000000e+00
2.062261133191080376e+01,0.000000000000000000e+00
2.078491931415194216e+01,0.000000000000000000e+00
2.153930633097780856e+01,0.000000000000000000e+00
1.791265147078786768e+01,0.000000000000000000e+00
2.151030655821467619e+01,0.000000000000000000e+00
2.003944031817637850e+01,0.000000000000000000e+00
2.143402269476584721e+01,0.000000000000000000e+00
2.151260532444078422e+01,0.000000000000000000e+00
1.707487830015510255e+01,0.000000000000000000e+00
2.125087373785701317e+01,0.000000000000000000e+00
1.928307275737993365e+01,0.000000000000000000e+00
1.915239518287709330e+01,0.000000000000000000e+00
2.237678569193841227e+01,0.000000000000000000e+00
2.159566001394183843e+01,0.000000000000000000e+00
1.813058424850297001e+01,0.000000000000000000e+00
2.137202056788138904e+01,0.000000000000000000e+00
2.169993395755043153e+01,0.000000000000000000e+00
1.727170019956211178e+01,0.000000000000000000e+00
1.868709983524647100e+01,0.000000000000000000e+00
2.403090821897717788e+01,0.000000000000000000e+00
2.330097927397343938e+01,0.000000000000000000e+00
2.164586105466199584e+01,0.000000000000000000e+00
2.273665063642770789e+01,0.000000000000000000e+00
2.265484504251347175e+01,0.000000000000000000e+00
2.397002669786643736e+01,0.000000000000000000e+00
2.756210443653528586e+01,0.000000000000000000e+00
2.135867125943628864e+01,0.000000000000000000e+00
1.924441314850139761e+01,0.000000000000000000e+00
2.415261853743790610e+01,0.000000000000000000e+00
2.288188559743413464e+01,0.000000000000000000e+00
2.485765461627055828e+01,0.000000000000000000e+00
2.157342655271053644e+01,0.000000000000000000e+00
2.557613525720397618e+01,0.000000000000000000e+00
2.230766675847437241e+01,0.000000000000000000e+00
2.095989731629228814e+01,0.000000000000000000e+00
2.358268241037372093e+01,0.000000000000000000e+00
1.733669169535934884e+01,0.000000000000000000e+00
2.135457364605000308e+01,0.000000000000000000e+00
2.588701274844051525e+01,0.000000000000000000e+00
2.102066748728186241e+01,0.000000000000000000e+00
2.603227143655928444e+01,0.000000000000000000e+00
1.741278118814381415e+01,0.000000000000000000e+00
2.361919350860927480e+01,0.000000000000000000e+00
2.246057794998373680e+01,0.000000000000000000e+00
1.898749280321831634e+01,0.000000000000000000e+00
2.056386593625091308e+01,0.000000000000000000e+00
2.146127586131694187e+01,0.000000000000000000e+00
2.247248418388392466e+01,0.000000000000000000e+00
1.841451754453217760e+01,0.000000000000000000e+00
2.723706596783518563e+01,0.000000000000000000e+00
2.111745021110996845e+01,0.000000000000000000e+00
2.175797840780406744e+01,0.000000000000000000e+00
2.243778034627258222e+01,0.000000000000000000e+00
1.913236910651220768e+01,0.000000000000000000e+00
2.238044258070676307e+01,0.000000000000000000e+00
2.369416576823050491e+01,0.000000000000000000e+00
2.449145718525924664e+01,0.000000000000000000e+00
2.444865141279935372e+01,0.000000000000000000e+00
2.128863019150584535e+01,0.000000000000000000e+00
2.076204366065604034e+01,0.000000000000000000e+00
2.283862168565897832e+01,0.000000000000000000e+00
2.537403920120728174e+01,0.000000000000000000e+00
1.995151154515865954e+01,0.000000000000000000e+00
2.185026707823717373e+01,0.000000000000000000e+00
2.355133106955118549e+01,0.000000000000000000e+00
2.008889157581988627e+01,0.000000000000000000e+00
2.449541507991670386e+01,0.000000000000000000e+00
2.368163674019356790e+01,0.000000000000000000e+00
2.058647491440874688e+01,0.000000000000000000e+00
2.502560267396111726e+01,0.000000000000000000e+00
2.072097297597591492e+01,0.000000000000000000e+00
2.206678776934869290e+01,0.000000000000000000e+00
2.405583516635670804e+01,0.000000000000000000e+00
2.392833540429391093e+01,0.000000000000000000e+00
2.414841794974487854e+01,0.000000000000000000e+00
2.265297872523266420e+01,0.000000000000000000e+00
2.361721997259240169e+01,0.000000000000000000e+00
2.651094270340653480e+01,0.000000000000000000e+00
2.664911245519618888e+01,0.000000000000000000e+00
2.144683804339629063e+01,0.000000000000000000e+00
2.302284471464516358e+01,0.000000000000000000e+00
2.592806351025490841e+01,0.000000000000000000e+00
2.125910001251940074e+01,0.000000000000000000e+00
2.516959592111744115e+01,0.000000000000000000e+00
2.812501256175894326e+01,0.000000000000000000e+00
2.485940834310666503e+01,0.000000000000000000e+00
2.361428294739231504e+01,0.000000000000000000e+00
2.397483916766302769e+01,0.000000000000000000e+00
2.370606820298996453e+01,0.000000000000000000e+00
2.026235852909304924e+01,0.000000000000000000e+00
1.689865208258143525e+01,0.000000000000000000e+00
2.244853905951489281e+01,0.000000000000000000e+00
2.287060419081318940e+01,0.000000000000000000e+00
1.931279223119497601e+01,0.000000000000000000e+00
2.725795516226780890e+01,0.000000000000000000e+00
2.563488466743294225e+01,0.000000000000000000e+00
2.596009653583346477e+01,0.000000000000000000e+00
2.756020792532712704e+01,0.000000000000000000e+00
2.434978745462911931e+01,0.000000000000000000e+00
2.430987048165674125e+01,0.000000000000000000e+00
2.319531629470096945e+01,0.000000000000000000e+00
2.357731442989376802e+01,0.000000000000000000e+00
2.202683204585714805e+01,0.000000000000000000e+00
2.546425958986876736e+01,0.000000000000000000e+00
2.484634568856645132e+01,0.000000000000000000e+00
2.353887513729696224e+01,0.000000000000000000e+00
2.789394475277130780e+01,0.000000000000000000e+00
2.178916194128892414e+01,0.000000000000000000e+00
2.590671020387840429e+01,0.000000000000000000e+00
2.610857590888992874e+01,0.000000000000000000e+00
2.206638213152715622e+01,0.000000000000000000e+00
2.466104857206301659e+01,0.000000000000000000e+00
2.577245478409988877e+01,0.000000000000000000e+00
2.288649971704908737e+01,0.000000000000000000e+00
2.713976536676494788e+01,0.000000000000000000e+00
2.420956366814341365e+01,0.000000000000000000e+00
2.227642063975823561e+01,0.000000000000000000e+00
2.281293027960754927e+01,0.000000000000000000e+00
2.568556194658649616e+01,0.000000000000000000e+00
2.686889468270747017e+01,0.000000000000000000e+00
2.172136589119910610e+01,0.000000000000000000e+00
2.147668842029893810e+01,0.000000000000000000e+00
2.715935817900270521e+01,0.000000000000000000e+00
2.509161134534404169e+01,0.000000000000000000e+00
2.353585383116456597e+01,0.000000000000000000e+00
2.688758999783404136e+01,0.000000000000000000e+00
2.504976180831009103e+01,0.000000000000000000e+00
2.690064451570765058e+01,0.000000000000000000e+00
2.739383190988468542e+01,0.000000000000000000e+00
2.262323532071918208e+01,0.000000000000000000e+00
2.706122944085453952e+01,0.000000000000000000e+00
2.625089732660316244e+01,0.000000000000000000e+00
2.272642387680281573e+01,0.000000000000000000e+00
2.735393952190696254e+01,0.000000000000000000e+00
2.554319450033513306e+01,0.000000000000000000e+00
2.503316430655358715e+01,0.000000000000000000e+00
2.895752647571812233e+01,0.000000000000000000e+00
2.555083517039190966e+01,0.000000000000000000e+00
2.919172663893158415e+01,0.000000000000000000e+00
2.326373864331938890e+01,0.000000000000000000e+00
2.706202436506551123e+01,0.000000000000000000e+00
2.702716642323207452e+01,0.000000000000000000e+00
2.733310487854398474e+01,0.000000000000000000e+00
3.035993581932516605e+01,0.000000000000000000e+00
2.543545148891651664e+01,0.000000000000000000e+00
2.923552524591672963e+01,0.000000000000000000e+00
2.226887145458555750e+01,0.000000000000000000e+00
2.569407677539368606e+01,0.000000000000000000e+00
2.447758252882874430e+01,0.000000000000000000e+00
2.642113816676640425e+01,0.000000000000000000e+00
2.465302224987331314e+01,0.000000000000000000e+00
2.948901908610464417e+01,0.000000000000000000e+00
2.632434717708034100e+01,0.000000000000000000e+00
2.686410080402189848e+01,0.000000000000000000e+00
3.046612494277921357e+01,0.000000000000000000e+00
2.470539852646694357e+01,0.000000000000000000e+00
2.758376326921740329e+01,0.000000000000000000e+00
2.782531038649440447e+01,0.000000000000000000e+00
2.525269854980485817e+01,0.000000000000000000e+00
2.936239867092705325e+01,0.000000000000000000e+00
2.426869541077670434e+01,0.000000000000000000e+00
2.519174885222200189e+01,0.000000000000000000e+00
2.736474542675365740e+01,0.000000000000000000e+00
2.301727354985659346e+01,0.000000000000000000e+00
3.126710439530814511e+01,0.000000000000000000e+00
2.247954591534734803e+01,0.000000000000000000e+00
2.701286408214221524e+01,0.000000000000000000e+00
2.782602735428886120e+01,0.000000000000000000e+00
2.789796155652807386e+01,0.000000000000000000e+00
3.287251307201793793e+01,0.000000000000000000e+00
2.438760047872529668e+01,0.000000000000000000e+00
2.991196446900804773e+01,0.000000000000000000e+00
2.520828086498663723e+01,0.000000000000000000e+00
2.574470283013186034e+01,0.000000000000000000e+00
2.563473304572412559e+01,0.000000000000000000e+00
2.846861008128916382e+01,0.000000000000000000e+00
2.874891833466243085e+01,0.000000000000000000e+00
2.807007955448172254e+01,0.000000000000000000e+00
3.083739143200780575e+01,0.000000000000000000e+00
3.050927475761904972e+01,0.000000000000000000e+00
2.836924142734956433e+01,0.000000000000000000e+00
2.870135163781319676e+01,0.000000000000000000e+00
2.826107024371381016e+01,0.000000000000000000e+00
2.932089452845043098e+01,0.000000000000000000e+00
2.986644217063289375e+01,0.000000000000000000e+00
2.906168476581362370e+01,0.000000000000000000e+00
2.905767149425993523e+01,0.000000000000000000e+00
3.017754062776110402e+01,0.000000000000000000e+00
2.843645573861398645e+01,0.000000000000000000e+00
2.976003914489505675e+01,0.000000000000000000e+00
2.454321832131603998e+01,0.000000000000000000e+00
2.849680050707340939e+01,0.000000000000000000e+00
2.660529579829027469e+01,0.000000000000000000e+00
2.687956659114788494e+01,0.000000000000000000e+00
2.790921044799660677e+01,0.000000000000000000e+00
3.307018004121247401e+01,0.000000000000000000e+00
2.943905487907284879e+01,0.000000000000000000e+00
2.805563585662024906e+01,0.000000000000000000e+00
3.099025590411961062e+01,0.000000000000000000e+00
3.001787573469073322e+01,0.000000000000000000e+00
2.726706003238983911e+01,0.000000000000000000e+00
2.909601981594261844e+01,0.000000000000000000e+00
3.142648526945219345e+01,0.000000000000000000e+00
2.683481089500382666e+01,0.000000000000000000e+00
3.234968281639107346e+01,0.000000000000000000e+00
3.044429737741084452e+01,0.000000000000000000e+00
2.947527725683141142e+01,0.000000000000000000e+00
3.315240260345477452e+01,0.000000000000000000e+00
3.037306396594087943e+01,0.000000000000000000e+00
3.070835041164742307e+01,0.000000000000000000e+00
3.347599269809292366e+01,0.000000000000000000e+00
2.978281881096616601e+01,0.000000000000000000e+00
3.120467116951807540e+01,0.000000000000000000e+00
3.028072654348965287e+01,0.000000000000000000e+00
3.049709730125558238e+01,0.000000000000000000e+00
2.964200539232601272e+01,0.000000000000000000e+00
2.845930379730004489e+01,0.000000000000000000e+00
3.047945975643372307e+01,0.000000000000000000e+00
2.934213780255209159e+01,0.000000000000000000e+00
3.029388030471500315e+01,0.000000000000000000e+00
2.980529436238240137e+01,0.000000000000000000e+00
2.852192374161486654e+01,0.000000000000000000e+00
2.957762653390033591e+01,0.000000000000000000e+00
3.106455573487479782e+01,0.000000000000000000e+00
3.116695561674646342e+01,0.000000000000000000e+00
3.304281150476401052e+01,0.000000000000000000e+00
3.030263379332672713e+01,0.000000000000000000e+00
3.001512333487579909e+01,0.000000000000000000e+00
2.905951692924314145e+01,0.000000000000000000e+00
3.436257260177791295e+01,0.000000000000000000e+00
3.020269206032057596e+01,0.000000000000000000e+00
3.048974517744812474e+01,0.000000000000000000e+00
3.300852165398416105e+01,0.000000000000000000e+00
3.388539196277984189e+01,0.000000000000000000e+00
3.092029876411108802e+01,0.000000000000000000e+00
2.912664692825697443e+01,0.000000000000000000e+00
3.403565510990316056e+01,0.000000000000000000e+00
3.190342485220732627e+01,0.000000000000000000e+00
2.376611915975615830e+01,0.000000000000000000e+00
2.969183918162084979e+01,0.000000000000000000e+00
3.012204499233451216e+01,0.000000000000000000e+00
3.231881942717443224e+01,0.000000000000000000e+00
3.045906468069078699e+01,0.000000000000000000e+00
3.202235159281597277e+01,0.000000000000000000e+00
3.366937494211350668e+01,0.000000000000000000e+00
3.122624383844863871e+01,0.000000000000000000e+00
2.730223204656710578e+01,0.000000000000000000e+00
3.193329530067779842e+01,0.000000000000000000e+00
3.193090016883460436e+01,0.000000000000000000e+00
3.016857336632576647e+01,0.000000000000000000e+00
3.250915365117224098e+01,0.000000000000000000e+00
3.133272064653622380e+01,0.000000000000000000e+00
3.414361378961453397e+01,0.000000000000000000e+00
3.480230439788910246e+01,0.000000000000000000e+00
3.164325691414453701e+01,0.000000000000000000e+00
2.910871174926847260e+01,0.000000000000000000e+00
3.212693587746138491e+01,0.000000000000000000e+00
3.150373107021629338e+01,0.000000000000000000e+00
3.219398876103941376e+01,0.000000000000000000e+00
3.134791764203263043e+01,0.000000000000000000e+00
3.428484833740797200e+01,0.000000000000000000e+00
3.794359387245270909e+01,0.000000000000000000e+00
3.372036284204025236e+01,0.000000000000000000e+00
2.992153906251717643e+01,0.000000000000000000e+00
3.571733789034209394e+01,0.000000000000000000e+00
3.706002377726233021e+01,0.000000000000000000e+00
3.228148508113710591e+01,0.000000000000000000e+00
3.373182359462104074e+01,0.000000000000000000e+00
3.410548085297428855e+01,0.000000000000000000e+00
3.374621378145568684e+01,0.000000000000000000e+00
3.404061080754419066e+01,0.000000000000000000e+00
3.558506327876698805e+01,0.000000000000000000e+00
2.955805931574358070e+01,0.000000000000000000e+00
3.517244303471535716e+01,0.000000000000000000e+00
3.530168037970409500e+01,0.000000000000000000e+00
3.546356516517334256e+01,0.000000000000000000e+00
3.388821067604160930e+01,0.000000000000000000e+00
3.578222377414762434e+01,0.000000000000000000e+00
3.400159615167108029e+01,0.000000000000000000e+00
3.395024493539844457e+01,0.000000000000000000e+00
3.338304138166268586e+01,0.000000000000000000e+00
3.541108050543918750e+01,0.000000000000000000e+00
3.380286873242853574e+01,0.000000000000000000e+00
3.735767514055629590e+01,0.000000000000000000e+00
3.780326030816155480e+01,0.000000000000000000e+00
3.415948709003985329e+01,0.000000000000000000e+00
3.693816834963023155e+01,0.000000000000000000e+00
3.531557769778893885e+01,0.000000000000000000e+00
3.266307035936067393e+01,0.000000000000000000e+00
3.183864792525464793e+01,0.000000000000000000e+00
3.514995077469057350e+01,0.000000000000000000e+00
3.280012921833557016e+01,0.000000000000000000e+00
3.479743464412824494e+01,0.000000000000000000e+00
3.476472138225149422e+01,0.000000000000000000e+00
3.157524604878644325e+01,0.000000000000000000e+00
3.444550810885289849e+01,0.000000000000000000e+00
3.859742819078246612e+01,0.000000000000000000e+00
3.805395688644873076e+01,0.000000000000000000e+00
3.578795959533695026e+01,0.000000000000000000e+00
3.385089258966635839e+01,0.000000000000000000e+00
3.653148484814051500e+01,0.000000000000000000e+00
3.234554112615592913e+01,0.000000000000000000e+00
3.656616393879247084e+01,0.000000000000000000e+00
3.696185501341232538e+01,0.000000000000000000e+00
3.542128060319033267e+01,0.000000000000000000e+00
3.655474314923967682e+01,0.000000000000000000e+00
3.957480683351691653e+01,0.000000000000000000e+00
3.534410331840060593e+01,0.000000000000000000e+00
3.431504302392443151e+01,0.000000000000000000e+00
3.759846597359047138e+01,0.000000000000000000e+00
3.726468681730650445e+01,0.000000000000000000e+00
4.006881883833950297e+01,0.000000000000000000e+00
4.015023441045222796e+01,0.000000000000000000e+00
3.749385722756865391e+01,0.000000000000000000e+00
3.572587561770315290e+01,0.000000000000000000e+00
3.750322167554008956e+01,0.000000000000000000e+00
3.847532659584556569e+01,0.000000000000000000e+00
3.766962125936301220e+01,0.000000000000000000e+00
3.913914285765385159e+01,0.000000000000000000e+00
3.891654474603566882e+01,0.000000000000000000e+00
3.724950710279215116e+01,0.000000000000000000e+00
3.609698027993251657e+01,0.000000000000000000e+00
3.737494522283012799e+01,0.000000000000000000e+00
3.793053170509668348e+01,0.000000000000000000e+00
3.881332125194179383e+01,0.000000000000000000e+00
3.640432399685709441e+01,0.000000000000000000e+00
3.621635065046312718e+01,0.000000000000000000e+00
3.883665824349102991e+01,0.000000000000000000e+00
3.624428565884440445e+01,0.000000000000000000e+00
3.943414403951675240e+01,0.000000000000000000e+00
3.905687116637569289e+01,0.000000000000000000e+00
3.841361056284529951e+01,0.000000000000000000e+00
4.009931521175860070e+01,0.000000000000000000e+00
4.180559526169251683e+01,0.000000000000000000e+00
3.964154676679567046e+01,0.000000000000000000e+00
3.719885918905639954e+01,0.000000000000000000e+00
3.719942200739308902e+01,0.000000000000000000e+00
4.117998802755410281e+01,0.000000000000000000e+00
4.106638955681317782e+01,0.000000000000000000e+00
4.122681836229745045e+01,0.000000000000000000e+00
3.413877773950002847e+01,0.000000000000000000e+00
4.059468806110370309e+01,0.000000000000000000e+00
3.582968269005548478e+01,0.000000000000000000e+00
3.583062393679498570e+01,0.000000000000000000e+00
3.837935969448475504e+01,0.000000000000000000e+00
4.291459148430413961e+01,0.000000000000000000e+00
3.877623825593705220e+01,0.000000000000000000e+00
3.724745719150500634e+01,0.000000000000000000e+00
3.609287942477364908e+01,0.000000000000000000e+00
4.127542088637800077e+01,0.000000000000000000e+00
3.754867851552142355e+01,0.000000000000000000e+00
4.247500878559220894e+01,0.000000000000000000e+00
3.802735568629732654e+01,0.000000000000000000e+00
3.985273725597918570e+01,0.000000000000000000e+00
4.149777685456737686e+01,0.000000000000000000e+00
3.955935248738443732e+01,0.000000000000000000e+00
3.818697974718990196e+01,0.000000000000000000e+00
3.746108941389728386e+01,0.000000000000000000e+00
4.176082170513912928e+01,0.000000000000000000e+00
4.179267033992206848e+01,0.000000000000000000e+00
3.765749837553865120e+01,0.000000000000000000e+00
3.851789606321957393e+01,0.000000000000000000e+00
3.756608185331302963e+01,0.000000000000000000e+00
4.228014268408854548e+01,0.000000000000000000e+00
4.402975435986537889e+01,0.000000000000000000e+00
4.623530390827038161e+01,0.000000000000000000e+00
3.915934236620489628e+01,0.000000000000000000e+00
4.225133900359893602e+01,0.000000000000000000e+00
4.155151863969361870e+01,0.000000000000000000e+00
4.116979284200613165e+01,0.000000000000000000e+00
4.039827463291856446e+01,0.000000000000000000e+00
4.160558395394883036e+01,0.000000000000000000e+00
4.190386309131354636e+01,0.000000000000000000e+00
4.362746627848414960e+01,0.000000000000000000e+00
3.797932768741585363e+01,0.000000000000000000e+00
3.891086083840647092e+01,0.000000000000000000e+00
4.109381049499168626e+01,0.000000000000000000e+00
4.117886829370947765e+01,0.000000000000000000e+00
3.703800681526992378e+01,0.000000000000000000e+00
3.989684068799234495e+01,0.000000000000000000e+00
4.134614428556150045e+01,0.000000000000000000e+00
4.036653471667990800e+01,0.000000000000000000e+00
4.160630635701247826e+01,0.000000000000000000e+00
4.158074837570094218e+01,0.000000000000000000e+00
4.257435296526782764e+01,0.000000000000000000e+00
4.407992357754353208e+01,0.000000000000000000e+00
4.369097437238222170e+01,0.000000000000000000e+00
4.505525577129501613e+01,0.000000000000000000e+00
4.363319732450896282e+01,0.000000000000000000e+00
4.087337423261077163e+01,0.000000000000000000e+00
4.061336527536938235e+01,0.000000000000000000e+00
4.251474359311990270e+01,0.000000000000000000e+00
4.111341754202559429e+01,0.000000000000000000e+00
4.254115861603406756e+01,0.000000000000000000e+00
4.423232761365357391e+01,0.000000000000000000e+00
4.031840509102661230e+01,0.000000000000000000e+00
4.535998864432238520e+01,0.000000000000000000e+00
4.234218024506730416e+01,0.000000000000000000e+00
4.333870868569812274e+01,0.000000000000000000e+00
4.193981288001826613e+01,0.000000000000000000e+00
4.538431453047932962e+01,0.000000000000000000e+00
4.347845350871742909e+01,0.000000000000000000e+00
4.185156436397954849e+01,0.000000000000000000e+00
4.443070830296849749e+01,0.000000000000000000e+00
4.050787484853898235e+01,0.000000000000000000e+00
4.416416605323706790e+01,0.000000000000000000e+00
4.622510776179809255e+01,0.000000000000000000e+00
4.476083166182309725e+01,0.000000000000000000e+00
4.641303143837882317e+01,0.000000000000000000e+00
4.763156831576802119e+01,0.000000000000000000e+00
4.290165693671353608e+01,0.000000000000000000e+00
4.178430837502390460e+01,0.000000000000000000e+00
4.416530290232898892e+01,0.000000000000000000e+00
4.420731946459252271e+01,0.000000000000000000e+00
4.452844843125635776e+01,0.000000000000000000e+00
4.336820192472746527e+01,0.000000000000000000e+00
4.181952251335633264e+01,0.000000000000000000e+00
4.241520785298077101e+01,0.000000000000000000e+00
4.586186106169178345e+01,0.000000000000000000e+00
4.268491168797505964e+01,0.000000000000000000e+00
4.389812777770993790e+01,0.000000000000000000e+00
4.936142886068926572e+01,0.000000000000000000e+00
4.555887768634112689e+01,0.000000000000000000e+00
4.671557033078989463e+01,0.000000000000000000e+00
4.728507350505203988e+01,0.000000000000000000e+00
4.616082059574395657e+01,0.000000000000000000e+00
4.696886487532515986e+01,0.000000000000000000e+00
4.756933236534703013e+01,0.000000000000000000e+00
4.386128079176801009e+01,0.000000000000000000e+00
4.391904524324456105e+01,0.000000000000000000e+00
4.418712095842986542e+01,0.000000000000000000e+00
4.640210022181742744e+01,0.000000000000000000e+00
4.242157110560404476e+01,0.000000000000000000e+00
4.677271491806945392e+01,0.000000000000000000e+00
4.557559108992293773e+01,0.000000000000000000e+00
4.510883633459354769e+01,0.000000000000000000e+00
4.738275236260071921e+01,0.000000000000000000e+00
4.540605191619542325e+01,0.000000000000000000e+00
4.731371369209442435e+01,0.000000000000000000e+00
4.626246382241882316e+01,0.000000000000000000e+00
4.405356388994112393e+01,0.000000000000000000e+00
4.570481619101344251e+01,0.000000000000000000e+00
4.936999268026258392e+01,0.000000000000000000e+00
4.350686290829609248e+01,0.000000000000000000e+00
4.439960189333736196e+01,0.000000000000000000e+00
4.561675658016078927e+01,0.000000000000000000e+00
4.889920553585039187e+01,0.000000000000000000e+00
4.816111946036581770e+01,0.000000000000000000e+00
4.559143502076184262e+01,0.000000000000000000e+00
4.745901904305445385e+01,0.000000000000000000e+00
4.830500609970552262e+01,0.000000000000000000e+00
4.570148474618106604e+01,0.000000000000000000e+00
4.721242703108826078e+01,0.000000000000000000e+00
4.388925828295500509e+01,0.000000000000000000e+00
4.832049720618622501e+01,0.000000000000000000e+00
4.798328050013365242e+01,0.000000000000000000e+00
4.713963468305068005e+01,0.000000000000000000e+00
4.514887434572661817e+01,0.000000000000000000e+00
4.498154527389319668e+01,0.000000000000000000e+00
4.675410377130101125e+01,0.000000000000000000e+00
4.821192738234155684e+01,0.000000000000000000e+00
4.842749493721233733e+01,0.000000000000000000e+00
4.639846660076848650e+01,0.000000000000000000e+00
5.147123334387918447e+01,0.000000000000000000e+00
5.006963698965293474e+01,0.000000000000000000e+00
4.574413124544782505e+01,0.000000000000000000e+00
4.793460809388115962e+01,0.000000000000000000e+00
4.922852750922965015e+01,0.000000000000000000e+00
4.821231387628841958e+01,0.000000000000000000e+00
5.019670997787829947e+01,0.000000000000000000e+00
4.865539235709436383e+01,0.000000000000000000e+00
4.901659358898235297e+01,0.000000000000000000e+00
5.129745404445174017e+01,0.000000000000000000e+00
4.780438307999104097e+01,0.000000000000000000e+00
4.849214814725339551e+01,0.000000000000000000e+00
5.342016112623502977e+01,0.000000000000000000e+00
5.069843193334693154e+01,0.000000000000000000e+00
5.053122922945566842e+01,0.000000000000000000e+00
4.777979079447893440e+01,0.000000000000000000e+00
4.997561663852519587e+01,0.000000000000000000e+00
5.220607976442443032e+01,0.000000000000000000e+00
4.851949591507867154e+01,0.000000000000000000e+00
4.931564024586424466e+01,0.000000000000000000e+00
5.006578980074556995e+01,0.000000000000000000e+00
5.017457978700252141e+01,0.000000000000000000e+00
5.119813057581939120e+01,0.000000000000000000e+00
5.094881220358093543e+01,0.000000000000000000e+00
5.056612646105512709e+01,0.000000000000000000e+00
5.340630447648251078e+01,0.000000000000000000e+00
5.001113198475008659e+01,0.000000000000000000e+00
5.173414768407369024e+01,0.000000000000000000e+00
5.405951448305582119e+01,0.000000000000000000e+00
5.581257083016475207e+01,0.000000000000000000e+00
5.533388971988578220e+01,0.000000000000000000e+00
5.727126267174003260e+01,0.000000000000000000e+00
5.257089665377937848e+01,0.000000000000000000e+00
4.814094637537328936e+01,0.000000000000000000e+00
5.375285434086281100e+01,0.000000000000000000e+00
5.052825478801386794e+01,0.000000000000000000e+00
5.308827725113177820e+01,0.000000000000000000e+00
5.336160687157505578e+01,0.000000000000000000e+00
5.477048080022368026e+01,0.000000000000000000e+00
4.997886068136341464e+01,0.000000000000000000e+00
5.108820474122023825e+01,0.000000000000000000e+00
5.127562688376433897e+01,0.000000000000000000e+00
5.021513857419380145e+01,0.000000000000000000e+00
5.138731613036190282e+01,0.000000000000000000e+00
4.973852895062160684e+01,0.000000000000000000e+00
5.509012833834921707e+01,0.000000000000000000e+00
4.795694205675964383e+01,0.000000000000000000e+00
5.326140758898021943e+01,0.000000000000000000e+00
5.093385317938607670e+01,0.000000000000000000e+00
5.165727710386055804e+01,0.000000000000000000e+00
5.033386641510810477e+01,0.000000000000000000e+00
5.195714512893844272e+01,0.000000000000000000e+00
5.314107894453822922e+01,0.000000000000000000e+00
5.239104640390705470e+01,0.000000000000000000e+00
5.266607528465126364e+01,0.000000000000000000e+00
5.651266368269663332e+01,0.000000000000000000e+00
5.464157050210887689e+01,0.000000000000000000e+00
5.149551079078666049e+01,0.000000000000000000e+00
5.260552234842634789e+01,0.000000000000000000e+00
5.248012463748220569e+01,0.000000000000000000e+00
5.125394782867876131e+01,0.000000000000000000e+00
5.167439465905146534e+01,0.000000000000000000e+00
5.409236943136323816e+01,0.000000000000000000e+00
5.534452896141436895e+01,0.000000000000000000e+00
5.800658472959072043e+01,0.000000000000000000e+00
5.360715367579341972e+01,0.000000000000000000e+00
5.513973673356182559e+01,0.000000000000000000e+00
5.501647785974746085e+01,0.000000000000000000e+00
5.444626564882965880e+01,0.000000000000000000e+00
5.470903792905242824e+01,0.000000000000000000e+00
5.238604055640556112e+01,0.000000000000000000e+00
5.423690893756549514e+01,0.000000000000000000e+00
5.649971405058175833e+01,0.000000000000000000e+00
5.391398131349745171e+01,0.000000000000000000e+00
5.459791403571556145e+01,0.000000000000000000e+00
5.541226238119320868e+01,0.000000000000000000e+00
5.465370396254541419e+01,0.000000000000000000e+00
5.395652970616077226e+01,0.000000000000000000e+00
5.284489500674726514e+01,0.000000000000000000e+00
5.215528519669802421e+01,0.000000000000000000e+00
5.505359547380433582e+01,0.000000000000000000e+00
5.708444221099516369e+01,0.000000000000000000e+00
5.450349351815570031e+01,0.000000000000000000e+00
5.703090081723371441e+01,0.000000000000000000e+00
5.696991185433758176e+01,0.000000000000000000e+00
5.671508467325669756e+01,0.000000000000000000e+00
5.659030039729210415e+01,0.000000000000000000e+00
5.672289244577844158e+01,0.000000000000000000e+00
5.932742491787359995e+01,0.000000000000000000e+00
5.429923747478075313e+01,0.000000000000000000e+00
5.537850539102592506e+01,0.000000000000000000e+00
5.593921498196391440e+01,0.000000000000000000e+00
5.442405914003551715e+01,0.000000000000000000e+00
5.595426049274853142e+01,0.000000000000000000e+00
5.395868547549900995e+01,0.000000000000000000e+00
5.560930929315909310e+01,0.000000000000000000e+00
5.919772174618124438e+01,0.000000000000000000e+00
5.692814504694560895e+01,0.000000000000000000e+00
5.647933070214533302e+01,0.000000000000000000e+00
5.620092670118300049e+01,0.000000000000000000e+00
5.778364494894350401e+01,0.000000000000000000e+00
5.549570691892318308e+01,0.000000000000000000e+00
6.095411955010133909e+01,0.000000000000000000e+00
5.473848767611446675e+01,0.000000000000000000e+00
5.397119164200310593e+01,0.000000000000000000e+00
5.897947575121396824e+01,0.000000000000000000e+00
5.664553733106330924e+01,0.000000000000000000e+00
5.863224350097447513e+01,0.000000000000000000e+00
5.564405099084940787e+01,0.000000000000000000e+00
5.879869021131246853e+01,0.000000000000000000e+00
5.661865813889238552e+01,0.000000000000000000e+00
5.361625169577255434e+01,0.000000000000000000e+00
5.589637379271842121e+01,0.000000000000000000e+00
5.796364407994838075e+01,0.000000000000000000e+00
5.588494659133505138e+01,0.000000000000000000e+00
5.606384338346693141e+01,0.000000000000000000e+00
5.929295416038404198e+01,0.000000000000000000e+00
6.203835318585100822e+01,0.000000000000000000e+00
6.078597578720673766e+01,0.000000000000000000e+00
5.722575261023806092e+01,0.000000000000000000e+00
5.530205113396431216e+01,0.000000000000000000e+00
5.907731373565989230e+01,0.000000000000000000e+00
5.729081637616098277e+01,0.000000000000000000e+00
6.003151333252046840e+01,0.000000000000000000e+00
5.617974668532128391e+01,0.000000000000000000e+00
5.565679925908615644e+01,0.000000000000000000e+00
5.737183546158055236e+01,0.000000000000000000e+00
5.890662405422566650e+01,0.000000000000000000e+00
5.869747624717332712e+01,0.000000000000000000e+00
5.921416071406938642e+01,0.000000000000000000e+00
6.310211191412957987e+01,0.000000000000000000e+00
5.882310614665652082e+01,0.000000000000000000e+00
6.066541011774229730e+01,0.000000000000000000e+00
6.018149404843654793e+01,0.000000000000000000e+00
5.521187601930633804e+01,0.000000000000000000e+00
6.487259204580843175e+01,0.000000000000000000e+00
5.762420034097165455e+01,0.000000000000000000e+00
5.956960211369116820e+01,0.000000000000000000e+00
5.731748902576768501e+01,0.000000000000000000e+00
5.929824236207891630e+01,0.000000000000000000e+00
5.760740038599824686e+01,0.000000000000000000e+00
5.784973479553502074e+01,0.000000000000000000e+00
5.574613965965784246e+01,0.000000000000000000e+00
5.686153163041656455e+01,0.000000000000000000e+00
5.780008941172425807e+01,0.000000000000000000e+00
5.999836969139879983e+01,0.000000000000000000e+00
6.374138571973323764e+01,0.000000000000000000e+00
5.978996539568735358e+01,0.000000000000000000e+00
6.290418648952068281e+01,0.000000000000000000e+00
6.301362856407673263e+01,0.000000000000000000e+00
5.960991199288160658e+01,0.000000000000000000e+00
5.888521085614816286e+01,0.000000000000000000e+00
6.066905292500823066e+01,0.000000000000000000e+00
6.173022936238196223e+01,0.000000000000000000e+00
5.870016799941133456e+01,0.000000000000000000e+00
6.357623968154094030e+01,0.000000000000000000e+00
6.115778909323893942e+01,0.000000000000000000e+00
6.053852687980155167e+01,0.000000000000000000e+00
6.295761261685543531e+01,0.000000000000000000e+00
5.986383387333797401e+01,0.000000000000000000e+00
6.403695319609174419e+01,0.000000000000000000e+00
6.059529174474737090e+01,0.000000000000000000e+00
5.978067315882474730e+01,0.000000000000000000e+00
6.167361740090743183e+01,0.000000000000000000e+00
5.953627299859068955e+01,0.000000000000000000e+00
6.217418195709385031e+01,0.000000000000000000e+00
5.687280492112467556e+01,0.000000000000000000e+00
6.325809406464780693e+01,0.000000000000000000e+00
6.069053265764853222e+01,0.000000000000000000e+00
6.346388611437802751e+01,0.000000000000000000e+00
6.193797637589703697e+01,0.000000000000000000e+00
5.870106702407831989e+01,0.000000000000000000e+00
6.289621915974668553e+01,0.000000000000000000e+00
6.005224790732088991e+01,0.000000000000000000e+00
6.230612413208731937e+01,0.000000000000000000e+00
6.605093649991469817e+01,0.000000000000000000e+00
6.245723529062405532e+01,0.000000000000000000e+00
6.498257635399203025e+01,0.000000000000000000e+00
6.195698029477211577e+01,0.000000000000000000e+00
6.464830140600732022e+01,0.000000000000000000e+00
6.424177214721807161e+01,0.000000000000000000e+00
6.348224899997714488e+01,0.000000000000000000e+00
6.271981557436050281e+01,0.000000000000000000e+00
6.373700794592262042e+01,0.000000000000000000e+00
6.343683789231227621e+01,0.000000000000000000e+00
6.102654091152957960e+01,0.000000000000000000e+00
6.131840823009310526e+01,0.000000000000000000e+00
6.518696310920374515e+01,0.000000000000000000e+00
6.029014926533109531e+01,0.000000000000000000e+00
6.357080212060093061e+01,0.000000000000000000e+00
6.189320553047917173e+01,0.000000000000000000e+00
6.694373110876568944e+01,0.000000000000000000e+00
6.389611087372742304e+01,0.000000000000000000e+00
6.332695940938870649e+01,0.000000000000000000e+00
6.186040267623620537e+01,0.000000000000000000e+00
7.084170355876958070e+01,0.000000000000000000e+00
6.640027010810570118e+01,0.000000000000000000e+00
6.441703555902986977e+01,0.000000000000000000e+00
6.113816371167585828e+01,0.000000000000000000e+00
6.309141572513961194e+01,0.000000000000000000e+00
6.226705003979737540e+01,0.000000000000000000e+00
6.542104637549162760e+01,0.000000000000000000e+00
6.455850679357625665e+01,0.000000000000000000e+00
6.403801949227452894e+01,0.000000000000000000e+00
6.424430163230890400e+01,0.000000000000000000e+00
6.291495511813181452e+01,0.000000000000000000e+00
6.517563521428344586e+01,0.000000000000000000e+00
6.405776426602747620e+01,0.000000000000000000e+00
6.803740471108764609e+01,0.000000000000000000e+00
6.427326489208486748e+01,0.000000000000000000e+00
6.304399954650905613e+01,0.000000000000000000e+00
6.689613632955835953e+01,0.000000000000000000e+00
6.333245776784853120e+01,0.000000000000000000e+00
6.603191627686531717e+01,0.000000000000000000e+00
6.855230108975362668e+01,0.000000000000000000e+00
6.467019178178991012e+01,0.000000000000000000e+00
6.514908044121661135e+01,0.000000000000000000e+00
6.388819560156039756e+01,0.000000000000000000e+00
6.313820146447597637e+01,0.000000000000000000e+00
6.668373682871549590e+01,0.000000000000000000e+00
6.515945148643596951e+01,0.000000000000000000e+00
6.445227885546181312e+01,0.000000000000000000e+00
6.376052646203077501e+01,0.000000000000000000e+00
6.686595149112663705e+01,0.000000000000000000e+00
6.393704984007844416e+01,0.000000000000000000e+00
6.182118594285659441e+01,0.000000000000000000e+00
6.374976731848610711e+01,0.000000000000000000e+00
6.796941310682892379e+01,0.000000000000000000e+00
6.475615777559320918e+01,0.000000000000000000e+00
6.528185352737091307e+01,0.000000000000000000e+00
6.871118853440825092e+01,0.000000000000000000e+00
6.763408960941711712e+01,0.000000000000000000e+00
6.592655229079737467e+01,0.000000000000000000e+00
6.548236747100182242e+01,0.000000000000000000e+00
6.766862294602269401e+01,0.000000000000000000e+00
6.444285640957710370e+01,0.000000000000000000e+00
6.878963777457846618e+01,0.000000000000000000e+00
6.527445567077076305e+01,0.000000000000000000e+00
6.287847417641721393e+01,0.000000000000000000e+00
6.632936082711928805e+01,0.000000000000000000e+00
6.674752314763318850e+01,0.000000000000000000e+00
6.626207088779096921e+01,0.000000000000000000e+00
6.420350726156407006e+01,0.000000000000000000e+00
6.789940555784775711e+01,0.000000000000000000e+00
6.518563172211173651e+01,0.000000000000000000e+00
6.756726209429589858e+01,0.000000000000000000e+00
6.355456029472095736e+01,0.000000000000000000e+00
6.831019094047789508e+01,0.000000000000000000e+00
6.611568344907293238e+01,0.000000000000000000e+00
6.924336957041008134e+01,0.000000000000000000e+00
7.050195800469319352e+01,0.000000000000000000e+00
7.023984953495514105e+01,0.000000000000000000e+00
6.563974460885006579e+01,0.000000000000000000e+00
6.792692084629415206e+01,0.000000000000000000e+00
6.887498578290558271e+01,0.000000000000000000e+00
6.885022010586833119e+01,0.000000000000000000e+00
6.826150126316898081e+01,0.000000000000000000e+00
7.053886034342303901e+01,0.000000000000000000e+00
7.210382170185867778e+01,0.000000000000000000e+00
7.135694970949369065e+01,0.000000000000000000e+00
6.783154520969746670e+01,0.000000000000000000e+00
6.719578654462806355e+01,0.000000000000000000e+00
6.588483815959780543e+01,0.000000000000000000e+00
6.960784802998131227e+01,0.000000000000000000e+00
6.992251530287789762e+01,0.000000000000000000e+00
7.368500563294726646e+01,0.000000000000000000e+00
6.972302170054808812e+01,0.000000000000000000e+00
6.874021621721846032e+01,0.000000000000000000e+00
6.731769710392681816e+01,0.000000000000000000e+00
6.675152138840191185e+01,0.000000000000000000e+00
6.727106295515362433e+01,0.000000000000000000e+00
6.965564116259369598e+01,0.000000000000000000e+00
7.186656235616115396e+01,0.000000000000000000e+00
6.690139106201313268e+01,0.000000000000000000e+00
6.774083793464066616e+01,0.000000000000000000e+00
6.744272005868690201e+01,0.000000000000000000e+00
7.193131346401942494e+01,0.000000000000000000e+00
6.829551989244163224e+01,0.000000000000000000e+00
7.016279462345129048e+01,0.000000000000000000e+00
6.639055137818003516e+01,0.000000000000000000e+00
7.039352254749921656e+01,0.000000000000000000e+00
7.196318549625111416e+01,0.000000000000000000e+00
6.486686496046851857e+01,0.000000000000000000e+00
6.711301599698812481e+01,0.000000000000000000e+00
6.767275885509320688e+01,0.000000000000000000e+00
6.950042991032644579e+01,0.000000000000000000e+00
6.850520739179792429e+01,0.000000000000000000e+00
7.311042121845274266e+01,0.000000000000000000e+00
6.874016803464360237e+01,0.000000000000000000e+00
7.313041961601564367e+01,0.000000000000000000e+00
6.916865383636456954e+01,0.000000000000000000e+00
6.772719901155257105e+01,0.000000000000000000e+00
7.140212808663092403e+01,0.000000000000000000e+00
6.815676959131478441e+01,0.000000000000000000e+00
7.085928908478084054e+01,0.000000000000000000e+00
6.847328922571051635e+01,0.000000000000000000e+00
6.989906057479295498e+01,0.000000000000000000e+00
6.940548198343738306e+01,0.000000000000000000e+00
6.912468312280670091e+01,0.000000000000000000e+00
6.962661825292906315e+01,0.000000000000000000e+00
7.129194034782337042e+01,0.000000000000000000e+00
7.166745803032576134e+01,0.000000000000000000e+00
6.773522852271915440e+01,0.000000000000000000e+00
6.922871193440757054e+01,0.000000000000000000e+00
7.001564563782221740e+01,0.000000000000000000e+00
6.766759064234038590e+01,0.000000000000000000e+00
7.035156890375800742e+01,0.000000000000000000e+00
7.311724343033307605e+01,0.000000000000000000e+00
6.914030908647724516e+01,0.000000000000000000e+00
7.424603029636620022e+01,0.000000000000000000e+00
7.022912003767125100e+01,0.000000000000000000e+00
7.271937151018931900e+01,0.000000000000000000e+00
7.597194330559914022e+01,0.000000000000000000e+00
7.302401174840291276e+01,0.000000000000000000e+00
7.398551431079521024e+01,0.000000000000000000e+00
7.209492785093252110e+01,0.000000000000000000e+00
7.129085190369909242e+01,0.000000000000000000e+00
7.366079168191899385e+01,0.000000000000000000e+00
6.962842126665718467e+01,0.000000000000000000e+00
6.897208688467441107e+01,0.000000000000000000e+00
7.146446228320780847e+01,0.000000000000000000e+00
7.539755018518219742e+01,0.000000000000000000e+00
6.973676267232245607e+01,0.000000000000000000e+00
7.393901372121807469e+01,0.000000000000000000e+00
6.810438772425392528e+01,0.000000000000000000e+00
7.374341635364366709e+01,0.000000000000000000e+00
7.179415274199848795e+01,0.000000000000000000e+00
7.180357218136352060e+01,0.000000000000000000e+00
7.260847932926536430e+01,0.000000000000000000e+00
7.177563847326179314e+01,0.000000000000000000e+00
7.305350150849560009e+01,0.000000000000000000e+00
7.236460484604538124e+01,0.000000000000000000e+00
7.258812344677123463e+01,0.000000000000000000e+00
7.286901031206424761e+01,0.000000000000000000e+00
7.412576002733617031e+01,0.000000000000000000e+00
7.112907196023866163e+01,0.000000000000000000e+00
7.334118408907357889e+01,0.000000000000000000e+00
7.200605261740857088e+01,0.000000000000000000e+00
7.508261049430817025e+01,0.000000000000000000e+00
7.338459233326528874e+01,0.000000000000000000e+00
7.258297841494655245e+01,0.000000000000000000e+00
7.178926868229203251e+01,0.000000000000000000e+00
7.324125677047761940e+01,0.000000000000000000e+00
7.529160552343738289e+01,0.000000000000000000e+00
7.387354878148390469e+01,0.000000000000000000e+00
6.828521850092826639e+01,0.000000000000000000e+00
7.502672505469709563e+01,0.000000000000000000e+00
7.687068293624594162e+01,0.000000000000000000e+00
7.568627716065182653e+01,0.000000000000000000e+00
7.705475499190380617e+01,0.000000000000000000e+00
7.432407045341257401e+01,0.000000000000000000e+00
7.432190740144240237e+01,0.000000000000000000e+00
7.263688976630133709e+01,0.000000000000000000e+00
7.434557647311616790e+01,0.000000000000000000e+00
7.166964172689232271e+01,0.000000000000000000e+00
7.382999627768269590e+01,0.000000000000000000e+00
7.075674724877907806e+01,0.000000000000000000e+00
7.546322743219722895e+01,0.000000000000000000e+00
7.312666884491754615e+01,0.000000000000000000e+00
7.477817019018092992e+01,0.000000000000000000e+00
7.585765996653607601e+01,0.000000000000000000e+00
7.555591068177605507e+01,0.000000000000000000e+00
7.379171108746706409e+01,0.000000000000000000e+00
7.594564010590113412e+01,0.000000000000000000e+00
7.279682459369722380e+01,0.000000000000000000e+00
6.965898218909563866e+01,0.000000000000000000e+00
7.372820794089179230e+01,0.000000000000000000e+00
7.561711128876268617e+01,0.000000000000000000e+00
7.481822880574759438e+01,0.000000000000000000e+00
7.428079496205145915e+01,0.000000000000000000e+00
7.357430896440308743e+01,0.000000000000000000e+00
7.459317662112289327e+01,0.000000000000000000e+00
7.457437442584335940e+01,0.000000000000000000e+00
7.325810197068025786e+01,0.000000000000000000e+00
7.899757364978226803e+01,0.000000000000000000e+00
7.278639862490405221e+01,0.000000000000000000e+00
7.663314717607281068e+01,0.000000000000000000e+00
7.343569150041079752e+01,0.000000000000000000e+00
7.624198937877753224e+01,0.000000000000000000e+00
7.289672536088635013e+01,0.000000000000000000e+00
7.688441504619918021e+01,0.000000000000000000e+00
7.643688115077287648e+01,0.000000000000000000e+00
7.400907292431756446e+01,0.000000000000000000e+00
7.924034645187865067e+01,0.000000000000000000e+00
7.549565202080943038e+01,0.000000000000000000e+00
7.470587206957085868e+01,0.000000000000000000e+00
7.919550386717389756e+01,0.000000000000000000e+00
7.704212198289633307e+01,0.000000000000000000e+00
7.379950831718350912e+01,0.000000000000000000e+00
7.672860636771136456e+01,0.000000000000000000e+00
7.517556873495159664e+01,0.000000000000000000e+00
7.537539699966747264e+01,0.000000000000000000e+00
7.614787182209992977e+01,0.000000000000000000e+00
7.600839641506509281e+01,0.000000000000000000e+00
7.344104573303164329e+01,0.000000000000000000e+00
7.781722552056145048e+01,0.000000000000000000e+00
7.198129932183233848e+01,0.000000000000000000e+00
7.482823939634506871e+01,0.000000000000000000e+00
7.618731671032962538e+01,0.000000000000000000e+00
7.406452578900488959e+01,0.000000000000000000e+00
7.905993926026320651e+01,0.000000000000000000e+00
7.457200477348874301e+01,0.000000000000000000e+00
7.762963502880521105e+01,0.000000000000000000e+00
7.413391111421380231e+01,0.000000000000000000e+00
7.993515753024442461e+01,0.000000000000000000e+00
7.538046992784889255e+01,0.000000000000000000e+00
7.946269034339648840e+01,0.000000000000000000e+00
7.686137796006633494e+01,0.000000000000000000e+00
7.305698374740748591e+01,0.000000000000000000e+00
7.505377908403373510e+01,0.000000000000000000e+00
7.394684728551867181e+01,0.000000000000000000e+00
7.388257168843855993e+01,0.000000000000000000e+00
7.972864861050857144e+01,0.000000000000000000e+00
7.788740263328863023e+01,0.000000000000000000e+00
7.551688796713531815e+01,0.000000000000000000e+00
7.233719242487252643e+01,0.000000000000000000e+00
7.771840630216465229e+01,0.000000000000000000e+00
7.979590832203160744e+01,0.000000000000000000e+00
7.596854774915840380e+01,0.000000000000000000e+00
7.375837778282226509e+01,0.000000000000000000e+00
7.615465651806867697e+01,0.000000000000000000e+00
8.067613985722370273e+01,0.000000000000000000e+00
7.799300203018296429e+01,0.000000000000000000e+00
7.489573717762016258e+01,0.000000000000000000e+00
7.773393492258922777e+01,0.000000000000000000e+00
7.651708686918932756e+01,0.000000000000000000e+00
7.288352725589700754e+01,0.000000000000000000e+00
7.421085824558990396e+01,0.000000000000000000e+00
7.567739489298928390e+01,0.000000000000000000e+00
8.022204247235870866e+01,0.000000000000000000e+00
7.709581193273272959e+01,0.000000000000000000e+00
8.081517491500852657e+01,0.000000000000000000e+00
8.188536717212201665e+01,0.000000000000000000e+00
7.379892306525593426e+01,0.000000000000000000e+00
7.645470487980904295e+01,0.000000000000000000e+00
8.071710381228741937e+01,0.000000000000000000e+00
7.450465658330412566e+01,0.000000000000000000e+00
7.898183424508691530e+01,0.000000000000000000e+00
7.945296428843893466e+01,0.000000000000000000e+00
7.992397693167670525e+01,0.000000000000000000e+00
7.673617494642405745e+01,0.000000000000000000e+00
7.858273496980331174e+01,0.000000000000000000e+00
8.093656175588978385e+01,0.000000000000000000e+00
7.591850043836360840e+01,0.000000000000000000e+00
7.824066129551221138e+01,0.000000000000000000e+00
7.415299521634810276e+01,0.000000000000000000e+00
7.613008826299655141e+01,0.000000000000000000e+00
7.903575223783332149e+01,0.000000000000000000e+00
7.705728467097337386e+01,0.000000000000000000e+00
8.010900255035201667e+01,0.000000000000000000e+00
7.731566565241962508e+01,0.000000000000000000e+00
7.803567120302147941e+01,0.000000000000000000e+00
7.904729451227892412e+01,0.000000000000000000e+00
7.919450126483808106e+01,0.000000000000000000e+00
7.974975349752301668e+01,0.000000000000000000e+00
7.562483877812233857e+01,0.000000000000000000e+00
7.712190512949847232e+01,0.000000000000000000e+00
7.844653105952146177e+01,0.000000000000000000e+00
7.600155576636218768e+01,0.000000000000000000e+00
7.877501184773967680e+01,0.000000000000000000e+00
7.553320005616333788e+01,0.000000000000000000e+00
7.787088988379461796e+01,0.000000000000000000e+00
8.172714218014597520e+01,0.000000000000000000e+00
8.219223668860928456e+01,0.000000000000000000e+00
7.892585339225598773e+01,0.000000000000000000e+00
7.664298486276838673e+01,0.000000000000000000e+00
7.475131144345269263e+01,0.000000000000000000e+00
7.493904434579364704e+01,0.000000000000000000e+00
7.644293076057944347e+01,0.000000000000000000e+00
8.003254284549996100e+01,0.000000000000000000e+00
7.988142517034960122e+01,0.000000000000000000e+00
8.015123071431797541e+01,0.000000000000000000e+00
7.752216981993169043e+01,0.000000000000000000e+00
7.591311916766697721e+01,0.000000000000000000e+00
7.789591496185938979e+01,0.000000000000000000e+00
7.900380225478741636e+01,0.000000000000000000e+00
7.260707898373344449e+01,0.000000000000000000e+00
7.974833101052993811e+01,0.000000000000000000e+00
8.146118885135781795e+01,0.000000000000000000e+00
8.222329675489669398e+01,0.000000000000000000e+00
8.135540680090012700e+01,0.000000000000000000e+00
7.829161057252375144e+01,0.000000000000000000e+00
7.644466438899776506e+01,0.000000000000000000e+00
8.122504376684544525e+01,0.000000000000000000e+00
7.722259708008378709e+01,0.000000000000000000e+00
7.759155047682126849e+01,0.000000000000000000e+00
7.890848258109640767e+01,0.000000000000000000e+00
7.955574370013486885e+01,0.000000000000000000e+00
7.933699755478137661e+01,0.000000000000000000e+00
8.009310199810076369e+01,0.000000000000000000e+00
7.791120798978580808e+01,0.000000000000000000e+00
8.089575862881282831e+01,0.000000000000000000e+00
7.676156119409898793e+01,0.000000000000000000e+00
7.981732221448503140e+01,0.000000000000000000e+00
7.384801858659591289e+01,0.000000000000000000e+00
7.883833137380074163e+01,0.000000000000000000e+00
8.225110063259140247e+01,0.000000000000000000e+00
7.766033512692517604e+01,0.000000000000000000e+00
8.025588195436287720e+01,0.000000000000000000e+00
7.778494153717245752e+01,0.000000000000000000e+00
8.005541717176159011e+01,0.000000000000000000e+00
8.132435949732072800e+01,0.000000000000000000e+00
7.790270198939322199e+01,0.000000000000000000e+00
7.954305889806512653e+01,0.000000000000000000e+00
7.965066882653820812e+01,0.000000000000000000e+00
7.984036619706571969e+01,0.000000000000000000e+00
8.470133438823056338e+01,0.000000000000000000e+00
7.916334758200342492e+01,0.000000000000000000e+00
7.963375612607445930e+01,0.000000000000000000e+00
7.971151505187381758e+01,0.000000000000000000e+00
7.736507394602460863e+01,0.000000000000000000e+00
8.058444758227156512e+01,0.000000000000000000e+00
8.268083467360332861e+01,0.000000000000000000e+00
8.099493625881640924e+01,0.000000000000000000e+00
7.646491005095418814e+01,0.000000000000000000e+00
8.036515645718047551e+01,0.000000000000000000e+00
8.286350553200264812e+01,0.000000000000000000e+00
7.720964422380855297e+01,0.000000000000000000e+00
8.021582052713931432e+01,0.000000000000000000e+00
8.122033653985064916e+01,0.000000000000000000e+00
8.275696205103366765e+01,0.000000000000000000e+00
7.778413504238842791e+01,0.000000000000000000e+00
8.157964230141301698e+01,0.000000000000000000e+00
7.953477839832589780e+01,0.000000000000000000e+00
7.831164345646813274e+01,0.000000000000000000e+00
7.917971169218326111e+01,0.000000000000000000e+00
7.826722009082288878e+01,0.000000000000000000e+00
7.927223376768846208e+01,0.000000000000000000e+00
8.157180924172764946e+01,0.000000000000000000e+00
7.759253433660688870e+01,0.000000000000000000e+00
8.040637384258823772e+01,0.000000000000000000e+00
7.800585927682253384e+01,0.000000000000000000e+00
7.995571025643997132e+01,0.000000000000000000e+00
7.804690743163577338e+01,0.000000000000000000e+00
8.160543394201692990e+01,0.000000000000000000e+00
7.933665862287409709e+01,0.000000000000000000e+00
7.935275068871187898e+01,0.000000000000000000e+00
7.935877763783641115e+01,0.000000000000000000e+00
7.996680867969685380e+01,0.000000000000000000e+00
7.991583551500788474e+01,0.000000000000000000e+00
8.308845843459492642e+01,0.000000000000000000e+00
8.036547709096437586e+01,0.000000000000000000e+00
8.046786757840344251e+01,0.000000000000000000e+00
8.183929351369431515e+01,0.000000000000000000e+00
7.699553551691738562e+01,0.000000000000000000e+00
8.131342987017534085e+01,0.000000000000000000e+00
8.398504417097966268e+01,0.000000000000000000e+00
8.114940869517744204e+01,0.000000000000000000e+00
8.379223534418385100e+01,0.000000000000000000e+00
7.812641197686629368e+01,0.000000000000000000e+00
7.787474565513559810e+01,0.000000000000000000e+00
8.299475760970608462e+01,0.000000000000000000e+00
7.685425769500861293e+01,0.000000000000000000e+00
7.878465884212390336e+01,0.000000000000000000e+00
8.374427880204997621e+01,0.000000000000000000e+00
8.034113378678991069e+01,0.000000000000000000e+00
7.865968218690767344e+01,0.000000000000000000e+00
7.930535742397459842e+01,0.000000000000000000e+00
7.854090420759176538e+01,0.000000000000000000e+00
7.951304379776932763e+01,0.000000000000000000e+00
7.978095275096482908e+01,0.000000000000000000e+00
7.979127422477350251e+01,0.000000000000000000e+00
8.266454402709727844e+01,0.000000000000000000e+00
7.763093174294264998e+01,0.000000000000000000e+00
8.339680057609282926e+01,0.000000000000000000e+00
8.202566020718776940e+01,0.000000000000000000e+00
7.735692554178891100e+01,0.000000000000000000e+00
8.170443655371536806e+01,0.000000000000000000e+00
7.882670984155107874e+01,0.000000000000000000e+00
7.713160695825143875e+01,0.000000000000000000e+00
8.017850823908780455e+01,0.000000000000000000e+00
8.109958499145207611e+01,0.000000000000000000e+00
8.122696988196773304e+01,0.000000000000000000e+00
8.011685639629153854e+01,0.000000000000000000e+00
8.115677924554924516e+01,0.000000000000000000e+00
7.758008875614594047e+01,0.000000000000000000e+00
7.596796127912540442e+01,0.000000000000000000e+00
8.019299850312047795e+01,0.000000000000000000e+00
7.635553549594627043e+01,0.000000000000000000e+00
7.935451407096977050e+01,0.000000000000000000e+00
7.879083725856781939e+01,0.000000000000000000e+00
7.750775723801596939e+01,0.000000000000000000e+00
7.998380082949701375e+01,0.000000000000000000e+00
7.819690051137439468e+01,0.000000000000000000e+00
7.906674394565611408e+01,0.000000000000000000e+00
7.523551233748291622e+01,0.000000000000000000e+00
7.848517792040439645e+01,0.000000000000000000e+00
7.950509323656980598e+01,0.000000000000000000e+00
7.711502644551254093e+01,0.000000000000000000e+00
8.333825700488880273e+01,0.000000000000000000e+00
8.011581909135131241e+01,0.000000000000000000e+00
7.832031389119271125e+01,0.000000000000000000e+00
8.004732308874102387e+01,0.000000000000000000e+00
7.821132824203711209e+01,0.000000000000000000e+00
7.704063731496759715e+01,0.000000000000000000e+00
8.121900352362501962e+01,0.000000000000000000e+00
8.137678865465653644e+01,0.000000000000000000e+00
7.863398302507999915e+01,0.000000000000000000e+00
8.058883475713166433e+01,0.000000000000000000e+00
7.829048709894181002e+01,0.000000000000000000e+00
7.885271959518421170e+01,0.000000000000000000e+00
8.138473416053315646e+01,0.000000000000000000e+00
8.040127773167495207e+01,0.000000000000000000e+00
8.100088061636864722e+01,0.000000000000000000e+00
8.266337468682409906e+01,0.000000000000000000e+00
8.046407363677745650e+01,0.000000000000000000e+00
7.841209036400074694e+01,0.000000000000000000e+00
8.080080081109265677e+01,0.000000000000000000e+00
8.284235508138051784e+01,0.000000000000000000e+00
7.991954818337964639e+01,0.000000000000000000e+00
8.324962448862437725e+01,0.000000000000000000e+00
8.166594309996544609e+01,0.000000000000000000e+00
8.109510584629443031e+01,0.000000000000000000e+00
7.896125504223498126e+01,0.000000000000000000e+00
8.041013862731330164e+01,0.000000000000000000e+00
8.090536883440516647e+01,0.000000000000000000e+00
8.256283907246252340e+01,0.000000000000000000e+00
8.300726798345053226e+01,0.000000000000000000e+00
8.163842192216330318e+01,0.000000000000000000e+00
7.770852586096695802e+01,0.000000000000000000e+00
7.768994330370121304e+01,0.000000000000000000e+00
7.965341986508775562e+01,0.000000000000000000e+00
7.922528203863318197e+01,0.000000000000000000e+00
7.988711930568241826e+01,0.000000000000000000e+00
8.001305584765790968e+01,0.000000000000000000e+00
7.948232585605559564e+01,0.000000000000000000e+00
8.212821929418507239e+01,0.000000000000000000e+00
7.995926947143311736e+01,0.000000000000000000e+00
8.376618584725926553e+01,0.000000000000000000e+00
7.904427080902253522e+01,0.000000000000000000e+00
8.004830069077451071e+01,0.000000000000000000e+00
8.041965605239788317e+01,0.000000000000000000e+00
8.126208099112392347e+01,0.000000000000000000e+00
7.715828732265650558e+01,0.000000000000000000e+00
8.021032088636310675e+01,0.000000000000000000e+00
7.822706514153539104e+01,0.000000000000000000e+00
8.185362613436200263e+01,0.000000000000000000e+00
7.919366532153493665e+01,0.000000000000000000e+00
8.054288803456454104e+01,0.000000000000000000e+00
7.776852778418307821e+01,0.000000000000000000e+00
7.863046011131386592e+01,0.000000000000000000e+00
7.836587366389262854e+01,0.000000000000000000e+00
7.881728012255783256e+01,0.000000000000000000e+00
8.057452081224519702e+01,0.000000000000000000e+00
7.658735849040722599e+01,0.000000000000000000e+00
7.742592800493883942e+01,0.000000000000000000e+00
8.254358825908740016e+01,0.000000000000000000e+00
8.042975036530404509e+01,0.000000000000000000e+00
8.058592651504872606e+01,0.000000000000000000e+00
7.949400446234268713e+01,0.000000000000000000e+00
8.024958092799924714e+01,0.000000000000000000e+00
7.424622183890343763e+01,0.000000000000000000e+00
7.492178558039037739e+01,0.000000000000000000e+00
8.071689092954160571e+01,0.000000000000000000e+00
8.196258748361049129e+01,0.000000000000000000e+00
7.800217422971452663e+01,0.000000000000000000e+00
8.030444360549888927e+01,0.000000000000000000e+00
8.061106338131283167e+01,0.000000000000000000e+00
7.966649451503219836e+01,0.000000000000000000e+00
7.906281052738970061e+01,0.000000000000000000e+00
7.462691983771989612e+01,0.000000000000000000e+00
7.746836404011243360e+01,0.000000000000000000e+00
7.922790622177477360e+01,0.000000000000000000e+00
8.489540975827128477e+01,0.000000000000000000e+00
8.042722378900064939e+01,0.000000000000000000e+00
8.103616362939433770e+01,0.000000000000000000e+00
8.254396232846789871e+01,0.000000000000000000e+00
7.939338971756890828e+01,0.000000000000000000e+00
7.813751434724517253e+01,0.000000000000000000e+00
8.025740821299443439e+01,0.000000000000000000e+00
7.968855153202427744e+01,0.000000000000000000e+00
8.298425581358391412e+01,0.000000000000000000e+00
7.870794350616574775e+01,0.000000000000000000e+00
8.150160309588468976e+01,0.000000000000000000e+00
7.965001208629294638e+01,0.000000000000000000e+00
7.699455850789721012e+01,0.000000000000000000e+00
8.270838018145124693e+01,0.000000000000000000e+00
8.215864892444315615e+01,0.000000000000000000e+00
7.686169012555519942e+01,0.000000000000000000e+00
7.881238750452770603e+01,0.000000000000000000e+00
7.962294622687780077e+01,0.000000000000000000e+00
7.908004017678740638e+01,0.000000000000000000e+00
7.906070859604321299e+01,0.000000000000000000e+00
8.058722569223269261e+01,0.000000000000000000e+00
7.878303274358165709e+01,0.000000000000000000e+00
8.101543878303144197e+01,0.000000000000000000e+00
7.473388255742433728e+01,0.000000000000000000e+00
8.349546095845489901e+01,0.000000000000000000e+00
7.795301885709046985e+01,0.000000000000000000e+00
7.916447176985961676e+01,0.000000000000000000e+00
7.531135495040018668e+01,0.000000000000000000e+00
8.016078759544751620e+01,0.000000000000000000e+00
7.989583880294854623e+01,0.000000000000000000e+00
7.983713307162547324e+01,0.000000000000000000e+00
7.980815378657486292e+01,0.000000000000000000e+00
7.586883544813686342e+01,0.000000000000000000e+00
8.551534716096841748e+01,0.000000000000000000e+00
7.842509077998818157e+01,0.000000000000000000e+00
7.612336095837770245e+01,0.000000000000000000e+00
7.953430570393869914e+01,0.000000000000000000e+00
7.889316713829290961e+01,0.000000000000000000e+00
7.671968726198728916e+01,0.000000000000000000e+00
8.106744280201135666e+01,0.000000000000000000e+00
8.103803185230673023e+01,0.000000000000000000e+00
7.600541932099483233e+01,0.000000000000000000e+00
8.050918971524690448e+01,0.000000000000000000e+00
7.386358490775455721e+01,0.000000000000000000e+00
7.946235011795171488e+01,0.000000000000000000e+00
7.739335381626484889e+01,0.000000000000000000e+00
8.039712655880100556e+01,0.000000000000000000e+00
7.953187128626531432e+01,0.000000000000000000e+00
7.759326196189249458e+01,0.000000000000000000e+00
8.031292206623871266e+01,0.000000000000000000e+00
7.643504750848042306e+01,0.000000000000000000e+00
7.768826661934464539e+01,0.000000000000000000e+00
7.712968384394889654e+01,0.000000000000000000e+00
8.111870656757207598e+01,0.000000000000000000e+00
8.243516152975445266e+01,0.000000000000000000e+00
7.876421506721419519e+01,0.000000000000000000e+00
7.371156774559877078e+01,0.000000000000000000e+00
7.905293343692881081e+01,0.000000000000000000e+00
8.220493943084932198e+01,0.000000000000000000e+00
7.643859320038983185e+01,0.000000000000000000e+00
7.874639058997014729e+01,0.000000000000000000e+00
7.994621680269607111e+01,0.000000000000000000e+00
8.025479030618531340e+01,0.000000000000000000e+00
8.009856738906442786e+01,0.000000000000000000e+00
7.612347431151317778e+01,0.000000000000000000e+00
7.592707739693105395e+01,0.000000000000000000e+00
8.139129747472277643e+01,0.000000000000000000e+00
8.417107638403057024e+01,0.000000000000000000e+00
7.508537748208306084e+01,0.000000000000000000e+00
8.011602393976706082e+01,0.000000000000000000e+00
7.555079109136585203e+01,0.000000000000000000e+00
7.744626695875831501e+01,0.000000000000000000e+00
8.136448384507671960e+01,0.000000000000000000e+00
7.653900053634994549e+01,0.000000000000000000e+00
8.227893756950145132e+01,0.000000000000000000e+00
7.727332388959794685e+01,0.000000000000000000e+00
7.746352853509795011e+01,0.000000000000000000e+00
8.169722884543440955e+01,0.000000000000000000e+00
7.774053868911056497e+01,0.000000000000000000e+00
7.545325936232035247e+01,0.000000000000000000e+00
7.547834368335003319e+01,0.000000000000000000e+00
7.942928704642270077e+01,0.000000000000000000e+00
7.887906561135555705e+01,0.000000000000000000e+00
7.658919981109180242e+01,0.000000000000000000e+00
7.586238307316831708e+01,0.000000000000000000e+00
8.014549718105743636e+01,0.000000000000000000e+00
7.642132035482390506e+01,0.000000000000000000e+00
7.382853028530570327e+01,0.000000000000000000e+00
7.935362847819145315e+01,0.000000000000000000e+00
7.887271261367104103e+01,0.000000000000000000e+00
7.696796115203062527e+01,0.000000000000000000e+00
7.692784217384864576e+01,0.000000000000000000e+00
7.379713746654307727e+01,0.000000000000000000e+00
7.652347539428663481e+01,0.000000000000000000e+00
7.429448712143475575e+01,0.000000000000000000e+00
7.933553500779851220e+01,0.000000000000000000e+00
7.760044822175207457e+01,0.000000000000000000e+00
8.108008894624219920e+01,0.000000000000000000e+00
7.400187751020116877e+01,0.000000000000000000e+00
7.566578797450274863e+01,0.000000000000000000e+00
7.143010671006835821e+01,0.000000000000000000e+00
7.659777638894061624e+01,0.000000000000000000e+00
7.652726738139058682e+01,0.000000000000000000e+00
7.684120576246756684e+01,0.000000000000000000e+00
7.806206951367050806e+01,0.000000000000000000e+00
7.697203768634125254e+01,0.000000000000000000e+00
7.616373952728086749e+01,0.000000000000000000e+00
7.472625599009934660e+01,0.000000000000000000e+00
7.848832145880332689e+01,0.000000000000000000e+00
7.545147917767567947e+01,0.000000000000000000e+00
7.672576909222499353e+01,0.000000000000000000e+00
7.629816672981081638e+01,0.000000000000000000e+00
7.760426226226616109e+01,0.000000000000000000e+00
7.971876401126644396e+01,0.000000000000000000e+00
8.156666081594273976e+01,0.000000000000000000e+00
7.553518186648769017e+01,0.000000000000000000e+00
7.689842459196765390e+01,0.000000000000000000e+00
7.554838873146212563e+01,0.000000000000000000e+00
7.466807432919985388e+01,0.000000000000000000e+00
7.555584256627713557e+01,0.000000000000000000e+00
7.563431509621352689e+01,0.000000000000000000e+00
7.399230271844547246e+01,0.000000000000000000e+00
7.518420033549244863e+01,0.000000000000000000e+00
7.428884859823367037e+01,0.000000000000000000e+00
7.695434439307837238e+01,0.000000000000000000e+00
8.084469098519896590e+01,0.000000000000000000e+00
7.557144600064121676e+01,0.000000000000000000e+00
7.789456622810341457e+01,0.000000000000000000e+00
7.823491042231580650e+01,0.000000000000000000e+00
7.309866036399084521e+01,0.000000000000000000e+00
7.772031310722418596e+01,0.000000000000000000e+00
7.501428421804297386e+01,0.000000000000000000e+00
7.462888129844802165e+01,0.000000000000000000e+00
7.496640750515824436e+01,0.000000000000000000e+00
7.603040655632003109e+01,0.000000000000000000e+00
7.509004697850497223e+01,0.000000000000000000e+00
7.395938438669740833e+01,0.000000000000000000e+00
7.390342304328841294e+01,0.000000000000000000e+00
7.769462233418390440e+01,0.000000000000000000e+00
7.597963356864296713e+01,0.000000000000000000e+00
7.708382012721388321e+01,0.000000000000000000e+00
7.497256862812227496e+01,0.000000000000000000e+00
7.953038215383641329e+01,0.000000000000000000e+00
7.564363812464495140e+01,0.000000000000000000e+00
7.528265706317525030e+01,0.000000000000000000e+00
7.472754262745492326e+01,0.000000000000000000e+00
7.216837782167426951e+01,0.000000000000000000e+00
7.554984346036042098e+01,0.000000000000000000e+00
7.718736370206124775e+01,0.000000000000000000e+00
7.118944844770118152e+01,0.000000000000000000e+00
7.119840406652311060e+01,0.000000000000000000e+00
7.635903750791942457e+01,0.000000000000000000e+00
7.230652539321926042e+01,0.000000000000000000e+00
7.939963034680867793e+01,0.000000000000000000e+00
7.222877169518595508e+01,0.000000000000000000e+00
7.536859650609353878e+01,0.000000000000000000e+00
7.187355983686967420e+01,0.000000000000000000e+00
7.118040153951328364e+01,0.000000000000000000e+00
7.297865407775586277e+01,0.000000000000000000e+00
7.701760472285617709e+01,0.000000000000000000e+00
7.484561152127292871e+01,0.000000000000000000e+00
7.574235454478188956e+01,0.000000000000000000e+00
7.412009451451655195e+01,0.000000000000000000e+00
7.500795913207608123e+01,0.000000000000000000e+00
7.564962871542614664e+01,0.000000000000000000e+00
7.129293309802478973e+01,0.000000000000000000e+00
7.407379800005325876e+01,0.000000000000000000e+00
7.459675121012473653e+01,0.000000000000000000e+00
7.602082057461721831e+01,0.000000000000000000e+00
7.503802893595491241e+01,0.000000000000000000e+00
6.916726387072223758e+01,0.000000000000000000e+00
7.522485556994492129e+01,0.000000000000000000e+00
7.228546004766968736e+01,0.000000000000000000e+00
7.263650234616255830e+01,0.000000000000000000e+00
7.031639107885142437e+01,0.000000000000000000e+00
7.414256539497681331e+01,0.000000000000000000e+00
7.335086943111430458e+01,0.000000000000000000e+00
7.329005465779233930e+01,0.000000000000000000e+00
7.495608397988976890e+01,0.000000000000000000e+00
7.713946318611367303e+01,0.000000000000000000e+00
7.398231093558744931e+01,0.000000000000000000e+00
7.351852206881234508e+01,0.000000000000000000e+00
7.523223975583456991e+01,0.000000000000000000e+00
7.189989322063674138e+01,0.000000000000000000e+00
7.443537546980860498e+01,0.000000000000000000e+00
7.579755560442274032e+01,0.000000000000000000e+00
7.226150714251402007e+01,0.000000000000000000e+00
6.958580832962671536e+01,0.000000000000000000e+00
7.593063869294448409e+01,0.000000000000000000e+00
7.414508762867032488e+01,0.000000000000000000e+00
7.366470446840685327e+01,0.000000000000000000e+00
7.365372344854172582e+01,0.000000000000000000e+00
7.190338966131088227e+01,0.000000000000000000e+00
7.614044926512968914e+01,0.000000000000000000e+00
7.555208411861389095e+01,0.000000000000000000e+00
7.592955182330052821e+01,0.000000000000000000e+00
7.120312899066792056e+01,0.000000000000000000e+00
7.287527239961669068e+01,0.000000000000000000e+00
7.366805047723772759e+01,0.000000000000000000e+00
7.342334232845566078e+01,0.000000000000000000e+00
7.332124474513940982e+01,0.000000000000000000e+00
7.512852681187726489e+01,0.000000000000000000e+00
7.138127620334286405e+01,0.000000000000000000e+00
7.187064693922560821e+01,0.000000000000000000e+00
7.214792637613845727e+01,0.000000000000000000e+00
7.250699715398803846e+01,0.000000000000000000e+00
7.371486954290122640e+01,0.000000000000000000e+00
7.025756453169969973e+01,0.000000000000000000e+00
6.955978051154475850e+01,0.000000000000000000e+00
7.120574270854564247e+01,0.000000000000000000e+00
7.173574920940620814e+01,0.000000000000000000e+00
7.521973118571811767e+01,0.000000000000000000e+00
7.317477820811875233e+01,0.000000000000000000e+00
7.048518464962012331e+01,0.000000000000000000e+00
7.007024363499016317e+01,0.000000000000000000e+00
7.293656066843544750e+01,0.000000000000000000e+00
7.069528842390442946e+01,0.000000000000000000e+00
6.964943849223371330e+01,0.000000000000000000e+00
7.109662662485955309e+01,0.000000000000000000e+00
7.080940767306957184e+01,0.000000000000000000e+00
7.219634877554689467e+01,0.000000000000000000e+00
7.217999990182920556e+01,0.000000000000000000e+00
7.382405362158834805e+01,0.000000000000000000e+00
7.343121728539776427e+01,0.000000000000000000e+00
7.087332722300905630e+01,0.000000000000000000e+00
7.298365947623018712e+01,0.000000000000000000e+00
6.975645538210252994e+01,0.000000000000000000e+00
7.070030222764941641e+01,0.000000000000000000e+00
6.882422317604201112e+01,0.000000000000000000e+00
7.114773342699628245e+01,0.000000000000000000e+00
7.080452056515687786e+01,0.000000000000000000e+00
6.798027020341926629e+01,0.000000000000000000e+00
7.212193000015831501e+01,0.000000000000000000e+00
7.095026480114798062e+01,0.000000000000000000e+00
7.234031687799979693e+01,0.000000000000000000e+00
7.147807984536852643e+01,0.000000000000000000e+00
7.333917730772066079e+01,0.000000000000000000e+00
6.840947727206159357e+01,0.000000000000000000e+00
7.167623061519282146e+01,0.000000000000000000e+00
7.250179913591047409e+01,0.000000000000000000e+00
6.997274049763427684e+01,0.000000000000000000e+00
7.249028875829048957e+01,0.000000000000000000e+00
6.952059002836509194e+01,0.000000000000000000e+00
6.516316263165538203e+01,0.000000000000000000e+00
6.792997076186973970e+01,0.000000000000000000e+00
6.802433039441662288e+01,0.000000000000000000e+00
6.819395397131347636e+01,0.000000000000000000e+00
6.494661662366770827e+01,0.000000000000000000e+00
6.961968778596127549e+01,0.000000000000000000e+00
6.725088692821223901e+01,0.000000000000000000e+00
6.781520252756399714e+01,0.000000000000000000e+00
6.919633963511741115e+01,0.000000000000000000e+00
6.751661373709734448e+01,0.000000000000000000e+00
7.086213756431446598e+01,0.000000000000000000e+00
6.948517690276821668e+01,0.000000000000000000e+00
6.748643743982282217e+01,0.000000000000000000e+00
6.731607122521428721e+01,0.000000000000000000e+00
7.107614702134206652e+01,0.000000000000000000e+00
6.705889620982129884e+01,0.000000000000000000e+00
6.561454484249473751e+01,0.000000000000000000e+00
7.113865207572844440e+01,0.000000000000000000e+00
6.817460325397631493e+01,0.000000000000000000e+00
7.137757971003267699e+01,0.000000000000000000e+00
6.844602336936948461e+01,0.000000000000000000e+00
7.069586759104811335e+01,0.000000000000000000e+00
6.899221529861608815e+01,0.000000000000000000e+00
7.053046395594360263e+01,0.000000000000000000e+00
6.807256382830392738e+01,0.000000000000000000e+00
6.963235344203010868e+01,0.000000000000000000e+00
6.581919229189892917e+01,0.000000000000000000e+00
6.681829101504203550e+01,0.000000000000000000e+00
7.141543158369067612e+01,0.000000000000000000e+00
6.864775730824426603e+01,0.000000000000000000e+00
7.003829229928376776e+01,0.000000000000000000e+00
7.191833611921354930e+01,0.000000000000000000e+00
6.764241550711851403e+01,0.000000000000000000e+00
7.042313890350882843e+01,0.000000000000000000e+00
6.873537285953082687e+01,0.000000000000000000e+00
6.601018090564086549e+01,0.000000000000000000e+00
7.074220017448934072e+01,0.000000000000000000e+00
6.666511178995217790e+01,0.000000000000000000e+00
6.738592539998769837e+01,0.000000000000000000e+00
6.935830750942318446e+01,0.000000000000000000e+00
6.611403308753534702e+01,0.000000000000000000e+00
6.576953423613183247e+01,0.000000000000000000e+00
7.064670135876198742e+01,0.000000000000000000e+00
6.760000839240031212e+01,0.000000000000000000e+00
6.842899108003049946e+01,0.000000000000000000e+00
6.997091960664299393e+01,0.000000000000000000e+00
6.871915032762470332e+01,0.000000000000000000e+00
6.551014917233139556e+01,0.000000000000000000e+00
6.442668049800305141e+01,0.000000000000000000e+00
6.541721391366125715e+01,0.000000000000000000e+00
6.589678760806653202e+01,0.000000000000000000e+00
6.384727242909171707e+01,0.000000000000000000e+00
6.731111088639391937e+01,0.000000000000000000e+00
6.552650423169072269e+01,0.000000000000000000e+00
6.391728438737909102e+01,0.000000000000000000e+00
6.633195237952412526e+01,0.000000000000000000e+00
6.588753919275886517e+01,0.000000000000000000e+00
6.564227341510535041e+01,0.000000000000000000e+00
6.569859559155192130e+01,0.000000000000000000e+00
6.798516883483704021e+01,0.000000000000000000e+00
6.711605496932958204e+01,0.000000000000000000e+00
6.788960488927445169e+01,0.000000000000000000e+00
6.527315111992861318e+01,0.000000000000000000e+00
6.467498088711425908e+01,0.000000000000000000e+00
6.404035009812226065e+01,0.000000000000000000e+00
6.718554641711013176e+01,0.000000000000000000e+00
6.444787705464104022e+01,0.000000000000000000e+00
6.557152835805756297e+01,0.000000000000000000e+00
7.042790402785981030e+01,0.000000000000000000e+00
6.524664594575702381e+01,0.000000000000000000e+00
6.293592998957956297e+01,0.000000000000000000e+00
6.244489386884951898e+01,0.000000000000000000e+00
6.599526971743877368e+01,0.000000000000000000e+00
6.068148665909413353e+01,0.000000000000000000e+00
6.709778700435457210e+01,0.000000000000000000e+00
6.432435298377325239e+01,0.000000000000000000e+00
6.309482782670561107e+01,0.000000000000000000e+00
6.615826073369018445e+01,0.000000000000000000e+00
6.650319114779097163e+01,0.000000000000000000e+00
6.446133258388620391e+01,0.000000000000000000e+00
6.277029654228621780e+01,0.000000000000000000e+00
6.235315718622984349e+01,0.000000000000000000e+00
6.470872879117098364e+01,0.000000000000000000e+00
6.505583734662899076e+01,0.000000000000000000e+00
6.488786113205750894e+01,0.000000000000000000e+00
6.303416079071984512e+01,0.000000000000000000e+00
6.396684052841659707e+01,0.000000000000000000e+00
6.301998583777638174e+01,0.000000000000000000e+00
6.401445958539027004e+01,0.000000000000000000e+00
6.539099618437563777e+01,0.000000000000000000e+00
6.213381866083414451e+01,0.000000000000000000e+00
6.350332671508919447e+01,0.000000000000000000e+00
6.243976167387650378e+01,0.000000000000000000e+00
6.073348484067008712e+01,0.000000000000000000e+00
6.388559319897277078e+01,0.000000000000000000e+00
6.274161807683417891e+01,0.000000000000000000e+00
6.261882423850885715e+01,0.000000000000000000e+00
6.524528177233828785e+01,0.000000000000000000e+00
5.925793320728704572e+01,0.000000000000000000e+00
6.191840869023228322e+01,0.000000000000000000e+00
6.321033550462937711e+01,0.000000000000000000e+00
6.082248919875069504e+01,0.000000000000000000e+00
6.502089015254249205e+01,0.000000000000000000e+00
6.305940484144998237e+01,0.000000000000000000e+00
6.478030608357276776e+01,0.000000000000000000e+00
6.022721278215324503e+01,0.000000000000000000e+00
6.478909675184732464e+01,0.000000000000000000e+00
6.509549992690158149e+01,0.000000000000000000e+00
6.222851714810050794e+01,0.000000000000000000e+00
6.154979197335420338e+01,0.000000000000000000e+00
6.201531998812219371e+01,0.000000000000000000e+00
6.378156833791042146e+01,0.000000000000000000e+00
6.457540044085500597e+01,0.000000000000000000e+00
6.536393628895784502e+01,0.000000000000000000e+00
6.137063211817109476e+01,0.000000000000000000e+00
6.530632469491635561e+01,0.000000000000000000e+00
6.018435046703763902e+01,0.000000000000000000e+00
6.326954479347681826e+01,0.000000000000000000e+00
5.742686039477972315e+01,0.000000000000000000e+00
6.066509070389366798e+01,0.000000000000000000e+00
6.552663236440922390e+01,0.000000000000000000e+00
6.097157466832624095e+01,0.000000000000000000e+00
6.190929404304608141e+01,0.000000000000000000e+00
5.996275434867841625e+01,0.000000000000000000e+00
6.262072954749028497e+01,0.000000000000000000e+00
6.018995743078286154e+01,0.000000000000000000e+00
5.656234935783071904e+01,0.000000000000000000e+00
6.190001993241514100e+01,0.000000000000000000e+00
5.873329309101292495e+01,0.000000000000000000e+00
6.510080159226106389e+01,0.000000000000000000e+00
6.046216095949114333e+01,0.000000000000000000e+00
6.401904672177192879e+01,0.000000000000000000e+00
5.538676196361940640e+01,0.000000000000000000e+00
5.860341861615491865e+01,0.000000000000000000e+00
6.001190730705394571e+01,0.000000000000000000e+00
6.132101165827000955e+01,0.000000000000000000e+00
5.999564085186357687e+01,0.000000000000000000e+00
5.786251633154532215e+01,0.000000000000000000e+00
5.980360635531524593e+01,0.000000000000000000e+00
6.338154226786879519e+01,0.000000000000000000e+00
6.453991170061780736e+01,0.000000000000000000e+00
5.855978747263516482e+01,0.000000000000000000e+00
5.844392718942481224e+01,0.000000000000000000e+00
6.273329858111361546e+01,0.000000000000000000e+00
5.861414565128399090e+01,0.000000000000000000e+00
5.824284779882763274e+01,0.000000000000000000e+00
6.414059509122378699e+01,0.000000000000000000e+00
5.744088697475051930e+01,0.000000000000000000e+00
5.758966794275899304e+01,0.000000000000000000e+00
5.787839051595650375e+01,0.000000000000000000e+00
6.064993736716611750e+01,0.000000000000000000e+00
5.902680093622463176e+01,0.000000000000000000e+00
6.135240845468078419e+01,0.000000000000000000e+00
6.303704047357091866e+01,0.000000000000000000e+00
6.133888522013681666e+01,0.000000000000000000e+00
6.086600795137013620e+01,0.000000000000000000e+00
5.719462052631205751e+01,0.000000000000000000e+00
5.841425062593209105e+01,0.000000000000000000e+00
5.704152464613763129e+01,0.000000000000000000e+00
5.936053792879474145e+01,0.000000000000000000e+00
6.052906817265884598e+01,0.000000000000000000e+00
5.671337320173229557e+01,0.000000000000000000e+00
5.717350326640479352e+01,0.000000000000000000e+00
5.505055387557280255e+01,0.000000000000000000e+00
5.953118106909018081e+01,0.000000000000000000e+00
5.703488819012378741e+01,0.000000000000000000e+00
5.756949104403763329e+01,0.000000000000000000e+00
6.116740665678946698e+01,0.000000000000000000e+00
5.775993099423582322e+01,0.000000000000000000e+00
5.669399623633364627e+01,0.000000000000000000e+00
5.647468571579582175e+01,0.000000000000000000e+00
5.863398502723622840e+01,0.000000000000000000e+00
5.910483858581173422e+01,0.000000000000000000e+00
5.781523162785502734e+01,0.000000000000000000e+00
5.727099210996484402e+01,0.000000000000000000e+00
5.385946945978441391e+01,0.000000000000000000e+00
5.885839142385754741e+01,0.000000000000000000e+00
5.913591155314385617e+01,0.000000000000000000e+00
5.348361252826494905e+01,0.000000000000000000e+00
5.907630693548726697e+01,0.000000000000000000e+00
5.624618416396672416e+01,0.000000000000000000e+00
5.750931848433449289e+01,0.000000000000000000e+00
5.384455480162942820e+01,0.000000000000000000e+00
5.906197290098671715e+01,0.000000000000000000e+00
5.637695298627195939e+01,0.000000000000000000e+00
5.909549760081242198e+01,0.000000000000000000e+00
5.823813788962502258e+01,0.000000000000000000e+00
5.587382929386576791e+01,0.000000000000000000e+00
5.933012564758976737e+01,0.000000000000000000e+00
5.710120258307045304e+01,0.000000000000000000e+00
5.762547686480210984e+01,0.000000000000000000e+00
5.475983184440939056e+01,0.000000000000000000e+00
5.761124113043620554e+01,0.000000000000000000e+00
5.542241061497787058e+01,0.000000000000000000e+00
5.905207667193018040e+01,0.000000000000000000e+00
5.802463700900052856e+01,0.000000000000000000e+00
5.491944492577207626e+01,0.000000000000000000e+00
5.700288273091658198e+01,0.000000000000000000e+00
5.565581405507858648e+01,0.000000000000000000e+00
5.807251118181083882e+01,0.000000000000000000e+00
5.880061201406034144e+01,0.000000000000000000e+00
5.694297404307190646e+01,0.000000000000000000e+00
5.217634012780696651e+01,0.000000000000000000e+00
5.412638585749786557e+01,0.000000000000000000e+00
5.750993827535200609e+01,0.000000000000000000e+00
5.617420198150240651e+01,0.000000000000000000e+00
5.587246772490090763e+01,0.000000000000000000e+00
5.730687208192775017e+01,0.000000000000000000e+00
5.372614943793593056e+01,0.000000000000000000e+00
5.430927204612888914e+01,0.000000000000000000e+00
5.217521178446611430e+01,0.000000000000000000e+00
5.285230400348246604e+01,0.000000000000000000e+00
5.319733122982764684e+01,0.000000000000000000e+00
5.122545925374606668e+01,0.000000000000000000e+00
5.158555078582652698e+01,0.000000000000000000e+00
5.320571475458049093e+01,0.000000000000000000e+00
5.419685080993181714e+01,0.000000000000000000e+00
5.416391273108190774e+01,0.000000000000000000e+00
5.190923747207521899e+01,0.000000000000000000e+00
5.401668668955512231e+01,0.000000000000000000e+00
5.350639548268893719e+01,0.000000000000000000e+00
5.104340408565866483e+01,0.000000000000000000e+00
5.390656475160486139e+01,0.000000000000000000e+00
5.368827907399909094e+01,0.000000000000000000e+00
5.439963916468305172e+01,0.000000000000000000e+00
5.266614980618888353e+01,0.000000000000000000e+00
5.493900349251678961e+01,0.000000000000000000e+00
5.135049463079076304e+01,0.000000000000000000e+00
5.247422794198937623e+01,0.000000000000000000e+00
5.132440948882637599e+01,0.000000000000000000e+00
5.219322630793165274e+01,0.000000000000000000e+00
4.850204863155065027e+01,0.000000000000000000e+00
5.254518029584171757e+01,0.000000000000000000e+00
5.186938037184768291e+01,0.000000000000000000e+00
5.317249793727133067e+01,0.000000000000000000e+00
4.965908710697770090e+01,0.000000000000000000e+00
5.105217732244578599e+01,0.000000000000000000e+00
5.264789028593077092e+01,0.000000000000000000e+00
5.334607246574001493e+01,0.000000000000000000e+00
5.304125448968573409e+01,0.000000000000000000e+00
4.984529389710949232e+01,0.000000000000000000e+00
5.210055589012775812e+01,0.000000000000000000e+00
5.032898855327074727e+01,0.000000000000000000e+00
5.374790627593716152e+01,0.000000000000000000e+00
5.419927559307939902e+01,0.000000000000000000e+00
5.594463974174094290e+01,0.000000000000000000e+00
5.404843436835403736e+01,0.000000000000000000e+00
4.806882863503171421e+01,0.000000000000000000e+00
5.031488459930724133e+01,0.000000000000000000e+00
5.276979117256502860e+01,0.000000000000000000e+00
5.243857277385583870e+01,0.000000000000000000e+00
5.159277757573210010e+01,0.000000000000000000e+00
5.260672021139649956e+01,0.000000000000000000e+00
5.376612089231992542e+01,0.000000000000000000e+00
5.415140876278626081e+01,0.000000000000000000e+00
5.336874017623996735e+01,0.000000000000000000e+00
5.387444990457021277e+01,0.000000000000000000e+00
5.516435257659557578e+01,0.000000000000000000e+00
5.482021656799197729e+01,0.000000000000000000e+00
4.868485769738256863e+01,0.000000000000000000e+00
5.211010274515120244e+01,0.000000000000000000e+00
5.259180762397765818e+01,0.000000000000000000e+00
4.842289761307192464e+01,0.000000000000000000e+00
4.758088255093034746e+01,0.000000000000000000e+00
4.785765365101966751e+01,0.000000000000000000e+00
5.022005144816971978e+01,0.000000000000000000e+00
4.893655009450340998e+01,0.000000000000000000e+00
5.016541651343082009e+01,0.000000000000000000e+00
5.304964303063463404e+01,0.000000000000000000e+00
4.879842666560044506e+01,0.000000000000000000e+00
5.112077193191341706e+01,0.000000000000000000e+00
5.011310000729159952e+01,0.000000000000000000e+00
4.893910543302696681e+01,0.000000000000000000e+00
5.110522061236791558e+01,0.000000000000000000e+00
4.463853928714905095e+01,0.000000000000000000e+00
4.651504424524686954e+01,0.000000000000000000e+00
4.975610518008608096e+01,0.000000000000000000e+00
4.933882264531387563e+01,0.000000000000000000e+00
4.849987719232863981e+01,0.000000000000000000e+00
4.916763257070818582e+01,0.000000000000000000e+00
5.181522975294381439e+01,0.000000000000000000e+00
4.728461489596414680e+01,0.000000000000000000e+00
4.912901005347954708e+01,0.000000000000000000e+00
4.783677474881737623e+01,0.000000000000000000e+00
4.737692689707710514e+01,0.000000000000000000e+00
4.523156665407087473e+01,0.000000000000000000e+00
4.725307853831929350e+01,0.000000000000000000e+00
4.413230036152833691e+01,0.000000000000000000e+00
4.602012248274703410e+01,0.000000000000000000e+00
4.548426727588044116e+01,0.000000000000000000e+00
4.946959129252132925e+01,0.000000000000000000e+00
4.953682787928600106e+01,0.000000000000000000e+00
4.965928949186511687e+01,0.000000000000000000e+00
4.795146233730316254e+01,0.000000000000000000e+00
4.636154711055263533e+01,0.000000000000000000e+00
4.502200664886495929e+01,0.000000000000000000e+00
4.584547532345617071e+01,0.000000000000000000e+00
4.409182111990153174e+01,0.000000000000000000e+00
4.745595712709523895e+01,0.000000000000000000e+00
4.715849192979958815e+01,0.000000000000000000e+00
4.553548495714188959e+01,0.000000000000000000e+00
4.942140661788429412e+01,0.000000000000000000e+00
4.940573116030021339e+01,0.000000000000000000e+00
4.594624886592711022e+01,0.000000000000000000e+00
4.448648800820053140e+01,0.000000000000000000e+00
4.643851126921177297e+01,0.000000000000000000e+00
4.557095408931371594e+01,0.000000000000000000e+00
5.196536558079311874e+01,0.000000000000000000e+00
4.761377451401489225e+01,0.000000000000000000e+00
4.764257006798668215e+01,0.000000000000000000e+00
4.524231446813234925e+01,0.000000000000000000e+00
4.248428175339363122e+01,0.000000000000000000e+00
4.392522646865975133e+01,0.000000000000000000e+00
4.364797400118441573e+01,0.000000000000000000e+00
4.746193921601776822e+01,0.000000000000000000e+00
4.694829797175400188e+01,0.000000000000000000e+00
4.664867560844257355e+01,0.000000000000000000e+00
4.445309283440164450e+01,0.000000000000000000e+00
4.503855025190588179e+01,0.000000000000000000e+00
4.453605655112312434e+01,0.000000000000000000e+00
4.835009094422736098e+01,0.000000000000000000e+00
4.343440772778810555e+01,0.000000000000000000e+00
4.893862523040119328e+01,0.000000000000000000e+00
4.087577124733466860e+01,0.000000000000000000e+00
4.347580750238646630e+01,0.000000000000000000e+00
4.372412603378864304e+01,0.000000000000000000e+00
4.371460282382280838e+01,0.000000000000000000e+00
4.386883967177463006e+01,0.000000000000000000e+00
4.512368222297078546e+01,0.000000000000000000e+00
4.455629449288878874e+01,0.000000000000000000e+00
4.327299696317894018e+01,0.000000000000000000e+00
4.466181029638970301e+01,0.000000000000000000e+00
4.436379318617613166e+01,0.000000000000000000e+00
4.248066986610967177e+01,0.000000000000000000e+00
4.357643943187598978e+01,0.000000000000000000e+00
4.234594228600298749e+01,0.000000000000000000e+00
4.730077801333546716e+01,0.000000000000000000e+00
4.541620824250861688e+01,0.000000000000000000e+00
4.235943476376768757e+01,0.000000000000000000e+00
4.175667001892831820e+01,0.000000000000000000e+00
4.402142968516439936e+01,0.000000000000000000e+00
4.101802229058372973e+01,0.000000000000000000e+00
3.974309277028095266e+01,0.000000000000000000e+00
4.565951048060110651e+01,0.000000000000000000e+00
4.554536995052354342e+01,0.000000000000000000e+00
4.630194996506361349e+01,0.000000000000000000e+00
4.309022632568512989e+01,0.000000000000000000e+00
4.425644245024055579e+01,0.000000000000000000e+00
4.298929183220439398e+01,0.000000000000000000e+00
4.191887581765244164e+01,0.000000000000000000e+00
4.327136156906267672e+01,0.000000000000000000e+00
4.224848926096475310e+01,0.000000000000000000e+00
4.210601434058947490e+01,0.000000000000000000e+00
4.230668648298622969e+01,0.000000000000000000e+00
4.290200935862011278e+01,0.000000000000000000e+00
4.230460000766957762e+01,0.000000000000000000e+00
4.612109320507726551e+01,0.000000000000000000e+00
3.840290588651645720e+01,0.000000000000000000e+00
4.300645085863585138e+01,0.000000000000000000e+00
4.315219732679946674e+01,0.000000000000000000e+00
4.206250253307393905e+01,0.000000000000000000e+00
4.446730051901613479e+01,0.000000000000000000e+00
4.282870269998780799e+01,0.000000000000000000e+00
4.326564369511021368e+01,0.000000000000000000e+00
4.139160414473278138e+01,0.000000000000000000e+00
4.159960804433762860e+01,0.000000000000000000e+00
4.135569221236797688e+01,0.000000000000000000e+00
4.129214989084336906e+01,0.000000000000000000e+00
3.695601589548166288e+01,0.000000000000000000e+00
3.908150092737059111e+01,0.000000000000000000e+00
4.233371778143050790e+01,0.000000000000000000e+00
3.888898661109202948e+01,0.000000000000000000e+00
4.166763483250333877e+01,0.000000000000000000e+00
3.864099398267248375e+01,0.000000000000000000e+00
4.310734068818418052e+01,0.000000000000000000e+00
4.306982083208615109e+01,0.000000000000000000e+00
4.362012830712571798e+01,0.000000000000000000e+00
3.958572390430164489e+01,0.000000000000000000e+00
4.127565101432311678e+01,0.000000000000000000e+00
3.929600107340229442e+01,0.000000000000000000e+00
4.307431186532524237e+01,0.000000000000000000e+00
4.274016779187497406e+01,0.000000000000000000e+00
4.250303307318942814e+01,0.000000000000000000e+00
3.953609113576452927e+01,0.000000000000000000e+00
3.845361334990710134e+01,0.000000000000000000e+00
4.046626912752929428e+01,0.000000000000000000e+00
3.825088776072420416e+01,0.000000000000000000e+00
4.007672679750450584e+01,0.000000000000000000e+00
4.343275235056902517e+01,0.000000000000000000e+00
3.936473009749241925e+01,0.000000000000000000e+00
3.833289375927240172e+01,0.000000000000000000e+00
3.973975595765757163e+01,0.000000000000000000e+00
3.822413426882571486e+01,0.000000000000000000e+00
3.871981611897761155e+01,0.000000000000000000e+00
3.855681460363719282e+01,0.000000000000000000e+00
3.890484441909309510e+01,0.000000000000000000e+00
4.108074826130962975e+01,0.000000000000000000e+00
4.164005411743084295e+01,0.000000000000000000e+00
3.512881025107851940e+01,0.000000000000000000e+00
4.215617557947044958e+01,0.000000000000000000e+00
3.846902363085903431e+01,0.000000000000000000e+00
3.665067396289389023e+01,0.000000000000000000e+00
4.086536562495965796e+01,0.000000000000000000e+00
4.037614499703096271e+01,0.000000000000000000e+00
3.957150685478258367e+01,0.000000000000000000e+00
4.008775847552586669e+01,0.000000000000000000e+00
4.105395643072463230e+01,0.000000000000000000e+00
4.035562865121144682e+01,0.000000000000000000e+00
3.952941576398893631e+01,0.000000000000000000e+00
3.706152047192607313e+01,0.000000000000000000e+00
3.691737585825996604e+01,0.000000000000000000e+00
3.750621945279669944e+01,0.000000000000000000e+00
3.768171980314520653e+01,0.000000000000000000e+00
3.962594793475874155e+01,0.000000000000000000e+00
3.423137183627411417e+01,0.000000000000000000e+00
3.479109886269399965e+01,0.000000000000000000e+00
3.877006112141675231e+01,0.000000000000000000e+00
3.924227920595978958e+01,0.000000000000000000e+00
3.984833308527893792e+01,0.000000000000000000e+00
3.850742604356330645e+01,0.000000000000000000e+00
3.886423979806012596e+01,0.000000000000000000e+00
3.795660591167599307e+01,0.000000000000000000e+00
3.962519562399216966e+01,0.000000000000000000e+00
3.740606603304383526e+01,0.000000000000000000e+00
3.807340498061623180e+01,0.000000000000000000e+00
3.590064804097080042e+01,0.000000000000000000e+00
3.759247190920090986e+01,0.000000000000000000e+00
3.670603658274940528e+01,0.000000000000000000e+00
3.650353149798811359e+01,0.000000000000000000e+00
3.645426550541579047e+01,0.000000000000000000e+00
3.737466031704965275e+01,0.000000000000000000e+00
3.540104305272608087e+01,0.000000000000000000e+00
3.637773773464142124e+01,0.000000000000000000e+00
3.673703082204448833e+01,0.000000000000000000e+00
3.771868701396330437e+01,0.000000000000000000e+00
3.634103748525760125e+01,0.000000000000000000e+00
3.454031586463058545e+01,0.000000000000000000e+00
3.515577490518764847e+01,0.000000000000000000e+00
3.641520295026614917e+01,0.000000000000000000e+00
3.388469340950915409e+01,0.000000000000000000e+00
3.733395130097503767e+01,0.000000000000000000e+00
3.498792173570375041e+01,0.000000000000000000e+00
3.394129798596956959e+01,0.000000000000000000e+00
3.432941522900444653e+01,0.000000000000000000e+00
3.275135814257972555e+01,0.000000000000000000e+00
3.714447542587304696e+01,0.000000000000000000e+00
3.523398305347439674e+01,0.000000000000000000e+00
3.583518890322128669e+01,0.000000000000000000e+00
3.650153206882218626e+01,0.000000000000000000e+00
3.585204340234950848e+01,0.000000000000000000e+00
3.340891695111572091e+01,0.000000000000000000e+00
3.794252189822665855e+01,0.000000000000000000e+00
3.403117940524502671e+01,0.000000000000000000e+00
3.589887128474856581e+01,0.000000000000000000e+00
3.501680882747666601e+01,0.000000000000000000e+00
2.980842359567400379e+01,0.000000000000000000e+00
3.594687529448267327e+01,0.000000000000000000e+00
3.539156403459046629e+01,0.000000000000000000e+00
3.254140738907705810e+01,0.000000000000000000e+00
3.510902449015149784e+01,0.000000000000000000e+00
3.398307287724157533e+01,0.000000000000000000e+00
3.758139956873510101e+01,0.000000000000000000e+00
3.196338675038822785e+01,0.000000000000000000e+00
3.598443530820484426e+01,0.000000000000000000e+00
3.236885674715379935e+01,0.000000000000000000e+00
3.143988614226393352e+01,0.000000000000000000e+00
3.303485074983663594e+01,0.000000000000000000e+00
3.735061045027472915e+01,0.000000000000000000e+00
3.388912809106130908e+01,0.000000000000000000e+00
3.622738293306944968e+01,0.000000000000000000e+00
3.359082985058405058e+01,0.000000000000000000e+00
3.319198277831727495e+01,0.000000000000000000e+00
3.485042882554502341e+01,0.000000000000000000e+00
3.051042281874897810e+01,0.000000000000000000e+00
3.367225904762953803e+01,0.000000000000000000e+00
3.294125070718045833e+01,0.000000000000000000e+00
3.130562797963012045e+01,0.000000000000000000e+00
3.383973890553863129e+01,0.000000000000000000e+00
3.033004033067216199e+01,0.000000000000000000e+00
2.912166629809511775e+01,0.000000000000000000e+00
3.387691808992018849e+01,0.000000000000000000e+00
3.085898829256398557e+01,0.000000000000000000e+00
3.262253429018926454e+01,0.000000000000000000e+00
3.126288043977571718e+01,0.000000000000000000e+00
3.640991600433467568e+01,0.000000000000000000e+00
3.379990627863242025e+01,0.000000000000000000e+00
2.788476093491569330e+01,0.000000000000000000e+00
3.426504024540739124e+01,0.000000000000000000e+00
3.246375603789014974e+01,0.000000000000000000e+00
3.278374250185868988e+01,0.000000000000000000e+00
3.476230005935371281e+01,0.000000000000000000e+00
2.948581338409283248e+01,0.000000000000000000e+00
3.246608833439539410e+01,0.000000000000000000e+00
3.139990748612131455e+01,0.000000000000000000e+00
2.973261528538841603e+01,0.000000000000000000e+00
3.330910983562563388e+01,0.000000000000000000e+00
3.355401567483497871e+01,0.000000000000000000e+00
3.341904156789069447e+01,0.000000000000000000e+00
3.086049501542851559e+01,0.000000000000000000e+00
3.069538086012916622e+01,0.000000000000000000e+00
3.485075435848997927e+01,0.000000000000000000e+00
3.296188035109830849e+01,0.000000000000000000e+00
3.370376588910057336e+01,0.000000000000000000e+00
3.144212632110366812e+01,0.000000000000000000e+00
3.225874241097685058e+01,0.000000000000000000e+00
2.828478713811052003e+01,0.000000000000000000e+00
3.211617215281841453e+01,0.000000000000000000e+00
3.031887153755813102e+01,0.000000000000000000e+00
3.000222623876763350e+01,0.000000000000000000e+00
3.038435494663363912e+01,0.000000000000000000e+00
3.036620391531936392e+01,0.000000000000000000e+00
3.179131354590253977e+01,0.000000000000000000e+00
3.247835298804501747e+01,0.000000000000000000e+00
3.396180874487924228e+01,0.000000000000000000e+00
2.917330926196625640e+01,0.000000000000000000e+00
3.051875293608641115e+01,0.000000000000000000e+00
3.050750530583627906e+01,0.000000000000000000e+00
2.816496497438130930e+01,0.000000000000000000e+00
3.058358955737786999e+01,0.000000000000000000e+00
2.808034246330387873e+01,0.000000000000000000e+00
3.264496669012009988e+01,0.000000000000000000e+00
2.916683107057342994e+01,0.000000000000000000e+00
3.061569693995675223e+01,0.000000000000000000e+00
3.126920787896926157e+01,0.000000000000000000e+00
2.989495318958267234e+01,0.000000000000000000e+00
2.475806862971589339e+01,0.000000000000000000e+00
3.005346394448621439e+01,0.000000000000000000e+00
2.871404085270608419e+01,0.000000000000000000e+00
3.215303304713361143e+01,0.000000000000000000e+00
2.855678474331327976e+01,0.000000000000000000e+00
3.024907554580175173e+01,0.000000000000000000e+00
3.151644054632981451e+01,0.000000000000000000e+00
2.824217072421603802e+01,0.000000000000000000e+00
2.896007497971699252e+01,0.000000000000000000e+00
3.102193974168702795e+01,0.000000000000000000e+00
2.831058257048542259e+01,0.000000000000000000e+00
2.900611751479211264e+01,0.000000000000000000e+00
3.130921497185216040e+01,0.000000000000000000e+00
2.686030340879695899e+01,0.000000000000000000e+00
3.014773255555172682e+01,0.000000000000000000e+00
2.784519550561941514e+01,0.000000000000000000e+00
2.985455923067331341e+01,0.000000000000000000e+00
2.988514638348604890e+01,0.000000000000000000e+00
2.812508209102053769e+01,0.000000000000000000e+00
3.053020923104860529e+01,0.000000000000000000e+00
3.165594094040653061e+01,0.000000000000000000e+00
3.383184524226054890e+01,0.000000000000000000e+00
3.085374811973276366e+01,0.000000000000000000e+00
2.848697948862779938e+01,0.000000000000000000e+00
3.179844371737032205e+01,0.000000000000000000e+00
3.070583109811300204e+01,0.000000000000000000e+00
2.737761584845217655e+01,0.000000000000000000e+00
2.817162206449315320e+01,0.000000000000000000e+00
2.630059040594573361e+01,0.000000000000000000e+00
2.717526733003619555e+01,0.000000000000000000e+00
2.717679457219475125e+01,0.000000000000000000e+00
2.869350809215798748e+01,0.000000000000000000e+00
2.752049496958185415e+01,0.000000000000000000e+00
2.649467070489028941e+01,0.000000000000000000e+00
3.150547577587254722e+01,0.000000000000000000e+00
2.501683594969516378e+01,0.000000000000000000e+00
2.510066764270559148e+01,0.000000000000000000e+00
2.832677327179796833e+01,0.000000000000000000e+00
2.829085303632144743e+01,0.000000000000000000e+00
2.662619942263999206e+01,0.000000000000000000e+00
2.850690197506434131e+01,0.000000000000000000e+00
2.894776762851360274e+01,0.000000000000000000e+00
2.830512752526639275e+01,0.000000000000000000e+00
2.710211073174736640e+01,0.000000000000000000e+00
2.940143887448135018e+01,0.000000000000000000e+00
3.084950962968571275e+01,0.000000000000000000e+00
2.883099623785140864e+01,0.000000000000000000e+00
3.130214827457682247e+01,0.000000000000000000e+00
2.667778303710590393e+01,0.000000000000000000e+00
2.708896290512129923e+01,0.000000000000000000e+00
3.008887339830023677e+01,0.000000000000000000e+00
2.795115744438487582e+01,0.000000000000000000e+00
2.817398080707661023e+01,0.000000000000000000e+00
2.927695854217784799e+01,0.000000000000000000e+00
2.443323352749820998e+01,0.000000000000000000e+00
2.793203880721263843e+01,0.000000000000000000e+00
2.718259039146312617e+01,0.000000000000000000e+00
2.746107611032955376e+01,0.000000000000000000e+00
2.862759182378095701e+01,0.000000000000000000e+00
2.221655537463790608e+01,0.000000000000000000e+00
2.690982083442433392e+01,0.000000000000000000e+00
2.400901386382484048e+01,0.000000000000000000e+00
2.416163828103249855e+01,0.000000000000000000e+00
2.782557483546859700e+01,0.000000000000000000e+00
2.614901409295563894e+01,0.000000000000000000e+00
2.288400661739192898e+01,0.000000000000000000e+00
3.027739259995478349e+01,0.000000000000000000e+00
3.154829529915909347e+01,0.000000000000000000e+00
2.457338986506555401e+01,0.000000000000000000e+00
2.349027220219710443e+01,0.000000000000000000e+00
2.731252568902896272e+01,0.000000000000000000e+00
2.564640803744149267e+01,0.000000000000000000e+00
2.565595477667850943e+01,0.000000000000000000e+00
2.405936551641737609e+01,0.000000000000000000e+00
2.554407471555026987e+01,0.000000000000000000e+00
2.676074685770003470e+01,0.000000000000000000e+00
2.648711773457705476e+01,0.000000000000000000e+00
2.544359338044497321e+01,0.000000000000000000e+00
2.686270654826559223e+01,0.000000000000000000e+00
2.418289869888235444e+01,0.000000000000000000e+00
2.992974435841735215e+01,0.000000000000000000e+00
2.449680752274682405e+01,0.000000000000000000e+00
2.779796483113308625e+01,0.000000000000000000e+00
2.366737168287414050e+01,0.000000000000000000e+00
2.735309842092107147e+01,0.000000000000000000e+00
2.718817508772771774e+01,0.000000000000000000e+00
2.496490448075372370e+01,0.000000000000000000e+00
2.265125410203842904e+01,0.000000000000000000e+00
2.276468834552558462e+01,0.000000000000000000e+00
2.192708081982581803e+01,0.000000000000000000e+00
2.373527997915976329e+01,0.000000000000000000e+00
2.693053815936297113e+01,0.000000000000000000e+00
2.458604423001725436e+01,0.000000000000000000e+00
2.191330000339531736e+01,0.000000000000000000e+00
2.528103816411781679e+01,0.000000000000000000e+00
2.255195182447203806e+01,0.000000000000000000e+00
2.732229616915764581e+01,0.000000000000000000e+00
2.437930449003125233e+01,0.000000000000000000e+00
2.558839076731293005e+01,0.000000000000000000e+00
2.490354590050149142e+01,0.000000000000000000e+00
2.425007447116086823e+01,0.000000000000000000e+00
2.483517553350824869e+01,0.000000000000000000e+00
2.544113302947820898e+01,0.000000000000000000e+00
2.309731733427749134e+01,0.000000000000000000e+00
2.276761116319508460e+01,0.000000000000000000e+00
2.113869425038348382e+01,0.000000000000000000e+00
2.121355403227654435e+01,0.000000000000000000e+00
2.453246628711829302e+01,0.000000000000000000e+00
2.471325458505103256e+01,0.000000000000000000e+00
2.274766318816726240e+01,0.000000000000000000e+00
2.532212606254917375e+01,0.000000000000000000e+00
2.310386833038637988e+01,0.000000000000000000e+00
2.589629617753757174e+01,0.000000000000000000e+00
2.596245720200536766e+01,0.000000000000000000e+00
2.475427113292077408e+01,0.000000000000000000e+00
2.372662920702621037e+01,0.000000000000000000e+00
2.394236280843283637e+01,0.000000000000000000e+00
2.187045408408796376e+01,0.000000000000000000e+00
2.326350482097528882e+01,0.000000000000000000e+00
2.335843099349686014e+01,0.000000000000000000e+00
2.363142108925730156e+01,0.000000000000000000e+00
2.467685552503806790e+01,0.000000000000000000e+00
2.176714911434651611e+01,0.000000000000000000e+00
2.502855478690958790e+01,0.000000000000000000e+00
2.576967591468772056e+01,0.000000000000000000e+00
2.732022053306902976e+01,0.000000000000000000e+00
2.338291092662041493e+01,0.000000000000000000e+00
2.549751730200809519e+01,0.000000000000000000e+00
2.534993183003138384e+01,0.000000000000000000e+00
2.445569198836114921e+01,0.000000000000000000e+00
2.329390705195805467e+01,0.000000000000000000e+00
2.560451927314357334e+01,0.000000000000000000e+00
2.578717003718618273e+01,0.000000000000000000e+00
2.216076504251936541e+01,0.000000000000000000e+00
1.993244975502024019e+01,0.000000000000000000e+00
2.083362929323977397e+01,0.000000000000000000e+00
2.268787971113149382e+01,0.000000000000000000e+00
2.277314015038017203e+01,0.000000000000000000e+00
2.090674340176820323e+01,0.000000000000000000e+00
2.351849114594399381e+01,0.000000000000000000e+00
2.691588231706284517e+01,0.000000000000000000e+00
2.125862709685695862e+01,0.000000000000000000e+00
2.515491865329265053e+01,0.000000000000000000e+00
2.169295773234872371e+01,0.000000000000000000e+00
2.275863958564829659e+01,0.000000000000000000e+00
2.323055831046695729e+01,0.000000000000000000e+00
2.339091914487845258e+01,0.000000000000000000e+00
2.138214283938027904e+01,0.000000000000000000e+00
2.096487449457085361e+01,0.000000000000000000e+00
2.331260658996405155e+01,0.000000000000000000e+00
2.082966605372451241e+01,0.000000000000000000e+00
2.050957655091721321e+01,0.000000000000000000e+00
2.109973174281675767e+01,0.000000000000000000e+00
2.680664449298547680e+01,0.000000000000000000e+00
2.438179820800072406e+01,0.000000000000000000e+00
2.682751210752369531e+01,0.000000000000000000e+00
2.113331909685556553e+01,0.000000000000000000e+00
2.298175936162763477e+01,0.000000000000000000e+00
2.351062424086027747e+01,0.000000000000000000e+00
2.373306822778638292e+01,0.000000000000000000e+00
2.136004556979345992e+01,0.000000000000000000e+00
2.049649335056803423e+01,0.000000000000000000e+00
2.105099997541048396e+01,0.000000000000000000e+00
1.984200904864795945e+01,0.000000000000000000e+00
2.061599656938921044e+01,0.000000000000000000e+00
2.251013522778558595e+01,0.000000000000000000e+00
1.885721126600375186e+01,0.000000000000000000e+00
2.023647915167885714e+01,0.000000000000000000e+00
2.201172485428832459e+01,0.000000000000000000e+00
2.504458989772497546e+01,0.000000000000000000e+00
2.447563391357715190e+01,0.000000000000000000e+00
2.450250534539000569e+01,0.000000000000000000e+00
2.508915069395143149e+01,0.000000000000000000e+00
2.458544652540291153e+01,0.000000000000000000e+00
2.127270447332914216e+01,0.000000000000000000e+00
2.176958567367994846e+01,0.000000000000000000e+00
1.927918557699500823e+01,0.000000000000000000e+00
1.863322302175160061e+01,0.000000000000000000e+00
1.897891843399650824e+01,0.000000000000000000e+00
2.359554991056450390e+01,0.000000000000000000e+00
2.131528088239770469e+01,0.000000000000000000e+00
2.346244298739742717e+01,0.000000000000000000e+00
2.652702455913723512e+01,0.000000000000000000e+00
2.134871262653043900e+01,0.000000000000000000e+00
2.225953112317165505e+01,0.000000000000000000e+00
2.245895115331799374e+01,0.000000000000000000e+00
2.352881629948381814e+01,0.000000000000000000e+00
2.072817960297725648e+01,0.000000000000000000e+00
2.396612246933421986e+01,0.000000000000000000e+00
1.874341776886424427e+01,0.000000000000000000e+00
1.872095287248503581e+01,0.000000000000000000e+00
2.118241414753251917e+01,0.000000000000000000e+00
1.994079176306237855e+01,0.000000000000000000e+00
2.205534241590889266e+01,0.000000000000000000e+00
2.120346240049191877e+01,0.000000000000000000e+00
2.319111752196616649e+01,0.000000000000000000e+00
2.168410817532298651e+01,0.000000000000000000e+00
2.038365389164168917e+01,0.000000000000000000e+00
2.357238319661620096e+01,0.000000000000000000e+00
2.124371216165834397e+01,0.000000000000000000e+00
2.171143073980355354e+01,0.000000000000000000e+00
1.900988141019031730e+01,0.000000000000000000e+00
2.382634303079488447e+01,0.000000000000000000e+00
1.954923683275619339e+01,0.000000000000000000e+00
2.089354324748456193e+01,0.000000000000000000e+00
1.839378950695400761e+01,0.000000000000000000e+00
2.017245123963719777e+01,0.000000000000000000e+00
1.867357685853942684e+01,0.000000000000000000e+00
1.945331332217874731e+01,0.000000000000000000e+00
2.307853632851169934e+01,0.000000000000000000e+00
2.283802043482658206e+01,0.000000000000000000e+00
2.190503641620269804e+01,0.000000000000000000e+00
1.999451412618151025e+01,0.000000000000000000e+00
2.243836843137824388e+01,0.000000000000000000e+00
2.099915941396438512e+01,0.000000000000000000e+00
2.375288337093014945e+01,0.000000000000000000e+00
2.378916713568598240e+01,0.000000000000000000e+00
2.188079008584395879e+01,0.000000000000000000e+00
2.063805714356126941e+01,0.000000000000000000e+00
1.880430894757883564e+01,0.000000000000000000e+00
1.883360982322276200e+01,0.000000000000000000e+00
2.188066299581701557e+01,0.000000000000000000e+00
2.324247535970005885e+01,0.000000000000000000e+00
2.097585932996562263e+01,0.000000000000000000e+00
1.977931880460760183e+01,0.000000000000000000e+00
2.093229488875340394e+01,0.000000000000000000e+00
2.141952898215376777e+01,0.000000000000000000e+00
2.237941293272602294e+01,0.000000000000000000e+00
1.919626870955609732e+01,0.000000000000000000e+00
2.077617262227233752e+01,0.000000000000000000e+00
1.942607895274993979e+01,0.000000000000000000e+00
2.248100824728049574e+01,0.000000000000000000e+00
1.759182374298856644e+01,0.000000000000000000e+00
2.052457174313668986e+01,0.000000000000000000e+00
2.122169318561436313e+01,0.000000000000000000e+00
1.818716121285051912e+01,0.000000000000000000e+00
2.010737462724620173e+01,0.000000000000000000e+00
1.970664256488846888e+01,0.000000000000000000e+00
1.895261589486154818e+01,0.000000000000000000e+00
2.214921316413214214e+01,0.000000000000000000e+00
2.019259394348115677e+01,0.000000000000000000e+00
2.347498721218073214e+01,0.000000000000000000e+00
2.048370106114974476e+01,0.000000000000000000e+00
2.322609555087620237e+01,0.000000000000000000e+00
1.949947959902707240e+01,0.000000000000000000e+00
2.324870732911939797e+01,0.000000000000000000e+00
1.674431708823030363e+01,0.000000000000000000e+00
2.028700403613081704e+01,0.000000000000000000e+00
2.291989985162142318e+01,0.000000000000000000e+00
2.035270464065524010e+01,0.000000000000000000e+00
1.859295669090442615e+01,0.000000000000000000e+00
2.140955270453947890e+01,0.000000000000000000e+00
1.685017754946916924e+01,0.000000000000000000e+00
1.870336365284220648e+01,0.000000000000000000e+00
2.235239328127864056e+01,0.000000000000000000e+00
1.840269634626261208e+01,0.000000000000000000e+00
2.194057940226361580e+01,0.000000000000000000e+00
2.011948354121325266e+01,0.000000000000000000e+00
2.322631841277377873e+01,0.000000000000000000e+00
1.913375032221737726e+01,0.000000000000000000e+00
2.023396989880760088e+01,0.000000000000000000e+00
1.896640434835204303e+01,0.000000000000000000e+00
1.805881773674261481e+01,0.000000000000000000e+00
2.176597263107152358e+01,0.000000000000000000e+00
2.067387927669971859e+01,0.000000000000000000e+00
1.935113913375076322e+01,0.000000000000000000e+00
2.001117750838459841e+01,0.000000000000000000e+00
2.216977097163440646e+01,0.000000000000000000e+00
2.266445351543021403e+01,0.000000000000000000e+00
1.968021747236137386e+01,0.000000000000000000e+00
1.792595249989779660e+01,0.000000000000000000e+00
1.869382477666889031e+01,0.000000000000000000e+00
1.689728319125171652e+01,0.000000000000000000e+00
2.175036969465559977e+01,0.000000000000000000e+00
1.917277472574276231e+01,0.000000000000000000e+00
1.371957198697698921e+01,0.000000000000000000e+00
2.182164004443220406e+01,0.000000000000000000e+00
1.841658576697585303e+01,0.000000000000000000e+00
2.054438840652781906e+01,0.000000000000000000e+00
2.141068977532753692e+01,0.000000000000000000e+00
1.651122025889547729e+01,0.000000000000000000e+00
2.141696413017212919e+01,0.000000000000000000e+00
1.930669208929725400e+01,0.000000000000000000e+00
2.052271568318776573e+01,0.000000000000000000e+00
2.051168693018206568e+01,0.000000000000000000e+00
2.210622510587400669e+01,0.000000000000000000e+00
2.217318530939415311e+01,0.000000000000000000e+00
1.649655971686608069e+01,0.000000000000000000e+00
1.780103498661694061e+01,0.000000000000000000e+00
1.756600924775944961e+01,0.000000000000000000e+00
2.187059613090871935e+01,0.000000000000000000e+00
1.881229863092863042e+01,0.000000000000000000e+00
2.059648958264288865e+01,0.000000000000000000e+00
1.926491302532052075e+01,0.000000000000000000e+00
2.164593043840707409e+01,0.000000000000000000e+00
2.052244551235441605e+01,0.000000000000000000e+00
2.088040829304894785e+01,0.000000000000000000e+00
2.265160858279654832e+01,0.000000000000000000e+00
2.071817977810576039e+01,0.000000000000000000e+00
1.777850139870665203e+01,0.000000000000000000e+00
2.026836304633891928e+01,0.000000000000000000e+00
2.205025459312658143e+01,0.000000000000000000e+00
1.872517128597946723e+01,0.000000000000000000e+00
1.861934870057024938e+01,0.000000000000000000e+00
2.106656048611434073e+01,0.000000000000000000e+00
2.128888798883718536e+01,0.000000000000000000e+00
1.836686892684679506e+01,0.000000000000000000e+00
2.024961283710986493e+01,0.000000000000000000e+00
1.937575942187535816e+01,0.000000000000000000e+00
1.506497154206843447e+01,0.000000000000000000e+00
1.843529486636765924e+01,0.000000000000000000e+00
1.659428220673012078e+01,0.000000000000000000e+00
2.259715206971129930e+01,0.000000000000000000e+00
2.212712032172555965e+01,0.000000000000000000e+00
1.886218172351336264e+01,0.000000000000000000e+00
2.108202010462781573e+01,0.000000000000000000e+00
1.784906030902303442e+01,0.000000000000000000e+00
1.781338547741756884e+01,0.000000000000000000e+00
2.128725457298894241e+01,0.000000000000000000e+00
2.204508765698274431e+01,0.000000000000000000e+00
2.158683282813110793e+01,0.000000000000000000e+00
1.915986041593659195e+01,0.000000000000000000e+00
2.065562898110091083e+01,0.000000000000000000e+00
1.825917756836703276e+01,0.000000000000000000e+00
2.000572960072306472e+01,0.000000000000000000e+00
2.216423611621994283e+01,0.000000000000000000e+00
1.747674684358073449e+01,0.000000000000000000e+00
2.189520511067698294e+01,0.000000000000000000e+00
1.933863950857696423e+01,0.000000000000000000e+00
1.985642142907974517e+01,0.000000000000000000e+00
1.833796392693963639e+01,0.000000000000000000e+00
1.785908633723304106e+01,0.000000000000000000e+00
1.960082359917383954e+01,0.000000000000000000e+00
2.410743113920518965e+01,0.000000000000000000e+00
1.880064910676696144e+01,0.000000000000000000e+00
1.936301494567036130e+01,0.000000000000000000e+00
2.147283462237853868e+01,0.000000000000000000e+00
1.902709385631527184e+01,0.000000000000000000e+00
1.793159350235012184e+01,0.000000000000000000e+00
1.831398361536273001e+01,0.000000000000000000e+00
2.061203741901694997e+01,0.000000000000000000e+00
1.950025042081107429e+01,0.000000000000000000e+00
1.888359858517523904e+01,0.000000000000000000e+00
2.297423706640867636e+01,0.000000000000000000e+00
1.973142242241639366e+01,0.000000000000000000e+00
1.705339233903442775e+01,0.000000000000000000e+00
2.054472639451194382e+01,0.000000000000000000e+00
2.015850871684369849e+01,0.000000000000000000e+00
1.944772195283695027e+01,0.000000000000000000e+00
1.931631260107806369e+01,0.000000000000000000e+00
1.888407696002883895e+01,0.000000000000000000e+00
1.996192358216471874e+01,0.000000000000000000e+00
1.717626464996340374e+01,0.000000000000000000e+00
2.258857935137867301e+01,0.000000000000000000e+00
2.253070269949385818e+01,0.000000000000000000e+00
2.222563012047724840e+01,0.000000000000000000e+00
2.032015620309384829e+01,0.000000000000000000e+00
2.014898794206588306e+01,0.000000000000000000e+00
2.025755016433120304e+01,0.000000000000000000e+00
2.184816470303066538e+01,0.000000000000000000e+00
2.101771727290043046e+01,0.000000000000000000e+00
1.621173672655710263e+01,0.000000000000000000e+00
2.186721263096604417e+01,0.000000000000000000e+00
1.879812715644705534e+01,0.000000000000000000e+00
2.158754396406298781e+01,0.000000000000000000e+00
1.753632482946724735e+01,0.000000000000000000e+00
2.326908706218236134e+01,0.000000000000000000e+00
2.195610152831973139e+01,0.000000000000000000e+00
2.061528329788796654e+01,0.000000000000000000e+00
1.857649364128888436e+01,0.000000000000000000e+00
2.084834117925920438e+01,0.000000000000000000e+00
2.182439338564226006e+01,0.000000000000000000e+00
2.133704875158357694e+01,0.000000000000000000e+00
1.698365116452880130e+01,0.000000000000000000e+00
1.718091209065427094e+01,0.000000000000000000e+00
2.265821005646635911e+01,0.000000000000000000e+00
1.994393747437953479e+01,0.000000000000000000e+00
2.214983672779256096e+01,0.000000000000000000e+00
1.811034606575224259e+01,0.000000000000000000e+00
2.247194191601691671e+01,0.000000000000000000e+00
2.199432723076199991e+01,0.000000000000000000e+00
1.902802900747265014e+01,0.000000000000000000e+00
2.100532867892572142e+01,0.000000000000000000e+00
1.926418447092912700e+01,0.000000000000000000e+00
2.056439563324924791e+01,0.000000000000000000e+00
1.892738056991268536e+01,0.000000000000000000e+00
1.968230897993148432e+01,0.000000000000000000e+00
2.216459099760932361e+01,0.000000000000000000e+00
2.173193768706610385e+01,0.000000000000000000e+00
1.990576739503842418e+01,0.000000000000000000e+00
1.825768697983832922e+01,0.000000000000000000e+00
2.187268569515913086e+01,0.000000000000000000e+00
1.981788814245432917e+01,0.000000000000000000e+00
2.130284368230020675e+01,0.000000000000000000e+00
1.853236346763868880e+01,0.000000000000000000e+00
2.029017908394246916e+01,0.000000000000000000e+00
2.109378842672687782e+01,0.000000000000000000e+00
2.195149818791560747e+01,0.000000000000000000e+00
1.837981982788941338e+01,0.000000000000000000e+00
2.225017677896148172e+01,0.000000000000000000e+00
1.769699938726726884e+01,0.000000000000000000e+00
2.298611139436864548e+01,0.000000000000000000e+00
2.059742029471187053e+01,0.000000000000000000e+00
2.616483327497081035e+01,0.000000000000000000e+00
2.178038510716754672e+01,0.000000000000000000e+00
1.908642034674402055e+01,0.000000000000000000e+00
2.075943776209678404e+01,0.000000000000000000e+00
2.044955833844232629e+01,0.000000000000000000e+00
1.958741341847033013e+01,0.000000000000000000e+00
2.367257192227567231e+01,0.000000000000000000e+00
1.853909755190158748e+01,0.000000000000000000e+00
2.181795615572455205e+01,0.000000000000000000e+00
2.331992028657241889e+01,0.000000000000000000e+00
2.480747613322959921e+01,0.000000000000000000e+00
1.947654664457640550e+01,0.000000000000000000e+00
2.436488438337455165e+01,0.000000000000000000e+00
2.279760642710947849e+01,0.000000000000000000e+00
2.191669868062517423e+01,0.000000000000000000e+00
2.066798871025405759e+01,0.000000000000000000e+00
1.824295420887200336e+01,0.000000000000000000e+00
2.249961721680261562e+01,0.000000000000000000e+00
2.011605942625208243e+01,0.000000000000000000e+00
2.202283370355361214e+01,0.000000000000000000e+00
1.833666877561188713e+01,0.000000000000000000e+00
2.264054816986994467e+01,0.000000000000000000e+00
2.031139619238153315e+01,0.000000000000000000e+00
1.984989006528779854e+01,0.000000000000000000e+00
2.366760477472992363e+01,0.000000000000000000e+00
2.051429100640944725e+01,0.000000000000000000e+00
2.083824757733422928e+01,0.000000000000000000e+00
1.951361829296227057e+01,0.000000000000000000e+00
2.050072032481642736e+01,0.000000000000000000e+00
2.313847632149244760e+01,0.000000000000000000e+00
2.347140896817465006e+01,0.000000000000000000e+00
2.340999490770834157e+01,0.000000000000000000e+00
2.005636638696531904e+01,0.000000000000000000e+00
2.118316592631673245e+01,0.000000000000000000e+00
1.951679257888008223e+01,0.000000000000000000e+00
2.346774261443674447e+01,0.000000000000000000e+00
2.387363951816755403e+01,0.000000000000000000e+00
2.366408660309003764e+01,0.000000000000000000e+00
2.385110554567587116e+01,0.000000000000000000e+00
2.070151657521654442e+01,0.000000000000000000e+00
1.863011340833945439e+01,0.000000000000000000e+00
2.120395443323184281e+01,0.000000000000000000e+00
2.362710129599946995e+01,0.000000000000000000e+00
2.603558954630701550e+01,0.000000000000000000e+00
1.844259977163869735e+01,0.000000000000000000e+00
2.111556638501666683e+01,0.000000000000000000e+00
2.050218851905311013e+01,0.000000000000000000e+00
2.138116908926268778e+01,0.000000000000000000e+00
2.451492136342121952e+01,0.000000000000000000e+00
2.463438757719731953e+01,0.000000000000000000e+00
1.991242115723697026e+01,0.000000000000000000e+00
2.203882852936174075e+01,0.000000000000000000e+00
2.252964734847653716e+01,0.000000000000000000e+00
2.073036493718239726e+01,0.000000000000000000e+00
2.314409240000404466e+01,0.000000000000000000e+00
2.106176752375085215e+01,0.000000000000000000e+00
2.524345799869657014e+01,0.000000000000000000e+00
1.757470803350489774e+01,0.000000000000000000e+00
2.409109802266039324e+01,0.000000000000000000e+00
2.204917356339433709e+01,0.000000000000000000e+00
2.312401326799637857e+01,0.000000000000000000e+00
2.268176672575355468e+01,0.000000000000000000e+00
2.337400396060593266e+01,0.000000000000000000e+00
2.369875424138277609e+01,0.000000000000000000e+00
2.355364327256560486e+01,0.000000000000000000e+00
2.318512000678597573e+01,0.000000000000000000e+00
2.327848992632529956e+01,0.000000000000000000e+00
2.137226505695469925e+01,0.000000000000000000e+00
2.071834737395522197e+01,0.000000000000000000e+00
1.868251534803702185e+01,0.000000000000000000e+00
1.921683206928338450e+01,0.000000000000000000e+00
2.394414805425586934e+01,0.000000000000000000e+00
2.258763009070487726e+01,0.000000000000000000e+00
2.547353751641183450e+01,0.000000000000000000e+00
2.076091870292741959e+01,0.000000000000000000e+00
1.805656748016159341e+01,0.000000000000000000e+00
2.106207188679482556e+01,0.000000000000000000e+00
2.303986928388578903e+01,0.000000000000000000e+00
2.775708643267608977e+01,0.000000000000000000e+00
2.376322218193195468e+01,0.000000000000000000e+00
2.332600794034233260e+01,0.000000000000000000e+00
2.399951063239991100e+01,0.000000000000000000e+00
2.013546153972570352e+01,0.000000000000000000e+00
2.200156212573886094e+01,0.000000000000000000e+00
2.383796238225658826e+01,0.000000000000000000e+00
2.554056337024643852e+01,0.000000000000000000e+00
2.758558912178796163e+01,0.000000000000000000e+00
2.267733362026170596e+01,0.000000000000000000e+00
2.656435065491085723e+01,0.000000000000000000e+00
2.632230187638336716e+01,0.000000000000000000e+00
2.364526391138869243e+01,0.000000000000000000e+00
2.470173893313650026e+01,0.000000000000000000e+00
2.298448456888797864e+01,0.000000000000000000e+00
2.376977219458053625e+01,0.000000000000000000e+00
2.035865722294701641e+01,0.000000000000000000e+00
2.308480770169808949e+01,0.000000000000000000e+00
2.259966614804361384e+01,0.000000000000000000e+00
2.409010404111876369e+01,0.000000000000000000e+00
2.853296017454852063e+01,0.000000000000000000e+00
2.127473761966382071e+01,0.000000000000000000e+00
2.527994925893382572e+01,0.000000000000000000e+00
2.459073405172481586e+01,0.000000000000000000e+00
2.140455339425803771e+01,0.000000000000000000e+00
2.510921095722365592e+01,0.000000000000000000e+00
2.600929961018813330e+01,0.000000000000000000e+00
2.446952697441020774e+01,0.000000000000000000e+00
2.394011973681848460e+01,0.000000000000000000e+00
2.917634327032523345e+01,0.000000000000000000e+00
2.463078111064821130e+01,0.000000000000000000e+00
2.532709240246167681e+01,0.000000000000000000e+00
2.194442946582682907e+01,0.000000000000000000e+00
2.330473929426339197e+01,0.000000000000000000e+00
2.216191543209893666e+01,0.000000000000000000e+00
2.360585766167996624e+01,0.000000000000000000e+00
2.516532041052477098e+01,0.000000000000000000e+00
2.660893128383186124e+01,0.000000000000000000e+00
2.698145734179479760e+01,0.000000000000000000e+00
2.458297261138362444e+01,0.000000000000000000e+00
2.357674558288779920e+01,0.000000000000000000e+00
2.241899449077205730e+01,0.000000000000000000e+00
2.218047822688151882e+01,0.000000000000000000e+00
2.223458846959508861e+01,0.000000000000000000e+00
2.343013360825477776e+01,0.000000000000000000e+00
2.597376414835409619e+01,0.000000000000000000e+00
2.654670627118484560e+01,0.000000000000000000e+00
2.338419702137918676e+01,0.000000000000000000e+00
2.253770065976193493e+01,0.000000000000000000e+00
2.480693977011143758e+01,0.000000000000000000e+00
2.249262854861176208e+01,0.000000000000000000e+00
2.409239930358516091e+01,0.000000000000000000e+00
2.516978748497189144e+01,0.000000000000000000e+00
2.021026750091547797e+01,0.000000000000000000e+00
2.430298259433850205e+01,0.000000000000000000e+00
2.012596362921843607e+01,0.000000000000000000e+00
2.591316103012153604e+01,0.000000000000000000e+00
2.295133972926717547e+01,0.000000000000000000e+00
2.504013255388392878e+01,0.000000000000000000e+00
2.542180038484600857e+01,0.000000000000000000e+00
2.383549806722764330e+01,0.000000000000000000e+00
2.415453076167153057e+01,0.000000000000000000e+00
2.622126595125850201e+01,0.000000000000000000e+00
2.554826801677414849e+01,0.000000000000000000e+00
2.741156127086521010e+01,0.000000000000000000e+00
2.702871406345205330e+01,0.000000000000000000e+00
2.766600115964428142e+01,0.000000000000000000e+00
2.575010882322344230e+01,0.000000000000000000e+00
2.658348816676854298e+01,0.000000000000000000e+00
2.600157287786201366e+01,0.000000000000000000e+00
2.668754389517428294e+01,0.000000000000000000e+00
2.610656742612631476e+01,0.000000000000000000e+00
2.455005998030361525e+01,0.000000000000000000e+00
2.510137367515692830e+01,0.000000000000000000e+00
2.542098179264374380e+01,0.000000000000000000e+00
2.668669508520990163e+01,0.000000000000000000e+00
2.380715123053767002e+01,0.000000000000000000e+00
2.716424084538096650e+01,0.000000000000000000e+00
2.319468931376637144e+01,0.000000000000000000e+00
2.753803251389539142e+01,0.000000000000000000e+00
2.301416624899423269e+01,0.000000000000000000e+00
2.709989512162238867e+01,0.000000000000000000e+00
2.462617691169180389e+01,0.000000000000000000e+00
2.755852738827017845e+01,0.000000000000000000e+00
2.416845632522573695e+01,0.000000000000000000e+00
2.216793969929143771e+01,0.000000000000000000e+00
2.766029506432626306e+01,0.000000000000000000e+00
2.392580269829993256e+01,0.000000000000000000e+00
2.474106824906784752e+01,0.000000000000000000e+00
2.599928961937243344e+01,0.000000000000000000e+00
2.821951114478832778e+01,0.000000000000000000e+00
2.876031048074870711e+01,0.000000000000000000e+00
2.588298687566109635e+01,0.000000000000000000e+00
2.708406936365321371e+01,0.000000000000000000e+00
2.683400348895616716e+01,0.000000000000000000e+00
3.032246034328728967e+01,0.000000000000000000e+00
2.791912277093180350e+01,0.000000000000000000e+00
2.756699369745145489e+01,0.000000000000000000e+00
2.874309639730574162e+01,0.000000000000000000e+00
2.817768711988802366e+01,0.000000000000000000e+00
2.936680625658031119e+01,0.000000000000000000e+00
3.039764284514824055e+01,0.000000000000000000e+00
3.015301315948426364e+01,0.000000000000000000e+00
2.688928572057412225e+01,0.000000000000000000e+00
2.597383894359932199e+01,0.000000000000000000e+00
2.769264180104137907e+01,0.000000000000000000e+00
2.736808046564182106e+01,0.000000000000000000e+00
2.971627334638351314e+01,0.000000000000000000e+00
2.782416084844441428e+01,0.000000000000000000e+00
2.707479801937157049e+01,0.000000000000000000e+00
2.586989351971454099e+01,0.000000000000000000e+00
3.139821223118386229e+01,0.000000000000000000e+00
2.728997340438974462e+01,0.000000000000000000e+00
2.331847372428235943e+01,0.000000000000000000e+00
2.963504756827463282e+01,0.000000000000000000e+00
3.041871476931528306e+01,0.000000000000000000e+00
3.015248984121328135e+01,0.000000000000000000e+00
2.838119590005631920e+01,0.000000000000000000e+00
2.660639389976852698e+01,0.000000000000000000e+00
2.794147806273363344e+01,0.000000000000000000e+00
2.801949506855459049e+01,0.000000000000000000e+00
2.784108915831669151e+01,0.000000000000000000e+00
2.909524593302380779e+01,0.000000000000000000e+00
3.091137697739410228e+01,0.000000000000000000e+00
2.866535230104721776e+01,0.000000000000000000e+00
3.020853422407568800e+01,0.000000000000000000e+00
3.146579321539503127e+01,0.000000000000000000e+00
3.072091802387744863e+01,0.000000000000000000e+00
2.875913606608975570e+01,0.000000000000000000e+00
2.924299452426520318e+01,0.000000000000000000e+00
2.716274253823054607e+01,0.000000000000000000e+00
3.270448320697006039e+01,0.000000000000000000e+00
2.880203728859588352e+01,0.000000000000000000e+00
3.078025349956291024e+01,0.000000000000000000e+00
3.164337517993517679e+01,0.000000000000000000e+00
3.074688242892085555e+01,0.000000000000000000e+00
3.439221494428731773e+01,0.000000000000000000e+00
3.128619488167132445e+01,0.000000000000000000e+00
2.944787375913035277e+01,0.000000000000000000e+00
2.785439770224193978e+01,0.000000000000000000e+00
3.231756771763554781e+01,0.000000000000000000e+00
2.990780717091434227e+01,0.000000000000000000e+00
3.200506606044541513e+01,0.000000000000000000e+00
2.719772413562715485e+01,0.000000000000000000e+00
3.088885067166375364e+01,0.000000000000000000e+00
3.027222416590282350e+01,0.000000000000000000e+00
2.664757694652924869e+01,0.000000000000000000e+00
2.994413124900973955e+01,0.000000000000000000e+00
2.855059806840900194e+01,0.000000000000000000e+00
2.864905640087415861e+01,0.000000000000000000e+00
2.785590518094652523e+01,0.000000000000000000e+00
3.090112511586849919e+01,0.000000000000000000e+00
2.708283859509765534e+01,0.000000000000000000e+00
3.006649470430003745e+01,0.000000000000000000e+00
2.981121205054910206e+01,0.000000000000000000e+00
3.180615276216219911e+01,0.000000000000000000e+00
2.734449175263029019e+01,0.000000000000000000e+00
3.061202602766341130e+01,0.000000000000000000e+00
2.903775337087914110e+01,0.000000000000000000e+00
2.947673977215644214e+01,0.000000000000000000e+00
2.993996551841164333e+01,0.000000000000000000e+00
3.198281297106011323e+01,0.000000000000000000e+00
2.995259476346277339e+01,0.000000000000000000e+00
2.954707930710607755e+01,0.000000000000000000e+00
3.286028286651650632e+01,0.000000000000000000e+00
3.252799511313652658e+01,0.000000000000000000e+00
2.929963618233752953e+01,0.000000000000000000e+00
3.140004452302708415e+01,0.000000000000000000e+00
3.054157841450231814e+01,0.000000000000000000e+00
3.171817162679818125e+01,0.000000000000000000e+00
3.044757961622775966e+01,0.000000000000000000e+00
3.367910221705994900e+01,0.000000000000000000e+00
3.316111224962070025e+01,0.000000000000000000e+00
3.600982697127160748e+01,0.000000000000000000e+00
2.759495801207616950e+01,0.000000000000000000e+00
2.941580842485533154e+01,0.000000000000000000e+00
2.959763630247954325e+01,0.000000000000000000e+00
3.307411907377250770e+01,0.000000000000000000e+00
3.442923323859044160e+01,0.000000000000000000e+00
3.169372089372349777e+01,0.000000000000000000e+00
3.020433288971487329e+01,0.000000000000000000e+00
3.259648005179111863e+01,0.000000000000000000e+00
3.297393174037893004e+01,0.000000000000000000e+00
3.213640465056137430e+01,0.000000000000000000e+00
3.398619735015266485e+01,0.000000000000000000e+00
3.273575214224116081e+01,0.000000000000000000e+00
2.903038922244832420e+01,0.000000000000000000e+00
3.070435725498397872e+01,0.000000000000000000e+00
3.100112443696334807e+01,0.000000000000000000e+00
3.231944688889565498e+01,0.000000000000000000e+00
2.983728747832354600e+01,0.000000000000000000e+00
3.334975640585013679e+01,0.000000000000000000e+00
2.939457456401780533e+01,0.000000000000000000e+00
3.750036886793439805e+01,0.000000000000000000e+00
3.146383919131945106e+01,0.000000000000000000e+00
3.253985660408131508e+01,0.000000000000000000e+00
3.421331054229936086e+01,0.000000000000000000e+00
3.338220709973365530e+01,0.000000000000000000e+00
3.469105827986496138e+01,0.000000000000000000e+00
3.607093454027370427e+01,0.000000000000000000e+00
3.509246164699555948e+01,0.000000000000000000e+00
3.371616755828184608e+01,0.000000000000000000e+00
3.454824417488185162e+01,0.000000000000000000e+00
3.430223579414395374e+01,0.000000000000000000e+00
3.709904074002142949e+01,0.000000000000000000e+00
3.116786800125989032e+01,0.000000000000000000e+00
3.479209050049907148e+01,0.000000000000000000e+00
3.147436976561091626e+01,0.000000000000000000e+00
3.260259352759928220e+01,0.000000000000000000e+00
3.524179796678848930e+01,0.000000000000000000e+00
3.739885538405645349e+01,0.000000000000000000e+00
3.400909864064865218e+01,0.000000000000000000e+00
3.294847205769854526e+01,0.000000000000000000e+00
3.182047628697143438e+01,0.000000000000000000e+00
3.179696887234573666e+01,0.000000000000000000e+00
3.420259159436743346e+01,0.000000000000000000e+00
3.750418387100636153e+01,0.000000000000000000e+00
3.370547190888574818e+01,0.000000000000000000e+00
3.796739203237550697e+01,0.000000000000000000e+00
3.389109848737459174e+01,0.000000000000000000e+00
3.617185085571250625e+01,0.000000000000000000e+00
3.396275638597680313e+01,0.000000000000000000e+00
3.528220024636183894e+01,0.000000000000000000e+00
3.733898135312455935e+01,0.000000000000000000e+00
3.505992692608595718e+01,0.000000000000000000e+00
3.430227066345729980e+01,0.000000000000000000e+00
3.706079727495437481e+01,0.000000000000000000e+00
3.550746896958263932e+01,0.000000000000000000e+00
3.394282491869028462e+01,0.000000000000000000e+00
3.747993752007657520e+01,0.000000000000000000e+00
3.513143434903462747e+01,0.000000000000000000e+00
3.590441573017096744e+01,0.000000000000000000e+00
3.722736428232715156e+01,0.000000000000000000e+00
3.472099644926947093e+01,0.000000000000000000e+00
3.585792192671197398e+01,0.000000000000000000e+00
3.810892105958180309e+01,0.000000000000000000e+00
3.678001222699489148e+01,0.000000000000000000e+00
3.550316624302694635e+01,0.000000000000000000e+00
3.363162113203225090e+01,0.000000000000000000e+00
3.813108970789757990e+01,0.000000000000000000e+00
3.664525714306311244e+01,0.000000000000000000e+00
3.237142030223639466e+01,0.000000000000000000e+00
3.747502917587409144e+01,0.000000000000000000e+00
3.744826707421029255e+01,0.000000000000000000e+00
4.075364824236238093e+01,0.000000000000000000e+00
3.661776171946382874e+01,0.000000000000000000e+00
3.915834905414201472e+01,0.000000000000000000e+00
3.807786542242863703e+01,0.000000000000000000e+00
3.856907253628959609e+01,0.000000000000000000e+00
3.835412875966404300e+01,0.000000000000000000e+00
4.032015542711193490e+01,0.000000000000000000e+00
3.978765721698928104e+01,0.000000000000000000e+00
3.814715093466124074e+01,0.000000000000000000e+00
3.935091842744279234e+01,0.000000000000000000e+00
3.702056405260252347e+01,0.000000000000000000e+00
3.626921201352934787e+01,0.000000000000000000e+00
3.692823027132392610e+01,0.000000000000000000e+00
3.735387023815493279e+01,0.000000000000000000e+00
4.026010680663749497e+01,0.000000000000000000e+00
3.905620111399254313e+01,0.000000000000000000e+00
3.957301043976698196e+01,0.000000000000000000e+00
3.623669021809538293e+01,0.000000000000000000e+00
3.935505732817085089e+01,0.000000000000000000e+00
3.950379843224264675e+01,0.000000000000000000e+00
3.749506597097784777e+01,0.000000000000000000e+00
3.894422278869842557e+01,0.000000000000000000e+00
4.117014812059843365e+01,0.000000000000000000e+00
3.893296748525884965e+01,0.000000000000000000e+00
4.116363398468214996e+01,0.000000000000000000e+00
3.596600677084931164e+01,0.000000000000000000e+00
3.658926436069744170e+01,0.000000000000000000e+00
3.807865169667020666e+01,0.000000000000000000e+00
3.829798170549968717e+01,0.000000000000000000e+00
3.648433540072051073e+01,0.000000000000000000e+00
3.910336570144845325e+01,0.000000000000000000e+00
4.074322465950596950e+01,0.000000000000000000e+00
3.747024666540449545e+01,0.000000000000000000e+00
3.709135142592609924e+01,0.000000000000000000e+00
3.810420242449848161e+01,0.000000000000000000e+00
4.197248359413048036e+01,0.000000000000000000e+00
3.694004029307887293e+01,0.000000000000000000e+00
3.996052183447920214e+01,0.000000000000000000e+00
3.600388697004107996e+01,0.000000000000000000e+00
4.242318422222495400e+01,0.000000000000000000e+00
3.844666668705472290e+01,0.000000000000000000e+00
4.066201818352664787e+01,0.000000000000000000e+00
3.875573677578606180e+01,0.000000000000000000e+00
3.795685230590556358e+01,0.000000000000000000e+00
3.992462119875764159e+01,0.000000000000000000e+00
4.181623280404303244e+01,0.000000000000000000e+00
4.059098836541015487e+01,0.000000000000000000e+00
4.158616596678067623e+01,0.000000000000000000e+00
4.237215250837475367e+01,0.000000000000000000e+00
3.955948324722992027e+01,0.000000000000000000e+00
3.944070748732222853e+01,0.000000000000000000e+00
3.868336024562363207e+01,0.000000000000000000e+00
3.622745633117967401e+01,0.000000000000000000e+00
3.675086028611965361e+01,0.000000000000000000e+00
4.154543235340330654e+01,0.000000000000000000e+00
4.458963916290468887e+01,0.000000000000000000e+00
4.262161543587862411e+01,0.000000000000000000e+00
4.654242479010996902e+01,0.000000000000000000e+00
4.046282921302767477e+01,0.000000000000000000e+00
4.019289486618453822e+01,0.000000000000000000e+00
4.359815789635503336e+01,0.000000000000000000e+00
4.133926571135855710e+01,0.000000000000000000e+00
3.961422909495635736e+01,0.000000000000000000e+00
3.887954261832656044e+01,0.000000000000000000e+00
4.213793849601348995e+01,0.000000000000000000e+00
4.191910718653667800e+01,0.000000000000000000e+00
4.051545524658604336e+01,0.000000000000000000e+00
4.353307117477658750e+01,0.000000000000000000e+00
4.212194930516948688e+01,0.000000000000000000e+00
4.371298604035944635e+01,0.000000000000000000e+00
4.331753259573642367e+01,0.000000000000000000e+00
4.380123448836654632e+01,0.000000000000000000e+00
4.301385503998019288e+01,0.000000000000000000e+00
4.281707248005348987e+01,0.000000000000000000e+00
4.474126328432781463e+01,0.000000000000000000e+00
4.140840823544537130e+01,0.000000000000000000e+00
4.248627965390100059e+01,0.000000000000000000e+00
4.298549789027200774e+01,0.000000000000000000e+00
4.477127674138344560e+01,0.000000000000000000e+00
4.456467218780566242e+01,0.000000000000000000e+00
4.318339654338902278e+01,0.000000000000000000e+00
4.237582418606507417e+01,0.000000000000000000e+00
4.007231857618010906e+01,0.000000000000000000e+00
4.234567684721797320e+01,0.000000000000000000e+00
4.423176272645832086e+01,0.000000000000000000e+00
4.230711978023114028e+01,0.000000000000000000e+00
4.349603374208535200e+01,0.000000000000000000e+00
4.496143644071212719e+01,0.000000000000000000e+00
4.069088176305107396e+01,0.000000000000000000e+00
4.252904383918878040e+01,0.000000000000000000e+00
3.906685394982893200e+01,0.000000000000000000e+00
4.020666523724170816e+01,0.000000000000000000e+00
4.171650039783375519e+01,0.000000000000000000e+00
4.112287677412668785e+01,0.000000000000000000e+00
4.462152718238463933e+01,0.000000000000000000e+00
4.430016234959120425e+01,0.000000000000000000e+00
4.243297272116677732e+01,0.000000000000000000e+00
4.615004690335515392e+01,0.000000000000000000e+00
4.541268299684785603e+01,0.000000000000000000e+00
4.046727007512917851e+01,0.000000000000000000e+00
4.325856267681468381e+01,0.000000000000000000e+00
4.415343295859927508e+01,0.000000000000000000e+00
4.327084451521094621e+01,0.000000000000000000e+00
4.850318027522344977e+01,0.000000000000000000e+00
4.514828825647263244e+01,0.000000000000000000e+00
4.285869935520040030e+01,0.000000000000000000e+00
4.553475144403664387e+01,0.000000000000000000e+00
4.396485874503247260e+01,0.000000000000000000e+00
4.327897119907644452e+01,0.000000000000000000e+00
4.349959142053314309e+01,0.000000000000000000e+00
4.612100095576143843e+01,0.000000000000000000e+00
4.575460864890574442e+01,0.000000000000000000e+00
4.432845667718385840e+01,0.000000000000000000e+00
4.473006333424788039e+01,0.000000000000000000e+00
4.500763779086775429e+01,0.000000000000000000e+00
4.580523183309136925e+01,0.000000000000000000e+00
4.692322026664684387e+01,0.000000000000000000e+00
4.698336679352530609e+01,0.000000000000000000e+00
4.803469147845149934e+01,0.000000000000000000e+00
4.488184408119993662e+01,0.000000000000000000e+00
4.471495206358828511e+01,0.000000000000000000e+00
4.422261885702121020e+01,0.000000000000000000e+00
4.843647851999543263e+01,0.000000000000000000e+00
4.274315394084951691e+01,0.000000000000000000e+00
4.526951540543686292e+01,0.000000000000000000e+00
4.664709833321862931e+01,0.000000000000000000e+00
4.428442978191699808e+01,0.000000000000000000e+00
4.771728155953324091e+01,0.000000000000000000e+00
4.643283585370354416e+01,0.000000000000000000e+00
4.715344087240607962e+01,0.000000000000000000e+00
4.702443719877594219e+01,0.000000000000000000e+00
4.527922328512869399e+01,0.000000000000000000e+00
4.582290064902681337e+01,0.000000000000000000e+00
4.578809049610421766e+01,0.000000000000000000e+00
4.815149632528981982e+01,0.000000000000000000e+00
4.589878994360697106e+01,0.000000000000000000e+00
4.894368785390187782e+01,0.000000000000000000e+00
4.707852392773881434e+01,0.000000000000000000e+00
4.699520552507508597e+01,0.000000000000000000e+00
4.706564622985806068e+01,0.000000000000000000e+00
4.761954060175966674e+01,0.000000000000000000e+00
4.745050223088779973e+01,0.000000000000000000e+00
4.542928028670809937e+01,0.000000000000000000e+00
4.950399681946477415e+01,0.000000000000000000e+00
5.147156436327987450e+01,0.000000000000000000e+00
4.337067055929593096e+01,0.000000000000000000e+00
4.297605774261256784e+01,0.000000000000000000e+00
4.781766795518333169e+01,0.000000000000000000e+00
4.889156287163017112e+01,0.000000000000000000e+00
4.564994669021345430e+01,0.000000000000000000e+00
4.849327253187629339e+01,0.000000000000000000e+00
5.042899716027145729e+01,0.000000000000000000e+00
4.884475064078037576e+01,0.000000000000000000e+00
4.565039670636885205e+01,0.000000000000000000e+00
4.747289413613960107e+01,0.000000000000000000e+00
4.571677669086115259e+01,0.000000000000000000e+00
4.702019767814454099e+01,0.000000000000000000e+00
4.780574311855968972e+01,0.000000000000000000e+00
4.907559829993059708e+01,0.000000000000000000e+00
4.719709912882698433e+01,0.000000000000000000e+00
4.935113615546153198e+01,0.000000000000000000e+00
5.213096145036892892e+01,0.000000000000000000e+00
4.883016370127426597e+01,0.000000000000000000e+00
5.248858639541764148e+01,0.000000000000000000e+00
4.872271544374749652e+01,0.000000000000000000e+00
4.938658649148143809e+01,0.000000000000000000e+00
4.743142676364803378e+01,0.000000000000000000e+00
4.791033605985733601e+01,0.000000000000000000e+00
4.953602119277942961e+01,0.000000000000000000e+00
5.305959375118759169e+01,0.000000000000000000e+00
5.025143851519729310e+01,0.000000000000000000e+00
5.038741922729756340e+01,0.000000000000000000e+00
5.396580156804161277e+01,0.000000000000000000e+00
5.005741283843330081e+01,0.000000000000000000e+00
5.086765891996339661e+01,0.000000000000000000e+00
5.128309928534570616e+01,0.000000000000000000e+00
5.344477773178740421e+01,0.000000000000000000e+00
4.793864428345830930e+01,0.000000000000000000e+00
5.241053352972402735e+01,0.000000000000000000e+00
5.157838554134656306e+01,0.000000000000000000e+00
5.280040874682926244e+01,0.000000000000000000e+00
5.243932298092285293e+01,0.000000000000000000e+00
5.092528283595733996e+01,0.000000000000000000e+00
5.397696110278340598e+01,0.000000000000000000e+00
4.941538643589823465e+01,0.000000000000000000e+00
5.044556584051913717e+01,0.000000000000000000e+00
5.151117331716953629e+01,0.000000000000000000e+00
4.908298015328164610e+01,0.000000000000000000e+00
5.218805276689969475e+01,0.000000000000000000e+00
5.246603945124242330e+01,0.000000000000000000e+00
5.026297438860775202e+01,0.000000000000000000e+00
4.950275730068585744e+01,0.000000000000000000e+00
5.499399838805852880e+01,0.000000000000000000e+00
4.860317753707113297e+01,0.000000000000000000e+00
5.474837712056901751e+01,0.000000000000000000e+00
5.447842553208220551e+01,0.000000000000000000e+00
5.129783176837487702e+01,0.000000000000000000e+00
5.250035512798677217e+01,0.000000000000000000e+00
4.939325772267994807e+01,0.000000000000000000e+00
4.942027881100074893e+01,0.000000000000000000e+00
5.236679356662783391e+01,0.000000000000000000e+00
5.047164266101904673e+01,0.000000000000000000e+00
5.195589965610863459e+01,0.000000000000000000e+00
5.364451375804470956e+01,0.000000000000000000e+00
5.624182357431974566e+01,0.000000000000000000e+00
5.237737171554869064e+01,0.000000000000000000e+00
5.185429732067021291e+01,0.000000000000000000e+00
5.452164710983348783e+01,0.000000000000000000e+00
5.460855686523666463e+01,0.000000000000000000e+00
5.232032848861449281e+01,0.000000000000000000e+00
5.604946176002167846e+01,0.000000000000000000e+00
5.648712504140714685e+01,0.000000000000000000e+00
5.684547522328507796e+01,0.000000000000000000e+00
5.906520009645259961e+01,0.000000000000000000e+00
5.366762837099439309e+01,0.000000000000000000e+00
5.544675760137957354e+01,0.000000000000000000e+00
5.295722151191636584e+01,0.000000000000000000e+00
5.584541904012355218e+01,0.000000000000000000e+00
5.442648207261985505e+01,0.000000000000000000e+00
5.217924688023800428e+01,0.000000000000000000e+00
5.329902960183975580e+01,0.000000000000000000e+00
5.223069572262502902e+01,0.000000000000000000e+00
5.506284307375718612e+01,0.000000000000000000e+00
5.406081941492783471e+01,0.000000000000000000e+00
5.647120167465494944e+01,0.000000000000000000e+00
5.420064243578157459e+01,0.000000000000000000e+00
5.325764357449011754e+01,0.000000000000000000e+00
5.309598131297916979e+01,0.000000000000000000e+00
5.346373154391815063e+01,0.000000000000000000e+00
5.749136278011417289e+01,0.000000000000000000e+00
5.583876138403181955e+01,0.000000000000000000e+00
5.397226110082078065e+01,0.000000000000000000e+00
5.690416109399734523e+01,0.000000000000000000e+00
5.514892569620947427e+01,0.000000000000000000e+00
5.605331283267489084e+01,0.000000000000000000e+00
5.725199995500521055e+01,0.000000000000000000e+00
5.921000570385594131e+01,0.000000000000000000e+00
5.874221166110369552e+01,0.000000000000000000e+00
5.722742884195205448e+01,0.000000000000000000e+00
5.964797644110685582e+01,0.000000000000000000e+00
5.485722847799299728e+01,0.000000000000000000e+00
5.516835494907461879e+01,0.000000000000000000e+00
5.260097575361637467e+01,0.000000000000000000e+00
5.691410360408258384e+01,0.000000000000000000e+00
5.605235671919745499e+01,0.000000000000000000e+00
5.143548347620249217e+01,0.000000000000000000e+00
5.537916299796710717e+01,0.000000000000000000e+00
5.439001694932665742e+01,0.000000000000000000e+00
5.580733715106173776e+01,0.000000000000000000e+00
5.825624184889925772e+01,0.000000000000000000e+00
5.284040452248588338e+01,0.000000000000000000e+00
5.560133273345043392e+01,0.000000000000000000e+00
5.738833411297019893e+01,0.000000000000000000e+00
5.396775131848508522e+01,0.000000000000000000e+00
5.680621165347965729e+01,0.000000000000000000e+00
5.828653154058228836e+01,0.000000000000000000e+00
6.059975620893556680e+01,0.000000000000000000e+00
5.748390177469237727e+01,0.000000000000000000e+00
5.588594229259960855e+01,0.000000000000000000e+00
5.634401901872456619e+01,0.000000000000000000e+00
6.135245354978609100e+01,0.000000000000000000e+00
5.599229275957934959e+01,0.000000000000000000e+00
5.966714062140106023e+01,0.000000000000000000e+00
6.046883088381235893e+01,0.000000000000000000e+00
5.964103590466425686e+01,0.000000000000000000e+00
5.492528131634677635e+01,0.000000000000000000e+00
5.683445202843515176e+01,0.000000000000000000e+00
5.859880137383332510e+01,0.000000000000000000e+00
5.439047298123517038e+01,0.000000000000000000e+00
6.199675270149990070e+01,0.000000000000000000e+00
5.329630983490476837e+01,0.000000000000000000e+00
5.842612204899501904e+01,0.000000000000000000e+00
6.224234549110222758e+01,0.000000000000000000e+00
5.850800082633949728e+01,0.000000000000000000e+00
5.952864214221646932e+01,0.000000000000000000e+00
6.265892343421729294e+01,0.000000000000000000e+00
5.919831512070172863e+01,0.000000000000000000e+00
5.999156906354501473e+01,0.000000000000000000e+00
5.671593445459621563e+01,0.000000000000000000e+00
5.997411839606817807e+01,0.000000000000000000e+00
6.345063314161392043e+01,0.000000000000000000e+00
5.788901469430987135e+01,0.000000000000000000e+00
5.820233547305527111e+01,0.000000000000000000e+00
5.810206943498121746e+01,0.000000000000000000e+00
6.221183529867079187e+01,0.000000000000000000e+00
5.917762405079145793e+01,0.000000000000000000e+00
6.327871776093698486e+01,0.000000000000000000e+00
6.057886441613165829e+01,0.000000000000000000e+00
6.009726199610359743e+01,0.000000000000000000e+00
6.118482475459875047e+01,0.000000000000000000e+00
5.925021423866171943e+01,0.000000000000000000e+00
6.323291619887986315e+01,0.000000000000000000e+00
5.827507238604686535e+01,0.000000000000000000e+00
6.117654134589213299e+01,0.000000000000000000e+00
6.077397596613855058e+01,0.000000000000000000e+00
6.108459639425525722e+01,0.000000000000000000e+00
6.019503884348589651e+01,0.000000000000000000e+00
6.169235501175597136e+01,0.000000000000000000e+00
6.301539986247645686e+01,0.000000000000000000e+00
6.190043705528891849e+01,0.000000000000000000e+00
5.949871864695906964e+01,0.000000000000000000e+00
5.930091783072803224e+01,0.000000000000000000e+00
6.384368353404536123e+01,0.000000000000000000e+00
6.087879839236939006e+01,0.000000000000000000e+00
6.162239455609685024e+01,0.000000000000000000e+00
5.842949853076006406e+01,0.000000000000000000e+00
6.213250793483488366e+01,0.000000000000000000e+00
6.170341106838039735e+01,0.000000000000000000e+00
5.931378830423777515e+01,0.000000000000000000e+00
6.431233360958509593e+01,0.000000000000000000e+00
5.926123455821023356e+01,0.000000000000000000e+00
6.320606961259612433e+01,0.000000000000000000e+00
5.959448643081587704e+01,0.000000000000000000e+00
6.166584368678839922e+01,0.000000000000000000e+00
6.136396319451063164e+01,0.000000000000000000e+00
6.213027599074466423e+01,0.000000000000000000e+00
6.249827819365986414e+01,0.000000000000000000e+00
6.217137157057985775e+01,0.000000000000000000e+00
6.085283869025742121e+01,0.000000000000000000e+00
6.064658011331549403e+01,0.000000000000000000e+00
6.207759985152437565e+01,0.000000000000000000e+00
6.365801094395955317e+01,0.000000000000000000e+00
6.187676040852231552e+01,0.000000000000000000e+00
6.361476763789215738e+01,0.000000000000000000e+00
6.390523193189473972e+01,0.000000000000000000e+00
6.211987196627136143e+01,0.000000000000000000e+00
6.454351088041568119e+01,0.000000000000000000e+00
6.026507440838228291e+01,0.000000000000000000e+00
6.201751625667945689e+01,0.000000000000000000e+00
6.366578557172894648e+01,0.000000000000000000e+00
6.201138993815100520e+01,0.000000000000000000e+00
6.213249292061175311e+01,0.000000000000000000e+00
5.919307261670396514e+01,0.000000000000000000e+00
6.576762257566065273e+01,0.000000000000000000e+00
6.112038098822964116e+01,0.000000000000000000e+00
6.269956573785916731e+01,0.000000000000000000e+00
6.206448579185617831e+01,0.000000000000000000e+00
6.815348192967903174e+01,0.000000000000000000e+00
6.198336945027820377e+01,0.000000000000000000e+00
6.690242606428995487e+01,0.000000000000000000e+00
6.392883719519610963e+01,0.000000000000000000e+00
6.238080541240836396e+01,0.000000000000000000e+00
6.257448672088961672e+01,0.000000000000000000e+00
6.662149353840099764e+01,0.000000000000000000e+00
6.176343086461112364e+01,0.000000000000000000e+00
6.474753747581446817e+01,0.000000000000000000e+00
6.344580089391710942e+01,0.000000000000000000e+00
6.637615768862039545e+01,0.000000000000000000e+00
6.478078355136617006e+01,0.000000000000000000e+00
6.236462311950732129e+01,0.000000000000000000e+00
6.271964296587651688e+01,0.000000000000000000e+00
6.547469676404125494e+01,0.000000000000000000e+00
6.501813756675919365e+01,0.000000000000000000e+00
6.550858328114556173e+01,0.000000000000000000e+00
6.486406975402462649e+01,0.000000000000000000e+00
6.384360771919693178e+01,0.000000000000000000e+00
6.235511750262432429e+01,0.000000000000000000e+00
6.374715152558084696e+01,0.000000000000000000e+00
6.796286709544946802e+01,0.000000000000000000e+00
6.245857239598374377e+01,0.000000000000000000e+00
6.314784801724746188e+01,0.000000000000000000e+00
6.867249009535987625e+01,0.000000000000000000e+00
6.321110986970965229e+01,0.000000000000000000e+00
6.495105431441284338e+01,0.000000000000000000e+00
6.286654498517904699e+01,0.000000000000000000e+00
6.300182601109929692e+01,0.000000000000000000e+00
6.685529158598561139e+01,0.000000000000000000e+00
6.790756711103038867e+01,0.000000000000000000e+00
6.433621958823808029e+01,0.000000000000000000e+00
6.349821154462419770e+01,0.000000000000000000e+00
6.734984216821713687e+01,0.000000000000000000e+00
6.729574259033731209e+01,0.000000000000000000e+00
6.647749194605270873e+01,0.000000000000000000e+00
6.493203979339243404e+01,0.000000000000000000e+00
6.459842266304512748e+01,0.000000000000000000e+00
6.912097397957168710e+01,0.000000000000000000e+00
6.595457290866248456e+01,0.000000000000000000e+00
6.538300498575159736e+01,0.000000000000000000e+00
6.819565513232203102e+01,0.000000000000000000e+00
6.278920371281259349e+01,0.000000000000000000e+00
6.514786208599261386e+01,0.000000000000000000e+00
6.815908114529767658e+01,0.000000000000000000e+00
6.757097271870367194e+01,0.000000000000000000e+00
6.857598940022181466e+01,0.000000000000000000e+00
6.518715421035395252e+01,0.000000000000000000e+00
7.173726437127817235e+01,0.000000000000000000e+00
6.311093676799754348e+01,0.000000000000000000e+00
6.706153847372881671e+01,0.000000000000000000e+00
6.836926038203691292e+01,0.000000000000000000e+00
6.329444057725974204e+01,0.000000000000000000e+00
6.514513179940914256e+01,0.000000000000000000e+00
6.685079641042389653e+01,0.000000000000000000e+00
6.374501809239461636e+01,0.000000000000000000e+00
6.454026446014266583e+01,0.000000000000000000e+00
6.860840963937413051e+01,0.000000000000000000e+00
6.816034831502547320e+01,0.000000000000000000e+00
6.955214610954750754e+01,0.000000000000000000e+00
7.146217884735730763e+01,0.000000000000000000e+00
6.728051695297769186e+01,0.000000000000000000e+00
6.752548980634246334e+01,0.000000000000000000e+00
6.943485697240389243e+01,0.000000000000000000e+00
6.647087666400921080e+01,0.000000000000000000e+00
6.910969833622132796e+01,0.000000000000000000e+00
7.082991975345247226e+01,0.000000000000000000e+00
6.964261804298978120e+01,0.000000000000000000e+00
6.664364097293127998e+01,0.000000000000000000e+00
6.603858914750894371e+01,0.000000000000000000e+00
7.039328706397598978e+01,0.000000000000000000e+00
6.633972547477712567e+01,0.000000000000000000e+00
7.036740058963364675e+01,0.000000000000000000e+00
6.899762259265513364e+01,0.000000000000000000e+00
6.876246296897559773e+01,0.000000000000000000e+00
7.005735424266656253e+01,0.000000000000000000e+00
6.767854512211189899e+01,0.000000000000000000e+00
6.747056091258980359e+01,0.000000000000000000e+00
6.865007413523828461e+01,0.000000000000000000e+00
6.832684498245353666e+01,0.000000000000000000e+00
6.966185810209614715e+01,0.000000000000000000e+00
6.895231050012930041e+01,0.000000000000000000e+00
6.875331761016202847e+01,0.000000000000000000e+00
6.576059995446313167e+01,0.000000000000000000e+00
6.990489998186036757e+01,0.000000000000000000e+00
6.831780438326497062e+01,0.000000000000000000e+00
7.164082822511011273e+01,0.000000000000000000e+00
7.023770179281990522e+01,0.000000000000000000e+00
6.906128441273132523e+01,0.000000000000000000e+00
7.161690026829563749e+01,0.000000000000000000e+00
6.864657135526476850e+01,0.000000000000000000e+00
7.113579331476378798e+01,0.000000000000000000e+00
6.939424190146836224e+01,0.000000000000000000e+00
6.400573658917588205e+01,0.000000000000000000e+00
6.821767522057442079e+01,0.000000000000000000e+00
7.190974947122826677e+01,0.000000000000000000e+00
6.806138281360739484e+01,0.000000000000000000e+00
7.085377491831685859e+01,0.000000000000000000e+00
7.198104069978926134e+01,0.000000000000000000e+00
7.170286252940459804e+01,0.000000000000000000e+00
6.690745285722320546e+01,0.000000000000000000e+00
7.187983669520518504e+01,0.000000000000000000e+00
6.993066310208850211e+01,0.000000000000000000e+00
6.810398941071842671e+01,0.000000000000000000e+00
7.103585102900198933e+01,0.000000000000000000e+00
6.801976535055197814e+01,0.000000000000000000e+00
7.095348020549798207e+01,0.000000000000000000e+00
6.931707164263337972e+01,0.000000000000000000e+00
7.198925192980674126e+01,0.000000000000000000e+00
7.092823742481242277e+01,0.000000000000000000e+00
6.965572717128603131e+01,0.000000000000000000e+00
6.925401730970234837e+01,0.000000000000000000e+00
7.045245178114464579e+01,0.000000000000000000e+00
7.155152951085523227e+01,0.000000000000000000e+00
7.304418160590061859e+01,0.000000000000000000e+00
6.941558466647403236e+01,0.000000000000000000e+00
6.867416620305139929e+01,0.000000000000000000e+00
6.950949823207460554e+01,0.000000000000000000e+00
6.933806290651193649e+01,0.000000000000000000e+00
7.294067166672644476e+01,0.000000000000000000e+00
7.375657911766592179e+01,0.000000000000000000e+00
6.564330827811120628e+01,0.000000000000000000e+00
6.944787463570582986e+01,0.000000000000000000e+00
6.992684096367291602e+01,0.000000000000000000e+00
7.225163666830073339e+01,0.000000000000000000e+00
7.013165853569154251e+01,0.000000000000000000e+00
7.376799041016943193e+01,0.000000000000000000e+00
6.716880842663911722e+01,0.000000000000000000e+00
7.207794819868186664e+01,0.000000000000000000e+00
7.429786214602165728e+01,0.000000000000000000e+00
7.394132412853822700e+01,0.000000000000000000e+00
7.374587134866541760e+01,0.000000000000000000e+00
6.983159223500615553e+01,0.000000000000000000e+00
7.112857454596637297e+01,0.000000000000000000e+00
7.235832606306310311e+01,0.000000000000000000e+00
7.289887617353373628e+01,0.000000000000000000e+00
7.348522569939638061e+01,0.000000000000000000e+00
7.223264247779101765e+01,0.000000000000000000e+00
7.341331204028034563e+01,0.000000000000000000e+00
7.154054774796554739e+01,0.000000000000000000e+00
6.874720072381380476e+01,0.000000000000000000e+00
6.793489347357011354e+01,0.000000000000000000e+00
7.152478555243185099e+01,0.000000000000000000e+00
7.282836200155810502e+01,0.000000000000000000e+00
7.313409973794952634e+01,0.000000000000000000e+00
7.482143516217787749e+01,0.000000000000000000e+00
7.389879392132192493e+01,0.000000000000000000e+00
7.338938075932087202e+01,0.000000000000000000e+00
7.236511263926450965e+01,0.000000000000000000e+00
7.212638825890300609e+01,0.000000000000000000e+00
6.972712239016588853e+01,0.000000000000000000e+00
7.464308153189908523e+01,0.000000000000000000e+00
7.131533202112207448e+01,0.000000000000000000e+00
7.120456206368267260e+01,0.000000000000000000e+00
6.975490481213127225e+01,0.000000000000000000e+00
6.972245255309188394e+01,0.000000000000000000e+00
7.257674153411247175e+01,0.000000000000000000e+00
7.338781898988509056e+01,0.000000000000000000e+00
7.227486561167880552e+01,0.000000000000000000e+00
7.446454335630039623e+01,0.000000000000000000e+00
7.077120195087645982e+01,0.000000000000000000e+00
7.695873871318049453e+01,0.000000000000000000e+00
6.990211700427747132e+01,0.000000000000000000e+00
7.373952913801434761e+01,0.000000000000000000e+00
7.300083767443076965e+01,0.000000000000000000e+00
7.429300113326299027e+01,0.000000000000000000e+00
7.227095491885266654e+01,0.000000000000000000e+00
7.406236946102980312e+01,0.000000000000000000e+00
7.437124081257297803e+01,0.000000000000000000e+00
7.534001436479594815e+01,0.000000000000000000e+00
7.486263601469535445e+01,0.000000000000000000e+00
6.963211848451925334e+01,0.000000000000000000e+00
7.697016975946985440e+01,0.000000000000000000e+00
7.369062633883831381e+01,0.000000000000000000e+00
7.403468217164079590e+01,0.000000000000000000e+00
7.258390606282742397e+01,0.000000000000000000e+00
7.694386102540549643e+01,0.000000000000000000e+00
7.189430703890535312e+01,0.000000000000000000e+00
7.678693202144978613e+01,0.000000000000000000e+00
7.216085023129943465e+01,0.000000000000000000e+00
7.674150650823145270e+01,0.000000000000000000e+00
7.638237898885162735e+01,0.000000000000000000e+00
7.661879893242029027e+01,0.000000000000000000e+00
7.739365114930990330e+01,0.000000000000000000e+00
6.979616003112023748e+01,0.000000000000000000e+00
7.521875160412169237e+01,0.000000000000000000e+00
7.430216732721845574e+01,0.000000000000000000e+00
7.735211177913073755e+01,0.000000000000000000e+00
7.599107905903318283e+01,0.000000000000000000e+00
7.556097848197651956e+01,0.000000000000000000e+00
7.379246693646395272e+01,0.000000000000000000e+00
7.811449012617772780e+01,0.000000000000000000e+00
7.895498128121521120e+01,0.000000000000000000e+00
7.527543889325021098e+01,0.000000000000000000e+00
7.871004721201457244e+01,0.000000000000000000e+00
7.781887947533280681e+01,0.000000000000000000e+00
7.509769024028216222e+01,0.000000000000000000e+00
7.909436936813897034e+01,0.000000000000000000e+00
7.362236977953433836e+01,0.000000000000000000e+00
7.516424766957230474e+01,0.000000000000000000e+00
7.318625910325940254e+01,0.000000000000000000e+00
7.597946517411367040e+01,0.000000000000000000e+00
7.792774305672377011e+01,0.000000000000000000e+00
7.483975145488473402e+01,0.000000000000000000e+00
7.892062372898453759e+01,0.000000000000000000e+00
7.511485131980515462e+01,0.000000000000000000e+00
7.420938399439666000e+01,0.000000000000000000e+00
7.678480628303067590e+01,0.000000000000000000e+00
7.439839427927887527e+01,0.000000000000000000e+00
7.485934261195971828e+01,0.000000000000000000e+00
7.919674532078819595e+01,0.000000000000000000e+00
7.447549000966249366e+01,0.000000000000000000e+00
7.739356775048213422e+01,0.000000000000000000e+00
7.703388314275473192e+01,0.000000000000000000e+00
7.833379812603158143e+01,0.000000000000000000e+00
7.269427310041821499e+01,0.000000000000000000e+00
7.361612812317926569e+01,0.000000000000000000e+00
7.438707697501078542e+01,0.000000000000000000e+00
7.504715491905425040e+01,0.000000000000000000e+00
7.666901136838671960e+01,0.000000000000000000e+00
7.281911904325023954e+01,0.000000000000000000e+00
7.430296971228499103e+01,0.000000000000000000e+00
7.724377098282865006e+01,0.000000000000000000e+00
7.634194351581878379e+01,0.000000000000000000e+00
8.110718504895176295e+01,0.000000000000000000e+00
7.735532391704776956e+01,0.000000000000000000e+00
7.677170481804975566e+01,0.000000000000000000e+00
7.996533945675832911e+01,0.000000000000000000e+00
7.690843693492377042e+01,0.000000000000000000e+00
8.164759776281822212e+01,0.000000000000000000e+00
7.546180431021016943e+01,0.000000000000000000e+00
7.573314291528187425e+01,0.000000000000000000e+00
7.888077135812071106e+01,0.000000000000000000e+00
7.627503653556233587e+01,0.000000000000000000e+00
7.672136091131940816e+01,0.000000000000000000e+00
7.779249461030549639e+01,0.000000000000000000e+00
7.722596279391815699e+01,0.000000000000000000e+00
7.611634255850501063e+01,0.000000000000000000e+00
7.654206188026229540e+01,0.000000000000000000e+00
7.757197322265638206e+01,0.000000000000000000e+00
8.002529171360056637e+01,0.000000000000000000e+00
8.058573025703836379e+01,0.000000000000000000e+00
7.703560464264823793e+01,0.000000000000000000e+00
7.855742141062575001e+01,0.000000000000000000e+00
7.737541851791134206e+01,0.000000000000000000e+00
7.845277454025901420e+01,0.000000000000000000e+00
7.599572785046066770e+01,0.000000000000000000e+00
7.794108264165598143e+01,0.000000000000000000e+00
7.543494656874861448e+01,0.000000000000000000e+00
7.740169751269208120e+01,0.000000000000000000e+00
7.983915059731351960e+01,0.000000000000000000e+00
7.844517573314425363e+01,0.000000000000000000e+00
7.678595912167669724e+01,0.000000000000000000e+00
7.686334973344312971e+01,0.000000000000000000e+00
8.241988309599294382e+01,0.000000000000000000e+00
7.843109364163861130e+01,0.000000000000000000e+00
7.587108203026141950e+01,0.000000000000000000e+00
7.992458857319796550e+01,0.000000000000000000e+00
7.856102913901608531e+01,0.000000000000000000e+00
7.703139376328950050e+01,0.000000000000000000e+00
7.785741315494965420e+01,0.000000000000000000e+00
7.662306474793469135e+01,0.000000000000000000e+00
8.126749210717781580e+01,0.000000000000000000e+00
7.758295860636687280e+01,0.000000000000000000e+00
7.620439575856963188e+01,0.000000000000000000e+00
7.844736496296560802e+01,0.000000000000000000e+00
7.799458310280893159e+01,0.000000000000000000e+00
7.871741142187218543e+01,0.000000000000000000e+00
7.883396146953081995e+01,0.000000000000000000e+00
7.647768731408251597e+01,0.000000000000000000e+00
7.926011909604731898e+01,0.000000000000000000e+00
7.657513687934944357e+01,0.000000000000000000e+00
8.025228396370927442e+01,0.000000000000000000e+00
7.518113483614305892e+01,0.000000000000000000e+00
8.010145864039698438e+01,0.000000000000000000e+00
7.852577253749051067e+01,0.000000000000000000e+00
7.775917883895014882e+01,0.000000000000000000e+00
7.821350563714746329e+01,0.000000000000000000e+00
7.512427094274062256e+01,0.000000000000000000e+00
7.567656474494582142e+01,0.000000000000000000e+00
7.902851790027530399e+01,0.000000000000000000e+00
7.929645050960030517e+01,0.000000000000000000e+00
7.849663605573613268e+01,0.000000000000000000e+00
7.884999037336346817e+01,0.000000000000000000e+00
7.901627337725976474e+01,0.000000000000000000e+00
8.152689443128925006e+01,0.000000000000000000e+00
7.834595806279082808e+01,0.000000000000000000e+00
7.844887820402743728e+01,0.000000000000000000e+00
7.686477960198786263e+01,0.000000000000000000e+00
7.646645311650922849e+01,0.000000000000000000e+00
7.817487051933912312e+01,0.000000000000000000e+00
8.032998181048107256e+01,0.000000000000000000e+00
8.031544835215377987e+01,0.000000000000000000e+00
7.993470585591164479e+01,0.000000000000000000e+00
7.758575504538627854e+01,0.000000000000000000e+00
7.751531587640113230e+01,0.000000000000000000e+00
8.088412004296841928e+01,0.000000000000000000e+00
8.255153310336922345e+01,0.000000000000000000e+00
7.517523927612072043e+01,0.000000000000000000e+00
7.657581019827787827e+01,0.000000000000000000e+00
7.779819699703288904e+01,0.000000000000000000e+00
7.908235908216661869e+01,0.000000000000000000e+00
7.858348220150209329e+01,0.000000000000000000e+00
7.992548234973571653e+01,0.000000000000000000e+00
7.852993795816438194e+01,0.000000000000000000e+00
8.011294759707340063e+01,0.000000000000000000e+00
8.070401124255121772e+01,0.000000000000000000e+00
7.473820122263046528e+01,0.000000000000000000e+00
8.158885940078972965e+01,0.000000000000000000e+00
8.038188491588142881e+01,0.000000000000000000e+00
7.766305065602306001e+01,0.000000000000000000e+00
8.007895461935883930e+01,0.000000000000000000e+00
7.704422500956395936e+01,0.000000000000000000e+00
7.804247847404025151e+01,0.000000000000000000e+00
7.888324264708958822e+01,0.000000000000000000e+00
8.187677525436947690e+01,0.000000000000000000e+00
7.851993464193603245e+01,0.000000000000000000e+00
8.097226400263217272e+01,0.000000000000000000e+00
8.104064058812431881e+01,0.000000000000000000e+00
8.202721058868796433e+01,0.000000000000000000e+00
8.109772325284956196e+01,0.000000000000000000e+00
7.611983295519053172e+01,0.000000000000000000e+00
7.839074878236353072e+01,0.000000000000000000e+00
7.939847317493610035e+01,0.000000000000000000e+00
7.694277808048106237e+01,0.000000000000000000e+00
7.828924468828630268e+01,0.000000000000000000e+00
7.951834494000318898e+01,0.000000000000000000e+00
8.111920598797236437e+01,0.000000000000000000e+00
8.131853815023110599e+01,0.000000000000000000e+00
7.914037120425402350e+01,0.000000000000000000e+00
7.813482986601930236e+01,0.000000000000000000e+00
8.119834428790125003e+01,0.000000000000000000e+00
7.810705306034907380e+01,0.000000000000000000e+00
8.113341847652753813e+01,0.000000000000000000e+00
7.930096211753154023e+01,0.000000000000000000e+00
7.601264067972958571e+01,0.000000000000000000e+00
8.111750001447018121e+01,0.000000000000000000e+00
7.833158552890495230e+01,0.000000000000000000e+00
8.242025422976934124e+01,0.000000000000000000e+00
7.900049095018164280e+01,0.000000000000000000e+00
7.960036541481233030e+01,0.000000000000000000e+00
8.076159204334976494e+01,0.000000000000000000e+00
8.056820114816687806e+01,0.000000000000000000e+00
8.074936052481056947e+01,0.000000000000000000e+00
7.785100622006724791e+01,0.000000000000000000e+00
8.051421140957754119e+01,0.000000000000000000e+00
8.012075258089740259e+01,0.000000000000000000e+00
8.303452166189001105e+01,0.000000000000000000e+00
7.972426351650926790e+01,0.000000000000000000e+00
8.007960325330256524e+01,0.000000000000000000e+00
8.386696135085128390e+01,0.000000000000000000e+00
7.825282853424899088e+01,0.000000000000000000e+00
7.984054995247532815e+01,0.000000000000000000e+00
8.109702401633771274e+01,0.000000000000000000e+00
7.853635014053845964e+01,0.000000000000000000e+00
8.255112185623555376e+01,0.000000000000000000e+00
7.832626278899029160e+01,0.000000000000000000e+00
8.067190702078106312e+01,0.000000000000000000e+00
8.351422654635699416e+01,0.000000000000000000e+00
7.924055160347609217e+01,0.000000000000000000e+00
8.058577677166607600e+01,0.000000000000000000e+00
8.226385472587924141e+01,0.000000000000000000e+00
7.659862017642120691e+01,0.000000000000000000e+00
8.029572321549450464e+01,0.000000000000000000e+00
8.092813636541499989e+01,0.000000000000000000e+00
7.781968946517484653e+01,0.000000000000000000e+00
8.063369161914461358e+01,0.000000000000000000e+00
7.665205035272813916e+01,0.000000000000000000e+00
8.217872896180601572e+01,0.000000000000000000e+00
7.840246795964758064e+01,0.000000000000000000e+00
8.280103122205863997e+01,0.000000000000000000e+00
8.198297931551138618e+01,0.000000000000000000e+00
7.974648344938381683e+01,0.000000000000000000e+00
7.836430808419768823e+01,0.000000000000000000e+00
7.792703408343476212e+01,0.000000000000000000e+00
8.046950264769739647e+01,0.000000000000000000e+00
7.957851955654878395e+01,0.000000000000000000e+00
7.960704964671316475e+01,0.000000000000000000e+00
8.244253645835253508e+01,0.000000000000000000e+00
7.947385843289664820e+01,0.000000000000000000e+00
7.461710901954405983e+01,0.000000000000000000e+00
7.881303221142349003e+01,0.000000000000000000e+00
8.100357232172795818e+01,0.000000000000000000e+00
7.940066564484075684e+01,0.000000000000000000e+00
8.160413243020987295e+01,0.000000000000000000e+00
8.167889803294829676e+01,0.000000000000000000e+00
7.985391777028918625e+01,0.000000000000000000e+00
7.940483238751018291e+01,0.000000000000000000e+00
8.171045320195086958e+01,0.000000000000000000e+00
8.357025645512115375e+01,0.000000000000000000e+00
8.142624067059962556e+01,0.000000000000000000e+00
7.913247839119696891e+01,0.000000000000000000e+00
8.210218456863572101e+01,0.000000000000000000e+00
8.436970339447233869e+01,0.000000000000000000e+00
8.048050543683756075e+01,0.000000000000000000e+00
8.210200335709612318e+01,0.000000000000000000e+00
8.059115835751613588e+01,0.000000000000000000e+00
7.939593865616538437e+01,0.000000000000000000e+00
8.216188162870231793e+01,0.000000000000000000e+00
8.284913864703217712e+01,0.000000000000000000e+00
8.260660164236111314e+01,0.000000000000000000e+00
7.803290091547658847e+01,0.000000000000000000e+00
7.590424434822040212e+01,0.000000000000000000e+00
8.248422952307022626e+01,0.000000000000000000e+00
7.861440112153192672e+01,0.000000000000000000e+00
8.212035855140294416e+01,0.000000000000000000e+00
8.191817527185449421e+01,0.000000000000000000e+00
7.856568415506679059e+01,0.000000000000000000e+00
8.029692871756182626e+01,0.000000000000000000e+00
8.145870651531181750e+01,0.000000000000000000e+00
8.021071008963747317e+01,0.000000000000000000e+00
7.892824170734053268e+01,0.000000000000000000e+00
8.214393116086830560e+01,0.000000000000000000e+00
8.045786799229354358e+01,0.000000000000000000e+00
8.040047862375092791e+01,0.000000000000000000e+00
7.601416660284016302e+01,0.000000000000000000e+00
7.984402355611983637e+01,0.000000000000000000e+00
8.073197165759297889e+01,0.000000000000000000e+00
7.857466528452563637e+01,0.000000000000000000e+00
8.266917540731888892e+01,0.000000000000000000e+00
8.398617992544133415e+01,0.000000000000000000e+00
7.825880849229312730e+01,0.000000000000000000e+00
8.219877760532284583e+01,0.000000000000000000e+00
7.922194596088664298e+01,0.000000000000000000e+00
7.808658352300069794e+01,0.000000000000000000e+00
7.855412930523776538e+01,0.000000000000000000e+00
8.079766462481074996e+01,0.000000000000000000e+00
7.936472615268898778e+01,0.000000000000000000e+00
7.855640026573539103e+01,0.000000000000000000e+00
8.014201236954474439e+01,0.000000000000000000e+00
7.704081469164579232e+01,0.000000000000000000e+00
7.833393694381325645e+01,0.000000000000000000e+00
8.000766462346913954e+01,0.000000000000000000e+00
7.849370986285315155e+01,0.000000000000000000e+00
8.096810357654575796e+01,0.000000000000000000e+00
7.697539001574452300e+01,0.000000000000000000e+00
7.911927291113119054e+01,0.000000000000000000e+00
8.216622146315479824e+01,0.000000000000000000e+00
8.006167155718677009e+01,0.000000000000000000e+00
8.025142317601199693e+01,0.000000000000000000e+00
7.851477756636658967e+01,0.000000000000000000e+00
7.797789484150497685e+01,0.000000000000000000e+00
7.929381038574018703e+01,0.000000000000000000e+00
8.104133540877927544e+01,0.000000000000000000e+00
8.156198454035485668e+01,0.000000000000000000e+00
7.753770766174729090e+01,0.000000000000000000e+00
8.305192184371071562e+01,0.000000000000000000e+00
7.906551315975296745e+01,0.000000000000000000e+00
8.201636601897861567e+01,0.000000000000000000e+00
8.134282400182871697e+01,0.000000000000000000e+00
8.015022237883297862e+01,0.000000000000000000e+00
7.777996839972401233e+01,0.000000000000000000e+00
7.758914367735395956e+01,0.000000000000000000e+00
7.906151754344224969e+01,0.000000000000000000e+00
7.957916706027884857e+01,0.000000000000000000e+00
7.945265829820384340e+01,0.000000000000000000e+00
8.144598728861298298e+01,0.000000000000000000e+00
7.818952863343824333e+01,0.000000000000000000e+00
8.252994776874669469e+01,0.000000000000000000e+00
8.070743284284149865e+01,0.000000000000000000e+00
7.743658671343369804e+01,0.000000000000000000e+00
7.875940182966230907e+01,0.000000000000000000e+00
7.900398216870327417e+01,0.000000000000000000e+00
7.907036581605051140e+01,0.000000000000000000e+00
7.494074735386959674e+01,0.000000000000000000e+00
8.004240820101526310e+01,0.000000000000000000e+00
8.031751669621939982e+01,0.000000000000000000e+00
7.649371645076465143e+01,0.000000000000000000e+00
7.916741871711630552e+01,0.000000000000000000e+00
8.012298737138686988e+01,0.000000000000000000e+00
8.193336140080467089e+01,0.000000000000000000e+00
7.688115026471572833e+01,0.000000000000000000e+00
7.912270919640293698e+01,0.000000000000000000e+00
8.151355776825334942e+01,0.000000000000000000e+00
7.994429171099011455e+01,0.000000000000000000e+00
7.747291665373415981e+01,0.000000000000000000e+00
8.051809737452430227e+01,0.000000000000000000e+00
7.699609537662516345e+01,0.000000000000000000e+00
7.908383382143084361e+01,0.000000000000000000e+00
8.113730471990433557e+01,0.000000000000000000e+00
7.784191338143283190e+01,0.000000000000000000e+00
7.834382761152116359e+01,0.000000000000000000e+00
8.309317147709759865e+01,0.000000000000000000e+00
8.114923289482571533e+01,0.000000000000000000e+00
7.987418621955869469e+01,0.000000000000000000e+00
7.501391891553366520e+01,0.000000000000000000e+00
8.082635053670436776e+01,0.000000000000000000e+00
7.482159851784201976e+01,0.000000000000000000e+00
7.806118488943796763e+01,0.000000000000000000e+00
8.091535163984052303e+01,0.000000000000000000e+00
7.521581901129721359e+01,0.000000000000000000e+00
7.992166103203699379e+01,0.000000000000000000e+00
7.696507532011460739e+01,0.000000000000000000e+00
7.996251414612947883e+01,0.000000000000000000e+00
7.837874471874401650e+01,0.000000000000000000e+00
7.392789608814685209e+01,0.000000000000000000e+00
7.669151107459488514e+01,0.000000000000000000e+00
8.167979540294521712e+01,0.000000000000000000e+00
7.684168614375889206e+01,0.000000000000000000e+00
7.922504888218180952e+01,0.000000000000000000e+00
7.863502251786501063e+01,0.000000000000000000e+00
8.139796818936098077e+01,0.000000000000000000e+00
7.556978946640487038e+01,0.000000000000000000e+00
7.583190057405653306e+01,0.000000000000000000e+00
7.970823955275189121e+01,0.000000000000000000e+00
7.979762989767286285e+01,0.000000000000000000e+00
7.891656732501459715e+01,0.000000000000000000e+00
7.714665319613226302e+01,0.000000000000000000e+00
8.255229282789069600e+01,0.000000000000000000e+00
8.180838489794348334e+01,0.000000000000000000e+00
7.872604177386305935e+01,0.000000000000000000e+00
8.169156024273880234e+01,0.000000000000000000e+00
7.686274354399709807e+01,0.000000000000000000e+00
7.964557990097874551e+01,0.000000000000000000e+00
7.798913115923942030e+01,0.000000000000000000e+00
8.152767968785299502e+01,0.000000000000000000e+00
7.992945531929656511e+01,0.000000000000000000e+00
7.881341526380322193e+01,0.000000000000000000e+00
7.889311626424344581e+01,0.000000000000000000e+00
7.613386698460173818e+01,0.000000000000000000e+00
7.971020896694567170e+01,0.000000000000000000e+00
7.924900496916545478e+01,0.000000000000000000e+00
7.680482264801364067e+01,0.000000000000000000e+00
8.214009105178342907e+01,0.000000000000000000e+00
7.691628397018375551e+01,0.000000000000000000e+00
7.958984791428710537e+01,0.000000000000000000e+00
8.123624854339192325e+01,0.000000000000000000e+00
8.003420059128833941e+01,0.000000000000000000e+00
7.933471461821990545e+01,0.000000000000000000e+00
8.055974448657008224e+01,0.000000000000000000e+00
7.722246059835762821e+01,0.000000000000000000e+00
7.580069325460513596e+01,0.000000000000000000e+00
7.564626148770595648e+01,0.000000000000000000e+00
7.876192849738986013e+01,0.000000000000000000e+00
7.866691979842110527e+01,0.000000000000000000e+00
8.110938387730551824e+01,0.000000000000000000e+00
8.079012179409419048e+01,0.000000000000000000e+00
8.093801656787107390e+01,0.000000000000000000e+00
7.730179349898621410e+01,0.000000000000000000e+00
7.696355978224680428e+01,0.000000000000000000e+00
7.575790099841303515e+01,0.000000000000000000e+00
7.751126772350060889e+01,0.000000000000000000e+00
7.863533813197057043e+01,0.000000000000000000e+00
7.921389726948989107e+01,0.000000000000000000e+00
7.840000362609114859e+01,0.000000000000000000e+00
8.063061651791797146e+01,0.000000000000000000e+00
7.663350898856494098e+01,0.000000000000000000e+00
7.922674427874633807e+01,0.000000000000000000e+00
8.017241575074547200e+01,0.000000000000000000e+00
7.658536068533615548e+01,0.000000000000000000e+00
7.741561555161045760e+01,0.000000000000000000e+00
7.884093681803162212e+01,0.000000000000000000e+00
7.685814499185153181e+01,0.000000000000000000e+00
7.583055290284114847e+01,0.000000000000000000e+00
7.573063031661023103e+01,0.000000000000000000e+00
7.961587852123764719e+01,0.000000000000000000e+00
7.783278547952963322e+01,0.000000000000000000e+00
7.693322793719158881e+01,0.000000000000000000e+00
8.007972258651423658e+01,0.000000000000000000e+00
7.898690217082737774e+01,0.000000000000000000e+00
7.468730215634872138e+01,0.000000000000000000e+00
7.722802699417276528e+01,0.000000000000000000e+00
7.509607217343192076e+01,0.000000000000000000e+00
7.672393519085288460e+01,0.000000000000000000e+00
7.956350725306981531e+01,0.000000000000000000e+00
7.843606485450865762e+01,0.000000000000000000e+00
7.912388933862571605e+01,0.000000000000000000e+00
7.894532476109887398e+01,0.000000000000000000e+00
7.527866062705797390e+01,0.000000000000000000e+00
7.493842406303643600e+01,0.000000000000000000e+00
7.882232950283922435e+01,0.000000000000000000e+00
7.795348716193352345e+01,0.000000000000000000e+00
7.810741176418495968e+01,0.000000000000000000e+00
7.438775872235981979e+01,0.000000000000000000e+00
7.688756706835138743e+01,0.000000000000000000e+00
7.605283536159761582e+01,0.000000000000000000e+00
7.462926884763295732e+01,0.000000000000000000e+00
7.727845012820557713e+01,0.000000000000000000e+00
7.426575836014288257e+01,0.000000000000000000e+00
7.844638840392123313e+01,0.000000000000000000e+00
7.645832761246641951e+01,0.000000000000000000e+00
7.640169295130573346e+01,0.000000000000000000e+00
7.501132954832355892e+01,0.000000000000000000e+00
7.438808009008073441e+01,0.000000000000000000e+00
7.572146882337611373e+01,0.000000000000000000e+00
7.668705130754223376e+01,0.000000000000000000e+00
7.336630283547997067e+01,0.000000000000000000e+00
7.716937691481803085e+01,0.000000000000000000e+00
7.807824288186141359e+01,0.000000000000000000e+00
7.497053999496087329e+01,0.000000000000000000e+00
7.895466019944589675e+01,0.000000000000000000e+00
7.448209414467265788e+01,0.000000000000000000e+00
7.232200804208679301e+01,0.000000000000000000e+00
7.739858334518454797e+01,0.000000000000000000e+00
7.201298674284201695e+01,0.000000000000000000e+00
7.450905905378145633e+01,0.000000000000000000e+00
7.544873964187391380e+01,0.000000000000000000e+00
7.472458409324443096e+01,0.000000000000000000e+00
7.165713152941349051e+01,0.000000000000000000e+00
7.605718126421317038e+01,0.000000000000000000e+00
7.732021573408918869e+01,0.000000000000000000e+00
7.603778295285611932e+01,0.000000000000000000e+00
7.285596837224893818e+01,0.000000000000000000e+00
7.731742787545375961e+01,0.000000000000000000e+00
7.200850261443453348e+01,0.000000000000000000e+00
7.397198270657982277e+01,0.000000000000000000e+00
7.488905798425821558e+01,0.000000000000000000e+00
7.511955607410678226e+01,0.000000000000000000e+00
7.353953716597573020e+01,0.000000000000000000e+00
7.566979202521838488e+01,0.000000000000000000e+00
7.254568755800318058e+01,0.000000000000000000e+00
8.032790581669695484e+01,0.000000000000000000e+00
7.701466102128544833e+01,0.000000000000000000e+00
7.596817582018306325e+01,0.000000000000000000e+00
7.982328204980355224e+01,0.000000000000000000e+00
7.506591014186051325e+01,0.000000000000000000e+00
7.218107017093778666e+01,0.000000000000000000e+00
7.618798901547698676e+01,0.000000000000000000e+00
7.419434464424111297e+01,0.000000000000000000e+00
7.726352201376802498e+01,0.000000000000000000e+00
7.689316731415057404e+01,0.000000000000000000e+00
7.594584838014277750e+01,0.000000000000000000e+00
7.470324051835265777e+01,0.000000000000000000e+00
7.454302559471376810e+01,0.000000000000000000e+00
7.694033134974056054e+01,0.000000000000000000e+00
7.890038850286622107e+01,0.000000000000000000e+00
7.683706181899316334e+01,0.000000000000000000e+00
7.531145700708476909e+01,0.000000000000000000e+00
7.467009956104465118e+01,0.000000000000000000e+00
6.867533217216960395e+01,0.000000000000000000e+00
7.732488577135865171e+01,0.000000000000000000e+00
7.150457187330729880e+01,0.000000000000000000e+00
7.884769140069001025e+01,0.000000000000000000e+00
7.746714178021788655e+01,0.000000000000000000e+00
7.401552800258100717e+01,0.000000000000000000e+00
7.648904212169010464e+01,0.000000000000000000e+00
7.178047915473192120e+01,0.000000000000000000e+00
7.356273443616971974e+01,0.000000000000000000e+00
7.599386814023831960e+01,0.000000000000000000e+00
7.424430746720310026e+01,0.000000000000000000e+00
7.234538410839947176e+01,0.000000000000000000e+00
7.091482979940093401e+01,0.000000000000000000e+00
7.235741097435445113e+01,0.000000000000000000e+00
7.319783120792935449e+01,0.000000000000000000e+00
7.338075533520031968e+01,0.000000000000000000e+00
7.322006668650951156e+01,0.000000000000000000e+00
7.350932794993342156e+01,0.000000000000000000e+00
7.848092626787132531e+01,0.000000000000000000e+00
7.167347307346814489e+01,0.000000000000000000e+00
7.640621006330660236e+01,0.000000000000000000e+00
7.608330629264975187e+01,0.000000000000000000e+00
7.568820517212623145e+01,0.000000000000000000e+00
7.584926835742697904e+01,0.000000000000000000e+00
7.280884324096457760e+01,0.000000000000000000e+00
7.013380155993091591e+01,0.000000000000000000e+00
7.186803864899364669e+01,0.000000000000000000e+00
7.238961222297825771e+01,0.000000000000000000e+00
7.369090646228602282e+01,0.000000000000000000e+00
7.509013879865770491e+01,0.000000000000000000e+00
7.185374826587262476e+01,0.000000000000000000e+00
7.264633256204369616e+01,0.000000000000000000e+00
7.480189230796372613e+01,0.000000000000000000e+00
7.415587338347187085e+01,0.000000000000000000e+00
7.305696948272860425e+01,0.000000000000000000e+00
7.439830094449646936e+01,0.000000000000000000e+00
7.391115500470199606e+01,0.000000000000000000e+00
7.156598274724217390e+01,0.000000000000000000e+00
7.592263834411548373e+01,0.000000000000000000e+00
7.468419093930140207e+01,0.000000000000000000e+00
6.919404814434844297e+01,0.000000000000000000e+00
7.411301034260078779e+01,0.000000000000000000e+00
7.362576588808143185e+01,0.000000000000000000e+00
7.386391435853731480e+01,0.000000000000000000e+00
6.632047814224102922e+01,0.000000000000000000e+00
7.054928566653175892e+01,0.000000000000000000e+00
7.264100422461004314e+01,0.000000000000000000e+00
7.212144109440808393e+01,0.000000000000000000e+00
7.157201352376651471e+01,0.000000000000000000e+00
7.215444573718107790e+01,0.000000000000000000e+00
7.139405635121538296e+01,0.000000000000000000e+00
7.386450164432054066e+01,0.000000000000000000e+00
7.137655878465719184e+01,0.000000000000000000e+00
6.996991630083051916e+01,0.000000000000000000e+00
7.358031314641795007e+01,0.000000000000000000e+00
7.157910093264825946e+01,0.000000000000000000e+00
7.205418733985435153e+01,0.000000000000000000e+00
7.015829017927046607e+01,0.000000000000000000e+00
7.070602035911298344e+01,0.000000000000000000e+00
7.178175483786345978e+01,0.000000000000000000e+00
7.154490468798758229e+01,0.000000000000000000e+00
7.079660521823305430e+01,0.000000000000000000e+00
7.444561931680728151e+01,0.000000000000000000e+00
7.022796479421053562e+01,0.000000000000000000e+00
7.418052165981092116e+01,0.000000000000000000e+00
7.216587117432796106e+01,0.000000000000000000e+00
7.064488497091724639e+01,0.000000000000000000e+00
7.313989268819143774e+01,0.000000000000000000e+00
7.031939471034357325e+01,0.000000000000000000e+00
6.975029287731594252e+01,0.000000000000000000e+00
7.147216879509873877e+01,0.000000000000000000e+00
7.248291719251000131e+01,0.000000000000000000e+00
6.809100754361266183e+01,0.000000000000000000e+00
6.838165170186709929e+01,0.000000000000000000e+00
7.050137960473273324e+01,0.000000000000000000e+00
6.824124638102085783e+01,0.000000000000000000e+00
6.923209341999259436e+01,0.000000000000000000e+00
6.944475034551341253e+01,0.000000000000000000e+00
7.075221155549003527e+01,0.000000000000000000e+00
6.962950225616310718e+01,0.000000000000000000e+00
7.002514504395495010e+01,0.000000000000000000e+00
6.989929421657791409e+01,0.000000000000000000e+00
7.319669864663039505e+01,0.000000000000000000e+00
7.065395735382477937e+01,0.000000000000000000e+00
7.077509385325701885e+01,0.000000000000000000e+00
7.583831797081221282e+01,0.000000000000000000e+00
7.355429163863931308e+01,0.000000000000000000e+00
7.155021802912148132e+01,0.000000000000000000e+00
7.307109655367511891e+01,0.000000000000000000e+00
6.891186432375513959e+01,0.000000000000000000e+00
7.025632310635420197e+01,0.000000000000000000e+00
6.918818111597991560e+01,0.000000000000000000e+00
6.707533380698779979e+01,0.000000000000000000e+00
7.302927389237491695e+01,0.000000000000000000e+00
6.904980624950718493e+01,0.000000000000000000e+00
7.208862782953659121e+01,0.000000000000000000e+00
6.823701189182722260e+01,0.000000000000000000e+00
6.800091145398847914e+01,0.000000000000000000e+00
6.878057212325813907e+01,0.000000000000000000e+00
7.002442811505618181e+01,0.000000000000000000e+00
6.330720872549591860e+01,0.000000000000000000e+00
7.204411647298556431e+01,0.000000000000000000e+00
6.898740458312384760e+01,0.000000000000000000e+00
6.947431997581031737e+01,0.000000000000000000e+00
6.721941512032466903e+01,0.000000000000000000e+00
7.100716085046568082e+01,0.000000000000000000e+00
6.958379140376686678e+01,0.000000000000000000e+00
7.001222082642962619e+01,0.000000000000000000e+00
6.671211312698457618e+01,0.000000000000000000e+00
6.779023649718457989e+01,0.000000000000000000e+00
7.076552342589312161e+01,0.000000000000000000e+00
6.694462772743072776e+01,0.000000000000000000e+00
6.793811495502289688e+01,0.000000000000000000e+00
6.949416078552241061e+01,0.000000000000000000e+00
6.854067490014101338e+01,0.000000000000000000e+00
6.870098734860469847e+01,0.000000000000000000e+00
6.746513281395262140e+01,0.000000000000000000e+00
6.697538356715632801e+01,0.000000000000000000e+00
6.476481842187347127e+01,0.000000000000000000e+00
7.077979232718665514e+01,0.000000000000000000e+00
6.742543750745507225e+01,0.000000000000000000e+00
6.941013363387084212e+01,0.000000000000000000e+00
6.826307995467280421e+01,0.000000000000000000e+00
6.992072985405390284e+01,0.000000000000000000e+00
6.917594237008438540e+01,0.000000000000000000e+00
6.701723728959100868e+01,0.000000000000000000e+00
6.730900532481078358e+01,0.000000000000000000e+00
6.417071010818914090e+01,0.000000000000000000e+00
6.355849819569215242e+01,0.000000000000000000e+00
6.736505684732260590e+01,0.000000000000000000e+00
6.623084980092158958e+01,0.000000000000000000e+00
6.961708509203693040e+01,0.000000000000000000e+00
6.653249808525461617e+01,0.000000000000000000e+00
6.390043286059491123e+01,0.000000000000000000e+00
6.967380919982383602e+01,0.000000000000000000e+00
6.575123640174751927e+01,0.000000000000000000e+00
6.792710406896524944e+01,0.000000000000000000e+00
6.734060374834930940e+01,0.000000000000000000e+00
6.642339051185533094e+01,0.000000000000000000e+00
6.660406381200667170e+01,0.000000000000000000e+00
6.942253160441234172e+01,0.000000000000000000e+00
6.675366905450975707e+01,0.000000000000000000e+00
6.322526300421425560e+01,0.000000000000000000e+00
6.956018907515687033e+01,0.000000000000000000e+00
6.537561671609221037e+01,0.000000000000000000e+00
6.326060281489822756e+01,0.000000000000000000e+00
6.523702355255800001e+01,0.000000000000000000e+00
6.419956742513608106e+01,0.000000000000000000e+00
6.619380120509342191e+01,0.000000000000000000e+00
6.675179004221257628e+01,0.000000000000000000e+00
6.407993138319669413e+01,0.000000000000000000e+00
6.948671747674720223e+01,0.000000000000000000e+00
6.795527455116686610e+01,0.000000000000000000e+00
6.512159070743228995e+01,0.000000000000000000e+00
6.577706988877307026e+01,0.000000000000000000e+00
6.302938371042476007e+01,0.000000000000000000e+00
6.135084723065789092e+01,0.000000000000000000e+00
6.534095428532778271e+01,0.000000000000000000e+00
6.551599195135295872e+01,0.000000000000000000e+00
6.799007542125093551e+01,0.000000000000000000e+00
6.342152332428535288e+01,0.000000000000000000e+00
6.513962508796335271e+01,0.000000000000000000e+00
6.447625416855605351e+01,0.000000000000000000e+00
6.620696530589464146e+01,0.000000000000000000e+00
6.455331015280444262e+01,0.000000000000000000e+00
6.790868089871332813e+01,0.000000000000000000e+00
6.302607552053195406e+01,0.000000000000000000e+00
6.574757950354542402e+01,0.000000000000000000e+00
6.525359478771730437e+01,0.000000000000000000e+00
6.459144591630476384e+01,0.000000000000000000e+00
6.358147478730377600e+01,0.000000000000000000e+00
6.368872985051800839e+01,0.000000000000000000e+00
6.187661471178663675e+01,0.000000000000000000e+00
6.659182028887886418e+01,0.000000000000000000e+00
6.135870994018209501e+01,0.000000000000000000e+00
5.991787887487500086e+01,0.000000000000000000e+00
6.300525511795570566e+01,0.000000000000000000e+00
6.183165936881517410e+01,0.000000000000000000e+00
6.341202482443016919e+01,0.000000000000000000e+00
6.359262759418122357e+01,0.000000000000000000e+00
6.376904562019849010e+01,0.000000000000000000e+00
6.368585234846425180e+01,0.000000000000000000e+00
6.258732640995563656e+01,0.000000000000000000e+00
6.040506221658618102e+01,0.000000000000000000e+00
6.269914021148021988e+01,0.000000000000000000e+00
6.119933826684401623e+01,0.000000000000000000e+00
6.459396078948228137e+01,0.000000000000000000e+00
6.475334583286871748e+01,0.000000000000000000e+00
6.349143372919480299e+01,0.000000000000000000e+00
6.288683606128011405e+01,0.000000000000000000e+00
6.343605989162970360e+01,0.000000000000000000e+00
5.986014962981442267e+01,0.000000000000000000e+00
6.131213953063853950e+01,0.000000000000000000e+00
6.226687000145921758e+01,0.000000000000000000e+00
6.349105390878656863e+01,0.000000000000000000e+00
6.278096850046040345e+01,0.000000000000000000e+00
6.259537129678667355e+01,0.000000000000000000e+00
6.094858635007344816e+01,0.000000000000000000e+00
6.350337140391213353e+01,0.000000000000000000e+00
6.361243527786453456e+01,0.000000000000000000e+00
6.272388517418267639e+01,0.000000000000000000e+00
5.922437456915851328e+01,0.000000000000000000e+00
5.992261069063969359e+01,0.000000000000000000e+00
6.461013523583663698e+01,0.000000000000000000e+00
6.388805589015184694e+01,0.000000000000000000e+00
6.251262396665195098e+01,0.000000000000000000e+00
6.309329989716761133e+01,0.000000000000000000e+00
6.325424151264434158e+01,0.000000000000000000e+00
5.723500264085213729e+01,0.000000000000000000e+00
6.317463019067630370e+01,0.000000000000000000e+00
6.026843454926078181e+01,0.000000000000000000e+00
6.022983911338547358e+01,0.000000000000000000e+00
6.484853338239773279e+01,0.000000000000000000e+00
6.342428519473834569e+01,0.000000000000000000e+00
6.078530057108665829e+01,0.000000000000000000e+00
5.771567509045755884e+01,0.000000000000000000e+00
6.283076603498679447e+01,0.000000000000000000e+00
6.333116181440217218e+01,0.000000000000000000e+00
6.108837769293027975e+01,0.000000000000000000e+00
5.563322018344167219e+01,0.000000000000000000e+00
5.966989439169436338e+01,0.000000000000000000e+00
6.288187417957433922e+01,0.000000000000000000e+00
6.238045135004713160e+01,0.000000000000000000e+00
6.437043548929885617e+01,0.000000000000000000e+00
5.919378008399052504e+01,0.000000000000000000e+00
6.112360914826954428e+01,0.000000000000000000e+00
5.778721301090072870e+01,0.000000000000000000e+00
5.808133256737954753e+01,0.000000000000000000e+00
6.004366958050493253e+01,0.000000000000000000e+00
6.068175591946533132e+01,0.000000000000000000e+00
5.918912514275427128e+01,0.000000000000000000e+00
5.922785845015983597e+01,0.000000000000000000e+00
6.082777657413532779e+01,0.000000000000000000e+00
5.696860416594049781e+01,0.000000000000000000e+00
6.127305062666160751e+01,0.000000000000000000e+00
5.944275688154285575e+01,0.000000000000000000e+00
5.435306822803528348e+01,0.000000000000000000e+00
5.960186539109650994e+01,0.000000000000000000e+00
6.321755582757597836e+01,0.000000000000000000e+00
5.821344893165525747e+01,0.000000000000000000e+00
5.999295606473640419e+01,0.000000000000000000e+00
5.896033082112488444e+01,0.000000000000000000e+00
5.890491947842997433e+01,0.000000000000000000e+00
5.787954801003544247e+01,0.000000000000000000e+00
5.862973277702308650e+01,0.000000000000000000e+00
5.940907275670399201e+01,0.000000000000000000e+00
5.458834923820192131e+01,0.000000000000000000e+00
5.952341362744959952e+01,0.000000000000000000e+00
5.760082141397612077e+01,0.000000000000000000e+00
5.737929165889001837e+01,0.000000000000000000e+00
5.697364620341415531e+01,0.000000000000000000e+00
5.948602793339392036e+01,0.000000000000000000e+00
5.861360546936892746e+01,0.000000000000000000e+00
6.286525655420865633e+01,0.000000000000000000e+00
5.718209014652546784e+01,0.000000000000000000e+00
6.061810299296273996e+01,0.000000000000000000e+00
5.748770643202752240e+01,0.000000000000000000e+00
6.096469186410112684e+01,0.000000000000000000e+00
6.063377041816789870e+01,0.000000000000000000e+00
5.631643716846753733e+01,0.000000000000000000e+00
5.380675475439791455e+01,0.000000000000000000e+00
5.864929872250898057e+01,0.000000000000000000e+00
5.682027404324157516e+01,0.000000000000000000e+00
5.789305343106664736e+01,0.000000000000000000e+00
5.765611718591873824e+01,0.000000000000000000e+00
5.866878804792691682e+01,0.000000000000000000e+00
5.745268881581263543e+01,0.000000000000000000e+00
5.734007053499712470e+01,0.000000000000000000e+00
5.807864239335305001e+01,0.000000000000000000e+00
5.861364005468726646e+01,0.000000000000000000e+00
5.603726015331490373e+01,0.000000000000000000e+00
5.870427045959092283e+01,0.000000000000000000e+00
5.750619378387620628e+01,0.000000000000000000e+00
5.597052886246530790e+01,0.000000000000000000e+00
5.434338008229109107e+01,0.000000000000000000e+00
5.392780568895216931e+01,0.000000000000000000e+00
5.370026515870299022e+01,0.000000000000000000e+00
5.568620549477378034e+01,0.000000000000000000e+00
5.753608074070570666e+01,0.000000000000000000e+00
5.758615760894922175e+01,0.000000000000000000e+00
5.583547430557517544e+01,0.000000000000000000e+00
5.239253757907749076e+01,0.000000000000000000e+00
5.723473151373813295e+01,0.000000000000000000e+00
5.471507270505473741e+01,0.000000000000000000e+00
5.707571429940968244e+01,0.000000000000000000e+00
5.527050041695212457e+01,0.000000000000000000e+00
5.409983030763310552e+01,0.000000000000000000e+00
5.806457089859745224e+01,0.000000000000000000e+00
5.355524511757860040e+01,0.000000000000000000e+00
5.657770168814745659e+01,0.000000000000000000e+00
5.594076298485209975e+01,0.000000000000000000e+00
5.373651071671405077e+01,0.000000000000000000e+00
5.719008474096504813e+01,0.000000000000000000e+00
5.648126862028018280e+01,0.000000000000000000e+00
5.577934592371908451e+01,0.000000000000000000e+00
5.438109364739550244e+01,0.000000000000000000e+00
5.303140155156993529e+01,0.000000000000000000e+00
5.563923848413003270e+01,0.000000000000000000e+00
5.371919957892959729e+01,0.000000000000000000e+00
5.441650454017276672e+01,0.000000000000000000e+00
5.907446666962323434e+01,0.000000000000000000e+00
5.318199268311322925e+01,0.000000000000000000e+00
5.286358450162139633e+01,0.000000000000000000e+00
5.483804699513127900e+01,0.000000000000000000e+00
5.479823865007923445e+01,0.000000000000000000e+00
5.365069492588217770e+01,0.000000000000000000e+00
5.282316518896460877e+01,0.000000000000000000e+00
5.482446145177070207e+01,0.000000000000000000e+00
5.352714277075590843e+01,0.000000000000000000e+00
5.383708222610790273e+01,0.000000000000000000e+00
5.374308782569934095e+01,0.000000000000000000e+00
5.572153667285981271e+01,0.000000000000000000e+00
5.132653948536981403e+01,0.000000000000000000e+00
5.328373699517290873e+01,0.000000000000000000e+00
5.240361448164539127e+01,0.000000000000000000e+00
5.198226980520583140e+01,0.000000000000000000e+00
5.112367745108977601e+01,0.000000000000000000e+00
5.518397841358408584e+01,0.000000000000000000e+00
5.281284522263721470e+01,0.000000000000000000e+00
5.232317275341510765e+01,0.000000000000000000e+00
4.934994064504906675e+01,0.000000000000000000e+00
5.249119966031203433e+01,0.000000000000000000e+00
4.977807316774038071e+01,0.000000000000000000e+00
5.426583933023609063e+01,0.000000000000000000e+00
5.162576983980387979e+01,0.000000000000000000e+00
5.358500660223658940e+01,0.000000000000000000e+00
5.287080990170522909e+01,0.000000000000000000e+00
5.271881744229872879e+01,0.000000000000000000e+00
5.010945343897545001e+01,0.000000000000000000e+00
4.871430640026112258e+01,0.000000000000000000e+00
5.213755158471330731e+01,0.000000000000000000e+00
4.951908885191382126e+01,0.000000000000000000e+00
5.395958646292405803e+01,0.000000000000000000e+00
4.914564885303251884e+01,0.000000000000000000e+00
5.145717839032280239e+01,0.000000000000000000e+00
4.900896115553057086e+01,0.000000000000000000e+00
5.132764553557564113e+01,0.000000000000000000e+00
5.252871227784841324e+01,0.000000000000000000e+00
5.241345628880188201e+01,0.000000000000000000e+00
5.189954672012743941e+01,0.000000000000000000e+00
4.877351512775610587e+01,0.000000000000000000e+00
5.015491146668814793e+01,0.000000000000000000e+00
4.769151272866211144e+01,0.000000000000000000e+00
5.211162118996449522e+01,0.000000000000000000e+00
4.870536034170807227e+01,0.000000000000000000e+00
4.873588645321353852e+01,0.000000000000000000e+00
5.108836500318187035e+01,0.000000000000000000e+00
5.035874466529519111e+01,0.000000000000000000e+00
5.091099582075031549e+01,0.000000000000000000e+00
4.968893805979553235e+01,0.000000000000000000e+00
5.035339944690158376e+01,0.000000000000000000e+00
4.842126071332179293e+01,0.000000000000000000e+00
5.367051664439538428e+01,0.000000000000000000e+00
4.804383559426747752e+01,0.000000000000000000e+00
5.139050136717213491e+01,0.000000000000000000e+00
5.353808119091349482e+01,0.000000000000000000e+00
5.070336478546188630e+01,0.000000000000000000e+00
4.739936941332719300e+01,0.000000000000000000e+00
5.045303105564605772e+01,0.000000000000000000e+00
4.930929315168200588e+01,0.000000000000000000e+00
4.973001906397931293e+01,0.000000000000000000e+00
4.868993797390096034e+01,0.000000000000000000e+00
4.617499858955735448e+01,0.000000000000000000e+00
4.668174940757634772e+01,0.000000000000000000e+00
4.467551534373634325e+01,0.000000000000000000e+00
5.014469613372180845e+01,0.000000000000000000e+00
4.767621581128351238e+01,0.000000000000000000e+00
5.015742962712323560e+01,0.000000000000000000e+00
5.035361557325917659e+01,0.000000000000000000e+00
4.986603969404798420e+01,0.000000000000000000e+00
4.824553923543946610e+01,0.000000000000000000e+00
5.140567676095387384e+01,0.000000000000000000e+00
4.602104573872284021e+01,0.000000000000000000e+00
4.557913411989176922e+01,0.000000000000000000e+00
4.961743964710049681e+01,0.000000000000000000e+00
4.601163726970747803e+01,0.000000000000000000e+00
4.227764035113919050e+01,0.000000000000000000e+00
4.670454509485185213e+01,0.000000000000000000e+00
4.882626789331678907e+01,0.000000000000000000e+00
4.712341865743191960e+01,0.000000000000000000e+00
4.503840426785170337e+01,0.000000000000000000e+00
4.901885552080826614e+01,0.000000000000000000e+00
4.810372537565391582e+01,0.000000000000000000e+00
4.687912004368810415e+01,0.000000000000000000e+00
5.215876515090140941e+01,0.000000000000000000e+00
4.661188539339793380e+01,0.000000000000000000e+00
4.738385692368431990e+01,0.000000000000000000e+00
4.560718332952549048e+01,0.000000000000000000e+00
4.584216064675841551e+01,0.000000000000000000e+00
4.846674166094572911e+01,0.000000000000000000e+00
4.884400499242498483e+01,0.000000000000000000e+00
4.432727374149002486e+01,0.000000000000000000e+00
4.563442107699610517e+01,0.000000000000000000e+00
4.780352668687178408e+01,0.000000000000000000e+00
4.793857926590553120e+01,0.000000000000000000e+00
4.035726357445974344e+01,0.000000000000000000e+00
4.730546114345278852e+01,0.000000000000000000e+00
4.802804490293504358e+01,0.000000000000000000e+00
4.716029698308127394e+01,0.000000000000000000e+00
4.708648778884864328e+01,0.000000000000000000e+00
4.570529282949269145e+01,0.000000000000000000e+00
4.693587129249812762e+01,0.000000000000000000e+00
4.700335243971848342e+01,0.000000000000000000e+00
4.671905108354952318e+01,0.000000000000000000e+00
4.405222447815118159e+01,0.000000000000000000e+00
4.373698935168314250e+01,0.000000000000000000e+00
4.398342598734581088e+01,0.000000000000000000e+00
4.753710167209310811e+01,0.000000000000000000e+00
4.849937488750107661e+01,0.000000000000000000e+00
4.983606699156757003e+01,0.000000000000000000e+00
4.547238791721935058e+01,0.000000000000000000e+00
4.474263644680635110e+01,0.000000000000000000e+00
4.455504622220272637e+01,0.000000000000000000e+00
4.373362392704444090e+01,0.000000000000000000e+00
4.512611709175667585e+01,0.000000000000000000e+00
4.448534306316439313e+01,0.000000000000000000e+00
4.478523986958187919e+01,0.000000000000000000e+00
4.526510429219676723e+01,0.000000000000000000e+00
4.642094320153117337e+01,0.000000000000000000e+00
4.248142639868858339e+01,0.000000000000000000e+00
4.658230443098251783e+01,0.000000000000000000e+00
4.619334935525180441e+01,0.000000000000000000e+00
4.420629279680289159e+01,0.000000000000000000e+00
4.790330845585850028e+01,0.000000000000000000e+00
4.244766436805382881e+01,0.000000000000000000e+00
4.477773534663038646e+01,0.000000000000000000e+00
4.443602034034238102e+01,0.000000000000000000e+00
4.496807568094571650e+01,0.000000000000000000e+00
4.716125467275944771e+01,0.000000000000000000e+00
5.022005180840398708e+01,0.000000000000000000e+00
4.223713369195066747e+01,0.000000000000000000e+00
4.271969583352721145e+01,0.000000000000000000e+00
4.631755206173826878e+01,0.000000000000000000e+00
3.925420299189786277e+01,0.000000000000000000e+00
4.323218525775351395e+01,0.000000000000000000e+00
4.346973778834280466e+01,0.000000000000000000e+00
4.428944456518548378e+01,0.000000000000000000e+00
4.535033193504829541e+01,0.000000000000000000e+00
4.307331300194594093e+01,0.000000000000000000e+00
4.443867242692490294e+01,0.000000000000000000e+00
4.026991674088108653e+01,0.000000000000000000e+00
4.165931609845185335e+01,0.000000000000000000e+00
4.512505290011636561e+01,0.000000000000000000e+00
4.449305722090048221e+01,0.000000000000000000e+00
4.376113904352372685e+01,0.000000000000000000e+00
4.408431216641039896e+01,0.000000000000000000e+00
4.333437651830004000e+01,0.000000000000000000e+00
4.168446302915247514e+01,0.000000000000000000e+00
4.332165199511116072e+01,0.000000000000000000e+00
4.340775965765502065e+01,0.000000000000000000e+00
4.259548195166780005e+01,0.000000000000000000e+00
3.827394070027281714e+01,0.000000000000000000e+00
4.172103558319244598e+01,0.000000000000000000e+00
4.363123895496695326e+01,0.000000000000000000e+00
4.361765181974560335e+01,0.000000000000000000e+00
3.707265880075705411e+01,0.000000000000000000e+00
4.504892350983063665e+01,0.000000000000000000e+00
4.374641253306984368e+01,0.000000000000000000e+00
4.088426789697356156e+01,0.000000000000000000e+00
3.842199654921097363e+01,0.000000000000000000e+00
4.319296627973530889e+01,0.000000000000000000e+00
4.622407897587296333e+01,0.000000000000000000e+00
3.892059558666736763e+01,0.000000000000000000e+00
3.987224716770543154e+01,0.000000000000000000e+00
4.263378788715812107e+01,0.000000000000000000e+00
3.847645689226531118e+01,0.000000000000000000e+00
3.979153946721488921e+01,0.000000000000000000e+00
4.353575051615993630e+01,0.000000000000000000e+00
3.903444578807831533e+01,0.000000000000000000e+00
4.040162229326178078e+01,0.000000000000000000e+00
3.775916899334742993e+01,0.000000000000000000e+00
4.202102214846754435e+01,0.000000000000000000e+00
4.108968968808098765e+01,0.000000000000000000e+00
4.122341550750838479e+01,0.000000000000000000e+00
3.910787785024825780e+01,0.000000000000000000e+00
4.339411355576856266e+01,0.000000000000000000e+00
3.757929639142934519e+01,0.000000000000000000e+00
4.576422430923422269e+01,0.000000000000000000e+00
3.772295197543854073e+01,0.000000000000000000e+00
4.077327836747348755e+01,0.000000000000000000e+00
4.271980799754671665e+01,0.000000000000000000e+00
4.280364957776255608e+01,0.000000000000000000e+00
4.028957942475393850e+01,0.000000000000000000e+00
3.636562673612012730e+01,0.000000000000000000e+00
4.141073829160077935e+01,0.000000000000000000e+00
3.593377043045649799e+01,0.000000000000000000e+00
4.034393360056357380e+01,0.000000000000000000e+00
3.925288129805463200e+01,0.000000000000000000e+00
4.003987148687291153e+01,0.000000000000000000e+00
3.930521374417350700e+01,0.000000000000000000e+00
4.024828411533911066e+01,0.000000000000000000e+00
4.064473190074298259e+01,0.000000000000000000e+00
3.636969342232012536e+01,0.000000000000000000e+00
3.744087844677036259e+01,0.000000000000000000e+00
3.823174797549257420e+01,0.000000000000000000e+00
3.897895815483123272e+01,0.000000000000000000e+00
3.618612071766137461e+01,0.000000000000000000e+00
4.037318855397278128e+01,0.000000000000000000e+00
3.909980215301762030e+01,0.000000000000000000e+00
3.731253643580040347e+01,0.000000000000000000e+00
4.208503817914654377e+01,0.000000000000000000e+00
3.470088645829780205e+01,0.000000000000000000e+00
3.752930556109866700e+01,0.000000000000000000e+00
3.673476924772299412e+01,0.000000000000000000e+00
3.666955834741899167e+01,0.000000000000000000e+00
3.510836348093836534e+01,0.000000000000000000e+00
4.022701438828045895e+01,0.000000000000000000e+00
3.919184915899744936e+01,0.000000000000000000e+00
3.973598792250081857e+01,0.000000000000000000e+00
3.565840822107794850e+01,0.000000000000000000e+00
4.118442409081609412e+01,0.000000000000000000e+00
3.926828045674407974e+01,0.000000000000000000e+00
3.677391043041870944e+01,0.000000000000000000e+00
3.960323672505786874e+01,0.000000000000000000e+00
3.482141115406989229e+01,0.000000000000000000e+00
3.900750101530104530e+01,0.000000000000000000e+00
3.544739043067057338e+01,0.000000000000000000e+00
3.626889230907861617e+01,0.000000000000000000e+00
3.809466273871923647e+01,0.000000000000000000e+00
3.864369899306088740e+01,0.000000000000000000e+00
3.454127756677873151e+01,0.000000000000000000e+00
3.681213125567845879e+01,0.000000000000000000e+00
3.629446571636008656e+01,0.000000000000000000e+00
3.509538581358245324e+01,0.000000000000000000e+00
3.644352497738083940e+01,0.000000000000000000e+00
3.512441525660440078e+01,0.000000000000000000e+00
3.673730634241540827e+01,0.000000000000000000e+00
3.137801561309776943e+01,0.000000000000000000e+00
3.355954151258409013e+01,0.000000000000000000e+00
3.713770766248328670e+01,0.000000000000000000e+00
3.619847860594354216e+01,0.000000000000000000e+00
3.304364387037163198e+01,0.000000000000000000e+00
3.446622806827389951e+01,0.000000000000000000e+00
3.520509772122584735e+01,0.000000000000000000e+00
3.435014785712517948e+01,0.000000000000000000e+00
3.550209580174441015e+01,0.000000000000000000e+00
3.456788491173410449e+01,0.000000000000000000e+00
3.231190285674711760e+01,0.000000000000000000e+00
3.508330068272852031e+01,0.000000000000000000e+00
3.446041821386005921e+01,0.000000000000000000e+00
3.601008391558826816e+01,0.000000000000000000e+00
3.679449709703651195e+01,0.000000000000000000e+00
3.818185731027310936e+01,0.000000000000000000e+00
3.497597007005958147e+01,0.000000000000000000e+00
3.485518199654048033e+01,0.000000000000000000e+00
3.481746006698585205e+01,0.000000000000000000e+00
3.588284636308425490e+01,0.000000000000000000e+00
3.519269762112210742e+01,0.000000000000000000e+00
3.102839761799431528e+01,0.000000000000000000e+00
3.296371188327133694e+01,0.000000000000000000e+00
3.620919029692932867e+01,0.000000000000000000e+00
3.646804532375181651e+01,0.000000000000000000e+00
3.562465725251171023e+01,0.000000000000000000e+00
3.580854000355561340e+01,0.000000000000000000e+00
3.181351871760966787e+01,0.000000000000000000e+00
3.259717701478975016e+01,0.000000000000000000e+00
3.453904083076837139e+01,0.000000000000000000e+00
3.164319642295795987e+01,0.000000000000000000e+00
3.513068379943783981e+01,0.000000000000000000e+00
3.498130112047006435e+01,0.000000000000000000e+00
3.381228172436848922e+01,0.000000000000000000e+00
3.428129229609722017e+01,0.000000000000000000e+00
3.495815289010338489e+01,0.000000000000000000e+00
3.036022464578899260e+01,0.000000000000000000e+00
3.004903726197910885e+01,0.000000000000000000e+00
3.436530277789001531e+01,0.000000000000000000e+00
3.069451950989950006e+01,0.000000000000000000e+00
3.465940667355971527e+01,0.000000000000000000e+00
3.480971679568835242e+01,0.000000000000000000e+00
3.468790828940288407e+01,0.000000000000000000e+00
3.369112371566656350e+01,0.000000000000000000e+00
3.070082539399648525e+01,0.000000000000000000e+00
3.411007314336272600e+01,0.000000000000000000e+00
3.245861931677267620e+01,0.000000000000000000e+00
3.224871728385832625e+01,0.000000000000000000e+00
3.167224201093108604e+01,0.000000000000000000e+00
3.630640312098777400e+01,0.000000000000000000e+00
3.064102949821258193e+01,0.000000000000000000e+00
3.064953720986592600e+01,0.000000000000000000e+00
3.398902393919719600e+01,0.000000000000000000e+00
3.084755149636892213e+01,0.000000000000000000e+00
2.825743313063292916e+01,0.000000000000000000e+00
3.098177668089247305e+01,0.000000000000000000e+00
3.180177462934405241e+01,0.000000000000000000e+00
2.970150022170181714e+01,0.000000000000000000e+00
3.306284822044120375e+01,0.000000000000000000e+00
3.527200705468835196e+01,0.000000000000000000e+00
3.320860818002709181e+01,0.000000000000000000e+00
3.348330429482724213e+01,0.000000000000000000e+00
3.211635219543596520e+01,0.000000000000000000e+00
3.221720704431298543e+01,0.000000000000000000e+00
2.903418652944915124e+01,0.000000000000000000e+00
3.006964894344192984e+01,0.000000000000000000e+00
3.136112815022216438e+01,0.000000000000000000e+00
2.740298387071722175e+01,0.000000000000000000e+00
3.126110072342061130e+01,0.000000000000000000e+00
3.491192730824123203e+01,0.000000000000000000e+00
2.965736833503320469e+01,0.000000000000000000e+00
3.170094635050529774e+01,0.000000000000000000e+00
3.332295941895353764e+01,0.000000000000000000e+00
3.117329770649878995e+01,0.000000000000000000e+00
3.214750598017234040e+01,0.000000000000000000e+00
3.434943315836049038e+01,0.000000000000000000e+00
3.228203632874497941e+01,0.000000000000000000e+00
3.045400706435827942e+01,0.000000000000000000e+00
3.302492147221052932e+01,0.000000000000000000e+00
3.407315392106074370e+01,0.000000000000000000e+00
2.820031650856398286e+01,0.000000000000000000e+00
3.002035569927708636e+01,0.000000000000000000e+00
2.874274535744803316e+01,0.000000000000000000e+00
3.089745318673336882e+01,0.000000000000000000e+00
3.393074981930060829e+01,0.000000000000000000e+00
2.931589052748286406e+01,0.000000000000000000e+00
2.886132983009200714e+01,0.000000000000000000e+00
3.080164923956892764e+01,0.000000000000000000e+00
3.081449995646192974e+01,0.000000000000000000e+00
2.777770697096407559e+01,0.000000000000000000e+00
2.953447616857173230e+01,0.000000000000000000e+00
2.451084185913740399e+01,0.000000000000000000e+00
3.030646266029967606e+01,0.000000000000000000e+00
3.116985619685055298e+01,0.000000000000000000e+00
3.205036617591174064e+01,0.000000000000000000e+00
3.101881199276522594e+01,0.000000000000000000e+00
3.177148494291813918e+01,0.000000000000000000e+00
3.160805161507173366e+01,0.000000000000000000e+00
2.901337082881664386e+01,0.000000000000000000e+00
2.999965475245473456e+01,0.000000000000000000e+00
2.651944554772672547e+01,0.000000000000000000e+00
3.133543330685341743e+01,0.000000000000000000e+00
2.770236403497831290e+01,0.000000000000000000e+00
2.834606911796919704e+01,0.000000000000000000e+00
3.192356245947620508e+01,0.000000000000000000e+00
3.137259012533079172e+01,0.000000000000000000e+00
3.096400092613745869e+01,0.000000000000000000e+00
3.220904699199345345e+01,0.000000000000000000e+00
2.629051701137763075e+01,0.000000000000000000e+00
2.780241344370210044e+01,0.000000000000000000e+00
2.935829564474610365e+01,0.000000000000000000e+00
3.174224623975332449e+01,0.000000000000000000e+00
3.099789587337746610e+01,0.000000000000000000e+00
3.080780888440365572e+01,0.000000000000000000e+00
2.660180759422386387e+01,0.000000000000000000e+00
3.257919982052835906e+01,0.000000000000000000e+00
3.100372540319475334e+01,0.000000000000000000e+00
2.738634728085920500e+01,0.000000000000000000e+00
2.907694360878213402e+01,0.000000000000000000e+00
2.914826135300569021e+01,0.000000000000000000e+00
3.024661863528588057e+01,0.000000000000000000e+00
2.971175080740554719e+01,0.000000000000000000e+00
3.264457039449661835e+01,0.000000000000000000e+00
2.961905143543188856e+01,0.000000000000000000e+00
2.852585636759216925e+01,0.000000000000000000e+00
2.670731579477848783e+01,0.000000000000000000e+00
2.958537659297892830e+01,0.000000000000000000e+00
2.920082948111893373e+01,0.000000000000000000e+00
2.719827892141425352e+01,0.000000000000000000e+00
2.949013364087007361e+01,0.000000000000000000e+00
2.587942204338026642e+01,0.000000000000000000e+00
2.605891575376693226e+01,0.000000000000000000e+00
2.622789954668698087e+01,0.000000000000000000e+00
2.595574729824830484e+01,0.000000000000000000e+00
2.616738582259299406e+01,0.000000000000000000e+00
2.610113700097367584e+01,0.000000000000000000e+00
2.218700387886318737e+01,0.000000000000000000e+00
2.851909659470308611e+01,0.000000000000000000e+00
2.594406158141218555e+01,0.000000000000000000e+00
2.790746215982677469e+01,0.000000000000000000e+00
2.754804462532197817e+01,0.000000000000000000e+00
2.973283385064566886e+01,0.000000000000000000e+00
2.482195605984330911e+01,0.000000000000000000e+00
2.621875409102559118e+01,0.000000000000000000e+00
2.791792979326529789e+01,0.000000000000000000e+00
2.755824731728997179e+01,0.000000000000000000e+00
2.607955119742230821e+01,0.000000000000000000e+00
3.145318968110485258e+01,0.000000000000000000e+00
2.851861691305758839e+01,0.000000000000000000e+00
3.087150052037027947e+01,0.000000000000000000e+00
2.575682423629929829e+01,0.000000000000000000e+00
2.229919710096680774e+01,0.000000000000000000e+00
2.870242840767226511e+01,0.000000000000000000e+00
2.580271862139160532e+01,0.000000000000000000e+00
2.732517605746080847e+01,0.000000000000000000e+00
3.003143093592117552e+01,0.000000000000000000e+00
2.891436266562023860e+01,0.000000000000000000e+00
2.513122383071727128e+01,0.000000000000000000e+00
2.767077259832600333e+01,0.000000000000000000e+00
2.571853314298461868e+01,0.000000000000000000e+00
2.770786637332578550e+01,0.000000000000000000e+00
2.204960669776920668e+01,0.000000000000000000e+00
2.554433495031504364e+01,0.000000000000000000e+00
2.549356545874849189e+01,0.000000000000000000e+00
2.373776901935023176e+01,0.000000000000000000e+00
2.688358960215350990e+01,0.000000000000000000e+00
2.732786130156467053e+01,0.000000000000000000e+00
2.754921267318744071e+01,0.000000000000000000e+00
2.413545835958903396e+01,0.000000000000000000e+00
2.582554310125638963e+01,0.000000000000000000e+00
2.617660672529636301e+01,0.000000000000000000e+00
2.590039842249613500e+01,0.000000000000000000e+00
2.793959722514198418e+01,0.000000000000000000e+00
2.570069013250797951e+01,0.000000000000000000e+00
2.903462920521358726e+01,0.000000000000000000e+00
2.534767600613833238e+01,0.000000000000000000e+00
2.558153230321350335e+01,0.000000000000000000e+00
2.476969432244106173e+01,0.000000000000000000e+00
2.689029183317655836e+01,0.000000000000000000e+00
2.464421566519626694e+01,0.000000000000000000e+00
2.742649532326938555e+01,0.000000000000000000e+00
2.419140853658159074e+01,0.000000000000000000e+00
2.550747999490567253e+01,0.000000000000000000e+00
2.357539601486790914e+01,0.000000000000000000e+00
2.074535504516996554e+01,0.000000000000000000e+00
2.210938142360152980e+01,0.000000000000000000e+00
2.581148390294842088e+01,0.000000000000000000e+00
2.429606333708192878e+01,0.000000000000000000e+00
2.530207697364993535e+01,0.000000000000000000e+00
2.557030809392484372e+01,0.000000000000000000e+00
2.404721133528676091e+01,0.000000000000000000e+00
2.156343360147350552e+01,0.000000000000000000e+00
2.408885992386995767e+01,0.000000000000000000e+00
2.338472364168829642e+01,0.000000000000000000e+00
2.405581643707275319e+01,0.000000000000000000e+00
2.404243235853315142e+01,0.000000000000000000e+00
2.483994694656857050e+01,0.000000000000000000e+00
2.043503967287728074e+01,0.000000000000000000e+00
2.423710694504742946e+01,0.000000000000000000e+00
2.333335816754443570e+01,0.000000000000000000e+00
2.346130669010431191e+01,0.000000000000000000e+00
2.029918643003197332e+01,0.000000000000000000e+00
2.438700733016575128e+01,0.000000000000000000e+00
2.327477786618338129e+01,0.000000000000000000e+00
2.052149294319164952e+01,0.000000000000000000e+00
2.289721159826225616e+01,0.000000000000000000e+00
2.772171542437140346e+01,0.000000000000000000e+00
2.284536543624549765e+01,0.000000000000000000e+00
2.547120987712965956e+01,0.000000000000000000e+00
1.999929417912478158e+01,0.000000000000000000e+00
2.616284208863754301e+01,0.000000000000000000e+00
2.255626598041436282e+01,0.000000000000000000e+00
2.287818580943483227e+01,0.000000000000000000e+00
2.411275685297256999e+01,0.000000000000000000e+00
2.549744877328127046e+01,0.000000000000000000e+00
2.319528677808741790e+01,0.000000000000000000e+00
2.236001453934386873e+01,0.000000000000000000e+00
2.707533602184501476e+01,0.000000000000000000e+00
2.328661650554433038e+01,0.000000000000000000e+00
2.291037668546017514e+01,0.000000000000000000e+00
2.340611640268909355e+01,0.000000000000000000e+00
2.220970997804766611e+01,0.000000000000000000e+00
2.485739342034802846e+01,0.000000000000000000e+00
2.523373749695193169e+01,0.000000000000000000e+00
2.338899722148588012e+01,0.000000000000000000e+00
2.107111036079366073e+01,0.000000000000000000e+00
2.229797756057347868e+01,0.000000000000000000e+00
2.478887265916576865e+01,0.000000000000000000e+00
2.019313460511999381e+01,0.000000000000000000e+00
2.222237946574658807e+01,0.000000000000000000e+00
2.353674861169042387e+01,0.000000000000000000e+00
2.354662654760350549e+01,0.000000000000000000e+00
2.412342464311430490e+01,0.000000000000000000e+00
2.457067627406077293e+01,0.000000000000000000e+00
2.232919272696098290e+01,0.000000000000000000e+00
2.043214053065628377e+01,0.000000000000000000e+00
2.215011184738355254e+01,0.000000000000000000e+00
2.166546041456231464e+01,0.000000000000000000e+00
2.086053465202697055e+01,0.000000000000000000e+00
2.643879445606722456e+01,0.000000000000000000e+00
2.411360544060069699e+01,0.000000000000000000e+00
2.456990407846952351e+01,0.000000000000000000e+00
2.230319771107811988e+01,0.000000000000000000e+00
2.346624011693720391e+01,0.000000000000000000e+00
2.370937508789906900e+01,0.000000000000000000e+00
2.188153616188737161e+01,0.000000000000000000e+00
2.029827179575095286e+01,0.000000000000000000e+00
1.906285406560066065e+01,0.000000000000000000e+00
2.090035644849695373e+01,0.000000000000000000e+00
1.943290504269424446e+01,0.000000000000000000e+00
2.218706104821522018e+01,0.000000000000000000e+00
2.469435760310532046e+01,0.000000000000000000e+00
2.264145219862860614e+01,0.000000000000000000e+00
2.470740417117691834e+01,0.000000000000000000e+00
2.384959011128466244e+01,0.000000000000000000e+00
2.199598564215071406e+01,0.000000000000000000e+00
2.478029158172382296e+01,0.000000000000000000e+00
2.146485196757259573e+01,0.000000000000000000e+00
2.092085036624627392e+01,0.000000000000000000e+00
1.793878367077718394e+01,0.000000000000000000e+00
2.113967847306987125e+01,0.000000000000000000e+00
1.498285300428911881e+01,0.000000000000000000e+00
2.451888493713340367e+01,0.000000000000000000e+00
1.946208125215216711e+01,0.000000000000000000e+00
2.340192880310071288e+01,0.000000000000000000e+00
2.211216449202516188e+01,0.000000000000000000e+00
2.394862524945711968e+01,0.000000000000000000e+00
2.223171488824005237e+01,0.000000000000000000e+00
2.154009510526265458e+01,0.000000000000000000e+00
2.405904503344932976e+01,0.000000000000000000e+00
2.176431100447143407e+01,0.000000000000000000e+00
2.219835556795661802e+01,0.000000000000000000e+00
2.151457485302566752e+01,0.000000000000000000e+00
2.124579027837009448e+01,0.000000000000000000e+00
2.513548071888665802e+01,0.000000000000000000e+00
2.073423719616953065e+01,0.000000000000000000e+00
1.946666316427794996e+01,0.000000000000000000e+00
1.988525212610941040e+01,0.000000000000000000e+00
2.086737120852055227e+01,0.000000000000000000e+00
2.543256708585181158e+01,0.000000000000000000e+00
2.258893078796312537e+01,0.000000000000000000e+00
2.187122535188905559e+01,0.000000000000000000e+00
2.231313016079413813e+01,0.000000000000000000e+00
2.098918397423055282e+01,0.000000000000000000e+00
2.125529294869240715e+01,0.000000000000000000e+00
1.999975943125886957e+01,0.000000000000000000e+00
2.288144913059784358e+01,0.000000000000000000e+00
2.048165617464960420e+01,0.000000000000000000e+00
2.209789677410465814e+01,0.000000000000000000e+00
1.895073082049555069e+01,0.000000000000000000e+00
1.894573682762230504e+01,0.000000000000000000e+00
1.991503364293112455e+01,0.000000000000000000e+00
2.037639422936879896e+01,0.000000000000000000e+00
1.895701988944298577e+01,0.000000000000000000e+00
2.376199558848416871e+01,0.000000000000000000e+00
2.279452788892027826e+01,0.000000000000000000e+00
2.192169349638256648e+01,0.000000000000000000e+00
2.099782787109749194e+01,0.000000000000000000e+00
2.166563077553223948e+01,0.000000000000000000e+00
2.222404982606715151e+01,0.000000000000000000e+00
2.235601105474783878e+01,0.000000000000000000e+00
1.909948078389042792e+01,0.000000000000000000e+00
1.875799077650553670e+01,0.000000000000000000e+00
2.114770273850064086e+01,0.000000000000000000e+00
2.100334614706439496e+01,0.000000000000000000e+00
1.999011357822271506e+01,0.000000000000000000e+00
1.791458146263170903e+01,0.000000000000000000e+00
2.520979859347069407e+01,0.000000000000000000e+00
1.822138755892603257e+01,0.000000000000000000e+00
2.131632955979471689e+01,0.000000000000000000e+00
2.223979432719486837e+01,0.000000000000000000e+00
2.241486882429069283e+01,0.000000000000000000e+00
2.226306938132398372e+01,0.000000000000000000e+00
2.135624057574615264e+01,0.000000000000000000e+00
2.082375080814224333e+01,0.000000000000000000e+00
2.115129316960931405e+01,0.000000000000000000e+00
1.856679163846779090e+01,0.000000000000000000e+00
2.005715735337514261e+01,0.000000000000000000e+00
2.164418136199305565e+01,0.000000000000000000e+00
2.056278842900532666e+01,0.000000000000000000e+00
1.846175481741331481e+01,0.000000000000000000e+00
2.196820752635496277e+01,0.000000000000000000e+00
1.814861496003365815e+01,0.000000000000000000e+00
2.043089210575476855e+01,0.000000000000000000e+00
2.190445921742598401e+01,0.000000000000000000e+00
1.876719291391792410e+01,0.000000000000000000e+00
1.747853340199722183e+01,0.000000000000000000e+00
2.326054216284103049e+01,0.000000000000000000e+00
2.182914410970724362e+01,0.000000000000000000e+00
2.290564897113601717e+01,0.000000000000000000e+00
2.003919901356081468e+01,0.000000000000000000e+00
2.326840136861980213e+01,0.000000000000000000e+00
2.162496469107724195e+01,0.000000000000000000e+00
2.386279429185059797e+01,0.000000000000000000e+00
2.219230186587669351e+01,0.000000000000000000e+00
1.928332496526670781e+01,0.000000000000000000e+00
2.076102288099945525e+01,0.000000000000000000e+00
2.376596015760113545e+01,0.000000000000000000e+00
2.208248307024292245e+01,0.000000000000000000e+00
1.819659334651989013e+01,0.000000000000000000e+00
2.071641813932497556e+01,0.000000000000000000e+00
2.159428300599569539e+01,0.000000000000000000e+00
2.093399700134767727e+01,0.000000000000000000e+00
1.951949414864002819e+01,0.000000000000000000e+00
2.027182057876693122e+01,0.000000000000000000e+00
2.343792862334666438e+01,0.000000000000000000e+00
1.940930646029085693e+01,0.000000000000000000e+00
1.788200629766353700e+01,0.000000000000000000e+00
2.021244105892072440e+01,0.000000000000000000e+00
1.812103351540247331e+01,0.000000000000000000e+00
2.038759076791392744e+01,0.000000000000000000e+00
1.923274573656893693e+01,0.000000000000000000e+00
1.775793430316414501e+01,0.000000000000000000e+00
2.407122469006648657e+01,0.000000000000000000e+00
1.966764171303443831e+01,0.000000000000000000e+00
1.985064724227213873e+01,0.000000000000000000e+00
1.921174265117722868e+01,0.000000000000000000e+00
1.631877182090648404e+01,0.000000000000000000e+00
2.002040688749995923e+01,0.000000000000000000e+00
2.029806778142420143e+01,0.000000000000000000e+00
1.893843951614085697e+01,0.000000000000000000e+00
2.461854817331505174e+01,0.000000000000000000e+00
2.005869061771720041e+01,0.000000000000000000e+00
1.679257098038662477e+01,0.000000000000000000e+00
1.717170488547469631e+01,0.000000000000000000e+00
2.098656927763527236e+01,0.000000000000000000e+00
2.156494817099119032e+01,0.000000000000000000e+00
2.206454984104073347e+01,0.000000000000000000e+00
2.296693631428636806e+01,0.000000000000000000e+00
2.203140288177869266e+01,0.000000000000000000e+00
2.396829522976352678e+01,0.000000000000000000e+00
1.843940878713791065e+01,0.000000000000000000e+00
1.887474006836436047e+01,0.000000000000000000e+00
2.585080167862071931e+01,0.000000000000000000e+00
1.999883267776525031e+01,0.000000000000000000e+00
2.091482550640827753e+01,0.000000000000000000e+00
2.221644711858684218e+01,0.000000000000000000e+00
1.487610945120956707e+01,0.000000000000000000e+00
2.304098211401240093e+01,0.000000000000000000e+00
2.103220707841913395e+01,0.000000000000000000e+00
1.978135830125192740e+01,0.000000000000000000e+00
1.985274181777635150e+01,0.000000000000000000e+00
2.342217004691679705e+01,0.000000000000000000e+00
2.064576605673779142e+01,0.000000000000000000e+00
1.862888636230495720e+01,0.000000000000000000e+00
2.080356972171099272e+01,0.000000000000000000e+00
2.255259234711856919e+01,0.000000000000000000e+00
1.923071481558939055e+01,0.000000000000000000e+00
1.879062527264435190e+01,0.000000000000000000e+00
2.001307545248148756e+01,0.000000000000000000e+00
1.660368724395919671e+01,0.000000000000000000e+00
1.886443486064675312e+01,0.000000000000000000e+00
2.134017185105144421e+01,0.000000000000000000e+00
1.940825708325538912e+01,0.000000000000000000e+00
1.843853555261706134e+01,0.000000000000000000e+00
2.031346724626520484e+01,0.000000000000000000e+00
1.975042088577504629e+01,0.000000000000000000e+00
2.075630278410298857e+01,0.000000000000000000e+00
2.175117968089743314e+01,0.000000000000000000e+00
1.903068158259255327e+01,0.000000000000000000e+00
1.981906183162058710e+01,0.000000000000000000e+00
2.156021010052169018e+01,0.000000000000000000e+00
1.819432372633925610e+01,0.000000000000000000e+00
2.190115293938582397e+01,0.000000000000000000e+00
2.043351523836890138e+01,0.000000000000000000e+00
2.385827073202349879e+01,0.000000000000000000e+00
2.064651685139884663e+01,0.000000000000000000e+00
1.974241842509592360e+01,0.000000000000000000e+00
2.063007466546279289e+01,0.000000000000000000e+00
2.109391990934735972e+01,0.000000000000000000e+00
2.493602379581004769e+01,0.000000000000000000e+00
1.428974595200477005e+01,0.000000000000000000e+00
1.995250017973920720e+01,0.000000000000000000e+00
1.886259094621344801e+01,0.000000000000000000e+00
1.803748786929252290e+01,0.000000000000000000e+00
1.911603100453151782e+01,0.000000000000000000e+00
2.136680102478833021e+01,0.000000000000000000e+00
1.972465880467139954e+01,0.000000000000000000e+00
2.358985633562260631e+01,0.000000000000000000e+00
1.876304509114731545e+01,0.000000000000000000e+00
2.172006891274313389e+01,0.000000000000000000e+00
2.166067988718964443e+01,0.000000000000000000e+00
2.314811532507140868e+01,0.000000000000000000e+00
1.955004983325031276e+01,0.000000000000000000e+00
2.027065045330219206e+01,0.000000000000000000e+00
1.959815905691401383e+01,0.000000000000000000e+00
2.175655286518782461e+01,0.000000000000000000e+00
2.010854538164882754e+01,0.000000000000000000e+00
1.698471721214017549e+01,0.000000000000000000e+00
1.629661987577819460e+01,0.000000000000000000e+00
2.073512031708426306e+01,0.000000000000000000e+00
2.420510534843009509e+01,0.000000000000000000e+00
1.715822676142636638e+01,0.000000000000000000e+00
2.279078320422050652e+01,0.000000000000000000e+00
1.825116289571079164e+01,0.000000000000000000e+00
1.965803268365972301e+01,0.000000000000000000e+00
1.877447837244546491e+01,0.000000000000000000e+00
1.871802643837000346e+01,0.000000000000000000e+00
2.156617428577944651e+01,0.000000000000000000e+00
2.412592065037158306e+01,0.000000000000000000e+00
1.428173891098106196e+01,0.000000000000000000e+00
2.143811913922554879e+01,0.000000000000000000e+00
2.054819564103491558e+01,0.000000000000000000e+00
2.116614424293987184e+01,0.000000000000000000e+00
2.151085703195460752e+01,0.000000000000000000e+00
2.315696320398205188e+01,0.000000000000000000e+00
2.052287839844743900e+01,0.000000000000000000e+00
1.706858280435726627e+01,0.000000000000000000e+00
1.679060094948643211e+01,0.000000000000000000e+00
2.290839435288690140e+01,0.000000000000000000e+00
1.691178241043837360e+01,0.000000000000000000e+00
2.134932529018232827e+01,0.000000000000000000e+00
2.187859099004841568e+01,0.000000000000000000e+00
2.430304505564066986e+01,0.000000000000000000e+00
2.148410588086872508e+01,0.000000000000000000e+00
1.635946928678215784e+01,0.000000000000000000e+00
1.952969119399907427e+01,0.000000000000000000e+00
2.098805674548174238e+01,0.000000000000000000e+00
2.325898447398654412e+01,0.000000000000000000e+00
1.992910405285516262e+01,0.000000000000000000e+00
1.960024812321345067e+01,0.000000000000000000e+00
2.041372050477009736e+01,0.000000000000000000e+00
2.430911567389950179e+01,0.000000000000000000e+00
1.997672328014099818e+01,0.000000000000000000e+00
1.932463850880611034e+01,0.000000000000000000e+00
1.975181196399817907e+01,0.000000000000000000e+00
2.361717251273386253e+01,0.000000000000000000e+00
1.985719620188323375e+01,0.000000000000000000e+00
1.952265195372784135e+01,0.000000000000000000e+00
2.283367363113104176e+01,0.000000000000000000e+00
1.997736719498814395e+01,0.000000000000000000e+00
2.021246882642696008e+01,0.000000000000000000e+00
1.932187191375192015e+01,0.000000000000000000e+00
2.264855283638085481e+01,0.000000000000000000e+00
1.911404063108593476e+01,0.000000000000000000e+00
1.966899910076449842e+01,0.000000000000000000e+00
2.011848394699677556e+01,0.000000000000000000e+00
1.777223089750847862e+01,0.000000000000000000e+00
2.197936353249967922e+01,0.000000000000000000e+00
2.256746765826958878e+01,0.000000000000000000e+00
2.278667828738955592e+01,0.000000000000000000e+00
2.732750059889708893e+01,0.000000000000000000e+00
1.782564593581125223e+01,0.000000000000000000e+00
2.325550417197317188e+01,0.000000000000000000e+00
1.872618265118708791e+01,0.000000000000000000e+00
2.137401669849596431e+01,0.000000000000000000e+00
1.768564171569499166e+01,0.000000000000000000e+00
2.365224526632373880e+01,0.000000000000000000e+00
2.271409371507681385e+01,0.000000000000000000e+00
2.228466184235405834e+01,0.000000000000000000e+00
2.198604877541572833e+01,0.000000000000000000e+00
1.931260574489369120e+01,0.000000000000000000e+00
1.542223309587500779e+01,0.000000000000000000e+00
2.083518054682487630e+01,0.000000000000000000e+00
1.741779246698778749e+01,0.000000000000000000e+00
2.261247745472805093e+01,0.000000000000000000e+00
2.154634553451034051e+01,0.000000000000000000e+00
1.858631649032591682e+01,0.000000000000000000e+00
2.110847076435326386e+01,0.000000000000000000e+00
2.264237738143568635e+01,0.000000000000000000e+00
1.845257528730619612e+01,0.000000000000000000e+00
2.160552900720740510e+01,0.000000000000000000e+00
2.145906381216717662e+01,0.000000000000000000e+00
1.942671017831573366e+01,0.000000000000000000e+00
2.051724648503949666e+01,0.000000000000000000e+00
1.982776330551120481e+01,0.000000000000000000e+00
1.972574422185222787e+01,0.000000000000000000e+00
2.317379521746648408e+01,0.000000000000000000e+00
2.190939175888876633e+01,0.000000000000000000e+00
2.133750053219700860e+01,0.000000000000000000e+00
1.940796377626506342e+01,0.000000000000000000e+00
2.078894303098301322e+01,0.000000000000000000e+00
2.200938748700462355e+01,0.000000000000000000e+00
2.431172583672211474e+01,0.000000000000000000e+00
1.808610323841803691e+01,0.000000000000000000e+00
2.203750038291547142e+01,0.000000000000000000e+00
2.084718676021005024e+01,0.000000000000000000e+00
2.261410748878834553e+01,0.000000000000000000e+00
2.098007676237322272e+01,0.000000000000000000e+00
2.202948535633043292e+01,0.000000000000000000e+00
2.197659197642301976e+01,0.000000000000000000e+00
2.040978752050583012e+01,0.000000000000000000e+00
2.160385850076100311e+01,0.000000000000000000e+00
1.663377198576109706e+01,0.000000000000000000e+00
1.604676138192517243e+01,0.000000000000000000e+00
1.888499222517634379e+01,0.000000000000000000e+00
2.317919055729188571e+01,0.000000000000000000e+00
2.098327710057482776e+01,0.000000000000000000e+00
2.391671479316396187e+01,0.000000000000000000e+00
2.390497581860403287e+01,0.000000000000000000e+00
1.986405687771992845e+01,0.000000000000000000e+00
2.080763492424781091e+01,0.000000000000000000e+00
2.442957565925119212e+01,0.000000000000000000e+00
1.867994828775631788e+01,0.000000000000000000e+00
2.433572401292275345e+01,0.000000000000000000e+00
2.387794982783715270e+01,0.000000000000000000e+00
2.101780801085068262e+01,0.000000000000000000e+00
2.072620443602111351e+01,0.000000000000000000e+00
2.308867516625435456e+01,0.000000000000000000e+00
2.204123561873673154e+01,0.000000000000000000e+00
2.273727190142452059e+01,0.000000000000000000e+00
1.589184567171552942e+01,0.000000000000000000e+00
2.370358899288426002e+01,0.000000000000000000e+00
2.170314134039535503e+01,0.000000000000000000e+00
2.152163651802506905e+01,0.000000000000000000e+00
1.940562507458771790e+01,0.000000000000000000e+00
2.042545004927486829e+01,0.000000000000000000e+00
1.984945832117330866e+01,0.000000000000000000e+00
2.366771448250472787e+01,0.000000000000000000e+00
2.254553784221140944e+01,0.000000000000000000e+00
2.357373092081726185e+01,0.000000000000000000e+00
2.146893642537516200e+01,0.000000000000000000e+00
2.136268986936792302e+01,0.000000000000000000e+00
2.142332078316276167e+01,0.000000000000000000e+00
2.113749992695486313e+01,0.000000000000000000e+00
2.387445367340810520e+01,0.000000000000000000e+00
2.303687422151395836e+01,0.000000000000000000e+00
2.259655291672912725e+01,0.000000000000000000e+00
2.700664844735758052e+01,0.000000000000000000e+00
2.257056990032921817e+01,0.000000000000000000e+00
2.453775358225217929e+01,0.000000000000000000e+00
2.374375005533793725e+01,0.000000000000000000e+00
2.461937197432733626e+01,0.000000000000000000e+00
2.320935539317620666e+01,0.000000000000000000e+00
2.326315571080374767e+01,0.000000000000000000e+00
1.750839541124454612e+01,0.000000000000000000e+00
2.497454637061386507e+01,0.000000000000000000e+00
2.122756965778830818e+01,0.000000000000000000e+00
2.053796821111619053e+01,0.000000000000000000e+00
2.308755640440941193e+01,0.000000000000000000e+00
2.439255410321171880e+01,0.000000000000000000e+00
2.538176494277540485e+01,0.000000000000000000e+00
2.268184650074163144e+01,0.000000000000000000e+00
2.515879617060481266e+01,0.000000000000000000e+00
2.404457752317024344e+01,0.000000000000000000e+00
2.558795726413513805e+01,0.000000000000000000e+00
2.409699792364089888e+01,0.000000000000000000e+00
2.506442210246034108e+01,0.000000000000000000e+00
2.301726105569792225e+01,0.000000000000000000e+00
2.245682993466081712e+01,0.000000000000000000e+00
2.223143374428079966e+01,0.000000000000000000e+00
2.122984437110806866e+01,0.000000000000000000e+00
2.366736600599456608e+01,0.000000000000000000e+00
2.250300765691891058e+01,0.000000000000000000e+00
2.022963036453138130e+01,0.000000000000000000e+00
2.846328654554069004e+01,0.000000000000000000e+00
2.252328847491055797e+01,0.000000000000000000e+00
2.366046031953280959e+01,0.000000000000000000e+00
2.439850918863362494e+01,0.000000000000000000e+00
2.156537582238700423e+01,0.000000000000000000e+00
2.321478707439092304e+01,0.000000000000000000e+00
2.526787362409277904e+01,0.000000000000000000e+00
2.279137212588252837e+01,0.000000000000000000e+00
2.642599735772576963e+01,0.000000000000000000e+00
2.239212739986631817e+01,0.000000000000000000e+00
2.553278468775073762e+01,0.000000000000000000e+00
2.297610227631391666e+01,0.000000000000000000e+00
2.039007594588351679e+01,0.000000000000000000e+00
2.773745294046210219e+01,0.000000000000000000e+00
2.466645769660554066e+01,0.000000000000000000e+00
2.550522023844171926e+01,0.000000000000000000e+00
2.237683378445318283e+01,0.000000000000000000e+00
2.415821387535638110e+01,0.000000000000000000e+00
2.882026827898413046e+01,0.000000000000000000e+00
2.475276100791992917e+01,0.000000000000000000e+00
2.470232309792152492e+01,0.000000000000000000e+00
2.769622496668561240e+01,0.000000000000000000e+00
2.264609127880936157e+01,0.000000000000000000e+00
2.575837029034844861e+01,0.000000000000000000e+00
2.136772548450071696e+01,0.000000000000000000e+00
2.564774485555841466e+01,0.000000000000000000e+00
2.222221537351779830e+01,0.000000000000000000e+00
2.300594654411039741e+01,0.000000000000000000e+00
2.358277661259360869e+01,0.000000000000000000e+00
2.418158564734635618e+01,0.000000000000000000e+00
2.333347554063749740e+01,0.000000000000000000e+00
2.379009569823532999e+01,0.000000000000000000e+00
2.424073763410786242e+01,0.000000000000000000e+00
2.328239313340142047e+01,0.000000000000000000e+00
2.380473252295430697e+01,0.000000000000000000e+00
2.306736419554448503e+01,0.000000000000000000e+00
2.709297379898207225e+01,0.000000000000000000e+00
2.947676164935747778e+01,0.000000000000000000e+00
3.038650589358090670e+01,0.000000000000000000e+00
2.510590008744335577e+01,0.000000000000000000e+00
2.730694740911334861e+01,0.000000000000000000e+00
2.525376427650887123e+01,0.000000000000000000e+00
2.553002185970923676e+01,0.000000000000000000e+00
2.653295815678747616e+01,0.000000000000000000e+00
2.432218683174217233e+01,0.000000000000000000e+00
2.640307917248560798e+01,0.000000000000000000e+00
2.623271403140261526e+01,0.000000000000000000e+00
2.613533961250566406e+01,0.000000000000000000e+00
2.765818693888943969e+01,0.000000000000000000e+00
2.572557347821888740e+01,0.000000000000000000e+00
2.559443319605104250e+01,0.000000000000000000e+00
2.462278263347962337e+01,0.000000000000000000e+00
2.638894059580999141e+01,0.000000000000000000e+00
2.560418330965604028e+01,0.000000000000000000e+00
2.506090481652591961e+01,0.000000000000000000e+00
2.890828575131240896e+01,0.000000000000000000e+00
2.616228280764119773e+01,0.000000000000000000e+00
2.793722535016335229e+01,0.000000000000000000e+00
2.654693094962697231e+01,0.000000000000000000e+00
2.904017381180594626e+01,0.000000000000000000e+00
2.533793115114459127e+01,0.000000000000000000e+00
2.558173166747921812e+01,0.000000000000000000e+00
3.116137196862505832e+01,0.000000000000000000e+00
2.570133193662266535e+01,0.000000000000000000e+00
2.271527810074593035e+01,0.000000000000000000e+00
2.949947366762561174e+01,0.000000000000000000e+00
2.688342702498612979e+01,0.000000000000000000e+00
2.841452820380559530e+01,0.000000000000000000e+00
2.359617409624773643e+01,0.000000000000000000e+00
2.335262984574829659e+01,0.000000000000000000e+00
2.901830474911086455e+01,0.000000000000000000e+00
2.711195592967289869e+01,0.000000000000000000e+00
2.571475941731759463e+01,0.000000000000000000e+00
3.071171377026530536e+01,0.000000000000000000e+00
2.756188760064097565e+01,0.000000000000000000e+00
2.992991379527359896e+01,0.000000000000000000e+00
2.547077072902452954e+01,0.000000000000000000e+00
2.881526746975105979e+01,0.000000000000000000e+00
2.421968854286888728e+01,0.000000000000000000e+00
2.915766208559190176e+01,0.000000000000000000e+00
2.817459208976145035e+01,0.000000000000000000e+00
3.010422614118053630e+01,0.000000000000000000e+00
2.734122012044822725e+01,0.000000000000000000e+00
2.437756993021580598e+01,0.000000000000000000e+00
2.506517621535843077e+01,0.000000000000000000e+00
2.613700561428987967e+01,0.000000000000000000e+00
2.555591078596813759e+01,0.000000000000000000e+00
2.837616562073567295e+01,0.000000000000000000e+00
2.828996806826359744e+01,0.000000000000000000e+00
3.127779391153008959e+01,0.000000000000000000e+00
3.029735586619101539e+01,0.000000000000000000e+00
2.648258737510303362e+01,0.000000000000000000e+00
2.834842481170826645e+01,0.000000000000000000e+00
2.621554174007534499e+01,0.000000000000000000e+00
2.603685631928832223e+01,0.000000000000000000e+00
2.723511955859299505e+01,0.000000000000000000e+00
2.736392170199587071e+01,0.000000000000000000e+00
2.844081888268017622e+01,0.000000000000000000e+00
3.052948489059147263e+01,0.000000000000000000e+00
2.657575093450306269e+01,0.000000000000000000e+00
3.003649514874489768e+01,0.000000000000000000e+00
2.914153464464683552e+01,0.000000000000000000e+00
2.871121945399766062e+01,0.000000000000000000e+00
3.254121417423763063e+01,0.000000000000000000e+00
2.861070355693652800e+01,0.000000000000000000e+00
2.837413361605978679e+01,0.000000000000000000e+00
2.975241365403243421e+01,0.000000000000000000e+00
2.882603456727035862e+01,0.000000000000000000e+00
2.875706014778215902e+01,0.000000000000000000e+00
2.568301563385900721e+01,0.000000000000000000e+00
2.995576683681991170e+01,0.000000000000000000e+00
3.038722617137710102e+01,0.000000000000000000e+00
2.929056780659773551e+01,0.000000000000000000e+00
3.083861244188593176e+01,0.000000000000000000e+00
2.955488000686315075e+01,0.000000000000000000e+00
2.756514839845266351e+01,0.000000000000000000e+00
2.700886678059663382e+01,0.000000000000000000e+00
2.810919483603486313e+01,0.000000000000000000e+00
3.135468367096362741e+01,0.000000000000000000e+00
3.161226510417500535e+01,0.000000000000000000e+00
3.304586191050344723e+01,0.000000000000000000e+00
3.000572703852119716e+01,0.000000000000000000e+00
2.631912716267213526e+01,0.000000000000000000e+00
3.063660841366134235e+01,0.000000000000000000e+00
2.897713003025546996e+01,0.000000000000000000e+00
3.111453437820236800e+01,0.000000000000000000e+00
2.832274288462820877e+01,0.000000000000000000e+00
3.292182267605623025e+01,0.000000000000000000e+00
2.798469934540949211e+01,0.000000000000000000e+00
3.241459500869716948e+01,0.000000000000000000e+00
2.962928497802432304e+01,0.000000000000000000e+00
2.944819849496564146e+01,0.000000000000000000e+00
3.105318162925325254e+01,0.000000000000000000e+00
3.015979706779821967e+01,0.000000000000000000e+00
3.081150552752673377e+01,0.000000000000000000e+00
3.123616234068240871e+01,0.000000000000000000e+00
2.956241941344785928e+01,0.000000000000000000e+00
3.066247838463316100e+01,0.000000000000000000e+00
3.050270024943387881e+01,0.000000000000000000e+00
3.255609815057646728e+01,0.000000000000000000e+00
3.029152277807628124e+01,0.000000000000000000e+00
3.215899692815116140e+01,0.000000000000000000e+00
3.266075752381004804e+01,0.000000000000000000e+00
3.257902961709166334e+01,0.000000000000000000e+00
2.956444337766036767e+01,0.000000000000000000e+00
2.993196243319688321e+01,0.000000000000000000e+00
3.444939379285905545e+01,0.000000000000000000e+00
3.385576182566786940e+01,0.000000000000000000e+00
3.008636566579421867e+01,0.000000000000000000e+00
3.303922784812398561e+01,0.000000000000000000e+00
3.202881378871606444e+01,0.000000000000000000e+00
2.996660842110891920e+01,0.000000000000000000e+00
3.221880782503288287e+01,0.000000000000000000e+00
2.833815568979913735e+01,0.000000000000000000e+00
3.227416543402092231e+01,0.000000000000000000e+00
3.097316140612099389e+01,0.000000000000000000e+00
3.205069644132746731e+01,0.000000000000000000e+00
3.269367828191037262e+01,0.000000000000000000e+00
3.397225907225508479e+01,0.000000000000000000e+00
2.991451746809159573e+01,0.000000000000000000e+00
3.263898631963200359e+01,0.000000000000000000e+00
3.286450081364031917e+01,0.000000000000000000e+00
3.239043177937085716e+01,0.000000000000000000e+00
3.233045163216640105e+01,0.000000000000000000e+00
3.542208500492041168e+01,0.000000000000000000e+00
3.214329237279262941e+01,0.000000000000000000e+00
3.389742336187137539e+01,0.000000000000000000e+00
3.382747459703001880e+01,0.000000000000000000e+00
3.082743007597614238e+01,0.000000000000000000e+00
3.496125594755694976e+01,0.000000000000000000e+00
3.260203570159342945e+01,0.000000000000000000e+00
3.368258813915976901e+01,0.000000000000000000e+00
3.297047159127585303e+01,0.000000000000000000e+00
3.316872077617590264e+01,0.000000000000000000e+00
3.401447290088621145e+01,0.000000000000000000e+00
2.914540099815626562e+01,0.000000000000000000e+00
3.373381643592383483e+01,0.000000000000000000e+00
3.436259223803057949e+01,0.000000000000000000e+00
3.375272736118107275e+01,0.000000000000000000e+00
3.698264393095958269e+01,0.000000000000000000e+00
3.378451900751824155e+01,0.000000000000000000e+00
3.528259772329172961e+01,0.000000000000000000e+00
3.560389231931817733e+01,0.000000000000000000e+00
3.680517479039196616e+01,0.000000000000000000e+00
3.404742691450977787e+01,0.000000000000000000e+00
3.025175021381470586e+01,0.000000000000000000e+00
3.066560649696754481e+01,0.000000000000000000e+00
3.679716026808073082e+01,0.000000000000000000e+00
3.385998370381187783e+01,0.000000000000000000e+00
3.321782680633713625e+01,0.000000000000000000e+00
3.219329690889523476e+01,0.000000000000000000e+00
3.180048570168519717e+01,0.000000000000000000e+00
3.254238400640763018e+01,0.000000000000000000e+00
3.576830644125282532e+01,0.000000000000000000e+00
3.501676493715437033e+01,0.000000000000000000e+00
3.369558681611852080e+01,0.000000000000000000e+00
3.425660861075758845e+01,0.000000000000000000e+00
3.443479967965127742e+01,0.000000000000000000e+00
3.526255406974483719e+01,0.000000000000000000e+00
3.289496229550059070e+01,0.000000000000000000e+00
3.582487115074846429e+01,0.000000000000000000e+00
3.224273633642647496e+01,0.000000000000000000e+00
3.316467565579302601e+01,0.000000000000000000e+00
3.375739930602312455e+01,0.000000000000000000e+00
3.674233889799371866e+01,0.000000000000000000e+00
3.472550012154005827e+01,0.000000000000000000e+00
3.914769804264840047e+01,0.000000000000000000e+00
3.324661657580331564e+01,0.000000000000000000e+00
3.531131788755892842e+01,0.000000000000000000e+00
3.623923839952337289e+01,0.000000000000000000e+00
3.286910732218134257e+01,0.000000000000000000e+00
3.911987631255173881e+01,0.000000000000000000e+00
3.564342680198688385e+01,0.000000000000000000e+00
3.481893371071393517e+01,0.000000000000000000e+00
3.864027682661198781e+01,0.000000000000000000e+00
3.383807079717648492e+01,0.000000000000000000e+00
3.539397540441755297e+01,0.000000000000000000e+00
3.455294935483912866e+01,0.000000000000000000e+00
3.437548956311875514e+01,0.000000000000000000e+00
3.467503694756864974e+01,0.000000000000000000e+00
3.638018824474487900e+01,0.000000000000000000e+00
3.568078788312809024e+01,0.000000000000000000e+00
3.652295889784468130e+01,0.000000000000000000e+00
3.583704758726793216e+01,0.000000000000000000e+00
3.969070928382493690e+01,0.000000000000000000e+00
3.827529368351391525e+01,0.000000000000000000e+00
3.589249270760060284e+01,0.000000000000000000e+00
3.522539220672412341e+01,0.000000000000000000e+00
3.737482402978443474e+01,0.000000000000000000e+00
3.614544216701244039e+01,0.000000000000000000e+00
3.485244543762154734e+01,0.000000000000000000e+00
3.807506315265844421e+01,0.000000000000000000e+00
3.646415506183547706e+01,0.000000000000000000e+00
3.957809241638082653e+01,0.000000000000000000e+00
3.753847875503843312e+01,0.000000000000000000e+00
3.722317040211667205e+01,0.000000000000000000e+00
3.730547499148041624e+01,0.000000000000000000e+00
4.115719651434427817e+01,0.000000000000000000e+00
3.942193130770569098e+01,0.000000000000000000e+00
3.691292905797210011e+01,0.000000000000000000e+00
3.637079324363137545e+01,0.000000000000000000e+00
3.473204392461402534e+01,0.000000000000000000e+00
3.391916208875214522e+01,0.000000000000000000e+00
3.807123248822070849e+01,0.000000000000000000e+00
3.925041222332979629e+01,0.000000000000000000e+00
3.406296438646575098e+01,0.000000000000000000e+00
4.172540366537345591e+01,0.000000000000000000e+00
3.943121387825880220e+01,0.000000000000000000e+00
3.885875598088750849e+01,0.000000000000000000e+00
4.079364712950584249e+01,0.000000000000000000e+00
4.128551994838087325e+01,0.000000000000000000e+00
3.888136441630204132e+01,0.000000000000000000e+00
3.715645242570527529e+01,0.000000000000000000e+00
3.781411764658582086e+01,0.000000000000000000e+00
4.041696414534471415e+01,0.000000000000000000e+00
3.946556967708309571e+01,0.000000000000000000e+00
3.765350478277912316e+01,0.000000000000000000e+00
3.936203321512119402e+01,0.000000000000000000e+00
3.838468411586563889e+01,0.000000000000000000e+00
3.840301222921362978e+01,0.000000000000000000e+00
4.127858958766938713e+01,0.000000000000000000e+00
4.053136408441363159e+01,0.000000000000000000e+00
4.247247269265054115e+01,0.000000000000000000e+00
4.542584650265457213e+01,0.000000000000000000e+00
3.980662835397885146e+01,0.000000000000000000e+00
3.622344319647564959e+01,0.000000000000000000e+00
4.180836548206122671e+01,0.000000000000000000e+00
3.797994482507960612e+01,0.000000000000000000e+00
4.096269394947393039e+01,0.000000000000000000e+00
3.971750559010800430e+01,0.000000000000000000e+00
4.183270201736888794e+01,0.000000000000000000e+00
3.762562358417434893e+01,0.000000000000000000e+00
3.999132135265367083e+01,0.000000000000000000e+00
4.202229529847198819e+01,0.000000000000000000e+00
4.154746476823479640e+01,0.000000000000000000e+00
3.816945883662623373e+01,0.000000000000000000e+00
3.998472798022748265e+01,0.000000000000000000e+00
4.369237244639186457e+01,0.000000000000000000e+00
4.023986281413756672e+01,0.000000000000000000e+00
4.310817374737039387e+01,0.000000000000000000e+00
4.055402651180002493e+01,0.000000000000000000e+00
4.508691414947251275e+01,0.000000000000000000e+00
4.055601894062188251e+01,0.000000000000000000e+00
4.092528020793601229e+01,0.000000000000000000e+00
4.006900930879717038e+01,0.000000000000000000e+00
4.264790882961789009e+01,0.000000000000000000e+00
3.960344232499718942e+01,0.000000000000000000e+00
3.762878884200409857e+01,0.000000000000000000e+00
4.318866252041597420e+01,0.000000000000000000e+00
4.232855660612599280e+01,0.000000000000000000e+00
4.360005055257779816e+01,0.000000000000000000e+00
4.013708762952111186e+01,0.000000000000000000e+00
3.865399284663151036e+01,0.000000000000000000e+00
4.211365784349430896e+01,0.000000000000000000e+00
4.273506800974877962e+01,0.000000000000000000e+00
4.062285284073505665e+01,0.000000000000000000e+00
4.217194451193443427e+01,0.000000000000000000e+00
4.239050699117770904e+01,0.000000000000000000e+00
4.209436989227587844e+01,0.000000000000000000e+00
4.261244595066368390e+01,0.000000000000000000e+00
4.178891102875442698e+01,0.000000000000000000e+00
4.201012355364137107e+01,0.000000000000000000e+00
4.384813487401928711e+01,0.000000000000000000e+00
4.529690112688228254e+01,0.000000000000000000e+00
4.420748338548015965e+01,0.000000000000000000e+00
4.254759721168230158e+01,0.000000000000000000e+00
4.533326908283424928e+01,0.000000000000000000e+00
3.957630041454972059e+01,0.000000000000000000e+00
4.177142049076830688e+01,0.000000000000000000e+00
4.342964878017734520e+01,0.000000000000000000e+00
4.161546592410255840e+01,0.000000000000000000e+00
4.014051428372668084e+01,0.000000000000000000e+00
4.353610722504027564e+01,0.000000000000000000e+00
4.186338468624743570e+01,0.000000000000000000e+00
4.477248168233835202e+01,0.000000000000000000e+00
4.280406006320669121e+01,0.000000000000000000e+00
3.939223110035609920e+01,0.000000000000000000e+00
4.663402775608002315e+01,0.000000000000000000e+00
4.582499306432089980e+01,0.000000000000000000e+00
4.382343907299873820e+01,0.000000000000000000e+00
4.561756378947207935e+01,0.000000000000000000e+00
4.442086810806038955e+01,0.000000000000000000e+00
4.434592346364103577e+01,0.000000000000000000e+00
4.558446965474383461e+01,0.000000000000000000e+00
4.155610923592310257e+01,0.000000000000000000e+00
4.249213196470080334e+01,0.000000000000000000e+00
4.597749419633783674e+01,0.000000000000000000e+00
4.500259527290277362e+01,0.000000000000000000e+00
4.974476420531578924e+01,0.000000000000000000e+00
4.393040918149961982e+01,0.000000000000000000e+00
4.305784223002817868e+01,0.000000000000000000e+00
4.255343666709418216e+01,0.000000000000000000e+00
4.659341878061727726e+01,0.000000000000000000e+00
4.548068533908617894e+01,0.000000000000000000e+00
4.565412557552728146e+01,0.000000000000000000e+00
4.449242560393214063e+01,0.000000000000000000e+00
4.669895014921716125e+01,0.000000000000000000e+00
4.548536805643535530e+01,0.000000000000000000e+00
4.305399024532250252e+01,0.000000000000000000e+00
4.706752673143343912e+01,0.000000000000000000e+00
4.881463534720207775e+01,0.000000000000000000e+00
4.387586821436882900e+01,0.000000000000000000e+00
4.532526581311696390e+01,0.000000000000000000e+00
4.658951772147862158e+01,0.000000000000000000e+00
4.753695251422866619e+01,0.000000000000000000e+00
4.737999051555541996e+01,0.000000000000000000e+00
4.604331584944808498e+01,0.000000000000000000e+00
4.867055132282820296e+01,0.000000000000000000e+00
4.972975704852517964e+01,0.000000000000000000e+00
4.898974535472533631e+01,0.000000000000000000e+00
4.178813972194587478e+01,0.000000000000000000e+00
4.406555192580080416e+01,0.000000000000000000e+00
4.617407528683905582e+01,0.000000000000000000e+00
4.921460588777600265e+01,0.000000000000000000e+00
4.667573042437877007e+01,0.000000000000000000e+00
4.878863930323287690e+01,0.000000000000000000e+00
4.373819849069628418e+01,0.000000000000000000e+00
4.504091457267415421e+01,0.000000000000000000e+00
4.594708939240339163e+01,0.000000000000000000e+00
4.341960886725098590e+01,0.000000000000000000e+00
5.074886913978014746e+01,0.000000000000000000e+00
4.913423904182118207e+01,0.000000000000000000e+00
4.582802244055249474e+01,0.000000000000000000e+00
4.815190076339107605e+01,0.000000000000000000e+00
4.794938169948780882e+01,0.000000000000000000e+00
5.151061047715913332e+01,0.000000000000000000e+00
4.809201105982121760e+01,0.000000000000000000e+00
4.572459670557359601e+01,0.000000000000000000e+00
4.818709112155749352e+01,0.000000000000000000e+00
4.603722072060057258e+01,0.000000000000000000e+00
4.805735283282679404e+01,0.000000000000000000e+00
4.727211428503249380e+01,0.000000000000000000e+00
4.840222186769635471e+01,0.000000000000000000e+00
5.185934322050338352e+01,0.000000000000000000e+00
4.623442843501056387e+01,0.000000000000000000e+00
4.617456764387684132e+01,0.000000000000000000e+00
5.160734263644801700e+01,0.000000000000000000e+00
4.547487609440207024e+01,0.000000000000000000e+00
4.679926951625640186e+01,0.000000000000000000e+00
4.892998807600612565e+01,0.000000000000000000e+00
5.281779854483303893e+01,0.000000000000000000e+00
5.109315681895564154e+01,0.000000000000000000e+00
4.736777041455454196e+01,0.000000000000000000e+00
5.141118250356358033e+01,0.000000000000000000e+00
4.925923626747777462e+01,0.000000000000000000e+00
5.152030777648710824e+01,0.000000000000000000e+00
5.418061435720290575e+01,0.000000000000000000e+00
5.190516300691392360e+01,0.000000000000000000e+00
4.674420755049361986e+01,0.000000000000000000e+00
4.978826387283555022e+01,0.000000000000000000e+00
4.888233202855114712e+01,0.000000000000000000e+00
4.979945498583322916e+01,0.000000000000000000e+00
5.083747257358214711e+01,0.000000000000000000e+00
5.358828314392749093e+01,0.000000000000000000e+00
4.913656441583685108e+01,0.000000000000000000e+00
5.164810725106305966e+01,0.000000000000000000e+00
5.046587617893688815e+01,0.000000000000000000e+00
4.848197572487960372e+01,0.000000000000000000e+00
5.241479780863367921e+01,0.000000000000000000e+00
5.083148289544805465e+01,0.000000000000000000e+00
5.282194800757729070e+01,0.000000000000000000e+00
5.150612464795147361e+01,0.000000000000000000e+00
4.693237417864337857e+01,0.000000000000000000e+00
4.834269018167802301e+01,0.000000000000000000e+00
4.816862584016131166e+01,0.000000000000000000e+00
4.788571349279562384e+01,0.000000000000000000e+00
5.244469779392971986e+01,0.000000000000000000e+00
5.076366695705641519e+01,0.000000000000000000e+00
5.259391010330455174e+01,0.000000000000000000e+00
5.492352708217261892e+01,0.000000000000000000e+00
5.402152259829574632e+01,0.000000000000000000e+00
5.518846041974489225e+01,0.000000000000000000e+00
4.857761848843344410e+01,0.000000000000000000e+00
5.286284358892599045e+01,0.000000000000000000e+00
5.331527804517700275e+01,0.000000000000000000e+00
5.374575103971150014e+01,0.000000000000000000e+00
5.310429842057655492e+01,0.000000000000000000e+00
5.169968247720926513e+01,0.000000000000000000e+00
5.163085968539946435e+01,0.000000000000000000e+00
4.916441509064119231e+01,0.000000000000000000e+00
5.277703461075970637e+01,0.000000000000000000e+00
5.296161180603237995e+01,0.000000000000000000e+00
5.276429763563847786e+01,0.000000000000000000e+00
5.158777853986026685e+01,0.000000000000000000e+00
4.971631611604665579e+01,0.000000000000000000e+00
4.941396271297593046e+01,0.000000000000000000e+00
5.234354588494421279e+01,0.000000000000000000e+00
5.717588989885354067e+01,0.000000000000000000e+00
5.484269476501623330e+01,0.000000000000000000e+00
4.974705194367187744e+01,0.000000000000000000e+00
5.257572779573776245e+01,0.000000000000000000e+00
5.098376679244223908e+01,0.000000000000000000e+00
5.471265696680369217e+01,0.000000000000000000e+00
5.543614969713630103e+01,0.000000000000000000e+00
5.674335388313446771e+01,0.000000000000000000e+00
5.402796827496276677e+01,0.000000000000000000e+00
5.314102850019274626e+01,0.000000000000000000e+00
5.233967463970756739e+01,0.000000000000000000e+00
5.589575627690846460e+01,0.000000000000000000e+00
5.136188385658704902e+01,0.000000000000000000e+00
5.283117555213183181e+01,0.000000000000000000e+00
5.452706012587358941e+01,0.000000000000000000e+00
5.389200388380465512e+01,0.000000000000000000e+00
5.148834494029613040e+01,0.000000000000000000e+00
5.534521679560550922e+01,0.000000000000000000e+00
5.272712225305908618e+01,0.000000000000000000e+00
5.619572202845662900e+01,0.000000000000000000e+00
5.658490367092447570e+01,0.000000000000000000e+00
5.241345899944390396e+01,0.000000000000000000e+00
5.666806347976618952e+01,0.000000000000000000e+00
5.587649531784674650e+01,0.000000000000000000e+00
5.768066839184069750e+01,0.000000000000000000e+00
5.729275835794140193e+01,0.000000000000000000e+00
5.377891551005617998e+01,0.000000000000000000e+00
5.502478557622795563e+01,0.000000000000000000e+00
5.409152390543987821e+01,0.000000000000000000e+00
5.280954074156581868e+01,0.000000000000000000e+00
5.331547667376627686e+01,0.000000000000000000e+00
5.766530691471356818e+01,0.000000000000000000e+00
5.544694930760363150e+01,0.000000000000000000e+00
5.428439025210711577e+01,0.000000000000000000e+00
5.836663598095737626e+01,0.000000000000000000e+00
5.800710374774889289e+01,0.000000000000000000e+00
5.526905750698490039e+01,0.000000000000000000e+00
5.924041084488783326e+01,0.000000000000000000e+00
5.607140501773582741e+01,0.000000000000000000e+00
5.297838921787342770e+01,0.000000000000000000e+00
5.427499994110782922e+01,0.000000000000000000e+00
5.379530073717863559e+01,0.000000000000000000e+00
5.763720508192237446e+01,0.000000000000000000e+00
5.386533540432734668e+01,0.000000000000000000e+00
5.724997008335618176e+01,0.000000000000000000e+00
5.857339484464693413e+01,0.000000000000000000e+00
5.971678110228843650e+01,0.000000000000000000e+00
5.782761733025635209e+01,0.000000000000000000e+00
5.652341721678710229e+01,0.000000000000000000e+00
5.815503281539321279e+01,0.000000000000000000e+00
5.898263130459216796e+01,0.000000000000000000e+00
5.612269341583388638e+01,0.000000000000000000e+00
5.348892467633025660e+01,0.000000000000000000e+00
5.838243827933943209e+01,0.000000000000000000e+00
5.672923836479613868e+01,0.000000000000000000e+00
5.790691186961036152e+01,0.000000000000000000e+00
5.821221110879924510e+01,0.000000000000000000e+00
5.508809473174672178e+01,0.000000000000000000e+00
5.589175686627687156e+01,0.000000000000000000e+00
5.391297459625233301e+01,0.000000000000000000e+00
5.877184349647593820e+01,0.000000000000000000e+00
5.542053301879012395e+01,0.000000000000000000e+00
5.658004516701031150e+01,0.000000000000000000e+00
5.713232983811018073e+01,0.000000000000000000e+00
6.037013896271038504e+01,0.000000000000000000e+00
5.746089042814350734e+01,0.000000000000000000e+00
5.885534043990924857e+01,0.000000000000000000e+00
5.775468938129428409e+01,0.000000000000000000e+00
5.607300193423932200e+01,0.000000000000000000e+00
5.762887591830801881e+01,0.000000000000000000e+00
5.966621612526402174e+01,0.000000000000000000e+00
5.713653201664419612e+01,0.000000000000000000e+00
5.672767142289394826e+01,0.000000000000000000e+00
5.715414023409906719e+01,0.000000000000000000e+00
5.799746546706513328e+01,0.000000000000000000e+00
5.766795386489209108e+01,0.000000000000000000e+00
5.857349011386992998e+01,0.000000000000000000e+00
5.911536548659192647e+01,0.000000000000000000e+00
5.724377469469378354e+01,0.000000000000000000e+00
5.434179106997282105e+01,0.000000000000000000e+00
6.126129971529348950e+01,0.000000000000000000e+00
6.514609868604702569e+01,0.000000000000000000e+00
6.080419681186738501e+01,0.000000000000000000e+00
5.879813122263599467e+01,0.000000000000000000e+00
5.917675822404597596e+01,0.000000000000000000e+00
6.129958808592011366e+01,0.000000000000000000e+00
5.751838567626803922e+01,0.000000000000000000e+00
6.041995991224263207e+01,0.000000000000000000e+00
6.074156906747774798e+01,0.000000000000000000e+00
5.952595492898616669e+01,0.000000000000000000e+00
6.070639396502276242e+01,0.000000000000000000e+00
5.645676886124326899e+01,0.000000000000000000e+00
5.861628621822955409e+01,0.000000000000000000e+00
5.828507789188375199e+01,0.000000000000000000e+00
6.031572069926954782e+01,0.000000000000000000e+00
5.764421590255516037e+01,0.000000000000000000e+00
6.313015252599045368e+01,0.000000000000000000e+00
6.124177285564569928e+01,0.000000000000000000e+00
5.845427374411111288e+01,0.000000000000000000e+00
6.065663504556673047e+01,0.000000000000000000e+00
5.645984869179279286e+01,0.000000000000000000e+00
6.117107695778508969e+01,0.000000000000000000e+00
6.306886222698255295e+01,0.000000000000000000e+00
6.094527691918604262e+01,0.000000000000000000e+00
5.973706957790795968e+01,0.000000000000000000e+00
6.164985633105484908e+01,0.000000000000000000e+00
5.756785871696566659e+01,0.000000000000000000e+00
6.106488729644412672e+01,0.000000000000000000e+00
5.986988447899972954e+01,0.000000000000000000e+00
6.172320697442865622e+01,0.000000000000000000e+00
6.178025856878564070e+01,0.000000000000000000e+00
6.113289981490684255e+01,0.000000000000000000e+00
6.240753394020791944e+01,0.000000000000000000e+00
5.875044495095703212e+01,0.000000000000000000e+00
6.112585726728157454e+01,0.000000000000000000e+00
6.303088352449676535e+01,0.000000000000000000e+00
6.360261183814539976e+01,0.000000000000000000e+00
6.008459769946635021e+01,0.000000000000000000e+00
6.430207348751719110e+01,0.000000000000000000e+00
5.787010065661195313e+01,0.000000000000000000e+00
6.169652478177184207e+01,0.000000000000000000e+00
6.286382891594348621e+01,0.000000000000000000e+00
6.585183063611960108e+01,0.000000000000000000e+00
6.368150923933916374e+01,0.000000000000000000e+00
6.516511213957052462e+01,0.000000000000000000e+00
6.115006745909099095e+01,0.000000000000000000e+00
6.193907640693611683e+01,0.000000000000000000e+00
6.328751261005871243e+01,0.000000000000000000e+00
6.526736520742744574e+01,0.000000000000000000e+00
6.160689268863038848e+01,0.000000000000000000e+00
6.444008211308927514e+01,0.000000000000000000e+00
6.498338040646537195e+01,0.000000000000000000e+00
6.544023720055304238e+01,0.000000000000000000e+00
6.266813994814162214e+01,0.000000000000000000e+00
6.229963859966505879e+01,0.000000000000000000e+00
6.167293467209799473e+01,0.000000000000000000e+00
6.317910964080674319e+01,0.000000000000000000e+00
6.285944854994519915e+01,0.000000000000000000e+00
6.045179456742683755e+01,0.000000000000000000e+00
6.288170409181478249e+01,0.000000000000000000e+00
6.222594341993836053e+01,0.000000000000000000e+00
6.234301352913326610e+01,0.000000000000000000e+00
6.641344149566148758e+01,0.000000000000000000e+00
6.654468405982927948e+01,0.000000000000000000e+00
6.400188573361289457e+01,0.000000000000000000e+00
6.234578916256274539e+01,0.000000000000000000e+00
6.373064042665115636e+01,0.000000000000000000e+00
6.460240108655122526e+01,0.000000000000000000e+00
6.431114092402231108e+01,0.000000000000000000e+00
6.402521802074508628e+01,0.000000000000000000e+00
6.846989150564816384e+01,0.000000000000000000e+00
6.277592229252566369e+01,0.000000000000000000e+00
6.625318059637265833e+01,0.000000000000000000e+00
6.475611631898802045e+01,0.000000000000000000e+00
6.491519433585933996e+01,0.000000000000000000e+00
6.094489690956368833e+01,0.000000000000000000e+00
6.469988597900646710e+01,0.000000000000000000e+00
5.953736983584783360e+01,0.000000000000000000e+00
6.457549380868935884e+01,0.000000000000000000e+00
6.770150552251433851e+01,0.000000000000000000e+00
6.604317258212621766e+01,0.000000000000000000e+00
6.471142165055731255e+01,0.000000000000000000e+00
6.691614722418439953e+01,0.000000000000000000e+00
6.685388000448014623e+01,0.000000000000000000e+00
6.105117120862706770e+01,0.000000000000000000e+00
6.732526972611974259e+01,0.000000000000000000e+00
6.422569270355995741e+01,0.000000000000000000e+00
6.427778574151159319e+01,0.000000000000000000e+00
6.542666841413314671e+01,0.000000000000000000e+00
6.702892052715658622e+01,0.000000000000000000e+00
6.876706790677296510e+01,0.000000000000000000e+00
6.584761988665027843e+01,0.000000000000000000e+00
6.736036818673055393e+01,0.000000000000000000e+00
6.920793667172185337e+01,0.000000000000000000e+00
6.431686107585592538e+01,0.000000000000000000e+00
6.726313910969292920e+01,0.000000000000000000e+00
6.350500165543972741e+01,0.000000000000000000e+00
6.506430265148821945e+01,0.000000000000000000e+00
6.485898366852607921e+01,0.000000000000000000e+00
6.661480782285535440e+01,0.000000000000000000e+00
6.462980173343888168e+01,0.000000000000000000e+00
6.535419443450170718e+01,0.000000000000000000e+00
6.412675875426286609e+01,0.000000000000000000e+00
6.327754061150985621e+01,0.000000000000000000e+00
6.704352162136913762e+01,0.000000000000000000e+00
6.496503872693695314e+01,0.000000000000000000e+00
6.412023709628302015e+01,0.000000000000000000e+00
6.649564406589905730e+01,0.000000000000000000e+00
6.788358676465745134e+01,0.000000000000000000e+00
6.505974456166664766e+01,0.000000000000000000e+00
6.787903755929616523e+01,0.000000000000000000e+00
6.857246359979812667e+01,0.000000000000000000e+00
6.970835255783039486e+01,0.000000000000000000e+00
7.014552965956602293e+01,0.000000000000000000e+00
6.998086092762007127e+01,0.000000000000000000e+00
7.153154796021280504e+01,0.000000000000000000e+00
6.657957796545868234e+01,0.000000000000000000e+00
6.692516001979210216e+01,0.000000000000000000e+00
6.975727056654119451e+01,0.000000000000000000e+00
6.671517662528056292e+01,0.000000000000000000e+00
6.854514909467700079e+01,0.000000000000000000e+00
6.968322064589723652e+01,0.000000000000000000e+00
6.808915765053676239e+01,0.000000000000000000e+00
6.879268845080417805e+01,0.000000000000000000e+00
6.565873156475815620e+01,0.000000000000000000e+00
6.777265903543923287e+01,0.000000000000000000e+00
6.873716547172979574e+01,0.000000000000000000e+00
6.944403259792558458e+01,0.000000000000000000e+00
6.837563101643610253e+01,0.000000000000000000e+00
6.805543443587119157e+01,0.000000000000000000e+00
7.030909818264802880e+01,0.000000000000000000e+00
7.033338153132187642e+01,0.000000000000000000e+00
7.173302557602099228e+01,0.000000000000000000e+00
6.727021992784094095e+01,0.000000000000000000e+00
6.911724457486052131e+01,0.000000000000000000e+00
6.841403085349188018e+01,0.000000000000000000e+00
7.249814550777881550e+01,0.000000000000000000e+00
6.684447332667591013e+01,0.000000000000000000e+00
7.246066805876377259e+01,0.000000000000000000e+00
6.977799492064315245e+01,0.000000000000000000e+00
6.942471071786083314e+01,0.000000000000000000e+00
7.255267532628064941e+01,0.000000000000000000e+00
7.039765735971040783e+01,0.000000000000000000e+00
6.826785285887741850e+01,0.000000000000000000e+00
6.563372997475515547e+01,0.000000000000000000e+00
6.840514293229638554e+01,0.000000000000000000e+00
6.952678182407204588e+01,0.000000000000000000e+00
7.134987631666457730e+01,0.000000000000000000e+00
7.052810032091264247e+01,0.000000000000000000e+00
7.022992262803528263e+01,0.000000000000000000e+00
7.117177295593600661e+01,0.000000000000000000e+00
6.859188370716910299e+01,0.000000000000000000e+00
6.994541506857437696e+01,0.000000000000000000e+00
6.860815950009546782e+01,0.000000000000000000e+00
7.216008515719465777e+01,0.000000000000000000e+00
7.226002650718368159e+01,0.000000000000000000e+00
7.112300488721001557e+01,0.000000000000000000e+00
7.021133995278933071e+01,0.000000000000000000e+00
7.076421730013056788e+01,0.000000000000000000e+00
6.907210679822405552e+01,0.000000000000000000e+00
6.851954906710470539e+01,0.000000000000000000e+00
7.253842915560591109e+01,0.000000000000000000e+00
6.984786163880659160e+01,0.000000000000000000e+00
7.039402784426214055e+01,0.000000000000000000e+00
7.532396766379706321e+01,0.000000000000000000e+00
7.074496355894110877e+01,0.000000000000000000e+00
7.365897448174202111e+01,0.000000000000000000e+00
7.286638971038175328e+01,0.000000000000000000e+00
7.094794971287268481e+01,0.000000000000000000e+00
7.057504820446969518e+01,0.000000000000000000e+00
6.877907037671812418e+01,0.000000000000000000e+00
7.069547858805688634e+01,0.000000000000000000e+00
7.307832008896772891e+01,0.000000000000000000e+00
7.473687590284244209e+01,0.000000000000000000e+00
7.119459435575684836e+01,0.000000000000000000e+00
6.946594233259543216e+01,0.000000000000000000e+00
6.947704826836695702e+01,0.000000000000000000e+00
7.095113661023580676e+01,0.000000000000000000e+00
7.514954829139809078e+01,0.000000000000000000e+00
6.776760347286045771e+01,0.000000000000000000e+00
7.494013102525053682e+01,0.000000000000000000e+00
7.485243398701742024e+01,0.000000000000000000e+00
7.040125141097145445e+01,0.000000000000000000e+00
6.884327613839273852e+01,0.000000000000000000e+00
7.117260993539581193e+01,0.000000000000000000e+00
7.077135963111462047e+01,0.000000000000000000e+00
7.046843121107471575e+01,0.000000000000000000e+00
7.146246273766807633e+01,0.000000000000000000e+00
7.041778176498782216e+01,0.000000000000000000e+00
7.209485975425289439e+01,0.000000000000000000e+00
7.179150780972777568e+01,0.000000000000000000e+00
7.392800440777899951e+01,0.000000000000000000e+00
7.473546583345179783e+01,0.000000000000000000e+00
7.315134140883311886e+01,0.000000000000000000e+00
6.985026238806446486e+01,0.000000000000000000e+00
7.189115360870017923e+01,0.000000000000000000e+00
7.106646105252845302e+01,0.000000000000000000e+00
6.954230759944823603e+01,0.000000000000000000e+00
7.330023065823542083e+01,0.000000000000000000e+00
7.275274838031535296e+01,0.000000000000000000e+00
7.258818976963148373e+01,0.000000000000000000e+00
7.231193644391262865e+01,0.000000000000000000e+00
7.276678065877766244e+01,0.000000000000000000e+00
7.560284543648013766e+01,0.000000000000000000e+00
7.468241854335433061e+01,0.000000000000000000e+00
7.564615708128678762e+01,0.000000000000000000e+00
7.352778906091317879e+01,0.000000000000000000e+00
7.345704570357092678e+01,0.000000000000000000e+00
7.153945254652853691e+01,0.000000000000000000e+00
6.972205695147859217e+01,0.000000000000000000e+00
7.491029583915945977e+01,0.000000000000000000e+00
6.942805558571993174e+01,0.000000000000000000e+00
7.281013813691741632e+01,0.000000000000000000e+00
7.503754450231490125e+01,0.000000000000000000e+00
7.383850363574904918e+01,0.000000000000000000e+00
7.542490728467093675e+01,0.000000000000000000e+00
7.300028705573531340e+01,0.000000000000000000e+00
7.738891480213631269e+01,0.000000000000000000e+00
7.677292227455868101e+01,0.000000000000000000e+00
7.111382029400303395e+01,0.000000000000000000e+00
7.574310837777434813e+01,0.000000000000000000e+00
7.568315627486273911e+01,0.000000000000000000e+00
7.145743287333678495e+01,0.000000000000000000e+00
7.239983635327783418e+01,0.000000000000000000e+00
7.203649514802255283e+01,0.000000000000000000e+00
7.028797313894757792e+01,0.000000000000000000e+00
7.534148916142441976e+01,0.000000000000000000e+00
7.258249634530213257e+01,0.000000000000000000e+00
7.001436511567325738e+01,0.000000000000000000e+00
7.669645665321004913e+01,0.000000000000000000e+00
7.432680028712600517e+01,0.000000000000000000e+00
7.076232985292780597e+01,0.000000000000000000e+00
7.322609382300790060e+01,0.000000000000000000e+00
7.277563173793612350e+01,0.000000000000000000e+00
7.342807475074181411e+01,0.000000000000000000e+00
7.262658131951347684e+01,0.000000000000000000e+00
7.345546193735144413e+01,0.000000000000000000e+00
7.375414752250839001e+01,0.000000000000000000e+00
7.460205713749084566e+01,0.000000000000000000e+00
7.660539904380893006e+01,0.000000000000000000e+00
7.448769054214425012e+01,0.000000000000000000e+00
7.509829392426539130e+01,0.000000000000000000e+00
7.592445099308331180e+01,0.000000000000000000e+00
7.542919064288369668e+01,0.000000000000000000e+00
7.638534781100733539e+01,0.000000000000000000e+00
7.378848424413308749e+01,0.000000000000000000e+00
7.526089643239190252e+01,0.000000000000000000e+00
7.531779576498195183e+01,0.000000000000000000e+00
7.153439954827183556e+01,0.000000000000000000e+00
7.774900371404476118e+01,0.000000000000000000e+00
7.606557721760107427e+01,0.000000000000000000e+00
7.568023577113081046e+01,0.000000000000000000e+00
7.653468444029302020e+01,0.000000000000000000e+00
7.890495265128981828e+01,0.000000000000000000e+00
7.905574936220527604e+01,0.000000000000000000e+00
7.167337121976996173e+01,0.000000000000000000e+00
7.303275647983451790e+01,0.000000000000000000e+00
7.280649922205309110e+01,0.000000000000000000e+00
7.369546077575230925e+01,0.000000000000000000e+00
7.382594549264760531e+01,0.000000000000000000e+00
7.685992834362620840e+01,0.000000000000000000e+00
7.675287064674482451e+01,0.000000000000000000e+00
7.582043772665393533e+01,0.000000000000000000e+00
7.316248206758035622e+01,0.000000000000000000e+00
7.799068104215801611e+01,0.000000000000000000e+00
7.947572948981702723e+01,0.000000000000000000e+00
7.336234188298388403e+01,0.000000000000000000e+00
7.674924602951246300e+01,0.000000000000000000e+00
7.557054654232518942e+01,0.000000000000000000e+00
7.722748858638863112e+01,0.000000000000000000e+00
7.426983398498082067e+01,0.000000000000000000e+00
7.632024192758940728e+01,0.000000000000000000e+00
7.514932524186554019e+01,0.000000000000000000e+00
7.829449303220692968e+01,0.000000000000000000e+00
7.291539552839934402e+01,0.000000000000000000e+00
7.591894609285513695e+01,0.000000000000000000e+00
7.811808455068384660e+01,0.000000000000000000e+00
8.226931693400489110e+01,0.000000000000000000e+00
7.473098853493074500e+01,0.000000000000000000e+00
7.820900588727394620e+01,0.000000000000000000e+00
7.383638822939796853e+01,0.000000000000000000e+00
7.770553791638600671e+01,0.000000000000000000e+00
7.817900502955995989e+01,0.000000000000000000e+00
7.612065506819793370e+01,0.000000000000000000e+00
7.414458148711680963e+01,0.000000000000000000e+00
7.736316151365110727e+01,0.000000000000000000e+00
7.784549409588777280e+01,0.000000000000000000e+00
7.830533801940802618e+01,0.000000000000000000e+00
7.501346029316859187e+01,0.000000000000000000e+00
7.688807817417445278e+01,0.000000000000000000e+00
7.180860139482417992e+01,0.000000000000000000e+00
7.795317833972292476e+01,0.000000000000000000e+00
7.859172134367031504e+01,0.000000000000000000e+00
7.486264264581689076e+01,0.000000000000000000e+00
7.741662261795455890e+01,0.000000000000000000e+00
7.622053252870183826e+01,0.000000000000000000e+00
7.701921837279101624e+01,0.000000000000000000e+00
7.668107274169612708e+01,0.000000000000000000e+00
7.843038341592654206e+01,0.000000000000000000e+00
7.656580541811428020e+01,0.000000000000000000e+00
7.716397939719480803e+01,0.000000000000000000e+00
7.838267802036821763e+01,0.000000000000000000e+00
7.896235659480474567e+01,0.000000000000000000e+00
7.679376050873207760e+01,0.000000000000000000e+00
7.767110617377460358e+01,0.000000000000000000e+00
7.700837452666890215e+01,0.000000000000000000e+00
8.173664207449674279e+01,0.000000000000000000e+00
7.250688261811751545e+01,0.000000000000000000e+00
8.261067323172179044e+01,0.000000000000000000e+00
7.943635694024465010e+01,0.000000000000000000e+00
7.838273839278724608e+01,0.000000000000000000e+00
8.118833831284584335e+01,0.000000000000000000e+00
8.088344645378951725e+01,0.000000000000000000e+00
7.613586870469484325e+01,0.000000000000000000e+00
7.596907944342979135e+01,0.000000000000000000e+00
7.664586054951000449e+01,0.000000000000000000e+00
7.519926241658288291e+01,0.000000000000000000e+00
7.598667171027153699e+01,0.000000000000000000e+00
7.959779079364071208e+01,0.000000000000000000e+00
7.498120254541031215e+01,0.000000000000000000e+00
8.049594524691092090e+01,0.000000000000000000e+00
8.083527918311757787e+01,0.000000000000000000e+00
8.150645307358337277e+01,0.000000000000000000e+00
7.535118653238667719e+01,0.000000000000000000e+00
7.711921827606595059e+01,0.000000000000000000e+00
7.910944370341275089e+01,0.000000000000000000e+00
7.853053508994382526e+01,0.000000000000000000e+00
7.820245366664653375e+01,0.000000000000000000e+00
7.929107888691693518e+01,0.000000000000000000e+00
8.131747580654122487e+01,0.000000000000000000e+00
7.675000021507104009e+01,0.000000000000000000e+00
8.010183018069312766e+01,0.000000000000000000e+00
7.989096067752095109e+01,0.000000000000000000e+00
7.862490257081655898e+01,0.000000000000000000e+00
7.908363635139176040e+01,0.000000000000000000e+00
7.811654627709035026e+01,0.000000000000000000e+00
8.038903338062664261e+01,0.000000000000000000e+00
8.017879953054591624e+01,0.000000000000000000e+00
7.836567619919591721e+01,0.000000000000000000e+00
7.914965771514536641e+01,0.000000000000000000e+00
7.682500293662694446e+01,0.000000000000000000e+00
8.117101403741011723e+01,0.000000000000000000e+00
7.911848825232283389e+01,0.000000000000000000e+00
8.059040947163825308e+01,0.000000000000000000e+00
7.585170020128236956e+01,0.000000000000000000e+00
7.764072474618363628e+01,0.000000000000000000e+00
7.871620820634262827e+01,0.000000000000000000e+00
7.619930049107243519e+01,0.000000000000000000e+00
7.846319867846658269e+01,0.000000000000000000e+00
7.995651699849770466e+01,0.000000000000000000e+00
8.045147069760220404e+01,0.000000000000000000e+00
7.820312261792847153e+01,0.000000000000000000e+00
8.050486945559070762e+01,0.000000000000000000e+00
8.139053011748497113e+01,0.000000000000000000e+00
8.277010497919589227e+01,0.000000000000000000e+00
8.152543859555729000e+01,0.000000000000000000e+00
8.335688661932633181e+01,0.000000000000000000e+00
8.141397190839975906e+01,0.000000000000000000e+00
8.087303824018010801e+01,0.000000000000000000e+00
7.991447499737893168e+01,0.000000000000000000e+00
7.983755881807005039e+01,0.000000000000000000e+00
7.784903122202881320e+01,0.000000000000000000e+00
7.912720820774504205e+01,0.000000000000000000e+00
7.940001795983383204e+01,0.000000000000000000e+00
7.794551989606024733e+01,0.000000000000000000e+00
8.048387654082391407e+01,0.000000000000000000e+00
8.261870260983411640e+01,0.000000000000000000e+00
8.055115892420693058e+01,0.000000000000000000e+00
7.599137119167836829e+01,0.000000000000000000e+00
7.961178418448206173e+01,0.000000000000000000e+00
7.900833717173746606e+01,0.000000000000000000e+00
7.819242670589176214e+01,0.000000000000000000e+00
7.987732408879587354e+01,0.000000000000000000e+00
7.939497423786863806e+01,0.000000000000000000e+00
7.912235710944395350e+01,0.000000000000000000e+00
7.703780386695120797e+01,0.000000000000000000e+00
7.954234043055829773e+01,0.000000000000000000e+00
7.722956819443081145e+01,0.000000000000000000e+00
7.951575770680183552e+01,0.000000000000000000e+00
7.631731649223172553e+01,0.000000000000000000e+00
7.936349478484375197e+01,0.000000000000000000e+00
7.665565893043059020e+01,0.000000000000000000e+00
8.017539118214725136e+01,0.000000000000000000e+00
8.155901102015035065e+01,0.000000000000000000e+00
7.758489668731397160e+01,0.000000000000000000e+00
8.101198908609072191e+01,0.000000000000000000e+00
8.098677802468093034e+01,0.000000000000000000e+00
7.800357744059672882e+01,0.000000000000000000e+00
8.331000138999071680e+01,0.000000000000000000e+00
8.399058194353970919e+01,0.000000000000000000e+00
8.161752680530074144e+01,0.000000000000000000e+00
7.681258825280310987e+01,0.000000000000000000e+00
7.959469926346216084e+01,0.000000000000000000e+00
8.024543362256950729e+01,0.000000000000000000e+00
7.801191815890172165e+01,0.000000000000000000e+00
8.363057585948149608e+01,0.000000000000000000e+00
7.776655885872801832e+01,0.000000000000000000e+00
7.971854184897139817e+01,0.000000000000000000e+00
7.810106894125632948e+01,0.000000000000000000e+00
8.022636330509374147e+01,0.000000000000000000e+00
7.841445140201295771e+01,0.000000000000000000e+00
8.173766569802059223e+01,0.000000000000000000e+00
8.227333297921769883e+01,0.000000000000000000e+00
7.976633120386388498e+01,0.000000000000000000e+00
8.252826239421629850e+01,0.000000000000000000e+00
8.085400980849846064e+01,0.000000000000000000e+00
7.939872939960076792e+01,0.000000000000000000e+00
7.993958404779598936e+01,0.000000000000000000e+00
8.125760407444367672e+01,0.000000000000000000e+00
8.401675568514578174e+01,0.000000000000000000e+00
7.929681103081399840e+01,0.000000000000000000e+00
7.956558862774852514e+01,0.000000000000000000e+00
7.852251323002040806e+01,0.000000000000000000e+00
8.021496351782120371e+01,0.000000000000000000e+00
7.650093803704071149e+01,0.000000000000000000e+00
7.824383212960910328e+01,0.000000000000000000e+00
8.270816420320370810e+01,0.000000000000000000e+00
7.696832796853713887e+01,0.000000000000000000e+00
7.942149101486359086e+01,0.000000000000000000e+00
7.965514722882743115e+01,0.000000000000000000e+00
8.245519614213598913e+01,0.000000000000000000e+00
7.552505989855420410e+01,0.000000000000000000e+00
7.985609009656225510e+01,0.000000000000000000e+00
7.832344017750297382e+01,0.000000000000000000e+00
7.855360287453127910e+01,0.000000000000000000e+00
8.346478517330571378e+01,0.000000000000000000e+00
7.896925227108013701e+01,0.000000000000000000e+00
8.192771519096119448e+01,0.000000000000000000e+00
7.825214473805090165e+01,0.000000000000000000e+00
8.015288605782646414e+01,0.000000000000000000e+00
7.966989823611559984e+01,0.000000000000000000e+00
7.977320340670178211e+01,0.000000000000000000e+00
7.919654635691212263e+01,0.000000000000000000e+00
8.307087241150995283e+01,0.000000000000000000e+00
7.954030000017493762e+01,0.000000000000000000e+00
8.151155914269907043e+01,0.000000000000000000e+00
7.612023945086095011e+01,0.000000000000000000e+00
7.707043600260939797e+01,0.000000000000000000e+00
8.153705390778432616e+01,0.000000000000000000e+00
7.836007850948769260e+01,0.000000000000000000e+00
7.937686651643919333e+01,0.000000000000000000e+00
7.707760054555433271e+01,0.000000000000000000e+00
7.978597161389747328e+01,0.000000000000000000e+00
7.762759514106696201e+01,0.000000000000000000e+00
8.052841445452426683e+01,0.000000000000000000e+00
8.151569968280064415e+01,0.000000000000000000e+00
7.548654130213769520e+01,0.000000000000000000e+00
8.135605569556855698e+01,0.000000000000000000e+00
8.049463081087793626e+01,0.000000000000000000e+00
7.614410446852686221e+01,0.000000000000000000e+00
8.171360429836728656e+01,0.000000000000000000e+00
8.050832016462138085e+01,0.000000000000000000e+00
7.808705820820472354e+01,0.000000000000000000e+00
8.259948558167492649e+01,0.000000000000000000e+00
7.993450813737499061e+01,0.000000000000000000e+00
8.030566187989424520e+01,0.000000000000000000e+00
8.223074076455662862e+01,0.000000000000000000e+00
8.395111208916161161e+01,0.000000000000000000e+00
7.970207890581097843e+01,0.000000000000000000e+00
7.864281879688066113e+01,0.000000000000000000e+00
7.856375757477681532e+01,0.000000000000000000e+00
7.978671893314715646e+01,0.000000000000000000e+00
8.194484080840776130e+01,0.000000000000000000e+00
7.868903989616410399e+01,0.000000000000000000e+00
7.711468836228571888e+01,0.000000000000000000e+00
8.038629903771381180e+01,0.000000000000000000e+00
8.007918029288951800e+01,0.000000000000000000e+00
8.088925331781003081e+01,0.000000000000000000e+00
7.951896038963643321e+01,0.000000000000000000e+00
7.695200095199112411e+01,0.000000000000000000e+00
7.900001587575648898e+01,0.000000000000000000e+00
8.090061869746342893e+01,0.000000000000000000e+00
7.507358218942403028e+01,0.000000000000000000e+00
8.132893175649097373e+01,0.000000000000000000e+00
7.764246122366304803e+01,0.000000000000000000e+00
8.005674952715330051e+01,0.000000000000000000e+00
8.072825391609458734e+01,0.000000000000000000e+00
8.438094808732667218e+01,0.000000000000000000e+00
7.790876306445586863e+01,0.000000000000000000e+00
8.225375983798278412e+01,0.000000000000000000e+00
8.003646455006220606e+01,0.000000000000000000e+00
8.294232137891026468e+01,0.000000000000000000e+00
8.388238762530635029e+01,0.000000000000000000e+00
7.891319497673656258e+01,0.000000000000000000e+00
8.049806466121518156e+01,0.000000000000000000e+00
8.223125583301698782e+01,0.000000000000000000e+00
7.884095984080211394e+01,0.000000000000000000e+00
8.343549175260424988e+01,0.000000000000000000e+00
8.333662091552945128e+01,0.000000000000000000e+00
7.706032839341231977e+01,0.000000000000000000e+00
8.050273295551585306e+01,0.000000000000000000e+00
8.193529567886888287e+01,0.000000000000000000e+00
8.169301470119249586e+01,0.000000000000000000e+00
7.876439903472684989e+01,0.000000000000000000e+00
7.876262390600503238e+01,0.000000000000000000e+00
8.159098617178467805e+01,0.000000000000000000e+00
8.062998707631231810e+01,0.000000000000000000e+00
8.019938115730852246e+01,0.000000000000000000e+00
8.230171023210932901e+01,0.000000000000000000e+00
7.627868150333452490e+01,0.000000000000000000e+00
8.147632450327320441e+01,0.000000000000000000e+00
7.885022897835077060e+01,0.000000000000000000e+00
8.245033922870837273e+01,0.000000000000000000e+00
7.718070935645627628e+01,0.000000000000000000e+00
8.125405539699715973e+01,0.000000000000000000e+00
7.992115480308247299e+01,0.000000000000000000e+00
7.696729969610402122e+01,0.000000000000000000e+00
8.086359646532912393e+01,0.000000000000000000e+00
7.818307104054237300e+01,0.000000000000000000e+00
7.962661784645331409e+01,0.000000000000000000e+00
8.266214124493653514e+01,0.000000000000000000e+00
7.926368552034691106e+01,0.000000000000000000e+00
7.841155976971340635e+01,0.000000000000000000e+00
7.713623341122632837e+01,0.000000000000000000e+00
8.109984539753573074e+01,0.000000000000000000e+00
7.800116861989062045e+01,0.000000000000000000e+00
7.906152758009500303e+01,0.000000000000000000e+00
7.750345039095640232e+01,0.000000000000000000e+00
7.960643218155385625e+01,0.000000000000000000e+00
8.041197405782263274e+01,0.000000000000000000e+00
8.326007382661609313e+01,0.000000000000000000e+00
7.501063458122648342e+01,0.000000000000000000e+00
8.118881018150769080e+01,0.000000000000000000e+00
7.882862676478156061e+01,0.000000000000000000e+00
8.157253300801312434e+01,0.000000000000000000e+00
7.627284484694567368e+01,0.000000000000000000e+00
7.984751408658047467e+01,0.000000000000000000e+00
7.913897945367901343e+01,0.000000000000000000e+00
7.749734870146338039e+01,0.000000000000000000e+00
7.752536973230544959e+01,0.000000000000000000e+00
7.993087595172954707e+01,0.000000000000000000e+00
7.610918199941116313e+01,0.000000000000000000e+00
8.030466558628044993e+01,0.000000000000000000e+00
7.824982387669125217e+01,0.000000000000000000e+00
8.201912052411043419e+01,0.000000000000000000e+00
7.955549452626610218e+01,0.000000000000000000e+00
8.067399951278673598e+01,0.000000000000000000e+00
7.982008523343870365e+01,0.000000000000000000e+00
8.171185086900929662e+01,0.000000000000000000e+00
7.906993189688344614e+01,0.000000000000000000e+00
8.447489534060757421e+01,0.000000000000000000e+00
7.728770770963824077e+01,0.000000000000000000e+00
7.946702779978801345e+01,0.000000000000000000e+00
7.918402727354236958e+01,0.000000000000000000e+00
8.592716478036470562e+01,0.000000000000000000e+00
7.942724104662453044e+01,0.000000000000000000e+00
7.983892113746999541e+01,0.000000000000000000e+00
7.776461151151021056e+01,0.000000000000000000e+00
8.471972951089374249e+01,0.000000000000000000e+00
7.866377648979108983e+01,0.000000000000000000e+00
7.955018639437540173e+01,0.000000000000000000e+00
7.935547957559441556e+01,0.000000000000000000e+00
8.059461778788923425e+01,0.000000000000000000e+00
8.021206849716665488e+01,0.000000000000000000e+00
7.794591563566569903e+01,0.000000000000000000e+00
8.307273468696131147e+01,0.000000000000000000e+00
7.949037371447931832e+01,0.000000000000000000e+00
7.612187165369554975e+01,0.000000000000000000e+00
8.039036322436130888e+01,0.000000000000000000e+00
8.007146863214236987e+01,0.000000000000000000e+00
7.861589562362939887e+01,0.000000000000000000e+00
7.976199167891670072e+01,0.000000000000000000e+00
7.903416824092177251e+01,0.000000000000000000e+00
7.729599010529832981e+01,0.000000000000000000e+00
8.366190255906278139e+01,0.000000000000000000e+00
7.796137091109521577e+01,0.000000000000000000e+00
7.924274787106530482e+01,0.000000000000000000e+00
7.703228250890124684e+01,0.000000000000000000e+00
7.994063048882502187e+01,0.000000000000000000e+00
7.713074072930434966e+01,0.000000000000000000e+00
7.837121977192965971e+01,0.000000000000000000e+00
7.580956940232360353e+01,0.000000000000000000e+00
7.716482451439651413e+01,0.000000000000000000e+00
7.905042547826842281e+01,0.000000000000000000e+00
7.960105521773282078e+01,0.000000000000000000e+00
7.947649429933112231e+01,0.000000000000000000e+00
8.012893868635897832e+01,0.000000000000000000e+00
7.619574732472695189e+01,0.000000000000000000e+00
7.939095982745419633e+01,0.000000000000000000e+00
8.249394963375601719e+01,0.000000000000000000e+00
7.532470648395022295e+01,0.000000000000000000e+00
7.673664869754898632e+01,0.000000000000000000e+00
7.969203376662534311e+01,0.000000000000000000e+00
7.762201553845230251e+01,0.000000000000000000e+00
7.602211235336231709e+01,0.000000000000000000e+00
7.642486444353482966e+01,0.000000000000000000e+00
7.572778463282635641e+01,0.000000000000000000e+00
7.992033325640842634e+01,0.000000000000000000e+00
7.690516638043725095e+01,0.000000000000000000e+00
7.784247322862344731e+01,0.000000000000000000e+00
7.750621698226960632e+01,0.000000000000000000e+00
7.720650535814499449e+01,0.000000000000000000e+00
7.830529704158581694e+01,0.000000000000000000e+00
7.828933711503736959e+01,0.000000000000000000e+00
7.886880555254674618e+01,0.000000000000000000e+00
8.022663151230111112e+01,0.000000000000000000e+00
8.010743636300078663e+01,0.000000000000000000e+00
7.966698891066279486e+01,0.000000000000000000e+00
7.675540666057652572e+01,0.000000000000000000e+00
7.947531203939061584e+01,0.000000000000000000e+00
8.057632682587218653e+01,0.000000000000000000e+00
7.852282299112813746e+01,0.000000000000000000e+00
7.606182917874922111e+01,0.000000000000000000e+00
7.451781452447181664e+01,0.000000000000000000e+00
8.145492214981021561e+01,0.000000000000000000e+00
7.803499924699534063e+01,0.000000000000000000e+00
7.410341360485978157e+01,0.000000000000000000e+00
7.872940686338310456e+01,0.000000000000000000e+00
7.706165371854071111e+01,0.000000000000000000e+00
7.996443761780138004e+01,0.000000000000000000e+00
7.786043840009209305e+01,0.000000000000000000e+00
7.569605497232325320e+01,0.000000000000000000e+00
7.896099374991499076e+01,0.000000000000000000e+00
7.935748202000907270e+01,0.000000000000000000e+00
7.895030763051758527e+01,0.000000000000000000e+00
7.524414039208852500e+01,0.000000000000000000e+00
7.289965241826978115e+01,0.000000000000000000e+00
7.681365980142429351e+01,0.000000000000000000e+00
7.683571688918948439e+01,0.000000000000000000e+00
7.862124506013164194e+01,0.000000000000000000e+00
7.678518043435045115e+01,0.000000000000000000e+00
7.789462955380328424e+01,0.000000000000000000e+00
7.539839782697252701e+01,0.000000000000000000e+00
7.934731851959210758e+01,0.000000000000000000e+00
7.359259241904385362e+01,0.000000000000000000e+00
7.502718966132783862e+01,0.000000000000000000e+00
7.624174466322664045e+01,0.000000000000000000e+00
7.527298711291030031e+01,0.000000000000000000e+00
7.549367187654043221e+01,0.000000000000000000e+00
7.565637117498219766e+01,0.000000000000000000e+00
8.170558325240691033e+01,0.000000000000000000e+00
7.669428535382074585e+01,0.000000000000000000e+00
7.889261600082946302e+01,0.000000000000000000e+00
7.905272774352708609e+01,0.000000000000000000e+00
7.651107361161099618e+01,0.000000000000000000e+00
7.260123453539929983e+01,0.000000000000000000e+00
7.874611229450479755e+01,0.000000000000000000e+00
7.508734541935126572e+01,0.000000000000000000e+00
8.132454352940666809e+01,0.000000000000000000e+00
7.526040038793534848e+01,0.000000000000000000e+00
7.507596397969282975e+01,0.000000000000000000e+00
7.717711652519206211e+01,0.000000000000000000e+00
7.643203563403011458e+01,0.000000000000000000e+00
7.508568940764560296e+01,0.000000000000000000e+00
7.567649461328402083e+01,0.000000000000000000e+00
7.728734233631908523e+01,0.000000000000000000e+00
7.278811858729829964e+01,0.000000000000000000e+00
7.788247010721910613e+01,0.000000000000000000e+00
7.467707792333465022e+01,0.000000000000000000e+00
7.707415796039958877e+01,0.000000000000000000e+00
7.412304053424931283e+01,0.000000000000000000e+00
7.520050799144117093e+01,0.000000000000000000e+00
7.425609154542674162e+01,0.000000000000000000e+00
7.342575943463724286e+01,0.000000000000000000e+00
7.535961045692511107e+01,0.000000000000000000e+00
7.739310434044263332e+01,0.000000000000000000e+00
7.088892965278938618e+01,0.000000000000000000e+00
7.661763294945710356e+01,0.000000000000000000e+00
7.521554140317292081e+01,0.000000000000000000e+00
7.784114083343315826e+01,0.000000000000000000e+00
7.777892846793137949e+01,0.000000000000000000e+00
7.217506086079582417e+01,0.000000000000000000e+00
7.558361236548967099e+01,0.000000000000000000e+00
7.561879793761826818e+01,0.000000000000000000e+00
7.683629668234911492e+01,0.000000000000000000e+00
7.541771333941657929e+01,0.000000000000000000e+00
7.527855350617187469e+01,0.000000000000000000e+00
7.194464039966550217e+01,0.000000000000000000e+00
7.385481452351258724e+01,0.000000000000000000e+00
7.425791079030116748e+01,0.000000000000000000e+00
7.729499780709286938e+01,0.000000000000000000e+00
7.220494441314511391e+01,0.000000000000000000e+00
7.568580223987252964e+01,0.000000000000000000e+00
7.214762013357342596e+01,0.000000000000000000e+00
6.957091169436392875e+01,0.000000000000000000e+00
7.769844108419152917e+01,0.000000000000000000e+00
7.528578115123750081e+01,0.000000000000000000e+00
7.343123298382715802e+01,0.000000000000000000e+00
7.339699977695828181e+01,0.000000000000000000e+00
7.031186747620832023e+01,0.000000000000000000e+00
7.426680421944580246e+01,0.000000000000000000e+00
7.717353601792687812e+01,0.000000000000000000e+00
7.518817967277219338e+01,0.000000000000000000e+00
7.089293343656446211e+01,0.000000000000000000e+00
7.225069491528715560e+01,0.000000000000000000e+00
7.520829250382956843e+01,0.000000000000000000e+00
7.585459273778747047e+01,0.000000000000000000e+00
6.980629665378778270e+01,0.000000000000000000e+00
7.439165673699383774e+01,0.000000000000000000e+00
7.535259004232923985e+01,0.000000000000000000e+00
7.285003723661770891e+01,0.000000000000000000e+00
7.304797468068728961e+01,0.000000000000000000e+00
7.321086601351581180e+01,0.000000000000000000e+00
7.280680064422942621e+01,0.000000000000000000e+00
7.530744105759787033e+01,0.000000000000000000e+00
7.275866698799252674e+01,0.000000000000000000e+00
7.431282673834041930e+01,0.000000000000000000e+00
7.411170029503739443e+01,0.000000000000000000e+00
7.345645232543390080e+01,0.000000000000000000e+00
7.763203833026771861e+01,0.000000000000000000e+00
7.429633130064455315e+01,0.000000000000000000e+00
7.384467638094579911e+01,0.000000000000000000e+00
7.191004334940613774e+01,0.000000000000000000e+00
7.484999518078741687e+01,0.000000000000000000e+00
7.417420086945671187e+01,0.000000000000000000e+00
7.721257140728866375e+01,0.000000000000000000e+00
7.376108900671763990e+01,0.000000000000000000e+00
7.311346339908364200e+01,0.000000000000000000e+00
6.908984555104323988e+01,0.000000000000000000e+00
7.408823282240246044e+01,0.000000000000000000e+00
7.514219302053651006e+01,0.000000000000000000e+00
7.321363703311753568e+01,0.000000000000000000e+00
7.411070360188102768e+01,0.000000000000000000e+00
7.437967555713339607e+01,0.000000000000000000e+00
7.096590701464853623e+01,0.000000000000000000e+00
7.625736763987083577e+01,0.000000000000000000e+00
7.496035380048665786e+01,0.000000000000000000e+00
7.085888655091396515e+01,0.000000000000000000e+00
7.299452691411991623e+01,0.000000000000000000e+00
7.382983271221743848e+01,0.000000000000000000e+00
6.986435163643703561e+01,0.000000000000000000e+00
7.294936318595290459e+01,0.000000000000000000e+00
7.410667399581308246e+01,0.000000000000000000e+00
7.178307217086154424e+01,0.000000000000000000e+00
7.366184475401534826e+01,0.000000000000000000e+00
7.322644788572840469e+01,0.000000000000000000e+00
7.029417937678817907e+01,0.000000000000000000e+00
7.506234972237290037e+01,0.000000000000000000e+00
6.976805296768367270e+01,0.000000000000000000e+00
7.139863262675841327e+01,0.000000000000000000e+00
7.266477310242773058e+01,0.000000000000000000e+00
7.019828128557031732e+01,0.000000000000000000e+00
7.044576761975329759e+01,0.000000000000000000e+00
7.025236754366916614e+01,0.000000000000000000e+00
7.166777781080159571e+01,0.000000000000000000e+00
7.174303324700706241e+01,0.000000000000000000e+00
7.045519410694804208e+01,0.000000000000000000e+00
7.225891627276995166e+01,0.000000000000000000e+00
7.315903190217136398e+01,0.000000000000000000e+00
6.999280888833298775e+01,0.000000000000000000e+00
7.292391905165112576e+01,0.000000000000000000e+00
6.899612688521200710e+01,0.000000000000000000e+00
6.852544999332268105e+01,0.000000000000000000e+00
7.290410781350973934e+01,0.000000000000000000e+00
6.822723906634121249e+01,0.000000000000000000e+00
7.102524599085244006e+01,0.000000000000000000e+00
7.063580373946007285e+01,0.000000000000000000e+00
7.186008172611333578e+01,0.000000000000000000e+00
7.024501694380838046e+01,0.000000000000000000e+00
7.320037842017524099e+01,0.000000000000000000e+00
7.131660402394253140e+01,0.000000000000000000e+00
7.368564384838235526e+01,0.000000000000000000e+00
6.963637394849116902e+01,0.000000000000000000e+00
7.452971267717215653e+01,0.000000000000000000e+00
6.940618278656762641e+01,0.000000000000000000e+00
7.060256713091314396e+01,0.000000000000000000e+00
6.938051965920830355e+01,0.000000000000000000e+00
6.991883645530401736e+01,0.000000000000000000e+00
7.351923911215894236e+01,0.000000000000000000e+00
7.252610157780428324e+01,0.000000000000000000e+00
6.941771273683571053e+01,0.000000000000000000e+00
7.037172015623448829e+01,0.000000000000000000e+00
7.229516747844293434e+01,0.000000000000000000e+00
7.085483041605569099e+01,0.000000000000000000e+00
7.252321116522674060e+01,0.000000000000000000e+00
6.941656570479241850e+01,0.000000000000000000e+00
7.129832262652962527e+01,0.000000000000000000e+00
7.336347791676183761e+01,0.000000000000000000e+00
7.108446480133824252e+01,0.000000000000000000e+00
6.744265114160775454e+01,0.000000000000000000e+00
6.580861091725084577e+01,0.000000000000000000e+00
6.650885406759466889e+01,0.000000000000000000e+00
7.363097685979268192e+01,0.000000000000000000e+00
6.779628170865255754e+01,0.000000000000000000e+00
6.917185100277140464e+01,0.000000000000000000e+00
7.079854720807161073e+01,0.000000000000000000e+00
7.143668371976207254e+01,0.000000000000000000e+00
6.930372872503261306e+01,0.000000000000000000e+00
7.252743611069699625e+01,0.000000000000000000e+00
6.964105082228000754e+01,0.000000000000000000e+00
6.940083303964311767e+01,0.000000000000000000e+00
6.815591471513745603e+01,0.000000000000000000e+00
6.978431472630373378e+01,0.000000000000000000e+00
6.845203046487240783e+01,0.000000000000000000e+00
6.768378412049676740e+01,0.000000000000000000e+00
7.047983447184535066e+01,0.000000000000000000e+00
6.731145000917000232e+01,0.000000000000000000e+00
6.726010295779397552e+01,0.000000000000000000e+00
6.912383248358140975e+01,0.000000000000000000e+00
6.933352722929437562e+01,0.000000000000000000e+00
6.556881440759320867e+01,0.000000000000000000e+00
6.588616044375143588e+01,0.000000000000000000e+00
6.682148338525014708e+01,0.000000000000000000e+00
6.669351980976828997e+01,0.000000000000000000e+00
6.674628527788179611e+01,0.000000000000000000e+00
7.073245582512322471e+01,0.000000000000000000e+00
6.862440532919399061e+01,0.000000000000000000e+00
7.014626696108132364e+01,0.000000000000000000e+00
6.891531248213247807e+01,0.000000000000000000e+00
6.853514764582540408e+01,0.000000000000000000e+00
7.200640130846969100e+01,0.000000000000000000e+00
6.828235814072252197e+01,0.000000000000000000e+00
6.806748772512638368e+01,0.000000000000000000e+00
6.854710134154319690e+01,0.000000000000000000e+00
6.442301846812438271e+01,0.000000000000000000e+00
6.659135203421084270e+01,0.000000000000000000e+00
6.964920066312841129e+01,0.000000000000000000e+00
6.552375948875402401e+01,0.000000000000000000e+00
6.929989916922512805e+01,0.000000000000000000e+00
6.491119894551813729e+01,0.000000000000000000e+00
6.975639287745501349e+01,0.000000000000000000e+00
6.914649487543982787e+01,0.000000000000000000e+00
6.945389306919400951e+01,0.000000000000000000e+00
7.060553753324896320e+01,0.000000000000000000e+00
6.268575566366207852e+01,0.000000000000000000e+00
6.873465964071381507e+01,0.000000000000000000e+00
6.933363585213854208e+01,0.000000000000000000e+00
6.758678947075462418e+01,0.000000000000000000e+00
7.029024553780595852e+01,0.000000000000000000e+00
6.543605789555525121e+01,0.000000000000000000e+00
6.298630359122649480e+01,0.000000000000000000e+00
6.766674837450594282e+01,0.000000000000000000e+00
6.518680241756793237e+01,0.000000000000000000e+00
6.944623166327413344e+01,0.000000000000000000e+00
6.668159037120686605e+01,0.000000000000000000e+00
6.731571923005964209e+01,0.000000000000000000e+00
6.687694332540989706e+01,0.000000000000000000e+00
6.612809193992158896e+01,0.000000000000000000e+00
6.177351856626159332e+01,0.000000000000000000e+00
6.797315141763455415e+01,0.000000000000000000e+00
6.725588662298777365e+01,0.000000000000000000e+00
6.577129618201465178e+01,0.000000000000000000e+00
6.789536270599782597e+01,0.000000000000000000e+00
6.658668391655918128e+01,0.000000000000000000e+00
6.514504323853925882e+01,0.000000000000000000e+00
6.038044846470043581e+01,0.000000000000000000e+00
6.689271838258407854e+01,0.000000000000000000e+00
6.711231694710687634e+01,0.000000000000000000e+00
6.210044120273179402e+01,0.000000000000000000e+00
6.735152658523175262e+01,0.000000000000000000e+00
6.306654975189544388e+01,0.000000000000000000e+00
6.962416574410688952e+01,0.000000000000000000e+00
6.248705307872494785e+01,0.000000000000000000e+00
6.366712312402005836e+01,0.000000000000000000e+00
6.504545423907960355e+01,0.000000000000000000e+00
6.543432747722124532e+01,0.000000000000000000e+00
6.810320281016112176e+01,0.000000000000000000e+00
6.410239459325265443e+01,0.000000000000000000e+00
6.698786525747006237e+01,0.000000000000000000e+00
6.135118616133384961e+01,0.000000000000000000e+00
6.818419867185482985e+01,0.000000000000000000e+00
6.495772096624250480e+01,0.000000000000000000e+00
6.422873814132660186e+01,0.000000000000000000e+00
6.158217443221985832e+01,0.000000000000000000e+00
6.091748486512420158e+01,0.000000000000000000e+00
6.597102656195632164e+01,0.000000000000000000e+00
6.405324624536828537e+01,0.000000000000000000e+00
6.178464713016118992e+01,0.000000000000000000e+00
6.160331156726574164e+01,0.000000000000000000e+00
6.225036594436858195e+01,0.000000000000000000e+00
6.322305108779805494e+01,0.000000000000000000e+00
6.408064382806664128e+01,0.000000000000000000e+00
6.176603825467112330e+01,0.000000000000000000e+00
6.487104266638537808e+01,0.000000000000000000e+00
6.274188445279990844e+01,0.000000000000000000e+00
6.635214489989498077e+01,0.000000000000000000e+00
6.203201719582445151e+01,0.000000000000000000e+00
6.408347686101924978e+01,0.000000000000000000e+00
6.195885651420451268e+01,0.000000000000000000e+00
6.545962968621569189e+01,0.000000000000000000e+00
5.979464743407643823e+01,0.000000000000000000e+00
6.442296928891563823e+01,0.000000000000000000e+00
5.660915662632989154e+01,0.000000000000000000e+00
6.416228498244349510e+01,0.000000000000000000e+00
6.234687533290821193e+01,0.000000000000000000e+00
6.338498165362835124e+01,0.000000000000000000e+00
6.297259059264460745e+01,0.000000000000000000e+00
6.149727645685899802e+01,0.000000000000000000e+00
6.523862567802905232e+01,0.000000000000000000e+00
6.178740434305933604e+01,0.000000000000000000e+00
6.268734819002697378e+01,0.000000000000000000e+00
6.398957516808740564e+01,0.000000000000000000e+00
6.249531464305157868e+01,0.000000000000000000e+00
6.245205586943413323e+01,0.000000000000000000e+00
6.172172935689252427e+01,0.000000000000000000e+00
6.365434492030608027e+01,0.000000000000000000e+00
6.360066254132923547e+01,0.000000000000000000e+00
6.030599698652227403e+01,0.000000000000000000e+00
5.871182155804623903e+01,0.000000000000000000e+00
6.351333083150235836e+01,0.000000000000000000e+00
5.781089575748718801e+01,0.000000000000000000e+00
6.467447154730838577e+01,0.000000000000000000e+00
5.966241856686118439e+01,0.000000000000000000e+00
5.911665391123970181e+01,0.000000000000000000e+00
5.810617366953106000e+01,0.000000000000000000e+00
6.349661746916842020e+01,0.000000000000000000e+00
6.436947777037087803e+01,0.000000000000000000e+00
6.075114684312596580e+01,0.000000000000000000e+00
6.310455516036186197e+01,0.000000000000000000e+00
5.905870711898863590e+01,0.000000000000000000e+00
6.314887434443769365e+01,0.000000000000000000e+00
6.251044120729727638e+01,0.000000000000000000e+00
6.215256749699125294e+01,0.000000000000000000e+00
6.026836279413240050e+01,0.000000000000000000e+00
5.821178074982316275e+01,0.000000000000000000e+00
6.016899073625413763e+01,0.000000000000000000e+00
6.085046753360855831e+01,0.000000000000000000e+00
5.852182093759780912e+01,0.000000000000000000e+00
6.367358522825251299e+01,0.000000000000000000e+00
6.087129815580428982e+01,0.000000000000000000e+00
5.784408690359159522e+01,0.000000000000000000e+00
6.170922627713030550e+01,0.000000000000000000e+00
6.060787162333183886e+01,0.000000000000000000e+00
6.347548138019402586e+01,0.000000000000000000e+00
5.610314491390041525e+01,0.000000000000000000e+00
5.866789840129057865e+01,0.000000000000000000e+00
6.075435579384426177e+01,0.000000000000000000e+00
6.082973968087946304e+01,0.000000000000000000e+00
5.843163724637211232e+01,0.000000000000000000e+00
5.707106873276531189e+01,0.000000000000000000e+00
6.299748115328565490e+01,0.000000000000000000e+00
5.816120401136667084e+01,0.000000000000000000e+00
6.209669233361402974e+01,0.000000000000000000e+00
5.793979887067245471e+01,0.000000000000000000e+00
5.813454426015692889e+01,0.000000000000000000e+00
5.908544993474286144e+01,0.000000000000000000e+00
6.186706778084591463e+01,0.000000000000000000e+00
5.816561427051230027e+01,0.000000000000000000e+00
6.207959428219577802e+01,0.000000000000000000e+00
5.660735651564440474e+01,0.000000000000000000e+00
6.108211089253721582e+01,0.000000000000000000e+00
5.619598158198299132e+01,0.000000000000000000e+00
5.780048198707383733e+01,0.000000000000000000e+00
5.528943658584450560e+01,0.000000000000000000e+00
5.865959471838182537e+01,0.000000000000000000e+00
5.565946340623167998e+01,0.000000000000000000e+00
5.683968718240823392e+01,0.000000000000000000e+00
5.809553993683434925e+01,0.000000000000000000e+00
5.922735995998211678e+01,0.000000000000000000e+00
5.675027947635000913e+01,0.000000000000000000e+00
5.945856714854257774e+01,0.000000000000000000e+00
5.563103854206793386e+01,0.000000000000000000e+00
5.924899249347782870e+01,0.000000000000000000e+00
5.883859199214693092e+01,0.000000000000000000e+00
5.789886578109457105e+01,0.000000000000000000e+00
5.559118977605957923e+01,0.000000000000000000e+00
5.154863744985000551e+01,0.000000000000000000e+00
5.870949021096371467e+01,0.000000000000000000e+00
6.077786379015925888e+01,0.000000000000000000e+00
5.268594071806101198e+01,0.000000000000000000e+00
5.492131738185275935e+01,0.000000000000000000e+00
5.808000438798344334e+01,0.000000000000000000e+00
5.547348708065889866e+01,0.000000000000000000e+00
5.562625781375511735e+01,0.000000000000000000e+00
5.779331606299054869e+01,0.000000000000000000e+00
5.802108923387336858e+01,0.000000000000000000e+00
5.769251891111065333e+01,0.000000000000000000e+00
5.662528272787516670e+01,0.000000000000000000e+00
5.291332395504015551e+01,0.000000000000000000e+00
5.636390396661207802e+01,0.000000000000000000e+00
5.832012440313372537e+01,0.000000000000000000e+00
5.712476145588873777e+01,0.000000000000000000e+00
5.709940027144580199e+01,0.000000000000000000e+00
5.660976947892086741e+01,0.000000000000000000e+00
5.408933747764279332e+01,0.000000000000000000e+00
5.563502770281923659e+01,0.000000000000000000e+00
5.687901333998715359e+01,0.000000000000000000e+00
5.168764794945896313e+01,0.000000000000000000e+00
5.685148736001216463e+01,0.000000000000000000e+00
5.748597886697361048e+01,0.000000000000000000e+00
5.639084098855821026e+01,0.000000000000000000e+00
5.724498326676656745e+01,0.000000000000000000e+00
5.451815098666875770e+01,0.000000000000000000e+00
5.595064927154906798e+01,0.000000000000000000e+00
5.369156223411950180e+01,0.000000000000000000e+00
5.669856770381825584e+01,0.000000000000000000e+00
5.533229690455880956e+01,0.000000000000000000e+00
5.161218620284565617e+01,0.000000000000000000e+00
5.540816970689280652e+01,0.000000000000000000e+00
5.674622046877991721e+01,0.000000000000000000e+00
5.627295851059241016e+01,0.000000000000000000e+00
5.448482663352008615e+01,0.000000000000000000e+00
5.935737414245373600e+01,0.000000000000000000e+00
4.984058936817390162e+01,0.000000000000000000e+00
5.277201981945557918e+01,0.000000000000000000e+00
5.161634349593064996e+01,0.000000000000000000e+00
5.297938007064559685e+01,0.000000000000000000e+00
5.204216061905301416e+01,0.000000000000000000e+00
5.332049193620015615e+01,0.000000000000000000e+00
5.328327513435678497e+01,0.000000000000000000e+00
5.537727290966645199e+01,0.000000000000000000e+00
5.460887591677391839e+01,0.000000000000000000e+00
5.247217301270631395e+01,0.000000000000000000e+00
5.275924890171152271e+01,0.000000000000000000e+00
5.177872353506120362e+01,0.000000000000000000e+00
5.600931523949520141e+01,0.000000000000000000e+00
5.654276287593587114e+01,0.000000000000000000e+00
5.149387998871784333e+01,0.000000000000000000e+00
5.310010705894722349e+01,0.000000000000000000e+00
5.118588214438939588e+01,0.000000000000000000e+00
5.122908522572466694e+01,0.000000000000000000e+00
5.383805322485282119e+01,0.000000000000000000e+00
5.301012386882005956e+01,0.000000000000000000e+00
5.155605333084971420e+01,0.000000000000000000e+00
5.303923392030007733e+01,0.000000000000000000e+00
5.532120906793414150e+01,0.000000000000000000e+00
5.210418017823331382e+01,0.000000000000000000e+00
5.078366018549339600e+01,0.000000000000000000e+00
5.203581540545342676e+01,0.000000000000000000e+00
5.472566871825481627e+01,0.000000000000000000e+00
5.179596051059561290e+01,0.000000000000000000e+00
5.353703247531142040e+01,0.000000000000000000e+00
5.376693147743470291e+01,0.000000000000000000e+00
5.442501616106567042e+01,0.000000000000000000e+00
5.285227934349357781e+01,0.000000000000000000e+00
5.567349201140269344e+01,0.000000000000000000e+00
4.910118021394568188e+01,0.000000000000000000e+00
5.388479636133619266e+01,0.000000000000000000e+00
5.234267550734296748e+01,0.000000000000000000e+00
5.047465862062107789e+01,0.000000000000000000e+00
4.974018116747931373e+01,0.000000000000000000e+00
5.177426992578482157e+01,0.000000000000000000e+00
5.084705492424592421e+01,0.000000000000000000e+00
4.772131117281993795e+01,0.000000000000000000e+00
5.208821118130872208e+01,0.000000000000000000e+00
5.016470281843562873e+01,0.000000000000000000e+00
4.951028923045504371e+01,0.000000000000000000e+00
5.454778210033897068e+01,0.000000000000000000e+00
5.190914629612837672e+01,0.000000000000000000e+00
5.278121301458924108e+01,0.000000000000000000e+00
4.994696157848776608e+01,0.000000000000000000e+00
4.676283721861324949e+01,0.000000000000000000e+00
5.053421773676823392e+01,0.000000000000000000e+00
5.204069566818465375e+01,0.000000000000000000e+00
5.095333313140827869e+01,0.000000000000000000e+00
5.160252666082195816e+01,0.000000000000000000e+00
5.111958720162597558e+01,0.000000000000000000e+00
4.996211517143492387e+01,0.000000000000000000e+00
5.132326775424572674e+01,0.000000000000000000e+00
5.274137146989590264e+01,0.000000000000000000e+00
5.186419428066921000e+01,0.000000000000000000e+00
4.998066139037613453e+01,0.000000000000000000e+00
4.970022280070007525e+01,0.000000000000000000e+00
5.126700405302617014e+01,0.000000000000000000e+00
4.920242191536373610e+01,0.000000000000000000e+00
4.935930839297204642e+01,0.000000000000000000e+00
4.876882323730138324e+01,0.000000000000000000e+00
4.856965064754557204e+01,0.000000000000000000e+00
4.698824218210519632e+01,0.000000000000000000e+00
5.272117604689812254e+01,0.000000000000000000e+00
4.910922872219372692e+01,0.000000000000000000e+00
4.514321672880543446e+01,0.000000000000000000e+00
4.799618069502753315e+01,0.000000000000000000e+00
4.693641851160187173e+01,0.000000000000000000e+00
4.909058783673823001e+01,0.000000000000000000e+00
4.670807974083409420e+01,0.000000000000000000e+00
5.009009537486446817e+01,0.000000000000000000e+00
5.027686684691114749e+01,0.000000000000000000e+00
4.749895669056686387e+01,0.000000000000000000e+00
4.848913404630361157e+01,0.000000000000000000e+00
4.706745187648240858e+01,0.000000000000000000e+00
5.023399470907362030e+01,0.000000000000000000e+00
5.021880527907341474e+01,0.000000000000000000e+00
4.977316080142391996e+01,0.000000000000000000e+00
4.870347099189544338e+01,0.000000000000000000e+00
4.861356496003844541e+01,0.000000000000000000e+00
4.707918726746180482e+01,0.000000000000000000e+00
4.364971302553968968e+01,0.000000000000000000e+00
4.886563998877925030e+01,0.000000000000000000e+00
4.767504743278373525e+01,0.000000000000000000e+00
4.771617741763463272e+01,0.000000000000000000e+00
4.821767684150735533e+01,0.000000000000000000e+00
4.883684363838582954e+01,0.000000000000000000e+00
4.897951371062229953e+01,0.000000000000000000e+00
4.717724878008073830e+01,0.000000000000000000e+00
4.611447480970999635e+01,0.000000000000000000e+00
4.835258958927713735e+01,0.000000000000000000e+00
4.632901302866901716e+01,0.000000000000000000e+00
4.508407269333813616e+01,0.000000000000000000e+00
4.500383407240420297e+01,0.000000000000000000e+00
5.003460390922563761e+01,0.000000000000000000e+00
4.568503718262150670e+01,0.000000000000000000e+00
4.766001326217431000e+01,0.000000000000000000e+00
5.103711494377161983e+01,0.000000000000000000e+00
4.135834348635818003e+01,0.000000000000000000e+00
4.662471189090469181e+01,0.000000000000000000e+00
4.504176844712729633e+01,0.000000000000000000e+00
4.226607283435440365e+01,0.000000000000000000e+00
4.622557833059219945e+01,0.000000000000000000e+00
4.448142191170263970e+01,0.000000000000000000e+00
4.332568829209910177e+01,0.000000000000000000e+00
4.670328644330821533e+01,0.000000000000000000e+00
4.344551543580443109e+01,0.000000000000000000e+00
4.758383375354090106e+01,0.000000000000000000e+00
4.560472377551062806e+01,0.000000000000000000e+00
4.812832318840426638e+01,0.000000000000000000e+00
4.697590183018824206e+01,0.000000000000000000e+00
4.502242743385846779e+01,0.000000000000000000e+00
4.762320178848878527e+01,0.000000000000000000e+00
4.145747874232980479e+01,0.000000000000000000e+00
4.438124949572320332e+01,0.000000000000000000e+00
4.863895033604752172e+01,0.000000000000000000e+00
4.550306378318166622e+01,0.000000000000000000e+00
4.478116773381483284e+01,0.000000000000000000e+00
4.623934556866763046e+01,0.000000000000000000e+00
3.905046490245406687e+01,0.000000000000000000e+00
4.395805952390222160e+01,0.000000000000000000e+00
4.289411230224229854e+01,0.000000000000000000e+00
4.369916445900854285e+01,0.000000000000000000e+00
4.600294620938117163e+01,0.000000000000000000e+00
4.400942920147321047e+01,0.000000000000000000e+00
4.398923903608773855e+01,0.000000000000000000e+00
4.478643171676714019e+01,0.000000000000000000e+00
4.395190211429378735e+01,0.000000000000000000e+00
4.290563262910769993e+01,0.000000000000000000e+00
4.576268763180519272e+01,0.000000000000000000e+00
4.451512942305901532e+01,0.000000000000000000e+00
4.076747479837475652e+01,0.000000000000000000e+00
4.364849458977831631e+01,0.000000000000000000e+00
4.042081946516628932e+01,0.000000000000000000e+00
4.112626121267105361e+01,0.000000000000000000e+00
4.214002820695234419e+01,0.000000000000000000e+00
4.100395176737665537e+01,0.000000000000000000e+00
4.162257132253273539e+01,0.000000000000000000e+00
4.560457761917810160e+01,0.000000000000000000e+00
4.581047846299590276e+01,0.000000000000000000e+00
4.265728344647690307e+01,0.000000000000000000e+00
3.934545359277164067e+01,0.000000000000000000e+00
4.115321683216162540e+01,0.000000000000000000e+00
4.157416234488322715e+01,0.000000000000000000e+00
4.392625768483252813e+01,0.000000000000000000e+00
4.266132020927730650e+01,0.000000000000000000e+00
4.290196962670816561e+01,0.000000000000000000e+00
4.327794952884409696e+01,0.000000000000000000e+00
3.834248975515318847e+01,0.000000000000000000e+00
4.117197567867261654e+01,0.000000000000000000e+00
4.430406252459629002e+01,0.000000000000000000e+00
4.384463057199542391e+01,0.000000000000000000e+00
4.429906634162910706e+01,0.000000000000000000e+00
4.115904944211386152e+01,0.000000000000000000e+00
4.366093746212354887e+01,0.000000000000000000e+00
4.002412535552829098e+01,0.000000000000000000e+00
4.349623119227684498e+01,0.000000000000000000e+00
3.934529037344196922e+01,0.000000000000000000e+00
4.278305776509587588e+01,0.000000000000000000e+00
3.780370319348990904e+01,0.000000000000000000e+00
4.132044072466598550e+01,0.000000000000000000e+00
4.343855565242413519e+01,0.000000000000000000e+00
4.483798517599547040e+01,0.000000000000000000e+00
4.100506288819912726e+01,0.000000000000000000e+00
4.100923040879634840e+01,0.000000000000000000e+00
4.008026996045117585e+01,0.000000000000000000e+00
3.844667933319861675e+01,0.000000000000000000e+00
4.584966967513723546e+01,0.000000000000000000e+00
4.041161543097976505e+01,0.000000000000000000e+00
3.674601982759437391e+01,0.000000000000000000e+00
3.732712191382714906e+01,0.000000000000000000e+00
4.091637047925085113e+01,0.000000000000000000e+00
4.043003627309525427e+01,0.000000000000000000e+00
4.223957536887616726e+01,0.000000000000000000e+00
3.723258100741598042e+01,0.000000000000000000e+00
4.496994562425125963e+01,0.000000000000000000e+00
4.102744812831640076e+01,0.000000000000000000e+00
3.644747293588033443e+01,0.000000000000000000e+00
4.029243368660720392e+01,0.000000000000000000e+00
4.231676963330453844e+01,0.000000000000000000e+00
3.934095123270805061e+01,0.000000000000000000e+00
4.174071727626924400e+01,0.000000000000000000e+00
4.032543467232045487e+01,0.000000000000000000e+00
4.049019357186668344e+01,0.000000000000000000e+00
3.801931437445268358e+01,0.000000000000000000e+00
4.210879335207916796e+01,0.000000000000000000e+00
4.018755063072564582e+01,0.000000000000000000e+00
3.727882338181984778e+01,0.000000000000000000e+00
3.693289185237337335e+01,0.000000000000000000e+00
3.784745581896321909e+01,0.000000000000000000e+00
3.623451688829764805e+01,0.000000000000000000e+00
3.870689493015170513e+01,0.000000000000000000e+00
4.057111318086182905e+01,0.000000000000000000e+00
3.852273306628671889e+01,0.000000000000000000e+00
3.668817725132971930e+01,0.000000000000000000e+00
3.743901799577959366e+01,0.000000000000000000e+00
3.888177516486047836e+01,0.000000000000000000e+00
3.496377342261840937e+01,0.000000000000000000e+00
3.731345567301769250e+01,0.000000000000000000e+00
3.551905679948741579e+01,0.000000000000000000e+00
3.911752354728515257e+01,0.000000000000000000e+00
3.931325572232685062e+01,0.000000000000000000e+00
4.027785408611643447e+01,0.000000000000000000e+00
3.502493812930642036e+01,0.000000000000000000e+00
3.776764272710823178e+01,0.000000000000000000e+00
3.831386467032520926e+01,0.000000000000000000e+00
3.684959603945038964e+01,0.000000000000000000e+00
3.546268965467697853e+01,0.000000000000000000e+00
3.811107789271789414e+01,0.000000000000000000e+00
3.904230812488081170e+01,0.000000000000000000e+00
4.039703862431536407e+01,0.000000000000000000e+00
3.524895970707985526e+01,0.000000000000000000e+00
3.654826314496377648e+01,0.000000000000000000e+00
3.736107777925702322e+01,0.000000000000000000e+00
4.037216457379543044e+01,0.000000000000000000e+00
3.719914002681579035e+01,0.000000000000000000e+00
3.912332887353672817e+01,0.000000000000000000e+00
3.624300573857099295e+01,0.000000000000000000e+00
3.671625842710018617e+01,0.000000000000000000e+00
3.827748979572560728e+01,0.000000000000000000e+00
3.242299135764119455e+01,0.000000000000000000e+00
3.876019958149291256e+01,0.000000000000000000e+00
3.740009277756448114e+01,0.000000000000000000e+00
3.588840090273373562e+01,0.000000000000000000e+00
3.453024310258382457e+01,0.000000000000000000e+00
3.802158233264061238e+01,0.000000000000000000e+00
3.761367699774623929e+01,0.000000000000000000e+00
3.681437982129126851e+01,0.000000000000000000e+00
3.543420353363682551e+01,0.000000000000000000e+00
3.285529098115917179e+01,0.000000000000000000e+00
3.882708836893821314e+01,0.000000000000000000e+00
3.198286049584370971e+01,0.000000000000000000e+00
3.575808090481652357e+01,0.000000000000000000e+00
3.469442577259618332e+01,0.000000000000000000e+00
3.702563648657368134e+01,0.000000000000000000e+00
3.761180257617044020e+01,0.000000000000000000e+00
3.565010040771645095e+01,0.000000000000000000e+00
3.577752274005430166e+01,0.000000000000000000e+00
3.675744040961060932e+01,0.000000000000000000e+00
3.385117982031520967e+01,0.000000000000000000e+00
3.407310416583763413e+01,0.000000000000000000e+00
3.736912990951859825e+01,0.000000000000000000e+00
3.482249726152947034e+01,0.000000000000000000e+00
3.730007390834776970e+01,0.000000000000000000e+00
3.304198748863026935e+01,0.000000000000000000e+00
3.541693635672459806e+01,0.000000000000000000e+00
3.208409364426836419e+01,0.000000000000000000e+00
3.568070279211517004e+01,0.000000000000000000e+00
3.451589397260534042e+01,0.000000000000000000e+00
3.262504190749645971e+01,0.000000000000000000e+00
3.481949594297984163e+01,0.000000000000000000e+00
3.458525781218143180e+01,0.000000000000000000e+00
3.511443512549885781e+01,0.000000000000000000e+00
3.197258209683764818e+01,0.000000000000000000e+00
3.782026656107756679e+01,0.000000000000000000e+00
3.483994047355781731e+01,0.000000000000000000e+00
3.318772202158406515e+01,0.000000000000000000e+00
3.550971480312484374e+01,0.000000000000000000e+00
3.450840306385360634e+01,0.000000000000000000e+00
3.655157551454658460e+01,0.000000000000000000e+00
3.215829840707381493e+01,0.000000000000000000e+00
3.107630416276794350e+01,0.000000000000000000e+00
3.269434262071019504e+01,0.000000000000000000e+00
3.603277505094412447e+01,0.000000000000000000e+00
3.033637346681982905e+01,0.000000000000000000e+00
3.476515819679661945e+01,0.000000000000000000e+00
3.412728818504821504e+01,0.000000000000000000e+00
3.564619286209983784e+01,0.000000000000000000e+00
3.368816825547347094e+01,0.000000000000000000e+00
3.163232070124625750e+01,0.000000000000000000e+00
3.354108157926907552e+01,0.000000000000000000e+00
2.947704524109990487e+01,0.000000000000000000e+00
3.274273426714727719e+01,0.000000000000000000e+00
3.272082136520542406e+01,0.000000000000000000e+00
3.225815174257677143e+01,0.000000000000000000e+00
3.047185405719599771e+01,0.000000000000000000e+00
3.451467527857958117e+01,0.000000000000000000e+00
3.436924041407056762e+01,0.000000000000000000e+00
2.928345678278047259e+01,0.000000000000000000e+00
3.283559091352769599e+01,0.000000000000000000e+00
3.300339703471365738e+01,0.000000000000000000e+00
3.018598820599049759e+01,0.000000000000000000e+00
3.122756247775290106e+01,0.000000000000000000e+00
3.316103344098517169e+01,0.000000000000000000e+00
3.026972357777191647e+01,0.000000000000000000e+00
3.488030334765033302e+01,0.000000000000000000e+00
3.305424595653830266e+01,0.000000000000000000e+00
3.309314534409374176e+01,0.000000000000000000e+00
3.209691693540815294e+01,0.000000000000000000e+00
3.203165300979446073e+01,0.000000000000000000e+00
2.850548764790466905e+01,0.000000000000000000e+00
3.008012590473239811e+01,0.000000000000000000e+00
3.292801403521808368e+01,0.000000000000000000e+00
3.414545316542675835e+01,0.000000000000000000e+00
3.243687431110120656e+01,0.000000000000000000e+00
3.188041341834553677e+01,0.000000000000000000e+00
2.897995973715563878e+01,0.000000000000000000e+00
2.754955331390448947e+01,0.000000000000000000e+00
3.024119485956017428e+01,0.000000000000000000e+00
3.142097020963393206e+01,0.000000000000000000e+00
3.546257096072567805e+01,0.000000000000000000e+00
2.937839365608041930e+01,0.000000000000000000e+00
3.241737907416661812e+01,0.000000000000000000e+00
3.252398731938303200e+01,0.000000000000000000e+00
2.367823029947008706e+01,0.000000000000000000e+00
3.185579893472860036e+01,0.000000000000000000e+00
2.860227503733146648e+01,0.000000000000000000e+00
2.831459721306578814e+01,0.000000000000000000e+00
3.040767018171641212e+01,0.000000000000000000e+00
3.156242136778351437e+01,0.000000000000000000e+00
3.207995149596679596e+01,0.000000000000000000e+00
3.295155106725275829e+01,0.000000000000000000e+00
3.103836897333590983e+01,0.000000000000000000e+00
3.326846929673860132e+01,0.000000000000000000e+00
3.224788168780695230e+01,0.000000000000000000e+00
3.055833857780415741e+01,0.000000000000000000e+00
3.028714985894796641e+01,0.000000000000000000e+00
3.040761826860764216e+01,0.000000000000000000e+00
3.184384844109113288e+01,0.000000000000000000e+00
2.913521309647979507e+01,0.000000000000000000e+00
3.217205472200095073e+01,0.000000000000000000e+00
3.011281990647879780e+01,0.000000000000000000e+00
2.794834317300996318e+01,0.000000000000000000e+00
2.751405236250579023e+01,0.000000000000000000e+00
2.842183641175851960e+01,0.000000000000000000e+00
2.890181842744670604e+01,0.000000000000000000e+00
3.119154144576618748e+01,0.000000000000000000e+00
3.002158608920391458e+01,0.000000000000000000e+00
3.115529097060906949e+01,0.000000000000000000e+00
2.839182392807015631e+01,0.000000000000000000e+00
3.141487308249559618e+01,0.000000000000000000e+00
2.874015522702747560e+01,0.000000000000000000e+00
3.032300119097499191e+01,0.000000000000000000e+00
2.639496452100836166e+01,0.000000000000000000e+00
2.573586126399769114e+01,0.000000000000000000e+00
2.405533367458184202e+01,0.000000000000000000e+00
2.855719732925351195e+01,0.000000000000000000e+00
3.119937785275242348e+01,0.000000000000000000e+00
3.181702866063022483e+01,0.000000000000000000e+00
2.882349866403637861e+01,0.000000000000000000e+00
3.119861058467035519e+01,0.000000000000000000e+00
3.042081612803197643e+01,0.000000000000000000e+00
2.995141164267741374e+01,0.000000000000000000e+00
2.642320432855206391e+01,0.000000000000000000e+00
2.882232755187187578e+01,0.000000000000000000e+00
2.997656380580658109e+01,0.000000000000000000e+00
2.305403595194465183e+01,0.000000000000000000e+00
2.588993167628204972e+01,0.000000000000000000e+00
3.252614228827975040e+01,0.000000000000000000e+00
2.380780122725635550e+01,0.000000000000000000e+00
2.883420305763132063e+01,0.000000000000000000e+00
2.987496439925767078e+01,0.000000000000000000e+00
2.833844932961047292e+01,0.000000000000000000e+00
2.453243059924464831e+01,0.000000000000000000e+00
2.323721188834683105e+01,0.000000000000000000e+00
2.472451929707323615e+01,0.000000000000000000e+00
2.610046451969876813e+01,0.000000000000000000e+00
2.715260355776803536e+01,0.000000000000000000e+00
2.753362282052658472e+01,0.000000000000000000e+00
2.820393682029484594e+01,0.000000000000000000e+00
2.928361107579222278e+01,0.000000000000000000e+00
2.888136989136367205e+01,0.000000000000000000e+00
2.460846183471069182e+01,0.000000000000000000e+00
2.689603972808393806e+01,0.000000000000000000e+00
2.744335319609870183e+01,0.000000000000000000e+00
3.274155388411142553e+01,0.000000000000000000e+00
2.802237477922269449e+01,0.000000000000000000e+00
2.812155519911232560e+01,0.000000000000000000e+00
2.487661113155024850e+01,0.000000000000000000e+00
2.460907228659918999e+01,0.000000000000000000e+00
2.568818610369326905e+01,0.000000000000000000e+00
2.815250914949266914e+01,0.000000000000000000e+00
2.870838357691734544e+01,0.000000000000000000e+00
2.718079729943489653e+01,0.000000000000000000e+00
2.698852443863287220e+01,0.000000000000000000e+00
2.552439178701339273e+01,0.000000000000000000e+00
2.748354433327650170e+01,0.000000000000000000e+00
2.459570403105187353e+01,0.000000000000000000e+00
2.617126225350367008e+01,0.000000000000000000e+00
2.625286889167037074e+01,0.000000000000000000e+00
2.844239727206914381e+01,0.000000000000000000e+00
2.711178707137167976e+01,0.000000000000000000e+00
2.722310777936332471e+01,0.000000000000000000e+00
2.792872053979905189e+01,0.000000000000000000e+00
3.257693172151097372e+01,0.000000000000000000e+00
2.861886169135027558e+01,0.000000000000000000e+00
2.257125179165361928e+01,0.000000000000000000e+00
3.052476218038346190e+01,0.000000000000000000e+00
2.559413359617999717e+01,0.000000000000000000e+00
2.893277867941202075e+01,0.000000000000000000e+00
2.756808717318612878e+01,0.000000000000000000e+00
2.599487305351290090e+01,0.000000000000000000e+00
2.511597618199862225e+01,0.000000000000000000e+00
2.653228435092504256e+01,0.000000000000000000e+00
2.548659947492946642e+01,0.000000000000000000e+00
2.062556796497992195e+01,0.000000000000000000e+00
2.587004832606147176e+01,0.000000000000000000e+00
2.650021349999267528e+01,0.000000000000000000e+00
2.606325963352386310e+01,0.000000000000000000e+00
2.824558961286809833e+01,0.000000000000000000e+00
3.017100102266530826e+01,0.000000000000000000e+00
2.738704733083936915e+01,0.000000000000000000e+00
2.542184134805329165e+01,0.000000000000000000e+00
2.733606854493537242e+01,0.000000000000000000e+00
2.647251738629721984e+01,0.000000000000000000e+00
2.591632349794641499e+01,0.000000000000000000e+00
2.542885935481146120e+01,0.000000000000000000e+00
2.439299339797335264e+01,0.000000000000000000e+00
2.591244314664617221e+01,0.000000000000000000e+00
2.105728410146816998e+01,0.000000000000000000e+00
2.750855039371838018e+01,0.000000000000000000e+00
2.529377147235995693e+01,0.000000000000000000e+00
2.467635574435009360e+01,0.000000000000000000e+00
2.068154163423414005e+01,0.000000000000000000e+00
2.646915441795073320e+01,0.000000000000000000e+00
2.380147467968994590e+01,0.000000000000000000e+00
2.594880764874891810e+01,0.000000000000000000e+00
2.464663571557334620e+01,0.000000000000000000e+00
2.662868098120519633e+01,0.000000000000000000e+00
2.133342568500381020e+01,0.000000000000000000e+00
2.404292286701242176e+01,0.000000000000000000e+00
2.378349660415775446e+01,0.000000000000000000e+00
2.448737044636184734e+01,0.000000000000000000e+00
2.828298633892752534e+01,0.000000000000000000e+00
2.507806151150532159e+01,0.000000000000000000e+00
2.384584302254492627e+01,0.000000000000000000e+00
2.538719208118801873e+01,0.000000000000000000e+00
2.328613017417962894e+01,0.000000000000000000e+00
2.632819241135954869e+01,0.000000000000000000e+00
2.622379150282625915e+01,0.000000000000000000e+00
2.515156729202795916e+01,0.000000000000000000e+00
2.380075296900074378e+01,0.000000000000000000e+00
2.816940309312169077e+01,0.000000000000000000e+00
2.261405099803252838e+01,0.000000000000000000e+00
2.707853672814858825e+01,0.000000000000000000e+00
2.077141129218412985e+01,0.000000000000000000e+00
2.290945321287922098e+01,0.000000000000000000e+00
2.209429377629484037e+01,0.000000000000000000e+00
2.385281143090427491e+01,0.000000000000000000e+00
2.663238545120472978e+01,0.000000000000000000e+00
2.329032023861221035e+01,0.000000000000000000e+00
2.375196399843649075e+01,0.000000000000000000e+00
2.454426007206101090e+01,0.000000000000000000e+00
2.311438301957506170e+01,0.000000000000000000e+00
2.430509564819280399e+01,0.000000000000000000e+00
2.526963836951184916e+01,0.000000000000000000e+00
2.549063904237053180e+01,0.000000000000000000e+00
2.430460944315002081e+01,0.000000000000000000e+00
2.062940738340344282e+01,0.000000000000000000e+00
2.285418333491790222e+01,0.000000000000000000e+00
2.501263104166053708e+01,0.000000000000000000e+00
2.257949456061264826e+01,0.000000000000000000e+00
2.343306920289387207e+01,0.000000000000000000e+00
2.130253877903941273e+01,0.000000000000000000e+00
2.310734091216220776e+01,0.000000000000000000e+00
2.395222957363879246e+01,0.000000000000000000e+00
2.526255373941008742e+01,0.000000000000000000e+00
2.420432168733702838e+01,0.000000000000000000e+00
2.323460052737718939e+01,0.000000000000000000e+00
2.299105377672690409e+01,0.000000000000000000e+00
2.188906336267200814e+01,0.000000000000000000e+00
2.379638625884001257e+01,0.000000000000000000e+00
2.567260552913743865e+01,0.000000000000000000e+00
2.306871500928517804e+01,0.000000000000000000e+00
2.463726611973778091e+01,0.000000000000000000e+00
2.419828423700970532e+01,0.000000000000000000e+00
2.082901299158378805e+01,0.000000000000000000e+00
2.222106492578258852e+01,0.000000000000000000e+00
2.470842995418971100e+01,0.000000000000000000e+00
2.030471388919606213e+01,0.000000000000000000e+00
2.316569065143381678e+01,0.000000000000000000e+00
2.354841977614887583e+01,0.000000000000000000e+00
1.818785596399230187e+01,0.000000000000000000e+00
2.368761727331741085e+01,0.000000000000000000e+00
2.162232444903633066e+01,0.000000000000000000e+00
2.237516368460832084e+01,0.000000000000000000e+00
2.007321203866217374e+01,0.000000000000000000e+00
2.136032532176403720e+01,0.000000000000000000e+00
2.199832044642155182e+01,0.000000000000000000e+00
2.062030402474077206e+01,0.000000000000000000e+00
2.471378341661446498e+01,0.000000000000000000e+00
2.137088119901996919e+01,0.000000000000000000e+00
2.091433543898542169e+01,0.000000000000000000e+00
1.659108406542444669e+01,0.000000000000000000e+00
2.246744609942037130e+01,0.000000000000000000e+00
2.169192567564044793e+01,0.000000000000000000e+00
2.558529366098151669e+01,0.000000000000000000e+00
2.291274611478964474e+01,0.000000000000000000e+00
2.043188261405563111e+01,0.000000000000000000e+00
2.193318297055168742e+01,0.000000000000000000e+00
2.110434688791701419e+01,0.000000000000000000e+00
1.876541377902197638e+01,0.000000000000000000e+00
2.452762684092911272e+01,0.000000000000000000e+00
2.156046261306511269e+01,0.000000000000000000e+00
2.032342761301928036e+01,0.000000000000000000e+00
2.086510394743960362e+01,0.000000000000000000e+00
2.461493953812379587e+01,0.000000000000000000e+00
2.321576336690737818e+01,0.000000000000000000e+00
2.387664448135033979e+01,0.000000000000000000e+00
2.159376338624889158e+01,0.000000000000000000e+00
2.201873056506757109e+01,0.000000000000000000e+00
2.191084514625083557e+01,0.000000000000000000e+00
2.113095175648657076e+01,0.000000000000000000e+00
2.047153927259563133e+01,0.000000000000000000e+00
2.424366557761319285e+01,0.000000000000000000e+00
1.926375044183615159e+01,0.000000000000000000e+00
2.372896064619496670e+01,0.000000000000000000e+00
2.253420136879299918e+01,0.000000000000000000e+00
2.367508862598528196e+01,0.000000000000000000e+00
2.438201286864124029e+01,0.000000000000000000e+00
2.266853863330885233e+01,0.000000000000000000e+00
2.356166433085452994e+01,0.000000000000000000e+00
1.793775673874273835e+01,0.000000000000000000e+00
2.274131441710001056e+01,0.000000000000000000e+00
2.322511280642029163e+01,0.000000000000000000e+00
2.050895480710169849e+01,0.000000000000000000e+00
1.826977522685067257e+01,0.000000000000000000e+00
2.346558407390479317e+01,0.000000000000000000e+00
2.113875235498158389e+01,0.000000000000000000e+00
2.179595418573349619e+01,0.000000000000000000e+00
2.127582254572797638e+01,0.000000000000000000e+00
1.658409966115747380e+01,0.000000000000000000e+00
2.256713347004395942e+01,0.000000000000000000e+00
2.137547480507945963e+01,0.000000000000000000e+00
2.394099155437655924e+01,0.000000000000000000e+00
2.305258754525619480e+01,0.000000000000000000e+00
1.952401679531051570e+01,0.000000000000000000e+00
2.104585487242676933e+01,0.000000000000000000e+00
2.035561282907073988e+01,0.000000000000000000e+00
1.996741367759076624e+01,0.000000000000000000e+00
2.003321016289378420e+01,0.000000000000000000e+00
2.089206179542935971e+01,0.000000000000000000e+00
2.212807823071210578e+01,0.000000000000000000e+00
2.234204308376620673e+01,0.000000000000000000e+00
2.108386774911867789e+01,0.000000000000000000e+00
1.881282367772709563e+01,0.000000000000000000e+00
2.343610594452134421e+01,0.000000000000000000e+00
1.703946814845447832e+01,0.000000000000000000e+00
2.103452814228503343e+01,0.000000000000000000e+00
2.039675147186610360e+01,0.000000000000000000e+00
2.057487188071873874e+01,0.000000000000000000e+00
2.041060521264751770e+01,0.000000000000000000e+00
2.009568626730681373e+01,0.000000000000000000e+00
1.764349265463078353e+01,0.000000000000000000e+00
1.889839718053069717e+01,0.000000000000000000e+00
1.862274883955395310e+01,0.000000000000000000e+00
2.139184263202954384e+01,0.000000000000000000e+00
1.880979466280442125e+01,0.000000000000000000e+00
2.186816461661489086e+01,0.000000000000000000e+00
1.881308817858925053e+01,0.000000000000000000e+00
2.406549916404506817e+01,0.000000000000000000e+00
2.150204202244593077e+01,0.000000000000000000e+00
2.347190326875662336e+01,0.000000000000000000e+00
1.995484959702023176e+01,0.000000000000000000e+00
1.907051942492276098e+01,0.000000000000000000e+00
2.082168422936562990e+01,0.000000000000000000e+00
2.128606774696014625e+01,0.000000000000000000e+00
2.179723483077553325e+01,0.000000000000000000e+00
2.145171965259840263e+01,0.000000000000000000e+00
2.024262876678904988e+01,0.000000000000000000e+00
2.093645181176746206e+01,0.000000000000000000e+00
2.489738561421614449e+01,0.000000000000000000e+00
2.415694882817606270e+01,0.000000000000000000e+00
1.994824029338962035e+01,0.000000000000000000e+00
2.319287874647191572e+01,0.000000000000000000e+00
1.810034955927450540e+01,0.000000000000000000e+00
1.926306662765124500e+01,0.000000000000000000e+00
1.660321086965151238e+01,0.000000000000000000e+00
1.936259283310914370e+01,0.000000000000000000e+00
2.134274254461692166e+01,0.000000000000000000e+00
1.947923836009927001e+01,0.000000000000000000e+00
1.917613024249962450e+01,0.000000000000000000e+00
2.200909623012510252e+01,0.000000000000000000e+00
1.985139306760371625e+01,0.000000000000000000e+00
2.079361699706917932e+01,0.000000000000000000e+00
2.502162900198141315e+01,0.000000000000000000e+00
2.420341703410059608e+01,0.000000000000000000e+00
2.094259213301321765e+01,0.000000000000000000e+00
2.465291695436039632e+01,0.000000000000000000e+00
1.716710207825087409e+01,0.000000000000000000e+00
2.296087483545481689e+01,0.000000000000000000e+00
1.565169752859178764e+01,0.000000000000000000e+00
2.068822954796576852e+01,0.000000000000000000e+00
1.770457264295666278e+01,0.000000000000000000e+00
1.744939460149806365e+01,0.000000000000000000e+00
1.950919901877972151e+01,0.000000000000000000e+00
2.152224800993860399e+01,0.000000000000000000e+00
2.088403136025183571e+01,0.000000000000000000e+00
1.962301569266276502e+01,0.000000000000000000e+00
1.872203690064733905e+01,0.000000000000000000e+00
2.216017592275550285e+01,0.000000000000000000e+00
2.105217791363524071e+01,0.000000000000000000e+00
2.252963426929327895e+01,0.000000000000000000e+00
2.181786589909858165e+01,0.000000000000000000e+00
2.301750253922999789e+01,0.000000000000000000e+00
2.308174766745032613e+01,0.000000000000000000e+00
1.975313366910022239e+01,0.000000000000000000e+00
2.105525961500211096e+01,0.000000000000000000e+00
2.503181977733168040e+01,0.000000000000000000e+00
1.791756160483103244e+01,0.000000000000000000e+00
1.743442952547886904e+01,0.000000000000000000e+00
1.669479613914068850e+01,0.000000000000000000e+00
1.884739269067709344e+01,0.000000000000000000e+00
2.160708766515698898e+01,0.000000000000000000e+00
1.838992210706608788e+01,0.000000000000000000e+00
1.727778009147812455e+01,0.000000000000000000e+00
2.136316499499196908e+01,0.000000000000000000e+00
1.961549183040111544e+01,0.000000000000000000e+00
2.081118607510222418e+01,0.000000000000000000e+00
2.038801028910889812e+01,0.000000000000000000e+00
2.367482614120355322e+01,0.000000000000000000e+00
1.707357474533402453e+01,0.000000000000000000e+00
2.247206465477631454e+01,0.000000000000000000e+00
2.033033996003545951e+01,0.000000000000000000e+00
2.022039680338567536e+01,0.000000000000000000e+00
2.263960059165491145e+01,0.000000000000000000e+00
2.082532948020644881e+01,0.000000000000000000e+00
1.561175505859913670e+01,0.000000000000000000e+00
1.960982376594134280e+01,0.000000000000000000e+00
1.818231929956672488e+01,0.000000000000000000e+00
1.977492470205486796e+01,0.000000000000000000e+00
2.206075538741287190e+01,0.000000000000000000e+00
1.928611694548482802e+01,0.000000000000000000e+00
1.645727964981063352e+01,0.000000000000000000e+00
2.148822504884309481e+01,0.000000000000000000e+00
1.755369562716049003e+01,0.000000000000000000e+00
2.181725371552700921e+01,0.000000000000000000e+00
1.781652805265015616e+01,0.000000000000000000e+00
1.854924461573830285e+01,0.000000000000000000e+00
1.957219639423071200e+01,0.000000000000000000e+00
2.124227063196656928e+01,0.000000000000000000e+00
2.135550753244457312e+01,0.000000000000000000e+00
2.259766890266798356e+01,0.000000000000000000e+00
1.542723347724732008e+01,0.000000000000000000e+00
2.015363468517993439e+01,0.000000000000000000e+00
2.180029311767935596e+01,0.000000000000000000e+00
2.227498968580881211e+01,0.000000000000000000e+00
1.769394015024434808e+01,0.000000000000000000e+00
1.978063441407244127e+01,0.000000000000000000e+00
2.193213666980441801e+01,0.000000000000000000e+00
2.208600070589418607e+01,0.000000000000000000e+00
1.911276336825587308e+01,0.000000000000000000e+00
2.118443866497792172e+01,0.000000000000000000e+00
2.145957701327768063e+01,0.000000000000000000e+00
2.016425290703480400e+01,0.000000000000000000e+00
2.321101980850750479e+01,0.000000000000000000e+00
1.764988178751147174e+01,0.000000000000000000e+00
2.003104325563621657e+01,0.000000000000000000e+00
1.975902105911816875e+01,0.000000000000000000e+00
2.026680224116605800e+01,0.000000000000000000e+00
2.215562655071923004e+01,0.000000000000000000e+00
1.909942521211200273e+01,0.000000000000000000e+00
2.041969672020869453e+01,0.000000000000000000e+00
2.276247437004343865e+01,0.000000000000000000e+00
2.049617384944000165e+01,0.000000000000000000e+00
1.575678657827331364e+01,0.000000000000000000e+00
2.033179852716492775e+01,0.000000000000000000e+00
1.968844334855130285e+01,0.000000000000000000e+00
2.106460845527226411e+01,0.000000000000000000e+00
2.036281337344801656e+01,0.000000000000000000e+00
1.499826707899357991e+01,0.000000000000000000e+00
1.936244877783850882e+01,0.000000000000000000e+00
1.988704894077490692e+01,0.000000000000000000e+00
1.846831650631606792e+01,0.000000000000000000e+00
2.365209409180977929e+01,0.000000000000000000e+00
1.997666294258605646e+01,0.000000000000000000e+00
1.937357310094854057e+01,0.000000000000000000e+00
1.904853662483966303e+01,0.000000000000000000e+00
2.211755602337003168e+01,0.000000000000000000e+00
1.936787009734122833e+01,0.000000000000000000e+00
1.985363170400821531e+01,0.000000000000000000e+00
2.307451315011304160e+01,0.000000000000000000e+00
1.914038835727021137e+01,0.000000000000000000e+00
2.131106497318068094e+01,0.000000000000000000e+00
1.587026294733595932e+01,0.000000000000000000e+00
2.068449460178122123e+01,0.000000000000000000e+00
2.150852047609728857e+01,0.000000000000000000e+00
1.910663935573998629e+01,0.000000000000000000e+00
1.898806906425969032e+01,0.000000000000000000e+00
2.092182822402767073e+01,0.000000000000000000e+00
1.940828592470610303e+01,0.000000000000000000e+00
2.308920789521691930e+01,0.000000000000000000e+00
2.087478822536199985e+01,0.000000000000000000e+00
2.034181806782307689e+01,0.000000000000000000e+00
2.133608422240031643e+01,0.000000000000000000e+00
1.940844824807915359e+01,0.000000000000000000e+00
2.059150628881127787e+01,0.000000000000000000e+00
2.216712510362440014e+01,0.000000000000000000e+00
1.839808104598468219e+01,0.000000000000000000e+00
2.050591313681741212e+01,0.000000000000000000e+00
1.938995205640484798e+01,0.000000000000000000e+00
1.817386111906160551e+01,0.000000000000000000e+00
2.081374729934231027e+01,0.000000000000000000e+00
2.315693717031118837e+01,0.000000000000000000e+00
1.855069522734354948e+01,0.000000000000000000e+00
2.116954401201887137e+01,0.000000000000000000e+00
2.000386234487729453e+01,0.000000000000000000e+00
2.220751339084277731e+01,0.000000000000000000e+00
1.582331689158288945e+01,0.000000000000000000e+00
1.755805112832861425e+01,0.000000000000000000e+00
2.156745274399150247e+01,0.000000000000000000e+00
2.161899017605459505e+01,0.000000000000000000e+00
2.218287488347067438e+01,0.000000000000000000e+00
2.170934081008187277e+01,0.000000000000000000e+00
1.824713778458420421e+01,0.000000000000000000e+00
2.133782083185567302e+01,0.000000000000000000e+00
2.164394205657140091e+01,0.000000000000000000e+00
2.270631646387813163e+01,0.000000000000000000e+00
2.426838603549946427e+01,0.000000000000000000e+00
2.060280199974867443e+01,0.000000000000000000e+00
1.998473857392025010e+01,0.000000000000000000e+00
1.861517902168974814e+01,0.000000000000000000e+00
2.207758028932296313e+01,0.000000000000000000e+00
1.966465632887760151e+01,0.000000000000000000e+00
1.733143923310846546e+01,0.000000000000000000e+00
2.101697383918856232e+01,0.000000000000000000e+00
2.093293529568486733e+01,0.000000000000000000e+00
1.924583266841130680e+01,0.000000000000000000e+00
2.612848882096159997e+01,0.000000000000000000e+00
2.161178591682261896e+01,0.000000000000000000e+00
2.078324177309948695e+01,0.000000000000000000e+00
1.642506175630269993e+01,0.000000000000000000e+00
1.847382305343669984e+01,0.000000000000000000e+00
1.539324611431951340e+01,0.000000000000000000e+00
1.743499955922018074e+01,0.000000000000000000e+00
2.301559067024955851e+01,0.000000000000000000e+00
1.843105891107530070e+01,0.000000000000000000e+00
2.230729279716239688e+01,0.000000000000000000e+00
1.585642212556802022e+01,0.000000000000000000e+00
2.072722834157892535e+01,0.000000000000000000e+00
2.107340529670076990e+01,0.000000000000000000e+00
1.894290838291827939e+01,0.000000000000000000e+00
2.423679831430685638e+01,0.000000000000000000e+00
2.048849083811235161e+01,0.000000000000000000e+00
2.017921207922260507e+01,0.000000000000000000e+00
2.383937996272975823e+01,0.000000000000000000e+00
2.358531397977419886e+01,0.000000000000000000e+00
1.795279411393030955e+01,0.000000000000000000e+00
1.966623674194984872e+01,0.000000000000000000e+00
2.112011215363902394e+01,0.000000000000000000e+00
1.873677855064873654e+01,0.000000000000000000e+00
1.900565077058624297e+01,0.000000000000000000e+00
2.087519257859934640e+01,0.000000000000000000e+00
2.088684613843113880e+01,0.000000000000000000e+00
2.114774655958072103e+01,0.000000000000000000e+00
2.168528274553898072e+01,0.000000000000000000e+00
2.136459466824521058e+01,0.000000000000000000e+00
2.569338970239446240e+01,0.000000000000000000e+00
2.048834295964914176e+01,0.000000000000000000e+00
2.265168877242289369e+01,0.000000000000000000e+00
1.985371603320563949e+01,0.000000000000000000e+00
2.370180090214527269e+01,0.000000000000000000e+00
1.863729692770548851e+01,0.000000000000000000e+00
2.343329204493690554e+01,0.000000000000000000e+00
1.866821811835266587e+01,0.000000000000000000e+00
2.066164635405359462e+01,0.000000000000000000e+00
2.145196858226962533e+01,0.000000000000000000e+00
2.134453373155342604e+01,0.000000000000000000e+00
2.147441825916495617e+01,0.000000000000000000e+00
2.115919267520317248e+01,0.000000000000000000e+00
2.128476024288836044e+01,0.000000000000000000e+00
1.977625624400338822e+01,0.000000000000000000e+00
2.406581278080200903e+01,0.000000000000000000e+00
2.313371436540601067e+01,0.000000000000000000e+00
2.491125272349718855e+01,0.000000000000000000e+00
2.087754459937529106e+01,0.000000000000000000e+00
2.075588389809080780e+01,0.000000000000000000e+00
2.218728223011174805e+01,0.000000000000000000e+00
2.558815852788885081e+01,0.000000000000000000e+00
2.610225509858151938e+01,0.000000000000000000e+00
2.345755538436750953e+01,0.000000000000000000e+00
2.229154625708820703e+01,0.000000000000000000e+00
2.183276956927208090e+01,0.000000000000000000e+00
2.385801014421850752e+01,0.000000000000000000e+00
2.085457576990161499e+01,0.000000000000000000e+00
2.535844965922818517e+01,0.000000000000000000e+00
1.998743425465204737e+01,0.000000000000000000e+00
2.180302643810527385e+01,0.000000000000000000e+00
2.134679476173823076e+01,0.000000000000000000e+00
2.152771494374413308e+01,0.000000000000000000e+00
2.313295124262742419e+01,0.000000000000000000e+00
1.930778708440048064e+01,0.000000000000000000e+00
2.197706684789254794e+01,0.000000000000000000e+00
2.442334993421963674e+01,0.000000000000000000e+00
2.137560257296048150e+01,0.000000000000000000e+00
2.370551894742009580e+01,0.000000000000000000e+00
2.552459712506887968e+01,0.000000000000000000e+00
2.453061061912761431e+01,0.000000000000000000e+00
2.218974013054967287e+01,0.000000000000000000e+00
2.510414135589918061e+01,0.000000000000000000e+00
2.373408495127924311e+01,0.000000000000000000e+00
1.934761995617755304e+01,0.000000000000000000e+00
2.195857771155894511e+01,0.000000000000000000e+00
2.519047457784089161e+01,0.000000000000000000e+00
1.937260725944841155e+01,0.000000000000000000e+00
2.356734083847729266e+01,0.000000000000000000e+00
2.367995550676315375e+01,0.000000000000000000e+00
2.423377328785742080e+01,0.000000000000000000e+00
2.061034934449822131e+01,0.000000000000000000e+00
2.355256656891244305e+01,0.000000000000000000e+00
2.184073242473191812e+01,0.000000000000000000e+00
1.837905762893605299e+01,0.000000000000000000e+00
2.667502424174297104e+01,0.000000000000000000e+00
2.290893318411234958e+01,0.000000000000000000e+00
2.306598151546818087e+01,0.000000000000000000e+00
2.136191568144001351e+01,0.000000000000000000e+00
2.258286111833842824e+01,0.000000000000000000e+00
2.326789574444516617e+01,0.000000000000000000e+00
2.606899025851920015e+01,0.000000000000000000e+00
2.261745286964731605e+01,0.000000000000000000e+00
2.749406481288151838e+01,0.000000000000000000e+00
2.342090896265974465e+01,0.000000000000000000e+00
2.411239166555850488e+01,0.000000000000000000e+00
2.097071550701649301e+01,0.000000000000000000e+00
2.323120990796481422e+01,0.000000000000000000e+00
2.210791506383272065e+01,0.000000000000000000e+00
2.542223004936817787e+01,0.000000000000000000e+00
2.445320371205724541e+01,0.000000000000000000e+00
2.390724704758524055e+01,0.000000000000000000e+00
2.412497243338895814e+01,0.000000000000000000e+00
2.297111090047100035e+01,0.000000000000000000e+00
2.396652157948658513e+01,0.000000000000000000e+00
2.636763710247037196e+01,0.000000000000000000e+00
2.268677740870382564e+01,0.000000000000000000e+00
2.302483669602020200e+01,0.000000000000000000e+00
2.534085405459586937e+01,0.000000000000000000e+00
2.746616231086779791e+01,0.000000000000000000e+00
2.645029988777933738e+01,0.000000000000000000e+00
2.576646160515948480e+01,0.000000000000000000e+00
2.242869473403263925e+01,0.000000000000000000e+00
2.389117567872490966e+01,0.000000000000000000e+00
2.583168279893850894e+01,0.000000000000000000e+00
2.526032708178463082e+01,0.000000000000000000e+00
2.643494838168331995e+01,0.000000000000000000e+00
2.605211004606505654e+01,0.000000000000000000e+00
2.385457476373023411e+01,0.000000000000000000e+00
2.748528829845825783e+01,0.000000000000000000e+00
2.661001216284685711e+01,0.000000000000000000e+00
2.394150312359550625e+01,0.000000000000000000e+00
2.527417861699828450e+01,0.000000000000000000e+00
2.599447885587584395e+01,0.000000000000000000e+00
2.370084560341107505e+01,0.000000000000000000e+00
2.447336218162466182e+01,0.000000000000000000e+00
2.622468055906202622e+01,0.000000000000000000e+00
2.286190635586428499e+01,0.000000000000000000e+00
2.680911916301987930e+01,0.000000000000000000e+00
2.717212955988357947e+01,0.000000000000000000e+00
2.627436390185893700e+01,0.000000000000000000e+00
2.817033535630286423e+01,0.000000000000000000e+00
2.438848824651700653e+01,0.000000000000000000e+00
2.469286546441621510e+01,0.000000000000000000e+00
2.760417098150827542e+01,0.000000000000000000e+00
2.609884252678712713e+01,0.000000000000000000e+00
2.464602491824039632e+01,0.000000000000000000e+00
2.644753682398388150e+01,0.000000000000000000e+00
2.918195830759044895e+01,0.000000000000000000e+00
2.043002166245363682e+01,0.000000000000000000e+00
2.438036909596484492e+01,0.000000000000000000e+00
2.643110677081562088e+01,0.000000000000000000e+00
2.180312044035591157e+01,0.000000000000000000e+00
2.954655678947205999e+01,0.000000000000000000e+00
2.494366153339122150e+01,0.000000000000000000e+00
2.678303316363002651e+01,0.000000000000000000e+00
2.562302198673934228e+01,0.000000000000000000e+00
2.510184783201184189e+01,0.000000000000000000e+00
2.661258447139666572e+01,0.000000000000000000e+00
2.812284591192835492e+01,0.000000000000000000e+00
2.759491420916317139e+01,0.000000000000000000e+00
2.848909620043036739e+01,0.000000000000000000e+00
2.474178742590174451e+01,0.000000000000000000e+00
2.771771483856859319e+01,0.000000000000000000e+00
2.743716266060925690e+01,0.000000000000000000e+00
2.430732820331054000e+01,0.000000000000000000e+00
3.028424401856402781e+01,0.000000000000000000e+00
2.128292995694287271e+01,0.000000000000000000e+00
2.845189683262804792e+01,0.000000000000000000e+00
2.258525901413848302e+01,0.000000000000000000e+00
2.504905929985970303e+01,0.000000000000000000e+00
2.158129823755167109e+01,0.000000000000000000e+00
2.858731112816896669e+01,0.000000000000000000e+00
2.729383302919949017e+01,0.000000000000000000e+00
2.654421143369704694e+01,0.000000000000000000e+00
2.968857203403167588e+01,0.000000000000000000e+00
2.532103333266890743e+01,0.000000000000000000e+00
2.601556240324264380e+01,0.000000000000000000e+00
2.733966915775395634e+01,0.000000000000000000e+00
2.351498208320083805e+01,0.000000000000000000e+00
2.869349529470032678e+01,0.000000000000000000e+00
2.650123575126591291e+01,0.000000000000000000e+00
2.625784082720079837e+01,0.000000000000000000e+00
2.985337598768807155e+01,0.000000000000000000e+00
2.741012494196126781e+01,0.000000000000000000e+00
2.791546344394685519e+01,0.000000000000000000e+00
2.707098710943854769e+01,0.000000000000000000e+00
2.432429926361652406e+01,0.000000000000000000e+00
2.840608249941587005e+01,0.000000000000000000e+00
2.573912660562038823e+01,0.000000000000000000e+00
2.645576710656015607e+01,0.000000000000000000e+00
2.635915209809319038e+01,0.000000000000000000e+00
2.746025174769771837e+01,0.000000000000000000e+00
3.018935105958497189e+01,0.000000000000000000e+00
2.975032308327442010e+01,0.000000000000000000e+00
3.060473418475360319e+01,0.000000000000000000e+00
2.533543803144268480e+01,0.000000000000000000e+00
2.883682266700200358e+01,0.000000000000000000e+00
3.066480558819932156e+01,0.000000000000000000e+00
2.759911641228608659e+01,0.000000000000000000e+00
2.479418125704239273e+01,0.000000000000000000e+00
3.148577283940195315e+01,0.000000000000000000e+00
2.775400336732202433e+01,0.000000000000000000e+00
3.091313999961349168e+01,0.000000000000000000e+00
3.133711586113356518e+01,0.000000000000000000e+00
3.174878816223333899e+01,0.000000000000000000e+00
2.772983109857877793e+01,0.000000000000000000e+00
3.089462197930264864e+01,0.000000000000000000e+00
2.786766465559122352e+01,0.000000000000000000e+00
2.945583530182308607e+01,0.000000000000000000e+00
2.761940619627958782e+01,0.000000000000000000e+00
2.973253915028850969e+01,0.000000000000000000e+00
2.741127387846190899e+01,0.000000000000000000e+00
2.962265339524041607e+01,0.000000000000000000e+00
2.957607241227626460e+01,0.000000000000000000e+00
3.055476924127560423e+01,0.000000000000000000e+00
2.918305596674626656e+01,0.000000000000000000e+00
2.513751929876158897e+01,0.000000000000000000e+00
2.708906619347683886e+01,0.000000000000000000e+00
3.255080084619053338e+01,0.000000000000000000e+00
2.944961314861939528e+01,0.000000000000000000e+00
2.901707009247750690e+01,0.000000000000000000e+00
2.912197350715649691e+01,0.000000000000000000e+00
3.444505676774424785e+01,0.000000000000000000e+00
2.722199629373574936e+01,0.000000000000000000e+00
3.347243860959226680e+01,0.000000000000000000e+00
3.145864641719913735e+01,0.000000000000000000e+00
2.983907804539012787e+01,0.000000000000000000e+00
2.516630108975752478e+01,0.000000000000000000e+00
3.055336211476273078e+01,0.000000000000000000e+00
2.870455928958919500e+01,0.000000000000000000e+00
2.904622695049713599e+01,0.000000000000000000e+00
2.976560081964610305e+01,0.000000000000000000e+00
2.839206497874124224e+01,0.000000000000000000e+00
3.122258894954280350e+01,0.000000000000000000e+00
3.328167023310579964e+01,0.000000000000000000e+00
2.935087471466544429e+01,0.000000000000000000e+00
3.002971176774916984e+01,0.000000000000000000e+00
3.009427546199163217e+01,0.000000000000000000e+00
3.345208923531433953e+01,0.000000000000000000e+00
2.940606929524220448e+01,0.000000000000000000e+00
2.633418019077265626e+01,0.000000000000000000e+00
3.006943246392659574e+01,0.000000000000000000e+00
3.097288484151684429e+01,0.000000000000000000e+00
3.072392643989503824e+01,0.000000000000000000e+00
3.459702173788268453e+01,0.000000000000000000e+00
3.341841490039163176e+01,0.000000000000000000e+00
3.512431758375667812e+01,0.000000000000000000e+00
2.700684223965252784e+01,0.000000000000000000e+00
3.089800750749504132e+01,0.000000000000000000e+00
3.091436178367604981e+01,0.000000000000000000e+00
3.190862853108503572e+01,0.000000000000000000e+00
3.267810089749133340e+01,0.000000000000000000e+00
3.309127064981319677e+01,0.000000000000000000e+00
3.453600329042971140e+01,0.000000000000000000e+00
3.188989364753242484e+01,0.000000000000000000e+00
3.472703172420734319e+01,0.000000000000000000e+00
3.030855885071181177e+01,0.000000000000000000e+00
3.269920395132407265e+01,0.000000000000000000e+00
3.201499716157515252e+01,0.000000000000000000e+00
3.179858945398139269e+01,0.000000000000000000e+00
3.048593282856282727e+01,0.000000000000000000e+00
3.110758796960665507e+01,0.000000000000000000e+00
3.607643572256680642e+01,0.000000000000000000e+00
3.534032122324281744e+01,0.000000000000000000e+00
3.557122363574980284e+01,0.000000000000000000e+00
3.617460974569031862e+01,0.000000000000000000e+00
3.370963720522428275e+01,0.000000000000000000e+00
3.069287876479716459e+01,0.000000000000000000e+00
3.030688030107505782e+01,0.000000000000000000e+00
3.351356630931402947e+01,0.000000000000000000e+00
3.141667558181474718e+01,0.000000000000000000e+00
3.342222282667157884e+01,0.000000000000000000e+00
3.244636504003113231e+01,0.000000000000000000e+00
2.975131972963163207e+01,0.000000000000000000e+00
3.303900233594280422e+01,0.000000000000000000e+00
3.286313179830029441e+01,0.000000000000000000e+00
3.273803868536246853e+01,0.000000000000000000e+00
3.409879285266667637e+01,0.000000000000000000e+00
3.452571770122556671e+01,0.000000000000000000e+00
3.095498286340581018e+01,0.000000000000000000e+00
3.484994696401715686e+01,0.000000000000000000e+00
3.089975817942212899e+01,0.000000000000000000e+00
3.280382027155137337e+01,0.000000000000000000e+00
3.233229296001684361e+01,0.000000000000000000e+00
3.238575163951749403e+01,0.000000000000000000e+00
3.550934236016990297e+01,0.000000000000000000e+00
3.261150806368196697e+01,0.000000000000000000e+00
3.744452318213329534e+01,0.000000000000000000e+00
3.672833694111989189e+01,0.000000000000000000e+00
3.493613438964024454e+01,0.000000000000000000e+00
3.692849896063287929e+01,0.000000000000000000e+00
3.990552192517664309e+01,0.000000000000000000e+00
3.681537083542435340e+01,0.000000000000000000e+00
3.154071954589917937e+01,0.000000000000000000e+00
3.301535311020521846e+01,0.000000000000000000e+00
3.736664723492253870e+01,0.000000000000000000e+00
3.382436727026902901e+01,0.000000000000000000e+00
3.360909544003889948e+01,0.000000000000000000e+00
3.677448752631303108e+01,0.000000000000000000e+00
3.475858802124349722e+01,0.000000000000000000e+00
3.454405555423918628e+01,0.000000000000000000e+00
3.588650276124620575e+01,0.000000000000000000e+00
3.451192780328721454e+01,0.000000000000000000e+00
3.173598892693219753e+01,0.000000000000000000e+00
3.420700967298708406e+01,0.000000000000000000e+00
3.758446543430470399e+01,0.000000000000000000e+00
3.042462068887763849e+01,0.000000000000000000e+00
3.741164968490916465e+01,0.000000000000000000e+00
3.967245327982570302e+01,0.000000000000000000e+00
3.530787659536542122e+01,0.000000000000000000e+00
3.301068626137872286e+01,0.000000000000000000e+00
3.559527068015864160e+01,0.000000000000000000e+00
3.434517183746831392e+01,0.000000000000000000e+00
3.580518425911415648e+01,0.000000000000000000e+00
4.186789790245037324e+01,0.000000000000000000e+00
3.763630533274393741e+01,0.000000000000000000e+00
3.532392097116770913e+01,0.000000000000000000e+00
3.557519046972500121e+01,0.000000000000000000e+00
3.679974951173441866e+01,0.000000000000000000e+00
3.636542724410178806e+01,0.000000000000000000e+00
3.835394415235679588e+01,0.000000000000000000e+00
3.854033898467961450e+01,0.000000000000000000e+00
3.815251386589926597e+01,0.000000000000000000e+00
3.665062024825262910e+01,0.000000000000000000e+00
3.533290792751676435e+01,0.000000000000000000e+00
3.817542646889911140e+01,0.000000000000000000e+00
3.465348068333827314e+01,0.000000000000000000e+00
3.736565908048891060e+01,0.000000000000000000e+00
3.828099396343812089e+01,0.000000000000000000e+00
3.486674210342187052e+01,0.000000000000000000e+00
3.832123253567304744e+01,0.000000000000000000e+00
3.675778442621672326e+01,0.000000000000000000e+00
3.353553580965929370e+01,0.000000000000000000e+00
3.649758906864556707e+01,0.000000000000000000e+00
3.733242311435221694e+01,0.000000000000000000e+00
3.662929164211229960e+01,0.000000000000000000e+00
3.795845260685400291e+01,0.000000000000000000e+00
3.691774026864509750e+01,0.000000000000000000e+00
3.781504112454947375e+01,0.000000000000000000e+00
3.500884854436314697e+01,0.000000000000000000e+00
3.817416254902458661e+01,0.000000000000000000e+00
3.827903512671910846e+01,0.000000000000000000e+00
4.195505184695308998e+01,0.000000000000000000e+00
4.015563901431070803e+01,0.000000000000000000e+00
3.875317706811197382e+01,0.000000000000000000e+00
3.591702708978545644e+01,0.000000000000000000e+00
4.011026751266744839e+01,0.000000000000000000e+00
3.680453851769696882e+01,0.000000000000000000e+00
3.936320357616146737e+01,0.000000000000000000e+00
3.823734795772273998e+01,0.000000000000000000e+00
4.039508814314491048e+01,0.000000000000000000e+00
3.809231397317190471e+01,0.000000000000000000e+00
3.650864113565407365e+01,0.000000000000000000e+00
3.563965479558709148e+01,0.000000000000000000e+00
3.637382959055859288e+01,0.000000000000000000e+00
4.011047691339203425e+01,0.000000000000000000e+00
3.864994307555330977e+01,0.000000000000000000e+00
3.649141785281574357e+01,0.000000000000000000e+00
3.747636173961065964e+01,0.000000000000000000e+00
3.592842290234462865e+01,0.000000000000000000e+00
3.567589141257158047e+01,0.000000000000000000e+00
3.859455237722373511e+01,0.000000000000000000e+00
3.596493928592753520e+01,0.000000000000000000e+00
4.046963567369237325e+01,0.000000000000000000e+00
4.045056031642774030e+01,0.000000000000000000e+00
4.202266259216953159e+01,0.000000000000000000e+00
3.604327415215043828e+01,0.000000000000000000e+00
3.618910062741701950e+01,0.000000000000000000e+00
3.670159825648412522e+01,0.000000000000000000e+00
4.209681265032646991e+01,0.000000000000000000e+00
4.145263962388418122e+01,0.000000000000000000e+00
4.185446443413762552e+01,0.000000000000000000e+00
3.784175672358922071e+01,0.000000000000000000e+00
4.010769587782166212e+01,0.000000000000000000e+00
4.010730348819681268e+01,0.000000000000000000e+00
4.167411320437009437e+01,0.000000000000000000e+00
3.965767628267244049e+01,0.000000000000000000e+00
3.976579395800576577e+01,0.000000000000000000e+00
3.961941636416354129e+01,0.000000000000000000e+00
4.089281273403607742e+01,0.000000000000000000e+00
4.008798031040198850e+01,0.000000000000000000e+00
4.103499842007193621e+01,0.000000000000000000e+00
4.211105544829443659e+01,0.000000000000000000e+00
4.203717351799040358e+01,0.000000000000000000e+00
3.862997824027150529e+01,0.000000000000000000e+00
4.018591314220778088e+01,0.000000000000000000e+00
4.472274115155730811e+01,0.000000000000000000e+00
4.137190036671979954e+01,0.000000000000000000e+00
4.223139271516763671e+01,0.000000000000000000e+00
4.031261860032589794e+01,0.000000000000000000e+00
4.556129439723096652e+01,0.000000000000000000e+00
4.040482190806255147e+01,0.000000000000000000e+00
4.528670936953711390e+01,0.000000000000000000e+00
4.194551123400050585e+01,0.000000000000000000e+00
4.236017369608300243e+01,0.000000000000000000e+00
4.272629955716746508e+01,0.000000000000000000e+00
4.318702914376981283e+01,0.000000000000000000e+00
3.903337233060094036e+01,0.000000000000000000e+00
4.051749075193124838e+01,0.000000000000000000e+00
4.355101447330282127e+01,0.000000000000000000e+00
4.127665418161668498e+01,0.000000000000000000e+00
4.228395452251402276e+01,0.000000000000000000e+00
3.996893725406831521e+01,0.000000000000000000e+00
4.545062470780853658e+01,0.000000000000000000e+00
4.255379433343429696e+01,0.000000000000000000e+00
4.341323378480218764e+01,0.000000000000000000e+00
4.579724884508959093e+01,0.000000000000000000e+00
4.291622526598534648e+01,0.000000000000000000e+00
4.292886026818564460e+01,0.000000000000000000e+00
4.226153171723890267e+01,0.000000000000000000e+00
4.370011392855017363e+01,0.000000000000000000e+00
4.565483149014536224e+01,0.000000000000000000e+00
4.312643421546739830e+01,0.000000000000000000e+00
4.431372241911284249e+01,0.000000000000000000e+00
4.492715528266091241e+01,0.000000000000000000e+00
4.440422259102756186e+01,0.000000000000000000e+00
4.280545005936865977e+01,0.000000000000000000e+00
4.016630966045131856e+01,0.000000000000000000e+00
4.501253076852782442e+01,0.000000000000000000e+00
4.506304333820373387e+01,0.000000000000000000e+00
4.505418131352541877e+01,0.000000000000000000e+00
4.369820295373476426e+01,0.000000000000000000e+00
4.836824323789671354e+01,0.000000000000000000e+00
4.425594368631390552e+01,0.000000000000000000e+00
4.862781872580349329e+01,0.000000000000000000e+00
4.427814377394194878e+01,0.000000000000000000e+00
4.536227431842127089e+01,0.000000000000000000e+00
4.655243054921142232e+01,0.000000000000000000e+00
4.157473399457310137e+01,0.000000000000000000e+00
4.531475653267084880e+01,0.000000000000000000e+00
4.422045559025735173e+01,0.000000000000000000e+00
4.798060906607162224e+01,0.000000000000000000e+00
4.438637887155707062e+01,0.000000000000000000e+00
4.334628630177508768e+01,0.000000000000000000e+00
4.533620410775684917e+01,0.000000000000000000e+00
4.525562050844865070e+01,0.000000000000000000e+00
4.175148961853723506e+01,0.000000000000000000e+00
4.298677112060255467e+01,0.000000000000000000e+00
4.618834651781036627e+01,0.000000000000000000e+00
4.329829425557826994e+01,0.000000000000000000e+00
4.722851089425000737e+01,0.000000000000000000e+00
4.867578421133400468e+01,0.000000000000000000e+00
4.536110305129662379e+01,0.000000000000000000e+00
4.695648360331212245e+01,0.000000000000000000e+00
4.427455953856135551e+01,0.000000000000000000e+00
4.571009907925269289e+01,0.000000000000000000e+00
4.602740135967668778e+01,0.000000000000000000e+00
4.445753919467973958e+01,0.000000000000000000e+00
4.719854433635523350e+01,0.000000000000000000e+00
4.497528913440500986e+01,0.000000000000000000e+00
5.014397225854439455e+01,0.000000000000000000e+00
4.465336319427576939e+01,0.000000000000000000e+00
4.603861911153283870e+01,0.000000000000000000e+00
4.453393063727764201e+01,0.000000000000000000e+00
4.637619261061119147e+01,0.000000000000000000e+00
4.663990814975120003e+01,0.000000000000000000e+00
4.934953659153771355e+01,0.000000000000000000e+00
4.568556630406755659e+01,0.000000000000000000e+00
4.762111479572093486e+01,0.000000000000000000e+00
4.636516828475976837e+01,0.000000000000000000e+00
4.649646104839847993e+01,0.000000000000000000e+00
5.073498248298135138e+01,0.000000000000000000e+00
4.947553941587839432e+01,0.000000000000000000e+00
4.827105420783050960e+01,0.000000000000000000e+00
4.512511313129096635e+01,0.000000000000000000e+00
4.622856112702544351e+01,0.000000000000000000e+00
4.841365253329522744e+01,0.000000000000000000e+00
4.843325904430322026e+01,0.000000000000000000e+00
5.004924482259965401e+01,0.000000000000000000e+00
4.463140650165414058e+01,0.000000000000000000e+00
4.981148640581915998e+01,0.000000000000000000e+00
4.927594779402073044e+01,0.000000000000000000e+00
4.550014913365745173e+01,0.000000000000000000e+00
4.802998215514706715e+01,0.000000000000000000e+00
5.038891683042194103e+01,0.000000000000000000e+00
5.112822778912165234e+01,0.000000000000000000e+00
5.052955117776479455e+01,0.000000000000000000e+00
5.138695504790686641e+01,0.000000000000000000e+00
5.106401425087938151e+01,0.000000000000000000e+00
4.904654120092569514e+01,0.000000000000000000e+00
4.758558678215396753e+01,0.000000000000000000e+00
4.572371131264094402e+01,0.000000000000000000e+00
4.808245257254717586e+01,0.000000000000000000e+00
4.645972328485217417e+01,0.000000000000000000e+00
4.491724094499343067e+01,0.000000000000000000e+00
5.034039428864559085e+01,0.000000000000000000e+00
4.944091097188823625e+01,0.000000000000000000e+00
4.841624067822817068e+01,0.000000000000000000e+00
4.670538889576202735e+01,0.000000000000000000e+00
5.085384326609982253e+01,0.000000000000000000e+00
5.011369113270741593e+01,0.000000000000000000e+00
5.196115687224081370e+01,0.000000000000000000e+00
5.360815253154031979e+01,0.000000000000000000e+00
4.909073014119390166e+01,0.000000000000000000e+00
4.595489528700137072e+01,0.000000000000000000e+00
5.285653690638546465e+01,0.000000000000000000e+00
5.286122814891863442e+01,0.000000000000000000e+00
4.995006026773570085e+01,0.000000000000000000e+00
5.388826263085717017e+01,0.000000000000000000e+00
5.029325889404019279e+01,0.000000000000000000e+00
5.112896721291890856e+01,0.000000000000000000e+00
5.207104764470165037e+01,0.000000000000000000e+00
5.007925519293668515e+01,0.000000000000000000e+00
4.973962312976900790e+01,0.000000000000000000e+00
5.469519424181464018e+01,0.000000000000000000e+00
5.024799347196253763e+01,0.000000000000000000e+00
5.038991587594242105e+01,0.000000000000000000e+00
5.306153796267634704e+01,0.000000000000000000e+00
5.042812647150417860e+01,0.000000000000000000e+00
4.986785317499149528e+01,0.000000000000000000e+00
5.177652228982064031e+01,0.000000000000000000e+00
4.967393869524335059e+01,0.000000000000000000e+00
4.832667929842116905e+01,0.000000000000000000e+00
5.211117062903169739e+01,0.000000000000000000e+00
5.265910875466048680e+01,0.000000000000000000e+00
5.399535314104998918e+01,0.000000000000000000e+00
4.915092039864160256e+01,0.000000000000000000e+00
5.263852979938387477e+01,0.000000000000000000e+00
5.200606502117358332e+01,0.000000000000000000e+00
5.305956810069808682e+01,0.000000000000000000e+00
5.382989610905355704e+01,0.000000000000000000e+00
5.016219521989417274e+01,0.000000000000000000e+00
5.536882873742631972e+01,0.000000000000000000e+00
5.228529645763110523e+01,0.000000000000000000e+00
5.496676856389305499e+01,0.000000000000000000e+00
5.529620876916047223e+01,0.000000000000000000e+00
5.187473843825878106e+01,0.000000000000000000e+00
5.518276934135050737e+01,0.000000000000000000e+00
4.984448319801825988e+01,0.000000000000000000e+00
5.449005288973413030e+01,0.000000000000000000e+00
5.487468970141605951e+01,0.000000000000000000e+00
5.635317330941671798e+01,0.000000000000000000e+00
5.070571623619068902e+01,0.000000000000000000e+00
5.091568242126498944e+01,0.000000000000000000e+00
5.350309038169778120e+01,0.000000000000000000e+00
4.997797746169448629e+01,0.000000000000000000e+00
4.871101484132035608e+01,0.000000000000000000e+00
5.629840331706584067e+01,0.000000000000000000e+00
5.293749004983992279e+01,0.000000000000000000e+00
5.148240956716609418e+01,0.000000000000000000e+00
5.405359118617467828e+01,0.000000000000000000e+00
5.132801613718850575e+01,0.000000000000000000e+00
5.230088307480415466e+01,0.000000000000000000e+00
5.714286637364861576e+01,0.000000000000000000e+00
5.526232348288499452e+01,0.000000000000000000e+00
5.083107581803297848e+01,0.000000000000000000e+00
5.470700728207530972e+01,0.000000000000000000e+00
5.370594291554153443e+01,0.000000000000000000e+00
5.407952596792492272e+01,0.000000000000000000e+00
5.442939074151897927e+01,0.000000000000000000e+00
5.230067326130696870e+01,0.000000000000000000e+00
5.407744445149858592e+01,0.000000000000000000e+00
5.560140001074283589e+01,0.000000000000000000e+00
5.385135095686229079e+01,0.000000000000000000e+00
5.319521844019045176e+01,0.000000000000000000e+00
5.536438206773519966e+01,0.000000000000000000e+00
5.410806548605644650e+01,0.000000000000000000e+00
5.464901224834953553e+01,0.000000000000000000e+00
5.392404275905159494e+01,0.000000000000000000e+00
5.478105734449421504e+01,0.000000000000000000e+00
5.495772116265236207e+01,0.000000000000000000e+00
5.632112877206711232e+01,0.000000000000000000e+00
5.377909769432676512e+01,0.000000000000000000e+00
5.508323511731695987e+01,0.000000000000000000e+00
5.963376852351245105e+01,0.000000000000000000e+00
5.523043373112820120e+01,0.000000000000000000e+00
5.835347687369831959e+01,0.000000000000000000e+00
5.591164545376602035e+01,0.000000000000000000e+00
5.046839401163639138e+01,0.000000000000000000e+00
5.540997583435801488e+01,0.000000000000000000e+00
5.367784185327174384e+01,0.000000000000000000e+00
5.622101719279799426e+01,0.000000000000000000e+00
5.559953567106792605e+01,0.000000000000000000e+00
5.578271113995732122e+01,0.000000000000000000e+00
5.321192019304322685e+01,0.000000000000000000e+00
5.681257830280941334e+01,0.000000000000000000e+00
5.822598370472549334e+01,0.000000000000000000e+00
5.712804454568377821e+01,0.000000000000000000e+00
5.790930776119984813e+01,0.000000000000000000e+00
5.788583828953021282e+01,0.000000000000000000e+00
5.810508862891310145e+01,0.000000000000000000e+00
5.725522066375767594e+01,0.000000000000000000e+00
5.638174591180261785e+01,0.000000000000000000e+00
5.334634418660255051e+01,0.000000000000000000e+00
5.814803683006039847e+01,0.000000000000000000e+00
5.344071973436722800e+01,0.000000000000000000e+00
5.610342062356157555e+01,0.000000000000000000e+00
5.592095898617628791e+01,0.000000000000000000e+00
5.827661372070310364e+01,0.000000000000000000e+00
5.529286494845414524e+01,0.000000000000000000e+00
5.937972294736195522e+01,0.000000000000000000e+00
5.949026186985778253e+01,0.000000000000000000e+00
5.906074679191435450e+01,0.000000000000000000e+00
5.850419647205242768e+01,0.000000000000000000e+00
5.884285376525999567e+01,0.000000000000000000e+00
5.763852414439349303e+01,0.000000000000000000e+00
5.756719129707125404e+01,0.000000000000000000e+00
6.135499262193449965e+01,0.000000000000000000e+00
5.615956932434558269e+01,0.000000000000000000e+00
5.443181650029633545e+01,0.000000000000000000e+00
5.748693160978338312e+01,0.000000000000000000e+00
5.753829427661888474e+01,0.000000000000000000e+00
5.682511263146738401e+01,0.000000000000000000e+00
5.535498711437266905e+01,0.000000000000000000e+00
6.153608997409009618e+01,0.000000000000000000e+00
5.658330208337175549e+01,0.000000000000000000e+00
5.824264594728106204e+01,0.000000000000000000e+00
5.785549167714154351e+01,0.000000000000000000e+00
6.159069964237560413e+01,0.000000000000000000e+00
5.898522792299797146e+01,0.000000000000000000e+00
6.068151958934185330e+01,0.000000000000000000e+00
6.144245327114172994e+01,0.000000000000000000e+00
5.987339936233970406e+01,0.000000000000000000e+00
6.017615561300492288e+01,0.000000000000000000e+00
5.801056875392160350e+01,0.000000000000000000e+00
6.299090804623868678e+01,0.000000000000000000e+00
5.810351931465591946e+01,0.000000000000000000e+00
5.862031854218754034e+01,0.000000000000000000e+00
6.153195243009847104e+01,0.000000000000000000e+00
6.045585518142926418e+01,0.000000000000000000e+00
5.903262878019693716e+01,0.000000000000000000e+00
5.888554341553525973e+01,0.000000000000000000e+00
5.960103631972821603e+01,0.000000000000000000e+00
5.693914199928406106e+01,0.000000000000000000e+00
6.004961279169157962e+01,0.000000000000000000e+00
6.115839048592545879e+01,0.000000000000000000e+00
6.270592998863505585e+01,0.000000000000000000e+00
5.768326338116584395e+01,0.000000000000000000e+00
6.212186284608552000e+01,0.000000000000000000e+00
6.344934893574688317e+01,0.000000000000000000e+00
6.217581969603157432e+01,0.000000000000000000e+00
6.107705621806383078e+01,0.000000000000000000e+00
6.351719162754532988e+01,0.000000000000000000e+00
6.404362446691774835e+01,0.000000000000000000e+00
6.394561634378048609e+01,0.000000000000000000e+00
5.980927175128481110e+01,0.000000000000000000e+00
6.141238605327756517e+01,0.000000000000000000e+00
5.848516359411498655e+01,0.000000000000000000e+00
6.195216531354741818e+01,0.000000000000000000e+00
6.132442223882888044e+01,0.000000000000000000e+00
6.265315334940595449e+01,0.000000000000000000e+00
6.621281324341954644e+01,0.000000000000000000e+00
6.208010150742030220e+01,0.000000000000000000e+00
6.051930337615740996e+01,0.000000000000000000e+00
5.898798994328871714e+01,0.000000000000000000e+00
6.402478995019247066e+01,0.000000000000000000e+00
5.900195050866360447e+01,0.000000000000000000e+00
6.100508559046687651e+01,0.000000000000000000e+00
6.153220716265969514e+01,0.000000000000000000e+00
6.214448612673203343e+01,0.000000000000000000e+00
6.129167244456441921e+01,0.000000000000000000e+00
6.440365315986677786e+01,0.000000000000000000e+00
6.460005833287605981e+01,0.000000000000000000e+00
6.287252706884779485e+01,0.000000000000000000e+00
6.243411439198987978e+01,0.000000000000000000e+00
6.563516222921930421e+01,0.000000000000000000e+00
6.073755211528300890e+01,0.000000000000000000e+00
5.923926219171038809e+01,0.000000000000000000e+00
6.029874850468259240e+01,0.000000000000000000e+00
6.493843388124790295e+01,0.000000000000000000e+00
6.227644521223196250e+01,0.000000000000000000e+00
6.403119114265307132e+01,0.000000000000000000e+00
6.572804088300154035e+01,0.000000000000000000e+00
6.195913418520616744e+01,0.000000000000000000e+00
6.283735846915818257e+01,0.000000000000000000e+00
6.368728243108054698e+01,0.000000000000000000e+00
6.029874166113702216e+01,0.000000000000000000e+00
6.102807229898709807e+01,0.000000000000000000e+00
6.352113974058116241e+01,0.000000000000000000e+00
6.435420695322605411e+01,0.000000000000000000e+00
6.448539975335040708e+01,0.000000000000000000e+00
6.282734356466983172e+01,0.000000000000000000e+00
6.198744564224225684e+01,0.000000000000000000e+00
6.386220345369780205e+01,0.000000000000000000e+00
6.396179327602209952e+01,0.000000000000000000e+00
5.922777735289282219e+01,0.000000000000000000e+00
6.585038740886513153e+01,0.000000000000000000e+00
6.250782671452163441e+01,0.000000000000000000e+00
6.412505254749625294e+01,0.000000000000000000e+00
6.520647570280284810e+01,0.000000000000000000e+00
6.816107015400839941e+01,0.000000000000000000e+00
6.285805014037278227e+01,0.000000000000000000e+00
6.412976088710641420e+01,0.000000000000000000e+00
6.456504887724800312e+01,0.000000000000000000e+00
6.707497781713402674e+01,0.000000000000000000e+00
6.489391065796415603e+01,0.000000000000000000e+00
6.639835585472805235e+01,0.000000000000000000e+00
6.301372513620275839e+01,0.000000000000000000e+00
6.601213582306478145e+01,0.000000000000000000e+00
6.273449431629465778e+01,0.000000000000000000e+00
6.793218236549627420e+01,0.000000000000000000e+00
6.521554378817620545e+01,0.000000000000000000e+00
6.714858428373243271e+01,0.000000000000000000e+00
6.658146313413899975e+01,0.000000000000000000e+00
6.202851705837776564e+01,0.000000000000000000e+00
6.623335499440013052e+01,0.000000000000000000e+00
6.350272558967604652e+01,0.000000000000000000e+00
6.612817158703076359e+01,0.000000000000000000e+00
6.473737866565194565e+01,0.000000000000000000e+00
6.774194562435720002e+01,0.000000000000000000e+00
6.196610368221345766e+01,0.000000000000000000e+00
6.366095516555443368e+01,0.000000000000000000e+00
6.408553539804069032e+01,0.000000000000000000e+00
6.367616817197676227e+01,0.000000000000000000e+00
6.605507479441244811e+01,0.000000000000000000e+00
6.867399037939999573e+01,0.000000000000000000e+00
6.690732569605069102e+01,0.000000000000000000e+00
6.370081515738837652e+01,0.000000000000000000e+00
6.593367928028796143e+01,0.000000000000000000e+00
6.636081572352708235e+01,0.000000000000000000e+00
6.766294145511773195e+01,0.000000000000000000e+00
6.683262802324829011e+01,0.000000000000000000e+00
6.461083058410552837e+01,0.000000000000000000e+00
6.717136192892921542e+01,0.000000000000000000e+00
6.555357676642259435e+01,0.000000000000000000e+00
6.912859719038374351e+01,0.000000000000000000e+00
6.319392988846622927e+01,0.000000000000000000e+00
6.937328028670589219e+01,0.000000000000000000e+00
6.379900306711039804e+01,0.000000000000000000e+00
6.501810187761581972e+01,0.000000000000000000e+00
6.556605961069449506e+01,0.000000000000000000e+00
7.051002328279078313e+01,0.000000000000000000e+00
6.535567059848042959e+01,0.000000000000000000e+00
6.735506719664491015e+01,0.000000000000000000e+00
6.927829091763726410e+01,0.000000000000000000e+00
7.079806561402033083e+01,0.000000000000000000e+00
6.349310895833426116e+01,0.000000000000000000e+00
6.698062916656731147e+01,0.000000000000000000e+00
7.083741454204056254e+01,0.000000000000000000e+00
6.440460062466247848e+01,0.000000000000000000e+00
6.694525297294568134e+01,0.000000000000000000e+00
6.783678035501486647e+01,0.000000000000000000e+00
6.604038560845468453e+01,0.000000000000000000e+00
7.108310364607424958e+01,0.000000000000000000e+00
6.895367028713695845e+01,0.000000000000000000e+00
6.510716219392247694e+01,0.000000000000000000e+00
6.877578490329274530e+01,0.000000000000000000e+00
6.962377203793683123e+01,0.000000000000000000e+00
7.261076979925296371e+01,0.000000000000000000e+00
7.022721552962083535e+01,0.000000000000000000e+00
6.881365437247546879e+01,0.000000000000000000e+00
6.661840265271028727e+01,0.000000000000000000e+00
6.660800516900906132e+01,0.000000000000000000e+00
6.557277162939662674e+01,0.000000000000000000e+00
6.681164116926962038e+01,0.000000000000000000e+00
7.130797928842288513e+01,0.000000000000000000e+00
7.071880802495870455e+01,0.000000000000000000e+00
7.069006355371990935e+01,0.000000000000000000e+00
6.966863097385140691e+01,0.000000000000000000e+00
6.881912134983144824e+01,0.000000000000000000e+00
6.423460320489971309e+01,0.000000000000000000e+00
6.833590971563602068e+01,0.000000000000000000e+00
6.999916502954688724e+01,0.000000000000000000e+00
6.845515435345339483e+01,0.000000000000000000e+00
7.348978632402611311e+01,0.000000000000000000e+00
7.029202738928816530e+01,0.000000000000000000e+00
6.889805437638139551e+01,0.000000000000000000e+00
7.382549547849848182e+01,0.000000000000000000e+00
6.782580546492063434e+01,0.000000000000000000e+00
6.593517894057332285e+01,0.000000000000000000e+00
7.099965410646542807e+01,0.000000000000000000e+00
7.141092908957635643e+01,0.000000000000000000e+00
7.185127011101059225e+01,0.000000000000000000e+00
6.978487564919643660e+01,0.000000000000000000e+00
6.834485103077366830e+01,0.000000000000000000e+00
7.320422326083959774e+01,0.000000000000000000e+00
6.842234975310972800e+01,0.000000000000000000e+00
7.110902242900108661e+01,0.000000000000000000e+00
6.766857271517217498e+01,0.000000000000000000e+00
6.860876555642805386e+01,0.000000000000000000e+00
6.925815456658845903e+01,0.000000000000000000e+00
6.880793053230510736e+01,0.000000000000000000e+00
7.160181834833910841e+01,0.000000000000000000e+00
6.747677066945001911e+01,0.000000000000000000e+00
7.065857258155132570e+01,0.000000000000000000e+00
7.226393373799618303e+01,0.000000000000000000e+00
7.245460131218041511e+01,0.000000000000000000e+00
7.064222821509069661e+01,0.000000000000000000e+00
7.110483342329222012e+01,0.000000000000000000e+00
7.130143787076551121e+01,0.000000000000000000e+00
6.678345374160252845e+01,0.000000000000000000e+00
7.193536339948440173e+01,0.000000000000000000e+00
6.897575195837242745e+01,0.000000000000000000e+00
7.313192776255304750e+01,0.000000000000000000e+00
7.032837692943988372e+01,0.000000000000000000e+00
6.893879738983234517e+01,0.000000000000000000e+00
7.277417104900906963e+01,0.000000000000000000e+00
7.146570147329886424e+01,0.000000000000000000e+00
7.381005378258048211e+01,0.000000000000000000e+00
6.837532490334240265e+01,0.000000000000000000e+00
7.141299838210521500e+01,0.000000000000000000e+00
7.383411891010648276e+01,0.000000000000000000e+00
6.839518267543053298e+01,0.000000000000000000e+00
7.425584985461954091e+01,0.000000000000000000e+00
7.241512944149177144e+01,0.000000000000000000e+00
7.233090191681486658e+01,0.000000000000000000e+00
7.357021640137206475e+01,0.000000000000000000e+00
6.890303919710079583e+01,0.000000000000000000e+00
7.177891795713335910e+01,0.000000000000000000e+00
6.852456740288276649e+01,0.000000000000000000e+00
7.222265322202881066e+01,0.000000000000000000e+00
7.514371451550228187e+01,0.000000000000000000e+00
7.452877024666956629e+01,0.000000000000000000e+00
6.979425903787709728e+01,0.000000000000000000e+00
7.513961930678109979e+01,0.000000000000000000e+00
7.125348245646870282e+01,0.000000000000000000e+00
6.984235170810131876e+01,0.000000000000000000e+00
6.950530526121471553e+01,0.000000000000000000e+00
7.187054921504626748e+01,0.000000000000000000e+00
6.993203130550932656e+01,0.000000000000000000e+00
7.331870843168783836e+01,0.000000000000000000e+00
7.114064389933237464e+01,0.000000000000000000e+00
7.347936401834947162e+01,0.000000000000000000e+00
7.231505004827607763e+01,0.000000000000000000e+00
7.302579334619014162e+01,0.000000000000000000e+00
7.348509912197349081e+01,0.000000000000000000e+00
7.362948427357602554e+01,0.000000000000000000e+00
7.419356795801840576e+01,0.000000000000000000e+00
7.286280444716950910e+01,0.000000000000000000e+00
7.421012149415922465e+01,0.000000000000000000e+00
7.264660880059491888e+01,0.000000000000000000e+00
7.226277743870622317e+01,0.000000000000000000e+00
7.322040425558937216e+01,0.000000000000000000e+00
7.196002000773924578e+01,0.000000000000000000e+00
6.907812153656738019e+01,0.000000000000000000e+00
7.457526159213475125e+01,0.000000000000000000e+00
7.446901786395173417e+01,0.000000000000000000e+00
7.538119180588971346e+01,0.000000000000000000e+00
7.047281613397935018e+01,0.000000000000000000e+00
7.315999813689739995e+01,0.000000000000000000e+00
7.433601134437076041e+01,0.000000000000000000e+00
7.617515249824171519e+01,0.000000000000000000e+00
7.789419915899473779e+01,0.000000000000000000e+00
7.273919457145427714e+01,0.000000000000000000e+00
7.471936027389982371e+01,0.000000000000000000e+00
7.345788172950094008e+01,0.000000000000000000e+00
7.548670949604297675e+01,0.000000000000000000e+00
7.233910302266016856e+01,0.000000000000000000e+00
7.710585194365826567e+01,0.000000000000000000e+00
7.033062619644840652e+01,0.000000000000000000e+00
7.296141437402918939e+01,0.000000000000000000e+00
7.037270135761917800e+01,0.000000000000000000e+00
7.283898274742284684e+01,0.000000000000000000e+00
7.480051443336697048e+01,0.000000000000000000e+00
7.494850270862339414e+01,0.000000000000000000e+00
7.240712205128264145e+01,0.000000000000000000e+00
7.701090819669177279e+01,0.000000000000000000e+00
7.220389915545656834e+01,0.000000000000000000e+00
7.829403482259866109e+01,0.000000000000000000e+00
7.221714018712256689e+01,0.000000000000000000e+00
7.645849053154988439e+01,0.000000000000000000e+00
7.481070506762472405e+01,0.000000000000000000e+00
8.047896575203117209e+01,0.000000000000000000e+00
7.626387340381441504e+01,0.000000000000000000e+00
7.529517909945197118e+01,0.000000000000000000e+00
7.578918564130329116e+01,0.000000000000000000e+00
7.516419349061456501e+01,0.000000000000000000e+00
7.618232149482867044e+01,0.000000000000000000e+00
7.919441121136725314e+01,0.000000000000000000e+00
7.576251051320623731e+01,0.000000000000000000e+00
7.986083050711201281e+01,0.000000000000000000e+00
7.730210294672643556e+01,0.000000000000000000e+00
7.086557113157437016e+01,0.000000000000000000e+00
7.291679163815166476e+01,0.000000000000000000e+00
8.000021251754827745e+01,0.000000000000000000e+00
7.304615339429206244e+01,0.000000000000000000e+00
7.643199927020842210e+01,0.000000000000000000e+00
7.368938976114081640e+01,0.000000000000000000e+00
7.745979286340717351e+01,0.000000000000000000e+00
7.729792859388760462e+01,0.000000000000000000e+00
7.662962508553241037e+01,0.000000000000000000e+00
7.459894030420032607e+01,0.000000000000000000e+00
7.902412263457712527e+01,0.000000000000000000e+00
7.383144488945735873e+01,0.000000000000000000e+00
7.604864927603988178e+01,0.000000000000000000e+00
7.754820240001119203e+01,0.000000000000000000e+00
7.442545237645045120e+01,0.000000000000000000e+00
7.811214375633889517e+01,0.000000000000000000e+00
7.763759924451518657e+01,0.000000000000000000e+00
7.563329073794088231e+01,0.000000000000000000e+00
7.587878183042778346e+01,0.000000000000000000e+00
7.801490767831127471e+01,0.000000000000000000e+00
7.348221046320570338e+01,0.000000000000000000e+00
7.620853823928577242e+01,0.000000000000000000e+00
7.300675945525391342e+01,0.000000000000000000e+00
7.941241397982437888e+01,0.000000000000000000e+00
7.583267823701946497e+01,0.000000000000000000e+00
7.549411134732355322e+01,0.000000000000000000e+00
7.734383054523318890e+01,0.000000000000000000e+00
7.632659738334044164e+01,0.000000000000000000e+00
7.234421204861749288e+01,0.000000000000000000e+00
7.607746964646908339e+01,0.000000000000000000e+00
7.810727391053727331e+01,0.000000000000000000e+00
7.349529486378310139e+01,0.000000000000000000e+00
7.699010228895168950e+01,0.000000000000000000e+00
7.366801469692332205e+01,0.000000000000000000e+00
7.477152998334631206e+01,0.000000000000000000e+00
7.393766331879355391e+01,0.000000000000000000e+00
7.648295579332588545e+01,0.000000000000000000e+00
7.648801886779597226e+01,0.000000000000000000e+00
7.558742983970313389e+01,0.000000000000000000e+00
7.733665766083254312e+01,0.000000000000000000e+00
7.643875879387370276e+01,0.000000000000000000e+00
7.439974044749457960e+01,0.000000000000000000e+00
7.511352828510773350e+01,0.000000000000000000e+00
8.180166143427010184e+01,0.000000000000000000e+00
7.917769266097069192e+01,0.000000000000000000e+00
7.794726902998726814e+01,0.000000000000000000e+00
7.815173266852416134e+01,0.000000000000000000e+00
7.558680461322219912e+01,0.000000000000000000e+00
7.757104860607611840e+01,0.000000000000000000e+00
7.891269748315971810e+01,0.000000000000000000e+00
8.018959372874410008e+01,0.000000000000000000e+00
7.908757271840504188e+01,0.000000000000000000e+00
7.462195476893688806e+01,0.000000000000000000e+00
7.746940843642164509e+01,0.000000000000000000e+00
7.784574339297662959e+01,0.000000000000000000e+00
7.690156600053529701e+01,0.000000000000000000e+00
7.719351114818577742e+01,0.000000000000000000e+00
7.780436306935395407e+01,0.000000000000000000e+00
7.491847483872662394e+01,0.000000000000000000e+00
8.198495993370508472e+01,0.000000000000000000e+00
7.560533103341902006e+01,0.000000000000000000e+00
7.773192483748717052e+01,0.000000000000000000e+00
7.750165407988821187e+01,0.000000000000000000e+00
7.863583023021438123e+01,0.000000000000000000e+00
8.064170855366710100e+01,0.000000000000000000e+00
7.574042734733842508e+01,0.000000000000000000e+00
7.779812360122211601e+01,0.000000000000000000e+00
7.900297043572000177e+01,0.000000000000000000e+00
7.639930968928788957e+01,0.000000000000000000e+00
7.730644493816313911e+01,0.000000000000000000e+00
7.961119134326648350e+01,0.000000000000000000e+00
8.109272129397889728e+01,0.000000000000000000e+00
7.863004434159969946e+01,0.000000000000000000e+00
7.863921221714304011e+01,0.000000000000000000e+00
7.900077028237809884e+01,0.000000000000000000e+00
7.849291775243348468e+01,0.000000000000000000e+00
7.849590342747310956e+01,0.000000000000000000e+00
7.683826004169013402e+01,0.000000000000000000e+00
7.375720279364297483e+01,0.000000000000000000e+00
7.535420063703818983e+01,0.000000000000000000e+00
8.079266478280267449e+01,0.000000000000000000e+00
8.233659069395555719e+01,0.000000000000000000e+00
7.509771802469359159e+01,0.000000000000000000e+00
8.066866609981157410e+01,0.000000000000000000e+00
7.960579021144999956e+01,0.000000000000000000e+00
7.650246161493605257e+01,0.000000000000000000e+00
7.647665925479684290e+01,0.000000000000000000e+00
7.769675207455226484e+01,0.000000000000000000e+00
7.534898596490910450e+01,0.000000000000000000e+00
7.971062259970263142e+01,0.000000000000000000e+00
7.479122637871832069e+01,0.000000000000000000e+00
8.078984759716045971e+01,0.000000000000000000e+00
7.772632429447037339e+01,0.000000000000000000e+00
7.939376706182814303e+01,0.000000000000000000e+00
7.683259302835989502e+01,0.000000000000000000e+00
7.888433256755861578e+01,0.000000000000000000e+00
7.708367904905767887e+01,0.000000000000000000e+00
7.867298353891870022e+01,0.000000000000000000e+00
7.933276594807996673e+01,0.000000000000000000e+00
7.782590582522840350e+01,0.000000000000000000e+00
7.666645161444731116e+01,0.000000000000000000e+00
7.896119655979779850e+01,0.000000000000000000e+00
7.988982584234074125e+01,0.000000000000000000e+00
7.900956969785323736e+01,0.000000000000000000e+00
8.113233857482998701e+01,0.000000000000000000e+00
7.355899542189246176e+01,0.000000000000000000e+00
7.997356730923222301e+01,0.000000000000000000e+00
7.514856060187624109e+01,0.000000000000000000e+00
7.879924929884811036e+01,0.000000000000000000e+00
8.154810647647074973e+01,0.000000000000000000e+00
7.771110108423228269e+01,0.000000000000000000e+00
7.816607112179515582e+01,0.000000000000000000e+00
7.947337309419992835e+01,0.000000000000000000e+00
8.065271992694160019e+01,0.000000000000000000e+00
7.798842515201758374e+01,0.000000000000000000e+00
8.094288330830956113e+01,0.000000000000000000e+00
7.692696883492492077e+01,0.000000000000000000e+00
7.818521494744956613e+01,0.000000000000000000e+00
7.866019069462419111e+01,0.000000000000000000e+00
7.430456847167019419e+01,0.000000000000000000e+00
7.664556544698173468e+01,0.000000000000000000e+00
8.229223405568640715e+01,0.000000000000000000e+00
8.075394209845724447e+01,0.000000000000000000e+00
7.998642567829080008e+01,0.000000000000000000e+00
8.167479355435729360e+01,0.000000000000000000e+00
7.967430034737732569e+01,0.000000000000000000e+00
7.696839936025259021e+01,0.000000000000000000e+00
8.149982142478795311e+01,0.000000000000000000e+00
7.674437201216248639e+01,0.000000000000000000e+00
8.157753946510183596e+01,0.000000000000000000e+00
8.088271212158348078e+01,0.000000000000000000e+00
8.166373963443933803e+01,0.000000000000000000e+00
7.483373017447446784e+01,0.000000000000000000e+00
8.155113628463286091e+01,0.000000000000000000e+00
8.182829499556858366e+01,0.000000000000000000e+00
7.534591534741845464e+01,0.000000000000000000e+00
7.948345136819199297e+01,0.000000000000000000e+00
7.642187911003902911e+01,0.000000000000000000e+00
8.119424666709261373e+01,0.000000000000000000e+00
7.754839208796619232e+01,0.000000000000000000e+00
8.094287647383930562e+01,0.000000000000000000e+00
7.983469967674477630e+01,0.000000000000000000e+00
8.063491070623766177e+01,0.000000000000000000e+00
7.422474601758537460e+01,0.000000000000000000e+00
7.971417861465619126e+01,0.000000000000000000e+00
7.750672915637650817e+01,0.000000000000000000e+00
7.870538446059812543e+01,0.000000000000000000e+00
7.970472525829238464e+01,0.000000000000000000e+00
8.184932235262574807e+01,0.000000000000000000e+00
8.064596744451486643e+01,0.000000000000000000e+00
7.916617487021621002e+01,0.000000000000000000e+00
8.197590592814427168e+01,0.000000000000000000e+00
8.133761738122794327e+01,0.000000000000000000e+00
7.855359609315371472e+01,0.000000000000000000e+00
8.067629592724217957e+01,0.000000000000000000e+00
8.436391515215166237e+01,0.000000000000000000e+00
8.127367491069415451e+01,0.000000000000000000e+00
8.076407533392830373e+01,0.000000000000000000e+00
7.751462028499233270e+01,0.000000000000000000e+00
8.055478635405519583e+01,0.000000000000000000e+00
7.973870327150822845e+01,0.000000000000000000e+00
7.837435872771668244e+01,0.000000000000000000e+00
7.853581924975460993e+01,0.000000000000000000e+00
7.970803274756647738e+01,0.000000000000000000e+00
7.743829677008834267e+01,0.000000000000000000e+00
8.002473747378301994e+01,0.000000000000000000e+00
7.902216845731091155e+01,0.000000000000000000e+00
7.707164830004663258e+01,0.000000000000000000e+00
7.919387304847711562e+01,0.000000000000000000e+00
7.866086528640452968e+01,0.000000000000000000e+00
8.219244884926311556e+01,0.000000000000000000e+00
8.090536081105057065e+01,0.000000000000000000e+00
7.872500757939447169e+01,0.000000000000000000e+00
7.825360638474985819e+01,0.000000000000000000e+00
8.072169316639586611e+01,0.000000000000000000e+00
8.012253603465784124e+01,0.000000000000000000e+00
7.772473386650536042e+01,0.000000000000000000e+00
7.876126010950184764e+01,0.000000000000000000e+00
7.966213281459937434e+01,0.000000000000000000e+00
7.859404340017113100e+01,0.000000000000000000e+00
7.976195370929599449e+01,0.000000000000000000e+00
7.933768673347992717e+01,0.000000000000000000e+00
8.149318401922401733e+01,0.000000000000000000e+00
8.376543570416514228e+01,0.000000000000000000e+00
8.311420634794953344e+01,0.000000000000000000e+00
7.910043779090129590e+01,0.000000000000000000e+00
8.150394253346446760e+01,0.000000000000000000e+00
8.046918348971216517e+01,0.000000000000000000e+00
8.038759505634259028e+01,0.000000000000000000e+00
7.788375826570613469e+01,0.000000000000000000e+00
8.073042123503181244e+01,0.000000000000000000e+00
7.939136337570703006e+01,0.000000000000000000e+00
7.932266219231769355e+01,0.000000000000000000e+00
8.084647687571724362e+01,0.000000000000000000e+00
7.937431654291506788e+01,0.000000000000000000e+00
7.739440381696115878e+01,0.000000000000000000e+00
8.050109498639071148e+01,0.000000000000000000e+00
7.457590630380546770e+01,0.000000000000000000e+00
7.844390148454853318e+01,0.000000000000000000e+00
7.872768063228562596e+01,0.000000000000000000e+00
8.091658966463276670e+01,0.000000000000000000e+00
7.991710026540872036e+01,0.000000000000000000e+00
7.838789782377178028e+01,0.000000000000000000e+00
7.992677822873385196e+01,0.000000000000000000e+00
7.735033754248718196e+01,0.000000000000000000e+00
8.151777954234391643e+01,0.000000000000000000e+00
8.204183805579108935e+01,0.000000000000000000e+00
7.964662775424611141e+01,0.000000000000000000e+00
8.238614036046560329e+01,0.000000000000000000e+00
8.181665922550963899e+01,0.000000000000000000e+00
8.128850672235689956e+01,0.000000000000000000e+00
8.160931472835187606e+01,0.000000000000000000e+00
8.479802480781339113e+01,0.000000000000000000e+00
8.000525294147112731e+01,0.000000000000000000e+00
7.965290756827160124e+01,0.000000000000000000e+00
7.952803018833432702e+01,0.000000000000000000e+00
7.664813572753401161e+01,0.000000000000000000e+00
8.428018367857103499e+01,0.000000000000000000e+00
7.740450911213231677e+01,0.000000000000000000e+00
7.833315991075315310e+01,0.000000000000000000e+00
7.811734800438567561e+01,0.000000000000000000e+00
7.716915981150853554e+01,0.000000000000000000e+00
8.154096420924746269e+01,0.000000000000000000e+00
7.950610614795689912e+01,0.000000000000000000e+00
8.269211778971542515e+01,0.000000000000000000e+00
7.855916571033600349e+01,0.000000000000000000e+00
7.893581291189029514e+01,0.000000000000000000e+00
7.902603368148182028e+01,0.000000000000000000e+00
8.382763807579696902e+01,0.000000000000000000e+00
7.833073614175496857e+01,0.000000000000000000e+00
8.255458229410626814e+01,0.000000000000000000e+00
7.950540905107985168e+01,0.000000000000000000e+00
7.950905681124761770e+01,0.000000000000000000e+00
8.271218600240312924e+01,0.000000000000000000e+00
8.101736655580660340e+01,0.000000000000000000e+00
8.252890118169838729e+01,0.000000000000000000e+00
8.448190300659327079e+01,0.000000000000000000e+00
7.892833404516670726e+01,0.000000000000000000e+00
7.925785319637577686e+01,0.000000000000000000e+00
8.129737267591244176e+01,0.000000000000000000e+00
7.965755469657175070e+01,0.000000000000000000e+00
7.831908929113843953e+01,0.000000000000000000e+00
8.107128235728308141e+01,0.000000000000000000e+00
8.002003708396757986e+01,0.000000000000000000e+00
8.214054274977367243e+01,0.000000000000000000e+00
8.129298237527891047e+01,0.000000000000000000e+00
8.203177531524440269e+01,0.000000000000000000e+00
8.252603983485461470e+01,0.000000000000000000e+00
8.067487790003288239e+01,0.000000000000000000e+00
7.754694748104225255e+01,0.000000000000000000e+00
7.562885133943794358e+01,0.000000000000000000e+00
7.864368319025700771e+01,0.000000000000000000e+00
7.955268067343477867e+01,0.000000000000000000e+00
7.747935686436312608e+01,0.000000000000000000e+00
8.024769263967500876e+01,0.000000000000000000e+00
8.180938145726769051e+01,0.000000000000000000e+00
8.002477520681703993e+01,0.000000000000000000e+00
8.151224758261174941e+01,0.000000000000000000e+00
7.957853283522116783e+01,0.000000000000000000e+00
8.087983300021136301e+01,0.000000000000000000e+00
8.017668607462975672e+01,0.000000000000000000e+00
7.899872158716185311e+01,0.000000000000000000e+00
7.883202703569611458e+01,0.000000000000000000e+00
8.029502990123920370e+01,0.000000000000000000e+00
7.751713176880076617e+01,0.000000000000000000e+00
8.091918536542847562e+01,0.000000000000000000e+00
7.795481879202209541e+01,0.000000000000000000e+00
8.080708446034677195e+01,0.000000000000000000e+00
8.065102833115547298e+01,0.000000000000000000e+00
7.718268256476682154e+01,0.000000000000000000e+00
8.230585622248192124e+01,0.000000000000000000e+00
8.026713969733626186e+01,0.000000000000000000e+00
7.819191469900681568e+01,0.000000000000000000e+00
8.152637910265320897e+01,0.000000000000000000e+00
7.584627903048729536e+01,0.000000000000000000e+00
8.113296242692264570e+01,0.000000000000000000e+00
8.362679502033169854e+01,0.000000000000000000e+00
7.634430405652346963e+01,0.000000000000000000e+00
8.407389251485126636e+01,0.000000000000000000e+00
7.818621918408666716e+01,0.000000000000000000e+00
8.141874941670195653e+01,0.000000000000000000e+00
7.749644833923883880e+01,0.000000000000000000e+00
8.112316063964308910e+01,0.000000000000000000e+00
7.991175051260283624e+01,0.000000000000000000e+00
7.790634072111876662e+01,0.000000000000000000e+00
7.838609442125330418e+01,0.000000000000000000e+00
7.847295087753094833e+01,0.000000000000000000e+00
7.883611646734698297e+01,0.000000000000000000e+00
7.883348978265173912e+01,0.000000000000000000e+00
8.157718064634524069e+01,0.000000000000000000e+00
7.637567275206467343e+01,0.000000000000000000e+00
7.709520581184858656e+01,0.000000000000000000e+00
8.078939049779853576e+01,0.000000000000000000e+00
7.969820841508942522e+01,0.000000000000000000e+00
7.941683831829389817e+01,0.000000000000000000e+00
7.811301479284118443e+01,0.000000000000000000e+00
8.020296251181790126e+01,0.000000000000000000e+00
7.877122277540843243e+01,0.000000000000000000e+00
7.703661304267689047e+01,0.000000000000000000e+00
8.043177927601867339e+01,0.000000000000000000e+00
8.022158804556805478e+01,0.000000000000000000e+00
7.531555758377103871e+01,0.000000000000000000e+00
8.155926324055681675e+01,0.000000000000000000e+00
8.034308128562705065e+01,0.000000000000000000e+00
7.934090027516737109e+01,0.000000000000000000e+00
7.964086673523942750e+01,0.000000000000000000e+00
8.117765503718653974e+01,0.000000000000000000e+00
7.591659003779571435e+01,0.000000000000000000e+00
7.800598552373470795e+01,0.000000000000000000e+00
8.266416138958925330e+01,0.000000000000000000e+00
8.086957237140939014e+01,0.000000000000000000e+00
7.687934536899074089e+01,0.000000000000000000e+00
7.651921999431269228e+01,0.000000000000000000e+00
7.448621763482600500e+01,0.000000000000000000e+00
7.568851317570792503e+01,0.000000000000000000e+00
7.890446260960320046e+01,0.000000000000000000e+00
8.137845215963749013e+01,0.000000000000000000e+00
8.092312458897268357e+01,0.000000000000000000e+00
8.018300674352417445e+01,0.000000000000000000e+00
7.753580314065909818e+01,0.000000000000000000e+00
8.061357710994518300e+01,0.000000000000000000e+00
8.081678842631242787e+01,0.000000000000000000e+00
7.784937992337219725e+01,0.000000000000000000e+00
7.768183000672846106e+01,0.000000000000000000e+00
7.558037344195520291e+01,0.000000000000000000e+00
7.844976666858701719e+01,0.000000000000000000e+00
7.475010472181192256e+01,0.000000000000000000e+00
7.708469744811007729e+01,0.000000000000000000e+00
7.936448508967183102e+01,0.000000000000000000e+00
7.839931604140890897e+01,0.000000000000000000e+00
7.804261926758636037e+01,0.000000000000000000e+00
7.802626346735432605e+01,0.000000000000000000e+00
8.167465608103792363e+01,0.000000000000000000e+00
7.924505684000554595e+01,0.000000000000000000e+00
7.650578618634182249e+01,0.000000000000000000e+00
7.955041454680988977e+01,0.000000000000000000e+00
8.069660362433879186e+01,0.000000000000000000e+00
7.643173839843920803e+01,0.000000000000000000e+00
7.831350863341042157e+01,0.000000000000000000e+00
8.116455508504779459e+01,0.000000000000000000e+00
8.096736376132844271e+01,0.000000000000000000e+00
8.093282165489927138e+01,0.000000000000000000e+00
7.964943573688759670e+01,0.000000000000000000e+00
7.795966756817941246e+01,0.000000000000000000e+00
7.798216506182636465e+01,0.000000000000000000e+00
7.868438329060290926e+01,0.000000000000000000e+00
7.940835682708261345e+01,0.000000000000000000e+00
7.730893067369950700e+01,0.000000000000000000e+00
7.559738645196090090e+01,0.000000000000000000e+00
7.711196714935218210e+01,0.000000000000000000e+00
7.712067720796731862e+01,0.000000000000000000e+00
7.739878942812040918e+01,0.000000000000000000e+00
7.848676579968686440e+01,0.000000000000000000e+00
7.523967024391089353e+01,0.000000000000000000e+00
7.653134481289235680e+01,0.000000000000000000e+00
7.465697956836299909e+01,0.000000000000000000e+00
7.902619201014701389e+01,0.000000000000000000e+00
7.633639353741511968e+01,0.000000000000000000e+00
7.883464446992147145e+01,0.000000000000000000e+00
7.521346481130153450e+01,0.000000000000000000e+00
7.547403073039942001e+01,0.000000000000000000e+00
7.800272962917576081e+01,0.000000000000000000e+00
7.760207854651770276e+01,0.000000000000000000e+00
7.681776814379752238e+01,0.000000000000000000e+00
7.727655276172522747e+01,0.000000000000000000e+00
7.775076432639905022e+01,0.000000000000000000e+00
7.494801685862545071e+01,0.000000000000000000e+00
7.598879259312259649e+01,0.000000000000000000e+00
7.592043736790476771e+01,0.000000000000000000e+00
7.808284374785009163e+01,0.000000000000000000e+00
7.488105302910942385e+01,0.000000000000000000e+00
8.034440329162248418e+01,0.000000000000000000e+00
8.037829525332556102e+01,0.000000000000000000e+00
7.453077300946368666e+01,0.000000000000000000e+00
7.619909593752539934e+01,0.000000000000000000e+00
7.643381695712236024e+01,0.000000000000000000e+00
7.935205595180464400e+01,0.000000000000000000e+00
7.588235273878713372e+01,0.000000000000000000e+00
7.716205988806493110e+01,0.000000000000000000e+00
7.762842692908998288e+01,0.000000000000000000e+00
7.513665777191971529e+01,0.000000000000000000e+00
7.669287802315336933e+01,0.000000000000000000e+00
7.732284110053799964e+01,0.000000000000000000e+00
8.088640921844438481e+01,0.000000000000000000e+00
7.404634461042883231e+01,0.000000000000000000e+00
8.044000958672411628e+01,0.000000000000000000e+00
8.044146553778747943e+01,0.000000000000000000e+00
7.740561712306664788e+01,0.000000000000000000e+00
7.693434317841169445e+01,0.000000000000000000e+00
7.916294351988277356e+01,0.000000000000000000e+00
7.504900222620631212e+01,0.000000000000000000e+00
7.539055733879460774e+01,0.000000000000000000e+00
7.468956182436606639e+01,0.000000000000000000e+00
7.629839003526348051e+01,0.000000000000000000e+00
7.405887023793654578e+01,0.000000000000000000e+00
7.568326450845010811e+01,0.000000000000000000e+00
7.554022424992159301e+01,0.000000000000000000e+00
7.739429270577139164e+01,0.000000000000000000e+00
7.528732143614908523e+01,0.000000000000000000e+00
7.788315468406371167e+01,0.000000000000000000e+00
7.856573570351147850e+01,0.000000000000000000e+00
7.190498488217113504e+01,0.000000000000000000e+00
7.474815313907375014e+01,0.000000000000000000e+00
7.437281853748446281e+01,0.000000000000000000e+00
7.592048539815377239e+01,0.000000000000000000e+00
7.608339858946618506e+01,0.000000000000000000e+00
7.260979517027098495e+01,0.000000000000000000e+00
7.627891029075507845e+01,0.000000000000000000e+00
7.725267591134333145e+01,0.000000000000000000e+00
7.603073966614827839e+01,0.000000000000000000e+00
7.973832612630479844e+01,0.000000000000000000e+00
7.707065421484408319e+01,0.000000000000000000e+00
7.463515731346393522e+01,0.000000000000000000e+00
7.845557123830543844e+01,0.000000000000000000e+00
7.492078295994292603e+01,0.000000000000000000e+00
7.332200909045309345e+01,0.000000000000000000e+00
7.695569590224623369e+01,0.000000000000000000e+00
7.386424229277966447e+01,0.000000000000000000e+00
7.614276348580052911e+01,0.000000000000000000e+00
7.980445222211110945e+01,0.000000000000000000e+00
7.387863830324161540e+01,0.000000000000000000e+00
7.544743666019471107e+01,0.000000000000000000e+00
7.412215652101659202e+01,0.000000000000000000e+00
7.547775688205136646e+01,0.000000000000000000e+00
7.613331545982606485e+01,0.000000000000000000e+00
7.643882727292427148e+01,0.000000000000000000e+00
7.952239991241603434e+01,0.000000000000000000e+00
7.837042861725412024e+01,0.000000000000000000e+00
7.480771344210808138e+01,0.000000000000000000e+00
7.351648589687825108e+01,0.000000000000000000e+00
7.763373054545043317e+01,0.000000000000000000e+00
7.176552868549109121e+01,0.000000000000000000e+00
7.493151177479303726e+01,0.000000000000000000e+00
7.231472988250993694e+01,0.000000000000000000e+00
7.710727878262440527e+01,0.000000000000000000e+00
7.232190130427593999e+01,0.000000000000000000e+00
7.187088852345290491e+01,0.000000000000000000e+00
7.239087054926091014e+01,0.000000000000000000e+00
7.336100824132353182e+01,0.000000000000000000e+00
7.738680091159288565e+01,0.000000000000000000e+00
7.369571750456884729e+01,0.000000000000000000e+00
7.699974710837210523e+01,0.000000000000000000e+00
7.711274849448163593e+01,0.000000000000000000e+00
7.299288468414998476e+01,0.000000000000000000e+00
7.253504828415547934e+01,0.000000000000000000e+00
7.265629949890104911e+01,0.000000000000000000e+00
7.553845756322756699e+01,0.000000000000000000e+00
7.473410192544896802e+01,0.000000000000000000e+00
7.371896726849990955e+01,0.000000000000000000e+00
7.283680761482671073e+01,0.000000000000000000e+00
7.210144550675076403e+01,0.000000000000000000e+00
7.446790273645049751e+01,0.000000000000000000e+00
7.415166632883106956e+01,0.000000000000000000e+00
7.064779572376451711e+01,0.000000000000000000e+00
7.173735053942306195e+01,0.000000000000000000e+00
7.607005132673435810e+01,0.000000000000000000e+00
7.357658057316268696e+01,0.000000000000000000e+00
7.444794576880855175e+01,0.000000000000000000e+00
7.040165452058188578e+01,0.000000000000000000e+00
7.018717116982756465e+01,0.000000000000000000e+00
7.251582803817585443e+01,0.000000000000000000e+00
7.463921678950134719e+01,0.000000000000000000e+00
7.361205326942962301e+01,0.000000000000000000e+00
7.005185081409344150e+01,0.000000000000000000e+00
7.365617270159124530e+01,0.000000000000000000e+00
7.357455282309643962e+01,0.000000000000000000e+00
7.266562318612740512e+01,0.000000000000000000e+00
7.017972386242486493e+01,0.000000000000000000e+00
7.200808369716392576e+01,0.000000000000000000e+00
7.198749136716313046e+01,0.000000000000000000e+00
7.587262564004623755e+01,0.000000000000000000e+00
7.175730785950960922e+01,0.000000000000000000e+00
6.900374235486735586e+01,0.000000000000000000e+00
7.341904365771900132e+01,0.000000000000000000e+00
7.486130214469241650e+01,0.000000000000000000e+00
7.156404091486720631e+01,0.000000000000000000e+00
7.408456003430309522e+01,0.000000000000000000e+00
7.582787129894073530e+01,0.000000000000000000e+00
7.055508910811275314e+01,0.000000000000000000e+00
7.095220539475720045e+01,0.000000000000000000e+00
7.065576929979889087e+01,0.000000000000000000e+00
7.052079154154735363e+01,0.000000000000000000e+00
7.347670960193977407e+01,0.000000000000000000e+00
7.380460424743353087e+01,0.000000000000000000e+00
7.269535300637602404e+01,0.000000000000000000e+00
7.145249871553308196e+01,0.000000000000000000e+00
7.259380282620729474e+01,0.000000000000000000e+00
7.263435474111479095e+01,0.000000000000000000e+00
7.217416855138780818e+01,0.000000000000000000e+00
7.123019805086603640e+01,0.000000000000000000e+00
6.866401838665112223e+01,0.000000000000000000e+00
7.526224195864280375e+01,0.000000000000000000e+00
7.080380092216408627e+01,0.000000000000000000e+00
7.286544324266249362e+01,0.000000000000000000e+00
7.453783636471811747e+01,0.000000000000000000e+00
7.138381790042586772e+01,0.000000000000000000e+00
7.336363094618427283e+01,0.000000000000000000e+00
6.560178627374634175e+01,0.000000000000000000e+00
6.919886195424655284e+01,0.000000000000000000e+00
7.139064183987234458e+01,0.000000000000000000e+00
7.149047342341907552e+01,0.000000000000000000e+00
7.278105041678874443e+01,0.000000000000000000e+00
7.161330891045027158e+01,0.000000000000000000e+00
6.999184253621852747e+01,0.000000000000000000e+00
7.164044347833343807e+01,0.000000000000000000e+00
6.963581818717760541e+01,0.000000000000000000e+00
6.857276270266964957e+01,0.000000000000000000e+00
6.919097156666524029e+01,0.000000000000000000e+00
7.083540947929886045e+01,0.000000000000000000e+00
6.830497749022590881e+01,0.000000000000000000e+00
7.007527411360221947e+01,0.000000000000000000e+00
7.160999710571974219e+01,0.000000000000000000e+00
6.985668487549155259e+01,0.000000000000000000e+00
6.854003293339783909e+01,0.000000000000000000e+00
6.856022211489714380e+01,0.000000000000000000e+00
7.144379686831875631e+01,0.000000000000000000e+00
7.050680174118016907e+01,0.000000000000000000e+00
6.945678578977587847e+01,0.000000000000000000e+00
7.069676026591950802e+01,0.000000000000000000e+00
7.316241875984958654e+01,0.000000000000000000e+00
7.216644634499921551e+01,0.000000000000000000e+00
7.076196192601867097e+01,0.000000000000000000e+00
6.948476858816140123e+01,0.000000000000000000e+00
6.867188362630487575e+01,0.000000000000000000e+00
6.900588855574227409e+01,0.000000000000000000e+00
7.614313730116528234e+01,0.000000000000000000e+00
6.963024496546779574e+01,0.000000000000000000e+00
6.892328558847981412e+01,0.000000000000000000e+00
6.913957900524103195e+01,0.000000000000000000e+00
6.915495471062656918e+01,0.000000000000000000e+00
6.964470531355424043e+01,0.000000000000000000e+00
6.785938342982099414e+01,0.000000000000000000e+00
7.185895104598650107e+01,0.000000000000000000e+00
6.686024562944881211e+01,0.000000000000000000e+00
6.823424905270312024e+01,0.000000000000000000e+00
6.712906620422531034e+01,0.000000000000000000e+00
7.046973800886385675e+01,0.000000000000000000e+00
7.273428954895454979e+01,0.000000000000000000e+00
6.834300131695307812e+01,0.000000000000000000e+00
6.488228422695543429e+01,0.000000000000000000e+00
6.543829519354427759e+01,0.000000000000000000e+00
6.893062621057444517e+01,0.000000000000000000e+00
6.565001652948457433e+01,0.000000000000000000e+00
7.000615275391263026e+01,0.000000000000000000e+00
6.575222089838719342e+01,0.000000000000000000e+00
6.613515085480673861e+01,0.000000000000000000e+00
6.707572394036313312e+01,0.000000000000000000e+00
6.827286111051355988e+01,0.000000000000000000e+00
6.647191564253421348e+01,0.000000000000000000e+00
7.095587584859593733e+01,0.000000000000000000e+00
6.462872694293504594e+01,0.000000000000000000e+00
6.793785541277611628e+01,0.000000000000000000e+00
6.610680757555122966e+01,0.000000000000000000e+00
6.923552141058536336e+01,0.000000000000000000e+00
6.849625534832128437e+01,0.000000000000000000e+00
6.679926951929842005e+01,0.000000000000000000e+00
6.857467794144071149e+01,0.000000000000000000e+00
6.479205053635604372e+01,0.000000000000000000e+00
6.282434699426617186e+01,0.000000000000000000e+00
6.743716546132333178e+01,0.000000000000000000e+00
6.444191443337601299e+01,0.000000000000000000e+00
6.823569575814239840e+01,0.000000000000000000e+00
6.595383765154716116e+01,0.000000000000000000e+00
6.761655418468640732e+01,0.000000000000000000e+00
6.699264650049897796e+01,0.000000000000000000e+00
6.518770272578520064e+01,0.000000000000000000e+00
6.497614565443056733e+01,0.000000000000000000e+00
6.818960461898167580e+01,0.000000000000000000e+00
6.697840613128728648e+01,0.000000000000000000e+00
6.316898616668688504e+01,0.000000000000000000e+00
6.940538791083163517e+01,0.000000000000000000e+00
6.603134383249077644e+01,0.000000000000000000e+00
6.771746894256339999e+01,0.000000000000000000e+00
6.639750738605975755e+01,0.000000000000000000e+00
6.676518985527197003e+01,0.000000000000000000e+00
6.797228660007786516e+01,0.000000000000000000e+00
6.551187991566789037e+01,0.000000000000000000e+00
6.505872206392061230e+01,0.000000000000000000e+00
6.633291806782146693e+01,0.000000000000000000e+00
6.171607468684362630e+01,0.000000000000000000e+00
6.629380872565801042e+01,0.000000000000000000e+00
6.390049481187048031e+01,0.000000000000000000e+00
6.522345484648161573e+01,0.000000000000000000e+00
6.471540768308719294e+01,0.000000000000000000e+00
6.363307280736260907e+01,0.000000000000000000e+00
6.650154125371233249e+01,0.000000000000000000e+00
6.305334943711244478e+01,0.000000000000000000e+00
6.557167816209910427e+01,0.000000000000000000e+00
6.663784783229353081e+01,0.000000000000000000e+00
6.298737550843933519e+01,0.000000000000000000e+00
6.463916466836170116e+01,0.000000000000000000e+00
6.497648941829092450e+01,0.000000000000000000e+00
6.417907096008808310e+01,0.000000000000000000e+00
6.542870045739228146e+01,0.000000000000000000e+00
6.266553362371685409e+01,0.000000000000000000e+00
6.678339105288182509e+01,0.000000000000000000e+00
6.506459045852278678e+01,0.000000000000000000e+00
6.382352000536938874e+01,0.000000000000000000e+00
6.057784785052485432e+01,0.000000000000000000e+00
6.457072749482726692e+01,0.000000000000000000e+00
6.418768158289074677e+01,0.000000000000000000e+00
6.284742079605045717e+01,0.000000000000000000e+00
6.157267251125648500e+01,0.000000000000000000e+00
6.127370524768873139e+01,0.000000000000000000e+00
6.698806064980770714e+01,0.000000000000000000e+00
6.364354022664304011e+01,0.000000000000000000e+00
6.855894256658756092e+01,0.000000000000000000e+00
6.658957755734050465e+01,0.000000000000000000e+00
5.981624129918585453e+01,0.000000000000000000e+00
6.389664306285654760e+01,0.000000000000000000e+00
6.198411300103425248e+01,0.000000000000000000e+00
6.245632330504422924e+01,0.000000000000000000e+00
6.700372538271665235e+01,0.000000000000000000e+00
6.512400790569284936e+01,0.000000000000000000e+00
6.493131970705653089e+01,0.000000000000000000e+00
6.422657861887861941e+01,0.000000000000000000e+00
6.407320798257545391e+01,0.000000000000000000e+00
6.477024790121744502e+01,0.000000000000000000e+00
6.164782819439114547e+01,0.000000000000000000e+00
6.504412065325423953e+01,0.000000000000000000e+00
6.057395579850825129e+01,0.000000000000000000e+00
6.294313474965687760e+01,0.000000000000000000e+00
6.468898780481487165e+01,0.000000000000000000e+00
6.173891701986546110e+01,0.000000000000000000e+00
6.175761899492427887e+01,0.000000000000000000e+00
6.281312789305218303e+01,0.000000000000000000e+00
6.315234122038631170e+01,0.000000000000000000e+00
6.282511783905016500e+01,0.000000000000000000e+00
6.319466603028499918e+01,0.000000000000000000e+00
5.868336308867211670e+01,0.000000000000000000e+00
6.475623985433460916e+01,0.000000000000000000e+00
6.268303999070636934e+01,0.000000000000000000e+00
5.899022345782468335e+01,0.000000000000000000e+00
6.503489774727772499e+01,0.000000000000000000e+00
6.280414995136968059e+01,0.000000000000000000e+00
6.320945673079395277e+01,0.000000000000000000e+00
6.531212158271614499e+01,0.000000000000000000e+00
5.903406065290192828e+01,0.000000000000000000e+00
6.358837416861938152e+01,0.000000000000000000e+00
6.023005340134673702e+01,0.000000000000000000e+00
5.995301591932844332e+01,0.000000000000000000e+00
6.077359824529243326e+01,0.000000000000000000e+00
6.558058136325566068e+01,0.000000000000000000e+00
5.707953859107885819e+01,0.000000000000000000e+00
6.106007995037197844e+01,0.000000000000000000e+00
6.185247524822487009e+01,0.000000000000000000e+00
6.039101501098888747e+01,0.000000000000000000e+00
6.065105411986465356e+01,0.000000000000000000e+00
6.035173417613786739e+01,0.000000000000000000e+00
5.942318528317258597e+01,0.000000000000000000e+00
6.092192026135688820e+01,0.000000000000000000e+00
6.686963894708868850e+01,0.000000000000000000e+00
6.380726491505951259e+01,0.000000000000000000e+00
6.342630301825032291e+01,0.000000000000000000e+00
6.031291730258143247e+01,0.000000000000000000e+00
5.877032089823443073e+01,0.000000000000000000e+00
6.013897397585961357e+01,0.000000000000000000e+00
6.096186440742513923e+01,0.000000000000000000e+00
6.080698282885991546e+01,0.000000000000000000e+00
6.293801484493269527e+01,0.000000000000000000e+00
5.874717122703777505e+01,0.000000000000000000e+00
5.742863327835364373e+01,0.000000000000000000e+00
5.976359790902492364e+01,0.000000000000000000e+00
5.792758118432829662e+01,0.000000000000000000e+00
5.779553414603508088e+01,0.000000000000000000e+00
6.071585567880242706e+01,0.000000000000000000e+00
6.128074274304236013e+01,0.000000000000000000e+00
6.146111412714096645e+01,0.000000000000000000e+00
6.390201095992276947e+01,0.000000000000000000e+00
6.224568199387917389e+01,0.000000000000000000e+00
6.023486682706548834e+01,0.000000000000000000e+00
5.755034984453205027e+01,0.000000000000000000e+00
6.231674108527651867e+01,0.000000000000000000e+00
5.812215584809543856e+01,0.000000000000000000e+00
6.040711875839188849e+01,0.000000000000000000e+00
5.743263696247553440e+01,0.000000000000000000e+00
5.796735519902455280e+01,0.000000000000000000e+00
5.581846506729938540e+01,0.000000000000000000e+00
5.957630727018555916e+01,0.000000000000000000e+00
6.020830556799234756e+01,0.000000000000000000e+00
5.553981493572935335e+01,0.000000000000000000e+00
6.041637020746254905e+01,0.000000000000000000e+00
6.052377027185217884e+01,0.000000000000000000e+00
5.366487474136252445e+01,0.000000000000000000e+00
5.941458795037260643e+01,0.000000000000000000e+00
6.074257686984046956e+01,0.000000000000000000e+00
5.661187165425922529e+01,0.000000000000000000e+00
5.509874654257942694e+01,0.000000000000000000e+00
5.570708551901814332e+01,0.000000000000000000e+00
5.845609985519990914e+01,0.000000000000000000e+00
5.342937867266762453e+01,0.000000000000000000e+00
5.690081756943300206e+01,0.000000000000000000e+00
5.793980138023336224e+01,0.000000000000000000e+00
5.834998222080822217e+01,0.000000000000000000e+00
5.493149396665309325e+01,0.000000000000000000e+00
5.711101253245075071e+01,0.000000000000000000e+00
5.747255957520677327e+01,0.000000000000000000e+00
5.533315554296019201e+01,0.000000000000000000e+00
5.486274704788891654e+01,0.000000000000000000e+00
5.700819179341223020e+01,0.000000000000000000e+00
5.623747367355991145e+01,0.000000000000000000e+00
5.663233030516500577e+01,0.000000000000000000e+00
6.039640926329078496e+01,0.000000000000000000e+00
5.593644399194610628e+01,0.000000000000000000e+00
5.666633194293363829e+01,0.000000000000000000e+00
5.810404187606336990e+01,0.000000000000000000e+00
5.677906301993157001e+01,0.000000000000000000e+00
5.624646847668251581e+01,0.000000000000000000e+00
5.835518637382062934e+01,0.000000000000000000e+00
5.495308734295262809e+01,0.000000000000000000e+00
5.587686863794396430e+01,0.000000000000000000e+00
5.554874856202634703e+01,0.000000000000000000e+00
5.275348166374136838e+01,0.000000000000000000e+00
5.789719579507089975e+01,0.000000000000000000e+00
5.467598732655542904e+01,0.000000000000000000e+00
5.664923161668881590e+01,0.000000000000000000e+00
5.851631166142456664e+01,0.000000000000000000e+00
5.428975344541243686e+01,0.000000000000000000e+00
5.329328861821347374e+01,0.000000000000000000e+00
5.760274949371736852e+01,0.000000000000000000e+00
5.716269105842495435e+01,0.000000000000000000e+00
5.604194852374872227e+01,0.000000000000000000e+00
5.570093037771065525e+01,0.000000000000000000e+00
5.045322187788135437e+01,0.000000000000000000e+00
5.562318684819606318e+01,0.000000000000000000e+00
5.440261640353332240e+01,0.000000000000000000e+00
5.361160715916678043e+01,0.000000000000000000e+00
5.482678813905453552e+01,0.000000000000000000e+00
5.354625939582371075e+01,0.000000000000000000e+00
5.281952452208992099e+01,0.000000000000000000e+00
5.285995650763946685e+01,0.000000000000000000e+00
5.083139979143270892e+01,0.000000000000000000e+00
5.349986752758007214e+01,0.000000000000000000e+00
5.352420408686617748e+01,0.000000000000000000e+00
5.251762003292392933e+01,0.000000000000000000e+00
5.360560571620427339e+01,0.000000000000000000e+00
5.343347044672121626e+01,0.000000000000000000e+00
5.761155062260363025e+01,0.000000000000000000e+00
5.391483993728282798e+01,0.000000000000000000e+00
5.241187733031567575e+01,0.000000000000000000e+00
5.533974858598279667e+01,0.000000000000000000e+00
5.604908002786736887e+01,0.000000000000000000e+00
5.430012816087282346e+01,0.000000000000000000e+00
5.454849441395551679e+01,0.000000000000000000e+00
5.600645305175209643e+01,0.000000000000000000e+00
5.476560355427339033e+01,0.000000000000000000e+00
5.101592667929660507e+01,0.000000000000000000e+00
5.088351713626236261e+01,0.000000000000000000e+00
5.028382286878925100e+01,0.000000000000000000e+00
5.729611667520612173e+01,0.000000000000000000e+00
5.126971142538410930e+01,0.000000000000000000e+00
5.214815791604289075e+01,0.000000000000000000e+00
5.223985621251080858e+01,0.000000000000000000e+00
5.021959610438216970e+01,0.000000000000000000e+00
5.424864703351437356e+01,0.000000000000000000e+00
5.164158028768169117e+01,0.000000000000000000e+00
5.268565907160470374e+01,0.000000000000000000e+00
4.987048881239955733e+01,0.000000000000000000e+00
5.293395259052339696e+01,0.000000000000000000e+00
5.416114620000999480e+01,0.000000000000000000e+00
5.140219253935754296e+01,0.000000000000000000e+00
5.186085754339847398e+01,0.000000000000000000e+00
5.068431023005723546e+01,0.000000000000000000e+00
5.075087634045541307e+01,0.000000000000000000e+00
4.649387667823121717e+01,0.000000000000000000e+00
5.226670144195661294e+01,0.000000000000000000e+00
4.800611053374384340e+01,0.000000000000000000e+00
4.961075204564947683e+01,0.000000000000000000e+00
4.972867899360841903e+01,0.000000000000000000e+00
5.376178694090872767e+01,0.000000000000000000e+00
5.279666062837060991e+01,0.000000000000000000e+00
5.135972477118453128e+01,0.000000000000000000e+00
5.056481246108278071e+01,0.000000000000000000e+00
5.020137658753125720e+01,0.000000000000000000e+00
5.474097409458449448e+01,0.000000000000000000e+00
5.135038269674991085e+01,0.000000000000000000e+00
5.260144055465230650e+01,0.000000000000000000e+00
5.101129853227477184e+01,0.000000000000000000e+00
4.874470125227767880e+01,0.000000000000000000e+00
4.824792421947852006e+01,0.000000000000000000e+00
4.897984773051064877e+01,0.000000000000000000e+00
5.391011838008585499e+01,0.000000000000000000e+00
4.766446899819648308e+01,0.000000000000000000e+00
5.142891592390137845e+01,0.000000000000000000e+00
5.101520367272328116e+01,0.000000000000000000e+00
4.755674370440836896e+01,0.000000000000000000e+00
4.745535731723185791e+01,0.000000000000000000e+00
5.204147619434874628e+01,0.000000000000000000e+00
4.835845564477934033e+01,0.000000000000000000e+00
4.826695394294884522e+01,0.000000000000000000e+00
4.987961096717125997e+01,0.000000000000000000e+00
5.317642804492859909e+01,0.000000000000000000e+00
4.799570527638854855e+01,0.000000000000000000e+00
5.374926381823132715e+01,0.000000000000000000e+00
4.825213298535106077e+01,0.000000000000000000e+00
4.987373180436775044e+01,0.000000000000000000e+00
5.019963901089532499e+01,0.000000000000000000e+00
4.933297343487647169e+01,0.000000000000000000e+00
4.873920879465178757e+01,0.000000000000000000e+00
5.217590588743617275e+01,0.000000000000000000e+00
4.531881464633878664e+01,0.000000000000000000e+00
4.691920602212850611e+01,0.000000000000000000e+00
4.738917326601051627e+01,0.000000000000000000e+00
4.397731198186819768e+01,0.000000000000000000e+00
4.368286551591459954e+01,0.000000000000000000e+00
4.899572824393876402e+01,0.000000000000000000e+00
5.166389543627897041e+01,0.000000000000000000e+00
5.204190357431721736e+01,0.000000000000000000e+00
4.820866230321714596e+01,0.000000000000000000e+00
4.634687330939127037e+01,0.000000000000000000e+00
4.736386070432740780e+01,0.000000000000000000e+00
5.454724022773128667e+01,0.000000000000000000e+00
5.006506208879734743e+01,0.000000000000000000e+00
5.039802546765123026e+01,0.000000000000000000e+00
4.927589512822138573e+01,0.000000000000000000e+00
5.015711199850900215e+01,0.000000000000000000e+00
5.205527428129033041e+01,0.000000000000000000e+00
4.762704655407532783e+01,0.000000000000000000e+00
4.501455104981432243e+01,0.000000000000000000e+00
4.840869540239301472e+01,0.000000000000000000e+00
4.415075008735566087e+01,0.000000000000000000e+00
4.693497158715231166e+01,0.000000000000000000e+00
4.403509009207931513e+01,0.000000000000000000e+00
4.392401331543122467e+01,0.000000000000000000e+00
4.972957735423220527e+01,0.000000000000000000e+00
4.517336452185219997e+01,0.000000000000000000e+00
4.881547242606423254e+01,0.000000000000000000e+00
4.680819776001617072e+01,0.000000000000000000e+00
4.753619552870647880e+01,0.000000000000000000e+00
4.472746586678447756e+01,0.000000000000000000e+00
4.801326311227852273e+01,0.000000000000000000e+00
5.209291842527597538e+01,0.000000000000000000e+00
4.683538540768076786e+01,0.000000000000000000e+00
4.609087606308683860e+01,0.000000000000000000e+00
4.576933719346476437e+01,0.000000000000000000e+00
4.589945734386307663e+01,0.000000000000000000e+00
4.541664228976769380e+01,0.000000000000000000e+00
4.066608831736170515e+01,0.000000000000000000e+00
4.375434962825999463e+01,0.000000000000000000e+00
4.522345576947926560e+01,0.000000000000000000e+00
4.709598265523546701e+01,0.000000000000000000e+00
4.417922602985612457e+01,0.000000000000000000e+00
4.464199217137281295e+01,0.000000000000000000e+00
4.889729870487408903e+01,0.000000000000000000e+00
4.153980760183133469e+01,0.000000000000000000e+00
4.713369384765226044e+01,0.000000000000000000e+00
3.992683376254660743e+01,0.000000000000000000e+00
4.600320762062396795e+01,0.000000000000000000e+00
4.702974590777808572e+01,0.000000000000000000e+00
4.729859168383362800e+01,0.000000000000000000e+00
4.636311316013704698e+01,0.000000000000000000e+00
4.604738647664301965e+01,0.000000000000000000e+00
4.533788478625619689e+01,0.000000000000000000e+00
4.555480345219354632e+01,0.000000000000000000e+00
4.419330379185658586e+01,0.000000000000000000e+00
4.651511296388700600e+01,0.000000000000000000e+00
4.230265554978170428e+01,0.000000000000000000e+00
4.215054437741023463e+01,0.000000000000000000e+00
4.458453314985371918e+01,0.000000000000000000e+00
4.414037963035224976e+01,0.000000000000000000e+00
4.220871493694581034e+01,0.000000000000000000e+00
4.301894874592620255e+01,0.000000000000000000e+00
4.592426177085933148e+01,0.000000000000000000e+00
4.339267479990387955e+01,0.000000000000000000e+00
4.381042145323581138e+01,0.000000000000000000e+00
4.197023158809064824e+01,0.000000000000000000e+00
4.659081819411315450e+01,0.000000000000000000e+00
4.119754174194817153e+01,0.000000000000000000e+00
4.477291210504949959e+01,0.000000000000000000e+00
4.372731761847376930e+01,0.000000000000000000e+00
4.446961624218118203e+01,0.000000000000000000e+00
4.199061584100212485e+01,0.000000000000000000e+00
4.151199588632648840e+01,0.000000000000000000e+00
4.167706674859115168e+01,0.000000000000000000e+00
4.026553254389071412e+01,0.000000000000000000e+00
4.099274997456896585e+01,0.000000000000000000e+00
4.390524094193445137e+01,0.000000000000000000e+00
4.004946846184046194e+01,0.000000000000000000e+00
3.946714400897231911e+01,0.000000000000000000e+00
4.194512217119404340e+01,0.000000000000000000e+00
4.205207871249376694e+01,0.000000000000000000e+00
4.323367323440729848e+01,0.000000000000000000e+00
3.895079757021770916e+01,0.000000000000000000e+00
3.755957668013360262e+01,0.000000000000000000e+00
4.508211279540435612e+01,0.000000000000000000e+00
3.914278081647646701e+01,0.000000000000000000e+00
4.170704918161148811e+01,0.000000000000000000e+00
3.966891785437697848e+01,0.000000000000000000e+00
4.343234945303850481e+01,0.000000000000000000e+00
4.084860468047918403e+01,0.000000000000000000e+00
3.902351811132857762e+01,0.000000000000000000e+00
4.238856203182875504e+01,0.000000000000000000e+00
4.689394275845286586e+01,0.000000000000000000e+00
4.094003094005980614e+01,0.000000000000000000e+00
4.240486317834005092e+01,0.000000000000000000e+00
4.115216197886083904e+01,0.000000000000000000e+00
4.205692632671537723e+01,0.000000000000000000e+00
4.254014242900296949e+01,0.000000000000000000e+00
3.823713494792968959e+01,0.000000000000000000e+00
4.264501319353003339e+01,0.000000000000000000e+00
4.202230305035934776e+01,0.000000000000000000e+00
4.001569021563939543e+01,0.000000000000000000e+00
4.180952344899066730e+01,0.000000000000000000e+00
3.858513144089175739e+01,0.000000000000000000e+00
4.015196275115786761e+01,0.000000000000000000e+00
3.989505739341777257e+01,0.000000000000000000e+00
3.776427328027428132e+01,0.000000000000000000e+00
4.162504008192114924e+01,0.000000000000000000e+00
3.936883727494675611e+01,0.000000000000000000e+00
4.290880419969951731e+01,0.000000000000000000e+00
4.023109945734786663e+01,0.000000000000000000e+00
4.183411430888150306e+01,0.000000000000000000e+00
3.998017190570111268e+01,0.000000000000000000e+00
4.470148987920262584e+01,0.000000000000000000e+00
4.098056358554234890e+01,0.000000000000000000e+00
4.082116129721369191e+01,0.000000000000000000e+00
3.696085301124038835e+01,0.000000000000000000e+00
4.147808584829271439e+01,0.000000000000000000e+00
3.619072835130469201e+01,0.000000000000000000e+00
3.743979180215048075e+01,0.000000000000000000e+00
3.863584408350060784e+01,0.000000000000000000e+00
4.171679861789125709e+01,0.000000000000000000e+00
3.925230481405188243e+01,0.000000000000000000e+00
3.608348522201633557e+01,0.000000000000000000e+00
3.928467835772608652e+01,0.000000000000000000e+00
3.786894193934285369e+01,0.000000000000000000e+00
3.728865479319362919e+01,0.000000000000000000e+00
3.436106713245502675e+01,0.000000000000000000e+00
3.823837353211337842e+01,0.000000000000000000e+00
3.858107542279190483e+01,0.000000000000000000e+00
3.652212073533797110e+01,0.000000000000000000e+00
3.789449694240613553e+01,0.000000000000000000e+00
3.938275148276517967e+01,0.000000000000000000e+00
3.870531541256784891e+01,0.000000000000000000e+00
4.049825733213731382e+01,0.000000000000000000e+00
3.702316507509247145e+01,0.000000000000000000e+00
3.996552223585890573e+01,0.000000000000000000e+00
3.805275495778153072e+01,0.000000000000000000e+00
3.848599471562630470e+01,0.000000000000000000e+00
3.738079731197903044e+01,0.000000000000000000e+00
3.912762775259830050e+01,0.000000000000000000e+00
3.999380460246345592e+01,0.000000000000000000e+00
3.718166437986234030e+01,0.000000000000000000e+00
3.787759840170205194e+01,0.000000000000000000e+00
3.829953995440417458e+01,0.000000000000000000e+00
3.410893756115285669e+01,0.000000000000000000e+00
3.380175763583211079e+01,0.000000000000000000e+00
3.878956283130182925e+01,0.000000000000000000e+00
3.522957161802977311e+01,0.000000000000000000e+00
3.460247730323476389e+01,0.000000000000000000e+00
4.008333963717662130e+01,0.000000000000000000e+00
3.671588946562322775e+01,0.000000000000000000e+00
3.621354046072091393e+01,0.000000000000000000e+00
3.912450228219729098e+01,0.000000000000000000e+00
3.816371218701296186e+01,0.000000000000000000e+00
4.140157220977610564e+01,0.000000000000000000e+00
3.899414086220927089e+01,0.000000000000000000e+00
3.893105381225593931e+01,0.000000000000000000e+00
3.550962227452169628e+01,0.000000000000000000e+00
3.925440079697244755e+01,0.000000000000000000e+00
3.458034998691655204e+01,0.000000000000000000e+00
3.513544900341742760e+01,0.000000000000000000e+00
3.445903506233035074e+01,0.000000000000000000e+00
3.675406187865715424e+01,0.000000000000000000e+00
3.512260161859202157e+01,0.000000000000000000e+00
3.480475122015617728e+01,0.000000000000000000e+00
3.484230647552195137e+01,0.000000000000000000e+00
3.661871378272239497e+01,0.000000000000000000e+00
3.878475039777303124e+01,0.000000000000000000e+00
3.870719850050677024e+01,0.000000000000000000e+00
3.245008811889472611e+01,0.000000000000000000e+00
3.643611261132693357e+01,0.000000000000000000e+00
3.673448754366707902e+01,0.000000000000000000e+00
3.725997197184325671e+01,0.000000000000000000e+00
3.246942257149020605e+01,0.000000000000000000e+00
3.568074053362538223e+01,0.000000000000000000e+00
3.663933407271822063e+01,0.000000000000000000e+00
3.211029203084579109e+01,0.000000000000000000e+00
3.087410082047771809e+01,0.000000000000000000e+00
3.801121428217375353e+01,0.000000000000000000e+00
3.470493786969349514e+01,0.000000000000000000e+00
3.411012614510735830e+01,0.000000000000000000e+00
3.360159654456207079e+01,0.000000000000000000e+00
3.427934263483690813e+01,0.000000000000000000e+00
3.927633761478635677e+01,0.000000000000000000e+00
3.737980684233475870e+01,0.000000000000000000e+00
3.565384579902157469e+01,0.000000000000000000e+00
3.413175847181666001e+01,0.000000000000000000e+00
3.304055562046652028e+01,0.000000000000000000e+00
3.315548924103079287e+01,0.000000000000000000e+00
3.321122242485031961e+01,0.000000000000000000e+00
3.396358514764155245e+01,0.000000000000000000e+00
3.082466366082877940e+01,0.000000000000000000e+00
3.546653338435631753e+01,0.000000000000000000e+00
3.616742512976787083e+01,0.000000000000000000e+00
3.230140146237044263e+01,0.000000000000000000e+00
3.522577173900651815e+01,0.000000000000000000e+00
3.270865496931286742e+01,0.000000000000000000e+00
3.486540217189963897e+01,0.000000000000000000e+00
3.435750504684354922e+01,0.000000000000000000e+00
3.740121729167834985e+01,0.000000000000000000e+00
3.283233726313731182e+01,0.000000000000000000e+00
3.657595946359695205e+01,0.000000000000000000e+00
3.232849334312224698e+01,0.000000000000000000e+00
3.080403968645964596e+01,0.000000000000000000e+00
3.444661535639212957e+01,0.000000000000000000e+00
3.279026467226336194e+01,0.000000000000000000e+00
3.350463198348968774e+01,0.000000000000000000e+00
3.366649987588134962e+01,0.000000000000000000e+00
3.037301248366819451e+01,0.000000000000000000e+00
3.243510321695002574e+01,0.000000000000000000e+00
3.216541792945128719e+01,0.000000000000000000e+00
3.227400305470508357e+01,0.000000000000000000e+00
3.452412697279108045e+01,0.000000000000000000e+00
3.293042684367908635e+01,0.000000000000000000e+00
3.280824871891280026e+01,0.000000000000000000e+00
3.073178715706475117e+01,0.000000000000000000e+00
2.933689243853834583e+01,0.000000000000000000e+00
3.095259747665943095e+01,0.000000000000000000e+00
3.329588434747654446e+01,0.000000000000000000e+00
3.302615121455287550e+01,0.000000000000000000e+00
3.016090948924549764e+01,0.000000000000000000e+00
3.023156714781959664e+01,0.000000000000000000e+00
3.008432050654069911e+01,0.000000000000000000e+00
3.045327736050030865e+01,0.000000000000000000e+00
3.716258491991315793e+01,0.000000000000000000e+00
3.200075431328610875e+01,0.000000000000000000e+00
3.104555499143664932e+01,0.000000000000000000e+00
3.151205973565443941e+01,0.000000000000000000e+00
2.644734809691105681e+01,0.000000000000000000e+00
2.995969580408224076e+01,0.000000000000000000e+00
3.040365476156575397e+01,0.000000000000000000e+00
3.158827369279048725e+01,0.000000000000000000e+00
3.215215326142913455e+01,0.000000000000000000e+00
3.332897172256239315e+01,0.000000000000000000e+00
3.024944917995783555e+01,0.000000000000000000e+00
2.991680160914688358e+01,0.000000000000000000e+00
3.052116731722139420e+01,0.000000000000000000e+00
2.861398186282658074e+01,0.000000000000000000e+00
2.882333771126279842e+01,0.000000000000000000e+00
3.021241953269112912e+01,0.000000000000000000e+00
3.000989485028890869e+01,0.000000000000000000e+00
3.149188678553964493e+01,0.000000000000000000e+00
2.893616029944736212e+01,0.000000000000000000e+00
2.772531169786383387e+01,0.000000000000000000e+00
3.280411111005467006e+01,0.000000000000000000e+00
3.165265800657718742e+01,0.000000000000000000e+00
3.094428079250384300e+01,0.000000000000000000e+00
3.496685068968132271e+01,0.000000000000000000e+00
2.929326561158940834e+01,0.000000000000000000e+00
2.480469737062886892e+01,0.000000000000000000e+00
3.182530881879050710e+01,0.000000000000000000e+00
3.083839474051330498e+01,0.000000000000000000e+00
3.165688578509230666e+01,0.000000000000000000e+00
2.862166560506120305e+01,0.000000000000000000e+00
3.233153208853148186e+01,0.000000000000000000e+00
2.899578145030808685e+01,0.000000000000000000e+00
2.621273148258738317e+01,0.000000000000000000e+00
2.800406776948807419e+01,0.000000000000000000e+00
3.084255198463860381e+01,0.000000000000000000e+00
2.899243621608998112e+01,0.000000000000000000e+00
3.264714657125141883e+01,0.000000000000000000e+00
2.943286557007641591e+01,0.000000000000000000e+00
2.808864576049727901e+01,0.000000000000000000e+00
2.718705458409914044e+01,0.000000000000000000e+00
3.039061302695149891e+01,0.000000000000000000e+00
2.710168918742697031e+01,0.000000000000000000e+00
2.789441725505806247e+01,0.000000000000000000e+00
2.495172853082545927e+01,0.000000000000000000e+00
3.113061064227767361e+01,0.000000000000000000e+00
2.921893531214207229e+01,0.000000000000000000e+00
3.133150071373509604e+01,0.000000000000000000e+00
3.050727775396970998e+01,0.000000000000000000e+00
2.871265423051161392e+01,0.000000000000000000e+00
3.098577904732297483e+01,0.000000000000000000e+00
2.672890144791180234e+01,0.000000000000000000e+00
2.888753275200262749e+01,0.000000000000000000e+00
3.200428464391701766e+01,0.000000000000000000e+00
3.129738381556443017e+01,0.000000000000000000e+00
2.932968352608302709e+01,0.000000000000000000e+00
3.115253153911127981e+01,0.000000000000000000e+00
2.632587496587276377e+01,0.000000000000000000e+00
2.972897549174026111e+01,0.000000000000000000e+00
3.103826311752283829e+01,0.000000000000000000e+00
3.123812747375224319e+01,0.000000000000000000e+00
2.394560678985764213e+01,0.000000000000000000e+00
2.826355776552106747e+01,0.000000000000000000e+00
2.905234425561562261e+01,0.000000000000000000e+00
3.125280666632351512e+01,0.000000000000000000e+00
3.016959346319812596e+01,0.000000000000000000e+00
2.568257151866359678e+01,0.000000000000000000e+00
2.934400656844056954e+01,0.000000000000000000e+00
2.884629389105976927e+01,0.000000000000000000e+00
2.765207961705969453e+01,0.000000000000000000e+00
2.607911678139114642e+01,0.000000000000000000e+00
2.743535332105078339e+01,0.000000000000000000e+00
2.603032443715249400e+01,0.000000000000000000e+00
2.687355729482453270e+01,0.000000000000000000e+00
2.350559667612633419e+01,0.000000000000000000e+00
2.701566683354873177e+01,0.000000000000000000e+00
2.841655026299914866e+01,0.000000000000000000e+00
2.421534973596548213e+01,0.000000000000000000e+00
2.558778166487769923e+01,0.000000000000000000e+00
2.561607750212559154e+01,0.000000000000000000e+00
2.871388669500802138e+01,0.000000000000000000e+00
2.173987793525932233e+01,0.000000000000000000e+00
2.608636767840454240e+01,0.000000000000000000e+00
2.766811839416171637e+01,0.000000000000000000e+00
2.711288233504609479e+01,0.000000000000000000e+00
2.732209849004868119e+01,0.000000000000000000e+00
2.468753790661770253e+01,0.000000000000000000e+00
2.479955074673079807e+01,0.000000000000000000e+00
3.015780189613015949e+01,0.000000000000000000e+00
2.713724761490311010e+01,0.000000000000000000e+00
2.839929854699343181e+01,0.000000000000000000e+00
2.855276318480366626e+01,0.000000000000000000e+00
2.852728146077111404e+01,0.000000000000000000e+00
2.861669920965284319e+01,0.000000000000000000e+00
2.323801801748077978e+01,0.000000000000000000e+00
2.845612133641758135e+01,0.000000000000000000e+00
2.620874703870266131e+01,0.000000000000000000e+00
2.729225827139969951e+01,0.000000000000000000e+00
3.141321732488169260e+01,0.000000000000000000e+00
2.466019408815247616e+01,0.000000000000000000e+00
2.814987617837451950e+01,0.000000000000000000e+00
2.537450914685986447e+01,0.000000000000000000e+00
2.412465213554045462e+01,0.000000000000000000e+00
2.793705958468975226e+01,0.000000000000000000e+00
2.554901445093235068e+01,0.000000000000000000e+00
2.384983497505620065e+01,0.000000000000000000e+00
2.721564583869319520e+01,0.000000000000000000e+00
2.321688756951273902e+01,0.000000000000000000e+00
2.660593079856291965e+01,0.000000000000000000e+00
2.817517694826463526e+01,0.000000000000000000e+00
2.263293430137385798e+01,0.000000000000000000e+00
2.550132925702814646e+01,0.000000000000000000e+00
2.393943810696568519e+01,0.000000000000000000e+00
2.383595299240170107e+01,0.000000000000000000e+00
2.548773377201868584e+01,0.000000000000000000e+00
2.879488698670676783e+01,0.000000000000000000e+00
2.749380554867124005e+01,0.000000000000000000e+00
2.648860654950370375e+01,0.000000000000000000e+00
2.336621995171637067e+01,0.000000000000000000e+00
2.622867692713419174e+01,0.000000000000000000e+00
2.852381632154878233e+01,0.000000000000000000e+00
2.842818097779705511e+01,0.000000000000000000e+00
2.079220883491851879e+01,0.000000000000000000e+00
2.279850548370039931e+01,0.000000000000000000e+00
2.091265945095583234e+01,0.000000000000000000e+00
2.643652473007616877e+01,0.000000000000000000e+00
2.317279637186506847e+01,0.000000000000000000e+00
2.515774192067953763e+01,0.000000000000000000e+00
2.449118906536473261e+01,0.000000000000000000e+00
2.358350006835070900e+01,0.000000000000000000e+00
2.016975825794765598e+01,0.000000000000000000e+00
2.570797057447194334e+01,0.000000000000000000e+00
2.635626751324643635e+01,0.000000000000000000e+00
2.271620154581809814e+01,0.000000000000000000e+00
2.527549492949240673e+01,0.000000000000000000e+00
2.339185467832975363e+01,0.000000000000000000e+00
2.475794637641903506e+01,0.000000000000000000e+00
2.610130487278821221e+01,0.000000000000000000e+00
2.263717871363239453e+01,0.000000000000000000e+00
2.091766516656505104e+01,0.000000000000000000e+00
2.368861667972886664e+01,0.000000000000000000e+00
2.259647151143996524e+01,0.000000000000000000e+00
2.702936269144088755e+01,0.000000000000000000e+00
2.293344290606567526e+01,0.000000000000000000e+00
2.604266300578614235e+01,0.000000000000000000e+00
2.299998177290909851e+01,0.000000000000000000e+00
2.480812082778485816e+01,0.000000000000000000e+00
2.550159811855331071e+01,0.000000000000000000e+00
2.425437942577235972e+01,0.000000000000000000e+00
2.424455635817616539e+01,0.000000000000000000e+00
2.245294994107606001e+01,0.000000000000000000e+00
2.719862758506422651e+01,0.000000000000000000e+00
2.193672812428798835e+01,0.000000000000000000e+00
2.384375597032257232e+01,0.000000000000000000e+00
2.384434079971462239e+01,0.000000000000000000e+00
1.964433394190672644e+01,0.000000000000000000e+00
2.433045883872090087e+01,0.000000000000000000e+00
2.242608194983008119e+01,0.000000000000000000e+00
2.559557022370155011e+01,0.000000000000000000e+00
2.252767503787035253e+01,0.000000000000000000e+00
2.273232703307539282e+01,0.000000000000000000e+00
2.222068789323401106e+01,0.000000000000000000e+00
2.645565271598804813e+01,0.000000000000000000e+00
2.237490752138639749e+01,0.000000000000000000e+00
2.515949108153482427e+01,0.000000000000000000e+00
2.169843497708751556e+01,0.000000000000000000e+00
2.237873798245265888e+01,0.000000000000000000e+00
2.227897638733965380e+01,0.000000000000000000e+00
2.359725433903178882e+01,0.000000000000000000e+00
2.374058301565655427e+01,0.000000000000000000e+00
1.999752515992675583e+01,0.000000000000000000e+00
2.164596621239161323e+01,0.000000000000000000e+00
1.856278558906132758e+01,0.000000000000000000e+00
2.447950377213038564e+01,0.000000000000000000e+00
2.316859018862963282e+01,0.000000000000000000e+00
2.668989344804755248e+01,0.000000000000000000e+00
2.395873718081713122e+01,0.000000000000000000e+00
2.161036543812329569e+01,0.000000000000000000e+00
2.181226808351157587e+01,0.000000000000000000e+00
2.079510559567891903e+01,0.000000000000000000e+00
2.245913443984031588e+01,0.000000000000000000e+00
2.331302845782807509e+01,0.000000000000000000e+00
2.070555738516448585e+01,0.000000000000000000e+00
2.161501294201262624e+01,0.000000000000000000e+00
2.495837161172477181e+01,0.000000000000000000e+00
2.089127571434001496e+01,0.000000000000000000e+00
2.346074596590714023e+01,0.000000000000000000e+00
2.388034029058955809e+01,0.000000000000000000e+00
1.812970949815451149e+01,0.000000000000000000e+00
2.150569170330745905e+01,0.000000000000000000e+00
1.891434174067997986e+01,0.000000000000000000e+00
2.548894515189197207e+01,0.000000000000000000e+00
2.168084138933311422e+01,0.000000000000000000e+00
2.570251692824068002e+01,0.000000000000000000e+00
1.761357358454307587e+01,0.000000000000000000e+00
1.915148306988624682e+01,0.000000000000000000e+00
2.283070193529271208e+01,0.000000000000000000e+00
2.450078502940414182e+01,0.000000000000000000e+00
2.186069150050026977e+01,0.000000000000000000e+00
1.995157627873987849e+01,0.000000000000000000e+00
1.710203787316120128e+01,0.000000000000000000e+00
2.429733555603315054e+01,0.000000000000000000e+00
2.255161918743469229e+01,0.000000000000000000e+00
2.341683124875481070e+01,0.000000000000000000e+00
2.273466118495579735e+01,0.000000000000000000e+00
2.132873849163972579e+01,0.000000000000000000e+00
1.952420569248862847e+01,0.000000000000000000e+00
2.269525352190646572e+01,0.000000000000000000e+00
2.300326117754569921e+01,0.000000000000000000e+00
2.368924505666765867e+01,0.000000000000000000e+00
2.412985687155650183e+01,0.000000000000000000e+00
2.573735004442765728e+01,0.000000000000000000e+00
2.129764484262614843e+01,0.000000000000000000e+00
2.310424283494428010e+01,0.000000000000000000e+00
2.182297007737737715e+01,0.000000000000000000e+00
2.195582626497714429e+01,0.000000000000000000e+00
2.008135994879604880e+01,0.000000000000000000e+00
2.189912518690367449e+01,0.000000000000000000e+00
2.195222934339048138e+01,0.000000000000000000e+00
2.331513706166591859e+01,0.000000000000000000e+00
2.119902551898743326e+01,0.000000000000000000e+00
1.974701620651661216e+01,0.000000000000000000e+00
1.763372602582808213e+01,0.000000000000000000e+00
2.357929529214591824e+01,0.000000000000000000e+00
1.795273457812780649e+01,0.000000000000000000e+00
2.141853178075365705e+01,0.000000000000000000e+00
1.961448535602761822e+01,0.000000000000000000e+00
2.429639746934358868e+01,0.000000000000000000e+00
1.914890394881433267e+01,0.000000000000000000e+00
2.127911500447124737e+01,0.000000000000000000e+00
1.850209537171032181e+01,0.000000000000000000e+00
1.989624075829375727e+01,0.000000000000000000e+00
2.261105297070049858e+01,0.000000000000000000e+00
2.410645663547164119e+01,0.000000000000000000e+00
2.239723555838660118e+01,0.000000000000000000e+00
2.076931206624511006e+01,0.000000000000000000e+00
2.486973468756034933e+01,0.000000000000000000e+00
2.221233881496074858e+01,0.000000000000000000e+00
2.269265378385153298e+01,0.000000000000000000e+00
1.970255270019591265e+01,0.000000000000000000e+00
2.324598423014644411e+01,0.000000000000000000e+00
1.923713464865659972e+01,0.000000000000000000e+00
1.882289556301227407e+01,0.000000000000000000e+00
1.706673873068958969e+01,0.000000000000000000e+00
2.180204374413467150e+01,0.000000000000000000e+00
1.880416953264916202e+01,0.000000000000000000e+00
2.179326998123217862e+01,0.000000000000000000e+00
1.960545884446851517e+01,0.000000000000000000e+00
2.162058062469665032e+01,0.000000000000000000e+00
1.947383890305520282e+01,0.000000000000000000e+00
1.945175528291338196e+01,0.000000000000000000e+00
1.884631309041980884e+01,0.000000000000000000e+00
2.135260171792355877e+01,0.000000000000000000e+00
2.043149417926341727e+01,0.000000000000000000e+00
2.049929813330208361e+01,0.000000000000000000e+00
2.655664506576835393e+01,0.000000000000000000e+00
1.971426290402216708e+01,0.000000000000000000e+00
1.883606148427004712e+01,0.000000000000000000e+00
2.179419605618785738e+01,0.000000000000000000e+00
2.338474245730404277e+01,0.000000000000000000e+00
1.983328962821872921e+01,0.000000000000000000e+00
2.067718383415967054e+01,0.000000000000000000e+00
2.015134184918193228e+01,0.000000000000000000e+00
2.095811836116902427e+01,0.000000000000000000e+00
2.247453232668297218e+01,0.000000000000000000e+00
1.916438049237891761e+01,0.000000000000000000e+00
2.035699627870873130e+01,0.000000000000000000e+00
1.767984149899920965e+01,0.000000000000000000e+00
2.177803934349507031e+01,0.000000000000000000e+00
2.252695904477784694e+01,0.000000000000000000e+00
1.981746832036255412e+01,0.000000000000000000e+00
1.923854905922345182e+01,0.000000000000000000e+00
2.100038764318160034e+01,0.000000000000000000e+00
2.207692986849203010e+01,0.000000000000000000e+00
1.728053026380760215e+01,0.000000000000000000e+00
1.876021868021269512e+01,0.000000000000000000e+00
1.783017639518244124e+01,0.000000000000000000e+00
2.174088423502820433e+01,0.000000000000000000e+00
1.857145264830067788e+01,0.000000000000000000e+00
1.871752017621899000e+01,0.000000000000000000e+00
2.114583857982137971e+01,0.000000000000000000e+00
1.743624959515020478e+01,0.000000000000000000e+00
1.984840742511857314e+01,0.000000000000000000e+00
2.293991324873936577e+01,0.000000000000000000e+00
2.228200717322693691e+01,0.000000000000000000e+00
1.834288191420681713e+01,0.000000000000000000e+00
2.107164941472387909e+01,0.000000000000000000e+00
1.880835604099240044e+01,0.000000000000000000e+00
2.150215180703431983e+01,0.000000000000000000e+00
1.643596241613281705e+01,0.000000000000000000e+00
1.919958480518009836e+01,0.000000000000000000e+00
2.266697174297802064e+01,0.000000000000000000e+00
2.049830657011579405e+01,0.000000000000000000e+00
2.312173669931919662e+01,0.000000000000000000e+00
2.041943794769718323e+01,0.000000000000000000e+00
2.164351296825405768e+01,0.000000000000000000e+00
2.286675329715260574e+01,0.000000000000000000e+00
2.217491087169952380e+01,0.000000000000000000e+00
1.757751017812529781e+01,0.000000000000000000e+00
1.788645280614509758e+01,0.000000000000000000e+00
1.675303962951086945e+01,0.000000000000000000e+00
1.936415798168362912e+01,0.000000000000000000e+00
1.905430613444767474e+01,0.000000000000000000e+00
1.794087437660132167e+01,0.000000000000000000e+00
2.128083349166188754e+01,0.000000000000000000e+00
2.072280598169015420e+01,0.000000000000000000e+00
1.961074513838279287e+01,0.000000000000000000e+00
1.807428344379712826e+01,0.000000000000000000e+00
1.622174817286885684e+01,0.000000000000000000e+00
1.944956963919094051e+01,0.000000000000000000e+00
2.233767236994068028e+01,0.000000000000000000e+00
2.075165189361299412e+01,0.000000000000000000e+00
1.830106568732599470e+01,0.000000000000000000e+00
1.612216878834373190e+01,0.000000000000000000e+00
2.214513261760355434e+01,0.000000000000000000e+00
2.318041563811959804e+01,0.000000000000000000e+00
2.356061342336246156e+01,0.000000000000000000e+00
1.866575009280020936e+01,0.000000000000000000e+00
1.683957855898211875e+01,0.000000000000000000e+00
1.987999456694084088e+01,0.000000000000000000e+00
1.990302216151469850e+01,0.000000000000000000e+00
1.912817058672190029e+01,0.000000000000000000e+00
2.035526252187259644e+01,0.000000000000000000e+00
2.158448594563610001e+01,0.000000000000000000e+00
1.947621144402548765e+01,0.000000000000000000e+00
2.473046774412347659e+01,0.000000000000000000e+00
1.862989032344139417e+01,0.000000000000000000e+00
2.032447154457486604e+01,0.000000000000000000e+00
1.923000232004020305e+01,0.000000000000000000e+00
2.210581319791819865e+01,0.000000000000000000e+00
2.003123821122709813e+01,0.000000000000000000e+00
1.691783744654835075e+01,0.000000000000000000e+00
1.935114659620591837e+01,0.000000000000000000e+00
2.177260226660179754e+01,0.000000000000000000e+00
2.308088288259983756e+01,0.000000000000000000e+00
1.827120758123006539e+01,0.000000000000000000e+00
2.294848722651229878e+01,0.000000000000000000e+00
2.031998087398294572e+01,0.000000000000000000e+00
2.090371858810870265e+01,0.000000000000000000e+00
2.092469275068707546e+01,0.000000000000000000e+00
1.927585387321587262e+01,0.000000000000000000e+00
1.628394456023689685e+01,0.000000000000000000e+00
2.099724615238758929e+01,0.000000000000000000e+00
1.978215101523337083e+01,0.000000000000000000e+00
1.845570162582846052e+01,0.000000000000000000e+00
1.891202337685608370e+01,0.000000000000000000e+00
2.350185816574046527e+01,0.000000000000000000e+00
2.223627666156201599e+01,0.000000000000000000e+00
2.156088939483876388e+01,0.000000000000000000e+00
1.829527040936182303e+01,0.000000000000000000e+00
2.003697631349301744e+01,0.000000000000000000e+00
1.922523267307445138e+01,0.000000000000000000e+00
1.830105150166306771e+01,0.000000000000000000e+00
2.062441716215034049e+01,0.000000000000000000e+00
1.762765862354769908e+01,0.000000000000000000e+00
2.309615909382800325e+01,0.000000000000000000e+00
1.697174133539685670e+01,0.000000000000000000e+00
2.095090688435262649e+01,0.000000000000000000e+00
1.808349113759633298e+01,0.000000000000000000e+00
1.816228207260944671e+01,0.000000000000000000e+00
1.975175704479286054e+01,0.000000000000000000e+00
1.919289246097302026e+01,0.000000000000000000e+00
1.929676477033132542e+01,0.000000000000000000e+00
1.741699046913618432e+01,0.000000000000000000e+00
1.957412589639645617e+01,0.000000000000000000e+00
1.674020564904737540e+01,0.000000000000000000e+00
1.587748182809062492e+01,0.000000000000000000e+00
1.904069874279315044e+01,0.000000000000000000e+00
2.158964280496193311e+01,0.000000000000000000e+00
2.200812989948153131e+01,0.000000000000000000e+00
2.257558692100501929e+01,0.000000000000000000e+00
2.183149368642261479e+01,0.000000000000000000e+00
1.981483249233783894e+01,0.000000000000000000e+00
2.160205547249310953e+01,0.000000000000000000e+00
1.979046381618451633e+01,0.000000000000000000e+00
1.802764216224516858e+01,0.000000000000000000e+00
2.155988225523742585e+01,0.000000000000000000e+00
1.902569004461366475e+01,0.000000000000000000e+00
1.680421869812149893e+01,0.000000000000000000e+00
2.397037343487831507e+01,0.000000000000000000e+00
2.131789618195357860e+01,0.000000000000000000e+00
2.133179304885599947e+01,0.000000000000000000e+00
1.753457957699222902e+01,0.000000000000000000e+00
2.138845805611408579e+01,0.000000000000000000e+00
2.116363603600928656e+01,0.000000000000000000e+00
2.382037491063699619e+01,0.000000000000000000e+00
1.926667043823495362e+01,0.000000000000000000e+00
2.079585538259927446e+01,0.000000000000000000e+00
2.059972509364982685e+01,0.000000000000000000e+00
1.872395438243852794e+01,0.000000000000000000e+00
2.368100866631365164e+01,0.000000000000000000e+00
2.099512390184707300e+01,0.000000000000000000e+00
2.245018536973590528e+01,0.000000000000000000e+00
2.424949065473891707e+01,0.000000000000000000e+00
1.814727651335228131e+01,0.000000000000000000e+00
1.978494098004727064e+01,0.000000000000000000e+00
2.074969051693653910e+01,0.000000000000000000e+00
2.171916798060158627e+01,0.000000000000000000e+00
1.853698877574675308e+01,0.000000000000000000e+00
1.977106514479079991e+01,0.000000000000000000e+00
2.246789871306933506e+01,0.000000000000000000e+00
1.844569926912267022e+01,0.000000000000000000e+00
1.845766670872114190e+01,0.000000000000000000e+00
1.853511409951890698e+01,0.000000000000000000e+00
1.687827886980336345e+01,0.000000000000000000e+00
1.907932418725581414e+01,0.000000000000000000e+00
1.890328244972047145e+01,0.000000000000000000e+00
2.015868939360140288e+01,0.000000000000000000e+00
2.190933842104449525e+01,0.000000000000000000e+00
2.152061015194369276e+01,0.000000000000000000e+00
2.171913694648734250e+01,0.000000000000000000e+00
1.980663766256864378e+01,0.000000000000000000e+00
1.935139641330907168e+01,0.000000000000000000e+00
1.908230278295391713e+01,0.000000000000000000e+00
1.897734243004087062e+01,0.000000000000000000e+00
1.718595976798413005e+01,0.000000000000000000e+00
2.189799551783689324e+01,0.000000000000000000e+00
2.092670982200269592e+01,0.000000000000000000e+00
2.250180924908570290e+01,0.000000000000000000e+00
2.162266017086308523e+01,0.000000000000000000e+00
1.945599142329579578e+01,0.000000000000000000e+00
1.830328265586057768e+01,0.000000000000000000e+00
1.967039319964204225e+01,0.000000000000000000e+00
1.953801557461599359e+01,0.000000000000000000e+00
2.153402684392501243e+01,0.000000000000000000e+00
2.283589144660880521e+01,0.000000000000000000e+00
2.087735014602160533e+01,0.000000000000000000e+00
2.034747637022729094e+01,0.000000000000000000e+00
2.223179849458922064e+01,0.000000000000000000e+00
2.401567125189196972e+01,0.000000000000000000e+00
1.978479141570587174e+01,0.000000000000000000e+00
2.094406922890720679e+01,0.000000000000000000e+00
1.925900349240541587e+01,0.000000000000000000e+00
1.990993496388952266e+01,0.000000000000000000e+00
2.062335519352509294e+01,0.000000000000000000e+00
2.129187313653013902e+01,0.000000000000000000e+00
2.147392711403229981e+01,0.000000000000000000e+00
1.961822625965926647e+01,0.000000000000000000e+00
1.981888024162322282e+01,0.000000000000000000e+00
2.479948742720136323e+01,0.000000000000000000e+00
1.831498581017718408e+01,0.000000000000000000e+00
2.421045694060811471e+01,0.000000000000000000e+00
2.386310581268974929e+01,0.000000000000000000e+00
2.043369548093443555e+01,0.000000000000000000e+00
2.677438807142915067e+01,0.000000000000000000e+00
2.120159312217439407e+01,0.000000000000000000e+00
2.569903794974912614e+01,0.000000000000000000e+00
2.439585156590225168e+01,0.000000000000000000e+00
2.406750998477473402e+01,0.000000000000000000e+00
1.964176370071325550e+01,0.000000000000000000e+00
2.156839771923842264e+01,0.000000000000000000e+00
2.186162030837351011e+01,0.000000000000000000e+00
2.071963115670461164e+01,0.000000000000000000e+00
1.830696252360558418e+01,0.000000000000000000e+00
2.265486105010188922e+01,0.000000000000000000e+00
2.285813292193536128e+01,0.000000000000000000e+00
2.246187057806307408e+01,0.000000000000000000e+00
2.277318968020620815e+01,0.000000000000000000e+00
2.285051385222839571e+01,0.000000000000000000e+00
2.179064278910019326e+01,0.000000000000000000e+00
2.416857113456380546e+01,0.000000000000000000e+00
2.087534756504893352e+01,0.000000000000000000e+00
2.522259816688611522e+01,0.000000000000000000e+00
2.140469204288682903e+01,0.000000000000000000e+00
2.337834368153453468e+01,0.000000000000000000e+00
2.150627420692604019e+01,0.000000000000000000e+00
2.461734302022810184e+01,0.000000000000000000e+00
2.061566691577883503e+01,0.000000000000000000e+00
1.888260315876329898e+01,0.000000000000000000e+00
2.108167946441414742e+01,0.000000000000000000e+00
1.835284501716775196e+01,0.000000000000000000e+00
2.494328439683976839e+01,0.000000000000000000e+00
2.395510252075364477e+01,0.000000000000000000e+00
2.216652491326090413e+01,0.000000000000000000e+00
2.481220809032440755e+01,0.000000000000000000e+00
2.254398692421889194e+01,0.000000000000000000e+00
2.146434752070615204e+01,0.000000000000000000e+00
2.334251543477767754e+01,0.000000000000000000e+00
2.500024892830415268e+01,0.000000000000000000e+00
2.171102561476207526e+01,0.000000000000000000e+00
2.331639964488209671e+01,0.000000000000000000e+00
2.317065135294941669e+01,0.000000000000000000e+00
2.040113227426357057e+01,0.000000000000000000e+00
1.993570546002566601e+01,0.000000000000000000e+00
2.212547615442125348e+01,0.000000000000000000e+00
2.195016366202677816e+01,0.000000000000000000e+00
2.459269313989748795e+01,0.000000000000000000e+00
2.348443776421740381e+01,0.000000000000000000e+00
2.139910290382255909e+01,0.000000000000000000e+00
2.235505979139905008e+01,0.000000000000000000e+00
2.488473520775083259e+01,0.000000000000000000e+00
2.112279097181069432e+01,0.000000000000000000e+00
2.447726131762069457e+01,0.000000000000000000e+00
2.224243199364062562e+01,0.000000000000000000e+00
1.823190552736436132e+01,0.000000000000000000e+00
1.983549068420090933e+01,0.000000000000000000e+00
2.388909584638341244e+01,0.000000000000000000e+00
2.553998492766180206e+01,0.000000000000000000e+00
1.777380163165371130e+01,0.000000000000000000e+00
2.206028608783489631e+01,0.000000000000000000e+00
2.218278024415091565e+01,0.000000000000000000e+00
2.231717742748553945e+01,0.000000000000000000e+00
2.734672492486510720e+01,0.000000000000000000e+00
2.439153192411774995e+01,0.000000000000000000e+00
2.423360856500727678e+01,0.000000000000000000e+00
2.288640578915185486e+01,0.000000000000000000e+00
2.309108452300857905e+01,0.000000000000000000e+00
2.071309114395319639e+01,0.000000000000000000e+00
2.423807458274565718e+01,0.000000000000000000e+00
2.323610743177722782e+01,0.000000000000000000e+00
2.214836997618639458e+01,0.000000000000000000e+00
2.376659886392766552e+01,0.000000000000000000e+00
2.350580909090337656e+01,0.000000000000000000e+00
2.732696198476909188e+01,0.000000000000000000e+00
2.251014334829385533e+01,0.000000000000000000e+00
2.164866832275588138e+01,0.000000000000000000e+00
2.718028761149383854e+01,0.000000000000000000e+00
2.338122995781270674e+01,0.000000000000000000e+00
2.540977473020027233e+01,0.000000000000000000e+00
2.164827286025817443e+01,0.000000000000000000e+00
2.793615847051348311e+01,0.000000000000000000e+00
2.529488301311867815e+01,0.000000000000000000e+00
2.411893044790972951e+01,0.000000000000000000e+00
2.594806410101180205e+01,0.000000000000000000e+00
2.126752454906743139e+01,0.000000000000000000e+00
2.441264788403292840e+01,0.000000000000000000e+00
2.508324379589839381e+01,0.000000000000000000e+00
2.258592664044010689e+01,0.000000000000000000e+00
2.641444361006066543e+01,0.000000000000000000e+00
2.240724508018506000e+01,0.000000000000000000e+00
2.368475731165081299e+01,0.000000000000000000e+00
2.237417994143264366e+01,0.000000000000000000e+00
2.257389087750332379e+01,0.000000000000000000e+00
2.546086910078062004e+01,0.000000000000000000e+00
2.204685619927159124e+01,0.000000000000000000e+00
2.464478685253479995e+01,0.000000000000000000e+00
2.438239447133090820e+01,0.000000000000000000e+00
2.193117888446946395e+01,0.000000000000000000e+00
2.340057195523524314e+01,0.000000000000000000e+00
2.297071479114996961e+01,0.000000000000000000e+00
2.313225217510895959e+01,0.000000000000000000e+00
2.389231473227532021e+01,0.000000000000000000e+00
2.734868357684169382e+01,0.000000000000000000e+00
2.496495023222723120e+01,0.000000000000000000e+00
2.501671158949515927e+01,0.000000000000000000e+00
2.527307960679049259e+01,0.000000000000000000e+00
2.341966407861596622e+01,0.000000000000000000e+00
2.608390977622287110e+01,0.000000000000000000e+00
2.402855621224947313e+01,0.000000000000000000e+00
2.414788148946939472e+01,0.000000000000000000e+00
2.556111049971662652e+01,0.000000000000000000e+00
2.232788565790017898e+01,0.000000000000000000e+00
2.349544362307117140e+01,0.000000000000000000e+00
2.636859766638609059e+01,0.000000000000000000e+00
2.664404166070993440e+01,0.000000000000000000e+00
2.501641950267296366e+01,0.000000000000000000e+00
2.546399910782836074e+01,0.000000000000000000e+00
2.206261371213774680e+01,0.000000000000000000e+00
2.632895655093412302e+01,0.000000000000000000e+00
2.748352383789952569e+01,0.000000000000000000e+00
2.589486739403165672e+01,0.000000000000000000e+00
2.542856598639660248e+01,0.000000000000000000e+00
2.432943468454223179e+01,0.000000000000000000e+00
2.516767337354849587e+01,0.000000000000000000e+00
2.725055369054629750e+01,0.000000000000000000e+00
2.399997855652138057e+01,0.000000000000000000e+00
2.584630923935348079e+01,0.000000000000000000e+00
2.588579862730251335e+01,0.000000000000000000e+00
2.693197062517554485e+01,0.000000000000000000e+00
2.698779476143622702e+01,0.000000000000000000e+00
2.981345013118662379e+01,0.000000000000000000e+00
2.422782519192408301e+01,0.000000000000000000e+00
2.638338524027275511e+01,0.000000000000000000e+00
2.484028688896301418e+01,0.000000000000000000e+00
2.556854859281663650e+01,0.000000000000000000e+00
2.518773070019740956e+01,0.000000000000000000e+00
2.470944076476712681e+01,0.000000000000000000e+00
2.536782527096569595e+01,0.000000000000000000e+00
2.906493081358297204e+01,0.000000000000000000e+00
2.634682967639786000e+01,0.000000000000000000e+00
2.859271992834253240e+01,0.000000000000000000e+00
2.295461228894095740e+01,0.000000000000000000e+00
2.274402568166897254e+01,0.000000000000000000e+00
2.755846087704818359e+01,0.000000000000000000e+00
2.720441918493905220e+01,0.000000000000000000e+00
2.794314560875803721e+01,0.000000000000000000e+00
2.678220124723578976e+01,0.000000000000000000e+00
2.535245265842226203e+01,0.000000000000000000e+00
2.706666143674193847e+01,0.000000000000000000e+00
2.500161396086966192e+01,0.000000000000000000e+00
2.677670623554232421e+01,0.000000000000000000e+00
2.607948969410008644e+01,0.000000000000000000e+00
2.895351141533842565e+01,0.000000000000000000e+00
2.960717964011443470e+01,0.000000000000000000e+00
2.712967222976696036e+01,0.000000000000000000e+00
2.514501146388613861e+01,0.000000000000000000e+00
2.556577369580725900e+01,0.000000000000000000e+00
2.787661684539687812e+01,0.000000000000000000e+00
2.672368422311578229e+01,0.000000000000000000e+00
2.713850447458820980e+01,0.000000000000000000e+00
2.813730476193642360e+01,0.000000000000000000e+00
2.582605761412488476e+01,0.000000000000000000e+00
2.736442262057533625e+01,0.000000000000000000e+00
2.688849646923852887e+01,0.000000000000000000e+00
2.730811385151663018e+01,0.000000000000000000e+00
2.721490711506033477e+01,0.000000000000000000e+00
2.903785115259898930e+01,0.000000000000000000e+00
2.890072314030185652e+01,0.000000000000000000e+00
2.545835319116811846e+01,0.000000000000000000e+00
3.027426466749276557e+01,0.000000000000000000e+00
2.774116225558699611e+01,0.000000000000000000e+00
2.616191939042535708e+01,0.000000000000000000e+00
2.531473325810310016e+01,0.000000000000000000e+00
2.892014944632257212e+01,0.000000000000000000e+00
2.750093102479339180e+01,0.000000000000000000e+00
2.883183735709506124e+01,0.000000000000000000e+00
3.144270008450677878e+01,0.000000000000000000e+00
2.866291123706836430e+01,0.000000000000000000e+00
2.882519180879839737e+01,0.000000000000000000e+00
2.979635877934085997e+01,0.000000000000000000e+00
2.989851643880658472e+01,0.000000000000000000e+00
2.892659036029410302e+01,0.000000000000000000e+00
2.693581236523561273e+01,0.000000000000000000e+00
2.913171893426187964e+01,0.000000000000000000e+00
2.657982060634331489e+01,0.000000000000000000e+00
2.777908791219596907e+01,0.000000000000000000e+00
2.949956232720526828e+01,0.000000000000000000e+00
2.936353176131447640e+01,0.000000000000000000e+00
3.152253086817314198e+01,0.000000000000000000e+00
3.010576093552428389e+01,0.000000000000000000e+00
2.980654253705223411e+01,0.000000000000000000e+00
2.979556495965821483e+01,0.000000000000000000e+00
2.663452999039451186e+01,0.000000000000000000e+00
3.053587772849473225e+01,0.000000000000000000e+00
2.568207075353495128e+01,0.000000000000000000e+00
3.131836659070421902e+01,0.000000000000000000e+00
3.003306362437149701e+01,0.000000000000000000e+00
3.059100310045290882e+01,0.000000000000000000e+00
3.109766078187897165e+01,0.000000000000000000e+00
3.171389696014763970e+01,0.000000000000000000e+00
3.133101431765866707e+01,0.000000000000000000e+00
2.851176296305544966e+01,0.000000000000000000e+00
2.969130476837811372e+01,0.000000000000000000e+00
2.620384560749551994e+01,0.000000000000000000e+00
3.129034072599505478e+01,0.000000000000000000e+00
2.673688144945964495e+01,0.000000000000000000e+00
2.857924208820488232e+01,0.000000000000000000e+00
3.046210813838341736e+01,0.000000000000000000e+00
2.981108886259419322e+01,0.000000000000000000e+00
2.970335254330621311e+01,0.000000000000000000e+00
3.361326012530508933e+01,0.000000000000000000e+00
2.955842137546732928e+01,0.000000000000000000e+00
2.681306961285362789e+01,0.000000000000000000e+00
2.862777444456957809e+01,0.000000000000000000e+00
2.972577782314223427e+01,0.000000000000000000e+00
2.924224432981396760e+01,0.000000000000000000e+00
3.249894772815529365e+01,0.000000000000000000e+00
3.125578881021787581e+01,0.000000000000000000e+00
3.039596618539300721e+01,0.000000000000000000e+00
3.073346240722545630e+01,0.000000000000000000e+00
3.328782621047928103e+01,0.000000000000000000e+00
3.232829521454249289e+01,0.000000000000000000e+00
3.297499954990108506e+01,0.000000000000000000e+00
3.324972154410317415e+01,0.000000000000000000e+00
3.305707573810193622e+01,0.000000000000000000e+00
3.144376917661113069e+01,0.000000000000000000e+00
2.844888695306169168e+01,0.000000000000000000e+00
2.570546989249745451e+01,0.000000000000000000e+00
3.163461483646583972e+01,0.000000000000000000e+00
3.224739702918356699e+01,0.000000000000000000e+00
2.745497564825016212e+01,0.000000000000000000e+00
3.174795011756482310e+01,0.000000000000000000e+00
3.094443049060069484e+01,0.000000000000000000e+00
3.415977663725236368e+01,0.000000000000000000e+00
2.949481204450439265e+01,0.000000000000000000e+00
3.126833697324614292e+01,0.000000000000000000e+00
3.346561924438399416e+01,0.000000000000000000e+00
3.250008321108730058e+01,0.000000000000000000e+00
3.098773370051151232e+01,0.000000000000000000e+00
3.334169497471340549e+01,0.000000000000000000e+00
3.606826222639108437e+01,0.000000000000000000e+00
3.444664736411817785e+01,0.000000000000000000e+00
3.016749855849041850e+01,0.000000000000000000e+00
3.167539429637868054e+01,0.000000000000000000e+00
3.014554007304076322e+01,0.000000000000000000e+00
3.161165918429583144e+01,0.000000000000000000e+00
3.085923725677563212e+01,0.000000000000000000e+00
3.019410509482931815e+01,0.000000000000000000e+00
3.246866452909175393e+01,0.000000000000000000e+00
3.171103360160439522e+01,0.000000000000000000e+00
3.314230112376651505e+01,0.000000000000000000e+00
3.105192170839688259e+01,0.000000000000000000e+00
3.203407745241010218e+01,0.000000000000000000e+00
3.351089263736847812e+01,0.000000000000000000e+00
3.232890280861366250e+01,0.000000000000000000e+00
3.546966754020176893e+01,0.000000000000000000e+00
3.442750263588030890e+01,0.000000000000000000e+00
3.608274051957804573e+01,0.000000000000000000e+00
3.170773027646644593e+01,0.000000000000000000e+00
3.296762442570370411e+01,0.000000000000000000e+00
3.167445398829048386e+01,0.000000000000000000e+00
3.376420383056095886e+01,0.000000000000000000e+00
2.966969501270547838e+01,0.000000000000000000e+00
3.595965087376762170e+01,0.000000000000000000e+00
3.113964832369897451e+01,0.000000000000000000e+00
3.138283033103639852e+01,0.000000000000000000e+00
3.547859835649778404e+01,0.000000000000000000e+00
3.260019379370742598e+01,0.000000000000000000e+00
3.524711335994500416e+01,0.000000000000000000e+00
3.273146721929580849e+01,0.000000000000000000e+00
3.653068432328968385e+01,0.000000000000000000e+00
3.705664047983103870e+01,0.000000000000000000e+00
3.520800067951078915e+01,0.000000000000000000e+00
3.358848718125048549e+01,0.000000000000000000e+00
3.482034373279957151e+01,0.000000000000000000e+00
3.570355846843362713e+01,0.000000000000000000e+00
3.671122784689120522e+01,0.000000000000000000e+00
3.715156155432468665e+01,0.000000000000000000e+00
3.498326691386018439e+01,0.000000000000000000e+00
3.390079072406383887e+01,0.000000000000000000e+00
3.465107042471176868e+01,0.000000000000000000e+00
3.791374219526867506e+01,0.000000000000000000e+00
3.169017612158512875e+01,0.000000000000000000e+00
3.212383338083103013e+01,0.000000000000000000e+00
3.396108676508647051e+01,0.000000000000000000e+00
3.840038804726434307e+01,0.000000000000000000e+00
3.731291656192190942e+01,0.000000000000000000e+00
3.462838213291817624e+01,0.000000000000000000e+00
3.702287756915814754e+01,0.000000000000000000e+00
3.818964634709515593e+01,0.000000000000000000e+00
3.931416480904867683e+01,0.000000000000000000e+00
3.499889051135194507e+01,0.000000000000000000e+00
3.780147307176678595e+01,0.000000000000000000e+00
3.405653835848463018e+01,0.000000000000000000e+00
3.672293102662904829e+01,0.000000000000000000e+00
3.533523037564087588e+01,0.000000000000000000e+00
3.612124742069376282e+01,0.000000000000000000e+00
3.596913628790640871e+01,0.000000000000000000e+00
3.621603182858268610e+01,0.000000000000000000e+00
3.556094459270799746e+01,0.000000000000000000e+00
3.833989540451177902e+01,0.000000000000000000e+00
3.692513773107990716e+01,0.000000000000000000e+00
3.827610515996675389e+01,0.000000000000000000e+00
3.303138615361945085e+01,0.000000000000000000e+00
3.436981074577550288e+01,0.000000000000000000e+00
3.277833040474986603e+01,0.000000000000000000e+00
3.536929382231198815e+01,0.000000000000000000e+00
3.698465837672262779e+01,0.000000000000000000e+00
3.682092797473311663e+01,0.000000000000000000e+00
3.557730351526791424e+01,0.000000000000000000e+00
3.844703231154960577e+01,0.000000000000000000e+00
3.596745624161412991e+01,0.000000000000000000e+00
3.567307035770580370e+01,0.000000000000000000e+00
3.998486417127748638e+01,0.000000000000000000e+00
3.839590526152041861e+01,0.000000000000000000e+00
3.943581121675562429e+01,0.000000000000000000e+00
3.742488599349284328e+01,0.000000000000000000e+00
3.879891170729311511e+01,0.000000000000000000e+00
3.412631745343492895e+01,0.000000000000000000e+00
3.786763273647642336e+01,0.000000000000000000e+00
3.616709314132813802e+01,0.000000000000000000e+00
3.790038123975533324e+01,0.000000000000000000e+00
3.746338037971865731e+01,0.000000000000000000e+00
3.769340614314067039e+01,0.000000000000000000e+00
3.637702237325974153e+01,0.000000000000000000e+00
3.631936194990007039e+01,0.000000000000000000e+00
3.538011512025733651e+01,0.000000000000000000e+00
3.806590841392336699e+01,0.000000000000000000e+00
3.994670490956565345e+01,0.000000000000000000e+00
3.844630012202070901e+01,0.000000000000000000e+00
3.674506143253044854e+01,0.000000000000000000e+00
3.919871552871660469e+01,0.000000000000000000e+00
3.559752447505781703e+01,0.000000000000000000e+00
4.044044724191501672e+01,0.000000000000000000e+00
4.105457058830586448e+01,0.000000000000000000e+00
4.028369828981268341e+01,0.000000000000000000e+00
4.091839752809952557e+01,0.000000000000000000e+00
4.118805014046341739e+01,0.000000000000000000e+00
4.239472028834455131e+01,0.000000000000000000e+00
3.756677161962733891e+01,0.000000000000000000e+00
3.999036966231200552e+01,0.000000000000000000e+00
3.852697718077460820e+01,0.000000000000000000e+00
4.105837002763455956e+01,0.000000000000000000e+00
3.880779335309782141e+01,0.000000000000000000e+00
3.807511018110931644e+01,0.000000000000000000e+00
4.225597600306398505e+01,0.000000000000000000e+00
3.827279210066215143e+01,0.000000000000000000e+00
3.786250363891523563e+01,0.000000000000000000e+00
4.108778241249088836e+01,0.000000000000000000e+00
4.067117656365717693e+01,0.000000000000000000e+00
4.101376509733312048e+01,0.000000000000000000e+00
3.813482889906534723e+01,0.000000000000000000e+00
4.062866384821674615e+01,0.000000000000000000e+00
3.916035604063242914e+01,0.000000000000000000e+00
3.979709500345001061e+01,0.000000000000000000e+00
4.142967809372976973e+01,0.000000000000000000e+00
4.156323522738522058e+01,0.000000000000000000e+00
4.155364306458378820e+01,0.000000000000000000e+00
4.127533049095349327e+01,0.000000000000000000e+00
3.690210864989924744e+01,0.000000000000000000e+00
4.079205815965711679e+01,0.000000000000000000e+00
4.098308516637241183e+01,0.000000000000000000e+00
4.361441131561953455e+01,0.000000000000000000e+00
3.998266890369544058e+01,0.000000000000000000e+00
4.267436033232951331e+01,0.000000000000000000e+00
3.812881161031438637e+01,0.000000000000000000e+00
4.455466451681901674e+01,0.000000000000000000e+00
4.235635622233981934e+01,0.000000000000000000e+00
4.038658847648160588e+01,0.000000000000000000e+00
4.314897982244795571e+01,0.000000000000000000e+00
4.321304398004171787e+01,0.000000000000000000e+00
3.741003791844124748e+01,0.000000000000000000e+00
4.318461118753133121e+01,0.000000000000000000e+00
4.267760205102371884e+01,0.000000000000000000e+00
3.663158276085535192e+01,0.000000000000000000e+00
4.232950234170414916e+01,0.000000000000000000e+00
4.256885033685004061e+01,0.000000000000000000e+00
4.026192183112858913e+01,0.000000000000000000e+00
4.268388088593708574e+01,0.000000000000000000e+00
4.382261380600133549e+01,0.000000000000000000e+00
4.008044974719351217e+01,0.000000000000000000e+00
4.333363146692281731e+01,0.000000000000000000e+00
4.245579998690695334e+01,0.000000000000000000e+00
4.573987610758679523e+01,0.000000000000000000e+00
3.882238230391546097e+01,0.000000000000000000e+00
4.427090075929509538e+01,0.000000000000000000e+00
4.195197377896597857e+01,0.000000000000000000e+00
4.225440671033207707e+01,0.000000000000000000e+00
4.460188980519465218e+01,0.000000000000000000e+00
4.064507982953843168e+01,0.000000000000000000e+00
4.738899096971214675e+01,0.000000000000000000e+00
4.067400895454914433e+01,0.000000000000000000e+00
4.428684271684956997e+01,0.000000000000000000e+00
4.102462969537860005e+01,0.000000000000000000e+00
4.094474809913629798e+01,0.000000000000000000e+00
4.657278646343753081e+01,0.000000000000000000e+00
4.516476508258608646e+01,0.000000000000000000e+00
4.465944353335689243e+01,0.000000000000000000e+00
4.777857462906901276e+01,0.000000000000000000e+00
5.042954966335878453e+01,0.000000000000000000e+00
4.302824094186853188e+01,0.000000000000000000e+00
4.413616719738473648e+01,0.000000000000000000e+00
4.677514773302644357e+01,0.000000000000000000e+00
4.838505743062322040e+01,0.000000000000000000e+00
4.413267335437847549e+01,0.000000000000000000e+00
4.774668511135323001e+01,0.000000000000000000e+00
4.611842577417807121e+01,0.000000000000000000e+00
4.420102502345201856e+01,0.000000000000000000e+00
4.337644500746931442e+01,0.000000000000000000e+00
4.188639001769060144e+01,0.000000000000000000e+00
4.742003013014513613e+01,0.000000000000000000e+00
4.173574788626523002e+01,0.000000000000000000e+00
4.435720401291229820e+01,0.000000000000000000e+00
4.599318403749310136e+01,0.000000000000000000e+00
4.425905784517170360e+01,0.000000000000000000e+00
4.449856464591299954e+01,0.000000000000000000e+00
4.600214270790718984e+01,0.000000000000000000e+00
4.936355625936720770e+01,0.000000000000000000e+00
4.796904531546187656e+01,0.000000000000000000e+00
4.296779470151403757e+01,0.000000000000000000e+00
5.047557750109960040e+01,0.000000000000000000e+00
4.306259616225626985e+01,0.000000000000000000e+00
4.477706330018914116e+01,0.000000000000000000e+00
4.767761960293588430e+01,0.000000000000000000e+00
4.229833763179468065e+01,0.000000000000000000e+00
4.603585046714799489e+01,0.000000000000000000e+00
4.627685773229753607e+01,0.000000000000000000e+00
4.811980049722407671e+01,0.000000000000000000e+00
4.686691449124295161e+01,0.000000000000000000e+00
4.795612312226489848e+01,0.000000000000000000e+00
4.903764409422645798e+01,0.000000000000000000e+00
4.710594862296670726e+01,0.000000000000000000e+00
4.633445170825774539e+01,0.000000000000000000e+00
4.592025160494240765e+01,0.000000000000000000e+00
4.530256134724362482e+01,0.000000000000000000e+00
4.569528399859800061e+01,0.000000000000000000e+00
4.768326260389597593e+01,0.000000000000000000e+00
4.514020239763657116e+01,0.000000000000000000e+00
5.027816834367552445e+01,0.000000000000000000e+00
4.659520767390471718e+01,0.000000000000000000e+00
4.899917146349905295e+01,0.000000000000000000e+00
4.846343522078782939e+01,0.000000000000000000e+00
4.881667286629499358e+01,0.000000000000000000e+00
4.783758709324797564e+01,0.000000000000000000e+00
4.440454372104232306e+01,0.000000000000000000e+00
4.938823477552627139e+01,0.000000000000000000e+00
4.773651919422441381e+01,0.000000000000000000e+00
4.881674213480132352e+01,0.000000000000000000e+00
4.890605435494443043e+01,0.000000000000000000e+00
4.686191930664223548e+01,0.000000000000000000e+00
4.767350169980280583e+01,0.000000000000000000e+00
4.656880774837276959e+01,0.000000000000000000e+00
4.534268578799179750e+01,0.000000000000000000e+00
4.424085263357920894e+01,0.000000000000000000e+00
4.892439560438039337e+01,0.000000000000000000e+00
4.783948148272743595e+01,0.000000000000000000e+00
4.905314311865953414e+01,0.000000000000000000e+00
4.780862951452128584e+01,0.000000000000000000e+00
5.048404123462402993e+01,0.000000000000000000e+00
5.146874521385161927e+01,0.000000000000000000e+00
4.880598865012672150e+01,0.000000000000000000e+00
4.886997298123454669e+01,0.000000000000000000e+00
5.004517360290575567e+01,0.000000000000000000e+00
5.098102343862939279e+01,0.000000000000000000e+00
4.581252659877088718e+01,0.000000000000000000e+00
4.945208713704123227e+01,0.000000000000000000e+00
4.727069358339684868e+01,0.000000000000000000e+00
4.862668384285751699e+01,0.000000000000000000e+00
4.557993458995224501e+01,0.000000000000000000e+00
4.734044994254188055e+01,0.000000000000000000e+00
4.898156436781810896e+01,0.000000000000000000e+00
5.035603902890359507e+01,0.000000000000000000e+00
5.196278711867152111e+01,0.000000000000000000e+00
5.055595383027362288e+01,0.000000000000000000e+00
5.012376338809093568e+01,0.000000000000000000e+00
5.180141051831518695e+01,0.000000000000000000e+00
4.883190473717422009e+01,0.000000000000000000e+00
5.139277057244431290e+01,0.000000000000000000e+00
4.988855779958205972e+01,0.000000000000000000e+00
4.790444836156314778e+01,0.000000000000000000e+00
4.999554729765893057e+01,0.000000000000000000e+00
5.070590153085365159e+01,0.000000000000000000e+00
4.988916149471281614e+01,0.000000000000000000e+00
5.436876247913347271e+01,0.000000000000000000e+00
4.958280915045543225e+01,0.000000000000000000e+00
5.524035475724632249e+01,0.000000000000000000e+00
5.022359408267863756e+01,0.000000000000000000e+00
4.877113242112325509e+01,0.000000000000000000e+00
4.933824740414127774e+01,0.000000000000000000e+00
5.286247598848335372e+01,0.000000000000000000e+00
5.115462925098620417e+01,0.000000000000000000e+00
4.997476926766254479e+01,0.000000000000000000e+00
4.789246276966567706e+01,0.000000000000000000e+00
5.451336399002602207e+01,0.000000000000000000e+00
5.179767650559986691e+01,0.000000000000000000e+00
5.347038932804986899e+01,0.000000000000000000e+00
5.263565466706758400e+01,0.000000000000000000e+00
5.151935759010009264e+01,0.000000000000000000e+00
5.417754475611626219e+01,0.000000000000000000e+00
5.198732537453309988e+01,0.000000000000000000e+00
5.118222230531163319e+01,0.000000000000000000e+00
5.273479460346493397e+01,0.000000000000000000e+00
5.506129351716911913e+01,0.000000000000000000e+00
5.180757613088296409e+01,0.000000000000000000e+00
5.263687627528591406e+01,0.000000000000000000e+00
5.428376229267289688e+01,0.000000000000000000e+00
5.476691249432709441e+01,0.000000000000000000e+00
5.546853974414355548e+01,0.000000000000000000e+00
5.554805686660749586e+01,0.000000000000000000e+00
5.110249010217255261e+01,0.000000000000000000e+00
5.120587107051526488e+01,0.000000000000000000e+00
5.172564705528188256e+01,0.000000000000000000e+00
5.393330648947608097e+01,0.000000000000000000e+00
5.325275067589729616e+01,0.000000000000000000e+00
5.343212119915439473e+01,0.000000000000000000e+00
5.478809450304432715e+01,0.000000000000000000e+00
5.075433623073935507e+01,0.000000000000000000e+00
5.363910846739560156e+01,0.000000000000000000e+00
5.197724624630659207e+01,0.000000000000000000e+00
5.567465422252232798e+01,0.000000000000000000e+00
5.243043618624982116e+01,0.000000000000000000e+00
5.165633583157308806e+01,0.000000000000000000e+00
5.562779649457739595e+01,0.000000000000000000e+00
5.850604404997235264e+01,0.000000000000000000e+00
5.665042854150104290e+01,0.000000000000000000e+00
5.313382568100978887e+01,0.000000000000000000e+00
5.340977767510408825e+01,0.000000000000000000e+00
5.843947656703260662e+01,0.000000000000000000e+00
5.494806063323202494e+01,0.000000000000000000e+00
5.212741684677556009e+01,0.000000000000000000e+00
5.894708733333617090e+01,0.000000000000000000e+00
5.404004503745774457e+01,0.000000000000000000e+00
5.433199257761342693e+01,0.000000000000000000e+00
5.264464756050258387e+01,0.000000000000000000e+00
5.453078943202498152e+01,0.000000000000000000e+00
5.498753640093257644e+01,0.000000000000000000e+00
5.701572863371649902e+01,0.000000000000000000e+00
5.253277629944957994e+01,0.000000000000000000e+00
5.413758925296261992e+01,0.000000000000000000e+00
5.416535799715889254e+01,0.000000000000000000e+00
5.648041556118642603e+01,0.000000000000000000e+00
5.307894964045906505e+01,0.000000000000000000e+00
5.520639186255697695e+01,0.000000000000000000e+00
5.761583277483723720e+01,0.000000000000000000e+00
5.412557567444029871e+01,0.000000000000000000e+00
5.505023844826791901e+01,0.000000000000000000e+00
5.748192540116784244e+01,0.000000000000000000e+00
5.751777469200295911e+01,0.000000000000000000e+00
5.583953383714978003e+01,0.000000000000000000e+00
5.714682068162224482e+01,0.000000000000000000e+00
5.873291004166643603e+01,0.000000000000000000e+00
5.914862449740714823e+01,0.000000000000000000e+00
5.824239218527388573e+01,0.000000000000000000e+00
5.586790915570045968e+01,0.000000000000000000e+00
5.802297481325624062e+01,0.000000000000000000e+00
5.875673660368409656e+01,0.000000000000000000e+00
5.582993748554071800e+01,0.000000000000000000e+00
5.535010344324927445e+01,0.000000000000000000e+00
5.708747497113205327e+01,0.000000000000000000e+00
5.612854341971101491e+01,0.000000000000000000e+00
5.441716106304146905e+01,0.000000000000000000e+00
5.797257850066920071e+01,0.000000000000000000e+00
5.546961762940771479e+01,0.000000000000000000e+00
5.804654758827780370e+01,0.000000000000000000e+00
5.725420435653295925e+01,0.000000000000000000e+00
5.661366946512517018e+01,0.000000000000000000e+00
5.685619260787746754e+01,0.000000000000000000e+00
5.703430857634850071e+01,0.000000000000000000e+00
5.686740529794993648e+01,0.000000000000000000e+00
5.914854803319940402e+01,0.000000000000000000e+00
5.939001844257732898e+01,0.000000000000000000e+00
5.727927623964530568e+01,0.000000000000000000e+00
5.704202188367413129e+01,0.000000000000000000e+00
5.712806067600630655e+01,0.000000000000000000e+00
6.023268321148083970e+01,0.000000000000000000e+00
5.896656145299199636e+01,0.000000000000000000e+00
6.025794829764436145e+01,0.000000000000000000e+00
5.715790490949544278e+01,0.000000000000000000e+00
6.109975490677493326e+01,0.000000000000000000e+00
5.611680315462701429e+01,0.000000000000000000e+00
5.909600281395486121e+01,0.000000000000000000e+00
6.153023974197765966e+01,0.000000000000000000e+00
5.863144415495757755e+01,0.000000000000000000e+00
6.026051595908379710e+01,0.000000000000000000e+00
6.026577001254546673e+01,0.000000000000000000e+00
5.996746129635577205e+01,0.000000000000000000e+00
5.705692165255904058e+01,0.000000000000000000e+00
5.962391218930877557e+01,0.000000000000000000e+00
5.877233222868632367e+01,0.000000000000000000e+00
6.134206255806540042e+01,0.000000000000000000e+00
6.139253573960700550e+01,0.000000000000000000e+00
5.863328064552290897e+01,0.000000000000000000e+00
6.035782185559173030e+01,0.000000000000000000e+00
5.830105519440578377e+01,0.000000000000000000e+00
6.143015111017624719e+01,0.000000000000000000e+00
5.934639232166738765e+01,0.000000000000000000e+00
5.961463701167500062e+01,0.000000000000000000e+00
5.846065979590214567e+01,0.000000000000000000e+00
5.837741059998413107e+01,0.000000000000000000e+00
6.172240654034808216e+01,0.000000000000000000e+00
5.974799475874355181e+01,0.000000000000000000e+00
6.263410739494486990e+01,0.000000000000000000e+00
5.834260865594357170e+01,0.000000000000000000e+00
6.086549474921964276e+01,0.000000000000000000e+00
5.944027414804163101e+01,0.000000000000000000e+00
6.094255045012352667e+01,0.000000000000000000e+00
5.985949278280774877e+01,0.000000000000000000e+00
6.082550181147165347e+01,0.000000000000000000e+00
6.066282805650270404e+01,0.000000000000000000e+00
6.191409164417658673e+01,0.000000000000000000e+00
6.060437025962765745e+01,0.000000000000000000e+00
6.260678541416248066e+01,0.000000000000000000e+00
6.555935937599569741e+01,0.000000000000000000e+00
6.020015027567129806e+01,0.000000000000000000e+00
6.331971935928083894e+01,0.000000000000000000e+00
6.226595918789899287e+01,0.000000000000000000e+00
6.024920266830472571e+01,0.000000000000000000e+00
6.377174609576762521e+01,0.000000000000000000e+00
6.179436978160709515e+01,0.000000000000000000e+00
6.196873647361327642e+01,0.000000000000000000e+00
6.461578670522028744e+01,0.000000000000000000e+00
6.084069636309060769e+01,0.000000000000000000e+00
6.258803553093022032e+01,0.000000000000000000e+00
6.228688340506401744e+01,0.000000000000000000e+00
6.101962885349097121e+01,0.000000000000000000e+00
6.638046822756287213e+01,0.000000000000000000e+00
5.987386141233375270e+01,0.000000000000000000e+00
6.536025962430684899e+01,0.000000000000000000e+00
6.161161385889381137e+01,0.000000000000000000e+00
6.276564948969652846e+01,0.000000000000000000e+00
6.183271619314338352e+01,0.000000000000000000e+00
6.324698984646092725e+01,0.000000000000000000e+00
6.223278191918345925e+01,0.000000000000000000e+00
6.320651530851394995e+01,0.000000000000000000e+00
6.357105113618873560e+01,0.000000000000000000e+00
6.196154264579214299e+01,0.000000000000000000e+00
6.242819243975789334e+01,0.000000000000000000e+00
6.431923711527099385e+01,0.000000000000000000e+00
6.264780075415437466e+01,0.000000000000000000e+00
6.258768365218173813e+01,0.000000000000000000e+00
6.514377110280769045e+01,0.000000000000000000e+00
5.954503475582610150e+01,0.000000000000000000e+00
6.651527506649733823e+01,0.000000000000000000e+00
6.793163766112931512e+01,0.000000000000000000e+00
6.270476610476328005e+01,0.000000000000000000e+00
6.027569392886974953e+01,0.000000000000000000e+00
6.126719957262069727e+01,0.000000000000000000e+00
6.218270269773904602e+01,0.000000000000000000e+00
6.616773453463648025e+01,0.000000000000000000e+00
6.211442400184829893e+01,0.000000000000000000e+00
6.460185685553540225e+01,0.000000000000000000e+00
6.606170658910130555e+01,0.000000000000000000e+00
6.432980892668309991e+01,0.000000000000000000e+00
6.236588599560431589e+01,0.000000000000000000e+00
6.358119468833668719e+01,0.000000000000000000e+00
6.252389942883635143e+01,0.000000000000000000e+00
6.204065053079507663e+01,0.000000000000000000e+00
6.624623821691430692e+01,0.000000000000000000e+00
6.267863675681730484e+01,0.000000000000000000e+00
6.520784749562483285e+01,0.000000000000000000e+00
6.402098688858454523e+01,0.000000000000000000e+00
6.178364078249227731e+01,0.000000000000000000e+00
6.545142683277060769e+01,0.000000000000000000e+00
6.771607347351275052e+01,0.000000000000000000e+00
6.582977922468437271e+01,0.000000000000000000e+00
6.604258277415245004e+01,0.000000000000000000e+00
6.355655736629840646e+01,0.000000000000000000e+00
6.662254691128835304e+01,0.000000000000000000e+00
6.427941643192801280e+01,0.000000000000000000e+00
6.356224897148019437e+01,0.000000000000000000e+00
6.382181905093538887e+01,0.000000000000000000e+00
6.158894870775798580e+01,0.000000000000000000e+00
6.273886143127180048e+01,0.000000000000000000e+00
6.262413540860668348e+01,0.000000000000000000e+00
6.348222169408256832e+01,0.000000000000000000e+00
6.591288174267965871e+01,0.000000000000000000e+00
6.237705790328934086e+01,0.000000000000000000e+00
6.538803789582418347e+01,0.000000000000000000e+00
6.405894505723813381e+01,0.000000000000000000e+00
6.584261947391294711e+01,0.000000000000000000e+00
6.469554717189775772e+01,0.000000000000000000e+00
6.685045367665610172e+01,0.000000000000000000e+00
6.732929359741882536e+01,0.000000000000000000e+00
6.846317055300407617e+01,0.000000000000000000e+00
6.759591074202805316e+01,0.000000000000000000e+00
6.836095772400861392e+01,0.000000000000000000e+00
6.477311273391404711e+01,0.000000000000000000e+00
6.436030621584802702e+01,0.000000000000000000e+00
6.460738995907225046e+01,0.000000000000000000e+00
6.452326526455689759e+01,0.000000000000000000e+00
6.693862268235896806e+01,0.000000000000000000e+00
6.650795542408772576e+01,0.000000000000000000e+00
6.638930985755895620e+01,0.000000000000000000e+00
6.488623475152151343e+01,0.000000000000000000e+00
6.832902646325375429e+01,0.000000000000000000e+00
6.766283782269232461e+01,0.000000000000000000e+00
6.573969672409143072e+01,0.000000000000000000e+00
6.944855653885501567e+01,0.000000000000000000e+00
6.708634695761375610e+01,0.000000000000000000e+00
7.034294688757857728e+01,0.000000000000000000e+00
6.721281339500967533e+01,0.000000000000000000e+00
6.931616079072796310e+01,0.000000000000000000e+00
6.680012803520149589e+01,0.000000000000000000e+00
6.336557719032860803e+01,0.000000000000000000e+00
6.645262822073281939e+01,0.000000000000000000e+00
7.109357971068610027e+01,0.000000000000000000e+00
6.850820010005341487e+01,0.000000000000000000e+00
6.855436069451404535e+01,0.000000000000000000e+00
6.705189248338980690e+01,0.000000000000000000e+00
6.644502913584905457e+01,0.000000000000000000e+00
6.721771052200242025e+01,0.000000000000000000e+00
6.869698000862629783e+01,0.000000000000000000e+00
6.918528202164890217e+01,0.000000000000000000e+00
6.765565735057477070e+01,0.000000000000000000e+00
6.640919555467957025e+01,0.000000000000000000e+00
6.815652779607258083e+01,0.000000000000000000e+00
6.798588933135748391e+01,0.000000000000000000e+00
6.549839455759419593e+01,0.000000000000000000e+00
6.813508488706193589e+01,0.000000000000000000e+00
6.702222699685385976e+01,0.000000000000000000e+00
6.993664384658396216e+01,0.000000000000000000e+00
6.659742682180977624e+01,0.000000000000000000e+00
7.288717843857772039e+01,0.000000000000000000e+00
6.554071650315677289e+01,0.000000000000000000e+00
7.297394430553985956e+01,0.000000000000000000e+00
7.071414741739712895e+01,0.000000000000000000e+00
7.065716103837846163e+01,0.000000000000000000e+00
6.539200614394590616e+01,0.000000000000000000e+00
7.124085828514226648e+01,0.000000000000000000e+00
7.220032717050220583e+01,0.000000000000000000e+00
7.064581174569060806e+01,0.000000000000000000e+00
7.099395445781738090e+01,0.000000000000000000e+00
6.620727038056374170e+01,0.000000000000000000e+00
6.958019473947688027e+01,0.000000000000000000e+00
6.927776628469055709e+01,0.000000000000000000e+00
6.927780441869838057e+01,0.000000000000000000e+00
7.275016494163162406e+01,0.000000000000000000e+00
6.907809754005469927e+01,0.000000000000000000e+00
6.752450448089132351e+01,0.000000000000000000e+00
6.866248476166637715e+01,0.000000000000000000e+00
7.034297550114536079e+01,0.000000000000000000e+00
7.139790494428163470e+01,0.000000000000000000e+00
6.941093166150110960e+01,0.000000000000000000e+00
6.806490590773877614e+01,0.000000000000000000e+00
6.926527425273303606e+01,0.000000000000000000e+00
6.902556845261770491e+01,0.000000000000000000e+00
7.137697175675822336e+01,0.000000000000000000e+00
7.391623211919385028e+01,0.000000000000000000e+00
6.953530946128081780e+01,0.000000000000000000e+00
6.655549420014435213e+01,0.000000000000000000e+00
7.201906484929804719e+01,0.000000000000000000e+00
7.034068446128382845e+01,0.000000000000000000e+00
6.888487174618798292e+01,0.000000000000000000e+00
7.018939437343503585e+01,0.000000000000000000e+00
7.383850085010426767e+01,0.000000000000000000e+00
6.884782061434216871e+01,0.000000000000000000e+00
7.374089853071393463e+01,0.000000000000000000e+00
7.488007303062825315e+01,0.000000000000000000e+00
7.045871450602911068e+01,0.000000000000000000e+00
7.191976059373206454e+01,0.000000000000000000e+00
7.423421732656223071e+01,0.000000000000000000e+00
7.210178542632426968e+01,0.000000000000000000e+00
7.162240476648976539e+01,0.000000000000000000e+00
7.244668940288772774e+01,0.000000000000000000e+00
7.198418636769022783e+01,0.000000000000000000e+00
6.952278308056031619e+01,0.000000000000000000e+00
7.361724153231335777e+01,0.000000000000000000e+00
7.151119233569609435e+01,0.000000000000000000e+00
7.233082096884035650e+01,0.000000000000000000e+00
7.187163452144604037e+01,0.000000000000000000e+00
7.318599075922413988e+01,0.000000000000000000e+00
7.209501017497292708e+01,0.000000000000000000e+00
7.117285606432020018e+01,0.000000000000000000e+00
7.083997367912766663e+01,0.000000000000000000e+00
7.423692342729495408e+01,0.000000000000000000e+00
7.084660601432906901e+01,0.000000000000000000e+00
7.019164931488548120e+01,0.000000000000000000e+00
7.197627552128891182e+01,0.000000000000000000e+00
7.289529495274884141e+01,0.000000000000000000e+00
7.173682177299890839e+01,0.000000000000000000e+00
7.467405727088561207e+01,0.000000000000000000e+00
7.222985532162908839e+01,0.000000000000000000e+00
7.091579976506018568e+01,0.000000000000000000e+00
7.156944530204968657e+01,0.000000000000000000e+00
7.406660387110467525e+01,0.000000000000000000e+00
6.670095479684165696e+01,0.000000000000000000e+00
7.131632458196537527e+01,0.000000000000000000e+00
6.931493753479699649e+01,0.000000000000000000e+00
6.913551715833926892e+01,0.000000000000000000e+00
7.496799676334556750e+01,0.000000000000000000e+00
7.016838566605970584e+01,0.000000000000000000e+00
7.606264965970490266e+01,0.000000000000000000e+00
7.441878222602340998e+01,0.000000000000000000e+00
7.245376097164914597e+01,0.000000000000000000e+00
7.288840829476242789e+01,0.000000000000000000e+00
7.351565547887931018e+01,0.000000000000000000e+00
7.171820975703350598e+01,0.000000000000000000e+00
7.443039997628885374e+01,0.000000000000000000e+00
7.271489025462142308e+01,0.000000000000000000e+00
7.454341032000598943e+01,0.000000000000000000e+00
7.183961648781895803e+01,0.000000000000000000e+00
7.368472732984604079e+01,0.000000000000000000e+00
6.915431079952739424e+01,0.000000000000000000e+00
6.892426361041005123e+01,0.000000000000000000e+00
7.324769379067666364e+01,0.000000000000000000e+00
7.495609150522990660e+01,0.000000000000000000e+00
7.016288848932623523e+01,0.000000000000000000e+00
7.383597663971173120e+01,0.000000000000000000e+00
7.354407590456656862e+01,0.000000000000000000e+00
7.577372019908726486e+01,0.000000000000000000e+00
7.303445998554938967e+01,0.000000000000000000e+00
7.366295880892761261e+01,0.000000000000000000e+00
7.809677542919122573e+01,0.000000000000000000e+00
7.265253789198690981e+01,0.000000000000000000e+00
7.694634920313596638e+01,0.000000000000000000e+00
7.791750400598472481e+01,0.000000000000000000e+00
7.032471051096693770e+01,0.000000000000000000e+00
7.170928997292379847e+01,0.000000000000000000e+00
7.591771634665322210e+01,0.000000000000000000e+00
7.441625811413059921e+01,0.000000000000000000e+00
7.219004533761022913e+01,0.000000000000000000e+00
7.219775369788996500e+01,0.000000000000000000e+00
7.799093659369314935e+01,0.000000000000000000e+00
7.361932112313031951e+01,0.000000000000000000e+00
7.436194158162984991e+01,0.000000000000000000e+00
7.203743817387628212e+01,0.000000000000000000e+00
7.486527850786585248e+01,0.000000000000000000e+00
7.429277884691254030e+01,0.000000000000000000e+00
7.337041625561985825e+01,0.000000000000000000e+00
7.674924262814008102e+01,0.000000000000000000e+00
7.526499284307760718e+01,0.000000000000000000e+00
7.603427800130216951e+01,0.000000000000000000e+00
7.324933204223518146e+01,0.000000000000000000e+00
7.337069130949410578e+01,0.000000000000000000e+00
7.714837800529130618e+01,0.000000000000000000e+00
7.427920755826168886e+01,0.000000000000000000e+00
7.897756512905085913e+01,0.000000000000000000e+00
7.654293810177193791e+01,0.000000000000000000e+00
7.575788201029628510e+01,0.000000000000000000e+00
7.791311133318147597e+01,0.000000000000000000e+00
7.263140961190943301e+01,0.000000000000000000e+00
7.397633344730624572e+01,0.000000000000000000e+00
7.394230519415805247e+01,0.000000000000000000e+00
7.644205239833392795e+01,0.000000000000000000e+00
7.308246620067322397e+01,0.000000000000000000e+00
7.499551812373792359e+01,0.000000000000000000e+00
7.604940066447434788e+01,0.000000000000000000e+00
7.413320800566540925e+01,0.000000000000000000e+00
7.210358568217053232e+01,0.000000000000000000e+00
7.315260783979172743e+01,0.000000000000000000e+00
7.880926961622098759e+01,0.000000000000000000e+00
7.333354927724857930e+01,0.000000000000000000e+00
7.651329744566092472e+01,0.000000000000000000e+00
7.268660765532068524e+01,0.000000000000000000e+00
7.723981087215828722e+01,0.000000000000000000e+00
7.656616502591575113e+01,0.000000000000000000e+00
7.648453816649038117e+01,0.000000000000000000e+00
7.565828203600068491e+01,0.000000000000000000e+00
7.380103393772255060e+01,0.000000000000000000e+00
7.786279996094231137e+01,0.000000000000000000e+00
7.869832935393226592e+01,0.000000000000000000e+00
7.433206330789104754e+01,0.000000000000000000e+00
7.633501548726485453e+01,0.000000000000000000e+00
7.779974109859119835e+01,0.000000000000000000e+00
7.648781725800081688e+01,0.000000000000000000e+00
7.479668890310571783e+01,0.000000000000000000e+00
7.714691971993329389e+01,0.000000000000000000e+00
7.493715475248751545e+01,0.000000000000000000e+00
7.847551154042909616e+01,0.000000000000000000e+00
7.465720077548412803e+01,0.000000000000000000e+00
7.764218379915060098e+01,0.000000000000000000e+00
7.576120273543553196e+01,0.000000000000000000e+00
7.830823014516425928e+01,0.000000000000000000e+00
7.807766308678517930e+01,0.000000000000000000e+00
7.547705957565814572e+01,0.000000000000000000e+00
7.436509749002829039e+01,0.000000000000000000e+00
7.242841404088754587e+01,0.000000000000000000e+00
7.745548078685105509e+01,0.000000000000000000e+00
7.924103678124988903e+01,0.000000000000000000e+00
7.367236147888372955e+01,0.000000000000000000e+00
7.749944482743282492e+01,0.000000000000000000e+00
7.560577914548512979e+01,0.000000000000000000e+00
7.508744962223836694e+01,0.000000000000000000e+00
7.971651133318754034e+01,0.000000000000000000e+00
8.010585981335003680e+01,0.000000000000000000e+00
7.686464157879061077e+01,0.000000000000000000e+00
7.616249763315639143e+01,0.000000000000000000e+00
7.376541648579367916e+01,0.000000000000000000e+00
7.772077599486793531e+01,0.000000000000000000e+00
7.404276265794777601e+01,0.000000000000000000e+00
7.707363605336297496e+01,0.000000000000000000e+00
7.576414656344675791e+01,0.000000000000000000e+00
7.749096154278034021e+01,0.000000000000000000e+00
7.576463596328811434e+01,0.000000000000000000e+00
7.767190244614820926e+01,0.000000000000000000e+00
7.291489113197484073e+01,0.000000000000000000e+00
7.616472712333067818e+01,0.000000000000000000e+00
7.669519461123437054e+01,0.000000000000000000e+00
7.589987912375367785e+01,0.000000000000000000e+00
8.029806077531935671e+01,0.000000000000000000e+00
7.818504752188839291e+01,0.000000000000000000e+00
7.716730300231492379e+01,0.000000000000000000e+00
7.445921531982806130e+01,0.000000000000000000e+00
8.138423766678903348e+01,0.000000000000000000e+00
7.558941067378384560e+01,0.000000000000000000e+00
7.707765376300068283e+01,0.000000000000000000e+00
7.443071804898717403e+01,0.000000000000000000e+00
7.636640599870823110e+01,0.000000000000000000e+00
7.971478350575553407e+01,0.000000000000000000e+00
7.838157222414754699e+01,0.000000000000000000e+00
7.961677312314107269e+01,0.000000000000000000e+00
7.741466845815537567e+01,0.000000000000000000e+00
7.970308818255733740e+01,0.000000000000000000e+00
7.747723693788307742e+01,0.000000000000000000e+00
7.819886387754441159e+01,0.000000000000000000e+00
7.937083810369608727e+01,0.000000000000000000e+00
7.811458884601391617e+01,0.000000000000000000e+00
7.964149338816747559e+01,0.000000000000000000e+00
7.643380791137893482e+01,0.000000000000000000e+00
7.663982031204410816e+01,0.000000000000000000e+00
7.977145250409559196e+01,0.000000000000000000e+00
8.064175440799948547e+01,0.000000000000000000e+00
7.713484713639516599e+01,0.000000000000000000e+00
7.713329049426830863e+01,0.000000000000000000e+00
7.720190433848422629e+01,0.000000000000000000e+00
8.015704342224879042e+01,0.000000000000000000e+00
7.565316684692398042e+01,0.000000000000000000e+00
8.287972294326930012e+01,0.000000000000000000e+00
8.065356813456375562e+01,0.000000000000000000e+00
7.791587117925638495e+01,0.000000000000000000e+00
7.796423970212130428e+01,0.000000000000000000e+00
7.496399322763538464e+01,0.000000000000000000e+00
7.832329869672015832e+01,0.000000000000000000e+00
7.799024810435940935e+01,0.000000000000000000e+00
7.579149399502317408e+01,0.000000000000000000e+00
7.828653579735448886e+01,0.000000000000000000e+00
7.729965660611115652e+01,0.000000000000000000e+00
8.126404246514309193e+01,0.000000000000000000e+00
7.493636687294994658e+01,0.000000000000000000e+00
8.022582043836159471e+01,0.000000000000000000e+00
7.856144453197694588e+01,0.000000000000000000e+00
7.785365379823917920e+01,0.000000000000000000e+00
7.737309556854629022e+01,0.000000000000000000e+00
7.678753618241539414e+01,0.000000000000000000e+00
7.565463398461135114e+01,0.000000000000000000e+00
8.215844609541065324e+01,0.000000000000000000e+00
7.739032014101319135e+01,0.000000000000000000e+00
7.935580236401345644e+01,0.000000000000000000e+00
8.406809518748677590e+01,0.000000000000000000e+00
8.024517751708437174e+01,0.000000000000000000e+00
7.987604666346477700e+01,0.000000000000000000e+00
8.299840429403054998e+01,0.000000000000000000e+00
7.667672559066275539e+01,0.000000000000000000e+00
8.030065900622145136e+01,0.000000000000000000e+00
7.933490690433943371e+01,0.000000000000000000e+00
7.776345572279778651e+01,0.000000000000000000e+00
7.693131634880388958e+01,0.000000000000000000e+00
7.660938042853305774e+01,0.000000000000000000e+00
7.901699358030703024e+01,0.000000000000000000e+00
7.642216329158841859e+01,0.000000000000000000e+00
7.629270883279727400e+01,0.000000000000000000e+00
7.740621551763054242e+01,0.000000000000000000e+00
7.699695173454040287e+01,0.000000000000000000e+00
7.985308324495419185e+01,0.000000000000000000e+00
7.793361934534169677e+01,0.000000000000000000e+00
8.046060289547480693e+01,0.000000000000000000e+00
7.923182148191025931e+01,0.000000000000000000e+00
8.196433023519223582e+01,0.000000000000000000e+00
7.662306068555399463e+01,0.000000000000000000e+00
8.108830849076069569e+01,0.000000000000000000e+00
8.060756902384828493e+01,0.000000000000000000e+00
8.011638875448423391e+01,0.000000000000000000e+00
8.385350974534254931e+01,0.000000000000000000e+00
7.963492582978054202e+01,0.000000000000000000e+00
7.899880128654451994e+01,0.000000000000000000e+00
8.298322543068113077e+01,0.000000000000000000e+00
8.282450493785012213e+01,0.000000000000000000e+00
8.323334327823782530e+01,0.000000000000000000e+00
7.984997017416222320e+01,0.000000000000000000e+00
8.236299770606730419e+01,0.000000000000000000e+00
7.843927239115268435e+01,0.000000000000000000e+00
8.035955819818720158e+01,0.000000000000000000e+00
8.188146064116273237e+01,0.000000000000000000e+00
8.148146084456253391e+01,0.000000000000000000e+00
8.394997926801684685e+01,0.000000000000000000e+00
7.544328825212704714e+01,0.000000000000000000e+00
8.060475977170304418e+01,0.000000000000000000e+00
7.595516915379643308e+01,0.000000000000000000e+00
7.680529683161299204e+01,0.000000000000000000e+00
7.984575394380249236e+01,0.000000000000000000e+00
8.119285043704157090e+01,0.000000000000000000e+00
8.162988991909693937e+01,0.000000000000000000e+00
8.046229004688912312e+01,0.000000000000000000e+00
8.116942685304898930e+01,0.000000000000000000e+00
8.023433433320379038e+01,0.000000000000000000e+00
8.292640346007176788e+01,0.000000000000000000e+00
8.024999277310676860e+01,0.000000000000000000e+00
8.022215748001060831e+01,0.000000000000000000e+00
8.185671255240663413e+01,0.000000000000000000e+00
8.312907556988231761e+01,0.000000000000000000e+00
7.688508389455263625e+01,0.000000000000000000e+00
7.947453262735544399e+01,0.000000000000000000e+00
7.740833546631844797e+01,0.000000000000000000e+00
7.940755021689173532e+01,0.000000000000000000e+00
7.846505256569599851e+01,0.000000000000000000e+00
7.793368033281201690e+01,0.000000000000000000e+00
7.583936932636777328e+01,0.000000000000000000e+00
7.971331702236705041e+01,0.000000000000000000e+00
7.648909166415313621e+01,0.000000000000000000e+00
7.805816455661813791e+01,0.000000000000000000e+00
8.170403146658735238e+01,0.000000000000000000e+00
8.116810823080197679e+01,0.000000000000000000e+00
7.976923099628697855e+01,0.000000000000000000e+00
8.072080553113943324e+01,0.000000000000000000e+00
8.491819905897645526e+01,0.000000000000000000e+00
7.933661368064002772e+01,0.000000000000000000e+00
7.620487948794757926e+01,0.000000000000000000e+00
7.873529154373872530e+01,0.000000000000000000e+00
8.028866412916508466e+01,0.000000000000000000e+00
7.842098191580636524e+01,0.000000000000000000e+00
8.232481706482984407e+01,0.000000000000000000e+00
7.883791687152596239e+01,0.000000000000000000e+00
8.109564666295054280e+01,0.000000000000000000e+00
8.085908820313169088e+01,0.000000000000000000e+00
7.568632594968947558e+01,0.000000000000000000e+00
8.216799730662252443e+01,0.000000000000000000e+00
7.914441959111920255e+01,0.000000000000000000e+00
8.345238413919626908e+01,0.000000000000000000e+00
8.157267748622112435e+01,0.000000000000000000e+00
7.795675632283007417e+01,0.000000000000000000e+00
8.153233379575185324e+01,0.000000000000000000e+00
8.102518745690687751e+01,0.000000000000000000e+00
8.063447976440210141e+01,0.000000000000000000e+00
7.977092211074622696e+01,0.000000000000000000e+00
7.998204536181512481e+01,0.000000000000000000e+00
7.818974529398975903e+01,0.000000000000000000e+00
7.945525804138861758e+01,0.000000000000000000e+00
7.838424191064594027e+01,0.000000000000000000e+00
8.043946418174601831e+01,0.000000000000000000e+00
7.662771670542683466e+01,0.000000000000000000e+00
7.984792778188206341e+01,0.000000000000000000e+00
8.030283740233531375e+01,0.000000000000000000e+00
7.765852557093009523e+01,0.000000000000000000e+00
8.074153424778160115e+01,0.000000000000000000e+00
8.313268430614228066e+01,0.000000000000000000e+00
8.046377505009770914e+01,0.000000000000000000e+00
7.572365970853554984e+01,0.000000000000000000e+00
8.048386415338522681e+01,0.000000000000000000e+00
8.166266105638645456e+01,0.000000000000000000e+00
8.008452772740136538e+01,0.000000000000000000e+00
7.791151326784049047e+01,0.000000000000000000e+00
7.679257374230412836e+01,0.000000000000000000e+00
8.103559210968214188e+01,0.000000000000000000e+00
8.104648917642641948e+01,0.000000000000000000e+00
7.928005696770074451e+01,0.000000000000000000e+00
7.594924522777340314e+01,0.000000000000000000e+00
7.953899852801966119e+01,0.000000000000000000e+00
7.824169070774455292e+01,0.000000000000000000e+00
7.739140219290835887e+01,0.000000000000000000e+00
7.868873933451043001e+01,0.000000000000000000e+00
7.822706534584150972e+01,0.000000000000000000e+00
7.629310217051028076e+01,0.000000000000000000e+00
7.912595349393674837e+01,0.000000000000000000e+00
8.069201098369697434e+01,0.000000000000000000e+00
7.914526115905084680e+01,0.000000000000000000e+00
8.045521449216649046e+01,0.000000000000000000e+00
7.599929034051413623e+01,0.000000000000000000e+00
8.114200262775037231e+01,0.000000000000000000e+00
7.994740813059733853e+01,0.000000000000000000e+00
8.121001425640528737e+01,0.000000000000000000e+00
7.970597735106653658e+01,0.000000000000000000e+00
7.657725474807860166e+01,0.000000000000000000e+00
8.134253474287973518e+01,0.000000000000000000e+00
8.153572168781843743e+01,0.000000000000000000e+00
7.754527965398341394e+01,0.000000000000000000e+00
7.971543809154066196e+01,0.000000000000000000e+00
7.515849202024388376e+01,0.000000000000000000e+00
7.899947749133826846e+01,0.000000000000000000e+00
7.896946062976113012e+01,0.000000000000000000e+00
8.013958694549303630e+01,0.000000000000000000e+00
8.129200935626576552e+01,0.000000000000000000e+00
8.316070736191828416e+01,0.000000000000000000e+00
7.891064843416901908e+01,0.000000000000000000e+00
8.236711464713802400e+01,0.000000000000000000e+00
8.177361965380006836e+01,0.000000000000000000e+00
7.945159984956438848e+01,0.000000000000000000e+00
8.127472240321775132e+01,0.000000000000000000e+00
7.864963970119870851e+01,0.000000000000000000e+00
8.076777780366612092e+01,0.000000000000000000e+00
8.171587491073989895e+01,0.000000000000000000e+00
8.157612518813458280e+01,0.000000000000000000e+00
8.112603143329948807e+01,0.000000000000000000e+00
8.133662979085265476e+01,0.000000000000000000e+00
8.135045426360569820e+01,0.000000000000000000e+00
7.966492463475464092e+01,0.000000000000000000e+00
7.966628961216993332e+01,0.000000000000000000e+00
8.281831045816825565e+01,0.000000000000000000e+00
8.014035920588497675e+01,0.000000000000000000e+00
7.946651996790173200e+01,0.000000000000000000e+00
8.091922511861743317e+01,0.000000000000000000e+00
7.919131247041772781e+01,0.000000000000000000e+00
7.746375977111677003e+01,0.000000000000000000e+00
8.086838944492079406e+01,0.000000000000000000e+00
8.027720919171511582e+01,0.000000000000000000e+00
7.929185182546021338e+01,0.000000000000000000e+00
7.879756012982815605e+01,0.000000000000000000e+00
8.167309010970635086e+01,0.000000000000000000e+00
7.632824301933166566e+01,0.000000000000000000e+00
8.039550740114475502e+01,0.000000000000000000e+00
7.581514123273893802e+01,0.000000000000000000e+00
7.826526897264044180e+01,0.000000000000000000e+00
7.741558831752392678e+01,0.000000000000000000e+00
7.700015089873754448e+01,0.000000000000000000e+00
7.875517983810371447e+01,0.000000000000000000e+00
7.957747435467618402e+01,0.000000000000000000e+00
8.006235855233219922e+01,0.000000000000000000e+00
7.966563634341487443e+01,0.000000000000000000e+00
8.287164970428712252e+01,0.000000000000000000e+00
7.719931760239921914e+01,0.000000000000000000e+00
7.938199520173454005e+01,0.000000000000000000e+00
8.196893859964221463e+01,0.000000000000000000e+00
7.897265509385169935e+01,0.000000000000000000e+00
8.353441202779092123e+01,0.000000000000000000e+00
8.156090789904736482e+01,0.000000000000000000e+00
8.217811695635927549e+01,0.000000000000000000e+00
7.965369044788849351e+01,0.000000000000000000e+00
7.755640835449270298e+01,0.000000000000000000e+00
8.441858568182274780e+01,0.000000000000000000e+00
8.007798712282620102e+01,0.000000000000000000e+00
8.240781926275781188e+01,0.000000000000000000e+00
7.920090834542263281e+01,0.000000000000000000e+00
8.047767603079907417e+01,0.000000000000000000e+00
7.967493287799861434e+01,0.000000000000000000e+00
8.010594433410611259e+01,0.000000000000000000e+00
7.967204788854529340e+01,0.000000000000000000e+00
7.418799063403865546e+01,0.000000000000000000e+00
7.781692886849222646e+01,0.000000000000000000e+00
7.731012492962535987e+01,0.000000000000000000e+00
7.627087499500881052e+01,0.000000000000000000e+00
8.330805059783180866e+01,0.000000000000000000e+00
7.876131806312685057e+01,0.000000000000000000e+00
8.147613277749756833e+01,0.000000000000000000e+00
8.009134328318745588e+01,0.000000000000000000e+00
7.908582665006345280e+01,0.000000000000000000e+00
8.385904324275860233e+01,0.000000000000000000e+00
8.058846646239733502e+01,0.000000000000000000e+00
7.766157045170459128e+01,0.000000000000000000e+00
7.868249051969523578e+01,0.000000000000000000e+00
7.815200374607547928e+01,0.000000000000000000e+00
7.807943860717118412e+01,0.000000000000000000e+00
7.821757501336745122e+01,0.000000000000000000e+00
7.631437230387828663e+01,0.000000000000000000e+00
7.781106153161347549e+01,0.000000000000000000e+00
7.758224375277720242e+01,0.000000000000000000e+00
7.654265392468778373e+01,0.000000000000000000e+00
7.769877953186536956e+01,0.000000000000000000e+00
7.902795905603538529e+01,0.000000000000000000e+00
8.165460071046987878e+01,0.000000000000000000e+00
7.834427595137186984e+01,0.000000000000000000e+00
7.578672185922859228e+01,0.000000000000000000e+00
7.917301447240215850e+01,0.000000000000000000e+00
7.947639276944026676e+01,0.000000000000000000e+00
7.831159496109907536e+01,0.000000000000000000e+00
7.875206598997776553e+01,0.000000000000000000e+00
7.806357238511516528e+01,0.000000000000000000e+00
7.942504311344843870e+01,0.000000000000000000e+00
7.796851550038329037e+01,0.000000000000000000e+00
7.465819820970331477e+01,0.000000000000000000e+00
7.949185030582660261e+01,0.000000000000000000e+00
8.049654904755126950e+01,0.000000000000000000e+00
7.867386594830037438e+01,0.000000000000000000e+00
8.304758342359475876e+01,0.000000000000000000e+00
7.793452534860041681e+01,0.000000000000000000e+00
8.081790948684118803e+01,0.000000000000000000e+00
8.024957651939982384e+01,0.000000000000000000e+00
7.705793330781644102e+01,0.000000000000000000e+00
7.568437242261730091e+01,0.000000000000000000e+00
7.876605645708482939e+01,0.000000000000000000e+00
7.778764660944706577e+01,0.000000000000000000e+00
7.607411572199198702e+01,0.000000000000000000e+00
7.757108037692395897e+01,0.000000000000000000e+00
7.776269800239568042e+01,0.000000000000000000e+00
7.772180548163952096e+01,0.000000000000000000e+00
7.754527798378153136e+01,0.000000000000000000e+00
7.641500824657545365e+01,0.000000000000000000e+00
7.822296333536094437e+01,0.000000000000000000e+00
7.902439249626017670e+01,0.000000000000000000e+00
7.880980429659186370e+01,0.000000000000000000e+00
7.595802819341037093e+01,0.000000000000000000e+00
7.722671418766654483e+01,0.000000000000000000e+00
7.905880366104588575e+01,0.000000000000000000e+00
7.542481080409199024e+01,0.000000000000000000e+00
8.110615542364357111e+01,0.000000000000000000e+00
7.855075185630848011e+01,0.000000000000000000e+00
7.854464399679633857e+01,0.000000000000000000e+00
7.497435613324796577e+01,0.000000000000000000e+00
7.965273211950717780e+01,0.000000000000000000e+00
7.058414635757210931e+01,0.000000000000000000e+00
7.383856700935912443e+01,0.000000000000000000e+00
7.726893186393598967e+01,0.000000000000000000e+00
7.355335594277563871e+01,0.000000000000000000e+00
7.576694936190533269e+01,0.000000000000000000e+00
7.706819559306653389e+01,0.000000000000000000e+00
7.611155772414977605e+01,0.000000000000000000e+00
7.960992772319599453e+01,0.000000000000000000e+00
7.769113985747236484e+01,0.000000000000000000e+00
7.639476264870739897e+01,0.000000000000000000e+00
7.418729612263449269e+01,0.000000000000000000e+00
7.738462376096974538e+01,0.000000000000000000e+00
7.677036329183547991e+01,0.000000000000000000e+00
7.586216974236664612e+01,0.000000000000000000e+00
7.446619985533558861e+01,0.000000000000000000e+00
7.920078072923440970e+01,0.000000000000000000e+00
7.607432907337616257e+01,0.000000000000000000e+00
7.387484549961006053e+01,0.000000000000000000e+00
7.911364002694692488e+01,0.000000000000000000e+00
7.676833730448308302e+01,0.000000000000000000e+00
8.269066918229857777e+01,0.000000000000000000e+00
7.580806447935304959e+01,0.000000000000000000e+00
7.752683525330887448e+01,0.000000000000000000e+00
7.478599378572143053e+01,0.000000000000000000e+00
7.729363515355522907e+01,0.000000000000000000e+00
7.570052851770147129e+01,0.000000000000000000e+00
7.662352312245003816e+01,0.000000000000000000e+00
7.474279513264519892e+01,0.000000000000000000e+00
7.906341956639022328e+01,0.000000000000000000e+00
7.676999314419690279e+01,0.000000000000000000e+00
7.996020330112779106e+01,0.000000000000000000e+00
7.665578017028181534e+01,0.000000000000000000e+00
7.677516760452886047e+01,0.000000000000000000e+00
7.637102247785935560e+01,0.000000000000000000e+00
7.671764394201184700e+01,0.000000000000000000e+00
7.309543319065853950e+01,0.000000000000000000e+00
7.536817837109029483e+01,0.000000000000000000e+00
7.896806554450370186e+01,0.000000000000000000e+00
7.623018325525403327e+01,0.000000000000000000e+00
7.233378815172542886e+01,0.000000000000000000e+00
7.638696658792952121e+01,0.000000000000000000e+00
7.658802288391439106e+01,0.000000000000000000e+00
7.616174428880795233e+01,0.000000000000000000e+00
7.367019945503335521e+01,0.000000000000000000e+00
7.603804844290249321e+01,0.000000000000000000e+00
7.672053863668968177e+01,0.000000000000000000e+00
7.643843135993587623e+01,0.000000000000000000e+00
7.694148185665395090e+01,0.000000000000000000e+00
7.873833530549174498e+01,0.000000000000000000e+00
7.740025218608229807e+01,0.000000000000000000e+00
7.679582406250014515e+01,0.000000000000000000e+00
7.693590405975633928e+01,0.000000000000000000e+00
7.402719171849346935e+01,0.000000000000000000e+00
7.601975894166663750e+01,0.000000000000000000e+00
7.433872037098080909e+01,0.000000000000000000e+00
7.519364395147698588e+01,0.000000000000000000e+00
7.652452975105130406e+01,0.000000000000000000e+00
7.188422672438213112e+01,0.000000000000000000e+00
7.308418979616240563e+01,0.000000000000000000e+00
7.615090759182359648e+01,0.000000000000000000e+00
7.788331272607902633e+01,0.000000000000000000e+00
7.412747117941653130e+01,0.000000000000000000e+00
7.547309525422876675e+01,0.000000000000000000e+00
7.230679331865322013e+01,0.000000000000000000e+00
7.545195060926401709e+01,0.000000000000000000e+00
7.594346607152949957e+01,0.000000000000000000e+00
7.615231900658010034e+01,0.000000000000000000e+00
7.848664650605209658e+01,0.000000000000000000e+00
7.577064891941465419e+01,0.000000000000000000e+00
7.568524228129260223e+01,0.000000000000000000e+00
7.280001570514831144e+01,0.000000000000000000e+00
7.866461166857989440e+01,0.000000000000000000e+00
7.414352228276516144e+01,0.000000000000000000e+00
7.707305093983704580e+01,0.000000000000000000e+00
7.063151964016650197e+01,0.000000000000000000e+00
7.301444642353281722e+01,0.000000000000000000e+00
7.337637908293385181e+01,0.000000000000000000e+00
7.518208364469820992e+01,0.000000000000000000e+00
7.373332704184338127e+01,0.000000000000000000e+00
7.464634345277163163e+01,0.000000000000000000e+00
7.154382294088463823e+01,0.000000000000000000e+00
7.268943640490519442e+01,0.000000000000000000e+00
7.497986496509645349e+01,0.000000000000000000e+00
7.888388326446700205e+01,0.000000000000000000e+00
7.515977108636506898e+01,0.000000000000000000e+00
7.572785142799720859e+01,0.000000000000000000e+00
7.565596501136009522e+01,0.000000000000000000e+00
7.333154009446337795e+01,0.000000000000000000e+00
7.771323621443154650e+01,0.000000000000000000e+00
7.231713331979031523e+01,0.000000000000000000e+00
7.474538266039967027e+01,0.000000000000000000e+00
7.016625576726731595e+01,0.000000000000000000e+00
7.530277966191601990e+01,0.000000000000000000e+00
7.080667801291193086e+01,0.000000000000000000e+00
7.321339705856955504e+01,0.000000000000000000e+00
7.212421095312697616e+01,0.000000000000000000e+00
7.552384271339678889e+01,0.000000000000000000e+00
7.583175164936388057e+01,0.000000000000000000e+00
7.031275057068481260e+01,0.000000000000000000e+00
7.434502202966994844e+01,0.000000000000000000e+00
7.674499106250220848e+01,0.000000000000000000e+00
7.479158331946995020e+01,0.000000000000000000e+00
7.609318355936991907e+01,0.000000000000000000e+00
7.510878051475049233e+01,0.000000000000000000e+00
7.490286446828265809e+01,0.000000000000000000e+00
7.381871061493040997e+01,0.000000000000000000e+00
7.527391043865227971e+01,0.000000000000000000e+00
7.183992361820847350e+01,0.000000000000000000e+00
7.602273084269155845e+01,0.000000000000000000e+00
7.263675927701406465e+01,0.000000000000000000e+00
7.548893596085049751e+01,0.000000000000000000e+00
7.071391730696630873e+01,0.000000000000000000e+00
7.626557207929994320e+01,0.000000000000000000e+00
7.221396401101662832e+01,0.000000000000000000e+00
7.296080217064840667e+01,0.000000000000000000e+00
7.342252836119145343e+01,0.000000000000000000e+00
7.427789234119467210e+01,0.000000000000000000e+00
7.258766198151538163e+01,0.000000000000000000e+00
7.344065837012175280e+01,0.000000000000000000e+00
7.252601931952055736e+01,0.000000000000000000e+00
7.264509628846241185e+01,0.000000000000000000e+00
7.559599018750328980e+01,0.000000000000000000e+00
7.222799435524059675e+01,0.000000000000000000e+00
7.197555701697091024e+01,0.000000000000000000e+00
6.826250691919361202e+01,0.000000000000000000e+00
7.059033402246336664e+01,0.000000000000000000e+00
7.094039406931879910e+01,0.000000000000000000e+00
7.079466053331420028e+01,0.000000000000000000e+00
7.087142982608463626e+01,0.000000000000000000e+00
7.137266264810469352e+01,0.000000000000000000e+00
7.101139832197253554e+01,0.000000000000000000e+00
7.257389106059653727e+01,0.000000000000000000e+00
7.351530480607856077e+01,0.000000000000000000e+00
7.355212786099065170e+01,0.000000000000000000e+00
6.870968531534360579e+01,0.000000000000000000e+00
7.170593946229699611e+01,0.000000000000000000e+00
7.053815683692630500e+01,0.000000000000000000e+00
7.151565209915152366e+01,0.000000000000000000e+00
7.340012258003780232e+01,0.000000000000000000e+00
7.092288508291916571e+01,0.000000000000000000e+00
7.262814093201450305e+01,0.000000000000000000e+00
7.159641151517774915e+01,0.000000000000000000e+00
7.079535934958626342e+01,0.000000000000000000e+00
6.987600990880920904e+01,0.000000000000000000e+00
7.220009830377902915e+01,0.000000000000000000e+00
7.055849950501702494e+01,0.000000000000000000e+00
7.381728397535212594e+01,0.000000000000000000e+00
6.937262072835483195e+01,0.000000000000000000e+00
6.876041743664450223e+01,0.000000000000000000e+00
7.017076427491966228e+01,0.000000000000000000e+00
6.948788177058206372e+01,0.000000000000000000e+00
7.159136778183824390e+01,0.000000000000000000e+00
7.168114406948143369e+01,0.000000000000000000e+00
6.984463074426402329e+01,0.000000000000000000e+00
6.989667647700973419e+01,0.000000000000000000e+00
6.833692037874128289e+01,0.000000000000000000e+00
7.392450368484951184e+01,0.000000000000000000e+00
7.204665145944707660e+01,0.000000000000000000e+00
6.926321302533187918e+01,0.000000000000000000e+00
6.739056845634711124e+01,0.000000000000000000e+00
6.997528030266852284e+01,0.000000000000000000e+00
7.005184180158533991e+01,0.000000000000000000e+00
6.971166997049314773e+01,0.000000000000000000e+00
6.917582934098271608e+01,0.000000000000000000e+00
6.932767538301715149e+01,0.000000000000000000e+00
7.312925840161446445e+01,0.000000000000000000e+00
7.299614939295663874e+01,0.000000000000000000e+00
6.738657546828996203e+01,0.000000000000000000e+00
7.329500272955310436e+01,0.000000000000000000e+00
7.047960418021295936e+01,0.000000000000000000e+00
6.932638316200161910e+01,0.000000000000000000e+00
7.230963130506451364e+01,0.000000000000000000e+00
6.950321789612435452e+01,0.000000000000000000e+00
7.190454804351011830e+01,0.000000000000000000e+00
6.809258207120618067e+01,0.000000000000000000e+00
7.065166807146113115e+01,0.000000000000000000e+00
6.703016882129995224e+01,0.000000000000000000e+00
6.711011375765914977e+01,0.000000000000000000e+00
7.089160358123864114e+01,0.000000000000000000e+00
6.697609603716881566e+01,0.000000000000000000e+00
6.597801790431034874e+01,0.000000000000000000e+00
6.738912017661884590e+01,0.000000000000000000e+00
7.021851659280639524e+01,0.000000000000000000e+00
6.701313699100028032e+01,0.000000000000000000e+00
6.727435211433970608e+01,0.000000000000000000e+00
6.634530473040398135e+01,0.000000000000000000e+00
6.805590642037540761e+01,0.000000000000000000e+00
7.058616346499944427e+01,0.000000000000000000e+00
6.414153799750161511e+01,0.000000000000000000e+00
6.509865024734959604e+01,0.000000000000000000e+00
6.755069474209113878e+01,0.000000000000000000e+00
6.708770158368085390e+01,0.000000000000000000e+00
6.748242632661016671e+01,0.000000000000000000e+00
6.599846215204168232e+01,0.000000000000000000e+00
6.749078308530107506e+01,0.000000000000000000e+00
6.812769256610532409e+01,0.000000000000000000e+00
6.536802926046219397e+01,0.000000000000000000e+00
6.902419112385528877e+01,0.000000000000000000e+00
6.679043428026970730e+01,0.000000000000000000e+00
6.893605593101511886e+01,0.000000000000000000e+00
6.405972252671318756e+01,0.000000000000000000e+00
6.723207487962126550e+01,0.000000000000000000e+00
7.310333800538047910e+01,0.000000000000000000e+00
7.023690802559454482e+01,0.000000000000000000e+00
6.468655205081861936e+01,0.000000000000000000e+00
6.772891045322680270e+01,0.000000000000000000e+00
7.167865463014533134e+01,0.000000000000000000e+00
6.863732427656394464e+01,0.000000000000000000e+00
7.160833550588240826e+01,0.000000000000000000e+00
6.338529231169648170e+01,0.000000000000000000e+00
6.507525657163816390e+01,0.000000000000000000e+00
6.620107696108995299e+01,0.000000000000000000e+00
6.857454704962017900e+01,0.000000000000000000e+00
6.860988324444878117e+01,0.000000000000000000e+00
6.647104239408912463e+01,0.000000000000000000e+00
6.484830231255665467e+01,0.000000000000000000e+00
6.460677435345789377e+01,0.000000000000000000e+00
6.759862715457603599e+01,0.000000000000000000e+00
6.598035363388710550e+01,0.000000000000000000e+00
6.514073392221864367e+01,0.000000000000000000e+00
6.487889057792733638e+01,0.000000000000000000e+00
6.398297485882098101e+01,0.000000000000000000e+00
6.542316577760266227e+01,0.000000000000000000e+00
6.834376802587495092e+01,0.000000000000000000e+00
6.809516680557439372e+01,0.000000000000000000e+00
6.394229965191885157e+01,0.000000000000000000e+00
6.749931805879458580e+01,0.000000000000000000e+00
6.748411471385485072e+01,0.000000000000000000e+00
6.467234275244008757e+01,0.000000000000000000e+00
6.668617946798693197e+01,0.000000000000000000e+00
6.857531718655965847e+01,0.000000000000000000e+00
6.542838179029418200e+01,0.000000000000000000e+00
6.227977851025675449e+01,0.000000000000000000e+00
6.621860202167167131e+01,0.000000000000000000e+00
6.440660284967808025e+01,0.000000000000000000e+00
6.599821351195205921e+01,0.000000000000000000e+00
6.492791864277644720e+01,0.000000000000000000e+00
6.269724616193872180e+01,0.000000000000000000e+00
6.129538934647667503e+01,0.000000000000000000e+00
6.556428214075170047e+01,0.000000000000000000e+00
6.472105262950216797e+01,0.000000000000000000e+00
6.274743156970854585e+01,0.000000000000000000e+00
6.107477818121841295e+01,0.000000000000000000e+00
6.257445698292752922e+01,0.000000000000000000e+00
6.048883981374350327e+01,0.000000000000000000e+00
6.377649224761396596e+01,0.000000000000000000e+00
6.162095623896138363e+01,0.000000000000000000e+00
6.533992116811707263e+01,0.000000000000000000e+00
6.239929854999726899e+01,0.000000000000000000e+00
6.764505640603812253e+01,0.000000000000000000e+00
6.506241832042483964e+01,0.000000000000000000e+00
6.343964208088036827e+01,0.000000000000000000e+00
6.973807702528527841e+01,0.000000000000000000e+00
6.387671822241561870e+01,0.000000000000000000e+00
6.375737467539320136e+01,0.000000000000000000e+00
6.233825093402079887e+01,0.000000000000000000e+00
6.073567062016319085e+01,0.000000000000000000e+00
6.278575381288107593e+01,0.000000000000000000e+00
6.357706708400238682e+01,0.000000000000000000e+00
6.481757854956862275e+01,0.000000000000000000e+00
6.702240480948168511e+01,0.000000000000000000e+00
6.555371689843134675e+01,0.000000000000000000e+00
6.248998601442348644e+01,0.000000000000000000e+00
6.606189312457603080e+01,0.000000000000000000e+00
6.316034114010274436e+01,0.000000000000000000e+00
6.348556340494423011e+01,0.000000000000000000e+00
6.367839185276284297e+01,0.000000000000000000e+00
6.422712499274865650e+01,0.000000000000000000e+00
5.865265406105737611e+01,0.000000000000000000e+00
6.443403161740801011e+01,0.000000000000000000e+00
6.368557057707332802e+01,0.000000000000000000e+00
6.031854206129895601e+01,0.000000000000000000e+00
6.308668563304100019e+01,0.000000000000000000e+00
5.983920635798163801e+01,0.000000000000000000e+00
6.210178935345744122e+01,0.000000000000000000e+00
6.196695954393315020e+01,0.000000000000000000e+00
6.231030159895914977e+01,0.000000000000000000e+00
6.019543645114062969e+01,0.000000000000000000e+00
6.174066726937816441e+01,0.000000000000000000e+00
6.295100504393923302e+01,0.000000000000000000e+00
6.508084796538251737e+01,0.000000000000000000e+00
6.108637049296345367e+01,0.000000000000000000e+00
5.972801705162144970e+01,0.000000000000000000e+00
6.081454438918670036e+01,0.000000000000000000e+00
6.475241316873784569e+01,0.000000000000000000e+00
6.074123651951747149e+01,0.000000000000000000e+00
6.130774749346967667e+01,0.000000000000000000e+00
6.457197619822710521e+01,0.000000000000000000e+00
5.932646268178413607e+01,0.000000000000000000e+00
5.867608006831104461e+01,0.000000000000000000e+00
6.245444536924192391e+01,0.000000000000000000e+00
6.093788086234605572e+01,0.000000000000000000e+00
5.866413684644452076e+01,0.000000000000000000e+00
5.745507156094429746e+01,0.000000000000000000e+00
5.961496600572098714e+01,0.000000000000000000e+00
6.143422106104866032e+01,0.000000000000000000e+00
6.147585799442634169e+01,0.000000000000000000e+00
6.172213946888497560e+01,0.000000000000000000e+00
6.165435027682482882e+01,0.000000000000000000e+00
5.947260246136603001e+01,0.000000000000000000e+00
5.807801296313432005e+01,0.000000000000000000e+00
6.106187919256513652e+01,0.000000000000000000e+00
6.113248866686912208e+01,0.000000000000000000e+00
6.390971180231576909e+01,0.000000000000000000e+00
6.283984681672878736e+01,0.000000000000000000e+00
5.798971855278428222e+01,0.000000000000000000e+00
6.143811862035141758e+01,0.000000000000000000e+00
5.934312309763500792e+01,0.000000000000000000e+00
5.912306163587381747e+01,0.000000000000000000e+00
5.958448456280201100e+01,0.000000000000000000e+00
5.983593128178483056e+01,0.000000000000000000e+00
5.636719566392654457e+01,0.000000000000000000e+00
6.096495717358682498e+01,0.000000000000000000e+00
5.573758834659829375e+01,0.000000000000000000e+00
5.951058525451904302e+01,0.000000000000000000e+00
6.101869818604671991e+01,0.000000000000000000e+00
6.014919894758323693e+01,0.000000000000000000e+00
6.239178531430163588e+01,0.000000000000000000e+00
5.506833598781148709e+01,0.000000000000000000e+00
6.256272051629796493e+01,0.000000000000000000e+00
5.955856678987554886e+01,0.000000000000000000e+00
5.470473617358480567e+01,0.000000000000000000e+00
5.948689127385910780e+01,0.000000000000000000e+00
5.906465549216106581e+01,0.000000000000000000e+00
5.985043055367654574e+01,0.000000000000000000e+00
5.898674982689259849e+01,0.000000000000000000e+00
5.717092267739949563e+01,0.000000000000000000e+00
5.777893767693257132e+01,0.000000000000000000e+00
5.890056370669308450e+01,0.000000000000000000e+00
5.944928719928611116e+01,0.000000000000000000e+00
5.619441387764821627e+01,0.000000000000000000e+00
5.497428644865034641e+01,0.000000000000000000e+00
6.085480834654842397e+01,0.000000000000000000e+00
5.947099725707020923e+01,0.000000000000000000e+00
5.903598883358693428e+01,0.000000000000000000e+00
5.902485265185892871e+01,0.000000000000000000e+00
5.774166446702522393e+01,0.000000000000000000e+00
5.854304848460918009e+01,0.000000000000000000e+00
5.903018259457504513e+01,0.000000000000000000e+00
5.794839952439087938e+01,0.000000000000000000e+00
5.692256138003585875e+01,0.000000000000000000e+00
5.648306354447340283e+01,0.000000000000000000e+00
5.697699160908562277e+01,0.000000000000000000e+00
6.253947216270950094e+01,0.000000000000000000e+00
5.699600409844489945e+01,0.000000000000000000e+00
5.504192809285593313e+01,0.000000000000000000e+00
5.821672205276463785e+01,0.000000000000000000e+00
5.752471415276362876e+01,0.000000000000000000e+00
5.328774211987739307e+01,0.000000000000000000e+00
5.666410499895889075e+01,0.000000000000000000e+00
5.520355759689245900e+01,0.000000000000000000e+00
5.737579010651658962e+01,0.000000000000000000e+00
5.344082487703665407e+01,0.000000000000000000e+00
5.544202752988609006e+01,0.000000000000000000e+00
5.669281552503250765e+01,0.000000000000000000e+00
5.732836712231435428e+01,0.000000000000000000e+00
5.461533548169638408e+01,0.000000000000000000e+00
5.659790618648135307e+01,0.000000000000000000e+00
5.664700607628413564e+01,0.000000000000000000e+00
5.165306965999770483e+01,0.000000000000000000e+00
5.179190050240823240e+01,0.000000000000000000e+00
6.071225249683137548e+01,0.000000000000000000e+00
5.783878435367310544e+01,0.000000000000000000e+00
5.464242714293593650e+01,0.000000000000000000e+00
5.454775243983668531e+01,0.000000000000000000e+00
5.997920969452943041e+01,0.000000000000000000e+00
5.293072277508667156e+01,0.000000000000000000e+00
5.980194110391299489e+01,0.000000000000000000e+00
5.644626032796350046e+01,0.000000000000000000e+00
5.350422369057658045e+01,0.000000000000000000e+00
5.443592900245991473e+01,0.000000000000000000e+00
5.674862500791044084e+01,0.000000000000000000e+00
5.228146157991706389e+01,0.000000000000000000e+00
5.594059352029771048e+01,0.000000000000000000e+00
4.797641448353342497e+01,0.000000000000000000e+00
5.457789463860640211e+01,0.000000000000000000e+00
5.196374431633689994e+01,0.000000000000000000e+00
5.426817512747225436e+01,0.000000000000000000e+00
5.512460568137595374e+01,0.000000000000000000e+00
5.310175423601445743e+01,0.000000000000000000e+00
5.229645420738917494e+01,0.000000000000000000e+00
5.080909709063457314e+01,0.000000000000000000e+00
5.312486742309768317e+01,0.000000000000000000e+00
5.447899032630870408e+01,0.000000000000000000e+00
5.483095589377737156e+01,0.000000000000000000e+00
5.017039379370832819e+01,0.000000000000000000e+00
5.298812018485322284e+01,0.000000000000000000e+00
5.046019932591414658e+01,0.000000000000000000e+00
5.134228456541233498e+01,0.000000000000000000e+00
5.216744414588986700e+01,0.000000000000000000e+00
5.498345039446623161e+01,0.000000000000000000e+00
5.351104002696622075e+01,0.000000000000000000e+00
4.892980652236085604e+01,0.000000000000000000e+00
5.239339800262253988e+01,0.000000000000000000e+00
5.653389118523197965e+01,0.000000000000000000e+00
4.800995433010951530e+01,0.000000000000000000e+00
5.368181183036072213e+01,0.000000000000000000e+00
5.304807016191716684e+01,0.000000000000000000e+00
5.181534720295869079e+01,0.000000000000000000e+00
5.556107459458210229e+01,0.000000000000000000e+00
5.169767195230672741e+01,0.000000000000000000e+00
5.340795957203585687e+01,0.000000000000000000e+00
5.154194576109896531e+01,0.000000000000000000e+00
5.588336304250655928e+01,0.000000000000000000e+00
5.336845167964190040e+01,0.000000000000000000e+00
5.127305404585721504e+01,0.000000000000000000e+00
5.378896324533887707e+01,0.000000000000000000e+00
5.186040890614225418e+01,0.000000000000000000e+00
5.590549430534033348e+01,0.000000000000000000e+00
5.097536089404360382e+01,0.000000000000000000e+00
5.222866189240964019e+01,0.000000000000000000e+00
4.944216302859250334e+01,0.000000000000000000e+00
4.994006854996948874e+01,0.000000000000000000e+00
5.252061256065949379e+01,0.000000000000000000e+00
5.113755543389033420e+01,0.000000000000000000e+00
5.185379430379519050e+01,0.000000000000000000e+00
5.208041321212312624e+01,0.000000000000000000e+00
5.247591465684578793e+01,0.000000000000000000e+00
4.813741223097068200e+01,0.000000000000000000e+00
5.038846949438980971e+01,0.000000000000000000e+00
5.347760157437561901e+01,0.000000000000000000e+00
4.813233390490798058e+01,0.000000000000000000e+00
5.096708971726292248e+01,0.000000000000000000e+00
4.712747120162753589e+01,0.000000000000000000e+00
4.650003048343772605e+01,0.000000000000000000e+00
4.868143655983539020e+01,0.000000000000000000e+00
4.896353524909759614e+01,0.000000000000000000e+00
5.223060218436167901e+01,0.000000000000000000e+00
4.908010574425384931e+01,0.000000000000000000e+00
4.955613735630846861e+01,0.000000000000000000e+00
4.969975934662161166e+01,0.000000000000000000e+00
4.662584742358742318e+01,0.000000000000000000e+00
5.133376220362158193e+01,0.000000000000000000e+00
4.796850459124973298e+01,0.000000000000000000e+00
5.069333563813974308e+01,0.000000000000000000e+00
4.808046331469189028e+01,0.000000000000000000e+00
5.093739726567670090e+01,0.000000000000000000e+00
5.062262447529533915e+01,0.000000000000000000e+00
4.884904782712276017e+01,0.000000000000000000e+00
5.036439013568293888e+01,0.000000000000000000e+00
4.801656762148056856e+01,0.000000000000000000e+00
5.106576780319106490e+01,0.000000000000000000e+00
5.080074795821395384e+01,0.000000000000000000e+00
5.102065524040478550e+01,0.000000000000000000e+00
4.747895481340155754e+01,0.000000000000000000e+00
4.638427468124736208e+01,0.000000000000000000e+00
4.775655222336057193e+01,0.000000000000000000e+00
4.720559566807779817e+01,0.000000000000000000e+00
4.724320357111461988e+01,0.000000000000000000e+00
4.488239171310131326e+01,0.000000000000000000e+00
4.709171671125005787e+01,0.000000000000000000e+00
4.625543117093602064e+01,0.000000000000000000e+00
4.595082712764006772e+01,0.000000000000000000e+00
4.848877667131797864e+01,0.000000000000000000e+00
4.807617378112911410e+01,0.000000000000000000e+00
5.122090580474696964e+01,0.000000000000000000e+00
4.840562058282477409e+01,0.000000000000000000e+00
4.760570226006471017e+01,0.000000000000000000e+00
4.707287526446405224e+01,0.000000000000000000e+00
4.609253211866252542e+01,0.000000000000000000e+00
4.685206033544575632e+01,0.000000000000000000e+00
4.615429492540219059e+01,0.000000000000000000e+00
4.804667526366805674e+01,0.000000000000000000e+00
5.004613998923813512e+01,0.000000000000000000e+00
4.760987160831511034e+01,0.000000000000000000e+00
4.646054115078334235e+01,0.000000000000000000e+00
4.370701153031173902e+01,0.000000000000000000e+00
4.812235070676150173e+01,0.000000000000000000e+00
4.856172027697758153e+01,0.000000000000000000e+00
4.871760710658468696e+01,0.000000000000000000e+00
4.598094709675596192e+01,0.000000000000000000e+00
4.665732401734108237e+01,0.000000000000000000e+00
4.649513749763010395e+01,0.000000000000000000e+00
5.023521506282389026e+01,0.000000000000000000e+00
4.583744043183401828e+01,0.000000000000000000e+00
4.483353641707001458e+01,0.000000000000000000e+00
4.984589089898987879e+01,0.000000000000000000e+00
4.289361407919160030e+01,0.000000000000000000e+00
4.557868444857746226e+01,0.000000000000000000e+00
4.505973399718144634e+01,0.000000000000000000e+00
4.868900559715597609e+01,0.000000000000000000e+00
4.598714160218184333e+01,0.000000000000000000e+00
4.170910860514729279e+01,0.000000000000000000e+00
4.132379200020303500e+01,0.000000000000000000e+00
4.668365654927106334e+01,0.000000000000000000e+00
4.532939030365109545e+01,0.000000000000000000e+00
4.386036300651937836e+01,0.000000000000000000e+00
4.457521326268971507e+01,0.000000000000000000e+00
4.213797753105437494e+01,0.000000000000000000e+00
4.117488949729691683e+01,0.000000000000000000e+00
4.252581256334094917e+01,0.000000000000000000e+00
4.244886414904719629e+01,0.000000000000000000e+00
4.249470119983130445e+01,0.000000000000000000e+00
4.283458673039256581e+01,0.000000000000000000e+00
4.330085378467459378e+01,0.000000000000000000e+00
4.274577669366482979e+01,0.000000000000000000e+00
4.060044364352663848e+01,0.000000000000000000e+00
4.351666477607946604e+01,0.000000000000000000e+00
4.625132490529428964e+01,0.000000000000000000e+00
4.679311056540817759e+01,0.000000000000000000e+00
4.102229227241448939e+01,0.000000000000000000e+00
4.190754937289788273e+01,0.000000000000000000e+00
4.392405760526325054e+01,0.000000000000000000e+00
4.291060837976366571e+01,0.000000000000000000e+00
4.403829585496849575e+01,0.000000000000000000e+00
4.289770551158581213e+01,0.000000000000000000e+00
4.390054537296324355e+01,0.000000000000000000e+00
4.588190821684086984e+01,0.000000000000000000e+00
4.071148310579891927e+01,0.000000000000000000e+00
4.151333338298036324e+01,0.000000000000000000e+00
4.106996864566157512e+01,0.000000000000000000e+00
4.034907080138484758e+01,0.000000000000000000e+00
4.371476559381457605e+01,0.000000000000000000e+00
4.313157238245777592e+01,0.000000000000000000e+00
4.459954399324940510e+01,0.000000000000000000e+00
4.315316533672556432e+01,0.000000000000000000e+00
4.126315769534814137e+01,0.000000000000000000e+00
3.926650927561530580e+01,0.000000000000000000e+00
4.127358797981038663e+01,0.000000000000000000e+00
4.171632044939220663e+01,0.000000000000000000e+00
3.852529083272992949e+01,0.000000000000000000e+00
3.890852579957837776e+01,0.000000000000000000e+00
4.200931160932157127e+01,0.000000000000000000e+00
4.426836592013302152e+01,0.000000000000000000e+00
3.877171968703010663e+01,0.000000000000000000e+00
4.572491133723771384e+01,0.000000000000000000e+00
4.293831817894047020e+01,0.000000000000000000e+00
4.076593219110249322e+01,0.000000000000000000e+00
4.091098213355041935e+01,0.000000000000000000e+00
4.215505554145042311e+01,0.000000000000000000e+00
3.803073207020347724e+01,0.000000000000000000e+00
4.233201021021210408e+01,0.000000000000000000e+00
3.626707079634859099e+01,0.000000000000000000e+00
4.234782059146337474e+01,0.000000000000000000e+00
4.186516909839101430e+01,0.000000000000000000e+00
4.163809129737001058e+01,0.000000000000000000e+00
4.203236961916542214e+01,0.000000000000000000e+00
3.709093792387490396e+01,0.000000000000000000e+00
4.443280259257953446e+01,0.000000000000000000e+00
4.078226913653668362e+01,0.000000000000000000e+00
4.546626902865769182e+01,0.000000000000000000e+00
4.063806039711134588e+01,0.000000000000000000e+00
4.011105735588596133e+01,0.000000000000000000e+00
4.215946065743234783e+01,0.000000000000000000e+00
4.003698408226434680e+01,0.000000000000000000e+00
4.074407130958649503e+01,0.000000000000000000e+00
4.013914816164912480e+01,0.000000000000000000e+00
4.016649470182785819e+01,0.000000000000000000e+00
4.129653887590166050e+01,0.000000000000000000e+00
4.170935000066831577e+01,0.000000000000000000e+00
3.922953850810053922e+01,0.000000000000000000e+00
4.248507733737686465e+01,0.000000000000000000e+00
4.241823303266884437e+01,0.000000000000000000e+00
3.361161662535504746e+01,0.000000000000000000e+00
3.937820907957713246e+01,0.000000000000000000e+00
3.613461999100402267e+01,0.000000000000000000e+00
4.108619888095000761e+01,0.000000000000000000e+00
4.401801956183626885e+01,0.000000000000000000e+00
3.945629321532013023e+01,0.000000000000000000e+00
4.051839243762243825e+01,0.000000000000000000e+00
3.978461955276638662e+01,0.000000000000000000e+00
3.811437987550306872e+01,0.000000000000000000e+00
3.737605491254529966e+01,0.000000000000000000e+00
3.916367387153383106e+01,0.000000000000000000e+00
4.027656488570163873e+01,0.000000000000000000e+00
3.810814417429087797e+01,0.000000000000000000e+00
3.793871837743422049e+01,0.000000000000000000e+00
4.003916969719468000e+01,0.000000000000000000e+00
4.020787505674770301e+01,0.000000000000000000e+00
3.768798143965591407e+01,0.000000000000000000e+00
3.823551539330748028e+01,0.000000000000000000e+00
3.542741187076028808e+01,0.000000000000000000e+00
4.077787526511360738e+01,0.000000000000000000e+00
4.076868187543173860e+01,0.000000000000000000e+00
3.963727397185350299e+01,0.000000000000000000e+00
3.862578321568831541e+01,0.000000000000000000e+00
3.962370246744931990e+01,0.000000000000000000e+00
3.713407392261246542e+01,0.000000000000000000e+00
4.120747968770275804e+01,0.000000000000000000e+00
3.169275147400279380e+01,0.000000000000000000e+00
3.826578091550064187e+01,0.000000000000000000e+00
3.490333346943398141e+01,0.000000000000000000e+00
3.595352092152707968e+01,0.000000000000000000e+00
4.014562079735346600e+01,0.000000000000000000e+00
3.604452492629036442e+01,0.000000000000000000e+00
3.745345821674574438e+01,0.000000000000000000e+00
4.087519863806711129e+01,0.000000000000000000e+00
3.498220647350794366e+01,0.000000000000000000e+00
3.342092189152694459e+01,0.000000000000000000e+00
3.575785175292871543e+01,0.000000000000000000e+00
3.558927862507064077e+01,0.000000000000000000e+00
3.803372302869241395e+01,0.000000000000000000e+00
3.739093084218660579e+01,0.000000000000000000e+00
3.639563865120011599e+01,0.000000000000000000e+00
3.639117129089184033e+01,0.000000000000000000e+00
3.889023865015425230e+01,0.000000000000000000e+00
3.576943109094030859e+01,0.000000000000000000e+00
3.823775782647483368e+01,0.000000000000000000e+00
3.781467325524730683e+01,0.000000000000000000e+00
3.638355341373874552e+01,0.000000000000000000e+00
3.605962273244104210e+01,0.000000000000000000e+00
3.771662264176428181e+01,0.000000000000000000e+00
3.768729434968828684e+01,0.000000000000000000e+00
3.921796363804643448e+01,0.000000000000000000e+00
3.694628544978564122e+01,0.000000000000000000e+00
3.370566181330230648e+01,0.000000000000000000e+00
3.632321631463775446e+01,0.000000000000000000e+00
4.027635093033577363e+01,0.000000000000000000e+00
3.412859179301349855e+01,0.000000000000000000e+00
3.468073229606567764e+01,0.000000000000000000e+00
4.007917490619750822e+01,0.000000000000000000e+00
3.360415676233007076e+01,0.000000000000000000e+00
3.558888292844756052e+01,0.000000000000000000e+00
3.770172188674370517e+01,0.000000000000000000e+00
3.626227277481772404e+01,0.000000000000000000e+00
3.651611776509142970e+01,0.000000000000000000e+00
3.603496421421255747e+01,0.000000000000000000e+00
3.354671897407121151e+01,0.000000000000000000e+00
3.544926616664739072e+01,0.000000000000000000e+00
3.557281153583389255e+01,0.000000000000000000e+00
3.422320472928870316e+01,0.000000000000000000e+00
3.465544551956513430e+01,0.000000000000000000e+00
3.724958671989423920e+01,0.000000000000000000e+00
3.735323944257283557e+01,0.000000000000000000e+00
3.361341613056043798e+01,0.000000000000000000e+00
3.397296818682610109e+01,0.000000000000000000e+00
3.214733835260064865e+01,0.000000000000000000e+00
3.718223567187619238e+01,0.000000000000000000e+00
3.413729603665765211e+01,0.000000000000000000e+00
3.826452661145107470e+01,0.000000000000000000e+00
3.235843436620111646e+01,0.000000000000000000e+00
3.539739204004408890e+01,0.000000000000000000e+00
3.263930201493169392e+01,0.000000000000000000e+00
3.141945577202939788e+01,0.000000000000000000e+00
3.352665488713768838e+01,0.000000000000000000e+00
2.978417552156994219e+01,0.000000000000000000e+00
3.320255814278552009e+01,0.000000000000000000e+00
3.451304829349683700e+01,0.000000000000000000e+00
3.624764230208106852e+01,0.000000000000000000e+00
3.194282332110811140e+01,0.000000000000000000e+00
3.455302456540130152e+01,0.000000000000000000e+00
3.288038489217025528e+01,0.000000000000000000e+00
3.655713755537810528e+01,0.000000000000000000e+00
2.847854067417782176e+01,0.000000000000000000e+00
3.244139774491261363e+01,0.000000000000000000e+00
3.440353740879584876e+01,0.000000000000000000e+00
3.408683072329226604e+01,0.000000000000000000e+00
3.418277292708667403e+01,0.000000000000000000e+00
3.372796947938101653e+01,0.000000000000000000e+00
3.607901904060844345e+01,0.000000000000000000e+00
3.017065552231026260e+01,0.000000000000000000e+00
3.160693535634233697e+01,0.000000000000000000e+00
3.219701123340241367e+01,0.000000000000000000e+00
3.346820562149751055e+01,0.000000000000000000e+00
3.228146510993352081e+01,0.000000000000000000e+00
3.029127239040934327e+01,0.000000000000000000e+00
3.205611628524794554e+01,0.000000000000000000e+00
3.081772291482021942e+01,0.000000000000000000e+00
2.963426857104499490e+01,0.000000000000000000e+00
3.142961136722417947e+01,0.000000000000000000e+00
2.942892160273537527e+01,0.000000000000000000e+00
3.084540150455825369e+01,0.000000000000000000e+00
3.430985400477766234e+01,0.000000000000000000e+00
2.956481661505250358e+01,0.000000000000000000e+00
3.437050973076462412e+01,0.000000000000000000e+00
3.292835307971257208e+01,0.000000000000000000e+00
3.345097296435734791e+01,0.000000000000000000e+00
3.007273493111881280e+01,0.000000000000000000e+00
2.840095762234155430e+01,0.000000000000000000e+00
3.060395252358508600e+01,0.000000000000000000e+00
3.462727241208452966e+01,0.000000000000000000e+00
2.999239777496324066e+01,0.000000000000000000e+00
3.110295404210068071e+01,0.000000000000000000e+00
3.016692841094543098e+01,0.000000000000000000e+00
3.377276140925665970e+01,0.000000000000000000e+00
3.341831854789609935e+01,0.000000000000000000e+00
2.795449603233705815e+01,0.000000000000000000e+00
2.529840733673681541e+01,0.000000000000000000e+00
3.334526029370442046e+01,0.000000000000000000e+00
3.251895169756461001e+01,0.000000000000000000e+00
3.017423992673215238e+01,0.000000000000000000e+00
3.085374653721026306e+01,0.000000000000000000e+00
3.233475468893649207e+01,0.000000000000000000e+00
2.948734467352729638e+01,0.000000000000000000e+00
3.211920970761906347e+01,0.000000000000000000e+00
3.298027836818484104e+01,0.000000000000000000e+00
2.900540353281114037e+01,0.000000000000000000e+00
2.838829296136362146e+01,0.000000000000000000e+00
2.986303766411788274e+01,0.000000000000000000e+00
3.321902295193530108e+01,0.000000000000000000e+00
2.774755973726709612e+01,0.000000000000000000e+00
3.082984875253016455e+01,0.000000000000000000e+00
3.216440148010729416e+01,0.000000000000000000e+00
3.385967313941969081e+01,0.000000000000000000e+00
3.146079386800438016e+01,0.000000000000000000e+00
3.092002201277663787e+01,0.000000000000000000e+00
3.105734719157532808e+01,0.000000000000000000e+00
2.782978508401356166e+01,0.000000000000000000e+00
3.210461960014174565e+01,0.000000000000000000e+00
2.925605589194874057e+01,0.000000000000000000e+00
3.220474959669639503e+01,0.000000000000000000e+00
3.094991369307225071e+01,0.000000000000000000e+00
3.028672855315759094e+01,0.000000000000000000e+00
2.788384024481351986e+01,0.000000000000000000e+00
3.193267919923130904e+01,0.000000000000000000e+00
2.883203377157796155e+01,0.000000000000000000e+00
3.053911460504297182e+01,0.000000000000000000e+00
2.789424576362557673e+01,0.000000000000000000e+00
2.941224948554349083e+01,0.000000000000000000e+00
3.081728216701553080e+01,0.000000000000000000e+00
3.325469868614674596e+01,0.000000000000000000e+00
2.819484276973062364e+01,0.000000000000000000e+00
3.047774576486207110e+01,0.000000000000000000e+00
2.624442431755807803e+01,0.000000000000000000e+00
3.129776918940306984e+01,0.000000000000000000e+00
3.171102146748226858e+01,0.000000000000000000e+00
2.425374381736456897e+01,0.000000000000000000e+00
2.857350689520589881e+01,0.000000000000000000e+00
2.739573698901537568e+01,0.000000000000000000e+00
2.546721897926285294e+01,0.000000000000000000e+00
2.854957542895693479e+01,0.000000000000000000e+00
2.928450555586092108e+01,0.000000000000000000e+00
2.709879546653875337e+01,0.000000000000000000e+00
2.897472486370732625e+01,0.000000000000000000e+00
3.029062017332378787e+01,0.000000000000000000e+00
2.969512852126043256e+01,0.000000000000000000e+00
3.023848166081696931e+01,0.000000000000000000e+00
2.983492487131697857e+01,0.000000000000000000e+00
2.591051306802931720e+01,0.000000000000000000e+00
2.890830848238661588e+01,0.000000000000000000e+00
2.670067174485501127e+01,0.000000000000000000e+00
2.840119963634493416e+01,0.000000000000000000e+00
2.836811351907473266e+01,0.000000000000000000e+00
2.804405113104721892e+01,0.000000000000000000e+00
3.001779896363057532e+01,0.000000000000000000e+00
3.022643314797790026e+01,0.000000000000000000e+00
2.528810415241363785e+01,0.000000000000000000e+00
2.640325481457854906e+01,0.000000000000000000e+00
2.877912322280554136e+01,0.000000000000000000e+00
2.800468979958790783e+01,0.000000000000000000e+00
2.624225482001380527e+01,0.000000000000000000e+00
2.748859230627799022e+01,0.000000000000000000e+00
2.711979206886099547e+01,0.000000000000000000e+00
2.417953696376876493e+01,0.000000000000000000e+00
2.923652646074748773e+01,0.000000000000000000e+00
2.950421782508715296e+01,0.000000000000000000e+00
3.003413571864214404e+01,0.000000000000000000e+00
2.628576052023531773e+01,0.000000000000000000e+00
2.651471680809576270e+01,0.000000000000000000e+00
2.540053921254428815e+01,0.000000000000000000e+00
2.726531212040938712e+01,0.000000000000000000e+00
2.681444888573576790e+01,0.000000000000000000e+00
2.833776816884866889e+01,0.000000000000000000e+00
2.837568375002184595e+01,0.000000000000000000e+00
2.945861425442342352e+01,0.000000000000000000e+00
2.713896042123716867e+01,0.000000000000000000e+00
2.501995900078821933e+01,0.000000000000000000e+00
2.695671017295879679e+01,0.000000000000000000e+00
2.725245697449820881e+01,0.000000000000000000e+00
2.475721105914162834e+01,0.000000000000000000e+00
2.762761630734979335e+01,0.000000000000000000e+00
2.499986843754053822e+01,0.000000000000000000e+00
2.755416028897137792e+01,0.000000000000000000e+00
2.784941913781328182e+01,0.000000000000000000e+00
2.512262941411549377e+01,0.000000000000000000e+00
2.492855559250827469e+01,0.000000000000000000e+00
2.557842124569361530e+01,0.000000000000000000e+00
2.572666657646682964e+01,0.000000000000000000e+00
2.868521670833813175e+01,0.000000000000000000e+00
2.738782133753171166e+01,0.000000000000000000e+00
2.743022198956609614e+01,0.000000000000000000e+00
2.219358255459921736e+01,0.000000000000000000e+00
2.508911009501563427e+01,0.000000000000000000e+00
2.480042173368791225e+01,0.000000000000000000e+00
2.602968016363029591e+01,0.000000000000000000e+00
2.110639170606383530e+01,0.000000000000000000e+00
2.566063911229464978e+01,0.000000000000000000e+00
2.683522906673822916e+01,0.000000000000000000e+00
2.670082793630029983e+01,0.000000000000000000e+00
2.883289911117527282e+01,0.000000000000000000e+00
2.370352484086784983e+01,0.000000000000000000e+00
3.051838992664707462e+01,0.000000000000000000e+00
2.571979543955234249e+01,0.000000000000000000e+00
2.583395845612684383e+01,0.000000000000000000e+00
3.025374684102893141e+01,0.000000000000000000e+00
2.506311452919100091e+01,0.000000000000000000e+00
2.189210986435620399e+01,0.000000000000000000e+00
2.752043610369311466e+01,0.000000000000000000e+00
2.555344119605743813e+01,0.000000000000000000e+00
2.703441954567922778e+01,0.000000000000000000e+00
2.441653655988842075e+01,0.000000000000000000e+00
2.825564178126754200e+01,0.000000000000000000e+00
2.663450500723636338e+01,0.000000000000000000e+00
2.341398765964235196e+01,0.000000000000000000e+00
2.320896288371335459e+01,0.000000000000000000e+00
2.517576004693808756e+01,0.000000000000000000e+00
2.229464802502975118e+01,0.000000000000000000e+00
2.551245867314512950e+01,0.000000000000000000e+00
2.493375594241102178e+01,0.000000000000000000e+00
2.280343429844694114e+01,0.000000000000000000e+00
2.378104253944005464e+01,0.000000000000000000e+00
2.343590020611923208e+01,0.000000000000000000e+00
2.321713055383492375e+01,0.000000000000000000e+00
2.354956098990919244e+01,0.000000000000000000e+00
2.389487018586636324e+01,0.000000000000000000e+00
2.764912536944411769e+01,0.000000000000000000e+00
2.330552982257585271e+01,0.000000000000000000e+00
2.418051166762008108e+01,0.000000000000000000e+00
2.685591649443953344e+01,0.000000000000000000e+00
2.109148254017148005e+01,0.000000000000000000e+00
2.443874828502418239e+01,0.000000000000000000e+00
3.001017866271725509e+01,0.000000000000000000e+00
2.493285773338140388e+01,0.000000000000000000e+00
2.358848849911079881e+01,0.000000000000000000e+00
2.671078314734381820e+01,0.000000000000000000e+00
2.308469836265869546e+01,0.000000000000000000e+00
2.551279731619490576e+01,0.000000000000000000e+00
2.207472511602422927e+01,0.000000000000000000e+00
2.458403074336357719e+01,0.000000000000000000e+00
2.296561867099655885e+01,0.000000000000000000e+00
2.542285988765609872e+01,0.000000000000000000e+00
2.602554846479836570e+01,0.000000000000000000e+00
2.806156556238585154e+01,0.000000000000000000e+00
2.423197704066537028e+01,0.000000000000000000e+00
2.362309542062237355e+01,0.000000000000000000e+00
2.544959623141195948e+01,0.000000000000000000e+00
2.482921345473410923e+01,0.000000000000000000e+00
2.494410410206474182e+01,0.000000000000000000e+00
2.306672076760655088e+01,0.000000000000000000e+00
2.333239527668854763e+01,0.000000000000000000e+00
2.279244627617199015e+01,0.000000000000000000e+00
2.389190939471599151e+01,0.000000000000000000e+00
2.328669695388231986e+01,0.000000000000000000e+00
2.467835896769345894e+01,0.000000000000000000e+00
2.256493060141407980e+01,0.000000000000000000e+00
2.500927298359703244e+01,0.000000000000000000e+00
2.381216333831329379e+01,0.000000000000000000e+00
2.408999764762876339e+01,0.000000000000000000e+00
2.150462767742869374e+01,0.000000000000000000e+00
2.488266024333929494e+01,0.000000000000000000e+00
2.149786642299671513e+01,0.000000000000000000e+00
2.345029633211939313e+01,0.000000000000000000e+00
2.572940597817745001e+01,0.000000000000000000e+00
2.306749319901442874e+01,0.000000000000000000e+00
2.369927015600890030e+01,0.000000000000000000e+00
2.116698148507891375e+01,0.000000000000000000e+00
2.033798801384946131e+01,0.000000000000000000e+00
2.615504772046786641e+01,0.000000000000000000e+00
2.494755520733679077e+01,0.000000000000000000e+00
2.483610415140991279e+01,0.000000000000000000e+00
2.277739913221759593e+01,0.000000000000000000e+00
2.028763418958564557e+01,0.000000000000000000e+00
2.320586946849848076e+01,0.000000000000000000e+00
2.005386082736169229e+01,0.000000000000000000e+00
2.359221445327077404e+01,0.000000000000000000e+00
1.929639395305438399e+01,0.000000000000000000e+00
2.213826039957967495e+01,0.000000000000000000e+00
2.161227105884358224e+01,0.000000000000000000e+00
2.408020563913327905e+01,0.000000000000000000e+00
1.911746141804263388e+01,0.000000000000000000e+00
2.247506480767672699e+01,0.000000000000000000e+00
2.034081964684593657e+01,0.000000000000000000e+00
2.298465671540580857e+01,0.000000000000000000e+00
2.420706598003792465e+01,0.000000000000000000e+00
2.140325099347269600e+01,0.000000000000000000e+00
1.856893742973533534e+01,0.000000000000000000e+00
1.801135016781387677e+01,0.000000000000000000e+00
2.369244873928939654e+01,0.000000000000000000e+00
2.187133324968107928e+01,0.000000000000000000e+00
2.406857647895664698e+01,0.000000000000000000e+00
1.906287513877897766e+01,0.000000000000000000e+00
1.810470145989391355e+01,0.000000000000000000e+00
2.502695561670655167e+01,0.000000000000000000e+00
1.793420481225800955e+01,0.000000000000000000e+00
2.128690148389422632e+01,0.000000000000000000e+00
2.221112939736348579e+01,0.000000000000000000e+00
1.987324065240360937e+01,0.000000000000000000e+00
2.226488181764716145e+01,0.000000000000000000e+00
2.454878474146710232e+01,0.000000000000000000e+00
2.358137424337565591e+01,0.000000000000000000e+00
2.213635672574472224e+01,0.000000000000000000e+00
2.073667608270786644e+01,0.000000000000000000e+00
1.870687354666971913e+01,0.000000000000000000e+00
1.789390221644696410e+01,0.000000000000000000e+00
2.235091181748290268e+01,0.000000000000000000e+00
2.511083624594330388e+01,0.000000000000000000e+00
1.954167072886068368e+01,0.000000000000000000e+00
2.026346987560920354e+01,0.000000000000000000e+00
1.986086424549685958e+01,0.000000000000000000e+00
1.803337817758114170e+01,0.000000000000000000e+00
2.114967268440702597e+01,0.000000000000000000e+00
1.879422921546623826e+01,0.000000000000000000e+00
2.113820025901337374e+01,0.000000000000000000e+00
2.413516654435720810e+01,0.000000000000000000e+00
1.904692767909518381e+01,0.000000000000000000e+00
2.038802367989626418e+01,0.000000000000000000e+00
2.173417959960397638e+01,0.000000000000000000e+00
1.961230722170240170e+01,0.000000000000000000e+00
2.266194066010363173e+01,0.000000000000000000e+00
2.078343300699791030e+01,0.000000000000000000e+00
2.593213945525938158e+01,0.000000000000000000e+00
2.105191233284810437e+01,0.000000000000000000e+00
2.010710810490482814e+01,0.000000000000000000e+00
2.244574505275608800e+01,0.000000000000000000e+00
2.322175365460645224e+01,0.000000000000000000e+00
2.298678622802557214e+01,0.000000000000000000e+00
2.179635706162893172e+01,0.000000000000000000e+00
2.156936358193231840e+01,0.000000000000000000e+00
1.961921526820433925e+01,0.000000000000000000e+00
2.147603150160007246e+01,0.000000000000000000e+00
1.919290810295391481e+01,0.000000000000000000e+00
2.151201936196127207e+01,0.000000000000000000e+00
2.052359723135420566e+01,0.000000000000000000e+00
1.931326169417501859e+01,0.000000000000000000e+00
1.775866847763254697e+01,0.000000000000000000e+00
2.016349753036091386e+01,0.000000000000000000e+00
2.079332402894100440e+01,0.000000000000000000e+00
1.983285181472119518e+01,0.000000000000000000e+00
2.513705719335259303e+01,0.000000000000000000e+00
2.000591737916315083e+01,0.000000000000000000e+00
1.992167478902153732e+01,0.000000000000000000e+00
1.911594354090421177e+01,0.000000000000000000e+00
1.924624926221550680e+01,0.000000000000000000e+00
2.300117028806637620e+01,0.000000000000000000e+00
2.481151831193501778e+01,0.000000000000000000e+00
1.920361126956646558e+01,0.000000000000000000e+00
2.032365207129034701e+01,0.000000000000000000e+00
1.883218313638054298e+01,0.000000000000000000e+00
1.884612846606950853e+01,0.000000000000000000e+00
2.290947784425850386e+01,0.000000000000000000e+00
2.415977292567623991e+01,0.000000000000000000e+00
2.078392412696070579e+01,0.000000000000000000e+00
2.305440197805473446e+01,0.000000000000000000e+00
1.705298070496847274e+01,0.000000000000000000e+00
2.022623548448298081e+01,0.000000000000000000e+00
2.049816253747995276e+01,0.000000000000000000e+00
2.266108311254327390e+01,0.000000000000000000e+00
1.883958924445954608e+01,0.000000000000000000e+00
1.883229001467594799e+01,0.000000000000000000e+00
1.769920629326205486e+01,0.000000000000000000e+00
1.834144899653539440e+01,0.000000000000000000e+00
1.893728932731721315e+01,0.000000000000000000e+00
1.824897678686446412e+01,0.000000000000000000e+00
2.099880785407469830e+01,0.000000000000000000e+00
1.837671347489702001e+01,0.000000000000000000e+00
2.053841543396018210e+01,0.000000000000000000e+00
2.139421226668720166e+01,0.000000000000000000e+00
1.748877151462530932e+01,0.000000000000000000e+00
2.015067132368952585e+01,0.000000000000000000e+00
2.126837264803625160e+01,0.000000000000000000e+00
2.071881501048870078e+01,0.000000000000000000e+00
2.031274114649646023e+01,0.000000000000000000e+00
2.029245615552610005e+01,0.000000000000000000e+00
2.054682281742228156e+01,0.000000000000000000e+00
2.140493132953346844e+01,0.000000000000000000e+00
1.652748809618997683e+01,0.000000000000000000e+00
2.095078853472789859e+01,0.000000000000000000e+00
2.386160428735147576e+01,0.000000000000000000e+00
2.179733524721833149e+01,0.000000000000000000e+00
2.112150698877202259e+01,0.000000000000000000e+00
1.953714651230607657e+01,0.000000000000000000e+00
2.179908553120790415e+01,0.000000000000000000e+00
2.159240600663584786e+01,0.000000000000000000e+00
1.756535174468818994e+01,0.000000000000000000e+00
2.146411136431543198e+01,0.000000000000000000e+00
2.313002004307798387e+01,0.000000000000000000e+00
1.738222473361294718e+01,0.000000000000000000e+00
1.894591581384072043e+01,0.000000000000000000e+00
2.103754288901817304e+01,0.000000000000000000e+00
1.978092654586292198e+01,0.000000000000000000e+00
1.992436329388967664e+01,0.000000000000000000e+00
1.646435754408456376e+01,0.000000000000000000e+00
2.156759567414924561e+01,0.000000000000000000e+00
2.161054154985552955e+01,0.000000000000000000e+00
1.994341083845050022e+01,0.000000000000000000e+00
2.077049951743374834e+01,0.000000000000000000e+00
1.982022264259214595e+01,0.000000000000000000e+00
1.888140187404981774e+01,0.000000000000000000e+00
1.865772436484897057e+01,0.000000000000000000e+00
1.690861656504236876e+01,0.000000000000000000e+00
2.051682704282820779e+01,0.000000000000000000e+00
2.502489300913279280e+01,0.000000000000000000e+00
2.225549290400846303e+01,0.000000000000000000e+00
1.853157619007205170e+01,0.000000000000000000e+00
1.908087663990179195e+01,0.000000000000000000e+00
1.951869021511461355e+01,0.000000000000000000e+00
1.795272067513213088e+01,0.000000000000000000e+00
2.417023230981762083e+01,0.000000000000000000e+00
2.137999956325222328e+01,0.000000000000000000e+00
1.608481880303784806e+01,0.000000000000000000e+00
1.816067452387962078e+01,0.000000000000000000e+00
1.962824877674268720e+01,0.000000000000000000e+00
2.061124723944664083e+01,0.000000000000000000e+00
2.221692470047399937e+01,0.000000000000000000e+00
2.052670081520713552e+01,0.000000000000000000e+00
2.128872500122675859e+01,0.000000000000000000e+00
2.072237968460697033e+01,0.000000000000000000e+00
1.863904632747190249e+01,0.000000000000000000e+00
2.101253583267486391e+01,0.000000000000000000e+00
1.591771056764628867e+01,0.000000000000000000e+00
1.731428251955304631e+01,0.000000000000000000e+00
1.945892900719999830e+01,0.000000000000000000e+00
1.887298593990413664e+01,0.000000000000000000e+00
2.172436307061115812e+01,0.000000000000000000e+00
2.106656230429214816e+01,0.000000000000000000e+00
2.371728183280239932e+01,0.000000000000000000e+00
2.138475466711201278e+01,0.000000000000000000e+00
1.902544779896970795e+01,0.000000000000000000e+00
2.104447778831754334e+01,0.000000000000000000e+00
1.737448198673537192e+01,0.000000000000000000e+00
2.130629230733600110e+01,0.000000000000000000e+00
1.928810435534577294e+01,0.000000000000000000e+00
1.854882144999035276e+01,0.000000000000000000e+00
1.705028583555551691e+01,0.000000000000000000e+00
2.034390765878595175e+01,0.000000000000000000e+00
1.838385169183423429e+01,0.000000000000000000e+00
1.805236199324411217e+01,0.000000000000000000e+00
1.735208350434070113e+01,0.000000000000000000e+00
2.039541892492932718e+01,0.000000000000000000e+00
1.888258031439411866e+01,0.000000000000000000e+00
2.081720369487738864e+01,0.000000000000000000e+00
2.010026970056064854e+01,0.000000000000000000e+00
1.871897636488244032e+01,0.000000000000000000e+00
2.071784173327555933e+01,0.000000000000000000e+00
2.207324875824836141e+01,0.000000000000000000e+00
1.826154998366427407e+01,0.000000000000000000e+00
1.605149820505265978e+01,0.000000000000000000e+00
2.053722573603015178e+01,0.000000000000000000e+00
1.885062539753253574e+01,0.000000000000000000e+00
2.029480112187456342e+01,0.000000000000000000e+00
2.049494080613421687e+01,0.000000000000000000e+00
2.297839019036214125e+01,0.000000000000000000e+00
1.817871885497910966e+01,0.000000000000000000e+00
2.073981897458120471e+01,0.000000000000000000e+00
2.035785018846677730e+01,0.000000000000000000e+00
2.017992554901049829e+01,0.000000000000000000e+00
2.207049964557594990e+01,0.000000000000000000e+00
2.338946216132785594e+01,0.000000000000000000e+00
1.790140967095443258e+01,0.000000000000000000e+00
1.844614338747612337e+01,0.000000000000000000e+00
2.155123548442075432e+01,0.000000000000000000e+00
1.999603150212767488e+01,0.000000000000000000e+00
2.198620934052587828e+01,0.000000000000000000e+00
2.095765047341063436e+01,0.000000000000000000e+00
1.550443669436230110e+01,0.000000000000000000e+00
2.191139945110922937e+01,0.000000000000000000e+00
1.854781269135971655e+01,0.000000000000000000e+00
2.338790987197311111e+01,0.000000000000000000e+00
2.133870787221817977e+01,0.000000000000000000e+00
1.719824743484161900e+01,0.000000000000000000e+00
1.951482581669652205e+01,0.000000000000000000e+00
1.914851000640510037e+01,0.000000000000000000e+00
2.383965785712982921e+01,0.000000000000000000e+00
1.886104524944304828e+01,0.000000000000000000e+00
1.897996165887355247e+01,0.000000000000000000e+00
1.742593975542490625e+01,0.000000000000000000e+00
1.802107840110438630e+01,0.000000000000000000e+00
2.006073485172423432e+01,0.000000000000000000e+00
2.457687253864651211e+01,0.000000000000000000e+00
1.776798839624022364e+01,0.000000000000000000e+00
2.029234139631335765e+01,0.000000000000000000e+00
1.906385104148722576e+01,0.000000000000000000e+00
1.869765613785743241e+01,0.000000000000000000e+00
1.844902286259242175e+01,0.000000000000000000e+00
2.201334474700565025e+01,0.000000000000000000e+00
2.115258113186630595e+01,0.000000000000000000e+00
1.838914563091544707e+01,0.000000000000000000e+00
2.177293945236268158e+01,0.000000000000000000e+00
1.760281937429523325e+01,0.000000000000000000e+00
1.609464751974487129e+01,0.000000000000000000e+00
2.191222992512991397e+01,0.000000000000000000e+00
2.326178776218053912e+01,0.000000000000000000e+00
2.087923412736369499e+01,0.000000000000000000e+00
1.920470599347734719e+01,0.000000000000000000e+00
1.947837627295288954e+01,0.000000000000000000e+00
2.010859359057474194e+01,0.000000000000000000e+00
2.020733737556235354e+01,0.000000000000000000e+00
2.414367831822048061e+01,0.000000000000000000e+00
2.020798758477587143e+01,0.000000000000000000e+00
1.985539947052089005e+01,0.000000000000000000e+00
2.337081208881383887e+01,0.000000000000000000e+00
1.776061845707770814e+01,0.000000000000000000e+00
2.123586328058974004e+01,0.000000000000000000e+00
2.020797103372861159e+01,0.000000000000000000e+00
2.104215989163677847e+01,0.000000000000000000e+00
1.635629095755160378e+01,0.000000000000000000e+00
1.898507859277039245e+01,0.000000000000000000e+00
1.940368596375692078e+01,0.000000000000000000e+00
2.119149271058517314e+01,0.000000000000000000e+00
2.552798979165605431e+01,0.000000000000000000e+00
1.732342842598031041e+01,0.000000000000000000e+00
2.003554715704935063e+01,0.000000000000000000e+00
2.372674321032917888e+01,0.000000000000000000e+00
2.063092458783000538e+01,0.000000000000000000e+00
2.491319208427578502e+01,0.000000000000000000e+00
2.361585978648869855e+01,0.000000000000000000e+00
1.878008523291636678e+01,0.000000000000000000e+00
2.008524278266385821e+01,0.000000000000000000e+00
2.024230646569075276e+01,0.000000000000000000e+00
2.375896214256544425e+01,0.000000000000000000e+00
2.363409657449156853e+01,0.000000000000000000e+00
1.995166402997547905e+01,0.000000000000000000e+00
1.937634106063114103e+01,0.000000000000000000e+00
2.042168336404533591e+01,0.000000000000000000e+00
2.125453537082209010e+01,0.000000000000000000e+00
2.164055569110828259e+01,0.000000000000000000e+00
1.926763882775932046e+01,0.000000000000000000e+00
2.164512921795151001e+01,0.000000000000000000e+00
1.976260493384069861e+01,0.000000000000000000e+00
2.589111280930283954e+01,0.000000000000000000e+00
1.721997499339838811e+01,0.000000000000000000e+00
2.292164394574276187e+01,0.000000000000000000e+00
2.164757435808754593e+01,0.000000000000000000e+00
1.815736130928771530e+01,0.000000000000000000e+00
1.958603181292908246e+01,0.000000000000000000e+00
1.694436905843296870e+01,0.000000000000000000e+00
2.025247447843869963e+01,0.000000000000000000e+00
1.748905986491881848e+01,0.000000000000000000e+00
2.081149906425860152e+01,0.000000000000000000e+00
2.208352088380543421e+01,0.000000000000000000e+00
2.040435277361561361e+01,0.000000000000000000e+00
2.074374019495263610e+01,0.000000000000000000e+00
2.194336021940335257e+01,0.000000000000000000e+00
2.061983807552925541e+01,0.000000000000000000e+00
2.201768501382395726e+01,0.000000000000000000e+00
2.549773301813441506e+01,0.000000000000000000e+00
2.391945774038314099e+01,0.000000000000000000e+00
1.855262219785196010e+01,0.000000000000000000e+00
2.316281707248941757e+01,0.000000000000000000e+00
2.032634638124493875e+01,0.000000000000000000e+00
2.338976597406469793e+01,0.000000000000000000e+00
2.194384892899193318e+01,0.000000000000000000e+00
2.063415900719369134e+01,0.000000000000000000e+00
2.247239749388885954e+01,0.000000000000000000e+00
1.999601376935272157e+01,0.000000000000000000e+00
1.951790640618003891e+01,0.000000000000000000e+00
1.980618959164871740e+01,0.000000000000000000e+00
2.153849539693981541e+01,0.000000000000000000e+00
1.893100430049695149e+01,0.000000000000000000e+00
2.511770226014646568e+01,0.000000000000000000e+00
2.252593078010620786e+01,0.000000000000000000e+00
2.010214680103528906e+01,0.000000000000000000e+00
2.377768930665220992e+01,0.000000000000000000e+00
2.280747027792690673e+01,0.000000000000000000e+00
2.032191448997558680e+01,0.000000000000000000e+00
2.254250001711639229e+01,0.000000000000000000e+00
2.271606151933317719e+01,0.000000000000000000e+00
1.975581222551390326e+01,0.000000000000000000e+00
2.300824018367541157e+01,0.000000000000000000e+00
2.309373912257289163e+01,0.000000000000000000e+00
2.040875788990361883e+01,0.000000000000000000e+00
1.850527534658534989e+01,0.000000000000000000e+00
2.459834278923193551e+01,0.000000000000000000e+00
2.383906417162495828e+01,0.000000000000000000e+00
2.235220881641630086e+01,0.000000000000000000e+00
2.469639184728994863e+01,0.000000000000000000e+00
2.110815309414650542e+01,0.000000000000000000e+00
2.569731428643337168e+01,0.000000000000000000e+00
2.177874422586472747e+01,0.000000000000000000e+00
2.353417323166040731e+01,0.000000000000000000e+00
2.039243759712166337e+01,0.000000000000000000e+00
2.289167876590640915e+01,0.000000000000000000e+00
2.051749948610370566e+01,0.000000000000000000e+00
2.578276268915789515e+01,0.000000000000000000e+00
2.098284169783757847e+01,0.000000000000000000e+00
2.304864344829040590e+01,0.000000000000000000e+00
2.441334020540002570e+01,0.000000000000000000e+00
2.456475498357146137e+01,0.000000000000000000e+00
2.403431383317959202e+01,0.000000000000000000e+00
2.104686471276937709e+01,0.000000000000000000e+00
2.497098361254253618e+01,0.000000000000000000e+00
2.339133494342684827e+01,0.000000000000000000e+00
2.476608903243664983e+01,0.000000000000000000e+00
2.410590865824461915e+01,0.000000000000000000e+00
2.245561083618396125e+01,0.000000000000000000e+00
2.416116111385357712e+01,0.000000000000000000e+00
2.356678181298850916e+01,0.000000000000000000e+00
2.338346200707925959e+01,0.000000000000000000e+00
2.840073835969156946e+01,0.000000000000000000e+00
2.444369793366804089e+01,0.000000000000000000e+00
2.483869211570033997e+01,0.000000000000000000e+00
2.338990880512517023e+01,0.000000000000000000e+00
2.502678953366926251e+01,0.000000000000000000e+00
2.587747644702238858e+01,0.000000000000000000e+00
2.211756535295976178e+01,0.000000000000000000e+00
2.568601655840063103e+01,0.000000000000000000e+00
2.675998405643381517e+01,0.000000000000000000e+00
2.532924102324225757e+01,0.000000000000000000e+00
2.388786819613095957e+01,0.000000000000000000e+00
2.036428349006020611e+01,0.000000000000000000e+00
2.307629624299287130e+01,0.000000000000000000e+00
2.539969362236803008e+01,0.000000000000000000e+00
2.653274137517930953e+01,0.000000000000000000e+00
2.245652146042335673e+01,0.000000000000000000e+00
2.874361030497194136e+01,0.000000000000000000e+00
2.347030797090798160e+01,0.000000000000000000e+00
2.481143574523929018e+01,0.000000000000000000e+00
2.275491977493265239e+01,0.000000000000000000e+00
2.488565656672012238e+01,0.000000000000000000e+00
2.296248205452811320e+01,0.000000000000000000e+00
2.307321676765612395e+01,0.000000000000000000e+00
2.455878074861080762e+01,0.000000000000000000e+00
2.411465033614574693e+01,0.000000000000000000e+00
2.574402842824767035e+01,0.000000000000000000e+00
2.310105402529301699e+01,0.000000000000000000e+00
2.137113319195221095e+01,0.000000000000000000e+00
2.177495326714045731e+01,0.000000000000000000e+00
2.566804663569570977e+01,0.000000000000000000e+00
2.159651051974361735e+01,0.000000000000000000e+00
2.118156981659071647e+01,0.000000000000000000e+00
2.202546411191374531e+01,0.000000000000000000e+00
2.440981672283368553e+01,0.000000000000000000e+00
2.213357209808339832e+01,0.000000000000000000e+00
2.501435663434908818e+01,0.000000000000000000e+00
2.638208519978834588e+01,0.000000000000000000e+00
2.670676523003205460e+01,0.000000000000000000e+00
2.673353168143342273e+01,0.000000000000000000e+00
2.798891190817971975e+01,0.000000000000000000e+00
2.340916707294178778e+01,0.000000000000000000e+00
2.616990864320668564e+01,0.000000000000000000e+00
2.501760513391488061e+01,0.000000000000000000e+00
2.784038402412264901e+01,0.000000000000000000e+00
2.303666679950969254e+01,0.000000000000000000e+00
2.042048032453782724e+01,0.000000000000000000e+00
2.664815434809845840e+01,0.000000000000000000e+00
2.660178488509770034e+01,0.000000000000000000e+00
2.126725480762899778e+01,0.000000000000000000e+00
2.729326524909784268e+01,0.000000000000000000e+00
2.152911782732317647e+01,0.000000000000000000e+00
2.434237749991106980e+01,0.000000000000000000e+00
2.634703313501132627e+01,0.000000000000000000e+00
2.638359428447775556e+01,0.000000000000000000e+00
2.363626465460664861e+01,0.000000000000000000e+00
2.728409865064278961e+01,0.000000000000000000e+00
2.470877834816842267e+01,0.000000000000000000e+00
2.609746528939655974e+01,0.000000000000000000e+00
2.097952962296566426e+01,0.000000000000000000e+00
2.659579606835120913e+01,0.000000000000000000e+00
2.581066525291986480e+01,0.000000000000000000e+00
2.629132131946256479e+01,0.000000000000000000e+00
2.839029254695450533e+01,0.000000000000000000e+00
2.539941002598160225e+01,0.000000000000000000e+00
2.792294328181298013e+01,0.000000000000000000e+00
2.807031315590123910e+01,0.000000000000000000e+00
2.887655616557475113e+01,0.000000000000000000e+00
2.551653361215955229e+01,0.000000000000000000e+00
2.623293260181979036e+01,0.000000000000000000e+00
2.438292943913746669e+01,0.000000000000000000e+00
2.806283255136012755e+01,0.000000000000000000e+00
2.717395242087535934e+01,0.000000000000000000e+00
2.845411287000809253e+01,0.000000000000000000e+00
2.565320835038610170e+01,0.000000000000000000e+00
2.793046777913587420e+01,0.000000000000000000e+00
2.684814048024394140e+01,0.000000000000000000e+00
2.606401410346599334e+01,0.000000000000000000e+00
2.900050355847833572e+01,0.000000000000000000e+00
2.041712373874679898e+01,0.000000000000000000e+00
2.858056411447988410e+01,0.000000000000000000e+00
2.718898515505512137e+01,0.000000000000000000e+00
2.814795622208655246e+01,0.000000000000000000e+00
2.918633478054950814e+01,0.000000000000000000e+00
2.444186771897462762e+01,0.000000000000000000e+00
2.826915595284999938e+01,0.000000000000000000e+00
2.716419910082477784e+01,0.000000000000000000e+00
2.765711678755668501e+01,0.000000000000000000e+00
2.856051712608290316e+01,0.000000000000000000e+00
2.606125844467173636e+01,0.000000000000000000e+00
2.492119708804334977e+01,0.000000000000000000e+00
2.770269494000829624e+01,0.000000000000000000e+00
2.704031769220788206e+01,0.000000000000000000e+00
2.712035637883479566e+01,0.000000000000000000e+00
2.825234984703045171e+01,0.000000000000000000e+00
2.456237678603454810e+01,0.000000000000000000e+00
2.755983333807773406e+01,0.000000000000000000e+00
2.949626964446803612e+01,0.000000000000000000e+00
2.773612698067779547e+01,0.000000000000000000e+00
2.824681581918599704e+01,0.000000000000000000e+00
2.784404742776631636e+01,0.000000000000000000e+00
2.815040956064213162e+01,0.000000000000000000e+00
2.988673617419755857e+01,0.000000000000000000e+00
2.990809162488790207e+01,0.000000000000000000e+00
2.828369322843388289e+01,0.000000000000000000e+00
2.709016202646720117e+01,0.000000000000000000e+00
2.779799386864019439e+01,0.000000000000000000e+00
2.906792649074203183e+01,0.000000000000000000e+00
3.076235263961940092e+01,0.000000000000000000e+00
2.984245348141733345e+01,0.000000000000000000e+00
2.942299535448152525e+01,0.000000000000000000e+00
2.834926716638441135e+01,0.000000000000000000e+00
3.210376321376159581e+01,0.000000000000000000e+00
2.990424965273299307e+01,0.000000000000000000e+00
3.113589123492792154e+01,0.000000000000000000e+00
2.646377180797224327e+01,0.000000000000000000e+00
3.017239241966849050e+01,0.000000000000000000e+00
2.742671379954491329e+01,0.000000000000000000e+00
2.952587388217738962e+01,0.000000000000000000e+00
3.009148068276559940e+01,0.000000000000000000e+00
2.785120411510997940e+01,0.000000000000000000e+00
2.995421166732383256e+01,0.000000000000000000e+00
2.951548303192258516e+01,0.000000000000000000e+00
2.882408986412142582e+01,0.000000000000000000e+00
2.908204582896846091e+01,0.000000000000000000e+00
2.819200391694543484e+01,0.000000000000000000e+00
3.037702949512528150e+01,0.000000000000000000e+00
3.262905152574899148e+01,0.000000000000000000e+00
2.902140556975528440e+01,0.000000000000000000e+00
3.244960670260170588e+01,0.000000000000000000e+00
3.223653001362784210e+01,0.000000000000000000e+00
3.225417430482760750e+01,0.000000000000000000e+00
2.724198895199970138e+01,0.000000000000000000e+00
2.679110320985122229e+01,0.000000000000000000e+00
3.241632995562491715e+01,0.000000000000000000e+00
3.059986070574869643e+01,0.000000000000000000e+00
3.142246918172440218e+01,0.000000000000000000e+00
2.820653559309597824e+01,0.000000000000000000e+00
3.077422445605557400e+01,0.000000000000000000e+00
3.361942241589058256e+01,0.000000000000000000e+00
2.521385117723630032e+01,0.000000000000000000e+00
3.102092042030901098e+01,0.000000000000000000e+00
2.947994698978103045e+01,0.000000000000000000e+00
3.243392934041486342e+01,0.000000000000000000e+00
3.268372776207068853e+01,0.000000000000000000e+00
3.042464932283629508e+01,0.000000000000000000e+00
3.167684125292061026e+01,0.000000000000000000e+00
3.352996963933895813e+01,0.000000000000000000e+00
2.911061402492948602e+01,0.000000000000000000e+00
3.433097357408246353e+01,0.000000000000000000e+00
3.078922258408950086e+01,0.000000000000000000e+00
3.408536276708689172e+01,0.000000000000000000e+00
3.368677931410159943e+01,0.000000000000000000e+00
3.000945527114189559e+01,0.000000000000000000e+00
2.728124128357797673e+01,0.000000000000000000e+00
2.575616145422797842e+01,0.000000000000000000e+00
3.110705948809520649e+01,0.000000000000000000e+00
2.624232874714836328e+01,0.000000000000000000e+00
3.085080007376054212e+01,0.000000000000000000e+00
3.385829911973249295e+01,0.000000000000000000e+00
2.906824030788836311e+01,0.000000000000000000e+00
3.104252264061196342e+01,0.000000000000000000e+00
3.420635622667653308e+01,0.000000000000000000e+00
3.256210270525745898e+01,0.000000000000000000e+00
2.945571331404063287e+01,0.000000000000000000e+00
3.074309476662566354e+01,0.000000000000000000e+00
2.782714838788648137e+01,0.000000000000000000e+00
2.886718440737036673e+01,0.000000000000000000e+00
2.965544562253701955e+01,0.000000000000000000e+00
3.256310415631982380e+01,0.000000000000000000e+00
3.567569518136739504e+01,0.000000000000000000e+00
2.912274418482760652e+01,0.000000000000000000e+00
3.168877331953040866e+01,0.000000000000000000e+00
3.311838162094959870e+01,0.000000000000000000e+00
3.146022444696262710e+01,0.000000000000000000e+00
3.254218105657685101e+01,0.000000000000000000e+00
3.112781965543648610e+01,0.000000000000000000e+00
3.334980050229209070e+01,0.000000000000000000e+00
2.861928215224109096e+01,0.000000000000000000e+00
3.219677698534411547e+01,0.000000000000000000e+00
3.546697291791983275e+01,0.000000000000000000e+00
3.100378438011663818e+01,0.000000000000000000e+00
3.359740253125539766e+01,0.000000000000000000e+00
2.921812514314780529e+01,0.000000000000000000e+00
3.399850484746532686e+01,0.000000000000000000e+00
3.502869353230112637e+01,0.000000000000000000e+00
2.881577895297371228e+01,0.000000000000000000e+00
3.292554953573966969e+01,0.000000000000000000e+00
2.918327886466990861e+01,0.000000000000000000e+00
3.267162858794237934e+01,0.000000000000000000e+00
3.493937680157883108e+01,0.000000000000000000e+00
3.273142473956492893e+01,0.000000000000000000e+00
3.560915905804445458e+01,0.000000000000000000e+00
3.343005657935137975e+01,0.000000000000000000e+00
3.559707889858666618e+01,0.000000000000000000e+00
3.553945331982961164e+01,0.000000000000000000e+00
3.367565241618572713e+01,0.000000000000000000e+00
3.346994672429274686e+01,0.000000000000000000e+00
3.249739227243928497e+01,0.000000000000000000e+00
3.531998202524079744e+01,0.000000000000000000e+00
3.517122107870191883e+01,0.000000000000000000e+00
2.979979403774101954e+01,0.000000000000000000e+00
3.146008329135343828e+01,0.000000000000000000e+00
3.554421742119930627e+01,0.000000000000000000e+00
3.628364612191526106e+01,0.000000000000000000e+00
3.203335744528445872e+01,0.000000000000000000e+00
3.520543847494754175e+01,0.000000000000000000e+00
3.683996606961299136e+01,0.000000000000000000e+00
3.572030567341127494e+01,0.000000000000000000e+00
3.909745904186991794e+01,0.000000000000000000e+00
3.623434417625966830e+01,0.000000000000000000e+00
3.927639555805172478e+01,0.000000000000000000e+00
3.583520844721405041e+01,0.000000000000000000e+00
3.769777146375530918e+01,0.000000000000000000e+00
3.592674960340644219e+01,0.000000000000000000e+00
3.411796626721699255e+01,0.000000000000000000e+00
3.504782441029548323e+01,0.000000000000000000e+00
3.572049019912390122e+01,0.000000000000000000e+00
3.561675850682961197e+01,0.000000000000000000e+00
3.489559516239211234e+01,0.000000000000000000e+00
3.613424449787985537e+01,0.000000000000000000e+00
3.817859820117530489e+01,0.000000000000000000e+00
3.692224719959751411e+01,0.000000000000000000e+00
3.933191606116140093e+01,0.000000000000000000e+00
3.602045702286823570e+01,0.000000000000000000e+00
3.162026036887231228e+01,0.000000000000000000e+00
3.903199004084459034e+01,0.000000000000000000e+00
3.640040776905050990e+01,0.000000000000000000e+00
3.676375349152674943e+01,0.000000000000000000e+00
3.628253977190177437e+01,0.000000000000000000e+00
3.355397983228424863e+01,0.000000000000000000e+00
3.744259487019862576e+01,0.000000000000000000e+00
3.751528343244252994e+01,0.000000000000000000e+00
3.703029107926366237e+01,0.000000000000000000e+00
4.004312533388205964e+01,0.000000000000000000e+00
3.562435086801341555e+01,0.000000000000000000e+00
3.891433698768388183e+01,0.000000000000000000e+00
3.658648172639553309e+01,0.000000000000000000e+00
3.804395965481226938e+01,0.000000000000000000e+00
3.704211918293291461e+01,0.000000000000000000e+00
3.835271946877256255e+01,0.000000000000000000e+00
3.411175292579931551e+01,0.000000000000000000e+00
3.953210011216519604e+01,0.000000000000000000e+00
3.557526413715184788e+01,0.000000000000000000e+00
3.608230553363078741e+01,0.000000000000000000e+00
4.126403801470353727e+01,0.000000000000000000e+00
3.681312673384155687e+01,0.000000000000000000e+00
3.873965904100631263e+01,0.000000000000000000e+00
3.887395469198572329e+01,0.000000000000000000e+00
3.760298314955051069e+01,0.000000000000000000e+00
4.056990168002948138e+01,0.000000000000000000e+00
3.885250084203487120e+01,0.000000000000000000e+00
3.669791971206701930e+01,0.000000000000000000e+00
4.121819333116197726e+01,0.000000000000000000e+00
3.971850996670817580e+01,0.000000000000000000e+00
3.888539708114915072e+01,0.000000000000000000e+00
3.895069158403515530e+01,0.000000000000000000e+00
3.841513423135894811e+01,0.000000000000000000e+00
3.496945175651101323e+01,0.000000000000000000e+00
3.377343648367538975e+01,0.000000000000000000e+00
4.044939698116260729e+01,0.000000000000000000e+00
4.204811195311368266e+01,0.000000000000000000e+00
3.941153520827932510e+01,0.000000000000000000e+00
3.896724184004501979e+01,0.000000000000000000e+00
4.028104465070283169e+01,0.000000000000000000e+00
3.917279152550350574e+01,0.000000000000000000e+00
4.005138568641856267e+01,0.000000000000000000e+00
4.057297245377996120e+01,0.000000000000000000e+00
4.085232908161968624e+01,0.000000000000000000e+00
4.054535949281612517e+01,0.000000000000000000e+00
3.693104659891321973e+01,0.000000000000000000e+00
3.785895729274298560e+01,0.000000000000000000e+00
3.750228305197553169e+01,0.000000000000000000e+00
4.058360891229522593e+01,0.000000000000000000e+00
3.943131827293017722e+01,0.000000000000000000e+00
4.190111127266193591e+01,0.000000000000000000e+00
4.200346544369091362e+01,0.000000000000000000e+00
3.907942017385202149e+01,0.000000000000000000e+00
3.624505234754092697e+01,0.000000000000000000e+00
4.282853720558250643e+01,0.000000000000000000e+00
3.872852576601997043e+01,0.000000000000000000e+00
3.733899868539668176e+01,0.000000000000000000e+00
4.350372856195971139e+01,0.000000000000000000e+00
3.979663011624298008e+01,0.000000000000000000e+00
3.760500036314212480e+01,0.000000000000000000e+00
3.934307710151363580e+01,0.000000000000000000e+00
3.858421756126411850e+01,0.000000000000000000e+00
4.160939986725883699e+01,0.000000000000000000e+00
4.096474054054087333e+01,0.000000000000000000e+00
4.145215577473675950e+01,0.000000000000000000e+00
4.192696114031944177e+01,0.000000000000000000e+00
4.157704832118654537e+01,0.000000000000000000e+00
3.955952248257568726e+01,0.000000000000000000e+00
4.515467297184633111e+01,0.000000000000000000e+00
4.180647193413106066e+01,0.000000000000000000e+00
4.000471312201727159e+01,0.000000000000000000e+00
4.294469310018482844e+01,0.000000000000000000e+00
4.137748410738936400e+01,0.000000000000000000e+00
4.259590979599261118e+01,0.000000000000000000e+00
4.245846666364688815e+01,0.000000000000000000e+00
3.738667689355317236e+01,0.000000000000000000e+00
4.575649526860514982e+01,0.000000000000000000e+00
3.984193497817262397e+01,0.000000000000000000e+00
3.930355768152907814e+01,0.000000000000000000e+00
3.983346658985473709e+01,0.000000000000000000e+00
4.204953440636202799e+01,0.000000000000000000e+00
4.090281863728284861e+01,0.000000000000000000e+00
3.892951357966710901e+01,0.000000000000000000e+00
4.507541582740839914e+01,0.000000000000000000e+00
4.111323460581262879e+01,0.000000000000000000e+00
4.514741143349916541e+01,0.000000000000000000e+00
3.946763128666648868e+01,0.000000000000000000e+00
4.041053028379247536e+01,0.000000000000000000e+00
4.479523019163860909e+01,0.000000000000000000e+00
4.193143511986095007e+01,0.000000000000000000e+00
4.579258183358223278e+01,0.000000000000000000e+00
3.994473781863745643e+01,0.000000000000000000e+00
4.492989976500959415e+01,0.000000000000000000e+00
4.217782464341991044e+01,0.000000000000000000e+00
4.637673294217329811e+01,0.000000000000000000e+00
4.353665300630105151e+01,0.000000000000000000e+00
4.610961401216658118e+01,0.000000000000000000e+00
4.420976545477365249e+01,0.000000000000000000e+00
4.660648105843871036e+01,0.000000000000000000e+00
3.815515402303086745e+01,0.000000000000000000e+00
4.801060053213830514e+01,0.000000000000000000e+00
4.447496605196266017e+01,0.000000000000000000e+00
4.438128004722404540e+01,0.000000000000000000e+00
4.140331301493609573e+01,0.000000000000000000e+00
4.403939384550566416e+01,0.000000000000000000e+00
4.342244424564253791e+01,0.000000000000000000e+00
4.430205470122180600e+01,0.000000000000000000e+00
4.301580241378822933e+01,0.000000000000000000e+00
4.430483727965070528e+01,0.000000000000000000e+00
4.816410599400565928e+01,0.000000000000000000e+00
4.508175078217337273e+01,0.000000000000000000e+00
4.226888179732042516e+01,0.000000000000000000e+00
4.216385251571543336e+01,0.000000000000000000e+00
4.520693128787947757e+01,0.000000000000000000e+00
4.357119022457127500e+01,0.000000000000000000e+00
4.798457732731797876e+01,0.000000000000000000e+00
4.464161603252101429e+01,0.000000000000000000e+00
4.614010929909170500e+01,0.000000000000000000e+00
4.734237509949846867e+01,0.000000000000000000e+00
4.271365194353242600e+01,0.000000000000000000e+00
4.320217627620913703e+01,0.000000000000000000e+00
4.763133345103349114e+01,0.000000000000000000e+00
4.332951489095449205e+01,0.000000000000000000e+00
4.396993678904144076e+01,0.000000000000000000e+00
4.189304618511140887e+01,0.000000000000000000e+00
4.612141754663422688e+01,0.000000000000000000e+00
4.332099807849463957e+01,0.000000000000000000e+00
4.717600186580848742e+01,0.000000000000000000e+00
4.679245815569704803e+01,0.000000000000000000e+00
4.733579430074973970e+01,0.000000000000000000e+00
4.891214912881365251e+01,0.000000000000000000e+00
4.693168865333464623e+01,0.000000000000000000e+00
4.529682892795963056e+01,0.000000000000000000e+00
4.638643514759365871e+01,0.000000000000000000e+00
4.689416043971510817e+01,0.000000000000000000e+00
4.459424954656175544e+01,0.000000000000000000e+00
4.785616846695766213e+01,0.000000000000000000e+00
4.704186205612143823e+01,0.000000000000000000e+00
5.065389600937581349e+01,0.000000000000000000e+00
4.139508809684915036e+01,0.000000000000000000e+00
4.527618057047398281e+01,0.000000000000000000e+00
4.872974473829233943e+01,0.000000000000000000e+00
4.859993476551063907e+01,0.000000000000000000e+00
4.485478668326199880e+01,0.000000000000000000e+00
4.351583825505875325e+01,0.000000000000000000e+00
4.517937753776320875e+01,0.000000000000000000e+00
4.918264681833812091e+01,0.000000000000000000e+00
4.777300491056736576e+01,0.000000000000000000e+00
4.778052893696968084e+01,0.000000000000000000e+00
4.575145494073093033e+01,0.000000000000000000e+00
4.804388839270780664e+01,0.000000000000000000e+00
4.784944920394927692e+01,0.000000000000000000e+00
4.867325422720987405e+01,0.000000000000000000e+00
4.533687600771455806e+01,0.000000000000000000e+00
4.774240669712973073e+01,0.000000000000000000e+00
4.705807431683745534e+01,0.000000000000000000e+00
4.825337527302119867e+01,0.000000000000000000e+00
4.782672699134403160e+01,0.000000000000000000e+00
5.018678144974151678e+01,0.000000000000000000e+00
4.509125401250199161e+01,0.000000000000000000e+00
4.801279015076793399e+01,0.000000000000000000e+00
5.044977415742382476e+01,0.000000000000000000e+00
4.838947321707023264e+01,0.000000000000000000e+00
4.738120071560710045e+01,0.000000000000000000e+00
4.930565439479117629e+01,0.000000000000000000e+00
4.851254187811670704e+01,0.000000000000000000e+00
4.805240928439063453e+01,0.000000000000000000e+00
5.263377617980250989e+01,0.000000000000000000e+00
4.825787769183916964e+01,0.000000000000000000e+00
4.729249671911591690e+01,0.000000000000000000e+00
4.958494846810198453e+01,0.000000000000000000e+00
4.748610130371790916e+01,0.000000000000000000e+00
4.915415554765638007e+01,0.000000000000000000e+00
4.824510891809899960e+01,0.000000000000000000e+00
4.919602576572354735e+01,0.000000000000000000e+00
4.843724150078124069e+01,0.000000000000000000e+00
4.852292049506969818e+01,0.000000000000000000e+00
4.920824011946577770e+01,0.000000000000000000e+00
5.033953526224791375e+01,0.000000000000000000e+00
4.813634716817428227e+01,0.000000000000000000e+00
5.133638492356451621e+01,0.000000000000000000e+00
4.812101897743507806e+01,0.000000000000000000e+00
4.771838662359220962e+01,0.000000000000000000e+00
4.948773237872652686e+01,0.000000000000000000e+00
4.828570903242364665e+01,0.000000000000000000e+00
4.689001963689085528e+01,0.000000000000000000e+00
5.079789505237290825e+01,0.000000000000000000e+00
5.004240030430187858e+01,0.000000000000000000e+00
5.132379582066348434e+01,0.000000000000000000e+00
5.420457700681828328e+01,0.000000000000000000e+00
5.482362473331539832e+01,0.000000000000000000e+00
5.486103169215923003e+01,0.000000000000000000e+00
5.020224587840374397e+01,0.000000000000000000e+00
5.422771796896250152e+01,0.000000000000000000e+00
5.133997883497490733e+01,0.000000000000000000e+00
5.193478042705669395e+01,0.000000000000000000e+00
5.117473034736342896e+01,0.000000000000000000e+00
4.975369143562009810e+01,0.000000000000000000e+00
5.180640699297340035e+01,0.000000000000000000e+00
5.008329562313079464e+01,0.000000000000000000e+00
5.110759052637842359e+01,0.000000000000000000e+00
4.978667054075519616e+01,0.000000000000000000e+00
5.303998122662731163e+01,0.000000000000000000e+00
5.308582861721718871e+01,0.000000000000000000e+00
4.866143430784607204e+01,0.000000000000000000e+00
5.404540240152945074e+01,0.000000000000000000e+00
5.032935777759870888e+01,0.000000000000000000e+00
5.135526238833747925e+01,0.000000000000000000e+00
5.487084780567389686e+01,0.000000000000000000e+00
5.242538949890634825e+01,0.000000000000000000e+00
5.285610998725185539e+01,0.000000000000000000e+00
5.431151585571424789e+01,0.000000000000000000e+00
5.214054821443129129e+01,0.000000000000000000e+00
5.507768419070093557e+01,0.000000000000000000e+00
5.268984506358135889e+01,0.000000000000000000e+00
5.552927537755670784e+01,0.000000000000000000e+00
4.969070532892601477e+01,0.000000000000000000e+00
5.536942461264801807e+01,0.000000000000000000e+00
5.740018568614702588e+01,0.000000000000000000e+00
5.458103097317484753e+01,0.000000000000000000e+00
5.585362402583614028e+01,0.000000000000000000e+00
5.253869669387228925e+01,0.000000000000000000e+00
5.423416769519374014e+01,0.000000000000000000e+00
5.286728990644166970e+01,0.000000000000000000e+00
5.310119798667103908e+01,0.000000000000000000e+00
5.575962186187108216e+01,0.000000000000000000e+00
5.486152443510580667e+01,0.000000000000000000e+00
5.741804724484820355e+01,0.000000000000000000e+00
5.322082334910803070e+01,0.000000000000000000e+00
4.889176164169444405e+01,0.000000000000000000e+00
5.394475510008679464e+01,0.000000000000000000e+00
5.577546238799058642e+01,0.000000000000000000e+00
5.499727535111339449e+01,0.000000000000000000e+00
5.681350456110277491e+01,0.000000000000000000e+00
5.526743858368742224e+01,0.000000000000000000e+00
5.808241651229462121e+01,0.000000000000000000e+00
5.553383845862612134e+01,0.000000000000000000e+00
5.487996615948492973e+01,0.000000000000000000e+00
5.169190351102765391e+01,0.000000000000000000e+00
5.505135779696496456e+01,0.000000000000000000e+00
5.771915649453654851e+01,0.000000000000000000e+00
5.287503434308987948e+01,0.000000000000000000e+00
5.481497933064495953e+01,0.000000000000000000e+00
5.461159422508693950e+01,0.000000000000000000e+00
5.255104281657715859e+01,0.000000000000000000e+00
5.505911012386705039e+01,0.000000000000000000e+00
5.735861097521088681e+01,0.000000000000000000e+00
5.403022379359976668e+01,0.000000000000000000e+00
5.703578344102774622e+01,0.000000000000000000e+00
5.894452978052412107e+01,0.000000000000000000e+00
5.673239802201312187e+01,0.000000000000000000e+00
5.389635888679836029e+01,0.000000000000000000e+00
5.521617316800762154e+01,0.000000000000000000e+00
5.638421228837734134e+01,0.000000000000000000e+00
5.324053185731173699e+01,0.000000000000000000e+00
5.750701671001204573e+01,0.000000000000000000e+00
5.623294447387574024e+01,0.000000000000000000e+00
5.880711216698030341e+01,0.000000000000000000e+00
5.547112859682493990e+01,0.000000000000000000e+00
5.402687458279302035e+01,0.000000000000000000e+00
5.945810118870636529e+01,0.000000000000000000e+00
5.433043602855739351e+01,0.000000000000000000e+00
5.942203734570587415e+01,0.000000000000000000e+00
5.904970266572843940e+01,0.000000000000000000e+00
5.432281099180300998e+01,0.000000000000000000e+00
5.664760985950444194e+01,0.000000000000000000e+00
5.435518027606218538e+01,0.000000000000000000e+00
5.821681927337589713e+01,0.000000000000000000e+00
5.624392342472082618e+01,0.000000000000000000e+00
5.832704858123643277e+01,0.000000000000000000e+00
5.431367108628533913e+01,0.000000000000000000e+00
5.747246271948893082e+01,0.000000000000000000e+00
5.554683961307507190e+01,0.000000000000000000e+00
5.558896789159656038e+01,0.000000000000000000e+00
5.636214463216668236e+01,0.000000000000000000e+00
5.619499512670167718e+01,0.000000000000000000e+00
5.913924207869233385e+01,0.000000000000000000e+00
5.814761490092618601e+01,0.000000000000000000e+00
6.723136747989738637e+01,0.000000000000000000e+00
5.899885464759907450e+01,0.000000000000000000e+00
5.617976175316744758e+01,0.000000000000000000e+00
6.020814986046018191e+01,0.000000000000000000e+00
5.758287067506256562e+01,0.000000000000000000e+00
6.038818470246168602e+01,0.000000000000000000e+00
5.962970518262600450e+01,0.000000000000000000e+00
5.930617256807452264e+01,0.000000000000000000e+00
5.644884516487095283e+01,0.000000000000000000e+00
6.213919075855878305e+01,0.000000000000000000e+00
6.150001875938392004e+01,0.000000000000000000e+00
5.869015560142376131e+01,0.000000000000000000e+00
5.694894257109665858e+01,0.000000000000000000e+00
5.721109171199469756e+01,0.000000000000000000e+00
5.779307227325517715e+01,0.000000000000000000e+00
5.863525417526031447e+01,0.000000000000000000e+00
6.335784953640163053e+01,0.000000000000000000e+00
6.251395432855595402e+01,0.000000000000000000e+00
5.943786316217576626e+01,0.000000000000000000e+00
5.639890079171156856e+01,0.000000000000000000e+00
6.012046413282056534e+01,0.000000000000000000e+00
6.220773581106497829e+01,0.000000000000000000e+00
5.825057203455902766e+01,0.000000000000000000e+00
6.094878659867485027e+01,0.000000000000000000e+00
5.729636866887895508e+01,0.000000000000000000e+00
5.996832645674844997e+01,0.000000000000000000e+00
5.983208366618337237e+01,0.000000000000000000e+00
6.177093530548042111e+01,0.000000000000000000e+00
6.118438879093347538e+01,0.000000000000000000e+00
6.363943722333894470e+01,0.000000000000000000e+00
6.055339331715615003e+01,0.000000000000000000e+00
6.120148903548431463e+01,0.000000000000000000e+00
5.868951957085277371e+01,0.000000000000000000e+00
5.946520555756489301e+01,0.000000000000000000e+00
6.331308358943422121e+01,0.000000000000000000e+00
6.063925905197742594e+01,0.000000000000000000e+00
5.908867316335832953e+01,0.000000000000000000e+00
6.121076024839319984e+01,0.000000000000000000e+00
5.966255502425867974e+01,0.000000000000000000e+00
6.396858995357739985e+01,0.000000000000000000e+00
6.295115559306636754e+01,0.000000000000000000e+00
5.949384250844285305e+01,0.000000000000000000e+00
6.218825482657084081e+01,0.000000000000000000e+00
5.937026363952850261e+01,0.000000000000000000e+00
5.789726222356843266e+01,0.000000000000000000e+00
6.857237700021687488e+01,0.000000000000000000e+00
6.569153180199825215e+01,0.000000000000000000e+00
6.264225805662200486e+01,0.000000000000000000e+00
6.132183395689916949e+01,0.000000000000000000e+00
6.117975933986106440e+01,0.000000000000000000e+00
6.723543193027757070e+01,0.000000000000000000e+00
6.270495397101451118e+01,0.000000000000000000e+00
5.975535229043703822e+01,0.000000000000000000e+00
6.350316891343493353e+01,0.000000000000000000e+00
6.719384764800734899e+01,0.000000000000000000e+00
5.888480132864687278e+01,0.000000000000000000e+00
6.203416059329238408e+01,0.000000000000000000e+00
6.002084264075784148e+01,0.000000000000000000e+00
6.216194376026495405e+01,0.000000000000000000e+00
6.506395562808430100e+01,0.000000000000000000e+00
6.348874827793958531e+01,0.000000000000000000e+00
6.867112639420260223e+01,0.000000000000000000e+00
6.051135805052241068e+01,0.000000000000000000e+00
6.475465213642178242e+01,0.000000000000000000e+00
6.469794603376080033e+01,0.000000000000000000e+00
6.220120801649898112e+01,0.000000000000000000e+00
6.352243007717438417e+01,0.000000000000000000e+00
6.346627656847748966e+01,0.000000000000000000e+00
6.667635888760938201e+01,0.000000000000000000e+00
6.212019092802378850e+01,0.000000000000000000e+00
6.189439351539363088e+01,0.000000000000000000e+00
6.486159907604063335e+01,0.000000000000000000e+00
6.489217351586576399e+01,0.000000000000000000e+00
6.251469167687178441e+01,0.000000000000000000e+00
6.558092495808888600e+01,0.000000000000000000e+00
6.446708149791692222e+01,0.000000000000000000e+00
6.585973742300609501e+01,0.000000000000000000e+00
6.534768006431831111e+01,0.000000000000000000e+00
6.330115209808376164e+01,0.000000000000000000e+00
6.329016788731385645e+01,0.000000000000000000e+00
6.270584059322069947e+01,0.000000000000000000e+00
6.399611855679491867e+01,0.000000000000000000e+00
6.452941937617971746e+01,0.000000000000000000e+00
6.644625158326796566e+01,0.000000000000000000e+00
6.471559546261003959e+01,0.000000000000000000e+00
6.346456382771766158e+01,0.000000000000000000e+00
6.540553577921319572e+01,0.000000000000000000e+00
6.596355745306399854e+01,0.000000000000000000e+00
6.618512942755660333e+01,0.000000000000000000e+00
6.427087443700804670e+01,0.000000000000000000e+00
6.357525359642494323e+01,0.000000000000000000e+00
6.484262756303786546e+01,0.000000000000000000e+00
6.483091085027466249e+01,0.000000000000000000e+00
6.198799458441246912e+01,0.000000000000000000e+00
6.824753731983219041e+01,0.000000000000000000e+00
6.504744884138447958e+01,0.000000000000000000e+00
6.966176924601282394e+01,0.000000000000000000e+00
6.960522613052407337e+01,0.000000000000000000e+00
6.458914535990628281e+01,0.000000000000000000e+00
6.322029081113990401e+01,0.000000000000000000e+00
6.853502080445576894e+01,0.000000000000000000e+00
7.020196524844006092e+01,0.000000000000000000e+00
6.735697373425793444e+01,0.000000000000000000e+00
6.764357219331108695e+01,0.000000000000000000e+00
6.974949724687058961e+01,0.000000000000000000e+00
6.302627329241300203e+01,0.000000000000000000e+00
6.555360591180934193e+01,0.000000000000000000e+00
6.555105852783496800e+01,0.000000000000000000e+00
6.601672509507830000e+01,0.000000000000000000e+00
6.650639021660482797e+01,0.000000000000000000e+00
6.438071378547965651e+01,0.000000000000000000e+00
6.572575365007985226e+01,0.000000000000000000e+00
6.498577482649743331e+01,0.000000000000000000e+00
6.961067298852866259e+01,0.000000000000000000e+00
6.904893465152612464e+01,0.000000000000000000e+00
6.258495459947525319e+01,0.000000000000000000e+00
6.425081482632084828e+01,0.000000000000000000e+00
6.624562213413592815e+01,0.000000000000000000e+00
6.612766864386827592e+01,0.000000000000000000e+00
6.644879673581127122e+01,0.000000000000000000e+00
6.421518646757419901e+01,0.000000000000000000e+00
6.554812589522742883e+01,0.000000000000000000e+00
6.704010081695679446e+01,0.000000000000000000e+00
6.924617132276890175e+01,0.000000000000000000e+00
6.941127358719958806e+01,0.000000000000000000e+00
7.084032998075427656e+01,0.000000000000000000e+00
6.629018960438123997e+01,0.000000000000000000e+00
6.772779335658445632e+01,0.000000000000000000e+00
6.609799161072788820e+01,0.000000000000000000e+00
6.385284671508664189e+01,0.000000000000000000e+00
6.909130345120004790e+01,0.000000000000000000e+00
6.850019249107393193e+01,0.000000000000000000e+00
6.628865829301081192e+01,0.000000000000000000e+00
6.818128560584072773e+01,0.000000000000000000e+00
6.636368071673430791e+01,0.000000000000000000e+00
6.884898265376880033e+01,0.000000000000000000e+00
6.614836894601353379e+01,0.000000000000000000e+00
6.571023647700823744e+01,0.000000000000000000e+00
7.333334780723372148e+01,0.000000000000000000e+00
7.093259020524277503e+01,0.000000000000000000e+00
6.590946140607158554e+01,0.000000000000000000e+00
6.824505579090867968e+01,0.000000000000000000e+00
6.489084209089769217e+01,0.000000000000000000e+00
6.713884858875111661e+01,0.000000000000000000e+00
7.303331484322174560e+01,0.000000000000000000e+00
7.297553366872658387e+01,0.000000000000000000e+00
6.703713257600647069e+01,0.000000000000000000e+00
6.987984317367207154e+01,0.000000000000000000e+00
6.792969214830482372e+01,0.000000000000000000e+00
6.806871187184539451e+01,0.000000000000000000e+00
7.028198785661795966e+01,0.000000000000000000e+00
6.811438448715819050e+01,0.000000000000000000e+00
7.103536658377245772e+01,0.000000000000000000e+00
6.685813510634902457e+01,0.000000000000000000e+00
6.781241145547490135e+01,0.000000000000000000e+00
6.774991952506913151e+01,0.000000000000000000e+00
6.693713330746172119e+01,0.000000000000000000e+00
6.874063772129834149e+01,0.000000000000000000e+00
6.621689168136801129e+01,0.000000000000000000e+00
6.721311738283516490e+01,0.000000000000000000e+00
7.447417134548979334e+01,0.000000000000000000e+00
7.224670179190239594e+01,0.000000000000000000e+00
7.065325292515497324e+01,0.000000000000000000e+00
6.964199998957569449e+01,0.000000000000000000e+00
6.925169233349387810e+01,0.000000000000000000e+00
6.708714709787244601e+01,0.000000000000000000e+00
6.918259851623402312e+01,0.000000000000000000e+00
6.718178776131715324e+01,0.000000000000000000e+00
6.823570795130555666e+01,0.000000000000000000e+00
6.688300596755121319e+01,0.000000000000000000e+00
6.827833990228518246e+01,0.000000000000000000e+00
7.199957853802574448e+01,0.000000000000000000e+00
6.980117909036674462e+01,0.000000000000000000e+00
6.933691951178225565e+01,0.000000000000000000e+00
7.051647973271327885e+01,0.000000000000000000e+00
7.140948235878178707e+01,0.000000000000000000e+00
7.349921108223016120e+01,0.000000000000000000e+00
7.078272207339301758e+01,0.000000000000000000e+00
7.362942891543097801e+01,0.000000000000000000e+00
7.274332380233867923e+01,0.000000000000000000e+00
6.857678982393105116e+01,0.000000000000000000e+00
7.226679962294682014e+01,0.000000000000000000e+00
7.177766167576065470e+01,0.000000000000000000e+00
7.334581657488313056e+01,0.000000000000000000e+00
7.044266751909015056e+01,0.000000000000000000e+00
6.826387230825787356e+01,0.000000000000000000e+00
6.827537811607116680e+01,0.000000000000000000e+00
7.162990252547399450e+01,0.000000000000000000e+00
7.289610411113771704e+01,0.000000000000000000e+00
7.225481538038812346e+01,0.000000000000000000e+00
7.206238572379857033e+01,0.000000000000000000e+00
7.115113534063770828e+01,0.000000000000000000e+00
7.727360668372030261e+01,0.000000000000000000e+00
7.421962350793499752e+01,0.000000000000000000e+00
7.295840068619196472e+01,0.000000000000000000e+00
7.279607134126329981e+01,0.000000000000000000e+00
7.398579941058906684e+01,0.000000000000000000e+00
7.085610088067686263e+01,0.000000000000000000e+00
7.033642905525208278e+01,0.000000000000000000e+00
7.460744707459139136e+01,0.000000000000000000e+00
7.255460668997004348e+01,0.000000000000000000e+00
7.017761674956298634e+01,0.000000000000000000e+00
7.310701194038318818e+01,0.000000000000000000e+00
7.278885304548182944e+01,0.000000000000000000e+00
7.188688296046119319e+01,0.000000000000000000e+00
7.267995017901280619e+01,0.000000000000000000e+00
6.867477899067046110e+01,0.000000000000000000e+00
7.469538177196459117e+01,0.000000000000000000e+00
7.121563300343285619e+01,0.000000000000000000e+00
7.349548412782496598e+01,0.000000000000000000e+00
7.183039340859426147e+01,0.000000000000000000e+00
7.256525709599613094e+01,0.000000000000000000e+00
7.441845839761074899e+01,0.000000000000000000e+00
7.389975653747126216e+01,0.000000000000000000e+00
7.551205973629339496e+01,0.000000000000000000e+00
7.480178149828130074e+01,0.000000000000000000e+00
7.772206561595533003e+01,0.000000000000000000e+00
7.432880359213540089e+01,0.000000000000000000e+00
7.311895027568827743e+01,0.000000000000000000e+00
7.221092804780433028e+01,0.000000000000000000e+00
6.997139948231045992e+01,0.000000000000000000e+00
7.151708954896447779e+01,0.000000000000000000e+00
7.514827251615557202e+01,0.000000000000000000e+00
7.215226869382134112e+01,0.000000000000000000e+00
7.409774194891086552e+01,0.000000000000000000e+00
7.241793296170153837e+01,0.000000000000000000e+00
7.548863586748566945e+01,0.000000000000000000e+00
7.181318147789954764e+01,0.000000000000000000e+00
7.627217216005178102e+01,0.000000000000000000e+00
7.274021952297125893e+01,0.000000000000000000e+00
7.294557724292658918e+01,0.000000000000000000e+00
7.443220444976418548e+01,0.000000000000000000e+00
7.229162734902261889e+01,0.000000000000000000e+00
7.584581054718240978e+01,0.000000000000000000e+00
7.381778665337336065e+01,0.000000000000000000e+00
7.478378564101072357e+01,0.000000000000000000e+00
7.652819774236061789e+01,0.000000000000000000e+00
7.735587901932611032e+01,0.000000000000000000e+00
7.335627691785818172e+01,0.000000000000000000e+00
7.320092727645511843e+01,0.000000000000000000e+00
7.764209057454499430e+01,0.000000000000000000e+00
7.512511183167426054e+01,0.000000000000000000e+00
7.021565727352188446e+01,0.000000000000000000e+00
7.648104801680374010e+01,0.000000000000000000e+00
7.607379669265804978e+01,0.000000000000000000e+00
7.124280033039318027e+01,0.000000000000000000e+00
7.602618256320275236e+01,0.000000000000000000e+00
7.689773747966494000e+01,0.000000000000000000e+00
7.278180406665937596e+01,0.000000000000000000e+00
7.553231980395990774e+01,0.000000000000000000e+00
6.973468098748634247e+01,0.000000000000000000e+00
7.671947810289144343e+01,0.000000000000000000e+00
7.707919158597252363e+01,0.000000000000000000e+00
7.141079648029143812e+01,0.000000000000000000e+00
7.744236859874740730e+01,0.000000000000000000e+00
7.700923454517757705e+01,0.000000000000000000e+00
7.316273340722435137e+01,0.000000000000000000e+00
7.434770753409354427e+01,0.000000000000000000e+00
7.461960538229651263e+01,0.000000000000000000e+00
7.588645067441191827e+01,0.000000000000000000e+00
7.440522301891246570e+01,0.000000000000000000e+00
7.505212625160667983e+01,0.000000000000000000e+00
7.445235151555674236e+01,0.000000000000000000e+00
7.676325498991562313e+01,0.000000000000000000e+00
7.483005350448148363e+01,0.000000000000000000e+00
7.334898092369948586e+01,0.000000000000000000e+00
7.326117095744673691e+01,0.000000000000000000e+00
7.378845376016803925e+01,0.000000000000000000e+00
7.466096472682845331e+01,0.000000000000000000e+00
7.706421959481117767e+01,0.000000000000000000e+00
7.340284699810860047e+01,0.000000000000000000e+00
7.748661319180541796e+01,0.000000000000000000e+00
7.569454386126493262e+01,0.000000000000000000e+00
7.664953912814280557e+01,0.000000000000000000e+00
7.774917005483185051e+01,0.000000000000000000e+00
7.445557581484784748e+01,0.000000000000000000e+00
7.911186017957074057e+01,0.000000000000000000e+00
7.431996640439963642e+01,0.000000000000000000e+00
7.429476219611447618e+01,0.000000000000000000e+00
7.780957340993003868e+01,0.000000000000000000e+00
7.382608249035968129e+01,0.000000000000000000e+00
7.682169027023860508e+01,0.000000000000000000e+00
7.262086040942782006e+01,0.000000000000000000e+00
7.205549978093635843e+01,0.000000000000000000e+00
7.448681129682817925e+01,0.000000000000000000e+00
7.658007793994755730e+01,0.000000000000000000e+00
7.372731322666984966e+01,0.000000000000000000e+00
7.553574522111559020e+01,0.000000000000000000e+00
7.665102298614847598e+01,0.000000000000000000e+00
7.592496527660665606e+01,0.000000000000000000e+00
7.806384253715717136e+01,0.000000000000000000e+00
7.643881928555802574e+01,0.000000000000000000e+00
7.847513204687477639e+01,0.000000000000000000e+00
7.661347199144582021e+01,0.000000000000000000e+00
7.700847318363076965e+01,0.000000000000000000e+00
7.701104171472317717e+01,0.000000000000000000e+00
7.388851286757980574e+01,0.000000000000000000e+00
7.723670404338396622e+01,0.000000000000000000e+00
7.333226071059547735e+01,0.000000000000000000e+00
7.638217330131961091e+01,0.000000000000000000e+00
7.711671246935121360e+01,0.000000000000000000e+00
7.474268046830566448e+01,0.000000000000000000e+00
7.298049579547466692e+01,0.000000000000000000e+00
7.532711777099262918e+01,0.000000000000000000e+00
7.820516579409398616e+01,0.000000000000000000e+00
7.584014539135198163e+01,0.000000000000000000e+00
7.923499856432825084e+01,0.000000000000000000e+00
7.500386030938901172e+01,0.000000000000000000e+00
7.900723905054039164e+01,0.000000000000000000e+00
7.675865715344487228e+01,0.000000000000000000e+00
7.719974801225981764e+01,0.000000000000000000e+00
7.662555961928451609e+01,0.000000000000000000e+00
7.789342798989505923e+01,0.000000000000000000e+00
7.479054068231955910e+01,0.000000000000000000e+00
7.705740136746067037e+01,0.000000000000000000e+00
7.673447182985366055e+01,0.000000000000000000e+00
7.492216505468516630e+01,0.000000000000000000e+00
7.586121042681070037e+01,0.000000000000000000e+00
7.852625908434946211e+01,0.000000000000000000e+00
7.681063533780299224e+01,0.000000000000000000e+00
7.640582427842316804e+01,0.000000000000000000e+00
7.931152696780634415e+01,0.000000000000000000e+00
7.487656874524159889e+01,0.000000000000000000e+00
7.483586086136270410e+01,0.000000000000000000e+00
7.663370637409060748e+01,0.000000000000000000e+00
7.197467803749513848e+01,0.000000000000000000e+00
7.602956364970361847e+01,0.000000000000000000e+00
7.779172011916232066e+01,0.000000000000000000e+00
7.977020360306954672e+01,0.000000000000000000e+00
7.623023736348625334e+01,0.000000000000000000e+00
7.776446952152538472e+01,0.000000000000000000e+00
7.441396405511849821e+01,0.000000000000000000e+00
8.117563580050014593e+01,0.000000000000000000e+00
8.395572583836933234e+01,0.000000000000000000e+00
7.810925415953789752e+01,0.000000000000000000e+00
7.798191235894839224e+01,0.000000000000000000e+00
7.465925329555167878e+01,0.000000000000000000e+00
7.279438983746763370e+01,0.000000000000000000e+00
7.787517360785066955e+01,0.000000000000000000e+00
7.773916364926138556e+01,0.000000000000000000e+00
7.723446686896424751e+01,0.000000000000000000e+00
8.071610246881643036e+01,0.000000000000000000e+00
7.453280976217104126e+01,0.000000000000000000e+00
7.790949652774072831e+01,0.000000000000000000e+00
7.808946625030202426e+01,0.000000000000000000e+00
7.612966540745901511e+01,0.000000000000000000e+00
8.141567004881422065e+01,0.000000000000000000e+00
7.834587109301428143e+01,0.000000000000000000e+00
7.947551333364552306e+01,0.000000000000000000e+00
7.521701669554059322e+01,0.000000000000000000e+00
7.992946792722850091e+01,0.000000000000000000e+00
7.722721539731749374e+01,0.000000000000000000e+00
7.506469007764850687e+01,0.000000000000000000e+00
7.806251331272231653e+01,0.000000000000000000e+00
7.861336783375962511e+01,0.000000000000000000e+00
7.810875337392957363e+01,0.000000000000000000e+00
7.577001069945092127e+01,0.000000000000000000e+00
7.756692116272020598e+01,0.000000000000000000e+00
7.944670358575352509e+01,0.000000000000000000e+00
7.934899836179243948e+01,0.000000000000000000e+00
7.407027932916740554e+01,0.000000000000000000e+00
7.806865203435916101e+01,0.000000000000000000e+00
8.038453219327946897e+01,0.000000000000000000e+00
7.655882730342734988e+01,0.000000000000000000e+00
7.820750642042652601e+01,0.000000000000000000e+00
8.197325355103767208e+01,0.000000000000000000e+00
8.091616320633291082e+01,0.000000000000000000e+00
7.778908852737696122e+01,0.000000000000000000e+00
7.561508524213047622e+01,0.000000000000000000e+00
7.890097801223987517e+01,0.000000000000000000e+00
7.882332644306249847e+01,0.000000000000000000e+00
7.815536977113556816e+01,0.000000000000000000e+00
8.028533546023615486e+01,0.000000000000000000e+00
7.933235410924599762e+01,0.000000000000000000e+00
7.698854265883936421e+01,0.000000000000000000e+00
7.601007584932942507e+01,0.000000000000000000e+00
7.634647768845262306e+01,0.000000000000000000e+00
7.366742740940603085e+01,0.000000000000000000e+00
7.984040388449126624e+01,0.000000000000000000e+00
7.765802513562186959e+01,0.000000000000000000e+00
8.512033340867942854e+01,0.000000000000000000e+00
7.605959846443366246e+01,0.000000000000000000e+00
7.756815770608697846e+01,0.000000000000000000e+00
7.618361319815842592e+01,0.000000000000000000e+00
8.340608946339727936e+01,0.000000000000000000e+00
7.966061224109138550e+01,0.000000000000000000e+00
7.822066373347475121e+01,0.000000000000000000e+00
7.705492994580232846e+01,0.000000000000000000e+00
7.993380809989800184e+01,0.000000000000000000e+00
8.189444527272735286e+01,0.000000000000000000e+00
7.570759762085452849e+01,0.000000000000000000e+00
8.102985609425860503e+01,0.000000000000000000e+00
7.865660740179932020e+01,0.000000000000000000e+00
7.640120206551340232e+01,0.000000000000000000e+00
8.004091651961606146e+01,0.000000000000000000e+00
7.812797092878062699e+01,0.000000000000000000e+00
7.846595217249812038e+01,0.000000000000000000e+00
7.683967639593184629e+01,0.000000000000000000e+00
7.719300967095034594e+01,0.000000000000000000e+00
7.927159135786676813e+01,0.000000000000000000e+00
8.020211908682918533e+01,0.000000000000000000e+00
7.630260908562593158e+01,0.000000000000000000e+00
8.019979551783156069e+01,0.000000000000000000e+00
8.185643646652677319e+01,0.000000000000000000e+00
8.308373046106672177e+01,0.000000000000000000e+00
7.807083661133840735e+01,0.000000000000000000e+00
8.112360274588155562e+01,0.000000000000000000e+00
8.217324718774618475e+01,0.000000000000000000e+00
7.923772620625570084e+01,0.000000000000000000e+00
7.942887826363237025e+01,0.000000000000000000e+00
7.753991968089971465e+01,0.000000000000000000e+00
8.165065728552167457e+01,0.000000000000000000e+00
8.129578660198998818e+01,0.000000000000000000e+00
8.192047075202758322e+01,0.000000000000000000e+00
7.960487448483613093e+01,0.000000000000000000e+00
7.979314242518988465e+01,0.000000000000000000e+00
7.406152999043497687e+01,0.000000000000000000e+00
7.991394980190007402e+01,0.000000000000000000e+00
7.769747898076695947e+01,0.000000000000000000e+00
8.167874423500092007e+01,0.000000000000000000e+00
8.104389612488976979e+01,0.000000000000000000e+00
7.741537746672089781e+01,0.000000000000000000e+00
7.910009279415881167e+01,0.000000000000000000e+00
8.359964902582763102e+01,0.000000000000000000e+00
7.952135694137631106e+01,0.000000000000000000e+00
8.200929037764069562e+01,0.000000000000000000e+00
7.999978246931156889e+01,0.000000000000000000e+00
8.137180769179772710e+01,0.000000000000000000e+00
8.026841233727947156e+01,0.000000000000000000e+00
7.997942874244405687e+01,0.000000000000000000e+00
8.129216025740046803e+01,0.000000000000000000e+00
7.771421314473298025e+01,0.000000000000000000e+00
7.993600946879082869e+01,0.000000000000000000e+00
8.102298771602512772e+01,0.000000000000000000e+00
7.836192230424910576e+01,0.000000000000000000e+00
7.762099552001723168e+01,0.000000000000000000e+00
7.951180878618401948e+01,0.000000000000000000e+00
7.990521780841194754e+01,0.000000000000000000e+00
8.253427724739465532e+01,0.000000000000000000e+00
8.060936223084685537e+01,0.000000000000000000e+00
7.974029268887213107e+01,0.000000000000000000e+00
8.159339277451950068e+01,0.000000000000000000e+00
8.386533420449602261e+01,0.000000000000000000e+00
7.671361119506556747e+01,0.000000000000000000e+00
8.070896888662818469e+01,0.000000000000000000e+00
7.884502503620302605e+01,0.000000000000000000e+00
7.613201538123513501e+01,0.000000000000000000e+00
8.013336454857946478e+01,0.000000000000000000e+00
8.270419232793766184e+01,0.000000000000000000e+00
8.157795887897171383e+01,0.000000000000000000e+00
8.229362978549897889e+01,0.000000000000000000e+00
8.142171070568473112e+01,0.000000000000000000e+00
7.699326787234302572e+01,0.000000000000000000e+00
7.885697428320418112e+01,0.000000000000000000e+00
7.980940915039950312e+01,0.000000000000000000e+00
7.930237779420410504e+01,0.000000000000000000e+00
8.058131511564387495e+01,0.000000000000000000e+00
7.627189946743096982e+01,0.000000000000000000e+00
8.034243935668442305e+01,0.000000000000000000e+00
8.130346199459279433e+01,0.000000000000000000e+00
8.004578300301014337e+01,0.000000000000000000e+00
7.931061066199730192e+01,0.000000000000000000e+00
8.015488661670075032e+01,0.000000000000000000e+00
7.922637991686303849e+01,0.000000000000000000e+00
8.246035229068247929e+01,0.000000000000000000e+00
8.064333066927422067e+01,0.000000000000000000e+00
7.680473504644810134e+01,0.000000000000000000e+00
7.922603621505723481e+01,0.000000000000000000e+00
8.116730043907639924e+01,0.000000000000000000e+00
7.722011192732891516e+01,0.000000000000000000e+00
8.139533213479303697e+01,0.000000000000000000e+00
7.861135383191034975e+01,0.000000000000000000e+00
8.048381094549780812e+01,0.000000000000000000e+00
8.116778935329510603e+01,0.000000000000000000e+00
7.775136351124200473e+01,0.000000000000000000e+00
8.256997439537344974e+01,0.000000000000000000e+00
8.340845223242327222e+01,0.000000000000000000e+00
8.277017676133313273e+01,0.000000000000000000e+00
7.900736108600065677e+01,0.000000000000000000e+00
8.253886154611583947e+01,0.000000000000000000e+00
7.918787547071106303e+01,0.000000000000000000e+00
8.030166329291974137e+01,0.000000000000000000e+00
8.320274879630497367e+01,0.000000000000000000e+00
7.906582908881985361e+01,0.000000000000000000e+00
7.889197768053890059e+01,0.000000000000000000e+00
7.672318625433415207e+01,0.000000000000000000e+00
7.853540651326483157e+01,0.000000000000000000e+00
8.330778448352887722e+01,0.000000000000000000e+00
8.190064804816464061e+01,0.000000000000000000e+00
7.844899616864636016e+01,0.000000000000000000e+00
7.918876968312673625e+01,0.000000000000000000e+00
7.673561600872042732e+01,0.000000000000000000e+00
7.982515503969366932e+01,0.000000000000000000e+00
8.003212339360730709e+01,0.000000000000000000e+00
8.273040415412310722e+01,0.000000000000000000e+00
7.892009556294951267e+01,0.000000000000000000e+00
7.752688101781392049e+01,0.000000000000000000e+00
8.163870631346165396e+01,0.000000000000000000e+00
8.332248112586560751e+01,0.000000000000000000e+00
8.319849899046219832e+01,0.000000000000000000e+00
8.174300902857395101e+01,0.000000000000000000e+00
8.154382146428199007e+01,0.000000000000000000e+00
8.024093049011581513e+01,0.000000000000000000e+00
8.320736362831540589e+01,0.000000000000000000e+00
8.125177195833244070e+01,0.000000000000000000e+00
7.789333183664444960e+01,0.000000000000000000e+00
8.222099419933877584e+01,0.000000000000000000e+00
7.962488411173313807e+01,0.000000000000000000e+00
8.072449667278729635e+01,0.000000000000000000e+00
7.832583561162536512e+01,0.000000000000000000e+00
7.916328068615247560e+01,0.000000000000000000e+00
7.775763204140963580e+01,0.000000000000000000e+00
8.090356876880696291e+01,0.000000000000000000e+00
7.834002958177653397e+01,0.000000000000000000e+00
8.049894754540848396e+01,0.000000000000000000e+00
7.627055600442881200e+01,0.000000000000000000e+00
8.071739023669221069e+01,0.000000000000000000e+00
8.232847538940210086e+01,0.000000000000000000e+00
8.072276752447763215e+01,0.000000000000000000e+00
7.624715841465442168e+01,0.000000000000000000e+00
8.181691028840660351e+01,0.000000000000000000e+00
8.113056434167643260e+01,0.000000000000000000e+00
7.794494692284986570e+01,0.000000000000000000e+00
8.042722455746901744e+01,0.000000000000000000e+00
7.794496122233827862e+01,0.000000000000000000e+00
7.836389724612264729e+01,0.000000000000000000e+00
8.100837725670277223e+01,0.000000000000000000e+00
7.648585031373517040e+01,0.000000000000000000e+00
7.566833581675177811e+01,0.000000000000000000e+00
8.026775241546111772e+01,0.000000000000000000e+00
8.048816606133127038e+01,0.000000000000000000e+00
7.581728896055732037e+01,0.000000000000000000e+00
8.091758566753473758e+01,0.000000000000000000e+00
7.541691840082287968e+01,0.000000000000000000e+00
8.106427957885827595e+01,0.000000000000000000e+00
7.977906888356778836e+01,0.000000000000000000e+00
7.760034642737193167e+01,0.000000000000000000e+00
8.118408785860276566e+01,0.000000000000000000e+00
7.723707534457433610e+01,0.000000000000000000e+00
7.899112458087699906e+01,0.000000000000000000e+00
7.903516124395937936e+01,0.000000000000000000e+00
7.910956623803897969e+01,0.000000000000000000e+00
7.889639721712272546e+01,0.000000000000000000e+00
8.284159608780713313e+01,0.000000000000000000e+00
8.112763987093818230e+01,0.000000000000000000e+00
7.864917123022105727e+01,0.000000000000000000e+00
8.088838768723041994e+01,0.000000000000000000e+00
7.707305931740104654e+01,0.000000000000000000e+00
8.008173081492694223e+01,0.000000000000000000e+00
7.895173207964860751e+01,0.000000000000000000e+00
7.659001210291286554e+01,0.000000000000000000e+00
7.752324162260052276e+01,0.000000000000000000e+00
7.843464229919911190e+01,0.000000000000000000e+00
8.329981571875629243e+01,0.000000000000000000e+00
7.737878042330089556e+01,0.000000000000000000e+00
7.994222885465181605e+01,0.000000000000000000e+00
7.851392721212837955e+01,0.000000000000000000e+00
8.161704657337685376e+01,0.000000000000000000e+00
7.900497033268364078e+01,0.000000000000000000e+00
7.853420792052729382e+01,0.000000000000000000e+00
7.799950822003661699e+01,0.000000000000000000e+00
8.050076519693135424e+01,0.000000000000000000e+00
8.174865788117217846e+01,0.000000000000000000e+00
7.834540790486366291e+01,0.000000000000000000e+00
7.967633428579522104e+01,0.000000000000000000e+00
7.809685823813839534e+01,0.000000000000000000e+00
7.612709018685973206e+01,0.000000000000000000e+00
7.941767283760241014e+01,0.000000000000000000e+00
7.980499713700383779e+01,0.000000000000000000e+00
7.906254987234358111e+01,0.000000000000000000e+00
7.646550917636012912e+01,0.000000000000000000e+00
8.219920908900820677e+01,0.000000000000000000e+00
7.794309976572745313e+01,0.000000000000000000e+00
7.791363779189127570e+01,0.000000000000000000e+00
7.612486504544730792e+01,0.000000000000000000e+00
7.869755293537549790e+01,0.000000000000000000e+00
8.067028330398662206e+01,0.000000000000000000e+00
7.786769539099203996e+01,0.000000000000000000e+00
7.975306168126637374e+01,0.000000000000000000e+00
7.469010042309253095e+01,0.000000000000000000e+00
8.054062672612420215e+01,0.000000000000000000e+00
7.624826476259272567e+01,0.000000000000000000e+00
7.772857934119323886e+01,0.000000000000000000e+00
8.061803053805789432e+01,0.000000000000000000e+00
7.921827215220648100e+01,0.000000000000000000e+00
8.100750598955798409e+01,0.000000000000000000e+00
8.295558417907315629e+01,0.000000000000000000e+00
7.889283876238113180e+01,0.000000000000000000e+00
8.000902100084286417e+01,0.000000000000000000e+00
8.192744195923208395e+01,0.000000000000000000e+00
8.006448008352614920e+01,0.000000000000000000e+00
8.248947080627658579e+01,0.000000000000000000e+00
7.957367625043561077e+01,0.000000000000000000e+00
8.287019421204898606e+01,0.000000000000000000e+00
7.719390823146382274e+01,0.000000000000000000e+00
8.033228304474422998e+01,0.000000000000000000e+00
7.773355215899239568e+01,0.000000000000000000e+00
8.000934055295296332e+01,0.000000000000000000e+00
7.962969419994733755e+01,0.000000000000000000e+00
7.787567746527922452e+01,0.000000000000000000e+00
8.103385372803926145e+01,0.000000000000000000e+00
8.321814030094688519e+01,0.000000000000000000e+00
7.647540871736168810e+01,0.000000000000000000e+00
7.665104836421666334e+01,0.000000000000000000e+00
7.785703460002079623e+01,0.000000000000000000e+00
7.585649980464103237e+01,0.000000000000000000e+00
7.859593130961826546e+01,0.000000000000000000e+00
8.125625943490726399e+01,0.000000000000000000e+00
7.680989234253787856e+01,0.000000000000000000e+00
8.007657944742013001e+01,0.000000000000000000e+00
7.877408404768621608e+01,0.000000000000000000e+00
7.968813291832617551e+01,0.000000000000000000e+00
7.827897220844899095e+01,0.000000000000000000e+00
7.683973993111784750e+01,0.000000000000000000e+00
7.373971571674447034e+01,0.000000000000000000e+00
7.888172764298209927e+01,0.000000000000000000e+00
8.142594577537168732e+01,0.000000000000000000e+00
7.728660058601462879e+01,0.000000000000000000e+00
7.685991381841232339e+01,0.000000000000000000e+00
7.754946504271306651e+01,0.000000000000000000e+00
7.504732061759456485e+01,0.000000000000000000e+00
7.610557320885402532e+01,0.000000000000000000e+00
7.503216570940021768e+01,0.000000000000000000e+00
7.753530635742498589e+01,0.000000000000000000e+00
8.097597104119813594e+01,0.000000000000000000e+00
7.731175021860354946e+01,0.000000000000000000e+00
7.484008554007161251e+01,0.000000000000000000e+00
7.769329100234712371e+01,0.000000000000000000e+00
7.536326819949783840e+01,0.000000000000000000e+00
7.857272739170687714e+01,0.000000000000000000e+00
7.468993647352058929e+01,0.000000000000000000e+00
7.781518077484663820e+01,0.000000000000000000e+00
7.914061596189530690e+01,0.000000000000000000e+00
7.661648739942869213e+01,0.000000000000000000e+00
7.941690224294806910e+01,0.000000000000000000e+00
7.870160785631622957e+01,0.000000000000000000e+00
8.040664253568068887e+01,0.000000000000000000e+00
7.520435551262987417e+01,0.000000000000000000e+00
7.397941026641591122e+01,0.000000000000000000e+00
7.718750271458422674e+01,0.000000000000000000e+00
7.932115527427841073e+01,0.000000000000000000e+00
7.602600058242485659e+01,0.000000000000000000e+00
7.582914271330078293e+01,0.000000000000000000e+00
7.717032190592360053e+01,0.000000000000000000e+00
7.723441533592404085e+01,0.000000000000000000e+00
7.349105007786464228e+01,0.000000000000000000e+00
7.501390018238163293e+01,0.000000000000000000e+00
7.681771201096216828e+01,0.000000000000000000e+00
7.763257903403336968e+01,0.000000000000000000e+00
7.512418397529488345e+01,0.000000000000000000e+00
7.554921319680408942e+01,0.000000000000000000e+00
7.792349655693068655e+01,0.000000000000000000e+00
7.772572954767137787e+01,0.000000000000000000e+00
7.783445571991879319e+01,0.000000000000000000e+00
8.008654725698696097e+01,0.000000000000000000e+00
7.530205166569241726e+01,0.000000000000000000e+00
7.717129191744172090e+01,0.000000000000000000e+00
7.133347735353837038e+01,0.000000000000000000e+00
7.790669087717552088e+01,0.000000000000000000e+00
7.504445735886909574e+01,0.000000000000000000e+00
7.482863392976429395e+01,0.000000000000000000e+00
7.696551071060210347e+01,0.000000000000000000e+00
7.572051249467098444e+01,0.000000000000000000e+00
7.961338003611426473e+01,0.000000000000000000e+00
7.853257383719400764e+01,0.000000000000000000e+00
7.362854796118242007e+01,0.000000000000000000e+00
7.210389346074197192e+01,0.000000000000000000e+00
7.623891115553277587e+01,0.000000000000000000e+00
7.319247275913666329e+01,0.000000000000000000e+00
7.658496702931221023e+01,0.000000000000000000e+00
7.751853641656410332e+01,0.000000000000000000e+00
7.297930926408083963e+01,0.000000000000000000e+00
7.323138347997713993e+01,0.000000000000000000e+00
7.611876657080735242e+01,0.000000000000000000e+00
7.465959332079549426e+01,0.000000000000000000e+00
7.735856352076746134e+01,0.000000000000000000e+00
7.179488028537781474e+01,0.000000000000000000e+00
7.223585271571596422e+01,0.000000000000000000e+00
7.636682186024512475e+01,0.000000000000000000e+00
7.588963467274160735e+01,0.000000000000000000e+00
7.809532660549781724e+01,0.000000000000000000e+00
7.386711289871686859e+01,0.000000000000000000e+00
7.278992094511032462e+01,0.000000000000000000e+00
7.399063838837514595e+01,0.000000000000000000e+00
7.880217555831836762e+01,0.000000000000000000e+00
7.604987234817657793e+01,0.000000000000000000e+00
7.709123424677868286e+01,0.000000000000000000e+00
6.985886088880658917e+01,0.000000000000000000e+00
7.319481396045897270e+01,0.000000000000000000e+00
7.330613033727023264e+01,0.000000000000000000e+00
7.393316639755225594e+01,0.000000000000000000e+00
7.396369328117060604e+01,0.000000000000000000e+00
7.466017671540184608e+01,0.000000000000000000e+00
7.534332421114889655e+01,0.000000000000000000e+00
7.300940880006402267e+01,0.000000000000000000e+00
7.410025570600869571e+01,0.000000000000000000e+00
7.787853961330998231e+01,0.000000000000000000e+00
7.593962510443560632e+01,0.000000000000000000e+00
7.541287942582012249e+01,0.000000000000000000e+00
7.147415634139778717e+01,0.000000000000000000e+00
7.275271114023215091e+01,0.000000000000000000e+00
7.294719347421504096e+01,0.000000000000000000e+00
7.432222714828860433e+01,0.000000000000000000e+00
7.213130446949050167e+01,0.000000000000000000e+00
7.422979842946209317e+01,0.000000000000000000e+00
7.448494250036088715e+01,0.000000000000000000e+00
7.755450099749688775e+01,0.000000000000000000e+00
7.574960501877926333e+01,0.000000000000000000e+00
7.317271261130571247e+01,0.000000000000000000e+00
7.015739382792148149e+01,0.000000000000000000e+00
7.395167630755790356e+01,0.000000000000000000e+00
7.511710719593142471e+01,0.000000000000000000e+00
7.226466256621671391e+01,0.000000000000000000e+00
6.897756868101518535e+01,0.000000000000000000e+00
7.203983438346033097e+01,0.000000000000000000e+00
7.223263650916463519e+01,0.000000000000000000e+00
7.250670851387481264e+01,0.000000000000000000e+00
7.153917528749833821e+01,0.000000000000000000e+00
7.383459057768429545e+01,0.000000000000000000e+00
7.464925028801587814e+01,0.000000000000000000e+00
7.624666720130497310e+01,0.000000000000000000e+00
7.125477208193308343e+01,0.000000000000000000e+00
7.450628065598532146e+01,0.000000000000000000e+00
7.500797943283861002e+01,0.000000000000000000e+00
7.247978209704642438e+01,0.000000000000000000e+00
7.318940493936801772e+01,0.000000000000000000e+00
7.345689094687203635e+01,0.000000000000000000e+00
7.480096348485120927e+01,0.000000000000000000e+00
7.631561359163525537e+01,0.000000000000000000e+00
7.446511542740029199e+01,0.000000000000000000e+00
7.346443467914077985e+01,0.000000000000000000e+00
7.115448873750496261e+01,0.000000000000000000e+00
6.847106124271262217e+01,0.000000000000000000e+00
7.273346902273870285e+01,0.000000000000000000e+00
7.432801858564344855e+01,0.000000000000000000e+00
7.260806058063904800e+01,0.000000000000000000e+00
7.275924271558083944e+01,0.000000000000000000e+00
7.591832104248015867e+01,0.000000000000000000e+00
7.090457657478486908e+01,0.000000000000000000e+00
7.182434958860314111e+01,0.000000000000000000e+00
6.836559431978855628e+01,0.000000000000000000e+00
7.193750264174948938e+01,0.000000000000000000e+00
7.511740901911764468e+01,0.000000000000000000e+00
7.217524695300366488e+01,0.000000000000000000e+00
7.022685247079866144e+01,0.000000000000000000e+00
7.189798978581814026e+01,0.000000000000000000e+00
7.068023537674515921e+01,0.000000000000000000e+00
7.361279598950251568e+01,0.000000000000000000e+00
7.087386791210120407e+01,0.000000000000000000e+00
7.188924552034191606e+01,0.000000000000000000e+00
7.080374499142064337e+01,0.000000000000000000e+00
7.443161042670344330e+01,0.000000000000000000e+00
6.871101125336102200e+01,0.000000000000000000e+00
7.121454568323922274e+01,0.000000000000000000e+00
7.153800856656667406e+01,0.000000000000000000e+00
7.283180589388057058e+01,0.000000000000000000e+00
7.163548891864179780e+01,0.000000000000000000e+00
6.761363257536810067e+01,0.000000000000000000e+00
7.122262184550736208e+01,0.000000000000000000e+00
7.076415116849479148e+01,0.000000000000000000e+00
7.070297171330173569e+01,0.000000000000000000e+00
7.027038065006651379e+01,0.000000000000000000e+00
7.236997734916067770e+01,0.000000000000000000e+00
7.122370469666206816e+01,0.000000000000000000e+00
7.228246573180894075e+01,0.000000000000000000e+00
6.862566385963891946e+01,0.000000000000000000e+00
6.864591896540211735e+01,0.000000000000000000e+00
6.565691416951821680e+01,0.000000000000000000e+00
7.139510619539881020e+01,0.000000000000000000e+00
7.154064940276832374e+01,0.000000000000000000e+00
7.191603779516550787e+01,0.000000000000000000e+00
6.892313245178094405e+01,0.000000000000000000e+00
6.781182699325948704e+01,0.000000000000000000e+00
7.088838361121023013e+01,0.000000000000000000e+00
7.376843426915436908e+01,0.000000000000000000e+00
6.797873875347056583e+01,0.000000000000000000e+00
6.936551988181237505e+01,0.000000000000000000e+00
6.790004653718472127e+01,0.000000000000000000e+00
6.745910037293411676e+01,0.000000000000000000e+00
7.243989772727519494e+01,0.000000000000000000e+00
6.966660383337101337e+01,0.000000000000000000e+00
6.936142500106498687e+01,0.000000000000000000e+00
7.155491188521509116e+01,0.000000000000000000e+00
6.773185273525636774e+01,0.000000000000000000e+00
6.848770284894361282e+01,0.000000000000000000e+00
6.933162943109718412e+01,0.000000000000000000e+00
7.009491382482015354e+01,0.000000000000000000e+00
7.246306914924130638e+01,0.000000000000000000e+00
6.884545239765975566e+01,0.000000000000000000e+00
6.718378239022921150e+01,0.000000000000000000e+00
6.903379623214505045e+01,0.000000000000000000e+00
6.895647638117056033e+01,0.000000000000000000e+00
7.240110312369323253e+01,0.000000000000000000e+00
6.966067774884159292e+01,0.000000000000000000e+00
6.987691447678396628e+01,0.000000000000000000e+00
6.895727530469510214e+01,0.000000000000000000e+00
6.856122681408962194e+01,0.000000000000000000e+00
6.576467994483236623e+01,0.000000000000000000e+00
7.292957464860232619e+01,0.000000000000000000e+00
7.116813591195169408e+01,0.000000000000000000e+00
6.585337661085280558e+01,0.000000000000000000e+00
6.675946613540241970e+01,0.000000000000000000e+00
6.826278093302005345e+01,0.000000000000000000e+00
6.966890845562357981e+01,0.000000000000000000e+00
6.888996062525463060e+01,0.000000000000000000e+00
6.737207866880400786e+01,0.000000000000000000e+00
6.920861325508285233e+01,0.000000000000000000e+00
6.632976383297936707e+01,0.000000000000000000e+00
6.677802444245037350e+01,0.000000000000000000e+00
6.738135153193191229e+01,0.000000000000000000e+00
7.050964511245830124e+01,0.000000000000000000e+00
7.096832045783655474e+01,0.000000000000000000e+00
6.951932643098608366e+01,0.000000000000000000e+00
6.549568668708360519e+01,0.000000000000000000e+00
6.566119995290439704e+01,0.000000000000000000e+00
6.949491363240991859e+01,0.000000000000000000e+00
6.738124898012820552e+01,0.000000000000000000e+00
6.939473877683539627e+01,0.000000000000000000e+00
6.975378833453046923e+01,0.000000000000000000e+00
6.956013537001184943e+01,0.000000000000000000e+00
7.118669008819540522e+01,0.000000000000000000e+00
6.780498708417472642e+01,0.000000000000000000e+00
6.701191407135678446e+01,0.000000000000000000e+00
6.838651013549875302e+01,0.000000000000000000e+00
6.704207722420952109e+01,0.000000000000000000e+00
6.801358481747924145e+01,0.000000000000000000e+00
6.835454434092311260e+01,0.000000000000000000e+00
6.863946993653839002e+01,0.000000000000000000e+00
6.823532199860916592e+01,0.000000000000000000e+00
6.901875186759845349e+01,0.000000000000000000e+00
6.948582277872736768e+01,0.000000000000000000e+00
6.517075707593104994e+01,0.000000000000000000e+00
6.323373088957666965e+01,0.000000000000000000e+00
6.681878958804146862e+01,0.000000000000000000e+00
6.905465961352210513e+01,0.000000000000000000e+00
6.865121750447427473e+01,0.000000000000000000e+00
6.916568897985528963e+01,0.000000000000000000e+00
6.523446817986997814e+01,0.000000000000000000e+00
7.036069377345759790e+01,0.000000000000000000e+00
6.882806712767335000e+01,0.000000000000000000e+00
6.626347922705667770e+01,0.000000000000000000e+00
6.979812869858045588e+01,0.000000000000000000e+00
6.619773283732185121e+01,0.000000000000000000e+00
7.038469546768000384e+01,0.000000000000000000e+00
6.356019554321324705e+01,0.000000000000000000e+00
6.515394249211462352e+01,0.000000000000000000e+00
6.702490134986535963e+01,0.000000000000000000e+00
6.755931323224031360e+01,0.000000000000000000e+00
6.094177908247917230e+01,0.000000000000000000e+00
6.534507127327276521e+01,0.000000000000000000e+00
6.391561893356018231e+01,0.000000000000000000e+00
6.706811650061578689e+01,0.000000000000000000e+00
6.629834586295042698e+01,0.000000000000000000e+00
6.439970562960236578e+01,0.000000000000000000e+00
6.443604701414636793e+01,0.000000000000000000e+00
6.733673653200931142e+01,0.000000000000000000e+00
6.295371308210848582e+01,0.000000000000000000e+00
6.359669988992988010e+01,0.000000000000000000e+00
6.569028818340001408e+01,0.000000000000000000e+00
6.304022128629637223e+01,0.000000000000000000e+00
6.850721406090958965e+01,0.000000000000000000e+00
6.371509228946028713e+01,0.000000000000000000e+00
6.432773922458994775e+01,0.000000000000000000e+00
6.529323359929583148e+01,0.000000000000000000e+00
6.251508767186671633e+01,0.000000000000000000e+00
6.523621694149160533e+01,0.000000000000000000e+00
6.390098484310483684e+01,0.000000000000000000e+00
6.400558237780971638e+01,0.000000000000000000e+00
6.610791108213520317e+01,0.000000000000000000e+00
6.267051876755429873e+01,0.000000000000000000e+00
6.667705320852353168e+01,0.000000000000000000e+00
6.471132408762976240e+01,0.000000000000000000e+00
6.166745965427156762e+01,0.000000000000000000e+00
6.339110415582845093e+01,0.000000000000000000e+00
5.997824519279625122e+01,0.000000000000000000e+00
6.880017241558337560e+01,0.000000000000000000e+00
6.475381039725569110e+01,0.000000000000000000e+00
6.171269165060570572e+01,0.000000000000000000e+00
6.521433645791753975e+01,0.000000000000000000e+00
6.467593550585961282e+01,0.000000000000000000e+00
6.254542565224556228e+01,0.000000000000000000e+00
6.289625224665402925e+01,0.000000000000000000e+00
6.654648440405817666e+01,0.000000000000000000e+00
6.762689219515932848e+01,0.000000000000000000e+00
6.186884742610715193e+01,0.000000000000000000e+00
6.507695726492724475e+01,0.000000000000000000e+00
6.406866470610323461e+01,0.000000000000000000e+00
6.207686260179399795e+01,0.000000000000000000e+00
6.358358846566489575e+01,0.000000000000000000e+00
6.076426294775534132e+01,0.000000000000000000e+00
6.680722977641072191e+01,0.000000000000000000e+00
6.305127754759985237e+01,0.000000000000000000e+00
6.488965821184996230e+01,0.000000000000000000e+00
6.118921841083867719e+01,0.000000000000000000e+00
6.667458849783839980e+01,0.000000000000000000e+00
6.428274598165461384e+01,0.000000000000000000e+00
6.139069191135364889e+01,0.000000000000000000e+00
6.215237106408699930e+01,0.000000000000000000e+00
5.695223216016769641e+01,0.000000000000000000e+00
6.348355671457821359e+01,0.000000000000000000e+00
6.002481760646473674e+01,0.000000000000000000e+00
6.267083192341380027e+01,0.000000000000000000e+00
6.330409180380463852e+01,0.000000000000000000e+00
6.224137401833016270e+01,0.000000000000000000e+00
6.154726118492736475e+01,0.000000000000000000e+00
6.545093767298767773e+01,0.000000000000000000e+00
5.966908420355348852e+01,0.000000000000000000e+00
6.097579393653472835e+01,0.000000000000000000e+00
6.203061894686184274e+01,0.000000000000000000e+00
6.384520382352501144e+01,0.000000000000000000e+00
5.886872485201453031e+01,0.000000000000000000e+00
5.748929230244376498e+01,0.000000000000000000e+00
6.057650099303597813e+01,0.000000000000000000e+00
6.082096485434117028e+01,0.000000000000000000e+00
5.782167547687999587e+01,0.000000000000000000e+00
5.919977328371928849e+01,0.000000000000000000e+00
6.505283910197098862e+01,0.000000000000000000e+00
5.989928685381370599e+01,0.000000000000000000e+00
5.796253755653941653e+01,0.000000000000000000e+00
5.981687991692049167e+01,0.000000000000000000e+00
6.110567633060561832e+01,0.000000000000000000e+00
6.034713245703423468e+01,0.000000000000000000e+00
5.989373724052449433e+01,0.000000000000000000e+00
5.721864416304449463e+01,0.000000000000000000e+00
6.018370651318862485e+01,0.000000000000000000e+00
6.137179087687118084e+01,0.000000000000000000e+00
6.251620684841130071e+01,0.000000000000000000e+00
6.123282442011508664e+01,0.000000000000000000e+00
5.984170442127000200e+01,0.000000000000000000e+00
5.878937853213220421e+01,0.000000000000000000e+00
6.114777396963387446e+01,0.000000000000000000e+00
5.983467701489884405e+01,0.000000000000000000e+00
6.256705857235438373e+01,0.000000000000000000e+00
6.231163248960104539e+01,0.000000000000000000e+00
5.947755420131144888e+01,0.000000000000000000e+00
5.857585840141399558e+01,0.000000000000000000e+00
6.029110855407940761e+01,0.000000000000000000e+00
6.086493412111986601e+01,0.000000000000000000e+00
5.882610757874751073e+01,0.000000000000000000e+00
5.864170133283275277e+01,0.000000000000000000e+00
5.879567305749336725e+01,0.000000000000000000e+00
5.753963147617425022e+01,0.000000000000000000e+00
6.008710433057628819e+01,0.000000000000000000e+00
5.582013781348869941e+01,0.000000000000000000e+00
6.110795998636994852e+01,0.000000000000000000e+00
6.386109978642171825e+01,0.000000000000000000e+00
5.922857000167807939e+01,0.000000000000000000e+00
5.999065098957709097e+01,0.000000000000000000e+00
5.670296843656274177e+01,0.000000000000000000e+00
5.697103849002102294e+01,0.000000000000000000e+00
6.224733154511444155e+01,0.000000000000000000e+00
6.035000385689757962e+01,0.000000000000000000e+00
5.458948211765720515e+01,0.000000000000000000e+00
5.588508612867946823e+01,0.000000000000000000e+00
5.562818487446747184e+01,0.000000000000000000e+00
6.033217892568721652e+01,0.000000000000000000e+00
5.884055218983639435e+01,0.000000000000000000e+00
5.597222939736921887e+01,0.000000000000000000e+00
5.613921295085139462e+01,0.000000000000000000e+00
5.445068424594684586e+01,0.000000000000000000e+00
5.795807742413493457e+01,0.000000000000000000e+00
5.895638748802824836e+01,0.000000000000000000e+00
5.536911077884553123e+01,0.000000000000000000e+00
5.541267415847251954e+01,0.000000000000000000e+00
5.917740834250369630e+01,0.000000000000000000e+00
6.026739999844698303e+01,0.000000000000000000e+00
5.865402252907844627e+01,0.000000000000000000e+00
5.743893312098713722e+01,0.000000000000000000e+00
5.472128354852042520e+01,0.000000000000000000e+00
5.828112240323105908e+01,0.000000000000000000e+00
5.720433015287612477e+01,0.000000000000000000e+00
5.446757869623670700e+01,0.000000000000000000e+00
5.930082149712394823e+01,0.000000000000000000e+00
5.325412436953107687e+01,0.000000000000000000e+00
5.376028134725499541e+01,0.000000000000000000e+00
5.917838723247218979e+01,0.000000000000000000e+00
5.363491901083242652e+01,0.000000000000000000e+00
5.604297037080900878e+01,0.000000000000000000e+00
5.620047686313533575e+01,0.000000000000000000e+00
5.805029191223932372e+01,0.000000000000000000e+00
5.322174812827545765e+01,0.000000000000000000e+00
5.559665513361447609e+01,0.000000000000000000e+00
5.531611439300831279e+01,0.000000000000000000e+00
5.608470743131847769e+01,0.000000000000000000e+00
5.364591834146911253e+01,0.000000000000000000e+00
5.299033438071223401e+01,0.000000000000000000e+00
5.409945757917029852e+01,0.000000000000000000e+00
5.803853884456937351e+01,0.000000000000000000e+00
5.170136152754950842e+01,0.000000000000000000e+00
5.560584164012285413e+01,0.000000000000000000e+00
5.574718744923627867e+01,0.000000000000000000e+00
5.258872575514479308e+01,0.000000000000000000e+00
5.390078603750843911e+01,0.000000000000000000e+00
5.588175748516300700e+01,0.000000000000000000e+00
5.471235172759889309e+01,0.000000000000000000e+00
5.327893870375658025e+01,0.000000000000000000e+00
5.547337764472734989e+01,0.000000000000000000e+00
5.481370051016939726e+01,0.000000000000000000e+00
5.914422119585611881e+01,0.000000000000000000e+00
5.723764888235992743e+01,0.000000000000000000e+00
5.669227517538163852e+01,0.000000000000000000e+00
5.713602093686966299e+01,0.000000000000000000e+00
5.360529213163050599e+01,0.000000000000000000e+00
5.317184649092278192e+01,0.000000000000000000e+00
5.266267710716690686e+01,0.000000000000000000e+00
5.350250432572782699e+01,0.000000000000000000e+00
5.260820993188890782e+01,0.000000000000000000e+00
5.360232718754215853e+01,0.000000000000000000e+00
5.490172961940707808e+01,0.000000000000000000e+00
5.196835425470544578e+01,0.000000000000000000e+00
5.503261522536605810e+01,0.000000000000000000e+00
5.651969356441470183e+01,0.000000000000000000e+00
5.747191541591405439e+01,0.000000000000000000e+00
5.638768998102074193e+01,0.000000000000000000e+00
5.372230130548907567e+01,0.000000000000000000e+00
5.101200188140452241e+01,0.000000000000000000e+00
5.593191803249580119e+01,0.000000000000000000e+00
4.848763027828132266e+01,0.000000000000000000e+00
5.191839265203183373e+01,0.000000000000000000e+00
5.000330691117468263e+01,0.000000000000000000e+00
5.512793165026199915e+01,0.000000000000000000e+00
5.186448057391869071e+01,0.000000000000000000e+00
5.242497066598894406e+01,0.000000000000000000e+00
5.238785765812567519e+01,0.000000000000000000e+00
5.118115870049906846e+01,0.000000000000000000e+00
5.550515387625674180e+01,0.000000000000000000e+00
5.187291895571649292e+01,0.000000000000000000e+00
5.166168427398803686e+01,0.000000000000000000e+00
5.100587680079362229e+01,0.000000000000000000e+00
5.013221859572247041e+01,0.000000000000000000e+00
4.853907348109342479e+01,0.000000000000000000e+00
5.253046211037288771e+01,0.000000000000000000e+00
5.026085041946799237e+01,0.000000000000000000e+00
4.844958121157027620e+01,0.000000000000000000e+00
5.075637240918256765e+01,0.000000000000000000e+00
5.013986247395514795e+01,0.000000000000000000e+00
5.124564030654148183e+01,0.000000000000000000e+00
4.874390389246588029e+01,0.000000000000000000e+00
4.950339129355616308e+01,0.000000000000000000e+00
5.017822014407229858e+01,0.000000000000000000e+00
5.275682352736335901e+01,0.000000000000000000e+00
4.966026232543852359e+01,0.000000000000000000e+00
5.025196839447855268e+01,0.000000000000000000e+00
4.779123266426522321e+01,0.000000000000000000e+00
5.270986183191686791e+01,0.000000000000000000e+00
5.280403181610672902e+01,0.000000000000000000e+00
5.233169561959667959e+01,0.000000000000000000e+00
5.248231810258378260e+01,0.000000000000000000e+00
5.008515199548203611e+01,0.000000000000000000e+00
5.141970974609551348e+01,0.000000000000000000e+00
5.257230645456237283e+01,0.000000000000000000e+00
5.240505860451433051e+01,0.000000000000000000e+00
5.079066112250315967e+01,0.000000000000000000e+00
5.203739833444117124e+01,0.000000000000000000e+00
4.869661204544404853e+01,0.000000000000000000e+00
4.980660857460639335e+01,0.000000000000000000e+00
4.918943088686225451e+01,0.000000000000000000e+00
5.012239785966407624e+01,0.000000000000000000e+00
4.858070881111664363e+01,0.000000000000000000e+00
4.482801698289388526e+01,0.000000000000000000e+00
4.781375532480468848e+01,0.000000000000000000e+00
4.886635583027591423e+01,0.000000000000000000e+00
5.026287509785949936e+01,0.000000000000000000e+00
4.713402888673488178e+01,0.000000000000000000e+00
4.827370166092708814e+01,0.000000000000000000e+00
4.918131285097925343e+01,0.000000000000000000e+00
4.866511993257595492e+01,0.000000000000000000e+00
4.913411827873143523e+01,0.000000000000000000e+00
4.955486866868921680e+01,0.000000000000000000e+00
4.888540532452002196e+01,0.000000000000000000e+00
4.709483746716116315e+01,0.000000000000000000e+00
4.657376798483808500e+01,0.000000000000000000e+00
5.014506592182677736e+01,0.000000000000000000e+00
5.018816218564056442e+01,0.000000000000000000e+00
4.769005418391294882e+01,0.000000000000000000e+00
4.945734645602179569e+01,0.000000000000000000e+00
4.963946519543704028e+01,0.000000000000000000e+00
4.900248992621361310e+01,0.000000000000000000e+00
4.987522592161779755e+01,0.000000000000000000e+00
5.004413598288530096e+01,0.000000000000000000e+00
4.483081324129265255e+01,0.000000000000000000e+00
4.788855441252839285e+01,0.000000000000000000e+00
4.904661336696580065e+01,0.000000000000000000e+00
4.745815346329460027e+01,0.000000000000000000e+00
4.596125684870348493e+01,0.000000000000000000e+00
4.745265150954522682e+01,0.000000000000000000e+00
4.563372531382702135e+01,0.000000000000000000e+00
4.684755713604831584e+01,0.000000000000000000e+00
4.405785485924824485e+01,0.000000000000000000e+00
4.816507534662433443e+01,0.000000000000000000e+00
4.579970202553300851e+01,0.000000000000000000e+00
4.600782122971405386e+01,0.000000000000000000e+00
4.424023716115753757e+01,0.000000000000000000e+00
4.144663123192395915e+01,0.000000000000000000e+00
4.705548055104075900e+01,0.000000000000000000e+00
4.789520038553132508e+01,0.000000000000000000e+00
4.564926834735859273e+01,0.000000000000000000e+00
4.397561610792194386e+01,0.000000000000000000e+00
5.079919879177238329e+01,0.000000000000000000e+00
4.687728551090032880e+01,0.000000000000000000e+00
4.638993195984587459e+01,0.000000000000000000e+00
4.716097335577772753e+01,0.000000000000000000e+00
4.670807237182471283e+01,0.000000000000000000e+00
4.426935511059133432e+01,0.000000000000000000e+00
4.680558845209323948e+01,0.000000000000000000e+00
4.341081155773489542e+01,0.000000000000000000e+00
4.335259307929202066e+01,0.000000000000000000e+00
4.174682881850949201e+01,0.000000000000000000e+00
4.307114133689174906e+01,0.000000000000000000e+00
4.461400028909724114e+01,0.000000000000000000e+00
4.683590701861692907e+01,0.000000000000000000e+00
4.430923222936236527e+01,0.000000000000000000e+00
4.500267571178333270e+01,0.000000000000000000e+00
4.370476067862261971e+01,0.000000000000000000e+00
4.864005669767424678e+01,0.000000000000000000e+00
4.766376622590037471e+01,0.000000000000000000e+00
4.730052372639390512e+01,0.000000000000000000e+00
4.672066944825205326e+01,0.000000000000000000e+00
4.370413263011308658e+01,0.000000000000000000e+00
3.968529525094804455e+01,0.000000000000000000e+00
4.129485574848146001e+01,0.000000000000000000e+00
4.409002162857093055e+01,0.000000000000000000e+00
4.388553650292210762e+01,0.000000000000000000e+00
4.155898901275683244e+01,0.000000000000000000e+00
4.487459841429016905e+01,0.000000000000000000e+00
4.151892117329923337e+01,0.000000000000000000e+00
4.391445175654319399e+01,0.000000000000000000e+00
4.094104349715574642e+01,0.000000000000000000e+00
4.130780165737044740e+01,0.000000000000000000e+00
4.542204476628354115e+01,0.000000000000000000e+00
4.495513433053319829e+01,0.000000000000000000e+00
4.469681669134616442e+01,0.000000000000000000e+00
4.474837594219555825e+01,0.000000000000000000e+00
4.166700531632558580e+01,0.000000000000000000e+00
4.382153165260542949e+01,0.000000000000000000e+00
4.507541262405327842e+01,0.000000000000000000e+00
4.091704838398035093e+01,0.000000000000000000e+00
4.299244747096140173e+01,0.000000000000000000e+00
4.295562919056980178e+01,0.000000000000000000e+00
4.036379794839673707e+01,0.000000000000000000e+00
4.181418493453296747e+01,0.000000000000000000e+00
4.097069409610033119e+01,0.000000000000000000e+00
4.499804150614362896e+01,0.000000000000000000e+00
4.314111075796431294e+01,0.000000000000000000e+00
4.249383047434671568e+01,0.000000000000000000e+00
3.963043044313757690e+01,0.000000000000000000e+00
3.886852545577702500e+01,0.000000000000000000e+00
4.200325310495330200e+01,0.000000000000000000e+00
4.476232216102042116e+01,0.000000000000000000e+00
4.022472254395906077e+01,0.000000000000000000e+00
4.253956406737781037e+01,0.000000000000000000e+00
4.050755839119887725e+01,0.000000000000000000e+00
4.371358770469503696e+01,0.000000000000000000e+00
4.577927529255930494e+01,0.000000000000000000e+00
3.884354807966362699e+01,0.000000000000000000e+00
4.172364061362961252e+01,0.000000000000000000e+00
4.200790511166571406e+01,0.000000000000000000e+00
4.191095286511289686e+01,0.000000000000000000e+00
3.802817029909923718e+01,0.000000000000000000e+00
3.959084641541554106e+01,0.000000000000000000e+00
4.307835718006133163e+01,0.000000000000000000e+00
4.063483766252790019e+01,0.000000000000000000e+00
4.202399712572286461e+01,0.000000000000000000e+00
4.058282260373356820e+01,0.000000000000000000e+00
4.047685679166605155e+01,0.000000000000000000e+00
3.833074754312588794e+01,0.000000000000000000e+00
4.370783314083509197e+01,0.000000000000000000e+00
4.007285985157854213e+01,0.000000000000000000e+00
4.029438858509369226e+01,0.000000000000000000e+00
4.362981508038413381e+01,0.000000000000000000e+00
3.780826161079991721e+01,0.000000000000000000e+00
4.069160483041883225e+01,0.000000000000000000e+00
3.594606050205598535e+01,0.000000000000000000e+00
3.853026121512274926e+01,0.000000000000000000e+00
4.298646484935826351e+01,0.000000000000000000e+00
3.951909201215913470e+01,0.000000000000000000e+00
3.982622161295772401e+01,0.000000000000000000e+00
4.420561010043190464e+01,0.000000000000000000e+00
4.388472259128126041e+01,0.000000000000000000e+00
4.598421283003754922e+01,0.000000000000000000e+00
3.982280152965996933e+01,0.000000000000000000e+00
4.160066947627030487e+01,0.000000000000000000e+00
4.229269681503059530e+01,0.000000000000000000e+00
3.736350265263784109e+01,0.000000000000000000e+00
3.773289883936897837e+01,0.000000000000000000e+00
3.771412624462452357e+01,0.000000000000000000e+00
3.985647855366398318e+01,0.000000000000000000e+00
4.034899765053599907e+01,0.000000000000000000e+00
3.953027985368518671e+01,0.000000000000000000e+00
4.070919250586267424e+01,0.000000000000000000e+00
3.899938994636266898e+01,0.000000000000000000e+00
4.101188127121243809e+01,0.000000000000000000e+00
4.007694674009881197e+01,0.000000000000000000e+00
4.050348574059590590e+01,0.000000000000000000e+00
4.160965975896395008e+01,0.000000000000000000e+00
3.582621427113413404e+01,0.000000000000000000e+00
3.568709986524523714e+01,0.000000000000000000e+00
3.869463676846241640e+01,0.000000000000000000e+00
3.951345776635945839e+01,0.000000000000000000e+00
4.049692814034632704e+01,0.000000000000000000e+00
3.877799489942857036e+01,0.000000000000000000e+00
3.697902760751911444e+01,0.000000000000000000e+00
3.636212311114036311e+01,0.000000000000000000e+00
3.729009640014960780e+01,0.000000000000000000e+00
3.822473749462492520e+01,0.000000000000000000e+00
3.558859260319768936e+01,0.000000000000000000e+00
3.544832825149555333e+01,0.000000000000000000e+00
3.671845878498582039e+01,0.000000000000000000e+00
3.636486635278056667e+01,0.000000000000000000e+00
3.767899395333483170e+01,0.000000000000000000e+00
3.721184486995768026e+01,0.000000000000000000e+00
3.788567059623632360e+01,0.000000000000000000e+00
3.890972301970100489e+01,0.000000000000000000e+00
3.864342824098124396e+01,0.000000000000000000e+00
4.255280023146887203e+01,0.000000000000000000e+00
3.592279396664994806e+01,0.000000000000000000e+00
4.173260054841846056e+01,0.000000000000000000e+00
3.905313469903109080e+01,0.000000000000000000e+00
3.430543898380835088e+01,0.000000000000000000e+00
3.919308612321657392e+01,0.000000000000000000e+00
3.494901349871719276e+01,0.000000000000000000e+00
3.695261876326168959e+01,0.000000000000000000e+00
4.076028687590286381e+01,0.000000000000000000e+00
3.519928014251393478e+01,0.000000000000000000e+00
3.555963871653586494e+01,0.000000000000000000e+00
3.928496267857575219e+01,0.000000000000000000e+00
3.751648380643186442e+01,0.000000000000000000e+00
3.572704637091948854e+01,0.000000000000000000e+00
3.470899619762680288e+01,0.000000000000000000e+00
3.647324258477630821e+01,0.000000000000000000e+00
3.421615124291502497e+01,0.000000000000000000e+00
3.593216405206032249e+01,0.000000000000000000e+00
3.824386722162465446e+01,0.000000000000000000e+00
3.398062088179521822e+01,0.000000000000000000e+00
3.411507388835296695e+01,0.000000000000000000e+00
3.453693307141460878e+01,0.000000000000000000e+00
3.391470850218917121e+01,0.000000000000000000e+00
3.498721050291368329e+01,0.000000000000000000e+00
3.656706006370008311e+01,0.000000000000000000e+00
3.422247483117354250e+01,0.000000000000000000e+00
3.268871322298162596e+01,0.000000000000000000e+00
3.678150718295896127e+01,0.000000000000000000e+00
3.489596956937557337e+01,0.000000000000000000e+00
3.624039721617378973e+01,0.000000000000000000e+00
3.524663890013177081e+01,0.000000000000000000e+00
3.246658242379228909e+01,0.000000000000000000e+00
2.963537595320460127e+01,0.000000000000000000e+00
3.579732136635308137e+01,0.000000000000000000e+00
3.633434449631356244e+01,0.000000000000000000e+00
3.290214160796837461e+01,0.000000000000000000e+00
3.148152117414250029e+01,0.000000000000000000e+00
3.143204077079415271e+01,0.000000000000000000e+00
3.297264837089154099e+01,0.000000000000000000e+00
3.625436147092678141e+01,0.000000000000000000e+00
3.177998121176291235e+01,0.000000000000000000e+00
3.496663357917465476e+01,0.000000000000000000e+00
3.394882853445016480e+01,0.000000000000000000e+00
3.335063502010918768e+01,0.000000000000000000e+00
3.613103797901872127e+01,0.000000000000000000e+00
3.489302039545407297e+01,0.000000000000000000e+00
3.326561790542969277e+01,0.000000000000000000e+00
3.722240187780055010e+01,0.000000000000000000e+00
3.196322062986508783e+01,0.000000000000000000e+00
3.539774809251407106e+01,0.000000000000000000e+00
3.309090663643998198e+01,0.000000000000000000e+00
3.313272409350794589e+01,0.000000000000000000e+00
3.318587681202897954e+01,0.000000000000000000e+00
3.458765593587184384e+01,0.000000000000000000e+00
3.223120513700695966e+01,0.000000000000000000e+00
3.298111082442253661e+01,0.000000000000000000e+00
3.641253679608286120e+01,0.000000000000000000e+00
3.327302066403594694e+01,0.000000000000000000e+00
3.254440276813286204e+01,0.000000000000000000e+00
3.538064373504624172e+01,0.000000000000000000e+00
3.553489193586332107e+01,0.000000000000000000e+00
3.278246966337015778e+01,0.000000000000000000e+00
3.369509619136213274e+01,0.000000000000000000e+00
3.275769711552026564e+01,0.000000000000000000e+00
3.263888926200840501e+01,0.000000000000000000e+00
3.302142021779160785e+01,0.000000000000000000e+00
3.350981567849793663e+01,0.000000000000000000e+00
2.811904837084482267e+01,0.000000000000000000e+00
3.265145397041754904e+01,0.000000000000000000e+00
3.417688121050809258e+01,0.000000000000000000e+00
3.430582416643931509e+01,0.000000000000000000e+00
3.241519965715806251e+01,0.000000000000000000e+00
3.686146928978882897e+01,0.000000000000000000e+00
2.727433229596540443e+01,0.000000000000000000e+00
3.282084684681916542e+01,0.000000000000000000e+00
3.229274470912265826e+01,0.000000000000000000e+00
3.407058679367281684e+01,0.000000000000000000e+00
3.124393995316982497e+01,0.000000000000000000e+00
3.101054785659375312e+01,0.000000000000000000e+00
3.085600732435844762e+01,0.000000000000000000e+00
2.844613247746170259e+01,0.000000000000000000e+00
2.848377022534074854e+01,0.000000000000000000e+00
2.640596244910553736e+01,0.000000000000000000e+00
3.213082112227642284e+01,0.000000000000000000e+00
3.135038607896413865e+01,0.000000000000000000e+00
3.397088670273033273e+01,0.000000000000000000e+00
3.315194735929869552e+01,0.000000000000000000e+00
2.773658985439806912e+01,0.000000000000000000e+00
2.945755457862291138e+01,0.000000000000000000e+00
3.423190948019261981e+01,0.000000000000000000e+00
3.331593588098066760e+01,0.000000000000000000e+00
3.224338967522653832e+01,0.000000000000000000e+00
2.890180862575117970e+01,0.000000000000000000e+00
2.976189724404137138e+01,0.000000000000000000e+00
3.287295693272697861e+01,0.000000000000000000e+00
2.831139970656159477e+01,0.000000000000000000e+00
2.241420806993942705e+01,0.000000000000000000e+00
3.137914233059819935e+01,0.000000000000000000e+00
3.109074265779554480e+01,0.000000000000000000e+00
2.741055617745775663e+01,0.000000000000000000e+00
3.513843091218632253e+01,0.000000000000000000e+00
3.063925426125487661e+01,0.000000000000000000e+00
2.676320251256666438e+01,0.000000000000000000e+00
2.844890604324895023e+01,0.000000000000000000e+00
3.069106668618617206e+01,0.000000000000000000e+00
3.002106671443297259e+01,0.000000000000000000e+00
3.129812786569333483e+01,0.000000000000000000e+00
2.787112023182430676e+01,0.000000000000000000e+00
2.434254431607588742e+01,0.000000000000000000e+00
2.714481683588274308e+01,0.000000000000000000e+00
2.743048325974810808e+01,0.000000000000000000e+00
2.456128801951735596e+01,0.000000000000000000e+00
2.964984579517649266e+01,0.000000000000000000e+00
2.849247925755184951e+01,0.000000000000000000e+00
2.907835807509962223e+01,0.000000000000000000e+00
2.530440228313783990e+01,0.000000000000000000e+00
3.011941557418891691e+01,0.000000000000000000e+00
2.885482669394679434e+01,0.000000000000000000e+00
2.833001746246292285e+01,0.000000000000000000e+00
3.044980479117464256e+01,0.000000000000000000e+00
3.086005564329608930e+01,0.000000000000000000e+00
2.843021076790083868e+01,0.000000000000000000e+00
3.021662279617938296e+01,0.000000000000000000e+00
3.069553869694794557e+01,0.000000000000000000e+00
2.836726248434133169e+01,0.000000000000000000e+00
2.481164980890444127e+01,0.000000000000000000e+00
2.830882712713174243e+01,0.000000000000000000e+00
2.530797321274891587e+01,0.000000000000000000e+00
2.565769489269762005e+01,0.000000000000000000e+00
2.438377156573711702e+01,0.000000000000000000e+00
2.582660655060843169e+01,0.000000000000000000e+00
2.942505923047518834e+01,0.000000000000000000e+00
2.702029690344699731e+01,0.000000000000000000e+00
3.132722782855515931e+01,0.000000000000000000e+00
2.886470589965200162e+01,0.000000000000000000e+00
2.837515601614456884e+01,0.000000000000000000e+00
2.751677378602106216e+01,0.000000000000000000e+00
2.789189358586532919e+01,0.000000000000000000e+00
2.639715140593872178e+01,0.000000000000000000e+00
2.893464848672317657e+01,0.000000000000000000e+00
2.744715657439106948e+01,0.000000000000000000e+00
2.809715502451231828e+01,0.000000000000000000e+00
2.649298714060543958e+01,0.000000000000000000e+00
3.032654573537621090e+01,0.000000000000000000e+00
2.800931449428393805e+01,0.000000000000000000e+00
2.651803689871428915e+01,0.000000000000000000e+00
2.990759450166981281e+01,0.000000000000000000e+00
2.303570806557554818e+01,0.000000000000000000e+00
2.719376360264445225e+01,0.000000000000000000e+00
2.374004217835897634e+01,0.000000000000000000e+00
2.916415744508847752e+01,0.000000000000000000e+00
2.556372556758336856e+01,0.000000000000000000e+00
2.562625929379425926e+01,0.000000000000000000e+00
2.818154795196395312e+01,0.000000000000000000e+00
2.687104286608094483e+01,0.000000000000000000e+00
2.604321379901786671e+01,0.000000000000000000e+00
2.554778515808216355e+01,0.000000000000000000e+00
2.478090851949965767e+01,0.000000000000000000e+00
2.793374040199044472e+01,0.000000000000000000e+00
2.462205044206448790e+01,0.000000000000000000e+00
2.457709550907258844e+01,0.000000000000000000e+00
2.944448585235444682e+01,0.000000000000000000e+00
2.621635200509260955e+01,0.000000000000000000e+00
2.197649366718136932e+01,0.000000000000000000e+00
2.749410161954874710e+01,0.000000000000000000e+00
2.364173185239936004e+01,0.000000000000000000e+00
2.826515574189163260e+01,0.000000000000000000e+00
2.545691696779879720e+01,0.000000000000000000e+00
2.750385292285020000e+01,0.000000000000000000e+00
2.623875678686656698e+01,0.000000000000000000e+00
2.526805700374870511e+01,0.000000000000000000e+00
2.924895357200826140e+01,0.000000000000000000e+00
2.662249780358279949e+01,0.000000000000000000e+00
2.750432479701305155e+01,0.000000000000000000e+00
2.297504754800150550e+01,0.000000000000000000e+00
2.660212693505423331e+01,0.000000000000000000e+00
2.545473838207689710e+01,0.000000000000000000e+00
2.728953489378833552e+01,0.000000000000000000e+00
2.600348712270491092e+01,0.000000000000000000e+00
2.645490561979610078e+01,0.000000000000000000e+00
2.439490869786754246e+01,0.000000000000000000e+00
2.604860680361358405e+01,0.000000000000000000e+00
1.829777316414014621e+01,0.000000000000000000e+00
2.457807463568705231e+01,0.000000000000000000e+00
2.637473574797938269e+01,0.000000000000000000e+00
2.566274559093355734e+01,0.000000000000000000e+00
2.750445506445713306e+01,0.000000000000000000e+00
2.634814017109479778e+01,0.000000000000000000e+00
2.741058411994745114e+01,0.000000000000000000e+00
2.345984538694041888e+01,0.000000000000000000e+00
2.684297901347201432e+01,0.000000000000000000e+00
2.772678403894931165e+01,0.000000000000000000e+00
2.690013301608194496e+01,0.000000000000000000e+00
2.429438373990335620e+01,0.000000000000000000e+00
2.265011971392985402e+01,0.000000000000000000e+00
2.380690009143224017e+01,0.000000000000000000e+00
2.054920832687379217e+01,0.000000000000000000e+00
2.574528110250840740e+01,0.000000000000000000e+00
2.685840217504436467e+01,0.000000000000000000e+00
2.606427861527374645e+01,0.000000000000000000e+00
2.751980249305376702e+01,0.000000000000000000e+00
2.420846766689730600e+01,0.000000000000000000e+00
2.626617554973016055e+01,0.000000000000000000e+00
2.346951682165108366e+01,0.000000000000000000e+00
2.460404441455876778e+01,0.000000000000000000e+00
2.542095135098864489e+01,0.000000000000000000e+00
2.318871005914307304e+01,0.000000000000000000e+00
2.375515713574287702e+01,0.000000000000000000e+00
2.646771541741637535e+01,0.000000000000000000e+00
2.102018547285629069e+01,0.000000000000000000e+00
2.417996952650454645e+01,0.000000000000000000e+00
2.800437573770626543e+01,0.000000000000000000e+00
2.684608739959075052e+01,0.000000000000000000e+00
2.722899649802254274e+01,0.000000000000000000e+00
2.579293094786232388e+01,0.000000000000000000e+00
2.473942920303843351e+01,0.000000000000000000e+00
2.231296969516159123e+01,0.000000000000000000e+00
2.470118378330003850e+01,0.000000000000000000e+00
2.847031124286030490e+01,0.000000000000000000e+00
2.480849567887247531e+01,0.000000000000000000e+00
2.426458438362229586e+01,0.000000000000000000e+00
2.337858989320846703e+01,0.000000000000000000e+00
2.469855014518413228e+01,0.000000000000000000e+00
2.367677399098514712e+01,0.000000000000000000e+00
1.978409737025763349e+01,0.000000000000000000e+00
2.320299861955345833e+01,0.000000000000000000e+00
2.201528140760328967e+01,0.000000000000000000e+00
2.416301953618286191e+01,0.000000000000000000e+00
2.640308967018688691e+01,0.000000000000000000e+00
2.196581237823097510e+01,0.000000000000000000e+00
2.747536497548999535e+01,0.000000000000000000e+00
2.532225187005068889e+01,0.000000000000000000e+00
2.559410580767528742e+01,0.000000000000000000e+00
2.532353770125041237e+01,0.000000000000000000e+00
2.083923671758127583e+01,0.000000000000000000e+00
2.273491657335720362e+01,0.000000000000000000e+00
2.442264257468160693e+01,0.000000000000000000e+00
2.084998778508657225e+01,0.000000000000000000e+00
2.152276060371942989e+01,0.000000000000000000e+00
2.362700843833361120e+01,0.000000000000000000e+00
2.616892276007425977e+01,0.000000000000000000e+00
2.181761836794669662e+01,0.000000000000000000e+00
2.513622470852512336e+01,0.000000000000000000e+00
2.118122543527391244e+01,0.000000000000000000e+00
2.179585954520235447e+01,0.000000000000000000e+00
2.277309077528499515e+01,0.000000000000000000e+00
2.242083005418834674e+01,0.000000000000000000e+00
2.168215560932275565e+01,0.000000000000000000e+00
2.470032143904559163e+01,0.000000000000000000e+00
2.490103578864060552e+01,0.000000000000000000e+00
2.288175798875298739e+01,0.000000000000000000e+00
2.404139311002849411e+01,0.000000000000000000e+00
2.314377200474239871e+01,0.000000000000000000e+00
2.580445056578596663e+01,0.000000000000000000e+00
2.261744551523400659e+01,0.000000000000000000e+00
1.935395735494049774e+01,0.000000000000000000e+00
2.692365079567632336e+01,0.000000000000000000e+00
2.515445428433861252e+01,0.000000000000000000e+00
2.216730225911081575e+01,0.000000000000000000e+00
2.318677841097876424e+01,0.000000000000000000e+00
2.470100030777698663e+01,0.000000000000000000e+00
2.289385174266341849e+01,0.000000000000000000e+00
2.277672823839674265e+01,0.000000000000000000e+00
2.499302759996167822e+01,0.000000000000000000e+00
2.048112559755924167e+01,0.000000000000000000e+00
1.897395710003439007e+01,0.000000000000000000e+00
2.053724346775676324e+01,0.000000000000000000e+00
2.167091697432566733e+01,0.000000000000000000e+00
2.323786966086805350e+01,0.000000000000000000e+00
2.089292092142503421e+01,0.000000000000000000e+00
2.477965832600136409e+01,0.000000000000000000e+00
2.016125209637609572e+01,0.000000000000000000e+00
2.236453240981733970e+01,0.000000000000000000e+00
1.951864116979879782e+01,0.000000000000000000e+00
2.257930451243838021e+01,0.000000000000000000e+00
1.971662483299814994e+01,0.000000000000000000e+00
2.582543641152464531e+01,0.000000000000000000e+00
2.514874213328791797e+01,0.000000000000000000e+00
2.432562269894991758e+01,0.000000000000000000e+00
2.330086803215455404e+01,0.000000000000000000e+00
2.288974335647046132e+01,0.000000000000000000e+00
2.201706015886096068e+01,0.000000000000000000e+00
2.391477185598808930e+01,0.000000000000000000e+00
2.145249839825028104e+01,0.000000000000000000e+00
2.255007710732521176e+01,0.000000000000000000e+00
2.207927264552481361e+01,0.000000000000000000e+00
2.092204280939815320e+01,0.000000000000000000e+00
2.400673091150505911e+01,0.000000000000000000e+00
1.968602106135460161e+01,0.000000000000000000e+00
2.072391562470969006e+01,0.000000000000000000e+00
2.186753213052374178e+01,0.000000000000000000e+00
2.449953739839553180e+01,0.000000000000000000e+00
2.423475507783036775e+01,0.000000000000000000e+00
2.162078523071060232e+01,0.000000000000000000e+00
2.072275495874018603e+01,0.000000000000000000e+00
2.110525749519237593e+01,0.000000000000000000e+00
2.349098996402683426e+01,0.000000000000000000e+00
2.088156499536173172e+01,0.000000000000000000e+00
2.289870033718292319e+01,0.000000000000000000e+00
2.138830281769125818e+01,0.000000000000000000e+00
2.487932885345702161e+01,0.000000000000000000e+00
2.157787824225128404e+01,0.000000000000000000e+00
2.248066997753863916e+01,0.000000000000000000e+00
1.964622729129871104e+01,0.000000000000000000e+00
1.948113198971562809e+01,0.000000000000000000e+00
2.224070390076053272e+01,0.000000000000000000e+00
1.829796116327360167e+01,0.000000000000000000e+00
2.295915224862567428e+01,0.000000000000000000e+00
1.877839807131366712e+01,0.000000000000000000e+00
2.067433439645500215e+01,0.000000000000000000e+00
2.454951690566271338e+01,0.000000000000000000e+00
1.878538892609080335e+01,0.000000000000000000e+00
2.132964333573888283e+01,0.000000000000000000e+00
1.826823316895717042e+01,0.000000000000000000e+00
2.315855007266904408e+01,0.000000000000000000e+00
2.218136284714808681e+01,0.000000000000000000e+00
1.976023487789705513e+01,0.000000000000000000e+00
2.042188083829121226e+01,0.000000000000000000e+00
2.297032790836846416e+01,0.000000000000000000e+00
2.175456028071376480e+01,0.000000000000000000e+00
1.965913160470531906e+01,0.000000000000000000e+00
1.891956708631494877e+01,0.000000000000000000e+00
1.626038313124061219e+01,0.000000000000000000e+00
1.920021369659557919e+01,0.000000000000000000e+00
2.033507499604236557e+01,0.000000000000000000e+00
1.993752691613252637e+01,0.000000000000000000e+00
2.094475078079386776e+01,0.000000000000000000e+00
2.273940834163337144e+01,0.000000000000000000e+00
2.071191462761937885e+01,0.000000000000000000e+00
2.124086776146287292e+01,0.000000000000000000e+00
2.165850268123225675e+01,0.000000000000000000e+00
1.964972637172695258e+01,0.000000000000000000e+00
2.345765798101385613e+01,0.000000000000000000e+00
2.380734010816938806e+01,0.000000000000000000e+00
1.726619879022621973e+01,0.000000000000000000e+00
2.460282286237728400e+01,0.000000000000000000e+00
2.106887551122506608e+01,0.000000000000000000e+00
1.959138298585820692e+01,0.000000000000000000e+00
2.285728923599059925e+01,0.000000000000000000e+00
2.162549554173390831e+01,0.000000000000000000e+00
1.982212311802248550e+01,0.000000000000000000e+00
1.835254689009428120e+01,0.000000000000000000e+00
1.797725389470646107e+01,0.000000000000000000e+00
2.160886515021894638e+01,0.000000000000000000e+00
1.746381320197536624e+01,0.000000000000000000e+00
2.037074199333250846e+01,0.000000000000000000e+00
2.048999743734707124e+01,0.000000000000000000e+00
2.140164416577663076e+01,0.000000000000000000e+00
1.964451967961339207e+01,0.000000000000000000e+00
1.884126070992792990e+01,0.000000000000000000e+00
2.219793351848394636e+01,0.000000000000000000e+00
1.960366172598029522e+01,0.000000000000000000e+00
2.076106808685271332e+01,0.000000000000000000e+00
1.622279699326437097e+01,0.000000000000000000e+00
1.913019076779571748e+01,0.000000000000000000e+00
1.821743828740575921e+01,0.000000000000000000e+00
1.819598435102182776e+01,0.000000000000000000e+00
1.798085246866510545e+01,0.000000000000000000e+00
2.149845139496570567e+01,0.000000000000000000e+00
2.122863725563205151e+01,0.000000000000000000e+00
1.868217771641476332e+01,0.000000000000000000e+00
2.011593297885895382e+01,0.000000000000000000e+00
2.084716338070858299e+01,0.000000000000000000e+00
1.631441922774028797e+01,0.000000000000000000e+00
2.080664430360312522e+01,0.000000000000000000e+00
2.207122195286664024e+01,0.000000000000000000e+00
1.949947777176288000e+01,0.000000000000000000e+00
2.255368867176933634e+01,0.000000000000000000e+00
1.978944323996902099e+01,0.000000000000000000e+00
2.233424028265795513e+01,0.000000000000000000e+00
2.345050376263106529e+01,0.000000000000000000e+00
1.913935308353865850e+01,0.000000000000000000e+00
2.061143129352358372e+01,0.000000000000000000e+00
2.102810221661622236e+01,0.000000000000000000e+00
1.952907109865335045e+01,0.000000000000000000e+00
2.365984153716534166e+01,0.000000000000000000e+00
2.162951468355583984e+01,0.000000000000000000e+00
1.680250885671361161e+01,0.000000000000000000e+00
1.784701312332753886e+01,0.000000000000000000e+00
2.006315230232505797e+01,0.000000000000000000e+00
2.070632393908789126e+01,0.000000000000000000e+00
1.995402609644687786e+01,0.000000000000000000e+00
2.205253071789222474e+01,0.000000000000000000e+00
2.054037573977416642e+01,0.000000000000000000e+00
1.688167399037481786e+01,0.000000000000000000e+00
1.773975491874287158e+01,0.000000000000000000e+00
2.124482690516618177e+01,0.000000000000000000e+00
2.095171062237617221e+01,0.000000000000000000e+00
1.981194946323919837e+01,0.000000000000000000e+00
1.994008424382690947e+01,0.000000000000000000e+00
2.154007753204443887e+01,0.000000000000000000e+00
2.047302830689871556e+01,0.000000000000000000e+00
1.715455028589263620e+01,0.000000000000000000e+00
1.761415935993773729e+01,0.000000000000000000e+00
1.975786182028119953e+01,0.000000000000000000e+00
1.952832294014650927e+01,0.000000000000000000e+00
2.169917622139150737e+01,0.000000000000000000e+00
1.667415284567364608e+01,0.000000000000000000e+00
2.171840761415901255e+01,0.000000000000000000e+00
1.830909716634826268e+01,0.000000000000000000e+00
2.079254663351846233e+01,0.000000000000000000e+00
2.147983902973406245e+01,0.000000000000000000e+00
2.150459651876293776e+01,0.000000000000000000e+00
2.069677604629451650e+01,0.000000000000000000e+00
1.743549974434866456e+01,0.000000000000000000e+00
1.804616633617202837e+01,0.000000000000000000e+00
2.029618091902277044e+01,0.000000000000000000e+00
2.000665563793618063e+01,0.000000000000000000e+00
2.175196116020851633e+01,0.000000000000000000e+00
1.790434849968548292e+01,0.000000000000000000e+00
2.315900592902257316e+01,0.000000000000000000e+00
2.339222127686195662e+01,0.000000000000000000e+00
1.557272965861822556e+01,0.000000000000000000e+00
1.951869779542659700e+01,0.000000000000000000e+00
2.071568842434587410e+01,0.000000000000000000e+00
2.140460352597142446e+01,0.000000000000000000e+00
1.951996903574806197e+01,0.000000000000000000e+00
1.863960080111514017e+01,0.000000000000000000e+00
2.285431291051265390e+01,0.000000000000000000e+00
1.642138941528864393e+01,0.000000000000000000e+00
2.088921205856037133e+01,0.000000000000000000e+00
2.249881053847388301e+01,0.000000000000000000e+00
2.000327491386781986e+01,0.000000000000000000e+00
1.766970123338225562e+01,0.000000000000000000e+00
2.284018955667162487e+01,0.000000000000000000e+00
1.739010052432137599e+01,0.000000000000000000e+00
2.350894225831460815e+01,0.000000000000000000e+00
2.207869973071710135e+01,0.000000000000000000e+00
1.832915408831181026e+01,0.000000000000000000e+00
2.394440265256220357e+01,0.000000000000000000e+00
1.726805932378148256e+01,0.000000000000000000e+00
2.130523447324438990e+01,0.000000000000000000e+00
2.212944086749367045e+01,0.000000000000000000e+00
2.131593923493817755e+01,0.000000000000000000e+00
2.101744523316859059e+01,0.000000000000000000e+00
1.695275205759812565e+01,0.000000000000000000e+00
2.053226635712237425e+01,0.000000000000000000e+00
2.162677707871986499e+01,0.000000000000000000e+00
1.801528546252094998e+01,0.000000000000000000e+00
2.336484579468014999e+01,0.000000000000000000e+00
2.041834431142361694e+01,0.000000000000000000e+00
2.183713886949944083e+01,0.000000000000000000e+00
2.189784238250894433e+01,0.000000000000000000e+00
2.032323297179427257e+01,0.000000000000000000e+00
1.681877898913728586e+01,0.000000000000000000e+00
2.059294353549158174e+01,0.000000000000000000e+00
1.972809601991341211e+01,0.000000000000000000e+00
2.133281986780459505e+01,0.000000000000000000e+00
2.101149258759620508e+01,0.000000000000000000e+00
1.803585495274614559e+01,0.000000000000000000e+00
2.143895850870100617e+01,0.000000000000000000e+00
2.416864656610903239e+01,0.000000000000000000e+00
2.225232016578038241e+01,0.000000000000000000e+00
2.041721745801331522e+01,0.000000000000000000e+00
2.189282938972647230e+01,0.000000000000000000e+00
2.056468318850979315e+01,0.000000000000000000e+00
2.360339321794337053e+01,0.000000000000000000e+00
2.094742211154981959e+01,0.000000000000000000e+00
2.118115568353006850e+01,0.000000000000000000e+00
1.951816099184370046e+01,0.000000000000000000e+00
2.142555746262346972e+01,0.000000000000000000e+00
2.309469708193642035e+01,0.000000000000000000e+00
1.890957332096887455e+01,0.000000000000000000e+00
1.751883195023662410e+01,0.000000000000000000e+00
2.300673753530407595e+01,0.000000000000000000e+00
2.092331104736092229e+01,0.000000000000000000e+00
2.115798542007338767e+01,0.000000000000000000e+00
1.921320215641652851e+01,0.000000000000000000e+00
2.188945399803989034e+01,0.000000000000000000e+00
2.027845559128781616e+01,0.000000000000000000e+00
2.008967641704693108e+01,0.000000000000000000e+00
2.038804918252274589e+01,0.000000000000000000e+00
2.023874251608495456e+01,0.000000000000000000e+00
2.225068108791998611e+01,0.000000000000000000e+00
1.651160848973363926e+01,0.000000000000000000e+00
2.164089067794528631e+01,0.000000000000000000e+00
2.207495325415155918e+01,0.000000000000000000e+00
2.144246204176279491e+01,0.000000000000000000e+00
1.875552730504305288e+01,0.000000000000000000e+00
2.141010337938664421e+01,0.000000000000000000e+00
1.971820628160464395e+01,0.000000000000000000e+00
1.925065752501319238e+01,0.000000000000000000e+00
1.772730331499334611e+01,0.000000000000000000e+00
1.650909087062232672e+01,0.000000000000000000e+00
2.115396622976472685e+01,0.000000000000000000e+00
2.063183034211347433e+01,0.000000000000000000e+00
2.142613688328328791e+01,0.000000000000000000e+00
1.786243279032041542e+01,0.000000000000000000e+00
2.580563631033949790e+01,0.000000000000000000e+00
1.783916821344631387e+01,0.000000000000000000e+00
2.445685940287428295e+01,0.000000000000000000e+00
2.207756908897030712e+01,0.000000000000000000e+00
1.768752444511244448e+01,0.000000000000000000e+00
2.222790934739640178e+01,0.000000000000000000e+00
2.113804348478693385e+01,0.000000000000000000e+00
1.865529621563571894e+01,0.000000000000000000e+00
1.788768544361137458e+01,0.000000000000000000e+00
2.140029641114405834e+01,0.000000000000000000e+00
2.089965371025796514e+01,0.000000000000000000e+00
2.016649097929520451e+01,0.000000000000000000e+00
2.349235647816430728e+01,0.000000000000000000e+00
1.783514025605587250e+01,0.000000000000000000e+00
2.489919407663072448e+01,0.000000000000000000e+00
2.097546880188551555e+01,0.000000000000000000e+00
1.975552529015948267e+01,0.000000000000000000e+00
1.713726963899678779e+01,0.000000000000000000e+00
1.896769939513902514e+01,0.000000000000000000e+00
2.145582270070053710e+01,0.000000000000000000e+00
2.210402535292478632e+01,0.000000000000000000e+00
2.343419483417860150e+01,0.000000000000000000e+00
1.927651393247128198e+01,0.000000000000000000e+00
2.015945138624936206e+01,0.000000000000000000e+00
2.157491235843349386e+01,0.000000000000000000e+00
2.118803343190482380e+01,0.000000000000000000e+00
2.452518729668824804e+01,0.000000000000000000e+00
2.021805486020347686e+01,0.000000000000000000e+00
2.173604330543800955e+01,0.000000000000000000e+00
2.184180709597546510e+01,0.000000000000000000e+00
1.835546356865726381e+01,0.000000000000000000e+00
1.944365889160144434e+01,0.000000000000000000e+00
2.402805512349195993e+01,0.000000000000000000e+00
2.030790821271707358e+01,0.000000000000000000e+00
1.975111249054175033e+01,0.000000000000000000e+00
2.156875425889426623e+01,0.000000000000000000e+00
1.993542256372984767e+01,0.000000000000000000e+00
2.256251005982752389e+01,0.000000000000000000e+00
2.151385615445461497e+01,0.000000000000000000e+00
2.062137492587440946e+01,0.000000000000000000e+00
2.097086336355072334e+01,0.000000000000000000e+00
2.245169522387792682e+01,0.000000000000000000e+00
2.449456493913971755e+01,0.000000000000000000e+00
2.011158187483065518e+01,0.000000000000000000e+00
1.936847005536726130e+01,0.000000000000000000e+00
2.196631590777701959e+01,0.000000000000000000e+00
2.396707436321689855e+01,0.000000000000000000e+00
2.099783770439172770e+01,0.000000000000000000e+00
2.212711783309188718e+01,0.000000000000000000e+00
1.974317145621322922e+01,0.000000000000000000e+00
2.177538514051240881e+01,0.000000000000000000e+00
1.902084808397056648e+01,0.000000000000000000e+00
2.158409026933229313e+01,0.000000000000000000e+00
2.540059632139436019e+01,0.000000000000000000e+00
2.377959410523440553e+01,0.000000000000000000e+00
2.093497935664335685e+01,0.000000000000000000e+00
1.937735839341307198e+01,0.000000000000000000e+00
2.357433765200533315e+01,0.000000000000000000e+00
2.204137408365178530e+01,0.000000000000000000e+00
2.085399069241357495e+01,0.000000000000000000e+00
2.418155224079803745e+01,0.000000000000000000e+00
2.064930535265862588e+01,0.000000000000000000e+00
2.211230964660062881e+01,0.000000000000000000e+00
2.554217612111010283e+01,0.000000000000000000e+00
1.774738932372987321e+01,0.000000000000000000e+00
2.132222832570556648e+01,0.000000000000000000e+00
1.782331546472997630e+01,0.000000000000000000e+00
2.437910738545596701e+01,0.000000000000000000e+00
2.166357480720052564e+01,0.000000000000000000e+00
2.139771317584241928e+01,0.000000000000000000e+00
2.202858905286253588e+01,0.000000000000000000e+00
2.540040334482238649e+01,0.000000000000000000e+00
1.746220836505977658e+01,0.000000000000000000e+00
2.436029586895276111e+01,0.000000000000000000e+00
2.353530723683475046e+01,0.000000000000000000e+00
2.329695503175965854e+01,0.000000000000000000e+00
2.344206922502775825e+01,0.000000000000000000e+00
2.013422142398915682e+01,0.000000000000000000e+00
1.997957911170390233e+01,0.000000000000000000e+00
2.452332068827608680e+01,0.000000000000000000e+00
2.609474613549859612e+01,0.000000000000000000e+00
2.296525322907229594e+01,0.000000000000000000e+00
2.514883159901750531e+01,0.000000000000000000e+00
2.180382782407765063e+01,0.000000000000000000e+00
2.216983954972766924e+01,0.000000000000000000e+00
2.533822258556601525e+01,0.000000000000000000e+00
2.149844368782818549e+01,0.000000000000000000e+00
2.638149240722783162e+01,0.000000000000000000e+00
2.436089512870172769e+01,0.000000000000000000e+00
2.362130441526446489e+01,0.000000000000000000e+00
2.400931064663859615e+01,0.000000000000000000e+00
2.148131317418446429e+01,0.000000000000000000e+00
2.673652070109147871e+01,0.000000000000000000e+00
2.541039886319175523e+01,0.000000000000000000e+00
1.933856445854822326e+01,0.000000000000000000e+00
2.189287748291076241e+01,0.000000000000000000e+00
2.563918913237096220e+01,0.000000000000000000e+00
2.358799027278176297e+01,0.000000000000000000e+00
1.887102712956345485e+01,0.000000000000000000e+00
2.429576673281961874e+01,0.000000000000000000e+00
2.228471752793131344e+01,0.000000000000000000e+00
2.554071263510388690e+01,0.000000000000000000e+00
2.484313937106000125e+01,0.000000000000000000e+00
2.487577168548040518e+01,0.000000000000000000e+00
2.328374748444112186e+01,0.000000000000000000e+00
2.283172140796286342e+01,0.000000000000000000e+00
2.235677849139378992e+01,0.000000000000000000e+00
2.170976095394571459e+01,0.000000000000000000e+00
2.415854151520751714e+01,0.000000000000000000e+00
2.143751490139141325e+01,0.000000000000000000e+00
2.608053257021821025e+01,0.000000000000000000e+00
2.715625563480672255e+01,0.000000000000000000e+00
2.567704985462293266e+01,0.000000000000000000e+00
2.509840643451598297e+01,0.000000000000000000e+00
2.622331154842975209e+01,0.000000000000000000e+00
2.323447338861699762e+01,0.000000000000000000e+00
2.506724939387254381e+01,0.000000000000000000e+00
2.496520274975340214e+01,0.000000000000000000e+00
2.569834221963833443e+01,0.000000000000000000e+00
2.403250195001139033e+01,0.000000000000000000e+00
2.472278103048619258e+01,0.000000000000000000e+00
2.584964236745693711e+01,0.000000000000000000e+00
2.468858362147184593e+01,0.000000000000000000e+00
2.372033148919765466e+01,0.000000000000000000e+00
2.590922622578919032e+01,0.000000000000000000e+00
2.068813916882448467e+01,0.000000000000000000e+00
2.558080110599597745e+01,0.000000000000000000e+00
2.757276187544194457e+01,0.000000000000000000e+00
2.664624831308455910e+01,0.000000000000000000e+00
2.618124840294593270e+01,0.000000000000000000e+00
2.485350045343998815e+01,0.000000000000000000e+00
2.181727499161258521e+01,0.000000000000000000e+00
2.321551200824303862e+01,0.000000000000000000e+00
2.727870423395127730e+01,0.000000000000000000e+00
2.597702025768278844e+01,0.000000000000000000e+00
2.186028005121380247e+01,0.000000000000000000e+00
2.410682525607276716e+01,0.000000000000000000e+00
2.540597735710371552e+01,0.000000000000000000e+00
2.269912592228165238e+01,0.000000000000000000e+00
2.332389884158227389e+01,0.000000000000000000e+00
2.397473969163139529e+01,0.000000000000000000e+00
2.397557865002362831e+01,0.000000000000000000e+00
2.464278960581750155e+01,0.000000000000000000e+00
2.397557159120282932e+01,0.000000000000000000e+00
2.306564861080815021e+01,0.000000000000000000e+00
2.909523773805757330e+01,0.000000000000000000e+00
2.470368486679896947e+01,0.000000000000000000e+00
2.478216911474522277e+01,0.000000000000000000e+00
2.621771088423518492e+01,0.000000000000000000e+00
2.229043400567374533e+01,0.000000000000000000e+00
2.532924703693523227e+01,0.000000000000000000e+00
2.258316159987123584e+01,0.000000000000000000e+00
2.763652932471001122e+01,0.000000000000000000e+00
2.408511610160936911e+01,0.000000000000000000e+00
2.723664703813570753e+01,0.000000000000000000e+00
2.704515347676593251e+01,0.000000000000000000e+00
2.517586546403499526e+01,0.000000000000000000e+00
2.326517732340769840e+01,0.000000000000000000e+00
2.737334949467210166e+01,0.000000000000000000e+00
2.859873649584017841e+01,0.000000000000000000e+00
3.000582104681710405e+01,0.000000000000000000e+00
2.473895362870081982e+01,0.000000000000000000e+00
2.287731487878437520e+01,0.000000000000000000e+00
2.552689771588813628e+01,0.000000000000000000e+00
2.561653490744063077e+01,0.000000000000000000e+00
2.835820491992862458e+01,0.000000000000000000e+00
2.685879936099691889e+01,0.000000000000000000e+00
2.746819041294821062e+01,0.000000000000000000e+00
2.733661692306294455e+01,0.000000000000000000e+00
2.405982406023411002e+01,0.000000000000000000e+00
2.651881433991751535e+01,0.000000000000000000e+00
2.427501438902599773e+01,0.000000000000000000e+00
2.992628667461583447e+01,0.000000000000000000e+00
2.564608909561935945e+01,0.000000000000000000e+00
2.789864265340877481e+01,0.000000000000000000e+00
2.710237202680087520e+01,0.000000000000000000e+00
2.583935594036730166e+01,0.000000000000000000e+00
2.410185160449030661e+01,0.000000000000000000e+00
2.460818041824771996e+01,0.000000000000000000e+00
2.293898519776653444e+01,0.000000000000000000e+00
2.705070292707493707e+01,0.000000000000000000e+00
2.688330125541071780e+01,0.000000000000000000e+00
2.583956305911697271e+01,0.000000000000000000e+00
2.940334158365207529e+01,0.000000000000000000e+00
2.695422484387283291e+01,0.000000000000000000e+00
2.515140083424667239e+01,0.000000000000000000e+00
2.608544920800218847e+01,0.000000000000000000e+00
2.667859392742985847e+01,0.000000000000000000e+00
2.596496445873228964e+01,0.000000000000000000e+00
2.754736899704089836e+01,0.000000000000000000e+00
3.241075392892488338e+01,0.000000000000000000e+00
2.741910601673144399e+01,0.000000000000000000e+00
2.601539335439253264e+01,0.000000000000000000e+00
2.754981264304186084e+01,0.000000000000000000e+00
2.851864677390815572e+01,0.000000000000000000e+00
3.014523352707699999e+01,0.000000000000000000e+00
3.022412373315838963e+01,0.000000000000000000e+00
2.702324151719028222e+01,0.000000000000000000e+00
2.741527391554381410e+01,0.000000000000000000e+00
2.436585989340186842e+01,0.000000000000000000e+00
3.051515140401943427e+01,0.000000000000000000e+00
2.912970757173246383e+01,0.000000000000000000e+00
2.919039448875057019e+01,0.000000000000000000e+00
3.066434081550406177e+01,0.000000000000000000e+00
2.886415845367902122e+01,0.000000000000000000e+00
3.051583158086799230e+01,0.000000000000000000e+00
2.966291152700521394e+01,0.000000000000000000e+00
2.912213972762651792e+01,0.000000000000000000e+00
2.985565826560880964e+01,0.000000000000000000e+00
2.535900584673832014e+01,0.000000000000000000e+00
2.690520532003298726e+01,0.000000000000000000e+00
2.831283931891992722e+01,0.000000000000000000e+00
3.066692514914301881e+01,0.000000000000000000e+00
2.892289461758886304e+01,0.000000000000000000e+00
3.067703496687041209e+01,0.000000000000000000e+00
3.230832107783825080e+01,0.000000000000000000e+00
2.575923895711492051e+01,0.000000000000000000e+00
3.314474485830496064e+01,0.000000000000000000e+00
2.803141456995776437e+01,0.000000000000000000e+00
2.788422409564954307e+01,0.000000000000000000e+00
2.857364453041535413e+01,0.000000000000000000e+00
2.827952719970262763e+01,0.000000000000000000e+00
2.509831910067455141e+01,0.000000000000000000e+00
2.801759548294928948e+01,0.000000000000000000e+00
3.031541715101787915e+01,0.000000000000000000e+00
2.995634646350831432e+01,0.000000000000000000e+00
3.011762260748120923e+01,0.000000000000000000e+00
2.957786098227203553e+01,0.000000000000000000e+00
2.975536447132343909e+01,0.000000000000000000e+00
3.104476995979629095e+01,0.000000000000000000e+00
2.734603075151406415e+01,0.000000000000000000e+00
3.214645622751321952e+01,0.000000000000000000e+00
3.211307827380620239e+01,0.000000000000000000e+00
2.726169702516351734e+01,0.000000000000000000e+00
3.360701868063266318e+01,0.000000000000000000e+00
2.660468947484353563e+01,0.000000000000000000e+00
2.859116044762857456e+01,0.000000000000000000e+00
3.268077229190789978e+01,0.000000000000000000e+00
2.960348292886737909e+01,0.000000000000000000e+00
3.231238366930332973e+01,0.000000000000000000e+00
2.909804367985432805e+01,0.000000000000000000e+00
3.222669974893414491e+01,0.000000000000000000e+00
3.012974114140437010e+01,0.000000000000000000e+00
3.260179367326382049e+01,0.000000000000000000e+00
3.099426106444149909e+01,0.000000000000000000e+00
3.210143018908632939e+01,0.000000000000000000e+00
3.332626261272387325e+01,0.000000000000000000e+00
3.035986531829895796e+01,0.000000000000000000e+00
3.212417261688212733e+01,0.000000000000000000e+00
3.199668411190137363e+01,0.000000000000000000e+00
2.808494852439607925e+01,0.000000000000000000e+00
3.105487200861739083e+01,0.000000000000000000e+00
2.962319113420758043e+01,0.000000000000000000e+00
3.120228872693360600e+01,0.000000000000000000e+00
2.856062820230961918e+01,0.000000000000000000e+00
3.108097571616694665e+01,0.000000000000000000e+00
3.296233190258568158e+01,0.000000000000000000e+00
3.040730833551897661e+01,0.000000000000000000e+00
3.377598432761642755e+01,0.000000000000000000e+00
2.905741829468046333e+01,0.000000000000000000e+00
3.267611247899001370e+01,0.000000000000000000e+00
3.335345375202217610e+01,0.000000000000000000e+00
2.892076333894726403e+01,0.000000000000000000e+00
3.178679359172355490e+01,0.000000000000000000e+00
3.248183123495027758e+01,0.000000000000000000e+00
3.223750918012836308e+01,0.000000000000000000e+00
3.118017269105546063e+01,0.000000000000000000e+00
3.456743861732415013e+01,0.000000000000000000e+00
2.883745602007004649e+01,0.000000000000000000e+00
2.860497791359252417e+01,0.000000000000000000e+00
3.167225539535239065e+01,0.000000000000000000e+00
3.206283278956431815e+01,0.000000000000000000e+00
3.474830145112647983e+01,0.000000000000000000e+00
3.172810120254722577e+01,0.000000000000000000e+00
3.412973703553741700e+01,0.000000000000000000e+00
3.340929163868346308e+01,0.000000000000000000e+00
2.921627354424622425e+01,0.000000000000000000e+00
3.459701993571664502e+01,0.000000000000000000e+00
3.173770152250853016e+01,0.000000000000000000e+00
3.096760615196744837e+01,0.000000000000000000e+00
3.246000401025794702e+01,0.000000000000000000e+00
3.204075203435361630e+01,0.000000000000000000e+00
3.149516458151964571e+01,0.000000000000000000e+00
3.291541335805347757e+01,0.000000000000000000e+00
3.548004590739348885e+01,0.000000000000000000e+00
3.274395725997788276e+01,0.000000000000000000e+00
3.616328990370578111e+01,0.000000000000000000e+00
3.112758017322295956e+01,0.000000000000000000e+00
3.976591594314756861e+01,0.000000000000000000e+00
3.641107873705229991e+01,0.000000000000000000e+00
3.287906837752603906e+01,0.000000000000000000e+00
3.441533424446419076e+01,0.000000000000000000e+00
3.268307361569362968e+01,0.000000000000000000e+00
3.607525274824759265e+01,0.000000000000000000e+00
3.274610407382135691e+01,0.000000000000000000e+00
3.642345916019682051e+01,0.000000000000000000e+00
3.329043063991933593e+01,0.000000000000000000e+00
3.191691805721700703e+01,0.000000000000000000e+00
3.250217408319763024e+01,0.000000000000000000e+00
3.569538143592168922e+01,0.000000000000000000e+00
3.224747006502625624e+01,0.000000000000000000e+00
3.391544395531015965e+01,0.000000000000000000e+00
3.494489712948435312e+01,0.000000000000000000e+00
3.604270191517845490e+01,0.000000000000000000e+00
3.207978042518059425e+01,0.000000000000000000e+00
3.714798881971142208e+01,0.000000000000000000e+00
3.519192753321150491e+01,0.000000000000000000e+00
3.306377990959194335e+01,0.000000000000000000e+00
3.439191275253122626e+01,0.000000000000000000e+00
3.376736328333926451e+01,0.000000000000000000e+00
3.457451284757424759e+01,0.000000000000000000e+00
3.358622918433810867e+01,0.000000000000000000e+00
3.680523617508789158e+01,0.000000000000000000e+00
3.617322841303708003e+01,0.000000000000000000e+00
3.477782395912705482e+01,0.000000000000000000e+00
3.738690835700194981e+01,0.000000000000000000e+00
3.648480065177052722e+01,0.000000000000000000e+00
3.673243368755164084e+01,0.000000000000000000e+00
3.423919882076980059e+01,0.000000000000000000e+00
3.345019984432183691e+01,0.000000000000000000e+00
3.532140131364793945e+01,0.000000000000000000e+00
3.194064961901623079e+01,0.000000000000000000e+00
3.817015663472098908e+01,0.000000000000000000e+00
3.830143615469615526e+01,0.000000000000000000e+00
3.587914238094144537e+01,0.000000000000000000e+00
3.653134676544527082e+01,0.000000000000000000e+00
3.553874947773073956e+01,0.000000000000000000e+00
3.333536391559939460e+01,0.000000000000000000e+00
3.920040068937548483e+01,0.000000000000000000e+00
3.416220097651969922e+01,0.000000000000000000e+00
3.662145642323697103e+01,0.000000000000000000e+00
3.629861877320155372e+01,0.000000000000000000e+00
3.850667068687054240e+01,0.000000000000000000e+00
4.002183535792852354e+01,0.000000000000000000e+00
3.994068777963438777e+01,0.000000000000000000e+00
3.757851348211132603e+01,0.000000000000000000e+00
3.483412965671406880e+01,0.000000000000000000e+00
3.578070745063779157e+01,0.000000000000000000e+00
3.435505727537364606e+01,0.000000000000000000e+00
3.406216039196488055e+01,0.000000000000000000e+00
4.106498658766157916e+01,0.000000000000000000e+00
3.755409900369851783e+01,0.000000000000000000e+00
3.614576570968637270e+01,0.000000000000000000e+00
3.617925220870193925e+01,0.000000000000000000e+00
3.574185441302059729e+01,0.000000000000000000e+00
3.541533894751574962e+01,0.000000000000000000e+00
3.808438553914754721e+01,0.000000000000000000e+00
3.703935587388699702e+01,0.000000000000000000e+00
4.126078484027119231e+01,0.000000000000000000e+00
4.249111735731331407e+01,0.000000000000000000e+00
3.676827786359560690e+01,0.000000000000000000e+00
3.753201362407407515e+01,0.000000000000000000e+00
3.948908762580781229e+01,0.000000000000000000e+00
4.088719985920325684e+01,0.000000000000000000e+00
3.937131979389414482e+01,0.000000000000000000e+00
3.764886620167688847e+01,0.000000000000000000e+00
3.973903916457813068e+01,0.000000000000000000e+00
3.604594189531951542e+01,0.000000000000000000e+00
3.671042769793120186e+01,0.000000000000000000e+00
3.619244357753485275e+01,0.000000000000000000e+00
3.607697212357361138e+01,0.000000000000000000e+00
4.071308301589435530e+01,0.000000000000000000e+00
4.258420196188755824e+01,0.000000000000000000e+00
3.667359939276960290e+01,0.000000000000000000e+00
4.134295001131948766e+01,0.000000000000000000e+00
4.400625970154884925e+01,0.000000000000000000e+00
4.256074151566880914e+01,0.000000000000000000e+00
4.079252781559413421e+01,0.000000000000000000e+00
3.831972484680489544e+01,0.000000000000000000e+00
4.172352927918944943e+01,0.000000000000000000e+00
3.871464487978720115e+01,0.000000000000000000e+00
4.093312111417443333e+01,0.000000000000000000e+00
3.794748383504911970e+01,0.000000000000000000e+00
3.897261565603765376e+01,0.000000000000000000e+00
3.928764029973309846e+01,0.000000000000000000e+00
3.994388260119064427e+01,0.000000000000000000e+00
4.056914535294006896e+01,0.000000000000000000e+00
4.048973889036128071e+01,0.000000000000000000e+00
4.027812599341296362e+01,0.000000000000000000e+00
4.221952863002702117e+01,0.000000000000000000e+00
4.091597762745630718e+01,0.000000000000000000e+00
3.884967622828547462e+01,0.000000000000000000e+00
3.914836593580716340e+01,0.000000000000000000e+00
4.047884560563554146e+01,0.000000000000000000e+00
3.962677563318705865e+01,0.000000000000000000e+00
3.956355398745233742e+01,0.000000000000000000e+00
3.679549974610788610e+01,0.000000000000000000e+00
3.980048232172197942e+01,0.000000000000000000e+00
4.070858841090598190e+01,0.000000000000000000e+00
4.450008461015629280e+01,0.000000000000000000e+00
3.831526709292786137e+01,0.000000000000000000e+00
4.435156477305372391e+01,0.000000000000000000e+00
4.097715535698638689e+01,0.000000000000000000e+00
4.238773512289162682e+01,0.000000000000000000e+00
4.157934663470718561e+01,0.000000000000000000e+00
3.924679851452297186e+01,0.000000000000000000e+00
4.187544717896319213e+01,0.000000000000000000e+00
4.114260810123227685e+01,0.000000000000000000e+00
4.291670399067660924e+01,0.000000000000000000e+00
4.435763000051927918e+01,0.000000000000000000e+00
4.510557488920480296e+01,0.000000000000000000e+00
3.837913915135454346e+01,0.000000000000000000e+00
4.084600072998539133e+01,0.000000000000000000e+00
4.226792374419885334e+01,0.000000000000000000e+00
4.109677904664493298e+01,0.000000000000000000e+00
4.059703672809687447e+01,0.000000000000000000e+00
3.899412220077944369e+01,0.000000000000000000e+00
3.987527039064907086e+01,0.000000000000000000e+00
4.058430452877113481e+01,0.000000000000000000e+00
4.184516016817479311e+01,0.000000000000000000e+00
4.035196955812404696e+01,0.000000000000000000e+00
4.258990030259465698e+01,0.000000000000000000e+00
4.136494196575035431e+01,0.000000000000000000e+00
4.519601285123795975e+01,0.000000000000000000e+00
4.298505236408558972e+01,0.000000000000000000e+00
4.555882562206169695e+01,0.000000000000000000e+00
4.608472432498930260e+01,0.000000000000000000e+00
4.171239800934716158e+01,0.000000000000000000e+00
4.268530994879189677e+01,0.000000000000000000e+00
4.625777609850977257e+01,0.000000000000000000e+00
4.135753517739144058e+01,0.000000000000000000e+00
4.200322958628986214e+01,0.000000000000000000e+00
4.048169987385438873e+01,0.000000000000000000e+00
4.466105604456446088e+01,0.000000000000000000e+00
4.403829575397453766e+01,0.000000000000000000e+00
4.319840264543626063e+01,0.000000000000000000e+00
3.802129514412210654e+01,0.000000000000000000e+00
4.597204741539881923e+01,0.000000000000000000e+00
4.573879483586910055e+01,0.000000000000000000e+00
4.340467728784945223e+01,0.000000000000000000e+00
4.624670891767992487e+01,0.000000000000000000e+00
4.367655213243134682e+01,0.000000000000000000e+00
4.144524379928371616e+01,0.000000000000000000e+00
4.431535509303866149e+01,0.000000000000000000e+00
4.470714685230633734e+01,0.000000000000000000e+00
4.695393099658721070e+01,0.000000000000000000e+00
4.810974797355196841e+01,0.000000000000000000e+00
4.472300350103753175e+01,0.000000000000000000e+00
4.432198873960421537e+01,0.000000000000000000e+00
4.432753675722292286e+01,0.000000000000000000e+00
4.400404547020718837e+01,0.000000000000000000e+00
4.671409090065181857e+01,0.000000000000000000e+00
4.481687981625057660e+01,0.000000000000000000e+00
4.174179201345737766e+01,0.000000000000000000e+00
4.596374944775252658e+01,0.000000000000000000e+00
4.331605546367630666e+01,0.000000000000000000e+00
4.486706945541520497e+01,0.000000000000000000e+00
4.598566864221452022e+01,0.000000000000000000e+00
4.789067533426423751e+01,0.000000000000000000e+00
4.528179489481773601e+01,0.000000000000000000e+00
4.462693847007070502e+01,0.000000000000000000e+00
4.538885533632662117e+01,0.000000000000000000e+00
4.886040986242039708e+01,0.000000000000000000e+00
4.694334654385497174e+01,0.000000000000000000e+00
4.783986344388129908e+01,0.000000000000000000e+00
4.601935293390292259e+01,0.000000000000000000e+00
4.792508671522833907e+01,0.000000000000000000e+00
4.410596730949476552e+01,0.000000000000000000e+00
4.438440482691212452e+01,0.000000000000000000e+00
4.658406580376480122e+01,0.000000000000000000e+00
4.657621099285043442e+01,0.000000000000000000e+00
4.677551581643820100e+01,0.000000000000000000e+00
4.504595814518211938e+01,0.000000000000000000e+00
4.321582451286919024e+01,0.000000000000000000e+00
4.976854375792813556e+01,0.000000000000000000e+00
4.943738071562135161e+01,0.000000000000000000e+00
4.993482740836143563e+01,0.000000000000000000e+00
4.740328186392629561e+01,0.000000000000000000e+00
4.587688935388366929e+01,0.000000000000000000e+00
4.670168650435186208e+01,0.000000000000000000e+00
4.729066822326728214e+01,0.000000000000000000e+00
4.350279503413362647e+01,0.000000000000000000e+00
4.863274923562318008e+01,0.000000000000000000e+00
4.462077794399458952e+01,0.000000000000000000e+00
4.548221368742375859e+01,0.000000000000000000e+00
5.008005489214816208e+01,0.000000000000000000e+00
4.796492982465226618e+01,0.000000000000000000e+00
4.888680923929510413e+01,0.000000000000000000e+00
4.591311233888401233e+01,0.000000000000000000e+00
4.818612936944472835e+01,0.000000000000000000e+00
5.124621655696638101e+01,0.000000000000000000e+00
4.756001627000710386e+01,0.000000000000000000e+00
4.820216109521555126e+01,0.000000000000000000e+00
4.632918506725273744e+01,0.000000000000000000e+00
4.662786191334273411e+01,0.000000000000000000e+00
4.988448534903632492e+01,0.000000000000000000e+00
4.959597792671086580e+01,0.000000000000000000e+00
4.872193807113883679e+01,0.000000000000000000e+00
4.897530668172025514e+01,0.000000000000000000e+00
4.956430561598000395e+01,0.000000000000000000e+00
5.235970197275361926e+01,0.000000000000000000e+00
4.692255629000033679e+01,0.000000000000000000e+00
4.879438960697457617e+01,0.000000000000000000e+00
4.968845486407861500e+01,0.000000000000000000e+00
4.959965478712618392e+01,0.000000000000000000e+00
5.263868584443248011e+01,0.000000000000000000e+00
5.127520374998230324e+01,0.000000000000000000e+00
5.231704762872828240e+01,0.000000000000000000e+00
5.186921420279959705e+01,0.000000000000000000e+00
4.889329252609633869e+01,0.000000000000000000e+00
4.994380773930107154e+01,0.000000000000000000e+00
4.792422300258429146e+01,0.000000000000000000e+00
5.042683615853798784e+01,0.000000000000000000e+00
4.809867078682635366e+01,0.000000000000000000e+00
5.023359840624572570e+01,0.000000000000000000e+00
4.923187944692545415e+01,0.000000000000000000e+00
5.116587728579845873e+01,0.000000000000000000e+00
5.180614774729797745e+01,0.000000000000000000e+00
4.794603210776301694e+01,0.000000000000000000e+00
5.530553804306428134e+01,0.000000000000000000e+00
4.882336798896661634e+01,0.000000000000000000e+00
5.050347480732852290e+01,0.000000000000000000e+00
5.135636351537526423e+01,0.000000000000000000e+00
5.041372517735874226e+01,0.000000000000000000e+00
5.168713843089164328e+01,0.000000000000000000e+00
4.910510309531549211e+01,0.000000000000000000e+00
5.199539731120269437e+01,0.000000000000000000e+00
5.420597779887535950e+01,0.000000000000000000e+00
5.206852406343591610e+01,0.000000000000000000e+00
4.875196789530689756e+01,0.000000000000000000e+00
4.942064332845056640e+01,0.000000000000000000e+00
5.103929827989878021e+01,0.000000000000000000e+00
5.090123863887792766e+01,0.000000000000000000e+00
5.278891183114375707e+01,0.000000000000000000e+00
5.276233615999693427e+01,0.000000000000000000e+00
5.045241356220500961e+01,0.000000000000000000e+00
5.150857379082269460e+01,0.000000000000000000e+00
5.118540245159566382e+01,0.000000000000000000e+00
5.444874768496629969e+01,0.000000000000000000e+00
5.228564135299224347e+01,0.000000000000000000e+00
4.931652081155637291e+01,0.000000000000000000e+00
5.162784809903423167e+01,0.000000000000000000e+00
5.254128964963690152e+01,0.000000000000000000e+00
5.509316769405837988e+01,0.000000000000000000e+00
5.245383153245418129e+01,0.000000000000000000e+00
5.401654240920249350e+01,0.000000000000000000e+00
5.262197750343124625e+01,0.000000000000000000e+00
5.436687563924331101e+01,0.000000000000000000e+00
5.207341293065493204e+01,0.000000000000000000e+00
5.202271061337940239e+01,0.000000000000000000e+00
5.579841006334643083e+01,0.000000000000000000e+00
5.370419454837008288e+01,0.000000000000000000e+00
5.273521053524694935e+01,0.000000000000000000e+00
5.771536082109418686e+01,0.000000000000000000e+00
5.597762147751903683e+01,0.000000000000000000e+00
4.947287429362340561e+01,0.000000000000000000e+00
5.095113938980318125e+01,0.000000000000000000e+00
5.693100853592417820e+01,0.000000000000000000e+00
5.553323549970309614e+01,0.000000000000000000e+00
5.594869550233234889e+01,0.000000000000000000e+00
5.462399404426599858e+01,0.000000000000000000e+00
5.340835697160992623e+01,0.000000000000000000e+00
5.436664989803518466e+01,0.000000000000000000e+00
5.074409586508613756e+01,0.000000000000000000e+00
5.734974348911097763e+01,0.000000000000000000e+00
5.110328524525944260e+01,0.000000000000000000e+00
5.595004481182223799e+01,0.000000000000000000e+00
5.549848158431637302e+01,0.000000000000000000e+00
5.403231972713702191e+01,0.000000000000000000e+00
5.445269494353068751e+01,0.000000000000000000e+00
5.663832559125241772e+01,0.000000000000000000e+00
5.995065454367357205e+01,0.000000000000000000e+00
5.618158676285620601e+01,0.000000000000000000e+00
5.930407001681750501e+01,0.000000000000000000e+00
5.639125480151574266e+01,0.000000000000000000e+00
5.726107846008144975e+01,0.000000000000000000e+00
5.505504921606677726e+01,0.000000000000000000e+00
5.472359266913639431e+01,0.000000000000000000e+00
5.461083802530133369e+01,0.000000000000000000e+00
5.432821335167214727e+01,0.000000000000000000e+00
5.439026900283526089e+01,0.000000000000000000e+00
5.432501538602152635e+01,0.000000000000000000e+00
5.156711446725741155e+01,0.000000000000000000e+00
5.345582357950315355e+01,0.000000000000000000e+00
5.609368499442201284e+01,0.000000000000000000e+00
5.485336997164230866e+01,0.000000000000000000e+00
6.038434984274315553e+01,0.000000000000000000e+00
5.583517270391011778e+01,0.000000000000000000e+00
5.350932286495456935e+01,0.000000000000000000e+00
5.833308034177915857e+01,0.000000000000000000e+00
6.012278527745526446e+01,0.000000000000000000e+00
5.804791726213324665e+01,0.000000000000000000e+00
5.648174908385194470e+01,0.000000000000000000e+00
5.662222321276790638e+01,0.000000000000000000e+00
5.682867990511283551e+01,0.000000000000000000e+00
5.801483003350588774e+01,0.000000000000000000e+00
5.705060417740349976e+01,0.000000000000000000e+00
5.886629278014431321e+01,0.000000000000000000e+00
5.926031058671662777e+01,0.000000000000000000e+00
5.895166423087781737e+01,0.000000000000000000e+00
5.855692975560359770e+01,0.000000000000000000e+00
5.758155676739773554e+01,0.000000000000000000e+00
5.759392490545479859e+01,0.000000000000000000e+00
6.031138231890759016e+01,0.000000000000000000e+00
5.640656828618695329e+01,0.000000000000000000e+00
5.693762491301806961e+01,0.000000000000000000e+00
5.520677448190620851e+01,0.000000000000000000e+00
5.785751290334565056e+01,0.000000000000000000e+00
5.843363109016196688e+01,0.000000000000000000e+00
5.771342043758557594e+01,0.000000000000000000e+00
5.899114275289690568e+01,0.000000000000000000e+00
5.795293652390880368e+01,0.000000000000000000e+00
5.849060194492701470e+01,0.000000000000000000e+00
5.940114481062320806e+01,0.000000000000000000e+00
5.473973649264299013e+01,0.000000000000000000e+00
5.795789578371787343e+01,0.000000000000000000e+00
5.912751392883122037e+01,0.000000000000000000e+00
5.857903579620839452e+01,0.000000000000000000e+00
5.835950484952547868e+01,0.000000000000000000e+00
5.797676814053777150e+01,0.000000000000000000e+00
6.037161706895197000e+01,0.000000000000000000e+00
5.729633601590845160e+01,0.000000000000000000e+00
5.938550025837105295e+01,0.000000000000000000e+00
5.990302064692314588e+01,0.000000000000000000e+00
5.913076759609958799e+01,0.000000000000000000e+00
5.934803708149168244e+01,0.000000000000000000e+00
5.712982987177490202e+01,0.000000000000000000e+00
5.566171296063946272e+01,0.000000000000000000e+00
5.918864477019412362e+01,0.000000000000000000e+00
6.072314005814194360e+01,0.000000000000000000e+00
6.229248825259107036e+01,0.000000000000000000e+00
6.015345114548105698e+01,0.000000000000000000e+00
5.731893453786381798e+01,0.000000000000000000e+00
6.094540489418117346e+01,0.000000000000000000e+00
5.981850941543594047e+01,0.000000000000000000e+00
6.057338453452087634e+01,0.000000000000000000e+00
6.031882347369144526e+01,0.000000000000000000e+00
5.888325580213943056e+01,0.000000000000000000e+00
6.112428867029063184e+01,0.000000000000000000e+00
5.741896666943772232e+01,0.000000000000000000e+00
5.898217919219682415e+01,0.000000000000000000e+00
5.632488185497985000e+01,0.000000000000000000e+00
6.191270449585098845e+01,0.000000000000000000e+00
6.051386770942475124e+01,0.000000000000000000e+00
5.791721922460433802e+01,0.000000000000000000e+00
5.755040247391909247e+01,0.000000000000000000e+00
5.631525556049741965e+01,0.000000000000000000e+00
6.488652142843349679e+01,0.000000000000000000e+00
5.588158538376126927e+01,0.000000000000000000e+00
5.909928396061339129e+01,0.000000000000000000e+00
5.618969294534258552e+01,0.000000000000000000e+00
5.849388333936047246e+01,0.000000000000000000e+00
6.209713249992766038e+01,0.000000000000000000e+00
6.076781203629582961e+01,0.000000000000000000e+00
6.174467294681222285e+01,0.000000000000000000e+00
6.490637590117994193e+01,0.000000000000000000e+00
6.197103146693261522e+01,0.000000000000000000e+00
5.618672472075920865e+01,0.000000000000000000e+00
6.580559339525463258e+01,0.000000000000000000e+00
6.140873688515917195e+01,0.000000000000000000e+00
6.234388083133187308e+01,0.000000000000000000e+00
6.346615995987762915e+01,0.000000000000000000e+00
6.319460270273595626e+01,0.000000000000000000e+00
5.839105350363685432e+01,0.000000000000000000e+00
6.093336495383761076e+01,0.000000000000000000e+00
6.309936309014592837e+01,0.000000000000000000e+00
6.326317698866744621e+01,0.000000000000000000e+00
6.360984084155153795e+01,0.000000000000000000e+00
6.010738441253701581e+01,0.000000000000000000e+00
6.394043271622248881e+01,0.000000000000000000e+00
6.317431035252124616e+01,0.000000000000000000e+00
6.169866133440357459e+01,0.000000000000000000e+00
5.879415995510012749e+01,0.000000000000000000e+00
6.321113204765235594e+01,0.000000000000000000e+00
6.295342117119446357e+01,0.000000000000000000e+00
5.998565302149923895e+01,0.000000000000000000e+00
6.446297887959323702e+01,0.000000000000000000e+00
6.420152088945329183e+01,0.000000000000000000e+00
6.561178732066623809e+01,0.000000000000000000e+00
5.964315417913251594e+01,0.000000000000000000e+00
6.205794351903752926e+01,0.000000000000000000e+00
6.352606882835321755e+01,0.000000000000000000e+00
6.230091474361567805e+01,0.000000000000000000e+00
6.336761158750275058e+01,0.000000000000000000e+00
6.415942728927986138e+01,0.000000000000000000e+00
6.383926406065219084e+01,0.000000000000000000e+00
6.349126555252001225e+01,0.000000000000000000e+00
6.502860305834289534e+01,0.000000000000000000e+00
6.386021476063488223e+01,0.000000000000000000e+00
6.414126036488229943e+01,0.000000000000000000e+00
6.547792316641802302e+01,0.000000000000000000e+00
6.370209936350193658e+01,0.000000000000000000e+00
6.410618037594474572e+01,0.000000000000000000e+00
6.692933645817822708e+01,0.000000000000000000e+00
6.239965768700542981e+01,0.000000000000000000e+00
6.758685069356275221e+01,0.000000000000000000e+00
6.685810125313253138e+01,0.000000000000000000e+00
6.481956461339348152e+01,0.000000000000000000e+00
6.390322934888779827e+01,0.000000000000000000e+00
6.703819374501233597e+01,0.000000000000000000e+00
6.201116760281460216e+01,0.000000000000000000e+00
6.387370780574983087e+01,0.000000000000000000e+00
6.637737496122701941e+01,0.000000000000000000e+00
6.153840320949741738e+01,0.000000000000000000e+00
6.349134495443302484e+01,0.000000000000000000e+00
6.351560267882356214e+01,0.000000000000000000e+00
6.563102730783566585e+01,0.000000000000000000e+00
6.461269631243746403e+01,0.000000000000000000e+00
6.826529489618080504e+01,0.000000000000000000e+00
6.580864374208054812e+01,0.000000000000000000e+00
6.430766717982429270e+01,0.000000000000000000e+00
6.188012910190336413e+01,0.000000000000000000e+00
6.498716392453002300e+01,0.000000000000000000e+00
6.845859617385951879e+01,0.000000000000000000e+00
6.518433980829040308e+01,0.000000000000000000e+00
6.621102882843629800e+01,0.000000000000000000e+00
6.742946613596591021e+01,0.000000000000000000e+00
6.632862878084331726e+01,0.000000000000000000e+00
6.208696347251894565e+01,0.000000000000000000e+00
6.739793040628471488e+01,0.000000000000000000e+00
6.568052492735951375e+01,0.000000000000000000e+00
6.655746763895345453e+01,0.000000000000000000e+00
6.474898602098487288e+01,0.000000000000000000e+00
6.610152435761892775e+01,0.000000000000000000e+00
6.816657952960891009e+01,0.000000000000000000e+00
6.617389849611483044e+01,0.000000000000000000e+00
6.758999997416917438e+01,0.000000000000000000e+00
6.797626480248085556e+01,0.000000000000000000e+00
6.381373170472183887e+01,0.000000000000000000e+00
6.915315968338553887e+01,0.000000000000000000e+00
7.144945393575258663e+01,0.000000000000000000e+00
6.740251651156496848e+01,0.000000000000000000e+00
6.773667064445145058e+01,0.000000000000000000e+00
6.532700065151708202e+01,0.000000000000000000e+00
6.640840765899797304e+01,0.000000000000000000e+00
6.739868250923396431e+01,0.000000000000000000e+00
6.503775433465224864e+01,0.000000000000000000e+00
6.512954858452899032e+01,0.000000000000000000e+00
6.542939893764204839e+01,0.000000000000000000e+00
7.125260375687075509e+01,0.000000000000000000e+00
6.861364983580857313e+01,0.000000000000000000e+00
6.513185706741303704e+01,0.000000000000000000e+00
6.819022546107436256e+01,0.000000000000000000e+00
6.660708156412904657e+01,0.000000000000000000e+00
6.909716302724451964e+01,0.000000000000000000e+00
6.622378849783659405e+01,0.000000000000000000e+00
7.098532684146763927e+01,0.000000000000000000e+00
6.792954038260680250e+01,0.000000000000000000e+00
6.737652323006008714e+01,0.000000000000000000e+00
6.873271445402140500e+01,0.000000000000000000e+00
6.928978735871133665e+01,0.000000000000000000e+00
6.451199872894343912e+01,0.000000000000000000e+00
6.882431445085930477e+01,0.000000000000000000e+00
6.951995187689861666e+01,0.000000000000000000e+00
6.979310058569807040e+01,0.000000000000000000e+00
6.560989475802043103e+01,0.000000000000000000e+00
6.846092732970646466e+01,0.000000000000000000e+00
6.711593555609987050e+01,0.000000000000000000e+00
6.841628206039331417e+01,0.000000000000000000e+00
6.593404439513696502e+01,0.000000000000000000e+00
6.868849600614920803e+01,0.000000000000000000e+00
6.980859762619911635e+01,0.000000000000000000e+00
6.820712502278276190e+01,0.000000000000000000e+00
7.039672587313029339e+01,0.000000000000000000e+00
7.009576194714513520e+01,0.000000000000000000e+00
7.076846752994734402e+01,0.000000000000000000e+00
6.651022479630144346e+01,0.000000000000000000e+00
6.959055633674451258e+01,0.000000000000000000e+00
6.812453096874924086e+01,0.000000000000000000e+00
6.464936233761820006e+01,0.000000000000000000e+00
6.514089007599253023e+01,0.000000000000000000e+00
7.088657186861667014e+01,0.000000000000000000e+00
6.915907324133148393e+01,0.000000000000000000e+00
7.426987522718438584e+01,0.000000000000000000e+00
6.694424530325613887e+01,0.000000000000000000e+00
6.882319950112980678e+01,0.000000000000000000e+00
6.800254663395132582e+01,0.000000000000000000e+00
7.140760837257056437e+01,0.000000000000000000e+00
7.098992039800403120e+01,0.000000000000000000e+00
7.042908118170319653e+01,0.000000000000000000e+00
7.002018175513090625e+01,0.000000000000000000e+00
6.992888405651623884e+01,0.000000000000000000e+00
6.725376561673101605e+01,0.000000000000000000e+00
6.808209244367490953e+01,0.000000000000000000e+00
7.237462634218505286e+01,0.000000000000000000e+00
7.158436141046007606e+01,0.000000000000000000e+00
7.191412920758006067e+01,0.000000000000000000e+00
7.070871499948938776e+01,0.000000000000000000e+00
6.890927881814263856e+01,0.000000000000000000e+00
7.135287043135663509e+01,0.000000000000000000e+00
6.794708724042817494e+01,0.000000000000000000e+00
7.242454002138846647e+01,0.000000000000000000e+00
7.075002184763800983e+01,0.000000000000000000e+00
6.794817962016126955e+01,0.000000000000000000e+00
7.248938465455496782e+01,0.000000000000000000e+00
6.973060354245684778e+01,0.000000000000000000e+00
7.153020644064407918e+01,0.000000000000000000e+00
6.943078835870086607e+01,0.000000000000000000e+00
7.221226404812898636e+01,0.000000000000000000e+00
7.427647217919846412e+01,0.000000000000000000e+00
7.271529505981486352e+01,0.000000000000000000e+00
7.013575477978663741e+01,0.000000000000000000e+00
7.321671558563605231e+01,0.000000000000000000e+00
6.791656022542296967e+01,0.000000000000000000e+00
7.240798659308958918e+01,0.000000000000000000e+00
7.408642253622298313e+01,0.000000000000000000e+00
6.939774977921457833e+01,0.000000000000000000e+00
7.466225160231007862e+01,0.000000000000000000e+00
7.126059425777185652e+01,0.000000000000000000e+00
6.928629600246010511e+01,0.000000000000000000e+00
7.411260459258873823e+01,0.000000000000000000e+00
7.451943051517596928e+01,0.000000000000000000e+00
7.191204803761749531e+01,0.000000000000000000e+00
7.222535250636175874e+01,0.000000000000000000e+00
7.384947407346271575e+01,0.000000000000000000e+00
7.145661395352564682e+01,0.000000000000000000e+00
6.952377843404174484e+01,0.000000000000000000e+00
7.083841525280310236e+01,0.000000000000000000e+00
7.271698255293037505e+01,0.000000000000000000e+00
7.202304165485998055e+01,0.000000000000000000e+00
7.339615800241915622e+01,0.000000000000000000e+00
7.156878032297430536e+01,0.000000000000000000e+00
7.036424686477141677e+01,0.000000000000000000e+00
7.527263173251887451e+01,0.000000000000000000e+00
7.392148402622785852e+01,0.000000000000000000e+00
7.059197243587145465e+01,0.000000000000000000e+00
7.149275231145374221e+01,0.000000000000000000e+00
7.231179543109344365e+01,0.000000000000000000e+00
7.230724247417597894e+01,0.000000000000000000e+00
7.492687929665102331e+01,0.000000000000000000e+00
6.984078543660375260e+01,0.000000000000000000e+00
7.207370658135408803e+01,0.000000000000000000e+00
7.289161922479686950e+01,0.000000000000000000e+00
7.347044195128140132e+01,0.000000000000000000e+00
7.415195323256439508e+01,0.000000000000000000e+00
7.363624880760636415e+01,0.000000000000000000e+00
7.447479895181675147e+01,0.000000000000000000e+00
7.540939774818545516e+01,0.000000000000000000e+00
7.476245933767749818e+01,0.000000000000000000e+00
7.339121313806408864e+01,0.000000000000000000e+00
6.782907575500571795e+01,0.000000000000000000e+00
7.347612757353269330e+01,0.000000000000000000e+00
7.677089602428918624e+01,0.000000000000000000e+00
7.268153787159745605e+01,0.000000000000000000e+00
7.272960975485401036e+01,0.000000000000000000e+00
7.356325586469893096e+01,0.000000000000000000e+00
7.332655560661632421e+01,0.000000000000000000e+00
7.089501214722378108e+01,0.000000000000000000e+00
7.465819140343347726e+01,0.000000000000000000e+00
7.259258383234092094e+01,0.000000000000000000e+00
7.364094130756708978e+01,0.000000000000000000e+00
7.149330934387035086e+01,0.000000000000000000e+00
7.294502251400481896e+01,0.000000000000000000e+00
7.657909991791832738e+01,0.000000000000000000e+00
7.252210467625154422e+01,0.000000000000000000e+00
7.502026958610665019e+01,0.000000000000000000e+00
7.501518295618920718e+01,0.000000000000000000e+00
6.977578999693173500e+01,0.000000000000000000e+00
7.403349664927743845e+01,0.000000000000000000e+00
7.381669151821294861e+01,0.000000000000000000e+00
7.652942975761555999e+01,0.000000000000000000e+00
7.560233323841450215e+01,0.000000000000000000e+00
7.609357893323037558e+01,0.000000000000000000e+00
7.796308875236839242e+01,0.000000000000000000e+00
7.567420165457387782e+01,0.000000000000000000e+00
7.497882169764059768e+01,0.000000000000000000e+00
7.417294033862887659e+01,0.000000000000000000e+00
7.396418406758493802e+01,0.000000000000000000e+00
7.324010360044341894e+01,0.000000000000000000e+00
7.072230658050534657e+01,0.000000000000000000e+00
7.579448829138026156e+01,0.000000000000000000e+00
7.372659932316273057e+01,0.000000000000000000e+00
7.503181723541520398e+01,0.000000000000000000e+00
7.464951979674242466e+01,0.000000000000000000e+00
7.625862635200195427e+01,0.000000000000000000e+00
7.735263340101860763e+01,0.000000000000000000e+00
7.701509481426046477e+01,0.000000000000000000e+00
7.859834939568152379e+01,0.000000000000000000e+00
7.514495657979311716e+01,0.000000000000000000e+00
7.516220348294834253e+01,0.000000000000000000e+00
7.671165000982026072e+01,0.000000000000000000e+00
7.794940536377163198e+01,0.000000000000000000e+00
7.394100483094872800e+01,0.000000000000000000e+00
7.137307892624596661e+01,0.000000000000000000e+00
7.215712103340332817e+01,0.000000000000000000e+00
7.420238478972451901e+01,0.000000000000000000e+00
7.670034779103708900e+01,0.000000000000000000e+00
7.769683936453813544e+01,0.000000000000000000e+00
7.223982258772508658e+01,0.000000000000000000e+00
7.789317561495715836e+01,0.000000000000000000e+00
7.416655867877373964e+01,0.000000000000000000e+00
8.122253488386174070e+01,0.000000000000000000e+00
7.419316576226427173e+01,0.000000000000000000e+00
7.377841291989298611e+01,0.000000000000000000e+00
7.680410872611243178e+01,0.000000000000000000e+00
7.932930167311849345e+01,0.000000000000000000e+00
7.267615131403596251e+01,0.000000000000000000e+00
7.567282521650143678e+01,0.000000000000000000e+00
7.881724041210028986e+01,0.000000000000000000e+00
7.763997846673051129e+01,0.000000000000000000e+00
7.658769881164771220e+01,0.000000000000000000e+00
7.583815304065834084e+01,0.000000000000000000e+00
7.669794756570102834e+01,0.000000000000000000e+00
7.871095046552363783e+01,0.000000000000000000e+00
7.841676507449386690e+01,0.000000000000000000e+00
7.386264333570474605e+01,0.000000000000000000e+00
7.644828941894479613e+01,0.000000000000000000e+00
7.657382557895975594e+01,0.000000000000000000e+00
8.283480293093208502e+01,0.000000000000000000e+00
7.756291354097588453e+01,0.000000000000000000e+00
7.840216899325103839e+01,0.000000000000000000e+00
7.419420306514112440e+01,0.000000000000000000e+00
7.661312534256227025e+01,0.000000000000000000e+00
7.598174995301087620e+01,0.000000000000000000e+00
7.679492859081531719e+01,0.000000000000000000e+00
7.567920426284518953e+01,0.000000000000000000e+00
7.844664419537700439e+01,0.000000000000000000e+00
7.693307086892511393e+01,0.000000000000000000e+00
8.078520427058262499e+01,0.000000000000000000e+00
7.653365674455464784e+01,0.000000000000000000e+00
7.584600253211621634e+01,0.000000000000000000e+00
7.391045975296113113e+01,0.000000000000000000e+00
7.241159561183114590e+01,0.000000000000000000e+00
7.740400522686319107e+01,0.000000000000000000e+00
7.918437229846790615e+01,0.000000000000000000e+00
7.816036915004877983e+01,0.000000000000000000e+00
7.824857196702620854e+01,0.000000000000000000e+00
7.517851503876815400e+01,0.000000000000000000e+00
7.720228606200939225e+01,0.000000000000000000e+00
8.002994686828559168e+01,0.000000000000000000e+00
7.598725381386230993e+01,0.000000000000000000e+00
7.665559393726815074e+01,0.000000000000000000e+00
8.079628548942535815e+01,0.000000000000000000e+00
7.695824635804000025e+01,0.000000000000000000e+00
7.586077850530621447e+01,0.000000000000000000e+00
7.660379972554339645e+01,0.000000000000000000e+00
8.269621389583279836e+01,0.000000000000000000e+00
7.808281812369385477e+01,0.000000000000000000e+00
7.568457831931445412e+01,0.000000000000000000e+00
7.403122939803664337e+01,0.000000000000000000e+00
7.891424547891547547e+01,0.000000000000000000e+00
7.607184182999914412e+01,0.000000000000000000e+00
7.817266041219765782e+01,0.000000000000000000e+00
8.034652879980249907e+01,0.000000000000000000e+00
7.989519362852183804e+01,0.000000000000000000e+00
7.846775947118160843e+01,0.000000000000000000e+00
8.058505281627824957e+01,0.000000000000000000e+00
7.681135216228848606e+01,0.000000000000000000e+00
7.688265565220019937e+01,0.000000000000000000e+00
7.482834448428155838e+01,0.000000000000000000e+00
7.826210297462658616e+01,0.000000000000000000e+00
7.967058189540567525e+01,0.000000000000000000e+00
7.821834152000259621e+01,0.000000000000000000e+00
8.212338064927169512e+01,0.000000000000000000e+00
7.850474469806020750e+01,0.000000000000000000e+00
7.785938875094096545e+01,0.000000000000000000e+00
7.995147507684178834e+01,0.000000000000000000e+00
7.882216395950115384e+01,0.000000000000000000e+00
7.663706266198839501e+01,0.000000000000000000e+00
7.943224675441928184e+01,0.000000000000000000e+00
8.069943181380016028e+01,0.000000000000000000e+00
8.053173942742851921e+01,0.000000000000000000e+00
8.063906435179714549e+01,0.000000000000000000e+00
7.799881561561383592e+01,0.000000000000000000e+00
8.154352561661301024e+01,0.000000000000000000e+00
7.360625424639709991e+01,0.000000000000000000e+00
7.608131464172149094e+01,0.000000000000000000e+00
7.894553822708816426e+01,0.000000000000000000e+00
8.153733204621732966e+01,0.000000000000000000e+00
7.812012641223368803e+01,0.000000000000000000e+00
7.906761187813816605e+01,0.000000000000000000e+00
7.543282152737032220e+01,0.000000000000000000e+00
8.037196853807725461e+01,0.000000000000000000e+00
8.069878450837308037e+01,0.000000000000000000e+00
7.704263119598599019e+01,0.000000000000000000e+00
7.933286535246408278e+01,0.000000000000000000e+00
7.676752012380347878e+01,0.000000000000000000e+00
7.520385548412964738e+01,0.000000000000000000e+00
7.641000349316669826e+01,0.000000000000000000e+00
7.780584375234228389e+01,0.000000000000000000e+00
7.956834890478077682e+01,0.000000000000000000e+00
7.944974873434372853e+01,0.000000000000000000e+00
7.420395911409814005e+01,0.000000000000000000e+00
7.831298284367640861e+01,0.000000000000000000e+00
7.688643802099191760e+01,0.000000000000000000e+00
8.172474420367394998e+01,0.000000000000000000e+00
8.003156885972445878e+01,0.000000000000000000e+00
8.140832692055349185e+01,0.000000000000000000e+00
8.045338415219225681e+01,0.000000000000000000e+00
8.055492311587919119e+01,0.000000000000000000e+00
7.937704417006514745e+01,0.000000000000000000e+00
7.747319357660390438e+01,0.000000000000000000e+00
7.995029181813954722e+01,0.000000000000000000e+00
7.902656734362172131e+01,0.000000000000000000e+00
8.058367462123774771e+01,0.000000000000000000e+00
7.633625860428021781e+01,0.000000000000000000e+00
7.946565353412916011e+01,0.000000000000000000e+00
7.586768585904981421e+01,0.000000000000000000e+00
7.950241189472554026e+01,0.000000000000000000e+00
7.673997699978914966e+01,0.000000000000000000e+00
7.816806960174699270e+01,0.000000000000000000e+00
7.682773893000903342e+01,0.000000000000000000e+00
7.972223265043881213e+01,0.000000000000000000e+00
7.867530346711582467e+01,0.000000000000000000e+00
7.559381805777363184e+01,0.000000000000000000e+00
7.928592487117280996e+01,0.000000000000000000e+00
8.081992821462250731e+01,0.000000000000000000e+00
8.547429606920641731e+01,0.000000000000000000e+00
7.774336281573592089e+01,0.000000000000000000e+00
8.122869944086937721e+01,0.000000000000000000e+00
7.771658772063453569e+01,0.000000000000000000e+00
7.783561878898176190e+01,0.000000000000000000e+00
7.766483645860698459e+01,0.000000000000000000e+00
8.074210841815546758e+01,0.000000000000000000e+00
7.543580920821136715e+01,0.000000000000000000e+00
8.068541463414234727e+01,0.000000000000000000e+00
7.886002932470344717e+01,0.000000000000000000e+00
8.137416476839919710e+01,0.000000000000000000e+00
7.726719187682469681e+01,0.000000000000000000e+00
7.975101112861443653e+01,0.000000000000000000e+00
8.067446104853314637e+01,0.000000000000000000e+00
7.995956034896374831e+01,0.000000000000000000e+00
7.685257533510907990e+01,0.000000000000000000e+00
7.826034342777386144e+01,0.000000000000000000e+00
7.981384753387206388e+01,0.000000000000000000e+00
8.234868237431372506e+01,0.000000000000000000e+00
8.030364411745868836e+01,0.000000000000000000e+00
8.232050538587782285e+01,0.000000000000000000e+00
8.224607124539343772e+01,0.000000000000000000e+00
7.680280012601622275e+01,0.000000000000000000e+00
8.416850600884467326e+01,0.000000000000000000e+00
8.058697383238273915e+01,0.000000000000000000e+00
8.028692916335651830e+01,0.000000000000000000e+00
7.726062395723454301e+01,0.000000000000000000e+00
7.906534935753569471e+01,0.000000000000000000e+00
7.916325978612910319e+01,0.000000000000000000e+00
7.834912663175718706e+01,0.000000000000000000e+00
8.443519968869854608e+01,0.000000000000000000e+00
7.951479904711156621e+01,0.000000000000000000e+00
7.369395860453720104e+01,0.000000000000000000e+00
8.031852360479463471e+01,0.000000000000000000e+00
8.018405891399498842e+01,0.000000000000000000e+00
8.012875750296555566e+01,0.000000000000000000e+00
7.929499966951007650e+01,0.000000000000000000e+00
7.755268479954528971e+01,0.000000000000000000e+00
7.982769850421931324e+01,0.000000000000000000e+00
7.695131581078661043e+01,0.000000000000000000e+00
8.163270445710217871e+01,0.000000000000000000e+00
8.287069883401359505e+01,0.000000000000000000e+00
7.943448942189590412e+01,0.000000000000000000e+00
8.347603814809538392e+01,0.000000000000000000e+00
8.261150341869307567e+01,0.000000000000000000e+00
8.244713719666827956e+01,0.000000000000000000e+00
8.148031357766927840e+01,0.000000000000000000e+00
8.044050844694069724e+01,0.000000000000000000e+00
7.901586690389473233e+01,0.000000000000000000e+00
8.057279732299012664e+01,0.000000000000000000e+00
7.907475936749074208e+01,0.000000000000000000e+00
8.110392807079958288e+01,0.000000000000000000e+00
7.809439264562986693e+01,0.000000000000000000e+00
8.044406010544916796e+01,0.000000000000000000e+00
8.244029606491245943e+01,0.000000000000000000e+00
8.115727047542114292e+01,0.000000000000000000e+00
7.746849438208077743e+01,0.000000000000000000e+00
8.200389385983650925e+01,0.000000000000000000e+00
7.849887626548988351e+01,0.000000000000000000e+00
8.113956400924251966e+01,0.000000000000000000e+00
7.719405759078243534e+01,0.000000000000000000e+00
8.042439430446101767e+01,0.000000000000000000e+00
8.322918537128835226e+01,0.000000000000000000e+00
8.044839963543927297e+01,0.000000000000000000e+00
7.969226043892953726e+01,0.000000000000000000e+00
8.252298346564955978e+01,0.000000000000000000e+00
7.748738771816658755e+01,0.000000000000000000e+00
8.025243865975518531e+01,0.000000000000000000e+00
8.344279648311704989e+01,0.000000000000000000e+00
8.056770899852617163e+01,0.000000000000000000e+00
7.956093726123214083e+01,0.000000000000000000e+00
7.681823061945789277e+01,0.000000000000000000e+00
8.201450113632179750e+01,0.000000000000000000e+00
8.101774163733084322e+01,0.000000000000000000e+00
7.778620420045412232e+01,0.000000000000000000e+00
8.213731404965594152e+01,0.000000000000000000e+00
7.918157757201622360e+01,0.000000000000000000e+00
8.061959264291137117e+01,0.000000000000000000e+00
7.804966280571794357e+01,0.000000000000000000e+00
7.832923148649422274e+01,0.000000000000000000e+00
8.055886277129445716e+01,0.000000000000000000e+00
8.086112149196604548e+01,0.000000000000000000e+00
7.915521582580042548e+01,0.000000000000000000e+00
8.122005291615018052e+01,0.000000000000000000e+00
7.766546276803215676e+01,0.000000000000000000e+00
8.002555699877584061e+01,0.000000000000000000e+00
8.158708822131114857e+01,0.000000000000000000e+00
8.096506560138627151e+01,0.000000000000000000e+00
8.323134809443145343e+01,0.000000000000000000e+00
7.701014907101198048e+01,0.000000000000000000e+00
8.040214070615606090e+01,0.000000000000000000e+00
7.770003765212466362e+01,0.000000000000000000e+00
8.036696200864479067e+01,0.000000000000000000e+00
8.370765333440897393e+01,0.000000000000000000e+00
8.087685185728459203e+01,0.000000000000000000e+00
7.790761539006329883e+01,0.000000000000000000e+00
8.094773575970815216e+01,0.000000000000000000e+00
7.886588741248887402e+01,0.000000000000000000e+00
8.260188309273416962e+01,0.000000000000000000e+00
8.198312663172106340e+01,0.000000000000000000e+00
7.977474189078336053e+01,0.000000000000000000e+00
7.679128376996446548e+01,0.000000000000000000e+00
7.710413345773014271e+01,0.000000000000000000e+00
8.234362832542714727e+01,0.000000000000000000e+00
7.776277884185191169e+01,0.000000000000000000e+00
7.696999435321497174e+01,0.000000000000000000e+00
8.027881636687099842e+01,0.000000000000000000e+00
7.753573812587583802e+01,0.000000000000000000e+00
7.869169628196814870e+01,0.000000000000000000e+00
7.954815386857423221e+01,0.000000000000000000e+00
8.459168387654924004e+01,0.000000000000000000e+00
8.024835112599774334e+01,0.000000000000000000e+00
7.938293456275258109e+01,0.000000000000000000e+00
8.179735416896886591e+01,0.000000000000000000e+00
8.117411372667569935e+01,0.000000000000000000e+00
7.890915951932944949e+01,0.000000000000000000e+00
8.161062128313422193e+01,0.000000000000000000e+00
7.950949348289861973e+01,0.000000000000000000e+00
8.116304781389001732e+01,0.000000000000000000e+00
8.074409017750170392e+01,0.000000000000000000e+00
7.978397414401825927e+01,0.000000000000000000e+00
7.939723938544808846e+01,0.000000000000000000e+00
7.757559882252836303e+01,0.000000000000000000e+00
7.916545575774352983e+01,0.000000000000000000e+00
7.951073955380181246e+01,0.000000000000000000e+00
8.334171662748887854e+01,0.000000000000000000e+00
7.869057279978318320e+01,0.000000000000000000e+00
7.667425391447154936e+01,0.000000000000000000e+00
7.920260495506738607e+01,0.000000000000000000e+00
7.925780556812044608e+01,0.000000000000000000e+00
7.540606700827311215e+01,0.000000000000000000e+00
8.139872757432291905e+01,0.000000000000000000e+00
8.140217387706941565e+01,0.000000000000000000e+00
8.075357125614976894e+01,0.000000000000000000e+00
7.660130618987999185e+01,0.000000000000000000e+00
7.796756244762063659e+01,0.000000000000000000e+00
7.985049361470203166e+01,0.000000000000000000e+00
8.053288169959377285e+01,0.000000000000000000e+00
8.263366243232709962e+01,0.000000000000000000e+00
8.024358888733536332e+01,0.000000000000000000e+00
8.172997116864115696e+01,0.000000000000000000e+00
7.849758818525029369e+01,0.000000000000000000e+00
7.756157418622287025e+01,0.000000000000000000e+00
7.995697357641903125e+01,0.000000000000000000e+00
7.903351184389538275e+01,0.000000000000000000e+00
8.016095620818195755e+01,0.000000000000000000e+00
8.070856025739340112e+01,0.000000000000000000e+00
8.199270401810127851e+01,0.000000000000000000e+00
7.983175892657426687e+01,0.000000000000000000e+00
7.916986905147405196e+01,0.000000000000000000e+00
8.234291755032856486e+01,0.000000000000000000e+00
8.016506693718092436e+01,0.000000000000000000e+00
7.479871000555766614e+01,0.000000000000000000e+00
7.885263773906444840e+01,0.000000000000000000e+00
8.114292535533428463e+01,0.000000000000000000e+00
8.137052429886492178e+01,0.000000000000000000e+00
8.189534055820163871e+01,0.000000000000000000e+00
8.017896234098652997e+01,0.000000000000000000e+00
7.913097462675352745e+01,0.000000000000000000e+00
7.917367885521095161e+01,0.000000000000000000e+00
7.969500049969656175e+01,0.000000000000000000e+00
7.474002635547486761e+01,0.000000000000000000e+00
8.121924873423806446e+01,0.000000000000000000e+00
7.787411516356382890e+01,0.000000000000000000e+00
7.727855197295794198e+01,0.000000000000000000e+00
7.794714502031432346e+01,0.000000000000000000e+00
7.929192098318763726e+01,0.000000000000000000e+00
7.738395631033336031e+01,0.000000000000000000e+00
7.591664266536577088e+01,0.000000000000000000e+00
7.960674589301497406e+01,0.000000000000000000e+00
7.816432799044294200e+01,0.000000000000000000e+00
8.122996767757904024e+01,0.000000000000000000e+00
8.275955268335641790e+01,0.000000000000000000e+00
7.871081365969779142e+01,0.000000000000000000e+00
8.224023518840931501e+01,0.000000000000000000e+00
8.238745417550599370e+01,0.000000000000000000e+00
8.421999915291183925e+01,0.000000000000000000e+00
8.065696086075587345e+01,0.000000000000000000e+00
7.602697002211819211e+01,0.000000000000000000e+00
7.867842821761836092e+01,0.000000000000000000e+00
7.967391871801932268e+01,0.000000000000000000e+00
8.102492133898215343e+01,0.000000000000000000e+00
7.905961856191601100e+01,0.000000000000000000e+00
8.321713067738373582e+01,0.000000000000000000e+00
7.871018313952070855e+01,0.000000000000000000e+00
8.179427347195186826e+01,0.000000000000000000e+00
7.827998902105149170e+01,0.000000000000000000e+00
8.006098106728921948e+01,0.000000000000000000e+00
7.810680620882895653e+01,0.000000000000000000e+00
8.278556331141820124e+01,0.000000000000000000e+00
7.787631331158559078e+01,0.000000000000000000e+00
7.774528445046200886e+01,0.000000000000000000e+00
7.550930737677991544e+01,0.000000000000000000e+00
7.585685707512416798e+01,0.000000000000000000e+00
8.076219664865649861e+01,0.000000000000000000e+00
7.957151478918062537e+01,0.000000000000000000e+00
7.628497102100310201e+01,0.000000000000000000e+00
7.963396727401629960e+01,0.000000000000000000e+00
8.165462121176014421e+01,0.000000000000000000e+00
7.334523316449055130e+01,0.000000000000000000e+00
7.893562386583111845e+01,0.000000000000000000e+00
8.011560474888311489e+01,0.000000000000000000e+00
7.703906896638378043e+01,0.000000000000000000e+00
7.681985729071514868e+01,0.000000000000000000e+00
8.193502518870887741e+01,0.000000000000000000e+00
7.779856544386792905e+01,0.000000000000000000e+00
7.638408584891905662e+01,0.000000000000000000e+00
7.996183726638659550e+01,0.000000000000000000e+00
7.810032798457115177e+01,0.000000000000000000e+00
7.586581976764756519e+01,0.000000000000000000e+00
7.758345310695631269e+01,0.000000000000000000e+00
7.988595756152685112e+01,0.000000000000000000e+00
7.991521584150848412e+01,0.000000000000000000e+00
7.954312493070642631e+01,0.000000000000000000e+00
7.790436190211828205e+01,0.000000000000000000e+00
7.690303371896386864e+01,0.000000000000000000e+00
7.896035311689503544e+01,0.000000000000000000e+00
7.864158530269791925e+01,0.000000000000000000e+00
7.707335997475490785e+01,0.000000000000000000e+00
7.949426602428994215e+01,0.000000000000000000e+00
7.453130877573195789e+01,0.000000000000000000e+00
7.557412003342268747e+01,0.000000000000000000e+00
7.867071747192120768e+01,0.000000000000000000e+00
7.742819989089268518e+01,0.000000000000000000e+00
7.603398079360368911e+01,0.000000000000000000e+00
7.650880987488011442e+01,0.000000000000000000e+00
7.908729590131645182e+01,0.000000000000000000e+00
7.490740441454586573e+01,0.000000000000000000e+00
7.934910164890911233e+01,0.000000000000000000e+00
7.739275969663334820e+01,0.000000000000000000e+00
7.414065414717246938e+01,0.000000000000000000e+00
8.179307468241991330e+01,0.000000000000000000e+00
7.400948741197731806e+01,0.000000000000000000e+00
7.883367446465807404e+01,0.000000000000000000e+00
7.611631686832848231e+01,0.000000000000000000e+00
7.652823068252816086e+01,0.000000000000000000e+00
7.597916549830246424e+01,0.000000000000000000e+00
7.884775937613970598e+01,0.000000000000000000e+00
7.494832322920923673e+01,0.000000000000000000e+00
7.986881870502024583e+01,0.000000000000000000e+00
7.737651402344440044e+01,0.000000000000000000e+00
7.737452107336196150e+01,0.000000000000000000e+00
7.894224917254656759e+01,0.000000000000000000e+00
7.476268149851803457e+01,0.000000000000000000e+00
7.798111456324285484e+01,0.000000000000000000e+00
7.438623896221956500e+01,0.000000000000000000e+00
7.789876611110453553e+01,0.000000000000000000e+00
7.699991392481076957e+01,0.000000000000000000e+00
7.799993654966147005e+01,0.000000000000000000e+00
7.567488796826296493e+01,0.000000000000000000e+00
7.558500661751273242e+01,0.000000000000000000e+00
7.467022553088121128e+01,0.000000000000000000e+00
7.785809711391031840e+01,0.000000000000000000e+00
7.640437643710127702e+01,0.000000000000000000e+00
7.513213303195090020e+01,0.000000000000000000e+00
7.947714025802457627e+01,0.000000000000000000e+00
7.617059931370793890e+01,0.000000000000000000e+00
7.857803954834749049e+01,0.000000000000000000e+00
7.800411413957766626e+01,0.000000000000000000e+00
7.656639854054844818e+01,0.000000000000000000e+00
7.616671098209199897e+01,0.000000000000000000e+00
7.897360724780638463e+01,0.000000000000000000e+00
7.416646507359851626e+01,0.000000000000000000e+00
7.940137476816906315e+01,0.000000000000000000e+00
7.221353604300458073e+01,0.000000000000000000e+00
7.473301455403607463e+01,0.000000000000000000e+00
7.293549913808352869e+01,0.000000000000000000e+00
7.703250075989494405e+01,0.000000000000000000e+00
7.816258061416063185e+01,0.000000000000000000e+00
7.404615636135983436e+01,0.000000000000000000e+00
7.295615595120268893e+01,0.000000000000000000e+00
7.775454123108684712e+01,0.000000000000000000e+00
7.803435050217348135e+01,0.000000000000000000e+00
7.228154025162710639e+01,0.000000000000000000e+00
7.631613986147058881e+01,0.000000000000000000e+00
7.528264308129486437e+01,0.000000000000000000e+00
7.735739355119969218e+01,0.000000000000000000e+00
7.594964668892492909e+01,0.000000000000000000e+00
7.747170808626282223e+01,0.000000000000000000e+00
7.828534862127706617e+01,0.000000000000000000e+00
7.426047056689938586e+01,0.000000000000000000e+00
7.797626969363854244e+01,0.000000000000000000e+00
7.662620844702483680e+01,0.000000000000000000e+00
7.836165120871910972e+01,0.000000000000000000e+00
7.734821962265689876e+01,0.000000000000000000e+00
7.142821604314212891e+01,0.000000000000000000e+00
7.333237335281181402e+01,0.000000000000000000e+00
7.480892916891798450e+01,0.000000000000000000e+00
7.483288193263396693e+01,0.000000000000000000e+00
7.470725521618797416e+01,0.000000000000000000e+00
7.435797515066741425e+01,0.000000000000000000e+00
7.372099591497472204e+01,0.000000000000000000e+00
7.598782402676668823e+01,0.000000000000000000e+00
7.208007003409863955e+01,0.000000000000000000e+00
7.675826355054269357e+01,0.000000000000000000e+00
7.348708955686190336e+01,0.000000000000000000e+00
7.780416265618833904e+01,0.000000000000000000e+00
7.311678840278484870e+01,0.000000000000000000e+00
7.160743210203382603e+01,0.000000000000000000e+00
7.313924185600612304e+01,0.000000000000000000e+00
7.813925622387273506e+01,0.000000000000000000e+00
7.606101982541065354e+01,0.000000000000000000e+00
7.407293652302794840e+01,0.000000000000000000e+00
7.246531706018622288e+01,0.000000000000000000e+00
7.412148442001426929e+01,0.000000000000000000e+00
7.350472343892940330e+01,0.000000000000000000e+00
7.715399168150440801e+01,0.000000000000000000e+00
7.502011320663979177e+01,0.000000000000000000e+00
7.303341874710868353e+01,0.000000000000000000e+00
7.516984195325480300e+01,0.000000000000000000e+00
7.336058396897529121e+01,0.000000000000000000e+00
7.703506510947559605e+01,0.000000000000000000e+00
7.526388408292517340e+01,0.000000000000000000e+00
7.295808250751565538e+01,0.000000000000000000e+00
7.365635348028779106e+01,0.000000000000000000e+00
7.287053811210613219e+01,0.000000000000000000e+00
7.260657750557818702e+01,0.000000000000000000e+00
7.343835874914681483e+01,0.000000000000000000e+00
7.429832674368689993e+01,0.000000000000000000e+00
7.417894092792806759e+01,0.000000000000000000e+00
7.415696276260605657e+01,0.000000000000000000e+00
7.213676685515835629e+01,0.000000000000000000e+00
7.536143164289129004e+01,0.000000000000000000e+00
6.993657592265185485e+01,0.000000000000000000e+00
7.234596268239383221e+01,0.000000000000000000e+00
7.532199310721952656e+01,0.000000000000000000e+00
7.259258639372929167e+01,0.000000000000000000e+00
7.226438906538477625e+01,0.000000000000000000e+00
7.649333543809802904e+01,0.000000000000000000e+00
7.470422586120460551e+01,0.000000000000000000e+00
7.120203133792273320e+01,0.000000000000000000e+00
6.993787625123323437e+01,0.000000000000000000e+00
7.179099492066293919e+01,0.000000000000000000e+00
7.236757181182531440e+01,0.000000000000000000e+00
7.157760307389791876e+01,0.000000000000000000e+00
7.411898422294930810e+01,0.000000000000000000e+00
7.266003067713258190e+01,0.000000000000000000e+00
7.705488278523050383e+01,0.000000000000000000e+00
7.656420194771143883e+01,0.000000000000000000e+00
7.552896554270888885e+01,0.000000000000000000e+00
7.194623015209771211e+01,0.000000000000000000e+00
7.080339159355480660e+01,0.000000000000000000e+00
7.090216468547684769e+01,0.000000000000000000e+00
6.954866814066254221e+01,0.000000000000000000e+00
7.605547923209911687e+01,0.000000000000000000e+00
6.792894128198634007e+01,0.000000000000000000e+00
7.109344736249883567e+01,0.000000000000000000e+00
7.072958657049225906e+01,0.000000000000000000e+00
7.598210690033582182e+01,0.000000000000000000e+00
7.584043252145191616e+01,0.000000000000000000e+00
6.803029664392776965e+01,0.000000000000000000e+00
7.227257692850081128e+01,0.000000000000000000e+00
7.702288660011338095e+01,0.000000000000000000e+00
7.335968330238033275e+01,0.000000000000000000e+00
7.173570958849525425e+01,0.000000000000000000e+00
7.169206608245380608e+01,0.000000000000000000e+00
7.469709430445536213e+01,0.000000000000000000e+00
7.356021537361759499e+01,0.000000000000000000e+00
7.194044385411321230e+01,0.000000000000000000e+00
7.086319249487110028e+01,0.000000000000000000e+00
7.007144260811230652e+01,0.000000000000000000e+00
7.109481385223631378e+01,0.000000000000000000e+00
6.682154588475513890e+01,0.000000000000000000e+00
7.185520879434460539e+01,0.000000000000000000e+00
7.466046070642990173e+01,0.000000000000000000e+00
7.317241844374984794e+01,0.000000000000000000e+00
7.072529930361608308e+01,0.000000000000000000e+00
7.122373169317805264e+01,0.000000000000000000e+00
7.216016890602091394e+01,0.000000000000000000e+00
7.191942193050105914e+01,0.000000000000000000e+00
7.078543451736530301e+01,0.000000000000000000e+00
6.934484248227745695e+01,0.000000000000000000e+00
7.388508286849661033e+01,0.000000000000000000e+00
7.124483033085721218e+01,0.000000000000000000e+00
7.325421841325231753e+01,0.000000000000000000e+00
6.683937766795196467e+01,0.000000000000000000e+00
7.068059780601338105e+01,0.000000000000000000e+00
6.880124808001642123e+01,0.000000000000000000e+00
6.781713526619493848e+01,0.000000000000000000e+00
7.008411350183442323e+01,0.000000000000000000e+00
7.167234789485512181e+01,0.000000000000000000e+00
6.819610554190390417e+01,0.000000000000000000e+00
6.775536786595584715e+01,0.000000000000000000e+00
6.794516140996974229e+01,0.000000000000000000e+00
7.214967204787087951e+01,0.000000000000000000e+00
7.015513641651936894e+01,0.000000000000000000e+00
6.962298648251135091e+01,0.000000000000000000e+00
7.188259688284882998e+01,0.000000000000000000e+00
6.864708349328030579e+01,0.000000000000000000e+00
7.007911831256369339e+01,0.000000000000000000e+00
7.013464171413929193e+01,0.000000000000000000e+00
7.052547347462335381e+01,0.000000000000000000e+00
6.811776063595011976e+01,0.000000000000000000e+00
7.049345387305366728e+01,0.000000000000000000e+00
7.352604919621460056e+01,0.000000000000000000e+00
6.620680777585577914e+01,0.000000000000000000e+00
6.625557299553011603e+01,0.000000000000000000e+00
7.140581631144335972e+01,0.000000000000000000e+00
6.770619428853565580e+01,0.000000000000000000e+00
6.452344968314395146e+01,0.000000000000000000e+00
6.783992915078037811e+01,0.000000000000000000e+00
6.896224643747270022e+01,0.000000000000000000e+00
6.919083117205589417e+01,0.000000000000000000e+00
7.107005252486962377e+01,0.000000000000000000e+00
6.618832615442123313e+01,0.000000000000000000e+00
6.936307528851088477e+01,0.000000000000000000e+00
6.759224505291959417e+01,0.000000000000000000e+00
7.148792296537237689e+01,0.000000000000000000e+00
6.563830455363395799e+01,0.000000000000000000e+00
7.037078014339434162e+01,0.000000000000000000e+00
6.683637938580881155e+01,0.000000000000000000e+00
6.606918655978533650e+01,0.000000000000000000e+00
6.908160093039165872e+01,0.000000000000000000e+00
6.617443465926747592e+01,0.000000000000000000e+00
6.737798004920234973e+01,0.000000000000000000e+00
6.796616661504860701e+01,0.000000000000000000e+00
6.782622982070297724e+01,0.000000000000000000e+00
6.696743215783266123e+01,0.000000000000000000e+00
7.262317210428568615e+01,0.000000000000000000e+00
6.921139941562421427e+01,0.000000000000000000e+00
6.900937799686609253e+01,0.000000000000000000e+00
6.770561664701818927e+01,0.000000000000000000e+00
6.921842498476041783e+01,0.000000000000000000e+00
6.591652814492543655e+01,0.000000000000000000e+00
6.648505780830110723e+01,0.000000000000000000e+00
6.859631781169709086e+01,0.000000000000000000e+00
7.230457456912941439e+01,0.000000000000000000e+00
6.424020038202515082e+01,0.000000000000000000e+00
6.954572839056538669e+01,0.000000000000000000e+00
6.667787485661878577e+01,0.000000000000000000e+00
6.507005224183311043e+01,0.000000000000000000e+00
6.940551596579278737e+01,0.000000000000000000e+00
6.764080665472015141e+01,0.000000000000000000e+00
6.689560152819703376e+01,0.000000000000000000e+00
6.519101118799933658e+01,0.000000000000000000e+00
6.985341002204583560e+01,0.000000000000000000e+00
6.805195202950990563e+01,0.000000000000000000e+00
6.906348585735101153e+01,0.000000000000000000e+00
6.456560267689481236e+01,0.000000000000000000e+00
6.231433583041340540e+01,0.000000000000000000e+00
6.861223028735061291e+01,0.000000000000000000e+00
6.239838058422580502e+01,0.000000000000000000e+00
6.827015662648359751e+01,0.000000000000000000e+00
6.571310349242344273e+01,0.000000000000000000e+00
6.748676563725256017e+01,0.000000000000000000e+00
6.446918122657311301e+01,0.000000000000000000e+00
6.422464265000070327e+01,0.000000000000000000e+00
6.589729855426708127e+01,0.000000000000000000e+00
6.885445692046852173e+01,0.000000000000000000e+00
6.540635041181342046e+01,0.000000000000000000e+00
6.446857411868627707e+01,0.000000000000000000e+00
6.624803521617775459e+01,0.000000000000000000e+00
6.496640735847918791e+01,0.000000000000000000e+00
6.526814479454290563e+01,0.000000000000000000e+00
6.574231653365129091e+01,0.000000000000000000e+00
6.016351441768527764e+01,0.000000000000000000e+00
6.535415716205521619e+01,0.000000000000000000e+00
6.373923803976528291e+01,0.000000000000000000e+00
6.679843011282632403e+01,0.000000000000000000e+00
6.313836091623139168e+01,0.000000000000000000e+00
6.339157752983506811e+01,0.000000000000000000e+00
6.390274998683015895e+01,0.000000000000000000e+00
6.337706338207990342e+01,0.000000000000000000e+00
6.398243110544100176e+01,0.000000000000000000e+00
6.477381988447393724e+01,0.000000000000000000e+00
6.123079513134443630e+01,0.000000000000000000e+00
6.274557832229879750e+01,0.000000000000000000e+00
6.249871752530653879e+01,0.000000000000000000e+00
6.752482965008719873e+01,0.000000000000000000e+00
6.101265748570330061e+01,0.000000000000000000e+00
6.173501424205201715e+01,0.000000000000000000e+00
6.041150888367836558e+01,0.000000000000000000e+00
6.373294223997820040e+01,0.000000000000000000e+00
6.473708594503540326e+01,0.000000000000000000e+00
6.642148336101885775e+01,0.000000000000000000e+00
6.546094436196595723e+01,0.000000000000000000e+00
6.417219642561506987e+01,0.000000000000000000e+00
6.537371509612461296e+01,0.000000000000000000e+00
6.354917709369324541e+01,0.000000000000000000e+00
5.968409333287377194e+01,0.000000000000000000e+00
6.701204716620291890e+01,0.000000000000000000e+00
6.524618019633010135e+01,0.000000000000000000e+00
6.367221709883026648e+01,0.000000000000000000e+00
6.297321520510448067e+01,0.000000000000000000e+00
6.270981566774509730e+01,0.000000000000000000e+00
6.371583272120497554e+01,0.000000000000000000e+00
6.300160915764687530e+01,0.000000000000000000e+00
6.134250831113544677e+01,0.000000000000000000e+00
6.220245445907254123e+01,0.000000000000000000e+00
6.017517890131258440e+01,0.000000000000000000e+00
6.476812227942416200e+01,0.000000000000000000e+00
5.953608866862263227e+01,0.000000000000000000e+00
6.259663417813696640e+01,0.000000000000000000e+00
6.143471000018148942e+01,0.000000000000000000e+00
6.305389068006360986e+01,0.000000000000000000e+00
6.517534198311906835e+01,0.000000000000000000e+00
6.210414959271643198e+01,0.000000000000000000e+00
6.126076141384059781e+01,0.000000000000000000e+00
6.483979469924811667e+01,0.000000000000000000e+00
5.792423619508164734e+01,0.000000000000000000e+00
6.241780673927413403e+01,0.000000000000000000e+00
6.192571268633142978e+01,0.000000000000000000e+00
6.303161842578400353e+01,0.000000000000000000e+00
6.247236244392009041e+01,0.000000000000000000e+00
6.131458519324176848e+01,0.000000000000000000e+00
6.008949841805902281e+01,0.000000000000000000e+00
6.821753987231164729e+01,0.000000000000000000e+00
6.430805540196476500e+01,0.000000000000000000e+00
6.038052835170520893e+01,0.000000000000000000e+00
5.760103771131386452e+01,0.000000000000000000e+00
6.067952842214324249e+01,0.000000000000000000e+00
5.807077785107128420e+01,0.000000000000000000e+00
6.504440907551891371e+01,0.000000000000000000e+00
5.980454055868902685e+01,0.000000000000000000e+00
6.076570861650996846e+01,0.000000000000000000e+00
5.725459440296297231e+01,0.000000000000000000e+00
6.215460589083082965e+01,0.000000000000000000e+00
5.849160495995300835e+01,0.000000000000000000e+00
5.782927039765004906e+01,0.000000000000000000e+00
6.022471952015891361e+01,0.000000000000000000e+00
6.146692685913714627e+01,0.000000000000000000e+00
6.112853788687686318e+01,0.000000000000000000e+00
5.752340068876512191e+01,0.000000000000000000e+00
6.130920816188415046e+01,0.000000000000000000e+00
6.072502565837657329e+01,0.000000000000000000e+00
5.972097962672309279e+01,0.000000000000000000e+00
5.791448056680962253e+01,0.000000000000000000e+00
5.844984356045617346e+01,0.000000000000000000e+00
6.188696731329569900e+01,0.000000000000000000e+00
6.467992059345449718e+01,0.000000000000000000e+00
6.344920387877212420e+01,0.000000000000000000e+00
6.469383423902372954e+01,0.000000000000000000e+00
5.862546818626170619e+01,0.000000000000000000e+00
6.141033193826239511e+01,0.000000000000000000e+00
5.929087965781777569e+01,0.000000000000000000e+00
5.894537483380644005e+01,0.000000000000000000e+00
5.682824069693400304e+01,0.000000000000000000e+00
5.617351451793416572e+01,0.000000000000000000e+00
5.874925936615884581e+01,0.000000000000000000e+00
5.947172264022876220e+01,0.000000000000000000e+00
5.868717763329254211e+01,0.000000000000000000e+00
5.763886085093917444e+01,0.000000000000000000e+00
6.047376746681921844e+01,0.000000000000000000e+00
5.953120369903653142e+01,0.000000000000000000e+00
5.921027736878795622e+01,0.000000000000000000e+00
5.917504177015516120e+01,0.000000000000000000e+00
5.825198840079145413e+01,0.000000000000000000e+00
5.983060612125284905e+01,0.000000000000000000e+00
5.961067372078121451e+01,0.000000000000000000e+00
5.959236048072339287e+01,0.000000000000000000e+00
5.495172938235175053e+01,0.000000000000000000e+00
5.666794764903287529e+01,0.000000000000000000e+00
5.372896708140640953e+01,0.000000000000000000e+00
5.697542852160868421e+01,0.000000000000000000e+00
5.612110382747869153e+01,0.000000000000000000e+00
5.787876183614585557e+01,0.000000000000000000e+00
5.465017071562932927e+01,0.000000000000000000e+00
5.873096495753920721e+01,0.000000000000000000e+00
6.045363312802373912e+01,0.000000000000000000e+00
5.845142881707752736e+01,0.000000000000000000e+00
5.817818316869893636e+01,0.000000000000000000e+00
5.323297824584795279e+01,0.000000000000000000e+00
5.664884521843617193e+01,0.000000000000000000e+00
5.970053808109197746e+01,0.000000000000000000e+00
5.404396583685950617e+01,0.000000000000000000e+00
5.769284659950359639e+01,0.000000000000000000e+00
5.679127375321179017e+01,0.000000000000000000e+00
5.408431144552314151e+01,0.000000000000000000e+00
5.760309770515340944e+01,0.000000000000000000e+00
5.770602340637174166e+01,0.000000000000000000e+00
5.554074694010378010e+01,0.000000000000000000e+00
5.807084133763083855e+01,0.000000000000000000e+00
5.867207216449698137e+01,0.000000000000000000e+00
5.714182880285071064e+01,0.000000000000000000e+00
5.433346510044412980e+01,0.000000000000000000e+00
5.815646792076687177e+01,0.000000000000000000e+00
5.823641298562441193e+01,0.000000000000000000e+00
5.501108375468571410e+01,0.000000000000000000e+00
5.955949670722809941e+01,0.000000000000000000e+00
5.745815188313162736e+01,0.000000000000000000e+00
5.801573566421816963e+01,0.000000000000000000e+00
5.488833429533032415e+01,0.000000000000000000e+00
5.490217583910546040e+01,0.000000000000000000e+00
5.816538493891008699e+01,0.000000000000000000e+00
5.366499050007377747e+01,0.000000000000000000e+00
5.229597913734066594e+01,0.000000000000000000e+00
5.574591306735564444e+01,0.000000000000000000e+00
5.815180621161697161e+01,0.000000000000000000e+00
5.584364225274597970e+01,0.000000000000000000e+00
5.702738014525040455e+01,0.000000000000000000e+00
5.725700755421530630e+01,0.000000000000000000e+00
5.515974535964385694e+01,0.000000000000000000e+00
5.671727975712200021e+01,0.000000000000000000e+00
5.219241067508902887e+01,0.000000000000000000e+00
5.349412862159783089e+01,0.000000000000000000e+00
5.400739960315464572e+01,0.000000000000000000e+00
5.704365739987905926e+01,0.000000000000000000e+00
5.670174205529990985e+01,0.000000000000000000e+00
5.508466233337654927e+01,0.000000000000000000e+00
5.357547714849636833e+01,0.000000000000000000e+00
5.697270968911441003e+01,0.000000000000000000e+00
5.465027282165172551e+01,0.000000000000000000e+00
5.763957976460702781e+01,0.000000000000000000e+00
4.915012843856791136e+01,0.000000000000000000e+00
5.325114034178214695e+01,0.000000000000000000e+00
5.286937427616219054e+01,0.000000000000000000e+00
5.302423071342851557e+01,0.000000000000000000e+00
5.756268102350246352e+01,0.000000000000000000e+00
5.410316835969361193e+01,0.000000000000000000e+00
5.602770335360086307e+01,0.000000000000000000e+00
5.214253457459774665e+01,0.000000000000000000e+00
5.450946628306578390e+01,0.000000000000000000e+00
5.247185249345200475e+01,0.000000000000000000e+00
5.361253443722193168e+01,0.000000000000000000e+00
5.378585838792285045e+01,0.000000000000000000e+00
5.412334389582152738e+01,0.000000000000000000e+00
5.119494937640602927e+01,0.000000000000000000e+00
5.449187528799598113e+01,0.000000000000000000e+00
5.624492861427293633e+01,0.000000000000000000e+00
5.278886223065462957e+01,0.000000000000000000e+00
5.414634191573407662e+01,0.000000000000000000e+00
5.442309160525780243e+01,0.000000000000000000e+00
5.068304052517020608e+01,0.000000000000000000e+00
5.170693019527159606e+01,0.000000000000000000e+00
5.424913956279856109e+01,0.000000000000000000e+00
5.049941435555722791e+01,0.000000000000000000e+00
4.769558721917923094e+01,0.000000000000000000e+00
5.316321108238027193e+01,0.000000000000000000e+00
5.242166357878505778e+01,0.000000000000000000e+00
5.379649496097105299e+01,0.000000000000000000e+00
5.310382647206758122e+01,0.000000000000000000e+00
5.227874099981153222e+01,0.000000000000000000e+00
4.708368811001691512e+01,0.000000000000000000e+00
5.358869060966777909e+01,0.000000000000000000e+00
5.018840916502014693e+01,0.000000000000000000e+00
5.453339186905729719e+01,0.000000000000000000e+00
5.203303182772331326e+01,0.000000000000000000e+00
4.956636312791991372e+01,0.000000000000000000e+00
4.830629727802593010e+01,0.000000000000000000e+00
5.072146246239877598e+01,0.000000000000000000e+00
4.947196265952374716e+01,0.000000000000000000e+00
5.103806893029370428e+01,0.000000000000000000e+00
5.009875065230519198e+01,0.000000000000000000e+00
5.230531262730423947e+01,0.000000000000000000e+00
5.282331944769447318e+01,0.000000000000000000e+00
5.331477511651985424e+01,0.000000000000000000e+00
5.225640282427845307e+01,0.000000000000000000e+00
5.053615497742727314e+01,0.000000000000000000e+00
5.169548150568101619e+01,0.000000000000000000e+00
5.211368608978498429e+01,0.000000000000000000e+00
5.111681460940299360e+01,0.000000000000000000e+00
4.839165794513790786e+01,0.000000000000000000e+00
4.972661170401931940e+01,0.000000000000000000e+00
4.896413524323850197e+01,0.000000000000000000e+00
4.711476328693234450e+01,0.000000000000000000e+00
5.102283332475946764e+01,0.000000000000000000e+00
4.793827800886705148e+01,0.000000000000000000e+00
5.262307894339540582e+01,0.000000000000000000e+00
4.788150655551977053e+01,0.000000000000000000e+00
5.027954919456464467e+01,0.000000000000000000e+00
4.690346868277767101e+01,0.000000000000000000e+00
4.842711378635034691e+01,0.000000000000000000e+00
4.836132399190690734e+01,0.000000000000000000e+00
4.825390002251404553e+01,0.000000000000000000e+00
4.696319194923739815e+01,0.000000000000000000e+00
4.947484386624583408e+01,0.000000000000000000e+00
4.840217255598827251e+01,0.000000000000000000e+00
4.951919154548133406e+01,0.000000000000000000e+00
4.696839010211878218e+01,0.000000000000000000e+00
5.075717229787125717e+01,0.000000000000000000e+00
4.873660131473916834e+01,0.000000000000000000e+00
5.084027815294539465e+01,0.000000000000000000e+00
5.172491735530543622e+01,0.000000000000000000e+00
5.006928156032459754e+01,0.000000000000000000e+00
4.693793562475085679e+01,0.000000000000000000e+00
5.038738524908209371e+01,0.000000000000000000e+00
4.833311292292169981e+01,0.000000000000000000e+00
4.571109142953925186e+01,0.000000000000000000e+00
4.931691982850298928e+01,0.000000000000000000e+00
4.971428335932503728e+01,0.000000000000000000e+00
5.044261968435929333e+01,0.000000000000000000e+00
4.915011770907560162e+01,0.000000000000000000e+00
5.068143601320611680e+01,0.000000000000000000e+00
4.545452761865791302e+01,0.000000000000000000e+00
4.911926889865620183e+01,0.000000000000000000e+00
4.746029010639213652e+01,0.000000000000000000e+00
4.839778463984068679e+01,0.000000000000000000e+00
4.448160832312979096e+01,0.000000000000000000e+00
4.428973568177583076e+01,0.000000000000000000e+00
4.782066369470880574e+01,0.000000000000000000e+00
4.466030171768843360e+01,0.000000000000000000e+00
4.824170642754072702e+01,0.000000000000000000e+00
4.704025258005172105e+01,0.000000000000000000e+00
5.030216974607270686e+01,0.000000000000000000e+00
4.924266633828109718e+01,0.000000000000000000e+00
4.480460644624344013e+01,0.000000000000000000e+00
4.712933439806034386e+01,0.000000000000000000e+00
4.779220477088701102e+01,0.000000000000000000e+00
4.603365169395294743e+01,0.000000000000000000e+00
4.425399739820377931e+01,0.000000000000000000e+00
4.524221675928376385e+01,0.000000000000000000e+00
4.569588855108937508e+01,0.000000000000000000e+00
4.722451869130586033e+01,0.000000000000000000e+00
4.800951977528227843e+01,0.000000000000000000e+00
4.647020264850357307e+01,0.000000000000000000e+00
4.889755455398793060e+01,0.000000000000000000e+00
4.754503165968584000e+01,0.000000000000000000e+00
4.506365551512097767e+01,0.000000000000000000e+00
4.681422847131916143e+01,0.000000000000000000e+00
4.501792974382396295e+01,0.000000000000000000e+00
4.313288243080931750e+01,0.000000000000000000e+00
4.228135942029901884e+01,0.000000000000000000e+00
4.228472167634075873e+01,0.000000000000000000e+00
4.529065335362056288e+01,0.000000000000000000e+00
5.031783494738116502e+01,0.000000000000000000e+00
4.398351575675976477e+01,0.000000000000000000e+00
4.524543735791569077e+01,0.000000000000000000e+00
4.664137334115348210e+01,0.000000000000000000e+00
4.560933644035460333e+01,0.000000000000000000e+00
4.319865515617930640e+01,0.000000000000000000e+00
4.599480648971800889e+01,0.000000000000000000e+00
4.551038835748708067e+01,0.000000000000000000e+00
4.584647993362855090e+01,0.000000000000000000e+00
4.167746763486763939e+01,0.000000000000000000e+00
4.591835852597637313e+01,0.000000000000000000e+00
4.460965114610729643e+01,0.000000000000000000e+00
4.292788329902113986e+01,0.000000000000000000e+00
4.604827496533614806e+01,0.000000000000000000e+00
4.131653353850987287e+01,0.000000000000000000e+00
4.666555222277590786e+01,0.000000000000000000e+00
4.601866665894888797e+01,0.000000000000000000e+00
4.167928933799396418e+01,0.000000000000000000e+00
4.686553681781516190e+01,0.000000000000000000e+00
4.200266251180359234e+01,0.000000000000000000e+00
4.353208865043547604e+01,0.000000000000000000e+00
4.060755135072052724e+01,0.000000000000000000e+00
4.029154869289205010e+01,0.000000000000000000e+00
4.722489666190021040e+01,0.000000000000000000e+00
4.428533024714585054e+01,0.000000000000000000e+00
4.261339235469433362e+01,0.000000000000000000e+00
4.585894692957688079e+01,0.000000000000000000e+00
4.060878323471793294e+01,0.000000000000000000e+00
4.169540090916411401e+01,0.000000000000000000e+00
3.822308768334261941e+01,0.000000000000000000e+00
4.112567163580057894e+01,0.000000000000000000e+00
4.257051616152651263e+01,0.000000000000000000e+00
4.202536068538937286e+01,0.000000000000000000e+00
4.634449213429368797e+01,0.000000000000000000e+00
4.069770537003861222e+01,0.000000000000000000e+00
4.175104692081394120e+01,0.000000000000000000e+00
4.315225614372496921e+01,0.000000000000000000e+00
4.175042226852936267e+01,0.000000000000000000e+00
4.490671600157834575e+01,0.000000000000000000e+00
4.119188743363532978e+01,0.000000000000000000e+00
4.472647793007421058e+01,0.000000000000000000e+00
4.419528027208531284e+01,0.000000000000000000e+00
3.822399000807651248e+01,0.000000000000000000e+00
4.154078628164461406e+01,0.000000000000000000e+00
4.029687752176531035e+01,0.000000000000000000e+00
4.164597175366451864e+01,0.000000000000000000e+00
4.144656983372323822e+01,0.000000000000000000e+00
4.412154858689816450e+01,0.000000000000000000e+00
4.383424623894695316e+01,0.000000000000000000e+00
3.631822483789001410e+01,0.000000000000000000e+00
4.195447224490335714e+01,0.000000000000000000e+00
4.095614152890669857e+01,0.000000000000000000e+00
4.048950156569019043e+01,0.000000000000000000e+00
3.899826504129429594e+01,0.000000000000000000e+00
4.207352754149199114e+01,0.000000000000000000e+00
4.295187722483768766e+01,0.000000000000000000e+00
3.986697947860092484e+01,0.000000000000000000e+00
4.279390644459857640e+01,0.000000000000000000e+00
4.103835697513241598e+01,0.000000000000000000e+00
3.672512702560374009e+01,0.000000000000000000e+00
3.919814389184053738e+01,0.000000000000000000e+00
3.923552497230352287e+01,0.000000000000000000e+00
3.734173394029627957e+01,0.000000000000000000e+00
4.204465344757977618e+01,0.000000000000000000e+00
3.879075303208826853e+01,0.000000000000000000e+00
3.882459991960941181e+01,0.000000000000000000e+00
3.543988168798404814e+01,0.000000000000000000e+00
3.501134592640494247e+01,0.000000000000000000e+00
4.091484945899548364e+01,0.000000000000000000e+00
4.055180754429225232e+01,0.000000000000000000e+00
3.726358704135023459e+01,0.000000000000000000e+00
3.955201254575189296e+01,0.000000000000000000e+00
3.393573179950838892e+01,0.000000000000000000e+00
4.001456239778013213e+01,0.000000000000000000e+00
3.722976473774663475e+01,0.000000000000000000e+00
3.842739561697607087e+01,0.000000000000000000e+00
4.172433724444788794e+01,0.000000000000000000e+00
3.537213018845721990e+01,0.000000000000000000e+00
4.139957410451199138e+01,0.000000000000000000e+00
4.173774871920497276e+01,0.000000000000000000e+00
3.838864130855570522e+01,0.000000000000000000e+00
3.765294584577011960e+01,0.000000000000000000e+00
3.899642086262761609e+01,0.000000000000000000e+00
3.748300722090152703e+01,0.000000000000000000e+00
4.139834768611218152e+01,0.000000000000000000e+00
3.700323086823725305e+01,0.000000000000000000e+00
3.696903150927404624e+01,0.000000000000000000e+00
3.755005637719688139e+01,0.000000000000000000e+00
3.892710520537065833e+01,0.000000000000000000e+00
3.824466969054493148e+01,0.000000000000000000e+00
3.608221919581614401e+01,0.000000000000000000e+00
3.649469432304709926e+01,0.000000000000000000e+00
3.791588160548536734e+01,0.000000000000000000e+00
3.964083964951979056e+01,0.000000000000000000e+00
3.699763372633283609e+01,0.000000000000000000e+00
3.910597843337703949e+01,0.000000000000000000e+00
3.872740000311201669e+01,0.000000000000000000e+00
3.872179688051633661e+01,0.000000000000000000e+00
3.834445075923449764e+01,0.000000000000000000e+00
3.864176579639155307e+01,0.000000000000000000e+00
3.784771934472661314e+01,0.000000000000000000e+00
3.683740805523916606e+01,0.000000000000000000e+00
3.762844523569116006e+01,0.000000000000000000e+00
3.577792731062956477e+01,0.000000000000000000e+00
3.774625798922836140e+01,0.000000000000000000e+00
3.536564676485798486e+01,0.000000000000000000e+00
3.778715546935342218e+01,0.000000000000000000e+00
3.870449179163304620e+01,0.000000000000000000e+00
3.438854831032181636e+01,0.000000000000000000e+00
3.695442212431220952e+01,0.000000000000000000e+00
3.358785669777414284e+01,0.000000000000000000e+00
3.404058034200532745e+01,0.000000000000000000e+00
3.410910920952522929e+01,0.000000000000000000e+00
3.677921866102833093e+01,0.000000000000000000e+00
3.422254614530919525e+01,0.000000000000000000e+00
3.997914867374676362e+01,0.000000000000000000e+00
3.425965123319102901e+01,0.000000000000000000e+00
3.381603989661285681e+01,0.000000000000000000e+00
3.614828233477384600e+01,0.000000000000000000e+00
3.876555899842637132e+01,0.000000000000000000e+00
3.353221577330222658e+01,0.000000000000000000e+00
3.585342772544482415e+01,0.000000000000000000e+00
3.667524543173400531e+01,0.000000000000000000e+00
3.431309667635587601e+01,0.000000000000000000e+00
3.897768538241594172e+01,0.000000000000000000e+00
3.658676718075589918e+01,0.000000000000000000e+00
3.494624142282942358e+01,0.000000000000000000e+00
3.638115277523053237e+01,0.000000000000000000e+00
3.570901396965541608e+01,0.000000000000000000e+00
3.319950345017772264e+01,0.000000000000000000e+00
3.303929809536495554e+01,0.000000000000000000e+00
3.449008821542254566e+01,0.000000000000000000e+00
3.873200137268571552e+01,0.000000000000000000e+00
3.175109163423137204e+01,0.000000000000000000e+00
3.220559726997777261e+01,0.000000000000000000e+00
3.596055961797671330e+01,0.000000000000000000e+00
3.452439540325041634e+01,0.000000000000000000e+00
3.604696744536102671e+01,0.000000000000000000e+00
3.533942802373515235e+01,0.000000000000000000e+00
3.658723365489807122e+01,0.000000000000000000e+00
3.433644251019360638e+01,0.000000000000000000e+00
3.372558278109919883e+01,0.000000000000000000e+00
3.819605702348289356e+01,0.000000000000000000e+00
3.480651297119850085e+01,0.000000000000000000e+00
3.351829616405642298e+01,0.000000000000000000e+00
3.494105933635566430e+01,0.000000000000000000e+00
2.985238759218951898e+01,0.000000000000000000e+00
3.151437017486592396e+01,0.000000000000000000e+00
3.455198704084244099e+01,0.000000000000000000e+00
3.436963176641445727e+01,0.000000000000000000e+00
3.189526076866366111e+01,0.000000000000000000e+00
3.251105616120733544e+01,0.000000000000000000e+00
3.285467839693035330e+01,0.000000000000000000e+00
3.768905750247400732e+01,0.000000000000000000e+00
3.120198704429456171e+01,0.000000000000000000e+00
3.260011417683404034e+01,0.000000000000000000e+00
3.262017073557814939e+01,0.000000000000000000e+00
3.360681892557549588e+01,0.000000000000000000e+00
3.408498583269945925e+01,0.000000000000000000e+00
3.499526785852042821e+01,0.000000000000000000e+00
3.263035705266639752e+01,0.000000000000000000e+00
3.278916450948418060e+01,0.000000000000000000e+00
3.506894752716812036e+01,0.000000000000000000e+00
3.518289764899614624e+01,0.000000000000000000e+00
3.435170229229861860e+01,0.000000000000000000e+00
3.465412349630380362e+01,0.000000000000000000e+00
3.124281557482426308e+01,0.000000000000000000e+00
3.411075282730492120e+01,0.000000000000000000e+00
3.323477445109996609e+01,0.000000000000000000e+00
3.464986959877771255e+01,0.000000000000000000e+00
3.122487712648524649e+01,0.000000000000000000e+00
3.762537440417449375e+01,0.000000000000000000e+00
3.144631184577953320e+01,0.000000000000000000e+00
3.336209438097694857e+01,0.000000000000000000e+00
3.144347430536464216e+01,0.000000000000000000e+00
3.373709434891225811e+01,0.000000000000000000e+00
3.318148337589430952e+01,0.000000000000000000e+00
2.873214668009156014e+01,0.000000000000000000e+00
3.120688089117882669e+01,0.000000000000000000e+00
3.159250775919993970e+01,0.000000000000000000e+00
3.327567620360548517e+01,0.000000000000000000e+00
3.019621368985976417e+01,0.000000000000000000e+00
3.239449299620665812e+01,0.000000000000000000e+00
3.108884412620777837e+01,0.000000000000000000e+00
3.232706166937975212e+01,0.000000000000000000e+00
2.865948155746976767e+01,0.000000000000000000e+00
3.181703425848746747e+01,0.000000000000000000e+00
3.355720001177659384e+01,0.000000000000000000e+00
3.063510463644577797e+01,0.000000000000000000e+00
2.962019930972617843e+01,0.000000000000000000e+00
2.753441524128145801e+01,0.000000000000000000e+00
2.831455968923039990e+01,0.000000000000000000e+00
3.017653931603197748e+01,0.000000000000000000e+00
2.999006827196132008e+01,0.000000000000000000e+00
2.927471856112774873e+01,0.000000000000000000e+00
3.167541979696567367e+01,0.000000000000000000e+00
2.993910437752687059e+01,0.000000000000000000e+00
2.955860406158541664e+01,0.000000000000000000e+00
2.806522675390047183e+01,0.000000000000000000e+00
3.076889586236775642e+01,0.000000000000000000e+00
2.917445436869356001e+01,0.000000000000000000e+00
3.201718537055445069e+01,0.000000000000000000e+00
3.051269110708839349e+01,0.000000000000000000e+00
2.931168074615363395e+01,0.000000000000000000e+00
2.958655045300654507e+01,0.000000000000000000e+00
2.732791889455166867e+01,0.000000000000000000e+00
3.338709814403023302e+01,0.000000000000000000e+00
3.208743564184095476e+01,0.000000000000000000e+00
3.265020378933377998e+01,0.000000000000000000e+00
3.093285618031062612e+01,0.000000000000000000e+00
3.191484900195307617e+01,0.000000000000000000e+00
2.912640966758992533e+01,0.000000000000000000e+00
3.027575385117401296e+01,0.000000000000000000e+00
2.867034005274889452e+01,0.000000000000000000e+00
3.098730296376454874e+01,0.000000000000000000e+00
2.883365281329117735e+01,0.000000000000000000e+00
2.985043846722638250e+01,0.000000000000000000e+00
2.720940443864152414e+01,0.000000000000000000e+00
3.070125062145460504e+01,0.000000000000000000e+00
2.766616955615462103e+01,0.000000000000000000e+00
3.205552200599956336e+01,0.000000000000000000e+00
3.060178515805286992e+01,0.000000000000000000e+00
2.675834297719177357e+01,0.000000000000000000e+00
2.654266100578789889e+01,0.000000000000000000e+00
3.303517872774931874e+01,0.000000000000000000e+00
3.003397341805831644e+01,0.000000000000000000e+00
2.907259831745059131e+01,0.000000000000000000e+00
2.648263414701056817e+01,0.000000000000000000e+00
2.603100016512286174e+01,0.000000000000000000e+00
3.122314448136438259e+01,0.000000000000000000e+00
2.621573913010808354e+01,0.000000000000000000e+00
3.325661856892712365e+01,0.000000000000000000e+00
3.060435415149897764e+01,0.000000000000000000e+00
2.641637989912779361e+01,0.000000000000000000e+00
3.039401333434428309e+01,0.000000000000000000e+00
2.607862067150648500e+01,0.000000000000000000e+00
2.699115282300303420e+01,0.000000000000000000e+00
2.747828163954738656e+01,0.000000000000000000e+00
2.829197126808751506e+01,0.000000000000000000e+00
3.170607267143982355e+01,0.000000000000000000e+00
2.806099664567199170e+01,0.000000000000000000e+00
2.960157921699316219e+01,0.000000000000000000e+00
2.752552682864202183e+01,0.000000000000000000e+00
2.794365723366471954e+01,0.000000000000000000e+00
2.674859609287539897e+01,0.000000000000000000e+00
2.756148947321882048e+01,0.000000000000000000e+00
2.968750851190864992e+01,0.000000000000000000e+00
2.971104423152027962e+01,0.000000000000000000e+00
2.924570866732436158e+01,0.000000000000000000e+00
2.958298303773914029e+01,0.000000000000000000e+00
2.858697168257667087e+01,0.000000000000000000e+00
2.820565037453912538e+01,0.000000000000000000e+00
2.633065455269343502e+01,0.000000000000000000e+00
2.515251222631651729e+01,0.000000000000000000e+00
2.558037375371437960e+01,0.000000000000000000e+00
2.686019791943488499e+01,0.000000000000000000e+00
2.839392432002842170e+01,0.000000000000000000e+00
2.699886382161685106e+01,0.000000000000000000e+00
2.510210942945880674e+01,0.000000000000000000e+00
2.880901349601023043e+01,0.000000000000000000e+00
2.674051406065441228e+01,0.000000000000000000e+00
2.620736073382355258e+01,0.000000000000000000e+00
2.469773572946996509e+01,0.000000000000000000e+00
2.724076883085116663e+01,0.000000000000000000e+00
2.670137238637446941e+01,0.000000000000000000e+00
2.702963336876230471e+01,0.000000000000000000e+00
2.669291012413435027e+01,0.000000000000000000e+00
2.750214661848960063e+01,0.000000000000000000e+00
2.806181541485984354e+01,0.000000000000000000e+00
2.905227767968288077e+01,0.000000000000000000e+00
2.548969159174798804e+01,0.000000000000000000e+00
2.855775031311956269e+01,0.000000000000000000e+00
2.735640598512862809e+01,0.000000000000000000e+00
2.554531465480838293e+01,0.000000000000000000e+00
2.971217825621923936e+01,0.000000000000000000e+00
2.896875192070014648e+01,0.000000000000000000e+00
2.431599068196060642e+01,0.000000000000000000e+00
2.423867087399108300e+01,0.000000000000000000e+00
2.551041521685848679e+01,0.000000000000000000e+00
2.743632290911185834e+01,0.000000000000000000e+00
2.813629073804204239e+01,0.000000000000000000e+00
2.529356592846226803e+01,0.000000000000000000e+00
2.440283051768844658e+01,0.000000000000000000e+00
3.056774345305885277e+01,0.000000000000000000e+00
2.690405973008537188e+01,0.000000000000000000e+00
2.853504960509689425e+01,0.000000000000000000e+00
2.456452370244174332e+01,0.000000000000000000e+00
2.479836318731528166e+01,0.000000000000000000e+00
2.484385845074985610e+01,0.000000000000000000e+00
2.613380149299790389e+01,0.000000000000000000e+00
2.624785342433156288e+01,0.000000000000000000e+00
2.586333313111044774e+01,0.000000000000000000e+00
2.679954974310741278e+01,0.000000000000000000e+00
2.610477466602237939e+01,0.000000000000000000e+00
2.429946797870931263e+01,0.000000000000000000e+00
2.294080210822492560e+01,0.000000000000000000e+00
2.405826181216811932e+01,0.000000000000000000e+00
2.781981621809784855e+01,0.000000000000000000e+00
2.499047124930437747e+01,0.000000000000000000e+00
2.739195891013395112e+01,0.000000000000000000e+00
2.445017837489564272e+01,0.000000000000000000e+00
2.373633788331088468e+01,0.000000000000000000e+00
2.226849818850291030e+01,0.000000000000000000e+00
2.265507310652043316e+01,0.000000000000000000e+00
2.057817766812883065e+01,0.000000000000000000e+00
2.342001947457524480e+01,0.000000000000000000e+00
2.495060523070553060e+01,0.000000000000000000e+00
2.646001500590501720e+01,0.000000000000000000e+00
2.632219066370846861e+01,0.000000000000000000e+00
2.634752229526756651e+01,0.000000000000000000e+00
2.147172373754971630e+01,0.000000000000000000e+00
2.517174780058381245e+01,0.000000000000000000e+00
2.553452554628692539e+01,0.000000000000000000e+00
2.247424516352383961e+01,0.000000000000000000e+00
2.579141148770271386e+01,0.000000000000000000e+00
2.686587469365031566e+01,0.000000000000000000e+00
2.123083920990812601e+01,0.000000000000000000e+00
2.760231665021336056e+01,0.000000000000000000e+00
2.242001888100902107e+01,0.000000000000000000e+00
2.407240750256515938e+01,0.000000000000000000e+00
1.883534219523343367e+01,0.000000000000000000e+00
2.627823391847225309e+01,0.000000000000000000e+00
2.663690800627586341e+01,0.000000000000000000e+00
2.469666646365553220e+01,0.000000000000000000e+00
2.609022619535954846e+01,0.000000000000000000e+00
2.320726069786606871e+01,0.000000000000000000e+00
2.208027383535234023e+01,0.000000000000000000e+00
2.525253760840624295e+01,0.000000000000000000e+00
2.008233157356701426e+01,0.000000000000000000e+00
2.523378026091999615e+01,0.000000000000000000e+00
2.448283379549306460e+01,0.000000000000000000e+00
2.589592694023499675e+01,0.000000000000000000e+00
2.281153896520276092e+01,0.000000000000000000e+00
2.455030313692379451e+01,0.000000000000000000e+00
2.603213124394856948e+01,0.000000000000000000e+00
2.473269540581576109e+01,0.000000000000000000e+00
2.449186412411312119e+01,0.000000000000000000e+00
2.821566308286470104e+01,0.000000000000000000e+00
2.442297819058120822e+01,0.000000000000000000e+00
2.248126739971788624e+01,0.000000000000000000e+00
2.271149982799151346e+01,0.000000000000000000e+00
2.345325785360767767e+01,0.000000000000000000e+00
2.442420871598764265e+01,0.000000000000000000e+00
2.288837131360127941e+01,0.000000000000000000e+00
2.532006707391009570e+01,0.000000000000000000e+00
2.305652786136159449e+01,0.000000000000000000e+00
1.941968542490312188e+01,0.000000000000000000e+00
1.941722220693496581e+01,0.000000000000000000e+00
2.272158253737771361e+01,0.000000000000000000e+00
2.600489375734423092e+01,0.000000000000000000e+00
2.323635330480311012e+01,0.000000000000000000e+00
1.966416384692939090e+01,0.000000000000000000e+00
2.413546923297445446e+01,0.000000000000000000e+00
2.337455232669104888e+01,0.000000000000000000e+00
2.013958290817609864e+01,0.000000000000000000e+00
2.413359214853073098e+01,0.000000000000000000e+00
2.416188533758710477e+01,0.000000000000000000e+00
1.897461809485820083e+01,0.000000000000000000e+00
2.373646591893734481e+01,0.000000000000000000e+00
2.216589624699814820e+01,0.000000000000000000e+00
2.261214517028397708e+01,0.000000000000000000e+00
2.339670673386184774e+01,0.000000000000000000e+00
2.223612215316608598e+01,0.000000000000000000e+00
2.127207558755049988e+01,0.000000000000000000e+00
2.242295493913447046e+01,0.000000000000000000e+00
2.097458288500205725e+01,0.000000000000000000e+00
2.189045075335360480e+01,0.000000000000000000e+00
2.187463128524233014e+01,0.000000000000000000e+00
2.616955448598227107e+01,0.000000000000000000e+00
2.235150647638335286e+01,0.000000000000000000e+00
2.315406175807888189e+01,0.000000000000000000e+00
2.390870339384009213e+01,0.000000000000000000e+00
2.511188934117059546e+01,0.000000000000000000e+00
2.141997565540140869e+01,0.000000000000000000e+00
2.404431042300073429e+01,0.000000000000000000e+00
2.574811004668607239e+01,0.000000000000000000e+00
2.280252975886786970e+01,0.000000000000000000e+00
2.353893982691356612e+01,0.000000000000000000e+00
2.118283057250773638e+01,0.000000000000000000e+00
2.470397502649133870e+01,0.000000000000000000e+00
2.391607338035784736e+01,0.000000000000000000e+00
2.112507592259582623e+01,0.000000000000000000e+00
2.393189621121825184e+01,0.000000000000000000e+00
2.094605753580919938e+01,0.000000000000000000e+00
2.393017635680186928e+01,0.000000000000000000e+00
2.001315393983920288e+01,0.000000000000000000e+00
2.525092110525781308e+01,0.000000000000000000e+00
2.113205987953240239e+01,0.000000000000000000e+00
2.430881287343817476e+01,0.000000000000000000e+00
2.369561459123780978e+01,0.000000000000000000e+00
2.372622714475157579e+01,0.000000000000000000e+00
2.238857089380712395e+01,0.000000000000000000e+00
2.304209718521588357e+01,0.000000000000000000e+00
2.316185933300894106e+01,0.000000000000000000e+00
2.185628214584049900e+01,0.000000000000000000e+00
2.127601049004027089e+01,0.000000000000000000e+00
2.427348102433492016e+01,0.000000000000000000e+00
2.074165194833615899e+01,0.000000000000000000e+00
1.906870460852104543e+01,0.000000000000000000e+00
2.292512314713858146e+01,0.000000000000000000e+00
1.874262246860845949e+01,0.000000000000000000e+00
2.199350606882154580e+01,0.000000000000000000e+00
1.826660725269579899e+01,0.000000000000000000e+00
1.929769593581397302e+01,0.000000000000000000e+00
2.165618219473546802e+01,0.000000000000000000e+00
2.413229176266724352e+01,0.000000000000000000e+00
2.299283217033848814e+01,0.000000000000000000e+00
2.058288794975262803e+01,0.000000000000000000e+00
2.007448168020512469e+01,0.000000000000000000e+00
2.164010674217161778e+01,0.000000000000000000e+00
1.996038335101408023e+01,0.000000000000000000e+00
1.836448397449850489e+01,0.000000000000000000e+00
2.045923419869959758e+01,0.000000000000000000e+00
2.256252285967874016e+01,0.000000000000000000e+00
2.123890872405302233e+01,0.000000000000000000e+00
2.389024567329325777e+01,0.000000000000000000e+00
2.127825056802428705e+01,0.000000000000000000e+00
2.055087064470816571e+01,0.000000000000000000e+00
2.157734742247067672e+01,0.000000000000000000e+00
1.963995807060128840e+01,0.000000000000000000e+00
2.179724852667011703e+01,0.000000000000000000e+00
2.191223246704599248e+01,0.000000000000000000e+00
2.090887083996538465e+01,0.000000000000000000e+00
1.691346117253872450e+01,0.000000000000000000e+00
1.410324285283188495e+01,0.000000000000000000e+00
2.461573171684526429e+01,0.000000000000000000e+00
2.100406104275003827e+01,0.000000000000000000e+00
1.867295637475880454e+01,0.000000000000000000e+00
2.490873258881187979e+01,0.000000000000000000e+00
2.012534576932078068e+01,0.000000000000000000e+00
2.302269517077389693e+01,0.000000000000000000e+00
2.180278384794791791e+01,0.000000000000000000e+00
1.656581284640362028e+01,0.000000000000000000e+00
1.791406278879339808e+01,0.000000000000000000e+00
1.842803488469991890e+01,0.000000000000000000e+00
1.977342739239999503e+01,0.000000000000000000e+00
1.948040033024463114e+01,0.000000000000000000e+00
2.351420328736678655e+01,0.000000000000000000e+00
2.301055246660782672e+01,0.000000000000000000e+00
2.118718603009886436e+01,0.000000000000000000e+00
1.839437586219691312e+01,0.000000000000000000e+00
2.034073745445311232e+01,0.000000000000000000e+00
1.459221578869021130e+01,0.000000000000000000e+00
2.159397817582542345e+01,0.000000000000000000e+00
2.271756167541916582e+01,0.000000000000000000e+00
2.249630008681363336e+01,0.000000000000000000e+00
2.064328997163000778e+01,0.000000000000000000e+00
2.116966952891580789e+01,0.000000000000000000e+00
2.208813679047977985e+01,0.000000000000000000e+00
1.921103013371794788e+01,0.000000000000000000e+00
1.551249936980571320e+01,0.000000000000000000e+00
1.452667493984773017e+01,0.000000000000000000e+00
2.166334946790719584e+01,0.000000000000000000e+00
2.403930107206884870e+01,0.000000000000000000e+00
2.233938779952318399e+01,0.000000000000000000e+00
2.018885597774760754e+01,0.000000000000000000e+00
2.207036137309827950e+01,0.000000000000000000e+00
2.039572806604921951e+01,0.000000000000000000e+00
1.982589924086948940e+01,0.000000000000000000e+00
1.979838557772049867e+01,0.000000000000000000e+00
2.136352476670061051e+01,0.000000000000000000e+00
2.004510960855596835e+01,0.000000000000000000e+00
1.754239539733601561e+01,0.000000000000000000e+00
2.260032030598193131e+01,0.000000000000000000e+00
2.061200545315254828e+01,0.000000000000000000e+00
1.876637231839587372e+01,0.000000000000000000e+00
1.899226604483299852e+01,0.000000000000000000e+00
1.704329456300244772e+01,0.000000000000000000e+00
2.096306037927214305e+01,0.000000000000000000e+00
1.968497027067405369e+01,0.000000000000000000e+00
2.167729920151469969e+01,0.000000000000000000e+00
2.131342590978358587e+01,0.000000000000000000e+00
2.081664258714971183e+01,0.000000000000000000e+00
1.657990744683181461e+01,0.000000000000000000e+00
2.362567832428520376e+01,0.000000000000000000e+00
1.793017182047650948e+01,0.000000000000000000e+00
1.764904924620631732e+01,0.000000000000000000e+00
1.799979435417916207e+01,0.000000000000000000e+00
1.845813806174489002e+01,0.000000000000000000e+00
2.331985749414625175e+01,0.000000000000000000e+00
1.854863908920850690e+01,0.000000000000000000e+00
2.037432778635509933e+01,0.000000000000000000e+00
1.760063389642708387e+01,0.000000000000000000e+00
1.949669632679443865e+01,0.000000000000000000e+00
1.958129165949524975e+01,0.000000000000000000e+00
2.119468490346823941e+01,0.000000000000000000e+00
1.733173202265199464e+01,0.000000000000000000e+00
1.919060809713015558e+01,0.000000000000000000e+00
1.781537166410128492e+01,0.000000000000000000e+00
1.897865473199443542e+01,0.000000000000000000e+00
2.295859518548567380e+01,0.000000000000000000e+00
1.689666450532138597e+01,0.000000000000000000e+00
2.086634318824233603e+01,0.000000000000000000e+00
2.150646536777401963e+01,0.000000000000000000e+00
2.040945505078797240e+01,0.000000000000000000e+00
2.059245042348456778e+01,0.000000000000000000e+00
1.987826980431736601e+01,0.000000000000000000e+00
1.689554904108972622e+01,0.000000000000000000e+00
2.190487534541590975e+01,0.000000000000000000e+00
2.048178396553877434e+01,0.000000000000000000e+00
2.018202942150738366e+01,0.000000000000000000e+00
2.031081721757234604e+01,0.000000000000000000e+00
2.035812364409992270e+01,0.000000000000000000e+00
1.753850388858146303e+01,0.000000000000000000e+00
1.857108120083958624e+01,0.000000000000000000e+00
2.249884069778771689e+01,0.000000000000000000e+00
2.007797921168334554e+01,0.000000000000000000e+00
2.121433615998820343e+01,0.000000000000000000e+00
1.996469150963443795e+01,0.000000000000000000e+00
2.286681301066775518e+01,0.000000000000000000e+00
2.352083536662503604e+01,0.000000000000000000e+00
1.854207170109439673e+01,0.000000000000000000e+00
2.215753611202426754e+01,0.000000000000000000e+00
1.938436106688571314e+01,0.000000000000000000e+00
1.947722106274629184e+01,0.000000000000000000e+00
2.170211304312937273e+01,0.000000000000000000e+00
1.920929583133421303e+01,0.000000000000000000e+00
2.173625173179349446e+01,0.000000000000000000e+00
2.281512731618172296e+01,0.000000000000000000e+00
1.811749794988737250e+01,0.000000000000000000e+00
2.207339314699405008e+01,0.000000000000000000e+00
2.025491013985504551e+01,0.000000000000000000e+00
1.931032799362068175e+01,0.000000000000000000e+00
2.040101075163880751e+01,0.000000000000000000e+00
2.271693993004401335e+01,0.000000000000000000e+00
1.727262839528581395e+01,0.000000000000000000e+00
2.008696342088887477e+01,0.000000000000000000e+00
1.633220434903194729e+01,0.000000000000000000e+00
1.972123934913340548e+01,0.000000000000000000e+00
2.186001829055567569e+01,0.000000000000000000e+00
2.248513926544284303e+01,0.000000000000000000e+00
2.097793746359671374e+01,0.000000000000000000e+00
1.992909805929347655e+01,0.000000000000000000e+00
1.755507426625492684e+01,0.000000000000000000e+00
2.103361392210768699e+01,0.000000000000000000e+00
2.321134984580901772e+01,0.000000000000000000e+00
2.022256024229911375e+01,0.000000000000000000e+00
2.155794882148587988e+01,0.000000000000000000e+00
2.110860993843942879e+01,0.000000000000000000e+00
2.242507723158678345e+01,0.000000000000000000e+00
2.120910221629549142e+01,0.000000000000000000e+00
1.886280074386663941e+01,0.000000000000000000e+00
1.779211237025546311e+01,0.000000000000000000e+00
1.841689232985850566e+01,0.000000000000000000e+00
2.405793336092329682e+01,0.000000000000000000e+00
1.834006650699772223e+01,0.000000000000000000e+00
1.986330842489493520e+01,0.000000000000000000e+00
2.603413850546115782e+01,0.000000000000000000e+00
1.569888115936086592e+01,0.000000000000000000e+00
2.479715206242259384e+01,0.000000000000000000e+00
2.054452515888726083e+01,0.000000000000000000e+00
2.424917738416305468e+01,0.000000000000000000e+00
2.227988130415344514e+01,0.000000000000000000e+00
1.862607461973246004e+01,0.000000000000000000e+00
1.747226431859332507e+01,0.000000000000000000e+00
2.044029074135942281e+01,0.000000000000000000e+00
1.863393369392755616e+01,0.000000000000000000e+00
1.941018695764821800e+01,0.000000000000000000e+00
2.166037132596533965e+01,0.000000000000000000e+00
2.025048288521588802e+01,0.000000000000000000e+00
2.046188499266646232e+01,0.000000000000000000e+00
2.164730936434528985e+01,0.000000000000000000e+00
1.889796738605970106e+01,0.000000000000000000e+00
2.332372597098372680e+01,0.000000000000000000e+00
1.831963093211722793e+01,0.000000000000000000e+00
2.050594183834517992e+01,0.000000000000000000e+00
1.827440396207586204e+01,0.000000000000000000e+00
1.894329615335449191e+01,0.000000000000000000e+00
1.655079928761034225e+01,0.000000000000000000e+00
2.057090594785938720e+01,0.000000000000000000e+00
1.740305191778889338e+01,0.000000000000000000e+00
2.203590757493722307e+01,0.000000000000000000e+00
1.794769146108397706e+01,0.000000000000000000e+00
2.120737177334001444e+01,0.000000000000000000e+00
1.992455684056827891e+01,0.000000000000000000e+00
1.844520398505038727e+01,0.000000000000000000e+00
1.978060223403663187e+01,0.000000000000000000e+00
2.056961441526458856e+01,0.000000000000000000e+00
2.018904444934016951e+01,0.000000000000000000e+00
2.351453090533470913e+01,0.000000000000000000e+00
2.030166946268967365e+01,0.000000000000000000e+00
2.017103638386683784e+01,0.000000000000000000e+00
2.146530655366420248e+01,0.000000000000000000e+00
1.941359298997694793e+01,0.000000000000000000e+00
2.047574067736549353e+01,0.000000000000000000e+00
2.097319483270676699e+01,0.000000000000000000e+00
1.713584399342957454e+01,0.000000000000000000e+00
2.035432612495693050e+01,0.000000000000000000e+00
2.083379160369431915e+01,0.000000000000000000e+00
2.191907712874693814e+01,0.000000000000000000e+00
2.007506683873398146e+01,0.000000000000000000e+00
2.590493173570399321e+01,0.000000000000000000e+00
2.058360049451069429e+01,0.000000000000000000e+00
1.878186448781661966e+01,0.000000000000000000e+00
2.122887181427353909e+01,0.000000000000000000e+00
1.979433047634020326e+01,0.000000000000000000e+00
1.778014670243143769e+01,0.000000000000000000e+00
2.307465847143473070e+01,0.000000000000000000e+00
1.802575687376846503e+01,0.000000000000000000e+00
2.124790020497463061e+01,0.000000000000000000e+00
2.044369129595143164e+01,0.000000000000000000e+00
2.233729991871361165e+01,0.000000000000000000e+00
2.067949035532148372e+01,0.000000000000000000e+00
1.834544270014631806e+01,0.000000000000000000e+00
2.232867594190194183e+01,0.000000000000000000e+00
2.095075284106490443e+01,0.000000000000000000e+00
1.968266776500030346e+01,0.000000000000000000e+00
2.322593685022085452e+01,0.000000000000000000e+00
2.332389481693031641e+01,0.000000000000000000e+00
1.819384493920007628e+01,0.000000000000000000e+00
2.325329167269187991e+01,0.000000000000000000e+00
2.016927105488466765e+01,0.000000000000000000e+00
2.501861104754442522e+01,0.000000000000000000e+00
2.330762679183539632e+01,0.000000000000000000e+00
2.215808043046816422e+01,0.000000000000000000e+00
2.385537457325628452e+01,0.000000000000000000e+00
1.835727499067772683e+01,0.000000000000000000e+00
2.507984955699844676e+01,0.000000000000000000e+00
1.750470914529760691e+01,0.000000000000000000e+00
2.138520779862018983e+01,0.000000000000000000e+00
2.267789295006865302e+01,0.000000000000000000e+00
2.230570845491173060e+01,0.000000000000000000e+00
1.682662395911865616e+01,0.000000000000000000e+00
2.210584123614352947e+01,0.000000000000000000e+00
2.077085815843604166e+01,0.000000000000000000e+00
2.044900569256228451e+01,0.000000000000000000e+00
2.190210163054795700e+01,0.000000000000000000e+00
2.111659330469993634e+01,0.000000000000000000e+00
1.604559436370755066e+01,0.000000000000000000e+00
1.827878344530114774e+01,0.000000000000000000e+00
2.092023098986307872e+01,0.000000000000000000e+00
1.961899507474346649e+01,0.000000000000000000e+00
2.478944247009929214e+01,0.000000000000000000e+00
1.975037893202686234e+01,0.000000000000000000e+00
2.195403186722340649e+01,0.000000000000000000e+00
2.139709255198497573e+01,0.000000000000000000e+00
1.986660220314711367e+01,0.000000000000000000e+00
2.095894470823251510e+01,0.000000000000000000e+00
2.173045685802139459e+01,0.000000000000000000e+00
2.014638605309017194e+01,0.000000000000000000e+00
1.868149632434279539e+01,0.000000000000000000e+00
2.073430994683747386e+01,0.000000000000000000e+00
2.169183356095853910e+01,0.000000000000000000e+00
2.259543691388081044e+01,0.000000000000000000e+00
2.022695730206361375e+01,0.000000000000000000e+00
1.868043516487111333e+01,0.000000000000000000e+00
2.514299190714286780e+01,0.000000000000000000e+00
2.165078464579205431e+01,0.000000000000000000e+00
2.015205083301628974e+01,0.000000000000000000e+00
2.087786027865983129e+01,0.000000000000000000e+00
2.107857288438603405e+01,0.000000000000000000e+00
2.181470770304747475e+01,0.000000000000000000e+00
2.090478232519932789e+01,0.000000000000000000e+00
2.199458172770915709e+01,0.000000000000000000e+00
1.997847952253181347e+01,0.000000000000000000e+00
2.410833267972666150e+01,0.000000000000000000e+00
2.105890146734070001e+01,0.000000000000000000e+00
2.080628376746348707e+01,0.000000000000000000e+00
2.147126110588294168e+01,0.000000000000000000e+00
2.118079048696917610e+01,0.000000000000000000e+00
2.068156112777145950e+01,0.000000000000000000e+00
2.345719654978318047e+01,0.000000000000000000e+00
2.127568394111123951e+01,0.000000000000000000e+00
2.754611537039899005e+01,0.000000000000000000e+00
1.951469627859582445e+01,0.000000000000000000e+00
2.126414391339947940e+01,0.000000000000000000e+00
2.351565818912241923e+01,0.000000000000000000e+00
2.235879614718767172e+01,0.000000000000000000e+00
2.023123632369830460e+01,0.000000000000000000e+00
2.194511370671296646e+01,0.000000000000000000e+00
2.192540179016922153e+01,0.000000000000000000e+00
2.436845283988351696e+01,0.000000000000000000e+00
2.029066901572330295e+01,0.000000000000000000e+00
2.661225739714896577e+01,0.000000000000000000e+00
2.147774589817536750e+01,0.000000000000000000e+00
1.834933730718775990e+01,0.000000000000000000e+00
2.665623326523010306e+01,0.000000000000000000e+00
2.532359390698132628e+01,0.000000000000000000e+00
2.238615711668098029e+01,0.000000000000000000e+00
2.506564498186007839e+01,0.000000000000000000e+00
2.611897377628135430e+01,0.000000000000000000e+00
2.163578817360978235e+01,0.000000000000000000e+00
2.329847462478971565e+01,0.000000000000000000e+00
2.506153340558806164e+01,0.000000000000000000e+00
2.562852826523503325e+01,0.000000000000000000e+00
2.148719362113229181e+01,0.000000000000000000e+00
2.371621238073873883e+01,0.000000000000000000e+00
2.180606042809566603e+01,0.000000000000000000e+00
2.384440229223528362e+01,0.000000000000000000e+00
2.265336418648803374e+01,0.000000000000000000e+00
2.402221940756469110e+01,0.000000000000000000e+00
2.292023453554282142e+01,0.000000000000000000e+00
2.259032857113145809e+01,0.000000000000000000e+00
2.066541488647127167e+01,0.000000000000000000e+00
2.093631927030736861e+01,0.000000000000000000e+00
2.970152524375378178e+01,0.000000000000000000e+00
2.634171652611703252e+01,0.000000000000000000e+00
2.079435688694463735e+01,0.000000000000000000e+00
2.433251537703466738e+01,0.000000000000000000e+00
2.373629366710703437e+01,0.000000000000000000e+00
2.386676780980371504e+01,0.000000000000000000e+00
2.494510725022270847e+01,0.000000000000000000e+00
2.245006025130757266e+01,0.000000000000000000e+00
2.897453066106747599e+01,0.000000000000000000e+00
2.599587947733109417e+01,0.000000000000000000e+00
2.107895431980944068e+01,0.000000000000000000e+00
2.603869532566222489e+01,0.000000000000000000e+00
2.540466587798151110e+01,0.000000000000000000e+00
2.428441021471597949e+01,0.000000000000000000e+00
2.435860730525803319e+01,0.000000000000000000e+00
2.380836684535852044e+01,0.000000000000000000e+00
2.163521864072652079e+01,0.000000000000000000e+00
2.374621433687095262e+01,0.000000000000000000e+00
2.355247951985759869e+01,0.000000000000000000e+00
2.420827249429484951e+01,0.000000000000000000e+00
2.143859319722406553e+01,0.000000000000000000e+00
2.455225539644798616e+01,0.000000000000000000e+00
2.545759240515674193e+01,0.000000000000000000e+00
2.459006416926489536e+01,0.000000000000000000e+00
2.357685014081734920e+01,0.000000000000000000e+00
2.646693897926981265e+01,0.000000000000000000e+00
2.640221686540781221e+01,0.000000000000000000e+00
2.703135274889567086e+01,0.000000000000000000e+00
2.153874441126110284e+01,0.000000000000000000e+00
2.390514449648612683e+01,0.000000000000000000e+00
2.354543343079035722e+01,0.000000000000000000e+00
2.322116318890496700e+01,0.000000000000000000e+00
2.462210822779050901e+01,0.000000000000000000e+00
2.631267335277054897e+01,0.000000000000000000e+00
2.388978910009105405e+01,0.000000000000000000e+00
2.267313317387879223e+01,0.000000000000000000e+00
2.685556646467389896e+01,0.000000000000000000e+00
2.730780980247782708e+01,0.000000000000000000e+00
2.562300427718408713e+01,0.000000000000000000e+00
2.419212708217283847e+01,0.000000000000000000e+00
2.452550301170697011e+01,0.000000000000000000e+00
2.317623421528418604e+01,0.000000000000000000e+00
2.400202004976071990e+01,0.000000000000000000e+00
2.767161504288897333e+01,0.000000000000000000e+00
2.517343011628549121e+01,0.000000000000000000e+00
2.745653269311278422e+01,0.000000000000000000e+00
2.767784347669520884e+01,0.000000000000000000e+00
2.417048214122451100e+01,0.000000000000000000e+00
2.840045984333442775e+01,0.000000000000000000e+00
2.556469052934657071e+01,0.000000000000000000e+00
2.433322632827266574e+01,0.000000000000000000e+00
2.748675825134673190e+01,0.000000000000000000e+00
2.472314413139183387e+01,0.000000000000000000e+00
2.557289328932597883e+01,0.000000000000000000e+00
2.429950190090812967e+01,0.000000000000000000e+00
2.451545049784687080e+01,0.000000000000000000e+00
2.512459791661601827e+01,0.000000000000000000e+00
2.706054409133319893e+01,0.000000000000000000e+00
2.620133491175670315e+01,0.000000000000000000e+00
2.789092401107035002e+01,0.000000000000000000e+00
2.633108499669813085e+01,0.000000000000000000e+00
2.503492092717248951e+01,0.000000000000000000e+00
2.244733181015668677e+01,0.000000000000000000e+00
2.656156652646939520e+01,0.000000000000000000e+00
2.603344242379731099e+01,0.000000000000000000e+00
2.828412199990519582e+01,0.000000000000000000e+00
2.535891043411089640e+01,0.000000000000000000e+00
2.438447577157915447e+01,0.000000000000000000e+00
2.370515491342373338e+01,0.000000000000000000e+00
2.803499742777550097e+01,0.000000000000000000e+00
2.547005919499361326e+01,0.000000000000000000e+00
2.918180002727612532e+01,0.000000000000000000e+00
2.537730884067910964e+01,0.000000000000000000e+00
2.290278080057414201e+01,0.000000000000000000e+00
2.358823080000537331e+01,0.000000000000000000e+00
2.829195339034370704e+01,0.000000000000000000e+00
2.917072291524786465e+01,0.000000000000000000e+00
2.387257188430652377e+01,0.000000000000000000e+00
2.484322166258289855e+01,0.000000000000000000e+00
2.927216658927687831e+01,0.000000000000000000e+00
2.941623158795196247e+01,0.000000000000000000e+00
2.642902626658305820e+01,0.000000000000000000e+00
2.743234185116680379e+01,0.000000000000000000e+00
2.748296182135814902e+01,0.000000000000000000e+00
2.961405166204216144e+01,0.000000000000000000e+00
2.538014079908217013e+01,0.000000000000000000e+00
3.170707226160075720e+01,0.000000000000000000e+00
2.532050554686927057e+01,0.000000000000000000e+00
2.903275056594266701e+01,0.000000000000000000e+00
2.668962414464938604e+01,0.000000000000000000e+00
2.595023414634267311e+01,0.000000000000000000e+00
2.955032976992590932e+01,0.000000000000000000e+00
2.165327528733718054e+01,0.000000000000000000e+00
2.619176832077568307e+01,0.000000000000000000e+00
2.517968612359142710e+01,0.000000000000000000e+00
2.576642641800769340e+01,0.000000000000000000e+00
2.913448207192707429e+01,0.000000000000000000e+00
2.599408555574837010e+01,0.000000000000000000e+00
2.931005726577295079e+01,0.000000000000000000e+00
2.765195178596189152e+01,0.000000000000000000e+00
2.695756672975404200e+01,0.000000000000000000e+00
2.656953112346313617e+01,0.000000000000000000e+00
2.776099774250161900e+01,0.000000000000000000e+00
2.715483213137294172e+01,0.000000000000000000e+00
3.113053382776791622e+01,0.000000000000000000e+00
2.900237072556591755e+01,0.000000000000000000e+00
2.626437811314922754e+01,0.000000000000000000e+00
2.731242910866689755e+01,0.000000000000000000e+00
2.656840263843148264e+01,0.000000000000000000e+00
2.815089560661061441e+01,0.000000000000000000e+00
2.635627780291361333e+01,0.000000000000000000e+00
3.085760670026978048e+01,0.000000000000000000e+00
2.837506086760799917e+01,0.000000000000000000e+00
2.856094019963463282e+01,0.000000000000000000e+00
2.970320445993556291e+01,0.000000000000000000e+00
2.828593787061724996e+01,0.000000000000000000e+00
2.652195704543950328e+01,0.000000000000000000e+00
2.692429428445772288e+01,0.000000000000000000e+00
3.163373563505345842e+01,0.000000000000000000e+00
2.686807931748684553e+01,0.000000000000000000e+00
2.988931220978341585e+01,0.000000000000000000e+00
3.103566535886397659e+01,0.000000000000000000e+00
2.921156596977128928e+01,0.000000000000000000e+00
2.984818312625806058e+01,0.000000000000000000e+00
2.477918206035769089e+01,0.000000000000000000e+00
2.873556879843791378e+01,0.000000000000000000e+00
2.855509729200521818e+01,0.000000000000000000e+00
2.936539916227017599e+01,0.000000000000000000e+00
2.982808480617688573e+01,0.000000000000000000e+00
2.752124979144219097e+01,0.000000000000000000e+00
3.006863344283779682e+01,0.000000000000000000e+00
3.126544431228645138e+01,0.000000000000000000e+00
2.973854631234019408e+01,0.000000000000000000e+00
2.572310717727088303e+01,0.000000000000000000e+00
3.061315284843415085e+01,0.000000000000000000e+00
2.903368619054365851e+01,0.000000000000000000e+00
2.597531468894659668e+01,0.000000000000000000e+00
3.001541674616219879e+01,0.000000000000000000e+00
2.770105166475313752e+01,0.000000000000000000e+00
3.140342049210530107e+01,0.000000000000000000e+00
3.087201304658272250e+01,0.000000000000000000e+00
3.001942333750588787e+01,0.000000000000000000e+00
2.874100374524844526e+01,0.000000000000000000e+00
2.915802384830820415e+01,0.000000000000000000e+00
3.013808119255212503e+01,0.000000000000000000e+00
2.864369378438703606e+01,0.000000000000000000e+00
3.054265002050161115e+01,0.000000000000000000e+00
3.019514999754852269e+01,0.000000000000000000e+00
3.042865680570247022e+01,0.000000000000000000e+00
2.906338479854006351e+01,0.000000000000000000e+00
2.851692546472729717e+01,0.000000000000000000e+00
2.831287242077353383e+01,0.000000000000000000e+00
2.999380778541493342e+01,0.000000000000000000e+00
3.149598133194334437e+01,0.000000000000000000e+00
3.716677932977749776e+01,0.000000000000000000e+00
3.523021254683501979e+01,0.000000000000000000e+00
2.897667905847009706e+01,0.000000000000000000e+00
2.954623378370203568e+01,0.000000000000000000e+00
3.165892244661829480e+01,0.000000000000000000e+00
3.386346766791776730e+01,0.000000000000000000e+00
3.079330311867959580e+01,0.000000000000000000e+00
3.416000202332190838e+01,0.000000000000000000e+00
2.796515037654629054e+01,0.000000000000000000e+00
3.312422521449241941e+01,0.000000000000000000e+00
3.450823894477337461e+01,0.000000000000000000e+00
3.172223929974911272e+01,0.000000000000000000e+00
2.947816547656137587e+01,0.000000000000000000e+00
3.550624586305855246e+01,0.000000000000000000e+00
3.439796096812128212e+01,0.000000000000000000e+00
3.197411157965924033e+01,0.000000000000000000e+00
3.149113537422081066e+01,0.000000000000000000e+00
2.928950994407076180e+01,0.000000000000000000e+00
3.003174244821029149e+01,0.000000000000000000e+00
2.881312285172202792e+01,0.000000000000000000e+00
3.376338959884596846e+01,0.000000000000000000e+00
3.229381524326596065e+01,0.000000000000000000e+00
3.239762987461421062e+01,0.000000000000000000e+00
3.084699972855367989e+01,0.000000000000000000e+00
3.325455380268545724e+01,0.000000000000000000e+00
3.321031480421576987e+01,0.000000000000000000e+00
3.523356550556400180e+01,0.000000000000000000e+00
3.645428484282545867e+01,0.000000000000000000e+00
3.426315909822753270e+01,0.000000000000000000e+00
2.984134915931207743e+01,0.000000000000000000e+00
3.564400244480601998e+01,0.000000000000000000e+00
3.270401141827373692e+01,0.000000000000000000e+00
3.228023788150872520e+01,0.000000000000000000e+00
3.370613942040364464e+01,0.000000000000000000e+00
3.706443584821223425e+01,0.000000000000000000e+00
3.331872752390787440e+01,0.000000000000000000e+00
3.712231216169156056e+01,0.000000000000000000e+00
2.976007203221266195e+01,0.000000000000000000e+00
3.736939144336605523e+01,0.000000000000000000e+00
3.367806351921973373e+01,0.000000000000000000e+00
3.122050173165768072e+01,0.000000000000000000e+00
3.309480836022930816e+01,0.000000000000000000e+00
3.457194790450755306e+01,0.000000000000000000e+00
3.137661217729057128e+01,0.000000000000000000e+00
3.123459202767264387e+01,0.000000000000000000e+00
3.203600711145541169e+01,0.000000000000000000e+00
3.585817271894337210e+01,0.000000000000000000e+00
3.260613653655271094e+01,0.000000000000000000e+00
3.251267014039743941e+01,0.000000000000000000e+00
3.509374574299818050e+01,0.000000000000000000e+00
3.538502675944197762e+01,0.000000000000000000e+00
3.794465062441324221e+01,0.000000000000000000e+00
3.497686953060744486e+01,0.000000000000000000e+00
3.895330894402012945e+01,0.000000000000000000e+00
3.621721475604933005e+01,0.000000000000000000e+00
3.582908247064022333e+01,0.000000000000000000e+00
3.572909187033313572e+01,0.000000000000000000e+00
3.798774711692519190e+01,0.000000000000000000e+00
3.467441919480359047e+01,0.000000000000000000e+00
3.585346761455246423e+01,0.000000000000000000e+00
3.607988240347262376e+01,0.000000000000000000e+00
3.588501021883587327e+01,0.000000000000000000e+00
3.650122737425208896e+01,0.000000000000000000e+00
3.561390403230655011e+01,0.000000000000000000e+00
3.562352857812907558e+01,0.000000000000000000e+00
3.131223505879042435e+01,0.000000000000000000e+00
3.549459563820540353e+01,0.000000000000000000e+00
3.403696519427282396e+01,0.000000000000000000e+00
3.469422246220938888e+01,0.000000000000000000e+00
3.778324029006861196e+01,0.000000000000000000e+00
3.573185637624968081e+01,0.000000000000000000e+00
3.859464098510509444e+01,0.000000000000000000e+00
3.754084523275699325e+01,0.000000000000000000e+00
3.500125565767064018e+01,0.000000000000000000e+00
3.497342634534599881e+01,0.000000000000000000e+00
3.514994419805908166e+01,0.000000000000000000e+00
3.744471615337801040e+01,0.000000000000000000e+00
3.610373024696981048e+01,0.000000000000000000e+00
3.497295194662581963e+01,0.000000000000000000e+00
3.590511159220383774e+01,0.000000000000000000e+00
3.441649159535698033e+01,0.000000000000000000e+00
3.625866149407958972e+01,0.000000000000000000e+00
3.258781462910719995e+01,0.000000000000000000e+00
3.713712529325567857e+01,0.000000000000000000e+00
3.881793822173084862e+01,0.000000000000000000e+00
3.490078664522803820e+01,0.000000000000000000e+00
3.577588990330359309e+01,0.000000000000000000e+00
3.897000550413959274e+01,0.000000000000000000e+00
3.956553059203508127e+01,0.000000000000000000e+00
3.984669064856178977e+01,0.000000000000000000e+00
3.601193836458858044e+01,0.000000000000000000e+00
3.485944321398548595e+01,0.000000000000000000e+00
3.982682802645065578e+01,0.000000000000000000e+00
3.905713544420654415e+01,0.000000000000000000e+00
3.898888416481108976e+01,0.000000000000000000e+00
3.919277640640486027e+01,0.000000000000000000e+00
3.865908403453333619e+01,0.000000000000000000e+00
3.785525727444481703e+01,0.000000000000000000e+00
4.111937911797440393e+01,0.000000000000000000e+00
3.689938568509030148e+01,0.000000000000000000e+00
3.849512243964097991e+01,0.000000000000000000e+00
3.616537681990760689e+01,0.000000000000000000e+00
3.952871091271001092e+01,0.000000000000000000e+00
3.513627482794370849e+01,0.000000000000000000e+00
3.918613219082258325e+01,0.000000000000000000e+00
3.887264577271015753e+01,0.000000000000000000e+00
3.880777378396815891e+01,0.000000000000000000e+00
3.771097022583327174e+01,0.000000000000000000e+00
3.815221238093715073e+01,0.000000000000000000e+00
3.743569690831684227e+01,0.000000000000000000e+00
3.739927448309585856e+01,0.000000000000000000e+00
3.726315556024407982e+01,0.000000000000000000e+00
3.981616592652675735e+01,0.000000000000000000e+00
4.095798671410990721e+01,0.000000000000000000e+00
4.138824934187713467e+01,0.000000000000000000e+00
4.171147915352066349e+01,0.000000000000000000e+00
4.183219501368191118e+01,0.000000000000000000e+00
3.699456777303954880e+01,0.000000000000000000e+00
3.861708194948192130e+01,0.000000000000000000e+00
3.974917514756904779e+01,0.000000000000000000e+00
3.855567183688096122e+01,0.000000000000000000e+00
3.856511265766560825e+01,0.000000000000000000e+00
4.236598725574953050e+01,0.000000000000000000e+00
4.046584733589093474e+01,0.000000000000000000e+00
4.072755618080186935e+01,0.000000000000000000e+00
4.044372740238808461e+01,0.000000000000000000e+00
3.868624006230108137e+01,0.000000000000000000e+00
3.805917367966456055e+01,0.000000000000000000e+00
4.278613441936856532e+01,0.000000000000000000e+00
3.878117216501299680e+01,0.000000000000000000e+00
3.955274460432462291e+01,0.000000000000000000e+00
4.002452931566533323e+01,0.000000000000000000e+00
4.303151214631313337e+01,0.000000000000000000e+00
4.153163333214569519e+01,0.000000000000000000e+00
3.955717930256552251e+01,0.000000000000000000e+00
4.395442657383524931e+01,0.000000000000000000e+00
4.305908652333788211e+01,0.000000000000000000e+00
3.978762025516893175e+01,0.000000000000000000e+00
4.277677550516283134e+01,0.000000000000000000e+00
4.232216211440463383e+01,0.000000000000000000e+00
3.887490065007338558e+01,0.000000000000000000e+00
4.037008456843735615e+01,0.000000000000000000e+00
3.929526177919767349e+01,0.000000000000000000e+00
4.093246447403679866e+01,0.000000000000000000e+00
4.097407478988466778e+01,0.000000000000000000e+00
3.825872196442364981e+01,0.000000000000000000e+00
4.253327417135465538e+01,0.000000000000000000e+00
4.168188917357764467e+01,0.000000000000000000e+00
4.046987156410141750e+01,0.000000000000000000e+00
4.502360338610261437e+01,0.000000000000000000e+00
4.507059099036003857e+01,0.000000000000000000e+00
3.811039452594600618e+01,0.000000000000000000e+00
4.480524472163430971e+01,0.000000000000000000e+00
4.471147311819734682e+01,0.000000000000000000e+00
4.184848185349611782e+01,0.000000000000000000e+00
4.253257466940987541e+01,0.000000000000000000e+00
4.164481486188550008e+01,0.000000000000000000e+00
4.042160019488198230e+01,0.000000000000000000e+00
4.088398509397014635e+01,0.000000000000000000e+00
4.728762379352321688e+01,0.000000000000000000e+00
4.068187077754354419e+01,0.000000000000000000e+00
4.340258418615267999e+01,0.000000000000000000e+00
4.186722872823192176e+01,0.000000000000000000e+00
4.646583900942651724e+01,0.000000000000000000e+00
4.544761202267598321e+01,0.000000000000000000e+00
4.462654338458440861e+01,0.000000000000000000e+00
4.300659866908350182e+01,0.000000000000000000e+00
4.685199576743600858e+01,0.000000000000000000e+00
4.821598510459251941e+01,0.000000000000000000e+00
4.551982859098815482e+01,0.000000000000000000e+00
4.764422923239628460e+01,0.000000000000000000e+00
4.223491262903416299e+01,0.000000000000000000e+00
4.670831954948940989e+01,0.000000000000000000e+00
4.350135438286773848e+01,0.000000000000000000e+00
4.344608312084402968e+01,0.000000000000000000e+00
4.522096161619032273e+01,0.000000000000000000e+00
4.672701026094083687e+01,0.000000000000000000e+00
4.558935461356309560e+01,0.000000000000000000e+00
4.070122394094850904e+01,0.000000000000000000e+00
4.379206142078282937e+01,0.000000000000000000e+00
4.072492682101134420e+01,0.000000000000000000e+00
4.816912306752502104e+01,0.000000000000000000e+00
4.125196633767284027e+01,0.000000000000000000e+00
4.562721615402416830e+01,0.000000000000000000e+00
4.443421512910719429e+01,0.000000000000000000e+00
4.457988675978229764e+01,0.000000000000000000e+00
4.197361555012974321e+01,0.000000000000000000e+00
4.612565561980859741e+01,0.000000000000000000e+00
4.859975802709170267e+01,0.000000000000000000e+00
4.428750596026630149e+01,0.000000000000000000e+00
4.353945341446556228e+01,0.000000000000000000e+00
4.703097255760549444e+01,0.000000000000000000e+00
4.499125127475723218e+01,0.000000000000000000e+00
5.172830828455168728e+01,0.000000000000000000e+00
4.781627924684209319e+01,0.000000000000000000e+00
4.586527542635006682e+01,0.000000000000000000e+00
4.499200282304384046e+01,0.000000000000000000e+00
4.513716493688306031e+01,0.000000000000000000e+00
4.333228520475427814e+01,0.000000000000000000e+00
4.470815143425503635e+01,0.000000000000000000e+00
4.696832575873053628e+01,0.000000000000000000e+00
4.814443653021236713e+01,0.000000000000000000e+00
4.906945560815365326e+01,0.000000000000000000e+00
5.115615106205781615e+01,0.000000000000000000e+00
4.665045657257869038e+01,0.000000000000000000e+00
4.443979169873841073e+01,0.000000000000000000e+00
4.983572796619416323e+01,0.000000000000000000e+00
4.619099416408100467e+01,0.000000000000000000e+00
4.878474861449675615e+01,0.000000000000000000e+00
4.554324646470080040e+01,0.000000000000000000e+00
4.891927656035542782e+01,0.000000000000000000e+00
4.851307005035629061e+01,0.000000000000000000e+00
4.565102252636855695e+01,0.000000000000000000e+00
4.610083297383818746e+01,0.000000000000000000e+00
4.428479504512507248e+01,0.000000000000000000e+00
4.514596479992480482e+01,0.000000000000000000e+00
4.845824942693744930e+01,0.000000000000000000e+00
4.897114069246988777e+01,0.000000000000000000e+00
4.901011616403152971e+01,0.000000000000000000e+00
4.504165525330465414e+01,0.000000000000000000e+00
4.940437583132833055e+01,0.000000000000000000e+00
5.337073403760806656e+01,0.000000000000000000e+00
4.922360564907037883e+01,0.000000000000000000e+00
5.350238983975072671e+01,0.000000000000000000e+00
4.584176954077194210e+01,0.000000000000000000e+00
5.149288933515063604e+01,0.000000000000000000e+00
5.172649076932520984e+01,0.000000000000000000e+00
4.770571473981878086e+01,0.000000000000000000e+00
5.012029722998003933e+01,0.000000000000000000e+00
4.557135289689131952e+01,0.000000000000000000e+00
4.670418906600608722e+01,0.000000000000000000e+00
4.980540691456880609e+01,0.000000000000000000e+00
4.805995172777485180e+01,0.000000000000000000e+00
5.146565630989585571e+01,0.000000000000000000e+00
4.682191117868531194e+01,0.000000000000000000e+00
4.961731810742880100e+01,0.000000000000000000e+00
4.884363747272299605e+01,0.000000000000000000e+00
4.838792976068202734e+01,0.000000000000000000e+00
4.985566416310221882e+01,0.000000000000000000e+00
4.755307355578369766e+01,0.000000000000000000e+00
4.787090187399449093e+01,0.000000000000000000e+00
4.903948916758709942e+01,0.000000000000000000e+00
4.751756951165850040e+01,0.000000000000000000e+00
4.808494872470508597e+01,0.000000000000000000e+00
4.847519398499361643e+01,0.000000000000000000e+00
4.857538488490384765e+01,0.000000000000000000e+00
4.916921944365532937e+01,0.000000000000000000e+00
4.964816914173113105e+01,0.000000000000000000e+00
5.052053372454487601e+01,0.000000000000000000e+00
5.027198339380741743e+01,0.000000000000000000e+00
5.165900735984622116e+01,0.000000000000000000e+00
5.316545823900484180e+01,0.000000000000000000e+00
4.421618669808316326e+01,0.000000000000000000e+00
4.974761370121400006e+01,0.000000000000000000e+00
5.059659540505196418e+01,0.000000000000000000e+00
5.149240760632716984e+01,0.000000000000000000e+00
5.178791923205583458e+01,0.000000000000000000e+00
5.165992478126656096e+01,0.000000000000000000e+00
4.964706288043044680e+01,0.000000000000000000e+00
5.182001769866382546e+01,0.000000000000000000e+00
5.436185603279160716e+01,0.000000000000000000e+00
5.310185060344080910e+01,0.000000000000000000e+00
4.967728595437392158e+01,0.000000000000000000e+00
5.050106025681704836e+01,0.000000000000000000e+00
5.343667907535495232e+01,0.000000000000000000e+00
5.063385072217392491e+01,0.000000000000000000e+00
5.270657544854109489e+01,0.000000000000000000e+00
5.130474467351006496e+01,0.000000000000000000e+00
5.184790440172483983e+01,0.000000000000000000e+00
5.477442974620359450e+01,0.000000000000000000e+00
5.290537984275180605e+01,0.000000000000000000e+00
5.465124507235955775e+01,0.000000000000000000e+00
5.145098636219935173e+01,0.000000000000000000e+00
5.207041070300857655e+01,0.000000000000000000e+00
5.319779450192029202e+01,0.000000000000000000e+00
5.211742409701410139e+01,0.000000000000000000e+00
5.199919962608760926e+01,0.000000000000000000e+00
5.277782152333186616e+01,0.000000000000000000e+00
5.315919324047966654e+01,0.000000000000000000e+00
5.358381932013477922e+01,0.000000000000000000e+00
5.476173608177614938e+01,0.000000000000000000e+00
5.416711901498809567e+01,0.000000000000000000e+00
5.272761508249504914e+01,0.000000000000000000e+00
5.253070338373697012e+01,0.000000000000000000e+00
5.256960747321961236e+01,0.000000000000000000e+00
5.159152534560810466e+01,0.000000000000000000e+00
5.115838760009643238e+01,0.000000000000000000e+00
5.576660852308339145e+01,0.000000000000000000e+00
5.696902591113514092e+01,0.000000000000000000e+00
5.181098889199220281e+01,0.000000000000000000e+00
5.420038409387481693e+01,0.000000000000000000e+00
5.362319155697807815e+01,0.000000000000000000e+00
5.239365659203028969e+01,0.000000000000000000e+00
5.129017057697493698e+01,0.000000000000000000e+00
5.397109917263691869e+01,0.000000000000000000e+00
5.764879268854100758e+01,0.000000000000000000e+00
5.532209977984116023e+01,0.000000000000000000e+00
5.822026497677693158e+01,0.000000000000000000e+00
5.298638307164473105e+01,0.000000000000000000e+00
5.403545406655319994e+01,0.000000000000000000e+00
5.798992916677068621e+01,0.000000000000000000e+00
5.589059448165325250e+01,0.000000000000000000e+00
5.267617707536555827e+01,0.000000000000000000e+00
5.565197209344503193e+01,0.000000000000000000e+00
5.274704813286597727e+01,0.000000000000000000e+00
5.530470038851868253e+01,0.000000000000000000e+00
5.678406955192105698e+01,0.000000000000000000e+00
5.449007394638348245e+01,0.000000000000000000e+00
5.673215092268508641e+01,0.000000000000000000e+00
5.505438088665539453e+01,0.000000000000000000e+00
5.429581979338904318e+01,0.000000000000000000e+00
5.664451970000036596e+01,0.000000000000000000e+00
5.383199398646966216e+01,0.000000000000000000e+00
5.571907622357809942e+01,0.000000000000000000e+00
5.442474269935518549e+01,0.000000000000000000e+00
5.501426237752112058e+01,0.000000000000000000e+00
5.580277183500284366e+01,0.000000000000000000e+00
5.843783686429988222e+01,0.000000000000000000e+00
5.205275767556447164e+01,0.000000000000000000e+00
5.619289937285871162e+01,0.000000000000000000e+00
5.346843885540500452e+01,0.000000000000000000e+00
5.800864279799720435e+01,0.000000000000000000e+00
5.901246136265302056e+01,0.000000000000000000e+00
5.698533095319906749e+01,0.000000000000000000e+00
5.435640892035672778e+01,0.000000000000000000e+00
5.507361486194517397e+01,0.000000000000000000e+00
5.680588925571736780e+01,0.000000000000000000e+00
5.495962286677831798e+01,0.000000000000000000e+00
5.543872201994722104e+01,0.000000000000000000e+00
5.529175971871845263e+01,0.000000000000000000e+00
5.581224524579677393e+01,0.000000000000000000e+00
5.333001014419985353e+01,0.000000000000000000e+00
5.802913759127336846e+01,0.000000000000000000e+00
5.908709287592136405e+01,0.000000000000000000e+00
5.790600921748212215e+01,0.000000000000000000e+00
5.967043211141088932e+01,0.000000000000000000e+00
5.563732380643697439e+01,0.000000000000000000e+00
5.874718238149623062e+01,0.000000000000000000e+00
5.671238975478274824e+01,0.000000000000000000e+00
5.589483407306514806e+01,0.000000000000000000e+00
5.808607295168101814e+01,0.000000000000000000e+00
5.485551843245730907e+01,0.000000000000000000e+00
5.768022215103789563e+01,0.000000000000000000e+00
5.476548977215072256e+01,0.000000000000000000e+00
5.713070231598234017e+01,0.000000000000000000e+00
5.602528658470254896e+01,0.000000000000000000e+00
5.680271336298811491e+01,0.000000000000000000e+00
5.784481878270575095e+01,0.000000000000000000e+00
5.944949535431825183e+01,0.000000000000000000e+00
5.841531995697724255e+01,0.000000000000000000e+00
6.148349131562680725e+01,0.000000000000000000e+00
6.158581645442160379e+01,0.000000000000000000e+00
6.096116331161580604e+01,0.000000000000000000e+00
6.005292393892645464e+01,0.000000000000000000e+00
6.334958503719119705e+01,0.000000000000000000e+00
5.906098321470293655e+01,0.000000000000000000e+00
5.805002995344107575e+01,0.000000000000000000e+00
5.625600522976800733e+01,0.000000000000000000e+00
5.610225035534547544e+01,0.000000000000000000e+00
5.845225985001273727e+01,0.000000000000000000e+00
6.038380704383772013e+01,0.000000000000000000e+00
5.839169180729671638e+01,0.000000000000000000e+00
6.085872972831530348e+01,0.000000000000000000e+00
5.753718606000536795e+01,0.000000000000000000e+00
6.147149333592291498e+01,0.000000000000000000e+00
6.198690438590542584e+01,0.000000000000000000e+00
5.884103432918897880e+01,0.000000000000000000e+00
6.187991116780638379e+01,0.000000000000000000e+00
5.878980604274090638e+01,0.000000000000000000e+00
6.160728106889745703e+01,0.000000000000000000e+00
6.043044157482446366e+01,0.000000000000000000e+00
5.869741535550566169e+01,0.000000000000000000e+00
5.815200516611891857e+01,0.000000000000000000e+00
5.896678088910046256e+01,0.000000000000000000e+00
5.975226696772029555e+01,0.000000000000000000e+00
6.183202649921071981e+01,0.000000000000000000e+00
6.072656994435091349e+01,0.000000000000000000e+00
5.796212690129757306e+01,0.000000000000000000e+00
6.074500800615466289e+01,0.000000000000000000e+00
6.382139487533456901e+01,0.000000000000000000e+00
6.082874086429043814e+01,0.000000000000000000e+00
5.729465611781635914e+01,0.000000000000000000e+00
5.928200245842693761e+01,0.000000000000000000e+00
6.138197768104653562e+01,0.000000000000000000e+00
6.283102029387956122e+01,0.000000000000000000e+00
6.426555808236587097e+01,0.000000000000000000e+00
6.226419497782164569e+01,0.000000000000000000e+00
5.959397122327290219e+01,0.000000000000000000e+00
6.194556594537968408e+01,0.000000000000000000e+00
5.961526564757222957e+01,0.000000000000000000e+00
6.170023632736211283e+01,0.000000000000000000e+00
6.186890269779453178e+01,0.000000000000000000e+00
6.041266299302927223e+01,0.000000000000000000e+00
6.360975153811781979e+01,0.000000000000000000e+00
6.149919455999351925e+01,0.000000000000000000e+00
6.242715097496540011e+01,0.000000000000000000e+00
6.307121161362585582e+01,0.000000000000000000e+00
6.272856951683051108e+01,0.000000000000000000e+00
5.894686058196401746e+01,0.000000000000000000e+00
6.429311217241783538e+01,0.000000000000000000e+00
6.074166522640889099e+01,0.000000000000000000e+00
6.384434735232608915e+01,0.000000000000000000e+00
6.409283870675811556e+01,0.000000000000000000e+00
6.144371207045902139e+01,0.000000000000000000e+00
6.051556203070344253e+01,0.000000000000000000e+00
6.518618482359829613e+01,0.000000000000000000e+00
6.184149107150147273e+01,0.000000000000000000e+00
6.175384775887493305e+01,0.000000000000000000e+00
6.300179798006769261e+01,0.000000000000000000e+00
6.508526997067446018e+01,0.000000000000000000e+00
6.381225293227704043e+01,0.000000000000000000e+00
6.515134946751607004e+01,0.000000000000000000e+00
6.432318827938435390e+01,0.000000000000000000e+00
6.463449720051261238e+01,0.000000000000000000e+00
6.152827250780658375e+01,0.000000000000000000e+00
6.276456097189920769e+01,0.000000000000000000e+00
6.383770473561816061e+01,0.000000000000000000e+00
6.656232744846458615e+01,0.000000000000000000e+00
6.334484063824611155e+01,0.000000000000000000e+00
6.076077467757217221e+01,0.000000000000000000e+00
6.794606486755859009e+01,0.000000000000000000e+00
6.449717582132301175e+01,0.000000000000000000e+00
6.082947715479321005e+01,0.000000000000000000e+00
6.276219266501169614e+01,0.000000000000000000e+00
6.321004957539187785e+01,0.000000000000000000e+00
6.500049725246284993e+01,0.000000000000000000e+00
6.716625176525668905e+01,0.000000000000000000e+00
6.334023435771850785e+01,0.000000000000000000e+00
6.342579718711079551e+01,0.000000000000000000e+00
6.664305869058827625e+01,0.000000000000000000e+00
6.440188588114168056e+01,0.000000000000000000e+00
6.508174182701385746e+01,0.000000000000000000e+00
6.361902378112343825e+01,0.000000000000000000e+00
5.953193434106641746e+01,0.000000000000000000e+00
6.453440490112336647e+01,0.000000000000000000e+00
6.482156059409565785e+01,0.000000000000000000e+00
6.020136399405451755e+01,0.000000000000000000e+00
6.212878590869950557e+01,0.000000000000000000e+00
6.798056510761375648e+01,0.000000000000000000e+00
6.339202986650047933e+01,0.000000000000000000e+00
6.891282899150252206e+01,0.000000000000000000e+00
6.516219247798215974e+01,0.000000000000000000e+00
6.517976651581537340e+01,0.000000000000000000e+00
6.550910141121877928e+01,0.000000000000000000e+00
6.894432963320201679e+01,0.000000000000000000e+00
6.658086904017839913e+01,0.000000000000000000e+00
6.559243835196647865e+01,0.000000000000000000e+00
6.562578558390522687e+01,0.000000000000000000e+00
6.702197942750744630e+01,0.000000000000000000e+00
6.695245550006585233e+01,0.000000000000000000e+00
6.665693168899417742e+01,0.000000000000000000e+00
6.870412853037795742e+01,0.000000000000000000e+00
6.606918884674480807e+01,0.000000000000000000e+00
6.938566001971106800e+01,0.000000000000000000e+00
6.476674801603996912e+01,0.000000000000000000e+00
6.570148482587110550e+01,0.000000000000000000e+00
6.459313736528756067e+01,0.000000000000000000e+00
6.473411817582791628e+01,0.000000000000000000e+00
6.540505021646758621e+01,0.000000000000000000e+00
6.756255825021612793e+01,0.000000000000000000e+00
6.699696841198819186e+01,0.000000000000000000e+00
6.670475665417143318e+01,0.000000000000000000e+00
6.441388854114391904e+01,0.000000000000000000e+00
6.652539184128855254e+01,0.000000000000000000e+00
6.745822123813310611e+01,0.000000000000000000e+00
6.508963946240280052e+01,0.000000000000000000e+00
6.533746297559692096e+01,0.000000000000000000e+00
6.381176361019858234e+01,0.000000000000000000e+00
6.964905672761778987e+01,0.000000000000000000e+00
6.531560141302844613e+01,0.000000000000000000e+00
6.638566419672160634e+01,0.000000000000000000e+00
6.793793567909199282e+01,0.000000000000000000e+00
7.023589408193373629e+01,0.000000000000000000e+00
6.633542881378997436e+01,0.000000000000000000e+00
6.657699894129747520e+01,0.000000000000000000e+00
6.612632030866933519e+01,0.000000000000000000e+00
7.122035286708938884e+01,0.000000000000000000e+00
6.921397155516655175e+01,0.000000000000000000e+00
7.362187559063073650e+01,0.000000000000000000e+00
6.562590932185287329e+01,0.000000000000000000e+00
6.824340194335090359e+01,0.000000000000000000e+00
6.895261758277769104e+01,0.000000000000000000e+00
6.726330791109663210e+01,0.000000000000000000e+00
7.016956207492380315e+01,0.000000000000000000e+00
6.603997011618395163e+01,0.000000000000000000e+00
6.679886176954251198e+01,0.000000000000000000e+00
6.550224216692218704e+01,0.000000000000000000e+00
6.589016522011361587e+01,0.000000000000000000e+00
6.850235856949609570e+01,0.000000000000000000e+00
7.213335668047662352e+01,0.000000000000000000e+00
6.821522606602972871e+01,0.000000000000000000e+00
6.702866132758788353e+01,0.000000000000000000e+00
6.638059344508585014e+01,0.000000000000000000e+00
6.935660286030650923e+01,0.000000000000000000e+00
6.681978342847244789e+01,0.000000000000000000e+00
7.277534353392238131e+01,0.000000000000000000e+00
6.825807931701277198e+01,0.000000000000000000e+00
6.957794006028444755e+01,0.000000000000000000e+00
7.015401305279799260e+01,0.000000000000000000e+00
6.784735665039403330e+01,0.000000000000000000e+00
6.883261245608613876e+01,0.000000000000000000e+00
7.168466698563368311e+01,0.000000000000000000e+00
6.760501799649301802e+01,0.000000000000000000e+00
6.809475608488361331e+01,0.000000000000000000e+00
7.560014572261859200e+01,0.000000000000000000e+00
6.691499510916828797e+01,0.000000000000000000e+00
6.918149730104059358e+01,0.000000000000000000e+00
7.018888569711462821e+01,0.000000000000000000e+00
6.755239918898597296e+01,0.000000000000000000e+00
6.767517951215725702e+01,0.000000000000000000e+00
6.934919038064583674e+01,0.000000000000000000e+00
6.907137148474087951e+01,0.000000000000000000e+00
7.048693583636560334e+01,0.000000000000000000e+00
6.666504271316846086e+01,0.000000000000000000e+00
7.133619844517659203e+01,0.000000000000000000e+00
7.144570459246850191e+01,0.000000000000000000e+00
6.797184168045140495e+01,0.000000000000000000e+00
7.074705657588599195e+01,0.000000000000000000e+00
7.308791314350487767e+01,0.000000000000000000e+00
7.061140835696656382e+01,0.000000000000000000e+00
7.140573582357836813e+01,0.000000000000000000e+00
7.370765415694273770e+01,0.000000000000000000e+00
7.070739913450974257e+01,0.000000000000000000e+00
6.957565975226374633e+01,0.000000000000000000e+00
7.151193281689872094e+01,0.000000000000000000e+00
7.083841598639470760e+01,0.000000000000000000e+00
7.094492021373565649e+01,0.000000000000000000e+00
7.258639478041025939e+01,0.000000000000000000e+00
6.933549359488849007e+01,0.000000000000000000e+00
6.884292481858719270e+01,0.000000000000000000e+00
6.777907147499517748e+01,0.000000000000000000e+00
7.008658562697630146e+01,0.000000000000000000e+00
7.264427402132810130e+01,0.000000000000000000e+00
7.071589476896893700e+01,0.000000000000000000e+00
7.124470328168365540e+01,0.000000000000000000e+00
6.961087761274092145e+01,0.000000000000000000e+00
7.458010833721462518e+01,0.000000000000000000e+00
7.363958065223475558e+01,0.000000000000000000e+00
7.080705974876896391e+01,0.000000000000000000e+00
7.096568670447946658e+01,0.000000000000000000e+00
7.451759686711911002e+01,0.000000000000000000e+00
7.099083081518227800e+01,0.000000000000000000e+00
7.146164489492370819e+01,0.000000000000000000e+00
7.587729772220703239e+01,0.000000000000000000e+00
7.094554168100425784e+01,0.000000000000000000e+00
6.872713979677320140e+01,0.000000000000000000e+00
7.115368358693680761e+01,0.000000000000000000e+00
6.926425933969703408e+01,0.000000000000000000e+00
6.998097448028025269e+01,0.000000000000000000e+00
7.308037998302729932e+01,0.000000000000000000e+00
7.531806451910757971e+01,0.000000000000000000e+00
7.466249377467546822e+01,0.000000000000000000e+00
7.093880196824456164e+01,0.000000000000000000e+00
7.010751201171927960e+01,0.000000000000000000e+00
7.106463310234265407e+01,0.000000000000000000e+00
7.442456980122889831e+01,0.000000000000000000e+00
7.366727784004747548e+01,0.000000000000000000e+00
7.084666156349649668e+01,0.000000000000000000e+00
7.102551381868939018e+01,0.000000000000000000e+00
7.035455363350747859e+01,0.000000000000000000e+00
7.499917284708136833e+01,0.000000000000000000e+00
7.355952135264305980e+01,0.000000000000000000e+00
7.100828855892795843e+01,0.000000000000000000e+00
7.129876516353770910e+01,0.000000000000000000e+00
7.358425505321012849e+01,0.000000000000000000e+00
7.289049250981203443e+01,0.000000000000000000e+00
7.273805624364693756e+01,0.000000000000000000e+00
7.497881789077855785e+01,0.000000000000000000e+00
7.561350007392977091e+01,0.000000000000000000e+00
7.275882122859016476e+01,0.000000000000000000e+00
7.329551467698739486e+01,0.000000000000000000e+00
7.648106687734846787e+01,0.000000000000000000e+00
7.443280684985441553e+01,0.000000000000000000e+00
7.332828430077306336e+01,0.000000000000000000e+00
7.644768620023162953e+01,0.000000000000000000e+00
7.441890529545325705e+01,0.000000000000000000e+00
6.822142221882265289e+01,0.000000000000000000e+00
7.238894730065959493e+01,0.000000000000000000e+00
7.323595333899193349e+01,0.000000000000000000e+00
7.307200711452391317e+01,0.000000000000000000e+00
7.581010319042283641e+01,0.000000000000000000e+00
7.396256508599542201e+01,0.000000000000000000e+00
7.343006631733882728e+01,0.000000000000000000e+00
7.152413919696621747e+01,0.000000000000000000e+00
7.694884389599423002e+01,0.000000000000000000e+00
7.220650251919022367e+01,0.000000000000000000e+00
7.286216795676921265e+01,0.000000000000000000e+00
7.466432235663626216e+01,0.000000000000000000e+00
7.060096951911425833e+01,0.000000000000000000e+00
7.053438199343428039e+01,0.000000000000000000e+00
7.169319051674310117e+01,0.000000000000000000e+00
7.411905993891394928e+01,0.000000000000000000e+00
6.957353043903276557e+01,0.000000000000000000e+00
7.448707485086245583e+01,0.000000000000000000e+00
7.674533316244273351e+01,0.000000000000000000e+00
7.659592174172212253e+01,0.000000000000000000e+00
7.755524727173393273e+01,0.000000000000000000e+00
7.747935675300307423e+01,0.000000000000000000e+00
7.672690658999287905e+01,0.000000000000000000e+00
7.719381215779561956e+01,0.000000000000000000e+00
7.480165532581436594e+01,0.000000000000000000e+00
7.942173841862583572e+01,0.000000000000000000e+00
7.616741136866266970e+01,0.000000000000000000e+00
7.691325698181194070e+01,0.000000000000000000e+00
7.340673071602171262e+01,0.000000000000000000e+00
7.373532397511269210e+01,0.000000000000000000e+00
7.241424468088044364e+01,0.000000000000000000e+00
7.648842038668819043e+01,0.000000000000000000e+00
7.551366380329265837e+01,0.000000000000000000e+00
7.762020402091677340e+01,0.000000000000000000e+00
7.877814811677761497e+01,0.000000000000000000e+00
7.440012818554137652e+01,0.000000000000000000e+00
7.428399503119386793e+01,0.000000000000000000e+00
7.390156657771511561e+01,0.000000000000000000e+00
7.893698736736924104e+01,0.000000000000000000e+00
7.367813777814608045e+01,0.000000000000000000e+00
7.669431312486419472e+01,0.000000000000000000e+00
7.806037413883186105e+01,0.000000000000000000e+00
7.494864738773244994e+01,0.000000000000000000e+00
7.211126720906261767e+01,0.000000000000000000e+00
7.568582761264224246e+01,0.000000000000000000e+00
7.900590427176543074e+01,0.000000000000000000e+00
7.479336777636193290e+01,0.000000000000000000e+00
7.284619980693614139e+01,0.000000000000000000e+00
7.636557191312977011e+01,0.000000000000000000e+00
7.714897293324243321e+01,0.000000000000000000e+00
7.450540636877745726e+01,0.000000000000000000e+00
7.707050179403157131e+01,0.000000000000000000e+00
7.753117291791222954e+01,0.000000000000000000e+00
7.675049884118585908e+01,0.000000000000000000e+00
7.447186394210072535e+01,0.000000000000000000e+00
7.557947044868559772e+01,0.000000000000000000e+00
7.910706608161888198e+01,0.000000000000000000e+00
7.551551609860554493e+01,0.000000000000000000e+00
7.509818860268995877e+01,0.000000000000000000e+00
7.465146560782986285e+01,0.000000000000000000e+00
7.942801198326145595e+01,0.000000000000000000e+00
7.614952699855794549e+01,0.000000000000000000e+00
7.443966062668339134e+01,0.000000000000000000e+00
7.804378532738542162e+01,0.000000000000000000e+00
7.832758017250478133e+01,0.000000000000000000e+00
7.422236103148664199e+01,0.000000000000000000e+00
7.653346955159263132e+01,0.000000000000000000e+00
7.701350298967294350e+01,0.000000000000000000e+00
7.559315546455422918e+01,0.000000000000000000e+00
7.980913256263099242e+01,0.000000000000000000e+00
7.691928692003502022e+01,0.000000000000000000e+00
7.674964769943741771e+01,0.000000000000000000e+00
7.730624825348103002e+01,0.000000000000000000e+00
8.006717251249931167e+01,0.000000000000000000e+00
7.810788655875114728e+01,0.000000000000000000e+00
7.715575886272648631e+01,0.000000000000000000e+00
7.939641819134760681e+01,0.000000000000000000e+00
7.616923029966839920e+01,0.000000000000000000e+00
8.128167412193901953e+01,0.000000000000000000e+00
7.472273042871421467e+01,0.000000000000000000e+00
7.523756347394511579e+01,0.000000000000000000e+00
7.431087397260291993e+01,0.000000000000000000e+00
7.919632220753793206e+01,0.000000000000000000e+00
7.668205328877648697e+01,0.000000000000000000e+00
7.684790117085886152e+01,0.000000000000000000e+00
7.618457865982841781e+01,0.000000000000000000e+00
7.163315983707035173e+01,0.000000000000000000e+00
7.673247838426804890e+01,0.000000000000000000e+00
7.634455156459438285e+01,0.000000000000000000e+00
7.938675697570593570e+01,0.000000000000000000e+00
7.835755900584545941e+01,0.000000000000000000e+00
7.563384780310799727e+01,0.000000000000000000e+00
7.705959029024468521e+01,0.000000000000000000e+00
7.778331390438833637e+01,0.000000000000000000e+00
7.806113702527878218e+01,0.000000000000000000e+00
7.833333835291101366e+01,0.000000000000000000e+00
7.499422358276201805e+01,0.000000000000000000e+00
8.053399280780688230e+01,0.000000000000000000e+00
7.796425035678849724e+01,0.000000000000000000e+00
7.752917306875112047e+01,0.000000000000000000e+00
7.832500486587635180e+01,0.000000000000000000e+00
7.811665018969179641e+01,0.000000000000000000e+00
7.952005176535016062e+01,0.000000000000000000e+00
7.475687836936506869e+01,0.000000000000000000e+00
7.872461596645518966e+01,0.000000000000000000e+00
8.119540303129423364e+01,0.000000000000000000e+00
7.914732061535225682e+01,0.000000000000000000e+00
7.683564537173359099e+01,0.000000000000000000e+00
7.643651443755987884e+01,0.000000000000000000e+00
7.894170975404813362e+01,0.000000000000000000e+00
7.326292520859661295e+01,0.000000000000000000e+00
7.631048919788004525e+01,0.000000000000000000e+00
7.353158455658066828e+01,0.000000000000000000e+00
7.935242676878579005e+01,0.000000000000000000e+00
7.790570851550438647e+01,0.000000000000000000e+00
7.826707270304127917e+01,0.000000000000000000e+00
7.907098352032073763e+01,0.000000000000000000e+00
7.858168467571709925e+01,0.000000000000000000e+00
7.842592398211043303e+01,0.000000000000000000e+00
7.628343798715256696e+01,0.000000000000000000e+00
7.686598812278987225e+01,0.000000000000000000e+00
7.905679936013054032e+01,0.000000000000000000e+00
7.907086778040132913e+01,0.000000000000000000e+00
8.113726046768269384e+01,0.000000000000000000e+00
7.945453717867881949e+01,0.000000000000000000e+00
8.217597407067476922e+01,0.000000000000000000e+00
7.606992506589661218e+01,0.000000000000000000e+00
7.998038630360454704e+01,0.000000000000000000e+00
7.952712018584746545e+01,0.000000000000000000e+00
7.873751572155072154e+01,0.000000000000000000e+00
7.809191567960276359e+01,0.000000000000000000e+00
7.850200853890616770e+01,0.000000000000000000e+00
7.524148215825381669e+01,0.000000000000000000e+00
7.809664493051856482e+01,0.000000000000000000e+00
7.838781352108301803e+01,0.000000000000000000e+00
8.018762246248803649e+01,0.000000000000000000e+00
8.392909751834983467e+01,0.000000000000000000e+00
7.549162916734644568e+01,0.000000000000000000e+00
7.492195201846867292e+01,0.000000000000000000e+00
7.882507817320853860e+01,0.000000000000000000e+00
7.622786222561728664e+01,0.000000000000000000e+00
7.783514852625187075e+01,0.000000000000000000e+00
7.913057811443958656e+01,0.000000000000000000e+00
8.056919691730904276e+01,0.000000000000000000e+00
7.670559631198601380e+01,0.000000000000000000e+00
7.936201812494530827e+01,0.000000000000000000e+00
7.690386251648438076e+01,0.000000000000000000e+00
7.851843774340545679e+01,0.000000000000000000e+00
7.803959847581715792e+01,0.000000000000000000e+00
8.028075919797915105e+01,0.000000000000000000e+00
8.193710217817864816e+01,0.000000000000000000e+00
8.032137966010249386e+01,0.000000000000000000e+00
7.864749766727877045e+01,0.000000000000000000e+00
7.828267591833683525e+01,0.000000000000000000e+00
7.965168750658551744e+01,0.000000000000000000e+00
7.828894922991939609e+01,0.000000000000000000e+00
7.778721017564666340e+01,0.000000000000000000e+00
7.953380273977582249e+01,0.000000000000000000e+00
8.148773148135448707e+01,0.000000000000000000e+00
8.054339210543197680e+01,0.000000000000000000e+00
7.483059147131466204e+01,0.000000000000000000e+00
8.217615942811734442e+01,0.000000000000000000e+00
7.961758995127050298e+01,0.000000000000000000e+00
7.831098668944072472e+01,0.000000000000000000e+00
7.663292920626516036e+01,0.000000000000000000e+00
7.925114271765144736e+01,0.000000000000000000e+00
7.903276443565377463e+01,0.000000000000000000e+00
8.061606997618500259e+01,0.000000000000000000e+00
7.690059812146465390e+01,0.000000000000000000e+00
7.889543329457728760e+01,0.000000000000000000e+00
7.972306725079684497e+01,0.000000000000000000e+00
8.123996385609838455e+01,0.000000000000000000e+00
7.786322618709134247e+01,0.000000000000000000e+00
8.115427800832887328e+01,0.000000000000000000e+00
7.486925625402719220e+01,0.000000000000000000e+00
8.016886250179116757e+01,0.000000000000000000e+00
7.762754486726147718e+01,0.000000000000000000e+00
7.977187096286158408e+01,0.000000000000000000e+00
7.574588927429198293e+01,0.000000000000000000e+00
7.995014386303775211e+01,0.000000000000000000e+00
8.400014453273081472e+01,0.000000000000000000e+00
8.350706266165414604e+01,0.000000000000000000e+00
7.739582473836544807e+01,0.000000000000000000e+00
7.831137000111134228e+01,0.000000000000000000e+00
7.904471503307024705e+01,0.000000000000000000e+00
7.861273641715347082e+01,0.000000000000000000e+00
8.132976710797680653e+01,0.000000000000000000e+00
8.348557643625365188e+01,0.000000000000000000e+00
7.616424709413526273e+01,0.000000000000000000e+00
8.175045538853811422e+01,0.000000000000000000e+00
8.080369527932118956e+01,0.000000000000000000e+00
8.074229989313636224e+01,0.000000000000000000e+00
7.851488332153353156e+01,0.000000000000000000e+00
7.849281332897689367e+01,0.000000000000000000e+00
8.140633694491825167e+01,0.000000000000000000e+00
7.601185644689930143e+01,0.000000000000000000e+00
7.950944071485922393e+01,0.000000000000000000e+00
8.200059555878347339e+01,0.000000000000000000e+00
7.905481592065680729e+01,0.000000000000000000e+00
8.185781622984514172e+01,0.000000000000000000e+00
8.060729176059265910e+01,0.000000000000000000e+00
8.345731454161453655e+01,0.000000000000000000e+00
8.062601928180907862e+01,0.000000000000000000e+00
7.916019330446805213e+01,0.000000000000000000e+00
7.624104326492127370e+01,0.000000000000000000e+00
7.891352608757516407e+01,0.000000000000000000e+00
7.533092600760463142e+01,0.000000000000000000e+00
7.897007032024674800e+01,0.000000000000000000e+00
7.923923612966210328e+01,0.000000000000000000e+00
8.149605526273903422e+01,0.000000000000000000e+00
7.948934745002564739e+01,0.000000000000000000e+00
7.827145730236836130e+01,0.000000000000000000e+00
8.091851146279482521e+01,0.000000000000000000e+00
7.623873559395330801e+01,0.000000000000000000e+00
7.597445065113660689e+01,0.000000000000000000e+00
7.938654967341602742e+01,0.000000000000000000e+00
8.090779626351570641e+01,0.000000000000000000e+00
7.980238806709259336e+01,0.000000000000000000e+00
8.470665756753949438e+01,0.000000000000000000e+00
8.354802483254105994e+01,0.000000000000000000e+00
7.404364712466515641e+01,0.000000000000000000e+00
8.435424954845048262e+01,0.000000000000000000e+00
7.962417768608709423e+01,0.000000000000000000e+00
7.904580079192932374e+01,0.000000000000000000e+00
8.071071229396179092e+01,0.000000000000000000e+00
8.077613712174593275e+01,0.000000000000000000e+00
8.105063532754108735e+01,0.000000000000000000e+00
7.720499134655908335e+01,0.000000000000000000e+00
7.610917373010069298e+01,0.000000000000000000e+00
8.456676003835237054e+01,0.000000000000000000e+00
8.161913171172034254e+01,0.000000000000000000e+00
8.044458128974865474e+01,0.000000000000000000e+00
7.863067654186855293e+01,0.000000000000000000e+00
7.960783655546056536e+01,0.000000000000000000e+00
8.065553799497511989e+01,0.000000000000000000e+00
8.129079652695010338e+01,0.000000000000000000e+00
7.942930120001426531e+01,0.000000000000000000e+00
7.745872015265923949e+01,0.000000000000000000e+00
7.850439994771627994e+01,0.000000000000000000e+00
7.850067782726976873e+01,0.000000000000000000e+00
8.742570963627447611e+01,0.000000000000000000e+00
7.993522467573525603e+01,0.000000000000000000e+00
7.864153111377726191e+01,0.000000000000000000e+00
8.259720192509654169e+01,0.000000000000000000e+00
7.921352829965552189e+01,0.000000000000000000e+00
7.980937209566178581e+01,0.000000000000000000e+00
8.174317101908638961e+01,0.000000000000000000e+00
8.124681677068203101e+01,0.000000000000000000e+00
7.937836982258954777e+01,0.000000000000000000e+00
7.791121310726522609e+01,0.000000000000000000e+00
8.012275149763567583e+01,0.000000000000000000e+00
8.352988495923386836e+01,0.000000000000000000e+00
7.778556646679895437e+01,0.000000000000000000e+00
8.184189384845666382e+01,0.000000000000000000e+00
8.017733742320868373e+01,0.000000000000000000e+00
7.707257656872680229e+01,0.000000000000000000e+00
8.031692834091795419e+01,0.000000000000000000e+00
8.099491758695549493e+01,0.000000000000000000e+00
8.335351830480942681e+01,0.000000000000000000e+00
7.729515382295247150e+01,0.000000000000000000e+00
7.755764198874022952e+01,0.000000000000000000e+00
8.057460377640302340e+01,0.000000000000000000e+00
8.101626646423241596e+01,0.000000000000000000e+00
7.718094803035609175e+01,0.000000000000000000e+00
7.646837834443284976e+01,0.000000000000000000e+00
7.666651729209488053e+01,0.000000000000000000e+00
8.282239273006194935e+01,0.000000000000000000e+00
8.110617733501688065e+01,0.000000000000000000e+00
7.708595100829883506e+01,0.000000000000000000e+00
7.768925088179457816e+01,0.000000000000000000e+00
7.813218380316973821e+01,0.000000000000000000e+00
7.988449128088130635e+01,0.000000000000000000e+00
8.095584424294659698e+01,0.000000000000000000e+00
8.265830152548072363e+01,0.000000000000000000e+00
8.113913433017395960e+01,0.000000000000000000e+00
8.042194144708039971e+01,0.000000000000000000e+00
8.076651102134356108e+01,0.000000000000000000e+00
8.056302431299698696e+01,0.000000000000000000e+00
7.833979446229110977e+01,0.000000000000000000e+00
7.782950825871100164e+01,0.000000000000000000e+00
7.896758463354736080e+01,0.000000000000000000e+00
8.098462800024583430e+01,0.000000000000000000e+00
8.173619655400163708e+01,0.000000000000000000e+00
8.115249375645041141e+01,0.000000000000000000e+00
8.066076053920588151e+01,0.000000000000000000e+00
7.934046373800082108e+01,0.000000000000000000e+00
8.112150030737947759e+01,0.000000000000000000e+00
8.086481965265981842e+01,0.000000000000000000e+00
8.432799429517056922e+01,0.000000000000000000e+00
7.863673986073331434e+01,0.000000000000000000e+00
7.760122519556735199e+01,0.000000000000000000e+00
7.683218458167371523e+01,0.000000000000000000e+00
7.616018711191615864e+01,0.000000000000000000e+00
7.508055141978223901e+01,0.000000000000000000e+00
8.056601136737695867e+01,0.000000000000000000e+00
7.790680008734946682e+01,0.000000000000000000e+00
8.011021662809820043e+01,0.000000000000000000e+00
8.078941768387042544e+01,0.000000000000000000e+00
8.297964014608683669e+01,0.000000000000000000e+00
7.912875423856536372e+01,0.000000000000000000e+00
7.959310042981063305e+01,0.000000000000000000e+00
8.027354061708228983e+01,0.000000000000000000e+00
8.070141850567299002e+01,0.000000000000000000e+00
8.042311392142796933e+01,0.000000000000000000e+00
7.997662664842191305e+01,0.000000000000000000e+00
8.187264092093116119e+01,0.000000000000000000e+00
7.936720479585326871e+01,0.000000000000000000e+00
8.172713460420128229e+01,0.000000000000000000e+00
7.823245607861323947e+01,0.000000000000000000e+00
7.848492315252177320e+01,0.000000000000000000e+00
7.915336524357471149e+01,0.000000000000000000e+00
8.122612740423646471e+01,0.000000000000000000e+00
8.125812501498481311e+01,0.000000000000000000e+00
7.987530615268603640e+01,0.000000000000000000e+00
8.052242667491417194e+01,0.000000000000000000e+00
7.952804528832832887e+01,0.000000000000000000e+00
8.189013622359904332e+01,0.000000000000000000e+00
7.715637676313293980e+01,0.000000000000000000e+00
8.392624190775681825e+01,0.000000000000000000e+00
8.384066622332353802e+01,0.000000000000000000e+00
7.842135176338820202e+01,0.000000000000000000e+00
7.921571186091058792e+01,0.000000000000000000e+00
7.757257873376755697e+01,0.000000000000000000e+00
8.152181886447912973e+01,0.000000000000000000e+00
8.085108832354455899e+01,0.000000000000000000e+00
8.057033162166999318e+01,0.000000000000000000e+00
8.030645265247922282e+01,0.000000000000000000e+00
8.039952125522086135e+01,0.000000000000000000e+00
7.768336146755221705e+01,0.000000000000000000e+00
8.127364992198747018e+01,0.000000000000000000e+00
7.672047793581646147e+01,0.000000000000000000e+00
7.588672775314672947e+01,0.000000000000000000e+00
7.600680980393555330e+01,0.000000000000000000e+00
7.846818263970044427e+01,0.000000000000000000e+00
8.187936497077944864e+01,0.000000000000000000e+00
7.614021449144490816e+01,0.000000000000000000e+00
8.098066096297934280e+01,0.000000000000000000e+00
7.741347796644561186e+01,0.000000000000000000e+00
7.771313159947058580e+01,0.000000000000000000e+00
7.813076940586107355e+01,0.000000000000000000e+00
8.056781393964641325e+01,0.000000000000000000e+00
7.966454100261299232e+01,0.000000000000000000e+00
7.822649788720414676e+01,0.000000000000000000e+00
7.834741852949814245e+01,0.000000000000000000e+00
8.065974735114784266e+01,0.000000000000000000e+00
7.795181064239402247e+01,0.000000000000000000e+00
7.804194539585320456e+01,0.000000000000000000e+00
7.598974004586310116e+01,0.000000000000000000e+00
7.907872950872997819e+01,0.000000000000000000e+00
8.092476427115173010e+01,0.000000000000000000e+00
7.670770554088056770e+01,0.000000000000000000e+00
7.796562895357595835e+01,0.000000000000000000e+00
7.504484459170359401e+01,0.000000000000000000e+00
7.731855365911081890e+01,0.000000000000000000e+00
7.978380381579418668e+01,0.000000000000000000e+00
7.982206924861129949e+01,0.000000000000000000e+00
7.828642318463055005e+01,0.000000000000000000e+00
7.919898301087958714e+01,0.000000000000000000e+00
7.875044617644454092e+01,0.000000000000000000e+00
7.980033257658892865e+01,0.000000000000000000e+00
7.847751016748965469e+01,0.000000000000000000e+00
7.957937854328798721e+01,0.000000000000000000e+00
7.870655298524447119e+01,0.000000000000000000e+00
8.261738159873974041e+01,0.000000000000000000e+00
7.731881116483243943e+01,0.000000000000000000e+00
8.208832352791750964e+01,0.000000000000000000e+00
8.055317938496224883e+01,0.000000000000000000e+00
7.728105888506685517e+01,0.000000000000000000e+00
7.995798506928768745e+01,0.000000000000000000e+00
7.998042545070642007e+01,0.000000000000000000e+00
8.302404845955663859e+01,0.000000000000000000e+00
7.748074014209404936e+01,0.000000000000000000e+00
7.729694996203861024e+01,0.000000000000000000e+00
7.801189944450118219e+01,0.000000000000000000e+00
7.491186030899906712e+01,0.000000000000000000e+00
8.329591457349144434e+01,0.000000000000000000e+00
7.682694037839982570e+01,0.000000000000000000e+00
8.090452721184797724e+01,0.000000000000000000e+00
7.915289090903132774e+01,0.000000000000000000e+00
7.727297015784556322e+01,0.000000000000000000e+00
7.443508198201695336e+01,0.000000000000000000e+00
7.649808108193785472e+01,0.000000000000000000e+00
7.281496025084383916e+01,0.000000000000000000e+00
7.998663462299298033e+01,0.000000000000000000e+00
7.685416026123243682e+01,0.000000000000000000e+00
8.005032102437489527e+01,0.000000000000000000e+00
7.471881224979865976e+01,0.000000000000000000e+00
7.839086225731972490e+01,0.000000000000000000e+00
7.510198977509124063e+01,0.000000000000000000e+00
8.218357853330286389e+01,0.000000000000000000e+00
7.873847298434057507e+01,0.000000000000000000e+00
7.681280803694774306e+01,0.000000000000000000e+00
7.642593663889226718e+01,0.000000000000000000e+00
7.677900552584220861e+01,0.000000000000000000e+00
7.892144539051965069e+01,0.000000000000000000e+00
8.098512208853682637e+01,0.000000000000000000e+00
7.736595519329333115e+01,0.000000000000000000e+00
7.422991091173814482e+01,0.000000000000000000e+00
8.072346481154741582e+01,0.000000000000000000e+00
7.679678865824082834e+01,0.000000000000000000e+00
8.095640693506823027e+01,0.000000000000000000e+00
7.510904447636944781e+01,0.000000000000000000e+00
7.813483430022709797e+01,0.000000000000000000e+00
7.623944736756328666e+01,0.000000000000000000e+00
7.622869279902391781e+01,0.000000000000000000e+00
7.439849017275169274e+01,0.000000000000000000e+00
7.502701608994114224e+01,0.000000000000000000e+00
7.839864213655557990e+01,0.000000000000000000e+00
7.567160646929765733e+01,0.000000000000000000e+00
7.229709152059045607e+01,0.000000000000000000e+00
7.613328283624876747e+01,0.000000000000000000e+00
7.542270468118161375e+01,0.000000000000000000e+00
7.964764841732024081e+01,0.000000000000000000e+00
7.548742822759054150e+01,0.000000000000000000e+00
7.546573937968835821e+01,0.000000000000000000e+00
7.511176769871656234e+01,0.000000000000000000e+00
7.806484895253993272e+01,0.000000000000000000e+00
7.470520241086595092e+01,0.000000000000000000e+00
7.697169327817150020e+01,0.000000000000000000e+00
7.760127865581964102e+01,0.000000000000000000e+00
7.586489487500359985e+01,0.000000000000000000e+00
7.616545105967597351e+01,0.000000000000000000e+00
7.877860387588354740e+01,0.000000000000000000e+00
7.754186792445653964e+01,0.000000000000000000e+00
7.554069784125957199e+01,0.000000000000000000e+00
7.913966218281402121e+01,0.000000000000000000e+00
7.677585495997686849e+01,0.000000000000000000e+00
7.779678074721300618e+01,0.000000000000000000e+00
8.018543971175269292e+01,0.000000000000000000e+00
7.883711005649141157e+01,0.000000000000000000e+00
7.392633209719716092e+01,0.000000000000000000e+00
7.643900295525803301e+01,0.000000000000000000e+00
7.681280251233138756e+01,0.000000000000000000e+00
7.636505194062819157e+01,0.000000000000000000e+00
7.266893681528570426e+01,0.000000000000000000e+00
7.352497871365279991e+01,0.000000000000000000e+00
7.544316657294189099e+01,0.000000000000000000e+00
7.860646692369104471e+01,0.000000000000000000e+00
7.384712957195583272e+01,0.000000000000000000e+00
7.411868421761161585e+01,0.000000000000000000e+00
7.386168023666043325e+01,0.000000000000000000e+00
7.755446456763759500e+01,0.000000000000000000e+00
7.744260879240813722e+01,0.000000000000000000e+00
7.498335156797224954e+01,0.000000000000000000e+00
7.758204402291872270e+01,0.000000000000000000e+00
7.556334237738649051e+01,0.000000000000000000e+00
7.678204340247680193e+01,0.000000000000000000e+00
7.294113144399734949e+01,0.000000000000000000e+00
7.590619775083703757e+01,0.000000000000000000e+00
7.692730873826133120e+01,0.000000000000000000e+00
7.501675170832636752e+01,0.000000000000000000e+00
7.711838813392922987e+01,0.000000000000000000e+00
7.533834082342271188e+01,0.000000000000000000e+00
7.336294343537601037e+01,0.000000000000000000e+00
7.283533133900580481e+01,0.000000000000000000e+00
7.554317196972762360e+01,0.000000000000000000e+00
7.229015844472672825e+01,0.000000000000000000e+00
7.318322526777271264e+01,0.000000000000000000e+00
7.599009159381718348e+01,0.000000000000000000e+00
7.832942009259043914e+01,0.000000000000000000e+00
7.833558968813014189e+01,0.000000000000000000e+00
7.716759804765700892e+01,0.000000000000000000e+00
7.589372521176515818e+01,0.000000000000000000e+00
7.157825476393364283e+01,0.000000000000000000e+00
7.386921767035987330e+01,0.000000000000000000e+00
7.560912272704800330e+01,0.000000000000000000e+00
7.468828098201096566e+01,0.000000000000000000e+00
7.461118617835860789e+01,0.000000000000000000e+00
7.554981961239295174e+01,0.000000000000000000e+00
7.523871322018162289e+01,0.000000000000000000e+00
7.376513955149211199e+01,0.000000000000000000e+00
7.435976054162611604e+01,0.000000000000000000e+00
7.151530638195424672e+01,0.000000000000000000e+00
7.611843142159422371e+01,0.000000000000000000e+00
7.499595703966878091e+01,0.000000000000000000e+00
7.283438294000673352e+01,0.000000000000000000e+00
7.375370735839887004e+01,0.000000000000000000e+00
7.844964501830885695e+01,0.000000000000000000e+00
7.554533452209204825e+01,0.000000000000000000e+00
7.422494508236975719e+01,0.000000000000000000e+00
7.335111661084611967e+01,0.000000000000000000e+00
7.330993997946454499e+01,0.000000000000000000e+00
7.451798246846405505e+01,0.000000000000000000e+00
7.292755121343581948e+01,0.000000000000000000e+00
7.127343569015566516e+01,0.000000000000000000e+00
7.593647471095123080e+01,0.000000000000000000e+00
7.757139134411326609e+01,0.000000000000000000e+00
7.301360364051505769e+01,0.000000000000000000e+00
7.329211305001842902e+01,0.000000000000000000e+00
7.582759669318402018e+01,0.000000000000000000e+00
7.244115991875884220e+01,0.000000000000000000e+00
7.482464114505717134e+01,0.000000000000000000e+00
6.986053842830472149e+01,0.000000000000000000e+00
7.515151646882942771e+01,0.000000000000000000e+00
7.558987601132577083e+01,0.000000000000000000e+00
7.353154522160987483e+01,0.000000000000000000e+00
6.914469176511600779e+01,0.000000000000000000e+00
7.552163284140208077e+01,0.000000000000000000e+00
7.350868932811161471e+01,0.000000000000000000e+00
6.930540699625387902e+01,0.000000000000000000e+00
6.926201286162221038e+01,0.000000000000000000e+00
7.147995970491602691e+01,0.000000000000000000e+00
7.112994365639367800e+01,0.000000000000000000e+00
7.238510738194072758e+01,0.000000000000000000e+00
7.152444692731202736e+01,0.000000000000000000e+00
7.586378790047565701e+01,0.000000000000000000e+00
7.419353627689784503e+01,0.000000000000000000e+00
7.251998327503895325e+01,0.000000000000000000e+00
7.220546985636352133e+01,0.000000000000000000e+00
7.306286566445493236e+01,0.000000000000000000e+00
7.810989786168204319e+01,0.000000000000000000e+00
7.238349040250621158e+01,0.000000000000000000e+00
7.231039919079670142e+01,0.000000000000000000e+00
7.375299260869196871e+01,0.000000000000000000e+00
7.100257238058316034e+01,0.000000000000000000e+00
7.300694872846609940e+01,0.000000000000000000e+00
7.558458586562983328e+01,0.000000000000000000e+00
6.950104275696160983e+01,0.000000000000000000e+00
7.461929592903771891e+01,0.000000000000000000e+00
7.005212636966243167e+01,0.000000000000000000e+00
7.260681634513791494e+01,0.000000000000000000e+00
7.204186600919030070e+01,0.000000000000000000e+00
7.422986941936166261e+01,0.000000000000000000e+00
7.034710206327683579e+01,0.000000000000000000e+00
7.463453181420105409e+01,0.000000000000000000e+00
7.269830837214445296e+01,0.000000000000000000e+00
7.051765452102065979e+01,0.000000000000000000e+00
7.266743203248337579e+01,0.000000000000000000e+00
7.001453060805371820e+01,0.000000000000000000e+00
7.192379463860332578e+01,0.000000000000000000e+00
7.333099799844536903e+01,0.000000000000000000e+00
7.135422664065625042e+01,0.000000000000000000e+00
6.657621780135193035e+01,0.000000000000000000e+00
7.124127744921555916e+01,0.000000000000000000e+00
6.797768793512493346e+01,0.000000000000000000e+00
7.135520443088515208e+01,0.000000000000000000e+00
6.885966128792929908e+01,0.000000000000000000e+00
7.350417708517124993e+01,0.000000000000000000e+00
6.874705340833992295e+01,0.000000000000000000e+00
7.112624671118582853e+01,0.000000000000000000e+00
7.299021295361731632e+01,0.000000000000000000e+00
7.029455928558978428e+01,0.000000000000000000e+00
7.100425577540451627e+01,0.000000000000000000e+00
6.930369546753944121e+01,0.000000000000000000e+00
7.017582258594896416e+01,0.000000000000000000e+00
6.917180061619669118e+01,0.000000000000000000e+00
7.127929888437813588e+01,0.000000000000000000e+00
6.664355270952181343e+01,0.000000000000000000e+00
7.004726536132945114e+01,0.000000000000000000e+00
7.342052723069147646e+01,0.000000000000000000e+00
7.030967424254706089e+01,0.000000000000000000e+00
6.885386091197523228e+01,0.000000000000000000e+00
7.133934073830020850e+01,0.000000000000000000e+00
7.565881551839180474e+01,0.000000000000000000e+00
7.082286816240703331e+01,0.000000000000000000e+00
7.471319221635600627e+01,0.000000000000000000e+00
7.114170950972759044e+01,0.000000000000000000e+00
6.818534353454754182e+01,0.000000000000000000e+00
6.946585750769492051e+01,0.000000000000000000e+00
7.046864453362873348e+01,0.000000000000000000e+00
6.768254513029319241e+01,0.000000000000000000e+00
7.091613673716342703e+01,0.000000000000000000e+00
6.859678128082936155e+01,0.000000000000000000e+00
7.187504558975722091e+01,0.000000000000000000e+00
6.732577853150910130e+01,0.000000000000000000e+00
6.650114836582368127e+01,0.000000000000000000e+00
6.947499936949587607e+01,0.000000000000000000e+00
7.034175498023674322e+01,0.000000000000000000e+00
6.859753290273225446e+01,0.000000000000000000e+00
6.864303747232466435e+01,0.000000000000000000e+00
7.059051421883900446e+01,0.000000000000000000e+00
6.635494989292055834e+01,0.000000000000000000e+00
6.762327887290663853e+01,0.000000000000000000e+00
6.390764980388982508e+01,0.000000000000000000e+00
6.571708521151735738e+01,0.000000000000000000e+00
6.754787924166780044e+01,0.000000000000000000e+00
7.094790540888826058e+01,0.000000000000000000e+00
6.918619346959523853e+01,0.000000000000000000e+00
7.085685532831814726e+01,0.000000000000000000e+00
6.835196327722732690e+01,0.000000000000000000e+00
6.894642940692440902e+01,0.000000000000000000e+00
6.456806367826827397e+01,0.000000000000000000e+00
6.876381183143223552e+01,0.000000000000000000e+00
6.760618078749715210e+01,0.000000000000000000e+00
7.117208717255155648e+01,0.000000000000000000e+00
6.864277314386519890e+01,0.000000000000000000e+00
6.578420812556612418e+01,0.000000000000000000e+00
7.146273253009221094e+01,0.000000000000000000e+00
6.465175791878705525e+01,0.000000000000000000e+00
7.000765458902289140e+01,0.000000000000000000e+00
6.799849090821153652e+01,0.000000000000000000e+00
6.695138613398741256e+01,0.000000000000000000e+00
6.796535931566658917e+01,0.000000000000000000e+00
6.472730130638126411e+01,0.000000000000000000e+00
6.463606210114568285e+01,0.000000000000000000e+00
6.830937799798971355e+01,0.000000000000000000e+00
7.235573746825646424e+01,0.000000000000000000e+00
6.922761408063797717e+01,0.000000000000000000e+00
6.639750800143211507e+01,0.000000000000000000e+00
6.934409873016655013e+01,0.000000000000000000e+00
6.391378810872116389e+01,0.000000000000000000e+00
6.756260558345891809e+01,0.000000000000000000e+00
6.784308059289504911e+01,0.000000000000000000e+00
6.675301094893347909e+01,0.000000000000000000e+00
6.760978237016004755e+01,0.000000000000000000e+00
6.409189409892331923e+01,0.000000000000000000e+00
6.706298968000014327e+01,0.000000000000000000e+00
6.705561852034976766e+01,0.000000000000000000e+00
6.485984065860755265e+01,0.000000000000000000e+00
6.675614378390696402e+01,0.000000000000000000e+00
6.917970042450053825e+01,0.000000000000000000e+00
6.455347801937038810e+01,0.000000000000000000e+00
6.391846654283649798e+01,0.000000000000000000e+00
6.860557097909448032e+01,0.000000000000000000e+00
6.579914118660083489e+01,0.000000000000000000e+00
6.308368354820390067e+01,0.000000000000000000e+00
6.337882271112152921e+01,0.000000000000000000e+00
6.385383294174578594e+01,0.000000000000000000e+00
6.579242474220288273e+01,0.000000000000000000e+00
6.459965503023437350e+01,0.000000000000000000e+00
6.790570375149795268e+01,0.000000000000000000e+00
6.770035769211604304e+01,0.000000000000000000e+00
6.793044298492701216e+01,0.000000000000000000e+00
6.865786045882401822e+01,0.000000000000000000e+00
6.156957358180298456e+01,0.000000000000000000e+00
6.676983091892104483e+01,0.000000000000000000e+00
6.510395406359356230e+01,0.000000000000000000e+00
6.468704163369814353e+01,0.000000000000000000e+00
6.523538510881076036e+01,0.000000000000000000e+00
6.882170971206849686e+01,0.000000000000000000e+00
6.679645062189661076e+01,0.000000000000000000e+00
6.196829515377062592e+01,0.000000000000000000e+00
6.561439500122992285e+01,0.000000000000000000e+00
6.092560681590455118e+01,0.000000000000000000e+00
6.536137338331342050e+01,0.000000000000000000e+00
6.383357931033739163e+01,0.000000000000000000e+00
6.544912155586233382e+01,0.000000000000000000e+00
6.291445874526632309e+01,0.000000000000000000e+00
6.399759482648735798e+01,0.000000000000000000e+00
6.602563456660861618e+01,0.000000000000000000e+00
6.220642285579087627e+01,0.000000000000000000e+00
6.519913251443172442e+01,0.000000000000000000e+00
6.255398209136647125e+01,0.000000000000000000e+00
6.547622310227298215e+01,0.000000000000000000e+00
6.399550108410449667e+01,0.000000000000000000e+00
6.395592711292641752e+01,0.000000000000000000e+00
6.644481919699011030e+01,0.000000000000000000e+00
6.387828178819207636e+01,0.000000000000000000e+00
5.916225898165331643e+01,0.000000000000000000e+00
6.534198756076732195e+01,0.000000000000000000e+00
6.614094304257719159e+01,0.000000000000000000e+00
6.426296119218814340e+01,0.000000000000000000e+00
6.572670226561378115e+01,0.000000000000000000e+00
6.150435686006753855e+01,0.000000000000000000e+00
6.512768381648479021e+01,0.000000000000000000e+00
6.504327175104461389e+01,0.000000000000000000e+00
6.187053779925048502e+01,0.000000000000000000e+00
6.905200751679358007e+01,0.000000000000000000e+00
6.296672840830147777e+01,0.000000000000000000e+00
5.905274403967305830e+01,0.000000000000000000e+00
6.564983201709395644e+01,0.000000000000000000e+00
6.164272607285304417e+01,0.000000000000000000e+00
6.064590081882599293e+01,0.000000000000000000e+00
6.538295231174281241e+01,0.000000000000000000e+00
6.365486211936408267e+01,0.000000000000000000e+00
6.309634349863738123e+01,0.000000000000000000e+00
5.752841613589204428e+01,0.000000000000000000e+00
6.322572610014150740e+01,0.000000000000000000e+00
6.252021259676129716e+01,0.000000000000000000e+00
6.430758196611429867e+01,0.000000000000000000e+00
6.317284792895132739e+01,0.000000000000000000e+00
5.935839296075533156e+01,0.000000000000000000e+00
6.490990711777661204e+01,0.000000000000000000e+00
6.138020734067460182e+01,0.000000000000000000e+00
6.145992055047514668e+01,0.000000000000000000e+00
6.491601701690842674e+01,0.000000000000000000e+00
5.986506743567943545e+01,0.000000000000000000e+00
6.007651127689422310e+01,0.000000000000000000e+00
6.247873092011153062e+01,0.000000000000000000e+00
6.261331230524358205e+01,0.000000000000000000e+00
6.160078325172987945e+01,0.000000000000000000e+00
6.196352397619405394e+01,0.000000000000000000e+00
6.212827439991299627e+01,0.000000000000000000e+00
6.676439713096037565e+01,0.000000000000000000e+00
6.175496459648536529e+01,0.000000000000000000e+00
6.421455357771021966e+01,0.000000000000000000e+00
6.085829414136652105e+01,0.000000000000000000e+00
6.329138141591338496e+01,0.000000000000000000e+00
6.035451077435539702e+01,0.000000000000000000e+00
6.137700052312796117e+01,0.000000000000000000e+00
6.039591445712422768e+01,0.000000000000000000e+00
6.286732489119925305e+01,0.000000000000000000e+00
6.039726719843526581e+01,0.000000000000000000e+00
6.093848872269089867e+01,0.000000000000000000e+00
6.365922828309091130e+01,0.000000000000000000e+00
6.087004889541869801e+01,0.000000000000000000e+00
5.736313555161708422e+01,0.000000000000000000e+00
5.985340271334358420e+01,0.000000000000000000e+00
5.646624312840108217e+01,0.000000000000000000e+00
5.879924532751469002e+01,0.000000000000000000e+00
6.169514190559937816e+01,0.000000000000000000e+00
5.807077918196510780e+01,0.000000000000000000e+00
6.090937123833847977e+01,0.000000000000000000e+00
5.797489717628140227e+01,0.000000000000000000e+00
6.177552723152747660e+01,0.000000000000000000e+00
5.669356972495804570e+01,0.000000000000000000e+00
6.120703090970408056e+01,0.000000000000000000e+00
5.886742558182155705e+01,0.000000000000000000e+00
5.905337323614558898e+01,0.000000000000000000e+00
5.740157958008369832e+01,0.000000000000000000e+00
5.858234523202700927e+01,0.000000000000000000e+00
5.882765104715495141e+01,0.000000000000000000e+00
5.515360507394839829e+01,0.000000000000000000e+00
6.049798682491567092e+01,0.000000000000000000e+00
5.845082039497646775e+01,0.000000000000000000e+00
5.813411432347652408e+01,0.000000000000000000e+00
6.017136973171799497e+01,0.000000000000000000e+00
5.843373049134154940e+01,0.000000000000000000e+00
5.938445474245546762e+01,0.000000000000000000e+00
5.792250880236183974e+01,0.000000000000000000e+00
5.610402408707935962e+01,0.000000000000000000e+00
5.368863652999354485e+01,0.000000000000000000e+00
5.619497552726240741e+01,0.000000000000000000e+00
5.867246403539254374e+01,0.000000000000000000e+00
5.697142510460433584e+01,0.000000000000000000e+00
5.814691435466190228e+01,0.000000000000000000e+00
5.897012251884728329e+01,0.000000000000000000e+00
5.974881598468186894e+01,0.000000000000000000e+00
6.153230799345934798e+01,0.000000000000000000e+00
5.678898758879448394e+01,0.000000000000000000e+00
5.826664311748815095e+01,0.000000000000000000e+00
5.729561413012398674e+01,0.000000000000000000e+00
5.921638460934181580e+01,0.000000000000000000e+00
5.469870057370386007e+01,0.000000000000000000e+00
5.986537946881792038e+01,0.000000000000000000e+00
5.533296798687484852e+01,0.000000000000000000e+00
5.622807300569164113e+01,0.000000000000000000e+00
5.701433040656929307e+01,0.000000000000000000e+00
5.573477363200156276e+01,0.000000000000000000e+00
5.406686852760596906e+01,0.000000000000000000e+00
5.310179051669608441e+01,0.000000000000000000e+00
5.732419271373615288e+01,0.000000000000000000e+00
5.361810586723000682e+01,0.000000000000000000e+00
5.761052910520296422e+01,0.000000000000000000e+00
5.387966222122677351e+01,0.000000000000000000e+00
5.577124488884683018e+01,0.000000000000000000e+00
5.521569841446380167e+01,0.000000000000000000e+00
5.541449655739144475e+01,0.000000000000000000e+00
5.562325036236723008e+01,0.000000000000000000e+00
5.520831972402696408e+01,0.000000000000000000e+00
5.512969571232387267e+01,0.000000000000000000e+00
5.727364673488160207e+01,0.000000000000000000e+00
5.627859080916589818e+01,0.000000000000000000e+00
5.374795974520720421e+01,0.000000000000000000e+00
5.710880057427611689e+01,0.000000000000000000e+00
5.318711968932612422e+01,0.000000000000000000e+00
5.613053302217315377e+01,0.000000000000000000e+00
5.514238137606002965e+01,0.000000000000000000e+00
5.268614975872263528e+01,0.000000000000000000e+00
5.233110352575813806e+01,0.000000000000000000e+00
5.366798735372133677e+01,0.000000000000000000e+00
5.329041795107134760e+01,0.000000000000000000e+00
5.481519668461318417e+01,0.000000000000000000e+00
5.427615742056570980e+01,0.000000000000000000e+00
5.707096187722761016e+01,0.000000000000000000e+00
5.263081418423041669e+01,0.000000000000000000e+00
5.595475209994219767e+01,0.000000000000000000e+00
5.287873106962680225e+01,0.000000000000000000e+00
5.346491963298409900e+01,0.000000000000000000e+00
5.579707691192947294e+01,0.000000000000000000e+00
5.272335417344954323e+01,0.000000000000000000e+00
5.625211460221796500e+01,0.000000000000000000e+00
5.401601343149269496e+01,0.000000000000000000e+00
5.388010441204852441e+01,0.000000000000000000e+00
5.332225669798468459e+01,0.000000000000000000e+00
5.443876971483848592e+01,0.000000000000000000e+00
5.477463014200258584e+01,0.000000000000000000e+00
5.019469532394160183e+01,0.000000000000000000e+00
5.157340854599475932e+01,0.000000000000000000e+00
5.392441191021868008e+01,0.000000000000000000e+00
5.544673154123479009e+01,0.000000000000000000e+00
4.928763192485205735e+01,0.000000000000000000e+00
5.493161336780286064e+01,0.000000000000000000e+00
5.272548524096149691e+01,0.000000000000000000e+00
5.456975394188422257e+01,0.000000000000000000e+00
5.459670653416193886e+01,0.000000000000000000e+00
5.293294680403126762e+01,0.000000000000000000e+00
5.265403750905844760e+01,0.000000000000000000e+00
5.428439675683340937e+01,0.000000000000000000e+00
5.258386786210242292e+01,0.000000000000000000e+00
5.333392951123482817e+01,0.000000000000000000e+00
4.958428267855936156e+01,0.000000000000000000e+00
5.555366824354887711e+01,0.000000000000000000e+00
5.608338959013237712e+01,0.000000000000000000e+00
5.311874559100849069e+01,0.000000000000000000e+00
5.465163879201532637e+01,0.000000000000000000e+00
5.082907268153255131e+01,0.000000000000000000e+00
5.278071666809625384e+01,0.000000000000000000e+00
4.666000644621070137e+01,0.000000000000000000e+00
5.426725585893025539e+01,0.000000000000000000e+00
5.625937546847229953e+01,0.000000000000000000e+00
4.849794261838721354e+01,0.000000000000000000e+00
5.084103145311421912e+01,0.000000000000000000e+00
5.219676048771614774e+01,0.000000000000000000e+00
5.242127378261670856e+01,0.000000000000000000e+00
5.112515813106189455e+01,0.000000000000000000e+00
5.366061315392796871e+01,0.000000000000000000e+00
5.331929471977811374e+01,0.000000000000000000e+00
5.260987735796877729e+01,0.000000000000000000e+00
5.229262809524844613e+01,0.000000000000000000e+00
5.271079222007756471e+01,0.000000000000000000e+00
5.142614942794408961e+01,0.000000000000000000e+00
4.959799389744006959e+01,0.000000000000000000e+00
4.884403674133395157e+01,0.000000000000000000e+00
4.994306027526268821e+01,0.000000000000000000e+00
5.011474351976330865e+01,0.000000000000000000e+00
5.130422381295679912e+01,0.000000000000000000e+00
5.172430428195372087e+01,0.000000000000000000e+00
5.231540158168724020e+01,0.000000000000000000e+00
4.861368625156909218e+01,0.000000000000000000e+00
5.326257096711239569e+01,0.000000000000000000e+00
5.065516563902240676e+01,0.000000000000000000e+00
4.753530567277275054e+01,0.000000000000000000e+00
4.728566251738531889e+01,0.000000000000000000e+00
5.223500723126677059e+01,0.000000000000000000e+00
5.055079975987521124e+01,0.000000000000000000e+00
4.774842022817242082e+01,0.000000000000000000e+00
4.692890903240382983e+01,0.000000000000000000e+00
4.922576420191700208e+01,0.000000000000000000e+00
5.229567327011112354e+01,0.000000000000000000e+00
4.658531787029907179e+01,0.000000000000000000e+00
5.123116983082907439e+01,0.000000000000000000e+00
5.023311379597976156e+01,0.000000000000000000e+00
5.006522070124952961e+01,0.000000000000000000e+00
5.107545138019411723e+01,0.000000000000000000e+00
4.775772285333862044e+01,0.000000000000000000e+00
4.675319366101406615e+01,0.000000000000000000e+00
4.813869987752472923e+01,0.000000000000000000e+00
4.957486363453660516e+01,0.000000000000000000e+00
4.334158460944329505e+01,0.000000000000000000e+00
4.483531421409883677e+01,0.000000000000000000e+00
4.923341083070816637e+01,0.000000000000000000e+00
4.900400663817189439e+01,0.000000000000000000e+00
4.855785117494885128e+01,0.000000000000000000e+00
4.970834101032353658e+01,0.000000000000000000e+00
5.110992211961522003e+01,0.000000000000000000e+00
4.931065953607178898e+01,0.000000000000000000e+00
4.524093938603488141e+01,0.000000000000000000e+00
4.953025764235450623e+01,0.000000000000000000e+00
4.906456659375946572e+01,0.000000000000000000e+00
4.784986485529393008e+01,0.000000000000000000e+00
4.723250994615595033e+01,0.000000000000000000e+00
4.752470622766985286e+01,0.000000000000000000e+00
4.723487894987458446e+01,0.000000000000000000e+00
4.842917206412182196e+01,0.000000000000000000e+00
4.533733829651028202e+01,0.000000000000000000e+00
4.810244405259061296e+01,0.000000000000000000e+00
4.891708478006170679e+01,0.000000000000000000e+00
4.843123015776848206e+01,0.000000000000000000e+00
4.656387968048539250e+01,0.000000000000000000e+00
4.621619698329934778e+01,0.000000000000000000e+00
4.592064012522211414e+01,0.000000000000000000e+00
4.560384708076529847e+01,0.000000000000000000e+00
4.735737314387427688e+01,0.000000000000000000e+00
4.665291145983825061e+01,0.000000000000000000e+00
4.399654776835107128e+01,0.000000000000000000e+00
4.713830559277448629e+01,0.000000000000000000e+00
4.674320347078180760e+01,0.000000000000000000e+00
4.641271823783671380e+01,0.000000000000000000e+00
4.670079279181886278e+01,0.000000000000000000e+00
4.361869486884849323e+01,0.000000000000000000e+00
4.330182621456407333e+01,0.000000000000000000e+00
4.619182546257693645e+01,0.000000000000000000e+00
4.345297002597351366e+01,0.000000000000000000e+00
4.566718296844194924e+01,0.000000000000000000e+00
4.310118477637671930e+01,0.000000000000000000e+00
4.313743176203166740e+01,0.000000000000000000e+00
4.538931555488526470e+01,0.000000000000000000e+00
4.639540066895320791e+01,0.000000000000000000e+00
4.809365385578046670e+01,0.000000000000000000e+00
4.472935927970521419e+01,0.000000000000000000e+00
4.736949497298677159e+01,0.000000000000000000e+00
4.622863845232657809e+01,0.000000000000000000e+00
4.365665537025626008e+01,0.000000000000000000e+00
4.435279495962063834e+01,0.000000000000000000e+00
4.239299834920677057e+01,0.000000000000000000e+00
4.550135012721467831e+01,0.000000000000000000e+00
4.876101294507729733e+01,0.000000000000000000e+00
4.857969331713327676e+01,0.000000000000000000e+00
4.429332869495949865e+01,0.000000000000000000e+00
4.565735359905747259e+01,0.000000000000000000e+00
4.254549981387295077e+01,0.000000000000000000e+00
4.042191942855672693e+01,0.000000000000000000e+00
4.343570705412903976e+01,0.000000000000000000e+00
4.633728919687307979e+01,0.000000000000000000e+00
4.102195749229094446e+01,0.000000000000000000e+00
4.479086742379433161e+01,0.000000000000000000e+00
4.071157217326289413e+01,0.000000000000000000e+00
4.590790287988927787e+01,0.000000000000000000e+00
4.664192943820895465e+01,0.000000000000000000e+00
4.640594526978304657e+01,0.000000000000000000e+00
4.468993816487753179e+01,0.000000000000000000e+00
4.017394347977234759e+01,0.000000000000000000e+00
4.183664490601915986e+01,0.000000000000000000e+00
4.113986835564021760e+01,0.000000000000000000e+00
4.301292926534895145e+01,0.000000000000000000e+00
3.907454622629717278e+01,0.000000000000000000e+00
4.506808741560318765e+01,0.000000000000000000e+00
4.297476372108305753e+01,0.000000000000000000e+00
4.271794224656626682e+01,0.000000000000000000e+00
4.295625053386572034e+01,0.000000000000000000e+00
4.316853376938631470e+01,0.000000000000000000e+00
4.227575323305896404e+01,0.000000000000000000e+00
4.398532578653702529e+01,0.000000000000000000e+00
4.437519855185077944e+01,0.000000000000000000e+00
4.835483798584214554e+01,0.000000000000000000e+00
4.261562745375201189e+01,0.000000000000000000e+00
3.979822063149877209e+01,0.000000000000000000e+00
3.794863889358868647e+01,0.000000000000000000e+00
3.913309407029633746e+01,0.000000000000000000e+00
4.267996360946543177e+01,0.000000000000000000e+00
4.384638778756836075e+01,0.000000000000000000e+00
4.155717025611498627e+01,0.000000000000000000e+00
4.023446188584466654e+01,0.000000000000000000e+00
3.924129638729348812e+01,0.000000000000000000e+00
3.997768550095400997e+01,0.000000000000000000e+00
4.257735725932204218e+01,0.000000000000000000e+00
4.371714856586380904e+01,0.000000000000000000e+00
4.263294552494409118e+01,0.000000000000000000e+00
4.251670650085106473e+01,0.000000000000000000e+00
4.308283578390451396e+01,0.000000000000000000e+00
3.929795584425901467e+01,0.000000000000000000e+00
3.995338281614815656e+01,0.000000000000000000e+00
3.916529040201570666e+01,0.000000000000000000e+00
4.006343659499614773e+01,0.000000000000000000e+00
3.965308992229792295e+01,0.000000000000000000e+00
4.088012070227177475e+01,0.000000000000000000e+00
3.791380055454068554e+01,0.000000000000000000e+00
4.231873798824367583e+01,0.000000000000000000e+00
3.800936488557512405e+01,0.000000000000000000e+00
4.375811060852110046e+01,0.000000000000000000e+00
4.367747828202394800e+01,0.000000000000000000e+00
3.908851011312741974e+01,0.000000000000000000e+00
3.801011434706895642e+01,0.000000000000000000e+00
3.899206378841785892e+01,0.000000000000000000e+00
4.331066421409327916e+01,0.000000000000000000e+00
3.844871825949813626e+01,0.000000000000000000e+00
4.078887165007865434e+01,0.000000000000000000e+00
3.881526400121745013e+01,0.000000000000000000e+00
4.119171248621389481e+01,0.000000000000000000e+00
4.082431235431822358e+01,0.000000000000000000e+00
4.166579669749880566e+01,0.000000000000000000e+00
4.311331516718813361e+01,0.000000000000000000e+00
4.173313262176027649e+01,0.000000000000000000e+00
4.170098282113652033e+01,0.000000000000000000e+00
3.916975163597950171e+01,0.000000000000000000e+00
3.914297554278496705e+01,0.000000000000000000e+00
4.097407405174407558e+01,0.000000000000000000e+00
4.085064337112208221e+01,0.000000000000000000e+00
4.006396367678561177e+01,0.000000000000000000e+00
3.996598595553255961e+01,0.000000000000000000e+00
3.686777290659689754e+01,0.000000000000000000e+00
3.491109578907722977e+01,0.000000000000000000e+00
3.620199117620734341e+01,0.000000000000000000e+00
4.045111588811492709e+01,0.000000000000000000e+00
4.129738875468286352e+01,0.000000000000000000e+00
3.587365173344638691e+01,0.000000000000000000e+00
3.735225826427984686e+01,0.000000000000000000e+00
4.147916662727923409e+01,0.000000000000000000e+00
3.745750390811920738e+01,0.000000000000000000e+00
3.885680228526177160e+01,0.000000000000000000e+00
3.979873464274054129e+01,0.000000000000000000e+00
3.249051767276289837e+01,0.000000000000000000e+00
3.544908512726426153e+01,0.000000000000000000e+00
3.751838382741222944e+01,0.000000000000000000e+00
4.032922571282066571e+01,0.000000000000000000e+00
3.699986031084799265e+01,0.000000000000000000e+00
4.308935958383024456e+01,0.000000000000000000e+00
3.490761080089493618e+01,0.000000000000000000e+00
3.769866812566215231e+01,0.000000000000000000e+00
3.655153441396049629e+01,0.000000000000000000e+00
3.418346733593511999e+01,0.000000000000000000e+00
3.375273948598482576e+01,0.000000000000000000e+00
3.625609673386062326e+01,0.000000000000000000e+00
3.676616513195907032e+01,0.000000000000000000e+00
3.339550627491743029e+01,0.000000000000000000e+00
3.529291441537493057e+01,0.000000000000000000e+00
3.541861377353567519e+01,0.000000000000000000e+00
3.832887611237300973e+01,0.000000000000000000e+00
3.671621434303111897e+01,0.000000000000000000e+00
3.354157030432031661e+01,0.000000000000000000e+00
3.984285276740384774e+01,0.000000000000000000e+00
3.496799794076590473e+01,0.000000000000000000e+00
3.482613664256313513e+01,0.000000000000000000e+00
3.667471738990169428e+01,0.000000000000000000e+00
3.814493070554205190e+01,0.000000000000000000e+00
3.447044202632196175e+01,0.000000000000000000e+00
3.532767965155994716e+01,0.000000000000000000e+00
3.910378136058265142e+01,0.000000000000000000e+00
3.363819433920447466e+01,0.000000000000000000e+00
3.229107007601015056e+01,0.000000000000000000e+00
3.413330016774689568e+01,0.000000000000000000e+00
3.346434980338158027e+01,0.000000000000000000e+00
3.764505711258324538e+01,0.000000000000000000e+00
3.162484533063066294e+01,0.000000000000000000e+00
3.666374157955092983e+01,0.000000000000000000e+00
3.673137709651660288e+01,0.000000000000000000e+00
3.370248935541287238e+01,0.000000000000000000e+00
3.976119526663073600e+01,0.000000000000000000e+00
3.547553203149794143e+01,0.000000000000000000e+00
3.462142065209598485e+01,0.000000000000000000e+00
3.360839149061521880e+01,0.000000000000000000e+00
3.456242317425056854e+01,0.000000000000000000e+00
3.852359266646388392e+01,0.000000000000000000e+00
3.516926762752323299e+01,0.000000000000000000e+00
3.336504303871826238e+01,0.000000000000000000e+00
3.224169195222363271e+01,0.000000000000000000e+00
3.440505920351073854e+01,0.000000000000000000e+00
3.245194534690909194e+01,0.000000000000000000e+00
3.592474784997427406e+01,0.000000000000000000e+00
3.521911254509561928e+01,0.000000000000000000e+00
3.469362433619107833e+01,0.000000000000000000e+00
3.353218807861860995e+01,0.000000000000000000e+00
3.585611142358320080e+01,0.000000000000000000e+00
3.819797140862656448e+01,0.000000000000000000e+00
3.216676694111447432e+01,0.000000000000000000e+00
3.307628025686706508e+01,0.000000000000000000e+00
3.407268856438888349e+01,0.000000000000000000e+00
3.234034029079920458e+01,0.000000000000000000e+00
3.410425710484486927e+01,0.000000000000000000e+00
3.573145695867780347e+01,0.000000000000000000e+00
3.388828707674878160e+01,0.000000000000000000e+00
3.417935718056615713e+01,0.000000000000000000e+00
3.292319756145768395e+01,0.000000000000000000e+00
3.443358893122993436e+01,0.000000000000000000e+00
3.198406246595815361e+01,0.000000000000000000e+00
3.089914932179327067e+01,0.000000000000000000e+00
3.433379085899679239e+01,0.000000000000000000e+00
3.513921456089479278e+01,0.000000000000000000e+00
2.940069516351526957e+01,0.000000000000000000e+00
3.188052005816767931e+01,0.000000000000000000e+00
3.448304226865710831e+01,0.000000000000000000e+00
3.528924782146780359e+01,0.000000000000000000e+00
3.251471184352094923e+01,0.000000000000000000e+00
3.348390679352719701e+01,0.000000000000000000e+00
3.099099122458327571e+01,0.000000000000000000e+00
3.017106884022313906e+01,0.000000000000000000e+00
2.802690308646735673e+01,0.000000000000000000e+00
3.313466472513663774e+01,0.000000000000000000e+00
3.421026381962965957e+01,0.000000000000000000e+00
3.298588413112810969e+01,0.000000000000000000e+00
3.063574235493691589e+01,0.000000000000000000e+00
3.547507185470874447e+01,0.000000000000000000e+00
3.205551513866380731e+01,0.000000000000000000e+00
3.401807044104232602e+01,0.000000000000000000e+00
2.913772329191213117e+01,0.000000000000000000e+00
3.842090292123500461e+01,0.000000000000000000e+00
3.166462624620076838e+01,0.000000000000000000e+00
3.204224986574171652e+01,0.000000000000000000e+00
3.227257943834725040e+01,0.000000000000000000e+00
3.162138903885416852e+01,0.000000000000000000e+00
3.202362036146018198e+01,0.000000000000000000e+00
3.344006334338283182e+01,0.000000000000000000e+00
3.013658127975256562e+01,0.000000000000000000e+00
2.961850251349917684e+01,0.000000000000000000e+00
3.185654075717216571e+01,0.000000000000000000e+00
2.655402790707054805e+01,0.000000000000000000e+00
3.187881211645312618e+01,0.000000000000000000e+00
3.072528471484997326e+01,0.000000000000000000e+00
3.126593825410239802e+01,0.000000000000000000e+00
2.945720161021402816e+01,0.000000000000000000e+00
3.001514944291767506e+01,0.000000000000000000e+00
3.211788813622683847e+01,0.000000000000000000e+00
3.261244771219895000e+01,0.000000000000000000e+00
3.185462794934536745e+01,0.000000000000000000e+00
2.894366134610113761e+01,0.000000000000000000e+00
2.982692578497971425e+01,0.000000000000000000e+00
2.772113430124618105e+01,0.000000000000000000e+00
2.929289956945921247e+01,0.000000000000000000e+00
3.337109349770948086e+01,0.000000000000000000e+00
3.357606926021636440e+01,0.000000000000000000e+00
3.155693976861708450e+01,0.000000000000000000e+00
3.119619322207884338e+01,0.000000000000000000e+00
2.641966059468433414e+01,0.000000000000000000e+00
3.212980239892254275e+01,0.000000000000000000e+00
3.316705425424596143e+01,0.000000000000000000e+00
2.829807407925215657e+01,0.000000000000000000e+00
3.197250882827436058e+01,0.000000000000000000e+00
2.885400177442801706e+01,0.000000000000000000e+00
3.024332908828797528e+01,0.000000000000000000e+00
3.063186327803940401e+01,0.000000000000000000e+00
3.228070331371390722e+01,0.000000000000000000e+00
3.061655302731220374e+01,0.000000000000000000e+00
3.121744352999557037e+01,0.000000000000000000e+00
2.952460403278574930e+01,0.000000000000000000e+00
2.828965052555992088e+01,0.000000000000000000e+00
2.832124299854441318e+01,0.000000000000000000e+00
2.947200474409467219e+01,0.000000000000000000e+00
2.930149375865758543e+01,0.000000000000000000e+00
2.864979756634663488e+01,0.000000000000000000e+00
2.870559260794193790e+01,0.000000000000000000e+00
2.750387697896081463e+01,0.000000000000000000e+00
2.865425008988172806e+01,0.000000000000000000e+00
2.707831956091780867e+01,0.000000000000000000e+00
3.130205583208424258e+01,0.000000000000000000e+00
2.698655561661398394e+01,0.000000000000000000e+00
2.781245656242875697e+01,0.000000000000000000e+00
2.821195787208830907e+01,0.000000000000000000e+00
2.830987935622698259e+01,0.000000000000000000e+00
2.968775839699326724e+01,0.000000000000000000e+00
2.704463570054255683e+01,0.000000000000000000e+00
2.927492224454713821e+01,0.000000000000000000e+00
2.808422626648938447e+01,0.000000000000000000e+00
2.771764495576741183e+01,0.000000000000000000e+00
2.888816539286794338e+01,0.000000000000000000e+00
2.791867904760390928e+01,0.000000000000000000e+00
2.757812798566061119e+01,0.000000000000000000e+00
3.013798814840718521e+01,0.000000000000000000e+00
2.640312373551928715e+01,0.000000000000000000e+00
2.784040605001519353e+01,0.000000000000000000e+00
3.052849042693893011e+01,0.000000000000000000e+00
3.108076990684214636e+01,0.000000000000000000e+00
2.636411616336378927e+01,0.000000000000000000e+00
2.907977466948414147e+01,0.000000000000000000e+00
2.973461539056862790e+01,0.000000000000000000e+00
2.589929260520248278e+01,0.000000000000000000e+00
2.657057907580153611e+01,0.000000000000000000e+00
2.550699637299534572e+01,0.000000000000000000e+00
2.497693888918761473e+01,0.000000000000000000e+00
2.830996743129605875e+01,0.000000000000000000e+00
2.724066144280434898e+01,0.000000000000000000e+00
2.990939165345874784e+01,0.000000000000000000e+00
2.716202889576432611e+01,0.000000000000000000e+00
2.817908450938263343e+01,0.000000000000000000e+00
2.772674439888574582e+01,0.000000000000000000e+00
2.788995202383017968e+01,0.000000000000000000e+00
2.746772294606691389e+01,0.000000000000000000e+00
2.718979515128394908e+01,0.000000000000000000e+00
2.770492504123175692e+01,0.000000000000000000e+00
2.873373772303505902e+01,0.000000000000000000e+00
2.703269779451390420e+01,0.000000000000000000e+00
2.547059507853481009e+01,0.000000000000000000e+00
3.030566533746360136e+01,0.000000000000000000e+00
2.552451722322066985e+01,0.000000000000000000e+00
2.858816179305317107e+01,0.000000000000000000e+00
2.712822856311029796e+01,0.000000000000000000e+00
2.808419294280900047e+01,0.000000000000000000e+00
2.893773505808532320e+01,0.000000000000000000e+00
2.588422226385598890e+01,0.000000000000000000e+00
2.997269422103383363e+01,0.000000000000000000e+00
2.821051630459804471e+01,0.000000000000000000e+00
2.755165868614484737e+01,0.000000000000000000e+00
2.594818393307474835e+01,0.000000000000000000e+00
2.597122033941512953e+01,0.000000000000000000e+00
2.126108303072443917e+01,0.000000000000000000e+00
2.965448947223359966e+01,0.000000000000000000e+00
2.527019057893020104e+01,0.000000000000000000e+00
2.759790809879637763e+01,0.000000000000000000e+00
2.623301488913254431e+01,0.000000000000000000e+00
2.815349586977836438e+01,0.000000000000000000e+00
2.421631329683459199e+01,0.000000000000000000e+00
2.779392427904968343e+01,0.000000000000000000e+00
2.520418613117764650e+01,0.000000000000000000e+00
2.771226250519375967e+01,0.000000000000000000e+00
2.453150242538369241e+01,0.000000000000000000e+00
2.813742361939597458e+01,0.000000000000000000e+00
2.598085939646516351e+01,0.000000000000000000e+00
2.451098280994604650e+01,0.000000000000000000e+00
2.403789384494448456e+01,0.000000000000000000e+00
2.596282554795472919e+01,0.000000000000000000e+00
2.760728685145393513e+01,0.000000000000000000e+00
2.601464912266848728e+01,0.000000000000000000e+00
2.652893400868245521e+01,0.000000000000000000e+00
2.401767961502867976e+01,0.000000000000000000e+00
2.787703222642759116e+01,0.000000000000000000e+00
2.556885679071479700e+01,0.000000000000000000e+00
2.945493592389774307e+01,0.000000000000000000e+00
2.559818880798908936e+01,0.000000000000000000e+00
2.469132931143144205e+01,0.000000000000000000e+00
2.576431386395272938e+01,0.000000000000000000e+00
2.397622657570398985e+01,0.000000000000000000e+00
2.314015608173327365e+01,0.000000000000000000e+00
2.042987807639252651e+01,0.000000000000000000e+00
2.557148663503329544e+01,0.000000000000000000e+00
2.353236188958342723e+01,0.000000000000000000e+00
2.768533292660907819e+01,0.000000000000000000e+00
2.247044328821864667e+01,0.000000000000000000e+00
2.332923540720644340e+01,0.000000000000000000e+00
2.515518551154930549e+01,0.000000000000000000e+00
2.398730189676648550e+01,0.000000000000000000e+00
2.385603526549879660e+01,0.000000000000000000e+00
2.260976067478739893e+01,0.000000000000000000e+00
2.540098547136759066e+01,0.000000000000000000e+00
2.234831885767471960e+01,0.000000000000000000e+00
2.305827661575328236e+01,0.000000000000000000e+00
2.326028778338035607e+01,0.000000000000000000e+00
2.395889010784430084e+01,0.000000000000000000e+00
2.146386005152981014e+01,0.000000000000000000e+00
2.191610841494043171e+01,0.000000000000000000e+00
2.671780399021764651e+01,0.000000000000000000e+00
2.533129468754773939e+01,0.000000000000000000e+00
2.143762925424285015e+01,0.000000000000000000e+00
2.871527975340524819e+01,0.000000000000000000e+00
2.550895807041761643e+01,0.000000000000000000e+00
2.473310768222260236e+01,0.000000000000000000e+00
2.515955519370203319e+01,0.000000000000000000e+00
2.627080134852932147e+01,0.000000000000000000e+00
2.523381072894539301e+01,0.000000000000000000e+00
1.967011613885470567e+01,0.000000000000000000e+00
2.397010541804343120e+01,0.000000000000000000e+00
2.385315441113319324e+01,0.000000000000000000e+00
2.755878015823196137e+01,0.000000000000000000e+00
2.172714749790248590e+01,0.000000000000000000e+00
1.972279556985245108e+01,0.000000000000000000e+00
2.108867250400276916e+01,0.000000000000000000e+00
2.204022890052133832e+01,0.000000000000000000e+00
2.337596189808736824e+01,0.000000000000000000e+00
2.318308811278830817e+01,0.000000000000000000e+00
2.754623544655205691e+01,0.000000000000000000e+00
2.178299621576039513e+01,0.000000000000000000e+00
2.592129599644093574e+01,0.000000000000000000e+00
2.422969211261699840e+01,0.000000000000000000e+00
1.856350837935201170e+01,0.000000000000000000e+00
2.443408067056667576e+01,0.000000000000000000e+00
2.097097571865023724e+01,0.000000000000000000e+00
2.217872072039017795e+01,0.000000000000000000e+00
1.991196031782364528e+01,0.000000000000000000e+00
2.508749687046397270e+01,0.000000000000000000e+00
2.236914749262772872e+01,0.000000000000000000e+00
1.889487361237462437e+01,0.000000000000000000e+00
2.466546818755124804e+01,0.000000000000000000e+00
2.541942246545856321e+01,0.000000000000000000e+00
2.091412223318047126e+01,0.000000000000000000e+00
2.620121562549106287e+01,0.000000000000000000e+00
2.137407563699970936e+01,0.000000000000000000e+00
2.199263765312502628e+01,0.000000000000000000e+00
2.272549777023942497e+01,0.000000000000000000e+00
2.504386466962694868e+01,0.000000000000000000e+00
2.208793512338663589e+01,0.000000000000000000e+00
2.506830416601959044e+01,0.000000000000000000e+00
2.414509691522201251e+01,0.000000000000000000e+00
2.344450852091443593e+01,0.000000000000000000e+00
2.288204141657211466e+01,0.000000000000000000e+00
2.351123713089958045e+01,0.000000000000000000e+00
2.012021632014985784e+01,0.000000000000000000e+00
1.819905756014783194e+01,0.000000000000000000e+00
2.157891515318630482e+01,0.000000000000000000e+00
2.489709625005615834e+01,0.000000000000000000e+00
2.371408587693059999e+01,0.000000000000000000e+00
2.335709412580064992e+01,0.000000000000000000e+00
2.134077651404528098e+01,0.000000000000000000e+00
2.312121712182452882e+01,0.000000000000000000e+00
2.209217873294325685e+01,0.000000000000000000e+00
2.098867891330432300e+01,0.000000000000000000e+00
2.240164119443651813e+01,0.000000000000000000e+00
2.293712039644263712e+01,0.000000000000000000e+00
2.403378311636834397e+01,0.000000000000000000e+00
2.142623083946660500e+01,0.000000000000000000e+00
2.115006047716915560e+01,0.000000000000000000e+00
2.399688921896217408e+01,0.000000000000000000e+00
2.434572442654172519e+01,0.000000000000000000e+00
2.334790517466182891e+01,0.000000000000000000e+00
2.307019476709976402e+01,0.000000000000000000e+00
2.172265129498929426e+01,0.000000000000000000e+00
2.090288551750251145e+01,0.000000000000000000e+00
2.128889468565745702e+01,0.000000000000000000e+00
2.265659685286233938e+01,0.000000000000000000e+00
2.241851872010423108e+01,0.000000000000000000e+00
2.358639997082951822e+01,0.000000000000000000e+00
2.573511478224253679e+01,0.000000000000000000e+00
2.249806691539074421e+01,0.000000000000000000e+00
2.266612822074621647e+01,0.000000000000000000e+00
2.072805962601403351e+01,0.000000000000000000e+00
2.064641798494961478e+01,0.000000000000000000e+00
2.196094627942231625e+01,0.000000000000000000e+00
2.087345285098821890e+01,0.000000000000000000e+00
1.895990347898449002e+01,0.000000000000000000e+00
2.276998934314445222e+01,0.000000000000000000e+00
2.147851171939839077e+01,0.000000000000000000e+00
2.249345151413150745e+01,0.000000000000000000e+00
2.213107293999015823e+01,0.000000000000000000e+00
1.872683319689885550e+01,0.000000000000000000e+00
2.314886410853603493e+01,0.000000000000000000e+00
1.892447527165789722e+01,0.000000000000000000e+00
1.988303157334917159e+01,0.000000000000000000e+00
2.376895028485216699e+01,0.000000000000000000e+00
2.383024516237946955e+01,0.000000000000000000e+00
1.926529707403986791e+01,0.000000000000000000e+00
2.009328632593470587e+01,0.000000000000000000e+00
1.934874237820955756e+01,0.000000000000000000e+00
2.002297685710527730e+01,0.000000000000000000e+00
2.120236763741161923e+01,0.000000000000000000e+00
2.240943829132102039e+01,0.000000000000000000e+00
1.967072916466817389e+01,0.000000000000000000e+00
2.118493894821753187e+01,0.000000000000000000e+00
2.083579240864903070e+01,0.000000000000000000e+00
2.407262402383978639e+01,0.000000000000000000e+00
2.453279523950503815e+01,0.000000000000000000e+00
2.347259224458825599e+01,0.000000000000000000e+00
2.172290504522868559e+01,0.000000000000000000e+00
2.479792987734634480e+01,0.000000000000000000e+00
2.024062960807334832e+01,0.000000000000000000e+00
1.980900217158296428e+01,0.000000000000000000e+00
1.920079998621011796e+01,0.000000000000000000e+00
1.864895808932136489e+01,0.000000000000000000e+00
2.131835860877425404e+01,0.000000000000000000e+00
2.010665909831969245e+01,0.000000000000000000e+00
1.721079569747841376e+01,0.000000000000000000e+00
2.025668250501137990e+01,0.000000000000000000e+00
2.178664945116878116e+01,0.000000000000000000e+00
2.113932569999903066e+01,0.000000000000000000e+00
2.182751583022346864e+01,0.000000000000000000e+00
2.207616540124912419e+01,0.000000000000000000e+00
2.120654763391716813e+01,0.000000000000000000e+00
2.199673662649123074e+01,0.000000000000000000e+00
1.979502732406309917e+01,0.000000000000000000e+00
2.122011348396264907e+01,0.000000000000000000e+00
1.815948830881693610e+01,0.000000000000000000e+00
2.046914942369411250e+01,0.000000000000000000e+00
2.245704195451357421e+01,0.000000000000000000e+00
2.256872849807164627e+01,0.000000000000000000e+00
2.522219256256499875e+01,0.000000000000000000e+00
2.155690535689560861e+01,0.000000000000000000e+00
1.814370620070310025e+01,0.000000000000000000e+00
2.234330514604623019e+01,0.000000000000000000e+00
2.080009428156339624e+01,0.000000000000000000e+00
2.293803774969425646e+01,0.000000000000000000e+00
1.845768152916326343e+01,0.000000000000000000e+00
2.245470539657918607e+01,0.000000000000000000e+00
1.946206707140828485e+01,0.000000000000000000e+00
2.009651672331359151e+01,0.000000000000000000e+00
2.007592801632694091e+01,0.000000000000000000e+00
2.008637721217406380e+01,0.000000000000000000e+00
1.968796264284133102e+01,0.000000000000000000e+00
1.646416653188581236e+01,0.000000000000000000e+00
2.163623794576201931e+01,0.000000000000000000e+00
2.377943726160807003e+01,0.000000000000000000e+00
2.396023614735849350e+01,0.000000000000000000e+00
1.906433710316814967e+01,0.000000000000000000e+00
2.019747682055876226e+01,0.000000000000000000e+00
2.055320788619431127e+01,0.000000000000000000e+00
1.913649002111513298e+01,0.000000000000000000e+00
2.065865131643876751e+01,0.000000000000000000e+00
1.702062467572365279e+01,0.000000000000000000e+00
1.815379234325271085e+01,0.000000000000000000e+00
2.256839211156527014e+01,0.000000000000000000e+00
2.005651728668788536e+01,0.000000000000000000e+00
1.960800879754194881e+01,0.000000000000000000e+00
2.219348127970959794e+01,0.000000000000000000e+00
1.769994801943370533e+01,0.000000000000000000e+00
2.156502508554934749e+01,0.000000000000000000e+00
2.377959783285378492e+01,0.000000000000000000e+00
1.905523679424360850e+01,0.000000000000000000e+00
2.163207108769336173e+01,0.000000000000000000e+00
2.494084843912903793e+01,0.000000000000000000e+00
1.997012851521641608e+01,0.000000000000000000e+00
2.049306441326437422e+01,0.000000000000000000e+00
2.309874390368323915e+01,0.000000000000000000e+00
2.371393762784880721e+01,0.000000000000000000e+00
2.155150133608918139e+01,0.000000000000000000e+00
2.059090374761978737e+01,0.000000000000000000e+00
2.063669234103518235e+01,0.000000000000000000e+00
1.679271518725177614e+01,0.000000000000000000e+00
2.082692576832990028e+01,0.000000000000000000e+00
1.970774729753001253e+01,0.000000000000000000e+00
1.754786653075720793e+01,0.000000000000000000e+00
2.042949071966054930e+01,0.000000000000000000e+00
1.803574471079997465e+01,0.000000000000000000e+00
2.137564195719879478e+01,0.000000000000000000e+00
1.678748739073441953e+01,0.000000000000000000e+00
2.259937274542213714e+01,0.000000000000000000e+00
1.722578447313918559e+01,0.000000000000000000e+00
2.293679443903517878e+01,0.000000000000000000e+00
2.052394203693765462e+01,0.000000000000000000e+00
1.633655929621307479e+01,0.000000000000000000e+00
1.797473410277036621e+01,0.000000000000000000e+00
2.407933477099557251e+01,0.000000000000000000e+00
2.128686861709967104e+01,0.000000000000000000e+00
2.213722801359131509e+01,0.000000000000000000e+00
2.209139906512894669e+01,0.000000000000000000e+00
1.919108979835125695e+01,0.000000000000000000e+00
1.911240886165733599e+01,0.000000000000000000e+00
2.104140113710406013e+01,0.000000000000000000e+00
2.041453003101246821e+01,0.000000000000000000e+00
1.884871192324725442e+01,0.000000000000000000e+00
2.202289167944180903e+01,0.000000000000000000e+00
1.984066336356437432e+01,0.000000000000000000e+00
1.950643057685818960e+01,0.000000000000000000e+00
2.473842686354255704e+01,0.000000000000000000e+00
1.955159942396021222e+01,0.000000000000000000e+00
2.132145063767746862e+01,0.000000000000000000e+00
2.052905099233754171e+01,0.000000000000000000e+00
2.257705234810082828e+01,0.000000000000000000e+00
2.223688926187699977e+01,0.000000000000000000e+00
1.600944147138275042e+01,0.000000000000000000e+00
2.035076769191891444e+01,0.000000000000000000e+00
1.658041360730214819e+01,0.000000000000000000e+00
1.858026002606106175e+01,0.000000000000000000e+00
2.149922382997224091e+01,0.000000000000000000e+00
1.882226686142867322e+01,0.000000000000000000e+00
1.834066486831961740e+01,0.000000000000000000e+00
1.926619374775492943e+01,0.000000000000000000e+00
1.733558136857127963e+01,0.000000000000000000e+00
1.862114979011200688e+01,0.000000000000000000e+00
1.997576471610476290e+01,0.000000000000000000e+00
1.906309611415952432e+01,0.000000000000000000e+00
2.030983207892359488e+01,0.000000000000000000e+00
2.080135740686516854e+01,0.000000000000000000e+00
1.867110634831867344e+01,0.000000000000000000e+00
2.091561574419871050e+01,0.000000000000000000e+00
2.114064091670557843e+01,0.000000000000000000e+00
1.998185961338075955e+01,0.000000000000000000e+00
2.306906572951704604e+01,0.000000000000000000e+00
2.115549042150257364e+01,0.000000000000000000e+00
2.063619362833017234e+01,0.000000000000000000e+00
1.805157981541954015e+01,0.000000000000000000e+00
1.967975034456945238e+01,0.000000000000000000e+00
1.932333372176146113e+01,0.000000000000000000e+00
2.532149482268011553e+01,0.000000000000000000e+00
2.121559900289023659e+01,0.000000000000000000e+00
2.038698885642990177e+01,0.000000000000000000e+00
2.005876905320569037e+01,0.000000000000000000e+00
2.070657193062432100e+01,0.000000000000000000e+00
2.006231212670832420e+01,0.000000000000000000e+00
1.774524854309837707e+01,0.000000000000000000e+00
1.975744097035317992e+01,0.000000000000000000e+00
2.066174809221836384e+01,0.000000000000000000e+00
1.900083019689220976e+01,0.000000000000000000e+00
2.076171172937909404e+01,0.000000000000000000e+00
2.121187627102203876e+01,0.000000000000000000e+00
2.040374630503083253e+01,0.000000000000000000e+00
2.007028963149764067e+01,0.000000000000000000e+00
1.799545134501162025e+01,0.000000000000000000e+00
2.135265703775021962e+01,0.000000000000000000e+00
2.051900874830917232e+01,0.000000000000000000e+00
2.100545580064221696e+01,0.000000000000000000e+00
1.941071916640726158e+01,0.000000000000000000e+00
2.097330154604334851e+01,0.000000000000000000e+00
2.165833604841286686e+01,0.000000000000000000e+00
2.128453049259455909e+01,0.000000000000000000e+00
2.064591153124289136e+01,0.000000000000000000e+00
1.787210181034381762e+01,0.000000000000000000e+00
2.136302655713223331e+01,0.000000000000000000e+00
2.070064869891184500e+01,0.000000000000000000e+00
2.218525981159061899e+01,0.000000000000000000e+00
2.104879498471595412e+01,0.000000000000000000e+00
1.635726704046792790e+01,0.000000000000000000e+00
2.312299808375550114e+01,0.000000000000000000e+00
2.250916515303308785e+01,0.000000000000000000e+00
1.823014330854650922e+01,0.000000000000000000e+00
1.835363269807589148e+01,0.000000000000000000e+00
2.350437639393056344e+01,0.000000000000000000e+00
1.857571074393512589e+01,0.000000000000000000e+00
2.226193715287449493e+01,0.000000000000000000e+00
1.869612530106999415e+01,0.000000000000000000e+00
2.010592663165958527e+01,0.000000000000000000e+00
2.303987296948028529e+01,0.000000000000000000e+00
1.991255031181516344e+01,0.000000000000000000e+00
2.092106150432814005e+01,0.000000000000000000e+00
1.952058066365975009e+01,0.000000000000000000e+00
1.902800297183297928e+01,0.000000000000000000e+00
1.658221976846830970e+01,0.000000000000000000e+00
1.716804555579849634e+01,0.000000000000000000e+00
2.047468847047015927e+01,0.000000000000000000e+00
2.018473131140049759e+01,0.000000000000000000e+00
1.856605347473580281e+01,0.000000000000000000e+00
2.441052989560992970e+01,0.000000000000000000e+00
1.892961958992625782e+01,0.000000000000000000e+00
2.036377471971129083e+01,0.000000000000000000e+00
2.238913334978240854e+01,0.000000000000000000e+00
1.948056860611028185e+01,0.000000000000000000e+00
1.664772708883480234e+01,0.000000000000000000e+00
2.249728780177792231e+01,0.000000000000000000e+00
2.281809610066028426e+01,0.000000000000000000e+00
2.032857807686711737e+01,0.000000000000000000e+00
1.845448894084781699e+01,0.000000000000000000e+00
2.377301884438717394e+01,0.000000000000000000e+00
2.025886174852070098e+01,0.000000000000000000e+00
2.018822155887841063e+01,0.000000000000000000e+00
2.294896180195604529e+01,0.000000000000000000e+00
1.920373572809397444e+01,0.000000000000000000e+00
2.099074595582796832e+01,0.000000000000000000e+00
2.175060224186156432e+01,0.000000000000000000e+00
2.185337343648854613e+01,0.000000000000000000e+00
1.942454504297155538e+01,0.000000000000000000e+00
2.275813985199681611e+01,0.000000000000000000e+00
2.047469498841736169e+01,0.000000000000000000e+00
2.249779801711074967e+01,0.000000000000000000e+00
2.191814623003475404e+01,0.000000000000000000e+00
2.087682381179616442e+01,0.000000000000000000e+00
2.011954935877854922e+01,0.000000000000000000e+00
2.260867601430710394e+01,0.000000000000000000e+00
2.253109347002221696e+01,0.000000000000000000e+00
1.883278075644972915e+01,0.000000000000000000e+00
2.135212646555978111e+01,0.000000000000000000e+00
2.015965126979904909e+01,0.000000000000000000e+00
2.105165616339598600e+01,0.000000000000000000e+00
2.518633732245012524e+01,0.000000000000000000e+00
1.958069867660669416e+01,0.000000000000000000e+00
2.086405123705921127e+01,0.000000000000000000e+00
1.877002442737027366e+01,0.000000000000000000e+00
2.471397786212918035e+01,0.000000000000000000e+00
1.847434889286820336e+01,0.000000000000000000e+00
1.943866000793860493e+01,0.000000000000000000e+00
2.157029297865744866e+01,0.000000000000000000e+00
2.120740470299206137e+01,0.000000000000000000e+00
2.048189230517101578e+01,0.000000000000000000e+00
1.538296948084906290e+01,0.000000000000000000e+00
1.781178306064737171e+01,0.000000000000000000e+00
2.005900890720712226e+01,0.000000000000000000e+00
2.521279040507611313e+01,0.000000000000000000e+00
2.297735372556493161e+01,0.000000000000000000e+00
2.214244135044330974e+01,0.000000000000000000e+00
2.051227745618705711e+01,0.000000000000000000e+00
2.014576470601227243e+01,0.000000000000000000e+00
2.211119283293431081e+01,0.000000000000000000e+00
2.085901848217709542e+01,0.000000000000000000e+00
2.092012456048934510e+01,0.000000000000000000e+00
1.988651046809260237e+01,0.000000000000000000e+00
1.863982101180187101e+01,0.000000000000000000e+00
2.267520691186735249e+01,0.000000000000000000e+00
2.552156080083575418e+01,0.000000000000000000e+00
2.468339051857850919e+01,0.000000000000000000e+00
2.093119553506327435e+01,0.000000000000000000e+00
2.065105949778500616e+01,0.000000000000000000e+00
2.062003161064756540e+01,0.000000000000000000e+00
2.590698267873347049e+01,0.000000000000000000e+00
2.457086740056922736e+01,0.000000000000000000e+00
2.381740026883700523e+01,0.000000000000000000e+00
2.160828030031497704e+01,0.000000000000000000e+00
1.911767449720931467e+01,0.000000000000000000e+00
2.174078441839741771e+01,0.000000000000000000e+00
2.117527862394683780e+01,0.000000000000000000e+00
2.441626284048611950e+01,0.000000000000000000e+00
2.255462852322925116e+01,0.000000000000000000e+00
2.120647765290267728e+01,0.000000000000000000e+00
2.155483985078518216e+01,0.000000000000000000e+00
2.344494021654621818e+01,0.000000000000000000e+00
2.620776152383460911e+01,0.000000000000000000e+00
2.229032621231197808e+01,0.000000000000000000e+00
2.258795446496230852e+01,0.000000000000000000e+00
2.412949773636770345e+01,0.000000000000000000e+00
2.485743517381615675e+01,0.000000000000000000e+00
2.258491650665103379e+01,0.000000000000000000e+00
2.499399608118358884e+01,0.000000000000000000e+00
2.771045923432672708e+01,0.000000000000000000e+00
2.253770226471718274e+01,0.000000000000000000e+00
2.149328091688225584e+01,0.000000000000000000e+00
2.437939458943149873e+01,0.000000000000000000e+00
2.202453413390466253e+01,0.000000000000000000e+00
2.452294485327261953e+01,0.000000000000000000e+00
2.624096141848721686e+01,0.000000000000000000e+00
2.116515757563134414e+01,0.000000000000000000e+00
2.073820424633676751e+01,0.000000000000000000e+00
2.574717658940375742e+01,0.000000000000000000e+00
2.119102461499024770e+01,0.000000000000000000e+00
2.289931662669022927e+01,0.000000000000000000e+00
2.068460492229822734e+01,0.000000000000000000e+00
2.246318829555449526e+01,0.000000000000000000e+00
1.871688834699844506e+01,0.000000000000000000e+00
2.602912526660476544e+01,0.000000000000000000e+00
2.647497333374226258e+01,0.000000000000000000e+00
2.076184691919994663e+01,0.000000000000000000e+00
2.395768204362575915e+01,0.000000000000000000e+00
2.248242297235987053e+01,0.000000000000000000e+00
2.403471802269710977e+01,0.000000000000000000e+00
2.579709562737576789e+01,0.000000000000000000e+00
2.459261549680179826e+01,0.000000000000000000e+00
2.561477500157584331e+01,0.000000000000000000e+00
2.318602198022136918e+01,0.000000000000000000e+00
2.093164471091556678e+01,0.000000000000000000e+00
2.582635590545694981e+01,0.000000000000000000e+00
2.685802311116098195e+01,0.000000000000000000e+00
2.418304844660118036e+01,0.000000000000000000e+00
2.353134265593939034e+01,0.000000000000000000e+00
2.457979950333582053e+01,0.000000000000000000e+00
2.291156095099373502e+01,0.000000000000000000e+00
2.390197265653167946e+01,0.000000000000000000e+00
2.511575712370840918e+01,0.000000000000000000e+00
2.244692633345356469e+01,0.000000000000000000e+00
2.053966364433278358e+01,0.000000000000000000e+00
2.157511562330785893e+01,0.000000000000000000e+00
2.035125366487585552e+01,0.000000000000000000e+00
2.266839148201900045e+01,0.000000000000000000e+00
2.233827575328167114e+01,0.000000000000000000e+00
2.153774817015708010e+01,0.000000000000000000e+00
2.159918935220854053e+01,0.000000000000000000e+00
2.609994828596285288e+01,0.000000000000000000e+00
2.306006241338258889e+01,0.000000000000000000e+00
2.851471816295691042e+01,0.000000000000000000e+00
2.792800049062530121e+01,0.000000000000000000e+00
2.427940355563101704e+01,0.000000000000000000e+00
2.229564187603373071e+01,0.000000000000000000e+00
2.446302256518848850e+01,0.000000000000000000e+00
2.895272570638665854e+01,0.000000000000000000e+00
2.398036288981331765e+01,0.000000000000000000e+00
2.216738308627550325e+01,0.000000000000000000e+00
2.367254342713815518e+01,0.000000000000000000e+00
2.286722030904574510e+01,0.000000000000000000e+00
2.592746349208807644e+01,0.000000000000000000e+00
2.361669808470032095e+01,0.000000000000000000e+00
2.393688268609301417e+01,0.000000000000000000e+00
2.371572229309533242e+01,0.000000000000000000e+00
2.597563626310835616e+01,0.000000000000000000e+00
2.308473915262728227e+01,0.000000000000000000e+00
2.429402803500426700e+01,0.000000000000000000e+00
2.542491936252626417e+01,0.000000000000000000e+00
2.525077971499294449e+01,0.000000000000000000e+00
2.656723831038284445e+01,0.000000000000000000e+00
2.421946734352722785e+01,0.000000000000000000e+00
2.172275208190259121e+01,0.000000000000000000e+00
2.635652742537648763e+01,0.000000000000000000e+00
2.417007533200250080e+01,0.000000000000000000e+00
2.510268981472024308e+01,0.000000000000000000e+00
2.104099820523190800e+01,0.000000000000000000e+00
2.369114755404236661e+01,0.000000000000000000e+00
2.232833936947885434e+01,0.000000000000000000e+00
2.659224886918660502e+01,0.000000000000000000e+00
2.212417186760680110e+01,0.000000000000000000e+00
2.709766805753575625e+01,0.000000000000000000e+00
2.446359557051331635e+01,0.000000000000000000e+00
2.711549291844687914e+01,0.000000000000000000e+00
2.676777299715250180e+01,0.000000000000000000e+00
2.835721081355583095e+01,0.000000000000000000e+00
3.151072952110358472e+01,0.000000000000000000e+00
2.495563191106861112e+01,0.000000000000000000e+00
2.601412473141540715e+01,0.000000000000000000e+00
2.468415062193676235e+01,0.000000000000000000e+00
2.647729983210699345e+01,0.000000000000000000e+00
2.561131223666531298e+01,0.000000000000000000e+00
2.489597451305342801e+01,0.000000000000000000e+00
2.590784255007835313e+01,0.000000000000000000e+00
2.772881056438839664e+01,0.000000000000000000e+00
2.783210831116826256e+01,0.000000000000000000e+00
2.450770405627082482e+01,0.000000000000000000e+00
2.804762124675633572e+01,0.000000000000000000e+00
2.549422309505797202e+01,0.000000000000000000e+00
2.596489346475242144e+01,0.000000000000000000e+00
2.578915812490589587e+01,0.000000000000000000e+00
2.945665627781053075e+01,0.000000000000000000e+00
2.675772302787882140e+01,0.000000000000000000e+00
3.008887522889165922e+01,0.000000000000000000e+00
3.027691851841424864e+01,0.000000000000000000e+00
2.438954312662108492e+01,0.000000000000000000e+00
2.527007782896243526e+01,0.000000000000000000e+00
2.948822316439924407e+01,0.000000000000000000e+00
2.827081617476688180e+01,0.000000000000000000e+00
2.809563653777904335e+01,0.000000000000000000e+00
2.513523753869295874e+01,0.000000000000000000e+00
2.533299716075700658e+01,0.000000000000000000e+00
2.638225476800306524e+01,0.000000000000000000e+00
2.805271201957869920e+01,0.000000000000000000e+00
2.973159014244460963e+01,0.000000000000000000e+00
2.926261494674216834e+01,0.000000000000000000e+00
2.727446230126455617e+01,0.000000000000000000e+00
2.464926196550135273e+01,0.000000000000000000e+00
2.607420284013701561e+01,0.000000000000000000e+00
2.728497394432705292e+01,0.000000000000000000e+00
2.286775479273240563e+01,0.000000000000000000e+00
3.050348431561633689e+01,0.000000000000000000e+00
2.718253638341993295e+01,0.000000000000000000e+00
2.899659276930047369e+01,0.000000000000000000e+00
2.464295604231158876e+01,0.000000000000000000e+00
2.472071991449340089e+01,0.000000000000000000e+00
2.958868102147854628e+01,0.000000000000000000e+00
2.745307453157751709e+01,0.000000000000000000e+00
3.159671467501047104e+01,0.000000000000000000e+00
2.759093223081330493e+01,0.000000000000000000e+00
2.545551086345631120e+01,0.000000000000000000e+00
2.520409242545316175e+01,0.000000000000000000e+00
2.601743472811498847e+01,0.000000000000000000e+00
2.747499855367272303e+01,0.000000000000000000e+00
2.745690362277781205e+01,0.000000000000000000e+00
2.802817455717709549e+01,0.000000000000000000e+00
2.922720809343627835e+01,0.000000000000000000e+00
2.772398693600064590e+01,0.000000000000000000e+00
2.802747006352109338e+01,0.000000000000000000e+00
2.973684241531330485e+01,0.000000000000000000e+00
2.985443250463761800e+01,0.000000000000000000e+00
2.962030658368978919e+01,0.000000000000000000e+00
2.763384686902227827e+01,0.000000000000000000e+00
2.744158770206071196e+01,0.000000000000000000e+00
2.748070519222290997e+01,0.000000000000000000e+00
2.932844607285808536e+01,0.000000000000000000e+00
3.018027971380401908e+01,0.000000000000000000e+00
2.638087356413181439e+01,0.000000000000000000e+00
2.966625498540349781e+01,0.000000000000000000e+00
2.766933065237746447e+01,0.000000000000000000e+00
3.035081937416686060e+01,0.000000000000000000e+00
2.841331441727150064e+01,0.000000000000000000e+00
2.924257776999549918e+01,0.000000000000000000e+00
3.036324580533268502e+01,0.000000000000000000e+00
2.835422386896514269e+01,0.000000000000000000e+00
2.893980592001673458e+01,0.000000000000000000e+00
3.288662453779197392e+01,0.000000000000000000e+00
2.895052723888171542e+01,0.000000000000000000e+00
2.814303617724828044e+01,0.000000000000000000e+00
2.772227962841523308e+01,0.000000000000000000e+00
2.987269350481719243e+01,0.000000000000000000e+00
2.883925635293347867e+01,0.000000000000000000e+00
2.998714550827281755e+01,0.000000000000000000e+00
3.066261923503310882e+01,0.000000000000000000e+00
2.829834034522334818e+01,0.000000000000000000e+00
2.840480631130193245e+01,0.000000000000000000e+00
2.800794349885713075e+01,0.000000000000000000e+00
3.257145606641736180e+01,0.000000000000000000e+00
3.289978226521201776e+01,0.000000000000000000e+00
2.869530876650703988e+01,0.000000000000000000e+00
2.949699698779394552e+01,0.000000000000000000e+00
3.295103025156954146e+01,0.000000000000000000e+00
2.849031090988519566e+01,0.000000000000000000e+00
3.015254998165011813e+01,0.000000000000000000e+00
3.145413905731954429e+01,0.000000000000000000e+00
3.427997077635524192e+01,0.000000000000000000e+00
3.340269050885954272e+01,0.000000000000000000e+00
3.047284141442858996e+01,0.000000000000000000e+00
3.002610371836976810e+01,0.000000000000000000e+00
2.952347083037789233e+01,0.000000000000000000e+00
2.817718004520261843e+01,0.000000000000000000e+00
3.089602874529069609e+01,0.000000000000000000e+00
2.892098882807561822e+01,0.000000000000000000e+00
3.003392752884038330e+01,0.000000000000000000e+00
3.198037740594306300e+01,0.000000000000000000e+00
3.063055414631732987e+01,0.000000000000000000e+00
3.569299858053643248e+01,0.000000000000000000e+00
2.948115815970072262e+01,0.000000000000000000e+00
2.732063731348616287e+01,0.000000000000000000e+00
3.171372497822959602e+01,0.000000000000000000e+00
3.347095728368625345e+01,0.000000000000000000e+00
3.234748795301644719e+01,0.000000000000000000e+00
3.292360343293041325e+01,0.000000000000000000e+00
3.293421330761531607e+01,0.000000000000000000e+00
3.447102641270229384e+01,0.000000000000000000e+00
3.159898546432417632e+01,0.000000000000000000e+00
2.956454503007478252e+01,0.000000000000000000e+00
3.325452680226301538e+01,0.000000000000000000e+00
3.150467296044995180e+01,0.000000000000000000e+00
3.482692996683179132e+01,0.000000000000000000e+00
3.106386253063542213e+01,0.000000000000000000e+00
3.268899768794165794e+01,0.000000000000000000e+00
3.369841821362285827e+01,0.000000000000000000e+00
3.731947391049206431e+01,0.000000000000000000e+00
2.703249506897195431e+01,0.000000000000000000e+00
3.009331898951413464e+01,0.000000000000000000e+00
3.210495688770927813e+01,0.000000000000000000e+00
3.496167817485500251e+01,0.000000000000000000e+00
3.051309473346578471e+01,0.000000000000000000e+00
3.464954856497067937e+01,0.000000000000000000e+00
3.237266329039073298e+01,0.000000000000000000e+00
3.269753471256757393e+01,0.000000000000000000e+00
3.358385078007617608e+01,0.000000000000000000e+00
3.014597063158769785e+01,0.000000000000000000e+00
3.469340512003058308e+01,0.000000000000000000e+00
3.365246068159771653e+01,0.000000000000000000e+00
3.321430241162849484e+01,0.000000000000000000e+00
3.154019428945975534e+01,0.000000000000000000e+00
2.926945357201014630e+01,0.000000000000000000e+00
3.195235401686642973e+01,0.000000000000000000e+00
3.467963257955027956e+01,0.000000000000000000e+00
3.517800851652090444e+01,0.000000000000000000e+00
3.221056127838804173e+01,0.000000000000000000e+00
3.285529765847138606e+01,0.000000000000000000e+00
3.360987818033682117e+01,0.000000000000000000e+00
3.306983476344753115e+01,0.000000000000000000e+00
3.540077554011647010e+01,0.000000000000000000e+00
3.272551815226346150e+01,0.000000000000000000e+00
3.605930861088436501e+01,0.000000000000000000e+00
3.508838223405236079e+01,0.000000000000000000e+00
3.490194961767795689e+01,0.000000000000000000e+00
3.361018925847419325e+01,0.000000000000000000e+00
3.475592214973265470e+01,0.000000000000000000e+00
3.326333732828491208e+01,0.000000000000000000e+00
3.424947638461627264e+01,0.000000000000000000e+00
3.448344634479641968e+01,0.000000000000000000e+00
3.589069506194288550e+01,0.000000000000000000e+00
3.571550688922808092e+01,0.000000000000000000e+00
3.186113399664559154e+01,0.000000000000000000e+00
3.333468549380602042e+01,0.000000000000000000e+00
3.363128860244307106e+01,0.000000000000000000e+00
3.408955035576244796e+01,0.000000000000000000e+00
3.552990757525850540e+01,0.000000000000000000e+00
3.465996197141983259e+01,0.000000000000000000e+00
3.663691835550253018e+01,0.000000000000000000e+00
3.045779741654886408e+01,0.000000000000000000e+00
3.496371910334202937e+01,0.000000000000000000e+00
3.411165773279567048e+01,0.000000000000000000e+00
3.587858893875126398e+01,0.000000000000000000e+00
3.635497848025261192e+01,0.000000000000000000e+00
3.544049529752868466e+01,0.000000000000000000e+00
3.872521915673782900e+01,0.000000000000000000e+00
3.767753650791089370e+01,0.000000000000000000e+00
3.522075332418980764e+01,0.000000000000000000e+00
3.437773761733329536e+01,0.000000000000000000e+00
3.652642324810412333e+01,0.000000000000000000e+00
3.679357128543779965e+01,0.000000000000000000e+00
3.593146260501507072e+01,0.000000000000000000e+00
3.736635708787233057e+01,0.000000000000000000e+00
3.076074483706137741e+01,0.000000000000000000e+00
3.555355154952231800e+01,0.000000000000000000e+00
3.941646794990132463e+01,0.000000000000000000e+00
3.607018415747924678e+01,0.000000000000000000e+00
3.711103603427544328e+01,0.000000000000000000e+00
3.697657876810639266e+01,0.000000000000000000e+00
3.796280363036486705e+01,0.000000000000000000e+00
3.362720351580580314e+01,0.000000000000000000e+00
3.770395218073944221e+01,0.000000000000000000e+00
3.929043416879523676e+01,0.000000000000000000e+00
3.500236837277505231e+01,0.000000000000000000e+00
3.723184661595215061e+01,0.000000000000000000e+00
3.812731555632774416e+01,0.000000000000000000e+00
3.678468352528765450e+01,0.000000000000000000e+00
3.842586040364166422e+01,0.000000000000000000e+00
3.707252514815115063e+01,0.000000000000000000e+00
3.812689655641216291e+01,0.000000000000000000e+00
3.811810823400904269e+01,0.000000000000000000e+00
3.624589581054311793e+01,0.000000000000000000e+00
3.863127976827330912e+01,0.000000000000000000e+00
3.722767537690891970e+01,0.000000000000000000e+00
3.835316779872839277e+01,0.000000000000000000e+00
3.764376991825572816e+01,0.000000000000000000e+00
3.890687539356389379e+01,0.000000000000000000e+00
3.667766758520602366e+01,0.000000000000000000e+00
3.769164349473789599e+01,0.000000000000000000e+00
3.382197363869997986e+01,0.000000000000000000e+00
3.630515717052179525e+01,0.000000000000000000e+00
3.542893648725754474e+01,0.000000000000000000e+00
4.284869707591327170e+01,0.000000000000000000e+00
3.845470077810752940e+01,0.000000000000000000e+00
3.890285825790262919e+01,0.000000000000000000e+00
3.875775749344489185e+01,0.000000000000000000e+00
3.694102837391008620e+01,0.000000000000000000e+00
3.588723824290899955e+01,0.000000000000000000e+00
3.719275641875444904e+01,0.000000000000000000e+00
3.971242594874199483e+01,0.000000000000000000e+00
4.114965861226772859e+01,0.000000000000000000e+00
4.148080940582284626e+01,0.000000000000000000e+00
3.786212948437538017e+01,0.000000000000000000e+00
4.162360150685283600e+01,0.000000000000000000e+00
3.972816534299499125e+01,0.000000000000000000e+00
3.888939006176789803e+01,0.000000000000000000e+00
4.088423042433770860e+01,0.000000000000000000e+00
4.045205006106220225e+01,0.000000000000000000e+00
3.959114420228858933e+01,0.000000000000000000e+00
4.021624035710671308e+01,0.000000000000000000e+00
3.853932110860038307e+01,0.000000000000000000e+00
4.055430461472068515e+01,0.000000000000000000e+00
3.786481595779009268e+01,0.000000000000000000e+00
3.835377024533458723e+01,0.000000000000000000e+00
4.360510318023830933e+01,0.000000000000000000e+00
4.124071637384055578e+01,0.000000000000000000e+00
4.062328693307206606e+01,0.000000000000000000e+00
3.812061762120663388e+01,0.000000000000000000e+00
4.110959671215027100e+01,0.000000000000000000e+00
4.466550801037372764e+01,0.000000000000000000e+00
4.096871269615905220e+01,0.000000000000000000e+00
3.999670672108933900e+01,0.000000000000000000e+00
4.114454482951676084e+01,0.000000000000000000e+00
4.220625785828536891e+01,0.000000000000000000e+00
3.960246170261466858e+01,0.000000000000000000e+00
3.812583629718260170e+01,0.000000000000000000e+00
3.870061341456207060e+01,0.000000000000000000e+00
4.317953788957225214e+01,0.000000000000000000e+00
4.123659675055230167e+01,0.000000000000000000e+00
4.278507188531283845e+01,0.000000000000000000e+00
4.198250416569651833e+01,0.000000000000000000e+00
4.179588567467140336e+01,0.000000000000000000e+00
4.022208166387062533e+01,0.000000000000000000e+00
4.209085586382078503e+01,0.000000000000000000e+00
4.427309573534683551e+01,0.000000000000000000e+00
3.925106334154624932e+01,0.000000000000000000e+00
4.004096588649252197e+01,0.000000000000000000e+00
4.512723139627488678e+01,0.000000000000000000e+00
4.193793006778201260e+01,0.000000000000000000e+00
3.855355592099272144e+01,0.000000000000000000e+00
4.551695636857463967e+01,0.000000000000000000e+00
4.567432935686022688e+01,0.000000000000000000e+00
3.921792129635952762e+01,0.000000000000000000e+00
4.060389481764937614e+01,0.000000000000000000e+00
3.909523918120302000e+01,0.000000000000000000e+00
4.092076925927000985e+01,0.000000000000000000e+00
4.312572098036247326e+01,0.000000000000000000e+00
4.303194144525296139e+01,0.000000000000000000e+00
4.099951709207225292e+01,0.000000000000000000e+00
3.822206512534887679e+01,0.000000000000000000e+00
4.144934231857038043e+01,0.000000000000000000e+00
4.269343986719916018e+01,0.000000000000000000e+00
4.244781679014737108e+01,0.000000000000000000e+00
4.574868358651326616e+01,0.000000000000000000e+00
4.337056103661556250e+01,0.000000000000000000e+00
4.366276614026357805e+01,0.000000000000000000e+00
4.897193904673930831e+01,0.000000000000000000e+00
4.793740492115365015e+01,0.000000000000000000e+00
4.392108308559193830e+01,0.000000000000000000e+00
3.995380570380980600e+01,0.000000000000000000e+00
4.262915158454073605e+01,0.000000000000000000e+00
4.280886344968622836e+01,0.000000000000000000e+00
4.490644331484926255e+01,0.000000000000000000e+00
4.617634302628950138e+01,0.000000000000000000e+00
4.343684642332019052e+01,0.000000000000000000e+00
4.661363840631533861e+01,0.000000000000000000e+00
3.992605569887411576e+01,0.000000000000000000e+00
4.113522868045974690e+01,0.000000000000000000e+00
4.351264403949848258e+01,0.000000000000000000e+00
4.449256680577732936e+01,0.000000000000000000e+00
4.326447775012719887e+01,0.000000000000000000e+00
4.106339421898736219e+01,0.000000000000000000e+00
4.294881547066550809e+01,0.000000000000000000e+00
4.370827666737407213e+01,0.000000000000000000e+00
4.385427095337961845e+01,0.000000000000000000e+00
4.328165841387975377e+01,0.000000000000000000e+00
4.540671675945826280e+01,0.000000000000000000e+00
4.599049780207758431e+01,0.000000000000000000e+00
4.699394176164298642e+01,0.000000000000000000e+00
4.643850672077422104e+01,0.000000000000000000e+00
4.604752027465175246e+01,0.000000000000000000e+00
4.079596487180943853e+01,0.000000000000000000e+00
4.454124057187298291e+01,0.000000000000000000e+00
4.280890601830619602e+01,0.000000000000000000e+00
4.410492573483610101e+01,0.000000000000000000e+00
4.454198085116410510e+01,0.000000000000000000e+00
4.580765224480782649e+01,0.000000000000000000e+00
4.448499916267837762e+01,0.000000000000000000e+00
4.567845748505694559e+01,0.000000000000000000e+00
4.628837889372442760e+01,0.000000000000000000e+00
4.266746066417008620e+01,0.000000000000000000e+00
4.495205120770680196e+01,0.000000000000000000e+00
4.802355294813092712e+01,0.000000000000000000e+00
4.411858827825852103e+01,0.000000000000000000e+00
4.678216732130275801e+01,0.000000000000000000e+00
4.731559326128012799e+01,0.000000000000000000e+00
4.956189099870132253e+01,0.000000000000000000e+00
4.996856771343971815e+01,0.000000000000000000e+00
5.037400402373420860e+01,0.000000000000000000e+00
4.887784752003455679e+01,0.000000000000000000e+00
4.646458335090485292e+01,0.000000000000000000e+00
4.614023939847832878e+01,0.000000000000000000e+00
4.654803782375968524e+01,0.000000000000000000e+00
4.369995124975191203e+01,0.000000000000000000e+00
4.796822890990321753e+01,0.000000000000000000e+00
4.722214500672859572e+01,0.000000000000000000e+00
5.029710216651639598e+01,0.000000000000000000e+00
4.749924009604288244e+01,0.000000000000000000e+00
4.530532647825859982e+01,0.000000000000000000e+00
4.866556663852853148e+01,0.000000000000000000e+00
4.456234454858908833e+01,0.000000000000000000e+00
4.876259202095582168e+01,0.000000000000000000e+00
4.953232518079841640e+01,0.000000000000000000e+00
4.756234893263643926e+01,0.000000000000000000e+00
4.640436654561710128e+01,0.000000000000000000e+00
4.571510199135910568e+01,0.000000000000000000e+00
4.672300787807358091e+01,0.000000000000000000e+00
5.150880113120001624e+01,0.000000000000000000e+00
4.654509485273592162e+01,0.000000000000000000e+00
4.643362403192997334e+01,0.000000000000000000e+00
5.116358362484029243e+01,0.000000000000000000e+00
5.074350397133571278e+01,0.000000000000000000e+00
4.787771131359136945e+01,0.000000000000000000e+00
5.139772476749408270e+01,0.000000000000000000e+00
4.762326879898222387e+01,0.000000000000000000e+00
4.992443632420768296e+01,0.000000000000000000e+00
4.812325692629473650e+01,0.000000000000000000e+00
4.910564662863453123e+01,0.000000000000000000e+00
5.453555265156926168e+01,0.000000000000000000e+00
5.012906515248295847e+01,0.000000000000000000e+00
5.021826111187048980e+01,0.000000000000000000e+00
4.891844192365714861e+01,0.000000000000000000e+00
5.332971465382299669e+01,0.000000000000000000e+00
5.117896142196013187e+01,0.000000000000000000e+00
4.939438483448630279e+01,0.000000000000000000e+00
5.388632332594453089e+01,0.000000000000000000e+00
4.872238890902032438e+01,0.000000000000000000e+00
5.193744028941559066e+01,0.000000000000000000e+00
4.781089244201579191e+01,0.000000000000000000e+00
4.804024233731502136e+01,0.000000000000000000e+00
4.828228253099892697e+01,0.000000000000000000e+00
4.873968763644178637e+01,0.000000000000000000e+00
5.388083189824517660e+01,0.000000000000000000e+00
4.792141667409813266e+01,0.000000000000000000e+00
5.201544079758171790e+01,0.000000000000000000e+00
4.948777041161837076e+01,0.000000000000000000e+00
5.196516242294373455e+01,0.000000000000000000e+00
5.299356159781328302e+01,0.000000000000000000e+00
5.029009007001110376e+01,0.000000000000000000e+00
4.998548797727825388e+01,0.000000000000000000e+00
5.029790400288355556e+01,0.000000000000000000e+00
5.271543496619688085e+01,0.000000000000000000e+00
4.860119183929536746e+01,0.000000000000000000e+00
5.211492238137958566e+01,0.000000000000000000e+00
5.180305169728424630e+01,0.000000000000000000e+00
5.440619612838238339e+01,0.000000000000000000e+00
5.199206690301410561e+01,0.000000000000000000e+00
5.601390659610599698e+01,0.000000000000000000e+00
4.798460666698671417e+01,0.000000000000000000e+00
5.241935087307756902e+01,0.000000000000000000e+00
5.284821031636770527e+01,0.000000000000000000e+00
5.359896176929845524e+01,0.000000000000000000e+00
5.231994936818684039e+01,0.000000000000000000e+00
5.104595642670741285e+01,0.000000000000000000e+00
5.595917453372877048e+01,0.000000000000000000e+00
5.201624513017033991e+01,0.000000000000000000e+00
5.228606356287093604e+01,0.000000000000000000e+00
5.387454150328148472e+01,0.000000000000000000e+00
5.320718001479865933e+01,0.000000000000000000e+00
5.427153300411549708e+01,0.000000000000000000e+00
5.391589023437118300e+01,0.000000000000000000e+00
5.196675218001735885e+01,0.000000000000000000e+00
5.105686830886262584e+01,0.000000000000000000e+00
5.282787071169954629e+01,0.000000000000000000e+00
4.965817065246096007e+01,0.000000000000000000e+00
5.387250735744137131e+01,0.000000000000000000e+00
5.435649390713165019e+01,0.000000000000000000e+00
5.613889590905531435e+01,0.000000000000000000e+00
4.716200536773079932e+01,0.000000000000000000e+00
5.208250869834546393e+01,0.000000000000000000e+00
5.280293085886989246e+01,0.000000000000000000e+00
5.457410614253322478e+01,0.000000000000000000e+00
5.321587405394001280e+01,0.000000000000000000e+00
5.184792852764341831e+01,0.000000000000000000e+00
5.236921794713475009e+01,0.000000000000000000e+00
5.462143527861003633e+01,0.000000000000000000e+00
5.436306366307243820e+01,0.000000000000000000e+00
5.080034851278291086e+01,0.000000000000000000e+00
5.435801719510321561e+01,0.000000000000000000e+00
5.424175623730089768e+01,0.000000000000000000e+00
5.504523943665628138e+01,0.000000000000000000e+00
5.492755041624698009e+01,0.000000000000000000e+00
5.451508408518140669e+01,0.000000000000000000e+00
5.549583808712508670e+01,0.000000000000000000e+00
5.339988727315403594e+01,0.000000000000000000e+00
5.544050344603102332e+01,0.000000000000000000e+00
5.590251679075131364e+01,0.000000000000000000e+00
5.653064131470923570e+01,0.000000000000000000e+00
5.401655993596011740e+01,0.000000000000000000e+00
5.272566025565946290e+01,0.000000000000000000e+00
5.690081384751995586e+01,0.000000000000000000e+00
5.638082359233215612e+01,0.000000000000000000e+00
5.475951879644596687e+01,0.000000000000000000e+00
5.531018236408444011e+01,0.000000000000000000e+00
5.831639249370277156e+01,0.000000000000000000e+00
5.370546600160336226e+01,0.000000000000000000e+00
5.671105267143337869e+01,0.000000000000000000e+00
5.458234310168174375e+01,0.000000000000000000e+00
5.989107210842443862e+01,0.000000000000000000e+00
5.609571563772474434e+01,0.000000000000000000e+00
6.071883727993756708e+01,0.000000000000000000e+00
5.708750890126277255e+01,0.000000000000000000e+00
5.614385628617670676e+01,0.000000000000000000e+00
5.932863825389995327e+01,0.000000000000000000e+00
5.544463295028430139e+01,0.000000000000000000e+00
5.862216148542945149e+01,0.000000000000000000e+00
5.782025395721736061e+01,0.000000000000000000e+00
5.915179356910904573e+01,0.000000000000000000e+00
5.442146811068892731e+01,0.000000000000000000e+00
5.920295807451756787e+01,0.000000000000000000e+00
5.121971466966567732e+01,0.000000000000000000e+00
5.778830287778911412e+01,0.000000000000000000e+00
6.162165249204231543e+01,0.000000000000000000e+00
6.041353255890366825e+01,0.000000000000000000e+00
5.563471342138110742e+01,0.000000000000000000e+00
5.276821368523348355e+01,0.000000000000000000e+00
5.429868257880611537e+01,0.000000000000000000e+00
5.716410842412413018e+01,0.000000000000000000e+00
5.624273380781210108e+01,0.000000000000000000e+00
5.527408682751668323e+01,0.000000000000000000e+00
5.652331210706410758e+01,0.000000000000000000e+00
6.032399856478812694e+01,0.000000000000000000e+00
5.866163009594781386e+01,0.000000000000000000e+00
5.614399375279664639e+01,0.000000000000000000e+00
5.551131450787086408e+01,0.000000000000000000e+00
5.522480885757941138e+01,0.000000000000000000e+00
5.571394263712944905e+01,0.000000000000000000e+00
5.854102322180654028e+01,0.000000000000000000e+00
5.726386396788102218e+01,0.000000000000000000e+00
5.601421995422084876e+01,0.000000000000000000e+00
6.093400613239212760e+01,0.000000000000000000e+00
5.642805387772114045e+01,0.000000000000000000e+00
5.576977154746895593e+01,0.000000000000000000e+00
5.676469323767324227e+01,0.000000000000000000e+00
5.962431532208599094e+01,0.000000000000000000e+00
5.808518870154018998e+01,0.000000000000000000e+00
5.761821614957336379e+01,0.000000000000000000e+00
6.008433471124897096e+01,0.000000000000000000e+00
6.123116676337277653e+01,0.000000000000000000e+00
6.056042329333492091e+01,0.000000000000000000e+00
6.200942955124096301e+01,0.000000000000000000e+00
6.272610249806347582e+01,0.000000000000000000e+00
6.086020281593540915e+01,0.000000000000000000e+00
5.948735195786041885e+01,0.000000000000000000e+00
6.512251723252542490e+01,0.000000000000000000e+00
5.801207211442459055e+01,0.000000000000000000e+00
6.046484616144735469e+01,0.000000000000000000e+00
5.833734758344633065e+01,0.000000000000000000e+00
5.896284822674839177e+01,0.000000000000000000e+00
6.048764132966043405e+01,0.000000000000000000e+00
5.855430335395212182e+01,0.000000000000000000e+00
5.778343984169404735e+01,0.000000000000000000e+00
5.987325128645804284e+01,0.000000000000000000e+00
6.398452199940686569e+01,0.000000000000000000e+00
6.107826723616603459e+01,0.000000000000000000e+00
6.116069099536474596e+01,0.000000000000000000e+00
6.125144668231136791e+01,0.000000000000000000e+00
6.152026062922260508e+01,0.000000000000000000e+00
5.523606878708701373e+01,0.000000000000000000e+00
6.506858128359543514e+01,0.000000000000000000e+00
5.848502121843198154e+01,0.000000000000000000e+00
6.004177554881663070e+01,0.000000000000000000e+00
6.186481406760862001e+01,0.000000000000000000e+00
5.993290286602664452e+01,0.000000000000000000e+00
5.989313616993624834e+01,0.000000000000000000e+00
6.202877743472828342e+01,0.000000000000000000e+00
6.070087981486386752e+01,0.000000000000000000e+00
6.221649278256006710e+01,0.000000000000000000e+00
6.278859403382079307e+01,0.000000000000000000e+00
6.247951007410829050e+01,0.000000000000000000e+00
5.965017629716768965e+01,0.000000000000000000e+00
6.050348381924673902e+01,0.000000000000000000e+00
6.136644624183161767e+01,0.000000000000000000e+00
6.483501808418667167e+01,0.000000000000000000e+00
6.265576696797634781e+01,0.000000000000000000e+00
6.042765795739767754e+01,0.000000000000000000e+00
6.251906941021373854e+01,0.000000000000000000e+00
5.987013500095718399e+01,0.000000000000000000e+00
6.235676448967553398e+01,0.000000000000000000e+00
6.406531046686005482e+01,0.000000000000000000e+00
6.284730323975404076e+01,0.000000000000000000e+00
6.614263710690657661e+01,0.000000000000000000e+00
6.292147130494375773e+01,0.000000000000000000e+00
6.282510036753123472e+01,0.000000000000000000e+00
6.419172562733906773e+01,0.000000000000000000e+00
5.888425773128216179e+01,0.000000000000000000e+00
6.277567528188331636e+01,0.000000000000000000e+00
6.101976347022620217e+01,0.000000000000000000e+00
6.122469429152961595e+01,0.000000000000000000e+00
6.351358715649923425e+01,0.000000000000000000e+00
6.121223531500395154e+01,0.000000000000000000e+00
6.268856356294006815e+01,0.000000000000000000e+00
6.290791131657130109e+01,0.000000000000000000e+00
6.079082292696303114e+01,0.000000000000000000e+00
6.242924365618749505e+01,0.000000000000000000e+00
5.957563366536302851e+01,0.000000000000000000e+00
6.575181295743367116e+01,0.000000000000000000e+00
6.366610576951740086e+01,0.000000000000000000e+00
6.205628091220961551e+01,0.000000000000000000e+00
6.250651672463336439e+01,0.000000000000000000e+00
6.158211115658977519e+01,0.000000000000000000e+00
6.184124039632207115e+01,0.000000000000000000e+00
6.114709896922997245e+01,0.000000000000000000e+00
6.098637877710842758e+01,0.000000000000000000e+00
6.325705462396570056e+01,0.000000000000000000e+00
6.598542594599034317e+01,0.000000000000000000e+00
6.719940455966094817e+01,0.000000000000000000e+00
6.176595290914692526e+01,0.000000000000000000e+00
6.319524103005765880e+01,0.000000000000000000e+00
6.449726633332954862e+01,0.000000000000000000e+00
6.769000189434333947e+01,0.000000000000000000e+00
6.027364095931328336e+01,0.000000000000000000e+00
6.496636286505612645e+01,0.000000000000000000e+00
6.599756083527506689e+01,0.000000000000000000e+00
6.725831181603984987e+01,0.000000000000000000e+00
6.315919697452892478e+01,0.000000000000000000e+00
6.479422447603224100e+01,0.000000000000000000e+00
6.692564824176973559e+01,0.000000000000000000e+00
6.488173476091625957e+01,0.000000000000000000e+00
6.137061777174594113e+01,0.000000000000000000e+00
6.275673859577164393e+01,0.000000000000000000e+00
6.493641487579920124e+01,0.000000000000000000e+00
6.557187432840561314e+01,0.000000000000000000e+00
6.478827147108422935e+01,0.000000000000000000e+00
6.880221976607502654e+01,0.000000000000000000e+00
6.174284930454906828e+01,0.000000000000000000e+00
6.460343636494093289e+01,0.000000000000000000e+00
6.666484588156929192e+01,0.000000000000000000e+00
6.377924921605850272e+01,0.000000000000000000e+00
6.155226484515883811e+01,0.000000000000000000e+00
6.769587783701443584e+01,0.000000000000000000e+00
6.530947783924005989e+01,0.000000000000000000e+00
6.355804074095534872e+01,0.000000000000000000e+00
6.773541165214989235e+01,0.000000000000000000e+00
6.649672906780145354e+01,0.000000000000000000e+00
6.594658152912448656e+01,0.000000000000000000e+00
6.393794267893912320e+01,0.000000000000000000e+00
6.497069297307589864e+01,0.000000000000000000e+00
6.581938591891666590e+01,0.000000000000000000e+00
6.641667530566040512e+01,0.000000000000000000e+00
6.294300844467957745e+01,0.000000000000000000e+00
6.715544645604741447e+01,0.000000000000000000e+00
6.720183282558586768e+01,0.000000000000000000e+00
6.321538293348898208e+01,0.000000000000000000e+00
6.683742896196353911e+01,0.000000000000000000e+00
6.379148734518543762e+01,0.000000000000000000e+00
6.472094541709779492e+01,0.000000000000000000e+00
6.898302175550089999e+01,0.000000000000000000e+00
7.081286135800759496e+01,0.000000000000000000e+00
6.730995554236213252e+01,0.000000000000000000e+00
6.780108091055129194e+01,0.000000000000000000e+00
6.564750141032997988e+01,0.000000000000000000e+00
6.962544983531608978e+01,0.000000000000000000e+00
6.601334055627496866e+01,0.000000000000000000e+00
6.463304650681739361e+01,0.000000000000000000e+00
6.749706265479964884e+01,0.000000000000000000e+00
7.052148302976900140e+01,0.000000000000000000e+00
6.586338119181566242e+01,0.000000000000000000e+00
6.896549605613425626e+01,0.000000000000000000e+00
6.862417139692860246e+01,0.000000000000000000e+00
6.177229134189274617e+01,0.000000000000000000e+00
6.783058735954880092e+01,0.000000000000000000e+00
6.972052907551834267e+01,0.000000000000000000e+00
7.392816920260759161e+01,0.000000000000000000e+00
7.302332970299458736e+01,0.000000000000000000e+00
7.008325617441056465e+01,0.000000000000000000e+00
6.705382653833954976e+01,0.000000000000000000e+00
6.600529123091438066e+01,0.000000000000000000e+00
6.694217061129208446e+01,0.000000000000000000e+00
6.701102600560244582e+01,0.000000000000000000e+00
6.531117238336813102e+01,0.000000000000000000e+00
6.943657399035929245e+01,0.000000000000000000e+00
6.636132022375417705e+01,0.000000000000000000e+00
6.601443963764901923e+01,0.000000000000000000e+00
7.116070855078336876e+01,0.000000000000000000e+00
6.582620022472281107e+01,0.000000000000000000e+00
6.346887991899266268e+01,0.000000000000000000e+00
6.613063899531583445e+01,0.000000000000000000e+00
6.785384477317201402e+01,0.000000000000000000e+00
6.653316934870171906e+01,0.000000000000000000e+00
6.921312149758124121e+01,0.000000000000000000e+00
6.748544821349587153e+01,0.000000000000000000e+00
6.804454529274406127e+01,0.000000000000000000e+00
6.686211471715610344e+01,0.000000000000000000e+00
7.033933990009431625e+01,0.000000000000000000e+00
7.062402354320937548e+01,0.000000000000000000e+00
6.948393412153708937e+01,0.000000000000000000e+00
7.125004972201159603e+01,0.000000000000000000e+00
7.069733045730964704e+01,0.000000000000000000e+00
7.404415034569446163e+01,0.000000000000000000e+00
7.034488795993779320e+01,0.000000000000000000e+00
6.602339721799675942e+01,0.000000000000000000e+00
7.274427305971934743e+01,0.000000000000000000e+00
7.072519119643706631e+01,0.000000000000000000e+00
6.945635283473691857e+01,0.000000000000000000e+00
6.965736332427167099e+01,0.000000000000000000e+00
6.816451285297976881e+01,0.000000000000000000e+00
6.979893686206163750e+01,0.000000000000000000e+00
7.098460859140381274e+01,0.000000000000000000e+00
6.985949980653079194e+01,0.000000000000000000e+00
7.296850144369489044e+01,0.000000000000000000e+00
6.877004707374412362e+01,0.000000000000000000e+00
6.600488997004606517e+01,0.000000000000000000e+00
6.881197118682241864e+01,0.000000000000000000e+00
7.025357633226383314e+01,0.000000000000000000e+00
7.457304740186128811e+01,0.000000000000000000e+00
6.998397995599781041e+01,0.000000000000000000e+00
7.105235427690519145e+01,0.000000000000000000e+00
7.130770763707691628e+01,0.000000000000000000e+00
7.373318117780007697e+01,0.000000000000000000e+00
7.161548176712111058e+01,0.000000000000000000e+00
7.152837811486845965e+01,0.000000000000000000e+00
6.839942605113648710e+01,0.000000000000000000e+00
7.296004897627312857e+01,0.000000000000000000e+00
7.042717999797706341e+01,0.000000000000000000e+00
7.076270240033173309e+01,0.000000000000000000e+00
7.194918391967803473e+01,0.000000000000000000e+00
6.972579641189203414e+01,0.000000000000000000e+00
6.954682391625263449e+01,0.000000000000000000e+00
7.202310983236210973e+01,0.000000000000000000e+00
7.215203038719208450e+01,0.000000000000000000e+00
7.528889746266273164e+01,0.000000000000000000e+00
6.864148713022221671e+01,0.000000000000000000e+00
7.243774086712535620e+01,0.000000000000000000e+00
7.276019027329999744e+01,0.000000000000000000e+00
7.451072752865169946e+01,0.000000000000000000e+00
7.427055017187075237e+01,0.000000000000000000e+00
7.280154542345651691e+01,0.000000000000000000e+00
7.763291477754572156e+01,0.000000000000000000e+00
7.261541241524841439e+01,0.000000000000000000e+00
7.134681270603557834e+01,0.000000000000000000e+00
7.401276102263052792e+01,0.000000000000000000e+00
6.967831220397383163e+01,0.000000000000000000e+00
7.200386096150323567e+01,0.000000000000000000e+00
7.214199445121889198e+01,0.000000000000000000e+00
7.184036733848678580e+01,0.000000000000000000e+00
7.036546862922045875e+01,0.000000000000000000e+00
7.157576767901177561e+01,0.000000000000000000e+00
7.336242526085527516e+01,0.000000000000000000e+00
6.988027724341588964e+01,0.000000000000000000e+00
7.087140845966665381e+01,0.000000000000000000e+00
6.918729826723587450e+01,0.000000000000000000e+00
7.178485698114548086e+01,0.000000000000000000e+00
7.309300471779218356e+01,0.000000000000000000e+00
7.281825281408541173e+01,0.000000000000000000e+00
7.276717467332041167e+01,0.000000000000000000e+00
7.460198790855054085e+01,0.000000000000000000e+00
6.795311831108438128e+01,0.000000000000000000e+00
6.956066013872596443e+01,0.000000000000000000e+00
7.091960281964513513e+01,0.000000000000000000e+00
7.346621734237358226e+01,0.000000000000000000e+00
7.097026271778385365e+01,0.000000000000000000e+00
7.417558138785443589e+01,0.000000000000000000e+00
7.453301065687773530e+01,0.000000000000000000e+00
7.496920681573196532e+01,0.000000000000000000e+00
7.341311778997716431e+01,0.000000000000000000e+00
7.335358916477512992e+01,0.000000000000000000e+00
7.323310545277260530e+01,0.000000000000000000e+00
7.194765322954278020e+01,0.000000000000000000e+00
7.644963014049707795e+01,0.000000000000000000e+00
7.373258144810732517e+01,0.000000000000000000e+00
7.637475914778127617e+01,0.000000000000000000e+00
7.047028379183393554e+01,0.000000000000000000e+00
7.266049534972714241e+01,0.000000000000000000e+00
7.272065887719394084e+01,0.000000000000000000e+00
7.446335562557109711e+01,0.000000000000000000e+00
7.245672024042860926e+01,0.000000000000000000e+00
7.007012536788025159e+01,0.000000000000000000e+00
7.083841917252892983e+01,0.000000000000000000e+00
7.203952181035764113e+01,0.000000000000000000e+00
7.339352121150906783e+01,0.000000000000000000e+00
7.643513109626901780e+01,0.000000000000000000e+00
7.437324552407189060e+01,0.000000000000000000e+00
7.179846627908932533e+01,0.000000000000000000e+00
7.747141386447381706e+01,0.000000000000000000e+00
7.554243815105439808e+01,0.000000000000000000e+00
7.520545375721958692e+01,0.000000000000000000e+00
7.293723465155768793e+01,0.000000000000000000e+00
7.242917333500118104e+01,0.000000000000000000e+00
7.289097849452491573e+01,0.000000000000000000e+00
7.850752781484658271e+01,0.000000000000000000e+00
7.417439032362922546e+01,0.000000000000000000e+00
8.124025273549656845e+01,0.000000000000000000e+00
7.164926567329040097e+01,0.000000000000000000e+00
7.684575256672563626e+01,0.000000000000000000e+00
7.611629783842522556e+01,0.000000000000000000e+00
7.498633638637025456e+01,0.000000000000000000e+00
7.299307004925368858e+01,0.000000000000000000e+00
7.621932451160041921e+01,0.000000000000000000e+00
7.488788504740399787e+01,0.000000000000000000e+00
7.348538322969496051e+01,0.000000000000000000e+00
7.549157896149131375e+01,0.000000000000000000e+00
7.809916068087757424e+01,0.000000000000000000e+00
7.623652181865469402e+01,0.000000000000000000e+00
6.814059821614749524e+01,0.000000000000000000e+00
7.703574401508107883e+01,0.000000000000000000e+00
7.663084110235875812e+01,0.000000000000000000e+00
7.609816763999890554e+01,0.000000000000000000e+00
7.595258364075738200e+01,0.000000000000000000e+00
7.174308301886999573e+01,0.000000000000000000e+00
7.509264375973255312e+01,0.000000000000000000e+00
7.728326308207492445e+01,0.000000000000000000e+00
7.905953228560898083e+01,0.000000000000000000e+00
7.642326977154367285e+01,0.000000000000000000e+00
7.732306597420691219e+01,0.000000000000000000e+00
7.655500277569632317e+01,0.000000000000000000e+00
7.517384103134865825e+01,0.000000000000000000e+00
8.288602616712124416e+01,0.000000000000000000e+00
7.463098351971797229e+01,0.000000000000000000e+00
7.509223612168150908e+01,0.000000000000000000e+00
7.677714065721855263e+01,0.000000000000000000e+00
7.568370280659742377e+01,0.000000000000000000e+00
7.535940976219971787e+01,0.000000000000000000e+00
7.544466971137615019e+01,0.000000000000000000e+00
7.777296706221679301e+01,0.000000000000000000e+00
7.592334409539067508e+01,0.000000000000000000e+00
7.573283163248157734e+01,0.000000000000000000e+00
7.690050430707773899e+01,0.000000000000000000e+00
7.498540951973068047e+01,0.000000000000000000e+00
7.518347641826787253e+01,0.000000000000000000e+00
7.517333973719280493e+01,0.000000000000000000e+00
7.822145655157081023e+01,0.000000000000000000e+00
7.156186563700558168e+01,0.000000000000000000e+00
7.322040082896131707e+01,0.000000000000000000e+00
7.248818046345616040e+01,0.000000000000000000e+00
7.872601987347032093e+01,0.000000000000000000e+00
7.590945294895229267e+01,0.000000000000000000e+00
7.454010846265417456e+01,0.000000000000000000e+00
7.628512879633166222e+01,0.000000000000000000e+00
7.698662253993265381e+01,0.000000000000000000e+00
7.605748940915381695e+01,0.000000000000000000e+00
7.595759960695603752e+01,0.000000000000000000e+00
7.793377634854091696e+01,0.000000000000000000e+00
8.002982746548235582e+01,0.000000000000000000e+00
7.718305108679538762e+01,0.000000000000000000e+00
7.691042625479401806e+01,0.000000000000000000e+00
7.647614468499844520e+01,0.000000000000000000e+00
7.568686448572680092e+01,0.000000000000000000e+00
7.914111268739689820e+01,0.000000000000000000e+00
7.512175481481057204e+01,0.000000000000000000e+00
7.582972951091693403e+01,0.000000000000000000e+00
7.944988420157838505e+01,0.000000000000000000e+00
7.809003921944449189e+01,0.000000000000000000e+00
7.940706414202328745e+01,0.000000000000000000e+00
7.351617558018077148e+01,0.000000000000000000e+00
7.800790831420211191e+01,0.000000000000000000e+00
7.519509171559293748e+01,0.000000000000000000e+00
7.942295925865153094e+01,0.000000000000000000e+00
7.737172058582770262e+01,0.000000000000000000e+00
8.065438653742084796e+01,0.000000000000000000e+00
7.281308542678361562e+01,0.000000000000000000e+00
7.619164025600103685e+01,0.000000000000000000e+00
7.891351498226994465e+01,0.000000000000000000e+00
7.552093084320010519e+01,0.000000000000000000e+00
7.705081392762524217e+01,0.000000000000000000e+00
7.415971406709331859e+01,0.000000000000000000e+00
7.490480025416856336e+01,0.000000000000000000e+00
7.983447292135539897e+01,0.000000000000000000e+00
7.596310057325827358e+01,0.000000000000000000e+00
7.746212127316981366e+01,0.000000000000000000e+00
7.678312977672254647e+01,0.000000000000000000e+00
7.841754847358535585e+01,0.000000000000000000e+00
7.617006551262947767e+01,0.000000000000000000e+00
7.925296214970565245e+01,0.000000000000000000e+00
7.457323627015823320e+01,0.000000000000000000e+00
7.765451496933015108e+01,0.000000000000000000e+00
8.287181693521856118e+01,0.000000000000000000e+00
7.989655284484300068e+01,0.000000000000000000e+00
7.526116782400745819e+01,0.000000000000000000e+00
8.215691115336149153e+01,0.000000000000000000e+00
7.881126168997033687e+01,0.000000000000000000e+00
7.662778878616248335e+01,0.000000000000000000e+00
7.725365029628761704e+01,0.000000000000000000e+00
8.034972428677444611e+01,0.000000000000000000e+00
7.815683992430773230e+01,0.000000000000000000e+00
7.728223507972543871e+01,0.000000000000000000e+00
7.545400714725629143e+01,0.000000000000000000e+00
7.897611924129162730e+01,0.000000000000000000e+00
7.924430463265031221e+01,0.000000000000000000e+00
8.099371527426546891e+01,0.000000000000000000e+00
7.688391142242963383e+01,0.000000000000000000e+00
7.540370359254760046e+01,0.000000000000000000e+00
7.548849332397577427e+01,0.000000000000000000e+00
8.124146076233574831e+01,0.000000000000000000e+00
7.965237044232317487e+01,0.000000000000000000e+00
7.982475613507777723e+01,0.000000000000000000e+00
7.778235756160739811e+01,0.000000000000000000e+00
7.943047295805882868e+01,0.000000000000000000e+00
7.719275967476707478e+01,0.000000000000000000e+00
7.769138145312551558e+01,0.000000000000000000e+00
8.005285219061042312e+01,0.000000000000000000e+00
7.830378311915143286e+01,0.000000000000000000e+00
8.093386876907345595e+01,0.000000000000000000e+00
7.625896236812869233e+01,0.000000000000000000e+00
7.967072987336757706e+01,0.000000000000000000e+00
8.127763234717002661e+01,0.000000000000000000e+00
7.527988434087582448e+01,0.000000000000000000e+00
7.950942236842584521e+01,0.000000000000000000e+00
7.802497354331629253e+01,0.000000000000000000e+00
8.065019666395045306e+01,0.000000000000000000e+00
8.132580725962971258e+01,0.000000000000000000e+00
7.883401161386844080e+01,0.000000000000000000e+00
7.709973358299936308e+01,0.000000000000000000e+00
7.762240498009892065e+01,0.000000000000000000e+00
8.201745478477521090e+01,0.000000000000000000e+00
7.914349188941739044e+01,0.000000000000000000e+00
8.377448295707358739e+01,0.000000000000000000e+00
7.883076300007871851e+01,0.000000000000000000e+00
7.931050592325122750e+01,0.000000000000000000e+00
7.778278385517191396e+01,0.000000000000000000e+00
7.866737736228064648e+01,0.000000000000000000e+00
7.993822903100532073e+01,0.000000000000000000e+00
7.838197480006027718e+01,0.000000000000000000e+00
7.818590445384968746e+01,0.000000000000000000e+00
8.178402401685190171e+01,0.000000000000000000e+00
7.771128224750258084e+01,0.000000000000000000e+00
7.970222429187106172e+01,0.000000000000000000e+00
7.831822879959440797e+01,0.000000000000000000e+00
8.054223979478517492e+01,0.000000000000000000e+00
8.074415325289204759e+01,0.000000000000000000e+00
7.929787341998755323e+01,0.000000000000000000e+00
8.455406012419415163e+01,0.000000000000000000e+00
7.813348194878625463e+01,0.000000000000000000e+00
7.658449142379437546e+01,0.000000000000000000e+00
8.363316444006929373e+01,0.000000000000000000e+00
7.867683790834162494e+01,0.000000000000000000e+00
7.894972661513334344e+01,0.000000000000000000e+00
7.648196603741878619e+01,0.000000000000000000e+00
7.862421638901557230e+01,0.000000000000000000e+00
8.179033948688928035e+01,0.000000000000000000e+00
7.993423754490788724e+01,0.000000000000000000e+00
8.473758601435329751e+01,0.000000000000000000e+00
7.754675227784176172e+01,0.000000000000000000e+00
7.858490389977798429e+01,0.000000000000000000e+00
8.165191910786791141e+01,0.000000000000000000e+00
7.705740486672320344e+01,0.000000000000000000e+00
7.534573929673135240e+01,0.000000000000000000e+00
7.945631944493160859e+01,0.000000000000000000e+00
8.092089022149554012e+01,0.000000000000000000e+00
7.827679418427693747e+01,0.000000000000000000e+00
8.010661263900625784e+01,0.000000000000000000e+00
7.801431887903339657e+01,0.000000000000000000e+00
8.299995254453445170e+01,0.000000000000000000e+00
7.659415206231635409e+01,0.000000000000000000e+00
8.052971954352848627e+01,0.000000000000000000e+00
8.062198030852906072e+01,0.000000000000000000e+00
7.925477330258108566e+01,0.000000000000000000e+00
7.834142755914284351e+01,0.000000000000000000e+00
7.802201389349764327e+01,0.000000000000000000e+00
8.152125868998625435e+01,0.000000000000000000e+00
8.095070745592083483e+01,0.000000000000000000e+00
7.917605883780817067e+01,0.000000000000000000e+00
7.983889841925306996e+01,0.000000000000000000e+00
8.267626969794265790e+01,0.000000000000000000e+00
7.983018866376103517e+01,0.000000000000000000e+00
7.882909299303375406e+01,0.000000000000000000e+00
7.971598239515869011e+01,0.000000000000000000e+00
7.985903025781676945e+01,0.000000000000000000e+00
8.146907581488704864e+01,0.000000000000000000e+00
7.854792041468030561e+01,0.000000000000000000e+00
7.621057824603443009e+01,0.000000000000000000e+00
7.959060725797915836e+01,0.000000000000000000e+00
7.964944578548917775e+01,0.000000000000000000e+00
8.380116954613308167e+01,0.000000000000000000e+00
7.945691634330131592e+01,0.000000000000000000e+00
7.806450158058517275e+01,0.000000000000000000e+00
8.054222249433405523e+01,0.000000000000000000e+00
7.806744234729784182e+01,0.000000000000000000e+00
7.976060580402474898e+01,0.000000000000000000e+00
7.876013134451831377e+01,0.000000000000000000e+00
8.223482792027283494e+01,0.000000000000000000e+00
8.047856671156149844e+01,0.000000000000000000e+00
7.952724817351456466e+01,0.000000000000000000e+00
7.912114745329732557e+01,0.000000000000000000e+00
7.874603292409426558e+01,0.000000000000000000e+00
7.824586520782223431e+01,0.000000000000000000e+00
8.015785743113551121e+01,0.000000000000000000e+00
7.698059837651631199e+01,0.000000000000000000e+00
8.188507948363267985e+01,0.000000000000000000e+00
8.089311636327175847e+01,0.000000000000000000e+00
7.814980553801606789e+01,0.000000000000000000e+00
7.902559844969189840e+01,0.000000000000000000e+00
7.808679151403597984e+01,0.000000000000000000e+00
8.022203594638772017e+01,0.000000000000000000e+00
7.986012967932992979e+01,0.000000000000000000e+00
7.898264526974530497e+01,0.000000000000000000e+00
8.121272007860423514e+01,0.000000000000000000e+00
8.038418334846676316e+01,0.000000000000000000e+00
8.304601799398483308e+01,0.000000000000000000e+00
7.918543672801838795e+01,0.000000000000000000e+00
8.333822720073551693e+01,0.000000000000000000e+00
8.165560134204484655e+01,0.000000000000000000e+00
7.762376443805069925e+01,0.000000000000000000e+00
7.981167342353273852e+01,0.000000000000000000e+00
8.018086981974688854e+01,0.000000000000000000e+00
7.608505613857660421e+01,0.000000000000000000e+00
8.102621701337693594e+01,0.000000000000000000e+00
7.963284927393017654e+01,0.000000000000000000e+00
8.291678712166923049e+01,0.000000000000000000e+00
8.089588790130689233e+01,0.000000000000000000e+00
7.895419141587974821e+01,0.000000000000000000e+00
8.099388549724439201e+01,0.000000000000000000e+00
7.976757131926487432e+01,0.000000000000000000e+00
8.000609775063283280e+01,0.000000000000000000e+00
7.827046106320692331e+01,0.000000000000000000e+00
8.192300442899536961e+01,0.000000000000000000e+00
7.787717348896497072e+01,0.000000000000000000e+00
8.086662404039601881e+01,0.000000000000000000e+00
8.224143303492672885e+01,0.000000000000000000e+00
7.846434748870682085e+01,0.000000000000000000e+00
7.872324541508515949e+01,0.000000000000000000e+00
7.915154127897346825e+01,0.000000000000000000e+00
8.188036664504650730e+01,0.000000000000000000e+00
7.987228491229319616e+01,0.000000000000000000e+00
7.997026241423702686e+01,0.000000000000000000e+00
8.205377726218240753e+01,0.000000000000000000e+00
7.940984175720411997e+01,0.000000000000000000e+00
7.867322692172140819e+01,0.000000000000000000e+00
7.977226167379440369e+01,0.000000000000000000e+00
8.176603311467023616e+01,0.000000000000000000e+00
8.073483404839291211e+01,0.000000000000000000e+00
8.043931988806879474e+01,0.000000000000000000e+00
8.070980632156155821e+01,0.000000000000000000e+00
7.951542900758821020e+01,0.000000000000000000e+00
8.188218100514444586e+01,0.000000000000000000e+00
8.147326468148628464e+01,0.000000000000000000e+00
8.210124803307783736e+01,0.000000000000000000e+00
8.061441568629354038e+01,0.000000000000000000e+00
8.097880585983199353e+01,0.000000000000000000e+00
8.486537189182094210e+01,0.000000000000000000e+00
7.856080270622699402e+01,0.000000000000000000e+00
7.818471414358940308e+01,0.000000000000000000e+00
7.901729396688685370e+01,0.000000000000000000e+00
7.620524692340649153e+01,0.000000000000000000e+00
7.953189464136697495e+01,0.000000000000000000e+00
8.409647152529049663e+01,0.000000000000000000e+00
8.058550993444679023e+01,0.000000000000000000e+00
7.775417154373096196e+01,0.000000000000000000e+00
8.112144996690034304e+01,0.000000000000000000e+00
8.328844159836830841e+01,0.000000000000000000e+00
7.872245638807501678e+01,0.000000000000000000e+00
7.799556370424092222e+01,0.000000000000000000e+00
7.750373115806850421e+01,0.000000000000000000e+00
8.384248871607996989e+01,0.000000000000000000e+00
8.049255853643464320e+01,0.000000000000000000e+00
8.335063373931639319e+01,0.000000000000000000e+00
8.135840070817626213e+01,0.000000000000000000e+00
7.850100805216308686e+01,0.000000000000000000e+00
8.089456222721452150e+01,0.000000000000000000e+00
7.667881213482908720e+01,0.000000000000000000e+00
8.281972401006365203e+01,0.000000000000000000e+00
8.274091756598450331e+01,0.000000000000000000e+00
7.892529362430309448e+01,0.000000000000000000e+00
7.929526110570316177e+01,0.000000000000000000e+00
8.106542050792144494e+01,0.000000000000000000e+00
7.951824370159135924e+01,0.000000000000000000e+00
8.155920758085548528e+01,0.000000000000000000e+00
7.682498573479183790e+01,0.000000000000000000e+00
8.013389119364768476e+01,0.000000000000000000e+00
7.839214007208128976e+01,0.000000000000000000e+00
7.779010933800542205e+01,0.000000000000000000e+00
8.045010621951340113e+01,0.000000000000000000e+00
8.064433326991574802e+01,0.000000000000000000e+00
7.848272858894274862e+01,0.000000000000000000e+00
8.266425750873625589e+01,0.000000000000000000e+00
7.932913583528460322e+01,0.000000000000000000e+00
8.120940830693646717e+01,0.000000000000000000e+00
7.739355689974172492e+01,0.000000000000000000e+00
8.009820843376799360e+01,0.000000000000000000e+00
8.328585048533943791e+01,0.000000000000000000e+00
8.107435709510147603e+01,0.000000000000000000e+00
7.986558844133368495e+01,0.000000000000000000e+00
7.591736381302088432e+01,0.000000000000000000e+00
7.936043117415350423e+01,0.000000000000000000e+00
7.927018071406790511e+01,0.000000000000000000e+00
7.969492234313783285e+01,0.000000000000000000e+00
8.050360317443760039e+01,0.000000000000000000e+00
8.056692370117245616e+01,0.000000000000000000e+00
7.776629828099758868e+01,0.000000000000000000e+00
7.862667436248172237e+01,0.000000000000000000e+00
8.007397684062792109e+01,0.000000000000000000e+00
7.736617625449285640e+01,0.000000000000000000e+00
8.095660215618963207e+01,0.000000000000000000e+00
7.897689095774589418e+01,0.000000000000000000e+00
7.751678174164634072e+01,0.000000000000000000e+00
7.920406581372105848e+01,0.000000000000000000e+00
7.828840498494156463e+01,0.000000000000000000e+00
7.633571994771024549e+01,0.000000000000000000e+00
8.063982492616379716e+01,0.000000000000000000e+00
7.852004297052418735e+01,0.000000000000000000e+00
7.766316538081201770e+01,0.000000000000000000e+00
8.034122115713100243e+01,0.000000000000000000e+00
8.137921678350166133e+01,0.000000000000000000e+00
7.613358617982235899e+01,0.000000000000000000e+00
8.413983703921367407e+01,0.000000000000000000e+00
7.957446310572382231e+01,0.000000000000000000e+00
8.257589851794766389e+01,0.000000000000000000e+00
8.161372377452291005e+01,0.000000000000000000e+00
7.546621902638818824e+01,0.000000000000000000e+00
7.878952735195920809e+01,0.000000000000000000e+00
8.021821125683949560e+01,0.000000000000000000e+00
7.814008843871688725e+01,0.000000000000000000e+00
7.958454896165781633e+01,0.000000000000000000e+00
7.527267715080145649e+01,0.000000000000000000e+00
7.798144471288921409e+01,0.000000000000000000e+00
7.969229423058840212e+01,0.000000000000000000e+00
7.534114822247235566e+01,0.000000000000000000e+00
8.183117693956239691e+01,0.000000000000000000e+00
8.301909333684555747e+01,0.000000000000000000e+00
8.059498708763625530e+01,0.000000000000000000e+00
7.755135592366325170e+01,0.000000000000000000e+00
7.639405432239772153e+01,0.000000000000000000e+00
8.009313213813621246e+01,0.000000000000000000e+00
8.147529505132027339e+01,0.000000000000000000e+00
7.861717775437757894e+01,0.000000000000000000e+00
7.683378683269860687e+01,0.000000000000000000e+00
8.125942819776921056e+01,0.000000000000000000e+00
7.952042151230726574e+01,0.000000000000000000e+00
7.836458955483084310e+01,0.000000000000000000e+00
7.981862096818598218e+01,0.000000000000000000e+00
7.628891484959719094e+01,0.000000000000000000e+00
7.803004046414196182e+01,0.000000000000000000e+00
8.390326320354819245e+01,0.000000000000000000e+00
8.131920616623229137e+01,0.000000000000000000e+00
7.561508294409689768e+01,0.000000000000000000e+00
7.658071251548223302e+01,0.000000000000000000e+00
7.970229405385650523e+01,0.000000000000000000e+00
7.880748280714585974e+01,0.000000000000000000e+00
7.752612276779511546e+01,0.000000000000000000e+00
8.183022017571894935e+01,0.000000000000000000e+00
7.763746449947637984e+01,0.000000000000000000e+00
8.107488222412412426e+01,0.000000000000000000e+00
7.562454556174284903e+01,0.000000000000000000e+00
7.384486553799389696e+01,0.000000000000000000e+00
7.904300134744913464e+01,0.000000000000000000e+00
7.692794067461289842e+01,0.000000000000000000e+00
7.653045847198056606e+01,0.000000000000000000e+00
7.787851514440485801e+01,0.000000000000000000e+00
7.856474715809363829e+01,0.000000000000000000e+00
7.554915424019191050e+01,0.000000000000000000e+00
7.678879033788763309e+01,0.000000000000000000e+00
7.749466809853255711e+01,0.000000000000000000e+00
7.538661327948898361e+01,0.000000000000000000e+00
7.848302480409154214e+01,0.000000000000000000e+00
7.877290301880344714e+01,0.000000000000000000e+00
7.906079646835983965e+01,0.000000000000000000e+00
7.858660379668202722e+01,0.000000000000000000e+00
7.565203024600796766e+01,0.000000000000000000e+00
7.571844331891473701e+01,0.000000000000000000e+00
7.659270135747557617e+01,0.000000000000000000e+00
7.714308682448512400e+01,0.000000000000000000e+00
7.751894680817316896e+01,0.000000000000000000e+00
7.761505724423315655e+01,0.000000000000000000e+00
7.387221906244975855e+01,0.000000000000000000e+00
7.829338137985305934e+01,0.000000000000000000e+00
8.157689346936672337e+01,0.000000000000000000e+00
7.816223798438566917e+01,0.000000000000000000e+00
7.504299485980240547e+01,0.000000000000000000e+00
7.698912156997747047e+01,0.000000000000000000e+00
8.143980014990540894e+01,0.000000000000000000e+00
7.628181508279585898e+01,0.000000000000000000e+00
8.146251990417631816e+01,0.000000000000000000e+00
7.892716563404343333e+01,0.000000000000000000e+00
7.600562832357900334e+01,0.000000000000000000e+00
7.791949231119112085e+01,0.000000000000000000e+00
7.748506942162137534e+01,0.000000000000000000e+00
7.970446095319663016e+01,0.000000000000000000e+00
7.900927878878403021e+01,0.000000000000000000e+00
7.536242615165004111e+01,0.000000000000000000e+00
7.377874648416371883e+01,0.000000000000000000e+00
7.322395422124237996e+01,0.000000000000000000e+00
7.735368969787656113e+01,0.000000000000000000e+00
7.590434052960726774e+01,0.000000000000000000e+00
7.815184307586859802e+01,0.000000000000000000e+00
7.738960600605707896e+01,0.000000000000000000e+00
7.782945520539112749e+01,0.000000000000000000e+00
7.914891520507393352e+01,0.000000000000000000e+00
7.735897092630968075e+01,0.000000000000000000e+00
7.554377849460946948e+01,0.000000000000000000e+00
7.668344587744756780e+01,0.000000000000000000e+00
8.032898503610039143e+01,0.000000000000000000e+00
7.809613868728696673e+01,0.000000000000000000e+00
7.573265127140696507e+01,0.000000000000000000e+00
8.013227624115113201e+01,0.000000000000000000e+00
7.724263387386503155e+01,0.000000000000000000e+00
7.491320034230193414e+01,0.000000000000000000e+00
7.815027157534834146e+01,0.000000000000000000e+00
7.737013852709793582e+01,0.000000000000000000e+00
7.827528701678741641e+01,0.000000000000000000e+00
7.625243587414196611e+01,0.000000000000000000e+00
7.463928808912230295e+01,0.000000000000000000e+00
7.351581586782572231e+01,0.000000000000000000e+00
7.400648248313335387e+01,0.000000000000000000e+00
7.634113051259039651e+01,0.000000000000000000e+00
7.843568736590862045e+01,0.000000000000000000e+00
7.588704778038342624e+01,0.000000000000000000e+00
7.827410489397657045e+01,0.000000000000000000e+00
7.684087219462580265e+01,0.000000000000000000e+00
7.610117703847421922e+01,0.000000000000000000e+00
7.809869607001164127e+01,0.000000000000000000e+00
7.631977947225993830e+01,0.000000000000000000e+00
8.062505517244773046e+01,0.000000000000000000e+00
7.686583546453736915e+01,0.000000000000000000e+00
7.417851056449624991e+01,0.000000000000000000e+00
7.258188986354622330e+01,0.000000000000000000e+00
7.785496942008339261e+01,0.000000000000000000e+00
7.557442473472821121e+01,0.000000000000000000e+00
7.665551478501524230e+01,0.000000000000000000e+00
7.730298273705679435e+01,0.000000000000000000e+00
7.521691675725971038e+01,0.000000000000000000e+00
7.671153972993452896e+01,0.000000000000000000e+00
8.017076498962242681e+01,0.000000000000000000e+00
7.626537419789090677e+01,0.000000000000000000e+00
7.518350048626417959e+01,0.000000000000000000e+00
7.406518054858469213e+01,0.000000000000000000e+00
7.596719303762932896e+01,0.000000000000000000e+00
7.539744240074072934e+01,0.000000000000000000e+00
7.960198027260311449e+01,0.000000000000000000e+00
7.715373913925360227e+01,0.000000000000000000e+00
7.481065636942334152e+01,0.000000000000000000e+00
7.522066463875627562e+01,0.000000000000000000e+00
7.556132267243057754e+01,0.000000000000000000e+00
7.264205447279231009e+01,0.000000000000000000e+00
7.282154009476589351e+01,0.000000000000000000e+00
7.460764216718592934e+01,0.000000000000000000e+00
7.739907660653268806e+01,0.000000000000000000e+00
7.521214804903964080e+01,0.000000000000000000e+00
7.117404176887623635e+01,0.000000000000000000e+00
7.563356177815916226e+01,0.000000000000000000e+00
7.763288514902782822e+01,0.000000000000000000e+00
7.351638942514972541e+01,0.000000000000000000e+00
7.265016338550111641e+01,0.000000000000000000e+00
7.358425227035611726e+01,0.000000000000000000e+00
7.726216205936651704e+01,0.000000000000000000e+00
7.326884815168209286e+01,0.000000000000000000e+00
7.426764850010042096e+01,0.000000000000000000e+00
7.103358034769595974e+01,0.000000000000000000e+00
7.239096681948551293e+01,0.000000000000000000e+00
7.239327579401386004e+01,0.000000000000000000e+00
7.365770047106623508e+01,0.000000000000000000e+00
7.189134898391652939e+01,0.000000000000000000e+00
7.327249968899712940e+01,0.000000000000000000e+00
7.322043148241220933e+01,0.000000000000000000e+00
7.377258027741206092e+01,0.000000000000000000e+00
7.463728637648807762e+01,0.000000000000000000e+00
7.543599782068292825e+01,0.000000000000000000e+00
7.716576321408072658e+01,0.000000000000000000e+00
7.538937334834827197e+01,0.000000000000000000e+00
7.464824033622467425e+01,0.000000000000000000e+00
7.436664382219737490e+01,0.000000000000000000e+00
7.274980689008755519e+01,0.000000000000000000e+00
7.146657059641965759e+01,0.000000000000000000e+00
7.323544076219106103e+01,0.000000000000000000e+00
7.413859609193455924e+01,0.000000000000000000e+00
6.926829010435770329e+01,0.000000000000000000e+00
7.263755900283459255e+01,0.000000000000000000e+00
7.176481318736487935e+01,0.000000000000000000e+00
7.408845357906409390e+01,0.000000000000000000e+00
7.271467305601660769e+01,0.000000000000000000e+00
7.179250603832518607e+01,0.000000000000000000e+00
7.175814019184419124e+01,0.000000000000000000e+00
7.380048808949747752e+01,0.000000000000000000e+00
7.462327238605408297e+01,0.000000000000000000e+00
7.693014799345583299e+01,0.000000000000000000e+00
7.042988626822115350e+01,0.000000000000000000e+00
6.980555042594163240e+01,0.000000000000000000e+00
7.315992556661007029e+01,0.000000000000000000e+00
6.960053580725316635e+01,0.000000000000000000e+00
7.333466794146481504e+01,0.000000000000000000e+00
7.331872137444271686e+01,0.000000000000000000e+00
7.196613669526695389e+01,0.000000000000000000e+00
6.731909558562213647e+01,0.000000000000000000e+00
7.204035480115265955e+01,0.000000000000000000e+00
7.231112092980663419e+01,0.000000000000000000e+00
7.294084103395059060e+01,0.000000000000000000e+00
7.151398879169099132e+01,0.000000000000000000e+00
7.112320470437259701e+01,0.000000000000000000e+00
7.072063187183020716e+01,0.000000000000000000e+00
7.396958524873357987e+01,0.000000000000000000e+00
7.363995125337781644e+01,0.000000000000000000e+00
6.853427636279505464e+01,0.000000000000000000e+00
7.142187028628359258e+01,0.000000000000000000e+00
7.285241345716165995e+01,0.000000000000000000e+00
6.955222981601379217e+01,0.000000000000000000e+00
7.188918350400267343e+01,0.000000000000000000e+00
7.169083389236678272e+01,0.000000000000000000e+00
6.958936490597808699e+01,0.000000000000000000e+00
7.029318326091116376e+01,0.000000000000000000e+00
7.228362595278430547e+01,0.000000000000000000e+00
7.067427497404410985e+01,0.000000000000000000e+00
7.271196244310644374e+01,0.000000000000000000e+00
7.218294672552013935e+01,0.000000000000000000e+00
6.883528325075967302e+01,0.000000000000000000e+00
7.173768815694464251e+01,0.000000000000000000e+00
7.241696409205894724e+01,0.000000000000000000e+00
7.072622713413807105e+01,0.000000000000000000e+00
7.102513255603824405e+01,0.000000000000000000e+00
7.357487521471021807e+01,0.000000000000000000e+00
7.352774044975554091e+01,0.000000000000000000e+00
7.137030080954014011e+01,0.000000000000000000e+00
7.116590254514204616e+01,0.000000000000000000e+00
6.683424700650307670e+01,0.000000000000000000e+00
6.875102918523141682e+01,0.000000000000000000e+00
7.236878978666405260e+01,0.000000000000000000e+00
7.217925748628535132e+01,0.000000000000000000e+00
6.907520319015382881e+01,0.000000000000000000e+00
6.833401945710815539e+01,0.000000000000000000e+00
6.862661498694330930e+01,0.000000000000000000e+00
7.089875944634653138e+01,0.000000000000000000e+00
6.856845899385834286e+01,0.000000000000000000e+00
6.951831401425451418e+01,0.000000000000000000e+00
7.111044532630644710e+01,0.000000000000000000e+00
7.278756208508387715e+01,0.000000000000000000e+00
7.070629051225799344e+01,0.000000000000000000e+00
7.050183530178540536e+01,0.000000000000000000e+00
6.811050481073908713e+01,0.000000000000000000e+00
6.470802036870472307e+01,0.000000000000000000e+00
6.887776577118945909e+01,0.000000000000000000e+00
6.896432921569036978e+01,0.000000000000000000e+00
6.951706420357724880e+01,0.000000000000000000e+00
7.000329367461975494e+01,0.000000000000000000e+00
6.907206589817650411e+01,0.000000000000000000e+00
7.036691094889324916e+01,0.000000000000000000e+00
7.007551793785866323e+01,0.000000000000000000e+00
6.803658006582735140e+01,0.000000000000000000e+00
6.986701460135039099e+01,0.000000000000000000e+00
6.960737335442664175e+01,0.000000000000000000e+00
6.901173502547004546e+01,0.000000000000000000e+00
6.845163746244999459e+01,0.000000000000000000e+00
6.683616366361758310e+01,0.000000000000000000e+00
7.433842810668033962e+01,0.000000000000000000e+00
6.989825453460503013e+01,0.000000000000000000e+00
7.019984498888300095e+01,0.000000000000000000e+00
6.999730397236990598e+01,0.000000000000000000e+00
7.084964911000027143e+01,0.000000000000000000e+00
7.121247668449812807e+01,0.000000000000000000e+00
6.807581404049022922e+01,0.000000000000000000e+00
7.091682296321150147e+01,0.000000000000000000e+00
6.744786191948617216e+01,0.000000000000000000e+00
6.972641127155637264e+01,0.000000000000000000e+00
7.043287991644925228e+01,0.000000000000000000e+00
7.036772349267278059e+01,0.000000000000000000e+00
7.254764736355615184e+01,0.000000000000000000e+00
6.721237070796406954e+01,0.000000000000000000e+00
6.769822929946072065e+01,0.000000000000000000e+00
6.844492251837331764e+01,0.000000000000000000e+00
7.178191250722363748e+01,0.000000000000000000e+00
7.239439257991256227e+01,0.000000000000000000e+00
6.762589198706646698e+01,0.000000000000000000e+00
6.450130037559019058e+01,0.000000000000000000e+00
6.949501736773991922e+01,0.000000000000000000e+00
6.733849119360760938e+01,0.000000000000000000e+00
6.892969362973258285e+01,0.000000000000000000e+00
6.870783471110281937e+01,0.000000000000000000e+00
6.677675506841791275e+01,0.000000000000000000e+00
6.790418324560549479e+01,0.000000000000000000e+00
6.765944771067219676e+01,0.000000000000000000e+00
6.494522103241172317e+01,0.000000000000000000e+00
6.622494756515854419e+01,0.000000000000000000e+00
6.553129800294422580e+01,0.000000000000000000e+00
6.524239470879928149e+01,0.000000000000000000e+00
6.661829851507279443e+01,0.000000000000000000e+00
6.731714642925383885e+01,0.000000000000000000e+00
6.734577397330988902e+01,0.000000000000000000e+00
6.661393207513722814e+01,0.000000000000000000e+00
6.275023107181817750e+01,0.000000000000000000e+00
6.826065498697995793e+01,0.000000000000000000e+00
6.865351460852157572e+01,0.000000000000000000e+00
6.871073252308352153e+01,0.000000000000000000e+00
6.574689808071983066e+01,0.000000000000000000e+00
6.786099156297657942e+01,0.000000000000000000e+00
7.109835172001220371e+01,0.000000000000000000e+00
6.572030848663243319e+01,0.000000000000000000e+00
6.436700793330612669e+01,0.000000000000000000e+00
6.510589912052159889e+01,0.000000000000000000e+00
6.534508516095981179e+01,0.000000000000000000e+00
6.450404419400651079e+01,0.000000000000000000e+00
6.758502084575872004e+01,0.000000000000000000e+00
6.665047735322232825e+01,0.000000000000000000e+00
6.554605403927561724e+01,0.000000000000000000e+00
6.480573410685414615e+01,0.000000000000000000e+00
6.356930057587049987e+01,0.000000000000000000e+00
6.245334530520680971e+01,0.000000000000000000e+00
6.328720809524370594e+01,0.000000000000000000e+00
6.383432934186882335e+01,0.000000000000000000e+00
6.736791844105783866e+01,0.000000000000000000e+00
6.370204417431888544e+01,0.000000000000000000e+00
6.461724474738564084e+01,0.000000000000000000e+00
6.381900260018640836e+01,0.000000000000000000e+00
6.778293627724912085e+01,0.000000000000000000e+00
6.092603089333398003e+01,0.000000000000000000e+00
6.550799980932256972e+01,0.000000000000000000e+00
6.856726852571749475e+01,0.000000000000000000e+00
6.422182503670225628e+01,0.000000000000000000e+00
6.527190814448132983e+01,0.000000000000000000e+00
5.868465696790482156e+01,0.000000000000000000e+00
6.316613587785512607e+01,0.000000000000000000e+00
6.586003394880972905e+01,0.000000000000000000e+00
6.381442804824668968e+01,0.000000000000000000e+00
6.161819476482867231e+01,0.000000000000000000e+00
6.708712462583977754e+01,0.000000000000000000e+00
6.620047129157509858e+01,0.000000000000000000e+00
6.565970088149867934e+01,0.000000000000000000e+00
6.208581563495799571e+01,0.000000000000000000e+00
6.646468538244454294e+01,0.000000000000000000e+00
6.416837845566705312e+01,0.000000000000000000e+00
6.194415271774765586e+01,0.000000000000000000e+00
6.168598371626637089e+01,0.000000000000000000e+00
6.579549823657181662e+01,0.000000000000000000e+00
6.678686662166356314e+01,0.000000000000000000e+00
6.570133844347584784e+01,0.000000000000000000e+00
6.304930245818080436e+01,0.000000000000000000e+00
6.527113932890782166e+01,0.000000000000000000e+00
6.659534477075598602e+01,0.000000000000000000e+00
6.505362800012538571e+01,0.000000000000000000e+00
6.559263573235288902e+01,0.000000000000000000e+00
6.342870122948530565e+01,0.000000000000000000e+00
6.256133492618368308e+01,0.000000000000000000e+00
6.014175036277538311e+01,0.000000000000000000e+00
6.230622803349196914e+01,0.000000000000000000e+00
6.117945832048753374e+01,0.000000000000000000e+00
6.115552036969020122e+01,0.000000000000000000e+00
6.500417735000222308e+01,0.000000000000000000e+00
6.004041178373049092e+01,0.000000000000000000e+00
6.093454543580956795e+01,0.000000000000000000e+00
5.962021675117266284e+01,0.000000000000000000e+00
6.673572514527174349e+01,0.000000000000000000e+00
5.965538152508731429e+01,0.000000000000000000e+00
6.588103194135594265e+01,0.000000000000000000e+00
6.183838477411170942e+01,0.000000000000000000e+00
6.208039734394170495e+01,0.000000000000000000e+00
6.461011110028553617e+01,0.000000000000000000e+00
6.068644363903995043e+01,0.000000000000000000e+00
6.065707786462198925e+01,0.000000000000000000e+00
6.341416007291190482e+01,0.000000000000000000e+00
5.846229602500564226e+01,0.000000000000000000e+00
6.099715902521761990e+01,0.000000000000000000e+00
6.183354441421662528e+01,0.000000000000000000e+00
6.074231287016903025e+01,0.000000000000000000e+00
6.161943240763617524e+01,0.000000000000000000e+00
6.198484472356365416e+01,0.000000000000000000e+00
5.990975448322355845e+01,0.000000000000000000e+00
6.596620473682889951e+01,0.000000000000000000e+00
6.164375336908359770e+01,0.000000000000000000e+00
5.851560831898424908e+01,0.000000000000000000e+00
5.885871503454314535e+01,0.000000000000000000e+00
5.931116853143750944e+01,0.000000000000000000e+00
5.761205191674967807e+01,0.000000000000000000e+00
6.322730662583845884e+01,0.000000000000000000e+00
6.249346028752503912e+01,0.000000000000000000e+00
5.921866952618845659e+01,0.000000000000000000e+00
6.047307791850899150e+01,0.000000000000000000e+00
6.003781762451753679e+01,0.000000000000000000e+00
6.206537307505254120e+01,0.000000000000000000e+00
6.249081189568787664e+01,0.000000000000000000e+00
6.032675937357978313e+01,0.000000000000000000e+00
5.745244860256053698e+01,0.000000000000000000e+00
6.090668233824089128e+01,0.000000000000000000e+00
5.964315083728637745e+01,0.000000000000000000e+00
6.013750818050479552e+01,0.000000000000000000e+00
6.077307068922086586e+01,0.000000000000000000e+00
6.308747367422013497e+01,0.000000000000000000e+00
5.605930638668323240e+01,0.000000000000000000e+00
5.986733195004365626e+01,0.000000000000000000e+00
5.770092601221282536e+01,0.000000000000000000e+00
5.525573664924070982e+01,0.000000000000000000e+00
5.667636312221441841e+01,0.000000000000000000e+00
5.790155972748946311e+01,0.000000000000000000e+00
5.845664154721995232e+01,0.000000000000000000e+00
6.111081824774574756e+01,0.000000000000000000e+00
5.838718859693482699e+01,0.000000000000000000e+00
6.093622370137111233e+01,0.000000000000000000e+00
5.653233759906982669e+01,0.000000000000000000e+00
5.780345714490953668e+01,0.000000000000000000e+00
5.693122823521523657e+01,0.000000000000000000e+00
5.882450982727276312e+01,0.000000000000000000e+00
5.653409986538292742e+01,0.000000000000000000e+00
5.779367628392063949e+01,0.000000000000000000e+00
5.797760726890139438e+01,0.000000000000000000e+00
5.755902566328430936e+01,0.000000000000000000e+00
5.952126410307854343e+01,0.000000000000000000e+00
5.760613922351267746e+01,0.000000000000000000e+00
5.907912668736314288e+01,0.000000000000000000e+00
5.823047832893019660e+01,0.000000000000000000e+00
5.750456501381914620e+01,0.000000000000000000e+00
5.645893489861961001e+01,0.000000000000000000e+00
5.616045585706495302e+01,0.000000000000000000e+00
5.886477140644900174e+01,0.000000000000000000e+00
5.810211911126397410e+01,0.000000000000000000e+00
5.848722413999785630e+01,0.000000000000000000e+00
5.983738004207982897e+01,0.000000000000000000e+00
5.611171717462962505e+01,0.000000000000000000e+00
5.609391921964704864e+01,0.000000000000000000e+00
5.683387887203152644e+01,0.000000000000000000e+00
5.665175984253630048e+01,0.000000000000000000e+00
5.796744574258677574e+01,0.000000000000000000e+00
5.969805984150901423e+01,0.000000000000000000e+00
5.643161626196241087e+01,0.000000000000000000e+00
5.469850842875422359e+01,0.000000000000000000e+00
5.789793894953417919e+01,0.000000000000000000e+00
5.667105896252846975e+01,0.000000000000000000e+00
5.601566998188807389e+01,0.000000000000000000e+00
5.503224147619798146e+01,0.000000000000000000e+00
5.783537395278025173e+01,0.000000000000000000e+00
5.942204178901969414e+01,0.000000000000000000e+00
5.479769512831701661e+01,0.000000000000000000e+00
5.424007049216683640e+01,0.000000000000000000e+00
5.320377703572071937e+01,0.000000000000000000e+00
5.674758472696182565e+01,0.000000000000000000e+00
5.515680280451403661e+01,0.000000000000000000e+00
5.483970323360446741e+01,0.000000000000000000e+00
5.706830078626431657e+01,0.000000000000000000e+00
5.370203767524024130e+01,0.000000000000000000e+00
5.594743673843635889e+01,0.000000000000000000e+00
5.851959601438743164e+01,0.000000000000000000e+00
5.598839117669638910e+01,0.000000000000000000e+00
5.342949657800746621e+01,0.000000000000000000e+00
5.472424944067918773e+01,0.000000000000000000e+00
5.324672632409249218e+01,0.000000000000000000e+00
5.389080159065981945e+01,0.000000000000000000e+00
5.291965990387515006e+01,0.000000000000000000e+00
5.546658414164939899e+01,0.000000000000000000e+00
5.359779995712471390e+01,0.000000000000000000e+00
5.562466448708119060e+01,0.000000000000000000e+00
5.453482812914511868e+01,0.000000000000000000e+00
5.632041382354481129e+01,0.000000000000000000e+00
5.359197043765125557e+01,0.000000000000000000e+00
5.465169549726333287e+01,0.000000000000000000e+00
5.525391656775489935e+01,0.000000000000000000e+00
5.390574056378349610e+01,0.000000000000000000e+00
5.449708709991423206e+01,0.000000000000000000e+00
5.575819146038836749e+01,0.000000000000000000e+00
5.421201556972744129e+01,0.000000000000000000e+00
5.022928284861498582e+01,0.000000000000000000e+00
4.996857026032989779e+01,0.000000000000000000e+00
5.622424001804228766e+01,0.000000000000000000e+00
5.396327714001031950e+01,0.000000000000000000e+00
5.226273624456111122e+01,0.000000000000000000e+00
5.186100121026138510e+01,0.000000000000000000e+00
5.344165215286123782e+01,0.000000000000000000e+00
5.799816863656615595e+01,0.000000000000000000e+00
5.644787686369324575e+01,0.000000000000000000e+00
5.403861528952487703e+01,0.000000000000000000e+00
5.189841854727022508e+01,0.000000000000000000e+00
5.408716447553571527e+01,0.000000000000000000e+00
4.992025032911223548e+01,0.000000000000000000e+00
5.521197961639351348e+01,0.000000000000000000e+00
5.084501355436709957e+01,0.000000000000000000e+00
5.013641577066984212e+01,0.000000000000000000e+00
5.257726517697042112e+01,0.000000000000000000e+00
4.745673529603750751e+01,0.000000000000000000e+00
5.416463713931177892e+01,0.000000000000000000e+00
5.517674108791906917e+01,0.000000000000000000e+00
5.196602466635177819e+01,0.000000000000000000e+00
5.408631161678127341e+01,0.000000000000000000e+00
5.038574186357303830e+01,0.000000000000000000e+00
5.350732692334856466e+01,0.000000000000000000e+00
5.170141615420859438e+01,0.000000000000000000e+00
5.329485802841790587e+01,0.000000000000000000e+00
5.143519467751107754e+01,0.000000000000000000e+00
5.388901172806971829e+01,0.000000000000000000e+00
5.266606492025248087e+01,0.000000000000000000e+00
5.438632551176991825e+01,0.000000000000000000e+00
4.732895341394147692e+01,0.000000000000000000e+00
4.980065259338626049e+01,0.000000000000000000e+00
4.928279862859451299e+01,0.000000000000000000e+00
5.277834508582751738e+01,0.000000000000000000e+00
4.926665122663625596e+01,0.000000000000000000e+00
4.904224013883190025e+01,0.000000000000000000e+00
5.282304372168190554e+01,0.000000000000000000e+00
5.230751945613712195e+01,0.000000000000000000e+00
5.163040527316336892e+01,0.000000000000000000e+00
5.023036998672307618e+01,0.000000000000000000e+00
5.232349179711916065e+01,0.000000000000000000e+00
5.344117007433678168e+01,0.000000000000000000e+00
5.506754261641955850e+01,0.000000000000000000e+00
4.912868620524993446e+01,0.000000000000000000e+00
5.087131254570144279e+01,0.000000000000000000e+00
5.245710446277425376e+01,0.000000000000000000e+00
5.158962214251866385e+01,0.000000000000000000e+00
5.125508452244817903e+01,0.000000000000000000e+00
5.123930183125283122e+01,0.000000000000000000e+00
5.026149227831875521e+01,0.000000000000000000e+00
4.813053210599085219e+01,0.000000000000000000e+00
4.755169955840791829e+01,0.000000000000000000e+00
4.935686326901748799e+01,0.000000000000000000e+00
4.936345042455661769e+01,0.000000000000000000e+00
4.993137623354078869e+01,0.000000000000000000e+00
4.801069334009762457e+01,0.000000000000000000e+00
5.246717583641378013e+01,0.000000000000000000e+00
4.984806327369150125e+01,0.000000000000000000e+00
5.019331503631171643e+01,0.000000000000000000e+00
5.030749683871508893e+01,0.000000000000000000e+00
5.032293053219304824e+01,0.000000000000000000e+00
4.992265005120592036e+01,0.000000000000000000e+00
4.432624421125204606e+01,0.000000000000000000e+00
5.286138131528611694e+01,0.000000000000000000e+00
4.906978727888215985e+01,0.000000000000000000e+00
4.748843201640687539e+01,0.000000000000000000e+00
4.931232666683110466e+01,0.000000000000000000e+00
5.090967586582069515e+01,0.000000000000000000e+00
4.973735640490430399e+01,0.000000000000000000e+00
4.692412526806477047e+01,0.000000000000000000e+00
4.804822907971982460e+01,0.000000000000000000e+00
4.634702398561434222e+01,0.000000000000000000e+00
4.858159933338320258e+01,0.000000000000000000e+00
4.857306729359466857e+01,0.000000000000000000e+00
4.539637542826349659e+01,0.000000000000000000e+00
5.020366741525425169e+01,0.000000000000000000e+00
4.862593851287805080e+01,0.000000000000000000e+00
4.819350970633063724e+01,0.000000000000000000e+00
4.819002613582658512e+01,0.000000000000000000e+00
4.839236207237985354e+01,0.000000000000000000e+00
4.871623948249261105e+01,0.000000000000000000e+00
4.981787154155089326e+01,0.000000000000000000e+00
5.043426594839799293e+01,0.000000000000000000e+00
4.940611208106825103e+01,0.000000000000000000e+00
4.760959204095906472e+01,0.000000000000000000e+00
4.664032342889271376e+01,0.000000000000000000e+00
4.504114354742730342e+01,0.000000000000000000e+00
4.356221088310834944e+01,0.000000000000000000e+00
4.584460490031397484e+01,0.000000000000000000e+00
4.484553442336877538e+01,0.000000000000000000e+00
4.696690423532312764e+01,0.000000000000000000e+00
4.733342344057896156e+01,0.000000000000000000e+00
4.656600908867157784e+01,0.000000000000000000e+00
4.481300016574115830e+01,0.000000000000000000e+00
4.861153911394364258e+01,0.000000000000000000e+00
4.456187078431860016e+01,0.000000000000000000e+00
4.484815577256360086e+01,0.000000000000000000e+00
4.675942174718635869e+01,0.000000000000000000e+00
4.834075937515462584e+01,0.000000000000000000e+00
4.842427186449743459e+01,0.000000000000000000e+00
4.953636909981723591e+01,0.000000000000000000e+00
4.560370816338242861e+01,0.000000000000000000e+00
4.834373992827574540e+01,0.000000000000000000e+00
4.504458398013235154e+01,0.000000000000000000e+00
4.452353659397998342e+01,0.000000000000000000e+00
4.577304527905753417e+01,0.000000000000000000e+00
4.423324782870355421e+01,0.000000000000000000e+00
4.576448843891210316e+01,0.000000000000000000e+00
4.385508268232006657e+01,0.000000000000000000e+00
4.542138143387460758e+01,0.000000000000000000e+00
4.621345361017695552e+01,0.000000000000000000e+00
4.594591923246910170e+01,0.000000000000000000e+00
4.744566517261019101e+01,0.000000000000000000e+00
4.388345469110179664e+01,0.000000000000000000e+00
4.813935065059188645e+01,0.000000000000000000e+00
4.440191680902923110e+01,0.000000000000000000e+00
4.498317087350471866e+01,0.000000000000000000e+00
4.619177390549631212e+01,0.000000000000000000e+00
4.751026721043238155e+01,0.000000000000000000e+00
4.046561268058582073e+01,0.000000000000000000e+00
4.527404573451347147e+01,0.000000000000000000e+00
4.431174604457260813e+01,0.000000000000000000e+00
4.048293340919634886e+01,0.000000000000000000e+00
4.543232704469438943e+01,0.000000000000000000e+00
4.503976492645009699e+01,0.000000000000000000e+00
4.381726689015424370e+01,0.000000000000000000e+00
4.566376582651020044e+01,0.000000000000000000e+00
4.980908845062014478e+01,0.000000000000000000e+00
4.438887169584933190e+01,0.000000000000000000e+00
4.731833046687057731e+01,0.000000000000000000e+00
4.624339847768349188e+01,0.000000000000000000e+00
4.469691343202760692e+01,0.000000000000000000e+00
4.006630543573118075e+01,0.000000000000000000e+00
4.578115279005797333e+01,0.000000000000000000e+00
3.976577796763271522e+01,0.000000000000000000e+00
4.289639084342753250e+01,0.000000000000000000e+00
4.781481207808327838e+01,0.000000000000000000e+00
4.088080858196575207e+01,0.000000000000000000e+00
4.333845945271142597e+01,0.000000000000000000e+00
4.182652284870028581e+01,0.000000000000000000e+00
4.464662468410135432e+01,0.000000000000000000e+00
4.252992284259910605e+01,0.000000000000000000e+00
4.356759597120305472e+01,0.000000000000000000e+00
4.470336079239388738e+01,0.000000000000000000e+00
4.480625642899335048e+01,0.000000000000000000e+00
4.274245829121461782e+01,0.000000000000000000e+00
4.185293960686592385e+01,0.000000000000000000e+00
4.561415018793039167e+01,0.000000000000000000e+00
4.326474481560455132e+01,0.000000000000000000e+00
4.530950600500680991e+01,0.000000000000000000e+00
3.943991342831770908e+01,0.000000000000000000e+00
4.325193485563180218e+01,0.000000000000000000e+00
4.281282230549803103e+01,0.000000000000000000e+00
3.911039110426720100e+01,0.000000000000000000e+00
4.515169004084295779e+01,0.000000000000000000e+00
4.110118300705761385e+01,0.000000000000000000e+00
4.170586479195693386e+01,0.000000000000000000e+00
4.110113372418508249e+01,0.000000000000000000e+00
4.012188615967050254e+01,0.000000000000000000e+00
4.116119714382459449e+01,0.000000000000000000e+00
4.265386816756072363e+01,0.000000000000000000e+00
3.812393935435079584e+01,0.000000000000000000e+00
3.890505407878234934e+01,0.000000000000000000e+00
4.373318166930438622e+01,0.000000000000000000e+00
4.236404826593275885e+01,0.000000000000000000e+00
3.988591608996835447e+01,0.000000000000000000e+00
4.204468600401021661e+01,0.000000000000000000e+00
3.966521916545772797e+01,0.000000000000000000e+00
3.616100169832060374e+01,0.000000000000000000e+00
3.694542686270737875e+01,0.000000000000000000e+00
4.285533650404921246e+01,0.000000000000000000e+00
4.170241479318636380e+01,0.000000000000000000e+00
3.803798876372572124e+01,0.000000000000000000e+00
3.804411468246974692e+01,0.000000000000000000e+00
4.173447498851488291e+01,0.000000000000000000e+00
4.137672503186550443e+01,0.000000000000000000e+00
4.136750938490662577e+01,0.000000000000000000e+00
3.871256199585511837e+01,0.000000000000000000e+00
3.911681331261616634e+01,0.000000000000000000e+00
3.574875033494724619e+01,0.000000000000000000e+00
4.079568088421247296e+01,0.000000000000000000e+00
3.795222457970581331e+01,0.000000000000000000e+00
4.055458481261495507e+01,0.000000000000000000e+00
3.982275776364053144e+01,0.000000000000000000e+00
4.076760894004877400e+01,0.000000000000000000e+00
3.875911158511033960e+01,0.000000000000000000e+00
4.064037864657702670e+01,0.000000000000000000e+00
3.791524212483753331e+01,0.000000000000000000e+00
3.672189293429737234e+01,0.000000000000000000e+00
4.035405371354581661e+01,0.000000000000000000e+00
3.827087147390875543e+01,0.000000000000000000e+00
3.734726830818279097e+01,0.000000000000000000e+00
3.815332026438441915e+01,0.000000000000000000e+00
3.672880631187771883e+01,0.000000000000000000e+00
3.747134447436067006e+01,0.000000000000000000e+00
3.970564129527744512e+01,0.000000000000000000e+00
3.977696528363136963e+01,0.000000000000000000e+00
3.823079655771957874e+01,0.000000000000000000e+00
3.990493143556522426e+01,0.000000000000000000e+00
3.561050029984975396e+01,0.000000000000000000e+00
3.974522163480454395e+01,0.000000000000000000e+00
3.826123609264507763e+01,0.000000000000000000e+00
3.988417840980973494e+01,0.000000000000000000e+00
3.942787895799880005e+01,0.000000000000000000e+00
3.812164109801538814e+01,0.000000000000000000e+00
3.535405218976044495e+01,0.000000000000000000e+00
3.616908877960980107e+01,0.000000000000000000e+00
3.652086303403010703e+01,0.000000000000000000e+00
3.639922681781287395e+01,0.000000000000000000e+00
4.268782302178914279e+01,0.000000000000000000e+00
3.811754015605936274e+01,0.000000000000000000e+00
3.823210545510494285e+01,0.000000000000000000e+00
3.609703549025172720e+01,0.000000000000000000e+00
3.731682008813604057e+01,0.000000000000000000e+00
3.616064880343333954e+01,0.000000000000000000e+00
3.609604144385252766e+01,0.000000000000000000e+00
3.503159885430141429e+01,0.000000000000000000e+00
4.036477776736601442e+01,0.000000000000000000e+00
3.286080834268960871e+01,0.000000000000000000e+00
3.724889994840177110e+01,0.000000000000000000e+00
3.741667714543324763e+01,0.000000000000000000e+00
3.905871957460633581e+01,0.000000000000000000e+00
3.576585563505793885e+01,0.000000000000000000e+00
3.754575490335901122e+01,0.000000000000000000e+00
3.678867473220248741e+01,0.000000000000000000e+00
3.371937895354218995e+01,0.000000000000000000e+00
3.303715365948587390e+01,0.000000000000000000e+00
3.553949771799253909e+01,0.000000000000000000e+00
3.686626843075216442e+01,0.000000000000000000e+00
3.621457870503304122e+01,0.000000000000000000e+00
3.831450503238137628e+01,0.000000000000000000e+00
3.651987645056355802e+01,0.000000000000000000e+00
3.901557932181533062e+01,0.000000000000000000e+00
3.458651311129027306e+01,0.000000000000000000e+00
3.659914654624801500e+01,0.000000000000000000e+00
3.703430943294977595e+01,0.000000000000000000e+00
3.548031000756955677e+01,0.000000000000000000e+00
3.456365277175967776e+01,0.000000000000000000e+00
3.551473547907085759e+01,0.000000000000000000e+00
3.621695531277468660e+01,0.000000000000000000e+00
3.611937088562320497e+01,0.000000000000000000e+00
3.565766480605795863e+01,0.000000000000000000e+00
3.601361320459118076e+01,0.000000000000000000e+00
3.617090527984461801e+01,0.000000000000000000e+00
3.314355113257278873e+01,0.000000000000000000e+00
3.341772232580375857e+01,0.000000000000000000e+00
3.623198199824923904e+01,0.000000000000000000e+00
3.527194250084576765e+01,0.000000000000000000e+00
3.446827877570769516e+01,0.000000000000000000e+00
3.238391733917563897e+01,0.000000000000000000e+00
3.219624464593712077e+01,0.000000000000000000e+00
3.288757401276103565e+01,0.000000000000000000e+00
3.143829511625241224e+01,0.000000000000000000e+00
3.797179469489076098e+01,0.000000000000000000e+00
3.255551975820612398e+01,0.000000000000000000e+00
3.341873958722819538e+01,0.000000000000000000e+00
3.423794693704851966e+01,0.000000000000000000e+00
3.323936357729752444e+01,0.000000000000000000e+00
3.124902192308175231e+01,0.000000000000000000e+00
3.232618625106468357e+01,0.000000000000000000e+00
3.163528338906535708e+01,0.000000000000000000e+00
3.743800160861867710e+01,0.000000000000000000e+00
3.351953339874705762e+01,0.000000000000000000e+00
3.180964387782269398e+01,0.000000000000000000e+00
3.425148499703102090e+01,0.000000000000000000e+00
3.037153886303867267e+01,0.000000000000000000e+00
3.550847967268942540e+01,0.000000000000000000e+00
3.245929956581354503e+01,0.000000000000000000e+00
3.146212365135071209e+01,0.000000000000000000e+00
3.397728107114365770e+01,0.000000000000000000e+00
3.398240675679965506e+01,0.000000000000000000e+00
3.110585094379337434e+01,0.000000000000000000e+00
3.227360976455198482e+01,0.000000000000000000e+00
3.444515336134274008e+01,0.000000000000000000e+00
3.396047247113778411e+01,0.000000000000000000e+00
3.472292375005552856e+01,0.000000000000000000e+00
3.201112022337849794e+01,0.000000000000000000e+00
3.122581131965129586e+01,0.000000000000000000e+00
3.817641321275066701e+01,0.000000000000000000e+00
3.392252727341163165e+01,0.000000000000000000e+00
3.209078686758675047e+01,0.000000000000000000e+00
2.981044343946988207e+01,0.000000000000000000e+00
2.946574048666467860e+01,0.000000000000000000e+00
2.956605752138624865e+01,0.000000000000000000e+00
3.390466793335979645e+01,0.000000000000000000e+00
3.138415758548352841e+01,0.000000000000000000e+00
3.265096956015060670e+01,0.000000000000000000e+00
3.035320620485020982e+01,0.000000000000000000e+00
3.165529947373310549e+01,0.000000000000000000e+00
3.088027907753939161e+01,0.000000000000000000e+00
3.034636570583062465e+01,0.000000000000000000e+00
2.990381700549663435e+01,0.000000000000000000e+00
3.112159959055558289e+01,0.000000000000000000e+00
2.966494615354752540e+01,0.000000000000000000e+00
3.445003430209071382e+01,0.000000000000000000e+00
3.155978763409055077e+01,0.000000000000000000e+00
3.437946500190113852e+01,0.000000000000000000e+00
3.143067583045041502e+01,0.000000000000000000e+00
3.510810597957852508e+01,0.000000000000000000e+00
3.254276205916698927e+01,0.000000000000000000e+00
3.031000574845534246e+01,0.000000000000000000e+00
2.850706017064332087e+01,0.000000000000000000e+00
3.009865845208259572e+01,0.000000000000000000e+00
3.278153064863549560e+01,0.000000000000000000e+00
3.465013399263722960e+01,0.000000000000000000e+00
2.966839346844261982e+01,0.000000000000000000e+00
3.319850483549221565e+01,0.000000000000000000e+00
3.056336688330118889e+01,0.000000000000000000e+00
3.203512178878787608e+01,0.000000000000000000e+00
3.072924779344500124e+01,0.000000000000000000e+00
2.850814613162042832e+01,0.000000000000000000e+00
3.178246478668123487e+01,0.000000000000000000e+00
2.932783822276255847e+01,0.000000000000000000e+00
2.983862028320600857e+01,0.000000000000000000e+00
3.241856807590190215e+01,0.000000000000000000e+00
3.124707919026666048e+01,0.000000000000000000e+00
3.297956297395206349e+01,0.000000000000000000e+00
2.760053335589794088e+01,0.000000000000000000e+00
3.013924099126715461e+01,0.000000000000000000e+00
2.963641548410172177e+01,0.000000000000000000e+00
2.697430784427681871e+01,0.000000000000000000e+00
2.938555191494515739e+01,0.000000000000000000e+00
2.935731756940581150e+01,0.000000000000000000e+00
2.920225403885237370e+01,0.000000000000000000e+00
2.739566401616431435e+01,0.000000000000000000e+00
2.842577144168523517e+01,0.000000000000000000e+00
2.929095902382292493e+01,0.000000000000000000e+00
3.015902633053072535e+01,0.000000000000000000e+00
2.944568334548189270e+01,0.000000000000000000e+00
2.804274668485292210e+01,0.000000000000000000e+00
2.926296869430681014e+01,0.000000000000000000e+00
2.769794763965686357e+01,0.000000000000000000e+00
3.011851034719657605e+01,0.000000000000000000e+00
2.750630218528925042e+01,0.000000000000000000e+00
2.219831939355424666e+01,0.000000000000000000e+00
2.899857419259540947e+01,0.000000000000000000e+00
2.818700884158801401e+01,0.000000000000000000e+00
2.860421443837584121e+01,0.000000000000000000e+00
2.781380205527472427e+01,0.000000000000000000e+00
2.985979515681992069e+01,0.000000000000000000e+00
2.642925356416641591e+01,0.000000000000000000e+00
2.758149588054327594e+01,0.000000000000000000e+00
2.868046674597187007e+01,0.000000000000000000e+00
2.735578866390835628e+01,0.000000000000000000e+00
3.166302461161532378e+01,0.000000000000000000e+00
2.679908037822804090e+01,0.000000000000000000e+00
2.420823963356626507e+01,0.000000000000000000e+00
2.802174115698133861e+01,0.000000000000000000e+00
2.969790468017823315e+01,0.000000000000000000e+00
2.947284572352069887e+01,0.000000000000000000e+00
2.860039334604077865e+01,0.000000000000000000e+00
2.393291760154124503e+01,0.000000000000000000e+00
2.798027415347297620e+01,0.000000000000000000e+00
2.309766500119829757e+01,0.000000000000000000e+00
2.849836636736461770e+01,0.000000000000000000e+00
2.497660217336145294e+01,0.000000000000000000e+00
2.569686341090764614e+01,0.000000000000000000e+00
2.509205919494820591e+01,0.000000000000000000e+00
2.643501458906971280e+01,0.000000000000000000e+00
3.072444754409119128e+01,0.000000000000000000e+00
2.666371642522577190e+01,0.000000000000000000e+00
2.502975943011254145e+01,0.000000000000000000e+00
2.431055642299196862e+01,0.000000000000000000e+00
2.801770991955444501e+01,0.000000000000000000e+00
2.611341171967720953e+01,0.000000000000000000e+00
2.971375517905054053e+01,0.000000000000000000e+00
2.595916092934125174e+01,0.000000000000000000e+00
2.809857569659522980e+01,0.000000000000000000e+00
2.556921094572643582e+01,0.000000000000000000e+00
2.917465869332594153e+01,0.000000000000000000e+00
2.839897345341490009e+01,0.000000000000000000e+00
2.482861529296385683e+01,0.000000000000000000e+00
2.509660152706579694e+01,0.000000000000000000e+00
2.244625251558483825e+01,0.000000000000000000e+00
2.623040352056306901e+01,0.000000000000000000e+00
3.159862492899027941e+01,0.000000000000000000e+00
2.342250248829671477e+01,0.000000000000000000e+00
2.716490203332424613e+01,0.000000000000000000e+00
2.632767664365125526e+01,0.000000000000000000e+00
2.457774496991229896e+01,0.000000000000000000e+00
2.760321884282446092e+01,0.000000000000000000e+00
2.367128047611376829e+01,0.000000000000000000e+00
2.646041210809268307e+01,0.000000000000000000e+00
2.739342206470290009e+01,0.000000000000000000e+00
2.815871872659344177e+01,0.000000000000000000e+00
2.394300455646488501e+01,0.000000000000000000e+00
2.516907656529658510e+01,0.000000000000000000e+00
2.452751862477179401e+01,0.000000000000000000e+00
2.617623931066284015e+01,0.000000000000000000e+00
2.602642971914175973e+01,0.000000000000000000e+00
2.175545643509080307e+01,0.000000000000000000e+00
2.697203601016835961e+01,0.000000000000000000e+00
2.634592707064495798e+01,0.000000000000000000e+00
2.532265839286072051e+01,0.000000000000000000e+00
2.630390927311062654e+01,0.000000000000000000e+00
2.623936252114237178e+01,0.000000000000000000e+00
2.439272129184555737e+01,0.000000000000000000e+00
2.731369979643430668e+01,0.000000000000000000e+00
2.322871988658994979e+01,0.000000000000000000e+00
2.257529752573431381e+01,0.000000000000000000e+00
2.885858686666700024e+01,0.000000000000000000e+00
2.942668726099810428e+01,0.000000000000000000e+00
2.461657475864450362e+01,0.000000000000000000e+00
2.260210555908370367e+01,0.000000000000000000e+00
2.472833893535489835e+01,0.000000000000000000e+00
2.459235630931710759e+01,0.000000000000000000e+00
2.740113880297590043e+01,0.000000000000000000e+00
2.858555342678408095e+01,0.000000000000000000e+00
2.602114323405863061e+01,0.000000000000000000e+00
2.462341469396040594e+01,0.000000000000000000e+00
2.728412831699764496e+01,0.000000000000000000e+00
2.354263628035689138e+01,0.000000000000000000e+00
2.148723108722451514e+01,0.000000000000000000e+00
2.413700487118545368e+01,0.000000000000000000e+00
2.378585078217666648e+01,0.000000000000000000e+00
2.653721335554167382e+01,0.000000000000000000e+00
2.568507889635943187e+01,0.000000000000000000e+00
2.377559994023117440e+01,0.000000000000000000e+00
2.537178500933100977e+01,0.000000000000000000e+00
2.103967755376083559e+01,0.000000000000000000e+00
2.169170724529119454e+01,0.000000000000000000e+00
2.346989338455626140e+01,0.000000000000000000e+00
2.549549054963346606e+01,0.000000000000000000e+00
2.347928613186853042e+01,0.000000000000000000e+00
2.186530885247882949e+01,0.000000000000000000e+00
2.309251316775592855e+01,0.000000000000000000e+00
2.594275539121078111e+01,0.000000000000000000e+00
2.163278070320818358e+01,0.000000000000000000e+00
2.409439507781452861e+01,0.000000000000000000e+00
2.273889024091150191e+01,0.000000000000000000e+00
2.407346073733893022e+01,0.000000000000000000e+00
1.980050099532049046e+01,0.000000000000000000e+00
2.614493060638205790e+01,0.000000000000000000e+00
2.294937270965943554e+01,0.000000000000000000e+00
2.077426704832005910e+01,0.000000000000000000e+00
2.367518077184714897e+01,0.000000000000000000e+00
2.011132393340711033e+01,0.000000000000000000e+00
2.304940126572141423e+01,0.000000000000000000e+00
2.869847624291090682e+01,0.000000000000000000e+00
2.778446002906121137e+01,0.000000000000000000e+00
2.444947605915158206e+01,0.000000000000000000e+00
2.344275815507536365e+01,0.000000000000000000e+00
2.272124203169734713e+01,0.000000000000000000e+00
2.273258054853071286e+01,0.000000000000000000e+00
2.229335454893387336e+01,0.000000000000000000e+00
2.280582160095931243e+01,0.000000000000000000e+00
2.407523109565466513e+01,0.000000000000000000e+00
2.628512525228882168e+01,0.000000000000000000e+00
2.412868561135155687e+01,0.000000000000000000e+00
2.049876768459201415e+01,0.000000000000000000e+00
2.268254340868773866e+01,0.000000000000000000e+00
2.607000307388937443e+01,0.000000000000000000e+00
2.416167982278950888e+01,0.000000000000000000e+00
2.614628099047334331e+01,0.000000000000000000e+00
2.256229170706792075e+01,0.000000000000000000e+00
2.054195145367671316e+01,0.000000000000000000e+00
2.210591146133018725e+01,0.000000000000000000e+00
2.344319288950611835e+01,0.000000000000000000e+00
2.312400731129144305e+01,0.000000000000000000e+00
2.040115472729253199e+01,0.000000000000000000e+00
2.275770343666624740e+01,0.000000000000000000e+00
2.331837346200773808e+01,0.000000000000000000e+00
2.382686220012838874e+01,0.000000000000000000e+00
2.276875241939957917e+01,0.000000000000000000e+00
2.244090734896847295e+01,0.000000000000000000e+00
2.294422255827441148e+01,0.000000000000000000e+00
2.250892188665133631e+01,0.000000000000000000e+00
2.674555840879996893e+01,0.000000000000000000e+00
2.352463830571125669e+01,0.000000000000000000e+00
2.075134308595293220e+01,0.000000000000000000e+00
2.198384610406904116e+01,0.000000000000000000e+00
2.260217379400113913e+01,0.000000000000000000e+00
2.184501365134774886e+01,0.000000000000000000e+00
2.265780419744293894e+01,0.000000000000000000e+00
2.054484876075033384e+01,0.000000000000000000e+00
2.269519979870169735e+01,0.000000000000000000e+00
2.343769094099158679e+01,0.000000000000000000e+00
2.227775173873722281e+01,0.000000000000000000e+00
2.002635577831343738e+01,0.000000000000000000e+00
2.067150230346414830e+01,0.000000000000000000e+00
2.211069543088904155e+01,0.000000000000000000e+00
1.991691757888921543e+01,0.000000000000000000e+00
2.140404769547540198e+01,0.000000000000000000e+00
2.022502698149363809e+01,0.000000000000000000e+00
1.824341967419113786e+01,0.000000000000000000e+00
2.319682677940167181e+01,0.000000000000000000e+00
2.023895188987124172e+01,0.000000000000000000e+00
2.101738298573218344e+01,0.000000000000000000e+00
2.324866891364839105e+01,0.000000000000000000e+00
2.068304795245930450e+01,0.000000000000000000e+00
2.275810667346150140e+01,0.000000000000000000e+00
2.218201500560746808e+01,0.000000000000000000e+00
2.305022924082796720e+01,0.000000000000000000e+00
2.169486876929870789e+01,0.000000000000000000e+00
1.836921039463314997e+01,0.000000000000000000e+00
2.290499005543413702e+01,0.000000000000000000e+00
2.120570903134224494e+01,0.000000000000000000e+00
2.194880442763206219e+01,0.000000000000000000e+00
2.506281978633299445e+01,0.000000000000000000e+00
2.338130241230210160e+01,0.000000000000000000e+00
2.083325537310109965e+01,0.000000000000000000e+00
2.042004674387183627e+01,0.000000000000000000e+00
2.274345109845873125e+01,0.000000000000000000e+00
1.757014769478480076e+01,0.000000000000000000e+00
2.170949615974383917e+01,0.000000000000000000e+00
2.458915742874329169e+01,0.000000000000000000e+00
2.326379346341827414e+01,0.000000000000000000e+00
2.582131209384974113e+01,0.000000000000000000e+00
2.098273530836958400e+01,0.000000000000000000e+00
2.340036403973053325e+01,0.000000000000000000e+00
2.436151646905464929e+01,0.000000000000000000e+00
2.093161473416616047e+01,0.000000000000000000e+00
2.241808375413860688e+01,0.000000000000000000e+00
1.933377351663167687e+01,0.000000000000000000e+00
2.017399840867784633e+01,0.000000000000000000e+00
2.169280944582584780e+01,0.000000000000000000e+00
2.385882147560478472e+01,0.000000000000000000e+00
1.997467834126173614e+01,0.000000000000000000e+00
1.934861522911753084e+01,0.000000000000000000e+00
2.357107679090413654e+01,0.000000000000000000e+00
2.157322632661097472e+01,0.000000000000000000e+00
2.459748705183272222e+01,0.000000000000000000e+00
2.323093725826234746e+01,0.000000000000000000e+00
2.340904478987175352e+01,0.000000000000000000e+00
1.927890026470454288e+01,0.000000000000000000e+00
2.052377234443682852e+01,0.000000000000000000e+00
2.331202194156412233e+01,0.000000000000000000e+00
1.975414220350613448e+01,0.000000000000000000e+00
2.383939526362623340e+01,0.000000000000000000e+00
2.375690879755377694e+01,0.000000000000000000e+00
2.332435837857480365e+01,0.000000000000000000e+00
2.112854423956905592e+01,0.000000000000000000e+00
2.162319368672840625e+01,0.000000000000000000e+00
2.023217963265805253e+01,0.000000000000000000e+00
2.318534609177594064e+01,0.000000000000000000e+00
1.889946034020361409e+01,0.000000000000000000e+00
1.816176501555232647e+01,0.000000000000000000e+00
1.987882073449076614e+01,0.000000000000000000e+00
1.949876228007650525e+01,0.000000000000000000e+00
2.143393126657354486e+01,0.000000000000000000e+00
1.974134802759373031e+01,0.000000000000000000e+00
2.219633376468466679e+01,0.000000000000000000e+00
2.218265783537287561e+01,0.000000000000000000e+00
2.041365239963032963e+01,0.000000000000000000e+00
2.368416180709319718e+01,0.000000000000000000e+00
1.768789379558618435e+01,0.000000000000000000e+00
2.299509201818998250e+01,0.000000000000000000e+00
2.205926619074780604e+01,0.000000000000000000e+00
1.830752630573934070e+01,0.000000000000000000e+00
1.915016647547773943e+01,0.000000000000000000e+00
1.985268644565200447e+01,0.000000000000000000e+00
1.823334505081508539e+01,0.000000000000000000e+00
2.317353280004779137e+01,0.000000000000000000e+00
2.103075452589297711e+01,0.000000000000000000e+00
2.405162502753567466e+01,0.000000000000000000e+00
2.401732615965080342e+01,0.000000000000000000e+00
2.003908407435408279e+01,0.000000000000000000e+00
1.771066158631784759e+01,0.000000000000000000e+00
2.195411595656754500e+01,0.000000000000000000e+00
2.053226920963491864e+01,0.000000000000000000e+00
2.470390246747271235e+01,0.000000000000000000e+00
1.777299310000478627e+01,0.000000000000000000e+00
2.246734898112900325e+01,0.000000000000000000e+00
2.137721979575606923e+01,0.000000000000000000e+00
1.966120531767047908e+01,0.000000000000000000e+00
2.003263817833109073e+01,0.000000000000000000e+00
2.078285568911340064e+01,0.000000000000000000e+00
2.094223645993627869e+01,0.000000000000000000e+00
1.688631926631302704e+01,0.000000000000000000e+00
2.058210936948139391e+01,0.000000000000000000e+00
2.397138537405282577e+01,0.000000000000000000e+00
2.504539510283405335e+01,0.000000000000000000e+00
1.860187372912598391e+01,0.000000000000000000e+00
1.745572970057145668e+01,0.000000000000000000e+00
2.070243685300822278e+01,0.000000000000000000e+00
2.110862583579009311e+01,0.000000000000000000e+00
1.831355073387439703e+01,0.000000000000000000e+00
1.945837614390551096e+01,0.000000000000000000e+00
2.187483321798654501e+01,0.000000000000000000e+00
1.787730983963129816e+01,0.000000000000000000e+00
1.658409704362359705e+01,0.000000000000000000e+00
1.917527321269738749e+01,0.000000000000000000e+00
2.026761921208445472e+01,0.000000000000000000e+00
1.958077125118192896e+01,0.000000000000000000e+00
2.016815769014306881e+01,0.000000000000000000e+00
2.581260488860913682e+01,0.000000000000000000e+00
2.301602466361332233e+01,0.000000000000000000e+00
1.704790194828528627e+01,0.000000000000000000e+00
2.173304434565827492e+01,0.000000000000000000e+00
1.510671258720728005e+01,0.000000000000000000e+00
1.973667304744875750e+01,0.000000000000000000e+00
1.897171500751154838e+01,0.000000000000000000e+00
2.029098340705752790e+01,0.000000000000000000e+00
2.022026375149554056e+01,0.000000000000000000e+00
1.682051007848703961e+01,0.000000000000000000e+00
1.948948538949371212e+01,0.000000000000000000e+00
2.116506846644088213e+01,0.000000000000000000e+00
2.403905700258018641e+01,0.000000000000000000e+00
2.031178383760736494e+01,0.000000000000000000e+00
2.072385654853765402e+01,0.000000000000000000e+00
1.970256896132141478e+01,0.000000000000000000e+00
1.862609487552106202e+01,0.000000000000000000e+00
1.601948699095233053e+01,0.000000000000000000e+00
2.025704234679580651e+01,0.000000000000000000e+00
1.815908531436051732e+01,0.000000000000000000e+00
2.316706976884724156e+01,0.000000000000000000e+00
1.682360116059039257e+01,0.000000000000000000e+00
2.074597803143054620e+01,0.000000000000000000e+00
2.025159320422042697e+01,0.000000000000000000e+00
1.970007711206481460e+01,0.000000000000000000e+00
2.152869810755674962e+01,0.000000000000000000e+00
1.951152117256057750e+01,0.000000000000000000e+00
1.829430603296138713e+01,0.000000000000000000e+00
1.737779929709818916e+01,0.000000000000000000e+00
2.133281717770159602e+01,0.000000000000000000e+00
1.635114587803836272e+01,0.000000000000000000e+00
1.984782974975254177e+01,0.000000000000000000e+00
1.929300401572645640e+01,0.000000000000000000e+00
1.950829097787521604e+01,0.000000000000000000e+00
2.262593177984416926e+01,0.000000000000000000e+00
1.755489816265343350e+01,0.000000000000000000e+00
2.185389557332831600e+01,0.000000000000000000e+00
1.925213292810800070e+01,0.000000000000000000e+00
2.029977266887150478e+01,0.000000000000000000e+00
1.667769397400800457e+01,0.000000000000000000e+00
2.158195580301980243e+01,0.000000000000000000e+00
1.975570309808991709e+01,0.000000000000000000e+00
1.771219324603492140e+01,0.000000000000000000e+00
1.965813350614605781e+01,0.000000000000000000e+00
2.222153840017139359e+01,0.000000000000000000e+00
1.923414438189792364e+01,0.000000000000000000e+00
1.895948943114421326e+01,0.000000000000000000e+00
1.900035446459727950e+01,0.000000000000000000e+00
2.258986484590344901e+01,0.000000000000000000e+00
2.040024590187377385e+01,0.000000000000000000e+00
1.726262191760989140e+01,0.000000000000000000e+00
2.084127959385424944e+01,0.000000000000000000e+00
1.882366465511937648e+01,0.000000000000000000e+00
1.803624580469934102e+01,0.000000000000000000e+00
2.175100001367668057e+01,0.000000000000000000e+00
1.908061636257896510e+01,0.000000000000000000e+00
2.072407132008733655e+01,0.000000000000000000e+00
1.728379029486077911e+01,0.000000000000000000e+00
1.971939013690526821e+01,0.000000000000000000e+00
2.264668228165884400e+01,0.000000000000000000e+00
1.760025991058977013e+01,0.000000000000000000e+00
1.832879006589484305e+01,0.000000000000000000e+00
2.036623174423449001e+01,0.000000000000000000e+00
2.145907147577814911e+01,0.000000000000000000e+00
2.110670785554882656e+01,0.000000000000000000e+00
1.852033240094344535e+01,0.000000000000000000e+00
2.038518378805331466e+01,0.000000000000000000e+00
2.243669358300745387e+01,0.000000000000000000e+00
1.401778144391060010e+01,0.000000000000000000e+00
1.909543431901951038e+01,0.000000000000000000e+00
1.978653965158790839e+01,0.000000000000000000e+00
1.892186268285423978e+01,0.000000000000000000e+00
2.187845702521295976e+01,0.000000000000000000e+00
2.295178183669810323e+01,0.000000000000000000e+00
1.943672204894843247e+01,0.000000000000000000e+00
1.882738371418295742e+01,0.000000000000000000e+00
1.897219557732258721e+01,0.000000000000000000e+00
1.850370122911160209e+01,0.000000000000000000e+00
2.037189696813096162e+01,0.000000000000000000e+00
1.951477872710027128e+01,0.000000000000000000e+00
1.773790914948813224e+01,0.000000000000000000e+00
2.065259115891171859e+01,0.000000000000000000e+00
2.005647547753565263e+01,0.000000000000000000e+00
1.767031270056744674e+01,0.000000000000000000e+00
1.900098509171054673e+01,0.000000000000000000e+00
1.863561067547577466e+01,0.000000000000000000e+00
2.167025875645536814e+01,0.000000000000000000e+00
2.074657872409932224e+01,0.000000000000000000e+00
2.370337349717735975e+01,0.000000000000000000e+00
1.868216480304867133e+01,0.000000000000000000e+00
2.284188227927956660e+01,0.000000000000000000e+00
2.198785323113143875e+01,0.000000000000000000e+00
2.025323461292239813e+01,0.000000000000000000e+00
1.902425620074068036e+01,0.000000000000000000e+00
2.476129541232435116e+01,0.000000000000000000e+00
2.122021676108038335e+01,0.000000000000000000e+00
2.169425376503545877e+01,0.000000000000000000e+00
1.968864611335065007e+01,0.000000000000000000e+00
1.937784194136867200e+01,0.000000000000000000e+00
1.783721405671927229e+01,0.000000000000000000e+00
2.129049535390090497e+01,0.000000000000000000e+00
2.329120412886063818e+01,0.000000000000000000e+00
2.097747231634478027e+01,0.000000000000000000e+00
1.999852260883763222e+01,0.000000000000000000e+00
1.785259039863787578e+01,0.000000000000000000e+00
2.196782926472192088e+01,0.000000000000000000e+00
2.313606016579744917e+01,0.000000000000000000e+00
2.241040831622953178e+01,0.000000000000000000e+00
2.129085058344994508e+01,0.000000000000000000e+00
1.954714002963377339e+01,0.000000000000000000e+00
2.219268443197849550e+01,0.000000000000000000e+00
2.112360126587639897e+01,0.000000000000000000e+00
2.253972042886931604e+01,0.000000000000000000e+00
1.803935017065943214e+01,0.000000000000000000e+00
2.529915748732786795e+01,0.000000000000000000e+00
2.219995462841516698e+01,0.000000000000000000e+00
2.197939876174104512e+01,0.000000000000000000e+00
2.086405594048173384e+01,0.000000000000000000e+00
2.005625469756957813e+01,0.000000000000000000e+00
2.034759314536563579e+01,0.000000000000000000e+00
2.214916394834044766e+01,0.000000000000000000e+00
2.328836356077909997e+01,0.000000000000000000e+00
1.952764732638734202e+01,0.000000000000000000e+00
1.695322203925623938e+01,0.000000000000000000e+00
2.179931744591395315e+01,0.000000000000000000e+00
2.058346197780825904e+01,0.000000000000000000e+00
2.423990485023491104e+01,0.000000000000000000e+00
2.108332142715819657e+01,0.000000000000000000e+00
2.290110230892579324e+01,0.000000000000000000e+00
2.052474540184866925e+01,0.000000000000000000e+00
1.897118047084439496e+01,0.000000000000000000e+00
2.394646088098950543e+01,0.000000000000000000e+00
2.213602297951496212e+01,0.000000000000000000e+00
2.315992404817962580e+01,0.000000000000000000e+00
2.222290705870599936e+01,0.000000000000000000e+00
1.907439215751382378e+01,0.000000000000000000e+00
2.028132805616468204e+01,0.000000000000000000e+00
2.261248483229562822e+01,0.000000000000000000e+00
2.162478348100669123e+01,0.000000000000000000e+00
2.182825134631407238e+01,0.000000000000000000e+00
2.112521284175555536e+01,0.000000000000000000e+00
2.317246820666194651e+01,0.000000000000000000e+00
2.348479470742178066e+01,0.000000000000000000e+00
2.199496622927917144e+01,0.000000000000000000e+00
2.275618919999111966e+01,0.000000000000000000e+00
2.024196123326505869e+01,0.000000000000000000e+00
2.319422543305762474e+01,0.000000000000000000e+00
2.269584792006516949e+01,0.000000000000000000e+00
2.127169781738642840e+01,0.000000000000000000e+00
1.700274373434229247e+01,0.000000000000000000e+00
2.147980714563659888e+01,0.000000000000000000e+00
2.090077852671780434e+01,0.000000000000000000e+00
2.295714697119990788e+01,0.000000000000000000e+00
2.429417357605109018e+01,0.000000000000000000e+00
1.962554598247576365e+01,0.000000000000000000e+00
2.371979572614354126e+01,0.000000000000000000e+00
2.197945001108941554e+01,0.000000000000000000e+00
2.645266116916172550e+01,0.000000000000000000e+00
2.577693127236438642e+01,0.000000000000000000e+00
1.957363719404174063e+01,0.000000000000000000e+00
2.369791542362486680e+01,0.000000000000000000e+00
2.136018622129525468e+01,0.000000000000000000e+00
2.117423923828344101e+01,0.000000000000000000e+00
2.272873805689131999e+01,0.000000000000000000e+00
1.910561350116333301e+01,0.000000000000000000e+00
2.186050095230633872e+01,0.000000000000000000e+00
1.774183334420591507e+01,0.000000000000000000e+00
1.682777586360198541e+01,0.000000000000000000e+00
2.165726649517935698e+01,0.000000000000000000e+00
2.073999833951433303e+01,0.000000000000000000e+00
1.935786860237654494e+01,0.000000000000000000e+00
1.887525195065759220e+01,0.000000000000000000e+00
2.080425482955699579e+01,0.000000000000000000e+00
1.976817233587703271e+01,0.000000000000000000e+00
2.253953453005830809e+01,0.000000000000000000e+00
2.062279263199241441e+01,0.000000000000000000e+00
1.942197878060137839e+01,0.000000000000000000e+00
2.371493725540736364e+01,0.000000000000000000e+00
2.114627652378542777e+01,0.000000000000000000e+00
2.036275775198546967e+01,0.000000000000000000e+00
2.497055094667203434e+01,0.000000000000000000e+00
2.299058009827029281e+01,0.000000000000000000e+00
2.052555513473584625e+01,0.000000000000000000e+00
2.149813054314573080e+01,0.000000000000000000e+00
1.889739066084955255e+01,0.000000000000000000e+00
2.087588588087214347e+01,0.000000000000000000e+00
2.515350276458188716e+01,0.000000000000000000e+00
2.052887008250104373e+01,0.000000000000000000e+00
2.313335446917112748e+01,0.000000000000000000e+00
1.985691266752395023e+01,0.000000000000000000e+00
2.437772996531235847e+01,0.000000000000000000e+00
2.139816218322531682e+01,0.000000000000000000e+00
1.928835930120373376e+01,0.000000000000000000e+00
2.310040820141548323e+01,0.000000000000000000e+00
1.940267304664769910e+01,0.000000000000000000e+00
2.371958637795928837e+01,0.000000000000000000e+00
2.346898942910067376e+01,0.000000000000000000e+00
2.295812595682674484e+01,0.000000000000000000e+00
2.482438055805761223e+01,0.000000000000000000e+00
2.509107629407006357e+01,0.000000000000000000e+00
2.084519854157750984e+01,0.000000000000000000e+00
2.081954571786414476e+01,0.000000000000000000e+00
2.410920261869817338e+01,0.000000000000000000e+00
2.087503084562432676e+01,0.000000000000000000e+00
2.332955943805225019e+01,0.000000000000000000e+00
2.597530630587456812e+01,0.000000000000000000e+00
2.524897726051654701e+01,0.000000000000000000e+00
2.545790713498516311e+01,0.000000000000000000e+00
2.284470744610587900e+01,0.000000000000000000e+00
2.115640309196737334e+01,0.000000000000000000e+00
2.049473002983427961e+01,0.000000000000000000e+00
2.248425039209417875e+01,0.000000000000000000e+00
2.423117359865695164e+01,0.000000000000000000e+00
2.212258708179123801e+01,0.000000000000000000e+00
2.402329335260421672e+01,0.000000000000000000e+00
2.387599388065384787e+01,0.000000000000000000e+00
2.249239466010486765e+01,0.000000000000000000e+00
1.985125917514292837e+01,0.000000000000000000e+00
2.383773323286680679e+01,0.000000000000000000e+00
2.231814235105103350e+01,0.000000000000000000e+00
2.906423560651024474e+01,0.000000000000000000e+00
2.180520956029253909e+01,0.000000000000000000e+00
2.430839082248967742e+01,0.000000000000000000e+00
2.851643846025667983e+01,0.000000000000000000e+00
2.719072996822700006e+01,0.000000000000000000e+00
2.237293078069345498e+01,0.000000000000000000e+00
2.579044879007837565e+01,0.000000000000000000e+00
2.570525319408329423e+01,0.000000000000000000e+00
2.397588940603414187e+01,0.000000000000000000e+00
2.454035427719723117e+01,0.000000000000000000e+00
2.010779560995364079e+01,0.000000000000000000e+00
2.655428786837278921e+01,0.000000000000000000e+00
2.000529847708348541e+01,0.000000000000000000e+00
2.155515044865301633e+01,0.000000000000000000e+00
2.380734078780992746e+01,0.000000000000000000e+00
2.109056414327975659e+01,0.000000000000000000e+00
2.289643178077503194e+01,0.000000000000000000e+00
2.566632676651201095e+01,0.000000000000000000e+00
2.293640974177074909e+01,0.000000000000000000e+00
2.648586970813492769e+01,0.000000000000000000e+00
2.302967496545613457e+01,0.000000000000000000e+00
2.463900746802919173e+01,0.000000000000000000e+00
2.383206647141248169e+01,0.000000000000000000e+00
2.426489802078202729e+01,0.000000000000000000e+00
2.498879823731333971e+01,0.000000000000000000e+00
2.455224487955027257e+01,0.000000000000000000e+00
2.543513242387773232e+01,0.000000000000000000e+00
2.414658327615847710e+01,0.000000000000000000e+00
2.674600340051184233e+01,0.000000000000000000e+00
2.558659038423044052e+01,0.000000000000000000e+00
2.646310468995512366e+01,0.000000000000000000e+00
2.668693629787318500e+01,0.000000000000000000e+00
2.673151096963261608e+01,0.000000000000000000e+00
1.983661833931054019e+01,0.000000000000000000e+00
2.244405924488189186e+01,0.000000000000000000e+00
2.500686768244821678e+01,0.000000000000000000e+00
2.442434978119925049e+01,0.000000000000000000e+00
2.394250519867872029e+01,0.000000000000000000e+00
2.617141564511896945e+01,0.000000000000000000e+00
2.342583108846925555e+01,0.000000000000000000e+00
2.612249147069760369e+01,0.000000000000000000e+00
2.710007645467533877e+01,0.000000000000000000e+00
2.369771592203765564e+01,0.000000000000000000e+00
2.458047100724242995e+01,0.000000000000000000e+00
2.247472922072544677e+01,0.000000000000000000e+00
2.661618080453553858e+01,0.000000000000000000e+00
2.723666471768557074e+01,0.000000000000000000e+00
2.767543649958595608e+01,0.000000000000000000e+00
2.560655111775295012e+01,0.000000000000000000e+00
2.338951370065786861e+01,0.000000000000000000e+00
2.527554913023594807e+01,0.000000000000000000e+00
2.440893548966069915e+01,0.000000000000000000e+00
2.465469697753566791e+01,0.000000000000000000e+00
2.752949084395612900e+01,0.000000000000000000e+00
2.716169360108536068e+01,0.000000000000000000e+00
2.708804167957777054e+01,0.000000000000000000e+00
2.998165409239759427e+01,0.000000000000000000e+00
2.895191486261044744e+01,0.000000000000000000e+00
2.690943014104319531e+01,0.000000000000000000e+00
2.474073290015130056e+01,0.000000000000000000e+00
2.461117013178346014e+01,0.000000000000000000e+00
2.667842299218016677e+01,0.000000000000000000e+00
2.793874437362915586e+01,0.000000000000000000e+00
2.630041538004499913e+01,0.000000000000000000e+00
2.653117760877829312e+01,0.000000000000000000e+00
2.920683812690603887e+01,0.000000000000000000e+00
2.724105355107545634e+01,0.000000000000000000e+00
2.777630768183712107e+01,0.000000000000000000e+00
2.772179278369586441e+01,0.000000000000000000e+00
2.811729121563651645e+01,0.000000000000000000e+00
2.909755579595129404e+01,0.000000000000000000e+00
2.544207524704743406e+01,0.000000000000000000e+00
2.456645579421672920e+01,0.000000000000000000e+00
2.757209281615498853e+01,0.000000000000000000e+00
3.183998611839967197e+01,0.000000000000000000e+00
2.586471004870316648e+01,0.000000000000000000e+00
2.352829914558386548e+01,0.000000000000000000e+00
2.580172660513659011e+01,0.000000000000000000e+00
2.776685037337521678e+01,0.000000000000000000e+00
2.874776110826362796e+01,0.000000000000000000e+00
2.779549912040233295e+01,0.000000000000000000e+00
2.982040409587759200e+01,0.000000000000000000e+00
2.890199692580325674e+01,0.000000000000000000e+00
2.554262283048006310e+01,0.000000000000000000e+00
2.846645926388723780e+01,0.000000000000000000e+00
2.424581214307330157e+01,0.000000000000000000e+00
2.674466014440710282e+01,0.000000000000000000e+00
2.563319854424015887e+01,0.000000000000000000e+00
2.457796523404869404e+01,0.000000000000000000e+00
2.564679152076731583e+01,0.000000000000000000e+00
2.567208243461130479e+01,0.000000000000000000e+00
2.578599919381024819e+01,0.000000000000000000e+00
2.830334420812955898e+01,0.000000000000000000e+00
3.021697964932290148e+01,0.000000000000000000e+00
2.707037436842569278e+01,0.000000000000000000e+00
2.435513652280724983e+01,0.000000000000000000e+00
2.953940219431174086e+01,0.000000000000000000e+00
2.987887915469103106e+01,0.000000000000000000e+00
2.516773144822439434e+01,0.000000000000000000e+00
2.967392527258644463e+01,0.000000000000000000e+00
2.763705922795818637e+01,0.000000000000000000e+00
2.753322343849340825e+01,0.000000000000000000e+00
2.808158375700305598e+01,0.000000000000000000e+00
2.835928418822565433e+01,0.000000000000000000e+00
2.367421250027824442e+01,0.000000000000000000e+00
3.054117004666460389e+01,0.000000000000000000e+00
2.988548358043834341e+01,0.000000000000000000e+00
3.117590422970484454e+01,0.000000000000000000e+00
2.927831635384504949e+01,0.000000000000000000e+00
2.994996885236893291e+01,0.000000000000000000e+00
2.705947468297181402e+01,0.000000000000000000e+00
3.159817625348681247e+01,0.000000000000000000e+00
3.054761068614046948e+01,0.000000000000000000e+00
3.005805167937190703e+01,0.000000000000000000e+00
2.968668967126125580e+01,0.000000000000000000e+00
3.015538056919939081e+01,0.000000000000000000e+00
2.969660754363275856e+01,0.000000000000000000e+00
2.838431441219357865e+01,0.000000000000000000e+00
2.800196566800119058e+01,0.000000000000000000e+00
3.248439019584495924e+01,0.000000000000000000e+00
3.009546936602557921e+01,0.000000000000000000e+00
2.648753651046319746e+01,0.000000000000000000e+00
2.660856507683000416e+01,0.000000000000000000e+00
2.973384050675578649e+01,0.000000000000000000e+00
3.151048863020007573e+01,0.000000000000000000e+00
3.017611261807483913e+01,0.000000000000000000e+00
3.071579466303361272e+01,0.000000000000000000e+00
2.974047182343915097e+01,0.000000000000000000e+00
2.751624410002089860e+01,0.000000000000000000e+00
2.901607777464350946e+01,0.000000000000000000e+00
3.271284971015740695e+01,0.000000000000000000e+00
2.763181034170608186e+01,0.000000000000000000e+00
3.213804689387721680e+01,0.000000000000000000e+00
2.821376122106062212e+01,0.000000000000000000e+00
3.077893183308223612e+01,0.000000000000000000e+00
2.719388581081671319e+01,0.000000000000000000e+00
3.337685175946864291e+01,0.000000000000000000e+00
3.052669969111361326e+01,0.000000000000000000e+00
3.047713791908560665e+01,0.000000000000000000e+00
3.065254395220541639e+01,0.000000000000000000e+00
3.230668807568565626e+01,0.000000000000000000e+00
3.308766765328967807e+01,0.000000000000000000e+00
2.708800022704925325e+01,0.000000000000000000e+00
3.207697572110345874e+01,0.000000000000000000e+00
3.005061038756259606e+01,0.000000000000000000e+00
2.839960924704132239e+01,0.000000000000000000e+00
3.130699082544798628e+01,0.000000000000000000e+00
2.796635017705087733e+01,0.000000000000000000e+00
3.151644377431872357e+01,0.000000000000000000e+00
3.030326711399169071e+01,0.000000000000000000e+00
3.278367519283616360e+01,0.000000000000000000e+00
3.396079504847616448e+01,0.000000000000000000e+00
3.351673117884796227e+01,0.000000000000000000e+00
2.878433150671244434e+01,0.000000000000000000e+00
3.220308340112211454e+01,0.000000000000000000e+00
3.403581446483516970e+01,0.000000000000000000e+00
3.020229281504978402e+01,0.000000000000000000e+00
3.366747906214512653e+01,0.000000000000000000e+00
3.254286346795857554e+01,0.000000000000000000e+00
3.204048337591245854e+01,0.000000000000000000e+00
3.131264667789955070e+01,0.000000000000000000e+00
3.217584018859473360e+01,0.000000000000000000e+00
3.258038788635670358e+01,0.000000000000000000e+00
3.328958677608643058e+01,0.000000000000000000e+00
3.198159221696479193e+01,0.000000000000000000e+00
3.264916635298899905e+01,0.000000000000000000e+00
3.201627372339381594e+01,0.000000000000000000e+00
3.212459685949578869e+01,0.000000000000000000e+00
3.376015738701998004e+01,0.000000000000000000e+00
3.316489574763289738e+01,0.000000000000000000e+00
3.412721256996896102e+01,0.000000000000000000e+00
3.574978005955486537e+01,0.000000000000000000e+00
3.605731965251985116e+01,0.000000000000000000e+00
3.234154082281352771e+01,0.000000000000000000e+00
3.399954572904047012e+01,0.000000000000000000e+00
3.069561532048610886e+01,0.000000000000000000e+00
3.337680643277207082e+01,0.000000000000000000e+00
3.434234253917405510e+01,0.000000000000000000e+00
3.304693828494166752e+01,0.000000000000000000e+00
3.317468481408955938e+01,0.000000000000000000e+00
3.254849189348389160e+01,0.000000000000000000e+00
3.267191711781378416e+01,0.000000000000000000e+00
3.153179073854499848e+01,0.000000000000000000e+00
3.152853434016084222e+01,0.000000000000000000e+00
3.566886358523517231e+01,0.000000000000000000e+00
3.481374304562023525e+01,0.000000000000000000e+00
3.301924733537988033e+01,0.000000000000000000e+00
3.367388544947751683e+01,0.000000000000000000e+00
3.597731443497346504e+01,0.000000000000000000e+00
3.418178183262774894e+01,0.000000000000000000e+00
3.512421342386105749e+01,0.000000000000000000e+00
3.066918821482748569e+01,0.000000000000000000e+00
3.426423154216689682e+01,0.000000000000000000e+00
3.733093779493137276e+01,0.000000000000000000e+00
3.593588072425245628e+01,0.000000000000000000e+00
3.513041770643279449e+01,0.000000000000000000e+00
3.400855736329823742e+01,0.000000000000000000e+00
3.677657605303484445e+01,0.000000000000000000e+00
3.383751678559342224e+01,0.000000000000000000e+00
3.604847629535241538e+01,0.000000000000000000e+00
3.717274299628876122e+01,0.000000000000000000e+00
3.436882359797164099e+01,0.000000000000000000e+00
3.585281763948459144e+01,0.000000000000000000e+00
3.146615939446701304e+01,0.000000000000000000e+00
3.740518105504254009e+01,0.000000000000000000e+00
3.645970265006472744e+01,0.000000000000000000e+00
3.468086646888864522e+01,0.000000000000000000e+00
3.715411213013062053e+01,0.000000000000000000e+00
3.440608242698679220e+01,0.000000000000000000e+00
3.403514528544447870e+01,0.000000000000000000e+00
3.947423825564340660e+01,0.000000000000000000e+00
3.366915195855131770e+01,0.000000000000000000e+00
3.360488781696294325e+01,0.000000000000000000e+00
3.708387982046858156e+01,0.000000000000000000e+00
3.776036476496868488e+01,0.000000000000000000e+00
3.526910245768273455e+01,0.000000000000000000e+00
3.756652487336786095e+01,0.000000000000000000e+00
3.462674393827779085e+01,0.000000000000000000e+00
3.411252151015497702e+01,0.000000000000000000e+00
3.661187275595808188e+01,0.000000000000000000e+00
3.550300308407572203e+01,0.000000000000000000e+00
3.526562430178406515e+01,0.000000000000000000e+00
3.314315181637248742e+01,0.000000000000000000e+00
3.122425463240994503e+01,0.000000000000000000e+00
3.603751416036375588e+01,0.000000000000000000e+00
3.498856402660844367e+01,0.000000000000000000e+00
3.615828434317791817e+01,0.000000000000000000e+00
3.848986351244796822e+01,0.000000000000000000e+00
3.877199596978640272e+01,0.000000000000000000e+00
3.531870043137261206e+01,0.000000000000000000e+00
3.947607576263294504e+01,0.000000000000000000e+00
3.717909606378717058e+01,0.000000000000000000e+00
3.830323525254078731e+01,0.000000000000000000e+00
3.793932189140755185e+01,0.000000000000000000e+00
3.424851875052942773e+01,0.000000000000000000e+00
4.029855320202522506e+01,0.000000000000000000e+00
3.702909505145339608e+01,0.000000000000000000e+00
3.781244532655656343e+01,0.000000000000000000e+00
3.987055098797469554e+01,0.000000000000000000e+00
3.537644573093680123e+01,0.000000000000000000e+00
3.706676454101846474e+01,0.000000000000000000e+00
3.536302926893540644e+01,0.000000000000000000e+00
3.755123775582869428e+01,0.000000000000000000e+00
3.460473857155854915e+01,0.000000000000000000e+00
3.591154243678258950e+01,0.000000000000000000e+00
3.679029601717333975e+01,0.000000000000000000e+00
3.912691091587026904e+01,0.000000000000000000e+00
3.454174521302956435e+01,0.000000000000000000e+00
3.987134651212048908e+01,0.000000000000000000e+00
3.890544402176342231e+01,0.000000000000000000e+00
4.157510879564262751e+01,0.000000000000000000e+00
3.751201644290906501e+01,0.000000000000000000e+00
4.024896605748828904e+01,0.000000000000000000e+00
3.814334960594818824e+01,0.000000000000000000e+00
4.175216117752903244e+01,0.000000000000000000e+00
3.705653956029922114e+01,0.000000000000000000e+00
4.160832850727814503e+01,0.000000000000000000e+00
3.981910064497027690e+01,0.000000000000000000e+00
3.978692693359581511e+01,0.000000000000000000e+00
4.098290884280546464e+01,0.000000000000000000e+00
3.536037972323369161e+01,0.000000000000000000e+00
4.057608320830557602e+01,0.000000000000000000e+00
3.695357085961796884e+01,0.000000000000000000e+00
4.010083148604505965e+01,0.000000000000000000e+00
3.809439399120573455e+01,0.000000000000000000e+00
4.121812510888963033e+01,0.000000000000000000e+00
4.039171633391143246e+01,0.000000000000000000e+00
3.833829329018824694e+01,0.000000000000000000e+00
4.142217801810421918e+01,0.000000000000000000e+00
3.730186774240192449e+01,0.000000000000000000e+00
3.988666076994326914e+01,0.000000000000000000e+00
3.964951722092344255e+01,0.000000000000000000e+00
3.986428617716845224e+01,0.000000000000000000e+00
4.151052160197093599e+01,0.000000000000000000e+00
3.561123951140150012e+01,0.000000000000000000e+00
4.176757134390790327e+01,0.000000000000000000e+00
4.111937520664901058e+01,0.000000000000000000e+00
4.078092045444590497e+01,0.000000000000000000e+00
4.397076594960233820e+01,0.000000000000000000e+00
4.032992162873357955e+01,0.000000000000000000e+00
3.770106498846472221e+01,0.000000000000000000e+00
4.030249289593856332e+01,0.000000000000000000e+00
3.990763228771356097e+01,0.000000000000000000e+00
4.470943648947805116e+01,0.000000000000000000e+00
4.227023732372858689e+01,0.000000000000000000e+00
4.184078645589885070e+01,0.000000000000000000e+00
4.211001605213130006e+01,0.000000000000000000e+00
4.169800764286004124e+01,0.000000000000000000e+00
4.280832816092033255e+01,0.000000000000000000e+00
4.246115953139002386e+01,0.000000000000000000e+00
4.184466375645160952e+01,0.000000000000000000e+00
4.238708283174467084e+01,0.000000000000000000e+00
4.035600811815733380e+01,0.000000000000000000e+00
4.628653000389743255e+01,0.000000000000000000e+00
4.191465808221069977e+01,0.000000000000000000e+00
4.227789652378165641e+01,0.000000000000000000e+00
4.193284995435157470e+01,0.000000000000000000e+00
4.663141937194914277e+01,0.000000000000000000e+00
4.042338638736544709e+01,0.000000000000000000e+00
4.196390339240881673e+01,0.000000000000000000e+00
4.031676073485886036e+01,0.000000000000000000e+00
4.113737191401467186e+01,0.000000000000000000e+00
4.051828592727495248e+01,0.000000000000000000e+00
4.145425065305929024e+01,0.000000000000000000e+00
4.368320090477006090e+01,0.000000000000000000e+00
4.083212741572282312e+01,0.000000000000000000e+00
4.000481152326371159e+01,0.000000000000000000e+00
4.250218886300872612e+01,0.000000000000000000e+00
4.008006729702572102e+01,0.000000000000000000e+00
3.984990355468566747e+01,0.000000000000000000e+00
4.399772006264056046e+01,0.000000000000000000e+00
4.162181287805341867e+01,0.000000000000000000e+00
4.195232794766245377e+01,0.000000000000000000e+00
4.219059515736260835e+01,0.000000000000000000e+00
4.404305002779710776e+01,0.000000000000000000e+00
4.432440849009818606e+01,0.000000000000000000e+00
4.261839211097510827e+01,0.000000000000000000e+00
4.457761623306179644e+01,0.000000000000000000e+00
4.476786995570933669e+01,0.000000000000000000e+00
4.384621141440858594e+01,0.000000000000000000e+00
4.518911005158828686e+01,0.000000000000000000e+00
4.305996200108156557e+01,0.000000000000000000e+00
4.382873051808413578e+01,0.000000000000000000e+00
4.336626498803549623e+01,0.000000000000000000e+00
4.202797171470767523e+01,0.000000000000000000e+00
3.976908903761164282e+01,0.000000000000000000e+00
4.107752370056692826e+01,0.000000000000000000e+00
4.428214465832153479e+01,0.000000000000000000e+00
4.080479625303720326e+01,0.000000000000000000e+00
4.559788542437304670e+01,0.000000000000000000e+00
4.376346276164462523e+01,0.000000000000000000e+00
4.153771771096364773e+01,0.000000000000000000e+00
4.404216294523662611e+01,0.000000000000000000e+00
4.274538090639480714e+01,0.000000000000000000e+00
4.767311072317474441e+01,0.000000000000000000e+00
4.513981240179349186e+01,0.000000000000000000e+00
4.629025808230554873e+01,0.000000000000000000e+00
4.745151016495804441e+01,0.000000000000000000e+00
4.799220755168882135e+01,0.000000000000000000e+00
4.657412032177393257e+01,0.000000000000000000e+00
4.394356548245528415e+01,0.000000000000000000e+00
4.420140839747942607e+01,0.000000000000000000e+00
4.256768203929929939e+01,0.000000000000000000e+00
4.667180502343850179e+01,0.000000000000000000e+00
4.419979402119769674e+01,0.000000000000000000e+00
4.629025341504848257e+01,0.000000000000000000e+00
4.598469367058203261e+01,0.000000000000000000e+00
4.753219775599028907e+01,0.000000000000000000e+00
4.484224115661986332e+01,0.000000000000000000e+00
4.517356352471696823e+01,0.000000000000000000e+00
4.653441685231396008e+01,0.000000000000000000e+00
4.606813014782763105e+01,0.000000000000000000e+00
4.753920450733996006e+01,0.000000000000000000e+00
4.633997474813730122e+01,0.000000000000000000e+00
4.548070515508710088e+01,0.000000000000000000e+00
4.261277416342525015e+01,0.000000000000000000e+00
4.651744605309749403e+01,0.000000000000000000e+00
4.626221680291642002e+01,0.000000000000000000e+00
4.873617587397939843e+01,0.000000000000000000e+00
4.706711339499058511e+01,0.000000000000000000e+00
5.160745473819427076e+01,0.000000000000000000e+00
4.932861537536774676e+01,0.000000000000000000e+00
4.730327166118679827e+01,0.000000000000000000e+00
4.948088754269928558e+01,0.000000000000000000e+00
4.891456693969877989e+01,0.000000000000000000e+00
5.126859525520124095e+01,0.000000000000000000e+00
4.784234947767254909e+01,0.000000000000000000e+00
5.156449720542004655e+01,0.000000000000000000e+00
4.959754765311358682e+01,0.000000000000000000e+00
4.683600387380701591e+01,0.000000000000000000e+00
5.230061263197183763e+01,0.000000000000000000e+00
5.049680674770031175e+01,0.000000000000000000e+00
4.956738108359678563e+01,0.000000000000000000e+00
4.874931247663378286e+01,0.000000000000000000e+00
4.597227347299329381e+01,0.000000000000000000e+00
5.004907648314457447e+01,0.000000000000000000e+00
5.154190921415353444e+01,0.000000000000000000e+00
4.487873422408876678e+01,0.000000000000000000e+00
4.619234302358410105e+01,0.000000000000000000e+00
5.025636050742301819e+01,0.000000000000000000e+00
4.757398853115752502e+01,0.000000000000000000e+00
4.694891039116579634e+01,0.000000000000000000e+00
5.115550344450289089e+01,0.000000000000000000e+00
5.190505764582570691e+01,0.000000000000000000e+00
4.338230821426876815e+01,0.000000000000000000e+00
4.827475400676746631e+01,0.000000000000000000e+00
5.082989384311933634e+01,0.000000000000000000e+00
4.878445654111961005e+01,0.000000000000000000e+00
4.684396013493535804e+01,0.000000000000000000e+00
5.034834915663122246e+01,0.000000000000000000e+00
5.006039638374432599e+01,0.000000000000000000e+00
5.214449555807556180e+01,0.000000000000000000e+00
4.729489200778927227e+01,0.000000000000000000e+00
4.799332094194316767e+01,0.000000000000000000e+00
5.118021433242780915e+01,0.000000000000000000e+00
4.965101446490901793e+01,0.000000000000000000e+00
4.566855839676394879e+01,0.000000000000000000e+00
4.738462582229299613e+01,0.000000000000000000e+00
5.192859807957103868e+01,0.000000000000000000e+00
5.048126014015358720e+01,0.000000000000000000e+00
5.113881345842698778e+01,0.000000000000000000e+00
4.579879868846379765e+01,0.000000000000000000e+00
5.211115664863704922e+01,0.000000000000000000e+00
5.124975115254409275e+01,0.000000000000000000e+00
4.997500951951683135e+01,0.000000000000000000e+00
5.322259845378076193e+01,0.000000000000000000e+00
5.263432940581898833e+01,0.000000000000000000e+00
4.894554791368545921e+01,0.000000000000000000e+00
4.915464207216545844e+01,0.000000000000000000e+00
5.483178430379042823e+01,0.000000000000000000e+00
5.299835291697574036e+01,0.000000000000000000e+00
4.628407198318812732e+01,0.000000000000000000e+00
5.338005618674785779e+01,0.000000000000000000e+00
4.858454931349180583e+01,0.000000000000000000e+00
4.830669746851827995e+01,0.000000000000000000e+00
5.138648817297521987e+01,0.000000000000000000e+00
5.498416843149393429e+01,0.000000000000000000e+00
4.866919286389352806e+01,0.000000000000000000e+00
5.100074739495587295e+01,0.000000000000000000e+00
5.316498615489656032e+01,0.000000000000000000e+00
5.072677046213784990e+01,0.000000000000000000e+00
4.989793537264471013e+01,0.000000000000000000e+00
5.351416980538907353e+01,0.000000000000000000e+00
4.675971930342264216e+01,0.000000000000000000e+00
5.252035106846060586e+01,0.000000000000000000e+00
5.097184782997546648e+01,0.000000000000000000e+00
5.064549809559469651e+01,0.000000000000000000e+00
5.264032296352272766e+01,0.000000000000000000e+00
5.121110213309339088e+01,0.000000000000000000e+00
5.072403029384649642e+01,0.000000000000000000e+00
4.942272333390850747e+01,0.000000000000000000e+00
5.517191447485962641e+01,0.000000000000000000e+00
5.139354060181808137e+01,0.000000000000000000e+00
5.202457669990323552e+01,0.000000000000000000e+00
5.445700226312922609e+01,0.000000000000000000e+00
5.459539469929849531e+01,0.000000000000000000e+00
5.068415745621208401e+01,0.000000000000000000e+00
5.589669727447172676e+01,0.000000000000000000e+00
5.401916295906678300e+01,0.000000000000000000e+00
5.514568306589960400e+01,0.000000000000000000e+00
5.406028003830921591e+01,0.000000000000000000e+00
5.262291928369815253e+01,0.000000000000000000e+00
5.241806728902461288e+01,0.000000000000000000e+00
5.453128555096165542e+01,0.000000000000000000e+00
5.492412146911272686e+01,0.000000000000000000e+00
5.034869613609662764e+01,0.000000000000000000e+00
5.347019138182317022e+01,0.000000000000000000e+00
5.386057928103239334e+01,0.000000000000000000e+00
5.213126650312654675e+01,0.000000000000000000e+00
5.178393134916195351e+01,0.000000000000000000e+00
5.388713288619606345e+01,0.000000000000000000e+00
5.625026005018869313e+01,0.000000000000000000e+00
5.492014404925319582e+01,0.000000000000000000e+00
5.613204067599603775e+01,0.000000000000000000e+00
5.329699562186342376e+01,0.000000000000000000e+00
5.077434836821121422e+01,0.000000000000000000e+00
5.228157043307281526e+01,0.000000000000000000e+00
5.630288945176160098e+01,0.000000000000000000e+00
5.072034638015007602e+01,0.000000000000000000e+00
5.732738516626477576e+01,0.000000000000000000e+00
5.488045732872708982e+01,0.000000000000000000e+00
5.319073376974814238e+01,0.000000000000000000e+00
5.524080837957784240e+01,0.000000000000000000e+00
5.493522059319239048e+01,0.000000000000000000e+00
5.643225876689339060e+01,0.000000000000000000e+00
5.814768247004101909e+01,0.000000000000000000e+00
5.675690081827428912e+01,0.000000000000000000e+00
5.740216990194880253e+01,0.000000000000000000e+00
5.515761130172339932e+01,0.000000000000000000e+00
5.706055051941771694e+01,0.000000000000000000e+00
6.025078153587450203e+01,0.000000000000000000e+00
5.590113468069647240e+01,0.000000000000000000e+00
5.702991708149156125e+01,0.000000000000000000e+00
6.032257616164765324e+01,0.000000000000000000e+00
5.364509527509931530e+01,0.000000000000000000e+00
5.774124325082391351e+01,0.000000000000000000e+00
5.603214629342830477e+01,0.000000000000000000e+00
5.614877424481225177e+01,0.000000000000000000e+00
5.793688657656882413e+01,0.000000000000000000e+00
5.849128036139354236e+01,0.000000000000000000e+00
5.832218040474100462e+01,0.000000000000000000e+00
5.743361349234301372e+01,0.000000000000000000e+00
5.379743738189852564e+01,0.000000000000000000e+00
5.630501924399988667e+01,0.000000000000000000e+00
5.675087915251254600e+01,0.000000000000000000e+00
5.922863316233686248e+01,0.000000000000000000e+00
5.624092418246030434e+01,0.000000000000000000e+00
5.794592507399755732e+01,0.000000000000000000e+00
6.033603786449682360e+01,0.000000000000000000e+00
5.736018825260708809e+01,0.000000000000000000e+00
5.644417517771013593e+01,0.000000000000000000e+00
5.695734367173153601e+01,0.000000000000000000e+00
5.635644759073615973e+01,0.000000000000000000e+00
6.102523494069593113e+01,0.000000000000000000e+00
5.944571006217563536e+01,0.000000000000000000e+00
5.544821060785441347e+01,0.000000000000000000e+00
5.442237765246639469e+01,0.000000000000000000e+00
5.869675370641363799e+01,0.000000000000000000e+00
5.600848759296805923e+01,0.000000000000000000e+00
6.112919883362688722e+01,0.000000000000000000e+00
6.116335257644106349e+01,0.000000000000000000e+00
5.849911285195543797e+01,0.000000000000000000e+00
5.492626698104396610e+01,0.000000000000000000e+00
5.814488252552612835e+01,0.000000000000000000e+00
6.010346918770784441e+01,0.000000000000000000e+00
6.050837464067974025e+01,0.000000000000000000e+00
5.885219799979548583e+01,0.000000000000000000e+00
5.906733446983389513e+01,0.000000000000000000e+00
6.133676464660900507e+01,0.000000000000000000e+00
5.942560513979604053e+01,0.000000000000000000e+00
5.945307236256111594e+01,0.000000000000000000e+00
5.898406919731785791e+01,0.000000000000000000e+00
5.930737453384782754e+01,0.000000000000000000e+00
6.005350450453585864e+01,0.000000000000000000e+00
5.652455498028139402e+01,0.000000000000000000e+00
6.306693655212882277e+01,0.000000000000000000e+00
5.849578535563473736e+01,0.000000000000000000e+00
5.967403980329064694e+01,0.000000000000000000e+00
6.008459567063881934e+01,0.000000000000000000e+00
5.859507085412307248e+01,0.000000000000000000e+00
5.826879505948863169e+01,0.000000000000000000e+00
5.733112151668047574e+01,0.000000000000000000e+00
5.933861087167959170e+01,0.000000000000000000e+00
6.227669412849465402e+01,0.000000000000000000e+00
6.159004883685428666e+01,0.000000000000000000e+00
5.860795904098508657e+01,0.000000000000000000e+00
6.518598416988720601e+01,0.000000000000000000e+00
6.004672901255052153e+01,0.000000000000000000e+00
5.921181886079557444e+01,0.000000000000000000e+00
6.043006928297290159e+01,0.000000000000000000e+00
6.236780105089532356e+01,0.000000000000000000e+00
6.241984553779506939e+01,0.000000000000000000e+00
6.163069737513695401e+01,0.000000000000000000e+00
5.801689987097561385e+01,0.000000000000000000e+00
5.959761716207239601e+01,0.000000000000000000e+00
5.924211191142036625e+01,0.000000000000000000e+00
6.005103006683673073e+01,0.000000000000000000e+00
6.389806415706134146e+01,0.000000000000000000e+00
6.172768882723060102e+01,0.000000000000000000e+00
6.344505337849466997e+01,0.000000000000000000e+00
5.857307233541339997e+01,0.000000000000000000e+00
6.251286765916549371e+01,0.000000000000000000e+00
5.796692200920940508e+01,0.000000000000000000e+00
6.131712276482447521e+01,0.000000000000000000e+00
6.298366729293143607e+01,0.000000000000000000e+00
6.253272770550820070e+01,0.000000000000000000e+00
6.482300360157458385e+01,0.000000000000000000e+00
6.141947429970612404e+01,0.000000000000000000e+00
6.418132039886218365e+01,0.000000000000000000e+00
6.121727897255183848e+01,0.000000000000000000e+00
6.545155838484214428e+01,0.000000000000000000e+00
6.720661078761729357e+01,0.000000000000000000e+00
6.399152078642467245e+01,0.000000000000000000e+00
6.460174690366622485e+01,0.000000000000000000e+00
6.004007019014327540e+01,0.000000000000000000e+00
6.387218990931545193e+01,0.000000000000000000e+00
6.623138444098772482e+01,0.000000000000000000e+00
6.180245772451278441e+01,0.000000000000000000e+00
6.497193814615506824e+01,0.000000000000000000e+00
6.456935208736686604e+01,0.000000000000000000e+00
6.129850415528818530e+01,0.000000000000000000e+00
6.170458356098598784e+01,0.000000000000000000e+00
6.342519054092212372e+01,0.000000000000000000e+00
6.116872724987565135e+01,0.000000000000000000e+00
6.445202353690837072e+01,0.000000000000000000e+00
6.293956620157104709e+01,0.000000000000000000e+00
6.322860180118849627e+01,0.000000000000000000e+00
6.130458216403594918e+01,0.000000000000000000e+00
5.717177841347229617e+01,0.000000000000000000e+00
6.380134216432651328e+01,0.000000000000000000e+00
6.379991314295764937e+01,0.000000000000000000e+00
6.487541488697230818e+01,0.000000000000000000e+00
6.609159875297086728e+01,0.000000000000000000e+00
6.435546559897312591e+01,0.000000000000000000e+00
6.528531212016028462e+01,0.000000000000000000e+00
6.470256253338000363e+01,0.000000000000000000e+00
6.617158648467665216e+01,0.000000000000000000e+00
6.204816213320216889e+01,0.000000000000000000e+00
6.208793350963480151e+01,0.000000000000000000e+00
6.456089998284528519e+01,0.000000000000000000e+00
6.249496139150428320e+01,0.000000000000000000e+00
6.384926174465612547e+01,0.000000000000000000e+00
6.319714293871629707e+01,0.000000000000000000e+00
7.017311871795078559e+01,0.000000000000000000e+00
6.600316025577053836e+01,0.000000000000000000e+00
6.386078319341878284e+01,0.000000000000000000e+00
6.726911877848000643e+01,0.000000000000000000e+00
6.724340799947226799e+01,0.000000000000000000e+00
6.685113130758301736e+01,0.000000000000000000e+00
6.795674310269615148e+01,0.000000000000000000e+00
6.476705180302741383e+01,0.000000000000000000e+00
6.727270019781605015e+01,0.000000000000000000e+00
6.728694066953505626e+01,0.000000000000000000e+00
6.176190503440227531e+01,0.000000000000000000e+00
6.557641729198236646e+01,0.000000000000000000e+00
6.486347675111575484e+01,0.000000000000000000e+00
6.201347028869381006e+01,0.000000000000000000e+00
6.739704187661685353e+01,0.000000000000000000e+00
6.726859218051237121e+01,0.000000000000000000e+00
6.729387732118999566e+01,0.000000000000000000e+00
6.552519275324124237e+01,0.000000000000000000e+00
6.206833809205939900e+01,0.000000000000000000e+00
6.458785227131097884e+01,0.000000000000000000e+00
6.365754980067335111e+01,0.000000000000000000e+00
6.535347205569109974e+01,0.000000000000000000e+00
6.141624494869856932e+01,0.000000000000000000e+00
6.397865462649996715e+01,0.000000000000000000e+00
6.735919986463306941e+01,0.000000000000000000e+00
6.732470109212293607e+01,0.000000000000000000e+00
6.792497458261654231e+01,0.000000000000000000e+00
6.621465402602476047e+01,0.000000000000000000e+00
6.487583575659587609e+01,0.000000000000000000e+00
6.808500153360330387e+01,0.000000000000000000e+00
6.686271539572676659e+01,0.000000000000000000e+00
6.363007478396387739e+01,0.000000000000000000e+00
6.466297220497941112e+01,0.000000000000000000e+00
6.731793157202905320e+01,0.000000000000000000e+00
6.534430610471208922e+01,0.000000000000000000e+00
6.830731928161303301e+01,0.000000000000000000e+00
6.950100554162564492e+01,0.000000000000000000e+00
7.062596677289860736e+01,0.000000000000000000e+00
6.514012038555085837e+01,0.000000000000000000e+00
6.225731175248296267e+01,0.000000000000000000e+00
6.722214641211324704e+01,0.000000000000000000e+00
6.852607040902351798e+01,0.000000000000000000e+00
6.567438471191368876e+01,0.000000000000000000e+00
6.627544758971295380e+01,0.000000000000000000e+00
6.756001928144146973e+01,0.000000000000000000e+00
6.818001192460974380e+01,0.000000000000000000e+00
6.695703971645690444e+01,0.000000000000000000e+00
6.619273369610667146e+01,0.000000000000000000e+00
6.868421871871815654e+01,0.000000000000000000e+00
6.625613880991080862e+01,0.000000000000000000e+00
6.753248916539048707e+01,0.000000000000000000e+00
7.085362309927459989e+01,0.000000000000000000e+00
6.558171699619313699e+01,0.000000000000000000e+00
6.569666736211169678e+01,0.000000000000000000e+00
7.300438906760376767e+01,0.000000000000000000e+00
6.729309047701606517e+01,0.000000000000000000e+00
6.916161391691531435e+01,0.000000000000000000e+00
6.786107114194801682e+01,0.000000000000000000e+00
6.645996636276106528e+01,0.000000000000000000e+00
6.761741448095023088e+01,0.000000000000000000e+00
7.228125263793762656e+01,0.000000000000000000e+00
6.891419379400808509e+01,0.000000000000000000e+00
6.969353821663581527e+01,0.000000000000000000e+00
7.036328507183429792e+01,0.000000000000000000e+00
7.096309043919904980e+01,0.000000000000000000e+00
6.604539534154508829e+01,0.000000000000000000e+00
6.790458164731191459e+01,0.000000000000000000e+00
6.839288976633426387e+01,0.000000000000000000e+00
6.941315329685463098e+01,0.000000000000000000e+00
6.554619770859962102e+01,0.000000000000000000e+00
7.187938913763335336e+01,0.000000000000000000e+00
7.202811073892723925e+01,0.000000000000000000e+00
7.401395117493581211e+01,0.000000000000000000e+00
6.812937607793651296e+01,0.000000000000000000e+00
7.085453611119265815e+01,0.000000000000000000e+00
7.349232095003445409e+01,0.000000000000000000e+00
7.323842457562011532e+01,0.000000000000000000e+00
7.276730572018891507e+01,0.000000000000000000e+00
7.050640797987693986e+01,0.000000000000000000e+00
6.865856546661051141e+01,0.000000000000000000e+00
7.065041669826848647e+01,0.000000000000000000e+00
7.053615911379129955e+01,0.000000000000000000e+00
6.965823929083903465e+01,0.000000000000000000e+00
6.828104084133974538e+01,0.000000000000000000e+00
6.998028145786237531e+01,0.000000000000000000e+00
6.912967173609821714e+01,0.000000000000000000e+00
6.982397544191272232e+01,0.000000000000000000e+00
6.975518333722840225e+01,0.000000000000000000e+00
7.318073426735300302e+01,0.000000000000000000e+00
6.676268720146593694e+01,0.000000000000000000e+00
6.658396341322846013e+01,0.000000000000000000e+00
6.836281573622794383e+01,0.000000000000000000e+00
7.058025125990295123e+01,0.000000000000000000e+00
7.503786047615935217e+01,0.000000000000000000e+00
7.320707014512477429e+01,0.000000000000000000e+00
7.163557269971836661e+01,0.000000000000000000e+00
6.982169099653044952e+01,0.000000000000000000e+00
7.310811163356267173e+01,0.000000000000000000e+00
7.152689870771261837e+01,0.000000000000000000e+00
6.916764559166304593e+01,0.000000000000000000e+00
7.391696967547727581e+01,0.000000000000000000e+00
6.979992480387335263e+01,0.000000000000000000e+00
7.360604533517438597e+01,0.000000000000000000e+00
7.360165014794117155e+01,0.000000000000000000e+00
6.948895668982488871e+01,0.000000000000000000e+00
7.160235964740428471e+01,0.000000000000000000e+00
6.844910826649160640e+01,0.000000000000000000e+00
6.838802188096886425e+01,0.000000000000000000e+00
6.962941071229239753e+01,0.000000000000000000e+00
7.095860524398599978e+01,0.000000000000000000e+00
7.303115880325573528e+01,0.000000000000000000e+00
7.355688789264388561e+01,0.000000000000000000e+00
7.496879150538376280e+01,0.000000000000000000e+00
7.661892310728541133e+01,0.000000000000000000e+00
6.738460261243722016e+01,0.000000000000000000e+00
6.951841964126374762e+01,0.000000000000000000e+00
7.372495366239667192e+01,0.000000000000000000e+00
7.486475041507631545e+01,0.000000000000000000e+00
7.137189969838817660e+01,0.000000000000000000e+00
6.874271233455149854e+01,0.000000000000000000e+00
7.110736944666813031e+01,0.000000000000000000e+00
7.354999951681709547e+01,0.000000000000000000e+00
7.136455179788066516e+01,0.000000000000000000e+00
7.030743719558444127e+01,0.000000000000000000e+00
7.266707700041190776e+01,0.000000000000000000e+00
7.217284075349104455e+01,0.000000000000000000e+00
7.594705220658906342e+01,0.000000000000000000e+00
7.286621401745084370e+01,0.000000000000000000e+00
7.351792919390619829e+01,0.000000000000000000e+00
7.269622999329747870e+01,0.000000000000000000e+00
7.098528586248603744e+01,0.000000000000000000e+00
7.209718478335159375e+01,0.000000000000000000e+00
7.202053735288363612e+01,0.000000000000000000e+00
7.230697441707914663e+01,0.000000000000000000e+00
7.358070057363573824e+01,0.000000000000000000e+00
7.565350397367670610e+01,0.000000000000000000e+00
7.261119008105357864e+01,0.000000000000000000e+00
7.485343286075507763e+01,0.000000000000000000e+00
7.398426307854755635e+01,0.000000000000000000e+00
7.373982740338536246e+01,0.000000000000000000e+00
7.476049721284130101e+01,0.000000000000000000e+00
7.369090425020256419e+01,0.000000000000000000e+00
7.396477632906345434e+01,0.000000000000000000e+00
7.504624938307217974e+01,0.000000000000000000e+00
7.708809628417135684e+01,0.000000000000000000e+00
7.160986768607135389e+01,0.000000000000000000e+00
7.243000810659356148e+01,0.000000000000000000e+00
7.575764035461058654e+01,0.000000000000000000e+00
7.763622691197593895e+01,0.000000000000000000e+00
7.341971582273203012e+01,0.000000000000000000e+00
7.372591747341787993e+01,0.000000000000000000e+00
7.254030017899410154e+01,0.000000000000000000e+00
7.684431265562329827e+01,0.000000000000000000e+00
7.398806540017797317e+01,0.000000000000000000e+00
7.415852671439149901e+01,0.000000000000000000e+00
7.285832055180840428e+01,0.000000000000000000e+00
7.345839007481751537e+01,0.000000000000000000e+00
7.625584831717527834e+01,0.000000000000000000e+00
7.571771689168113539e+01,0.000000000000000000e+00
7.719283000570344200e+01,0.000000000000000000e+00
7.084891859613260578e+01,0.000000000000000000e+00
7.340543768042287809e+01,0.000000000000000000e+00
7.244777526281473001e+01,0.000000000000000000e+00
7.501931570169577412e+01,0.000000000000000000e+00
7.430855066098466466e+01,0.000000000000000000e+00
7.422477180049220635e+01,0.000000000000000000e+00
7.230225824312998384e+01,0.000000000000000000e+00
7.863687795943936010e+01,0.000000000000000000e+00
7.391721511252806920e+01,0.000000000000000000e+00
7.206138027759077147e+01,0.000000000000000000e+00
7.615253612151849438e+01,0.000000000000000000e+00
7.567536582646057752e+01,0.000000000000000000e+00
7.431933537313193483e+01,0.000000000000000000e+00
7.321523077682694236e+01,0.000000000000000000e+00
7.691668741731740511e+01,0.000000000000000000e+00
7.411597087109095128e+01,0.000000000000000000e+00
7.914979120963813841e+01,0.000000000000000000e+00
7.156968481443296071e+01,0.000000000000000000e+00
7.668178927583059590e+01,0.000000000000000000e+00
7.422414567362125126e+01,0.000000000000000000e+00
7.658629766510662762e+01,0.000000000000000000e+00
7.320434654472263958e+01,0.000000000000000000e+00
7.406490589194437746e+01,0.000000000000000000e+00
7.583547141646076284e+01,0.000000000000000000e+00
7.680661670972139632e+01,0.000000000000000000e+00
7.415986619690039561e+01,0.000000000000000000e+00
7.735639852437707020e+01,0.000000000000000000e+00
7.786112641247540012e+01,0.000000000000000000e+00
7.582718675473874725e+01,0.000000000000000000e+00
7.768747506937874903e+01,0.000000000000000000e+00
7.342944038620136382e+01,0.000000000000000000e+00
7.598980315244787676e+01,0.000000000000000000e+00
7.549432877000126041e+01,0.000000000000000000e+00
7.565949330111013182e+01,0.000000000000000000e+00
7.425052263751334181e+01,0.000000000000000000e+00
7.547626967392319841e+01,0.000000000000000000e+00
7.633018964133485440e+01,0.000000000000000000e+00
7.585460042945491921e+01,0.000000000000000000e+00
7.302068164958208740e+01,0.000000000000000000e+00
7.515589388182233677e+01,0.000000000000000000e+00
7.748215260820040839e+01,0.000000000000000000e+00
7.646192026282184884e+01,0.000000000000000000e+00
7.976972532628010981e+01,0.000000000000000000e+00
7.630571586960401476e+01,0.000000000000000000e+00
7.667417662065467709e+01,0.000000000000000000e+00
7.516608428716128287e+01,0.000000000000000000e+00
7.306339216505529066e+01,0.000000000000000000e+00
7.797741969004430018e+01,0.000000000000000000e+00
7.820756359640915889e+01,0.000000000000000000e+00
7.566435078151161520e+01,0.000000000000000000e+00
7.656063372724707961e+01,0.000000000000000000e+00
7.543946892554438932e+01,0.000000000000000000e+00
7.831405874454880234e+01,0.000000000000000000e+00
7.800705716398061895e+01,0.000000000000000000e+00
7.741736737920794553e+01,0.000000000000000000e+00
7.279533468110997774e+01,0.000000000000000000e+00
8.136058253355066938e+01,0.000000000000000000e+00
7.499568567772273298e+01,0.000000000000000000e+00
7.561460008349652639e+01,0.000000000000000000e+00
7.608761268399939581e+01,0.000000000000000000e+00
7.709591945093070819e+01,0.000000000000000000e+00
7.992608278309931791e+01,0.000000000000000000e+00
7.660540244394856302e+01,0.000000000000000000e+00
7.786773221300721559e+01,0.000000000000000000e+00
7.484763161096473993e+01,0.000000000000000000e+00
7.545346400969216916e+01,0.000000000000000000e+00
7.592669498110963389e+01,0.000000000000000000e+00
8.083110741118494502e+01,0.000000000000000000e+00
7.641928243419511091e+01,0.000000000000000000e+00
8.021219062404414046e+01,0.000000000000000000e+00
7.799112435816282130e+01,0.000000000000000000e+00
7.624933259578023126e+01,0.000000000000000000e+00
7.849657253100288301e+01,0.000000000000000000e+00
7.715839437055866767e+01,0.000000000000000000e+00
7.729617389833242669e+01,0.000000000000000000e+00
7.759022492692093920e+01,0.000000000000000000e+00
7.570254778463613832e+01,0.000000000000000000e+00
7.867337862440044205e+01,0.000000000000000000e+00
7.875370419833066649e+01,0.000000000000000000e+00
7.830716039412168072e+01,0.000000000000000000e+00
7.852335328616305787e+01,0.000000000000000000e+00
7.902285665278535021e+01,0.000000000000000000e+00
7.963081784765718396e+01,0.000000000000000000e+00
7.503952586188911766e+01,0.000000000000000000e+00
7.802717781146355946e+01,0.000000000000000000e+00
7.744749228614662684e+01,0.000000000000000000e+00
7.745998313349193154e+01,0.000000000000000000e+00
7.648625851377896367e+01,0.000000000000000000e+00
7.544657659788357762e+01,0.000000000000000000e+00
7.804591392810679906e+01,0.000000000000000000e+00
7.855697726081471899e+01,0.000000000000000000e+00
7.500933710833655255e+01,0.000000000000000000e+00
7.727347693597522493e+01,0.000000000000000000e+00
7.933110312629399630e+01,0.000000000000000000e+00
7.638302243866175445e+01,0.000000000000000000e+00
7.774362583342639255e+01,0.000000000000000000e+00
7.771955371098732712e+01,0.000000000000000000e+00
7.772083027212065076e+01,0.000000000000000000e+00
7.681315803353376737e+01,0.000000000000000000e+00
7.352552698151676225e+01,0.000000000000000000e+00
7.880714557194110625e+01,0.000000000000000000e+00
7.706848911540680547e+01,0.000000000000000000e+00
7.575895229796377350e+01,0.000000000000000000e+00
7.793417519474189703e+01,0.000000000000000000e+00
7.565358144469483648e+01,0.000000000000000000e+00
7.761495559224837848e+01,0.000000000000000000e+00
7.563580876425329791e+01,0.000000000000000000e+00
8.185167332478863500e+01,0.000000000000000000e+00
7.811910521561436838e+01,0.000000000000000000e+00
8.118083613105309837e+01,0.000000000000000000e+00
7.850208579001520093e+01,0.000000000000000000e+00
7.913020861356169178e+01,0.000000000000000000e+00
7.543320545879241479e+01,0.000000000000000000e+00
7.901549656257981269e+01,0.000000000000000000e+00
8.095879210297155737e+01,0.000000000000000000e+00
7.865408956823726783e+01,0.000000000000000000e+00
8.013896346857777075e+01,0.000000000000000000e+00
7.984004400375243904e+01,0.000000000000000000e+00
7.971982802651186262e+01,0.000000000000000000e+00
7.992464367680463511e+01,0.000000000000000000e+00
7.845934078199572070e+01,0.000000000000000000e+00
7.663522773723488513e+01,0.000000000000000000e+00
7.684907883966212694e+01,0.000000000000000000e+00
8.197065710512396208e+01,0.000000000000000000e+00
8.151074678051783451e+01,0.000000000000000000e+00
7.859851017965902997e+01,0.000000000000000000e+00
7.973214278856181636e+01,0.000000000000000000e+00
8.071672875829450788e+01,0.000000000000000000e+00
7.860482296705399108e+01,0.000000000000000000e+00
7.982428603958678082e+01,0.000000000000000000e+00
7.993743892846700305e+01,0.000000000000000000e+00
8.236303695107135070e+01,0.000000000000000000e+00
8.031268469106355212e+01,0.000000000000000000e+00
7.426868742002700685e+01,0.000000000000000000e+00
7.976937117491829099e+01,0.000000000000000000e+00
7.686166321721037775e+01,0.000000000000000000e+00
7.976216005132151565e+01,0.000000000000000000e+00
8.162327530506756545e+01,0.000000000000000000e+00
8.010391996727291541e+01,0.000000000000000000e+00
7.621248790788787630e+01,0.000000000000000000e+00
7.873120076120305555e+01,0.000000000000000000e+00
8.129932930458076612e+01,0.000000000000000000e+00
8.151952695851643682e+01,0.000000000000000000e+00
7.881654171064505476e+01,0.000000000000000000e+00
7.963492222080614624e+01,0.000000000000000000e+00
7.926975382130646608e+01,0.000000000000000000e+00
7.678869581180292414e+01,0.000000000000000000e+00
7.762512502582512752e+01,0.000000000000000000e+00
7.782830363968446363e+01,0.000000000000000000e+00
7.849295765512239598e+01,0.000000000000000000e+00
7.748248252756269494e+01,0.000000000000000000e+00
8.080837242798560283e+01,0.000000000000000000e+00
7.879363641949852592e+01,0.000000000000000000e+00
8.092772984481946708e+01,0.000000000000000000e+00
7.515251448282867841e+01,0.000000000000000000e+00
7.930134279336128600e+01,0.000000000000000000e+00
8.072077634313330918e+01,0.000000000000000000e+00
7.877497031217929191e+01,0.000000000000000000e+00
7.423820616996052024e+01,0.000000000000000000e+00
7.730570454805985037e+01,0.000000000000000000e+00
8.095882665576856141e+01,0.000000000000000000e+00
8.318036078073342310e+01,0.000000000000000000e+00
8.037160668444522571e+01,0.000000000000000000e+00
8.011199315469940530e+01,0.000000000000000000e+00
8.188749505352137703e+01,0.000000000000000000e+00
7.931643616437627031e+01,0.000000000000000000e+00
7.652050108847112142e+01,0.000000000000000000e+00
7.903704214269481554e+01,0.000000000000000000e+00
7.841575590355296299e+01,0.000000000000000000e+00
7.850210692436866111e+01,0.000000000000000000e+00
8.001607903800046984e+01,0.000000000000000000e+00
8.040313857243522477e+01,0.000000000000000000e+00
7.872457106835565810e+01,0.000000000000000000e+00
8.049518136057712070e+01,0.000000000000000000e+00
8.268684701243294910e+01,0.000000000000000000e+00
7.944456984352196116e+01,0.000000000000000000e+00
8.063409134600641437e+01,0.000000000000000000e+00
7.691379157230038288e+01,0.000000000000000000e+00
7.839983968878077292e+01,0.000000000000000000e+00
7.771151567871130794e+01,0.000000000000000000e+00
8.151223656777510485e+01,0.000000000000000000e+00
7.852455464923275485e+01,0.000000000000000000e+00
7.957810537190195532e+01,0.000000000000000000e+00
8.342745307274364563e+01,0.000000000000000000e+00
8.020947179217220935e+01,0.000000000000000000e+00
8.058439638629397450e+01,0.000000000000000000e+00
8.355394601961710066e+01,0.000000000000000000e+00
8.193001091209211495e+01,0.000000000000000000e+00
7.484907356720508176e+01,0.000000000000000000e+00
7.883305280924797387e+01,0.000000000000000000e+00
8.170529022531481189e+01,0.000000000000000000e+00
8.076029902678200756e+01,0.000000000000000000e+00
7.684203518709963987e+01,0.000000000000000000e+00
8.219442966504438175e+01,0.000000000000000000e+00
7.888547100473265061e+01,0.000000000000000000e+00
7.970295449621185924e+01,0.000000000000000000e+00
7.670518111897638391e+01,0.000000000000000000e+00
8.165743866493507142e+01,0.000000000000000000e+00
8.080691752424195329e+01,0.000000000000000000e+00
8.217207141947375248e+01,0.000000000000000000e+00
8.101487171451212532e+01,0.000000000000000000e+00
7.761902349372356014e+01,0.000000000000000000e+00
8.014558865384225328e+01,0.000000000000000000e+00
8.233756889961203740e+01,0.000000000000000000e+00
8.300920143128254836e+01,0.000000000000000000e+00
7.994532487156898526e+01,0.000000000000000000e+00
7.968400138983710690e+01,0.000000000000000000e+00
8.022219157668872924e+01,0.000000000000000000e+00
8.100260961872506016e+01,0.000000000000000000e+00
8.131594292468120955e+01,0.000000000000000000e+00
8.372375518493164748e+01,0.000000000000000000e+00
8.405584944145405757e+01,0.000000000000000000e+00
8.064277288727875259e+01,0.000000000000000000e+00
8.121082431976377336e+01,0.000000000000000000e+00
7.660369055539266014e+01,0.000000000000000000e+00
7.981892486718719226e+01,0.000000000000000000e+00
7.576132092872721557e+01,0.000000000000000000e+00
8.092647750652653826e+01,0.000000000000000000e+00
7.848435412898976438e+01,0.000000000000000000e+00
8.109117161791306216e+01,0.000000000000000000e+00
7.828376460178348850e+01,0.000000000000000000e+00
8.328787852052282403e+01,0.000000000000000000e+00
8.245477903807324083e+01,0.000000000000000000e+00
7.840647463488312496e+01,0.000000000000000000e+00
8.377262800606655446e+01,0.000000000000000000e+00
8.033284158915738260e+01,0.000000000000000000e+00
8.150365204122282137e+01,0.000000000000000000e+00
7.902566755027443435e+01,0.000000000000000000e+00
8.230277235071639552e+01,0.000000000000000000e+00
7.680317136345581730e+01,0.000000000000000000e+00
7.991909242233532495e+01,0.000000000000000000e+00
8.335674571475776418e+01,0.000000000000000000e+00
7.918612911265883270e+01,0.000000000000000000e+00
8.117691004126508858e+01,0.000000000000000000e+00
7.753175708744876715e+01,0.000000000000000000e+00
7.819743190762720531e+01,0.000000000000000000e+00
7.936637376408349098e+01,0.000000000000000000e+00
7.811734463011957530e+01,0.000000000000000000e+00
7.836486087771031350e+01,0.000000000000000000e+00
7.889432176848580980e+01,0.000000000000000000e+00
7.895684599479238841e+01,0.000000000000000000e+00
8.113091926833678258e+01,0.000000000000000000e+00
7.941506450370569326e+01,0.000000000000000000e+00
8.033876145908034516e+01,0.000000000000000000e+00
7.841737761956515840e+01,0.000000000000000000e+00
7.714208731636736616e+01,0.000000000000000000e+00
8.047390551678468285e+01,0.000000000000000000e+00
7.965519167108206489e+01,0.000000000000000000e+00
7.654193227997255633e+01,0.000000000000000000e+00
8.048966768983800080e+01,0.000000000000000000e+00
8.420315545504557520e+01,0.000000000000000000e+00
8.191334778486881874e+01,0.000000000000000000e+00
8.134784697655280183e+01,0.000000000000000000e+00
8.334559031842911736e+01,0.000000000000000000e+00
8.280938627769434390e+01,0.000000000000000000e+00
7.833469168087499668e+01,0.000000000000000000e+00
8.182057538307671507e+01,0.000000000000000000e+00
8.077171499962688017e+01,0.000000000000000000e+00
8.232189076675989270e+01,0.000000000000000000e+00
7.944971670437210776e+01,0.000000000000000000e+00
8.023644030163403329e+01,0.000000000000000000e+00
7.858553104863885608e+01,0.000000000000000000e+00
7.914083571316402299e+01,0.000000000000000000e+00
8.230647137470950270e+01,0.000000000000000000e+00
7.745181684961626445e+01,0.000000000000000000e+00
7.790822223006799163e+01,0.000000000000000000e+00
7.781379719452779398e+01,0.000000000000000000e+00
7.660466598466857135e+01,0.000000000000000000e+00
8.038622455805310096e+01,0.000000000000000000e+00
7.750808612867322722e+01,0.000000000000000000e+00
8.062595156430285215e+01,0.000000000000000000e+00
8.302460093193998603e+01,0.000000000000000000e+00
7.917259316035456607e+01,0.000000000000000000e+00
8.323986714255796926e+01,0.000000000000000000e+00
8.113035651318321584e+01,0.000000000000000000e+00
7.538310861819951469e+01,0.000000000000000000e+00
8.138794217628259275e+01,0.000000000000000000e+00
8.075249932751998472e+01,0.000000000000000000e+00
7.382138230191422679e+01,0.000000000000000000e+00
8.137247004043688037e+01,0.000000000000000000e+00
7.845143028512899264e+01,0.000000000000000000e+00
8.049517087303080132e+01,0.000000000000000000e+00
7.876220330453848817e+01,0.000000000000000000e+00
8.050447327368527795e+01,0.000000000000000000e+00
7.998464761301700321e+01,0.000000000000000000e+00
8.043061340812714377e+01,0.000000000000000000e+00
7.631978462630135596e+01,0.000000000000000000e+00
7.685922139134913778e+01,0.000000000000000000e+00
7.985068004713315304e+01,0.000000000000000000e+00
8.001597755018144653e+01,0.000000000000000000e+00
8.063064825773361122e+01,0.000000000000000000e+00
8.158391061451453652e+01,0.000000000000000000e+00
7.868715070591858307e+01,0.000000000000000000e+00
8.312626661959882313e+01,0.000000000000000000e+00
8.190244967809366017e+01,0.000000000000000000e+00
7.768904723175964477e+01,0.000000000000000000e+00
7.834998253701489546e+01,0.000000000000000000e+00
7.570868625212980874e+01,0.000000000000000000e+00
8.071343211636551018e+01,0.000000000000000000e+00
7.733966128605500501e+01,0.000000000000000000e+00
7.776118357275771587e+01,0.000000000000000000e+00
8.033901961779604051e+01,0.000000000000000000e+00
7.755585645943997974e+01,0.000000000000000000e+00
7.894207879893083657e+01,0.000000000000000000e+00
7.981604197293543734e+01,0.000000000000000000e+00
7.893741118052872707e+01,0.000000000000000000e+00
7.821586749935862315e+01,0.000000000000000000e+00
7.683282812498200087e+01,0.000000000000000000e+00
7.884352076468285020e+01,0.000000000000000000e+00
7.761397639825989359e+01,0.000000000000000000e+00
8.111646144819269466e+01,0.000000000000000000e+00
8.380635353236075957e+01,0.000000000000000000e+00
7.524245645293741802e+01,0.000000000000000000e+00
7.908647329351904887e+01,0.000000000000000000e+00
8.013167768194219320e+01,0.000000000000000000e+00
7.970318039112710551e+01,0.000000000000000000e+00
8.074606406682583781e+01,0.000000000000000000e+00
7.885117498292966332e+01,0.000000000000000000e+00
7.844924536137834536e+01,0.000000000000000000e+00
7.985346217212573094e+01,0.000000000000000000e+00
7.907925142733989787e+01,0.000000000000000000e+00
8.032232033579025199e+01,0.000000000000000000e+00
8.110471412869829066e+01,0.000000000000000000e+00
8.016751991786507858e+01,0.000000000000000000e+00
8.019701358254795309e+01,0.000000000000000000e+00
7.956655951030153062e+01,0.000000000000000000e+00
7.953329406900741105e+01,0.000000000000000000e+00
7.705060087745654585e+01,0.000000000000000000e+00
7.970246586836876190e+01,0.000000000000000000e+00
7.968870025103221622e+01,0.000000000000000000e+00
7.717603218370773277e+01,0.000000000000000000e+00
7.790735850440613319e+01,0.000000000000000000e+00
7.699890367972290051e+01,0.000000000000000000e+00
7.623244577257534615e+01,0.000000000000000000e+00
7.499554041394559079e+01,0.000000000000000000e+00
7.870011077409108680e+01,0.000000000000000000e+00
7.988598350945774484e+01,0.000000000000000000e+00
7.606305607691376736e+01,0.000000000000000000e+00
7.925073316123277323e+01,0.000000000000000000e+00
7.929641488327762033e+01,0.000000000000000000e+00
7.860204720508278342e+01,0.000000000000000000e+00
7.740765515749183123e+01,0.000000000000000000e+00
7.981599522128334456e+01,0.000000000000000000e+00
8.072507076707481133e+01,0.000000000000000000e+00
7.942106613500646972e+01,0.000000000000000000e+00
7.626003028302199027e+01,0.000000000000000000e+00
7.886249881639672310e+01,0.000000000000000000e+00
7.818130699608640555e+01,0.000000000000000000e+00
7.918451944294029943e+01,0.000000000000000000e+00
7.846969368037707682e+01,0.000000000000000000e+00
7.685966409425441270e+01,0.000000000000000000e+00
7.939898980352339208e+01,0.000000000000000000e+00
7.994988740908878810e+01,0.000000000000000000e+00
7.772745293391604093e+01,0.000000000000000000e+00
8.188348117919515801e+01,0.000000000000000000e+00
7.736868651901552596e+01,0.000000000000000000e+00
7.829314962367591590e+01,0.000000000000000000e+00
7.707928159979776694e+01,0.000000000000000000e+00
7.992117835858732633e+01,0.000000000000000000e+00
7.757091311033596526e+01,0.000000000000000000e+00
7.585934099721859525e+01,0.000000000000000000e+00
7.845044346708380090e+01,0.000000000000000000e+00
7.801282811331051903e+01,0.000000000000000000e+00
7.864355874901229981e+01,0.000000000000000000e+00
8.138319729748907605e+01,0.000000000000000000e+00
7.859685813867952220e+01,0.000000000000000000e+00
7.592381740254791112e+01,0.000000000000000000e+00
7.789225890027458377e+01,0.000000000000000000e+00
7.700431356344043365e+01,0.000000000000000000e+00
8.167145986567578575e+01,0.000000000000000000e+00
7.967473403029777046e+01,0.000000000000000000e+00
8.019426990533121113e+01,0.000000000000000000e+00
7.808013994477643394e+01,0.000000000000000000e+00
7.805954973950845499e+01,0.000000000000000000e+00
7.916359670070211507e+01,0.000000000000000000e+00
8.156569439289359025e+01,0.000000000000000000e+00
7.686600256633167305e+01,0.000000000000000000e+00
7.578533077810944008e+01,0.000000000000000000e+00
7.872236636689332556e+01,0.000000000000000000e+00
7.661912759945447249e+01,0.000000000000000000e+00
7.865453006047690110e+01,0.000000000000000000e+00
7.778002085518450315e+01,0.000000000000000000e+00
7.837486606132729605e+01,0.000000000000000000e+00
8.146386884611219159e+01,0.000000000000000000e+00
8.008210407910226536e+01,0.000000000000000000e+00
7.625515860318586192e+01,0.000000000000000000e+00
7.678537530052915372e+01,0.000000000000000000e+00
7.659696077737231690e+01,0.000000000000000000e+00
7.763887597690353459e+01,0.000000000000000000e+00
7.607079502237313307e+01,0.000000000000000000e+00
7.631877233459734100e+01,0.000000000000000000e+00
7.572837034804182110e+01,0.000000000000000000e+00
7.685348886973915228e+01,0.000000000000000000e+00
7.806370775536824169e+01,0.000000000000000000e+00
7.577655112076746491e+01,0.000000000000000000e+00
7.620065443008799377e+01,0.000000000000000000e+00
7.466976763237963155e+01,0.000000000000000000e+00
7.774338124120804139e+01,0.000000000000000000e+00
8.023873780619958040e+01,0.000000000000000000e+00
7.668161664746391182e+01,0.000000000000000000e+00
7.684554642684877024e+01,0.000000000000000000e+00
7.574130924007131682e+01,0.000000000000000000e+00
7.574217322389465323e+01,0.000000000000000000e+00
7.996735700599695917e+01,0.000000000000000000e+00
7.501257637080428253e+01,0.000000000000000000e+00
7.828180529374648700e+01,0.000000000000000000e+00
7.890400513714524777e+01,0.000000000000000000e+00
7.480460727039178437e+01,0.000000000000000000e+00
7.735595459386458117e+01,0.000000000000000000e+00
7.970894621823079262e+01,0.000000000000000000e+00
7.696620252156834852e+01,0.000000000000000000e+00
7.713920642355488155e+01,0.000000000000000000e+00
7.651973776185266729e+01,0.000000000000000000e+00
7.488851242269625175e+01,0.000000000000000000e+00
7.604351087183950142e+01,0.000000000000000000e+00
7.280785981065088208e+01,0.000000000000000000e+00
7.506047141582673987e+01,0.000000000000000000e+00
7.603384219052294668e+01,0.000000000000000000e+00
7.350899368369354647e+01,0.000000000000000000e+00
7.646564145939035484e+01,0.000000000000000000e+00
7.765168034344635828e+01,0.000000000000000000e+00
7.492323921077635873e+01,0.000000000000000000e+00
7.262451442006188529e+01,0.000000000000000000e+00
7.538251791565295434e+01,0.000000000000000000e+00
7.623773602204308020e+01,0.000000000000000000e+00
7.785508948746391411e+01,0.000000000000000000e+00
7.636162484316804466e+01,0.000000000000000000e+00
7.695689895718531659e+01,0.000000000000000000e+00
8.035104830619444272e+01,0.000000000000000000e+00
8.016773317969378354e+01,0.000000000000000000e+00
7.858270878581505769e+01,0.000000000000000000e+00
7.256915012666365783e+01,0.000000000000000000e+00
7.574704132013852131e+01,0.000000000000000000e+00
7.467370193650890542e+01,0.000000000000000000e+00
7.656178854410680401e+01,0.000000000000000000e+00
7.660447900855760395e+01,0.000000000000000000e+00
7.342530952273290268e+01,0.000000000000000000e+00
7.705567202749526245e+01,0.000000000000000000e+00
7.614478312019372197e+01,0.000000000000000000e+00
7.546114369945507860e+01,0.000000000000000000e+00
7.598030749858504862e+01,0.000000000000000000e+00
7.368121007431862779e+01,0.000000000000000000e+00
7.555593630195325261e+01,0.000000000000000000e+00
7.338296848629610736e+01,0.000000000000000000e+00
7.313592489388224749e+01,0.000000000000000000e+00
7.379635818802987046e+01,0.000000000000000000e+00
7.447425476982131443e+01,0.000000000000000000e+00
7.448526605235257136e+01,0.000000000000000000e+00
7.525797758259990644e+01,0.000000000000000000e+00
7.298477763397228557e+01,0.000000000000000000e+00
6.781760812709762831e+01,0.000000000000000000e+00
7.537594999559824771e+01,0.000000000000000000e+00
7.466880720685730921e+01,0.000000000000000000e+00
7.112986643784216767e+01,0.000000000000000000e+00
7.644533898881105927e+01,0.000000000000000000e+00
7.276774619877139116e+01,0.000000000000000000e+00
7.149398491672168632e+01,0.000000000000000000e+00
7.493842349848623030e+01,0.000000000000000000e+00
7.431330475581862061e+01,0.000000000000000000e+00
7.345882344398525277e+01,0.000000000000000000e+00
7.217647063719815037e+01,0.000000000000000000e+00
7.438723374514512443e+01,0.000000000000000000e+00
7.583018465024193233e+01,0.000000000000000000e+00
7.394537311977536831e+01,0.000000000000000000e+00
7.454903257253043591e+01,0.000000000000000000e+00
7.543612328114973309e+01,0.000000000000000000e+00
7.639445908504916360e+01,0.000000000000000000e+00
7.416812982006737798e+01,0.000000000000000000e+00
7.192502559436306342e+01,0.000000000000000000e+00
7.189280102677051332e+01,0.000000000000000000e+00
7.189059079752749426e+01,0.000000000000000000e+00
7.351548204413606413e+01,0.000000000000000000e+00
7.457010330950706134e+01,0.000000000000000000e+00
7.387387183063114549e+01,0.000000000000000000e+00
7.311934621009581292e+01,0.000000000000000000e+00
7.359255487506985105e+01,0.000000000000000000e+00
7.561471616329392020e+01,0.000000000000000000e+00
7.369476476741449744e+01,0.000000000000000000e+00
7.236209015664003630e+01,0.000000000000000000e+00
6.843747786639308117e+01,0.000000000000000000e+00
7.186809649665923416e+01,0.000000000000000000e+00
7.307796224626443404e+01,0.000000000000000000e+00
7.517660498415358461e+01,0.000000000000000000e+00
7.348236619295749961e+01,0.000000000000000000e+00
7.375358398047485764e+01,0.000000000000000000e+00
7.379764386686683508e+01,0.000000000000000000e+00
7.565003374817361248e+01,0.000000000000000000e+00
7.340544195058301113e+01,0.000000000000000000e+00
7.190513796240252020e+01,0.000000000000000000e+00
7.361258731560972990e+01,0.000000000000000000e+00
7.129886449133093151e+01,0.000000000000000000e+00
7.261180095914461674e+01,0.000000000000000000e+00
7.209483599456430625e+01,0.000000000000000000e+00
7.198052938781248145e+01,0.000000000000000000e+00
7.007241844159344168e+01,0.000000000000000000e+00
7.050198113981450376e+01,0.000000000000000000e+00
7.185558964261419135e+01,0.000000000000000000e+00
7.017432663295043938e+01,0.000000000000000000e+00
7.224274593984885939e+01,0.000000000000000000e+00
7.183980351017002874e+01,0.000000000000000000e+00
7.392909976327003108e+01,0.000000000000000000e+00
6.858110319648987740e+01,0.000000000000000000e+00
7.035652374624989136e+01,0.000000000000000000e+00
7.254714375515597169e+01,0.000000000000000000e+00
7.154874894868565605e+01,0.000000000000000000e+00
7.308602910777682382e+01,0.000000000000000000e+00
7.290597090281238479e+01,0.000000000000000000e+00
7.119666222688178436e+01,0.000000000000000000e+00
7.032430183807275625e+01,0.000000000000000000e+00
7.269812693458875685e+01,0.000000000000000000e+00
7.097566463141825466e+01,0.000000000000000000e+00
7.314187323294713394e+01,0.000000000000000000e+00
7.110421465874449609e+01,0.000000000000000000e+00
6.911658715590726842e+01,0.000000000000000000e+00
7.118838943506951011e+01,0.000000000000000000e+00
6.960057739806433119e+01,0.000000000000000000e+00
7.085883797364405723e+01,0.000000000000000000e+00
7.326900532253317522e+01,0.000000000000000000e+00
7.168971301381068884e+01,0.000000000000000000e+00
7.214575723197158652e+01,0.000000000000000000e+00
7.020522535664008501e+01,0.000000000000000000e+00
7.116039088603676532e+01,0.000000000000000000e+00
6.969835603798878765e+01,0.000000000000000000e+00
7.058464162907452533e+01,0.000000000000000000e+00
7.007955221851979388e+01,0.000000000000000000e+00
6.704877082318320447e+01,0.000000000000000000e+00
7.038602844253554736e+01,0.000000000000000000e+00
7.059726500025554685e+01,0.000000000000000000e+00
6.872626164375398616e+01,0.000000000000000000e+00
7.211223026523586555e+01,0.000000000000000000e+00
6.946158719581804064e+01,0.000000000000000000e+00
6.977631055283457329e+01,0.000000000000000000e+00
7.169373159726325184e+01,0.000000000000000000e+00
7.091187308668537526e+01,0.000000000000000000e+00
7.071911530761236975e+01,0.000000000000000000e+00
6.657581112486782615e+01,0.000000000000000000e+00
6.899128129033687173e+01,0.000000000000000000e+00
7.213378681943301274e+01,0.000000000000000000e+00
6.744552747378294555e+01,0.000000000000000000e+00
6.898286824797429517e+01,0.000000000000000000e+00
6.996692324988443090e+01,0.000000000000000000e+00
7.166845847258284152e+01,0.000000000000000000e+00
6.633525674542305239e+01,0.000000000000000000e+00
7.435481896416200698e+01,0.000000000000000000e+00
6.979338905324095776e+01,0.000000000000000000e+00
6.803077912895186330e+01,0.000000000000000000e+00
6.985197003095368018e+01,0.000000000000000000e+00
6.953867197921370291e+01,0.000000000000000000e+00
6.913906409394843422e+01,0.000000000000000000e+00
6.935608824536518568e+01,0.000000000000000000e+00
6.988169947227852674e+01,0.000000000000000000e+00
6.792788456566054833e+01,0.000000000000000000e+00
6.618542366750766348e+01,0.000000000000000000e+00
6.597743347882422427e+01,0.000000000000000000e+00
6.573026905381269103e+01,0.000000000000000000e+00
6.814584175212397099e+01,0.000000000000000000e+00
6.669275581353613802e+01,0.000000000000000000e+00
6.605450548613113426e+01,0.000000000000000000e+00
6.933194725636361966e+01,0.000000000000000000e+00
6.627874918193759868e+01,0.000000000000000000e+00
6.602093955956904381e+01,0.000000000000000000e+00
6.864070041437136638e+01,0.000000000000000000e+00
6.941174017422370923e+01,0.000000000000000000e+00
6.907085755737962529e+01,0.000000000000000000e+00
6.847752642181126248e+01,0.000000000000000000e+00
7.150308409882401861e+01,0.000000000000000000e+00
7.050382655246681907e+01,0.000000000000000000e+00
6.793971436040433787e+01,0.000000000000000000e+00
6.989796428629871627e+01,0.000000000000000000e+00
6.935935066205702526e+01,0.000000000000000000e+00
6.724725783273174784e+01,0.000000000000000000e+00
6.914712882091990309e+01,0.000000000000000000e+00
6.423910043007330728e+01,0.000000000000000000e+00
6.507325341143503294e+01,0.000000000000000000e+00
7.217338004795828965e+01,0.000000000000000000e+00
6.336814126522483548e+01,0.000000000000000000e+00
6.673165366690308531e+01,0.000000000000000000e+00
6.789385147901667494e+01,0.000000000000000000e+00
6.729443438678771372e+01,0.000000000000000000e+00
6.740787669842977436e+01,0.000000000000000000e+00
6.765379746611880307e+01,0.000000000000000000e+00
6.814487561705495011e+01,0.000000000000000000e+00
7.016188309024168746e+01,0.000000000000000000e+00
6.242080390640450815e+01,0.000000000000000000e+00
6.974241207728420022e+01,0.000000000000000000e+00
6.411110023115348611e+01,0.000000000000000000e+00
6.593903036832620046e+01,0.000000000000000000e+00
6.562334106640925313e+01,0.000000000000000000e+00
6.680358206402782173e+01,0.000000000000000000e+00
6.979581915338842180e+01,0.000000000000000000e+00
6.582829439376833136e+01,0.000000000000000000e+00
6.810671366616568889e+01,0.000000000000000000e+00
7.168346341973636981e+01,0.000000000000000000e+00
6.575860633594803062e+01,0.000000000000000000e+00
6.592781843024087607e+01,0.000000000000000000e+00
6.443241360318039312e+01,0.000000000000000000e+00
6.687603981465944969e+01,0.000000000000000000e+00
6.584263585226389637e+01,0.000000000000000000e+00
6.652197796659355333e+01,0.000000000000000000e+00
6.488154378844798487e+01,0.000000000000000000e+00
6.561473415504407569e+01,0.000000000000000000e+00
6.838252289638492698e+01,0.000000000000000000e+00
6.280809846559003518e+01,0.000000000000000000e+00
6.405869032537539454e+01,0.000000000000000000e+00
6.648506010020514623e+01,0.000000000000000000e+00
6.588075400240410318e+01,0.000000000000000000e+00
6.438441852156532264e+01,0.000000000000000000e+00
6.603566732107260862e+01,0.000000000000000000e+00
6.608871071649538464e+01,0.000000000000000000e+00
6.482146296262155261e+01,0.000000000000000000e+00
6.337070908982177286e+01,0.000000000000000000e+00
6.343663663655828344e+01,0.000000000000000000e+00
6.552251969851398883e+01,0.000000000000000000e+00
6.488210176394217399e+01,0.000000000000000000e+00
6.286772025738965652e+01,0.000000000000000000e+00
6.210131423161708142e+01,0.000000000000000000e+00
6.577941817514900436e+01,0.000000000000000000e+00
6.353231323017510590e+01,0.000000000000000000e+00
6.549248828278291512e+01,0.000000000000000000e+00
6.454927446170226801e+01,0.000000000000000000e+00
6.307353788638501157e+01,0.000000000000000000e+00
6.339340105822124372e+01,0.000000000000000000e+00
6.117674536993646228e+01,0.000000000000000000e+00
6.424813473948836418e+01,0.000000000000000000e+00
6.411807485253069672e+01,0.000000000000000000e+00
6.464699391963074504e+01,0.000000000000000000e+00
6.311264565712922092e+01,0.000000000000000000e+00
6.061618922711078739e+01,0.000000000000000000e+00
6.426636576337057249e+01,0.000000000000000000e+00
6.489305579733350271e+01,0.000000000000000000e+00
6.429002610403436790e+01,0.000000000000000000e+00
6.179778959783649839e+01,0.000000000000000000e+00
6.308755845719925048e+01,0.000000000000000000e+00
6.340933504027245959e+01,0.000000000000000000e+00
6.485488315832900241e+01,0.000000000000000000e+00
6.737521965243170996e+01,0.000000000000000000e+00
6.170234968957299060e+01,0.000000000000000000e+00
6.454506531302972405e+01,0.000000000000000000e+00
6.256164159175918371e+01,0.000000000000000000e+00
6.149904017868189499e+01,0.000000000000000000e+00
6.294722840927311580e+01,0.000000000000000000e+00
6.577412782414266701e+01,0.000000000000000000e+00
6.489252165162184838e+01,0.000000000000000000e+00
6.334268176339581657e+01,0.000000000000000000e+00
6.548832264102624379e+01,0.000000000000000000e+00
6.066170434949490442e+01,0.000000000000000000e+00
6.488114572281428138e+01,0.000000000000000000e+00
6.091967188623046781e+01,0.000000000000000000e+00
6.320131866838725188e+01,0.000000000000000000e+00
6.080713249682314370e+01,0.000000000000000000e+00
6.041854751950254609e+01,0.000000000000000000e+00
6.093352070777532958e+01,0.000000000000000000e+00
6.254999087697100180e+01,0.000000000000000000e+00
6.219333520661757575e+01,0.000000000000000000e+00
6.314681386510566341e+01,0.000000000000000000e+00
6.164296793005832598e+01,0.000000000000000000e+00
6.019561884886182668e+01,0.000000000000000000e+00
6.288250421633912879e+01,0.000000000000000000e+00
6.219248846438464540e+01,0.000000000000000000e+00
6.269912712605937344e+01,0.000000000000000000e+00
6.362465481234674769e+01,0.000000000000000000e+00
6.155228878307759288e+01,0.000000000000000000e+00
6.174119526411766401e+01,0.000000000000000000e+00
6.048536178575298550e+01,0.000000000000000000e+00
5.773865647281273539e+01,0.000000000000000000e+00
6.101357495898506755e+01,0.000000000000000000e+00
5.788979179084873294e+01,0.000000000000000000e+00
6.192539927210794559e+01,0.000000000000000000e+00
6.002094152908277636e+01,0.000000000000000000e+00
6.118281961748948561e+01,0.000000000000000000e+00
6.158326852272404039e+01,0.000000000000000000e+00
6.024754613209837828e+01,0.000000000000000000e+00
5.942623113342876451e+01,0.000000000000000000e+00
6.061733570389858983e+01,0.000000000000000000e+00
5.675498373183746281e+01,0.000000000000000000e+00
5.996882568981033046e+01,0.000000000000000000e+00
5.907714865855483310e+01,0.000000000000000000e+00
6.389395275342526048e+01,0.000000000000000000e+00
5.810460477009343094e+01,0.000000000000000000e+00
6.356368372779178344e+01,0.000000000000000000e+00
6.027203266842361984e+01,0.000000000000000000e+00
5.736241204382820058e+01,0.000000000000000000e+00
6.181366647496181344e+01,0.000000000000000000e+00
5.831342864826755346e+01,0.000000000000000000e+00
6.077016484328742507e+01,0.000000000000000000e+00
6.273274935679143027e+01,0.000000000000000000e+00
6.137545809858790591e+01,0.000000000000000000e+00
6.180356303884411062e+01,0.000000000000000000e+00
6.042437897876438768e+01,0.000000000000000000e+00
6.119629612111246075e+01,0.000000000000000000e+00
6.013486907118656433e+01,0.000000000000000000e+00
5.824838162603602143e+01,0.000000000000000000e+00
6.019176909656903973e+01,0.000000000000000000e+00
5.927254342013534227e+01,0.000000000000000000e+00
6.205923509301724295e+01,0.000000000000000000e+00
5.654923744806674790e+01,0.000000000000000000e+00
6.059715949189559581e+01,0.000000000000000000e+00
5.961919787369868118e+01,0.000000000000000000e+00
6.097619213355892498e+01,0.000000000000000000e+00
5.885165531203067957e+01,0.000000000000000000e+00
5.869803128612223730e+01,0.000000000000000000e+00
6.149674318100783665e+01,0.000000000000000000e+00
5.916111373366704385e+01,0.000000000000000000e+00
5.856429483309480588e+01,0.000000000000000000e+00
5.879200640276079781e+01,0.000000000000000000e+00
5.854550972056453872e+01,0.000000000000000000e+00
5.590437822247985622e+01,0.000000000000000000e+00
5.742276592229524823e+01,0.000000000000000000e+00
5.885103842272931018e+01,0.000000000000000000e+00
5.644172583898568973e+01,0.000000000000000000e+00
5.770520782682361727e+01,0.000000000000000000e+00
5.796275346933484229e+01,0.000000000000000000e+00
5.757827815995543119e+01,0.000000000000000000e+00
6.077268326774577645e+01,0.000000000000000000e+00
5.919735126031359584e+01,0.000000000000000000e+00
5.708236198085783286e+01,0.000000000000000000e+00
5.745021544366225186e+01,0.000000000000000000e+00
5.738086900331855844e+01,0.000000000000000000e+00
5.827316199444920386e+01,0.000000000000000000e+00
5.624202820677824377e+01,0.000000000000000000e+00
5.825104068284478132e+01,0.000000000000000000e+00
5.281965118675988435e+01,0.000000000000000000e+00
5.829195726074206618e+01,0.000000000000000000e+00
5.506540622024412102e+01,0.000000000000000000e+00
5.933692055029612789e+01,0.000000000000000000e+00
5.428808300992553626e+01,0.000000000000000000e+00
6.033923156329215942e+01,0.000000000000000000e+00
5.530531237801078248e+01,0.000000000000000000e+00
5.771436778550245350e+01,0.000000000000000000e+00
5.599518494490041576e+01,0.000000000000000000e+00
5.177877308590758787e+01,0.000000000000000000e+00
5.839991526300557467e+01,0.000000000000000000e+00
5.615533499918044669e+01,0.000000000000000000e+00
5.929870264440803851e+01,0.000000000000000000e+00
5.943227553913074956e+01,0.000000000000000000e+00
5.812096760560545761e+01,0.000000000000000000e+00
5.906321980503899738e+01,0.000000000000000000e+00
5.786395801228601954e+01,0.000000000000000000e+00
5.949988016446009453e+01,0.000000000000000000e+00
5.334183451257991493e+01,0.000000000000000000e+00
5.670256265719566358e+01,0.000000000000000000e+00
5.059374088849739337e+01,0.000000000000000000e+00
5.684032723398054543e+01,0.000000000000000000e+00
5.955669161258726518e+01,0.000000000000000000e+00
5.559691731953184046e+01,0.000000000000000000e+00
5.428230935229634468e+01,0.000000000000000000e+00
5.209687111750997701e+01,0.000000000000000000e+00
5.314643150071204758e+01,0.000000000000000000e+00
5.727779626442901417e+01,0.000000000000000000e+00
5.428255984232184517e+01,0.000000000000000000e+00
5.472850512755374552e+01,0.000000000000000000e+00
5.256543341381584611e+01,0.000000000000000000e+00
5.368617602291404722e+01,0.000000000000000000e+00
5.401454710111062241e+01,0.000000000000000000e+00
5.345319249966944852e+01,0.000000000000000000e+00
5.308795917778119389e+01,0.000000000000000000e+00
5.597376463359614007e+01,0.000000000000000000e+00
5.481159723294274499e+01,0.000000000000000000e+00
5.395420514876511930e+01,0.000000000000000000e+00
5.228383353426204394e+01,0.000000000000000000e+00
5.506324823077277841e+01,0.000000000000000000e+00
5.327695137901776690e+01,0.000000000000000000e+00
5.288457071544458188e+01,0.000000000000000000e+00
5.388463571117764417e+01,0.000000000000000000e+00
5.609685305553256995e+01,0.000000000000000000e+00
5.763569436976716531e+01,0.000000000000000000e+00
5.339888838925908487e+01,0.000000000000000000e+00
5.686695296405546429e+01,0.000000000000000000e+00
5.460270203329498884e+01,0.000000000000000000e+00
5.256242030907109353e+01,0.000000000000000000e+00
5.253260282826072114e+01,0.000000000000000000e+00
5.386684240354141195e+01,0.000000000000000000e+00
5.352609753635415046e+01,0.000000000000000000e+00
5.475689400624256820e+01,0.000000000000000000e+00
5.150028164740771786e+01,0.000000000000000000e+00
5.274183836163928873e+01,0.000000000000000000e+00
5.319130275553074938e+01,0.000000000000000000e+00
5.147666108237151406e+01,0.000000000000000000e+00
5.549579985294501938e+01,0.000000000000000000e+00
5.713143106659072146e+01,0.000000000000000000e+00
5.321526946838863381e+01,0.000000000000000000e+00
5.594566878958488587e+01,0.000000000000000000e+00
4.587719773635159015e+01,0.000000000000000000e+00
5.118541223504168158e+01,0.000000000000000000e+00
5.071555831650933044e+01,0.000000000000000000e+00
5.329826011822906651e+01,0.000000000000000000e+00
4.983859479341789012e+01,0.000000000000000000e+00
5.039378843642282391e+01,0.000000000000000000e+00
5.095208691983484073e+01,0.000000000000000000e+00
4.939484388135723236e+01,0.000000000000000000e+00
5.138862785197939331e+01,0.000000000000000000e+00
5.244530138692939403e+01,0.000000000000000000e+00
4.980846868256868731e+01,0.000000000000000000e+00
4.923923215376125029e+01,0.000000000000000000e+00
5.207766278809114624e+01,0.000000000000000000e+00
4.948029742265055120e+01,0.000000000000000000e+00
5.059781495978162980e+01,0.000000000000000000e+00
4.973278523880568969e+01,0.000000000000000000e+00
5.311919064198055196e+01,0.000000000000000000e+00
5.172723206589704859e+01,0.000000000000000000e+00
4.731855313509060323e+01,0.000000000000000000e+00
5.100858801167490952e+01,0.000000000000000000e+00
5.008484307830222093e+01,0.000000000000000000e+00
5.095951606491892250e+01,0.000000000000000000e+00
5.147280561256071252e+01,0.000000000000000000e+00
4.968694612987867743e+01,0.000000000000000000e+00
4.896190187367362512e+01,0.000000000000000000e+00
4.989440006924099436e+01,0.000000000000000000e+00
4.620303176644583232e+01,0.000000000000000000e+00
4.826304859657714985e+01,0.000000000000000000e+00
5.008666805833743751e+01,0.000000000000000000e+00
4.573527149280561588e+01,0.000000000000000000e+00
5.243384966677603387e+01,0.000000000000000000e+00
4.897232763117885668e+01,0.000000000000000000e+00
4.952361442493378263e+01,0.000000000000000000e+00
5.149637125397952531e+01,0.000000000000000000e+00
4.329295879515546375e+01,0.000000000000000000e+00
4.789822600259020646e+01,0.000000000000000000e+00
4.991657114782739058e+01,0.000000000000000000e+00
5.136650793016950445e+01,0.000000000000000000e+00
5.069890166658503006e+01,0.000000000000000000e+00
4.677879623305079093e+01,0.000000000000000000e+00
5.024618403739115990e+01,0.000000000000000000e+00
4.736659729408975750e+01,0.000000000000000000e+00
4.918123346283832831e+01,0.000000000000000000e+00
4.777478776670392335e+01,0.000000000000000000e+00
4.994156840157558719e+01,0.000000000000000000e+00
4.402815094984499211e+01,0.000000000000000000e+00
4.594764261481748946e+01,0.000000000000000000e+00
4.813219190903289046e+01,0.000000000000000000e+00
5.153393851743259546e+01,0.000000000000000000e+00
5.160572987681207024e+01,0.000000000000000000e+00
4.637019146185011209e+01,0.000000000000000000e+00
4.717475083372715261e+01,0.000000000000000000e+00
4.701084306167638260e+01,0.000000000000000000e+00
4.623253355347026883e+01,0.000000000000000000e+00
4.550595498011742990e+01,0.000000000000000000e+00
4.965349797029649181e+01,0.000000000000000000e+00
4.818736368884580656e+01,0.000000000000000000e+00
4.915745108070766634e+01,0.000000000000000000e+00
4.524806759421801416e+01,0.000000000000000000e+00
4.757837059952787229e+01,0.000000000000000000e+00
4.606334459166587436e+01,0.000000000000000000e+00
4.244046555973653767e+01,0.000000000000000000e+00
4.965770333646680257e+01,0.000000000000000000e+00
4.754440586585167239e+01,0.000000000000000000e+00
4.810815280618059120e+01,0.000000000000000000e+00
4.478804358689516363e+01,0.000000000000000000e+00
4.749826305405818516e+01,0.000000000000000000e+00
4.696394246145626283e+01,0.000000000000000000e+00
4.509455261262426262e+01,0.000000000000000000e+00
4.628183558014507071e+01,0.000000000000000000e+00
4.292375457160957097e+01,0.000000000000000000e+00
4.588008859742836165e+01,0.000000000000000000e+00
4.624668658727753723e+01,0.000000000000000000e+00
4.475951989755473193e+01,0.000000000000000000e+00
4.442851369330161049e+01,0.000000000000000000e+00
4.609635337349912731e+01,0.000000000000000000e+00
4.674304884962318596e+01,0.000000000000000000e+00
4.499154679163176951e+01,0.000000000000000000e+00
4.417052012627557644e+01,0.000000000000000000e+00
4.506894673717623334e+01,0.000000000000000000e+00
4.219370327038942037e+01,0.000000000000000000e+00
4.331260122110874278e+01,0.000000000000000000e+00
4.258535373482869346e+01,0.000000000000000000e+00
4.645816672965958816e+01,0.000000000000000000e+00
4.318551182400754840e+01,0.000000000000000000e+00
4.201765001855985560e+01,0.000000000000000000e+00
4.426345912543162342e+01,0.000000000000000000e+00
4.763514855361366784e+01,0.000000000000000000e+00
4.780595803220092677e+01,0.000000000000000000e+00
4.371224095742252302e+01,0.000000000000000000e+00
3.878692875014148456e+01,0.000000000000000000e+00
4.377477113877672110e+01,0.000000000000000000e+00
4.584568356899239916e+01,0.000000000000000000e+00
4.335161251056819509e+01,0.000000000000000000e+00
4.143800539060730159e+01,0.000000000000000000e+00
4.248392804838635328e+01,0.000000000000000000e+00
4.528868167228282715e+01,0.000000000000000000e+00
4.230131058482108841e+01,0.000000000000000000e+00
4.669625180855670976e+01,0.000000000000000000e+00
4.669232196282892744e+01,0.000000000000000000e+00
4.327492249549950998e+01,0.000000000000000000e+00
4.268185800265608520e+01,0.000000000000000000e+00
4.588278642059926682e+01,0.000000000000000000e+00
3.983953394520207070e+01,0.000000000000000000e+00
4.437043331871058172e+01,0.000000000000000000e+00
4.418564264339131142e+01,0.000000000000000000e+00
4.417380893560482491e+01,0.000000000000000000e+00
4.477937463823411690e+01,0.000000000000000000e+00
4.487779664198993856e+01,0.000000000000000000e+00
4.364788122721457597e+01,0.000000000000000000e+00
4.188037957100554110e+01,0.000000000000000000e+00
4.480007885869215301e+01,0.000000000000000000e+00
4.622631560062230704e+01,0.000000000000000000e+00
4.333787608605717168e+01,0.000000000000000000e+00
4.462007910430051538e+01,0.000000000000000000e+00
4.541114169173890502e+01,0.000000000000000000e+00
4.429195763474439218e+01,0.000000000000000000e+00
4.096146101100049464e+01,0.000000000000000000e+00
4.073644133461081651e+01,0.000000000000000000e+00
4.125329425116407123e+01,0.000000000000000000e+00
3.683352192470838560e+01,0.000000000000000000e+00
4.223848204089991754e+01,0.000000000000000000e+00
4.029356237953734876e+01,0.000000000000000000e+00
4.579838267272339891e+01,0.000000000000000000e+00
4.511180371296049429e+01,0.000000000000000000e+00
4.074907904089605637e+01,0.000000000000000000e+00
4.244354410710336367e+01,0.000000000000000000e+00
4.077284690040415427e+01,0.000000000000000000e+00
3.926745259083401862e+01,0.000000000000000000e+00
4.268758329354008652e+01,0.000000000000000000e+00
4.103772436733585494e+01,0.000000000000000000e+00
4.048200364953122943e+01,0.000000000000000000e+00
3.886554032280702131e+01,0.000000000000000000e+00
4.239563988964904695e+01,0.000000000000000000e+00
4.423580354782658475e+01,0.000000000000000000e+00
4.166508976739518744e+01,0.000000000000000000e+00
4.262502347137829872e+01,0.000000000000000000e+00
3.821057496435901157e+01,0.000000000000000000e+00
3.852900530616344810e+01,0.000000000000000000e+00
3.982558164219878449e+01,0.000000000000000000e+00
3.821869978284003366e+01,0.000000000000000000e+00
3.704018893266739809e+01,0.000000000000000000e+00
4.478376108823341184e+01,0.000000000000000000e+00
4.390535312953204539e+01,0.000000000000000000e+00
4.059126584790820402e+01,0.000000000000000000e+00
3.801626191455422088e+01,0.000000000000000000e+00
4.123370690830724783e+01,0.000000000000000000e+00
3.813930866290662891e+01,0.000000000000000000e+00
3.871719061235190651e+01,0.000000000000000000e+00
3.991289679866498119e+01,0.000000000000000000e+00
3.832606711538319644e+01,0.000000000000000000e+00
3.852324452366117669e+01,0.000000000000000000e+00
4.197839199874434968e+01,0.000000000000000000e+00
3.773424258904449147e+01,0.000000000000000000e+00
4.088879234334343238e+01,0.000000000000000000e+00
4.198901901283771565e+01,0.000000000000000000e+00
3.824980862500169110e+01,0.000000000000000000e+00
3.505878669152752281e+01,0.000000000000000000e+00
4.162570500595592193e+01,0.000000000000000000e+00
4.070590212886617820e+01,0.000000000000000000e+00
3.856066756533628848e+01,0.000000000000000000e+00
3.762198498495046550e+01,0.000000000000000000e+00
3.924896373216181900e+01,0.000000000000000000e+00
4.276567810596785080e+01,0.000000000000000000e+00
3.749917007695744076e+01,0.000000000000000000e+00
4.046128531363907399e+01,0.000000000000000000e+00
4.110643723583068265e+01,0.000000000000000000e+00
3.829956644678691191e+01,0.000000000000000000e+00
4.171164242279288459e+01,0.000000000000000000e+00
4.258923310397028672e+01,0.000000000000000000e+00
3.690786098543016891e+01,0.000000000000000000e+00
3.981090558412707026e+01,0.000000000000000000e+00
3.717077548882254234e+01,0.000000000000000000e+00
3.684973188415467860e+01,0.000000000000000000e+00
3.888068077512539134e+01,0.000000000000000000e+00
3.931278198984077221e+01,0.000000000000000000e+00
3.950981041481099965e+01,0.000000000000000000e+00
3.503840615147810666e+01,0.000000000000000000e+00
3.823301990083594859e+01,0.000000000000000000e+00
3.703422178035078360e+01,0.000000000000000000e+00
3.830500611769925001e+01,0.000000000000000000e+00
3.634938724461497372e+01,0.000000000000000000e+00
3.948708542460064308e+01,0.000000000000000000e+00
3.799312735464989288e+01,0.000000000000000000e+00
4.026039747904678023e+01,0.000000000000000000e+00
3.448966664976151009e+01,0.000000000000000000e+00
3.844917717219130537e+01,0.000000000000000000e+00
3.527745904866422677e+01,0.000000000000000000e+00
3.726051961986401295e+01,0.000000000000000000e+00
3.721032437539384574e+01,0.000000000000000000e+00
3.417302308662213761e+01,0.000000000000000000e+00
3.736178817811784825e+01,0.000000000000000000e+00
4.137275321193758515e+01,0.000000000000000000e+00
3.424265303302080099e+01,0.000000000000000000e+00
3.749943836334490044e+01,0.000000000000000000e+00
3.550688896137646111e+01,0.000000000000000000e+00
3.860465108968210046e+01,0.000000000000000000e+00
3.870339028651416413e+01,0.000000000000000000e+00
3.957999264029547959e+01,0.000000000000000000e+00
3.895737240597869544e+01,0.000000000000000000e+00
3.285916440194959165e+01,0.000000000000000000e+00
3.508276578833730497e+01,0.000000000000000000e+00
3.619809131770363564e+01,0.000000000000000000e+00
3.328803702643084961e+01,0.000000000000000000e+00
3.435988324971037855e+01,0.000000000000000000e+00
3.442973637121512098e+01,0.000000000000000000e+00
3.621221901296504342e+01,0.000000000000000000e+00
3.609518925043496296e+01,0.000000000000000000e+00
3.421614501456276258e+01,0.000000000000000000e+00
3.300871456683803018e+01,0.000000000000000000e+00
3.867664356917482138e+01,0.000000000000000000e+00
3.851899357560040471e+01,0.000000000000000000e+00
3.533420887077812722e+01,0.000000000000000000e+00
3.783023211607856950e+01,0.000000000000000000e+00
3.246710118554644708e+01,0.000000000000000000e+00
3.337844661635821097e+01,0.000000000000000000e+00
3.642391031238044263e+01,0.000000000000000000e+00
3.457454717337491701e+01,0.000000000000000000e+00
3.538655123583973250e+01,0.000000000000000000e+00
3.608746679870602492e+01,0.000000000000000000e+00
3.432660840068010799e+01,0.000000000000000000e+00
3.294682926789126753e+01,0.000000000000000000e+00
3.703594811160164824e+01,0.000000000000000000e+00
3.388201057068152977e+01,0.000000000000000000e+00
3.332127323529621066e+01,0.000000000000000000e+00
3.599272073196010524e+01,0.000000000000000000e+00
3.408460216596005665e+01,0.000000000000000000e+00
2.815207692673117634e+01,0.000000000000000000e+00
3.361144277264544655e+01,0.000000000000000000e+00
3.390622567582897062e+01,0.000000000000000000e+00
3.391730838077820209e+01,0.000000000000000000e+00
3.316139330755717651e+01,0.000000000000000000e+00
3.378449593961067166e+01,0.000000000000000000e+00
3.250208898535740332e+01,0.000000000000000000e+00
3.422916820946571193e+01,0.000000000000000000e+00
3.329156923663923351e+01,0.000000000000000000e+00
3.133274786107297771e+01,0.000000000000000000e+00
3.030312195723907109e+01,0.000000000000000000e+00
3.464350652258758601e+01,0.000000000000000000e+00
3.852935421132089999e+01,0.000000000000000000e+00
3.012659460525415156e+01,0.000000000000000000e+00
3.156153018867038540e+01,0.000000000000000000e+00
3.707055423981478270e+01,0.000000000000000000e+00
3.731548060697371483e+01,0.000000000000000000e+00
3.225069063084413301e+01,0.000000000000000000e+00
3.499633921908473155e+01,0.000000000000000000e+00
3.011261610687862245e+01,0.000000000000000000e+00
3.070027388797726786e+01,0.000000000000000000e+00
3.208319166502895570e+01,0.000000000000000000e+00
3.295304644557262463e+01,0.000000000000000000e+00
3.004184877835076506e+01,0.000000000000000000e+00
3.197549106831713317e+01,0.000000000000000000e+00
3.336773978319259726e+01,0.000000000000000000e+00
3.263560207162347382e+01,0.000000000000000000e+00
3.454279604703481255e+01,0.000000000000000000e+00
3.478639865765041606e+01,0.000000000000000000e+00
3.250125162212899710e+01,0.000000000000000000e+00
3.191937547264740616e+01,0.000000000000000000e+00
3.169622232200127598e+01,0.000000000000000000e+00
2.894737691859201334e+01,0.000000000000000000e+00
3.253740010814118477e+01,0.000000000000000000e+00
3.254062286135376780e+01,0.000000000000000000e+00
2.976510682163984711e+01,0.000000000000000000e+00
3.174003593486517971e+01,0.000000000000000000e+00
3.549239084083053797e+01,0.000000000000000000e+00
3.412524774410318429e+01,0.000000000000000000e+00
3.166700518494400640e+01,0.000000000000000000e+00
3.261974595392607768e+01,0.000000000000000000e+00
3.158930663868726185e+01,0.000000000000000000e+00
2.855272924831876580e+01,0.000000000000000000e+00
2.924717636509353014e+01,0.000000000000000000e+00
3.015499905316668716e+01,0.000000000000000000e+00
2.723850250083719970e+01,0.000000000000000000e+00
3.085818721959718758e+01,0.000000000000000000e+00
2.494843291247387640e+01,0.000000000000000000e+00
2.809249933958127343e+01,0.000000000000000000e+00
2.991841165886838994e+01,0.000000000000000000e+00
3.216156465402062281e+01,0.000000000000000000e+00
3.083347828709830551e+01,0.000000000000000000e+00
3.275220984009497727e+01,0.000000000000000000e+00
3.142596357601187407e+01,0.000000000000000000e+00
3.381569004411944945e+01,0.000000000000000000e+00
2.926410728601769407e+01,0.000000000000000000e+00
2.983911908116014899e+01,0.000000000000000000e+00
2.943836491397181021e+01,0.000000000000000000e+00
3.034785849319924367e+01,0.000000000000000000e+00
2.990964056972586960e+01,0.000000000000000000e+00
3.116053820501943505e+01,0.000000000000000000e+00
2.843916605486763061e+01,0.000000000000000000e+00
2.815936123437112570e+01,0.000000000000000000e+00
2.886379509416914502e+01,0.000000000000000000e+00
3.191639834740447057e+01,0.000000000000000000e+00
3.203561915405499860e+01,0.000000000000000000e+00
2.987145844351795532e+01,0.000000000000000000e+00
2.921323310534702600e+01,0.000000000000000000e+00
3.166063855029997143e+01,0.000000000000000000e+00
2.766993279146505458e+01,0.000000000000000000e+00
3.056663771936276675e+01,0.000000000000000000e+00
3.385580575083337607e+01,0.000000000000000000e+00
2.823713515983009259e+01,0.000000000000000000e+00
2.592038289464994349e+01,0.000000000000000000e+00
3.331775215790965206e+01,0.000000000000000000e+00
3.109471838391820597e+01,0.000000000000000000e+00
2.652048881744349274e+01,0.000000000000000000e+00
2.930887125790900427e+01,0.000000000000000000e+00
3.085011937505596080e+01,0.000000000000000000e+00
2.789826958971663373e+01,0.000000000000000000e+00
2.973072046062740981e+01,0.000000000000000000e+00
3.012992515906401536e+01,0.000000000000000000e+00
2.864038878897291696e+01,0.000000000000000000e+00
2.475630509824766889e+01,0.000000000000000000e+00
2.951048828216753961e+01,0.000000000000000000e+00
2.772900363602441232e+01,0.000000000000000000e+00
2.688802659696990460e+01,0.000000000000000000e+00
2.765273805573783150e+01,0.000000000000000000e+00
3.031712193476258577e+01,0.000000000000000000e+00
3.265926970897393034e+01,0.000000000000000000e+00
3.067433760350783700e+01,0.000000000000000000e+00
3.233516033135752110e+01,0.000000000000000000e+00
2.712199888056618491e+01,0.000000000000000000e+00
2.898134186022850400e+01,0.000000000000000000e+00
2.933693438056549496e+01,0.000000000000000000e+00
2.737884468327471765e+01,0.000000000000000000e+00
2.178515328892249769e+01,0.000000000000000000e+00
2.798726515322021768e+01,0.000000000000000000e+00
2.778156194922772926e+01,0.000000000000000000e+00
3.126624429154293949e+01,0.000000000000000000e+00
2.936030408880333908e+01,0.000000000000000000e+00
2.813056606314588493e+01,0.000000000000000000e+00
2.691877914998696042e+01,0.000000000000000000e+00
2.722305715733853404e+01,0.000000000000000000e+00
2.539079704459253506e+01,0.000000000000000000e+00
3.100094428014104864e+01,0.000000000000000000e+00
2.822406443664922193e+01,0.000000000000000000e+00
2.885080981802972389e+01,0.000000000000000000e+00
2.582619042960106981e+01,0.000000000000000000e+00
2.467144398165702412e+01,0.000000000000000000e+00
2.936841594818898216e+01,0.000000000000000000e+00
3.024703293737636045e+01,0.000000000000000000e+00
2.749960493069558254e+01,0.000000000000000000e+00
2.749378617017388038e+01,0.000000000000000000e+00
2.617721340350979631e+01,0.000000000000000000e+00
2.841873663066107625e+01,0.000000000000000000e+00
2.885393256422882402e+01,0.000000000000000000e+00
2.491834931199950987e+01,0.000000000000000000e+00
2.761752346701046790e+01,0.000000000000000000e+00
2.500845868808873718e+01,0.000000000000000000e+00
2.740482030078560882e+01,0.000000000000000000e+00
2.766305846603806629e+01,0.000000000000000000e+00
2.397657819239627841e+01,0.000000000000000000e+00
2.637802637329124167e+01,0.000000000000000000e+00
2.788070405723130918e+01,0.000000000000000000e+00
2.867214986351644157e+01,0.000000000000000000e+00
2.450710292165543436e+01,0.000000000000000000e+00
2.562388250529555833e+01,0.000000000000000000e+00
2.639160624855949777e+01,0.000000000000000000e+00
2.654923607285008913e+01,0.000000000000000000e+00
2.695232143695250571e+01,0.000000000000000000e+00
2.456300935476632219e+01,0.000000000000000000e+00
2.485078998578945786e+01,0.000000000000000000e+00
2.545186121101325583e+01,0.000000000000000000e+00
2.755060552566907361e+01,0.000000000000000000e+00
2.677689465076675646e+01,0.000000000000000000e+00
2.728586931752694156e+01,0.000000000000000000e+00
2.557802526805710031e+01,0.000000000000000000e+00
2.484351141618793335e+01,0.000000000000000000e+00
2.555849062275030903e+01,0.000000000000000000e+00
2.684063294743793548e+01,0.000000000000000000e+00
2.550778664824530395e+01,0.000000000000000000e+00
2.651305855449528792e+01,0.000000000000000000e+00
2.389018209370656010e+01,0.000000000000000000e+00
2.786489249856660422e+01,0.000000000000000000e+00
2.779222515716462638e+01,0.000000000000000000e+00
2.837943588302352538e+01,0.000000000000000000e+00
2.805884478004444560e+01,0.000000000000000000e+00
2.388272368106422050e+01,0.000000000000000000e+00
2.724345803002136890e+01,0.000000000000000000e+00
2.545719981294852374e+01,0.000000000000000000e+00
2.747107681054757222e+01,0.000000000000000000e+00
2.814430244711003226e+01,0.000000000000000000e+00
2.623906528999410170e+01,0.000000000000000000e+00
2.379179795196735370e+01,0.000000000000000000e+00
2.489889662235027856e+01,0.000000000000000000e+00
2.373602073100047960e+01,0.000000000000000000e+00
2.852787605225787715e+01,0.000000000000000000e+00
2.166225064512664034e+01,0.000000000000000000e+00
2.480071689454948114e+01,0.000000000000000000e+00
2.682294917645568333e+01,0.000000000000000000e+00
2.751129810119660846e+01,0.000000000000000000e+00
2.572344610866608150e+01,0.000000000000000000e+00
2.373625313718694940e+01,0.000000000000000000e+00
2.102519984648701623e+01,0.000000000000000000e+00
2.386235295055134742e+01,0.000000000000000000e+00
2.707590135251455266e+01,0.000000000000000000e+00
2.334459122461051095e+01,0.000000000000000000e+00
2.381319058096635288e+01,0.000000000000000000e+00
2.550001373529740789e+01,0.000000000000000000e+00
2.293154391309213125e+01,0.000000000000000000e+00
2.702781956777975125e+01,0.000000000000000000e+00
2.184847294092479686e+01,0.000000000000000000e+00
2.492571582113058426e+01,0.000000000000000000e+00
2.304674626666696824e+01,0.000000000000000000e+00
2.676872879796872695e+01,0.000000000000000000e+00
2.433993342898473600e+01,0.000000000000000000e+00
2.412478528181156534e+01,0.000000000000000000e+00
2.257864130384151480e+01,0.000000000000000000e+00
1.971942921411595506e+01,0.000000000000000000e+00
2.287910528157997447e+01,0.000000000000000000e+00
2.632653690129579971e+01,0.000000000000000000e+00
2.441738971237710487e+01,0.000000000000000000e+00
2.030213611574427190e+01,0.000000000000000000e+00
2.374507283776288702e+01,0.000000000000000000e+00
2.640233270149699507e+01,0.000000000000000000e+00
2.331655389473569429e+01,0.000000000000000000e+00
2.580771124328808952e+01,0.000000000000000000e+00
2.463040550935573592e+01,0.000000000000000000e+00
2.400334342372289242e+01,0.000000000000000000e+00
2.538935946976093305e+01,0.000000000000000000e+00
2.757458072182125619e+01,0.000000000000000000e+00
2.166962234776380569e+01,0.000000000000000000e+00
2.391572454006810844e+01,0.000000000000000000e+00
1.912353319944998020e+01,0.000000000000000000e+00
2.477561033720704486e+01,0.000000000000000000e+00
2.297900355191702104e+01,0.000000000000000000e+00
2.475799457111811464e+01,0.000000000000000000e+00
2.666432802950738079e+01,0.000000000000000000e+00
2.465035723709153714e+01,0.000000000000000000e+00
2.282094445313122932e+01,0.000000000000000000e+00
2.281333841627832726e+01,0.000000000000000000e+00
2.285598637872204009e+01,0.000000000000000000e+00
2.121176309778077851e+01,0.000000000000000000e+00
2.500029142453027475e+01,0.000000000000000000e+00
2.342812960259031385e+01,0.000000000000000000e+00
2.216529695010747858e+01,0.000000000000000000e+00
2.374699144412375418e+01,0.000000000000000000e+00
2.241967731071530068e+01,0.000000000000000000e+00
2.012457977515102669e+01,0.000000000000000000e+00
1.850319746167683377e+01,0.000000000000000000e+00
2.781718890936279465e+01,0.000000000000000000e+00
2.230471979917441772e+01,0.000000000000000000e+00
2.357030905299161816e+01,0.000000000000000000e+00
2.328658610461752687e+01,0.000000000000000000e+00
2.177943546175286826e+01,0.000000000000000000e+00
2.362269152074834011e+01,0.000000000000000000e+00
2.126952841958186369e+01,0.000000000000000000e+00
1.906676000388675263e+01,0.000000000000000000e+00
2.651590483487493088e+01,0.000000000000000000e+00
2.496027318647404414e+01,0.000000000000000000e+00
2.290660599008413456e+01,0.000000000000000000e+00
2.026424984263817564e+01,0.000000000000000000e+00
2.045796713796988797e+01,0.000000000000000000e+00
2.099810477157940980e+01,0.000000000000000000e+00
2.032839788642021972e+01,0.000000000000000000e+00
1.928353930801062432e+01,0.000000000000000000e+00
2.013601530051195354e+01,0.000000000000000000e+00
2.417135159562189628e+01,0.000000000000000000e+00
2.432705055215841128e+01,0.000000000000000000e+00
2.366662856148465011e+01,0.000000000000000000e+00
2.591378002190255003e+01,0.000000000000000000e+00
2.207869326614531147e+01,0.000000000000000000e+00
2.231148408011046058e+01,0.000000000000000000e+00
2.302239677550916142e+01,0.000000000000000000e+00
2.299202231355337389e+01,0.000000000000000000e+00
2.025255545724450457e+01,0.000000000000000000e+00
2.449664230714500235e+01,0.000000000000000000e+00
2.312706381327285499e+01,0.000000000000000000e+00
2.303988698163303894e+01,0.000000000000000000e+00
1.755860102783301002e+01,0.000000000000000000e+00
2.186603514975301010e+01,0.000000000000000000e+00
2.136398367440486368e+01,0.000000000000000000e+00
2.329211131708715143e+01,0.000000000000000000e+00
1.778098432351436742e+01,0.000000000000000000e+00
2.463327073068178308e+01,0.000000000000000000e+00
2.078638609742198540e+01,0.000000000000000000e+00
2.547769815451795239e+01,0.000000000000000000e+00
1.988816811484287683e+01,0.000000000000000000e+00
2.131270487881597120e+01,0.000000000000000000e+00
2.017116936169027497e+01,0.000000000000000000e+00
2.127698251194854606e+01,0.000000000000000000e+00
2.240716609211563437e+01,0.000000000000000000e+00
2.262825082718477887e+01,0.000000000000000000e+00
2.100248905457793569e+01,0.000000000000000000e+00
2.203175773292385387e+01,0.000000000000000000e+00
1.906907110760242929e+01,0.000000000000000000e+00
1.971581661427761745e+01,0.000000000000000000e+00
2.260974799986964001e+01,0.000000000000000000e+00
2.240274075789942998e+01,0.000000000000000000e+00
2.540015718783663345e+01,0.000000000000000000e+00
2.198812455722816495e+01,0.000000000000000000e+00
1.929607341239121610e+01,0.000000000000000000e+00
2.036735750146960555e+01,0.000000000000000000e+00
2.410171435284128805e+01,0.000000000000000000e+00
2.369688672410626396e+01,0.000000000000000000e+00
2.138016870763720334e+01,0.000000000000000000e+00
2.431168713576378693e+01,0.000000000000000000e+00
1.804325641711301031e+01,0.000000000000000000e+00
2.084170463143475160e+01,0.000000000000000000e+00
2.195581057501667388e+01,0.000000000000000000e+00
2.190776299317426279e+01,0.000000000000000000e+00
2.195891883107335119e+01,0.000000000000000000e+00
2.201613534422974183e+01,0.000000000000000000e+00
2.185460457985805149e+01,0.000000000000000000e+00
2.237229223720520821e+01,0.000000000000000000e+00
1.937552867096441389e+01,0.000000000000000000e+00
2.346330145504248321e+01,0.000000000000000000e+00
2.205573167451255046e+01,0.000000000000000000e+00
2.137123784635455337e+01,0.000000000000000000e+00
2.391374991802850758e+01,0.000000000000000000e+00
2.340346035034813355e+01,0.000000000000000000e+00
2.085419778018021830e+01,0.000000000000000000e+00
2.435256135024559754e+01,0.000000000000000000e+00
1.806039318144771855e+01,0.000000000000000000e+00
1.971592375835458810e+01,0.000000000000000000e+00
2.109017928835764621e+01,0.000000000000000000e+00
2.002645586941470768e+01,0.000000000000000000e+00
2.120772767414532112e+01,0.000000000000000000e+00
2.424055959200565624e+01,0.000000000000000000e+00
2.153284414572603112e+01,0.000000000000000000e+00
2.187943309243512857e+01,0.000000000000000000e+00
2.072278629524631555e+01,0.000000000000000000e+00
1.967248980431821437e+01,0.000000000000000000e+00
1.984782338282392189e+01,0.000000000000000000e+00
2.024269427184068348e+01,0.000000000000000000e+00
1.826447851459202099e+01,0.000000000000000000e+00
2.051098371762379102e+01,0.000000000000000000e+00
1.994264247404386836e+01,0.000000000000000000e+00
1.656174566290087213e+01,0.000000000000000000e+00
2.002821384829569951e+01,0.000000000000000000e+00
1.996441173013284498e+01,0.000000000000000000e+00
2.408671115860927259e+01,0.000000000000000000e+00
2.056025686927290508e+01,0.000000000000000000e+00
2.237634941213828910e+01,0.000000000000000000e+00
1.869763978292224849e+01,0.000000000000000000e+00
2.451237585311599432e+01,0.000000000000000000e+00
2.109733972588370676e+01,0.000000000000000000e+00
1.983345098356643987e+01,0.000000000000000000e+00
2.119561046950509464e+01,0.000000000000000000e+00
2.295654953929703623e+01,0.000000000000000000e+00
2.268660670268901569e+01,0.000000000000000000e+00
1.979034032030957135e+01,0.000000000000000000e+00
2.164679148529181774e+01,0.000000000000000000e+00
2.034983768024780559e+01,0.000000000000000000e+00
2.477082716915193927e+01,0.000000000000000000e+00
2.137821414193858516e+01,0.000000000000000000e+00
1.848631613686274378e+01,0.000000000000000000e+00
1.999820925122075010e+01,0.000000000000000000e+00
2.025378047392845460e+01,0.000000000000000000e+00
2.146353470821316023e+01,0.000000000000000000e+00
1.749000848000890684e+01,0.000000000000000000e+00
2.117917579274399742e+01,0.000000000000000000e+00
1.914793939637512210e+01,0.000000000000000000e+00
2.019797015331980816e+01,0.000000000000000000e+00
1.989627225328689875e+01,0.000000000000000000e+00
2.131347660170935399e+01,0.000000000000000000e+00
1.658144707277843821e+01,0.000000000000000000e+00
1.781542597557180585e+01,0.000000000000000000e+00
2.421345290188973109e+01,0.000000000000000000e+00
2.107251732992162374e+01,0.000000000000000000e+00
1.604318720373496276e+01,0.000000000000000000e+00
1.940494505218935828e+01,0.000000000000000000e+00
1.785536811118351253e+01,0.000000000000000000e+00
2.230382772936945557e+01,0.000000000000000000e+00
2.026728283905341144e+01,0.000000000000000000e+00
1.820656906366294336e+01,0.000000000000000000e+00
1.836144488435805044e+01,0.000000000000000000e+00
1.773106779887930173e+01,0.000000000000000000e+00
2.461325003456779115e+01,0.000000000000000000e+00
2.121868471357701225e+01,0.000000000000000000e+00
2.090898495845101834e+01,0.000000000000000000e+00
1.936929147743306601e+01,0.000000000000000000e+00
1.818372411831859381e+01,0.000000000000000000e+00
2.399524274091469422e+01,0.000000000000000000e+00
2.147306499546102998e+01,0.000000000000000000e+00
2.033912989479801325e+01,0.000000000000000000e+00
1.959629315317030773e+01,0.000000000000000000e+00
2.269494991006194340e+01,0.000000000000000000e+00
1.961258478807253880e+01,0.000000000000000000e+00
2.360176329790773053e+01,0.000000000000000000e+00
1.759400906793089803e+01,0.000000000000000000e+00
1.945804334188669316e+01,0.000000000000000000e+00
1.949845714150422538e+01,0.000000000000000000e+00
2.064848211449714910e+01,0.000000000000000000e+00
2.358293916912527521e+01,0.000000000000000000e+00
1.882492137037537461e+01,0.000000000000000000e+00
2.107865163224006722e+01,0.000000000000000000e+00
1.968159893116460424e+01,0.000000000000000000e+00
2.212688253302697561e+01,0.000000000000000000e+00
1.993736176146904526e+01,0.000000000000000000e+00
2.555777540025843209e+01,0.000000000000000000e+00
1.664362061489513422e+01,0.000000000000000000e+00
1.984802558782073945e+01,0.000000000000000000e+00
2.043638752185148988e+01,0.000000000000000000e+00
1.882720809570601261e+01,0.000000000000000000e+00
2.191639287795646496e+01,0.000000000000000000e+00
1.852025160598393683e+01,0.000000000000000000e+00
1.780015264159592192e+01,0.000000000000000000e+00
2.009432317026059778e+01,0.000000000000000000e+00
1.964429163813143120e+01,0.000000000000000000e+00
1.763476470665588636e+01,0.000000000000000000e+00
1.953343151212608220e+01,0.000000000000000000e+00
1.848208934788385704e+01,0.000000000000000000e+00
2.000372252339525758e+01,0.000000000000000000e+00
2.327844876090163240e+01,0.000000000000000000e+00
2.048113102409039854e+01,0.000000000000000000e+00
2.201968668484581571e+01,0.000000000000000000e+00
2.132402094382808144e+01,0.000000000000000000e+00
1.837743307849991581e+01,0.000000000000000000e+00
2.190779399870488220e+01,0.000000000000000000e+00
2.178666903299594892e+01,0.000000000000000000e+00
2.037539541142556843e+01,0.000000000000000000e+00
1.897780045589876963e+01,0.000000000000000000e+00
1.865944678444365934e+01,0.000000000000000000e+00
1.587155686000020971e+01,0.000000000000000000e+00
1.905453860267866517e+01,0.000000000000000000e+00
2.024751880648864244e+01,0.000000000000000000e+00
1.768214009962201771e+01,0.000000000000000000e+00
1.989398758330560213e+01,0.000000000000000000e+00
1.946196296437029716e+01,0.000000000000000000e+00
2.322734678028215782e+01,0.000000000000000000e+00
2.231011131464546438e+01,0.000000000000000000e+00
1.999010663947852251e+01,0.000000000000000000e+00
2.255477287182773694e+01,0.000000000000000000e+00
2.203357871558620928e+01,0.000000000000000000e+00
2.214765583971903595e+01,0.000000000000000000e+00
2.162897673025262790e+01,0.000000000000000000e+00
1.964335155756322138e+01,0.000000000000000000e+00
2.153523646172329364e+01,0.000000000000000000e+00
2.189269754005622914e+01,0.000000000000000000e+00
2.040073855785798429e+01,0.000000000000000000e+00
1.735617095343161509e+01,0.000000000000000000e+00
2.095318985338363760e+01,0.000000000000000000e+00
1.872026033301632353e+01,0.000000000000000000e+00
1.770431621994011806e+01,0.000000000000000000e+00
1.850464079713544407e+01,0.000000000000000000e+00
1.897957260258096568e+01,0.000000000000000000e+00
2.109362324303474523e+01,0.000000000000000000e+00
1.932576244098622809e+01,0.000000000000000000e+00
1.940607016044208777e+01,0.000000000000000000e+00
2.139374076094847510e+01,0.000000000000000000e+00
1.985929344002308738e+01,0.000000000000000000e+00
2.119551967366005485e+01,0.000000000000000000e+00
2.136082346025880696e+01,0.000000000000000000e+00
1.774544983679486876e+01,0.000000000000000000e+00
1.987430202806835311e+01,0.000000000000000000e+00
2.202610340878882056e+01,0.000000000000000000e+00
2.177246944537869666e+01,0.000000000000000000e+00
1.999098964743269846e+01,0.000000000000000000e+00
2.106356294300199039e+01,0.000000000000000000e+00
2.005862189580339816e+01,0.000000000000000000e+00
2.105389163638990269e+01,0.000000000000000000e+00
2.196561166732169568e+01,0.000000000000000000e+00
2.028850341216202580e+01,0.000000000000000000e+00
2.126592343983155331e+01,0.000000000000000000e+00
2.215565376365456984e+01,0.000000000000000000e+00
2.037037111072865159e+01,0.000000000000000000e+00
1.907865132996992941e+01,0.000000000000000000e+00
2.034710050810544857e+01,0.000000000000000000e+00
2.155807681206990267e+01,0.000000000000000000e+00
1.960275648866723941e+01,0.000000000000000000e+00
1.790048026611563259e+01,0.000000000000000000e+00
2.336904245177069939e+01,0.000000000000000000e+00
1.823443282176027225e+01,0.000000000000000000e+00
2.151145109012172441e+01,0.000000000000000000e+00
2.327654542535478654e+01,0.000000000000000000e+00
2.267899567691846130e+01,0.000000000000000000e+00
2.112593162899602817e+01,0.000000000000000000e+00
2.095223290735095745e+01,0.000000000000000000e+00
1.913152013301776933e+01,0.000000000000000000e+00
1.996302560102794388e+01,0.000000000000000000e+00
1.917695508241057922e+01,0.000000000000000000e+00
1.960665637251432258e+01,0.000000000000000000e+00
2.368980669689221941e+01,0.000000000000000000e+00
2.011106012754573769e+01,0.000000000000000000e+00
2.357942675591873538e+01,0.000000000000000000e+00
1.831947658678668489e+01,0.000000000000000000e+00
2.457435109549967933e+01,0.000000000000000000e+00
2.165930369349452889e+01,0.000000000000000000e+00
1.830861800346963619e+01,0.000000000000000000e+00
1.832044706803080558e+01,0.000000000000000000e+00
2.431165077153698206e+01,0.000000000000000000e+00
2.126494375288046967e+01,0.000000000000000000e+00
1.976256361639574166e+01,0.000000000000000000e+00
2.360203364915208013e+01,0.000000000000000000e+00
1.922617183639826166e+01,0.000000000000000000e+00
1.932468032122588042e+01,0.000000000000000000e+00
1.938415151427753003e+01,0.000000000000000000e+00
2.572367301118945448e+01,0.000000000000000000e+00
2.185764731161377483e+01,0.000000000000000000e+00
2.171180347342508199e+01,0.000000000000000000e+00
1.706197711471761380e+01,0.000000000000000000e+00
2.091834699144862952e+01,0.000000000000000000e+00
2.117470518819249037e+01,0.000000000000000000e+00
2.152807029423740914e+01,0.000000000000000000e+00
1.941382432750216935e+01,0.000000000000000000e+00
2.121979205400233681e+01,0.000000000000000000e+00
2.201361940432563458e+01,0.000000000000000000e+00
2.094401796542600991e+01,0.000000000000000000e+00
2.125200229160215670e+01,0.000000000000000000e+00
1.499046908236356224e+01,0.000000000000000000e+00
2.113853752355108639e+01,0.000000000000000000e+00
2.224238809019069407e+01,0.000000000000000000e+00
2.138616147642790111e+01,0.000000000000000000e+00
2.077422217664135573e+01,0.000000000000000000e+00
2.374443841624774620e+01,0.000000000000000000e+00
2.089364874989412968e+01,0.000000000000000000e+00
1.707853804149565491e+01,0.000000000000000000e+00
1.993199441751382395e+01,0.000000000000000000e+00
2.294690133120235842e+01,0.000000000000000000e+00
1.957813028281783474e+01,0.000000000000000000e+00
2.284367654705842909e+01,0.000000000000000000e+00
2.184010001399557765e+01,0.000000000000000000e+00
2.295081037861280393e+01,0.000000000000000000e+00
2.012759985580831668e+01,0.000000000000000000e+00
2.237468936890132554e+01,0.000000000000000000e+00
1.869880916978924645e+01,0.000000000000000000e+00
2.205515275003462250e+01,0.000000000000000000e+00
2.473282832928483188e+01,0.000000000000000000e+00
1.863576066772733242e+01,0.000000000000000000e+00
2.312725307235848504e+01,0.000000000000000000e+00
2.155431867222098674e+01,0.000000000000000000e+00
2.288286827268381884e+01,0.000000000000000000e+00
2.380910285470286780e+01,0.000000000000000000e+00
2.064790579586908947e+01,0.000000000000000000e+00
2.041875809402623432e+01,0.000000000000000000e+00
1.770523031111468626e+01,0.000000000000000000e+00
1.929667540891177424e+01,0.000000000000000000e+00
2.283569111985788425e+01,0.000000000000000000e+00
2.288251649193335524e+01,0.000000000000000000e+00
2.171448224593634535e+01,0.000000000000000000e+00
1.998574102016030807e+01,0.000000000000000000e+00
2.429539569400237298e+01,0.000000000000000000e+00
2.105138525613146783e+01,0.000000000000000000e+00
2.147290934644031069e+01,0.000000000000000000e+00
1.867843655025744454e+01,0.000000000000000000e+00
2.269517385083055316e+01,0.000000000000000000e+00
2.407791440622492374e+01,0.000000000000000000e+00
2.299357585919305791e+01,0.000000000000000000e+00
2.275279168177755196e+01,0.000000000000000000e+00
2.158451829435727021e+01,0.000000000000000000e+00
2.396598175443781642e+01,0.000000000000000000e+00
1.987744000422326707e+01,0.000000000000000000e+00
2.255230534930712594e+01,0.000000000000000000e+00
2.033487333122791085e+01,0.000000000000000000e+00
2.231222861930541157e+01,0.000000000000000000e+00
2.596314208899971376e+01,0.000000000000000000e+00
2.557725537688595452e+01,0.000000000000000000e+00
1.784750418484379964e+01,0.000000000000000000e+00
2.300510902494710663e+01,0.000000000000000000e+00
2.498223343840202304e+01,0.000000000000000000e+00
2.042913346379835460e+01,0.000000000000000000e+00
2.083895189048693197e+01,0.000000000000000000e+00
1.870206101358757422e+01,0.000000000000000000e+00
2.135662791320107345e+01,0.000000000000000000e+00
1.932273219039439738e+01,0.000000000000000000e+00
2.017449822365345113e+01,0.000000000000000000e+00
2.426582105105974208e+01,0.000000000000000000e+00
2.010080864752823970e+01,0.000000000000000000e+00
2.361444651904699299e+01,0.000000000000000000e+00
2.293657133485145039e+01,0.000000000000000000e+00
2.372300875670076792e+01,0.000000000000000000e+00
2.325812983841503723e+01,0.000000000000000000e+00
2.509565571214307056e+01,0.000000000000000000e+00
2.060196867664214793e+01,0.000000000000000000e+00
2.380643304446009267e+01,0.000000000000000000e+00
2.230231972776607563e+01,0.000000000000000000e+00
3.027196887672649694e+01,0.000000000000000000e+00
2.125716921396655223e+01,0.000000000000000000e+00
2.098962505759324770e+01,0.000000000000000000e+00
2.409794007005182337e+01,0.000000000000000000e+00
2.078543130531908290e+01,0.000000000000000000e+00
2.500170706155424938e+01,0.000000000000000000e+00
2.472392152403251231e+01,0.000000000000000000e+00
2.342166862244431869e+01,0.000000000000000000e+00
2.446592553005949355e+01,0.000000000000000000e+00
2.198005318808472808e+01,0.000000000000000000e+00
2.489180271905337349e+01,0.000000000000000000e+00
2.340815141691803092e+01,0.000000000000000000e+00
2.257335323878998423e+01,0.000000000000000000e+00
2.194685334845206270e+01,0.000000000000000000e+00
2.287516291391490952e+01,0.000000000000000000e+00
2.419414836809655256e+01,0.000000000000000000e+00
2.372433936824436884e+01,0.000000000000000000e+00
2.363237845029360429e+01,0.000000000000000000e+00
2.685753550304755777e+01,0.000000000000000000e+00
2.440757560895818301e+01,0.000000000000000000e+00
2.381047617836216190e+01,0.000000000000000000e+00
2.137298049249181275e+01,0.000000000000000000e+00
2.016347497809152856e+01,0.000000000000000000e+00
2.481876538089531437e+01,0.000000000000000000e+00
2.311605574438335609e+01,0.000000000000000000e+00
2.086927003097405731e+01,0.000000000000000000e+00
2.155322553428013421e+01,0.000000000000000000e+00
2.410349090021729523e+01,0.000000000000000000e+00
2.235165508160121561e+01,0.000000000000000000e+00
2.857514211554168071e+01,0.000000000000000000e+00
2.317630168246625288e+01,0.000000000000000000e+00
2.413874089066008466e+01,0.000000000000000000e+00
2.613783842457802464e+01,0.000000000000000000e+00
2.491363799413491265e+01,0.000000000000000000e+00
2.338346541129617506e+01,0.000000000000000000e+00
2.629269222708311560e+01,0.000000000000000000e+00
1.942235839803003472e+01,0.000000000000000000e+00
3.055875982611856045e+01,0.000000000000000000e+00
2.373243990849891460e+01,0.000000000000000000e+00
2.610280771493039964e+01,0.000000000000000000e+00
2.695247022812002768e+01,0.000000000000000000e+00
3.148063407887558895e+01,0.000000000000000000e+00
2.432749915858212830e+01,0.000000000000000000e+00
2.336197991520518258e+01,0.000000000000000000e+00
2.375631611732078952e+01,0.000000000000000000e+00
2.788229988794762804e+01,0.000000000000000000e+00
2.529937735520460151e+01,0.000000000000000000e+00
2.507470229673127449e+01,0.000000000000000000e+00
2.597576741750415152e+01,0.000000000000000000e+00
2.339846664881081750e+01,0.000000000000000000e+00
2.745166476630059194e+01,0.000000000000000000e+00
2.602707431210293265e+01,0.000000000000000000e+00
2.296567565225076990e+01,0.000000000000000000e+00
2.830048756656668729e+01,0.000000000000000000e+00
2.438055006260756485e+01,0.000000000000000000e+00
2.122761654434893686e+01,0.000000000000000000e+00
2.205035897450026283e+01,0.000000000000000000e+00
2.852037369599910477e+01,0.000000000000000000e+00
2.630170751648117644e+01,0.000000000000000000e+00
2.891501282990186183e+01,0.000000000000000000e+00
2.249261261432819481e+01,0.000000000000000000e+00
2.486945943837905659e+01,0.000000000000000000e+00
2.466422352303262500e+01,0.000000000000000000e+00
2.436675860471352095e+01,0.000000000000000000e+00
2.643441658926808913e+01,0.000000000000000000e+00
2.543832031277805683e+01,0.000000000000000000e+00
2.763785521100569653e+01,0.000000000000000000e+00
2.679332109478411894e+01,0.000000000000000000e+00
2.694351900301651881e+01,0.000000000000000000e+00
2.324332515348609007e+01,0.000000000000000000e+00
2.299700327196723038e+01,0.000000000000000000e+00
3.067177624763229105e+01,0.000000000000000000e+00
2.399909820185734688e+01,0.000000000000000000e+00
2.764936226198523528e+01,0.000000000000000000e+00
2.723704173516469496e+01,0.000000000000000000e+00
2.946809793707673109e+01,0.000000000000000000e+00
2.237716746465940432e+01,0.000000000000000000e+00
2.689441203380646073e+01,0.000000000000000000e+00
2.267488031820451511e+01,0.000000000000000000e+00
2.837591049400941401e+01,0.000000000000000000e+00
2.626281243822377576e+01,0.000000000000000000e+00
2.291779157731054184e+01,0.000000000000000000e+00
3.129547812883196301e+01,0.000000000000000000e+00
2.662885616075791262e+01,0.000000000000000000e+00
2.930169420396417479e+01,0.000000000000000000e+00
2.813931937119630078e+01,0.000000000000000000e+00
2.799741039727384262e+01,0.000000000000000000e+00
3.061364795659776306e+01,0.000000000000000000e+00
2.682605951714918291e+01,0.000000000000000000e+00
2.641149506182499707e+01,0.000000000000000000e+00
2.549723634837485520e+01,0.000000000000000000e+00
2.544760716227551001e+01,0.000000000000000000e+00
2.582647002432119976e+01,0.000000000000000000e+00
2.650751032534002505e+01,0.000000000000000000e+00
2.689478510963304103e+01,0.000000000000000000e+00
2.492989609705232468e+01,0.000000000000000000e+00
2.928263540225613326e+01,0.000000000000000000e+00
2.530403396969637697e+01,0.000000000000000000e+00
2.918621454458892472e+01,0.000000000000000000e+00
2.653398617584398522e+01,0.000000000000000000e+00
2.928485595997038615e+01,0.000000000000000000e+00
2.624882751287713489e+01,0.000000000000000000e+00
2.968736671569266150e+01,0.000000000000000000e+00
2.502502481286383329e+01,0.000000000000000000e+00
2.837679221680880914e+01,0.000000000000000000e+00
2.565521278130802685e+01,0.000000000000000000e+00
3.053234790404001586e+01,0.000000000000000000e+00
2.926018660267371985e+01,0.000000000000000000e+00
2.635894135770213609e+01,0.000000000000000000e+00
2.812557105167902449e+01,0.000000000000000000e+00
2.532367719016657759e+01,0.000000000000000000e+00
2.939057483012058469e+01,0.000000000000000000e+00
2.775779736608217618e+01,0.000000000000000000e+00
2.838560430339876106e+01,0.000000000000000000e+00
2.693317966227737514e+01,0.000000000000000000e+00
2.955243696753759153e+01,0.000000000000000000e+00
2.604914646650692234e+01,0.000000000000000000e+00
2.736271733471358303e+01,0.000000000000000000e+00
2.869892895763245022e+01,0.000000000000000000e+00
2.809230457144489534e+01,0.000000000000000000e+00
2.883501480709239928e+01,0.000000000000000000e+00
3.221237554442261342e+01,0.000000000000000000e+00
2.935278593462429342e+01,0.000000000000000000e+00
2.936845573065738435e+01,0.000000000000000000e+00
2.940505157197804920e+01,0.000000000000000000e+00
2.851675907649040553e+01,0.000000000000000000e+00
3.157115238799133650e+01,0.000000000000000000e+00
2.899762896757502872e+01,0.000000000000000000e+00
3.014364351511206408e+01,0.000000000000000000e+00
3.010164525718580109e+01,0.000000000000000000e+00
2.679123041806959549e+01,0.000000000000000000e+00
2.988274572832685649e+01,0.000000000000000000e+00
3.175778251990658774e+01,0.000000000000000000e+00
3.277606133014938905e+01,0.000000000000000000e+00
3.020939386477924771e+01,0.000000000000000000e+00
3.254242496900786819e+01,0.000000000000000000e+00
3.156145858535795057e+01,0.000000000000000000e+00
2.971375188503500198e+01,0.000000000000000000e+00
3.094388126956047458e+01,0.000000000000000000e+00
3.125828464097945414e+01,0.000000000000000000e+00
2.908657273773091845e+01,0.000000000000000000e+00
2.802886166843318350e+01,0.000000000000000000e+00
2.998978107444696306e+01,0.000000000000000000e+00
2.788011239578339584e+01,0.000000000000000000e+00
2.972425533996920066e+01,0.000000000000000000e+00
2.943441885260569890e+01,0.000000000000000000e+00
3.138488685180332993e+01,0.000000000000000000e+00
3.475057510315915010e+01,0.000000000000000000e+00
2.973279554049451434e+01,0.000000000000000000e+00
3.006055479385328866e+01,0.000000000000000000e+00
3.090034576143382949e+01,0.000000000000000000e+00
3.268413034574365383e+01,0.000000000000000000e+00
3.037112285869709538e+01,0.000000000000000000e+00
2.850566025785658297e+01,0.000000000000000000e+00
3.192193917017148763e+01,0.000000000000000000e+00
3.338315628800157242e+01,0.000000000000000000e+00
2.977217468434192327e+01,0.000000000000000000e+00
3.335595875186222514e+01,0.000000000000000000e+00
3.448684704636630016e+01,0.000000000000000000e+00
3.204192471561656674e+01,0.000000000000000000e+00
3.022380831823123515e+01,0.000000000000000000e+00
3.268209014772914855e+01,0.000000000000000000e+00
3.192321061694622841e+01,0.000000000000000000e+00
3.541784597144378210e+01,0.000000000000000000e+00
3.191131709207593303e+01,0.000000000000000000e+00
3.060381570483001568e+01,0.000000000000000000e+00
3.014817944378325620e+01,0.000000000000000000e+00
3.089592399767380826e+01,0.000000000000000000e+00
3.053772160914156331e+01,0.000000000000000000e+00
3.221670600835810205e+01,0.000000000000000000e+00
3.064411721799541510e+01,0.000000000000000000e+00
2.840606655960223748e+01,0.000000000000000000e+00
2.899432492033960784e+01,0.000000000000000000e+00
3.113706216924610004e+01,0.000000000000000000e+00
3.021147865604127958e+01,0.000000000000000000e+00
3.048877660560521008e+01,0.000000000000000000e+00
3.359420473597766232e+01,0.000000000000000000e+00
3.297478242425356854e+01,0.000000000000000000e+00
3.221062012982001477e+01,0.000000000000000000e+00
3.393581448175836357e+01,0.000000000000000000e+00
3.416165465868450468e+01,0.000000000000000000e+00
3.321265951737294131e+01,0.000000000000000000e+00
3.285200489341951169e+01,0.000000000000000000e+00
3.582319270448994786e+01,0.000000000000000000e+00
3.391465336782876250e+01,0.000000000000000000e+00
3.257385564841011671e+01,0.000000000000000000e+00
3.263356115245152012e+01,0.000000000000000000e+00
3.501534623337150265e+01,0.000000000000000000e+00
3.587460143034954285e+01,0.000000000000000000e+00
3.148707149767987445e+01,0.000000000000000000e+00
3.470545483184763924e+01,0.000000000000000000e+00
3.180468136603173690e+01,0.000000000000000000e+00
3.251533202109141030e+01,0.000000000000000000e+00
3.348431315880219472e+01,0.000000000000000000e+00
3.091909161056171484e+01,0.000000000000000000e+00
3.356791547969639566e+01,0.000000000000000000e+00
3.154187700185887167e+01,0.000000000000000000e+00
3.374489008372323440e+01,0.000000000000000000e+00
3.432569260439272085e+01,0.000000000000000000e+00
3.319950346882845338e+01,0.000000000000000000e+00
3.159609191642319814e+01,0.000000000000000000e+00
3.439243112078839459e+01,0.000000000000000000e+00
3.105501383792505621e+01,0.000000000000000000e+00
3.678825067620584832e+01,0.000000000000000000e+00
3.371717793479341196e+01,0.000000000000000000e+00
3.523260042635660483e+01,0.000000000000000000e+00
3.774239668342114840e+01,0.000000000000000000e+00
3.484783352593769479e+01,0.000000000000000000e+00
3.689073560988457245e+01,0.000000000000000000e+00
3.853246404685324222e+01,0.000000000000000000e+00
3.751691374083809905e+01,0.000000000000000000e+00
3.390428997796037436e+01,0.000000000000000000e+00
3.226066569732893896e+01,0.000000000000000000e+00
3.755503400466004393e+01,0.000000000000000000e+00
3.359175802381237474e+01,0.000000000000000000e+00
3.549086908205873669e+01,0.000000000000000000e+00
3.433288889227871721e+01,0.000000000000000000e+00
3.714661107435253484e+01,0.000000000000000000e+00
3.334578534330011479e+01,0.000000000000000000e+00
3.497528718465006392e+01,0.000000000000000000e+00
3.789626538958724211e+01,0.000000000000000000e+00
3.710118368282917345e+01,0.000000000000000000e+00
3.841236357890659292e+01,0.000000000000000000e+00
3.500483659570723916e+01,0.000000000000000000e+00
3.219167125654912098e+01,0.000000000000000000e+00
3.327368641142018646e+01,0.000000000000000000e+00
3.424969101076845845e+01,0.000000000000000000e+00
3.558842851808480390e+01,0.000000000000000000e+00
3.604462308800519565e+01,0.000000000000000000e+00
3.304047558434002241e+01,0.000000000000000000e+00
3.627770387865857060e+01,0.000000000000000000e+00
3.882458381269366043e+01,0.000000000000000000e+00
3.652660671915321444e+01,0.000000000000000000e+00
3.536804133251998650e+01,0.000000000000000000e+00
3.832513166743538591e+01,0.000000000000000000e+00
3.428775208196388036e+01,0.000000000000000000e+00
3.723192698621870278e+01,0.000000000000000000e+00
3.549432651681989626e+01,0.000000000000000000e+00
3.452538055309273801e+01,0.000000000000000000e+00
3.918330218480718941e+01,0.000000000000000000e+00
3.608476762009448890e+01,0.000000000000000000e+00
3.748625818278897981e+01,0.000000000000000000e+00
3.597889420177843078e+01,0.000000000000000000e+00
3.696120858719417157e+01,0.000000000000000000e+00
3.559162522885527125e+01,0.000000000000000000e+00
3.618403063357869343e+01,0.000000000000000000e+00
3.412166821744710177e+01,0.000000000000000000e+00
3.783277866287105695e+01,0.000000000000000000e+00
4.263340140984024629e+01,0.000000000000000000e+00
3.630528965977431000e+01,0.000000000000000000e+00
3.558347346101663078e+01,0.000000000000000000e+00
3.988901475578632727e+01,0.000000000000000000e+00
3.411463487955845864e+01,0.000000000000000000e+00
3.969352754249471360e+01,0.000000000000000000e+00
3.804455946258607213e+01,0.000000000000000000e+00
4.030002331338375399e+01,0.000000000000000000e+00
3.368890370010748114e+01,0.000000000000000000e+00
3.872309807718914243e+01,0.000000000000000000e+00
3.587043092471307659e+01,0.000000000000000000e+00
3.755047531931864313e+01,0.000000000000000000e+00
3.729832306101679507e+01,0.000000000000000000e+00
3.893777772693550787e+01,0.000000000000000000e+00
3.730488138444499668e+01,0.000000000000000000e+00
3.948220664514799694e+01,0.000000000000000000e+00
3.592254433757696575e+01,0.000000000000000000e+00
4.184756553962432690e+01,0.000000000000000000e+00
3.790834598228062902e+01,0.000000000000000000e+00
3.731400864073052048e+01,0.000000000000000000e+00
4.230094940855728680e+01,0.000000000000000000e+00
3.844957436821986363e+01,0.000000000000000000e+00
3.644938616195459957e+01,0.000000000000000000e+00
4.005079614105677166e+01,0.000000000000000000e+00
4.006373593962932489e+01,0.000000000000000000e+00
3.986246622484960511e+01,0.000000000000000000e+00
3.752190782350462683e+01,0.000000000000000000e+00
4.219203595966359899e+01,0.000000000000000000e+00
3.905413986459389974e+01,0.000000000000000000e+00
3.822895740283510690e+01,0.000000000000000000e+00
4.040868138478681004e+01,0.000000000000000000e+00
4.116494007073409733e+01,0.000000000000000000e+00
3.981096026403578492e+01,0.000000000000000000e+00
3.947935155268403662e+01,0.000000000000000000e+00
3.981819820534924048e+01,0.000000000000000000e+00
3.919592341959066317e+01,0.000000000000000000e+00
4.053429418341077195e+01,0.000000000000000000e+00
3.502219678624946653e+01,0.000000000000000000e+00
4.136439619200613294e+01,0.000000000000000000e+00
3.984699251559473510e+01,0.000000000000000000e+00
3.988525280419323593e+01,0.000000000000000000e+00
4.249655122022111442e+01,0.000000000000000000e+00
3.501904075771658142e+01,0.000000000000000000e+00
4.479267747738296634e+01,0.000000000000000000e+00
3.904961751476956522e+01,0.000000000000000000e+00
4.160057869086494264e+01,0.000000000000000000e+00
4.031584757684417042e+01,0.000000000000000000e+00
3.568924786282215678e+01,0.000000000000000000e+00
4.170771890804021353e+01,0.000000000000000000e+00
4.302165630212362402e+01,0.000000000000000000e+00
3.950256241996626017e+01,0.000000000000000000e+00
3.718999786158148169e+01,0.000000000000000000e+00
4.254457390509208636e+01,0.000000000000000000e+00
4.102988577675674264e+01,0.000000000000000000e+00
3.959587145479232362e+01,0.000000000000000000e+00
4.322967546302432851e+01,0.000000000000000000e+00
3.674040257935836706e+01,0.000000000000000000e+00
3.948206474739365746e+01,0.000000000000000000e+00
4.125697890742370788e+01,0.000000000000000000e+00
4.561601596046792650e+01,0.000000000000000000e+00
3.944041892464895938e+01,0.000000000000000000e+00
4.203375642799060330e+01,0.000000000000000000e+00
4.072846538161812191e+01,0.000000000000000000e+00
4.371367732644043258e+01,0.000000000000000000e+00
4.435441445680594796e+01,0.000000000000000000e+00
4.011176692184610459e+01,0.000000000000000000e+00
3.979345704902961245e+01,0.000000000000000000e+00
4.309053067232738954e+01,0.000000000000000000e+00
4.062251227914310192e+01,0.000000000000000000e+00
4.630453728330913776e+01,0.000000000000000000e+00
3.816609548577466882e+01,0.000000000000000000e+00
4.343783375437482164e+01,0.000000000000000000e+00
3.915081246088949030e+01,0.000000000000000000e+00
4.372398053546836394e+01,0.000000000000000000e+00
4.622811626038421906e+01,0.000000000000000000e+00
4.830869350422634767e+01,0.000000000000000000e+00
4.367628645563686263e+01,0.000000000000000000e+00
4.464192861835415727e+01,0.000000000000000000e+00
4.417959757027202983e+01,0.000000000000000000e+00
4.432960929743129697e+01,0.000000000000000000e+00
4.002715124515053446e+01,0.000000000000000000e+00
4.069514487777271938e+01,0.000000000000000000e+00
4.220713184471815538e+01,0.000000000000000000e+00
4.507722378973271304e+01,0.000000000000000000e+00
4.574288075203949688e+01,0.000000000000000000e+00
4.257307957035563817e+01,0.000000000000000000e+00
4.429509361704051429e+01,0.000000000000000000e+00
4.577909368946849611e+01,0.000000000000000000e+00
4.474470719044118283e+01,0.000000000000000000e+00
4.190556785994222366e+01,0.000000000000000000e+00
4.677206977224496143e+01,0.000000000000000000e+00
4.502210042474776941e+01,0.000000000000000000e+00
4.413351276685663294e+01,0.000000000000000000e+00
4.560536053700533188e+01,0.000000000000000000e+00
4.641431532199941756e+01,0.000000000000000000e+00
4.368776555584987165e+01,0.000000000000000000e+00
4.725324767513656354e+01,0.000000000000000000e+00
4.826284815951679974e+01,0.000000000000000000e+00
4.291881847880642198e+01,0.000000000000000000e+00
4.044049003884131110e+01,0.000000000000000000e+00
4.057700004068624366e+01,0.000000000000000000e+00
4.412201127697108660e+01,0.000000000000000000e+00
4.506988696936331706e+01,0.000000000000000000e+00
5.097442873490058446e+01,0.000000000000000000e+00
4.738682608901140725e+01,0.000000000000000000e+00
4.252861940460843471e+01,0.000000000000000000e+00
4.617033282685222417e+01,0.000000000000000000e+00
4.416269488918096897e+01,0.000000000000000000e+00
4.450860485125105726e+01,0.000000000000000000e+00
4.382615445652345443e+01,0.000000000000000000e+00
4.775664546428328805e+01,0.000000000000000000e+00
4.383328424645455357e+01,0.000000000000000000e+00
4.444871756222139680e+01,0.000000000000000000e+00
4.484534734363348463e+01,0.000000000000000000e+00
4.830861763839723011e+01,0.000000000000000000e+00
4.563541500828895892e+01,0.000000000000000000e+00
4.804945012948289218e+01,0.000000000000000000e+00
4.960698032863735563e+01,0.000000000000000000e+00
4.583497454710854413e+01,0.000000000000000000e+00
4.697306586076743429e+01,0.000000000000000000e+00
4.730828631504167703e+01,0.000000000000000000e+00
4.549277715034317993e+01,0.000000000000000000e+00
4.579553394842152159e+01,0.000000000000000000e+00
4.702331139517119141e+01,0.000000000000000000e+00
4.777218757435034746e+01,0.000000000000000000e+00
4.540742291213022241e+01,0.000000000000000000e+00
4.747418110407472369e+01,0.000000000000000000e+00
4.847833855170153328e+01,0.000000000000000000e+00
4.860533027437382714e+01,0.000000000000000000e+00
4.612602347518901524e+01,0.000000000000000000e+00
4.655678377356729669e+01,0.000000000000000000e+00
4.640807107031749013e+01,0.000000000000000000e+00
4.780795417780659307e+01,0.000000000000000000e+00
4.843585033798026984e+01,0.000000000000000000e+00
4.546866306671098101e+01,0.000000000000000000e+00
4.730578770447090875e+01,0.000000000000000000e+00
4.799803973467464147e+01,0.000000000000000000e+00
4.932740358040986450e+01,0.000000000000000000e+00
4.601429239599531229e+01,0.000000000000000000e+00
4.671437627304932505e+01,0.000000000000000000e+00
4.699924455374140564e+01,0.000000000000000000e+00
4.618447050418357236e+01,0.000000000000000000e+00
4.874119487286782260e+01,0.000000000000000000e+00
4.678235449237624977e+01,0.000000000000000000e+00
4.941529022951599615e+01,0.000000000000000000e+00
4.740276431421056458e+01,0.000000000000000000e+00
4.737843729734535003e+01,0.000000000000000000e+00
5.154375886502748472e+01,0.000000000000000000e+00
4.979533422497873829e+01,0.000000000000000000e+00
4.763460900469109305e+01,0.000000000000000000e+00
5.198212988431577486e+01,0.000000000000000000e+00
4.877226901172827667e+01,0.000000000000000000e+00
5.166097079965697247e+01,0.000000000000000000e+00
4.956765372397804015e+01,0.000000000000000000e+00
5.121460710165025887e+01,0.000000000000000000e+00
4.897577683845211283e+01,0.000000000000000000e+00
5.130757734434329365e+01,0.000000000000000000e+00
4.746044347523061901e+01,0.000000000000000000e+00
4.995846708431876237e+01,0.000000000000000000e+00
4.713698615716880624e+01,0.000000000000000000e+00
5.028139546423514616e+01,0.000000000000000000e+00
5.195487718743895300e+01,0.000000000000000000e+00
5.235435938867102124e+01,0.000000000000000000e+00
5.138457417445696507e+01,0.000000000000000000e+00
5.191152001606022992e+01,0.000000000000000000e+00
5.332791557386629222e+01,0.000000000000000000e+00
5.173863883420594334e+01,0.000000000000000000e+00
5.379821111182901205e+01,0.000000000000000000e+00
4.981896698361855869e+01,0.000000000000000000e+00
4.706222540483005190e+01,0.000000000000000000e+00
5.005424436300248203e+01,0.000000000000000000e+00
5.098874150662764038e+01,0.000000000000000000e+00
4.619246016174338365e+01,0.000000000000000000e+00
5.074914045919133798e+01,0.000000000000000000e+00
5.267240955961865012e+01,0.000000000000000000e+00
4.999159870723109123e+01,0.000000000000000000e+00
4.893432704725375970e+01,0.000000000000000000e+00
4.977376391873553274e+01,0.000000000000000000e+00
5.256231214102584914e+01,0.000000000000000000e+00
5.089822442744728193e+01,0.000000000000000000e+00
5.063780160354245652e+01,0.000000000000000000e+00
4.933817418524967024e+01,0.000000000000000000e+00
5.024518326939777069e+01,0.000000000000000000e+00
5.218629813698158415e+01,0.000000000000000000e+00
5.345250265640916609e+01,0.000000000000000000e+00
5.149528562446970170e+01,0.000000000000000000e+00
5.388648455772698753e+01,0.000000000000000000e+00
5.184216452789632967e+01,0.000000000000000000e+00
5.303511195668426126e+01,0.000000000000000000e+00
5.492108999356987908e+01,0.000000000000000000e+00
5.063857338468010028e+01,0.000000000000000000e+00
5.312597094673022724e+01,0.000000000000000000e+00
4.712136892868386440e+01,0.000000000000000000e+00
5.170860128830302216e+01,0.000000000000000000e+00
5.203090413555811722e+01,0.000000000000000000e+00
5.311189827112141160e+01,0.000000000000000000e+00
5.238432448122760832e+01,0.000000000000000000e+00
5.406448592762404814e+01,0.000000000000000000e+00
5.574881939927032448e+01,0.000000000000000000e+00
5.344068395750832678e+01,0.000000000000000000e+00
5.424770369086483157e+01,0.000000000000000000e+00
5.052860924509850804e+01,0.000000000000000000e+00
5.317402869783181529e+01,0.000000000000000000e+00
5.371790494421980355e+01,0.000000000000000000e+00
5.428502438011923203e+01,0.000000000000000000e+00
5.762124790415089848e+01,0.000000000000000000e+00
5.657364215704640742e+01,0.000000000000000000e+00
5.298375225164326707e+01,0.000000000000000000e+00
5.185205693225255175e+01,0.000000000000000000e+00
5.260117947007262984e+01,0.000000000000000000e+00
5.360852909787684695e+01,0.000000000000000000e+00
5.319341487417694481e+01,0.000000000000000000e+00
5.204290168038846787e+01,0.000000000000000000e+00
5.283376165905707467e+01,0.000000000000000000e+00
5.775322573665585679e+01,0.000000000000000000e+00
5.291217163813377766e+01,0.000000000000000000e+00
5.410849040787326913e+01,0.000000000000000000e+00
5.561413514940320368e+01,0.000000000000000000e+00
5.680654136294585754e+01,0.000000000000000000e+00
5.541124739285491074e+01,0.000000000000000000e+00
5.417328036471668895e+01,0.000000000000000000e+00
5.250906087095933827e+01,0.000000000000000000e+00
5.099282179762630562e+01,0.000000000000000000e+00
5.241982312827403945e+01,0.000000000000000000e+00
5.690030651054440369e+01,0.000000000000000000e+00
5.579426248317790993e+01,0.000000000000000000e+00
5.890481027054536867e+01,0.000000000000000000e+00
5.563098328071289700e+01,0.000000000000000000e+00
5.251288034735525656e+01,0.000000000000000000e+00
5.400602361357100278e+01,0.000000000000000000e+00
5.651158650881922085e+01,0.000000000000000000e+00
5.206108411451655371e+01,0.000000000000000000e+00
5.681221241679108402e+01,0.000000000000000000e+00
5.806032503778000375e+01,0.000000000000000000e+00
5.408998649059527253e+01,0.000000000000000000e+00
6.050438885307769965e+01,0.000000000000000000e+00
5.776768133091198365e+01,0.000000000000000000e+00
5.519406530945753531e+01,0.000000000000000000e+00
5.598549047135944079e+01,0.000000000000000000e+00
5.823980108497423913e+01,0.000000000000000000e+00
5.924565873412394978e+01,0.000000000000000000e+00
5.384016515326957375e+01,0.000000000000000000e+00
5.606064678551167901e+01,0.000000000000000000e+00
5.430414680334975941e+01,0.000000000000000000e+00
5.750885430447761593e+01,0.000000000000000000e+00
5.865718946971747982e+01,0.000000000000000000e+00
5.990273923575031745e+01,0.000000000000000000e+00
5.606484973912800740e+01,0.000000000000000000e+00
5.711606929226214646e+01,0.000000000000000000e+00
5.393051850718284612e+01,0.000000000000000000e+00
5.618325302534032062e+01,0.000000000000000000e+00
5.615535697045783792e+01,0.000000000000000000e+00
5.672797202512632708e+01,0.000000000000000000e+00
5.892677297056372510e+01,0.000000000000000000e+00
5.870555779910176852e+01,0.000000000000000000e+00
6.049223919739030464e+01,0.000000000000000000e+00
5.864799993559844182e+01,0.000000000000000000e+00
5.488933503072217945e+01,0.000000000000000000e+00
5.525096002277634000e+01,0.000000000000000000e+00
5.488450031191545264e+01,0.000000000000000000e+00
5.820605867145942369e+01,0.000000000000000000e+00
5.545566958784210243e+01,0.000000000000000000e+00
5.798897566163287820e+01,0.000000000000000000e+00
5.796634244487645304e+01,0.000000000000000000e+00
5.837214916293902434e+01,0.000000000000000000e+00
5.957882915929160106e+01,0.000000000000000000e+00
5.705268776288865951e+01,0.000000000000000000e+00
5.830212626219640981e+01,0.000000000000000000e+00
6.383437214048124986e+01,0.000000000000000000e+00
5.725459540826012983e+01,0.000000000000000000e+00
5.788456274693530901e+01,0.000000000000000000e+00
5.994323969462396917e+01,0.000000000000000000e+00
5.897891508665476579e+01,0.000000000000000000e+00
5.418529422020974096e+01,0.000000000000000000e+00
6.193289317298046370e+01,0.000000000000000000e+00
5.811888819440927278e+01,0.000000000000000000e+00
5.983681841476531815e+01,0.000000000000000000e+00
6.052224619218340251e+01,0.000000000000000000e+00
5.412826284414567368e+01,0.000000000000000000e+00
6.130344703598513689e+01,0.000000000000000000e+00
5.719151489868583838e+01,0.000000000000000000e+00
5.664643443109444831e+01,0.000000000000000000e+00
5.821729840436619696e+01,0.000000000000000000e+00
5.684861892467344546e+01,0.000000000000000000e+00
6.095202793748794079e+01,0.000000000000000000e+00
5.824119598013442101e+01,0.000000000000000000e+00
6.073231988535818004e+01,0.000000000000000000e+00
5.587344744287564424e+01,0.000000000000000000e+00
6.372789537758752942e+01,0.000000000000000000e+00
6.120541182994312379e+01,0.000000000000000000e+00
5.621632825081619700e+01,0.000000000000000000e+00
5.984849732866156558e+01,0.000000000000000000e+00
6.016799077772071058e+01,0.000000000000000000e+00
6.331906052839156729e+01,0.000000000000000000e+00
5.824596633756419095e+01,0.000000000000000000e+00
5.896784135176040564e+01,0.000000000000000000e+00
6.258898719357507900e+01,0.000000000000000000e+00
5.857898222657924237e+01,0.000000000000000000e+00
5.869909482621665830e+01,0.000000000000000000e+00
6.506698894814866208e+01,0.000000000000000000e+00
6.328715714169852902e+01,0.000000000000000000e+00
6.037789865031199099e+01,0.000000000000000000e+00
6.273817716589867644e+01,0.000000000000000000e+00
6.051013716956805411e+01,0.000000000000000000e+00
5.981480462478314308e+01,0.000000000000000000e+00
6.202524147778925112e+01,0.000000000000000000e+00
6.098676565888625589e+01,0.000000000000000000e+00
6.222474522718903245e+01,0.000000000000000000e+00
6.237245281122923046e+01,0.000000000000000000e+00
6.206395653280915070e+01,0.000000000000000000e+00
6.116547702636910344e+01,0.000000000000000000e+00
6.200166656960576006e+01,0.000000000000000000e+00
6.300585721971308573e+01,0.000000000000000000e+00
6.395558689656850504e+01,0.000000000000000000e+00
5.965949327510192290e+01,0.000000000000000000e+00
6.240326728730092753e+01,0.000000000000000000e+00
6.082730972088906185e+01,0.000000000000000000e+00
6.428801132185849099e+01,0.000000000000000000e+00
6.292757032840406595e+01,0.000000000000000000e+00
6.519282062880331807e+01,0.000000000000000000e+00
6.476415090780457717e+01,0.000000000000000000e+00
6.339215514406013341e+01,0.000000000000000000e+00
6.256965838502537736e+01,0.000000000000000000e+00
6.458704661111588052e+01,0.000000000000000000e+00
6.051363971210623305e+01,0.000000000000000000e+00
6.268099702410241747e+01,0.000000000000000000e+00
6.238758723504633963e+01,0.000000000000000000e+00
6.183486838238454908e+01,0.000000000000000000e+00
6.089138437158126038e+01,0.000000000000000000e+00
6.444346342798066019e+01,0.000000000000000000e+00
6.122926312234015001e+01,0.000000000000000000e+00
6.282444811168708299e+01,0.000000000000000000e+00
6.291801761643466762e+01,0.000000000000000000e+00
6.249967217349792747e+01,0.000000000000000000e+00
5.951904701949011667e+01,0.000000000000000000e+00
6.463737232628221818e+01,0.000000000000000000e+00
6.221903302097749133e+01,0.000000000000000000e+00
6.419030037036186798e+01,0.000000000000000000e+00
6.422133834391875951e+01,0.000000000000000000e+00
6.449011231318064574e+01,0.000000000000000000e+00
5.952527857066859696e+01,0.000000000000000000e+00
6.352538926045247791e+01,0.000000000000000000e+00
5.814450258752559364e+01,0.000000000000000000e+00
6.476964207537207585e+01,0.000000000000000000e+00
6.616992243608936519e+01,0.000000000000000000e+00
6.069993383418173494e+01,0.000000000000000000e+00
6.163530307831573651e+01,0.000000000000000000e+00
6.878941990887500424e+01,0.000000000000000000e+00
6.650497708453356438e+01,0.000000000000000000e+00
6.090054459377000029e+01,0.000000000000000000e+00
6.626666885041730382e+01,0.000000000000000000e+00
6.608510884569294319e+01,0.000000000000000000e+00
6.502793777356562543e+01,0.000000000000000000e+00
5.954031999253712826e+01,0.000000000000000000e+00
6.552750967565604867e+01,0.000000000000000000e+00
6.245828021423522358e+01,0.000000000000000000e+00
6.189453477935285974e+01,0.000000000000000000e+00
6.423806191496599638e+01,0.000000000000000000e+00
6.412781060391584731e+01,0.000000000000000000e+00
6.600368854422364961e+01,0.000000000000000000e+00
6.732992396908808530e+01,0.000000000000000000e+00
6.269990661377195096e+01,0.000000000000000000e+00
6.753293385525722670e+01,0.000000000000000000e+00
6.572622136809677329e+01,0.000000000000000000e+00
6.493548642260107329e+01,0.000000000000000000e+00
6.751026218711719196e+01,0.000000000000000000e+00
6.396225554663288193e+01,0.000000000000000000e+00
6.730577024815812592e+01,0.000000000000000000e+00
6.635037065337074580e+01,0.000000000000000000e+00
6.667774227931130326e+01,0.000000000000000000e+00
6.605088118709923606e+01,0.000000000000000000e+00
6.265520120872262311e+01,0.000000000000000000e+00
6.774283772991775265e+01,0.000000000000000000e+00
6.191747494969055055e+01,0.000000000000000000e+00
6.664734327630219468e+01,0.000000000000000000e+00
6.882999166914167688e+01,0.000000000000000000e+00
6.645779388161474799e+01,0.000000000000000000e+00
6.996295039613774236e+01,0.000000000000000000e+00
6.436350727748407508e+01,0.000000000000000000e+00
6.626173303440798179e+01,0.000000000000000000e+00
6.563622306189415667e+01,0.000000000000000000e+00
6.333818861278351875e+01,0.000000000000000000e+00
6.675448790565545210e+01,0.000000000000000000e+00
6.589366095988857808e+01,0.000000000000000000e+00
6.460867797842527693e+01,0.000000000000000000e+00
6.739626355435731853e+01,0.000000000000000000e+00
7.148977803532115161e+01,0.000000000000000000e+00
6.606242823768424444e+01,0.000000000000000000e+00
6.466005786827709301e+01,0.000000000000000000e+00
6.574283459280663067e+01,0.000000000000000000e+00
7.003099212718714739e+01,0.000000000000000000e+00
6.916979917667308086e+01,0.000000000000000000e+00
6.811904493726370902e+01,0.000000000000000000e+00
6.774661879327011604e+01,0.000000000000000000e+00
7.145874802426286010e+01,0.000000000000000000e+00
7.162993368519906312e+01,0.000000000000000000e+00
6.624100576172314447e+01,0.000000000000000000e+00
6.831821373729597724e+01,0.000000000000000000e+00
6.662959464718078095e+01,0.000000000000000000e+00
6.968364290749909173e+01,0.000000000000000000e+00
6.917594104345994310e+01,0.000000000000000000e+00
6.856066151642059481e+01,0.000000000000000000e+00
6.734297717613662826e+01,0.000000000000000000e+00
7.011299893472410361e+01,0.000000000000000000e+00
6.798485694888388764e+01,0.000000000000000000e+00
7.017417840591585332e+01,0.000000000000000000e+00
6.775440753657957771e+01,0.000000000000000000e+00
7.074158826599510519e+01,0.000000000000000000e+00
6.885690177089155384e+01,0.000000000000000000e+00
6.440733380888026716e+01,0.000000000000000000e+00
6.764557602450959450e+01,0.000000000000000000e+00
6.864214685459501197e+01,0.000000000000000000e+00
6.898601919861300757e+01,0.000000000000000000e+00
6.895638380046547411e+01,0.000000000000000000e+00
7.075556330076112488e+01,0.000000000000000000e+00
6.783905166566781020e+01,0.000000000000000000e+00
6.587272478859979685e+01,0.000000000000000000e+00
6.719617836467284633e+01,0.000000000000000000e+00
7.260418539054015241e+01,0.000000000000000000e+00
6.853654631829515154e+01,0.000000000000000000e+00
6.934226581135872891e+01,0.000000000000000000e+00
6.856941306955984317e+01,0.000000000000000000e+00
6.950059111293096237e+01,0.000000000000000000e+00
7.571874526496523572e+01,0.000000000000000000e+00
6.850479411616370840e+01,0.000000000000000000e+00
7.036320479671887540e+01,0.000000000000000000e+00
7.108337327750813017e+01,0.000000000000000000e+00
6.793507052631136389e+01,0.000000000000000000e+00
7.198436740775177611e+01,0.000000000000000000e+00
6.904103333499645601e+01,0.000000000000000000e+00
7.489094728845527982e+01,0.000000000000000000e+00
6.611429731391734776e+01,0.000000000000000000e+00
6.811175100245526437e+01,0.000000000000000000e+00
7.118868820696570765e+01,0.000000000000000000e+00
7.357924998874065636e+01,0.000000000000000000e+00
6.902491354439689530e+01,0.000000000000000000e+00
7.185659042079673497e+01,0.000000000000000000e+00
6.935820088038298081e+01,0.000000000000000000e+00
7.359882552058932959e+01,0.000000000000000000e+00
7.448190922257411728e+01,0.000000000000000000e+00
7.154005376556072804e+01,0.000000000000000000e+00
6.787483075806925115e+01,0.000000000000000000e+00
7.013280646749984726e+01,0.000000000000000000e+00
6.875491284557639915e+01,0.000000000000000000e+00
6.666409136292176640e+01,0.000000000000000000e+00
6.904478840643496085e+01,0.000000000000000000e+00
7.570029177481067961e+01,0.000000000000000000e+00
7.224390717231482029e+01,0.000000000000000000e+00
7.012330483724295505e+01,0.000000000000000000e+00
7.505301695115186078e+01,0.000000000000000000e+00
6.657665725467646212e+01,0.000000000000000000e+00
7.192147047384341363e+01,0.000000000000000000e+00
7.133687153628893896e+01,0.000000000000000000e+00
6.901598157344660933e+01,0.000000000000000000e+00
6.698956700888618343e+01,0.000000000000000000e+00
7.341611023517474166e+01,0.000000000000000000e+00
7.206797645157529075e+01,0.000000000000000000e+00
6.956790390883807618e+01,0.000000000000000000e+00
7.282813139729219643e+01,0.000000000000000000e+00
7.463352138006958114e+01,0.000000000000000000e+00
7.007681798852601673e+01,0.000000000000000000e+00
7.132080544054714721e+01,0.000000000000000000e+00
7.115715895884675035e+01,0.000000000000000000e+00
7.086888866146209409e+01,0.000000000000000000e+00
7.081014796128320654e+01,0.000000000000000000e+00
7.230045751160166390e+01,0.000000000000000000e+00
7.331220378338431942e+01,0.000000000000000000e+00
7.143514343453037441e+01,0.000000000000000000e+00
7.129766102700440911e+01,0.000000000000000000e+00
7.101620140997678732e+01,0.000000000000000000e+00
7.342039218932552558e+01,0.000000000000000000e+00
7.021332178879836761e+01,0.000000000000000000e+00
7.421107886671617848e+01,0.000000000000000000e+00
7.485540146574712139e+01,0.000000000000000000e+00
7.661243594764842157e+01,0.000000000000000000e+00
7.342154331020330460e+01,0.000000000000000000e+00
7.114279689476376234e+01,0.000000000000000000e+00
6.964195168909431288e+01,0.000000000000000000e+00
7.142152220807606966e+01,0.000000000000000000e+00
7.119270938069745114e+01,0.000000000000000000e+00
7.107269159428622629e+01,0.000000000000000000e+00
7.603754978346150040e+01,0.000000000000000000e+00
7.650078218780149086e+01,0.000000000000000000e+00
7.303845186803424383e+01,0.000000000000000000e+00
7.253832615870747702e+01,0.000000000000000000e+00
7.367941388364523903e+01,0.000000000000000000e+00
7.841900835956502647e+01,0.000000000000000000e+00
7.200275350928991713e+01,0.000000000000000000e+00
6.935180037244886364e+01,0.000000000000000000e+00
7.348180834719191523e+01,0.000000000000000000e+00
7.275624261685096883e+01,0.000000000000000000e+00
7.286177998606578399e+01,0.000000000000000000e+00
6.933358917870744165e+01,0.000000000000000000e+00
7.470030490035676962e+01,0.000000000000000000e+00
7.154967841294146069e+01,0.000000000000000000e+00
7.509188583653038052e+01,0.000000000000000000e+00
7.576356701326051279e+01,0.000000000000000000e+00
7.290960255868461104e+01,0.000000000000000000e+00
7.237856866901714170e+01,0.000000000000000000e+00
7.349790585347474803e+01,0.000000000000000000e+00
7.083836366528565520e+01,0.000000000000000000e+00
7.096045321348802304e+01,0.000000000000000000e+00
7.245240267538302703e+01,0.000000000000000000e+00
7.540843831962843069e+01,0.000000000000000000e+00
7.214774414881034659e+01,0.000000000000000000e+00
7.515820917801322310e+01,0.000000000000000000e+00
7.365928683405375921e+01,0.000000000000000000e+00
7.310062991796617382e+01,0.000000000000000000e+00
7.773141941885307915e+01,0.000000000000000000e+00
7.379493951859279832e+01,0.000000000000000000e+00
7.280882374376021460e+01,0.000000000000000000e+00
7.504241634467791755e+01,0.000000000000000000e+00
7.254486907814293772e+01,0.000000000000000000e+00
7.702573844166641948e+01,0.000000000000000000e+00
7.392593998643744158e+01,0.000000000000000000e+00
7.469247153107129122e+01,0.000000000000000000e+00
7.319294187325219525e+01,0.000000000000000000e+00
7.008002076081825749e+01,0.000000000000000000e+00
7.754901312177142358e+01,0.000000000000000000e+00
7.640069655117768832e+01,0.000000000000000000e+00
7.404268439293670667e+01,0.000000000000000000e+00
7.465476919392169464e+01,0.000000000000000000e+00
7.649738690948096576e+01,0.000000000000000000e+00
7.753562757220470303e+01,0.000000000000000000e+00
7.511167308122588793e+01,0.000000000000000000e+00
7.399953403599690205e+01,0.000000000000000000e+00
7.422657194499238642e+01,0.000000000000000000e+00
7.372437482274689557e+01,0.000000000000000000e+00
7.555700611045926962e+01,0.000000000000000000e+00
7.500843607010087055e+01,0.000000000000000000e+00
7.459036901559406374e+01,0.000000000000000000e+00
7.566746276697982410e+01,0.000000000000000000e+00
7.683264123012843072e+01,0.000000000000000000e+00
7.354450062138283783e+01,0.000000000000000000e+00
7.474346781461107980e+01,0.000000000000000000e+00
7.761053606238623104e+01,0.000000000000000000e+00
7.584515114948828796e+01,0.000000000000000000e+00
7.501152493963950008e+01,0.000000000000000000e+00
7.567481755655862230e+01,0.000000000000000000e+00
7.571742493169259092e+01,0.000000000000000000e+00
7.732718270677003147e+01,0.000000000000000000e+00
8.025077206761815773e+01,0.000000000000000000e+00
7.681286419382213637e+01,0.000000000000000000e+00
7.490836632827020480e+01,0.000000000000000000e+00
7.238908172125536566e+01,0.000000000000000000e+00
7.953852604205137311e+01,0.000000000000000000e+00
7.355960371171119050e+01,0.000000000000000000e+00
7.442518880538564474e+01,0.000000000000000000e+00
7.803528864143346766e+01,0.000000000000000000e+00
7.786896642424244419e+01,0.000000000000000000e+00
7.491075102969180932e+01,0.000000000000000000e+00
7.650264591209916887e+01,0.000000000000000000e+00
7.933565878686458461e+01,0.000000000000000000e+00
8.128951971379309782e+01,0.000000000000000000e+00
7.533052039315460036e+01,0.000000000000000000e+00
7.664311680225630141e+01,0.000000000000000000e+00
7.671383919436534882e+01,0.000000000000000000e+00
7.821526007469471153e+01,0.000000000000000000e+00
7.311505825403637004e+01,0.000000000000000000e+00
7.641778988819002905e+01,0.000000000000000000e+00
7.419071166992230815e+01,0.000000000000000000e+00
7.898577266954021070e+01,0.000000000000000000e+00
7.769263543798857086e+01,0.000000000000000000e+00
7.493179411056013350e+01,0.000000000000000000e+00
7.839775481587787453e+01,0.000000000000000000e+00
7.652592014184857305e+01,0.000000000000000000e+00
7.189238178454846206e+01,0.000000000000000000e+00
7.560407121372988115e+01,0.000000000000000000e+00
7.745720224056560710e+01,0.000000000000000000e+00
7.621675375071754388e+01,0.000000000000000000e+00
7.551244777067113034e+01,0.000000000000000000e+00
8.122879049518562056e+01,0.000000000000000000e+00
7.583067146966465089e+01,0.000000000000000000e+00
7.789489671465652521e+01,0.000000000000000000e+00
7.505327089716095657e+01,0.000000000000000000e+00
7.719371595372469130e+01,0.000000000000000000e+00
7.678930664681418250e+01,0.000000000000000000e+00
7.670455367171500427e+01,0.000000000000000000e+00
7.913963838580883703e+01,0.000000000000000000e+00
7.578762267623986304e+01,0.000000000000000000e+00
7.849669991431305505e+01,0.000000000000000000e+00
7.785212046391855267e+01,0.000000000000000000e+00
7.470063287610419422e+01,0.000000000000000000e+00
7.458232986151585919e+01,0.000000000000000000e+00
7.673959650614347083e+01,0.000000000000000000e+00
7.587476839299635856e+01,0.000000000000000000e+00
7.614436322477044428e+01,0.000000000000000000e+00
7.819661221115964622e+01,0.000000000000000000e+00
7.587314559914383949e+01,0.000000000000000000e+00
7.753355002000495233e+01,0.000000000000000000e+00
7.644159308259216346e+01,0.000000000000000000e+00
7.558970750780304115e+01,0.000000000000000000e+00
7.959757153934087626e+01,0.000000000000000000e+00
7.666423259322495198e+01,0.000000000000000000e+00
7.734648544785419233e+01,0.000000000000000000e+00
7.827636627096646293e+01,0.000000000000000000e+00
7.692518603955035417e+01,0.000000000000000000e+00
7.539796763270665281e+01,0.000000000000000000e+00
7.859500274243241336e+01,0.000000000000000000e+00
7.891271497894179276e+01,0.000000000000000000e+00
7.403896335969704978e+01,0.000000000000000000e+00
8.113869091760579977e+01,0.000000000000000000e+00
7.462535627573141994e+01,0.000000000000000000e+00
8.063737394430178540e+01,0.000000000000000000e+00
7.773378127875056975e+01,0.000000000000000000e+00
7.812335842668396424e+01,0.000000000000000000e+00
7.547324288541008741e+01,0.000000000000000000e+00
7.977332093566391791e+01,0.000000000000000000e+00
7.837857817840253460e+01,0.000000000000000000e+00
8.003839189821731281e+01,0.000000000000000000e+00
7.857038168717139115e+01,0.000000000000000000e+00
7.551731492183728278e+01,0.000000000000000000e+00
7.797683633476084708e+01,0.000000000000000000e+00
7.651390966985236730e+01,0.000000000000000000e+00
8.279774078706049067e+01,0.000000000000000000e+00
7.845245572422037128e+01,0.000000000000000000e+00
7.649808426949378770e+01,0.000000000000000000e+00
8.126460615515522079e+01,0.000000000000000000e+00
7.657695379073534525e+01,0.000000000000000000e+00
7.862239545053526513e+01,0.000000000000000000e+00
7.874926327796266889e+01,0.000000000000000000e+00
7.749722698761490847e+01,0.000000000000000000e+00
7.678551226190178625e+01,0.000000000000000000e+00
7.966632078784689952e+01,0.000000000000000000e+00
8.049907753384405851e+01,0.000000000000000000e+00
7.844805569941487988e+01,0.000000000000000000e+00
7.915345224669576396e+01,0.000000000000000000e+00
8.116919238798338654e+01,0.000000000000000000e+00
7.900829386490082129e+01,0.000000000000000000e+00
7.608716560362894654e+01,0.000000000000000000e+00
7.525447144245291042e+01,0.000000000000000000e+00
7.701904265245765657e+01,0.000000000000000000e+00
7.855853565632118318e+01,0.000000000000000000e+00
7.677786410028166131e+01,0.000000000000000000e+00
8.031526999089832941e+01,0.000000000000000000e+00
8.296247433732031595e+01,0.000000000000000000e+00
8.009473472855063392e+01,0.000000000000000000e+00
7.910457551319194636e+01,0.000000000000000000e+00
7.842488842208638289e+01,0.000000000000000000e+00
7.584162783629105320e+01,0.000000000000000000e+00
7.871987924156194083e+01,0.000000000000000000e+00
7.889982846185777987e+01,0.000000000000000000e+00
7.949613383506411424e+01,0.000000000000000000e+00
8.050713159131359475e+01,0.000000000000000000e+00
7.795454259299063438e+01,0.000000000000000000e+00
7.758304467269867644e+01,0.000000000000000000e+00
7.708931602400257077e+01,0.000000000000000000e+00
8.371403895505370940e+01,0.000000000000000000e+00
7.689742097147509980e+01,0.000000000000000000e+00
7.727873760234905376e+01,0.000000000000000000e+00
7.887622145662511741e+01,0.000000000000000000e+00
7.973012856871673648e+01,0.000000000000000000e+00
8.216093692459186570e+01,0.000000000000000000e+00
8.243779982882257684e+01,0.000000000000000000e+00
8.049096556745793407e+01,0.000000000000000000e+00
7.845964280648780687e+01,0.000000000000000000e+00
7.946365999127267798e+01,0.000000000000000000e+00
8.008437342572226214e+01,0.000000000000000000e+00
8.163440847989359384e+01,0.000000000000000000e+00
8.075075940650897621e+01,0.000000000000000000e+00
7.890813847020601202e+01,0.000000000000000000e+00
7.680590901820016825e+01,0.000000000000000000e+00
7.809590469200689711e+01,0.000000000000000000e+00
7.871400650989210135e+01,0.000000000000000000e+00
7.829824251503615073e+01,0.000000000000000000e+00
8.042631629827756967e+01,0.000000000000000000e+00
8.002095556054968029e+01,0.000000000000000000e+00
8.205331120261486433e+01,0.000000000000000000e+00
7.830089027165283255e+01,0.000000000000000000e+00
7.766602139713742758e+01,0.000000000000000000e+00
8.193989144729570739e+01,0.000000000000000000e+00
7.778994236653447558e+01,0.000000000000000000e+00
8.081828608257403346e+01,0.000000000000000000e+00
7.955504183249624361e+01,0.000000000000000000e+00
7.712433414409169075e+01,0.000000000000000000e+00
8.029164614183687831e+01,0.000000000000000000e+00
8.426178254996486316e+01,0.000000000000000000e+00
8.000330334200842231e+01,0.000000000000000000e+00
8.210161279783184796e+01,0.000000000000000000e+00
7.808129209575969298e+01,0.000000000000000000e+00
8.167690830578546013e+01,0.000000000000000000e+00
8.149436747320163477e+01,0.000000000000000000e+00
7.923975820767192602e+01,0.000000000000000000e+00
8.066245561373057171e+01,0.000000000000000000e+00
8.303932164521283710e+01,0.000000000000000000e+00
7.850295444443388249e+01,0.000000000000000000e+00
7.701289961202012080e+01,0.000000000000000000e+00
7.793144682502001785e+01,0.000000000000000000e+00
7.790895867873135217e+01,0.000000000000000000e+00
8.046135614778566492e+01,0.000000000000000000e+00
8.265667697393330116e+01,0.000000000000000000e+00
7.578944071824589912e+01,0.000000000000000000e+00
7.776786424849987611e+01,0.000000000000000000e+00
7.679306012977659179e+01,0.000000000000000000e+00
7.795969435844902762e+01,0.000000000000000000e+00
7.776811187472878828e+01,0.000000000000000000e+00
8.206496600918714535e+01,0.000000000000000000e+00
8.237183144878393648e+01,0.000000000000000000e+00
8.062699113066386758e+01,0.000000000000000000e+00
7.989298241235971432e+01,0.000000000000000000e+00
7.997397908035985381e+01,0.000000000000000000e+00
8.115948235694879997e+01,0.000000000000000000e+00
7.831014279734520755e+01,0.000000000000000000e+00
8.010154770177368277e+01,0.000000000000000000e+00
7.792296232417388069e+01,0.000000000000000000e+00
7.842869462796353730e+01,0.000000000000000000e+00
8.092455873790255794e+01,0.000000000000000000e+00
7.828918586622776843e+01,0.000000000000000000e+00
7.879115483268610376e+01,0.000000000000000000e+00
7.660387067407961581e+01,0.000000000000000000e+00
8.013674450609158839e+01,0.000000000000000000e+00
7.983895089221856267e+01,0.000000000000000000e+00
8.111735605618903833e+01,0.000000000000000000e+00
7.823167207508406307e+01,0.000000000000000000e+00
7.815941606786695672e+01,0.000000000000000000e+00
7.951800953809838290e+01,0.000000000000000000e+00
7.845970589940068862e+01,0.000000000000000000e+00
7.842680152018262163e+01,0.000000000000000000e+00
7.955864768514143748e+01,0.000000000000000000e+00
7.844266137894997826e+01,0.000000000000000000e+00
8.349010827843846982e+01,0.000000000000000000e+00
7.828491853922302823e+01,0.000000000000000000e+00
8.117731841313037933e+01,0.000000000000000000e+00
8.373062584696828026e+01,0.000000000000000000e+00
7.937088106080561545e+01,0.000000000000000000e+00
7.991845419504011261e+01,0.000000000000000000e+00
7.733436505092646485e+01,0.000000000000000000e+00
7.991251845191314374e+01,0.000000000000000000e+00
8.123941450231482975e+01,0.000000000000000000e+00
7.804358689463398946e+01,0.000000000000000000e+00
8.081267733502465944e+01,0.000000000000000000e+00
7.921200983477756097e+01,0.000000000000000000e+00
8.092525462243688139e+01,0.000000000000000000e+00
8.088270952694594484e+01,0.000000000000000000e+00
7.919734712715448666e+01,0.000000000000000000e+00
8.078627465635071303e+01,0.000000000000000000e+00
7.959338814155535147e+01,0.000000000000000000e+00
7.755901903225912974e+01,0.000000000000000000e+00
7.859209921825947731e+01,0.000000000000000000e+00
7.560345138593100955e+01,0.000000000000000000e+00
8.001639518506233628e+01,0.000000000000000000e+00
7.822835624777769681e+01,0.000000000000000000e+00
8.145804714592645723e+01,0.000000000000000000e+00
7.936727805374101763e+01,0.000000000000000000e+00
8.268250298499856399e+01,0.000000000000000000e+00
7.931110291817718405e+01,0.000000000000000000e+00
8.278325956210525760e+01,0.000000000000000000e+00
7.863223893065787706e+01,0.000000000000000000e+00
8.248997619421875527e+01,0.000000000000000000e+00
7.652583760417522285e+01,0.000000000000000000e+00
7.896230393154706917e+01,0.000000000000000000e+00
8.061952122369980600e+01,0.000000000000000000e+00
8.204308354447297802e+01,0.000000000000000000e+00
7.657711229310527301e+01,0.000000000000000000e+00
7.843773521712485319e+01,0.000000000000000000e+00
7.538325757351427114e+01,0.000000000000000000e+00
7.950327649638627747e+01,0.000000000000000000e+00
8.033611137175583394e+01,0.000000000000000000e+00
7.901902047770715853e+01,0.000000000000000000e+00
8.003627444780364897e+01,0.000000000000000000e+00
8.087206841365426158e+01,0.000000000000000000e+00
7.865831397708842587e+01,0.000000000000000000e+00
7.948705585395792639e+01,0.000000000000000000e+00
7.876129041007452258e+01,0.000000000000000000e+00
7.998664896614917552e+01,0.000000000000000000e+00
7.728977488397018192e+01,0.000000000000000000e+00
7.975645149286017954e+01,0.000000000000000000e+00
8.082747842136092231e+01,0.000000000000000000e+00
7.914390701661062621e+01,0.000000000000000000e+00
7.987003154626688683e+01,0.000000000000000000e+00
7.726611132364949697e+01,0.000000000000000000e+00
7.372274989734765427e+01,0.000000000000000000e+00
8.105959868723972761e+01,0.000000000000000000e+00
7.853515691139742216e+01,0.000000000000000000e+00
8.463233907876225715e+01,0.000000000000000000e+00
7.887757813501997362e+01,0.000000000000000000e+00
7.935794040493900070e+01,0.000000000000000000e+00
7.789923733096574665e+01,0.000000000000000000e+00
8.252232981860271366e+01,0.000000000000000000e+00
8.210858063224240766e+01,0.000000000000000000e+00
8.175552956408644434e+01,0.000000000000000000e+00
7.941559871275900662e+01,0.000000000000000000e+00
7.746068355048153364e+01,0.000000000000000000e+00
7.945818529932253682e+01,0.000000000000000000e+00
7.794722663275864249e+01,0.000000000000000000e+00
7.677433515150485732e+01,0.000000000000000000e+00
7.590569201767793572e+01,0.000000000000000000e+00
7.663713387317969250e+01,0.000000000000000000e+00
8.014809356838597409e+01,0.000000000000000000e+00
8.253246154515043997e+01,0.000000000000000000e+00
8.108155568460357188e+01,0.000000000000000000e+00
8.232940031973309658e+01,0.000000000000000000e+00
8.104119360556209983e+01,0.000000000000000000e+00
8.071643005477461941e+01,0.000000000000000000e+00
7.639136480582131128e+01,0.000000000000000000e+00
7.994697394920774514e+01,0.000000000000000000e+00
7.825343194171769312e+01,0.000000000000000000e+00
7.887085477687169544e+01,0.000000000000000000e+00
8.063006344810983705e+01,0.000000000000000000e+00
8.238621837625257172e+01,0.000000000000000000e+00
8.112213870497762969e+01,0.000000000000000000e+00
7.797670889617050705e+01,0.000000000000000000e+00
8.100624217376680747e+01,0.000000000000000000e+00
8.062670819647691189e+01,0.000000000000000000e+00
7.777275279208201653e+01,0.000000000000000000e+00
7.920190582176229555e+01,0.000000000000000000e+00
7.934984552538372782e+01,0.000000000000000000e+00
7.757669644426735545e+01,0.000000000000000000e+00
8.136145378269948480e+01,0.000000000000000000e+00
7.866488921330842743e+01,0.000000000000000000e+00
7.725695681510370605e+01,0.000000000000000000e+00
8.277562971254153013e+01,0.000000000000000000e+00
8.207503611917198327e+01,0.000000000000000000e+00
8.218215698042983774e+01,0.000000000000000000e+00
7.618556750152364998e+01,0.000000000000000000e+00
7.947964514494917410e+01,0.000000000000000000e+00
7.789666278058911075e+01,0.000000000000000000e+00
8.217869972300752579e+01,0.000000000000000000e+00
8.165668325307842679e+01,0.000000000000000000e+00
7.550769893486462081e+01,0.000000000000000000e+00
8.047927909010790870e+01,0.000000000000000000e+00
7.949851744970553113e+01,0.000000000000000000e+00
7.658185029055310622e+01,0.000000000000000000e+00
7.614960594956176010e+01,0.000000000000000000e+00
7.901864338242455688e+01,0.000000000000000000e+00
7.908913450714636895e+01,0.000000000000000000e+00
7.819003775027405823e+01,0.000000000000000000e+00
8.063306915049220436e+01,0.000000000000000000e+00
8.095036066877368341e+01,0.000000000000000000e+00
7.938206907106381038e+01,0.000000000000000000e+00
8.048910361987871909e+01,0.000000000000000000e+00
7.734740280098810672e+01,0.000000000000000000e+00
7.461858740527527800e+01,0.000000000000000000e+00
8.130227867396736485e+01,0.000000000000000000e+00
7.774519140537762496e+01,0.000000000000000000e+00
7.557573905347247489e+01,0.000000000000000000e+00
7.502018798849225334e+01,0.000000000000000000e+00
7.763642490180249922e+01,0.000000000000000000e+00
8.108655718319300831e+01,0.000000000000000000e+00
7.613065145692711155e+01,0.000000000000000000e+00
7.956716059873569691e+01,0.000000000000000000e+00
7.966186899083425033e+01,0.000000000000000000e+00
8.062582572617674259e+01,0.000000000000000000e+00
8.157514940835288542e+01,0.000000000000000000e+00
7.908658576684057095e+01,0.000000000000000000e+00
7.869403219966025631e+01,0.000000000000000000e+00
7.863927004075118532e+01,0.000000000000000000e+00
7.989053960593841452e+01,0.000000000000000000e+00
7.915910528516536715e+01,0.000000000000000000e+00
8.324802604656002813e+01,0.000000000000000000e+00
7.987765215042973921e+01,0.000000000000000000e+00
7.556398436406909980e+01,0.000000000000000000e+00
7.633521282035316347e+01,0.000000000000000000e+00
7.752929038324592170e+01,0.000000000000000000e+00
8.021831992033614256e+01,0.000000000000000000e+00
7.745139662164945094e+01,0.000000000000000000e+00
7.903526727635362192e+01,0.000000000000000000e+00
7.805380595600919946e+01,0.000000000000000000e+00
8.079243448633870628e+01,0.000000000000000000e+00
7.932232286804479315e+01,0.000000000000000000e+00
7.705636315771356237e+01,0.000000000000000000e+00
7.916954567807283638e+01,0.000000000000000000e+00
8.013163877067258056e+01,0.000000000000000000e+00
7.885463254404338329e+01,0.000000000000000000e+00
8.013525230443150349e+01,0.000000000000000000e+00
7.820606134895577100e+01,0.000000000000000000e+00
7.417403021020155052e+01,0.000000000000000000e+00
7.761747007006043475e+01,0.000000000000000000e+00
7.784094433359496179e+01,0.000000000000000000e+00
8.061370134820614908e+01,0.000000000000000000e+00
7.864999220125726254e+01,0.000000000000000000e+00
7.573293160599884288e+01,0.000000000000000000e+00
8.155736443339567643e+01,0.000000000000000000e+00
7.845666602140275359e+01,0.000000000000000000e+00
7.823363290182842888e+01,0.000000000000000000e+00
8.047958210903652798e+01,0.000000000000000000e+00
7.947600565202064615e+01,0.000000000000000000e+00
7.990955333533815974e+01,0.000000000000000000e+00
7.845021616521546548e+01,0.000000000000000000e+00
7.862595475402089562e+01,0.000000000000000000e+00
7.720979382755217557e+01,0.000000000000000000e+00
7.844402627632538838e+01,0.000000000000000000e+00
7.801967252150315346e+01,0.000000000000000000e+00
7.229448029101538964e+01,0.000000000000000000e+00
7.750542566732146099e+01,0.000000000000000000e+00
7.687982949580177205e+01,0.000000000000000000e+00
7.857974424156827808e+01,0.000000000000000000e+00
7.727413886782009911e+01,0.000000000000000000e+00
7.294827969349159957e+01,0.000000000000000000e+00
7.910337915214653037e+01,0.000000000000000000e+00
7.712631060448134690e+01,0.000000000000000000e+00
7.680304706671309134e+01,0.000000000000000000e+00
7.895084276393777145e+01,0.000000000000000000e+00
7.712468234313527660e+01,0.000000000000000000e+00
7.882351439679895577e+01,0.000000000000000000e+00
7.390032269300697010e+01,0.000000000000000000e+00
7.826275595632037607e+01,0.000000000000000000e+00
7.927864866360141605e+01,0.000000000000000000e+00
7.616013032211543532e+01,0.000000000000000000e+00
7.181550548055227523e+01,0.000000000000000000e+00
7.757284471658950054e+01,0.000000000000000000e+00
7.711347518928479872e+01,0.000000000000000000e+00
7.747124749318871295e+01,0.000000000000000000e+00
7.655457454444186283e+01,0.000000000000000000e+00
7.256617206642086160e+01,0.000000000000000000e+00
7.667160052138623882e+01,0.000000000000000000e+00
8.017369486660672351e+01,0.000000000000000000e+00
8.035502663855692163e+01,0.000000000000000000e+00
7.665134023519534878e+01,0.000000000000000000e+00
7.688541999378115577e+01,0.000000000000000000e+00
7.772500024249018225e+01,0.000000000000000000e+00
7.655105989759101703e+01,0.000000000000000000e+00
7.589697749179433117e+01,0.000000000000000000e+00
8.022588112067431609e+01,0.000000000000000000e+00
7.859649835762768078e+01,0.000000000000000000e+00
7.900228033421683449e+01,0.000000000000000000e+00
7.254717269002156854e+01,0.000000000000000000e+00
7.579978665550893879e+01,0.000000000000000000e+00
7.709789552927959733e+01,0.000000000000000000e+00
7.534207689815561082e+01,0.000000000000000000e+00
7.809151831494416740e+01,0.000000000000000000e+00
7.635744120162885906e+01,0.000000000000000000e+00
7.593317504666360662e+01,0.000000000000000000e+00
7.462400824278702771e+01,0.000000000000000000e+00
7.617563701334493942e+01,0.000000000000000000e+00
7.886626736464596377e+01,0.000000000000000000e+00
7.934832209839004236e+01,0.000000000000000000e+00
7.624491448937864391e+01,0.000000000000000000e+00
7.520920549940473165e+01,0.000000000000000000e+00
7.300715902365978138e+01,0.000000000000000000e+00
7.539592318977160801e+01,0.000000000000000000e+00
7.448649456563055082e+01,0.000000000000000000e+00
7.722888175265417487e+01,0.000000000000000000e+00
7.554968854483669816e+01,0.000000000000000000e+00
7.813300679882166833e+01,0.000000000000000000e+00
7.711797513737232634e+01,0.000000000000000000e+00
7.463852123481073875e+01,0.000000000000000000e+00
7.300238313030233428e+01,0.000000000000000000e+00
7.322323968437186181e+01,0.000000000000000000e+00
7.584804816322849774e+01,0.000000000000000000e+00
7.343498538768722028e+01,0.000000000000000000e+00
7.415591026264573316e+01,0.000000000000000000e+00
7.597733180281852583e+01,0.000000000000000000e+00
7.426447285349227911e+01,0.000000000000000000e+00
7.163052654298645905e+01,0.000000000000000000e+00
7.416021133387833686e+01,0.000000000000000000e+00
7.512055228436688026e+01,0.000000000000000000e+00
7.552933573245705645e+01,0.000000000000000000e+00
7.041338346274280013e+01,0.000000000000000000e+00
7.276176295799007221e+01,0.000000000000000000e+00
7.450653121690901060e+01,0.000000000000000000e+00
7.925569798064239535e+01,0.000000000000000000e+00
7.798611308607820547e+01,0.000000000000000000e+00
7.653536522975370815e+01,0.000000000000000000e+00
7.318424764973397600e+01,0.000000000000000000e+00
8.196540483153755474e+01,0.000000000000000000e+00
7.206754346518846432e+01,0.000000000000000000e+00
7.261040526910795734e+01,0.000000000000000000e+00
7.291692525797890312e+01,0.000000000000000000e+00
7.373891929743884077e+01,0.000000000000000000e+00
7.333538515439340699e+01,0.000000000000000000e+00
7.565920212485724505e+01,0.000000000000000000e+00
7.173931166131819737e+01,0.000000000000000000e+00
7.536491395779800939e+01,0.000000000000000000e+00
7.521296248983384203e+01,0.000000000000000000e+00
7.446990326420986150e+01,0.000000000000000000e+00
7.252913674727329862e+01,0.000000000000000000e+00
7.414922321681652306e+01,0.000000000000000000e+00
7.441493285063091889e+01,0.000000000000000000e+00
7.524998490386550998e+01,0.000000000000000000e+00
7.538229466690160052e+01,0.000000000000000000e+00
7.405158688922220733e+01,0.000000000000000000e+00
7.114812154243182363e+01,0.000000000000000000e+00
7.182235372813266849e+01,0.000000000000000000e+00
7.522409327375791577e+01,0.000000000000000000e+00
7.425516297699435597e+01,0.000000000000000000e+00
7.242720761287679920e+01,0.000000000000000000e+00
7.365402129617882565e+01,0.000000000000000000e+00
7.084428865655176821e+01,0.000000000000000000e+00
7.674481141183564148e+01,0.000000000000000000e+00
7.300364306275498905e+01,0.000000000000000000e+00
6.988512691987325809e+01,0.000000000000000000e+00
7.534228286381630824e+01,0.000000000000000000e+00
7.294345995802268590e+01,0.000000000000000000e+00
7.184792839384621743e+01,0.000000000000000000e+00
7.244141020194560099e+01,0.000000000000000000e+00
7.032092608641680442e+01,0.000000000000000000e+00
7.364017883446042845e+01,0.000000000000000000e+00
7.499677857484026333e+01,0.000000000000000000e+00
7.286852598146828086e+01,0.000000000000000000e+00
7.106946319543959589e+01,0.000000000000000000e+00
7.437372842119771121e+01,0.000000000000000000e+00
7.224686211786588785e+01,0.000000000000000000e+00
7.239931760227426594e+01,0.000000000000000000e+00
7.467058624434960734e+01,0.000000000000000000e+00
7.308997099824139809e+01,0.000000000000000000e+00
7.386865146639438251e+01,0.000000000000000000e+00
7.112032077227793536e+01,0.000000000000000000e+00
7.129745150750960647e+01,0.000000000000000000e+00
7.559771496028854187e+01,0.000000000000000000e+00
7.022766333858228904e+01,0.000000000000000000e+00
7.173890104845183657e+01,0.000000000000000000e+00
7.280243245756931003e+01,0.000000000000000000e+00
7.330936967636870349e+01,0.000000000000000000e+00
7.289993761433741781e+01,0.000000000000000000e+00
7.185032542031598268e+01,0.000000000000000000e+00
7.321095461622422818e+01,0.000000000000000000e+00
7.247709028109039764e+01,0.000000000000000000e+00
7.368213337262626794e+01,0.000000000000000000e+00
7.327116585303235752e+01,0.000000000000000000e+00
7.003383559176270978e+01,0.000000000000000000e+00
7.222109937702407478e+01,0.000000000000000000e+00
7.393042024313814409e+01,0.000000000000000000e+00
7.043593658081238118e+01,0.000000000000000000e+00
6.974929508502440001e+01,0.000000000000000000e+00
7.188942121039295330e+01,0.000000000000000000e+00
7.007477219673224056e+01,0.000000000000000000e+00
7.570342837695156391e+01,0.000000000000000000e+00
7.165368374629971981e+01,0.000000000000000000e+00
6.937697488950458080e+01,0.000000000000000000e+00
7.172335318363113288e+01,0.000000000000000000e+00
7.497620545041789342e+01,0.000000000000000000e+00
7.273025488502538849e+01,0.000000000000000000e+00
6.920338226831330530e+01,0.000000000000000000e+00
6.712134911052243069e+01,0.000000000000000000e+00
7.134714696524279987e+01,0.000000000000000000e+00
7.185857661375892746e+01,0.000000000000000000e+00
7.347856067007961656e+01,0.000000000000000000e+00
6.921836988801918267e+01,0.000000000000000000e+00
6.760893732306823267e+01,0.000000000000000000e+00
7.366787678636363523e+01,0.000000000000000000e+00
7.102550365838135349e+01,0.000000000000000000e+00
7.142928260913721772e+01,0.000000000000000000e+00
7.027597229289223435e+01,0.000000000000000000e+00
7.286714963452037352e+01,0.000000000000000000e+00
7.059048268477496890e+01,0.000000000000000000e+00
6.721574472070646777e+01,0.000000000000000000e+00
6.983053885604019229e+01,0.000000000000000000e+00
7.153382853802945363e+01,0.000000000000000000e+00
6.865791304893244273e+01,0.000000000000000000e+00
7.034992924128603420e+01,0.000000000000000000e+00
7.029492975287605816e+01,0.000000000000000000e+00
6.925536323282054241e+01,0.000000000000000000e+00
7.067373853799186634e+01,0.000000000000000000e+00
6.850696308226227416e+01,0.000000000000000000e+00
7.059524978139214113e+01,0.000000000000000000e+00
6.953790648288435250e+01,0.000000000000000000e+00
6.989442138529722115e+01,0.000000000000000000e+00
6.621812809911118336e+01,0.000000000000000000e+00
6.917574849645387758e+01,0.000000000000000000e+00
7.102846751222806176e+01,0.000000000000000000e+00
6.771044339887556873e+01,0.000000000000000000e+00
6.974859622129937975e+01,0.000000000000000000e+00
6.550782586939702412e+01,0.000000000000000000e+00
7.097557380778208369e+01,0.000000000000000000e+00
6.695960256361104257e+01,0.000000000000000000e+00
7.015571554352634109e+01,0.000000000000000000e+00
7.136616335186774052e+01,0.000000000000000000e+00
6.966127287418385094e+01,0.000000000000000000e+00
6.348230422203283752e+01,0.000000000000000000e+00
7.010909727727815266e+01,0.000000000000000000e+00
7.265686155636761612e+01,0.000000000000000000e+00
6.710514708406680029e+01,0.000000000000000000e+00
6.656193151474290914e+01,0.000000000000000000e+00
6.958930543306503580e+01,0.000000000000000000e+00
6.934604943764091445e+01,0.000000000000000000e+00
6.908252847248273554e+01,0.000000000000000000e+00
6.980259290028195096e+01,0.000000000000000000e+00
7.021406393746913466e+01,0.000000000000000000e+00
6.895955424986031801e+01,0.000000000000000000e+00
6.808527377463624930e+01,0.000000000000000000e+00
6.897658444487825591e+01,0.000000000000000000e+00
6.758650997071181621e+01,0.000000000000000000e+00
6.730858310905959740e+01,0.000000000000000000e+00
6.867326589980908125e+01,0.000000000000000000e+00
6.990584048830123720e+01,0.000000000000000000e+00
6.739751233828120291e+01,0.000000000000000000e+00
7.209686401167498104e+01,0.000000000000000000e+00
6.324582837399357516e+01,0.000000000000000000e+00
6.969797944305464910e+01,0.000000000000000000e+00
6.542586372202562472e+01,0.000000000000000000e+00
6.649247772050918570e+01,0.000000000000000000e+00
6.981934605042752651e+01,0.000000000000000000e+00
6.840554851409817161e+01,0.000000000000000000e+00
6.644574945588736625e+01,0.000000000000000000e+00
6.913490099447183468e+01,0.000000000000000000e+00
6.622333119912697441e+01,0.000000000000000000e+00
6.381098223352791621e+01,0.000000000000000000e+00
6.555948491493387564e+01,0.000000000000000000e+00
6.609129885669517535e+01,0.000000000000000000e+00
6.563873124116638280e+01,0.000000000000000000e+00
6.545925923801732438e+01,0.000000000000000000e+00
6.832418463586935786e+01,0.000000000000000000e+00
6.945540247876549245e+01,0.000000000000000000e+00
6.738576495650143272e+01,0.000000000000000000e+00
6.703154514645619599e+01,0.000000000000000000e+00
6.897746202473815913e+01,0.000000000000000000e+00
6.760700550486590998e+01,0.000000000000000000e+00
6.330632581446608498e+01,0.000000000000000000e+00
6.293103334434673712e+01,0.000000000000000000e+00
6.599082215189329759e+01,0.000000000000000000e+00
6.444514825458577434e+01,0.000000000000000000e+00
6.461332596199126499e+01,0.000000000000000000e+00
6.406852668814264007e+01,0.000000000000000000e+00
6.038144079305041600e+01,0.000000000000000000e+00
6.636414666241908833e+01,0.000000000000000000e+00
6.538316342839303275e+01,0.000000000000000000e+00
6.648124992833888314e+01,0.000000000000000000e+00
6.813364192290005406e+01,0.000000000000000000e+00
6.735322977985654802e+01,0.000000000000000000e+00
6.482167086983749016e+01,0.000000000000000000e+00
6.307582123445374833e+01,0.000000000000000000e+00
6.094185778722092550e+01,0.000000000000000000e+00
6.472483614131013496e+01,0.000000000000000000e+00
6.217259854468832003e+01,0.000000000000000000e+00
6.556644265916533243e+01,0.000000000000000000e+00
6.512058342640156638e+01,0.000000000000000000e+00
6.437045457754564382e+01,0.000000000000000000e+00
6.675872520538432298e+01,0.000000000000000000e+00
6.436790130081398331e+01,0.000000000000000000e+00
6.547283183334008072e+01,0.000000000000000000e+00
6.582093465358194351e+01,0.000000000000000000e+00
6.567388101452857541e+01,0.000000000000000000e+00
6.390970073088904968e+01,0.000000000000000000e+00
6.542237097286619019e+01,0.000000000000000000e+00
6.730176359213091075e+01,0.000000000000000000e+00
6.502715798454198648e+01,0.000000000000000000e+00
6.234086379411863987e+01,0.000000000000000000e+00
6.512682390223443463e+01,0.000000000000000000e+00
6.269107554081942624e+01,0.000000000000000000e+00
6.263091078623595109e+01,0.000000000000000000e+00
6.302172438939753363e+01,0.000000000000000000e+00
6.732245072224395699e+01,0.000000000000000000e+00
6.492397248677157506e+01,0.000000000000000000e+00
6.522497930889801410e+01,0.000000000000000000e+00
6.384821806480653805e+01,0.000000000000000000e+00
6.677053234630724887e+01,0.000000000000000000e+00
6.167654932157669379e+01,0.000000000000000000e+00
6.449529059840851630e+01,0.000000000000000000e+00
6.488780667965292537e+01,0.000000000000000000e+00
6.681821507349093281e+01,0.000000000000000000e+00
6.844517963196915389e+01,0.000000000000000000e+00
6.337039468921524588e+01,0.000000000000000000e+00
6.598248811211118436e+01,0.000000000000000000e+00
6.006074998218561234e+01,0.000000000000000000e+00
6.214936816187118040e+01,0.000000000000000000e+00
6.229843189430321360e+01,0.000000000000000000e+00
6.134472694267933690e+01,0.000000000000000000e+00
6.416599759650650014e+01,0.000000000000000000e+00
6.503087665942798878e+01,0.000000000000000000e+00
6.255817580840028569e+01,0.000000000000000000e+00
6.117508198284615872e+01,0.000000000000000000e+00
6.085233579536949122e+01,0.000000000000000000e+00
6.287766552244479357e+01,0.000000000000000000e+00
6.423107714789141198e+01,0.000000000000000000e+00
6.219740820614228483e+01,0.000000000000000000e+00
6.152231538588797122e+01,0.000000000000000000e+00
6.383110202371820208e+01,0.000000000000000000e+00
6.791763349718183918e+01,0.000000000000000000e+00
6.213111804425349050e+01,0.000000000000000000e+00
6.033437762001191373e+01,0.000000000000000000e+00
6.239124773151897330e+01,0.000000000000000000e+00
5.809603220306692606e+01,0.000000000000000000e+00
6.173752441619235043e+01,0.000000000000000000e+00
6.327385593895250082e+01,0.000000000000000000e+00
6.290942708101023584e+01,0.000000000000000000e+00
6.293404303735935201e+01,0.000000000000000000e+00
6.044230283393574865e+01,0.000000000000000000e+00
5.953688055734345852e+01,0.000000000000000000e+00
6.152376383759033729e+01,0.000000000000000000e+00
6.346106753861559469e+01,0.000000000000000000e+00
6.181154400744376431e+01,0.000000000000000000e+00
6.420133909868665967e+01,0.000000000000000000e+00
5.906948874359368062e+01,0.000000000000000000e+00
6.018821871898542497e+01,0.000000000000000000e+00
6.060247258058530662e+01,0.000000000000000000e+00
5.974506361237903462e+01,0.000000000000000000e+00
6.332302787536729483e+01,0.000000000000000000e+00
6.094571585673231340e+01,0.000000000000000000e+00
6.055353371465722034e+01,0.000000000000000000e+00
6.355612347883315749e+01,0.000000000000000000e+00
6.150471925574499465e+01,0.000000000000000000e+00
6.016672466806043218e+01,0.000000000000000000e+00
5.821812360460852886e+01,0.000000000000000000e+00
5.439350528839370469e+01,0.000000000000000000e+00
5.924827552331304048e+01,0.000000000000000000e+00
6.186988065392781522e+01,0.000000000000000000e+00
5.840856014741124369e+01,0.000000000000000000e+00
6.104075414672273325e+01,0.000000000000000000e+00
6.381976806674877878e+01,0.000000000000000000e+00
5.866056089045991229e+01,0.000000000000000000e+00
6.106192236320156752e+01,0.000000000000000000e+00
6.013632549213033229e+01,0.000000000000000000e+00
6.184064218175885230e+01,0.000000000000000000e+00
5.755001652049762839e+01,0.000000000000000000e+00
6.115909259329925618e+01,0.000000000000000000e+00
6.079839893913673166e+01,0.000000000000000000e+00
5.792292936486424537e+01,0.000000000000000000e+00
6.244611557824856618e+01,0.000000000000000000e+00
5.952186954066646507e+01,0.000000000000000000e+00
5.737803522432388803e+01,0.000000000000000000e+00
5.995265352093512945e+01,0.000000000000000000e+00
5.940568625048822327e+01,0.000000000000000000e+00
5.880732300702450743e+01,0.000000000000000000e+00
5.779529446671966753e+01,0.000000000000000000e+00
6.041682632421270682e+01,0.000000000000000000e+00
5.980444113692186647e+01,0.000000000000000000e+00
6.051912798784006497e+01,0.000000000000000000e+00
6.249121143363132092e+01,0.000000000000000000e+00
5.812511650557189569e+01,0.000000000000000000e+00
5.726954572385515974e+01,0.000000000000000000e+00
6.188699206317701851e+01,0.000000000000000000e+00
5.676193339672069271e+01,0.000000000000000000e+00
5.857325466053313789e+01,0.000000000000000000e+00
5.800111845534320310e+01,0.000000000000000000e+00
5.988272143358152277e+01,0.000000000000000000e+00
5.489753111618121295e+01,0.000000000000000000e+00
5.800968329672794965e+01,0.000000000000000000e+00
6.326699614641846381e+01,0.000000000000000000e+00
5.788024963983790627e+01,0.000000000000000000e+00
5.919966721654958519e+01,0.000000000000000000e+00
5.248463794110558212e+01,0.000000000000000000e+00
5.508899211678225072e+01,0.000000000000000000e+00
5.884383359641354616e+01,0.000000000000000000e+00
5.661998505110114621e+01,0.000000000000000000e+00
5.996015723538243236e+01,0.000000000000000000e+00
5.792569243262060752e+01,0.000000000000000000e+00
5.769887177811995826e+01,0.000000000000000000e+00
5.792006224343309384e+01,0.000000000000000000e+00
5.560252337132020983e+01,0.000000000000000000e+00
5.814615332876688569e+01,0.000000000000000000e+00
5.720890242247627810e+01,0.000000000000000000e+00
5.774974267024414587e+01,0.000000000000000000e+00
5.647784998135637835e+01,0.000000000000000000e+00
5.292123935154769043e+01,0.000000000000000000e+00
5.896930181613906541e+01,0.000000000000000000e+00
5.476463423792631602e+01,0.000000000000000000e+00
5.603684195398923862e+01,0.000000000000000000e+00
5.472439014996586337e+01,0.000000000000000000e+00
5.286521956726602411e+01,0.000000000000000000e+00
5.663546797180785575e+01,0.000000000000000000e+00
5.710518259747182412e+01,0.000000000000000000e+00
5.548629400969344516e+01,0.000000000000000000e+00
5.977196379758257194e+01,0.000000000000000000e+00
5.255699113768219632e+01,0.000000000000000000e+00
5.413776371158921563e+01,0.000000000000000000e+00
5.661441585543625621e+01,0.000000000000000000e+00
5.402808993883328981e+01,0.000000000000000000e+00
5.793998209637022967e+01,0.000000000000000000e+00
5.683232671245384893e+01,0.000000000000000000e+00
5.496448882974408434e+01,0.000000000000000000e+00
5.496312023368989230e+01,0.000000000000000000e+00
5.381525546531406690e+01,0.000000000000000000e+00
5.415165486055996524e+01,0.000000000000000000e+00
5.396922674725796298e+01,0.000000000000000000e+00
5.033766931503006248e+01,0.000000000000000000e+00
5.637422272594675832e+01,0.000000000000000000e+00
5.350841266065724255e+01,0.000000000000000000e+00
5.264804190064325695e+01,0.000000000000000000e+00
5.513602433325461760e+01,0.000000000000000000e+00
5.652343952947445871e+01,0.000000000000000000e+00
5.496402711517207251e+01,0.000000000000000000e+00
5.318376958687579048e+01,0.000000000000000000e+00
5.551848898426533196e+01,0.000000000000000000e+00
5.125400214511862629e+01,0.000000000000000000e+00
5.596080438720385786e+01,0.000000000000000000e+00
5.598025134321658669e+01,0.000000000000000000e+00
4.883357049416380136e+01,0.000000000000000000e+00
5.391670615083926776e+01,0.000000000000000000e+00
5.100143879576209116e+01,0.000000000000000000e+00
5.333511436743578571e+01,0.000000000000000000e+00
5.166967973501632372e+01,0.000000000000000000e+00
5.351887339361570639e+01,0.000000000000000000e+00
5.371781428622777810e+01,0.000000000000000000e+00
5.537297558813629905e+01,0.000000000000000000e+00
5.334603583666522297e+01,0.000000000000000000e+00
5.791767530130483976e+01,0.000000000000000000e+00
5.389723992701620858e+01,0.000000000000000000e+00
5.311942596049779297e+01,0.000000000000000000e+00
5.214433727145924280e+01,0.000000000000000000e+00
5.657721158165880126e+01,0.000000000000000000e+00
5.296903724729127561e+01,0.000000000000000000e+00
5.038211529883940187e+01,0.000000000000000000e+00
5.091810953222262981e+01,0.000000000000000000e+00
5.418775323427997392e+01,0.000000000000000000e+00
5.407681439127468082e+01,0.000000000000000000e+00
5.089445052223534560e+01,0.000000000000000000e+00
5.432581647245378775e+01,0.000000000000000000e+00
5.138144225206261950e+01,0.000000000000000000e+00
5.249694803111870556e+01,0.000000000000000000e+00
5.403589672567130719e+01,0.000000000000000000e+00
5.410787226324477928e+01,0.000000000000000000e+00
5.313230454748544673e+01,0.000000000000000000e+00
4.963456700217429329e+01,0.000000000000000000e+00
5.341620085237836690e+01,0.000000000000000000e+00
5.173682320854776151e+01,0.000000000000000000e+00
5.017308656242136777e+01,0.000000000000000000e+00
5.016592792054273531e+01,0.000000000000000000e+00
5.068677445319268315e+01,0.000000000000000000e+00
5.080991615253518745e+01,0.000000000000000000e+00
5.022075091963479565e+01,0.000000000000000000e+00
5.338870572639715562e+01,0.000000000000000000e+00
4.965159836360409429e+01,0.000000000000000000e+00
5.148100361205143827e+01,0.000000000000000000e+00
5.236174500283211586e+01,0.000000000000000000e+00
4.837808232997674196e+01,0.000000000000000000e+00
5.151424886742225340e+01,0.000000000000000000e+00
4.835398321420646539e+01,0.000000000000000000e+00
4.782791821004431654e+01,0.000000000000000000e+00
5.341823492956523722e+01,0.000000000000000000e+00
5.019599820337773366e+01,0.000000000000000000e+00
5.361585286021171726e+01,0.000000000000000000e+00
5.071480883074350743e+01,0.000000000000000000e+00
5.428641519945494309e+01,0.000000000000000000e+00
5.010241292880574093e+01,0.000000000000000000e+00
4.806003298149538949e+01,0.000000000000000000e+00
4.856716980720492671e+01,0.000000000000000000e+00
4.993065914677676886e+01,0.000000000000000000e+00
4.790031971403242039e+01,0.000000000000000000e+00
4.765827758416960336e+01,0.000000000000000000e+00
5.010175707919819388e+01,0.000000000000000000e+00
5.241197964075027471e+01,0.000000000000000000e+00
4.975355880895134675e+01,0.000000000000000000e+00
4.817478861912318422e+01,0.000000000000000000e+00
5.205516005236949439e+01,0.000000000000000000e+00
5.019069123674843524e+01,0.000000000000000000e+00
5.134881699827749912e+01,0.000000000000000000e+00
4.859076256396666338e+01,0.000000000000000000e+00
4.716295156921077592e+01,0.000000000000000000e+00
4.707790217398346044e+01,0.000000000000000000e+00
4.869068104303401157e+01,0.000000000000000000e+00
4.770511749148856495e+01,0.000000000000000000e+00
4.768777799752724178e+01,0.000000000000000000e+00
4.732375001152772143e+01,0.000000000000000000e+00
4.712423845851928661e+01,0.000000000000000000e+00
4.716983582651192819e+01,0.000000000000000000e+00
4.731280918172668493e+01,0.000000000000000000e+00
4.892867488303107848e+01,0.000000000000000000e+00
4.674739429370338684e+01,0.000000000000000000e+00
4.798990196118787566e+01,0.000000000000000000e+00
4.668351127715224891e+01,0.000000000000000000e+00
5.022411744415618529e+01,0.000000000000000000e+00
4.577580030531909472e+01,0.000000000000000000e+00
4.667740833452893412e+01,0.000000000000000000e+00
4.942709963895108416e+01,0.000000000000000000e+00
4.863644807674366177e+01,0.000000000000000000e+00
4.922074771017376804e+01,0.000000000000000000e+00
4.969284560523168182e+01,0.000000000000000000e+00
4.653240524528642652e+01,0.000000000000000000e+00
4.910945737440554382e+01,0.000000000000000000e+00
4.196043661465242280e+01,0.000000000000000000e+00
4.755428502857277806e+01,0.000000000000000000e+00
4.464569724345091117e+01,0.000000000000000000e+00
4.228575477248216430e+01,0.000000000000000000e+00
4.658427321949713473e+01,0.000000000000000000e+00
4.722610364737970201e+01,0.000000000000000000e+00
4.627108780269870891e+01,0.000000000000000000e+00
4.330309814088708720e+01,0.000000000000000000e+00
4.398380796597057696e+01,0.000000000000000000e+00
4.718022115558432006e+01,0.000000000000000000e+00
4.286387510566851233e+01,0.000000000000000000e+00
4.744385573425071101e+01,0.000000000000000000e+00
4.483923746817336564e+01,0.000000000000000000e+00
4.795271857249426972e+01,0.000000000000000000e+00
4.423634100301815408e+01,0.000000000000000000e+00
4.710603435308232889e+01,0.000000000000000000e+00
4.469607215856994742e+01,0.000000000000000000e+00
4.807322927029866122e+01,0.000000000000000000e+00
4.211626583086442110e+01,0.000000000000000000e+00
4.137903098593001516e+01,0.000000000000000000e+00
4.091589235057620044e+01,0.000000000000000000e+00
4.271554751344258705e+01,0.000000000000000000e+00
4.553122882619227596e+01,0.000000000000000000e+00
4.197942992969687737e+01,0.000000000000000000e+00
4.302365057998390796e+01,0.000000000000000000e+00
4.056197892969806418e+01,0.000000000000000000e+00
4.433398103794136347e+01,0.000000000000000000e+00
4.286049771400056585e+01,0.000000000000000000e+00
4.468785070565620288e+01,0.000000000000000000e+00
4.606559118729298063e+01,0.000000000000000000e+00
4.592420937783461454e+01,0.000000000000000000e+00
4.319456818333601689e+01,0.000000000000000000e+00
4.613330115970585865e+01,0.000000000000000000e+00
4.082849604322713333e+01,0.000000000000000000e+00
4.651716162420905931e+01,0.000000000000000000e+00
4.348057564231618954e+01,0.000000000000000000e+00
4.678582011890438253e+01,0.000000000000000000e+00
4.539069951563264738e+01,0.000000000000000000e+00
4.352384559323783719e+01,0.000000000000000000e+00
4.460970229325111092e+01,0.000000000000000000e+00
4.429470326128167557e+01,0.000000000000000000e+00
4.905054970811789161e+01,0.000000000000000000e+00
4.340717789610960153e+01,0.000000000000000000e+00
4.362513224188109717e+01,0.000000000000000000e+00
4.146686847819046307e+01,0.000000000000000000e+00
4.110312087342074960e+01,0.000000000000000000e+00
4.245953635453977171e+01,0.000000000000000000e+00
3.877510076769243597e+01,0.000000000000000000e+00
4.357363375407330608e+01,0.000000000000000000e+00
4.448029137744729411e+01,0.000000000000000000e+00
4.213397432018476962e+01,0.000000000000000000e+00
4.088856400430660187e+01,0.000000000000000000e+00
3.782150680128002307e+01,0.000000000000000000e+00
4.533160911653317982e+01,0.000000000000000000e+00
4.302070875017962948e+01,0.000000000000000000e+00
3.817788299805044261e+01,0.000000000000000000e+00
4.117169158939957896e+01,0.000000000000000000e+00
4.377958405708635325e+01,0.000000000000000000e+00
4.013973233705238641e+01,0.000000000000000000e+00
3.942548167947310844e+01,0.000000000000000000e+00
4.268522081409577140e+01,0.000000000000000000e+00
4.320719347883074590e+01,0.000000000000000000e+00
4.563053632264418269e+01,0.000000000000000000e+00
4.289524917817336558e+01,0.000000000000000000e+00
4.337196316755123604e+01,0.000000000000000000e+00
4.127695726332580506e+01,0.000000000000000000e+00
4.024331283546179350e+01,0.000000000000000000e+00
4.338293134070372048e+01,0.000000000000000000e+00
4.131948665146574484e+01,0.000000000000000000e+00
4.133243409444627048e+01,0.000000000000000000e+00
4.311416427338177471e+01,0.000000000000000000e+00
4.045494141684097400e+01,0.000000000000000000e+00
4.101341206341894718e+01,0.000000000000000000e+00
4.098905880695867410e+01,0.000000000000000000e+00
4.382739733081597677e+01,0.000000000000000000e+00
4.033706868365927534e+01,0.000000000000000000e+00
4.042866777192698891e+01,0.000000000000000000e+00
4.516883764055580741e+01,0.000000000000000000e+00
3.825744629620585613e+01,0.000000000000000000e+00
3.866678863591477722e+01,0.000000000000000000e+00
3.906148467495071941e+01,0.000000000000000000e+00
4.107084544213883959e+01,0.000000000000000000e+00
4.146019744620776493e+01,0.000000000000000000e+00
3.689658610649942716e+01,0.000000000000000000e+00
3.939876205699709999e+01,0.000000000000000000e+00
4.093151848048047725e+01,0.000000000000000000e+00
4.293410969906649655e+01,0.000000000000000000e+00
3.997509052161881016e+01,0.000000000000000000e+00
3.894303377360120066e+01,0.000000000000000000e+00
3.981603959855272734e+01,0.000000000000000000e+00
4.178614208910392591e+01,0.000000000000000000e+00
3.670081666075672899e+01,0.000000000000000000e+00
4.029193524742701271e+01,0.000000000000000000e+00
3.877814841060784801e+01,0.000000000000000000e+00
3.812426233556471544e+01,0.000000000000000000e+00
4.132013099889489638e+01,0.000000000000000000e+00
3.792581166650847280e+01,0.000000000000000000e+00
3.658312474862543695e+01,0.000000000000000000e+00
4.015482842351208603e+01,0.000000000000000000e+00
3.955233516696090845e+01,0.000000000000000000e+00
4.008096550258125745e+01,0.000000000000000000e+00
3.617794717050844611e+01,0.000000000000000000e+00
3.614071601294314462e+01,0.000000000000000000e+00
3.853625509754227352e+01,0.000000000000000000e+00
3.884086572080254030e+01,0.000000000000000000e+00
3.788305522408195714e+01,0.000000000000000000e+00
3.948192383267868166e+01,0.000000000000000000e+00
3.534913512413405101e+01,0.000000000000000000e+00
3.541014253537688461e+01,0.000000000000000000e+00
3.881311728880854872e+01,0.000000000000000000e+00
3.844334739046571059e+01,0.000000000000000000e+00
4.316923425793305569e+01,0.000000000000000000e+00
3.768500967063850737e+01,0.000000000000000000e+00
3.742731405096327535e+01,0.000000000000000000e+00
3.976341311436282666e+01,0.000000000000000000e+00
3.233929307174585688e+01,0.000000000000000000e+00
3.881792553151430525e+01,0.000000000000000000e+00
3.648236060353367094e+01,0.000000000000000000e+00
3.924750892327742235e+01,0.000000000000000000e+00
3.914447259326600204e+01,0.000000000000000000e+00
3.792892747386023444e+01,0.000000000000000000e+00
3.756494932588586977e+01,0.000000000000000000e+00
3.598994359925990238e+01,0.000000000000000000e+00
3.555681936400110743e+01,0.000000000000000000e+00
3.927911750758479315e+01,0.000000000000000000e+00
3.672678179387023789e+01,0.000000000000000000e+00
3.754188297860522994e+01,0.000000000000000000e+00
3.147689800134143567e+01,0.000000000000000000e+00
3.804166302900868857e+01,0.000000000000000000e+00
3.906482425162589323e+01,0.000000000000000000e+00
3.621955486949912739e+01,0.000000000000000000e+00
3.925317254496854247e+01,0.000000000000000000e+00
3.427128546816977916e+01,0.000000000000000000e+00
4.079975409913839002e+01,0.000000000000000000e+00
3.475041199952730864e+01,0.000000000000000000e+00
3.660310959958067656e+01,0.000000000000000000e+00
3.800392821671803745e+01,0.000000000000000000e+00
3.591703339316918431e+01,0.000000000000000000e+00
3.585992367023264649e+01,0.000000000000000000e+00
4.019872850257821284e+01,0.000000000000000000e+00
3.617563245690320173e+01,0.000000000000000000e+00
3.376470685889182732e+01,0.000000000000000000e+00
3.719979007006986649e+01,0.000000000000000000e+00
3.482330822155687855e+01,0.000000000000000000e+00
3.562687893200975964e+01,0.000000000000000000e+00
3.412834192575415670e+01,0.000000000000000000e+00
3.814999919355204838e+01,0.000000000000000000e+00
3.316968618469257279e+01,0.000000000000000000e+00
3.499890976761015793e+01,0.000000000000000000e+00
3.368367448107278506e+01,0.000000000000000000e+00
3.917395722063578489e+01,0.000000000000000000e+00
3.519155936316448674e+01,0.000000000000000000e+00
3.563517520583934584e+01,0.000000000000000000e+00
3.563223831272003395e+01,0.000000000000000000e+00
3.693514107619986220e+01,0.000000000000000000e+00
3.497040244343509130e+01,0.000000000000000000e+00
3.690346543006159408e+01,0.000000000000000000e+00
3.102829793580105644e+01,0.000000000000000000e+00
3.550200175702055816e+01,0.000000000000000000e+00
3.264178633019538722e+01,0.000000000000000000e+00
3.431645978154408994e+01,0.000000000000000000e+00
3.492112770433359970e+01,0.000000000000000000e+00
3.428246402100705126e+01,0.000000000000000000e+00
3.503373349183098640e+01,0.000000000000000000e+00
3.201269359874719100e+01,0.000000000000000000e+00
3.382611459296217049e+01,0.000000000000000000e+00
3.586235029461668233e+01,0.000000000000000000e+00
3.557770647381342144e+01,0.000000000000000000e+00
3.164366053124080480e+01,0.000000000000000000e+00
3.418284987650208961e+01,0.000000000000000000e+00
3.641580294377883575e+01,0.000000000000000000e+00
3.355913065677223273e+01,0.000000000000000000e+00
3.228860555161840296e+01,0.000000000000000000e+00
3.738522468746073457e+01,0.000000000000000000e+00
3.553096560345452559e+01,0.000000000000000000e+00
2.774441848270766897e+01,0.000000000000000000e+00
3.358131214171641687e+01,0.000000000000000000e+00
3.214798223409997746e+01,0.000000000000000000e+00
3.124086698428082798e+01,0.000000000000000000e+00
3.336335104286055753e+01,0.000000000000000000e+00
3.315131527897663233e+01,0.000000000000000000e+00
3.695392648849951200e+01,0.000000000000000000e+00
3.273339779666270744e+01,0.000000000000000000e+00
3.336333391574223839e+01,0.000000000000000000e+00
3.222166271882812083e+01,0.000000000000000000e+00
3.427803485650528614e+01,0.000000000000000000e+00
3.257854017482008402e+01,0.000000000000000000e+00
3.207728959538324887e+01,0.000000000000000000e+00
3.388770143395598211e+01,0.000000000000000000e+00
3.095985941279555931e+01,0.000000000000000000e+00
3.155468772009227862e+01,0.000000000000000000e+00
3.294121784581665935e+01,0.000000000000000000e+00
3.211517693370603155e+01,0.000000000000000000e+00
2.855212649064941033e+01,0.000000000000000000e+00
3.195863353993594558e+01,0.000000000000000000e+00
3.363443930512215729e+01,0.000000000000000000e+00
3.441894622066587317e+01,0.000000000000000000e+00
3.345028381780397808e+01,0.000000000000000000e+00
3.399915348481019350e+01,0.000000000000000000e+00
3.330856553242222873e+01,0.000000000000000000e+00
2.969087093323313908e+01,0.000000000000000000e+00
3.161634689924457575e+01,0.000000000000000000e+00
3.210474552897358080e+01,0.000000000000000000e+00
3.265124985172239036e+01,0.000000000000000000e+00
3.474684322237642675e+01,0.000000000000000000e+00
3.257471297564542567e+01,0.000000000000000000e+00
2.951076272062541150e+01,0.000000000000000000e+00
3.118352615695186358e+01,0.000000000000000000e+00
3.162083862436659842e+01,0.000000000000000000e+00
2.994400349191507615e+01,0.000000000000000000e+00
3.068058614693665831e+01,0.000000000000000000e+00
3.096785801551095929e+01,0.000000000000000000e+00
3.162716719424852840e+01,0.000000000000000000e+00
2.988294018773801852e+01,0.000000000000000000e+00
3.066356783669201391e+01,0.000000000000000000e+00
3.463852986424249991e+01,0.000000000000000000e+00
3.314720373416797372e+01,0.000000000000000000e+00
3.152826026677643156e+01,0.000000000000000000e+00
2.974646054120065131e+01,0.000000000000000000e+00
3.336278238017327169e+01,0.000000000000000000e+00
3.218345705798875400e+01,0.000000000000000000e+00
3.244401574360045259e+01,0.000000000000000000e+00
3.022767194628065823e+01,0.000000000000000000e+00
2.910543515220979671e+01,0.000000000000000000e+00
3.460822550451211299e+01,0.000000000000000000e+00
2.909705313216246125e+01,0.000000000000000000e+00
3.051290854552090082e+01,0.000000000000000000e+00
3.077724358636590551e+01,0.000000000000000000e+00
3.118795753904156953e+01,0.000000000000000000e+00
3.272467841305584102e+01,0.000000000000000000e+00
3.280999034437181194e+01,0.000000000000000000e+00
3.089594872219110044e+01,0.000000000000000000e+00
3.046218264223885797e+01,0.000000000000000000e+00
2.684130845904582685e+01,0.000000000000000000e+00
3.152406041207768794e+01,0.000000000000000000e+00
3.103735238612490122e+01,0.000000000000000000e+00
2.805074064208298168e+01,0.000000000000000000e+00
3.135207588819870139e+01,0.000000000000000000e+00
3.087578609768261018e+01,0.000000000000000000e+00
3.003557559658922216e+01,0.000000000000000000e+00
2.848150305745371824e+01,0.000000000000000000e+00
3.026595999935515380e+01,0.000000000000000000e+00
3.087693342340985936e+01,0.000000000000000000e+00
2.817399640764586621e+01,0.000000000000000000e+00
2.825034960256109073e+01,0.000000000000000000e+00
3.364896047201342100e+01,0.000000000000000000e+00
2.813711787413596355e+01,0.000000000000000000e+00
2.755299341929373824e+01,0.000000000000000000e+00
3.170515540036736013e+01,0.000000000000000000e+00
3.084818868405145764e+01,0.000000000000000000e+00
3.283768540811672665e+01,0.000000000000000000e+00
3.192748807207473760e+01,0.000000000000000000e+00
2.823202484523589817e+01,0.000000000000000000e+00
2.718016683988130566e+01,0.000000000000000000e+00
3.185507065124485848e+01,0.000000000000000000e+00
3.057807320204858925e+01,0.000000000000000000e+00
2.837552518921855693e+01,0.000000000000000000e+00
2.735763920171807229e+01,0.000000000000000000e+00
2.923469654767675863e+01,0.000000000000000000e+00
2.492886321112890968e+01,0.000000000000000000e+00
2.906348774453760342e+01,0.000000000000000000e+00
2.826880222744259896e+01,0.000000000000000000e+00
2.912132199179924541e+01,0.000000000000000000e+00
2.669135168585203743e+01,0.000000000000000000e+00
2.822959059504644230e+01,0.000000000000000000e+00
2.697748183811134837e+01,0.000000000000000000e+00
2.894728899027348135e+01,0.000000000000000000e+00
2.736612267579117486e+01,0.000000000000000000e+00
2.712930656763881387e+01,0.000000000000000000e+00
2.599486750143277902e+01,0.000000000000000000e+00
2.504407986365195882e+01,0.000000000000000000e+00
2.669539424590577781e+01,0.000000000000000000e+00
2.685901172943804482e+01,0.000000000000000000e+00
2.779656013372299839e+01,0.000000000000000000e+00
2.584198341421688028e+01,0.000000000000000000e+00
2.671845078774044424e+01,0.000000000000000000e+00
2.750993609157123032e+01,0.000000000000000000e+00
2.836862113440599131e+01,0.000000000000000000e+00
2.632306958289769483e+01,0.000000000000000000e+00
2.643199917189587822e+01,0.000000000000000000e+00
2.662375712955901363e+01,0.000000000000000000e+00
2.750819901919407684e+01,0.000000000000000000e+00
2.866784693337808676e+01,0.000000000000000000e+00
2.681542524062066590e+01,0.000000000000000000e+00
2.634925603927499438e+01,0.000000000000000000e+00
2.857531901737364777e+01,0.000000000000000000e+00
2.912013353040918417e+01,0.000000000000000000e+00
2.905817610572215060e+01,0.000000000000000000e+00
3.002175929587020065e+01,0.000000000000000000e+00
2.936469507116020949e+01,0.000000000000000000e+00
2.572539458172294502e+01,0.000000000000000000e+00
2.537807736288675287e+01,0.000000000000000000e+00
2.882763163170970344e+01,0.000000000000000000e+00
2.815145740322108736e+01,0.000000000000000000e+00
2.460376335802339298e+01,0.000000000000000000e+00
2.418133282888019764e+01,0.000000000000000000e+00
2.414442991635043967e+01,0.000000000000000000e+00
2.466569879334268833e+01,0.000000000000000000e+00
2.661548369101692302e+01,0.000000000000000000e+00
2.345663082125802390e+01,0.000000000000000000e+00
2.435292627815810107e+01,0.000000000000000000e+00
2.467176276142705404e+01,0.000000000000000000e+00
2.533737937413802754e+01,0.000000000000000000e+00
2.747397386857140944e+01,0.000000000000000000e+00
2.547134746652451653e+01,0.000000000000000000e+00
2.419105361433427959e+01,0.000000000000000000e+00
2.507438710978166085e+01,0.000000000000000000e+00
2.597470873476970610e+01,0.000000000000000000e+00
2.565587930214672596e+01,0.000000000000000000e+00
2.605416256587845325e+01,0.000000000000000000e+00
2.742274184588189456e+01,0.000000000000000000e+00
2.540715846505451125e+01,0.000000000000000000e+00
2.445471183849904762e+01,0.000000000000000000e+00
2.397610751644427651e+01,0.000000000000000000e+00
2.858903798846165856e+01,0.000000000000000000e+00
2.458249604566694657e+01,0.000000000000000000e+00
3.150634396561743600e+01,0.000000000000000000e+00
2.551624535978965014e+01,0.000000000000000000e+00
2.654759687881741570e+01,0.000000000000000000e+00
2.666761656710431794e+01,0.000000000000000000e+00
2.918222591583229075e+01,0.000000000000000000e+00
2.776976745234610533e+01,0.000000000000000000e+00
2.439449430465926838e+01,0.000000000000000000e+00
2.683174867439691624e+01,0.000000000000000000e+00
2.363507120763010860e+01,0.000000000000000000e+00
2.687114284917466733e+01,0.000000000000000000e+00
2.725767896428009607e+01,0.000000000000000000e+00
2.272432890977908926e+01,0.000000000000000000e+00
2.614280884161106400e+01,0.000000000000000000e+00
2.565875285596576560e+01,0.000000000000000000e+00
2.608850475717519757e+01,0.000000000000000000e+00
2.176651870799627275e+01,0.000000000000000000e+00
2.388429787824875561e+01,0.000000000000000000e+00
2.186397993749344693e+01,0.000000000000000000e+00
2.360196389622312196e+01,0.000000000000000000e+00
2.423037982400244772e+01,0.000000000000000000e+00
2.300043110302244642e+01,0.000000000000000000e+00
2.489652530923389051e+01,0.000000000000000000e+00
2.631283480614909820e+01,0.000000000000000000e+00
2.429652500881352495e+01,0.000000000000000000e+00
2.641834367805233086e+01,0.000000000000000000e+00
2.381166271840695714e+01,0.000000000000000000e+00
2.138746879645229626e+01,0.000000000000000000e+00
2.108278430906874235e+01,0.000000000000000000e+00
2.226177612950191786e+01,0.000000000000000000e+00
2.175581769152596578e+01,0.000000000000000000e+00
2.464241494438911673e+01,0.000000000000000000e+00
2.462584658889059952e+01,0.000000000000000000e+00
2.383789493364014334e+01,0.000000000000000000e+00
2.607757109184113631e+01,0.000000000000000000e+00
2.590652543302137545e+01,0.000000000000000000e+00
2.192526301566311986e+01,0.000000000000000000e+00
2.235613506553781704e+01,0.000000000000000000e+00
2.263617790481658076e+01,0.000000000000000000e+00
2.441934097831870076e+01,0.000000000000000000e+00
2.118783282675693513e+01,0.000000000000000000e+00
1.841436729748063783e+01,0.000000000000000000e+00
2.759273052295579376e+01,0.000000000000000000e+00
2.387298825221340692e+01,0.000000000000000000e+00
2.319694507738534739e+01,0.000000000000000000e+00
2.539248344326063034e+01,0.000000000000000000e+00
2.321014178128947947e+01,0.000000000000000000e+00
2.126059935122755817e+01,0.000000000000000000e+00
2.116749973204928992e+01,0.000000000000000000e+00
2.303111412226141042e+01,0.000000000000000000e+00
2.250925080248300247e+01,0.000000000000000000e+00
2.482921089709670071e+01,0.000000000000000000e+00
2.395072999602271935e+01,0.000000000000000000e+00
2.433789550170920890e+01,0.000000000000000000e+00
2.186484929569727598e+01,0.000000000000000000e+00
2.143865436930233770e+01,0.000000000000000000e+00
2.102488445859151867e+01,0.000000000000000000e+00
2.178330437013189069e+01,0.000000000000000000e+00
2.577591884836094849e+01,0.000000000000000000e+00
2.376285562233170623e+01,0.000000000000000000e+00
2.352684604940764146e+01,0.000000000000000000e+00
2.324151528177738513e+01,0.000000000000000000e+00
2.393262148831551173e+01,0.000000000000000000e+00
2.361316288499586591e+01,0.000000000000000000e+00
2.324212186443840622e+01,0.000000000000000000e+00
2.358624380894461581e+01,0.000000000000000000e+00
2.459978185418045271e+01,0.000000000000000000e+00
1.820877633510009019e+01,0.000000000000000000e+00
2.434319993239295599e+01,0.000000000000000000e+00
1.842238027369268849e+01,0.000000000000000000e+00
2.129729821479771346e+01,0.000000000000000000e+00
1.776021136008152723e+01,0.000000000000000000e+00
2.472991274993678701e+01,0.000000000000000000e+00
2.541850510550473885e+01,0.000000000000000000e+00
2.134681716148885045e+01,0.000000000000000000e+00
1.910940808512082256e+01,0.000000000000000000e+00
2.270036019901035829e+01,0.000000000000000000e+00
2.016524593241917884e+01,0.000000000000000000e+00
2.007642701478930292e+01,0.000000000000000000e+00
2.126791970839967050e+01,0.000000000000000000e+00
2.231664840950537254e+01,0.000000000000000000e+00
1.808636570162879309e+01,0.000000000000000000e+00
1.961523770542100564e+01,0.000000000000000000e+00
2.059654748639318456e+01,0.000000000000000000e+00
2.302373872219023454e+01,0.000000000000000000e+00
2.252885845608273030e+01,0.000000000000000000e+00
2.399720088235631366e+01,0.000000000000000000e+00
2.513798921711119760e+01,0.000000000000000000e+00
2.400233123262469448e+01,0.000000000000000000e+00
2.538572167248089784e+01,0.000000000000000000e+00
1.968097951645771104e+01,0.000000000000000000e+00
2.260463945952286480e+01,0.000000000000000000e+00
2.300345895993338630e+01,0.000000000000000000e+00
2.387825708220979237e+01,0.000000000000000000e+00
2.164852209868049826e+01,0.000000000000000000e+00
2.242046126782995330e+01,0.000000000000000000e+00
2.296919537455925564e+01,0.000000000000000000e+00
2.244903616754396225e+01,0.000000000000000000e+00
2.248782248364863179e+01,0.000000000000000000e+00
2.138604544777317784e+01,0.000000000000000000e+00
1.961599624294314026e+01,0.000000000000000000e+00
2.460175576211474890e+01,0.000000000000000000e+00
2.053244852787515384e+01,0.000000000000000000e+00
2.088217882464379471e+01,0.000000000000000000e+00
1.750933373260721027e+01,0.000000000000000000e+00
2.641025340360905105e+01,0.000000000000000000e+00
2.602412077100867904e+01,0.000000000000000000e+00
2.182428693467759473e+01,0.000000000000000000e+00
2.132484802211542885e+01,0.000000000000000000e+00
2.387732510730360858e+01,0.000000000000000000e+00
2.401651907265846475e+01,0.000000000000000000e+00
1.924463352403455829e+01,0.000000000000000000e+00
2.104459589992156054e+01,0.000000000000000000e+00
2.080623956466542168e+01,0.000000000000000000e+00
2.232992100259056656e+01,0.000000000000000000e+00
1.986973804571524127e+01,0.000000000000000000e+00
2.185842368144659886e+01,0.000000000000000000e+00
2.314386456151212457e+01,0.000000000000000000e+00
1.611046328094081304e+01,0.000000000000000000e+00
2.032690296561691667e+01,0.000000000000000000e+00
2.112253832714843682e+01,0.000000000000000000e+00
2.103186159210734374e+01,0.000000000000000000e+00
1.775978998816755805e+01,0.000000000000000000e+00
2.290344654437042493e+01,0.000000000000000000e+00
1.648740373479762766e+01,0.000000000000000000e+00
2.227088642462910784e+01,0.000000000000000000e+00
2.358751063929675951e+01,0.000000000000000000e+00
2.189092129758212479e+01,0.000000000000000000e+00
1.764450276148242125e+01,0.000000000000000000e+00
2.064686004787703411e+01,0.000000000000000000e+00
1.930422070501400356e+01,0.000000000000000000e+00
2.140011379756339593e+01,0.000000000000000000e+00
1.804517340632396483e+01,0.000000000000000000e+00
1.950898251384998972e+01,0.000000000000000000e+00
2.342373825339070592e+01,0.000000000000000000e+00
1.872278588288040879e+01,0.000000000000000000e+00
1.885528460993216271e+01,0.000000000000000000e+00
2.097782280795466647e+01,0.000000000000000000e+00
2.317158726431086890e+01,0.000000000000000000e+00
2.182042928268349868e+01,0.000000000000000000e+00
2.421300767800404330e+01,0.000000000000000000e+00
2.241092065510644105e+01,0.000000000000000000e+00
2.096194496165301402e+01,0.000000000000000000e+00
1.987272371614806232e+01,0.000000000000000000e+00
2.221590901297143006e+01,0.000000000000000000e+00
2.216981553964119911e+01,0.000000000000000000e+00
1.913089645669097294e+01,0.000000000000000000e+00
2.223876386326472954e+01,0.000000000000000000e+00
2.192402106376175297e+01,0.000000000000000000e+00
1.788969574705078358e+01,0.000000000000000000e+00
2.134298580696929903e+01,0.000000000000000000e+00
2.241749326750413474e+01,0.000000000000000000e+00
2.187475515756025146e+01,0.000000000000000000e+00
2.422823073313274733e+01,0.000000000000000000e+00
2.323637552502280457e+01,0.000000000000000000e+00
2.245326499099131112e+01,0.000000000000000000e+00
2.154150371109090045e+01,0.000000000000000000e+00
2.153845884836511715e+01,0.000000000000000000e+00
2.100471020561738555e+01,0.000000000000000000e+00
2.040641983854096253e+01,0.000000000000000000e+00
1.920000110388653880e+01,0.000000000000000000e+00
2.313209146367899649e+01,0.000000000000000000e+00
1.912474228719359459e+01,0.000000000000000000e+00
1.982164642755647677e+01,0.000000000000000000e+00
2.011749880160871129e+01,0.000000000000000000e+00
2.296742948184079935e+01,0.000000000000000000e+00
2.031077166515241217e+01,0.000000000000000000e+00
2.272234169915184410e+01,0.000000000000000000e+00
1.911355986143997043e+01,0.000000000000000000e+00
1.918418432991461131e+01,0.000000000000000000e+00
2.423533916580026926e+01,0.000000000000000000e+00
2.250440964967526725e+01,0.000000000000000000e+00
1.973871920397343160e+01,0.000000000000000000e+00
2.369913544871164035e+01,0.000000000000000000e+00
2.340071954176340085e+01,0.000000000000000000e+00
2.201855960535947787e+01,0.000000000000000000e+00
1.966898312591804654e+01,0.000000000000000000e+00
1.955524275354101960e+01,0.000000000000000000e+00
2.284791476234130414e+01,0.000000000000000000e+00
1.992656456522949426e+01,0.000000000000000000e+00
1.935653321058356013e+01,0.000000000000000000e+00
2.065249818443237473e+01,0.000000000000000000e+00
1.853924306985403803e+01,0.000000000000000000e+00
1.802581400048448401e+01,0.000000000000000000e+00
1.616571343685588147e+01,0.000000000000000000e+00
1.961840101177962481e+01,0.000000000000000000e+00
1.766756414123601360e+01,0.000000000000000000e+00
1.849420291882631773e+01,0.000000000000000000e+00
2.121983420066603543e+01,0.000000000000000000e+00
1.890314885784981058e+01,0.000000000000000000e+00
1.922285982426512874e+01,0.000000000000000000e+00
1.988091711721378729e+01,0.000000000000000000e+00
1.790292332681097776e+01,0.000000000000000000e+00
1.992607091291726462e+01,0.000000000000000000e+00
1.474853472753655836e+01,0.000000000000000000e+00
1.952010905610976010e+01,0.000000000000000000e+00
1.949892377755461581e+01,0.000000000000000000e+00
1.769022239521303419e+01,0.000000000000000000e+00
1.803574912860864643e+01,0.000000000000000000e+00
2.218902539739634250e+01,0.000000000000000000e+00
2.076834061422221467e+01,0.000000000000000000e+00
1.816427945874992389e+01,0.000000000000000000e+00
1.790694372883504926e+01,0.000000000000000000e+00
1.823217384448049927e+01,0.000000000000000000e+00
1.853009977743505132e+01,0.000000000000000000e+00
2.062331467757014281e+01,0.000000000000000000e+00
1.924086353272537053e+01,0.000000000000000000e+00
2.122112885142446004e+01,0.000000000000000000e+00
1.995702489260990475e+01,0.000000000000000000e+00
2.124771850325516809e+01,0.000000000000000000e+00
1.996422594980402820e+01,0.000000000000000000e+00
2.043992245789321771e+01,0.000000000000000000e+00
1.962161814517107317e+01,0.000000000000000000e+00
1.912466611753516688e+01,0.000000000000000000e+00
2.058996840900609016e+01,0.000000000000000000e+00
1.702282346598030216e+01,0.000000000000000000e+00
2.011431007464574350e+01,0.000000000000000000e+00
2.189713735845000286e+01,0.000000000000000000e+00
1.575728947613493247e+01,0.000000000000000000e+00
1.992456499134647530e+01,0.000000000000000000e+00
1.928873362053639440e+01,0.000000000000000000e+00
1.576845485316786011e+01,0.000000000000000000e+00
1.891053956782332435e+01,0.000000000000000000e+00
2.038292423278344145e+01,0.000000000000000000e+00
1.777751505204389915e+01,0.000000000000000000e+00
2.004785611415641711e+01,0.000000000000000000e+00
2.263138588008475693e+01,0.000000000000000000e+00
2.108750194627718599e+01,0.000000000000000000e+00
1.886155264020741740e+01,0.000000000000000000e+00
2.217792313872341126e+01,0.000000000000000000e+00
2.199110205925267891e+01,0.000000000000000000e+00
2.122832006035482877e+01,0.000000000000000000e+00
2.308038330063749655e+01,0.000000000000000000e+00
1.933575127799853988e+01,0.000000000000000000e+00
1.816234945790797184e+01,0.000000000000000000e+00
1.738495087273746265e+01,0.000000000000000000e+00
1.941198872774423378e+01,0.000000000000000000e+00
2.111190386828986121e+01,0.000000000000000000e+00
2.167550553108758749e+01,0.000000000000000000e+00
2.053288170884902897e+01,0.000000000000000000e+00
1.968529664523172684e+01,0.000000000000000000e+00
2.011575051172627226e+01,0.000000000000000000e+00
1.876726393902314527e+01,0.000000000000000000e+00
2.130671955538607065e+01,0.000000000000000000e+00
2.043754419127361999e+01,0.000000000000000000e+00
1.853282657299102354e+01,0.000000000000000000e+00
2.105824025147260414e+01,0.000000000000000000e+00
1.992442245274796164e+01,0.000000000000000000e+00
2.107736219230427110e+01,0.000000000000000000e+00
1.903520834696444197e+01,0.000000000000000000e+00
2.065007832947350153e+01,0.000000000000000000e+00
2.019203224622708248e+01,0.000000000000000000e+00
1.947082911671119732e+01,0.000000000000000000e+00
2.275544327084245566e+01,0.000000000000000000e+00
2.006936138403927572e+01,0.000000000000000000e+00
1.906356686530361344e+01,0.000000000000000000e+00
2.297490484190692683e+01,0.000000000000000000e+00
1.759365527416557384e+01,0.000000000000000000e+00
1.974133783147092558e+01,0.000000000000000000e+00
1.844554018711373544e+01,0.000000000000000000e+00
1.710509373610896233e+01,0.000000000000000000e+00
1.797982564240879455e+01,0.000000000000000000e+00
1.891296137916915399e+01,0.000000000000000000e+00
2.120634637093528951e+01,0.000000000000000000e+00
1.934385931286910676e+01,0.000000000000000000e+00
2.172132128325787903e+01,0.000000000000000000e+00
2.276311004466707644e+01,0.000000000000000000e+00
2.070816492964790356e+01,0.000000000000000000e+00
1.755813073129140633e+01,0.000000000000000000e+00
2.033255470871464254e+01,0.000000000000000000e+00
2.415725301130214220e+01,0.000000000000000000e+00
2.056382571303963047e+01,0.000000000000000000e+00
2.112404105079606609e+01,0.000000000000000000e+00
1.808002653093148027e+01,0.000000000000000000e+00
2.193102796313059244e+01,0.000000000000000000e+00
2.074369990443344136e+01,0.000000000000000000e+00
2.292352089087693301e+01,0.000000000000000000e+00
1.946330060682674556e+01,0.000000000000000000e+00
1.977297056407893194e+01,0.000000000000000000e+00
1.929209850096865608e+01,0.000000000000000000e+00
2.200731448734148543e+01,0.000000000000000000e+00
2.105967560468660338e+01,0.000000000000000000e+00
2.470508360140820514e+01,0.000000000000000000e+00
2.114125076267243131e+01,0.000000000000000000e+00
1.802714530496409751e+01,0.000000000000000000e+00
2.264658834706174773e+01,0.000000000000000000e+00
1.849102360291358238e+01,0.000000000000000000e+00
2.030761362317095475e+01,0.000000000000000000e+00
2.104390272501508363e+01,0.000000000000000000e+00
2.177505969459130242e+01,0.000000000000000000e+00
2.175585108104851884e+01,0.000000000000000000e+00
1.956936823413567694e+01,0.000000000000000000e+00
2.354552460461227881e+01,0.000000000000000000e+00
2.073391018417045117e+01,0.000000000000000000e+00
2.210716116420637789e+01,0.000000000000000000e+00
2.031614140489892506e+01,0.000000000000000000e+00
2.096085501703869625e+01,0.000000000000000000e+00
2.068063944491442996e+01,0.000000000000000000e+00
2.088175990421021666e+01,0.000000000000000000e+00
2.361428278176162010e+01,0.000000000000000000e+00
1.974414303721706432e+01,0.000000000000000000e+00
2.103576197165994088e+01,0.000000000000000000e+00
2.083076237612037218e+01,0.000000000000000000e+00
1.827342991666543170e+01,0.000000000000000000e+00
1.751336905002943567e+01,0.000000000000000000e+00
2.003620239983531093e+01,0.000000000000000000e+00
2.231801099037782166e+01,0.000000000000000000e+00
2.066620977763851030e+01,0.000000000000000000e+00
2.023166678654324002e+01,0.000000000000000000e+00
1.988573889660469618e+01,0.000000000000000000e+00
2.150331472410056577e+01,0.000000000000000000e+00
2.208400131844281589e+01,0.000000000000000000e+00
2.138063154280421685e+01,0.000000000000000000e+00
2.255256972559527995e+01,0.000000000000000000e+00
1.993708264339008451e+01,0.000000000000000000e+00
1.948517281208225427e+01,0.000000000000000000e+00
1.985511352980428512e+01,0.000000000000000000e+00
1.821780934294889320e+01,0.000000000000000000e+00
2.119692087578126660e+01,0.000000000000000000e+00
1.742340280945478170e+01,0.000000000000000000e+00
1.973050107770325923e+01,0.000000000000000000e+00
2.040235178490837242e+01,0.000000000000000000e+00
2.249431275708410638e+01,0.000000000000000000e+00
2.269645496189741607e+01,0.000000000000000000e+00
2.072256486742866599e+01,0.000000000000000000e+00
2.103594117129059171e+01,0.000000000000000000e+00
2.283644656486254476e+01,0.000000000000000000e+00
2.058022030330790386e+01,0.000000000000000000e+00
1.998859818516844200e+01,0.000000000000000000e+00
2.045791671291152625e+01,0.000000000000000000e+00
1.712378028234549987e+01,0.000000000000000000e+00
2.026405290257462610e+01,0.000000000000000000e+00
2.411397701955477402e+01,0.000000000000000000e+00
2.186759597389146847e+01,0.000000000000000000e+00
2.240049229189901681e+01,0.000000000000000000e+00
2.049752906026877852e+01,0.000000000000000000e+00
2.141524711738935238e+01,0.000000000000000000e+00
2.255171521201100759e+01,0.000000000000000000e+00
2.311864536231525946e+01,0.000000000000000000e+00
1.981214407636966612e+01,0.000000000000000000e+00
1.905477091483025376e+01,0.000000000000000000e+00
2.050991233869205743e+01,0.000000000000000000e+00
2.174336219586183816e+01,0.000000000000000000e+00
2.266459193496199376e+01,0.000000000000000000e+00
2.356748702976963372e+01,0.000000000000000000e+00
2.050412527871369761e+01,0.000000000000000000e+00
2.172059469684087674e+01,0.000000000000000000e+00
2.090158099279104675e+01,0.000000000000000000e+00
2.240893194815762612e+01,0.000000000000000000e+00
2.484574920553220778e+01,0.000000000000000000e+00
2.182250687186085969e+01,0.000000000000000000e+00
1.967511705008363165e+01,0.000000000000000000e+00
2.407734444719047673e+01,0.000000000000000000e+00
1.636414360344598862e+01,0.000000000000000000e+00
1.916386227142253773e+01,0.000000000000000000e+00
1.949595335433764376e+01,0.000000000000000000e+00
1.964468582374395922e+01,0.000000000000000000e+00
2.243031450975118446e+01,0.000000000000000000e+00
2.361963886157109727e+01,0.000000000000000000e+00
2.379322102729399901e+01,0.000000000000000000e+00
2.293199555443364090e+01,0.000000000000000000e+00
2.510159634581336618e+01,0.000000000000000000e+00
2.098202885781141092e+01,0.000000000000000000e+00
2.673763920518934611e+01,0.000000000000000000e+00
2.559460719317796062e+01,0.000000000000000000e+00
2.168919426588237087e+01,0.000000000000000000e+00
2.561822498146353766e+01,0.000000000000000000e+00
2.241611054187071161e+01,0.000000000000000000e+00
2.260237041092067045e+01,0.000000000000000000e+00
2.221197158068252264e+01,0.000000000000000000e+00
2.466395240922783216e+01,0.000000000000000000e+00
2.131514929331830999e+01,0.000000000000000000e+00
1.939191129403836200e+01,0.000000000000000000e+00
2.317985611009904190e+01,0.000000000000000000e+00
2.463400690925637804e+01,0.000000000000000000e+00
2.145740853689551386e+01,0.000000000000000000e+00
2.412262092034544736e+01,0.000000000000000000e+00
2.485075466664121890e+01,0.000000000000000000e+00
2.310451500483875265e+01,0.000000000000000000e+00
2.399135439028193773e+01,0.000000000000000000e+00
2.439043475924748350e+01,0.000000000000000000e+00
2.454144568515419067e+01,0.000000000000000000e+00
2.264600784674797751e+01,0.000000000000000000e+00
2.534015171488752927e+01,0.000000000000000000e+00
2.156141866381054584e+01,0.000000000000000000e+00
2.318912705848131850e+01,0.000000000000000000e+00
2.600606074477631324e+01,0.000000000000000000e+00
2.307614548143227751e+01,0.000000000000000000e+00
2.591912404078077259e+01,0.000000000000000000e+00
2.351169552748383396e+01,0.000000000000000000e+00
2.155247165054454328e+01,0.000000000000000000e+00
2.615756220663600828e+01,0.000000000000000000e+00
2.688781907523665637e+01,0.000000000000000000e+00
2.334484012242965534e+01,0.000000000000000000e+00
2.228905325182151387e+01,0.000000000000000000e+00
2.410189211437597123e+01,0.000000000000000000e+00
2.068110144017405005e+01,0.000000000000000000e+00
2.375498222506166002e+01,0.000000000000000000e+00
2.476471674498349174e+01,0.000000000000000000e+00
2.392961838988253831e+01,0.000000000000000000e+00
2.445979873032385044e+01,0.000000000000000000e+00
2.177516760543998231e+01,0.000000000000000000e+00
2.673336910379353171e+01,0.000000000000000000e+00
2.076711270028702216e+01,0.000000000000000000e+00
2.659922588057597181e+01,0.000000000000000000e+00
2.709238914792673114e+01,0.000000000000000000e+00
2.235221958476041948e+01,0.000000000000000000e+00
2.238653335692648483e+01,0.000000000000000000e+00
2.596757194361318000e+01,0.000000000000000000e+00
2.368717858709553425e+01,0.000000000000000000e+00
2.400502463850838808e+01,0.000000000000000000e+00
2.190748659629617734e+01,0.000000000000000000e+00
2.588965310187376900e+01,0.000000000000000000e+00
2.620006438139062155e+01,0.000000000000000000e+00
2.267487438014500967e+01,0.000000000000000000e+00
2.462424254266786861e+01,0.000000000000000000e+00
2.703906818858629535e+01,0.000000000000000000e+00
2.524885271282698085e+01,0.000000000000000000e+00
2.348698267234231096e+01,0.000000000000000000e+00
2.076080150456289175e+01,0.000000000000000000e+00
2.194457613904716808e+01,0.000000000000000000e+00
2.628582471478302907e+01,0.000000000000000000e+00
2.664601515650324970e+01,0.000000000000000000e+00
2.420085924052047943e+01,0.000000000000000000e+00
2.609538427261479754e+01,0.000000000000000000e+00
2.236261906870832306e+01,0.000000000000000000e+00
2.149870797111407583e+01,0.000000000000000000e+00
2.644825933731198120e+01,0.000000000000000000e+00
2.315866798839083529e+01,0.000000000000000000e+00
2.616684426925274209e+01,0.000000000000000000e+00
2.405014311657797776e+01,0.000000000000000000e+00
1.980631449031880109e+01,0.000000000000000000e+00
2.480870410770559076e+01,0.000000000000000000e+00
2.426582427032635536e+01,0.000000000000000000e+00
2.566149100395811899e+01,0.000000000000000000e+00
2.158580351348016535e+01,0.000000000000000000e+00
2.916281734830820227e+01,0.000000000000000000e+00
2.448338171829534815e+01,0.000000000000000000e+00
2.695205566653840989e+01,0.000000000000000000e+00
2.414203427202195940e+01,0.000000000000000000e+00
2.538910718209793771e+01,0.000000000000000000e+00
2.422530100279969290e+01,0.000000000000000000e+00
2.582308708001239950e+01,0.000000000000000000e+00
2.252651490038008575e+01,0.000000000000000000e+00
2.452616556693848793e+01,0.000000000000000000e+00
2.359436853096933362e+01,0.000000000000000000e+00
2.647293256031394648e+01,0.000000000000000000e+00
2.752814172965418038e+01,0.000000000000000000e+00
2.352341106733731380e+01,0.000000000000000000e+00
2.831221413243867957e+01,0.000000000000000000e+00
2.573680848664465870e+01,0.000000000000000000e+00
2.533217679238994080e+01,0.000000000000000000e+00
2.592719880011213363e+01,0.000000000000000000e+00
2.549348031749308774e+01,0.000000000000000000e+00
2.578170195757414618e+01,0.000000000000000000e+00
2.932152259442564457e+01,0.000000000000000000e+00
2.546443634509348541e+01,0.000000000000000000e+00
2.420881167869433170e+01,0.000000000000000000e+00
2.518650262991698341e+01,0.000000000000000000e+00
2.551389365098856743e+01,0.000000000000000000e+00
2.125281376165814606e+01,0.000000000000000000e+00
2.686790617169171114e+01,0.000000000000000000e+00
2.578667641880735673e+01,0.000000000000000000e+00
2.294624146356211369e+01,0.000000000000000000e+00
2.633644332153884804e+01,0.000000000000000000e+00
2.637138611300273539e+01,0.000000000000000000e+00
2.631396931546342799e+01,0.000000000000000000e+00
2.832959438741209723e+01,0.000000000000000000e+00
2.379849692853468213e+01,0.000000000000000000e+00
2.774187903235787900e+01,0.000000000000000000e+00
2.649960101055282280e+01,0.000000000000000000e+00
2.537191273898647026e+01,0.000000000000000000e+00
2.726512491617418732e+01,0.000000000000000000e+00
2.908801092465202842e+01,0.000000000000000000e+00
2.909400081334847599e+01,0.000000000000000000e+00
2.547875333422177491e+01,0.000000000000000000e+00
2.814359714827637404e+01,0.000000000000000000e+00
3.028725341495889722e+01,0.000000000000000000e+00
2.460116170296336691e+01,0.000000000000000000e+00
2.398429351035112944e+01,0.000000000000000000e+00
2.377864888406244859e+01,0.000000000000000000e+00
2.538833876464880746e+01,0.000000000000000000e+00
2.391167601916021823e+01,0.000000000000000000e+00
2.802988484792260948e+01,0.000000000000000000e+00
3.049515757574665287e+01,0.000000000000000000e+00
2.785096527431628743e+01,0.000000000000000000e+00
2.898165354911634140e+01,0.000000000000000000e+00
2.272445250776580394e+01,0.000000000000000000e+00
2.540576295537448104e+01,0.000000000000000000e+00
3.273814664207144176e+01,0.000000000000000000e+00
2.794186134545686429e+01,0.000000000000000000e+00
2.682068025358329777e+01,0.000000000000000000e+00
2.294664243426322514e+01,0.000000000000000000e+00
3.234099392546359297e+01,0.000000000000000000e+00
2.764040792067047292e+01,0.000000000000000000e+00
2.896515175446678469e+01,0.000000000000000000e+00
2.849261157263713073e+01,0.000000000000000000e+00
2.687502700116004917e+01,0.000000000000000000e+00
2.859145725220242440e+01,0.000000000000000000e+00
2.838224490448446247e+01,0.000000000000000000e+00
2.817048330075454743e+01,0.000000000000000000e+00
2.869897790962073358e+01,0.000000000000000000e+00
2.932660706870775869e+01,0.000000000000000000e+00
2.925312714898370103e+01,0.000000000000000000e+00
2.813111749461956634e+01,0.000000000000000000e+00
2.878670389219756132e+01,0.000000000000000000e+00
2.660421034558623532e+01,0.000000000000000000e+00
2.934547470673951608e+01,0.000000000000000000e+00
2.894558448828982478e+01,0.000000000000000000e+00
2.947871278792058902e+01,0.000000000000000000e+00
2.941940037733492375e+01,0.000000000000000000e+00
2.922381647512563063e+01,0.000000000000000000e+00
3.038321920005413190e+01,0.000000000000000000e+00
3.003862554984241484e+01,0.000000000000000000e+00
2.596245563939182333e+01,0.000000000000000000e+00
3.125978731192475024e+01,0.000000000000000000e+00
3.042709391447030853e+01,0.000000000000000000e+00
3.091437957382338197e+01,0.000000000000000000e+00
2.990313894779863091e+01,0.000000000000000000e+00
3.020019189758274791e+01,0.000000000000000000e+00
2.717410511042839261e+01,0.000000000000000000e+00
2.906395078851645408e+01,0.000000000000000000e+00
3.366986001806993301e+01,0.000000000000000000e+00
3.332850431201365637e+01,0.000000000000000000e+00
3.211682803731498836e+01,0.000000000000000000e+00
2.726871871708718942e+01,0.000000000000000000e+00
3.006155356351004215e+01,0.000000000000000000e+00
3.166654174865871951e+01,0.000000000000000000e+00
2.485128472322229953e+01,0.000000000000000000e+00
2.889156444696849846e+01,0.000000000000000000e+00
2.975977223216630563e+01,0.000000000000000000e+00
3.172303634745157197e+01,0.000000000000000000e+00
2.887259308861160889e+01,0.000000000000000000e+00
3.186364014852350124e+01,0.000000000000000000e+00
3.368048426239847259e+01,0.000000000000000000e+00
3.039166914235107697e+01,0.000000000000000000e+00
2.759854527130844204e+01,0.000000000000000000e+00
3.120810724399343528e+01,0.000000000000000000e+00
2.818926402056222358e+01,0.000000000000000000e+00
3.049569268420144752e+01,0.000000000000000000e+00
3.127699423721808358e+01,0.000000000000000000e+00
3.014707345259232696e+01,0.000000000000000000e+00
3.294108170935908220e+01,0.000000000000000000e+00
3.066818421124230198e+01,0.000000000000000000e+00
3.046001369346760512e+01,0.000000000000000000e+00
2.884690647600271163e+01,0.000000000000000000e+00
3.038079687853274180e+01,0.000000000000000000e+00
2.889564874278395834e+01,0.000000000000000000e+00
3.229785204315047764e+01,0.000000000000000000e+00
3.043953843314565688e+01,0.000000000000000000e+00
2.583364950615266054e+01,0.000000000000000000e+00
3.072860186306878560e+01,0.000000000000000000e+00
3.001907151538621221e+01,0.000000000000000000e+00
3.450752711179303134e+01,0.000000000000000000e+00
3.246346768984744813e+01,0.000000000000000000e+00
3.103529496546283184e+01,0.000000000000000000e+00
3.258204213526474291e+01,0.000000000000000000e+00
3.272681781763813547e+01,0.000000000000000000e+00
3.153206610960153711e+01,0.000000000000000000e+00
3.159397412462156041e+01,0.000000000000000000e+00
3.331707224413169399e+01,0.000000000000000000e+00
3.025999240198781237e+01,0.000000000000000000e+00
3.162899194329558483e+01,0.000000000000000000e+00
3.465166079811098143e+01,0.000000000000000000e+00
3.337352830933691905e+01,0.000000000000000000e+00
3.240751981527553482e+01,0.000000000000000000e+00
3.120973232608824688e+01,0.000000000000000000e+00
3.581746413049668831e+01,0.000000000000000000e+00
3.231279103908797623e+01,0.000000000000000000e+00
3.144611182814754358e+01,0.000000000000000000e+00
3.263133597056682333e+01,0.000000000000000000e+00
3.420415029677991470e+01,0.000000000000000000e+00
3.510262029574023046e+01,0.000000000000000000e+00
3.514331676001089733e+01,0.000000000000000000e+00
3.539609787996521817e+01,0.000000000000000000e+00
3.089347132409978869e+01,0.000000000000000000e+00
3.201169517375575424e+01,0.000000000000000000e+00
3.376429203981324889e+01,0.000000000000000000e+00
3.369696406838672686e+01,0.000000000000000000e+00
3.377791287345503690e+01,0.000000000000000000e+00
3.440395869136231966e+01,0.000000000000000000e+00
3.408017650961223666e+01,0.000000000000000000e+00
3.567769762430859970e+01,0.000000000000000000e+00
3.135786275182741889e+01,0.000000000000000000e+00
3.580454262069849136e+01,0.000000000000000000e+00
2.994172769926910860e+01,0.000000000000000000e+00
3.507788125634684206e+01,0.000000000000000000e+00
3.243287864501763096e+01,0.000000000000000000e+00
3.421556994552076247e+01,0.000000000000000000e+00
3.694292956932638106e+01,0.000000000000000000e+00
3.221883735286732531e+01,0.000000000000000000e+00
3.393798756933914973e+01,0.000000000000000000e+00
3.298132047857825455e+01,0.000000000000000000e+00
3.369740627465208860e+01,0.000000000000000000e+00
3.365873320415449399e+01,0.000000000000000000e+00
3.561650069279886566e+01,0.000000000000000000e+00
3.587738023597873394e+01,0.000000000000000000e+00
3.245728565454852799e+01,0.000000000000000000e+00
3.244720478480865467e+01,0.000000000000000000e+00
3.452684423356552657e+01,0.000000000000000000e+00
3.624885258623166351e+01,0.000000000000000000e+00
3.460999520399297325e+01,0.000000000000000000e+00
3.253717849150594077e+01,0.000000000000000000e+00
3.626031698693822847e+01,0.000000000000000000e+00
3.559863890666499486e+01,0.000000000000000000e+00
3.490033786574814201e+01,0.000000000000000000e+00
3.555155344761450920e+01,0.000000000000000000e+00
3.178488711368821384e+01,0.000000000000000000e+00
3.418211365807015767e+01,0.000000000000000000e+00
3.472750034789508078e+01,0.000000000000000000e+00
3.575349182415494198e+01,0.000000000000000000e+00
3.718086237570129526e+01,0.000000000000000000e+00
3.365697270531915564e+01,0.000000000000000000e+00
3.300898739313896613e+01,0.000000000000000000e+00
3.494414714437822056e+01,0.000000000000000000e+00
3.650273093062243390e+01,0.000000000000000000e+00
3.757997595867396967e+01,0.000000000000000000e+00
3.137777667476835930e+01,0.000000000000000000e+00
3.560558206408801851e+01,0.000000000000000000e+00
3.504294559092786443e+01,0.000000000000000000e+00
3.446651346304152952e+01,0.000000000000000000e+00
3.804614640462827424e+01,0.000000000000000000e+00
3.766728819417291874e+01,0.000000000000000000e+00
3.610388497299987165e+01,0.000000000000000000e+00
3.482752002777133526e+01,0.000000000000000000e+00
3.821449241848449674e+01,0.000000000000000000e+00
3.455311652034795600e+01,0.000000000000000000e+00
3.635686586389566344e+01,0.000000000000000000e+00
3.511407926729501128e+01,0.000000000000000000e+00
3.608963852532968275e+01,0.000000000000000000e+00
3.741277715691766304e+01,0.000000000000000000e+00
3.541774994317184166e+01,0.000000000000000000e+00
3.585767828978803351e+01,0.000000000000000000e+00
3.548369212298307218e+01,0.000000000000000000e+00
3.815194485799296586e+01,0.000000000000000000e+00
3.372708278326093279e+01,0.000000000000000000e+00
3.483272401446273392e+01,0.000000000000000000e+00
3.721887644332670675e+01,0.000000000000000000e+00
3.749881405624050501e+01,0.000000000000000000e+00
3.461436596403876820e+01,0.000000000000000000e+00
3.851885636565996407e+01,0.000000000000000000e+00
3.218121940739027309e+01,0.000000000000000000e+00
3.827031993071053506e+01,0.000000000000000000e+00
3.754514196109788315e+01,0.000000000000000000e+00
3.973000905275353034e+01,0.000000000000000000e+00
3.695135845064042712e+01,0.000000000000000000e+00
4.034036768878971202e+01,0.000000000000000000e+00
3.897855213463352442e+01,0.000000000000000000e+00
3.670735274215048349e+01,0.000000000000000000e+00
3.638390893277299654e+01,0.000000000000000000e+00
3.940926403775483067e+01,0.000000000000000000e+00
3.765302068548803760e+01,0.000000000000000000e+00
3.607431841034998854e+01,0.000000000000000000e+00
4.000692575405945917e+01,0.000000000000000000e+00
3.665685194513095269e+01,0.000000000000000000e+00
3.776642293285213015e+01,0.000000000000000000e+00
3.432341693630805679e+01,0.000000000000000000e+00
3.655879816835503959e+01,0.000000000000000000e+00
3.594423186080489785e+01,0.000000000000000000e+00
4.111898482277927513e+01,0.000000000000000000e+00
3.746068163215430502e+01,0.000000000000000000e+00
3.914566830301411926e+01,0.000000000000000000e+00
3.878639966832400177e+01,0.000000000000000000e+00
3.817450748689422824e+01,0.000000000000000000e+00
4.113368546015270510e+01,0.000000000000000000e+00
3.925404530579599793e+01,0.000000000000000000e+00
3.993632961728595632e+01,0.000000000000000000e+00
4.152795778382273539e+01,0.000000000000000000e+00
3.912250768984164040e+01,0.000000000000000000e+00
4.136666417115002758e+01,0.000000000000000000e+00
3.703051524498643232e+01,0.000000000000000000e+00
3.605475215856496618e+01,0.000000000000000000e+00
4.067110980473592008e+01,0.000000000000000000e+00
4.150623609070111542e+01,0.000000000000000000e+00
3.900490933864914922e+01,0.000000000000000000e+00
3.840205530750684204e+01,0.000000000000000000e+00
4.312101198454717377e+01,0.000000000000000000e+00
3.986130286574982762e+01,0.000000000000000000e+00
3.768792312869529582e+01,0.000000000000000000e+00
3.852740109455203310e+01,0.000000000000000000e+00
3.986041302450412616e+01,0.000000000000000000e+00
4.210228204568041832e+01,0.000000000000000000e+00
4.222123744931097633e+01,0.000000000000000000e+00
3.800357040906718709e+01,0.000000000000000000e+00
4.021663404663597419e+01,0.000000000000000000e+00
3.993006958114953875e+01,0.000000000000000000e+00
4.074748172155301518e+01,0.000000000000000000e+00
4.156600468612746369e+01,0.000000000000000000e+00
4.085717317360283829e+01,0.000000000000000000e+00
4.447127539527235740e+01,0.000000000000000000e+00
4.060747463357134990e+01,0.000000000000000000e+00
3.921324860777071564e+01,0.000000000000000000e+00
4.120999650312617035e+01,0.000000000000000000e+00
4.238644093572521143e+01,0.000000000000000000e+00
3.826607700769478981e+01,0.000000000000000000e+00
4.135265267126462874e+01,0.000000000000000000e+00
4.326951063049193635e+01,0.000000000000000000e+00
4.338283144465840735e+01,0.000000000000000000e+00
4.239935221743003524e+01,0.000000000000000000e+00
4.191535660592627721e+01,0.000000000000000000e+00
4.511761048296667553e+01,0.000000000000000000e+00
4.450184557830976217e+01,0.000000000000000000e+00
4.532275557708780411e+01,0.000000000000000000e+00
4.130803693018339118e+01,0.000000000000000000e+00
4.462461156170142118e+01,0.000000000000000000e+00
4.072883340796727936e+01,0.000000000000000000e+00
4.156486859065460493e+01,0.000000000000000000e+00
4.498781692767206408e+01,0.000000000000000000e+00
4.273123007078663704e+01,0.000000000000000000e+00
4.159245551846743894e+01,0.000000000000000000e+00
4.415153392501602525e+01,0.000000000000000000e+00
4.507936969526510040e+01,0.000000000000000000e+00
4.446317278511147464e+01,0.000000000000000000e+00
4.392771128558732840e+01,0.000000000000000000e+00
4.019805766180385120e+01,0.000000000000000000e+00
4.161271711504751636e+01,0.000000000000000000e+00
4.453039623588793461e+01,0.000000000000000000e+00
4.514956645408553015e+01,0.000000000000000000e+00
4.360889800793690796e+01,0.000000000000000000e+00
4.093640195747894950e+01,0.000000000000000000e+00
4.622063740658187214e+01,0.000000000000000000e+00
4.363786539894334027e+01,0.000000000000000000e+00
4.389890047178979415e+01,0.000000000000000000e+00
4.528743684524461344e+01,0.000000000000000000e+00
4.518803071531556981e+01,0.000000000000000000e+00
4.196099366553799115e+01,0.000000000000000000e+00
4.302494483257478208e+01,0.000000000000000000e+00
4.646379572507519384e+01,0.000000000000000000e+00
4.417201638834625754e+01,0.000000000000000000e+00
4.292467448784485384e+01,0.000000000000000000e+00
4.483085567197126409e+01,0.000000000000000000e+00
4.539908090720604861e+01,0.000000000000000000e+00
4.479464910393777188e+01,0.000000000000000000e+00
4.342359157284092674e+01,0.000000000000000000e+00
4.968466758169237352e+01,0.000000000000000000e+00
4.400706009239804217e+01,0.000000000000000000e+00
4.458758811566163871e+01,0.000000000000000000e+00
4.453847322366956973e+01,0.000000000000000000e+00
4.503007057204373353e+01,0.000000000000000000e+00
4.420261193398508226e+01,0.000000000000000000e+00
4.484551023271684755e+01,0.000000000000000000e+00
4.467942202155245468e+01,0.000000000000000000e+00
5.063513061307962460e+01,0.000000000000000000e+00
4.539554757110036576e+01,0.000000000000000000e+00
4.357029624032861648e+01,0.000000000000000000e+00
4.575084929616127738e+01,0.000000000000000000e+00
4.284430312238967531e+01,0.000000000000000000e+00
4.582293814412316380e+01,0.000000000000000000e+00
4.537373931620271605e+01,0.000000000000000000e+00
4.860341028104483030e+01,0.000000000000000000e+00
4.512807921040752035e+01,0.000000000000000000e+00
4.659959944211701099e+01,0.000000000000000000e+00
4.406570120556838788e+01,0.000000000000000000e+00
4.481647731375557697e+01,0.000000000000000000e+00
4.606562549642094240e+01,0.000000000000000000e+00
4.780106898604093857e+01,0.000000000000000000e+00
4.660449882719438364e+01,0.000000000000000000e+00
4.447670530616865392e+01,0.000000000000000000e+00
4.836015784432007081e+01,0.000000000000000000e+00
4.362232842259994925e+01,0.000000000000000000e+00
4.812534055602290550e+01,0.000000000000000000e+00
4.685960253910567985e+01,0.000000000000000000e+00
4.909382127682101782e+01,0.000000000000000000e+00
4.870842803828722367e+01,0.000000000000000000e+00
4.938661670774854429e+01,0.000000000000000000e+00
4.631881899302207728e+01,0.000000000000000000e+00
4.770722194200339317e+01,0.000000000000000000e+00
4.713590631141030229e+01,0.000000000000000000e+00
4.779223692142645064e+01,0.000000000000000000e+00
5.242983037331511298e+01,0.000000000000000000e+00
4.750792230109174596e+01,0.000000000000000000e+00
4.936433272269135131e+01,0.000000000000000000e+00
4.994796668742588253e+01,0.000000000000000000e+00
4.392136513651899321e+01,0.000000000000000000e+00
4.626039854562732501e+01,0.000000000000000000e+00
4.789090972793127321e+01,0.000000000000000000e+00
4.869690585968201191e+01,0.000000000000000000e+00
5.128785177086886193e+01,0.000000000000000000e+00
4.876039665586203142e+01,0.000000000000000000e+00
4.568653626251563082e+01,0.000000000000000000e+00
4.689979770019976257e+01,0.000000000000000000e+00
4.630925496329817292e+01,0.000000000000000000e+00
4.680002583029332186e+01,0.000000000000000000e+00
4.969926514731340461e+01,0.000000000000000000e+00
4.713773141926103705e+01,0.000000000000000000e+00
4.913059064333327086e+01,0.000000000000000000e+00
5.090217314125141002e+01,0.000000000000000000e+00
4.942551071901590376e+01,0.000000000000000000e+00
4.608924746898007641e+01,0.000000000000000000e+00
4.754587272948430865e+01,0.000000000000000000e+00
5.115238470136377913e+01,0.000000000000000000e+00
4.985260398697344186e+01,0.000000000000000000e+00
4.778557868378076279e+01,0.000000000000000000e+00
4.688106766854369312e+01,0.000000000000000000e+00
5.104509641970039269e+01,0.000000000000000000e+00
4.950248959965374240e+01,0.000000000000000000e+00
4.939270972647987890e+01,0.000000000000000000e+00
4.692127546145341199e+01,0.000000000000000000e+00
5.021456695849576590e+01,0.000000000000000000e+00
4.860466147520251923e+01,0.000000000000000000e+00
4.944321148774504593e+01,0.000000000000000000e+00
