value,error
1.634535145668575851e+01,0.000000000000000000e+00
1.919751140151789670e+01,0.000000000000000000e+00
2.108794207924123754e+01,0.000000000000000000e+00
2.105347434376690430e+01,0.000000000000000000e+00
1.820798023911038399e+01,0.000000000000000000e+00
1.958689211835019606e+01,0.000000000000000000e+00
2.028339453473848053e+01,0.000000000000000000e+00
1.997609136233428373e+01,0.000000000000000000e+00
2.142823400507851517e+01,0.000000000000000000e+00
2.158594212024292247e+01,0.000000000000000000e+00
2.167136008543196724e+01,0.000000000000000000e+00
2.561686140707806203e+01,0.000000000000000000e+00
2.241636669574353391e+01,0.000000000000000000e+00
1.823532174545142226e+01,0.000000000000000000e+00
1.540374423908717638e+01,0.000000000000000000e+00
2.211234898651629877e+01,0.000000000000000000e+00
1.771977756459922659e+01,0.000000000000000000e+00
2.274400657891147404e+01,0.000000000000000000e+00
1.913697321492482928e+01,0.000000000000000000e+00
1.945495787952076583e+01,0.000000000000000000e+00
2.142308347655320944e+01,0.000000000000000000e+00
1.835648836072709855e+01,0.000000000000000000e+00
1.851070783509292994e+01,0.000000000000000000e+00
2.040700343107999615e+01,0.000000000000000000e+00
1.969910703498907978e+01,0.000000000000000000e+00
1.954773854451936899e+01,0.000000000000000000e+00
1.746718236250861978e+01,0.000000000000000000e+00
2.202351812817757448e+01,0.000000000000000000e+00
2.197103827135268617e+01,0.000000000000000000e+00
2.187803852859505582e+01,0.000000000000000000e+00
1.912729857216082507e+01,0.000000000000000000e+00
2.009376482733015123e+01,0.000000000000000000e+00
1.844757260779232055e+01,0.000000000000000000e+00
1.835619969795749284e+01,0.000000000000000000e+00
2.321991337226336327e+01,0.000000000000000000e+00
1.720003491726275868e+01,0.000000000000000000e+00
1.900519111693938967e+01,0.000000000000000000e+00
1.943424606805535504e+01,0.000000000000000000e+00
1.633724501789234296e+01,0.000000000000000000e+00
2.085346488941449650e+01,0.000000000000000000e+00
2.009675291211450698e+01,0.000000000000000000e+00
1.860615996835655039e+01,0.000000000000000000e+00
2.132640576046726011e+01,0.000000000000000000e+00
1.862949885677373274e+01,0.000000000000000000e+00
2.197244851871871418e+01,0.000000000000000000e+00
1.841456049572005327e+01,0.000000000000000000e+00
1.776046997063616573e+01,0.000000000000000000e+00
1.822294733886050011e+01,0.000000000000000000e+00
2.319865286158024986e+01,0.000000000000000000e+00
1.869601559563179194e+01,0.000000000000000000e+00
2.441258041139295898e+01,0.000000000000000000e+00
2.189520240216861069e+01,0.000000000000000000e+00
1.877254501660422648e+01,0.000000000000000000e+00
2.113181606797440182e+01,0.000000000000000000e+00
2.368889914351015591e+01,0.000000000000000000e+00
2.140231121275962778e+01,0.000000000000000000e+00
1.775727536753170099e+01,0.000000000000000000e+00
1.703297712824945975e+01,0.000000000000000000e+00
1.668537131702925080e+01,0.000000000000000000e+00
1.950916808649325063e+01,0.000000000000000000e+00
2.043229991843272941e+01,0.000000000000000000e+00
1.845926317197711697e+01,0.000000000000000000e+00
1.987474986186708037e+01,0.000000000000000000e+00
2.044160988179221761e+01,0.000000000000000000e+00
2.178447666513732983e+01,0.000000000000000000e+00
2.277290462121924719e+01,0.000000000000000000e+00
2.299468527372460258e+01,0.000000000000000000e+00
1.918011715003327922e+01,0.000000000000000000e+00
1.942856340472145504e+01,0.000000000000000000e+00
1.853914475033896636e+01,0.000000000000000000e+00
1.817855570535238030e+01,0.000000000000000000e+00
2.292680860276130517e+01,0.000000000000000000e+00
1.995985724637837677e+01,0.000000000000000000e+00
1.837291421036369243e+01,0.000000000000000000e+00
2.211396253745215290e+01,0.000000000000000000e+00
1.909427221636223493e+01,0.000000000000000000e+00
1.639512785113623750e+01,0.000000000000000000e+00
1.715122276349791974e+01,0.000000000000000000e+00
2.204755413989026636e+01,0.000000000000000000e+00
1.918065707344451809e+01,0.000000000000000000e+00
2.139133118878810791e+01,0.000000000000000000e+00
2.293862373531781884e+01,0.000000000000000000e+00
2.343712786512065804e+01,0.000000000000000000e+00
2.133309388173748999e+01,0.000000000000000000e+00
2.210327084829149058e+01,0.000000000000000000e+00
1.556414501643110526e+01,0.000000000000000000e+00
1.948210050338614252e+01,0.000000000000000000e+00
1.907367423461818490e+01,0.000000000000000000e+00
2.242927623805895365e+01,0.000000000000000000e+00
2.191595802692848949e+01,0.000000000000000000e+00
1.913261636578478431e+01,0.000000000000000000e+00
2.237725941562195331e+01,0.000000000000000000e+00
2.182424200867011876e+01,0.000000000000000000e+00
1.582874529677084041e+01,0.000000000000000000e+00
1.615429989598088767e+01,0.000000000000000000e+00
2.162051916253648898e+01,0.000000000000000000e+00
1.894641762274651242e+01,0.000000000000000000e+00
1.965534463597257542e+01,0.000000000000000000e+00
1.895805546485748039e+01,0.000000000000000000e+00
2.299734801767853298e+01,0.000000000000000000e+00
1.643504618259469297e+01,0.000000000000000000e+00
1.848894332332146817e+01,0.000000000000000000e+00
1.945307570387129914e+01,0.000000000000000000e+00
2.269787221516057940e+01,0.000000000000000000e+00
1.779824851205462011e+01,0.000000000000000000e+00
1.990020636458071479e+01,0.000000000000000000e+00
2.056322268677088871e+01,0.000000000000000000e+00
2.035632613916953204e+01,0.000000000000000000e+00
6.812932328923851344e+01,0.000000000000000000e+00
6.795567555396769421e+01,0.000000000000000000e+00
6.962960623948342231e+01,0.000000000000000000e+00
7.299208230931746755e+01,0.000000000000000000e+00
6.881530849024613872e+01,0.000000000000000000e+00
6.836639085965960305e+01,0.000000000000000000e+00
6.977711389648513318e+01,0.000000000000000000e+00
6.640482559854181943e+01,0.000000000000000000e+00
6.545147118022404698e+01,0.000000000000000000e+00
6.598186983290067076e+01,0.000000000000000000e+00
6.599358286525215078e+01,0.000000000000000000e+00
7.002376616593699055e+01,0.000000000000000000e+00
7.793574586241791735e+01,0.000000000000000000e+00
7.736889325399987172e+01,0.000000000000000000e+00
7.633442435932708747e+01,0.000000000000000000e+00
7.800965370506362717e+01,0.000000000000000000e+00
7.963981896921487191e+01,0.000000000000000000e+00
7.797187638464365023e+01,0.000000000000000000e+00
7.476921708007402856e+01,0.000000000000000000e+00
7.904398101988061853e+01,0.000000000000000000e+00
7.710761977634487607e+01,0.000000000000000000e+00
7.748039184201641660e+01,0.000000000000000000e+00
7.539742294513099807e+01,0.000000000000000000e+00
7.634126793139880363e+01,0.000000000000000000e+00
8.418641787085786632e+01,0.000000000000000000e+00
7.857660843685643215e+01,0.000000000000000000e+00
8.121235337776164442e+01,0.000000000000000000e+00
8.067280725403610120e+01,0.000000000000000000e+00
7.809767659333627421e+01,0.000000000000000000e+00
7.685571743499352237e+01,0.000000000000000000e+00
7.825020779729446474e+01,0.000000000000000000e+00
7.757223597775569601e+01,0.000000000000000000e+00
8.295133257450926578e+01,0.000000000000000000e+00
8.001790499978540083e+01,0.000000000000000000e+00
7.795992344438039368e+01,0.000000000000000000e+00
7.681621236897478866e+01,0.000000000000000000e+00
7.862183389174218462e+01,0.000000000000000000e+00
7.832881166927602123e+01,0.000000000000000000e+00
7.916918571213170708e+01,0.000000000000000000e+00
8.079124584398043396e+01,0.000000000000000000e+00
8.213737479342324832e+01,0.000000000000000000e+00
8.211550600380917331e+01,0.000000000000000000e+00
8.004086858948545569e+01,0.000000000000000000e+00
8.129725556907442297e+01,0.000000000000000000e+00
8.166854501897915952e+01,0.000000000000000000e+00
8.041142980651727612e+01,0.000000000000000000e+00
8.227559827785697166e+01,0.000000000000000000e+00
8.081776515795409921e+01,0.000000000000000000e+00
7.957903637732708546e+01,0.000000000000000000e+00
7.984665115358943410e+01,0.000000000000000000e+00
8.193723104544348246e+01,0.000000000000000000e+00
8.119987398905578857e+01,0.000000000000000000e+00
8.076544127245254856e+01,0.000000000000000000e+00
7.877817022350153309e+01,0.000000000000000000e+00
8.287869716982066848e+01,0.000000000000000000e+00
7.889248509619275751e+01,0.000000000000000000e+00
8.109189179628710065e+01,0.000000000000000000e+00
7.931041258588835774e+01,0.000000000000000000e+00
7.749694940277916544e+01,0.000000000000000000e+00
8.292083730663580354e+01,0.000000000000000000e+00
7.889453938037576108e+01,0.000000000000000000e+00
7.789739311842384950e+01,0.000000000000000000e+00
7.884305204645546894e+01,0.000000000000000000e+00
7.794544766222840337e+01,0.000000000000000000e+00
7.977260634803222672e+01,0.000000000000000000e+00
8.013362000009435349e+01,0.000000000000000000e+00
8.007660558432867504e+01,0.000000000000000000e+00
8.038013634420150311e+01,0.000000000000000000e+00
7.997422751579068745e+01,0.000000000000000000e+00
7.799873066100754215e+01,0.000000000000000000e+00
7.925486133549570411e+01,0.000000000000000000e+00
8.175815901958979737e+01,0.000000000000000000e+00
7.719178414981448100e+01,0.000000000000000000e+00
7.954967683803582190e+01,0.000000000000000000e+00
7.880149999128138916e+01,0.000000000000000000e+00
7.866792772156442481e+01,0.000000000000000000e+00
7.773517167212010293e+01,0.000000000000000000e+00
8.197535890361255895e+01,0.000000000000000000e+00
8.133135768645848884e+01,0.000000000000000000e+00
8.215218272973046965e+01,0.000000000000000000e+00
7.755310914088153140e+01,0.000000000000000000e+00
8.055705432512480968e+01,0.000000000000000000e+00
8.130063947625369281e+01,0.000000000000000000e+00
8.073018726178611360e+01,0.000000000000000000e+00
7.792120315430796040e+01,0.000000000000000000e+00
8.122472174251292643e+01,0.000000000000000000e+00
8.242226847757542885e+01,0.000000000000000000e+00
7.760335496839759628e+01,0.000000000000000000e+00
7.973374631451008554e+01,0.000000000000000000e+00
7.696523244665981167e+01,0.000000000000000000e+00
8.146704649627092465e+01,0.000000000000000000e+00
7.892287152380541215e+01,0.000000000000000000e+00
8.111088021631444178e+01,0.000000000000000000e+00
8.083817991806370173e+01,0.000000000000000000e+00
7.917211930149412069e+01,0.000000000000000000e+00
7.883998615052416881e+01,0.000000000000000000e+00
8.471656008153387063e+01,0.000000000000000000e+00
8.096885233469951970e+01,0.000000000000000000e+00
7.896852577913846005e+01,0.000000000000000000e+00
7.962887506701696338e+01,0.000000000000000000e+00
7.628035186459463546e+01,0.000000000000000000e+00
8.073227931853413963e+01,0.000000000000000000e+00
7.973942547074990728e+01,0.000000000000000000e+00
8.095132290593083724e+01,0.000000000000000000e+00
7.554437092474680071e+01,0.000000000000000000e+00
7.963028063407105606e+01,0.000000000000000000e+00
7.628748220736832764e+01,0.000000000000000000e+00
7.896485270043763194e+01,0.000000000000000000e+00
2.986131644640515503e+01,0.000000000000000000e+00
2.872053709682840861e+01,0.000000000000000000e+00
2.792144763107479477e+01,0.000000000000000000e+00
3.043506274401547529e+01,0.000000000000000000e+00
3.020002676577223255e+01,0.000000000000000000e+00
3.251106950250957084e+01,0.000000000000000000e+00
2.997455155927909232e+01,0.000000000000000000e+00
3.165352040828317115e+01,0.000000000000000000e+00
3.358633412723756351e+01,0.000000000000000000e+00
3.460127099277305263e+01,0.000000000000000000e+00
2.696402244649408075e+01,0.000000000000000000e+00
3.310666815369685168e+01,0.000000000000000000e+00
2.562872354647043238e+01,0.000000000000000000e+00
2.032983254584863531e+01,0.000000000000000000e+00
2.154571760985366424e+01,0.000000000000000000e+00
2.211324970605925699e+01,0.000000000000000000e+00
2.522398295842840099e+01,0.000000000000000000e+00
2.048282463587639768e+01,0.000000000000000000e+00
1.976999915418791076e+01,0.000000000000000000e+00
2.178588567448331048e+01,0.000000000000000000e+00
2.459647554290864946e+01,0.000000000000000000e+00
2.620956816829540159e+01,0.000000000000000000e+00
2.197580501894225691e+01,0.000000000000000000e+00
2.148564005107307295e+01,0.000000000000000000e+00
2.078989876885188792e+01,0.000000000000000000e+00
1.818537352650301031e+01,0.000000000000000000e+00
2.174822669027524213e+01,0.000000000000000000e+00
2.088001946820258325e+01,0.000000000000000000e+00
1.883353090775936778e+01,0.000000000000000000e+00
2.128642210284826319e+01,0.000000000000000000e+00
2.147335499287880367e+01,0.000000000000000000e+00
2.214167323895344097e+01,0.000000000000000000e+00
1.907849452091154419e+01,0.000000000000000000e+00
1.802621579560181431e+01,0.000000000000000000e+00
1.763425022140552656e+01,0.000000000000000000e+00
1.809698217187778368e+01,0.000000000000000000e+00
2.248613220767560961e+01,0.000000000000000000e+00
1.938226638654959189e+01,0.000000000000000000e+00
2.335298964122784326e+01,0.000000000000000000e+00
1.980456262786807287e+01,0.000000000000000000e+00
1.898410449182415149e+01,0.000000000000000000e+00
2.382924136449565822e+01,0.000000000000000000e+00
2.063710760588655191e+01,0.000000000000000000e+00
2.039771437866988180e+01,0.000000000000000000e+00
1.877678582025716736e+01,0.000000000000000000e+00
1.830301232675281398e+01,0.000000000000000000e+00
2.244192625419497489e+01,0.000000000000000000e+00
2.049563151194920607e+01,0.000000000000000000e+00
2.051740519291728759e+01,0.000000000000000000e+00
1.685680945452468649e+01,0.000000000000000000e+00
2.100947259737142048e+01,0.000000000000000000e+00
1.850544969157680342e+01,0.000000000000000000e+00
1.966501821957202267e+01,0.000000000000000000e+00
2.178245580588237473e+01,0.000000000000000000e+00
1.945606140269496720e+01,0.000000000000000000e+00
1.589337431044025983e+01,0.000000000000000000e+00
1.937564970005827192e+01,0.000000000000000000e+00
2.122027098794327316e+01,0.000000000000000000e+00
2.042544813646830093e+01,0.000000000000000000e+00
2.342765180887097642e+01,0.000000000000000000e+00
1.680161395166224025e+01,0.000000000000000000e+00
2.000718804794310302e+01,0.000000000000000000e+00
2.582292633091266865e+01,0.000000000000000000e+00
1.723597189347422542e+01,0.000000000000000000e+00
1.764062641274950138e+01,0.000000000000000000e+00
2.228563772597041037e+01,0.000000000000000000e+00
2.394108781514980677e+01,0.000000000000000000e+00
2.075130292982496982e+01,0.000000000000000000e+00
2.083917455567158328e+01,0.000000000000000000e+00
1.830074304748128355e+01,0.000000000000000000e+00
2.208766825786664612e+01,0.000000000000000000e+00
1.812877136209765538e+01,0.000000000000000000e+00
1.928583867514926098e+01,0.000000000000000000e+00
2.220849217892622818e+01,0.000000000000000000e+00
2.225858427559591135e+01,0.000000000000000000e+00
1.629377484163368806e+01,0.000000000000000000e+00
2.032284152428974977e+01,0.000000000000000000e+00
2.182138048274917352e+01,0.000000000000000000e+00
1.981550298984315361e+01,0.000000000000000000e+00
2.350047440765211348e+01,0.000000000000000000e+00
1.854200601582989449e+01,0.000000000000000000e+00
1.929026274333306645e+01,0.000000000000000000e+00
2.003956854450868974e+01,0.000000000000000000e+00
2.152529338923767810e+01,0.000000000000000000e+00
2.227911064077708048e+01,0.000000000000000000e+00
1.909718633129135412e+01,0.000000000000000000e+00
2.085823559751108291e+01,0.000000000000000000e+00
1.736466437676866192e+01,0.000000000000000000e+00
1.890821589572480832e+01,0.000000000000000000e+00
1.670945039314606007e+01,0.000000000000000000e+00
1.856262059027004696e+01,0.000000000000000000e+00
1.985311966790059302e+01,0.000000000000000000e+00
1.799402036143110450e+01,0.000000000000000000e+00
2.387065608719779775e+01,0.000000000000000000e+00
1.552352530563267763e+01,0.000000000000000000e+00
2.044844797023107574e+01,0.000000000000000000e+00
1.876664090164315368e+01,0.000000000000000000e+00
1.901963166639928815e+01,0.000000000000000000e+00
1.805001173769882428e+01,0.000000000000000000e+00
2.326856629122083930e+01,0.000000000000000000e+00
2.168253100070596062e+01,0.000000000000000000e+00
1.850411577837946453e+01,0.000000000000000000e+00
1.989781080001903035e+01,0.000000000000000000e+00
2.308866916080228293e+01,0.000000000000000000e+00
1.977296737022713913e+01,0.000000000000000000e+00
1.882264488820918302e+01,0.000000000000000000e+00
2.050008173441016623e+01,0.000000000000000000e+00
2.300737051847858083e+01,0.000000000000000000e+00
2.178346294357498536e+01,0.000000000000000000e+00
1.898589808030589410e+01,0.000000000000000000e+00
1.971257706051150294e+01,0.000000000000000000e+00
2.161171760133109387e+01,0.000000000000000000e+00
2.199909107943878084e+01,0.000000000000000000e+00
1.687864638006443840e+01,0.000000000000000000e+00
2.005309726000599468e+01,0.000000000000000000e+00
2.178323084170567014e+01,0.000000000000000000e+00
2.088895316651331413e+01,0.000000000000000000e+00
1.900633886416151341e+01,0.000000000000000000e+00
1.818902224020636993e+01,0.000000000000000000e+00
2.003601375766054460e+01,0.000000000000000000e+00
1.653234834376790729e+01,0.000000000000000000e+00
2.043745192151406087e+01,0.000000000000000000e+00
1.968802920965808312e+01,0.000000000000000000e+00
1.745655718374178988e+01,0.000000000000000000e+00
1.931255424503614293e+01,0.000000000000000000e+00
2.161797560473577207e+01,0.000000000000000000e+00
2.015060528129389539e+01,0.000000000000000000e+00
1.780474963814966571e+01,0.000000000000000000e+00
2.103062830113737292e+01,0.000000000000000000e+00
1.696337227005642134e+01,0.000000000000000000e+00
1.917290915009812835e+01,0.000000000000000000e+00
2.139368045403159613e+01,0.000000000000000000e+00
1.266984906107393982e+01,0.000000000000000000e+00
1.944609458852240991e+01,0.000000000000000000e+00
1.664875448021015814e+01,0.000000000000000000e+00
2.182770151505962630e+01,0.000000000000000000e+00
2.143255328362749523e+01,0.000000000000000000e+00
1.823601170517880377e+01,0.000000000000000000e+00
1.807286038612378576e+01,0.000000000000000000e+00
2.234726192928526345e+01,0.000000000000000000e+00
2.042718779763797343e+01,0.000000000000000000e+00
1.914523750892918130e+01,0.000000000000000000e+00
1.764283574673393318e+01,0.000000000000000000e+00
1.994199803485111389e+01,0.000000000000000000e+00
2.337879356791309604e+01,0.000000000000000000e+00
2.145727571482480656e+01,0.000000000000000000e+00
2.267336921017112772e+01,0.000000000000000000e+00
2.398042182917985343e+01,0.000000000000000000e+00
1.966863984595063997e+01,0.000000000000000000e+00
2.201782868088291067e+01,0.000000000000000000e+00
1.938516513531248009e+01,0.000000000000000000e+00
2.221132455019293772e+01,0.000000000000000000e+00
1.736567095080574319e+01,0.000000000000000000e+00
1.968327269132103297e+01,0.000000000000000000e+00
2.104102998895166721e+01,0.000000000000000000e+00
1.915509335153175030e+01,0.000000000000000000e+00
2.233181115104751058e+01,0.000000000000000000e+00
1.416728797583208888e+01,0.000000000000000000e+00
1.979962009641161558e+01,0.000000000000000000e+00
2.100899214657636449e+01,0.000000000000000000e+00
1.941213687120520603e+01,0.000000000000000000e+00
1.875269565434817309e+01,0.000000000000000000e+00
2.275890519174527071e+01,0.000000000000000000e+00
2.080721590074153227e+01,0.000000000000000000e+00
2.077077804908880765e+01,0.000000000000000000e+00
1.889746351659223578e+01,0.000000000000000000e+00
1.889611906497799154e+01,0.000000000000000000e+00
1.587562491532307263e+01,0.000000000000000000e+00
1.975572020999808487e+01,0.000000000000000000e+00
1.982227946423358134e+01,0.000000000000000000e+00
1.916818323225624354e+01,0.000000000000000000e+00
2.171441692464250650e+01,0.000000000000000000e+00
2.431468325228417271e+01,0.000000000000000000e+00
2.015544705775583623e+01,0.000000000000000000e+00
2.086533233660321329e+01,0.000000000000000000e+00
2.035972236531313584e+01,0.000000000000000000e+00
1.868331339281398940e+01,0.000000000000000000e+00
2.247159957888383630e+01,0.000000000000000000e+00
2.226018208602744863e+01,0.000000000000000000e+00
2.193639237311572288e+01,0.000000000000000000e+00
6.668352817860591131e+01,0.000000000000000000e+00
6.882175620189720178e+01,0.000000000000000000e+00
6.717611375012589292e+01,0.000000000000000000e+00
6.681065207742129530e+01,0.000000000000000000e+00
7.063981617536929036e+01,0.000000000000000000e+00
6.568132027435065368e+01,0.000000000000000000e+00
7.036380325836648808e+01,0.000000000000000000e+00
6.970592021187418652e+01,0.000000000000000000e+00
6.807570298892292726e+01,0.000000000000000000e+00
6.926081532573093114e+01,0.000000000000000000e+00
7.000102926070624676e+01,0.000000000000000000e+00
6.707028477295924063e+01,0.000000000000000000e+00
7.591849412769813910e+01,0.000000000000000000e+00
7.483853406242268136e+01,0.000000000000000000e+00
7.770118501181339354e+01,0.000000000000000000e+00
7.304021473242374896e+01,0.000000000000000000e+00
7.689057637304884452e+01,0.000000000000000000e+00
7.907693705649734284e+01,0.000000000000000000e+00
7.393897567070415278e+01,0.000000000000000000e+00
7.869056812055653438e+01,0.000000000000000000e+00
7.964245713191108678e+01,0.000000000000000000e+00
8.026593841744862345e+01,0.000000000000000000e+00
7.932785657966630311e+01,0.000000000000000000e+00
8.018480885323727136e+01,0.000000000000000000e+00
7.990965674658306739e+01,0.000000000000000000e+00
7.862381650834186075e+01,0.000000000000000000e+00
7.778051980844367108e+01,0.000000000000000000e+00
7.637339131799465974e+01,0.000000000000000000e+00
7.684507132541260432e+01,0.000000000000000000e+00
7.502278665775550337e+01,0.000000000000000000e+00
8.073966176628493940e+01,0.000000000000000000e+00
8.005779849802141257e+01,0.000000000000000000e+00
8.033214753860359281e+01,0.000000000000000000e+00
8.165729631505759301e+01,0.000000000000000000e+00
7.793592172232845883e+01,0.000000000000000000e+00
7.897324805789729396e+01,0.000000000000000000e+00
8.108444533118705522e+01,0.000000000000000000e+00
8.243064146642176127e+01,0.000000000000000000e+00
8.175300043117125881e+01,0.000000000000000000e+00
7.981735092750290050e+01,0.000000000000000000e+00
8.087289192277162897e+01,0.000000000000000000e+00
8.440444868703090719e+01,0.000000000000000000e+00
8.204432487320687528e+01,0.000000000000000000e+00
8.356508878530547690e+01,0.000000000000000000e+00
7.918953899789484296e+01,0.000000000000000000e+00
7.780727392473743009e+01,0.000000000000000000e+00
7.999308867424748826e+01,0.000000000000000000e+00
7.885582518954339548e+01,0.000000000000000000e+00
8.251489183047671361e+01,0.000000000000000000e+00
8.394854899660721514e+01,0.000000000000000000e+00
7.918866436254636199e+01,0.000000000000000000e+00
7.835388807883008155e+01,0.000000000000000000e+00
7.679971414773434901e+01,0.000000000000000000e+00
7.981635316282888937e+01,0.000000000000000000e+00
8.141546265550607586e+01,0.000000000000000000e+00
8.094301079856201397e+01,0.000000000000000000e+00
8.525509765558314257e+01,0.000000000000000000e+00
7.732281398968991937e+01,0.000000000000000000e+00
7.926947939225487971e+01,0.000000000000000000e+00
8.218284485720495525e+01,0.000000000000000000e+00
7.700814214747127551e+01,0.000000000000000000e+00
8.133745966620318768e+01,0.000000000000000000e+00
8.496983400799454955e+01,0.000000000000000000e+00
7.976184626179113479e+01,0.000000000000000000e+00
8.024749833357451223e+01,0.000000000000000000e+00
7.817209589261848635e+01,0.000000000000000000e+00
7.915295179475980092e+01,0.000000000000000000e+00
8.195243124044350225e+01,0.000000000000000000e+00
8.458597420891446461e+01,0.000000000000000000e+00
8.008584067235111092e+01,0.000000000000000000e+00
8.157018003485251256e+01,0.000000000000000000e+00
7.732188399314128446e+01,0.000000000000000000e+00
7.864935336363761564e+01,0.000000000000000000e+00
8.144011282594875922e+01,0.000000000000000000e+00
8.358159922396455954e+01,0.000000000000000000e+00
8.182166814372369856e+01,0.000000000000000000e+00
8.162513559089305204e+01,0.000000000000000000e+00
7.886070653778293149e+01,0.000000000000000000e+00
8.239674961138138087e+01,0.000000000000000000e+00
7.683412794429133896e+01,0.000000000000000000e+00
7.862431142048414756e+01,0.000000000000000000e+00
7.871687511238306456e+01,0.000000000000000000e+00
7.933209923897354088e+01,0.000000000000000000e+00
8.093850355183153056e+01,0.000000000000000000e+00
8.085031942539337990e+01,0.000000000000000000e+00
8.137703571905444733e+01,0.000000000000000000e+00
8.238165667371617928e+01,0.000000000000000000e+00
7.805875206671748856e+01,0.000000000000000000e+00
7.582370633546791794e+01,0.000000000000000000e+00
8.028953709017213214e+01,0.000000000000000000e+00
8.145237257929275643e+01,0.000000000000000000e+00
7.914698834604062938e+01,0.000000000000000000e+00
7.842996804910019648e+01,0.000000000000000000e+00
7.913583516660662553e+01,0.000000000000000000e+00
8.185624204105221224e+01,0.000000000000000000e+00
7.750413404560943320e+01,0.000000000000000000e+00
7.869258189028704464e+01,0.000000000000000000e+00
7.786177186302951725e+01,0.000000000000000000e+00
8.349846610103939781e+01,0.000000000000000000e+00
7.631994990815667279e+01,0.000000000000000000e+00
8.204849597580047771e+01,0.000000000000000000e+00
7.870941876848729635e+01,0.000000000000000000e+00
8.176106645602143885e+01,0.000000000000000000e+00
8.392829069032639211e+01,0.000000000000000000e+00
7.852753766361135490e+01,0.000000000000000000e+00
8.516345782895326977e+01,0.000000000000000000e+00
8.448831337117896112e+01,0.000000000000000000e+00
7.834919750826099971e+01,0.000000000000000000e+00
3.399949203214303139e+01,0.000000000000000000e+00
3.256924018997940351e+01,0.000000000000000000e+00
3.061357928407785067e+01,0.000000000000000000e+00
3.145264496634048612e+01,0.000000000000000000e+00
3.191334127059965198e+01,0.000000000000000000e+00
3.161793635226439037e+01,0.000000000000000000e+00
2.989938959403970031e+01,0.000000000000000000e+00
2.807759343698993959e+01,0.000000000000000000e+00
3.140844208899430967e+01,0.000000000000000000e+00
3.383747390495319962e+01,0.000000000000000000e+00
3.009862734557833619e+01,0.000000000000000000e+00
3.028897506276922513e+01,0.000000000000000000e+00
2.018961478353254435e+01,0.000000000000000000e+00
2.252491654170434643e+01,0.000000000000000000e+00
2.044917438839630108e+01,0.000000000000000000e+00
2.234395148742632031e+01,0.000000000000000000e+00
2.289008540492850230e+01,0.000000000000000000e+00
2.199488903447224075e+01,0.000000000000000000e+00
2.442043443495172639e+01,0.000000000000000000e+00
2.134362388592151660e+01,0.000000000000000000e+00
2.543314213289668757e+01,0.000000000000000000e+00
2.000430079139043471e+01,0.000000000000000000e+00
2.129157678304990142e+01,0.000000000000000000e+00
1.891409324123967295e+01,0.000000000000000000e+00
1.528613014142303328e+01,0.000000000000000000e+00
2.186400706666644211e+01,0.000000000000000000e+00
1.682243046526699715e+01,0.000000000000000000e+00
2.337441005422496687e+01,0.000000000000000000e+00
2.370843433453507032e+01,0.000000000000000000e+00
1.813561385969865114e+01,0.000000000000000000e+00
2.044001005100171753e+01,0.000000000000000000e+00
1.886756773473838322e+01,0.000000000000000000e+00
1.821477774685790507e+01,0.000000000000000000e+00
2.110346305528873145e+01,0.000000000000000000e+00
2.045141627354193403e+01,0.000000000000000000e+00
2.180708688585178479e+01,0.000000000000000000e+00
2.045489095698598092e+01,0.000000000000000000e+00
1.458998602180517246e+01,0.000000000000000000e+00
1.931695363243811059e+01,0.000000000000000000e+00
1.931594456282752148e+01,0.000000000000000000e+00
1.786539859480061310e+01,0.000000000000000000e+00
2.109704175980336061e+01,0.000000000000000000e+00
1.946418225486159770e+01,0.000000000000000000e+00
2.178590592279175908e+01,0.000000000000000000e+00
1.927705930689271341e+01,0.000000000000000000e+00
2.059049226139109479e+01,0.000000000000000000e+00
1.933348086296670587e+01,0.000000000000000000e+00
2.352662566754457174e+01,0.000000000000000000e+00
2.272811812011279642e+01,0.000000000000000000e+00
2.114965715551936398e+01,0.000000000000000000e+00
1.988514469019349917e+01,0.000000000000000000e+00
1.867786600685908383e+01,0.000000000000000000e+00
1.978406726763058643e+01,0.000000000000000000e+00
2.230978080925655505e+01,0.000000000000000000e+00
2.221359541590682696e+01,0.000000000000000000e+00
1.982554644036831704e+01,0.000000000000000000e+00
1.890780405678141207e+01,0.000000000000000000e+00
1.906030377890597194e+01,0.000000000000000000e+00
1.736202031425779424e+01,0.000000000000000000e+00
1.861153441394039731e+01,0.000000000000000000e+00
1.921508407515781158e+01,0.000000000000000000e+00
2.493436493425754108e+01,0.000000000000000000e+00
1.661596825393689869e+01,0.000000000000000000e+00
1.874431990728307795e+01,0.000000000000000000e+00
1.798751904004886626e+01,0.000000000000000000e+00
2.539530527854992670e+01,0.000000000000000000e+00
2.112608800112847973e+01,0.000000000000000000e+00
1.747716139271796365e+01,0.000000000000000000e+00
2.285383048209266832e+01,0.000000000000000000e+00
2.429187681297454304e+01,0.000000000000000000e+00
2.083493543270141402e+01,0.000000000000000000e+00
2.168284910801147802e+01,0.000000000000000000e+00
2.193516527368845814e+01,0.000000000000000000e+00
1.840488280966106416e+01,0.000000000000000000e+00
1.747230705201658907e+01,0.000000000000000000e+00
2.037507646753957502e+01,0.000000000000000000e+00
1.855620523999282412e+01,0.000000000000000000e+00
1.633271297359569019e+01,0.000000000000000000e+00
1.948514098093954061e+01,0.000000000000000000e+00
2.150219378534904990e+01,0.000000000000000000e+00
2.184857222908581065e+01,0.000000000000000000e+00
2.084122887887455633e+01,0.000000000000000000e+00
2.288414620549111689e+01,0.000000000000000000e+00
2.116584623050247416e+01,0.000000000000000000e+00
1.972698460176484403e+01,0.000000000000000000e+00
2.098926341383437943e+01,0.000000000000000000e+00
2.000491866828716070e+01,0.000000000000000000e+00
2.330447551699426256e+01,0.000000000000000000e+00
2.178987252946085107e+01,0.000000000000000000e+00
1.967939091191591316e+01,0.000000000000000000e+00
1.741642973967986308e+01,0.000000000000000000e+00
2.081615888536579817e+01,0.000000000000000000e+00
2.278513197306310900e+01,0.000000000000000000e+00
1.822795796158801096e+01,0.000000000000000000e+00
1.918037404875122576e+01,0.000000000000000000e+00
1.840154894186695600e+01,0.000000000000000000e+00
1.744460691201610203e+01,0.000000000000000000e+00
1.646322566945920940e+01,0.000000000000000000e+00
1.892208653047974209e+01,0.000000000000000000e+00
2.088193466557461520e+01,0.000000000000000000e+00
1.966920792027896425e+01,0.000000000000000000e+00
2.103520259222075950e+01,0.000000000000000000e+00
2.310385159627488605e+01,0.000000000000000000e+00
1.747606836799283769e+01,0.000000000000000000e+00
1.895568478420875991e+01,0.000000000000000000e+00
2.166786001335732692e+01,0.000000000000000000e+00
1.849025759869035568e+01,0.000000000000000000e+00
1.920515421931752797e+01,0.000000000000000000e+00
2.001290247231544583e+01,0.000000000000000000e+00
2.032682339847752928e+01,0.000000000000000000e+00
2.097246074560845130e+01,0.000000000000000000e+00
2.205042211967795396e+01,0.000000000000000000e+00
1.975312622529317252e+01,0.000000000000000000e+00
1.966995436007245956e+01,0.000000000000000000e+00
1.988106787758087535e+01,0.000000000000000000e+00
2.042191793457638838e+01,0.000000000000000000e+00
2.257861916412234393e+01,0.000000000000000000e+00
2.326165470675937286e+01,0.000000000000000000e+00
1.953835235181469088e+01,0.000000000000000000e+00
2.170013400682611859e+01,0.000000000000000000e+00
1.779521124405725629e+01,0.000000000000000000e+00
1.763299330516851882e+01,0.000000000000000000e+00
1.440408678087216288e+01,0.000000000000000000e+00
1.573972830729265837e+01,0.000000000000000000e+00
1.629705873109117320e+01,0.000000000000000000e+00
2.067722049252652283e+01,0.000000000000000000e+00
2.191680880128793518e+01,0.000000000000000000e+00
1.814096219746294736e+01,0.000000000000000000e+00
2.129077110902479930e+01,0.000000000000000000e+00
2.027480203439136019e+01,0.000000000000000000e+00
2.122591735602981089e+01,0.000000000000000000e+00
2.029398745478825461e+01,0.000000000000000000e+00
2.113583792745609102e+01,0.000000000000000000e+00
1.716063347338744194e+01,0.000000000000000000e+00
2.273409182256465044e+01,0.000000000000000000e+00
1.840697508400963045e+01,0.000000000000000000e+00
1.929384502532926149e+01,0.000000000000000000e+00
2.099014538146929709e+01,0.000000000000000000e+00
1.457471033509313507e+01,0.000000000000000000e+00
1.887310507494874301e+01,0.000000000000000000e+00
2.045225921059228114e+01,0.000000000000000000e+00
1.850449729208530414e+01,0.000000000000000000e+00
1.859835660232603516e+01,0.000000000000000000e+00
2.114507479530093548e+01,0.000000000000000000e+00
1.901972971895238018e+01,0.000000000000000000e+00
2.185352300396072422e+01,0.000000000000000000e+00
2.066724364824093030e+01,0.000000000000000000e+00
1.955054506540279391e+01,0.000000000000000000e+00
1.873617538981271835e+01,0.000000000000000000e+00
1.814837056399457538e+01,0.000000000000000000e+00
1.783720946608552893e+01,0.000000000000000000e+00
2.473120547424173665e+01,0.000000000000000000e+00
2.038043732823953391e+01,0.000000000000000000e+00
1.892291457756254758e+01,0.000000000000000000e+00
2.016888397918422271e+01,0.000000000000000000e+00
1.936929378545648817e+01,0.000000000000000000e+00
1.855812695135420753e+01,0.000000000000000000e+00
1.996863361889567656e+01,0.000000000000000000e+00
1.942472796009679215e+01,0.000000000000000000e+00
1.574754834175510609e+01,0.000000000000000000e+00
2.105865541375672478e+01,0.000000000000000000e+00
1.998391960620736540e+01,0.000000000000000000e+00
1.786421003814824005e+01,0.000000000000000000e+00
2.215850688047872907e+01,0.000000000000000000e+00
2.440436990881845958e+01,0.000000000000000000e+00
2.216038082262009823e+01,0.000000000000000000e+00
1.718515245706719696e+01,0.000000000000000000e+00
2.139228264372276911e+01,0.000000000000000000e+00
1.849883483008211726e+01,0.000000000000000000e+00
2.122468490825421128e+01,0.000000000000000000e+00
1.724977935799768147e+01,0.000000000000000000e+00
2.224227256225579197e+01,0.000000000000000000e+00
1.960974553208113136e+01,0.000000000000000000e+00
1.984037820248830641e+01,0.000000000000000000e+00
2.313007927276486697e+01,0.000000000000000000e+00
2.188635633055265828e+01,0.000000000000000000e+00
1.501173019360108896e+01,0.000000000000000000e+00
1.812828010525270628e+01,0.000000000000000000e+00
2.186194761223201866e+01,0.000000000000000000e+00
1.965974369293324742e+01,0.000000000000000000e+00
6.803994077081242153e+01,0.000000000000000000e+00
6.933986538216244355e+01,0.000000000000000000e+00
6.497561412207089404e+01,0.000000000000000000e+00
6.638047005558969715e+01,0.000000000000000000e+00
6.877144303376184098e+01,0.000000000000000000e+00
6.860346093561372527e+01,0.000000000000000000e+00
6.672299692930900505e+01,0.000000000000000000e+00
7.116683415567938198e+01,0.000000000000000000e+00
6.417949223719342910e+01,0.000000000000000000e+00
6.526629970003946823e+01,0.000000000000000000e+00
6.991720574162944501e+01,0.000000000000000000e+00
6.690386885826566754e+01,0.000000000000000000e+00
7.478380099037009643e+01,0.000000000000000000e+00
7.810036382201391802e+01,0.000000000000000000e+00
7.817188767877860300e+01,0.000000000000000000e+00
7.888913098590624884e+01,0.000000000000000000e+00
8.183934982408415237e+01,0.000000000000000000e+00
7.482226198545431828e+01,0.000000000000000000e+00
7.933727114455331275e+01,0.000000000000000000e+00
7.843632652267382355e+01,0.000000000000000000e+00
7.949059157132860776e+01,0.000000000000000000e+00
8.199151115921326038e+01,0.000000000000000000e+00
7.575254681250875421e+01,0.000000000000000000e+00
7.991235246641498691e+01,0.000000000000000000e+00
8.336078008817140983e+01,0.000000000000000000e+00
7.967201506127111088e+01,0.000000000000000000e+00
7.895192926496440577e+01,0.000000000000000000e+00
7.995034444818838892e+01,0.000000000000000000e+00
7.951725708081239929e+01,0.000000000000000000e+00
8.336219597512103974e+01,0.000000000000000000e+00
8.049082098526793061e+01,0.000000000000000000e+00
8.135544388499222634e+01,0.000000000000000000e+00
8.156620428384646004e+01,0.000000000000000000e+00
8.222039605259209338e+01,0.000000000000000000e+00
8.202508209674878970e+01,0.000000000000000000e+00
8.001920123610010194e+01,0.000000000000000000e+00
7.662675273318471625e+01,0.000000000000000000e+00
8.048491223754433577e+01,0.000000000000000000e+00
7.970528524963732764e+01,0.000000000000000000e+00
7.998271571584076867e+01,0.000000000000000000e+00
8.154173365968686937e+01,0.000000000000000000e+00
8.287090658356612494e+01,0.000000000000000000e+00
7.963830028158527341e+01,0.000000000000000000e+00
8.164978810219965055e+01,0.000000000000000000e+00
8.063639075724765348e+01,0.000000000000000000e+00
8.123033220148846567e+01,0.000000000000000000e+00
7.443021433518609342e+01,0.000000000000000000e+00
7.835477775454647542e+01,0.000000000000000000e+00
8.054283825024532462e+01,0.000000000000000000e+00
8.547905201880608672e+01,0.000000000000000000e+00
8.077016460237561546e+01,0.000000000000000000e+00
7.653016119475233836e+01,0.000000000000000000e+00
7.839125481122366068e+01,0.000000000000000000e+00
8.048456949173962016e+01,0.000000000000000000e+00
7.806740917294128224e+01,0.000000000000000000e+00
7.927552628115972766e+01,0.000000000000000000e+00
7.961836618809780930e+01,0.000000000000000000e+00
8.117516267886010439e+01,0.000000000000000000e+00
7.878998088175600856e+01,0.000000000000000000e+00
7.934471732527531174e+01,0.000000000000000000e+00
7.833071578815231817e+01,0.000000000000000000e+00
7.953596119616172189e+01,0.000000000000000000e+00
8.102804587536388681e+01,0.000000000000000000e+00
8.133826047321225872e+01,0.000000000000000000e+00
7.608992504808578872e+01,0.000000000000000000e+00
8.100453107784746010e+01,0.000000000000000000e+00
8.291116346309802054e+01,0.000000000000000000e+00
7.962153704605491100e+01,0.000000000000000000e+00
7.722341215978856610e+01,0.000000000000000000e+00
7.972846583947308829e+01,0.000000000000000000e+00
8.269091869732804412e+01,0.000000000000000000e+00
8.459107747443255221e+01,0.000000000000000000e+00
7.886629777662949436e+01,0.000000000000000000e+00
7.975918171799712297e+01,0.000000000000000000e+00
8.153719413682061656e+01,0.000000000000000000e+00
7.888753951487893801e+01,0.000000000000000000e+00
7.717462466614691152e+01,0.000000000000000000e+00
8.243801800474264496e+01,0.000000000000000000e+00
7.989829355413118606e+01,0.000000000000000000e+00
7.917812888187523868e+01,0.000000000000000000e+00
8.167062396228624266e+01,0.000000000000000000e+00
7.712456210608549156e+01,0.000000000000000000e+00
7.951603902942049729e+01,0.000000000000000000e+00
7.547833831467841037e+01,0.000000000000000000e+00
8.223936163271356747e+01,0.000000000000000000e+00
7.887244050656650529e+01,0.000000000000000000e+00
8.436809316186996455e+01,0.000000000000000000e+00
7.531712581888595537e+01,0.000000000000000000e+00
8.039814902359039195e+01,0.000000000000000000e+00
8.128677394581742988e+01,0.000000000000000000e+00
8.005205654609642352e+01,0.000000000000000000e+00
7.973555326341059413e+01,0.000000000000000000e+00
8.019740096403974405e+01,0.000000000000000000e+00
7.553523666608749920e+01,0.000000000000000000e+00
8.176212799756022775e+01,0.000000000000000000e+00
7.906364009811630922e+01,0.000000000000000000e+00
7.995627163479362309e+01,0.000000000000000000e+00
8.003296881579625222e+01,0.000000000000000000e+00
7.817491779690143971e+01,0.000000000000000000e+00
8.148734019025354769e+01,0.000000000000000000e+00
8.145293062344589430e+01,0.000000000000000000e+00
8.324909121189514849e+01,0.000000000000000000e+00
8.461091082589230439e+01,0.000000000000000000e+00
7.939447320794893415e+01,0.000000000000000000e+00
7.902183430536044284e+01,0.000000000000000000e+00
7.983772402412677138e+01,0.000000000000000000e+00
8.045249355249826806e+01,0.000000000000000000e+00
7.419514970343647065e+01,0.000000000000000000e+00
3.057856348453967854e+01,0.000000000000000000e+00
3.394627876869853367e+01,0.000000000000000000e+00
3.087051407459102137e+01,0.000000000000000000e+00
3.297934294891381768e+01,0.000000000000000000e+00
2.933594443642468264e+01,0.000000000000000000e+00
2.914699733957080241e+01,0.000000000000000000e+00
3.046551742869725388e+01,0.000000000000000000e+00
2.699276759168797213e+01,0.000000000000000000e+00
3.527311796698300839e+01,0.000000000000000000e+00
3.325455624608783722e+01,0.000000000000000000e+00
3.496073941624943870e+01,0.000000000000000000e+00
2.895216029995608409e+01,0.000000000000000000e+00
2.120165904040155169e+01,0.000000000000000000e+00
2.319554393149973848e+01,0.000000000000000000e+00
2.405986883848184377e+01,0.000000000000000000e+00
2.426003321730372875e+01,0.000000000000000000e+00
2.616081180331119782e+01,0.000000000000000000e+00
2.172850471547893747e+01,0.000000000000000000e+00
2.528016879752053825e+01,0.000000000000000000e+00
2.715547209201467993e+01,0.000000000000000000e+00
2.141403628456412278e+01,0.000000000000000000e+00
2.249436136755970495e+01,0.000000000000000000e+00
2.249033067058848090e+01,0.000000000000000000e+00
2.046362251977920010e+01,0.000000000000000000e+00
2.228567246113702183e+01,0.000000000000000000e+00
2.396696101818417191e+01,0.000000000000000000e+00
2.004576093236277856e+01,0.000000000000000000e+00
2.159435105708127978e+01,0.000000000000000000e+00
2.079115623635374988e+01,0.000000000000000000e+00
1.861852345339107018e+01,0.000000000000000000e+00
2.016650787757500396e+01,0.000000000000000000e+00
1.808418061117465570e+01,0.000000000000000000e+00
2.213416410856059002e+01,0.000000000000000000e+00
2.039895114781644025e+01,0.000000000000000000e+00
2.366207789874701817e+01,0.000000000000000000e+00
1.727788877515338584e+01,0.000000000000000000e+00
1.879720488759525310e+01,0.000000000000000000e+00
1.951107999221339995e+01,0.000000000000000000e+00
2.173463180420510099e+01,0.000000000000000000e+00
1.992467326006133987e+01,0.000000000000000000e+00
1.949114453186495410e+01,0.000000000000000000e+00
2.106265497768256978e+01,0.000000000000000000e+00
2.087553290011222629e+01,0.000000000000000000e+00
2.028718519119578545e+01,0.000000000000000000e+00
1.857499975414957660e+01,0.000000000000000000e+00
2.157350288818393480e+01,0.000000000000000000e+00
1.961728623733035093e+01,0.000000000000000000e+00
1.897343869362421032e+01,0.000000000000000000e+00
2.166774910530271825e+01,0.000000000000000000e+00
1.851560314984258682e+01,0.000000000000000000e+00
2.136284739115077258e+01,0.000000000000000000e+00
1.958142443867343374e+01,0.000000000000000000e+00
1.855602137302494725e+01,0.000000000000000000e+00
1.855190171783200981e+01,0.000000000000000000e+00
1.921936325581076588e+01,0.000000000000000000e+00
2.093561689108264545e+01,0.000000000000000000e+00
1.532269140951408737e+01,0.000000000000000000e+00
2.142197629542250326e+01,0.000000000000000000e+00
1.712419732796594829e+01,0.000000000000000000e+00
1.885995859030263944e+01,0.000000000000000000e+00
2.041406832045030129e+01,0.000000000000000000e+00
2.171628797316315129e+01,0.000000000000000000e+00
2.024953614845162875e+01,0.000000000000000000e+00
1.907178278213354616e+01,0.000000000000000000e+00
1.929452639788690860e+01,0.000000000000000000e+00
1.579179979559490654e+01,0.000000000000000000e+00
2.109140343582570765e+01,0.000000000000000000e+00
1.565515248003283766e+01,0.000000000000000000e+00
2.357727692854626156e+01,0.000000000000000000e+00
1.963221508500925339e+01,0.000000000000000000e+00
2.023161706621815625e+01,0.000000000000000000e+00
2.353812086521364577e+01,0.000000000000000000e+00
1.990993033138873258e+01,0.000000000000000000e+00
1.597440853918386239e+01,0.000000000000000000e+00
1.950267511664484488e+01,0.000000000000000000e+00
1.979207241830294706e+01,0.000000000000000000e+00
2.174597651581624902e+01,0.000000000000000000e+00
1.790050243062554358e+01,0.000000000000000000e+00
2.072525763106429508e+01,0.000000000000000000e+00
2.074511262058107164e+01,0.000000000000000000e+00
2.097849723770601926e+01,0.000000000000000000e+00
1.600835694969164180e+01,0.000000000000000000e+00
1.764120526484504481e+01,0.000000000000000000e+00
1.916524670114406703e+01,0.000000000000000000e+00
1.775011828781527257e+01,0.000000000000000000e+00
1.904144452558257683e+01,0.000000000000000000e+00
1.878478576102842368e+01,0.000000000000000000e+00
1.790160357850700379e+01,0.000000000000000000e+00
2.201482919024166662e+01,0.000000000000000000e+00
2.067965901673528606e+01,0.000000000000000000e+00
2.061785208592552365e+01,0.000000000000000000e+00
1.819431057143888708e+01,0.000000000000000000e+00
2.204196985683253729e+01,0.000000000000000000e+00
1.581865870711283861e+01,0.000000000000000000e+00
2.163861103924245555e+01,0.000000000000000000e+00
2.187768780907316568e+01,0.000000000000000000e+00
1.837839574632412720e+01,0.000000000000000000e+00
2.039904854840523640e+01,0.000000000000000000e+00
1.775335142372952291e+01,0.000000000000000000e+00
2.026452199753527594e+01,0.000000000000000000e+00
2.020014735315399790e+01,0.000000000000000000e+00
2.000340615956741885e+01,0.000000000000000000e+00
2.000420021950893457e+01,0.000000000000000000e+00
2.106057760556564062e+01,0.000000000000000000e+00
1.980461738592666876e+01,0.000000000000000000e+00
1.927506038073992300e+01,0.000000000000000000e+00
2.102620649726569013e+01,0.000000000000000000e+00
1.899597286063756840e+01,0.000000000000000000e+00
1.873792498982321675e+01,0.000000000000000000e+00
2.215319706829657775e+01,0.000000000000000000e+00
2.340092751336417720e+01,0.000000000000000000e+00
1.682294392119025161e+01,0.000000000000000000e+00
2.064702968974825126e+01,0.000000000000000000e+00
2.057011158568004561e+01,0.000000000000000000e+00
1.984701660672727996e+01,0.000000000000000000e+00
2.186176896935061720e+01,0.000000000000000000e+00
1.763865442966968899e+01,0.000000000000000000e+00
2.479576977434188834e+01,0.000000000000000000e+00
2.106110098604671421e+01,0.000000000000000000e+00
2.010027094646321189e+01,0.000000000000000000e+00
2.132994449889325139e+01,0.000000000000000000e+00
1.880685208440907275e+01,0.000000000000000000e+00
2.049854480849128180e+01,0.000000000000000000e+00
1.754263702662699487e+01,0.000000000000000000e+00
1.933585048067787682e+01,0.000000000000000000e+00
1.904455643569274415e+01,0.000000000000000000e+00
2.120848192893274131e+01,0.000000000000000000e+00
2.160535354646463091e+01,0.000000000000000000e+00
2.386304345516442638e+01,0.000000000000000000e+00
2.003009616695399941e+01,0.000000000000000000e+00
1.851919847337146763e+01,0.000000000000000000e+00
1.995020121509367073e+01,0.000000000000000000e+00
2.025896006614223666e+01,0.000000000000000000e+00
2.434998458878696326e+01,0.000000000000000000e+00
1.999658498461275613e+01,0.000000000000000000e+00
1.859647952962138362e+01,0.000000000000000000e+00
1.847355041059119785e+01,0.000000000000000000e+00
1.778104481932880532e+01,0.000000000000000000e+00
1.935254945392116355e+01,0.000000000000000000e+00
1.996197774859134100e+01,0.000000000000000000e+00
2.009605202714857697e+01,0.000000000000000000e+00
2.136030524576081646e+01,0.000000000000000000e+00
1.795046393074739299e+01,0.000000000000000000e+00
2.170130149296522148e+01,0.000000000000000000e+00
1.802084414927130851e+01,0.000000000000000000e+00
1.436218013330766219e+01,0.000000000000000000e+00
1.857667039053685443e+01,0.000000000000000000e+00
1.920255510075093852e+01,0.000000000000000000e+00
1.591634551840651923e+01,0.000000000000000000e+00
2.534341881612692404e+01,0.000000000000000000e+00
2.236341799979382117e+01,0.000000000000000000e+00
1.908151815546293406e+01,0.000000000000000000e+00
1.867163336915732685e+01,0.000000000000000000e+00
2.203844268343356561e+01,0.000000000000000000e+00
1.665126443750199670e+01,0.000000000000000000e+00
1.967863895302317800e+01,0.000000000000000000e+00
1.917860764978158628e+01,0.000000000000000000e+00
1.870772651121725971e+01,0.000000000000000000e+00
1.953217426336510343e+01,0.000000000000000000e+00
2.140941293366208953e+01,0.000000000000000000e+00
1.776251580024472077e+01,0.000000000000000000e+00
1.904523650932280177e+01,0.000000000000000000e+00
1.845953594639943063e+01,0.000000000000000000e+00
2.422121754916784298e+01,0.000000000000000000e+00
2.103026738948263130e+01,0.000000000000000000e+00
2.164386156623294255e+01,0.000000000000000000e+00
1.965824528162290008e+01,0.000000000000000000e+00
1.808175526824242851e+01,0.000000000000000000e+00
2.089995272051880448e+01,0.000000000000000000e+00
1.724673156577917865e+01,0.000000000000000000e+00
1.873080242962286945e+01,0.000000000000000000e+00
2.115507295158583645e+01,0.000000000000000000e+00
2.053285295846173497e+01,0.000000000000000000e+00
2.196656325217492522e+01,0.000000000000000000e+00
2.106415114071727501e+01,0.000000000000000000e+00
1.648568408847549449e+01,0.000000000000000000e+00
1.779699198751961475e+01,0.000000000000000000e+00
1.819689229408591302e+01,0.000000000000000000e+00
2.465247663117489907e+01,0.000000000000000000e+00
2.200072614990230591e+01,0.000000000000000000e+00
6.646451895924361963e+01,0.000000000000000000e+00
6.780013752633675495e+01,0.000000000000000000e+00
6.993994317036067798e+01,0.000000000000000000e+00
6.715228301317550574e+01,0.000000000000000000e+00
6.846253395549818777e+01,0.000000000000000000e+00
6.815643153623464912e+01,0.000000000000000000e+00
6.581856214642871805e+01,0.000000000000000000e+00
6.949862693932641378e+01,0.000000000000000000e+00
6.842576814104472760e+01,0.000000000000000000e+00
6.840374461756736935e+01,0.000000000000000000e+00
7.075882093080632274e+01,0.000000000000000000e+00
6.584281412026192015e+01,0.000000000000000000e+00
7.592651859846930051e+01,0.000000000000000000e+00
7.906548391457107527e+01,0.000000000000000000e+00
7.940161503074703830e+01,0.000000000000000000e+00
7.894398404805058078e+01,0.000000000000000000e+00
7.676702806022646541e+01,0.000000000000000000e+00
7.678489815254073392e+01,0.000000000000000000e+00
7.900762157942403974e+01,0.000000000000000000e+00
7.959206073736091014e+01,0.000000000000000000e+00
7.669960542999490372e+01,0.000000000000000000e+00
7.780523089277876636e+01,0.000000000000000000e+00
7.661350178357652396e+01,0.000000000000000000e+00
7.616757489104192302e+01,0.000000000000000000e+00
7.732884414783337945e+01,0.000000000000000000e+00
8.239154935024009774e+01,0.000000000000000000e+00
8.466141850419846548e+01,0.000000000000000000e+00
7.706959408052719596e+01,0.000000000000000000e+00
7.788334749932012357e+01,0.000000000000000000e+00
7.934564226281413823e+01,0.000000000000000000e+00
8.051670143895087506e+01,0.000000000000000000e+00
8.040433337889471943e+01,0.000000000000000000e+00
7.725614164339283718e+01,0.000000000000000000e+00
8.045120216735504926e+01,0.000000000000000000e+00
7.781502768579441920e+01,0.000000000000000000e+00
8.245766099350224465e+01,0.000000000000000000e+00
7.857378550777578141e+01,0.000000000000000000e+00
7.830177743978592275e+01,0.000000000000000000e+00
8.052026546917350913e+01,0.000000000000000000e+00
7.803094678420151808e+01,0.000000000000000000e+00
7.989954816102014945e+01,0.000000000000000000e+00
8.038199231934193278e+01,0.000000000000000000e+00
8.200434776812515736e+01,0.000000000000000000e+00
7.589678410966551780e+01,0.000000000000000000e+00
7.804081469624691181e+01,0.000000000000000000e+00
7.784798533389212594e+01,0.000000000000000000e+00
7.946949522828360557e+01,0.000000000000000000e+00
8.214217986227730250e+01,0.000000000000000000e+00
7.927993812403755669e+01,0.000000000000000000e+00
8.248809951476692959e+01,0.000000000000000000e+00
8.428169202874015298e+01,0.000000000000000000e+00
8.242143717186668539e+01,0.000000000000000000e+00
7.966257510308682299e+01,0.000000000000000000e+00
8.169032171767791795e+01,0.000000000000000000e+00
8.409081790604047058e+01,0.000000000000000000e+00
7.737559164052004235e+01,0.000000000000000000e+00
7.932075103864512755e+01,0.000000000000000000e+00
8.301450350986478099e+01,0.000000000000000000e+00
7.967236240358646171e+01,0.000000000000000000e+00
8.120667241319326024e+01,0.000000000000000000e+00
7.950089774010510268e+01,0.000000000000000000e+00
8.013714477027153293e+01,0.000000000000000000e+00
8.062008099345487722e+01,0.000000000000000000e+00
7.879261907624281491e+01,0.000000000000000000e+00
8.269771480650285866e+01,0.000000000000000000e+00
8.281862290350719036e+01,0.000000000000000000e+00
8.108928438618136170e+01,0.000000000000000000e+00
7.788407357176419055e+01,0.000000000000000000e+00
7.378624580062954408e+01,0.000000000000000000e+00
7.769267059978128032e+01,0.000000000000000000e+00
8.397952668038512059e+01,0.000000000000000000e+00
8.132031911969045268e+01,0.000000000000000000e+00
7.847815775326947119e+01,0.000000000000000000e+00
8.067142633510594862e+01,0.000000000000000000e+00
7.624339281299484128e+01,0.000000000000000000e+00
8.541867015036265798e+01,0.000000000000000000e+00
8.211000490036047950e+01,0.000000000000000000e+00
7.782289670341593535e+01,0.000000000000000000e+00
7.969516837434267131e+01,0.000000000000000000e+00
7.980805833600533106e+01,0.000000000000000000e+00
8.346148160323804177e+01,0.000000000000000000e+00
8.293328856266242610e+01,0.000000000000000000e+00
8.171953427366146627e+01,0.000000000000000000e+00
8.045147101615698659e+01,0.000000000000000000e+00
7.664118947969662088e+01,0.000000000000000000e+00
7.732887747083812258e+01,0.000000000000000000e+00
8.281236482337854454e+01,0.000000000000000000e+00
7.886539334018247871e+01,0.000000000000000000e+00
8.005894362225458849e+01,0.000000000000000000e+00
7.863215970895322471e+01,0.000000000000000000e+00
7.898204577347034672e+01,0.000000000000000000e+00
7.913409533604647095e+01,0.000000000000000000e+00
7.816385136283386714e+01,0.000000000000000000e+00
7.900166991832831798e+01,0.000000000000000000e+00
7.793958688750912245e+01,0.000000000000000000e+00
8.292715389040832008e+01,0.000000000000000000e+00
7.760093111834356705e+01,0.000000000000000000e+00
7.844032694417521157e+01,0.000000000000000000e+00
7.965486960173633690e+01,0.000000000000000000e+00
8.313442318709624601e+01,0.000000000000000000e+00
8.165767479104366089e+01,0.000000000000000000e+00
8.020603237356681348e+01,0.000000000000000000e+00
7.998907547423627307e+01,0.000000000000000000e+00
8.120436704083806490e+01,0.000000000000000000e+00
7.747807219836798254e+01,0.000000000000000000e+00
8.003969459004466103e+01,0.000000000000000000e+00
7.969866384642573109e+01,0.000000000000000000e+00
8.288994008455526341e+01,0.000000000000000000e+00
2.773767817864302643e+01,0.000000000000000000e+00
3.184770453316891548e+01,0.000000000000000000e+00
3.428386452488192759e+01,0.000000000000000000e+00
3.390961237724619082e+01,0.000000000000000000e+00
3.033393092584206840e+01,0.000000000000000000e+00
3.209509727579732896e+01,0.000000000000000000e+00
3.082325474282218281e+01,0.000000000000000000e+00
2.601453322725778605e+01,0.000000000000000000e+00
2.933621189840413379e+01,0.000000000000000000e+00
3.206590812832693160e+01,0.000000000000000000e+00
3.374535119830045460e+01,0.000000000000000000e+00
3.221264586576558742e+01,0.000000000000000000e+00
2.503980612375733017e+01,0.000000000000000000e+00
2.114961863888929372e+01,0.000000000000000000e+00
2.240669392037426988e+01,0.000000000000000000e+00
2.291418299850461437e+01,0.000000000000000000e+00
2.342075964288043366e+01,0.000000000000000000e+00
2.307277100394662384e+01,0.000000000000000000e+00
2.117316391236982653e+01,0.000000000000000000e+00
2.322722984220684239e+01,0.000000000000000000e+00
1.988410749184183501e+01,0.000000000000000000e+00
2.200116480102458638e+01,0.000000000000000000e+00
2.206620738136600934e+01,0.000000000000000000e+00
2.090288701015702344e+01,0.000000000000000000e+00
2.064846115671344862e+01,0.000000000000000000e+00
2.231223394765008550e+01,0.000000000000000000e+00
2.244307454514507683e+01,0.000000000000000000e+00
2.011126284606089953e+01,0.000000000000000000e+00
1.896111407257993520e+01,0.000000000000000000e+00
2.042042805416442874e+01,0.000000000000000000e+00
1.845844068940245108e+01,0.000000000000000000e+00
1.897593490900118951e+01,0.000000000000000000e+00
1.971881968019378206e+01,0.000000000000000000e+00
1.803220047967707274e+01,0.000000000000000000e+00
1.863460519657780168e+01,0.000000000000000000e+00
2.085813706082462105e+01,0.000000000000000000e+00
2.417890601371176018e+01,0.000000000000000000e+00
1.558043960307996656e+01,0.000000000000000000e+00
1.784882510123382815e+01,0.000000000000000000e+00
2.276864643140407551e+01,0.000000000000000000e+00
2.244343793214690663e+01,0.000000000000000000e+00
2.011801638078978982e+01,0.000000000000000000e+00
2.065735973958981830e+01,0.000000000000000000e+00
1.967200894189981852e+01,0.000000000000000000e+00
2.272151853561679147e+01,0.000000000000000000e+00
1.923015096280334646e+01,0.000000000000000000e+00
2.291293323551245464e+01,0.000000000000000000e+00
2.147408005147890009e+01,0.000000000000000000e+00
1.486403646839067960e+01,0.000000000000000000e+00
1.708906453565917616e+01,0.000000000000000000e+00
1.947881971204588325e+01,0.000000000000000000e+00
2.173456672386175370e+01,0.000000000000000000e+00
2.241447264832760311e+01,0.000000000000000000e+00
2.289598280809687481e+01,0.000000000000000000e+00
1.854907147824834723e+01,0.000000000000000000e+00
1.718199001594275899e+01,0.000000000000000000e+00
2.161815657458949858e+01,0.000000000000000000e+00
1.848644388728035537e+01,0.000000000000000000e+00
2.011990416437000562e+01,0.000000000000000000e+00
2.123184216575696226e+01,0.000000000000000000e+00
1.991071967163096090e+01,0.000000000000000000e+00
1.788863613430503818e+01,0.000000000000000000e+00
1.763474439485023026e+01,0.000000000000000000e+00
1.625465892522473510e+01,0.000000000000000000e+00
2.283712246488800801e+01,0.000000000000000000e+00
2.038034224521281956e+01,0.000000000000000000e+00
1.580305460909827708e+01,0.000000000000000000e+00
2.352274027649867350e+01,0.000000000000000000e+00
1.841841740948686734e+01,0.000000000000000000e+00
1.854992735169269835e+01,0.000000000000000000e+00
1.941846988332110158e+01,0.000000000000000000e+00
1.871308367262299299e+01,0.000000000000000000e+00
2.188859836858846819e+01,0.000000000000000000e+00
1.878001846965933197e+01,0.000000000000000000e+00
1.908214099183406631e+01,0.000000000000000000e+00
2.134928751475203512e+01,0.000000000000000000e+00
1.901501471386985997e+01,0.000000000000000000e+00
1.863960484084814340e+01,0.000000000000000000e+00
2.229919175932848319e+01,0.000000000000000000e+00
1.941595155151519236e+01,0.000000000000000000e+00
1.976113158128652003e+01,0.000000000000000000e+00
2.148961627377124373e+01,0.000000000000000000e+00
2.097901802427235651e+01,0.000000000000000000e+00
1.899879723632477635e+01,0.000000000000000000e+00
1.963422623994145866e+01,0.000000000000000000e+00
2.289994374746679995e+01,0.000000000000000000e+00
2.025379517683857244e+01,0.000000000000000000e+00
2.259004622959159292e+01,0.000000000000000000e+00
2.433142866931762427e+01,0.000000000000000000e+00
2.000277286576079661e+01,0.000000000000000000e+00
1.589072670855058078e+01,0.000000000000000000e+00
1.934527063763901467e+01,0.000000000000000000e+00
1.697105628548307976e+01,0.000000000000000000e+00
1.822004676295788528e+01,0.000000000000000000e+00
1.855591761776251403e+01,0.000000000000000000e+00
2.072975298283111911e+01,0.000000000000000000e+00
1.962386192617890757e+01,0.000000000000000000e+00
1.864877837829362051e+01,0.000000000000000000e+00
1.786801202997657612e+01,0.000000000000000000e+00
2.050320559455645508e+01,0.000000000000000000e+00
2.025811904484269377e+01,0.000000000000000000e+00
2.409113207852834293e+01,0.000000000000000000e+00
2.059686883998563189e+01,0.000000000000000000e+00
1.918641559548311903e+01,0.000000000000000000e+00
1.849415446079362013e+01,0.000000000000000000e+00
2.172639987439713494e+01,0.000000000000000000e+00
1.983084308410122532e+01,0.000000000000000000e+00
2.254123240418999785e+01,0.000000000000000000e+00
2.084614241783526722e+01,0.000000000000000000e+00
1.832058884614336236e+01,0.000000000000000000e+00
2.131744962030987622e+01,0.000000000000000000e+00
1.962377609559400327e+01,0.000000000000000000e+00
2.236799777191095728e+01,0.000000000000000000e+00
2.034591719184921388e+01,0.000000000000000000e+00
2.042440167556082287e+01,0.000000000000000000e+00
1.859024992083923777e+01,0.000000000000000000e+00
1.711676749151377308e+01,0.000000000000000000e+00
2.041793075506333821e+01,0.000000000000000000e+00
2.464742482225855724e+01,0.000000000000000000e+00
2.353631349323302757e+01,0.000000000000000000e+00
2.112416238298472848e+01,0.000000000000000000e+00
2.121349501316545627e+01,0.000000000000000000e+00
2.079510815514102973e+01,0.000000000000000000e+00
2.277404976269470538e+01,0.000000000000000000e+00
2.134372591762802784e+01,0.000000000000000000e+00
2.091564410293150900e+01,0.000000000000000000e+00
1.906226643624881234e+01,0.000000000000000000e+00
2.060755519845965011e+01,0.000000000000000000e+00
1.918007814442274395e+01,0.000000000000000000e+00
1.960663346963482923e+01,0.000000000000000000e+00
1.914737228465934393e+01,0.000000000000000000e+00
2.017620473447120233e+01,0.000000000000000000e+00
1.937281703448305947e+01,0.000000000000000000e+00
1.928934979352796475e+01,0.000000000000000000e+00
2.340288547112588091e+01,0.000000000000000000e+00
1.850738858620309202e+01,0.000000000000000000e+00
1.816677682145041217e+01,0.000000000000000000e+00
2.269699865801014127e+01,0.000000000000000000e+00
1.968388403565019473e+01,0.000000000000000000e+00
1.930230396752538269e+01,0.000000000000000000e+00
1.966599113492896223e+01,0.000000000000000000e+00
2.073628794946846909e+01,0.000000000000000000e+00
2.301132994696125067e+01,0.000000000000000000e+00
2.096487435450693937e+01,0.000000000000000000e+00
1.846582274407085933e+01,0.000000000000000000e+00
2.164303121469960089e+01,0.000000000000000000e+00
2.041060519417128205e+01,0.000000000000000000e+00
1.756123341665312410e+01,0.000000000000000000e+00
1.835202025009681392e+01,0.000000000000000000e+00
2.022973355381083493e+01,0.000000000000000000e+00
2.141169556271756491e+01,0.000000000000000000e+00
1.972302794065792142e+01,0.000000000000000000e+00
2.111225514375275836e+01,0.000000000000000000e+00
2.009837538114843980e+01,0.000000000000000000e+00
1.981917518648498344e+01,0.000000000000000000e+00
2.192166634673464998e+01,0.000000000000000000e+00
2.113282261215066171e+01,0.000000000000000000e+00
2.169140190771074828e+01,0.000000000000000000e+00
1.884050312537459604e+01,0.000000000000000000e+00
1.910189484567706941e+01,0.000000000000000000e+00
2.110006628426185316e+01,0.000000000000000000e+00
2.410635254129297778e+01,0.000000000000000000e+00
1.806313461449462565e+01,0.000000000000000000e+00
2.079873420027117703e+01,0.000000000000000000e+00
1.575842614153921240e+01,0.000000000000000000e+00
1.705580621633929539e+01,0.000000000000000000e+00
2.164959811713712057e+01,0.000000000000000000e+00
2.052855794639891229e+01,0.000000000000000000e+00
2.179253100748501737e+01,0.000000000000000000e+00
1.883397464398758459e+01,0.000000000000000000e+00
2.210649044036700062e+01,0.000000000000000000e+00
2.015901499236292693e+01,0.000000000000000000e+00
1.978710658707472803e+01,0.000000000000000000e+00
2.249155818405881035e+01,0.000000000000000000e+00
1.928576619171629858e+01,0.000000000000000000e+00
2.039438770467872430e+01,0.000000000000000000e+00
1.856641525131060888e+01,0.000000000000000000e+00
1.773254990474948301e+01,0.000000000000000000e+00
2.251074683297986212e+01,0.000000000000000000e+00
2.001329879310653936e+01,0.000000000000000000e+00
6.754739144733935063e+01,0.000000000000000000e+00
6.709449888015822694e+01,0.000000000000000000e+00
6.474340038901929972e+01,0.000000000000000000e+00
6.738895725176345763e+01,0.000000000000000000e+00
6.884079583072832520e+01,0.000000000000000000e+00
6.691834253406982214e+01,0.000000000000000000e+00
7.049416235280335741e+01,0.000000000000000000e+00
6.601672920591499860e+01,0.000000000000000000e+00
6.304311536969655094e+01,0.000000000000000000e+00
7.125528027732227088e+01,0.000000000000000000e+00
6.607828914820788668e+01,0.000000000000000000e+00
7.040918863554082918e+01,0.000000000000000000e+00
7.785409596414683620e+01,0.000000000000000000e+00
7.568287410851999653e+01,0.000000000000000000e+00
7.423623807892158766e+01,0.000000000000000000e+00
7.950044003069865539e+01,0.000000000000000000e+00
7.852519292742636026e+01,0.000000000000000000e+00
7.783847497354165057e+01,0.000000000000000000e+00
7.911362687852194142e+01,0.000000000000000000e+00
7.638849244719868636e+01,0.000000000000000000e+00
7.872441979120810629e+01,0.000000000000000000e+00
7.709330951039918034e+01,0.000000000000000000e+00
7.504406954002463692e+01,0.000000000000000000e+00
7.769531164621739094e+01,0.000000000000000000e+00
7.847571057556682206e+01,0.000000000000000000e+00
7.677051437160740477e+01,0.000000000000000000e+00
7.860833777605556349e+01,0.000000000000000000e+00
7.700363012839405030e+01,0.000000000000000000e+00
8.133504708840000319e+01,0.000000000000000000e+00
8.173161116667216675e+01,0.000000000000000000e+00
7.770323267636319997e+01,0.000000000000000000e+00
7.665802438763527960e+01,0.000000000000000000e+00
7.907010832954517809e+01,0.000000000000000000e+00
7.931071497650476942e+01,0.000000000000000000e+00
7.932527801849695948e+01,0.000000000000000000e+00
7.941750659306181603e+01,0.000000000000000000e+00
7.670499249572687006e+01,0.000000000000000000e+00
7.541614688541642408e+01,0.000000000000000000e+00
8.038811970828115250e+01,0.000000000000000000e+00
7.789645048223491131e+01,0.000000000000000000e+00
8.017260175488740970e+01,0.000000000000000000e+00
7.899993853284424006e+01,0.000000000000000000e+00
7.850956746581785239e+01,0.000000000000000000e+00
7.783636248223488963e+01,0.000000000000000000e+00
8.293770377444857900e+01,0.000000000000000000e+00
7.966485534496230514e+01,0.000000000000000000e+00
8.210176528539865615e+01,0.000000000000000000e+00
8.202202984627393789e+01,0.000000000000000000e+00
8.060997898105050297e+01,0.000000000000000000e+00
7.958576437941910342e+01,0.000000000000000000e+00
8.073888136863060083e+01,0.000000000000000000e+00
8.326597159944664384e+01,0.000000000000000000e+00
8.019759288661198582e+01,0.000000000000000000e+00
7.871828619007060013e+01,0.000000000000000000e+00
8.123678421160907703e+01,0.000000000000000000e+00
7.938649166917660693e+01,0.000000000000000000e+00
8.300591685050434876e+01,0.000000000000000000e+00
8.059031277249893321e+01,0.000000000000000000e+00
7.617873906467220024e+01,0.000000000000000000e+00
8.219262494629636251e+01,0.000000000000000000e+00
7.666170975296299162e+01,0.000000000000000000e+00
7.899555170460425302e+01,0.000000000000000000e+00
8.294856004161306373e+01,0.000000000000000000e+00
8.129142553667983861e+01,0.000000000000000000e+00
8.006274982375177274e+01,0.000000000000000000e+00
7.800517318640756059e+01,0.000000000000000000e+00
8.197849559878852688e+01,0.000000000000000000e+00
7.851168456944449758e+01,0.000000000000000000e+00
8.043890583243258163e+01,0.000000000000000000e+00
7.686803071788827424e+01,0.000000000000000000e+00
8.134825542142566235e+01,0.000000000000000000e+00
8.365512084539560078e+01,0.000000000000000000e+00
7.790695905116196229e+01,0.000000000000000000e+00
8.024446644280355656e+01,0.000000000000000000e+00
7.841702659562275812e+01,0.000000000000000000e+00
7.697868827162751870e+01,0.000000000000000000e+00
7.975530684916738267e+01,0.000000000000000000e+00
8.233491292363554237e+01,0.000000000000000000e+00
8.086774925959005600e+01,0.000000000000000000e+00
8.096371559556273212e+01,0.000000000000000000e+00
8.110723370933665421e+01,0.000000000000000000e+00
7.709232726365030430e+01,0.000000000000000000e+00
8.004330278630742157e+01,0.000000000000000000e+00
7.816304224163027925e+01,0.000000000000000000e+00
8.298344546385233400e+01,0.000000000000000000e+00
8.132675252347544870e+01,0.000000000000000000e+00
7.742739362881422949e+01,0.000000000000000000e+00
8.149329099277296962e+01,0.000000000000000000e+00
8.079009545528005276e+01,0.000000000000000000e+00
8.103062982392637537e+01,0.000000000000000000e+00
7.745924272747902251e+01,0.000000000000000000e+00
8.076134992110310407e+01,0.000000000000000000e+00
8.369168645968788667e+01,0.000000000000000000e+00
8.184170135274167990e+01,0.000000000000000000e+00
8.180597380140217467e+01,0.000000000000000000e+00
8.177727842733754926e+01,0.000000000000000000e+00
7.873194153946406004e+01,0.000000000000000000e+00
8.135384688907339523e+01,0.000000000000000000e+00
8.120888505596188622e+01,0.000000000000000000e+00
7.822150865660441355e+01,0.000000000000000000e+00
8.181774114855871005e+01,0.000000000000000000e+00
7.964409589723487670e+01,0.000000000000000000e+00
8.115795211164392242e+01,0.000000000000000000e+00
7.880025767338109688e+01,0.000000000000000000e+00
8.286489891549913978e+01,0.000000000000000000e+00
8.309062015815518976e+01,0.000000000000000000e+00
8.268723064007683377e+01,0.000000000000000000e+00
7.819066627771155709e+01,0.000000000000000000e+00
3.318129108733389643e+01,0.000000000000000000e+00
3.299428383461703618e+01,0.000000000000000000e+00
3.260024202435380403e+01,0.000000000000000000e+00
3.549694035838894735e+01,0.000000000000000000e+00
3.168138610108522357e+01,0.000000000000000000e+00
3.164990101577925685e+01,0.000000000000000000e+00
3.085667514486464924e+01,0.000000000000000000e+00
3.046701665618730459e+01,0.000000000000000000e+00
3.393144818049534450e+01,0.000000000000000000e+00
2.900765680902766874e+01,0.000000000000000000e+00
3.241692008144108428e+01,0.000000000000000000e+00
3.181745338814893742e+01,0.000000000000000000e+00
2.552436795949186532e+01,0.000000000000000000e+00
2.432497863046344477e+01,0.000000000000000000e+00
2.192791561059440042e+01,0.000000000000000000e+00
2.750373868419986678e+01,0.000000000000000000e+00
2.384753764049981584e+01,0.000000000000000000e+00
2.322778308880516818e+01,0.000000000000000000e+00
2.443768849373946495e+01,0.000000000000000000e+00
2.308863920960618898e+01,0.000000000000000000e+00
2.172542795231612800e+01,0.000000000000000000e+00
2.339716741068310313e+01,0.000000000000000000e+00
2.424296030148224901e+01,0.000000000000000000e+00
1.922460944980872455e+01,0.000000000000000000e+00
2.020279227186026816e+01,0.000000000000000000e+00
1.793786322168997316e+01,0.000000000000000000e+00
2.091478274539251103e+01,0.000000000000000000e+00
1.710098814800964107e+01,0.000000000000000000e+00
2.061657838209301730e+01,0.000000000000000000e+00
1.999353571603628055e+01,0.000000000000000000e+00
1.782781832072289063e+01,0.000000000000000000e+00
2.073923605622483279e+01,0.000000000000000000e+00
2.076052904972909374e+01,0.000000000000000000e+00
1.730921458050360329e+01,0.000000000000000000e+00
2.075734698259894273e+01,0.000000000000000000e+00
1.857130272975273044e+01,0.000000000000000000e+00
1.983289954325592674e+01,0.000000000000000000e+00
2.232671152330082620e+01,0.000000000000000000e+00
1.838885848274892609e+01,0.000000000000000000e+00
1.913626289190854379e+01,0.000000000000000000e+00
1.981031809166356084e+01,0.000000000000000000e+00
2.009341534926353035e+01,0.000000000000000000e+00
1.894849546109635341e+01,0.000000000000000000e+00
2.209925372509748698e+01,0.000000000000000000e+00
2.004868497876948652e+01,0.000000000000000000e+00
2.241627139871956231e+01,0.000000000000000000e+00
1.862697346892345251e+01,0.000000000000000000e+00
1.997023819089641350e+01,0.000000000000000000e+00
1.719585138863953588e+01,0.000000000000000000e+00
2.122815101022759166e+01,0.000000000000000000e+00
1.918477132553538667e+01,0.000000000000000000e+00
2.031760414062543063e+01,0.000000000000000000e+00
1.955445585665865593e+01,0.000000000000000000e+00
2.465892052273844115e+01,0.000000000000000000e+00
2.045384509446779475e+01,0.000000000000000000e+00
2.249354864211073490e+01,0.000000000000000000e+00
1.881097103730412812e+01,0.000000000000000000e+00
2.158174212511269019e+01,0.000000000000000000e+00
2.337807166984757856e+01,0.000000000000000000e+00
1.831339810860421480e+01,0.000000000000000000e+00
1.988679645345327884e+01,0.000000000000000000e+00
2.319984031021477833e+01,0.000000000000000000e+00
2.108788233225149966e+01,0.000000000000000000e+00
2.019245604611270650e+01,0.000000000000000000e+00
1.994424367553741817e+01,0.000000000000000000e+00
1.816342167805589014e+01,0.000000000000000000e+00
2.054515828292875312e+01,0.000000000000000000e+00
1.814569162684708203e+01,0.000000000000000000e+00
2.119912845340850538e+01,0.000000000000000000e+00
2.151495926226476740e+01,0.000000000000000000e+00
2.022116887959113285e+01,0.000000000000000000e+00
2.125360304667589517e+01,0.000000000000000000e+00
2.161747223089443892e+01,0.000000000000000000e+00
1.840429802274869076e+01,0.000000000000000000e+00
2.099232810730804033e+01,0.000000000000000000e+00
2.261745799128593859e+01,0.000000000000000000e+00
2.248658374922836600e+01,0.000000000000000000e+00
1.559853534735133351e+01,0.000000000000000000e+00
2.233123288867253464e+01,0.000000000000000000e+00
2.169053597714653137e+01,0.000000000000000000e+00
1.819028402394772925e+01,0.000000000000000000e+00
2.008302627018559861e+01,0.000000000000000000e+00
2.199789113182181310e+01,0.000000000000000000e+00
1.676419051834304952e+01,0.000000000000000000e+00
1.956575703754988638e+01,0.000000000000000000e+00
2.107254282509073207e+01,0.000000000000000000e+00
1.937299348216058092e+01,0.000000000000000000e+00
2.307913069582655652e+01,0.000000000000000000e+00
1.987958924575849196e+01,0.000000000000000000e+00
2.421816413909421684e+01,0.000000000000000000e+00
1.945296851485461431e+01,0.000000000000000000e+00
2.380000733601591989e+01,0.000000000000000000e+00
1.841349217977791852e+01,0.000000000000000000e+00
1.916137906618128284e+01,0.000000000000000000e+00
1.898075945742251847e+01,0.000000000000000000e+00
1.918749884201750433e+01,0.000000000000000000e+00
2.102128520466905570e+01,0.000000000000000000e+00
2.239851689014667357e+01,0.000000000000000000e+00
2.109198676207384793e+01,0.000000000000000000e+00
1.930788343932721318e+01,0.000000000000000000e+00
2.162033272997800992e+01,0.000000000000000000e+00
2.134777952446108884e+01,0.000000000000000000e+00
2.053284243072260651e+01,0.000000000000000000e+00
2.017436224338225159e+01,0.000000000000000000e+00
1.957327275202557004e+01,0.000000000000000000e+00
1.787056937823971481e+01,0.000000000000000000e+00
1.995367211923864303e+01,0.000000000000000000e+00
1.780327864681181183e+01,0.000000000000000000e+00
1.508266873321575119e+01,0.000000000000000000e+00
2.244959089887271375e+01,0.000000000000000000e+00
1.910289720461846130e+01,0.000000000000000000e+00
2.255085834274764522e+01,0.000000000000000000e+00
1.891791545268220531e+01,0.000000000000000000e+00
1.799079686055496552e+01,0.000000000000000000e+00
1.655266918701151724e+01,0.000000000000000000e+00
2.109507185921253836e+01,0.000000000000000000e+00
1.831880719825236525e+01,0.000000000000000000e+00
1.834016567829473843e+01,0.000000000000000000e+00
1.966920166869718045e+01,0.000000000000000000e+00
2.174749178906638036e+01,0.000000000000000000e+00
2.109660204707913778e+01,0.000000000000000000e+00
1.959453058207795806e+01,0.000000000000000000e+00
2.313023758210242065e+01,0.000000000000000000e+00
1.859083807019813861e+01,0.000000000000000000e+00
2.096196653909426288e+01,0.000000000000000000e+00
2.085562809524689953e+01,0.000000000000000000e+00
2.293438480280680380e+01,0.000000000000000000e+00
2.049452751280063012e+01,0.000000000000000000e+00
1.518019902720665115e+01,0.000000000000000000e+00
2.060948534224936424e+01,0.000000000000000000e+00
1.904016153249767029e+01,0.000000000000000000e+00
1.967349767522859594e+01,0.000000000000000000e+00
1.982636976736916523e+01,0.000000000000000000e+00
1.998818391133658423e+01,0.000000000000000000e+00
1.788448805368503969e+01,0.000000000000000000e+00
2.006100061762654008e+01,0.000000000000000000e+00
2.017034113516687910e+01,0.000000000000000000e+00
1.734315647986790765e+01,0.000000000000000000e+00
2.055769539310538718e+01,0.000000000000000000e+00
2.322399073248107726e+01,0.000000000000000000e+00
2.020902962751121379e+01,0.000000000000000000e+00
2.119858885997347642e+01,0.000000000000000000e+00
2.045522267965129615e+01,0.000000000000000000e+00
1.703913205950903276e+01,0.000000000000000000e+00
2.173069110975431073e+01,0.000000000000000000e+00
2.039620006748388903e+01,0.000000000000000000e+00
2.251337712741251096e+01,0.000000000000000000e+00
2.157557196465727856e+01,0.000000000000000000e+00
2.163819195594691891e+01,0.000000000000000000e+00
1.916472775682028740e+01,0.000000000000000000e+00
1.867185123334037655e+01,0.000000000000000000e+00
1.499102928672740553e+01,0.000000000000000000e+00
2.454634843795979293e+01,0.000000000000000000e+00
1.925575031669252013e+01,0.000000000000000000e+00
1.884955477559467596e+01,0.000000000000000000e+00
1.846118336473524124e+01,0.000000000000000000e+00
1.717922940971113377e+01,0.000000000000000000e+00
1.781657385208946920e+01,0.000000000000000000e+00
2.120322903047014762e+01,0.000000000000000000e+00
2.244558930851817635e+01,0.000000000000000000e+00
2.158485722290165398e+01,0.000000000000000000e+00
1.554750899691998356e+01,0.000000000000000000e+00
1.990018590149104938e+01,0.000000000000000000e+00
1.903886969252749140e+01,0.000000000000000000e+00
1.889912958195749582e+01,0.000000000000000000e+00
1.688934164766205726e+01,0.000000000000000000e+00
2.363707451348909672e+01,0.000000000000000000e+00
2.282368654802431962e+01,0.000000000000000000e+00
2.361987599939835292e+01,0.000000000000000000e+00
2.250850223518899895e+01,0.000000000000000000e+00
1.827744649418366407e+01,0.000000000000000000e+00
1.668870118578524497e+01,0.000000000000000000e+00
2.096447118388048381e+01,0.000000000000000000e+00
1.667304430061120968e+01,0.000000000000000000e+00
2.184876802588795996e+01,0.000000000000000000e+00
2.120864415076621157e+01,0.000000000000000000e+00
1.995203420760109481e+01,0.000000000000000000e+00
1.800179881511323998e+01,0.000000000000000000e+00
1.816072499994795209e+01,0.000000000000000000e+00
1.960336338899752562e+01,0.000000000000000000e+00
6.591986602220478630e+01,0.000000000000000000e+00
7.084367984202657453e+01,0.000000000000000000e+00
6.998658501965475409e+01,0.000000000000000000e+00
6.966962664595546073e+01,0.000000000000000000e+00
6.991987994911796989e+01,0.000000000000000000e+00
6.718225637162763064e+01,0.000000000000000000e+00
6.748379943108525936e+01,0.000000000000000000e+00
6.474041400519388390e+01,0.000000000000000000e+00
6.703883070944958433e+01,0.000000000000000000e+00
6.648253365839721596e+01,0.000000000000000000e+00
6.732471879387810532e+01,0.000000000000000000e+00
6.979415567921662955e+01,0.000000000000000000e+00
7.844438418822026904e+01,0.000000000000000000e+00
7.697539663942339416e+01,0.000000000000000000e+00
7.845416792585608334e+01,0.000000000000000000e+00
7.596163830717381416e+01,0.000000000000000000e+00
7.379334955558309161e+01,0.000000000000000000e+00
7.609231792006312389e+01,0.000000000000000000e+00
8.081837188735190125e+01,0.000000000000000000e+00
7.872173026754980185e+01,0.000000000000000000e+00
7.797025100720355795e+01,0.000000000000000000e+00
7.628598999020566396e+01,0.000000000000000000e+00
7.671421606479769650e+01,0.000000000000000000e+00
7.778879711037538414e+01,0.000000000000000000e+00
7.997403127260072608e+01,0.000000000000000000e+00
8.064848605847950580e+01,0.000000000000000000e+00
8.181698743094517567e+01,0.000000000000000000e+00
7.728139691400146205e+01,0.000000000000000000e+00
7.869528897899269282e+01,0.000000000000000000e+00
8.060568831481737107e+01,0.000000000000000000e+00
7.613677557338931479e+01,0.000000000000000000e+00
7.801341459719671434e+01,0.000000000000000000e+00
8.223247403798048083e+01,0.000000000000000000e+00
7.929716554652203797e+01,0.000000000000000000e+00
7.864016133276318499e+01,0.000000000000000000e+00
7.936748285769118638e+01,0.000000000000000000e+00
8.199055741425230792e+01,0.000000000000000000e+00
7.666878366366634623e+01,0.000000000000000000e+00
8.176944928715552408e+01,0.000000000000000000e+00
7.856778439905301070e+01,0.000000000000000000e+00
7.789073643246975109e+01,0.000000000000000000e+00
7.992041375616781806e+01,0.000000000000000000e+00
7.759772154152797441e+01,0.000000000000000000e+00
8.110878093685563783e+01,0.000000000000000000e+00
8.003343517601130941e+01,0.000000000000000000e+00
7.947461685304500634e+01,0.000000000000000000e+00
7.982543117029018731e+01,0.000000000000000000e+00
8.127539097153359648e+01,0.000000000000000000e+00
8.105391591055260392e+01,0.000000000000000000e+00
8.076845702045118003e+01,0.000000000000000000e+00
7.835543694797435421e+01,0.000000000000000000e+00
7.996517627597171440e+01,0.000000000000000000e+00
8.134309234749034090e+01,0.000000000000000000e+00
7.911143374397423145e+01,0.000000000000000000e+00
7.718546160415112922e+01,0.000000000000000000e+00
8.030178641538452666e+01,0.000000000000000000e+00
7.950557087899227326e+01,0.000000000000000000e+00
8.012481880757994190e+01,0.000000000000000000e+00
8.076772260633549649e+01,0.000000000000000000e+00
7.844000981355232227e+01,0.000000000000000000e+00
7.791153052113696731e+01,0.000000000000000000e+00
7.995570718010920075e+01,0.000000000000000000e+00
8.318032417112721078e+01,0.000000000000000000e+00
8.191470040037515332e+01,0.000000000000000000e+00
8.312742463098523160e+01,0.000000000000000000e+00
8.041080606341122916e+01,0.000000000000000000e+00
7.837193202785744006e+01,0.000000000000000000e+00
8.027536238279851943e+01,0.000000000000000000e+00
7.947401209245825271e+01,0.000000000000000000e+00
7.786786674444684309e+01,0.000000000000000000e+00
8.092744064299546380e+01,0.000000000000000000e+00
7.850445258644806756e+01,0.000000000000000000e+00
7.777523090713827969e+01,0.000000000000000000e+00
8.302219266794669750e+01,0.000000000000000000e+00
8.158691476102409013e+01,0.000000000000000000e+00
7.839709804049428499e+01,0.000000000000000000e+00
8.279888594088400566e+01,0.000000000000000000e+00
7.691312615276095244e+01,0.000000000000000000e+00
7.887160914099219156e+01,0.000000000000000000e+00
8.175913232751025816e+01,0.000000000000000000e+00
7.891081459949059251e+01,0.000000000000000000e+00
7.821831533691441507e+01,0.000000000000000000e+00
7.952315192868218219e+01,0.000000000000000000e+00
7.953736499442283048e+01,0.000000000000000000e+00
8.030009977061293114e+01,0.000000000000000000e+00
8.047148490119327846e+01,0.000000000000000000e+00
8.119780942167088256e+01,0.000000000000000000e+00
8.106609877465484715e+01,0.000000000000000000e+00
7.541294068249527527e+01,0.000000000000000000e+00
8.276194872689052318e+01,0.000000000000000000e+00
7.688184095341630098e+01,0.000000000000000000e+00
8.007816861667258479e+01,0.000000000000000000e+00
7.997393772291242442e+01,0.000000000000000000e+00
7.784174142527054130e+01,0.000000000000000000e+00
7.906632441289096391e+01,0.000000000000000000e+00
7.903670210697842435e+01,0.000000000000000000e+00
8.007901507199638047e+01,0.000000000000000000e+00
8.142791737085424586e+01,0.000000000000000000e+00
8.548018158480429918e+01,0.000000000000000000e+00
7.872932886463659941e+01,0.000000000000000000e+00
8.046250751095971054e+01,0.000000000000000000e+00
8.046116909382094207e+01,0.000000000000000000e+00
7.906723342332050208e+01,0.000000000000000000e+00
8.393681996053915384e+01,0.000000000000000000e+00
7.963574129201620622e+01,0.000000000000000000e+00
7.968563072709441997e+01,0.000000000000000000e+00
8.011348424250323319e+01,0.000000000000000000e+00
7.778904083510900591e+01,0.000000000000000000e+00
3.301981912496177785e+01,0.000000000000000000e+00
3.178805282939660870e+01,0.000000000000000000e+00
3.259864732250035502e+01,0.000000000000000000e+00
3.277389073926423180e+01,0.000000000000000000e+00
3.196278521566038577e+01,0.000000000000000000e+00
3.267173609488484942e+01,0.000000000000000000e+00
3.171305252971665212e+01,0.000000000000000000e+00
3.144594386097458028e+01,0.000000000000000000e+00
2.932109470145162078e+01,0.000000000000000000e+00
3.206898486812873728e+01,0.000000000000000000e+00
3.555747289913539788e+01,0.000000000000000000e+00
2.918248024143184693e+01,0.000000000000000000e+00
2.110924876620808632e+01,0.000000000000000000e+00
1.822263970835820857e+01,0.000000000000000000e+00
2.250053167457957670e+01,0.000000000000000000e+00
2.106716045676460070e+01,0.000000000000000000e+00
2.292268150945785266e+01,0.000000000000000000e+00
1.902577708406059998e+01,0.000000000000000000e+00
2.550710041624142477e+01,0.000000000000000000e+00
2.566605016055112998e+01,0.000000000000000000e+00
1.984611682962108148e+01,0.000000000000000000e+00
2.266440601937986798e+01,0.000000000000000000e+00
2.153016192333506496e+01,0.000000000000000000e+00
2.223829410256989192e+01,0.000000000000000000e+00
2.347444351331675705e+01,0.000000000000000000e+00
1.889538900087561402e+01,0.000000000000000000e+00
2.031526371001315567e+01,0.000000000000000000e+00
1.845506786918487663e+01,0.000000000000000000e+00
2.275914142755262048e+01,0.000000000000000000e+00
1.883065901349241855e+01,0.000000000000000000e+00
1.985047773199626420e+01,0.000000000000000000e+00
2.380373838572484857e+01,0.000000000000000000e+00
1.872837807990351777e+01,0.000000000000000000e+00
2.150049582927431757e+01,0.000000000000000000e+00
2.044196883243409246e+01,0.000000000000000000e+00
2.390657613127118708e+01,0.000000000000000000e+00
2.002832758768553845e+01,0.000000000000000000e+00
2.137449382353812410e+01,0.000000000000000000e+00
1.939853396287027465e+01,0.000000000000000000e+00
2.152975543853167295e+01,0.000000000000000000e+00
1.887265342846144023e+01,0.000000000000000000e+00
1.803135321912981581e+01,0.000000000000000000e+00
2.018991957134699788e+01,0.000000000000000000e+00
1.884399892867428861e+01,0.000000000000000000e+00
1.949753155918151037e+01,0.000000000000000000e+00
1.866009830209263853e+01,0.000000000000000000e+00
2.134393920086377250e+01,0.000000000000000000e+00
1.973585050881364467e+01,0.000000000000000000e+00
2.232602983687196030e+01,0.000000000000000000e+00
1.723854042643555218e+01,0.000000000000000000e+00
1.948582939246888657e+01,0.000000000000000000e+00
1.838756204498455915e+01,0.000000000000000000e+00
2.030406596987010914e+01,0.000000000000000000e+00
2.148531605426286362e+01,0.000000000000000000e+00
2.041063397000962354e+01,0.000000000000000000e+00
1.819033820117071798e+01,0.000000000000000000e+00
1.827077658881093924e+01,0.000000000000000000e+00
2.083830987495972309e+01,0.000000000000000000e+00
1.584965798553494309e+01,0.000000000000000000e+00
1.924951314205797104e+01,0.000000000000000000e+00
2.152147166505423925e+01,0.000000000000000000e+00
2.231931679271841062e+01,0.000000000000000000e+00
1.926800832612891412e+01,0.000000000000000000e+00
2.011145284421603563e+01,0.000000000000000000e+00
1.944209878783860290e+01,0.000000000000000000e+00
2.185982778140898120e+01,0.000000000000000000e+00
2.227878215860464906e+01,0.000000000000000000e+00
2.007437713302483573e+01,0.000000000000000000e+00
2.005231979217599658e+01,0.000000000000000000e+00
1.989466539190297922e+01,0.000000000000000000e+00
2.072117267947979968e+01,0.000000000000000000e+00
2.222335343143384989e+01,0.000000000000000000e+00
1.811157976168661676e+01,0.000000000000000000e+00
2.170863919734568270e+01,0.000000000000000000e+00
2.079067149429939221e+01,0.000000000000000000e+00
1.936878471282436820e+01,0.000000000000000000e+00
1.960861598793766092e+01,0.000000000000000000e+00
2.431549893507989069e+01,0.000000000000000000e+00
2.010467348232808860e+01,0.000000000000000000e+00
2.259534538264033898e+01,0.000000000000000000e+00
2.144355749756191898e+01,0.000000000000000000e+00
1.876578327385289668e+01,0.000000000000000000e+00
1.946761617667146638e+01,0.000000000000000000e+00
1.888532906925881605e+01,0.000000000000000000e+00
1.921059639077688175e+01,0.000000000000000000e+00
2.035777540107810069e+01,0.000000000000000000e+00
1.936435890660251857e+01,0.000000000000000000e+00
2.137093640336821210e+01,0.000000000000000000e+00
2.061769938318583684e+01,0.000000000000000000e+00
1.607588950186475785e+01,0.000000000000000000e+00
2.104909716788222340e+01,0.000000000000000000e+00
1.903236401017001356e+01,0.000000000000000000e+00
1.806056146663802409e+01,0.000000000000000000e+00
2.076004760242530978e+01,0.000000000000000000e+00
2.310052266322726666e+01,0.000000000000000000e+00
2.133903361845935009e+01,0.000000000000000000e+00
2.026494729230758907e+01,0.000000000000000000e+00
2.119737874976078729e+01,0.000000000000000000e+00
1.963339481273959564e+01,0.000000000000000000e+00
2.073352731408479954e+01,0.000000000000000000e+00
1.701069700616502800e+01,0.000000000000000000e+00
2.182723924178137409e+01,0.000000000000000000e+00
2.305716235855312135e+01,0.000000000000000000e+00
1.953014953586874469e+01,0.000000000000000000e+00
1.919093058909096428e+01,0.000000000000000000e+00
2.148569454367962805e+01,0.000000000000000000e+00
2.231521335780242765e+01,0.000000000000000000e+00
1.905476071257477955e+01,0.000000000000000000e+00
2.036113193295249957e+01,0.000000000000000000e+00
1.662908163608997825e+01,0.000000000000000000e+00
1.999865809693904239e+01,0.000000000000000000e+00
1.952491806555899601e+01,0.000000000000000000e+00
2.043897184916811582e+01,0.000000000000000000e+00
1.725460492907590293e+01,0.000000000000000000e+00
1.899180238494484740e+01,0.000000000000000000e+00
2.038577069455863366e+01,0.000000000000000000e+00
1.781591202971070587e+01,0.000000000000000000e+00
1.944472251246888206e+01,0.000000000000000000e+00
1.826682338076478018e+01,0.000000000000000000e+00
2.026990774015847308e+01,0.000000000000000000e+00
2.205370101536702521e+01,0.000000000000000000e+00
2.148378794899615940e+01,0.000000000000000000e+00
2.053343845734593032e+01,0.000000000000000000e+00
1.631965749819398326e+01,0.000000000000000000e+00
1.593127929509086016e+01,0.000000000000000000e+00
1.925299305535293470e+01,0.000000000000000000e+00
2.248433978536596456e+01,0.000000000000000000e+00
2.003348894935285074e+01,0.000000000000000000e+00
1.961047779471387997e+01,0.000000000000000000e+00
2.252964196936578389e+01,0.000000000000000000e+00
1.938779003329523931e+01,0.000000000000000000e+00
1.728534439111714249e+01,0.000000000000000000e+00
1.882629835206157765e+01,0.000000000000000000e+00
2.087765697799282449e+01,0.000000000000000000e+00
2.132255570519960486e+01,0.000000000000000000e+00
1.683040627864986050e+01,0.000000000000000000e+00
2.285008209958568060e+01,0.000000000000000000e+00
2.037530046899453495e+01,0.000000000000000000e+00
1.985106049087499613e+01,0.000000000000000000e+00
2.055418902216173649e+01,0.000000000000000000e+00
2.172158099544215659e+01,0.000000000000000000e+00
1.715314279884906057e+01,0.000000000000000000e+00
2.272698080500097717e+01,0.000000000000000000e+00
1.464757143189933508e+01,0.000000000000000000e+00
2.306231956789693882e+01,0.000000000000000000e+00
1.868742615872881174e+01,0.000000000000000000e+00
1.868838542129061508e+01,0.000000000000000000e+00
2.361415178512217494e+01,0.000000000000000000e+00
2.002046637511137916e+01,0.000000000000000000e+00
2.118993287380292401e+01,0.000000000000000000e+00
1.853783889342817659e+01,0.000000000000000000e+00
1.941537853773145983e+01,0.000000000000000000e+00
2.272287159360343978e+01,0.000000000000000000e+00
1.734545796210800361e+01,0.000000000000000000e+00
1.900115549780398894e+01,0.000000000000000000e+00
2.086568074254259031e+01,0.000000000000000000e+00
1.967965009096145579e+01,0.000000000000000000e+00
2.153836252048639111e+01,0.000000000000000000e+00
1.737757817769759328e+01,0.000000000000000000e+00
2.196370107767750213e+01,0.000000000000000000e+00
2.038193493760540420e+01,0.000000000000000000e+00
1.911474308140360279e+01,0.000000000000000000e+00
1.864569996978832478e+01,0.000000000000000000e+00
2.023405717876321930e+01,0.000000000000000000e+00
2.148406465880763960e+01,0.000000000000000000e+00
2.073343427950352691e+01,0.000000000000000000e+00
1.908612546575636415e+01,0.000000000000000000e+00
2.058718294436829055e+01,0.000000000000000000e+00
2.049203206158762214e+01,0.000000000000000000e+00
1.549555059573586746e+01,0.000000000000000000e+00
1.852144466451534299e+01,0.000000000000000000e+00
1.845379398915557090e+01,0.000000000000000000e+00
2.276335475155525501e+01,0.000000000000000000e+00
1.847954789659229036e+01,0.000000000000000000e+00
1.996658673186222188e+01,0.000000000000000000e+00
1.847378840038787473e+01,0.000000000000000000e+00
1.880201865143735773e+01,0.000000000000000000e+00
1.682240521539876354e+01,0.000000000000000000e+00
1.832071433594634868e+01,0.000000000000000000e+00
1.660646695559263009e+01,0.000000000000000000e+00
6.771832530138657091e+01,0.000000000000000000e+00
6.843345916478493507e+01,0.000000000000000000e+00
6.724307939732494788e+01,0.000000000000000000e+00
7.142170837187572374e+01,0.000000000000000000e+00
6.946651985611782720e+01,0.000000000000000000e+00
6.636539653320548382e+01,0.000000000000000000e+00
6.966512797871040163e+01,0.000000000000000000e+00
6.736280998673682063e+01,0.000000000000000000e+00
6.607337526361975222e+01,0.000000000000000000e+00
6.709143067590450471e+01,0.000000000000000000e+00
6.845472929772351733e+01,0.000000000000000000e+00
6.405238481512638771e+01,0.000000000000000000e+00
7.736178932252136065e+01,0.000000000000000000e+00
7.907566134976300987e+01,0.000000000000000000e+00
8.095313500950084062e+01,0.000000000000000000e+00
8.062227450258947670e+01,0.000000000000000000e+00
7.665681123602658431e+01,0.000000000000000000e+00
7.889789653571268957e+01,0.000000000000000000e+00
7.321749628547232192e+01,0.000000000000000000e+00
7.108848820346337050e+01,0.000000000000000000e+00
8.062074808228240386e+01,0.000000000000000000e+00
7.626087370806321530e+01,0.000000000000000000e+00
8.036219744414781019e+01,0.000000000000000000e+00
7.964281270139335334e+01,0.000000000000000000e+00
8.355398744409542644e+01,0.000000000000000000e+00
7.889835135753519069e+01,0.000000000000000000e+00
7.782601043996994861e+01,0.000000000000000000e+00
8.096560227388992814e+01,0.000000000000000000e+00
7.911068268508762458e+01,0.000000000000000000e+00
7.776755685541699847e+01,0.000000000000000000e+00
7.895872417705521684e+01,0.000000000000000000e+00
8.228071884600292663e+01,0.000000000000000000e+00
7.689094353507910284e+01,0.000000000000000000e+00
8.010771676171516731e+01,0.000000000000000000e+00
8.010314182565862495e+01,0.000000000000000000e+00
7.803595707453990826e+01,0.000000000000000000e+00
7.937144052005658068e+01,0.000000000000000000e+00
7.676700888199100348e+01,0.000000000000000000e+00
7.936585989745297809e+01,0.000000000000000000e+00
7.710722979563405488e+01,0.000000000000000000e+00
8.080806641628321074e+01,0.000000000000000000e+00
8.100840795390499238e+01,0.000000000000000000e+00
8.041087309037156672e+01,0.000000000000000000e+00
8.440709073824267250e+01,0.000000000000000000e+00
7.934064862358088988e+01,0.000000000000000000e+00
7.977134763624751201e+01,0.000000000000000000e+00
7.754426340583883359e+01,0.000000000000000000e+00
8.040476810341506564e+01,0.000000000000000000e+00
8.216349135062644393e+01,0.000000000000000000e+00
8.169120428558424862e+01,0.000000000000000000e+00
8.093809369278682198e+01,0.000000000000000000e+00
8.239953291517201706e+01,0.000000000000000000e+00
8.110576914152838413e+01,0.000000000000000000e+00
7.979828510450376200e+01,0.000000000000000000e+00
8.135943627783223064e+01,0.000000000000000000e+00
7.994101877724759220e+01,0.000000000000000000e+00
8.133095266770325793e+01,0.000000000000000000e+00
7.558810719178165982e+01,0.000000000000000000e+00
8.000075023200444946e+01,0.000000000000000000e+00
8.170557752358104153e+01,0.000000000000000000e+00
7.846923771921984780e+01,0.000000000000000000e+00
8.370881276989308617e+01,0.000000000000000000e+00
7.812515858489516063e+01,0.000000000000000000e+00
7.891458730792626852e+01,0.000000000000000000e+00
8.274285591682046004e+01,0.000000000000000000e+00
8.329428937352290063e+01,0.000000000000000000e+00
8.425658151882900881e+01,0.000000000000000000e+00
7.605939338281422124e+01,0.000000000000000000e+00
8.308244883921626922e+01,0.000000000000000000e+00
7.782626205450732471e+01,0.000000000000000000e+00
8.159514402062012550e+01,0.000000000000000000e+00
7.884777480839532871e+01,0.000000000000000000e+00
8.555609385961861335e+01,0.000000000000000000e+00
7.722956177051435134e+01,0.000000000000000000e+00
7.921273846030481991e+01,0.000000000000000000e+00
8.061391272626012494e+01,0.000000000000000000e+00
8.224355937129854510e+01,0.000000000000000000e+00
8.040633732829985547e+01,0.000000000000000000e+00
8.048251500966644301e+01,0.000000000000000000e+00
8.014305934609146220e+01,0.000000000000000000e+00
8.165103952258743902e+01,0.000000000000000000e+00
8.268386981257330604e+01,0.000000000000000000e+00
7.988697445439879630e+01,0.000000000000000000e+00
8.162778299266391002e+01,0.000000000000000000e+00
8.044375342009826113e+01,0.000000000000000000e+00
7.907250085018200991e+01,0.000000000000000000e+00
7.955999028718659360e+01,0.000000000000000000e+00
7.762586576700218188e+01,0.000000000000000000e+00
7.819359407753680102e+01,0.000000000000000000e+00
8.119256840981282153e+01,0.000000000000000000e+00
8.125513085572926286e+01,0.000000000000000000e+00
7.778794735440268937e+01,0.000000000000000000e+00
7.949077370628927497e+01,0.000000000000000000e+00
8.265564235064806553e+01,0.000000000000000000e+00
7.918043495354837091e+01,0.000000000000000000e+00
7.742508175276847737e+01,0.000000000000000000e+00
8.249089142950980147e+01,0.000000000000000000e+00
7.602988963836678238e+01,0.000000000000000000e+00
8.115143845754271013e+01,0.000000000000000000e+00
7.882378316721556644e+01,0.000000000000000000e+00
7.912662688045782033e+01,0.000000000000000000e+00
8.298018413061646470e+01,0.000000000000000000e+00
8.164400861645967211e+01,0.000000000000000000e+00
8.159147671898014664e+01,0.000000000000000000e+00
8.082606518194481282e+01,0.000000000000000000e+00
7.871279862964379959e+01,0.000000000000000000e+00
8.204401925955012587e+01,0.000000000000000000e+00
7.823348185698719703e+01,0.000000000000000000e+00
3.454952906143329727e+01,0.000000000000000000e+00
3.358576029646145855e+01,0.000000000000000000e+00
2.532460892433529764e+01,0.000000000000000000e+00
3.550927324133127172e+01,0.000000000000000000e+00
3.046587404652665398e+01,0.000000000000000000e+00
3.031949568734239975e+01,0.000000000000000000e+00
2.982636533799344392e+01,0.000000000000000000e+00
3.065311541115469041e+01,0.000000000000000000e+00
3.234741828814529896e+01,0.000000000000000000e+00
3.333440367737866694e+01,0.000000000000000000e+00
2.823292534911065843e+01,0.000000000000000000e+00
3.484293892123289282e+01,0.000000000000000000e+00
2.306441960015494175e+01,0.000000000000000000e+00
2.124895154881779291e+01,0.000000000000000000e+00
2.013321861381233902e+01,0.000000000000000000e+00
1.947224662488891411e+01,0.000000000000000000e+00
2.227984924421312840e+01,0.000000000000000000e+00
2.037180120874440092e+01,0.000000000000000000e+00
2.210326169180838107e+01,0.000000000000000000e+00
2.470823167722865676e+01,0.000000000000000000e+00
1.995818258399362932e+01,0.000000000000000000e+00
2.413445933646148234e+01,0.000000000000000000e+00
2.214266411338341456e+01,0.000000000000000000e+00
2.008508394862166568e+01,0.000000000000000000e+00
1.859972731760156961e+01,0.000000000000000000e+00
2.022425562252431419e+01,0.000000000000000000e+00
2.117255484278110345e+01,0.000000000000000000e+00
2.189422646857543953e+01,0.000000000000000000e+00
2.358246125696031470e+01,0.000000000000000000e+00
2.218361610846093512e+01,0.000000000000000000e+00
1.925431540093215688e+01,0.000000000000000000e+00
2.150389009154037367e+01,0.000000000000000000e+00
2.132696902556529395e+01,0.000000000000000000e+00
1.943047691946411604e+01,0.000000000000000000e+00
2.132437304017209456e+01,0.000000000000000000e+00
1.750228682154491366e+01,0.000000000000000000e+00
2.329479267563376510e+01,0.000000000000000000e+00
1.866080623720096199e+01,0.000000000000000000e+00
1.855148488395199635e+01,0.000000000000000000e+00
1.955763719511191923e+01,0.000000000000000000e+00
1.650171880307564720e+01,0.000000000000000000e+00
2.132716528805756440e+01,0.000000000000000000e+00
2.030608657714640941e+01,0.000000000000000000e+00
1.967475238521826242e+01,0.000000000000000000e+00
2.145414685458791126e+01,0.000000000000000000e+00
2.062980832886647065e+01,0.000000000000000000e+00
1.690105333637580642e+01,0.000000000000000000e+00
1.950011564243187934e+01,0.000000000000000000e+00
1.947789886306543394e+01,0.000000000000000000e+00
1.930379759530486794e+01,0.000000000000000000e+00
1.989904710026523560e+01,0.000000000000000000e+00
1.839034154901555596e+01,0.000000000000000000e+00
1.978038074398978807e+01,0.000000000000000000e+00
1.624416005585687728e+01,0.000000000000000000e+00
2.000854296207624117e+01,0.000000000000000000e+00
2.100934775606249616e+01,0.000000000000000000e+00
1.953737511753556433e+01,0.000000000000000000e+00
1.873616006978522819e+01,0.000000000000000000e+00
2.367709714070935689e+01,0.000000000000000000e+00
1.742649793437523797e+01,0.000000000000000000e+00
1.888988034849854358e+01,0.000000000000000000e+00
1.948167881118736489e+01,0.000000000000000000e+00
1.992458700820961681e+01,0.000000000000000000e+00
2.086651921307658597e+01,0.000000000000000000e+00
2.198501796928931995e+01,0.000000000000000000e+00
2.406224752911627007e+01,0.000000000000000000e+00
1.669811323992131591e+01,0.000000000000000000e+00
2.079482025482052521e+01,0.000000000000000000e+00
1.907707357744613219e+01,0.000000000000000000e+00
1.977311670647438646e+01,0.000000000000000000e+00
1.753177463418000315e+01,0.000000000000000000e+00
2.324312318042872150e+01,0.000000000000000000e+00
2.038580414328722767e+01,0.000000000000000000e+00
2.612867117259284555e+01,0.000000000000000000e+00
1.776869158911942037e+01,0.000000000000000000e+00
1.977697709656532865e+01,0.000000000000000000e+00
1.943482433099523377e+01,0.000000000000000000e+00
1.884939851375366970e+01,0.000000000000000000e+00
2.042552849312057006e+01,0.000000000000000000e+00
1.919962843139777320e+01,0.000000000000000000e+00
1.705350264328482979e+01,0.000000000000000000e+00
2.443693132520782640e+01,0.000000000000000000e+00
2.019174070220736184e+01,0.000000000000000000e+00
1.943227061726636506e+01,0.000000000000000000e+00
1.775141312958438533e+01,0.000000000000000000e+00
1.940171359520352112e+01,0.000000000000000000e+00
2.121660680392336573e+01,0.000000000000000000e+00
1.936690469126122238e+01,0.000000000000000000e+00
1.706169775063846217e+01,0.000000000000000000e+00
2.316118942623488053e+01,0.000000000000000000e+00
1.946850315368418904e+01,0.000000000000000000e+00
2.205343834825479732e+01,0.000000000000000000e+00
1.936889041292815250e+01,0.000000000000000000e+00
2.199022660150027875e+01,0.000000000000000000e+00
1.779239881426567038e+01,0.000000000000000000e+00
1.859137847060550541e+01,0.000000000000000000e+00
2.293192219940814169e+01,0.000000000000000000e+00
2.057448549886618494e+01,0.000000000000000000e+00
2.542220634665126511e+01,0.000000000000000000e+00
2.275940056637371711e+01,0.000000000000000000e+00
2.433816038148697558e+01,0.000000000000000000e+00
2.174737262275430538e+01,0.000000000000000000e+00
2.256701750125288797e+01,0.000000000000000000e+00
2.017831114437185036e+01,0.000000000000000000e+00
1.943690423274420098e+01,0.000000000000000000e+00
1.726155268352215799e+01,0.000000000000000000e+00
2.019895873637288730e+01,0.000000000000000000e+00
1.817086226559526807e+01,0.000000000000000000e+00
2.226343681267242403e+01,0.000000000000000000e+00
1.838485924334180410e+01,0.000000000000000000e+00
1.651852691540169005e+01,0.000000000000000000e+00
1.971395284388745139e+01,0.000000000000000000e+00
2.150272725645851679e+01,0.000000000000000000e+00
2.094056076896795204e+01,0.000000000000000000e+00
2.050697572996414308e+01,0.000000000000000000e+00
2.082946983746948888e+01,0.000000000000000000e+00
1.515520644700589514e+01,0.000000000000000000e+00
2.066340727356924489e+01,0.000000000000000000e+00
1.900157089343013794e+01,0.000000000000000000e+00
1.844247202849836142e+01,0.000000000000000000e+00
2.159197385144400272e+01,0.000000000000000000e+00
2.146310683161345878e+01,0.000000000000000000e+00
1.585922591604925813e+01,0.000000000000000000e+00
1.706246849186371151e+01,0.000000000000000000e+00
2.103187719553661950e+01,0.000000000000000000e+00
2.011121768593493897e+01,0.000000000000000000e+00
2.049008136854515882e+01,0.000000000000000000e+00
1.555685633354623043e+01,0.000000000000000000e+00
1.764498743300100969e+01,0.000000000000000000e+00
2.417347301563669504e+01,0.000000000000000000e+00
2.408956077677207119e+01,0.000000000000000000e+00
1.882720871026821641e+01,0.000000000000000000e+00
2.122524794160259276e+01,0.000000000000000000e+00
2.001200619044402274e+01,0.000000000000000000e+00
2.199143555246770632e+01,0.000000000000000000e+00
1.783327018971294109e+01,0.000000000000000000e+00
1.810483328131304859e+01,0.000000000000000000e+00
1.791617111359621362e+01,0.000000000000000000e+00
1.966368005733793112e+01,0.000000000000000000e+00
2.154028803007645365e+01,0.000000000000000000e+00
2.072703272450604217e+01,0.000000000000000000e+00
2.152432693302560551e+01,0.000000000000000000e+00
2.149969834744798192e+01,0.000000000000000000e+00
2.116106520241328326e+01,0.000000000000000000e+00
1.900657169256363588e+01,0.000000000000000000e+00
2.212650770124667332e+01,0.000000000000000000e+00
2.135188710419291169e+01,0.000000000000000000e+00
2.018368463896535303e+01,0.000000000000000000e+00
2.180071758386218761e+01,0.000000000000000000e+00
2.022840358805483518e+01,0.000000000000000000e+00
2.150414390446423241e+01,0.000000000000000000e+00
1.855760785343295538e+01,0.000000000000000000e+00
2.106153824415023479e+01,0.000000000000000000e+00
1.808391477909987444e+01,0.000000000000000000e+00
2.185678217688399272e+01,0.000000000000000000e+00
2.104614972692313657e+01,0.000000000000000000e+00
1.924748252922680436e+01,0.000000000000000000e+00
1.675194076369033880e+01,0.000000000000000000e+00
1.916343522152435952e+01,0.000000000000000000e+00
2.306862365668852277e+01,0.000000000000000000e+00
1.873398037355983448e+01,0.000000000000000000e+00
2.085145176912914877e+01,0.000000000000000000e+00
2.127674099019685983e+01,0.000000000000000000e+00
1.932360375466677738e+01,0.000000000000000000e+00
1.833004415705618939e+01,0.000000000000000000e+00
1.783873104879440774e+01,0.000000000000000000e+00
2.219688262849695093e+01,0.000000000000000000e+00
2.103624045651702446e+01,0.000000000000000000e+00
2.099985275631636483e+01,0.000000000000000000e+00
1.646732186733155601e+01,0.000000000000000000e+00
2.003983323848329334e+01,0.000000000000000000e+00
1.929123005773951149e+01,0.000000000000000000e+00
2.064133807262870590e+01,0.000000000000000000e+00
1.996557858921216067e+01,0.000000000000000000e+00
2.000317571041878040e+01,0.000000000000000000e+00
1.918322058451802192e+01,0.000000000000000000e+00
2.013225899664656282e+01,0.000000000000000000e+00
1.917997917502162863e+01,0.000000000000000000e+00
2.107943842531110690e+01,0.000000000000000000e+00
1.926148867052351221e+01,0.000000000000000000e+00
6.877270521610610388e+01,0.000000000000000000e+00
6.800136023265341123e+01,0.000000000000000000e+00
6.757458649203820755e+01,0.000000000000000000e+00
6.623988384662173701e+01,0.000000000000000000e+00
7.016751725749543311e+01,0.000000000000000000e+00
7.266380970370629200e+01,0.000000000000000000e+00
7.131150683986525962e+01,0.000000000000000000e+00
6.748648194384463750e+01,0.000000000000000000e+00
6.675920254316790192e+01,0.000000000000000000e+00
6.830479679990078523e+01,0.000000000000000000e+00
7.168288831591081589e+01,0.000000000000000000e+00
6.625973542036655317e+01,0.000000000000000000e+00
7.865194246854616722e+01,0.000000000000000000e+00
7.929170635765271413e+01,0.000000000000000000e+00
7.935226050941142262e+01,0.000000000000000000e+00
7.969367051685516401e+01,0.000000000000000000e+00
7.655616710615942111e+01,0.000000000000000000e+00
7.446766955349123407e+01,0.000000000000000000e+00
7.766837361616781266e+01,0.000000000000000000e+00
7.932310271952421488e+01,0.000000000000000000e+00
7.943352747927556834e+01,0.000000000000000000e+00
7.725595206376661395e+01,0.000000000000000000e+00
7.880414418626129702e+01,0.000000000000000000e+00
7.897148160779134685e+01,0.000000000000000000e+00
7.856266324629204689e+01,0.000000000000000000e+00
8.231641578884926957e+01,0.000000000000000000e+00
7.690677528995365719e+01,0.000000000000000000e+00
7.717980743921820874e+01,0.000000000000000000e+00
8.190779115706267532e+01,0.000000000000000000e+00
7.917825649661217824e+01,0.000000000000000000e+00
7.800396737790427437e+01,0.000000000000000000e+00
8.041985626365811868e+01,0.000000000000000000e+00
7.966471963772887932e+01,0.000000000000000000e+00
8.194990964998072513e+01,0.000000000000000000e+00
7.866944661405561590e+01,0.000000000000000000e+00
8.038183776870148733e+01,0.000000000000000000e+00
7.707549066741069055e+01,0.000000000000000000e+00
8.044024419997651876e+01,0.000000000000000000e+00
7.830644264470022620e+01,0.000000000000000000e+00
8.379879476483451128e+01,0.000000000000000000e+00
8.108886466689000372e+01,0.000000000000000000e+00
8.335786563544820638e+01,0.000000000000000000e+00
7.899044328686956362e+01,0.000000000000000000e+00
7.906907376247127672e+01,0.000000000000000000e+00
7.786670229615728545e+01,0.000000000000000000e+00
7.905226045383608380e+01,0.000000000000000000e+00
7.849340907848672089e+01,0.000000000000000000e+00
8.136351028168624566e+01,0.000000000000000000e+00
7.648830923315713903e+01,0.000000000000000000e+00
8.045454732389862329e+01,0.000000000000000000e+00
7.943936786498167635e+01,0.000000000000000000e+00
7.900849937051393113e+01,0.000000000000000000e+00
7.949285216106106589e+01,0.000000000000000000e+00
8.101439958230812977e+01,0.000000000000000000e+00
7.899906084694262631e+01,0.000000000000000000e+00
8.507185628323423998e+01,0.000000000000000000e+00
8.521381518954146372e+01,0.000000000000000000e+00
8.082137061875248207e+01,0.000000000000000000e+00
7.840339745061019983e+01,0.000000000000000000e+00
8.352036043116218877e+01,0.000000000000000000e+00
7.815749829890762612e+01,0.000000000000000000e+00
8.193009913272061340e+01,0.000000000000000000e+00
8.135710488735649903e+01,0.000000000000000000e+00
8.067089532379492312e+01,0.000000000000000000e+00
8.060302106765051633e+01,0.000000000000000000e+00
8.346674774145965614e+01,0.000000000000000000e+00
7.986745921593195874e+01,0.000000000000000000e+00
7.901466998713711121e+01,0.000000000000000000e+00
7.959977593292801146e+01,0.000000000000000000e+00
7.929240703294740911e+01,0.000000000000000000e+00
8.014048033224690926e+01,0.000000000000000000e+00
8.048085200974560394e+01,0.000000000000000000e+00
8.503233157193255920e+01,0.000000000000000000e+00
7.853191578258505956e+01,0.000000000000000000e+00
7.817968865795133127e+01,0.000000000000000000e+00
7.860617920815396076e+01,0.000000000000000000e+00
8.150253959870001097e+01,0.000000000000000000e+00
8.097101379144997679e+01,0.000000000000000000e+00
7.936669717634995891e+01,0.000000000000000000e+00
7.872086940357235108e+01,0.000000000000000000e+00
7.981432865807556709e+01,0.000000000000000000e+00
8.153073734761203184e+01,0.000000000000000000e+00
7.931401933426961648e+01,0.000000000000000000e+00
8.027873598199339256e+01,0.000000000000000000e+00
8.195270163407592179e+01,0.000000000000000000e+00
7.780036548655967010e+01,0.000000000000000000e+00
7.923710509554844350e+01,0.000000000000000000e+00
8.013082550588985953e+01,0.000000000000000000e+00
7.749489055781951663e+01,0.000000000000000000e+00
8.063291396241307041e+01,0.000000000000000000e+00
7.819256872909367928e+01,0.000000000000000000e+00
8.173509771380015820e+01,0.000000000000000000e+00
7.712309590649594782e+01,0.000000000000000000e+00
7.897086108498623958e+01,0.000000000000000000e+00
7.911862403907346675e+01,0.000000000000000000e+00
7.872690836436011352e+01,0.000000000000000000e+00
8.177185155539758910e+01,0.000000000000000000e+00
7.752603038377532130e+01,0.000000000000000000e+00
8.004925246985060028e+01,0.000000000000000000e+00
8.189045653019753956e+01,0.000000000000000000e+00
8.069152627172293535e+01,0.000000000000000000e+00
8.032994250924262758e+01,0.000000000000000000e+00
8.092688945691534741e+01,0.000000000000000000e+00
7.806214554339989320e+01,0.000000000000000000e+00
8.298957446579841246e+01,0.000000000000000000e+00
8.018585381118344912e+01,0.000000000000000000e+00
8.019676938151164336e+01,0.000000000000000000e+00
7.897186938474398232e+01,0.000000000000000000e+00
3.098476946088049289e+01,0.000000000000000000e+00
2.964033019461408713e+01,0.000000000000000000e+00
3.294021971122347736e+01,0.000000000000000000e+00
3.318292653153462624e+01,0.000000000000000000e+00
2.902663009913140968e+01,0.000000000000000000e+00
3.309754069189083481e+01,0.000000000000000000e+00
3.285005890806536399e+01,0.000000000000000000e+00
3.516092993803307820e+01,0.000000000000000000e+00
3.208743537763041331e+01,0.000000000000000000e+00
3.367501278570190237e+01,0.000000000000000000e+00
3.276992939213086231e+01,0.000000000000000000e+00
3.117169696424199188e+01,0.000000000000000000e+00
2.284581165650101298e+01,0.000000000000000000e+00
2.435066213832418214e+01,0.000000000000000000e+00
2.492263021809763757e+01,0.000000000000000000e+00
2.281857950761208897e+01,0.000000000000000000e+00
2.239260647922033698e+01,0.000000000000000000e+00
2.195741922057009887e+01,0.000000000000000000e+00
2.507238241816657620e+01,0.000000000000000000e+00
2.308360172755206463e+01,0.000000000000000000e+00
2.115062564813981183e+01,0.000000000000000000e+00
2.447014214678055311e+01,0.000000000000000000e+00
2.381518605048559678e+01,0.000000000000000000e+00
2.393432669226853093e+01,0.000000000000000000e+00
1.688321978539664769e+01,0.000000000000000000e+00
2.072460062178201312e+01,0.000000000000000000e+00
2.339652725865206762e+01,0.000000000000000000e+00
1.751703555432690607e+01,0.000000000000000000e+00
2.232246710394467826e+01,0.000000000000000000e+00
2.216763783850514002e+01,0.000000000000000000e+00
2.261327698514115525e+01,0.000000000000000000e+00
2.562085252528403956e+01,0.000000000000000000e+00
1.854653699576839543e+01,0.000000000000000000e+00
2.182164742212555453e+01,0.000000000000000000e+00
1.858323514575707236e+01,0.000000000000000000e+00
2.122790090486124370e+01,0.000000000000000000e+00
2.412414921876349183e+01,0.000000000000000000e+00
2.182261669092300593e+01,0.000000000000000000e+00
1.791014170483584422e+01,0.000000000000000000e+00
1.900391842641820261e+01,0.000000000000000000e+00
2.043785533755162120e+01,0.000000000000000000e+00
1.770763924594711369e+01,0.000000000000000000e+00
1.909692358681796875e+01,0.000000000000000000e+00
2.154782744777818948e+01,0.000000000000000000e+00
1.866375495512366811e+01,0.000000000000000000e+00
1.757293068261739677e+01,0.000000000000000000e+00
2.065873121154601577e+01,0.000000000000000000e+00
1.923381609876010856e+01,0.000000000000000000e+00
2.038128610482198155e+01,0.000000000000000000e+00
1.941921041430680006e+01,0.000000000000000000e+00
1.852000757482176851e+01,0.000000000000000000e+00
2.150189217742281755e+01,0.000000000000000000e+00
1.849966057017504184e+01,0.000000000000000000e+00
2.450087983637356714e+01,0.000000000000000000e+00
1.977153715649901500e+01,0.000000000000000000e+00
1.914540400925786656e+01,0.000000000000000000e+00
1.916614978744152253e+01,0.000000000000000000e+00
1.781965197313541438e+01,0.000000000000000000e+00
2.267336567927342728e+01,0.000000000000000000e+00
1.747814534985669255e+01,0.000000000000000000e+00
1.847086938178918913e+01,0.000000000000000000e+00
1.803945102192425409e+01,0.000000000000000000e+00
2.305239002289046724e+01,0.000000000000000000e+00
1.566459605222753382e+01,0.000000000000000000e+00
1.763440715155162053e+01,0.000000000000000000e+00
2.134087783639338909e+01,0.000000000000000000e+00
2.076920083557713781e+01,0.000000000000000000e+00
2.157226332898785515e+01,0.000000000000000000e+00
1.970748754597982000e+01,0.000000000000000000e+00
2.220218711161761505e+01,0.000000000000000000e+00
2.294324400118330942e+01,0.000000000000000000e+00
1.986769634529445838e+01,0.000000000000000000e+00
2.121280761383238556e+01,0.000000000000000000e+00
1.737016806018144521e+01,0.000000000000000000e+00
1.979548901098721814e+01,0.000000000000000000e+00
1.792179132442115375e+01,0.000000000000000000e+00
1.806788088552487892e+01,0.000000000000000000e+00
2.185153256598463400e+01,0.000000000000000000e+00
2.122369402391369420e+01,0.000000000000000000e+00
2.116237340997648175e+01,0.000000000000000000e+00
1.929833559615916627e+01,0.000000000000000000e+00
2.053918570246724684e+01,0.000000000000000000e+00
2.182816024446202974e+01,0.000000000000000000e+00
1.661333067083598891e+01,0.000000000000000000e+00
1.854478575849756083e+01,0.000000000000000000e+00
1.835713272521678618e+01,0.000000000000000000e+00
1.903297943244445634e+01,0.000000000000000000e+00
2.038125746372992708e+01,0.000000000000000000e+00
1.827117650647198488e+01,0.000000000000000000e+00
1.584293567535622671e+01,0.000000000000000000e+00
1.924841835333418771e+01,0.000000000000000000e+00
1.859076828974120943e+01,0.000000000000000000e+00
2.042241472821339343e+01,0.000000000000000000e+00
2.241283282642062957e+01,0.000000000000000000e+00
1.665001822737696457e+01,0.000000000000000000e+00
1.932071428953701897e+01,0.000000000000000000e+00
2.031193638721821770e+01,0.000000000000000000e+00
1.658303735224965436e+01,0.000000000000000000e+00
1.664592268600827651e+01,0.000000000000000000e+00
1.625806858855588999e+01,0.000000000000000000e+00
1.715344636432359593e+01,0.000000000000000000e+00
1.897451443603592836e+01,0.000000000000000000e+00
2.172423007718824195e+01,0.000000000000000000e+00
2.175546433447123817e+01,0.000000000000000000e+00
1.913954767966173520e+01,0.000000000000000000e+00
1.860614984687454765e+01,0.000000000000000000e+00
2.224775282683715005e+01,0.000000000000000000e+00
2.293568681163821310e+01,0.000000000000000000e+00
1.938753852030492908e+01,0.000000000000000000e+00
2.027930862508354437e+01,0.000000000000000000e+00
2.173439662668331707e+01,0.000000000000000000e+00
1.808534732526551281e+01,0.000000000000000000e+00
1.783635473875953181e+01,0.000000000000000000e+00
1.769912409445855417e+01,0.000000000000000000e+00
1.969657844950019765e+01,0.000000000000000000e+00
2.432039298291130791e+01,0.000000000000000000e+00
2.150571485713872022e+01,0.000000000000000000e+00
1.672643039592215075e+01,0.000000000000000000e+00
1.803186010758938096e+01,0.000000000000000000e+00
2.168316475696410706e+01,0.000000000000000000e+00
1.947619843586907606e+01,0.000000000000000000e+00
1.944597976366623016e+01,0.000000000000000000e+00
2.149847424758559100e+01,0.000000000000000000e+00
1.855481595996469579e+01,0.000000000000000000e+00
2.054164645450184068e+01,0.000000000000000000e+00
2.186616452123205434e+01,0.000000000000000000e+00
2.242938529541334702e+01,0.000000000000000000e+00
2.009754724288945127e+01,0.000000000000000000e+00
2.287854721982400363e+01,0.000000000000000000e+00
1.950514394854486255e+01,0.000000000000000000e+00
1.882966257660254428e+01,0.000000000000000000e+00
2.067294097258752572e+01,0.000000000000000000e+00
2.259111476132146024e+01,0.000000000000000000e+00
2.071333875173119310e+01,0.000000000000000000e+00
2.011695865550835194e+01,0.000000000000000000e+00
2.342842033007634228e+01,0.000000000000000000e+00
2.147724907978951236e+01,0.000000000000000000e+00
2.284062924766092451e+01,0.000000000000000000e+00
2.353916617619312035e+01,0.000000000000000000e+00
1.909045791289958416e+01,0.000000000000000000e+00
1.785570404214513118e+01,0.000000000000000000e+00
2.138423179815671205e+01,0.000000000000000000e+00
2.341420220660811680e+01,0.000000000000000000e+00
1.846563304406921091e+01,0.000000000000000000e+00
1.892075479856397990e+01,0.000000000000000000e+00
1.961528849250811746e+01,0.000000000000000000e+00
1.780294715424626162e+01,0.000000000000000000e+00
2.023452966190091828e+01,0.000000000000000000e+00
1.956584972382861309e+01,0.000000000000000000e+00
2.065156125578032231e+01,0.000000000000000000e+00
1.980746742682375583e+01,0.000000000000000000e+00
1.786711604923268126e+01,0.000000000000000000e+00
1.882638420494416565e+01,0.000000000000000000e+00
1.918271011328435094e+01,0.000000000000000000e+00
2.089715125070931734e+01,0.000000000000000000e+00
2.077172640216755184e+01,0.000000000000000000e+00
1.979448036100608732e+01,0.000000000000000000e+00
1.925085426746976580e+01,0.000000000000000000e+00
2.159338726541679421e+01,0.000000000000000000e+00
1.932512121600922583e+01,0.000000000000000000e+00
2.018275746460444253e+01,0.000000000000000000e+00
2.209119416575118677e+01,0.000000000000000000e+00
1.933341974168573785e+01,0.000000000000000000e+00
2.130979752621071199e+01,0.000000000000000000e+00
1.955762044180013248e+01,0.000000000000000000e+00
2.018596741330194178e+01,0.000000000000000000e+00
1.980374902879063725e+01,0.000000000000000000e+00
1.978034273073388505e+01,0.000000000000000000e+00
1.954559621492554555e+01,0.000000000000000000e+00
1.913821279361379268e+01,0.000000000000000000e+00
1.999575544492962820e+01,0.000000000000000000e+00
1.787405890381623053e+01,0.000000000000000000e+00
2.237591935546419819e+01,0.000000000000000000e+00
2.199890827967261941e+01,0.000000000000000000e+00
1.861989515660480521e+01,0.000000000000000000e+00
2.361931849308153275e+01,0.000000000000000000e+00
1.974243304264575016e+01,0.000000000000000000e+00
2.191488743111193571e+01,0.000000000000000000e+00
2.291803407643383750e+01,0.000000000000000000e+00
1.805246054845881787e+01,0.000000000000000000e+00
7.156536831775683538e+01,0.000000000000000000e+00
6.537099198002658795e+01,0.000000000000000000e+00
6.522676753193934474e+01,0.000000000000000000e+00
6.899095227467758207e+01,0.000000000000000000e+00
7.015661210011451487e+01,0.000000000000000000e+00
6.620497242698968421e+01,0.000000000000000000e+00
6.902584071896599482e+01,0.000000000000000000e+00
7.043941295553595694e+01,0.000000000000000000e+00
6.946712678047579459e+01,0.000000000000000000e+00
6.609746903864406420e+01,0.000000000000000000e+00
7.118070202544096503e+01,0.000000000000000000e+00
6.688062886034980181e+01,0.000000000000000000e+00
7.572596451892803771e+01,0.000000000000000000e+00
7.624818183194634003e+01,0.000000000000000000e+00
7.964347355956185481e+01,0.000000000000000000e+00
8.130605650249499661e+01,0.000000000000000000e+00
7.759051332714579985e+01,0.000000000000000000e+00
7.811981529897205689e+01,0.000000000000000000e+00
7.611453107447275102e+01,0.000000000000000000e+00
7.885058075971464575e+01,0.000000000000000000e+00
7.655270609723102382e+01,0.000000000000000000e+00
7.475037685883620497e+01,0.000000000000000000e+00
7.689051163879207706e+01,0.000000000000000000e+00
7.775570982672290654e+01,0.000000000000000000e+00
7.811890314676317359e+01,0.000000000000000000e+00
7.921169100967146903e+01,0.000000000000000000e+00
7.949299542570398103e+01,0.000000000000000000e+00
7.815489224675341973e+01,0.000000000000000000e+00
8.101321862329206169e+01,0.000000000000000000e+00
8.137743197205664103e+01,0.000000000000000000e+00
8.148447266023954683e+01,0.000000000000000000e+00
7.697282919471065554e+01,0.000000000000000000e+00
7.885250654799153835e+01,0.000000000000000000e+00
8.381763931971519810e+01,0.000000000000000000e+00
7.985286032104841070e+01,0.000000000000000000e+00
7.490602335802330458e+01,0.000000000000000000e+00
8.080268322718521290e+01,0.000000000000000000e+00
8.240020570623420326e+01,0.000000000000000000e+00
8.090508363247850809e+01,0.000000000000000000e+00
8.103487094073081209e+01,0.000000000000000000e+00
7.999137073821724186e+01,0.000000000000000000e+00
7.928579891432623583e+01,0.000000000000000000e+00
7.943105185154642811e+01,0.000000000000000000e+00
7.989533101909978541e+01,0.000000000000000000e+00
7.936087554338034522e+01,0.000000000000000000e+00
7.864109959204043321e+01,0.000000000000000000e+00
8.111612374204615605e+01,0.000000000000000000e+00
7.685534707067775173e+01,0.000000000000000000e+00
8.199012505514878058e+01,0.000000000000000000e+00
8.112613292729839998e+01,0.000000000000000000e+00
8.042524603544922002e+01,0.000000000000000000e+00
8.078666921661528022e+01,0.000000000000000000e+00
8.012304408885185580e+01,0.000000000000000000e+00
7.789368037339927753e+01,0.000000000000000000e+00
8.288430450305322950e+01,0.000000000000000000e+00
7.852191802047053670e+01,0.000000000000000000e+00
8.550812921703419534e+01,0.000000000000000000e+00
7.837865566405237416e+01,0.000000000000000000e+00
7.774308372264573563e+01,0.000000000000000000e+00
7.969973481217358824e+01,0.000000000000000000e+00
7.657208828220863950e+01,0.000000000000000000e+00
7.928390713521832822e+01,0.000000000000000000e+00
8.047872112835293024e+01,0.000000000000000000e+00
8.108041653010297978e+01,0.000000000000000000e+00
8.082651950025250187e+01,0.000000000000000000e+00
7.985127445458391549e+01,0.000000000000000000e+00
8.123819419553976218e+01,0.000000000000000000e+00
8.091480434779836628e+01,0.000000000000000000e+00
8.042690158130366740e+01,0.000000000000000000e+00
8.387649511073477981e+01,0.000000000000000000e+00
8.259524233672274818e+01,0.000000000000000000e+00
8.075294582781145891e+01,0.000000000000000000e+00
8.109374866082546873e+01,0.000000000000000000e+00
7.560539468369984206e+01,0.000000000000000000e+00
8.146347864082966339e+01,0.000000000000000000e+00
8.103255177685866784e+01,0.000000000000000000e+00
7.904866577945489325e+01,0.000000000000000000e+00
8.022421212904649224e+01,0.000000000000000000e+00
7.597390749526286413e+01,0.000000000000000000e+00
8.183819662934217831e+01,0.000000000000000000e+00
7.781060749222152140e+01,0.000000000000000000e+00
7.779706949584139863e+01,0.000000000000000000e+00
8.293276209836140822e+01,0.000000000000000000e+00
8.069406671429439371e+01,0.000000000000000000e+00
7.919665430522493921e+01,0.000000000000000000e+00
8.081598052333791316e+01,0.000000000000000000e+00
8.401749848680182708e+01,0.000000000000000000e+00
7.989384664124639812e+01,0.000000000000000000e+00
7.866771487764695792e+01,0.000000000000000000e+00
8.029661504025303032e+01,0.000000000000000000e+00
7.883707608317584459e+01,0.000000000000000000e+00
8.188568737714875567e+01,0.000000000000000000e+00
7.591548881411114280e+01,0.000000000000000000e+00
8.445551706326531871e+01,0.000000000000000000e+00
7.953839335824474688e+01,0.000000000000000000e+00
7.863737827693130100e+01,0.000000000000000000e+00
8.216134666297121214e+01,0.000000000000000000e+00
8.046959531616595029e+01,0.000000000000000000e+00
8.508649089122026510e+01,0.000000000000000000e+00
8.020413466994425278e+01,0.000000000000000000e+00
7.802519387785343952e+01,0.000000000000000000e+00
8.161349447634037801e+01,0.000000000000000000e+00
8.197664850779285928e+01,0.000000000000000000e+00
8.274963062258022717e+01,0.000000000000000000e+00
8.053513725080492236e+01,0.000000000000000000e+00
8.202123409487202821e+01,0.000000000000000000e+00
8.008420053471938616e+01,0.000000000000000000e+00
7.978709880313935798e+01,0.000000000000000000e+00
2.627465510098088330e+01,0.000000000000000000e+00
3.356093792863649128e+01,0.000000000000000000e+00
3.191531022672022289e+01,0.000000000000000000e+00
3.067634045358861883e+01,0.000000000000000000e+00
2.992785406558122574e+01,0.000000000000000000e+00
3.079578744797408518e+01,0.000000000000000000e+00
3.220685994539398678e+01,0.000000000000000000e+00
3.241104763578884018e+01,0.000000000000000000e+00
3.093989620272703434e+01,0.000000000000000000e+00
3.150116795978695095e+01,0.000000000000000000e+00
3.534506804638634492e+01,0.000000000000000000e+00
2.636281205939692995e+01,0.000000000000000000e+00
2.083216427025078588e+01,0.000000000000000000e+00
2.037016578336301365e+01,0.000000000000000000e+00
2.292959580770146744e+01,0.000000000000000000e+00
1.955356295128927613e+01,0.000000000000000000e+00
2.303493433800155543e+01,0.000000000000000000e+00
2.370930359736688331e+01,0.000000000000000000e+00
2.288759301559560200e+01,0.000000000000000000e+00
2.398363864713755333e+01,0.000000000000000000e+00
2.260981147428745075e+01,0.000000000000000000e+00
2.056423398093204113e+01,0.000000000000000000e+00
2.186493888441079037e+01,0.000000000000000000e+00
2.255564831252361913e+01,0.000000000000000000e+00
2.419173516746521457e+01,0.000000000000000000e+00
1.655125035397378852e+01,0.000000000000000000e+00
2.407027280996555518e+01,0.000000000000000000e+00
2.102046462733708410e+01,0.000000000000000000e+00
2.222965674376020218e+01,0.000000000000000000e+00
1.984833814132704433e+01,0.000000000000000000e+00
2.153906007977772319e+01,0.000000000000000000e+00
1.996461858961500013e+01,0.000000000000000000e+00
1.818012094131519163e+01,0.000000000000000000e+00
2.340499115062571178e+01,0.000000000000000000e+00
2.039520737996658184e+01,0.000000000000000000e+00
2.041996031761867769e+01,0.000000000000000000e+00
1.913396886842162914e+01,0.000000000000000000e+00
2.325643732945415465e+01,0.000000000000000000e+00
2.099633440296087628e+01,0.000000000000000000e+00
2.110604601861503227e+01,0.000000000000000000e+00
2.319615535846809706e+01,0.000000000000000000e+00
1.741343562974905623e+01,0.000000000000000000e+00
1.875236411075761467e+01,0.000000000000000000e+00
2.159739394590841854e+01,0.000000000000000000e+00
2.088805591722579180e+01,0.000000000000000000e+00
1.819491145806490096e+01,0.000000000000000000e+00
1.764647357528153293e+01,0.000000000000000000e+00
2.272547717106280984e+01,0.000000000000000000e+00
1.499869522185436566e+01,0.000000000000000000e+00
2.124990369500370591e+01,0.000000000000000000e+00
2.121673823774590417e+01,0.000000000000000000e+00
1.841642087393031701e+01,0.000000000000000000e+00
1.427570333309500938e+01,0.000000000000000000e+00
2.079149758356904343e+01,0.000000000000000000e+00
1.822140466719564245e+01,0.000000000000000000e+00
2.027565284963226944e+01,0.000000000000000000e+00
2.141317273912153496e+01,0.000000000000000000e+00
2.055116133556161273e+01,0.000000000000000000e+00
1.842204556326911913e+01,0.000000000000000000e+00
2.128150751088049475e+01,0.000000000000000000e+00
1.894646441434290196e+01,0.000000000000000000e+00
2.055694362633742500e+01,0.000000000000000000e+00
2.093527279329863688e+01,0.000000000000000000e+00
1.902292693132699952e+01,0.000000000000000000e+00
2.154752616243510488e+01,0.000000000000000000e+00
2.091773571391991737e+01,0.000000000000000000e+00
2.294955095037014559e+01,0.000000000000000000e+00
1.963368684417125110e+01,0.000000000000000000e+00
2.123651993892227807e+01,0.000000000000000000e+00
1.535271473441633105e+01,0.000000000000000000e+00
1.923068648843878137e+01,0.000000000000000000e+00
1.987292614019695236e+01,0.000000000000000000e+00
2.084585499166796296e+01,0.000000000000000000e+00
2.290031452668387146e+01,0.000000000000000000e+00
2.211260097321757456e+01,0.000000000000000000e+00
2.201945864002626507e+01,0.000000000000000000e+00
2.220175037605680046e+01,0.000000000000000000e+00
2.206148746242008230e+01,0.000000000000000000e+00
2.006444003252981290e+01,0.000000000000000000e+00
2.169543194829904564e+01,0.000000000000000000e+00
2.083857548453737252e+01,0.000000000000000000e+00
1.882826829611645536e+01,0.000000000000000000e+00
2.107600506357509929e+01,0.000000000000000000e+00
2.133695932696935316e+01,0.000000000000000000e+00
2.215273898023857413e+01,0.000000000000000000e+00
1.938920409967333569e+01,0.000000000000000000e+00
2.071090121143268448e+01,0.000000000000000000e+00
1.883155945472627479e+01,0.000000000000000000e+00
1.960551770058252430e+01,0.000000000000000000e+00
2.182073104761576943e+01,0.000000000000000000e+00
2.157903422523731507e+01,0.000000000000000000e+00
1.646725338950633954e+01,0.000000000000000000e+00
2.170570220083237700e+01,0.000000000000000000e+00
1.923949205075962610e+01,0.000000000000000000e+00
2.226483374599541420e+01,0.000000000000000000e+00
2.393214916367466927e+01,0.000000000000000000e+00
1.911183006015304287e+01,0.000000000000000000e+00
2.096732874611340591e+01,0.000000000000000000e+00
2.097967662078600881e+01,0.000000000000000000e+00
1.806128107338202682e+01,0.000000000000000000e+00
1.747486652418877284e+01,0.000000000000000000e+00
2.124076320455545641e+01,0.000000000000000000e+00
2.161595591140792294e+01,0.000000000000000000e+00
2.505435775770645535e+01,0.000000000000000000e+00
1.904036679184258318e+01,0.000000000000000000e+00
2.067763982924876842e+01,0.000000000000000000e+00
1.725321665147357564e+01,0.000000000000000000e+00
1.928094649941331795e+01,0.000000000000000000e+00
1.862203566556078727e+01,0.000000000000000000e+00
1.985060046838120229e+01,0.000000000000000000e+00
1.738154400921713005e+01,0.000000000000000000e+00
2.062569854558768512e+01,0.000000000000000000e+00
2.231247203037211335e+01,0.000000000000000000e+00
1.728766406182975857e+01,0.000000000000000000e+00
1.867356377848498283e+01,0.000000000000000000e+00
2.036801353138712400e+01,0.000000000000000000e+00
2.273226655269494145e+01,0.000000000000000000e+00
2.166707504289552944e+01,0.000000000000000000e+00
2.322734669980804156e+01,0.000000000000000000e+00
1.732364397694325575e+01,0.000000000000000000e+00
1.889350517964973264e+01,0.000000000000000000e+00
2.146337885525380429e+01,0.000000000000000000e+00
1.880874035299027369e+01,0.000000000000000000e+00
1.627659628146914628e+01,0.000000000000000000e+00
2.100129198614763837e+01,0.000000000000000000e+00
1.694575506205172033e+01,0.000000000000000000e+00
1.969989793235919251e+01,0.000000000000000000e+00
2.304312193683093213e+01,0.000000000000000000e+00
2.011172821136207389e+01,0.000000000000000000e+00
2.075724683525785252e+01,0.000000000000000000e+00
2.126215641005178014e+01,0.000000000000000000e+00
2.103841078300828826e+01,0.000000000000000000e+00
2.045874303428042396e+01,0.000000000000000000e+00
1.799864904335093385e+01,0.000000000000000000e+00
2.116889696720100034e+01,0.000000000000000000e+00
1.835378463317984910e+01,0.000000000000000000e+00
2.028900877488189636e+01,0.000000000000000000e+00
2.090254526490029363e+01,0.000000000000000000e+00
2.406057347343001140e+01,0.000000000000000000e+00
1.694819462688446166e+01,0.000000000000000000e+00
2.197451134028813158e+01,0.000000000000000000e+00
1.875906256631273550e+01,0.000000000000000000e+00
2.055776701256901973e+01,0.000000000000000000e+00
2.007333012009708995e+01,0.000000000000000000e+00
2.055510245710441453e+01,0.000000000000000000e+00
1.798856726346997092e+01,0.000000000000000000e+00
1.572317971152618910e+01,0.000000000000000000e+00
2.005134630376305793e+01,0.000000000000000000e+00
1.810571373737056788e+01,0.000000000000000000e+00
2.333855127777417948e+01,0.000000000000000000e+00
1.985780864239536569e+01,0.000000000000000000e+00
1.976306143348452693e+01,0.000000000000000000e+00
1.654813653541226159e+01,0.000000000000000000e+00
1.652783110406416256e+01,0.000000000000000000e+00
1.850681023726355789e+01,0.000000000000000000e+00
1.774867983859293474e+01,0.000000000000000000e+00
1.707936209619074575e+01,0.000000000000000000e+00
1.999167718014066608e+01,0.000000000000000000e+00
1.897767411201737175e+01,0.000000000000000000e+00
2.286499979969598684e+01,0.000000000000000000e+00
2.036209594861106353e+01,0.000000000000000000e+00
2.364817872348435301e+01,0.000000000000000000e+00
2.153559811015386671e+01,0.000000000000000000e+00
1.890254270879556486e+01,0.000000000000000000e+00
2.152738539632957426e+01,0.000000000000000000e+00
1.866397136579053395e+01,0.000000000000000000e+00
1.966026278584612896e+01,0.000000000000000000e+00
1.613626177250003124e+01,0.000000000000000000e+00
2.013795844424078041e+01,0.000000000000000000e+00
2.052123671203165145e+01,0.000000000000000000e+00
1.882882613842404851e+01,0.000000000000000000e+00
1.630105102504573722e+01,0.000000000000000000e+00
1.779482509379930733e+01,0.000000000000000000e+00
2.040092515434826481e+01,0.000000000000000000e+00
2.105078513387989503e+01,0.000000000000000000e+00
2.218342886338282938e+01,0.000000000000000000e+00
2.088096290194187787e+01,0.000000000000000000e+00
1.877660265134991491e+01,0.000000000000000000e+00
1.724824978718202217e+01,0.000000000000000000e+00
2.160695935226947029e+01,0.000000000000000000e+00
6.719842341941878772e+01,0.000000000000000000e+00
6.868095676387089554e+01,0.000000000000000000e+00
6.894333031633470910e+01,0.000000000000000000e+00
7.029588215786409933e+01,0.000000000000000000e+00
6.693063792108399923e+01,0.000000000000000000e+00
6.691008259983478013e+01,0.000000000000000000e+00
6.881132624719084845e+01,0.000000000000000000e+00
6.608591467487558191e+01,0.000000000000000000e+00
6.863182029119252547e+01,0.000000000000000000e+00
7.083770666842866603e+01,0.000000000000000000e+00
6.692218651902366844e+01,0.000000000000000000e+00
6.885617905919258419e+01,0.000000000000000000e+00
7.741590726236590569e+01,0.000000000000000000e+00
7.844335336849829332e+01,0.000000000000000000e+00
7.649807903369045903e+01,0.000000000000000000e+00
7.671252624413745025e+01,0.000000000000000000e+00
8.009695264551021410e+01,0.000000000000000000e+00
7.712225221608493086e+01,0.000000000000000000e+00
7.511631099490743679e+01,0.000000000000000000e+00
7.502352607475263824e+01,0.000000000000000000e+00
7.644516457035365420e+01,0.000000000000000000e+00
7.821203959872698874e+01,0.000000000000000000e+00
7.812444625139721666e+01,0.000000000000000000e+00
7.700720394183089468e+01,0.000000000000000000e+00
7.600583124614635722e+01,0.000000000000000000e+00
7.939343442007613305e+01,0.000000000000000000e+00
7.902015505175036481e+01,0.000000000000000000e+00
8.337147141310303766e+01,0.000000000000000000e+00
7.612823984810994205e+01,0.000000000000000000e+00
7.886230040917537565e+01,0.000000000000000000e+00
7.942532612417926430e+01,0.000000000000000000e+00
7.792866537045057385e+01,0.000000000000000000e+00
7.997059140437801261e+01,0.000000000000000000e+00
7.891900008675867184e+01,0.000000000000000000e+00
7.992980103467652953e+01,0.000000000000000000e+00
7.890947996458160674e+01,0.000000000000000000e+00
8.123087120574844278e+01,0.000000000000000000e+00
8.822761184692613767e+01,0.000000000000000000e+00
8.017499455281510734e+01,0.000000000000000000e+00
8.292547078445562647e+01,0.000000000000000000e+00
7.971674533946710994e+01,0.000000000000000000e+00
7.997682075419510284e+01,0.000000000000000000e+00
8.040248814333976668e+01,0.000000000000000000e+00
7.946743291047674518e+01,0.000000000000000000e+00
7.850408281072731143e+01,0.000000000000000000e+00
8.011611898822151545e+01,0.000000000000000000e+00
8.454250588544019251e+01,0.000000000000000000e+00
8.052023734347970674e+01,0.000000000000000000e+00
8.005785552072316591e+01,0.000000000000000000e+00
8.068185088831667429e+01,0.000000000000000000e+00
8.453169338373751884e+01,0.000000000000000000e+00
7.837857831817406407e+01,0.000000000000000000e+00
7.840099253746487307e+01,0.000000000000000000e+00
8.406371619822782293e+01,0.000000000000000000e+00
7.990423772411546111e+01,0.000000000000000000e+00
7.909451821855410003e+01,0.000000000000000000e+00
7.790048944118781549e+01,0.000000000000000000e+00
7.892043364603740940e+01,0.000000000000000000e+00
8.103851653487895135e+01,0.000000000000000000e+00
7.731772824236416852e+01,0.000000000000000000e+00
7.900290450838744505e+01,0.000000000000000000e+00
8.010366955850000181e+01,0.000000000000000000e+00
7.919277150854389902e+01,0.000000000000000000e+00
7.747054468716216036e+01,0.000000000000000000e+00
8.059664519158678786e+01,0.000000000000000000e+00
8.127642376803312629e+01,0.000000000000000000e+00
8.068116204900152866e+01,0.000000000000000000e+00
8.219397905465696397e+01,0.000000000000000000e+00
8.143316895184224791e+01,0.000000000000000000e+00
8.254409640241632928e+01,0.000000000000000000e+00
7.829843019104183099e+01,0.000000000000000000e+00
8.218916485089491175e+01,0.000000000000000000e+00
8.079939662324035510e+01,0.000000000000000000e+00
8.133588552196826527e+01,0.000000000000000000e+00
7.670559167557813396e+01,0.000000000000000000e+00
8.312576994337833014e+01,0.000000000000000000e+00
8.074489422466152178e+01,0.000000000000000000e+00
7.975488730777667001e+01,0.000000000000000000e+00
7.788412791393535883e+01,0.000000000000000000e+00
7.768996580318464851e+01,0.000000000000000000e+00
8.132949554251945301e+01,0.000000000000000000e+00
7.897287164979246654e+01,0.000000000000000000e+00
8.156607364677667249e+01,0.000000000000000000e+00
7.804029168509333658e+01,0.000000000000000000e+00
8.268169547671712394e+01,0.000000000000000000e+00
8.107925544214188562e+01,0.000000000000000000e+00
8.020352091391873728e+01,0.000000000000000000e+00
8.026975133766777049e+01,0.000000000000000000e+00
7.525678814568559005e+01,0.000000000000000000e+00
7.910326164458845710e+01,0.000000000000000000e+00
7.693346354570356027e+01,0.000000000000000000e+00
7.702455727939245378e+01,0.000000000000000000e+00
8.278851717660852216e+01,0.000000000000000000e+00
8.030585513397491582e+01,0.000000000000000000e+00
7.984657862278865537e+01,0.000000000000000000e+00
7.897756142557035730e+01,0.000000000000000000e+00
8.050058442436218797e+01,0.000000000000000000e+00
7.805445808645959005e+01,0.000000000000000000e+00
8.160057781890802175e+01,0.000000000000000000e+00
7.946093822874537693e+01,0.000000000000000000e+00
8.186177830714200354e+01,0.000000000000000000e+00
7.973238368858365277e+01,0.000000000000000000e+00
8.092975971232606014e+01,0.000000000000000000e+00
8.134695553992187911e+01,0.000000000000000000e+00
8.006090504492230764e+01,0.000000000000000000e+00
7.954277906086412031e+01,0.000000000000000000e+00
7.956595454436514103e+01,0.000000000000000000e+00
8.064156430418293553e+01,0.000000000000000000e+00
3.429629006288472937e+01,0.000000000000000000e+00
3.212027588342047579e+01,0.000000000000000000e+00
3.426394183487730061e+01,0.000000000000000000e+00
3.078791002205841920e+01,0.000000000000000000e+00
3.414074143815634699e+01,0.000000000000000000e+00
3.051561166780575363e+01,0.000000000000000000e+00
3.279821289724404210e+01,0.000000000000000000e+00
2.891872329540311526e+01,0.000000000000000000e+00
3.120315581553781570e+01,0.000000000000000000e+00
3.337766797308675848e+01,0.000000000000000000e+00
3.317187639995513848e+01,0.000000000000000000e+00
2.704909123506990909e+01,0.000000000000000000e+00
1.857426201243194441e+01,0.000000000000000000e+00
2.249129922447119156e+01,0.000000000000000000e+00
2.602921073174799460e+01,0.000000000000000000e+00
2.155569367458935659e+01,0.000000000000000000e+00
2.352568511740170010e+01,0.000000000000000000e+00
2.415855057499330272e+01,0.000000000000000000e+00
2.613591739186718144e+01,0.000000000000000000e+00
2.521196936423899970e+01,0.000000000000000000e+00
2.411174191372029441e+01,0.000000000000000000e+00
2.146411342622798912e+01,0.000000000000000000e+00
2.421109807604855746e+01,0.000000000000000000e+00
2.230912590563104914e+01,0.000000000000000000e+00
2.185837503667993076e+01,0.000000000000000000e+00
2.257905995884509309e+01,0.000000000000000000e+00
2.071335474647698760e+01,0.000000000000000000e+00
2.283303178879603834e+01,0.000000000000000000e+00
2.056776437510040978e+01,0.000000000000000000e+00
2.082066646888679884e+01,0.000000000000000000e+00
2.320165932211844151e+01,0.000000000000000000e+00
1.919226981837923063e+01,0.000000000000000000e+00
1.904155765404630074e+01,0.000000000000000000e+00
2.056246214672191996e+01,0.000000000000000000e+00
1.993696194066508198e+01,0.000000000000000000e+00
2.002781285691370528e+01,0.000000000000000000e+00
2.080531562315430705e+01,0.000000000000000000e+00
1.426672154186025132e+01,0.000000000000000000e+00
1.980587495402393117e+01,0.000000000000000000e+00
2.383466987609693533e+01,0.000000000000000000e+00
2.077905659135852545e+01,0.000000000000000000e+00
1.933754764015661820e+01,0.000000000000000000e+00
1.945256017793211001e+01,0.000000000000000000e+00
2.057981790400424060e+01,0.000000000000000000e+00
1.998206349926865855e+01,0.000000000000000000e+00
1.887480330059202061e+01,0.000000000000000000e+00
1.613912221886483422e+01,0.000000000000000000e+00
1.832477681236182576e+01,0.000000000000000000e+00
1.967750739369843416e+01,0.000000000000000000e+00
1.698801777605747887e+01,0.000000000000000000e+00
1.696669174992355877e+01,0.000000000000000000e+00
1.911183364849398814e+01,0.000000000000000000e+00
1.770967803628155579e+01,0.000000000000000000e+00
1.882283733479672705e+01,0.000000000000000000e+00
2.056367895675384361e+01,0.000000000000000000e+00
2.072384382136382897e+01,0.000000000000000000e+00
1.613269808943804406e+01,0.000000000000000000e+00
1.924612750837790287e+01,0.000000000000000000e+00
1.903108222003595529e+01,0.000000000000000000e+00
2.254272922650200073e+01,0.000000000000000000e+00
2.523272703276501261e+01,0.000000000000000000e+00
2.085467116416536726e+01,0.000000000000000000e+00
2.174651216988293712e+01,0.000000000000000000e+00
2.096924147269368177e+01,0.000000000000000000e+00
1.979710292398741700e+01,0.000000000000000000e+00
1.702683991659499441e+01,0.000000000000000000e+00
2.092612496021982693e+01,0.000000000000000000e+00
2.021836904295956927e+01,0.000000000000000000e+00
2.030344520050869050e+01,0.000000000000000000e+00
1.912612050645719819e+01,0.000000000000000000e+00
1.785607603586598913e+01,0.000000000000000000e+00
1.807822333980124085e+01,0.000000000000000000e+00
2.126023129442636517e+01,0.000000000000000000e+00
1.885410385171441305e+01,0.000000000000000000e+00
1.592545645815429012e+01,0.000000000000000000e+00
1.991065150437860609e+01,0.000000000000000000e+00
1.898531925318124181e+01,0.000000000000000000e+00
1.946218373955336389e+01,0.000000000000000000e+00
1.808173214796361350e+01,0.000000000000000000e+00
1.983761738149540577e+01,0.000000000000000000e+00
2.348997119242829612e+01,0.000000000000000000e+00
1.973442264316483374e+01,0.000000000000000000e+00
1.864699115491061221e+01,0.000000000000000000e+00
1.768073771087956203e+01,0.000000000000000000e+00
1.699935394852697357e+01,0.000000000000000000e+00
1.919621547090827463e+01,0.000000000000000000e+00
2.028029834361666772e+01,0.000000000000000000e+00
2.068090756507965722e+01,0.000000000000000000e+00
1.641487409395465491e+01,0.000000000000000000e+00
1.836544364815684460e+01,0.000000000000000000e+00
1.900147662289160166e+01,0.000000000000000000e+00
2.474114721805027983e+01,0.000000000000000000e+00
1.776887569735621852e+01,0.000000000000000000e+00
1.978660253172166961e+01,0.000000000000000000e+00
1.926582480390466401e+01,0.000000000000000000e+00
2.302050269124697124e+01,0.000000000000000000e+00
1.751067619550443411e+01,0.000000000000000000e+00
1.920873188348281957e+01,0.000000000000000000e+00
1.732837798403708263e+01,0.000000000000000000e+00
1.826940070082494927e+01,0.000000000000000000e+00
2.533293037615994336e+01,0.000000000000000000e+00
2.103602590989282461e+01,0.000000000000000000e+00
1.747103233710120307e+01,0.000000000000000000e+00
2.192191854994792521e+01,0.000000000000000000e+00
1.828852481839739852e+01,0.000000000000000000e+00
1.976796679815402769e+01,0.000000000000000000e+00
2.036125848039347019e+01,0.000000000000000000e+00
2.088014577105616354e+01,0.000000000000000000e+00
1.825981859896510429e+01,0.000000000000000000e+00
1.836082684042584390e+01,0.000000000000000000e+00
1.572450849703098896e+01,0.000000000000000000e+00
1.628359987404375175e+01,0.000000000000000000e+00
2.039276717135547301e+01,0.000000000000000000e+00
1.885922698957111265e+01,0.000000000000000000e+00
2.044713997710181985e+01,0.000000000000000000e+00
2.157381790611635353e+01,0.000000000000000000e+00
2.181973377997679719e+01,0.000000000000000000e+00
1.823371512395985405e+01,0.000000000000000000e+00
1.793536842486208371e+01,0.000000000000000000e+00
2.157949599026499854e+01,0.000000000000000000e+00
1.978620067129090287e+01,0.000000000000000000e+00
2.053484273046701603e+01,0.000000000000000000e+00
2.296376462424399634e+01,0.000000000000000000e+00
2.206767710007876460e+01,0.000000000000000000e+00
1.523574831715453826e+01,0.000000000000000000e+00
2.160016131244829296e+01,0.000000000000000000e+00
1.687286418887031658e+01,0.000000000000000000e+00
2.186918925526351387e+01,0.000000000000000000e+00
2.242150985295102927e+01,0.000000000000000000e+00
2.282777706829332232e+01,0.000000000000000000e+00
2.053566099379088072e+01,0.000000000000000000e+00
2.177241110384115430e+01,0.000000000000000000e+00
1.863137256632583316e+01,0.000000000000000000e+00
1.994079484778232825e+01,0.000000000000000000e+00
1.755403356627028089e+01,0.000000000000000000e+00
1.743882395570748756e+01,0.000000000000000000e+00
1.634538736734121755e+01,0.000000000000000000e+00
1.956505350341240757e+01,0.000000000000000000e+00
2.073741017886254312e+01,0.000000000000000000e+00
1.871309974329208359e+01,0.000000000000000000e+00
2.256096756519231405e+01,0.000000000000000000e+00
1.954809249387326986e+01,0.000000000000000000e+00
1.987472566567741339e+01,0.000000000000000000e+00
2.283621883943302677e+01,0.000000000000000000e+00
2.025780888601522989e+01,0.000000000000000000e+00
2.154593944533585770e+01,0.000000000000000000e+00
2.199381413068229918e+01,0.000000000000000000e+00
1.963982027683704246e+01,0.000000000000000000e+00
2.150185350078450597e+01,0.000000000000000000e+00
1.889323549256153001e+01,0.000000000000000000e+00
2.108011849218005906e+01,0.000000000000000000e+00
1.985623356039569387e+01,0.000000000000000000e+00
1.734437442512487948e+01,0.000000000000000000e+00
1.919558633432295736e+01,0.000000000000000000e+00
1.626216004774517288e+01,0.000000000000000000e+00
1.894826279978536476e+01,0.000000000000000000e+00
1.828473285869174703e+01,0.000000000000000000e+00
2.132187404235786232e+01,0.000000000000000000e+00
1.927039078616082080e+01,0.000000000000000000e+00
1.943522893545570085e+01,0.000000000000000000e+00
2.054804868159785514e+01,0.000000000000000000e+00
1.995159661905909587e+01,0.000000000000000000e+00
1.921184043641943617e+01,0.000000000000000000e+00
2.421780642034189768e+01,0.000000000000000000e+00
1.977732752513619374e+01,0.000000000000000000e+00
2.345926132767312211e+01,0.000000000000000000e+00
2.337934089304261676e+01,0.000000000000000000e+00
1.790302153750704406e+01,0.000000000000000000e+00
1.767908503313982749e+01,0.000000000000000000e+00
1.434389341472675206e+01,0.000000000000000000e+00
1.896726307327852012e+01,0.000000000000000000e+00
2.071826166663614188e+01,0.000000000000000000e+00
2.025084196394181646e+01,0.000000000000000000e+00
1.992489092064082712e+01,0.000000000000000000e+00
2.163274428274760908e+01,0.000000000000000000e+00
2.306405149162305435e+01,0.000000000000000000e+00
2.331201006087296079e+01,0.000000000000000000e+00
2.042126950082549541e+01,0.000000000000000000e+00
1.993166640103673970e+01,0.000000000000000000e+00
2.087000737081908497e+01,0.000000000000000000e+00
6.934246152923478235e+01,0.000000000000000000e+00
6.705144765098368964e+01,0.000000000000000000e+00
6.743283719365805950e+01,0.000000000000000000e+00
6.659187583296548496e+01,0.000000000000000000e+00
6.999460091445082810e+01,0.000000000000000000e+00
6.753854626102273073e+01,0.000000000000000000e+00
6.738291313722000098e+01,0.000000000000000000e+00
6.721450182398848483e+01,0.000000000000000000e+00
6.935130482319208056e+01,0.000000000000000000e+00
6.891176624730934464e+01,0.000000000000000000e+00
6.628421435560096597e+01,0.000000000000000000e+00
6.628391530801076215e+01,0.000000000000000000e+00
8.111858915380008739e+01,0.000000000000000000e+00
7.790003600898531033e+01,0.000000000000000000e+00
7.794862410551964160e+01,0.000000000000000000e+00
7.811004201671563862e+01,0.000000000000000000e+00
7.505390892561101168e+01,0.000000000000000000e+00
7.816916294917483299e+01,0.000000000000000000e+00
7.846966822078199755e+01,0.000000000000000000e+00
7.888185417510779018e+01,0.000000000000000000e+00
7.581815848929771562e+01,0.000000000000000000e+00
7.635176303382759500e+01,0.000000000000000000e+00
7.582013396435313268e+01,0.000000000000000000e+00
7.695409696347611828e+01,0.000000000000000000e+00
7.757054403859494585e+01,0.000000000000000000e+00
7.694796223628426901e+01,0.000000000000000000e+00
8.134283511698656355e+01,0.000000000000000000e+00
7.892369393115060916e+01,0.000000000000000000e+00
8.130235215665595661e+01,0.000000000000000000e+00
8.045044004214571487e+01,0.000000000000000000e+00
8.145763917838819168e+01,0.000000000000000000e+00
7.971639459124240545e+01,0.000000000000000000e+00
8.081594063520422822e+01,0.000000000000000000e+00
8.076822623683122515e+01,0.000000000000000000e+00
7.988856221971506955e+01,0.000000000000000000e+00
7.549934317243554460e+01,0.000000000000000000e+00
8.054404581179692002e+01,0.000000000000000000e+00
7.818983090402130642e+01,0.000000000000000000e+00
8.125791586452267268e+01,0.000000000000000000e+00
7.830888541534984881e+01,0.000000000000000000e+00
7.953742694754070897e+01,0.000000000000000000e+00
8.078458653181596105e+01,0.000000000000000000e+00
8.043239220121472499e+01,0.000000000000000000e+00
7.821525803170540314e+01,0.000000000000000000e+00
8.105288706441541535e+01,0.000000000000000000e+00
8.086728801624369112e+01,0.000000000000000000e+00
7.887318519919789139e+01,0.000000000000000000e+00
8.331466126030028363e+01,0.000000000000000000e+00
8.107483842032219457e+01,0.000000000000000000e+00
7.991849697042285072e+01,0.000000000000000000e+00
8.267130782632170849e+01,0.000000000000000000e+00
7.832406186584738350e+01,0.000000000000000000e+00
7.956251563908759294e+01,0.000000000000000000e+00
8.042097621745352853e+01,0.000000000000000000e+00
7.860587819901118678e+01,0.000000000000000000e+00
8.508421451802549029e+01,0.000000000000000000e+00
7.431602441536590220e+01,0.000000000000000000e+00
7.715325098281437022e+01,0.000000000000000000e+00
7.967917182819924449e+01,0.000000000000000000e+00
8.023233180895600469e+01,0.000000000000000000e+00
7.774088784050948675e+01,0.000000000000000000e+00
8.361975235913519100e+01,0.000000000000000000e+00
8.165194441587897245e+01,0.000000000000000000e+00
8.052554955313162566e+01,0.000000000000000000e+00
8.263478570570148918e+01,0.000000000000000000e+00
7.765452880433532812e+01,0.000000000000000000e+00
7.860590032299556640e+01,0.000000000000000000e+00
8.257118621756826826e+01,0.000000000000000000e+00
7.647237891031076629e+01,0.000000000000000000e+00
7.825772651315583062e+01,0.000000000000000000e+00
7.934568664004399352e+01,0.000000000000000000e+00
7.955298860231387437e+01,0.000000000000000000e+00
8.063882138127111432e+01,0.000000000000000000e+00
7.953525879306441482e+01,0.000000000000000000e+00
7.933249541426010865e+01,0.000000000000000000e+00
7.685719096685220109e+01,0.000000000000000000e+00
8.314316712126139919e+01,0.000000000000000000e+00
8.162828741394764620e+01,0.000000000000000000e+00
8.242540663773036158e+01,0.000000000000000000e+00
8.206757241138437564e+01,0.000000000000000000e+00
7.712014426676086032e+01,0.000000000000000000e+00
7.887695330686483430e+01,0.000000000000000000e+00
7.791323524623759056e+01,0.000000000000000000e+00
7.989769212283420075e+01,0.000000000000000000e+00
8.139978658815023493e+01,0.000000000000000000e+00
8.238740783106858601e+01,0.000000000000000000e+00
7.905807211938073920e+01,0.000000000000000000e+00
8.173123912631869814e+01,0.000000000000000000e+00
8.085956924588995776e+01,0.000000000000000000e+00
8.255676776392346028e+01,0.000000000000000000e+00
8.115169213885890542e+01,0.000000000000000000e+00
7.526448890928406854e+01,0.000000000000000000e+00
8.211014265715226657e+01,0.000000000000000000e+00
7.917494511973998783e+01,0.000000000000000000e+00
8.036801557339597935e+01,0.000000000000000000e+00
8.005105497039957640e+01,0.000000000000000000e+00
8.318600562717274727e+01,0.000000000000000000e+00
8.115321545243905632e+01,0.000000000000000000e+00
8.239590661958752094e+01,0.000000000000000000e+00
7.692927670680906260e+01,0.000000000000000000e+00
7.883062550443860061e+01,0.000000000000000000e+00
8.076989479366852720e+01,0.000000000000000000e+00
8.124440735204531450e+01,0.000000000000000000e+00
8.069222134803277413e+01,0.000000000000000000e+00
7.587783702112643880e+01,0.000000000000000000e+00
8.250325288446323668e+01,0.000000000000000000e+00
7.815448645332779165e+01,0.000000000000000000e+00
7.884554637609905114e+01,0.000000000000000000e+00
3.417407814337851590e+01,0.000000000000000000e+00
2.755962967121130447e+01,0.000000000000000000e+00
3.127872244452893824e+01,0.000000000000000000e+00
3.419363697260909163e+01,0.000000000000000000e+00
3.306037036641792071e+01,0.000000000000000000e+00
3.400516262096240894e+01,0.000000000000000000e+00
3.085552073337768775e+01,0.000000000000000000e+00
3.198368511613808352e+01,0.000000000000000000e+00
3.182702645698732624e+01,0.000000000000000000e+00
3.171361749680772135e+01,0.000000000000000000e+00
3.130914415569099418e+01,0.000000000000000000e+00
3.417735039273105002e+01,0.000000000000000000e+00
2.177086083993050991e+01,0.000000000000000000e+00
1.968250441515182558e+01,0.000000000000000000e+00
1.975885221377525625e+01,0.000000000000000000e+00
2.182139139325299837e+01,0.000000000000000000e+00
2.490404777903702183e+01,0.000000000000000000e+00
2.272257691197626883e+01,0.000000000000000000e+00
2.077071720994326398e+01,0.000000000000000000e+00
1.899650721430778333e+01,0.000000000000000000e+00
2.465114862298102949e+01,0.000000000000000000e+00
2.580706494327866096e+01,0.000000000000000000e+00
2.175806932072028133e+01,0.000000000000000000e+00
2.161979527827869418e+01,0.000000000000000000e+00
2.020687976270661679e+01,0.000000000000000000e+00
2.027477896409231306e+01,0.000000000000000000e+00
2.083285867754025489e+01,0.000000000000000000e+00
2.202248590441595866e+01,0.000000000000000000e+00
1.917456815458943353e+01,0.000000000000000000e+00
2.179437759532925512e+01,0.000000000000000000e+00
2.027113416686535174e+01,0.000000000000000000e+00
2.115593406258843956e+01,0.000000000000000000e+00
2.110999029913541492e+01,0.000000000000000000e+00
2.193671551956590804e+01,0.000000000000000000e+00
2.111977009869655930e+01,0.000000000000000000e+00
1.812381477096313631e+01,0.000000000000000000e+00
1.705480337613162334e+01,0.000000000000000000e+00
2.008658248196513441e+01,0.000000000000000000e+00
2.240077015009502404e+01,0.000000000000000000e+00
1.685691382984598263e+01,0.000000000000000000e+00
1.801488995376598012e+01,0.000000000000000000e+00
2.116851572987011920e+01,0.000000000000000000e+00
1.772785992333208327e+01,0.000000000000000000e+00
1.745909120515623059e+01,0.000000000000000000e+00
1.521764704850013494e+01,0.000000000000000000e+00
2.280942140502821758e+01,0.000000000000000000e+00
1.666877695380774327e+01,0.000000000000000000e+00
2.014431920584168978e+01,0.000000000000000000e+00
2.472495446865596946e+01,0.000000000000000000e+00
2.107977822118928302e+01,0.000000000000000000e+00
1.929135258458675750e+01,0.000000000000000000e+00
2.027889689389847305e+01,0.000000000000000000e+00
2.089056696020115211e+01,0.000000000000000000e+00
1.964668114859411929e+01,0.000000000000000000e+00
2.052832665413530222e+01,0.000000000000000000e+00
1.641974864087678299e+01,0.000000000000000000e+00
2.339122116590856137e+01,0.000000000000000000e+00
2.054172582795678181e+01,0.000000000000000000e+00
2.278616112471287636e+01,0.000000000000000000e+00
1.915927189433510236e+01,0.000000000000000000e+00
2.143485332189739623e+01,0.000000000000000000e+00
2.076716946810188702e+01,0.000000000000000000e+00
2.211772128822921601e+01,0.000000000000000000e+00
1.959784584999812651e+01,0.000000000000000000e+00
2.244259036034472743e+01,0.000000000000000000e+00
1.999385936392469887e+01,0.000000000000000000e+00
2.125793255379619495e+01,0.000000000000000000e+00
1.669723650021322925e+01,0.000000000000000000e+00
1.710566732271826851e+01,0.000000000000000000e+00
1.875113245401208317e+01,0.000000000000000000e+00
2.407474652783917790e+01,0.000000000000000000e+00
2.184177594447066184e+01,0.000000000000000000e+00
2.386410177086915141e+01,0.000000000000000000e+00
1.767668676431649999e+01,0.000000000000000000e+00
2.022568599824712976e+01,0.000000000000000000e+00
1.835996214704731955e+01,0.000000000000000000e+00
1.738298381977386597e+01,0.000000000000000000e+00
2.195119004078670599e+01,0.000000000000000000e+00
2.063413031889764682e+01,0.000000000000000000e+00
2.099281138512255040e+01,0.000000000000000000e+00
2.111413604913967390e+01,0.000000000000000000e+00
1.556348982173345519e+01,0.000000000000000000e+00
2.144568141145806806e+01,0.000000000000000000e+00
2.119587655788502545e+01,0.000000000000000000e+00
2.332058651050247988e+01,0.000000000000000000e+00
2.542986326222733595e+01,0.000000000000000000e+00
2.040214723884136561e+01,0.000000000000000000e+00
2.097446245159241585e+01,0.000000000000000000e+00
1.819542006625110986e+01,0.000000000000000000e+00
2.439474225024429899e+01,0.000000000000000000e+00
1.668428214166530310e+01,0.000000000000000000e+00
1.887469969297197281e+01,0.000000000000000000e+00
1.931731150576374390e+01,0.000000000000000000e+00
1.875663539099971189e+01,0.000000000000000000e+00
1.959179150619926446e+01,0.000000000000000000e+00
1.725581774157231862e+01,0.000000000000000000e+00
2.200388581473209371e+01,0.000000000000000000e+00
1.876124728512461104e+01,0.000000000000000000e+00
2.515974743995343843e+01,0.000000000000000000e+00
2.350014122303723596e+01,0.000000000000000000e+00
1.932547850082242036e+01,0.000000000000000000e+00
1.657882081231787197e+01,0.000000000000000000e+00
1.775892107297212519e+01,0.000000000000000000e+00
1.915869720325044412e+01,0.000000000000000000e+00
2.181469919643998878e+01,0.000000000000000000e+00
1.682619361916383482e+01,0.000000000000000000e+00
2.123708991961748183e+01,0.000000000000000000e+00
2.082785398056625681e+01,0.000000000000000000e+00
1.872146702477531477e+01,0.000000000000000000e+00
2.043097983199620771e+01,0.000000000000000000e+00
1.700089201092757563e+01,0.000000000000000000e+00
2.084618023037521084e+01,0.000000000000000000e+00
2.062738684171348424e+01,0.000000000000000000e+00
1.954268783759660622e+01,0.000000000000000000e+00
2.189476989522345463e+01,0.000000000000000000e+00
1.946564474008970791e+01,0.000000000000000000e+00
1.981976767661388195e+01,0.000000000000000000e+00
1.715786898908466185e+01,0.000000000000000000e+00
2.405856300732264685e+01,0.000000000000000000e+00
2.378632621026284255e+01,0.000000000000000000e+00
1.784406801234856133e+01,0.000000000000000000e+00
1.794962835495235964e+01,0.000000000000000000e+00
2.025276287509009165e+01,0.000000000000000000e+00
2.117122373442305872e+01,0.000000000000000000e+00
2.269392856378222589e+01,0.000000000000000000e+00
2.082815405297955280e+01,0.000000000000000000e+00
2.010272061069530736e+01,0.000000000000000000e+00
2.385828362568601690e+01,0.000000000000000000e+00
2.198013938130903711e+01,0.000000000000000000e+00
2.156878617603984338e+01,0.000000000000000000e+00
1.734230880838708799e+01,0.000000000000000000e+00
2.165015018005388114e+01,0.000000000000000000e+00
2.248357357486543862e+01,0.000000000000000000e+00
1.916454948129463887e+01,0.000000000000000000e+00
2.061511118004948173e+01,0.000000000000000000e+00
1.852032588928324230e+01,0.000000000000000000e+00
2.088703490359461057e+01,0.000000000000000000e+00
2.051436832250031017e+01,0.000000000000000000e+00
2.259320840195196922e+01,0.000000000000000000e+00
1.718947448521719679e+01,0.000000000000000000e+00
1.926092004994410445e+01,0.000000000000000000e+00
2.121830222221160156e+01,0.000000000000000000e+00
2.008778004186932264e+01,0.000000000000000000e+00
1.501396962379857491e+01,0.000000000000000000e+00
2.097991345486084569e+01,0.000000000000000000e+00
1.893217275352905915e+01,0.000000000000000000e+00
2.262902836325556066e+01,0.000000000000000000e+00
2.270260061117507888e+01,0.000000000000000000e+00
2.292001504973350023e+01,0.000000000000000000e+00
1.954099465093476695e+01,0.000000000000000000e+00
1.841086550259036869e+01,0.000000000000000000e+00
1.835711794865696334e+01,0.000000000000000000e+00
2.065846909623044070e+01,0.000000000000000000e+00
1.976622058680241878e+01,0.000000000000000000e+00
2.101556829094948498e+01,0.000000000000000000e+00
2.150974543978492903e+01,0.000000000000000000e+00
2.028004029796497676e+01,0.000000000000000000e+00
1.840770115951774599e+01,0.000000000000000000e+00
2.053570740414967943e+01,0.000000000000000000e+00
1.993389651081892566e+01,0.000000000000000000e+00
1.806238633261478554e+01,0.000000000000000000e+00
2.217149096414204124e+01,0.000000000000000000e+00
2.004300978411718859e+01,0.000000000000000000e+00
1.737883247675068077e+01,0.000000000000000000e+00
1.773535678820312356e+01,0.000000000000000000e+00
1.917021737463602449e+01,0.000000000000000000e+00
1.826569739761298550e+01,0.000000000000000000e+00
2.487386289206671108e+01,0.000000000000000000e+00
1.787417927949326923e+01,0.000000000000000000e+00
1.889364958522048354e+01,0.000000000000000000e+00
2.223317158726373677e+01,0.000000000000000000e+00
2.192208542359977130e+01,0.000000000000000000e+00
2.209823861708809289e+01,0.000000000000000000e+00
1.956222815421006800e+01,0.000000000000000000e+00
2.056919156883845190e+01,0.000000000000000000e+00
2.007121090821267018e+01,0.000000000000000000e+00
1.712527707233252272e+01,0.000000000000000000e+00
2.220969005830384191e+01,0.000000000000000000e+00
2.152235350782754253e+01,0.000000000000000000e+00
1.890535306864069653e+01,0.000000000000000000e+00
6.720321942568463669e+01,0.000000000000000000e+00
6.841430208243484401e+01,0.000000000000000000e+00
6.685566990973670443e+01,0.000000000000000000e+00
6.514710361522558912e+01,0.000000000000000000e+00
6.999905479868340308e+01,0.000000000000000000e+00
6.503811755252520754e+01,0.000000000000000000e+00
7.159923843511222685e+01,0.000000000000000000e+00
6.741967829523065348e+01,0.000000000000000000e+00
7.020234665529444840e+01,0.000000000000000000e+00
6.743924704877585441e+01,0.000000000000000000e+00
6.372575149562258190e+01,0.000000000000000000e+00
6.980357575478997489e+01,0.000000000000000000e+00
8.022066384640683623e+01,0.000000000000000000e+00
8.015330581822460942e+01,0.000000000000000000e+00
7.555931842796945830e+01,0.000000000000000000e+00
7.513442683530755062e+01,0.000000000000000000e+00
7.287394223050561948e+01,0.000000000000000000e+00
7.707805866483242596e+01,0.000000000000000000e+00
7.934551788507860692e+01,0.000000000000000000e+00
7.836987320912396626e+01,0.000000000000000000e+00
7.481730767583076158e+01,0.000000000000000000e+00
7.734340631044335623e+01,0.000000000000000000e+00
7.680864172577871329e+01,0.000000000000000000e+00
7.487976691600542267e+01,0.000000000000000000e+00
8.047421235359830405e+01,0.000000000000000000e+00
8.224620718842098199e+01,0.000000000000000000e+00
7.833966382420798880e+01,0.000000000000000000e+00
7.858401964467890366e+01,0.000000000000000000e+00
7.733874341914255979e+01,0.000000000000000000e+00
8.136648754906457270e+01,0.000000000000000000e+00
8.036265077007007562e+01,0.000000000000000000e+00
8.122030796009474329e+01,0.000000000000000000e+00
8.003958906067090595e+01,0.000000000000000000e+00
8.169576862747378243e+01,0.000000000000000000e+00
7.859228464060197439e+01,0.000000000000000000e+00
7.774327962957886484e+01,0.000000000000000000e+00
7.803090338998579512e+01,0.000000000000000000e+00
8.094096607143708866e+01,0.000000000000000000e+00
8.156627754675827191e+01,0.000000000000000000e+00
7.950260231633248509e+01,0.000000000000000000e+00
7.750622858531220061e+01,0.000000000000000000e+00
7.697928885943703392e+01,0.000000000000000000e+00
8.118094454979855357e+01,0.000000000000000000e+00
7.885967439184022965e+01,0.000000000000000000e+00
7.943461158619574292e+01,0.000000000000000000e+00
8.077331505124178079e+01,0.000000000000000000e+00
8.212141179408186531e+01,0.000000000000000000e+00
7.958206656316433225e+01,0.000000000000000000e+00
8.137529665148436209e+01,0.000000000000000000e+00
7.834922866888541648e+01,0.000000000000000000e+00
8.318142117318386397e+01,0.000000000000000000e+00
8.251018094627005439e+01,0.000000000000000000e+00
7.833930664774050001e+01,0.000000000000000000e+00
7.472259810212582920e+01,0.000000000000000000e+00
8.092649950135395898e+01,0.000000000000000000e+00
8.273367074655266151e+01,0.000000000000000000e+00
7.872969582641663067e+01,0.000000000000000000e+00
8.134362987642511200e+01,0.000000000000000000e+00
7.883275549968362839e+01,0.000000000000000000e+00
7.920448473526272437e+01,0.000000000000000000e+00
7.786492151636886661e+01,0.000000000000000000e+00
8.207065274244672537e+01,0.000000000000000000e+00
7.693978747438664811e+01,0.000000000000000000e+00
7.979256845039861901e+01,0.000000000000000000e+00
7.884822917946793552e+01,0.000000000000000000e+00
8.063871635304973040e+01,0.000000000000000000e+00
8.199246389314842531e+01,0.000000000000000000e+00
7.969687099810805364e+01,0.000000000000000000e+00
8.086017145518337657e+01,0.000000000000000000e+00
8.230128604784043489e+01,0.000000000000000000e+00
8.048855356505484338e+01,0.000000000000000000e+00
7.918846880524274923e+01,0.000000000000000000e+00
7.655136329634258630e+01,0.000000000000000000e+00
7.976031856437413126e+01,0.000000000000000000e+00
7.928716268792257438e+01,0.000000000000000000e+00
7.913921291000359304e+01,0.000000000000000000e+00
7.809800208160299917e+01,0.000000000000000000e+00
8.460054951008693536e+01,0.000000000000000000e+00
7.835317703388483324e+01,0.000000000000000000e+00
8.171726797971960821e+01,0.000000000000000000e+00
8.178680085578079684e+01,0.000000000000000000e+00
7.758038908318748383e+01,0.000000000000000000e+00
7.819072697864982047e+01,0.000000000000000000e+00
7.884233806996269323e+01,0.000000000000000000e+00
8.203857853918299270e+01,0.000000000000000000e+00
8.501837001255267978e+01,0.000000000000000000e+00
7.990038781922308431e+01,0.000000000000000000e+00
8.411217165166226550e+01,0.000000000000000000e+00
8.339330266008356318e+01,0.000000000000000000e+00
7.676821849048259594e+01,0.000000000000000000e+00
7.860228968610645950e+01,0.000000000000000000e+00
8.402535633374888846e+01,0.000000000000000000e+00
7.887053177189153530e+01,0.000000000000000000e+00
7.941008338760502738e+01,0.000000000000000000e+00
7.863338324743354235e+01,0.000000000000000000e+00
8.164429113888567713e+01,0.000000000000000000e+00
7.721577733111720931e+01,0.000000000000000000e+00
7.693224796286722267e+01,0.000000000000000000e+00
8.103065602381197152e+01,0.000000000000000000e+00
7.853434450324277805e+01,0.000000000000000000e+00
7.411362150195576248e+01,0.000000000000000000e+00
7.969325088502559140e+01,0.000000000000000000e+00
8.249273425616983957e+01,0.000000000000000000e+00
8.182304511645153866e+01,0.000000000000000000e+00
8.412722348805570505e+01,0.000000000000000000e+00
7.704143091330556103e+01,0.000000000000000000e+00
8.038124662921926245e+01,0.000000000000000000e+00
8.056992554488672909e+01,0.000000000000000000e+00
3.104153447831374635e+01,0.000000000000000000e+00
2.991345292259448385e+01,0.000000000000000000e+00
3.216474557818981594e+01,0.000000000000000000e+00
3.312059053324393432e+01,0.000000000000000000e+00
2.978057409655002274e+01,0.000000000000000000e+00
3.268764627733642669e+01,0.000000000000000000e+00
3.339921019135269376e+01,0.000000000000000000e+00
2.822170146992474216e+01,0.000000000000000000e+00
3.230450664891109369e+01,0.000000000000000000e+00
3.374731439897102803e+01,0.000000000000000000e+00
2.961277127234325590e+01,0.000000000000000000e+00
3.479152892718550305e+01,0.000000000000000000e+00
2.287775739587466362e+01,0.000000000000000000e+00
2.456567780564228087e+01,0.000000000000000000e+00
2.315686751814329725e+01,0.000000000000000000e+00
2.211816269102510546e+01,0.000000000000000000e+00
2.317492492739363641e+01,0.000000000000000000e+00
2.206991547955597355e+01,0.000000000000000000e+00
2.171275078403688852e+01,0.000000000000000000e+00
2.464568050896400564e+01,0.000000000000000000e+00
2.089413868299352117e+01,0.000000000000000000e+00
2.563571473995779826e+01,0.000000000000000000e+00
2.212372524455269129e+01,0.000000000000000000e+00
2.546750286130693297e+01,0.000000000000000000e+00
1.822283246196693796e+01,0.000000000000000000e+00
2.503226544615532845e+01,0.000000000000000000e+00
2.209860237150586926e+01,0.000000000000000000e+00
2.532141359186126905e+01,0.000000000000000000e+00
2.051086890976328192e+01,0.000000000000000000e+00
1.611816220053705706e+01,0.000000000000000000e+00
2.032422857927984694e+01,0.000000000000000000e+00
2.351929190859127061e+01,0.000000000000000000e+00
1.972970270968929896e+01,0.000000000000000000e+00
1.794936150010440556e+01,0.000000000000000000e+00
1.813918383369329490e+01,0.000000000000000000e+00
2.103300174563998226e+01,0.000000000000000000e+00
1.839659505920124616e+01,0.000000000000000000e+00
1.808540574201211726e+01,0.000000000000000000e+00
1.901145492372002721e+01,0.000000000000000000e+00
1.696096412189313085e+01,0.000000000000000000e+00
1.901127678067832605e+01,0.000000000000000000e+00
2.142586118725717981e+01,0.000000000000000000e+00
2.115086506072966444e+01,0.000000000000000000e+00
2.032562442882041509e+01,0.000000000000000000e+00
1.740314211913939957e+01,0.000000000000000000e+00
2.180099370806444981e+01,0.000000000000000000e+00
2.175640925170375084e+01,0.000000000000000000e+00
1.668244450646832888e+01,0.000000000000000000e+00
2.272086933515002727e+01,0.000000000000000000e+00
2.107903368357012752e+01,0.000000000000000000e+00
2.049757348051693029e+01,0.000000000000000000e+00
2.086315021898331423e+01,0.000000000000000000e+00
1.802675067744503679e+01,0.000000000000000000e+00
1.751312465013656805e+01,0.000000000000000000e+00
2.333908507851839431e+01,0.000000000000000000e+00
1.699259502987524328e+01,0.000000000000000000e+00
1.909355583587619520e+01,0.000000000000000000e+00
1.921843448730096782e+01,0.000000000000000000e+00
2.108952223847364138e+01,0.000000000000000000e+00
2.070201968830490102e+01,0.000000000000000000e+00
1.958241635795162594e+01,0.000000000000000000e+00
2.100473453139232305e+01,0.000000000000000000e+00
2.028739602784464324e+01,0.000000000000000000e+00
1.995550688474579815e+01,0.000000000000000000e+00
1.647485342793814311e+01,0.000000000000000000e+00
2.448822708142030891e+01,0.000000000000000000e+00
2.144527693547176384e+01,0.000000000000000000e+00
2.011272140613616344e+01,0.000000000000000000e+00
2.071260480039645557e+01,0.000000000000000000e+00
1.742159008281254984e+01,0.000000000000000000e+00
1.797020071684563547e+01,0.000000000000000000e+00
2.103787449524541486e+01,0.000000000000000000e+00
2.222755491025779051e+01,0.000000000000000000e+00
2.076135803227466781e+01,0.000000000000000000e+00
2.239180371040414030e+01,0.000000000000000000e+00
2.214193824487513496e+01,0.000000000000000000e+00
1.949031089885227175e+01,0.000000000000000000e+00
2.075117426732146697e+01,0.000000000000000000e+00
1.992041701142186838e+01,0.000000000000000000e+00
1.854404828497731472e+01,0.000000000000000000e+00
1.698709285274568259e+01,0.000000000000000000e+00
1.585843552346974761e+01,0.000000000000000000e+00
1.845443496724707089e+01,0.000000000000000000e+00
1.605234228959412590e+01,0.000000000000000000e+00
1.727867930047343847e+01,0.000000000000000000e+00
1.972355916365211215e+01,0.000000000000000000e+00
1.754278924105069848e+01,0.000000000000000000e+00
1.676134802848358873e+01,0.000000000000000000e+00
1.701900510930268950e+01,0.000000000000000000e+00
1.992535876593951727e+01,0.000000000000000000e+00
1.704002978831066883e+01,0.000000000000000000e+00
1.875797172696744397e+01,0.000000000000000000e+00
2.142428375244278982e+01,0.000000000000000000e+00
2.143347878614277846e+01,0.000000000000000000e+00
1.936021315561897893e+01,0.000000000000000000e+00
2.409653323493273902e+01,0.000000000000000000e+00
2.199684600956015501e+01,0.000000000000000000e+00
1.908744541169757269e+01,0.000000000000000000e+00
1.671525490115346102e+01,0.000000000000000000e+00
1.819343789341397155e+01,0.000000000000000000e+00
1.863101474917883138e+01,0.000000000000000000e+00
2.380924583628586433e+01,0.000000000000000000e+00
2.052361579665893387e+01,0.000000000000000000e+00
1.893460872970948472e+01,0.000000000000000000e+00
1.913164763554631520e+01,0.000000000000000000e+00
1.954245203752257964e+01,0.000000000000000000e+00
1.693562515562156179e+01,0.000000000000000000e+00
2.128224354403165464e+01,0.000000000000000000e+00
1.908890011329692271e+01,0.000000000000000000e+00
2.075625620480959910e+01,0.000000000000000000e+00
2.092841584405650224e+01,0.000000000000000000e+00
1.883334726764960010e+01,0.000000000000000000e+00
1.606891322283044232e+01,0.000000000000000000e+00
2.087358277250789484e+01,0.000000000000000000e+00
1.857607394649581067e+01,0.000000000000000000e+00
1.936461664536022198e+01,0.000000000000000000e+00
1.814287702618827680e+01,0.000000000000000000e+00
2.054597887003745171e+01,0.000000000000000000e+00
1.797528194154090997e+01,0.000000000000000000e+00
2.185785973365995716e+01,0.000000000000000000e+00
2.492135258692132282e+01,0.000000000000000000e+00
2.204726632484863913e+01,0.000000000000000000e+00
1.940586198414297670e+01,0.000000000000000000e+00
1.577386482966014292e+01,0.000000000000000000e+00
2.227917550248044876e+01,0.000000000000000000e+00
1.998308257223265372e+01,0.000000000000000000e+00
2.180897339317956707e+01,0.000000000000000000e+00
1.957280503239869063e+01,0.000000000000000000e+00
1.779959245030649129e+01,0.000000000000000000e+00
2.000368044905836840e+01,0.000000000000000000e+00
2.099301026824770133e+01,0.000000000000000000e+00
2.105721402222373939e+01,0.000000000000000000e+00
2.058711154390742948e+01,0.000000000000000000e+00
1.813533606839679635e+01,0.000000000000000000e+00
2.120388105554443925e+01,0.000000000000000000e+00
2.069552152624563490e+01,0.000000000000000000e+00
1.959395084331255887e+01,0.000000000000000000e+00
2.099253689912243459e+01,0.000000000000000000e+00
1.793260837942270314e+01,0.000000000000000000e+00
1.997831063316873923e+01,0.000000000000000000e+00
1.644791287568965998e+01,0.000000000000000000e+00
1.692371993950114373e+01,0.000000000000000000e+00
1.744915089489760973e+01,0.000000000000000000e+00
2.642175238455281061e+01,0.000000000000000000e+00
1.866454877594569695e+01,0.000000000000000000e+00
2.304379469954179172e+01,0.000000000000000000e+00
1.905269027607421251e+01,0.000000000000000000e+00
2.042778040889879421e+01,0.000000000000000000e+00
2.529320736251571589e+01,0.000000000000000000e+00
1.695617636472898937e+01,0.000000000000000000e+00
1.965670184827796518e+01,0.000000000000000000e+00
1.826102239603252286e+01,0.000000000000000000e+00
2.160303829386580432e+01,0.000000000000000000e+00
2.001576573157988648e+01,0.000000000000000000e+00
2.386767445690041356e+01,0.000000000000000000e+00
2.438527747078934738e+01,0.000000000000000000e+00
1.898344731476072056e+01,0.000000000000000000e+00
1.917605485511800723e+01,0.000000000000000000e+00
2.185188659269945433e+01,0.000000000000000000e+00
1.569802168825944655e+01,0.000000000000000000e+00
1.791339494304792623e+01,0.000000000000000000e+00
1.799290434629143931e+01,0.000000000000000000e+00
1.955457818525679414e+01,0.000000000000000000e+00
2.325197242131847730e+01,0.000000000000000000e+00
2.268529158679014301e+01,0.000000000000000000e+00
1.629319352315364711e+01,0.000000000000000000e+00
2.144612707069904545e+01,0.000000000000000000e+00
2.422779958328570160e+01,0.000000000000000000e+00
2.150650378013784803e+01,0.000000000000000000e+00
1.932030591871353664e+01,0.000000000000000000e+00
1.913195646697823094e+01,0.000000000000000000e+00
2.127388687172321369e+01,0.000000000000000000e+00
1.985068847371434941e+01,0.000000000000000000e+00
2.023524529429765551e+01,0.000000000000000000e+00
2.203304776180153368e+01,0.000000000000000000e+00
1.981668283901784733e+01,0.000000000000000000e+00
2.021113956450771809e+01,0.000000000000000000e+00
2.206503625821629910e+01,0.000000000000000000e+00
2.111857885984797889e+01,0.000000000000000000e+00
2.109839230179529324e+01,0.000000000000000000e+00
6.681971710155140443e+01,0.000000000000000000e+00
6.638934346983427304e+01,0.000000000000000000e+00
6.785170413590454075e+01,0.000000000000000000e+00
6.823334782343454208e+01,0.000000000000000000e+00
7.022237687715436039e+01,0.000000000000000000e+00
6.733220395616446297e+01,0.000000000000000000e+00
6.750949454605891731e+01,0.000000000000000000e+00
6.926023959461564061e+01,0.000000000000000000e+00
6.835811092599497840e+01,0.000000000000000000e+00
6.550435523243129410e+01,0.000000000000000000e+00
7.141041866187876508e+01,0.000000000000000000e+00
6.713693782840731217e+01,0.000000000000000000e+00
7.586517441453884203e+01,0.000000000000000000e+00
7.735840633776882669e+01,0.000000000000000000e+00
8.079350064571505641e+01,0.000000000000000000e+00
8.160604482452967545e+01,0.000000000000000000e+00
7.629171686415121201e+01,0.000000000000000000e+00
7.546094986876690314e+01,0.000000000000000000e+00
7.662499122243241345e+01,0.000000000000000000e+00
7.538667640061997588e+01,0.000000000000000000e+00
7.926578451741534082e+01,0.000000000000000000e+00
8.008674405198934210e+01,0.000000000000000000e+00
7.914193810293252795e+01,0.000000000000000000e+00
7.920875252507866549e+01,0.000000000000000000e+00
7.803689202206960829e+01,0.000000000000000000e+00
7.634265420843846073e+01,0.000000000000000000e+00
8.025289631881570074e+01,0.000000000000000000e+00
8.248291528143944618e+01,0.000000000000000000e+00
7.863812169603170332e+01,0.000000000000000000e+00
7.911766994875760872e+01,0.000000000000000000e+00
8.132165628863128859e+01,0.000000000000000000e+00
8.451256195314161346e+01,0.000000000000000000e+00
7.960775651860319613e+01,0.000000000000000000e+00
7.985377069234630198e+01,0.000000000000000000e+00
7.997596064955588702e+01,0.000000000000000000e+00
7.941625313912186357e+01,0.000000000000000000e+00
7.907705953554270195e+01,0.000000000000000000e+00
8.189600495961809656e+01,0.000000000000000000e+00
8.104697323314225343e+01,0.000000000000000000e+00
8.151895633182468259e+01,0.000000000000000000e+00
7.720537521034599138e+01,0.000000000000000000e+00
8.009248593336752720e+01,0.000000000000000000e+00
7.927858004342895981e+01,0.000000000000000000e+00
8.305506268329709485e+01,0.000000000000000000e+00
7.958767035461508499e+01,0.000000000000000000e+00
7.781568504511839990e+01,0.000000000000000000e+00
8.125024161766529573e+01,0.000000000000000000e+00
8.181262484292561510e+01,0.000000000000000000e+00
7.683632431674648444e+01,0.000000000000000000e+00
7.836042617718217684e+01,0.000000000000000000e+00
7.895183241208231095e+01,0.000000000000000000e+00
7.923569569876276830e+01,0.000000000000000000e+00
7.884007426341435121e+01,0.000000000000000000e+00
7.982738140572533325e+01,0.000000000000000000e+00
7.961814614625323827e+01,0.000000000000000000e+00
8.026502243774028500e+01,0.000000000000000000e+00
8.189114217570070764e+01,0.000000000000000000e+00
7.747712128030661916e+01,0.000000000000000000e+00
7.965550114452928199e+01,0.000000000000000000e+00
8.024223623371679537e+01,0.000000000000000000e+00
8.166853046301200436e+01,0.000000000000000000e+00
8.065653962453890813e+01,0.000000000000000000e+00
8.248304460046234965e+01,0.000000000000000000e+00
7.933156099041518416e+01,0.000000000000000000e+00
8.081660554237305405e+01,0.000000000000000000e+00
7.812769092220305822e+01,0.000000000000000000e+00
7.868372540481573196e+01,0.000000000000000000e+00
7.831966945978550143e+01,0.000000000000000000e+00
8.038825150100197448e+01,0.000000000000000000e+00
8.039775945431354387e+01,0.000000000000000000e+00
8.056850217464145203e+01,0.000000000000000000e+00
7.810447332232764950e+01,0.000000000000000000e+00
8.264153897693103090e+01,0.000000000000000000e+00
8.184598457958865936e+01,0.000000000000000000e+00
8.012067121993372609e+01,0.000000000000000000e+00
8.058882058848170971e+01,0.000000000000000000e+00
7.745203153854959055e+01,0.000000000000000000e+00
8.283477109685456696e+01,0.000000000000000000e+00
7.841415621849088780e+01,0.000000000000000000e+00
7.945095277301815884e+01,0.000000000000000000e+00
7.979788742587946615e+01,0.000000000000000000e+00
7.851071538017825446e+01,0.000000000000000000e+00
7.951229720883104335e+01,0.000000000000000000e+00
7.912393923825902675e+01,0.000000000000000000e+00
7.780157215198597953e+01,0.000000000000000000e+00
7.794320386541114942e+01,0.000000000000000000e+00
7.660263848954809873e+01,0.000000000000000000e+00
7.903528950431797284e+01,0.000000000000000000e+00
7.977512756875118782e+01,0.000000000000000000e+00
8.359542526534757201e+01,0.000000000000000000e+00
7.955390104914623350e+01,0.000000000000000000e+00
8.516667346302025976e+01,0.000000000000000000e+00
7.932978296202652757e+01,0.000000000000000000e+00
7.699903743410719414e+01,0.000000000000000000e+00
7.611755231823003953e+01,0.000000000000000000e+00
8.307175591702308282e+01,0.000000000000000000e+00
8.065786416552340654e+01,0.000000000000000000e+00
8.198884351354891464e+01,0.000000000000000000e+00
8.036589354778378436e+01,0.000000000000000000e+00
7.886240181752108924e+01,0.000000000000000000e+00
7.570855244771078674e+01,0.000000000000000000e+00
8.154129037017796122e+01,0.000000000000000000e+00
8.050708432134736370e+01,0.000000000000000000e+00
8.084159379650841970e+01,0.000000000000000000e+00
8.007757834970047384e+01,0.000000000000000000e+00
7.656089957330594586e+01,0.000000000000000000e+00
7.750498893278796686e+01,0.000000000000000000e+00
8.463096843955950987e+01,0.000000000000000000e+00
3.321358942516182822e+01,0.000000000000000000e+00
3.305421572899322769e+01,0.000000000000000000e+00
2.949098132409096706e+01,0.000000000000000000e+00
3.105346157828351394e+01,0.000000000000000000e+00
2.997787546521760760e+01,0.000000000000000000e+00
2.996010052943988100e+01,0.000000000000000000e+00
3.236564165624556466e+01,0.000000000000000000e+00
3.203509278238711744e+01,0.000000000000000000e+00
3.292194278877429525e+01,0.000000000000000000e+00
3.016228461499507318e+01,0.000000000000000000e+00
3.080954177277096662e+01,0.000000000000000000e+00
3.352069352180739514e+01,0.000000000000000000e+00
2.154423679354805898e+01,0.000000000000000000e+00
2.145609291947490505e+01,0.000000000000000000e+00
2.358696019595515736e+01,0.000000000000000000e+00
2.486088715982250363e+01,0.000000000000000000e+00
2.282549363167468925e+01,0.000000000000000000e+00
2.205278910322725494e+01,0.000000000000000000e+00
2.243249435079954068e+01,0.000000000000000000e+00
2.401863918133784992e+01,0.000000000000000000e+00
2.522877643847058238e+01,0.000000000000000000e+00
2.298236930042000026e+01,0.000000000000000000e+00
2.175542209220022727e+01,0.000000000000000000e+00
1.998962352444711854e+01,0.000000000000000000e+00
2.045495782289271602e+01,0.000000000000000000e+00
1.958280504566823055e+01,0.000000000000000000e+00
2.170456019807978620e+01,0.000000000000000000e+00
2.042661673095036434e+01,0.000000000000000000e+00
2.070189329501725695e+01,0.000000000000000000e+00
2.294491641115317293e+01,0.000000000000000000e+00
2.215030978911370596e+01,0.000000000000000000e+00
1.719079526391985624e+01,0.000000000000000000e+00
2.319722253977376170e+01,0.000000000000000000e+00
1.814447150959089328e+01,0.000000000000000000e+00
1.895534603278208863e+01,0.000000000000000000e+00
2.147789331525041234e+01,0.000000000000000000e+00
2.120901606848406828e+01,0.000000000000000000e+00
1.960895665713228553e+01,0.000000000000000000e+00
1.710301076127971243e+01,0.000000000000000000e+00
2.357208090778228282e+01,0.000000000000000000e+00
1.754573719704389489e+01,0.000000000000000000e+00
1.895675007048470562e+01,0.000000000000000000e+00
1.586497750731125933e+01,0.000000000000000000e+00
2.031559113719582399e+01,0.000000000000000000e+00
2.254191182973983842e+01,0.000000000000000000e+00
1.827232500951826566e+01,0.000000000000000000e+00
1.981779172823433299e+01,0.000000000000000000e+00
2.096175803749030564e+01,0.000000000000000000e+00
1.688093444429492962e+01,0.000000000000000000e+00
2.088831428796228451e+01,0.000000000000000000e+00
2.225307098510188197e+01,0.000000000000000000e+00
1.962900119183409231e+01,0.000000000000000000e+00
2.111202956741835735e+01,0.000000000000000000e+00
1.999166961899792838e+01,0.000000000000000000e+00
1.966375094489164255e+01,0.000000000000000000e+00
2.110691109667149234e+01,0.000000000000000000e+00
2.031997998685932316e+01,0.000000000000000000e+00
1.473409619771652856e+01,0.000000000000000000e+00
1.892730301590883712e+01,0.000000000000000000e+00
1.912613894521993529e+01,0.000000000000000000e+00
1.868633404592510416e+01,0.000000000000000000e+00
2.096738253525384721e+01,0.000000000000000000e+00
1.956375290985321769e+01,0.000000000000000000e+00
1.840629586351267832e+01,0.000000000000000000e+00
2.117416881677139173e+01,0.000000000000000000e+00
1.842138534927531879e+01,0.000000000000000000e+00
1.977228819098047197e+01,0.000000000000000000e+00
1.969342045218832737e+01,0.000000000000000000e+00
2.158512402835662058e+01,0.000000000000000000e+00
1.711676338695322741e+01,0.000000000000000000e+00
2.297531003447109654e+01,0.000000000000000000e+00
2.093341950288879616e+01,0.000000000000000000e+00
1.835441669642936446e+01,0.000000000000000000e+00
2.080971607309635729e+01,0.000000000000000000e+00
2.410175571663381788e+01,0.000000000000000000e+00
2.133672211242357619e+01,0.000000000000000000e+00
2.027250288850947513e+01,0.000000000000000000e+00
1.980626493169243219e+01,0.000000000000000000e+00
1.918689340621544304e+01,0.000000000000000000e+00
2.134577167053604541e+01,0.000000000000000000e+00
1.918979884537171188e+01,0.000000000000000000e+00
2.002230651627819213e+01,0.000000000000000000e+00
1.749305313193303135e+01,0.000000000000000000e+00
1.931890028832979311e+01,0.000000000000000000e+00
2.150633996866875464e+01,0.000000000000000000e+00
1.927396206472138118e+01,0.000000000000000000e+00
1.783445813214408204e+01,0.000000000000000000e+00
1.897572504415474270e+01,0.000000000000000000e+00
1.592893093900416090e+01,0.000000000000000000e+00
2.260232005069752859e+01,0.000000000000000000e+00
1.870591589288754619e+01,0.000000000000000000e+00
1.886182893458995125e+01,0.000000000000000000e+00
1.952166315229931470e+01,0.000000000000000000e+00
2.080274577103178402e+01,0.000000000000000000e+00
1.866211891003492696e+01,0.000000000000000000e+00
1.997190567730053701e+01,0.000000000000000000e+00
1.777211632977982703e+01,0.000000000000000000e+00
2.041571943504683162e+01,0.000000000000000000e+00
1.488361076952893924e+01,0.000000000000000000e+00
2.054207591969811730e+01,0.000000000000000000e+00
2.082286257812517505e+01,0.000000000000000000e+00
2.052014982270322818e+01,0.000000000000000000e+00
1.712247665161398302e+01,0.000000000000000000e+00
1.912276157982612190e+01,0.000000000000000000e+00
2.109380701973603323e+01,0.000000000000000000e+00
1.893664515791378733e+01,0.000000000000000000e+00
2.080956818826000188e+01,0.000000000000000000e+00
2.087774800790610996e+01,0.000000000000000000e+00
1.809153805910222701e+01,0.000000000000000000e+00
2.096017863161608830e+01,0.000000000000000000e+00
1.841005270418066786e+01,0.000000000000000000e+00
2.032344765752304383e+01,0.000000000000000000e+00
2.321780041656069926e+01,0.000000000000000000e+00
2.159191046014460014e+01,0.000000000000000000e+00
1.885605848759343672e+01,0.000000000000000000e+00
2.113273965342325411e+01,0.000000000000000000e+00
2.321912564361564790e+01,0.000000000000000000e+00
2.175419344931701104e+01,0.000000000000000000e+00
2.087974673173278006e+01,0.000000000000000000e+00
1.835989649927831735e+01,0.000000000000000000e+00
2.193022347536774674e+01,0.000000000000000000e+00
2.341841415373065161e+01,0.000000000000000000e+00
1.966321149100781795e+01,0.000000000000000000e+00
1.822385899085128358e+01,0.000000000000000000e+00
1.833020901985124951e+01,0.000000000000000000e+00
2.001414592031679263e+01,0.000000000000000000e+00
1.972142959730473066e+01,0.000000000000000000e+00
1.947776284542700154e+01,0.000000000000000000e+00
2.130422830151782421e+01,0.000000000000000000e+00
1.873583529433808792e+01,0.000000000000000000e+00
2.176170320282956183e+01,0.000000000000000000e+00
1.864291925843265574e+01,0.000000000000000000e+00
1.660195655221734157e+01,0.000000000000000000e+00
1.873173204878931131e+01,0.000000000000000000e+00
1.912812428307649526e+01,0.000000000000000000e+00
2.170851945133079042e+01,0.000000000000000000e+00
2.116480531099793794e+01,0.000000000000000000e+00
1.980936964381162824e+01,0.000000000000000000e+00
1.936182451738564225e+01,0.000000000000000000e+00
2.266443928264220986e+01,0.000000000000000000e+00
2.382596536582683555e+01,0.000000000000000000e+00
1.902322331271050970e+01,0.000000000000000000e+00
2.233510669829620099e+01,0.000000000000000000e+00
2.222810335999189135e+01,0.000000000000000000e+00
1.797307467746113829e+01,0.000000000000000000e+00
2.094837848431495431e+01,0.000000000000000000e+00
2.398282901933483302e+01,0.000000000000000000e+00
2.062805841631370996e+01,0.000000000000000000e+00
2.038641383316397082e+01,0.000000000000000000e+00
2.162017321614004217e+01,0.000000000000000000e+00
2.201953690508704398e+01,0.000000000000000000e+00
2.074647255420975966e+01,0.000000000000000000e+00
1.945596398772431357e+01,0.000000000000000000e+00
2.129635900274765348e+01,0.000000000000000000e+00
2.280600280110554934e+01,0.000000000000000000e+00
1.955056187340983342e+01,0.000000000000000000e+00
1.845904329684687184e+01,0.000000000000000000e+00
2.087587801041622271e+01,0.000000000000000000e+00
1.962877459843320338e+01,0.000000000000000000e+00
2.048365533936856053e+01,0.000000000000000000e+00
1.774049573861272222e+01,0.000000000000000000e+00
1.815645124231334862e+01,0.000000000000000000e+00
2.017959547544287702e+01,0.000000000000000000e+00
1.965231286391147592e+01,0.000000000000000000e+00
1.833967294978582885e+01,0.000000000000000000e+00
2.336922673304227160e+01,0.000000000000000000e+00
2.079079548848155312e+01,0.000000000000000000e+00
2.037862468876913624e+01,0.000000000000000000e+00
1.802691069872825835e+01,0.000000000000000000e+00
2.038863798793032700e+01,0.000000000000000000e+00
2.230813055225755193e+01,0.000000000000000000e+00
2.472597348623071056e+01,0.000000000000000000e+00
1.864025723355311470e+01,0.000000000000000000e+00
2.222266685632209970e+01,0.000000000000000000e+00
1.968467877941422728e+01,0.000000000000000000e+00
1.944119478636818243e+01,0.000000000000000000e+00
1.986202540773548364e+01,0.000000000000000000e+00
2.056656464091130587e+01,0.000000000000000000e+00
1.957350909782731918e+01,0.000000000000000000e+00
1.849007785798829673e+01,0.000000000000000000e+00
6.873987903446520420e+01,0.000000000000000000e+00
6.911743746609467109e+01,0.000000000000000000e+00
6.681224168653932338e+01,0.000000000000000000e+00
6.918560776672894974e+01,0.000000000000000000e+00
6.907717628876079630e+01,0.000000000000000000e+00
6.838856004875333383e+01,0.000000000000000000e+00
7.020949375699656514e+01,0.000000000000000000e+00
6.898425843951710590e+01,0.000000000000000000e+00
6.722721496271071828e+01,0.000000000000000000e+00
6.634209954158889389e+01,0.000000000000000000e+00
6.503431034132941591e+01,0.000000000000000000e+00
6.673859122416332923e+01,0.000000000000000000e+00
7.618923689128708077e+01,0.000000000000000000e+00
7.899843564401190577e+01,0.000000000000000000e+00
7.868996639900925061e+01,0.000000000000000000e+00
7.752979126021092782e+01,0.000000000000000000e+00
7.781632414568315426e+01,0.000000000000000000e+00
7.428167982264147895e+01,0.000000000000000000e+00
7.672342157533208251e+01,0.000000000000000000e+00
7.872560436598506328e+01,0.000000000000000000e+00
7.565895712041167087e+01,0.000000000000000000e+00
7.860746417846831946e+01,0.000000000000000000e+00
7.888434780757728504e+01,0.000000000000000000e+00
7.579877809978459879e+01,0.000000000000000000e+00
8.082271423295532031e+01,0.000000000000000000e+00
7.764853794520311681e+01,0.000000000000000000e+00
8.043651760982545795e+01,0.000000000000000000e+00
7.651375693907674247e+01,0.000000000000000000e+00
8.222820203137133888e+01,0.000000000000000000e+00
7.793775850925452175e+01,0.000000000000000000e+00
7.986427259161955305e+01,0.000000000000000000e+00
8.089585787196534739e+01,0.000000000000000000e+00
8.234544862770394502e+01,0.000000000000000000e+00
8.368457016360483181e+01,0.000000000000000000e+00
7.609975329373712327e+01,0.000000000000000000e+00
7.631043362951878350e+01,0.000000000000000000e+00
8.112909527595719794e+01,0.000000000000000000e+00
8.031176814796998542e+01,0.000000000000000000e+00
7.569292155725484861e+01,0.000000000000000000e+00
7.975674554278340622e+01,0.000000000000000000e+00
8.219563478714688642e+01,0.000000000000000000e+00
7.740335099158440357e+01,0.000000000000000000e+00
8.034869485158037605e+01,0.000000000000000000e+00
8.001874200729842812e+01,0.000000000000000000e+00
7.743353754517703180e+01,0.000000000000000000e+00
8.004733196562889930e+01,0.000000000000000000e+00
7.952281770147070006e+01,0.000000000000000000e+00
8.244433505843301191e+01,0.000000000000000000e+00
7.589464663542648282e+01,0.000000000000000000e+00
8.169430429410513739e+01,0.000000000000000000e+00
7.923798640021301765e+01,0.000000000000000000e+00
7.714328056020333690e+01,0.000000000000000000e+00
8.189179969005597570e+01,0.000000000000000000e+00
8.026138507187978632e+01,0.000000000000000000e+00
7.705634892779666245e+01,0.000000000000000000e+00
8.247811871018441821e+01,0.000000000000000000e+00
8.100017079288112143e+01,0.000000000000000000e+00
8.143714007571867342e+01,0.000000000000000000e+00
7.853073528825358096e+01,0.000000000000000000e+00
7.842275353160444240e+01,0.000000000000000000e+00
8.063908869393320344e+01,0.000000000000000000e+00
8.152450950158568332e+01,0.000000000000000000e+00
7.929457910298056333e+01,0.000000000000000000e+00
8.310790635407535376e+01,0.000000000000000000e+00
8.259586142674426412e+01,0.000000000000000000e+00
7.584127342524845972e+01,0.000000000000000000e+00
8.170036009273368904e+01,0.000000000000000000e+00
7.988136914642795716e+01,0.000000000000000000e+00
7.875310159906914009e+01,0.000000000000000000e+00
8.260376481642413182e+01,0.000000000000000000e+00
7.558568844354809357e+01,0.000000000000000000e+00
8.239169844201491344e+01,0.000000000000000000e+00
7.793994229461581824e+01,0.000000000000000000e+00
8.149087444826486148e+01,0.000000000000000000e+00
8.122061178385769153e+01,0.000000000000000000e+00
7.907283179990827193e+01,0.000000000000000000e+00
8.122124752272581816e+01,0.000000000000000000e+00
7.821181986886166726e+01,0.000000000000000000e+00
8.066060433895584936e+01,0.000000000000000000e+00
8.176684572736873235e+01,0.000000000000000000e+00
7.828679212673419840e+01,0.000000000000000000e+00
7.916854826166697023e+01,0.000000000000000000e+00
8.042024144776439698e+01,0.000000000000000000e+00
7.371859076884138062e+01,0.000000000000000000e+00
8.099716245435122630e+01,0.000000000000000000e+00
7.959451693216902868e+01,0.000000000000000000e+00
8.157637834490327577e+01,0.000000000000000000e+00
8.038571769360197550e+01,0.000000000000000000e+00
8.049767693270349866e+01,0.000000000000000000e+00
8.282710968947495189e+01,0.000000000000000000e+00
8.005519828516914060e+01,0.000000000000000000e+00
8.238198433103340790e+01,0.000000000000000000e+00
7.926994802153834030e+01,0.000000000000000000e+00
7.860701318016208461e+01,0.000000000000000000e+00
7.833829770959519578e+01,0.000000000000000000e+00
7.959081302321199303e+01,0.000000000000000000e+00
7.846250311202174998e+01,0.000000000000000000e+00
8.313742184596308959e+01,0.000000000000000000e+00
7.712178753297887113e+01,0.000000000000000000e+00
8.188444221022413672e+01,0.000000000000000000e+00
7.908563611875945298e+01,0.000000000000000000e+00
7.911993854957182748e+01,0.000000000000000000e+00
7.941722211356214700e+01,0.000000000000000000e+00
7.948175148035511484e+01,0.000000000000000000e+00
8.558095706750870590e+01,0.000000000000000000e+00
8.231823316434221738e+01,0.000000000000000000e+00
8.179742271638895090e+01,0.000000000000000000e+00
7.857015656248641733e+01,0.000000000000000000e+00
3.622093161174783660e+01,0.000000000000000000e+00
3.373493349738530611e+01,0.000000000000000000e+00
3.365236448684235882e+01,0.000000000000000000e+00
3.209670061902932048e+01,0.000000000000000000e+00
3.403807492780497057e+01,0.000000000000000000e+00
3.300366266749490762e+01,0.000000000000000000e+00
3.412695172225252094e+01,0.000000000000000000e+00
2.973612570731984661e+01,0.000000000000000000e+00
3.216328850505520620e+01,0.000000000000000000e+00
3.455618309071932970e+01,0.000000000000000000e+00
3.271557598241447806e+01,0.000000000000000000e+00
3.022406488279692027e+01,0.000000000000000000e+00
2.467544258245247590e+01,0.000000000000000000e+00
2.048201771290204931e+01,0.000000000000000000e+00
2.154271198665136922e+01,0.000000000000000000e+00
2.385163322969759392e+01,0.000000000000000000e+00
2.144777088497415463e+01,0.000000000000000000e+00
2.254138576974020580e+01,0.000000000000000000e+00
2.481883258634956135e+01,0.000000000000000000e+00
2.530167159620893003e+01,0.000000000000000000e+00
2.332111391765194952e+01,0.000000000000000000e+00
2.201622784745050154e+01,0.000000000000000000e+00
2.281454380832423823e+01,0.000000000000000000e+00
2.170089546142499870e+01,0.000000000000000000e+00
2.002680807980437550e+01,0.000000000000000000e+00
2.247857088665442760e+01,0.000000000000000000e+00
2.029259977759586064e+01,0.000000000000000000e+00
2.113775912031013604e+01,0.000000000000000000e+00
2.034616824126151968e+01,0.000000000000000000e+00
1.903642801994207900e+01,0.000000000000000000e+00
2.096178914046793551e+01,0.000000000000000000e+00
2.499577494753223306e+01,0.000000000000000000e+00
1.822851849537632063e+01,0.000000000000000000e+00
2.171205128976668419e+01,0.000000000000000000e+00
1.911952591619048292e+01,0.000000000000000000e+00
2.162287213655666562e+01,0.000000000000000000e+00
2.001553417220631204e+01,0.000000000000000000e+00
1.817791682490386762e+01,0.000000000000000000e+00
2.306417978397100654e+01,0.000000000000000000e+00
2.008208720351977661e+01,0.000000000000000000e+00
2.064889291920457026e+01,0.000000000000000000e+00
1.802168810295728463e+01,0.000000000000000000e+00
2.105434588263119267e+01,0.000000000000000000e+00
2.184197827950581328e+01,0.000000000000000000e+00
1.711655197432147091e+01,0.000000000000000000e+00
2.066363724555024461e+01,0.000000000000000000e+00
1.940334361274855723e+01,0.000000000000000000e+00
1.755744309699314343e+01,0.000000000000000000e+00
1.912536481577066994e+01,0.000000000000000000e+00
2.174006111433487831e+01,0.000000000000000000e+00
1.745375949332360577e+01,0.000000000000000000e+00
2.292058310668276988e+01,0.000000000000000000e+00
2.077966235287580687e+01,0.000000000000000000e+00
1.821622149200216967e+01,0.000000000000000000e+00
2.256088111248521955e+01,0.000000000000000000e+00
2.175071465807788584e+01,0.000000000000000000e+00
1.908415530542441374e+01,0.000000000000000000e+00
2.235960051428943629e+01,0.000000000000000000e+00
2.221640381844890655e+01,0.000000000000000000e+00
2.035737676469700830e+01,0.000000000000000000e+00
2.269112825978718817e+01,0.000000000000000000e+00
2.132577002446346626e+01,0.000000000000000000e+00
2.220993575147180010e+01,0.000000000000000000e+00
1.808361392501858589e+01,0.000000000000000000e+00
2.200901491796069465e+01,0.000000000000000000e+00
2.057068976087264645e+01,0.000000000000000000e+00
2.108580631229633084e+01,0.000000000000000000e+00
2.190324595313303035e+01,0.000000000000000000e+00
2.104480216623107935e+01,0.000000000000000000e+00
1.848756374831773286e+01,0.000000000000000000e+00
2.016960362723647293e+01,0.000000000000000000e+00
2.108331493833663828e+01,0.000000000000000000e+00
