value,error
2.235414799348016857e+01,0.000000000000000000e+00
1.809773220812198247e+01,0.000000000000000000e+00
2.092689351006780996e+01,0.000000000000000000e+00
1.892337250449783070e+01,0.000000000000000000e+00
1.794921795944508247e+01,0.000000000000000000e+00
2.381367409550074044e+01,0.000000000000000000e+00
1.996620330051572623e+01,0.000000000000000000e+00
2.228854989049388990e+01,0.000000000000000000e+00
1.914278936718057622e+01,0.000000000000000000e+00
1.802207768362848839e+01,0.000000000000000000e+00
1.969760680457800106e+01,0.000000000000000000e+00
2.246084715534923859e+01,0.000000000000000000e+00
1.779147950723757532e+01,0.000000000000000000e+00
1.999327957669217071e+01,0.000000000000000000e+00
1.983850740415165248e+01,0.000000000000000000e+00
1.977160706938444790e+01,0.000000000000000000e+00
1.971069201331998855e+01,0.000000000000000000e+00
2.025139211758304825e+01,0.000000000000000000e+00
1.836611475270809279e+01,0.000000000000000000e+00
2.281967344313791557e+01,0.000000000000000000e+00
1.734395473806651466e+01,0.000000000000000000e+00
2.239598798162069215e+01,0.000000000000000000e+00
1.686764231947856629e+01,0.000000000000000000e+00
1.991464296919166443e+01,0.000000000000000000e+00
2.022681238995855679e+01,0.000000000000000000e+00
2.018769405069900102e+01,0.000000000000000000e+00
2.023770095456175966e+01,0.000000000000000000e+00
1.832082771300109059e+01,0.000000000000000000e+00
2.049687258998497086e+01,0.000000000000000000e+00
1.680734939091548341e+01,0.000000000000000000e+00
2.206557868338217077e+01,0.000000000000000000e+00
2.093667277236963642e+01,0.000000000000000000e+00
2.296578137898963945e+01,0.000000000000000000e+00
2.168683665686275930e+01,0.000000000000000000e+00
2.084942712845803925e+01,0.000000000000000000e+00
1.903837247039796310e+01,0.000000000000000000e+00
1.877396885213429201e+01,0.000000000000000000e+00
1.625254204836832272e+01,0.000000000000000000e+00
2.044308789492889389e+01,0.000000000000000000e+00
2.183984654835240491e+01,0.000000000000000000e+00
2.273938505170038127e+01,0.000000000000000000e+00
2.026956632614465548e+01,0.000000000000000000e+00
1.886792209837555845e+01,0.000000000000000000e+00
2.037759860878934859e+01,0.000000000000000000e+00
2.043428183063264925e+01,0.000000000000000000e+00
2.105414364132806071e+01,0.000000000000000000e+00
2.049524644178396926e+01,0.000000000000000000e+00
1.946638217348517230e+01,0.000000000000000000e+00
2.062815942973297112e+01,0.000000000000000000e+00
2.049280955539051519e+01,0.000000000000000000e+00
1.913810577868378715e+01,0.000000000000000000e+00
2.124952947415903282e+01,0.000000000000000000e+00
1.774793154696126862e+01,0.000000000000000000e+00
1.779228335819505702e+01,0.000000000000000000e+00
2.090690929821459676e+01,0.000000000000000000e+00
1.945046744986389342e+01,0.000000000000000000e+00
1.847130107295169665e+01,0.000000000000000000e+00
1.932000856813955636e+01,0.000000000000000000e+00
2.246563891722430384e+01,0.000000000000000000e+00
2.116460270754068063e+01,0.000000000000000000e+00
1.808131256158728561e+01,0.000000000000000000e+00
2.265771678189842220e+01,0.000000000000000000e+00
1.728414771596563071e+01,0.000000000000000000e+00
2.005866361983656176e+01,0.000000000000000000e+00
2.085135837900126177e+01,0.000000000000000000e+00
2.379210204267812045e+01,0.000000000000000000e+00
2.197414346750967695e+01,0.000000000000000000e+00
1.918768091118331753e+01,0.000000000000000000e+00
2.300318103220150334e+01,0.000000000000000000e+00
2.018673023116581433e+01,0.000000000000000000e+00
2.048529912639894945e+01,0.000000000000000000e+00
2.199982221494844836e+01,0.000000000000000000e+00
1.954061771666833280e+01,0.000000000000000000e+00
2.205723285379479393e+01,0.000000000000000000e+00
2.013385702360960750e+01,0.000000000000000000e+00
2.088803569625406098e+01,0.000000000000000000e+00
1.677828194774650683e+01,0.000000000000000000e+00
1.959989828881382934e+01,0.000000000000000000e+00
1.686003904410404530e+01,0.000000000000000000e+00
1.876569528664478526e+01,0.000000000000000000e+00
2.144490908014946484e+01,0.000000000000000000e+00
2.208240288761531644e+01,0.000000000000000000e+00
1.827570264350143958e+01,0.000000000000000000e+00
1.897222754804842637e+01,0.000000000000000000e+00
2.013844281509657819e+01,0.000000000000000000e+00
1.809141986757399323e+01,0.000000000000000000e+00
2.289265517131235939e+01,0.000000000000000000e+00
2.130088173572089616e+01,0.000000000000000000e+00
2.203780174839370787e+01,0.000000000000000000e+00
2.114054563776820928e+01,0.000000000000000000e+00
2.035874990976511967e+01,0.000000000000000000e+00
1.928507616567723559e+01,0.000000000000000000e+00
2.232907078665125766e+01,0.000000000000000000e+00
1.889193983765832030e+01,0.000000000000000000e+00
2.044414721558571202e+01,0.000000000000000000e+00
1.690944158057051538e+01,0.000000000000000000e+00
1.958173184647852239e+01,0.000000000000000000e+00
1.919416584497668765e+01,0.000000000000000000e+00
1.711785860754646293e+01,0.000000000000000000e+00
2.119484569665559093e+01,0.000000000000000000e+00
2.283851092168787034e+01,0.000000000000000000e+00
2.233500403345021113e+01,0.000000000000000000e+00
2.129803702225896345e+01,0.000000000000000000e+00
1.811207433773817144e+01,0.000000000000000000e+00
1.997232503411982307e+01,0.000000000000000000e+00
2.031681069980086107e+01,0.000000000000000000e+00
1.955520566947372885e+01,0.000000000000000000e+00
2.125573307185442218e+01,0.000000000000000000e+00
6.733282525005736829e+01,0.000000000000000000e+00
6.729893431608938670e+01,0.000000000000000000e+00
6.982687714236043064e+01,0.000000000000000000e+00
6.851642178901100522e+01,0.000000000000000000e+00
6.547120864376792326e+01,0.000000000000000000e+00
6.722041195196163699e+01,0.000000000000000000e+00
6.850204092134293887e+01,0.000000000000000000e+00
6.725329357651445150e+01,0.000000000000000000e+00
6.621524946365751418e+01,0.000000000000000000e+00
6.470511733974103663e+01,0.000000000000000000e+00
7.088765847098004258e+01,0.000000000000000000e+00
6.929575186022859157e+01,0.000000000000000000e+00
7.633876907290169811e+01,0.000000000000000000e+00
7.785239600601506993e+01,0.000000000000000000e+00
7.628000671695500046e+01,0.000000000000000000e+00
8.083521939705180159e+01,0.000000000000000000e+00
7.880856066567528728e+01,0.000000000000000000e+00
7.992791407930567971e+01,0.000000000000000000e+00
7.327654169407489348e+01,0.000000000000000000e+00
7.622499599132390813e+01,0.000000000000000000e+00
8.068594278067126879e+01,0.000000000000000000e+00
7.736619030259062413e+01,0.000000000000000000e+00
7.766895728326497306e+01,0.000000000000000000e+00
7.708503972849443642e+01,0.000000000000000000e+00
7.935849338843843270e+01,0.000000000000000000e+00
7.855570292801419896e+01,0.000000000000000000e+00
8.084031638399262931e+01,0.000000000000000000e+00
8.044881728338567939e+01,0.000000000000000000e+00
7.822486676546516549e+01,0.000000000000000000e+00
7.895422958284771653e+01,0.000000000000000000e+00
7.910284467442190248e+01,0.000000000000000000e+00
7.985893487863870632e+01,0.000000000000000000e+00
7.976442559974582025e+01,0.000000000000000000e+00
8.166703726202193536e+01,0.000000000000000000e+00
7.825353576899567543e+01,0.000000000000000000e+00
7.764438150054098742e+01,0.000000000000000000e+00
8.029553617754076811e+01,0.000000000000000000e+00
8.103325152613939508e+01,0.000000000000000000e+00
7.742676750510754857e+01,0.000000000000000000e+00
7.895185699706308924e+01,0.000000000000000000e+00
7.904243155195308645e+01,0.000000000000000000e+00
8.266709880419337253e+01,0.000000000000000000e+00
7.952335017558608854e+01,0.000000000000000000e+00
7.726868848483815100e+01,0.000000000000000000e+00
7.875428641313175149e+01,0.000000000000000000e+00
8.139149861140353437e+01,0.000000000000000000e+00
8.143335546886618204e+01,0.000000000000000000e+00
8.248912611623519808e+01,0.000000000000000000e+00
7.860839067168105032e+01,0.000000000000000000e+00
8.128148604581728875e+01,0.000000000000000000e+00
7.922026757724451329e+01,0.000000000000000000e+00
8.115970101907419121e+01,0.000000000000000000e+00
8.293221665576849944e+01,0.000000000000000000e+00
7.907954551497724083e+01,0.000000000000000000e+00
8.189060013648597192e+01,0.000000000000000000e+00
7.830292682387059244e+01,0.000000000000000000e+00
8.034956072915802849e+01,0.000000000000000000e+00
7.882433121541745891e+01,0.000000000000000000e+00
8.154180245207734856e+01,0.000000000000000000e+00
8.129408515214927888e+01,0.000000000000000000e+00
8.074430586205120619e+01,0.000000000000000000e+00
8.361278494085202340e+01,0.000000000000000000e+00
8.047901319995979463e+01,0.000000000000000000e+00
8.341332945294283263e+01,0.000000000000000000e+00
7.918513796013991168e+01,0.000000000000000000e+00
8.251830443679392602e+01,0.000000000000000000e+00
8.204161419166220526e+01,0.000000000000000000e+00
8.621346627131519824e+01,0.000000000000000000e+00
8.132920321239028283e+01,0.000000000000000000e+00
8.476064775838423770e+01,0.000000000000000000e+00
7.783944520709749781e+01,0.000000000000000000e+00
8.094308307325471219e+01,0.000000000000000000e+00
7.982363772899596199e+01,0.000000000000000000e+00
8.076695616534244948e+01,0.000000000000000000e+00
7.790376337208279267e+01,0.000000000000000000e+00
7.947315879564739305e+01,0.000000000000000000e+00
8.191236009968372400e+01,0.000000000000000000e+00
7.977539285292611737e+01,0.000000000000000000e+00
7.760794494310755454e+01,0.000000000000000000e+00
7.924145975743388703e+01,0.000000000000000000e+00
7.938230161939546292e+01,0.000000000000000000e+00
7.517565151682074998e+01,0.000000000000000000e+00
7.777949720327839600e+01,0.000000000000000000e+00
7.661681342870073763e+01,0.000000000000000000e+00
8.198260124950394356e+01,0.000000000000000000e+00
8.153376952660740073e+01,0.000000000000000000e+00
7.674701766041538065e+01,0.000000000000000000e+00
7.765187629748896825e+01,0.000000000000000000e+00
8.023387319213040314e+01,0.000000000000000000e+00
8.281191869833395458e+01,0.000000000000000000e+00
8.044144095017684037e+01,0.000000000000000000e+00
8.007054864972757002e+01,0.000000000000000000e+00
8.213137945017251695e+01,0.000000000000000000e+00
7.962002827767382485e+01,0.000000000000000000e+00
8.140611857563393983e+01,0.000000000000000000e+00
7.893950886092991936e+01,0.000000000000000000e+00
7.913298227269191898e+01,0.000000000000000000e+00
7.770537361866225012e+01,0.000000000000000000e+00
7.803461009488731293e+01,0.000000000000000000e+00
8.193750495986695626e+01,0.000000000000000000e+00
7.827606727609948223e+01,0.000000000000000000e+00
7.850205554201377822e+01,0.000000000000000000e+00
7.961793018551217926e+01,0.000000000000000000e+00
8.212314439893546592e+01,0.000000000000000000e+00
7.911359116794196211e+01,0.000000000000000000e+00
7.754311479913280891e+01,0.000000000000000000e+00
7.990530824051387526e+01,0.000000000000000000e+00
7.916833224699074378e+01,0.000000000000000000e+00
3.489534855170224148e+01,0.000000000000000000e+00
2.814147704774166314e+01,0.000000000000000000e+00
2.723763157002131052e+01,0.000000000000000000e+00
3.175231324624704854e+01,0.000000000000000000e+00
3.378920684595230739e+01,0.000000000000000000e+00
3.155712270170629807e+01,0.000000000000000000e+00
3.461886374685169443e+01,0.000000000000000000e+00
3.055589086501015217e+01,0.000000000000000000e+00
3.208744155890226324e+01,0.000000000000000000e+00
3.385525267980600717e+01,0.000000000000000000e+00
3.340207562146728293e+01,0.000000000000000000e+00
3.114141772141223896e+01,0.000000000000000000e+00
2.516018805008302905e+01,0.000000000000000000e+00
2.428917735644896680e+01,0.000000000000000000e+00
2.348592194635526909e+01,0.000000000000000000e+00
2.144953985219892445e+01,0.000000000000000000e+00
2.298867795644313361e+01,0.000000000000000000e+00
2.127853870617350651e+01,0.000000000000000000e+00
2.276982709505477942e+01,0.000000000000000000e+00
2.089589933578548653e+01,0.000000000000000000e+00
2.228168204842208411e+01,0.000000000000000000e+00
2.505767034451919528e+01,0.000000000000000000e+00
2.055161681227692583e+01,0.000000000000000000e+00
2.292905727921442605e+01,0.000000000000000000e+00
1.816586350561550844e+01,0.000000000000000000e+00
2.057880585138632412e+01,0.000000000000000000e+00
1.985875695942818808e+01,0.000000000000000000e+00
2.124189608111915462e+01,0.000000000000000000e+00
1.912862397825360006e+01,0.000000000000000000e+00
2.091933080310980841e+01,0.000000000000000000e+00
2.103054685988703909e+01,0.000000000000000000e+00
1.509745679963478260e+01,0.000000000000000000e+00
2.522791649580808482e+01,0.000000000000000000e+00
2.073706626526123031e+01,0.000000000000000000e+00
2.203023868200676461e+01,0.000000000000000000e+00
2.058329552491288439e+01,0.000000000000000000e+00
2.048494547672787647e+01,0.000000000000000000e+00
2.025457472474673892e+01,0.000000000000000000e+00
1.936806268545445420e+01,0.000000000000000000e+00
1.936652421137499402e+01,0.000000000000000000e+00
2.199832117603606108e+01,0.000000000000000000e+00
1.846358652054670912e+01,0.000000000000000000e+00
1.814360299763777817e+01,0.000000000000000000e+00
2.032201560315760958e+01,0.000000000000000000e+00
2.563667356178032009e+01,0.000000000000000000e+00
2.240726923201441778e+01,0.000000000000000000e+00
2.354484704921311078e+01,0.000000000000000000e+00
1.795019254355329963e+01,0.000000000000000000e+00
1.584005094109744327e+01,0.000000000000000000e+00
2.034732559437865262e+01,0.000000000000000000e+00
1.925742856537491576e+01,0.000000000000000000e+00
2.038067087770967589e+01,0.000000000000000000e+00
1.940763472852922789e+01,0.000000000000000000e+00
1.771077457997155591e+01,0.000000000000000000e+00
2.070444028529116665e+01,0.000000000000000000e+00
1.920645813151955394e+01,0.000000000000000000e+00
2.029750004111324202e+01,0.000000000000000000e+00
2.172319681618070319e+01,0.000000000000000000e+00
1.858507091909554276e+01,0.000000000000000000e+00
1.943642219804616289e+01,0.000000000000000000e+00
2.399903735736115351e+01,0.000000000000000000e+00
2.025272699639941365e+01,0.000000000000000000e+00
1.979438905492020595e+01,0.000000000000000000e+00
1.970505028647371049e+01,0.000000000000000000e+00
2.361337998958975248e+01,0.000000000000000000e+00
1.840415423863897715e+01,0.000000000000000000e+00
2.098330955704187417e+01,0.000000000000000000e+00
2.127539600942624887e+01,0.000000000000000000e+00
1.950706623427016595e+01,0.000000000000000000e+00
2.042805349220071420e+01,0.000000000000000000e+00
1.973640474419221036e+01,0.000000000000000000e+00
2.125069038659216503e+01,0.000000000000000000e+00
2.141331130485754031e+01,0.000000000000000000e+00
2.099801740179971077e+01,0.000000000000000000e+00
1.839794745439235157e+01,0.000000000000000000e+00
1.988522216965364464e+01,0.000000000000000000e+00
1.991396919520063591e+01,0.000000000000000000e+00
2.238082354962979181e+01,0.000000000000000000e+00
2.211198729463922064e+01,0.000000000000000000e+00
1.603612714946753570e+01,0.000000000000000000e+00
2.286238792820025978e+01,0.000000000000000000e+00
1.917361889785006568e+01,0.000000000000000000e+00
1.922640167445178605e+01,0.000000000000000000e+00
2.258886067479295789e+01,0.000000000000000000e+00
2.158935189076441930e+01,0.000000000000000000e+00
2.093827717770041019e+01,0.000000000000000000e+00
1.917739079356920229e+01,0.000000000000000000e+00
1.789721767919334994e+01,0.000000000000000000e+00
1.904861574115268041e+01,0.000000000000000000e+00
1.872775258407091314e+01,0.000000000000000000e+00
1.547342601232957904e+01,0.000000000000000000e+00
1.510478425393623425e+01,0.000000000000000000e+00
1.943516926606357131e+01,0.000000000000000000e+00
1.916888473279225380e+01,0.000000000000000000e+00
1.910177491305641340e+01,0.000000000000000000e+00
1.575737682885437785e+01,0.000000000000000000e+00
1.592346110028156581e+01,0.000000000000000000e+00
2.183729247089474512e+01,0.000000000000000000e+00
2.043542854472402936e+01,0.000000000000000000e+00
1.841319174455260566e+01,0.000000000000000000e+00
2.465352675584812303e+01,0.000000000000000000e+00
1.943847246941799511e+01,0.000000000000000000e+00
2.147391450508036570e+01,0.000000000000000000e+00
1.966257477828832734e+01,0.000000000000000000e+00
2.038219245081924669e+01,0.000000000000000000e+00
2.031823892455479807e+01,0.000000000000000000e+00
2.022453342413659172e+01,0.000000000000000000e+00
2.240872516003253878e+01,0.000000000000000000e+00
2.063840924643400143e+01,0.000000000000000000e+00
1.948268419478293012e+01,0.000000000000000000e+00
1.630145523390554985e+01,0.000000000000000000e+00
1.955601000057772154e+01,0.000000000000000000e+00
2.024832774453623330e+01,0.000000000000000000e+00
2.048316477685261106e+01,0.000000000000000000e+00
2.212221768874771399e+01,0.000000000000000000e+00
1.762806991611816088e+01,0.000000000000000000e+00
2.124710787848924909e+01,0.000000000000000000e+00
1.888171986989744866e+01,0.000000000000000000e+00
1.820263784164894716e+01,0.000000000000000000e+00
2.248660296204492326e+01,0.000000000000000000e+00
2.001973602416536835e+01,0.000000000000000000e+00
1.982909835828802869e+01,0.000000000000000000e+00
2.079408178002974239e+01,0.000000000000000000e+00
1.831815263846854691e+01,0.000000000000000000e+00
2.043218687656389321e+01,0.000000000000000000e+00
1.989919303864790479e+01,0.000000000000000000e+00
1.854484376242160337e+01,0.000000000000000000e+00
2.193592521561619435e+01,0.000000000000000000e+00
1.988681043578689156e+01,0.000000000000000000e+00
1.930445402621766959e+01,0.000000000000000000e+00
2.001531277289552690e+01,0.000000000000000000e+00
1.647268379144884065e+01,0.000000000000000000e+00
2.148584844997403920e+01,0.000000000000000000e+00
2.451562024835026321e+01,0.000000000000000000e+00
2.029671428372880371e+01,0.000000000000000000e+00
2.020062121081888762e+01,0.000000000000000000e+00
1.715413359725592812e+01,0.000000000000000000e+00
2.099223596968924355e+01,0.000000000000000000e+00
1.941745738059726989e+01,0.000000000000000000e+00
2.139966327870641649e+01,0.000000000000000000e+00
2.038232367705740344e+01,0.000000000000000000e+00
1.860823072549825952e+01,0.000000000000000000e+00
1.531125172173350535e+01,0.000000000000000000e+00
1.957772312115614710e+01,0.000000000000000000e+00
1.817971300399238643e+01,0.000000000000000000e+00
1.414773056833641007e+01,0.000000000000000000e+00
2.169384182440247244e+01,0.000000000000000000e+00
1.723642668601663530e+01,0.000000000000000000e+00
1.804674080929308033e+01,0.000000000000000000e+00
1.650424012555772180e+01,0.000000000000000000e+00
1.931529494966569516e+01,0.000000000000000000e+00
2.027001835144656283e+01,0.000000000000000000e+00
1.796840460495139524e+01,0.000000000000000000e+00
1.796851176546725171e+01,0.000000000000000000e+00
2.302043505100834508e+01,0.000000000000000000e+00
1.928945430637725877e+01,0.000000000000000000e+00
2.375665124953810547e+01,0.000000000000000000e+00
1.721113542545790764e+01,0.000000000000000000e+00
2.186076144523813980e+01,0.000000000000000000e+00
2.370443022367271269e+01,0.000000000000000000e+00
2.154502316747923985e+01,0.000000000000000000e+00
1.974194045222271399e+01,0.000000000000000000e+00
2.043096929935400041e+01,0.000000000000000000e+00
1.916573749577802488e+01,0.000000000000000000e+00
1.671435339386842500e+01,0.000000000000000000e+00
2.169468759833175397e+01,0.000000000000000000e+00
2.181453393816844866e+01,0.000000000000000000e+00
1.827571310628246337e+01,0.000000000000000000e+00
1.990338984047256687e+01,0.000000000000000000e+00
2.080845019115448125e+01,0.000000000000000000e+00
1.867501830900143034e+01,0.000000000000000000e+00
2.167919177858156488e+01,0.000000000000000000e+00
2.029729963361894107e+01,0.000000000000000000e+00
1.836612291675761099e+01,0.000000000000000000e+00
1.814303934129591767e+01,0.000000000000000000e+00
2.122292352472571508e+01,0.000000000000000000e+00
1.815610715549589926e+01,0.000000000000000000e+00
1.903077452935797353e+01,0.000000000000000000e+00
1.721296440770004921e+01,0.000000000000000000e+00
1.918491287838959636e+01,0.000000000000000000e+00
6.983067453930465263e+01,0.000000000000000000e+00
6.340947189565056874e+01,0.000000000000000000e+00
6.603803772919167159e+01,0.000000000000000000e+00
6.972242705386170769e+01,0.000000000000000000e+00
6.997088827470184924e+01,0.000000000000000000e+00
6.599816855877917021e+01,0.000000000000000000e+00
7.092523726316977672e+01,0.000000000000000000e+00
6.683170256420805799e+01,0.000000000000000000e+00
6.631665989691903462e+01,0.000000000000000000e+00
6.707791771981972317e+01,0.000000000000000000e+00
6.776155440920585704e+01,0.000000000000000000e+00
6.996388177960216126e+01,0.000000000000000000e+00
7.899635960258326861e+01,0.000000000000000000e+00
7.834729760235900642e+01,0.000000000000000000e+00
7.775669681333523897e+01,0.000000000000000000e+00
7.894933512543984477e+01,0.000000000000000000e+00
7.669866394834386369e+01,0.000000000000000000e+00
7.760902978972090693e+01,0.000000000000000000e+00
7.802359953562169892e+01,0.000000000000000000e+00
8.033043840887813758e+01,0.000000000000000000e+00
8.008535419550877066e+01,0.000000000000000000e+00
7.625430450193701404e+01,0.000000000000000000e+00
8.001937988988957784e+01,0.000000000000000000e+00
7.589111023838590597e+01,0.000000000000000000e+00
8.060516533463618316e+01,0.000000000000000000e+00
7.892796965308598089e+01,0.000000000000000000e+00
8.190504772794474775e+01,0.000000000000000000e+00
8.159262890460215090e+01,0.000000000000000000e+00
7.913695159902977139e+01,0.000000000000000000e+00
7.996432941508143699e+01,0.000000000000000000e+00
8.026249145744124291e+01,0.000000000000000000e+00
7.876612779937805442e+01,0.000000000000000000e+00
8.084657579614540168e+01,0.000000000000000000e+00
8.129423391567033264e+01,0.000000000000000000e+00
7.822046337793888426e+01,0.000000000000000000e+00
8.347363433483000961e+01,0.000000000000000000e+00
7.720052665797182101e+01,0.000000000000000000e+00
8.133161385961514611e+01,0.000000000000000000e+00
7.943526898213845300e+01,0.000000000000000000e+00
7.840109631156556702e+01,0.000000000000000000e+00
7.784840911579397016e+01,0.000000000000000000e+00
7.767133964895799636e+01,0.000000000000000000e+00
7.949657037748121979e+01,0.000000000000000000e+00
8.198718698521921056e+01,0.000000000000000000e+00
7.959570456711220743e+01,0.000000000000000000e+00
7.692317854495074414e+01,0.000000000000000000e+00
8.207677267512201524e+01,0.000000000000000000e+00
8.086801367688190112e+01,0.000000000000000000e+00
7.846116599704541272e+01,0.000000000000000000e+00
8.259898123890678789e+01,0.000000000000000000e+00
8.062801688309353665e+01,0.000000000000000000e+00
7.821505944663100252e+01,0.000000000000000000e+00
7.855945813452242987e+01,0.000000000000000000e+00
7.861927345105128495e+01,0.000000000000000000e+00
7.734878443676764448e+01,0.000000000000000000e+00
7.873229370194094656e+01,0.000000000000000000e+00
8.044826866913001595e+01,0.000000000000000000e+00
7.893029241443278465e+01,0.000000000000000000e+00
7.941014619252104012e+01,0.000000000000000000e+00
8.128832038778247693e+01,0.000000000000000000e+00
7.908081173611417114e+01,0.000000000000000000e+00
8.121126973329914733e+01,0.000000000000000000e+00
8.283366241052266332e+01,0.000000000000000000e+00
7.956921474290459173e+01,0.000000000000000000e+00
8.258911982784390204e+01,0.000000000000000000e+00
7.776190925976085566e+01,0.000000000000000000e+00
8.001198793362519268e+01,0.000000000000000000e+00
7.528319985242048062e+01,0.000000000000000000e+00
8.021919844823645462e+01,0.000000000000000000e+00
8.205845224970587992e+01,0.000000000000000000e+00
7.988316500875829718e+01,0.000000000000000000e+00
7.852102217852801402e+01,0.000000000000000000e+00
8.076025895222993256e+01,0.000000000000000000e+00
7.927848915119956530e+01,0.000000000000000000e+00
8.535279704365200359e+01,0.000000000000000000e+00
7.839511093926201113e+01,0.000000000000000000e+00
8.145022838497783368e+01,0.000000000000000000e+00
7.744194833017060375e+01,0.000000000000000000e+00
7.818099108091053040e+01,0.000000000000000000e+00
8.147770970648362265e+01,0.000000000000000000e+00
8.058397421912383152e+01,0.000000000000000000e+00
7.878731682055958174e+01,0.000000000000000000e+00
8.200644087886954026e+01,0.000000000000000000e+00
7.876281328515371172e+01,0.000000000000000000e+00
7.940299315062013363e+01,0.000000000000000000e+00
8.136527288492335686e+01,0.000000000000000000e+00
7.807801494484488103e+01,0.000000000000000000e+00
8.327624354979809596e+01,0.000000000000000000e+00
8.140728672976942448e+01,0.000000000000000000e+00
8.038989391102779791e+01,0.000000000000000000e+00
8.214088309648137454e+01,0.000000000000000000e+00
7.861201427466220082e+01,0.000000000000000000e+00
7.903288494332656455e+01,0.000000000000000000e+00
8.006567287573676595e+01,0.000000000000000000e+00
8.230393864504900137e+01,0.000000000000000000e+00
8.257547333536589917e+01,0.000000000000000000e+00
8.057348461874488521e+01,0.000000000000000000e+00
7.801037624337503473e+01,0.000000000000000000e+00
7.820845301854907916e+01,0.000000000000000000e+00
8.175346805007161777e+01,0.000000000000000000e+00
7.706778756573413602e+01,0.000000000000000000e+00
7.896701709586608331e+01,0.000000000000000000e+00
8.021511758025664562e+01,0.000000000000000000e+00
7.885603007804155595e+01,0.000000000000000000e+00
7.613892989281850987e+01,0.000000000000000000e+00
8.057851409239090401e+01,0.000000000000000000e+00
8.030172264872554422e+01,0.000000000000000000e+00
7.694105134297758752e+01,0.000000000000000000e+00
3.863934713038631230e+01,0.000000000000000000e+00
3.082573787938798304e+01,0.000000000000000000e+00
2.987464240160656814e+01,0.000000000000000000e+00
3.161751792927964999e+01,0.000000000000000000e+00
2.876688348981809185e+01,0.000000000000000000e+00
3.070024718044279410e+01,0.000000000000000000e+00
3.353597200463939743e+01,0.000000000000000000e+00
2.962293029399900490e+01,0.000000000000000000e+00
3.166170499760850987e+01,0.000000000000000000e+00
3.528384138875981790e+01,0.000000000000000000e+00
3.236295483609632839e+01,0.000000000000000000e+00
3.093534916407303470e+01,0.000000000000000000e+00
2.215571469273185556e+01,0.000000000000000000e+00
2.127880678598759445e+01,0.000000000000000000e+00
2.103129535148646667e+01,0.000000000000000000e+00
2.023274870568532080e+01,0.000000000000000000e+00
2.488072591725568472e+01,0.000000000000000000e+00
2.209104925731661950e+01,0.000000000000000000e+00
2.536944684087934476e+01,0.000000000000000000e+00
2.525292828662428946e+01,0.000000000000000000e+00
2.566085544131236063e+01,0.000000000000000000e+00
2.373203831264119046e+01,0.000000000000000000e+00
2.068875928023340904e+01,0.000000000000000000e+00
2.328883000696293237e+01,0.000000000000000000e+00
1.962163309118554722e+01,0.000000000000000000e+00
2.119274858845902898e+01,0.000000000000000000e+00
1.918086166113936031e+01,0.000000000000000000e+00
2.234746094776215131e+01,0.000000000000000000e+00
2.219674606476065648e+01,0.000000000000000000e+00
1.979171296927567880e+01,0.000000000000000000e+00
1.808063178607508803e+01,0.000000000000000000e+00
2.160648848239955555e+01,0.000000000000000000e+00
1.869447793617873543e+01,0.000000000000000000e+00
1.987045933816626331e+01,0.000000000000000000e+00
1.764391022836721135e+01,0.000000000000000000e+00
1.899344697635804380e+01,0.000000000000000000e+00
1.707303136380000907e+01,0.000000000000000000e+00
1.906486519915901212e+01,0.000000000000000000e+00
1.617616190511054342e+01,0.000000000000000000e+00
2.139301875324793656e+01,0.000000000000000000e+00
2.120836514584176413e+01,0.000000000000000000e+00
2.041900620140739164e+01,0.000000000000000000e+00
2.323170938765535354e+01,0.000000000000000000e+00
1.941682512852756659e+01,0.000000000000000000e+00
2.220864844975240615e+01,0.000000000000000000e+00
2.169364282297347302e+01,0.000000000000000000e+00
2.024480937857633123e+01,0.000000000000000000e+00
2.026329606535853500e+01,0.000000000000000000e+00
2.013177866126171622e+01,0.000000000000000000e+00
2.153358751334871357e+01,0.000000000000000000e+00
1.984214466342790217e+01,0.000000000000000000e+00
1.970850969447756995e+01,0.000000000000000000e+00
2.242048893514622421e+01,0.000000000000000000e+00
2.134822231850165153e+01,0.000000000000000000e+00
2.427602211354881234e+01,0.000000000000000000e+00
1.991012365742542656e+01,0.000000000000000000e+00
2.047840875331316113e+01,0.000000000000000000e+00
1.627475063045299919e+01,0.000000000000000000e+00
2.081827954724386487e+01,0.000000000000000000e+00
2.230564121300502478e+01,0.000000000000000000e+00
2.018142144504588131e+01,0.000000000000000000e+00
1.948152997677488329e+01,0.000000000000000000e+00
1.720995687203966185e+01,0.000000000000000000e+00
1.972035393486374844e+01,0.000000000000000000e+00
1.711694366279606783e+01,0.000000000000000000e+00
1.730075169581482086e+01,0.000000000000000000e+00
2.553203676041804115e+01,0.000000000000000000e+00
1.839874686154744765e+01,0.000000000000000000e+00
2.056555459731470492e+01,0.000000000000000000e+00
1.966379461452132205e+01,0.000000000000000000e+00
2.299134493295673920e+01,0.000000000000000000e+00
2.108108905068561612e+01,0.000000000000000000e+00
1.946990256434652267e+01,0.000000000000000000e+00
2.083836653335939459e+01,0.000000000000000000e+00
1.961741763820754159e+01,0.000000000000000000e+00
2.072354973142424228e+01,0.000000000000000000e+00
1.938188715085735581e+01,0.000000000000000000e+00
2.055419068545381123e+01,0.000000000000000000e+00
1.725686088980950217e+01,0.000000000000000000e+00
1.787527784145314769e+01,0.000000000000000000e+00
2.372560114679815868e+01,0.000000000000000000e+00
1.848903095650645056e+01,0.000000000000000000e+00
2.238882075906942148e+01,0.000000000000000000e+00
2.065394016452178860e+01,0.000000000000000000e+00
1.969987911164056271e+01,0.000000000000000000e+00
1.993467067995681319e+01,0.000000000000000000e+00
2.203485206469629532e+01,0.000000000000000000e+00
1.921808827179942725e+01,0.000000000000000000e+00
1.890055470180747932e+01,0.000000000000000000e+00
2.300296139066711731e+01,0.000000000000000000e+00
2.091953945416853955e+01,0.000000000000000000e+00
2.099598429561950041e+01,0.000000000000000000e+00
2.130697413559625275e+01,0.000000000000000000e+00
2.287338606791605145e+01,0.000000000000000000e+00
2.067384221693130186e+01,0.000000000000000000e+00
2.070256511466208593e+01,0.000000000000000000e+00
1.956078210473100043e+01,0.000000000000000000e+00
1.870158300932574846e+01,0.000000000000000000e+00
1.967910991605971205e+01,0.000000000000000000e+00
1.967741233947171153e+01,0.000000000000000000e+00
1.979305095256708924e+01,0.000000000000000000e+00
1.566798877570505866e+01,0.000000000000000000e+00
1.658915424077819978e+01,0.000000000000000000e+00
2.220685542565613702e+01,0.000000000000000000e+00
2.116102497523598558e+01,0.000000000000000000e+00
1.818035524179455109e+01,0.000000000000000000e+00
1.769770684558204010e+01,0.000000000000000000e+00
2.126303541420682208e+01,0.000000000000000000e+00
2.087782270446741961e+01,0.000000000000000000e+00
2.049655195864301049e+01,0.000000000000000000e+00
2.252574980531528581e+01,0.000000000000000000e+00
1.906395594886100042e+01,0.000000000000000000e+00
2.111275779118936313e+01,0.000000000000000000e+00
2.234463017438433496e+01,0.000000000000000000e+00
1.785670281723366770e+01,0.000000000000000000e+00
2.114156363989588527e+01,0.000000000000000000e+00
2.025723921292226137e+01,0.000000000000000000e+00
1.821268606327514306e+01,0.000000000000000000e+00
1.796631848152865274e+01,0.000000000000000000e+00
1.508039381461888695e+01,0.000000000000000000e+00
2.440411059779058434e+01,0.000000000000000000e+00
1.818825970726969388e+01,0.000000000000000000e+00
1.944950263394768442e+01,0.000000000000000000e+00
2.221446518369665313e+01,0.000000000000000000e+00
1.929359131827381901e+01,0.000000000000000000e+00
1.617668744893230226e+01,0.000000000000000000e+00
1.928294923505883318e+01,0.000000000000000000e+00
2.106372869065735287e+01,0.000000000000000000e+00
2.054088879258124933e+01,0.000000000000000000e+00
2.104191867276802697e+01,0.000000000000000000e+00
2.261606422204303968e+01,0.000000000000000000e+00
1.937958568661063907e+01,0.000000000000000000e+00
1.946868984243977252e+01,0.000000000000000000e+00
2.290292835915354175e+01,0.000000000000000000e+00
1.779752775008288523e+01,0.000000000000000000e+00
2.198787596958415946e+01,0.000000000000000000e+00
2.032033740099055308e+01,0.000000000000000000e+00
1.736531609389464847e+01,0.000000000000000000e+00
1.891542993302967091e+01,0.000000000000000000e+00
2.452085960816365429e+01,0.000000000000000000e+00
1.697481150545006301e+01,0.000000000000000000e+00
2.002552688273332748e+01,0.000000000000000000e+00
2.116243593292999847e+01,0.000000000000000000e+00
2.274772965410278047e+01,0.000000000000000000e+00
2.181705628193408231e+01,0.000000000000000000e+00
2.083743525984684197e+01,0.000000000000000000e+00
1.800720658569930066e+01,0.000000000000000000e+00
2.290094410653100709e+01,0.000000000000000000e+00
1.740733323652317921e+01,0.000000000000000000e+00
1.850887365459280431e+01,0.000000000000000000e+00
2.225859187476227063e+01,0.000000000000000000e+00
1.963341902203961453e+01,0.000000000000000000e+00
1.906865196464145740e+01,0.000000000000000000e+00
1.868949933450442558e+01,0.000000000000000000e+00
2.110258218414201536e+01,0.000000000000000000e+00
1.821070672732852103e+01,0.000000000000000000e+00
1.905245474663354344e+01,0.000000000000000000e+00
2.040448927345174113e+01,0.000000000000000000e+00
1.832380821937982773e+01,0.000000000000000000e+00
2.061603851152684541e+01,0.000000000000000000e+00
1.985869603902966318e+01,0.000000000000000000e+00
1.743576387751230072e+01,0.000000000000000000e+00
2.117189485583693909e+01,0.000000000000000000e+00
1.798510865254352709e+01,0.000000000000000000e+00
1.730077825372894296e+01,0.000000000000000000e+00
2.056300028921302570e+01,0.000000000000000000e+00
1.702909328223590535e+01,0.000000000000000000e+00
2.101026832418546064e+01,0.000000000000000000e+00
2.028289969066130993e+01,0.000000000000000000e+00
2.068610236119891965e+01,0.000000000000000000e+00
1.872108936228778120e+01,0.000000000000000000e+00
1.930944534350892638e+01,0.000000000000000000e+00
2.245444245704488395e+01,0.000000000000000000e+00
1.859315579726898449e+01,0.000000000000000000e+00
2.060863746768388083e+01,0.000000000000000000e+00
2.049509298052389283e+01,0.000000000000000000e+00
1.760980323612894693e+01,0.000000000000000000e+00
2.058645555204383726e+01,0.000000000000000000e+00
1.617458432139657276e+01,0.000000000000000000e+00
1.783099145808381891e+01,0.000000000000000000e+00
7.026481748816421202e+01,0.000000000000000000e+00
7.039076977053323958e+01,0.000000000000000000e+00
6.835152777884098896e+01,0.000000000000000000e+00
6.830659016304910836e+01,0.000000000000000000e+00
6.831111794741828191e+01,0.000000000000000000e+00
6.886115881436026598e+01,0.000000000000000000e+00
6.877703284476824308e+01,0.000000000000000000e+00
7.141300349783251988e+01,0.000000000000000000e+00
6.829677798493511887e+01,0.000000000000000000e+00
6.672053579640187593e+01,0.000000000000000000e+00
6.599411191464800197e+01,0.000000000000000000e+00
6.609758886230157771e+01,0.000000000000000000e+00
7.701976553426196404e+01,0.000000000000000000e+00
7.919735074081306436e+01,0.000000000000000000e+00
7.966172274468009107e+01,0.000000000000000000e+00
7.292582804832191812e+01,0.000000000000000000e+00
7.737379546960686127e+01,0.000000000000000000e+00
7.416320053925842615e+01,0.000000000000000000e+00
7.391230012464120591e+01,0.000000000000000000e+00
7.812585456088456226e+01,0.000000000000000000e+00
7.816560187436894580e+01,0.000000000000000000e+00
7.233227950447907517e+01,0.000000000000000000e+00
7.106742974273049640e+01,0.000000000000000000e+00
7.630613077011736323e+01,0.000000000000000000e+00
7.666009923784575619e+01,0.000000000000000000e+00
7.854769461500730188e+01,0.000000000000000000e+00
7.936687042910956791e+01,0.000000000000000000e+00
7.969595750131281875e+01,0.000000000000000000e+00
7.919849583201943233e+01,0.000000000000000000e+00
8.184958480905686429e+01,0.000000000000000000e+00
8.252594071971661549e+01,0.000000000000000000e+00
8.177431867184918701e+01,0.000000000000000000e+00
7.946510795788906023e+01,0.000000000000000000e+00
8.096341717929686865e+01,0.000000000000000000e+00
7.903746158186218906e+01,0.000000000000000000e+00
8.120751392584307382e+01,0.000000000000000000e+00
8.323765575580364384e+01,0.000000000000000000e+00
7.679664921016058088e+01,0.000000000000000000e+00
8.105593478018705866e+01,0.000000000000000000e+00
7.809385716702875868e+01,0.000000000000000000e+00
8.074910738652391728e+01,0.000000000000000000e+00
8.006767317934243522e+01,0.000000000000000000e+00
7.970580962476408615e+01,0.000000000000000000e+00
8.146079901883288699e+01,0.000000000000000000e+00
7.926992536090561714e+01,0.000000000000000000e+00
8.036142568368843797e+01,0.000000000000000000e+00
7.822465312059723885e+01,0.000000000000000000e+00
8.091344233094937977e+01,0.000000000000000000e+00
7.924694411719865172e+01,0.000000000000000000e+00
8.095798224602079074e+01,0.000000000000000000e+00
7.791949312649798287e+01,0.000000000000000000e+00
8.444643649542793185e+01,0.000000000000000000e+00
8.013852496564169314e+01,0.000000000000000000e+00
8.212829157711904315e+01,0.000000000000000000e+00
7.925521704038061443e+01,0.000000000000000000e+00
7.585420077323358612e+01,0.000000000000000000e+00
8.090519793113982416e+01,0.000000000000000000e+00
7.726598852850884214e+01,0.000000000000000000e+00
7.806916727051073224e+01,0.000000000000000000e+00
8.096020791516369286e+01,0.000000000000000000e+00
7.847032234527634387e+01,0.000000000000000000e+00
8.210562894827697278e+01,0.000000000000000000e+00
7.764519788679713486e+01,0.000000000000000000e+00
7.803914791841395981e+01,0.000000000000000000e+00
8.430662990424886516e+01,0.000000000000000000e+00
8.146668921435694699e+01,0.000000000000000000e+00
8.078631702016799920e+01,0.000000000000000000e+00
7.943723770417945218e+01,0.000000000000000000e+00
8.215880125873991346e+01,0.000000000000000000e+00
7.767399517745982962e+01,0.000000000000000000e+00
8.076724076521121276e+01,0.000000000000000000e+00
8.149992753939528711e+01,0.000000000000000000e+00
8.081680427333333228e+01,0.000000000000000000e+00
7.877924988049868205e+01,0.000000000000000000e+00
8.129861143823094949e+01,0.000000000000000000e+00
7.811451191885097955e+01,0.000000000000000000e+00
8.032007875575918376e+01,0.000000000000000000e+00
8.034794237780496928e+01,0.000000000000000000e+00
8.058229407334542316e+01,0.000000000000000000e+00
8.197388425061356543e+01,0.000000000000000000e+00
7.960933943879966534e+01,0.000000000000000000e+00
8.030592253173338690e+01,0.000000000000000000e+00
7.978898702922529651e+01,0.000000000000000000e+00
8.001393836947561056e+01,0.000000000000000000e+00
8.206095170040580911e+01,0.000000000000000000e+00
8.064433579735421631e+01,0.000000000000000000e+00
7.885196969454604243e+01,0.000000000000000000e+00
7.945768903776060199e+01,0.000000000000000000e+00
7.758136522910085375e+01,0.000000000000000000e+00
7.727644006381221686e+01,0.000000000000000000e+00
8.138328543542669991e+01,0.000000000000000000e+00
7.771863351870290160e+01,0.000000000000000000e+00
8.005347511311332198e+01,0.000000000000000000e+00
8.028036486954293593e+01,0.000000000000000000e+00
7.958497709859247493e+01,0.000000000000000000e+00
8.294684101192079595e+01,0.000000000000000000e+00
7.825179530661374372e+01,0.000000000000000000e+00
7.784961513500959995e+01,0.000000000000000000e+00
8.094994565936434583e+01,0.000000000000000000e+00
8.229226679826328450e+01,0.000000000000000000e+00
8.062348185165615178e+01,0.000000000000000000e+00
8.186238841053339854e+01,0.000000000000000000e+00
7.728239599613945643e+01,0.000000000000000000e+00
7.853878337966385459e+01,0.000000000000000000e+00
7.941404434982163707e+01,0.000000000000000000e+00
8.152200747294639882e+01,0.000000000000000000e+00
8.077692694437135401e+01,0.000000000000000000e+00
7.934312030248963765e+01,0.000000000000000000e+00
3.168591635322696831e+01,0.000000000000000000e+00
3.411026842641380341e+01,0.000000000000000000e+00
3.161250997496121684e+01,0.000000000000000000e+00
3.231157393142144230e+01,0.000000000000000000e+00
3.486489286336471594e+01,0.000000000000000000e+00
3.274761505609478718e+01,0.000000000000000000e+00
3.458631768318934974e+01,0.000000000000000000e+00
3.336338564895034864e+01,0.000000000000000000e+00
3.050647912844059917e+01,0.000000000000000000e+00
2.945306158262083329e+01,0.000000000000000000e+00
3.320541608264734634e+01,0.000000000000000000e+00
3.471625119091655165e+01,0.000000000000000000e+00
2.076457978784093328e+01,0.000000000000000000e+00
2.183816255668897810e+01,0.000000000000000000e+00
2.203957388642601956e+01,0.000000000000000000e+00
2.013656718462661033e+01,0.000000000000000000e+00
2.402193736518287892e+01,0.000000000000000000e+00
2.494390545342966448e+01,0.000000000000000000e+00
2.199491088287732410e+01,0.000000000000000000e+00
2.259569451408919250e+01,0.000000000000000000e+00
2.312920186140679490e+01,0.000000000000000000e+00
2.341310589585290813e+01,0.000000000000000000e+00
2.287727924534403456e+01,0.000000000000000000e+00
1.974045251289243197e+01,0.000000000000000000e+00
1.994707979813214749e+01,0.000000000000000000e+00
2.018600581871855582e+01,0.000000000000000000e+00
1.736116668538183561e+01,0.000000000000000000e+00
1.922780470855641965e+01,0.000000000000000000e+00
1.721924127549670303e+01,0.000000000000000000e+00
2.188610042057863936e+01,0.000000000000000000e+00
1.930457039512855033e+01,0.000000000000000000e+00
2.221253729310920022e+01,0.000000000000000000e+00
2.246424020912083463e+01,0.000000000000000000e+00
2.211184103133709655e+01,0.000000000000000000e+00
2.339356693842905344e+01,0.000000000000000000e+00
2.113482067842875978e+01,0.000000000000000000e+00
1.923338338932264335e+01,0.000000000000000000e+00
2.128470687317047449e+01,0.000000000000000000e+00
2.112599476928140163e+01,0.000000000000000000e+00
1.814617184746976264e+01,0.000000000000000000e+00
2.103593004691291313e+01,0.000000000000000000e+00
2.104464592462552730e+01,0.000000000000000000e+00
2.099952029121099173e+01,0.000000000000000000e+00
1.935238573818001129e+01,0.000000000000000000e+00
1.971606265036199446e+01,0.000000000000000000e+00
1.921301228603316247e+01,0.000000000000000000e+00
1.805411034585664964e+01,0.000000000000000000e+00
1.938775043938963094e+01,0.000000000000000000e+00
1.932783650571217393e+01,0.000000000000000000e+00
2.335830493578177069e+01,0.000000000000000000e+00
2.071941703536078450e+01,0.000000000000000000e+00
1.779631219830668698e+01,0.000000000000000000e+00
1.916096594445160051e+01,0.000000000000000000e+00
2.027657518967370720e+01,0.000000000000000000e+00
1.990108319891967525e+01,0.000000000000000000e+00
1.729513512019742194e+01,0.000000000000000000e+00
1.947934262545514628e+01,0.000000000000000000e+00
1.880346831276577291e+01,0.000000000000000000e+00
2.308105221360451864e+01,0.000000000000000000e+00
2.084382440079156140e+01,0.000000000000000000e+00
2.245834785206819717e+01,0.000000000000000000e+00
2.115831241480969283e+01,0.000000000000000000e+00
2.073380427951618188e+01,0.000000000000000000e+00
1.866931885243965539e+01,0.000000000000000000e+00
1.896323706160092826e+01,0.000000000000000000e+00
1.915873522221383851e+01,0.000000000000000000e+00
2.094140354411785765e+01,0.000000000000000000e+00
1.899634012820614615e+01,0.000000000000000000e+00
2.093067190555753854e+01,0.000000000000000000e+00
1.729315306655365703e+01,0.000000000000000000e+00
1.555916903807457530e+01,0.000000000000000000e+00
2.429422209550460465e+01,0.000000000000000000e+00
2.166407224433036660e+01,0.000000000000000000e+00
2.158893963405770222e+01,0.000000000000000000e+00
2.044598760839020457e+01,0.000000000000000000e+00
2.279979912220327520e+01,0.000000000000000000e+00
1.900720649187298505e+01,0.000000000000000000e+00
1.767524346735156371e+01,0.000000000000000000e+00
2.171433398389551073e+01,0.000000000000000000e+00
2.097950917642787161e+01,0.000000000000000000e+00
2.033629149477048159e+01,0.000000000000000000e+00
2.306540824899650133e+01,0.000000000000000000e+00
1.987983502502325450e+01,0.000000000000000000e+00
2.230718697251282379e+01,0.000000000000000000e+00
2.188679552412571994e+01,0.000000000000000000e+00
1.664762774641455678e+01,0.000000000000000000e+00
1.959423743315568700e+01,0.000000000000000000e+00
1.822303414046984926e+01,0.000000000000000000e+00
2.267167866273240051e+01,0.000000000000000000e+00
2.256889771717930770e+01,0.000000000000000000e+00
2.096176823864752237e+01,0.000000000000000000e+00
1.979855740371607098e+01,0.000000000000000000e+00
1.774417639102569666e+01,0.000000000000000000e+00
1.985355086424446469e+01,0.000000000000000000e+00
1.884415309819329210e+01,0.000000000000000000e+00
2.266714905162161386e+01,0.000000000000000000e+00
1.827548556575606398e+01,0.000000000000000000e+00
1.635314637618984790e+01,0.000000000000000000e+00
1.804684904611856311e+01,0.000000000000000000e+00
1.782643072770713388e+01,0.000000000000000000e+00
1.928516356946800414e+01,0.000000000000000000e+00
2.186246536422046205e+01,0.000000000000000000e+00
2.037323419883488640e+01,0.000000000000000000e+00
1.907888540071884265e+01,0.000000000000000000e+00
2.031913106121952239e+01,0.000000000000000000e+00
2.293689856298961161e+01,0.000000000000000000e+00
2.046722840470434335e+01,0.000000000000000000e+00
2.131718525335081438e+01,0.000000000000000000e+00
2.016591262408831042e+01,0.000000000000000000e+00
2.137632052879235900e+01,0.000000000000000000e+00
2.376522971648948968e+01,0.000000000000000000e+00
2.371577623160006709e+01,0.000000000000000000e+00
1.808203086882551602e+01,0.000000000000000000e+00
2.159090229600232291e+01,0.000000000000000000e+00
1.843074773714441861e+01,0.000000000000000000e+00
2.124167976380989131e+01,0.000000000000000000e+00
2.069288267334070142e+01,0.000000000000000000e+00
1.788071329162197998e+01,0.000000000000000000e+00
2.324814208926133219e+01,0.000000000000000000e+00
1.820157247171343684e+01,0.000000000000000000e+00
2.024835213382137056e+01,0.000000000000000000e+00
1.708024878826382675e+01,0.000000000000000000e+00
2.007756686435028470e+01,0.000000000000000000e+00
1.660273179086587803e+01,0.000000000000000000e+00
2.059363687094004547e+01,0.000000000000000000e+00
1.468600465886927964e+01,0.000000000000000000e+00
2.189802546405101680e+01,0.000000000000000000e+00
2.124879635902273023e+01,0.000000000000000000e+00
2.045226653415026163e+01,0.000000000000000000e+00
2.080184680125067587e+01,0.000000000000000000e+00
2.022195557529091303e+01,0.000000000000000000e+00
2.058409163957315968e+01,0.000000000000000000e+00
2.032831217143018421e+01,0.000000000000000000e+00
1.867088760628042010e+01,0.000000000000000000e+00
1.637583861347071235e+01,0.000000000000000000e+00
1.914767209409682991e+01,0.000000000000000000e+00
1.910162677499469552e+01,0.000000000000000000e+00
2.329975197295215850e+01,0.000000000000000000e+00
1.942431223406530805e+01,0.000000000000000000e+00
1.929770337669452829e+01,0.000000000000000000e+00
1.775000355469398627e+01,0.000000000000000000e+00
1.834527386768287727e+01,0.000000000000000000e+00
2.112251047657914782e+01,0.000000000000000000e+00
2.234275516953220020e+01,0.000000000000000000e+00
1.795653570091783990e+01,0.000000000000000000e+00
2.000113737179994189e+01,0.000000000000000000e+00
1.942914733575112507e+01,0.000000000000000000e+00
2.135559488365785441e+01,0.000000000000000000e+00
1.764545584868239203e+01,0.000000000000000000e+00
1.904786555255598657e+01,0.000000000000000000e+00
2.006472198053412015e+01,0.000000000000000000e+00
1.818650788557628317e+01,0.000000000000000000e+00
1.917870704477829946e+01,0.000000000000000000e+00
2.002288167069545466e+01,0.000000000000000000e+00
1.725030584571701198e+01,0.000000000000000000e+00
2.062142397508875646e+01,0.000000000000000000e+00
2.097527892781385006e+01,0.000000000000000000e+00
1.605916728926426629e+01,0.000000000000000000e+00
2.029409277469221351e+01,0.000000000000000000e+00
1.987479374849340985e+01,0.000000000000000000e+00
2.082765123778971628e+01,0.000000000000000000e+00
1.923436950943439783e+01,0.000000000000000000e+00
2.080940648573408325e+01,0.000000000000000000e+00
2.178880593509844488e+01,0.000000000000000000e+00
2.187129060388152624e+01,0.000000000000000000e+00
1.967602670157185329e+01,0.000000000000000000e+00
2.183705708663145373e+01,0.000000000000000000e+00
1.932452682042431036e+01,0.000000000000000000e+00
1.959122401921050738e+01,0.000000000000000000e+00
1.881178731994458886e+01,0.000000000000000000e+00
2.026187754298484123e+01,0.000000000000000000e+00
2.330911389996461480e+01,0.000000000000000000e+00
2.075709007554551988e+01,0.000000000000000000e+00
2.496463605041665090e+01,0.000000000000000000e+00
2.184078075373725270e+01,0.000000000000000000e+00
2.381872956905167271e+01,0.000000000000000000e+00
1.571789619997476706e+01,0.000000000000000000e+00
2.230465682376545189e+01,0.000000000000000000e+00
1.732322331852619257e+01,0.000000000000000000e+00
2.311150595606836688e+01,0.000000000000000000e+00
6.868161561948598148e+01,0.000000000000000000e+00
7.191859130491289420e+01,0.000000000000000000e+00
6.854585026763398048e+01,0.000000000000000000e+00
6.941380214413645433e+01,0.000000000000000000e+00
7.314136616575986238e+01,0.000000000000000000e+00
6.497282352986042042e+01,0.000000000000000000e+00
6.824643430415501655e+01,0.000000000000000000e+00
6.967636218533442616e+01,0.000000000000000000e+00
7.042275093814882325e+01,0.000000000000000000e+00
7.046274223998926800e+01,0.000000000000000000e+00
6.467135871197669417e+01,0.000000000000000000e+00
6.788715447066194031e+01,0.000000000000000000e+00
7.398533501563234438e+01,0.000000000000000000e+00
7.627354471787592161e+01,0.000000000000000000e+00
8.089132352335440146e+01,0.000000000000000000e+00
7.556998146142333894e+01,0.000000000000000000e+00
7.657511602327235778e+01,0.000000000000000000e+00
7.679202397544121084e+01,0.000000000000000000e+00
7.655099737816637173e+01,0.000000000000000000e+00
7.806336687363963733e+01,0.000000000000000000e+00
8.233902506557386403e+01,0.000000000000000000e+00
8.081166429576545340e+01,0.000000000000000000e+00
7.511666196193998246e+01,0.000000000000000000e+00
7.766962181325895642e+01,0.000000000000000000e+00
8.061710530407330566e+01,0.000000000000000000e+00
8.153267947621240808e+01,0.000000000000000000e+00
7.568869994234843546e+01,0.000000000000000000e+00
7.759786522662629693e+01,0.000000000000000000e+00
7.963215799506949111e+01,0.000000000000000000e+00
7.738782684790238875e+01,0.000000000000000000e+00
8.067143283910000662e+01,0.000000000000000000e+00
7.767246508709591524e+01,0.000000000000000000e+00
8.189212197409405292e+01,0.000000000000000000e+00
7.840486991479612300e+01,0.000000000000000000e+00
7.976548182275793408e+01,0.000000000000000000e+00
8.161510405734075846e+01,0.000000000000000000e+00
8.162748161662862856e+01,0.000000000000000000e+00
8.127721729522143335e+01,0.000000000000000000e+00
8.085185593379506486e+01,0.000000000000000000e+00
7.570150472474989556e+01,0.000000000000000000e+00
7.599020107758538245e+01,0.000000000000000000e+00
7.679127994691492631e+01,0.000000000000000000e+00
8.108513049141970441e+01,0.000000000000000000e+00
7.705624728453412331e+01,0.000000000000000000e+00
8.138365408384314037e+01,0.000000000000000000e+00
7.792992015868148314e+01,0.000000000000000000e+00
8.326993569855285671e+01,0.000000000000000000e+00
7.803875182816722145e+01,0.000000000000000000e+00
8.027973559072199805e+01,0.000000000000000000e+00
8.035548690307601305e+01,0.000000000000000000e+00
7.899244741871947895e+01,0.000000000000000000e+00
7.964416404212089162e+01,0.000000000000000000e+00
7.863611391122084626e+01,0.000000000000000000e+00
8.145921305636703380e+01,0.000000000000000000e+00
7.758037425736250725e+01,0.000000000000000000e+00
7.937296849947533417e+01,0.000000000000000000e+00
7.882058904430073198e+01,0.000000000000000000e+00
7.667590974680764759e+01,0.000000000000000000e+00
8.288777615470317528e+01,0.000000000000000000e+00
8.230890955500574080e+01,0.000000000000000000e+00
7.983919015668344343e+01,0.000000000000000000e+00
8.108691112841177073e+01,0.000000000000000000e+00
7.906011750209991362e+01,0.000000000000000000e+00
7.906423035413344280e+01,0.000000000000000000e+00
7.875185165070975302e+01,0.000000000000000000e+00
8.029184852329255762e+01,0.000000000000000000e+00
8.162346343926654413e+01,0.000000000000000000e+00
7.702044172214706919e+01,0.000000000000000000e+00
8.000883600098258341e+01,0.000000000000000000e+00
8.371270171466731824e+01,0.000000000000000000e+00
8.217937205263372391e+01,0.000000000000000000e+00
7.901671625378369868e+01,0.000000000000000000e+00
7.907180862569131818e+01,0.000000000000000000e+00
7.731906443170387888e+01,0.000000000000000000e+00
7.986363743300199758e+01,0.000000000000000000e+00
7.968859829957888508e+01,0.000000000000000000e+00
7.981360928945868238e+01,0.000000000000000000e+00
8.381321608123273847e+01,0.000000000000000000e+00
8.192092296059837508e+01,0.000000000000000000e+00
8.101951515916105961e+01,0.000000000000000000e+00
7.792660940098747346e+01,0.000000000000000000e+00
8.103944080013712892e+01,0.000000000000000000e+00
7.672496907115544218e+01,0.000000000000000000e+00
7.661604039260107868e+01,0.000000000000000000e+00
7.952186632754479945e+01,0.000000000000000000e+00
8.339401289461551414e+01,0.000000000000000000e+00
8.049012115899627418e+01,0.000000000000000000e+00
8.015439090944072120e+01,0.000000000000000000e+00
8.164622615945303608e+01,0.000000000000000000e+00
8.028364568530624013e+01,0.000000000000000000e+00
7.843926347688932310e+01,0.000000000000000000e+00
8.180584273004278373e+01,0.000000000000000000e+00
7.765039529485866865e+01,0.000000000000000000e+00
7.699501202327476790e+01,0.000000000000000000e+00
8.029412172557850624e+01,0.000000000000000000e+00
8.069092719007781511e+01,0.000000000000000000e+00
7.861796564712487623e+01,0.000000000000000000e+00
8.058618366844937952e+01,0.000000000000000000e+00
7.978185253366048357e+01,0.000000000000000000e+00
7.917790875008824969e+01,0.000000000000000000e+00
7.983683251021895444e+01,0.000000000000000000e+00
8.252638714215866855e+01,0.000000000000000000e+00
7.832385211251890667e+01,0.000000000000000000e+00
8.302050209952713544e+01,0.000000000000000000e+00
8.201401657901807596e+01,0.000000000000000000e+00
8.032310197483791114e+01,0.000000000000000000e+00
7.939126802215601231e+01,0.000000000000000000e+00
7.887967369534759143e+01,0.000000000000000000e+00
3.143131610842998569e+01,0.000000000000000000e+00
3.376425032599372145e+01,0.000000000000000000e+00
3.238103434929308122e+01,0.000000000000000000e+00
3.190627473647414902e+01,0.000000000000000000e+00
3.116058421436931880e+01,0.000000000000000000e+00
3.208953284355163049e+01,0.000000000000000000e+00
3.148328925298672232e+01,0.000000000000000000e+00
3.180552015017728706e+01,0.000000000000000000e+00
3.533694040600005337e+01,0.000000000000000000e+00
3.193691875280046588e+01,0.000000000000000000e+00
3.287250003475227800e+01,0.000000000000000000e+00
2.984381545993996099e+01,0.000000000000000000e+00
2.058282435436797897e+01,0.000000000000000000e+00
2.389035298523583606e+01,0.000000000000000000e+00
2.175865503107209165e+01,0.000000000000000000e+00
2.404690704506390375e+01,0.000000000000000000e+00
2.322727093075994276e+01,0.000000000000000000e+00
2.461589065485868844e+01,0.000000000000000000e+00
2.202884873651016306e+01,0.000000000000000000e+00
1.888818151173568438e+01,0.000000000000000000e+00
2.103074032107574709e+01,0.000000000000000000e+00
2.070308172711190409e+01,0.000000000000000000e+00
2.048828947517249333e+01,0.000000000000000000e+00
2.304612676686691586e+01,0.000000000000000000e+00
1.782029423314261862e+01,0.000000000000000000e+00
2.040642130864532433e+01,0.000000000000000000e+00
2.113302324664880771e+01,0.000000000000000000e+00
1.941609264768618459e+01,0.000000000000000000e+00
1.565380836448500368e+01,0.000000000000000000e+00
2.165665332644725183e+01,0.000000000000000000e+00
1.953357809044361559e+01,0.000000000000000000e+00
2.028948001618188712e+01,0.000000000000000000e+00
2.317993790981777380e+01,0.000000000000000000e+00
1.772071782353233260e+01,0.000000000000000000e+00
1.964573370262401397e+01,0.000000000000000000e+00
2.294306388558882759e+01,0.000000000000000000e+00
1.955161718975234919e+01,0.000000000000000000e+00
2.362551164710986029e+01,0.000000000000000000e+00
2.264840635370693889e+01,0.000000000000000000e+00
2.252860661394319308e+01,0.000000000000000000e+00
2.013109134582227355e+01,0.000000000000000000e+00
1.824256848842460599e+01,0.000000000000000000e+00
1.851024346592600622e+01,0.000000000000000000e+00
1.834288209931963110e+01,0.000000000000000000e+00
2.274092762375277132e+01,0.000000000000000000e+00
1.943454542231101101e+01,0.000000000000000000e+00
2.127143422282669860e+01,0.000000000000000000e+00
2.224421633276142529e+01,0.000000000000000000e+00
2.023935216053923014e+01,0.000000000000000000e+00
1.996631291494503913e+01,0.000000000000000000e+00
2.040561284942859999e+01,0.000000000000000000e+00
1.858994954851828751e+01,0.000000000000000000e+00
1.667724696902989123e+01,0.000000000000000000e+00
2.031987567315350063e+01,0.000000000000000000e+00
2.171038431270008218e+01,0.000000000000000000e+00
2.199974833624937531e+01,0.000000000000000000e+00
1.927425591327364174e+01,0.000000000000000000e+00
2.071306489921326843e+01,0.000000000000000000e+00
1.655836711998853872e+01,0.000000000000000000e+00
1.862345179133400563e+01,0.000000000000000000e+00
1.879259998275799859e+01,0.000000000000000000e+00
2.064079704755952704e+01,0.000000000000000000e+00
1.912893627636606197e+01,0.000000000000000000e+00
1.822621477908673171e+01,0.000000000000000000e+00
2.034786913441162781e+01,0.000000000000000000e+00
1.990281992835298297e+01,0.000000000000000000e+00
2.074175037516652509e+01,0.000000000000000000e+00
2.097286614873682709e+01,0.000000000000000000e+00
1.864091376125636401e+01,0.000000000000000000e+00
2.008007893824335710e+01,0.000000000000000000e+00
1.859136098077810573e+01,0.000000000000000000e+00
2.010088338888284909e+01,0.000000000000000000e+00
1.804966890751476782e+01,0.000000000000000000e+00
1.760444606660619016e+01,0.000000000000000000e+00
2.180830370214437508e+01,0.000000000000000000e+00
1.989382517883243651e+01,0.000000000000000000e+00
1.970920166455566402e+01,0.000000000000000000e+00
1.759605665180442102e+01,0.000000000000000000e+00
1.760279389135443395e+01,0.000000000000000000e+00
2.064982055144380624e+01,0.000000000000000000e+00
2.074567769212548995e+01,0.000000000000000000e+00
1.978736231534296053e+01,0.000000000000000000e+00
2.237646012429018683e+01,0.000000000000000000e+00
2.014460568236372495e+01,0.000000000000000000e+00
2.317056498256334507e+01,0.000000000000000000e+00
1.573244799332998056e+01,0.000000000000000000e+00
1.940701180731768716e+01,0.000000000000000000e+00
2.159475400576150861e+01,0.000000000000000000e+00
1.495560608252326418e+01,0.000000000000000000e+00
2.173943648814125496e+01,0.000000000000000000e+00
1.792103554049159087e+01,0.000000000000000000e+00
1.580282406389391880e+01,0.000000000000000000e+00
1.870497858135565394e+01,0.000000000000000000e+00
2.404177453027969946e+01,0.000000000000000000e+00
2.118029396528356401e+01,0.000000000000000000e+00
1.697547756035682553e+01,0.000000000000000000e+00
2.103137570877873230e+01,0.000000000000000000e+00
2.609585251815936502e+01,0.000000000000000000e+00
1.834774216957980641e+01,0.000000000000000000e+00
1.653616726824369110e+01,0.000000000000000000e+00
2.132599503207536529e+01,0.000000000000000000e+00
2.378914841202719188e+01,0.000000000000000000e+00
1.701645913266327170e+01,0.000000000000000000e+00
2.123525862827808908e+01,0.000000000000000000e+00
1.688807988167608443e+01,0.000000000000000000e+00
2.040545451223667328e+01,0.000000000000000000e+00
1.903820652335116748e+01,0.000000000000000000e+00
2.018004104585816094e+01,0.000000000000000000e+00
2.195647190236170943e+01,0.000000000000000000e+00
1.675706965959905048e+01,0.000000000000000000e+00
1.895544688297263036e+01,0.000000000000000000e+00
1.760019852735658930e+01,0.000000000000000000e+00
2.357066245536686466e+01,0.000000000000000000e+00
1.747651928145317157e+01,0.000000000000000000e+00
1.939836356101546855e+01,0.000000000000000000e+00
2.148413414958135448e+01,0.000000000000000000e+00
2.022251817946727570e+01,0.000000000000000000e+00
2.057870179085846729e+01,0.000000000000000000e+00
2.117422722414388403e+01,0.000000000000000000e+00
1.897562933125574958e+01,0.000000000000000000e+00
1.937092937296480599e+01,0.000000000000000000e+00
1.988959429629607101e+01,0.000000000000000000e+00
2.097792498594660060e+01,0.000000000000000000e+00
1.825868842997757824e+01,0.000000000000000000e+00
2.152827364390313747e+01,0.000000000000000000e+00
1.650109736734942700e+01,0.000000000000000000e+00
2.278614924099473171e+01,0.000000000000000000e+00
2.180914369331190983e+01,0.000000000000000000e+00
2.115646827579655920e+01,0.000000000000000000e+00
1.970185648380449095e+01,0.000000000000000000e+00
2.240232232527105083e+01,0.000000000000000000e+00
1.861494091009667429e+01,0.000000000000000000e+00
2.070872085400734974e+01,0.000000000000000000e+00
2.057878553348243855e+01,0.000000000000000000e+00
1.867338380672991960e+01,0.000000000000000000e+00
1.734407685763027018e+01,0.000000000000000000e+00
1.974145304924879696e+01,0.000000000000000000e+00
1.666609503874857268e+01,0.000000000000000000e+00
2.323277149101619088e+01,0.000000000000000000e+00
1.824811781075403871e+01,0.000000000000000000e+00
2.259673274146914679e+01,0.000000000000000000e+00
1.756711246140343263e+01,0.000000000000000000e+00
1.800938091214366921e+01,0.000000000000000000e+00
1.737128393228989864e+01,0.000000000000000000e+00
1.973643516402374587e+01,0.000000000000000000e+00
1.982672199210432140e+01,0.000000000000000000e+00
2.429648747623136629e+01,0.000000000000000000e+00
1.981353992488258697e+01,0.000000000000000000e+00
1.986678673890848046e+01,0.000000000000000000e+00
2.037283390497316304e+01,0.000000000000000000e+00
2.077254254609432138e+01,0.000000000000000000e+00
2.019832837778769274e+01,0.000000000000000000e+00
2.011196026167182183e+01,0.000000000000000000e+00
1.950448166406744832e+01,0.000000000000000000e+00
2.370879258287203228e+01,0.000000000000000000e+00
1.672192943598739490e+01,0.000000000000000000e+00
2.254513280069188141e+01,0.000000000000000000e+00
2.291135870563167032e+01,0.000000000000000000e+00
1.841305867763414383e+01,0.000000000000000000e+00
2.052347543627080384e+01,0.000000000000000000e+00
1.557362497777651633e+01,0.000000000000000000e+00
2.158558792133716153e+01,0.000000000000000000e+00
1.629458243248981475e+01,0.000000000000000000e+00
1.834557352101956340e+01,0.000000000000000000e+00
1.767941458574195579e+01,0.000000000000000000e+00
2.069425994214030240e+01,0.000000000000000000e+00
1.803934687617584132e+01,0.000000000000000000e+00
1.811872991279302880e+01,0.000000000000000000e+00
2.058505876881151764e+01,0.000000000000000000e+00
2.066174277237093904e+01,0.000000000000000000e+00
1.953547578947407004e+01,0.000000000000000000e+00
2.159170353471911596e+01,0.000000000000000000e+00
1.876658490783939115e+01,0.000000000000000000e+00
2.280145727834633718e+01,0.000000000000000000e+00
2.153456881384527577e+01,0.000000000000000000e+00
2.518120202128353213e+01,0.000000000000000000e+00
2.121680832816484497e+01,0.000000000000000000e+00
1.786538557275587635e+01,0.000000000000000000e+00
1.827594554197085586e+01,0.000000000000000000e+00
1.935361656244391426e+01,0.000000000000000000e+00
6.471896765199691970e+01,0.000000000000000000e+00
7.095813885937083398e+01,0.000000000000000000e+00
7.104202380050085708e+01,0.000000000000000000e+00
6.625948993220774241e+01,0.000000000000000000e+00
6.826435562843616367e+01,0.000000000000000000e+00
6.806701460067250764e+01,0.000000000000000000e+00
6.651688786762682071e+01,0.000000000000000000e+00
6.542558750630772124e+01,0.000000000000000000e+00
7.133858700112058671e+01,0.000000000000000000e+00
6.700826968592586752e+01,0.000000000000000000e+00
6.388483021592189459e+01,0.000000000000000000e+00
6.823168991095708691e+01,0.000000000000000000e+00
7.658208521282580250e+01,0.000000000000000000e+00
8.149161842320265237e+01,0.000000000000000000e+00
7.888882512175000272e+01,0.000000000000000000e+00
7.765113916334038890e+01,0.000000000000000000e+00
7.626568799180354574e+01,0.000000000000000000e+00
8.012144040520379917e+01,0.000000000000000000e+00
7.869002832889630383e+01,0.000000000000000000e+00
7.687992823656142605e+01,0.000000000000000000e+00
7.455725772764634485e+01,0.000000000000000000e+00
7.895172511860521070e+01,0.000000000000000000e+00
7.628102243711072106e+01,0.000000000000000000e+00
8.119695652354040760e+01,0.000000000000000000e+00
7.784273700765362491e+01,0.000000000000000000e+00
8.105795529537563482e+01,0.000000000000000000e+00
8.082326474190766419e+01,0.000000000000000000e+00
7.620893722425439876e+01,0.000000000000000000e+00
7.554471315876277515e+01,0.000000000000000000e+00
7.773985972140927458e+01,0.000000000000000000e+00
8.101378855825009850e+01,0.000000000000000000e+00
8.217411036718972639e+01,0.000000000000000000e+00
7.764686937919181275e+01,0.000000000000000000e+00
7.918968935961241584e+01,0.000000000000000000e+00
7.991477425006260660e+01,0.000000000000000000e+00
8.077181807275034942e+01,0.000000000000000000e+00
8.181064202062579227e+01,0.000000000000000000e+00
7.862119358900122279e+01,0.000000000000000000e+00
7.960703906497847981e+01,0.000000000000000000e+00
8.092015809452188080e+01,0.000000000000000000e+00
8.018465932287016074e+01,0.000000000000000000e+00
7.957284539130922951e+01,0.000000000000000000e+00
8.073458359450083321e+01,0.000000000000000000e+00
8.292795834743756700e+01,0.000000000000000000e+00
8.039339596081411798e+01,0.000000000000000000e+00
7.643216779319216414e+01,0.000000000000000000e+00
8.213953605220825693e+01,0.000000000000000000e+00
7.580933267367565520e+01,0.000000000000000000e+00
7.863730458972614201e+01,0.000000000000000000e+00
8.272499097489327369e+01,0.000000000000000000e+00
8.116176115262882718e+01,0.000000000000000000e+00
7.917487654175386069e+01,0.000000000000000000e+00
7.873506918044598990e+01,0.000000000000000000e+00
8.199054353211843704e+01,0.000000000000000000e+00
8.056955557744858254e+01,0.000000000000000000e+00
7.933430473475540623e+01,0.000000000000000000e+00
8.191443972118506167e+01,0.000000000000000000e+00
7.640058972155580364e+01,0.000000000000000000e+00
7.547439583675944164e+01,0.000000000000000000e+00
7.924488989107183556e+01,0.000000000000000000e+00
7.972117430644080116e+01,0.000000000000000000e+00
7.801043882482738923e+01,0.000000000000000000e+00
7.974738680131308399e+01,0.000000000000000000e+00
7.631269817402389322e+01,0.000000000000000000e+00
7.948245304892482466e+01,0.000000000000000000e+00
8.298257384158767991e+01,0.000000000000000000e+00
8.077136789525219740e+01,0.000000000000000000e+00
8.332692854308061214e+01,0.000000000000000000e+00
8.316240317661194581e+01,0.000000000000000000e+00
8.271715877571847386e+01,0.000000000000000000e+00
8.269826345186679362e+01,0.000000000000000000e+00
8.076821837420474992e+01,0.000000000000000000e+00
7.586044295131152637e+01,0.000000000000000000e+00
8.146193781252004840e+01,0.000000000000000000e+00
7.897065611179272082e+01,0.000000000000000000e+00
7.978808862664827473e+01,0.000000000000000000e+00
8.167233647265327079e+01,0.000000000000000000e+00
8.353662272315938253e+01,0.000000000000000000e+00
7.771493839549361837e+01,0.000000000000000000e+00
8.178772313420756745e+01,0.000000000000000000e+00
7.973568421774601234e+01,0.000000000000000000e+00
8.147343953729514965e+01,0.000000000000000000e+00
8.107650921823430679e+01,0.000000000000000000e+00
7.662212216743164106e+01,0.000000000000000000e+00
8.266285186653806250e+01,0.000000000000000000e+00
7.980330715295201571e+01,0.000000000000000000e+00
8.046573951935599212e+01,0.000000000000000000e+00
7.770226536126280337e+01,0.000000000000000000e+00
8.056528325824719161e+01,0.000000000000000000e+00
7.991690530106833990e+01,0.000000000000000000e+00
8.024979639589223268e+01,0.000000000000000000e+00
7.795466231546416225e+01,0.000000000000000000e+00
7.931986809736876864e+01,0.000000000000000000e+00
8.256671179083636503e+01,0.000000000000000000e+00
7.605396647491298268e+01,0.000000000000000000e+00
8.054648634389792505e+01,0.000000000000000000e+00
7.956630882191628018e+01,0.000000000000000000e+00
7.643661571049092629e+01,0.000000000000000000e+00
8.148176648592996685e+01,0.000000000000000000e+00
8.285158326848360844e+01,0.000000000000000000e+00
8.001199426004757242e+01,0.000000000000000000e+00
8.202287156270291746e+01,0.000000000000000000e+00
7.837310128819218846e+01,0.000000000000000000e+00
8.357898309624548006e+01,0.000000000000000000e+00
7.996252691492919951e+01,0.000000000000000000e+00
7.378921739216380615e+01,0.000000000000000000e+00
8.191364623448052384e+01,0.000000000000000000e+00
7.962082948456061615e+01,0.000000000000000000e+00
3.347654285589734258e+01,0.000000000000000000e+00
3.154557870996705660e+01,0.000000000000000000e+00
3.482169907868281200e+01,0.000000000000000000e+00
3.076260105371618181e+01,0.000000000000000000e+00
3.526455973526345389e+01,0.000000000000000000e+00
2.977943711751007783e+01,0.000000000000000000e+00
3.205204880558471103e+01,0.000000000000000000e+00
2.890831475882922774e+01,0.000000000000000000e+00
3.236313246607154781e+01,0.000000000000000000e+00
3.172458397546930087e+01,0.000000000000000000e+00
3.090094077818034179e+01,0.000000000000000000e+00
3.022742222934107303e+01,0.000000000000000000e+00
2.033120161613231147e+01,0.000000000000000000e+00
2.395576750730919358e+01,0.000000000000000000e+00
2.537671961419351163e+01,0.000000000000000000e+00
2.423465682269420540e+01,0.000000000000000000e+00
2.153706247386791617e+01,0.000000000000000000e+00
2.264978547444266255e+01,0.000000000000000000e+00
2.426913643245816843e+01,0.000000000000000000e+00
2.062211461012732627e+01,0.000000000000000000e+00
2.604688578541794186e+01,0.000000000000000000e+00
1.990352245267668252e+01,0.000000000000000000e+00
2.014879876687609439e+01,0.000000000000000000e+00
2.273814160348285185e+01,0.000000000000000000e+00
2.226898156450424437e+01,0.000000000000000000e+00
1.993175075054848833e+01,0.000000000000000000e+00
2.055106676588156844e+01,0.000000000000000000e+00
1.924030329345806933e+01,0.000000000000000000e+00
2.080012691655270274e+01,0.000000000000000000e+00
2.108140898740372648e+01,0.000000000000000000e+00
2.253210691218688666e+01,0.000000000000000000e+00
2.195419248212072461e+01,0.000000000000000000e+00
2.127279098178461680e+01,0.000000000000000000e+00
2.085412378765329322e+01,0.000000000000000000e+00
1.967531520965508562e+01,0.000000000000000000e+00
2.135995434379082880e+01,0.000000000000000000e+00
1.655250758418340951e+01,0.000000000000000000e+00
1.912358248038045261e+01,0.000000000000000000e+00
2.056395142151121647e+01,0.000000000000000000e+00
2.019325941406563274e+01,0.000000000000000000e+00
1.877918428408314355e+01,0.000000000000000000e+00
2.406444118354077943e+01,0.000000000000000000e+00
1.921772997905207347e+01,0.000000000000000000e+00
1.996267648075598089e+01,0.000000000000000000e+00
1.669849908795202609e+01,0.000000000000000000e+00
1.781938391230439223e+01,0.000000000000000000e+00
1.680428519532499365e+01,0.000000000000000000e+00
2.050105598643893856e+01,0.000000000000000000e+00
1.786226539063007834e+01,0.000000000000000000e+00
2.099796359664378187e+01,0.000000000000000000e+00
2.051396683031826740e+01,0.000000000000000000e+00
1.839631515847490562e+01,0.000000000000000000e+00
1.810416110165530057e+01,0.000000000000000000e+00
1.944055480573419104e+01,0.000000000000000000e+00
2.084810781913234479e+01,0.000000000000000000e+00
2.369269536509535357e+01,0.000000000000000000e+00
2.146120947470240381e+01,0.000000000000000000e+00
1.588079620573882167e+01,0.000000000000000000e+00
1.935447167075142261e+01,0.000000000000000000e+00
1.748350705506974379e+01,0.000000000000000000e+00
2.134102098852926943e+01,0.000000000000000000e+00
2.177518621249553021e+01,0.000000000000000000e+00
1.834618861044714677e+01,0.000000000000000000e+00
1.800901767452512559e+01,0.000000000000000000e+00
1.908179336225605738e+01,0.000000000000000000e+00
1.954070755821642180e+01,0.000000000000000000e+00
1.983946595458318640e+01,0.000000000000000000e+00
1.918543110998749768e+01,0.000000000000000000e+00
1.853967114890048506e+01,0.000000000000000000e+00
2.385519415287782152e+01,0.000000000000000000e+00
2.071239495369943029e+01,0.000000000000000000e+00
1.977653131577784507e+01,0.000000000000000000e+00
1.643690015995174036e+01,0.000000000000000000e+00
2.055189616242440209e+01,0.000000000000000000e+00
1.573870598592497672e+01,0.000000000000000000e+00
2.146198899768193513e+01,0.000000000000000000e+00
2.097119735516541894e+01,0.000000000000000000e+00
1.964969884451999604e+01,0.000000000000000000e+00
2.129574294092111941e+01,0.000000000000000000e+00
1.570343225479710725e+01,0.000000000000000000e+00
2.304663037568977657e+01,0.000000000000000000e+00
1.989215740064472016e+01,0.000000000000000000e+00
2.160922720079681270e+01,0.000000000000000000e+00
2.053027331384460297e+01,0.000000000000000000e+00
2.048741314982880724e+01,0.000000000000000000e+00
1.768907648540794852e+01,0.000000000000000000e+00
1.693138654542268640e+01,0.000000000000000000e+00
1.928942886356190556e+01,0.000000000000000000e+00
2.108588852660408719e+01,0.000000000000000000e+00
2.269766362751655819e+01,0.000000000000000000e+00
1.603931147104696109e+01,0.000000000000000000e+00
2.148454509384036726e+01,0.000000000000000000e+00
2.022593635054312600e+01,0.000000000000000000e+00
1.949841787461516773e+01,0.000000000000000000e+00
2.013615896800181915e+01,0.000000000000000000e+00
1.894628430693732568e+01,0.000000000000000000e+00
1.998712069342347775e+01,0.000000000000000000e+00
2.070901403336915791e+01,0.000000000000000000e+00
2.035654679464843042e+01,0.000000000000000000e+00
1.576038000055417854e+01,0.000000000000000000e+00
2.115540749462794423e+01,0.000000000000000000e+00
1.901850444591703138e+01,0.000000000000000000e+00
2.073643749421928817e+01,0.000000000000000000e+00
1.665994934537886252e+01,0.000000000000000000e+00
1.871609043580345499e+01,0.000000000000000000e+00
1.701985013745676412e+01,0.000000000000000000e+00
2.014533250114519447e+01,0.000000000000000000e+00
2.023850861713851046e+01,0.000000000000000000e+00
1.900670790710444535e+01,0.000000000000000000e+00
1.976399487347038431e+01,0.000000000000000000e+00
2.131664165952425449e+01,0.000000000000000000e+00
1.995702860954279245e+01,0.000000000000000000e+00
1.917439477346932719e+01,0.000000000000000000e+00
1.636862466716747733e+01,0.000000000000000000e+00
2.090291364253945972e+01,0.000000000000000000e+00
2.106117837430545592e+01,0.000000000000000000e+00
1.784450591555350485e+01,0.000000000000000000e+00
2.031214842988939040e+01,0.000000000000000000e+00
2.112858955287343576e+01,0.000000000000000000e+00
1.939029388055918091e+01,0.000000000000000000e+00
2.158616716856288775e+01,0.000000000000000000e+00
1.910152511021264843e+01,0.000000000000000000e+00
1.676408224216521958e+01,0.000000000000000000e+00
1.877512248405439621e+01,0.000000000000000000e+00
1.967369246592599907e+01,0.000000000000000000e+00
2.097018053570836216e+01,0.000000000000000000e+00
1.840166587863905789e+01,0.000000000000000000e+00
2.316653887546857504e+01,0.000000000000000000e+00
1.912520582968003069e+01,0.000000000000000000e+00
1.743771193397839880e+01,0.000000000000000000e+00
2.427602385885389680e+01,0.000000000000000000e+00
1.874615141808914487e+01,0.000000000000000000e+00
2.324347338508107796e+01,0.000000000000000000e+00
2.212574084153760623e+01,0.000000000000000000e+00
2.029122238367149933e+01,0.000000000000000000e+00
1.929778016113824179e+01,0.000000000000000000e+00
1.967279957949856595e+01,0.000000000000000000e+00
2.048662467162717959e+01,0.000000000000000000e+00
2.165451281540068607e+01,0.000000000000000000e+00
1.874445376345136438e+01,0.000000000000000000e+00
1.968925416736938416e+01,0.000000000000000000e+00
2.149979315758225695e+01,0.000000000000000000e+00
2.153591638876743630e+01,0.000000000000000000e+00
2.050184617623364502e+01,0.000000000000000000e+00
2.190711075600954416e+01,0.000000000000000000e+00
1.835743010150639165e+01,0.000000000000000000e+00
1.845540388048167912e+01,0.000000000000000000e+00
2.462296390096213372e+01,0.000000000000000000e+00
1.795626858468684617e+01,0.000000000000000000e+00
1.952061247479788975e+01,0.000000000000000000e+00
2.146409518179691389e+01,0.000000000000000000e+00
1.890015299612811006e+01,0.000000000000000000e+00
2.032398635034560641e+01,0.000000000000000000e+00
1.955230924672937221e+01,0.000000000000000000e+00
2.122717635438905859e+01,0.000000000000000000e+00
1.906563850135884053e+01,0.000000000000000000e+00
2.074183000851489922e+01,0.000000000000000000e+00
2.278471844850474781e+01,0.000000000000000000e+00
1.705179837547269273e+01,0.000000000000000000e+00
2.115911849304742276e+01,0.000000000000000000e+00
1.824597224622158009e+01,0.000000000000000000e+00
1.937127570932145559e+01,0.000000000000000000e+00
2.236747683493469552e+01,0.000000000000000000e+00
2.035394477328242502e+01,0.000000000000000000e+00
2.279385908045454201e+01,0.000000000000000000e+00
2.193911775801454667e+01,0.000000000000000000e+00
1.996172156327214253e+01,0.000000000000000000e+00
1.647078101808300943e+01,0.000000000000000000e+00
1.853727245809802326e+01,0.000000000000000000e+00
1.936281366218962319e+01,0.000000000000000000e+00
2.062425044002798913e+01,0.000000000000000000e+00
2.240846512222240960e+01,0.000000000000000000e+00
1.881470409317566350e+01,0.000000000000000000e+00
2.015764595063748388e+01,0.000000000000000000e+00
1.855516740682630683e+01,0.000000000000000000e+00
1.813997579185556575e+01,0.000000000000000000e+00
1.921406895141181792e+01,0.000000000000000000e+00
1.954182080348642003e+01,0.000000000000000000e+00
1.923143707708633698e+01,0.000000000000000000e+00
1.962630694202182013e+01,0.000000000000000000e+00
6.792405403658128193e+01,0.000000000000000000e+00
6.565806507689305249e+01,0.000000000000000000e+00
6.864466830264520070e+01,0.000000000000000000e+00
6.724000961353492301e+01,0.000000000000000000e+00
6.877230851504468490e+01,0.000000000000000000e+00
7.015229443749440463e+01,0.000000000000000000e+00
6.983164950413910788e+01,0.000000000000000000e+00
6.888068298499804598e+01,0.000000000000000000e+00
6.754253274835591014e+01,0.000000000000000000e+00
6.906829303388302321e+01,0.000000000000000000e+00
6.741666379700093614e+01,0.000000000000000000e+00
6.941404836129603950e+01,0.000000000000000000e+00
7.785647377119553880e+01,0.000000000000000000e+00
7.734998896277591030e+01,0.000000000000000000e+00
7.932267784145834355e+01,0.000000000000000000e+00
7.926665839746415543e+01,0.000000000000000000e+00
7.218789054196822974e+01,0.000000000000000000e+00
7.669898120676919007e+01,0.000000000000000000e+00
7.756479733349870287e+01,0.000000000000000000e+00
7.768054638594175287e+01,0.000000000000000000e+00
7.840881530655396148e+01,0.000000000000000000e+00
7.377749692818363769e+01,0.000000000000000000e+00
7.763040499194408994e+01,0.000000000000000000e+00
7.647905869016447866e+01,0.000000000000000000e+00
7.783912836233005805e+01,0.000000000000000000e+00
8.294227642416831259e+01,0.000000000000000000e+00
8.008326665590993798e+01,0.000000000000000000e+00
7.749292300272297496e+01,0.000000000000000000e+00
7.803017687658234536e+01,0.000000000000000000e+00
7.820314916594976751e+01,0.000000000000000000e+00
7.947374015479466891e+01,0.000000000000000000e+00
8.163211145110682310e+01,0.000000000000000000e+00
7.935039703980498871e+01,0.000000000000000000e+00
7.948669467491620821e+01,0.000000000000000000e+00
7.956798085732251025e+01,0.000000000000000000e+00
7.636311073398046290e+01,0.000000000000000000e+00
7.830113469197584664e+01,0.000000000000000000e+00
8.034575445102068159e+01,0.000000000000000000e+00
8.273760109087008630e+01,0.000000000000000000e+00
7.985582185610232386e+01,0.000000000000000000e+00
7.554262128352482364e+01,0.000000000000000000e+00
8.301013516739820375e+01,0.000000000000000000e+00
7.952675490753743759e+01,0.000000000000000000e+00
8.109906163906592269e+01,0.000000000000000000e+00
8.213895780376137168e+01,0.000000000000000000e+00
7.916909664932472879e+01,0.000000000000000000e+00
8.218729999516409634e+01,0.000000000000000000e+00
8.048326635663401873e+01,0.000000000000000000e+00
7.988460026029298433e+01,0.000000000000000000e+00
7.903055503461656883e+01,0.000000000000000000e+00
8.038809227523780976e+01,0.000000000000000000e+00
7.873666419063897592e+01,0.000000000000000000e+00
7.903501555764052000e+01,0.000000000000000000e+00
7.836031775334693350e+01,0.000000000000000000e+00
7.879047954735555948e+01,0.000000000000000000e+00
8.206907835896794268e+01,0.000000000000000000e+00
7.711415969760651024e+01,0.000000000000000000e+00
7.986231186748172206e+01,0.000000000000000000e+00
8.243277003136930148e+01,0.000000000000000000e+00
8.298561397575669218e+01,0.000000000000000000e+00
7.875149389843386416e+01,0.000000000000000000e+00
8.039960381450961791e+01,0.000000000000000000e+00
7.839393410405494933e+01,0.000000000000000000e+00
8.011614618070704807e+01,0.000000000000000000e+00
8.330438414801145086e+01,0.000000000000000000e+00
7.858415493243462890e+01,0.000000000000000000e+00
7.735556777425269104e+01,0.000000000000000000e+00
8.184525585221346944e+01,0.000000000000000000e+00
7.856967391888194641e+01,0.000000000000000000e+00
7.756924386753118483e+01,0.000000000000000000e+00
8.175284287598209687e+01,0.000000000000000000e+00
7.678922100858569877e+01,0.000000000000000000e+00
7.796470503375236660e+01,0.000000000000000000e+00
7.811777734618237901e+01,0.000000000000000000e+00
8.009930558514734855e+01,0.000000000000000000e+00
7.866613658528738995e+01,0.000000000000000000e+00
8.003917416094814996e+01,0.000000000000000000e+00
7.726767019712896456e+01,0.000000000000000000e+00
7.963183278939406762e+01,0.000000000000000000e+00
8.054801237999190278e+01,0.000000000000000000e+00
7.904420732653250070e+01,0.000000000000000000e+00
8.106700619836075816e+01,0.000000000000000000e+00
7.962581374416879498e+01,0.000000000000000000e+00
8.063212121279254063e+01,0.000000000000000000e+00
8.126476278156830801e+01,0.000000000000000000e+00
8.256986080288973540e+01,0.000000000000000000e+00
7.768960105175557374e+01,0.000000000000000000e+00
8.126961442745525233e+01,0.000000000000000000e+00
7.964121509177141434e+01,0.000000000000000000e+00
8.098089483731932603e+01,0.000000000000000000e+00
7.945354254016262985e+01,0.000000000000000000e+00
7.899587491561204899e+01,0.000000000000000000e+00
7.786523165920235101e+01,0.000000000000000000e+00
7.896355516118578066e+01,0.000000000000000000e+00
7.985859560637477728e+01,0.000000000000000000e+00
8.052937016633796929e+01,0.000000000000000000e+00
8.202354070150840926e+01,0.000000000000000000e+00
8.066547864985349747e+01,0.000000000000000000e+00
7.923455855560685279e+01,0.000000000000000000e+00
7.945342316196517629e+01,0.000000000000000000e+00
7.879625112818546029e+01,0.000000000000000000e+00
8.347401902048031275e+01,0.000000000000000000e+00
7.944273658433000662e+01,0.000000000000000000e+00
7.786451330034502405e+01,0.000000000000000000e+00
7.782291178406548227e+01,0.000000000000000000e+00
8.004749096772273731e+01,0.000000000000000000e+00
7.783222773991614929e+01,0.000000000000000000e+00
8.068848753303170440e+01,0.000000000000000000e+00
3.183370934028193489e+01,0.000000000000000000e+00
3.629963482544133768e+01,0.000000000000000000e+00
3.230872940766143131e+01,0.000000000000000000e+00
3.552596483201025279e+01,0.000000000000000000e+00
2.997684154283719593e+01,0.000000000000000000e+00
3.254421559540833186e+01,0.000000000000000000e+00
3.274681145471804200e+01,0.000000000000000000e+00
3.193866915121133943e+01,0.000000000000000000e+00
3.365190045058056967e+01,0.000000000000000000e+00
3.070176335584118377e+01,0.000000000000000000e+00
3.207999025740767252e+01,0.000000000000000000e+00
3.233607376438980197e+01,0.000000000000000000e+00
2.069152431045856133e+01,0.000000000000000000e+00
2.276438775389143387e+01,0.000000000000000000e+00
2.254546477581936159e+01,0.000000000000000000e+00
2.465057425107423228e+01,0.000000000000000000e+00
2.462273968515154365e+01,0.000000000000000000e+00
2.127833275702340643e+01,0.000000000000000000e+00
2.062094368844786629e+01,0.000000000000000000e+00
2.078089987341345335e+01,0.000000000000000000e+00
2.141230711153641764e+01,0.000000000000000000e+00
2.491296942466586373e+01,0.000000000000000000e+00
2.500702349628301135e+01,0.000000000000000000e+00
2.341158302810748282e+01,0.000000000000000000e+00
2.155414325362055195e+01,0.000000000000000000e+00
1.936504539423229332e+01,0.000000000000000000e+00
1.996094427795117454e+01,0.000000000000000000e+00
1.923231804218861640e+01,0.000000000000000000e+00
2.033744550187453370e+01,0.000000000000000000e+00
2.214055078752994277e+01,0.000000000000000000e+00
1.979699862857306414e+01,0.000000000000000000e+00
1.967490489866275638e+01,0.000000000000000000e+00
1.775438837852151863e+01,0.000000000000000000e+00
2.069585894906871459e+01,0.000000000000000000e+00
2.203941808909371503e+01,0.000000000000000000e+00
2.063864591652317060e+01,0.000000000000000000e+00
2.013149826416464450e+01,0.000000000000000000e+00
2.290738758723483670e+01,0.000000000000000000e+00
2.367072462459300652e+01,0.000000000000000000e+00
2.128126628965890532e+01,0.000000000000000000e+00
1.810959552106606196e+01,0.000000000000000000e+00
2.518778141534627224e+01,0.000000000000000000e+00
2.294424423366273302e+01,0.000000000000000000e+00
2.028069923963800392e+01,0.000000000000000000e+00
1.557816482253592127e+01,0.000000000000000000e+00
1.823848176170085367e+01,0.000000000000000000e+00
2.132315744330629670e+01,0.000000000000000000e+00
2.280326670875569661e+01,0.000000000000000000e+00
2.048452963333598120e+01,0.000000000000000000e+00
1.829568011284447593e+01,0.000000000000000000e+00
2.105045570943312683e+01,0.000000000000000000e+00
2.193210224809358166e+01,0.000000000000000000e+00
1.996105164053695447e+01,0.000000000000000000e+00
1.781460768312550158e+01,0.000000000000000000e+00
2.105379795146586375e+01,0.000000000000000000e+00
2.146112000492529148e+01,0.000000000000000000e+00
2.067007448089305299e+01,0.000000000000000000e+00
2.536198561711663757e+01,0.000000000000000000e+00
1.730237919980334027e+01,0.000000000000000000e+00
1.915812200308039692e+01,0.000000000000000000e+00
2.266006835525286789e+01,0.000000000000000000e+00
1.712585155364718759e+01,0.000000000000000000e+00
1.980248790229373412e+01,0.000000000000000000e+00
1.825771873881449281e+01,0.000000000000000000e+00
1.638259075826374556e+01,0.000000000000000000e+00
1.788838091626175597e+01,0.000000000000000000e+00
2.145069312886775137e+01,0.000000000000000000e+00
2.084704695838695088e+01,0.000000000000000000e+00
1.909107840783162402e+01,0.000000000000000000e+00
2.268001033863095017e+01,0.000000000000000000e+00
2.210168765767651422e+01,0.000000000000000000e+00
2.060566670437945902e+01,0.000000000000000000e+00
1.875828035655384696e+01,0.000000000000000000e+00
1.758135535585371301e+01,0.000000000000000000e+00
2.028530217125877400e+01,0.000000000000000000e+00
1.675304988425454411e+01,0.000000000000000000e+00
2.286242587469809706e+01,0.000000000000000000e+00
1.986551221108474152e+01,0.000000000000000000e+00
1.857031985292562126e+01,0.000000000000000000e+00
2.129559141430222979e+01,0.000000000000000000e+00
1.806707611478651643e+01,0.000000000000000000e+00
1.995883569699128302e+01,0.000000000000000000e+00
2.101753028317251548e+01,0.000000000000000000e+00
2.465911318749766679e+01,0.000000000000000000e+00
1.746877777330511705e+01,0.000000000000000000e+00
2.345666749965456077e+01,0.000000000000000000e+00
1.739478067598530231e+01,0.000000000000000000e+00
2.256559315843274760e+01,0.000000000000000000e+00
2.204310228638575708e+01,0.000000000000000000e+00
2.348770275620614356e+01,0.000000000000000000e+00
1.722781144717278323e+01,0.000000000000000000e+00
1.818689717604964073e+01,0.000000000000000000e+00
2.064413472683912687e+01,0.000000000000000000e+00
2.022392380251461930e+01,0.000000000000000000e+00
1.967502049952609866e+01,0.000000000000000000e+00
2.058681289929365477e+01,0.000000000000000000e+00
2.036087610546165649e+01,0.000000000000000000e+00
2.358000725123057961e+01,0.000000000000000000e+00
1.849834801110015547e+01,0.000000000000000000e+00
2.302301893403440403e+01,0.000000000000000000e+00
2.276189580618045483e+01,0.000000000000000000e+00
2.253171801604234403e+01,0.000000000000000000e+00
1.896920542406554944e+01,0.000000000000000000e+00
1.932517547154240489e+01,0.000000000000000000e+00
1.994290441909665290e+01,0.000000000000000000e+00
1.973859850427068352e+01,0.000000000000000000e+00
1.779134017053333139e+01,0.000000000000000000e+00
2.094770781068569931e+01,0.000000000000000000e+00
2.189523244935399404e+01,0.000000000000000000e+00
2.257457867767376314e+01,0.000000000000000000e+00
2.150236391837236027e+01,0.000000000000000000e+00
1.922951476748040278e+01,0.000000000000000000e+00
2.118091596332136461e+01,0.000000000000000000e+00
2.053164023468842814e+01,0.000000000000000000e+00
2.127508174692085774e+01,0.000000000000000000e+00
1.734164879761875611e+01,0.000000000000000000e+00
1.960242650227330330e+01,0.000000000000000000e+00
2.114820626600964459e+01,0.000000000000000000e+00
2.278471757929306563e+01,0.000000000000000000e+00
2.393943665151297751e+01,0.000000000000000000e+00
1.709245596417563817e+01,0.000000000000000000e+00
2.445448882045000616e+01,0.000000000000000000e+00
2.124694638269322056e+01,0.000000000000000000e+00
1.751481934156454301e+01,0.000000000000000000e+00
2.103888764962858815e+01,0.000000000000000000e+00
1.901855150774527559e+01,0.000000000000000000e+00
2.146572695346142012e+01,0.000000000000000000e+00
2.041255868077954005e+01,0.000000000000000000e+00
1.961705472792965210e+01,0.000000000000000000e+00
2.170504380946099943e+01,0.000000000000000000e+00
2.327781446555584921e+01,0.000000000000000000e+00
2.250855724029158011e+01,0.000000000000000000e+00
2.274205580284527528e+01,0.000000000000000000e+00
2.061240766157104787e+01,0.000000000000000000e+00
1.904811147960192130e+01,0.000000000000000000e+00
1.460988519320026846e+01,0.000000000000000000e+00
2.127019256372032530e+01,0.000000000000000000e+00
1.658272676645471577e+01,0.000000000000000000e+00
1.895653845017951156e+01,0.000000000000000000e+00
2.189334079220263618e+01,0.000000000000000000e+00
1.748459274654777929e+01,0.000000000000000000e+00
2.325127802874064642e+01,0.000000000000000000e+00
2.338766717512395843e+01,0.000000000000000000e+00
1.762122546087194053e+01,0.000000000000000000e+00
1.900126927953121836e+01,0.000000000000000000e+00
2.169414924210896700e+01,0.000000000000000000e+00
1.923614297122851369e+01,0.000000000000000000e+00
1.964247144262437317e+01,0.000000000000000000e+00
2.053775606069464743e+01,0.000000000000000000e+00
2.054878846228507072e+01,0.000000000000000000e+00
2.331439571411026890e+01,0.000000000000000000e+00
1.952297482332156520e+01,0.000000000000000000e+00
2.111049066818284103e+01,0.000000000000000000e+00
2.004131024476816236e+01,0.000000000000000000e+00
2.145375490968643817e+01,0.000000000000000000e+00
2.159514072532801165e+01,0.000000000000000000e+00
1.892198219687378113e+01,0.000000000000000000e+00
2.237849725805983070e+01,0.000000000000000000e+00
2.021303107403477739e+01,0.000000000000000000e+00
1.988941504232887780e+01,0.000000000000000000e+00
1.941348619030553024e+01,0.000000000000000000e+00
2.076231611495362017e+01,0.000000000000000000e+00
2.216209968571934041e+01,0.000000000000000000e+00
2.178871051294977690e+01,0.000000000000000000e+00
1.937004216721159722e+01,0.000000000000000000e+00
2.382522306637677190e+01,0.000000000000000000e+00
2.075344132609398073e+01,0.000000000000000000e+00
2.193543368311741659e+01,0.000000000000000000e+00
1.633072253978057375e+01,0.000000000000000000e+00
2.460895777887942160e+01,0.000000000000000000e+00
2.418874550863645112e+01,0.000000000000000000e+00
2.189039363080134137e+01,0.000000000000000000e+00
2.057536748335838794e+01,0.000000000000000000e+00
2.013550337223929532e+01,0.000000000000000000e+00
2.133926563712041968e+01,0.000000000000000000e+00
2.097917256087330173e+01,0.000000000000000000e+00
2.138841801088701544e+01,0.000000000000000000e+00
1.866183104932361303e+01,0.000000000000000000e+00
2.476310809437530125e+01,0.000000000000000000e+00
1.969711661328218355e+01,0.000000000000000000e+00
6.369104982959087380e+01,0.000000000000000000e+00
6.641005778053303743e+01,0.000000000000000000e+00
6.909033391802933011e+01,0.000000000000000000e+00
6.719736614018951570e+01,0.000000000000000000e+00
6.907332168058189836e+01,0.000000000000000000e+00
6.590057496182080854e+01,0.000000000000000000e+00
6.915554523498880712e+01,0.000000000000000000e+00
7.030101146735594853e+01,0.000000000000000000e+00
6.760939373263879304e+01,0.000000000000000000e+00
6.800598367574121994e+01,0.000000000000000000e+00
6.958215050721098294e+01,0.000000000000000000e+00
6.670711346961897448e+01,0.000000000000000000e+00
7.551375943568902471e+01,0.000000000000000000e+00
7.897238039832176071e+01,0.000000000000000000e+00
7.862180938982638168e+01,0.000000000000000000e+00
7.981133523989603873e+01,0.000000000000000000e+00
7.652065311480254195e+01,0.000000000000000000e+00
7.832396311458744265e+01,0.000000000000000000e+00
7.745211934028664302e+01,0.000000000000000000e+00
8.049841280312196545e+01,0.000000000000000000e+00
7.780384407951750347e+01,0.000000000000000000e+00
7.820131193526820823e+01,0.000000000000000000e+00
8.027016754846023616e+01,0.000000000000000000e+00
8.072253776112080459e+01,0.000000000000000000e+00
8.079955537322899772e+01,0.000000000000000000e+00
7.406933127567572228e+01,0.000000000000000000e+00
8.030853313218544542e+01,0.000000000000000000e+00
8.159674879010509585e+01,0.000000000000000000e+00
7.922498944295507783e+01,0.000000000000000000e+00
8.017054233582020117e+01,0.000000000000000000e+00
8.052593246671271743e+01,0.000000000000000000e+00
7.938781771284457989e+01,0.000000000000000000e+00
7.819111819910904160e+01,0.000000000000000000e+00
7.989979316784805974e+01,0.000000000000000000e+00
8.063550055244765247e+01,0.000000000000000000e+00
7.979484210260567068e+01,0.000000000000000000e+00
7.933070474235225333e+01,0.000000000000000000e+00
8.248681945946896121e+01,0.000000000000000000e+00
8.002614079873896458e+01,0.000000000000000000e+00
7.618323595090369338e+01,0.000000000000000000e+00
8.056198338284269767e+01,0.000000000000000000e+00
8.207612176752729738e+01,0.000000000000000000e+00
8.291682648761485552e+01,0.000000000000000000e+00
8.211240858874920434e+01,0.000000000000000000e+00
7.790157186378154108e+01,0.000000000000000000e+00
7.827524153895205927e+01,0.000000000000000000e+00
7.778704350975984028e+01,0.000000000000000000e+00
7.853111079139416972e+01,0.000000000000000000e+00
8.172104604056525545e+01,0.000000000000000000e+00
8.013577071089986248e+01,0.000000000000000000e+00
7.717447590431807214e+01,0.000000000000000000e+00
7.795290163062111333e+01,0.000000000000000000e+00
8.279954922370117743e+01,0.000000000000000000e+00
8.067178755773501564e+01,0.000000000000000000e+00
7.727588632018249371e+01,0.000000000000000000e+00
7.982400383780093023e+01,0.000000000000000000e+00
7.710400519093087723e+01,0.000000000000000000e+00
8.071024352255689394e+01,0.000000000000000000e+00
8.253306087710004135e+01,0.000000000000000000e+00
8.195070327075116268e+01,0.000000000000000000e+00
7.934042695640000886e+01,0.000000000000000000e+00
7.902957221872954108e+01,0.000000000000000000e+00
8.261817993716609010e+01,0.000000000000000000e+00
7.895924847066717689e+01,0.000000000000000000e+00
8.012447889092445052e+01,0.000000000000000000e+00
8.170893064577342102e+01,0.000000000000000000e+00
8.145207713792044046e+01,0.000000000000000000e+00
7.900582842720997689e+01,0.000000000000000000e+00
8.025506257855137449e+01,0.000000000000000000e+00
8.236759760598620517e+01,0.000000000000000000e+00
7.866043918908812316e+01,0.000000000000000000e+00
8.019888359576647474e+01,0.000000000000000000e+00
7.966093432130148244e+01,0.000000000000000000e+00
8.054870299789594412e+01,0.000000000000000000e+00
8.036973793926625831e+01,0.000000000000000000e+00
7.758863024409721731e+01,0.000000000000000000e+00
7.714452121213317071e+01,0.000000000000000000e+00
7.851336004916907996e+01,0.000000000000000000e+00
8.159912496463947207e+01,0.000000000000000000e+00
8.244912468681057760e+01,0.000000000000000000e+00
7.752602102046314769e+01,0.000000000000000000e+00
8.396568888381831641e+01,0.000000000000000000e+00
7.710573444742392724e+01,0.000000000000000000e+00
7.795689767015475979e+01,0.000000000000000000e+00
7.998576473722692981e+01,0.000000000000000000e+00
8.274153242066677194e+01,0.000000000000000000e+00
7.953758660478547426e+01,0.000000000000000000e+00
8.030628346042050225e+01,0.000000000000000000e+00
8.302052621625753659e+01,0.000000000000000000e+00
7.727161260662842324e+01,0.000000000000000000e+00
7.978110050610739279e+01,0.000000000000000000e+00
7.992464924840253104e+01,0.000000000000000000e+00
8.284766211995899710e+01,0.000000000000000000e+00
7.935580184805004933e+01,0.000000000000000000e+00
7.928513323167538829e+01,0.000000000000000000e+00
7.864433349466557388e+01,0.000000000000000000e+00
8.074696250921785179e+01,0.000000000000000000e+00
8.108299724365726036e+01,0.000000000000000000e+00
8.260992124503358980e+01,0.000000000000000000e+00
7.710437557663692587e+01,0.000000000000000000e+00
8.037390993981679799e+01,0.000000000000000000e+00
8.099568962302168984e+01,0.000000000000000000e+00
7.858417206406167566e+01,0.000000000000000000e+00
8.107312961465854073e+01,0.000000000000000000e+00
7.923940877237161828e+01,0.000000000000000000e+00
8.393765994630778948e+01,0.000000000000000000e+00
8.015327451845385553e+01,0.000000000000000000e+00
7.808346193596447904e+01,0.000000000000000000e+00
3.092557975075553856e+01,0.000000000000000000e+00
3.302869086778564878e+01,0.000000000000000000e+00
3.072093784340786371e+01,0.000000000000000000e+00
3.127117131367822367e+01,0.000000000000000000e+00
3.322107578221771007e+01,0.000000000000000000e+00
3.345788490662355485e+01,0.000000000000000000e+00
3.211839575443622152e+01,0.000000000000000000e+00
3.041437538561910969e+01,0.000000000000000000e+00
3.269074024540613976e+01,0.000000000000000000e+00
3.173830803864089489e+01,0.000000000000000000e+00
3.390397147868943506e+01,0.000000000000000000e+00
3.406288581292067619e+01,0.000000000000000000e+00
2.508132726602138618e+01,0.000000000000000000e+00
2.201473272455361752e+01,0.000000000000000000e+00
2.190772280837878583e+01,0.000000000000000000e+00
2.225875140426722965e+01,0.000000000000000000e+00
2.387289191390147636e+01,0.000000000000000000e+00
2.086030992447596688e+01,0.000000000000000000e+00
2.267734906392139749e+01,0.000000000000000000e+00
2.319717762280358286e+01,0.000000000000000000e+00
2.541281467961124108e+01,0.000000000000000000e+00
2.281496192985807170e+01,0.000000000000000000e+00
2.134770415954754341e+01,0.000000000000000000e+00
2.322490813102876217e+01,0.000000000000000000e+00
2.107263550699558152e+01,0.000000000000000000e+00
2.079399048125172200e+01,0.000000000000000000e+00
1.833291819807833889e+01,0.000000000000000000e+00
2.269526055630813488e+01,0.000000000000000000e+00
2.223537086265217155e+01,0.000000000000000000e+00
2.308676898747138750e+01,0.000000000000000000e+00
1.946519017969878362e+01,0.000000000000000000e+00
1.754504486619605075e+01,0.000000000000000000e+00
2.009056338834197675e+01,0.000000000000000000e+00
1.868195468102069512e+01,0.000000000000000000e+00
1.994084968356957077e+01,0.000000000000000000e+00
1.935576484066809044e+01,0.000000000000000000e+00
1.957033312917430834e+01,0.000000000000000000e+00
1.923525608747527116e+01,0.000000000000000000e+00
2.424145041023056280e+01,0.000000000000000000e+00
2.048927394239262156e+01,0.000000000000000000e+00
1.946447402637236124e+01,0.000000000000000000e+00
1.839494457751408518e+01,0.000000000000000000e+00
1.929909334103306406e+01,0.000000000000000000e+00
1.958842298254617376e+01,0.000000000000000000e+00
1.749511760250649317e+01,0.000000000000000000e+00
1.812876035272880770e+01,0.000000000000000000e+00
1.960797452668892760e+01,0.000000000000000000e+00
1.996109964663166281e+01,0.000000000000000000e+00
2.269510179966803420e+01,0.000000000000000000e+00
1.851124875531535707e+01,0.000000000000000000e+00
2.113432107590886133e+01,0.000000000000000000e+00
1.878018725087270013e+01,0.000000000000000000e+00
1.860886291843346996e+01,0.000000000000000000e+00
1.661845708662933063e+01,0.000000000000000000e+00
1.946715052377833644e+01,0.000000000000000000e+00
1.875396109927601174e+01,0.000000000000000000e+00
1.738067748168973381e+01,0.000000000000000000e+00
2.153641686572283120e+01,0.000000000000000000e+00
1.962628489448999147e+01,0.000000000000000000e+00
2.020410915029538401e+01,0.000000000000000000e+00
2.145608688811245557e+01,0.000000000000000000e+00
2.152767390533369252e+01,0.000000000000000000e+00
2.215079810382955117e+01,0.000000000000000000e+00
2.115593483699424482e+01,0.000000000000000000e+00
2.124844375652504169e+01,0.000000000000000000e+00
2.113050051324096046e+01,0.000000000000000000e+00
2.103427982838207555e+01,0.000000000000000000e+00
2.141695266123763730e+01,0.000000000000000000e+00
1.942514833818968967e+01,0.000000000000000000e+00
2.155049629517536403e+01,0.000000000000000000e+00
2.095954160811352196e+01,0.000000000000000000e+00
1.941490103116796107e+01,0.000000000000000000e+00
2.105765332548151747e+01,0.000000000000000000e+00
1.927410240234772232e+01,0.000000000000000000e+00
1.703493169246471695e+01,0.000000000000000000e+00
1.895889271315061464e+01,0.000000000000000000e+00
1.944603980200467674e+01,0.000000000000000000e+00
2.001354750794349258e+01,0.000000000000000000e+00
1.995833440533683856e+01,0.000000000000000000e+00
2.434840142913148853e+01,0.000000000000000000e+00
1.859787729058063732e+01,0.000000000000000000e+00
1.727765568892242953e+01,0.000000000000000000e+00
2.025129647870269167e+01,0.000000000000000000e+00
1.668526798043006920e+01,0.000000000000000000e+00
2.131204888913529416e+01,0.000000000000000000e+00
2.058201871839148112e+01,0.000000000000000000e+00
2.268286823236725169e+01,0.000000000000000000e+00
1.961113392476969963e+01,0.000000000000000000e+00
1.848453915980119078e+01,0.000000000000000000e+00
2.088349307733301430e+01,0.000000000000000000e+00
1.945536170352277594e+01,0.000000000000000000e+00
2.106088003194023628e+01,0.000000000000000000e+00
2.404603589249511231e+01,0.000000000000000000e+00
2.199643447573399513e+01,0.000000000000000000e+00
1.726640221300179689e+01,0.000000000000000000e+00
1.936221981178393747e+01,0.000000000000000000e+00
1.996651351152423359e+01,0.000000000000000000e+00
1.929888958065795634e+01,0.000000000000000000e+00
2.173476120755598373e+01,0.000000000000000000e+00
1.765006685716152290e+01,0.000000000000000000e+00
2.104185861948755942e+01,0.000000000000000000e+00
1.659928362445971928e+01,0.000000000000000000e+00
1.847240476821175292e+01,0.000000000000000000e+00
1.666299256734814094e+01,0.000000000000000000e+00
1.843180698686805385e+01,0.000000000000000000e+00
2.113353259636106785e+01,0.000000000000000000e+00
2.113399639902697302e+01,0.000000000000000000e+00
2.030472329934586639e+01,0.000000000000000000e+00
1.962121896635128948e+01,0.000000000000000000e+00
1.982262547355772142e+01,0.000000000000000000e+00
2.298597936997911972e+01,0.000000000000000000e+00
1.901030590826801969e+01,0.000000000000000000e+00
1.867165406087717372e+01,0.000000000000000000e+00
1.981216819860734901e+01,0.000000000000000000e+00
2.081644015011258375e+01,0.000000000000000000e+00
1.987778698601541194e+01,0.000000000000000000e+00
2.209248204634260304e+01,0.000000000000000000e+00
1.844025760886875176e+01,0.000000000000000000e+00
1.720007019372727797e+01,0.000000000000000000e+00
2.027240208728196436e+01,0.000000000000000000e+00
1.688461722491699746e+01,0.000000000000000000e+00
1.752366084439239202e+01,0.000000000000000000e+00
1.588552418823884338e+01,0.000000000000000000e+00
1.788883609112331996e+01,0.000000000000000000e+00
1.868018890518715125e+01,0.000000000000000000e+00
1.942583260874827999e+01,0.000000000000000000e+00
1.980766635027993061e+01,0.000000000000000000e+00
2.001995818052896325e+01,0.000000000000000000e+00
2.156994526953357294e+01,0.000000000000000000e+00
1.952579174336454670e+01,0.000000000000000000e+00
2.154980071770170014e+01,0.000000000000000000e+00
2.110242306827081293e+01,0.000000000000000000e+00
1.981950636158066459e+01,0.000000000000000000e+00
1.901430966625115104e+01,0.000000000000000000e+00
2.149860149697126133e+01,0.000000000000000000e+00
1.938346222030455124e+01,0.000000000000000000e+00
2.323108538362651743e+01,0.000000000000000000e+00
2.007172269982215695e+01,0.000000000000000000e+00
2.057758377588885423e+01,0.000000000000000000e+00
2.176064001281909555e+01,0.000000000000000000e+00
2.034190986227318376e+01,0.000000000000000000e+00
2.224789088624999422e+01,0.000000000000000000e+00
1.871376660619683818e+01,0.000000000000000000e+00
1.946802449198142426e+01,0.000000000000000000e+00
1.925835952219557257e+01,0.000000000000000000e+00
2.181025011634665844e+01,0.000000000000000000e+00
2.070255061387733875e+01,0.000000000000000000e+00
1.940378569750902926e+01,0.000000000000000000e+00
1.942383808547562651e+01,0.000000000000000000e+00
1.983899836116241033e+01,0.000000000000000000e+00
1.700991418487667417e+01,0.000000000000000000e+00
2.397990037311015143e+01,0.000000000000000000e+00
2.093486547252791041e+01,0.000000000000000000e+00
2.016285974497326094e+01,0.000000000000000000e+00
2.152290888772374089e+01,0.000000000000000000e+00
2.215487770652097055e+01,0.000000000000000000e+00
2.349836504380024138e+01,0.000000000000000000e+00
2.130241794342241946e+01,0.000000000000000000e+00
1.861488796384738365e+01,0.000000000000000000e+00
2.108179912948560997e+01,0.000000000000000000e+00
1.766636396464034675e+01,0.000000000000000000e+00
1.776754345883284714e+01,0.000000000000000000e+00
1.558895355794206239e+01,0.000000000000000000e+00
2.101192558157075752e+01,0.000000000000000000e+00
1.756026233527760283e+01,0.000000000000000000e+00
2.031718850523537157e+01,0.000000000000000000e+00
1.906064107416470677e+01,0.000000000000000000e+00
2.368072442335900973e+01,0.000000000000000000e+00
1.830811892459240653e+01,0.000000000000000000e+00
2.303704127775711896e+01,0.000000000000000000e+00
1.830485434184243232e+01,0.000000000000000000e+00
1.923436847502311764e+01,0.000000000000000000e+00
1.760889477636407463e+01,0.000000000000000000e+00
2.035816487367393890e+01,0.000000000000000000e+00
1.819565990105937558e+01,0.000000000000000000e+00
2.190993891619729084e+01,0.000000000000000000e+00
1.808358139116102947e+01,0.000000000000000000e+00
1.931979472108160323e+01,0.000000000000000000e+00
1.838702889917205496e+01,0.000000000000000000e+00
2.032068338060590662e+01,0.000000000000000000e+00
7.001162701197780791e+01,0.000000000000000000e+00
6.560061293040521946e+01,0.000000000000000000e+00
6.999260863275466704e+01,0.000000000000000000e+00
6.621808031219696034e+01,0.000000000000000000e+00
7.129363319263669041e+01,0.000000000000000000e+00
6.825137484621627948e+01,0.000000000000000000e+00
6.607547608098718683e+01,0.000000000000000000e+00
6.854336697668993850e+01,0.000000000000000000e+00
6.905359807733746891e+01,0.000000000000000000e+00
6.680466822099742785e+01,0.000000000000000000e+00
6.843326867857986429e+01,0.000000000000000000e+00
6.781446352083189311e+01,0.000000000000000000e+00
7.757881291530857482e+01,0.000000000000000000e+00
7.863259353025071619e+01,0.000000000000000000e+00
7.611807091047276685e+01,0.000000000000000000e+00
8.035781967570540019e+01,0.000000000000000000e+00
8.050086149201901264e+01,0.000000000000000000e+00
7.758473388173719343e+01,0.000000000000000000e+00
7.840378484456444141e+01,0.000000000000000000e+00
7.534389102636477276e+01,0.000000000000000000e+00
7.945439772028515790e+01,0.000000000000000000e+00
7.862463133278093608e+01,0.000000000000000000e+00
7.783680186463475081e+01,0.000000000000000000e+00
7.960970533201579258e+01,0.000000000000000000e+00
7.975056110408506527e+01,0.000000000000000000e+00
7.967873711690964456e+01,0.000000000000000000e+00
8.066867116151749428e+01,0.000000000000000000e+00
7.785726412390387452e+01,0.000000000000000000e+00
8.286285693261378071e+01,0.000000000000000000e+00
8.088237992391711373e+01,0.000000000000000000e+00
8.122717894513924364e+01,0.000000000000000000e+00
7.781003156834981382e+01,0.000000000000000000e+00
8.124389148047450249e+01,0.000000000000000000e+00
7.958642531298612255e+01,0.000000000000000000e+00
8.014464542988612550e+01,0.000000000000000000e+00
7.852644923466174021e+01,0.000000000000000000e+00
7.610103957638006023e+01,0.000000000000000000e+00
7.984855945158956558e+01,0.000000000000000000e+00
7.848518956780098677e+01,0.000000000000000000e+00
7.995889607853359848e+01,0.000000000000000000e+00
8.064151760625559007e+01,0.000000000000000000e+00
8.305120667181758165e+01,0.000000000000000000e+00
8.308483890200501776e+01,0.000000000000000000e+00
8.081089914249594131e+01,0.000000000000000000e+00
7.399481107920580314e+01,0.000000000000000000e+00
8.026586388202184708e+01,0.000000000000000000e+00
7.814453123517940014e+01,0.000000000000000000e+00
8.374517001341672540e+01,0.000000000000000000e+00
7.565355973146824908e+01,0.000000000000000000e+00
8.252141427304850652e+01,0.000000000000000000e+00
8.367961902275712305e+01,0.000000000000000000e+00
7.861217390613781220e+01,0.000000000000000000e+00
8.191921030908861212e+01,0.000000000000000000e+00
7.906628261286854809e+01,0.000000000000000000e+00
8.189195457752384755e+01,0.000000000000000000e+00
7.819564975579471877e+01,0.000000000000000000e+00
7.805381228453117615e+01,0.000000000000000000e+00
8.218638018117773925e+01,0.000000000000000000e+00
7.888528954355098222e+01,0.000000000000000000e+00
7.958483222986549777e+01,0.000000000000000000e+00
7.646982636087096807e+01,0.000000000000000000e+00
8.552366107041216026e+01,0.000000000000000000e+00
7.975494708953729628e+01,0.000000000000000000e+00
8.061226163943952372e+01,0.000000000000000000e+00
7.861022439677424245e+01,0.000000000000000000e+00
8.088894191201205786e+01,0.000000000000000000e+00
7.899056470752159953e+01,0.000000000000000000e+00
8.133711733278902045e+01,0.000000000000000000e+00
7.829316840896579777e+01,0.000000000000000000e+00
8.225200461229540849e+01,0.000000000000000000e+00
8.070493638696900973e+01,0.000000000000000000e+00
7.838389363748572691e+01,0.000000000000000000e+00
7.891222136645023966e+01,0.000000000000000000e+00
8.077393148496611275e+01,0.000000000000000000e+00
7.858886186156988174e+01,0.000000000000000000e+00
7.760605987708723319e+01,0.000000000000000000e+00
8.142567615752339805e+01,0.000000000000000000e+00
7.933129548686518717e+01,0.000000000000000000e+00
7.843560257228803323e+01,0.000000000000000000e+00
8.219112327563173892e+01,0.000000000000000000e+00
7.910626025123416127e+01,0.000000000000000000e+00
7.965313964192468177e+01,0.000000000000000000e+00
7.787468579357440035e+01,0.000000000000000000e+00
8.102021541361115453e+01,0.000000000000000000e+00
7.768514322687882157e+01,0.000000000000000000e+00
7.843347135094568046e+01,0.000000000000000000e+00
7.881836513444342529e+01,0.000000000000000000e+00
7.963646862211874122e+01,0.000000000000000000e+00
8.162204498835407662e+01,0.000000000000000000e+00
7.851580103860527515e+01,0.000000000000000000e+00
8.273268536948796736e+01,0.000000000000000000e+00
8.254475811396019935e+01,0.000000000000000000e+00
8.101936027883334646e+01,0.000000000000000000e+00
7.726656136664368546e+01,0.000000000000000000e+00
8.169178676736548539e+01,0.000000000000000000e+00
8.090747700692031685e+01,0.000000000000000000e+00
7.479790003837550216e+01,0.000000000000000000e+00
8.163695782859318228e+01,0.000000000000000000e+00
8.254896996123103747e+01,0.000000000000000000e+00
8.228914946893598881e+01,0.000000000000000000e+00
8.043325882359752654e+01,0.000000000000000000e+00
8.099672099962133132e+01,0.000000000000000000e+00
8.310949183784978800e+01,0.000000000000000000e+00
7.660004320044144777e+01,0.000000000000000000e+00
7.796071339077376194e+01,0.000000000000000000e+00
8.269735130325292971e+01,0.000000000000000000e+00
7.674134132972008615e+01,0.000000000000000000e+00
7.880744228528651263e+01,0.000000000000000000e+00
3.383913673916904230e+01,0.000000000000000000e+00
3.018742188103914970e+01,0.000000000000000000e+00
3.195998887511091269e+01,0.000000000000000000e+00
2.666885078085238447e+01,0.000000000000000000e+00
3.253077154096359180e+01,0.000000000000000000e+00
3.293754899332918029e+01,0.000000000000000000e+00
3.185120567423433258e+01,0.000000000000000000e+00
2.981808886924968149e+01,0.000000000000000000e+00
2.898458973518649628e+01,0.000000000000000000e+00
3.301955572394724925e+01,0.000000000000000000e+00
3.624902865693949394e+01,0.000000000000000000e+00
3.233439603908487925e+01,0.000000000000000000e+00
2.514670230483108782e+01,0.000000000000000000e+00
2.261205247378906336e+01,0.000000000000000000e+00
2.118658613346032027e+01,0.000000000000000000e+00
2.233376093424441677e+01,0.000000000000000000e+00
2.300364333103986780e+01,0.000000000000000000e+00
2.568539619980841593e+01,0.000000000000000000e+00
2.282579481424428280e+01,0.000000000000000000e+00
2.112978428079103566e+01,0.000000000000000000e+00
2.140698681531247161e+01,0.000000000000000000e+00
2.121163132954036357e+01,0.000000000000000000e+00
2.292510238271691492e+01,0.000000000000000000e+00
2.725765360483495314e+01,0.000000000000000000e+00
2.349022779530233151e+01,0.000000000000000000e+00
1.796137018210578162e+01,0.000000000000000000e+00
2.171129567492759804e+01,0.000000000000000000e+00
2.172919060614953679e+01,0.000000000000000000e+00
1.834955368499539574e+01,0.000000000000000000e+00
1.898099066136720481e+01,0.000000000000000000e+00
1.798374160418508438e+01,0.000000000000000000e+00
1.959194686462691948e+01,0.000000000000000000e+00
2.033773004867166989e+01,0.000000000000000000e+00
2.240685252269055994e+01,0.000000000000000000e+00
2.086978321020804117e+01,0.000000000000000000e+00
1.850270302158546443e+01,0.000000000000000000e+00
2.145259258710987282e+01,0.000000000000000000e+00
2.089000849905432489e+01,0.000000000000000000e+00
2.063260955723382040e+01,0.000000000000000000e+00
2.113692346816159429e+01,0.000000000000000000e+00
2.162633316462897071e+01,0.000000000000000000e+00
1.865180778521500216e+01,0.000000000000000000e+00
1.933570335195516066e+01,0.000000000000000000e+00
1.994891035318506312e+01,0.000000000000000000e+00
2.039687805831443868e+01,0.000000000000000000e+00
2.088910830064961388e+01,0.000000000000000000e+00
1.820398932211914200e+01,0.000000000000000000e+00
2.080287213625793541e+01,0.000000000000000000e+00
2.138197202979391420e+01,0.000000000000000000e+00
1.862213070573788087e+01,0.000000000000000000e+00
1.906791054569788102e+01,0.000000000000000000e+00
2.239242314442654447e+01,0.000000000000000000e+00
1.699105751487374150e+01,0.000000000000000000e+00
1.766344927156388778e+01,0.000000000000000000e+00
1.929370617089246664e+01,0.000000000000000000e+00
2.276801839366445890e+01,0.000000000000000000e+00
2.144710878116617181e+01,0.000000000000000000e+00
1.460663518182154519e+01,0.000000000000000000e+00
2.085540677011993438e+01,0.000000000000000000e+00
1.812786182273882574e+01,0.000000000000000000e+00
1.885088673882119537e+01,0.000000000000000000e+00
1.864397209575048819e+01,0.000000000000000000e+00
1.965762066607827663e+01,0.000000000000000000e+00
2.136261040439844905e+01,0.000000000000000000e+00
2.200518556239921963e+01,0.000000000000000000e+00
2.334837038692977984e+01,0.000000000000000000e+00
1.840998485539488172e+01,0.000000000000000000e+00
1.994553827889129138e+01,0.000000000000000000e+00
1.685359510867635890e+01,0.000000000000000000e+00
2.041878410335893790e+01,0.000000000000000000e+00
2.353056586729658406e+01,0.000000000000000000e+00
1.906210306358343587e+01,0.000000000000000000e+00
2.034990737129288618e+01,0.000000000000000000e+00
1.786795796560138427e+01,0.000000000000000000e+00
2.019275888488100890e+01,0.000000000000000000e+00
1.653895349981224783e+01,0.000000000000000000e+00
2.136226506030482852e+01,0.000000000000000000e+00
1.731347785766588743e+01,0.000000000000000000e+00
1.924631650048868892e+01,0.000000000000000000e+00
1.790494954638955249e+01,0.000000000000000000e+00
2.211606768485064833e+01,0.000000000000000000e+00
2.083582184163839912e+01,0.000000000000000000e+00
2.464777672053947910e+01,0.000000000000000000e+00
1.839146267105770605e+01,0.000000000000000000e+00
2.008865150250402110e+01,0.000000000000000000e+00
2.233966118850155524e+01,0.000000000000000000e+00
2.135082014350534507e+01,0.000000000000000000e+00
1.922443599519198543e+01,0.000000000000000000e+00
2.064777523971253004e+01,0.000000000000000000e+00
1.970355026541083276e+01,0.000000000000000000e+00
2.035815327767301852e+01,0.000000000000000000e+00
1.987478884370248267e+01,0.000000000000000000e+00
1.720617767845907053e+01,0.000000000000000000e+00
1.882653476902865819e+01,0.000000000000000000e+00
2.201211319603698513e+01,0.000000000000000000e+00
2.251833165815742177e+01,0.000000000000000000e+00
2.151141869218265867e+01,0.000000000000000000e+00
2.206298674611234389e+01,0.000000000000000000e+00
2.172496073163439689e+01,0.000000000000000000e+00
1.906998498662964181e+01,0.000000000000000000e+00
1.635043111573300578e+01,0.000000000000000000e+00
1.770113139292757864e+01,0.000000000000000000e+00
1.635124794059904119e+01,0.000000000000000000e+00
2.218588608003620166e+01,0.000000000000000000e+00
2.090224796001245977e+01,0.000000000000000000e+00
2.139889308793224743e+01,0.000000000000000000e+00
1.905093212505216371e+01,0.000000000000000000e+00
1.856806037483639571e+01,0.000000000000000000e+00
1.972413663795334315e+01,0.000000000000000000e+00
1.997501117343745491e+01,0.000000000000000000e+00
2.375854748903294222e+01,0.000000000000000000e+00
2.010969491173556989e+01,0.000000000000000000e+00
1.831106814560893525e+01,0.000000000000000000e+00
2.098285845061588262e+01,0.000000000000000000e+00
1.931949968868939749e+01,0.000000000000000000e+00
1.920300383060930116e+01,0.000000000000000000e+00
2.237800101780191753e+01,0.000000000000000000e+00
1.817054306851460410e+01,0.000000000000000000e+00
1.971170482968565096e+01,0.000000000000000000e+00
2.110785641733748363e+01,0.000000000000000000e+00
2.133889834106319583e+01,0.000000000000000000e+00
1.779829471094502225e+01,0.000000000000000000e+00
2.198696537909413706e+01,0.000000000000000000e+00
1.810488527736019293e+01,0.000000000000000000e+00
1.752399325758708670e+01,0.000000000000000000e+00
2.433772323121206327e+01,0.000000000000000000e+00
1.693820088296812898e+01,0.000000000000000000e+00
1.775505158386006954e+01,0.000000000000000000e+00
1.632558019840769958e+01,0.000000000000000000e+00
1.967221238421216611e+01,0.000000000000000000e+00
2.086467894458316152e+01,0.000000000000000000e+00
2.307265833545591249e+01,0.000000000000000000e+00
2.007902069155627700e+01,0.000000000000000000e+00
2.124869474027219951e+01,0.000000000000000000e+00
2.502110505169789434e+01,0.000000000000000000e+00
1.715666425100160097e+01,0.000000000000000000e+00
1.878666552904897813e+01,0.000000000000000000e+00
1.885387158120823869e+01,0.000000000000000000e+00
1.995474296471209641e+01,0.000000000000000000e+00
2.127386098576993234e+01,0.000000000000000000e+00
2.236743519207258046e+01,0.000000000000000000e+00
1.873482914529451904e+01,0.000000000000000000e+00
1.924829924548539850e+01,0.000000000000000000e+00
1.480451797536318104e+01,0.000000000000000000e+00
1.934406620212510575e+01,0.000000000000000000e+00
2.147036345000848456e+01,0.000000000000000000e+00
2.120459838894882409e+01,0.000000000000000000e+00
1.604059129604832634e+01,0.000000000000000000e+00
1.956783413116318471e+01,0.000000000000000000e+00
1.886921055931078683e+01,0.000000000000000000e+00
1.805024643289875996e+01,0.000000000000000000e+00
2.131837263952234451e+01,0.000000000000000000e+00
1.811756926832342884e+01,0.000000000000000000e+00
2.228544636976435811e+01,0.000000000000000000e+00
1.791099924048287306e+01,0.000000000000000000e+00
1.798448113546547944e+01,0.000000000000000000e+00
1.737730106758995419e+01,0.000000000000000000e+00
2.079772609094873559e+01,0.000000000000000000e+00
1.822434630970681013e+01,0.000000000000000000e+00
1.759441245044660107e+01,0.000000000000000000e+00
2.092957866495076757e+01,0.000000000000000000e+00
2.070500363399404975e+01,0.000000000000000000e+00
1.841939229331872951e+01,0.000000000000000000e+00
1.947569295179209092e+01,0.000000000000000000e+00
1.676850404378093984e+01,0.000000000000000000e+00
2.049612019436166932e+01,0.000000000000000000e+00
2.026621152788798241e+01,0.000000000000000000e+00
2.045559452135708156e+01,0.000000000000000000e+00
1.843798746857815729e+01,0.000000000000000000e+00
2.017792996521347249e+01,0.000000000000000000e+00
2.292443799413645777e+01,0.000000000000000000e+00
1.572283427727002092e+01,0.000000000000000000e+00
2.069899962769835611e+01,0.000000000000000000e+00
2.458075588362931185e+01,0.000000000000000000e+00
2.302497210534550121e+01,0.000000000000000000e+00
2.105389058227343924e+01,0.000000000000000000e+00
1.670315404127213554e+01,0.000000000000000000e+00
1.861996899759006041e+01,0.000000000000000000e+00
1.722719647137681775e+01,0.000000000000000000e+00
1.891344157209757526e+01,0.000000000000000000e+00
6.548346241639117693e+01,0.000000000000000000e+00
6.586224534473767278e+01,0.000000000000000000e+00
6.805640106601875061e+01,0.000000000000000000e+00
7.102769130870387926e+01,0.000000000000000000e+00
6.848560825914601935e+01,0.000000000000000000e+00
6.631003457996345674e+01,0.000000000000000000e+00
6.484046332279990565e+01,0.000000000000000000e+00
6.798395399092299840e+01,0.000000000000000000e+00
7.018491655185952993e+01,0.000000000000000000e+00
6.731739070974749950e+01,0.000000000000000000e+00
6.804239067121501705e+01,0.000000000000000000e+00
6.619721262104104653e+01,0.000000000000000000e+00
7.662897890566711112e+01,0.000000000000000000e+00
7.464167347126074503e+01,0.000000000000000000e+00
8.058925191812052446e+01,0.000000000000000000e+00
7.828572263233105843e+01,0.000000000000000000e+00
7.697581251279274284e+01,0.000000000000000000e+00
7.472203700390632264e+01,0.000000000000000000e+00
7.459470402123345423e+01,0.000000000000000000e+00
7.383498816204054549e+01,0.000000000000000000e+00
7.971058261618685492e+01,0.000000000000000000e+00
7.429883511121177264e+01,0.000000000000000000e+00
7.910363299857861819e+01,0.000000000000000000e+00
7.845598384555381699e+01,0.000000000000000000e+00
8.371278325470771620e+01,0.000000000000000000e+00
7.868441764916441628e+01,0.000000000000000000e+00
7.685833437767816179e+01,0.000000000000000000e+00
8.186064190492066928e+01,0.000000000000000000e+00
8.017145055782425800e+01,0.000000000000000000e+00
7.847231317837777453e+01,0.000000000000000000e+00
8.151570877692765293e+01,0.000000000000000000e+00
7.694670258356828185e+01,0.000000000000000000e+00
7.936240909175408831e+01,0.000000000000000000e+00
7.965909810701607796e+01,0.000000000000000000e+00
8.212403136504268275e+01,0.000000000000000000e+00
8.171806762542679792e+01,0.000000000000000000e+00
8.024823945212131093e+01,0.000000000000000000e+00
7.641156533672585738e+01,0.000000000000000000e+00
7.917564040635626554e+01,0.000000000000000000e+00
8.215530924719604400e+01,0.000000000000000000e+00
8.062849492394570916e+01,0.000000000000000000e+00
8.218196651744202086e+01,0.000000000000000000e+00
8.069306927411398078e+01,0.000000000000000000e+00
7.975976867570280149e+01,0.000000000000000000e+00
8.001698452086972679e+01,0.000000000000000000e+00
7.962751617787968428e+01,0.000000000000000000e+00
8.248531630414029792e+01,0.000000000000000000e+00
7.681422429829625287e+01,0.000000000000000000e+00
7.910515085701447902e+01,0.000000000000000000e+00
7.654118383124807679e+01,0.000000000000000000e+00
8.189946556697860558e+01,0.000000000000000000e+00
7.997797767582619599e+01,0.000000000000000000e+00
8.000163122664264392e+01,0.000000000000000000e+00
8.071198196851705120e+01,0.000000000000000000e+00
7.669257964484241086e+01,0.000000000000000000e+00
8.012189086087519740e+01,0.000000000000000000e+00
7.847948330055244526e+01,0.000000000000000000e+00
8.198206312455538125e+01,0.000000000000000000e+00
8.033340775633924125e+01,0.000000000000000000e+00
7.897535377571875870e+01,0.000000000000000000e+00
7.855001350019490758e+01,0.000000000000000000e+00
8.085275944353107036e+01,0.000000000000000000e+00
7.655775328879261110e+01,0.000000000000000000e+00
8.154329892291454485e+01,0.000000000000000000e+00
7.999607101580363633e+01,0.000000000000000000e+00
7.827415212110665266e+01,0.000000000000000000e+00
7.944959313518697286e+01,0.000000000000000000e+00
7.650729029189206187e+01,0.000000000000000000e+00
7.951171282789606209e+01,0.000000000000000000e+00
8.344644568858626599e+01,0.000000000000000000e+00
7.650111518140256806e+01,0.000000000000000000e+00
7.838750239866810432e+01,0.000000000000000000e+00
7.598420157620502380e+01,0.000000000000000000e+00
7.949965364967356152e+01,0.000000000000000000e+00
8.271581112551702120e+01,0.000000000000000000e+00
7.942466539001706849e+01,0.000000000000000000e+00
7.996639846330511148e+01,0.000000000000000000e+00
7.810849707566210043e+01,0.000000000000000000e+00
8.184526120440806096e+01,0.000000000000000000e+00
8.262743915325066268e+01,0.000000000000000000e+00
8.092613659339708931e+01,0.000000000000000000e+00
8.073998107583783224e+01,0.000000000000000000e+00
7.850929658307276782e+01,0.000000000000000000e+00
7.542052620770425619e+01,0.000000000000000000e+00
7.899238094248751452e+01,0.000000000000000000e+00
7.885811281933783334e+01,0.000000000000000000e+00
8.045458747305788449e+01,0.000000000000000000e+00
8.423109944296508900e+01,0.000000000000000000e+00
8.184845693500349739e+01,0.000000000000000000e+00
7.808957995680296449e+01,0.000000000000000000e+00
8.142483336698619212e+01,0.000000000000000000e+00
7.786996179627345782e+01,0.000000000000000000e+00
8.263549770711739484e+01,0.000000000000000000e+00
7.638380863224108452e+01,0.000000000000000000e+00
7.869918219442062934e+01,0.000000000000000000e+00
8.244666175081658821e+01,0.000000000000000000e+00
8.011784260101649124e+01,0.000000000000000000e+00
7.958148136339134737e+01,0.000000000000000000e+00
7.990398979492715625e+01,0.000000000000000000e+00
8.095248107574009566e+01,0.000000000000000000e+00
8.258056802012950470e+01,0.000000000000000000e+00
7.880661765838203792e+01,0.000000000000000000e+00
7.846295441951504301e+01,0.000000000000000000e+00
8.113934975812557582e+01,0.000000000000000000e+00
7.862107413768237052e+01,0.000000000000000000e+00
8.247993324269697268e+01,0.000000000000000000e+00
8.130742540753243475e+01,0.000000000000000000e+00
8.116015097764301345e+01,0.000000000000000000e+00
3.111906903198146068e+01,0.000000000000000000e+00
3.064864619529797807e+01,0.000000000000000000e+00
2.964847825911371970e+01,0.000000000000000000e+00
3.225901264934304180e+01,0.000000000000000000e+00
3.239545825650293409e+01,0.000000000000000000e+00
3.308417689673040485e+01,0.000000000000000000e+00
3.593232411609049848e+01,0.000000000000000000e+00
3.249326501732456052e+01,0.000000000000000000e+00
3.294355373686406097e+01,0.000000000000000000e+00
2.885341827082073252e+01,0.000000000000000000e+00
3.339596514095276802e+01,0.000000000000000000e+00
3.482376726815739687e+01,0.000000000000000000e+00
2.394625473350514966e+01,0.000000000000000000e+00
2.483201611696947353e+01,0.000000000000000000e+00
2.294465378731588601e+01,0.000000000000000000e+00
2.537415803407706960e+01,0.000000000000000000e+00
2.204720743766168312e+01,0.000000000000000000e+00
2.361229404157125344e+01,0.000000000000000000e+00
2.516491617875869125e+01,0.000000000000000000e+00
2.061052906218511893e+01,0.000000000000000000e+00
2.658360627932245634e+01,0.000000000000000000e+00
2.233214922487246312e+01,0.000000000000000000e+00
2.383927666731703710e+01,0.000000000000000000e+00
2.020946014755598696e+01,0.000000000000000000e+00
1.951147311718054667e+01,0.000000000000000000e+00
1.790411185756046564e+01,0.000000000000000000e+00
2.328936249789905233e+01,0.000000000000000000e+00
2.381430672391875447e+01,0.000000000000000000e+00
2.272229345464316452e+01,0.000000000000000000e+00
1.985258942159348550e+01,0.000000000000000000e+00
1.745994354114880309e+01,0.000000000000000000e+00
1.807859243141241379e+01,0.000000000000000000e+00
1.774141681332214660e+01,0.000000000000000000e+00
1.607931385075188757e+01,0.000000000000000000e+00
2.360812611415578743e+01,0.000000000000000000e+00
1.815401097188631141e+01,0.000000000000000000e+00
1.811742591408697223e+01,0.000000000000000000e+00
2.219764139800739500e+01,0.000000000000000000e+00
2.128441730446963476e+01,0.000000000000000000e+00
2.290436541838815288e+01,0.000000000000000000e+00
2.089742026216696402e+01,0.000000000000000000e+00
2.359008639695793619e+01,0.000000000000000000e+00
1.743404794958605919e+01,0.000000000000000000e+00
2.255130088207703309e+01,0.000000000000000000e+00
2.129425281551445792e+01,0.000000000000000000e+00
2.145138071817168424e+01,0.000000000000000000e+00
1.778425413186311133e+01,0.000000000000000000e+00
2.203139320299474591e+01,0.000000000000000000e+00
1.727905028709265878e+01,0.000000000000000000e+00
1.863554524302205806e+01,0.000000000000000000e+00
1.638043820884752577e+01,0.000000000000000000e+00
1.889594400202624058e+01,0.000000000000000000e+00
1.753288488067476791e+01,0.000000000000000000e+00
1.683028835907499499e+01,0.000000000000000000e+00
1.780767575389228341e+01,0.000000000000000000e+00
1.992765223499822724e+01,0.000000000000000000e+00
2.207959949720273229e+01,0.000000000000000000e+00
1.828617030179668035e+01,0.000000000000000000e+00
1.810816640253634802e+01,0.000000000000000000e+00
2.102965949976651316e+01,0.000000000000000000e+00
1.624169052321920503e+01,0.000000000000000000e+00
2.063496731145585983e+01,0.000000000000000000e+00
2.221630651809102375e+01,0.000000000000000000e+00
1.757376563448572782e+01,0.000000000000000000e+00
1.923376747639146345e+01,0.000000000000000000e+00
2.054485593612417915e+01,0.000000000000000000e+00
1.871195748602989894e+01,0.000000000000000000e+00
1.963851834546226627e+01,0.000000000000000000e+00
1.989512150659624012e+01,0.000000000000000000e+00
2.159869863371190846e+01,0.000000000000000000e+00
2.391520713991939928e+01,0.000000000000000000e+00
2.238058296419722737e+01,0.000000000000000000e+00
1.951851036513979309e+01,0.000000000000000000e+00
2.181635262651786888e+01,0.000000000000000000e+00
2.226714898646292795e+01,0.000000000000000000e+00
1.849698790717596708e+01,0.000000000000000000e+00
1.867703915353546407e+01,0.000000000000000000e+00
1.695088724053149321e+01,0.000000000000000000e+00
1.578423451284102441e+01,0.000000000000000000e+00
1.744297517998248281e+01,0.000000000000000000e+00
1.969992629961819830e+01,0.000000000000000000e+00
2.011240466621056555e+01,0.000000000000000000e+00
2.031065296303029299e+01,0.000000000000000000e+00
2.259097331496529648e+01,0.000000000000000000e+00
2.364120812945571259e+01,0.000000000000000000e+00
1.986339308097007006e+01,0.000000000000000000e+00
1.946707607256614736e+01,0.000000000000000000e+00
2.107990042135078212e+01,0.000000000000000000e+00
1.897282329760257369e+01,0.000000000000000000e+00
1.991601586914914179e+01,0.000000000000000000e+00
2.102295603212831665e+01,0.000000000000000000e+00
2.102155334816257337e+01,0.000000000000000000e+00
2.302188977027213568e+01,0.000000000000000000e+00
1.829848099311675824e+01,0.000000000000000000e+00
2.241239155049506593e+01,0.000000000000000000e+00
1.938338533389648788e+01,0.000000000000000000e+00
2.166232769426557780e+01,0.000000000000000000e+00
1.953113020068319727e+01,0.000000000000000000e+00
2.093905757305314097e+01,0.000000000000000000e+00
1.920692959853494486e+01,0.000000000000000000e+00
2.019812330084081609e+01,0.000000000000000000e+00
2.313659323926828648e+01,0.000000000000000000e+00
2.174126324873753191e+01,0.000000000000000000e+00
2.198126144316987407e+01,0.000000000000000000e+00
2.284569276452218389e+01,0.000000000000000000e+00
2.190697217103077321e+01,0.000000000000000000e+00
2.093251460242743534e+01,0.000000000000000000e+00
1.746941681783437161e+01,0.000000000000000000e+00
1.911680392836797182e+01,0.000000000000000000e+00
2.222325703383895146e+01,0.000000000000000000e+00
2.007327081367584043e+01,0.000000000000000000e+00
2.284235690992674250e+01,0.000000000000000000e+00
2.036639330287180272e+01,0.000000000000000000e+00
1.786616439661263911e+01,0.000000000000000000e+00
1.853879559203151217e+01,0.000000000000000000e+00
2.382722678568719488e+01,0.000000000000000000e+00
1.813132813917735220e+01,0.000000000000000000e+00
2.072886264923771193e+01,0.000000000000000000e+00
1.997122569941776860e+01,0.000000000000000000e+00
1.994200201217395119e+01,0.000000000000000000e+00
1.959934361071527675e+01,0.000000000000000000e+00
1.745704057888538685e+01,0.000000000000000000e+00
1.900808360851569745e+01,0.000000000000000000e+00
1.623844018162209579e+01,0.000000000000000000e+00
1.817800039941877088e+01,0.000000000000000000e+00
1.940257811527477472e+01,0.000000000000000000e+00
2.192575295726883766e+01,0.000000000000000000e+00
1.789923694286700595e+01,0.000000000000000000e+00
1.733943933538106208e+01,0.000000000000000000e+00
2.122931025337668842e+01,0.000000000000000000e+00
2.402059070492857273e+01,0.000000000000000000e+00
2.211027083896193446e+01,0.000000000000000000e+00
1.972699104851072960e+01,0.000000000000000000e+00
2.457464030482280037e+01,0.000000000000000000e+00
1.870513491112958704e+01,0.000000000000000000e+00
2.008504147587091282e+01,0.000000000000000000e+00
1.776008652909177954e+01,0.000000000000000000e+00
1.860029320481879367e+01,0.000000000000000000e+00
2.451996773351718417e+01,0.000000000000000000e+00
1.821075607517366635e+01,0.000000000000000000e+00
2.164610011783361543e+01,0.000000000000000000e+00
2.252544201354644926e+01,0.000000000000000000e+00
2.136712423395674421e+01,0.000000000000000000e+00
2.151507445769544091e+01,0.000000000000000000e+00
2.139689404166713160e+01,0.000000000000000000e+00
2.014185786811398060e+01,0.000000000000000000e+00
1.742404081213284783e+01,0.000000000000000000e+00
2.154233705634583629e+01,0.000000000000000000e+00
1.918254912421773639e+01,0.000000000000000000e+00
2.118366189584780557e+01,0.000000000000000000e+00
2.238059273064041932e+01,0.000000000000000000e+00
1.946615909367355357e+01,0.000000000000000000e+00
1.988426436388817109e+01,0.000000000000000000e+00
2.280815145332020677e+01,0.000000000000000000e+00
2.102871844404948831e+01,0.000000000000000000e+00
2.082019051681551858e+01,0.000000000000000000e+00
1.949183746777458381e+01,0.000000000000000000e+00
2.224088167472137201e+01,0.000000000000000000e+00
2.196520476615629747e+01,0.000000000000000000e+00
1.973135647675966098e+01,0.000000000000000000e+00
1.904072103384201142e+01,0.000000000000000000e+00
1.846761510147319996e+01,0.000000000000000000e+00
1.701974319808979530e+01,0.000000000000000000e+00
1.853603327765834052e+01,0.000000000000000000e+00
1.907274087753248537e+01,0.000000000000000000e+00
2.172671193350241481e+01,0.000000000000000000e+00
1.888590377182795166e+01,0.000000000000000000e+00
2.032052450989583647e+01,0.000000000000000000e+00
1.796665263105566623e+01,0.000000000000000000e+00
2.172442448656866887e+01,0.000000000000000000e+00
1.759732514919933166e+01,0.000000000000000000e+00
2.158176757190323514e+01,0.000000000000000000e+00
2.199523340382475922e+01,0.000000000000000000e+00
2.201773528310122074e+01,0.000000000000000000e+00
2.403537026729080495e+01,0.000000000000000000e+00
1.771493777705441985e+01,0.000000000000000000e+00
1.534143845058144251e+01,0.000000000000000000e+00
1.892014393424345187e+01,0.000000000000000000e+00
1.649186717142323744e+01,0.000000000000000000e+00
2.173929371222469697e+01,0.000000000000000000e+00
6.638171961679206845e+01,0.000000000000000000e+00
6.857068685104398753e+01,0.000000000000000000e+00
6.582499302940840380e+01,0.000000000000000000e+00
7.161478273724746657e+01,0.000000000000000000e+00
6.680940352167067431e+01,0.000000000000000000e+00
6.881406058299154438e+01,0.000000000000000000e+00
6.922037025371419361e+01,0.000000000000000000e+00
6.965527821897975969e+01,0.000000000000000000e+00
6.699012922416842741e+01,0.000000000000000000e+00
6.928757339815432204e+01,0.000000000000000000e+00
6.981122322633389388e+01,0.000000000000000000e+00
6.715812562105701033e+01,0.000000000000000000e+00
8.102284668025887981e+01,0.000000000000000000e+00
8.115790757465101990e+01,0.000000000000000000e+00
7.626224666987388900e+01,0.000000000000000000e+00
7.519269063889065308e+01,0.000000000000000000e+00
7.637362692182595936e+01,0.000000000000000000e+00
7.905797213421369918e+01,0.000000000000000000e+00
7.775131654026019135e+01,0.000000000000000000e+00
7.809369143940848801e+01,0.000000000000000000e+00
7.672065124589927620e+01,0.000000000000000000e+00
7.481883681147375853e+01,0.000000000000000000e+00
7.984944343676868073e+01,0.000000000000000000e+00
7.906079255497446923e+01,0.000000000000000000e+00
8.011269176813678428e+01,0.000000000000000000e+00
7.990068209322964776e+01,0.000000000000000000e+00
7.839667728491339460e+01,0.000000000000000000e+00
7.911728227780962186e+01,0.000000000000000000e+00
7.708837350795438681e+01,0.000000000000000000e+00
8.377749826563146485e+01,0.000000000000000000e+00
7.841449942617586544e+01,0.000000000000000000e+00
8.056416625241305951e+01,0.000000000000000000e+00
8.187424046990801685e+01,0.000000000000000000e+00
7.691866087337461977e+01,0.000000000000000000e+00
7.768435542850878051e+01,0.000000000000000000e+00
8.021119696799121357e+01,0.000000000000000000e+00
8.233811900147708229e+01,0.000000000000000000e+00
7.878266977371536939e+01,0.000000000000000000e+00
8.128548054340464546e+01,0.000000000000000000e+00
8.082977587669542174e+01,0.000000000000000000e+00
8.022483330977013338e+01,0.000000000000000000e+00
7.876624412067604908e+01,0.000000000000000000e+00
7.597248010318651268e+01,0.000000000000000000e+00
7.775978511418904304e+01,0.000000000000000000e+00
7.942441152924799042e+01,0.000000000000000000e+00
7.798793534955905216e+01,0.000000000000000000e+00
8.063566719996993015e+01,0.000000000000000000e+00
7.863474431729159164e+01,0.000000000000000000e+00
8.213587293782521215e+01,0.000000000000000000e+00
7.804952605747030248e+01,0.000000000000000000e+00
8.249484498681300693e+01,0.000000000000000000e+00
7.916868579918390481e+01,0.000000000000000000e+00
7.990324757560360069e+01,0.000000000000000000e+00
7.775302661847636898e+01,0.000000000000000000e+00
7.792483575911091975e+01,0.000000000000000000e+00
7.915772714345899885e+01,0.000000000000000000e+00
8.514972203201841694e+01,0.000000000000000000e+00
7.903048905784339695e+01,0.000000000000000000e+00
8.036853228170167540e+01,0.000000000000000000e+00
7.948021790052489166e+01,0.000000000000000000e+00
8.367758075777112481e+01,0.000000000000000000e+00
7.892157120674188775e+01,0.000000000000000000e+00
7.801140962788416289e+01,0.000000000000000000e+00
7.687975136772142548e+01,0.000000000000000000e+00
7.849387847075104219e+01,0.000000000000000000e+00
8.163903691013055663e+01,0.000000000000000000e+00
7.701791863816572459e+01,0.000000000000000000e+00
7.823359909158128289e+01,0.000000000000000000e+00
7.933186847403339925e+01,0.000000000000000000e+00
7.841202971350634243e+01,0.000000000000000000e+00
7.815206390835272998e+01,0.000000000000000000e+00
8.028322163406770073e+01,0.000000000000000000e+00
7.926443059008205694e+01,0.000000000000000000e+00
8.057117702544276483e+01,0.000000000000000000e+00
8.050621081609233443e+01,0.000000000000000000e+00
8.295695410838068540e+01,0.000000000000000000e+00
8.245950806317966908e+01,0.000000000000000000e+00
7.843940087482404522e+01,0.000000000000000000e+00
7.726450227004099247e+01,0.000000000000000000e+00
7.932733877938541411e+01,0.000000000000000000e+00
7.991774600366450443e+01,0.000000000000000000e+00
8.216290865564052126e+01,0.000000000000000000e+00
8.095209099628738159e+01,0.000000000000000000e+00
7.967039021125506792e+01,0.000000000000000000e+00
7.989724232785111724e+01,0.000000000000000000e+00
8.336334343313127704e+01,0.000000000000000000e+00
8.402814701648857465e+01,0.000000000000000000e+00
8.120741708395011926e+01,0.000000000000000000e+00
8.406531275178186036e+01,0.000000000000000000e+00
8.380434469719527613e+01,0.000000000000000000e+00
7.863159899149896148e+01,0.000000000000000000e+00
7.701841983029511596e+01,0.000000000000000000e+00
7.757704825458414177e+01,0.000000000000000000e+00
8.078024434760035888e+01,0.000000000000000000e+00
8.130319325795298369e+01,0.000000000000000000e+00
8.095872039502050654e+01,0.000000000000000000e+00
8.128305542607219536e+01,0.000000000000000000e+00
7.867597054367818998e+01,0.000000000000000000e+00
7.963144293928334605e+01,0.000000000000000000e+00
7.995911865038038968e+01,0.000000000000000000e+00
7.854339491276518004e+01,0.000000000000000000e+00
7.919014757009229299e+01,0.000000000000000000e+00
8.180731597256992416e+01,0.000000000000000000e+00
7.832116274899465225e+01,0.000000000000000000e+00
8.040630765887001985e+01,0.000000000000000000e+00
8.317896927416971664e+01,0.000000000000000000e+00
8.360268189775550240e+01,0.000000000000000000e+00
8.205865843545457494e+01,0.000000000000000000e+00
3.107532582863525050e+01,0.000000000000000000e+00
2.990044537603188601e+01,0.000000000000000000e+00
3.196220074419468204e+01,0.000000000000000000e+00
2.931004639699109759e+01,0.000000000000000000e+00
3.315840848018169140e+01,0.000000000000000000e+00
3.136586615586809401e+01,0.000000000000000000e+00
3.180672017613287750e+01,0.000000000000000000e+00
3.105077678807462505e+01,0.000000000000000000e+00
3.488521040616559787e+01,0.000000000000000000e+00
3.058791972721261132e+01,0.000000000000000000e+00
3.330976592359773747e+01,0.000000000000000000e+00
2.930947890146350687e+01,0.000000000000000000e+00
2.335244250430163859e+01,0.000000000000000000e+00
2.393292421754396315e+01,0.000000000000000000e+00
2.215311056260397748e+01,0.000000000000000000e+00
2.114504778963550891e+01,0.000000000000000000e+00
2.120522578660123614e+01,0.000000000000000000e+00
2.283697682823781250e+01,0.000000000000000000e+00
2.115575335519790912e+01,0.000000000000000000e+00
2.415694378851716451e+01,0.000000000000000000e+00
2.192783181632886169e+01,0.000000000000000000e+00
2.310799905323711911e+01,0.000000000000000000e+00
2.500599124840532284e+01,0.000000000000000000e+00
2.415857264994042097e+01,0.000000000000000000e+00
2.292934405451471847e+01,0.000000000000000000e+00
1.752028744852432851e+01,0.000000000000000000e+00
1.685773034225242739e+01,0.000000000000000000e+00
2.087882020337982070e+01,0.000000000000000000e+00
1.955330959589360873e+01,0.000000000000000000e+00
1.978907550629018886e+01,0.000000000000000000e+00
2.348572001880687665e+01,0.000000000000000000e+00
2.042894029237661968e+01,0.000000000000000000e+00
2.065859225323813320e+01,0.000000000000000000e+00
2.222849292555531520e+01,0.000000000000000000e+00
2.069004313560719410e+01,0.000000000000000000e+00
2.091164975217069610e+01,0.000000000000000000e+00
2.046511079216375251e+01,0.000000000000000000e+00
2.534220583760110301e+01,0.000000000000000000e+00
1.969567965339494720e+01,0.000000000000000000e+00
2.249002847131703220e+01,0.000000000000000000e+00
2.169994969738903379e+01,0.000000000000000000e+00
1.822579758961101604e+01,0.000000000000000000e+00
2.321807702294850984e+01,0.000000000000000000e+00
1.828098666017912777e+01,0.000000000000000000e+00
1.880118430180219491e+01,0.000000000000000000e+00
2.064769741776890299e+01,0.000000000000000000e+00
2.097504386572612844e+01,0.000000000000000000e+00
2.181040163084282213e+01,0.000000000000000000e+00
2.267341940893706820e+01,0.000000000000000000e+00
2.365378389271029391e+01,0.000000000000000000e+00
2.500979598766347323e+01,0.000000000000000000e+00
1.799476371009134823e+01,0.000000000000000000e+00
1.972958659023342776e+01,0.000000000000000000e+00
1.741746844484230650e+01,0.000000000000000000e+00
2.021215336752726088e+01,0.000000000000000000e+00
2.024827836573083673e+01,0.000000000000000000e+00
1.997862192741790111e+01,0.000000000000000000e+00
2.130698792442709788e+01,0.000000000000000000e+00
2.091254878533325723e+01,0.000000000000000000e+00
2.071139235287191482e+01,0.000000000000000000e+00
1.918977441601452583e+01,0.000000000000000000e+00
2.159243196968119705e+01,0.000000000000000000e+00
1.835294115199717524e+01,0.000000000000000000e+00
2.195250989058046187e+01,0.000000000000000000e+00
2.391217253482189875e+01,0.000000000000000000e+00
1.869939997201394277e+01,0.000000000000000000e+00
1.700587065056601688e+01,0.000000000000000000e+00
2.190777364130341809e+01,0.000000000000000000e+00
2.080029221908487713e+01,0.000000000000000000e+00
1.733012454715513684e+01,0.000000000000000000e+00
2.026936740404318371e+01,0.000000000000000000e+00
2.105219998262112924e+01,0.000000000000000000e+00
2.283920943397015790e+01,0.000000000000000000e+00
2.256350987408448105e+01,0.000000000000000000e+00
2.059480370736088872e+01,0.000000000000000000e+00
1.685517859833316834e+01,0.000000000000000000e+00
2.079751820434146126e+01,0.000000000000000000e+00
1.854913211224025105e+01,0.000000000000000000e+00
2.026494013946543760e+01,0.000000000000000000e+00
2.008728646139958229e+01,0.000000000000000000e+00
1.991737436386851101e+01,0.000000000000000000e+00
1.825243582181589019e+01,0.000000000000000000e+00
1.565132643147562419e+01,0.000000000000000000e+00
1.943452371166676329e+01,0.000000000000000000e+00
2.208987949096594861e+01,0.000000000000000000e+00
2.080512077772295854e+01,0.000000000000000000e+00
2.091084287573751510e+01,0.000000000000000000e+00
2.055719311339375110e+01,0.000000000000000000e+00
1.432714874116980042e+01,0.000000000000000000e+00
2.226431535055277777e+01,0.000000000000000000e+00
2.087452432795283030e+01,0.000000000000000000e+00
2.226735345963074764e+01,0.000000000000000000e+00
2.360408265559648910e+01,0.000000000000000000e+00
2.045311944948079486e+01,0.000000000000000000e+00
2.048250978252260168e+01,0.000000000000000000e+00
1.985320658517100512e+01,0.000000000000000000e+00
2.193090725973741328e+01,0.000000000000000000e+00
2.020456826365988334e+01,0.000000000000000000e+00
2.104987904418343092e+01,0.000000000000000000e+00
1.696759746270146607e+01,0.000000000000000000e+00
2.219167991866332557e+01,0.000000000000000000e+00
1.808222550301442411e+01,0.000000000000000000e+00
2.113862754949972711e+01,0.000000000000000000e+00
2.142734419385234901e+01,0.000000000000000000e+00
2.093761962509419661e+01,0.000000000000000000e+00
2.142641680155607986e+01,0.000000000000000000e+00
1.998466466412660125e+01,0.000000000000000000e+00
2.114648334766349436e+01,0.000000000000000000e+00
1.873116863244258212e+01,0.000000000000000000e+00
1.645306954415272216e+01,0.000000000000000000e+00
1.905234714427315623e+01,0.000000000000000000e+00
2.042973736842550991e+01,0.000000000000000000e+00
2.190636759388342725e+01,0.000000000000000000e+00
2.042639667446864138e+01,0.000000000000000000e+00
2.012195997150030280e+01,0.000000000000000000e+00
1.951397215722419887e+01,0.000000000000000000e+00
2.110796940679405509e+01,0.000000000000000000e+00
1.810943195145592099e+01,0.000000000000000000e+00
1.581436068817869511e+01,0.000000000000000000e+00
1.987936031201795117e+01,0.000000000000000000e+00
2.273526769954804649e+01,0.000000000000000000e+00
2.043513548406674829e+01,0.000000000000000000e+00
2.125840998263218751e+01,0.000000000000000000e+00
1.845186711955297554e+01,0.000000000000000000e+00
1.797799186761758605e+01,0.000000000000000000e+00
2.254916276919510665e+01,0.000000000000000000e+00
2.069005926455272615e+01,0.000000000000000000e+00
2.150025677844356053e+01,0.000000000000000000e+00
1.901489409849838452e+01,0.000000000000000000e+00
1.957787930860866155e+01,0.000000000000000000e+00
1.865927596523866683e+01,0.000000000000000000e+00
2.127747509888464350e+01,0.000000000000000000e+00
2.118297679914447329e+01,0.000000000000000000e+00
1.845233304229836335e+01,0.000000000000000000e+00
1.847001912371494825e+01,0.000000000000000000e+00
1.801546952665757573e+01,0.000000000000000000e+00
2.048606707861919674e+01,0.000000000000000000e+00
2.026327124504578592e+01,0.000000000000000000e+00
1.893784744878730919e+01,0.000000000000000000e+00
2.327290460270844719e+01,0.000000000000000000e+00
2.193100778348292934e+01,0.000000000000000000e+00
1.931423181365674679e+01,0.000000000000000000e+00
2.365130557609084505e+01,0.000000000000000000e+00
1.983233724527480035e+01,0.000000000000000000e+00
1.973412683632397702e+01,0.000000000000000000e+00
2.248437771099464655e+01,0.000000000000000000e+00
1.874680971503445903e+01,0.000000000000000000e+00
2.092586399716008927e+01,0.000000000000000000e+00
2.113186737989922648e+01,0.000000000000000000e+00
1.769901896198789970e+01,0.000000000000000000e+00
1.628021553041131497e+01,0.000000000000000000e+00
1.777417827726038979e+01,0.000000000000000000e+00
1.870736900671263214e+01,0.000000000000000000e+00
2.200853275992054492e+01,0.000000000000000000e+00
2.468922153067656566e+01,0.000000000000000000e+00
2.052932308636699688e+01,0.000000000000000000e+00
1.968301344743749581e+01,0.000000000000000000e+00
2.321759427250325913e+01,0.000000000000000000e+00
2.251564209559335694e+01,0.000000000000000000e+00
2.035969434902258257e+01,0.000000000000000000e+00
2.165677362808354189e+01,0.000000000000000000e+00
1.997706076325382085e+01,0.000000000000000000e+00
1.614837761777661740e+01,0.000000000000000000e+00
1.767713141008240996e+01,0.000000000000000000e+00
2.123372545933049693e+01,0.000000000000000000e+00
2.216309990588489853e+01,0.000000000000000000e+00
1.693002198847095841e+01,0.000000000000000000e+00
2.107888624065812877e+01,0.000000000000000000e+00
2.285206131473196578e+01,0.000000000000000000e+00
1.631578049917487050e+01,0.000000000000000000e+00
2.057350455856764881e+01,0.000000000000000000e+00
2.298195000655152143e+01,0.000000000000000000e+00
2.129206769483575457e+01,0.000000000000000000e+00
1.773689271064009532e+01,0.000000000000000000e+00
2.283869793726556097e+01,0.000000000000000000e+00
2.046459019566552584e+01,0.000000000000000000e+00
1.500709602569897072e+01,0.000000000000000000e+00
2.204708926727228757e+01,0.000000000000000000e+00
2.394934171588586125e+01,0.000000000000000000e+00
2.016954156739572923e+01,0.000000000000000000e+00
6.977008984264537617e+01,0.000000000000000000e+00
6.626957265978641942e+01,0.000000000000000000e+00
6.601842498099837542e+01,0.000000000000000000e+00
6.553480946198183688e+01,0.000000000000000000e+00
6.820982461988238299e+01,0.000000000000000000e+00
6.819666483857801609e+01,0.000000000000000000e+00
6.784847671625405496e+01,0.000000000000000000e+00
6.378706650647966114e+01,0.000000000000000000e+00
6.824589522569478106e+01,0.000000000000000000e+00
7.072306761775621453e+01,0.000000000000000000e+00
6.869507815050674537e+01,0.000000000000000000e+00
6.536719333357629580e+01,0.000000000000000000e+00
8.273071738989696655e+01,0.000000000000000000e+00
7.164689655169367200e+01,0.000000000000000000e+00
7.931167716326417860e+01,0.000000000000000000e+00
7.704687893736695514e+01,0.000000000000000000e+00
7.514790324748126693e+01,0.000000000000000000e+00
8.138132635484669208e+01,0.000000000000000000e+00
7.937027136773632208e+01,0.000000000000000000e+00
7.546290213515752043e+01,0.000000000000000000e+00
7.538042110965339759e+01,0.000000000000000000e+00
7.464547221047652670e+01,0.000000000000000000e+00
7.942935379738314339e+01,0.000000000000000000e+00
7.907752113845073438e+01,0.000000000000000000e+00
8.202896832639177660e+01,0.000000000000000000e+00
7.950935069234526509e+01,0.000000000000000000e+00
7.832088717648501586e+01,0.000000000000000000e+00
8.414912318475353459e+01,0.000000000000000000e+00
7.668638953027894445e+01,0.000000000000000000e+00
7.812505600142270623e+01,0.000000000000000000e+00
7.970996759974399026e+01,0.000000000000000000e+00
7.906608245238408017e+01,0.000000000000000000e+00
7.991918892169960031e+01,0.000000000000000000e+00
7.995220922569183131e+01,0.000000000000000000e+00
7.970756828855131459e+01,0.000000000000000000e+00
7.694148909862913399e+01,0.000000000000000000e+00
7.835390453670677857e+01,0.000000000000000000e+00
8.276968251977925206e+01,0.000000000000000000e+00
7.525101944922084840e+01,0.000000000000000000e+00
8.175150844917772019e+01,0.000000000000000000e+00
7.779266504564604645e+01,0.000000000000000000e+00
7.885086373689156858e+01,0.000000000000000000e+00
7.850402594914457666e+01,0.000000000000000000e+00
7.941795313602494844e+01,0.000000000000000000e+00
7.976304061382441546e+01,0.000000000000000000e+00
7.968783080010959452e+01,0.000000000000000000e+00
8.104744148014395932e+01,0.000000000000000000e+00
7.835848485803481367e+01,0.000000000000000000e+00
7.973749887377702805e+01,0.000000000000000000e+00
7.939829971878261006e+01,0.000000000000000000e+00
8.175108767112723740e+01,0.000000000000000000e+00
7.737859830200487465e+01,0.000000000000000000e+00
7.694766065616937567e+01,0.000000000000000000e+00
7.960922965649949390e+01,0.000000000000000000e+00
8.050026946102843795e+01,0.000000000000000000e+00
8.220615447312282242e+01,0.000000000000000000e+00
8.026059080903836218e+01,0.000000000000000000e+00
7.812360019356115970e+01,0.000000000000000000e+00
8.267790018919029649e+01,0.000000000000000000e+00
8.100515281065916895e+01,0.000000000000000000e+00
7.998121906103244783e+01,0.000000000000000000e+00
8.045730197919553461e+01,0.000000000000000000e+00
7.770391574877433527e+01,0.000000000000000000e+00
8.052133478119681342e+01,0.000000000000000000e+00
8.237306702920625412e+01,0.000000000000000000e+00
7.841744116210900017e+01,0.000000000000000000e+00
7.641567034681425241e+01,0.000000000000000000e+00
8.082305840537978270e+01,0.000000000000000000e+00
8.034215887718011118e+01,0.000000000000000000e+00
8.074932260589731925e+01,0.000000000000000000e+00
7.799694386011982772e+01,0.000000000000000000e+00
7.989335886585219271e+01,0.000000000000000000e+00
8.034267000928528546e+01,0.000000000000000000e+00
7.919087335918604253e+01,0.000000000000000000e+00
8.016963556060274243e+01,0.000000000000000000e+00
8.010616922970424980e+01,0.000000000000000000e+00
7.691158322727088148e+01,0.000000000000000000e+00
8.024818720145388795e+01,0.000000000000000000e+00
7.866205814515872419e+01,0.000000000000000000e+00
7.877343605400336912e+01,0.000000000000000000e+00
8.324262289027571171e+01,0.000000000000000000e+00
7.911266461986703291e+01,0.000000000000000000e+00
7.960979068033601891e+01,0.000000000000000000e+00
7.946616077143022494e+01,0.000000000000000000e+00
7.956864340342946207e+01,0.000000000000000000e+00
8.209660288784579052e+01,0.000000000000000000e+00
7.888853140554027732e+01,0.000000000000000000e+00
8.007738668244202529e+01,0.000000000000000000e+00
8.163990288925754157e+01,0.000000000000000000e+00
8.103970589785339484e+01,0.000000000000000000e+00
7.775408287479109504e+01,0.000000000000000000e+00
7.910787918519351081e+01,0.000000000000000000e+00
8.139677710001207345e+01,0.000000000000000000e+00
8.032464094908134200e+01,0.000000000000000000e+00
8.056834125101174493e+01,0.000000000000000000e+00
8.257786857838536321e+01,0.000000000000000000e+00
7.972581823952680224e+01,0.000000000000000000e+00
7.800668442362494659e+01,0.000000000000000000e+00
8.308722349279837260e+01,0.000000000000000000e+00
7.963494518992203552e+01,0.000000000000000000e+00
8.297240112886228758e+01,0.000000000000000000e+00
7.914126268425580690e+01,0.000000000000000000e+00
7.867994222123017778e+01,0.000000000000000000e+00
8.070797519415773991e+01,0.000000000000000000e+00
8.092969124527351710e+01,0.000000000000000000e+00
8.053249141544308998e+01,0.000000000000000000e+00
8.158315127779226827e+01,0.000000000000000000e+00
8.034731124980253014e+01,0.000000000000000000e+00
3.131433289341836712e+01,0.000000000000000000e+00
2.847405486035963662e+01,0.000000000000000000e+00
2.975714290086157021e+01,0.000000000000000000e+00
3.280326624472971275e+01,0.000000000000000000e+00
3.222381461796260993e+01,0.000000000000000000e+00
3.247267323304436104e+01,0.000000000000000000e+00
3.088256839836778767e+01,0.000000000000000000e+00
3.324559019586137509e+01,0.000000000000000000e+00
3.135843721085392843e+01,0.000000000000000000e+00
3.268028200537270322e+01,0.000000000000000000e+00
3.388508474186720321e+01,0.000000000000000000e+00
3.405444710912757955e+01,0.000000000000000000e+00
2.346615973999201543e+01,0.000000000000000000e+00
2.074780488896932695e+01,0.000000000000000000e+00
2.236813181873040435e+01,0.000000000000000000e+00
2.049154417712247067e+01,0.000000000000000000e+00
2.445660470592876123e+01,0.000000000000000000e+00
1.942548977009216671e+01,0.000000000000000000e+00
2.094637956611045482e+01,0.000000000000000000e+00
1.744345215816968775e+01,0.000000000000000000e+00
2.001994139521746519e+01,0.000000000000000000e+00
2.116973737938545597e+01,0.000000000000000000e+00
2.171693738918527217e+01,0.000000000000000000e+00
2.296888374312802839e+01,0.000000000000000000e+00
1.786841692964008743e+01,0.000000000000000000e+00
2.127842975694640515e+01,0.000000000000000000e+00
2.025034176140369624e+01,0.000000000000000000e+00
2.053625143869309255e+01,0.000000000000000000e+00
2.083404863523580630e+01,0.000000000000000000e+00
1.614700225209408302e+01,0.000000000000000000e+00
2.007395353874978383e+01,0.000000000000000000e+00
1.998330886610679613e+01,0.000000000000000000e+00
2.167600317956792466e+01,0.000000000000000000e+00
2.122832976664674831e+01,0.000000000000000000e+00
1.939536481506602783e+01,0.000000000000000000e+00
1.828991989727918011e+01,0.000000000000000000e+00
2.186154670708389602e+01,0.000000000000000000e+00
2.079356109063485647e+01,0.000000000000000000e+00
2.073509354611497102e+01,0.000000000000000000e+00
1.870876541232575363e+01,0.000000000000000000e+00
2.149878160677361194e+01,0.000000000000000000e+00
2.379873361349660144e+01,0.000000000000000000e+00
1.885981488872497280e+01,0.000000000000000000e+00
1.910150075031483041e+01,0.000000000000000000e+00
2.216233567608202648e+01,0.000000000000000000e+00
2.317578306594822024e+01,0.000000000000000000e+00
2.133893394821811995e+01,0.000000000000000000e+00
2.293608893850670682e+01,0.000000000000000000e+00
1.991596430884802871e+01,0.000000000000000000e+00
2.597064098606101723e+01,0.000000000000000000e+00
1.990213576081662339e+01,0.000000000000000000e+00
1.885762332577983713e+01,0.000000000000000000e+00
1.753112037514329558e+01,0.000000000000000000e+00
2.000668580093235605e+01,0.000000000000000000e+00
1.862374451165736033e+01,0.000000000000000000e+00
2.170460657475648603e+01,0.000000000000000000e+00
2.211944082474899176e+01,0.000000000000000000e+00
1.916975366319119800e+01,0.000000000000000000e+00
2.133820270042979317e+01,0.000000000000000000e+00
2.488157343636395069e+01,0.000000000000000000e+00
2.043148598302437335e+01,0.000000000000000000e+00
1.845547061390778509e+01,0.000000000000000000e+00
2.070483476994493088e+01,0.000000000000000000e+00
2.008595713836421837e+01,0.000000000000000000e+00
1.790365889469370586e+01,0.000000000000000000e+00
1.863301703710385127e+01,0.000000000000000000e+00
1.844174636119846156e+01,0.000000000000000000e+00
1.643167273978403031e+01,0.000000000000000000e+00
2.027395022148190051e+01,0.000000000000000000e+00
1.510192124603999630e+01,0.000000000000000000e+00
1.944984036357850599e+01,0.000000000000000000e+00
2.120573586299748570e+01,0.000000000000000000e+00
2.145400395767171631e+01,0.000000000000000000e+00
2.076448850783407352e+01,0.000000000000000000e+00
2.017519867013908197e+01,0.000000000000000000e+00
1.736526380950317616e+01,0.000000000000000000e+00
1.561247024396129035e+01,0.000000000000000000e+00
2.212214769646069001e+01,0.000000000000000000e+00
2.311580648174632557e+01,0.000000000000000000e+00
1.984222600535958847e+01,0.000000000000000000e+00
2.291881177258067126e+01,0.000000000000000000e+00
2.237669217388162934e+01,0.000000000000000000e+00
1.884607822229316199e+01,0.000000000000000000e+00
2.026997050930344813e+01,0.000000000000000000e+00
1.977102334961491081e+01,0.000000000000000000e+00
1.752097057476634845e+01,0.000000000000000000e+00
2.039139077742353834e+01,0.000000000000000000e+00
1.901916424094367386e+01,0.000000000000000000e+00
2.140608468777801576e+01,0.000000000000000000e+00
2.174988406345130798e+01,0.000000000000000000e+00
1.998022939216038907e+01,0.000000000000000000e+00
2.293152831644326284e+01,0.000000000000000000e+00
2.105639051130503958e+01,0.000000000000000000e+00
2.169776717083273354e+01,0.000000000000000000e+00
1.968605093409038176e+01,0.000000000000000000e+00
1.799351485386068106e+01,0.000000000000000000e+00
1.697803259093954154e+01,0.000000000000000000e+00
2.122260673375214779e+01,0.000000000000000000e+00
2.030104760311412448e+01,0.000000000000000000e+00
2.283652260719883031e+01,0.000000000000000000e+00
1.952234276228533361e+01,0.000000000000000000e+00
2.083690003045976979e+01,0.000000000000000000e+00
2.008052690283113861e+01,0.000000000000000000e+00
2.236210751159151400e+01,0.000000000000000000e+00
2.085404979486344246e+01,0.000000000000000000e+00
2.108085089536640311e+01,0.000000000000000000e+00
2.022338818246531389e+01,0.000000000000000000e+00
2.171277711798855847e+01,0.000000000000000000e+00
2.181659446278791492e+01,0.000000000000000000e+00
2.333170252498374708e+01,0.000000000000000000e+00
2.258512985957179353e+01,0.000000000000000000e+00
2.208471455080744050e+01,0.000000000000000000e+00
1.886872264769044705e+01,0.000000000000000000e+00
1.768927056829173239e+01,0.000000000000000000e+00
1.650388405719372287e+01,0.000000000000000000e+00
1.848583074330097631e+01,0.000000000000000000e+00
1.776753956931179346e+01,0.000000000000000000e+00
1.602266816474410405e+01,0.000000000000000000e+00
1.889933001978348770e+01,0.000000000000000000e+00
2.189356314516055591e+01,0.000000000000000000e+00
2.097192428822816623e+01,0.000000000000000000e+00
1.693018128378038512e+01,0.000000000000000000e+00
1.801276574365934025e+01,0.000000000000000000e+00
2.391910996100813236e+01,0.000000000000000000e+00
2.087935965231198665e+01,0.000000000000000000e+00
2.138883518769793568e+01,0.000000000000000000e+00
1.753524879679029524e+01,0.000000000000000000e+00
2.165923166956973489e+01,0.000000000000000000e+00
1.933687612887260343e+01,0.000000000000000000e+00
1.887396607223415756e+01,0.000000000000000000e+00
2.307861390534178625e+01,0.000000000000000000e+00
2.064961038353064993e+01,0.000000000000000000e+00
2.030069634788302935e+01,0.000000000000000000e+00
2.077895762059906559e+01,0.000000000000000000e+00
1.939443054908429787e+01,0.000000000000000000e+00
1.717401227537935071e+01,0.000000000000000000e+00
1.983533304900685579e+01,0.000000000000000000e+00
1.695517357574981787e+01,0.000000000000000000e+00
1.920321226102057821e+01,0.000000000000000000e+00
1.463769400809207610e+01,0.000000000000000000e+00
2.229268379254808252e+01,0.000000000000000000e+00
1.826390061804831078e+01,0.000000000000000000e+00
2.184429088982383149e+01,0.000000000000000000e+00
2.086682938019144018e+01,0.000000000000000000e+00
1.911933869549906717e+01,0.000000000000000000e+00
1.820436112556732411e+01,0.000000000000000000e+00
2.178375267691715678e+01,0.000000000000000000e+00
2.178400270032244634e+01,0.000000000000000000e+00
2.003143083386970957e+01,0.000000000000000000e+00
2.032270756717267446e+01,0.000000000000000000e+00
1.982824174626811597e+01,0.000000000000000000e+00
2.104677905987541209e+01,0.000000000000000000e+00
2.159776161974086861e+01,0.000000000000000000e+00
2.094525420681165429e+01,0.000000000000000000e+00
2.399752747884578241e+01,0.000000000000000000e+00
1.856039252954530028e+01,0.000000000000000000e+00
2.077841419360655095e+01,0.000000000000000000e+00
2.008587800808500035e+01,0.000000000000000000e+00
1.917939793555827066e+01,0.000000000000000000e+00
2.041470296423089081e+01,0.000000000000000000e+00
2.360173012635071643e+01,0.000000000000000000e+00
1.824924915644869117e+01,0.000000000000000000e+00
1.834730289175141849e+01,0.000000000000000000e+00
2.010112974117357609e+01,0.000000000000000000e+00
1.960363889148753103e+01,0.000000000000000000e+00
1.783171681522774676e+01,0.000000000000000000e+00
1.977019734569550025e+01,0.000000000000000000e+00
1.918390941021672091e+01,0.000000000000000000e+00
1.754326451729454917e+01,0.000000000000000000e+00
1.758513186735400780e+01,0.000000000000000000e+00
2.090028226114466037e+01,0.000000000000000000e+00
1.585908969519788059e+01,0.000000000000000000e+00
2.107822138526013944e+01,0.000000000000000000e+00
2.170989990765868072e+01,0.000000000000000000e+00
1.989951303360677670e+01,0.000000000000000000e+00
1.990539958856895808e+01,0.000000000000000000e+00
2.328512373080624798e+01,0.000000000000000000e+00
1.792825845132571061e+01,0.000000000000000000e+00
2.101302615419999853e+01,0.000000000000000000e+00
1.744084509608172340e+01,0.000000000000000000e+00
7.210526099995728089e+01,0.000000000000000000e+00
6.806236185943141948e+01,0.000000000000000000e+00
6.641852905650402761e+01,0.000000000000000000e+00
6.695438045089971979e+01,0.000000000000000000e+00
6.303546885508765740e+01,0.000000000000000000e+00
6.855766936736645789e+01,0.000000000000000000e+00
6.742583379686742262e+01,0.000000000000000000e+00
6.601569835837182154e+01,0.000000000000000000e+00
6.768019411696582210e+01,0.000000000000000000e+00
7.000280284013177834e+01,0.000000000000000000e+00
7.117852675740105894e+01,0.000000000000000000e+00
6.778277458625713336e+01,0.000000000000000000e+00
7.615218759426265649e+01,0.000000000000000000e+00
7.923064725790428042e+01,0.000000000000000000e+00
7.733068482567264823e+01,0.000000000000000000e+00
7.894761724047143048e+01,0.000000000000000000e+00
7.731689984307190855e+01,0.000000000000000000e+00
7.553856186724893007e+01,0.000000000000000000e+00
7.658486199503646219e+01,0.000000000000000000e+00
7.661775951570409404e+01,0.000000000000000000e+00
7.675176855540338750e+01,0.000000000000000000e+00
7.789580087109987971e+01,0.000000000000000000e+00
7.719773857772037218e+01,0.000000000000000000e+00
7.748695245757340899e+01,0.000000000000000000e+00
8.633582093705516058e+01,0.000000000000000000e+00
8.057973391640211958e+01,0.000000000000000000e+00
7.878620064282507940e+01,0.000000000000000000e+00
7.903012564327515577e+01,0.000000000000000000e+00
8.083986134002395829e+01,0.000000000000000000e+00
7.998848038011351491e+01,0.000000000000000000e+00
7.843682729428591927e+01,0.000000000000000000e+00
8.182073210466980129e+01,0.000000000000000000e+00
7.983967053302789907e+01,0.000000000000000000e+00
7.619936263007352295e+01,0.000000000000000000e+00
7.862827464269518885e+01,0.000000000000000000e+00
7.854050537498042672e+01,0.000000000000000000e+00
7.748695748455301668e+01,0.000000000000000000e+00
8.108193777028915861e+01,0.000000000000000000e+00
8.204995426199819519e+01,0.000000000000000000e+00
7.863162748292403137e+01,0.000000000000000000e+00
7.718572030389402983e+01,0.000000000000000000e+00
8.154771961116942691e+01,0.000000000000000000e+00
8.034728282220534368e+01,0.000000000000000000e+00
8.097918241342640044e+01,0.000000000000000000e+00
7.957686949908676866e+01,0.000000000000000000e+00
8.069292260508278503e+01,0.000000000000000000e+00
8.312731332955132757e+01,0.000000000000000000e+00
7.936678708419434258e+01,0.000000000000000000e+00
7.613009813420005401e+01,0.000000000000000000e+00
7.785557183199230735e+01,0.000000000000000000e+00
8.119283234180099385e+01,0.000000000000000000e+00
7.933184891015679341e+01,0.000000000000000000e+00
8.279362420156505209e+01,0.000000000000000000e+00
7.841931713022124484e+01,0.000000000000000000e+00
7.991796761548302186e+01,0.000000000000000000e+00
7.987524287284320224e+01,0.000000000000000000e+00
8.063804453461230537e+01,0.000000000000000000e+00
7.948818814136035371e+01,0.000000000000000000e+00
7.827598458962663130e+01,0.000000000000000000e+00
7.746537284006397783e+01,0.000000000000000000e+00
7.912790924306379736e+01,0.000000000000000000e+00
8.035336868721662995e+01,0.000000000000000000e+00
7.838614417648359733e+01,0.000000000000000000e+00
7.825379035797894289e+01,0.000000000000000000e+00
7.785516931759975989e+01,0.000000000000000000e+00
7.927564910562654177e+01,0.000000000000000000e+00
7.929470515677213882e+01,0.000000000000000000e+00
8.107310171692530787e+01,0.000000000000000000e+00
8.068336998367615820e+01,0.000000000000000000e+00
7.935154607860525289e+01,0.000000000000000000e+00
7.933217729471100199e+01,0.000000000000000000e+00
7.875949131508262724e+01,0.000000000000000000e+00
8.064901288055337147e+01,0.000000000000000000e+00
8.065301554046318699e+01,0.000000000000000000e+00
7.658136172645798467e+01,0.000000000000000000e+00
8.113621976633122301e+01,0.000000000000000000e+00
7.930445719321932074e+01,0.000000000000000000e+00
7.771054648376505725e+01,0.000000000000000000e+00
8.054673027299784849e+01,0.000000000000000000e+00
7.898952562616838691e+01,0.000000000000000000e+00
8.025302583908762699e+01,0.000000000000000000e+00
8.042884505664703454e+01,0.000000000000000000e+00
8.157028973152922902e+01,0.000000000000000000e+00
8.186287371266716661e+01,0.000000000000000000e+00
7.863032251520618843e+01,0.000000000000000000e+00
7.883232001051607085e+01,0.000000000000000000e+00
7.853707400507627767e+01,0.000000000000000000e+00
8.163900714500148581e+01,0.000000000000000000e+00
7.880500764878719622e+01,0.000000000000000000e+00
8.152628274591836544e+01,0.000000000000000000e+00
8.025949593630714674e+01,0.000000000000000000e+00
8.285786266252122800e+01,0.000000000000000000e+00
8.092683979984454368e+01,0.000000000000000000e+00
8.056480384503278458e+01,0.000000000000000000e+00
8.211223458238578132e+01,0.000000000000000000e+00
7.988388794468474430e+01,0.000000000000000000e+00
8.316193396934990290e+01,0.000000000000000000e+00
7.706607974155815555e+01,0.000000000000000000e+00
7.625237839361648184e+01,0.000000000000000000e+00
8.139384551129448653e+01,0.000000000000000000e+00
8.214101677835307669e+01,0.000000000000000000e+00
8.233365553104449930e+01,0.000000000000000000e+00
8.171728055039872629e+01,0.000000000000000000e+00
8.133478497119973838e+01,0.000000000000000000e+00
7.948233379655785313e+01,0.000000000000000000e+00
8.025682750589301406e+01,0.000000000000000000e+00
8.517625976510390728e+01,0.000000000000000000e+00
7.872030868238880430e+01,0.000000000000000000e+00
2.996696237340049151e+01,0.000000000000000000e+00
3.790590095740578391e+01,0.000000000000000000e+00
3.187348076373745442e+01,0.000000000000000000e+00
3.153803547396339368e+01,0.000000000000000000e+00
3.022818846973941120e+01,0.000000000000000000e+00
3.311568709927154686e+01,0.000000000000000000e+00
3.304777539053545610e+01,0.000000000000000000e+00
3.471062475903440259e+01,0.000000000000000000e+00
3.018728781716210108e+01,0.000000000000000000e+00
2.964781713262468799e+01,0.000000000000000000e+00
3.166439226980482857e+01,0.000000000000000000e+00
3.130789855493400964e+01,0.000000000000000000e+00
2.180344040467944211e+01,0.000000000000000000e+00
2.273080812915002724e+01,0.000000000000000000e+00
2.385400722980132571e+01,0.000000000000000000e+00
2.175831660004114809e+01,0.000000000000000000e+00
2.112865680495275100e+01,0.000000000000000000e+00
2.458072542659785853e+01,0.000000000000000000e+00
2.301414049144201002e+01,0.000000000000000000e+00
2.333718662509258834e+01,0.000000000000000000e+00
2.333466311708157193e+01,0.000000000000000000e+00
2.284882217461462162e+01,0.000000000000000000e+00
2.336952807506340335e+01,0.000000000000000000e+00
2.001859201132968025e+01,0.000000000000000000e+00
1.976856336872317144e+01,0.000000000000000000e+00
1.978413828263051855e+01,0.000000000000000000e+00
2.013313248518073095e+01,0.000000000000000000e+00
1.991543008851153473e+01,0.000000000000000000e+00
2.010048670311019592e+01,0.000000000000000000e+00
2.234061035778261228e+01,0.000000000000000000e+00
2.109116755039178770e+01,0.000000000000000000e+00
1.951422029698641580e+01,0.000000000000000000e+00
2.029706701605952901e+01,0.000000000000000000e+00
2.190873007230189984e+01,0.000000000000000000e+00
1.876319900767132509e+01,0.000000000000000000e+00
2.073788636931250551e+01,0.000000000000000000e+00
2.101712634601723906e+01,0.000000000000000000e+00
2.038413604181738137e+01,0.000000000000000000e+00
2.126034378660473223e+01,0.000000000000000000e+00
1.925966831842141502e+01,0.000000000000000000e+00
1.802599887321613181e+01,0.000000000000000000e+00
1.842150642400885374e+01,0.000000000000000000e+00
1.965937331290240664e+01,0.000000000000000000e+00
1.617690347131054551e+01,0.000000000000000000e+00
1.908290618965200380e+01,0.000000000000000000e+00
2.133705672892566696e+01,0.000000000000000000e+00
1.778330628100789923e+01,0.000000000000000000e+00
2.228145462347702122e+01,0.000000000000000000e+00
1.993457593200048095e+01,0.000000000000000000e+00
2.068044341895724259e+01,0.000000000000000000e+00
1.725767648543762789e+01,0.000000000000000000e+00
2.103908393778568353e+01,0.000000000000000000e+00
2.296062190544373394e+01,0.000000000000000000e+00
1.851427664294195452e+01,0.000000000000000000e+00
2.330404779415624361e+01,0.000000000000000000e+00
1.603462903132709627e+01,0.000000000000000000e+00
2.218807247090958867e+01,0.000000000000000000e+00
1.887843874903571262e+01,0.000000000000000000e+00
1.963489838499942408e+01,0.000000000000000000e+00
1.915115261536512392e+01,0.000000000000000000e+00
1.819836915998262938e+01,0.000000000000000000e+00
1.941672279792702227e+01,0.000000000000000000e+00
2.089334430402401921e+01,0.000000000000000000e+00
2.067767017775071636e+01,0.000000000000000000e+00
1.925575255670448627e+01,0.000000000000000000e+00
1.876525954395667384e+01,0.000000000000000000e+00
2.082555571142591333e+01,0.000000000000000000e+00
2.184977550413872649e+01,0.000000000000000000e+00
2.193038263837520674e+01,0.000000000000000000e+00
2.142695046468161024e+01,0.000000000000000000e+00
2.246064912679201342e+01,0.000000000000000000e+00
2.244101395306609703e+01,0.000000000000000000e+00
1.773818288733998827e+01,0.000000000000000000e+00
2.191039390159097877e+01,0.000000000000000000e+00
1.790347032476471867e+01,0.000000000000000000e+00
1.788078427446503582e+01,0.000000000000000000e+00
1.941737503642062279e+01,0.000000000000000000e+00
1.935688802021798693e+01,0.000000000000000000e+00
1.977842869209533916e+01,0.000000000000000000e+00
1.801226355789364675e+01,0.000000000000000000e+00
2.118263911956770329e+01,0.000000000000000000e+00
2.146392549373010894e+01,0.000000000000000000e+00
2.111248547135268794e+01,0.000000000000000000e+00
1.749599833574113816e+01,0.000000000000000000e+00
1.838741526528623638e+01,0.000000000000000000e+00
2.097203892339335596e+01,0.000000000000000000e+00
1.782679211647155526e+01,0.000000000000000000e+00
1.969641543700949171e+01,0.000000000000000000e+00
2.023682981467580788e+01,0.000000000000000000e+00
2.135125100949628418e+01,0.000000000000000000e+00
2.006828218556842103e+01,0.000000000000000000e+00
2.027108681357357867e+01,0.000000000000000000e+00
2.406471899588784069e+01,0.000000000000000000e+00
2.174967106812553652e+01,0.000000000000000000e+00
1.983038034855663057e+01,0.000000000000000000e+00
2.271820857800140914e+01,0.000000000000000000e+00
2.252302251359805396e+01,0.000000000000000000e+00
2.506281699781089856e+01,0.000000000000000000e+00
1.705486406077257655e+01,0.000000000000000000e+00
1.702585851238197279e+01,0.000000000000000000e+00
1.822456753018197162e+01,0.000000000000000000e+00
1.895486950045066976e+01,0.000000000000000000e+00
2.132702750432793692e+01,0.000000000000000000e+00
2.076624706961878175e+01,0.000000000000000000e+00
1.745021185269889230e+01,0.000000000000000000e+00
2.239544294169239791e+01,0.000000000000000000e+00
2.092956721787748009e+01,0.000000000000000000e+00
2.158778636609910606e+01,0.000000000000000000e+00
2.120409541415383359e+01,0.000000000000000000e+00
2.276935100463977335e+01,0.000000000000000000e+00
2.174020475822436538e+01,0.000000000000000000e+00
2.191504156959300431e+01,0.000000000000000000e+00
2.176897172873174569e+01,0.000000000000000000e+00
2.037967126340332413e+01,0.000000000000000000e+00
2.080618377427574117e+01,0.000000000000000000e+00
2.073439447775372457e+01,0.000000000000000000e+00
2.357637677377115537e+01,0.000000000000000000e+00
1.847279642837953162e+01,0.000000000000000000e+00
2.007357663530439140e+01,0.000000000000000000e+00
1.657610823749478968e+01,0.000000000000000000e+00
1.838262126317775724e+01,0.000000000000000000e+00
1.892560299496379272e+01,0.000000000000000000e+00
2.136087865085490023e+01,0.000000000000000000e+00
1.924513180408126800e+01,0.000000000000000000e+00
2.289240854927334823e+01,0.000000000000000000e+00
1.997202950609826999e+01,0.000000000000000000e+00
2.301578394214027412e+01,0.000000000000000000e+00
1.765464412910797165e+01,0.000000000000000000e+00
1.787487304163769153e+01,0.000000000000000000e+00
2.069069268942925532e+01,0.000000000000000000e+00
1.489550952363770442e+01,0.000000000000000000e+00
1.721643510315462322e+01,0.000000000000000000e+00
2.213246002338241425e+01,0.000000000000000000e+00
1.868245601258952959e+01,0.000000000000000000e+00
2.317836305975345468e+01,0.000000000000000000e+00
1.959340107070781301e+01,0.000000000000000000e+00
1.656998426462532592e+01,0.000000000000000000e+00
2.002946217409317953e+01,0.000000000000000000e+00
2.060422441203248312e+01,0.000000000000000000e+00
1.873857326093658315e+01,0.000000000000000000e+00
1.963949905414848018e+01,0.000000000000000000e+00
1.753591576696923227e+01,0.000000000000000000e+00
1.761196407330590219e+01,0.000000000000000000e+00
1.536807349984983517e+01,0.000000000000000000e+00
1.895434260945982530e+01,0.000000000000000000e+00
1.607359746630537245e+01,0.000000000000000000e+00
2.040903006519859275e+01,0.000000000000000000e+00
1.943987399354292478e+01,0.000000000000000000e+00
2.098094945615201468e+01,0.000000000000000000e+00
1.686821581932585090e+01,0.000000000000000000e+00
1.936626150924989531e+01,0.000000000000000000e+00
2.270046276192728385e+01,0.000000000000000000e+00
1.701783019651131212e+01,0.000000000000000000e+00
2.235089209034709867e+01,0.000000000000000000e+00
2.056254371689528426e+01,0.000000000000000000e+00
1.903635408511305016e+01,0.000000000000000000e+00
1.759528564140639872e+01,0.000000000000000000e+00
2.325516451702064913e+01,0.000000000000000000e+00
1.797243443989896150e+01,0.000000000000000000e+00
1.828082571439572845e+01,0.000000000000000000e+00
1.876990281403973171e+01,0.000000000000000000e+00
1.901662151669631129e+01,0.000000000000000000e+00
2.310348198116599505e+01,0.000000000000000000e+00
2.217987849606333128e+01,0.000000000000000000e+00
2.030781716278799465e+01,0.000000000000000000e+00
2.020206890985093651e+01,0.000000000000000000e+00
1.854340059977666044e+01,0.000000000000000000e+00
1.775229890085610762e+01,0.000000000000000000e+00
1.763324263146711601e+01,0.000000000000000000e+00
1.824093113617526285e+01,0.000000000000000000e+00
1.899042843282726523e+01,0.000000000000000000e+00
1.958469876244287988e+01,0.000000000000000000e+00
2.268512230636763150e+01,0.000000000000000000e+00
1.776736380612119248e+01,0.000000000000000000e+00
2.261505878606446274e+01,0.000000000000000000e+00
2.100412535971230099e+01,0.000000000000000000e+00
2.150108327643862793e+01,0.000000000000000000e+00
1.904980984981869696e+01,0.000000000000000000e+00
1.848257347182757115e+01,0.000000000000000000e+00
1.871776414570730651e+01,0.000000000000000000e+00
6.915393255673293993e+01,0.000000000000000000e+00
6.650032488699557121e+01,0.000000000000000000e+00
6.246600891262765032e+01,0.000000000000000000e+00
6.722491090456273355e+01,0.000000000000000000e+00
6.745052420252523007e+01,0.000000000000000000e+00
6.798989889164252531e+01,0.000000000000000000e+00
6.977247387150254099e+01,0.000000000000000000e+00
6.904718537655237753e+01,0.000000000000000000e+00
6.668205613254478692e+01,0.000000000000000000e+00
6.792655292834029979e+01,0.000000000000000000e+00
6.656355024991896130e+01,0.000000000000000000e+00
6.530995327837200648e+01,0.000000000000000000e+00
8.179581911448978815e+01,0.000000000000000000e+00
7.821846677735941000e+01,0.000000000000000000e+00
7.759725884096106086e+01,0.000000000000000000e+00
7.997309897331749085e+01,0.000000000000000000e+00
7.572352301753475956e+01,0.000000000000000000e+00
7.720670398558212355e+01,0.000000000000000000e+00
8.009437195639291929e+01,0.000000000000000000e+00
7.673309941017920721e+01,0.000000000000000000e+00
7.807878473658959706e+01,0.000000000000000000e+00
7.678123490652423300e+01,0.000000000000000000e+00
7.877639253421470755e+01,0.000000000000000000e+00
7.999858425930777628e+01,0.000000000000000000e+00
8.206685183158874963e+01,0.000000000000000000e+00
7.958340984234793325e+01,0.000000000000000000e+00
7.988210477432235734e+01,0.000000000000000000e+00
8.170110440976978339e+01,0.000000000000000000e+00
7.919084160574982434e+01,0.000000000000000000e+00
8.013881782702448220e+01,0.000000000000000000e+00
7.915398307350687901e+01,0.000000000000000000e+00
8.068651319194765392e+01,0.000000000000000000e+00
7.887193997256073885e+01,0.000000000000000000e+00
8.192966678064814801e+01,0.000000000000000000e+00
7.862900809178934480e+01,0.000000000000000000e+00
8.193235783902551361e+01,0.000000000000000000e+00
7.921277398617679921e+01,0.000000000000000000e+00
7.790751635979250977e+01,0.000000000000000000e+00
8.383604856766915248e+01,0.000000000000000000e+00
8.021486862283202868e+01,0.000000000000000000e+00
8.118406057241661244e+01,0.000000000000000000e+00
8.328202982017140243e+01,0.000000000000000000e+00
8.200902211167060329e+01,0.000000000000000000e+00
7.858564306463880200e+01,0.000000000000000000e+00
7.913647569512497171e+01,0.000000000000000000e+00
8.125774708041298311e+01,0.000000000000000000e+00
7.912153227620538587e+01,0.000000000000000000e+00
8.477965197278351184e+01,0.000000000000000000e+00
7.985056829104523501e+01,0.000000000000000000e+00
7.938595633253594031e+01,0.000000000000000000e+00
7.952117946327918219e+01,0.000000000000000000e+00
7.883830190294956708e+01,0.000000000000000000e+00
8.122588415135881235e+01,0.000000000000000000e+00
7.965305210617715659e+01,0.000000000000000000e+00
8.021455487340034551e+01,0.000000000000000000e+00
7.897615965508292390e+01,0.000000000000000000e+00
7.983214717011051675e+01,0.000000000000000000e+00
8.014623205278039109e+01,0.000000000000000000e+00
7.935068046219753057e+01,0.000000000000000000e+00
7.865555429366416718e+01,0.000000000000000000e+00
7.966282299024234703e+01,0.000000000000000000e+00
8.232381577070684386e+01,0.000000000000000000e+00
8.179722458515161065e+01,0.000000000000000000e+00
7.584433871404371530e+01,0.000000000000000000e+00
8.257243218566924270e+01,0.000000000000000000e+00
7.657119785613410556e+01,0.000000000000000000e+00
8.061067003118364482e+01,0.000000000000000000e+00
8.078143215102046781e+01,0.000000000000000000e+00
7.996513705728688137e+01,0.000000000000000000e+00
8.021387072619359060e+01,0.000000000000000000e+00
8.397000390883022192e+01,0.000000000000000000e+00
8.411187959188978880e+01,0.000000000000000000e+00
7.748105329448091538e+01,0.000000000000000000e+00
7.684711268237663262e+01,0.000000000000000000e+00
8.071567674951288041e+01,0.000000000000000000e+00
7.851518852867197040e+01,0.000000000000000000e+00
7.857650185142682631e+01,0.000000000000000000e+00
7.924730330001881384e+01,0.000000000000000000e+00
8.190490674102628077e+01,0.000000000000000000e+00
7.787730549679973535e+01,0.000000000000000000e+00
8.049429798120979740e+01,0.000000000000000000e+00
8.087185245974596626e+01,0.000000000000000000e+00
8.362412770856701627e+01,0.000000000000000000e+00
7.959989971052635838e+01,0.000000000000000000e+00
8.008598529091979401e+01,0.000000000000000000e+00
8.048722560248522484e+01,0.000000000000000000e+00
8.114645045240392562e+01,0.000000000000000000e+00
7.764164588026798697e+01,0.000000000000000000e+00
8.073880804455038174e+01,0.000000000000000000e+00
8.572168823297833740e+01,0.000000000000000000e+00
7.985231023272925199e+01,0.000000000000000000e+00
8.370794913540530047e+01,0.000000000000000000e+00
8.104146832762840802e+01,0.000000000000000000e+00
8.362967611903133047e+01,0.000000000000000000e+00
7.938738823240737474e+01,0.000000000000000000e+00
7.486463430051541934e+01,0.000000000000000000e+00
7.756140557166023086e+01,0.000000000000000000e+00
8.236435740649693571e+01,0.000000000000000000e+00
7.799678205329419711e+01,0.000000000000000000e+00
8.212846351719939264e+01,0.000000000000000000e+00
8.092662299759105338e+01,0.000000000000000000e+00
8.046521125712203570e+01,0.000000000000000000e+00
8.116475274279501662e+01,0.000000000000000000e+00
8.227649589557076126e+01,0.000000000000000000e+00
7.828932052663064667e+01,0.000000000000000000e+00
8.236491120344057038e+01,0.000000000000000000e+00
8.117704419586551978e+01,0.000000000000000000e+00
7.789446043975068790e+01,0.000000000000000000e+00
3.331780898512958800e+01,0.000000000000000000e+00
3.255506542415376714e+01,0.000000000000000000e+00
3.305528654409607725e+01,0.000000000000000000e+00
3.155690524451784995e+01,0.000000000000000000e+00
3.418834111767111494e+01,0.000000000000000000e+00
3.343406303129690826e+01,0.000000000000000000e+00
2.690599931464063843e+01,0.000000000000000000e+00
3.188499758927344985e+01,0.000000000000000000e+00
3.334360985335437277e+01,0.000000000000000000e+00
3.324475780486479692e+01,0.000000000000000000e+00
3.268795466192242571e+01,0.000000000000000000e+00
3.188339866993226934e+01,0.000000000000000000e+00
2.061528447158046973e+01,0.000000000000000000e+00
2.192273374806631026e+01,0.000000000000000000e+00
2.174432409190489324e+01,0.000000000000000000e+00
2.138656069071299015e+01,0.000000000000000000e+00
2.021364117240566927e+01,0.000000000000000000e+00
2.126968224854069689e+01,0.000000000000000000e+00
2.491429447079745074e+01,0.000000000000000000e+00
2.034568244781926794e+01,0.000000000000000000e+00
2.416475446055222420e+01,0.000000000000000000e+00
2.388776761043815711e+01,0.000000000000000000e+00
2.121231076642133218e+01,0.000000000000000000e+00
1.973915321057533845e+01,0.000000000000000000e+00
2.189949550272773138e+01,0.000000000000000000e+00
2.092573379406343292e+01,0.000000000000000000e+00
1.916496845808551441e+01,0.000000000000000000e+00
1.976635870797369066e+01,0.000000000000000000e+00
2.013681706879584610e+01,0.000000000000000000e+00
1.985036273020998365e+01,0.000000000000000000e+00
1.796509837659555231e+01,0.000000000000000000e+00
1.942331067964353153e+01,0.000000000000000000e+00
2.151922947194902491e+01,0.000000000000000000e+00
2.049452001291347969e+01,0.000000000000000000e+00
2.034809901894735162e+01,0.000000000000000000e+00
2.197534578106123959e+01,0.000000000000000000e+00
1.991292401725808148e+01,0.000000000000000000e+00
2.022973986565881077e+01,0.000000000000000000e+00
1.518651434036754999e+01,0.000000000000000000e+00
2.046201716620903710e+01,0.000000000000000000e+00
2.219170210809979338e+01,0.000000000000000000e+00
1.820027630075831127e+01,0.000000000000000000e+00
1.837649539172148039e+01,0.000000000000000000e+00
2.136476063312072782e+01,0.000000000000000000e+00
2.038360063210894424e+01,0.000000000000000000e+00
1.793581108986191452e+01,0.000000000000000000e+00
1.697832733979804587e+01,0.000000000000000000e+00
1.706817164142083598e+01,0.000000000000000000e+00
1.903603454519240046e+01,0.000000000000000000e+00
2.321189861038966029e+01,0.000000000000000000e+00
2.114541965090637632e+01,0.000000000000000000e+00
2.204066057654036825e+01,0.000000000000000000e+00
2.090092331520384050e+01,0.000000000000000000e+00
2.062043563600530760e+01,0.000000000000000000e+00
1.799579451444317257e+01,0.000000000000000000e+00
1.846483233149873016e+01,0.000000000000000000e+00
1.985835479668645220e+01,0.000000000000000000e+00
2.052261168752437115e+01,0.000000000000000000e+00
1.619875242098457591e+01,0.000000000000000000e+00
1.979526600581757734e+01,0.000000000000000000e+00
2.160620318666467199e+01,0.000000000000000000e+00
2.014885031189796649e+01,0.000000000000000000e+00
1.890449173827149565e+01,0.000000000000000000e+00
1.976608763766031274e+01,0.000000000000000000e+00
2.023849489243855970e+01,0.000000000000000000e+00
2.003031160986931525e+01,0.000000000000000000e+00
1.742989065709257090e+01,0.000000000000000000e+00
2.376852230047441239e+01,0.000000000000000000e+00
1.683907856405001269e+01,0.000000000000000000e+00
2.045493155531329066e+01,0.000000000000000000e+00
2.085029192002128795e+01,0.000000000000000000e+00
2.078150246531796341e+01,0.000000000000000000e+00
1.895108737369011109e+01,0.000000000000000000e+00
1.795071254575251984e+01,0.000000000000000000e+00
1.993332184726113354e+01,0.000000000000000000e+00
1.907585897948957765e+01,0.000000000000000000e+00
1.814755329002120376e+01,0.000000000000000000e+00
1.996148400850281135e+01,0.000000000000000000e+00
1.977781013676449007e+01,0.000000000000000000e+00
2.235416764361191611e+01,0.000000000000000000e+00
2.115915757430671817e+01,0.000000000000000000e+00
1.985773514132131723e+01,0.000000000000000000e+00
2.278482476624242636e+01,0.000000000000000000e+00
1.580443840434214486e+01,0.000000000000000000e+00
2.305818508953074542e+01,0.000000000000000000e+00
1.867864443373109751e+01,0.000000000000000000e+00
1.940527230202413733e+01,0.000000000000000000e+00
2.228152343090322773e+01,0.000000000000000000e+00
2.021706172251481703e+01,0.000000000000000000e+00
1.746835902237202731e+01,0.000000000000000000e+00
1.982702356625417295e+01,0.000000000000000000e+00
1.923926751577365835e+01,0.000000000000000000e+00
2.045339281480769245e+01,0.000000000000000000e+00
1.665692590829503672e+01,0.000000000000000000e+00
1.584161692805177424e+01,0.000000000000000000e+00
2.479161305474887200e+01,0.000000000000000000e+00
1.979314332696680978e+01,0.000000000000000000e+00
1.970532294072173585e+01,0.000000000000000000e+00
2.226840739126678415e+01,0.000000000000000000e+00
2.212842631452828357e+01,0.000000000000000000e+00
1.915056546067857823e+01,0.000000000000000000e+00
1.934246466862945013e+01,0.000000000000000000e+00
2.095510240538460422e+01,0.000000000000000000e+00
1.913987509251193586e+01,0.000000000000000000e+00
2.123492735041795498e+01,0.000000000000000000e+00
2.212217939634386710e+01,0.000000000000000000e+00
1.934218897415171767e+01,0.000000000000000000e+00
1.958677820224208688e+01,0.000000000000000000e+00
2.045922479036352115e+01,0.000000000000000000e+00
2.134159096571087844e+01,0.000000000000000000e+00
2.032423842882655052e+01,0.000000000000000000e+00
1.597175377868451029e+01,0.000000000000000000e+00
1.924634242162859366e+01,0.000000000000000000e+00
2.020296112758257934e+01,0.000000000000000000e+00
2.069923219298803119e+01,0.000000000000000000e+00
2.140152306410178085e+01,0.000000000000000000e+00
2.108350016598874888e+01,0.000000000000000000e+00
1.827119192751576193e+01,0.000000000000000000e+00
2.057937835044240771e+01,0.000000000000000000e+00
2.266342948469620566e+01,0.000000000000000000e+00
1.829720410512169693e+01,0.000000000000000000e+00
1.936869037073670796e+01,0.000000000000000000e+00
1.804219738157700448e+01,0.000000000000000000e+00
1.899791426412854278e+01,0.000000000000000000e+00
2.402331067397528841e+01,0.000000000000000000e+00
1.913462274245597072e+01,0.000000000000000000e+00
2.357355882018699944e+01,0.000000000000000000e+00
1.863474615732846829e+01,0.000000000000000000e+00
1.744288861519198619e+01,0.000000000000000000e+00
2.006753492983878573e+01,0.000000000000000000e+00
2.001707658534188283e+01,0.000000000000000000e+00
1.819770603943555187e+01,0.000000000000000000e+00
2.105413266119670368e+01,0.000000000000000000e+00
2.064796659357151754e+01,0.000000000000000000e+00
2.185261065706916028e+01,0.000000000000000000e+00
2.218237692352087720e+01,0.000000000000000000e+00
1.743354328486588400e+01,0.000000000000000000e+00
1.912213405207916495e+01,0.000000000000000000e+00
1.835776499057323363e+01,0.000000000000000000e+00
2.236000611202921462e+01,0.000000000000000000e+00
2.002187294355453062e+01,0.000000000000000000e+00
1.690785692355768077e+01,0.000000000000000000e+00
1.968510380288561379e+01,0.000000000000000000e+00
2.066136773334023857e+01,0.000000000000000000e+00
1.882103364708370563e+01,0.000000000000000000e+00
1.937107394442016428e+01,0.000000000000000000e+00
1.914321349160363539e+01,0.000000000000000000e+00
2.064015201898379459e+01,0.000000000000000000e+00
1.910156389107342889e+01,0.000000000000000000e+00
1.926160504426199083e+01,0.000000000000000000e+00
1.867879673057094436e+01,0.000000000000000000e+00
1.823393486244841100e+01,0.000000000000000000e+00
2.072666260919029568e+01,0.000000000000000000e+00
1.776726709656263381e+01,0.000000000000000000e+00
1.977506224595702378e+01,0.000000000000000000e+00
2.329949319907659699e+01,0.000000000000000000e+00
2.059319234465478843e+01,0.000000000000000000e+00
1.787425478426727565e+01,0.000000000000000000e+00
2.056355374364859045e+01,0.000000000000000000e+00
1.652945975425527436e+01,0.000000000000000000e+00
2.371489115139366177e+01,0.000000000000000000e+00
2.133621875827342151e+01,0.000000000000000000e+00
1.990721230352379933e+01,0.000000000000000000e+00
2.019867652612586895e+01,0.000000000000000000e+00
1.906562663985358697e+01,0.000000000000000000e+00
1.922651547728692734e+01,0.000000000000000000e+00
2.148701371291629059e+01,0.000000000000000000e+00
1.763052340872113533e+01,0.000000000000000000e+00
1.910957756373466054e+01,0.000000000000000000e+00
1.935263479685164256e+01,0.000000000000000000e+00
1.971086374111221673e+01,0.000000000000000000e+00
2.195550867651116533e+01,0.000000000000000000e+00
1.871735255411649845e+01,0.000000000000000000e+00
2.048247794742468386e+01,0.000000000000000000e+00
2.272630802370068892e+01,0.000000000000000000e+00
1.953387971670602141e+01,0.000000000000000000e+00
1.953169074490966040e+01,0.000000000000000000e+00
1.868945538627220415e+01,0.000000000000000000e+00
2.020566468905223445e+01,0.000000000000000000e+00
2.280489250199097029e+01,0.000000000000000000e+00
6.804856280290914583e+01,0.000000000000000000e+00
6.899393557230936835e+01,0.000000000000000000e+00
6.425521127258413401e+01,0.000000000000000000e+00
6.491470553157250833e+01,0.000000000000000000e+00
6.487822750833294094e+01,0.000000000000000000e+00
6.751813203903162730e+01,0.000000000000000000e+00
6.981218653778628891e+01,0.000000000000000000e+00
6.596347998430864834e+01,0.000000000000000000e+00
7.085486425869802929e+01,0.000000000000000000e+00
6.502743249052730334e+01,0.000000000000000000e+00
6.637690359264551887e+01,0.000000000000000000e+00
6.642177103568307928e+01,0.000000000000000000e+00
7.945943224875588839e+01,0.000000000000000000e+00
7.704923292639615795e+01,0.000000000000000000e+00
7.488109650081241853e+01,0.000000000000000000e+00
7.750002058302295893e+01,0.000000000000000000e+00
7.976630996465924284e+01,0.000000000000000000e+00
7.596952299289409893e+01,0.000000000000000000e+00
7.736541749685476077e+01,0.000000000000000000e+00
7.815781615371084001e+01,0.000000000000000000e+00
7.549403512425834606e+01,0.000000000000000000e+00
8.101346201416869519e+01,0.000000000000000000e+00
7.771398257463762604e+01,0.000000000000000000e+00
7.851303906544680444e+01,0.000000000000000000e+00
7.842285383036841040e+01,0.000000000000000000e+00
7.872188906633577687e+01,0.000000000000000000e+00
8.021980951693858231e+01,0.000000000000000000e+00
7.813005037036943179e+01,0.000000000000000000e+00
7.983208590815793571e+01,0.000000000000000000e+00
7.617777964706813520e+01,0.000000000000000000e+00
8.092835350638378600e+01,0.000000000000000000e+00
7.689729808088975460e+01,0.000000000000000000e+00
8.112881539248321872e+01,0.000000000000000000e+00
8.054953453312124623e+01,0.000000000000000000e+00
8.019788220990328398e+01,0.000000000000000000e+00
7.908885760612035654e+01,0.000000000000000000e+00
8.345927317188312600e+01,0.000000000000000000e+00
8.082993946160645748e+01,0.000000000000000000e+00
8.046982877411309687e+01,0.000000000000000000e+00
8.144917756905662998e+01,0.000000000000000000e+00
8.219204363053668771e+01,0.000000000000000000e+00
7.995221336008398794e+01,0.000000000000000000e+00
8.028942207993350166e+01,0.000000000000000000e+00
8.192563175084148952e+01,0.000000000000000000e+00
7.927932922924492232e+01,0.000000000000000000e+00
7.761841897048472561e+01,0.000000000000000000e+00
8.089810415563047741e+01,0.000000000000000000e+00
8.211102580021086794e+01,0.000000000000000000e+00
8.350011132869281028e+01,0.000000000000000000e+00
7.909181656062474985e+01,0.000000000000000000e+00
7.659696030047918214e+01,0.000000000000000000e+00
8.201098599442501325e+01,0.000000000000000000e+00
7.772487851444337537e+01,0.000000000000000000e+00
7.599298186095532515e+01,0.000000000000000000e+00
8.474445062534677220e+01,0.000000000000000000e+00
7.974466128967014811e+01,0.000000000000000000e+00
7.899640095675557916e+01,0.000000000000000000e+00
8.144078093239701843e+01,0.000000000000000000e+00
7.812671025610001152e+01,0.000000000000000000e+00
7.813070378978434860e+01,0.000000000000000000e+00
7.582568630590365899e+01,0.000000000000000000e+00
8.065965911513937669e+01,0.000000000000000000e+00
7.674673039856605783e+01,0.000000000000000000e+00
7.940640244303256168e+01,0.000000000000000000e+00
7.984159333168557282e+01,0.000000000000000000e+00
8.071924687611968352e+01,0.000000000000000000e+00
7.909887431876420294e+01,0.000000000000000000e+00
8.290779461184756371e+01,0.000000000000000000e+00
8.289404156620017261e+01,0.000000000000000000e+00
8.008156448049497556e+01,0.000000000000000000e+00
8.247635763052524283e+01,0.000000000000000000e+00
8.057564784751392040e+01,0.000000000000000000e+00
7.938359376201766793e+01,0.000000000000000000e+00
8.298974794440104574e+01,0.000000000000000000e+00
7.855931540335532759e+01,0.000000000000000000e+00
8.235189462017169149e+01,0.000000000000000000e+00
8.434761744397849270e+01,0.000000000000000000e+00
7.793745194397405385e+01,0.000000000000000000e+00
7.889895895651170576e+01,0.000000000000000000e+00
8.024097725171483830e+01,0.000000000000000000e+00
7.691409342820492157e+01,0.000000000000000000e+00
7.766018560689381900e+01,0.000000000000000000e+00
7.997940704993456507e+01,0.000000000000000000e+00
7.603022177854754204e+01,0.000000000000000000e+00
8.189591722540718877e+01,0.000000000000000000e+00
7.781441680300000030e+01,0.000000000000000000e+00
8.047853293213499626e+01,0.000000000000000000e+00
7.838743847823967315e+01,0.000000000000000000e+00
7.810907424381476005e+01,0.000000000000000000e+00
7.708011767657391999e+01,0.000000000000000000e+00
8.125583405438594298e+01,0.000000000000000000e+00
7.764419917008015659e+01,0.000000000000000000e+00
7.978540234447963542e+01,0.000000000000000000e+00
8.137743652735922240e+01,0.000000000000000000e+00
8.028952063104162562e+01,0.000000000000000000e+00
7.995711805483196599e+01,0.000000000000000000e+00
8.374204913570025610e+01,0.000000000000000000e+00
7.868416455133035470e+01,0.000000000000000000e+00
8.141257799315398813e+01,0.000000000000000000e+00
8.372307093946258760e+01,0.000000000000000000e+00
7.839857788176095710e+01,0.000000000000000000e+00
8.169673469649482911e+01,0.000000000000000000e+00
7.903592292916782469e+01,0.000000000000000000e+00
7.985291464504174996e+01,0.000000000000000000e+00
7.832376351935155867e+01,0.000000000000000000e+00
8.072679428536388002e+01,0.000000000000000000e+00
7.646142455197421839e+01,0.000000000000000000e+00
8.311990987619778082e+01,0.000000000000000000e+00
3.182133227022400845e+01,0.000000000000000000e+00
3.050028492575918904e+01,0.000000000000000000e+00
3.257767127052335354e+01,0.000000000000000000e+00
3.416639748118880959e+01,0.000000000000000000e+00
2.955570286608730513e+01,0.000000000000000000e+00
3.119340739604025359e+01,0.000000000000000000e+00
3.044600048155051297e+01,0.000000000000000000e+00
3.173209718608625352e+01,0.000000000000000000e+00
3.096279116733226644e+01,0.000000000000000000e+00
3.023822536298051133e+01,0.000000000000000000e+00
3.156522267222977618e+01,0.000000000000000000e+00
3.355501528928729016e+01,0.000000000000000000e+00
2.451493449557215243e+01,0.000000000000000000e+00
2.299322218037425714e+01,0.000000000000000000e+00
2.494773668507234277e+01,0.000000000000000000e+00
2.273470762201671747e+01,0.000000000000000000e+00
2.175811673153039649e+01,0.000000000000000000e+00
2.087971061932312722e+01,0.000000000000000000e+00
1.981281142208669266e+01,0.000000000000000000e+00
2.197280437763697591e+01,0.000000000000000000e+00
2.271123849784302706e+01,0.000000000000000000e+00
2.234993982400883183e+01,0.000000000000000000e+00
2.336904948141143024e+01,0.000000000000000000e+00
2.152421149626767871e+01,0.000000000000000000e+00
1.727789075910562389e+01,0.000000000000000000e+00
1.530312623877222222e+01,0.000000000000000000e+00
1.915767916215713385e+01,0.000000000000000000e+00
2.133026652973445891e+01,0.000000000000000000e+00
1.955134537832498509e+01,0.000000000000000000e+00
1.966009668301784430e+01,0.000000000000000000e+00
2.138422559930168632e+01,0.000000000000000000e+00
2.209211475279033365e+01,0.000000000000000000e+00
2.072242107992892102e+01,0.000000000000000000e+00
2.207531082540610257e+01,0.000000000000000000e+00
1.836827705561361768e+01,0.000000000000000000e+00
2.128851078294312416e+01,0.000000000000000000e+00
2.033271704475199826e+01,0.000000000000000000e+00
2.278749229733903192e+01,0.000000000000000000e+00
1.663619334584378961e+01,0.000000000000000000e+00
1.928968289904421596e+01,0.000000000000000000e+00
2.284512907463507503e+01,0.000000000000000000e+00
2.336269340792993532e+01,0.000000000000000000e+00
2.189262877058403234e+01,0.000000000000000000e+00
2.029814257498402341e+01,0.000000000000000000e+00
2.074801185792393809e+01,0.000000000000000000e+00
2.249462540662478816e+01,0.000000000000000000e+00
2.100849991538718697e+01,0.000000000000000000e+00
1.959137705284614839e+01,0.000000000000000000e+00
1.852864935400035762e+01,0.000000000000000000e+00
1.721317719515653266e+01,0.000000000000000000e+00
1.924334772782671621e+01,0.000000000000000000e+00
2.104984325530308453e+01,0.000000000000000000e+00
2.314539567722409075e+01,0.000000000000000000e+00
1.814564873138608547e+01,0.000000000000000000e+00
1.886607450134373565e+01,0.000000000000000000e+00
1.802622278715195492e+01,0.000000000000000000e+00
2.177709118142680111e+01,0.000000000000000000e+00
2.201796204920100664e+01,0.000000000000000000e+00
2.219605063403679068e+01,0.000000000000000000e+00
2.003784681914628152e+01,0.000000000000000000e+00
2.117409103119310387e+01,0.000000000000000000e+00
1.822024039053232869e+01,0.000000000000000000e+00
1.947174477234977630e+01,0.000000000000000000e+00
1.985982953103312809e+01,0.000000000000000000e+00
1.652108409971654623e+01,0.000000000000000000e+00
1.824361737783275927e+01,0.000000000000000000e+00
2.037666961795291698e+01,0.000000000000000000e+00
1.857267533021874684e+01,0.000000000000000000e+00
1.918889827471893028e+01,0.000000000000000000e+00
1.736814535054222119e+01,0.000000000000000000e+00
1.898557761279672818e+01,0.000000000000000000e+00
2.013958651480601958e+01,0.000000000000000000e+00
