value,error,error_size
5.011169984436454428e+01,0.000000000000000000e+00,0.000000000000000000e+00
4.757332397805296864e+01,0.000000000000000000e+00,0.000000000000000000e+00
5.229036616332349041e+01,0.000000000000000000e+00,0.000000000000000000e+00
4.848485216542609777e+01,0.000000000000000000e+00,0.000000000000000000e+00
5.108397189424151463e+01,0.000000000000000000e+00,0.000000000000000000e+00
4.976828569665085666e+01,0.000000000000000000e+00,0.000000000000000000e+00
5.423092474651897987e+01,0.000000000000000000e+00,0.000000000000000000e+00
5.216357694180623383e+01,0.000000000000000000e+00,0.000000000000000000e+00
5.243120642439769341e+01,0.000000000000000000e+00,0.000000000000000000e+00
5.161229501766524663e+01,0.000000000000000000e+00,0.000000000000000000e+00
5.057302473021266565e+01,0.000000000000000000e+00,0.000000000000000000e+00
5.150322906203533080e+01,0.000000000000000000e+00,0.000000000000000000e+00
5.247081848901754597e+01,0.000000000000000000e+00,0.000000000000000000e+00
5.071076752247722652e+01,0.000000000000000000e+00,0.000000000000000000e+00
5.105740047928035352e+01,0.000000000000000000e+00,0.000000000000000000e+00
5.039463442038733376e+01,0.000000000000000000e+00,0.000000000000000000e+00
5.167723614675398380e+01,0.000000000000000000e+00,0.000000000000000000e+00
5.185188880775356779e+01,0.000000000000000000e+00,0.000000000000000000e+00
5.101712884011443094e+01,0.000000000000000000e+00,0.000000000000000000e+00
5.180822435609783838e+01,0.000000000000000000e+00,0.000000000000000000e+00
5.391970541413607521e+01,0.000000000000000000e+00,0.000000000000000000e+00
5.447290595990321549e+01,0.000000000000000000e+00,0.000000000000000000e+00
5.032245771872508300e+01,0.000000000000000000e+00,0.000000000000000000e+00
5.444001149642038939e+01,0.000000000000000000e+00,0.000000000000000000e+00
5.183049241110806094e+01,0.000000000000000000e+00,0.000000000000000000e+00
4.965622642770366468e+01,0.000000000000000000e+00,0.000000000000000000e+00
5.230806378180048455e+01,0.000000000000000000e+00,0.000000000000000000e+00
5.090524603256567104e+01,0.000000000000000000e+00,0.000000000000000000e+00
5.029904791053601798e+01,0.000000000000000000e+00,0.000000000000000000e+00
5.073121930214163200e+01,0.000000000000000000e+00,0.000000000000000000e+00
5.190381011883364692e+01,0.000000000000000000e+00,0.000000000000000000e+00
5.247275556463542046e+01,0.000000000000000000e+00,0.000000000000000000e+00
5.138132334239467269e+01,0.000000000000000000e+00,0.000000000000000000e+00
5.189116358947496366e+01,0.000000000000000000e+00,0.000000000000000000e+00
5.492868047076602522e+01,0.000000000000000000e+00,0.000000000000000000e+00
5.364179792231814048e+01,0.000000000000000000e+00,0.000000000000000000e+00
5.107656957576482881e+01,0.000000000000000000e+00,0.000000000000000000e+00
5.333246219153014778e+01,0.000000000000000000e+00,0.000000000000000000e+00
5.069331905864687826e+01,0.000000000000000000e+00,0.000000000000000000e+00
5.511434440901641807e+01,0.000000000000000000e+00,0.000000000000000000e+00
5.422420099470262755e+01,0.000000000000000000e+00,0.000000000000000000e+00
5.429906052023137164e+01,0.000000000000000000e+00,0.000000000000000000e+00
5.414459760915285358e+01,0.000000000000000000e+00,0.000000000000000000e+00
5.460162876766623441e+01,0.000000000000000000e+00,0.000000000000000000e+00
5.364358113447789833e+01,0.000000000000000000e+00,0.000000000000000000e+00
5.726187397447698402e+01,0.000000000000000000e+00,0.000000000000000000e+00
5.357263100616451368e+01,0.000000000000000000e+00,0.000000000000000000e+00
5.393398203071960495e+01,0.000000000000000000e+00,0.000000000000000000e+00
5.293513855122419898e+01,0.000000000000000000e+00,0.000000000000000000e+00
5.525197788028257406e+01,0.000000000000000000e+00,0.000000000000000000e+00
5.512103341471902951e+01,0.000000000000000000e+00,0.000000000000000000e+00
5.488439897915207411e+01,0.000000000000000000e+00,0.000000000000000000e+00
4.832200032781224763e+01,0.000000000000000000e+00,0.000000000000000000e+00
5.507662452614721360e+01,0.000000000000000000e+00,0.000000000000000000e+00
5.182827404207939992e+01,0.000000000000000000e+00,0.000000000000000000e+00
5.469177832002147710e+01,0.000000000000000000e+00,0.000000000000000000e+00
5.455638661549767932e+01,0.000000000000000000e+00,0.000000000000000000e+00
5.799023520356619343e+01,0.000000000000000000e+00,0.000000000000000000e+00
5.749571966326341510e+01,0.000000000000000000e+00,0.000000000000000000e+00
5.224472542239163175e+01,0.000000000000000000e+00,0.000000000000000000e+00
5.547022043251302392e+01,0.000000000000000000e+00,0.000000000000000000e+00
5.543493480372055160e+01,0.000000000000000000e+00,0.000000000000000000e+00
5.330220332460340416e+01,0.000000000000000000e+00,0.000000000000000000e+00
5.345492746630075942e+01,0.000000000000000000e+00,0.000000000000000000e+00
5.488420361353321653e+01,0.000000000000000000e+00,0.000000000000000000e+00
5.064504581318787757e+01,0.000000000000000000e+00,0.000000000000000000e+00
5.333562371446843997e+01,0.000000000000000000e+00,0.000000000000000000e+00
5.475486351001411833e+01,0.000000000000000000e+00,0.000000000000000000e+00
5.364257108282841102e+01,0.000000000000000000e+00,0.000000000000000000e+00
5.909939799823558815e+01,0.000000000000000000e+00,0.000000000000000000e+00
5.474618160825013291e+01,0.000000000000000000e+00,0.000000000000000000e+00
5.339405343853719188e+01,0.000000000000000000e+00,0.000000000000000000e+00
5.581874286456844914e+01,0.000000000000000000e+00,0.000000000000000000e+00
5.337031107155749510e+01,0.000000000000000000e+00,0.000000000000000000e+00
5.564677533951156363e+01,0.000000000000000000e+00,0.000000000000000000e+00
5.460957537576604182e+01,0.000000000000000000e+00,0.000000000000000000e+00
5.589566220484079651e+01,0.000000000000000000e+00,0.000000000000000000e+00
5.941111706401452608e+01,0.000000000000000000e+00,0.000000000000000000e+00
5.904646156614840891e+01,0.000000000000000000e+00,0.000000000000000000e+00
5.645565291311957878e+01,0.000000000000000000e+00,0.000000000000000000e+00
5.640572136872663123e+01,0.000000000000000000e+00,0.000000000000000000e+00
5.721745156588765013e+01,0.000000000000000000e+00,0.000000000000000000e+00
5.731067735986468392e+01,0.000000000000000000e+00,0.000000000000000000e+00
5.545380668877190544e+01,0.000000000000000000e+00,0.000000000000000000e+00
5.560565734834884211e+01,0.000000000000000000e+00,0.000000000000000000e+00
5.556160844622273487e+01,0.000000000000000000e+00,0.000000000000000000e+00
5.788432815300203771e+01,0.000000000000000000e+00,0.000000000000000000e+00
5.442507969732449880e+01,0.000000000000000000e+00,0.000000000000000000e+00
5.600946163183994031e+01,0.000000000000000000e+00,0.000000000000000000e+00
5.733590205862914502e+01,0.000000000000000000e+00,0.000000000000000000e+00
5.652560721279434119e+01,0.000000000000000000e+00,0.000000000000000000e+00
5.836069194001061078e+01,0.000000000000000000e+00,0.000000000000000000e+00
5.824123111594386160e+01,0.000000000000000000e+00,0.000000000000000000e+00
5.351059547709422048e+01,0.000000000000000000e+00,0.000000000000000000e+00
5.849679820057469470e+01,0.000000000000000000e+00,0.000000000000000000e+00
5.744612670013206923e+01,0.000000000000000000e+00,0.000000000000000000e+00
5.415105903562085388e+01,0.000000000000000000e+00,0.000000000000000000e+00
5.755571231114755903e+01,0.000000000000000000e+00,0.000000000000000000e+00
5.573123682666614087e+01,0.000000000000000000e+00,0.000000000000000000e+00
5.581406412162540676e+01,0.000000000000000000e+00,0.000000000000000000e+00
5.838483046571830926e+01,0.000000000000000000e+00,0.000000000000000000e+00
5.466324710044120394e+01,0.000000000000000000e+00,0.000000000000000000e+00
6.170141538814144155e+01,0.000000000000000000e+00,0.000000000000000000e+00
5.882026313029225406e+01,0.000000000000000000e+00,0.000000000000000000e+00
6.299880193155462393e+01,0.000000000000000000e+00,0.000000000000000000e+00
5.643364372959194242e+01,0.000000000000000000e+00,0.000000000000000000e+00
5.742231596860327869e+01,0.000000000000000000e+00,0.000000000000000000e+00
5.793384323723707041e+01,0.000000000000000000e+00,0.000000000000000000e+00
5.986632274256401587e+01,0.000000000000000000e+00,0.000000000000000000e+00
5.388944755436295253e+01,0.000000000000000000e+00,0.000000000000000000e+00
5.782256452648329770e+01,0.000000000000000000e+00,0.000000000000000000e+00
6.182134520737030670e+01,0.000000000000000000e+00,0.000000000000000000e+00
5.740374855753994865e+01,0.000000000000000000e+00,0.000000000000000000e+00
5.544061968584584577e+01,0.000000000000000000e+00,0.000000000000000000e+00
5.833241418747533658e+01,0.000000000000000000e+00,0.000000000000000000e+00
6.180796939098738818e+01,0.000000000000000000e+00,0.000000000000000000e+00
5.713560471526218976e+01,0.000000000000000000e+00,0.000000000000000000e+00
5.782801354281184558e+01,0.000000000000000000e+00,0.000000000000000000e+00
5.836998009792579722e+01,0.000000000000000000e+00,0.000000000000000000e+00
5.798477243130105308e+01,0.000000000000000000e+00,0.000000000000000000e+00
6.192032947508958785e+01,0.000000000000000000e+00,0.000000000000000000e+00
6.441973158355473572e+01,0.000000000000000000e+00,0.000000000000000000e+00
5.647002710521770297e+01,0.000000000000000000e+00,0.000000000000000000e+00
6.023006328690401290e+01,0.000000000000000000e+00,0.000000000000000000e+00
5.740900744579200676e+01,0.000000000000000000e+00,0.000000000000000000e+00
5.993593516210408723e+01,0.000000000000000000e+00,0.000000000000000000e+00
5.754463984289209577e+01,0.000000000000000000e+00,0.000000000000000000e+00
6.154713443830681996e+01,0.000000000000000000e+00,0.000000000000000000e+00
5.820979955960959273e+01,0.000000000000000000e+00,0.000000000000000000e+00
5.744052328337161839e+01,0.000000000000000000e+00,0.000000000000000000e+00
6.090959954881657978e+01,0.000000000000000000e+00,0.000000000000000000e+00
6.386391491302112655e+01,0.000000000000000000e+00,0.000000000000000000e+00
5.822739584430834014e+01,0.000000000000000000e+00,0.000000000000000000e+00
5.898137795281142104e+01,0.000000000000000000e+00,0.000000000000000000e+00
6.324454261065290694e+01,0.000000000000000000e+00,0.000000000000000000e+00
5.979307474149348423e+01,0.000000000000000000e+00,0.000000000000000000e+00
6.102179305363942774e+01,0.000000000000000000e+00,0.000000000000000000e+00
6.284464554398124392e+01,0.000000000000000000e+00,0.000000000000000000e+00
6.386214047692379836e+01,0.000000000000000000e+00,0.000000000000000000e+00
5.964289432569317739e+01,0.000000000000000000e+00,0.000000000000000000e+00
6.191335224074017418e+01,0.000000000000000000e+00,0.000000000000000000e+00
6.224798036032230897e+01,0.000000000000000000e+00,0.000000000000000000e+00
6.131958249519833259e+01,0.000000000000000000e+00,0.000000000000000000e+00
5.964454336924683986e+01,0.000000000000000000e+00,0.000000000000000000e+00
5.841309153973273283e+01,0.000000000000000000e+00,0.000000000000000000e+00
6.270017118198725825e+01,0.000000000000000000e+00,0.000000000000000000e+00
6.195523641111273605e+01,0.000000000000000000e+00,0.000000000000000000e+00
5.921363517304461510e+01,0.000000000000000000e+00,0.000000000000000000e+00
5.771146350951300974e+01,0.000000000000000000e+00,0.000000000000000000e+00
6.487791313565816154e+01,0.000000000000000000e+00,0.000000000000000000e+00
6.141657438768820043e+01,0.000000000000000000e+00,0.000000000000000000e+00
6.067586149398266571e+01,0.000000000000000000e+00,0.000000000000000000e+00
6.074105531144130765e+01,0.000000000000000000e+00,0.000000000000000000e+00
6.090815691534626097e+01,0.000000000000000000e+00,0.000000000000000000e+00
6.258461565729324860e+01,0.000000000000000000e+00,0.000000000000000000e+00
6.514532048038971368e+01,0.000000000000000000e+00,0.000000000000000000e+00
5.881495286210486029e+01,0.000000000000000000e+00,0.000000000000000000e+00
6.021734320984029409e+01,0.000000000000000000e+00,0.000000000000000000e+00
6.489757927437260321e+01,0.000000000000000000e+00,0.000000000000000000e+00
6.261091898261637567e+01,0.000000000000000000e+00,0.000000000000000000e+00
6.231952935633420765e+01,0.000000000000000000e+00,0.000000000000000000e+00
6.297168086678083654e+01,0.000000000000000000e+00,0.000000000000000000e+00
6.068791261637636580e+01,0.000000000000000000e+00,0.000000000000000000e+00
6.451642311108624028e+01,0.000000000000000000e+00,0.000000000000000000e+00
6.014544949504448113e+01,0.000000000000000000e+00,0.000000000000000000e+00
6.073940761825128476e+01,0.000000000000000000e+00,0.000000000000000000e+00
6.246488620286127968e+01,0.000000000000000000e+00,0.000000000000000000e+00
6.534623042267513426e+01,0.000000000000000000e+00,0.000000000000000000e+00
6.096127825606860995e+01,0.000000000000000000e+00,0.000000000000000000e+00
6.405948694190377068e+01,0.000000000000000000e+00,0.000000000000000000e+00
6.186565671853998083e+01,0.000000000000000000e+00,0.000000000000000000e+00
6.446569743590116275e+01,0.000000000000000000e+00,0.000000000000000000e+00
6.080340390659503669e+01,0.000000000000000000e+00,0.000000000000000000e+00
6.223665950602902797e+01,0.000000000000000000e+00,0.000000000000000000e+00
6.685401548964073015e+01,0.000000000000000000e+00,0.000000000000000000e+00
6.051919107262177988e+01,0.000000000000000000e+00,0.000000000000000000e+00
6.834821553699890728e+01,0.000000000000000000e+00,0.000000000000000000e+00
6.246797796816576920e+01,0.000000000000000000e+00,0.000000000000000000e+00
6.165141952073439313e+01,0.000000000000000000e+00,0.000000000000000000e+00
6.272304544140768456e+01,0.000000000000000000e+00,0.000000000000000000e+00
6.298615209328810494e+01,0.000000000000000000e+00,0.000000000000000000e+00
6.300742711153054643e+01,0.000000000000000000e+00,0.000000000000000000e+00
6.277180822891153156e+01,0.000000000000000000e+00,0.000000000000000000e+00
6.226841120433447685e+01,0.000000000000000000e+00,0.000000000000000000e+00
6.624361229896734926e+01,0.000000000000000000e+00,0.000000000000000000e+00
6.660528308933889718e+01,0.000000000000000000e+00,0.000000000000000000e+00
6.038025738349022475e+01,0.000000000000000000e+00,0.000000000000000000e+00
6.496317800922467711e+01,0.000000000000000000e+00,0.000000000000000000e+00
6.860610757103108881e+01,0.000000000000000000e+00,0.000000000000000000e+00
6.394933676758087415e+01,0.000000000000000000e+00,0.000000000000000000e+00
6.448968019503243454e+01,0.000000000000000000e+00,0.000000000000000000e+00
6.267818457070745097e+01,0.000000000000000000e+00,0.000000000000000000e+00
6.551651597097323076e+01,0.000000000000000000e+00,0.000000000000000000e+00
6.577769013951602517e+01,0.000000000000000000e+00,0.000000000000000000e+00
6.356444216447604134e+01,0.000000000000000000e+00,0.000000000000000000e+00
6.427548870342684495e+01,0.000000000000000000e+00,0.000000000000000000e+00
6.429199084279258614e+01,0.000000000000000000e+00,0.000000000000000000e+00
6.538813970624228489e+01,0.000000000000000000e+00,0.000000000000000000e+00
6.703907665621449041e+01,0.000000000000000000e+00,0.000000000000000000e+00
6.365482770004179258e+01,0.000000000000000000e+00,0.000000000000000000e+00
7.015505088469140560e+01,0.000000000000000000e+00,0.000000000000000000e+00
6.456091867777645632e+01,0.000000000000000000e+00,0.000000000000000000e+00
6.450048592548439785e+01,0.000000000000000000e+00,0.000000000000000000e+00
6.527340591328000130e+01,0.000000000000000000e+00,0.000000000000000000e+00
6.728051324600018290e+01,0.000000000000000000e+00,0.000000000000000000e+00
6.939157885419371041e+01,0.000000000000000000e+00,0.000000000000000000e+00
6.903906400642934216e+01,0.000000000000000000e+00,0.000000000000000000e+00
6.733967108583212280e+01,0.000000000000000000e+00,0.000000000000000000e+00
6.696738526445948025e+01,0.000000000000000000e+00,0.000000000000000000e+00
6.302348699085361972e+01,0.000000000000000000e+00,0.000000000000000000e+00
6.685447605118037018e+01,0.000000000000000000e+00,0.000000000000000000e+00
6.554161438646326587e+01,0.000000000000000000e+00,0.000000000000000000e+00
6.433016119258445542e+01,0.000000000000000000e+00,0.000000000000000000e+00
6.802468995767830506e+01,0.000000000000000000e+00,0.000000000000000000e+00
6.621431261185003336e+01,0.000000000000000000e+00,0.000000000000000000e+00
7.018459151892602677e+01,0.000000000000000000e+00,0.000000000000000000e+00
6.424791800201562353e+01,0.000000000000000000e+00,0.000000000000000000e+00
6.476303984289084781e+01,0.000000000000000000e+00,0.000000000000000000e+00
6.760286706452403394e+01,0.000000000000000000e+00,0.000000000000000000e+00
6.961630258623958412e+01,0.000000000000000000e+00,0.000000000000000000e+00
6.533154654069605272e+01,0.000000000000000000e+00,0.000000000000000000e+00
7.180968379506919064e+01,0.000000000000000000e+00,0.000000000000000000e+00
6.441874805623841382e+01,0.000000000000000000e+00,0.000000000000000000e+00
6.983591097123304792e+01,0.000000000000000000e+00,0.000000000000000000e+00
6.820900262902671329e+01,0.000000000000000000e+00,0.000000000000000000e+00
6.626566451401538416e+01,0.000000000000000000e+00,0.000000000000000000e+00
6.736187089143896856e+01,0.000000000000000000e+00,0.000000000000000000e+00
6.868691457823896940e+01,0.000000000000000000e+00,0.000000000000000000e+00
6.713908382449619694e+01,0.000000000000000000e+00,0.000000000000000000e+00
6.890265149406093315e+01,0.000000000000000000e+00,0.000000000000000000e+00
6.702313876631366441e+01,0.000000000000000000e+00,0.000000000000000000e+00
6.786627921739452063e+01,0.000000000000000000e+00,0.000000000000000000e+00
6.939118126599356629e+01,0.000000000000000000e+00,0.000000000000000000e+00
7.035924033919343401e+01,0.000000000000000000e+00,0.000000000000000000e+00
6.948308328505891041e+01,0.000000000000000000e+00,0.000000000000000000e+00
6.726308334297603153e+01,0.000000000000000000e+00,0.000000000000000000e+00
6.741365513048070568e+01,0.000000000000000000e+00,0.000000000000000000e+00
6.474733397305351446e+01,0.000000000000000000e+00,0.000000000000000000e+00
7.009951331822269083e+01,0.000000000000000000e+00,0.000000000000000000e+00
6.452966129805609796e+01,0.000000000000000000e+00,0.000000000000000000e+00
6.888927579774750143e+01,0.000000000000000000e+00,0.000000000000000000e+00
6.959499490422933832e+01,0.000000000000000000e+00,0.000000000000000000e+00
6.835898915827893063e+01,0.000000000000000000e+00,0.000000000000000000e+00
6.665688536402340958e+01,0.000000000000000000e+00,0.000000000000000000e+00
6.838011047083195137e+01,0.000000000000000000e+00,0.000000000000000000e+00
6.810256221458365644e+01,0.000000000000000000e+00,0.000000000000000000e+00
6.875588432350973278e+01,0.000000000000000000e+00,0.000000000000000000e+00
6.991254595271759342e+01,0.000000000000000000e+00,0.000000000000000000e+00
7.118004950941121933e+01,0.000000000000000000e+00,0.000000000000000000e+00
7.062992554098570963e+01,0.000000000000000000e+00,0.000000000000000000e+00
6.951432267271719923e+01,0.000000000000000000e+00,0.000000000000000000e+00
6.839645178066747633e+01,0.000000000000000000e+00,0.000000000000000000e+00
7.055454807421064345e+01,0.000000000000000000e+00,0.000000000000000000e+00
6.879482256874881330e+01,0.000000000000000000e+00,0.000000000000000000e+00
6.945270083576819786e+01,0.000000000000000000e+00,0.000000000000000000e+00
6.917302509836092383e+01,0.000000000000000000e+00,0.000000000000000000e+00
6.895202012972779926e+01,0.000000000000000000e+00,0.000000000000000000e+00
6.681753326725323916e+01,0.000000000000000000e+00,0.000000000000000000e+00
6.718124606236607121e+01,0.000000000000000000e+00,0.000000000000000000e+00
7.171990212652964658e+01,0.000000000000000000e+00,0.000000000000000000e+00
6.874463937334847685e+01,0.000000000000000000e+00,0.000000000000000000e+00
6.985952432878366380e+01,0.000000000000000000e+00,0.000000000000000000e+00
6.934956495636869533e+01,0.000000000000000000e+00,0.000000000000000000e+00
6.917363060238022854e+01,0.000000000000000000e+00,0.000000000000000000e+00
6.969936922384282241e+01,0.000000000000000000e+00,0.000000000000000000e+00
6.991360898639784693e+01,0.000000000000000000e+00,0.000000000000000000e+00
7.116765098808933487e+01,0.000000000000000000e+00,0.000000000000000000e+00
6.901435050370361068e+01,0.000000000000000000e+00,0.000000000000000000e+00
7.003217773700988857e+01,0.000000000000000000e+00,0.000000000000000000e+00
6.941644540672491814e+01,0.000000000000000000e+00,0.000000000000000000e+00
6.609232762627064517e+01,0.000000000000000000e+00,0.000000000000000000e+00
6.726265356374665316e+01,0.000000000000000000e+00,0.000000000000000000e+00
6.861457030450094408e+01,0.000000000000000000e+00,0.000000000000000000e+00
6.946562373533474499e+01,0.000000000000000000e+00,0.000000000000000000e+00
7.244517294175832944e+01,0.000000000000000000e+00,0.000000000000000000e+00
6.784162632782084756e+01,0.000000000000000000e+00,0.000000000000000000e+00
7.367696642758572523e+01,0.000000000000000000e+00,0.000000000000000000e+00
6.945687104631257114e+01,0.000000000000000000e+00,0.000000000000000000e+00
6.988701258850846898e+01,0.000000000000000000e+00,0.000000000000000000e+00
7.244096696226392851e+01,0.000000000000000000e+00,0.000000000000000000e+00
6.905914822260614017e+01,0.000000000000000000e+00,0.000000000000000000e+00
6.760273789646743126e+01,0.000000000000000000e+00,0.000000000000000000e+00
6.907265031279986545e+01,0.000000000000000000e+00,0.000000000000000000e+00
6.849433961432730200e+01,0.000000000000000000e+00,0.000000000000000000e+00
6.949111352687774001e+01,0.000000000000000000e+00,0.000000000000000000e+00
7.155229802755349056e+01,0.000000000000000000e+00,0.000000000000000000e+00
7.030516098425032112e+01,0.000000000000000000e+00,0.000000000000000000e+00
7.332085220780673751e+01,0.000000000000000000e+00,0.000000000000000000e+00
7.001769930933615171e+01,0.000000000000000000e+00,0.000000000000000000e+00
7.384548173843877805e+01,0.000000000000000000e+00,0.000000000000000000e+00
7.078260051605845149e+01,0.000000000000000000e+00,0.000000000000000000e+00
7.015348803476096862e+01,0.000000000000000000e+00,0.000000000000000000e+00
7.402294215882899664e+01,0.000000000000000000e+00,0.000000000000000000e+00
7.012198643817991695e+01,0.000000000000000000e+00,0.000000000000000000e+00
7.270744954806276894e+01,0.000000000000000000e+00,0.000000000000000000e+00
7.065904326803200775e+01,0.000000000000000000e+00,0.000000000000000000e+00
7.162809597653993876e+01,0.000000000000000000e+00,0.000000000000000000e+00
7.385603468981612707e+01,0.000000000000000000e+00,0.000000000000000000e+00
7.187804608507900639e+01,0.000000000000000000e+00,0.000000000000000000e+00
6.825683387081043918e+01,0.000000000000000000e+00,0.000000000000000000e+00
7.084772144191583720e+01,0.000000000000000000e+00,0.000000000000000000e+00
7.210845872198817119e+01,0.000000000000000000e+00,0.000000000000000000e+00
6.977838954441645569e+01,0.000000000000000000e+00,0.000000000000000000e+00
7.008514150048736724e+01,0.000000000000000000e+00,0.000000000000000000e+00
7.236088551980273564e+01,0.000000000000000000e+00,0.000000000000000000e+00
7.287675029159640872e+01,0.000000000000000000e+00,0.000000000000000000e+00
7.258784537849651031e+01,0.000000000000000000e+00,0.000000000000000000e+00
7.349960277584054325e+01,0.000000000000000000e+00,0.000000000000000000e+00
7.236074211075356288e+01,0.000000000000000000e+00,0.000000000000000000e+00
6.900052713767617263e+01,0.000000000000000000e+00,0.000000000000000000e+00
6.963087074098638141e+01,0.000000000000000000e+00,0.000000000000000000e+00
7.304374415551981770e+01,0.000000000000000000e+00,0.000000000000000000e+00
7.559448511195569154e+01,0.000000000000000000e+00,0.000000000000000000e+00
7.288964952739220848e+01,0.000000000000000000e+00,0.000000000000000000e+00
7.647072971916115591e+01,0.000000000000000000e+00,0.000000000000000000e+00
7.156208008911944773e+01,0.000000000000000000e+00,0.000000000000000000e+00
7.145502046463873569e+01,0.000000000000000000e+00,0.000000000000000000e+00
7.669761721051804670e+01,0.000000000000000000e+00,0.000000000000000000e+00
7.376236778602373079e+01,0.000000000000000000e+00,0.000000000000000000e+00
7.181117160421723611e+01,0.000000000000000000e+00,0.000000000000000000e+00
7.061983985432426891e+01,0.000000000000000000e+00,0.000000000000000000e+00
7.547768323010279801e+01,0.000000000000000000e+00,0.000000000000000000e+00
7.334983752603692153e+01,0.000000000000000000e+00,0.000000000000000000e+00
7.392654649062214389e+01,0.000000000000000000e+00,0.000000000000000000e+00
7.204758421331850116e+01,0.000000000000000000e+00,0.000000000000000000e+00
7.531759747095811974e+01,0.000000000000000000e+00,0.000000000000000000e+00
7.101451678863021755e+01,0.000000000000000000e+00,0.000000000000000000e+00
7.228895365377755411e+01,0.000000000000000000e+00,0.000000000000000000e+00
7.632768652757116001e+01,0.000000000000000000e+00,0.000000000000000000e+00
7.390216500611646211e+01,0.000000000000000000e+00,0.000000000000000000e+00
7.228548710294209911e+01,0.000000000000000000e+00,0.000000000000000000e+00
7.179254447376720805e+01,0.000000000000000000e+00,0.000000000000000000e+00
7.166717834180163038e+01,0.000000000000000000e+00,0.000000000000000000e+00
7.375710213971110818e+01,0.000000000000000000e+00,0.000000000000000000e+00
7.236491653649052580e+01,0.000000000000000000e+00,0.000000000000000000e+00
7.156121534286168639e+01,0.000000000000000000e+00,0.000000000000000000e+00
7.242142418692718309e+01,0.000000000000000000e+00,0.000000000000000000e+00
7.515067504953586308e+01,0.000000000000000000e+00,0.000000000000000000e+00
7.475623800607382918e+01,0.000000000000000000e+00,0.000000000000000000e+00
7.152334149851085954e+01,0.000000000000000000e+00,0.000000000000000000e+00
7.662567770547204304e+01,0.000000000000000000e+00,0.000000000000000000e+00
7.363145442691487119e+01,0.000000000000000000e+00,0.000000000000000000e+00
7.414017188532911007e+01,0.000000000000000000e+00,0.000000000000000000e+00
7.139920833164845249e+01,0.000000000000000000e+00,0.000000000000000000e+00
7.366330248682407955e+01,0.000000000000000000e+00,0.000000000000000000e+00
7.262007805193027821e+01,0.000000000000000000e+00,0.000000000000000000e+00
7.552253621235836079e+01,0.000000000000000000e+00,0.000000000000000000e+00
7.217812685027821828e+01,0.000000000000000000e+00,0.000000000000000000e+00
7.381289559352944707e+01,0.000000000000000000e+00,0.000000000000000000e+00
7.144451792665071821e+01,0.000000000000000000e+00,0.000000000000000000e+00
7.150670622812253896e+01,0.000000000000000000e+00,0.000000000000000000e+00
7.499428139987394104e+01,0.000000000000000000e+00,0.000000000000000000e+00
7.538125360678867537e+01,0.000000000000000000e+00,0.000000000000000000e+00
7.563775745124826244e+01,0.000000000000000000e+00,0.000000000000000000e+00
7.645357350775685745e+01,0.000000000000000000e+00,0.000000000000000000e+00
7.285673944933955681e+01,0.000000000000000000e+00,0.000000000000000000e+00
7.430849915570557584e+01,0.000000000000000000e+00,0.000000000000000000e+00
7.110945724293860337e+01,0.000000000000000000e+00,0.000000000000000000e+00
7.433752514536455180e+01,0.000000000000000000e+00,0.000000000000000000e+00
7.265667346204924115e+01,0.000000000000000000e+00,0.000000000000000000e+00
7.399062786994615237e+01,0.000000000000000000e+00,0.000000000000000000e+00
7.654570815262383121e+01,0.000000000000000000e+00,0.000000000000000000e+00
7.202810029858609653e+01,0.000000000000000000e+00,0.000000000000000000e+00
7.641070141727496434e+01,0.000000000000000000e+00,0.000000000000000000e+00
7.234835649634260335e+01,0.000000000000000000e+00,0.000000000000000000e+00
7.523970928668910574e+01,0.000000000000000000e+00,0.000000000000000000e+00
7.485280371075866412e+01,0.000000000000000000e+00,0.000000000000000000e+00
7.365760873802265962e+01,0.000000000000000000e+00,0.000000000000000000e+00
7.443148608348964501e+01,0.000000000000000000e+00,0.000000000000000000e+00
7.623151811615061035e+01,0.000000000000000000e+00,0.000000000000000000e+00
7.978060773805917449e+01,0.000000000000000000e+00,0.000000000000000000e+00
7.749311194569253303e+01,0.000000000000000000e+00,0.000000000000000000e+00
7.102722547545988618e+01,0.000000000000000000e+00,0.000000000000000000e+00
7.328733992869554470e+01,0.000000000000000000e+00,0.000000000000000000e+00
7.727733517044812572e+01,0.000000000000000000e+00,0.000000000000000000e+00
7.587835806391430538e+01,0.000000000000000000e+00,0.000000000000000000e+00
7.379041454997138771e+01,0.000000000000000000e+00,0.000000000000000000e+00
7.213724065339731339e+01,0.000000000000000000e+00,0.000000000000000000e+00
7.908678307467040725e+01,0.000000000000000000e+00,0.000000000000000000e+00
7.806875098644030686e+01,0.000000000000000000e+00,0.000000000000000000e+00
7.521186322080708919e+01,0.000000000000000000e+00,0.000000000000000000e+00
8.153271553200002586e+01,0.000000000000000000e+00,0.000000000000000000e+00
7.611091955208260629e+01,0.000000000000000000e+00,0.000000000000000000e+00
7.481282288397538593e+01,0.000000000000000000e+00,0.000000000000000000e+00
7.829000734392333527e+01,0.000000000000000000e+00,0.000000000000000000e+00
7.751182704538142332e+01,0.000000000000000000e+00,0.000000000000000000e+00
7.723094422069587495e+01,0.000000000000000000e+00,0.000000000000000000e+00
7.648255059341116180e+01,0.000000000000000000e+00,0.000000000000000000e+00
7.510525260913568957e+01,0.000000000000000000e+00,0.000000000000000000e+00
7.387313579119820872e+01,0.000000000000000000e+00,0.000000000000000000e+00
7.660220106914094629e+01,0.000000000000000000e+00,0.000000000000000000e+00
7.407557159251878431e+01,0.000000000000000000e+00,0.000000000000000000e+00
7.248549840289746271e+01,0.000000000000000000e+00,0.000000000000000000e+00
7.164218506510654549e+01,0.000000000000000000e+00,0.000000000000000000e+00
7.673947320715659259e+01,0.000000000000000000e+00,0.000000000000000000e+00
7.610084685968465124e+01,0.000000000000000000e+00,0.000000000000000000e+00
7.631518288649769488e+01,0.000000000000000000e+00,0.000000000000000000e+00
7.744408721567411646e+01,0.000000000000000000e+00,0.000000000000000000e+00
7.649174526719038170e+01,0.000000000000000000e+00,0.000000000000000000e+00
7.559044915963754363e+01,0.000000000000000000e+00,0.000000000000000000e+00
7.202618918848111207e+01,0.000000000000000000e+00,0.000000000000000000e+00
7.484107147061236276e+01,0.000000000000000000e+00,0.000000000000000000e+00
7.706982644091594636e+01,0.000000000000000000e+00,0.000000000000000000e+00
7.391007654738234578e+01,0.000000000000000000e+00,0.000000000000000000e+00
7.828485208774603166e+01,0.000000000000000000e+00,0.000000000000000000e+00
7.559547366240411748e+01,0.000000000000000000e+00,0.000000000000000000e+00
7.931620911811836550e+01,0.000000000000000000e+00,0.000000000000000000e+00
7.956620580757402195e+01,0.000000000000000000e+00,0.000000000000000000e+00
7.485401548995025678e+01,0.000000000000000000e+00,0.000000000000000000e+00
7.597630976449357831e+01,0.000000000000000000e+00,0.000000000000000000e+00
7.793019439895032008e+01,0.000000000000000000e+00,0.000000000000000000e+00
7.518177499918250817e+01,0.000000000000000000e+00,0.000000000000000000e+00
7.704688911110581273e+01,0.000000000000000000e+00,0.000000000000000000e+00
7.578332111100988300e+01,0.000000000000000000e+00,0.000000000000000000e+00
7.917882111287958935e+01,0.000000000000000000e+00,0.000000000000000000e+00
7.790464521039605472e+01,0.000000000000000000e+00,0.000000000000000000e+00
8.137875050638633923e+01,0.000000000000000000e+00,0.000000000000000000e+00
7.748570572110526200e+01,0.000000000000000000e+00,0.000000000000000000e+00
7.658614747358647890e+01,0.000000000000000000e+00,0.000000000000000000e+00
7.533430196175994809e+01,0.000000000000000000e+00,0.000000000000000000e+00
7.841098488060049476e+01,0.000000000000000000e+00,0.000000000000000000e+00
7.603981825713226783e+01,0.000000000000000000e+00,0.000000000000000000e+00
7.753928298131539520e+01,0.000000000000000000e+00,0.000000000000000000e+00
8.017501270589214357e+01,0.000000000000000000e+00,0.000000000000000000e+00
7.761352915540065567e+01,0.000000000000000000e+00,0.000000000000000000e+00
7.637992372357808790e+01,0.000000000000000000e+00,0.000000000000000000e+00
7.865641489133547282e+01,0.000000000000000000e+00,0.000000000000000000e+00
7.879226533973482560e+01,0.000000000000000000e+00,0.000000000000000000e+00
7.793705149652049613e+01,0.000000000000000000e+00,0.000000000000000000e+00
7.367146673561370562e+01,0.000000000000000000e+00,0.000000000000000000e+00
7.607879146337970155e+01,0.000000000000000000e+00,0.000000000000000000e+00
7.953209266412828526e+01,0.000000000000000000e+00,0.000000000000000000e+00
7.655040921397493037e+01,0.000000000000000000e+00,0.000000000000000000e+00
8.095159387735756695e+01,0.000000000000000000e+00,0.000000000000000000e+00
7.719219193245952226e+01,0.000000000000000000e+00,0.000000000000000000e+00
7.588293500882016929e+01,0.000000000000000000e+00,0.000000000000000000e+00
7.866610914138819055e+01,0.000000000000000000e+00,0.000000000000000000e+00
7.822654843188115592e+01,0.000000000000000000e+00,0.000000000000000000e+00
7.838066438196976549e+01,0.000000000000000000e+00,0.000000000000000000e+00
8.054732069425213581e+01,0.000000000000000000e+00,0.000000000000000000e+00
7.479063954643953593e+01,0.000000000000000000e+00,0.000000000000000000e+00
7.972840959349184686e+01,0.000000000000000000e+00,0.000000000000000000e+00
7.932424481753648138e+01,0.000000000000000000e+00,0.000000000000000000e+00
7.517659221804397873e+01,0.000000000000000000e+00,0.000000000000000000e+00
7.824786271927533221e+01,0.000000000000000000e+00,0.000000000000000000e+00
7.679134080500720927e+01,0.000000000000000000e+00,0.000000000000000000e+00
7.936819422977814042e+01,0.000000000000000000e+00,0.000000000000000000e+00
7.578810949728068636e+01,0.000000000000000000e+00,0.000000000000000000e+00
7.970079259782067993e+01,0.000000000000000000e+00,0.000000000000000000e+00
7.705440012741492239e+01,0.000000000000000000e+00,0.000000000000000000e+00
7.937134758059879402e+01,0.000000000000000000e+00,0.000000000000000000e+00
8.106177357049784860e+01,0.000000000000000000e+00,0.000000000000000000e+00
7.996338103692134780e+01,0.000000000000000000e+00,0.000000000000000000e+00
7.875005876355211853e+01,0.000000000000000000e+00,0.000000000000000000e+00
7.541487713626862899e+01,0.000000000000000000e+00,0.000000000000000000e+00
7.908635991417828848e+01,0.000000000000000000e+00,0.000000000000000000e+00
7.910483587818426088e+01,0.000000000000000000e+00,0.000000000000000000e+00
7.947880124130082891e+01,0.000000000000000000e+00,0.000000000000000000e+00
7.471632412137211077e+01,0.000000000000000000e+00,0.000000000000000000e+00
7.801863750731639868e+01,0.000000000000000000e+00,0.000000000000000000e+00
7.694306905917888173e+01,0.000000000000000000e+00,0.000000000000000000e+00
7.819322208810515917e+01,0.000000000000000000e+00,0.000000000000000000e+00
8.029200428826470670e+01,0.000000000000000000e+00,0.000000000000000000e+00
7.938980873003433203e+01,0.000000000000000000e+00,0.000000000000000000e+00
7.901625620329724597e+01,0.000000000000000000e+00,0.000000000000000000e+00
7.858097150948238152e+01,0.000000000000000000e+00,0.000000000000000000e+00
8.328103325093188403e+01,0.000000000000000000e+00,0.000000000000000000e+00
7.775773631472848990e+01,0.000000000000000000e+00,0.000000000000000000e+00
7.918050292450175220e+01,0.000000000000000000e+00,0.000000000000000000e+00
7.967084205048801948e+01,0.000000000000000000e+00,0.000000000000000000e+00
8.023574973146642719e+01,0.000000000000000000e+00,0.000000000000000000e+00
7.849454093510243524e+01,0.000000000000000000e+00,0.000000000000000000e+00
8.059771395486396273e+01,0.000000000000000000e+00,0.000000000000000000e+00
7.472748704736459047e+01,0.000000000000000000e+00,0.000000000000000000e+00
7.788282177009200780e+01,0.000000000000000000e+00,0.000000000000000000e+00
7.785104565559956313e+01,0.000000000000000000e+00,0.000000000000000000e+00
7.750866103017310138e+01,0.000000000000000000e+00,0.000000000000000000e+00
7.859693371988406341e+01,0.000000000000000000e+00,0.000000000000000000e+00
7.826887434835657587e+01,0.000000000000000000e+00,0.000000000000000000e+00
7.750800812033111242e+01,0.000000000000000000e+00,0.000000000000000000e+00
7.655433942293109340e+01,0.000000000000000000e+00,0.000000000000000000e+00
7.900420800177411706e+01,0.000000000000000000e+00,0.000000000000000000e+00
7.891000805029247545e+01,0.000000000000000000e+00,0.000000000000000000e+00
8.070368264480556775e+01,0.000000000000000000e+00,0.000000000000000000e+00
7.956389224703765706e+01,0.000000000000000000e+00,0.000000000000000000e+00
8.167363611177039218e+01,0.000000000000000000e+00,0.000000000000000000e+00
7.694244116924592447e+01,0.000000000000000000e+00,0.000000000000000000e+00
8.071116114097380034e+01,0.000000000000000000e+00,0.000000000000000000e+00
7.582883252117245831e+01,0.000000000000000000e+00,0.000000000000000000e+00
8.033658303805084699e+01,0.000000000000000000e+00,0.000000000000000000e+00
7.987882946261632355e+01,0.000000000000000000e+00,0.000000000000000000e+00
8.093413391819811409e+01,0.000000000000000000e+00,0.000000000000000000e+00
8.239757071979219916e+01,0.000000000000000000e+00,0.000000000000000000e+00
8.095323543507718966e+01,0.000000000000000000e+00,0.000000000000000000e+00
7.858811590140142300e+01,0.000000000000000000e+00,0.000000000000000000e+00
7.980042647375344700e+01,0.000000000000000000e+00,0.000000000000000000e+00
8.119962165256076503e+01,0.000000000000000000e+00,0.000000000000000000e+00
7.710430366295362603e+01,0.000000000000000000e+00,0.000000000000000000e+00
7.701894637344234695e+01,0.000000000000000000e+00,0.000000000000000000e+00
7.911907809924990431e+01,0.000000000000000000e+00,0.000000000000000000e+00
8.130636054233106336e+01,0.000000000000000000e+00,0.000000000000000000e+00
7.884607998169181542e+01,0.000000000000000000e+00,0.000000000000000000e+00
7.776702375889063035e+01,0.000000000000000000e+00,0.000000000000000000e+00
7.874853110703153902e+01,0.000000000000000000e+00,0.000000000000000000e+00
7.848427108948759212e+01,0.000000000000000000e+00,0.000000000000000000e+00
8.125997641457045972e+01,0.000000000000000000e+00,0.000000000000000000e+00
7.664655134112625490e+01,0.000000000000000000e+00,0.000000000000000000e+00
8.155320204272275930e+01,0.000000000000000000e+00,0.000000000000000000e+00
8.011807413240383369e+01,0.000000000000000000e+00,0.000000000000000000e+00
7.920095668710105485e+01,0.000000000000000000e+00,0.000000000000000000e+00
8.034554584541389488e+01,0.000000000000000000e+00,0.000000000000000000e+00
8.288721358291884656e+01,0.000000000000000000e+00,0.000000000000000000e+00
8.027391580368947643e+01,0.000000000000000000e+00,0.000000000000000000e+00
7.591600909327995339e+01,0.000000000000000000e+00,0.000000000000000000e+00
8.068150362876707504e+01,0.000000000000000000e+00,0.000000000000000000e+00
7.657724896748982246e+01,0.000000000000000000e+00,0.000000000000000000e+00
7.986539769830211810e+01,0.000000000000000000e+00,0.000000000000000000e+00
8.143480599411759613e+01,0.000000000000000000e+00,0.000000000000000000e+00
8.196059591949776291e+01,0.000000000000000000e+00,0.000000000000000000e+00
7.817083547196320126e+01,0.000000000000000000e+00,0.000000000000000000e+00
8.163955788398573077e+01,0.000000000000000000e+00,0.000000000000000000e+00
7.843124578224831112e+01,0.000000000000000000e+00,0.000000000000000000e+00
8.157572846283866852e+01,0.000000000000000000e+00,0.000000000000000000e+00
8.140809776993849312e+01,0.000000000000000000e+00,0.000000000000000000e+00
8.204128630011076950e+01,0.000000000000000000e+00,0.000000000000000000e+00
7.900139880398290870e+01,0.000000000000000000e+00,0.000000000000000000e+00
7.982982607529365282e+01,0.000000000000000000e+00,0.000000000000000000e+00
8.258906801099574579e+01,0.000000000000000000e+00,0.000000000000000000e+00
7.895267157317391593e+01,0.000000000000000000e+00,0.000000000000000000e+00
8.187642052701325213e+01,0.000000000000000000e+00,0.000000000000000000e+00
8.082756256869856770e+01,0.000000000000000000e+00,0.000000000000000000e+00
7.786522347557550461e+01,0.000000000000000000e+00,0.000000000000000000e+00
7.830602379690274972e+01,0.000000000000000000e+00,0.000000000000000000e+00
7.971095889852666971e+01,0.000000000000000000e+00,0.000000000000000000e+00
8.090170275260670962e+01,0.000000000000000000e+00,0.000000000000000000e+00
8.017421313515241366e+01,0.000000000000000000e+00,0.000000000000000000e+00
7.991505339025307819e+01,0.000000000000000000e+00,0.000000000000000000e+00
7.756941470723772625e+01,0.000000000000000000e+00,0.000000000000000000e+00
8.364696194207813562e+01,0.000000000000000000e+00,0.000000000000000000e+00
8.086639203409367838e+01,0.000000000000000000e+00,0.000000000000000000e+00
8.093847971413362075e+01,0.000000000000000000e+00,0.000000000000000000e+00
8.343008636776804110e+01,0.000000000000000000e+00,0.000000000000000000e+00
8.085739466521332020e+01,0.000000000000000000e+00,0.000000000000000000e+00
8.089197268968671040e+01,0.000000000000000000e+00,0.000000000000000000e+00
7.944939992104133353e+01,0.000000000000000000e+00,0.000000000000000000e+00
7.627857663502616958e+01,0.000000000000000000e+00,0.000000000000000000e+00
7.981788375497104937e+01,0.000000000000000000e+00,0.000000000000000000e+00
7.854251781970535262e+01,0.000000000000000000e+00,0.000000000000000000e+00
7.785842160682346957e+01,0.000000000000000000e+00,0.000000000000000000e+00
7.832560498070841959e+01,0.000000000000000000e+00,0.000000000000000000e+00
7.937891373316224986e+01,0.000000000000000000e+00,0.000000000000000000e+00
7.982594430074723846e+01,0.000000000000000000e+00,0.000000000000000000e+00
7.957053092394954774e+01,0.000000000000000000e+00,0.000000000000000000e+00
8.146522596677158390e+01,0.000000000000000000e+00,0.000000000000000000e+00
8.274675322173939662e+01,0.000000000000000000e+00,0.000000000000000000e+00
8.106421737372646419e+01,0.000000000000000000e+00,0.000000000000000000e+00
8.157010297602425908e+01,0.000000000000000000e+00,0.000000000000000000e+00
8.236358027484867250e+01,0.000000000000000000e+00,0.000000000000000000e+00
7.864066339022653551e+01,0.000000000000000000e+00,0.000000000000000000e+00
7.946201270396359462e+01,0.000000000000000000e+00,0.000000000000000000e+00
7.999682125981070158e+01,0.000000000000000000e+00,0.000000000000000000e+00
7.882748269747018810e+01,0.000000000000000000e+00,0.000000000000000000e+00
8.321765358245920652e+01,0.000000000000000000e+00,0.000000000000000000e+00
7.960476445114130684e+01,0.000000000000000000e+00,0.000000000000000000e+00
7.725517301532750025e+01,0.000000000000000000e+00,0.000000000000000000e+00
7.809833321755340307e+01,0.000000000000000000e+00,0.000000000000000000e+00
7.893735365125392889e+01,0.000000000000000000e+00,0.000000000000000000e+00
8.087415471291221536e+01,0.000000000000000000e+00,0.000000000000000000e+00
8.221185462731540383e+01,0.000000000000000000e+00,0.000000000000000000e+00
8.062992511962963249e+01,0.000000000000000000e+00,0.000000000000000000e+00
8.091749876312374568e+01,0.000000000000000000e+00,0.000000000000000000e+00
7.850827329657349196e+01,0.000000000000000000e+00,0.000000000000000000e+00
8.160887812062964031e+01,0.000000000000000000e+00,0.000000000000000000e+00
8.140707411207426958e+01,0.000000000000000000e+00,0.000000000000000000e+00
8.049327956410535023e+01,0.000000000000000000e+00,0.000000000000000000e+00
7.903793429060193887e+01,0.000000000000000000e+00,0.000000000000000000e+00
7.868323122116616730e+01,0.000000000000000000e+00,0.000000000000000000e+00
8.134382815229731989e+01,0.000000000000000000e+00,0.000000000000000000e+00
8.054085851753794145e+01,0.000000000000000000e+00,0.000000000000000000e+00
7.840174427797082046e+01,0.000000000000000000e+00,0.000000000000000000e+00
8.114860227133365811e+01,0.000000000000000000e+00,0.000000000000000000e+00
7.913533931309272873e+01,0.000000000000000000e+00,0.000000000000000000e+00
7.848132344577818742e+01,0.000000000000000000e+00,0.000000000000000000e+00
7.916780799640652333e+01,0.000000000000000000e+00,0.000000000000000000e+00
7.737592044580043193e+01,0.000000000000000000e+00,0.000000000000000000e+00
8.079327606165257691e+01,0.000000000000000000e+00,0.000000000000000000e+00
8.044661113191305901e+01,0.000000000000000000e+00,0.000000000000000000e+00
7.826316169024978819e+01,0.000000000000000000e+00,0.000000000000000000e+00
8.004872495388882214e+01,0.000000000000000000e+00,0.000000000000000000e+00
8.157052762786751998e+01,0.000000000000000000e+00,0.000000000000000000e+00
7.757011022672375589e+01,0.000000000000000000e+00,0.000000000000000000e+00
8.351026397227612108e+01,0.000000000000000000e+00,0.000000000000000000e+00
7.681196260144203336e+01,0.000000000000000000e+00,0.000000000000000000e+00
8.252531676499826574e+01,0.000000000000000000e+00,0.000000000000000000e+00
8.324901613318743898e+01,0.000000000000000000e+00,0.000000000000000000e+00
8.149804270812543905e+01,0.000000000000000000e+00,0.000000000000000000e+00
7.749662981770930514e+01,0.000000000000000000e+00,0.000000000000000000e+00
7.890328493025123180e+01,0.000000000000000000e+00,0.000000000000000000e+00
7.985169768132017509e+01,0.000000000000000000e+00,0.000000000000000000e+00
8.159093381187661009e+01,0.000000000000000000e+00,0.000000000000000000e+00
8.047955547860807712e+01,0.000000000000000000e+00,0.000000000000000000e+00
7.957150002840974423e+01,0.000000000000000000e+00,0.000000000000000000e+00
8.228132475662427225e+01,0.000000000000000000e+00,0.000000000000000000e+00
8.356488448530427604e+01,0.000000000000000000e+00,0.000000000000000000e+00
8.225571324774467996e+01,0.000000000000000000e+00,0.000000000000000000e+00
8.296611188879273868e+01,0.000000000000000000e+00,0.000000000000000000e+00
7.828761660141785228e+01,0.000000000000000000e+00,0.000000000000000000e+00
8.055643897428558375e+01,0.000000000000000000e+00,0.000000000000000000e+00
8.162044297306228202e+01,0.000000000000000000e+00,0.000000000000000000e+00
7.766104276642552406e+01,0.000000000000000000e+00,0.000000000000000000e+00
8.022057223428026873e+01,0.000000000000000000e+00,0.000000000000000000e+00
7.956053288947283875e+01,0.000000000000000000e+00,0.000000000000000000e+00
7.951328849875370963e+01,0.000000000000000000e+00,0.000000000000000000e+00
7.943048427071012441e+01,0.000000000000000000e+00,0.000000000000000000e+00
8.042076866246601696e+01,0.000000000000000000e+00,0.000000000000000000e+00
8.056366427456747203e+01,0.000000000000000000e+00,0.000000000000000000e+00
7.762048729212669684e+01,0.000000000000000000e+00,0.000000000000000000e+00
8.384923737189730275e+01,0.000000000000000000e+00,0.000000000000000000e+00
8.134047729980306940e+01,0.000000000000000000e+00,0.000000000000000000e+00
8.049092814635787363e+01,0.000000000000000000e+00,0.000000000000000000e+00
8.083434104049933921e+01,0.000000000000000000e+00,0.000000000000000000e+00
7.586115407547384848e+01,0.000000000000000000e+00,0.000000000000000000e+00
8.136571092080581025e+01,0.000000000000000000e+00,0.000000000000000000e+00
8.002928622763380417e+01,0.000000000000000000e+00,0.000000000000000000e+00
8.010854693661383408e+01,0.000000000000000000e+00,0.000000000000000000e+00
7.814246867833170995e+01,0.000000000000000000e+00,0.000000000000000000e+00
8.120411475736801776e+01,0.000000000000000000e+00,0.000000000000000000e+00
7.715566714756553779e+01,0.000000000000000000e+00,0.000000000000000000e+00
8.042916770403360260e+01,0.000000000000000000e+00,0.000000000000000000e+00
8.395743800843096949e+01,0.000000000000000000e+00,0.000000000000000000e+00
8.008952848188248197e+01,0.000000000000000000e+00,0.000000000000000000e+00
8.043017664985849535e+01,0.000000000000000000e+00,0.000000000000000000e+00
7.829749429182625420e+01,0.000000000000000000e+00,0.000000000000000000e+00
7.724802395737202687e+01,0.000000000000000000e+00,0.000000000000000000e+00
7.938399523560156013e+01,0.000000000000000000e+00,0.000000000000000000e+00
8.001297865040285728e+01,0.000000000000000000e+00,0.000000000000000000e+00
7.832094706684382857e+01,0.000000000000000000e+00,0.000000000000000000e+00
7.884369349452065023e+01,0.000000000000000000e+00,0.000000000000000000e+00
8.339163450234924824e+01,0.000000000000000000e+00,0.000000000000000000e+00
8.055006890227184613e+01,0.000000000000000000e+00,0.000000000000000000e+00
8.252358808035754123e+01,0.000000000000000000e+00,0.000000000000000000e+00
7.999179044688341378e+01,0.000000000000000000e+00,0.000000000000000000e+00
8.306917516504886123e+01,0.000000000000000000e+00,0.000000000000000000e+00
7.732062690237933111e+01,0.000000000000000000e+00,0.000000000000000000e+00
7.613117749410058366e+01,0.000000000000000000e+00,0.000000000000000000e+00
7.755025150235894671e+01,0.000000000000000000e+00,0.000000000000000000e+00
7.720275760933319020e+01,0.000000000000000000e+00,0.000000000000000000e+00
7.951464164685275193e+01,0.000000000000000000e+00,0.000000000000000000e+00
7.922125416975777057e+01,0.000000000000000000e+00,0.000000000000000000e+00
8.103428389119054032e+01,0.000000000000000000e+00,0.000000000000000000e+00
8.244224389037159995e+01,0.000000000000000000e+00,0.000000000000000000e+00
7.815069314509611331e+01,0.000000000000000000e+00,0.000000000000000000e+00
7.900025003959989078e+01,0.000000000000000000e+00,0.000000000000000000e+00
7.881605705347281798e+01,0.000000000000000000e+00,0.000000000000000000e+00
7.830477524964010172e+01,0.000000000000000000e+00,0.000000000000000000e+00
7.423852104638375238e+01,0.000000000000000000e+00,0.000000000000000000e+00
7.796807651973381326e+01,0.000000000000000000e+00,0.000000000000000000e+00
7.559009960899051350e+01,0.000000000000000000e+00,0.000000000000000000e+00
7.862895286791676597e+01,0.000000000000000000e+00,0.000000000000000000e+00
7.692530572312314519e+01,0.000000000000000000e+00,0.000000000000000000e+00
7.848793063951788440e+01,0.000000000000000000e+00,0.000000000000000000e+00
7.573648584112299886e+01,0.000000000000000000e+00,0.000000000000000000e+00
8.019343070128974205e+01,0.000000000000000000e+00,0.000000000000000000e+00
8.411468492549741427e+01,0.000000000000000000e+00,0.000000000000000000e+00
7.742607419326928664e+01,0.000000000000000000e+00,0.000000000000000000e+00
7.811221658375096411e+01,0.000000000000000000e+00,0.000000000000000000e+00
7.876366041385516326e+01,0.000000000000000000e+00,0.000000000000000000e+00
7.923590253078157275e+01,0.000000000000000000e+00,0.000000000000000000e+00
8.343025484917116330e+01,0.000000000000000000e+00,0.000000000000000000e+00
7.747980634349838169e+01,0.000000000000000000e+00,0.000000000000000000e+00
7.935061855908318762e+01,0.000000000000000000e+00,0.000000000000000000e+00
8.249014710692583208e+01,0.000000000000000000e+00,0.000000000000000000e+00
7.888250953621067652e+01,0.000000000000000000e+00,0.000000000000000000e+00
7.734826895452619056e+01,0.000000000000000000e+00,0.000000000000000000e+00
7.780590952091240808e+01,0.000000000000000000e+00,0.000000000000000000e+00
7.761179280374113887e+01,0.000000000000000000e+00,0.000000000000000000e+00
8.191877483084915923e+01,0.000000000000000000e+00,0.000000000000000000e+00
7.600182257829389698e+01,0.000000000000000000e+00,0.000000000000000000e+00
7.634501787868033773e+01,0.000000000000000000e+00,0.000000000000000000e+00
7.922289209318708458e+01,0.000000000000000000e+00,0.000000000000000000e+00
7.829228771720228508e+01,0.000000000000000000e+00,0.000000000000000000e+00
8.189085817518846966e+01,0.000000000000000000e+00,0.000000000000000000e+00
8.055798802706952699e+01,0.000000000000000000e+00,0.000000000000000000e+00
8.139522488076494255e+01,0.000000000000000000e+00,0.000000000000000000e+00
8.018070986272699940e+01,0.000000000000000000e+00,0.000000000000000000e+00
7.764879147715446095e+01,0.000000000000000000e+00,0.000000000000000000e+00
7.991630393431651669e+01,0.000000000000000000e+00,0.000000000000000000e+00
7.820005795666374127e+01,0.000000000000000000e+00,0.000000000000000000e+00
7.983162549827795829e+01,0.000000000000000000e+00,0.000000000000000000e+00
7.868432136726141835e+01,0.000000000000000000e+00,0.000000000000000000e+00
8.183911099869504824e+01,0.000000000000000000e+00,0.000000000000000000e+00
7.564449124381468437e+01,0.000000000000000000e+00,0.000000000000000000e+00
7.833541665930924580e+01,0.000000000000000000e+00,0.000000000000000000e+00
7.732832712480004034e+01,0.000000000000000000e+00,0.000000000000000000e+00
7.755562944363398969e+01,0.000000000000000000e+00,0.000000000000000000e+00
7.807523329585424676e+01,0.000000000000000000e+00,0.000000000000000000e+00
7.850891282274059790e+01,0.000000000000000000e+00,0.000000000000000000e+00
7.905591245986204285e+01,0.000000000000000000e+00,0.000000000000000000e+00
7.825183184924168245e+01,0.000000000000000000e+00,0.000000000000000000e+00
7.729119801448258897e+01,0.000000000000000000e+00,0.000000000000000000e+00
7.853754554011101163e+01,0.000000000000000000e+00,0.000000000000000000e+00
7.982108962855967604e+01,0.000000000000000000e+00,0.000000000000000000e+00
7.955527214192213137e+01,0.000000000000000000e+00,0.000000000000000000e+00
7.920307756232529073e+01,0.000000000000000000e+00,0.000000000000000000e+00
7.801498892876691116e+01,0.000000000000000000e+00,0.000000000000000000e+00
7.739641882166107223e+01,0.000000000000000000e+00,0.000000000000000000e+00
7.663482291108202560e+01,0.000000000000000000e+00,0.000000000000000000e+00
7.360349184056511262e+01,0.000000000000000000e+00,0.000000000000000000e+00
7.633578254833479093e+01,0.000000000000000000e+00,0.000000000000000000e+00
7.616023170819113375e+01,0.000000000000000000e+00,0.000000000000000000e+00
7.828986562421108886e+01,0.000000000000000000e+00,0.000000000000000000e+00
8.020233822768142318e+01,0.000000000000000000e+00,0.000000000000000000e+00
7.630969123631838613e+01,0.000000000000000000e+00,0.000000000000000000e+00
7.849542952985237321e+01,0.000000000000000000e+00,0.000000000000000000e+00
7.552123246046777183e+01,0.000000000000000000e+00,0.000000000000000000e+00
7.338902196296143643e+01,0.000000000000000000e+00,0.000000000000000000e+00
7.865865890350252698e+01,0.000000000000000000e+00,0.000000000000000000e+00
7.846920190848800303e+01,0.000000000000000000e+00,0.000000000000000000e+00
7.777420038207553432e+01,0.000000000000000000e+00,0.000000000000000000e+00
8.175153843689287214e+01,0.000000000000000000e+00,0.000000000000000000e+00
8.065138372474335426e+01,0.000000000000000000e+00,0.000000000000000000e+00
7.847000110325846833e+01,0.000000000000000000e+00,0.000000000000000000e+00
7.869654493034060749e+01,0.000000000000000000e+00,0.000000000000000000e+00
7.879264688195782185e+01,0.000000000000000000e+00,0.000000000000000000e+00
7.318157034041993825e+01,0.000000000000000000e+00,0.000000000000000000e+00
7.833709365549745485e+01,0.000000000000000000e+00,0.000000000000000000e+00
7.480545796415746906e+01,0.000000000000000000e+00,0.000000000000000000e+00
7.665632343771477508e+01,0.000000000000000000e+00,0.000000000000000000e+00
7.789152722103588644e+01,0.000000000000000000e+00,0.000000000000000000e+00
7.799170148034221484e+01,0.000000000000000000e+00,0.000000000000000000e+00
7.516608779098605453e+01,0.000000000000000000e+00,0.000000000000000000e+00
7.366891664645459059e+01,0.000000000000000000e+00,0.000000000000000000e+00
7.523066962478409891e+01,0.000000000000000000e+00,0.000000000000000000e+00
7.849779482356629501e+01,0.000000000000000000e+00,0.000000000000000000e+00
7.374323677188645831e+01,0.000000000000000000e+00,0.000000000000000000e+00
8.013318605604044365e+01,0.000000000000000000e+00,0.000000000000000000e+00
7.650047629645997915e+01,0.000000000000000000e+00,0.000000000000000000e+00
7.698065297812026131e+01,0.000000000000000000e+00,0.000000000000000000e+00
7.741791089634084244e+01,0.000000000000000000e+00,0.000000000000000000e+00
7.477625213910759783e+01,0.000000000000000000e+00,0.000000000000000000e+00
7.678857096010938221e+01,0.000000000000000000e+00,0.000000000000000000e+00
8.172835905788681998e+01,0.000000000000000000e+00,0.000000000000000000e+00
7.630385299871765881e+01,0.000000000000000000e+00,0.000000000000000000e+00
7.347964973650589116e+01,0.000000000000000000e+00,0.000000000000000000e+00
8.101250902912290996e+01,0.000000000000000000e+00,0.000000000000000000e+00
7.641032632613121223e+01,0.000000000000000000e+00,0.000000000000000000e+00
7.904365260464432197e+01,0.000000000000000000e+00,0.000000000000000000e+00
7.647591010882757701e+01,0.000000000000000000e+00,0.000000000000000000e+00
7.435522949539283388e+01,0.000000000000000000e+00,0.000000000000000000e+00
7.831098706224666728e+01,0.000000000000000000e+00,0.000000000000000000e+00
7.851197309595319496e+01,0.000000000000000000e+00,0.000000000000000000e+00
7.904959199827669636e+01,0.000000000000000000e+00,0.000000000000000000e+00
7.226999383397885879e+01,0.000000000000000000e+00,0.000000000000000000e+00
7.737197150340688268e+01,0.000000000000000000e+00,0.000000000000000000e+00
7.557937742516220680e+01,0.000000000000000000e+00,0.000000000000000000e+00
7.564136282377138798e+01,0.000000000000000000e+00,0.000000000000000000e+00
8.036203333000828763e+01,0.000000000000000000e+00,0.000000000000000000e+00
7.766870882485967797e+01,0.000000000000000000e+00,0.000000000000000000e+00
7.843699744142509189e+01,0.000000000000000000e+00,0.000000000000000000e+00
7.586624292104781375e+01,0.000000000000000000e+00,0.000000000000000000e+00
7.397705572834784959e+01,0.000000000000000000e+00,0.000000000000000000e+00
7.995111292066704323e+01,0.000000000000000000e+00,0.000000000000000000e+00
7.434002552537161534e+01,0.000000000000000000e+00,0.000000000000000000e+00
7.803974933312092332e+01,0.000000000000000000e+00,0.000000000000000000e+00
7.284356390670599524e+01,0.000000000000000000e+00,0.000000000000000000e+00
7.502245410957004879e+01,0.000000000000000000e+00,0.000000000000000000e+00
7.987077772952844157e+01,0.000000000000000000e+00,0.000000000000000000e+00
8.088462001908089860e+01,0.000000000000000000e+00,0.000000000000000000e+00
7.517196675251467752e+01,0.000000000000000000e+00,0.000000000000000000e+00
7.833609530794740294e+01,0.000000000000000000e+00,0.000000000000000000e+00
7.496207882229884945e+01,0.000000000000000000e+00,0.000000000000000000e+00
7.507725642954795831e+01,0.000000000000000000e+00,0.000000000000000000e+00
7.672620355031951078e+01,0.000000000000000000e+00,0.000000000000000000e+00
7.394119340288756348e+01,0.000000000000000000e+00,0.000000000000000000e+00
7.230742537623753208e+01,0.000000000000000000e+00,0.000000000000000000e+00
7.380094259399542977e+01,0.000000000000000000e+00,0.000000000000000000e+00
7.210242129306925563e+01,0.000000000000000000e+00,0.000000000000000000e+00
7.457087051952542822e+01,0.000000000000000000e+00,0.000000000000000000e+00
7.659948698451742644e+01,0.000000000000000000e+00,0.000000000000000000e+00
7.521102663423764056e+01,0.000000000000000000e+00,0.000000000000000000e+00
7.400045126257808192e+01,0.000000000000000000e+00,0.000000000000000000e+00
7.463098567216206902e+01,0.000000000000000000e+00,0.000000000000000000e+00
7.193649745710914090e+01,0.000000000000000000e+00,0.000000000000000000e+00
7.656805770911790887e+01,0.000000000000000000e+00,0.000000000000000000e+00
7.350749040631633591e+01,0.000000000000000000e+00,0.000000000000000000e+00
7.398363571293990049e+01,0.000000000000000000e+00,0.000000000000000000e+00
7.488416161907784385e+01,0.000000000000000000e+00,0.000000000000000000e+00
7.552544976799029541e+01,0.000000000000000000e+00,0.000000000000000000e+00
7.369797713441590759e+01,0.000000000000000000e+00,0.000000000000000000e+00
7.451784213113533895e+01,0.000000000000000000e+00,0.000000000000000000e+00
7.321439606167139402e+01,0.000000000000000000e+00,0.000000000000000000e+00
7.784966425300356718e+01,0.000000000000000000e+00,0.000000000000000000e+00
7.247879760537563243e+01,0.000000000000000000e+00,0.000000000000000000e+00
7.472598541380672543e+01,0.000000000000000000e+00,0.000000000000000000e+00
7.710797524928355529e+01,0.000000000000000000e+00,0.000000000000000000e+00
7.825597761829861554e+01,0.000000000000000000e+00,0.000000000000000000e+00
7.774729197312571216e+01,0.000000000000000000e+00,0.000000000000000000e+00
7.261439658656989593e+01,0.000000000000000000e+00,0.000000000000000000e+00
7.455451462244897698e+01,0.000000000000000000e+00,0.000000000000000000e+00
7.254493987038077307e+01,0.000000000000000000e+00,0.000000000000000000e+00
7.323032087940916313e+01,0.000000000000000000e+00,0.000000000000000000e+00
7.598908080288708788e+01,0.000000000000000000e+00,0.000000000000000000e+00
7.580433102663086231e+01,0.000000000000000000e+00,0.000000000000000000e+00
7.222858396484065224e+01,0.000000000000000000e+00,0.000000000000000000e+00
7.238282491927697038e+01,0.000000000000000000e+00,0.000000000000000000e+00
7.020409131896325050e+01,0.000000000000000000e+00,0.000000000000000000e+00
7.537340046721141107e+01,0.000000000000000000e+00,0.000000000000000000e+00
7.283051254775513428e+01,0.000000000000000000e+00,0.000000000000000000e+00
7.497324729104256846e+01,0.000000000000000000e+00,0.000000000000000000e+00
7.378154887158234487e+01,0.000000000000000000e+00,0.000000000000000000e+00
7.638670963040402739e+01,0.000000000000000000e+00,0.000000000000000000e+00
7.115013410295402707e+01,0.000000000000000000e+00,0.000000000000000000e+00
7.598995729265330112e+01,0.000000000000000000e+00,0.000000000000000000e+00
7.354760494346277255e+01,0.000000000000000000e+00,0.000000000000000000e+00
7.348053840539751036e+01,0.000000000000000000e+00,0.000000000000000000e+00
7.795292475694191126e+01,0.000000000000000000e+00,0.000000000000000000e+00
7.091947100013913996e+01,0.000000000000000000e+00,0.000000000000000000e+00
7.407403861784486310e+01,0.000000000000000000e+00,0.000000000000000000e+00
7.419318088051173277e+01,0.000000000000000000e+00,0.000000000000000000e+00
7.314281017207119362e+01,0.000000000000000000e+00,0.000000000000000000e+00
7.267758410499617128e+01,0.000000000000000000e+00,0.000000000000000000e+00
7.175575134498706120e+01,0.000000000000000000e+00,0.000000000000000000e+00
7.558099618326239977e+01,0.000000000000000000e+00,0.000000000000000000e+00
7.331477695024381092e+01,0.000000000000000000e+00,0.000000000000000000e+00
7.482563716173639534e+01,0.000000000000000000e+00,0.000000000000000000e+00
7.325213105115003032e+01,0.000000000000000000e+00,0.000000000000000000e+00
7.551131663709971065e+01,0.000000000000000000e+00,0.000000000000000000e+00
7.587080697104391902e+01,0.000000000000000000e+00,0.000000000000000000e+00
7.771409383782423674e+01,0.000000000000000000e+00,0.000000000000000000e+00
7.504451263122409443e+01,0.000000000000000000e+00,0.000000000000000000e+00
6.951866789083845788e+01,0.000000000000000000e+00,0.000000000000000000e+00
7.485700354377620158e+01,0.000000000000000000e+00,0.000000000000000000e+00
7.102602421102886865e+01,0.000000000000000000e+00,0.000000000000000000e+00
7.144799639776179845e+01,0.000000000000000000e+00,0.000000000000000000e+00
7.128358517607550482e+01,0.000000000000000000e+00,0.000000000000000000e+00
7.242670554319172993e+01,0.000000000000000000e+00,0.000000000000000000e+00
6.941373822684039396e+01,0.000000000000000000e+00,0.000000000000000000e+00
7.199812367751731301e+01,0.000000000000000000e+00,0.000000000000000000e+00
7.255032339443349088e+01,0.000000000000000000e+00,0.000000000000000000e+00
7.335322587587816656e+01,0.000000000000000000e+00,0.000000000000000000e+00
7.549492090352552509e+01,0.000000000000000000e+00,0.000000000000000000e+00
6.955582256583821277e+01,0.000000000000000000e+00,0.000000000000000000e+00
7.220308144668136663e+01,0.000000000000000000e+00,0.000000000000000000e+00
6.964430335168150066e+01,0.000000000000000000e+00,0.000000000000000000e+00
7.234665987799914433e+01,0.000000000000000000e+00,0.000000000000000000e+00
6.872688227105358294e+01,0.000000000000000000e+00,0.000000000000000000e+00
6.837631584174393140e+01,0.000000000000000000e+00,0.000000000000000000e+00
6.906141288166345760e+01,0.000000000000000000e+00,0.000000000000000000e+00
6.934046977148886981e+01,0.000000000000000000e+00,0.000000000000000000e+00
7.303537243341666851e+01,0.000000000000000000e+00,0.000000000000000000e+00
7.308114779614777490e+01,0.000000000000000000e+00,0.000000000000000000e+00
7.091305508715497297e+01,0.000000000000000000e+00,0.000000000000000000e+00
7.189105047596581244e+01,0.000000000000000000e+00,0.000000000000000000e+00
7.528460035616490131e+01,0.000000000000000000e+00,0.000000000000000000e+00
7.191048298624717461e+01,0.000000000000000000e+00,0.000000000000000000e+00
7.038040225244360215e+01,0.000000000000000000e+00,0.000000000000000000e+00
7.202406671447467090e+01,0.000000000000000000e+00,0.000000000000000000e+00
7.397030837996278763e+01,0.000000000000000000e+00,0.000000000000000000e+00
7.221606719171811051e+01,0.000000000000000000e+00,0.000000000000000000e+00
7.427297056306815648e+01,0.000000000000000000e+00,0.000000000000000000e+00
7.453559628518588909e+01,0.000000000000000000e+00,0.000000000000000000e+00
7.012496578959864735e+01,0.000000000000000000e+00,0.000000000000000000e+00
6.778275105070362372e+01,0.000000000000000000e+00,0.000000000000000000e+00
7.410476141574582698e+01,0.000000000000000000e+00,0.000000000000000000e+00
7.155930210827631299e+01,0.000000000000000000e+00,0.000000000000000000e+00
6.946015177266664864e+01,0.000000000000000000e+00,0.000000000000000000e+00
6.747656897949420340e+01,0.000000000000000000e+00,0.000000000000000000e+00
6.949096214360892532e+01,0.000000000000000000e+00,0.000000000000000000e+00
6.998545124458973987e+01,0.000000000000000000e+00,0.000000000000000000e+00
7.048027521020807740e+01,0.000000000000000000e+00,0.000000000000000000e+00
7.062582705924370430e+01,0.000000000000000000e+00,0.000000000000000000e+00
7.031204519756116156e+01,0.000000000000000000e+00,0.000000000000000000e+00
6.981356029683345810e+01,0.000000000000000000e+00,0.000000000000000000e+00
7.048311908460598829e+01,0.000000000000000000e+00,0.000000000000000000e+00
6.782722649059533637e+01,0.000000000000000000e+00,0.000000000000000000e+00
6.952322537377125400e+01,0.000000000000000000e+00,0.000000000000000000e+00
6.822157201819491945e+01,0.000000000000000000e+00,0.000000000000000000e+00
6.297312142219468711e+01,0.000000000000000000e+00,0.000000000000000000e+00
7.037047979280045240e+01,0.000000000000000000e+00,0.000000000000000000e+00
7.097375301089770971e+01,0.000000000000000000e+00,0.000000000000000000e+00
7.196614822233088660e+01,0.000000000000000000e+00,0.000000000000000000e+00
6.914099603945440720e+01,0.000000000000000000e+00,0.000000000000000000e+00
7.034493669223370205e+01,0.000000000000000000e+00,0.000000000000000000e+00
6.885080769980496029e+01,0.000000000000000000e+00,0.000000000000000000e+00
7.251670088243180601e+01,0.000000000000000000e+00,0.000000000000000000e+00
6.855279838398378445e+01,0.000000000000000000e+00,0.000000000000000000e+00
6.671608076129800224e+01,0.000000000000000000e+00,0.000000000000000000e+00
6.755575876837227156e+01,0.000000000000000000e+00,0.000000000000000000e+00
6.524097385132681381e+01,0.000000000000000000e+00,0.000000000000000000e+00
6.973968876878187473e+01,0.000000000000000000e+00,0.000000000000000000e+00
7.216567433636608087e+01,0.000000000000000000e+00,0.000000000000000000e+00
6.927949727553759374e+01,0.000000000000000000e+00,0.000000000000000000e+00
7.037924364498975649e+01,0.000000000000000000e+00,0.000000000000000000e+00
6.951274281939825528e+01,0.000000000000000000e+00,0.000000000000000000e+00
7.385364769331995660e+01,0.000000000000000000e+00,0.000000000000000000e+00
6.726004645714633057e+01,0.000000000000000000e+00,0.000000000000000000e+00
6.592727228088034508e+01,0.000000000000000000e+00,0.000000000000000000e+00
6.883389902984198727e+01,0.000000000000000000e+00,0.000000000000000000e+00
7.041536427131072173e+01,0.000000000000000000e+00,0.000000000000000000e+00
6.303788016337776412e+01,0.000000000000000000e+00,0.000000000000000000e+00
7.016234094729013293e+01,0.000000000000000000e+00,0.000000000000000000e+00
6.581110038719623390e+01,0.000000000000000000e+00,0.000000000000000000e+00
6.495142685615466860e+01,0.000000000000000000e+00,0.000000000000000000e+00
6.738920733338449054e+01,0.000000000000000000e+00,0.000000000000000000e+00
6.923054544012978795e+01,0.000000000000000000e+00,0.000000000000000000e+00
6.684024208981614379e+01,0.000000000000000000e+00,0.000000000000000000e+00
7.099242959821222598e+01,0.000000000000000000e+00,0.000000000000000000e+00
6.821131576175777411e+01,0.000000000000000000e+00,0.000000000000000000e+00
6.913999070786469758e+01,0.000000000000000000e+00,0.000000000000000000e+00
6.824462512066932618e+01,0.000000000000000000e+00,0.000000000000000000e+00
6.853655365832925384e+01,0.000000000000000000e+00,0.000000000000000000e+00
7.171023470708523462e+01,0.000000000000000000e+00,0.000000000000000000e+00
7.505824166373106721e+01,0.000000000000000000e+00,0.000000000000000000e+00
6.770276733283269266e+01,0.000000000000000000e+00,0.000000000000000000e+00
6.667641658701576546e+01,0.000000000000000000e+00,0.000000000000000000e+00
6.883675108739971904e+01,0.000000000000000000e+00,0.000000000000000000e+00
6.510749446128491513e+01,0.000000000000000000e+00,0.000000000000000000e+00
6.609280678772763906e+01,0.000000000000000000e+00,0.000000000000000000e+00
6.767191219730214868e+01,0.000000000000000000e+00,0.000000000000000000e+00
6.850013938193660579e+01,0.000000000000000000e+00,0.000000000000000000e+00
6.820648494922478733e+01,0.000000000000000000e+00,0.000000000000000000e+00
6.522963830026775156e+01,0.000000000000000000e+00,0.000000000000000000e+00
6.834630684010889468e+01,0.000000000000000000e+00,0.000000000000000000e+00
6.455695138000795907e+01,0.000000000000000000e+00,0.000000000000000000e+00
6.864099778155976139e+01,0.000000000000000000e+00,0.000000000000000000e+00
6.558458375482294400e+01,0.000000000000000000e+00,0.000000000000000000e+00
6.674090785198877995e+01,0.000000000000000000e+00,0.000000000000000000e+00
6.599017126713224002e+01,0.000000000000000000e+00,0.000000000000000000e+00
6.653305393941118950e+01,0.000000000000000000e+00,0.000000000000000000e+00
6.848827431435799440e+01,0.000000000000000000e+00,0.000000000000000000e+00
6.628444367332734544e+01,0.000000000000000000e+00,0.000000000000000000e+00
6.809082727461066042e+01,0.000000000000000000e+00,0.000000000000000000e+00
6.766511249528053895e+01,0.000000000000000000e+00,0.000000000000000000e+00
6.779109044278554563e+01,0.000000000000000000e+00,0.000000000000000000e+00
6.700517097244551223e+01,0.000000000000000000e+00,0.000000000000000000e+00
6.348706686318794823e+01,0.000000000000000000e+00,0.000000000000000000e+00
6.757237350756599881e+01,0.000000000000000000e+00,0.000000000000000000e+00
6.783587656652399289e+01,0.000000000000000000e+00,0.000000000000000000e+00
6.859152859080847975e+01,0.000000000000000000e+00,0.000000000000000000e+00
6.413855198403594216e+01,0.000000000000000000e+00,0.000000000000000000e+00
6.496694237680981132e+01,0.000000000000000000e+00,0.000000000000000000e+00
6.513896785136819290e+01,0.000000000000000000e+00,0.000000000000000000e+00
6.576153885007191491e+01,0.000000000000000000e+00,0.000000000000000000e+00
6.506671904054063305e+01,0.000000000000000000e+00,0.000000000000000000e+00
6.798227561100773642e+01,0.000000000000000000e+00,0.000000000000000000e+00
6.516226999745448722e+01,0.000000000000000000e+00,0.000000000000000000e+00
5.937901765532684806e+01,0.000000000000000000e+00,0.000000000000000000e+00
6.782721065495766766e+01,0.000000000000000000e+00,0.000000000000000000e+00
6.543430861939562249e+01,0.000000000000000000e+00,0.000000000000000000e+00
6.487563757706327294e+01,0.000000000000000000e+00,0.000000000000000000e+00
6.580575681736434035e+01,0.000000000000000000e+00,0.000000000000000000e+00
6.443862854878295821e+01,0.000000000000000000e+00,0.000000000000000000e+00
6.560461507598365927e+01,0.000000000000000000e+00,0.000000000000000000e+00
6.302269487361539291e+01,0.000000000000000000e+00,0.000000000000000000e+00
6.115515525845464850e+01,0.000000000000000000e+00,0.000000000000000000e+00
6.653898132818638089e+01,0.000000000000000000e+00,0.000000000000000000e+00
6.429324400205001666e+01,0.000000000000000000e+00,0.000000000000000000e+00
6.766459904492708688e+01,0.000000000000000000e+00,0.000000000000000000e+00
6.395839469349925110e+01,0.000000000000000000e+00,0.000000000000000000e+00
6.238652944666216627e+01,0.000000000000000000e+00,0.000000000000000000e+00
6.383551187167609697e+01,0.000000000000000000e+00,0.000000000000000000e+00
6.278606970066574178e+01,0.000000000000000000e+00,0.000000000000000000e+00
6.488608341343693553e+01,0.000000000000000000e+00,0.000000000000000000e+00
6.727323033672666952e+01,0.000000000000000000e+00,0.000000000000000000e+00
6.489258905278593659e+01,0.000000000000000000e+00,0.000000000000000000e+00
6.520823676497455779e+01,0.000000000000000000e+00,0.000000000000000000e+00
6.744466017887559417e+01,0.000000000000000000e+00,0.000000000000000000e+00
6.824378361687261929e+01,0.000000000000000000e+00,0.000000000000000000e+00
6.241582347329346447e+01,0.000000000000000000e+00,0.000000000000000000e+00
6.140286852009739960e+01,0.000000000000000000e+00,0.000000000000000000e+00
6.367698277583384936e+01,0.000000000000000000e+00,0.000000000000000000e+00
6.432486893026951691e+01,0.000000000000000000e+00,0.000000000000000000e+00
6.350554394854317053e+01,0.000000000000000000e+00,0.000000000000000000e+00
6.284904218895151473e+01,0.000000000000000000e+00,0.000000000000000000e+00
6.470233766798881447e+01,0.000000000000000000e+00,0.000000000000000000e+00
6.339942705765801634e+01,0.000000000000000000e+00,0.000000000000000000e+00
6.156229967827201222e+01,0.000000000000000000e+00,0.000000000000000000e+00
6.169944507290686886e+01,0.000000000000000000e+00,0.000000000000000000e+00
6.192110049528425719e+01,0.000000000000000000e+00,0.000000000000000000e+00
6.582644530167524977e+01,0.000000000000000000e+00,0.000000000000000000e+00
6.445116058036734330e+01,0.000000000000000000e+00,0.000000000000000000e+00
5.997992588558009430e+01,0.000000000000000000e+00,0.000000000000000000e+00
6.388556071813139425e+01,0.000000000000000000e+00,0.000000000000000000e+00
6.359968853745559869e+01,0.000000000000000000e+00,0.000000000000000000e+00
6.791349183468044259e+01,0.000000000000000000e+00,0.000000000000000000e+00
6.595654629502510602e+01,0.000000000000000000e+00,0.000000000000000000e+00
6.699455730754608851e+01,0.000000000000000000e+00,0.000000000000000000e+00
6.426419764107610888e+01,0.000000000000000000e+00,0.000000000000000000e+00
6.470089329976411818e+01,0.000000000000000000e+00,0.000000000000000000e+00
6.142310511313907995e+01,0.000000000000000000e+00,0.000000000000000000e+00
6.321050885651615658e+01,0.000000000000000000e+00,0.000000000000000000e+00
6.238717508568875303e+01,0.000000000000000000e+00,0.000000000000000000e+00
6.487282739275556764e+01,0.000000000000000000e+00,0.000000000000000000e+00
6.049179400231128767e+01,0.000000000000000000e+00,0.000000000000000000e+00
6.185827030117343384e+01,0.000000000000000000e+00,0.000000000000000000e+00
6.179109790535534330e+01,0.000000000000000000e+00,0.000000000000000000e+00
6.371509017593527346e+01,0.000000000000000000e+00,0.000000000000000000e+00
5.821194837230919461e+01,0.000000000000000000e+00,0.000000000000000000e+00
6.144626812217389755e+01,0.000000000000000000e+00,0.000000000000000000e+00
6.125779411213211034e+01,0.000000000000000000e+00,0.000000000000000000e+00
6.436231075767084064e+01,0.000000000000000000e+00,0.000000000000000000e+00
6.210255127627446825e+01,0.000000000000000000e+00,0.000000000000000000e+00
6.125920674006967204e+01,0.000000000000000000e+00,0.000000000000000000e+00
6.269409543877900148e+01,0.000000000000000000e+00,0.000000000000000000e+00
6.257797514352689916e+01,0.000000000000000000e+00,0.000000000000000000e+00
6.288590774726515775e+01,0.000000000000000000e+00,0.000000000000000000e+00
5.837612631235682414e+01,0.000000000000000000e+00,0.000000000000000000e+00
6.068084295536880290e+01,0.000000000000000000e+00,0.000000000000000000e+00
6.213518957562791201e+01,0.000000000000000000e+00,0.000000000000000000e+00
6.270847860362467685e+01,0.000000000000000000e+00,0.000000000000000000e+00
5.948983668563481331e+01,0.000000000000000000e+00,0.000000000000000000e+00
5.904882376359982743e+01,0.000000000000000000e+00,0.000000000000000000e+00
5.602322909191808264e+01,0.000000000000000000e+00,0.000000000000000000e+00
5.972137161134723016e+01,0.000000000000000000e+00,0.000000000000000000e+00
6.141466144023308260e+01,0.000000000000000000e+00,0.000000000000000000e+00
6.014551364359422791e+01,0.000000000000000000e+00,0.000000000000000000e+00
6.022283393202062030e+01,0.000000000000000000e+00,0.000000000000000000e+00
6.192488153039558085e+01,0.000000000000000000e+00,0.000000000000000000e+00
5.858974061496282815e+01,0.000000000000000000e+00,0.000000000000000000e+00
6.271879865299518286e+01,0.000000000000000000e+00,0.000000000000000000e+00
6.197141234576373137e+01,0.000000000000000000e+00,0.000000000000000000e+00
6.395068349511807781e+01,0.000000000000000000e+00,0.000000000000000000e+00
5.944572845503542879e+01,0.000000000000000000e+00,0.000000000000000000e+00
5.914898324984150690e+01,0.000000000000000000e+00,0.000000000000000000e+00
5.844046123705046369e+01,0.000000000000000000e+00,0.000000000000000000e+00
6.103439619384435133e+01,0.000000000000000000e+00,0.000000000000000000e+00
6.308446565333770906e+01,0.000000000000000000e+00,0.000000000000000000e+00
6.096287500499425249e+01,0.000000000000000000e+00,0.000000000000000000e+00
5.935701285564382346e+01,0.000000000000000000e+00,0.000000000000000000e+00
6.065460833418789122e+01,0.000000000000000000e+00,0.000000000000000000e+00
6.207233162332180143e+01,0.000000000000000000e+00,0.000000000000000000e+00
6.140049387016251359e+01,0.000000000000000000e+00,0.000000000000000000e+00
5.965633081532234172e+01,0.000000000000000000e+00,0.000000000000000000e+00
5.795661815866915845e+01,0.000000000000000000e+00,0.000000000000000000e+00
6.216408767038474537e+01,0.000000000000000000e+00,0.000000000000000000e+00
5.927910664416429398e+01,0.000000000000000000e+00,0.000000000000000000e+00
5.601430625823061149e+01,0.000000000000000000e+00,0.000000000000000000e+00
5.742372149665529690e+01,0.000000000000000000e+00,0.000000000000000000e+00
5.692980384999048482e+01,0.000000000000000000e+00,0.000000000000000000e+00
6.176082580602795957e+01,0.000000000000000000e+00,0.000000000000000000e+00
5.960078746953318785e+01,0.000000000000000000e+00,0.000000000000000000e+00
5.688231955358917702e+01,0.000000000000000000e+00,0.000000000000000000e+00
6.201294387681756604e+01,0.000000000000000000e+00,0.000000000000000000e+00
5.599394736462701871e+01,0.000000000000000000e+00,0.000000000000000000e+00
5.978364027005356007e+01,0.000000000000000000e+00,0.000000000000000000e+00
5.887968667352847518e+01,0.000000000000000000e+00,0.000000000000000000e+00
5.924087908132895564e+01,0.000000000000000000e+00,0.000000000000000000e+00
6.224104586921674809e+01,0.000000000000000000e+00,0.000000000000000000e+00
5.674418590234015625e+01,0.000000000000000000e+00,0.000000000000000000e+00
6.006025917807509273e+01,0.000000000000000000e+00,0.000000000000000000e+00
5.826682210187376398e+01,0.000000000000000000e+00,0.000000000000000000e+00
5.662275819592979076e+01,0.000000000000000000e+00,0.000000000000000000e+00
5.938128367455795598e+01,0.000000000000000000e+00,0.000000000000000000e+00
5.768845615045698594e+01,0.000000000000000000e+00,0.000000000000000000e+00
6.213772821474216101e+01,0.000000000000000000e+00,0.000000000000000000e+00
5.534328972566395777e+01,0.000000000000000000e+00,0.000000000000000000e+00
5.926297007291231012e+01,0.000000000000000000e+00,0.000000000000000000e+00
5.675148017160923786e+01,0.000000000000000000e+00,0.000000000000000000e+00
5.644527743055177638e+01,0.000000000000000000e+00,0.000000000000000000e+00
5.583586354512007688e+01,0.000000000000000000e+00,0.000000000000000000e+00
5.665655056176095172e+01,0.000000000000000000e+00,0.000000000000000000e+00
5.758710689896966528e+01,0.000000000000000000e+00,0.000000000000000000e+00
5.911584707553473805e+01,0.000000000000000000e+00,0.000000000000000000e+00
5.490189797564545415e+01,0.000000000000000000e+00,0.000000000000000000e+00
5.437762590180982869e+01,0.000000000000000000e+00,0.000000000000000000e+00
5.541055180199502672e+01,0.000000000000000000e+00,0.000000000000000000e+00
5.458410539039728349e+01,0.000000000000000000e+00,0.000000000000000000e+00
5.785638306102692496e+01,0.000000000000000000e+00,0.000000000000000000e+00
5.505410831241583480e+01,0.000000000000000000e+00,0.000000000000000000e+00
5.415178262246669050e+01,0.000000000000000000e+00,0.000000000000000000e+00
5.752325196451157296e+01,0.000000000000000000e+00,0.000000000000000000e+00
5.849237767610519967e+01,0.000000000000000000e+00,0.000000000000000000e+00
5.596858669253156648e+01,0.000000000000000000e+00,0.000000000000000000e+00
5.811033471979949638e+01,0.000000000000000000e+00,0.000000000000000000e+00
5.794641421804057302e+01,0.000000000000000000e+00,0.000000000000000000e+00
5.692345675809831818e+01,0.000000000000000000e+00,0.000000000000000000e+00
5.825624224133076723e+01,0.000000000000000000e+00,0.000000000000000000e+00
5.666677376329491977e+01,0.000000000000000000e+00,0.000000000000000000e+00
5.725064800569442269e+01,0.000000000000000000e+00,0.000000000000000000e+00
5.366835648222057387e+01,0.000000000000000000e+00,0.000000000000000000e+00
5.820432763162254020e+01,0.000000000000000000e+00,0.000000000000000000e+00
5.923960620287116541e+01,0.000000000000000000e+00,0.000000000000000000e+00
5.510023774671532948e+01,0.000000000000000000e+00,0.000000000000000000e+00
5.655142226468176858e+01,0.000000000000000000e+00,0.000000000000000000e+00
5.683369947566792746e+01,0.000000000000000000e+00,0.000000000000000000e+00
5.456792507832902572e+01,0.000000000000000000e+00,0.000000000000000000e+00
5.387398846875410641e+01,0.000000000000000000e+00,0.000000000000000000e+00
5.543121817266666795e+01,0.000000000000000000e+00,0.000000000000000000e+00
5.805754385854533695e+01,0.000000000000000000e+00,0.000000000000000000e+00
5.479230396570104489e+01,0.000000000000000000e+00,0.000000000000000000e+00
5.998397263104046573e+01,0.000000000000000000e+00,0.000000000000000000e+00
5.046481880793405139e+01,0.000000000000000000e+00,0.000000000000000000e+00
5.337350750790115228e+01,0.000000000000000000e+00,0.000000000000000000e+00
5.159915300402969507e+01,0.000000000000000000e+00,0.000000000000000000e+00
5.011571494402728177e+01,0.000000000000000000e+00,0.000000000000000000e+00
5.624580507082672653e+01,0.000000000000000000e+00,0.000000000000000000e+00
5.508838708746034030e+01,0.000000000000000000e+00,0.000000000000000000e+00
5.746994404906330089e+01,0.000000000000000000e+00,0.000000000000000000e+00
4.984615231796175294e+01,0.000000000000000000e+00,0.000000000000000000e+00
4.943720242835316014e+01,0.000000000000000000e+00,0.000000000000000000e+00
5.404746283426371178e+01,0.000000000000000000e+00,0.000000000000000000e+00
5.598900034074154775e+01,0.000000000000000000e+00,0.000000000000000000e+00
5.149694429024425091e+01,0.000000000000000000e+00,0.000000000000000000e+00
5.709549869516954601e+01,0.000000000000000000e+00,0.000000000000000000e+00
5.121002823899727474e+01,0.000000000000000000e+00,0.000000000000000000e+00
5.411842846194250711e+01,0.000000000000000000e+00,0.000000000000000000e+00
5.219397000819143528e+01,0.000000000000000000e+00,0.000000000000000000e+00
5.613698278234342354e+01,0.000000000000000000e+00,0.000000000000000000e+00
5.421508221907617298e+01,0.000000000000000000e+00,0.000000000000000000e+00
5.579033604674940250e+01,0.000000000000000000e+00,0.000000000000000000e+00
5.035471766860976572e+01,0.000000000000000000e+00,0.000000000000000000e+00
5.314588573296204999e+01,0.000000000000000000e+00,0.000000000000000000e+00
5.143432413399639813e+01,0.000000000000000000e+00,0.000000000000000000e+00
5.110065846098950004e+01,0.000000000000000000e+00,0.000000000000000000e+00
5.293749175551991470e+01,0.000000000000000000e+00,0.000000000000000000e+00
5.960771327520012619e+01,0.000000000000000000e+00,0.000000000000000000e+00
5.159241238774700378e+01,0.000000000000000000e+00,0.000000000000000000e+00
5.038811238100807088e+01,0.000000000000000000e+00,0.000000000000000000e+00
5.300195719126634231e+01,0.000000000000000000e+00,0.000000000000000000e+00
5.575802208303812080e+01,0.000000000000000000e+00,0.000000000000000000e+00
5.682979144300805530e+01,0.000000000000000000e+00,0.000000000000000000e+00
5.542914900496285213e+01,0.000000000000000000e+00,0.000000000000000000e+00
5.570199579992451078e+01,0.000000000000000000e+00,0.000000000000000000e+00
5.599616994732658526e+01,0.000000000000000000e+00,0.000000000000000000e+00
5.345001559396594359e+01,0.000000000000000000e+00,0.000000000000000000e+00
4.874137428642718817e+01,0.000000000000000000e+00,0.000000000000000000e+00
5.177678950422732385e+01,0.000000000000000000e+00,0.000000000000000000e+00
5.202617330250821936e+01,0.000000000000000000e+00,0.000000000000000000e+00
5.160841310641207258e+01,0.000000000000000000e+00,0.000000000000000000e+00
4.964807194432106741e+01,0.000000000000000000e+00,0.000000000000000000e+00
5.145182356828394887e+01,0.000000000000000000e+00,0.000000000000000000e+00
5.422417489898322884e+01,0.000000000000000000e+00,0.000000000000000000e+00
5.199021538356963390e+01,0.000000000000000000e+00,0.000000000000000000e+00
5.280321788283245610e+01,0.000000000000000000e+00,0.000000000000000000e+00
5.135628164999732803e+01,0.000000000000000000e+00,0.000000000000000000e+00
4.867781592855634898e+01,0.000000000000000000e+00,0.000000000000000000e+00
5.304682414169154470e+01,0.000000000000000000e+00,0.000000000000000000e+00
5.074866150457191338e+01,0.000000000000000000e+00,0.000000000000000000e+00
4.685714081182255342e+01,0.000000000000000000e+00,0.000000000000000000e+00
4.852676679939624194e+01,0.000000000000000000e+00,0.000000000000000000e+00
5.211858930014105340e+01,0.000000000000000000e+00,0.000000000000000000e+00
5.310312461576238974e+01,0.000000000000000000e+00,0.000000000000000000e+00
4.858367666898571002e+01,0.000000000000000000e+00,0.000000000000000000e+00
5.339003509257071300e+01,0.000000000000000000e+00,0.000000000000000000e+00
5.076799462126066231e+01,0.000000000000000000e+00,0.000000000000000000e+00
4.625417654093013198e+01,0.000000000000000000e+00,0.000000000000000000e+00
4.803540924878042517e+01,0.000000000000000000e+00,0.000000000000000000e+00
4.880143283361472584e+01,0.000000000000000000e+00,0.000000000000000000e+00
5.070682093041860128e+01,0.000000000000000000e+00,0.000000000000000000e+00
5.153820977756307542e+01,0.000000000000000000e+00,0.000000000000000000e+00
4.719929577271619081e+01,0.000000000000000000e+00,0.000000000000000000e+00
4.975558617211973456e+01,0.000000000000000000e+00,0.000000000000000000e+00
5.176169426604830903e+01,0.000000000000000000e+00,0.000000000000000000e+00
4.627582728775735887e+01,0.000000000000000000e+00,0.000000000000000000e+00
5.109022997486327000e+01,0.000000000000000000e+00,0.000000000000000000e+00
4.656954386498130560e+01,0.000000000000000000e+00,0.000000000000000000e+00
5.207578863041765516e+01,0.000000000000000000e+00,0.000000000000000000e+00
4.706889820556613557e+01,0.000000000000000000e+00,0.000000000000000000e+00
5.016463966025611398e+01,0.000000000000000000e+00,0.000000000000000000e+00
4.958788185535572524e+01,0.000000000000000000e+00,0.000000000000000000e+00
5.215350713394700932e+01,0.000000000000000000e+00,0.000000000000000000e+00
4.856438240212567337e+01,0.000000000000000000e+00,0.000000000000000000e+00
5.247608829107026907e+01,0.000000000000000000e+00,0.000000000000000000e+00
4.901768143445337955e+01,0.000000000000000000e+00,0.000000000000000000e+00
4.830804418657768906e+01,0.000000000000000000e+00,0.000000000000000000e+00
4.873233824604739084e+01,0.000000000000000000e+00,0.000000000000000000e+00
4.980077826863818302e+01,0.000000000000000000e+00,0.000000000000000000e+00
5.075143596618720210e+01,0.000000000000000000e+00,0.000000000000000000e+00
4.570979177118208980e+01,0.000000000000000000e+00,0.000000000000000000e+00
4.657532232910717340e+01,0.000000000000000000e+00,0.000000000000000000e+00
4.882230011313896512e+01,0.000000000000000000e+00,0.000000000000000000e+00
4.921505924867292947e+01,0.000000000000000000e+00,0.000000000000000000e+00
4.581032410946895794e+01,0.000000000000000000e+00,0.000000000000000000e+00
4.737003228402063826e+01,0.000000000000000000e+00,0.000000000000000000e+00
5.125421193710515411e+01,0.000000000000000000e+00,0.000000000000000000e+00
4.614010358723307093e+01,0.000000000000000000e+00,0.000000000000000000e+00
4.483875450191247580e+01,0.000000000000000000e+00,0.000000000000000000e+00
4.979827492160358560e+01,0.000000000000000000e+00,0.000000000000000000e+00
4.562899068158409932e+01,0.000000000000000000e+00,0.000000000000000000e+00
4.930263189656528056e+01,0.000000000000000000e+00,0.000000000000000000e+00
4.763717746074080139e+01,0.000000000000000000e+00,0.000000000000000000e+00
5.062366147845442299e+01,0.000000000000000000e+00,0.000000000000000000e+00
4.641652243168378078e+01,0.000000000000000000e+00,0.000000000000000000e+00
4.624619058044873299e+01,0.000000000000000000e+00,0.000000000000000000e+00
4.840407090946249014e+01,0.000000000000000000e+00,0.000000000000000000e+00
4.381232838243888494e+01,0.000000000000000000e+00,0.000000000000000000e+00
4.491912512882562680e+01,0.000000000000000000e+00,0.000000000000000000e+00
4.817664892504538443e+01,0.000000000000000000e+00,0.000000000000000000e+00
4.522314847923402681e+01,0.000000000000000000e+00,0.000000000000000000e+00
4.731726626622660348e+01,0.000000000000000000e+00,0.000000000000000000e+00
4.475918631837094352e+01,0.000000000000000000e+00,0.000000000000000000e+00
4.622908222596889516e+01,0.000000000000000000e+00,0.000000000000000000e+00
4.570970599265124434e+01,0.000000000000000000e+00,0.000000000000000000e+00
4.547621612335273511e+01,0.000000000000000000e+00,0.000000000000000000e+00
4.754655893681015755e+01,0.000000000000000000e+00,0.000000000000000000e+00
4.487043205469475993e+01,0.000000000000000000e+00,0.000000000000000000e+00
4.618753439872568833e+01,0.000000000000000000e+00,0.000000000000000000e+00
4.760565559664405555e+01,0.000000000000000000e+00,0.000000000000000000e+00
4.209970116686479713e+01,0.000000000000000000e+00,0.000000000000000000e+00
4.681892137048627234e+01,0.000000000000000000e+00,0.000000000000000000e+00
4.731680967532189896e+01,0.000000000000000000e+00,0.000000000000000000e+00
4.404012000363455570e+01,0.000000000000000000e+00,0.000000000000000000e+00
4.653392788754428722e+01,0.000000000000000000e+00,0.000000000000000000e+00
4.496593383428232471e+01,0.000000000000000000e+00,0.000000000000000000e+00
4.766850726594455523e+01,0.000000000000000000e+00,0.000000000000000000e+00
4.686501589063490059e+01,0.000000000000000000e+00,0.000000000000000000e+00
4.737605795128145303e+01,0.000000000000000000e+00,0.000000000000000000e+00
4.636707863197987223e+01,0.000000000000000000e+00,0.000000000000000000e+00
4.881861617165890976e+01,0.000000000000000000e+00,0.000000000000000000e+00
4.568866852579962767e+01,0.000000000000000000e+00,0.000000000000000000e+00
4.384462582708825806e+01,0.000000000000000000e+00,0.000000000000000000e+00
4.332396438746712164e+01,0.000000000000000000e+00,0.000000000000000000e+00
4.153265092410852333e+01,0.000000000000000000e+00,0.000000000000000000e+00
4.480059191122379048e+01,0.000000000000000000e+00,0.000000000000000000e+00
4.339421333395921465e+01,0.000000000000000000e+00,0.000000000000000000e+00
4.723684192173280394e+01,0.000000000000000000e+00,0.000000000000000000e+00
5.012231022241402201e+01,0.000000000000000000e+00,0.000000000000000000e+00
4.423471097735173885e+01,0.000000000000000000e+00,0.000000000000000000e+00
4.417587661903846907e+01,0.000000000000000000e+00,0.000000000000000000e+00
4.700455295296572444e+01,0.000000000000000000e+00,0.000000000000000000e+00
4.403813599750331775e+01,0.000000000000000000e+00,0.000000000000000000e+00
4.754869834290811070e+01,0.000000000000000000e+00,0.000000000000000000e+00
4.164678787958667527e+01,0.000000000000000000e+00,0.000000000000000000e+00
4.472723912565492554e+01,0.000000000000000000e+00,0.000000000000000000e+00
4.386786529647476129e+01,0.000000000000000000e+00,0.000000000000000000e+00
5.026708035008886100e+01,0.000000000000000000e+00,0.000000000000000000e+00
4.415289065960360659e+01,0.000000000000000000e+00,0.000000000000000000e+00
4.420153711648938355e+01,0.000000000000000000e+00,0.000000000000000000e+00
4.342369134847860579e+01,0.000000000000000000e+00,0.000000000000000000e+00
4.175289777141111358e+01,0.000000000000000000e+00,0.000000000000000000e+00
4.388393358094214136e+01,0.000000000000000000e+00,0.000000000000000000e+00
4.603737855026736270e+01,0.000000000000000000e+00,0.000000000000000000e+00
4.441413391227733598e+01,0.000000000000000000e+00,0.000000000000000000e+00
4.451508490598452994e+01,0.000000000000000000e+00,0.000000000000000000e+00
4.194556878322281079e+01,0.000000000000000000e+00,0.000000000000000000e+00
4.371234367581222102e+01,0.000000000000000000e+00,0.000000000000000000e+00
4.465948400721519107e+01,0.000000000000000000e+00,0.000000000000000000e+00
4.317023959871868044e+01,0.000000000000000000e+00,0.000000000000000000e+00
4.111501040863092271e+01,0.000000000000000000e+00,0.000000000000000000e+00
4.183120466895957890e+01,0.000000000000000000e+00,0.000000000000000000e+00
3.987688529020636707e+01,0.000000000000000000e+00,0.000000000000000000e+00
4.309637400245757988e+01,0.000000000000000000e+00,0.000000000000000000e+00
4.412268038196886266e+01,0.000000000000000000e+00,0.000000000000000000e+00
4.230605231108655317e+01,0.000000000000000000e+00,0.000000000000000000e+00
4.192273046232586609e+01,0.000000000000000000e+00,0.000000000000000000e+00
4.417166365178268705e+01,0.000000000000000000e+00,0.000000000000000000e+00
4.289253083678104161e+01,0.000000000000000000e+00,0.000000000000000000e+00
3.954014209581900730e+01,0.000000000000000000e+00,0.000000000000000000e+00
4.247297655623641788e+01,0.000000000000000000e+00,0.000000000000000000e+00
4.317997808728108566e+01,0.000000000000000000e+00,0.000000000000000000e+00
4.105836187350257660e+01,0.000000000000000000e+00,0.000000000000000000e+00
4.117175635641814324e+01,0.000000000000000000e+00,0.000000000000000000e+00
4.318908913857369214e+01,0.000000000000000000e+00,0.000000000000000000e+00
4.116971731079824792e+01,0.000000000000000000e+00,0.000000000000000000e+00
4.387527315969042263e+01,0.000000000000000000e+00,0.000000000000000000e+00
3.943332628900237324e+01,0.000000000000000000e+00,0.000000000000000000e+00
4.539550727090200866e+01,0.000000000000000000e+00,0.000000000000000000e+00
4.151266626818106431e+01,0.000000000000000000e+00,0.000000000000000000e+00
3.946889935678472483e+01,0.000000000000000000e+00,0.000000000000000000e+00
4.339482525309028205e+01,0.000000000000000000e+00,0.000000000000000000e+00
3.834264936642158972e+01,0.000000000000000000e+00,0.000000000000000000e+00
4.455814967090369549e+01,0.000000000000000000e+00,0.000000000000000000e+00
3.943316942443498618e+01,0.000000000000000000e+00,0.000000000000000000e+00
4.312895099156641976e+01,0.000000000000000000e+00,0.000000000000000000e+00
4.027401094186345176e+01,0.000000000000000000e+00,0.000000000000000000e+00
4.233185361726044249e+01,0.000000000000000000e+00,0.000000000000000000e+00
4.198991315859592532e+01,0.000000000000000000e+00,0.000000000000000000e+00
3.809790068285206388e+01,0.000000000000000000e+00,0.000000000000000000e+00
4.263885994751075970e+01,0.000000000000000000e+00,0.000000000000000000e+00
4.246051039953682960e+01,0.000000000000000000e+00,0.000000000000000000e+00
4.225284363176582758e+01,0.000000000000000000e+00,0.000000000000000000e+00
4.225257442008833664e+01,0.000000000000000000e+00,0.000000000000000000e+00
4.317240556592793865e+01,0.000000000000000000e+00,0.000000000000000000e+00
4.192411976964967835e+01,0.000000000000000000e+00,0.000000000000000000e+00
4.127628005039751713e+01,0.000000000000000000e+00,0.000000000000000000e+00
3.939407539241794609e+01,0.000000000000000000e+00,0.000000000000000000e+00
3.966836641332503177e+01,0.000000000000000000e+00,0.000000000000000000e+00
4.263851504459194075e+01,0.000000000000000000e+00,0.000000000000000000e+00
3.829632404045887739e+01,0.000000000000000000e+00,0.000000000000000000e+00
3.657181099267790358e+01,0.000000000000000000e+00,0.000000000000000000e+00
4.205041454564529602e+01,0.000000000000000000e+00,0.000000000000000000e+00
3.918437536215975570e+01,0.000000000000000000e+00,0.000000000000000000e+00
3.828279574930384399e+01,0.000000000000000000e+00,0.000000000000000000e+00
4.037783426441982471e+01,0.000000000000000000e+00,0.000000000000000000e+00
3.893562509611243172e+01,0.000000000000000000e+00,0.000000000000000000e+00
4.126307793478258645e+01,0.000000000000000000e+00,0.000000000000000000e+00
4.074924748264488272e+01,0.000000000000000000e+00,0.000000000000000000e+00
4.248507332273599246e+01,0.000000000000000000e+00,0.000000000000000000e+00
3.916848887839885407e+01,0.000000000000000000e+00,0.000000000000000000e+00
4.311703324998958919e+01,0.000000000000000000e+00,0.000000000000000000e+00
3.842217342904371691e+01,0.000000000000000000e+00,0.000000000000000000e+00
4.022922897413172905e+01,0.000000000000000000e+00,0.000000000000000000e+00
3.938387373089953769e+01,0.000000000000000000e+00,0.000000000000000000e+00
3.812598364825016262e+01,0.000000000000000000e+00,0.000000000000000000e+00
3.733179906520708613e+01,0.000000000000000000e+00,0.000000000000000000e+00
3.706262901398768150e+01,0.000000000000000000e+00,0.000000000000000000e+00
3.929224374652807228e+01,0.000000000000000000e+00,0.000000000000000000e+00
3.743299347289686096e+01,0.000000000000000000e+00,0.000000000000000000e+00
3.704616127780111867e+01,0.000000000000000000e+00,0.000000000000000000e+00
3.916606126244294472e+01,0.000000000000000000e+00,0.000000000000000000e+00
3.702278731091919184e+01,0.000000000000000000e+00,0.000000000000000000e+00
3.987873183037501690e+01,0.000000000000000000e+00,0.000000000000000000e+00
3.965362666489642862e+01,0.000000000000000000e+00,0.000000000000000000e+00
4.127539809624197176e+01,0.000000000000000000e+00,0.000000000000000000e+00
3.593115144472548650e+01,0.000000000000000000e+00,0.000000000000000000e+00
3.731851170017602470e+01,0.000000000000000000e+00,0.000000000000000000e+00
3.729071755396712007e+01,0.000000000000000000e+00,0.000000000000000000e+00
3.647779802113218750e+01,0.000000000000000000e+00,0.000000000000000000e+00
3.774630055478465351e+01,0.000000000000000000e+00,0.000000000000000000e+00
3.956367547175192811e+01,0.000000000000000000e+00,0.000000000000000000e+00
4.138149596187646040e+01,0.000000000000000000e+00,0.000000000000000000e+00
3.862021290885553526e+01,0.000000000000000000e+00,0.000000000000000000e+00
3.950376711571685462e+01,0.000000000000000000e+00,0.000000000000000000e+00
3.479108140952796902e+01,0.000000000000000000e+00,0.000000000000000000e+00
3.661068442273534629e+01,0.000000000000000000e+00,0.000000000000000000e+00
3.662414261816809358e+01,0.000000000000000000e+00,0.000000000000000000e+00
3.957498206149698916e+01,0.000000000000000000e+00,0.000000000000000000e+00
3.630530446211699314e+01,0.000000000000000000e+00,0.000000000000000000e+00
3.580576309754474806e+01,0.000000000000000000e+00,0.000000000000000000e+00
3.614300289175222503e+01,0.000000000000000000e+00,0.000000000000000000e+00
3.871030819129552469e+01,0.000000000000000000e+00,0.000000000000000000e+00
3.711281668112538057e+01,0.000000000000000000e+00,0.000000000000000000e+00
3.421693490504642199e+01,0.000000000000000000e+00,0.000000000000000000e+00
3.498409387084278421e+01,0.000000000000000000e+00,0.000000000000000000e+00
3.815058804544901960e+01,0.000000000000000000e+00,0.000000000000000000e+00
3.524999289619290010e+01,0.000000000000000000e+00,0.000000000000000000e+00
3.695230484645657754e+01,0.000000000000000000e+00,0.000000000000000000e+00
3.843831822554160027e+01,0.000000000000000000e+00,0.000000000000000000e+00
3.407301644061777068e+01,0.000000000000000000e+00,0.000000000000000000e+00
3.476943918482358953e+01,0.000000000000000000e+00,0.000000000000000000e+00
3.824847413180481226e+01,0.000000000000000000e+00,0.000000000000000000e+00
3.724223988310405531e+01,0.000000000000000000e+00,0.000000000000000000e+00
3.548611797417729719e+01,0.000000000000000000e+00,0.000000000000000000e+00
3.614031540613189009e+01,0.000000000000000000e+00,0.000000000000000000e+00
3.661496389948740671e+01,0.000000000000000000e+00,0.000000000000000000e+00
3.367013382312254066e+01,0.000000000000000000e+00,0.000000000000000000e+00
3.568142159255948798e+01,0.000000000000000000e+00,0.000000000000000000e+00
3.945100467612770956e+01,0.000000000000000000e+00,0.000000000000000000e+00
3.896462694661518356e+01,0.000000000000000000e+00,0.000000000000000000e+00
3.373342371679423479e+01,0.000000000000000000e+00,0.000000000000000000e+00
3.384965522990346898e+01,0.000000000000000000e+00,0.000000000000000000e+00
3.757233012946598905e+01,0.000000000000000000e+00,0.000000000000000000e+00
3.745349405038829360e+01,0.000000000000000000e+00,0.000000000000000000e+00
3.611994648411922526e+01,0.000000000000000000e+00,0.000000000000000000e+00
3.414739157031905847e+01,0.000000000000000000e+00,0.000000000000000000e+00
3.798879428363010646e+01,0.000000000000000000e+00,0.000000000000000000e+00
3.484748575417540906e+01,0.000000000000000000e+00,0.000000000000000000e+00
3.576828307117717287e+01,0.000000000000000000e+00,0.000000000000000000e+00
3.605407730002468014e+01,0.000000000000000000e+00,0.000000000000000000e+00
3.670925494328970728e+01,0.000000000000000000e+00,0.000000000000000000e+00
3.980926883149557227e+01,0.000000000000000000e+00,0.000000000000000000e+00
3.357222609294443316e+01,0.000000000000000000e+00,0.000000000000000000e+00
3.519502428828808860e+01,0.000000000000000000e+00,0.000000000000000000e+00
3.522041721729512886e+01,0.000000000000000000e+00,0.000000000000000000e+00
3.612826637115293948e+01,0.000000000000000000e+00,0.000000000000000000e+00
3.560175787875016340e+01,0.000000000000000000e+00,0.000000000000000000e+00
3.480537282020419809e+01,0.000000000000000000e+00,0.000000000000000000e+00
3.217451257362585437e+01,0.000000000000000000e+00,0.000000000000000000e+00
3.328729062188394039e+01,0.000000000000000000e+00,0.000000000000000000e+00
3.300905488740896487e+01,0.000000000000000000e+00,0.000000000000000000e+00
3.444222919102321612e+01,0.000000000000000000e+00,0.000000000000000000e+00
3.637031236967025905e+01,0.000000000000000000e+00,0.000000000000000000e+00
3.066730855716835435e+01,0.000000000000000000e+00,0.000000000000000000e+00
3.221034266574041283e+01,0.000000000000000000e+00,0.000000000000000000e+00
3.352771717993961431e+01,0.000000000000000000e+00,0.000000000000000000e+00
3.608083775759483558e+01,0.000000000000000000e+00,0.000000000000000000e+00
3.305807832125356072e+01,0.000000000000000000e+00,0.000000000000000000e+00
3.044307376994835579e+01,0.000000000000000000e+00,0.000000000000000000e+00
3.409296727765404711e+01,0.000000000000000000e+00,0.000000000000000000e+00
3.415830496150728379e+01,0.000000000000000000e+00,0.000000000000000000e+00
3.191855861341154821e+01,0.000000000000000000e+00,0.000000000000000000e+00
3.335421524901625645e+01,0.000000000000000000e+00,0.000000000000000000e+00
3.091617568303709618e+01,0.000000000000000000e+00,0.000000000000000000e+00
3.440735394402764769e+01,0.000000000000000000e+00,0.000000000000000000e+00
3.462155546272977347e+01,0.000000000000000000e+00,0.000000000000000000e+00
3.325718923988741693e+01,0.000000000000000000e+00,0.000000000000000000e+00
2.950675489984002198e+01,0.000000000000000000e+00,0.000000000000000000e+00
3.322361375057928967e+01,0.000000000000000000e+00,0.000000000000000000e+00
3.025456087596931098e+01,0.000000000000000000e+00,0.000000000000000000e+00
3.196022641760692551e+01,0.000000000000000000e+00,0.000000000000000000e+00
3.178720547911490613e+01,0.000000000000000000e+00,0.000000000000000000e+00
3.418183818807649033e+01,0.000000000000000000e+00,0.000000000000000000e+00
3.177806938855287200e+01,0.000000000000000000e+00,0.000000000000000000e+00
3.159357832234508834e+01,0.000000000000000000e+00,0.000000000000000000e+00
2.989810834579319376e+01,0.000000000000000000e+00,0.000000000000000000e+00
3.133923162831586851e+01,0.000000000000000000e+00,0.000000000000000000e+00
3.108273623231137250e+01,0.000000000000000000e+00,0.000000000000000000e+00
2.942301763059393238e+01,0.000000000000000000e+00,0.000000000000000000e+00
3.101272328595456784e+01,0.000000000000000000e+00,0.000000000000000000e+00
3.169219034553195868e+01,0.000000000000000000e+00,0.000000000000000000e+00
3.334831807774709489e+01,0.000000000000000000e+00,0.000000000000000000e+00
3.157284864716186945e+01,0.000000000000000000e+00,0.000000000000000000e+00
3.383644890503339298e+01,0.000000000000000000e+00,0.000000000000000000e+00
3.468194737522475180e+01,0.000000000000000000e+00,0.000000000000000000e+00
3.226268012962260912e+01,0.000000000000000000e+00,0.000000000000000000e+00
3.313554549768051771e+01,0.000000000000000000e+00,0.000000000000000000e+00
3.114068453440825479e+01,0.000000000000000000e+00,0.000000000000000000e+00
3.221170437032470346e+01,0.000000000000000000e+00,0.000000000000000000e+00
3.180045467253603064e+01,0.000000000000000000e+00,0.000000000000000000e+00
3.234258068223417126e+01,0.000000000000000000e+00,0.000000000000000000e+00
3.271451005154357006e+01,0.000000000000000000e+00,0.000000000000000000e+00
2.925923356515849960e+01,0.000000000000000000e+00,0.000000000000000000e+00
3.312825908285169874e+01,0.000000000000000000e+00,0.000000000000000000e+00
3.169151204755626594e+01,0.000000000000000000e+00,0.000000000000000000e+00
2.819338040286564606e+01,0.000000000000000000e+00,0.000000000000000000e+00
3.422856897741255722e+01,0.000000000000000000e+00,0.000000000000000000e+00
3.046221530204230277e+01,0.000000000000000000e+00,0.000000000000000000e+00
3.312763771717474981e+01,0.000000000000000000e+00,0.000000000000000000e+00
3.127542372867649689e+01,0.000000000000000000e+00,0.000000000000000000e+00
2.965066407289091543e+01,0.000000000000000000e+00,0.000000000000000000e+00
3.052966245086228625e+01,0.000000000000000000e+00,0.000000000000000000e+00
3.069348971172802365e+01,0.000000000000000000e+00,0.000000000000000000e+00
3.311466367294257651e+01,0.000000000000000000e+00,0.000000000000000000e+00
3.153655129951993175e+01,0.000000000000000000e+00,0.000000000000000000e+00
2.927410641534839897e+01,0.000000000000000000e+00,0.000000000000000000e+00
3.058664485618404427e+01,0.000000000000000000e+00,0.000000000000000000e+00
2.875996052493844957e+01,0.000000000000000000e+00,0.000000000000000000e+00
3.280996867842915776e+01,0.000000000000000000e+00,0.000000000000000000e+00
2.931858834954783788e+01,0.000000000000000000e+00,0.000000000000000000e+00
3.144883277132438337e+01,0.000000000000000000e+00,0.000000000000000000e+00
2.989681959582900106e+01,0.000000000000000000e+00,0.000000000000000000e+00
3.118832477953038662e+01,0.000000000000000000e+00,0.000000000000000000e+00
2.738152734238038377e+01,0.000000000000000000e+00,0.000000000000000000e+00
2.770141309118167072e+01,0.000000000000000000e+00,0.000000000000000000e+00
3.219782873734305184e+01,0.000000000000000000e+00,0.000000000000000000e+00
2.937001496920316157e+01,0.000000000000000000e+00,0.000000000000000000e+00
2.887914066266110424e+01,0.000000000000000000e+00,0.000000000000000000e+00
2.655789626472180132e+01,0.000000000000000000e+00,0.000000000000000000e+00
3.020458135297580071e+01,0.000000000000000000e+00,0.000000000000000000e+00
2.864606189621807886e+01,0.000000000000000000e+00,0.000000000000000000e+00
2.778248426326199905e+01,0.000000000000000000e+00,0.000000000000000000e+00
3.155075594381897730e+01,0.000000000000000000e+00,0.000000000000000000e+00
2.644643800852577442e+01,0.000000000000000000e+00,0.000000000000000000e+00
3.099154588836091406e+01,0.000000000000000000e+00,0.000000000000000000e+00
2.647875968142820469e+01,0.000000000000000000e+00,0.000000000000000000e+00
2.794661020341054325e+01,0.000000000000000000e+00,0.000000000000000000e+00
3.211398125452112140e+01,0.000000000000000000e+00,0.000000000000000000e+00
2.960142915991608703e+01,0.000000000000000000e+00,0.000000000000000000e+00
2.520432262963568348e+01,0.000000000000000000e+00,0.000000000000000000e+00
2.806827501445519601e+01,0.000000000000000000e+00,0.000000000000000000e+00
2.786261688737420172e+01,0.000000000000000000e+00,0.000000000000000000e+00
3.155857835455481819e+01,0.000000000000000000e+00,0.000000000000000000e+00
2.920294678419443812e+01,0.000000000000000000e+00,0.000000000000000000e+00
2.727932044273008216e+01,0.000000000000000000e+00,0.000000000000000000e+00
3.026848935593171674e+01,0.000000000000000000e+00,0.000000000000000000e+00
3.115494173757774021e+01,0.000000000000000000e+00,0.000000000000000000e+00
2.528185303337664891e+01,0.000000000000000000e+00,0.000000000000000000e+00
3.160908991221290165e+01,0.000000000000000000e+00,0.000000000000000000e+00
2.645064808772240639e+01,0.000000000000000000e+00,0.000000000000000000e+00
3.086836154810944421e+01,0.000000000000000000e+00,0.000000000000000000e+00
2.571372998837948742e+01,0.000000000000000000e+00,0.000000000000000000e+00
2.824590492653653229e+01,0.000000000000000000e+00,0.000000000000000000e+00
2.960423381044877544e+01,0.000000000000000000e+00,0.000000000000000000e+00
2.849502290473937904e+01,0.000000000000000000e+00,0.000000000000000000e+00
2.646594373877641715e+01,0.000000000000000000e+00,0.000000000000000000e+00
2.509819895700162462e+01,0.000000000000000000e+00,0.000000000000000000e+00
2.756533461727327960e+01,0.000000000000000000e+00,0.000000000000000000e+00
2.917438498622505350e+01,0.000000000000000000e+00,0.000000000000000000e+00
2.571494588614031684e+01,0.000000000000000000e+00,0.000000000000000000e+00
2.902504259281172949e+01,0.000000000000000000e+00,0.000000000000000000e+00
2.667860243046759194e+01,0.000000000000000000e+00,0.000000000000000000e+00
2.994840926247949042e+01,0.000000000000000000e+00,0.000000000000000000e+00
2.532149918598607741e+01,0.000000000000000000e+00,0.000000000000000000e+00
3.107391758937055570e+01,0.000000000000000000e+00,0.000000000000000000e+00
2.639187495259391980e+01,0.000000000000000000e+00,0.000000000000000000e+00
2.668837686707681911e+01,0.000000000000000000e+00,0.000000000000000000e+00
2.358649612829952602e+01,0.000000000000000000e+00,0.000000000000000000e+00
2.184520591894887787e+01,0.000000000000000000e+00,0.000000000000000000e+00
2.523961771315611813e+01,0.000000000000000000e+00,0.000000000000000000e+00
2.386393170725447277e+01,0.000000000000000000e+00,0.000000000000000000e+00
2.509811353886385632e+01,0.000000000000000000e+00,0.000000000000000000e+00
3.078312946437071318e+01,0.000000000000000000e+00,0.000000000000000000e+00
2.559558676374368602e+01,0.000000000000000000e+00,0.000000000000000000e+00
2.641268833829197860e+01,0.000000000000000000e+00,0.000000000000000000e+00
2.542419042854227484e+01,0.000000000000000000e+00,0.000000000000000000e+00
2.740327009910399170e+01,0.000000000000000000e+00,0.000000000000000000e+00
2.260748394367389125e+01,0.000000000000000000e+00,0.000000000000000000e+00
2.643846460863231584e+01,0.000000000000000000e+00,0.000000000000000000e+00
2.969084526192573037e+01,0.000000000000000000e+00,0.000000000000000000e+00
2.819338079986437506e+01,0.000000000000000000e+00,0.000000000000000000e+00
2.689403411412715883e+01,0.000000000000000000e+00,0.000000000000000000e+00
2.712879966932709053e+01,0.000000000000000000e+00,0.000000000000000000e+00
2.454026355529615699e+01,0.000000000000000000e+00,0.000000000000000000e+00
2.821159351823238381e+01,0.000000000000000000e+00,0.000000000000000000e+00
2.831429092397814529e+01,0.000000000000000000e+00,0.000000000000000000e+00
3.006314546916065922e+01,0.000000000000000000e+00,0.000000000000000000e+00
2.798198903132595206e+01,0.000000000000000000e+00,0.000000000000000000e+00
2.719433639536613612e+01,0.000000000000000000e+00,0.000000000000000000e+00
2.565607540456284141e+01,0.000000000000000000e+00,0.000000000000000000e+00
2.537150060028745457e+01,0.000000000000000000e+00,0.000000000000000000e+00
2.535672127247969598e+01,0.000000000000000000e+00,0.000000000000000000e+00
2.889872355539264248e+01,0.000000000000000000e+00,0.000000000000000000e+00
2.934415419359671517e+01,0.000000000000000000e+00,0.000000000000000000e+00
2.709006194515625410e+01,0.000000000000000000e+00,0.000000000000000000e+00
2.515324649052181982e+01,0.000000000000000000e+00,0.000000000000000000e+00
2.985170188645521705e+01,0.000000000000000000e+00,0.000000000000000000e+00
2.463145604284658319e+01,0.000000000000000000e+00,0.000000000000000000e+00
2.789388812918211968e+01,0.000000000000000000e+00,0.000000000000000000e+00
2.765601119554968079e+01,0.000000000000000000e+00,0.000000000000000000e+00
2.967229931902230078e+01,0.000000000000000000e+00,0.000000000000000000e+00
2.598405061497412305e+01,0.000000000000000000e+00,0.000000000000000000e+00
2.945332744819492987e+01,0.000000000000000000e+00,0.000000000000000000e+00
2.433295698177723665e+01,0.000000000000000000e+00,0.000000000000000000e+00
2.762702741328086020e+01,0.000000000000000000e+00,0.000000000000000000e+00
2.665849878653511240e+01,0.000000000000000000e+00,0.000000000000000000e+00
2.481313140030325570e+01,0.000000000000000000e+00,0.000000000000000000e+00
2.293410476565385991e+01,0.000000000000000000e+00,0.000000000000000000e+00
2.726019997854149324e+01,0.000000000000000000e+00,0.000000000000000000e+00
2.029272743627551279e+01,0.000000000000000000e+00,0.000000000000000000e+00
2.715839394994524270e+01,0.000000000000000000e+00,0.000000000000000000e+00
2.393223482077867459e+01,0.000000000000000000e+00,0.000000000000000000e+00
2.452189828945056149e+01,0.000000000000000000e+00,0.000000000000000000e+00
2.559119749451976134e+01,0.000000000000000000e+00,0.000000000000000000e+00
2.488391460187742865e+01,0.000000000000000000e+00,0.000000000000000000e+00
2.415449364366965312e+01,0.000000000000000000e+00,0.000000000000000000e+00
2.380869348486370285e+01,0.000000000000000000e+00,0.000000000000000000e+00
2.316407792435134994e+01,0.000000000000000000e+00,0.000000000000000000e+00
2.757042982913708329e+01,0.000000000000000000e+00,0.000000000000000000e+00
2.658999714025646455e+01,0.000000000000000000e+00,0.000000000000000000e+00
2.794617578345030040e+01,0.000000000000000000e+00,0.000000000000000000e+00
2.287883236941351939e+01,0.000000000000000000e+00,0.000000000000000000e+00
2.821440017365040376e+01,0.000000000000000000e+00,0.000000000000000000e+00
2.510357323290506315e+01,0.000000000000000000e+00,0.000000000000000000e+00
2.609730076720971326e+01,0.000000000000000000e+00,0.000000000000000000e+00
2.704878602109433317e+01,0.000000000000000000e+00,0.000000000000000000e+00
2.519656040798200536e+01,0.000000000000000000e+00,0.000000000000000000e+00
2.571902366268418660e+01,0.000000000000000000e+00,0.000000000000000000e+00
2.340291801387360593e+01,0.000000000000000000e+00,0.000000000000000000e+00
2.264241917328559239e+01,0.000000000000000000e+00,0.000000000000000000e+00
2.476130564010928126e+01,0.000000000000000000e+00,0.000000000000000000e+00
2.642876766477386496e+01,0.000000000000000000e+00,0.000000000000000000e+00
2.213601194745004719e+01,0.000000000000000000e+00,0.000000000000000000e+00
2.471106888947252145e+01,0.000000000000000000e+00,0.000000000000000000e+00
1.971242235974581902e+01,0.000000000000000000e+00,0.000000000000000000e+00
2.289738495314600186e+01,0.000000000000000000e+00,0.000000000000000000e+00
2.341966786035346715e+01,0.000000000000000000e+00,0.000000000000000000e+00
2.562861005643752321e+01,0.000000000000000000e+00,0.000000000000000000e+00
2.593193135150000472e+01,0.000000000000000000e+00,0.000000000000000000e+00
2.498016044461711971e+01,0.000000000000000000e+00,0.000000000000000000e+00
2.264877002420831786e+01,0.000000000000000000e+00,0.000000000000000000e+00
2.265733936610093480e+01,0.000000000000000000e+00,0.000000000000000000e+00
2.857095838766934293e+01,0.000000000000000000e+00,0.000000000000000000e+00
2.159047144185678846e+01,0.000000000000000000e+00,0.000000000000000000e+00
2.396745879967863857e+01,0.000000000000000000e+00,0.000000000000000000e+00
2.300545415906100999e+01,0.000000000000000000e+00,0.000000000000000000e+00
2.433852959982787922e+01,0.000000000000000000e+00,0.000000000000000000e+00
2.239109922891194415e+01,0.000000000000000000e+00,0.000000000000000000e+00
2.336077772920431883e+01,0.000000000000000000e+00,0.000000000000000000e+00
2.471304478180424979e+01,0.000000000000000000e+00,0.000000000000000000e+00
2.380119497377745930e+01,0.000000000000000000e+00,0.000000000000000000e+00
2.420119092271700367e+01,0.000000000000000000e+00,0.000000000000000000e+00
2.379309417298626883e+01,0.000000000000000000e+00,0.000000000000000000e+00
2.281989933002358129e+01,0.000000000000000000e+00,0.000000000000000000e+00
2.291165541508618375e+01,0.000000000000000000e+00,0.000000000000000000e+00
2.516897255037474324e+01,0.000000000000000000e+00,0.000000000000000000e+00
2.480651568913043192e+01,0.000000000000000000e+00,0.000000000000000000e+00
2.417641776059822334e+01,0.000000000000000000e+00,0.000000000000000000e+00
2.204804649257912175e+01,0.000000000000000000e+00,0.000000000000000000e+00
2.213218406812136863e+01,0.000000000000000000e+00,0.000000000000000000e+00
2.490883288859892275e+01,0.000000000000000000e+00,0.000000000000000000e+00
2.592815142855933885e+01,0.000000000000000000e+00,0.000000000000000000e+00
1.973938391107183676e+01,0.000000000000000000e+00,0.000000000000000000e+00
2.124866448591209434e+01,0.000000000000000000e+00,0.000000000000000000e+00
2.145265773424110023e+01,0.000000000000000000e+00,0.000000000000000000e+00
2.232221454701993579e+01,0.000000000000000000e+00,0.000000000000000000e+00
2.234360324331446179e+01,0.000000000000000000e+00,0.000000000000000000e+00
2.312073154036876588e+01,0.000000000000000000e+00,0.000000000000000000e+00
2.364826462994691170e+01,0.000000000000000000e+00,0.000000000000000000e+00
2.279598499211848761e+01,0.000000000000000000e+00,0.000000000000000000e+00
2.228137730430246322e+01,0.000000000000000000e+00,0.000000000000000000e+00
2.410128147338603100e+01,0.000000000000000000e+00,0.000000000000000000e+00
2.715219453194296051e+01,0.000000000000000000e+00,0.000000000000000000e+00
2.606344066340630050e+01,0.000000000000000000e+00,0.000000000000000000e+00
1.977259333253918427e+01,0.000000000000000000e+00,0.000000000000000000e+00
2.015678193743789848e+01,0.000000000000000000e+00,0.000000000000000000e+00
2.046400901915117032e+01,0.000000000000000000e+00,0.000000000000000000e+00
1.818946489112937570e+01,0.000000000000000000e+00,0.000000000000000000e+00
2.281643834211346800e+01,0.000000000000000000e+00,0.000000000000000000e+00
2.252700262155713062e+01,0.000000000000000000e+00,0.000000000000000000e+00
1.870929680847340038e+01,0.000000000000000000e+00,0.000000000000000000e+00
1.981743271705078513e+01,0.000000000000000000e+00,0.000000000000000000e+00
2.199338709219631838e+01,0.000000000000000000e+00,0.000000000000000000e+00
2.009285706049391251e+01,0.000000000000000000e+00,0.000000000000000000e+00
2.238298808149045271e+01,0.000000000000000000e+00,0.000000000000000000e+00
2.077424373614352859e+01,0.000000000000000000e+00,0.000000000000000000e+00
2.271693561251199256e+01,0.000000000000000000e+00,0.000000000000000000e+00
2.363801755225221157e+01,0.000000000000000000e+00,0.000000000000000000e+00
2.207792750871313814e+01,0.000000000000000000e+00,0.000000000000000000e+00
2.251354078615505827e+01,0.000000000000000000e+00,0.000000000000000000e+00
2.178666729934151647e+01,0.000000000000000000e+00,0.000000000000000000e+00
2.030416358029409807e+01,0.000000000000000000e+00,0.000000000000000000e+00
2.101188720744478999e+01,0.000000000000000000e+00,0.000000000000000000e+00
2.431550906807505896e+01,0.000000000000000000e+00,0.000000000000000000e+00
2.090098744970342182e+01,0.000000000000000000e+00,0.000000000000000000e+00
2.031422231740688744e+01,0.000000000000000000e+00,0.000000000000000000e+00
2.354643137443909495e+01,0.000000000000000000e+00,0.000000000000000000e+00
2.218812645202512002e+01,0.000000000000000000e+00,0.000000000000000000e+00
2.033449727913404814e+01,0.000000000000000000e+00,0.000000000000000000e+00
2.273692624156766229e+01,0.000000000000000000e+00,0.000000000000000000e+00
1.865436818801403263e+01,0.000000000000000000e+00,0.000000000000000000e+00
2.136431020964379712e+01,0.000000000000000000e+00,0.000000000000000000e+00
1.908731499667057108e+01,0.000000000000000000e+00,0.000000000000000000e+00
2.590001601114950702e+01,0.000000000000000000e+00,0.000000000000000000e+00
2.144934841826169247e+01,0.000000000000000000e+00,0.000000000000000000e+00
2.193022628735429080e+01,0.000000000000000000e+00,0.000000000000000000e+00
1.952101293249681291e+01,0.000000000000000000e+00,0.000000000000000000e+00
2.439799678041425679e+01,0.000000000000000000e+00,0.000000000000000000e+00
2.044042650472304246e+01,0.000000000000000000e+00,0.000000000000000000e+00
2.262674272216349891e+01,0.000000000000000000e+00,0.000000000000000000e+00
2.213574083699722905e+01,0.000000000000000000e+00,0.000000000000000000e+00
1.946396079019561398e+01,0.000000000000000000e+00,0.000000000000000000e+00
2.345690706088288024e+01,0.000000000000000000e+00,0.000000000000000000e+00
2.138394729495077229e+01,0.000000000000000000e+00,0.000000000000000000e+00
2.256083837946923865e+01,0.000000000000000000e+00,0.000000000000000000e+00
1.950396687104895221e+01,0.000000000000000000e+00,0.000000000000000000e+00
2.173967129096864070e+01,0.000000000000000000e+00,0.000000000000000000e+00
2.134849185350742218e+01,0.000000000000000000e+00,0.000000000000000000e+00
2.053685428412558167e+01,0.000000000000000000e+00,0.000000000000000000e+00
2.513811069412310317e+01,0.000000000000000000e+00,0.000000000000000000e+00
2.107688640052325013e+01,0.000000000000000000e+00,0.000000000000000000e+00
2.148953045577198040e+01,0.000000000000000000e+00,0.000000000000000000e+00
1.950676983228863648e+01,0.000000000000000000e+00,0.000000000000000000e+00
1.905261765820832665e+01,0.000000000000000000e+00,0.000000000000000000e+00
2.080485573610512873e+01,0.000000000000000000e+00,0.000000000000000000e+00
1.982721076117057279e+01,0.000000000000000000e+00,0.000000000000000000e+00
2.290093300164942036e+01,0.000000000000000000e+00,0.000000000000000000e+00
2.181620400252567649e+01,0.000000000000000000e+00,0.000000000000000000e+00
2.092535663616638075e+01,0.000000000000000000e+00,0.000000000000000000e+00
2.249673878473007349e+01,0.000000000000000000e+00,0.000000000000000000e+00
2.194544790774462939e+01,0.000000000000000000e+00,0.000000000000000000e+00
2.207126488157560118e+01,0.000000000000000000e+00,0.000000000000000000e+00
2.197688473802249121e+01,0.000000000000000000e+00,0.000000000000000000e+00
1.881336055503668092e+01,0.000000000000000000e+00,0.000000000000000000e+00
2.326299032726644000e+01,0.000000000000000000e+00,0.000000000000000000e+00
2.151341523831988312e+01,0.000000000000000000e+00,0.000000000000000000e+00
1.992540582097616664e+01,0.000000000000000000e+00,0.000000000000000000e+00
2.068622854549434109e+01,0.000000000000000000e+00,0.000000000000000000e+00
2.412063817894723528e+01,0.000000000000000000e+00,0.000000000000000000e+00
2.228974223064468418e+01,0.000000000000000000e+00,0.000000000000000000e+00
2.313520253534662530e+01,0.000000000000000000e+00,0.000000000000000000e+00
2.078647690184966379e+01,0.000000000000000000e+00,0.000000000000000000e+00
2.088594641576978361e+01,0.000000000000000000e+00,0.000000000000000000e+00
2.124773763845382746e+01,0.000000000000000000e+00,0.000000000000000000e+00
1.932667251308725298e+01,0.000000000000000000e+00,0.000000000000000000e+00
1.565711110750076074e+01,0.000000000000000000e+00,0.000000000000000000e+00
1.816624927491918839e+01,0.000000000000000000e+00,0.000000000000000000e+00
1.866012617611777102e+01,0.000000000000000000e+00,0.000000000000000000e+00
2.183138568457269812e+01,0.000000000000000000e+00,0.000000000000000000e+00
1.629421904206361660e+01,0.000000000000000000e+00,0.000000000000000000e+00
2.344004633577187491e+01,0.000000000000000000e+00,0.000000000000000000e+00
2.115124475213067967e+01,0.000000000000000000e+00,0.000000000000000000e+00
2.152587474050008254e+01,0.000000000000000000e+00,0.000000000000000000e+00
2.183195050883723454e+01,0.000000000000000000e+00,0.000000000000000000e+00
2.264166457903723995e+01,0.000000000000000000e+00,0.000000000000000000e+00
2.197399121635137575e+01,0.000000000000000000e+00,0.000000000000000000e+00
1.837036016471057209e+01,0.000000000000000000e+00,0.000000000000000000e+00
2.037837758652772280e+01,0.000000000000000000e+00,0.000000000000000000e+00
1.896560295184630007e+01,0.000000000000000000e+00,0.000000000000000000e+00
2.374214371143511926e+01,0.000000000000000000e+00,0.000000000000000000e+00
1.834086800880358226e+01,0.000000000000000000e+00,0.000000000000000000e+00
2.180566574443308525e+01,0.000000000000000000e+00,0.000000000000000000e+00
1.885743414328484491e+01,0.000000000000000000e+00,0.000000000000000000e+00
1.811448475068258901e+01,0.000000000000000000e+00,0.000000000000000000e+00
2.425756030766603288e+01,0.000000000000000000e+00,0.000000000000000000e+00
1.512037827395838185e+01,0.000000000000000000e+00,0.000000000000000000e+00
1.895749417854397478e+01,0.000000000000000000e+00,0.000000000000000000e+00
2.025292611445560453e+01,0.000000000000000000e+00,0.000000000000000000e+00
2.305656202677144151e+01,0.000000000000000000e+00,0.000000000000000000e+00
2.055538720595222202e+01,0.000000000000000000e+00,0.000000000000000000e+00
2.189081239147377644e+01,0.000000000000000000e+00,0.000000000000000000e+00
2.252478821570110412e+01,0.000000000000000000e+00,0.000000000000000000e+00
1.991809380766126480e+01,0.000000000000000000e+00,0.000000000000000000e+00
1.748059644268771251e+01,0.000000000000000000e+00,0.000000000000000000e+00
2.227025593429705808e+01,0.000000000000000000e+00,0.000000000000000000e+00
1.945992212651789188e+01,0.000000000000000000e+00,0.000000000000000000e+00
2.132583583944641248e+01,0.000000000000000000e+00,0.000000000000000000e+00
1.947649958132211268e+01,0.000000000000000000e+00,0.000000000000000000e+00
1.701211774741058491e+01,0.000000000000000000e+00,0.000000000000000000e+00
1.860693028919604330e+01,0.000000000000000000e+00,0.000000000000000000e+00
2.038164717196326237e+01,0.000000000000000000e+00,0.000000000000000000e+00
1.793754525074591299e+01,0.000000000000000000e+00,0.000000000000000000e+00
2.405287674410438115e+01,0.000000000000000000e+00,0.000000000000000000e+00
1.964490328392730945e+01,0.000000000000000000e+00,0.000000000000000000e+00
2.319199456741309362e+01,0.000000000000000000e+00,0.000000000000000000e+00
2.061432851424487467e+01,0.000000000000000000e+00,0.000000000000000000e+00
1.737212315739465751e+01,0.000000000000000000e+00,0.000000000000000000e+00
1.926126534749841923e+01,0.000000000000000000e+00,0.000000000000000000e+00
2.062999279566825805e+01,0.000000000000000000e+00,0.000000000000000000e+00
1.774136715192209124e+01,0.000000000000000000e+00,0.000000000000000000e+00
2.352642340722441006e+01,0.000000000000000000e+00,0.000000000000000000e+00
2.069169988287827167e+01,0.000000000000000000e+00,0.000000000000000000e+00
1.971972304353869276e+01,0.000000000000000000e+00,0.000000000000000000e+00
2.061281918778741229e+01,0.000000000000000000e+00,0.000000000000000000e+00
2.034240676607985066e+01,0.000000000000000000e+00,0.000000000000000000e+00
2.222155973683108954e+01,0.000000000000000000e+00,0.000000000000000000e+00
2.019854863175979176e+01,0.000000000000000000e+00,0.000000000000000000e+00
1.795299842283246861e+01,0.000000000000000000e+00,0.000000000000000000e+00
2.322603971442690352e+01,0.000000000000000000e+00,0.000000000000000000e+00
2.120102839327580924e+01,0.000000000000000000e+00,0.000000000000000000e+00
1.898112482537166201e+01,0.000000000000000000e+00,0.000000000000000000e+00
2.130741845434497250e+01,0.000000000000000000e+00,0.000000000000000000e+00
2.106136873799654197e+01,0.000000000000000000e+00,0.000000000000000000e+00
1.977549693612625603e+01,0.000000000000000000e+00,0.000000000000000000e+00
1.926011481532427538e+01,0.000000000000000000e+00,0.000000000000000000e+00
1.624955902994974011e+01,0.000000000000000000e+00,0.000000000000000000e+00
1.959915147275469138e+01,0.000000000000000000e+00,0.000000000000000000e+00
1.580288719803811048e+01,0.000000000000000000e+00,0.000000000000000000e+00
1.614173677125643991e+01,0.000000000000000000e+00,0.000000000000000000e+00
1.832037180839164137e+01,0.000000000000000000e+00,0.000000000000000000e+00
1.942426786505862424e+01,0.000000000000000000e+00,0.000000000000000000e+00
1.854227899363828769e+01,0.000000000000000000e+00,0.000000000000000000e+00
2.216249669618735396e+01,0.000000000000000000e+00,0.000000000000000000e+00
2.289657404575421396e+01,0.000000000000000000e+00,0.000000000000000000e+00
2.014137647819446997e+01,0.000000000000000000e+00,0.000000000000000000e+00
2.089484999227581241e+01,0.000000000000000000e+00,0.000000000000000000e+00
2.407986084621911971e+01,0.000000000000000000e+00,0.000000000000000000e+00
1.836514607875609784e+01,0.000000000000000000e+00,0.000000000000000000e+00
2.040088882425928674e+01,0.000000000000000000e+00,0.000000000000000000e+00
1.765577753684689810e+01,0.000000000000000000e+00,0.000000000000000000e+00
2.266586731461505977e+01,0.000000000000000000e+00,0.000000000000000000e+00
2.201685806143621349e+01,0.000000000000000000e+00,0.000000000000000000e+00
1.817583811983570641e+01,0.000000000000000000e+00,0.000000000000000000e+00
2.120500734858612546e+01,0.000000000000000000e+00,0.000000000000000000e+00
1.711472259824633824e+01,0.000000000000000000e+00,0.000000000000000000e+00
1.950164510267801887e+01,0.000000000000000000e+00,0.000000000000000000e+00
2.378119943876986753e+01,0.000000000000000000e+00,0.000000000000000000e+00
2.190265472225455312e+01,0.000000000000000000e+00,0.000000000000000000e+00
2.068889260808543540e+01,0.000000000000000000e+00,0.000000000000000000e+00
1.917081315984505707e+01,0.000000000000000000e+00,0.000000000000000000e+00
1.903436077494474432e+01,0.000000000000000000e+00,0.000000000000000000e+00
2.012662909482126139e+01,0.000000000000000000e+00,0.000000000000000000e+00
2.058301821140396370e+01,0.000000000000000000e+00,0.000000000000000000e+00
1.735480144890341592e+01,0.000000000000000000e+00,0.000000000000000000e+00
1.881273397119844049e+01,0.000000000000000000e+00,0.000000000000000000e+00
1.405687613438496086e+01,0.000000000000000000e+00,0.000000000000000000e+00
1.999058553632862001e+01,0.000000000000000000e+00,0.000000000000000000e+00
2.011614320297224978e+01,0.000000000000000000e+00,0.000000000000000000e+00
2.011676038831457092e+01,0.000000000000000000e+00,0.000000000000000000e+00
1.741765896287114046e+01,0.000000000000000000e+00,0.000000000000000000e+00
2.035653986002468940e+01,0.000000000000000000e+00,0.000000000000000000e+00
2.027310521529093279e+01,0.000000000000000000e+00,0.000000000000000000e+00
1.986915734128759325e+01,0.000000000000000000e+00,0.000000000000000000e+00
2.315335671473209800e+01,0.000000000000000000e+00,0.000000000000000000e+00
1.967577972670500941e+01,0.000000000000000000e+00,0.000000000000000000e+00
1.795178381173334969e+01,0.000000000000000000e+00,0.000000000000000000e+00
1.978341220234519326e+01,0.000000000000000000e+00,0.000000000000000000e+00
2.055868426955851547e+01,0.000000000000000000e+00,0.000000000000000000e+00
2.334594803400614893e+01,0.000000000000000000e+00,0.000000000000000000e+00
1.768910955183579148e+01,0.000000000000000000e+00,0.000000000000000000e+00
1.898728846186183716e+01,0.000000000000000000e+00,0.000000000000000000e+00
2.137517573489203926e+01,0.000000000000000000e+00,0.000000000000000000e+00
1.650154930941722853e+01,0.000000000000000000e+00,0.000000000000000000e+00
1.822069568426694275e+01,0.000000000000000000e+00,0.000000000000000000e+00
1.882293356001843065e+01,0.000000000000000000e+00,0.000000000000000000e+00
2.238874612197436775e+01,0.000000000000000000e+00,0.000000000000000000e+00
1.885215674664280527e+01,0.000000000000000000e+00,0.000000000000000000e+00
2.326430999144148615e+01,0.000000000000000000e+00,0.000000000000000000e+00
2.205497681518273012e+01,0.000000000000000000e+00,0.000000000000000000e+00
1.963529476710935384e+01,0.000000000000000000e+00,0.000000000000000000e+00
2.119851383709310255e+01,0.000000000000000000e+00,0.000000000000000000e+00
1.957559708058223080e+01,0.000000000000000000e+00,0.000000000000000000e+00
2.253657575805138080e+01,0.000000000000000000e+00,0.000000000000000000e+00
1.976304132953143267e+01,0.000000000000000000e+00,0.000000000000000000e+00
1.946654761768672870e+01,0.000000000000000000e+00,0.000000000000000000e+00
1.800464858452574646e+01,0.000000000000000000e+00,0.000000000000000000e+00
1.757029176853263053e+01,0.000000000000000000e+00,0.000000000000000000e+00
2.045001716890292087e+01,0.000000000000000000e+00,0.000000000000000000e+00
1.779738569810912452e+01,0.000000000000000000e+00,0.000000000000000000e+00
2.396124272928865295e+01,0.000000000000000000e+00,0.000000000000000000e+00
2.162640502767176187e+01,0.000000000000000000e+00,0.000000000000000000e+00
2.424191578379580747e+01,0.000000000000000000e+00,0.000000000000000000e+00
1.841983256540445879e+01,0.000000000000000000e+00,0.000000000000000000e+00
1.854600254411457527e+01,0.000000000000000000e+00,0.000000000000000000e+00
2.027674736252202692e+01,0.000000000000000000e+00,0.000000000000000000e+00
2.183458297022451333e+01,0.000000000000000000e+00,0.000000000000000000e+00
2.198566759079098887e+01,0.000000000000000000e+00,0.000000000000000000e+00
1.509870087939371075e+01,0.000000000000000000e+00,0.000000000000000000e+00
2.054587451875822524e+01,0.000000000000000000e+00,0.000000000000000000e+00
1.822887762150365631e+01,0.000000000000000000e+00,0.000000000000000000e+00
2.063586194282648023e+01,0.000000000000000000e+00,0.000000000000000000e+00
2.001689155099640161e+01,0.000000000000000000e+00,0.000000000000000000e+00
2.212826692017852181e+01,0.000000000000000000e+00,0.000000000000000000e+00
1.876042866996381875e+01,0.000000000000000000e+00,0.000000000000000000e+00
1.873852863760534149e+01,0.000000000000000000e+00,0.000000000000000000e+00
1.962133476095333862e+01,0.000000000000000000e+00,0.000000000000000000e+00
1.894719781271096082e+01,0.000000000000000000e+00,0.000000000000000000e+00
2.166965861657588022e+01,0.000000000000000000e+00,0.000000000000000000e+00
1.948570162423759911e+01,0.000000000000000000e+00,0.000000000000000000e+00
1.757420279336800206e+01,0.000000000000000000e+00,0.000000000000000000e+00
1.865681040478416008e+01,0.000000000000000000e+00,0.000000000000000000e+00
1.964393523164480371e+01,0.000000000000000000e+00,0.000000000000000000e+00
1.798647013249182791e+01,0.000000000000000000e+00,0.000000000000000000e+00
1.881877805833144990e+01,0.000000000000000000e+00,0.000000000000000000e+00
2.019120623415617999e+01,0.000000000000000000e+00,0.000000000000000000e+00
1.917085084732834233e+01,0.000000000000000000e+00,0.000000000000000000e+00
2.093700203639824053e+01,0.000000000000000000e+00,0.000000000000000000e+00
1.904380348929296574e+01,0.000000000000000000e+00,0.000000000000000000e+00
2.354084333922738992e+01,0.000000000000000000e+00,0.000000000000000000e+00
1.898243879078514595e+01,0.000000000000000000e+00,0.000000000000000000e+00
2.069032576808268686e+01,0.000000000000000000e+00,0.000000000000000000e+00
2.120061540427473190e+01,0.000000000000000000e+00,0.000000000000000000e+00
1.956540190001771151e+01,0.000000000000000000e+00,0.000000000000000000e+00
1.843544462713863297e+01,0.000000000000000000e+00,0.000000000000000000e+00
2.109563682110185567e+01,0.000000000000000000e+00,0.000000000000000000e+00
2.135976255754033915e+01,0.000000000000000000e+00,0.000000000000000000e+00
1.962122296050656445e+01,0.000000000000000000e+00,0.000000000000000000e+00
1.793428997019405813e+01,0.000000000000000000e+00,0.000000000000000000e+00
2.360262005885262226e+01,0.000000000000000000e+00,0.000000000000000000e+00
2.019442597822816410e+01,0.000000000000000000e+00,0.000000000000000000e+00
2.369879433280102532e+01,0.000000000000000000e+00,0.000000000000000000e+00
2.179374048192388003e+01,0.000000000000000000e+00,0.000000000000000000e+00
2.117979664657276828e+01,0.000000000000000000e+00,0.000000000000000000e+00
1.852766303495963385e+01,0.000000000000000000e+00,0.000000000000000000e+00
2.122192216404756593e+01,0.000000000000000000e+00,0.000000000000000000e+00
2.011364267505860326e+01,0.000000000000000000e+00,0.000000000000000000e+00
2.361482342082918962e+01,0.000000000000000000e+00,0.000000000000000000e+00
1.839105362877584326e+01,0.000000000000000000e+00,0.000000000000000000e+00
1.891914422764327952e+01,0.000000000000000000e+00,0.000000000000000000e+00
1.813649749233086794e+01,0.000000000000000000e+00,0.000000000000000000e+00
1.784485362935633290e+01,0.000000000000000000e+00,0.000000000000000000e+00
1.982466817031775008e+01,0.000000000000000000e+00,0.000000000000000000e+00
2.041689342133122764e+01,0.000000000000000000e+00,0.000000000000000000e+00
2.209347339830964074e+01,0.000000000000000000e+00,0.000000000000000000e+00
1.969743096571799157e+01,0.000000000000000000e+00,0.000000000000000000e+00
1.946866775126681759e+01,0.000000000000000000e+00,0.000000000000000000e+00
2.067961363905044081e+01,0.000000000000000000e+00,0.000000000000000000e+00
1.959984897122595271e+01,0.000000000000000000e+00,0.000000000000000000e+00
2.276359458603486274e+01,0.000000000000000000e+00,0.000000000000000000e+00
2.456666504138865292e+01,0.000000000000000000e+00,0.000000000000000000e+00
2.240465757308685468e+01,0.000000000000000000e+00,0.000000000000000000e+00
2.420683453803194141e+01,0.000000000000000000e+00,0.000000000000000000e+00
2.027684470248252779e+01,0.000000000000000000e+00,0.000000000000000000e+00
1.884654357711350414e+01,0.000000000000000000e+00,0.000000000000000000e+00
1.949921331309752759e+01,0.000000000000000000e+00,0.000000000000000000e+00
2.253383807424513563e+01,0.000000000000000000e+00,0.000000000000000000e+00
1.962604028852841509e+01,0.000000000000000000e+00,0.000000000000000000e+00
2.167635502280774773e+01,0.000000000000000000e+00,0.000000000000000000e+00
2.543760168299046143e+01,0.000000000000000000e+00,0.000000000000000000e+00
1.278720600446833089e+01,0.000000000000000000e+00,0.000000000000000000e+00
2.291564588824800808e+01,0.000000000000000000e+00,0.000000000000000000e+00
1.788297326447711200e+01,0.000000000000000000e+00,0.000000000000000000e+00
2.064953652236620130e+01,0.000000000000000000e+00,0.000000000000000000e+00
2.246928692532740968e+01,0.000000000000000000e+00,0.000000000000000000e+00
1.945881980590565874e+01,0.000000000000000000e+00,0.000000000000000000e+00
2.580894506311108927e+01,0.000000000000000000e+00,0.000000000000000000e+00
1.961093837541299578e+01,0.000000000000000000e+00,0.000000000000000000e+00
1.983575215230774091e+01,0.000000000000000000e+00,0.000000000000000000e+00
2.203575628799051955e+01,0.000000000000000000e+00,0.000000000000000000e+00
2.152216110528271287e+01,0.000000000000000000e+00,0.000000000000000000e+00
1.669356023517877929e+01,0.000000000000000000e+00,0.000000000000000000e+00
2.249801747083652614e+01,0.000000000000000000e+00,0.000000000000000000e+00
2.095819215131191626e+01,0.000000000000000000e+00,0.000000000000000000e+00
2.003849939723066953e+01,0.000000000000000000e+00,0.000000000000000000e+00
2.159876887027718340e+01,0.000000000000000000e+00,0.000000000000000000e+00
2.150441230725276398e+01,0.000000000000000000e+00,0.000000000000000000e+00
2.168874985410440814e+01,0.000000000000000000e+00,0.000000000000000000e+00
2.259557345135297268e+01,0.000000000000000000e+00,0.000000000000000000e+00
2.047208034152409795e+01,0.000000000000000000e+00,0.000000000000000000e+00
2.414683224524836902e+01,0.000000000000000000e+00,0.000000000000000000e+00
2.178044542097859448e+01,0.000000000000000000e+00,0.000000000000000000e+00
2.227528681069490091e+01,0.000000000000000000e+00,0.000000000000000000e+00
2.557731903271981366e+01,0.000000000000000000e+00,0.000000000000000000e+00
2.545519835515906948e+01,0.000000000000000000e+00,0.000000000000000000e+00
2.221417843243468226e+01,0.000000000000000000e+00,0.000000000000000000e+00
1.829382608339285099e+01,0.000000000000000000e+00,0.000000000000000000e+00
2.435506159179794139e+01,0.000000000000000000e+00,0.000000000000000000e+00
2.111724967094152206e+01,0.000000000000000000e+00,0.000000000000000000e+00
2.172152286380166686e+01,0.000000000000000000e+00,0.000000000000000000e+00
1.939512893299186302e+01,0.000000000000000000e+00,0.000000000000000000e+00
2.485024467215240662e+01,0.000000000000000000e+00,0.000000000000000000e+00
1.923781472875233689e+01,0.000000000000000000e+00,0.000000000000000000e+00
2.255930316199390617e+01,0.000000000000000000e+00,0.000000000000000000e+00
2.151372001520794441e+01,0.000000000000000000e+00,0.000000000000000000e+00
1.957298588342715107e+01,0.000000000000000000e+00,0.000000000000000000e+00
2.325324582424883246e+01,0.000000000000000000e+00,0.000000000000000000e+00
2.302452382688644761e+01,0.000000000000000000e+00,0.000000000000000000e+00
2.394826425414451876e+01,0.000000000000000000e+00,0.000000000000000000e+00
2.248466119336124436e+01,0.000000000000000000e+00,0.000000000000000000e+00
2.112404479735748453e+01,0.000000000000000000e+00,0.000000000000000000e+00
2.217614027618673234e+01,0.000000000000000000e+00,0.000000000000000000e+00
2.067813012671213357e+01,0.000000000000000000e+00,0.000000000000000000e+00
2.071491512664396595e+01,0.000000000000000000e+00,0.000000000000000000e+00
2.502501317339556763e+01,0.000000000000000000e+00,0.000000000000000000e+00
2.100231919709564465e+01,0.000000000000000000e+00,0.000000000000000000e+00
2.379673586291409393e+01,0.000000000000000000e+00,0.000000000000000000e+00
2.349900177742729568e+01,0.000000000000000000e+00,0.000000000000000000e+00
2.230780823841197602e+01,0.000000000000000000e+00,0.000000000000000000e+00
1.899530157308443989e+01,0.000000000000000000e+00,0.000000000000000000e+00
2.208046915964869328e+01,0.000000000000000000e+00,0.000000000000000000e+00
2.171207591486644617e+01,0.000000000000000000e+00,0.000000000000000000e+00
1.794180556491207668e+01,0.000000000000000000e+00,0.000000000000000000e+00
2.099836746299499524e+01,0.000000000000000000e+00,0.000000000000000000e+00
2.404183798406333139e+01,0.000000000000000000e+00,0.000000000000000000e+00
2.397994647537571211e+01,0.000000000000000000e+00,0.000000000000000000e+00
2.052512159332872343e+01,0.000000000000000000e+00,0.000000000000000000e+00
2.298383406532639839e+01,0.000000000000000000e+00,0.000000000000000000e+00
2.457708096772940110e+01,0.000000000000000000e+00,0.000000000000000000e+00
2.286509664106375794e+01,0.000000000000000000e+00,0.000000000000000000e+00
1.994570637990084805e+01,0.000000000000000000e+00,0.000000000000000000e+00
2.349280075132371692e+01,0.000000000000000000e+00,0.000000000000000000e+00
2.262482624137866694e+01,0.000000000000000000e+00,0.000000000000000000e+00
2.060836183388683907e+01,0.000000000000000000e+00,0.000000000000000000e+00
2.664005093394196422e+01,0.000000000000000000e+00,0.000000000000000000e+00
2.216856752668260455e+01,0.000000000000000000e+00,0.000000000000000000e+00
1.888570927798018317e+01,0.000000000000000000e+00,0.000000000000000000e+00
2.457559799070412154e+01,0.000000000000000000e+00,0.000000000000000000e+00
2.182529666657237755e+01,0.000000000000000000e+00,0.000000000000000000e+00
2.153632681088400957e+01,0.000000000000000000e+00,0.000000000000000000e+00
2.280476104817111960e+01,0.000000000000000000e+00,0.000000000000000000e+00
2.257922566308705115e+01,0.000000000000000000e+00,0.000000000000000000e+00
2.410474160290904067e+01,0.000000000000000000e+00,0.000000000000000000e+00
2.298864842026653577e+01,0.000000000000000000e+00,0.000000000000000000e+00
2.098475908600624251e+01,0.000000000000000000e+00,0.000000000000000000e+00
2.129937922720809595e+01,0.000000000000000000e+00,0.000000000000000000e+00
2.438730051771518959e+01,0.000000000000000000e+00,0.000000000000000000e+00
2.288756055747660767e+01,0.000000000000000000e+00,0.000000000000000000e+00
2.427940344871084477e+01,0.000000000000000000e+00,0.000000000000000000e+00
2.446419079126427931e+01,0.000000000000000000e+00,0.000000000000000000e+00
2.393809135327398607e+01,0.000000000000000000e+00,0.000000000000000000e+00
2.380020288973083709e+01,0.000000000000000000e+00,0.000000000000000000e+00
2.347946067977406770e+01,0.000000000000000000e+00,0.000000000000000000e+00
2.274660654047374564e+01,0.000000000000000000e+00,0.000000000000000000e+00
2.468353474062783803e+01,0.000000000000000000e+00,0.000000000000000000e+00
2.290515833059527750e+01,0.000000000000000000e+00,0.000000000000000000e+00
2.785684215481592574e+01,0.000000000000000000e+00,0.000000000000000000e+00
2.593416761340106547e+01,0.000000000000000000e+00,0.000000000000000000e+00
2.678175715908480115e+01,0.000000000000000000e+00,0.000000000000000000e+00
2.495073052011201042e+01,0.000000000000000000e+00,0.000000000000000000e+00
2.675231897495524436e+01,0.000000000000000000e+00,0.000000000000000000e+00
2.307083888103097635e+01,0.000000000000000000e+00,0.000000000000000000e+00
2.309454025414668266e+01,0.000000000000000000e+00,0.000000000000000000e+00
2.620121810796510076e+01,0.000000000000000000e+00,0.000000000000000000e+00
2.205164663042364026e+01,0.000000000000000000e+00,0.000000000000000000e+00
2.300379671422743044e+01,0.000000000000000000e+00,0.000000000000000000e+00
2.312738450318801853e+01,0.000000000000000000e+00,0.000000000000000000e+00
2.554992636236483960e+01,0.000000000000000000e+00,0.000000000000000000e+00
2.485615141085757074e+01,0.000000000000000000e+00,0.000000000000000000e+00
2.687809571199549907e+01,0.000000000000000000e+00,0.000000000000000000e+00
2.317816632898550111e+01,0.000000000000000000e+00,0.000000000000000000e+00
2.707133625392628318e+01,0.000000000000000000e+00,0.000000000000000000e+00
2.686329036272480408e+01,0.000000000000000000e+00,0.000000000000000000e+00
2.316754718369942267e+01,0.000000000000000000e+00,0.000000000000000000e+00
2.146255744825390366e+01,0.000000000000000000e+00,0.000000000000000000e+00
2.410233959871974108e+01,0.000000000000000000e+00,0.000000000000000000e+00
2.321397189148894213e+01,0.000000000000000000e+00,0.000000000000000000e+00
2.531306942307632113e+01,0.000000000000000000e+00,0.000000000000000000e+00
2.846537247587499309e+01,0.000000000000000000e+00,0.000000000000000000e+00
2.867411163621554238e+01,0.000000000000000000e+00,0.000000000000000000e+00
2.448321668342208213e+01,0.000000000000000000e+00,0.000000000000000000e+00
2.649800314630711640e+01,0.000000000000000000e+00,0.000000000000000000e+00
2.280823637447652530e+01,0.000000000000000000e+00,0.000000000000000000e+00
2.494191273344850401e+01,0.000000000000000000e+00,0.000000000000000000e+00
2.659797475958173862e+01,0.000000000000000000e+00,0.000000000000000000e+00
2.615974442243893350e+01,0.000000000000000000e+00,0.000000000000000000e+00
2.862135952303574626e+01,0.000000000000000000e+00,0.000000000000000000e+00
2.741169458634146139e+01,0.000000000000000000e+00,0.000000000000000000e+00
2.679654062333568376e+01,0.000000000000000000e+00,0.000000000000000000e+00
2.860722407002926460e+01,0.000000000000000000e+00,0.000000000000000000e+00
2.430932592783513257e+01,0.000000000000000000e+00,0.000000000000000000e+00
2.472323273073829242e+01,0.000000000000000000e+00,0.000000000000000000e+00
2.314911294223694682e+01,0.000000000000000000e+00,0.000000000000000000e+00
2.672076555518799168e+01,0.000000000000000000e+00,0.000000000000000000e+00
2.559687767206648346e+01,0.000000000000000000e+00,0.000000000000000000e+00
2.285528791824264516e+01,0.000000000000000000e+00,0.000000000000000000e+00
2.994355096369924496e+01,0.000000000000000000e+00,0.000000000000000000e+00
2.686070305444225426e+01,0.000000000000000000e+00,0.000000000000000000e+00
3.141632627314221438e+01,0.000000000000000000e+00,0.000000000000000000e+00
2.786429459949767207e+01,0.000000000000000000e+00,0.000000000000000000e+00
2.405728440765243192e+01,0.000000000000000000e+00,0.000000000000000000e+00
2.594632241270625528e+01,0.000000000000000000e+00,0.000000000000000000e+00
2.473134713219031156e+01,0.000000000000000000e+00,0.000000000000000000e+00
2.545895488366856441e+01,0.000000000000000000e+00,0.000000000000000000e+00
2.658816281963522954e+01,0.000000000000000000e+00,0.000000000000000000e+00
2.402818663152906353e+01,0.000000000000000000e+00,0.000000000000000000e+00
2.555309981565412869e+01,0.000000000000000000e+00,0.000000000000000000e+00
2.833404583909277363e+01,0.000000000000000000e+00,0.000000000000000000e+00
2.531335760853805894e+01,0.000000000000000000e+00,0.000000000000000000e+00
2.603152445745107002e+01,0.000000000000000000e+00,0.000000000000000000e+00
2.226828078533695887e+01,0.000000000000000000e+00,0.000000000000000000e+00
2.449365930669357638e+01,0.000000000000000000e+00,0.000000000000000000e+00
2.825704617981723032e+01,0.000000000000000000e+00,0.000000000000000000e+00
2.583943876014070540e+01,0.000000000000000000e+00,0.000000000000000000e+00
2.894865984929009528e+01,0.000000000000000000e+00,0.000000000000000000e+00
2.664165735148856129e+01,0.000000000000000000e+00,0.000000000000000000e+00
2.601584694936095943e+01,0.000000000000000000e+00,0.000000000000000000e+00
2.569371463319631133e+01,0.000000000000000000e+00,0.000000000000000000e+00
2.374218333631872468e+01,0.000000000000000000e+00,0.000000000000000000e+00
2.595700928403771712e+01,0.000000000000000000e+00,0.000000000000000000e+00
2.802769885752244150e+01,0.000000000000000000e+00,0.000000000000000000e+00
2.668300713571552762e+01,0.000000000000000000e+00,0.000000000000000000e+00
2.679835809855549300e+01,0.000000000000000000e+00,0.000000000000000000e+00
2.255273346795829426e+01,0.000000000000000000e+00,0.000000000000000000e+00
2.655474258293319778e+01,0.000000000000000000e+00,0.000000000000000000e+00
2.771079792369771866e+01,0.000000000000000000e+00,0.000000000000000000e+00
2.696417455041818556e+01,0.000000000000000000e+00,0.000000000000000000e+00
2.710917942312708107e+01,0.000000000000000000e+00,0.000000000000000000e+00
2.646397592943744925e+01,0.000000000000000000e+00,0.000000000000000000e+00
3.064452767069086647e+01,0.000000000000000000e+00,0.000000000000000000e+00
2.812738656869078469e+01,0.000000000000000000e+00,0.000000000000000000e+00
3.128760239489936978e+01,0.000000000000000000e+00,0.000000000000000000e+00
2.809372653973985479e+01,0.000000000000000000e+00,0.000000000000000000e+00
3.349348321006743845e+01,0.000000000000000000e+00,0.000000000000000000e+00
2.816127264769160021e+01,0.000000000000000000e+00,0.000000000000000000e+00
2.763268929025207754e+01,0.000000000000000000e+00,0.000000000000000000e+00
2.800111944144168419e+01,0.000000000000000000e+00,0.000000000000000000e+00
2.626230492333118605e+01,0.000000000000000000e+00,0.000000000000000000e+00
2.800447668136470369e+01,0.000000000000000000e+00,0.000000000000000000e+00
2.587031536614282956e+01,0.000000000000000000e+00,0.000000000000000000e+00
3.180990697949379609e+01,0.000000000000000000e+00,0.000000000000000000e+00
2.294066156275387769e+01,0.000000000000000000e+00,0.000000000000000000e+00
2.739301047555515112e+01,0.000000000000000000e+00,0.000000000000000000e+00
2.551994899031920028e+01,0.000000000000000000e+00,0.000000000000000000e+00
2.669718554731895210e+01,0.000000000000000000e+00,0.000000000000000000e+00
2.790437971325198774e+01,0.000000000000000000e+00,0.000000000000000000e+00
2.861800459601069591e+01,0.000000000000000000e+00,0.000000000000000000e+00
3.030090891187293778e+01,0.000000000000000000e+00,0.000000000000000000e+00
2.698481842595716529e+01,0.000000000000000000e+00,0.000000000000000000e+00
2.822254997618183836e+01,0.000000000000000000e+00,0.000000000000000000e+00
2.918030884479061626e+01,0.000000000000000000e+00,0.000000000000000000e+00
3.210567285629223022e+01,0.000000000000000000e+00,0.000000000000000000e+00
3.030081745011375816e+01,0.000000000000000000e+00,0.000000000000000000e+00
2.917841315656425039e+01,0.000000000000000000e+00,0.000000000000000000e+00
2.779522559938480342e+01,0.000000000000000000e+00,0.000000000000000000e+00
3.326804743228559857e+01,0.000000000000000000e+00,0.000000000000000000e+00
3.309309819798403396e+01,0.000000000000000000e+00,0.000000000000000000e+00
2.932967540386703220e+01,0.000000000000000000e+00,0.000000000000000000e+00
2.675023608084528703e+01,0.000000000000000000e+00,0.000000000000000000e+00
2.491907937293567343e+01,0.000000000000000000e+00,0.000000000000000000e+00
2.853787618569863938e+01,0.000000000000000000e+00,0.000000000000000000e+00
3.011486093100367611e+01,0.000000000000000000e+00,0.000000000000000000e+00
2.988922045870418032e+01,0.000000000000000000e+00,0.000000000000000000e+00
3.093361425740463488e+01,0.000000000000000000e+00,0.000000000000000000e+00
2.885612817008749786e+01,0.000000000000000000e+00,0.000000000000000000e+00
3.388267970779055815e+01,0.000000000000000000e+00,0.000000000000000000e+00
3.377530873940553846e+01,0.000000000000000000e+00,0.000000000000000000e+00
2.609998923055198006e+01,0.000000000000000000e+00,0.000000000000000000e+00
2.937044375167945276e+01,0.000000000000000000e+00,0.000000000000000000e+00
3.398072065647300377e+01,0.000000000000000000e+00,0.000000000000000000e+00
2.742513871778989198e+01,0.000000000000000000e+00,0.000000000000000000e+00
2.963025218456952103e+01,0.000000000000000000e+00,0.000000000000000000e+00
2.823957468457484410e+01,0.000000000000000000e+00,0.000000000000000000e+00
3.199413822945484043e+01,0.000000000000000000e+00,0.000000000000000000e+00
3.066656901685314196e+01,0.000000000000000000e+00,0.000000000000000000e+00
3.344485462755916672e+01,0.000000000000000000e+00,0.000000000000000000e+00
2.940820449364541389e+01,0.000000000000000000e+00,0.000000000000000000e+00
2.899833654358534218e+01,0.000000000000000000e+00,0.000000000000000000e+00
3.261804504397121462e+01,0.000000000000000000e+00,0.000000000000000000e+00
2.963910397235627414e+01,0.000000000000000000e+00,0.000000000000000000e+00
3.200748693954398050e+01,0.000000000000000000e+00,0.000000000000000000e+00
3.000015942328519714e+01,0.000000000000000000e+00,0.000000000000000000e+00
3.028240501122871464e+01,0.000000000000000000e+00,0.000000000000000000e+00
2.942152170085567775e+01,0.000000000000000000e+00,0.000000000000000000e+00
3.163974566448547421e+01,0.000000000000000000e+00,0.000000000000000000e+00
2.624499668491317905e+01,0.000000000000000000e+00,0.000000000000000000e+00
3.211761562490492139e+01,0.000000000000000000e+00,0.000000000000000000e+00
3.125740669069223543e+01,0.000000000000000000e+00,0.000000000000000000e+00
3.425278899681475764e+01,0.000000000000000000e+00,0.000000000000000000e+00
3.375930038107703979e+01,0.000000000000000000e+00,0.000000000000000000e+00
3.165474981703256674e+01,0.000000000000000000e+00,0.000000000000000000e+00
3.164860152058266252e+01,0.000000000000000000e+00,0.000000000000000000e+00
3.014834360283224157e+01,0.000000000000000000e+00,0.000000000000000000e+00
3.125061446631173467e+01,0.000000000000000000e+00,0.000000000000000000e+00
3.220997663324383353e+01,0.000000000000000000e+00,0.000000000000000000e+00
3.312398153001566925e+01,0.000000000000000000e+00,0.000000000000000000e+00
2.814055767425664811e+01,0.000000000000000000e+00,0.000000000000000000e+00
3.578031360734146915e+01,0.000000000000000000e+00,0.000000000000000000e+00
3.480228723396659518e+01,0.000000000000000000e+00,0.000000000000000000e+00
2.984531050582451428e+01,0.000000000000000000e+00,0.000000000000000000e+00
3.144136131528581046e+01,0.000000000000000000e+00,0.000000000000000000e+00
3.136270852101144513e+01,0.000000000000000000e+00,0.000000000000000000e+00
2.997335224275543553e+01,0.000000000000000000e+00,0.000000000000000000e+00
3.330919503073594967e+01,0.000000000000000000e+00,0.000000000000000000e+00
3.181433536385396721e+01,0.000000000000000000e+00,0.000000000000000000e+00
3.184292441372848259e+01,0.000000000000000000e+00,0.000000000000000000e+00
3.418375466720043931e+01,0.000000000000000000e+00,0.000000000000000000e+00
3.352273580687828769e+01,0.000000000000000000e+00,0.000000000000000000e+00
3.458556871119267839e+01,0.000000000000000000e+00,0.000000000000000000e+00
3.317237318915856292e+01,0.000000000000000000e+00,0.000000000000000000e+00
3.159207141137716945e+01,0.000000000000000000e+00,0.000000000000000000e+00
3.313215236915381467e+01,0.000000000000000000e+00,0.000000000000000000e+00
3.322250552480210928e+01,0.000000000000000000e+00,0.000000000000000000e+00
3.565863408231771814e+01,0.000000000000000000e+00,0.000000000000000000e+00
3.736026893500907420e+01,0.000000000000000000e+00,0.000000000000000000e+00
3.227617077694733894e+01,0.000000000000000000e+00,0.000000000000000000e+00
3.156867017933835484e+01,0.000000000000000000e+00,0.000000000000000000e+00
2.922016886194947105e+01,0.000000000000000000e+00,0.000000000000000000e+00
3.098842738639850580e+01,0.000000000000000000e+00,0.000000000000000000e+00
3.263687783989672653e+01,0.000000000000000000e+00,0.000000000000000000e+00
3.189541367494496171e+01,0.000000000000000000e+00,0.000000000000000000e+00
3.310310744363417967e+01,0.000000000000000000e+00,0.000000000000000000e+00
3.284106861568051272e+01,0.000000000000000000e+00,0.000000000000000000e+00
3.427557642295760587e+01,0.000000000000000000e+00,0.000000000000000000e+00
3.181059854741175386e+01,0.000000000000000000e+00,0.000000000000000000e+00
3.661593361513455847e+01,0.000000000000000000e+00,0.000000000000000000e+00
3.082713870060714711e+01,0.000000000000000000e+00,0.000000000000000000e+00
3.430776310515215499e+01,0.000000000000000000e+00,0.000000000000000000e+00
3.232116758480417218e+01,0.000000000000000000e+00,0.000000000000000000e+00
3.412086086502669247e+01,0.000000000000000000e+00,0.000000000000000000e+00
3.314976062388284817e+01,0.000000000000000000e+00,0.000000000000000000e+00
3.151216439108779355e+01,0.000000000000000000e+00,0.000000000000000000e+00
3.485500106263290121e+01,0.000000000000000000e+00,0.000000000000000000e+00
3.316140231921803405e+01,0.000000000000000000e+00,0.000000000000000000e+00
3.732519410454185760e+01,0.000000000000000000e+00,0.000000000000000000e+00
3.291851997142566688e+01,0.000000000000000000e+00,0.000000000000000000e+00
3.679797624106345921e+01,0.000000000000000000e+00,0.000000000000000000e+00
3.566911372188749141e+01,0.000000000000000000e+00,0.000000000000000000e+00
3.312339821198661838e+01,0.000000000000000000e+00,0.000000000000000000e+00
3.745120343539053920e+01,0.000000000000000000e+00,0.000000000000000000e+00
3.541194806386534566e+01,0.000000000000000000e+00,0.000000000000000000e+00
3.890466013558758362e+01,0.000000000000000000e+00,0.000000000000000000e+00
3.330510760314491847e+01,0.000000000000000000e+00,0.000000000000000000e+00
3.392886692481962285e+01,0.000000000000000000e+00,0.000000000000000000e+00
3.867013868050723602e+01,0.000000000000000000e+00,0.000000000000000000e+00
3.420930264948320598e+01,0.000000000000000000e+00,0.000000000000000000e+00
3.604468019271103429e+01,0.000000000000000000e+00,0.000000000000000000e+00
3.644790981864007051e+01,0.000000000000000000e+00,0.000000000000000000e+00
3.891517835655094615e+01,0.000000000000000000e+00,0.000000000000000000e+00
3.392359793446702554e+01,0.000000000000000000e+00,0.000000000000000000e+00
3.525673200102283289e+01,0.000000000000000000e+00,0.000000000000000000e+00
3.683769626497115013e+01,0.000000000000000000e+00,0.000000000000000000e+00
3.338769256903385951e+01,0.000000000000000000e+00,0.000000000000000000e+00
3.469167682307698897e+01,0.000000000000000000e+00,0.000000000000000000e+00
3.993710193774563777e+01,0.000000000000000000e+00,0.000000000000000000e+00
3.265316793998621137e+01,0.000000000000000000e+00,0.000000000000000000e+00
3.811169976097671963e+01,0.000000000000000000e+00,0.000000000000000000e+00
3.893732329631084355e+01,0.000000000000000000e+00,0.000000000000000000e+00
3.592047196851032709e+01,0.000000000000000000e+00,0.000000000000000000e+00
3.592911680576614231e+01,0.000000000000000000e+00,0.000000000000000000e+00
3.666435120196393882e+01,0.000000000000000000e+00,0.000000000000000000e+00
3.353528874640490187e+01,0.000000000000000000e+00,0.000000000000000000e+00
3.904425527256625372e+01,0.000000000000000000e+00,0.000000000000000000e+00
3.697097113793393675e+01,0.000000000000000000e+00,0.000000000000000000e+00
3.562081871365735708e+01,0.000000000000000000e+00,0.000000000000000000e+00
3.804368815056648145e+01,0.000000000000000000e+00,0.000000000000000000e+00
3.803658255032393498e+01,0.000000000000000000e+00,0.000000000000000000e+00
3.776293965341325531e+01,0.000000000000000000e+00,0.000000000000000000e+00
3.895024800146119048e+01,0.000000000000000000e+00,0.000000000000000000e+00
3.855999574094526849e+01,0.000000000000000000e+00,0.000000000000000000e+00
3.607215479696250782e+01,0.000000000000000000e+00,0.000000000000000000e+00
3.931633722059213198e+01,0.000000000000000000e+00,0.000000000000000000e+00
3.602607790654749920e+01,0.000000000000000000e+00,0.000000000000000000e+00
3.837551901696348011e+01,0.000000000000000000e+00,0.000000000000000000e+00
3.674105975269738167e+01,0.000000000000000000e+00,0.000000000000000000e+00
3.818816662932522377e+01,0.000000000000000000e+00,0.000000000000000000e+00
3.825467880215401095e+01,0.000000000000000000e+00,0.000000000000000000e+00
3.437612205177957492e+01,0.000000000000000000e+00,0.000000000000000000e+00
4.035925422520747219e+01,0.000000000000000000e+00,0.000000000000000000e+00
3.665143283951766051e+01,0.000000000000000000e+00,0.000000000000000000e+00
3.847601441965064595e+01,0.000000000000000000e+00,0.000000000000000000e+00
3.511591867585813986e+01,0.000000000000000000e+00,0.000000000000000000e+00
3.852949216440079283e+01,0.000000000000000000e+00,0.000000000000000000e+00
3.890818020423328250e+01,0.000000000000000000e+00,0.000000000000000000e+00
3.879705213872654213e+01,0.000000000000000000e+00,0.000000000000000000e+00
3.877686965251984930e+01,0.000000000000000000e+00,0.000000000000000000e+00
4.098252581447854226e+01,0.000000000000000000e+00,0.000000000000000000e+00
3.527861836190917444e+01,0.000000000000000000e+00,0.000000000000000000e+00
3.992628452372468217e+01,0.000000000000000000e+00,0.000000000000000000e+00
3.513749215923259328e+01,0.000000000000000000e+00,0.000000000000000000e+00
3.745541043284850957e+01,0.000000000000000000e+00,0.000000000000000000e+00
3.554903566453948116e+01,0.000000000000000000e+00,0.000000000000000000e+00
3.824317776108771483e+01,0.000000000000000000e+00,0.000000000000000000e+00
3.977418085647222057e+01,0.000000000000000000e+00,0.000000000000000000e+00
3.887411256519511937e+01,0.000000000000000000e+00,0.000000000000000000e+00
3.543894441075401858e+01,0.000000000000000000e+00,0.000000000000000000e+00
4.043409429623930862e+01,0.000000000000000000e+00,0.000000000000000000e+00
3.786241319271883299e+01,0.000000000000000000e+00,0.000000000000000000e+00
3.875679706376710953e+01,0.000000000000000000e+00,0.000000000000000000e+00
3.744010297957117217e+01,0.000000000000000000e+00,0.000000000000000000e+00
3.975138989328412720e+01,0.000000000000000000e+00,0.000000000000000000e+00
3.726302466909956479e+01,0.000000000000000000e+00,0.000000000000000000e+00
3.989824126690869832e+01,0.000000000000000000e+00,0.000000000000000000e+00
3.961665915341868782e+01,0.000000000000000000e+00,0.000000000000000000e+00
3.702640902602016837e+01,0.000000000000000000e+00,0.000000000000000000e+00
4.163174723559144752e+01,0.000000000000000000e+00,0.000000000000000000e+00
4.349708852904914380e+01,0.000000000000000000e+00,0.000000000000000000e+00
3.702132957985150341e+01,0.000000000000000000e+00,0.000000000000000000e+00
4.074842493761619266e+01,0.000000000000000000e+00,0.000000000000000000e+00
4.027879285505741080e+01,0.000000000000000000e+00,0.000000000000000000e+00
4.154575296627061931e+01,0.000000000000000000e+00,0.000000000000000000e+00
3.634491141373885625e+01,0.000000000000000000e+00,0.000000000000000000e+00
4.018483948869266698e+01,0.000000000000000000e+00,0.000000000000000000e+00
3.865739081232099039e+01,0.000000000000000000e+00,0.000000000000000000e+00
3.847047444846821662e+01,0.000000000000000000e+00,0.000000000000000000e+00
4.228757399078917700e+01,0.000000000000000000e+00,0.000000000000000000e+00
4.259208883455047356e+01,0.000000000000000000e+00,0.000000000000000000e+00
4.158926842265069723e+01,0.000000000000000000e+00,0.000000000000000000e+00
4.279779722540123998e+01,0.000000000000000000e+00,0.000000000000000000e+00
4.315412628862545574e+01,0.000000000000000000e+00,0.000000000000000000e+00
4.137456609749884962e+01,0.000000000000000000e+00,0.000000000000000000e+00
3.818388449293919251e+01,0.000000000000000000e+00,0.000000000000000000e+00
4.138999251502027477e+01,0.000000000000000000e+00,0.000000000000000000e+00
4.209031605448215885e+01,0.000000000000000000e+00,0.000000000000000000e+00
4.073587271500239382e+01,0.000000000000000000e+00,0.000000000000000000e+00
4.492522127511941932e+01,0.000000000000000000e+00,0.000000000000000000e+00
4.157380005037141046e+01,0.000000000000000000e+00,0.000000000000000000e+00
4.170617139537452545e+01,0.000000000000000000e+00,0.000000000000000000e+00
4.460296524417758945e+01,0.000000000000000000e+00,0.000000000000000000e+00
4.056278774544877308e+01,0.000000000000000000e+00,0.000000000000000000e+00
4.246137093632516013e+01,0.000000000000000000e+00,0.000000000000000000e+00
4.463894103749813524e+01,0.000000000000000000e+00,0.000000000000000000e+00
4.187666427317829942e+01,0.000000000000000000e+00,0.000000000000000000e+00
4.244448098818038062e+01,0.000000000000000000e+00,0.000000000000000000e+00
4.501212579926745150e+01,0.000000000000000000e+00,0.000000000000000000e+00
4.055662984418405870e+01,0.000000000000000000e+00,0.000000000000000000e+00
4.393276848174527771e+01,0.000000000000000000e+00,0.000000000000000000e+00
3.937452944906219443e+01,0.000000000000000000e+00,0.000000000000000000e+00
4.308382547178024424e+01,0.000000000000000000e+00,0.000000000000000000e+00
4.419162100546810734e+01,0.000000000000000000e+00,0.000000000000000000e+00
4.274564024900909232e+01,0.000000000000000000e+00,0.000000000000000000e+00
4.078872780403357012e+01,0.000000000000000000e+00,0.000000000000000000e+00
4.263971424870915428e+01,0.000000000000000000e+00,0.000000000000000000e+00
4.251469049554598456e+01,0.000000000000000000e+00,0.000000000000000000e+00
4.069642754809650853e+01,0.000000000000000000e+00,0.000000000000000000e+00
4.033431175763218590e+01,0.000000000000000000e+00,0.000000000000000000e+00
4.502695181651861134e+01,0.000000000000000000e+00,0.000000000000000000e+00
4.445817303477419813e+01,0.000000000000000000e+00,0.000000000000000000e+00
4.613687563757245869e+01,0.000000000000000000e+00,0.000000000000000000e+00
4.123712310049296548e+01,0.000000000000000000e+00,0.000000000000000000e+00
4.225096079632309198e+01,0.000000000000000000e+00,0.000000000000000000e+00
4.563149269918168471e+01,0.000000000000000000e+00,0.000000000000000000e+00
4.635200060737965089e+01,0.000000000000000000e+00,0.000000000000000000e+00
4.587673144869719266e+01,0.000000000000000000e+00,0.000000000000000000e+00
4.105974919627625042e+01,0.000000000000000000e+00,0.000000000000000000e+00
4.109151144545967327e+01,0.000000000000000000e+00,0.000000000000000000e+00
4.527815891847844654e+01,0.000000000000000000e+00,0.000000000000000000e+00
4.602130217726637085e+01,0.000000000000000000e+00,0.000000000000000000e+00
4.161891166376740614e+01,0.000000000000000000e+00,0.000000000000000000e+00
4.327220749938230426e+01,0.000000000000000000e+00,0.000000000000000000e+00
4.379233881765804881e+01,0.000000000000000000e+00,0.000000000000000000e+00
4.673710311553860208e+01,0.000000000000000000e+00,0.000000000000000000e+00
4.384882227964803292e+01,0.000000000000000000e+00,0.000000000000000000e+00
4.284050603845588512e+01,0.000000000000000000e+00,0.000000000000000000e+00
4.351733348990694594e+01,0.000000000000000000e+00,0.000000000000000000e+00
4.694595141957671558e+01,0.000000000000000000e+00,0.000000000000000000e+00
4.467764891738438138e+01,0.000000000000000000e+00,0.000000000000000000e+00
4.553278633871003223e+01,0.000000000000000000e+00,0.000000000000000000e+00
4.653064808717787315e+01,0.000000000000000000e+00,0.000000000000000000e+00
4.499920958686074357e+01,0.000000000000000000e+00,0.000000000000000000e+00
4.485927619266664834e+01,0.000000000000000000e+00,0.000000000000000000e+00
4.546497946427064107e+01,0.000000000000000000e+00,0.000000000000000000e+00
4.308995684798394876e+01,0.000000000000000000e+00,0.000000000000000000e+00
4.258114199315031811e+01,0.000000000000000000e+00,0.000000000000000000e+00
4.358934563496094938e+01,0.000000000000000000e+00,0.000000000000000000e+00
4.458559210326732369e+01,0.000000000000000000e+00,0.000000000000000000e+00
4.626764635661265856e+01,0.000000000000000000e+00,0.000000000000000000e+00
4.648416720356947707e+01,0.000000000000000000e+00,0.000000000000000000e+00
4.633374910590219287e+01,0.000000000000000000e+00,0.000000000000000000e+00
4.475496396016264100e+01,0.000000000000000000e+00,0.000000000000000000e+00
4.682430966256506366e+01,0.000000000000000000e+00,0.000000000000000000e+00
4.278545869795902945e+01,0.000000000000000000e+00,0.000000000000000000e+00
4.748237302134437243e+01,0.000000000000000000e+00,0.000000000000000000e+00
4.796587812893212543e+01,0.000000000000000000e+00,0.000000000000000000e+00
4.911095675010979988e+01,0.000000000000000000e+00,0.000000000000000000e+00
4.131485475328182133e+01,0.000000000000000000e+00,0.000000000000000000e+00
4.998654559726552549e+01,0.000000000000000000e+00,0.000000000000000000e+00
4.555041887238667897e+01,0.000000000000000000e+00,0.000000000000000000e+00
4.619830961944717274e+01,0.000000000000000000e+00,0.000000000000000000e+00
4.644750287328228211e+01,0.000000000000000000e+00,0.000000000000000000e+00
4.852930387059641504e+01,0.000000000000000000e+00,0.000000000000000000e+00
4.578792898408932643e+01,0.000000000000000000e+00,0.000000000000000000e+00
4.362749947935375872e+01,0.000000000000000000e+00,0.000000000000000000e+00
4.396514620072848345e+01,0.000000000000000000e+00,0.000000000000000000e+00
4.689871923175891766e+01,0.000000000000000000e+00,0.000000000000000000e+00
4.281944704053920248e+01,0.000000000000000000e+00,0.000000000000000000e+00
4.053005008724082359e+01,0.000000000000000000e+00,0.000000000000000000e+00
4.723573317432943952e+01,0.000000000000000000e+00,0.000000000000000000e+00
4.647591516651354482e+01,0.000000000000000000e+00,0.000000000000000000e+00
4.374670739624785654e+01,0.000000000000000000e+00,0.000000000000000000e+00
4.410555195296340258e+01,0.000000000000000000e+00,0.000000000000000000e+00
4.436618403245083897e+01,0.000000000000000000e+00,0.000000000000000000e+00
4.541558167752534558e+01,0.000000000000000000e+00,0.000000000000000000e+00
4.635869727219784409e+01,0.000000000000000000e+00,0.000000000000000000e+00
4.379008109977071683e+01,0.000000000000000000e+00,0.000000000000000000e+00
4.686876492810349504e+01,0.000000000000000000e+00,0.000000000000000000e+00
4.614886260143666874e+01,0.000000000000000000e+00,0.000000000000000000e+00
4.848158989276127073e+01,0.000000000000000000e+00,0.000000000000000000e+00
4.501381073090546892e+01,0.000000000000000000e+00,0.000000000000000000e+00
4.926101571170321591e+01,0.000000000000000000e+00,0.000000000000000000e+00
4.745800806771797653e+01,0.000000000000000000e+00,0.000000000000000000e+00
4.883015844919022186e+01,0.000000000000000000e+00,0.000000000000000000e+00
4.923579238743668895e+01,0.000000000000000000e+00,0.000000000000000000e+00
4.550092630688828876e+01,0.000000000000000000e+00,0.000000000000000000e+00
4.872898726002312486e+01,0.000000000000000000e+00,0.000000000000000000e+00
4.618445346192319079e+01,0.000000000000000000e+00,0.000000000000000000e+00
4.764282123401363123e+01,0.000000000000000000e+00,0.000000000000000000e+00
4.608813444007680005e+01,0.000000000000000000e+00,0.000000000000000000e+00
4.744812416453134318e+01,0.000000000000000000e+00,0.000000000000000000e+00
4.418323921400210708e+01,0.000000000000000000e+00,0.000000000000000000e+00
5.284627500616294071e+01,0.000000000000000000e+00,0.000000000000000000e+00
4.873700262015944418e+01,0.000000000000000000e+00,0.000000000000000000e+00
4.964065385384770224e+01,0.000000000000000000e+00,0.000000000000000000e+00
4.663449747647311483e+01,0.000000000000000000e+00,0.000000000000000000e+00
4.788585378211372756e+01,0.000000000000000000e+00,0.000000000000000000e+00
4.965867203720228673e+01,0.000000000000000000e+00,0.000000000000000000e+00
5.194087484419343781e+01,0.000000000000000000e+00,0.000000000000000000e+00
4.624108088693277807e+01,0.000000000000000000e+00,0.000000000000000000e+00
5.091378432114689190e+01,0.000000000000000000e+00,0.000000000000000000e+00
4.926463636590281681e+01,0.000000000000000000e+00,0.000000000000000000e+00
4.647399678769781417e+01,0.000000000000000000e+00,0.000000000000000000e+00
4.975831704657203858e+01,0.000000000000000000e+00,0.000000000000000000e+00
4.939063164846960774e+01,0.000000000000000000e+00,0.000000000000000000e+00
4.971253593952245353e+01,0.000000000000000000e+00,0.000000000000000000e+00
4.893305755596054496e+01,0.000000000000000000e+00,0.000000000000000000e+00
4.699794137911531777e+01,0.000000000000000000e+00,0.000000000000000000e+00
4.984678872695095464e+01,0.000000000000000000e+00,0.000000000000000000e+00
4.753981191253561178e+01,0.000000000000000000e+00,0.000000000000000000e+00
5.337234273299279863e+01,0.000000000000000000e+00,0.000000000000000000e+00
5.085467327226293577e+01,0.000000000000000000e+00,0.000000000000000000e+00
4.718817558479291563e+01,0.000000000000000000e+00,0.000000000000000000e+00
5.259490633225378531e+01,0.000000000000000000e+00,0.000000000000000000e+00
5.033772437669658473e+01,0.000000000000000000e+00,0.000000000000000000e+00
5.095884787559765527e+01,0.000000000000000000e+00,0.000000000000000000e+00
5.144289415261911813e+01,0.000000000000000000e+00,0.000000000000000000e+00
5.028375840130257046e+01,0.000000000000000000e+00,0.000000000000000000e+00
5.261465674545412696e+01,0.000000000000000000e+00,0.000000000000000000e+00
5.300629867452862243e+01,0.000000000000000000e+00,0.000000000000000000e+00
4.695370389112970599e+01,0.000000000000000000e+00,0.000000000000000000e+00
4.812333005018229670e+01,0.000000000000000000e+00,0.000000000000000000e+00
5.012846938878311676e+01,0.000000000000000000e+00,0.000000000000000000e+00
4.973784773063368192e+01,0.000000000000000000e+00,0.000000000000000000e+00
4.940996613721970476e+01,0.000000000000000000e+00,0.000000000000000000e+00
5.439158271503995223e+01,0.000000000000000000e+00,0.000000000000000000e+00
5.085022267002792518e+01,0.000000000000000000e+00,0.000000000000000000e+00
5.131662221169555949e+01,0.000000000000000000e+00,0.000000000000000000e+00
5.122499677704775678e+01,0.000000000000000000e+00,0.000000000000000000e+00
5.183185768164629081e+01,0.000000000000000000e+00,0.000000000000000000e+00
5.115736294228673131e+01,0.000000000000000000e+00,0.000000000000000000e+00
5.302032827348208599e+01,0.000000000000000000e+00,0.000000000000000000e+00
5.047375903528516261e+01,0.000000000000000000e+00,0.000000000000000000e+00
5.210294828160350278e+01,0.000000000000000000e+00,0.000000000000000000e+00
5.249429849506671530e+01,0.000000000000000000e+00,0.000000000000000000e+00
5.621128829272814897e+01,0.000000000000000000e+00,0.000000000000000000e+00
5.442700608319557887e+01,0.000000000000000000e+00,0.000000000000000000e+00
5.074069345162309475e+01,0.000000000000000000e+00,0.000000000000000000e+00
5.104370215441453240e+01,0.000000000000000000e+00,0.000000000000000000e+00
5.073957338557392660e+01,0.000000000000000000e+00,0.000000000000000000e+00
5.292378109665708052e+01,0.000000000000000000e+00,0.000000000000000000e+00
5.195201133016856687e+01,0.000000000000000000e+00,0.000000000000000000e+00
5.082058447399241885e+01,0.000000000000000000e+00,0.000000000000000000e+00
4.982917880445612724e+01,0.000000000000000000e+00,0.000000000000000000e+00
4.881691999294735496e+01,0.000000000000000000e+00,0.000000000000000000e+00
5.212826282400234845e+01,0.000000000000000000e+00,0.000000000000000000e+00
5.350373686664837436e+01,0.000000000000000000e+00,0.000000000000000000e+00
5.285521199508401224e+01,0.000000000000000000e+00,0.000000000000000000e+00
5.488020347150958855e+01,0.000000000000000000e+00,0.000000000000000000e+00
5.689394137538684504e+01,0.000000000000000000e+00,0.000000000000000000e+00
5.396831152465450998e+01,0.000000000000000000e+00,0.000000000000000000e+00
5.239361380822438718e+01,0.000000000000000000e+00,0.000000000000000000e+00
5.524547750922377531e+01,0.000000000000000000e+00,0.000000000000000000e+00
5.317852445266417050e+01,0.000000000000000000e+00,0.000000000000000000e+00
5.307707553914728038e+01,0.000000000000000000e+00,0.000000000000000000e+00
5.291950892210025614e+01,0.000000000000000000e+00,0.000000000000000000e+00
5.546012080037254321e+01,0.000000000000000000e+00,0.000000000000000000e+00
5.529910585754075925e+01,0.000000000000000000e+00,0.000000000000000000e+00
5.549947937991869651e+01,0.000000000000000000e+00,0.000000000000000000e+00
5.895626310121136271e+01,0.000000000000000000e+00,0.000000000000000000e+00
5.500785371382369959e+01,0.000000000000000000e+00,0.000000000000000000e+00
5.447330829137035835e+01,0.000000000000000000e+00,0.000000000000000000e+00
5.310052150240537827e+01,0.000000000000000000e+00,0.000000000000000000e+00
5.542224403482894957e+01,0.000000000000000000e+00,0.000000000000000000e+00
5.144892699368124056e+01,0.000000000000000000e+00,0.000000000000000000e+00
5.184784234956784843e+01,0.000000000000000000e+00,0.000000000000000000e+00
5.657312248746010397e+01,0.000000000000000000e+00,0.000000000000000000e+00
5.512103352716554383e+01,0.000000000000000000e+00,0.000000000000000000e+00
5.716756740046016461e+01,0.000000000000000000e+00,0.000000000000000000e+00
5.413140268202721472e+01,0.000000000000000000e+00,0.000000000000000000e+00
5.386785332521422021e+01,0.000000000000000000e+00,0.000000000000000000e+00
5.849966773701051181e+01,0.000000000000000000e+00,0.000000000000000000e+00
5.441104495849280909e+01,0.000000000000000000e+00,0.000000000000000000e+00
5.681822861985820339e+01,0.000000000000000000e+00,0.000000000000000000e+00
5.172634401427274042e+01,0.000000000000000000e+00,0.000000000000000000e+00
5.482287030157194607e+01,0.000000000000000000e+00,0.000000000000000000e+00
5.698630812452111627e+01,0.000000000000000000e+00,0.000000000000000000e+00
5.658741470690964093e+01,0.000000000000000000e+00,0.000000000000000000e+00
5.278743890206916944e+01,0.000000000000000000e+00,0.000000000000000000e+00
5.392543214444233968e+01,0.000000000000000000e+00,0.000000000000000000e+00
5.534835093352791802e+01,0.000000000000000000e+00,0.000000000000000000e+00
5.583529665274087961e+01,0.000000000000000000e+00,0.000000000000000000e+00
5.380124943041243313e+01,0.000000000000000000e+00,0.000000000000000000e+00
5.459672661404271565e+01,0.000000000000000000e+00,0.000000000000000000e+00
5.352774181558931588e+01,0.000000000000000000e+00,0.000000000000000000e+00
5.493698515294045848e+01,0.000000000000000000e+00,0.000000000000000000e+00
5.455771067180986478e+01,0.000000000000000000e+00,0.000000000000000000e+00
5.348726033985123962e+01,0.000000000000000000e+00,0.000000000000000000e+00
5.690824981391534010e+01,0.000000000000000000e+00,0.000000000000000000e+00
5.269789627281627986e+01,0.000000000000000000e+00,0.000000000000000000e+00
5.711397077672874190e+01,0.000000000000000000e+00,0.000000000000000000e+00
5.764219378188172982e+01,0.000000000000000000e+00,0.000000000000000000e+00
5.359555978087240646e+01,0.000000000000000000e+00,0.000000000000000000e+00
5.774067944062536384e+01,0.000000000000000000e+00,0.000000000000000000e+00
5.668988558850345783e+01,0.000000000000000000e+00,0.000000000000000000e+00
5.516904627899955216e+01,0.000000000000000000e+00,0.000000000000000000e+00
5.872055180950199826e+01,0.000000000000000000e+00,0.000000000000000000e+00
5.649686610431561462e+01,0.000000000000000000e+00,0.000000000000000000e+00
5.572111285107905587e+01,0.000000000000000000e+00,0.000000000000000000e+00
5.705676150261842849e+01,0.000000000000000000e+00,0.000000000000000000e+00
5.781175927486352606e+01,0.000000000000000000e+00,0.000000000000000000e+00
5.549105093233722386e+01,0.000000000000000000e+00,0.000000000000000000e+00
5.719608245968380089e+01,0.000000000000000000e+00,0.000000000000000000e+00
5.769798431941595851e+01,0.000000000000000000e+00,0.000000000000000000e+00
5.757644882349612203e+01,0.000000000000000000e+00,0.000000000000000000e+00
5.967390990408955531e+01,0.000000000000000000e+00,0.000000000000000000e+00
6.052022490125052201e+01,0.000000000000000000e+00,0.000000000000000000e+00
5.494865587212409963e+01,0.000000000000000000e+00,0.000000000000000000e+00
5.454509564246548337e+01,0.000000000000000000e+00,0.000000000000000000e+00
5.824580657367346248e+01,0.000000000000000000e+00,0.000000000000000000e+00
5.946597749778798203e+01,0.000000000000000000e+00,0.000000000000000000e+00
5.766803194880510830e+01,0.000000000000000000e+00,0.000000000000000000e+00
5.895812877575644251e+01,0.000000000000000000e+00,0.000000000000000000e+00
6.162170356845042818e+01,0.000000000000000000e+00,0.000000000000000000e+00
5.661764735313347785e+01,0.000000000000000000e+00,0.000000000000000000e+00
6.019392444160749278e+01,0.000000000000000000e+00,0.000000000000000000e+00
5.792461395784709310e+01,0.000000000000000000e+00,0.000000000000000000e+00
5.797399743313241771e+01,0.000000000000000000e+00,0.000000000000000000e+00
6.023070436855245191e+01,0.000000000000000000e+00,0.000000000000000000e+00
5.987841824630280030e+01,0.000000000000000000e+00,0.000000000000000000e+00
5.777157640587425647e+01,0.000000000000000000e+00,0.000000000000000000e+00
6.352736970729995392e+01,0.000000000000000000e+00,0.000000000000000000e+00
5.839106546514013019e+01,0.000000000000000000e+00,0.000000000000000000e+00
5.978017620103455698e+01,0.000000000000000000e+00,0.000000000000000000e+00
5.918373868017481954e+01,0.000000000000000000e+00,0.000000000000000000e+00
5.827418479590966172e+01,0.000000000000000000e+00,0.000000000000000000e+00
5.888191189393734959e+01,0.000000000000000000e+00,0.000000000000000000e+00
5.877510694406691982e+01,0.000000000000000000e+00,0.000000000000000000e+00
6.071975268622435351e+01,0.000000000000000000e+00,0.000000000000000000e+00
6.297536643843783111e+01,0.000000000000000000e+00,0.000000000000000000e+00
5.909044124189107094e+01,0.000000000000000000e+00,0.000000000000000000e+00
6.195641150341985792e+01,0.000000000000000000e+00,0.000000000000000000e+00
6.047653120600818255e+01,0.000000000000000000e+00,0.000000000000000000e+00
5.951726362746988030e+01,0.000000000000000000e+00,0.000000000000000000e+00
6.078609704346890652e+01,0.000000000000000000e+00,0.000000000000000000e+00
5.537685749817927672e+01,0.000000000000000000e+00,0.000000000000000000e+00
6.030847869980760123e+01,0.000000000000000000e+00,0.000000000000000000e+00
6.028625630076474806e+01,0.000000000000000000e+00,0.000000000000000000e+00
6.466634945890173469e+01,0.000000000000000000e+00,0.000000000000000000e+00
6.057340028302365909e+01,0.000000000000000000e+00,0.000000000000000000e+00
5.860629589418038421e+01,0.000000000000000000e+00,0.000000000000000000e+00
5.923796340429088758e+01,0.000000000000000000e+00,0.000000000000000000e+00
6.478089572213968950e+01,0.000000000000000000e+00,0.000000000000000000e+00
6.364175173650377815e+01,0.000000000000000000e+00,0.000000000000000000e+00
6.266822518488891092e+01,0.000000000000000000e+00,0.000000000000000000e+00
6.028812154811644319e+01,0.000000000000000000e+00,0.000000000000000000e+00
6.046855545808672616e+01,0.000000000000000000e+00,0.000000000000000000e+00
5.607832018129735019e+01,0.000000000000000000e+00,0.000000000000000000e+00
6.040691363394398650e+01,0.000000000000000000e+00,0.000000000000000000e+00
5.712977869947025056e+01,0.000000000000000000e+00,0.000000000000000000e+00
6.144194870577612733e+01,0.000000000000000000e+00,0.000000000000000000e+00
5.930876413709847128e+01,0.000000000000000000e+00,0.000000000000000000e+00
6.099246468698426327e+01,0.000000000000000000e+00,0.000000000000000000e+00
5.728863788815775138e+01,0.000000000000000000e+00,0.000000000000000000e+00
6.223556861445234745e+01,0.000000000000000000e+00,0.000000000000000000e+00
5.949420701142224743e+01,0.000000000000000000e+00,0.000000000000000000e+00
6.274721873423850127e+01,0.000000000000000000e+00,0.000000000000000000e+00
6.072567751191967034e+01,0.000000000000000000e+00,0.000000000000000000e+00
6.392977508974355771e+01,0.000000000000000000e+00,0.000000000000000000e+00
6.105552857689711033e+01,0.000000000000000000e+00,0.000000000000000000e+00
6.279259396042004937e+01,0.000000000000000000e+00,0.000000000000000000e+00
6.149999732749213166e+01,0.000000000000000000e+00,0.000000000000000000e+00
5.977627856970192255e+01,0.000000000000000000e+00,0.000000000000000000e+00
5.947862669059721696e+01,0.000000000000000000e+00,0.000000000000000000e+00
6.250452672134030507e+01,0.000000000000000000e+00,0.000000000000000000e+00
6.298081413428404574e+01,0.000000000000000000e+00,0.000000000000000000e+00
6.280710485083497474e+01,0.000000000000000000e+00,0.000000000000000000e+00
6.037116241699351349e+01,0.000000000000000000e+00,0.000000000000000000e+00
6.159112136198422860e+01,0.000000000000000000e+00,0.000000000000000000e+00
6.142511728108039648e+01,0.000000000000000000e+00,0.000000000000000000e+00
6.235827128213714587e+01,0.000000000000000000e+00,0.000000000000000000e+00
5.989889225752210677e+01,0.000000000000000000e+00,0.000000000000000000e+00
6.275347375799024263e+01,0.000000000000000000e+00,0.000000000000000000e+00
6.219526320192660762e+01,0.000000000000000000e+00,0.000000000000000000e+00
6.169490040133013764e+01,0.000000000000000000e+00,0.000000000000000000e+00
6.614791603249565810e+01,0.000000000000000000e+00,0.000000000000000000e+00
6.406515223205721554e+01,0.000000000000000000e+00,0.000000000000000000e+00
6.107120003530442176e+01,0.000000000000000000e+00,0.000000000000000000e+00
6.467455842248946851e+01,0.000000000000000000e+00,0.000000000000000000e+00
6.180264028218934413e+01,0.000000000000000000e+00,0.000000000000000000e+00
6.169110819647130484e+01,0.000000000000000000e+00,0.000000000000000000e+00
6.609607410228394997e+01,0.000000000000000000e+00,0.000000000000000000e+00
6.353810802315941686e+01,0.000000000000000000e+00,0.000000000000000000e+00
6.544427852966721559e+01,0.000000000000000000e+00,0.000000000000000000e+00
6.314478656560922332e+01,0.000000000000000000e+00,0.000000000000000000e+00
6.585836138741953505e+01,0.000000000000000000e+00,0.000000000000000000e+00
6.298008791091549341e+01,0.000000000000000000e+00,0.000000000000000000e+00
6.196268800302969737e+01,0.000000000000000000e+00,0.000000000000000000e+00
6.179526473035627987e+01,0.000000000000000000e+00,0.000000000000000000e+00
6.040661457209458973e+01,0.000000000000000000e+00,0.000000000000000000e+00
6.502403849140370085e+01,0.000000000000000000e+00,0.000000000000000000e+00
6.767916390711353358e+01,0.000000000000000000e+00,0.000000000000000000e+00
6.718358794957740088e+01,0.000000000000000000e+00,0.000000000000000000e+00
6.467077917069786963e+01,0.000000000000000000e+00,0.000000000000000000e+00
6.573938383899378834e+01,0.000000000000000000e+00,0.000000000000000000e+00
6.606065463652591063e+01,0.000000000000000000e+00,0.000000000000000000e+00
6.869551930557004482e+01,0.000000000000000000e+00,0.000000000000000000e+00
5.957292972370727568e+01,0.000000000000000000e+00,0.000000000000000000e+00
6.287487712111114746e+01,0.000000000000000000e+00,0.000000000000000000e+00
6.332828424012221546e+01,0.000000000000000000e+00,0.000000000000000000e+00
6.675561171459126797e+01,0.000000000000000000e+00,0.000000000000000000e+00
6.258120169861372517e+01,0.000000000000000000e+00,0.000000000000000000e+00
6.992799753162023535e+01,0.000000000000000000e+00,0.000000000000000000e+00
6.821084766056191029e+01,0.000000000000000000e+00,0.000000000000000000e+00
6.598555180942969400e+01,0.000000000000000000e+00,0.000000000000000000e+00
6.767567899393233688e+01,0.000000000000000000e+00,0.000000000000000000e+00
6.309926812921857220e+01,0.000000000000000000e+00,0.000000000000000000e+00
6.462551602303244636e+01,0.000000000000000000e+00,0.000000000000000000e+00
6.632852375510080378e+01,0.000000000000000000e+00,0.000000000000000000e+00
6.710269201966940500e+01,0.000000000000000000e+00,0.000000000000000000e+00
6.643159372194556056e+01,0.000000000000000000e+00,0.000000000000000000e+00
6.798481900092779995e+01,0.000000000000000000e+00,0.000000000000000000e+00
6.706325620221713280e+01,0.000000000000000000e+00,0.000000000000000000e+00
6.493406212027971947e+01,0.000000000000000000e+00,0.000000000000000000e+00
6.643319549429051563e+01,0.000000000000000000e+00,0.000000000000000000e+00
6.633895036896556974e+01,0.000000000000000000e+00,0.000000000000000000e+00
6.673911356672216755e+01,0.000000000000000000e+00,0.000000000000000000e+00
6.552685230027957175e+01,0.000000000000000000e+00,0.000000000000000000e+00
6.540258265454833975e+01,0.000000000000000000e+00,0.000000000000000000e+00
6.753381668876299671e+01,0.000000000000000000e+00,0.000000000000000000e+00
6.707291734628009294e+01,0.000000000000000000e+00,0.000000000000000000e+00
6.678675476409836165e+01,0.000000000000000000e+00,0.000000000000000000e+00
6.994287300160220866e+01,0.000000000000000000e+00,0.000000000000000000e+00
6.958551177174103941e+01,0.000000000000000000e+00,0.000000000000000000e+00
6.536661327642711683e+01,0.000000000000000000e+00,0.000000000000000000e+00
6.612615185770677328e+01,0.000000000000000000e+00,0.000000000000000000e+00
6.694856668927751286e+01,0.000000000000000000e+00,0.000000000000000000e+00
6.627607301775353221e+01,0.000000000000000000e+00,0.000000000000000000e+00
6.427335647122940543e+01,0.000000000000000000e+00,0.000000000000000000e+00
6.742349796959021546e+01,0.000000000000000000e+00,0.000000000000000000e+00
6.674219626555094464e+01,0.000000000000000000e+00,0.000000000000000000e+00
6.457230374651376792e+01,0.000000000000000000e+00,0.000000000000000000e+00
6.537731798337068767e+01,0.000000000000000000e+00,0.000000000000000000e+00
6.496050466372143717e+01,0.000000000000000000e+00,0.000000000000000000e+00
6.802667881561684737e+01,0.000000000000000000e+00,0.000000000000000000e+00
6.647368145586347055e+01,0.000000000000000000e+00,0.000000000000000000e+00
6.741659286620276248e+01,0.000000000000000000e+00,0.000000000000000000e+00
6.608379250822608242e+01,0.000000000000000000e+00,0.000000000000000000e+00
6.608750642937121711e+01,0.000000000000000000e+00,0.000000000000000000e+00
6.990905335186268132e+01,0.000000000000000000e+00,0.000000000000000000e+00
6.657109218461015132e+01,0.000000000000000000e+00,0.000000000000000000e+00
6.448816834680484078e+01,0.000000000000000000e+00,0.000000000000000000e+00
6.656598796300998799e+01,0.000000000000000000e+00,0.000000000000000000e+00
7.017082968621652128e+01,0.000000000000000000e+00,0.000000000000000000e+00
7.127880761095829598e+01,0.000000000000000000e+00,0.000000000000000000e+00
6.635676188515603258e+01,0.000000000000000000e+00,0.000000000000000000e+00
7.030332826012025293e+01,0.000000000000000000e+00,0.000000000000000000e+00
6.952050052651459566e+01,0.000000000000000000e+00,0.000000000000000000e+00
6.752167847631643838e+01,0.000000000000000000e+00,0.000000000000000000e+00
6.906133164868177232e+01,0.000000000000000000e+00,0.000000000000000000e+00
6.582511457199485960e+01,0.000000000000000000e+00,0.000000000000000000e+00
6.892588744435337844e+01,0.000000000000000000e+00,0.000000000000000000e+00
7.111130597412667953e+01,0.000000000000000000e+00,0.000000000000000000e+00
6.910434613431418427e+01,0.000000000000000000e+00,0.000000000000000000e+00
6.637980868713728455e+01,0.000000000000000000e+00,0.000000000000000000e+00
6.868914704365141688e+01,0.000000000000000000e+00,0.000000000000000000e+00
6.992835564998681264e+01,0.000000000000000000e+00,0.000000000000000000e+00
6.852302668888758319e+01,0.000000000000000000e+00,0.000000000000000000e+00
7.133844699396017575e+01,0.000000000000000000e+00,0.000000000000000000e+00
7.221519958715603593e+01,0.000000000000000000e+00,0.000000000000000000e+00
6.888398241911647801e+01,0.000000000000000000e+00,0.000000000000000000e+00
6.836930920352112651e+01,0.000000000000000000e+00,0.000000000000000000e+00
6.832712526183892976e+01,0.000000000000000000e+00,0.000000000000000000e+00
6.600385587160302236e+01,0.000000000000000000e+00,0.000000000000000000e+00
6.797855993346418302e+01,0.000000000000000000e+00,0.000000000000000000e+00
6.914870460243939476e+01,0.000000000000000000e+00,0.000000000000000000e+00
6.783988187953640647e+01,0.000000000000000000e+00,0.000000000000000000e+00
6.881246041812782721e+01,0.000000000000000000e+00,0.000000000000000000e+00
6.744347109082396230e+01,0.000000000000000000e+00,0.000000000000000000e+00
7.047662475326475828e+01,0.000000000000000000e+00,0.000000000000000000e+00
7.253189997813443313e+01,0.000000000000000000e+00,0.000000000000000000e+00
6.718734681658276031e+01,0.000000000000000000e+00,0.000000000000000000e+00
6.975968421406307129e+01,0.000000000000000000e+00,0.000000000000000000e+00
7.132282349205708272e+01,0.000000000000000000e+00,0.000000000000000000e+00
7.133005814363447428e+01,0.000000000000000000e+00,0.000000000000000000e+00
7.171123752250944960e+01,0.000000000000000000e+00,0.000000000000000000e+00
7.165132383348114331e+01,0.000000000000000000e+00,0.000000000000000000e+00
7.054410836422933073e+01,0.000000000000000000e+00,0.000000000000000000e+00
6.965287955251413621e+01,0.000000000000000000e+00,0.000000000000000000e+00
6.672143606637988000e+01,0.000000000000000000e+00,0.000000000000000000e+00
7.009838786674271205e+01,0.000000000000000000e+00,0.000000000000000000e+00
7.057918420904093182e+01,0.000000000000000000e+00,0.000000000000000000e+00
6.804251622544374811e+01,0.000000000000000000e+00,0.000000000000000000e+00
7.306407403214173257e+01,0.000000000000000000e+00,0.000000000000000000e+00
7.072255290152529028e+01,0.000000000000000000e+00,0.000000000000000000e+00
6.933124012542084813e+01,0.000000000000000000e+00,0.000000000000000000e+00
7.339845035668767537e+01,0.000000000000000000e+00,0.000000000000000000e+00
7.000558455396041779e+01,0.000000000000000000e+00,0.000000000000000000e+00
7.121519571394932768e+01,0.000000000000000000e+00,0.000000000000000000e+00
7.092307660882960363e+01,0.000000000000000000e+00,0.000000000000000000e+00
6.889933654585847478e+01,0.000000000000000000e+00,0.000000000000000000e+00
7.316579673866770861e+01,0.000000000000000000e+00,0.000000000000000000e+00
6.774635555598089809e+01,0.000000000000000000e+00,0.000000000000000000e+00
6.989652316258761289e+01,0.000000000000000000e+00,0.000000000000000000e+00
7.515542221612447804e+01,0.000000000000000000e+00,0.000000000000000000e+00
7.087044191897908263e+01,0.000000000000000000e+00,0.000000000000000000e+00
7.195410896982735949e+01,0.000000000000000000e+00,0.000000000000000000e+00
7.275783081032756172e+01,0.000000000000000000e+00,0.000000000000000000e+00
7.040271689615823902e+01,0.000000000000000000e+00,0.000000000000000000e+00
7.024903304095829526e+01,0.000000000000000000e+00,0.000000000000000000e+00
7.079514033560255371e+01,0.000000000000000000e+00,0.000000000000000000e+00
7.053663393399237691e+01,0.000000000000000000e+00,0.000000000000000000e+00
6.904493610328198372e+01,0.000000000000000000e+00,0.000000000000000000e+00
6.976833321263754328e+01,0.000000000000000000e+00,0.000000000000000000e+00
7.254605218827271074e+01,0.000000000000000000e+00,0.000000000000000000e+00
6.668854463443514646e+01,0.000000000000000000e+00,0.000000000000000000e+00
7.208735968986688647e+01,0.000000000000000000e+00,0.000000000000000000e+00
7.152297342985093564e+01,0.000000000000000000e+00,0.000000000000000000e+00
7.040216223975066612e+01,0.000000000000000000e+00,0.000000000000000000e+00
7.316794884844735236e+01,0.000000000000000000e+00,0.000000000000000000e+00
7.099904847093976912e+01,0.000000000000000000e+00,0.000000000000000000e+00
7.506880491746180439e+01,0.000000000000000000e+00,0.000000000000000000e+00
7.220540432028228395e+01,0.000000000000000000e+00,0.000000000000000000e+00
6.872101300439985039e+01,0.000000000000000000e+00,0.000000000000000000e+00
7.314459480389686519e+01,0.000000000000000000e+00,0.000000000000000000e+00
7.092017097844696139e+01,0.000000000000000000e+00,0.000000000000000000e+00
7.082579030222416350e+01,0.000000000000000000e+00,0.000000000000000000e+00
6.827205266365257330e+01,0.000000000000000000e+00,0.000000000000000000e+00
7.198285007385196366e+01,0.000000000000000000e+00,0.000000000000000000e+00
7.176737308697630624e+01,0.000000000000000000e+00,0.000000000000000000e+00
7.284511656136969293e+01,0.000000000000000000e+00,0.000000000000000000e+00
6.938139306562885622e+01,0.000000000000000000e+00,0.000000000000000000e+00
7.113539711287423017e+01,0.000000000000000000e+00,0.000000000000000000e+00
7.166587055013972929e+01,0.000000000000000000e+00,0.000000000000000000e+00
6.971752970077771749e+01,0.000000000000000000e+00,0.000000000000000000e+00
7.276384446677495532e+01,0.000000000000000000e+00,0.000000000000000000e+00
7.432535122625127144e+01,0.000000000000000000e+00,0.000000000000000000e+00
7.368006447825398197e+01,0.000000000000000000e+00,0.000000000000000000e+00
7.149084199079341317e+01,0.000000000000000000e+00,0.000000000000000000e+00
7.316412345333158385e+01,0.000000000000000000e+00,0.000000000000000000e+00
7.367327358151244709e+01,0.000000000000000000e+00,0.000000000000000000e+00
7.088969658778934502e+01,0.000000000000000000e+00,0.000000000000000000e+00
7.563359893386356703e+01,0.000000000000000000e+00,0.000000000000000000e+00
7.280704362065119994e+01,0.000000000000000000e+00,0.000000000000000000e+00
7.384864960036155423e+01,0.000000000000000000e+00,0.000000000000000000e+00
7.728958592563380137e+01,0.000000000000000000e+00,0.000000000000000000e+00
7.166514884634506188e+01,0.000000000000000000e+00,0.000000000000000000e+00
7.350354187911077020e+01,0.000000000000000000e+00,0.000000000000000000e+00
7.082812265380526640e+01,0.000000000000000000e+00,0.000000000000000000e+00
7.042793321701729781e+01,0.000000000000000000e+00,0.000000000000000000e+00
7.354188788946567001e+01,0.000000000000000000e+00,0.000000000000000000e+00
7.212641538273072683e+01,0.000000000000000000e+00,0.000000000000000000e+00
7.520547446753016629e+01,0.000000000000000000e+00,0.000000000000000000e+00
7.372010561013020435e+01,0.000000000000000000e+00,0.000000000000000000e+00
7.547943223293786730e+01,0.000000000000000000e+00,0.000000000000000000e+00
7.394388536784136079e+01,0.000000000000000000e+00,0.000000000000000000e+00
7.273559767324893244e+01,0.000000000000000000e+00,0.000000000000000000e+00
7.402709695934933620e+01,0.000000000000000000e+00,0.000000000000000000e+00
7.226582022840374009e+01,0.000000000000000000e+00,0.000000000000000000e+00
7.632587113246785293e+01,0.000000000000000000e+00,0.000000000000000000e+00
7.250119556358275474e+01,0.000000000000000000e+00,0.000000000000000000e+00
7.512628166446226885e+01,0.000000000000000000e+00,0.000000000000000000e+00
7.704979703060270424e+01,0.000000000000000000e+00,0.000000000000000000e+00
7.296449653887422926e+01,0.000000000000000000e+00,0.000000000000000000e+00
7.185506644770966034e+01,0.000000000000000000e+00,0.000000000000000000e+00
7.358368411301297840e+01,0.000000000000000000e+00,0.000000000000000000e+00
7.619184046875216154e+01,0.000000000000000000e+00,0.000000000000000000e+00
7.431160501253971518e+01,0.000000000000000000e+00,0.000000000000000000e+00
7.620956712632029451e+01,0.000000000000000000e+00,0.000000000000000000e+00
7.460666859196476253e+01,0.000000000000000000e+00,0.000000000000000000e+00
7.750931672003594031e+01,0.000000000000000000e+00,0.000000000000000000e+00
7.352300834799167717e+01,0.000000000000000000e+00,0.000000000000000000e+00
7.363015918752813604e+01,0.000000000000000000e+00,0.000000000000000000e+00
7.359491558074542183e+01,0.000000000000000000e+00,0.000000000000000000e+00
7.272055967969194512e+01,0.000000000000000000e+00,0.000000000000000000e+00
7.499875942958659891e+01,0.000000000000000000e+00,0.000000000000000000e+00
7.744064155376513270e+01,0.000000000000000000e+00,0.000000000000000000e+00
7.527133690654629561e+01,0.000000000000000000e+00,0.000000000000000000e+00
7.307616196002581432e+01,0.000000000000000000e+00,0.000000000000000000e+00
7.573614807248058867e+01,0.000000000000000000e+00,0.000000000000000000e+00
7.515878434990425205e+01,0.000000000000000000e+00,0.000000000000000000e+00
7.448935537699328790e+01,0.000000000000000000e+00,0.000000000000000000e+00
7.558953954557833299e+01,0.000000000000000000e+00,0.000000000000000000e+00
7.507267889365509461e+01,0.000000000000000000e+00,0.000000000000000000e+00
7.322914558514834482e+01,0.000000000000000000e+00,0.000000000000000000e+00
7.481700380729982669e+01,0.000000000000000000e+00,0.000000000000000000e+00
7.575797805978425004e+01,0.000000000000000000e+00,0.000000000000000000e+00
7.477564526891245578e+01,0.000000000000000000e+00,0.000000000000000000e+00
7.799887356940665484e+01,0.000000000000000000e+00,0.000000000000000000e+00
7.694680772578463746e+01,0.000000000000000000e+00,0.000000000000000000e+00
7.342074902340185361e+01,0.000000000000000000e+00,0.000000000000000000e+00
7.800122579071413043e+01,0.000000000000000000e+00,0.000000000000000000e+00
7.641781160317104593e+01,0.000000000000000000e+00,0.000000000000000000e+00
7.499113734509880658e+01,0.000000000000000000e+00,0.000000000000000000e+00
7.500042776457533478e+01,0.000000000000000000e+00,0.000000000000000000e+00
7.611979621091117565e+01,0.000000000000000000e+00,0.000000000000000000e+00
7.299436933496278357e+01,0.000000000000000000e+00,0.000000000000000000e+00
7.683438041789814577e+01,0.000000000000000000e+00,0.000000000000000000e+00
7.419705497004625272e+01,0.000000000000000000e+00,0.000000000000000000e+00
7.626361161078226303e+01,0.000000000000000000e+00,0.000000000000000000e+00
7.521906438587755872e+01,0.000000000000000000e+00,0.000000000000000000e+00
7.902985880548756370e+01,0.000000000000000000e+00,0.000000000000000000e+00
7.476414302236761955e+01,0.000000000000000000e+00,0.000000000000000000e+00
7.475658921081303276e+01,0.000000000000000000e+00,0.000000000000000000e+00
7.640810449131616622e+01,0.000000000000000000e+00,0.000000000000000000e+00
7.500816412515824538e+01,0.000000000000000000e+00,0.000000000000000000e+00
7.136124686196481548e+01,0.000000000000000000e+00,0.000000000000000000e+00
7.642904798901631125e+01,0.000000000000000000e+00,0.000000000000000000e+00
7.479968822502094383e+01,0.000000000000000000e+00,0.000000000000000000e+00
7.622061121406997586e+01,0.000000000000000000e+00,0.000000000000000000e+00
7.644416926349002495e+01,0.000000000000000000e+00,0.000000000000000000e+00
7.759105845735760454e+01,0.000000000000000000e+00,0.000000000000000000e+00
7.441695138780015384e+01,0.000000000000000000e+00,0.000000000000000000e+00
7.507629713256471859e+01,0.000000000000000000e+00,0.000000000000000000e+00
8.022261721887258545e+01,0.000000000000000000e+00,0.000000000000000000e+00
7.516207332321570789e+01,0.000000000000000000e+00,0.000000000000000000e+00
7.486378210516942033e+01,0.000000000000000000e+00,0.000000000000000000e+00
7.880032774264755346e+01,0.000000000000000000e+00,0.000000000000000000e+00
7.429581161022872493e+01,0.000000000000000000e+00,0.000000000000000000e+00
7.834951643601309001e+01,0.000000000000000000e+00,0.000000000000000000e+00
7.616593825976252674e+01,0.000000000000000000e+00,0.000000000000000000e+00
7.763163655460573409e+01,0.000000000000000000e+00,0.000000000000000000e+00
7.514510990744702212e+01,0.000000000000000000e+00,0.000000000000000000e+00
7.813003459674591511e+01,0.000000000000000000e+00,0.000000000000000000e+00
7.946614037966470789e+01,0.000000000000000000e+00,0.000000000000000000e+00
7.615351839969298453e+01,0.000000000000000000e+00,0.000000000000000000e+00
7.891619496722766769e+01,0.000000000000000000e+00,0.000000000000000000e+00
7.835780727745647312e+01,0.000000000000000000e+00,0.000000000000000000e+00
7.453489619602424909e+01,0.000000000000000000e+00,0.000000000000000000e+00
7.646501305039335250e+01,0.000000000000000000e+00,0.000000000000000000e+00
7.421189632569686978e+01,0.000000000000000000e+00,0.000000000000000000e+00
7.780927449824790187e+01,0.000000000000000000e+00,0.000000000000000000e+00
7.545233317820749619e+01,0.000000000000000000e+00,0.000000000000000000e+00
7.569412645287941643e+01,0.000000000000000000e+00,0.000000000000000000e+00
7.645801304907885765e+01,0.000000000000000000e+00,0.000000000000000000e+00
7.777626522060620573e+01,0.000000000000000000e+00,0.000000000000000000e+00
7.698444581951349619e+01,0.000000000000000000e+00,0.000000000000000000e+00
7.508174227746164320e+01,0.000000000000000000e+00,0.000000000000000000e+00
7.646507953267128244e+01,0.000000000000000000e+00,0.000000000000000000e+00
7.801304139979320951e+01,0.000000000000000000e+00,0.000000000000000000e+00
7.691322414264905660e+01,0.000000000000000000e+00,0.000000000000000000e+00
7.890964235925433456e+01,0.000000000000000000e+00,0.000000000000000000e+00
7.930888852185007920e+01,0.000000000000000000e+00,0.000000000000000000e+00
7.808609576984946443e+01,0.000000000000000000e+00,0.000000000000000000e+00
7.650492375815056789e+01,0.000000000000000000e+00,0.000000000000000000e+00
7.565760329970514420e+01,0.000000000000000000e+00,0.000000000000000000e+00
7.759855603290694148e+01,0.000000000000000000e+00,0.000000000000000000e+00
7.882353958605186506e+01,0.000000000000000000e+00,0.000000000000000000e+00
7.770302200875779874e+01,0.000000000000000000e+00,0.000000000000000000e+00
7.621677921721399684e+01,0.000000000000000000e+00,0.000000000000000000e+00
7.682253529544092885e+01,0.000000000000000000e+00,0.000000000000000000e+00
8.036077900307131472e+01,0.000000000000000000e+00,0.000000000000000000e+00
7.569386349754815058e+01,0.000000000000000000e+00,0.000000000000000000e+00
8.036528805273813703e+01,0.000000000000000000e+00,0.000000000000000000e+00
8.043310954914224453e+01,0.000000000000000000e+00,0.000000000000000000e+00
7.883629152075076263e+01,0.000000000000000000e+00,0.000000000000000000e+00
8.042764520053034971e+01,0.000000000000000000e+00,0.000000000000000000e+00
7.839025505886559131e+01,0.000000000000000000e+00,0.000000000000000000e+00
7.788227928816890255e+01,0.000000000000000000e+00,0.000000000000000000e+00
7.804872022362621919e+01,0.000000000000000000e+00,0.000000000000000000e+00
7.990384129222198339e+01,0.000000000000000000e+00,0.000000000000000000e+00
7.915336755099684751e+01,0.000000000000000000e+00,0.000000000000000000e+00
7.580130593799457017e+01,0.000000000000000000e+00,0.000000000000000000e+00
8.001505381185413057e+01,0.000000000000000000e+00,0.000000000000000000e+00
7.736124555819597504e+01,0.000000000000000000e+00,0.000000000000000000e+00
7.712138127399794030e+01,0.000000000000000000e+00,0.000000000000000000e+00
7.882334664328899976e+01,0.000000000000000000e+00,0.000000000000000000e+00
7.894921468982298052e+01,0.000000000000000000e+00,0.000000000000000000e+00
7.593567837480195237e+01,0.000000000000000000e+00,0.000000000000000000e+00
7.639452746024821295e+01,0.000000000000000000e+00,0.000000000000000000e+00
7.560889658068873587e+01,0.000000000000000000e+00,0.000000000000000000e+00
7.752333372772800146e+01,0.000000000000000000e+00,0.000000000000000000e+00
7.780198546140839255e+01,0.000000000000000000e+00,0.000000000000000000e+00
7.801849064137350354e+01,0.000000000000000000e+00,0.000000000000000000e+00
8.063847458296632453e+01,0.000000000000000000e+00,0.000000000000000000e+00
7.881971929761934348e+01,0.000000000000000000e+00,0.000000000000000000e+00
8.199887978192585081e+01,0.000000000000000000e+00,0.000000000000000000e+00
8.264598151986606922e+01,0.000000000000000000e+00,0.000000000000000000e+00
8.153680600375984966e+01,0.000000000000000000e+00,0.000000000000000000e+00
7.903431102349419746e+01,0.000000000000000000e+00,0.000000000000000000e+00
7.593850648305277673e+01,0.000000000000000000e+00,0.000000000000000000e+00
7.828911544483166551e+01,0.000000000000000000e+00,0.000000000000000000e+00
7.888278338779988985e+01,0.000000000000000000e+00,0.000000000000000000e+00
8.157688707595438871e+01,0.000000000000000000e+00,0.000000000000000000e+00
8.246975430556554443e+01,0.000000000000000000e+00,0.000000000000000000e+00
7.915816693115702662e+01,0.000000000000000000e+00,0.000000000000000000e+00
7.608461973777509968e+01,0.000000000000000000e+00,0.000000000000000000e+00
7.798637530320320366e+01,0.000000000000000000e+00,0.000000000000000000e+00
7.973443630214869415e+01,0.000000000000000000e+00,0.000000000000000000e+00
7.874963953066408351e+01,0.000000000000000000e+00,0.000000000000000000e+00
7.934153556206699420e+01,0.000000000000000000e+00,0.000000000000000000e+00
8.000030129482060204e+01,0.000000000000000000e+00,0.000000000000000000e+00
7.709249010446410466e+01,0.000000000000000000e+00,0.000000000000000000e+00
7.980986523341388761e+01,0.000000000000000000e+00,0.000000000000000000e+00
8.103118366709742304e+01,0.000000000000000000e+00,0.000000000000000000e+00
7.799798456252693768e+01,0.000000000000000000e+00,0.000000000000000000e+00
7.684131440315012185e+01,0.000000000000000000e+00,0.000000000000000000e+00
7.797974715210520458e+01,0.000000000000000000e+00,0.000000000000000000e+00
7.939659675974085928e+01,0.000000000000000000e+00,0.000000000000000000e+00
8.061179804036515861e+01,0.000000000000000000e+00,0.000000000000000000e+00
7.890697594897515899e+01,0.000000000000000000e+00,0.000000000000000000e+00
7.523517917630464069e+01,0.000000000000000000e+00,0.000000000000000000e+00
8.083947896844655645e+01,0.000000000000000000e+00,0.000000000000000000e+00
8.025810410841066300e+01,0.000000000000000000e+00,0.000000000000000000e+00
7.564454963425558276e+01,0.000000000000000000e+00,0.000000000000000000e+00
7.742077992423494948e+01,0.000000000000000000e+00,0.000000000000000000e+00
8.067963880168407798e+01,0.000000000000000000e+00,0.000000000000000000e+00
7.761316881188018613e+01,0.000000000000000000e+00,0.000000000000000000e+00
7.720458954180712396e+01,0.000000000000000000e+00,0.000000000000000000e+00
7.838695488914537179e+01,0.000000000000000000e+00,0.000000000000000000e+00
7.728186879544433907e+01,0.000000000000000000e+00,0.000000000000000000e+00
8.067591352140397021e+01,0.000000000000000000e+00,0.000000000000000000e+00
7.568132054432479094e+01,0.000000000000000000e+00,0.000000000000000000e+00
7.975989286310660020e+01,0.000000000000000000e+00,0.000000000000000000e+00
8.020543469300302775e+01,0.000000000000000000e+00,0.000000000000000000e+00
7.848315419319786201e+01,0.000000000000000000e+00,0.000000000000000000e+00
7.872442565441123463e+01,0.000000000000000000e+00,0.000000000000000000e+00
7.891660640301488172e+01,0.000000000000000000e+00,0.000000000000000000e+00
7.823694392021761246e+01,0.000000000000000000e+00,0.000000000000000000e+00
8.134303673988299010e+01,0.000000000000000000e+00,0.000000000000000000e+00
7.788006481003876047e+01,0.000000000000000000e+00,0.000000000000000000e+00
8.265157155616606133e+01,0.000000000000000000e+00,0.000000000000000000e+00
7.789528778458245029e+01,0.000000000000000000e+00,0.000000000000000000e+00
8.083000663983808920e+01,0.000000000000000000e+00,0.000000000000000000e+00
8.131680577648037911e+01,0.000000000000000000e+00,0.000000000000000000e+00
7.951244350286397378e+01,0.000000000000000000e+00,0.000000000000000000e+00
7.923326704630146367e+01,0.000000000000000000e+00,0.000000000000000000e+00
7.968697714263674925e+01,0.000000000000000000e+00,0.000000000000000000e+00
8.125991916961238815e+01,0.000000000000000000e+00,0.000000000000000000e+00
7.994946158745493392e+01,0.000000000000000000e+00,0.000000000000000000e+00
8.018574126157849946e+01,0.000000000000000000e+00,0.000000000000000000e+00
8.345220968432602149e+01,0.000000000000000000e+00,0.000000000000000000e+00
7.809725476055548654e+01,0.000000000000000000e+00,0.000000000000000000e+00
7.949084688910049579e+01,0.000000000000000000e+00,0.000000000000000000e+00
8.314573667462133244e+01,0.000000000000000000e+00,0.000000000000000000e+00
8.110741197857014129e+01,0.000000000000000000e+00,0.000000000000000000e+00
7.661003480158890966e+01,0.000000000000000000e+00,0.000000000000000000e+00
8.326948405725747193e+01,0.000000000000000000e+00,0.000000000000000000e+00
7.968309617234301356e+01,0.000000000000000000e+00,0.000000000000000000e+00
7.659815261927792562e+01,0.000000000000000000e+00,0.000000000000000000e+00
8.050910829710993255e+01,0.000000000000000000e+00,0.000000000000000000e+00
8.263264778465897109e+01,0.000000000000000000e+00,0.000000000000000000e+00
7.699392541899588593e+01,0.000000000000000000e+00,0.000000000000000000e+00
8.166587313204328780e+01,0.000000000000000000e+00,0.000000000000000000e+00
8.127063935745316314e+01,0.000000000000000000e+00,0.000000000000000000e+00
7.990304066620134904e+01,0.000000000000000000e+00,0.000000000000000000e+00
8.073796051805709340e+01,0.000000000000000000e+00,0.000000000000000000e+00
7.891627695199052539e+01,0.000000000000000000e+00,0.000000000000000000e+00
8.069701865914747430e+01,0.000000000000000000e+00,0.000000000000000000e+00
7.886158249972012868e+01,0.000000000000000000e+00,0.000000000000000000e+00
7.878547878513577984e+01,0.000000000000000000e+00,0.000000000000000000e+00
7.935419255063904131e+01,0.000000000000000000e+00,0.000000000000000000e+00
7.812266488948429810e+01,0.000000000000000000e+00,0.000000000000000000e+00
8.089969327637312801e+01,0.000000000000000000e+00,0.000000000000000000e+00
7.872631779440727939e+01,0.000000000000000000e+00,0.000000000000000000e+00
7.782718177780732560e+01,0.000000000000000000e+00,0.000000000000000000e+00
8.172572011934782665e+01,0.000000000000000000e+00,0.000000000000000000e+00
8.139577627878041710e+01,0.000000000000000000e+00,0.000000000000000000e+00
8.057276031653580617e+01,0.000000000000000000e+00,0.000000000000000000e+00
7.610864805117772391e+01,0.000000000000000000e+00,0.000000000000000000e+00
7.518570184739864715e+01,0.000000000000000000e+00,0.000000000000000000e+00
7.842762116321947019e+01,0.000000000000000000e+00,0.000000000000000000e+00
8.042853555717678660e+01,0.000000000000000000e+00,0.000000000000000000e+00
8.033114679728906538e+01,0.000000000000000000e+00,0.000000000000000000e+00
7.769236548783401020e+01,0.000000000000000000e+00,0.000000000000000000e+00
7.929499247613138380e+01,0.000000000000000000e+00,0.000000000000000000e+00
7.844029271720056329e+01,0.000000000000000000e+00,0.000000000000000000e+00
7.780061279457559920e+01,0.000000000000000000e+00,0.000000000000000000e+00
7.897320348464366191e+01,0.000000000000000000e+00,0.000000000000000000e+00
8.013795362698759561e+01,0.000000000000000000e+00,0.000000000000000000e+00
8.318625597712737374e+01,0.000000000000000000e+00,0.000000000000000000e+00
7.940533259279850142e+01,0.000000000000000000e+00,0.000000000000000000e+00
7.877843703283207333e+01,0.000000000000000000e+00,0.000000000000000000e+00
8.179247309783087871e+01,0.000000000000000000e+00,0.000000000000000000e+00
7.915758305923836247e+01,0.000000000000000000e+00,0.000000000000000000e+00
8.105667713003136043e+01,0.000000000000000000e+00,0.000000000000000000e+00
7.875935391360148685e+01,0.000000000000000000e+00,0.000000000000000000e+00
7.823095365564870463e+01,0.000000000000000000e+00,0.000000000000000000e+00
7.983615131130265752e+01,0.000000000000000000e+00,0.000000000000000000e+00
7.825437004457279500e+01,0.000000000000000000e+00,0.000000000000000000e+00
7.985804122791519433e+01,0.000000000000000000e+00,0.000000000000000000e+00
8.082359415527362501e+01,0.000000000000000000e+00,0.000000000000000000e+00
8.239375451485247481e+01,0.000000000000000000e+00,0.000000000000000000e+00
7.941925435053848048e+01,0.000000000000000000e+00,0.000000000000000000e+00
8.036237761316159833e+01,0.000000000000000000e+00,0.000000000000000000e+00
8.135987971776019378e+01,0.000000000000000000e+00,0.000000000000000000e+00
8.221391848664754320e+01,0.000000000000000000e+00,0.000000000000000000e+00
8.194731749042745150e+01,0.000000000000000000e+00,0.000000000000000000e+00
7.754577911657759159e+01,0.000000000000000000e+00,0.000000000000000000e+00
7.678028951107506828e+01,0.000000000000000000e+00,0.000000000000000000e+00
7.991256350545938858e+01,0.000000000000000000e+00,0.000000000000000000e+00
8.142155237273684065e+01,0.000000000000000000e+00,0.000000000000000000e+00
8.034194470519983611e+01,0.000000000000000000e+00,0.000000000000000000e+00
8.361293566380004449e+01,0.000000000000000000e+00,0.000000000000000000e+00
8.074984297000452216e+01,0.000000000000000000e+00,0.000000000000000000e+00
8.067252733845801060e+01,0.000000000000000000e+00,0.000000000000000000e+00
7.971245143386303766e+01,0.000000000000000000e+00,0.000000000000000000e+00
8.157809615979175533e+01,0.000000000000000000e+00,0.000000000000000000e+00
7.770350978261336650e+01,0.000000000000000000e+00,0.000000000000000000e+00
7.750952374982284709e+01,0.000000000000000000e+00,0.000000000000000000e+00
8.248101418002218566e+01,0.000000000000000000e+00,0.000000000000000000e+00
7.868756554018692384e+01,0.000000000000000000e+00,0.000000000000000000e+00
8.069814016495529074e+01,0.000000000000000000e+00,0.000000000000000000e+00
8.085221636458295791e+01,0.000000000000000000e+00,0.000000000000000000e+00
7.668452620989785373e+01,0.000000000000000000e+00,0.000000000000000000e+00
7.829713114263196871e+01,0.000000000000000000e+00,0.000000000000000000e+00
8.019130816828699437e+01,0.000000000000000000e+00,0.000000000000000000e+00
7.525380833052227558e+01,0.000000000000000000e+00,0.000000000000000000e+00
7.991638220840022200e+01,0.000000000000000000e+00,0.000000000000000000e+00
8.335300396669622103e+01,0.000000000000000000e+00,0.000000000000000000e+00
8.062171823792319003e+01,0.000000000000000000e+00,0.000000000000000000e+00
7.939188100161474893e+01,0.000000000000000000e+00,0.000000000000000000e+00
7.992633542454183271e+01,0.000000000000000000e+00,0.000000000000000000e+00
8.106048377016415429e+01,0.000000000000000000e+00,0.000000000000000000e+00
8.132976165402902780e+01,0.000000000000000000e+00,0.000000000000000000e+00
8.186969765387890163e+01,0.000000000000000000e+00,0.000000000000000000e+00
7.884887008276466247e+01,0.000000000000000000e+00,0.000000000000000000e+00
7.761151552165075884e+01,0.000000000000000000e+00,0.000000000000000000e+00
7.721454483650062173e+01,0.000000000000000000e+00,0.000000000000000000e+00
7.618591845294506015e+01,0.000000000000000000e+00,0.000000000000000000e+00
8.026773858075557655e+01,0.000000000000000000e+00,0.000000000000000000e+00
7.850371264353640299e+01,0.000000000000000000e+00,0.000000000000000000e+00
8.034801621866971288e+01,0.000000000000000000e+00,0.000000000000000000e+00
7.928926163057923304e+01,0.000000000000000000e+00,0.000000000000000000e+00
8.018164865287374710e+01,0.000000000000000000e+00,0.000000000000000000e+00
8.075535328595570661e+01,0.000000000000000000e+00,0.000000000000000000e+00
7.834353622573539155e+01,0.000000000000000000e+00,0.000000000000000000e+00
8.247253549751425794e+01,0.000000000000000000e+00,0.000000000000000000e+00
7.888060295183677795e+01,0.000000000000000000e+00,0.000000000000000000e+00
7.723860737236424256e+01,0.000000000000000000e+00,0.000000000000000000e+00
7.804049173828896357e+01,0.000000000000000000e+00,0.000000000000000000e+00
8.031807176612807098e+01,0.000000000000000000e+00,0.000000000000000000e+00
8.340246508341263620e+01,0.000000000000000000e+00,0.000000000000000000e+00
8.183670142979967466e+01,0.000000000000000000e+00,0.000000000000000000e+00
7.866264432506558535e+01,0.000000000000000000e+00,0.000000000000000000e+00
7.748970587937894550e+01,0.000000000000000000e+00,0.000000000000000000e+00
8.233668903051754739e+01,0.000000000000000000e+00,0.000000000000000000e+00
8.073528053558626993e+01,0.000000000000000000e+00,0.000000000000000000e+00
7.776746471422393370e+01,0.000000000000000000e+00,0.000000000000000000e+00
8.009105155328325054e+01,0.000000000000000000e+00,0.000000000000000000e+00
7.652063831269944671e+01,0.000000000000000000e+00,0.000000000000000000e+00
8.049883584184431129e+01,0.000000000000000000e+00,0.000000000000000000e+00
7.636234001826642270e+01,0.000000000000000000e+00,0.000000000000000000e+00
8.363451261061695163e+01,0.000000000000000000e+00,0.000000000000000000e+00
7.964797617684344289e+01,0.000000000000000000e+00,0.000000000000000000e+00
8.075359168791318609e+01,0.000000000000000000e+00,0.000000000000000000e+00
7.826378985793969889e+01,0.000000000000000000e+00,0.000000000000000000e+00
7.782272576171497747e+01,0.000000000000000000e+00,0.000000000000000000e+00
8.345089749860910899e+01,0.000000000000000000e+00,0.000000000000000000e+00
7.846287814627700641e+01,0.000000000000000000e+00,0.000000000000000000e+00
7.728941684998760309e+01,0.000000000000000000e+00,0.000000000000000000e+00
8.170840146679253735e+01,0.000000000000000000e+00,0.000000000000000000e+00
7.982481239759950142e+01,0.000000000000000000e+00,0.000000000000000000e+00
7.721819045602899223e+01,0.000000000000000000e+00,0.000000000000000000e+00
8.241758714127777807e+01,0.000000000000000000e+00,0.000000000000000000e+00
7.922950231397865650e+01,0.000000000000000000e+00,0.000000000000000000e+00
7.591044857098431464e+01,0.000000000000000000e+00,0.000000000000000000e+00
8.084634515864213711e+01,0.000000000000000000e+00,0.000000000000000000e+00
7.790381434577483333e+01,0.000000000000000000e+00,0.000000000000000000e+00
8.051365002392265069e+01,0.000000000000000000e+00,0.000000000000000000e+00
7.422704548789894829e+01,0.000000000000000000e+00,0.000000000000000000e+00
8.136496223708319064e+01,0.000000000000000000e+00,0.000000000000000000e+00
7.881042838334732892e+01,0.000000000000000000e+00,0.000000000000000000e+00
8.276428781092559461e+01,0.000000000000000000e+00,0.000000000000000000e+00
7.979642649004746602e+01,0.000000000000000000e+00,0.000000000000000000e+00
7.764308164572402404e+01,0.000000000000000000e+00,0.000000000000000000e+00
7.846745942644921001e+01,0.000000000000000000e+00,0.000000000000000000e+00
8.039176973648115165e+01,0.000000000000000000e+00,0.000000000000000000e+00
7.705097376554324740e+01,0.000000000000000000e+00,0.000000000000000000e+00
8.094888421486042773e+01,0.000000000000000000e+00,0.000000000000000000e+00
8.188799619492590409e+01,0.000000000000000000e+00,0.000000000000000000e+00
7.650001779737790741e+01,0.000000000000000000e+00,0.000000000000000000e+00
7.901914923705727745e+01,0.000000000000000000e+00,0.000000000000000000e+00
8.297184527909136875e+01,0.000000000000000000e+00,0.000000000000000000e+00
7.994537625413528303e+01,0.000000000000000000e+00,0.000000000000000000e+00
7.990661219082923594e+01,0.000000000000000000e+00,0.000000000000000000e+00
8.133088637948358723e+01,0.000000000000000000e+00,0.000000000000000000e+00
8.151870892389311507e+01,0.000000000000000000e+00,0.000000000000000000e+00
7.980011400007570899e+01,0.000000000000000000e+00,0.000000000000000000e+00
7.929182209107612778e+01,0.000000000000000000e+00,0.000000000000000000e+00
8.171142191520647202e+01,0.000000000000000000e+00,0.000000000000000000e+00
7.885317698453960134e+01,0.000000000000000000e+00,0.000000000000000000e+00
7.882096166528927483e+01,0.000000000000000000e+00,0.000000000000000000e+00
7.601966845953745633e+01,0.000000000000000000e+00,0.000000000000000000e+00
8.526213429722656656e+01,0.000000000000000000e+00,0.000000000000000000e+00
8.023923394904574025e+01,0.000000000000000000e+00,0.000000000000000000e+00
8.205306216730369329e+01,0.000000000000000000e+00,0.000000000000000000e+00
7.567485076470055105e+01,0.000000000000000000e+00,0.000000000000000000e+00
7.964289587332579856e+01,0.000000000000000000e+00,0.000000000000000000e+00
7.807008830999143356e+01,0.000000000000000000e+00,0.000000000000000000e+00
7.901641300096258647e+01,0.000000000000000000e+00,0.000000000000000000e+00
8.492669508579450621e+01,0.000000000000000000e+00,0.000000000000000000e+00
7.892873354875251835e+01,0.000000000000000000e+00,0.000000000000000000e+00
7.912093995823839521e+01,0.000000000000000000e+00,0.000000000000000000e+00
8.027794669570560870e+01,0.000000000000000000e+00,0.000000000000000000e+00
8.078341201544068895e+01,0.000000000000000000e+00,0.000000000000000000e+00
7.772557659172021260e+01,0.000000000000000000e+00,0.000000000000000000e+00
7.862963701703317554e+01,0.000000000000000000e+00,0.000000000000000000e+00
7.914274069190540217e+01,0.000000000000000000e+00,0.000000000000000000e+00
7.826999030096163779e+01,0.000000000000000000e+00,0.000000000000000000e+00
7.577213447908698640e+01,0.000000000000000000e+00,0.000000000000000000e+00
7.159278787476176831e+01,0.000000000000000000e+00,0.000000000000000000e+00
7.873101523411229152e+01,0.000000000000000000e+00,0.000000000000000000e+00
7.931547787104456404e+01,0.000000000000000000e+00,0.000000000000000000e+00
7.841809573876130912e+01,0.000000000000000000e+00,0.000000000000000000e+00
8.253452557856739702e+01,0.000000000000000000e+00,0.000000000000000000e+00
7.801233261291942256e+01,0.000000000000000000e+00,0.000000000000000000e+00
8.012216900689644206e+01,0.000000000000000000e+00,0.000000000000000000e+00
8.086618047848814683e+01,0.000000000000000000e+00,0.000000000000000000e+00
7.944231147216892452e+01,0.000000000000000000e+00,0.000000000000000000e+00
8.138284433328148282e+01,0.000000000000000000e+00,0.000000000000000000e+00
7.890591146335032136e+01,0.000000000000000000e+00,0.000000000000000000e+00
8.036916602146470723e+01,0.000000000000000000e+00,0.000000000000000000e+00
7.823703541995136845e+01,0.000000000000000000e+00,0.000000000000000000e+00
7.944297244658208967e+01,0.000000000000000000e+00,0.000000000000000000e+00
8.364864117570346025e+01,0.000000000000000000e+00,0.000000000000000000e+00
7.882518896594396551e+01,0.000000000000000000e+00,0.000000000000000000e+00
7.881703571384475993e+01,0.000000000000000000e+00,0.000000000000000000e+00
8.059408851794903228e+01,0.000000000000000000e+00,0.000000000000000000e+00
8.007854622345239193e+01,0.000000000000000000e+00,0.000000000000000000e+00
7.503234894908837305e+01,0.000000000000000000e+00,0.000000000000000000e+00
7.657137614044494001e+01,0.000000000000000000e+00,0.000000000000000000e+00
7.711330652469843017e+01,0.000000000000000000e+00,0.000000000000000000e+00
7.683689023255207928e+01,0.000000000000000000e+00,0.000000000000000000e+00
7.893356817093091138e+01,0.000000000000000000e+00,0.000000000000000000e+00
8.001384098281728541e+01,0.000000000000000000e+00,0.000000000000000000e+00
8.020901094957315536e+01,0.000000000000000000e+00,0.000000000000000000e+00
7.518776169075800908e+01,0.000000000000000000e+00,0.000000000000000000e+00
7.827891797285053599e+01,0.000000000000000000e+00,0.000000000000000000e+00
7.499263028706003809e+01,0.000000000000000000e+00,0.000000000000000000e+00
7.942924165927934155e+01,0.000000000000000000e+00,0.000000000000000000e+00
7.910372159655746316e+01,0.000000000000000000e+00,0.000000000000000000e+00
7.610888893549672218e+01,0.000000000000000000e+00,0.000000000000000000e+00
8.069988935801717389e+01,0.000000000000000000e+00,0.000000000000000000e+00
7.800436812748260706e+01,0.000000000000000000e+00,0.000000000000000000e+00
7.611304536020259093e+01,0.000000000000000000e+00,0.000000000000000000e+00
7.984749890410070350e+01,0.000000000000000000e+00,0.000000000000000000e+00
7.929194831480720040e+01,0.000000000000000000e+00,0.000000000000000000e+00
7.797669067542429389e+01,0.000000000000000000e+00,0.000000000000000000e+00
7.764403517316293346e+01,0.000000000000000000e+00,0.000000000000000000e+00
7.707688647035421070e+01,0.000000000000000000e+00,0.000000000000000000e+00
7.646677997453264197e+01,0.000000000000000000e+00,0.000000000000000000e+00
7.867738640519080207e+01,0.000000000000000000e+00,0.000000000000000000e+00
7.828927234147404590e+01,0.000000000000000000e+00,0.000000000000000000e+00
7.689180315848017244e+01,0.000000000000000000e+00,0.000000000000000000e+00
7.551334456806728213e+01,0.000000000000000000e+00,0.000000000000000000e+00
7.870897014784661394e+01,0.000000000000000000e+00,0.000000000000000000e+00
7.947250526654184455e+01,0.000000000000000000e+00,0.000000000000000000e+00
7.918542398823379358e+01,0.000000000000000000e+00,0.000000000000000000e+00
7.434770973491403367e+01,0.000000000000000000e+00,0.000000000000000000e+00
7.356346453365067362e+01,0.000000000000000000e+00,0.000000000000000000e+00
7.791861160056112112e+01,0.000000000000000000e+00,0.000000000000000000e+00
7.808531636792454833e+01,0.000000000000000000e+00,0.000000000000000000e+00
7.918339413883761324e+01,0.000000000000000000e+00,0.000000000000000000e+00
7.607886699931282237e+01,0.000000000000000000e+00,0.000000000000000000e+00
7.547994660203468698e+01,0.000000000000000000e+00,0.000000000000000000e+00
7.804324117283152873e+01,0.000000000000000000e+00,0.000000000000000000e+00
7.558485818423238811e+01,0.000000000000000000e+00,0.000000000000000000e+00
7.639612520511788318e+01,0.000000000000000000e+00,0.000000000000000000e+00
7.599207902237471046e+01,0.000000000000000000e+00,0.000000000000000000e+00
7.955978137962046048e+01,0.000000000000000000e+00,0.000000000000000000e+00
7.964944017739598792e+01,0.000000000000000000e+00,0.000000000000000000e+00
7.633084136633659966e+01,0.000000000000000000e+00,0.000000000000000000e+00
7.665685060128905093e+01,0.000000000000000000e+00,0.000000000000000000e+00
7.254843908803621844e+01,0.000000000000000000e+00,0.000000000000000000e+00
7.883311301504116386e+01,0.000000000000000000e+00,0.000000000000000000e+00
7.897208139447214137e+01,0.000000000000000000e+00,0.000000000000000000e+00
7.789572989196993547e+01,0.000000000000000000e+00,0.000000000000000000e+00
8.166777273460057529e+01,0.000000000000000000e+00,0.000000000000000000e+00
7.254266521927533518e+01,0.000000000000000000e+00,0.000000000000000000e+00
7.524460224818436416e+01,0.000000000000000000e+00,0.000000000000000000e+00
7.746164037931447410e+01,0.000000000000000000e+00,0.000000000000000000e+00
7.752795560049041512e+01,0.000000000000000000e+00,0.000000000000000000e+00
7.802931333764320243e+01,0.000000000000000000e+00,0.000000000000000000e+00
7.633117170634898230e+01,0.000000000000000000e+00,0.000000000000000000e+00
7.763150788780859557e+01,0.000000000000000000e+00,0.000000000000000000e+00
7.455803956522662190e+01,0.000000000000000000e+00,0.000000000000000000e+00
7.598271596191375465e+01,0.000000000000000000e+00,0.000000000000000000e+00
7.625862681317821057e+01,0.000000000000000000e+00,0.000000000000000000e+00
7.809884360367894374e+01,0.000000000000000000e+00,0.000000000000000000e+00
7.906237236140445646e+01,0.000000000000000000e+00,0.000000000000000000e+00
7.802417543810817335e+01,0.000000000000000000e+00,0.000000000000000000e+00
7.378674958545683182e+01,0.000000000000000000e+00,0.000000000000000000e+00
7.712545164481527138e+01,0.000000000000000000e+00,0.000000000000000000e+00
7.555173396117007201e+01,0.000000000000000000e+00,0.000000000000000000e+00
7.762164141557714458e+01,0.000000000000000000e+00,0.000000000000000000e+00
7.324306159323735699e+01,0.000000000000000000e+00,0.000000000000000000e+00
7.692192919227329639e+01,0.000000000000000000e+00,0.000000000000000000e+00
7.998261974503694205e+01,0.000000000000000000e+00,0.000000000000000000e+00
7.667437215514847537e+01,0.000000000000000000e+00,0.000000000000000000e+00
7.503210707420522851e+01,0.000000000000000000e+00,0.000000000000000000e+00
7.543632477638827538e+01,0.000000000000000000e+00,0.000000000000000000e+00
7.492333964616096864e+01,0.000000000000000000e+00,0.000000000000000000e+00
7.420371828523204272e+01,0.000000000000000000e+00,0.000000000000000000e+00
7.505730002137313761e+01,0.000000000000000000e+00,0.000000000000000000e+00
7.519055867543244176e+01,0.000000000000000000e+00,0.000000000000000000e+00
7.601399610177094246e+01,0.000000000000000000e+00,0.000000000000000000e+00
7.816448269058773235e+01,0.000000000000000000e+00,0.000000000000000000e+00
7.457365057390336460e+01,0.000000000000000000e+00,0.000000000000000000e+00
7.559191048135750179e+01,0.000000000000000000e+00,0.000000000000000000e+00
7.388448286643371432e+01,0.000000000000000000e+00,0.000000000000000000e+00
7.431069971431831789e+01,0.000000000000000000e+00,0.000000000000000000e+00
7.980117134978986826e+01,0.000000000000000000e+00,0.000000000000000000e+00
7.572119582011274019e+01,0.000000000000000000e+00,0.000000000000000000e+00
7.421891907304735980e+01,0.000000000000000000e+00,0.000000000000000000e+00
7.618121088821847309e+01,0.000000000000000000e+00,0.000000000000000000e+00
7.561616004821833315e+01,0.000000000000000000e+00,0.000000000000000000e+00
7.483412485840902661e+01,0.000000000000000000e+00,0.000000000000000000e+00
7.074893699440359285e+01,0.000000000000000000e+00,0.000000000000000000e+00
7.612568792642939286e+01,0.000000000000000000e+00,0.000000000000000000e+00
7.629809069271236410e+01,0.000000000000000000e+00,0.000000000000000000e+00
7.371291031439621122e+01,0.000000000000000000e+00,0.000000000000000000e+00
7.720545868372717280e+01,0.000000000000000000e+00,0.000000000000000000e+00
7.610524052813555329e+01,0.000000000000000000e+00,0.000000000000000000e+00
7.389713491455941607e+01,0.000000000000000000e+00,0.000000000000000000e+00
7.444095864506215321e+01,0.000000000000000000e+00,0.000000000000000000e+00
7.347947322890667010e+01,0.000000000000000000e+00,0.000000000000000000e+00
7.475806789565319832e+01,0.000000000000000000e+00,0.000000000000000000e+00
7.516059537391528522e+01,0.000000000000000000e+00,0.000000000000000000e+00
7.012933975717665191e+01,0.000000000000000000e+00,0.000000000000000000e+00
7.007224913108507280e+01,0.000000000000000000e+00,0.000000000000000000e+00
7.513783608583347018e+01,0.000000000000000000e+00,0.000000000000000000e+00
7.409432921306289188e+01,0.000000000000000000e+00,0.000000000000000000e+00
7.362607767150163340e+01,0.000000000000000000e+00,0.000000000000000000e+00
7.450790484883546583e+01,0.000000000000000000e+00,0.000000000000000000e+00
7.440398195139192694e+01,0.000000000000000000e+00,0.000000000000000000e+00
7.573156043606903154e+01,0.000000000000000000e+00,0.000000000000000000e+00
7.334847478217660921e+01,0.000000000000000000e+00,0.000000000000000000e+00
7.085078557548203548e+01,0.000000000000000000e+00,0.000000000000000000e+00
7.125853181730215624e+01,0.000000000000000000e+00,0.000000000000000000e+00
7.321521141203130867e+01,0.000000000000000000e+00,0.000000000000000000e+00
7.619450929936760986e+01,0.000000000000000000e+00,0.000000000000000000e+00
7.015982555929356579e+01,0.000000000000000000e+00,0.000000000000000000e+00
7.292661171203586434e+01,0.000000000000000000e+00,0.000000000000000000e+00
7.482667270823560557e+01,0.000000000000000000e+00,0.000000000000000000e+00
7.255486051571156736e+01,0.000000000000000000e+00,0.000000000000000000e+00
7.465302511055348589e+01,0.000000000000000000e+00,0.000000000000000000e+00
7.312421498233199202e+01,0.000000000000000000e+00,0.000000000000000000e+00
7.241082754665472976e+01,0.000000000000000000e+00,0.000000000000000000e+00
7.140560359339728791e+01,0.000000000000000000e+00,0.000000000000000000e+00
7.706250266258540194e+01,0.000000000000000000e+00,0.000000000000000000e+00
7.371531764599332348e+01,0.000000000000000000e+00,0.000000000000000000e+00
7.175971516619641477e+01,0.000000000000000000e+00,0.000000000000000000e+00
7.247927316724573643e+01,0.000000000000000000e+00,0.000000000000000000e+00
7.183201394248688132e+01,0.000000000000000000e+00,0.000000000000000000e+00
6.848391569625732700e+01,0.000000000000000000e+00,0.000000000000000000e+00
7.382277558254317285e+01,0.000000000000000000e+00,0.000000000000000000e+00
6.908571891002395660e+01,0.000000000000000000e+00,0.000000000000000000e+00
7.256005832086576390e+01,0.000000000000000000e+00,0.000000000000000000e+00
7.275554120647659317e+01,0.000000000000000000e+00,0.000000000000000000e+00
7.383018182654410566e+01,0.000000000000000000e+00,0.000000000000000000e+00
6.993647741778862326e+01,0.000000000000000000e+00,0.000000000000000000e+00
6.931707657552706792e+01,0.000000000000000000e+00,0.000000000000000000e+00
7.144207854409197012e+01,0.000000000000000000e+00,0.000000000000000000e+00
7.177379132151709484e+01,0.000000000000000000e+00,0.000000000000000000e+00
7.539234727613445841e+01,0.000000000000000000e+00,0.000000000000000000e+00
7.164192047599910040e+01,0.000000000000000000e+00,0.000000000000000000e+00
7.298254790629442823e+01,0.000000000000000000e+00,0.000000000000000000e+00
7.653170869546349309e+01,0.000000000000000000e+00,0.000000000000000000e+00
7.070556744234541213e+01,0.000000000000000000e+00,0.000000000000000000e+00
7.304594473070514482e+01,0.000000000000000000e+00,0.000000000000000000e+00
7.356640154281514299e+01,0.000000000000000000e+00,0.000000000000000000e+00
7.102664204900442257e+01,0.000000000000000000e+00,0.000000000000000000e+00
7.457260688998566422e+01,0.000000000000000000e+00,0.000000000000000000e+00
7.326614725504141745e+01,0.000000000000000000e+00,0.000000000000000000e+00
7.537357537224485782e+01,0.000000000000000000e+00,0.000000000000000000e+00
7.419552464545580506e+01,0.000000000000000000e+00,0.000000000000000000e+00
7.050514790824557565e+01,0.000000000000000000e+00,0.000000000000000000e+00
7.269086625156464265e+01,0.000000000000000000e+00,0.000000000000000000e+00
7.353938890009737861e+01,0.000000000000000000e+00,0.000000000000000000e+00
7.301887268114813878e+01,0.000000000000000000e+00,0.000000000000000000e+00
6.809376080425624878e+01,0.000000000000000000e+00,0.000000000000000000e+00
7.184998351310235876e+01,0.000000000000000000e+00,0.000000000000000000e+00
6.920761131685844703e+01,0.000000000000000000e+00,0.000000000000000000e+00
7.078882139489697067e+01,0.000000000000000000e+00,0.000000000000000000e+00
7.127878765221078083e+01,0.000000000000000000e+00,0.000000000000000000e+00
7.021146184774991639e+01,0.000000000000000000e+00,0.000000000000000000e+00
7.041074556569174092e+01,0.000000000000000000e+00,0.000000000000000000e+00
7.100978638052831116e+01,0.000000000000000000e+00,0.000000000000000000e+00
6.901519074548211563e+01,0.000000000000000000e+00,0.000000000000000000e+00
7.140827271692693046e+01,0.000000000000000000e+00,0.000000000000000000e+00
7.360701416475143333e+01,0.000000000000000000e+00,0.000000000000000000e+00
7.591471523996243320e+01,0.000000000000000000e+00,0.000000000000000000e+00
7.579866125996005621e+01,0.000000000000000000e+00,0.000000000000000000e+00
7.274912101357917038e+01,0.000000000000000000e+00,0.000000000000000000e+00
7.426547814542408332e+01,0.000000000000000000e+00,0.000000000000000000e+00
7.105134042585791576e+01,0.000000000000000000e+00,0.000000000000000000e+00
7.287358918752769910e+01,0.000000000000000000e+00,0.000000000000000000e+00
7.010008614819491868e+01,0.000000000000000000e+00,0.000000000000000000e+00
7.273436385766302692e+01,0.000000000000000000e+00,0.000000000000000000e+00
6.534953528684440016e+01,0.000000000000000000e+00,0.000000000000000000e+00
7.177170028934045831e+01,0.000000000000000000e+00,0.000000000000000000e+00
7.277444965556500733e+01,0.000000000000000000e+00,0.000000000000000000e+00
7.093374215948045958e+01,0.000000000000000000e+00,0.000000000000000000e+00
7.051829636106788257e+01,0.000000000000000000e+00,0.000000000000000000e+00
7.096423906042211627e+01,0.000000000000000000e+00,0.000000000000000000e+00
6.907867864751459308e+01,0.000000000000000000e+00,0.000000000000000000e+00
7.025410785591594731e+01,0.000000000000000000e+00,0.000000000000000000e+00
6.990497194231004130e+01,0.000000000000000000e+00,0.000000000000000000e+00
7.232016984201831633e+01,0.000000000000000000e+00,0.000000000000000000e+00
7.145624581088866023e+01,0.000000000000000000e+00,0.000000000000000000e+00
7.032871475892525837e+01,0.000000000000000000e+00,0.000000000000000000e+00
7.081421720607625048e+01,0.000000000000000000e+00,0.000000000000000000e+00
7.340770667141950412e+01,0.000000000000000000e+00,0.000000000000000000e+00
6.702396354062260286e+01,0.000000000000000000e+00,0.000000000000000000e+00
6.916480477910461389e+01,0.000000000000000000e+00,0.000000000000000000e+00
7.180940515079127806e+01,0.000000000000000000e+00,0.000000000000000000e+00
6.830962287135641020e+01,0.000000000000000000e+00,0.000000000000000000e+00
6.814396970701945122e+01,0.000000000000000000e+00,0.000000000000000000e+00
7.170525684057859905e+01,0.000000000000000000e+00,0.000000000000000000e+00
6.493375847681727464e+01,0.000000000000000000e+00,0.000000000000000000e+00
6.722917317035485496e+01,0.000000000000000000e+00,0.000000000000000000e+00
7.045267569343627656e+01,0.000000000000000000e+00,0.000000000000000000e+00
6.918202863453134910e+01,0.000000000000000000e+00,0.000000000000000000e+00
6.990357800116071019e+01,0.000000000000000000e+00,0.000000000000000000e+00
7.030257430751754555e+01,0.000000000000000000e+00,0.000000000000000000e+00
7.072920251784691459e+01,0.000000000000000000e+00,0.000000000000000000e+00
6.766899766120222637e+01,0.000000000000000000e+00,0.000000000000000000e+00
7.109594906261941105e+01,0.000000000000000000e+00,0.000000000000000000e+00
6.679600627104071009e+01,0.000000000000000000e+00,0.000000000000000000e+00
6.671170832080083812e+01,0.000000000000000000e+00,0.000000000000000000e+00
7.034113949944978117e+01,0.000000000000000000e+00,0.000000000000000000e+00
6.692155401405545945e+01,0.000000000000000000e+00,0.000000000000000000e+00
6.777071125726993728e+01,0.000000000000000000e+00,0.000000000000000000e+00
6.974832042910466612e+01,0.000000000000000000e+00,0.000000000000000000e+00
6.682668944902195562e+01,0.000000000000000000e+00,0.000000000000000000e+00
6.414422071269798664e+01,0.000000000000000000e+00,0.000000000000000000e+00
6.691438478015449220e+01,0.000000000000000000e+00,0.000000000000000000e+00
6.748954411696885813e+01,0.000000000000000000e+00,0.000000000000000000e+00
6.692671662690680989e+01,0.000000000000000000e+00,0.000000000000000000e+00
6.883474942072102465e+01,0.000000000000000000e+00,0.000000000000000000e+00
7.176788822529128709e+01,0.000000000000000000e+00,0.000000000000000000e+00
6.815214186851854095e+01,0.000000000000000000e+00,0.000000000000000000e+00
6.585144955594473970e+01,0.000000000000000000e+00,0.000000000000000000e+00
6.860039652801512489e+01,0.000000000000000000e+00,0.000000000000000000e+00
7.104671928950426718e+01,0.000000000000000000e+00,0.000000000000000000e+00
7.033688565950178884e+01,0.000000000000000000e+00,0.000000000000000000e+00
6.739211915057936153e+01,0.000000000000000000e+00,0.000000000000000000e+00
6.839983184853791442e+01,0.000000000000000000e+00,0.000000000000000000e+00
6.660899168469509846e+01,0.000000000000000000e+00,0.000000000000000000e+00
6.880274547117562634e+01,0.000000000000000000e+00,0.000000000000000000e+00
6.882836370765224387e+01,0.000000000000000000e+00,0.000000000000000000e+00
6.590736662498605369e+01,0.000000000000000000e+00,0.000000000000000000e+00
6.706095389995448386e+01,0.000000000000000000e+00,0.000000000000000000e+00
6.631543077132837993e+01,0.000000000000000000e+00,0.000000000000000000e+00
6.679049225962646119e+01,0.000000000000000000e+00,0.000000000000000000e+00
6.788101550779695970e+01,0.000000000000000000e+00,0.000000000000000000e+00
6.784200573096558173e+01,0.000000000000000000e+00,0.000000000000000000e+00
6.662694330233262008e+01,0.000000000000000000e+00,0.000000000000000000e+00
7.166913094691913955e+01,0.000000000000000000e+00,0.000000000000000000e+00
6.906449257430244870e+01,0.000000000000000000e+00,0.000000000000000000e+00
6.692305893719804999e+01,0.000000000000000000e+00,0.000000000000000000e+00
6.527903297654086145e+01,0.000000000000000000e+00,0.000000000000000000e+00
6.836644012583462882e+01,0.000000000000000000e+00,0.000000000000000000e+00
6.751392151163125277e+01,0.000000000000000000e+00,0.000000000000000000e+00
6.817987084950924270e+01,0.000000000000000000e+00,0.000000000000000000e+00
6.343743881758526726e+01,0.000000000000000000e+00,0.000000000000000000e+00
6.905272402486832561e+01,0.000000000000000000e+00,0.000000000000000000e+00
6.429862021562533414e+01,0.000000000000000000e+00,0.000000000000000000e+00
6.586440435139020622e+01,0.000000000000000000e+00,0.000000000000000000e+00
6.636907026714878555e+01,0.000000000000000000e+00,0.000000000000000000e+00
6.418841436144363399e+01,0.000000000000000000e+00,0.000000000000000000e+00
6.598534949718994369e+01,0.000000000000000000e+00,0.000000000000000000e+00
6.274442610028767575e+01,0.000000000000000000e+00,0.000000000000000000e+00
6.820604529871847888e+01,0.000000000000000000e+00,0.000000000000000000e+00
6.648431080007895844e+01,0.000000000000000000e+00,0.000000000000000000e+00
6.559736104887248587e+01,0.000000000000000000e+00,0.000000000000000000e+00
6.794794788532836094e+01,0.000000000000000000e+00,0.000000000000000000e+00
6.420409816446608886e+01,0.000000000000000000e+00,0.000000000000000000e+00
6.347873352941322622e+01,0.000000000000000000e+00,0.000000000000000000e+00
6.250212897612225049e+01,0.000000000000000000e+00,0.000000000000000000e+00
6.083585374778871113e+01,0.000000000000000000e+00,0.000000000000000000e+00
6.195335062132623705e+01,0.000000000000000000e+00,0.000000000000000000e+00
6.784659154224264910e+01,0.000000000000000000e+00,0.000000000000000000e+00
6.729575839230675172e+01,0.000000000000000000e+00,0.000000000000000000e+00
6.696267373423633273e+01,0.000000000000000000e+00,0.000000000000000000e+00
6.440290102260279070e+01,0.000000000000000000e+00,0.000000000000000000e+00
6.513740178997875319e+01,0.000000000000000000e+00,0.000000000000000000e+00
6.956438613645798341e+01,0.000000000000000000e+00,0.000000000000000000e+00
6.815890496229719986e+01,0.000000000000000000e+00,0.000000000000000000e+00
6.455424959824262032e+01,0.000000000000000000e+00,0.000000000000000000e+00
6.843943716259602184e+01,0.000000000000000000e+00,0.000000000000000000e+00
6.820513595952562014e+01,0.000000000000000000e+00,0.000000000000000000e+00
6.578783021281481069e+01,0.000000000000000000e+00,0.000000000000000000e+00
6.650318092896291944e+01,0.000000000000000000e+00,0.000000000000000000e+00
6.303844950870072239e+01,0.000000000000000000e+00,0.000000000000000000e+00
6.398484490922738388e+01,0.000000000000000000e+00,0.000000000000000000e+00
6.242974014002083294e+01,0.000000000000000000e+00,0.000000000000000000e+00
6.533969532630857202e+01,0.000000000000000000e+00,0.000000000000000000e+00
6.388952568773778040e+01,0.000000000000000000e+00,0.000000000000000000e+00
6.304878075963792838e+01,0.000000000000000000e+00,0.000000000000000000e+00
6.438107013743397999e+01,0.000000000000000000e+00,0.000000000000000000e+00
6.713671582417903494e+01,0.000000000000000000e+00,0.000000000000000000e+00
6.293797429896797979e+01,0.000000000000000000e+00,0.000000000000000000e+00
5.993912215613589467e+01,0.000000000000000000e+00,0.000000000000000000e+00
6.239714959640581071e+01,0.000000000000000000e+00,0.000000000000000000e+00
6.490780030994618244e+01,0.000000000000000000e+00,0.000000000000000000e+00
6.148302245235137775e+01,0.000000000000000000e+00,0.000000000000000000e+00
6.382851640359671563e+01,0.000000000000000000e+00,0.000000000000000000e+00
5.993957227840844126e+01,0.000000000000000000e+00,0.000000000000000000e+00
6.312080783799716954e+01,0.000000000000000000e+00,0.000000000000000000e+00
6.265022741080105817e+01,0.000000000000000000e+00,0.000000000000000000e+00
6.235936757689648857e+01,0.000000000000000000e+00,0.000000000000000000e+00
6.411771455736625569e+01,0.000000000000000000e+00,0.000000000000000000e+00
6.121696401884229743e+01,0.000000000000000000e+00,0.000000000000000000e+00
6.496012518465708752e+01,0.000000000000000000e+00,0.000000000000000000e+00
6.321134874797920844e+01,0.000000000000000000e+00,0.000000000000000000e+00
6.352672729890014836e+01,0.000000000000000000e+00,0.000000000000000000e+00
6.491152669081050419e+01,0.000000000000000000e+00,0.000000000000000000e+00
6.170191860875767986e+01,0.000000000000000000e+00,0.000000000000000000e+00
6.320739942123298505e+01,0.000000000000000000e+00,0.000000000000000000e+00
6.435761160997329000e+01,0.000000000000000000e+00,0.000000000000000000e+00
6.284945114146226075e+01,0.000000000000000000e+00,0.000000000000000000e+00
6.057000927546757651e+01,0.000000000000000000e+00,0.000000000000000000e+00
6.131682185017412934e+01,0.000000000000000000e+00,0.000000000000000000e+00
6.017661869257196372e+01,0.000000000000000000e+00,0.000000000000000000e+00
6.183443699554040762e+01,0.000000000000000000e+00,0.000000000000000000e+00
6.401565818784968087e+01,0.000000000000000000e+00,0.000000000000000000e+00
6.399689630708085986e+01,0.000000000000000000e+00,0.000000000000000000e+00
6.496513391132913284e+01,0.000000000000000000e+00,0.000000000000000000e+00
6.355978153625712679e+01,0.000000000000000000e+00,0.000000000000000000e+00
6.103532903098857076e+01,0.000000000000000000e+00,0.000000000000000000e+00
6.525721534257242240e+01,0.000000000000000000e+00,0.000000000000000000e+00
6.317563766280695603e+01,0.000000000000000000e+00,0.000000000000000000e+00
6.305962351473419147e+01,0.000000000000000000e+00,0.000000000000000000e+00
5.921784198471161176e+01,0.000000000000000000e+00,0.000000000000000000e+00
6.239292283454699373e+01,0.000000000000000000e+00,0.000000000000000000e+00
6.045870747083299790e+01,0.000000000000000000e+00,0.000000000000000000e+00
6.121259047260853947e+01,0.000000000000000000e+00,0.000000000000000000e+00
5.718312986215399008e+01,0.000000000000000000e+00,0.000000000000000000e+00
6.137645812718884031e+01,0.000000000000000000e+00,0.000000000000000000e+00
6.093784382932938115e+01,0.000000000000000000e+00,0.000000000000000000e+00
5.977861944014233586e+01,0.000000000000000000e+00,0.000000000000000000e+00
6.108288289624279344e+01,0.000000000000000000e+00,0.000000000000000000e+00
6.486758682728735437e+01,0.000000000000000000e+00,0.000000000000000000e+00
6.303227989533053233e+01,0.000000000000000000e+00,0.000000000000000000e+00
5.978834793520343283e+01,0.000000000000000000e+00,0.000000000000000000e+00
5.759482432624614034e+01,0.000000000000000000e+00,0.000000000000000000e+00
6.264229158734145386e+01,0.000000000000000000e+00,0.000000000000000000e+00
6.649061185467945734e+01,0.000000000000000000e+00,0.000000000000000000e+00
6.145341079714346222e+01,0.000000000000000000e+00,0.000000000000000000e+00
6.320625948966772256e+01,0.000000000000000000e+00,0.000000000000000000e+00
6.200462680555761352e+01,0.000000000000000000e+00,0.000000000000000000e+00
6.258382904514781586e+01,0.000000000000000000e+00,0.000000000000000000e+00
6.199353182187649480e+01,0.000000000000000000e+00,0.000000000000000000e+00
5.654106956536184470e+01,0.000000000000000000e+00,0.000000000000000000e+00
5.788774421587100960e+01,0.000000000000000000e+00,0.000000000000000000e+00
6.094271701946129838e+01,0.000000000000000000e+00,0.000000000000000000e+00
5.998533381748848825e+01,0.000000000000000000e+00,0.000000000000000000e+00
5.595072139920946341e+01,0.000000000000000000e+00,0.000000000000000000e+00
5.785828820549598817e+01,0.000000000000000000e+00,0.000000000000000000e+00
5.698381553900757979e+01,0.000000000000000000e+00,0.000000000000000000e+00
6.349096327541819562e+01,0.000000000000000000e+00,0.000000000000000000e+00
5.938976338903258068e+01,0.000000000000000000e+00,0.000000000000000000e+00
5.706595620084653575e+01,0.000000000000000000e+00,0.000000000000000000e+00
5.893860624332378961e+01,0.000000000000000000e+00,0.000000000000000000e+00
6.191343424594246159e+01,0.000000000000000000e+00,0.000000000000000000e+00
5.976586911198636898e+01,0.000000000000000000e+00,0.000000000000000000e+00
5.982485354402421507e+01,0.000000000000000000e+00,0.000000000000000000e+00
6.140296052102949886e+01,0.000000000000000000e+00,0.000000000000000000e+00
5.995133180939492235e+01,0.000000000000000000e+00,0.000000000000000000e+00
6.216778102545821127e+01,0.000000000000000000e+00,0.000000000000000000e+00
6.044378742332903443e+01,0.000000000000000000e+00,0.000000000000000000e+00
5.997697178396206397e+01,0.000000000000000000e+00,0.000000000000000000e+00
5.979801561168666524e+01,0.000000000000000000e+00,0.000000000000000000e+00
5.632995660403113902e+01,0.000000000000000000e+00,0.000000000000000000e+00
5.724403761056435513e+01,0.000000000000000000e+00,0.000000000000000000e+00
5.766936104678318742e+01,0.000000000000000000e+00,0.000000000000000000e+00
5.953147288284588967e+01,0.000000000000000000e+00,0.000000000000000000e+00
5.659252427905693139e+01,0.000000000000000000e+00,0.000000000000000000e+00
5.542482392689380788e+01,0.000000000000000000e+00,0.000000000000000000e+00
6.107180443117420765e+01,0.000000000000000000e+00,0.000000000000000000e+00
6.162183749906892416e+01,0.000000000000000000e+00,0.000000000000000000e+00
5.803040950972911105e+01,0.000000000000000000e+00,0.000000000000000000e+00
6.041767922559019866e+01,0.000000000000000000e+00,0.000000000000000000e+00
6.112535462201636705e+01,0.000000000000000000e+00,0.000000000000000000e+00
5.647237203158761787e+01,0.000000000000000000e+00,0.000000000000000000e+00
5.972004810918974016e+01,0.000000000000000000e+00,0.000000000000000000e+00
5.537614855482502918e+01,0.000000000000000000e+00,0.000000000000000000e+00
5.519300078486780592e+01,0.000000000000000000e+00,0.000000000000000000e+00
5.551503518506828527e+01,0.000000000000000000e+00,0.000000000000000000e+00
5.607892446709279710e+01,0.000000000000000000e+00,0.000000000000000000e+00
5.595358066723105139e+01,0.000000000000000000e+00,0.000000000000000000e+00
5.627291446191887303e+01,0.000000000000000000e+00,0.000000000000000000e+00
5.951332215135489179e+01,0.000000000000000000e+00,0.000000000000000000e+00
5.643448046423998932e+01,0.000000000000000000e+00,0.000000000000000000e+00
5.533194136392788209e+01,0.000000000000000000e+00,0.000000000000000000e+00
5.778138583559220365e+01,0.000000000000000000e+00,0.000000000000000000e+00
5.847872242297014367e+01,0.000000000000000000e+00,0.000000000000000000e+00
5.443032687714971019e+01,0.000000000000000000e+00,0.000000000000000000e+00
5.559950785494341829e+01,0.000000000000000000e+00,0.000000000000000000e+00
5.884158016760338228e+01,0.000000000000000000e+00,0.000000000000000000e+00
5.496356509142866997e+01,0.000000000000000000e+00,0.000000000000000000e+00
5.639245321119791754e+01,0.000000000000000000e+00,0.000000000000000000e+00
5.851538570880056511e+01,0.000000000000000000e+00,0.000000000000000000e+00
5.544344274128334149e+01,0.000000000000000000e+00,0.000000000000000000e+00
5.671081750127597587e+01,0.000000000000000000e+00,0.000000000000000000e+00
5.580960345712699677e+01,0.000000000000000000e+00,0.000000000000000000e+00
5.436938834709258828e+01,0.000000000000000000e+00,0.000000000000000000e+00
5.652514952041786245e+01,0.000000000000000000e+00,0.000000000000000000e+00
5.391687185710857477e+01,0.000000000000000000e+00,0.000000000000000000e+00
5.650977204318392211e+01,0.000000000000000000e+00,0.000000000000000000e+00
5.468835504115443769e+01,0.000000000000000000e+00,0.000000000000000000e+00
5.419038247889564985e+01,0.000000000000000000e+00,0.000000000000000000e+00
5.103360133471744575e+01,0.000000000000000000e+00,0.000000000000000000e+00
5.499830491876520711e+01,0.000000000000000000e+00,0.000000000000000000e+00
5.431689658338479632e+01,0.000000000000000000e+00,0.000000000000000000e+00
5.601453464821473460e+01,0.000000000000000000e+00,0.000000000000000000e+00
5.613059192941045694e+01,0.000000000000000000e+00,0.000000000000000000e+00
5.389462127525422375e+01,0.000000000000000000e+00,0.000000000000000000e+00
5.368370648681120372e+01,0.000000000000000000e+00,0.000000000000000000e+00
5.002718588215017803e+01,0.000000000000000000e+00,0.000000000000000000e+00
5.457303474450705494e+01,0.000000000000000000e+00,0.000000000000000000e+00
5.568472818173592742e+01,0.000000000000000000e+00,0.000000000000000000e+00
5.610167289282287584e+01,0.000000000000000000e+00,0.000000000000000000e+00
5.458123738116375989e+01,0.000000000000000000e+00,0.000000000000000000e+00
5.578196863359362112e+01,0.000000000000000000e+00,0.000000000000000000e+00
5.347800152435249288e+01,0.000000000000000000e+00,0.000000000000000000e+00
5.293804414788350954e+01,0.000000000000000000e+00,0.000000000000000000e+00
5.061080502596288966e+01,0.000000000000000000e+00,0.000000000000000000e+00
5.462524997639247459e+01,0.000000000000000000e+00,0.000000000000000000e+00
5.474935617817477151e+01,0.000000000000000000e+00,0.000000000000000000e+00
5.495156941616777146e+01,0.000000000000000000e+00,0.000000000000000000e+00
5.167675084423299836e+01,0.000000000000000000e+00,0.000000000000000000e+00
5.271479756707449837e+01,0.000000000000000000e+00,0.000000000000000000e+00
5.372458399630638581e+01,0.000000000000000000e+00,0.000000000000000000e+00
5.178006211992445884e+01,0.000000000000000000e+00,0.000000000000000000e+00
5.368102830953096571e+01,0.000000000000000000e+00,0.000000000000000000e+00
5.405398892965894220e+01,0.000000000000000000e+00,0.000000000000000000e+00
5.459561508167850974e+01,0.000000000000000000e+00,0.000000000000000000e+00
5.534891774369738471e+01,0.000000000000000000e+00,0.000000000000000000e+00
5.427964205816792287e+01,0.000000000000000000e+00,0.000000000000000000e+00
5.478256703939574379e+01,0.000000000000000000e+00,0.000000000000000000e+00
5.352991155079316599e+01,0.000000000000000000e+00,0.000000000000000000e+00
5.425055566860765310e+01,0.000000000000000000e+00,0.000000000000000000e+00
5.075207313703572254e+01,0.000000000000000000e+00,0.000000000000000000e+00
5.201013305685992094e+01,0.000000000000000000e+00,0.000000000000000000e+00
5.204618022503225205e+01,0.000000000000000000e+00,0.000000000000000000e+00
5.012189710124871311e+01,0.000000000000000000e+00,0.000000000000000000e+00
5.120403239518206817e+01,0.000000000000000000e+00,0.000000000000000000e+00
5.269914064583192470e+01,0.000000000000000000e+00,0.000000000000000000e+00
5.644874946744732824e+01,0.000000000000000000e+00,0.000000000000000000e+00
5.273843888988805162e+01,0.000000000000000000e+00,0.000000000000000000e+00
4.861501619960210263e+01,0.000000000000000000e+00,0.000000000000000000e+00
5.223084887878412985e+01,0.000000000000000000e+00,0.000000000000000000e+00
5.241659968935728386e+01,0.000000000000000000e+00,0.000000000000000000e+00
4.729708616048744574e+01,0.000000000000000000e+00,0.000000000000000000e+00
4.970383654792289718e+01,0.000000000000000000e+00,0.000000000000000000e+00
5.305850413173573799e+01,0.000000000000000000e+00,0.000000000000000000e+00
5.034481547382120681e+01,0.000000000000000000e+00,0.000000000000000000e+00
5.312286361178318828e+01,0.000000000000000000e+00,0.000000000000000000e+00
5.162555733766107124e+01,0.000000000000000000e+00,0.000000000000000000e+00
4.919577446606296434e+01,0.000000000000000000e+00,0.000000000000000000e+00
5.210402742598635939e+01,0.000000000000000000e+00,0.000000000000000000e+00
5.306162263245737876e+01,0.000000000000000000e+00,0.000000000000000000e+00
5.372958246665063342e+01,0.000000000000000000e+00,0.000000000000000000e+00
5.020628166547263049e+01,0.000000000000000000e+00,0.000000000000000000e+00
4.966875000691219810e+01,0.000000000000000000e+00,0.000000000000000000e+00
5.139522165295874601e+01,0.000000000000000000e+00,0.000000000000000000e+00
4.930855747245495024e+01,0.000000000000000000e+00,0.000000000000000000e+00
5.033996938140249711e+01,0.000000000000000000e+00,0.000000000000000000e+00
4.997157377793158872e+01,0.000000000000000000e+00,0.000000000000000000e+00
4.888322746769652838e+01,0.000000000000000000e+00,0.000000000000000000e+00
5.010625342087676160e+01,0.000000000000000000e+00,0.000000000000000000e+00
5.122918414425735989e+01,0.000000000000000000e+00,0.000000000000000000e+00
4.905359330854845012e+01,0.000000000000000000e+00,0.000000000000000000e+00
4.922866225151372532e+01,0.000000000000000000e+00,0.000000000000000000e+00
5.272842979948104158e+01,0.000000000000000000e+00,0.000000000000000000e+00
4.615529915732591348e+01,0.000000000000000000e+00,0.000000000000000000e+00
5.199178422223358353e+01,0.000000000000000000e+00,0.000000000000000000e+00
4.895122010467919438e+01,0.000000000000000000e+00,0.000000000000000000e+00
5.044119688203813467e+01,0.000000000000000000e+00,0.000000000000000000e+00
4.840673264412826882e+01,0.000000000000000000e+00,0.000000000000000000e+00
5.222756746509055858e+01,0.000000000000000000e+00,0.000000000000000000e+00
4.872909325495670174e+01,0.000000000000000000e+00,0.000000000000000000e+00
5.232260459571428868e+01,0.000000000000000000e+00,0.000000000000000000e+00
5.355835877744152640e+01,0.000000000000000000e+00,0.000000000000000000e+00
4.865755383130281331e+01,0.000000000000000000e+00,0.000000000000000000e+00
5.096162443699442690e+01,0.000000000000000000e+00,0.000000000000000000e+00
4.968526281153768309e+01,0.000000000000000000e+00,0.000000000000000000e+00
5.022993470705360863e+01,0.000000000000000000e+00,0.000000000000000000e+00
4.835997305654977652e+01,0.000000000000000000e+00,0.000000000000000000e+00
4.937568897210039864e+01,0.000000000000000000e+00,0.000000000000000000e+00
5.223949326681006511e+01,0.000000000000000000e+00,0.000000000000000000e+00
4.846369983102582069e+01,0.000000000000000000e+00,0.000000000000000000e+00
4.878643904084589877e+01,0.000000000000000000e+00,0.000000000000000000e+00
4.664431090000417868e+01,0.000000000000000000e+00,0.000000000000000000e+00
4.957928167143585796e+01,0.000000000000000000e+00,0.000000000000000000e+00
5.125952893469305138e+01,0.000000000000000000e+00,0.000000000000000000e+00
5.016702465624301510e+01,0.000000000000000000e+00,0.000000000000000000e+00
4.462797063961262012e+01,0.000000000000000000e+00,0.000000000000000000e+00
4.754778472689027069e+01,0.000000000000000000e+00,0.000000000000000000e+00
4.928359874538375607e+01,0.000000000000000000e+00,0.000000000000000000e+00
4.868606801781886162e+01,0.000000000000000000e+00,0.000000000000000000e+00
4.967621104670121923e+01,0.000000000000000000e+00,0.000000000000000000e+00
5.009368741729961982e+01,0.000000000000000000e+00,0.000000000000000000e+00
4.567826779891262134e+01,0.000000000000000000e+00,0.000000000000000000e+00
4.534887800316702311e+01,0.000000000000000000e+00,0.000000000000000000e+00
4.656320225641741217e+01,0.000000000000000000e+00,0.000000000000000000e+00
4.690911004395490380e+01,0.000000000000000000e+00,0.000000000000000000e+00
4.479533225760884108e+01,0.000000000000000000e+00,0.000000000000000000e+00
4.605376760755692800e+01,0.000000000000000000e+00,0.000000000000000000e+00
4.823069490984076424e+01,0.000000000000000000e+00,0.000000000000000000e+00
4.589073737383245799e+01,0.000000000000000000e+00,0.000000000000000000e+00
4.880418827470651166e+01,0.000000000000000000e+00,0.000000000000000000e+00
4.616208720393668585e+01,0.000000000000000000e+00,0.000000000000000000e+00
4.803140956896162095e+01,0.000000000000000000e+00,0.000000000000000000e+00
4.617616606042213334e+01,0.000000000000000000e+00,0.000000000000000000e+00
5.009083243953438114e+01,0.000000000000000000e+00,0.000000000000000000e+00
4.620927818474306292e+01,0.000000000000000000e+00,0.000000000000000000e+00
4.965871407455396991e+01,0.000000000000000000e+00,0.000000000000000000e+00
4.660809007637071488e+01,0.000000000000000000e+00,0.000000000000000000e+00
4.765385831725591004e+01,0.000000000000000000e+00,0.000000000000000000e+00
4.876791139014607523e+01,0.000000000000000000e+00,0.000000000000000000e+00
4.816946610497348047e+01,0.000000000000000000e+00,0.000000000000000000e+00
4.866193707654438327e+01,0.000000000000000000e+00,0.000000000000000000e+00
4.182210696557001484e+01,0.000000000000000000e+00,0.000000000000000000e+00
4.537768474255679507e+01,0.000000000000000000e+00,0.000000000000000000e+00
4.557367922838569285e+01,0.000000000000000000e+00,0.000000000000000000e+00
4.779859458577868736e+01,0.000000000000000000e+00,0.000000000000000000e+00
4.475014703112595527e+01,0.000000000000000000e+00,0.000000000000000000e+00
4.451809568883822976e+01,0.000000000000000000e+00,0.000000000000000000e+00
4.750238967241912036e+01,0.000000000000000000e+00,0.000000000000000000e+00
4.603065858238783647e+01,0.000000000000000000e+00,0.000000000000000000e+00
4.540867245826339627e+01,0.000000000000000000e+00,0.000000000000000000e+00
4.465219772935558495e+01,0.000000000000000000e+00,0.000000000000000000e+00
4.511036680787130138e+01,0.000000000000000000e+00,0.000000000000000000e+00
4.366472214223623638e+01,0.000000000000000000e+00,0.000000000000000000e+00
4.699555871178533550e+01,0.000000000000000000e+00,0.000000000000000000e+00
4.469302433140625652e+01,0.000000000000000000e+00,0.000000000000000000e+00
4.668000910645497470e+01,0.000000000000000000e+00,0.000000000000000000e+00
4.600886408266215710e+01,0.000000000000000000e+00,0.000000000000000000e+00
4.402953231752873364e+01,0.000000000000000000e+00,0.000000000000000000e+00
4.689810686099953330e+01,0.000000000000000000e+00,0.000000000000000000e+00
4.917804121755188618e+01,0.000000000000000000e+00,0.000000000000000000e+00
4.260127105554144578e+01,0.000000000000000000e+00,0.000000000000000000e+00
4.985222499588387279e+01,0.000000000000000000e+00,0.000000000000000000e+00
4.249184404524409331e+01,0.000000000000000000e+00,0.000000000000000000e+00
4.569737101596709294e+01,0.000000000000000000e+00,0.000000000000000000e+00
4.500252720999505129e+01,0.000000000000000000e+00,0.000000000000000000e+00
4.520908151363824601e+01,0.000000000000000000e+00,0.000000000000000000e+00
4.696325634578718677e+01,0.000000000000000000e+00,0.000000000000000000e+00
4.096411885648181794e+01,0.000000000000000000e+00,0.000000000000000000e+00
4.574288291716511878e+01,0.000000000000000000e+00,0.000000000000000000e+00
4.103609830937281089e+01,0.000000000000000000e+00,0.000000000000000000e+00
4.476248600472827377e+01,0.000000000000000000e+00,0.000000000000000000e+00
4.575251628476195265e+01,0.000000000000000000e+00,0.000000000000000000e+00
4.399710556541500495e+01,0.000000000000000000e+00,0.000000000000000000e+00
4.187814252794010628e+01,0.000000000000000000e+00,0.000000000000000000e+00
4.377041508025009620e+01,0.000000000000000000e+00,0.000000000000000000e+00
4.109349460784812180e+01,0.000000000000000000e+00,0.000000000000000000e+00
3.994709990826805779e+01,0.000000000000000000e+00,0.000000000000000000e+00
4.215680464463581956e+01,0.000000000000000000e+00,0.000000000000000000e+00
4.719411287197861782e+01,0.000000000000000000e+00,0.000000000000000000e+00
4.338366325327210404e+01,0.000000000000000000e+00,0.000000000000000000e+00
4.498359531464177508e+01,0.000000000000000000e+00,0.000000000000000000e+00
4.559221326209039660e+01,0.000000000000000000e+00,0.000000000000000000e+00
4.422011195643709414e+01,0.000000000000000000e+00,0.000000000000000000e+00
4.487056638688000021e+01,0.000000000000000000e+00,0.000000000000000000e+00
4.220634525836398154e+01,0.000000000000000000e+00,0.000000000000000000e+00
4.156822008998818063e+01,0.000000000000000000e+00,0.000000000000000000e+00
4.153612105620679529e+01,0.000000000000000000e+00,0.000000000000000000e+00
4.045870466583625102e+01,0.000000000000000000e+00,0.000000000000000000e+00
4.169651910063413425e+01,0.000000000000000000e+00,0.000000000000000000e+00
4.149785128423832958e+01,0.000000000000000000e+00,0.000000000000000000e+00
4.265363762448784257e+01,0.000000000000000000e+00,0.000000000000000000e+00
4.489688591461719369e+01,0.000000000000000000e+00,0.000000000000000000e+00
4.213014536373960794e+01,0.000000000000000000e+00,0.000000000000000000e+00
4.218654395781626931e+01,0.000000000000000000e+00,0.000000000000000000e+00
4.510989173931729823e+01,0.000000000000000000e+00,0.000000000000000000e+00
4.355220100158680197e+01,0.000000000000000000e+00,0.000000000000000000e+00
4.363329228513651259e+01,0.000000000000000000e+00,0.000000000000000000e+00
3.984701621260801119e+01,0.000000000000000000e+00,0.000000000000000000e+00
4.218535991797293150e+01,0.000000000000000000e+00,0.000000000000000000e+00
4.487911401767568975e+01,0.000000000000000000e+00,0.000000000000000000e+00
4.520600012414364954e+01,0.000000000000000000e+00,0.000000000000000000e+00
3.915754814012047547e+01,0.000000000000000000e+00,0.000000000000000000e+00
3.919210216072561082e+01,0.000000000000000000e+00,0.000000000000000000e+00
4.234641573973542705e+01,0.000000000000000000e+00,0.000000000000000000e+00
3.951885449704879250e+01,0.000000000000000000e+00,0.000000000000000000e+00
4.200944938892694580e+01,0.000000000000000000e+00,0.000000000000000000e+00
3.768343776777524567e+01,0.000000000000000000e+00,0.000000000000000000e+00
4.202756208423441819e+01,0.000000000000000000e+00,0.000000000000000000e+00
3.994858002681235121e+01,0.000000000000000000e+00,0.000000000000000000e+00
4.265804683038420109e+01,0.000000000000000000e+00,0.000000000000000000e+00
4.458484533859649446e+01,0.000000000000000000e+00,0.000000000000000000e+00
4.176565052719155346e+01,0.000000000000000000e+00,0.000000000000000000e+00
3.857095314946988651e+01,0.000000000000000000e+00,0.000000000000000000e+00
3.845756329107116755e+01,0.000000000000000000e+00,0.000000000000000000e+00
4.329989513309948990e+01,0.000000000000000000e+00,0.000000000000000000e+00
4.099661344137646779e+01,0.000000000000000000e+00,0.000000000000000000e+00
4.295016418966578442e+01,0.000000000000000000e+00,0.000000000000000000e+00
4.303978943143538771e+01,0.000000000000000000e+00,0.000000000000000000e+00
3.812080833310798056e+01,0.000000000000000000e+00,0.000000000000000000e+00
4.134412964716099026e+01,0.000000000000000000e+00,0.000000000000000000e+00
4.098261036034386962e+01,0.000000000000000000e+00,0.000000000000000000e+00
3.848789762531563241e+01,0.000000000000000000e+00,0.000000000000000000e+00
4.076644917062959195e+01,0.000000000000000000e+00,0.000000000000000000e+00
4.049957003129949840e+01,0.000000000000000000e+00,0.000000000000000000e+00
3.736745742591827479e+01,0.000000000000000000e+00,0.000000000000000000e+00
3.956400610445221133e+01,0.000000000000000000e+00,0.000000000000000000e+00
3.869784370101893956e+01,0.000000000000000000e+00,0.000000000000000000e+00
3.810747679800569188e+01,0.000000000000000000e+00,0.000000000000000000e+00
3.951981264650522263e+01,0.000000000000000000e+00,0.000000000000000000e+00
3.826010678941936760e+01,0.000000000000000000e+00,0.000000000000000000e+00
3.953675407715358148e+01,0.000000000000000000e+00,0.000000000000000000e+00
3.983984272140681071e+01,0.000000000000000000e+00,0.000000000000000000e+00
4.030802870106364111e+01,0.000000000000000000e+00,0.000000000000000000e+00
3.822663372265039783e+01,0.000000000000000000e+00,0.000000000000000000e+00
3.841084846446271683e+01,0.000000000000000000e+00,0.000000000000000000e+00
3.847411664736520720e+01,0.000000000000000000e+00,0.000000000000000000e+00
4.092725500295081531e+01,0.000000000000000000e+00,0.000000000000000000e+00
3.855718187861898372e+01,0.000000000000000000e+00,0.000000000000000000e+00
4.090362065286353754e+01,0.000000000000000000e+00,0.000000000000000000e+00
3.925296356832805600e+01,0.000000000000000000e+00,0.000000000000000000e+00
3.512228059296339211e+01,0.000000000000000000e+00,0.000000000000000000e+00
3.692880321054833104e+01,0.000000000000000000e+00,0.000000000000000000e+00
4.062210907063528254e+01,0.000000000000000000e+00,0.000000000000000000e+00
3.849806760194955757e+01,0.000000000000000000e+00,0.000000000000000000e+00
3.696562276137782987e+01,0.000000000000000000e+00,0.000000000000000000e+00
3.714316038274745324e+01,0.000000000000000000e+00,0.000000000000000000e+00
3.788950047011154254e+01,0.000000000000000000e+00,0.000000000000000000e+00
4.119319356683421063e+01,0.000000000000000000e+00,0.000000000000000000e+00
3.632298610991450971e+01,0.000000000000000000e+00,0.000000000000000000e+00
3.675106486331677758e+01,0.000000000000000000e+00,0.000000000000000000e+00
3.969101447097983737e+01,0.000000000000000000e+00,0.000000000000000000e+00
3.704891808330779668e+01,0.000000000000000000e+00,0.000000000000000000e+00
3.941883330478856351e+01,0.000000000000000000e+00,0.000000000000000000e+00
3.764418394632632925e+01,0.000000000000000000e+00,0.000000000000000000e+00
3.666915987471163874e+01,0.000000000000000000e+00,0.000000000000000000e+00
3.354972993296271255e+01,0.000000000000000000e+00,0.000000000000000000e+00
3.767037188921614188e+01,0.000000000000000000e+00,0.000000000000000000e+00
3.995217316114697326e+01,0.000000000000000000e+00,0.000000000000000000e+00
3.823924399297695942e+01,0.000000000000000000e+00,0.000000000000000000e+00
3.731885761472057084e+01,0.000000000000000000e+00,0.000000000000000000e+00
3.768981597817753482e+01,0.000000000000000000e+00,0.000000000000000000e+00
4.008649356073402004e+01,0.000000000000000000e+00,0.000000000000000000e+00
3.435802471708539940e+01,0.000000000000000000e+00,0.000000000000000000e+00
4.065365216968427831e+01,0.000000000000000000e+00,0.000000000000000000e+00
3.414714179902730251e+01,0.000000000000000000e+00,0.000000000000000000e+00
3.583328237235149771e+01,0.000000000000000000e+00,0.000000000000000000e+00
3.623673849735253327e+01,0.000000000000000000e+00,0.000000000000000000e+00
3.541206851602115790e+01,0.000000000000000000e+00,0.000000000000000000e+00
3.495775159545029709e+01,0.000000000000000000e+00,0.000000000000000000e+00
3.484289941408718505e+01,0.000000000000000000e+00,0.000000000000000000e+00
3.582881284931136889e+01,0.000000000000000000e+00,0.000000000000000000e+00
3.635906458519407636e+01,0.000000000000000000e+00,0.000000000000000000e+00
3.824418989555088899e+01,0.000000000000000000e+00,0.000000000000000000e+00
3.816473129594959346e+01,0.000000000000000000e+00,0.000000000000000000e+00
3.573834561628387263e+01,0.000000000000000000e+00,0.000000000000000000e+00
3.567495131525707563e+01,0.000000000000000000e+00,0.000000000000000000e+00
3.418680856081745389e+01,0.000000000000000000e+00,0.000000000000000000e+00
3.368577516895567925e+01,0.000000000000000000e+00,0.000000000000000000e+00
3.601726061222939990e+01,0.000000000000000000e+00,0.000000000000000000e+00
3.184884937821369277e+01,0.000000000000000000e+00,0.000000000000000000e+00
3.538081948345352856e+01,0.000000000000000000e+00,0.000000000000000000e+00
3.622034358444216195e+01,0.000000000000000000e+00,0.000000000000000000e+00
3.599160947244445197e+01,0.000000000000000000e+00,0.000000000000000000e+00
3.441627870955452551e+01,0.000000000000000000e+00,0.000000000000000000e+00
3.383707398449373471e+01,0.000000000000000000e+00,0.000000000000000000e+00
3.575693703968409665e+01,0.000000000000000000e+00,0.000000000000000000e+00
3.407494401164174747e+01,0.000000000000000000e+00,0.000000000000000000e+00
3.465329254013425242e+01,0.000000000000000000e+00,0.000000000000000000e+00
3.408893244943981671e+01,0.000000000000000000e+00,0.000000000000000000e+00
3.597819528793639421e+01,0.000000000000000000e+00,0.000000000000000000e+00
3.412371959605469840e+01,0.000000000000000000e+00,0.000000000000000000e+00
3.158118413909563671e+01,0.000000000000000000e+00,0.000000000000000000e+00
3.633667293473032345e+01,0.000000000000000000e+00,0.000000000000000000e+00
3.422156715192978282e+01,0.000000000000000000e+00,0.000000000000000000e+00
3.319776167699226477e+01,0.000000000000000000e+00,0.000000000000000000e+00
3.516071597702950413e+01,0.000000000000000000e+00,0.000000000000000000e+00
3.479857775986369006e+01,0.000000000000000000e+00,0.000000000000000000e+00
3.193633657406952508e+01,0.000000000000000000e+00,0.000000000000000000e+00
3.582232618032907823e+01,0.000000000000000000e+00,0.000000000000000000e+00
3.539142327956718503e+01,0.000000000000000000e+00,0.000000000000000000e+00
3.382444372293207380e+01,0.000000000000000000e+00,0.000000000000000000e+00
3.056289282979948041e+01,0.000000000000000000e+00,0.000000000000000000e+00
3.541036307569792996e+01,0.000000000000000000e+00,0.000000000000000000e+00
3.700834143890579497e+01,0.000000000000000000e+00,0.000000000000000000e+00
2.993377673168506092e+01,0.000000000000000000e+00,0.000000000000000000e+00
3.457858890478988911e+01,0.000000000000000000e+00,0.000000000000000000e+00
3.246523408482536155e+01,0.000000000000000000e+00,0.000000000000000000e+00
3.386798639307039593e+01,0.000000000000000000e+00,0.000000000000000000e+00
3.439531658348899867e+01,0.000000000000000000e+00,0.000000000000000000e+00
3.335052308147707123e+01,0.000000000000000000e+00,0.000000000000000000e+00
3.603795254671011605e+01,0.000000000000000000e+00,0.000000000000000000e+00
3.253358359432961322e+01,0.000000000000000000e+00,0.000000000000000000e+00
3.474444773380936624e+01,0.000000000000000000e+00,0.000000000000000000e+00
3.224434702881110582e+01,0.000000000000000000e+00,0.000000000000000000e+00
3.136440057032538675e+01,0.000000000000000000e+00,0.000000000000000000e+00
3.611098398183217029e+01,0.000000000000000000e+00,0.000000000000000000e+00
3.129960345491277351e+01,0.000000000000000000e+00,0.000000000000000000e+00
3.462989041563931636e+01,0.000000000000000000e+00,0.000000000000000000e+00
3.506521682631390746e+01,0.000000000000000000e+00,0.000000000000000000e+00
3.304503138742045820e+01,0.000000000000000000e+00,0.000000000000000000e+00
3.262269362521752925e+01,0.000000000000000000e+00,0.000000000000000000e+00
3.327371212659362953e+01,0.000000000000000000e+00,0.000000000000000000e+00
3.178549175365050417e+01,0.000000000000000000e+00,0.000000000000000000e+00
3.146569109834621258e+01,0.000000000000000000e+00,0.000000000000000000e+00
3.161736999837305717e+01,0.000000000000000000e+00,0.000000000000000000e+00
3.215796300628990423e+01,0.000000000000000000e+00,0.000000000000000000e+00
3.389932603274630907e+01,0.000000000000000000e+00,0.000000000000000000e+00
2.832335014723975419e+01,0.000000000000000000e+00,0.000000000000000000e+00
3.308293418961817878e+01,0.000000000000000000e+00,0.000000000000000000e+00
2.853018708810056481e+01,0.000000000000000000e+00,0.000000000000000000e+00
3.260020258348623656e+01,0.000000000000000000e+00,0.000000000000000000e+00
3.509352351150067051e+01,0.000000000000000000e+00,0.000000000000000000e+00
3.521591525825120073e+01,0.000000000000000000e+00,0.000000000000000000e+00
3.141972390085469513e+01,0.000000000000000000e+00,0.000000000000000000e+00
2.966014730678903533e+01,0.000000000000000000e+00,0.000000000000000000e+00
3.284280136286639618e+01,0.000000000000000000e+00,0.000000000000000000e+00
2.804114670104018714e+01,0.000000000000000000e+00,0.000000000000000000e+00
3.041783048314418991e+01,0.000000000000000000e+00,0.000000000000000000e+00
3.647889852286048296e+01,0.000000000000000000e+00,0.000000000000000000e+00
3.183308198036990788e+01,0.000000000000000000e+00,0.000000000000000000e+00
3.117144306221569039e+01,0.000000000000000000e+00,0.000000000000000000e+00
3.334636030925666006e+01,0.000000000000000000e+00,0.000000000000000000e+00
3.341265151190611249e+01,0.000000000000000000e+00,0.000000000000000000e+00
2.844499651058863066e+01,0.000000000000000000e+00,0.000000000000000000e+00
3.304199113686721034e+01,0.000000000000000000e+00,0.000000000000000000e+00
3.111474623389258909e+01,0.000000000000000000e+00,0.000000000000000000e+00
3.392316661100304032e+01,0.000000000000000000e+00,0.000000000000000000e+00
3.073420678142364082e+01,0.000000000000000000e+00,0.000000000000000000e+00
2.785007890240292738e+01,0.000000000000000000e+00,0.000000000000000000e+00
3.091165930637107806e+01,0.000000000000000000e+00,0.000000000000000000e+00
3.341046534042600769e+01,0.000000000000000000e+00,0.000000000000000000e+00
3.087629335279562071e+01,0.000000000000000000e+00,0.000000000000000000e+00
3.168062574509930229e+01,0.000000000000000000e+00,0.000000000000000000e+00
2.883049028360135324e+01,0.000000000000000000e+00,0.000000000000000000e+00
2.851599741314273473e+01,0.000000000000000000e+00,0.000000000000000000e+00
3.225692043897301886e+01,0.000000000000000000e+00,0.000000000000000000e+00
2.976118446723154776e+01,0.000000000000000000e+00,0.000000000000000000e+00
3.492636757232457967e+01,0.000000000000000000e+00,0.000000000000000000e+00
3.004253433068237911e+01,0.000000000000000000e+00,0.000000000000000000e+00
3.172158206349310205e+01,0.000000000000000000e+00,0.000000000000000000e+00
3.061017387087622055e+01,0.000000000000000000e+00,0.000000000000000000e+00
2.935403166616790571e+01,0.000000000000000000e+00,0.000000000000000000e+00
2.996071884838563193e+01,0.000000000000000000e+00,0.000000000000000000e+00
2.718520500968906006e+01,0.000000000000000000e+00,0.000000000000000000e+00
3.202880475626855628e+01,0.000000000000000000e+00,0.000000000000000000e+00
2.748594464689583816e+01,0.000000000000000000e+00,0.000000000000000000e+00
2.790793516032718458e+01,0.000000000000000000e+00,0.000000000000000000e+00
2.880228927881556444e+01,0.000000000000000000e+00,0.000000000000000000e+00
2.784040126250937774e+01,0.000000000000000000e+00,0.000000000000000000e+00
2.973323401914460717e+01,0.000000000000000000e+00,0.000000000000000000e+00
2.570253182699035577e+01,0.000000000000000000e+00,0.000000000000000000e+00
3.174917079944656706e+01,0.000000000000000000e+00,0.000000000000000000e+00
2.830168373756234601e+01,0.000000000000000000e+00,0.000000000000000000e+00
2.990536347460625777e+01,0.000000000000000000e+00,0.000000000000000000e+00
2.686912177422778925e+01,0.000000000000000000e+00,0.000000000000000000e+00
2.955011020043048831e+01,0.000000000000000000e+00,0.000000000000000000e+00
2.971352355772043907e+01,0.000000000000000000e+00,0.000000000000000000e+00
3.114103816658933965e+01,0.000000000000000000e+00,0.000000000000000000e+00
2.537780598780788921e+01,0.000000000000000000e+00,0.000000000000000000e+00
2.825552504875424376e+01,0.000000000000000000e+00,0.000000000000000000e+00
3.044028714650797696e+01,0.000000000000000000e+00,0.000000000000000000e+00
2.817402225613833266e+01,0.000000000000000000e+00,0.000000000000000000e+00
2.926955175498857997e+01,0.000000000000000000e+00,0.000000000000000000e+00
2.891708750938560968e+01,0.000000000000000000e+00,0.000000000000000000e+00
2.792782234932594676e+01,0.000000000000000000e+00,0.000000000000000000e+00
2.796444164728769621e+01,0.000000000000000000e+00,0.000000000000000000e+00
3.035463361447318675e+01,0.000000000000000000e+00,0.000000000000000000e+00
3.075630675048071083e+01,0.000000000000000000e+00,0.000000000000000000e+00
2.834386593768133267e+01,0.000000000000000000e+00,0.000000000000000000e+00
2.719679207823195810e+01,0.000000000000000000e+00,0.000000000000000000e+00
2.717420632126347968e+01,0.000000000000000000e+00,0.000000000000000000e+00
2.699593698779872497e+01,0.000000000000000000e+00,0.000000000000000000e+00
2.657947845480568461e+01,0.000000000000000000e+00,0.000000000000000000e+00
2.787156532080711813e+01,0.000000000000000000e+00,0.000000000000000000e+00
2.944095131320418091e+01,0.000000000000000000e+00,0.000000000000000000e+00
3.078232619221506638e+01,0.000000000000000000e+00,0.000000000000000000e+00
3.082344210923468708e+01,0.000000000000000000e+00,0.000000000000000000e+00
2.736134155550841740e+01,0.000000000000000000e+00,0.000000000000000000e+00
2.979779766062836188e+01,0.000000000000000000e+00,0.000000000000000000e+00
2.707938758880515806e+01,0.000000000000000000e+00,0.000000000000000000e+00
2.691175239193270130e+01,0.000000000000000000e+00,0.000000000000000000e+00
2.913098838164043869e+01,0.000000000000000000e+00,0.000000000000000000e+00
2.805690401549441759e+01,0.000000000000000000e+00,0.000000000000000000e+00
2.811554996011872731e+01,0.000000000000000000e+00,0.000000000000000000e+00
2.518249653875221483e+01,0.000000000000000000e+00,0.000000000000000000e+00
2.524750086154586270e+01,0.000000000000000000e+00,0.000000000000000000e+00
2.705133605306011546e+01,0.000000000000000000e+00,0.000000000000000000e+00
2.840116048188939146e+01,0.000000000000000000e+00,0.000000000000000000e+00
2.874409113521745240e+01,0.000000000000000000e+00,0.000000000000000000e+00
2.920230209342750882e+01,0.000000000000000000e+00,0.000000000000000000e+00
2.748033726819448930e+01,0.000000000000000000e+00,0.000000000000000000e+00
2.749764942625179032e+01,0.000000000000000000e+00,0.000000000000000000e+00
2.639229278047863048e+01,0.000000000000000000e+00,0.000000000000000000e+00
2.869250623963201008e+01,0.000000000000000000e+00,0.000000000000000000e+00
2.929323472394251127e+01,0.000000000000000000e+00,0.000000000000000000e+00
2.578154599545329972e+01,0.000000000000000000e+00,0.000000000000000000e+00
2.682014360164416189e+01,0.000000000000000000e+00,0.000000000000000000e+00
2.590292807087880433e+01,0.000000000000000000e+00,0.000000000000000000e+00
2.401044968295210680e+01,0.000000000000000000e+00,0.000000000000000000e+00
2.690564700246158480e+01,0.000000000000000000e+00,0.000000000000000000e+00
2.833883181950862706e+01,0.000000000000000000e+00,0.000000000000000000e+00
2.674696276689475383e+01,0.000000000000000000e+00,0.000000000000000000e+00
2.775760324477012375e+01,0.000000000000000000e+00,0.000000000000000000e+00
2.508825587449981498e+01,0.000000000000000000e+00,0.000000000000000000e+00
2.349516365106373428e+01,0.000000000000000000e+00,0.000000000000000000e+00
3.142964341058257816e+01,0.000000000000000000e+00,0.000000000000000000e+00
2.709709523408936960e+01,0.000000000000000000e+00,0.000000000000000000e+00
2.946192754381924672e+01,0.000000000000000000e+00,0.000000000000000000e+00
2.608159716404598072e+01,0.000000000000000000e+00,0.000000000000000000e+00
2.564693634429639246e+01,0.000000000000000000e+00,0.000000000000000000e+00
2.441025246120362624e+01,0.000000000000000000e+00,0.000000000000000000e+00
2.760871241717971358e+01,0.000000000000000000e+00,0.000000000000000000e+00
2.525940157852911128e+01,0.000000000000000000e+00,0.000000000000000000e+00
2.231764586433444109e+01,0.000000000000000000e+00,0.000000000000000000e+00
2.543191653210340419e+01,0.000000000000000000e+00,0.000000000000000000e+00
2.759946565289751064e+01,0.000000000000000000e+00,0.000000000000000000e+00
2.437209329182852713e+01,0.000000000000000000e+00,0.000000000000000000e+00
2.652708837284697196e+01,0.000000000000000000e+00,0.000000000000000000e+00
2.802604713376297241e+01,0.000000000000000000e+00,0.000000000000000000e+00
2.889292109321182522e+01,0.000000000000000000e+00,0.000000000000000000e+00
2.828855479956878582e+01,0.000000000000000000e+00,0.000000000000000000e+00
2.558730593023861388e+01,0.000000000000000000e+00,0.000000000000000000e+00
2.616700294754524236e+01,0.000000000000000000e+00,0.000000000000000000e+00
2.889833101380413893e+01,0.000000000000000000e+00,0.000000000000000000e+00
2.714569155946915302e+01,0.000000000000000000e+00,0.000000000000000000e+00
2.383088232656461258e+01,0.000000000000000000e+00,0.000000000000000000e+00
2.691982561207240110e+01,0.000000000000000000e+00,0.000000000000000000e+00
2.669273363056684190e+01,0.000000000000000000e+00,0.000000000000000000e+00
2.607749214774604951e+01,0.000000000000000000e+00,0.000000000000000000e+00
2.515179649793335770e+01,0.000000000000000000e+00,0.000000000000000000e+00
2.777231468696438199e+01,0.000000000000000000e+00,0.000000000000000000e+00
2.447748518945061846e+01,0.000000000000000000e+00,0.000000000000000000e+00
2.450246542191507615e+01,0.000000000000000000e+00,0.000000000000000000e+00
2.751023103841014006e+01,0.000000000000000000e+00,0.000000000000000000e+00
2.295010450472192431e+01,0.000000000000000000e+00,0.000000000000000000e+00
2.204355007614139339e+01,0.000000000000000000e+00,0.000000000000000000e+00
2.679608733081405347e+01,0.000000000000000000e+00,0.000000000000000000e+00
2.305613961204334217e+01,0.000000000000000000e+00,0.000000000000000000e+00
2.491870450401374271e+01,0.000000000000000000e+00,0.000000000000000000e+00
2.267388921228466359e+01,0.000000000000000000e+00,0.000000000000000000e+00
2.404328266301421380e+01,0.000000000000000000e+00,0.000000000000000000e+00
2.247028580525405417e+01,0.000000000000000000e+00,0.000000000000000000e+00
2.867329714157258280e+01,0.000000000000000000e+00,0.000000000000000000e+00
2.440297786579187189e+01,0.000000000000000000e+00,0.000000000000000000e+00
2.375514444557810734e+01,0.000000000000000000e+00,0.000000000000000000e+00
2.222022670400685485e+01,0.000000000000000000e+00,0.000000000000000000e+00
2.476616383053450221e+01,0.000000000000000000e+00,0.000000000000000000e+00
2.172584868862773533e+01,0.000000000000000000e+00,0.000000000000000000e+00
2.576188842815982483e+01,0.000000000000000000e+00,0.000000000000000000e+00
2.217674170734185779e+01,0.000000000000000000e+00,0.000000000000000000e+00
2.376485533847998610e+01,0.000000000000000000e+00,0.000000000000000000e+00
2.695879181746628461e+01,0.000000000000000000e+00,0.000000000000000000e+00
2.445450542444659092e+01,0.000000000000000000e+00,0.000000000000000000e+00
2.299300187693656383e+01,0.000000000000000000e+00,0.000000000000000000e+00
2.281347536096056672e+01,0.000000000000000000e+00,0.000000000000000000e+00
2.617170767238865281e+01,0.000000000000000000e+00,0.000000000000000000e+00
2.423651993333503896e+01,0.000000000000000000e+00,0.000000000000000000e+00
2.380865348087536404e+01,0.000000000000000000e+00,0.000000000000000000e+00
2.351265480090494719e+01,0.000000000000000000e+00,0.000000000000000000e+00
2.243602416710896463e+01,0.000000000000000000e+00,0.000000000000000000e+00
2.244747563561077897e+01,0.000000000000000000e+00,0.000000000000000000e+00
2.432618695360130801e+01,0.000000000000000000e+00,0.000000000000000000e+00
2.039339474704927468e+01,0.000000000000000000e+00,0.000000000000000000e+00
2.471908186592313328e+01,0.000000000000000000e+00,0.000000000000000000e+00
2.329935546676864533e+01,0.000000000000000000e+00,0.000000000000000000e+00
2.329378712738646939e+01,0.000000000000000000e+00,0.000000000000000000e+00
2.096410987132072279e+01,0.000000000000000000e+00,0.000000000000000000e+00
2.564948864460352240e+01,0.000000000000000000e+00,0.000000000000000000e+00
2.513417206893900158e+01,0.000000000000000000e+00,0.000000000000000000e+00
2.350720359625562850e+01,0.000000000000000000e+00,0.000000000000000000e+00
2.174383266308034734e+01,0.000000000000000000e+00,0.000000000000000000e+00
2.598413861709943973e+01,0.000000000000000000e+00,0.000000000000000000e+00
2.316230974454022729e+01,0.000000000000000000e+00,0.000000000000000000e+00
2.243865318368733952e+01,0.000000000000000000e+00,0.000000000000000000e+00
2.339165558863835415e+01,0.000000000000000000e+00,0.000000000000000000e+00
2.686017747235094433e+01,0.000000000000000000e+00,0.000000000000000000e+00
2.424955123934780943e+01,0.000000000000000000e+00,0.000000000000000000e+00
2.576779357662928049e+01,0.000000000000000000e+00,0.000000000000000000e+00
2.043235799228577676e+01,0.000000000000000000e+00,0.000000000000000000e+00
2.396859771113805593e+01,0.000000000000000000e+00,0.000000000000000000e+00
2.247354057584418641e+01,0.000000000000000000e+00,0.000000000000000000e+00
2.322198474864895346e+01,0.000000000000000000e+00,0.000000000000000000e+00
2.324269237457268034e+01,0.000000000000000000e+00,0.000000000000000000e+00
2.546883104769936779e+01,0.000000000000000000e+00,0.000000000000000000e+00
2.013720198523895988e+01,0.000000000000000000e+00,0.000000000000000000e+00
2.425584975320097669e+01,0.000000000000000000e+00,0.000000000000000000e+00
2.214071076224133350e+01,0.000000000000000000e+00,0.000000000000000000e+00
2.214889167585410945e+01,0.000000000000000000e+00,0.000000000000000000e+00
2.154013540536120530e+01,0.000000000000000000e+00,0.000000000000000000e+00
2.387997120436128284e+01,0.000000000000000000e+00,0.000000000000000000e+00
2.192324936468952856e+01,0.000000000000000000e+00,0.000000000000000000e+00
2.110325129177135750e+01,0.000000000000000000e+00,0.000000000000000000e+00
2.060285665989888315e+01,0.000000000000000000e+00,0.000000000000000000e+00
2.263312131859326826e+01,0.000000000000000000e+00,0.000000000000000000e+00
2.100794138663000865e+01,0.000000000000000000e+00,0.000000000000000000e+00
2.263137524447871840e+01,0.000000000000000000e+00,0.000000000000000000e+00
2.057164707393955183e+01,0.000000000000000000e+00,0.000000000000000000e+00
2.137944741482785105e+01,0.000000000000000000e+00,0.000000000000000000e+00
2.510215131344599016e+01,0.000000000000000000e+00,0.000000000000000000e+00
1.949646778052257545e+01,0.000000000000000000e+00,0.000000000000000000e+00
1.998269143416161953e+01,0.000000000000000000e+00,0.000000000000000000e+00
2.386866561921382868e+01,0.000000000000000000e+00,0.000000000000000000e+00
2.363212658962314094e+01,0.000000000000000000e+00,0.000000000000000000e+00
2.079872752663312951e+01,0.000000000000000000e+00,0.000000000000000000e+00
2.360180136362366454e+01,0.000000000000000000e+00,0.000000000000000000e+00
2.166815687545962277e+01,0.000000000000000000e+00,0.000000000000000000e+00
2.239916242948172354e+01,0.000000000000000000e+00,0.000000000000000000e+00
2.122072877525642909e+01,0.000000000000000000e+00,0.000000000000000000e+00
2.077685837468487406e+01,0.000000000000000000e+00,0.000000000000000000e+00
2.137594838444467271e+01,0.000000000000000000e+00,0.000000000000000000e+00
1.960782890912523158e+01,0.000000000000000000e+00,0.000000000000000000e+00
2.253630047321849972e+01,0.000000000000000000e+00,0.000000000000000000e+00
2.291165207855357622e+01,0.000000000000000000e+00,0.000000000000000000e+00
2.516093640917363672e+01,0.000000000000000000e+00,0.000000000000000000e+00
2.542715366535793819e+01,0.000000000000000000e+00,0.000000000000000000e+00
2.138379011394868101e+01,0.000000000000000000e+00,0.000000000000000000e+00
2.014457535244993380e+01,0.000000000000000000e+00,0.000000000000000000e+00
2.204122278749595409e+01,0.000000000000000000e+00,0.000000000000000000e+00
2.123207023955539086e+01,0.000000000000000000e+00,0.000000000000000000e+00
2.190267524941238975e+01,0.000000000000000000e+00,0.000000000000000000e+00
2.076343643615289025e+01,0.000000000000000000e+00,0.000000000000000000e+00
2.077998225783722930e+01,0.000000000000000000e+00,0.000000000000000000e+00
2.080672806097439320e+01,0.000000000000000000e+00,0.000000000000000000e+00
2.038910388339527557e+01,0.000000000000000000e+00,0.000000000000000000e+00
2.182183481142070391e+01,0.000000000000000000e+00,0.000000000000000000e+00
2.017086664536212837e+01,0.000000000000000000e+00,0.000000000000000000e+00
2.097326059585298452e+01,0.000000000000000000e+00,0.000000000000000000e+00
2.390925301530481661e+01,0.000000000000000000e+00,0.000000000000000000e+00
2.378036656141422256e+01,0.000000000000000000e+00,0.000000000000000000e+00
2.432024388318184194e+01,0.000000000000000000e+00,0.000000000000000000e+00
2.668076330479079772e+01,0.000000000000000000e+00,0.000000000000000000e+00
2.325316809216719705e+01,0.000000000000000000e+00,0.000000000000000000e+00
2.143306612083608087e+01,0.000000000000000000e+00,0.000000000000000000e+00
2.318254641497222224e+01,0.000000000000000000e+00,0.000000000000000000e+00
2.292208414236021952e+01,0.000000000000000000e+00,0.000000000000000000e+00
2.580218634706617564e+01,0.000000000000000000e+00,0.000000000000000000e+00
2.088032354301854809e+01,0.000000000000000000e+00,0.000000000000000000e+00
1.852567278472838197e+01,0.000000000000000000e+00,0.000000000000000000e+00
2.276541260587872983e+01,0.000000000000000000e+00,0.000000000000000000e+00
2.099361808030217702e+01,0.000000000000000000e+00,0.000000000000000000e+00
2.194195651524874435e+01,0.000000000000000000e+00,0.000000000000000000e+00
2.239001837382864224e+01,0.000000000000000000e+00,0.000000000000000000e+00
1.999651239253018531e+01,0.000000000000000000e+00,0.000000000000000000e+00
1.911329669710921308e+01,0.000000000000000000e+00,0.000000000000000000e+00
1.826957459101580739e+01,0.000000000000000000e+00,0.000000000000000000e+00
2.255057425738505117e+01,0.000000000000000000e+00,0.000000000000000000e+00
2.197456985787959738e+01,0.000000000000000000e+00,0.000000000000000000e+00
1.714275890377880174e+01,0.000000000000000000e+00,0.000000000000000000e+00
1.968948097283354670e+01,0.000000000000000000e+00,0.000000000000000000e+00
2.001439604657375781e+01,0.000000000000000000e+00,0.000000000000000000e+00
2.196711789861604913e+01,0.000000000000000000e+00,0.000000000000000000e+00
2.355384529886694978e+01,0.000000000000000000e+00,0.000000000000000000e+00
2.193732733992858996e+01,0.000000000000000000e+00,0.000000000000000000e+00
2.102494710822658774e+01,0.000000000000000000e+00,0.000000000000000000e+00
1.963368629766918971e+01,0.000000000000000000e+00,0.000000000000000000e+00
2.052784281588268200e+01,0.000000000000000000e+00,0.000000000000000000e+00
1.771687001999656630e+01,0.000000000000000000e+00,0.000000000000000000e+00
2.260675323256719338e+01,0.000000000000000000e+00,0.000000000000000000e+00
2.131260498830861394e+01,0.000000000000000000e+00,0.000000000000000000e+00
1.892972164520282519e+01,0.000000000000000000e+00,0.000000000000000000e+00
2.013125849521343369e+01,0.000000000000000000e+00,0.000000000000000000e+00
2.003366029710896612e+01,0.000000000000000000e+00,0.000000000000000000e+00
1.949272623781436309e+01,0.000000000000000000e+00,0.000000000000000000e+00
2.150804879110808443e+01,0.000000000000000000e+00,0.000000000000000000e+00
2.219133153886885879e+01,0.000000000000000000e+00,0.000000000000000000e+00
2.030526008106533453e+01,0.000000000000000000e+00,0.000000000000000000e+00
2.003882351302686970e+01,0.000000000000000000e+00,0.000000000000000000e+00
1.672539153073861939e+01,0.000000000000000000e+00,0.000000000000000000e+00
2.215618967694842212e+01,0.000000000000000000e+00,0.000000000000000000e+00
1.918768522144928212e+01,0.000000000000000000e+00,0.000000000000000000e+00
2.205879952302700886e+01,0.000000000000000000e+00,0.000000000000000000e+00
2.009155072910334638e+01,0.000000000000000000e+00,0.000000000000000000e+00
2.117650225539144415e+01,0.000000000000000000e+00,0.000000000000000000e+00
2.297235137780339898e+01,0.000000000000000000e+00,0.000000000000000000e+00
2.041005332026981733e+01,0.000000000000000000e+00,0.000000000000000000e+00
2.137777100521102724e+01,0.000000000000000000e+00,0.000000000000000000e+00
1.892919431059559088e+01,0.000000000000000000e+00,0.000000000000000000e+00
2.136265635735363233e+01,0.000000000000000000e+00,0.000000000000000000e+00
2.463223327312748978e+01,0.000000000000000000e+00,0.000000000000000000e+00
1.634684382406369352e+01,0.000000000000000000e+00,0.000000000000000000e+00
2.088170055669925418e+01,0.000000000000000000e+00,0.000000000000000000e+00
1.975401488480201095e+01,0.000000000000000000e+00,0.000000000000000000e+00
1.982376983859715480e+01,0.000000000000000000e+00,0.000000000000000000e+00
2.141249021563541177e+01,0.000000000000000000e+00,0.000000000000000000e+00
2.139856937340890752e+01,0.000000000000000000e+00,0.000000000000000000e+00
2.041430527557376351e+01,0.000000000000000000e+00,0.000000000000000000e+00
2.048370434269106610e+01,0.000000000000000000e+00,0.000000000000000000e+00
2.168581956291513890e+01,0.000000000000000000e+00,0.000000000000000000e+00
2.495311826640964270e+01,0.000000000000000000e+00,0.000000000000000000e+00
2.074008032385190958e+01,0.000000000000000000e+00,0.000000000000000000e+00
2.134660293446726698e+01,0.000000000000000000e+00,0.000000000000000000e+00
1.903422402192304830e+01,0.000000000000000000e+00,0.000000000000000000e+00
2.274385713208642912e+01,0.000000000000000000e+00,0.000000000000000000e+00
1.882158726329014797e+01,0.000000000000000000e+00,0.000000000000000000e+00
1.858700426153138707e+01,0.000000000000000000e+00,0.000000000000000000e+00
2.101290404054163119e+01,0.000000000000000000e+00,0.000000000000000000e+00
1.804722427657766204e+01,0.000000000000000000e+00,0.000000000000000000e+00
2.320272430215464965e+01,0.000000000000000000e+00,0.000000000000000000e+00
1.911594712901506199e+01,0.000000000000000000e+00,0.000000000000000000e+00
2.129357046934307363e+01,0.000000000000000000e+00,0.000000000000000000e+00
2.266858127364788800e+01,0.000000000000000000e+00,0.000000000000000000e+00
2.102150885649419365e+01,0.000000000000000000e+00,0.000000000000000000e+00
2.158956286662299817e+01,0.000000000000000000e+00,0.000000000000000000e+00
2.242616840276759760e+01,0.000000000000000000e+00,0.000000000000000000e+00
1.941932649119078746e+01,0.000000000000000000e+00,0.000000000000000000e+00
2.199985658774076214e+01,0.000000000000000000e+00,0.000000000000000000e+00
2.076172745041677103e+01,0.000000000000000000e+00,0.000000000000000000e+00
1.991284657827500482e+01,0.000000000000000000e+00,0.000000000000000000e+00
2.150517103739505131e+01,0.000000000000000000e+00,0.000000000000000000e+00
2.343484017345067727e+01,0.000000000000000000e+00,0.000000000000000000e+00
2.082030157503582757e+01,0.000000000000000000e+00,0.000000000000000000e+00
1.565213831865879257e+01,0.000000000000000000e+00,0.000000000000000000e+00
1.985954339741435959e+01,0.000000000000000000e+00,0.000000000000000000e+00
1.847833713909209763e+01,0.000000000000000000e+00,0.000000000000000000e+00
1.923294618243378196e+01,0.000000000000000000e+00,0.000000000000000000e+00
2.440835983849506619e+01,0.000000000000000000e+00,0.000000000000000000e+00
2.107338457080730620e+01,0.000000000000000000e+00,0.000000000000000000e+00
1.520577075581778814e+01,0.000000000000000000e+00,0.000000000000000000e+00
2.096257176463075922e+01,0.000000000000000000e+00,0.000000000000000000e+00
2.119777923757054339e+01,0.000000000000000000e+00,0.000000000000000000e+00
2.005757534526327035e+01,0.000000000000000000e+00,0.000000000000000000e+00
2.458407341693240156e+01,0.000000000000000000e+00,0.000000000000000000e+00
1.986106950937070437e+01,0.000000000000000000e+00,0.000000000000000000e+00
1.697169198800605727e+01,0.000000000000000000e+00,0.000000000000000000e+00
2.125523766358672617e+01,0.000000000000000000e+00,0.000000000000000000e+00
2.183060468605837556e+01,0.000000000000000000e+00,0.000000000000000000e+00
1.991997750981900950e+01,0.000000000000000000e+00,0.000000000000000000e+00
2.008590531996554063e+01,0.000000000000000000e+00,0.000000000000000000e+00
2.238004643319127496e+01,0.000000000000000000e+00,0.000000000000000000e+00
1.835228881489684127e+01,0.000000000000000000e+00,0.000000000000000000e+00
2.176427342811009424e+01,0.000000000000000000e+00,0.000000000000000000e+00
2.088827655988837151e+01,0.000000000000000000e+00,0.000000000000000000e+00
1.946929659264183599e+01,0.000000000000000000e+00,0.000000000000000000e+00
1.967232550978379280e+01,0.000000000000000000e+00,0.000000000000000000e+00
2.044917165849676621e+01,0.000000000000000000e+00,0.000000000000000000e+00
1.797394410733531345e+01,0.000000000000000000e+00,0.000000000000000000e+00
1.920065663525504362e+01,0.000000000000000000e+00,0.000000000000000000e+00
2.187909736490826873e+01,0.000000000000000000e+00,0.000000000000000000e+00
2.126943881050213037e+01,0.000000000000000000e+00,0.000000000000000000e+00
2.027729106721993091e+01,0.000000000000000000e+00,0.000000000000000000e+00
2.122881802956439401e+01,0.000000000000000000e+00,0.000000000000000000e+00
1.587514791862187025e+01,0.000000000000000000e+00,0.000000000000000000e+00
1.774078486557883139e+01,0.000000000000000000e+00,0.000000000000000000e+00
2.231364187757218787e+01,0.000000000000000000e+00,0.000000000000000000e+00
2.237438912500542187e+01,0.000000000000000000e+00,0.000000000000000000e+00
2.205895843794762357e+01,0.000000000000000000e+00,0.000000000000000000e+00
1.835716387509763692e+01,0.000000000000000000e+00,0.000000000000000000e+00
2.007269916762659179e+01,0.000000000000000000e+00,0.000000000000000000e+00
1.443544421223673346e+01,0.000000000000000000e+00,0.000000000000000000e+00
2.086893664376092161e+01,0.000000000000000000e+00,0.000000000000000000e+00
2.021050729663553724e+01,0.000000000000000000e+00,0.000000000000000000e+00
2.086764067989082250e+01,0.000000000000000000e+00,0.000000000000000000e+00
1.868698419919676823e+01,0.000000000000000000e+00,0.000000000000000000e+00
2.098961741774005318e+01,0.000000000000000000e+00,0.000000000000000000e+00
1.900586542941253398e+01,0.000000000000000000e+00,0.000000000000000000e+00
1.955694541603829606e+01,0.000000000000000000e+00,0.000000000000000000e+00
1.925440567278284476e+01,0.000000000000000000e+00,0.000000000000000000e+00
2.370053966080402219e+01,0.000000000000000000e+00,0.000000000000000000e+00
1.704749228504302749e+01,0.000000000000000000e+00,0.000000000000000000e+00
2.107748048613747116e+01,0.000000000000000000e+00,0.000000000000000000e+00
1.845449410559336911e+01,0.000000000000000000e+00,0.000000000000000000e+00
1.883397962230223754e+01,0.000000000000000000e+00,0.000000000000000000e+00
1.632183334360624016e+01,0.000000000000000000e+00,0.000000000000000000e+00
2.191743533388440923e+01,0.000000000000000000e+00,0.000000000000000000e+00
1.910460398734627319e+01,0.000000000000000000e+00,0.000000000000000000e+00
2.175095877985807746e+01,0.000000000000000000e+00,0.000000000000000000e+00
1.695320652267691841e+01,0.000000000000000000e+00,0.000000000000000000e+00
2.016953496686225478e+01,0.000000000000000000e+00,0.000000000000000000e+00
1.945180765878572160e+01,0.000000000000000000e+00,0.000000000000000000e+00
2.057308133844167841e+01,0.000000000000000000e+00,0.000000000000000000e+00
1.848543449941347205e+01,0.000000000000000000e+00,0.000000000000000000e+00
2.037113188972780264e+01,0.000000000000000000e+00,0.000000000000000000e+00
2.326444701285429417e+01,0.000000000000000000e+00,0.000000000000000000e+00
2.177204182209546701e+01,0.000000000000000000e+00,0.000000000000000000e+00
1.852748561308506581e+01,0.000000000000000000e+00,0.000000000000000000e+00
2.259718305266850891e+01,0.000000000000000000e+00,0.000000000000000000e+00
2.526366517846612680e+01,0.000000000000000000e+00,0.000000000000000000e+00
1.967049738987639174e+01,0.000000000000000000e+00,0.000000000000000000e+00
1.980117800822013407e+01,0.000000000000000000e+00,0.000000000000000000e+00
2.097986203512831693e+01,0.000000000000000000e+00,0.000000000000000000e+00
2.029908666675679996e+01,0.000000000000000000e+00,0.000000000000000000e+00
2.171940067717160616e+01,0.000000000000000000e+00,0.000000000000000000e+00
1.972872624510258177e+01,0.000000000000000000e+00,0.000000000000000000e+00
2.200411425142071309e+01,0.000000000000000000e+00,0.000000000000000000e+00
2.256753021215752497e+01,0.000000000000000000e+00,0.000000000000000000e+00
2.057971479422680616e+01,0.000000000000000000e+00,0.000000000000000000e+00
2.268487840266117672e+01,0.000000000000000000e+00,0.000000000000000000e+00
1.818078632815173634e+01,0.000000000000000000e+00,0.000000000000000000e+00
1.626173117603540064e+01,0.000000000000000000e+00,0.000000000000000000e+00
2.239368354965300156e+01,0.000000000000000000e+00,0.000000000000000000e+00
2.119320777993487326e+01,0.000000000000000000e+00,0.000000000000000000e+00
2.085807054732212507e+01,0.000000000000000000e+00,0.000000000000000000e+00
1.912395856429165164e+01,0.000000000000000000e+00,0.000000000000000000e+00
1.985860839911090991e+01,0.000000000000000000e+00,0.000000000000000000e+00
1.768113501503945528e+01,0.000000000000000000e+00,0.000000000000000000e+00
2.036834698874134375e+01,0.000000000000000000e+00,0.000000000000000000e+00
1.843133617389761625e+01,0.000000000000000000e+00,0.000000000000000000e+00
1.826377269925491831e+01,0.000000000000000000e+00,0.000000000000000000e+00
1.917583906536790295e+01,0.000000000000000000e+00,0.000000000000000000e+00
2.217736259879286465e+01,0.000000000000000000e+00,0.000000000000000000e+00
1.739106180836303395e+01,0.000000000000000000e+00,0.000000000000000000e+00
2.090469036366588895e+01,0.000000000000000000e+00,0.000000000000000000e+00
1.858960897264182677e+01,0.000000000000000000e+00,0.000000000000000000e+00
1.866277600388548308e+01,0.000000000000000000e+00,0.000000000000000000e+00
2.221401335584945258e+01,0.000000000000000000e+00,0.000000000000000000e+00
2.003949800985051866e+01,0.000000000000000000e+00,0.000000000000000000e+00
2.045515109705022638e+01,0.000000000000000000e+00,0.000000000000000000e+00
2.153052798725806127e+01,0.000000000000000000e+00,0.000000000000000000e+00
1.800302570586983464e+01,0.000000000000000000e+00,0.000000000000000000e+00
1.995281876457773862e+01,0.000000000000000000e+00,0.000000000000000000e+00
1.809422196010427797e+01,0.000000000000000000e+00,0.000000000000000000e+00
2.577603260213068026e+01,0.000000000000000000e+00,0.000000000000000000e+00
2.409292929591926224e+01,0.000000000000000000e+00,0.000000000000000000e+00
2.199815694074057859e+01,0.000000000000000000e+00,0.000000000000000000e+00
2.091787832353503163e+01,0.000000000000000000e+00,0.000000000000000000e+00
2.069607696288399268e+01,0.000000000000000000e+00,0.000000000000000000e+00
1.993798963279685310e+01,0.000000000000000000e+00,0.000000000000000000e+00
2.085449070916870440e+01,0.000000000000000000e+00,0.000000000000000000e+00
1.955676080609617884e+01,0.000000000000000000e+00,0.000000000000000000e+00
1.861499674381705205e+01,0.000000000000000000e+00,0.000000000000000000e+00
2.229737638379299014e+01,0.000000000000000000e+00,0.000000000000000000e+00
1.998296546752770908e+01,0.000000000000000000e+00,0.000000000000000000e+00
1.901990166177846575e+01,0.000000000000000000e+00,0.000000000000000000e+00
2.048663932276662791e+01,0.000000000000000000e+00,0.000000000000000000e+00
2.196931092346858350e+01,0.000000000000000000e+00,0.000000000000000000e+00
1.933871653731133478e+01,0.000000000000000000e+00,0.000000000000000000e+00
2.131194680929922569e+01,0.000000000000000000e+00,0.000000000000000000e+00
2.536299529350280579e+01,0.000000000000000000e+00,0.000000000000000000e+00
1.970736253085306799e+01,0.000000000000000000e+00,0.000000000000000000e+00
2.336796000551326102e+01,0.000000000000000000e+00,0.000000000000000000e+00
1.872110150706255638e+01,0.000000000000000000e+00,0.000000000000000000e+00
1.788909130927621760e+01,0.000000000000000000e+00,0.000000000000000000e+00
2.189136224185687851e+01,0.000000000000000000e+00,0.000000000000000000e+00
2.126062441805570558e+01,0.000000000000000000e+00,0.000000000000000000e+00
2.310210149463479468e+01,0.000000000000000000e+00,0.000000000000000000e+00
2.113633574859348130e+01,0.000000000000000000e+00,0.000000000000000000e+00
2.015053220062090844e+01,0.000000000000000000e+00,0.000000000000000000e+00
1.752356493180825936e+01,0.000000000000000000e+00,0.000000000000000000e+00
2.049754394737110275e+01,0.000000000000000000e+00,0.000000000000000000e+00
2.217335676854552773e+01,0.000000000000000000e+00,0.000000000000000000e+00
2.060414246317158060e+01,0.000000000000000000e+00,0.000000000000000000e+00
1.909355391020602966e+01,0.000000000000000000e+00,0.000000000000000000e+00
2.652611592701159182e+01,0.000000000000000000e+00,0.000000000000000000e+00
2.095643175398922864e+01,0.000000000000000000e+00,0.000000000000000000e+00
1.888619631845468305e+01,0.000000000000000000e+00,0.000000000000000000e+00
2.610147744014563287e+01,0.000000000000000000e+00,0.000000000000000000e+00
2.090738828797813298e+01,0.000000000000000000e+00,0.000000000000000000e+00
1.982386472870936345e+01,0.000000000000000000e+00,0.000000000000000000e+00
1.904706830521744010e+01,0.000000000000000000e+00,0.000000000000000000e+00
1.964840297797458035e+01,0.000000000000000000e+00,0.000000000000000000e+00
1.907418030551896848e+01,0.000000000000000000e+00,0.000000000000000000e+00
2.234496639986774369e+01,0.000000000000000000e+00,0.000000000000000000e+00
2.000452026468723687e+01,0.000000000000000000e+00,0.000000000000000000e+00
2.424413640436756978e+01,0.000000000000000000e+00,0.000000000000000000e+00
1.895828604433712172e+01,0.000000000000000000e+00,0.000000000000000000e+00
1.942245769247199405e+01,0.000000000000000000e+00,0.000000000000000000e+00
2.166761852528408028e+01,0.000000000000000000e+00,0.000000000000000000e+00
2.160118998938842338e+01,0.000000000000000000e+00,0.000000000000000000e+00
1.848827499319158107e+01,0.000000000000000000e+00,0.000000000000000000e+00
2.105798283591410325e+01,0.000000000000000000e+00,0.000000000000000000e+00
1.878097164827867971e+01,0.000000000000000000e+00,0.000000000000000000e+00
1.818809832252171788e+01,0.000000000000000000e+00,0.000000000000000000e+00
2.248813632816080954e+01,0.000000000000000000e+00,0.000000000000000000e+00
2.353352905256441829e+01,0.000000000000000000e+00,0.000000000000000000e+00
1.830506954384142659e+01,0.000000000000000000e+00,0.000000000000000000e+00
2.150472766887072851e+01,0.000000000000000000e+00,0.000000000000000000e+00
2.158037103787891198e+01,0.000000000000000000e+00,0.000000000000000000e+00
2.041434678207556885e+01,0.000000000000000000e+00,0.000000000000000000e+00
2.086785439183758228e+01,0.000000000000000000e+00,0.000000000000000000e+00
1.998794198019935564e+01,0.000000000000000000e+00,0.000000000000000000e+00
2.139697374546848252e+01,0.000000000000000000e+00,0.000000000000000000e+00
2.646670672430333582e+01,0.000000000000000000e+00,0.000000000000000000e+00
2.212440821797722634e+01,0.000000000000000000e+00,0.000000000000000000e+00
2.194921187144803199e+01,0.000000000000000000e+00,0.000000000000000000e+00
2.052563553029923327e+01,0.000000000000000000e+00,0.000000000000000000e+00
2.289872468110530335e+01,0.000000000000000000e+00,0.000000000000000000e+00
1.614130147584736719e+01,0.000000000000000000e+00,0.000000000000000000e+00
2.246805105197380215e+01,0.000000000000000000e+00,0.000000000000000000e+00
2.587687600095313911e+01,0.000000000000000000e+00,0.000000000000000000e+00
2.154823685152608803e+01,0.000000000000000000e+00,0.000000000000000000e+00
2.030230401662229056e+01,0.000000000000000000e+00,0.000000000000000000e+00
1.975305415715653723e+01,0.000000000000000000e+00,0.000000000000000000e+00
2.092904534917572335e+01,0.000000000000000000e+00,0.000000000000000000e+00
2.174531959875944054e+01,0.000000000000000000e+00,0.000000000000000000e+00
2.339200005243091240e+01,0.000000000000000000e+00,0.000000000000000000e+00
2.255407407089493077e+01,0.000000000000000000e+00,0.000000000000000000e+00
2.062688102204783647e+01,0.000000000000000000e+00,0.000000000000000000e+00
2.383833098151095342e+01,0.000000000000000000e+00,0.000000000000000000e+00
2.443640002752766804e+01,0.000000000000000000e+00,0.000000000000000000e+00
1.918816397259470818e+01,0.000000000000000000e+00,0.000000000000000000e+00
2.135767510966177340e+01,0.000000000000000000e+00,0.000000000000000000e+00
2.270916730286432283e+01,0.000000000000000000e+00,0.000000000000000000e+00
2.432121861265466833e+01,0.000000000000000000e+00,0.000000000000000000e+00
2.037498499696089738e+01,0.000000000000000000e+00,0.000000000000000000e+00
2.104090659605419589e+01,0.000000000000000000e+00,0.000000000000000000e+00
2.308521227858224023e+01,0.000000000000000000e+00,0.000000000000000000e+00
2.248152579775305782e+01,0.000000000000000000e+00,0.000000000000000000e+00
2.394013210886202003e+01,0.000000000000000000e+00,0.000000000000000000e+00
2.238760496400517752e+01,0.000000000000000000e+00,0.000000000000000000e+00
2.349894880875936209e+01,0.000000000000000000e+00,0.000000000000000000e+00
2.539618292127388699e+01,0.000000000000000000e+00,0.000000000000000000e+00
2.524011007847725097e+01,0.000000000000000000e+00,0.000000000000000000e+00
2.377472943148185180e+01,0.000000000000000000e+00,0.000000000000000000e+00
2.119957967684499067e+01,0.000000000000000000e+00,0.000000000000000000e+00
2.289814469675939534e+01,0.000000000000000000e+00,0.000000000000000000e+00
2.281725996189161521e+01,0.000000000000000000e+00,0.000000000000000000e+00
2.456738553200379371e+01,0.000000000000000000e+00,0.000000000000000000e+00
2.396020822276171458e+01,0.000000000000000000e+00,0.000000000000000000e+00
2.400458944381133364e+01,0.000000000000000000e+00,0.000000000000000000e+00
2.355228651411046314e+01,0.000000000000000000e+00,0.000000000000000000e+00
1.941055127798536262e+01,0.000000000000000000e+00,0.000000000000000000e+00
2.604052587847673550e+01,0.000000000000000000e+00,0.000000000000000000e+00
2.536122565173795707e+01,0.000000000000000000e+00,0.000000000000000000e+00
2.086651548428983460e+01,0.000000000000000000e+00,0.000000000000000000e+00
2.110820135392532393e+01,0.000000000000000000e+00,0.000000000000000000e+00
2.244855488093400808e+01,0.000000000000000000e+00,0.000000000000000000e+00
2.388473699741303946e+01,0.000000000000000000e+00,0.000000000000000000e+00
2.307556444480120561e+01,0.000000000000000000e+00,0.000000000000000000e+00
2.223005711338622348e+01,0.000000000000000000e+00,0.000000000000000000e+00
2.236159779492643196e+01,0.000000000000000000e+00,0.000000000000000000e+00
2.169762238429531109e+01,0.000000000000000000e+00,0.000000000000000000e+00
2.311255378045461484e+01,0.000000000000000000e+00,0.000000000000000000e+00
1.951410983717356729e+01,0.000000000000000000e+00,0.000000000000000000e+00
2.487302047843825648e+01,0.000000000000000000e+00,0.000000000000000000e+00
2.393610368972061053e+01,0.000000000000000000e+00,0.000000000000000000e+00
2.248885261346732278e+01,0.000000000000000000e+00,0.000000000000000000e+00
2.281346854710730554e+01,0.000000000000000000e+00,0.000000000000000000e+00
2.455395089772028072e+01,0.000000000000000000e+00,0.000000000000000000e+00
2.613918822245979001e+01,0.000000000000000000e+00,0.000000000000000000e+00
2.651918259096606789e+01,0.000000000000000000e+00,0.000000000000000000e+00
2.400780349111386869e+01,0.000000000000000000e+00,0.000000000000000000e+00
2.353414811075379021e+01,0.000000000000000000e+00,0.000000000000000000e+00
2.690638883378071000e+01,0.000000000000000000e+00,0.000000000000000000e+00
2.200113776436302260e+01,0.000000000000000000e+00,0.000000000000000000e+00
2.561666600358354628e+01,0.000000000000000000e+00,0.000000000000000000e+00
2.734509274035283610e+01,0.000000000000000000e+00,0.000000000000000000e+00
2.738227053032832004e+01,0.000000000000000000e+00,0.000000000000000000e+00
2.367002774000592780e+01,0.000000000000000000e+00,0.000000000000000000e+00
2.144033767112137312e+01,0.000000000000000000e+00,0.000000000000000000e+00
2.398466982524013602e+01,0.000000000000000000e+00,0.000000000000000000e+00
2.166282991267537028e+01,0.000000000000000000e+00,0.000000000000000000e+00
2.294669282968712309e+01,0.000000000000000000e+00,0.000000000000000000e+00
2.815861206458695420e+01,0.000000000000000000e+00,0.000000000000000000e+00
2.411454087166997340e+01,0.000000000000000000e+00,0.000000000000000000e+00
2.392310474868389392e+01,0.000000000000000000e+00,0.000000000000000000e+00
2.260903716475630532e+01,0.000000000000000000e+00,0.000000000000000000e+00
2.388332817210199721e+01,0.000000000000000000e+00,0.000000000000000000e+00
2.597247019314951899e+01,0.000000000000000000e+00,0.000000000000000000e+00
2.164724790526931741e+01,0.000000000000000000e+00,0.000000000000000000e+00
2.939320226146121939e+01,0.000000000000000000e+00,0.000000000000000000e+00
2.609671028777051660e+01,0.000000000000000000e+00,0.000000000000000000e+00
2.280801067237234392e+01,0.000000000000000000e+00,0.000000000000000000e+00
2.436628913074731884e+01,0.000000000000000000e+00,0.000000000000000000e+00
2.253742739469977252e+01,0.000000000000000000e+00,0.000000000000000000e+00
2.394476736936706018e+01,0.000000000000000000e+00,0.000000000000000000e+00
2.716962605791172436e+01,0.000000000000000000e+00,0.000000000000000000e+00
2.605584277875458454e+01,0.000000000000000000e+00,0.000000000000000000e+00
2.458251822987040214e+01,0.000000000000000000e+00,0.000000000000000000e+00
2.562907495655808887e+01,0.000000000000000000e+00,0.000000000000000000e+00
2.865762254556008770e+01,0.000000000000000000e+00,0.000000000000000000e+00
2.361199643971244910e+01,0.000000000000000000e+00,0.000000000000000000e+00
2.225650908113564697e+01,0.000000000000000000e+00,0.000000000000000000e+00
2.820702419915761183e+01,0.000000000000000000e+00,0.000000000000000000e+00
2.644066387657632333e+01,0.000000000000000000e+00,0.000000000000000000e+00
2.247818405410526665e+01,0.000000000000000000e+00,0.000000000000000000e+00
2.232796495156244987e+01,0.000000000000000000e+00,0.000000000000000000e+00
2.207192893208900131e+01,0.000000000000000000e+00,0.000000000000000000e+00
2.802063803961733157e+01,0.000000000000000000e+00,0.000000000000000000e+00
2.893528144850697004e+01,0.000000000000000000e+00,0.000000000000000000e+00
2.475735148758299786e+01,0.000000000000000000e+00,0.000000000000000000e+00
2.350042731506414029e+01,0.000000000000000000e+00,0.000000000000000000e+00
2.507957595179238197e+01,0.000000000000000000e+00,0.000000000000000000e+00
2.326983614473722639e+01,0.000000000000000000e+00,0.000000000000000000e+00
2.533185843774519341e+01,0.000000000000000000e+00,0.000000000000000000e+00
2.363010427289013293e+01,0.000000000000000000e+00,0.000000000000000000e+00
2.535679573731562542e+01,0.000000000000000000e+00,0.000000000000000000e+00
2.188145528615293500e+01,0.000000000000000000e+00,0.000000000000000000e+00
2.197659040075149761e+01,0.000000000000000000e+00,0.000000000000000000e+00
2.638241101993142124e+01,0.000000000000000000e+00,0.000000000000000000e+00
2.400522970289315339e+01,0.000000000000000000e+00,0.000000000000000000e+00
2.447993120175517845e+01,0.000000000000000000e+00,0.000000000000000000e+00
2.662992531777589278e+01,0.000000000000000000e+00,0.000000000000000000e+00
2.528927881847551262e+01,0.000000000000000000e+00,0.000000000000000000e+00
2.797395017286643437e+01,0.000000000000000000e+00,0.000000000000000000e+00
2.726924927966577172e+01,0.000000000000000000e+00,0.000000000000000000e+00
2.803027082820802818e+01,0.000000000000000000e+00,0.000000000000000000e+00
2.693461781315981796e+01,0.000000000000000000e+00,0.000000000000000000e+00
2.517955514046435894e+01,0.000000000000000000e+00,0.000000000000000000e+00
2.326743655484298046e+01,0.000000000000000000e+00,0.000000000000000000e+00
2.591749758879627308e+01,0.000000000000000000e+00,0.000000000000000000e+00
2.408644015567881169e+01,0.000000000000000000e+00,0.000000000000000000e+00
2.479263283006409679e+01,0.000000000000000000e+00,0.000000000000000000e+00
2.766515409145187832e+01,0.000000000000000000e+00,0.000000000000000000e+00
2.397991613228549213e+01,0.000000000000000000e+00,0.000000000000000000e+00
2.669639680622410793e+01,0.000000000000000000e+00,0.000000000000000000e+00
2.901876563630833417e+01,0.000000000000000000e+00,0.000000000000000000e+00
2.975815868540895082e+01,0.000000000000000000e+00,0.000000000000000000e+00
2.758084459102292385e+01,0.000000000000000000e+00,0.000000000000000000e+00
2.730160347077494265e+01,0.000000000000000000e+00,0.000000000000000000e+00
2.808326336306625848e+01,0.000000000000000000e+00,0.000000000000000000e+00
2.646053437094815663e+01,0.000000000000000000e+00,0.000000000000000000e+00
2.994564318277804915e+01,0.000000000000000000e+00,0.000000000000000000e+00
2.719563739991606965e+01,0.000000000000000000e+00,0.000000000000000000e+00
2.748523822510276204e+01,0.000000000000000000e+00,0.000000000000000000e+00
2.550505887947192107e+01,0.000000000000000000e+00,0.000000000000000000e+00
2.423513954810639959e+01,0.000000000000000000e+00,0.000000000000000000e+00
2.732880832075427335e+01,0.000000000000000000e+00,0.000000000000000000e+00
2.515162458814592483e+01,0.000000000000000000e+00,0.000000000000000000e+00
2.639372391827461328e+01,0.000000000000000000e+00,0.000000000000000000e+00
2.591094942452147976e+01,0.000000000000000000e+00,0.000000000000000000e+00
2.508427321240704799e+01,0.000000000000000000e+00,0.000000000000000000e+00
2.950143654998026577e+01,0.000000000000000000e+00,0.000000000000000000e+00
2.500004909009066623e+01,0.000000000000000000e+00,0.000000000000000000e+00
2.895431815562958278e+01,0.000000000000000000e+00,0.000000000000000000e+00
2.611439610899843800e+01,0.000000000000000000e+00,0.000000000000000000e+00
2.722182206919632819e+01,0.000000000000000000e+00,0.000000000000000000e+00
2.921969808955184078e+01,0.000000000000000000e+00,0.000000000000000000e+00
2.313694077757856604e+01,0.000000000000000000e+00,0.000000000000000000e+00
3.383879736379445546e+01,0.000000000000000000e+00,0.000000000000000000e+00
2.574160385757862457e+01,0.000000000000000000e+00,0.000000000000000000e+00
2.833824602724081032e+01,0.000000000000000000e+00,0.000000000000000000e+00
2.593412818599053793e+01,0.000000000000000000e+00,0.000000000000000000e+00
2.874263847950828321e+01,0.000000000000000000e+00,0.000000000000000000e+00
2.962427123321447198e+01,0.000000000000000000e+00,0.000000000000000000e+00
2.557318972821515857e+01,0.000000000000000000e+00,0.000000000000000000e+00
2.710748687368836940e+01,0.000000000000000000e+00,0.000000000000000000e+00
2.776833932215275524e+01,0.000000000000000000e+00,0.000000000000000000e+00
2.508087077033207990e+01,0.000000000000000000e+00,0.000000000000000000e+00
3.060090534575515875e+01,0.000000000000000000e+00,0.000000000000000000e+00
2.526672654975289234e+01,0.000000000000000000e+00,0.000000000000000000e+00
2.725929765185825104e+01,0.000000000000000000e+00,0.000000000000000000e+00
2.606550586236636136e+01,0.000000000000000000e+00,0.000000000000000000e+00
2.805791843857027956e+01,0.000000000000000000e+00,0.000000000000000000e+00
3.056772943922705466e+01,0.000000000000000000e+00,0.000000000000000000e+00
2.639715830035173738e+01,0.000000000000000000e+00,0.000000000000000000e+00
2.946831065289199714e+01,0.000000000000000000e+00,0.000000000000000000e+00
2.969891459297170400e+01,0.000000000000000000e+00,0.000000000000000000e+00
2.855598423987573398e+01,0.000000000000000000e+00,0.000000000000000000e+00
2.823245200987454240e+01,0.000000000000000000e+00,0.000000000000000000e+00
2.794395449600669679e+01,0.000000000000000000e+00,0.000000000000000000e+00
2.753232662145212117e+01,0.000000000000000000e+00,0.000000000000000000e+00
2.733083230536471575e+01,0.000000000000000000e+00,0.000000000000000000e+00
2.668467150106857488e+01,0.000000000000000000e+00,0.000000000000000000e+00
3.198281096609155227e+01,0.000000000000000000e+00,0.000000000000000000e+00
2.784362434966183031e+01,0.000000000000000000e+00,0.000000000000000000e+00
2.684474982463012793e+01,0.000000000000000000e+00,0.000000000000000000e+00
3.034788350117384326e+01,0.000000000000000000e+00,0.000000000000000000e+00
2.736488114953095163e+01,0.000000000000000000e+00,0.000000000000000000e+00
2.961319113430285555e+01,0.000000000000000000e+00,0.000000000000000000e+00
3.200394736215542935e+01,0.000000000000000000e+00,0.000000000000000000e+00
2.855160256980392219e+01,0.000000000000000000e+00,0.000000000000000000e+00
2.872460041231454042e+01,0.000000000000000000e+00,0.000000000000000000e+00
3.118103997776107050e+01,0.000000000000000000e+00,0.000000000000000000e+00
3.230635870353656003e+01,0.000000000000000000e+00,0.000000000000000000e+00
2.908152844399401715e+01,0.000000000000000000e+00,0.000000000000000000e+00
2.873681051154512645e+01,0.000000000000000000e+00,0.000000000000000000e+00
3.161719072002793851e+01,0.000000000000000000e+00,0.000000000000000000e+00
2.785734135756801066e+01,0.000000000000000000e+00,0.000000000000000000e+00
3.168541164073934624e+01,0.000000000000000000e+00,0.000000000000000000e+00
3.350712412874023727e+01,0.000000000000000000e+00,0.000000000000000000e+00
2.616796078076105658e+01,0.000000000000000000e+00,0.000000000000000000e+00
2.963375696656177993e+01,0.000000000000000000e+00,0.000000000000000000e+00
2.979656842688348917e+01,0.000000000000000000e+00,0.000000000000000000e+00
2.859911227636847286e+01,0.000000000000000000e+00,0.000000000000000000e+00
3.009160221963159287e+01,0.000000000000000000e+00,0.000000000000000000e+00
3.309596578836122660e+01,0.000000000000000000e+00,0.000000000000000000e+00
2.988993130203012072e+01,0.000000000000000000e+00,0.000000000000000000e+00
3.033366251723234797e+01,0.000000000000000000e+00,0.000000000000000000e+00
3.147527663748798687e+01,0.000000000000000000e+00,0.000000000000000000e+00
2.832927610356598080e+01,0.000000000000000000e+00,0.000000000000000000e+00
2.874050322143198244e+01,0.000000000000000000e+00,0.000000000000000000e+00
2.575610341559251637e+01,0.000000000000000000e+00,0.000000000000000000e+00
3.213582402358657930e+01,0.000000000000000000e+00,0.000000000000000000e+00
2.934014658468901615e+01,0.000000000000000000e+00,0.000000000000000000e+00
3.299396660218545918e+01,0.000000000000000000e+00,0.000000000000000000e+00
3.188326658521424051e+01,0.000000000000000000e+00,0.000000000000000000e+00
2.939298600906617764e+01,0.000000000000000000e+00,0.000000000000000000e+00
2.926068878717289223e+01,0.000000000000000000e+00,0.000000000000000000e+00
3.101339500499725332e+01,0.000000000000000000e+00,0.000000000000000000e+00
3.044071242221992080e+01,0.000000000000000000e+00,0.000000000000000000e+00
3.331945299881260780e+01,0.000000000000000000e+00,0.000000000000000000e+00
3.207431147279499584e+01,0.000000000000000000e+00,0.000000000000000000e+00
3.246911186136654237e+01,0.000000000000000000e+00,0.000000000000000000e+00
3.238813702899331304e+01,0.000000000000000000e+00,0.000000000000000000e+00
2.988369174379468518e+01,0.000000000000000000e+00,0.000000000000000000e+00
3.319714494422710516e+01,0.000000000000000000e+00,0.000000000000000000e+00
3.050408227901313296e+01,0.000000000000000000e+00,0.000000000000000000e+00
3.457229817682598849e+01,0.000000000000000000e+00,0.000000000000000000e+00
3.300579631642354173e+01,0.000000000000000000e+00,0.000000000000000000e+00
2.947952437255094793e+01,0.000000000000000000e+00,0.000000000000000000e+00
3.104758951584780036e+01,0.000000000000000000e+00,0.000000000000000000e+00
3.025745026946839289e+01,0.000000000000000000e+00,0.000000000000000000e+00
3.443559289938509238e+01,0.000000000000000000e+00,0.000000000000000000e+00
3.588128832662221868e+01,0.000000000000000000e+00,0.000000000000000000e+00
3.141923351009974041e+01,0.000000000000000000e+00,0.000000000000000000e+00
3.390205571929622863e+01,0.000000000000000000e+00,0.000000000000000000e+00
3.358728868629891906e+01,0.000000000000000000e+00,0.000000000000000000e+00
3.539494829547586363e+01,0.000000000000000000e+00,0.000000000000000000e+00
3.182811907508894933e+01,0.000000000000000000e+00,0.000000000000000000e+00
3.338785072565234913e+01,0.000000000000000000e+00,0.000000000000000000e+00
3.334089120697218789e+01,0.000000000000000000e+00,0.000000000000000000e+00
2.923535128975499120e+01,0.000000000000000000e+00,0.000000000000000000e+00
2.909587058913565727e+01,0.000000000000000000e+00,0.000000000000000000e+00
3.035296051357386204e+01,0.000000000000000000e+00,0.000000000000000000e+00
3.281624098475410989e+01,0.000000000000000000e+00,0.000000000000000000e+00
3.064953525057645223e+01,0.000000000000000000e+00,0.000000000000000000e+00
3.523257565256992052e+01,0.000000000000000000e+00,0.000000000000000000e+00
3.285118423171073943e+01,0.000000000000000000e+00,0.000000000000000000e+00
3.587939032447376775e+01,0.000000000000000000e+00,0.000000000000000000e+00
3.494373429244459572e+01,0.000000000000000000e+00,0.000000000000000000e+00
3.718282109679018532e+01,0.000000000000000000e+00,0.000000000000000000e+00
3.072720733154015704e+01,0.000000000000000000e+00,0.000000000000000000e+00
3.255117608422736453e+01,0.000000000000000000e+00,0.000000000000000000e+00
3.373097458488993539e+01,0.000000000000000000e+00,0.000000000000000000e+00
3.525154059337381085e+01,0.000000000000000000e+00,0.000000000000000000e+00
3.202984875610661675e+01,0.000000000000000000e+00,0.000000000000000000e+00
3.333386860154499942e+01,0.000000000000000000e+00,0.000000000000000000e+00
3.465206623635952354e+01,0.000000000000000000e+00,0.000000000000000000e+00
3.536291404170896868e+01,0.000000000000000000e+00,0.000000000000000000e+00
2.959321869661856041e+01,0.000000000000000000e+00,0.000000000000000000e+00
3.624114179997814489e+01,0.000000000000000000e+00,0.000000000000000000e+00
3.729985577628288240e+01,0.000000000000000000e+00,0.000000000000000000e+00
3.419927433578062903e+01,0.000000000000000000e+00,0.000000000000000000e+00
3.182051918719815120e+01,0.000000000000000000e+00,0.000000000000000000e+00
2.916662180584620501e+01,0.000000000000000000e+00,0.000000000000000000e+00
3.277513872690494168e+01,0.000000000000000000e+00,0.000000000000000000e+00
3.396163292624108010e+01,0.000000000000000000e+00,0.000000000000000000e+00
3.586507310195806042e+01,0.000000000000000000e+00,0.000000000000000000e+00
3.137147170349345515e+01,0.000000000000000000e+00,0.000000000000000000e+00
3.113294026838143225e+01,0.000000000000000000e+00,0.000000000000000000e+00
3.288623930097649151e+01,0.000000000000000000e+00,0.000000000000000000e+00
3.406757900059182731e+01,0.000000000000000000e+00,0.000000000000000000e+00
3.896320795643083557e+01,0.000000000000000000e+00,0.000000000000000000e+00
3.300913616716015042e+01,0.000000000000000000e+00,0.000000000000000000e+00
3.362265346808935362e+01,0.000000000000000000e+00,0.000000000000000000e+00
3.590629058721440714e+01,0.000000000000000000e+00,0.000000000000000000e+00
3.616878359864320913e+01,0.000000000000000000e+00,0.000000000000000000e+00
3.692840845357639523e+01,0.000000000000000000e+00,0.000000000000000000e+00
3.715113978486274249e+01,0.000000000000000000e+00,0.000000000000000000e+00
3.360466069348660767e+01,0.000000000000000000e+00,0.000000000000000000e+00
3.609906419141066891e+01,0.000000000000000000e+00,0.000000000000000000e+00
3.675880613919077433e+01,0.000000000000000000e+00,0.000000000000000000e+00
3.478190459038833637e+01,0.000000000000000000e+00,0.000000000000000000e+00
3.547706708699324452e+01,0.000000000000000000e+00,0.000000000000000000e+00
3.285160423958809162e+01,0.000000000000000000e+00,0.000000000000000000e+00
3.664015341881508192e+01,0.000000000000000000e+00,0.000000000000000000e+00
3.695158114331316312e+01,0.000000000000000000e+00,0.000000000000000000e+00
3.411955430881565832e+01,0.000000000000000000e+00,0.000000000000000000e+00
3.483248541925395614e+01,0.000000000000000000e+00,0.000000000000000000e+00
3.745643272196492291e+01,0.000000000000000000e+00,0.000000000000000000e+00
3.775995170408412349e+01,0.000000000000000000e+00,0.000000000000000000e+00
3.793562170248143417e+01,0.000000000000000000e+00,0.000000000000000000e+00
3.388380636014149161e+01,0.000000000000000000e+00,0.000000000000000000e+00
3.928799546598386883e+01,0.000000000000000000e+00,0.000000000000000000e+00
3.561092564781979064e+01,0.000000000000000000e+00,0.000000000000000000e+00
3.539651621618398281e+01,0.000000000000000000e+00,0.000000000000000000e+00
4.003341268067035941e+01,0.000000000000000000e+00,0.000000000000000000e+00
3.754479946748136143e+01,0.000000000000000000e+00,0.000000000000000000e+00
3.783827387552895516e+01,0.000000000000000000e+00,0.000000000000000000e+00
3.441422962132586605e+01,0.000000000000000000e+00,0.000000000000000000e+00
3.779561794615476344e+01,0.000000000000000000e+00,0.000000000000000000e+00
3.741521065806875868e+01,0.000000000000000000e+00,0.000000000000000000e+00
3.736344863727154575e+01,0.000000000000000000e+00,0.000000000000000000e+00
3.906757082625804856e+01,0.000000000000000000e+00,0.000000000000000000e+00
3.810996170917881898e+01,0.000000000000000000e+00,0.000000000000000000e+00
3.630762674519139210e+01,0.000000000000000000e+00,0.000000000000000000e+00
3.927385050593376548e+01,0.000000000000000000e+00,0.000000000000000000e+00
3.798261415811175112e+01,0.000000000000000000e+00,0.000000000000000000e+00
3.904581554734761539e+01,0.000000000000000000e+00,0.000000000000000000e+00
3.705619327323557144e+01,0.000000000000000000e+00,0.000000000000000000e+00
3.841128324826180318e+01,0.000000000000000000e+00,0.000000000000000000e+00
3.964432817445889867e+01,0.000000000000000000e+00,0.000000000000000000e+00
3.520962257550662855e+01,0.000000000000000000e+00,0.000000000000000000e+00
3.798896518346627005e+01,0.000000000000000000e+00,0.000000000000000000e+00
4.101184989528435665e+01,0.000000000000000000e+00,0.000000000000000000e+00
3.905144496918597241e+01,0.000000000000000000e+00,0.000000000000000000e+00
3.237338925753861218e+01,0.000000000000000000e+00,0.000000000000000000e+00
3.765144860700152663e+01,0.000000000000000000e+00,0.000000000000000000e+00
3.485279594072686393e+01,0.000000000000000000e+00,0.000000000000000000e+00
3.500909835475256671e+01,0.000000000000000000e+00,0.000000000000000000e+00
3.974456513282493830e+01,0.000000000000000000e+00,0.000000000000000000e+00
3.758918804933916391e+01,0.000000000000000000e+00,0.000000000000000000e+00
3.937108957662911024e+01,0.000000000000000000e+00,0.000000000000000000e+00
3.708760568565642046e+01,0.000000000000000000e+00,0.000000000000000000e+00
4.041691155081984022e+01,0.000000000000000000e+00,0.000000000000000000e+00
4.127152829332514727e+01,0.000000000000000000e+00,0.000000000000000000e+00
3.843972457438039214e+01,0.000000000000000000e+00,0.000000000000000000e+00
4.012919010428448274e+01,0.000000000000000000e+00,0.000000000000000000e+00
3.954084700717800160e+01,0.000000000000000000e+00,0.000000000000000000e+00
3.940215086257475008e+01,0.000000000000000000e+00,0.000000000000000000e+00
3.675444184257327862e+01,0.000000000000000000e+00,0.000000000000000000e+00
4.010397918323831590e+01,0.000000000000000000e+00,0.000000000000000000e+00
3.805038465197458919e+01,0.000000000000000000e+00,0.000000000000000000e+00
3.722506969013463163e+01,0.000000000000000000e+00,0.000000000000000000e+00
3.757901591518923823e+01,0.000000000000000000e+00,0.000000000000000000e+00
4.053081796079513310e+01,0.000000000000000000e+00,0.000000000000000000e+00
3.758889895646490231e+01,0.000000000000000000e+00,0.000000000000000000e+00
3.885843421459207292e+01,0.000000000000000000e+00,0.000000000000000000e+00
3.728063575397967355e+01,0.000000000000000000e+00,0.000000000000000000e+00
4.121192775547237375e+01,0.000000000000000000e+00,0.000000000000000000e+00
3.853850210129746046e+01,0.000000000000000000e+00,0.000000000000000000e+00
3.729566021181440050e+01,0.000000000000000000e+00,0.000000000000000000e+00
4.221735727486309031e+01,0.000000000000000000e+00,0.000000000000000000e+00
3.953282330814373324e+01,0.000000000000000000e+00,0.000000000000000000e+00
3.817495651281566182e+01,0.000000000000000000e+00,0.000000000000000000e+00
3.888821181937174032e+01,0.000000000000000000e+00,0.000000000000000000e+00
3.898048325861420693e+01,0.000000000000000000e+00,0.000000000000000000e+00
3.824202127078726932e+01,0.000000000000000000e+00,0.000000000000000000e+00
3.708641836733140451e+01,0.000000000000000000e+00,0.000000000000000000e+00
4.131044129283284150e+01,0.000000000000000000e+00,0.000000000000000000e+00
4.223901230986650290e+01,0.000000000000000000e+00,0.000000000000000000e+00
4.042404275119238832e+01,0.000000000000000000e+00,0.000000000000000000e+00
4.005698324425058843e+01,0.000000000000000000e+00,0.000000000000000000e+00
4.131445559327551109e+01,0.000000000000000000e+00,0.000000000000000000e+00
3.888141617687450236e+01,0.000000000000000000e+00,0.000000000000000000e+00
3.992932371645807166e+01,0.000000000000000000e+00,0.000000000000000000e+00
3.979222670996066569e+01,0.000000000000000000e+00,0.000000000000000000e+00
4.500205444951305367e+01,0.000000000000000000e+00,0.000000000000000000e+00
4.233634041986522334e+01,0.000000000000000000e+00,0.000000000000000000e+00
4.323813684362896481e+01,0.000000000000000000e+00,0.000000000000000000e+00
4.226105893634859711e+01,0.000000000000000000e+00,0.000000000000000000e+00
4.328119071112784866e+01,0.000000000000000000e+00,0.000000000000000000e+00
4.084145866830099436e+01,0.000000000000000000e+00,0.000000000000000000e+00
4.487879619208460724e+01,0.000000000000000000e+00,0.000000000000000000e+00
4.231517420218072090e+01,0.000000000000000000e+00,0.000000000000000000e+00
4.154968462062393542e+01,0.000000000000000000e+00,0.000000000000000000e+00
4.034346257741678698e+01,0.000000000000000000e+00,0.000000000000000000e+00
4.102000120239846837e+01,0.000000000000000000e+00,0.000000000000000000e+00
4.380205415755247600e+01,0.000000000000000000e+00,0.000000000000000000e+00
4.273906898097165907e+01,0.000000000000000000e+00,0.000000000000000000e+00
4.236615662885165534e+01,0.000000000000000000e+00,0.000000000000000000e+00
4.209684209279578937e+01,0.000000000000000000e+00,0.000000000000000000e+00
4.356861063675662393e+01,0.000000000000000000e+00,0.000000000000000000e+00
4.478357468227528670e+01,0.000000000000000000e+00,0.000000000000000000e+00
4.362381772000610169e+01,0.000000000000000000e+00,0.000000000000000000e+00
4.396228322618174644e+01,0.000000000000000000e+00,0.000000000000000000e+00
4.298271586037949987e+01,0.000000000000000000e+00,0.000000000000000000e+00
4.089451254764512100e+01,0.000000000000000000e+00,0.000000000000000000e+00
4.473100429421442215e+01,0.000000000000000000e+00,0.000000000000000000e+00
4.035642529587984484e+01,0.000000000000000000e+00,0.000000000000000000e+00
4.021898410098393128e+01,0.000000000000000000e+00,0.000000000000000000e+00
4.002355568761134919e+01,0.000000000000000000e+00,0.000000000000000000e+00
4.325500572335013061e+01,0.000000000000000000e+00,0.000000000000000000e+00
4.498637298971242160e+01,0.000000000000000000e+00,0.000000000000000000e+00
4.317291475102146592e+01,0.000000000000000000e+00,0.000000000000000000e+00
4.501458287624469534e+01,0.000000000000000000e+00,0.000000000000000000e+00
4.452776998112805984e+01,0.000000000000000000e+00,0.000000000000000000e+00
4.542495872905235643e+01,0.000000000000000000e+00,0.000000000000000000e+00
4.114131784109842016e+01,0.000000000000000000e+00,0.000000000000000000e+00
4.209245246070494773e+01,0.000000000000000000e+00,0.000000000000000000e+00
4.775957365459935033e+01,0.000000000000000000e+00,0.000000000000000000e+00
4.409067884799865311e+01,0.000000000000000000e+00,0.000000000000000000e+00
4.238221821850663673e+01,0.000000000000000000e+00,0.000000000000000000e+00
4.384865500783947567e+01,0.000000000000000000e+00,0.000000000000000000e+00
4.461354336243620367e+01,0.000000000000000000e+00,0.000000000000000000e+00
4.526529026755750351e+01,0.000000000000000000e+00,0.000000000000000000e+00
4.665637616611631699e+01,0.000000000000000000e+00,0.000000000000000000e+00
4.379542507990951350e+01,0.000000000000000000e+00,0.000000000000000000e+00
4.297487872856654434e+01,0.000000000000000000e+00,0.000000000000000000e+00
4.422856060830287817e+01,0.000000000000000000e+00,0.000000000000000000e+00
4.438939591347690339e+01,0.000000000000000000e+00,0.000000000000000000e+00
4.729444293753014961e+01,0.000000000000000000e+00,0.000000000000000000e+00
4.422005985242091697e+01,0.000000000000000000e+00,0.000000000000000000e+00
4.589127288108844738e+01,0.000000000000000000e+00,0.000000000000000000e+00
4.624328916761584907e+01,0.000000000000000000e+00,0.000000000000000000e+00
4.156898180005698862e+01,0.000000000000000000e+00,0.000000000000000000e+00
4.619131892770859338e+01,0.000000000000000000e+00,0.000000000000000000e+00
4.042704678595384138e+01,0.000000000000000000e+00,0.000000000000000000e+00
4.522552561580338448e+01,0.000000000000000000e+00,0.000000000000000000e+00
4.349489927665119637e+01,0.000000000000000000e+00,0.000000000000000000e+00
4.665882105694560522e+01,0.000000000000000000e+00,0.000000000000000000e+00
4.401735063841497464e+01,0.000000000000000000e+00,0.000000000000000000e+00
4.697079933136424756e+01,0.000000000000000000e+00,0.000000000000000000e+00
4.560706624424377509e+01,0.000000000000000000e+00,0.000000000000000000e+00
4.568411235501482537e+01,0.000000000000000000e+00,0.000000000000000000e+00
4.433397083322932275e+01,0.000000000000000000e+00,0.000000000000000000e+00
4.429916845211559462e+01,0.000000000000000000e+00,0.000000000000000000e+00
4.691094832629057976e+01,0.000000000000000000e+00,0.000000000000000000e+00
4.526700855235159793e+01,0.000000000000000000e+00,0.000000000000000000e+00
4.449260141241320099e+01,0.000000000000000000e+00,0.000000000000000000e+00
4.555345380626372531e+01,0.000000000000000000e+00,0.000000000000000000e+00
4.300410761712465302e+01,0.000000000000000000e+00,0.000000000000000000e+00
4.506689916544073071e+01,0.000000000000000000e+00,0.000000000000000000e+00
4.608474721208789049e+01,0.000000000000000000e+00,0.000000000000000000e+00
4.954453773922541160e+01,0.000000000000000000e+00,0.000000000000000000e+00
4.595589490043950320e+01,0.000000000000000000e+00,0.000000000000000000e+00
4.189869169743437993e+01,0.000000000000000000e+00,0.000000000000000000e+00
4.537666535474053120e+01,0.000000000000000000e+00,0.000000000000000000e+00
4.635892147478472936e+01,0.000000000000000000e+00,0.000000000000000000e+00
4.795423596301173319e+01,0.000000000000000000e+00,0.000000000000000000e+00
4.438912839749197303e+01,0.000000000000000000e+00,0.000000000000000000e+00
4.601830060439263548e+01,0.000000000000000000e+00,0.000000000000000000e+00
5.082851120004278300e+01,0.000000000000000000e+00,0.000000000000000000e+00
4.995102787276073286e+01,0.000000000000000000e+00,0.000000000000000000e+00
4.504942057920461451e+01,0.000000000000000000e+00,0.000000000000000000e+00
4.542932081096245867e+01,0.000000000000000000e+00,0.000000000000000000e+00
4.948609301879206157e+01,0.000000000000000000e+00,0.000000000000000000e+00
4.431819099575123033e+01,0.000000000000000000e+00,0.000000000000000000e+00
4.606788678625366629e+01,0.000000000000000000e+00,0.000000000000000000e+00
4.890199774953450174e+01,0.000000000000000000e+00,0.000000000000000000e+00
4.639114195747302460e+01,0.000000000000000000e+00,0.000000000000000000e+00
4.917220072961656996e+01,0.000000000000000000e+00,0.000000000000000000e+00
4.838488905657345640e+01,0.000000000000000000e+00,0.000000000000000000e+00
4.796413948793722426e+01,0.000000000000000000e+00,0.000000000000000000e+00
5.243764494661925823e+01,0.000000000000000000e+00,0.000000000000000000e+00
4.636376779715703833e+01,0.000000000000000000e+00,0.000000000000000000e+00
4.821538733614751493e+01,0.000000000000000000e+00,0.000000000000000000e+00
5.089834637998266231e+01,0.000000000000000000e+00,0.000000000000000000e+00
5.021876606122539499e+01,0.000000000000000000e+00,0.000000000000000000e+00
5.316416799293490669e+01,0.000000000000000000e+00,0.000000000000000000e+00
4.722746265430002666e+01,0.000000000000000000e+00,0.000000000000000000e+00
4.890847922777755485e+01,0.000000000000000000e+00,0.000000000000000000e+00
4.760022046294099596e+01,0.000000000000000000e+00,0.000000000000000000e+00
4.834856911289422499e+01,0.000000000000000000e+00,0.000000000000000000e+00
4.910142265523789007e+01,0.000000000000000000e+00,0.000000000000000000e+00
5.009156964201414297e+01,0.000000000000000000e+00,0.000000000000000000e+00
4.890644734013887529e+01,0.000000000000000000e+00,0.000000000000000000e+00
4.699328307846037944e+01,0.000000000000000000e+00,0.000000000000000000e+00
4.399254611748894206e+01,0.000000000000000000e+00,0.000000000000000000e+00
4.811422201008131339e+01,0.000000000000000000e+00,0.000000000000000000e+00
4.742324193941291099e+01,0.000000000000000000e+00,0.000000000000000000e+00
5.228211962691443659e+01,0.000000000000000000e+00,0.000000000000000000e+00
4.959947391940740147e+01,0.000000000000000000e+00,0.000000000000000000e+00
5.126397672112280191e+01,0.000000000000000000e+00,0.000000000000000000e+00
4.497090598999830036e+01,0.000000000000000000e+00,0.000000000000000000e+00
4.792407979891099501e+01,0.000000000000000000e+00,0.000000000000000000e+00
5.149053235063237821e+01,0.000000000000000000e+00,0.000000000000000000e+00
4.794031830867037769e+01,0.000000000000000000e+00,0.000000000000000000e+00
5.539228925184058028e+01,0.000000000000000000e+00,0.000000000000000000e+00
4.669684922485078005e+01,0.000000000000000000e+00,0.000000000000000000e+00
5.318485060387410357e+01,0.000000000000000000e+00,0.000000000000000000e+00
5.069142741620284909e+01,0.000000000000000000e+00,0.000000000000000000e+00
4.882243299659212710e+01,0.000000000000000000e+00,0.000000000000000000e+00
4.962470393435656746e+01,0.000000000000000000e+00,0.000000000000000000e+00
4.769654165889571118e+01,0.000000000000000000e+00,0.000000000000000000e+00
4.906159364956911162e+01,0.000000000000000000e+00,0.000000000000000000e+00
5.539654484536341528e+01,0.000000000000000000e+00,0.000000000000000000e+00
4.938327658232467599e+01,0.000000000000000000e+00,0.000000000000000000e+00
4.877466912324523207e+01,0.000000000000000000e+00,0.000000000000000000e+00
5.341602303917728989e+01,0.000000000000000000e+00,0.000000000000000000e+00
4.962658044911520960e+01,0.000000000000000000e+00,0.000000000000000000e+00
5.311818213971321256e+01,0.000000000000000000e+00,0.000000000000000000e+00
5.176338221238749782e+01,0.000000000000000000e+00,0.000000000000000000e+00
4.701408969015469097e+01,0.000000000000000000e+00,0.000000000000000000e+00
5.124402945679995014e+01,0.000000000000000000e+00,0.000000000000000000e+00
4.996671153494715156e+01,0.000000000000000000e+00,0.000000000000000000e+00
5.529361683181386411e+01,0.000000000000000000e+00,0.000000000000000000e+00
5.635650246857124301e+01,0.000000000000000000e+00,0.000000000000000000e+00
5.166259170218267371e+01,0.000000000000000000e+00,0.000000000000000000e+00
4.871994674017344096e+01,0.000000000000000000e+00,0.000000000000000000e+00
5.179607326762871367e+01,0.000000000000000000e+00,0.000000000000000000e+00
5.221037839904697364e+01,0.000000000000000000e+00,0.000000000000000000e+00
5.190901602700452599e+01,0.000000000000000000e+00,0.000000000000000000e+00
5.297329918113744185e+01,0.000000000000000000e+00,0.000000000000000000e+00
5.044140564484619915e+01,0.000000000000000000e+00,0.000000000000000000e+00
5.089385720273757840e+01,0.000000000000000000e+00,0.000000000000000000e+00
5.087048647475302232e+01,0.000000000000000000e+00,0.000000000000000000e+00
5.192178118438785361e+01,0.000000000000000000e+00,0.000000000000000000e+00
5.173492440211747123e+01,0.000000000000000000e+00,0.000000000000000000e+00
5.240532262396963858e+01,0.000000000000000000e+00,0.000000000000000000e+00
5.540680293231140041e+01,0.000000000000000000e+00,0.000000000000000000e+00
5.009987283434809768e+01,0.000000000000000000e+00,0.000000000000000000e+00
5.091366378107073132e+01,0.000000000000000000e+00,0.000000000000000000e+00
5.152442728608052391e+01,0.000000000000000000e+00,0.000000000000000000e+00
5.532794312630951339e+01,0.000000000000000000e+00,0.000000000000000000e+00
5.245358689126544505e+01,0.000000000000000000e+00,0.000000000000000000e+00
5.377882625016126639e+01,0.000000000000000000e+00,0.000000000000000000e+00
5.038973191092028259e+01,0.000000000000000000e+00,0.000000000000000000e+00
4.966573019454783378e+01,0.000000000000000000e+00,0.000000000000000000e+00
5.528061308227788828e+01,0.000000000000000000e+00,0.000000000000000000e+00
5.411941467534639116e+01,0.000000000000000000e+00,0.000000000000000000e+00
5.536140907720951532e+01,0.000000000000000000e+00,0.000000000000000000e+00
5.262203446218892822e+01,0.000000000000000000e+00,0.000000000000000000e+00
5.583614812209857092e+01,0.000000000000000000e+00,0.000000000000000000e+00
5.610997601482186070e+01,0.000000000000000000e+00,0.000000000000000000e+00
5.569895773283040086e+01,0.000000000000000000e+00,0.000000000000000000e+00
5.327992921777416768e+01,0.000000000000000000e+00,0.000000000000000000e+00
5.386769210536403563e+01,0.000000000000000000e+00,0.000000000000000000e+00
5.479696797858844093e+01,0.000000000000000000e+00,0.000000000000000000e+00
5.546313622103100727e+01,0.000000000000000000e+00,0.000000000000000000e+00
5.734165052151722364e+01,0.000000000000000000e+00,0.000000000000000000e+00
5.422168413612101290e+01,0.000000000000000000e+00,0.000000000000000000e+00
5.545465663923630473e+01,0.000000000000000000e+00,0.000000000000000000e+00
5.344190109189399607e+01,0.000000000000000000e+00,0.000000000000000000e+00
5.863739998697750622e+01,0.000000000000000000e+00,0.000000000000000000e+00
5.830738559970711066e+01,0.000000000000000000e+00,0.000000000000000000e+00
5.490839741656021999e+01,0.000000000000000000e+00,0.000000000000000000e+00
5.574451475351686724e+01,0.000000000000000000e+00,0.000000000000000000e+00
5.576099812735132843e+01,0.000000000000000000e+00,0.000000000000000000e+00
5.241132065503802551e+01,0.000000000000000000e+00,0.000000000000000000e+00
5.349748873806801441e+01,0.000000000000000000e+00,0.000000000000000000e+00
5.412634934453138413e+01,0.000000000000000000e+00,0.000000000000000000e+00
5.771890114030629348e+01,0.000000000000000000e+00,0.000000000000000000e+00
5.463229146939861636e+01,0.000000000000000000e+00,0.000000000000000000e+00
5.759610731926824201e+01,0.000000000000000000e+00,0.000000000000000000e+00
5.302407586956442742e+01,0.000000000000000000e+00,0.000000000000000000e+00
5.512739127141000495e+01,0.000000000000000000e+00,0.000000000000000000e+00
5.421619353453370138e+01,0.000000000000000000e+00,0.000000000000000000e+00
5.789319936619047979e+01,0.000000000000000000e+00,0.000000000000000000e+00
5.858641936485403789e+01,0.000000000000000000e+00,0.000000000000000000e+00
5.762544846426217759e+01,0.000000000000000000e+00,0.000000000000000000e+00
5.353163766702967052e+01,0.000000000000000000e+00,0.000000000000000000e+00
5.369968609540553217e+01,0.000000000000000000e+00,0.000000000000000000e+00
5.509701025858973367e+01,0.000000000000000000e+00,0.000000000000000000e+00
5.467260606705216475e+01,0.000000000000000000e+00,0.000000000000000000e+00
5.631057736986571882e+01,0.000000000000000000e+00,0.000000000000000000e+00
5.869043624289815853e+01,0.000000000000000000e+00,0.000000000000000000e+00
5.752797825114608798e+01,0.000000000000000000e+00,0.000000000000000000e+00
5.742489493038836201e+01,0.000000000000000000e+00,0.000000000000000000e+00
5.622698817944444016e+01,0.000000000000000000e+00,0.000000000000000000e+00
5.705108724692203026e+01,0.000000000000000000e+00,0.000000000000000000e+00
5.705412185982989826e+01,0.000000000000000000e+00,0.000000000000000000e+00
6.027600204928076266e+01,0.000000000000000000e+00,0.000000000000000000e+00
5.636353572375583099e+01,0.000000000000000000e+00,0.000000000000000000e+00
5.590446262480831763e+01,0.000000000000000000e+00,0.000000000000000000e+00
5.592720931868500855e+01,0.000000000000000000e+00,0.000000000000000000e+00
5.622024339203950660e+01,0.000000000000000000e+00,0.000000000000000000e+00
5.522262318396965952e+01,0.000000000000000000e+00,0.000000000000000000e+00
5.310411159247578183e+01,0.000000000000000000e+00,0.000000000000000000e+00
5.922837878996477201e+01,0.000000000000000000e+00,0.000000000000000000e+00
5.587079925533757319e+01,0.000000000000000000e+00,0.000000000000000000e+00
5.837449866870240811e+01,0.000000000000000000e+00,0.000000000000000000e+00
5.823676262938232639e+01,0.000000000000000000e+00,0.000000000000000000e+00
6.165096354378335519e+01,0.000000000000000000e+00,0.000000000000000000e+00
5.638177323762262461e+01,0.000000000000000000e+00,0.000000000000000000e+00
5.827634662670977406e+01,0.000000000000000000e+00,0.000000000000000000e+00
5.824529391240841392e+01,0.000000000000000000e+00,0.000000000000000000e+00
5.579491856114890425e+01,0.000000000000000000e+00,0.000000000000000000e+00
5.868820990614516830e+01,0.000000000000000000e+00,0.000000000000000000e+00
5.643932678655756519e+01,0.000000000000000000e+00,0.000000000000000000e+00
5.741294555082288298e+01,0.000000000000000000e+00,0.000000000000000000e+00
5.582257837921584098e+01,0.000000000000000000e+00,0.000000000000000000e+00
5.757960061051286971e+01,0.000000000000000000e+00,0.000000000000000000e+00
5.866700858579180533e+01,0.000000000000000000e+00,0.000000000000000000e+00
5.805760842701764091e+01,0.000000000000000000e+00,0.000000000000000000e+00
5.708408683845961917e+01,0.000000000000000000e+00,0.000000000000000000e+00
5.835108808443381179e+01,0.000000000000000000e+00,0.000000000000000000e+00
5.718145218875236679e+01,0.000000000000000000e+00,0.000000000000000000e+00
5.905743119139616937e+01,0.000000000000000000e+00,0.000000000000000000e+00
5.454936518918930943e+01,0.000000000000000000e+00,0.000000000000000000e+00
5.906896694745807963e+01,0.000000000000000000e+00,0.000000000000000000e+00
6.266979770452229559e+01,0.000000000000000000e+00,0.000000000000000000e+00
5.973535438389053098e+01,0.000000000000000000e+00,0.000000000000000000e+00
5.878657501372212124e+01,0.000000000000000000e+00,0.000000000000000000e+00
5.940275045713519120e+01,0.000000000000000000e+00,0.000000000000000000e+00
5.761258934620265393e+01,0.000000000000000000e+00,0.000000000000000000e+00
6.081360500458077212e+01,0.000000000000000000e+00,0.000000000000000000e+00
5.862249445638119028e+01,0.000000000000000000e+00,0.000000000000000000e+00
6.160894015920420941e+01,0.000000000000000000e+00,0.000000000000000000e+00
6.044904536886391355e+01,0.000000000000000000e+00,0.000000000000000000e+00
6.341016439921148162e+01,0.000000000000000000e+00,0.000000000000000000e+00
6.172883309341629854e+01,0.000000000000000000e+00,0.000000000000000000e+00
5.735674802764097535e+01,0.000000000000000000e+00,0.000000000000000000e+00
6.315048294725500710e+01,0.000000000000000000e+00,0.000000000000000000e+00
5.811434991519019633e+01,0.000000000000000000e+00,0.000000000000000000e+00
6.193112755633384126e+01,0.000000000000000000e+00,0.000000000000000000e+00
6.246371559354465575e+01,0.000000000000000000e+00,0.000000000000000000e+00
5.473499839314023774e+01,0.000000000000000000e+00,0.000000000000000000e+00
6.132619994563777510e+01,0.000000000000000000e+00,0.000000000000000000e+00
5.806041355039109675e+01,0.000000000000000000e+00,0.000000000000000000e+00
6.093970955174287951e+01,0.000000000000000000e+00,0.000000000000000000e+00
5.903715976332750159e+01,0.000000000000000000e+00,0.000000000000000000e+00
6.233343517762423858e+01,0.000000000000000000e+00,0.000000000000000000e+00
6.239698559480606121e+01,0.000000000000000000e+00,0.000000000000000000e+00
6.146199000676900681e+01,0.000000000000000000e+00,0.000000000000000000e+00
5.731940454573175003e+01,0.000000000000000000e+00,0.000000000000000000e+00
6.130526049338457995e+01,0.000000000000000000e+00,0.000000000000000000e+00
6.283872964615929391e+01,0.000000000000000000e+00,0.000000000000000000e+00
6.029313693003574315e+01,0.000000000000000000e+00,0.000000000000000000e+00
5.953089347245255425e+01,0.000000000000000000e+00,0.000000000000000000e+00
6.299337933354004093e+01,0.000000000000000000e+00,0.000000000000000000e+00
6.313292411233896928e+01,0.000000000000000000e+00,0.000000000000000000e+00
6.230814478895941733e+01,0.000000000000000000e+00,0.000000000000000000e+00
6.122163658997357771e+01,0.000000000000000000e+00,0.000000000000000000e+00
6.074618752325078219e+01,0.000000000000000000e+00,0.000000000000000000e+00
6.227384300932285299e+01,0.000000000000000000e+00,0.000000000000000000e+00
6.255293594466609619e+01,0.000000000000000000e+00,0.000000000000000000e+00
6.095083716708570165e+01,0.000000000000000000e+00,0.000000000000000000e+00
6.152703617662817237e+01,0.000000000000000000e+00,0.000000000000000000e+00
6.171215113658526263e+01,0.000000000000000000e+00,0.000000000000000000e+00
6.272192558537852136e+01,0.000000000000000000e+00,0.000000000000000000e+00
6.194513546561115191e+01,0.000000000000000000e+00,0.000000000000000000e+00
6.010023646138914444e+01,0.000000000000000000e+00,0.000000000000000000e+00
6.406801797225416806e+01,0.000000000000000000e+00,0.000000000000000000e+00
6.229178931008597431e+01,0.000000000000000000e+00,0.000000000000000000e+00
6.313519260240900621e+01,0.000000000000000000e+00,0.000000000000000000e+00
6.390820269100810691e+01,0.000000000000000000e+00,0.000000000000000000e+00
6.319570543454411649e+01,0.000000000000000000e+00,0.000000000000000000e+00
6.183308633489690465e+01,0.000000000000000000e+00,0.000000000000000000e+00
6.552317809033138474e+01,0.000000000000000000e+00,0.000000000000000000e+00
6.367946836984671677e+01,0.000000000000000000e+00,0.000000000000000000e+00
6.660800729644626017e+01,0.000000000000000000e+00,0.000000000000000000e+00
6.264133441707834749e+01,0.000000000000000000e+00,0.000000000000000000e+00
6.877047494445642428e+01,0.000000000000000000e+00,0.000000000000000000e+00
6.483815536164367188e+01,0.000000000000000000e+00,0.000000000000000000e+00
6.483009915744190721e+01,0.000000000000000000e+00,0.000000000000000000e+00
6.290282174168929430e+01,0.000000000000000000e+00,0.000000000000000000e+00
6.393405962245093832e+01,0.000000000000000000e+00,0.000000000000000000e+00
6.185989544037634147e+01,0.000000000000000000e+00,0.000000000000000000e+00
6.487086810643624801e+01,0.000000000000000000e+00,0.000000000000000000e+00
6.414768464388656355e+01,0.000000000000000000e+00,0.000000000000000000e+00
6.372888742900737924e+01,0.000000000000000000e+00,0.000000000000000000e+00
6.192512278711237173e+01,0.000000000000000000e+00,0.000000000000000000e+00
6.797000467051701378e+01,0.000000000000000000e+00,0.000000000000000000e+00
6.123573373805879783e+01,0.000000000000000000e+00,0.000000000000000000e+00
6.181757313202246706e+01,0.000000000000000000e+00,0.000000000000000000e+00
6.922235641998034339e+01,0.000000000000000000e+00,0.000000000000000000e+00
6.289501207333488253e+01,0.000000000000000000e+00,0.000000000000000000e+00
6.530329299932120080e+01,0.000000000000000000e+00,0.000000000000000000e+00
6.338790454056883306e+01,0.000000000000000000e+00,0.000000000000000000e+00
6.527447984679669446e+01,0.000000000000000000e+00,0.000000000000000000e+00
6.631088054550458821e+01,0.000000000000000000e+00,0.000000000000000000e+00
5.961653938232264949e+01,0.000000000000000000e+00,0.000000000000000000e+00
6.745754311925287539e+01,0.000000000000000000e+00,0.000000000000000000e+00
6.480187830959110329e+01,0.000000000000000000e+00,0.000000000000000000e+00
6.277985573345055315e+01,0.000000000000000000e+00,0.000000000000000000e+00
6.792654668278500196e+01,0.000000000000000000e+00,0.000000000000000000e+00
6.246800614773738403e+01,0.000000000000000000e+00,0.000000000000000000e+00
6.288559386010124541e+01,0.000000000000000000e+00,0.000000000000000000e+00
6.453853234652925153e+01,0.000000000000000000e+00,0.000000000000000000e+00
6.948321467130243434e+01,0.000000000000000000e+00,0.000000000000000000e+00
6.473827795801656748e+01,0.000000000000000000e+00,0.000000000000000000e+00
6.246182221520074762e+01,0.000000000000000000e+00,0.000000000000000000e+00
6.733947006576124750e+01,0.000000000000000000e+00,0.000000000000000000e+00
6.678163138197307092e+01,0.000000000000000000e+00,0.000000000000000000e+00
6.533253412915060210e+01,0.000000000000000000e+00,0.000000000000000000e+00
6.811412939311129833e+01,0.000000000000000000e+00,0.000000000000000000e+00
6.606321796150903936e+01,0.000000000000000000e+00,0.000000000000000000e+00
6.471568528382186969e+01,0.000000000000000000e+00,0.000000000000000000e+00
6.787717444542423095e+01,0.000000000000000000e+00,0.000000000000000000e+00
6.443775854944541948e+01,0.000000000000000000e+00,0.000000000000000000e+00
6.818365336492180973e+01,0.000000000000000000e+00,0.000000000000000000e+00
6.536418962374379760e+01,0.000000000000000000e+00,0.000000000000000000e+00
6.585126744853403125e+01,0.000000000000000000e+00,0.000000000000000000e+00
6.482957487702040567e+01,0.000000000000000000e+00,0.000000000000000000e+00
6.934463124271564993e+01,0.000000000000000000e+00,0.000000000000000000e+00
6.455190615345779293e+01,0.000000000000000000e+00,0.000000000000000000e+00
6.942732413001436953e+01,0.000000000000000000e+00,0.000000000000000000e+00
6.614446481173672510e+01,0.000000000000000000e+00,0.000000000000000000e+00
6.588322230133003643e+01,0.000000000000000000e+00,0.000000000000000000e+00
6.804604437480035983e+01,0.000000000000000000e+00,0.000000000000000000e+00
6.408389374057921373e+01,0.000000000000000000e+00,0.000000000000000000e+00
6.640456037673438061e+01,0.000000000000000000e+00,0.000000000000000000e+00
7.010137554484950329e+01,0.000000000000000000e+00,0.000000000000000000e+00
6.761092582117494487e+01,0.000000000000000000e+00,0.000000000000000000e+00
6.463982186587672629e+01,0.000000000000000000e+00,0.000000000000000000e+00
6.660320097767318259e+01,0.000000000000000000e+00,0.000000000000000000e+00
6.659262064877856346e+01,0.000000000000000000e+00,0.000000000000000000e+00
6.876416045618930184e+01,0.000000000000000000e+00,0.000000000000000000e+00
6.948733547767993457e+01,0.000000000000000000e+00,0.000000000000000000e+00
6.687973832206205316e+01,0.000000000000000000e+00,0.000000000000000000e+00
6.749504329353108290e+01,0.000000000000000000e+00,0.000000000000000000e+00
6.818467385244068169e+01,0.000000000000000000e+00,0.000000000000000000e+00
6.780905438592333212e+01,0.000000000000000000e+00,0.000000000000000000e+00
6.804825058117600634e+01,0.000000000000000000e+00,0.000000000000000000e+00
6.435786055041366183e+01,0.000000000000000000e+00,0.000000000000000000e+00
6.901746214314545114e+01,0.000000000000000000e+00,0.000000000000000000e+00
6.763147532420113350e+01,0.000000000000000000e+00,0.000000000000000000e+00
6.842653690427179924e+01,0.000000000000000000e+00,0.000000000000000000e+00
6.725317847412236461e+01,0.000000000000000000e+00,0.000000000000000000e+00
6.937010200671279847e+01,0.000000000000000000e+00,0.000000000000000000e+00
6.736989777259806544e+01,0.000000000000000000e+00,0.000000000000000000e+00
6.803775033578723708e+01,0.000000000000000000e+00,0.000000000000000000e+00
6.752019057544394798e+01,0.000000000000000000e+00,0.000000000000000000e+00
6.549533331275908665e+01,0.000000000000000000e+00,0.000000000000000000e+00
6.549812656137235933e+01,0.000000000000000000e+00,0.000000000000000000e+00
6.990998568673187208e+01,0.000000000000000000e+00,0.000000000000000000e+00
7.125703021308453344e+01,0.000000000000000000e+00,0.000000000000000000e+00
6.877047380391331899e+01,0.000000000000000000e+00,0.000000000000000000e+00
6.563843655260713206e+01,0.000000000000000000e+00,0.000000000000000000e+00
6.967654149647557915e+01,0.000000000000000000e+00,0.000000000000000000e+00
6.999011016043424149e+01,0.000000000000000000e+00,0.000000000000000000e+00
6.572828316059035103e+01,0.000000000000000000e+00,0.000000000000000000e+00
6.999085305501813536e+01,0.000000000000000000e+00,0.000000000000000000e+00
6.455194234078976478e+01,0.000000000000000000e+00,0.000000000000000000e+00
6.708066695222676401e+01,0.000000000000000000e+00,0.000000000000000000e+00
7.040769457529206932e+01,0.000000000000000000e+00,0.000000000000000000e+00
7.012682686742103044e+01,0.000000000000000000e+00,0.000000000000000000e+00
6.945487722633129124e+01,0.000000000000000000e+00,0.000000000000000000e+00
7.405669672049069163e+01,0.000000000000000000e+00,0.000000000000000000e+00
6.964871859158435541e+01,0.000000000000000000e+00,0.000000000000000000e+00
6.719981941816621429e+01,0.000000000000000000e+00,0.000000000000000000e+00
6.866542021520439221e+01,0.000000000000000000e+00,0.000000000000000000e+00
6.979530553610619847e+01,0.000000000000000000e+00,0.000000000000000000e+00
6.834244026674215888e+01,0.000000000000000000e+00,0.000000000000000000e+00
6.614325217174585703e+01,0.000000000000000000e+00,0.000000000000000000e+00
6.871577042680468139e+01,0.000000000000000000e+00,0.000000000000000000e+00
7.028673507119833630e+01,0.000000000000000000e+00,0.000000000000000000e+00
6.691369212692882229e+01,0.000000000000000000e+00,0.000000000000000000e+00
6.775809482502350534e+01,0.000000000000000000e+00,0.000000000000000000e+00
6.988499164616379744e+01,0.000000000000000000e+00,0.000000000000000000e+00
6.956361053526642024e+01,0.000000000000000000e+00,0.000000000000000000e+00
7.026976015226367167e+01,0.000000000000000000e+00,0.000000000000000000e+00
7.138040629666802772e+01,0.000000000000000000e+00,0.000000000000000000e+00
7.044620081262169720e+01,0.000000000000000000e+00,0.000000000000000000e+00
6.846085043451405738e+01,0.000000000000000000e+00,0.000000000000000000e+00
7.240227967273537502e+01,0.000000000000000000e+00,0.000000000000000000e+00
7.004617749073173627e+01,0.000000000000000000e+00,0.000000000000000000e+00
6.727980464614088874e+01,0.000000000000000000e+00,0.000000000000000000e+00
7.181309013421459042e+01,0.000000000000000000e+00,0.000000000000000000e+00
7.368863610393854913e+01,0.000000000000000000e+00,0.000000000000000000e+00
6.879133890145106989e+01,0.000000000000000000e+00,0.000000000000000000e+00
7.013040855202076784e+01,0.000000000000000000e+00,0.000000000000000000e+00
7.053212200008361776e+01,0.000000000000000000e+00,0.000000000000000000e+00
7.046223438899626501e+01,0.000000000000000000e+00,0.000000000000000000e+00
6.860933431694198248e+01,0.000000000000000000e+00,0.000000000000000000e+00
7.142834261565445786e+01,0.000000000000000000e+00,0.000000000000000000e+00
7.171366774250549270e+01,0.000000000000000000e+00,0.000000000000000000e+00
7.175952526745602711e+01,0.000000000000000000e+00,0.000000000000000000e+00
6.727109392808669952e+01,0.000000000000000000e+00,0.000000000000000000e+00
6.851249827699054151e+01,0.000000000000000000e+00,0.000000000000000000e+00
7.327967160863413199e+01,0.000000000000000000e+00,0.000000000000000000e+00
7.061699276221420973e+01,0.000000000000000000e+00,0.000000000000000000e+00
7.408682309209575578e+01,0.000000000000000000e+00,0.000000000000000000e+00
7.345428655754561476e+01,0.000000000000000000e+00,0.000000000000000000e+00
7.358407154344764933e+01,0.000000000000000000e+00,0.000000000000000000e+00
7.065587645869725009e+01,0.000000000000000000e+00,0.000000000000000000e+00
7.423028938643020069e+01,0.000000000000000000e+00,0.000000000000000000e+00
7.215197971091892271e+01,0.000000000000000000e+00,0.000000000000000000e+00
7.301420774079406328e+01,0.000000000000000000e+00,0.000000000000000000e+00
7.291180841268760560e+01,0.000000000000000000e+00,0.000000000000000000e+00
6.942344850896577668e+01,0.000000000000000000e+00,0.000000000000000000e+00
7.131958207107172143e+01,0.000000000000000000e+00,0.000000000000000000e+00
6.747590939243508501e+01,0.000000000000000000e+00,0.000000000000000000e+00
7.229329298319615305e+01,0.000000000000000000e+00,0.000000000000000000e+00
7.093801085047672927e+01,0.000000000000000000e+00,0.000000000000000000e+00
6.926989503448976393e+01,0.000000000000000000e+00,0.000000000000000000e+00
7.271652955884185587e+01,0.000000000000000000e+00,0.000000000000000000e+00
7.547639318776992923e+01,0.000000000000000000e+00,0.000000000000000000e+00
7.362604919217889687e+01,0.000000000000000000e+00,0.000000000000000000e+00
7.171570603977642122e+01,0.000000000000000000e+00,0.000000000000000000e+00
7.245109613293850259e+01,0.000000000000000000e+00,0.000000000000000000e+00
7.250212171641045700e+01,0.000000000000000000e+00,0.000000000000000000e+00
7.356791431428234773e+01,0.000000000000000000e+00,0.000000000000000000e+00
7.425185025360296720e+01,0.000000000000000000e+00,0.000000000000000000e+00
7.316861167022577206e+01,0.000000000000000000e+00,0.000000000000000000e+00
7.115529639308526555e+01,0.000000000000000000e+00,0.000000000000000000e+00
7.024532682455364352e+01,0.000000000000000000e+00,0.000000000000000000e+00
7.314654759692770369e+01,0.000000000000000000e+00,0.000000000000000000e+00
6.966936831973036703e+01,0.000000000000000000e+00,0.000000000000000000e+00
7.523739318061460324e+01,0.000000000000000000e+00,0.000000000000000000e+00
7.664307971685262544e+01,0.000000000000000000e+00,0.000000000000000000e+00
6.752776902855103458e+01,0.000000000000000000e+00,0.000000000000000000e+00
7.158328290892745827e+01,0.000000000000000000e+00,0.000000000000000000e+00
7.303452553010735926e+01,0.000000000000000000e+00,0.000000000000000000e+00
7.389480837261032775e+01,0.000000000000000000e+00,0.000000000000000000e+00
7.301043556553756275e+01,0.000000000000000000e+00,0.000000000000000000e+00
7.177975818858233481e+01,0.000000000000000000e+00,0.000000000000000000e+00
7.033629212741753634e+01,0.000000000000000000e+00,0.000000000000000000e+00
7.396365241352845032e+01,0.000000000000000000e+00,0.000000000000000000e+00
7.492352347501332588e+01,0.000000000000000000e+00,0.000000000000000000e+00
7.622137072352164466e+01,0.000000000000000000e+00,0.000000000000000000e+00
7.324103118784172750e+01,0.000000000000000000e+00,0.000000000000000000e+00
7.166215116676475816e+01,0.000000000000000000e+00,0.000000000000000000e+00
7.217511895639640329e+01,0.000000000000000000e+00,0.000000000000000000e+00
7.360001761395760411e+01,0.000000000000000000e+00,0.000000000000000000e+00
7.631981639995488820e+01,0.000000000000000000e+00,0.000000000000000000e+00
7.192946872070223208e+01,0.000000000000000000e+00,0.000000000000000000e+00
7.222874817217085308e+01,0.000000000000000000e+00,0.000000000000000000e+00
7.374623634319975451e+01,0.000000000000000000e+00,0.000000000000000000e+00
7.555772928978885261e+01,0.000000000000000000e+00,0.000000000000000000e+00
7.395382426608097148e+01,0.000000000000000000e+00,0.000000000000000000e+00
7.423138057550960411e+01,0.000000000000000000e+00,0.000000000000000000e+00
7.625009973502976379e+01,0.000000000000000000e+00,0.000000000000000000e+00
7.049123187121672629e+01,0.000000000000000000e+00,0.000000000000000000e+00
7.422968137042383319e+01,0.000000000000000000e+00,0.000000000000000000e+00
7.729047152189403391e+01,0.000000000000000000e+00,0.000000000000000000e+00
7.038917783572915710e+01,0.000000000000000000e+00,0.000000000000000000e+00
7.342704358658336616e+01,0.000000000000000000e+00,0.000000000000000000e+00
7.620065585217840010e+01,0.000000000000000000e+00,0.000000000000000000e+00
7.580900159657826975e+01,0.000000000000000000e+00,0.000000000000000000e+00
7.702105366973736977e+01,0.000000000000000000e+00,0.000000000000000000e+00
7.529257082486790864e+01,0.000000000000000000e+00,0.000000000000000000e+00
7.198017770021269257e+01,0.000000000000000000e+00,0.000000000000000000e+00
7.429683528016101945e+01,0.000000000000000000e+00,0.000000000000000000e+00
7.554695773025683536e+01,0.000000000000000000e+00,0.000000000000000000e+00
7.868298673408160937e+01,0.000000000000000000e+00,0.000000000000000000e+00
7.502226523698865890e+01,0.000000000000000000e+00,0.000000000000000000e+00
7.547233662250452824e+01,0.000000000000000000e+00,0.000000000000000000e+00
7.395187758197370442e+01,0.000000000000000000e+00,0.000000000000000000e+00
7.418780330755332386e+01,0.000000000000000000e+00,0.000000000000000000e+00
7.525638185628579890e+01,0.000000000000000000e+00,0.000000000000000000e+00
7.545429695164912687e+01,0.000000000000000000e+00,0.000000000000000000e+00
7.573816696684653493e+01,0.000000000000000000e+00,0.000000000000000000e+00
7.474166697789706859e+01,0.000000000000000000e+00,0.000000000000000000e+00
7.410420902672343857e+01,0.000000000000000000e+00,0.000000000000000000e+00
7.023079685607920908e+01,0.000000000000000000e+00,0.000000000000000000e+00
7.251355438630811534e+01,0.000000000000000000e+00,0.000000000000000000e+00
7.482120886823744854e+01,0.000000000000000000e+00,0.000000000000000000e+00
7.718555963020926924e+01,0.000000000000000000e+00,0.000000000000000000e+00
7.369119631472727860e+01,0.000000000000000000e+00,0.000000000000000000e+00
7.335577563506679155e+01,0.000000000000000000e+00,0.000000000000000000e+00
7.757536318786087293e+01,0.000000000000000000e+00,0.000000000000000000e+00
7.450955943264577286e+01,0.000000000000000000e+00,0.000000000000000000e+00
7.509010190826342068e+01,0.000000000000000000e+00,0.000000000000000000e+00
7.364352750954556370e+01,0.000000000000000000e+00,0.000000000000000000e+00
7.311474575212034210e+01,0.000000000000000000e+00,0.000000000000000000e+00
6.735809582384216299e+01,0.000000000000000000e+00,0.000000000000000000e+00
7.536770422980404760e+01,0.000000000000000000e+00,0.000000000000000000e+00
7.729088699580501043e+01,0.000000000000000000e+00,0.000000000000000000e+00
7.450213479553572427e+01,0.000000000000000000e+00,0.000000000000000000e+00
7.610896133749879766e+01,0.000000000000000000e+00,0.000000000000000000e+00
7.639963914931169597e+01,0.000000000000000000e+00,0.000000000000000000e+00
7.533490750137482905e+01,0.000000000000000000e+00,0.000000000000000000e+00
7.991377632187538893e+01,0.000000000000000000e+00,0.000000000000000000e+00
7.328679960591425413e+01,0.000000000000000000e+00,0.000000000000000000e+00
7.532241765538516631e+01,0.000000000000000000e+00,0.000000000000000000e+00
7.091685757337502594e+01,0.000000000000000000e+00,0.000000000000000000e+00
7.708612890730468337e+01,0.000000000000000000e+00,0.000000000000000000e+00
7.448312518736170773e+01,0.000000000000000000e+00,0.000000000000000000e+00
7.513783329980228132e+01,0.000000000000000000e+00,0.000000000000000000e+00
7.508535650478249579e+01,0.000000000000000000e+00,0.000000000000000000e+00
7.496917452130641379e+01,0.000000000000000000e+00,0.000000000000000000e+00
7.720078094491984189e+01,0.000000000000000000e+00,0.000000000000000000e+00
7.471809207891799076e+01,0.000000000000000000e+00,0.000000000000000000e+00
7.455959729082853471e+01,0.000000000000000000e+00,0.000000000000000000e+00
7.440726938691337011e+01,0.000000000000000000e+00,0.000000000000000000e+00
7.875431731981734629e+01,0.000000000000000000e+00,0.000000000000000000e+00
7.543137679725698774e+01,0.000000000000000000e+00,0.000000000000000000e+00
7.694942004626221888e+01,0.000000000000000000e+00,0.000000000000000000e+00
7.488136228260788130e+01,0.000000000000000000e+00,0.000000000000000000e+00
7.981897417635272518e+01,0.000000000000000000e+00,0.000000000000000000e+00
7.472422693605132338e+01,0.000000000000000000e+00,0.000000000000000000e+00
7.980264374198864630e+01,0.000000000000000000e+00,0.000000000000000000e+00
7.628084272348507966e+01,0.000000000000000000e+00,0.000000000000000000e+00
7.689376939116826293e+01,0.000000000000000000e+00,0.000000000000000000e+00
7.735755238059196870e+01,0.000000000000000000e+00,0.000000000000000000e+00
7.774812174689985511e+01,0.000000000000000000e+00,0.000000000000000000e+00
7.721528118495032800e+01,0.000000000000000000e+00,0.000000000000000000e+00
7.685447428420040694e+01,0.000000000000000000e+00,0.000000000000000000e+00
7.519561933945375642e+01,0.000000000000000000e+00,0.000000000000000000e+00
7.545841962225729560e+01,0.000000000000000000e+00,0.000000000000000000e+00
7.886453440617744093e+01,0.000000000000000000e+00,0.000000000000000000e+00
7.719408753076380947e+01,0.000000000000000000e+00,0.000000000000000000e+00
7.454420621538422154e+01,0.000000000000000000e+00,0.000000000000000000e+00
7.639347930200219139e+01,0.000000000000000000e+00,0.000000000000000000e+00
7.561906355782275568e+01,0.000000000000000000e+00,0.000000000000000000e+00
8.048963112679555820e+01,0.000000000000000000e+00,0.000000000000000000e+00
7.744634555065893267e+01,0.000000000000000000e+00,0.000000000000000000e+00
7.529899734717912452e+01,0.000000000000000000e+00,0.000000000000000000e+00
7.379618413064147830e+01,0.000000000000000000e+00,0.000000000000000000e+00
7.578658274023624131e+01,0.000000000000000000e+00,0.000000000000000000e+00
7.754488974062542184e+01,0.000000000000000000e+00,0.000000000000000000e+00
7.628975391050975929e+01,0.000000000000000000e+00,0.000000000000000000e+00
7.658933511335310129e+01,0.000000000000000000e+00,0.000000000000000000e+00
7.572102680563584443e+01,0.000000000000000000e+00,0.000000000000000000e+00
7.617006729812683830e+01,0.000000000000000000e+00,0.000000000000000000e+00
7.917788414181565315e+01,0.000000000000000000e+00,0.000000000000000000e+00
7.699493312468393924e+01,0.000000000000000000e+00,0.000000000000000000e+00
7.706876981974535568e+01,0.000000000000000000e+00,0.000000000000000000e+00
7.899979587914552326e+01,0.000000000000000000e+00,0.000000000000000000e+00
7.504887845451040107e+01,0.000000000000000000e+00,0.000000000000000000e+00
7.653794113382099340e+01,0.000000000000000000e+00,0.000000000000000000e+00
8.046593137659462514e+01,0.000000000000000000e+00,0.000000000000000000e+00
7.730376381773814387e+01,0.000000000000000000e+00,0.000000000000000000e+00
7.694853514722463217e+01,0.000000000000000000e+00,0.000000000000000000e+00
7.882363240784448521e+01,0.000000000000000000e+00,0.000000000000000000e+00
7.557183941332974086e+01,0.000000000000000000e+00,0.000000000000000000e+00
7.650810217683368819e+01,0.000000000000000000e+00,0.000000000000000000e+00
7.951907717077175164e+01,0.000000000000000000e+00,0.000000000000000000e+00
7.653755624197306417e+01,0.000000000000000000e+00,0.000000000000000000e+00
7.669331666577406281e+01,0.000000000000000000e+00,0.000000000000000000e+00
7.632823127090009052e+01,0.000000000000000000e+00,0.000000000000000000e+00
8.090327545485637017e+01,0.000000000000000000e+00,0.000000000000000000e+00
8.064313471017185009e+01,0.000000000000000000e+00,0.000000000000000000e+00
7.608869876235166885e+01,0.000000000000000000e+00,0.000000000000000000e+00
7.967797403435389469e+01,0.000000000000000000e+00,0.000000000000000000e+00
7.395384122411188343e+01,0.000000000000000000e+00,0.000000000000000000e+00
7.720559574194196273e+01,0.000000000000000000e+00,0.000000000000000000e+00
7.865873587824219726e+01,0.000000000000000000e+00,0.000000000000000000e+00
7.853188297147556796e+01,0.000000000000000000e+00,0.000000000000000000e+00
7.957551664584138962e+01,0.000000000000000000e+00,0.000000000000000000e+00
7.957968442261416442e+01,0.000000000000000000e+00,0.000000000000000000e+00
7.804671013531904578e+01,0.000000000000000000e+00,0.000000000000000000e+00
7.889617461844589741e+01,0.000000000000000000e+00,0.000000000000000000e+00
7.877005697952191099e+01,0.000000000000000000e+00,0.000000000000000000e+00
7.730638625973658407e+01,0.000000000000000000e+00,0.000000000000000000e+00
7.868548986337462736e+01,0.000000000000000000e+00,0.000000000000000000e+00
7.924353911493440705e+01,0.000000000000000000e+00,0.000000000000000000e+00
7.993790636475065980e+01,0.000000000000000000e+00,0.000000000000000000e+00
8.061134087944934379e+01,0.000000000000000000e+00,0.000000000000000000e+00
7.646648507436340481e+01,0.000000000000000000e+00,0.000000000000000000e+00
7.747738155307280294e+01,0.000000000000000000e+00,0.000000000000000000e+00
7.579600010278269906e+01,0.000000000000000000e+00,0.000000000000000000e+00
7.678503339372389291e+01,0.000000000000000000e+00,0.000000000000000000e+00
7.956593195981335498e+01,0.000000000000000000e+00,0.000000000000000000e+00
7.935382935599675136e+01,0.000000000000000000e+00,0.000000000000000000e+00
8.056892771313397361e+01,0.000000000000000000e+00,0.000000000000000000e+00
7.693850791335279382e+01,0.000000000000000000e+00,0.000000000000000000e+00
7.990357703295214264e+01,0.000000000000000000e+00,0.000000000000000000e+00
7.810914874273656494e+01,0.000000000000000000e+00,0.000000000000000000e+00
7.624553240300294021e+01,0.000000000000000000e+00,0.000000000000000000e+00
7.758803958961728142e+01,0.000000000000000000e+00,0.000000000000000000e+00
7.801834177225981648e+01,0.000000000000000000e+00,0.000000000000000000e+00
7.876688810559804210e+01,0.000000000000000000e+00,0.000000000000000000e+00
7.881744954584365814e+01,0.000000000000000000e+00,0.000000000000000000e+00
7.830205717165314638e+01,0.000000000000000000e+00,0.000000000000000000e+00
8.010688645951739772e+01,0.000000000000000000e+00,0.000000000000000000e+00
7.768794939704402225e+01,0.000000000000000000e+00,0.000000000000000000e+00
7.733494202616057578e+01,0.000000000000000000e+00,0.000000000000000000e+00
7.781978165902222599e+01,0.000000000000000000e+00,0.000000000000000000e+00
7.745223108932476919e+01,0.000000000000000000e+00,0.000000000000000000e+00
7.883427207214927535e+01,0.000000000000000000e+00,0.000000000000000000e+00
7.972932744391358995e+01,0.000000000000000000e+00,0.000000000000000000e+00
8.032203106788360003e+01,0.000000000000000000e+00,0.000000000000000000e+00
7.855313972311795112e+01,0.000000000000000000e+00,0.000000000000000000e+00
7.777510668478619493e+01,0.000000000000000000e+00,0.000000000000000000e+00
7.798886635705929393e+01,0.000000000000000000e+00,0.000000000000000000e+00
7.871728527657585062e+01,0.000000000000000000e+00,0.000000000000000000e+00
8.421692649185236235e+01,0.000000000000000000e+00,0.000000000000000000e+00
8.059923004392216228e+01,0.000000000000000000e+00,0.000000000000000000e+00
8.068482420226834506e+01,0.000000000000000000e+00,0.000000000000000000e+00
7.519999949151312535e+01,0.000000000000000000e+00,0.000000000000000000e+00
8.055222016738186142e+01,0.000000000000000000e+00,0.000000000000000000e+00
7.972669066332920806e+01,0.000000000000000000e+00,0.000000000000000000e+00
8.082089330704700103e+01,0.000000000000000000e+00,0.000000000000000000e+00
7.932565920457288655e+01,0.000000000000000000e+00,0.000000000000000000e+00
7.736118719337530081e+01,0.000000000000000000e+00,0.000000000000000000e+00
8.019172180711083797e+01,0.000000000000000000e+00,0.000000000000000000e+00
8.199456781644855141e+01,0.000000000000000000e+00,0.000000000000000000e+00
7.542864611368909777e+01,0.000000000000000000e+00,0.000000000000000000e+00
8.044432473959726337e+01,0.000000000000000000e+00,0.000000000000000000e+00
7.850256215117808267e+01,0.000000000000000000e+00,0.000000000000000000e+00
7.849248656945897551e+01,0.000000000000000000e+00,0.000000000000000000e+00
8.195565774257185865e+01,0.000000000000000000e+00,0.000000000000000000e+00
7.859436464263232835e+01,0.000000000000000000e+00,0.000000000000000000e+00
8.286370205371284214e+01,0.000000000000000000e+00,0.000000000000000000e+00
7.738654905430283293e+01,0.000000000000000000e+00,0.000000000000000000e+00
7.966104325463385294e+01,0.000000000000000000e+00,0.000000000000000000e+00
7.823947921488901613e+01,0.000000000000000000e+00,0.000000000000000000e+00
7.836871545664895677e+01,0.000000000000000000e+00,0.000000000000000000e+00
7.890888430450577573e+01,0.000000000000000000e+00,0.000000000000000000e+00
8.018484306356225488e+01,0.000000000000000000e+00,0.000000000000000000e+00
7.545191695145396693e+01,0.000000000000000000e+00,0.000000000000000000e+00
7.922137066701704100e+01,0.000000000000000000e+00,0.000000000000000000e+00
7.868526799931254345e+01,0.000000000000000000e+00,0.000000000000000000e+00
8.107682277601760745e+01,0.000000000000000000e+00,0.000000000000000000e+00
7.981132948278178674e+01,0.000000000000000000e+00,0.000000000000000000e+00
7.999838870650553702e+01,0.000000000000000000e+00,0.000000000000000000e+00
8.074532427637107901e+01,0.000000000000000000e+00,0.000000000000000000e+00
7.956344976398345636e+01,0.000000000000000000e+00,0.000000000000000000e+00
7.784133351428208414e+01,0.000000000000000000e+00,0.000000000000000000e+00
8.195292447506456313e+01,0.000000000000000000e+00,0.000000000000000000e+00
8.141906587846024479e+01,0.000000000000000000e+00,0.000000000000000000e+00
7.996537748132132606e+01,0.000000000000000000e+00,0.000000000000000000e+00
7.921795464287663435e+01,0.000000000000000000e+00,0.000000000000000000e+00
8.027063135389558113e+01,0.000000000000000000e+00,0.000000000000000000e+00
7.806241408316699903e+01,0.000000000000000000e+00,0.000000000000000000e+00
8.098170605381598364e+01,0.000000000000000000e+00,0.000000000000000000e+00
8.386570561116641898e+01,0.000000000000000000e+00,0.000000000000000000e+00
7.984276655092418196e+01,0.000000000000000000e+00,0.000000000000000000e+00
8.093466845141132637e+01,0.000000000000000000e+00,0.000000000000000000e+00
8.102460292687716503e+01,0.000000000000000000e+00,0.000000000000000000e+00
7.977875085072049899e+01,0.000000000000000000e+00,0.000000000000000000e+00
7.841815869546037732e+01,0.000000000000000000e+00,0.000000000000000000e+00
8.136931822321032826e+01,0.000000000000000000e+00,0.000000000000000000e+00
8.065624184920194750e+01,0.000000000000000000e+00,0.000000000000000000e+00
8.121914811440264259e+01,0.000000000000000000e+00,0.000000000000000000e+00
8.093384858971514006e+01,0.000000000000000000e+00,0.000000000000000000e+00
8.000466481442941813e+01,0.000000000000000000e+00,0.000000000000000000e+00
8.264361990038504757e+01,0.000000000000000000e+00,0.000000000000000000e+00
8.024570349722692697e+01,0.000000000000000000e+00,0.000000000000000000e+00
7.791117210468070198e+01,0.000000000000000000e+00,0.000000000000000000e+00
7.916106799989717047e+01,0.000000000000000000e+00,0.000000000000000000e+00
7.956723002350881302e+01,0.000000000000000000e+00,0.000000000000000000e+00
8.041465217847047597e+01,0.000000000000000000e+00,0.000000000000000000e+00
7.902564790489712721e+01,0.000000000000000000e+00,0.000000000000000000e+00
8.274184716651639349e+01,0.000000000000000000e+00,0.000000000000000000e+00
8.115591709720365543e+01,0.000000000000000000e+00,0.000000000000000000e+00
8.074925659144564349e+01,0.000000000000000000e+00,0.000000000000000000e+00
7.984967079899141140e+01,0.000000000000000000e+00,0.000000000000000000e+00
8.375376664126625315e+01,0.000000000000000000e+00,0.000000000000000000e+00
7.640190213314841117e+01,0.000000000000000000e+00,0.000000000000000000e+00
8.064857496688260596e+01,0.000000000000000000e+00,0.000000000000000000e+00
8.090058998987954908e+01,0.000000000000000000e+00,0.000000000000000000e+00
7.760927805305830418e+01,0.000000000000000000e+00,0.000000000000000000e+00
7.728832981729209450e+01,0.000000000000000000e+00,0.000000000000000000e+00
7.826286619521714272e+01,0.000000000000000000e+00,0.000000000000000000e+00
8.201776560203268218e+01,0.000000000000000000e+00,0.000000000000000000e+00
8.192734032114867659e+01,0.000000000000000000e+00,0.000000000000000000e+00
7.980973725251672590e+01,0.000000000000000000e+00,0.000000000000000000e+00
7.983177700749048711e+01,0.000000000000000000e+00,0.000000000000000000e+00
7.331274939862332474e+01,0.000000000000000000e+00,0.000000000000000000e+00
7.674064437360441104e+01,0.000000000000000000e+00,0.000000000000000000e+00
8.042175601682208708e+01,0.000000000000000000e+00,0.000000000000000000e+00
8.230245047223699828e+01,0.000000000000000000e+00,0.000000000000000000e+00
8.219802029063893656e+01,0.000000000000000000e+00,0.000000000000000000e+00
7.727797796703761435e+01,0.000000000000000000e+00,0.000000000000000000e+00
8.200078628383732848e+01,0.000000000000000000e+00,0.000000000000000000e+00
8.252260528269587780e+01,0.000000000000000000e+00,0.000000000000000000e+00
8.262095724509316597e+01,0.000000000000000000e+00,0.000000000000000000e+00
8.232343894168569420e+01,0.000000000000000000e+00,0.000000000000000000e+00
8.035883412650090918e+01,0.000000000000000000e+00,0.000000000000000000e+00
8.152425635467567133e+01,0.000000000000000000e+00,0.000000000000000000e+00
8.434783216819965901e+01,0.000000000000000000e+00,0.000000000000000000e+00
7.825121603152996386e+01,0.000000000000000000e+00,0.000000000000000000e+00
8.079190766780705246e+01,0.000000000000000000e+00,0.000000000000000000e+00
7.627624445453648150e+01,0.000000000000000000e+00,0.000000000000000000e+00
7.958237437732009312e+01,0.000000000000000000e+00,0.000000000000000000e+00
8.060111429505350600e+01,0.000000000000000000e+00,0.000000000000000000e+00
7.900228298751356704e+01,0.000000000000000000e+00,0.000000000000000000e+00
7.811687266087790249e+01,0.000000000000000000e+00,0.000000000000000000e+00
8.176819647070145436e+01,0.000000000000000000e+00,0.000000000000000000e+00
7.846473924240557096e+01,0.000000000000000000e+00,0.000000000000000000e+00
8.593201565344668325e+01,0.000000000000000000e+00,0.000000000000000000e+00
8.255877806355671567e+01,0.000000000000000000e+00,0.000000000000000000e+00
7.783385785898306608e+01,0.000000000000000000e+00,0.000000000000000000e+00
8.003731418019930288e+01,0.000000000000000000e+00,0.000000000000000000e+00
7.881057272466091490e+01,0.000000000000000000e+00,0.000000000000000000e+00
8.290294695796006863e+01,0.000000000000000000e+00,0.000000000000000000e+00
8.434508906367634040e+01,0.000000000000000000e+00,0.000000000000000000e+00
8.018459893803508010e+01,0.000000000000000000e+00,0.000000000000000000e+00
7.890745615045501893e+01,0.000000000000000000e+00,0.000000000000000000e+00
8.333905488133235906e+01,0.000000000000000000e+00,0.000000000000000000e+00
8.277603158052741605e+01,0.000000000000000000e+00,0.000000000000000000e+00
7.915418874291920304e+01,0.000000000000000000e+00,0.000000000000000000e+00
8.111153014116429461e+01,0.000000000000000000e+00,0.000000000000000000e+00
8.095412461794987280e+01,0.000000000000000000e+00,0.000000000000000000e+00
8.125140360936779871e+01,0.000000000000000000e+00,0.000000000000000000e+00
8.222050571212683678e+01,0.000000000000000000e+00,0.000000000000000000e+00
8.337807643809308900e+01,0.000000000000000000e+00,0.000000000000000000e+00
7.905561914181208749e+01,0.000000000000000000e+00,0.000000000000000000e+00
8.007706696081082498e+01,0.000000000000000000e+00,0.000000000000000000e+00
8.189241821879807048e+01,0.000000000000000000e+00,0.000000000000000000e+00
7.760373028347801494e+01,0.000000000000000000e+00,0.000000000000000000e+00
8.128893876511159533e+01,0.000000000000000000e+00,0.000000000000000000e+00
8.045059643899438129e+01,0.000000000000000000e+00,0.000000000000000000e+00
7.912686908874248104e+01,0.000000000000000000e+00,0.000000000000000000e+00
8.184829789691364965e+01,0.000000000000000000e+00,0.000000000000000000e+00
8.031034787435218902e+01,0.000000000000000000e+00,0.000000000000000000e+00
7.998934306158857055e+01,0.000000000000000000e+00,0.000000000000000000e+00
8.100636002320241857e+01,0.000000000000000000e+00,0.000000000000000000e+00
7.942155003723087248e+01,0.000000000000000000e+00,0.000000000000000000e+00
8.107264083125951970e+01,0.000000000000000000e+00,0.000000000000000000e+00
8.331721817184761392e+01,0.000000000000000000e+00,0.000000000000000000e+00
7.958435139504989309e+01,0.000000000000000000e+00,0.000000000000000000e+00
7.991495239617572111e+01,0.000000000000000000e+00,0.000000000000000000e+00
8.070754582893310669e+01,0.000000000000000000e+00,0.000000000000000000e+00
7.986295619094293841e+01,0.000000000000000000e+00,0.000000000000000000e+00
7.989362528773146721e+01,0.000000000000000000e+00,0.000000000000000000e+00
8.030379987097842331e+01,0.000000000000000000e+00,0.000000000000000000e+00
7.971411024988709926e+01,0.000000000000000000e+00,0.000000000000000000e+00
7.645263735407966976e+01,0.000000000000000000e+00,0.000000000000000000e+00
8.119212500083548889e+01,0.000000000000000000e+00,0.000000000000000000e+00
7.969570203506479800e+01,0.000000000000000000e+00,0.000000000000000000e+00
8.130091959593984541e+01,0.000000000000000000e+00,0.000000000000000000e+00
8.103839387682576501e+01,0.000000000000000000e+00,0.000000000000000000e+00
7.804901774378569712e+01,0.000000000000000000e+00,0.000000000000000000e+00
7.879387581850141942e+01,0.000000000000000000e+00,0.000000000000000000e+00
8.321583335223097322e+01,0.000000000000000000e+00,0.000000000000000000e+00
7.878228472775020919e+01,0.000000000000000000e+00,0.000000000000000000e+00
8.080439271577800753e+01,0.000000000000000000e+00,0.000000000000000000e+00
7.765004956526171043e+01,0.000000000000000000e+00,0.000000000000000000e+00
7.718870694661184473e+01,0.000000000000000000e+00,0.000000000000000000e+00
7.823128596034997884e+01,0.000000000000000000e+00,0.000000000000000000e+00
8.046719887689992845e+01,0.000000000000000000e+00,0.000000000000000000e+00
8.205536516856169271e+01,0.000000000000000000e+00,0.000000000000000000e+00
8.122754964704124347e+01,0.000000000000000000e+00,0.000000000000000000e+00
8.475063824089552611e+01,0.000000000000000000e+00,0.000000000000000000e+00
8.059095332980618309e+01,0.000000000000000000e+00,0.000000000000000000e+00
7.991377726255966252e+01,0.000000000000000000e+00,0.000000000000000000e+00
8.092601985483700844e+01,0.000000000000000000e+00,0.000000000000000000e+00
7.690390234735049546e+01,0.000000000000000000e+00,0.000000000000000000e+00
8.126904006209261411e+01,0.000000000000000000e+00,0.000000000000000000e+00
7.793723328061187772e+01,0.000000000000000000e+00,0.000000000000000000e+00
8.018988192855995578e+01,0.000000000000000000e+00,0.000000000000000000e+00
7.698333125052553783e+01,0.000000000000000000e+00,0.000000000000000000e+00
7.654992192664856532e+01,0.000000000000000000e+00,0.000000000000000000e+00
7.752474948599147808e+01,0.000000000000000000e+00,0.000000000000000000e+00
7.937803468235405546e+01,0.000000000000000000e+00,0.000000000000000000e+00
7.898382179656960034e+01,0.000000000000000000e+00,0.000000000000000000e+00
8.055489790535254713e+01,0.000000000000000000e+00,0.000000000000000000e+00
8.198923589329052675e+01,0.000000000000000000e+00,0.000000000000000000e+00
7.966443674369095618e+01,0.000000000000000000e+00,0.000000000000000000e+00
7.876979289962862651e+01,0.000000000000000000e+00,0.000000000000000000e+00
8.022827540032496074e+01,0.000000000000000000e+00,0.000000000000000000e+00
8.011397023365609016e+01,0.000000000000000000e+00,0.000000000000000000e+00
7.970924681644137877e+01,0.000000000000000000e+00,0.000000000000000000e+00
7.929131590632952964e+01,0.000000000000000000e+00,0.000000000000000000e+00
8.194440736403993242e+01,0.000000000000000000e+00,0.000000000000000000e+00
8.208797624941142601e+01,0.000000000000000000e+00,0.000000000000000000e+00
7.792835767362956290e+01,0.000000000000000000e+00,0.000000000000000000e+00
8.501577746810812641e+01,0.000000000000000000e+00,0.000000000000000000e+00
7.830890896829923520e+01,0.000000000000000000e+00,0.000000000000000000e+00
7.946131611079663060e+01,0.000000000000000000e+00,0.000000000000000000e+00
7.852343460347506721e+01,0.000000000000000000e+00,0.000000000000000000e+00
7.775243235258969321e+01,0.000000000000000000e+00,0.000000000000000000e+00
7.633349984677413147e+01,0.000000000000000000e+00,0.000000000000000000e+00
8.013874191039971606e+01,0.000000000000000000e+00,0.000000000000000000e+00
7.822192112529697283e+01,0.000000000000000000e+00,0.000000000000000000e+00
7.831563457772664094e+01,0.000000000000000000e+00,0.000000000000000000e+00
8.037221478658200624e+01,0.000000000000000000e+00,0.000000000000000000e+00
7.435437338008537722e+01,0.000000000000000000e+00,0.000000000000000000e+00
8.372523332931933737e+01,0.000000000000000000e+00,0.000000000000000000e+00
8.147517933687458935e+01,0.000000000000000000e+00,0.000000000000000000e+00
7.747399499907214704e+01,0.000000000000000000e+00,0.000000000000000000e+00
7.786151171426628537e+01,0.000000000000000000e+00,0.000000000000000000e+00
8.008265091151984905e+01,0.000000000000000000e+00,0.000000000000000000e+00
8.162184113176536471e+01,0.000000000000000000e+00,0.000000000000000000e+00
7.844305239391367479e+01,0.000000000000000000e+00,0.000000000000000000e+00
7.702711570146327347e+01,0.000000000000000000e+00,0.000000000000000000e+00
7.711830820133131681e+01,0.000000000000000000e+00,0.000000000000000000e+00
7.548170840643507518e+01,0.000000000000000000e+00,0.000000000000000000e+00
8.030667013860747261e+01,0.000000000000000000e+00,0.000000000000000000e+00
7.600283488515452746e+01,0.000000000000000000e+00,0.000000000000000000e+00
8.156927004027654959e+01,0.000000000000000000e+00,0.000000000000000000e+00
7.991754696288829507e+01,0.000000000000000000e+00,0.000000000000000000e+00
8.167164196830353262e+01,0.000000000000000000e+00,0.000000000000000000e+00
7.856120833165239503e+01,0.000000000000000000e+00,0.000000000000000000e+00
7.565570122253457441e+01,0.000000000000000000e+00,0.000000000000000000e+00
7.633598245820184047e+01,0.000000000000000000e+00,0.000000000000000000e+00
7.539845997937436550e+01,0.000000000000000000e+00,0.000000000000000000e+00
8.029383015063146445e+01,0.000000000000000000e+00,0.000000000000000000e+00
7.826037927433162622e+01,0.000000000000000000e+00,0.000000000000000000e+00
7.915365692281363863e+01,0.000000000000000000e+00,0.000000000000000000e+00
7.945932631982697103e+01,0.000000000000000000e+00,0.000000000000000000e+00
7.618000926352443969e+01,0.000000000000000000e+00,0.000000000000000000e+00
7.978567592570423983e+01,0.000000000000000000e+00,0.000000000000000000e+00
7.796766638937499749e+01,0.000000000000000000e+00,0.000000000000000000e+00
7.959077064721671491e+01,0.000000000000000000e+00,0.000000000000000000e+00
7.563183217856845886e+01,0.000000000000000000e+00,0.000000000000000000e+00
7.668266521362694732e+01,0.000000000000000000e+00,0.000000000000000000e+00
7.801540243341337089e+01,0.000000000000000000e+00,0.000000000000000000e+00
7.694421936463510292e+01,0.000000000000000000e+00,0.000000000000000000e+00
7.937979622749081443e+01,0.000000000000000000e+00,0.000000000000000000e+00
7.793601201633161679e+01,0.000000000000000000e+00,0.000000000000000000e+00
7.812735502375851127e+01,0.000000000000000000e+00,0.000000000000000000e+00
7.604191267485477113e+01,0.000000000000000000e+00,0.000000000000000000e+00
7.997479980999749216e+01,0.000000000000000000e+00,0.000000000000000000e+00
8.075867934792819369e+01,0.000000000000000000e+00,0.000000000000000000e+00
7.747121522640412650e+01,0.000000000000000000e+00,0.000000000000000000e+00
8.064105121853714309e+01,0.000000000000000000e+00,0.000000000000000000e+00
7.580651199949053876e+01,0.000000000000000000e+00,0.000000000000000000e+00
7.945998599454311773e+01,0.000000000000000000e+00,0.000000000000000000e+00
7.811138952277185865e+01,0.000000000000000000e+00,0.000000000000000000e+00
7.609567459022188984e+01,0.000000000000000000e+00,0.000000000000000000e+00
7.505510122749967650e+01,0.000000000000000000e+00,0.000000000000000000e+00
8.252815850123526786e+01,0.000000000000000000e+00,0.000000000000000000e+00
7.925687869421957998e+01,0.000000000000000000e+00,0.000000000000000000e+00
7.747805289792063377e+01,0.000000000000000000e+00,0.000000000000000000e+00
7.720387272296657954e+01,0.000000000000000000e+00,0.000000000000000000e+00
7.837979010435287819e+01,0.000000000000000000e+00,0.000000000000000000e+00
7.814818698706207556e+01,0.000000000000000000e+00,0.000000000000000000e+00
7.936411032088432194e+01,0.000000000000000000e+00,0.000000000000000000e+00
7.685534792088624556e+01,0.000000000000000000e+00,0.000000000000000000e+00
7.885791187904172261e+01,0.000000000000000000e+00,0.000000000000000000e+00
7.691808222514094950e+01,0.000000000000000000e+00,0.000000000000000000e+00
7.607460108555247302e+01,0.000000000000000000e+00,0.000000000000000000e+00
7.903426894334198494e+01,0.000000000000000000e+00,0.000000000000000000e+00
8.046747012545928612e+01,0.000000000000000000e+00,0.000000000000000000e+00
7.798400459637599624e+01,0.000000000000000000e+00,0.000000000000000000e+00
7.817302777136303860e+01,0.000000000000000000e+00,0.000000000000000000e+00
7.764299188824183773e+01,0.000000000000000000e+00,0.000000000000000000e+00
7.643940757971034827e+01,0.000000000000000000e+00,0.000000000000000000e+00
7.930733455246001995e+01,0.000000000000000000e+00,0.000000000000000000e+00
7.825032694781008047e+01,0.000000000000000000e+00,0.000000000000000000e+00
7.733499863110084505e+01,0.000000000000000000e+00,0.000000000000000000e+00
8.198021541733041317e+01,0.000000000000000000e+00,0.000000000000000000e+00
7.535295717099452872e+01,0.000000000000000000e+00,0.000000000000000000e+00
7.486139933748498265e+01,0.000000000000000000e+00,0.000000000000000000e+00
7.648713543538784165e+01,0.000000000000000000e+00,0.000000000000000000e+00
7.134089833533326441e+01,0.000000000000000000e+00,0.000000000000000000e+00
7.700205753312219770e+01,0.000000000000000000e+00,0.000000000000000000e+00
7.922667086713414619e+01,0.000000000000000000e+00,0.000000000000000000e+00
7.645831676940342447e+01,0.000000000000000000e+00,0.000000000000000000e+00
7.766200836949431618e+01,0.000000000000000000e+00,0.000000000000000000e+00
7.453602372074774962e+01,0.000000000000000000e+00,0.000000000000000000e+00
7.762274805953173029e+01,0.000000000000000000e+00,0.000000000000000000e+00
7.739340498616427055e+01,0.000000000000000000e+00,0.000000000000000000e+00
7.992658278953810225e+01,0.000000000000000000e+00,0.000000000000000000e+00
7.703260910089440472e+01,0.000000000000000000e+00,0.000000000000000000e+00
7.419191607478531125e+01,0.000000000000000000e+00,0.000000000000000000e+00
7.701374702654246107e+01,0.000000000000000000e+00,0.000000000000000000e+00
7.568715683314849230e+01,0.000000000000000000e+00,0.000000000000000000e+00
7.807579716219873944e+01,0.000000000000000000e+00,0.000000000000000000e+00
7.390337778010571412e+01,0.000000000000000000e+00,0.000000000000000000e+00
7.815944119591419792e+01,0.000000000000000000e+00,0.000000000000000000e+00
7.644408097062310503e+01,0.000000000000000000e+00,0.000000000000000000e+00
7.524511763596522940e+01,0.000000000000000000e+00,0.000000000000000000e+00
7.657963339736683395e+01,0.000000000000000000e+00,0.000000000000000000e+00
7.790832714495124378e+01,0.000000000000000000e+00,0.000000000000000000e+00
7.765514347585752830e+01,0.000000000000000000e+00,0.000000000000000000e+00
7.579895716482151613e+01,0.000000000000000000e+00,0.000000000000000000e+00
7.760411622996160474e+01,0.000000000000000000e+00,0.000000000000000000e+00
7.883166335529459445e+01,0.000000000000000000e+00,0.000000000000000000e+00
7.383102940908094070e+01,0.000000000000000000e+00,0.000000000000000000e+00
7.684862448763917087e+01,0.000000000000000000e+00,0.000000000000000000e+00
7.751593162736216414e+01,0.000000000000000000e+00,0.000000000000000000e+00
7.633815094610834251e+01,0.000000000000000000e+00,0.000000000000000000e+00
7.339350469285091094e+01,0.000000000000000000e+00,0.000000000000000000e+00
7.738416752639270157e+01,0.000000000000000000e+00,0.000000000000000000e+00
7.640816533718036396e+01,0.000000000000000000e+00,0.000000000000000000e+00
7.728469529376471314e+01,0.000000000000000000e+00,0.000000000000000000e+00
7.708587497647725684e+01,0.000000000000000000e+00,0.000000000000000000e+00
7.797080114909803683e+01,0.000000000000000000e+00,0.000000000000000000e+00
7.609450637974353526e+01,0.000000000000000000e+00,0.000000000000000000e+00
7.901654120223059863e+01,0.000000000000000000e+00,0.000000000000000000e+00
7.549009988482551137e+01,0.000000000000000000e+00,0.000000000000000000e+00
7.751614699816499865e+01,0.000000000000000000e+00,0.000000000000000000e+00
7.251261058456431385e+01,0.000000000000000000e+00,0.000000000000000000e+00
7.588573946675647619e+01,0.000000000000000000e+00,0.000000000000000000e+00
7.617683752954816612e+01,0.000000000000000000e+00,0.000000000000000000e+00
7.546112529795486523e+01,0.000000000000000000e+00,0.000000000000000000e+00
7.557481800497617996e+01,0.000000000000000000e+00,0.000000000000000000e+00
7.396942469718067059e+01,0.000000000000000000e+00,0.000000000000000000e+00
7.535605468138484753e+01,0.000000000000000000e+00,0.000000000000000000e+00
7.128476308307625686e+01,0.000000000000000000e+00,0.000000000000000000e+00
7.632715734186159295e+01,0.000000000000000000e+00,0.000000000000000000e+00
7.480076534278639144e+01,0.000000000000000000e+00,0.000000000000000000e+00
7.674134815709685142e+01,0.000000000000000000e+00,0.000000000000000000e+00
7.289003774253961865e+01,0.000000000000000000e+00,0.000000000000000000e+00
7.864749659719801400e+01,0.000000000000000000e+00,0.000000000000000000e+00
7.727649822942368019e+01,0.000000000000000000e+00,0.000000000000000000e+00
7.097160788156752176e+01,0.000000000000000000e+00,0.000000000000000000e+00
7.213531674045439956e+01,0.000000000000000000e+00,0.000000000000000000e+00
7.579167100720900407e+01,0.000000000000000000e+00,0.000000000000000000e+00
7.263919646130545971e+01,0.000000000000000000e+00,0.000000000000000000e+00
7.385339948356804030e+01,0.000000000000000000e+00,0.000000000000000000e+00
7.268307801012750247e+01,0.000000000000000000e+00,0.000000000000000000e+00
7.839676215724139752e+01,0.000000000000000000e+00,0.000000000000000000e+00
7.567537436525853423e+01,0.000000000000000000e+00,0.000000000000000000e+00
7.259711102265532645e+01,0.000000000000000000e+00,0.000000000000000000e+00
7.358155840738150744e+01,0.000000000000000000e+00,0.000000000000000000e+00
7.704691840418291804e+01,0.000000000000000000e+00,0.000000000000000000e+00
7.480718831244072931e+01,0.000000000000000000e+00,0.000000000000000000e+00
7.347310970716931422e+01,0.000000000000000000e+00,0.000000000000000000e+00
7.414108489058314433e+01,0.000000000000000000e+00,0.000000000000000000e+00
7.588812147398199670e+01,0.000000000000000000e+00,0.000000000000000000e+00
7.544946874277890458e+01,0.000000000000000000e+00,0.000000000000000000e+00
7.358674149414241583e+01,0.000000000000000000e+00,0.000000000000000000e+00
7.474929614126267552e+01,0.000000000000000000e+00,0.000000000000000000e+00
7.191489475738862325e+01,0.000000000000000000e+00,0.000000000000000000e+00
7.413810131464961728e+01,0.000000000000000000e+00,0.000000000000000000e+00
7.550308422945816744e+01,0.000000000000000000e+00,0.000000000000000000e+00
7.528955398020590906e+01,0.000000000000000000e+00,0.000000000000000000e+00
7.098151473555198265e+01,0.000000000000000000e+00,0.000000000000000000e+00
7.656686075473238873e+01,0.000000000000000000e+00,0.000000000000000000e+00
7.171897569301738429e+01,0.000000000000000000e+00,0.000000000000000000e+00
7.290257598310735432e+01,0.000000000000000000e+00,0.000000000000000000e+00
7.428553243863431987e+01,0.000000000000000000e+00,0.000000000000000000e+00
7.710342867922682331e+01,0.000000000000000000e+00,0.000000000000000000e+00
7.042430550838768966e+01,0.000000000000000000e+00,0.000000000000000000e+00
7.322254427121399090e+01,0.000000000000000000e+00,0.000000000000000000e+00
7.266493413483969732e+01,0.000000000000000000e+00,0.000000000000000000e+00
7.234025336466093847e+01,0.000000000000000000e+00,0.000000000000000000e+00
7.297213655236589602e+01,0.000000000000000000e+00,0.000000000000000000e+00
7.291692299058111359e+01,0.000000000000000000e+00,0.000000000000000000e+00
7.454935915121039613e+01,0.000000000000000000e+00,0.000000000000000000e+00
7.036034833780733777e+01,0.000000000000000000e+00,0.000000000000000000e+00
7.307506649276702149e+01,0.000000000000000000e+00,0.000000000000000000e+00
7.475675564357720759e+01,0.000000000000000000e+00,0.000000000000000000e+00
7.107692771569152512e+01,0.000000000000000000e+00,0.000000000000000000e+00
7.295270942911304246e+01,0.000000000000000000e+00,0.000000000000000000e+00
7.721740592238001000e+01,0.000000000000000000e+00,0.000000000000000000e+00
6.529378783500564509e+01,0.000000000000000000e+00,0.000000000000000000e+00
7.242732622932929587e+01,0.000000000000000000e+00,0.000000000000000000e+00
7.661288741396802493e+01,0.000000000000000000e+00,0.000000000000000000e+00
7.575356011638119469e+01,0.000000000000000000e+00,0.000000000000000000e+00
7.268882941775606810e+01,0.000000000000000000e+00,0.000000000000000000e+00
7.255240257643133361e+01,0.000000000000000000e+00,0.000000000000000000e+00
7.301472664321876493e+01,0.000000000000000000e+00,0.000000000000000000e+00
7.122555581379219802e+01,0.000000000000000000e+00,0.000000000000000000e+00
7.686879725209495007e+01,0.000000000000000000e+00,0.000000000000000000e+00
7.133202892470561096e+01,0.000000000000000000e+00,0.000000000000000000e+00
7.256354688631145677e+01,0.000000000000000000e+00,0.000000000000000000e+00
7.435449500252657629e+01,0.000000000000000000e+00,0.000000000000000000e+00
7.438860039748014685e+01,0.000000000000000000e+00,0.000000000000000000e+00
7.077453174742026931e+01,0.000000000000000000e+00,0.000000000000000000e+00
7.231363411390742613e+01,0.000000000000000000e+00,0.000000000000000000e+00
7.322429248436353078e+01,0.000000000000000000e+00,0.000000000000000000e+00
7.018825459124572319e+01,0.000000000000000000e+00,0.000000000000000000e+00
7.576254813162145751e+01,0.000000000000000000e+00,0.000000000000000000e+00
7.092276238832737079e+01,0.000000000000000000e+00,0.000000000000000000e+00
6.751397020613819677e+01,0.000000000000000000e+00,0.000000000000000000e+00
6.975294263083991098e+01,0.000000000000000000e+00,0.000000000000000000e+00
7.058914907655068305e+01,0.000000000000000000e+00,0.000000000000000000e+00
7.201635533188137117e+01,0.000000000000000000e+00,0.000000000000000000e+00
7.092732651109261610e+01,0.000000000000000000e+00,0.000000000000000000e+00
6.682299286799765525e+01,0.000000000000000000e+00,0.000000000000000000e+00
6.985597703121797508e+01,0.000000000000000000e+00,0.000000000000000000e+00
7.204231704007550263e+01,0.000000000000000000e+00,0.000000000000000000e+00
7.098618744850998041e+01,0.000000000000000000e+00,0.000000000000000000e+00
7.387884644509999532e+01,0.000000000000000000e+00,0.000000000000000000e+00
7.701265167515728649e+01,0.000000000000000000e+00,0.000000000000000000e+00
6.926049883617663738e+01,0.000000000000000000e+00,0.000000000000000000e+00
7.071686558948113088e+01,0.000000000000000000e+00,0.000000000000000000e+00
6.879130324606876457e+01,0.000000000000000000e+00,0.000000000000000000e+00
7.255155775774710492e+01,0.000000000000000000e+00,0.000000000000000000e+00
7.447146963694189026e+01,0.000000000000000000e+00,0.000000000000000000e+00
7.179667082365689623e+01,0.000000000000000000e+00,0.000000000000000000e+00
7.063419554384749688e+01,0.000000000000000000e+00,0.000000000000000000e+00
7.450891650500449259e+01,0.000000000000000000e+00,0.000000000000000000e+00
6.776477257374379803e+01,0.000000000000000000e+00,0.000000000000000000e+00
6.393451507069134010e+01,0.000000000000000000e+00,0.000000000000000000e+00
7.001492317745021410e+01,0.000000000000000000e+00,0.000000000000000000e+00
7.068607121190802900e+01,0.000000000000000000e+00,0.000000000000000000e+00
7.175124060134037052e+01,0.000000000000000000e+00,0.000000000000000000e+00
7.364548746601502671e+01,0.000000000000000000e+00,0.000000000000000000e+00
6.985260828080251372e+01,0.000000000000000000e+00,0.000000000000000000e+00
7.036213935498879835e+01,0.000000000000000000e+00,0.000000000000000000e+00
7.037509905781465136e+01,0.000000000000000000e+00,0.000000000000000000e+00
7.099433273157801239e+01,0.000000000000000000e+00,0.000000000000000000e+00
7.686190212120769161e+01,0.000000000000000000e+00,0.000000000000000000e+00
7.274926559795079584e+01,0.000000000000000000e+00,0.000000000000000000e+00
7.059003739540614220e+01,0.000000000000000000e+00,0.000000000000000000e+00
6.937692975775264870e+01,0.000000000000000000e+00,0.000000000000000000e+00
7.497351323392413747e+01,0.000000000000000000e+00,0.000000000000000000e+00
7.259923609288885871e+01,0.000000000000000000e+00,0.000000000000000000e+00
7.165629766137057288e+01,0.000000000000000000e+00,0.000000000000000000e+00
6.976641658407683622e+01,0.000000000000000000e+00,0.000000000000000000e+00
6.856646306953363990e+01,0.000000000000000000e+00,0.000000000000000000e+00
7.148158926561679039e+01,0.000000000000000000e+00,0.000000000000000000e+00
7.066615851952232674e+01,0.000000000000000000e+00,0.000000000000000000e+00
6.807010474865218441e+01,0.000000000000000000e+00,0.000000000000000000e+00
7.281806154247186669e+01,0.000000000000000000e+00,0.000000000000000000e+00
7.232037830921784405e+01,0.000000000000000000e+00,0.000000000000000000e+00
6.989621138940610479e+01,0.000000000000000000e+00,0.000000000000000000e+00
7.056679259644734259e+01,0.000000000000000000e+00,0.000000000000000000e+00
6.983399680032651702e+01,0.000000000000000000e+00,0.000000000000000000e+00
6.878162953920161726e+01,0.000000000000000000e+00,0.000000000000000000e+00
6.645362188434840789e+01,0.000000000000000000e+00,0.000000000000000000e+00
7.140666762887198615e+01,0.000000000000000000e+00,0.000000000000000000e+00
7.074480977476420662e+01,0.000000000000000000e+00,0.000000000000000000e+00
6.924055658847790085e+01,0.000000000000000000e+00,0.000000000000000000e+00
6.846876705095931470e+01,0.000000000000000000e+00,0.000000000000000000e+00
6.965463462697668717e+01,0.000000000000000000e+00,0.000000000000000000e+00
6.850873302591551806e+01,0.000000000000000000e+00,0.000000000000000000e+00
6.827439926672937531e+01,0.000000000000000000e+00,0.000000000000000000e+00
6.988538135140397856e+01,0.000000000000000000e+00,0.000000000000000000e+00
6.814011399812167724e+01,0.000000000000000000e+00,0.000000000000000000e+00
6.804638726480631306e+01,0.000000000000000000e+00,0.000000000000000000e+00
7.043387374514082921e+01,0.000000000000000000e+00,0.000000000000000000e+00
6.799953590681876392e+01,0.000000000000000000e+00,0.000000000000000000e+00
6.744284339792183403e+01,0.000000000000000000e+00,0.000000000000000000e+00
7.230023309158181632e+01,0.000000000000000000e+00,0.000000000000000000e+00
6.601988655904935399e+01,0.000000000000000000e+00,0.000000000000000000e+00
6.680799896331217269e+01,0.000000000000000000e+00,0.000000000000000000e+00
6.647811493834385033e+01,0.000000000000000000e+00,0.000000000000000000e+00
7.054556822831381169e+01,0.000000000000000000e+00,0.000000000000000000e+00
6.709497378211554519e+01,0.000000000000000000e+00,0.000000000000000000e+00
6.636490240555181686e+01,0.000000000000000000e+00,0.000000000000000000e+00
6.698683869587763695e+01,0.000000000000000000e+00,0.000000000000000000e+00
6.581075035481185864e+01,0.000000000000000000e+00,0.000000000000000000e+00
6.950233209268918699e+01,0.000000000000000000e+00,0.000000000000000000e+00
6.985102125534071149e+01,0.000000000000000000e+00,0.000000000000000000e+00
6.731710049928155115e+01,0.000000000000000000e+00,0.000000000000000000e+00
6.704339414445854572e+01,0.000000000000000000e+00,0.000000000000000000e+00
6.806856664772180920e+01,0.000000000000000000e+00,0.000000000000000000e+00
6.752981662677984787e+01,0.000000000000000000e+00,0.000000000000000000e+00
6.513029795247123843e+01,0.000000000000000000e+00,0.000000000000000000e+00
6.647617799441385955e+01,0.000000000000000000e+00,0.000000000000000000e+00
6.479649735639006281e+01,0.000000000000000000e+00,0.000000000000000000e+00
6.611317326628811486e+01,0.000000000000000000e+00,0.000000000000000000e+00
6.583897252417739310e+01,0.000000000000000000e+00,0.000000000000000000e+00
6.683935115839700813e+01,0.000000000000000000e+00,0.000000000000000000e+00
6.399570094514447050e+01,0.000000000000000000e+00,0.000000000000000000e+00
7.066514089867769144e+01,0.000000000000000000e+00,0.000000000000000000e+00
6.477128603668806761e+01,0.000000000000000000e+00,0.000000000000000000e+00
6.956603478635133797e+01,0.000000000000000000e+00,0.000000000000000000e+00
6.959834736488870988e+01,0.000000000000000000e+00,0.000000000000000000e+00
6.577104789506039140e+01,0.000000000000000000e+00,0.000000000000000000e+00
6.350488290442436323e+01,0.000000000000000000e+00,0.000000000000000000e+00
6.613706955438081536e+01,0.000000000000000000e+00,0.000000000000000000e+00
6.722600026040932164e+01,0.000000000000000000e+00,0.000000000000000000e+00
6.498502943722012049e+01,0.000000000000000000e+00,0.000000000000000000e+00
6.300516739451582993e+01,0.000000000000000000e+00,0.000000000000000000e+00
6.858682786536682841e+01,0.000000000000000000e+00,0.000000000000000000e+00
6.889940103602296517e+01,0.000000000000000000e+00,0.000000000000000000e+00
6.538805623498159036e+01,0.000000000000000000e+00,0.000000000000000000e+00
6.497061729590737400e+01,0.000000000000000000e+00,0.000000000000000000e+00
6.436411935557531194e+01,0.000000000000000000e+00,0.000000000000000000e+00
6.493887961630039740e+01,0.000000000000000000e+00,0.000000000000000000e+00
6.450750309065723798e+01,0.000000000000000000e+00,0.000000000000000000e+00
6.948177394815778030e+01,0.000000000000000000e+00,0.000000000000000000e+00
6.779485370206761274e+01,0.000000000000000000e+00,0.000000000000000000e+00
6.011767670039644429e+01,0.000000000000000000e+00,0.000000000000000000e+00
6.949526511776373638e+01,0.000000000000000000e+00,0.000000000000000000e+00
6.541030094260474925e+01,0.000000000000000000e+00,0.000000000000000000e+00
6.307179467171484788e+01,0.000000000000000000e+00,0.000000000000000000e+00
6.424726868214079900e+01,0.000000000000000000e+00,0.000000000000000000e+00
6.577669356552290481e+01,0.000000000000000000e+00,0.000000000000000000e+00
6.560376301881603922e+01,0.000000000000000000e+00,0.000000000000000000e+00
6.368064204159013286e+01,0.000000000000000000e+00,0.000000000000000000e+00
6.474728970728553179e+01,0.000000000000000000e+00,0.000000000000000000e+00
6.496198222494759023e+01,0.000000000000000000e+00,0.000000000000000000e+00
6.848001528098296831e+01,0.000000000000000000e+00,0.000000000000000000e+00
6.510329304313826526e+01,0.000000000000000000e+00,0.000000000000000000e+00
6.813106364114437952e+01,0.000000000000000000e+00,0.000000000000000000e+00
6.422588049244954789e+01,0.000000000000000000e+00,0.000000000000000000e+00
6.698687500345094747e+01,0.000000000000000000e+00,0.000000000000000000e+00
6.701451793723110484e+01,0.000000000000000000e+00,0.000000000000000000e+00
6.854841400030042564e+01,0.000000000000000000e+00,0.000000000000000000e+00
6.301174601205273262e+01,0.000000000000000000e+00,0.000000000000000000e+00
6.549313043665098633e+01,0.000000000000000000e+00,0.000000000000000000e+00
6.432349687828207152e+01,0.000000000000000000e+00,0.000000000000000000e+00
6.204597494193858864e+01,0.000000000000000000e+00,0.000000000000000000e+00
6.387265686409499921e+01,0.000000000000000000e+00,0.000000000000000000e+00
6.331864221318502928e+01,0.000000000000000000e+00,0.000000000000000000e+00
6.327061567194990488e+01,0.000000000000000000e+00,0.000000000000000000e+00
6.584102302351219294e+01,0.000000000000000000e+00,0.000000000000000000e+00
6.712757905170262518e+01,0.000000000000000000e+00,0.000000000000000000e+00
6.735894811467326804e+01,0.000000000000000000e+00,0.000000000000000000e+00
6.161199548509981838e+01,0.000000000000000000e+00,0.000000000000000000e+00
6.121886516683694879e+01,0.000000000000000000e+00,0.000000000000000000e+00
6.406941366484792866e+01,0.000000000000000000e+00,0.000000000000000000e+00
6.542505175289807084e+01,0.000000000000000000e+00,0.000000000000000000e+00
6.258651739405130598e+01,0.000000000000000000e+00,0.000000000000000000e+00
6.829329826142154047e+01,0.000000000000000000e+00,0.000000000000000000e+00
6.408072125807312602e+01,0.000000000000000000e+00,0.000000000000000000e+00
6.161523050383046751e+01,0.000000000000000000e+00,0.000000000000000000e+00
6.399542668612068752e+01,0.000000000000000000e+00,0.000000000000000000e+00
6.299707601620429642e+01,0.000000000000000000e+00,0.000000000000000000e+00
6.561114986321669562e+01,0.000000000000000000e+00,0.000000000000000000e+00
6.591937233136034990e+01,0.000000000000000000e+00,0.000000000000000000e+00
6.516206714509557685e+01,0.000000000000000000e+00,0.000000000000000000e+00
6.177823020659704412e+01,0.000000000000000000e+00,0.000000000000000000e+00
6.230595443339992556e+01,0.000000000000000000e+00,0.000000000000000000e+00
6.249545632844301224e+01,0.000000000000000000e+00,0.000000000000000000e+00
6.331329783054979998e+01,0.000000000000000000e+00,0.000000000000000000e+00
6.334185846272266929e+01,0.000000000000000000e+00,0.000000000000000000e+00
6.357929738685149346e+01,0.000000000000000000e+00,0.000000000000000000e+00
6.200330923502065161e+01,0.000000000000000000e+00,0.000000000000000000e+00
6.328485658482695442e+01,0.000000000000000000e+00,0.000000000000000000e+00
6.315905889768938408e+01,0.000000000000000000e+00,0.000000000000000000e+00
6.326844292591309937e+01,0.000000000000000000e+00,0.000000000000000000e+00
6.204469920569324159e+01,0.000000000000000000e+00,0.000000000000000000e+00
6.094438367902112930e+01,0.000000000000000000e+00,0.000000000000000000e+00
6.895597575312568495e+01,0.000000000000000000e+00,0.000000000000000000e+00
6.449829994370422526e+01,0.000000000000000000e+00,0.000000000000000000e+00
6.195983559427778431e+01,0.000000000000000000e+00,0.000000000000000000e+00
6.311421009113303882e+01,0.000000000000000000e+00,0.000000000000000000e+00
6.517762336124910405e+01,0.000000000000000000e+00,0.000000000000000000e+00
6.037645002783418846e+01,0.000000000000000000e+00,0.000000000000000000e+00
6.446080366381974613e+01,0.000000000000000000e+00,0.000000000000000000e+00
6.266975523113669766e+01,0.000000000000000000e+00,0.000000000000000000e+00
6.555261334228262626e+01,0.000000000000000000e+00,0.000000000000000000e+00
5.911251272098277809e+01,0.000000000000000000e+00,0.000000000000000000e+00
6.200791965854774901e+01,0.000000000000000000e+00,0.000000000000000000e+00
5.952609770357553032e+01,0.000000000000000000e+00,0.000000000000000000e+00
5.958507635750138576e+01,0.000000000000000000e+00,0.000000000000000000e+00
6.057791451514225400e+01,0.000000000000000000e+00,0.000000000000000000e+00
6.434506404248041633e+01,0.000000000000000000e+00,0.000000000000000000e+00
5.828505437193577876e+01,0.000000000000000000e+00,0.000000000000000000e+00
5.959521503266473275e+01,0.000000000000000000e+00,0.000000000000000000e+00
6.020040677777475935e+01,0.000000000000000000e+00,0.000000000000000000e+00
6.215889568684167443e+01,0.000000000000000000e+00,0.000000000000000000e+00
6.156043447883631359e+01,0.000000000000000000e+00,0.000000000000000000e+00
5.788590435112615751e+01,0.000000000000000000e+00,0.000000000000000000e+00
6.114939944040924047e+01,0.000000000000000000e+00,0.000000000000000000e+00
5.840147048431494881e+01,0.000000000000000000e+00,0.000000000000000000e+00
6.163186142265102774e+01,0.000000000000000000e+00,0.000000000000000000e+00
5.756837133795025352e+01,0.000000000000000000e+00,0.000000000000000000e+00
5.894567641140483261e+01,0.000000000000000000e+00,0.000000000000000000e+00
5.673081160849177706e+01,0.000000000000000000e+00,0.000000000000000000e+00
5.838958940229482408e+01,0.000000000000000000e+00,0.000000000000000000e+00
6.093890567801762614e+01,0.000000000000000000e+00,0.000000000000000000e+00
6.042085375981469042e+01,0.000000000000000000e+00,0.000000000000000000e+00
6.196685350515366508e+01,0.000000000000000000e+00,0.000000000000000000e+00
6.043840863698832777e+01,0.000000000000000000e+00,0.000000000000000000e+00
5.630658651723904029e+01,0.000000000000000000e+00,0.000000000000000000e+00
5.942651854036477488e+01,0.000000000000000000e+00,0.000000000000000000e+00
5.638825250025344360e+01,0.000000000000000000e+00,0.000000000000000000e+00
5.921340519703991845e+01,0.000000000000000000e+00,0.000000000000000000e+00
6.383985305375158958e+01,0.000000000000000000e+00,0.000000000000000000e+00
6.133869671555355296e+01,0.000000000000000000e+00,0.000000000000000000e+00
6.056559558830100087e+01,0.000000000000000000e+00,0.000000000000000000e+00
6.228691029466966000e+01,0.000000000000000000e+00,0.000000000000000000e+00
6.069218001993164791e+01,0.000000000000000000e+00,0.000000000000000000e+00
5.720924166043694470e+01,0.000000000000000000e+00,0.000000000000000000e+00
5.691962563092008764e+01,0.000000000000000000e+00,0.000000000000000000e+00
5.740762899846000522e+01,0.000000000000000000e+00,0.000000000000000000e+00
5.876417822109088718e+01,0.000000000000000000e+00,0.000000000000000000e+00
5.573924347615846386e+01,0.000000000000000000e+00,0.000000000000000000e+00
5.661792009241059986e+01,0.000000000000000000e+00,0.000000000000000000e+00
5.835813685623788416e+01,0.000000000000000000e+00,0.000000000000000000e+00
5.755164909415863406e+01,0.000000000000000000e+00,0.000000000000000000e+00
5.697751946923365551e+01,0.000000000000000000e+00,0.000000000000000000e+00
5.731896801936760966e+01,0.000000000000000000e+00,0.000000000000000000e+00
5.421747522295121513e+01,0.000000000000000000e+00,0.000000000000000000e+00
5.872194319724365386e+01,0.000000000000000000e+00,0.000000000000000000e+00
5.558628786945023137e+01,0.000000000000000000e+00,0.000000000000000000e+00
5.865279282960428020e+01,0.000000000000000000e+00,0.000000000000000000e+00
5.939665608243981154e+01,0.000000000000000000e+00,0.000000000000000000e+00
5.579953595991364068e+01,0.000000000000000000e+00,0.000000000000000000e+00
5.548760725927105852e+01,0.000000000000000000e+00,0.000000000000000000e+00
5.534072753021924029e+01,0.000000000000000000e+00,0.000000000000000000e+00
5.375131304157754641e+01,0.000000000000000000e+00,0.000000000000000000e+00
5.726353574369771593e+01,0.000000000000000000e+00,0.000000000000000000e+00
5.621102040132667810e+01,0.000000000000000000e+00,0.000000000000000000e+00
5.746370968188082173e+01,0.000000000000000000e+00,0.000000000000000000e+00
5.839788133798504788e+01,0.000000000000000000e+00,0.000000000000000000e+00
5.416427899006205848e+01,0.000000000000000000e+00,0.000000000000000000e+00
5.735410841939732052e+01,0.000000000000000000e+00,0.000000000000000000e+00
5.652963761407407617e+01,0.000000000000000000e+00,0.000000000000000000e+00
5.366640142078836817e+01,0.000000000000000000e+00,0.000000000000000000e+00
5.490195369348857213e+01,0.000000000000000000e+00,0.000000000000000000e+00
5.847333080325921628e+01,0.000000000000000000e+00,0.000000000000000000e+00
5.691417633393675857e+01,0.000000000000000000e+00,0.000000000000000000e+00
5.496176040170021082e+01,0.000000000000000000e+00,0.000000000000000000e+00
5.703516844225692495e+01,0.000000000000000000e+00,0.000000000000000000e+00
5.403656179233458090e+01,0.000000000000000000e+00,0.000000000000000000e+00
5.814289276372821291e+01,0.000000000000000000e+00,0.000000000000000000e+00
5.633561523308744512e+01,0.000000000000000000e+00,0.000000000000000000e+00
5.622391050558334769e+01,0.000000000000000000e+00,0.000000000000000000e+00
5.775493747354420293e+01,0.000000000000000000e+00,0.000000000000000000e+00
5.844259229674000267e+01,0.000000000000000000e+00,0.000000000000000000e+00
5.588807317688238641e+01,0.000000000000000000e+00,0.000000000000000000e+00
5.512244329182741609e+01,0.000000000000000000e+00,0.000000000000000000e+00
5.863796201430974975e+01,0.000000000000000000e+00,0.000000000000000000e+00
5.670008791106412360e+01,0.000000000000000000e+00,0.000000000000000000e+00
5.651896738255938857e+01,0.000000000000000000e+00,0.000000000000000000e+00
5.440979348226210988e+01,0.000000000000000000e+00,0.000000000000000000e+00
5.548509107846107469e+01,0.000000000000000000e+00,0.000000000000000000e+00
5.620721237260111280e+01,0.000000000000000000e+00,0.000000000000000000e+00
5.788760293977409077e+01,0.000000000000000000e+00,0.000000000000000000e+00
5.478589481039768572e+01,0.000000000000000000e+00,0.000000000000000000e+00
5.224378039390747119e+01,0.000000000000000000e+00,0.000000000000000000e+00
5.534941043572763419e+01,0.000000000000000000e+00,0.000000000000000000e+00
5.045851108186520406e+01,0.000000000000000000e+00,0.000000000000000000e+00
5.573615742553597840e+01,0.000000000000000000e+00,0.000000000000000000e+00
5.259448218120085272e+01,0.000000000000000000e+00,0.000000000000000000e+00
5.515953835276949491e+01,0.000000000000000000e+00,0.000000000000000000e+00
5.645399852921262607e+01,0.000000000000000000e+00,0.000000000000000000e+00
5.529737667314627458e+01,0.000000000000000000e+00,0.000000000000000000e+00
5.402061386621923589e+01,0.000000000000000000e+00,0.000000000000000000e+00
5.669508260462300342e+01,0.000000000000000000e+00,0.000000000000000000e+00
5.448727095575124224e+01,0.000000000000000000e+00,0.000000000000000000e+00
5.838487566831138764e+01,0.000000000000000000e+00,0.000000000000000000e+00
5.167755072945239192e+01,0.000000000000000000e+00,0.000000000000000000e+00
5.332298282807089151e+01,0.000000000000000000e+00,0.000000000000000000e+00
5.290569760371985808e+01,0.000000000000000000e+00,0.000000000000000000e+00
5.519874525771216867e+01,0.000000000000000000e+00,0.000000000000000000e+00
5.258248802639308650e+01,0.000000000000000000e+00,0.000000000000000000e+00
5.330205635070429793e+01,0.000000000000000000e+00,0.000000000000000000e+00
5.369037180292675515e+01,0.000000000000000000e+00,0.000000000000000000e+00
5.219784571891675284e+01,0.000000000000000000e+00,0.000000000000000000e+00
5.352448608000590013e+01,0.000000000000000000e+00,0.000000000000000000e+00
5.520574111998946165e+01,0.000000000000000000e+00,0.000000000000000000e+00
5.194340506847468930e+01,0.000000000000000000e+00,0.000000000000000000e+00
5.255030540870966860e+01,0.000000000000000000e+00,0.000000000000000000e+00
5.483809588103170540e+01,0.000000000000000000e+00,0.000000000000000000e+00
5.244431915156231838e+01,0.000000000000000000e+00,0.000000000000000000e+00
5.233919315003100081e+01,0.000000000000000000e+00,0.000000000000000000e+00
5.350370257722210710e+01,0.000000000000000000e+00,0.000000000000000000e+00
5.422915463690110727e+01,0.000000000000000000e+00,0.000000000000000000e+00
5.229891781094344338e+01,0.000000000000000000e+00,0.000000000000000000e+00
5.230336243594931034e+01,0.000000000000000000e+00,0.000000000000000000e+00
5.253505598705277890e+01,0.000000000000000000e+00,0.000000000000000000e+00
5.277161134987603219e+01,0.000000000000000000e+00,0.000000000000000000e+00
5.486090684634659453e+01,0.000000000000000000e+00,0.000000000000000000e+00
5.026236735205779382e+01,0.000000000000000000e+00,0.000000000000000000e+00
5.628417785061180467e+01,0.000000000000000000e+00,0.000000000000000000e+00
5.121684453920526892e+01,0.000000000000000000e+00,0.000000000000000000e+00
5.094150361063655907e+01,0.000000000000000000e+00,0.000000000000000000e+00
5.400528444242776516e+01,0.000000000000000000e+00,0.000000000000000000e+00
5.294899317728042121e+01,0.000000000000000000e+00,0.000000000000000000e+00
5.047120835237723924e+01,0.000000000000000000e+00,0.000000000000000000e+00
5.311845466546193251e+01,0.000000000000000000e+00,0.000000000000000000e+00
5.201351219764504208e+01,0.000000000000000000e+00,0.000000000000000000e+00
5.427780558762185592e+01,0.000000000000000000e+00,0.000000000000000000e+00
4.900944522744929799e+01,0.000000000000000000e+00,0.000000000000000000e+00
4.972138726323900215e+01,0.000000000000000000e+00,0.000000000000000000e+00
5.372518219530383732e+01,0.000000000000000000e+00,0.000000000000000000e+00
4.751086209169547914e+01,0.000000000000000000e+00,0.000000000000000000e+00
4.946343445626365565e+01,0.000000000000000000e+00,0.000000000000000000e+00
5.218921893009006396e+01,0.000000000000000000e+00,0.000000000000000000e+00
5.265930851899913279e+01,0.000000000000000000e+00,0.000000000000000000e+00
4.948178953484789844e+01,0.000000000000000000e+00,0.000000000000000000e+00
5.173542061864561958e+01,0.000000000000000000e+00,0.000000000000000000e+00
5.124004813594833507e+01,0.000000000000000000e+00,0.000000000000000000e+00
4.993727483381828591e+01,0.000000000000000000e+00,0.000000000000000000e+00
4.961896118813439216e+01,0.000000000000000000e+00,0.000000000000000000e+00
5.529300413918442558e+01,0.000000000000000000e+00,0.000000000000000000e+00
4.861009827054905941e+01,0.000000000000000000e+00,0.000000000000000000e+00
4.743615849511985516e+01,0.000000000000000000e+00,0.000000000000000000e+00
4.959321476333034440e+01,0.000000000000000000e+00,0.000000000000000000e+00
5.318720848020508640e+01,0.000000000000000000e+00,0.000000000000000000e+00
5.400026175683888852e+01,0.000000000000000000e+00,0.000000000000000000e+00
4.848293420275036425e+01,0.000000000000000000e+00,0.000000000000000000e+00
4.819222650306267042e+01,0.000000000000000000e+00,0.000000000000000000e+00
5.106374298253410160e+01,0.000000000000000000e+00,0.000000000000000000e+00
4.781000897562504548e+01,0.000000000000000000e+00,0.000000000000000000e+00
4.713431263732331189e+01,0.000000000000000000e+00,0.000000000000000000e+00
5.071805283315818258e+01,0.000000000000000000e+00,0.000000000000000000e+00
5.337567534145024695e+01,0.000000000000000000e+00,0.000000000000000000e+00
4.826890326033110057e+01,0.000000000000000000e+00,0.000000000000000000e+00
4.998247927099773591e+01,0.000000000000000000e+00,0.000000000000000000e+00
4.926242594451326795e+01,0.000000000000000000e+00,0.000000000000000000e+00
5.003234846759576726e+01,0.000000000000000000e+00,0.000000000000000000e+00
4.939958485168794766e+01,0.000000000000000000e+00,0.000000000000000000e+00
4.729966785237638049e+01,0.000000000000000000e+00,0.000000000000000000e+00
4.907777815095742824e+01,0.000000000000000000e+00,0.000000000000000000e+00
4.800726551316062540e+01,0.000000000000000000e+00,0.000000000000000000e+00
4.683293005659734121e+01,0.000000000000000000e+00,0.000000000000000000e+00
4.559732399866550168e+01,0.000000000000000000e+00,0.000000000000000000e+00
4.990153140068674986e+01,0.000000000000000000e+00,0.000000000000000000e+00
4.755656005051808677e+01,0.000000000000000000e+00,0.000000000000000000e+00
4.914215844680421696e+01,0.000000000000000000e+00,0.000000000000000000e+00
4.817962277319778508e+01,0.000000000000000000e+00,0.000000000000000000e+00
4.695823529025096121e+01,0.000000000000000000e+00,0.000000000000000000e+00
4.943581867599899482e+01,0.000000000000000000e+00,0.000000000000000000e+00
4.598627214805417651e+01,0.000000000000000000e+00,0.000000000000000000e+00
4.776451811471397946e+01,0.000000000000000000e+00,0.000000000000000000e+00
5.157114785192196393e+01,0.000000000000000000e+00,0.000000000000000000e+00
5.081374923243160424e+01,0.000000000000000000e+00,0.000000000000000000e+00
4.399181353613237633e+01,0.000000000000000000e+00,0.000000000000000000e+00
5.013558300657509648e+01,0.000000000000000000e+00,0.000000000000000000e+00
4.863659741273295367e+01,0.000000000000000000e+00,0.000000000000000000e+00
5.033298968667853046e+01,0.000000000000000000e+00,0.000000000000000000e+00
4.852961148906722855e+01,0.000000000000000000e+00,0.000000000000000000e+00
4.916165793741190981e+01,0.000000000000000000e+00,0.000000000000000000e+00
5.257493305520479510e+01,0.000000000000000000e+00,0.000000000000000000e+00
4.790088553039402797e+01,0.000000000000000000e+00,0.000000000000000000e+00
4.940898975912053714e+01,0.000000000000000000e+00,0.000000000000000000e+00
4.638566446043016356e+01,0.000000000000000000e+00,0.000000000000000000e+00
4.619752630126173187e+01,0.000000000000000000e+00,0.000000000000000000e+00
4.871770623758861518e+01,0.000000000000000000e+00,0.000000000000000000e+00
4.702518216733544421e+01,0.000000000000000000e+00,0.000000000000000000e+00
4.841327008397617959e+01,0.000000000000000000e+00,0.000000000000000000e+00
4.285691444829594587e+01,0.000000000000000000e+00,0.000000000000000000e+00
5.010431914482823856e+01,0.000000000000000000e+00,0.000000000000000000e+00
4.480901614858277782e+01,0.000000000000000000e+00,0.000000000000000000e+00
4.673675852489849802e+01,0.000000000000000000e+00,0.000000000000000000e+00
4.642369605366553031e+01,0.000000000000000000e+00,0.000000000000000000e+00
4.582445915305526540e+01,0.000000000000000000e+00,0.000000000000000000e+00
4.263145982596891770e+01,0.000000000000000000e+00,0.000000000000000000e+00
4.748781519522041350e+01,0.000000000000000000e+00,0.000000000000000000e+00
4.645457027865032273e+01,0.000000000000000000e+00,0.000000000000000000e+00
4.349779362395089777e+01,0.000000000000000000e+00,0.000000000000000000e+00
4.642594752572340866e+01,0.000000000000000000e+00,0.000000000000000000e+00
4.788624589345748461e+01,0.000000000000000000e+00,0.000000000000000000e+00
4.347412716657697729e+01,0.000000000000000000e+00,0.000000000000000000e+00
4.528123578354183110e+01,0.000000000000000000e+00,0.000000000000000000e+00
4.348238254113610424e+01,0.000000000000000000e+00,0.000000000000000000e+00
4.240690422117414471e+01,0.000000000000000000e+00,0.000000000000000000e+00
4.553967059308875776e+01,0.000000000000000000e+00,0.000000000000000000e+00
4.338602926522906955e+01,0.000000000000000000e+00,0.000000000000000000e+00
4.531633401621723323e+01,0.000000000000000000e+00,0.000000000000000000e+00
4.798499073483004906e+01,0.000000000000000000e+00,0.000000000000000000e+00
4.381842107430042432e+01,0.000000000000000000e+00,0.000000000000000000e+00
4.325867989517813328e+01,0.000000000000000000e+00,0.000000000000000000e+00
4.554364450987952040e+01,0.000000000000000000e+00,0.000000000000000000e+00
4.422678121591485478e+01,0.000000000000000000e+00,0.000000000000000000e+00
4.579444171477444314e+01,0.000000000000000000e+00,0.000000000000000000e+00
4.406386783029219600e+01,0.000000000000000000e+00,0.000000000000000000e+00
4.784209604294765228e+01,0.000000000000000000e+00,0.000000000000000000e+00
4.529571781863734259e+01,0.000000000000000000e+00,0.000000000000000000e+00
4.730651315562099057e+01,0.000000000000000000e+00,0.000000000000000000e+00
4.199892041718590718e+01,0.000000000000000000e+00,0.000000000000000000e+00
4.468636551709971627e+01,0.000000000000000000e+00,0.000000000000000000e+00
4.776424455853464934e+01,0.000000000000000000e+00,0.000000000000000000e+00
4.456915500412628717e+01,0.000000000000000000e+00,0.000000000000000000e+00
4.427017822717714779e+01,0.000000000000000000e+00,0.000000000000000000e+00
4.416991823772627868e+01,0.000000000000000000e+00,0.000000000000000000e+00
4.192812600343400931e+01,0.000000000000000000e+00,0.000000000000000000e+00
4.819262326483910641e+01,0.000000000000000000e+00,0.000000000000000000e+00
4.296540322116660349e+01,0.000000000000000000e+00,0.000000000000000000e+00
4.494455470556566468e+01,0.000000000000000000e+00,0.000000000000000000e+00
4.697457634291036044e+01,0.000000000000000000e+00,0.000000000000000000e+00
4.433379453317539287e+01,0.000000000000000000e+00,0.000000000000000000e+00
4.459169936660451583e+01,0.000000000000000000e+00,0.000000000000000000e+00
4.414264339228709844e+01,0.000000000000000000e+00,0.000000000000000000e+00
4.343217548444597043e+01,0.000000000000000000e+00,0.000000000000000000e+00
4.320457066400744139e+01,0.000000000000000000e+00,0.000000000000000000e+00
4.256927796764912131e+01,0.000000000000000000e+00,0.000000000000000000e+00
4.169368077936626804e+01,0.000000000000000000e+00,0.000000000000000000e+00
4.498024828741493764e+01,0.000000000000000000e+00,0.000000000000000000e+00
4.261202386549314980e+01,0.000000000000000000e+00,0.000000000000000000e+00
4.647303698981588838e+01,0.000000000000000000e+00,0.000000000000000000e+00
4.371579215552578290e+01,0.000000000000000000e+00,0.000000000000000000e+00
4.327997809406798524e+01,0.000000000000000000e+00,0.000000000000000000e+00
4.362062583927286852e+01,0.000000000000000000e+00,0.000000000000000000e+00
3.937017390458861144e+01,0.000000000000000000e+00,0.000000000000000000e+00
4.688174113717604286e+01,0.000000000000000000e+00,0.000000000000000000e+00
4.141453880137481036e+01,0.000000000000000000e+00,0.000000000000000000e+00
4.141753030045356354e+01,0.000000000000000000e+00,0.000000000000000000e+00
4.133606069395015226e+01,0.000000000000000000e+00,0.000000000000000000e+00
4.149702376674587612e+01,0.000000000000000000e+00,0.000000000000000000e+00
4.322879533719099499e+01,0.000000000000000000e+00,0.000000000000000000e+00
3.919155230321808148e+01,0.000000000000000000e+00,0.000000000000000000e+00
4.106776662061769656e+01,0.000000000000000000e+00,0.000000000000000000e+00
4.058315391615039402e+01,0.000000000000000000e+00,0.000000000000000000e+00
4.315682646627757180e+01,0.000000000000000000e+00,0.000000000000000000e+00
3.965241895956593510e+01,0.000000000000000000e+00,0.000000000000000000e+00
4.539840371055154122e+01,0.000000000000000000e+00,0.000000000000000000e+00
4.142714289815856432e+01,0.000000000000000000e+00,0.000000000000000000e+00
4.256160178538244310e+01,0.000000000000000000e+00,0.000000000000000000e+00
3.877074217155983149e+01,0.000000000000000000e+00,0.000000000000000000e+00
4.110002150994821335e+01,0.000000000000000000e+00,0.000000000000000000e+00
4.425149143728054213e+01,0.000000000000000000e+00,0.000000000000000000e+00
4.213049045829087902e+01,0.000000000000000000e+00,0.000000000000000000e+00
3.508121837391799147e+01,0.000000000000000000e+00,0.000000000000000000e+00
4.069341258326358002e+01,0.000000000000000000e+00,0.000000000000000000e+00
4.123222762834735278e+01,0.000000000000000000e+00,0.000000000000000000e+00
4.214436653707788594e+01,0.000000000000000000e+00,0.000000000000000000e+00
3.941316129660119572e+01,0.000000000000000000e+00,0.000000000000000000e+00
4.002970616902074852e+01,0.000000000000000000e+00,0.000000000000000000e+00
4.022126976752046090e+01,0.000000000000000000e+00,0.000000000000000000e+00
4.205169894744160075e+01,0.000000000000000000e+00,0.000000000000000000e+00
3.820168889761830400e+01,0.000000000000000000e+00,0.000000000000000000e+00
3.958026153967054483e+01,0.000000000000000000e+00,0.000000000000000000e+00
4.294730272427901951e+01,0.000000000000000000e+00,0.000000000000000000e+00
4.306639742878854804e+01,0.000000000000000000e+00,0.000000000000000000e+00
4.046994168980652518e+01,0.000000000000000000e+00,0.000000000000000000e+00
3.769059541575548167e+01,0.000000000000000000e+00,0.000000000000000000e+00
3.635286407217461857e+01,0.000000000000000000e+00,0.000000000000000000e+00
3.773779278416050431e+01,0.000000000000000000e+00,0.000000000000000000e+00
3.954279717785002646e+01,0.000000000000000000e+00,0.000000000000000000e+00
3.942978803477277694e+01,0.000000000000000000e+00,0.000000000000000000e+00
3.972521530324195282e+01,0.000000000000000000e+00,0.000000000000000000e+00
4.044587732842708760e+01,0.000000000000000000e+00,0.000000000000000000e+00
4.039879046292723785e+01,0.000000000000000000e+00,0.000000000000000000e+00
4.021449752016281565e+01,0.000000000000000000e+00,0.000000000000000000e+00
4.031805079372233536e+01,0.000000000000000000e+00,0.000000000000000000e+00
4.227107835771779776e+01,0.000000000000000000e+00,0.000000000000000000e+00
3.804528565062520329e+01,0.000000000000000000e+00,0.000000000000000000e+00
4.048344930279982634e+01,0.000000000000000000e+00,0.000000000000000000e+00
4.014197355918308574e+01,0.000000000000000000e+00,0.000000000000000000e+00
3.806289555662052493e+01,0.000000000000000000e+00,0.000000000000000000e+00
3.750897495065971299e+01,0.000000000000000000e+00,0.000000000000000000e+00
4.018761661305001098e+01,0.000000000000000000e+00,0.000000000000000000e+00
3.775270120542850805e+01,0.000000000000000000e+00,0.000000000000000000e+00
3.896850974879551188e+01,0.000000000000000000e+00,0.000000000000000000e+00
3.866495882466943357e+01,0.000000000000000000e+00,0.000000000000000000e+00
3.833646536634119428e+01,0.000000000000000000e+00,0.000000000000000000e+00
3.793833715647804894e+01,0.000000000000000000e+00,0.000000000000000000e+00
4.091978071706461861e+01,0.000000000000000000e+00,0.000000000000000000e+00
3.824992870371218601e+01,0.000000000000000000e+00,0.000000000000000000e+00
3.963452109612924801e+01,0.000000000000000000e+00,0.000000000000000000e+00
4.036769016856235481e+01,0.000000000000000000e+00,0.000000000000000000e+00
3.720324203292043563e+01,0.000000000000000000e+00,0.000000000000000000e+00
3.915594891097885011e+01,0.000000000000000000e+00,0.000000000000000000e+00
3.419509048274337459e+01,0.000000000000000000e+00,0.000000000000000000e+00
3.343113348565195508e+01,0.000000000000000000e+00,0.000000000000000000e+00
3.785418698782176250e+01,0.000000000000000000e+00,0.000000000000000000e+00
3.578194709052058897e+01,0.000000000000000000e+00,0.000000000000000000e+00
3.799254687047892531e+01,0.000000000000000000e+00,0.000000000000000000e+00
3.685881874092766708e+01,0.000000000000000000e+00,0.000000000000000000e+00
3.756948934695101627e+01,0.000000000000000000e+00,0.000000000000000000e+00
3.795559230800554218e+01,0.000000000000000000e+00,0.000000000000000000e+00
3.913491912700622777e+01,0.000000000000000000e+00,0.000000000000000000e+00
3.937116025334681524e+01,0.000000000000000000e+00,0.000000000000000000e+00
3.751532783943214611e+01,0.000000000000000000e+00,0.000000000000000000e+00
3.455503170971732629e+01,0.000000000000000000e+00,0.000000000000000000e+00
3.449643145570413338e+01,0.000000000000000000e+00,0.000000000000000000e+00
3.835746184619628707e+01,0.000000000000000000e+00,0.000000000000000000e+00
3.843744656708572904e+01,0.000000000000000000e+00,0.000000000000000000e+00
3.644580336373141449e+01,0.000000000000000000e+00,0.000000000000000000e+00
3.705365043516576407e+01,0.000000000000000000e+00,0.000000000000000000e+00
3.691851421332258809e+01,0.000000000000000000e+00,0.000000000000000000e+00
3.740942589829025167e+01,0.000000000000000000e+00,0.000000000000000000e+00
3.770111680393812748e+01,0.000000000000000000e+00,0.000000000000000000e+00
3.509966997282201362e+01,0.000000000000000000e+00,0.000000000000000000e+00
4.070659978117049604e+01,0.000000000000000000e+00,0.000000000000000000e+00
3.740313712705574289e+01,0.000000000000000000e+00,0.000000000000000000e+00
3.402643894534239877e+01,0.000000000000000000e+00,0.000000000000000000e+00
3.723986579953160714e+01,0.000000000000000000e+00,0.000000000000000000e+00
3.611421227638080467e+01,0.000000000000000000e+00,0.000000000000000000e+00
3.782124048460094912e+01,0.000000000000000000e+00,0.000000000000000000e+00
3.185967376803433382e+01,0.000000000000000000e+00,0.000000000000000000e+00
3.594140089286088369e+01,0.000000000000000000e+00,0.000000000000000000e+00
3.478031334768940042e+01,0.000000000000000000e+00,0.000000000000000000e+00
3.409592347981013916e+01,0.000000000000000000e+00,0.000000000000000000e+00
3.656181893549386785e+01,0.000000000000000000e+00,0.000000000000000000e+00
3.360590655284759976e+01,0.000000000000000000e+00,0.000000000000000000e+00
3.447287812303139987e+01,0.000000000000000000e+00,0.000000000000000000e+00
3.402390008334993610e+01,0.000000000000000000e+00,0.000000000000000000e+00
3.529372384704035426e+01,0.000000000000000000e+00,0.000000000000000000e+00
3.075117473868988682e+01,0.000000000000000000e+00,0.000000000000000000e+00
3.725512325118744883e+01,0.000000000000000000e+00,0.000000000000000000e+00
3.070658758906104779e+01,0.000000000000000000e+00,0.000000000000000000e+00
3.717465069943518330e+01,0.000000000000000000e+00,0.000000000000000000e+00
3.094878033862649147e+01,0.000000000000000000e+00,0.000000000000000000e+00
3.600955968497105886e+01,0.000000000000000000e+00,0.000000000000000000e+00
3.510962390579321379e+01,0.000000000000000000e+00,0.000000000000000000e+00
3.454189997170595916e+01,0.000000000000000000e+00,0.000000000000000000e+00
3.315973800453880926e+01,0.000000000000000000e+00,0.000000000000000000e+00
3.678072752211722474e+01,0.000000000000000000e+00,0.000000000000000000e+00
3.416692756515224971e+01,0.000000000000000000e+00,0.000000000000000000e+00
3.212077540073484982e+01,0.000000000000000000e+00,0.000000000000000000e+00
3.240353960261260369e+01,0.000000000000000000e+00,0.000000000000000000e+00
3.659929945244542182e+01,0.000000000000000000e+00,0.000000000000000000e+00
3.331875927509123159e+01,0.000000000000000000e+00,0.000000000000000000e+00
3.499820503474875721e+01,0.000000000000000000e+00,0.000000000000000000e+00
3.442799348757455391e+01,0.000000000000000000e+00,0.000000000000000000e+00
3.480529408732585495e+01,0.000000000000000000e+00,0.000000000000000000e+00
3.220928428550902822e+01,0.000000000000000000e+00,0.000000000000000000e+00
3.453033970494097815e+01,0.000000000000000000e+00,0.000000000000000000e+00
3.237873283698285576e+01,0.000000000000000000e+00,0.000000000000000000e+00
3.375205669982862133e+01,0.000000000000000000e+00,0.000000000000000000e+00
3.681656350908419739e+01,0.000000000000000000e+00,0.000000000000000000e+00
3.195061960724926209e+01,0.000000000000000000e+00,0.000000000000000000e+00
3.429849979532680493e+01,0.000000000000000000e+00,0.000000000000000000e+00
3.227105782350093932e+01,0.000000000000000000e+00,0.000000000000000000e+00
3.069736167556872886e+01,0.000000000000000000e+00,0.000000000000000000e+00
3.097367058393183470e+01,0.000000000000000000e+00,0.000000000000000000e+00
3.148194863335621108e+01,0.000000000000000000e+00,0.000000000000000000e+00
3.674467031528561733e+01,0.000000000000000000e+00,0.000000000000000000e+00
3.616237178482030146e+01,0.000000000000000000e+00,0.000000000000000000e+00
3.077165217991638713e+01,0.000000000000000000e+00,0.000000000000000000e+00
3.363019108780392941e+01,0.000000000000000000e+00,0.000000000000000000e+00
3.680454289125937350e+01,0.000000000000000000e+00,0.000000000000000000e+00
3.253799500500252861e+01,0.000000000000000000e+00,0.000000000000000000e+00
3.537036009251264801e+01,0.000000000000000000e+00,0.000000000000000000e+00
3.542076509846989296e+01,0.000000000000000000e+00,0.000000000000000000e+00
3.524853409362139445e+01,0.000000000000000000e+00,0.000000000000000000e+00
3.507369215385911332e+01,0.000000000000000000e+00,0.000000000000000000e+00
3.090475906022026464e+01,0.000000000000000000e+00,0.000000000000000000e+00
3.186665263194743858e+01,0.000000000000000000e+00,0.000000000000000000e+00
3.057739856389041933e+01,0.000000000000000000e+00,0.000000000000000000e+00
3.573436802736246420e+01,0.000000000000000000e+00,0.000000000000000000e+00
3.148427029909569796e+01,0.000000000000000000e+00,0.000000000000000000e+00
2.893557388373179151e+01,0.000000000000000000e+00,0.000000000000000000e+00
3.245676749094415925e+01,0.000000000000000000e+00,0.000000000000000000e+00
3.392046369257425198e+01,0.000000000000000000e+00,0.000000000000000000e+00
3.299460470577946580e+01,0.000000000000000000e+00,0.000000000000000000e+00
3.148241170928192645e+01,0.000000000000000000e+00,0.000000000000000000e+00
3.133939841902344625e+01,0.000000000000000000e+00,0.000000000000000000e+00
3.113379549732564655e+01,0.000000000000000000e+00,0.000000000000000000e+00
3.209730603253099446e+01,0.000000000000000000e+00,0.000000000000000000e+00
3.243952449143338868e+01,0.000000000000000000e+00,0.000000000000000000e+00
3.311445720471311915e+01,0.000000000000000000e+00,0.000000000000000000e+00
3.155559671228947138e+01,0.000000000000000000e+00,0.000000000000000000e+00
3.370475790891827472e+01,0.000000000000000000e+00,0.000000000000000000e+00
2.828947972527743460e+01,0.000000000000000000e+00,0.000000000000000000e+00
3.577636776362275839e+01,0.000000000000000000e+00,0.000000000000000000e+00
3.096809468766277362e+01,0.000000000000000000e+00,0.000000000000000000e+00
3.214493786627356542e+01,0.000000000000000000e+00,0.000000000000000000e+00
2.964781124786129141e+01,0.000000000000000000e+00,0.000000000000000000e+00
2.862636967961584133e+01,0.000000000000000000e+00,0.000000000000000000e+00
2.590280600755703233e+01,0.000000000000000000e+00,0.000000000000000000e+00
3.175270400007567773e+01,0.000000000000000000e+00,0.000000000000000000e+00
3.677202414772512640e+01,0.000000000000000000e+00,0.000000000000000000e+00
2.780175208611791504e+01,0.000000000000000000e+00,0.000000000000000000e+00
3.257730062150920247e+01,0.000000000000000000e+00,0.000000000000000000e+00
3.114447790566062935e+01,0.000000000000000000e+00,0.000000000000000000e+00
2.920534415353071722e+01,0.000000000000000000e+00,0.000000000000000000e+00
3.523608313312884377e+01,0.000000000000000000e+00,0.000000000000000000e+00
3.161980357745176917e+01,0.000000000000000000e+00,0.000000000000000000e+00
3.338372972195296029e+01,0.000000000000000000e+00,0.000000000000000000e+00
3.069476137564562634e+01,0.000000000000000000e+00,0.000000000000000000e+00
2.803861125008337041e+01,0.000000000000000000e+00,0.000000000000000000e+00
3.021019663254825360e+01,0.000000000000000000e+00,0.000000000000000000e+00
3.129649711723881822e+01,0.000000000000000000e+00,0.000000000000000000e+00
2.975734287055009020e+01,0.000000000000000000e+00,0.000000000000000000e+00
3.407814242990936293e+01,0.000000000000000000e+00,0.000000000000000000e+00
3.037374144978947044e+01,0.000000000000000000e+00,0.000000000000000000e+00
3.209112075605264636e+01,0.000000000000000000e+00,0.000000000000000000e+00
2.988333212609569145e+01,0.000000000000000000e+00,0.000000000000000000e+00
2.870644162537898580e+01,0.000000000000000000e+00,0.000000000000000000e+00
3.157136707611966031e+01,0.000000000000000000e+00,0.000000000000000000e+00
2.778822454211098147e+01,0.000000000000000000e+00,0.000000000000000000e+00
2.830703712477795975e+01,0.000000000000000000e+00,0.000000000000000000e+00
2.804331373908146929e+01,0.000000000000000000e+00,0.000000000000000000e+00
2.813068477184774352e+01,0.000000000000000000e+00,0.000000000000000000e+00
3.102973424615197828e+01,0.000000000000000000e+00,0.000000000000000000e+00
2.920659159129553828e+01,0.000000000000000000e+00,0.000000000000000000e+00
2.619303176234175368e+01,0.000000000000000000e+00,0.000000000000000000e+00
2.884955046420994407e+01,0.000000000000000000e+00,0.000000000000000000e+00
3.147015587592192531e+01,0.000000000000000000e+00,0.000000000000000000e+00
2.877110551844430120e+01,0.000000000000000000e+00,0.000000000000000000e+00
2.632978296889054803e+01,0.000000000000000000e+00,0.000000000000000000e+00
3.294041586451042747e+01,0.000000000000000000e+00,0.000000000000000000e+00
3.119667188437802707e+01,0.000000000000000000e+00,0.000000000000000000e+00
2.857427672757071591e+01,0.000000000000000000e+00,0.000000000000000000e+00
3.189440986192564154e+01,0.000000000000000000e+00,0.000000000000000000e+00
3.144306230557824478e+01,0.000000000000000000e+00,0.000000000000000000e+00
3.025186541938266771e+01,0.000000000000000000e+00,0.000000000000000000e+00
2.624032912230828529e+01,0.000000000000000000e+00,0.000000000000000000e+00
2.878531933168707724e+01,0.000000000000000000e+00,0.000000000000000000e+00
2.898958253734213741e+01,0.000000000000000000e+00,0.000000000000000000e+00
2.736845278878517718e+01,0.000000000000000000e+00,0.000000000000000000e+00
2.646857982136339871e+01,0.000000000000000000e+00,0.000000000000000000e+00
2.891004063180397310e+01,0.000000000000000000e+00,0.000000000000000000e+00
3.124300669436925659e+01,0.000000000000000000e+00,0.000000000000000000e+00
3.018949941453577779e+01,0.000000000000000000e+00,0.000000000000000000e+00
3.212788256996053349e+01,0.000000000000000000e+00,0.000000000000000000e+00
2.752488472269548581e+01,0.000000000000000000e+00,0.000000000000000000e+00
2.754029611265939437e+01,0.000000000000000000e+00,0.000000000000000000e+00
2.265315374816349703e+01,0.000000000000000000e+00,0.000000000000000000e+00
2.966630458478226728e+01,0.000000000000000000e+00,0.000000000000000000e+00
2.839970048364869371e+01,0.000000000000000000e+00,0.000000000000000000e+00
3.305683918561793888e+01,0.000000000000000000e+00,0.000000000000000000e+00
2.871816912795686960e+01,0.000000000000000000e+00,0.000000000000000000e+00
2.995989069300404850e+01,0.000000000000000000e+00,0.000000000000000000e+00
2.954381029295081262e+01,0.000000000000000000e+00,0.000000000000000000e+00
3.080621262305016117e+01,0.000000000000000000e+00,0.000000000000000000e+00
3.027285049240849801e+01,0.000000000000000000e+00,0.000000000000000000e+00
2.944327410426344116e+01,0.000000000000000000e+00,0.000000000000000000e+00
3.222631953305597818e+01,0.000000000000000000e+00,0.000000000000000000e+00
2.562661952911907193e+01,0.000000000000000000e+00,0.000000000000000000e+00
2.684225563332569919e+01,0.000000000000000000e+00,0.000000000000000000e+00
2.956978747487848835e+01,0.000000000000000000e+00,0.000000000000000000e+00
2.835335170579021380e+01,0.000000000000000000e+00,0.000000000000000000e+00
3.092267124261728029e+01,0.000000000000000000e+00,0.000000000000000000e+00
2.577386477138791676e+01,0.000000000000000000e+00,0.000000000000000000e+00
2.614004455759771162e+01,0.000000000000000000e+00,0.000000000000000000e+00
2.794348439157378650e+01,0.000000000000000000e+00,0.000000000000000000e+00
2.866056134162995050e+01,0.000000000000000000e+00,0.000000000000000000e+00
2.769285515131151953e+01,0.000000000000000000e+00,0.000000000000000000e+00
2.711411309376416057e+01,0.000000000000000000e+00,0.000000000000000000e+00
3.069881801085469775e+01,0.000000000000000000e+00,0.000000000000000000e+00
2.548125239347906401e+01,0.000000000000000000e+00,0.000000000000000000e+00
2.780574227973944090e+01,0.000000000000000000e+00,0.000000000000000000e+00
2.558147617904528914e+01,0.000000000000000000e+00,0.000000000000000000e+00
2.755801157543388769e+01,0.000000000000000000e+00,0.000000000000000000e+00
2.399200815277621501e+01,0.000000000000000000e+00,0.000000000000000000e+00
2.498655126190951492e+01,0.000000000000000000e+00,0.000000000000000000e+00
2.279739200833829571e+01,0.000000000000000000e+00,0.000000000000000000e+00
2.554642669212176287e+01,0.000000000000000000e+00,0.000000000000000000e+00
2.727729414020275200e+01,0.000000000000000000e+00,0.000000000000000000e+00
2.640497421320745630e+01,0.000000000000000000e+00,0.000000000000000000e+00
2.585967497428597639e+01,0.000000000000000000e+00,0.000000000000000000e+00
2.810734050211867086e+01,0.000000000000000000e+00,0.000000000000000000e+00
3.017502836365341778e+01,0.000000000000000000e+00,0.000000000000000000e+00
2.538046719361337367e+01,0.000000000000000000e+00,0.000000000000000000e+00
2.521940484732753163e+01,0.000000000000000000e+00,0.000000000000000000e+00
2.597080452680254581e+01,0.000000000000000000e+00,0.000000000000000000e+00
2.262309476525470586e+01,0.000000000000000000e+00,0.000000000000000000e+00
1.986400890116131279e+01,0.000000000000000000e+00,0.000000000000000000e+00
2.720917813370896710e+01,0.000000000000000000e+00,0.000000000000000000e+00
2.320443898646188785e+01,0.000000000000000000e+00,0.000000000000000000e+00
2.447451324195727551e+01,0.000000000000000000e+00,0.000000000000000000e+00
2.356065991758514855e+01,0.000000000000000000e+00,0.000000000000000000e+00
2.708488740754849289e+01,0.000000000000000000e+00,0.000000000000000000e+00
2.903824195316114043e+01,0.000000000000000000e+00,0.000000000000000000e+00
2.624536787876209942e+01,0.000000000000000000e+00,0.000000000000000000e+00
2.350440689884099754e+01,0.000000000000000000e+00,0.000000000000000000e+00
2.464676063188368715e+01,0.000000000000000000e+00,0.000000000000000000e+00
2.806755475344602502e+01,0.000000000000000000e+00,0.000000000000000000e+00
2.691977409500274021e+01,0.000000000000000000e+00,0.000000000000000000e+00
2.770400911628999197e+01,0.000000000000000000e+00,0.000000000000000000e+00
2.556231861690907081e+01,0.000000000000000000e+00,0.000000000000000000e+00
2.732848864259335286e+01,0.000000000000000000e+00,0.000000000000000000e+00
2.595639596355982803e+01,0.000000000000000000e+00,0.000000000000000000e+00
2.677325068705570743e+01,0.000000000000000000e+00,0.000000000000000000e+00
2.565671307712968030e+01,0.000000000000000000e+00,0.000000000000000000e+00
2.589450721279233392e+01,0.000000000000000000e+00,0.000000000000000000e+00
2.438534678374472975e+01,0.000000000000000000e+00,0.000000000000000000e+00
2.976473307623153630e+01,0.000000000000000000e+00,0.000000000000000000e+00
2.472693156759869737e+01,0.000000000000000000e+00,0.000000000000000000e+00
2.431698451473108591e+01,0.000000000000000000e+00,0.000000000000000000e+00
2.740181628512872436e+01,0.000000000000000000e+00,0.000000000000000000e+00
2.552248057617648058e+01,0.000000000000000000e+00,0.000000000000000000e+00
2.673996873391209306e+01,0.000000000000000000e+00,0.000000000000000000e+00
2.591773220821403712e+01,0.000000000000000000e+00,0.000000000000000000e+00
2.256415630842526809e+01,0.000000000000000000e+00,0.000000000000000000e+00
2.301588531826981665e+01,0.000000000000000000e+00,0.000000000000000000e+00
2.425087715096451291e+01,0.000000000000000000e+00,0.000000000000000000e+00
2.502933344938034210e+01,0.000000000000000000e+00,0.000000000000000000e+00
2.205091695262634133e+01,0.000000000000000000e+00,0.000000000000000000e+00
2.434477216820974732e+01,0.000000000000000000e+00,0.000000000000000000e+00
2.470759334350346847e+01,0.000000000000000000e+00,0.000000000000000000e+00
2.464932230512474476e+01,0.000000000000000000e+00,0.000000000000000000e+00
2.487537199651397302e+01,0.000000000000000000e+00,0.000000000000000000e+00
2.607906932902854180e+01,0.000000000000000000e+00,0.000000000000000000e+00
2.336568792991018384e+01,0.000000000000000000e+00,0.000000000000000000e+00
2.325707512106078667e+01,0.000000000000000000e+00,0.000000000000000000e+00
2.302455238040667140e+01,0.000000000000000000e+00,0.000000000000000000e+00
2.342966303029882269e+01,0.000000000000000000e+00,0.000000000000000000e+00
2.455351916928800193e+01,0.000000000000000000e+00,0.000000000000000000e+00
2.105197532346122102e+01,0.000000000000000000e+00,0.000000000000000000e+00
2.328310892973406254e+01,0.000000000000000000e+00,0.000000000000000000e+00
2.379499249344542022e+01,0.000000000000000000e+00,0.000000000000000000e+00
2.582035778698324435e+01,0.000000000000000000e+00,0.000000000000000000e+00
2.623085866550890088e+01,0.000000000000000000e+00,0.000000000000000000e+00
2.577162875524552277e+01,0.000000000000000000e+00,0.000000000000000000e+00
2.081615872464282901e+01,0.000000000000000000e+00,0.000000000000000000e+00
2.232588392461058646e+01,0.000000000000000000e+00,0.000000000000000000e+00
2.418885567863703656e+01,0.000000000000000000e+00,0.000000000000000000e+00
2.072856371367922179e+01,0.000000000000000000e+00,0.000000000000000000e+00
2.351597992845908891e+01,0.000000000000000000e+00,0.000000000000000000e+00
2.437523339360521746e+01,0.000000000000000000e+00,0.000000000000000000e+00
2.068711675082456480e+01,0.000000000000000000e+00,0.000000000000000000e+00
2.708787457213692917e+01,0.000000000000000000e+00,0.000000000000000000e+00
2.344888193013166955e+01,0.000000000000000000e+00,0.000000000000000000e+00
2.121088300248564451e+01,0.000000000000000000e+00,0.000000000000000000e+00
2.293464746498170115e+01,0.000000000000000000e+00,0.000000000000000000e+00
2.345054147365609865e+01,0.000000000000000000e+00,0.000000000000000000e+00
2.741697023813653544e+01,0.000000000000000000e+00,0.000000000000000000e+00
2.209559737090579645e+01,0.000000000000000000e+00,0.000000000000000000e+00
2.045480942105837840e+01,0.000000000000000000e+00,0.000000000000000000e+00
2.309839768902111246e+01,0.000000000000000000e+00,0.000000000000000000e+00
2.125452658245784932e+01,0.000000000000000000e+00,0.000000000000000000e+00
2.243996889558522767e+01,0.000000000000000000e+00,0.000000000000000000e+00
2.498238933176521215e+01,0.000000000000000000e+00,0.000000000000000000e+00
2.250372634715895970e+01,0.000000000000000000e+00,0.000000000000000000e+00
2.459339812536419956e+01,0.000000000000000000e+00,0.000000000000000000e+00
2.124372346829253644e+01,0.000000000000000000e+00,0.000000000000000000e+00
2.611224093964547421e+01,0.000000000000000000e+00,0.000000000000000000e+00
2.042699102910132680e+01,0.000000000000000000e+00,0.000000000000000000e+00
2.150116900777522844e+01,0.000000000000000000e+00,0.000000000000000000e+00
2.861046838740389120e+01,0.000000000000000000e+00,0.000000000000000000e+00
2.206483396317666035e+01,0.000000000000000000e+00,0.000000000000000000e+00
2.285810952899477400e+01,0.000000000000000000e+00,0.000000000000000000e+00
2.538326095975517305e+01,0.000000000000000000e+00,0.000000000000000000e+00
2.448169711406737648e+01,0.000000000000000000e+00,0.000000000000000000e+00
2.160595338754474781e+01,0.000000000000000000e+00,0.000000000000000000e+00
2.438891313357375878e+01,0.000000000000000000e+00,0.000000000000000000e+00
2.185848071803879833e+01,0.000000000000000000e+00,0.000000000000000000e+00
2.315703303950847669e+01,0.000000000000000000e+00,0.000000000000000000e+00
2.232459727704085850e+01,0.000000000000000000e+00,0.000000000000000000e+00
2.519050803726221233e+01,0.000000000000000000e+00,0.000000000000000000e+00
2.196287097890252227e+01,0.000000000000000000e+00,0.000000000000000000e+00
2.218575254779202766e+01,0.000000000000000000e+00,0.000000000000000000e+00
1.940202885997149451e+01,0.000000000000000000e+00,0.000000000000000000e+00
2.056880612855016821e+01,0.000000000000000000e+00,0.000000000000000000e+00
2.306579821023045795e+01,0.000000000000000000e+00,0.000000000000000000e+00
2.075468140018224261e+01,0.000000000000000000e+00,0.000000000000000000e+00
1.774372115248830184e+01,0.000000000000000000e+00,0.000000000000000000e+00
2.293679776038155538e+01,0.000000000000000000e+00,0.000000000000000000e+00
2.331115143480753105e+01,0.000000000000000000e+00,0.000000000000000000e+00
2.386499062719307318e+01,0.000000000000000000e+00,0.000000000000000000e+00
2.155817712402183517e+01,0.000000000000000000e+00,0.000000000000000000e+00
1.869825527918632346e+01,0.000000000000000000e+00,0.000000000000000000e+00
2.422904904830146933e+01,0.000000000000000000e+00,0.000000000000000000e+00
2.489870596270231928e+01,0.000000000000000000e+00,0.000000000000000000e+00
2.051598621086479568e+01,0.000000000000000000e+00,0.000000000000000000e+00
2.371588288144198131e+01,0.000000000000000000e+00,0.000000000000000000e+00
2.588582444912538350e+01,0.000000000000000000e+00,0.000000000000000000e+00
1.910349550974672894e+01,0.000000000000000000e+00,0.000000000000000000e+00
2.236998245244703298e+01,0.000000000000000000e+00,0.000000000000000000e+00
2.390029140116398310e+01,0.000000000000000000e+00,0.000000000000000000e+00
2.454864641037201523e+01,0.000000000000000000e+00,0.000000000000000000e+00
2.188780522525168593e+01,0.000000000000000000e+00,0.000000000000000000e+00
1.922798312441622670e+01,0.000000000000000000e+00,0.000000000000000000e+00
2.171589787415637574e+01,0.000000000000000000e+00,0.000000000000000000e+00
2.027404671864154295e+01,0.000000000000000000e+00,0.000000000000000000e+00
2.591654746025169942e+01,0.000000000000000000e+00,0.000000000000000000e+00
2.255914311705840802e+01,0.000000000000000000e+00,0.000000000000000000e+00
2.267134677363690898e+01,0.000000000000000000e+00,0.000000000000000000e+00
2.172817494007770733e+01,0.000000000000000000e+00,0.000000000000000000e+00
2.045350786314079983e+01,0.000000000000000000e+00,0.000000000000000000e+00
2.377095112090282925e+01,0.000000000000000000e+00,0.000000000000000000e+00
2.230671702069701468e+01,0.000000000000000000e+00,0.000000000000000000e+00
1.780430158944042773e+01,0.000000000000000000e+00,0.000000000000000000e+00
2.270722285026006659e+01,0.000000000000000000e+00,0.000000000000000000e+00
1.831316437751329218e+01,0.000000000000000000e+00,0.000000000000000000e+00
1.719575859984720623e+01,0.000000000000000000e+00,0.000000000000000000e+00
2.207940704772434160e+01,0.000000000000000000e+00,0.000000000000000000e+00
1.894082212372726914e+01,0.000000000000000000e+00,0.000000000000000000e+00
1.875286245524068818e+01,0.000000000000000000e+00,0.000000000000000000e+00
1.971274177747119438e+01,0.000000000000000000e+00,0.000000000000000000e+00
2.029376740079144881e+01,0.000000000000000000e+00,0.000000000000000000e+00
2.283912422575283685e+01,0.000000000000000000e+00,0.000000000000000000e+00
1.976477709799859284e+01,0.000000000000000000e+00,0.000000000000000000e+00
2.077537273534905538e+01,0.000000000000000000e+00,0.000000000000000000e+00
2.519692600460207643e+01,0.000000000000000000e+00,0.000000000000000000e+00
2.221744899294212416e+01,0.000000000000000000e+00,0.000000000000000000e+00
2.283539097176900867e+01,0.000000000000000000e+00,0.000000000000000000e+00
1.947505274671159015e+01,0.000000000000000000e+00,0.000000000000000000e+00
2.361651048439605916e+01,0.000000000000000000e+00,0.000000000000000000e+00
2.056497328553511394e+01,0.000000000000000000e+00,0.000000000000000000e+00
2.216554189420298471e+01,0.000000000000000000e+00,0.000000000000000000e+00
2.170248064597348758e+01,0.000000000000000000e+00,0.000000000000000000e+00
2.114904827364435391e+01,0.000000000000000000e+00,0.000000000000000000e+00
1.919845401898351867e+01,0.000000000000000000e+00,0.000000000000000000e+00
2.096252906613126399e+01,0.000000000000000000e+00,0.000000000000000000e+00
1.349996544228406314e+01,0.000000000000000000e+00,0.000000000000000000e+00
2.182921998716944145e+01,0.000000000000000000e+00,0.000000000000000000e+00
2.374575197205393096e+01,0.000000000000000000e+00,0.000000000000000000e+00
1.973609450970736390e+01,0.000000000000000000e+00,0.000000000000000000e+00
2.160037036989275450e+01,0.000000000000000000e+00,0.000000000000000000e+00
2.113232098800922287e+01,0.000000000000000000e+00,0.000000000000000000e+00
2.148862707036810349e+01,0.000000000000000000e+00,0.000000000000000000e+00
1.990192872513300415e+01,0.000000000000000000e+00,0.000000000000000000e+00
2.228400506595232144e+01,0.000000000000000000e+00,0.000000000000000000e+00
2.020041897374768780e+01,0.000000000000000000e+00,0.000000000000000000e+00
1.824288418246046461e+01,0.000000000000000000e+00,0.000000000000000000e+00
2.069546569754981036e+01,0.000000000000000000e+00,0.000000000000000000e+00
1.828904440020109590e+01,0.000000000000000000e+00,0.000000000000000000e+00
2.375269177473464666e+01,0.000000000000000000e+00,0.000000000000000000e+00
2.312609671657575916e+01,0.000000000000000000e+00,0.000000000000000000e+00
1.970766618421771099e+01,0.000000000000000000e+00,0.000000000000000000e+00
1.928111379167832595e+01,0.000000000000000000e+00,0.000000000000000000e+00
2.022277477489168618e+01,0.000000000000000000e+00,0.000000000000000000e+00
1.689471593827856566e+01,0.000000000000000000e+00,0.000000000000000000e+00
1.879775443518788691e+01,0.000000000000000000e+00,0.000000000000000000e+00
2.160624915378979338e+01,0.000000000000000000e+00,0.000000000000000000e+00
2.177385933039797905e+01,0.000000000000000000e+00,0.000000000000000000e+00
2.079237890487666363e+01,0.000000000000000000e+00,0.000000000000000000e+00
2.399959227890965252e+01,0.000000000000000000e+00,0.000000000000000000e+00
2.194755990634134690e+01,0.000000000000000000e+00,0.000000000000000000e+00
2.047874651905651433e+01,0.000000000000000000e+00,0.000000000000000000e+00
2.324586901128081351e+01,0.000000000000000000e+00,0.000000000000000000e+00
2.163780157474538512e+01,0.000000000000000000e+00,0.000000000000000000e+00
2.307579173282869078e+01,0.000000000000000000e+00,0.000000000000000000e+00
2.072453314070119390e+01,0.000000000000000000e+00,0.000000000000000000e+00
1.754348965672705418e+01,0.000000000000000000e+00,0.000000000000000000e+00
2.083661093062708858e+01,0.000000000000000000e+00,0.000000000000000000e+00
1.919696532118906873e+01,0.000000000000000000e+00,0.000000000000000000e+00
1.869270546405374844e+01,0.000000000000000000e+00,0.000000000000000000e+00
2.223461185052293843e+01,0.000000000000000000e+00,0.000000000000000000e+00
2.207803127024036982e+01,0.000000000000000000e+00,0.000000000000000000e+00
1.548862521741792264e+01,0.000000000000000000e+00,0.000000000000000000e+00
1.773767662813990853e+01,0.000000000000000000e+00,0.000000000000000000e+00
1.657199250832325887e+01,0.000000000000000000e+00,0.000000000000000000e+00
1.926630864892592143e+01,0.000000000000000000e+00,0.000000000000000000e+00
2.146610833613256020e+01,0.000000000000000000e+00,0.000000000000000000e+00
1.813233990529997897e+01,0.000000000000000000e+00,0.000000000000000000e+00
1.984541976898168514e+01,0.000000000000000000e+00,0.000000000000000000e+00
1.670053611388028614e+01,0.000000000000000000e+00,0.000000000000000000e+00
2.232730656111104750e+01,0.000000000000000000e+00,0.000000000000000000e+00
1.901265935062165724e+01,0.000000000000000000e+00,0.000000000000000000e+00
2.093902103102651324e+01,0.000000000000000000e+00,0.000000000000000000e+00
1.933762078512672034e+01,0.000000000000000000e+00,0.000000000000000000e+00
1.817152690849023244e+01,0.000000000000000000e+00,0.000000000000000000e+00
2.099435986252555963e+01,0.000000000000000000e+00,0.000000000000000000e+00
2.456867294594668749e+01,0.000000000000000000e+00,0.000000000000000000e+00
2.323898255918364697e+01,0.000000000000000000e+00,0.000000000000000000e+00
1.912873082435962857e+01,0.000000000000000000e+00,0.000000000000000000e+00
1.781882439090165349e+01,0.000000000000000000e+00,0.000000000000000000e+00
1.950602314799320780e+01,0.000000000000000000e+00,0.000000000000000000e+00
2.026433524726143531e+01,0.000000000000000000e+00,0.000000000000000000e+00
2.124773361485670975e+01,0.000000000000000000e+00,0.000000000000000000e+00
1.992976102363696356e+01,0.000000000000000000e+00,0.000000000000000000e+00
1.879475050128947800e+01,0.000000000000000000e+00,0.000000000000000000e+00
1.985005758946982368e+01,0.000000000000000000e+00,0.000000000000000000e+00
1.955436868212781576e+01,0.000000000000000000e+00,0.000000000000000000e+00
2.149437650600711791e+01,0.000000000000000000e+00,0.000000000000000000e+00
2.076091150860990808e+01,0.000000000000000000e+00,0.000000000000000000e+00
2.116013773667302900e+01,0.000000000000000000e+00,0.000000000000000000e+00
1.833248704123162298e+01,0.000000000000000000e+00,0.000000000000000000e+00
1.916527831390339287e+01,0.000000000000000000e+00,0.000000000000000000e+00
1.983165537060876815e+01,0.000000000000000000e+00,0.000000000000000000e+00
1.957622398510823558e+01,0.000000000000000000e+00,0.000000000000000000e+00
1.984010592009848040e+01,0.000000000000000000e+00,0.000000000000000000e+00
2.042424905363102638e+01,0.000000000000000000e+00,0.000000000000000000e+00
1.963698896374252101e+01,0.000000000000000000e+00,0.000000000000000000e+00
2.108281715402238632e+01,0.000000000000000000e+00,0.000000000000000000e+00
2.161959989082946976e+01,0.000000000000000000e+00,0.000000000000000000e+00
2.236724515172878114e+01,0.000000000000000000e+00,0.000000000000000000e+00
1.913357897408589281e+01,0.000000000000000000e+00,0.000000000000000000e+00
2.029269825678742833e+01,0.000000000000000000e+00,0.000000000000000000e+00
2.136451183026239420e+01,0.000000000000000000e+00,0.000000000000000000e+00
1.950801326932850444e+01,0.000000000000000000e+00,0.000000000000000000e+00
2.367315758416221882e+01,0.000000000000000000e+00,0.000000000000000000e+00
2.125913210774183781e+01,0.000000000000000000e+00,0.000000000000000000e+00
1.906293194170922689e+01,0.000000000000000000e+00,0.000000000000000000e+00
1.826296603817595710e+01,0.000000000000000000e+00,0.000000000000000000e+00
1.836069940129425504e+01,0.000000000000000000e+00,0.000000000000000000e+00
1.788389162945324529e+01,0.000000000000000000e+00,0.000000000000000000e+00
2.182376766094735743e+01,0.000000000000000000e+00,0.000000000000000000e+00
1.846396059866109240e+01,0.000000000000000000e+00,0.000000000000000000e+00
1.804260612323259494e+01,0.000000000000000000e+00,0.000000000000000000e+00
1.752644171651101956e+01,0.000000000000000000e+00,0.000000000000000000e+00
1.886572404914213763e+01,0.000000000000000000e+00,0.000000000000000000e+00
2.147211771440256101e+01,0.000000000000000000e+00,0.000000000000000000e+00
1.808007643340791049e+01,0.000000000000000000e+00,0.000000000000000000e+00
2.029938868718343770e+01,0.000000000000000000e+00,0.000000000000000000e+00
2.296177521145683897e+01,0.000000000000000000e+00,0.000000000000000000e+00
2.211491632239426508e+01,0.000000000000000000e+00,0.000000000000000000e+00
2.073670895749429377e+01,0.000000000000000000e+00,0.000000000000000000e+00
1.841831059713726404e+01,0.000000000000000000e+00,0.000000000000000000e+00
2.442007778864969225e+01,0.000000000000000000e+00,0.000000000000000000e+00
1.816539499174364991e+01,0.000000000000000000e+00,0.000000000000000000e+00
1.885495862766816089e+01,0.000000000000000000e+00,0.000000000000000000e+00
2.086345667369566925e+01,0.000000000000000000e+00,0.000000000000000000e+00
2.174540711590842434e+01,0.000000000000000000e+00,0.000000000000000000e+00
1.891826046674039219e+01,0.000000000000000000e+00,0.000000000000000000e+00
2.371253876322418463e+01,0.000000000000000000e+00,0.000000000000000000e+00
1.783490430533942472e+01,0.000000000000000000e+00,0.000000000000000000e+00
1.777478465544438535e+01,0.000000000000000000e+00,0.000000000000000000e+00
1.935500293980837583e+01,0.000000000000000000e+00,0.000000000000000000e+00
1.768109460784951636e+01,0.000000000000000000e+00,0.000000000000000000e+00
2.004806185419960940e+01,0.000000000000000000e+00,0.000000000000000000e+00
1.912327144310273752e+01,0.000000000000000000e+00,0.000000000000000000e+00
2.099350709912518198e+01,0.000000000000000000e+00,0.000000000000000000e+00
1.659056702879394507e+01,0.000000000000000000e+00,0.000000000000000000e+00
2.075352789205777171e+01,0.000000000000000000e+00,0.000000000000000000e+00
2.142970549910624811e+01,0.000000000000000000e+00,0.000000000000000000e+00
2.195250320671620869e+01,0.000000000000000000e+00,0.000000000000000000e+00
1.905616529310523788e+01,0.000000000000000000e+00,0.000000000000000000e+00
2.248330317848596493e+01,0.000000000000000000e+00,0.000000000000000000e+00
1.682744262639038624e+01,0.000000000000000000e+00,0.000000000000000000e+00
2.193826004136900565e+01,0.000000000000000000e+00,0.000000000000000000e+00
2.079239999621476542e+01,0.000000000000000000e+00,0.000000000000000000e+00
1.986875797181746961e+01,0.000000000000000000e+00,0.000000000000000000e+00
1.860515235388963617e+01,0.000000000000000000e+00,0.000000000000000000e+00
2.541261732425480346e+01,0.000000000000000000e+00,0.000000000000000000e+00
1.967652707671305023e+01,0.000000000000000000e+00,0.000000000000000000e+00
2.154971255162175581e+01,0.000000000000000000e+00,0.000000000000000000e+00
2.023514671701981626e+01,0.000000000000000000e+00,0.000000000000000000e+00
2.530263530566914554e+01,0.000000000000000000e+00,0.000000000000000000e+00
2.271492296414548306e+01,0.000000000000000000e+00,0.000000000000000000e+00
1.956381644826537070e+01,0.000000000000000000e+00,0.000000000000000000e+00
1.893139303408509022e+01,0.000000000000000000e+00,0.000000000000000000e+00
1.924208063569198401e+01,0.000000000000000000e+00,0.000000000000000000e+00
2.061343589819232847e+01,0.000000000000000000e+00,0.000000000000000000e+00
1.989927169204878155e+01,0.000000000000000000e+00,0.000000000000000000e+00
2.143614231673202397e+01,0.000000000000000000e+00,0.000000000000000000e+00
1.938293092211824487e+01,0.000000000000000000e+00,0.000000000000000000e+00
1.820033245847534431e+01,0.000000000000000000e+00,0.000000000000000000e+00
1.778610080648510916e+01,0.000000000000000000e+00,0.000000000000000000e+00
2.098641149819005136e+01,0.000000000000000000e+00,0.000000000000000000e+00
2.164426053570697661e+01,0.000000000000000000e+00,0.000000000000000000e+00
1.619650602320310995e+01,0.000000000000000000e+00,0.000000000000000000e+00
2.003852214922024899e+01,0.000000000000000000e+00,0.000000000000000000e+00
1.776504855717080744e+01,0.000000000000000000e+00,0.000000000000000000e+00
1.844554238755873854e+01,0.000000000000000000e+00,0.000000000000000000e+00
2.042760406407610319e+01,0.000000000000000000e+00,0.000000000000000000e+00
1.997727642412996829e+01,0.000000000000000000e+00,0.000000000000000000e+00
2.148742370937273094e+01,0.000000000000000000e+00,0.000000000000000000e+00
1.944477558273539586e+01,0.000000000000000000e+00,0.000000000000000000e+00
2.008609764634660877e+01,0.000000000000000000e+00,0.000000000000000000e+00
1.757580632592705072e+01,0.000000000000000000e+00,0.000000000000000000e+00
1.939738036766172158e+01,0.000000000000000000e+00,0.000000000000000000e+00
1.840243688231740293e+01,0.000000000000000000e+00,0.000000000000000000e+00
2.097924264639527792e+01,0.000000000000000000e+00,0.000000000000000000e+00
2.408408323208180235e+01,0.000000000000000000e+00,0.000000000000000000e+00
1.881297227226772506e+01,0.000000000000000000e+00,0.000000000000000000e+00
2.177596907360674550e+01,0.000000000000000000e+00,0.000000000000000000e+00
2.245139458490614004e+01,0.000000000000000000e+00,0.000000000000000000e+00
1.853689269811009410e+01,0.000000000000000000e+00,0.000000000000000000e+00
1.952642752402307025e+01,0.000000000000000000e+00,0.000000000000000000e+00
1.885199468727589434e+01,0.000000000000000000e+00,0.000000000000000000e+00
2.188415142955771131e+01,0.000000000000000000e+00,0.000000000000000000e+00
2.067789191722885889e+01,0.000000000000000000e+00,0.000000000000000000e+00
1.961561095911281072e+01,0.000000000000000000e+00,0.000000000000000000e+00
1.968607893843805812e+01,0.000000000000000000e+00,0.000000000000000000e+00
2.123201075827611461e+01,0.000000000000000000e+00,0.000000000000000000e+00
2.163781418664695977e+01,0.000000000000000000e+00,0.000000000000000000e+00
1.996425752097154671e+01,0.000000000000000000e+00,0.000000000000000000e+00
2.163315964328226571e+01,0.000000000000000000e+00,0.000000000000000000e+00
2.143679161460670102e+01,0.000000000000000000e+00,0.000000000000000000e+00
2.074519620440332091e+01,0.000000000000000000e+00,0.000000000000000000e+00
2.260147071386052176e+01,0.000000000000000000e+00,0.000000000000000000e+00
2.083607675166087247e+01,0.000000000000000000e+00,0.000000000000000000e+00
2.072185409955480395e+01,0.000000000000000000e+00,0.000000000000000000e+00
2.126780703217264090e+01,0.000000000000000000e+00,0.000000000000000000e+00
1.848592211806501950e+01,0.000000000000000000e+00,0.000000000000000000e+00
2.241839114040168823e+01,0.000000000000000000e+00,0.000000000000000000e+00
2.447976743317164150e+01,0.000000000000000000e+00,0.000000000000000000e+00
1.914152833494770789e+01,0.000000000000000000e+00,0.000000000000000000e+00
2.040694295813547754e+01,0.000000000000000000e+00,0.000000000000000000e+00
2.310260302186700798e+01,0.000000000000000000e+00,0.000000000000000000e+00
2.139544724139648935e+01,0.000000000000000000e+00,0.000000000000000000e+00
2.245589697972672383e+01,0.000000000000000000e+00,0.000000000000000000e+00
2.070207694698907375e+01,0.000000000000000000e+00,0.000000000000000000e+00
2.476965703028120913e+01,0.000000000000000000e+00,0.000000000000000000e+00
2.219037452219692241e+01,0.000000000000000000e+00,0.000000000000000000e+00
1.978065391503502823e+01,0.000000000000000000e+00,0.000000000000000000e+00
1.888206580710361493e+01,0.000000000000000000e+00,0.000000000000000000e+00
2.036343230517116254e+01,0.000000000000000000e+00,0.000000000000000000e+00
1.651194075246954185e+01,0.000000000000000000e+00,0.000000000000000000e+00
1.939664449877929187e+01,0.000000000000000000e+00,0.000000000000000000e+00
1.891184460564284819e+01,0.000000000000000000e+00,0.000000000000000000e+00
1.949349646521044477e+01,0.000000000000000000e+00,0.000000000000000000e+00
2.393610636372378053e+01,0.000000000000000000e+00,0.000000000000000000e+00
2.471383460737345672e+01,0.000000000000000000e+00,0.000000000000000000e+00
2.257494318905975206e+01,0.000000000000000000e+00,0.000000000000000000e+00
2.255512258642213652e+01,0.000000000000000000e+00,0.000000000000000000e+00
2.134055273814670883e+01,0.000000000000000000e+00,0.000000000000000000e+00
2.008169601156926731e+01,0.000000000000000000e+00,0.000000000000000000e+00
2.239583172746353057e+01,0.000000000000000000e+00,0.000000000000000000e+00
2.311117375591568290e+01,0.000000000000000000e+00,0.000000000000000000e+00
2.114415071881439800e+01,0.000000000000000000e+00,0.000000000000000000e+00
2.162618940076692908e+01,0.000000000000000000e+00,0.000000000000000000e+00
1.792136489215953787e+01,0.000000000000000000e+00,0.000000000000000000e+00
2.163022442517379673e+01,0.000000000000000000e+00,0.000000000000000000e+00
2.196869569247952114e+01,0.000000000000000000e+00,0.000000000000000000e+00
1.927192604655370189e+01,0.000000000000000000e+00,0.000000000000000000e+00
2.398967202978426982e+01,0.000000000000000000e+00,0.000000000000000000e+00
1.977855115039737655e+01,0.000000000000000000e+00,0.000000000000000000e+00
2.058344265242969229e+01,0.000000000000000000e+00,0.000000000000000000e+00
1.905790043147623791e+01,0.000000000000000000e+00,0.000000000000000000e+00
2.222341289869605774e+01,0.000000000000000000e+00,0.000000000000000000e+00
2.018723078966659301e+01,0.000000000000000000e+00,0.000000000000000000e+00
2.067632952589717732e+01,0.000000000000000000e+00,0.000000000000000000e+00
2.407009987878591417e+01,0.000000000000000000e+00,0.000000000000000000e+00
2.059362876110844809e+01,0.000000000000000000e+00,0.000000000000000000e+00
2.242897925429793560e+01,0.000000000000000000e+00,0.000000000000000000e+00
2.056028972987835601e+01,0.000000000000000000e+00,0.000000000000000000e+00
2.031378555047934498e+01,0.000000000000000000e+00,0.000000000000000000e+00
2.369708393573388960e+01,0.000000000000000000e+00,0.000000000000000000e+00
2.151801180968730520e+01,0.000000000000000000e+00,0.000000000000000000e+00
2.486499024354338871e+01,0.000000000000000000e+00,0.000000000000000000e+00
2.191194312965531310e+01,0.000000000000000000e+00,0.000000000000000000e+00
2.227313688256466762e+01,0.000000000000000000e+00,0.000000000000000000e+00
2.016678072869546767e+01,0.000000000000000000e+00,0.000000000000000000e+00
1.963734444243586097e+01,0.000000000000000000e+00,0.000000000000000000e+00
2.418599199297284486e+01,0.000000000000000000e+00,0.000000000000000000e+00
2.509722684567069706e+01,0.000000000000000000e+00,0.000000000000000000e+00
1.899631961759132182e+01,0.000000000000000000e+00,0.000000000000000000e+00
2.392516557140075406e+01,0.000000000000000000e+00,0.000000000000000000e+00
2.353907905613124996e+01,0.000000000000000000e+00,0.000000000000000000e+00
2.437126622504269235e+01,0.000000000000000000e+00,0.000000000000000000e+00
2.168561294933039818e+01,0.000000000000000000e+00,0.000000000000000000e+00
2.257922973004473377e+01,0.000000000000000000e+00,0.000000000000000000e+00
2.464013445144961878e+01,0.000000000000000000e+00,0.000000000000000000e+00
2.163097607611061690e+01,0.000000000000000000e+00,0.000000000000000000e+00
2.427348920646189612e+01,0.000000000000000000e+00,0.000000000000000000e+00
2.075081509915763789e+01,0.000000000000000000e+00,0.000000000000000000e+00
2.029068338281921768e+01,0.000000000000000000e+00,0.000000000000000000e+00
2.326749288251891912e+01,0.000000000000000000e+00,0.000000000000000000e+00
2.107675792640704060e+01,0.000000000000000000e+00,0.000000000000000000e+00
2.246781933717732116e+01,0.000000000000000000e+00,0.000000000000000000e+00
2.187623515409704567e+01,0.000000000000000000e+00,0.000000000000000000e+00
2.095909203069352955e+01,0.000000000000000000e+00,0.000000000000000000e+00
2.173284454587786030e+01,0.000000000000000000e+00,0.000000000000000000e+00
2.410811532076370867e+01,0.000000000000000000e+00,0.000000000000000000e+00
2.339038785997623648e+01,0.000000000000000000e+00,0.000000000000000000e+00
2.126586065155299110e+01,0.000000000000000000e+00,0.000000000000000000e+00
2.233108163299823801e+01,0.000000000000000000e+00,0.000000000000000000e+00
2.287884273545790137e+01,0.000000000000000000e+00,0.000000000000000000e+00
2.374213096073684781e+01,0.000000000000000000e+00,0.000000000000000000e+00
2.219198318175312323e+01,0.000000000000000000e+00,0.000000000000000000e+00
2.244241586660523069e+01,0.000000000000000000e+00,0.000000000000000000e+00
2.018942444674595649e+01,0.000000000000000000e+00,0.000000000000000000e+00
2.538911292935286568e+01,0.000000000000000000e+00,0.000000000000000000e+00
1.938251479919590992e+01,0.000000000000000000e+00,0.000000000000000000e+00
2.591607721806696674e+01,0.000000000000000000e+00,0.000000000000000000e+00
2.341560594065857970e+01,0.000000000000000000e+00,0.000000000000000000e+00
2.161908600052698404e+01,0.000000000000000000e+00,0.000000000000000000e+00
2.480599709508020112e+01,0.000000000000000000e+00,0.000000000000000000e+00
2.080198201991322904e+01,0.000000000000000000e+00,0.000000000000000000e+00
2.110518267881179710e+01,0.000000000000000000e+00,0.000000000000000000e+00
2.199893882422090741e+01,0.000000000000000000e+00,0.000000000000000000e+00
2.365086244529923931e+01,0.000000000000000000e+00,0.000000000000000000e+00
2.178559613653035498e+01,0.000000000000000000e+00,0.000000000000000000e+00
2.262153998072591321e+01,0.000000000000000000e+00,0.000000000000000000e+00
2.430905805714378687e+01,0.000000000000000000e+00,0.000000000000000000e+00
2.553666745935882432e+01,0.000000000000000000e+00,0.000000000000000000e+00
2.188443464577042263e+01,0.000000000000000000e+00,0.000000000000000000e+00
2.541016181240582128e+01,0.000000000000000000e+00,0.000000000000000000e+00
2.481215678833501315e+01,0.000000000000000000e+00,0.000000000000000000e+00
2.131743013927325237e+01,0.000000000000000000e+00,0.000000000000000000e+00
2.611134697546869532e+01,0.000000000000000000e+00,0.000000000000000000e+00
2.190186672874411400e+01,0.000000000000000000e+00,0.000000000000000000e+00
2.727794640112554347e+01,0.000000000000000000e+00,0.000000000000000000e+00
2.326484330646222887e+01,0.000000000000000000e+00,0.000000000000000000e+00
2.699016870930056555e+01,0.000000000000000000e+00,0.000000000000000000e+00
2.367640642031058462e+01,0.000000000000000000e+00,0.000000000000000000e+00
2.017191903380115647e+01,0.000000000000000000e+00,0.000000000000000000e+00
2.019764336961698348e+01,0.000000000000000000e+00,0.000000000000000000e+00
2.259844128515915784e+01,0.000000000000000000e+00,0.000000000000000000e+00
2.333005562211043582e+01,0.000000000000000000e+00,0.000000000000000000e+00
2.328520586589030472e+01,0.000000000000000000e+00,0.000000000000000000e+00
2.320312200686277393e+01,0.000000000000000000e+00,0.000000000000000000e+00
2.274900104986082283e+01,0.000000000000000000e+00,0.000000000000000000e+00
2.638744114597788837e+01,0.000000000000000000e+00,0.000000000000000000e+00
2.299749233541668403e+01,0.000000000000000000e+00,0.000000000000000000e+00
2.555656706285289204e+01,0.000000000000000000e+00,0.000000000000000000e+00
2.317739105183940040e+01,0.000000000000000000e+00,0.000000000000000000e+00
2.157178525993169771e+01,0.000000000000000000e+00,0.000000000000000000e+00
2.426439173269547211e+01,0.000000000000000000e+00,0.000000000000000000e+00
2.285515723599898052e+01,0.000000000000000000e+00,0.000000000000000000e+00
2.538407697984332145e+01,0.000000000000000000e+00,0.000000000000000000e+00
2.581192172402871421e+01,0.000000000000000000e+00,0.000000000000000000e+00
2.453717975487811742e+01,0.000000000000000000e+00,0.000000000000000000e+00
2.332854485727538929e+01,0.000000000000000000e+00,0.000000000000000000e+00
2.224465505422494616e+01,0.000000000000000000e+00,0.000000000000000000e+00
2.559273546244857300e+01,0.000000000000000000e+00,0.000000000000000000e+00
2.620796815708062510e+01,0.000000000000000000e+00,0.000000000000000000e+00
2.598606957790039829e+01,0.000000000000000000e+00,0.000000000000000000e+00
2.040171911779889413e+01,0.000000000000000000e+00,0.000000000000000000e+00
2.877508061438808085e+01,0.000000000000000000e+00,0.000000000000000000e+00
2.655791398694957195e+01,0.000000000000000000e+00,0.000000000000000000e+00
2.633125103327702021e+01,0.000000000000000000e+00,0.000000000000000000e+00
2.319278986655117336e+01,0.000000000000000000e+00,0.000000000000000000e+00
2.288951959871238273e+01,0.000000000000000000e+00,0.000000000000000000e+00
2.581494094238393444e+01,0.000000000000000000e+00,0.000000000000000000e+00
3.100875113956684714e+01,0.000000000000000000e+00,0.000000000000000000e+00
2.425339579822558989e+01,0.000000000000000000e+00,0.000000000000000000e+00
2.773730485000910306e+01,0.000000000000000000e+00,0.000000000000000000e+00
2.814926351074205257e+01,0.000000000000000000e+00,0.000000000000000000e+00
2.334990814473714593e+01,0.000000000000000000e+00,0.000000000000000000e+00
2.427734003147052988e+01,0.000000000000000000e+00,0.000000000000000000e+00
2.384790339654720270e+01,0.000000000000000000e+00,0.000000000000000000e+00
2.340293012376757531e+01,0.000000000000000000e+00,0.000000000000000000e+00
2.594029607309761332e+01,0.000000000000000000e+00,0.000000000000000000e+00
2.784253852029137732e+01,0.000000000000000000e+00,0.000000000000000000e+00
2.917125472364369188e+01,0.000000000000000000e+00,0.000000000000000000e+00
2.809314361183137976e+01,0.000000000000000000e+00,0.000000000000000000e+00
2.242053922375122355e+01,0.000000000000000000e+00,0.000000000000000000e+00
2.523973248254584334e+01,0.000000000000000000e+00,0.000000000000000000e+00
2.577776012528109817e+01,0.000000000000000000e+00,0.000000000000000000e+00
2.833486090624525389e+01,0.000000000000000000e+00,0.000000000000000000e+00
2.355220733513926490e+01,0.000000000000000000e+00,0.000000000000000000e+00
2.264335233274547932e+01,0.000000000000000000e+00,0.000000000000000000e+00
2.434568525028519659e+01,0.000000000000000000e+00,0.000000000000000000e+00
3.054192940645070209e+01,0.000000000000000000e+00,0.000000000000000000e+00
2.223476576807430760e+01,0.000000000000000000e+00,0.000000000000000000e+00
2.240797160264125765e+01,0.000000000000000000e+00,0.000000000000000000e+00
2.494205820110894578e+01,0.000000000000000000e+00,0.000000000000000000e+00
2.922313810587466065e+01,0.000000000000000000e+00,0.000000000000000000e+00
2.821954336563526056e+01,0.000000000000000000e+00,0.000000000000000000e+00
2.504992898637059184e+01,0.000000000000000000e+00,0.000000000000000000e+00
2.641039015168429316e+01,0.000000000000000000e+00,0.000000000000000000e+00
2.637084649955703242e+01,0.000000000000000000e+00,0.000000000000000000e+00
2.799128840625854053e+01,0.000000000000000000e+00,0.000000000000000000e+00
2.266952466539608579e+01,0.000000000000000000e+00,0.000000000000000000e+00
2.683007816629268660e+01,0.000000000000000000e+00,0.000000000000000000e+00
2.753315638838452983e+01,0.000000000000000000e+00,0.000000000000000000e+00
2.716574872214838976e+01,0.000000000000000000e+00,0.000000000000000000e+00
2.177733002817247510e+01,0.000000000000000000e+00,0.000000000000000000e+00
2.861319806594794102e+01,0.000000000000000000e+00,0.000000000000000000e+00
2.870767849862857801e+01,0.000000000000000000e+00,0.000000000000000000e+00
2.338557253953245763e+01,0.000000000000000000e+00,0.000000000000000000e+00
2.644917739557514125e+01,0.000000000000000000e+00,0.000000000000000000e+00
2.665958355967023508e+01,0.000000000000000000e+00,0.000000000000000000e+00
2.726845222084222087e+01,0.000000000000000000e+00,0.000000000000000000e+00
2.624306532027483385e+01,0.000000000000000000e+00,0.000000000000000000e+00
2.613256476436052722e+01,0.000000000000000000e+00,0.000000000000000000e+00
2.717511444311488233e+01,0.000000000000000000e+00,0.000000000000000000e+00
2.332197208504442898e+01,0.000000000000000000e+00,0.000000000000000000e+00
2.734322054463671492e+01,0.000000000000000000e+00,0.000000000000000000e+00
2.550746964120540383e+01,0.000000000000000000e+00,0.000000000000000000e+00
2.539121993695058421e+01,0.000000000000000000e+00,0.000000000000000000e+00
2.489273053221105414e+01,0.000000000000000000e+00,0.000000000000000000e+00
2.854047748942118545e+01,0.000000000000000000e+00,0.000000000000000000e+00
2.867721758573193469e+01,0.000000000000000000e+00,0.000000000000000000e+00
2.727609875680592211e+01,0.000000000000000000e+00,0.000000000000000000e+00
2.925362200590114625e+01,0.000000000000000000e+00,0.000000000000000000e+00
2.714951186399628469e+01,0.000000000000000000e+00,0.000000000000000000e+00
2.863782561984808694e+01,0.000000000000000000e+00,0.000000000000000000e+00
2.549436751103429444e+01,0.000000000000000000e+00,0.000000000000000000e+00
2.942949923792978240e+01,0.000000000000000000e+00,0.000000000000000000e+00
2.342955935212416207e+01,0.000000000000000000e+00,0.000000000000000000e+00
2.336909906102971490e+01,0.000000000000000000e+00,0.000000000000000000e+00
2.888165087690618549e+01,0.000000000000000000e+00,0.000000000000000000e+00
2.850972319829342894e+01,0.000000000000000000e+00,0.000000000000000000e+00
2.669451483408703751e+01,0.000000000000000000e+00,0.000000000000000000e+00
2.478828704791709114e+01,0.000000000000000000e+00,0.000000000000000000e+00
2.977190074719970525e+01,0.000000000000000000e+00,0.000000000000000000e+00
2.891970208830158029e+01,0.000000000000000000e+00,0.000000000000000000e+00
3.032556483315008578e+01,0.000000000000000000e+00,0.000000000000000000e+00
2.630493807332636536e+01,0.000000000000000000e+00,0.000000000000000000e+00
2.739944155937375569e+01,0.000000000000000000e+00,0.000000000000000000e+00
2.583180607764496628e+01,0.000000000000000000e+00,0.000000000000000000e+00
2.764303089519507139e+01,0.000000000000000000e+00,0.000000000000000000e+00
2.813267305700057364e+01,0.000000000000000000e+00,0.000000000000000000e+00
2.764570859171489303e+01,0.000000000000000000e+00,0.000000000000000000e+00
2.885510766183046627e+01,0.000000000000000000e+00,0.000000000000000000e+00
2.690240529489788202e+01,0.000000000000000000e+00,0.000000000000000000e+00
2.994729141878127621e+01,0.000000000000000000e+00,0.000000000000000000e+00
2.823481075224146508e+01,0.000000000000000000e+00,0.000000000000000000e+00
3.164517401941598251e+01,0.000000000000000000e+00,0.000000000000000000e+00
2.923314909240830772e+01,0.000000000000000000e+00,0.000000000000000000e+00
3.081294095244767917e+01,0.000000000000000000e+00,0.000000000000000000e+00
2.771682968067752029e+01,0.000000000000000000e+00,0.000000000000000000e+00
2.630671901838355353e+01,0.000000000000000000e+00,0.000000000000000000e+00
2.771404357784719963e+01,0.000000000000000000e+00,0.000000000000000000e+00
2.488944091343164189e+01,0.000000000000000000e+00,0.000000000000000000e+00
2.631787454015086780e+01,0.000000000000000000e+00,0.000000000000000000e+00
2.889329869982477206e+01,0.000000000000000000e+00,0.000000000000000000e+00
2.567561346834491331e+01,0.000000000000000000e+00,0.000000000000000000e+00
2.371305094863203777e+01,0.000000000000000000e+00,0.000000000000000000e+00
2.875053125035449497e+01,0.000000000000000000e+00,0.000000000000000000e+00
2.405898581710470552e+01,0.000000000000000000e+00,0.000000000000000000e+00
2.949412940149241180e+01,0.000000000000000000e+00,0.000000000000000000e+00
2.849254720433780363e+01,0.000000000000000000e+00,0.000000000000000000e+00
2.833745747599436271e+01,0.000000000000000000e+00,0.000000000000000000e+00
3.026489643423391840e+01,0.000000000000000000e+00,0.000000000000000000e+00
2.867251060749462965e+01,0.000000000000000000e+00,0.000000000000000000e+00
2.704926102295438284e+01,0.000000000000000000e+00,0.000000000000000000e+00
3.065360288515007525e+01,0.000000000000000000e+00,0.000000000000000000e+00
3.106518737008610032e+01,0.000000000000000000e+00,0.000000000000000000e+00
3.234280133819221703e+01,0.000000000000000000e+00,0.000000000000000000e+00
2.962731305566540385e+01,0.000000000000000000e+00,0.000000000000000000e+00
2.970738297001654260e+01,0.000000000000000000e+00,0.000000000000000000e+00
2.809560675996126733e+01,0.000000000000000000e+00,0.000000000000000000e+00
2.964052879340798441e+01,0.000000000000000000e+00,0.000000000000000000e+00
3.103228048241793502e+01,0.000000000000000000e+00,0.000000000000000000e+00
2.736598338557145382e+01,0.000000000000000000e+00,0.000000000000000000e+00
2.569046078556104007e+01,0.000000000000000000e+00,0.000000000000000000e+00
3.028458078978539803e+01,0.000000000000000000e+00,0.000000000000000000e+00
2.902144658189327586e+01,0.000000000000000000e+00,0.000000000000000000e+00
2.967466206739051060e+01,0.000000000000000000e+00,0.000000000000000000e+00
3.001009326303615055e+01,0.000000000000000000e+00,0.000000000000000000e+00
2.853492604362052987e+01,0.000000000000000000e+00,0.000000000000000000e+00
2.966620716638784216e+01,0.000000000000000000e+00,0.000000000000000000e+00
3.019989786934847587e+01,0.000000000000000000e+00,0.000000000000000000e+00
3.008338392598809818e+01,0.000000000000000000e+00,0.000000000000000000e+00
3.035735638692260352e+01,0.000000000000000000e+00,0.000000000000000000e+00
2.741350177103636199e+01,0.000000000000000000e+00,0.000000000000000000e+00
3.062786457494440739e+01,0.000000000000000000e+00,0.000000000000000000e+00
3.150916713128699698e+01,0.000000000000000000e+00,0.000000000000000000e+00
3.031452533269946059e+01,0.000000000000000000e+00,0.000000000000000000e+00
2.615898483348936310e+01,0.000000000000000000e+00,0.000000000000000000e+00
3.441104639312165858e+01,0.000000000000000000e+00,0.000000000000000000e+00
3.396665650404276704e+01,0.000000000000000000e+00,0.000000000000000000e+00
3.099516975429214583e+01,0.000000000000000000e+00,0.000000000000000000e+00
3.543155574354946680e+01,0.000000000000000000e+00,0.000000000000000000e+00
3.329189760956968058e+01,0.000000000000000000e+00,0.000000000000000000e+00
3.285538216051177329e+01,0.000000000000000000e+00,0.000000000000000000e+00
2.858445488228154474e+01,0.000000000000000000e+00,0.000000000000000000e+00
3.098680298553904677e+01,0.000000000000000000e+00,0.000000000000000000e+00
3.346965821225172988e+01,0.000000000000000000e+00,0.000000000000000000e+00
3.293914452996519771e+01,0.000000000000000000e+00,0.000000000000000000e+00
3.419128037327585190e+01,0.000000000000000000e+00,0.000000000000000000e+00
3.335024270860143503e+01,0.000000000000000000e+00,0.000000000000000000e+00
3.389443011354629931e+01,0.000000000000000000e+00,0.000000000000000000e+00
3.165289622673317282e+01,0.000000000000000000e+00,0.000000000000000000e+00
3.041698248461223031e+01,0.000000000000000000e+00,0.000000000000000000e+00
3.151763399962002055e+01,0.000000000000000000e+00,0.000000000000000000e+00
3.437135231865674712e+01,0.000000000000000000e+00,0.000000000000000000e+00
3.108525835746981869e+01,0.000000000000000000e+00,0.000000000000000000e+00
3.481339173690805922e+01,0.000000000000000000e+00,0.000000000000000000e+00
3.481125991387490615e+01,0.000000000000000000e+00,0.000000000000000000e+00
3.090319407118967376e+01,0.000000000000000000e+00,0.000000000000000000e+00
3.190054434487770862e+01,0.000000000000000000e+00,0.000000000000000000e+00
3.118052584638510893e+01,0.000000000000000000e+00,0.000000000000000000e+00
3.042598290763172386e+01,0.000000000000000000e+00,0.000000000000000000e+00
3.272014245380956510e+01,0.000000000000000000e+00,0.000000000000000000e+00
2.858106172466263217e+01,0.000000000000000000e+00,0.000000000000000000e+00
3.108330161379767986e+01,0.000000000000000000e+00,0.000000000000000000e+00
2.981465636515185480e+01,0.000000000000000000e+00,0.000000000000000000e+00
3.383327731406326677e+01,0.000000000000000000e+00,0.000000000000000000e+00
3.264749313155336097e+01,0.000000000000000000e+00,0.000000000000000000e+00
3.236226474742078096e+01,0.000000000000000000e+00,0.000000000000000000e+00
3.247481525875461728e+01,0.000000000000000000e+00,0.000000000000000000e+00
3.460059688905660380e+01,0.000000000000000000e+00,0.000000000000000000e+00
3.171689232096642996e+01,0.000000000000000000e+00,0.000000000000000000e+00
3.589029452022143118e+01,0.000000000000000000e+00,0.000000000000000000e+00
3.178670061762296228e+01,0.000000000000000000e+00,0.000000000000000000e+00
4.008257479418605840e+01,0.000000000000000000e+00,0.000000000000000000e+00
3.507813592493604915e+01,0.000000000000000000e+00,0.000000000000000000e+00
2.992923108056644921e+01,0.000000000000000000e+00,0.000000000000000000e+00
3.457938119228411722e+01,0.000000000000000000e+00,0.000000000000000000e+00
3.452885149550662902e+01,0.000000000000000000e+00,0.000000000000000000e+00
3.326683968206645403e+01,0.000000000000000000e+00,0.000000000000000000e+00
3.245179239762217094e+01,0.000000000000000000e+00,0.000000000000000000e+00
3.223558795539076982e+01,0.000000000000000000e+00,0.000000000000000000e+00
2.889426913061764779e+01,0.000000000000000000e+00,0.000000000000000000e+00
3.744168256715797583e+01,0.000000000000000000e+00,0.000000000000000000e+00
3.082238223711082625e+01,0.000000000000000000e+00,0.000000000000000000e+00
3.600392242208507554e+01,0.000000000000000000e+00,0.000000000000000000e+00
3.556837158175143543e+01,0.000000000000000000e+00,0.000000000000000000e+00
3.603140591710204887e+01,0.000000000000000000e+00,0.000000000000000000e+00
3.117071733846729842e+01,0.000000000000000000e+00,0.000000000000000000e+00
2.937122117931195220e+01,0.000000000000000000e+00,0.000000000000000000e+00
3.255184382464553750e+01,0.000000000000000000e+00,0.000000000000000000e+00
3.709087488000236732e+01,0.000000000000000000e+00,0.000000000000000000e+00
3.730416296765785233e+01,0.000000000000000000e+00,0.000000000000000000e+00
3.418152355042180091e+01,0.000000000000000000e+00,0.000000000000000000e+00
3.373785176193150193e+01,0.000000000000000000e+00,0.000000000000000000e+00
3.689893591162734765e+01,0.000000000000000000e+00,0.000000000000000000e+00
3.888920773846481893e+01,0.000000000000000000e+00,0.000000000000000000e+00
3.747488541475173207e+01,0.000000000000000000e+00,0.000000000000000000e+00
3.713934775882890449e+01,0.000000000000000000e+00,0.000000000000000000e+00
3.595045860046056418e+01,0.000000000000000000e+00,0.000000000000000000e+00
3.525917678342853634e+01,0.000000000000000000e+00,0.000000000000000000e+00
3.450403613415924298e+01,0.000000000000000000e+00,0.000000000000000000e+00
3.884988635545534663e+01,0.000000000000000000e+00,0.000000000000000000e+00
3.614265440768283355e+01,0.000000000000000000e+00,0.000000000000000000e+00
3.753986739952354412e+01,0.000000000000000000e+00,0.000000000000000000e+00
3.310465658944919909e+01,0.000000000000000000e+00,0.000000000000000000e+00
3.738626681164063825e+01,0.000000000000000000e+00,0.000000000000000000e+00
3.669475154955349439e+01,0.000000000000000000e+00,0.000000000000000000e+00
3.544386987968332647e+01,0.000000000000000000e+00,0.000000000000000000e+00
3.201490339360417892e+01,0.000000000000000000e+00,0.000000000000000000e+00
3.792136438116125419e+01,0.000000000000000000e+00,0.000000000000000000e+00
3.651501104816913568e+01,0.000000000000000000e+00,0.000000000000000000e+00
3.644562810847124013e+01,0.000000000000000000e+00,0.000000000000000000e+00
3.425854150180431645e+01,0.000000000000000000e+00,0.000000000000000000e+00
3.341631738847929967e+01,0.000000000000000000e+00,0.000000000000000000e+00
3.802745434354572041e+01,0.000000000000000000e+00,0.000000000000000000e+00
3.602101429912629982e+01,0.000000000000000000e+00,0.000000000000000000e+00
3.419348007596937578e+01,0.000000000000000000e+00,0.000000000000000000e+00
3.605423653881469193e+01,0.000000000000000000e+00,0.000000000000000000e+00
3.970341783403671343e+01,0.000000000000000000e+00,0.000000000000000000e+00
3.479857378810445567e+01,0.000000000000000000e+00,0.000000000000000000e+00
3.623133423244524920e+01,0.000000000000000000e+00,0.000000000000000000e+00
3.647983737382830327e+01,0.000000000000000000e+00,0.000000000000000000e+00
3.422140681557974062e+01,0.000000000000000000e+00,0.000000000000000000e+00
3.937919434477691283e+01,0.000000000000000000e+00,0.000000000000000000e+00
3.989702035309358052e+01,0.000000000000000000e+00,0.000000000000000000e+00
4.210317109300474669e+01,0.000000000000000000e+00,0.000000000000000000e+00
3.767337411453650020e+01,0.000000000000000000e+00,0.000000000000000000e+00
3.712155506723911458e+01,0.000000000000000000e+00,0.000000000000000000e+00
3.787907621542964876e+01,0.000000000000000000e+00,0.000000000000000000e+00
3.671039680567253072e+01,0.000000000000000000e+00,0.000000000000000000e+00
3.570404372887179534e+01,0.000000000000000000e+00,0.000000000000000000e+00
3.722491947210952645e+01,0.000000000000000000e+00,0.000000000000000000e+00
3.720106064088422215e+01,0.000000000000000000e+00,0.000000000000000000e+00
3.809695870316451760e+01,0.000000000000000000e+00,0.000000000000000000e+00
3.688979922058774008e+01,0.000000000000000000e+00,0.000000000000000000e+00
4.149745995031766910e+01,0.000000000000000000e+00,0.000000000000000000e+00
3.869903092232258501e+01,0.000000000000000000e+00,0.000000000000000000e+00
3.831197922945216305e+01,0.000000000000000000e+00,0.000000000000000000e+00
4.050063919819915270e+01,0.000000000000000000e+00,0.000000000000000000e+00
3.696241952292306365e+01,0.000000000000000000e+00,0.000000000000000000e+00
3.816235880922217660e+01,0.000000000000000000e+00,0.000000000000000000e+00
3.620262130388439914e+01,0.000000000000000000e+00,0.000000000000000000e+00
3.921128697101797655e+01,0.000000000000000000e+00,0.000000000000000000e+00
3.902697831067464307e+01,0.000000000000000000e+00,0.000000000000000000e+00
3.740976334090159128e+01,0.000000000000000000e+00,0.000000000000000000e+00
3.492286772237321202e+01,0.000000000000000000e+00,0.000000000000000000e+00
4.459063626600530483e+01,0.000000000000000000e+00,0.000000000000000000e+00
3.793263751010528040e+01,0.000000000000000000e+00,0.000000000000000000e+00
3.830650890588007229e+01,0.000000000000000000e+00,0.000000000000000000e+00
3.788646377531736675e+01,0.000000000000000000e+00,0.000000000000000000e+00
3.924377988708251763e+01,0.000000000000000000e+00,0.000000000000000000e+00
3.588314345062526911e+01,0.000000000000000000e+00,0.000000000000000000e+00
3.419201923921756503e+01,0.000000000000000000e+00,0.000000000000000000e+00
3.820188696385950777e+01,0.000000000000000000e+00,0.000000000000000000e+00
3.817935682559506461e+01,0.000000000000000000e+00,0.000000000000000000e+00
3.780644331297746419e+01,0.000000000000000000e+00,0.000000000000000000e+00
3.689947041364017366e+01,0.000000000000000000e+00,0.000000000000000000e+00
3.762156486309135062e+01,0.000000000000000000e+00,0.000000000000000000e+00
3.906945840972438333e+01,0.000000000000000000e+00,0.000000000000000000e+00
4.173953199828088856e+01,0.000000000000000000e+00,0.000000000000000000e+00
3.658517367991909452e+01,0.000000000000000000e+00,0.000000000000000000e+00
3.485740384246238932e+01,0.000000000000000000e+00,0.000000000000000000e+00
3.866297435916057168e+01,0.000000000000000000e+00,0.000000000000000000e+00
3.522520413004691164e+01,0.000000000000000000e+00,0.000000000000000000e+00
4.029799200636522727e+01,0.000000000000000000e+00,0.000000000000000000e+00
4.084695771799881214e+01,0.000000000000000000e+00,0.000000000000000000e+00
4.245964163263010960e+01,0.000000000000000000e+00,0.000000000000000000e+00
4.222828634551365923e+01,0.000000000000000000e+00,0.000000000000000000e+00
4.054177657184579431e+01,0.000000000000000000e+00,0.000000000000000000e+00
4.287213501389600623e+01,0.000000000000000000e+00,0.000000000000000000e+00
3.833000990475530045e+01,0.000000000000000000e+00,0.000000000000000000e+00
4.254066627030433523e+01,0.000000000000000000e+00,0.000000000000000000e+00
4.205582212410804743e+01,0.000000000000000000e+00,0.000000000000000000e+00
4.005997420911045026e+01,0.000000000000000000e+00,0.000000000000000000e+00
3.735014879485126471e+01,0.000000000000000000e+00,0.000000000000000000e+00
4.395515360565929797e+01,0.000000000000000000e+00,0.000000000000000000e+00
4.128517774366722648e+01,0.000000000000000000e+00,0.000000000000000000e+00
4.182586740573691486e+01,0.000000000000000000e+00,0.000000000000000000e+00
4.130206060343252972e+01,0.000000000000000000e+00,0.000000000000000000e+00
4.414556024688758384e+01,0.000000000000000000e+00,0.000000000000000000e+00
4.483194159984253702e+01,0.000000000000000000e+00,0.000000000000000000e+00
3.863410294278762080e+01,0.000000000000000000e+00,0.000000000000000000e+00
4.212650064261593741e+01,0.000000000000000000e+00,0.000000000000000000e+00
4.097613237397178665e+01,0.000000000000000000e+00,0.000000000000000000e+00
4.458700294806638453e+01,0.000000000000000000e+00,0.000000000000000000e+00
4.282263187355275846e+01,0.000000000000000000e+00,0.000000000000000000e+00
4.111752604575333692e+01,0.000000000000000000e+00,0.000000000000000000e+00
3.955390056764919393e+01,0.000000000000000000e+00,0.000000000000000000e+00
4.172521379571827538e+01,0.000000000000000000e+00,0.000000000000000000e+00
4.100107892183906699e+01,0.000000000000000000e+00,0.000000000000000000e+00
4.051745809703994894e+01,0.000000000000000000e+00,0.000000000000000000e+00
3.766069406870884251e+01,0.000000000000000000e+00,0.000000000000000000e+00
4.159679951230314288e+01,0.000000000000000000e+00,0.000000000000000000e+00
4.175020029786332998e+01,0.000000000000000000e+00,0.000000000000000000e+00
4.278143652037773137e+01,0.000000000000000000e+00,0.000000000000000000e+00
4.123045925735789297e+01,0.000000000000000000e+00,0.000000000000000000e+00
4.032077722125600161e+01,0.000000000000000000e+00,0.000000000000000000e+00
4.363964356753147911e+01,0.000000000000000000e+00,0.000000000000000000e+00
4.670608932269919933e+01,0.000000000000000000e+00,0.000000000000000000e+00
4.551097758226963208e+01,0.000000000000000000e+00,0.000000000000000000e+00
4.369449078448075596e+01,0.000000000000000000e+00,0.000000000000000000e+00
4.166014907040779747e+01,0.000000000000000000e+00,0.000000000000000000e+00
4.395398524049107891e+01,0.000000000000000000e+00,0.000000000000000000e+00
4.293944155561362663e+01,0.000000000000000000e+00,0.000000000000000000e+00
4.043736287667538676e+01,0.000000000000000000e+00,0.000000000000000000e+00
4.313297490993065253e+01,0.000000000000000000e+00,0.000000000000000000e+00
3.958899498291675201e+01,0.000000000000000000e+00,0.000000000000000000e+00
4.095494760984677640e+01,0.000000000000000000e+00,0.000000000000000000e+00
4.505490635726420123e+01,0.000000000000000000e+00,0.000000000000000000e+00
4.292205199801738047e+01,0.000000000000000000e+00,0.000000000000000000e+00
4.062009231988643165e+01,0.000000000000000000e+00,0.000000000000000000e+00
4.299655428329386098e+01,0.000000000000000000e+00,0.000000000000000000e+00
4.525962370184071659e+01,0.000000000000000000e+00,0.000000000000000000e+00
4.505633363883473663e+01,0.000000000000000000e+00,0.000000000000000000e+00
4.686377826685288284e+01,0.000000000000000000e+00,0.000000000000000000e+00
4.566662997807662094e+01,0.000000000000000000e+00,0.000000000000000000e+00
4.334397907092466085e+01,0.000000000000000000e+00,0.000000000000000000e+00
4.385570183265942745e+01,0.000000000000000000e+00,0.000000000000000000e+00
4.783123692479945532e+01,0.000000000000000000e+00,0.000000000000000000e+00
4.913061483214988812e+01,0.000000000000000000e+00,0.000000000000000000e+00
4.465806017499691905e+01,0.000000000000000000e+00,0.000000000000000000e+00
4.343232303235031111e+01,0.000000000000000000e+00,0.000000000000000000e+00
4.648509524225268308e+01,0.000000000000000000e+00,0.000000000000000000e+00
4.399644770762852630e+01,0.000000000000000000e+00,0.000000000000000000e+00
4.198558566589531438e+01,0.000000000000000000e+00,0.000000000000000000e+00
4.752705358213434295e+01,0.000000000000000000e+00,0.000000000000000000e+00
4.531802476106611266e+01,0.000000000000000000e+00,0.000000000000000000e+00
4.247452597036119926e+01,0.000000000000000000e+00,0.000000000000000000e+00
4.566305511125060690e+01,0.000000000000000000e+00,0.000000000000000000e+00
4.320282529793129811e+01,0.000000000000000000e+00,0.000000000000000000e+00
4.596489881581749160e+01,0.000000000000000000e+00,0.000000000000000000e+00
4.718506605297441325e+01,0.000000000000000000e+00,0.000000000000000000e+00
4.809537808897222533e+01,0.000000000000000000e+00,0.000000000000000000e+00
5.272525653567547010e+01,0.000000000000000000e+00,0.000000000000000000e+00
4.711602709009364531e+01,0.000000000000000000e+00,0.000000000000000000e+00
4.402645618441357556e+01,0.000000000000000000e+00,0.000000000000000000e+00
4.463475772626036076e+01,0.000000000000000000e+00,0.000000000000000000e+00
4.465991951176441432e+01,0.000000000000000000e+00,0.000000000000000000e+00
4.472470937342317399e+01,0.000000000000000000e+00,0.000000000000000000e+00
4.348748439435682656e+01,0.000000000000000000e+00,0.000000000000000000e+00
4.905052516550325947e+01,0.000000000000000000e+00,0.000000000000000000e+00
4.576465032132937694e+01,0.000000000000000000e+00,0.000000000000000000e+00
4.405103223641447130e+01,0.000000000000000000e+00,0.000000000000000000e+00
4.269816613286740647e+01,0.000000000000000000e+00,0.000000000000000000e+00
4.783331019306403675e+01,0.000000000000000000e+00,0.000000000000000000e+00
4.604892979081974147e+01,0.000000000000000000e+00,0.000000000000000000e+00
4.752051017533925403e+01,0.000000000000000000e+00,0.000000000000000000e+00
4.736078670319703576e+01,0.000000000000000000e+00,0.000000000000000000e+00
4.862725122630858010e+01,0.000000000000000000e+00,0.000000000000000000e+00
4.680445362508111629e+01,0.000000000000000000e+00,0.000000000000000000e+00
4.551775039141317336e+01,0.000000000000000000e+00,0.000000000000000000e+00
4.896503802213211287e+01,0.000000000000000000e+00,0.000000000000000000e+00
4.757120926940718419e+01,0.000000000000000000e+00,0.000000000000000000e+00
4.705932477740680753e+01,0.000000000000000000e+00,0.000000000000000000e+00
4.866154405720943998e+01,0.000000000000000000e+00,0.000000000000000000e+00
4.749050392209125704e+01,0.000000000000000000e+00,0.000000000000000000e+00
4.846937586494484407e+01,0.000000000000000000e+00,0.000000000000000000e+00
4.979863015258205650e+01,0.000000000000000000e+00,0.000000000000000000e+00
4.857377113086375431e+01,0.000000000000000000e+00,0.000000000000000000e+00
5.072927612780200235e+01,0.000000000000000000e+00,0.000000000000000000e+00
4.574169447957450529e+01,0.000000000000000000e+00,0.000000000000000000e+00
5.399781196045609732e+01,0.000000000000000000e+00,0.000000000000000000e+00
4.556458202688268244e+01,0.000000000000000000e+00,0.000000000000000000e+00
4.954117976674571366e+01,0.000000000000000000e+00,0.000000000000000000e+00
4.690003058848614614e+01,0.000000000000000000e+00,0.000000000000000000e+00
5.124310290107126775e+01,0.000000000000000000e+00,0.000000000000000000e+00
4.943566739739507909e+01,0.000000000000000000e+00,0.000000000000000000e+00
4.836959490994001953e+01,0.000000000000000000e+00,0.000000000000000000e+00
4.823095007722996286e+01,0.000000000000000000e+00,0.000000000000000000e+00
4.802450946361325634e+01,0.000000000000000000e+00,0.000000000000000000e+00
4.861925517775785721e+01,0.000000000000000000e+00,0.000000000000000000e+00
4.748242872994725872e+01,0.000000000000000000e+00,0.000000000000000000e+00
4.983991639890293612e+01,0.000000000000000000e+00,0.000000000000000000e+00
5.027209495001295636e+01,0.000000000000000000e+00,0.000000000000000000e+00
4.915074159780254348e+01,0.000000000000000000e+00,0.000000000000000000e+00
4.698650726860227422e+01,0.000000000000000000e+00,0.000000000000000000e+00
4.629721472086358602e+01,0.000000000000000000e+00,0.000000000000000000e+00
5.107957375154551727e+01,0.000000000000000000e+00,0.000000000000000000e+00
4.630028091745023033e+01,0.000000000000000000e+00,0.000000000000000000e+00
4.814602912290906289e+01,0.000000000000000000e+00,0.000000000000000000e+00
4.739090077375201560e+01,0.000000000000000000e+00,0.000000000000000000e+00
5.137370590049958707e+01,0.000000000000000000e+00,0.000000000000000000e+00
5.005273022631850210e+01,0.000000000000000000e+00,0.000000000000000000e+00
4.934262899112969336e+01,0.000000000000000000e+00,0.000000000000000000e+00
5.058189254091351472e+01,0.000000000000000000e+00,0.000000000000000000e+00
4.858332392399272948e+01,0.000000000000000000e+00,0.000000000000000000e+00
4.989991733450135314e+01,0.000000000000000000e+00,0.000000000000000000e+00
5.052597095987519538e+01,0.000000000000000000e+00,0.000000000000000000e+00
5.288976673896470260e+01,0.000000000000000000e+00,0.000000000000000000e+00
4.976822159149704561e+01,0.000000000000000000e+00,0.000000000000000000e+00
4.875314431096148837e+01,0.000000000000000000e+00,0.000000000000000000e+00
5.334686983851390352e+01,0.000000000000000000e+00,0.000000000000000000e+00
5.284578571302992600e+01,0.000000000000000000e+00,0.000000000000000000e+00
4.987744949037169562e+01,0.000000000000000000e+00,0.000000000000000000e+00
5.203005856600965728e+01,0.000000000000000000e+00,0.000000000000000000e+00
4.867716074640389223e+01,0.000000000000000000e+00,0.000000000000000000e+00
5.131491374080285794e+01,0.000000000000000000e+00,0.000000000000000000e+00
5.034630304299687253e+01,0.000000000000000000e+00,0.000000000000000000e+00
4.873881620670783121e+01,0.000000000000000000e+00,0.000000000000000000e+00
5.234070438036676620e+01,0.000000000000000000e+00,0.000000000000000000e+00
4.775212686774171544e+01,0.000000000000000000e+00,0.000000000000000000e+00
5.222786864339310142e+01,0.000000000000000000e+00,0.000000000000000000e+00
4.946226301535881476e+01,0.000000000000000000e+00,0.000000000000000000e+00
5.226142259776354848e+01,0.000000000000000000e+00,0.000000000000000000e+00
5.070771592840678466e+01,0.000000000000000000e+00,0.000000000000000000e+00
5.071621257364459012e+01,0.000000000000000000e+00,0.000000000000000000e+00
4.949533218175319149e+01,0.000000000000000000e+00,0.000000000000000000e+00
5.321477583953164725e+01,0.000000000000000000e+00,0.000000000000000000e+00
5.283968410628785506e+01,0.000000000000000000e+00,0.000000000000000000e+00
5.203147494675739182e+01,0.000000000000000000e+00,0.000000000000000000e+00
5.404727843204299376e+01,0.000000000000000000e+00,0.000000000000000000e+00
5.159595080840020387e+01,0.000000000000000000e+00,0.000000000000000000e+00
4.965437185013529842e+01,0.000000000000000000e+00,0.000000000000000000e+00
5.212712595262928517e+01,0.000000000000000000e+00,0.000000000000000000e+00
4.978364707586516147e+01,0.000000000000000000e+00,0.000000000000000000e+00
5.190469848024213206e+01,0.000000000000000000e+00,0.000000000000000000e+00
4.975139532069900383e+01,0.000000000000000000e+00,0.000000000000000000e+00
5.273241798934666491e+01,0.000000000000000000e+00,0.000000000000000000e+00
5.021137090898362487e+01,0.000000000000000000e+00,0.000000000000000000e+00
5.015931719907089814e+01,0.000000000000000000e+00,0.000000000000000000e+00
5.202814313028170545e+01,0.000000000000000000e+00,0.000000000000000000e+00
5.053307903808064339e+01,0.000000000000000000e+00,0.000000000000000000e+00
5.310897476489613922e+01,0.000000000000000000e+00,0.000000000000000000e+00
5.236927608679696533e+01,0.000000000000000000e+00,0.000000000000000000e+00
5.285309124271917369e+01,0.000000000000000000e+00,0.000000000000000000e+00
5.502056891840688735e+01,0.000000000000000000e+00,0.000000000000000000e+00
5.518932062887358825e+01,0.000000000000000000e+00,0.000000000000000000e+00
5.531854224621036309e+01,0.000000000000000000e+00,0.000000000000000000e+00
5.016344308133557206e+01,0.000000000000000000e+00,0.000000000000000000e+00
5.271284954919774179e+01,0.000000000000000000e+00,0.000000000000000000e+00
5.525984854187510109e+01,0.000000000000000000e+00,0.000000000000000000e+00
5.399497602923419493e+01,0.000000000000000000e+00,0.000000000000000000e+00
5.513264762976213262e+01,0.000000000000000000e+00,0.000000000000000000e+00
5.435587681590433107e+01,0.000000000000000000e+00,0.000000000000000000e+00
5.356970280759571068e+01,0.000000000000000000e+00,0.000000000000000000e+00
5.661170004676272072e+01,0.000000000000000000e+00,0.000000000000000000e+00
5.361579128469193734e+01,0.000000000000000000e+00,0.000000000000000000e+00
5.341062644064650300e+01,0.000000000000000000e+00,0.000000000000000000e+00
5.653101062782485542e+01,0.000000000000000000e+00,0.000000000000000000e+00
5.388945378862426594e+01,0.000000000000000000e+00,0.000000000000000000e+00
5.319791843065731740e+01,0.000000000000000000e+00,0.000000000000000000e+00
5.511292087850527111e+01,0.000000000000000000e+00,0.000000000000000000e+00
5.480918640134858322e+01,0.000000000000000000e+00,0.000000000000000000e+00
5.821765417594136949e+01,0.000000000000000000e+00,0.000000000000000000e+00
5.200493856702428275e+01,0.000000000000000000e+00,0.000000000000000000e+00
5.769129705437587319e+01,0.000000000000000000e+00,0.000000000000000000e+00
5.623172152842285954e+01,0.000000000000000000e+00,0.000000000000000000e+00
5.729951622822833457e+01,0.000000000000000000e+00,0.000000000000000000e+00
5.574795326481511637e+01,0.000000000000000000e+00,0.000000000000000000e+00
5.483003338589961118e+01,0.000000000000000000e+00,0.000000000000000000e+00
5.351227572687253087e+01,0.000000000000000000e+00,0.000000000000000000e+00
5.518893811792102611e+01,0.000000000000000000e+00,0.000000000000000000e+00
5.484188878484957286e+01,0.000000000000000000e+00,0.000000000000000000e+00
5.498474888177166520e+01,0.000000000000000000e+00,0.000000000000000000e+00
5.566960659950481016e+01,0.000000000000000000e+00,0.000000000000000000e+00
6.122398872305946327e+01,0.000000000000000000e+00,0.000000000000000000e+00
5.655330989996268443e+01,0.000000000000000000e+00,0.000000000000000000e+00
5.965367238644818570e+01,0.000000000000000000e+00,0.000000000000000000e+00
5.566833509298770366e+01,0.000000000000000000e+00,0.000000000000000000e+00
5.497853215316229836e+01,0.000000000000000000e+00,0.000000000000000000e+00
5.325983280154122212e+01,0.000000000000000000e+00,0.000000000000000000e+00
5.967281293684462895e+01,0.000000000000000000e+00,0.000000000000000000e+00
5.624204772972414190e+01,0.000000000000000000e+00,0.000000000000000000e+00
5.903829716562559327e+01,0.000000000000000000e+00,0.000000000000000000e+00
5.668049586142462459e+01,0.000000000000000000e+00,0.000000000000000000e+00
5.605143331192159195e+01,0.000000000000000000e+00,0.000000000000000000e+00
5.521619530256526076e+01,0.000000000000000000e+00,0.000000000000000000e+00
5.674495349510763020e+01,0.000000000000000000e+00,0.000000000000000000e+00
5.604365556119483927e+01,0.000000000000000000e+00,0.000000000000000000e+00
5.833656554959215157e+01,0.000000000000000000e+00,0.000000000000000000e+00
5.252332793328591976e+01,0.000000000000000000e+00,0.000000000000000000e+00
5.898566829284504109e+01,0.000000000000000000e+00,0.000000000000000000e+00
5.440621491150133693e+01,0.000000000000000000e+00,0.000000000000000000e+00
5.284091919660042436e+01,0.000000000000000000e+00,0.000000000000000000e+00
5.299157350803193367e+01,0.000000000000000000e+00,0.000000000000000000e+00
5.737390043873751466e+01,0.000000000000000000e+00,0.000000000000000000e+00
5.685122792669383074e+01,0.000000000000000000e+00,0.000000000000000000e+00
5.715458007541623431e+01,0.000000000000000000e+00,0.000000000000000000e+00
6.005199474671692883e+01,0.000000000000000000e+00,0.000000000000000000e+00
5.531414831340175908e+01,0.000000000000000000e+00,0.000000000000000000e+00
5.649462345943210551e+01,0.000000000000000000e+00,0.000000000000000000e+00
5.851927122097185219e+01,0.000000000000000000e+00,0.000000000000000000e+00
5.526057749165729405e+01,0.000000000000000000e+00,0.000000000000000000e+00
5.628703905371251182e+01,0.000000000000000000e+00,0.000000000000000000e+00
5.876500518725350020e+01,0.000000000000000000e+00,0.000000000000000000e+00
5.766928496260516823e+01,0.000000000000000000e+00,0.000000000000000000e+00
5.918428075178275094e+01,0.000000000000000000e+00,0.000000000000000000e+00
6.044396169167507082e+01,0.000000000000000000e+00,0.000000000000000000e+00
5.591974696530913036e+01,0.000000000000000000e+00,0.000000000000000000e+00
5.746252601693601036e+01,0.000000000000000000e+00,0.000000000000000000e+00
5.916744237218637181e+01,0.000000000000000000e+00,0.000000000000000000e+00
5.419932982040303671e+01,0.000000000000000000e+00,0.000000000000000000e+00
5.844256060242341988e+01,0.000000000000000000e+00,0.000000000000000000e+00
5.697399962243216009e+01,0.000000000000000000e+00,0.000000000000000000e+00
5.680307584396898335e+01,0.000000000000000000e+00,0.000000000000000000e+00
5.981812606611677552e+01,0.000000000000000000e+00,0.000000000000000000e+00
5.771466989935905900e+01,0.000000000000000000e+00,0.000000000000000000e+00
6.092307902435223355e+01,0.000000000000000000e+00,0.000000000000000000e+00
5.948711683970234532e+01,0.000000000000000000e+00,0.000000000000000000e+00
6.007267391711454252e+01,0.000000000000000000e+00,0.000000000000000000e+00
5.949222058896331333e+01,0.000000000000000000e+00,0.000000000000000000e+00
5.900488489870739528e+01,0.000000000000000000e+00,0.000000000000000000e+00
5.918068545293783700e+01,0.000000000000000000e+00,0.000000000000000000e+00
5.719127092640413679e+01,0.000000000000000000e+00,0.000000000000000000e+00
5.646101817158115921e+01,0.000000000000000000e+00,0.000000000000000000e+00
5.700736143890120644e+01,0.000000000000000000e+00,0.000000000000000000e+00
6.155777261238620923e+01,0.000000000000000000e+00,0.000000000000000000e+00
5.909687478103643343e+01,0.000000000000000000e+00,0.000000000000000000e+00
5.953278418087231927e+01,0.000000000000000000e+00,0.000000000000000000e+00
5.505766642043923298e+01,0.000000000000000000e+00,0.000000000000000000e+00
6.027926816664931664e+01,0.000000000000000000e+00,0.000000000000000000e+00
5.949393624032749983e+01,0.000000000000000000e+00,0.000000000000000000e+00
6.182202829757832063e+01,0.000000000000000000e+00,0.000000000000000000e+00
5.679878303651124583e+01,0.000000000000000000e+00,0.000000000000000000e+00
6.278872385482267049e+01,0.000000000000000000e+00,0.000000000000000000e+00
5.996373036246976795e+01,0.000000000000000000e+00,0.000000000000000000e+00
6.054815965854818671e+01,0.000000000000000000e+00,0.000000000000000000e+00
6.225422064365947961e+01,0.000000000000000000e+00,0.000000000000000000e+00
6.076733380362008319e+01,0.000000000000000000e+00,0.000000000000000000e+00
5.955784863743394908e+01,0.000000000000000000e+00,0.000000000000000000e+00
6.263038360962114837e+01,0.000000000000000000e+00,0.000000000000000000e+00
6.478977634325175927e+01,0.000000000000000000e+00,0.000000000000000000e+00
6.061050023648291329e+01,0.000000000000000000e+00,0.000000000000000000e+00
6.132009496044151575e+01,0.000000000000000000e+00,0.000000000000000000e+00
6.154803499840082992e+01,0.000000000000000000e+00,0.000000000000000000e+00
6.152831721426955625e+01,0.000000000000000000e+00,0.000000000000000000e+00
5.969748003373679524e+01,0.000000000000000000e+00,0.000000000000000000e+00
6.164203999472620410e+01,0.000000000000000000e+00,0.000000000000000000e+00
6.129935491412248894e+01,0.000000000000000000e+00,0.000000000000000000e+00
5.958925520531493447e+01,0.000000000000000000e+00,0.000000000000000000e+00
6.022866358526103170e+01,0.000000000000000000e+00,0.000000000000000000e+00
6.075808285658881402e+01,0.000000000000000000e+00,0.000000000000000000e+00
6.608067621644281076e+01,0.000000000000000000e+00,0.000000000000000000e+00
5.844111090022548893e+01,0.000000000000000000e+00,0.000000000000000000e+00
6.348800721139534886e+01,0.000000000000000000e+00,0.000000000000000000e+00
5.839522999517501489e+01,0.000000000000000000e+00,0.000000000000000000e+00
6.444057625336289163e+01,0.000000000000000000e+00,0.000000000000000000e+00
6.287611603917254399e+01,0.000000000000000000e+00,0.000000000000000000e+00
6.187877699327481906e+01,0.000000000000000000e+00,0.000000000000000000e+00
6.011989218894006370e+01,0.000000000000000000e+00,0.000000000000000000e+00
6.471914519034967839e+01,0.000000000000000000e+00,0.000000000000000000e+00
6.124336444339382268e+01,0.000000000000000000e+00,0.000000000000000000e+00
6.503355181683747332e+01,0.000000000000000000e+00,0.000000000000000000e+00
5.684212870621517055e+01,0.000000000000000000e+00,0.000000000000000000e+00
6.376268444013228986e+01,0.000000000000000000e+00,0.000000000000000000e+00
6.098042571238465825e+01,0.000000000000000000e+00,0.000000000000000000e+00
6.433691965016221559e+01,0.000000000000000000e+00,0.000000000000000000e+00
6.265985100469229252e+01,0.000000000000000000e+00,0.000000000000000000e+00
6.122242843886673569e+01,0.000000000000000000e+00,0.000000000000000000e+00
6.433821042643003807e+01,0.000000000000000000e+00,0.000000000000000000e+00
6.306154481387976318e+01,0.000000000000000000e+00,0.000000000000000000e+00
6.196184605760841180e+01,0.000000000000000000e+00,0.000000000000000000e+00
6.274254004290385467e+01,0.000000000000000000e+00,0.000000000000000000e+00
6.415425518554980044e+01,0.000000000000000000e+00,0.000000000000000000e+00
5.879251140664611341e+01,0.000000000000000000e+00,0.000000000000000000e+00
6.224652577962847033e+01,0.000000000000000000e+00,0.000000000000000000e+00
6.471738218585984725e+01,0.000000000000000000e+00,0.000000000000000000e+00
6.252490400820449423e+01,0.000000000000000000e+00,0.000000000000000000e+00
6.201135383517286925e+01,0.000000000000000000e+00,0.000000000000000000e+00
6.483336543200373114e+01,0.000000000000000000e+00,0.000000000000000000e+00
6.210087909322712818e+01,0.000000000000000000e+00,0.000000000000000000e+00
6.665461785644271231e+01,0.000000000000000000e+00,0.000000000000000000e+00
6.187047952311805687e+01,0.000000000000000000e+00,0.000000000000000000e+00
6.122224784016154331e+01,0.000000000000000000e+00,0.000000000000000000e+00
6.341036835351258816e+01,0.000000000000000000e+00,0.000000000000000000e+00
6.759258853946552392e+01,0.000000000000000000e+00,0.000000000000000000e+00
6.091889788852854082e+01,0.000000000000000000e+00,0.000000000000000000e+00
6.673473025507870204e+01,0.000000000000000000e+00,0.000000000000000000e+00
6.542396940140855577e+01,0.000000000000000000e+00,0.000000000000000000e+00
6.303988150067725371e+01,0.000000000000000000e+00,0.000000000000000000e+00
6.561934159005102174e+01,0.000000000000000000e+00,0.000000000000000000e+00
6.617706369277210854e+01,0.000000000000000000e+00,0.000000000000000000e+00
6.562898567060170762e+01,0.000000000000000000e+00,0.000000000000000000e+00
6.689437656252795250e+01,0.000000000000000000e+00,0.000000000000000000e+00
6.556580474007301973e+01,0.000000000000000000e+00,0.000000000000000000e+00
6.296191279648868999e+01,0.000000000000000000e+00,0.000000000000000000e+00
6.653083736390824754e+01,0.000000000000000000e+00,0.000000000000000000e+00
6.148389555520738980e+01,0.000000000000000000e+00,0.000000000000000000e+00
6.503977170449449829e+01,0.000000000000000000e+00,0.000000000000000000e+00
6.767948197075034500e+01,0.000000000000000000e+00,0.000000000000000000e+00
6.395412889027254977e+01,0.000000000000000000e+00,0.000000000000000000e+00
6.176282504217200398e+01,0.000000000000000000e+00,0.000000000000000000e+00
6.247437942616196693e+01,0.000000000000000000e+00,0.000000000000000000e+00
6.513052651681114469e+01,0.000000000000000000e+00,0.000000000000000000e+00
6.880752742916396869e+01,0.000000000000000000e+00,0.000000000000000000e+00
6.730498386276353529e+01,0.000000000000000000e+00,0.000000000000000000e+00
6.194417614977830056e+01,0.000000000000000000e+00,0.000000000000000000e+00
6.632174843623580784e+01,0.000000000000000000e+00,0.000000000000000000e+00
6.705685257230310015e+01,0.000000000000000000e+00,0.000000000000000000e+00
6.472222329491295056e+01,0.000000000000000000e+00,0.000000000000000000e+00
6.671246178032949103e+01,0.000000000000000000e+00,0.000000000000000000e+00
6.434770869662294501e+01,0.000000000000000000e+00,0.000000000000000000e+00
6.608566437494853574e+01,0.000000000000000000e+00,0.000000000000000000e+00
6.521750803025067000e+01,0.000000000000000000e+00,0.000000000000000000e+00
6.160255293632889106e+01,0.000000000000000000e+00,0.000000000000000000e+00
6.157594515839784322e+01,0.000000000000000000e+00,0.000000000000000000e+00
6.664445759671130531e+01,0.000000000000000000e+00,0.000000000000000000e+00
6.563788345460000073e+01,0.000000000000000000e+00,0.000000000000000000e+00
6.637136115248011947e+01,0.000000000000000000e+00,0.000000000000000000e+00
6.435016187959060119e+01,0.000000000000000000e+00,0.000000000000000000e+00
6.448698780240319195e+01,0.000000000000000000e+00,0.000000000000000000e+00
6.503139333511524001e+01,0.000000000000000000e+00,0.000000000000000000e+00
6.441215049826848826e+01,0.000000000000000000e+00,0.000000000000000000e+00
6.410811411248681679e+01,0.000000000000000000e+00,0.000000000000000000e+00
6.606456639794356533e+01,0.000000000000000000e+00,0.000000000000000000e+00
6.763736999575566244e+01,0.000000000000000000e+00,0.000000000000000000e+00
6.584110263484232917e+01,0.000000000000000000e+00,0.000000000000000000e+00
6.603751525592211635e+01,0.000000000000000000e+00,0.000000000000000000e+00
6.715928634740876646e+01,0.000000000000000000e+00,0.000000000000000000e+00
6.525100175663830271e+01,0.000000000000000000e+00,0.000000000000000000e+00
6.911791543023396400e+01,0.000000000000000000e+00,0.000000000000000000e+00
6.884054139600874578e+01,0.000000000000000000e+00,0.000000000000000000e+00
6.425163632715987205e+01,0.000000000000000000e+00,0.000000000000000000e+00
6.692529467401685395e+01,0.000000000000000000e+00,0.000000000000000000e+00
6.859456536478776911e+01,0.000000000000000000e+00,0.000000000000000000e+00
6.628566247820488400e+01,0.000000000000000000e+00,0.000000000000000000e+00
6.803744004332854445e+01,0.000000000000000000e+00,0.000000000000000000e+00
6.519762249957076961e+01,0.000000000000000000e+00,0.000000000000000000e+00
6.825654509052940000e+01,0.000000000000000000e+00,0.000000000000000000e+00
6.777906928503897177e+01,0.000000000000000000e+00,0.000000000000000000e+00
6.827058486350983912e+01,0.000000000000000000e+00,0.000000000000000000e+00
6.766599117360748039e+01,0.000000000000000000e+00,0.000000000000000000e+00
6.788758040175157760e+01,0.000000000000000000e+00,0.000000000000000000e+00
6.816177751753296832e+01,0.000000000000000000e+00,0.000000000000000000e+00
6.357730511001024354e+01,0.000000000000000000e+00,0.000000000000000000e+00
6.680483284838653901e+01,0.000000000000000000e+00,0.000000000000000000e+00
6.693574633525300044e+01,0.000000000000000000e+00,0.000000000000000000e+00
6.721478226084889229e+01,0.000000000000000000e+00,0.000000000000000000e+00
6.572681731106172265e+01,0.000000000000000000e+00,0.000000000000000000e+00
6.834700056315473660e+01,0.000000000000000000e+00,0.000000000000000000e+00
6.560261418069383410e+01,0.000000000000000000e+00,0.000000000000000000e+00
6.968385041448198081e+01,0.000000000000000000e+00,0.000000000000000000e+00
6.862989528445676513e+01,0.000000000000000000e+00,0.000000000000000000e+00
6.895820126587918253e+01,0.000000000000000000e+00,0.000000000000000000e+00
6.574104291576074388e+01,0.000000000000000000e+00,0.000000000000000000e+00
6.734379799528902311e+01,0.000000000000000000e+00,0.000000000000000000e+00
6.909046954295423859e+01,0.000000000000000000e+00,0.000000000000000000e+00
6.688489222555773495e+01,0.000000000000000000e+00,0.000000000000000000e+00
7.093101777811639863e+01,0.000000000000000000e+00,0.000000000000000000e+00
6.865712114765599949e+01,0.000000000000000000e+00,0.000000000000000000e+00
6.771606932441362403e+01,0.000000000000000000e+00,0.000000000000000000e+00
6.740543021395681933e+01,0.000000000000000000e+00,0.000000000000000000e+00
6.641388267453885419e+01,0.000000000000000000e+00,0.000000000000000000e+00
7.240035313628091274e+01,0.000000000000000000e+00,0.000000000000000000e+00
6.803606995516275902e+01,0.000000000000000000e+00,0.000000000000000000e+00
7.027788250444638152e+01,0.000000000000000000e+00,0.000000000000000000e+00
6.516081633893686842e+01,0.000000000000000000e+00,0.000000000000000000e+00
6.761011559255277348e+01,0.000000000000000000e+00,0.000000000000000000e+00
6.969526699851334683e+01,0.000000000000000000e+00,0.000000000000000000e+00
7.124912317607565626e+01,0.000000000000000000e+00,0.000000000000000000e+00
6.956410341794357066e+01,0.000000000000000000e+00,0.000000000000000000e+00
6.532717858770391217e+01,0.000000000000000000e+00,0.000000000000000000e+00
7.076585736574760688e+01,0.000000000000000000e+00,0.000000000000000000e+00
7.132465550431804502e+01,0.000000000000000000e+00,0.000000000000000000e+00
7.026362831868897274e+01,0.000000000000000000e+00,0.000000000000000000e+00
7.048056007461315176e+01,0.000000000000000000e+00,0.000000000000000000e+00
6.942951283085616865e+01,0.000000000000000000e+00,0.000000000000000000e+00
6.809833805295937736e+01,0.000000000000000000e+00,0.000000000000000000e+00
6.944860553746822518e+01,0.000000000000000000e+00,0.000000000000000000e+00
6.517844867529711905e+01,0.000000000000000000e+00,0.000000000000000000e+00
6.782984640385708985e+01,0.000000000000000000e+00,0.000000000000000000e+00
7.080157231294620601e+01,0.000000000000000000e+00,0.000000000000000000e+00
6.899812784730481496e+01,0.000000000000000000e+00,0.000000000000000000e+00
6.954160966694163903e+01,0.000000000000000000e+00,0.000000000000000000e+00
6.971353851358475140e+01,0.000000000000000000e+00,0.000000000000000000e+00
6.854002778661249806e+01,0.000000000000000000e+00,0.000000000000000000e+00
6.981444442225765101e+01,0.000000000000000000e+00,0.000000000000000000e+00
7.147222193677173152e+01,0.000000000000000000e+00,0.000000000000000000e+00
7.004365206182747272e+01,0.000000000000000000e+00,0.000000000000000000e+00
7.383712921436492138e+01,0.000000000000000000e+00,0.000000000000000000e+00
7.107358070498561631e+01,0.000000000000000000e+00,0.000000000000000000e+00
7.321508779193034400e+01,0.000000000000000000e+00,0.000000000000000000e+00
7.090441340085092747e+01,0.000000000000000000e+00,0.000000000000000000e+00
7.208967460616617018e+01,0.000000000000000000e+00,0.000000000000000000e+00
6.773332251425424033e+01,0.000000000000000000e+00,0.000000000000000000e+00
7.209581169092840014e+01,0.000000000000000000e+00,0.000000000000000000e+00
7.315489282722028008e+01,0.000000000000000000e+00,0.000000000000000000e+00
7.042058427234337614e+01,0.000000000000000000e+00,0.000000000000000000e+00
7.326447804107947093e+01,0.000000000000000000e+00,0.000000000000000000e+00
6.872637195201529892e+01,0.000000000000000000e+00,0.000000000000000000e+00
6.913270902608392987e+01,0.000000000000000000e+00,0.000000000000000000e+00
7.040780683319492539e+01,0.000000000000000000e+00,0.000000000000000000e+00
7.188029612844853489e+01,0.000000000000000000e+00,0.000000000000000000e+00
7.204592626913340325e+01,0.000000000000000000e+00,0.000000000000000000e+00
7.319428472579181744e+01,0.000000000000000000e+00,0.000000000000000000e+00
7.262516330943559240e+01,0.000000000000000000e+00,0.000000000000000000e+00
7.254723867243052382e+01,0.000000000000000000e+00,0.000000000000000000e+00
6.887554499817146336e+01,0.000000000000000000e+00,0.000000000000000000e+00
7.428830545527965512e+01,0.000000000000000000e+00,0.000000000000000000e+00
7.377501168625531136e+01,0.000000000000000000e+00,0.000000000000000000e+00
7.122286019683298264e+01,0.000000000000000000e+00,0.000000000000000000e+00
6.997328169452580937e+01,0.000000000000000000e+00,0.000000000000000000e+00
7.301183537033584514e+01,0.000000000000000000e+00,0.000000000000000000e+00
7.279148982369042642e+01,0.000000000000000000e+00,0.000000000000000000e+00
7.064492755545559532e+01,0.000000000000000000e+00,0.000000000000000000e+00
7.499743551830741239e+01,0.000000000000000000e+00,0.000000000000000000e+00
7.200597465179782830e+01,0.000000000000000000e+00,0.000000000000000000e+00
7.163083231921292793e+01,0.000000000000000000e+00,0.000000000000000000e+00
7.252031512453784501e+01,0.000000000000000000e+00,0.000000000000000000e+00
7.367817908852642006e+01,0.000000000000000000e+00,0.000000000000000000e+00
7.098768855471722361e+01,0.000000000000000000e+00,0.000000000000000000e+00
7.235622414071563924e+01,0.000000000000000000e+00,0.000000000000000000e+00
7.614417171825914465e+01,0.000000000000000000e+00,0.000000000000000000e+00
7.432629847530095901e+01,0.000000000000000000e+00,0.000000000000000000e+00
7.218225903357047457e+01,0.000000000000000000e+00,0.000000000000000000e+00
7.286198034693606473e+01,0.000000000000000000e+00,0.000000000000000000e+00
7.559150216730013483e+01,0.000000000000000000e+00,0.000000000000000000e+00
7.420676313876019492e+01,0.000000000000000000e+00,0.000000000000000000e+00
7.103568012968158030e+01,0.000000000000000000e+00,0.000000000000000000e+00
7.468162466863333293e+01,0.000000000000000000e+00,0.000000000000000000e+00
7.236888326125036031e+01,0.000000000000000000e+00,0.000000000000000000e+00
7.251661836045694542e+01,0.000000000000000000e+00,0.000000000000000000e+00
7.203328150231516247e+01,0.000000000000000000e+00,0.000000000000000000e+00
7.171703850559070759e+01,0.000000000000000000e+00,0.000000000000000000e+00
6.871285232487873884e+01,0.000000000000000000e+00,0.000000000000000000e+00
7.202861800995140129e+01,0.000000000000000000e+00,0.000000000000000000e+00
7.236003753297961794e+01,0.000000000000000000e+00,0.000000000000000000e+00
7.568884331178846026e+01,0.000000000000000000e+00,0.000000000000000000e+00
7.598704876178530299e+01,0.000000000000000000e+00,0.000000000000000000e+00
7.504971534093812124e+01,0.000000000000000000e+00,0.000000000000000000e+00
7.331229638206201571e+01,0.000000000000000000e+00,0.000000000000000000e+00
7.113483730213353340e+01,0.000000000000000000e+00,0.000000000000000000e+00
7.377128525210891041e+01,0.000000000000000000e+00,0.000000000000000000e+00
7.390076472366659743e+01,0.000000000000000000e+00,0.000000000000000000e+00
7.431864159113094104e+01,0.000000000000000000e+00,0.000000000000000000e+00
7.493334145144821434e+01,0.000000000000000000e+00,0.000000000000000000e+00
7.360322184459498374e+01,0.000000000000000000e+00,0.000000000000000000e+00
7.371115002510511260e+01,0.000000000000000000e+00,0.000000000000000000e+00
7.526464586381077027e+01,0.000000000000000000e+00,0.000000000000000000e+00
7.329570708410037128e+01,0.000000000000000000e+00,0.000000000000000000e+00
7.456602394745240758e+01,0.000000000000000000e+00,0.000000000000000000e+00
7.314246208459370280e+01,0.000000000000000000e+00,0.000000000000000000e+00
7.706067169961092134e+01,0.000000000000000000e+00,0.000000000000000000e+00
7.158684354717023268e+01,0.000000000000000000e+00,0.000000000000000000e+00
7.074157083008670099e+01,0.000000000000000000e+00,0.000000000000000000e+00
7.562123624253729304e+01,0.000000000000000000e+00,0.000000000000000000e+00
7.577492303842801391e+01,0.000000000000000000e+00,0.000000000000000000e+00
7.571186376986834432e+01,0.000000000000000000e+00,0.000000000000000000e+00
7.413618547874560250e+01,0.000000000000000000e+00,0.000000000000000000e+00
7.441466584140400187e+01,0.000000000000000000e+00,0.000000000000000000e+00
7.382213902594598665e+01,0.000000000000000000e+00,0.000000000000000000e+00
7.568790189848645866e+01,0.000000000000000000e+00,0.000000000000000000e+00
7.568646940018473401e+01,0.000000000000000000e+00,0.000000000000000000e+00
7.188742644305651197e+01,0.000000000000000000e+00,0.000000000000000000e+00
7.442808964231672064e+01,0.000000000000000000e+00,0.000000000000000000e+00
7.377459419258516959e+01,0.000000000000000000e+00,0.000000000000000000e+00
7.705104934965285679e+01,0.000000000000000000e+00,0.000000000000000000e+00
7.253391921999694603e+01,0.000000000000000000e+00,0.000000000000000000e+00
7.287789163341290077e+01,0.000000000000000000e+00,0.000000000000000000e+00
7.835359719962244185e+01,0.000000000000000000e+00,0.000000000000000000e+00
7.558973509822907033e+01,0.000000000000000000e+00,0.000000000000000000e+00
7.481303412357742388e+01,0.000000000000000000e+00,0.000000000000000000e+00
7.463389088183984654e+01,0.000000000000000000e+00,0.000000000000000000e+00
7.351449645579531023e+01,0.000000000000000000e+00,0.000000000000000000e+00
7.727734300551713886e+01,0.000000000000000000e+00,0.000000000000000000e+00
7.193358246348121554e+01,0.000000000000000000e+00,0.000000000000000000e+00
7.668261426519400459e+01,0.000000000000000000e+00,0.000000000000000000e+00
7.392211997204148588e+01,0.000000000000000000e+00,0.000000000000000000e+00
7.360297511148282013e+01,0.000000000000000000e+00,0.000000000000000000e+00
7.234328191360432925e+01,0.000000000000000000e+00,0.000000000000000000e+00
7.195857170856952223e+01,0.000000000000000000e+00,0.000000000000000000e+00
7.501836386858660433e+01,0.000000000000000000e+00,0.000000000000000000e+00
7.649158249684428768e+01,0.000000000000000000e+00,0.000000000000000000e+00
7.279737894852361535e+01,0.000000000000000000e+00,0.000000000000000000e+00
7.825979933117876897e+01,0.000000000000000000e+00,0.000000000000000000e+00
7.452169442023773627e+01,0.000000000000000000e+00,0.000000000000000000e+00
7.858099601557070457e+01,0.000000000000000000e+00,0.000000000000000000e+00
7.815245545854850207e+01,0.000000000000000000e+00,0.000000000000000000e+00
7.521893432269598634e+01,0.000000000000000000e+00,0.000000000000000000e+00
7.491669317423212249e+01,0.000000000000000000e+00,0.000000000000000000e+00
7.635677931615164482e+01,0.000000000000000000e+00,0.000000000000000000e+00
7.373777044067382747e+01,0.000000000000000000e+00,0.000000000000000000e+00
7.514019116093636796e+01,0.000000000000000000e+00,0.000000000000000000e+00
7.977109439841437677e+01,0.000000000000000000e+00,0.000000000000000000e+00
7.829857400797999389e+01,0.000000000000000000e+00,0.000000000000000000e+00
7.451456222241367300e+01,0.000000000000000000e+00,0.000000000000000000e+00
8.022331194248982911e+01,0.000000000000000000e+00,0.000000000000000000e+00
7.793213967972431533e+01,0.000000000000000000e+00,0.000000000000000000e+00
8.008363361400064662e+01,0.000000000000000000e+00,0.000000000000000000e+00
7.383317362280580198e+01,0.000000000000000000e+00,0.000000000000000000e+00
7.397140230491457658e+01,0.000000000000000000e+00,0.000000000000000000e+00
7.742188033867411434e+01,0.000000000000000000e+00,0.000000000000000000e+00
7.642047255856925858e+01,0.000000000000000000e+00,0.000000000000000000e+00
7.676847376817019608e+01,0.000000000000000000e+00,0.000000000000000000e+00
7.865321329465636779e+01,0.000000000000000000e+00,0.000000000000000000e+00
7.718568238603906195e+01,0.000000000000000000e+00,0.000000000000000000e+00
7.378582009259987728e+01,0.000000000000000000e+00,0.000000000000000000e+00
7.326427444870920169e+01,0.000000000000000000e+00,0.000000000000000000e+00
7.553481447500631418e+01,0.000000000000000000e+00,0.000000000000000000e+00
7.536128350584048974e+01,0.000000000000000000e+00,0.000000000000000000e+00
7.832181415670196145e+01,0.000000000000000000e+00,0.000000000000000000e+00
7.710062579343960465e+01,0.000000000000000000e+00,0.000000000000000000e+00
7.701202688959266141e+01,0.000000000000000000e+00,0.000000000000000000e+00
7.644159136080065764e+01,0.000000000000000000e+00,0.000000000000000000e+00
7.435361026969077614e+01,0.000000000000000000e+00,0.000000000000000000e+00
7.845897218835074227e+01,0.000000000000000000e+00,0.000000000000000000e+00
7.493776267838917704e+01,0.000000000000000000e+00,0.000000000000000000e+00
7.917731449238870312e+01,0.000000000000000000e+00,0.000000000000000000e+00
7.738770174901591758e+01,0.000000000000000000e+00,0.000000000000000000e+00
7.650648478713841882e+01,0.000000000000000000e+00,0.000000000000000000e+00
7.727003846869520487e+01,0.000000000000000000e+00,0.000000000000000000e+00
7.324069767109234874e+01,0.000000000000000000e+00,0.000000000000000000e+00
7.839889237675809852e+01,0.000000000000000000e+00,0.000000000000000000e+00
7.989611001731789486e+01,0.000000000000000000e+00,0.000000000000000000e+00
7.390227305960635817e+01,0.000000000000000000e+00,0.000000000000000000e+00
7.896837103953028247e+01,0.000000000000000000e+00,0.000000000000000000e+00
7.647877149480900982e+01,0.000000000000000000e+00,0.000000000000000000e+00
7.848706678630327360e+01,0.000000000000000000e+00,0.000000000000000000e+00
7.949250799655644073e+01,0.000000000000000000e+00,0.000000000000000000e+00
7.778602549796940480e+01,0.000000000000000000e+00,0.000000000000000000e+00
7.772559893639771644e+01,0.000000000000000000e+00,0.000000000000000000e+00
7.628869186808289271e+01,0.000000000000000000e+00,0.000000000000000000e+00
7.917008818241225754e+01,0.000000000000000000e+00,0.000000000000000000e+00
7.674282847685826425e+01,0.000000000000000000e+00,0.000000000000000000e+00
7.597835684167370118e+01,0.000000000000000000e+00,0.000000000000000000e+00
7.439635479672890028e+01,0.000000000000000000e+00,0.000000000000000000e+00
8.036047168562404863e+01,0.000000000000000000e+00,0.000000000000000000e+00
7.977680953036326628e+01,0.000000000000000000e+00,0.000000000000000000e+00
7.833318974443790239e+01,0.000000000000000000e+00,0.000000000000000000e+00
8.101125767655747723e+01,0.000000000000000000e+00,0.000000000000000000e+00
7.638274536252596647e+01,0.000000000000000000e+00,0.000000000000000000e+00
8.016540245600764081e+01,0.000000000000000000e+00,0.000000000000000000e+00
7.785006418287474617e+01,0.000000000000000000e+00,0.000000000000000000e+00
7.706214326432339590e+01,0.000000000000000000e+00,0.000000000000000000e+00
8.025853911393740248e+01,0.000000000000000000e+00,0.000000000000000000e+00
7.402293677692576068e+01,0.000000000000000000e+00,0.000000000000000000e+00
7.571304063053403866e+01,0.000000000000000000e+00,0.000000000000000000e+00
7.816523511992784279e+01,0.000000000000000000e+00,0.000000000000000000e+00
7.899214054396276197e+01,0.000000000000000000e+00,0.000000000000000000e+00
8.038054440458043359e+01,0.000000000000000000e+00,0.000000000000000000e+00
7.977320883736808810e+01,0.000000000000000000e+00,0.000000000000000000e+00
7.801362724229078083e+01,0.000000000000000000e+00,0.000000000000000000e+00
7.774997506115688850e+01,0.000000000000000000e+00,0.000000000000000000e+00
7.673305183253431494e+01,0.000000000000000000e+00,0.000000000000000000e+00
7.650527576994799972e+01,0.000000000000000000e+00,0.000000000000000000e+00
7.728585240364557762e+01,0.000000000000000000e+00,0.000000000000000000e+00
8.033155165542650877e+01,0.000000000000000000e+00,0.000000000000000000e+00
7.614691206183350403e+01,0.000000000000000000e+00,0.000000000000000000e+00
7.828597735043565820e+01,0.000000000000000000e+00,0.000000000000000000e+00
8.069476357525996946e+01,0.000000000000000000e+00,0.000000000000000000e+00
8.007289127235564763e+01,0.000000000000000000e+00,0.000000000000000000e+00
7.748743373835138470e+01,0.000000000000000000e+00,0.000000000000000000e+00
7.865123609114456826e+01,0.000000000000000000e+00,0.000000000000000000e+00
7.638223295752689523e+01,0.000000000000000000e+00,0.000000000000000000e+00
7.703566525408672305e+01,0.000000000000000000e+00,0.000000000000000000e+00
7.899317362087552397e+01,0.000000000000000000e+00,0.000000000000000000e+00
8.000480529492864434e+01,0.000000000000000000e+00,0.000000000000000000e+00
7.887792560525166152e+01,0.000000000000000000e+00,0.000000000000000000e+00
7.714657115144932220e+01,0.000000000000000000e+00,0.000000000000000000e+00
7.349926946856271570e+01,0.000000000000000000e+00,0.000000000000000000e+00
8.033677276005036560e+01,0.000000000000000000e+00,0.000000000000000000e+00
7.557839606969413637e+01,0.000000000000000000e+00,0.000000000000000000e+00
7.873029426085508931e+01,0.000000000000000000e+00,0.000000000000000000e+00
7.984535073462458854e+01,0.000000000000000000e+00,0.000000000000000000e+00
7.988313584194962402e+01,0.000000000000000000e+00,0.000000000000000000e+00
8.085291974310342766e+01,0.000000000000000000e+00,0.000000000000000000e+00
7.984046538218366607e+01,0.000000000000000000e+00,0.000000000000000000e+00
7.734875944473739651e+01,0.000000000000000000e+00,0.000000000000000000e+00
8.141165335450745033e+01,0.000000000000000000e+00,0.000000000000000000e+00
7.460856503224326275e+01,0.000000000000000000e+00,0.000000000000000000e+00
7.670840716517274416e+01,0.000000000000000000e+00,0.000000000000000000e+00
7.946344613146537483e+01,0.000000000000000000e+00,0.000000000000000000e+00
7.795959558641007447e+01,0.000000000000000000e+00,0.000000000000000000e+00
8.185107051263801736e+01,0.000000000000000000e+00,0.000000000000000000e+00
7.844639614972341235e+01,0.000000000000000000e+00,0.000000000000000000e+00
8.140261770959673981e+01,0.000000000000000000e+00,0.000000000000000000e+00
7.628309325173529487e+01,0.000000000000000000e+00,0.000000000000000000e+00
7.864614017520116818e+01,0.000000000000000000e+00,0.000000000000000000e+00
8.248448902894965329e+01,0.000000000000000000e+00,0.000000000000000000e+00
7.669011967529773699e+01,0.000000000000000000e+00,0.000000000000000000e+00
7.958116508480806317e+01,0.000000000000000000e+00,0.000000000000000000e+00
7.788928367462969504e+01,0.000000000000000000e+00,0.000000000000000000e+00
7.990283253762621030e+01,0.000000000000000000e+00,0.000000000000000000e+00
7.489740358976126799e+01,0.000000000000000000e+00,0.000000000000000000e+00
8.023683287442023016e+01,0.000000000000000000e+00,0.000000000000000000e+00
8.226113605538483853e+01,0.000000000000000000e+00,0.000000000000000000e+00
7.907740980788366869e+01,0.000000000000000000e+00,0.000000000000000000e+00
7.851162938836135652e+01,0.000000000000000000e+00,0.000000000000000000e+00
7.746141250400050637e+01,0.000000000000000000e+00,0.000000000000000000e+00
8.263265417745932950e+01,0.000000000000000000e+00,0.000000000000000000e+00
7.705131848167570752e+01,0.000000000000000000e+00,0.000000000000000000e+00
8.162678381733313415e+01,0.000000000000000000e+00,0.000000000000000000e+00
8.173356142845982220e+01,0.000000000000000000e+00,0.000000000000000000e+00
7.592692344912720159e+01,0.000000000000000000e+00,0.000000000000000000e+00
7.824343222576402468e+01,0.000000000000000000e+00,0.000000000000000000e+00
7.617289197599863826e+01,0.000000000000000000e+00,0.000000000000000000e+00
7.821525267767714240e+01,0.000000000000000000e+00,0.000000000000000000e+00
7.807167044682455526e+01,0.000000000000000000e+00,0.000000000000000000e+00
8.143264050101508644e+01,0.000000000000000000e+00,0.000000000000000000e+00
8.054047609593280299e+01,0.000000000000000000e+00,0.000000000000000000e+00
7.820161510328152588e+01,0.000000000000000000e+00,0.000000000000000000e+00
7.789867026178687581e+01,0.000000000000000000e+00,0.000000000000000000e+00
7.776442305015407896e+01,0.000000000000000000e+00,0.000000000000000000e+00
7.847553806856741687e+01,0.000000000000000000e+00,0.000000000000000000e+00
8.001089545086333032e+01,0.000000000000000000e+00,0.000000000000000000e+00
8.007722158962297954e+01,0.000000000000000000e+00,0.000000000000000000e+00
7.937221039756416019e+01,0.000000000000000000e+00,0.000000000000000000e+00
8.421761778053244996e+01,0.000000000000000000e+00,0.000000000000000000e+00
8.236670960525961505e+01,0.000000000000000000e+00,0.000000000000000000e+00
8.173153371875358175e+01,0.000000000000000000e+00,0.000000000000000000e+00
8.120942304428220382e+01,0.000000000000000000e+00,0.000000000000000000e+00
8.069603679328501755e+01,0.000000000000000000e+00,0.000000000000000000e+00
8.327532112314452206e+01,0.000000000000000000e+00,0.000000000000000000e+00
7.926785063617720084e+01,0.000000000000000000e+00,0.000000000000000000e+00
7.773510089959202674e+01,0.000000000000000000e+00,0.000000000000000000e+00
8.205795069949232357e+01,0.000000000000000000e+00,0.000000000000000000e+00
7.926283844207699758e+01,0.000000000000000000e+00,0.000000000000000000e+00
8.129470996638873714e+01,0.000000000000000000e+00,0.000000000000000000e+00
7.836627196168832654e+01,0.000000000000000000e+00,0.000000000000000000e+00
8.146162203086133502e+01,0.000000000000000000e+00,0.000000000000000000e+00
7.731628175477010245e+01,0.000000000000000000e+00,0.000000000000000000e+00
8.105960990444125969e+01,0.000000000000000000e+00,0.000000000000000000e+00
7.943462117745940532e+01,0.000000000000000000e+00,0.000000000000000000e+00
8.052892967053257678e+01,0.000000000000000000e+00,0.000000000000000000e+00
8.226021926906379633e+01,0.000000000000000000e+00,0.000000000000000000e+00
8.216826760928273643e+01,0.000000000000000000e+00,0.000000000000000000e+00
7.954629179271543649e+01,0.000000000000000000e+00,0.000000000000000000e+00
8.066362997238647381e+01,0.000000000000000000e+00,0.000000000000000000e+00
8.161682834154403565e+01,0.000000000000000000e+00,0.000000000000000000e+00
7.753425683282294756e+01,0.000000000000000000e+00,0.000000000000000000e+00
7.680948101853688570e+01,0.000000000000000000e+00,0.000000000000000000e+00
8.156748671008273277e+01,0.000000000000000000e+00,0.000000000000000000e+00
7.700450622247743127e+01,0.000000000000000000e+00,0.000000000000000000e+00
7.648006777562420666e+01,0.000000000000000000e+00,0.000000000000000000e+00
7.892851696184314392e+01,0.000000000000000000e+00,0.000000000000000000e+00
8.167212635372551688e+01,0.000000000000000000e+00,0.000000000000000000e+00
8.077948044385898640e+01,0.000000000000000000e+00,0.000000000000000000e+00
7.697609589117485029e+01,0.000000000000000000e+00,0.000000000000000000e+00
8.267051356557331587e+01,0.000000000000000000e+00,0.000000000000000000e+00
8.023277949906487549e+01,0.000000000000000000e+00,0.000000000000000000e+00
8.016959310104905967e+01,0.000000000000000000e+00,0.000000000000000000e+00
8.055538282582924126e+01,0.000000000000000000e+00,0.000000000000000000e+00
7.858602915995187743e+01,0.000000000000000000e+00,0.000000000000000000e+00
8.315127278992405024e+01,0.000000000000000000e+00,0.000000000000000000e+00
7.969582437692322685e+01,0.000000000000000000e+00,0.000000000000000000e+00
7.980330436424289076e+01,0.000000000000000000e+00,0.000000000000000000e+00
7.916234414204231484e+01,0.000000000000000000e+00,0.000000000000000000e+00
8.281341052917167644e+01,0.000000000000000000e+00,0.000000000000000000e+00
7.906628996036207013e+01,0.000000000000000000e+00,0.000000000000000000e+00
7.920129269232603519e+01,0.000000000000000000e+00,0.000000000000000000e+00
7.891775264216842345e+01,0.000000000000000000e+00,0.000000000000000000e+00
7.899915169500593493e+01,0.000000000000000000e+00,0.000000000000000000e+00
8.226326742483750820e+01,0.000000000000000000e+00,0.000000000000000000e+00
7.817758986264135501e+01,0.000000000000000000e+00,0.000000000000000000e+00
8.134989020142839422e+01,0.000000000000000000e+00,0.000000000000000000e+00
8.006577118888888833e+01,0.000000000000000000e+00,0.000000000000000000e+00
7.851867918206771435e+01,0.000000000000000000e+00,0.000000000000000000e+00
7.848300856910616119e+01,0.000000000000000000e+00,0.000000000000000000e+00
8.067052991382473692e+01,0.000000000000000000e+00,0.000000000000000000e+00
7.766070607500836331e+01,0.000000000000000000e+00,0.000000000000000000e+00
7.941713332666380154e+01,0.000000000000000000e+00,0.000000000000000000e+00
8.017902577877320880e+01,0.000000000000000000e+00,0.000000000000000000e+00
7.609365958019640175e+01,0.000000000000000000e+00,0.000000000000000000e+00
8.098631305677923820e+01,0.000000000000000000e+00,0.000000000000000000e+00
8.043089751292498590e+01,0.000000000000000000e+00,0.000000000000000000e+00
7.721016162837413788e+01,0.000000000000000000e+00,0.000000000000000000e+00
7.463518471127888176e+01,0.000000000000000000e+00,0.000000000000000000e+00
7.996571700986292797e+01,0.000000000000000000e+00,0.000000000000000000e+00
8.138615775799684116e+01,0.000000000000000000e+00,0.000000000000000000e+00
8.099264609995790920e+01,0.000000000000000000e+00,0.000000000000000000e+00
8.102883846763727149e+01,0.000000000000000000e+00,0.000000000000000000e+00
7.592074211028986497e+01,0.000000000000000000e+00,0.000000000000000000e+00
8.104491468341969096e+01,0.000000000000000000e+00,0.000000000000000000e+00
8.076486137801728660e+01,0.000000000000000000e+00,0.000000000000000000e+00
7.849404673794019516e+01,0.000000000000000000e+00,0.000000000000000000e+00
7.876690727277656379e+01,0.000000000000000000e+00,0.000000000000000000e+00
7.587333148725906540e+01,0.000000000000000000e+00,0.000000000000000000e+00
7.977182664922362676e+01,0.000000000000000000e+00,0.000000000000000000e+00
7.651731573855234103e+01,0.000000000000000000e+00,0.000000000000000000e+00
8.429956828133317970e+01,0.000000000000000000e+00,0.000000000000000000e+00
8.420375050719141541e+01,0.000000000000000000e+00,0.000000000000000000e+00
7.716915259764893165e+01,0.000000000000000000e+00,0.000000000000000000e+00
8.085748978499876216e+01,0.000000000000000000e+00,0.000000000000000000e+00
7.886671897795994823e+01,0.000000000000000000e+00,0.000000000000000000e+00
7.913834647602836014e+01,0.000000000000000000e+00,0.000000000000000000e+00
7.776663990946344995e+01,0.000000000000000000e+00,0.000000000000000000e+00
7.950309946514983039e+01,0.000000000000000000e+00,0.000000000000000000e+00
8.103467353725562816e+01,0.000000000000000000e+00,0.000000000000000000e+00
7.939904059654018909e+01,0.000000000000000000e+00,0.000000000000000000e+00
8.406613585401258604e+01,0.000000000000000000e+00,0.000000000000000000e+00
8.212586949553298155e+01,0.000000000000000000e+00,0.000000000000000000e+00
8.172715594155802421e+01,0.000000000000000000e+00,0.000000000000000000e+00
8.153129115493318579e+01,0.000000000000000000e+00,0.000000000000000000e+00
7.743674046511486608e+01,0.000000000000000000e+00,0.000000000000000000e+00
7.706379679511137226e+01,0.000000000000000000e+00,0.000000000000000000e+00
7.859332273515417455e+01,0.000000000000000000e+00,0.000000000000000000e+00
7.756411273456502897e+01,0.000000000000000000e+00,0.000000000000000000e+00
8.049831072410331956e+01,0.000000000000000000e+00,0.000000000000000000e+00
8.377802639731368117e+01,0.000000000000000000e+00,0.000000000000000000e+00
7.767522665525922321e+01,0.000000000000000000e+00,0.000000000000000000e+00
7.820378637460447635e+01,0.000000000000000000e+00,0.000000000000000000e+00
7.947051852418003648e+01,0.000000000000000000e+00,0.000000000000000000e+00
8.168962833414454394e+01,0.000000000000000000e+00,0.000000000000000000e+00
7.906986954101606102e+01,0.000000000000000000e+00,0.000000000000000000e+00
8.107094254830626312e+01,0.000000000000000000e+00,0.000000000000000000e+00
7.859194111504432101e+01,0.000000000000000000e+00,0.000000000000000000e+00
7.978732526684738957e+01,0.000000000000000000e+00,0.000000000000000000e+00
7.825863433269606162e+01,0.000000000000000000e+00,0.000000000000000000e+00
7.889026604790031172e+01,0.000000000000000000e+00,0.000000000000000000e+00
7.825657054542270430e+01,0.000000000000000000e+00,0.000000000000000000e+00
8.007657446840764237e+01,0.000000000000000000e+00,0.000000000000000000e+00
8.173581011709460142e+01,0.000000000000000000e+00,0.000000000000000000e+00
7.950779202186828343e+01,0.000000000000000000e+00,0.000000000000000000e+00
7.976868148156694360e+01,0.000000000000000000e+00,0.000000000000000000e+00
7.910283797782342674e+01,0.000000000000000000e+00,0.000000000000000000e+00
8.123744514655753335e+01,0.000000000000000000e+00,0.000000000000000000e+00
8.216436812900907682e+01,0.000000000000000000e+00,0.000000000000000000e+00
7.644930931035884214e+01,0.000000000000000000e+00,0.000000000000000000e+00
8.075418983055290312e+01,0.000000000000000000e+00,0.000000000000000000e+00
7.895457038935163041e+01,0.000000000000000000e+00,0.000000000000000000e+00
8.019052576932774912e+01,0.000000000000000000e+00,0.000000000000000000e+00
7.930397669882457024e+01,0.000000000000000000e+00,0.000000000000000000e+00
7.890729685007414673e+01,0.000000000000000000e+00,0.000000000000000000e+00
8.217623870623427251e+01,0.000000000000000000e+00,0.000000000000000000e+00
8.338699067029976675e+01,0.000000000000000000e+00,0.000000000000000000e+00
8.199422845110584035e+01,0.000000000000000000e+00,0.000000000000000000e+00
7.741568731157445882e+01,0.000000000000000000e+00,0.000000000000000000e+00
8.050084438833849276e+01,0.000000000000000000e+00,0.000000000000000000e+00
7.959124710569632555e+01,0.000000000000000000e+00,0.000000000000000000e+00
8.004098897873861063e+01,0.000000000000000000e+00,0.000000000000000000e+00
8.080748789729067028e+01,0.000000000000000000e+00,0.000000000000000000e+00
8.060494794016501885e+01,0.000000000000000000e+00,0.000000000000000000e+00
8.137073042766188280e+01,0.000000000000000000e+00,0.000000000000000000e+00
8.337008756437630552e+01,0.000000000000000000e+00,0.000000000000000000e+00
7.714562560369250832e+01,0.000000000000000000e+00,0.000000000000000000e+00
7.933203666596655523e+01,0.000000000000000000e+00,0.000000000000000000e+00
7.769593498879009985e+01,0.000000000000000000e+00,0.000000000000000000e+00
7.966454518474205315e+01,0.000000000000000000e+00,0.000000000000000000e+00
7.879453319358353269e+01,0.000000000000000000e+00,0.000000000000000000e+00
7.961635600976731553e+01,0.000000000000000000e+00,0.000000000000000000e+00
8.103700334088728141e+01,0.000000000000000000e+00,0.000000000000000000e+00
7.476708955875773199e+01,0.000000000000000000e+00,0.000000000000000000e+00
7.697744058545831081e+01,0.000000000000000000e+00,0.000000000000000000e+00
7.768325184445060927e+01,0.000000000000000000e+00,0.000000000000000000e+00
8.232723691389107046e+01,0.000000000000000000e+00,0.000000000000000000e+00
8.092675583483783441e+01,0.000000000000000000e+00,0.000000000000000000e+00
7.832534192314679444e+01,0.000000000000000000e+00,0.000000000000000000e+00
7.865720034601505972e+01,0.000000000000000000e+00,0.000000000000000000e+00
7.847314888988312021e+01,0.000000000000000000e+00,0.000000000000000000e+00
7.650519021507567174e+01,0.000000000000000000e+00,0.000000000000000000e+00
7.924673511798448544e+01,0.000000000000000000e+00,0.000000000000000000e+00
7.605699021510403668e+01,0.000000000000000000e+00,0.000000000000000000e+00
8.049044380392247433e+01,0.000000000000000000e+00,0.000000000000000000e+00
7.965404777782039503e+01,0.000000000000000000e+00,0.000000000000000000e+00
7.602945339927873647e+01,0.000000000000000000e+00,0.000000000000000000e+00
7.913838492551656145e+01,0.000000000000000000e+00,0.000000000000000000e+00
7.541534874109483155e+01,0.000000000000000000e+00,0.000000000000000000e+00
7.713123591806258617e+01,0.000000000000000000e+00,0.000000000000000000e+00
7.729404352317708060e+01,0.000000000000000000e+00,0.000000000000000000e+00
8.109672825198619250e+01,0.000000000000000000e+00,0.000000000000000000e+00
8.096443454832903797e+01,0.000000000000000000e+00,0.000000000000000000e+00
8.046359804844104247e+01,0.000000000000000000e+00,0.000000000000000000e+00
8.044890535034267032e+01,0.000000000000000000e+00,0.000000000000000000e+00
7.976820487783980695e+01,0.000000000000000000e+00,0.000000000000000000e+00
7.717722026311328420e+01,0.000000000000000000e+00,0.000000000000000000e+00
7.896047478098232375e+01,0.000000000000000000e+00,0.000000000000000000e+00
8.004365048065898236e+01,0.000000000000000000e+00,0.000000000000000000e+00
8.006077551424816363e+01,0.000000000000000000e+00,0.000000000000000000e+00
8.008372357365350069e+01,0.000000000000000000e+00,0.000000000000000000e+00
7.683157645157994864e+01,0.000000000000000000e+00,0.000000000000000000e+00
7.726849580607991186e+01,0.000000000000000000e+00,0.000000000000000000e+00
7.553697509934202969e+01,0.000000000000000000e+00,0.000000000000000000e+00
8.372912649768930748e+01,0.000000000000000000e+00,0.000000000000000000e+00
8.036139441422142227e+01,0.000000000000000000e+00,0.000000000000000000e+00
7.426999744598843733e+01,0.000000000000000000e+00,0.000000000000000000e+00
7.883598571955764100e+01,0.000000000000000000e+00,0.000000000000000000e+00
8.133378530824799668e+01,0.000000000000000000e+00,0.000000000000000000e+00
7.863988533399111702e+01,0.000000000000000000e+00,0.000000000000000000e+00
7.973570305873701614e+01,0.000000000000000000e+00,0.000000000000000000e+00
7.985890911993188013e+01,0.000000000000000000e+00,0.000000000000000000e+00
7.972079905971713742e+01,0.000000000000000000e+00,0.000000000000000000e+00
7.951129749811846636e+01,0.000000000000000000e+00,0.000000000000000000e+00
7.876804426741885834e+01,0.000000000000000000e+00,0.000000000000000000e+00
7.964975204979781154e+01,0.000000000000000000e+00,0.000000000000000000e+00
7.450788255878046584e+01,0.000000000000000000e+00,0.000000000000000000e+00
7.981790355210716825e+01,0.000000000000000000e+00,0.000000000000000000e+00
7.919763774735943684e+01,0.000000000000000000e+00,0.000000000000000000e+00
8.503063728241134811e+01,0.000000000000000000e+00,0.000000000000000000e+00
7.843029663108347904e+01,0.000000000000000000e+00,0.000000000000000000e+00
7.733248415390477248e+01,0.000000000000000000e+00,0.000000000000000000e+00
7.950471687338979621e+01,0.000000000000000000e+00,0.000000000000000000e+00
7.730004885333239883e+01,0.000000000000000000e+00,0.000000000000000000e+00
7.902398252383204635e+01,0.000000000000000000e+00,0.000000000000000000e+00
7.841045288179206807e+01,0.000000000000000000e+00,0.000000000000000000e+00
8.061465499416554792e+01,0.000000000000000000e+00,0.000000000000000000e+00
7.811642664100628508e+01,0.000000000000000000e+00,0.000000000000000000e+00
8.064494523108632507e+01,0.000000000000000000e+00,0.000000000000000000e+00
7.985644290338180440e+01,0.000000000000000000e+00,0.000000000000000000e+00
7.816326024972453013e+01,0.000000000000000000e+00,0.000000000000000000e+00
7.951299929974523195e+01,0.000000000000000000e+00,0.000000000000000000e+00
7.673833179191694853e+01,0.000000000000000000e+00,0.000000000000000000e+00
7.492247722258011322e+01,0.000000000000000000e+00,0.000000000000000000e+00
7.819396810460111169e+01,0.000000000000000000e+00,0.000000000000000000e+00
7.918972822614993845e+01,0.000000000000000000e+00,0.000000000000000000e+00
7.962238698770862300e+01,0.000000000000000000e+00,0.000000000000000000e+00
7.714498680681604981e+01,0.000000000000000000e+00,0.000000000000000000e+00
7.702247741139768777e+01,0.000000000000000000e+00,0.000000000000000000e+00
7.788785021083499771e+01,0.000000000000000000e+00,0.000000000000000000e+00
7.651937714602783558e+01,0.000000000000000000e+00,0.000000000000000000e+00
7.198138705774468349e+01,0.000000000000000000e+00,0.000000000000000000e+00
7.693180059754909905e+01,0.000000000000000000e+00,0.000000000000000000e+00
7.484427712233066643e+01,0.000000000000000000e+00,0.000000000000000000e+00
7.480402221937393392e+01,0.000000000000000000e+00,0.000000000000000000e+00
8.036670194450405802e+01,0.000000000000000000e+00,0.000000000000000000e+00
7.876372526539866215e+01,0.000000000000000000e+00,0.000000000000000000e+00
7.609740428811517177e+01,0.000000000000000000e+00,0.000000000000000000e+00
7.457899016122081548e+01,0.000000000000000000e+00,0.000000000000000000e+00
8.070033448236597451e+01,0.000000000000000000e+00,0.000000000000000000e+00
7.904347971722434352e+01,0.000000000000000000e+00,0.000000000000000000e+00
7.704040515325671379e+01,0.000000000000000000e+00,0.000000000000000000e+00
7.923036992970885706e+01,0.000000000000000000e+00,0.000000000000000000e+00
7.725174924010508448e+01,0.000000000000000000e+00,0.000000000000000000e+00
7.608886731130796477e+01,0.000000000000000000e+00,0.000000000000000000e+00
8.094709351837255440e+01,0.000000000000000000e+00,0.000000000000000000e+00
7.699685279507914970e+01,0.000000000000000000e+00,0.000000000000000000e+00
7.902483000378909139e+01,0.000000000000000000e+00,0.000000000000000000e+00
7.282579927304036005e+01,0.000000000000000000e+00,0.000000000000000000e+00
7.923493205817585761e+01,0.000000000000000000e+00,0.000000000000000000e+00
7.574905840302211857e+01,0.000000000000000000e+00,0.000000000000000000e+00
7.569610470548796854e+01,0.000000000000000000e+00,0.000000000000000000e+00
7.544573641879743775e+01,0.000000000000000000e+00,0.000000000000000000e+00
8.031673179510549687e+01,0.000000000000000000e+00,0.000000000000000000e+00
8.040418524325973237e+01,0.000000000000000000e+00,0.000000000000000000e+00
7.578975950041981946e+01,0.000000000000000000e+00,0.000000000000000000e+00
7.693880718054779777e+01,0.000000000000000000e+00,0.000000000000000000e+00
8.041050739227216582e+01,0.000000000000000000e+00,0.000000000000000000e+00
7.832163728319017082e+01,0.000000000000000000e+00,0.000000000000000000e+00
7.711608030840621097e+01,0.000000000000000000e+00,0.000000000000000000e+00
7.698177474391464159e+01,0.000000000000000000e+00,0.000000000000000000e+00
7.772572583552965853e+01,0.000000000000000000e+00,0.000000000000000000e+00
7.710483087335357766e+01,0.000000000000000000e+00,0.000000000000000000e+00
7.902997673960875602e+01,0.000000000000000000e+00,0.000000000000000000e+00
7.871170799469605583e+01,0.000000000000000000e+00,0.000000000000000000e+00
7.830497743451148551e+01,0.000000000000000000e+00,0.000000000000000000e+00
7.663701990817384058e+01,0.000000000000000000e+00,0.000000000000000000e+00
7.887151690946929250e+01,0.000000000000000000e+00,0.000000000000000000e+00
7.469462401779041727e+01,0.000000000000000000e+00,0.000000000000000000e+00
7.722990063654235371e+01,0.000000000000000000e+00,0.000000000000000000e+00
7.727527519763870600e+01,0.000000000000000000e+00,0.000000000000000000e+00
7.752913592255420383e+01,0.000000000000000000e+00,0.000000000000000000e+00
7.653675000352841096e+01,0.000000000000000000e+00,0.000000000000000000e+00
7.738783015874956561e+01,0.000000000000000000e+00,0.000000000000000000e+00
7.513162928177052891e+01,0.000000000000000000e+00,0.000000000000000000e+00
7.687526602133563358e+01,0.000000000000000000e+00,0.000000000000000000e+00
7.690594185121770465e+01,0.000000000000000000e+00,0.000000000000000000e+00
7.809002367074995732e+01,0.000000000000000000e+00,0.000000000000000000e+00
7.801406723872791815e+01,0.000000000000000000e+00,0.000000000000000000e+00
7.620992905389591954e+01,0.000000000000000000e+00,0.000000000000000000e+00
7.554666140308646050e+01,0.000000000000000000e+00,0.000000000000000000e+00
7.808446763721592276e+01,0.000000000000000000e+00,0.000000000000000000e+00
7.927742239401970892e+01,0.000000000000000000e+00,0.000000000000000000e+00
7.556568307521402517e+01,0.000000000000000000e+00,0.000000000000000000e+00
7.602329818625985070e+01,0.000000000000000000e+00,0.000000000000000000e+00
7.355500499215413868e+01,0.000000000000000000e+00,0.000000000000000000e+00
7.597560370602080582e+01,0.000000000000000000e+00,0.000000000000000000e+00
7.714493795618901117e+01,0.000000000000000000e+00,0.000000000000000000e+00
7.828650366148224293e+01,0.000000000000000000e+00,0.000000000000000000e+00
7.274777415206233400e+01,0.000000000000000000e+00,0.000000000000000000e+00
7.647105772108155008e+01,0.000000000000000000e+00,0.000000000000000000e+00
8.057387686427492213e+01,0.000000000000000000e+00,0.000000000000000000e+00
7.477315764839327983e+01,0.000000000000000000e+00,0.000000000000000000e+00
7.962651260117478103e+01,0.000000000000000000e+00,0.000000000000000000e+00
7.857702274958283795e+01,0.000000000000000000e+00,0.000000000000000000e+00
7.435531243552891567e+01,0.000000000000000000e+00,0.000000000000000000e+00
7.942255787551117407e+01,0.000000000000000000e+00,0.000000000000000000e+00
7.366741675182613847e+01,0.000000000000000000e+00,0.000000000000000000e+00
7.463486595386876843e+01,0.000000000000000000e+00,0.000000000000000000e+00
7.435369507438591086e+01,0.000000000000000000e+00,0.000000000000000000e+00
7.273162131639089978e+01,0.000000000000000000e+00,0.000000000000000000e+00
7.666490495944658790e+01,0.000000000000000000e+00,0.000000000000000000e+00
7.422198627890541900e+01,0.000000000000000000e+00,0.000000000000000000e+00
7.819531969401252525e+01,0.000000000000000000e+00,0.000000000000000000e+00
7.263035893502389229e+01,0.000000000000000000e+00,0.000000000000000000e+00
7.537654867642285694e+01,0.000000000000000000e+00,0.000000000000000000e+00
7.482953702397269069e+01,0.000000000000000000e+00,0.000000000000000000e+00
7.589711872289346672e+01,0.000000000000000000e+00,0.000000000000000000e+00
7.869026375882991431e+01,0.000000000000000000e+00,0.000000000000000000e+00
7.583759525950283376e+01,0.000000000000000000e+00,0.000000000000000000e+00
7.778519676687251660e+01,0.000000000000000000e+00,0.000000000000000000e+00
7.840658058130304653e+01,0.000000000000000000e+00,0.000000000000000000e+00
7.781763294001480347e+01,0.000000000000000000e+00,0.000000000000000000e+00
7.444494910853252634e+01,0.000000000000000000e+00,0.000000000000000000e+00
7.905713486429752379e+01,0.000000000000000000e+00,0.000000000000000000e+00
7.659077718220166275e+01,0.000000000000000000e+00,0.000000000000000000e+00
7.452839723241345382e+01,0.000000000000000000e+00,0.000000000000000000e+00
7.467228781134683402e+01,0.000000000000000000e+00,0.000000000000000000e+00
7.394222851791269591e+01,0.000000000000000000e+00,0.000000000000000000e+00
7.575608708905693334e+01,0.000000000000000000e+00,0.000000000000000000e+00
7.413998446492210803e+01,0.000000000000000000e+00,0.000000000000000000e+00
7.245547693959564128e+01,0.000000000000000000e+00,0.000000000000000000e+00
7.880298890790756161e+01,0.000000000000000000e+00,0.000000000000000000e+00
7.707571285750297818e+01,0.000000000000000000e+00,0.000000000000000000e+00
7.368500529915289121e+01,0.000000000000000000e+00,0.000000000000000000e+00
7.368305302828093772e+01,0.000000000000000000e+00,0.000000000000000000e+00
7.678393225632670749e+01,0.000000000000000000e+00,0.000000000000000000e+00
7.048405743526232925e+01,0.000000000000000000e+00,0.000000000000000000e+00
7.241510335636387197e+01,0.000000000000000000e+00,0.000000000000000000e+00
7.252730373633383465e+01,0.000000000000000000e+00,0.000000000000000000e+00
7.025471392393954773e+01,0.000000000000000000e+00,0.000000000000000000e+00
7.378000777341739536e+01,0.000000000000000000e+00,0.000000000000000000e+00
7.199624022171830973e+01,0.000000000000000000e+00,0.000000000000000000e+00
7.586586753634102820e+01,0.000000000000000000e+00,0.000000000000000000e+00
6.988370547676858280e+01,0.000000000000000000e+00,0.000000000000000000e+00
7.408138499215375816e+01,0.000000000000000000e+00,0.000000000000000000e+00
7.011479278878303489e+01,0.000000000000000000e+00,0.000000000000000000e+00
6.830397988548737942e+01,0.000000000000000000e+00,0.000000000000000000e+00
7.123134260812184948e+01,0.000000000000000000e+00,0.000000000000000000e+00
7.331003018858226028e+01,0.000000000000000000e+00,0.000000000000000000e+00
7.324085630893590348e+01,0.000000000000000000e+00,0.000000000000000000e+00
7.366670862123183383e+01,0.000000000000000000e+00,0.000000000000000000e+00
7.217985410202642527e+01,0.000000000000000000e+00,0.000000000000000000e+00
7.427363297219217486e+01,0.000000000000000000e+00,0.000000000000000000e+00
7.354789315394832272e+01,0.000000000000000000e+00,0.000000000000000000e+00
7.184496846146349469e+01,0.000000000000000000e+00,0.000000000000000000e+00
7.878410892276390598e+01,0.000000000000000000e+00,0.000000000000000000e+00
7.404259542865077037e+01,0.000000000000000000e+00,0.000000000000000000e+00
7.004322160865025637e+01,0.000000000000000000e+00,0.000000000000000000e+00
7.410141996749825921e+01,0.000000000000000000e+00,0.000000000000000000e+00
7.543569177730307729e+01,0.000000000000000000e+00,0.000000000000000000e+00
7.279178022263003811e+01,0.000000000000000000e+00,0.000000000000000000e+00
7.328632413435312287e+01,0.000000000000000000e+00,0.000000000000000000e+00
6.980874408985684454e+01,0.000000000000000000e+00,0.000000000000000000e+00
7.072681072888376264e+01,0.000000000000000000e+00,0.000000000000000000e+00
7.123164677570490255e+01,0.000000000000000000e+00,0.000000000000000000e+00
7.030582857780002826e+01,0.000000000000000000e+00,0.000000000000000000e+00
7.288277019954041691e+01,0.000000000000000000e+00,0.000000000000000000e+00
7.362592669101863407e+01,0.000000000000000000e+00,0.000000000000000000e+00
7.335995738330161942e+01,0.000000000000000000e+00,0.000000000000000000e+00
7.536801341447608138e+01,0.000000000000000000e+00,0.000000000000000000e+00
7.180688194169400163e+01,0.000000000000000000e+00,0.000000000000000000e+00
7.441161868782890565e+01,0.000000000000000000e+00,0.000000000000000000e+00
7.174814515325228115e+01,0.000000000000000000e+00,0.000000000000000000e+00
7.283651171011952385e+01,0.000000000000000000e+00,0.000000000000000000e+00
7.197795955525120348e+01,0.000000000000000000e+00,0.000000000000000000e+00
7.037693112869702361e+01,0.000000000000000000e+00,0.000000000000000000e+00
7.240576125629530679e+01,0.000000000000000000e+00,0.000000000000000000e+00
7.093384805507335500e+01,0.000000000000000000e+00,0.000000000000000000e+00
7.132655557892151421e+01,0.000000000000000000e+00,0.000000000000000000e+00
7.226628328260112255e+01,0.000000000000000000e+00,0.000000000000000000e+00
7.472612524800052825e+01,0.000000000000000000e+00,0.000000000000000000e+00
6.961255053961787098e+01,0.000000000000000000e+00,0.000000000000000000e+00
7.088090496523604145e+01,0.000000000000000000e+00,0.000000000000000000e+00
7.376905644416360985e+01,0.000000000000000000e+00,0.000000000000000000e+00
7.467254045972853760e+01,0.000000000000000000e+00,0.000000000000000000e+00
7.330989320519276475e+01,0.000000000000000000e+00,0.000000000000000000e+00
7.000034902236735945e+01,0.000000000000000000e+00,0.000000000000000000e+00
7.383729594425147980e+01,0.000000000000000000e+00,0.000000000000000000e+00
6.983051771337473212e+01,0.000000000000000000e+00,0.000000000000000000e+00
7.021573706221244038e+01,0.000000000000000000e+00,0.000000000000000000e+00
7.219459816033811705e+01,0.000000000000000000e+00,0.000000000000000000e+00
7.186942902979920689e+01,0.000000000000000000e+00,0.000000000000000000e+00
7.091931281637816653e+01,0.000000000000000000e+00,0.000000000000000000e+00
7.086656212771386265e+01,0.000000000000000000e+00,0.000000000000000000e+00
7.401956833092532406e+01,0.000000000000000000e+00,0.000000000000000000e+00
7.017506543091124627e+01,0.000000000000000000e+00,0.000000000000000000e+00
7.396527824168079235e+01,0.000000000000000000e+00,0.000000000000000000e+00
7.004498430369703499e+01,0.000000000000000000e+00,0.000000000000000000e+00
6.829553938084228548e+01,0.000000000000000000e+00,0.000000000000000000e+00
6.746783576405954364e+01,0.000000000000000000e+00,0.000000000000000000e+00
7.209109337006557894e+01,0.000000000000000000e+00,0.000000000000000000e+00
7.006390697185968008e+01,0.000000000000000000e+00,0.000000000000000000e+00
6.767158894599533880e+01,0.000000000000000000e+00,0.000000000000000000e+00
7.142483980920859210e+01,0.000000000000000000e+00,0.000000000000000000e+00
7.243371393882782172e+01,0.000000000000000000e+00,0.000000000000000000e+00
6.834077917384925627e+01,0.000000000000000000e+00,0.000000000000000000e+00
7.455628110840414990e+01,0.000000000000000000e+00,0.000000000000000000e+00
7.383545975769112601e+01,0.000000000000000000e+00,0.000000000000000000e+00
7.044783781737359618e+01,0.000000000000000000e+00,0.000000000000000000e+00
7.246369960095262286e+01,0.000000000000000000e+00,0.000000000000000000e+00
7.149620304631100964e+01,0.000000000000000000e+00,0.000000000000000000e+00
6.822352421177892268e+01,0.000000000000000000e+00,0.000000000000000000e+00
7.104549670324234967e+01,0.000000000000000000e+00,0.000000000000000000e+00
7.138949916049462274e+01,0.000000000000000000e+00,0.000000000000000000e+00
6.964249166600352225e+01,0.000000000000000000e+00,0.000000000000000000e+00
6.688152590689830390e+01,0.000000000000000000e+00,0.000000000000000000e+00
6.679768955576348333e+01,0.000000000000000000e+00,0.000000000000000000e+00
6.897538211309998246e+01,0.000000000000000000e+00,0.000000000000000000e+00
6.942625103711293377e+01,0.000000000000000000e+00,0.000000000000000000e+00
7.466860907983125628e+01,0.000000000000000000e+00,0.000000000000000000e+00
6.767845753733050174e+01,0.000000000000000000e+00,0.000000000000000000e+00
6.927832469476247468e+01,0.000000000000000000e+00,0.000000000000000000e+00
7.300001777621220356e+01,0.000000000000000000e+00,0.000000000000000000e+00
6.758318030464933202e+01,0.000000000000000000e+00,0.000000000000000000e+00
6.902706812693968175e+01,0.000000000000000000e+00,0.000000000000000000e+00
6.719651021326116336e+01,0.000000000000000000e+00,0.000000000000000000e+00
6.879881640838102896e+01,0.000000000000000000e+00,0.000000000000000000e+00
6.896013131262674278e+01,0.000000000000000000e+00,0.000000000000000000e+00
6.622146281411201585e+01,0.000000000000000000e+00,0.000000000000000000e+00
6.619719340549256970e+01,0.000000000000000000e+00,0.000000000000000000e+00
6.903893186575888308e+01,0.000000000000000000e+00,0.000000000000000000e+00
6.812806712851296709e+01,0.000000000000000000e+00,0.000000000000000000e+00
6.763237446046855439e+01,0.000000000000000000e+00,0.000000000000000000e+00
7.436201483565471904e+01,0.000000000000000000e+00,0.000000000000000000e+00
7.049310080381849275e+01,0.000000000000000000e+00,0.000000000000000000e+00
6.891172201706481815e+01,0.000000000000000000e+00,0.000000000000000000e+00
6.635287223905099552e+01,0.000000000000000000e+00,0.000000000000000000e+00
6.891396181312192937e+01,0.000000000000000000e+00,0.000000000000000000e+00
6.907393664549761070e+01,0.000000000000000000e+00,0.000000000000000000e+00
6.894826071889805519e+01,0.000000000000000000e+00,0.000000000000000000e+00
6.744115158208859384e+01,0.000000000000000000e+00,0.000000000000000000e+00
6.603473652080214151e+01,0.000000000000000000e+00,0.000000000000000000e+00
6.871323126617990340e+01,0.000000000000000000e+00,0.000000000000000000e+00
6.941479848285686671e+01,0.000000000000000000e+00,0.000000000000000000e+00
6.892132034663271156e+01,0.000000000000000000e+00,0.000000000000000000e+00
6.750657097953056507e+01,0.000000000000000000e+00,0.000000000000000000e+00
6.840885150974247608e+01,0.000000000000000000e+00,0.000000000000000000e+00
6.810249953914569687e+01,0.000000000000000000e+00,0.000000000000000000e+00
6.670042946509074966e+01,0.000000000000000000e+00,0.000000000000000000e+00
6.851744008574935663e+01,0.000000000000000000e+00,0.000000000000000000e+00
6.709057405213843595e+01,0.000000000000000000e+00,0.000000000000000000e+00
6.519020476386243956e+01,0.000000000000000000e+00,0.000000000000000000e+00
6.961420748117853918e+01,0.000000000000000000e+00,0.000000000000000000e+00
7.084323973745689784e+01,0.000000000000000000e+00,0.000000000000000000e+00
6.457375337349276379e+01,0.000000000000000000e+00,0.000000000000000000e+00
6.454739811219209855e+01,0.000000000000000000e+00,0.000000000000000000e+00
6.909245606472316581e+01,0.000000000000000000e+00,0.000000000000000000e+00
6.987088981615669070e+01,0.000000000000000000e+00,0.000000000000000000e+00
6.539130020809672317e+01,0.000000000000000000e+00,0.000000000000000000e+00
6.735023053169095419e+01,0.000000000000000000e+00,0.000000000000000000e+00
7.083941475735586835e+01,0.000000000000000000e+00,0.000000000000000000e+00
6.711422840390996214e+01,0.000000000000000000e+00,0.000000000000000000e+00
6.843441972364188075e+01,0.000000000000000000e+00,0.000000000000000000e+00
6.538305907054299837e+01,0.000000000000000000e+00,0.000000000000000000e+00
6.984206572351409648e+01,0.000000000000000000e+00,0.000000000000000000e+00
6.587443212000889048e+01,0.000000000000000000e+00,0.000000000000000000e+00
6.284785998367772208e+01,0.000000000000000000e+00,0.000000000000000000e+00
6.776249863483893421e+01,0.000000000000000000e+00,0.000000000000000000e+00
6.940072958883217780e+01,0.000000000000000000e+00,0.000000000000000000e+00
6.703394874772992296e+01,0.000000000000000000e+00,0.000000000000000000e+00
6.632164109674967278e+01,0.000000000000000000e+00,0.000000000000000000e+00
6.977506124035411972e+01,0.000000000000000000e+00,0.000000000000000000e+00
6.467042713849203039e+01,0.000000000000000000e+00,0.000000000000000000e+00
7.187972664436927062e+01,0.000000000000000000e+00,0.000000000000000000e+00
6.741058600034190817e+01,0.000000000000000000e+00,0.000000000000000000e+00
6.334370857221347251e+01,0.000000000000000000e+00,0.000000000000000000e+00
6.779707735620797848e+01,0.000000000000000000e+00,0.000000000000000000e+00
6.686188346628490820e+01,0.000000000000000000e+00,0.000000000000000000e+00
6.423423516073566475e+01,0.000000000000000000e+00,0.000000000000000000e+00
6.780126891098032615e+01,0.000000000000000000e+00,0.000000000000000000e+00
6.618657482884142951e+01,0.000000000000000000e+00,0.000000000000000000e+00
6.531230040336576792e+01,0.000000000000000000e+00,0.000000000000000000e+00
6.563160447667392816e+01,0.000000000000000000e+00,0.000000000000000000e+00
6.621097659940123492e+01,0.000000000000000000e+00,0.000000000000000000e+00
6.516324872975506821e+01,0.000000000000000000e+00,0.000000000000000000e+00
6.449446199838223492e+01,0.000000000000000000e+00,0.000000000000000000e+00
6.430351115057351308e+01,0.000000000000000000e+00,0.000000000000000000e+00
6.736894712165887711e+01,0.000000000000000000e+00,0.000000000000000000e+00
6.617578648372881389e+01,0.000000000000000000e+00,0.000000000000000000e+00
6.530636711445980325e+01,0.000000000000000000e+00,0.000000000000000000e+00
6.628786269582445811e+01,0.000000000000000000e+00,0.000000000000000000e+00
6.694609586963805725e+01,0.000000000000000000e+00,0.000000000000000000e+00
6.395939923219224710e+01,0.000000000000000000e+00,0.000000000000000000e+00
6.056941141643238780e+01,0.000000000000000000e+00,0.000000000000000000e+00
6.633770700724522840e+01,0.000000000000000000e+00,0.000000000000000000e+00
6.578407100046987921e+01,0.000000000000000000e+00,0.000000000000000000e+00
6.814481105880007306e+01,0.000000000000000000e+00,0.000000000000000000e+00
6.215836714598500379e+01,0.000000000000000000e+00,0.000000000000000000e+00
6.268252612425924042e+01,0.000000000000000000e+00,0.000000000000000000e+00
6.324700189208063250e+01,0.000000000000000000e+00,0.000000000000000000e+00
6.541705158505135387e+01,0.000000000000000000e+00,0.000000000000000000e+00
6.531889322655611352e+01,0.000000000000000000e+00,0.000000000000000000e+00
6.195241453453092362e+01,0.000000000000000000e+00,0.000000000000000000e+00
6.253210509301495534e+01,0.000000000000000000e+00,0.000000000000000000e+00
6.080262028948564534e+01,0.000000000000000000e+00,0.000000000000000000e+00
6.369946675022733018e+01,0.000000000000000000e+00,0.000000000000000000e+00
6.550362212015578223e+01,0.000000000000000000e+00,0.000000000000000000e+00
6.346400352359732722e+01,0.000000000000000000e+00,0.000000000000000000e+00
6.211315809917383746e+01,0.000000000000000000e+00,0.000000000000000000e+00
6.588618785656407795e+01,0.000000000000000000e+00,0.000000000000000000e+00
6.197008437866038122e+01,0.000000000000000000e+00,0.000000000000000000e+00
6.482899122493644484e+01,0.000000000000000000e+00,0.000000000000000000e+00
6.510393261484453831e+01,0.000000000000000000e+00,0.000000000000000000e+00
6.448005833203441739e+01,0.000000000000000000e+00,0.000000000000000000e+00
6.297961694010707845e+01,0.000000000000000000e+00,0.000000000000000000e+00
6.481398407270644668e+01,0.000000000000000000e+00,0.000000000000000000e+00
6.562302660815741717e+01,0.000000000000000000e+00,0.000000000000000000e+00
6.248133849491567560e+01,0.000000000000000000e+00,0.000000000000000000e+00
6.357754653886935614e+01,0.000000000000000000e+00,0.000000000000000000e+00
6.725969596419815844e+01,0.000000000000000000e+00,0.000000000000000000e+00
6.582366308657863385e+01,0.000000000000000000e+00,0.000000000000000000e+00
5.822173405735087215e+01,0.000000000000000000e+00,0.000000000000000000e+00
6.305171239454777776e+01,0.000000000000000000e+00,0.000000000000000000e+00
6.469371319954331057e+01,0.000000000000000000e+00,0.000000000000000000e+00
6.341693637097525027e+01,0.000000000000000000e+00,0.000000000000000000e+00
6.103222851344720112e+01,0.000000000000000000e+00,0.000000000000000000e+00
6.370446007149456591e+01,0.000000000000000000e+00,0.000000000000000000e+00
6.023696779287970315e+01,0.000000000000000000e+00,0.000000000000000000e+00
6.104311162014656134e+01,0.000000000000000000e+00,0.000000000000000000e+00
6.283394243503619236e+01,0.000000000000000000e+00,0.000000000000000000e+00
6.302095466479038777e+01,0.000000000000000000e+00,0.000000000000000000e+00
6.174341489174208419e+01,0.000000000000000000e+00,0.000000000000000000e+00
6.163842259149819114e+01,0.000000000000000000e+00,0.000000000000000000e+00
6.594392589570455243e+01,0.000000000000000000e+00,0.000000000000000000e+00
6.062743831456584331e+01,0.000000000000000000e+00,0.000000000000000000e+00
5.909669081264707557e+01,0.000000000000000000e+00,0.000000000000000000e+00
6.150012552778535024e+01,0.000000000000000000e+00,0.000000000000000000e+00
6.034067415903786724e+01,0.000000000000000000e+00,0.000000000000000000e+00
6.147170168283729907e+01,0.000000000000000000e+00,0.000000000000000000e+00
5.916848739770662746e+01,0.000000000000000000e+00,0.000000000000000000e+00
6.001290375905315244e+01,0.000000000000000000e+00,0.000000000000000000e+00
5.623149257423867198e+01,0.000000000000000000e+00,0.000000000000000000e+00
6.376944137701547533e+01,0.000000000000000000e+00,0.000000000000000000e+00
6.283766335824963534e+01,0.000000000000000000e+00,0.000000000000000000e+00
6.012899719858935299e+01,0.000000000000000000e+00,0.000000000000000000e+00
6.069421963156812438e+01,0.000000000000000000e+00,0.000000000000000000e+00
6.145463310386700329e+01,0.000000000000000000e+00,0.000000000000000000e+00
6.271489188665370307e+01,0.000000000000000000e+00,0.000000000000000000e+00
5.673028270891633440e+01,0.000000000000000000e+00,0.000000000000000000e+00
6.173836472301886147e+01,0.000000000000000000e+00,0.000000000000000000e+00
6.062716928253598780e+01,0.000000000000000000e+00,0.000000000000000000e+00
6.411848705584712604e+01,0.000000000000000000e+00,0.000000000000000000e+00
6.319916917743951501e+01,0.000000000000000000e+00,0.000000000000000000e+00
6.059535142391172968e+01,0.000000000000000000e+00,0.000000000000000000e+00
6.348745342308451001e+01,0.000000000000000000e+00,0.000000000000000000e+00
6.345540442250111823e+01,0.000000000000000000e+00,0.000000000000000000e+00
6.190874784042034662e+01,0.000000000000000000e+00,0.000000000000000000e+00
6.056333989670019236e+01,0.000000000000000000e+00,0.000000000000000000e+00
5.860891538837103099e+01,0.000000000000000000e+00,0.000000000000000000e+00
6.063981483695031471e+01,0.000000000000000000e+00,0.000000000000000000e+00
5.733462693587110692e+01,0.000000000000000000e+00,0.000000000000000000e+00
6.117967623790323728e+01,0.000000000000000000e+00,0.000000000000000000e+00
5.830077709608278269e+01,0.000000000000000000e+00,0.000000000000000000e+00
5.966859843573405442e+01,0.000000000000000000e+00,0.000000000000000000e+00
6.164773852893299733e+01,0.000000000000000000e+00,0.000000000000000000e+00
6.136948782634637922e+01,0.000000000000000000e+00,0.000000000000000000e+00
5.868399315459855359e+01,0.000000000000000000e+00,0.000000000000000000e+00
5.863299359152404833e+01,0.000000000000000000e+00,0.000000000000000000e+00
5.807086835115831747e+01,0.000000000000000000e+00,0.000000000000000000e+00
5.728769062737590190e+01,0.000000000000000000e+00,0.000000000000000000e+00
6.306945740163587999e+01,0.000000000000000000e+00,0.000000000000000000e+00
5.791611781953906757e+01,0.000000000000000000e+00,0.000000000000000000e+00
5.653628683892455342e+01,0.000000000000000000e+00,0.000000000000000000e+00
5.717575872873972287e+01,0.000000000000000000e+00,0.000000000000000000e+00
5.721700304920436508e+01,0.000000000000000000e+00,0.000000000000000000e+00
5.836181743147511014e+01,0.000000000000000000e+00,0.000000000000000000e+00
5.637933329464405574e+01,0.000000000000000000e+00,0.000000000000000000e+00
6.125435819449549513e+01,0.000000000000000000e+00,0.000000000000000000e+00
6.343416632042786318e+01,0.000000000000000000e+00,0.000000000000000000e+00
6.129918748876344381e+01,0.000000000000000000e+00,0.000000000000000000e+00
5.952456559896444332e+01,0.000000000000000000e+00,0.000000000000000000e+00
5.858379769523703118e+01,0.000000000000000000e+00,0.000000000000000000e+00
5.650450580344104168e+01,0.000000000000000000e+00,0.000000000000000000e+00
5.875264883518655523e+01,0.000000000000000000e+00,0.000000000000000000e+00
5.890866097247662481e+01,0.000000000000000000e+00,0.000000000000000000e+00
5.760023942126615992e+01,0.000000000000000000e+00,0.000000000000000000e+00
5.467583007740715573e+01,0.000000000000000000e+00,0.000000000000000000e+00
5.560025243144744422e+01,0.000000000000000000e+00,0.000000000000000000e+00
5.543015526704586904e+01,0.000000000000000000e+00,0.000000000000000000e+00
5.722971775635720348e+01,0.000000000000000000e+00,0.000000000000000000e+00
5.558070042194680127e+01,0.000000000000000000e+00,0.000000000000000000e+00
5.884109047871925213e+01,0.000000000000000000e+00,0.000000000000000000e+00
5.756411268499849143e+01,0.000000000000000000e+00,0.000000000000000000e+00
5.333330611742459837e+01,0.000000000000000000e+00,0.000000000000000000e+00
5.789509099144387960e+01,0.000000000000000000e+00,0.000000000000000000e+00
5.631542990960326023e+01,0.000000000000000000e+00,0.000000000000000000e+00
5.552435481652879901e+01,0.000000000000000000e+00,0.000000000000000000e+00
5.632858354783598287e+01,0.000000000000000000e+00,0.000000000000000000e+00
5.707364593574248346e+01,0.000000000000000000e+00,0.000000000000000000e+00
5.910329986895636267e+01,0.000000000000000000e+00,0.000000000000000000e+00
5.576264929705362050e+01,0.000000000000000000e+00,0.000000000000000000e+00
5.794346366953676863e+01,0.000000000000000000e+00,0.000000000000000000e+00
5.347573180221962730e+01,0.000000000000000000e+00,0.000000000000000000e+00
5.517649188393477289e+01,0.000000000000000000e+00,0.000000000000000000e+00
5.906475560158456517e+01,0.000000000000000000e+00,0.000000000000000000e+00
5.643558634564357135e+01,0.000000000000000000e+00,0.000000000000000000e+00
5.403771260820242617e+01,0.000000000000000000e+00,0.000000000000000000e+00
5.859457008175188975e+01,0.000000000000000000e+00,0.000000000000000000e+00
5.847692487119416427e+01,0.000000000000000000e+00,0.000000000000000000e+00
5.559599560049651501e+01,0.000000000000000000e+00,0.000000000000000000e+00
6.177060547031810245e+01,0.000000000000000000e+00,0.000000000000000000e+00
5.742249216899406150e+01,0.000000000000000000e+00,0.000000000000000000e+00
5.369213700046321236e+01,0.000000000000000000e+00,0.000000000000000000e+00
5.426271372314204200e+01,0.000000000000000000e+00,0.000000000000000000e+00
5.571358684448980370e+01,0.000000000000000000e+00,0.000000000000000000e+00
5.940148562856170145e+01,0.000000000000000000e+00,0.000000000000000000e+00
5.498485412504372505e+01,0.000000000000000000e+00,0.000000000000000000e+00
5.212451679091498846e+01,0.000000000000000000e+00,0.000000000000000000e+00
5.726173033960022707e+01,0.000000000000000000e+00,0.000000000000000000e+00
5.219344320661578251e+01,0.000000000000000000e+00,0.000000000000000000e+00
5.425035465416337388e+01,0.000000000000000000e+00,0.000000000000000000e+00
5.411462521677881199e+01,0.000000000000000000e+00,0.000000000000000000e+00
5.558354903910326783e+01,0.000000000000000000e+00,0.000000000000000000e+00
5.332139625909439928e+01,0.000000000000000000e+00,0.000000000000000000e+00
5.592963825729385974e+01,0.000000000000000000e+00,0.000000000000000000e+00
5.413132145490578040e+01,0.000000000000000000e+00,0.000000000000000000e+00
5.818721230947694067e+01,0.000000000000000000e+00,0.000000000000000000e+00
5.657053091237744269e+01,0.000000000000000000e+00,0.000000000000000000e+00
5.639389160869014006e+01,0.000000000000000000e+00,0.000000000000000000e+00
5.337202625486013829e+01,0.000000000000000000e+00,0.000000000000000000e+00
5.516200634647163525e+01,0.000000000000000000e+00,0.000000000000000000e+00
5.477617302902022800e+01,0.000000000000000000e+00,0.000000000000000000e+00
5.314152750699064853e+01,0.000000000000000000e+00,0.000000000000000000e+00
5.374324455832015701e+01,0.000000000000000000e+00,0.000000000000000000e+00
5.191666757555768186e+01,0.000000000000000000e+00,0.000000000000000000e+00
5.200672714549732945e+01,0.000000000000000000e+00,0.000000000000000000e+00
5.465529989136982891e+01,0.000000000000000000e+00,0.000000000000000000e+00
5.124233079056048723e+01,0.000000000000000000e+00,0.000000000000000000e+00
5.593382312834243919e+01,0.000000000000000000e+00,0.000000000000000000e+00
5.180451969457796935e+01,0.000000000000000000e+00,0.000000000000000000e+00
4.981844526762404968e+01,0.000000000000000000e+00,0.000000000000000000e+00
5.444346950245841299e+01,0.000000000000000000e+00,0.000000000000000000e+00
5.080775387198617921e+01,0.000000000000000000e+00,0.000000000000000000e+00
5.547477611316067936e+01,0.000000000000000000e+00,0.000000000000000000e+00
5.450588935076836350e+01,0.000000000000000000e+00,0.000000000000000000e+00
5.415744884214914379e+01,0.000000000000000000e+00,0.000000000000000000e+00
5.421462558836502410e+01,0.000000000000000000e+00,0.000000000000000000e+00
5.487642244486256971e+01,0.000000000000000000e+00,0.000000000000000000e+00
5.613801124007251531e+01,0.000000000000000000e+00,0.000000000000000000e+00
4.959299522801875781e+01,0.000000000000000000e+00,0.000000000000000000e+00
5.311491463963784554e+01,0.000000000000000000e+00,0.000000000000000000e+00
5.044052945957943024e+01,0.000000000000000000e+00,0.000000000000000000e+00
5.226524094798402587e+01,0.000000000000000000e+00,0.000000000000000000e+00
5.446595679092359177e+01,0.000000000000000000e+00,0.000000000000000000e+00
5.057531068143336483e+01,0.000000000000000000e+00,0.000000000000000000e+00
5.033523022047217665e+01,0.000000000000000000e+00,0.000000000000000000e+00
5.369965981217532658e+01,0.000000000000000000e+00,0.000000000000000000e+00
5.319606192607778183e+01,0.000000000000000000e+00,0.000000000000000000e+00
5.364541980087906836e+01,0.000000000000000000e+00,0.000000000000000000e+00
5.381066450100406229e+01,0.000000000000000000e+00,0.000000000000000000e+00
4.939499258756572431e+01,0.000000000000000000e+00,0.000000000000000000e+00
5.108463594758430304e+01,0.000000000000000000e+00,0.000000000000000000e+00
4.815056569609071602e+01,0.000000000000000000e+00,0.000000000000000000e+00
5.219822824021273533e+01,0.000000000000000000e+00,0.000000000000000000e+00
4.680620561687724290e+01,0.000000000000000000e+00,0.000000000000000000e+00
5.097585922650087298e+01,0.000000000000000000e+00,0.000000000000000000e+00
5.075317253711431675e+01,0.000000000000000000e+00,0.000000000000000000e+00
4.934481538809200885e+01,0.000000000000000000e+00,0.000000000000000000e+00
4.953403392017356310e+01,0.000000000000000000e+00,0.000000000000000000e+00
4.817656389578906584e+01,0.000000000000000000e+00,0.000000000000000000e+00
5.788553326783235065e+01,0.000000000000000000e+00,0.000000000000000000e+00
4.966522801720385871e+01,0.000000000000000000e+00,0.000000000000000000e+00
5.230817668723973668e+01,0.000000000000000000e+00,0.000000000000000000e+00
4.972046056817431747e+01,0.000000000000000000e+00,0.000000000000000000e+00
5.188738647406352555e+01,0.000000000000000000e+00,0.000000000000000000e+00
5.523014823236803039e+01,0.000000000000000000e+00,0.000000000000000000e+00
4.724412655024224961e+01,0.000000000000000000e+00,0.000000000000000000e+00
4.771315097566851904e+01,0.000000000000000000e+00,0.000000000000000000e+00
5.107383624595028238e+01,0.000000000000000000e+00,0.000000000000000000e+00
4.753100637967442310e+01,0.000000000000000000e+00,0.000000000000000000e+00
4.787162689644945601e+01,0.000000000000000000e+00,0.000000000000000000e+00
5.070519952497331673e+01,0.000000000000000000e+00,0.000000000000000000e+00
5.093184206648725620e+01,0.000000000000000000e+00,0.000000000000000000e+00
5.061690836539180083e+01,0.000000000000000000e+00,0.000000000000000000e+00
4.854208660105503981e+01,0.000000000000000000e+00,0.000000000000000000e+00
5.211009010163299138e+01,0.000000000000000000e+00,0.000000000000000000e+00
4.772279646506344619e+01,0.000000000000000000e+00,0.000000000000000000e+00
4.849641489648329440e+01,0.000000000000000000e+00,0.000000000000000000e+00
4.825348219672921601e+01,0.000000000000000000e+00,0.000000000000000000e+00
4.730506652566270276e+01,0.000000000000000000e+00,0.000000000000000000e+00
4.765880878914392582e+01,0.000000000000000000e+00,0.000000000000000000e+00
4.492683147159385726e+01,0.000000000000000000e+00,0.000000000000000000e+00
5.312949681635601706e+01,0.000000000000000000e+00,0.000000000000000000e+00
4.625491131358872821e+01,0.000000000000000000e+00,0.000000000000000000e+00
4.948536549178446364e+01,0.000000000000000000e+00,0.000000000000000000e+00
4.677294347290192889e+01,0.000000000000000000e+00,0.000000000000000000e+00
5.037078019752084401e+01,0.000000000000000000e+00,0.000000000000000000e+00
4.752348060634818694e+01,0.000000000000000000e+00,0.000000000000000000e+00
4.844880554063617950e+01,0.000000000000000000e+00,0.000000000000000000e+00
4.837018393433418595e+01,0.000000000000000000e+00,0.000000000000000000e+00
4.171508063712231262e+01,0.000000000000000000e+00,0.000000000000000000e+00
4.709562877333183195e+01,0.000000000000000000e+00,0.000000000000000000e+00
4.884469825822690581e+01,0.000000000000000000e+00,0.000000000000000000e+00
4.446458939653938103e+01,0.000000000000000000e+00,0.000000000000000000e+00
4.581909094658472981e+01,0.000000000000000000e+00,0.000000000000000000e+00
4.578134128047623363e+01,0.000000000000000000e+00,0.000000000000000000e+00
4.935677041776897767e+01,0.000000000000000000e+00,0.000000000000000000e+00
4.495172685208802221e+01,0.000000000000000000e+00,0.000000000000000000e+00
4.791412836366114902e+01,0.000000000000000000e+00,0.000000000000000000e+00
4.773857370116031973e+01,0.000000000000000000e+00,0.000000000000000000e+00
4.709725041170375448e+01,0.000000000000000000e+00,0.000000000000000000e+00
4.582226666037124829e+01,0.000000000000000000e+00,0.000000000000000000e+00
4.682234546307566347e+01,0.000000000000000000e+00,0.000000000000000000e+00
4.475463621113937052e+01,0.000000000000000000e+00,0.000000000000000000e+00
4.829118310484778931e+01,0.000000000000000000e+00,0.000000000000000000e+00
4.643745059531593000e+01,0.000000000000000000e+00,0.000000000000000000e+00
4.901113517844081713e+01,0.000000000000000000e+00,0.000000000000000000e+00
4.745261640562861771e+01,0.000000000000000000e+00,0.000000000000000000e+00
4.856479137318151373e+01,0.000000000000000000e+00,0.000000000000000000e+00
4.822325484810544083e+01,0.000000000000000000e+00,0.000000000000000000e+00
4.454557989037776622e+01,0.000000000000000000e+00,0.000000000000000000e+00
4.308509993254362058e+01,0.000000000000000000e+00,0.000000000000000000e+00
4.542505632061265430e+01,0.000000000000000000e+00,0.000000000000000000e+00
4.829603232423887249e+01,0.000000000000000000e+00,0.000000000000000000e+00
4.644223433309775118e+01,0.000000000000000000e+00,0.000000000000000000e+00
4.588064235467574292e+01,0.000000000000000000e+00,0.000000000000000000e+00
4.481613931152407559e+01,0.000000000000000000e+00,0.000000000000000000e+00
4.482619939198328751e+01,0.000000000000000000e+00,0.000000000000000000e+00
4.651609714770142290e+01,0.000000000000000000e+00,0.000000000000000000e+00
4.849697712864988830e+01,0.000000000000000000e+00,0.000000000000000000e+00
4.495595654504772654e+01,0.000000000000000000e+00,0.000000000000000000e+00
4.773129150740101778e+01,0.000000000000000000e+00,0.000000000000000000e+00
4.141669707742301654e+01,0.000000000000000000e+00,0.000000000000000000e+00
4.489744524264211378e+01,0.000000000000000000e+00,0.000000000000000000e+00
4.464901874672043647e+01,0.000000000000000000e+00,0.000000000000000000e+00
4.700847152922703032e+01,0.000000000000000000e+00,0.000000000000000000e+00
4.177704456298847902e+01,0.000000000000000000e+00,0.000000000000000000e+00
4.592338532359079295e+01,0.000000000000000000e+00,0.000000000000000000e+00
4.663142193343175279e+01,0.000000000000000000e+00,0.000000000000000000e+00
4.393593229186350158e+01,0.000000000000000000e+00,0.000000000000000000e+00
4.248528613327937364e+01,0.000000000000000000e+00,0.000000000000000000e+00
4.687349798761358244e+01,0.000000000000000000e+00,0.000000000000000000e+00
4.706301175519080005e+01,0.000000000000000000e+00,0.000000000000000000e+00
4.515780200632530494e+01,0.000000000000000000e+00,0.000000000000000000e+00
4.605573266223562712e+01,0.000000000000000000e+00,0.000000000000000000e+00
4.544793854506901454e+01,0.000000000000000000e+00,0.000000000000000000e+00
4.264665686026028624e+01,0.000000000000000000e+00,0.000000000000000000e+00
4.303609158639853405e+01,0.000000000000000000e+00,0.000000000000000000e+00
4.424694643765946012e+01,0.000000000000000000e+00,0.000000000000000000e+00
4.671669436956646848e+01,0.000000000000000000e+00,0.000000000000000000e+00
4.957190179501058935e+01,0.000000000000000000e+00,0.000000000000000000e+00
4.333205069987528901e+01,0.000000000000000000e+00,0.000000000000000000e+00
4.493904415328383095e+01,0.000000000000000000e+00,0.000000000000000000e+00
4.319637368526503707e+01,0.000000000000000000e+00,0.000000000000000000e+00
4.389506211980410200e+01,0.000000000000000000e+00,0.000000000000000000e+00
4.584092183496632344e+01,0.000000000000000000e+00,0.000000000000000000e+00
4.331977893848011973e+01,0.000000000000000000e+00,0.000000000000000000e+00
4.071183150432251807e+01,0.000000000000000000e+00,0.000000000000000000e+00
4.078124466470332976e+01,0.000000000000000000e+00,0.000000000000000000e+00
4.502084894299262174e+01,0.000000000000000000e+00,0.000000000000000000e+00
4.511571394550983882e+01,0.000000000000000000e+00,0.000000000000000000e+00
4.434098146731037815e+01,0.000000000000000000e+00,0.000000000000000000e+00
4.065769992604001004e+01,0.000000000000000000e+00,0.000000000000000000e+00
4.463429221262097712e+01,0.000000000000000000e+00,0.000000000000000000e+00
4.467078375945128954e+01,0.000000000000000000e+00,0.000000000000000000e+00
4.213588572449975800e+01,0.000000000000000000e+00,0.000000000000000000e+00
4.418576794453222334e+01,0.000000000000000000e+00,0.000000000000000000e+00
4.289572812787830003e+01,0.000000000000000000e+00,0.000000000000000000e+00
4.179210761551810549e+01,0.000000000000000000e+00,0.000000000000000000e+00
4.314731598656006639e+01,0.000000000000000000e+00,0.000000000000000000e+00
4.008647028154361891e+01,0.000000000000000000e+00,0.000000000000000000e+00
4.118119619490109784e+01,0.000000000000000000e+00,0.000000000000000000e+00
4.271770742965740908e+01,0.000000000000000000e+00,0.000000000000000000e+00
4.438281148951082145e+01,0.000000000000000000e+00,0.000000000000000000e+00
4.128149433441181770e+01,0.000000000000000000e+00,0.000000000000000000e+00
4.141657146022743063e+01,0.000000000000000000e+00,0.000000000000000000e+00
3.967507946149833487e+01,0.000000000000000000e+00,0.000000000000000000e+00
4.152177701839109858e+01,0.000000000000000000e+00,0.000000000000000000e+00
4.029564519436974734e+01,0.000000000000000000e+00,0.000000000000000000e+00
3.953883932014696967e+01,0.000000000000000000e+00,0.000000000000000000e+00
4.030378030365424280e+01,0.000000000000000000e+00,0.000000000000000000e+00
4.130463783468797345e+01,0.000000000000000000e+00,0.000000000000000000e+00
4.278487529188861060e+01,0.000000000000000000e+00,0.000000000000000000e+00
4.304165196003670246e+01,0.000000000000000000e+00,0.000000000000000000e+00
4.515801832638389612e+01,0.000000000000000000e+00,0.000000000000000000e+00
4.225782472380976174e+01,0.000000000000000000e+00,0.000000000000000000e+00
4.079292250354944827e+01,0.000000000000000000e+00,0.000000000000000000e+00
4.175728209230609878e+01,0.000000000000000000e+00,0.000000000000000000e+00
4.240121628342323135e+01,0.000000000000000000e+00,0.000000000000000000e+00
3.731631750218125632e+01,0.000000000000000000e+00,0.000000000000000000e+00
3.976431147614674444e+01,0.000000000000000000e+00,0.000000000000000000e+00
4.168739343427782273e+01,0.000000000000000000e+00,0.000000000000000000e+00
4.102198481411251407e+01,0.000000000000000000e+00,0.000000000000000000e+00
4.186396404466583476e+01,0.000000000000000000e+00,0.000000000000000000e+00
4.123406200732659244e+01,0.000000000000000000e+00,0.000000000000000000e+00
4.290694935859102799e+01,0.000000000000000000e+00,0.000000000000000000e+00
3.890895604012396092e+01,0.000000000000000000e+00,0.000000000000000000e+00
4.177741625765808919e+01,0.000000000000000000e+00,0.000000000000000000e+00
4.030720301718361753e+01,0.000000000000000000e+00,0.000000000000000000e+00
4.133621981722795624e+01,0.000000000000000000e+00,0.000000000000000000e+00
4.061709866558251747e+01,0.000000000000000000e+00,0.000000000000000000e+00
4.319147331204688101e+01,0.000000000000000000e+00,0.000000000000000000e+00
4.144309635294347771e+01,0.000000000000000000e+00,0.000000000000000000e+00
4.011150335494215824e+01,0.000000000000000000e+00,0.000000000000000000e+00
3.877738700140261585e+01,0.000000000000000000e+00,0.000000000000000000e+00
4.107451762751458801e+01,0.000000000000000000e+00,0.000000000000000000e+00
3.923021744883072870e+01,0.000000000000000000e+00,0.000000000000000000e+00
3.913446628632831903e+01,0.000000000000000000e+00,0.000000000000000000e+00
3.952128176550356642e+01,0.000000000000000000e+00,0.000000000000000000e+00
3.969377852789058636e+01,0.000000000000000000e+00,0.000000000000000000e+00
4.043449676303522722e+01,0.000000000000000000e+00,0.000000000000000000e+00
3.681780654312705536e+01,0.000000000000000000e+00,0.000000000000000000e+00
3.787262556724413542e+01,0.000000000000000000e+00,0.000000000000000000e+00
3.886595069643124845e+01,0.000000000000000000e+00,0.000000000000000000e+00
3.646116804036878278e+01,0.000000000000000000e+00,0.000000000000000000e+00
3.916496993839682261e+01,0.000000000000000000e+00,0.000000000000000000e+00
3.869122238703791083e+01,0.000000000000000000e+00,0.000000000000000000e+00
3.779841023085079854e+01,0.000000000000000000e+00,0.000000000000000000e+00
4.180685533154271383e+01,0.000000000000000000e+00,0.000000000000000000e+00
3.817494308837736128e+01,0.000000000000000000e+00,0.000000000000000000e+00
3.847556963113160577e+01,0.000000000000000000e+00,0.000000000000000000e+00
3.631602821897235600e+01,0.000000000000000000e+00,0.000000000000000000e+00
3.861624439014008203e+01,0.000000000000000000e+00,0.000000000000000000e+00
4.289472434289542235e+01,0.000000000000000000e+00,0.000000000000000000e+00
4.013780433113957713e+01,0.000000000000000000e+00,0.000000000000000000e+00
4.090429709027385030e+01,0.000000000000000000e+00,0.000000000000000000e+00
3.815619343909427386e+01,0.000000000000000000e+00,0.000000000000000000e+00
3.852161428646501662e+01,0.000000000000000000e+00,0.000000000000000000e+00
3.725461020257176870e+01,0.000000000000000000e+00,0.000000000000000000e+00
3.706123666651198789e+01,0.000000000000000000e+00,0.000000000000000000e+00
3.952541988931170636e+01,0.000000000000000000e+00,0.000000000000000000e+00
3.725761670664938663e+01,0.000000000000000000e+00,0.000000000000000000e+00
4.042391462222552434e+01,0.000000000000000000e+00,0.000000000000000000e+00
3.630737635628051407e+01,0.000000000000000000e+00,0.000000000000000000e+00
3.955606211443340925e+01,0.000000000000000000e+00,0.000000000000000000e+00
3.665263417436772642e+01,0.000000000000000000e+00,0.000000000000000000e+00
3.955883148641688507e+01,0.000000000000000000e+00,0.000000000000000000e+00
3.713118096681655089e+01,0.000000000000000000e+00,0.000000000000000000e+00
3.506873059993622377e+01,0.000000000000000000e+00,0.000000000000000000e+00
3.669208432779688422e+01,0.000000000000000000e+00,0.000000000000000000e+00
3.760523552264675828e+01,0.000000000000000000e+00,0.000000000000000000e+00
3.777801655324584829e+01,0.000000000000000000e+00,0.000000000000000000e+00
3.815233277405806689e+01,0.000000000000000000e+00,0.000000000000000000e+00
3.770007097926126249e+01,0.000000000000000000e+00,0.000000000000000000e+00
3.884228662394416887e+01,0.000000000000000000e+00,0.000000000000000000e+00
3.721477341479486967e+01,0.000000000000000000e+00,0.000000000000000000e+00
3.885048720543003498e+01,0.000000000000000000e+00,0.000000000000000000e+00
3.973058485094611569e+01,0.000000000000000000e+00,0.000000000000000000e+00
3.452269186690792679e+01,0.000000000000000000e+00,0.000000000000000000e+00
3.687686929278140724e+01,0.000000000000000000e+00,0.000000000000000000e+00
3.743480431119940022e+01,0.000000000000000000e+00,0.000000000000000000e+00
3.619143886948004507e+01,0.000000000000000000e+00,0.000000000000000000e+00
3.593818870421169720e+01,0.000000000000000000e+00,0.000000000000000000e+00
3.839729778223816226e+01,0.000000000000000000e+00,0.000000000000000000e+00
3.674104538793469743e+01,0.000000000000000000e+00,0.000000000000000000e+00
3.820969119558804294e+01,0.000000000000000000e+00,0.000000000000000000e+00
4.112229378253478274e+01,0.000000000000000000e+00,0.000000000000000000e+00
3.619175296093859373e+01,0.000000000000000000e+00,0.000000000000000000e+00
3.607173229130936676e+01,0.000000000000000000e+00,0.000000000000000000e+00
3.378826694552311238e+01,0.000000000000000000e+00,0.000000000000000000e+00
3.627004661369766580e+01,0.000000000000000000e+00,0.000000000000000000e+00
3.550822785341092214e+01,0.000000000000000000e+00,0.000000000000000000e+00
3.736592100033630715e+01,0.000000000000000000e+00,0.000000000000000000e+00
3.438532074154409202e+01,0.000000000000000000e+00,0.000000000000000000e+00
3.490473882875738099e+01,0.000000000000000000e+00,0.000000000000000000e+00
3.276634198197671566e+01,0.000000000000000000e+00,0.000000000000000000e+00
3.469466854624668173e+01,0.000000000000000000e+00,0.000000000000000000e+00
3.196657478314837064e+01,0.000000000000000000e+00,0.000000000000000000e+00
3.225757319114980248e+01,0.000000000000000000e+00,0.000000000000000000e+00
3.621526986746525267e+01,0.000000000000000000e+00,0.000000000000000000e+00
3.430961183139882564e+01,0.000000000000000000e+00,0.000000000000000000e+00
3.686311204558666788e+01,0.000000000000000000e+00,0.000000000000000000e+00
3.581116050064694178e+01,0.000000000000000000e+00,0.000000000000000000e+00
3.266967608065776574e+01,0.000000000000000000e+00,0.000000000000000000e+00
3.439651541148203506e+01,0.000000000000000000e+00,0.000000000000000000e+00
3.630241282236001865e+01,0.000000000000000000e+00,0.000000000000000000e+00
3.270674116629006534e+01,0.000000000000000000e+00,0.000000000000000000e+00
3.475535912427730523e+01,0.000000000000000000e+00,0.000000000000000000e+00
3.158068408405145533e+01,0.000000000000000000e+00,0.000000000000000000e+00
3.421722024718087596e+01,0.000000000000000000e+00,0.000000000000000000e+00
3.231758946788426101e+01,0.000000000000000000e+00,0.000000000000000000e+00
3.626765639300042920e+01,0.000000000000000000e+00,0.000000000000000000e+00
3.458873963797625350e+01,0.000000000000000000e+00,0.000000000000000000e+00
3.473847756373603346e+01,0.000000000000000000e+00,0.000000000000000000e+00
3.500884440161159006e+01,0.000000000000000000e+00,0.000000000000000000e+00
3.280305594132303781e+01,0.000000000000000000e+00,0.000000000000000000e+00
3.268467238588620916e+01,0.000000000000000000e+00,0.000000000000000000e+00
3.549369690605931282e+01,0.000000000000000000e+00,0.000000000000000000e+00
3.520537373878643450e+01,0.000000000000000000e+00,0.000000000000000000e+00
2.990855367049392299e+01,0.000000000000000000e+00,0.000000000000000000e+00
3.591779261263012302e+01,0.000000000000000000e+00,0.000000000000000000e+00
3.777312647720403049e+01,0.000000000000000000e+00,0.000000000000000000e+00
3.705031857471405488e+01,0.000000000000000000e+00,0.000000000000000000e+00
3.545959690353427618e+01,0.000000000000000000e+00,0.000000000000000000e+00
2.752323946152014145e+01,0.000000000000000000e+00,0.000000000000000000e+00
2.896198293009122082e+01,0.000000000000000000e+00,0.000000000000000000e+00
3.256706807524981429e+01,0.000000000000000000e+00,0.000000000000000000e+00
3.359970168067781060e+01,0.000000000000000000e+00,0.000000000000000000e+00
3.409938214119456035e+01,0.000000000000000000e+00,0.000000000000000000e+00
3.587842052184890917e+01,0.000000000000000000e+00,0.000000000000000000e+00
3.143043707305846368e+01,0.000000000000000000e+00,0.000000000000000000e+00
3.529887407511809272e+01,0.000000000000000000e+00,0.000000000000000000e+00
3.044474174421072021e+01,0.000000000000000000e+00,0.000000000000000000e+00
3.219840121395034771e+01,0.000000000000000000e+00,0.000000000000000000e+00
3.364065882648256434e+01,0.000000000000000000e+00,0.000000000000000000e+00
3.005967824895299501e+01,0.000000000000000000e+00,0.000000000000000000e+00
2.856092883533073490e+01,0.000000000000000000e+00,0.000000000000000000e+00
3.249198920571669902e+01,0.000000000000000000e+00,0.000000000000000000e+00
3.253065060271684672e+01,0.000000000000000000e+00,0.000000000000000000e+00
3.378483056151421948e+01,0.000000000000000000e+00,0.000000000000000000e+00
3.209421758551933124e+01,0.000000000000000000e+00,0.000000000000000000e+00
3.219905879418899985e+01,0.000000000000000000e+00,0.000000000000000000e+00
3.064532168045770888e+01,0.000000000000000000e+00,0.000000000000000000e+00
3.463379091355295714e+01,0.000000000000000000e+00,0.000000000000000000e+00
3.420675083575473252e+01,0.000000000000000000e+00,0.000000000000000000e+00
3.663842318305275114e+01,0.000000000000000000e+00,0.000000000000000000e+00
2.986393607959576713e+01,0.000000000000000000e+00,0.000000000000000000e+00
3.266009699956397583e+01,0.000000000000000000e+00,0.000000000000000000e+00
3.411110261304715152e+01,0.000000000000000000e+00,0.000000000000000000e+00
3.441373113834607977e+01,0.000000000000000000e+00,0.000000000000000000e+00
3.174435372195751270e+01,0.000000000000000000e+00,0.000000000000000000e+00
3.179965796078300144e+01,0.000000000000000000e+00,0.000000000000000000e+00
3.302149790809477992e+01,0.000000000000000000e+00,0.000000000000000000e+00
3.223370602771895221e+01,0.000000000000000000e+00,0.000000000000000000e+00
3.108110101923266200e+01,0.000000000000000000e+00,0.000000000000000000e+00
3.241551687397068804e+01,0.000000000000000000e+00,0.000000000000000000e+00
3.009267334087430257e+01,0.000000000000000000e+00,0.000000000000000000e+00
2.700156043165166508e+01,0.000000000000000000e+00,0.000000000000000000e+00
3.345889116872331215e+01,0.000000000000000000e+00,0.000000000000000000e+00
3.045401710337741719e+01,0.000000000000000000e+00,0.000000000000000000e+00
2.963279333447128039e+01,0.000000000000000000e+00,0.000000000000000000e+00
2.695733955276256921e+01,0.000000000000000000e+00,0.000000000000000000e+00
3.193797081761246304e+01,0.000000000000000000e+00,0.000000000000000000e+00
3.262809244596979852e+01,0.000000000000000000e+00,0.000000000000000000e+00
3.345967041637565842e+01,0.000000000000000000e+00,0.000000000000000000e+00
3.180394395440947619e+01,0.000000000000000000e+00,0.000000000000000000e+00
3.421603040357168624e+01,0.000000000000000000e+00,0.000000000000000000e+00
2.975075667107216049e+01,0.000000000000000000e+00,0.000000000000000000e+00
3.064468173442387311e+01,0.000000000000000000e+00,0.000000000000000000e+00
3.219185877367901583e+01,0.000000000000000000e+00,0.000000000000000000e+00
2.585730471111432038e+01,0.000000000000000000e+00,0.000000000000000000e+00
3.185911111843827470e+01,0.000000000000000000e+00,0.000000000000000000e+00
3.475707039967846157e+01,0.000000000000000000e+00,0.000000000000000000e+00
3.010495371427197142e+01,0.000000000000000000e+00,0.000000000000000000e+00
2.861426676780553180e+01,0.000000000000000000e+00,0.000000000000000000e+00
2.955715926363109958e+01,0.000000000000000000e+00,0.000000000000000000e+00
3.205761515891050806e+01,0.000000000000000000e+00,0.000000000000000000e+00
3.057261016064931169e+01,0.000000000000000000e+00,0.000000000000000000e+00
3.022041547596946032e+01,0.000000000000000000e+00,0.000000000000000000e+00
3.299833132532569380e+01,0.000000000000000000e+00,0.000000000000000000e+00
3.199209104117602465e+01,0.000000000000000000e+00,0.000000000000000000e+00
3.168405651947805524e+01,0.000000000000000000e+00,0.000000000000000000e+00
3.273247745626777316e+01,0.000000000000000000e+00,0.000000000000000000e+00
2.903121159616373603e+01,0.000000000000000000e+00,0.000000000000000000e+00
2.827710894212885151e+01,0.000000000000000000e+00,0.000000000000000000e+00
2.876533755183976737e+01,0.000000000000000000e+00,0.000000000000000000e+00
2.818237947766452578e+01,0.000000000000000000e+00,0.000000000000000000e+00
3.088849124337145113e+01,0.000000000000000000e+00,0.000000000000000000e+00
3.313189940017480950e+01,0.000000000000000000e+00,0.000000000000000000e+00
2.890340218234426217e+01,0.000000000000000000e+00,0.000000000000000000e+00
2.738016348130424404e+01,0.000000000000000000e+00,0.000000000000000000e+00
3.412059451659636977e+01,0.000000000000000000e+00,0.000000000000000000e+00
2.742531825605068718e+01,0.000000000000000000e+00,0.000000000000000000e+00
2.749855596439658001e+01,0.000000000000000000e+00,0.000000000000000000e+00
2.909562752761876325e+01,0.000000000000000000e+00,0.000000000000000000e+00
2.674691554227313972e+01,0.000000000000000000e+00,0.000000000000000000e+00
3.061341957519847057e+01,0.000000000000000000e+00,0.000000000000000000e+00
3.042195508045343999e+01,0.000000000000000000e+00,0.000000000000000000e+00
3.130946094899235277e+01,0.000000000000000000e+00,0.000000000000000000e+00
2.557749206469904024e+01,0.000000000000000000e+00,0.000000000000000000e+00
3.202976887337079148e+01,0.000000000000000000e+00,0.000000000000000000e+00
2.934033734137240756e+01,0.000000000000000000e+00,0.000000000000000000e+00
2.696051496649899448e+01,0.000000000000000000e+00,0.000000000000000000e+00
2.687223733371740408e+01,0.000000000000000000e+00,0.000000000000000000e+00
3.128591728640702385e+01,0.000000000000000000e+00,0.000000000000000000e+00
2.617129561138998284e+01,0.000000000000000000e+00,0.000000000000000000e+00
2.957113993979664812e+01,0.000000000000000000e+00,0.000000000000000000e+00
2.903962685150600009e+01,0.000000000000000000e+00,0.000000000000000000e+00
2.947230636130047543e+01,0.000000000000000000e+00,0.000000000000000000e+00
2.872218445478428706e+01,0.000000000000000000e+00,0.000000000000000000e+00
3.034495973323350881e+01,0.000000000000000000e+00,0.000000000000000000e+00
2.641056451011464645e+01,0.000000000000000000e+00,0.000000000000000000e+00
2.897735134275460922e+01,0.000000000000000000e+00,0.000000000000000000e+00
2.837503936153665052e+01,0.000000000000000000e+00,0.000000000000000000e+00
3.058075836926338198e+01,0.000000000000000000e+00,0.000000000000000000e+00
2.700125704382101688e+01,0.000000000000000000e+00,0.000000000000000000e+00
2.339922979469565689e+01,0.000000000000000000e+00,0.000000000000000000e+00
2.998824500541663340e+01,0.000000000000000000e+00,0.000000000000000000e+00
2.385026796346682332e+01,0.000000000000000000e+00,0.000000000000000000e+00
2.958843733183568858e+01,0.000000000000000000e+00,0.000000000000000000e+00
2.613569890186387212e+01,0.000000000000000000e+00,0.000000000000000000e+00
2.751777120617704497e+01,0.000000000000000000e+00,0.000000000000000000e+00
2.867908190736197582e+01,0.000000000000000000e+00,0.000000000000000000e+00
2.605056176770366960e+01,0.000000000000000000e+00,0.000000000000000000e+00
2.805681720505602428e+01,0.000000000000000000e+00,0.000000000000000000e+00
2.284560624180678445e+01,0.000000000000000000e+00,0.000000000000000000e+00
2.568160480740333895e+01,0.000000000000000000e+00,0.000000000000000000e+00
2.990561187658127196e+01,0.000000000000000000e+00,0.000000000000000000e+00
3.078684306964278150e+01,0.000000000000000000e+00,0.000000000000000000e+00
3.035876360860082457e+01,0.000000000000000000e+00,0.000000000000000000e+00
2.620057378115783209e+01,0.000000000000000000e+00,0.000000000000000000e+00
2.898912323667317992e+01,0.000000000000000000e+00,0.000000000000000000e+00
2.845398860243519934e+01,0.000000000000000000e+00,0.000000000000000000e+00
2.548738840917133786e+01,0.000000000000000000e+00,0.000000000000000000e+00
3.039532952624297835e+01,0.000000000000000000e+00,0.000000000000000000e+00
2.671489444024744486e+01,0.000000000000000000e+00,0.000000000000000000e+00
2.967074164370353984e+01,0.000000000000000000e+00,0.000000000000000000e+00
2.751348421793880306e+01,0.000000000000000000e+00,0.000000000000000000e+00
2.590566987978412428e+01,0.000000000000000000e+00,0.000000000000000000e+00
2.842199046194287249e+01,0.000000000000000000e+00,0.000000000000000000e+00
2.756631978463252608e+01,0.000000000000000000e+00,0.000000000000000000e+00
2.534806767684679230e+01,0.000000000000000000e+00,0.000000000000000000e+00
2.773453122715149988e+01,0.000000000000000000e+00,0.000000000000000000e+00
2.723881194274864370e+01,0.000000000000000000e+00,0.000000000000000000e+00
2.635808908963024422e+01,0.000000000000000000e+00,0.000000000000000000e+00
2.583661918921847800e+01,0.000000000000000000e+00,0.000000000000000000e+00
2.454630545482474702e+01,0.000000000000000000e+00,0.000000000000000000e+00
2.352686929749808087e+01,0.000000000000000000e+00,0.000000000000000000e+00
2.666460517975899336e+01,0.000000000000000000e+00,0.000000000000000000e+00
2.686402089492519707e+01,0.000000000000000000e+00,0.000000000000000000e+00
2.531530592065443841e+01,0.000000000000000000e+00,0.000000000000000000e+00
2.501837258982832068e+01,0.000000000000000000e+00,0.000000000000000000e+00
2.497463706429276087e+01,0.000000000000000000e+00,0.000000000000000000e+00
2.287527046825955424e+01,0.000000000000000000e+00,0.000000000000000000e+00
2.209115179334398604e+01,0.000000000000000000e+00,0.000000000000000000e+00
2.777632324114317797e+01,0.000000000000000000e+00,0.000000000000000000e+00
2.498444790225577350e+01,0.000000000000000000e+00,0.000000000000000000e+00
2.325112204383533765e+01,0.000000000000000000e+00,0.000000000000000000e+00
2.609853718987870153e+01,0.000000000000000000e+00,0.000000000000000000e+00
2.302757229116571835e+01,0.000000000000000000e+00,0.000000000000000000e+00
2.326304358799829330e+01,0.000000000000000000e+00,0.000000000000000000e+00
2.361779271382061651e+01,0.000000000000000000e+00,0.000000000000000000e+00
2.498951397129937391e+01,0.000000000000000000e+00,0.000000000000000000e+00
2.693036762967285114e+01,0.000000000000000000e+00,0.000000000000000000e+00
2.423509571718247102e+01,0.000000000000000000e+00,0.000000000000000000e+00
2.945379667416015934e+01,0.000000000000000000e+00,0.000000000000000000e+00
2.359370601666440592e+01,0.000000000000000000e+00,0.000000000000000000e+00
2.591629648489467996e+01,0.000000000000000000e+00,0.000000000000000000e+00
2.531647327399113578e+01,0.000000000000000000e+00,0.000000000000000000e+00
2.365658543000004599e+01,0.000000000000000000e+00,0.000000000000000000e+00
2.595707752138979529e+01,0.000000000000000000e+00,0.000000000000000000e+00
2.391523942659110347e+01,0.000000000000000000e+00,0.000000000000000000e+00
2.651235378451770330e+01,0.000000000000000000e+00,0.000000000000000000e+00
2.237275269735422256e+01,0.000000000000000000e+00,0.000000000000000000e+00
2.336397059205291526e+01,0.000000000000000000e+00,0.000000000000000000e+00
2.204926643760824234e+01,0.000000000000000000e+00,0.000000000000000000e+00
2.412374870078131295e+01,0.000000000000000000e+00,0.000000000000000000e+00
2.372188183274904816e+01,0.000000000000000000e+00,0.000000000000000000e+00
2.635764736266272124e+01,0.000000000000000000e+00,0.000000000000000000e+00
2.701007705957732341e+01,0.000000000000000000e+00,0.000000000000000000e+00
2.414754758422497005e+01,0.000000000000000000e+00,0.000000000000000000e+00
2.803200714663982396e+01,0.000000000000000000e+00,0.000000000000000000e+00
2.662631939894505706e+01,0.000000000000000000e+00,0.000000000000000000e+00
2.862682436068997305e+01,0.000000000000000000e+00,0.000000000000000000e+00
2.554852673375881977e+01,0.000000000000000000e+00,0.000000000000000000e+00
2.442024793045695219e+01,0.000000000000000000e+00,0.000000000000000000e+00
2.521349379273753044e+01,0.000000000000000000e+00,0.000000000000000000e+00
2.592010975648591042e+01,0.000000000000000000e+00,0.000000000000000000e+00
2.200533379166957104e+01,0.000000000000000000e+00,0.000000000000000000e+00
2.310412146192500416e+01,0.000000000000000000e+00,0.000000000000000000e+00
2.301909104893727687e+01,0.000000000000000000e+00,0.000000000000000000e+00
2.243834567718577588e+01,0.000000000000000000e+00,0.000000000000000000e+00
2.593765928454529046e+01,0.000000000000000000e+00,0.000000000000000000e+00
2.317280995375249475e+01,0.000000000000000000e+00,0.000000000000000000e+00
2.134523712654409877e+01,0.000000000000000000e+00,0.000000000000000000e+00
2.085168676160448697e+01,0.000000000000000000e+00,0.000000000000000000e+00
2.714265923114127332e+01,0.000000000000000000e+00,0.000000000000000000e+00
2.472276918547388647e+01,0.000000000000000000e+00,0.000000000000000000e+00
2.793323659578420148e+01,0.000000000000000000e+00,0.000000000000000000e+00
2.410552926309131649e+01,0.000000000000000000e+00,0.000000000000000000e+00
2.310456572139771581e+01,0.000000000000000000e+00,0.000000000000000000e+00
2.401895853508549195e+01,0.000000000000000000e+00,0.000000000000000000e+00
2.645880864737022620e+01,0.000000000000000000e+00,0.000000000000000000e+00
2.435608574447413943e+01,0.000000000000000000e+00,0.000000000000000000e+00
2.547119433888167350e+01,0.000000000000000000e+00,0.000000000000000000e+00
2.351083978930701335e+01,0.000000000000000000e+00,0.000000000000000000e+00
2.098052852598955198e+01,0.000000000000000000e+00,0.000000000000000000e+00
2.334435155162109155e+01,0.000000000000000000e+00,0.000000000000000000e+00
2.384840796251772943e+01,0.000000000000000000e+00,0.000000000000000000e+00
2.582295239164066913e+01,0.000000000000000000e+00,0.000000000000000000e+00
2.265787428061207365e+01,0.000000000000000000e+00,0.000000000000000000e+00
2.233254814696040924e+01,0.000000000000000000e+00,0.000000000000000000e+00
2.381099161828828770e+01,0.000000000000000000e+00,0.000000000000000000e+00
2.255642522325423371e+01,0.000000000000000000e+00,0.000000000000000000e+00
2.802185136363411999e+01,0.000000000000000000e+00,0.000000000000000000e+00
1.933785805390023071e+01,0.000000000000000000e+00,0.000000000000000000e+00
2.597468650433485138e+01,0.000000000000000000e+00,0.000000000000000000e+00
2.594053071531135757e+01,0.000000000000000000e+00,0.000000000000000000e+00
2.421857235151039944e+01,0.000000000000000000e+00,0.000000000000000000e+00
2.312908224582300321e+01,0.000000000000000000e+00,0.000000000000000000e+00
2.256525473210992416e+01,0.000000000000000000e+00,0.000000000000000000e+00
2.233534804431847576e+01,0.000000000000000000e+00,0.000000000000000000e+00
2.529263023930075605e+01,0.000000000000000000e+00,0.000000000000000000e+00
2.343188059975308235e+01,0.000000000000000000e+00,0.000000000000000000e+00
2.025737300820216191e+01,0.000000000000000000e+00,0.000000000000000000e+00
2.049667895207365120e+01,0.000000000000000000e+00,0.000000000000000000e+00
2.214167506748144376e+01,0.000000000000000000e+00,0.000000000000000000e+00
2.317644001779696694e+01,0.000000000000000000e+00,0.000000000000000000e+00
2.391259983766612862e+01,0.000000000000000000e+00,0.000000000000000000e+00
2.175121072158060542e+01,0.000000000000000000e+00,0.000000000000000000e+00
2.027121401309910453e+01,0.000000000000000000e+00,0.000000000000000000e+00
2.382127052540053924e+01,0.000000000000000000e+00,0.000000000000000000e+00
2.085913765280059806e+01,0.000000000000000000e+00,0.000000000000000000e+00
2.278098956456574697e+01,0.000000000000000000e+00,0.000000000000000000e+00
2.771173317152383930e+01,0.000000000000000000e+00,0.000000000000000000e+00
2.252629103109602582e+01,0.000000000000000000e+00,0.000000000000000000e+00
2.474486632447686318e+01,0.000000000000000000e+00,0.000000000000000000e+00
2.212220471820381107e+01,0.000000000000000000e+00,0.000000000000000000e+00
2.094421660824498588e+01,0.000000000000000000e+00,0.000000000000000000e+00
2.346140113229697022e+01,0.000000000000000000e+00,0.000000000000000000e+00
2.047383812315899476e+01,0.000000000000000000e+00,0.000000000000000000e+00
2.245163112220491186e+01,0.000000000000000000e+00,0.000000000000000000e+00
1.970341293537184413e+01,0.000000000000000000e+00,0.000000000000000000e+00
2.075305291303977029e+01,0.000000000000000000e+00,0.000000000000000000e+00
2.329572508408729803e+01,0.000000000000000000e+00,0.000000000000000000e+00
2.093818506503879107e+01,0.000000000000000000e+00,0.000000000000000000e+00
2.009857767797610251e+01,0.000000000000000000e+00,0.000000000000000000e+00
2.525906002252636284e+01,0.000000000000000000e+00,0.000000000000000000e+00
2.570182032414267681e+01,0.000000000000000000e+00,0.000000000000000000e+00
2.161711957540317641e+01,0.000000000000000000e+00,0.000000000000000000e+00
2.397909462049163665e+01,0.000000000000000000e+00,0.000000000000000000e+00
2.238014107169559708e+01,0.000000000000000000e+00,0.000000000000000000e+00
2.050948154592133932e+01,0.000000000000000000e+00,0.000000000000000000e+00
2.371590251883375799e+01,0.000000000000000000e+00,0.000000000000000000e+00
2.284196552567094329e+01,0.000000000000000000e+00,0.000000000000000000e+00
2.084400486490782001e+01,0.000000000000000000e+00,0.000000000000000000e+00
2.377850358600386826e+01,0.000000000000000000e+00,0.000000000000000000e+00
2.277516754229653628e+01,0.000000000000000000e+00,0.000000000000000000e+00
2.088949573171192142e+01,0.000000000000000000e+00,0.000000000000000000e+00
1.901494503696851623e+01,0.000000000000000000e+00,0.000000000000000000e+00
2.082532931873124227e+01,0.000000000000000000e+00,0.000000000000000000e+00
2.211269125696476578e+01,0.000000000000000000e+00,0.000000000000000000e+00
2.312674051721763036e+01,0.000000000000000000e+00,0.000000000000000000e+00
2.020265464065689542e+01,0.000000000000000000e+00,0.000000000000000000e+00
1.895656920710942828e+01,0.000000000000000000e+00,0.000000000000000000e+00
2.194240769657409018e+01,0.000000000000000000e+00,0.000000000000000000e+00
2.235994274393087622e+01,0.000000000000000000e+00,0.000000000000000000e+00
2.170769608394790851e+01,0.000000000000000000e+00,0.000000000000000000e+00
2.147934924272774992e+01,0.000000000000000000e+00,0.000000000000000000e+00
1.853568823116257036e+01,0.000000000000000000e+00,0.000000000000000000e+00
1.948282405908068426e+01,0.000000000000000000e+00,0.000000000000000000e+00
2.129011394793098688e+01,0.000000000000000000e+00,0.000000000000000000e+00
2.320678352642975284e+01,0.000000000000000000e+00,0.000000000000000000e+00
1.993565777387769344e+01,0.000000000000000000e+00,0.000000000000000000e+00
1.926045576739967302e+01,0.000000000000000000e+00,0.000000000000000000e+00
2.080628731932399234e+01,0.000000000000000000e+00,0.000000000000000000e+00
2.132483496078659968e+01,0.000000000000000000e+00,0.000000000000000000e+00
2.357778420073326942e+01,0.000000000000000000e+00,0.000000000000000000e+00
2.421331909877948618e+01,0.000000000000000000e+00,0.000000000000000000e+00
2.190122930830274939e+01,0.000000000000000000e+00,0.000000000000000000e+00
1.982880009164141555e+01,0.000000000000000000e+00,0.000000000000000000e+00
2.215785203121797764e+01,0.000000000000000000e+00,0.000000000000000000e+00
2.071631393295292156e+01,0.000000000000000000e+00,0.000000000000000000e+00
2.302947142936445957e+01,0.000000000000000000e+00,0.000000000000000000e+00
2.141722380674019632e+01,0.000000000000000000e+00,0.000000000000000000e+00
2.318854924259688843e+01,0.000000000000000000e+00,0.000000000000000000e+00
2.052487717554079438e+01,0.000000000000000000e+00,0.000000000000000000e+00
1.799160842460663545e+01,0.000000000000000000e+00,0.000000000000000000e+00
2.101113950116963025e+01,0.000000000000000000e+00,0.000000000000000000e+00
2.022399396200066946e+01,0.000000000000000000e+00,0.000000000000000000e+00
1.946509751909214714e+01,0.000000000000000000e+00,0.000000000000000000e+00
1.971803368083590513e+01,0.000000000000000000e+00,0.000000000000000000e+00
2.154072194710846588e+01,0.000000000000000000e+00,0.000000000000000000e+00
1.981286119368162701e+01,0.000000000000000000e+00,0.000000000000000000e+00
1.897463714696514003e+01,0.000000000000000000e+00,0.000000000000000000e+00
2.020404382224943518e+01,0.000000000000000000e+00,0.000000000000000000e+00
2.229930420381664646e+01,0.000000000000000000e+00,0.000000000000000000e+00
1.981803279485055924e+01,0.000000000000000000e+00,0.000000000000000000e+00
1.938409117290606432e+01,0.000000000000000000e+00,0.000000000000000000e+00
1.994245585396710041e+01,0.000000000000000000e+00,0.000000000000000000e+00
2.039942473540429191e+01,0.000000000000000000e+00,0.000000000000000000e+00
2.046383360826278164e+01,0.000000000000000000e+00,0.000000000000000000e+00
2.084320957465693525e+01,0.000000000000000000e+00,0.000000000000000000e+00
2.081527910336448173e+01,0.000000000000000000e+00,0.000000000000000000e+00
2.389590765384402005e+01,0.000000000000000000e+00,0.000000000000000000e+00
2.048995747149229985e+01,0.000000000000000000e+00,0.000000000000000000e+00
1.953906585437223598e+01,0.000000000000000000e+00,0.000000000000000000e+00
1.914552515511775610e+01,0.000000000000000000e+00,0.000000000000000000e+00
2.354218987127697460e+01,0.000000000000000000e+00,0.000000000000000000e+00
2.026000951432891739e+01,0.000000000000000000e+00,0.000000000000000000e+00
1.815078282314665969e+01,0.000000000000000000e+00,0.000000000000000000e+00
2.366578391541526827e+01,0.000000000000000000e+00,0.000000000000000000e+00
2.228011334375515773e+01,0.000000000000000000e+00,0.000000000000000000e+00
2.015314823009563483e+01,0.000000000000000000e+00,0.000000000000000000e+00
2.460142303792651930e+01,0.000000000000000000e+00,0.000000000000000000e+00
1.875250067627969841e+01,0.000000000000000000e+00,0.000000000000000000e+00
2.255255093150198675e+01,0.000000000000000000e+00,0.000000000000000000e+00
2.148255033825807203e+01,0.000000000000000000e+00,0.000000000000000000e+00
1.926477887514476350e+01,0.000000000000000000e+00,0.000000000000000000e+00
1.896561052463299646e+01,0.000000000000000000e+00,0.000000000000000000e+00
1.961498962503038612e+01,0.000000000000000000e+00,0.000000000000000000e+00
2.186363226380229463e+01,0.000000000000000000e+00,0.000000000000000000e+00
2.111433737758261131e+01,0.000000000000000000e+00,0.000000000000000000e+00
1.718833600243138093e+01,0.000000000000000000e+00,0.000000000000000000e+00
1.930511180624820611e+01,0.000000000000000000e+00,0.000000000000000000e+00
1.823694896422613354e+01,0.000000000000000000e+00,0.000000000000000000e+00
2.185409369519706857e+01,0.000000000000000000e+00,0.000000000000000000e+00
2.095517840388767539e+01,0.000000000000000000e+00,0.000000000000000000e+00
2.155516676437259704e+01,0.000000000000000000e+00,0.000000000000000000e+00
2.035045908063469611e+01,0.000000000000000000e+00,0.000000000000000000e+00
1.969590976429409679e+01,0.000000000000000000e+00,0.000000000000000000e+00
2.084567399054435199e+01,0.000000000000000000e+00,0.000000000000000000e+00
1.572765980985154854e+01,0.000000000000000000e+00,0.000000000000000000e+00
2.114589724378817337e+01,0.000000000000000000e+00,0.000000000000000000e+00
2.177029147107809237e+01,0.000000000000000000e+00,0.000000000000000000e+00
1.997751792178134167e+01,0.000000000000000000e+00,0.000000000000000000e+00
1.895432885212662200e+01,0.000000000000000000e+00,0.000000000000000000e+00
2.022259172901141966e+01,0.000000000000000000e+00,0.000000000000000000e+00
1.863345883318518403e+01,0.000000000000000000e+00,0.000000000000000000e+00
1.781658475961924282e+01,0.000000000000000000e+00,0.000000000000000000e+00
1.813169442183866309e+01,0.000000000000000000e+00,0.000000000000000000e+00
2.074020587035683505e+01,0.000000000000000000e+00,0.000000000000000000e+00
1.742048833250607487e+01,0.000000000000000000e+00,0.000000000000000000e+00
2.055299686689286176e+01,0.000000000000000000e+00,0.000000000000000000e+00
2.009084826982220662e+01,0.000000000000000000e+00,0.000000000000000000e+00
1.803950429920978138e+01,0.000000000000000000e+00,0.000000000000000000e+00
2.133074242930064912e+01,0.000000000000000000e+00,0.000000000000000000e+00
2.388500192221910368e+01,0.000000000000000000e+00,0.000000000000000000e+00
1.976582303232876825e+01,0.000000000000000000e+00,0.000000000000000000e+00
2.233829646595215834e+01,0.000000000000000000e+00,0.000000000000000000e+00
2.378692615602653149e+01,0.000000000000000000e+00,0.000000000000000000e+00
2.009312693719162013e+01,0.000000000000000000e+00,0.000000000000000000e+00
1.800854147750112233e+01,0.000000000000000000e+00,0.000000000000000000e+00
2.120633104970302085e+01,0.000000000000000000e+00,0.000000000000000000e+00
2.033687720729782811e+01,0.000000000000000000e+00,0.000000000000000000e+00
2.277563449193387868e+01,0.000000000000000000e+00,0.000000000000000000e+00
1.765351260198589856e+01,0.000000000000000000e+00,0.000000000000000000e+00
2.051110684032725473e+01,0.000000000000000000e+00,0.000000000000000000e+00
2.077296530088596427e+01,0.000000000000000000e+00,0.000000000000000000e+00
2.001651453066001096e+01,0.000000000000000000e+00,0.000000000000000000e+00
2.089831914370034838e+01,0.000000000000000000e+00,0.000000000000000000e+00
1.978878959079332134e+01,0.000000000000000000e+00,0.000000000000000000e+00
1.742080804082431200e+01,0.000000000000000000e+00,0.000000000000000000e+00
1.993027636559447302e+01,0.000000000000000000e+00,0.000000000000000000e+00
2.204826857730754242e+01,0.000000000000000000e+00,0.000000000000000000e+00
2.166866319787311213e+01,0.000000000000000000e+00,0.000000000000000000e+00
2.041785079598797736e+01,0.000000000000000000e+00,0.000000000000000000e+00
1.847085417260818829e+01,0.000000000000000000e+00,0.000000000000000000e+00
2.201918105349843913e+01,0.000000000000000000e+00,0.000000000000000000e+00
1.907339416164407453e+01,0.000000000000000000e+00,0.000000000000000000e+00
1.613095949663103568e+01,0.000000000000000000e+00,0.000000000000000000e+00
2.386222472128770988e+01,0.000000000000000000e+00,0.000000000000000000e+00
1.944803736335306965e+01,0.000000000000000000e+00,0.000000000000000000e+00
1.968422119409327919e+01,0.000000000000000000e+00,0.000000000000000000e+00
1.969302411655512941e+01,0.000000000000000000e+00,0.000000000000000000e+00
1.747323964179947353e+01,0.000000000000000000e+00,0.000000000000000000e+00
1.930083947947732170e+01,0.000000000000000000e+00,0.000000000000000000e+00
2.250970723992956835e+01,0.000000000000000000e+00,0.000000000000000000e+00
1.825590180666371865e+01,0.000000000000000000e+00,0.000000000000000000e+00
2.041871312636380509e+01,0.000000000000000000e+00,0.000000000000000000e+00
1.921893790162830840e+01,0.000000000000000000e+00,0.000000000000000000e+00
2.275274759090392607e+01,0.000000000000000000e+00,0.000000000000000000e+00
1.891978199329457055e+01,0.000000000000000000e+00,0.000000000000000000e+00
2.290591699997290220e+01,0.000000000000000000e+00,0.000000000000000000e+00
1.835230586905602834e+01,0.000000000000000000e+00,0.000000000000000000e+00
2.059902277050182562e+01,0.000000000000000000e+00,0.000000000000000000e+00
1.726807566895014290e+01,0.000000000000000000e+00,0.000000000000000000e+00
1.963180788865260595e+01,0.000000000000000000e+00,0.000000000000000000e+00
1.931571956023219627e+01,0.000000000000000000e+00,0.000000000000000000e+00
2.062671597880129326e+01,0.000000000000000000e+00,0.000000000000000000e+00
2.481148260042229481e+01,0.000000000000000000e+00,0.000000000000000000e+00
2.127626144030606525e+01,0.000000000000000000e+00,0.000000000000000000e+00
1.790630442759606211e+01,0.000000000000000000e+00,0.000000000000000000e+00
2.205878617736855674e+01,0.000000000000000000e+00,0.000000000000000000e+00
1.731723485681091645e+01,0.000000000000000000e+00,0.000000000000000000e+00
1.910052038000392116e+01,0.000000000000000000e+00,0.000000000000000000e+00
1.944314247722694589e+01,0.000000000000000000e+00,0.000000000000000000e+00
2.465688777528555420e+01,0.000000000000000000e+00,0.000000000000000000e+00
2.304300292273200412e+01,0.000000000000000000e+00,0.000000000000000000e+00
2.004071084861763197e+01,0.000000000000000000e+00,0.000000000000000000e+00
2.131614044060609459e+01,0.000000000000000000e+00,0.000000000000000000e+00
1.963564096366705414e+01,0.000000000000000000e+00,0.000000000000000000e+00
2.100712438661764381e+01,0.000000000000000000e+00,0.000000000000000000e+00
1.845251149592189677e+01,0.000000000000000000e+00,0.000000000000000000e+00
2.360810471895571538e+01,0.000000000000000000e+00,0.000000000000000000e+00
2.110914410983936307e+01,0.000000000000000000e+00,0.000000000000000000e+00
1.956528995830039719e+01,0.000000000000000000e+00,0.000000000000000000e+00
1.809591668316052093e+01,0.000000000000000000e+00,0.000000000000000000e+00
2.206468594354453217e+01,0.000000000000000000e+00,0.000000000000000000e+00
1.936058227409029797e+01,0.000000000000000000e+00,0.000000000000000000e+00
1.796927740504983007e+01,0.000000000000000000e+00,0.000000000000000000e+00
1.814210285373614084e+01,0.000000000000000000e+00,0.000000000000000000e+00
1.697104938436669386e+01,0.000000000000000000e+00,0.000000000000000000e+00
2.256639760229595026e+01,0.000000000000000000e+00,0.000000000000000000e+00
2.184132489494665208e+01,0.000000000000000000e+00,0.000000000000000000e+00
2.061718924613466086e+01,0.000000000000000000e+00,0.000000000000000000e+00
1.654285986316558521e+01,0.000000000000000000e+00,0.000000000000000000e+00
1.869840535503522716e+01,0.000000000000000000e+00,0.000000000000000000e+00
2.313693449778176259e+01,0.000000000000000000e+00,0.000000000000000000e+00
2.201314997376078253e+01,0.000000000000000000e+00,0.000000000000000000e+00
1.995947001577230040e+01,0.000000000000000000e+00,0.000000000000000000e+00
2.065695938575465362e+01,0.000000000000000000e+00,0.000000000000000000e+00
1.721264958601557993e+01,0.000000000000000000e+00,0.000000000000000000e+00
2.097555482872789057e+01,0.000000000000000000e+00,0.000000000000000000e+00
2.126681471491951569e+01,0.000000000000000000e+00,0.000000000000000000e+00
1.974419454835111765e+01,0.000000000000000000e+00,0.000000000000000000e+00
1.901230959871852377e+01,0.000000000000000000e+00,0.000000000000000000e+00
1.887103159533435459e+01,0.000000000000000000e+00,0.000000000000000000e+00
2.064295457382365839e+01,0.000000000000000000e+00,0.000000000000000000e+00
2.060166915562059842e+01,0.000000000000000000e+00,0.000000000000000000e+00
1.560816828531644163e+01,0.000000000000000000e+00,0.000000000000000000e+00
1.849321225879608477e+01,0.000000000000000000e+00,0.000000000000000000e+00
2.026201818917371256e+01,0.000000000000000000e+00,0.000000000000000000e+00
2.011728579148284624e+01,0.000000000000000000e+00,0.000000000000000000e+00
2.249570816851552735e+01,0.000000000000000000e+00,0.000000000000000000e+00
1.777006885298776950e+01,0.000000000000000000e+00,0.000000000000000000e+00
1.684088780248123740e+01,0.000000000000000000e+00,0.000000000000000000e+00
2.412017661741408148e+01,0.000000000000000000e+00,0.000000000000000000e+00
2.175677492747295716e+01,0.000000000000000000e+00,0.000000000000000000e+00
2.160852690657899089e+01,0.000000000000000000e+00,0.000000000000000000e+00
1.846716080597078147e+01,0.000000000000000000e+00,0.000000000000000000e+00
2.064425848687237064e+01,0.000000000000000000e+00,0.000000000000000000e+00
2.078570843039403115e+01,0.000000000000000000e+00,0.000000000000000000e+00
2.392874764002804255e+01,0.000000000000000000e+00,0.000000000000000000e+00
1.877562475491473748e+01,0.000000000000000000e+00,0.000000000000000000e+00
1.990063293865734551e+01,0.000000000000000000e+00,0.000000000000000000e+00
1.851082137630471891e+01,0.000000000000000000e+00,0.000000000000000000e+00
1.878780774222448713e+01,0.000000000000000000e+00,0.000000000000000000e+00
1.870742018219127090e+01,0.000000000000000000e+00,0.000000000000000000e+00
2.145270755239585370e+01,0.000000000000000000e+00,0.000000000000000000e+00
1.906380640705020468e+01,0.000000000000000000e+00,0.000000000000000000e+00
2.523771356800544297e+01,0.000000000000000000e+00,0.000000000000000000e+00
1.889538155545793074e+01,0.000000000000000000e+00,0.000000000000000000e+00
2.010996932387221037e+01,0.000000000000000000e+00,0.000000000000000000e+00
1.913239981750885121e+01,0.000000000000000000e+00,0.000000000000000000e+00
2.241333532416029684e+01,0.000000000000000000e+00,0.000000000000000000e+00
2.058521627307801793e+01,0.000000000000000000e+00,0.000000000000000000e+00
1.612575144901516211e+01,0.000000000000000000e+00,0.000000000000000000e+00
2.040714058446950574e+01,0.000000000000000000e+00,0.000000000000000000e+00
2.184539850688518214e+01,0.000000000000000000e+00,0.000000000000000000e+00
2.005672457965161826e+01,0.000000000000000000e+00,0.000000000000000000e+00
2.173243344492321683e+01,0.000000000000000000e+00,0.000000000000000000e+00
1.800286898742998076e+01,0.000000000000000000e+00,0.000000000000000000e+00
2.260054867640997500e+01,0.000000000000000000e+00,0.000000000000000000e+00
2.022479597433861187e+01,0.000000000000000000e+00,0.000000000000000000e+00
2.008340731754432795e+01,0.000000000000000000e+00,0.000000000000000000e+00
2.244315574469332830e+01,0.000000000000000000e+00,0.000000000000000000e+00
2.182130247981710269e+01,0.000000000000000000e+00,0.000000000000000000e+00
1.435447700604357379e+01,0.000000000000000000e+00,0.000000000000000000e+00
1.825580172580406213e+01,0.000000000000000000e+00,0.000000000000000000e+00
1.928683370738385605e+01,0.000000000000000000e+00,0.000000000000000000e+00
1.994848429811797175e+01,0.000000000000000000e+00,0.000000000000000000e+00
2.641810731632184428e+01,0.000000000000000000e+00,0.000000000000000000e+00
2.230228059589734357e+01,0.000000000000000000e+00,0.000000000000000000e+00
1.969423373447731862e+01,0.000000000000000000e+00,0.000000000000000000e+00
2.526481839162253706e+01,0.000000000000000000e+00,0.000000000000000000e+00
2.239123253566018334e+01,0.000000000000000000e+00,0.000000000000000000e+00
2.127582261963275911e+01,0.000000000000000000e+00,0.000000000000000000e+00
2.038639138772614956e+01,0.000000000000000000e+00,0.000000000000000000e+00
2.153626143649717761e+01,0.000000000000000000e+00,0.000000000000000000e+00
2.116518411890050899e+01,0.000000000000000000e+00,0.000000000000000000e+00
2.196339181742689206e+01,0.000000000000000000e+00,0.000000000000000000e+00
2.331779318769328313e+01,0.000000000000000000e+00,0.000000000000000000e+00
2.001013743857828686e+01,0.000000000000000000e+00,0.000000000000000000e+00
1.911500099957424581e+01,0.000000000000000000e+00,0.000000000000000000e+00
1.945752664245469532e+01,0.000000000000000000e+00,0.000000000000000000e+00
2.024401731287331074e+01,0.000000000000000000e+00,0.000000000000000000e+00
2.085450386657088728e+01,0.000000000000000000e+00,0.000000000000000000e+00
2.229160917342635173e+01,0.000000000000000000e+00,0.000000000000000000e+00
2.150085110509819941e+01,0.000000000000000000e+00,0.000000000000000000e+00
1.894934304135317404e+01,0.000000000000000000e+00,0.000000000000000000e+00
1.801743631492963971e+01,0.000000000000000000e+00,0.000000000000000000e+00
2.343989701409048365e+01,0.000000000000000000e+00,0.000000000000000000e+00
2.102114583433859707e+01,0.000000000000000000e+00,0.000000000000000000e+00
2.034835960839715341e+01,0.000000000000000000e+00,0.000000000000000000e+00
1.988637917935508170e+01,0.000000000000000000e+00,0.000000000000000000e+00
2.293042629453887216e+01,0.000000000000000000e+00,0.000000000000000000e+00
2.141374371664559462e+01,0.000000000000000000e+00,0.000000000000000000e+00
2.356146748339922681e+01,0.000000000000000000e+00,0.000000000000000000e+00
2.311867490105198897e+01,0.000000000000000000e+00,0.000000000000000000e+00
1.710200429656732268e+01,0.000000000000000000e+00,0.000000000000000000e+00
2.584561295247392820e+01,0.000000000000000000e+00,0.000000000000000000e+00
1.991129854498866791e+01,0.000000000000000000e+00,0.000000000000000000e+00
2.344783133775271367e+01,0.000000000000000000e+00,0.000000000000000000e+00
2.012733393489706302e+01,0.000000000000000000e+00,0.000000000000000000e+00
2.260498262733059249e+01,0.000000000000000000e+00,0.000000000000000000e+00
2.129932354721870524e+01,0.000000000000000000e+00,0.000000000000000000e+00
2.022211077279619573e+01,0.000000000000000000e+00,0.000000000000000000e+00
1.942151721822029131e+01,0.000000000000000000e+00,0.000000000000000000e+00
2.015252979207198081e+01,0.000000000000000000e+00,0.000000000000000000e+00
1.862576098685565285e+01,0.000000000000000000e+00,0.000000000000000000e+00
2.118708754689477303e+01,0.000000000000000000e+00,0.000000000000000000e+00
1.907866850493094546e+01,0.000000000000000000e+00,0.000000000000000000e+00
2.344662044073505314e+01,0.000000000000000000e+00,0.000000000000000000e+00
2.071262093617499644e+01,0.000000000000000000e+00,0.000000000000000000e+00
2.109155935647559943e+01,0.000000000000000000e+00,0.000000000000000000e+00
1.940540076359826571e+01,0.000000000000000000e+00,0.000000000000000000e+00
2.091327312729674404e+01,0.000000000000000000e+00,0.000000000000000000e+00
2.207169111925194827e+01,0.000000000000000000e+00,0.000000000000000000e+00
2.583456180783975853e+01,0.000000000000000000e+00,0.000000000000000000e+00
2.451504949197964223e+01,0.000000000000000000e+00,0.000000000000000000e+00
2.496548560526021276e+01,0.000000000000000000e+00,0.000000000000000000e+00
2.383578845174368510e+01,0.000000000000000000e+00,0.000000000000000000e+00
2.096768385144530455e+01,0.000000000000000000e+00,0.000000000000000000e+00
1.758967537731265196e+01,0.000000000000000000e+00,0.000000000000000000e+00
2.371764599336159307e+01,0.000000000000000000e+00,0.000000000000000000e+00
2.023114988793192026e+01,0.000000000000000000e+00,0.000000000000000000e+00
2.040946132488273435e+01,0.000000000000000000e+00,0.000000000000000000e+00
2.539517572747069352e+01,0.000000000000000000e+00,0.000000000000000000e+00
2.289079767902608253e+01,0.000000000000000000e+00,0.000000000000000000e+00
2.762778426856358749e+01,0.000000000000000000e+00,0.000000000000000000e+00
2.279656743511038997e+01,0.000000000000000000e+00,0.000000000000000000e+00
2.590120312446937234e+01,0.000000000000000000e+00,0.000000000000000000e+00
2.242963814922750743e+01,0.000000000000000000e+00,0.000000000000000000e+00
2.505026294146246713e+01,0.000000000000000000e+00,0.000000000000000000e+00
2.347269192618415445e+01,0.000000000000000000e+00,0.000000000000000000e+00
2.322659099327960774e+01,0.000000000000000000e+00,0.000000000000000000e+00
2.667848719130603996e+01,0.000000000000000000e+00,0.000000000000000000e+00
2.137009461081247252e+01,0.000000000000000000e+00,0.000000000000000000e+00
2.207237471841881060e+01,0.000000000000000000e+00,0.000000000000000000e+00
1.993984660419966914e+01,0.000000000000000000e+00,0.000000000000000000e+00
2.256251307645117166e+01,0.000000000000000000e+00,0.000000000000000000e+00
2.445555198436894884e+01,0.000000000000000000e+00,0.000000000000000000e+00
2.289815619856744178e+01,0.000000000000000000e+00,0.000000000000000000e+00
2.298918882007900422e+01,0.000000000000000000e+00,0.000000000000000000e+00
2.073863948910294042e+01,0.000000000000000000e+00,0.000000000000000000e+00
2.219749171732003745e+01,0.000000000000000000e+00,0.000000000000000000e+00
2.110195945707839371e+01,0.000000000000000000e+00,0.000000000000000000e+00
2.407061047247725938e+01,0.000000000000000000e+00,0.000000000000000000e+00
2.200053937592887721e+01,0.000000000000000000e+00,0.000000000000000000e+00
1.909860523473199834e+01,0.000000000000000000e+00,0.000000000000000000e+00
2.269999922357272126e+01,0.000000000000000000e+00,0.000000000000000000e+00
1.943192737232742218e+01,0.000000000000000000e+00,0.000000000000000000e+00
2.807833501499484186e+01,0.000000000000000000e+00,0.000000000000000000e+00
2.160406688830486743e+01,0.000000000000000000e+00,0.000000000000000000e+00
2.444627861810776892e+01,0.000000000000000000e+00,0.000000000000000000e+00
2.474633247156414129e+01,0.000000000000000000e+00,0.000000000000000000e+00
2.039391799207642819e+01,0.000000000000000000e+00,0.000000000000000000e+00
2.448213379561023118e+01,0.000000000000000000e+00,0.000000000000000000e+00
2.059309450656000706e+01,0.000000000000000000e+00,0.000000000000000000e+00
2.270128334033703155e+01,0.000000000000000000e+00,0.000000000000000000e+00
2.673398209919143653e+01,0.000000000000000000e+00,0.000000000000000000e+00
2.510002849075820919e+01,0.000000000000000000e+00,0.000000000000000000e+00
2.494334121851019859e+01,0.000000000000000000e+00,0.000000000000000000e+00
2.573280307117430254e+01,0.000000000000000000e+00,0.000000000000000000e+00
2.512118756957728039e+01,0.000000000000000000e+00,0.000000000000000000e+00
2.498419671379403795e+01,0.000000000000000000e+00,0.000000000000000000e+00
2.298646359910536674e+01,0.000000000000000000e+00,0.000000000000000000e+00
2.473204828065026106e+01,0.000000000000000000e+00,0.000000000000000000e+00
2.075893732507423906e+01,0.000000000000000000e+00,0.000000000000000000e+00
2.421627822220181159e+01,0.000000000000000000e+00,0.000000000000000000e+00
2.171817360383548845e+01,0.000000000000000000e+00,0.000000000000000000e+00
2.533247673547194978e+01,0.000000000000000000e+00,0.000000000000000000e+00
2.160983389951229583e+01,0.000000000000000000e+00,0.000000000000000000e+00
2.549574021574554550e+01,0.000000000000000000e+00,0.000000000000000000e+00
2.671671649421177719e+01,0.000000000000000000e+00,0.000000000000000000e+00
2.235534656875191217e+01,0.000000000000000000e+00,0.000000000000000000e+00
2.549645325314438438e+01,0.000000000000000000e+00,0.000000000000000000e+00
2.518687474219085587e+01,0.000000000000000000e+00,0.000000000000000000e+00
2.520518490294085012e+01,0.000000000000000000e+00,0.000000000000000000e+00
2.555422774840049982e+01,0.000000000000000000e+00,0.000000000000000000e+00
2.410629120614203202e+01,0.000000000000000000e+00,0.000000000000000000e+00
2.851262137345386094e+01,0.000000000000000000e+00,0.000000000000000000e+00
2.198792192481807461e+01,0.000000000000000000e+00,0.000000000000000000e+00
2.564193875733981187e+01,0.000000000000000000e+00,0.000000000000000000e+00
2.506617487523090659e+01,0.000000000000000000e+00,0.000000000000000000e+00
2.265871574710264014e+01,0.000000000000000000e+00,0.000000000000000000e+00
2.420177236850637215e+01,0.000000000000000000e+00,0.000000000000000000e+00
2.744561201582402177e+01,0.000000000000000000e+00,0.000000000000000000e+00
2.379857285554750135e+01,0.000000000000000000e+00,0.000000000000000000e+00
2.918527600812857514e+01,0.000000000000000000e+00,0.000000000000000000e+00
2.253050639097310892e+01,0.000000000000000000e+00,0.000000000000000000e+00
2.332620208090992620e+01,0.000000000000000000e+00,0.000000000000000000e+00
2.449890552575133640e+01,0.000000000000000000e+00,0.000000000000000000e+00
2.216470720359290780e+01,0.000000000000000000e+00,0.000000000000000000e+00
2.447091165047015338e+01,0.000000000000000000e+00,0.000000000000000000e+00
2.714811412518209721e+01,0.000000000000000000e+00,0.000000000000000000e+00
2.407242075222807642e+01,0.000000000000000000e+00,0.000000000000000000e+00
2.937004271560755697e+01,0.000000000000000000e+00,0.000000000000000000e+00
2.612423447418659705e+01,0.000000000000000000e+00,0.000000000000000000e+00
2.517395927243285314e+01,0.000000000000000000e+00,0.000000000000000000e+00
2.663443010220066398e+01,0.000000000000000000e+00,0.000000000000000000e+00
2.344284678905058072e+01,0.000000000000000000e+00,0.000000000000000000e+00
2.470425749305809049e+01,0.000000000000000000e+00,0.000000000000000000e+00
2.718994307100311758e+01,0.000000000000000000e+00,0.000000000000000000e+00
2.582984433197277596e+01,0.000000000000000000e+00,0.000000000000000000e+00
2.276302046691848702e+01,0.000000000000000000e+00,0.000000000000000000e+00
2.813268071537357784e+01,0.000000000000000000e+00,0.000000000000000000e+00
2.367397036827947332e+01,0.000000000000000000e+00,0.000000000000000000e+00
2.555525556233298801e+01,0.000000000000000000e+00,0.000000000000000000e+00
2.174800261377357913e+01,0.000000000000000000e+00,0.000000000000000000e+00
2.166002934280863101e+01,0.000000000000000000e+00,0.000000000000000000e+00
2.263926299678316667e+01,0.000000000000000000e+00,0.000000000000000000e+00
2.306542925617477380e+01,0.000000000000000000e+00,0.000000000000000000e+00
2.545221200642338744e+01,0.000000000000000000e+00,0.000000000000000000e+00
2.224917249961955434e+01,0.000000000000000000e+00,0.000000000000000000e+00
2.601583556651466012e+01,0.000000000000000000e+00,0.000000000000000000e+00
2.675119063317198709e+01,0.000000000000000000e+00,0.000000000000000000e+00
2.418434666543735645e+01,0.000000000000000000e+00,0.000000000000000000e+00
2.591200519482075393e+01,0.000000000000000000e+00,0.000000000000000000e+00
2.677256291993640147e+01,0.000000000000000000e+00,0.000000000000000000e+00
2.597573265027405398e+01,0.000000000000000000e+00,0.000000000000000000e+00
2.463329406849377534e+01,0.000000000000000000e+00,0.000000000000000000e+00
2.514118494735635778e+01,0.000000000000000000e+00,0.000000000000000000e+00
2.530234366403607993e+01,0.000000000000000000e+00,0.000000000000000000e+00
2.639373304442591817e+01,0.000000000000000000e+00,0.000000000000000000e+00
2.641413512454707302e+01,0.000000000000000000e+00,0.000000000000000000e+00
2.774473724243342687e+01,0.000000000000000000e+00,0.000000000000000000e+00
2.793451209903626165e+01,0.000000000000000000e+00,0.000000000000000000e+00
2.656506886865723516e+01,0.000000000000000000e+00,0.000000000000000000e+00
2.632297116967557571e+01,0.000000000000000000e+00,0.000000000000000000e+00
2.510125072346497177e+01,0.000000000000000000e+00,0.000000000000000000e+00
2.532444450196948083e+01,0.000000000000000000e+00,0.000000000000000000e+00
2.444128803890587776e+01,0.000000000000000000e+00,0.000000000000000000e+00
2.884373495782191554e+01,0.000000000000000000e+00,0.000000000000000000e+00
2.908870235460651088e+01,0.000000000000000000e+00,0.000000000000000000e+00
2.906857310356662794e+01,0.000000000000000000e+00,0.000000000000000000e+00
3.230668971198153372e+01,0.000000000000000000e+00,0.000000000000000000e+00
2.621379114380700770e+01,0.000000000000000000e+00,0.000000000000000000e+00
2.889508037250906369e+01,0.000000000000000000e+00,0.000000000000000000e+00
2.603699507819090542e+01,0.000000000000000000e+00,0.000000000000000000e+00
2.878841706279095192e+01,0.000000000000000000e+00,0.000000000000000000e+00
2.622554377824059912e+01,0.000000000000000000e+00,0.000000000000000000e+00
2.891062707365477991e+01,0.000000000000000000e+00,0.000000000000000000e+00
2.750893621402526534e+01,0.000000000000000000e+00,0.000000000000000000e+00
2.814124955115240923e+01,0.000000000000000000e+00,0.000000000000000000e+00
2.594050811860542538e+01,0.000000000000000000e+00,0.000000000000000000e+00
2.774716521904727884e+01,0.000000000000000000e+00,0.000000000000000000e+00
2.851466497899451369e+01,0.000000000000000000e+00,0.000000000000000000e+00
2.438858932142718317e+01,0.000000000000000000e+00,0.000000000000000000e+00
2.650417512850562218e+01,0.000000000000000000e+00,0.000000000000000000e+00
2.890430074998250021e+01,0.000000000000000000e+00,0.000000000000000000e+00
2.911893415761182879e+01,0.000000000000000000e+00,0.000000000000000000e+00
2.641884328552682959e+01,0.000000000000000000e+00,0.000000000000000000e+00
3.026124155304117735e+01,0.000000000000000000e+00,0.000000000000000000e+00
3.081853674386225705e+01,0.000000000000000000e+00,0.000000000000000000e+00
2.816190573784696483e+01,0.000000000000000000e+00,0.000000000000000000e+00
3.016790273057608474e+01,0.000000000000000000e+00,0.000000000000000000e+00
3.130435397892610894e+01,0.000000000000000000e+00,0.000000000000000000e+00
2.740322748924329943e+01,0.000000000000000000e+00,0.000000000000000000e+00
2.230567241997006889e+01,0.000000000000000000e+00,0.000000000000000000e+00
3.158645263161087158e+01,0.000000000000000000e+00,0.000000000000000000e+00
3.008007136953997573e+01,0.000000000000000000e+00,0.000000000000000000e+00
3.077113846351652171e+01,0.000000000000000000e+00,0.000000000000000000e+00
3.093437072589417625e+01,0.000000000000000000e+00,0.000000000000000000e+00
2.677822938689344312e+01,0.000000000000000000e+00,0.000000000000000000e+00
2.847224153794139312e+01,0.000000000000000000e+00,0.000000000000000000e+00
2.920125926409368589e+01,0.000000000000000000e+00,0.000000000000000000e+00
2.744920813614417909e+01,0.000000000000000000e+00,0.000000000000000000e+00
2.660405399682922933e+01,0.000000000000000000e+00,0.000000000000000000e+00
2.889788153121115855e+01,0.000000000000000000e+00,0.000000000000000000e+00
2.979545025255772472e+01,0.000000000000000000e+00,0.000000000000000000e+00
2.991972402597512470e+01,0.000000000000000000e+00,0.000000000000000000e+00
2.748514564687762629e+01,0.000000000000000000e+00,0.000000000000000000e+00
2.950694544983150891e+01,0.000000000000000000e+00,0.000000000000000000e+00
2.881127654002105487e+01,0.000000000000000000e+00,0.000000000000000000e+00
2.658515877048306919e+01,0.000000000000000000e+00,0.000000000000000000e+00
3.184648300676882116e+01,0.000000000000000000e+00,0.000000000000000000e+00
2.711292790415849652e+01,0.000000000000000000e+00,0.000000000000000000e+00
2.471789163242249288e+01,0.000000000000000000e+00,0.000000000000000000e+00
2.959402728817771333e+01,0.000000000000000000e+00,0.000000000000000000e+00
3.188546862120865200e+01,0.000000000000000000e+00,0.000000000000000000e+00
2.708579473858679876e+01,0.000000000000000000e+00,0.000000000000000000e+00
3.056784706781428085e+01,0.000000000000000000e+00,0.000000000000000000e+00
2.802740038770206965e+01,0.000000000000000000e+00,0.000000000000000000e+00
3.140031165456367646e+01,0.000000000000000000e+00,0.000000000000000000e+00
2.865177349948775998e+01,0.000000000000000000e+00,0.000000000000000000e+00
2.861229075171632275e+01,0.000000000000000000e+00,0.000000000000000000e+00
3.205912270671608155e+01,0.000000000000000000e+00,0.000000000000000000e+00
2.993291152706881064e+01,0.000000000000000000e+00,0.000000000000000000e+00
3.062495618937195019e+01,0.000000000000000000e+00,0.000000000000000000e+00
3.208655118901971548e+01,0.000000000000000000e+00,0.000000000000000000e+00
3.402088227578872193e+01,0.000000000000000000e+00,0.000000000000000000e+00
3.033850691167797109e+01,0.000000000000000000e+00,0.000000000000000000e+00
3.203810685453379392e+01,0.000000000000000000e+00,0.000000000000000000e+00
2.822462268249589812e+01,0.000000000000000000e+00,0.000000000000000000e+00
3.289736552071491360e+01,0.000000000000000000e+00,0.000000000000000000e+00
3.018092836720263961e+01,0.000000000000000000e+00,0.000000000000000000e+00
3.026063619545364602e+01,0.000000000000000000e+00,0.000000000000000000e+00
3.024025669414497131e+01,0.000000000000000000e+00,0.000000000000000000e+00
3.258601647924518119e+01,0.000000000000000000e+00,0.000000000000000000e+00
3.074057372843461167e+01,0.000000000000000000e+00,0.000000000000000000e+00
3.224154052946041560e+01,0.000000000000000000e+00,0.000000000000000000e+00
2.966984231776868697e+01,0.000000000000000000e+00,0.000000000000000000e+00
3.193810292563706454e+01,0.000000000000000000e+00,0.000000000000000000e+00
2.902084209931356895e+01,0.000000000000000000e+00,0.000000000000000000e+00
3.217715849236758174e+01,0.000000000000000000e+00,0.000000000000000000e+00
2.814280951204694858e+01,0.000000000000000000e+00,0.000000000000000000e+00
2.978713318920478414e+01,0.000000000000000000e+00,0.000000000000000000e+00
3.081349015808683944e+01,0.000000000000000000e+00,0.000000000000000000e+00
2.955179135444718952e+01,0.000000000000000000e+00,0.000000000000000000e+00
2.793769299468494083e+01,0.000000000000000000e+00,0.000000000000000000e+00
3.048470760136550695e+01,0.000000000000000000e+00,0.000000000000000000e+00
3.237685183926117816e+01,0.000000000000000000e+00,0.000000000000000000e+00
2.807359443936625354e+01,0.000000000000000000e+00,0.000000000000000000e+00
3.027818699359644228e+01,0.000000000000000000e+00,0.000000000000000000e+00
3.308975107637807156e+01,0.000000000000000000e+00,0.000000000000000000e+00
3.185419476991327770e+01,0.000000000000000000e+00,0.000000000000000000e+00
3.175107704260259212e+01,0.000000000000000000e+00,0.000000000000000000e+00
3.262553329893142262e+01,0.000000000000000000e+00,0.000000000000000000e+00
3.517777296339741611e+01,0.000000000000000000e+00,0.000000000000000000e+00
3.490765217231811590e+01,0.000000000000000000e+00,0.000000000000000000e+00
3.046669284299498770e+01,0.000000000000000000e+00,0.000000000000000000e+00
2.935898950636347848e+01,0.000000000000000000e+00,0.000000000000000000e+00
3.220280013666999253e+01,0.000000000000000000e+00,0.000000000000000000e+00
3.290248255328948801e+01,0.000000000000000000e+00,0.000000000000000000e+00
3.311554414724991346e+01,0.000000000000000000e+00,0.000000000000000000e+00
3.258880667890214511e+01,0.000000000000000000e+00,0.000000000000000000e+00
3.199732486021152056e+01,0.000000000000000000e+00,0.000000000000000000e+00
2.801990444705165118e+01,0.000000000000000000e+00,0.000000000000000000e+00
2.910036459809753850e+01,0.000000000000000000e+00,0.000000000000000000e+00
3.268327065367036255e+01,0.000000000000000000e+00,0.000000000000000000e+00
3.483877075083362485e+01,0.000000000000000000e+00,0.000000000000000000e+00
2.754184583209595516e+01,0.000000000000000000e+00,0.000000000000000000e+00
3.268117874565734127e+01,0.000000000000000000e+00,0.000000000000000000e+00
2.930271041841735524e+01,0.000000000000000000e+00,0.000000000000000000e+00
3.682681667268079195e+01,0.000000000000000000e+00,0.000000000000000000e+00
3.461257389939322593e+01,0.000000000000000000e+00,0.000000000000000000e+00
3.263181562636826527e+01,0.000000000000000000e+00,0.000000000000000000e+00
3.104053551100711772e+01,0.000000000000000000e+00,0.000000000000000000e+00
3.287887973283587684e+01,0.000000000000000000e+00,0.000000000000000000e+00
3.175761018918146306e+01,0.000000000000000000e+00,0.000000000000000000e+00
3.168459604089518677e+01,0.000000000000000000e+00,0.000000000000000000e+00
2.880384689514973218e+01,0.000000000000000000e+00,0.000000000000000000e+00
3.572810949256252400e+01,0.000000000000000000e+00,0.000000000000000000e+00
3.520768025553017111e+01,0.000000000000000000e+00,0.000000000000000000e+00
3.306239063902475550e+01,0.000000000000000000e+00,0.000000000000000000e+00
3.403260430726064811e+01,0.000000000000000000e+00,0.000000000000000000e+00
3.252588413567847425e+01,0.000000000000000000e+00,0.000000000000000000e+00
3.252439023220751579e+01,0.000000000000000000e+00,0.000000000000000000e+00
3.150532999989598792e+01,0.000000000000000000e+00,0.000000000000000000e+00
3.336366625317068468e+01,0.000000000000000000e+00,0.000000000000000000e+00
3.672015541122420501e+01,0.000000000000000000e+00,0.000000000000000000e+00
3.433991906979149888e+01,0.000000000000000000e+00,0.000000000000000000e+00
3.405366335562094804e+01,0.000000000000000000e+00,0.000000000000000000e+00
3.323784445263898135e+01,0.000000000000000000e+00,0.000000000000000000e+00
3.512149467373897238e+01,0.000000000000000000e+00,0.000000000000000000e+00
3.692161102568041287e+01,0.000000000000000000e+00,0.000000000000000000e+00
3.488165857302994510e+01,0.000000000000000000e+00,0.000000000000000000e+00
3.234864479942080351e+01,0.000000000000000000e+00,0.000000000000000000e+00
3.366634633148402855e+01,0.000000000000000000e+00,0.000000000000000000e+00
3.514729102829193863e+01,0.000000000000000000e+00,0.000000000000000000e+00
3.244051581422853303e+01,0.000000000000000000e+00,0.000000000000000000e+00
3.602598573180252117e+01,0.000000000000000000e+00,0.000000000000000000e+00
3.617084020524593768e+01,0.000000000000000000e+00,0.000000000000000000e+00
3.181902332156284530e+01,0.000000000000000000e+00,0.000000000000000000e+00
3.556040358686474434e+01,0.000000000000000000e+00,0.000000000000000000e+00
3.410989013671430570e+01,0.000000000000000000e+00,0.000000000000000000e+00
3.513620736131340294e+01,0.000000000000000000e+00,0.000000000000000000e+00
3.529174493170847882e+01,0.000000000000000000e+00,0.000000000000000000e+00
3.437745462401132102e+01,0.000000000000000000e+00,0.000000000000000000e+00
3.369902518829796634e+01,0.000000000000000000e+00,0.000000000000000000e+00
3.871873860495817610e+01,0.000000000000000000e+00,0.000000000000000000e+00
3.313201586836655110e+01,0.000000000000000000e+00,0.000000000000000000e+00
3.652598000060429229e+01,0.000000000000000000e+00,0.000000000000000000e+00
3.502858732994447877e+01,0.000000000000000000e+00,0.000000000000000000e+00
3.789778152159131963e+01,0.000000000000000000e+00,0.000000000000000000e+00
3.651732924689413551e+01,0.000000000000000000e+00,0.000000000000000000e+00
3.406525074932916652e+01,0.000000000000000000e+00,0.000000000000000000e+00
3.174098243871319625e+01,0.000000000000000000e+00,0.000000000000000000e+00
3.792351870303173200e+01,0.000000000000000000e+00,0.000000000000000000e+00
3.621254795738958165e+01,0.000000000000000000e+00,0.000000000000000000e+00
3.474952271418207772e+01,0.000000000000000000e+00,0.000000000000000000e+00
3.495836712241806765e+01,0.000000000000000000e+00,0.000000000000000000e+00
3.669405530432854334e+01,0.000000000000000000e+00,0.000000000000000000e+00
3.203034706585953018e+01,0.000000000000000000e+00,0.000000000000000000e+00
3.389195795067076489e+01,0.000000000000000000e+00,0.000000000000000000e+00
3.839018633808086634e+01,0.000000000000000000e+00,0.000000000000000000e+00
3.689624644118777042e+01,0.000000000000000000e+00,0.000000000000000000e+00
3.272826236578105608e+01,0.000000000000000000e+00,0.000000000000000000e+00
4.022258089150354721e+01,0.000000000000000000e+00,0.000000000000000000e+00
3.557655541843928404e+01,0.000000000000000000e+00,0.000000000000000000e+00
3.728916021297664685e+01,0.000000000000000000e+00,0.000000000000000000e+00
3.585329899279952315e+01,0.000000000000000000e+00,0.000000000000000000e+00
3.888823447042425840e+01,0.000000000000000000e+00,0.000000000000000000e+00
3.672861454805838832e+01,0.000000000000000000e+00,0.000000000000000000e+00
3.830954100406807328e+01,0.000000000000000000e+00,0.000000000000000000e+00
3.580987175921951859e+01,0.000000000000000000e+00,0.000000000000000000e+00
3.384472671266209431e+01,0.000000000000000000e+00,0.000000000000000000e+00
3.805388913057252864e+01,0.000000000000000000e+00,0.000000000000000000e+00
3.793785929436928939e+01,0.000000000000000000e+00,0.000000000000000000e+00
3.758161815013227880e+01,0.000000000000000000e+00,0.000000000000000000e+00
3.508533897356074505e+01,0.000000000000000000e+00,0.000000000000000000e+00
3.754193798607248311e+01,0.000000000000000000e+00,0.000000000000000000e+00
3.568046718043156318e+01,0.000000000000000000e+00,0.000000000000000000e+00
3.714685476732069702e+01,0.000000000000000000e+00,0.000000000000000000e+00
3.914305258719906533e+01,0.000000000000000000e+00,0.000000000000000000e+00
3.854357819069493729e+01,0.000000000000000000e+00,0.000000000000000000e+00
3.386147091932289044e+01,0.000000000000000000e+00,0.000000000000000000e+00
3.745019794735951990e+01,0.000000000000000000e+00,0.000000000000000000e+00
3.757897989635505809e+01,0.000000000000000000e+00,0.000000000000000000e+00
3.593219128316761868e+01,0.000000000000000000e+00,0.000000000000000000e+00
3.814183551949481910e+01,0.000000000000000000e+00,0.000000000000000000e+00
3.918962690454985420e+01,0.000000000000000000e+00,0.000000000000000000e+00
3.814153629056317385e+01,0.000000000000000000e+00,0.000000000000000000e+00
3.917456309996492081e+01,0.000000000000000000e+00,0.000000000000000000e+00
3.711756123537659136e+01,0.000000000000000000e+00,0.000000000000000000e+00
3.835859241978641876e+01,0.000000000000000000e+00,0.000000000000000000e+00
4.042040334608485352e+01,0.000000000000000000e+00,0.000000000000000000e+00
3.705986851460796316e+01,0.000000000000000000e+00,0.000000000000000000e+00
4.070564572182673402e+01,0.000000000000000000e+00,0.000000000000000000e+00
3.763458253521335450e+01,0.000000000000000000e+00,0.000000000000000000e+00
3.840932424423851188e+01,0.000000000000000000e+00,0.000000000000000000e+00
3.875402230445843088e+01,0.000000000000000000e+00,0.000000000000000000e+00
3.626999487619546159e+01,0.000000000000000000e+00,0.000000000000000000e+00
3.789330247245082717e+01,0.000000000000000000e+00,0.000000000000000000e+00
3.907012389478126124e+01,0.000000000000000000e+00,0.000000000000000000e+00
4.199022489138290126e+01,0.000000000000000000e+00,0.000000000000000000e+00
4.236141611608217517e+01,0.000000000000000000e+00,0.000000000000000000e+00
4.002443014630877371e+01,0.000000000000000000e+00,0.000000000000000000e+00
4.248192124212219056e+01,0.000000000000000000e+00,0.000000000000000000e+00
4.120230597878896361e+01,0.000000000000000000e+00,0.000000000000000000e+00
3.967397498267396116e+01,0.000000000000000000e+00,0.000000000000000000e+00
3.535670487785098004e+01,0.000000000000000000e+00,0.000000000000000000e+00
3.923264426196666221e+01,0.000000000000000000e+00,0.000000000000000000e+00
3.925593430860694610e+01,0.000000000000000000e+00,0.000000000000000000e+00
3.970360410544039098e+01,0.000000000000000000e+00,0.000000000000000000e+00
3.764896071057350468e+01,0.000000000000000000e+00,0.000000000000000000e+00
4.144696219405410176e+01,0.000000000000000000e+00,0.000000000000000000e+00
4.470041582307241868e+01,0.000000000000000000e+00,0.000000000000000000e+00
4.012649331437959432e+01,0.000000000000000000e+00,0.000000000000000000e+00
3.852498520973553298e+01,0.000000000000000000e+00,0.000000000000000000e+00
4.029092324956858562e+01,0.000000000000000000e+00,0.000000000000000000e+00
4.105742894692053113e+01,0.000000000000000000e+00,0.000000000000000000e+00
4.268065932242623006e+01,0.000000000000000000e+00,0.000000000000000000e+00
4.002438031669203866e+01,0.000000000000000000e+00,0.000000000000000000e+00
3.946382082631497923e+01,0.000000000000000000e+00,0.000000000000000000e+00
3.908498121842196582e+01,0.000000000000000000e+00,0.000000000000000000e+00
4.089612845654927753e+01,0.000000000000000000e+00,0.000000000000000000e+00
4.089580861249320520e+01,0.000000000000000000e+00,0.000000000000000000e+00
4.385028139207165765e+01,0.000000000000000000e+00,0.000000000000000000e+00
3.846637464469760204e+01,0.000000000000000000e+00,0.000000000000000000e+00
3.714627236682687794e+01,0.000000000000000000e+00,0.000000000000000000e+00
3.987235599233368077e+01,0.000000000000000000e+00,0.000000000000000000e+00
4.416728829314467930e+01,0.000000000000000000e+00,0.000000000000000000e+00
3.903263829506578020e+01,0.000000000000000000e+00,0.000000000000000000e+00
3.995283953677537170e+01,0.000000000000000000e+00,0.000000000000000000e+00
4.451097769266238657e+01,0.000000000000000000e+00,0.000000000000000000e+00
4.365086982069681198e+01,0.000000000000000000e+00,0.000000000000000000e+00
3.958671261959048593e+01,0.000000000000000000e+00,0.000000000000000000e+00
4.088359644085380040e+01,0.000000000000000000e+00,0.000000000000000000e+00
3.924950570038441811e+01,0.000000000000000000e+00,0.000000000000000000e+00
4.076659221464704075e+01,0.000000000000000000e+00,0.000000000000000000e+00
4.300756726188755863e+01,0.000000000000000000e+00,0.000000000000000000e+00
4.119998405354951387e+01,0.000000000000000000e+00,0.000000000000000000e+00
3.908506510862243744e+01,0.000000000000000000e+00,0.000000000000000000e+00
4.382244536600120455e+01,0.000000000000000000e+00,0.000000000000000000e+00
4.424291840094385009e+01,0.000000000000000000e+00,0.000000000000000000e+00
3.995226089333479536e+01,0.000000000000000000e+00,0.000000000000000000e+00
4.314883206674421956e+01,0.000000000000000000e+00,0.000000000000000000e+00
4.760705651834535956e+01,0.000000000000000000e+00,0.000000000000000000e+00
4.447539343838404591e+01,0.000000000000000000e+00,0.000000000000000000e+00
4.075270231779392560e+01,0.000000000000000000e+00,0.000000000000000000e+00
4.443248283784722474e+01,0.000000000000000000e+00,0.000000000000000000e+00
4.098010878057102957e+01,0.000000000000000000e+00,0.000000000000000000e+00
4.282950942486537116e+01,0.000000000000000000e+00,0.000000000000000000e+00
4.233127202199788996e+01,0.000000000000000000e+00,0.000000000000000000e+00
4.198003892620841526e+01,0.000000000000000000e+00,0.000000000000000000e+00
4.316667130542680297e+01,0.000000000000000000e+00,0.000000000000000000e+00
4.496350372971820519e+01,0.000000000000000000e+00,0.000000000000000000e+00
4.394925623331040043e+01,0.000000000000000000e+00,0.000000000000000000e+00
3.934839395597541056e+01,0.000000000000000000e+00,0.000000000000000000e+00
4.267997815561606245e+01,0.000000000000000000e+00,0.000000000000000000e+00
4.196783479187022436e+01,0.000000000000000000e+00,0.000000000000000000e+00
4.250263918198636759e+01,0.000000000000000000e+00,0.000000000000000000e+00
4.391895881594745532e+01,0.000000000000000000e+00,0.000000000000000000e+00
4.701085166482442190e+01,0.000000000000000000e+00,0.000000000000000000e+00
4.422182844176612804e+01,0.000000000000000000e+00,0.000000000000000000e+00
4.198451503327589052e+01,0.000000000000000000e+00,0.000000000000000000e+00
4.323772126555325457e+01,0.000000000000000000e+00,0.000000000000000000e+00
4.004068012532899701e+01,0.000000000000000000e+00,0.000000000000000000e+00
4.500414767898224255e+01,0.000000000000000000e+00,0.000000000000000000e+00
4.291029338398465143e+01,0.000000000000000000e+00,0.000000000000000000e+00
4.062901301281200972e+01,0.000000000000000000e+00,0.000000000000000000e+00
4.452393621932878887e+01,0.000000000000000000e+00,0.000000000000000000e+00
4.487560903836369164e+01,0.000000000000000000e+00,0.000000000000000000e+00
4.447593524191871950e+01,0.000000000000000000e+00,0.000000000000000000e+00
4.637336271586848113e+01,0.000000000000000000e+00,0.000000000000000000e+00
4.772344032067420727e+01,0.000000000000000000e+00,0.000000000000000000e+00
4.207658355652451831e+01,0.000000000000000000e+00,0.000000000000000000e+00
4.302403247135992359e+01,0.000000000000000000e+00,0.000000000000000000e+00
4.791524181595411136e+01,0.000000000000000000e+00,0.000000000000000000e+00
4.248312156287179420e+01,0.000000000000000000e+00,0.000000000000000000e+00
4.126431943370880617e+01,0.000000000000000000e+00,0.000000000000000000e+00
4.375889142016121269e+01,0.000000000000000000e+00,0.000000000000000000e+00
4.812947055800655249e+01,0.000000000000000000e+00,0.000000000000000000e+00
4.320191715565757562e+01,0.000000000000000000e+00,0.000000000000000000e+00
4.459628848219116293e+01,0.000000000000000000e+00,0.000000000000000000e+00
4.663535017082874390e+01,0.000000000000000000e+00,0.000000000000000000e+00
4.261819226725262411e+01,0.000000000000000000e+00,0.000000000000000000e+00
4.557741962742149866e+01,0.000000000000000000e+00,0.000000000000000000e+00
4.440294927568599093e+01,0.000000000000000000e+00,0.000000000000000000e+00
4.683893279043223146e+01,0.000000000000000000e+00,0.000000000000000000e+00
4.732342048768173015e+01,0.000000000000000000e+00,0.000000000000000000e+00
4.532805772724827165e+01,0.000000000000000000e+00,0.000000000000000000e+00
4.380374608614880572e+01,0.000000000000000000e+00,0.000000000000000000e+00
4.720712332645353371e+01,0.000000000000000000e+00,0.000000000000000000e+00
4.589553925268474188e+01,0.000000000000000000e+00,0.000000000000000000e+00
4.687187698577447748e+01,0.000000000000000000e+00,0.000000000000000000e+00
4.535794973674114772e+01,0.000000000000000000e+00,0.000000000000000000e+00
4.524159509259488487e+01,0.000000000000000000e+00,0.000000000000000000e+00
4.814354340480135619e+01,0.000000000000000000e+00,0.000000000000000000e+00
4.635389873336434619e+01,0.000000000000000000e+00,0.000000000000000000e+00
4.501954897346324458e+01,0.000000000000000000e+00,0.000000000000000000e+00
4.222742850820203842e+01,0.000000000000000000e+00,0.000000000000000000e+00
4.604289165004254869e+01,0.000000000000000000e+00,0.000000000000000000e+00
4.565746913787535277e+01,0.000000000000000000e+00,0.000000000000000000e+00
4.423323044899242262e+01,0.000000000000000000e+00,0.000000000000000000e+00
4.908097537423993373e+01,0.000000000000000000e+00,0.000000000000000000e+00
4.692460875297203415e+01,0.000000000000000000e+00,0.000000000000000000e+00
4.318426554436555165e+01,0.000000000000000000e+00,0.000000000000000000e+00
4.708153638969633192e+01,0.000000000000000000e+00,0.000000000000000000e+00
5.063265875290566953e+01,0.000000000000000000e+00,0.000000000000000000e+00
4.745171760399780680e+01,0.000000000000000000e+00,0.000000000000000000e+00
4.914297186043047105e+01,0.000000000000000000e+00,0.000000000000000000e+00
4.852347503278267737e+01,0.000000000000000000e+00,0.000000000000000000e+00
4.740117622740045533e+01,0.000000000000000000e+00,0.000000000000000000e+00
5.059960311738226579e+01,0.000000000000000000e+00,0.000000000000000000e+00
4.967595275298171487e+01,0.000000000000000000e+00,0.000000000000000000e+00
4.567371683226583912e+01,0.000000000000000000e+00,0.000000000000000000e+00
5.008785436322281726e+01,0.000000000000000000e+00,0.000000000000000000e+00
4.563937880278730574e+01,0.000000000000000000e+00,0.000000000000000000e+00
4.989613352653819334e+01,0.000000000000000000e+00,0.000000000000000000e+00
4.780403714770712753e+01,0.000000000000000000e+00,0.000000000000000000e+00
4.752695636529271894e+01,0.000000000000000000e+00,0.000000000000000000e+00
4.767826804894126269e+01,0.000000000000000000e+00,0.000000000000000000e+00
4.670171618424040361e+01,0.000000000000000000e+00,0.000000000000000000e+00
4.796036217023213766e+01,0.000000000000000000e+00,0.000000000000000000e+00
4.987141930507107901e+01,0.000000000000000000e+00,0.000000000000000000e+00
5.036832643220310501e+01,0.000000000000000000e+00,0.000000000000000000e+00
4.717016074126602376e+01,0.000000000000000000e+00,0.000000000000000000e+00
4.843868492798526404e+01,0.000000000000000000e+00,0.000000000000000000e+00
5.185392757199930003e+01,0.000000000000000000e+00,0.000000000000000000e+00
4.956021353411109232e+01,0.000000000000000000e+00,0.000000000000000000e+00
5.221283785065609351e+01,0.000000000000000000e+00,0.000000000000000000e+00
5.191561517792803215e+01,0.000000000000000000e+00,0.000000000000000000e+00
4.651180670644895798e+01,0.000000000000000000e+00,0.000000000000000000e+00
4.823280622589285827e+01,0.000000000000000000e+00,0.000000000000000000e+00
4.961816840289164077e+01,0.000000000000000000e+00,0.000000000000000000e+00
4.775714944491142688e+01,0.000000000000000000e+00,0.000000000000000000e+00
4.648846724214316595e+01,0.000000000000000000e+00,0.000000000000000000e+00
5.409545917396243198e+01,0.000000000000000000e+00,0.000000000000000000e+00
5.085504448628138618e+01,0.000000000000000000e+00,0.000000000000000000e+00
4.973199748193114544e+01,0.000000000000000000e+00,0.000000000000000000e+00
5.003814381733729988e+01,0.000000000000000000e+00,0.000000000000000000e+00
4.807762811726193775e+01,0.000000000000000000e+00,0.000000000000000000e+00
4.970824972613579718e+01,0.000000000000000000e+00,0.000000000000000000e+00
4.818091266422100460e+01,0.000000000000000000e+00,0.000000000000000000e+00
5.014516984713622350e+01,0.000000000000000000e+00,0.000000000000000000e+00
5.137042100267832723e+01,0.000000000000000000e+00,0.000000000000000000e+00
4.991517690010722674e+01,0.000000000000000000e+00,0.000000000000000000e+00
5.045055965947148735e+01,0.000000000000000000e+00,0.000000000000000000e+00
5.286647789201072811e+01,0.000000000000000000e+00,0.000000000000000000e+00
5.002772510917828441e+01,0.000000000000000000e+00,0.000000000000000000e+00
5.285449629940595173e+01,0.000000000000000000e+00,0.000000000000000000e+00
4.577554071866328655e+01,0.000000000000000000e+00,0.000000000000000000e+00
5.225315567612474155e+01,0.000000000000000000e+00,0.000000000000000000e+00
4.910182387582243990e+01,0.000000000000000000e+00,0.000000000000000000e+00
4.751079332003820355e+01,0.000000000000000000e+00,0.000000000000000000e+00
4.992136580661548351e+01,0.000000000000000000e+00,0.000000000000000000e+00
4.987828457441820262e+01,0.000000000000000000e+00,0.000000000000000000e+00
5.357430210949330984e+01,0.000000000000000000e+00,0.000000000000000000e+00
5.423285554031900091e+01,0.000000000000000000e+00,0.000000000000000000e+00
5.265524482890494085e+01,0.000000000000000000e+00,0.000000000000000000e+00
5.386150162779132700e+01,0.000000000000000000e+00,0.000000000000000000e+00
5.055493151823379350e+01,0.000000000000000000e+00,0.000000000000000000e+00
4.904423314537638134e+01,0.000000000000000000e+00,0.000000000000000000e+00
5.335687776528430959e+01,0.000000000000000000e+00,0.000000000000000000e+00
4.967692461325764697e+01,0.000000000000000000e+00,0.000000000000000000e+00
5.246464518539529820e+01,0.000000000000000000e+00,0.000000000000000000e+00
5.275816787974843436e+01,0.000000000000000000e+00,0.000000000000000000e+00
5.397150714761328771e+01,0.000000000000000000e+00,0.000000000000000000e+00
5.276774455905894712e+01,0.000000000000000000e+00,0.000000000000000000e+00
5.514066850971872924e+01,0.000000000000000000e+00,0.000000000000000000e+00
5.378955925941330207e+01,0.000000000000000000e+00,0.000000000000000000e+00
5.168867276446462711e+01,0.000000000000000000e+00,0.000000000000000000e+00
5.240238080618873084e+01,0.000000000000000000e+00,0.000000000000000000e+00
5.487234285398099587e+01,0.000000000000000000e+00,0.000000000000000000e+00
4.939169409412049561e+01,0.000000000000000000e+00,0.000000000000000000e+00
5.498889678272308146e+01,0.000000000000000000e+00,0.000000000000000000e+00
5.480538371009602372e+01,0.000000000000000000e+00,0.000000000000000000e+00
5.127056571752303427e+01,0.000000000000000000e+00,0.000000000000000000e+00
5.218547543063674254e+01,0.000000000000000000e+00,0.000000000000000000e+00
5.316993414922287542e+01,0.000000000000000000e+00,0.000000000000000000e+00
5.313424278048575644e+01,0.000000000000000000e+00,0.000000000000000000e+00
4.896557623080832400e+01,0.000000000000000000e+00,0.000000000000000000e+00
5.008859829272091702e+01,0.000000000000000000e+00,0.000000000000000000e+00
5.598555752694246479e+01,0.000000000000000000e+00,0.000000000000000000e+00
5.009766998679368299e+01,0.000000000000000000e+00,0.000000000000000000e+00
5.553525070182546841e+01,0.000000000000000000e+00,0.000000000000000000e+00
5.321430254806281823e+01,0.000000000000000000e+00,0.000000000000000000e+00
5.235236793540128986e+01,0.000000000000000000e+00,0.000000000000000000e+00
5.551593707287997148e+01,0.000000000000000000e+00,0.000000000000000000e+00
5.272390346538775674e+01,0.000000000000000000e+00,0.000000000000000000e+00
5.422790114804142547e+01,0.000000000000000000e+00,0.000000000000000000e+00
5.510777520566102794e+01,0.000000000000000000e+00,0.000000000000000000e+00
5.680219136422161341e+01,0.000000000000000000e+00,0.000000000000000000e+00
5.651062390460948137e+01,0.000000000000000000e+00,0.000000000000000000e+00
5.337531774969285436e+01,0.000000000000000000e+00,0.000000000000000000e+00
5.395236339615365750e+01,0.000000000000000000e+00,0.000000000000000000e+00
5.421883361375468979e+01,0.000000000000000000e+00,0.000000000000000000e+00
5.442031417144040972e+01,0.000000000000000000e+00,0.000000000000000000e+00
5.504745137634351693e+01,0.000000000000000000e+00,0.000000000000000000e+00
5.479141016813289866e+01,0.000000000000000000e+00,0.000000000000000000e+00
5.619953764373612159e+01,0.000000000000000000e+00,0.000000000000000000e+00
5.539456007518187874e+01,0.000000000000000000e+00,0.000000000000000000e+00
5.422086535212850578e+01,0.000000000000000000e+00,0.000000000000000000e+00
5.478254289243362507e+01,0.000000000000000000e+00,0.000000000000000000e+00
5.538959773119971430e+01,0.000000000000000000e+00,0.000000000000000000e+00
5.632797886847065882e+01,0.000000000000000000e+00,0.000000000000000000e+00
5.283542680238127787e+01,0.000000000000000000e+00,0.000000000000000000e+00
5.438053270454984300e+01,0.000000000000000000e+00,0.000000000000000000e+00
5.674886404841398502e+01,0.000000000000000000e+00,0.000000000000000000e+00
5.587252543802121352e+01,0.000000000000000000e+00,0.000000000000000000e+00
5.721132422481831270e+01,0.000000000000000000e+00,0.000000000000000000e+00
5.401781548333158867e+01,0.000000000000000000e+00,0.000000000000000000e+00
5.711076537465089586e+01,0.000000000000000000e+00,0.000000000000000000e+00
5.275604595497591021e+01,0.000000000000000000e+00,0.000000000000000000e+00
5.643156564882069404e+01,0.000000000000000000e+00,0.000000000000000000e+00
5.820100227010450311e+01,0.000000000000000000e+00,0.000000000000000000e+00
5.862012513498652311e+01,0.000000000000000000e+00,0.000000000000000000e+00
5.943195978079105402e+01,0.000000000000000000e+00,0.000000000000000000e+00
5.669350529208341527e+01,0.000000000000000000e+00,0.000000000000000000e+00
5.590100247812689815e+01,0.000000000000000000e+00,0.000000000000000000e+00
5.619220835535741543e+01,0.000000000000000000e+00,0.000000000000000000e+00
5.621984309147084957e+01,0.000000000000000000e+00,0.000000000000000000e+00
5.978140260516330784e+01,0.000000000000000000e+00,0.000000000000000000e+00
5.923988736002191757e+01,0.000000000000000000e+00,0.000000000000000000e+00
5.550439657936825455e+01,0.000000000000000000e+00,0.000000000000000000e+00
5.979329209844016901e+01,0.000000000000000000e+00,0.000000000000000000e+00
5.671589092107181074e+01,0.000000000000000000e+00,0.000000000000000000e+00
5.387771241164814739e+01,0.000000000000000000e+00,0.000000000000000000e+00
5.659640249257765987e+01,0.000000000000000000e+00,0.000000000000000000e+00
6.152984342661405037e+01,0.000000000000000000e+00,0.000000000000000000e+00
5.546759230071626234e+01,0.000000000000000000e+00,0.000000000000000000e+00
5.490633076645202948e+01,0.000000000000000000e+00,0.000000000000000000e+00
5.776151412306912647e+01,0.000000000000000000e+00,0.000000000000000000e+00
5.535796931852328839e+01,0.000000000000000000e+00,0.000000000000000000e+00
5.571897156755640168e+01,0.000000000000000000e+00,0.000000000000000000e+00
5.904383379382767316e+01,0.000000000000000000e+00,0.000000000000000000e+00
5.698276553395099597e+01,0.000000000000000000e+00,0.000000000000000000e+00
5.880954337103027285e+01,0.000000000000000000e+00,0.000000000000000000e+00
5.576457187376256286e+01,0.000000000000000000e+00,0.000000000000000000e+00
5.770819110550180397e+01,0.000000000000000000e+00,0.000000000000000000e+00
5.802160745699471533e+01,0.000000000000000000e+00,0.000000000000000000e+00
5.757919934367723869e+01,0.000000000000000000e+00,0.000000000000000000e+00
5.410981276510553784e+01,0.000000000000000000e+00,0.000000000000000000e+00
5.917968487750951567e+01,0.000000000000000000e+00,0.000000000000000000e+00
5.758074289461728767e+01,0.000000000000000000e+00,0.000000000000000000e+00
5.910906283922246018e+01,0.000000000000000000e+00,0.000000000000000000e+00
6.103467733819745433e+01,0.000000000000000000e+00,0.000000000000000000e+00
5.585076010415941283e+01,0.000000000000000000e+00,0.000000000000000000e+00
5.815918145435183817e+01,0.000000000000000000e+00,0.000000000000000000e+00
6.318392801648417390e+01,0.000000000000000000e+00,0.000000000000000000e+00
5.943633694814277391e+01,0.000000000000000000e+00,0.000000000000000000e+00
5.751537812783886494e+01,0.000000000000000000e+00,0.000000000000000000e+00
6.215528562433478044e+01,0.000000000000000000e+00,0.000000000000000000e+00
5.513389663228024062e+01,0.000000000000000000e+00,0.000000000000000000e+00
5.958946839855049404e+01,0.000000000000000000e+00,0.000000000000000000e+00
5.885921683685689487e+01,0.000000000000000000e+00,0.000000000000000000e+00
5.790460258022595497e+01,0.000000000000000000e+00,0.000000000000000000e+00
5.635044078184001393e+01,0.000000000000000000e+00,0.000000000000000000e+00
5.703329393078949039e+01,0.000000000000000000e+00,0.000000000000000000e+00
6.112870584963558684e+01,0.000000000000000000e+00,0.000000000000000000e+00
6.102693594496964380e+01,0.000000000000000000e+00,0.000000000000000000e+00
5.768738888049220748e+01,0.000000000000000000e+00,0.000000000000000000e+00
5.638346213474572721e+01,0.000000000000000000e+00,0.000000000000000000e+00
5.872637962488516195e+01,0.000000000000000000e+00,0.000000000000000000e+00
5.952619384220857057e+01,0.000000000000000000e+00,0.000000000000000000e+00
6.132968375557277341e+01,0.000000000000000000e+00,0.000000000000000000e+00
6.151811227643973723e+01,0.000000000000000000e+00,0.000000000000000000e+00
5.894727679003582921e+01,0.000000000000000000e+00,0.000000000000000000e+00
6.257447304340021077e+01,0.000000000000000000e+00,0.000000000000000000e+00
5.720536971793033842e+01,0.000000000000000000e+00,0.000000000000000000e+00
5.937897877373338673e+01,0.000000000000000000e+00,0.000000000000000000e+00
6.110070680017749822e+01,0.000000000000000000e+00,0.000000000000000000e+00
6.044461950126977001e+01,0.000000000000000000e+00,0.000000000000000000e+00
6.057391910993273143e+01,0.000000000000000000e+00,0.000000000000000000e+00
5.826276791640602681e+01,0.000000000000000000e+00,0.000000000000000000e+00
6.144142254713340634e+01,0.000000000000000000e+00,0.000000000000000000e+00
6.136717777066537849e+01,0.000000000000000000e+00,0.000000000000000000e+00
6.008496195272061868e+01,0.000000000000000000e+00,0.000000000000000000e+00
5.868813338444894612e+01,0.000000000000000000e+00,0.000000000000000000e+00
6.030547314640720913e+01,0.000000000000000000e+00,0.000000000000000000e+00
6.037574778890800076e+01,0.000000000000000000e+00,0.000000000000000000e+00
6.024828534866888674e+01,0.000000000000000000e+00,0.000000000000000000e+00
6.104728345039766424e+01,0.000000000000000000e+00,0.000000000000000000e+00
5.923110754893051677e+01,0.000000000000000000e+00,0.000000000000000000e+00
5.988210007457112738e+01,0.000000000000000000e+00,0.000000000000000000e+00
6.120171083703348813e+01,0.000000000000000000e+00,0.000000000000000000e+00
6.098012615779030909e+01,0.000000000000000000e+00,0.000000000000000000e+00
5.645819335074195067e+01,0.000000000000000000e+00,0.000000000000000000e+00
6.574279831704787114e+01,0.000000000000000000e+00,0.000000000000000000e+00
5.969636828980836896e+01,0.000000000000000000e+00,0.000000000000000000e+00
6.395210638390603464e+01,0.000000000000000000e+00,0.000000000000000000e+00
6.157528771381149824e+01,0.000000000000000000e+00,0.000000000000000000e+00
6.145762776176518116e+01,0.000000000000000000e+00,0.000000000000000000e+00
6.580668070240778889e+01,0.000000000000000000e+00,0.000000000000000000e+00
6.064291046392310847e+01,0.000000000000000000e+00,0.000000000000000000e+00
6.198424873394671408e+01,0.000000000000000000e+00,0.000000000000000000e+00
6.467257836279011940e+01,0.000000000000000000e+00,0.000000000000000000e+00
6.393653209659154868e+01,0.000000000000000000e+00,0.000000000000000000e+00
6.039328685597793367e+01,0.000000000000000000e+00,0.000000000000000000e+00
6.016206392954681093e+01,0.000000000000000000e+00,0.000000000000000000e+00
6.282244912399797698e+01,0.000000000000000000e+00,0.000000000000000000e+00
6.071605382573207521e+01,0.000000000000000000e+00,0.000000000000000000e+00
6.413754392104559088e+01,0.000000000000000000e+00,0.000000000000000000e+00
6.207516934308498691e+01,0.000000000000000000e+00,0.000000000000000000e+00
6.309728355906688080e+01,0.000000000000000000e+00,0.000000000000000000e+00
6.458974867004026521e+01,0.000000000000000000e+00,0.000000000000000000e+00
6.515765665084718705e+01,0.000000000000000000e+00,0.000000000000000000e+00
6.863731641204827838e+01,0.000000000000000000e+00,0.000000000000000000e+00
6.370774229140525335e+01,0.000000000000000000e+00,0.000000000000000000e+00
6.304204308010953639e+01,0.000000000000000000e+00,0.000000000000000000e+00
6.031347931545519003e+01,0.000000000000000000e+00,0.000000000000000000e+00
6.601721720579799069e+01,0.000000000000000000e+00,0.000000000000000000e+00
6.614380568762884138e+01,0.000000000000000000e+00,0.000000000000000000e+00
6.290462381522974766e+01,0.000000000000000000e+00,0.000000000000000000e+00
6.380089839197080437e+01,0.000000000000000000e+00,0.000000000000000000e+00
6.074050798592248412e+01,0.000000000000000000e+00,0.000000000000000000e+00
5.909841563203251269e+01,0.000000000000000000e+00,0.000000000000000000e+00
6.439250057836916596e+01,0.000000000000000000e+00,0.000000000000000000e+00
6.302755271060630804e+01,0.000000000000000000e+00,0.000000000000000000e+00
5.994377651907326765e+01,0.000000000000000000e+00,0.000000000000000000e+00
6.517435542830831707e+01,0.000000000000000000e+00,0.000000000000000000e+00
6.712955583686148486e+01,0.000000000000000000e+00,0.000000000000000000e+00
6.390321691918476432e+01,0.000000000000000000e+00,0.000000000000000000e+00
6.349686321787319798e+01,0.000000000000000000e+00,0.000000000000000000e+00
6.556171197937206330e+01,0.000000000000000000e+00,0.000000000000000000e+00
6.497982533950529671e+01,0.000000000000000000e+00,0.000000000000000000e+00
6.514804318717446563e+01,0.000000000000000000e+00,0.000000000000000000e+00
6.547974039352139641e+01,0.000000000000000000e+00,0.000000000000000000e+00
6.681931394930010981e+01,0.000000000000000000e+00,0.000000000000000000e+00
6.740218153594081230e+01,0.000000000000000000e+00,0.000000000000000000e+00
6.212597367602480602e+01,0.000000000000000000e+00,0.000000000000000000e+00
6.682627295698149794e+01,0.000000000000000000e+00,0.000000000000000000e+00
7.007472821517653472e+01,0.000000000000000000e+00,0.000000000000000000e+00
6.376673856308561028e+01,0.000000000000000000e+00,0.000000000000000000e+00
6.218295201842739317e+01,0.000000000000000000e+00,0.000000000000000000e+00
6.439542684280918650e+01,0.000000000000000000e+00,0.000000000000000000e+00
6.511996798579619394e+01,0.000000000000000000e+00,0.000000000000000000e+00
6.202394495760188420e+01,0.000000000000000000e+00,0.000000000000000000e+00
6.601840687013127251e+01,0.000000000000000000e+00,0.000000000000000000e+00
7.014610110227611983e+01,0.000000000000000000e+00,0.000000000000000000e+00
6.317802945654469937e+01,0.000000000000000000e+00,0.000000000000000000e+00
6.299572563620586152e+01,0.000000000000000000e+00,0.000000000000000000e+00
6.574150112609929408e+01,0.000000000000000000e+00,0.000000000000000000e+00
6.630459514016821743e+01,0.000000000000000000e+00,0.000000000000000000e+00
6.323428979954714180e+01,0.000000000000000000e+00,0.000000000000000000e+00
6.452202817959700099e+01,0.000000000000000000e+00,0.000000000000000000e+00
6.592698473231359912e+01,0.000000000000000000e+00,0.000000000000000000e+00
6.707735758035089191e+01,0.000000000000000000e+00,0.000000000000000000e+00
6.414061978948248566e+01,0.000000000000000000e+00,0.000000000000000000e+00
6.433812477860583101e+01,0.000000000000000000e+00,0.000000000000000000e+00
6.628976630724140762e+01,0.000000000000000000e+00,0.000000000000000000e+00
6.529404495844396195e+01,0.000000000000000000e+00,0.000000000000000000e+00
6.661631391158138626e+01,0.000000000000000000e+00,0.000000000000000000e+00
6.398690297255789261e+01,0.000000000000000000e+00,0.000000000000000000e+00
6.576229083536283326e+01,0.000000000000000000e+00,0.000000000000000000e+00
6.530082890304700527e+01,0.000000000000000000e+00,0.000000000000000000e+00
6.674102854799700424e+01,0.000000000000000000e+00,0.000000000000000000e+00
6.615934449109366255e+01,0.000000000000000000e+00,0.000000000000000000e+00
6.739552618621114277e+01,0.000000000000000000e+00,0.000000000000000000e+00
6.548792227472304717e+01,0.000000000000000000e+00,0.000000000000000000e+00
6.808886913518801975e+01,0.000000000000000000e+00,0.000000000000000000e+00
6.910983338398489195e+01,0.000000000000000000e+00,0.000000000000000000e+00
6.712188593997090891e+01,0.000000000000000000e+00,0.000000000000000000e+00
6.753831287918937676e+01,0.000000000000000000e+00,0.000000000000000000e+00
6.735711102330816402e+01,0.000000000000000000e+00,0.000000000000000000e+00
7.086849496705751505e+01,0.000000000000000000e+00,0.000000000000000000e+00
7.159753737297231169e+01,0.000000000000000000e+00,0.000000000000000000e+00
6.476324420208726451e+01,0.000000000000000000e+00,0.000000000000000000e+00
6.917321557592956083e+01,0.000000000000000000e+00,0.000000000000000000e+00
7.087986856289215609e+01,0.000000000000000000e+00,0.000000000000000000e+00
6.567251190517978898e+01,0.000000000000000000e+00,0.000000000000000000e+00
6.557885563106896143e+01,0.000000000000000000e+00,0.000000000000000000e+00
6.397039622631140787e+01,0.000000000000000000e+00,0.000000000000000000e+00
6.679819868082729784e+01,0.000000000000000000e+00,0.000000000000000000e+00
6.529854893718028563e+01,0.000000000000000000e+00,0.000000000000000000e+00
7.149875197081732381e+01,0.000000000000000000e+00,0.000000000000000000e+00
6.613469337104265833e+01,0.000000000000000000e+00,0.000000000000000000e+00
7.147247371169372343e+01,0.000000000000000000e+00,0.000000000000000000e+00
6.734462495179920438e+01,0.000000000000000000e+00,0.000000000000000000e+00
6.823382094691314137e+01,0.000000000000000000e+00,0.000000000000000000e+00
6.800057672572489764e+01,0.000000000000000000e+00,0.000000000000000000e+00
6.582098235867196934e+01,0.000000000000000000e+00,0.000000000000000000e+00
6.980503800744963883e+01,0.000000000000000000e+00,0.000000000000000000e+00
6.921098539874292044e+01,0.000000000000000000e+00,0.000000000000000000e+00
6.725352403048368899e+01,0.000000000000000000e+00,0.000000000000000000e+00
6.580113739634825265e+01,0.000000000000000000e+00,0.000000000000000000e+00
6.779924950937892447e+01,0.000000000000000000e+00,0.000000000000000000e+00
6.662985683816944515e+01,0.000000000000000000e+00,0.000000000000000000e+00
6.607716250575111872e+01,0.000000000000000000e+00,0.000000000000000000e+00
7.178594020239115991e+01,0.000000000000000000e+00,0.000000000000000000e+00
6.919995278443212783e+01,0.000000000000000000e+00,0.000000000000000000e+00
6.805855879037204659e+01,0.000000000000000000e+00,0.000000000000000000e+00
6.785188451262033027e+01,0.000000000000000000e+00,0.000000000000000000e+00
7.109779233309517110e+01,0.000000000000000000e+00,0.000000000000000000e+00
6.754183983823612891e+01,0.000000000000000000e+00,0.000000000000000000e+00
6.862877783444382374e+01,0.000000000000000000e+00,0.000000000000000000e+00
7.028696516807175954e+01,0.000000000000000000e+00,0.000000000000000000e+00
7.234496898815072541e+01,0.000000000000000000e+00,0.000000000000000000e+00
6.950931567117191889e+01,0.000000000000000000e+00,0.000000000000000000e+00
6.877407033858435170e+01,0.000000000000000000e+00,0.000000000000000000e+00
7.163233437638695023e+01,0.000000000000000000e+00,0.000000000000000000e+00
6.987836054051560097e+01,0.000000000000000000e+00,0.000000000000000000e+00
6.769888371373865255e+01,0.000000000000000000e+00,0.000000000000000000e+00
6.980076171565607979e+01,0.000000000000000000e+00,0.000000000000000000e+00
6.858801739225800986e+01,0.000000000000000000e+00,0.000000000000000000e+00
7.165269494906718251e+01,0.000000000000000000e+00,0.000000000000000000e+00
6.509899579868540798e+01,0.000000000000000000e+00,0.000000000000000000e+00
7.307414606785278011e+01,0.000000000000000000e+00,0.000000000000000000e+00
7.027898505132127127e+01,0.000000000000000000e+00,0.000000000000000000e+00
6.725247234160097776e+01,0.000000000000000000e+00,0.000000000000000000e+00
7.039550639116737329e+01,0.000000000000000000e+00,0.000000000000000000e+00
7.130897533553805090e+01,0.000000000000000000e+00,0.000000000000000000e+00
6.530878239683009667e+01,0.000000000000000000e+00,0.000000000000000000e+00
6.885140557318693766e+01,0.000000000000000000e+00,0.000000000000000000e+00
7.242579973159855911e+01,0.000000000000000000e+00,0.000000000000000000e+00
6.872288876757943399e+01,0.000000000000000000e+00,0.000000000000000000e+00
6.824376607797151451e+01,0.000000000000000000e+00,0.000000000000000000e+00
7.199154846719966372e+01,0.000000000000000000e+00,0.000000000000000000e+00
7.305724184750269501e+01,0.000000000000000000e+00,0.000000000000000000e+00
7.225923178824888282e+01,0.000000000000000000e+00,0.000000000000000000e+00
7.457611256548702272e+01,0.000000000000000000e+00,0.000000000000000000e+00
7.428514742149887695e+01,0.000000000000000000e+00,0.000000000000000000e+00
7.026371648178280793e+01,0.000000000000000000e+00,0.000000000000000000e+00
7.280094950192940928e+01,0.000000000000000000e+00,0.000000000000000000e+00
6.917344001735193615e+01,0.000000000000000000e+00,0.000000000000000000e+00
6.952134482195337739e+01,0.000000000000000000e+00,0.000000000000000000e+00
6.926815609246243355e+01,0.000000000000000000e+00,0.000000000000000000e+00
7.281530066043926297e+01,0.000000000000000000e+00,0.000000000000000000e+00
6.730827975625457782e+01,0.000000000000000000e+00,0.000000000000000000e+00
7.239923170642039452e+01,0.000000000000000000e+00,0.000000000000000000e+00
7.199393524398058730e+01,0.000000000000000000e+00,0.000000000000000000e+00
7.425938312403025066e+01,0.000000000000000000e+00,0.000000000000000000e+00
7.230915904050017673e+01,0.000000000000000000e+00,0.000000000000000000e+00
7.033458268401878399e+01,0.000000000000000000e+00,0.000000000000000000e+00
7.328560198345580545e+01,0.000000000000000000e+00,0.000000000000000000e+00
7.176091158719141561e+01,0.000000000000000000e+00,0.000000000000000000e+00
7.300089593963591028e+01,0.000000000000000000e+00,0.000000000000000000e+00
7.384600653289601269e+01,0.000000000000000000e+00,0.000000000000000000e+00
7.016452445011789507e+01,0.000000000000000000e+00,0.000000000000000000e+00
7.008111269974189383e+01,0.000000000000000000e+00,0.000000000000000000e+00
7.093783968920251937e+01,0.000000000000000000e+00,0.000000000000000000e+00
7.084071051063041580e+01,0.000000000000000000e+00,0.000000000000000000e+00
7.275391651404937932e+01,0.000000000000000000e+00,0.000000000000000000e+00
7.621802584087147636e+01,0.000000000000000000e+00,0.000000000000000000e+00
7.279009969203352171e+01,0.000000000000000000e+00,0.000000000000000000e+00
7.031808924813985584e+01,0.000000000000000000e+00,0.000000000000000000e+00
6.987011278956433102e+01,0.000000000000000000e+00,0.000000000000000000e+00
7.180654507000205911e+01,0.000000000000000000e+00,0.000000000000000000e+00
7.196408181572832063e+01,0.000000000000000000e+00,0.000000000000000000e+00
7.611871261546113487e+01,0.000000000000000000e+00,0.000000000000000000e+00
7.263150147221192299e+01,0.000000000000000000e+00,0.000000000000000000e+00
7.033300962158925529e+01,0.000000000000000000e+00,0.000000000000000000e+00
7.189357701748637908e+01,0.000000000000000000e+00,0.000000000000000000e+00
7.544894022417867063e+01,0.000000000000000000e+00,0.000000000000000000e+00
7.201229082744995935e+01,0.000000000000000000e+00,0.000000000000000000e+00
7.073979392376887176e+01,0.000000000000000000e+00,0.000000000000000000e+00
7.102374163478789626e+01,0.000000000000000000e+00,0.000000000000000000e+00
7.542804075457743807e+01,0.000000000000000000e+00,0.000000000000000000e+00
7.414901382279569475e+01,0.000000000000000000e+00,0.000000000000000000e+00
7.031129786501890067e+01,0.000000000000000000e+00,0.000000000000000000e+00
7.377272740839390508e+01,0.000000000000000000e+00,0.000000000000000000e+00
7.192879281010429793e+01,0.000000000000000000e+00,0.000000000000000000e+00
7.181521783713142781e+01,0.000000000000000000e+00,0.000000000000000000e+00
7.430305081596225136e+01,0.000000000000000000e+00,0.000000000000000000e+00
7.440846720319446206e+01,0.000000000000000000e+00,0.000000000000000000e+00
6.793099666033801043e+01,0.000000000000000000e+00,0.000000000000000000e+00
7.511177682378777831e+01,0.000000000000000000e+00,0.000000000000000000e+00
7.465561960563788091e+01,0.000000000000000000e+00,0.000000000000000000e+00
7.652459227403666375e+01,0.000000000000000000e+00,0.000000000000000000e+00
7.137285358937779733e+01,0.000000000000000000e+00,0.000000000000000000e+00
7.395670387503542997e+01,0.000000000000000000e+00,0.000000000000000000e+00
7.382715423447287151e+01,0.000000000000000000e+00,0.000000000000000000e+00
7.309125896302717251e+01,0.000000000000000000e+00,0.000000000000000000e+00
7.426807088666261336e+01,0.000000000000000000e+00,0.000000000000000000e+00
7.300938024707700436e+01,0.000000000000000000e+00,0.000000000000000000e+00
7.366735447918998148e+01,0.000000000000000000e+00,0.000000000000000000e+00
7.232511833526602629e+01,0.000000000000000000e+00,0.000000000000000000e+00
7.301592100867033253e+01,0.000000000000000000e+00,0.000000000000000000e+00
7.603826774529261456e+01,0.000000000000000000e+00,0.000000000000000000e+00
7.374396014509483166e+01,0.000000000000000000e+00,0.000000000000000000e+00
7.327434471362603574e+01,0.000000000000000000e+00,0.000000000000000000e+00
7.109681637585141800e+01,0.000000000000000000e+00,0.000000000000000000e+00
7.326000235071283839e+01,0.000000000000000000e+00,0.000000000000000000e+00
7.780075793283714347e+01,0.000000000000000000e+00,0.000000000000000000e+00
7.612005865854247588e+01,0.000000000000000000e+00,0.000000000000000000e+00
7.211127316073343252e+01,0.000000000000000000e+00,0.000000000000000000e+00
7.483270054455340414e+01,0.000000000000000000e+00,0.000000000000000000e+00
7.709708522777559381e+01,0.000000000000000000e+00,0.000000000000000000e+00
7.258985203582231804e+01,0.000000000000000000e+00,0.000000000000000000e+00
7.477642657183015729e+01,0.000000000000000000e+00,0.000000000000000000e+00
7.442979884390267387e+01,0.000000000000000000e+00,0.000000000000000000e+00
7.717974255815609297e+01,0.000000000000000000e+00,0.000000000000000000e+00
7.766275798975890154e+01,0.000000000000000000e+00,0.000000000000000000e+00
7.602875935649367989e+01,0.000000000000000000e+00,0.000000000000000000e+00
7.520623550170736848e+01,0.000000000000000000e+00,0.000000000000000000e+00
7.555795940602178007e+01,0.000000000000000000e+00,0.000000000000000000e+00
7.487674211640374722e+01,0.000000000000000000e+00,0.000000000000000000e+00
7.230413269057899583e+01,0.000000000000000000e+00,0.000000000000000000e+00
7.582465102763828213e+01,0.000000000000000000e+00,0.000000000000000000e+00
7.412941137423919713e+01,0.000000000000000000e+00,0.000000000000000000e+00
7.476350418575532331e+01,0.000000000000000000e+00,0.000000000000000000e+00
7.588302520810739793e+01,0.000000000000000000e+00,0.000000000000000000e+00
7.749416082515837445e+01,0.000000000000000000e+00,0.000000000000000000e+00
7.486953509236840887e+01,0.000000000000000000e+00,0.000000000000000000e+00
7.262089968891712033e+01,0.000000000000000000e+00,0.000000000000000000e+00
7.703837292042234708e+01,0.000000000000000000e+00,0.000000000000000000e+00
7.614338372312674608e+01,0.000000000000000000e+00,0.000000000000000000e+00
7.653235225866392000e+01,0.000000000000000000e+00,0.000000000000000000e+00
7.897714731868867943e+01,0.000000000000000000e+00,0.000000000000000000e+00
7.698313998477381404e+01,0.000000000000000000e+00,0.000000000000000000e+00
7.518356102949344688e+01,0.000000000000000000e+00,0.000000000000000000e+00
7.346974702224231635e+01,0.000000000000000000e+00,0.000000000000000000e+00
7.568056055698927764e+01,0.000000000000000000e+00,0.000000000000000000e+00
7.467980655478655194e+01,0.000000000000000000e+00,0.000000000000000000e+00
7.769756610384204976e+01,0.000000000000000000e+00,0.000000000000000000e+00
7.915000010449540468e+01,0.000000000000000000e+00,0.000000000000000000e+00
7.633000951930542044e+01,0.000000000000000000e+00,0.000000000000000000e+00
7.525366559731016025e+01,0.000000000000000000e+00,0.000000000000000000e+00
7.494230141956789737e+01,0.000000000000000000e+00,0.000000000000000000e+00
7.870757351093810428e+01,0.000000000000000000e+00,0.000000000000000000e+00
7.754819455115358551e+01,0.000000000000000000e+00,0.000000000000000000e+00
7.777941756723069489e+01,0.000000000000000000e+00,0.000000000000000000e+00
7.844804029074992968e+01,0.000000000000000000e+00,0.000000000000000000e+00
7.668572303074556373e+01,0.000000000000000000e+00,0.000000000000000000e+00
7.531529537488130188e+01,0.000000000000000000e+00,0.000000000000000000e+00
8.004219644024954050e+01,0.000000000000000000e+00,0.000000000000000000e+00
7.833389542087877544e+01,0.000000000000000000e+00,0.000000000000000000e+00
7.425803677611271780e+01,0.000000000000000000e+00,0.000000000000000000e+00
7.985966445058065233e+01,0.000000000000000000e+00,0.000000000000000000e+00
7.800242114909538316e+01,0.000000000000000000e+00,0.000000000000000000e+00
7.532910840834298938e+01,0.000000000000000000e+00,0.000000000000000000e+00
7.702277102286880961e+01,0.000000000000000000e+00,0.000000000000000000e+00
7.992923313506189231e+01,0.000000000000000000e+00,0.000000000000000000e+00
7.298185856056090870e+01,0.000000000000000000e+00,0.000000000000000000e+00
7.422699327027822847e+01,0.000000000000000000e+00,0.000000000000000000e+00
7.616951068227221811e+01,0.000000000000000000e+00,0.000000000000000000e+00
8.234599457518339705e+01,0.000000000000000000e+00,0.000000000000000000e+00
7.709060638056526216e+01,0.000000000000000000e+00,0.000000000000000000e+00
7.768199997982699756e+01,0.000000000000000000e+00,0.000000000000000000e+00
7.505037515005086846e+01,0.000000000000000000e+00,0.000000000000000000e+00
7.754248308717042448e+01,0.000000000000000000e+00,0.000000000000000000e+00
7.693250789026321002e+01,0.000000000000000000e+00,0.000000000000000000e+00
7.395850221947381442e+01,0.000000000000000000e+00,0.000000000000000000e+00
7.687259027349254836e+01,0.000000000000000000e+00,0.000000000000000000e+00
7.622765916861384028e+01,0.000000000000000000e+00,0.000000000000000000e+00
7.685457525988638849e+01,0.000000000000000000e+00,0.000000000000000000e+00
7.836478493310201543e+01,0.000000000000000000e+00,0.000000000000000000e+00
7.655596590661041034e+01,0.000000000000000000e+00,0.000000000000000000e+00
7.894446410759017851e+01,0.000000000000000000e+00,0.000000000000000000e+00
7.919026700803435403e+01,0.000000000000000000e+00,0.000000000000000000e+00
8.154446092457899908e+01,0.000000000000000000e+00,0.000000000000000000e+00
7.797134769517182917e+01,0.000000000000000000e+00,0.000000000000000000e+00
7.451406614389532024e+01,0.000000000000000000e+00,0.000000000000000000e+00
7.763475826362795829e+01,0.000000000000000000e+00,0.000000000000000000e+00
7.051125619345165774e+01,0.000000000000000000e+00,0.000000000000000000e+00
7.528172060072728300e+01,0.000000000000000000e+00,0.000000000000000000e+00
7.841754041681620890e+01,0.000000000000000000e+00,0.000000000000000000e+00
7.484222417965023055e+01,0.000000000000000000e+00,0.000000000000000000e+00
8.187528741832971946e+01,0.000000000000000000e+00,0.000000000000000000e+00
7.674406771693357143e+01,0.000000000000000000e+00,0.000000000000000000e+00
7.749349909741941644e+01,0.000000000000000000e+00,0.000000000000000000e+00
7.524390580999404676e+01,0.000000000000000000e+00,0.000000000000000000e+00
7.771844948747818194e+01,0.000000000000000000e+00,0.000000000000000000e+00
7.581661974024248707e+01,0.000000000000000000e+00,0.000000000000000000e+00
7.535200004974089438e+01,0.000000000000000000e+00,0.000000000000000000e+00
8.048949993765801025e+01,0.000000000000000000e+00,0.000000000000000000e+00
8.201040863007105486e+01,0.000000000000000000e+00,0.000000000000000000e+00
7.265493426014860745e+01,0.000000000000000000e+00,0.000000000000000000e+00
7.822617842365953322e+01,0.000000000000000000e+00,0.000000000000000000e+00
7.979659878735188272e+01,0.000000000000000000e+00,0.000000000000000000e+00
8.038497640475971195e+01,0.000000000000000000e+00,0.000000000000000000e+00
7.884314895543711543e+01,0.000000000000000000e+00,0.000000000000000000e+00
7.802152491831787984e+01,0.000000000000000000e+00,0.000000000000000000e+00
7.734358072613979118e+01,0.000000000000000000e+00,0.000000000000000000e+00
8.153225634052307669e+01,0.000000000000000000e+00,0.000000000000000000e+00
7.827781713048824486e+01,0.000000000000000000e+00,0.000000000000000000e+00
7.606928193353431311e+01,0.000000000000000000e+00,0.000000000000000000e+00
7.984544606241058773e+01,0.000000000000000000e+00,0.000000000000000000e+00
7.371870591968341557e+01,0.000000000000000000e+00,0.000000000000000000e+00
7.679122033121521440e+01,0.000000000000000000e+00,0.000000000000000000e+00
7.552042806622847593e+01,0.000000000000000000e+00,0.000000000000000000e+00
7.668472205769714378e+01,0.000000000000000000e+00,0.000000000000000000e+00
7.972527864745293869e+01,0.000000000000000000e+00,0.000000000000000000e+00
7.918135149875885759e+01,0.000000000000000000e+00,0.000000000000000000e+00
7.866086604791406955e+01,0.000000000000000000e+00,0.000000000000000000e+00
7.710736245248232024e+01,0.000000000000000000e+00,0.000000000000000000e+00
7.854071394776825343e+01,0.000000000000000000e+00,0.000000000000000000e+00
8.074037616581053101e+01,0.000000000000000000e+00,0.000000000000000000e+00
7.578707077260031610e+01,0.000000000000000000e+00,0.000000000000000000e+00
7.789253833478514366e+01,0.000000000000000000e+00,0.000000000000000000e+00
7.867799165161578401e+01,0.000000000000000000e+00,0.000000000000000000e+00
7.898538218558255153e+01,0.000000000000000000e+00,0.000000000000000000e+00
8.158122727465746493e+01,0.000000000000000000e+00,0.000000000000000000e+00
8.149760747540776151e+01,0.000000000000000000e+00,0.000000000000000000e+00
7.927215246508725954e+01,0.000000000000000000e+00,0.000000000000000000e+00
7.844800439783620050e+01,0.000000000000000000e+00,0.000000000000000000e+00
7.883313572052431084e+01,0.000000000000000000e+00,0.000000000000000000e+00
7.920539394293670910e+01,0.000000000000000000e+00,0.000000000000000000e+00
8.004918846563315071e+01,0.000000000000000000e+00,0.000000000000000000e+00
7.523038152109940313e+01,0.000000000000000000e+00,0.000000000000000000e+00
7.686234744208874758e+01,0.000000000000000000e+00,0.000000000000000000e+00
7.794171145301922365e+01,0.000000000000000000e+00,0.000000000000000000e+00
7.605705883481009266e+01,0.000000000000000000e+00,0.000000000000000000e+00
8.010714836450746645e+01,0.000000000000000000e+00,0.000000000000000000e+00
8.021179634782757262e+01,0.000000000000000000e+00,0.000000000000000000e+00
7.926299868456493414e+01,0.000000000000000000e+00,0.000000000000000000e+00
7.804034273518152531e+01,0.000000000000000000e+00,0.000000000000000000e+00
7.913958454605938186e+01,0.000000000000000000e+00,0.000000000000000000e+00
7.952360527942441593e+01,0.000000000000000000e+00,0.000000000000000000e+00
7.977752934695749332e+01,0.000000000000000000e+00,0.000000000000000000e+00
8.223143660555372492e+01,0.000000000000000000e+00,0.000000000000000000e+00
8.113313544885455997e+01,0.000000000000000000e+00,0.000000000000000000e+00
7.888772414085271123e+01,0.000000000000000000e+00,0.000000000000000000e+00
8.148204781650846940e+01,0.000000000000000000e+00,0.000000000000000000e+00
7.871144651733524711e+01,0.000000000000000000e+00,0.000000000000000000e+00
7.874752811872609470e+01,0.000000000000000000e+00,0.000000000000000000e+00
8.219885333502055857e+01,0.000000000000000000e+00,0.000000000000000000e+00
7.814634995949188578e+01,0.000000000000000000e+00,0.000000000000000000e+00
7.933932351147181805e+01,0.000000000000000000e+00,0.000000000000000000e+00
8.052553193997748338e+01,0.000000000000000000e+00,0.000000000000000000e+00
8.193239243424562801e+01,0.000000000000000000e+00,0.000000000000000000e+00
8.111130299042034153e+01,0.000000000000000000e+00,0.000000000000000000e+00
7.736864624720888628e+01,0.000000000000000000e+00,0.000000000000000000e+00
7.925615914340387747e+01,0.000000000000000000e+00,0.000000000000000000e+00
8.137590256992321258e+01,0.000000000000000000e+00,0.000000000000000000e+00
7.766616011960252308e+01,0.000000000000000000e+00,0.000000000000000000e+00
8.106980687922349205e+01,0.000000000000000000e+00,0.000000000000000000e+00
8.162200732251714896e+01,0.000000000000000000e+00,0.000000000000000000e+00
7.838406481206537535e+01,0.000000000000000000e+00,0.000000000000000000e+00
7.791005756061488796e+01,0.000000000000000000e+00,0.000000000000000000e+00
7.481690106927838713e+01,0.000000000000000000e+00,0.000000000000000000e+00
8.017242675284042264e+01,0.000000000000000000e+00,0.000000000000000000e+00
8.245475693579676602e+01,0.000000000000000000e+00,0.000000000000000000e+00
8.150144203737914950e+01,0.000000000000000000e+00,0.000000000000000000e+00
7.519714758605483951e+01,0.000000000000000000e+00,0.000000000000000000e+00
7.925033321693253185e+01,0.000000000000000000e+00,0.000000000000000000e+00
8.044809883639666737e+01,0.000000000000000000e+00,0.000000000000000000e+00
8.073845689451847818e+01,0.000000000000000000e+00,0.000000000000000000e+00
7.899444640055872924e+01,0.000000000000000000e+00,0.000000000000000000e+00
8.116091657306299112e+01,0.000000000000000000e+00,0.000000000000000000e+00
7.806229982136746059e+01,0.000000000000000000e+00,0.000000000000000000e+00
7.890190016780796611e+01,0.000000000000000000e+00,0.000000000000000000e+00
8.135421618758769569e+01,0.000000000000000000e+00,0.000000000000000000e+00
7.894013063902832528e+01,0.000000000000000000e+00,0.000000000000000000e+00
7.753044217807116922e+01,0.000000000000000000e+00,0.000000000000000000e+00
7.820625473584745180e+01,0.000000000000000000e+00,0.000000000000000000e+00
7.965444218231489515e+01,0.000000000000000000e+00,0.000000000000000000e+00
8.033288374230876627e+01,0.000000000000000000e+00,0.000000000000000000e+00
7.601548748663158506e+01,0.000000000000000000e+00,0.000000000000000000e+00
8.275754704557435559e+01,0.000000000000000000e+00,0.000000000000000000e+00
7.997939771523914487e+01,0.000000000000000000e+00,0.000000000000000000e+00
7.759030444475101262e+01,0.000000000000000000e+00,0.000000000000000000e+00
7.955309485482943899e+01,0.000000000000000000e+00,0.000000000000000000e+00
7.925271225979604139e+01,0.000000000000000000e+00,0.000000000000000000e+00
7.955357414218327960e+01,0.000000000000000000e+00,0.000000000000000000e+00
8.139710602881552859e+01,0.000000000000000000e+00,0.000000000000000000e+00
7.773022787840473313e+01,0.000000000000000000e+00,0.000000000000000000e+00
7.787466610185830973e+01,0.000000000000000000e+00,0.000000000000000000e+00
8.046656044022884657e+01,0.000000000000000000e+00,0.000000000000000000e+00
8.051525909769868861e+01,0.000000000000000000e+00,0.000000000000000000e+00
7.841661802845349882e+01,0.000000000000000000e+00,0.000000000000000000e+00
7.751791902148211477e+01,0.000000000000000000e+00,0.000000000000000000e+00
7.715546512686334779e+01,0.000000000000000000e+00,0.000000000000000000e+00
7.971778024847992583e+01,0.000000000000000000e+00,0.000000000000000000e+00
7.896313172322406615e+01,0.000000000000000000e+00,0.000000000000000000e+00
7.946086737877058681e+01,0.000000000000000000e+00,0.000000000000000000e+00
8.031342141877972551e+01,0.000000000000000000e+00,0.000000000000000000e+00
8.191717652867245647e+01,0.000000000000000000e+00,0.000000000000000000e+00
7.847687339345937119e+01,0.000000000000000000e+00,0.000000000000000000e+00
7.959619027231360633e+01,0.000000000000000000e+00,0.000000000000000000e+00
7.917985574885915412e+01,0.000000000000000000e+00,0.000000000000000000e+00
7.915797299427218547e+01,0.000000000000000000e+00,0.000000000000000000e+00
8.186065747575409546e+01,0.000000000000000000e+00,0.000000000000000000e+00
8.003840106060619064e+01,0.000000000000000000e+00,0.000000000000000000e+00
7.987988385613932962e+01,0.000000000000000000e+00,0.000000000000000000e+00
8.020954490460172792e+01,0.000000000000000000e+00,0.000000000000000000e+00
8.273317261829738811e+01,0.000000000000000000e+00,0.000000000000000000e+00
8.026466753707560997e+01,0.000000000000000000e+00,0.000000000000000000e+00
8.264952066994364088e+01,0.000000000000000000e+00,0.000000000000000000e+00
8.566449697029486288e+01,0.000000000000000000e+00,0.000000000000000000e+00
7.655541980333569541e+01,0.000000000000000000e+00,0.000000000000000000e+00
8.267480221504671078e+01,0.000000000000000000e+00,0.000000000000000000e+00
7.819371858304072020e+01,0.000000000000000000e+00,0.000000000000000000e+00
8.005728756278543301e+01,0.000000000000000000e+00,0.000000000000000000e+00
8.478084451134007793e+01,0.000000000000000000e+00,0.000000000000000000e+00
7.987091006175960217e+01,0.000000000000000000e+00,0.000000000000000000e+00
8.426883137642076349e+01,0.000000000000000000e+00,0.000000000000000000e+00
7.999099995156086607e+01,0.000000000000000000e+00,0.000000000000000000e+00
7.819765239282298808e+01,0.000000000000000000e+00,0.000000000000000000e+00
7.826371200726993038e+01,0.000000000000000000e+00,0.000000000000000000e+00
8.159904687319180994e+01,0.000000000000000000e+00,0.000000000000000000e+00
7.887959762351542281e+01,0.000000000000000000e+00,0.000000000000000000e+00
8.221220956098846955e+01,0.000000000000000000e+00,0.000000000000000000e+00
7.906765189755753909e+01,0.000000000000000000e+00,0.000000000000000000e+00
7.925181651500591329e+01,0.000000000000000000e+00,0.000000000000000000e+00
7.937460531437528743e+01,0.000000000000000000e+00,0.000000000000000000e+00
7.917199391741786485e+01,0.000000000000000000e+00,0.000000000000000000e+00
8.205037014669601092e+01,0.000000000000000000e+00,0.000000000000000000e+00
7.764579701874349382e+01,0.000000000000000000e+00,0.000000000000000000e+00
8.090572376008061894e+01,0.000000000000000000e+00,0.000000000000000000e+00
8.022707488986296198e+01,0.000000000000000000e+00,0.000000000000000000e+00
8.268290572135185812e+01,0.000000000000000000e+00,0.000000000000000000e+00
7.833173111555599633e+01,0.000000000000000000e+00,0.000000000000000000e+00
7.845101595838909248e+01,0.000000000000000000e+00,0.000000000000000000e+00
7.960371867029859061e+01,0.000000000000000000e+00,0.000000000000000000e+00
8.271914672429915072e+01,0.000000000000000000e+00,0.000000000000000000e+00
7.663482466263089066e+01,0.000000000000000000e+00,0.000000000000000000e+00
7.780060949860705932e+01,0.000000000000000000e+00,0.000000000000000000e+00
7.910489315639053132e+01,0.000000000000000000e+00,0.000000000000000000e+00
7.612146313797437358e+01,0.000000000000000000e+00,0.000000000000000000e+00
8.013710677992263243e+01,0.000000000000000000e+00,0.000000000000000000e+00
8.029655541250099304e+01,0.000000000000000000e+00,0.000000000000000000e+00
7.822399927154827992e+01,0.000000000000000000e+00,0.000000000000000000e+00
8.161341779930347684e+01,0.000000000000000000e+00,0.000000000000000000e+00
8.095433666900683534e+01,0.000000000000000000e+00,0.000000000000000000e+00
8.124688428417300656e+01,0.000000000000000000e+00,0.000000000000000000e+00
7.858902937104954844e+01,0.000000000000000000e+00,0.000000000000000000e+00
7.571456327923958440e+01,0.000000000000000000e+00,0.000000000000000000e+00
7.973924818857931029e+01,0.000000000000000000e+00,0.000000000000000000e+00
8.064659867245859459e+01,0.000000000000000000e+00,0.000000000000000000e+00
7.813429371504258825e+01,0.000000000000000000e+00,0.000000000000000000e+00
7.999048003139257901e+01,0.000000000000000000e+00,0.000000000000000000e+00
8.019190183033360597e+01,0.000000000000000000e+00,0.000000000000000000e+00
8.243115037525899425e+01,0.000000000000000000e+00,0.000000000000000000e+00
7.747297623074447870e+01,0.000000000000000000e+00,0.000000000000000000e+00
7.811864086984422784e+01,0.000000000000000000e+00,0.000000000000000000e+00
7.978716221979398426e+01,0.000000000000000000e+00,0.000000000000000000e+00
7.857028928529345535e+01,0.000000000000000000e+00,0.000000000000000000e+00
8.120087403674784809e+01,0.000000000000000000e+00,0.000000000000000000e+00
7.807584184392980831e+01,0.000000000000000000e+00,0.000000000000000000e+00
8.060416448822417124e+01,0.000000000000000000e+00,0.000000000000000000e+00
8.147106222054127045e+01,0.000000000000000000e+00,0.000000000000000000e+00
7.925146998676672183e+01,0.000000000000000000e+00,0.000000000000000000e+00
8.150103838117142629e+01,0.000000000000000000e+00,0.000000000000000000e+00
8.265899914212428712e+01,0.000000000000000000e+00,0.000000000000000000e+00
8.070769404335135278e+01,0.000000000000000000e+00,0.000000000000000000e+00
7.951196026570050890e+01,0.000000000000000000e+00,0.000000000000000000e+00
8.444575600183942754e+01,0.000000000000000000e+00,0.000000000000000000e+00
8.277651160324330704e+01,0.000000000000000000e+00,0.000000000000000000e+00
8.213326594158569094e+01,0.000000000000000000e+00,0.000000000000000000e+00
8.136524702149988286e+01,0.000000000000000000e+00,0.000000000000000000e+00
8.322040560469993409e+01,0.000000000000000000e+00,0.000000000000000000e+00
8.238689933389336773e+01,0.000000000000000000e+00,0.000000000000000000e+00
7.976715097473316973e+01,0.000000000000000000e+00,0.000000000000000000e+00
8.133978816605348072e+01,0.000000000000000000e+00,0.000000000000000000e+00
8.024117583203832282e+01,0.000000000000000000e+00,0.000000000000000000e+00
8.015900143627554542e+01,0.000000000000000000e+00,0.000000000000000000e+00
8.250411898792687282e+01,0.000000000000000000e+00,0.000000000000000000e+00
8.451323488592228728e+01,0.000000000000000000e+00,0.000000000000000000e+00
7.994639679428456702e+01,0.000000000000000000e+00,0.000000000000000000e+00
8.440242441392649653e+01,0.000000000000000000e+00,0.000000000000000000e+00
8.108304580375728676e+01,0.000000000000000000e+00,0.000000000000000000e+00
8.230357405988922892e+01,0.000000000000000000e+00,0.000000000000000000e+00
8.369342704565018209e+01,0.000000000000000000e+00,0.000000000000000000e+00
8.248516443471677917e+01,0.000000000000000000e+00,0.000000000000000000e+00
8.171184705989676900e+01,0.000000000000000000e+00,0.000000000000000000e+00
8.085589474132342502e+01,0.000000000000000000e+00,0.000000000000000000e+00
8.257124063591545848e+01,0.000000000000000000e+00,0.000000000000000000e+00
7.963138296370534874e+01,0.000000000000000000e+00,0.000000000000000000e+00
8.166248564540154575e+01,0.000000000000000000e+00,0.000000000000000000e+00
7.865359069743627174e+01,0.000000000000000000e+00,0.000000000000000000e+00
7.993270061728141229e+01,0.000000000000000000e+00,0.000000000000000000e+00
7.776822553381956027e+01,0.000000000000000000e+00,0.000000000000000000e+00
7.579393834487477477e+01,0.000000000000000000e+00,0.000000000000000000e+00
7.638613004178127142e+01,0.000000000000000000e+00,0.000000000000000000e+00
8.062076825695186244e+01,0.000000000000000000e+00,0.000000000000000000e+00
7.932966717048000760e+01,0.000000000000000000e+00,0.000000000000000000e+00
8.322463725937664947e+01,0.000000000000000000e+00,0.000000000000000000e+00
7.932934449311473202e+01,0.000000000000000000e+00,0.000000000000000000e+00
7.717869935102876866e+01,0.000000000000000000e+00,0.000000000000000000e+00
7.541445425834308480e+01,0.000000000000000000e+00,0.000000000000000000e+00
7.843599202465644282e+01,0.000000000000000000e+00,0.000000000000000000e+00
7.972424539629014362e+01,0.000000000000000000e+00,0.000000000000000000e+00
8.026434647152844093e+01,0.000000000000000000e+00,0.000000000000000000e+00
8.169667722868132387e+01,0.000000000000000000e+00,0.000000000000000000e+00
8.090808171118253256e+01,0.000000000000000000e+00,0.000000000000000000e+00
8.168828011217657092e+01,0.000000000000000000e+00,0.000000000000000000e+00
7.825366997067614250e+01,0.000000000000000000e+00,0.000000000000000000e+00
8.039769707492945372e+01,0.000000000000000000e+00,0.000000000000000000e+00
8.240427266353488278e+01,0.000000000000000000e+00,0.000000000000000000e+00
8.048638472209360373e+01,0.000000000000000000e+00,0.000000000000000000e+00
8.123508476016537827e+01,0.000000000000000000e+00,0.000000000000000000e+00
7.739965262625152320e+01,0.000000000000000000e+00,0.000000000000000000e+00
7.711045151697877031e+01,0.000000000000000000e+00,0.000000000000000000e+00
7.978319315499754794e+01,0.000000000000000000e+00,0.000000000000000000e+00
7.849201620386098455e+01,0.000000000000000000e+00,0.000000000000000000e+00
8.111998640736177890e+01,0.000000000000000000e+00,0.000000000000000000e+00
8.016630430967418874e+01,0.000000000000000000e+00,0.000000000000000000e+00
8.228134416225245218e+01,0.000000000000000000e+00,0.000000000000000000e+00
7.776555157953124819e+01,0.000000000000000000e+00,0.000000000000000000e+00
7.808538172475680028e+01,0.000000000000000000e+00,0.000000000000000000e+00
8.221501955926972016e+01,0.000000000000000000e+00,0.000000000000000000e+00
7.866421540489078268e+01,0.000000000000000000e+00,0.000000000000000000e+00
8.118105615100151340e+01,0.000000000000000000e+00,0.000000000000000000e+00
7.980864361830113296e+01,0.000000000000000000e+00,0.000000000000000000e+00
8.033292046169462708e+01,0.000000000000000000e+00,0.000000000000000000e+00
8.000382941842373441e+01,0.000000000000000000e+00,0.000000000000000000e+00
8.046769087697380485e+01,0.000000000000000000e+00,0.000000000000000000e+00
8.066577129283516001e+01,0.000000000000000000e+00,0.000000000000000000e+00
7.792085766542093950e+01,0.000000000000000000e+00,0.000000000000000000e+00
8.052128910759692815e+01,0.000000000000000000e+00,0.000000000000000000e+00
8.066070339175225001e+01,0.000000000000000000e+00,0.000000000000000000e+00
7.833516245011996659e+01,0.000000000000000000e+00,0.000000000000000000e+00
8.131770541112027217e+01,0.000000000000000000e+00,0.000000000000000000e+00
8.248882048588215810e+01,0.000000000000000000e+00,0.000000000000000000e+00
7.959936565359913629e+01,0.000000000000000000e+00,0.000000000000000000e+00
8.116387834261084322e+01,0.000000000000000000e+00,0.000000000000000000e+00
8.057886664631615758e+01,0.000000000000000000e+00,0.000000000000000000e+00
8.011090268897483213e+01,0.000000000000000000e+00,0.000000000000000000e+00
7.661995508907376973e+01,0.000000000000000000e+00,0.000000000000000000e+00
7.987545194931527703e+01,0.000000000000000000e+00,0.000000000000000000e+00
7.951079966800382692e+01,0.000000000000000000e+00,0.000000000000000000e+00
8.082939925555767502e+01,0.000000000000000000e+00,0.000000000000000000e+00
8.167705868360091870e+01,0.000000000000000000e+00,0.000000000000000000e+00
7.632208872005743672e+01,0.000000000000000000e+00,0.000000000000000000e+00
7.439723688058730033e+01,0.000000000000000000e+00,0.000000000000000000e+00
8.096823184368359705e+01,0.000000000000000000e+00,0.000000000000000000e+00
8.042140477399898657e+01,0.000000000000000000e+00,0.000000000000000000e+00
7.989650942696034974e+01,0.000000000000000000e+00,0.000000000000000000e+00
7.884712761584064822e+01,0.000000000000000000e+00,0.000000000000000000e+00
7.856784483913679651e+01,0.000000000000000000e+00,0.000000000000000000e+00
8.121536168653685195e+01,0.000000000000000000e+00,0.000000000000000000e+00
7.692991720471341921e+01,0.000000000000000000e+00,0.000000000000000000e+00
7.910885880188230601e+01,0.000000000000000000e+00,0.000000000000000000e+00
7.838251368676792197e+01,0.000000000000000000e+00,0.000000000000000000e+00
7.491584777679850049e+01,0.000000000000000000e+00,0.000000000000000000e+00
7.766816199461653980e+01,0.000000000000000000e+00,0.000000000000000000e+00
7.821687083124429307e+01,0.000000000000000000e+00,0.000000000000000000e+00
7.775712218002711040e+01,0.000000000000000000e+00,0.000000000000000000e+00
7.775614025795397311e+01,0.000000000000000000e+00,0.000000000000000000e+00
7.688320605613313319e+01,0.000000000000000000e+00,0.000000000000000000e+00
7.737804303398927175e+01,0.000000000000000000e+00,0.000000000000000000e+00
7.459424133268326784e+01,0.000000000000000000e+00,0.000000000000000000e+00
7.654990068259613167e+01,0.000000000000000000e+00,0.000000000000000000e+00
7.388317935942708914e+01,0.000000000000000000e+00,0.000000000000000000e+00
7.680261971895909312e+01,0.000000000000000000e+00,0.000000000000000000e+00
7.753557864776475128e+01,0.000000000000000000e+00,0.000000000000000000e+00
7.758453319706831053e+01,0.000000000000000000e+00,0.000000000000000000e+00
7.693279884817260950e+01,0.000000000000000000e+00,0.000000000000000000e+00
7.693689619813999059e+01,0.000000000000000000e+00,0.000000000000000000e+00
7.994520061065716732e+01,0.000000000000000000e+00,0.000000000000000000e+00
8.045254954131968361e+01,0.000000000000000000e+00,0.000000000000000000e+00
7.695958955052897466e+01,0.000000000000000000e+00,0.000000000000000000e+00
8.099594344051956796e+01,0.000000000000000000e+00,0.000000000000000000e+00
7.775302635174826094e+01,0.000000000000000000e+00,0.000000000000000000e+00
7.690214010038256731e+01,0.000000000000000000e+00,0.000000000000000000e+00
7.579233237069489348e+01,0.000000000000000000e+00,0.000000000000000000e+00
7.777920146979964500e+01,0.000000000000000000e+00,0.000000000000000000e+00
7.882414351117040496e+01,0.000000000000000000e+00,0.000000000000000000e+00
7.848810969913884605e+01,0.000000000000000000e+00,0.000000000000000000e+00
7.824934312043143336e+01,0.000000000000000000e+00,0.000000000000000000e+00
7.531235784313722093e+01,0.000000000000000000e+00,0.000000000000000000e+00
7.737084916865147477e+01,0.000000000000000000e+00,0.000000000000000000e+00
7.999756157459366079e+01,0.000000000000000000e+00,0.000000000000000000e+00
7.872461813613250570e+01,0.000000000000000000e+00,0.000000000000000000e+00
7.905841478554215485e+01,0.000000000000000000e+00,0.000000000000000000e+00
7.743329928382532046e+01,0.000000000000000000e+00,0.000000000000000000e+00
8.078352795350680537e+01,0.000000000000000000e+00,0.000000000000000000e+00
7.799804997691732922e+01,0.000000000000000000e+00,0.000000000000000000e+00
7.614270606211690051e+01,0.000000000000000000e+00,0.000000000000000000e+00
7.531422281522219464e+01,0.000000000000000000e+00,0.000000000000000000e+00
7.658948773228436835e+01,0.000000000000000000e+00,0.000000000000000000e+00
7.704335612382583065e+01,0.000000000000000000e+00,0.000000000000000000e+00
8.085160902942617156e+01,0.000000000000000000e+00,0.000000000000000000e+00
7.708946957005814227e+01,0.000000000000000000e+00,0.000000000000000000e+00
7.681622249788976831e+01,0.000000000000000000e+00,0.000000000000000000e+00
8.188095953648084446e+01,0.000000000000000000e+00,0.000000000000000000e+00
8.084238669895196949e+01,0.000000000000000000e+00,0.000000000000000000e+00
8.103031742177326180e+01,0.000000000000000000e+00,0.000000000000000000e+00
7.970562953334903966e+01,0.000000000000000000e+00,0.000000000000000000e+00
8.106775504625093731e+01,0.000000000000000000e+00,0.000000000000000000e+00
7.994339486132311379e+01,0.000000000000000000e+00,0.000000000000000000e+00
7.925741307802002211e+01,0.000000000000000000e+00,0.000000000000000000e+00
7.849682966757008273e+01,0.000000000000000000e+00,0.000000000000000000e+00
7.734083325129699915e+01,0.000000000000000000e+00,0.000000000000000000e+00
7.812169841788956148e+01,0.000000000000000000e+00,0.000000000000000000e+00
7.842429217106656836e+01,0.000000000000000000e+00,0.000000000000000000e+00
7.679572678579739886e+01,0.000000000000000000e+00,0.000000000000000000e+00
7.844459421330525117e+01,0.000000000000000000e+00,0.000000000000000000e+00
7.996748220920237316e+01,0.000000000000000000e+00,0.000000000000000000e+00
7.522829842393758781e+01,0.000000000000000000e+00,0.000000000000000000e+00
7.662699428656104317e+01,0.000000000000000000e+00,0.000000000000000000e+00
7.999114266737223033e+01,0.000000000000000000e+00,0.000000000000000000e+00
7.745451911263621980e+01,0.000000000000000000e+00,0.000000000000000000e+00
7.681211212005069910e+01,0.000000000000000000e+00,0.000000000000000000e+00
7.815161503259814424e+01,0.000000000000000000e+00,0.000000000000000000e+00
7.554790648550122967e+01,0.000000000000000000e+00,0.000000000000000000e+00
7.778341024326724096e+01,0.000000000000000000e+00,0.000000000000000000e+00
7.844339236187073539e+01,0.000000000000000000e+00,0.000000000000000000e+00
7.477658292178649901e+01,0.000000000000000000e+00,0.000000000000000000e+00
7.229485763669214293e+01,0.000000000000000000e+00,0.000000000000000000e+00
7.492924657136758526e+01,0.000000000000000000e+00,0.000000000000000000e+00
7.479608921966260482e+01,0.000000000000000000e+00,0.000000000000000000e+00
7.794001934228056427e+01,0.000000000000000000e+00,0.000000000000000000e+00
7.673693866902381444e+01,0.000000000000000000e+00,0.000000000000000000e+00
7.486895299892975686e+01,0.000000000000000000e+00,0.000000000000000000e+00
7.511514106549010705e+01,0.000000000000000000e+00,0.000000000000000000e+00
7.407152305305130824e+01,0.000000000000000000e+00,0.000000000000000000e+00
7.894701321641358049e+01,0.000000000000000000e+00,0.000000000000000000e+00
7.603586334579584616e+01,0.000000000000000000e+00,0.000000000000000000e+00
7.744333399633337933e+01,0.000000000000000000e+00,0.000000000000000000e+00
7.664973473342189436e+01,0.000000000000000000e+00,0.000000000000000000e+00
7.137079172977563246e+01,0.000000000000000000e+00,0.000000000000000000e+00
7.693289055342766858e+01,0.000000000000000000e+00,0.000000000000000000e+00
7.436499531901382909e+01,0.000000000000000000e+00,0.000000000000000000e+00
7.856170850389510463e+01,0.000000000000000000e+00,0.000000000000000000e+00
7.933300970226635229e+01,0.000000000000000000e+00,0.000000000000000000e+00
7.242193146584585861e+01,0.000000000000000000e+00,0.000000000000000000e+00
7.808646458775697852e+01,0.000000000000000000e+00,0.000000000000000000e+00
8.012670793829865090e+01,0.000000000000000000e+00,0.000000000000000000e+00
7.508437087822825617e+01,0.000000000000000000e+00,0.000000000000000000e+00
7.447068766060176870e+01,0.000000000000000000e+00,0.000000000000000000e+00
7.749555362392322877e+01,0.000000000000000000e+00,0.000000000000000000e+00
7.554996105687679631e+01,0.000000000000000000e+00,0.000000000000000000e+00
8.005095141096975908e+01,0.000000000000000000e+00,0.000000000000000000e+00
7.630017591512522301e+01,0.000000000000000000e+00,0.000000000000000000e+00
7.485828952580459372e+01,0.000000000000000000e+00,0.000000000000000000e+00
7.564768841413986422e+01,0.000000000000000000e+00,0.000000000000000000e+00
7.339225650829258996e+01,0.000000000000000000e+00,0.000000000000000000e+00
7.515801690683271374e+01,0.000000000000000000e+00,0.000000000000000000e+00
7.199651664810015461e+01,0.000000000000000000e+00,0.000000000000000000e+00
7.389863061820928181e+01,0.000000000000000000e+00,0.000000000000000000e+00
7.306493990481645540e+01,0.000000000000000000e+00,0.000000000000000000e+00
7.530297816479699691e+01,0.000000000000000000e+00,0.000000000000000000e+00
7.839873033561093507e+01,0.000000000000000000e+00,0.000000000000000000e+00
7.480006271206904955e+01,0.000000000000000000e+00,0.000000000000000000e+00
7.341731010966761062e+01,0.000000000000000000e+00,0.000000000000000000e+00
7.629851515438129184e+01,0.000000000000000000e+00,0.000000000000000000e+00
7.675625002212292713e+01,0.000000000000000000e+00,0.000000000000000000e+00
7.684409269065807280e+01,0.000000000000000000e+00,0.000000000000000000e+00
7.827122413114011579e+01,0.000000000000000000e+00,0.000000000000000000e+00
7.165736514844854810e+01,0.000000000000000000e+00,0.000000000000000000e+00
7.667821586576515358e+01,0.000000000000000000e+00,0.000000000000000000e+00
7.265708229526667594e+01,0.000000000000000000e+00,0.000000000000000000e+00
7.309596926970867514e+01,0.000000000000000000e+00,0.000000000000000000e+00
7.207666090188570251e+01,0.000000000000000000e+00,0.000000000000000000e+00
7.668557658058465165e+01,0.000000000000000000e+00,0.000000000000000000e+00
7.217078973937957187e+01,0.000000000000000000e+00,0.000000000000000000e+00
7.197009147635020554e+01,0.000000000000000000e+00,0.000000000000000000e+00
7.677026765109440021e+01,0.000000000000000000e+00,0.000000000000000000e+00
7.140054730794670945e+01,0.000000000000000000e+00,0.000000000000000000e+00
7.639803221062297212e+01,0.000000000000000000e+00,0.000000000000000000e+00
7.439506602072033559e+01,0.000000000000000000e+00,0.000000000000000000e+00
7.332427535637904725e+01,0.000000000000000000e+00,0.000000000000000000e+00
7.153342156861511114e+01,0.000000000000000000e+00,0.000000000000000000e+00
7.553397842765701853e+01,0.000000000000000000e+00,0.000000000000000000e+00
7.653684093043666792e+01,0.000000000000000000e+00,0.000000000000000000e+00
7.558368639058045346e+01,0.000000000000000000e+00,0.000000000000000000e+00
7.516863443843878656e+01,0.000000000000000000e+00,0.000000000000000000e+00
7.464211053063114321e+01,0.000000000000000000e+00,0.000000000000000000e+00
7.461111207840507120e+01,0.000000000000000000e+00,0.000000000000000000e+00
7.401637747259290734e+01,0.000000000000000000e+00,0.000000000000000000e+00
7.291491927374728732e+01,0.000000000000000000e+00,0.000000000000000000e+00
7.696989106085118237e+01,0.000000000000000000e+00,0.000000000000000000e+00
7.206666544746579461e+01,0.000000000000000000e+00,0.000000000000000000e+00
7.652820418771865718e+01,0.000000000000000000e+00,0.000000000000000000e+00
7.398994169327308157e+01,0.000000000000000000e+00,0.000000000000000000e+00
7.117760244944953740e+01,0.000000000000000000e+00,0.000000000000000000e+00
7.219436268224346520e+01,0.000000000000000000e+00,0.000000000000000000e+00
7.482073839479330957e+01,0.000000000000000000e+00,0.000000000000000000e+00
7.241854541171899484e+01,0.000000000000000000e+00,0.000000000000000000e+00
7.095760454749476764e+01,0.000000000000000000e+00,0.000000000000000000e+00
7.221159581005657913e+01,0.000000000000000000e+00,0.000000000000000000e+00
7.496024682655685467e+01,0.000000000000000000e+00,0.000000000000000000e+00
7.079536863106248745e+01,0.000000000000000000e+00,0.000000000000000000e+00
6.942914524720956138e+01,0.000000000000000000e+00,0.000000000000000000e+00
7.182427445539879329e+01,0.000000000000000000e+00,0.000000000000000000e+00
7.490470505050618044e+01,0.000000000000000000e+00,0.000000000000000000e+00
7.041700288338904556e+01,0.000000000000000000e+00,0.000000000000000000e+00
7.323222305487527706e+01,0.000000000000000000e+00,0.000000000000000000e+00
7.747848005363056245e+01,0.000000000000000000e+00,0.000000000000000000e+00
7.065422571446724476e+01,0.000000000000000000e+00,0.000000000000000000e+00
7.885967130692377225e+01,0.000000000000000000e+00,0.000000000000000000e+00
7.322796852130962009e+01,0.000000000000000000e+00,0.000000000000000000e+00
7.493794821422901009e+01,0.000000000000000000e+00,0.000000000000000000e+00
7.081557303479262089e+01,0.000000000000000000e+00,0.000000000000000000e+00
7.144438215318744767e+01,0.000000000000000000e+00,0.000000000000000000e+00
7.247161723444460790e+01,0.000000000000000000e+00,0.000000000000000000e+00
7.177341631411961487e+01,0.000000000000000000e+00,0.000000000000000000e+00
6.841080017146829562e+01,0.000000000000000000e+00,0.000000000000000000e+00
7.022328535586684950e+01,0.000000000000000000e+00,0.000000000000000000e+00
7.124159146380637253e+01,0.000000000000000000e+00,0.000000000000000000e+00
7.360349036135008305e+01,0.000000000000000000e+00,0.000000000000000000e+00
7.134096887754381555e+01,0.000000000000000000e+00,0.000000000000000000e+00
7.154462922189944152e+01,0.000000000000000000e+00,0.000000000000000000e+00
7.142962642903648884e+01,0.000000000000000000e+00,0.000000000000000000e+00
7.194356602103751186e+01,0.000000000000000000e+00,0.000000000000000000e+00
7.221202072244474834e+01,0.000000000000000000e+00,0.000000000000000000e+00
7.280450999360509456e+01,0.000000000000000000e+00,0.000000000000000000e+00
6.946588762413172446e+01,0.000000000000000000e+00,0.000000000000000000e+00
7.527929201573904550e+01,0.000000000000000000e+00,0.000000000000000000e+00
7.172991881683454096e+01,0.000000000000000000e+00,0.000000000000000000e+00
7.451910480592592023e+01,0.000000000000000000e+00,0.000000000000000000e+00
7.543045463394895478e+01,0.000000000000000000e+00,0.000000000000000000e+00
7.205589507810888961e+01,0.000000000000000000e+00,0.000000000000000000e+00
7.514570876194675009e+01,0.000000000000000000e+00,0.000000000000000000e+00
7.269015019928161792e+01,0.000000000000000000e+00,0.000000000000000000e+00
7.154132406888587070e+01,0.000000000000000000e+00,0.000000000000000000e+00
7.356786505666477183e+01,0.000000000000000000e+00,0.000000000000000000e+00
7.201510459429154309e+01,0.000000000000000000e+00,0.000000000000000000e+00
6.994987229158570585e+01,0.000000000000000000e+00,0.000000000000000000e+00
6.983398646606829629e+01,0.000000000000000000e+00,0.000000000000000000e+00
7.134092491077845466e+01,0.000000000000000000e+00,0.000000000000000000e+00
7.046710974806636330e+01,0.000000000000000000e+00,0.000000000000000000e+00
7.265953356394500418e+01,0.000000000000000000e+00,0.000000000000000000e+00
7.142461064878011712e+01,0.000000000000000000e+00,0.000000000000000000e+00
7.132401552390410870e+01,0.000000000000000000e+00,0.000000000000000000e+00
7.233896027201261347e+01,0.000000000000000000e+00,0.000000000000000000e+00
6.962704203860192820e+01,0.000000000000000000e+00,0.000000000000000000e+00
7.067367265204653393e+01,0.000000000000000000e+00,0.000000000000000000e+00
7.226730366196800048e+01,0.000000000000000000e+00,0.000000000000000000e+00
7.245335698424196380e+01,0.000000000000000000e+00,0.000000000000000000e+00
6.940981801893707370e+01,0.000000000000000000e+00,0.000000000000000000e+00
6.639506088809275752e+01,0.000000000000000000e+00,0.000000000000000000e+00
6.911499653991577929e+01,0.000000000000000000e+00,0.000000000000000000e+00
7.255193073136743465e+01,0.000000000000000000e+00,0.000000000000000000e+00
6.644759252459031984e+01,0.000000000000000000e+00,0.000000000000000000e+00
6.901289365966512435e+01,0.000000000000000000e+00,0.000000000000000000e+00
6.591106896669793969e+01,0.000000000000000000e+00,0.000000000000000000e+00
7.050145434864849392e+01,0.000000000000000000e+00,0.000000000000000000e+00
6.899024422089816255e+01,0.000000000000000000e+00,0.000000000000000000e+00
6.881634324509251144e+01,0.000000000000000000e+00,0.000000000000000000e+00
6.777084793249326822e+01,0.000000000000000000e+00,0.000000000000000000e+00
6.986141223820281709e+01,0.000000000000000000e+00,0.000000000000000000e+00
7.231262617012296801e+01,0.000000000000000000e+00,0.000000000000000000e+00
6.601821741568542734e+01,0.000000000000000000e+00,0.000000000000000000e+00
6.903840734695121739e+01,0.000000000000000000e+00,0.000000000000000000e+00
6.885899100134344053e+01,0.000000000000000000e+00,0.000000000000000000e+00
7.080755696614241401e+01,0.000000000000000000e+00,0.000000000000000000e+00
6.756006997471199327e+01,0.000000000000000000e+00,0.000000000000000000e+00
6.869090992014450592e+01,0.000000000000000000e+00,0.000000000000000000e+00
7.147621197118189684e+01,0.000000000000000000e+00,0.000000000000000000e+00
7.210652419197847962e+01,0.000000000000000000e+00,0.000000000000000000e+00
6.344777281822918269e+01,0.000000000000000000e+00,0.000000000000000000e+00
6.787601314992718926e+01,0.000000000000000000e+00,0.000000000000000000e+00
7.032950523315861346e+01,0.000000000000000000e+00,0.000000000000000000e+00
6.885837872050596786e+01,0.000000000000000000e+00,0.000000000000000000e+00
7.072178982932472024e+01,0.000000000000000000e+00,0.000000000000000000e+00
6.921263967758960689e+01,0.000000000000000000e+00,0.000000000000000000e+00
6.555258642659485702e+01,0.000000000000000000e+00,0.000000000000000000e+00
7.000710789295182224e+01,0.000000000000000000e+00,0.000000000000000000e+00
6.986635913175221901e+01,0.000000000000000000e+00,0.000000000000000000e+00
6.721145656504364752e+01,0.000000000000000000e+00,0.000000000000000000e+00
6.961605892603816415e+01,0.000000000000000000e+00,0.000000000000000000e+00
6.774775067893126845e+01,0.000000000000000000e+00,0.000000000000000000e+00
6.592251511753778459e+01,0.000000000000000000e+00,0.000000000000000000e+00
7.031180427412779466e+01,0.000000000000000000e+00,0.000000000000000000e+00
6.690857028465718770e+01,0.000000000000000000e+00,0.000000000000000000e+00
6.851114696492912515e+01,0.000000000000000000e+00,0.000000000000000000e+00
6.905426406860311772e+01,0.000000000000000000e+00,0.000000000000000000e+00
6.882349161998041609e+01,0.000000000000000000e+00,0.000000000000000000e+00
6.925275521416452307e+01,0.000000000000000000e+00,0.000000000000000000e+00
6.816766962635227856e+01,0.000000000000000000e+00,0.000000000000000000e+00
7.098836543779896147e+01,0.000000000000000000e+00,0.000000000000000000e+00
6.735824083119649686e+01,0.000000000000000000e+00,0.000000000000000000e+00
6.846584000789795255e+01,0.000000000000000000e+00,0.000000000000000000e+00
6.742791695706888788e+01,0.000000000000000000e+00,0.000000000000000000e+00
7.114032523173740685e+01,0.000000000000000000e+00,0.000000000000000000e+00
6.906667230527753532e+01,0.000000000000000000e+00,0.000000000000000000e+00
6.956506703612451759e+01,0.000000000000000000e+00,0.000000000000000000e+00
6.768937699706323485e+01,0.000000000000000000e+00,0.000000000000000000e+00
6.725594995698041600e+01,0.000000000000000000e+00,0.000000000000000000e+00
6.767320989594558966e+01,0.000000000000000000e+00,0.000000000000000000e+00
6.563422718311977633e+01,0.000000000000000000e+00,0.000000000000000000e+00
6.886775340180349758e+01,0.000000000000000000e+00,0.000000000000000000e+00
6.892064251476236336e+01,0.000000000000000000e+00,0.000000000000000000e+00
6.705652621303028127e+01,0.000000000000000000e+00,0.000000000000000000e+00
7.045547040815053208e+01,0.000000000000000000e+00,0.000000000000000000e+00
6.629907637703065859e+01,0.000000000000000000e+00,0.000000000000000000e+00
6.685492522602467602e+01,0.000000000000000000e+00,0.000000000000000000e+00
7.055964319750276559e+01,0.000000000000000000e+00,0.000000000000000000e+00
6.588446866170495753e+01,0.000000000000000000e+00,0.000000000000000000e+00
6.463629907315807088e+01,0.000000000000000000e+00,0.000000000000000000e+00
6.705099012748023313e+01,0.000000000000000000e+00,0.000000000000000000e+00
6.850846095865306040e+01,0.000000000000000000e+00,0.000000000000000000e+00
6.734658666207403144e+01,0.000000000000000000e+00,0.000000000000000000e+00
6.493645023665452243e+01,0.000000000000000000e+00,0.000000000000000000e+00
6.946573373121424311e+01,0.000000000000000000e+00,0.000000000000000000e+00
6.674342977788032272e+01,0.000000000000000000e+00,0.000000000000000000e+00
7.048442283375210593e+01,0.000000000000000000e+00,0.000000000000000000e+00
6.884018069872867329e+01,0.000000000000000000e+00,0.000000000000000000e+00
6.768995798427334876e+01,0.000000000000000000e+00,0.000000000000000000e+00
6.681653382876665148e+01,0.000000000000000000e+00,0.000000000000000000e+00
6.924087616008951329e+01,0.000000000000000000e+00,0.000000000000000000e+00
6.731626647970027477e+01,0.000000000000000000e+00,0.000000000000000000e+00
6.496003784266876835e+01,0.000000000000000000e+00,0.000000000000000000e+00
6.723274163334200182e+01,0.000000000000000000e+00,0.000000000000000000e+00
6.520116126664629519e+01,0.000000000000000000e+00,0.000000000000000000e+00
6.729321045614948105e+01,0.000000000000000000e+00,0.000000000000000000e+00
6.389120371777664786e+01,0.000000000000000000e+00,0.000000000000000000e+00
6.391850209431392216e+01,0.000000000000000000e+00,0.000000000000000000e+00
6.715891267643281992e+01,0.000000000000000000e+00,0.000000000000000000e+00
6.782052819163180857e+01,0.000000000000000000e+00,0.000000000000000000e+00
6.707351915820083832e+01,0.000000000000000000e+00,0.000000000000000000e+00
6.592115864835321304e+01,0.000000000000000000e+00,0.000000000000000000e+00
6.636700720907867890e+01,0.000000000000000000e+00,0.000000000000000000e+00
6.317291611323899758e+01,0.000000000000000000e+00,0.000000000000000000e+00
6.455675880906665043e+01,0.000000000000000000e+00,0.000000000000000000e+00
6.191958778993053159e+01,0.000000000000000000e+00,0.000000000000000000e+00
6.185018779825581703e+01,0.000000000000000000e+00,0.000000000000000000e+00
6.627192650182635703e+01,0.000000000000000000e+00,0.000000000000000000e+00
6.445319997267058909e+01,0.000000000000000000e+00,0.000000000000000000e+00
6.476746349662901991e+01,0.000000000000000000e+00,0.000000000000000000e+00
6.462347860994312043e+01,0.000000000000000000e+00,0.000000000000000000e+00
6.571282643445354665e+01,0.000000000000000000e+00,0.000000000000000000e+00
6.655620967955161404e+01,0.000000000000000000e+00,0.000000000000000000e+00
6.295521791704506143e+01,0.000000000000000000e+00,0.000000000000000000e+00
6.520041877632461080e+01,0.000000000000000000e+00,0.000000000000000000e+00
6.227480695555607326e+01,0.000000000000000000e+00,0.000000000000000000e+00
6.546270418197109109e+01,0.000000000000000000e+00,0.000000000000000000e+00
6.172670566576790918e+01,0.000000000000000000e+00,0.000000000000000000e+00
6.335095730580122364e+01,0.000000000000000000e+00,0.000000000000000000e+00
6.254330445133064131e+01,0.000000000000000000e+00,0.000000000000000000e+00
6.684163180709914798e+01,0.000000000000000000e+00,0.000000000000000000e+00
6.774534197326751439e+01,0.000000000000000000e+00,0.000000000000000000e+00
6.437312400344694652e+01,0.000000000000000000e+00,0.000000000000000000e+00
6.532141191060298979e+01,0.000000000000000000e+00,0.000000000000000000e+00
6.221753996284632393e+01,0.000000000000000000e+00,0.000000000000000000e+00
5.817853634233086524e+01,0.000000000000000000e+00,0.000000000000000000e+00
6.543266585113265421e+01,0.000000000000000000e+00,0.000000000000000000e+00
6.266606299241500011e+01,0.000000000000000000e+00,0.000000000000000000e+00
6.274554017758075020e+01,0.000000000000000000e+00,0.000000000000000000e+00
6.340066340227274111e+01,0.000000000000000000e+00,0.000000000000000000e+00
6.291147595864641318e+01,0.000000000000000000e+00,0.000000000000000000e+00
6.767371800111560276e+01,0.000000000000000000e+00,0.000000000000000000e+00
6.066424767797069961e+01,0.000000000000000000e+00,0.000000000000000000e+00
5.894690146277903864e+01,0.000000000000000000e+00,0.000000000000000000e+00
6.138327329519586328e+01,0.000000000000000000e+00,0.000000000000000000e+00
6.523336384208433003e+01,0.000000000000000000e+00,0.000000000000000000e+00
6.062258610182866647e+01,0.000000000000000000e+00,0.000000000000000000e+00
6.199993938144298511e+01,0.000000000000000000e+00,0.000000000000000000e+00
5.871900992334184366e+01,0.000000000000000000e+00,0.000000000000000000e+00
6.144994786268873810e+01,0.000000000000000000e+00,0.000000000000000000e+00
6.357635692786820414e+01,0.000000000000000000e+00,0.000000000000000000e+00
6.461205332570106918e+01,0.000000000000000000e+00,0.000000000000000000e+00
5.847965955745458189e+01,0.000000000000000000e+00,0.000000000000000000e+00
6.040133459749554845e+01,0.000000000000000000e+00,0.000000000000000000e+00
6.335949332300774017e+01,0.000000000000000000e+00,0.000000000000000000e+00
5.581758572369163574e+01,0.000000000000000000e+00,0.000000000000000000e+00
6.184330707006299122e+01,0.000000000000000000e+00,0.000000000000000000e+00
6.028194721055090355e+01,0.000000000000000000e+00,0.000000000000000000e+00
6.241130549951486017e+01,0.000000000000000000e+00,0.000000000000000000e+00
6.354386278495127272e+01,0.000000000000000000e+00,0.000000000000000000e+00
6.197695652197124616e+01,0.000000000000000000e+00,0.000000000000000000e+00
6.477717227264403732e+01,0.000000000000000000e+00,0.000000000000000000e+00
6.311297068142975775e+01,0.000000000000000000e+00,0.000000000000000000e+00
5.854684981653448972e+01,0.000000000000000000e+00,0.000000000000000000e+00
6.442832640284748891e+01,0.000000000000000000e+00,0.000000000000000000e+00
6.337015861104857350e+01,0.000000000000000000e+00,0.000000000000000000e+00
6.164002589246629782e+01,0.000000000000000000e+00,0.000000000000000000e+00
6.176593427214363174e+01,0.000000000000000000e+00,0.000000000000000000e+00
6.146137794140144450e+01,0.000000000000000000e+00,0.000000000000000000e+00
6.228724732704142752e+01,0.000000000000000000e+00,0.000000000000000000e+00
5.891572600697378448e+01,0.000000000000000000e+00,0.000000000000000000e+00
5.767666373947731984e+01,0.000000000000000000e+00,0.000000000000000000e+00
5.880377720140025133e+01,0.000000000000000000e+00,0.000000000000000000e+00
6.327300893904704537e+01,0.000000000000000000e+00,0.000000000000000000e+00
5.878017875780089696e+01,0.000000000000000000e+00,0.000000000000000000e+00
6.076981085928497350e+01,0.000000000000000000e+00,0.000000000000000000e+00
5.962701575714297064e+01,0.000000000000000000e+00,0.000000000000000000e+00
6.126331998230924825e+01,0.000000000000000000e+00,0.000000000000000000e+00
6.279394411413561983e+01,0.000000000000000000e+00,0.000000000000000000e+00
6.057249175467664060e+01,0.000000000000000000e+00,0.000000000000000000e+00
6.068708225417279323e+01,0.000000000000000000e+00,0.000000000000000000e+00
6.068774535203331766e+01,0.000000000000000000e+00,0.000000000000000000e+00
5.865044075686468261e+01,0.000000000000000000e+00,0.000000000000000000e+00
5.703336528540025085e+01,0.000000000000000000e+00,0.000000000000000000e+00
5.780634467364610174e+01,0.000000000000000000e+00,0.000000000000000000e+00
5.711934118994669518e+01,0.000000000000000000e+00,0.000000000000000000e+00
5.911462996445874296e+01,0.000000000000000000e+00,0.000000000000000000e+00
6.208388426443582375e+01,0.000000000000000000e+00,0.000000000000000000e+00
6.172626124788688173e+01,0.000000000000000000e+00,0.000000000000000000e+00
5.937899798503710969e+01,0.000000000000000000e+00,0.000000000000000000e+00
5.643439165360072707e+01,0.000000000000000000e+00,0.000000000000000000e+00
5.978288296261942492e+01,0.000000000000000000e+00,0.000000000000000000e+00
5.841722183511973299e+01,0.000000000000000000e+00,0.000000000000000000e+00
5.853825735460987545e+01,0.000000000000000000e+00,0.000000000000000000e+00
6.022369052576670612e+01,0.000000000000000000e+00,0.000000000000000000e+00
6.108001098908469828e+01,0.000000000000000000e+00,0.000000000000000000e+00
5.914834677668927299e+01,0.000000000000000000e+00,0.000000000000000000e+00
5.912956977142601289e+01,0.000000000000000000e+00,0.000000000000000000e+00
5.954233545344197154e+01,0.000000000000000000e+00,0.000000000000000000e+00
5.868846567054958285e+01,0.000000000000000000e+00,0.000000000000000000e+00
5.787259269539261197e+01,0.000000000000000000e+00,0.000000000000000000e+00
5.969253683322779835e+01,0.000000000000000000e+00,0.000000000000000000e+00
6.110179966982373401e+01,0.000000000000000000e+00,0.000000000000000000e+00
5.679142945496757022e+01,0.000000000000000000e+00,0.000000000000000000e+00
5.607792937097461561e+01,0.000000000000000000e+00,0.000000000000000000e+00
5.853359848309945335e+01,0.000000000000000000e+00,0.000000000000000000e+00
5.914247608694352465e+01,0.000000000000000000e+00,0.000000000000000000e+00
5.761378178217066903e+01,0.000000000000000000e+00,0.000000000000000000e+00
5.833011531300346775e+01,0.000000000000000000e+00,0.000000000000000000e+00
5.574217988812709024e+01,0.000000000000000000e+00,0.000000000000000000e+00
5.814594135325040014e+01,0.000000000000000000e+00,0.000000000000000000e+00
5.597055873368197609e+01,0.000000000000000000e+00,0.000000000000000000e+00
5.676227937267302082e+01,0.000000000000000000e+00,0.000000000000000000e+00
5.729270357220979548e+01,0.000000000000000000e+00,0.000000000000000000e+00
5.768823135564458937e+01,0.000000000000000000e+00,0.000000000000000000e+00
5.600827672593760553e+01,0.000000000000000000e+00,0.000000000000000000e+00
5.793346736192810909e+01,0.000000000000000000e+00,0.000000000000000000e+00
5.611679408780711498e+01,0.000000000000000000e+00,0.000000000000000000e+00
5.941477063959157334e+01,0.000000000000000000e+00,0.000000000000000000e+00
5.536185368440619214e+01,0.000000000000000000e+00,0.000000000000000000e+00
5.761947211336926244e+01,0.000000000000000000e+00,0.000000000000000000e+00
5.667891489324811261e+01,0.000000000000000000e+00,0.000000000000000000e+00
5.761885853744776398e+01,0.000000000000000000e+00,0.000000000000000000e+00
5.331954270710323840e+01,0.000000000000000000e+00,0.000000000000000000e+00
6.056555029925295486e+01,0.000000000000000000e+00,0.000000000000000000e+00
5.849323434430658608e+01,0.000000000000000000e+00,0.000000000000000000e+00
5.662392369026461125e+01,0.000000000000000000e+00,0.000000000000000000e+00
5.931558330323888839e+01,0.000000000000000000e+00,0.000000000000000000e+00
5.505581926054949804e+01,0.000000000000000000e+00,0.000000000000000000e+00
5.578841292948047226e+01,0.000000000000000000e+00,0.000000000000000000e+00
5.939407554138715284e+01,0.000000000000000000e+00,0.000000000000000000e+00
5.489846119767563692e+01,0.000000000000000000e+00,0.000000000000000000e+00
5.846012544417663293e+01,0.000000000000000000e+00,0.000000000000000000e+00
5.276896093368889495e+01,0.000000000000000000e+00,0.000000000000000000e+00
5.740292522838466027e+01,0.000000000000000000e+00,0.000000000000000000e+00
5.331002875848404443e+01,0.000000000000000000e+00,0.000000000000000000e+00
5.329743381218656850e+01,0.000000000000000000e+00,0.000000000000000000e+00
5.852127576611555781e+01,0.000000000000000000e+00,0.000000000000000000e+00
5.518551562018905798e+01,0.000000000000000000e+00,0.000000000000000000e+00
5.430920717153897215e+01,0.000000000000000000e+00,0.000000000000000000e+00
5.479676597796184723e+01,0.000000000000000000e+00,0.000000000000000000e+00
5.441128446311581968e+01,0.000000000000000000e+00,0.000000000000000000e+00
5.261830451915631812e+01,0.000000000000000000e+00,0.000000000000000000e+00
5.404532261395736725e+01,0.000000000000000000e+00,0.000000000000000000e+00
5.371488142762296292e+01,0.000000000000000000e+00,0.000000000000000000e+00
5.577363522999737455e+01,0.000000000000000000e+00,0.000000000000000000e+00
5.512755143287517257e+01,0.000000000000000000e+00,0.000000000000000000e+00
5.422791542826643507e+01,0.000000000000000000e+00,0.000000000000000000e+00
5.661508641721544421e+01,0.000000000000000000e+00,0.000000000000000000e+00
5.772638341241081150e+01,0.000000000000000000e+00,0.000000000000000000e+00
5.314280135598415455e+01,0.000000000000000000e+00,0.000000000000000000e+00
5.620907050028691287e+01,0.000000000000000000e+00,0.000000000000000000e+00
5.328309093537372831e+01,0.000000000000000000e+00,0.000000000000000000e+00
5.279210744701050828e+01,0.000000000000000000e+00,0.000000000000000000e+00
5.367127166081574074e+01,0.000000000000000000e+00,0.000000000000000000e+00
5.550854449834005067e+01,0.000000000000000000e+00,0.000000000000000000e+00
5.335446394326520192e+01,0.000000000000000000e+00,0.000000000000000000e+00
5.230972672433500037e+01,0.000000000000000000e+00,0.000000000000000000e+00
5.563032883808523366e+01,0.000000000000000000e+00,0.000000000000000000e+00
5.349494604467133740e+01,0.000000000000000000e+00,0.000000000000000000e+00
5.761171356586110903e+01,0.000000000000000000e+00,0.000000000000000000e+00
5.506984233381214011e+01,0.000000000000000000e+00,0.000000000000000000e+00
5.084598991549766112e+01,0.000000000000000000e+00,0.000000000000000000e+00
5.258997378225601693e+01,0.000000000000000000e+00,0.000000000000000000e+00
4.933342581667530169e+01,0.000000000000000000e+00,0.000000000000000000e+00
4.779925383491235635e+01,0.000000000000000000e+00,0.000000000000000000e+00
5.391396527193905541e+01,0.000000000000000000e+00,0.000000000000000000e+00
5.071668939684437305e+01,0.000000000000000000e+00,0.000000000000000000e+00
5.382380766909464853e+01,0.000000000000000000e+00,0.000000000000000000e+00
5.409499787942161930e+01,0.000000000000000000e+00,0.000000000000000000e+00
5.307682052226509484e+01,0.000000000000000000e+00,0.000000000000000000e+00
5.414370142952233778e+01,0.000000000000000000e+00,0.000000000000000000e+00
5.278853866493692948e+01,0.000000000000000000e+00,0.000000000000000000e+00
5.332351018863191427e+01,0.000000000000000000e+00,0.000000000000000000e+00
5.337762592289134034e+01,0.000000000000000000e+00,0.000000000000000000e+00
5.317056209513553711e+01,0.000000000000000000e+00,0.000000000000000000e+00
5.191355635084003950e+01,0.000000000000000000e+00,0.000000000000000000e+00
5.218918816760969293e+01,0.000000000000000000e+00,0.000000000000000000e+00
5.229846448543950288e+01,0.000000000000000000e+00,0.000000000000000000e+00
5.422045357299320045e+01,0.000000000000000000e+00,0.000000000000000000e+00
5.144028552949527722e+01,0.000000000000000000e+00,0.000000000000000000e+00
5.277345767403164700e+01,0.000000000000000000e+00,0.000000000000000000e+00
5.273424498029137908e+01,0.000000000000000000e+00,0.000000000000000000e+00
4.935046722552599618e+01,0.000000000000000000e+00,0.000000000000000000e+00
5.419200375426378002e+01,0.000000000000000000e+00,0.000000000000000000e+00
5.257241717113012669e+01,0.000000000000000000e+00,0.000000000000000000e+00
4.862794422455755239e+01,0.000000000000000000e+00,0.000000000000000000e+00
5.206690732534624289e+01,0.000000000000000000e+00,0.000000000000000000e+00
5.154824437603303267e+01,0.000000000000000000e+00,0.000000000000000000e+00
5.184225420917291416e+01,0.000000000000000000e+00,0.000000000000000000e+00
5.108128122407623550e+01,0.000000000000000000e+00,0.000000000000000000e+00
5.411016274407998594e+01,0.000000000000000000e+00,0.000000000000000000e+00
5.210056497551686050e+01,0.000000000000000000e+00,0.000000000000000000e+00
5.170272028412506415e+01,0.000000000000000000e+00,0.000000000000000000e+00
5.252022061115023632e+01,0.000000000000000000e+00,0.000000000000000000e+00
5.144945992386080036e+01,0.000000000000000000e+00,0.000000000000000000e+00
4.904355036096538356e+01,0.000000000000000000e+00,0.000000000000000000e+00
5.300909876529118492e+01,0.000000000000000000e+00,0.000000000000000000e+00
4.979071836491043967e+01,0.000000000000000000e+00,0.000000000000000000e+00
5.582179526088435750e+01,0.000000000000000000e+00,0.000000000000000000e+00
4.994248046437069632e+01,0.000000000000000000e+00,0.000000000000000000e+00
4.776313010199206133e+01,0.000000000000000000e+00,0.000000000000000000e+00
4.830106370424347517e+01,0.000000000000000000e+00,0.000000000000000000e+00
4.879717558354128215e+01,0.000000000000000000e+00,0.000000000000000000e+00
4.779619153990661573e+01,0.000000000000000000e+00,0.000000000000000000e+00
5.140340157846878810e+01,0.000000000000000000e+00,0.000000000000000000e+00
5.025480340125125167e+01,0.000000000000000000e+00,0.000000000000000000e+00
4.649487491845321330e+01,0.000000000000000000e+00,0.000000000000000000e+00
5.071720498414717326e+01,0.000000000000000000e+00,0.000000000000000000e+00
4.587127575647512856e+01,0.000000000000000000e+00,0.000000000000000000e+00
4.842888363792229711e+01,0.000000000000000000e+00,0.000000000000000000e+00
5.177811992066151703e+01,0.000000000000000000e+00,0.000000000000000000e+00
4.853473741571513500e+01,0.000000000000000000e+00,0.000000000000000000e+00
4.932278748475774677e+01,0.000000000000000000e+00,0.000000000000000000e+00
4.996711498410619612e+01,0.000000000000000000e+00,0.000000000000000000e+00
4.998635485546004276e+01,0.000000000000000000e+00,0.000000000000000000e+00
5.042215932826874081e+01,0.000000000000000000e+00,0.000000000000000000e+00
4.854714923127653492e+01,0.000000000000000000e+00,0.000000000000000000e+00
4.801971747629941234e+01,0.000000000000000000e+00,0.000000000000000000e+00
4.923936809888788702e+01,0.000000000000000000e+00,0.000000000000000000e+00
4.902821337397637080e+01,0.000000000000000000e+00,0.000000000000000000e+00
4.537640955571839640e+01,0.000000000000000000e+00,0.000000000000000000e+00
4.943502121621694556e+01,0.000000000000000000e+00,0.000000000000000000e+00
5.074011082051691091e+01,0.000000000000000000e+00,0.000000000000000000e+00
4.993070378274240539e+01,0.000000000000000000e+00,0.000000000000000000e+00
4.929021552623590452e+01,0.000000000000000000e+00,0.000000000000000000e+00
4.867726984452125549e+01,0.000000000000000000e+00,0.000000000000000000e+00
4.940317185555314694e+01,0.000000000000000000e+00,0.000000000000000000e+00
4.629387439536951376e+01,0.000000000000000000e+00,0.000000000000000000e+00
4.992088266397178131e+01,0.000000000000000000e+00,0.000000000000000000e+00
4.782781254084876821e+01,0.000000000000000000e+00,0.000000000000000000e+00
5.082261199054162404e+01,0.000000000000000000e+00,0.000000000000000000e+00
4.587117610543262458e+01,0.000000000000000000e+00,0.000000000000000000e+00
4.465816383657911359e+01,0.000000000000000000e+00,0.000000000000000000e+00
4.897022198096172474e+01,0.000000000000000000e+00,0.000000000000000000e+00
4.812434297310100106e+01,0.000000000000000000e+00,0.000000000000000000e+00
4.828721045823265001e+01,0.000000000000000000e+00,0.000000000000000000e+00
5.028313278886029281e+01,0.000000000000000000e+00,0.000000000000000000e+00
4.544223501232796281e+01,0.000000000000000000e+00,0.000000000000000000e+00
5.009871948233006123e+01,0.000000000000000000e+00,0.000000000000000000e+00
4.776936944519103889e+01,0.000000000000000000e+00,0.000000000000000000e+00
4.583114637721480022e+01,0.000000000000000000e+00,0.000000000000000000e+00
4.869687131599035013e+01,0.000000000000000000e+00,0.000000000000000000e+00
4.879543434811986913e+01,0.000000000000000000e+00,0.000000000000000000e+00
4.540012994361944010e+01,0.000000000000000000e+00,0.000000000000000000e+00
4.865881458637062451e+01,0.000000000000000000e+00,0.000000000000000000e+00
4.825157575212750061e+01,0.000000000000000000e+00,0.000000000000000000e+00
4.633819352493782873e+01,0.000000000000000000e+00,0.000000000000000000e+00
4.806841483266978798e+01,0.000000000000000000e+00,0.000000000000000000e+00
4.633697948354065943e+01,0.000000000000000000e+00,0.000000000000000000e+00
4.630223323356031528e+01,0.000000000000000000e+00,0.000000000000000000e+00
4.864586276270426168e+01,0.000000000000000000e+00,0.000000000000000000e+00
4.496830754601392499e+01,0.000000000000000000e+00,0.000000000000000000e+00
4.625283373450054114e+01,0.000000000000000000e+00,0.000000000000000000e+00
4.842809894108322055e+01,0.000000000000000000e+00,0.000000000000000000e+00
4.866849744108187537e+01,0.000000000000000000e+00,0.000000000000000000e+00
4.764915389153364345e+01,0.000000000000000000e+00,0.000000000000000000e+00
4.908027799512809963e+01,0.000000000000000000e+00,0.000000000000000000e+00
4.036318295529949296e+01,0.000000000000000000e+00,0.000000000000000000e+00
4.579339754306433719e+01,0.000000000000000000e+00,0.000000000000000000e+00
4.613288706787398041e+01,0.000000000000000000e+00,0.000000000000000000e+00
4.574834386448903700e+01,0.000000000000000000e+00,0.000000000000000000e+00
4.610690359557600715e+01,0.000000000000000000e+00,0.000000000000000000e+00
4.637579860913696450e+01,0.000000000000000000e+00,0.000000000000000000e+00
4.545396257211347546e+01,0.000000000000000000e+00,0.000000000000000000e+00
4.341842494288374610e+01,0.000000000000000000e+00,0.000000000000000000e+00
4.354519999571177635e+01,0.000000000000000000e+00,0.000000000000000000e+00
4.625080645083632902e+01,0.000000000000000000e+00,0.000000000000000000e+00
4.643277209929753724e+01,0.000000000000000000e+00,0.000000000000000000e+00
4.510485471913517586e+01,0.000000000000000000e+00,0.000000000000000000e+00
4.877097636386179857e+01,0.000000000000000000e+00,0.000000000000000000e+00
4.360910226794789679e+01,0.000000000000000000e+00,0.000000000000000000e+00
4.226004809837763787e+01,0.000000000000000000e+00,0.000000000000000000e+00
4.621825691074784714e+01,0.000000000000000000e+00,0.000000000000000000e+00
4.552954929101816361e+01,0.000000000000000000e+00,0.000000000000000000e+00
4.168257807474500254e+01,0.000000000000000000e+00,0.000000000000000000e+00
4.674057458148239164e+01,0.000000000000000000e+00,0.000000000000000000e+00
4.872674709953101058e+01,0.000000000000000000e+00,0.000000000000000000e+00
4.655577733868633317e+01,0.000000000000000000e+00,0.000000000000000000e+00
4.168429907481922214e+01,0.000000000000000000e+00,0.000000000000000000e+00
4.893296198845938250e+01,0.000000000000000000e+00,0.000000000000000000e+00
4.463941374997273215e+01,0.000000000000000000e+00,0.000000000000000000e+00
4.284813879322776131e+01,0.000000000000000000e+00,0.000000000000000000e+00
4.539390692052469944e+01,0.000000000000000000e+00,0.000000000000000000e+00
4.672121140126293426e+01,0.000000000000000000e+00,0.000000000000000000e+00
4.339727774177151076e+01,0.000000000000000000e+00,0.000000000000000000e+00
4.478932353819844536e+01,0.000000000000000000e+00,0.000000000000000000e+00
4.203977883155631901e+01,0.000000000000000000e+00,0.000000000000000000e+00
4.139416217452661328e+01,0.000000000000000000e+00,0.000000000000000000e+00
4.236763110172540792e+01,0.000000000000000000e+00,0.000000000000000000e+00
4.368291560833834097e+01,0.000000000000000000e+00,0.000000000000000000e+00
4.325453266204027614e+01,0.000000000000000000e+00,0.000000000000000000e+00
4.426377225221281719e+01,0.000000000000000000e+00,0.000000000000000000e+00
3.960614988901941302e+01,0.000000000000000000e+00,0.000000000000000000e+00
4.580957672352266030e+01,0.000000000000000000e+00,0.000000000000000000e+00
4.350783920279759087e+01,0.000000000000000000e+00,0.000000000000000000e+00
3.684297688466569554e+01,0.000000000000000000e+00,0.000000000000000000e+00
4.127699954686676875e+01,0.000000000000000000e+00,0.000000000000000000e+00
4.252836862335074386e+01,0.000000000000000000e+00,0.000000000000000000e+00
4.252963415792653024e+01,0.000000000000000000e+00,0.000000000000000000e+00
4.247422000357777705e+01,0.000000000000000000e+00,0.000000000000000000e+00
4.338284224215776419e+01,0.000000000000000000e+00,0.000000000000000000e+00
4.312584450863432295e+01,0.000000000000000000e+00,0.000000000000000000e+00
4.172772911526543993e+01,0.000000000000000000e+00,0.000000000000000000e+00
4.244521232015048895e+01,0.000000000000000000e+00,0.000000000000000000e+00
4.087800349161800995e+01,0.000000000000000000e+00,0.000000000000000000e+00
4.259684443445978275e+01,0.000000000000000000e+00,0.000000000000000000e+00
4.415845445565453531e+01,0.000000000000000000e+00,0.000000000000000000e+00
3.977928935192919369e+01,0.000000000000000000e+00,0.000000000000000000e+00
4.048977661805349726e+01,0.000000000000000000e+00,0.000000000000000000e+00
3.900363996756874485e+01,0.000000000000000000e+00,0.000000000000000000e+00
4.313311799214076814e+01,0.000000000000000000e+00,0.000000000000000000e+00
4.192613970765865616e+01,0.000000000000000000e+00,0.000000000000000000e+00
4.344738709337265448e+01,0.000000000000000000e+00,0.000000000000000000e+00
3.929529254815304284e+01,0.000000000000000000e+00,0.000000000000000000e+00
3.839121356685237174e+01,0.000000000000000000e+00,0.000000000000000000e+00
4.187188605101967909e+01,0.000000000000000000e+00,0.000000000000000000e+00
4.216011054405289826e+01,0.000000000000000000e+00,0.000000000000000000e+00
4.230587112381362402e+01,0.000000000000000000e+00,0.000000000000000000e+00
4.264440268862372108e+01,0.000000000000000000e+00,0.000000000000000000e+00
4.145794771418170654e+01,0.000000000000000000e+00,0.000000000000000000e+00
4.397619580758370716e+01,0.000000000000000000e+00,0.000000000000000000e+00
3.720232238051353590e+01,0.000000000000000000e+00,0.000000000000000000e+00
3.987262288697900203e+01,0.000000000000000000e+00,0.000000000000000000e+00
4.374035623573038833e+01,0.000000000000000000e+00,0.000000000000000000e+00
3.881473144593461200e+01,0.000000000000000000e+00,0.000000000000000000e+00
3.927052319557733284e+01,0.000000000000000000e+00,0.000000000000000000e+00
4.097588115991215574e+01,0.000000000000000000e+00,0.000000000000000000e+00
3.789089433708805643e+01,0.000000000000000000e+00,0.000000000000000000e+00
3.976598908110925379e+01,0.000000000000000000e+00,0.000000000000000000e+00
4.169785794217287389e+01,0.000000000000000000e+00,0.000000000000000000e+00
3.968219852953205873e+01,0.000000000000000000e+00,0.000000000000000000e+00
4.133454708391409582e+01,0.000000000000000000e+00,0.000000000000000000e+00
3.758010556412200742e+01,0.000000000000000000e+00,0.000000000000000000e+00
4.049329480427917360e+01,0.000000000000000000e+00,0.000000000000000000e+00
3.835805082393236631e+01,0.000000000000000000e+00,0.000000000000000000e+00
3.860393858391461919e+01,0.000000000000000000e+00,0.000000000000000000e+00
3.604461322248121036e+01,0.000000000000000000e+00,0.000000000000000000e+00
3.628970702479949040e+01,0.000000000000000000e+00,0.000000000000000000e+00
3.541694470393247940e+01,0.000000000000000000e+00,0.000000000000000000e+00
3.749673188114766731e+01,0.000000000000000000e+00,0.000000000000000000e+00
4.010871825303037497e+01,0.000000000000000000e+00,0.000000000000000000e+00
4.282518702888142315e+01,0.000000000000000000e+00,0.000000000000000000e+00
3.848069039247345557e+01,0.000000000000000000e+00,0.000000000000000000e+00
4.234129308097419653e+01,0.000000000000000000e+00,0.000000000000000000e+00
4.084389723808903483e+01,0.000000000000000000e+00,0.000000000000000000e+00
4.013279391371654015e+01,0.000000000000000000e+00,0.000000000000000000e+00
4.070469005827914799e+01,0.000000000000000000e+00,0.000000000000000000e+00
3.894228305629214759e+01,0.000000000000000000e+00,0.000000000000000000e+00
3.717320556773064766e+01,0.000000000000000000e+00,0.000000000000000000e+00
3.986018912107578416e+01,0.000000000000000000e+00,0.000000000000000000e+00
4.007237979574802011e+01,0.000000000000000000e+00,0.000000000000000000e+00
3.667524739734034256e+01,0.000000000000000000e+00,0.000000000000000000e+00
4.128574729758540229e+01,0.000000000000000000e+00,0.000000000000000000e+00
3.862715273502129065e+01,0.000000000000000000e+00,0.000000000000000000e+00
3.802369324211993273e+01,0.000000000000000000e+00,0.000000000000000000e+00
3.654577844567814537e+01,0.000000000000000000e+00,0.000000000000000000e+00
3.410967280906627508e+01,0.000000000000000000e+00,0.000000000000000000e+00
4.017263219164480148e+01,0.000000000000000000e+00,0.000000000000000000e+00
3.812126852853180736e+01,0.000000000000000000e+00,0.000000000000000000e+00
3.643963670382581910e+01,0.000000000000000000e+00,0.000000000000000000e+00
4.023675923197651372e+01,0.000000000000000000e+00,0.000000000000000000e+00
3.535576799631843414e+01,0.000000000000000000e+00,0.000000000000000000e+00
3.360319637857762132e+01,0.000000000000000000e+00,0.000000000000000000e+00
3.766933672764817942e+01,0.000000000000000000e+00,0.000000000000000000e+00
4.115207813797390202e+01,0.000000000000000000e+00,0.000000000000000000e+00
3.626605800741438657e+01,0.000000000000000000e+00,0.000000000000000000e+00
3.811945756207702374e+01,0.000000000000000000e+00,0.000000000000000000e+00
3.441254186548762561e+01,0.000000000000000000e+00,0.000000000000000000e+00
3.877288662396464503e+01,0.000000000000000000e+00,0.000000000000000000e+00
3.898659655171411487e+01,0.000000000000000000e+00,0.000000000000000000e+00
3.669287469512039479e+01,0.000000000000000000e+00,0.000000000000000000e+00
3.892015274889541132e+01,0.000000000000000000e+00,0.000000000000000000e+00
3.376657518747913400e+01,0.000000000000000000e+00,0.000000000000000000e+00
3.641576291432693324e+01,0.000000000000000000e+00,0.000000000000000000e+00
3.849000863874282174e+01,0.000000000000000000e+00,0.000000000000000000e+00
3.620839673877163989e+01,0.000000000000000000e+00,0.000000000000000000e+00
3.568583761036813229e+01,0.000000000000000000e+00,0.000000000000000000e+00
3.707155370098031000e+01,0.000000000000000000e+00,0.000000000000000000e+00
3.490178657465853007e+01,0.000000000000000000e+00,0.000000000000000000e+00
3.461010784404217588e+01,0.000000000000000000e+00,0.000000000000000000e+00
3.345392157319516002e+01,0.000000000000000000e+00,0.000000000000000000e+00
3.791898494982978463e+01,0.000000000000000000e+00,0.000000000000000000e+00
3.424523499076582311e+01,0.000000000000000000e+00,0.000000000000000000e+00
3.960700769693057310e+01,0.000000000000000000e+00,0.000000000000000000e+00
3.514693415937659893e+01,0.000000000000000000e+00,0.000000000000000000e+00
4.034316268282649531e+01,0.000000000000000000e+00,0.000000000000000000e+00
3.278937784180089210e+01,0.000000000000000000e+00,0.000000000000000000e+00
3.478865579499873206e+01,0.000000000000000000e+00,0.000000000000000000e+00
3.222908445147649559e+01,0.000000000000000000e+00,0.000000000000000000e+00
3.594692843875287025e+01,0.000000000000000000e+00,0.000000000000000000e+00
3.307796263561917982e+01,0.000000000000000000e+00,0.000000000000000000e+00
3.251797685334410914e+01,0.000000000000000000e+00,0.000000000000000000e+00
3.646909537121022282e+01,0.000000000000000000e+00,0.000000000000000000e+00
3.358177626916901914e+01,0.000000000000000000e+00,0.000000000000000000e+00
3.926502223643134215e+01,0.000000000000000000e+00,0.000000000000000000e+00
3.600061120303187323e+01,0.000000000000000000e+00,0.000000000000000000e+00
3.118140734201317343e+01,0.000000000000000000e+00,0.000000000000000000e+00
3.670454193704448187e+01,0.000000000000000000e+00,0.000000000000000000e+00
3.485986172827916363e+01,0.000000000000000000e+00,0.000000000000000000e+00
3.575078049262076973e+01,0.000000000000000000e+00,0.000000000000000000e+00
3.279820615796261762e+01,0.000000000000000000e+00,0.000000000000000000e+00
3.495699241995671258e+01,0.000000000000000000e+00,0.000000000000000000e+00
3.334849319185797611e+01,0.000000000000000000e+00,0.000000000000000000e+00
3.610270540868894784e+01,0.000000000000000000e+00,0.000000000000000000e+00
3.327220189322903821e+01,0.000000000000000000e+00,0.000000000000000000e+00
3.639700869642840786e+01,0.000000000000000000e+00,0.000000000000000000e+00
3.585916645460672214e+01,0.000000000000000000e+00,0.000000000000000000e+00
3.471386337569735758e+01,0.000000000000000000e+00,0.000000000000000000e+00
3.585757947756958686e+01,0.000000000000000000e+00,0.000000000000000000e+00
3.060395865847378616e+01,0.000000000000000000e+00,0.000000000000000000e+00
3.808877308748560608e+01,0.000000000000000000e+00,0.000000000000000000e+00
3.641443703123454867e+01,0.000000000000000000e+00,0.000000000000000000e+00
2.803127904012335136e+01,0.000000000000000000e+00,0.000000000000000000e+00
3.924452003332031325e+01,0.000000000000000000e+00,0.000000000000000000e+00
3.413291484615643157e+01,0.000000000000000000e+00,0.000000000000000000e+00
3.539813906748333494e+01,0.000000000000000000e+00,0.000000000000000000e+00
3.476529325116725744e+01,0.000000000000000000e+00,0.000000000000000000e+00
3.477924591584652347e+01,0.000000000000000000e+00,0.000000000000000000e+00
3.244881626853764800e+01,0.000000000000000000e+00,0.000000000000000000e+00
3.336549577925911336e+01,0.000000000000000000e+00,0.000000000000000000e+00
3.548105772365220645e+01,0.000000000000000000e+00,0.000000000000000000e+00
3.091381458171218455e+01,0.000000000000000000e+00,0.000000000000000000e+00
3.456808215441587606e+01,0.000000000000000000e+00,0.000000000000000000e+00
3.255662872996433777e+01,0.000000000000000000e+00,0.000000000000000000e+00
3.090452447170199690e+01,0.000000000000000000e+00,0.000000000000000000e+00
3.283015758488139113e+01,0.000000000000000000e+00,0.000000000000000000e+00
3.040594907838246641e+01,0.000000000000000000e+00,0.000000000000000000e+00
3.042434794695929057e+01,0.000000000000000000e+00,0.000000000000000000e+00
3.258045947611432780e+01,0.000000000000000000e+00,0.000000000000000000e+00
3.374479698953794582e+01,0.000000000000000000e+00,0.000000000000000000e+00
2.907698276001443816e+01,0.000000000000000000e+00,0.000000000000000000e+00
3.307147805884063985e+01,0.000000000000000000e+00,0.000000000000000000e+00
3.407080220629337219e+01,0.000000000000000000e+00,0.000000000000000000e+00
3.349802881919296027e+01,0.000000000000000000e+00,0.000000000000000000e+00
3.263480775634370445e+01,0.000000000000000000e+00,0.000000000000000000e+00
3.102549938944379448e+01,0.000000000000000000e+00,0.000000000000000000e+00
3.037972924093761762e+01,0.000000000000000000e+00,0.000000000000000000e+00
2.956399923198175728e+01,0.000000000000000000e+00,0.000000000000000000e+00
2.708512307948566900e+01,0.000000000000000000e+00,0.000000000000000000e+00
3.292352768955509390e+01,0.000000000000000000e+00,0.000000000000000000e+00
2.979937036254048266e+01,0.000000000000000000e+00,0.000000000000000000e+00
2.985925380720076205e+01,0.000000000000000000e+00,0.000000000000000000e+00
3.464827076877642753e+01,0.000000000000000000e+00,0.000000000000000000e+00
3.022157363106814998e+01,0.000000000000000000e+00,0.000000000000000000e+00
3.045101589344276860e+01,0.000000000000000000e+00,0.000000000000000000e+00
3.126508635697694061e+01,0.000000000000000000e+00,0.000000000000000000e+00
3.314411939357565018e+01,0.000000000000000000e+00,0.000000000000000000e+00
3.357514523296563880e+01,0.000000000000000000e+00,0.000000000000000000e+00
2.915848467788110199e+01,0.000000000000000000e+00,0.000000000000000000e+00
3.242090379057334815e+01,0.000000000000000000e+00,0.000000000000000000e+00
2.989734467804085938e+01,0.000000000000000000e+00,0.000000000000000000e+00
3.585954352307985005e+01,0.000000000000000000e+00,0.000000000000000000e+00
2.986876085949859672e+01,0.000000000000000000e+00,0.000000000000000000e+00
3.168525683088761369e+01,0.000000000000000000e+00,0.000000000000000000e+00
3.146893794056686744e+01,0.000000000000000000e+00,0.000000000000000000e+00
3.011165985575700077e+01,0.000000000000000000e+00,0.000000000000000000e+00
3.230385318546854023e+01,0.000000000000000000e+00,0.000000000000000000e+00
3.258717846972584198e+01,0.000000000000000000e+00,0.000000000000000000e+00
3.052380085161075840e+01,0.000000000000000000e+00,0.000000000000000000e+00
3.349547312823174394e+01,0.000000000000000000e+00,0.000000000000000000e+00
3.462751316242849242e+01,0.000000000000000000e+00,0.000000000000000000e+00
3.337980947083081418e+01,0.000000000000000000e+00,0.000000000000000000e+00
2.864422276342025242e+01,0.000000000000000000e+00,0.000000000000000000e+00
2.881974834781636474e+01,0.000000000000000000e+00,0.000000000000000000e+00
3.100188936081413260e+01,0.000000000000000000e+00,0.000000000000000000e+00
2.954625852937866171e+01,0.000000000000000000e+00,0.000000000000000000e+00
3.214999354401794562e+01,0.000000000000000000e+00,0.000000000000000000e+00
3.136725844897198101e+01,0.000000000000000000e+00,0.000000000000000000e+00
3.055976591664656539e+01,0.000000000000000000e+00,0.000000000000000000e+00
3.139431748886859097e+01,0.000000000000000000e+00,0.000000000000000000e+00
2.847942421263757140e+01,0.000000000000000000e+00,0.000000000000000000e+00
2.795229622439325823e+01,0.000000000000000000e+00,0.000000000000000000e+00
2.949919852333254511e+01,0.000000000000000000e+00,0.000000000000000000e+00
3.189857344101099912e+01,0.000000000000000000e+00,0.000000000000000000e+00
2.783506495826311067e+01,0.000000000000000000e+00,0.000000000000000000e+00
3.045819860717010741e+01,0.000000000000000000e+00,0.000000000000000000e+00
2.737339715511122762e+01,0.000000000000000000e+00,0.000000000000000000e+00
2.554452014634075141e+01,0.000000000000000000e+00,0.000000000000000000e+00
2.808953844239670161e+01,0.000000000000000000e+00,0.000000000000000000e+00
2.945691459013898594e+01,0.000000000000000000e+00,0.000000000000000000e+00
3.011022214077661019e+01,0.000000000000000000e+00,0.000000000000000000e+00
2.847401412365693574e+01,0.000000000000000000e+00,0.000000000000000000e+00
2.596004657071054567e+01,0.000000000000000000e+00,0.000000000000000000e+00
2.993069095725016382e+01,0.000000000000000000e+00,0.000000000000000000e+00
2.952208688661624336e+01,0.000000000000000000e+00,0.000000000000000000e+00
3.093969025946557494e+01,0.000000000000000000e+00,0.000000000000000000e+00
2.833751297727902241e+01,0.000000000000000000e+00,0.000000000000000000e+00
3.018982880492787757e+01,0.000000000000000000e+00,0.000000000000000000e+00
3.506215454551739441e+01,0.000000000000000000e+00,0.000000000000000000e+00
2.694440103425046473e+01,0.000000000000000000e+00,0.000000000000000000e+00
2.940730973735735887e+01,0.000000000000000000e+00,0.000000000000000000e+00
3.020414760776913354e+01,0.000000000000000000e+00,0.000000000000000000e+00
2.827331824868386079e+01,0.000000000000000000e+00,0.000000000000000000e+00
3.097793387083071792e+01,0.000000000000000000e+00,0.000000000000000000e+00
2.788018580681165659e+01,0.000000000000000000e+00,0.000000000000000000e+00
2.464021081001586211e+01,0.000000000000000000e+00,0.000000000000000000e+00
2.884528274631133726e+01,0.000000000000000000e+00,0.000000000000000000e+00
2.626611764032816154e+01,0.000000000000000000e+00,0.000000000000000000e+00
2.847215413951181162e+01,0.000000000000000000e+00,0.000000000000000000e+00
2.668269353920991094e+01,0.000000000000000000e+00,0.000000000000000000e+00
2.358598790367969755e+01,0.000000000000000000e+00,0.000000000000000000e+00
3.115377394785679854e+01,0.000000000000000000e+00,0.000000000000000000e+00
2.762936299773183180e+01,0.000000000000000000e+00,0.000000000000000000e+00
2.862021077531842295e+01,0.000000000000000000e+00,0.000000000000000000e+00
2.441599043712534822e+01,0.000000000000000000e+00,0.000000000000000000e+00
2.941510277585091870e+01,0.000000000000000000e+00,0.000000000000000000e+00
2.762013932786803139e+01,0.000000000000000000e+00,0.000000000000000000e+00
2.830996594473656813e+01,0.000000000000000000e+00,0.000000000000000000e+00
2.853229730023847210e+01,0.000000000000000000e+00,0.000000000000000000e+00
2.570613938544548205e+01,0.000000000000000000e+00,0.000000000000000000e+00
2.785106283180586217e+01,0.000000000000000000e+00,0.000000000000000000e+00
2.860797672027217331e+01,0.000000000000000000e+00,0.000000000000000000e+00
3.021703977463943858e+01,0.000000000000000000e+00,0.000000000000000000e+00
2.894314741149483083e+01,0.000000000000000000e+00,0.000000000000000000e+00
2.667175496087097386e+01,0.000000000000000000e+00,0.000000000000000000e+00
2.643531502458646187e+01,0.000000000000000000e+00,0.000000000000000000e+00
2.708427075132060580e+01,0.000000000000000000e+00,0.000000000000000000e+00
2.727370325536352524e+01,0.000000000000000000e+00,0.000000000000000000e+00
2.745070179551390055e+01,0.000000000000000000e+00,0.000000000000000000e+00
2.959798686795694778e+01,0.000000000000000000e+00,0.000000000000000000e+00
3.142627562561414933e+01,0.000000000000000000e+00,0.000000000000000000e+00
2.853642865956014418e+01,0.000000000000000000e+00,0.000000000000000000e+00
3.068110582390009355e+01,0.000000000000000000e+00,0.000000000000000000e+00
2.485465650581035391e+01,0.000000000000000000e+00,0.000000000000000000e+00
2.690085613363359585e+01,0.000000000000000000e+00,0.000000000000000000e+00
3.233692075497618390e+01,0.000000000000000000e+00,0.000000000000000000e+00
2.377968105877955551e+01,0.000000000000000000e+00,0.000000000000000000e+00
2.534368996996261458e+01,0.000000000000000000e+00,0.000000000000000000e+00
2.728262631885914757e+01,0.000000000000000000e+00,0.000000000000000000e+00
2.655324143282715355e+01,0.000000000000000000e+00,0.000000000000000000e+00
2.824737689435253429e+01,0.000000000000000000e+00,0.000000000000000000e+00
2.283036087814624082e+01,0.000000000000000000e+00,0.000000000000000000e+00
3.156629714523637986e+01,0.000000000000000000e+00,0.000000000000000000e+00
2.662507226138498950e+01,0.000000000000000000e+00,0.000000000000000000e+00
2.534237924954670618e+01,0.000000000000000000e+00,0.000000000000000000e+00
2.700623151985378811e+01,0.000000000000000000e+00,0.000000000000000000e+00
2.595940806148503910e+01,0.000000000000000000e+00,0.000000000000000000e+00
2.587575824684974535e+01,0.000000000000000000e+00,0.000000000000000000e+00
2.799595087215875466e+01,0.000000000000000000e+00,0.000000000000000000e+00
2.617132428415308709e+01,0.000000000000000000e+00,0.000000000000000000e+00
2.645716350468507017e+01,0.000000000000000000e+00,0.000000000000000000e+00
2.465962911205701502e+01,0.000000000000000000e+00,0.000000000000000000e+00
2.577657845231610523e+01,0.000000000000000000e+00,0.000000000000000000e+00
2.763829572872560547e+01,0.000000000000000000e+00,0.000000000000000000e+00
2.359462915298039576e+01,0.000000000000000000e+00,0.000000000000000000e+00
2.844784653069630309e+01,0.000000000000000000e+00,0.000000000000000000e+00
2.712126845652950280e+01,0.000000000000000000e+00,0.000000000000000000e+00
2.217655175692971881e+01,0.000000000000000000e+00,0.000000000000000000e+00
2.682848122834228732e+01,0.000000000000000000e+00,0.000000000000000000e+00
2.401353921156902160e+01,0.000000000000000000e+00,0.000000000000000000e+00
2.854102102470145752e+01,0.000000000000000000e+00,0.000000000000000000e+00
2.930504984583544470e+01,0.000000000000000000e+00,0.000000000000000000e+00
2.407518862740488785e+01,0.000000000000000000e+00,0.000000000000000000e+00
2.409068629593865651e+01,0.000000000000000000e+00,0.000000000000000000e+00
2.549109832909262607e+01,0.000000000000000000e+00,0.000000000000000000e+00
2.362609109381169148e+01,0.000000000000000000e+00,0.000000000000000000e+00
2.365259359184394583e+01,0.000000000000000000e+00,0.000000000000000000e+00
2.278530064562726665e+01,0.000000000000000000e+00,0.000000000000000000e+00
2.503382240872763020e+01,0.000000000000000000e+00,0.000000000000000000e+00
2.276353477139469561e+01,0.000000000000000000e+00,0.000000000000000000e+00
2.735788234442349776e+01,0.000000000000000000e+00,0.000000000000000000e+00
2.303489991023919714e+01,0.000000000000000000e+00,0.000000000000000000e+00
2.416143135897257466e+01,0.000000000000000000e+00,0.000000000000000000e+00
2.351962279261638855e+01,0.000000000000000000e+00,0.000000000000000000e+00
2.315350595343451090e+01,0.000000000000000000e+00,0.000000000000000000e+00
2.613418424685906416e+01,0.000000000000000000e+00,0.000000000000000000e+00
2.617507699162424473e+01,0.000000000000000000e+00,0.000000000000000000e+00
2.641032587113690511e+01,0.000000000000000000e+00,0.000000000000000000e+00
2.409711857994799189e+01,0.000000000000000000e+00,0.000000000000000000e+00
2.597648491977515661e+01,0.000000000000000000e+00,0.000000000000000000e+00
2.500517002245376119e+01,0.000000000000000000e+00,0.000000000000000000e+00
2.531091902982752373e+01,0.000000000000000000e+00,0.000000000000000000e+00
2.191457285600954208e+01,0.000000000000000000e+00,0.000000000000000000e+00
2.493784630022399185e+01,0.000000000000000000e+00,0.000000000000000000e+00
2.308842029797952122e+01,0.000000000000000000e+00,0.000000000000000000e+00
2.624278444808027189e+01,0.000000000000000000e+00,0.000000000000000000e+00
2.872245767584550791e+01,0.000000000000000000e+00,0.000000000000000000e+00
2.336288469664840051e+01,0.000000000000000000e+00,0.000000000000000000e+00
2.445423039785698194e+01,0.000000000000000000e+00,0.000000000000000000e+00
2.698771573563064052e+01,0.000000000000000000e+00,0.000000000000000000e+00
2.019193614904835954e+01,0.000000000000000000e+00,0.000000000000000000e+00
2.696871697023703263e+01,0.000000000000000000e+00,0.000000000000000000e+00
2.342338259309316228e+01,0.000000000000000000e+00,0.000000000000000000e+00
2.342049701763338732e+01,0.000000000000000000e+00,0.000000000000000000e+00
2.246033035958398827e+01,0.000000000000000000e+00,0.000000000000000000e+00
2.524906528529696104e+01,0.000000000000000000e+00,0.000000000000000000e+00
2.256821686085063305e+01,0.000000000000000000e+00,0.000000000000000000e+00
2.252338708213957119e+01,0.000000000000000000e+00,0.000000000000000000e+00
2.651839683742652198e+01,0.000000000000000000e+00,0.000000000000000000e+00
2.458479561954530723e+01,0.000000000000000000e+00,0.000000000000000000e+00
2.355363708133633338e+01,0.000000000000000000e+00,0.000000000000000000e+00
2.587355300598474628e+01,0.000000000000000000e+00,0.000000000000000000e+00
2.549510456854908114e+01,0.000000000000000000e+00,0.000000000000000000e+00
2.253312248653720928e+01,0.000000000000000000e+00,0.000000000000000000e+00
2.423953954591462789e+01,0.000000000000000000e+00,0.000000000000000000e+00
2.260913449946603393e+01,0.000000000000000000e+00,0.000000000000000000e+00
2.559552606600888325e+01,0.000000000000000000e+00,0.000000000000000000e+00
2.400533111795356689e+01,0.000000000000000000e+00,0.000000000000000000e+00
2.417087202039134652e+01,0.000000000000000000e+00,0.000000000000000000e+00
2.526089598824878379e+01,0.000000000000000000e+00,0.000000000000000000e+00
2.121234547615346955e+01,0.000000000000000000e+00,0.000000000000000000e+00
2.558933747489219002e+01,0.000000000000000000e+00,0.000000000000000000e+00
2.685878334991441818e+01,0.000000000000000000e+00,0.000000000000000000e+00
2.224038685458003073e+01,0.000000000000000000e+00,0.000000000000000000e+00
2.253069589835564202e+01,0.000000000000000000e+00,0.000000000000000000e+00
2.312493493701300551e+01,0.000000000000000000e+00,0.000000000000000000e+00
2.114684854115054691e+01,0.000000000000000000e+00,0.000000000000000000e+00
2.449199787206585555e+01,0.000000000000000000e+00,0.000000000000000000e+00
2.564992249710561723e+01,0.000000000000000000e+00,0.000000000000000000e+00
2.307078908098731773e+01,0.000000000000000000e+00,0.000000000000000000e+00
2.223749856151768256e+01,0.000000000000000000e+00,0.000000000000000000e+00
2.150389009442140775e+01,0.000000000000000000e+00,0.000000000000000000e+00
2.114021362228774237e+01,0.000000000000000000e+00,0.000000000000000000e+00
2.229214242869526785e+01,0.000000000000000000e+00,0.000000000000000000e+00
2.162201686770662690e+01,0.000000000000000000e+00,0.000000000000000000e+00
2.391923542554112103e+01,0.000000000000000000e+00,0.000000000000000000e+00
2.725918509994843575e+01,0.000000000000000000e+00,0.000000000000000000e+00
2.521230837495809496e+01,0.000000000000000000e+00,0.000000000000000000e+00
1.764094810958361137e+01,0.000000000000000000e+00,0.000000000000000000e+00
2.273396518368225117e+01,0.000000000000000000e+00,0.000000000000000000e+00
2.189614436376882622e+01,0.000000000000000000e+00,0.000000000000000000e+00
2.445262723747465117e+01,0.000000000000000000e+00,0.000000000000000000e+00
2.502608308540872883e+01,0.000000000000000000e+00,0.000000000000000000e+00
2.337762067112196362e+01,0.000000000000000000e+00,0.000000000000000000e+00
2.385618113384088090e+01,0.000000000000000000e+00,0.000000000000000000e+00
2.390290345654585025e+01,0.000000000000000000e+00,0.000000000000000000e+00
2.430727037918308042e+01,0.000000000000000000e+00,0.000000000000000000e+00
2.384749504801835585e+01,0.000000000000000000e+00,0.000000000000000000e+00
1.908111560987415345e+01,0.000000000000000000e+00,0.000000000000000000e+00
1.981227317387210718e+01,0.000000000000000000e+00,0.000000000000000000e+00
2.004576348537448283e+01,0.000000000000000000e+00,0.000000000000000000e+00
2.343264482588850228e+01,0.000000000000000000e+00,0.000000000000000000e+00
2.153709718106677329e+01,0.000000000000000000e+00,0.000000000000000000e+00
2.067351314727164180e+01,0.000000000000000000e+00,0.000000000000000000e+00
2.667015005849448528e+01,0.000000000000000000e+00,0.000000000000000000e+00
2.141555123773290603e+01,0.000000000000000000e+00,0.000000000000000000e+00
2.025660819849622740e+01,0.000000000000000000e+00,0.000000000000000000e+00
2.457961769610125202e+01,0.000000000000000000e+00,0.000000000000000000e+00
1.928049263233342359e+01,0.000000000000000000e+00,0.000000000000000000e+00
2.269281142207490021e+01,0.000000000000000000e+00,0.000000000000000000e+00
2.314564650600066997e+01,0.000000000000000000e+00,0.000000000000000000e+00
2.190498811113056021e+01,0.000000000000000000e+00,0.000000000000000000e+00
2.006438795437030009e+01,0.000000000000000000e+00,0.000000000000000000e+00
2.366935901262489139e+01,0.000000000000000000e+00,0.000000000000000000e+00
2.011573288443141294e+01,0.000000000000000000e+00,0.000000000000000000e+00
1.898065783456986821e+01,0.000000000000000000e+00,0.000000000000000000e+00
2.675933456756948914e+01,0.000000000000000000e+00,0.000000000000000000e+00
2.325817427236636803e+01,0.000000000000000000e+00,0.000000000000000000e+00
2.385168726419475860e+01,0.000000000000000000e+00,0.000000000000000000e+00
1.880322859689883330e+01,0.000000000000000000e+00,0.000000000000000000e+00
2.535742858093689378e+01,0.000000000000000000e+00,0.000000000000000000e+00
1.985256319636193112e+01,0.000000000000000000e+00,0.000000000000000000e+00
2.090355510271962203e+01,0.000000000000000000e+00,0.000000000000000000e+00
2.218710744110765631e+01,0.000000000000000000e+00,0.000000000000000000e+00
2.342047662264522145e+01,0.000000000000000000e+00,0.000000000000000000e+00
2.210052873493839698e+01,0.000000000000000000e+00,0.000000000000000000e+00
2.357359552086556320e+01,0.000000000000000000e+00,0.000000000000000000e+00
2.219103789374154090e+01,0.000000000000000000e+00,0.000000000000000000e+00
2.381603845455753898e+01,0.000000000000000000e+00,0.000000000000000000e+00
2.180195645368729274e+01,0.000000000000000000e+00,0.000000000000000000e+00
1.946895978233010993e+01,0.000000000000000000e+00,0.000000000000000000e+00
2.004287082904932404e+01,0.000000000000000000e+00,0.000000000000000000e+00
1.976939374754242351e+01,0.000000000000000000e+00,0.000000000000000000e+00
1.847066190939569807e+01,0.000000000000000000e+00,0.000000000000000000e+00
2.134001472703075919e+01,0.000000000000000000e+00,0.000000000000000000e+00
2.347451633091311507e+01,0.000000000000000000e+00,0.000000000000000000e+00
2.090098557339547369e+01,0.000000000000000000e+00,0.000000000000000000e+00
2.493899165136021878e+01,0.000000000000000000e+00,0.000000000000000000e+00
1.759440954387260092e+01,0.000000000000000000e+00,0.000000000000000000e+00
2.017055446418851261e+01,0.000000000000000000e+00,0.000000000000000000e+00
1.822160527561590371e+01,0.000000000000000000e+00,0.000000000000000000e+00
2.017653714201876269e+01,0.000000000000000000e+00,0.000000000000000000e+00
2.478692720888905754e+01,0.000000000000000000e+00,0.000000000000000000e+00
1.993388456033151002e+01,0.000000000000000000e+00,0.000000000000000000e+00
2.190375839251749213e+01,0.000000000000000000e+00,0.000000000000000000e+00
2.369599455827692580e+01,0.000000000000000000e+00,0.000000000000000000e+00
2.130154985898894182e+01,0.000000000000000000e+00,0.000000000000000000e+00
1.966649966159206286e+01,0.000000000000000000e+00,0.000000000000000000e+00
2.017012794225001926e+01,0.000000000000000000e+00,0.000000000000000000e+00
1.482442621519765069e+01,0.000000000000000000e+00,0.000000000000000000e+00
2.272816079021254865e+01,0.000000000000000000e+00,0.000000000000000000e+00
2.224482703220327551e+01,0.000000000000000000e+00,0.000000000000000000e+00
1.553534303422634011e+01,0.000000000000000000e+00,0.000000000000000000e+00
2.298854827212491259e+01,0.000000000000000000e+00,0.000000000000000000e+00
1.755371330750575609e+01,0.000000000000000000e+00,0.000000000000000000e+00
2.130339207382215960e+01,0.000000000000000000e+00,0.000000000000000000e+00
2.054002312183113688e+01,0.000000000000000000e+00,0.000000000000000000e+00
1.904114696356818826e+01,0.000000000000000000e+00,0.000000000000000000e+00
1.980611834758628476e+01,0.000000000000000000e+00,0.000000000000000000e+00
2.126745680726184418e+01,0.000000000000000000e+00,0.000000000000000000e+00
2.247492299151438289e+01,0.000000000000000000e+00,0.000000000000000000e+00
2.207984602826382314e+01,0.000000000000000000e+00,0.000000000000000000e+00
2.247535065625050521e+01,0.000000000000000000e+00,0.000000000000000000e+00
2.188347021407281545e+01,0.000000000000000000e+00,0.000000000000000000e+00
2.154926581827646714e+01,0.000000000000000000e+00,0.000000000000000000e+00
2.429704310723337457e+01,0.000000000000000000e+00,0.000000000000000000e+00
1.958668971882188359e+01,0.000000000000000000e+00,0.000000000000000000e+00
2.053613412505799118e+01,0.000000000000000000e+00,0.000000000000000000e+00
2.157836468558528864e+01,0.000000000000000000e+00,0.000000000000000000e+00
2.203801132607492619e+01,0.000000000000000000e+00,0.000000000000000000e+00
2.317543787254369647e+01,0.000000000000000000e+00,0.000000000000000000e+00
1.821618199449105546e+01,0.000000000000000000e+00,0.000000000000000000e+00
1.949212072122848838e+01,0.000000000000000000e+00,0.000000000000000000e+00
1.882431168661537413e+01,0.000000000000000000e+00,0.000000000000000000e+00
1.876960306159441672e+01,0.000000000000000000e+00,0.000000000000000000e+00
1.943646469193676651e+01,0.000000000000000000e+00,0.000000000000000000e+00
1.980961768985395466e+01,0.000000000000000000e+00,0.000000000000000000e+00
2.045147127934806974e+01,0.000000000000000000e+00,0.000000000000000000e+00
1.813403888429181876e+01,0.000000000000000000e+00,0.000000000000000000e+00
2.024795909345761302e+01,0.000000000000000000e+00,0.000000000000000000e+00
1.999702138766272697e+01,0.000000000000000000e+00,0.000000000000000000e+00
2.099845404863842191e+01,0.000000000000000000e+00,0.000000000000000000e+00
1.985006742452036477e+01,0.000000000000000000e+00,0.000000000000000000e+00
2.432987645925977205e+01,0.000000000000000000e+00,0.000000000000000000e+00
1.983834023895829546e+01,0.000000000000000000e+00,0.000000000000000000e+00
2.258499241426155990e+01,0.000000000000000000e+00,0.000000000000000000e+00
2.108330363141018893e+01,0.000000000000000000e+00,0.000000000000000000e+00
2.082844206178791069e+01,0.000000000000000000e+00,0.000000000000000000e+00
2.159516864460574936e+01,0.000000000000000000e+00,0.000000000000000000e+00
2.103426446170135833e+01,0.000000000000000000e+00,0.000000000000000000e+00
1.963858488025143956e+01,0.000000000000000000e+00,0.000000000000000000e+00
2.115284566738566241e+01,0.000000000000000000e+00,0.000000000000000000e+00
1.891689330964278781e+01,0.000000000000000000e+00,0.000000000000000000e+00
2.162635599361518146e+01,0.000000000000000000e+00,0.000000000000000000e+00
1.877745969795215686e+01,0.000000000000000000e+00,0.000000000000000000e+00
1.988518036019609170e+01,0.000000000000000000e+00,0.000000000000000000e+00
2.047716687079562803e+01,0.000000000000000000e+00,0.000000000000000000e+00
2.452964831802773915e+01,0.000000000000000000e+00,0.000000000000000000e+00
2.230934808570180650e+01,0.000000000000000000e+00,0.000000000000000000e+00
1.830329607312662077e+01,0.000000000000000000e+00,0.000000000000000000e+00
1.843174698536127210e+01,0.000000000000000000e+00,0.000000000000000000e+00
2.124786432445080564e+01,0.000000000000000000e+00,0.000000000000000000e+00
2.021437268046955893e+01,0.000000000000000000e+00,0.000000000000000000e+00
2.256596078925186788e+01,0.000000000000000000e+00,0.000000000000000000e+00
1.931313225918243504e+01,0.000000000000000000e+00,0.000000000000000000e+00
2.058442278889802424e+01,0.000000000000000000e+00,0.000000000000000000e+00
1.860425588457612989e+01,0.000000000000000000e+00,0.000000000000000000e+00
2.374335404954592121e+01,0.000000000000000000e+00,0.000000000000000000e+00
2.264455946163833389e+01,0.000000000000000000e+00,0.000000000000000000e+00
1.928340590329831272e+01,0.000000000000000000e+00,0.000000000000000000e+00
2.103552769397078492e+01,0.000000000000000000e+00,0.000000000000000000e+00
2.084953769589586514e+01,0.000000000000000000e+00,0.000000000000000000e+00
2.045847277258599917e+01,0.000000000000000000e+00,0.000000000000000000e+00
2.092993995874730828e+01,0.000000000000000000e+00,0.000000000000000000e+00
2.110484070626156594e+01,0.000000000000000000e+00,0.000000000000000000e+00
1.834459245386178239e+01,0.000000000000000000e+00,0.000000000000000000e+00
2.022787738656880663e+01,0.000000000000000000e+00,0.000000000000000000e+00
1.984549236183740106e+01,0.000000000000000000e+00,0.000000000000000000e+00
1.944837701662124374e+01,0.000000000000000000e+00,0.000000000000000000e+00
2.032098527491378448e+01,0.000000000000000000e+00,0.000000000000000000e+00
2.040638241916071394e+01,0.000000000000000000e+00,0.000000000000000000e+00
2.430819073710516776e+01,0.000000000000000000e+00,0.000000000000000000e+00
2.135525933070006133e+01,0.000000000000000000e+00,0.000000000000000000e+00
2.014180407924103022e+01,0.000000000000000000e+00,0.000000000000000000e+00
1.795012251129645264e+01,0.000000000000000000e+00,0.000000000000000000e+00
1.694725898326120017e+01,0.000000000000000000e+00,0.000000000000000000e+00
1.605410584887749437e+01,0.000000000000000000e+00,0.000000000000000000e+00
1.852447261254786426e+01,0.000000000000000000e+00,0.000000000000000000e+00
2.275559520685043680e+01,0.000000000000000000e+00,0.000000000000000000e+00
2.016808871805235981e+01,0.000000000000000000e+00,0.000000000000000000e+00
2.116124449652139461e+01,0.000000000000000000e+00,0.000000000000000000e+00
2.211420555182102987e+01,0.000000000000000000e+00,0.000000000000000000e+00
2.119501407068437615e+01,0.000000000000000000e+00,0.000000000000000000e+00
2.023583082131627009e+01,0.000000000000000000e+00,0.000000000000000000e+00
1.403621627971469188e+01,0.000000000000000000e+00,0.000000000000000000e+00
1.792249307150903093e+01,0.000000000000000000e+00,0.000000000000000000e+00
2.379176219148818205e+01,0.000000000000000000e+00,0.000000000000000000e+00
2.154333613833440353e+01,0.000000000000000000e+00,0.000000000000000000e+00
2.092967109400791159e+01,0.000000000000000000e+00,0.000000000000000000e+00
1.739778882925022074e+01,0.000000000000000000e+00,0.000000000000000000e+00
2.005480913848578339e+01,0.000000000000000000e+00,0.000000000000000000e+00
1.985364509792946563e+01,0.000000000000000000e+00,0.000000000000000000e+00
1.703617324375333197e+01,0.000000000000000000e+00,0.000000000000000000e+00
2.256717907364687647e+01,0.000000000000000000e+00,0.000000000000000000e+00
1.988857803416599879e+01,0.000000000000000000e+00,0.000000000000000000e+00
1.893832241511282888e+01,0.000000000000000000e+00,0.000000000000000000e+00
1.989231764092027888e+01,0.000000000000000000e+00,0.000000000000000000e+00
2.139800272114195323e+01,0.000000000000000000e+00,0.000000000000000000e+00
2.062364003594425910e+01,0.000000000000000000e+00,0.000000000000000000e+00
2.273078057209750114e+01,0.000000000000000000e+00,0.000000000000000000e+00
1.835824665210381923e+01,0.000000000000000000e+00,0.000000000000000000e+00
2.139677194378282366e+01,0.000000000000000000e+00,0.000000000000000000e+00
1.897096964413820075e+01,0.000000000000000000e+00,0.000000000000000000e+00
1.820121981285909030e+01,0.000000000000000000e+00,0.000000000000000000e+00
2.317672514640699433e+01,0.000000000000000000e+00,0.000000000000000000e+00
1.855082233743418385e+01,0.000000000000000000e+00,0.000000000000000000e+00
2.285851830005379526e+01,0.000000000000000000e+00,0.000000000000000000e+00
1.829518158489081259e+01,0.000000000000000000e+00,0.000000000000000000e+00
1.919339358334469381e+01,0.000000000000000000e+00,0.000000000000000000e+00
1.962982575283848519e+01,0.000000000000000000e+00,0.000000000000000000e+00
1.622276742643793668e+01,0.000000000000000000e+00,0.000000000000000000e+00
2.288772752512984709e+01,0.000000000000000000e+00,0.000000000000000000e+00
1.754505819970954050e+01,0.000000000000000000e+00,0.000000000000000000e+00
1.855823412982304887e+01,0.000000000000000000e+00,0.000000000000000000e+00
1.933863440106278020e+01,0.000000000000000000e+00,0.000000000000000000e+00
2.288932287088209350e+01,0.000000000000000000e+00,0.000000000000000000e+00
1.875608481894643731e+01,0.000000000000000000e+00,0.000000000000000000e+00
1.874596594839403707e+01,0.000000000000000000e+00,0.000000000000000000e+00
2.090532194108621056e+01,0.000000000000000000e+00,0.000000000000000000e+00
2.395367469189434573e+01,0.000000000000000000e+00,0.000000000000000000e+00
1.831327141452580065e+01,0.000000000000000000e+00,0.000000000000000000e+00
1.879894576731967959e+01,0.000000000000000000e+00,0.000000000000000000e+00
2.086441142303360152e+01,0.000000000000000000e+00,0.000000000000000000e+00
1.998321012814965769e+01,0.000000000000000000e+00,0.000000000000000000e+00
1.673469075099403369e+01,0.000000000000000000e+00,0.000000000000000000e+00
1.819106504062921559e+01,0.000000000000000000e+00,0.000000000000000000e+00
2.045337461291025249e+01,0.000000000000000000e+00,0.000000000000000000e+00
1.878322178130367703e+01,0.000000000000000000e+00,0.000000000000000000e+00
2.180282097369903482e+01,0.000000000000000000e+00,0.000000000000000000e+00
2.096516167720296053e+01,0.000000000000000000e+00,0.000000000000000000e+00
1.979352529141095829e+01,0.000000000000000000e+00,0.000000000000000000e+00
1.868973067463898019e+01,0.000000000000000000e+00,0.000000000000000000e+00
2.121857824096257517e+01,0.000000000000000000e+00,0.000000000000000000e+00
2.188991460556007240e+01,0.000000000000000000e+00,0.000000000000000000e+00
2.091454407504727442e+01,0.000000000000000000e+00,0.000000000000000000e+00
1.903802839699356753e+01,0.000000000000000000e+00,0.000000000000000000e+00
2.201578419973418121e+01,0.000000000000000000e+00,0.000000000000000000e+00
2.166768947292603897e+01,0.000000000000000000e+00,0.000000000000000000e+00
2.285040009102080205e+01,0.000000000000000000e+00,0.000000000000000000e+00
2.018058618535675564e+01,0.000000000000000000e+00,0.000000000000000000e+00
1.996181701167494538e+01,0.000000000000000000e+00,0.000000000000000000e+00
1.934483004909935744e+01,0.000000000000000000e+00,0.000000000000000000e+00
1.749051932467646964e+01,0.000000000000000000e+00,0.000000000000000000e+00
2.000357423944467783e+01,0.000000000000000000e+00,0.000000000000000000e+00
1.927907512693057512e+01,0.000000000000000000e+00,0.000000000000000000e+00
1.784743699488365820e+01,0.000000000000000000e+00,0.000000000000000000e+00
2.007280580190649388e+01,0.000000000000000000e+00,0.000000000000000000e+00
2.157660284175222998e+01,0.000000000000000000e+00,0.000000000000000000e+00
1.846207647320961343e+01,0.000000000000000000e+00,0.000000000000000000e+00
1.715124820028363573e+01,0.000000000000000000e+00,0.000000000000000000e+00
2.195296886397364133e+01,0.000000000000000000e+00,0.000000000000000000e+00
2.102983558308797285e+01,0.000000000000000000e+00,0.000000000000000000e+00
2.128473204696524235e+01,0.000000000000000000e+00,0.000000000000000000e+00
2.295320259984187672e+01,0.000000000000000000e+00,0.000000000000000000e+00
1.910273649785808203e+01,0.000000000000000000e+00,0.000000000000000000e+00
1.973935128673612738e+01,0.000000000000000000e+00,0.000000000000000000e+00
2.052676309318984593e+01,0.000000000000000000e+00,0.000000000000000000e+00
1.942651878009466060e+01,0.000000000000000000e+00,0.000000000000000000e+00
2.174298645327884927e+01,0.000000000000000000e+00,0.000000000000000000e+00
2.243392615360017217e+01,0.000000000000000000e+00,0.000000000000000000e+00
1.993926077185150447e+01,0.000000000000000000e+00,0.000000000000000000e+00
2.021228408081982408e+01,0.000000000000000000e+00,0.000000000000000000e+00
1.809272151752322344e+01,0.000000000000000000e+00,0.000000000000000000e+00
1.996748240151435638e+01,0.000000000000000000e+00,0.000000000000000000e+00
2.232100134454069362e+01,0.000000000000000000e+00,0.000000000000000000e+00
2.345371969566943449e+01,0.000000000000000000e+00,0.000000000000000000e+00
2.342624541150685502e+01,0.000000000000000000e+00,0.000000000000000000e+00
2.349943899916324952e+01,0.000000000000000000e+00,0.000000000000000000e+00
2.187902217354638168e+01,0.000000000000000000e+00,0.000000000000000000e+00
2.166738082574372726e+01,0.000000000000000000e+00,0.000000000000000000e+00
2.252185275409175347e+01,0.000000000000000000e+00,0.000000000000000000e+00
1.963544793707699654e+01,0.000000000000000000e+00,0.000000000000000000e+00
1.912067268828359801e+01,0.000000000000000000e+00,0.000000000000000000e+00
2.057116211543941731e+01,0.000000000000000000e+00,0.000000000000000000e+00
1.877716365760139894e+01,0.000000000000000000e+00,0.000000000000000000e+00
2.575963531501676584e+01,0.000000000000000000e+00,0.000000000000000000e+00
2.010813781491447472e+01,0.000000000000000000e+00,0.000000000000000000e+00
2.270253643316332415e+01,0.000000000000000000e+00,0.000000000000000000e+00
2.175082999278380314e+01,0.000000000000000000e+00,0.000000000000000000e+00
2.381129725388972673e+01,0.000000000000000000e+00,0.000000000000000000e+00
2.045398170508861213e+01,0.000000000000000000e+00,0.000000000000000000e+00
2.046462670398537043e+01,0.000000000000000000e+00,0.000000000000000000e+00
2.202993507168564946e+01,0.000000000000000000e+00,0.000000000000000000e+00
2.331314988623584483e+01,0.000000000000000000e+00,0.000000000000000000e+00
2.130280771662731354e+01,0.000000000000000000e+00,0.000000000000000000e+00
1.730254632250869662e+01,0.000000000000000000e+00,0.000000000000000000e+00
2.245053972956718269e+01,0.000000000000000000e+00,0.000000000000000000e+00
2.074243453383897062e+01,0.000000000000000000e+00,0.000000000000000000e+00
1.858331808452236800e+01,0.000000000000000000e+00,0.000000000000000000e+00
1.867427437551587843e+01,0.000000000000000000e+00,0.000000000000000000e+00
2.300287175557864927e+01,0.000000000000000000e+00,0.000000000000000000e+00
2.398023307251282077e+01,0.000000000000000000e+00,0.000000000000000000e+00
1.607848945441526567e+01,0.000000000000000000e+00,0.000000000000000000e+00
2.132575185695645104e+01,0.000000000000000000e+00,0.000000000000000000e+00
1.886241428824172317e+01,0.000000000000000000e+00,0.000000000000000000e+00
2.156133544739721231e+01,0.000000000000000000e+00,0.000000000000000000e+00
2.057974515921073433e+01,0.000000000000000000e+00,0.000000000000000000e+00
1.850265757228505947e+01,0.000000000000000000e+00,0.000000000000000000e+00
2.131645683302805594e+01,0.000000000000000000e+00,0.000000000000000000e+00
2.136187238689640822e+01,0.000000000000000000e+00,0.000000000000000000e+00
1.922329327393919129e+01,0.000000000000000000e+00,0.000000000000000000e+00
2.332201926439659090e+01,0.000000000000000000e+00,0.000000000000000000e+00
1.970446880728906081e+01,0.000000000000000000e+00,0.000000000000000000e+00
2.167903071722118469e+01,0.000000000000000000e+00,0.000000000000000000e+00
2.432517774854227000e+01,0.000000000000000000e+00,0.000000000000000000e+00
2.247243611554985065e+01,0.000000000000000000e+00,0.000000000000000000e+00
2.333583016664398713e+01,0.000000000000000000e+00,0.000000000000000000e+00
1.975005596850451894e+01,0.000000000000000000e+00,0.000000000000000000e+00
2.389201884949601151e+01,0.000000000000000000e+00,0.000000000000000000e+00
1.920522442811098429e+01,0.000000000000000000e+00,0.000000000000000000e+00
1.807513940413948106e+01,0.000000000000000000e+00,0.000000000000000000e+00
2.351259053666987242e+01,0.000000000000000000e+00,0.000000000000000000e+00
2.165854049867298770e+01,0.000000000000000000e+00,0.000000000000000000e+00
1.953103950142266854e+01,0.000000000000000000e+00,0.000000000000000000e+00
2.359394072195466308e+01,0.000000000000000000e+00,0.000000000000000000e+00
2.116978258111551980e+01,0.000000000000000000e+00,0.000000000000000000e+00
2.519664633325700720e+01,0.000000000000000000e+00,0.000000000000000000e+00
2.223508917930773165e+01,0.000000000000000000e+00,0.000000000000000000e+00
1.905507776611744575e+01,0.000000000000000000e+00,0.000000000000000000e+00
2.347103935325235113e+01,0.000000000000000000e+00,0.000000000000000000e+00
2.123234586703577520e+01,0.000000000000000000e+00,0.000000000000000000e+00
1.922530069893557325e+01,0.000000000000000000e+00,0.000000000000000000e+00
2.185391656500145885e+01,0.000000000000000000e+00,0.000000000000000000e+00
2.096173861318060716e+01,0.000000000000000000e+00,0.000000000000000000e+00
2.161549099947482588e+01,0.000000000000000000e+00,0.000000000000000000e+00
2.506001113908241251e+01,0.000000000000000000e+00,0.000000000000000000e+00
2.435209827860370879e+01,0.000000000000000000e+00,0.000000000000000000e+00
2.444706880448647723e+01,0.000000000000000000e+00,0.000000000000000000e+00
1.853119319664608611e+01,0.000000000000000000e+00,0.000000000000000000e+00
2.049911095271347605e+01,0.000000000000000000e+00,0.000000000000000000e+00
2.109940825314242474e+01,0.000000000000000000e+00,0.000000000000000000e+00
2.186753246856269328e+01,0.000000000000000000e+00,0.000000000000000000e+00
2.218762050158092336e+01,0.000000000000000000e+00,0.000000000000000000e+00
2.297133381754180093e+01,0.000000000000000000e+00,0.000000000000000000e+00
1.850684518673678980e+01,0.000000000000000000e+00,0.000000000000000000e+00
1.513490158961082344e+01,0.000000000000000000e+00,0.000000000000000000e+00
2.523840526080544322e+01,0.000000000000000000e+00,0.000000000000000000e+00
2.110783817269499707e+01,0.000000000000000000e+00,0.000000000000000000e+00
2.119737941279693771e+01,0.000000000000000000e+00,0.000000000000000000e+00
2.135444273270755389e+01,0.000000000000000000e+00,0.000000000000000000e+00
2.088296399377888690e+01,0.000000000000000000e+00,0.000000000000000000e+00
2.178890505868242045e+01,0.000000000000000000e+00,0.000000000000000000e+00
2.142016788664411209e+01,0.000000000000000000e+00,0.000000000000000000e+00
2.479674549762329860e+01,0.000000000000000000e+00,0.000000000000000000e+00
2.073856541869126957e+01,0.000000000000000000e+00,0.000000000000000000e+00
2.272435711572139283e+01,0.000000000000000000e+00,0.000000000000000000e+00
2.034539917747716942e+01,0.000000000000000000e+00,0.000000000000000000e+00
2.014091856770447464e+01,0.000000000000000000e+00,0.000000000000000000e+00
1.797870924746218790e+01,0.000000000000000000e+00,0.000000000000000000e+00
2.322078312747787265e+01,0.000000000000000000e+00,0.000000000000000000e+00
2.364850613312650296e+01,0.000000000000000000e+00,0.000000000000000000e+00
2.189365658221044342e+01,0.000000000000000000e+00,0.000000000000000000e+00
2.525825626856886785e+01,0.000000000000000000e+00,0.000000000000000000e+00
2.092139251533492228e+01,0.000000000000000000e+00,0.000000000000000000e+00
2.510909401136175489e+01,0.000000000000000000e+00,0.000000000000000000e+00
1.954872790320925802e+01,0.000000000000000000e+00,0.000000000000000000e+00
2.191751198803645551e+01,0.000000000000000000e+00,0.000000000000000000e+00
2.558939930380261885e+01,0.000000000000000000e+00,0.000000000000000000e+00
2.321479812606810356e+01,0.000000000000000000e+00,0.000000000000000000e+00
2.397398230645720218e+01,0.000000000000000000e+00,0.000000000000000000e+00
2.285545542784122119e+01,0.000000000000000000e+00,0.000000000000000000e+00
2.152500241153176930e+01,0.000000000000000000e+00,0.000000000000000000e+00
2.036812617909646406e+01,0.000000000000000000e+00,0.000000000000000000e+00
2.645764258903241739e+01,0.000000000000000000e+00,0.000000000000000000e+00
2.405205531214167536e+01,0.000000000000000000e+00,0.000000000000000000e+00
2.171036618696665244e+01,0.000000000000000000e+00,0.000000000000000000e+00
2.404428580167148510e+01,0.000000000000000000e+00,0.000000000000000000e+00
2.244687330709212247e+01,0.000000000000000000e+00,0.000000000000000000e+00
2.529383471409244066e+01,0.000000000000000000e+00,0.000000000000000000e+00
2.013826922504953743e+01,0.000000000000000000e+00,0.000000000000000000e+00
2.504496579328256445e+01,0.000000000000000000e+00,0.000000000000000000e+00
2.404371634833652749e+01,0.000000000000000000e+00,0.000000000000000000e+00
2.418870629394367811e+01,0.000000000000000000e+00,0.000000000000000000e+00
2.225869211577697371e+01,0.000000000000000000e+00,0.000000000000000000e+00
2.746866717306216543e+01,0.000000000000000000e+00,0.000000000000000000e+00
2.488600977979799467e+01,0.000000000000000000e+00,0.000000000000000000e+00
2.402827797344573568e+01,0.000000000000000000e+00,0.000000000000000000e+00
2.164098750731472620e+01,0.000000000000000000e+00,0.000000000000000000e+00
1.905164720430015279e+01,0.000000000000000000e+00,0.000000000000000000e+00
2.405705288864919567e+01,0.000000000000000000e+00,0.000000000000000000e+00
2.570398236943551851e+01,0.000000000000000000e+00,0.000000000000000000e+00
2.393117429168870558e+01,0.000000000000000000e+00,0.000000000000000000e+00
2.469798082249779014e+01,0.000000000000000000e+00,0.000000000000000000e+00
1.896852826732900965e+01,0.000000000000000000e+00,0.000000000000000000e+00
2.226315036746642306e+01,0.000000000000000000e+00,0.000000000000000000e+00
2.245468393504420490e+01,0.000000000000000000e+00,0.000000000000000000e+00
2.361034810735172940e+01,0.000000000000000000e+00,0.000000000000000000e+00
2.524734450074137015e+01,0.000000000000000000e+00,0.000000000000000000e+00
2.381309985299554910e+01,0.000000000000000000e+00,0.000000000000000000e+00
2.419838062117387523e+01,0.000000000000000000e+00,0.000000000000000000e+00
2.198198545427615969e+01,0.000000000000000000e+00,0.000000000000000000e+00
2.695372541194991811e+01,0.000000000000000000e+00,0.000000000000000000e+00
2.051868111132214523e+01,0.000000000000000000e+00,0.000000000000000000e+00
2.371208563432975325e+01,0.000000000000000000e+00,0.000000000000000000e+00
2.464229959362918976e+01,0.000000000000000000e+00,0.000000000000000000e+00
2.650640670486031780e+01,0.000000000000000000e+00,0.000000000000000000e+00
2.131542017386443533e+01,0.000000000000000000e+00,0.000000000000000000e+00
2.435658914771430261e+01,0.000000000000000000e+00,0.000000000000000000e+00
2.715047768772596726e+01,0.000000000000000000e+00,0.000000000000000000e+00
2.431449265652780767e+01,0.000000000000000000e+00,0.000000000000000000e+00
2.307106730006669437e+01,0.000000000000000000e+00,0.000000000000000000e+00
2.346748273295772336e+01,0.000000000000000000e+00,0.000000000000000000e+00
2.475689052081326480e+01,0.000000000000000000e+00,0.000000000000000000e+00
2.208633523033736168e+01,0.000000000000000000e+00,0.000000000000000000e+00
2.591133807458233917e+01,0.000000000000000000e+00,0.000000000000000000e+00
2.765215566322000385e+01,0.000000000000000000e+00,0.000000000000000000e+00
2.130193666514180251e+01,0.000000000000000000e+00,0.000000000000000000e+00
2.653470077835801888e+01,0.000000000000000000e+00,0.000000000000000000e+00
2.841551466730870601e+01,0.000000000000000000e+00,0.000000000000000000e+00
2.667803005785234305e+01,0.000000000000000000e+00,0.000000000000000000e+00
2.620752352652446149e+01,0.000000000000000000e+00,0.000000000000000000e+00
2.366221462977819456e+01,0.000000000000000000e+00,0.000000000000000000e+00
2.652424515174173791e+01,0.000000000000000000e+00,0.000000000000000000e+00
2.556030046310456072e+01,0.000000000000000000e+00,0.000000000000000000e+00
2.518258095353705883e+01,0.000000000000000000e+00,0.000000000000000000e+00
2.426859626341157039e+01,0.000000000000000000e+00,0.000000000000000000e+00
2.675301390371281229e+01,0.000000000000000000e+00,0.000000000000000000e+00
2.420715248296821187e+01,0.000000000000000000e+00,0.000000000000000000e+00
2.371739636348468849e+01,0.000000000000000000e+00,0.000000000000000000e+00
2.398257872787827694e+01,0.000000000000000000e+00,0.000000000000000000e+00
2.510884942186932278e+01,0.000000000000000000e+00,0.000000000000000000e+00
2.299994083709414028e+01,0.000000000000000000e+00,0.000000000000000000e+00
2.467425549641252047e+01,0.000000000000000000e+00,0.000000000000000000e+00
2.570407044645139649e+01,0.000000000000000000e+00,0.000000000000000000e+00
3.043798486065075082e+01,0.000000000000000000e+00,0.000000000000000000e+00
2.541999183233151527e+01,0.000000000000000000e+00,0.000000000000000000e+00
2.549209969014216881e+01,0.000000000000000000e+00,0.000000000000000000e+00
2.534477852968750256e+01,0.000000000000000000e+00,0.000000000000000000e+00
2.306884906825064618e+01,0.000000000000000000e+00,0.000000000000000000e+00
2.212671347951832956e+01,0.000000000000000000e+00,0.000000000000000000e+00
2.649570907545500020e+01,0.000000000000000000e+00,0.000000000000000000e+00
2.396006247942466771e+01,0.000000000000000000e+00,0.000000000000000000e+00
2.885386707095023695e+01,0.000000000000000000e+00,0.000000000000000000e+00
2.619701170510762722e+01,0.000000000000000000e+00,0.000000000000000000e+00
2.640978904128115445e+01,0.000000000000000000e+00,0.000000000000000000e+00
2.610138063866940783e+01,0.000000000000000000e+00,0.000000000000000000e+00
2.604673765197684077e+01,0.000000000000000000e+00,0.000000000000000000e+00
2.944405421451519089e+01,0.000000000000000000e+00,0.000000000000000000e+00
2.453814634940302497e+01,0.000000000000000000e+00,0.000000000000000000e+00
2.501687252444483889e+01,0.000000000000000000e+00,0.000000000000000000e+00
2.885472271609260986e+01,0.000000000000000000e+00,0.000000000000000000e+00
3.038269386388439486e+01,0.000000000000000000e+00,0.000000000000000000e+00
2.595993897672814654e+01,0.000000000000000000e+00,0.000000000000000000e+00
2.848099995677135254e+01,0.000000000000000000e+00,0.000000000000000000e+00
2.578844657195041989e+01,0.000000000000000000e+00,0.000000000000000000e+00
2.398615914622104839e+01,0.000000000000000000e+00,0.000000000000000000e+00
2.677283200399478957e+01,0.000000000000000000e+00,0.000000000000000000e+00
3.005806056299839568e+01,0.000000000000000000e+00,0.000000000000000000e+00
2.674707163837419444e+01,0.000000000000000000e+00,0.000000000000000000e+00
2.629001697264725124e+01,0.000000000000000000e+00,0.000000000000000000e+00
2.745307945348171330e+01,0.000000000000000000e+00,0.000000000000000000e+00
2.775891250081571116e+01,0.000000000000000000e+00,0.000000000000000000e+00
2.466722504238944680e+01,0.000000000000000000e+00,0.000000000000000000e+00
2.663217697215736735e+01,0.000000000000000000e+00,0.000000000000000000e+00
2.366525632349753394e+01,0.000000000000000000e+00,0.000000000000000000e+00
2.903739781892169702e+01,0.000000000000000000e+00,0.000000000000000000e+00
2.636652804696448626e+01,0.000000000000000000e+00,0.000000000000000000e+00
2.632158924157496216e+01,0.000000000000000000e+00,0.000000000000000000e+00
2.555585069558470934e+01,0.000000000000000000e+00,0.000000000000000000e+00
2.602622132609276306e+01,0.000000000000000000e+00,0.000000000000000000e+00
2.790940355335022716e+01,0.000000000000000000e+00,0.000000000000000000e+00
2.957990107459467310e+01,0.000000000000000000e+00,0.000000000000000000e+00
2.842485552696879125e+01,0.000000000000000000e+00,0.000000000000000000e+00
2.452204019602516638e+01,0.000000000000000000e+00,0.000000000000000000e+00
2.610773805132465952e+01,0.000000000000000000e+00,0.000000000000000000e+00
2.580361665675273386e+01,0.000000000000000000e+00,0.000000000000000000e+00
2.693798845660324304e+01,0.000000000000000000e+00,0.000000000000000000e+00
2.659183416314930781e+01,0.000000000000000000e+00,0.000000000000000000e+00
2.710747441700315008e+01,0.000000000000000000e+00,0.000000000000000000e+00
2.540165351080645806e+01,0.000000000000000000e+00,0.000000000000000000e+00
3.074879162293103008e+01,0.000000000000000000e+00,0.000000000000000000e+00
2.933065619674114544e+01,0.000000000000000000e+00,0.000000000000000000e+00
2.871896682688127456e+01,0.000000000000000000e+00,0.000000000000000000e+00
3.076496663943356680e+01,0.000000000000000000e+00,0.000000000000000000e+00
2.937424649084273298e+01,0.000000000000000000e+00,0.000000000000000000e+00
2.645042938429527268e+01,0.000000000000000000e+00,0.000000000000000000e+00
2.986470083166364731e+01,0.000000000000000000e+00,0.000000000000000000e+00
2.764584285677513265e+01,0.000000000000000000e+00,0.000000000000000000e+00
2.791234359965513079e+01,0.000000000000000000e+00,0.000000000000000000e+00
3.076028386095303446e+01,0.000000000000000000e+00,0.000000000000000000e+00
3.042425466335147988e+01,0.000000000000000000e+00,0.000000000000000000e+00
2.712564698716204248e+01,0.000000000000000000e+00,0.000000000000000000e+00
2.760572815844361827e+01,0.000000000000000000e+00,0.000000000000000000e+00
2.837009721010664265e+01,0.000000000000000000e+00,0.000000000000000000e+00
3.075917884853960871e+01,0.000000000000000000e+00,0.000000000000000000e+00
2.850472813417606588e+01,0.000000000000000000e+00,0.000000000000000000e+00
2.645499561611355333e+01,0.000000000000000000e+00,0.000000000000000000e+00
3.163298778306054970e+01,0.000000000000000000e+00,0.000000000000000000e+00
2.846862174490578568e+01,0.000000000000000000e+00,0.000000000000000000e+00
2.746398196819066229e+01,0.000000000000000000e+00,0.000000000000000000e+00
2.495797324218349189e+01,0.000000000000000000e+00,0.000000000000000000e+00
2.770531643758172180e+01,0.000000000000000000e+00,0.000000000000000000e+00
3.144001656608666551e+01,0.000000000000000000e+00,0.000000000000000000e+00
2.620361703181169588e+01,0.000000000000000000e+00,0.000000000000000000e+00
2.593471878559528676e+01,0.000000000000000000e+00,0.000000000000000000e+00
2.817796677007088846e+01,0.000000000000000000e+00,0.000000000000000000e+00
2.648169486979205800e+01,0.000000000000000000e+00,0.000000000000000000e+00
3.120843421670650741e+01,0.000000000000000000e+00,0.000000000000000000e+00
3.231761105275575119e+01,0.000000000000000000e+00,0.000000000000000000e+00
3.049743351945169323e+01,0.000000000000000000e+00,0.000000000000000000e+00
2.853258728011539702e+01,0.000000000000000000e+00,0.000000000000000000e+00
3.036221582833859856e+01,0.000000000000000000e+00,0.000000000000000000e+00
3.114179752241201982e+01,0.000000000000000000e+00,0.000000000000000000e+00
3.075934040926052404e+01,0.000000000000000000e+00,0.000000000000000000e+00
3.112456570971284009e+01,0.000000000000000000e+00,0.000000000000000000e+00
2.900120401774678669e+01,0.000000000000000000e+00,0.000000000000000000e+00
3.033164213340359439e+01,0.000000000000000000e+00,0.000000000000000000e+00
2.841870695818703751e+01,0.000000000000000000e+00,0.000000000000000000e+00
2.937685901207082395e+01,0.000000000000000000e+00,0.000000000000000000e+00
3.081104783912353540e+01,0.000000000000000000e+00,0.000000000000000000e+00
2.863819838832403875e+01,0.000000000000000000e+00,0.000000000000000000e+00
2.879479560457172482e+01,0.000000000000000000e+00,0.000000000000000000e+00
3.561222858589245277e+01,0.000000000000000000e+00,0.000000000000000000e+00
2.950413013656190131e+01,0.000000000000000000e+00,0.000000000000000000e+00
3.087255366049963357e+01,0.000000000000000000e+00,0.000000000000000000e+00
2.968275277912632149e+01,0.000000000000000000e+00,0.000000000000000000e+00
2.997608536408652569e+01,0.000000000000000000e+00,0.000000000000000000e+00
2.840009673998462958e+01,0.000000000000000000e+00,0.000000000000000000e+00
3.091712352636129424e+01,0.000000000000000000e+00,0.000000000000000000e+00
3.245909989135421370e+01,0.000000000000000000e+00,0.000000000000000000e+00
3.335738986280804141e+01,0.000000000000000000e+00,0.000000000000000000e+00
2.978645092928250904e+01,0.000000000000000000e+00,0.000000000000000000e+00
3.237242058459785454e+01,0.000000000000000000e+00,0.000000000000000000e+00
2.724219799833769784e+01,0.000000000000000000e+00,0.000000000000000000e+00
2.746286592851205199e+01,0.000000000000000000e+00,0.000000000000000000e+00
3.219312179143209107e+01,0.000000000000000000e+00,0.000000000000000000e+00
2.984085843437077656e+01,0.000000000000000000e+00,0.000000000000000000e+00
3.164001313233344348e+01,0.000000000000000000e+00,0.000000000000000000e+00
2.951534224663650363e+01,0.000000000000000000e+00,0.000000000000000000e+00
2.905101793738808880e+01,0.000000000000000000e+00,0.000000000000000000e+00
3.047812069010235447e+01,0.000000000000000000e+00,0.000000000000000000e+00
3.122427230170529455e+01,0.000000000000000000e+00,0.000000000000000000e+00
3.486565054515546080e+01,0.000000000000000000e+00,0.000000000000000000e+00
3.166107901927630053e+01,0.000000000000000000e+00,0.000000000000000000e+00
3.291884501820047149e+01,0.000000000000000000e+00,0.000000000000000000e+00
3.331143473502755370e+01,0.000000000000000000e+00,0.000000000000000000e+00
2.917228774577542438e+01,0.000000000000000000e+00,0.000000000000000000e+00
3.367815360900102917e+01,0.000000000000000000e+00,0.000000000000000000e+00
3.191327120011991170e+01,0.000000000000000000e+00,0.000000000000000000e+00
3.096405985168934905e+01,0.000000000000000000e+00,0.000000000000000000e+00
2.929142575515172453e+01,0.000000000000000000e+00,0.000000000000000000e+00
3.579857771988126558e+01,0.000000000000000000e+00,0.000000000000000000e+00
3.010614250530221625e+01,0.000000000000000000e+00,0.000000000000000000e+00
3.155162827245494483e+01,0.000000000000000000e+00,0.000000000000000000e+00
3.119486318911998524e+01,0.000000000000000000e+00,0.000000000000000000e+00
3.479054099162274127e+01,0.000000000000000000e+00,0.000000000000000000e+00
3.188503534745658641e+01,0.000000000000000000e+00,0.000000000000000000e+00
3.308011280356639361e+01,0.000000000000000000e+00,0.000000000000000000e+00
3.103429982966985889e+01,0.000000000000000000e+00,0.000000000000000000e+00
3.261198532137137818e+01,0.000000000000000000e+00,0.000000000000000000e+00
3.271650291887934259e+01,0.000000000000000000e+00,0.000000000000000000e+00
3.457568389880442083e+01,0.000000000000000000e+00,0.000000000000000000e+00
3.365942247810792765e+01,0.000000000000000000e+00,0.000000000000000000e+00
3.395967852259043696e+01,0.000000000000000000e+00,0.000000000000000000e+00
3.115382387855357393e+01,0.000000000000000000e+00,0.000000000000000000e+00
3.106728807933080461e+01,0.000000000000000000e+00,0.000000000000000000e+00
3.473028167602058858e+01,0.000000000000000000e+00,0.000000000000000000e+00
3.376193389056408733e+01,0.000000000000000000e+00,0.000000000000000000e+00
3.233935241294516771e+01,0.000000000000000000e+00,0.000000000000000000e+00
3.695589195373026570e+01,0.000000000000000000e+00,0.000000000000000000e+00
3.243880986859886661e+01,0.000000000000000000e+00,0.000000000000000000e+00
3.353248706772264853e+01,0.000000000000000000e+00,0.000000000000000000e+00
3.636920530894295922e+01,0.000000000000000000e+00,0.000000000000000000e+00
3.193775696337528558e+01,0.000000000000000000e+00,0.000000000000000000e+00
3.433765963020822909e+01,0.000000000000000000e+00,0.000000000000000000e+00
3.730343672592074711e+01,0.000000000000000000e+00,0.000000000000000000e+00
3.244150764522412089e+01,0.000000000000000000e+00,0.000000000000000000e+00
3.477857000776596408e+01,0.000000000000000000e+00,0.000000000000000000e+00
3.584275819834265064e+01,0.000000000000000000e+00,0.000000000000000000e+00
3.466785462912825722e+01,0.000000000000000000e+00,0.000000000000000000e+00
3.172274986706770150e+01,0.000000000000000000e+00,0.000000000000000000e+00
3.520256402291275322e+01,0.000000000000000000e+00,0.000000000000000000e+00
3.115284903761505220e+01,0.000000000000000000e+00,0.000000000000000000e+00
3.738241170303075478e+01,0.000000000000000000e+00,0.000000000000000000e+00
3.500262404694710483e+01,0.000000000000000000e+00,0.000000000000000000e+00
3.333837506827622832e+01,0.000000000000000000e+00,0.000000000000000000e+00
3.650882746474108131e+01,0.000000000000000000e+00,0.000000000000000000e+00
3.936541740975694381e+01,0.000000000000000000e+00,0.000000000000000000e+00
3.033392159222532314e+01,0.000000000000000000e+00,0.000000000000000000e+00
3.493600105115354637e+01,0.000000000000000000e+00,0.000000000000000000e+00
3.572185266699953132e+01,0.000000000000000000e+00,0.000000000000000000e+00
3.347601387748149904e+01,0.000000000000000000e+00,0.000000000000000000e+00
3.571942136139870172e+01,0.000000000000000000e+00,0.000000000000000000e+00
3.372422638821415575e+01,0.000000000000000000e+00,0.000000000000000000e+00
3.171935060420926078e+01,0.000000000000000000e+00,0.000000000000000000e+00
3.385900243269795595e+01,0.000000000000000000e+00,0.000000000000000000e+00
3.617712407158486343e+01,0.000000000000000000e+00,0.000000000000000000e+00
3.710623521775898581e+01,0.000000000000000000e+00,0.000000000000000000e+00
3.597900906427847900e+01,0.000000000000000000e+00,0.000000000000000000e+00
3.519426612528680920e+01,0.000000000000000000e+00,0.000000000000000000e+00
3.259277933660759174e+01,0.000000000000000000e+00,0.000000000000000000e+00
3.529617501033205684e+01,0.000000000000000000e+00,0.000000000000000000e+00
3.447454705717969148e+01,0.000000000000000000e+00,0.000000000000000000e+00
3.735876950314417400e+01,0.000000000000000000e+00,0.000000000000000000e+00
3.367724044299778541e+01,0.000000000000000000e+00,0.000000000000000000e+00
3.469974004834763548e+01,0.000000000000000000e+00,0.000000000000000000e+00
3.623814966909687740e+01,0.000000000000000000e+00,0.000000000000000000e+00
3.392881266485260738e+01,0.000000000000000000e+00,0.000000000000000000e+00
3.536999072730610294e+01,0.000000000000000000e+00,0.000000000000000000e+00
3.473266045266223756e+01,0.000000000000000000e+00,0.000000000000000000e+00
3.628737214791810572e+01,0.000000000000000000e+00,0.000000000000000000e+00
3.672910349386086892e+01,0.000000000000000000e+00,0.000000000000000000e+00
3.537492162580728206e+01,0.000000000000000000e+00,0.000000000000000000e+00
4.097500791102832096e+01,0.000000000000000000e+00,0.000000000000000000e+00
3.985418608136130558e+01,0.000000000000000000e+00,0.000000000000000000e+00
3.488665264888595630e+01,0.000000000000000000e+00,0.000000000000000000e+00
3.352469261570124104e+01,0.000000000000000000e+00,0.000000000000000000e+00
3.375366412099037206e+01,0.000000000000000000e+00,0.000000000000000000e+00
3.635584664898525631e+01,0.000000000000000000e+00,0.000000000000000000e+00
3.615751999445476628e+01,0.000000000000000000e+00,0.000000000000000000e+00
3.297843984860854505e+01,0.000000000000000000e+00,0.000000000000000000e+00
3.721813690761578641e+01,0.000000000000000000e+00,0.000000000000000000e+00
3.769177085693677753e+01,0.000000000000000000e+00,0.000000000000000000e+00
3.588293861993776801e+01,0.000000000000000000e+00,0.000000000000000000e+00
3.725012912016835287e+01,0.000000000000000000e+00,0.000000000000000000e+00
3.634371833397289464e+01,0.000000000000000000e+00,0.000000000000000000e+00
3.782375492788576565e+01,0.000000000000000000e+00,0.000000000000000000e+00
4.037130262796328850e+01,0.000000000000000000e+00,0.000000000000000000e+00
3.807241579097251361e+01,0.000000000000000000e+00,0.000000000000000000e+00
3.601897777134438172e+01,0.000000000000000000e+00,0.000000000000000000e+00
3.747277130513401033e+01,0.000000000000000000e+00,0.000000000000000000e+00
3.564376442637900766e+01,0.000000000000000000e+00,0.000000000000000000e+00
3.793347268039039477e+01,0.000000000000000000e+00,0.000000000000000000e+00
3.722084258138316670e+01,0.000000000000000000e+00,0.000000000000000000e+00
4.286643768958334277e+01,0.000000000000000000e+00,0.000000000000000000e+00
3.565718526900939622e+01,0.000000000000000000e+00,0.000000000000000000e+00
3.925796588157101752e+01,0.000000000000000000e+00,0.000000000000000000e+00
3.792312331494206035e+01,0.000000000000000000e+00,0.000000000000000000e+00
3.857078303052507096e+01,0.000000000000000000e+00,0.000000000000000000e+00
3.472417077713753031e+01,0.000000000000000000e+00,0.000000000000000000e+00
4.080470744614594736e+01,0.000000000000000000e+00,0.000000000000000000e+00
3.931530055436854099e+01,0.000000000000000000e+00,0.000000000000000000e+00
3.657424088898106618e+01,0.000000000000000000e+00,0.000000000000000000e+00
3.868663011718270184e+01,0.000000000000000000e+00,0.000000000000000000e+00
3.816696516432280362e+01,0.000000000000000000e+00,0.000000000000000000e+00
3.790967049006927425e+01,0.000000000000000000e+00,0.000000000000000000e+00
3.668625605666437650e+01,0.000000000000000000e+00,0.000000000000000000e+00
3.592222761042489765e+01,0.000000000000000000e+00,0.000000000000000000e+00
3.316683308824288900e+01,0.000000000000000000e+00,0.000000000000000000e+00
4.058261450009469229e+01,0.000000000000000000e+00,0.000000000000000000e+00
3.951018591296161020e+01,0.000000000000000000e+00,0.000000000000000000e+00
3.985238107039364763e+01,0.000000000000000000e+00,0.000000000000000000e+00
4.002916373556782759e+01,0.000000000000000000e+00,0.000000000000000000e+00
4.057592562255266699e+01,0.000000000000000000e+00,0.000000000000000000e+00
4.239657566174530956e+01,0.000000000000000000e+00,0.000000000000000000e+00
4.065928142744893137e+01,0.000000000000000000e+00,0.000000000000000000e+00
3.636381921268687734e+01,0.000000000000000000e+00,0.000000000000000000e+00
3.910029435592432634e+01,0.000000000000000000e+00,0.000000000000000000e+00
3.882562152047626114e+01,0.000000000000000000e+00,0.000000000000000000e+00
3.795735587958778012e+01,0.000000000000000000e+00,0.000000000000000000e+00
4.032059206668636619e+01,0.000000000000000000e+00,0.000000000000000000e+00
3.733324029831263147e+01,0.000000000000000000e+00,0.000000000000000000e+00
3.910565814113029148e+01,0.000000000000000000e+00,0.000000000000000000e+00
3.871105756678992549e+01,0.000000000000000000e+00,0.000000000000000000e+00
3.776710271707465694e+01,0.000000000000000000e+00,0.000000000000000000e+00
3.991754992485743969e+01,0.000000000000000000e+00,0.000000000000000000e+00
4.232158968271859578e+01,0.000000000000000000e+00,0.000000000000000000e+00
4.260504476327571410e+01,0.000000000000000000e+00,0.000000000000000000e+00
3.790335315906421698e+01,0.000000000000000000e+00,0.000000000000000000e+00
3.858283733360611478e+01,0.000000000000000000e+00,0.000000000000000000e+00
4.333925274798844640e+01,0.000000000000000000e+00,0.000000000000000000e+00
4.119103427978212295e+01,0.000000000000000000e+00,0.000000000000000000e+00
4.257722662162342431e+01,0.000000000000000000e+00,0.000000000000000000e+00
4.305634124757359160e+01,0.000000000000000000e+00,0.000000000000000000e+00
4.152658785414139686e+01,0.000000000000000000e+00,0.000000000000000000e+00
3.971083032576314054e+01,0.000000000000000000e+00,0.000000000000000000e+00
3.779297014811190536e+01,0.000000000000000000e+00,0.000000000000000000e+00
3.610325825950702949e+01,0.000000000000000000e+00,0.000000000000000000e+00
4.320885973724519147e+01,0.000000000000000000e+00,0.000000000000000000e+00
4.013254205692233967e+01,0.000000000000000000e+00,0.000000000000000000e+00
4.333384507558282905e+01,0.000000000000000000e+00,0.000000000000000000e+00
3.737563586173445174e+01,0.000000000000000000e+00,0.000000000000000000e+00
3.520537038117020501e+01,0.000000000000000000e+00,0.000000000000000000e+00
4.103194843010059145e+01,0.000000000000000000e+00,0.000000000000000000e+00
4.058053778527236233e+01,0.000000000000000000e+00,0.000000000000000000e+00
4.240572306821222526e+01,0.000000000000000000e+00,0.000000000000000000e+00
3.939165568479701562e+01,0.000000000000000000e+00,0.000000000000000000e+00
4.320675874118123261e+01,0.000000000000000000e+00,0.000000000000000000e+00
3.927728095840057421e+01,0.000000000000000000e+00,0.000000000000000000e+00
4.310634709257343644e+01,0.000000000000000000e+00,0.000000000000000000e+00
4.140880187291368486e+01,0.000000000000000000e+00,0.000000000000000000e+00
4.448381584175868397e+01,0.000000000000000000e+00,0.000000000000000000e+00
4.261172348575907876e+01,0.000000000000000000e+00,0.000000000000000000e+00
4.055040771238074626e+01,0.000000000000000000e+00,0.000000000000000000e+00
4.180461202632196205e+01,0.000000000000000000e+00,0.000000000000000000e+00
4.155993071210234291e+01,0.000000000000000000e+00,0.000000000000000000e+00
4.128135107094368550e+01,0.000000000000000000e+00,0.000000000000000000e+00
4.379684095719333925e+01,0.000000000000000000e+00,0.000000000000000000e+00
4.529194801631354750e+01,0.000000000000000000e+00,0.000000000000000000e+00
4.314267660126886739e+01,0.000000000000000000e+00,0.000000000000000000e+00
4.601849693483720216e+01,0.000000000000000000e+00,0.000000000000000000e+00
3.900218068072999245e+01,0.000000000000000000e+00,0.000000000000000000e+00
4.256717348580200166e+01,0.000000000000000000e+00,0.000000000000000000e+00
3.887905286711565367e+01,0.000000000000000000e+00,0.000000000000000000e+00
4.383506003174608168e+01,0.000000000000000000e+00,0.000000000000000000e+00
4.029159565593668191e+01,0.000000000000000000e+00,0.000000000000000000e+00
4.344777627381938601e+01,0.000000000000000000e+00,0.000000000000000000e+00
4.424342517823672694e+01,0.000000000000000000e+00,0.000000000000000000e+00
4.497859869108820874e+01,0.000000000000000000e+00,0.000000000000000000e+00
4.514963513375988668e+01,0.000000000000000000e+00,0.000000000000000000e+00
4.520370289498278993e+01,0.000000000000000000e+00,0.000000000000000000e+00
3.981444721393858543e+01,0.000000000000000000e+00,0.000000000000000000e+00
4.212084048194335395e+01,0.000000000000000000e+00,0.000000000000000000e+00
4.291801434262311687e+01,0.000000000000000000e+00,0.000000000000000000e+00
4.101478235426241525e+01,0.000000000000000000e+00,0.000000000000000000e+00
4.138096060527659148e+01,0.000000000000000000e+00,0.000000000000000000e+00
4.754602956762212784e+01,0.000000000000000000e+00,0.000000000000000000e+00
4.657959948414433882e+01,0.000000000000000000e+00,0.000000000000000000e+00
4.405210656033718664e+01,0.000000000000000000e+00,0.000000000000000000e+00
4.504491159529584365e+01,0.000000000000000000e+00,0.000000000000000000e+00
4.606251146743392866e+01,0.000000000000000000e+00,0.000000000000000000e+00
4.784079788472058681e+01,0.000000000000000000e+00,0.000000000000000000e+00
4.707726207484668635e+01,0.000000000000000000e+00,0.000000000000000000e+00
4.765809377752081133e+01,0.000000000000000000e+00,0.000000000000000000e+00
4.337097059926905729e+01,0.000000000000000000e+00,0.000000000000000000e+00
4.545000913075206483e+01,0.000000000000000000e+00,0.000000000000000000e+00
4.799483038834532778e+01,0.000000000000000000e+00,0.000000000000000000e+00
4.531104571813124693e+01,0.000000000000000000e+00,0.000000000000000000e+00
4.605501443762118186e+01,0.000000000000000000e+00,0.000000000000000000e+00
4.530647277205406454e+01,0.000000000000000000e+00,0.000000000000000000e+00
4.582995029951557342e+01,0.000000000000000000e+00,0.000000000000000000e+00
4.588822659166505247e+01,0.000000000000000000e+00,0.000000000000000000e+00
4.306647825391608819e+01,0.000000000000000000e+00,0.000000000000000000e+00
4.488167615383313347e+01,0.000000000000000000e+00,0.000000000000000000e+00
4.707510380446817067e+01,0.000000000000000000e+00,0.000000000000000000e+00
4.793524241016172738e+01,0.000000000000000000e+00,0.000000000000000000e+00
4.601427530370292374e+01,0.000000000000000000e+00,0.000000000000000000e+00
4.425908800835460966e+01,0.000000000000000000e+00,0.000000000000000000e+00
4.555577899870568359e+01,0.000000000000000000e+00,0.000000000000000000e+00
4.617613558463373380e+01,0.000000000000000000e+00,0.000000000000000000e+00
4.673039668127121615e+01,0.000000000000000000e+00,0.000000000000000000e+00
4.687632681419360381e+01,0.000000000000000000e+00,0.000000000000000000e+00
4.508082695299670917e+01,0.000000000000000000e+00,0.000000000000000000e+00
4.935168306316218434e+01,0.000000000000000000e+00,0.000000000000000000e+00
4.669526315611010858e+01,0.000000000000000000e+00,0.000000000000000000e+00
4.478787009968348087e+01,0.000000000000000000e+00,0.000000000000000000e+00
4.285361067218617848e+01,0.000000000000000000e+00,0.000000000000000000e+00
4.664439797538108934e+01,0.000000000000000000e+00,0.000000000000000000e+00
4.553753373419527151e+01,0.000000000000000000e+00,0.000000000000000000e+00
4.611523970866167588e+01,0.000000000000000000e+00,0.000000000000000000e+00
4.648479732168733136e+01,0.000000000000000000e+00,0.000000000000000000e+00
4.694987582014765337e+01,0.000000000000000000e+00,0.000000000000000000e+00
5.002316159521654271e+01,0.000000000000000000e+00,0.000000000000000000e+00
4.357623172645610055e+01,0.000000000000000000e+00,0.000000000000000000e+00
4.609773036114707168e+01,0.000000000000000000e+00,0.000000000000000000e+00
4.641779749431828606e+01,0.000000000000000000e+00,0.000000000000000000e+00
4.703207707362953016e+01,0.000000000000000000e+00,0.000000000000000000e+00
4.542822147473236782e+01,0.000000000000000000e+00,0.000000000000000000e+00
4.666870654626266202e+01,0.000000000000000000e+00,0.000000000000000000e+00
4.653649845603121094e+01,0.000000000000000000e+00,0.000000000000000000e+00
4.671140205361015774e+01,0.000000000000000000e+00,0.000000000000000000e+00
4.822179764598300977e+01,0.000000000000000000e+00,0.000000000000000000e+00
4.832713130999758278e+01,0.000000000000000000e+00,0.000000000000000000e+00
4.806713305911024037e+01,0.000000000000000000e+00,0.000000000000000000e+00
4.772278852487221457e+01,0.000000000000000000e+00,0.000000000000000000e+00
4.840322557383926494e+01,0.000000000000000000e+00,0.000000000000000000e+00
4.550169807575808534e+01,0.000000000000000000e+00,0.000000000000000000e+00
4.977309511252711616e+01,0.000000000000000000e+00,0.000000000000000000e+00
5.295545403536852547e+01,0.000000000000000000e+00,0.000000000000000000e+00
4.699847207371284696e+01,0.000000000000000000e+00,0.000000000000000000e+00
4.886612406482630178e+01,0.000000000000000000e+00,0.000000000000000000e+00
4.913545741980199466e+01,0.000000000000000000e+00,0.000000000000000000e+00
4.732218281400353987e+01,0.000000000000000000e+00,0.000000000000000000e+00
4.929045205415176412e+01,0.000000000000000000e+00,0.000000000000000000e+00
4.857606584864703336e+01,0.000000000000000000e+00,0.000000000000000000e+00
5.192196485142256535e+01,0.000000000000000000e+00,0.000000000000000000e+00
5.091239979325213483e+01,0.000000000000000000e+00,0.000000000000000000e+00
5.084981998587910823e+01,0.000000000000000000e+00,0.000000000000000000e+00
4.850619093397808967e+01,0.000000000000000000e+00,0.000000000000000000e+00
4.909410166861937341e+01,0.000000000000000000e+00,0.000000000000000000e+00
5.204259160195308453e+01,0.000000000000000000e+00,0.000000000000000000e+00
4.835983998171910514e+01,0.000000000000000000e+00,0.000000000000000000e+00
4.881762403901134206e+01,0.000000000000000000e+00,0.000000000000000000e+00
4.795498305935867478e+01,0.000000000000000000e+00,0.000000000000000000e+00
5.483183129512674725e+01,0.000000000000000000e+00,0.000000000000000000e+00
4.955956122646864515e+01,0.000000000000000000e+00,0.000000000000000000e+00
5.376669123904486014e+01,0.000000000000000000e+00,0.000000000000000000e+00
4.941858578928666645e+01,0.000000000000000000e+00,0.000000000000000000e+00
4.895994211639601446e+01,0.000000000000000000e+00,0.000000000000000000e+00
4.844343769179631920e+01,0.000000000000000000e+00,0.000000000000000000e+00
5.018529425300238245e+01,0.000000000000000000e+00,0.000000000000000000e+00
5.017888071261819505e+01,0.000000000000000000e+00,0.000000000000000000e+00
4.666072032692761695e+01,0.000000000000000000e+00,0.000000000000000000e+00
5.176864424200064008e+01,0.000000000000000000e+00,0.000000000000000000e+00
5.222505756759569806e+01,0.000000000000000000e+00,0.000000000000000000e+00
5.102393228620774579e+01,0.000000000000000000e+00,0.000000000000000000e+00
5.107735221782321844e+01,0.000000000000000000e+00,0.000000000000000000e+00
5.472043382415436952e+01,0.000000000000000000e+00,0.000000000000000000e+00
4.987526100936390350e+01,0.000000000000000000e+00,0.000000000000000000e+00
4.964056161798679057e+01,0.000000000000000000e+00,0.000000000000000000e+00
5.209747090561905480e+01,0.000000000000000000e+00,0.000000000000000000e+00
4.832120935357141178e+01,0.000000000000000000e+00,0.000000000000000000e+00
4.972739725111163978e+01,0.000000000000000000e+00,0.000000000000000000e+00
4.907038152368463102e+01,0.000000000000000000e+00,0.000000000000000000e+00
5.134194444460567297e+01,0.000000000000000000e+00,0.000000000000000000e+00
5.268827446509317269e+01,0.000000000000000000e+00,0.000000000000000000e+00
5.122738099754619157e+01,0.000000000000000000e+00,0.000000000000000000e+00
4.789389509379297749e+01,0.000000000000000000e+00,0.000000000000000000e+00
5.709477049277037963e+01,0.000000000000000000e+00,0.000000000000000000e+00
5.007533035587524495e+01,0.000000000000000000e+00,0.000000000000000000e+00
5.367249942113905803e+01,0.000000000000000000e+00,0.000000000000000000e+00
5.335847209319487661e+01,0.000000000000000000e+00,0.000000000000000000e+00
5.264143957454864164e+01,0.000000000000000000e+00,0.000000000000000000e+00
4.826739559773068322e+01,0.000000000000000000e+00,0.000000000000000000e+00
5.277883704522940178e+01,0.000000000000000000e+00,0.000000000000000000e+00
4.873913693086443288e+01,0.000000000000000000e+00,0.000000000000000000e+00
5.282356941827823960e+01,0.000000000000000000e+00,0.000000000000000000e+00
5.142128247569691268e+01,0.000000000000000000e+00,0.000000000000000000e+00
4.967043764815839069e+01,0.000000000000000000e+00,0.000000000000000000e+00
5.389387264637747421e+01,0.000000000000000000e+00,0.000000000000000000e+00
5.522990022863999826e+01,0.000000000000000000e+00,0.000000000000000000e+00
5.262742576331773137e+01,0.000000000000000000e+00,0.000000000000000000e+00
5.609422818261602117e+01,0.000000000000000000e+00,0.000000000000000000e+00
5.304646616245306490e+01,0.000000000000000000e+00,0.000000000000000000e+00
5.186907873364306454e+01,0.000000000000000000e+00,0.000000000000000000e+00
5.291005359191514401e+01,0.000000000000000000e+00,0.000000000000000000e+00
5.147275942491410916e+01,0.000000000000000000e+00,0.000000000000000000e+00
5.146400285761901472e+01,0.000000000000000000e+00,0.000000000000000000e+00
5.786303849770292373e+01,0.000000000000000000e+00,0.000000000000000000e+00
5.084613107106705598e+01,0.000000000000000000e+00,0.000000000000000000e+00
5.249713272983859014e+01,0.000000000000000000e+00,0.000000000000000000e+00
5.436486308147162561e+01,0.000000000000000000e+00,0.000000000000000000e+00
5.394369741038236299e+01,0.000000000000000000e+00,0.000000000000000000e+00
4.961040382547098915e+01,0.000000000000000000e+00,0.000000000000000000e+00
5.843845242065194867e+01,0.000000000000000000e+00,0.000000000000000000e+00
5.165553103181891714e+01,0.000000000000000000e+00,0.000000000000000000e+00
5.262502267084681051e+01,0.000000000000000000e+00,0.000000000000000000e+00
5.425737588785450072e+01,0.000000000000000000e+00,0.000000000000000000e+00
5.165529488279768344e+01,0.000000000000000000e+00,0.000000000000000000e+00
5.172303077777095126e+01,0.000000000000000000e+00,0.000000000000000000e+00
5.647957533284695586e+01,0.000000000000000000e+00,0.000000000000000000e+00
5.495116446218488448e+01,0.000000000000000000e+00,0.000000000000000000e+00
5.293842281247841441e+01,0.000000000000000000e+00,0.000000000000000000e+00
5.348099935445951303e+01,0.000000000000000000e+00,0.000000000000000000e+00
5.378351742718487571e+01,0.000000000000000000e+00,0.000000000000000000e+00
5.352152757423728957e+01,0.000000000000000000e+00,0.000000000000000000e+00
5.318307377691148474e+01,0.000000000000000000e+00,0.000000000000000000e+00
5.392179755002560881e+01,0.000000000000000000e+00,0.000000000000000000e+00
5.371864151733570480e+01,0.000000000000000000e+00,0.000000000000000000e+00
5.455258876501676468e+01,0.000000000000000000e+00,0.000000000000000000e+00
5.566180442087216562e+01,0.000000000000000000e+00,0.000000000000000000e+00
5.453789728341340037e+01,0.000000000000000000e+00,0.000000000000000000e+00
5.457901390531888097e+01,0.000000000000000000e+00,0.000000000000000000e+00
5.557636016890399588e+01,0.000000000000000000e+00,0.000000000000000000e+00
5.410828343165777454e+01,0.000000000000000000e+00,0.000000000000000000e+00
5.851824197640044645e+01,0.000000000000000000e+00,0.000000000000000000e+00
5.431326519593198299e+01,0.000000000000000000e+00,0.000000000000000000e+00
5.657814836521278323e+01,0.000000000000000000e+00,0.000000000000000000e+00
5.486296455743765677e+01,0.000000000000000000e+00,0.000000000000000000e+00
5.416728997041871452e+01,0.000000000000000000e+00,0.000000000000000000e+00
5.429302930562688800e+01,0.000000000000000000e+00,0.000000000000000000e+00
5.690813474630090241e+01,0.000000000000000000e+00,0.000000000000000000e+00
5.679689051669588196e+01,0.000000000000000000e+00,0.000000000000000000e+00
5.675240613918929711e+01,0.000000000000000000e+00,0.000000000000000000e+00
5.566169178549353802e+01,0.000000000000000000e+00,0.000000000000000000e+00
5.731580256554499186e+01,0.000000000000000000e+00,0.000000000000000000e+00
5.769411911985150709e+01,0.000000000000000000e+00,0.000000000000000000e+00
5.750581372574824712e+01,0.000000000000000000e+00,0.000000000000000000e+00
5.920979803532109997e+01,0.000000000000000000e+00,0.000000000000000000e+00
5.711459091226775087e+01,0.000000000000000000e+00,0.000000000000000000e+00
5.783432150420547657e+01,0.000000000000000000e+00,0.000000000000000000e+00
5.607123299703015107e+01,0.000000000000000000e+00,0.000000000000000000e+00
5.741292745357177552e+01,0.000000000000000000e+00,0.000000000000000000e+00
5.427850904601061188e+01,0.000000000000000000e+00,0.000000000000000000e+00
5.689040993318324979e+01,0.000000000000000000e+00,0.000000000000000000e+00
5.791851796922227891e+01,0.000000000000000000e+00,0.000000000000000000e+00
5.994759202857213154e+01,0.000000000000000000e+00,0.000000000000000000e+00
5.617583009501687030e+01,0.000000000000000000e+00,0.000000000000000000e+00
5.776440769903593520e+01,0.000000000000000000e+00,0.000000000000000000e+00
5.813617914766005157e+01,0.000000000000000000e+00,0.000000000000000000e+00
5.729019841900763765e+01,0.000000000000000000e+00,0.000000000000000000e+00
6.020887175558094384e+01,0.000000000000000000e+00,0.000000000000000000e+00
5.743720613109613993e+01,0.000000000000000000e+00,0.000000000000000000e+00
5.650008511073037454e+01,0.000000000000000000e+00,0.000000000000000000e+00
5.505079143739739322e+01,0.000000000000000000e+00,0.000000000000000000e+00
5.812018481308302142e+01,0.000000000000000000e+00,0.000000000000000000e+00
5.712486851688255740e+01,0.000000000000000000e+00,0.000000000000000000e+00
5.792661577753508340e+01,0.000000000000000000e+00,0.000000000000000000e+00
6.011712461095617499e+01,0.000000000000000000e+00,0.000000000000000000e+00
5.868423089584292995e+01,0.000000000000000000e+00,0.000000000000000000e+00
6.009485003412508064e+01,0.000000000000000000e+00,0.000000000000000000e+00
5.642279184722192298e+01,0.000000000000000000e+00,0.000000000000000000e+00
5.562401392216547436e+01,0.000000000000000000e+00,0.000000000000000000e+00
5.886811078433263589e+01,0.000000000000000000e+00,0.000000000000000000e+00
5.994241461740223542e+01,0.000000000000000000e+00,0.000000000000000000e+00
5.827882556728774688e+01,0.000000000000000000e+00,0.000000000000000000e+00
5.750609719190850200e+01,0.000000000000000000e+00,0.000000000000000000e+00
5.381993666271256416e+01,0.000000000000000000e+00,0.000000000000000000e+00
6.063927343618134813e+01,0.000000000000000000e+00,0.000000000000000000e+00
5.859689241372626611e+01,0.000000000000000000e+00,0.000000000000000000e+00
5.829742660969476020e+01,0.000000000000000000e+00,0.000000000000000000e+00
5.233477978271915987e+01,0.000000000000000000e+00,0.000000000000000000e+00
5.701585861172666370e+01,0.000000000000000000e+00,0.000000000000000000e+00
6.044895015738396182e+01,0.000000000000000000e+00,0.000000000000000000e+00
6.074427911147761705e+01,0.000000000000000000e+00,0.000000000000000000e+00
5.868374382753790997e+01,0.000000000000000000e+00,0.000000000000000000e+00
5.979011822840912771e+01,0.000000000000000000e+00,0.000000000000000000e+00
5.997471322765968438e+01,0.000000000000000000e+00,0.000000000000000000e+00
6.110734393376348095e+01,0.000000000000000000e+00,0.000000000000000000e+00
6.188169795607952750e+01,0.000000000000000000e+00,0.000000000000000000e+00
6.181684319079530354e+01,0.000000000000000000e+00,0.000000000000000000e+00
6.219712014559563329e+01,0.000000000000000000e+00,0.000000000000000000e+00
6.113588754988277429e+01,0.000000000000000000e+00,0.000000000000000000e+00
5.847997501477438931e+01,0.000000000000000000e+00,0.000000000000000000e+00
5.498428546223970415e+01,0.000000000000000000e+00,0.000000000000000000e+00
5.904104622624836196e+01,0.000000000000000000e+00,0.000000000000000000e+00
5.703493930682650870e+01,0.000000000000000000e+00,0.000000000000000000e+00
6.060464799794973345e+01,0.000000000000000000e+00,0.000000000000000000e+00
5.724263467691432083e+01,0.000000000000000000e+00,0.000000000000000000e+00
6.120310160631256480e+01,0.000000000000000000e+00,0.000000000000000000e+00
5.615723257753118958e+01,0.000000000000000000e+00,0.000000000000000000e+00
6.104707519640851388e+01,0.000000000000000000e+00,0.000000000000000000e+00
5.830091593030837771e+01,0.000000000000000000e+00,0.000000000000000000e+00
6.239257305671784337e+01,0.000000000000000000e+00,0.000000000000000000e+00
6.103070684908075094e+01,0.000000000000000000e+00,0.000000000000000000e+00
6.013645334419889821e+01,0.000000000000000000e+00,0.000000000000000000e+00
6.162600570398912225e+01,0.000000000000000000e+00,0.000000000000000000e+00
6.019598820354151769e+01,0.000000000000000000e+00,0.000000000000000000e+00
5.774127059253853389e+01,0.000000000000000000e+00,0.000000000000000000e+00
6.296936670964154814e+01,0.000000000000000000e+00,0.000000000000000000e+00
6.028825488588639558e+01,0.000000000000000000e+00,0.000000000000000000e+00
6.071023928788378754e+01,0.000000000000000000e+00,0.000000000000000000e+00
6.329116867352588116e+01,0.000000000000000000e+00,0.000000000000000000e+00
6.236224805376596692e+01,0.000000000000000000e+00,0.000000000000000000e+00
6.071412149680629966e+01,0.000000000000000000e+00,0.000000000000000000e+00
6.200529264707917321e+01,0.000000000000000000e+00,0.000000000000000000e+00
6.282907866529409802e+01,0.000000000000000000e+00,0.000000000000000000e+00
5.967160388015621919e+01,0.000000000000000000e+00,0.000000000000000000e+00
6.428616264606505126e+01,0.000000000000000000e+00,0.000000000000000000e+00
6.272957946299761289e+01,0.000000000000000000e+00,0.000000000000000000e+00
6.172324398449096350e+01,0.000000000000000000e+00,0.000000000000000000e+00
6.218848020827511647e+01,0.000000000000000000e+00,0.000000000000000000e+00
6.399813876262338397e+01,0.000000000000000000e+00,0.000000000000000000e+00
6.517854485322628477e+01,0.000000000000000000e+00,0.000000000000000000e+00
6.511354885295642703e+01,0.000000000000000000e+00,0.000000000000000000e+00
6.101454172328413250e+01,0.000000000000000000e+00,0.000000000000000000e+00
6.636048653060458946e+01,0.000000000000000000e+00,0.000000000000000000e+00
6.186539857158987843e+01,0.000000000000000000e+00,0.000000000000000000e+00
6.333850048739537897e+01,0.000000000000000000e+00,0.000000000000000000e+00
6.085634349229645323e+01,0.000000000000000000e+00,0.000000000000000000e+00
6.024075399033448974e+01,0.000000000000000000e+00,0.000000000000000000e+00
6.156012328529695310e+01,0.000000000000000000e+00,0.000000000000000000e+00
5.918685059702009710e+01,0.000000000000000000e+00,0.000000000000000000e+00
6.087448821895595330e+01,0.000000000000000000e+00,0.000000000000000000e+00
6.360377528471229880e+01,0.000000000000000000e+00,0.000000000000000000e+00
6.433117318829289388e+01,0.000000000000000000e+00,0.000000000000000000e+00
5.901470074340447525e+01,0.000000000000000000e+00,0.000000000000000000e+00
6.332317712058142689e+01,0.000000000000000000e+00,0.000000000000000000e+00
6.534278770509708067e+01,0.000000000000000000e+00,0.000000000000000000e+00
6.393143400436068191e+01,0.000000000000000000e+00,0.000000000000000000e+00
6.467638225124296980e+01,0.000000000000000000e+00,0.000000000000000000e+00
6.480131856218091002e+01,0.000000000000000000e+00,0.000000000000000000e+00
6.046735742675411984e+01,0.000000000000000000e+00,0.000000000000000000e+00
6.467184949328937194e+01,0.000000000000000000e+00,0.000000000000000000e+00
6.056715165519141664e+01,0.000000000000000000e+00,0.000000000000000000e+00
6.097404634307442706e+01,0.000000000000000000e+00,0.000000000000000000e+00
6.634743345762392153e+01,0.000000000000000000e+00,0.000000000000000000e+00
6.318954857551833726e+01,0.000000000000000000e+00,0.000000000000000000e+00
6.682784465968359200e+01,0.000000000000000000e+00,0.000000000000000000e+00
6.625953782821727600e+01,0.000000000000000000e+00,0.000000000000000000e+00
6.662844860398564606e+01,0.000000000000000000e+00,0.000000000000000000e+00
6.108981131171442769e+01,0.000000000000000000e+00,0.000000000000000000e+00
6.680483803759626937e+01,0.000000000000000000e+00,0.000000000000000000e+00
6.172327533384828513e+01,0.000000000000000000e+00,0.000000000000000000e+00
6.278790429504271486e+01,0.000000000000000000e+00,0.000000000000000000e+00
6.531306296698984681e+01,0.000000000000000000e+00,0.000000000000000000e+00
6.225325445589022877e+01,0.000000000000000000e+00,0.000000000000000000e+00
6.334120266175708736e+01,0.000000000000000000e+00,0.000000000000000000e+00
6.475579382689035413e+01,0.000000000000000000e+00,0.000000000000000000e+00
6.928948497748287139e+01,0.000000000000000000e+00,0.000000000000000000e+00
6.182173896877279162e+01,0.000000000000000000e+00,0.000000000000000000e+00
6.673468794384724845e+01,0.000000000000000000e+00,0.000000000000000000e+00
6.322467641276107031e+01,0.000000000000000000e+00,0.000000000000000000e+00
6.312698183147010411e+01,0.000000000000000000e+00,0.000000000000000000e+00
6.504594362244245076e+01,0.000000000000000000e+00,0.000000000000000000e+00
6.502534071287448114e+01,0.000000000000000000e+00,0.000000000000000000e+00
6.853500532812205392e+01,0.000000000000000000e+00,0.000000000000000000e+00
6.242129938464795913e+01,0.000000000000000000e+00,0.000000000000000000e+00
6.492282960519288793e+01,0.000000000000000000e+00,0.000000000000000000e+00
6.639384401519012613e+01,0.000000000000000000e+00,0.000000000000000000e+00
6.644772961152662560e+01,0.000000000000000000e+00,0.000000000000000000e+00
6.712148136191392211e+01,0.000000000000000000e+00,0.000000000000000000e+00
6.641062092666469141e+01,0.000000000000000000e+00,0.000000000000000000e+00
6.474254892566457897e+01,0.000000000000000000e+00,0.000000000000000000e+00
6.795751149013928227e+01,0.000000000000000000e+00,0.000000000000000000e+00
6.412650678040449748e+01,0.000000000000000000e+00,0.000000000000000000e+00
6.667686843146864817e+01,0.000000000000000000e+00,0.000000000000000000e+00
7.026683824721260407e+01,0.000000000000000000e+00,0.000000000000000000e+00
6.537141146185224727e+01,0.000000000000000000e+00,0.000000000000000000e+00
6.513818022861060797e+01,0.000000000000000000e+00,0.000000000000000000e+00
6.641085278807838677e+01,0.000000000000000000e+00,0.000000000000000000e+00
6.341233958809731774e+01,0.000000000000000000e+00,0.000000000000000000e+00
6.728132110750426875e+01,0.000000000000000000e+00,0.000000000000000000e+00
6.616538594335020207e+01,0.000000000000000000e+00,0.000000000000000000e+00
6.542404647786410976e+01,0.000000000000000000e+00,0.000000000000000000e+00
6.891967150341287152e+01,0.000000000000000000e+00,0.000000000000000000e+00
6.539239415264427180e+01,0.000000000000000000e+00,0.000000000000000000e+00
6.791438699384566746e+01,0.000000000000000000e+00,0.000000000000000000e+00
6.575685530780786792e+01,0.000000000000000000e+00,0.000000000000000000e+00
6.822498901033182506e+01,0.000000000000000000e+00,0.000000000000000000e+00
6.576228218251327462e+01,0.000000000000000000e+00,0.000000000000000000e+00
6.926908782363899775e+01,0.000000000000000000e+00,0.000000000000000000e+00
6.194186022639635070e+01,0.000000000000000000e+00,0.000000000000000000e+00
6.729028722098955484e+01,0.000000000000000000e+00,0.000000000000000000e+00
6.986243584957846053e+01,0.000000000000000000e+00,0.000000000000000000e+00
7.083117650280105693e+01,0.000000000000000000e+00,0.000000000000000000e+00
6.492567251614717350e+01,0.000000000000000000e+00,0.000000000000000000e+00
6.924538199040863162e+01,0.000000000000000000e+00,0.000000000000000000e+00
6.323055579380235969e+01,0.000000000000000000e+00,0.000000000000000000e+00
7.368544829549824726e+01,0.000000000000000000e+00,0.000000000000000000e+00
7.215993472667096853e+01,0.000000000000000000e+00,0.000000000000000000e+00
6.763329159820895597e+01,0.000000000000000000e+00,0.000000000000000000e+00
6.717155009093133344e+01,0.000000000000000000e+00,0.000000000000000000e+00
6.991213752148965455e+01,0.000000000000000000e+00,0.000000000000000000e+00
7.113616885906016307e+01,0.000000000000000000e+00,0.000000000000000000e+00
6.817451693856183681e+01,0.000000000000000000e+00,0.000000000000000000e+00
7.045275247819432707e+01,0.000000000000000000e+00,0.000000000000000000e+00
7.010580190327075911e+01,0.000000000000000000e+00,0.000000000000000000e+00
6.822564047818889321e+01,0.000000000000000000e+00,0.000000000000000000e+00
7.098617236058221636e+01,0.000000000000000000e+00,0.000000000000000000e+00
6.700056706096296466e+01,0.000000000000000000e+00,0.000000000000000000e+00
6.807777145906696603e+01,0.000000000000000000e+00,0.000000000000000000e+00
6.798682005409824569e+01,0.000000000000000000e+00,0.000000000000000000e+00
6.853829144113826999e+01,0.000000000000000000e+00,0.000000000000000000e+00
6.970519344735257050e+01,0.000000000000000000e+00,0.000000000000000000e+00
6.833369361470266767e+01,0.000000000000000000e+00,0.000000000000000000e+00
6.929725318692665326e+01,0.000000000000000000e+00,0.000000000000000000e+00
6.498491478413211553e+01,0.000000000000000000e+00,0.000000000000000000e+00
6.813203623801526021e+01,0.000000000000000000e+00,0.000000000000000000e+00
7.036303932463262356e+01,0.000000000000000000e+00,0.000000000000000000e+00
6.893801691624084071e+01,0.000000000000000000e+00,0.000000000000000000e+00
6.894188779248531773e+01,0.000000000000000000e+00,0.000000000000000000e+00
6.912060018920976745e+01,0.000000000000000000e+00,0.000000000000000000e+00
6.948757525120844036e+01,0.000000000000000000e+00,0.000000000000000000e+00
6.758020735555972180e+01,0.000000000000000000e+00,0.000000000000000000e+00
6.846995956785146120e+01,0.000000000000000000e+00,0.000000000000000000e+00
7.186508924767242945e+01,0.000000000000000000e+00,0.000000000000000000e+00
7.024296770186019501e+01,0.000000000000000000e+00,0.000000000000000000e+00
6.801013938809435899e+01,0.000000000000000000e+00,0.000000000000000000e+00
6.867510915711638120e+01,0.000000000000000000e+00,0.000000000000000000e+00
6.915779246578506445e+01,0.000000000000000000e+00,0.000000000000000000e+00
7.006456944943529663e+01,0.000000000000000000e+00,0.000000000000000000e+00
7.018975467964732218e+01,0.000000000000000000e+00,0.000000000000000000e+00
6.958047238534696532e+01,0.000000000000000000e+00,0.000000000000000000e+00
7.001940597771321961e+01,0.000000000000000000e+00,0.000000000000000000e+00
6.705984201623047625e+01,0.000000000000000000e+00,0.000000000000000000e+00
7.198508610802241492e+01,0.000000000000000000e+00,0.000000000000000000e+00
6.926602477517117507e+01,0.000000000000000000e+00,0.000000000000000000e+00
7.076730136443710251e+01,0.000000000000000000e+00,0.000000000000000000e+00
6.895217051757273907e+01,0.000000000000000000e+00,0.000000000000000000e+00
6.903313107503277024e+01,0.000000000000000000e+00,0.000000000000000000e+00
6.992922657627191541e+01,0.000000000000000000e+00,0.000000000000000000e+00
7.319125965775729981e+01,0.000000000000000000e+00,0.000000000000000000e+00
7.202970605884203792e+01,0.000000000000000000e+00,0.000000000000000000e+00
7.200676551438863271e+01,0.000000000000000000e+00,0.000000000000000000e+00
7.214036400455056253e+01,0.000000000000000000e+00,0.000000000000000000e+00
6.974326410708097512e+01,0.000000000000000000e+00,0.000000000000000000e+00
6.983797130683348087e+01,0.000000000000000000e+00,0.000000000000000000e+00
7.043636226314824000e+01,0.000000000000000000e+00,0.000000000000000000e+00
7.246446317022821404e+01,0.000000000000000000e+00,0.000000000000000000e+00
7.084646986459492268e+01,0.000000000000000000e+00,0.000000000000000000e+00
7.013918170809468222e+01,0.000000000000000000e+00,0.000000000000000000e+00
7.094746515788514785e+01,0.000000000000000000e+00,0.000000000000000000e+00
7.138372096079679352e+01,0.000000000000000000e+00,0.000000000000000000e+00
7.104111062981741043e+01,0.000000000000000000e+00,0.000000000000000000e+00
6.748497384354560324e+01,0.000000000000000000e+00,0.000000000000000000e+00
6.889963781329477399e+01,0.000000000000000000e+00,0.000000000000000000e+00
6.926100844364918885e+01,0.000000000000000000e+00,0.000000000000000000e+00
7.124131411458675700e+01,0.000000000000000000e+00,0.000000000000000000e+00
7.256459921117287593e+01,0.000000000000000000e+00,0.000000000000000000e+00
7.331997009089907635e+01,0.000000000000000000e+00,0.000000000000000000e+00
7.258774154159874570e+01,0.000000000000000000e+00,0.000000000000000000e+00
7.395531082092118424e+01,0.000000000000000000e+00,0.000000000000000000e+00
7.359044702821373107e+01,0.000000000000000000e+00,0.000000000000000000e+00
7.203992821617406150e+01,0.000000000000000000e+00,0.000000000000000000e+00
7.304407846012354355e+01,0.000000000000000000e+00,0.000000000000000000e+00
7.456776784808057812e+01,0.000000000000000000e+00,0.000000000000000000e+00
7.092657431339668506e+01,0.000000000000000000e+00,0.000000000000000000e+00
7.423021143618200313e+01,0.000000000000000000e+00,0.000000000000000000e+00
7.322139338352980076e+01,0.000000000000000000e+00,0.000000000000000000e+00
7.115869487294470730e+01,0.000000000000000000e+00,0.000000000000000000e+00
6.728125253708346065e+01,0.000000000000000000e+00,0.000000000000000000e+00
7.424472905713548698e+01,0.000000000000000000e+00,0.000000000000000000e+00
7.399110745748971851e+01,0.000000000000000000e+00,0.000000000000000000e+00
7.051093123280865882e+01,0.000000000000000000e+00,0.000000000000000000e+00
7.213012606018365602e+01,0.000000000000000000e+00,0.000000000000000000e+00
7.002683080320832687e+01,0.000000000000000000e+00,0.000000000000000000e+00
7.438943204888211369e+01,0.000000000000000000e+00,0.000000000000000000e+00
7.579005107671262920e+01,0.000000000000000000e+00,0.000000000000000000e+00
7.383597332891709186e+01,0.000000000000000000e+00,0.000000000000000000e+00
7.154147390924249805e+01,0.000000000000000000e+00,0.000000000000000000e+00
7.526514620201102446e+01,0.000000000000000000e+00,0.000000000000000000e+00
6.986555039021764912e+01,0.000000000000000000e+00,0.000000000000000000e+00
7.203795205029226167e+01,0.000000000000000000e+00,0.000000000000000000e+00
7.352385440194564126e+01,0.000000000000000000e+00,0.000000000000000000e+00
7.336599789175829756e+01,0.000000000000000000e+00,0.000000000000000000e+00
7.463044280103414962e+01,0.000000000000000000e+00,0.000000000000000000e+00
7.121692927382457583e+01,0.000000000000000000e+00,0.000000000000000000e+00
7.559110926976227063e+01,0.000000000000000000e+00,0.000000000000000000e+00
7.235185313530898554e+01,0.000000000000000000e+00,0.000000000000000000e+00
7.551647805660685719e+01,0.000000000000000000e+00,0.000000000000000000e+00
7.279806069431940330e+01,0.000000000000000000e+00,0.000000000000000000e+00
7.563002383653065408e+01,0.000000000000000000e+00,0.000000000000000000e+00
7.017332934574334047e+01,0.000000000000000000e+00,0.000000000000000000e+00
7.277405656612553742e+01,0.000000000000000000e+00,0.000000000000000000e+00
7.416799010330385045e+01,0.000000000000000000e+00,0.000000000000000000e+00
7.087698038688148472e+01,0.000000000000000000e+00,0.000000000000000000e+00
7.254591123370126127e+01,0.000000000000000000e+00,0.000000000000000000e+00
7.474970639183214871e+01,0.000000000000000000e+00,0.000000000000000000e+00
7.661306706854689708e+01,0.000000000000000000e+00,0.000000000000000000e+00
7.178434678725788842e+01,0.000000000000000000e+00,0.000000000000000000e+00
7.532126377558125796e+01,0.000000000000000000e+00,0.000000000000000000e+00
7.692530571082016877e+01,0.000000000000000000e+00,0.000000000000000000e+00
7.633964375687280324e+01,0.000000000000000000e+00,0.000000000000000000e+00
7.321470826285144540e+01,0.000000000000000000e+00,0.000000000000000000e+00
7.219095336940522145e+01,0.000000000000000000e+00,0.000000000000000000e+00
7.250300714427483229e+01,0.000000000000000000e+00,0.000000000000000000e+00
7.350785587428035228e+01,0.000000000000000000e+00,0.000000000000000000e+00
7.367191400265465973e+01,0.000000000000000000e+00,0.000000000000000000e+00
7.514743556627981036e+01,0.000000000000000000e+00,0.000000000000000000e+00
7.278752070082563819e+01,0.000000000000000000e+00,0.000000000000000000e+00
7.193276397592308058e+01,0.000000000000000000e+00,0.000000000000000000e+00
7.249438381988693436e+01,0.000000000000000000e+00,0.000000000000000000e+00
7.424691987943063509e+01,0.000000000000000000e+00,0.000000000000000000e+00
7.201869042105244034e+01,0.000000000000000000e+00,0.000000000000000000e+00
6.956309204674526825e+01,0.000000000000000000e+00,0.000000000000000000e+00
7.516519372121751985e+01,0.000000000000000000e+00,0.000000000000000000e+00
7.654434891828950072e+01,0.000000000000000000e+00,0.000000000000000000e+00
7.857365081465390233e+01,0.000000000000000000e+00,0.000000000000000000e+00
7.467079366382577632e+01,0.000000000000000000e+00,0.000000000000000000e+00
7.205748048461853728e+01,0.000000000000000000e+00,0.000000000000000000e+00
7.724209049387135906e+01,0.000000000000000000e+00,0.000000000000000000e+00
7.641033583269381779e+01,0.000000000000000000e+00,0.000000000000000000e+00
7.436826563426122050e+01,0.000000000000000000e+00,0.000000000000000000e+00
7.179237514366914752e+01,0.000000000000000000e+00,0.000000000000000000e+00
7.528391200664371752e+01,0.000000000000000000e+00,0.000000000000000000e+00
7.749887264985927970e+01,0.000000000000000000e+00,0.000000000000000000e+00
7.255858855670288676e+01,0.000000000000000000e+00,0.000000000000000000e+00
7.424023127641501674e+01,0.000000000000000000e+00,0.000000000000000000e+00
7.399300518921864978e+01,0.000000000000000000e+00,0.000000000000000000e+00
7.735169445703526492e+01,0.000000000000000000e+00,0.000000000000000000e+00
7.426811816712917391e+01,0.000000000000000000e+00,0.000000000000000000e+00
7.355192190094663829e+01,0.000000000000000000e+00,0.000000000000000000e+00
7.409764330729058202e+01,0.000000000000000000e+00,0.000000000000000000e+00
7.372656079023342102e+01,0.000000000000000000e+00,0.000000000000000000e+00
7.626290066211164742e+01,0.000000000000000000e+00,0.000000000000000000e+00
7.620679629792053333e+01,0.000000000000000000e+00,0.000000000000000000e+00
7.752750068273722661e+01,0.000000000000000000e+00,0.000000000000000000e+00
7.683918888753731835e+01,0.000000000000000000e+00,0.000000000000000000e+00
7.762667286726950522e+01,0.000000000000000000e+00,0.000000000000000000e+00
7.291285526551365592e+01,0.000000000000000000e+00,0.000000000000000000e+00
7.655985297836754455e+01,0.000000000000000000e+00,0.000000000000000000e+00
7.740407006872104034e+01,0.000000000000000000e+00,0.000000000000000000e+00
7.731341543569884323e+01,0.000000000000000000e+00,0.000000000000000000e+00
7.118019827831336954e+01,0.000000000000000000e+00,0.000000000000000000e+00
7.765633059549074346e+01,0.000000000000000000e+00,0.000000000000000000e+00
7.763395122062172504e+01,0.000000000000000000e+00,0.000000000000000000e+00
7.909149804004546525e+01,0.000000000000000000e+00,0.000000000000000000e+00
7.130755863209225254e+01,0.000000000000000000e+00,0.000000000000000000e+00
7.702375687545074356e+01,0.000000000000000000e+00,0.000000000000000000e+00
7.729901981374520403e+01,0.000000000000000000e+00,0.000000000000000000e+00
7.502178902309032082e+01,0.000000000000000000e+00,0.000000000000000000e+00
7.675975500927670225e+01,0.000000000000000000e+00,0.000000000000000000e+00
7.623173001263907622e+01,0.000000000000000000e+00,0.000000000000000000e+00
7.373335730709729319e+01,0.000000000000000000e+00,0.000000000000000000e+00
7.644327094155710256e+01,0.000000000000000000e+00,0.000000000000000000e+00
7.466615498824518227e+01,0.000000000000000000e+00,0.000000000000000000e+00
7.615591498412011617e+01,0.000000000000000000e+00,0.000000000000000000e+00
7.536039257640845790e+01,0.000000000000000000e+00,0.000000000000000000e+00
7.671354012236655251e+01,0.000000000000000000e+00,0.000000000000000000e+00
7.674681576015329654e+01,0.000000000000000000e+00,0.000000000000000000e+00
7.513725570676574250e+01,0.000000000000000000e+00,0.000000000000000000e+00
7.688103992653397256e+01,0.000000000000000000e+00,0.000000000000000000e+00
7.184617688490776288e+01,0.000000000000000000e+00,0.000000000000000000e+00
7.711704929351246562e+01,0.000000000000000000e+00,0.000000000000000000e+00
7.416268462440579867e+01,0.000000000000000000e+00,0.000000000000000000e+00
7.826170965402127422e+01,0.000000000000000000e+00,0.000000000000000000e+00
7.886744917546630518e+01,0.000000000000000000e+00,0.000000000000000000e+00
8.146349752336095662e+01,0.000000000000000000e+00,0.000000000000000000e+00
7.647302756662547552e+01,0.000000000000000000e+00,0.000000000000000000e+00
7.827363574217888242e+01,0.000000000000000000e+00,0.000000000000000000e+00
7.666609513775411244e+01,0.000000000000000000e+00,0.000000000000000000e+00
7.578296790548688477e+01,0.000000000000000000e+00,0.000000000000000000e+00
7.692847382728301397e+01,0.000000000000000000e+00,0.000000000000000000e+00
7.646968646323892926e+01,0.000000000000000000e+00,0.000000000000000000e+00
7.983664863539418377e+01,0.000000000000000000e+00,0.000000000000000000e+00
7.599973970690614067e+01,0.000000000000000000e+00,0.000000000000000000e+00
7.476126342200920760e+01,0.000000000000000000e+00,0.000000000000000000e+00
7.704948743599480565e+01,0.000000000000000000e+00,0.000000000000000000e+00
7.801454570642312092e+01,0.000000000000000000e+00,0.000000000000000000e+00
7.531327322480444764e+01,0.000000000000000000e+00,0.000000000000000000e+00
7.813120322582547317e+01,0.000000000000000000e+00,0.000000000000000000e+00
7.843849201238222690e+01,0.000000000000000000e+00,0.000000000000000000e+00
7.787471797439044963e+01,0.000000000000000000e+00,0.000000000000000000e+00
7.817166229477166439e+01,0.000000000000000000e+00,0.000000000000000000e+00
7.774267992622132795e+01,0.000000000000000000e+00,0.000000000000000000e+00
8.080629055440049058e+01,0.000000000000000000e+00,0.000000000000000000e+00
7.498821360554629223e+01,0.000000000000000000e+00,0.000000000000000000e+00
7.553064529454401566e+01,0.000000000000000000e+00,0.000000000000000000e+00
7.795820523134348434e+01,0.000000000000000000e+00,0.000000000000000000e+00
7.728810962562867815e+01,0.000000000000000000e+00,0.000000000000000000e+00
7.688542332327851625e+01,0.000000000000000000e+00,0.000000000000000000e+00
7.533569866634896073e+01,0.000000000000000000e+00,0.000000000000000000e+00
7.920804674840644566e+01,0.000000000000000000e+00,0.000000000000000000e+00
7.620993270434166789e+01,0.000000000000000000e+00,0.000000000000000000e+00
7.916266324067231608e+01,0.000000000000000000e+00,0.000000000000000000e+00
8.368960023764387302e+01,0.000000000000000000e+00,0.000000000000000000e+00
7.646626198801679664e+01,0.000000000000000000e+00,0.000000000000000000e+00
7.781007327308493871e+01,0.000000000000000000e+00,0.000000000000000000e+00
7.889191502585896387e+01,0.000000000000000000e+00,0.000000000000000000e+00
7.866169252629428854e+01,0.000000000000000000e+00,0.000000000000000000e+00
7.902972769167547540e+01,0.000000000000000000e+00,0.000000000000000000e+00
7.747154312876108406e+01,0.000000000000000000e+00,0.000000000000000000e+00
7.880222030706711678e+01,0.000000000000000000e+00,0.000000000000000000e+00
7.528661871458801613e+01,0.000000000000000000e+00,0.000000000000000000e+00
7.593288915032211150e+01,0.000000000000000000e+00,0.000000000000000000e+00
7.624497035826951219e+01,0.000000000000000000e+00,0.000000000000000000e+00
7.975048919872025976e+01,0.000000000000000000e+00,0.000000000000000000e+00
7.557349966145731912e+01,0.000000000000000000e+00,0.000000000000000000e+00
7.865835917116577036e+01,0.000000000000000000e+00,0.000000000000000000e+00
7.614290554006367984e+01,0.000000000000000000e+00,0.000000000000000000e+00
7.770769680416645997e+01,0.000000000000000000e+00,0.000000000000000000e+00
7.940574596326169399e+01,0.000000000000000000e+00,0.000000000000000000e+00
8.340914462734917834e+01,0.000000000000000000e+00,0.000000000000000000e+00
7.476320000709854696e+01,0.000000000000000000e+00,0.000000000000000000e+00
8.441487104176739820e+01,0.000000000000000000e+00,0.000000000000000000e+00
8.113802401151951926e+01,0.000000000000000000e+00,0.000000000000000000e+00
7.712561455857289161e+01,0.000000000000000000e+00,0.000000000000000000e+00
8.031208800185262930e+01,0.000000000000000000e+00,0.000000000000000000e+00
8.280470096122940049e+01,0.000000000000000000e+00,0.000000000000000000e+00
7.971807822740261429e+01,0.000000000000000000e+00,0.000000000000000000e+00
7.795385788377453196e+01,0.000000000000000000e+00,0.000000000000000000e+00
7.600738797652147127e+01,0.000000000000000000e+00,0.000000000000000000e+00
7.667641461723120244e+01,0.000000000000000000e+00,0.000000000000000000e+00
7.891091928528720700e+01,0.000000000000000000e+00,0.000000000000000000e+00
7.648469947388377932e+01,0.000000000000000000e+00,0.000000000000000000e+00
8.037404289103822919e+01,0.000000000000000000e+00,0.000000000000000000e+00
8.026471026624749072e+01,0.000000000000000000e+00,0.000000000000000000e+00
7.908235147885899607e+01,0.000000000000000000e+00,0.000000000000000000e+00
7.713520339293974359e+01,0.000000000000000000e+00,0.000000000000000000e+00
7.720532279988023561e+01,0.000000000000000000e+00,0.000000000000000000e+00
8.011985920149993490e+01,0.000000000000000000e+00,0.000000000000000000e+00
8.253527969529118025e+01,0.000000000000000000e+00,0.000000000000000000e+00
7.660075284707367871e+01,0.000000000000000000e+00,0.000000000000000000e+00
8.117521301942744572e+01,0.000000000000000000e+00,0.000000000000000000e+00
7.919692609609386125e+01,0.000000000000000000e+00,0.000000000000000000e+00
7.606006798809576708e+01,0.000000000000000000e+00,0.000000000000000000e+00
8.013761584947438621e+01,0.000000000000000000e+00,0.000000000000000000e+00
7.938996154983159670e+01,0.000000000000000000e+00,0.000000000000000000e+00
7.755012067427955458e+01,0.000000000000000000e+00,0.000000000000000000e+00
7.796683694880719884e+01,0.000000000000000000e+00,0.000000000000000000e+00
8.210846960966091501e+01,0.000000000000000000e+00,0.000000000000000000e+00
7.842274585576838319e+01,0.000000000000000000e+00,0.000000000000000000e+00
8.055356707311064213e+01,0.000000000000000000e+00,0.000000000000000000e+00
8.214906964837274472e+01,0.000000000000000000e+00,0.000000000000000000e+00
7.946817978440668639e+01,0.000000000000000000e+00,0.000000000000000000e+00
7.874267037650608358e+01,0.000000000000000000e+00,0.000000000000000000e+00
7.847549614155835229e+01,0.000000000000000000e+00,0.000000000000000000e+00
8.320999908299609160e+01,0.000000000000000000e+00,0.000000000000000000e+00
7.865924276788405223e+01,0.000000000000000000e+00,0.000000000000000000e+00
7.979292100250133046e+01,0.000000000000000000e+00,0.000000000000000000e+00
8.010434060893153685e+01,0.000000000000000000e+00,0.000000000000000000e+00
7.695870445142776362e+01,0.000000000000000000e+00,0.000000000000000000e+00
7.769459248989768696e+01,0.000000000000000000e+00,0.000000000000000000e+00
8.087588062386704735e+01,0.000000000000000000e+00,0.000000000000000000e+00
7.633837491561781974e+01,0.000000000000000000e+00,0.000000000000000000e+00
7.916998580019500764e+01,0.000000000000000000e+00,0.000000000000000000e+00
8.038466995811586457e+01,0.000000000000000000e+00,0.000000000000000000e+00
8.086076253915877032e+01,0.000000000000000000e+00,0.000000000000000000e+00
7.822785048531453356e+01,0.000000000000000000e+00,0.000000000000000000e+00
8.274351068086485839e+01,0.000000000000000000e+00,0.000000000000000000e+00
7.875096189422626480e+01,0.000000000000000000e+00,0.000000000000000000e+00
7.691934089636464478e+01,0.000000000000000000e+00,0.000000000000000000e+00
7.956398697971954448e+01,0.000000000000000000e+00,0.000000000000000000e+00
7.870320067693214128e+01,0.000000000000000000e+00,0.000000000000000000e+00
8.044700309050834619e+01,0.000000000000000000e+00,0.000000000000000000e+00
7.838576301000642843e+01,0.000000000000000000e+00,0.000000000000000000e+00
7.714492454372134489e+01,0.000000000000000000e+00,0.000000000000000000e+00
8.083980144961753922e+01,0.000000000000000000e+00,0.000000000000000000e+00
8.054293699374250082e+01,0.000000000000000000e+00,0.000000000000000000e+00
7.833829721807114765e+01,0.000000000000000000e+00,0.000000000000000000e+00
7.642469937491215148e+01,0.000000000000000000e+00,0.000000000000000000e+00
7.884881965831914385e+01,0.000000000000000000e+00,0.000000000000000000e+00
7.986985503270710751e+01,0.000000000000000000e+00,0.000000000000000000e+00
7.833808355735099838e+01,0.000000000000000000e+00,0.000000000000000000e+00
8.241215797570671953e+01,0.000000000000000000e+00,0.000000000000000000e+00
7.827120160674216720e+01,0.000000000000000000e+00,0.000000000000000000e+00
7.876063128058342500e+01,0.000000000000000000e+00,0.000000000000000000e+00
8.233936416423827609e+01,0.000000000000000000e+00,0.000000000000000000e+00
7.932008921098636733e+01,0.000000000000000000e+00,0.000000000000000000e+00
7.581187165369759384e+01,0.000000000000000000e+00,0.000000000000000000e+00
7.776257221756614513e+01,0.000000000000000000e+00,0.000000000000000000e+00
7.917872770091943835e+01,0.000000000000000000e+00,0.000000000000000000e+00
8.059835252583599186e+01,0.000000000000000000e+00,0.000000000000000000e+00
8.036475326787042661e+01,0.000000000000000000e+00,0.000000000000000000e+00
8.089894599501080563e+01,0.000000000000000000e+00,0.000000000000000000e+00
8.010904115367850409e+01,0.000000000000000000e+00,0.000000000000000000e+00
8.045689065803149731e+01,0.000000000000000000e+00,0.000000000000000000e+00
8.015800212123832580e+01,0.000000000000000000e+00,0.000000000000000000e+00
7.826424547092507567e+01,0.000000000000000000e+00,0.000000000000000000e+00
7.779910585616464402e+01,0.000000000000000000e+00,0.000000000000000000e+00
7.815288471850854535e+01,0.000000000000000000e+00,0.000000000000000000e+00
8.080341158563469151e+01,0.000000000000000000e+00,0.000000000000000000e+00
7.811532820981221903e+01,0.000000000000000000e+00,0.000000000000000000e+00
7.791481273662610363e+01,0.000000000000000000e+00,0.000000000000000000e+00
7.889875439082348407e+01,0.000000000000000000e+00,0.000000000000000000e+00
8.026271719385623271e+01,0.000000000000000000e+00,0.000000000000000000e+00
8.036215536575524254e+01,0.000000000000000000e+00,0.000000000000000000e+00
7.759600419550349670e+01,0.000000000000000000e+00,0.000000000000000000e+00
7.894598674924363024e+01,0.000000000000000000e+00,0.000000000000000000e+00
7.846525611004709333e+01,0.000000000000000000e+00,0.000000000000000000e+00
8.044989336063025576e+01,0.000000000000000000e+00,0.000000000000000000e+00
7.919697077309622557e+01,0.000000000000000000e+00,0.000000000000000000e+00
7.780226375964788588e+01,0.000000000000000000e+00,0.000000000000000000e+00
8.139262411310333789e+01,0.000000000000000000e+00,0.000000000000000000e+00
7.893411852868328538e+01,0.000000000000000000e+00,0.000000000000000000e+00
7.812235660886000232e+01,0.000000000000000000e+00,0.000000000000000000e+00
8.384592693646186490e+01,0.000000000000000000e+00,0.000000000000000000e+00
7.713390866034465887e+01,0.000000000000000000e+00,0.000000000000000000e+00
8.060128305075326693e+01,0.000000000000000000e+00,0.000000000000000000e+00
7.901596131002929724e+01,0.000000000000000000e+00,0.000000000000000000e+00
7.796923830117282250e+01,0.000000000000000000e+00,0.000000000000000000e+00
8.286917095363341446e+01,0.000000000000000000e+00,0.000000000000000000e+00
7.864848579605926204e+01,0.000000000000000000e+00,0.000000000000000000e+00
7.843646338455336320e+01,0.000000000000000000e+00,0.000000000000000000e+00
8.249458670376195357e+01,0.000000000000000000e+00,0.000000000000000000e+00
7.626723500497233488e+01,0.000000000000000000e+00,0.000000000000000000e+00
8.214931890445303964e+01,0.000000000000000000e+00,0.000000000000000000e+00
8.113017855944933387e+01,0.000000000000000000e+00,0.000000000000000000e+00
8.144634437162355312e+01,0.000000000000000000e+00,0.000000000000000000e+00
7.986860990190376697e+01,0.000000000000000000e+00,0.000000000000000000e+00
8.335041100415503479e+01,0.000000000000000000e+00,0.000000000000000000e+00
8.050501340897683633e+01,0.000000000000000000e+00,0.000000000000000000e+00
7.738608865681159443e+01,0.000000000000000000e+00,0.000000000000000000e+00
7.991492711612892208e+01,0.000000000000000000e+00,0.000000000000000000e+00
7.725072036293815358e+01,0.000000000000000000e+00,0.000000000000000000e+00
8.008504880169456897e+01,0.000000000000000000e+00,0.000000000000000000e+00
7.821908068042726825e+01,0.000000000000000000e+00,0.000000000000000000e+00
8.475875359296323097e+01,0.000000000000000000e+00,0.000000000000000000e+00
7.711254816929537981e+01,0.000000000000000000e+00,0.000000000000000000e+00
8.138567267979095732e+01,0.000000000000000000e+00,0.000000000000000000e+00
8.058828099964800629e+01,0.000000000000000000e+00,0.000000000000000000e+00
8.067836719278798796e+01,0.000000000000000000e+00,0.000000000000000000e+00
7.799698058372885612e+01,0.000000000000000000e+00,0.000000000000000000e+00
8.027613814286102922e+01,0.000000000000000000e+00,0.000000000000000000e+00
8.034828325548699013e+01,0.000000000000000000e+00,0.000000000000000000e+00
7.681876881290105530e+01,0.000000000000000000e+00,0.000000000000000000e+00
8.284717874622035083e+01,0.000000000000000000e+00,0.000000000000000000e+00
8.073067027692123077e+01,0.000000000000000000e+00,0.000000000000000000e+00
7.799104371708193639e+01,0.000000000000000000e+00,0.000000000000000000e+00
7.965070338378291126e+01,0.000000000000000000e+00,0.000000000000000000e+00
8.040065973849652892e+01,0.000000000000000000e+00,0.000000000000000000e+00
7.861628173869932823e+01,0.000000000000000000e+00,0.000000000000000000e+00
8.016736179066832335e+01,0.000000000000000000e+00,0.000000000000000000e+00
7.748187089396320459e+01,0.000000000000000000e+00,0.000000000000000000e+00
7.852010773967823809e+01,0.000000000000000000e+00,0.000000000000000000e+00
8.360925384202407429e+01,0.000000000000000000e+00,0.000000000000000000e+00
7.859215190369711479e+01,0.000000000000000000e+00,0.000000000000000000e+00
8.059084785212195357e+01,0.000000000000000000e+00,0.000000000000000000e+00
7.776619072883727313e+01,0.000000000000000000e+00,0.000000000000000000e+00
7.912322868007915133e+01,0.000000000000000000e+00,0.000000000000000000e+00
7.761675609794775710e+01,0.000000000000000000e+00,0.000000000000000000e+00
7.642726462581877911e+01,0.000000000000000000e+00,0.000000000000000000e+00
8.173060771474004582e+01,0.000000000000000000e+00,0.000000000000000000e+00
7.472049250315448887e+01,0.000000000000000000e+00,0.000000000000000000e+00
7.903636357094681841e+01,0.000000000000000000e+00,0.000000000000000000e+00
7.852255691477456878e+01,0.000000000000000000e+00,0.000000000000000000e+00
8.096413264637286034e+01,0.000000000000000000e+00,0.000000000000000000e+00
8.111259101603043575e+01,0.000000000000000000e+00,0.000000000000000000e+00
8.060026502595276554e+01,0.000000000000000000e+00,0.000000000000000000e+00
8.120651892961916474e+01,0.000000000000000000e+00,0.000000000000000000e+00
8.077104059878882936e+01,0.000000000000000000e+00,0.000000000000000000e+00
7.896430614882741850e+01,0.000000000000000000e+00,0.000000000000000000e+00
8.002036900650823270e+01,0.000000000000000000e+00,0.000000000000000000e+00
7.695997433439801227e+01,0.000000000000000000e+00,0.000000000000000000e+00
7.921031138274597083e+01,0.000000000000000000e+00,0.000000000000000000e+00
8.359150585271086698e+01,0.000000000000000000e+00,0.000000000000000000e+00
7.853404613058781081e+01,0.000000000000000000e+00,0.000000000000000000e+00
7.982487440613516583e+01,0.000000000000000000e+00,0.000000000000000000e+00
8.381710151445184920e+01,0.000000000000000000e+00,0.000000000000000000e+00
8.145338491904496436e+01,0.000000000000000000e+00,0.000000000000000000e+00
7.825555177306686971e+01,0.000000000000000000e+00,0.000000000000000000e+00
7.487598355191396138e+01,0.000000000000000000e+00,0.000000000000000000e+00
8.504794114014720208e+01,0.000000000000000000e+00,0.000000000000000000e+00
7.885347284074940433e+01,0.000000000000000000e+00,0.000000000000000000e+00
7.755156188814129337e+01,0.000000000000000000e+00,0.000000000000000000e+00
8.004961782239607260e+01,0.000000000000000000e+00,0.000000000000000000e+00
8.104288352436282139e+01,0.000000000000000000e+00,0.000000000000000000e+00
7.992429982727779247e+01,0.000000000000000000e+00,0.000000000000000000e+00
7.796126547487550340e+01,0.000000000000000000e+00,0.000000000000000000e+00
8.253711636694188769e+01,0.000000000000000000e+00,0.000000000000000000e+00
8.362843715972181258e+01,0.000000000000000000e+00,0.000000000000000000e+00
7.943795057802830684e+01,0.000000000000000000e+00,0.000000000000000000e+00
7.855390682078126474e+01,0.000000000000000000e+00,0.000000000000000000e+00
7.866811468656129591e+01,0.000000000000000000e+00,0.000000000000000000e+00
7.464359572060902792e+01,0.000000000000000000e+00,0.000000000000000000e+00
7.603435372925737568e+01,0.000000000000000000e+00,0.000000000000000000e+00
7.940722486825728765e+01,0.000000000000000000e+00,0.000000000000000000e+00
8.013839738723186201e+01,0.000000000000000000e+00,0.000000000000000000e+00
7.993535115341283870e+01,0.000000000000000000e+00,0.000000000000000000e+00
7.984124128907356521e+01,0.000000000000000000e+00,0.000000000000000000e+00
7.914274900592205597e+01,0.000000000000000000e+00,0.000000000000000000e+00
7.812538820755770530e+01,0.000000000000000000e+00,0.000000000000000000e+00
8.129738155523573084e+01,0.000000000000000000e+00,0.000000000000000000e+00
8.101123585156267382e+01,0.000000000000000000e+00,0.000000000000000000e+00
7.959212906982533298e+01,0.000000000000000000e+00,0.000000000000000000e+00
7.928369980633972602e+01,0.000000000000000000e+00,0.000000000000000000e+00
8.011223047206776471e+01,0.000000000000000000e+00,0.000000000000000000e+00
7.848122315267660554e+01,0.000000000000000000e+00,0.000000000000000000e+00
8.035546137803396505e+01,0.000000000000000000e+00,0.000000000000000000e+00
7.856336177018100386e+01,0.000000000000000000e+00,0.000000000000000000e+00
8.004757517814287837e+01,0.000000000000000000e+00,0.000000000000000000e+00
8.174552132843817276e+01,0.000000000000000000e+00,0.000000000000000000e+00
7.817254058495629465e+01,0.000000000000000000e+00,0.000000000000000000e+00
8.187531344680957091e+01,0.000000000000000000e+00,0.000000000000000000e+00
8.169524869260068556e+01,0.000000000000000000e+00,0.000000000000000000e+00
7.976173891970420016e+01,0.000000000000000000e+00,0.000000000000000000e+00
8.003020162041929098e+01,0.000000000000000000e+00,0.000000000000000000e+00
7.970312630169611623e+01,0.000000000000000000e+00,0.000000000000000000e+00
7.864133752401207289e+01,0.000000000000000000e+00,0.000000000000000000e+00
7.870484688195821832e+01,0.000000000000000000e+00,0.000000000000000000e+00
7.876730185612032642e+01,0.000000000000000000e+00,0.000000000000000000e+00
8.221236627084498139e+01,0.000000000000000000e+00,0.000000000000000000e+00
8.460373933203648278e+01,0.000000000000000000e+00,0.000000000000000000e+00
8.046620230406978180e+01,0.000000000000000000e+00,0.000000000000000000e+00
8.055785564986139491e+01,0.000000000000000000e+00,0.000000000000000000e+00
7.881252089847176023e+01,0.000000000000000000e+00,0.000000000000000000e+00
8.205649580215933270e+01,0.000000000000000000e+00,0.000000000000000000e+00
7.902370586462301105e+01,0.000000000000000000e+00,0.000000000000000000e+00
7.999034566223444642e+01,0.000000000000000000e+00,0.000000000000000000e+00
7.801650979540687558e+01,0.000000000000000000e+00,0.000000000000000000e+00
8.036608199694219934e+01,0.000000000000000000e+00,0.000000000000000000e+00
7.379201739684319250e+01,0.000000000000000000e+00,0.000000000000000000e+00
7.932499570482706019e+01,0.000000000000000000e+00,0.000000000000000000e+00
7.955594065181239216e+01,0.000000000000000000e+00,0.000000000000000000e+00
8.499633855788728454e+01,0.000000000000000000e+00,0.000000000000000000e+00
8.320719714606805439e+01,0.000000000000000000e+00,0.000000000000000000e+00
7.706646551763087416e+01,0.000000000000000000e+00,0.000000000000000000e+00
8.197401195364179216e+01,0.000000000000000000e+00,0.000000000000000000e+00
7.706915679177642176e+01,0.000000000000000000e+00,0.000000000000000000e+00
7.570665305360411423e+01,0.000000000000000000e+00,0.000000000000000000e+00
7.732544924610586179e+01,0.000000000000000000e+00,0.000000000000000000e+00
7.889733728542299218e+01,0.000000000000000000e+00,0.000000000000000000e+00
8.226412362913740139e+01,0.000000000000000000e+00,0.000000000000000000e+00
8.075746246240611015e+01,0.000000000000000000e+00,0.000000000000000000e+00
7.882832990925901129e+01,0.000000000000000000e+00,0.000000000000000000e+00
7.594910369099791581e+01,0.000000000000000000e+00,0.000000000000000000e+00
7.952527808616183336e+01,0.000000000000000000e+00,0.000000000000000000e+00
8.151109077766908229e+01,0.000000000000000000e+00,0.000000000000000000e+00
7.695885730418677895e+01,0.000000000000000000e+00,0.000000000000000000e+00
7.887156749908807285e+01,0.000000000000000000e+00,0.000000000000000000e+00
7.874103596247923065e+01,0.000000000000000000e+00,0.000000000000000000e+00
7.882720107856491154e+01,0.000000000000000000e+00,0.000000000000000000e+00
8.147066856462427609e+01,0.000000000000000000e+00,0.000000000000000000e+00
7.636736651086050642e+01,0.000000000000000000e+00,0.000000000000000000e+00
7.769384059732220749e+01,0.000000000000000000e+00,0.000000000000000000e+00
7.784180163131797769e+01,0.000000000000000000e+00,0.000000000000000000e+00
8.235032006506835955e+01,0.000000000000000000e+00,0.000000000000000000e+00
8.103009407877716797e+01,0.000000000000000000e+00,0.000000000000000000e+00
7.983574212699096506e+01,0.000000000000000000e+00,0.000000000000000000e+00
7.730310420739159838e+01,0.000000000000000000e+00,0.000000000000000000e+00
8.087124521522970610e+01,0.000000000000000000e+00,0.000000000000000000e+00
7.582618519070288698e+01,0.000000000000000000e+00,0.000000000000000000e+00
7.738378036837917762e+01,0.000000000000000000e+00,0.000000000000000000e+00
7.769560182341567156e+01,0.000000000000000000e+00,0.000000000000000000e+00
7.866788962530633000e+01,0.000000000000000000e+00,0.000000000000000000e+00
7.820275838943989299e+01,0.000000000000000000e+00,0.000000000000000000e+00
7.899511634473384447e+01,0.000000000000000000e+00,0.000000000000000000e+00
8.107868469394284716e+01,0.000000000000000000e+00,0.000000000000000000e+00
7.922372166584665365e+01,0.000000000000000000e+00,0.000000000000000000e+00
7.955007247824832461e+01,0.000000000000000000e+00,0.000000000000000000e+00
7.731419018593453529e+01,0.000000000000000000e+00,0.000000000000000000e+00
7.596362042709939999e+01,0.000000000000000000e+00,0.000000000000000000e+00
7.918140279847904139e+01,0.000000000000000000e+00,0.000000000000000000e+00
8.005024044514148329e+01,0.000000000000000000e+00,0.000000000000000000e+00
7.554005047049642485e+01,0.000000000000000000e+00,0.000000000000000000e+00
7.747665402276051339e+01,0.000000000000000000e+00,0.000000000000000000e+00
7.780285292314992773e+01,0.000000000000000000e+00,0.000000000000000000e+00
8.001578305129967816e+01,0.000000000000000000e+00,0.000000000000000000e+00
8.167262920881719879e+01,0.000000000000000000e+00,0.000000000000000000e+00
7.633462102097713853e+01,0.000000000000000000e+00,0.000000000000000000e+00
7.641264821599698109e+01,0.000000000000000000e+00,0.000000000000000000e+00
7.944917202332538864e+01,0.000000000000000000e+00,0.000000000000000000e+00
7.618546609180202722e+01,0.000000000000000000e+00,0.000000000000000000e+00
7.983173611018419535e+01,0.000000000000000000e+00,0.000000000000000000e+00
7.793393786528785938e+01,0.000000000000000000e+00,0.000000000000000000e+00
7.696637739428051361e+01,0.000000000000000000e+00,0.000000000000000000e+00
7.673334121924233386e+01,0.000000000000000000e+00,0.000000000000000000e+00
8.018344379762696406e+01,0.000000000000000000e+00,0.000000000000000000e+00
8.044361288491219852e+01,0.000000000000000000e+00,0.000000000000000000e+00
7.765190138879427195e+01,0.000000000000000000e+00,0.000000000000000000e+00
8.081784762867012262e+01,0.000000000000000000e+00,0.000000000000000000e+00
7.540347833227046692e+01,0.000000000000000000e+00,0.000000000000000000e+00
7.851109228104678550e+01,0.000000000000000000e+00,0.000000000000000000e+00
8.242577945352738311e+01,0.000000000000000000e+00,0.000000000000000000e+00
7.614598598084707248e+01,0.000000000000000000e+00,0.000000000000000000e+00
7.852560748579911376e+01,0.000000000000000000e+00,0.000000000000000000e+00
7.661019315183959577e+01,0.000000000000000000e+00,0.000000000000000000e+00
7.811238625793549772e+01,0.000000000000000000e+00,0.000000000000000000e+00
8.206134269464509146e+01,0.000000000000000000e+00,0.000000000000000000e+00
7.937410493632850716e+01,0.000000000000000000e+00,0.000000000000000000e+00
7.864326125131350409e+01,0.000000000000000000e+00,0.000000000000000000e+00
8.124936900368273029e+01,0.000000000000000000e+00,0.000000000000000000e+00
8.070098744117896672e+01,0.000000000000000000e+00,0.000000000000000000e+00
7.773426361972221343e+01,0.000000000000000000e+00,0.000000000000000000e+00
7.703802134549894731e+01,0.000000000000000000e+00,0.000000000000000000e+00
7.678211055545146735e+01,0.000000000000000000e+00,0.000000000000000000e+00
7.980706159920488574e+01,0.000000000000000000e+00,0.000000000000000000e+00
7.546172758197882047e+01,0.000000000000000000e+00,0.000000000000000000e+00
7.701094611016152669e+01,0.000000000000000000e+00,0.000000000000000000e+00
7.680058497660824912e+01,0.000000000000000000e+00,0.000000000000000000e+00
7.690964130189263415e+01,0.000000000000000000e+00,0.000000000000000000e+00
7.328042268767136136e+01,0.000000000000000000e+00,0.000000000000000000e+00
7.566923150658863051e+01,0.000000000000000000e+00,0.000000000000000000e+00
7.558212469678029777e+01,0.000000000000000000e+00,0.000000000000000000e+00
7.938015540441099915e+01,0.000000000000000000e+00,0.000000000000000000e+00
7.404945259016450620e+01,0.000000000000000000e+00,0.000000000000000000e+00
7.506642373460557849e+01,0.000000000000000000e+00,0.000000000000000000e+00
7.399987132613671292e+01,0.000000000000000000e+00,0.000000000000000000e+00
7.800686618578581033e+01,0.000000000000000000e+00,0.000000000000000000e+00
7.630590027327576763e+01,0.000000000000000000e+00,0.000000000000000000e+00
7.620737106086154711e+01,0.000000000000000000e+00,0.000000000000000000e+00
7.606713031899242594e+01,0.000000000000000000e+00,0.000000000000000000e+00
7.428623872868567446e+01,0.000000000000000000e+00,0.000000000000000000e+00
7.860301420258744542e+01,0.000000000000000000e+00,0.000000000000000000e+00
7.567139154931824407e+01,0.000000000000000000e+00,0.000000000000000000e+00
7.501432824287195444e+01,0.000000000000000000e+00,0.000000000000000000e+00
7.840772557530118547e+01,0.000000000000000000e+00,0.000000000000000000e+00
7.554346435137196636e+01,0.000000000000000000e+00,0.000000000000000000e+00
7.625719036376719373e+01,0.000000000000000000e+00,0.000000000000000000e+00
7.938360365760608772e+01,0.000000000000000000e+00,0.000000000000000000e+00
7.777446056929623808e+01,0.000000000000000000e+00,0.000000000000000000e+00
7.644504612528518805e+01,0.000000000000000000e+00,0.000000000000000000e+00
7.854866825033252553e+01,0.000000000000000000e+00,0.000000000000000000e+00
7.601241125682881261e+01,0.000000000000000000e+00,0.000000000000000000e+00
7.561906366615453123e+01,0.000000000000000000e+00,0.000000000000000000e+00
7.593696227419039246e+01,0.000000000000000000e+00,0.000000000000000000e+00
7.818688885861159577e+01,0.000000000000000000e+00,0.000000000000000000e+00
8.040893956028983780e+01,0.000000000000000000e+00,0.000000000000000000e+00
7.617672317131544446e+01,0.000000000000000000e+00,0.000000000000000000e+00
7.469659733150778891e+01,0.000000000000000000e+00,0.000000000000000000e+00
7.570549948687481390e+01,0.000000000000000000e+00,0.000000000000000000e+00
7.457778854668777058e+01,0.000000000000000000e+00,0.000000000000000000e+00
7.347804218283265243e+01,0.000000000000000000e+00,0.000000000000000000e+00
7.371683171469921092e+01,0.000000000000000000e+00,0.000000000000000000e+00
7.608068792930633606e+01,0.000000000000000000e+00,0.000000000000000000e+00
7.421810313670934534e+01,0.000000000000000000e+00,0.000000000000000000e+00
7.470245639856607056e+01,0.000000000000000000e+00,0.000000000000000000e+00
7.278250094554235261e+01,0.000000000000000000e+00,0.000000000000000000e+00
7.528642891711382390e+01,0.000000000000000000e+00,0.000000000000000000e+00
7.451370568619918799e+01,0.000000000000000000e+00,0.000000000000000000e+00
7.536117714854673011e+01,0.000000000000000000e+00,0.000000000000000000e+00
7.143238678433142752e+01,0.000000000000000000e+00,0.000000000000000000e+00
7.694763501157358121e+01,0.000000000000000000e+00,0.000000000000000000e+00
7.601334175521995462e+01,0.000000000000000000e+00,0.000000000000000000e+00
7.310162506358463474e+01,0.000000000000000000e+00,0.000000000000000000e+00
7.479152757543367613e+01,0.000000000000000000e+00,0.000000000000000000e+00
7.746856091900653496e+01,0.000000000000000000e+00,0.000000000000000000e+00
7.859923088202441477e+01,0.000000000000000000e+00,0.000000000000000000e+00
8.064685728396855779e+01,0.000000000000000000e+00,0.000000000000000000e+00
7.622730922749477145e+01,0.000000000000000000e+00,0.000000000000000000e+00
7.562646132930372289e+01,0.000000000000000000e+00,0.000000000000000000e+00
7.460107681853115480e+01,0.000000000000000000e+00,0.000000000000000000e+00
7.797486439004852343e+01,0.000000000000000000e+00,0.000000000000000000e+00
7.743887579954046885e+01,0.000000000000000000e+00,0.000000000000000000e+00
7.460799727935344094e+01,0.000000000000000000e+00,0.000000000000000000e+00
7.531479937914490108e+01,0.000000000000000000e+00,0.000000000000000000e+00
7.682644616840136109e+01,0.000000000000000000e+00,0.000000000000000000e+00
7.467261312733597833e+01,0.000000000000000000e+00,0.000000000000000000e+00
7.553242190696440161e+01,0.000000000000000000e+00,0.000000000000000000e+00
7.830769802340621766e+01,0.000000000000000000e+00,0.000000000000000000e+00
7.446485980830549067e+01,0.000000000000000000e+00,0.000000000000000000e+00
7.374458324563214262e+01,0.000000000000000000e+00,0.000000000000000000e+00
7.485126282647392770e+01,0.000000000000000000e+00,0.000000000000000000e+00
7.694619919776506833e+01,0.000000000000000000e+00,0.000000000000000000e+00
7.019097732978403315e+01,0.000000000000000000e+00,0.000000000000000000e+00
7.256721883707881204e+01,0.000000000000000000e+00,0.000000000000000000e+00
7.679175134728963315e+01,0.000000000000000000e+00,0.000000000000000000e+00
7.513590719326724354e+01,0.000000000000000000e+00,0.000000000000000000e+00
7.496965384169446622e+01,0.000000000000000000e+00,0.000000000000000000e+00
7.495625623507692126e+01,0.000000000000000000e+00,0.000000000000000000e+00
7.362710073660880994e+01,0.000000000000000000e+00,0.000000000000000000e+00
7.266539753519941769e+01,0.000000000000000000e+00,0.000000000000000000e+00
7.358028987365909757e+01,0.000000000000000000e+00,0.000000000000000000e+00
7.734978305334749393e+01,0.000000000000000000e+00,0.000000000000000000e+00
7.261778790766722125e+01,0.000000000000000000e+00,0.000000000000000000e+00
7.307896572910993882e+01,0.000000000000000000e+00,0.000000000000000000e+00
7.185900112313339605e+01,0.000000000000000000e+00,0.000000000000000000e+00
7.311633101314792782e+01,0.000000000000000000e+00,0.000000000000000000e+00
7.381277171394205538e+01,0.000000000000000000e+00,0.000000000000000000e+00
7.429546342763741507e+01,0.000000000000000000e+00,0.000000000000000000e+00
7.301252025683783131e+01,0.000000000000000000e+00,0.000000000000000000e+00
7.225868859487751195e+01,0.000000000000000000e+00,0.000000000000000000e+00
7.319071729787958702e+01,0.000000000000000000e+00,0.000000000000000000e+00
7.216931905832504413e+01,0.000000000000000000e+00,0.000000000000000000e+00
7.236492469081854040e+01,0.000000000000000000e+00,0.000000000000000000e+00
7.692850051447720716e+01,0.000000000000000000e+00,0.000000000000000000e+00
7.143165002363912208e+01,0.000000000000000000e+00,0.000000000000000000e+00
7.085485292946243874e+01,0.000000000000000000e+00,0.000000000000000000e+00
7.513693676375240216e+01,0.000000000000000000e+00,0.000000000000000000e+00
7.259628107547253251e+01,0.000000000000000000e+00,0.000000000000000000e+00
7.366484214460818691e+01,0.000000000000000000e+00,0.000000000000000000e+00
7.112537181602678515e+01,0.000000000000000000e+00,0.000000000000000000e+00
7.057297036347179642e+01,0.000000000000000000e+00,0.000000000000000000e+00
7.150944011140950352e+01,0.000000000000000000e+00,0.000000000000000000e+00
7.040504250610624126e+01,0.000000000000000000e+00,0.000000000000000000e+00
7.519038824712319524e+01,0.000000000000000000e+00,0.000000000000000000e+00
7.468964604679109698e+01,0.000000000000000000e+00,0.000000000000000000e+00
7.279539014334005742e+01,0.000000000000000000e+00,0.000000000000000000e+00
7.800649654228433860e+01,0.000000000000000000e+00,0.000000000000000000e+00
7.192247729894320685e+01,0.000000000000000000e+00,0.000000000000000000e+00
7.204871030250103559e+01,0.000000000000000000e+00,0.000000000000000000e+00
7.425577421046868665e+01,0.000000000000000000e+00,0.000000000000000000e+00
7.338616454766417974e+01,0.000000000000000000e+00,0.000000000000000000e+00
7.401773919797911105e+01,0.000000000000000000e+00,0.000000000000000000e+00
7.420343125623884362e+01,0.000000000000000000e+00,0.000000000000000000e+00
7.172702322223359772e+01,0.000000000000000000e+00,0.000000000000000000e+00
6.998374828390558378e+01,0.000000000000000000e+00,0.000000000000000000e+00
7.068951167482620690e+01,0.000000000000000000e+00,0.000000000000000000e+00
7.316390052373105846e+01,0.000000000000000000e+00,0.000000000000000000e+00
7.477823476608116948e+01,0.000000000000000000e+00,0.000000000000000000e+00
7.069524944386846244e+01,0.000000000000000000e+00,0.000000000000000000e+00
7.209804318455557848e+01,0.000000000000000000e+00,0.000000000000000000e+00
7.283936886231730057e+01,0.000000000000000000e+00,0.000000000000000000e+00
7.115344220678886700e+01,0.000000000000000000e+00,0.000000000000000000e+00
7.445254213698780177e+01,0.000000000000000000e+00,0.000000000000000000e+00
7.052572125336683939e+01,0.000000000000000000e+00,0.000000000000000000e+00
7.117995281769358940e+01,0.000000000000000000e+00,0.000000000000000000e+00
7.427246535916056303e+01,0.000000000000000000e+00,0.000000000000000000e+00
7.311356370583781938e+01,0.000000000000000000e+00,0.000000000000000000e+00
7.227734127916468765e+01,0.000000000000000000e+00,0.000000000000000000e+00
7.157598776188920908e+01,0.000000000000000000e+00,0.000000000000000000e+00
7.084044523290289419e+01,0.000000000000000000e+00,0.000000000000000000e+00
7.080068657179820946e+01,0.000000000000000000e+00,0.000000000000000000e+00
7.309672803285367593e+01,0.000000000000000000e+00,0.000000000000000000e+00
7.207502170610213454e+01,0.000000000000000000e+00,0.000000000000000000e+00
6.942628878666619130e+01,0.000000000000000000e+00,0.000000000000000000e+00
7.286863784940354094e+01,0.000000000000000000e+00,0.000000000000000000e+00
7.190366430535904385e+01,0.000000000000000000e+00,0.000000000000000000e+00
7.388195145080061366e+01,0.000000000000000000e+00,0.000000000000000000e+00
7.445616414245314729e+01,0.000000000000000000e+00,0.000000000000000000e+00
6.881788142215485493e+01,0.000000000000000000e+00,0.000000000000000000e+00
7.165355902130298205e+01,0.000000000000000000e+00,0.000000000000000000e+00
6.926763516946526522e+01,0.000000000000000000e+00,0.000000000000000000e+00
7.108062696897157196e+01,0.000000000000000000e+00,0.000000000000000000e+00
7.361787962124343210e+01,0.000000000000000000e+00,0.000000000000000000e+00
7.266038760060916957e+01,0.000000000000000000e+00,0.000000000000000000e+00
6.825264212346769455e+01,0.000000000000000000e+00,0.000000000000000000e+00
6.986354163232603298e+01,0.000000000000000000e+00,0.000000000000000000e+00
7.166842819895197181e+01,0.000000000000000000e+00,0.000000000000000000e+00
7.385040781373304242e+01,0.000000000000000000e+00,0.000000000000000000e+00
6.831436221116034346e+01,0.000000000000000000e+00,0.000000000000000000e+00
7.146130099694742910e+01,0.000000000000000000e+00,0.000000000000000000e+00
7.362886942645933175e+01,0.000000000000000000e+00,0.000000000000000000e+00
6.683438046695442836e+01,0.000000000000000000e+00,0.000000000000000000e+00
7.192970199764515371e+01,0.000000000000000000e+00,0.000000000000000000e+00
7.213279714891518779e+01,0.000000000000000000e+00,0.000000000000000000e+00
6.728129976091059916e+01,0.000000000000000000e+00,0.000000000000000000e+00
6.928506506746037985e+01,0.000000000000000000e+00,0.000000000000000000e+00
7.034765210054452211e+01,0.000000000000000000e+00,0.000000000000000000e+00
7.455589364520955087e+01,0.000000000000000000e+00,0.000000000000000000e+00
7.540965590229284032e+01,0.000000000000000000e+00,0.000000000000000000e+00
6.981933110908177298e+01,0.000000000000000000e+00,0.000000000000000000e+00
6.890922968610695420e+01,0.000000000000000000e+00,0.000000000000000000e+00
7.264560368394187151e+01,0.000000000000000000e+00,0.000000000000000000e+00
7.182475050497230029e+01,0.000000000000000000e+00,0.000000000000000000e+00
7.084895927970596574e+01,0.000000000000000000e+00,0.000000000000000000e+00
7.044573947635070965e+01,0.000000000000000000e+00,0.000000000000000000e+00
6.976032356258048139e+01,0.000000000000000000e+00,0.000000000000000000e+00
6.742973409180910949e+01,0.000000000000000000e+00,0.000000000000000000e+00
6.794630282938942401e+01,0.000000000000000000e+00,0.000000000000000000e+00
6.879762528490262241e+01,0.000000000000000000e+00,0.000000000000000000e+00
6.966855685574640233e+01,0.000000000000000000e+00,0.000000000000000000e+00
7.326648432571897729e+01,0.000000000000000000e+00,0.000000000000000000e+00
7.019513489836128883e+01,0.000000000000000000e+00,0.000000000000000000e+00
7.096106134243004249e+01,0.000000000000000000e+00,0.000000000000000000e+00
7.139651003462718393e+01,0.000000000000000000e+00,0.000000000000000000e+00
6.759577582372025972e+01,0.000000000000000000e+00,0.000000000000000000e+00
7.045179359517271678e+01,0.000000000000000000e+00,0.000000000000000000e+00
7.029936004278978601e+01,0.000000000000000000e+00,0.000000000000000000e+00
6.819654138578988523e+01,0.000000000000000000e+00,0.000000000000000000e+00
6.710468439735684854e+01,0.000000000000000000e+00,0.000000000000000000e+00
6.929332961874099794e+01,0.000000000000000000e+00,0.000000000000000000e+00
7.065094668972670888e+01,0.000000000000000000e+00,0.000000000000000000e+00
6.302153714601561774e+01,0.000000000000000000e+00,0.000000000000000000e+00
6.875617953161490448e+01,0.000000000000000000e+00,0.000000000000000000e+00
6.887954856691055738e+01,0.000000000000000000e+00,0.000000000000000000e+00
6.790590028972124514e+01,0.000000000000000000e+00,0.000000000000000000e+00
6.912504960094157980e+01,0.000000000000000000e+00,0.000000000000000000e+00
6.647112160519240831e+01,0.000000000000000000e+00,0.000000000000000000e+00
7.161114193517244075e+01,0.000000000000000000e+00,0.000000000000000000e+00
7.050181247490885994e+01,0.000000000000000000e+00,0.000000000000000000e+00
7.080383978695729752e+01,0.000000000000000000e+00,0.000000000000000000e+00
6.779057212457223613e+01,0.000000000000000000e+00,0.000000000000000000e+00
6.810609015889413342e+01,0.000000000000000000e+00,0.000000000000000000e+00
6.571684231310618429e+01,0.000000000000000000e+00,0.000000000000000000e+00
6.977333251677380588e+01,0.000000000000000000e+00,0.000000000000000000e+00
6.890706500675720747e+01,0.000000000000000000e+00,0.000000000000000000e+00
7.013007073523628776e+01,0.000000000000000000e+00,0.000000000000000000e+00
6.673049044596415058e+01,0.000000000000000000e+00,0.000000000000000000e+00
7.057590189553016558e+01,0.000000000000000000e+00,0.000000000000000000e+00
6.841854167063360137e+01,0.000000000000000000e+00,0.000000000000000000e+00
6.888113030011365367e+01,0.000000000000000000e+00,0.000000000000000000e+00
6.734234193797965418e+01,0.000000000000000000e+00,0.000000000000000000e+00
6.990618004304097610e+01,0.000000000000000000e+00,0.000000000000000000e+00
6.586870292219242629e+01,0.000000000000000000e+00,0.000000000000000000e+00
6.849336434979335309e+01,0.000000000000000000e+00,0.000000000000000000e+00
6.597925063383037525e+01,0.000000000000000000e+00,0.000000000000000000e+00
6.465265761441567349e+01,0.000000000000000000e+00,0.000000000000000000e+00
6.655160369270782894e+01,0.000000000000000000e+00,0.000000000000000000e+00
6.714834688684139508e+01,0.000000000000000000e+00,0.000000000000000000e+00
7.171693834223314923e+01,0.000000000000000000e+00,0.000000000000000000e+00
6.443920506870693998e+01,0.000000000000000000e+00,0.000000000000000000e+00
6.831867941016901113e+01,0.000000000000000000e+00,0.000000000000000000e+00
6.845214680905579030e+01,0.000000000000000000e+00,0.000000000000000000e+00
6.817335227637521200e+01,0.000000000000000000e+00,0.000000000000000000e+00
6.515696138172850738e+01,0.000000000000000000e+00,0.000000000000000000e+00
6.178524208587928968e+01,0.000000000000000000e+00,0.000000000000000000e+00
6.685761961662019814e+01,0.000000000000000000e+00,0.000000000000000000e+00
6.670130079865607797e+01,0.000000000000000000e+00,0.000000000000000000e+00
6.509709708114225180e+01,0.000000000000000000e+00,0.000000000000000000e+00
6.565552901834119837e+01,0.000000000000000000e+00,0.000000000000000000e+00
6.685471014977706261e+01,0.000000000000000000e+00,0.000000000000000000e+00
6.791888182982491173e+01,0.000000000000000000e+00,0.000000000000000000e+00
6.199797998063229443e+01,0.000000000000000000e+00,0.000000000000000000e+00
6.679748154806057414e+01,0.000000000000000000e+00,0.000000000000000000e+00
6.529064708825964658e+01,0.000000000000000000e+00,0.000000000000000000e+00
6.773638384682941194e+01,0.000000000000000000e+00,0.000000000000000000e+00
6.703359227944824283e+01,0.000000000000000000e+00,0.000000000000000000e+00
6.522802613963895624e+01,0.000000000000000000e+00,0.000000000000000000e+00
6.486462136444475846e+01,0.000000000000000000e+00,0.000000000000000000e+00
6.882742170893955347e+01,0.000000000000000000e+00,0.000000000000000000e+00
6.603541191382220177e+01,0.000000000000000000e+00,0.000000000000000000e+00
6.548755801016015710e+01,0.000000000000000000e+00,0.000000000000000000e+00
6.231043238967001230e+01,0.000000000000000000e+00,0.000000000000000000e+00
6.504916408386525006e+01,0.000000000000000000e+00,0.000000000000000000e+00
6.286473065881176581e+01,0.000000000000000000e+00,0.000000000000000000e+00
6.554814682910989632e+01,0.000000000000000000e+00,0.000000000000000000e+00
6.633762898002636632e+01,0.000000000000000000e+00,0.000000000000000000e+00
6.547619439582365430e+01,0.000000000000000000e+00,0.000000000000000000e+00
5.900482890159012328e+01,0.000000000000000000e+00,0.000000000000000000e+00
6.333339224472113216e+01,0.000000000000000000e+00,0.000000000000000000e+00
6.673784695038860093e+01,0.000000000000000000e+00,0.000000000000000000e+00
6.454018383650711144e+01,0.000000000000000000e+00,0.000000000000000000e+00
6.226119013041343919e+01,0.000000000000000000e+00,0.000000000000000000e+00
6.918628847254086622e+01,0.000000000000000000e+00,0.000000000000000000e+00
6.738360611437371972e+01,0.000000000000000000e+00,0.000000000000000000e+00
6.263018395925794124e+01,0.000000000000000000e+00,0.000000000000000000e+00
6.493722790242667031e+01,0.000000000000000000e+00,0.000000000000000000e+00
6.187650409876223989e+01,0.000000000000000000e+00,0.000000000000000000e+00
6.610493040440785251e+01,0.000000000000000000e+00,0.000000000000000000e+00
6.025248946502932768e+01,0.000000000000000000e+00,0.000000000000000000e+00
6.315696068243686057e+01,0.000000000000000000e+00,0.000000000000000000e+00
6.641129615584142698e+01,0.000000000000000000e+00,0.000000000000000000e+00
6.487716039158907222e+01,0.000000000000000000e+00,0.000000000000000000e+00
6.589108309569560618e+01,0.000000000000000000e+00,0.000000000000000000e+00
6.290085172683205883e+01,0.000000000000000000e+00,0.000000000000000000e+00
6.241578074927874553e+01,0.000000000000000000e+00,0.000000000000000000e+00
6.267377091171917414e+01,0.000000000000000000e+00,0.000000000000000000e+00
6.374806638207848408e+01,0.000000000000000000e+00,0.000000000000000000e+00
6.387698489919795009e+01,0.000000000000000000e+00,0.000000000000000000e+00
6.255763224251889909e+01,0.000000000000000000e+00,0.000000000000000000e+00
6.528294926123649589e+01,0.000000000000000000e+00,0.000000000000000000e+00
5.994373730898567487e+01,0.000000000000000000e+00,0.000000000000000000e+00
6.055821549700021933e+01,0.000000000000000000e+00,0.000000000000000000e+00
6.208136905936655836e+01,0.000000000000000000e+00,0.000000000000000000e+00
6.292207391793963467e+01,0.000000000000000000e+00,0.000000000000000000e+00
6.759352282116570620e+01,0.000000000000000000e+00,0.000000000000000000e+00
6.325842204289227766e+01,0.000000000000000000e+00,0.000000000000000000e+00
6.469744525038966287e+01,0.000000000000000000e+00,0.000000000000000000e+00
6.630514443272942060e+01,0.000000000000000000e+00,0.000000000000000000e+00
6.549909469044443711e+01,0.000000000000000000e+00,0.000000000000000000e+00
5.883039476240356436e+01,0.000000000000000000e+00,0.000000000000000000e+00
6.212407685364780718e+01,0.000000000000000000e+00,0.000000000000000000e+00
6.128597041275795476e+01,0.000000000000000000e+00,0.000000000000000000e+00
6.338417621199177887e+01,0.000000000000000000e+00,0.000000000000000000e+00
6.075476913287785408e+01,0.000000000000000000e+00,0.000000000000000000e+00
5.765116220151290349e+01,0.000000000000000000e+00,0.000000000000000000e+00
5.975238442711079045e+01,0.000000000000000000e+00,0.000000000000000000e+00
5.987448455944775816e+01,0.000000000000000000e+00,0.000000000000000000e+00
6.140807013148395299e+01,0.000000000000000000e+00,0.000000000000000000e+00
6.279113185390870200e+01,0.000000000000000000e+00,0.000000000000000000e+00
6.302729221239818003e+01,0.000000000000000000e+00,0.000000000000000000e+00
6.006030224699820508e+01,0.000000000000000000e+00,0.000000000000000000e+00
6.014192319151497657e+01,0.000000000000000000e+00,0.000000000000000000e+00
6.457247123014296619e+01,0.000000000000000000e+00,0.000000000000000000e+00
6.129096681211888153e+01,0.000000000000000000e+00,0.000000000000000000e+00
6.067056179187468956e+01,0.000000000000000000e+00,0.000000000000000000e+00
6.192972545553472941e+01,0.000000000000000000e+00,0.000000000000000000e+00
6.014681159005492361e+01,0.000000000000000000e+00,0.000000000000000000e+00
5.932833577331989261e+01,0.000000000000000000e+00,0.000000000000000000e+00
6.211250236350581133e+01,0.000000000000000000e+00,0.000000000000000000e+00
5.946118692624101243e+01,0.000000000000000000e+00,0.000000000000000000e+00
6.334995927812882144e+01,0.000000000000000000e+00,0.000000000000000000e+00
6.062437916619075651e+01,0.000000000000000000e+00,0.000000000000000000e+00
5.855563358262192963e+01,0.000000000000000000e+00,0.000000000000000000e+00
6.299946056636750313e+01,0.000000000000000000e+00,0.000000000000000000e+00
5.898147593489932206e+01,0.000000000000000000e+00,0.000000000000000000e+00
5.880751568597883505e+01,0.000000000000000000e+00,0.000000000000000000e+00
6.369038293704452514e+01,0.000000000000000000e+00,0.000000000000000000e+00
6.136946925980650036e+01,0.000000000000000000e+00,0.000000000000000000e+00
6.108813365051692301e+01,0.000000000000000000e+00,0.000000000000000000e+00
6.143275616293561825e+01,0.000000000000000000e+00,0.000000000000000000e+00
6.335132376509412211e+01,0.000000000000000000e+00,0.000000000000000000e+00
5.982245566974138740e+01,0.000000000000000000e+00,0.000000000000000000e+00
6.225372994752881084e+01,0.000000000000000000e+00,0.000000000000000000e+00
6.122428304723627690e+01,0.000000000000000000e+00,0.000000000000000000e+00
5.542042799734902303e+01,0.000000000000000000e+00,0.000000000000000000e+00
6.116629273470052652e+01,0.000000000000000000e+00,0.000000000000000000e+00
6.057653078814223591e+01,0.000000000000000000e+00,0.000000000000000000e+00
6.242574856385853366e+01,0.000000000000000000e+00,0.000000000000000000e+00
6.025028821172818994e+01,0.000000000000000000e+00,0.000000000000000000e+00
5.696548760011807389e+01,0.000000000000000000e+00,0.000000000000000000e+00
5.802229256149205128e+01,0.000000000000000000e+00,0.000000000000000000e+00
6.139012836200996048e+01,0.000000000000000000e+00,0.000000000000000000e+00
6.024969621295612399e+01,0.000000000000000000e+00,0.000000000000000000e+00
5.992681418741440780e+01,0.000000000000000000e+00,0.000000000000000000e+00
5.771324723296736181e+01,0.000000000000000000e+00,0.000000000000000000e+00
5.759865143362183204e+01,0.000000000000000000e+00,0.000000000000000000e+00
5.919827057464245712e+01,0.000000000000000000e+00,0.000000000000000000e+00
5.736109543394950805e+01,0.000000000000000000e+00,0.000000000000000000e+00
5.731053728714896067e+01,0.000000000000000000e+00,0.000000000000000000e+00
5.750228352264873877e+01,0.000000000000000000e+00,0.000000000000000000e+00
5.895728979365908629e+01,0.000000000000000000e+00,0.000000000000000000e+00
5.756464265280179404e+01,0.000000000000000000e+00,0.000000000000000000e+00
5.816760879887684865e+01,0.000000000000000000e+00,0.000000000000000000e+00
6.017579040053624340e+01,0.000000000000000000e+00,0.000000000000000000e+00
5.601630034654574786e+01,0.000000000000000000e+00,0.000000000000000000e+00
5.927107080531072114e+01,0.000000000000000000e+00,0.000000000000000000e+00
5.868764471829458529e+01,0.000000000000000000e+00,0.000000000000000000e+00
6.012670804544522696e+01,0.000000000000000000e+00,0.000000000000000000e+00
5.662707054085451830e+01,0.000000000000000000e+00,0.000000000000000000e+00
5.685477602888559545e+01,0.000000000000000000e+00,0.000000000000000000e+00
5.668128579371720832e+01,0.000000000000000000e+00,0.000000000000000000e+00
5.904052352477382470e+01,0.000000000000000000e+00,0.000000000000000000e+00
5.766207390925321619e+01,0.000000000000000000e+00,0.000000000000000000e+00
6.127848652940635077e+01,0.000000000000000000e+00,0.000000000000000000e+00
5.642048212832326470e+01,0.000000000000000000e+00,0.000000000000000000e+00
6.267790654104135939e+01,0.000000000000000000e+00,0.000000000000000000e+00
5.685735199168098575e+01,0.000000000000000000e+00,0.000000000000000000e+00
5.477071406018936983e+01,0.000000000000000000e+00,0.000000000000000000e+00
5.931589929203268952e+01,0.000000000000000000e+00,0.000000000000000000e+00
5.885576208181939251e+01,0.000000000000000000e+00,0.000000000000000000e+00
5.715667092921302839e+01,0.000000000000000000e+00,0.000000000000000000e+00
5.546397040941584322e+01,0.000000000000000000e+00,0.000000000000000000e+00
5.734533640512278652e+01,0.000000000000000000e+00,0.000000000000000000e+00
5.341818081459457801e+01,0.000000000000000000e+00,0.000000000000000000e+00
5.606464612559020821e+01,0.000000000000000000e+00,0.000000000000000000e+00
5.789950866315684408e+01,0.000000000000000000e+00,0.000000000000000000e+00
5.680843123237676906e+01,0.000000000000000000e+00,0.000000000000000000e+00
5.816205916581958490e+01,0.000000000000000000e+00,0.000000000000000000e+00
5.958080954294231901e+01,0.000000000000000000e+00,0.000000000000000000e+00
5.628328400385635177e+01,0.000000000000000000e+00,0.000000000000000000e+00
5.392556730234225171e+01,0.000000000000000000e+00,0.000000000000000000e+00
5.587850823171041270e+01,0.000000000000000000e+00,0.000000000000000000e+00
5.908853136306493070e+01,0.000000000000000000e+00,0.000000000000000000e+00
5.524177605432193161e+01,0.000000000000000000e+00,0.000000000000000000e+00
5.444975733610311863e+01,0.000000000000000000e+00,0.000000000000000000e+00
5.665439789202055465e+01,0.000000000000000000e+00,0.000000000000000000e+00
5.814215827283463511e+01,0.000000000000000000e+00,0.000000000000000000e+00
5.804526787941813382e+01,0.000000000000000000e+00,0.000000000000000000e+00
5.783098006077734254e+01,0.000000000000000000e+00,0.000000000000000000e+00
5.318729069194431247e+01,0.000000000000000000e+00,0.000000000000000000e+00
5.429791182160079899e+01,0.000000000000000000e+00,0.000000000000000000e+00
5.182851315847433682e+01,0.000000000000000000e+00,0.000000000000000000e+00
5.643960972085201178e+01,0.000000000000000000e+00,0.000000000000000000e+00
5.838705723596591213e+01,0.000000000000000000e+00,0.000000000000000000e+00
5.501841521324872275e+01,0.000000000000000000e+00,0.000000000000000000e+00
5.461738020480058964e+01,0.000000000000000000e+00,0.000000000000000000e+00
5.926697408785453547e+01,0.000000000000000000e+00,0.000000000000000000e+00
5.401596157176987134e+01,0.000000000000000000e+00,0.000000000000000000e+00
5.529623873163613723e+01,0.000000000000000000e+00,0.000000000000000000e+00
5.134133615099931092e+01,0.000000000000000000e+00,0.000000000000000000e+00
5.499313725229167460e+01,0.000000000000000000e+00,0.000000000000000000e+00
5.367679611065412359e+01,0.000000000000000000e+00,0.000000000000000000e+00
5.520315337479090800e+01,0.000000000000000000e+00,0.000000000000000000e+00
5.354335676310120817e+01,0.000000000000000000e+00,0.000000000000000000e+00
5.189223759472267261e+01,0.000000000000000000e+00,0.000000000000000000e+00
5.554317082304444853e+01,0.000000000000000000e+00,0.000000000000000000e+00
5.120718561371535316e+01,0.000000000000000000e+00,0.000000000000000000e+00
5.684716762666214862e+01,0.000000000000000000e+00,0.000000000000000000e+00
5.411674937821676679e+01,0.000000000000000000e+00,0.000000000000000000e+00
5.471914104908253051e+01,0.000000000000000000e+00,0.000000000000000000e+00
5.531075223924905515e+01,0.000000000000000000e+00,0.000000000000000000e+00
5.466013566608284435e+01,0.000000000000000000e+00,0.000000000000000000e+00
5.419922500137431598e+01,0.000000000000000000e+00,0.000000000000000000e+00
5.220679739105135297e+01,0.000000000000000000e+00,0.000000000000000000e+00
5.457502429533337818e+01,0.000000000000000000e+00,0.000000000000000000e+00
5.441072078041929672e+01,0.000000000000000000e+00,0.000000000000000000e+00
5.126197641047907894e+01,0.000000000000000000e+00,0.000000000000000000e+00
5.384480023546836236e+01,0.000000000000000000e+00,0.000000000000000000e+00
5.434039277800574297e+01,0.000000000000000000e+00,0.000000000000000000e+00
4.957690158131222802e+01,0.000000000000000000e+00,0.000000000000000000e+00
5.455010522736328227e+01,0.000000000000000000e+00,0.000000000000000000e+00
5.100131065807788389e+01,0.000000000000000000e+00,0.000000000000000000e+00
4.867839462338725554e+01,0.000000000000000000e+00,0.000000000000000000e+00
5.283650531737709599e+01,0.000000000000000000e+00,0.000000000000000000e+00
5.189097063190173742e+01,0.000000000000000000e+00,0.000000000000000000e+00
5.057236414554095916e+01,0.000000000000000000e+00,0.000000000000000000e+00
5.150216792856712544e+01,0.000000000000000000e+00,0.000000000000000000e+00
4.914972492393395953e+01,0.000000000000000000e+00,0.000000000000000000e+00
5.248703368757968235e+01,0.000000000000000000e+00,0.000000000000000000e+00
5.338791310353384745e+01,0.000000000000000000e+00,0.000000000000000000e+00
5.473096000102449210e+01,0.000000000000000000e+00,0.000000000000000000e+00
5.065559680053440417e+01,0.000000000000000000e+00,0.000000000000000000e+00
5.477662649698461905e+01,0.000000000000000000e+00,0.000000000000000000e+00
4.731566581627265577e+01,0.000000000000000000e+00,0.000000000000000000e+00
5.399845025076694327e+01,0.000000000000000000e+00,0.000000000000000000e+00
5.510305274761330452e+01,0.000000000000000000e+00,0.000000000000000000e+00
5.231785448763197621e+01,0.000000000000000000e+00,0.000000000000000000e+00
5.086389641230918812e+01,0.000000000000000000e+00,0.000000000000000000e+00
5.337845823106943755e+01,0.000000000000000000e+00,0.000000000000000000e+00
4.975131222833388733e+01,0.000000000000000000e+00,0.000000000000000000e+00
5.293729301569353396e+01,0.000000000000000000e+00,0.000000000000000000e+00
5.134221652763962851e+01,0.000000000000000000e+00,0.000000000000000000e+00
5.010603645781270643e+01,0.000000000000000000e+00,0.000000000000000000e+00
5.172467733941289936e+01,0.000000000000000000e+00,0.000000000000000000e+00
5.282819961699837563e+01,0.000000000000000000e+00,0.000000000000000000e+00
5.202013840191356309e+01,0.000000000000000000e+00,0.000000000000000000e+00
5.098285237797612268e+01,0.000000000000000000e+00,0.000000000000000000e+00
5.013716016743804005e+01,0.000000000000000000e+00,0.000000000000000000e+00
4.819684866633877363e+01,0.000000000000000000e+00,0.000000000000000000e+00
5.054753272133164188e+01,0.000000000000000000e+00,0.000000000000000000e+00
5.236172919053849739e+01,0.000000000000000000e+00,0.000000000000000000e+00
5.513049470218909676e+01,0.000000000000000000e+00,0.000000000000000000e+00
4.933916210982202699e+01,0.000000000000000000e+00,0.000000000000000000e+00
5.047494434209526304e+01,0.000000000000000000e+00,0.000000000000000000e+00
5.053748679989165993e+01,0.000000000000000000e+00,0.000000000000000000e+00
5.193918876271076357e+01,0.000000000000000000e+00,0.000000000000000000e+00
5.076525334216439234e+01,0.000000000000000000e+00,0.000000000000000000e+00
4.846392945676073793e+01,0.000000000000000000e+00,0.000000000000000000e+00
4.977983124398680559e+01,0.000000000000000000e+00,0.000000000000000000e+00
4.922930543201502473e+01,0.000000000000000000e+00,0.000000000000000000e+00
5.249913885937299085e+01,0.000000000000000000e+00,0.000000000000000000e+00
5.049568045029671737e+01,0.000000000000000000e+00,0.000000000000000000e+00
4.874861838822154425e+01,0.000000000000000000e+00,0.000000000000000000e+00
5.256595409142288133e+01,0.000000000000000000e+00,0.000000000000000000e+00
4.946446445485261023e+01,0.000000000000000000e+00,0.000000000000000000e+00
5.223717586197329865e+01,0.000000000000000000e+00,0.000000000000000000e+00
4.673578794941990822e+01,0.000000000000000000e+00,0.000000000000000000e+00
4.643395377587947337e+01,0.000000000000000000e+00,0.000000000000000000e+00
5.299860406633700904e+01,0.000000000000000000e+00,0.000000000000000000e+00
5.155605305284282025e+01,0.000000000000000000e+00,0.000000000000000000e+00
4.786788853527365717e+01,0.000000000000000000e+00,0.000000000000000000e+00
4.782887816880520404e+01,0.000000000000000000e+00,0.000000000000000000e+00
4.871164979431592457e+01,0.000000000000000000e+00,0.000000000000000000e+00
4.568826678932499163e+01,0.000000000000000000e+00,0.000000000000000000e+00
5.072697046526941733e+01,0.000000000000000000e+00,0.000000000000000000e+00
5.226800123021816091e+01,0.000000000000000000e+00,0.000000000000000000e+00
4.660558823137399287e+01,0.000000000000000000e+00,0.000000000000000000e+00
4.799695368923120498e+01,0.000000000000000000e+00,0.000000000000000000e+00
4.896763900027344363e+01,0.000000000000000000e+00,0.000000000000000000e+00
4.905803385832502528e+01,0.000000000000000000e+00,0.000000000000000000e+00
4.720260066997828119e+01,0.000000000000000000e+00,0.000000000000000000e+00
4.772078265487121485e+01,0.000000000000000000e+00,0.000000000000000000e+00
4.431221718120841047e+01,0.000000000000000000e+00,0.000000000000000000e+00
4.659313702517749789e+01,0.000000000000000000e+00,0.000000000000000000e+00
4.685262551695108613e+01,0.000000000000000000e+00,0.000000000000000000e+00
4.726789370742669405e+01,0.000000000000000000e+00,0.000000000000000000e+00
4.763190263398504243e+01,0.000000000000000000e+00,0.000000000000000000e+00
4.717417346810410805e+01,0.000000000000000000e+00,0.000000000000000000e+00
4.962128789636427229e+01,0.000000000000000000e+00,0.000000000000000000e+00
4.857295833801655505e+01,0.000000000000000000e+00,0.000000000000000000e+00
4.629948125943048609e+01,0.000000000000000000e+00,0.000000000000000000e+00
4.764329863362729611e+01,0.000000000000000000e+00,0.000000000000000000e+00
4.724532393262035157e+01,0.000000000000000000e+00,0.000000000000000000e+00
4.875721614651248359e+01,0.000000000000000000e+00,0.000000000000000000e+00
4.339010457697083467e+01,0.000000000000000000e+00,0.000000000000000000e+00
4.798120758178438194e+01,0.000000000000000000e+00,0.000000000000000000e+00
4.481175035364509540e+01,0.000000000000000000e+00,0.000000000000000000e+00
4.730555508724664548e+01,0.000000000000000000e+00,0.000000000000000000e+00
4.702673402520670010e+01,0.000000000000000000e+00,0.000000000000000000e+00
4.639627269596637404e+01,0.000000000000000000e+00,0.000000000000000000e+00
4.749354657112003508e+01,0.000000000000000000e+00,0.000000000000000000e+00
4.587572604323502645e+01,0.000000000000000000e+00,0.000000000000000000e+00
4.838884123747406818e+01,0.000000000000000000e+00,0.000000000000000000e+00
4.566100317787932994e+01,0.000000000000000000e+00,0.000000000000000000e+00
4.845303510943698910e+01,0.000000000000000000e+00,0.000000000000000000e+00
4.501716099600245258e+01,0.000000000000000000e+00,0.000000000000000000e+00
4.627093174051017144e+01,0.000000000000000000e+00,0.000000000000000000e+00
4.613286901526040396e+01,0.000000000000000000e+00,0.000000000000000000e+00
4.454722558908042629e+01,0.000000000000000000e+00,0.000000000000000000e+00
4.839294661241111584e+01,0.000000000000000000e+00,0.000000000000000000e+00
4.888007178484865278e+01,0.000000000000000000e+00,0.000000000000000000e+00
4.666518759520241133e+01,0.000000000000000000e+00,0.000000000000000000e+00
4.760884522898532367e+01,0.000000000000000000e+00,0.000000000000000000e+00
4.636709805487662805e+01,0.000000000000000000e+00,0.000000000000000000e+00
4.526457538064710917e+01,0.000000000000000000e+00,0.000000000000000000e+00
4.393172357518289317e+01,0.000000000000000000e+00,0.000000000000000000e+00
4.224366845241986823e+01,0.000000000000000000e+00,0.000000000000000000e+00
4.685101025416626896e+01,0.000000000000000000e+00,0.000000000000000000e+00
4.539829321251023231e+01,0.000000000000000000e+00,0.000000000000000000e+00
4.265884669571622823e+01,0.000000000000000000e+00,0.000000000000000000e+00
4.644935497529584012e+01,0.000000000000000000e+00,0.000000000000000000e+00
4.570254738335312084e+01,0.000000000000000000e+00,0.000000000000000000e+00
4.096002550124298835e+01,0.000000000000000000e+00,0.000000000000000000e+00
4.326393099884825943e+01,0.000000000000000000e+00,0.000000000000000000e+00
4.113297266435257171e+01,0.000000000000000000e+00,0.000000000000000000e+00
4.196576178189195616e+01,0.000000000000000000e+00,0.000000000000000000e+00
4.287959961842579304e+01,0.000000000000000000e+00,0.000000000000000000e+00
4.315993642045034306e+01,0.000000000000000000e+00,0.000000000000000000e+00
4.443879821956500109e+01,0.000000000000000000e+00,0.000000000000000000e+00
4.380312989147728331e+01,0.000000000000000000e+00,0.000000000000000000e+00
4.053121238312274244e+01,0.000000000000000000e+00,0.000000000000000000e+00
4.278019752361159789e+01,0.000000000000000000e+00,0.000000000000000000e+00
4.255883963464394526e+01,0.000000000000000000e+00,0.000000000000000000e+00
4.373187541719413929e+01,0.000000000000000000e+00,0.000000000000000000e+00
4.311887701565967745e+01,0.000000000000000000e+00,0.000000000000000000e+00
4.452496543716001298e+01,0.000000000000000000e+00,0.000000000000000000e+00
4.217600934422743109e+01,0.000000000000000000e+00,0.000000000000000000e+00
4.349990868468594130e+01,0.000000000000000000e+00,0.000000000000000000e+00
4.381254814473629722e+01,0.000000000000000000e+00,0.000000000000000000e+00
4.127112219509928082e+01,0.000000000000000000e+00,0.000000000000000000e+00
4.135638848056453298e+01,0.000000000000000000e+00,0.000000000000000000e+00
4.478218482738011375e+01,0.000000000000000000e+00,0.000000000000000000e+00
4.342876630768832769e+01,0.000000000000000000e+00,0.000000000000000000e+00
4.416170867672800426e+01,0.000000000000000000e+00,0.000000000000000000e+00
3.958188252414028341e+01,0.000000000000000000e+00,0.000000000000000000e+00
4.508563527701377893e+01,0.000000000000000000e+00,0.000000000000000000e+00
4.290493606834248652e+01,0.000000000000000000e+00,0.000000000000000000e+00
4.230021050192754473e+01,0.000000000000000000e+00,0.000000000000000000e+00
4.441538027775919062e+01,0.000000000000000000e+00,0.000000000000000000e+00
4.432377775590113345e+01,0.000000000000000000e+00,0.000000000000000000e+00
4.012184870486009203e+01,0.000000000000000000e+00,0.000000000000000000e+00
4.158992512430143051e+01,0.000000000000000000e+00,0.000000000000000000e+00
4.278581588552908954e+01,0.000000000000000000e+00,0.000000000000000000e+00
4.040198801036363108e+01,0.000000000000000000e+00,0.000000000000000000e+00
4.069296172690775393e+01,0.000000000000000000e+00,0.000000000000000000e+00
4.571893333296065265e+01,0.000000000000000000e+00,0.000000000000000000e+00
3.998032924500952134e+01,0.000000000000000000e+00,0.000000000000000000e+00
3.941622007920121007e+01,0.000000000000000000e+00,0.000000000000000000e+00
4.167517549011557776e+01,0.000000000000000000e+00,0.000000000000000000e+00
4.042890968989653544e+01,0.000000000000000000e+00,0.000000000000000000e+00
4.350994982804281364e+01,0.000000000000000000e+00,0.000000000000000000e+00
4.034904210630283927e+01,0.000000000000000000e+00,0.000000000000000000e+00
3.921686984389356923e+01,0.000000000000000000e+00,0.000000000000000000e+00
4.625300790489140468e+01,0.000000000000000000e+00,0.000000000000000000e+00
4.485581372640499609e+01,0.000000000000000000e+00,0.000000000000000000e+00
4.437743062626318391e+01,0.000000000000000000e+00,0.000000000000000000e+00
4.290554415043801839e+01,0.000000000000000000e+00,0.000000000000000000e+00
3.959883065104943967e+01,0.000000000000000000e+00,0.000000000000000000e+00
4.179301006646159067e+01,0.000000000000000000e+00,0.000000000000000000e+00
4.213243834757230388e+01,0.000000000000000000e+00,0.000000000000000000e+00
3.796444563984551479e+01,0.000000000000000000e+00,0.000000000000000000e+00
4.311657326575156901e+01,0.000000000000000000e+00,0.000000000000000000e+00
4.131168133653712715e+01,0.000000000000000000e+00,0.000000000000000000e+00
4.045747237477650060e+01,0.000000000000000000e+00,0.000000000000000000e+00
4.167213698156810153e+01,0.000000000000000000e+00,0.000000000000000000e+00
4.119933204868901555e+01,0.000000000000000000e+00,0.000000000000000000e+00
3.983592792677168859e+01,0.000000000000000000e+00,0.000000000000000000e+00
4.154708237020744122e+01,0.000000000000000000e+00,0.000000000000000000e+00
4.118816851878949592e+01,0.000000000000000000e+00,0.000000000000000000e+00
3.984925101974222628e+01,0.000000000000000000e+00,0.000000000000000000e+00
3.785050671482429152e+01,0.000000000000000000e+00,0.000000000000000000e+00
3.687556993193355481e+01,0.000000000000000000e+00,0.000000000000000000e+00
4.256052568017852877e+01,0.000000000000000000e+00,0.000000000000000000e+00
4.266370047893402528e+01,0.000000000000000000e+00,0.000000000000000000e+00
4.221687521570052581e+01,0.000000000000000000e+00,0.000000000000000000e+00
4.096584369201544717e+01,0.000000000000000000e+00,0.000000000000000000e+00
3.716588226616712376e+01,0.000000000000000000e+00,0.000000000000000000e+00
4.052525214328935022e+01,0.000000000000000000e+00,0.000000000000000000e+00
3.944972124768628419e+01,0.000000000000000000e+00,0.000000000000000000e+00
4.015826803635935249e+01,0.000000000000000000e+00,0.000000000000000000e+00
3.892881292105100499e+01,0.000000000000000000e+00,0.000000000000000000e+00
3.778234654190450215e+01,0.000000000000000000e+00,0.000000000000000000e+00
3.861671626175497352e+01,0.000000000000000000e+00,0.000000000000000000e+00
3.987330321500288477e+01,0.000000000000000000e+00,0.000000000000000000e+00
3.614263233587906399e+01,0.000000000000000000e+00,0.000000000000000000e+00
4.067625739154105702e+01,0.000000000000000000e+00,0.000000000000000000e+00
3.688456149546758667e+01,0.000000000000000000e+00,0.000000000000000000e+00
3.606757616784180698e+01,0.000000000000000000e+00,0.000000000000000000e+00
3.805265133485576712e+01,0.000000000000000000e+00,0.000000000000000000e+00
3.819913392108646377e+01,0.000000000000000000e+00,0.000000000000000000e+00
3.780617615269682119e+01,0.000000000000000000e+00,0.000000000000000000e+00
3.702006894973438023e+01,0.000000000000000000e+00,0.000000000000000000e+00
4.011780251593902591e+01,0.000000000000000000e+00,0.000000000000000000e+00
4.031984637710286989e+01,0.000000000000000000e+00,0.000000000000000000e+00
4.037888189359116353e+01,0.000000000000000000e+00,0.000000000000000000e+00
4.291166808047734094e+01,0.000000000000000000e+00,0.000000000000000000e+00
3.851250120620564843e+01,0.000000000000000000e+00,0.000000000000000000e+00
3.835199989071175963e+01,0.000000000000000000e+00,0.000000000000000000e+00
3.466540239778657906e+01,0.000000000000000000e+00,0.000000000000000000e+00
3.604438158076992949e+01,0.000000000000000000e+00,0.000000000000000000e+00
3.892494455889453775e+01,0.000000000000000000e+00,0.000000000000000000e+00
3.865666782569012838e+01,0.000000000000000000e+00,0.000000000000000000e+00
3.586494448761533960e+01,0.000000000000000000e+00,0.000000000000000000e+00
3.509107021344491528e+01,0.000000000000000000e+00,0.000000000000000000e+00
3.982699741624499978e+01,0.000000000000000000e+00,0.000000000000000000e+00
3.764152067748306507e+01,0.000000000000000000e+00,0.000000000000000000e+00
3.737823405128717269e+01,0.000000000000000000e+00,0.000000000000000000e+00
3.550499471067799107e+01,0.000000000000000000e+00,0.000000000000000000e+00
3.608464869741040815e+01,0.000000000000000000e+00,0.000000000000000000e+00
3.517234820674649143e+01,0.000000000000000000e+00,0.000000000000000000e+00
3.536883095589751491e+01,0.000000000000000000e+00,0.000000000000000000e+00
3.722172614193507201e+01,0.000000000000000000e+00,0.000000000000000000e+00
3.468882939702390900e+01,0.000000000000000000e+00,0.000000000000000000e+00
3.685462729827035844e+01,0.000000000000000000e+00,0.000000000000000000e+00
3.896558904951751146e+01,0.000000000000000000e+00,0.000000000000000000e+00
3.283793476502486186e+01,0.000000000000000000e+00,0.000000000000000000e+00
3.716425535518589385e+01,0.000000000000000000e+00,0.000000000000000000e+00
4.114585351209126429e+01,0.000000000000000000e+00,0.000000000000000000e+00
3.731976513155577635e+01,0.000000000000000000e+00,0.000000000000000000e+00
3.542377418573096293e+01,0.000000000000000000e+00,0.000000000000000000e+00
3.871427183449225140e+01,0.000000000000000000e+00,0.000000000000000000e+00
3.785019332393754610e+01,0.000000000000000000e+00,0.000000000000000000e+00
3.709613715116793031e+01,0.000000000000000000e+00,0.000000000000000000e+00
3.851049061766801884e+01,0.000000000000000000e+00,0.000000000000000000e+00
3.232796604950954134e+01,0.000000000000000000e+00,0.000000000000000000e+00
3.561103217876470950e+01,0.000000000000000000e+00,0.000000000000000000e+00
3.456495804438208097e+01,0.000000000000000000e+00,0.000000000000000000e+00
3.489547664138929406e+01,0.000000000000000000e+00,0.000000000000000000e+00
3.870271807106244921e+01,0.000000000000000000e+00,0.000000000000000000e+00
3.387124630617719845e+01,0.000000000000000000e+00,0.000000000000000000e+00
3.542720683005076410e+01,0.000000000000000000e+00,0.000000000000000000e+00
3.475682264733034543e+01,0.000000000000000000e+00,0.000000000000000000e+00
3.502217694853325014e+01,0.000000000000000000e+00,0.000000000000000000e+00
3.862527884464659422e+01,0.000000000000000000e+00,0.000000000000000000e+00
4.064197676156545214e+01,0.000000000000000000e+00,0.000000000000000000e+00
3.542648901010200291e+01,0.000000000000000000e+00,0.000000000000000000e+00
3.422649884219993055e+01,0.000000000000000000e+00,0.000000000000000000e+00
3.366934491265969598e+01,0.000000000000000000e+00,0.000000000000000000e+00
3.301405286398353667e+01,0.000000000000000000e+00,0.000000000000000000e+00
3.261221815614261743e+01,0.000000000000000000e+00,0.000000000000000000e+00
3.804368300658442337e+01,0.000000000000000000e+00,0.000000000000000000e+00
3.656038527315035225e+01,0.000000000000000000e+00,0.000000000000000000e+00
3.319658121605088041e+01,0.000000000000000000e+00,0.000000000000000000e+00
3.198624736318453188e+01,0.000000000000000000e+00,0.000000000000000000e+00
3.485720114297252081e+01,0.000000000000000000e+00,0.000000000000000000e+00
3.602755195807574751e+01,0.000000000000000000e+00,0.000000000000000000e+00
3.325122038297855198e+01,0.000000000000000000e+00,0.000000000000000000e+00
3.474134883721820444e+01,0.000000000000000000e+00,0.000000000000000000e+00
3.422881808184686037e+01,0.000000000000000000e+00,0.000000000000000000e+00
3.492301578421272268e+01,0.000000000000000000e+00,0.000000000000000000e+00
3.035228764103491983e+01,0.000000000000000000e+00,0.000000000000000000e+00
3.242922866550710381e+01,0.000000000000000000e+00,0.000000000000000000e+00
3.595139100763044127e+01,0.000000000000000000e+00,0.000000000000000000e+00
3.710332224404351109e+01,0.000000000000000000e+00,0.000000000000000000e+00
3.300401100880529270e+01,0.000000000000000000e+00,0.000000000000000000e+00
3.154246311770600641e+01,0.000000000000000000e+00,0.000000000000000000e+00
3.321915789430629928e+01,0.000000000000000000e+00,0.000000000000000000e+00
3.492698051852332952e+01,0.000000000000000000e+00,0.000000000000000000e+00
3.552310542749841460e+01,0.000000000000000000e+00,0.000000000000000000e+00
3.322531966965436112e+01,0.000000000000000000e+00,0.000000000000000000e+00
3.102972651828789097e+01,0.000000000000000000e+00,0.000000000000000000e+00
3.479018454045265685e+01,0.000000000000000000e+00,0.000000000000000000e+00
3.228888861330437976e+01,0.000000000000000000e+00,0.000000000000000000e+00
3.189878200248095297e+01,0.000000000000000000e+00,0.000000000000000000e+00
3.307499195894599353e+01,0.000000000000000000e+00,0.000000000000000000e+00
3.263562308071256979e+01,0.000000000000000000e+00,0.000000000000000000e+00
3.471175026407485831e+01,0.000000000000000000e+00,0.000000000000000000e+00
3.428065910390454718e+01,0.000000000000000000e+00,0.000000000000000000e+00
3.216615529814209395e+01,0.000000000000000000e+00,0.000000000000000000e+00
3.638847743697388637e+01,0.000000000000000000e+00,0.000000000000000000e+00
3.180611493615770513e+01,0.000000000000000000e+00,0.000000000000000000e+00
3.136627858684965986e+01,0.000000000000000000e+00,0.000000000000000000e+00
3.092968071072001734e+01,0.000000000000000000e+00,0.000000000000000000e+00
3.386887002429572391e+01,0.000000000000000000e+00,0.000000000000000000e+00
3.220698219224831860e+01,0.000000000000000000e+00,0.000000000000000000e+00
3.041691780716089610e+01,0.000000000000000000e+00,0.000000000000000000e+00
3.226698597930310797e+01,0.000000000000000000e+00,0.000000000000000000e+00
3.149118256275432870e+01,0.000000000000000000e+00,0.000000000000000000e+00
3.212510744161694021e+01,0.000000000000000000e+00,0.000000000000000000e+00
3.285670634954560398e+01,0.000000000000000000e+00,0.000000000000000000e+00
3.092387927210344500e+01,0.000000000000000000e+00,0.000000000000000000e+00
3.196896391541550031e+01,0.000000000000000000e+00,0.000000000000000000e+00
3.470826658162798850e+01,0.000000000000000000e+00,0.000000000000000000e+00
3.388595337896354209e+01,0.000000000000000000e+00,0.000000000000000000e+00
3.278636456454284342e+01,0.000000000000000000e+00,0.000000000000000000e+00
3.191469688497582524e+01,0.000000000000000000e+00,0.000000000000000000e+00
3.090815141273559874e+01,0.000000000000000000e+00,0.000000000000000000e+00
3.254943054093943999e+01,0.000000000000000000e+00,0.000000000000000000e+00
3.092491252869488250e+01,0.000000000000000000e+00,0.000000000000000000e+00
3.312061877495541040e+01,0.000000000000000000e+00,0.000000000000000000e+00
3.303724286478498584e+01,0.000000000000000000e+00,0.000000000000000000e+00
3.349011484760467283e+01,0.000000000000000000e+00,0.000000000000000000e+00
2.987734723418203941e+01,0.000000000000000000e+00,0.000000000000000000e+00
3.106333070204651392e+01,0.000000000000000000e+00,0.000000000000000000e+00
2.801233002427301955e+01,0.000000000000000000e+00,0.000000000000000000e+00
3.150752205756383262e+01,0.000000000000000000e+00,0.000000000000000000e+00
3.043963390258076274e+01,0.000000000000000000e+00,0.000000000000000000e+00
3.267624746185440898e+01,0.000000000000000000e+00,0.000000000000000000e+00
3.202250102460124737e+01,0.000000000000000000e+00,0.000000000000000000e+00
3.373074820865883083e+01,0.000000000000000000e+00,0.000000000000000000e+00
2.829200158023848388e+01,0.000000000000000000e+00,0.000000000000000000e+00
2.974680769817091175e+01,0.000000000000000000e+00,0.000000000000000000e+00
2.803405725716654118e+01,0.000000000000000000e+00,0.000000000000000000e+00
2.845657121290998859e+01,0.000000000000000000e+00,0.000000000000000000e+00
3.273861485234263569e+01,0.000000000000000000e+00,0.000000000000000000e+00
3.098319093624548870e+01,0.000000000000000000e+00,0.000000000000000000e+00
3.074972012868375515e+01,0.000000000000000000e+00,0.000000000000000000e+00
2.930313537527906220e+01,0.000000000000000000e+00,0.000000000000000000e+00
3.274629083735422341e+01,0.000000000000000000e+00,0.000000000000000000e+00
2.946946627977121480e+01,0.000000000000000000e+00,0.000000000000000000e+00
2.886858711139752387e+01,0.000000000000000000e+00,0.000000000000000000e+00
3.302053368971944991e+01,0.000000000000000000e+00,0.000000000000000000e+00
2.995102468879320412e+01,0.000000000000000000e+00,0.000000000000000000e+00
3.177166054375251036e+01,0.000000000000000000e+00,0.000000000000000000e+00
3.312245511697167899e+01,0.000000000000000000e+00,0.000000000000000000e+00
3.092737469512644211e+01,0.000000000000000000e+00,0.000000000000000000e+00
3.052392804034012030e+01,0.000000000000000000e+00,0.000000000000000000e+00
3.012813720845652554e+01,0.000000000000000000e+00,0.000000000000000000e+00
3.052817916035282764e+01,0.000000000000000000e+00,0.000000000000000000e+00
3.148879254243035675e+01,0.000000000000000000e+00,0.000000000000000000e+00
2.605286061201307035e+01,0.000000000000000000e+00,0.000000000000000000e+00
3.247424583902866146e+01,0.000000000000000000e+00,0.000000000000000000e+00
3.103571175766135326e+01,0.000000000000000000e+00,0.000000000000000000e+00
3.056697329980370981e+01,0.000000000000000000e+00,0.000000000000000000e+00
3.447782464600730634e+01,0.000000000000000000e+00,0.000000000000000000e+00
2.677311203245140092e+01,0.000000000000000000e+00,0.000000000000000000e+00
3.161800907980245157e+01,0.000000000000000000e+00,0.000000000000000000e+00
2.747179509790442609e+01,0.000000000000000000e+00,0.000000000000000000e+00
2.909647696763854796e+01,0.000000000000000000e+00,0.000000000000000000e+00
2.841765084707153832e+01,0.000000000000000000e+00,0.000000000000000000e+00
2.670735160248814921e+01,0.000000000000000000e+00,0.000000000000000000e+00
2.844846713075789069e+01,0.000000000000000000e+00,0.000000000000000000e+00
2.707611907463408585e+01,0.000000000000000000e+00,0.000000000000000000e+00
3.273749072793120263e+01,0.000000000000000000e+00,0.000000000000000000e+00
2.987132042058584958e+01,0.000000000000000000e+00,0.000000000000000000e+00
3.100824738307931483e+01,0.000000000000000000e+00,0.000000000000000000e+00
2.686836701607658640e+01,0.000000000000000000e+00,0.000000000000000000e+00
3.339660523334568154e+01,0.000000000000000000e+00,0.000000000000000000e+00
2.939368545573054448e+01,0.000000000000000000e+00,0.000000000000000000e+00
2.686433459833107662e+01,0.000000000000000000e+00,0.000000000000000000e+00
2.930132064672141468e+01,0.000000000000000000e+00,0.000000000000000000e+00
3.046144082253615082e+01,0.000000000000000000e+00,0.000000000000000000e+00
2.859926436804484595e+01,0.000000000000000000e+00,0.000000000000000000e+00
2.688244455189695614e+01,0.000000000000000000e+00,0.000000000000000000e+00
2.895255539553724233e+01,0.000000000000000000e+00,0.000000000000000000e+00
2.821637333384212809e+01,0.000000000000000000e+00,0.000000000000000000e+00
2.761071546656497944e+01,0.000000000000000000e+00,0.000000000000000000e+00
2.756953365562095115e+01,0.000000000000000000e+00,0.000000000000000000e+00
2.971898101954108284e+01,0.000000000000000000e+00,0.000000000000000000e+00
2.568379397157680089e+01,0.000000000000000000e+00,0.000000000000000000e+00
2.627238365308857837e+01,0.000000000000000000e+00,0.000000000000000000e+00
2.661969041939777725e+01,0.000000000000000000e+00,0.000000000000000000e+00
2.580116307700239275e+01,0.000000000000000000e+00,0.000000000000000000e+00
2.806873122617583860e+01,0.000000000000000000e+00,0.000000000000000000e+00
2.921570273174394217e+01,0.000000000000000000e+00,0.000000000000000000e+00
2.541503397196536795e+01,0.000000000000000000e+00,0.000000000000000000e+00
2.875918670762227336e+01,0.000000000000000000e+00,0.000000000000000000e+00
2.498318562778872476e+01,0.000000000000000000e+00,0.000000000000000000e+00
2.510850219249644155e+01,0.000000000000000000e+00,0.000000000000000000e+00
2.531905397236117494e+01,0.000000000000000000e+00,0.000000000000000000e+00
2.825200374423071636e+01,0.000000000000000000e+00,0.000000000000000000e+00
2.922422257239247045e+01,0.000000000000000000e+00,0.000000000000000000e+00
2.792821644348993004e+01,0.000000000000000000e+00,0.000000000000000000e+00
2.532404603008910726e+01,0.000000000000000000e+00,0.000000000000000000e+00
2.808518721177622979e+01,0.000000000000000000e+00,0.000000000000000000e+00
2.943222438212986702e+01,0.000000000000000000e+00,0.000000000000000000e+00
2.703572048169215947e+01,0.000000000000000000e+00,0.000000000000000000e+00
3.019577466718358139e+01,0.000000000000000000e+00,0.000000000000000000e+00
2.632207215439524361e+01,0.000000000000000000e+00,0.000000000000000000e+00
2.725554366639420323e+01,0.000000000000000000e+00,0.000000000000000000e+00
2.270733019707527589e+01,0.000000000000000000e+00,0.000000000000000000e+00
2.432936219967814395e+01,0.000000000000000000e+00,0.000000000000000000e+00
2.701391105741032916e+01,0.000000000000000000e+00,0.000000000000000000e+00
2.695221752255683256e+01,0.000000000000000000e+00,0.000000000000000000e+00
2.710454362604768974e+01,0.000000000000000000e+00,0.000000000000000000e+00
2.489270827849453482e+01,0.000000000000000000e+00,0.000000000000000000e+00
2.585452804845220953e+01,0.000000000000000000e+00,0.000000000000000000e+00
2.566189717095884504e+01,0.000000000000000000e+00,0.000000000000000000e+00
2.482052119443629934e+01,0.000000000000000000e+00,0.000000000000000000e+00
2.744468190979273814e+01,0.000000000000000000e+00,0.000000000000000000e+00
2.797543096066810620e+01,0.000000000000000000e+00,0.000000000000000000e+00
2.213254783812823590e+01,0.000000000000000000e+00,0.000000000000000000e+00
2.517381978223052386e+01,0.000000000000000000e+00,0.000000000000000000e+00
2.899761357333266787e+01,0.000000000000000000e+00,0.000000000000000000e+00
2.648529668573773321e+01,0.000000000000000000e+00,0.000000000000000000e+00
2.472864835116746107e+01,0.000000000000000000e+00,0.000000000000000000e+00
2.784956198783015680e+01,0.000000000000000000e+00,0.000000000000000000e+00
2.778185774511627315e+01,0.000000000000000000e+00,0.000000000000000000e+00
2.673584854371762276e+01,0.000000000000000000e+00,0.000000000000000000e+00
2.473689855042680108e+01,0.000000000000000000e+00,0.000000000000000000e+00
2.839580016263580120e+01,0.000000000000000000e+00,0.000000000000000000e+00
2.474277155129707850e+01,0.000000000000000000e+00,0.000000000000000000e+00
2.613812614824394132e+01,0.000000000000000000e+00,0.000000000000000000e+00
2.561329893974705740e+01,0.000000000000000000e+00,0.000000000000000000e+00
2.440211013784284333e+01,0.000000000000000000e+00,0.000000000000000000e+00
2.274580985335229499e+01,0.000000000000000000e+00,0.000000000000000000e+00
2.582517492853862606e+01,0.000000000000000000e+00,0.000000000000000000e+00
2.455332207270815559e+01,0.000000000000000000e+00,0.000000000000000000e+00
2.672433117381254064e+01,0.000000000000000000e+00,0.000000000000000000e+00
2.644833581000070666e+01,0.000000000000000000e+00,0.000000000000000000e+00
2.703206993628964838e+01,0.000000000000000000e+00,0.000000000000000000e+00
2.809540961250856839e+01,0.000000000000000000e+00,0.000000000000000000e+00
2.490179327931310738e+01,0.000000000000000000e+00,0.000000000000000000e+00
2.603770849394811293e+01,0.000000000000000000e+00,0.000000000000000000e+00
2.796872544071649003e+01,0.000000000000000000e+00,0.000000000000000000e+00
2.360023997593835787e+01,0.000000000000000000e+00,0.000000000000000000e+00
2.384426051643805522e+01,0.000000000000000000e+00,0.000000000000000000e+00
2.555212065094572793e+01,0.000000000000000000e+00,0.000000000000000000e+00
2.720226918018853368e+01,0.000000000000000000e+00,0.000000000000000000e+00
2.649606045108103913e+01,0.000000000000000000e+00,0.000000000000000000e+00
2.363838752646227093e+01,0.000000000000000000e+00,0.000000000000000000e+00
2.273710301063344374e+01,0.000000000000000000e+00,0.000000000000000000e+00
2.394417037241288782e+01,0.000000000000000000e+00,0.000000000000000000e+00
2.570198772676205223e+01,0.000000000000000000e+00,0.000000000000000000e+00
2.686742011940809860e+01,0.000000000000000000e+00,0.000000000000000000e+00
2.503205070774555452e+01,0.000000000000000000e+00,0.000000000000000000e+00
2.538553991611761873e+01,0.000000000000000000e+00,0.000000000000000000e+00
2.726662245967646925e+01,0.000000000000000000e+00,0.000000000000000000e+00
2.554261618624547836e+01,0.000000000000000000e+00,0.000000000000000000e+00
2.320264146141473205e+01,0.000000000000000000e+00,0.000000000000000000e+00
2.478562729870880332e+01,0.000000000000000000e+00,0.000000000000000000e+00
2.406164655662455232e+01,0.000000000000000000e+00,0.000000000000000000e+00
2.507400067663665411e+01,0.000000000000000000e+00,0.000000000000000000e+00
2.284782515408112502e+01,0.000000000000000000e+00,0.000000000000000000e+00
2.405836110510567138e+01,0.000000000000000000e+00,0.000000000000000000e+00
2.328821820220568739e+01,0.000000000000000000e+00,0.000000000000000000e+00
2.340253997682901499e+01,0.000000000000000000e+00,0.000000000000000000e+00
2.174424267866497829e+01,0.000000000000000000e+00,0.000000000000000000e+00
2.444241380640243833e+01,0.000000000000000000e+00,0.000000000000000000e+00
2.496756618320552690e+01,0.000000000000000000e+00,0.000000000000000000e+00
2.631535099338282535e+01,0.000000000000000000e+00,0.000000000000000000e+00
2.730137996357755981e+01,0.000000000000000000e+00,0.000000000000000000e+00
2.117766788210578710e+01,0.000000000000000000e+00,0.000000000000000000e+00
2.711838521112628086e+01,0.000000000000000000e+00,0.000000000000000000e+00
2.345669603947920123e+01,0.000000000000000000e+00,0.000000000000000000e+00
2.746119110443147449e+01,0.000000000000000000e+00,0.000000000000000000e+00
2.452167140169730430e+01,0.000000000000000000e+00,0.000000000000000000e+00
1.961307710143285377e+01,0.000000000000000000e+00,0.000000000000000000e+00
2.298864690087260954e+01,0.000000000000000000e+00,0.000000000000000000e+00
2.441306850024577102e+01,0.000000000000000000e+00,0.000000000000000000e+00
2.187352765163208801e+01,0.000000000000000000e+00,0.000000000000000000e+00
2.451814450234615705e+01,0.000000000000000000e+00,0.000000000000000000e+00
2.268935583448188709e+01,0.000000000000000000e+00,0.000000000000000000e+00
2.544554860928585072e+01,0.000000000000000000e+00,0.000000000000000000e+00
2.094535664116307672e+01,0.000000000000000000e+00,0.000000000000000000e+00
2.630090218867505669e+01,0.000000000000000000e+00,0.000000000000000000e+00
2.417030725440827510e+01,0.000000000000000000e+00,0.000000000000000000e+00
2.067090118451679359e+01,0.000000000000000000e+00,0.000000000000000000e+00
1.944756523224813805e+01,0.000000000000000000e+00,0.000000000000000000e+00
2.270998428263647639e+01,0.000000000000000000e+00,0.000000000000000000e+00
2.158900688437646309e+01,0.000000000000000000e+00,0.000000000000000000e+00
2.604226203594048528e+01,0.000000000000000000e+00,0.000000000000000000e+00
2.004174863200862333e+01,0.000000000000000000e+00,0.000000000000000000e+00
2.166775538745958585e+01,0.000000000000000000e+00,0.000000000000000000e+00
2.278711848322085487e+01,0.000000000000000000e+00,0.000000000000000000e+00
2.355850295167289943e+01,0.000000000000000000e+00,0.000000000000000000e+00
1.801989482352236394e+01,0.000000000000000000e+00,0.000000000000000000e+00
2.197658389391252598e+01,0.000000000000000000e+00,0.000000000000000000e+00
2.461632377084287171e+01,0.000000000000000000e+00,0.000000000000000000e+00
2.380848310832121228e+01,0.000000000000000000e+00,0.000000000000000000e+00
2.308569798830514941e+01,0.000000000000000000e+00,0.000000000000000000e+00
1.540564706398961548e+01,0.000000000000000000e+00,0.000000000000000000e+00
2.543598500306042354e+01,0.000000000000000000e+00,0.000000000000000000e+00
2.135443489977699016e+01,0.000000000000000000e+00,0.000000000000000000e+00
2.087019907651415807e+01,0.000000000000000000e+00,0.000000000000000000e+00
1.863239621028042592e+01,0.000000000000000000e+00,0.000000000000000000e+00
1.943670895948238808e+01,0.000000000000000000e+00,0.000000000000000000e+00
2.214375237809156616e+01,0.000000000000000000e+00,0.000000000000000000e+00
2.229522730137171038e+01,0.000000000000000000e+00,0.000000000000000000e+00
1.909007818353807551e+01,0.000000000000000000e+00,0.000000000000000000e+00
2.290783146062101849e+01,0.000000000000000000e+00,0.000000000000000000e+00
2.233189430512460305e+01,0.000000000000000000e+00,0.000000000000000000e+00
2.026687265524974180e+01,0.000000000000000000e+00,0.000000000000000000e+00
2.390702828556629100e+01,0.000000000000000000e+00,0.000000000000000000e+00
2.109471873021260535e+01,0.000000000000000000e+00,0.000000000000000000e+00
2.307335198648841512e+01,0.000000000000000000e+00,0.000000000000000000e+00
1.927077412648543486e+01,0.000000000000000000e+00,0.000000000000000000e+00
2.558919151778673751e+01,0.000000000000000000e+00,0.000000000000000000e+00
2.209652103055234917e+01,0.000000000000000000e+00,0.000000000000000000e+00
2.045494110206015748e+01,0.000000000000000000e+00,0.000000000000000000e+00
2.143002707035717336e+01,0.000000000000000000e+00,0.000000000000000000e+00
2.392680294440444655e+01,0.000000000000000000e+00,0.000000000000000000e+00
2.128826956087253208e+01,0.000000000000000000e+00,0.000000000000000000e+00
2.113041689367919673e+01,0.000000000000000000e+00,0.000000000000000000e+00
2.650161537602199502e+01,0.000000000000000000e+00,0.000000000000000000e+00
2.306249915577081566e+01,0.000000000000000000e+00,0.000000000000000000e+00
2.029425627680706157e+01,0.000000000000000000e+00,0.000000000000000000e+00
1.891102301956014387e+01,0.000000000000000000e+00,0.000000000000000000e+00
1.962719231388944863e+01,0.000000000000000000e+00,0.000000000000000000e+00
1.947536502616747001e+01,0.000000000000000000e+00,0.000000000000000000e+00
2.535106159404072201e+01,0.000000000000000000e+00,0.000000000000000000e+00
2.515410985789379339e+01,0.000000000000000000e+00,0.000000000000000000e+00
2.086748753352360453e+01,0.000000000000000000e+00,0.000000000000000000e+00
2.310898767781883478e+01,0.000000000000000000e+00,0.000000000000000000e+00
1.934353919631568886e+01,0.000000000000000000e+00,0.000000000000000000e+00
2.267931499948645424e+01,0.000000000000000000e+00,0.000000000000000000e+00
2.218606864325557382e+01,0.000000000000000000e+00,0.000000000000000000e+00
1.756465178400798166e+01,0.000000000000000000e+00,0.000000000000000000e+00
2.289581668155926053e+01,0.000000000000000000e+00,0.000000000000000000e+00
2.180542695944541620e+01,0.000000000000000000e+00,0.000000000000000000e+00
1.953602730751396166e+01,0.000000000000000000e+00,0.000000000000000000e+00
2.214468312415531059e+01,0.000000000000000000e+00,0.000000000000000000e+00
2.091577111535100997e+01,0.000000000000000000e+00,0.000000000000000000e+00
1.741535741409219540e+01,0.000000000000000000e+00,0.000000000000000000e+00
1.937952380458163049e+01,0.000000000000000000e+00,0.000000000000000000e+00
2.149400260367050208e+01,0.000000000000000000e+00,0.000000000000000000e+00
2.111164834585762051e+01,0.000000000000000000e+00,0.000000000000000000e+00
2.160069175960369847e+01,0.000000000000000000e+00,0.000000000000000000e+00
2.025641044017624637e+01,0.000000000000000000e+00,0.000000000000000000e+00
2.255509525641177504e+01,0.000000000000000000e+00,0.000000000000000000e+00
2.166515666628825088e+01,0.000000000000000000e+00,0.000000000000000000e+00
2.132830857937518232e+01,0.000000000000000000e+00,0.000000000000000000e+00
2.311413742118100245e+01,0.000000000000000000e+00,0.000000000000000000e+00
1.881849712956528009e+01,0.000000000000000000e+00,0.000000000000000000e+00
2.575842507185215524e+01,0.000000000000000000e+00,0.000000000000000000e+00
2.473540464381704140e+01,0.000000000000000000e+00,0.000000000000000000e+00
2.019334562218852014e+01,0.000000000000000000e+00,0.000000000000000000e+00
1.920760924313084317e+01,0.000000000000000000e+00,0.000000000000000000e+00
2.419728283158901405e+01,0.000000000000000000e+00,0.000000000000000000e+00
2.175625197669613797e+01,0.000000000000000000e+00,0.000000000000000000e+00
2.150215043824426076e+01,0.000000000000000000e+00,0.000000000000000000e+00
1.696236657077097121e+01,0.000000000000000000e+00,0.000000000000000000e+00
1.825777363008486631e+01,0.000000000000000000e+00,0.000000000000000000e+00
2.120930389677626593e+01,0.000000000000000000e+00,0.000000000000000000e+00
2.401981862509302701e+01,0.000000000000000000e+00,0.000000000000000000e+00
2.115271735137838860e+01,0.000000000000000000e+00,0.000000000000000000e+00
1.753559534577297541e+01,0.000000000000000000e+00,0.000000000000000000e+00
2.079658455220299373e+01,0.000000000000000000e+00,0.000000000000000000e+00
2.302337364548983345e+01,0.000000000000000000e+00,0.000000000000000000e+00
1.833108843815935529e+01,0.000000000000000000e+00,0.000000000000000000e+00
1.863143812407094657e+01,0.000000000000000000e+00,0.000000000000000000e+00
2.242865946507310326e+01,0.000000000000000000e+00,0.000000000000000000e+00
2.363428744608600951e+01,0.000000000000000000e+00,0.000000000000000000e+00
2.521384229251620823e+01,0.000000000000000000e+00,0.000000000000000000e+00
1.958167041209942738e+01,0.000000000000000000e+00,0.000000000000000000e+00
2.113242587595981448e+01,0.000000000000000000e+00,0.000000000000000000e+00
2.172148626193407495e+01,0.000000000000000000e+00,0.000000000000000000e+00
2.113877010811464530e+01,0.000000000000000000e+00,0.000000000000000000e+00
2.190001191965336957e+01,0.000000000000000000e+00,0.000000000000000000e+00
2.033221652653332612e+01,0.000000000000000000e+00,0.000000000000000000e+00
1.934618215867830671e+01,0.000000000000000000e+00,0.000000000000000000e+00
2.403183934245694076e+01,0.000000000000000000e+00,0.000000000000000000e+00
2.101451347452692175e+01,0.000000000000000000e+00,0.000000000000000000e+00
2.077304299478912597e+01,0.000000000000000000e+00,0.000000000000000000e+00
2.051474271258107507e+01,0.000000000000000000e+00,0.000000000000000000e+00
2.228993943153934154e+01,0.000000000000000000e+00,0.000000000000000000e+00
2.037155615055272762e+01,0.000000000000000000e+00,0.000000000000000000e+00
1.873726096698473853e+01,0.000000000000000000e+00,0.000000000000000000e+00
2.312136849286677176e+01,0.000000000000000000e+00,0.000000000000000000e+00
2.128631905415641157e+01,0.000000000000000000e+00,0.000000000000000000e+00
1.900029969533863650e+01,0.000000000000000000e+00,0.000000000000000000e+00
2.319692048029915910e+01,0.000000000000000000e+00,0.000000000000000000e+00
2.399245386399669044e+01,0.000000000000000000e+00,0.000000000000000000e+00
1.917781055841244253e+01,0.000000000000000000e+00,0.000000000000000000e+00
1.979185281562498844e+01,0.000000000000000000e+00,0.000000000000000000e+00
2.129210940724264844e+01,0.000000000000000000e+00,0.000000000000000000e+00
1.938811005258441611e+01,0.000000000000000000e+00,0.000000000000000000e+00
2.321002854801896831e+01,0.000000000000000000e+00,0.000000000000000000e+00
2.307371692251765793e+01,0.000000000000000000e+00,0.000000000000000000e+00
1.873742076656190747e+01,0.000000000000000000e+00,0.000000000000000000e+00
1.792518928646558152e+01,0.000000000000000000e+00,0.000000000000000000e+00
2.192268226772186424e+01,0.000000000000000000e+00,0.000000000000000000e+00
2.146843147797242324e+01,0.000000000000000000e+00,0.000000000000000000e+00
2.123505200439761254e+01,0.000000000000000000e+00,0.000000000000000000e+00
2.025274309448318277e+01,0.000000000000000000e+00,0.000000000000000000e+00
2.042256475085619272e+01,0.000000000000000000e+00,0.000000000000000000e+00
2.276513319054249962e+01,0.000000000000000000e+00,0.000000000000000000e+00
2.063652687028533350e+01,0.000000000000000000e+00,0.000000000000000000e+00
1.948512542746440701e+01,0.000000000000000000e+00,0.000000000000000000e+00
1.972965514632473827e+01,0.000000000000000000e+00,0.000000000000000000e+00
1.793467866834753011e+01,0.000000000000000000e+00,0.000000000000000000e+00
2.131207866349879865e+01,0.000000000000000000e+00,0.000000000000000000e+00
1.952714018818612374e+01,0.000000000000000000e+00,0.000000000000000000e+00
1.944600206021911148e+01,0.000000000000000000e+00,0.000000000000000000e+00
1.923466507758435995e+01,0.000000000000000000e+00,0.000000000000000000e+00
2.497359612288779829e+01,0.000000000000000000e+00,0.000000000000000000e+00
1.696017690868113093e+01,0.000000000000000000e+00,0.000000000000000000e+00
2.051092941239454248e+01,0.000000000000000000e+00,0.000000000000000000e+00
1.820939839329547283e+01,0.000000000000000000e+00,0.000000000000000000e+00
1.755380156833489025e+01,0.000000000000000000e+00,0.000000000000000000e+00
1.986003917860691104e+01,0.000000000000000000e+00,0.000000000000000000e+00
2.199559064665594832e+01,0.000000000000000000e+00,0.000000000000000000e+00
1.855691099156937085e+01,0.000000000000000000e+00,0.000000000000000000e+00
2.028906884879059191e+01,0.000000000000000000e+00,0.000000000000000000e+00
2.204076163771021868e+01,0.000000000000000000e+00,0.000000000000000000e+00
1.701423694262389574e+01,0.000000000000000000e+00,0.000000000000000000e+00
1.821523791316683827e+01,0.000000000000000000e+00,0.000000000000000000e+00
2.017761407779494576e+01,0.000000000000000000e+00,0.000000000000000000e+00
1.894031120694429404e+01,0.000000000000000000e+00,0.000000000000000000e+00
2.175553696279739313e+01,0.000000000000000000e+00,0.000000000000000000e+00
2.019066259974859889e+01,0.000000000000000000e+00,0.000000000000000000e+00
1.880735556564076560e+01,0.000000000000000000e+00,0.000000000000000000e+00
1.856081950093423316e+01,0.000000000000000000e+00,0.000000000000000000e+00
1.593856557550719621e+01,0.000000000000000000e+00,0.000000000000000000e+00
1.656390326701323801e+01,0.000000000000000000e+00,0.000000000000000000e+00
2.052452649014145791e+01,0.000000000000000000e+00,0.000000000000000000e+00
1.953855590593155966e+01,0.000000000000000000e+00,0.000000000000000000e+00
2.353639284042646906e+01,0.000000000000000000e+00,0.000000000000000000e+00
1.739469345373247577e+01,0.000000000000000000e+00,0.000000000000000000e+00
1.856803352432459064e+01,0.000000000000000000e+00,0.000000000000000000e+00
1.963948118700600887e+01,0.000000000000000000e+00,0.000000000000000000e+00
2.055120655149297804e+01,0.000000000000000000e+00,0.000000000000000000e+00
2.010107827339133735e+01,0.000000000000000000e+00,0.000000000000000000e+00
2.006259120769113835e+01,0.000000000000000000e+00,0.000000000000000000e+00
1.931012207083584542e+01,0.000000000000000000e+00,0.000000000000000000e+00
1.984594560921933848e+01,0.000000000000000000e+00,0.000000000000000000e+00
1.938008246570853288e+01,0.000000000000000000e+00,0.000000000000000000e+00
1.916404946467928738e+01,0.000000000000000000e+00,0.000000000000000000e+00
2.208927061664510560e+01,0.000000000000000000e+00,0.000000000000000000e+00
2.071149751341415524e+01,0.000000000000000000e+00,0.000000000000000000e+00
2.129206865681269534e+01,0.000000000000000000e+00,0.000000000000000000e+00
1.757310877513051395e+01,0.000000000000000000e+00,0.000000000000000000e+00
2.022109959673262125e+01,0.000000000000000000e+00,0.000000000000000000e+00
2.300947078518781908e+01,0.000000000000000000e+00,0.000000000000000000e+00
2.051427497611560824e+01,0.000000000000000000e+00,0.000000000000000000e+00
2.079840531461012176e+01,0.000000000000000000e+00,0.000000000000000000e+00
1.960527792045693474e+01,0.000000000000000000e+00,0.000000000000000000e+00
1.692549580998627690e+01,0.000000000000000000e+00,0.000000000000000000e+00
1.881450587169108246e+01,0.000000000000000000e+00,0.000000000000000000e+00
2.036083513280040691e+01,0.000000000000000000e+00,0.000000000000000000e+00
2.177334991634782924e+01,0.000000000000000000e+00,0.000000000000000000e+00
1.862853175067911948e+01,0.000000000000000000e+00,0.000000000000000000e+00
1.948788984336732355e+01,0.000000000000000000e+00,0.000000000000000000e+00
2.027586232932496557e+01,0.000000000000000000e+00,0.000000000000000000e+00
1.926628194373335035e+01,0.000000000000000000e+00,0.000000000000000000e+00
1.820323074490710269e+01,0.000000000000000000e+00,0.000000000000000000e+00
1.972015844566223919e+01,0.000000000000000000e+00,0.000000000000000000e+00
1.894451888581781063e+01,0.000000000000000000e+00,0.000000000000000000e+00
1.610850201439522422e+01,0.000000000000000000e+00,0.000000000000000000e+00
2.032286604304432842e+01,0.000000000000000000e+00,0.000000000000000000e+00
2.071271718501618508e+01,0.000000000000000000e+00,0.000000000000000000e+00
2.061739779463616173e+01,0.000000000000000000e+00,0.000000000000000000e+00
1.880969179776193556e+01,0.000000000000000000e+00,0.000000000000000000e+00
1.665003698577893232e+01,0.000000000000000000e+00,0.000000000000000000e+00
2.122986285662131678e+01,0.000000000000000000e+00,0.000000000000000000e+00
1.715486749298838731e+01,0.000000000000000000e+00,0.000000000000000000e+00
2.379865822208288151e+01,0.000000000000000000e+00,0.000000000000000000e+00
1.852930081540239371e+01,0.000000000000000000e+00,0.000000000000000000e+00
1.683473787282947143e+01,0.000000000000000000e+00,0.000000000000000000e+00
2.339390872319712145e+01,0.000000000000000000e+00,0.000000000000000000e+00
2.088827426831748113e+01,0.000000000000000000e+00,0.000000000000000000e+00
1.708851566954812284e+01,0.000000000000000000e+00,0.000000000000000000e+00
2.134650260159048329e+01,0.000000000000000000e+00,0.000000000000000000e+00
2.318240644231675063e+01,0.000000000000000000e+00,0.000000000000000000e+00
2.044881901408398406e+01,0.000000000000000000e+00,0.000000000000000000e+00
1.901620196360586590e+01,0.000000000000000000e+00,0.000000000000000000e+00
2.080600473091111269e+01,0.000000000000000000e+00,0.000000000000000000e+00
2.297278199955169953e+01,0.000000000000000000e+00,0.000000000000000000e+00
2.375033617783056528e+01,0.000000000000000000e+00,0.000000000000000000e+00
1.641248483176763528e+01,0.000000000000000000e+00,0.000000000000000000e+00
1.893227449500288273e+01,0.000000000000000000e+00,0.000000000000000000e+00
1.970981282331798923e+01,0.000000000000000000e+00,0.000000000000000000e+00
1.831775502849142612e+01,0.000000000000000000e+00,0.000000000000000000e+00
1.705850169288413909e+01,0.000000000000000000e+00,0.000000000000000000e+00
1.643874010107597528e+01,0.000000000000000000e+00,0.000000000000000000e+00
2.036875750505927485e+01,0.000000000000000000e+00,0.000000000000000000e+00
2.005006744180950307e+01,0.000000000000000000e+00,0.000000000000000000e+00
1.979391620867808754e+01,0.000000000000000000e+00,0.000000000000000000e+00
2.147360299422659935e+01,0.000000000000000000e+00,0.000000000000000000e+00
2.189321988710888434e+01,0.000000000000000000e+00,0.000000000000000000e+00
1.900254241973231473e+01,0.000000000000000000e+00,0.000000000000000000e+00
1.857228322733517345e+01,0.000000000000000000e+00,0.000000000000000000e+00
1.751303343312011407e+01,0.000000000000000000e+00,0.000000000000000000e+00
1.832973172136228612e+01,0.000000000000000000e+00,0.000000000000000000e+00
2.175527311246893092e+01,0.000000000000000000e+00,0.000000000000000000e+00
2.282468300757869528e+01,0.000000000000000000e+00,0.000000000000000000e+00
2.047356411264691545e+01,0.000000000000000000e+00,0.000000000000000000e+00
2.201257273772834466e+01,0.000000000000000000e+00,0.000000000000000000e+00
1.950201025454058268e+01,0.000000000000000000e+00,0.000000000000000000e+00
1.557816184657658454e+01,0.000000000000000000e+00,0.000000000000000000e+00
1.698597565861375358e+01,0.000000000000000000e+00,0.000000000000000000e+00
2.250487883402913880e+01,0.000000000000000000e+00,0.000000000000000000e+00
2.204726830416168326e+01,0.000000000000000000e+00,0.000000000000000000e+00
1.795321516591399202e+01,0.000000000000000000e+00,0.000000000000000000e+00
1.994215253025499379e+01,0.000000000000000000e+00,0.000000000000000000e+00
2.050474256706829124e+01,0.000000000000000000e+00,0.000000000000000000e+00
1.804581389405342051e+01,0.000000000000000000e+00,0.000000000000000000e+00
2.001928452119527790e+01,0.000000000000000000e+00,0.000000000000000000e+00
1.930995560684561951e+01,0.000000000000000000e+00,0.000000000000000000e+00
1.913057508093639925e+01,0.000000000000000000e+00,0.000000000000000000e+00
1.750893923585857692e+01,0.000000000000000000e+00,0.000000000000000000e+00
2.243588889159565269e+01,0.000000000000000000e+00,0.000000000000000000e+00
1.845222903656665991e+01,0.000000000000000000e+00,0.000000000000000000e+00
2.146143273568009135e+01,0.000000000000000000e+00,0.000000000000000000e+00
1.993648290595042027e+01,0.000000000000000000e+00,0.000000000000000000e+00
2.053049978116922958e+01,0.000000000000000000e+00,0.000000000000000000e+00
2.049601424989020870e+01,0.000000000000000000e+00,0.000000000000000000e+00
1.943314092759058909e+01,0.000000000000000000e+00,0.000000000000000000e+00
1.915675492540781022e+01,0.000000000000000000e+00,0.000000000000000000e+00
2.011174332416578636e+01,0.000000000000000000e+00,0.000000000000000000e+00
1.930441355793566416e+01,0.000000000000000000e+00,0.000000000000000000e+00
2.270099371838463753e+01,0.000000000000000000e+00,0.000000000000000000e+00
1.915193390084608538e+01,0.000000000000000000e+00,0.000000000000000000e+00
2.036051742570051104e+01,0.000000000000000000e+00,0.000000000000000000e+00
2.170033825432762953e+01,0.000000000000000000e+00,0.000000000000000000e+00
2.258206668655494198e+01,0.000000000000000000e+00,0.000000000000000000e+00
2.048272758321335374e+01,0.000000000000000000e+00,0.000000000000000000e+00
1.901033415790401193e+01,0.000000000000000000e+00,0.000000000000000000e+00
2.261625544938724630e+01,0.000000000000000000e+00,0.000000000000000000e+00
1.826665285153277551e+01,0.000000000000000000e+00,0.000000000000000000e+00
1.849493967061694022e+01,0.000000000000000000e+00,0.000000000000000000e+00
2.123857152240767476e+01,0.000000000000000000e+00,0.000000000000000000e+00
2.215225568840385151e+01,0.000000000000000000e+00,0.000000000000000000e+00
2.073883443295672180e+01,0.000000000000000000e+00,0.000000000000000000e+00
1.960083964218121011e+01,0.000000000000000000e+00,0.000000000000000000e+00
1.967932350914736972e+01,0.000000000000000000e+00,0.000000000000000000e+00
2.293490990635530480e+01,0.000000000000000000e+00,0.000000000000000000e+00
2.312590860968108686e+01,0.000000000000000000e+00,0.000000000000000000e+00
1.740507586938205975e+01,0.000000000000000000e+00,0.000000000000000000e+00
1.921315569023061798e+01,0.000000000000000000e+00,0.000000000000000000e+00
1.715824593759096217e+01,0.000000000000000000e+00,0.000000000000000000e+00
1.920576338592342935e+01,0.000000000000000000e+00,0.000000000000000000e+00
2.147947696478933466e+01,0.000000000000000000e+00,0.000000000000000000e+00
2.299323250962631704e+01,0.000000000000000000e+00,0.000000000000000000e+00
2.231873560049509919e+01,0.000000000000000000e+00,0.000000000000000000e+00
2.144799059670365438e+01,0.000000000000000000e+00,0.000000000000000000e+00
2.192399570664411357e+01,0.000000000000000000e+00,0.000000000000000000e+00
1.846034890850859256e+01,0.000000000000000000e+00,0.000000000000000000e+00
1.917185136973739645e+01,0.000000000000000000e+00,0.000000000000000000e+00
2.146422154652655578e+01,0.000000000000000000e+00,0.000000000000000000e+00
2.277316025941943423e+01,0.000000000000000000e+00,0.000000000000000000e+00
2.177095527023173460e+01,0.000000000000000000e+00,0.000000000000000000e+00
2.022223968357297963e+01,0.000000000000000000e+00,0.000000000000000000e+00
2.053814164891848648e+01,0.000000000000000000e+00,0.000000000000000000e+00
2.100129742010049227e+01,0.000000000000000000e+00,0.000000000000000000e+00
1.923464487169388448e+01,0.000000000000000000e+00,0.000000000000000000e+00
2.331106691058320735e+01,0.000000000000000000e+00,0.000000000000000000e+00
1.924015995353784092e+01,0.000000000000000000e+00,0.000000000000000000e+00
1.853980217717472812e+01,0.000000000000000000e+00,0.000000000000000000e+00
2.238730859834164733e+01,0.000000000000000000e+00,0.000000000000000000e+00
1.714387427407767106e+01,0.000000000000000000e+00,0.000000000000000000e+00
2.334739606164027137e+01,0.000000000000000000e+00,0.000000000000000000e+00
1.990919578933488765e+01,0.000000000000000000e+00,0.000000000000000000e+00
2.240955446495782510e+01,0.000000000000000000e+00,0.000000000000000000e+00
2.306728951119539417e+01,0.000000000000000000e+00,0.000000000000000000e+00
2.491271540726541645e+01,0.000000000000000000e+00,0.000000000000000000e+00
2.074194153938812590e+01,0.000000000000000000e+00,0.000000000000000000e+00
2.662368542664555804e+01,0.000000000000000000e+00,0.000000000000000000e+00
2.389924639462680034e+01,0.000000000000000000e+00,0.000000000000000000e+00
1.596865434592773170e+01,0.000000000000000000e+00,0.000000000000000000e+00
2.230111808160420850e+01,0.000000000000000000e+00,0.000000000000000000e+00
2.014567691499518176e+01,0.000000000000000000e+00,0.000000000000000000e+00
1.867564967165381162e+01,0.000000000000000000e+00,0.000000000000000000e+00
2.085780723405414250e+01,0.000000000000000000e+00,0.000000000000000000e+00
2.131620900442167255e+01,0.000000000000000000e+00,0.000000000000000000e+00
1.958709320484356198e+01,0.000000000000000000e+00,0.000000000000000000e+00
2.183298432556385293e+01,0.000000000000000000e+00,0.000000000000000000e+00
2.119277919993844250e+01,0.000000000000000000e+00,0.000000000000000000e+00
2.274928564221738370e+01,0.000000000000000000e+00,0.000000000000000000e+00
2.170915476736142580e+01,0.000000000000000000e+00,0.000000000000000000e+00
2.018720402015451398e+01,0.000000000000000000e+00,0.000000000000000000e+00
2.195386828074821395e+01,0.000000000000000000e+00,0.000000000000000000e+00
1.576441284491203376e+01,0.000000000000000000e+00,0.000000000000000000e+00
2.229307449024403098e+01,0.000000000000000000e+00,0.000000000000000000e+00
2.181894455850431669e+01,0.000000000000000000e+00,0.000000000000000000e+00
2.256949788446073057e+01,0.000000000000000000e+00,0.000000000000000000e+00
2.359247261416181374e+01,0.000000000000000000e+00,0.000000000000000000e+00
2.146535466699751638e+01,0.000000000000000000e+00,0.000000000000000000e+00
1.956327766810414204e+01,0.000000000000000000e+00,0.000000000000000000e+00
2.349351908802396594e+01,0.000000000000000000e+00,0.000000000000000000e+00
2.025495380886387053e+01,0.000000000000000000e+00,0.000000000000000000e+00
2.227972945267361737e+01,0.000000000000000000e+00,0.000000000000000000e+00
2.647990687863643799e+01,0.000000000000000000e+00,0.000000000000000000e+00
2.466678111250115535e+01,0.000000000000000000e+00,0.000000000000000000e+00
2.231747338199624409e+01,0.000000000000000000e+00,0.000000000000000000e+00
2.126930667867489078e+01,0.000000000000000000e+00,0.000000000000000000e+00
2.487805470323340273e+01,0.000000000000000000e+00,0.000000000000000000e+00
2.031718321623510093e+01,0.000000000000000000e+00,0.000000000000000000e+00
2.099438997923937222e+01,0.000000000000000000e+00,0.000000000000000000e+00
2.387991904240403684e+01,0.000000000000000000e+00,0.000000000000000000e+00
2.319163314407582277e+01,0.000000000000000000e+00,0.000000000000000000e+00
2.165389262548598026e+01,0.000000000000000000e+00,0.000000000000000000e+00
2.427079159156852484e+01,0.000000000000000000e+00,0.000000000000000000e+00
2.254551993212136907e+01,0.000000000000000000e+00,0.000000000000000000e+00
2.306085773237031589e+01,0.000000000000000000e+00,0.000000000000000000e+00
2.436828973879421767e+01,0.000000000000000000e+00,0.000000000000000000e+00
2.156153959385969188e+01,0.000000000000000000e+00,0.000000000000000000e+00
2.264194721442526870e+01,0.000000000000000000e+00,0.000000000000000000e+00
2.032513679467225387e+01,0.000000000000000000e+00,0.000000000000000000e+00
2.302068734319653842e+01,0.000000000000000000e+00,0.000000000000000000e+00
2.270426275733431609e+01,0.000000000000000000e+00,0.000000000000000000e+00
2.219516555667123114e+01,0.000000000000000000e+00,0.000000000000000000e+00
2.358068610240615826e+01,0.000000000000000000e+00,0.000000000000000000e+00
2.044693181756345268e+01,0.000000000000000000e+00,0.000000000000000000e+00
2.146335478620086334e+01,0.000000000000000000e+00,0.000000000000000000e+00
2.391168420004122552e+01,0.000000000000000000e+00,0.000000000000000000e+00
2.324571413346773952e+01,0.000000000000000000e+00,0.000000000000000000e+00
2.372713014717084690e+01,0.000000000000000000e+00,0.000000000000000000e+00
2.241481119881344952e+01,0.000000000000000000e+00,0.000000000000000000e+00
2.280390837062284604e+01,0.000000000000000000e+00,0.000000000000000000e+00
1.985635044179275965e+01,0.000000000000000000e+00,0.000000000000000000e+00
2.000989382881139633e+01,0.000000000000000000e+00,0.000000000000000000e+00
2.218643675951002336e+01,0.000000000000000000e+00,0.000000000000000000e+00
2.118763765055513915e+01,0.000000000000000000e+00,0.000000000000000000e+00
2.170321944468850361e+01,0.000000000000000000e+00,0.000000000000000000e+00
2.074309535639775603e+01,0.000000000000000000e+00,0.000000000000000000e+00
2.491903375982789015e+01,0.000000000000000000e+00,0.000000000000000000e+00
2.519397497599221936e+01,0.000000000000000000e+00,0.000000000000000000e+00
2.193910898307135326e+01,0.000000000000000000e+00,0.000000000000000000e+00
2.063315975020831772e+01,0.000000000000000000e+00,0.000000000000000000e+00
2.168951340450330179e+01,0.000000000000000000e+00,0.000000000000000000e+00
2.373860214633120336e+01,0.000000000000000000e+00,0.000000000000000000e+00
2.138605713949270992e+01,0.000000000000000000e+00,0.000000000000000000e+00
2.050896686423888937e+01,0.000000000000000000e+00,0.000000000000000000e+00
2.525474257156738389e+01,0.000000000000000000e+00,0.000000000000000000e+00
2.515151245109315781e+01,0.000000000000000000e+00,0.000000000000000000e+00
2.329153667602163935e+01,0.000000000000000000e+00,0.000000000000000000e+00
2.227804762661214255e+01,0.000000000000000000e+00,0.000000000000000000e+00
1.976711203660699567e+01,0.000000000000000000e+00,0.000000000000000000e+00
2.546395989251938374e+01,0.000000000000000000e+00,0.000000000000000000e+00
2.812924448015856882e+01,0.000000000000000000e+00,0.000000000000000000e+00
2.316191828058319402e+01,0.000000000000000000e+00,0.000000000000000000e+00
2.547437587202552933e+01,0.000000000000000000e+00,0.000000000000000000e+00
2.423254875063589608e+01,0.000000000000000000e+00,0.000000000000000000e+00
2.490301650464511951e+01,0.000000000000000000e+00,0.000000000000000000e+00
2.094745892729962122e+01,0.000000000000000000e+00,0.000000000000000000e+00
1.971378594690015973e+01,0.000000000000000000e+00,0.000000000000000000e+00
2.553595224783672180e+01,0.000000000000000000e+00,0.000000000000000000e+00
2.531399687403245480e+01,0.000000000000000000e+00,0.000000000000000000e+00
2.311853880778260617e+01,0.000000000000000000e+00,0.000000000000000000e+00
2.338672237358310824e+01,0.000000000000000000e+00,0.000000000000000000e+00
2.406626639546955815e+01,0.000000000000000000e+00,0.000000000000000000e+00
2.467396469985540008e+01,0.000000000000000000e+00,0.000000000000000000e+00
2.284739385849695381e+01,0.000000000000000000e+00,0.000000000000000000e+00
2.285938466748721964e+01,0.000000000000000000e+00,0.000000000000000000e+00
2.425448222259600684e+01,0.000000000000000000e+00,0.000000000000000000e+00
2.386771414773286182e+01,0.000000000000000000e+00,0.000000000000000000e+00
2.457966633097067088e+01,0.000000000000000000e+00,0.000000000000000000e+00
2.242018488133836129e+01,0.000000000000000000e+00,0.000000000000000000e+00
2.710828692429999620e+01,0.000000000000000000e+00,0.000000000000000000e+00
2.144674965750994389e+01,0.000000000000000000e+00,0.000000000000000000e+00
2.595812391147076426e+01,0.000000000000000000e+00,0.000000000000000000e+00
2.662567998646824918e+01,0.000000000000000000e+00,0.000000000000000000e+00
2.781739622061158457e+01,0.000000000000000000e+00,0.000000000000000000e+00
2.543052876392918193e+01,0.000000000000000000e+00,0.000000000000000000e+00
2.597721917257898738e+01,0.000000000000000000e+00,0.000000000000000000e+00
2.654019691953050142e+01,0.000000000000000000e+00,0.000000000000000000e+00
2.684996537982200593e+01,0.000000000000000000e+00,0.000000000000000000e+00
2.471115224280864453e+01,0.000000000000000000e+00,0.000000000000000000e+00
2.594774251237542373e+01,0.000000000000000000e+00,0.000000000000000000e+00
2.361155007628381242e+01,0.000000000000000000e+00,0.000000000000000000e+00
2.132260381527960291e+01,0.000000000000000000e+00,0.000000000000000000e+00
2.613085671677873023e+01,0.000000000000000000e+00,0.000000000000000000e+00
2.379627235955813447e+01,0.000000000000000000e+00,0.000000000000000000e+00
2.438937594238430862e+01,0.000000000000000000e+00,0.000000000000000000e+00
2.491935178103702597e+01,0.000000000000000000e+00,0.000000000000000000e+00
2.673793231526905601e+01,0.000000000000000000e+00,0.000000000000000000e+00
2.676669245272595177e+01,0.000000000000000000e+00,0.000000000000000000e+00
2.684239421135902859e+01,0.000000000000000000e+00,0.000000000000000000e+00
2.622126332068846466e+01,0.000000000000000000e+00,0.000000000000000000e+00
2.287674335919472313e+01,0.000000000000000000e+00,0.000000000000000000e+00
2.782933726513986272e+01,0.000000000000000000e+00,0.000000000000000000e+00
2.695024227677840756e+01,0.000000000000000000e+00,0.000000000000000000e+00
2.399841297462189971e+01,0.000000000000000000e+00,0.000000000000000000e+00
2.653481252440917970e+01,0.000000000000000000e+00,0.000000000000000000e+00
2.680936656129176754e+01,0.000000000000000000e+00,0.000000000000000000e+00
2.407851124026044332e+01,0.000000000000000000e+00,0.000000000000000000e+00
2.781821052467139666e+01,0.000000000000000000e+00,0.000000000000000000e+00
2.880501111563575023e+01,0.000000000000000000e+00,0.000000000000000000e+00
2.501005099838942769e+01,0.000000000000000000e+00,0.000000000000000000e+00
2.584515009005958319e+01,0.000000000000000000e+00,0.000000000000000000e+00
2.831489072809142726e+01,0.000000000000000000e+00,0.000000000000000000e+00
2.640024467657018903e+01,0.000000000000000000e+00,0.000000000000000000e+00
2.228747408702162858e+01,0.000000000000000000e+00,0.000000000000000000e+00
2.695298149638821172e+01,0.000000000000000000e+00,0.000000000000000000e+00
2.841745349491361239e+01,0.000000000000000000e+00,0.000000000000000000e+00
2.479149689370584397e+01,0.000000000000000000e+00,0.000000000000000000e+00
2.615716788301645579e+01,0.000000000000000000e+00,0.000000000000000000e+00
2.459674755270150825e+01,0.000000000000000000e+00,0.000000000000000000e+00
2.848918226463192127e+01,0.000000000000000000e+00,0.000000000000000000e+00
2.324085515860248563e+01,0.000000000000000000e+00,0.000000000000000000e+00
2.806467172120705555e+01,0.000000000000000000e+00,0.000000000000000000e+00
2.843918476474088664e+01,0.000000000000000000e+00,0.000000000000000000e+00
2.843543940472791931e+01,0.000000000000000000e+00,0.000000000000000000e+00
2.800918261395962716e+01,0.000000000000000000e+00,0.000000000000000000e+00
2.615753132739455822e+01,0.000000000000000000e+00,0.000000000000000000e+00
2.640868728652517561e+01,0.000000000000000000e+00,0.000000000000000000e+00
2.450374164557181089e+01,0.000000000000000000e+00,0.000000000000000000e+00
2.304279440442770266e+01,0.000000000000000000e+00,0.000000000000000000e+00
2.571076605048265762e+01,0.000000000000000000e+00,0.000000000000000000e+00
3.166185717357843288e+01,0.000000000000000000e+00,0.000000000000000000e+00
2.895420589022801749e+01,0.000000000000000000e+00,0.000000000000000000e+00
2.615982268216236051e+01,0.000000000000000000e+00,0.000000000000000000e+00
3.095739134111224544e+01,0.000000000000000000e+00,0.000000000000000000e+00
2.649797502483452405e+01,0.000000000000000000e+00,0.000000000000000000e+00
2.508443903458090674e+01,0.000000000000000000e+00,0.000000000000000000e+00
2.300073583242853204e+01,0.000000000000000000e+00,0.000000000000000000e+00
2.861693218467344124e+01,0.000000000000000000e+00,0.000000000000000000e+00
3.118273477966737062e+01,0.000000000000000000e+00,0.000000000000000000e+00
2.386974518445044424e+01,0.000000000000000000e+00,0.000000000000000000e+00
2.791902532179180696e+01,0.000000000000000000e+00,0.000000000000000000e+00
2.645362577700917939e+01,0.000000000000000000e+00,0.000000000000000000e+00
2.785731941119367150e+01,0.000000000000000000e+00,0.000000000000000000e+00
2.879314298473037681e+01,0.000000000000000000e+00,0.000000000000000000e+00
2.688769628061852401e+01,0.000000000000000000e+00,0.000000000000000000e+00
2.770345752307546405e+01,0.000000000000000000e+00,0.000000000000000000e+00
2.919133915217911479e+01,0.000000000000000000e+00,0.000000000000000000e+00
2.883656234745410885e+01,0.000000000000000000e+00,0.000000000000000000e+00
2.795612462842414914e+01,0.000000000000000000e+00,0.000000000000000000e+00
2.888206313520068491e+01,0.000000000000000000e+00,0.000000000000000000e+00
2.580448936757243317e+01,0.000000000000000000e+00,0.000000000000000000e+00
2.793088084215812827e+01,0.000000000000000000e+00,0.000000000000000000e+00
2.729328725503465947e+01,0.000000000000000000e+00,0.000000000000000000e+00
2.598352973458471737e+01,0.000000000000000000e+00,0.000000000000000000e+00
2.957012295217881714e+01,0.000000000000000000e+00,0.000000000000000000e+00
2.580173104772266157e+01,0.000000000000000000e+00,0.000000000000000000e+00
2.729157421754992896e+01,0.000000000000000000e+00,0.000000000000000000e+00
3.007428606756158018e+01,0.000000000000000000e+00,0.000000000000000000e+00
2.844423425101147274e+01,0.000000000000000000e+00,0.000000000000000000e+00
2.926865809866985657e+01,0.000000000000000000e+00,0.000000000000000000e+00
2.987583500734326236e+01,0.000000000000000000e+00,0.000000000000000000e+00
3.013079446557990693e+01,0.000000000000000000e+00,0.000000000000000000e+00
2.827502595629970372e+01,0.000000000000000000e+00,0.000000000000000000e+00
2.748343609963880851e+01,0.000000000000000000e+00,0.000000000000000000e+00
2.837724669608972050e+01,0.000000000000000000e+00,0.000000000000000000e+00
2.642538678220867610e+01,0.000000000000000000e+00,0.000000000000000000e+00
3.095674445193511204e+01,0.000000000000000000e+00,0.000000000000000000e+00
2.870351027811783595e+01,0.000000000000000000e+00,0.000000000000000000e+00
2.914662464653429197e+01,0.000000000000000000e+00,0.000000000000000000e+00
2.792675243142017294e+01,0.000000000000000000e+00,0.000000000000000000e+00
2.742758183900404134e+01,0.000000000000000000e+00,0.000000000000000000e+00
3.017729716823397013e+01,0.000000000000000000e+00,0.000000000000000000e+00
2.871842669521073432e+01,0.000000000000000000e+00,0.000000000000000000e+00
2.795633436923582593e+01,0.000000000000000000e+00,0.000000000000000000e+00
3.270320718506268776e+01,0.000000000000000000e+00,0.000000000000000000e+00
2.821417493399225762e+01,0.000000000000000000e+00,0.000000000000000000e+00
2.991370195570284807e+01,0.000000000000000000e+00,0.000000000000000000e+00
3.220618912208682616e+01,0.000000000000000000e+00,0.000000000000000000e+00
2.748328387289537034e+01,0.000000000000000000e+00,0.000000000000000000e+00
3.025669174659899952e+01,0.000000000000000000e+00,0.000000000000000000e+00
3.059452607627757104e+01,0.000000000000000000e+00,0.000000000000000000e+00
3.210758759875844248e+01,0.000000000000000000e+00,0.000000000000000000e+00
3.375907829081180012e+01,0.000000000000000000e+00,0.000000000000000000e+00
3.114926650099734928e+01,0.000000000000000000e+00,0.000000000000000000e+00
2.790540166789760690e+01,0.000000000000000000e+00,0.000000000000000000e+00
2.960812376724275197e+01,0.000000000000000000e+00,0.000000000000000000e+00
2.962250810158048964e+01,0.000000000000000000e+00,0.000000000000000000e+00
2.696618954939630441e+01,0.000000000000000000e+00,0.000000000000000000e+00
2.887658655638609773e+01,0.000000000000000000e+00,0.000000000000000000e+00
3.173979276840493569e+01,0.000000000000000000e+00,0.000000000000000000e+00
2.779906238274165986e+01,0.000000000000000000e+00,0.000000000000000000e+00
2.973281678440501352e+01,0.000000000000000000e+00,0.000000000000000000e+00
2.932589021861921452e+01,0.000000000000000000e+00,0.000000000000000000e+00
3.192854724552569579e+01,0.000000000000000000e+00,0.000000000000000000e+00
3.300505967873748148e+01,0.000000000000000000e+00,0.000000000000000000e+00
2.778002365577260946e+01,0.000000000000000000e+00,0.000000000000000000e+00
3.297839943972844878e+01,0.000000000000000000e+00,0.000000000000000000e+00
3.018717388318615491e+01,0.000000000000000000e+00,0.000000000000000000e+00
3.203219006652884815e+01,0.000000000000000000e+00,0.000000000000000000e+00
3.307133313224920812e+01,0.000000000000000000e+00,0.000000000000000000e+00
2.897779323750545188e+01,0.000000000000000000e+00,0.000000000000000000e+00
2.683378497694263132e+01,0.000000000000000000e+00,0.000000000000000000e+00
3.346511667415063584e+01,0.000000000000000000e+00,0.000000000000000000e+00
3.047390871061482187e+01,0.000000000000000000e+00,0.000000000000000000e+00
3.095140552738363127e+01,0.000000000000000000e+00,0.000000000000000000e+00
3.197320422624537528e+01,0.000000000000000000e+00,0.000000000000000000e+00
3.252462787151220880e+01,0.000000000000000000e+00,0.000000000000000000e+00
3.343251128409021078e+01,0.000000000000000000e+00,0.000000000000000000e+00
3.374946352505083524e+01,0.000000000000000000e+00,0.000000000000000000e+00
2.871346015316890288e+01,0.000000000000000000e+00,0.000000000000000000e+00
3.182931054025988971e+01,0.000000000000000000e+00,0.000000000000000000e+00
3.440011244707548599e+01,0.000000000000000000e+00,0.000000000000000000e+00
3.056882833807476985e+01,0.000000000000000000e+00,0.000000000000000000e+00
3.091958869547975652e+01,0.000000000000000000e+00,0.000000000000000000e+00
3.448089703326709099e+01,0.000000000000000000e+00,0.000000000000000000e+00
3.508494144481407062e+01,0.000000000000000000e+00,0.000000000000000000e+00
3.337529167850301803e+01,0.000000000000000000e+00,0.000000000000000000e+00
3.253203261660374324e+01,0.000000000000000000e+00,0.000000000000000000e+00
3.422479731465276842e+01,0.000000000000000000e+00,0.000000000000000000e+00
2.915474171859889907e+01,0.000000000000000000e+00,0.000000000000000000e+00
3.051768532267311329e+01,0.000000000000000000e+00,0.000000000000000000e+00
3.405360001283625593e+01,0.000000000000000000e+00,0.000000000000000000e+00
3.042484276317209435e+01,0.000000000000000000e+00,0.000000000000000000e+00
3.410873952082640415e+01,0.000000000000000000e+00,0.000000000000000000e+00
3.202584165775866865e+01,0.000000000000000000e+00,0.000000000000000000e+00
3.189818387101754738e+01,0.000000000000000000e+00,0.000000000000000000e+00
3.316327759576188328e+01,0.000000000000000000e+00,0.000000000000000000e+00
3.575427901656372853e+01,0.000000000000000000e+00,0.000000000000000000e+00
3.024433547804573763e+01,0.000000000000000000e+00,0.000000000000000000e+00
3.290916670531990462e+01,0.000000000000000000e+00,0.000000000000000000e+00
3.244434463680433112e+01,0.000000000000000000e+00,0.000000000000000000e+00
3.134674491610315883e+01,0.000000000000000000e+00,0.000000000000000000e+00
3.489022778330797792e+01,0.000000000000000000e+00,0.000000000000000000e+00
3.038531523187624117e+01,0.000000000000000000e+00,0.000000000000000000e+00
3.477796141374130912e+01,0.000000000000000000e+00,0.000000000000000000e+00
3.241838888718601197e+01,0.000000000000000000e+00,0.000000000000000000e+00
3.491959510013666090e+01,0.000000000000000000e+00,0.000000000000000000e+00
3.337935403479001195e+01,0.000000000000000000e+00,0.000000000000000000e+00
3.654130942192151821e+01,0.000000000000000000e+00,0.000000000000000000e+00
3.245772775205318084e+01,0.000000000000000000e+00,0.000000000000000000e+00
3.341009822760885584e+01,0.000000000000000000e+00,0.000000000000000000e+00
3.111079261509815197e+01,0.000000000000000000e+00,0.000000000000000000e+00
3.763489296155467656e+01,0.000000000000000000e+00,0.000000000000000000e+00
3.641766173883976165e+01,0.000000000000000000e+00,0.000000000000000000e+00
3.341559476169686604e+01,0.000000000000000000e+00,0.000000000000000000e+00
3.363854545844465349e+01,0.000000000000000000e+00,0.000000000000000000e+00
3.343517859678362925e+01,0.000000000000000000e+00,0.000000000000000000e+00
3.315809286233754705e+01,0.000000000000000000e+00,0.000000000000000000e+00
3.670024745887034356e+01,0.000000000000000000e+00,0.000000000000000000e+00
3.270707020418696942e+01,0.000000000000000000e+00,0.000000000000000000e+00
3.288681507656289682e+01,0.000000000000000000e+00,0.000000000000000000e+00
3.376363488167291393e+01,0.000000000000000000e+00,0.000000000000000000e+00
3.469139215970867696e+01,0.000000000000000000e+00,0.000000000000000000e+00
3.152613936463512090e+01,0.000000000000000000e+00,0.000000000000000000e+00
3.640820514071312886e+01,0.000000000000000000e+00,0.000000000000000000e+00
3.424056650496842735e+01,0.000000000000000000e+00,0.000000000000000000e+00
3.544069278968492398e+01,0.000000000000000000e+00,0.000000000000000000e+00
3.415303593989051478e+01,0.000000000000000000e+00,0.000000000000000000e+00
3.443146457337567767e+01,0.000000000000000000e+00,0.000000000000000000e+00
3.367912239281969278e+01,0.000000000000000000e+00,0.000000000000000000e+00
3.716344777035607194e+01,0.000000000000000000e+00,0.000000000000000000e+00
3.601898319426408790e+01,0.000000000000000000e+00,0.000000000000000000e+00
3.542837536122298303e+01,0.000000000000000000e+00,0.000000000000000000e+00
3.311734637166746609e+01,0.000000000000000000e+00,0.000000000000000000e+00
3.675408746984421526e+01,0.000000000000000000e+00,0.000000000000000000e+00
3.350528393648730230e+01,0.000000000000000000e+00,0.000000000000000000e+00
3.718056783894527939e+01,0.000000000000000000e+00,0.000000000000000000e+00
3.833721347533712276e+01,0.000000000000000000e+00,0.000000000000000000e+00
3.626819403881364678e+01,0.000000000000000000e+00,0.000000000000000000e+00
3.409426580280444341e+01,0.000000000000000000e+00,0.000000000000000000e+00
3.729375818681400290e+01,0.000000000000000000e+00,0.000000000000000000e+00
3.694065582396446246e+01,0.000000000000000000e+00,0.000000000000000000e+00
3.837953226008811214e+01,0.000000000000000000e+00,0.000000000000000000e+00
3.282012479342934341e+01,0.000000000000000000e+00,0.000000000000000000e+00
3.739496738815223154e+01,0.000000000000000000e+00,0.000000000000000000e+00
3.769084031040495120e+01,0.000000000000000000e+00,0.000000000000000000e+00
3.670702691908999782e+01,0.000000000000000000e+00,0.000000000000000000e+00
3.740653235300399615e+01,0.000000000000000000e+00,0.000000000000000000e+00
3.399763835768897025e+01,0.000000000000000000e+00,0.000000000000000000e+00
3.680311397184026845e+01,0.000000000000000000e+00,0.000000000000000000e+00
3.964627483242814066e+01,0.000000000000000000e+00,0.000000000000000000e+00
3.673248318394720968e+01,0.000000000000000000e+00,0.000000000000000000e+00
3.627185004144318725e+01,0.000000000000000000e+00,0.000000000000000000e+00
3.632738706884667579e+01,0.000000000000000000e+00,0.000000000000000000e+00
4.007110601940311767e+01,0.000000000000000000e+00,0.000000000000000000e+00
3.867237075206850960e+01,0.000000000000000000e+00,0.000000000000000000e+00
3.419445074781048532e+01,0.000000000000000000e+00,0.000000000000000000e+00
3.817697788396561265e+01,0.000000000000000000e+00,0.000000000000000000e+00
3.550241468750217422e+01,0.000000000000000000e+00,0.000000000000000000e+00
3.960086476007879241e+01,0.000000000000000000e+00,0.000000000000000000e+00
4.109545567080439810e+01,0.000000000000000000e+00,0.000000000000000000e+00
3.590072645062563339e+01,0.000000000000000000e+00,0.000000000000000000e+00
3.557155651765001636e+01,0.000000000000000000e+00,0.000000000000000000e+00
3.549418054259184174e+01,0.000000000000000000e+00,0.000000000000000000e+00
3.733467520662091488e+01,0.000000000000000000e+00,0.000000000000000000e+00
3.943531100145625601e+01,0.000000000000000000e+00,0.000000000000000000e+00
3.739484698500687188e+01,0.000000000000000000e+00,0.000000000000000000e+00
3.802496365595224859e+01,0.000000000000000000e+00,0.000000000000000000e+00
3.609256432666179393e+01,0.000000000000000000e+00,0.000000000000000000e+00
3.654066934347738993e+01,0.000000000000000000e+00,0.000000000000000000e+00
4.140905977026778828e+01,0.000000000000000000e+00,0.000000000000000000e+00
4.062416500986473977e+01,0.000000000000000000e+00,0.000000000000000000e+00
3.978170524943140407e+01,0.000000000000000000e+00,0.000000000000000000e+00
3.893104429881282158e+01,0.000000000000000000e+00,0.000000000000000000e+00
3.828660968855780311e+01,0.000000000000000000e+00,0.000000000000000000e+00
3.859393827239706809e+01,0.000000000000000000e+00,0.000000000000000000e+00
3.867887209915814140e+01,0.000000000000000000e+00,0.000000000000000000e+00
3.780729523347395116e+01,0.000000000000000000e+00,0.000000000000000000e+00
3.981651885715014316e+01,0.000000000000000000e+00,0.000000000000000000e+00
3.780218790667376538e+01,0.000000000000000000e+00,0.000000000000000000e+00
4.058402200763988787e+01,0.000000000000000000e+00,0.000000000000000000e+00
4.139951376011052986e+01,0.000000000000000000e+00,0.000000000000000000e+00
3.809305067595184369e+01,0.000000000000000000e+00,0.000000000000000000e+00
3.846643365125304115e+01,0.000000000000000000e+00,0.000000000000000000e+00
3.856385850698882933e+01,0.000000000000000000e+00,0.000000000000000000e+00
4.005055190030341805e+01,0.000000000000000000e+00,0.000000000000000000e+00
3.992607399900641951e+01,0.000000000000000000e+00,0.000000000000000000e+00
4.282176518366143370e+01,0.000000000000000000e+00,0.000000000000000000e+00
3.997673042574946578e+01,0.000000000000000000e+00,0.000000000000000000e+00
4.037860407641595373e+01,0.000000000000000000e+00,0.000000000000000000e+00
3.818612073023014375e+01,0.000000000000000000e+00,0.000000000000000000e+00
4.024406108074008870e+01,0.000000000000000000e+00,0.000000000000000000e+00
3.764611655930507084e+01,0.000000000000000000e+00,0.000000000000000000e+00
4.184598465056789962e+01,0.000000000000000000e+00,0.000000000000000000e+00
4.285265258198234051e+01,0.000000000000000000e+00,0.000000000000000000e+00
4.057515484546603801e+01,0.000000000000000000e+00,0.000000000000000000e+00
4.171845939250202662e+01,0.000000000000000000e+00,0.000000000000000000e+00
3.958644164937412313e+01,0.000000000000000000e+00,0.000000000000000000e+00
4.212180420386724222e+01,0.000000000000000000e+00,0.000000000000000000e+00
3.692643543108905391e+01,0.000000000000000000e+00,0.000000000000000000e+00
4.496068443895440225e+01,0.000000000000000000e+00,0.000000000000000000e+00
4.680605553655757944e+01,0.000000000000000000e+00,0.000000000000000000e+00
4.578019222201177030e+01,0.000000000000000000e+00,0.000000000000000000e+00
4.191697934905293721e+01,0.000000000000000000e+00,0.000000000000000000e+00
3.979842265730175654e+01,0.000000000000000000e+00,0.000000000000000000e+00
4.346850289010039603e+01,0.000000000000000000e+00,0.000000000000000000e+00
3.961987412036138778e+01,0.000000000000000000e+00,0.000000000000000000e+00
4.428699477836347853e+01,0.000000000000000000e+00,0.000000000000000000e+00
4.247297016887655730e+01,0.000000000000000000e+00,0.000000000000000000e+00
4.136757963734436316e+01,0.000000000000000000e+00,0.000000000000000000e+00
4.297398745039564716e+01,0.000000000000000000e+00,0.000000000000000000e+00
3.851248612356634027e+01,0.000000000000000000e+00,0.000000000000000000e+00
4.317938012759848476e+01,0.000000000000000000e+00,0.000000000000000000e+00
3.972817799787785020e+01,0.000000000000000000e+00,0.000000000000000000e+00
4.100946494928857078e+01,0.000000000000000000e+00,0.000000000000000000e+00
4.362987965872105178e+01,0.000000000000000000e+00,0.000000000000000000e+00
4.437033555400812190e+01,0.000000000000000000e+00,0.000000000000000000e+00
3.909718236645056066e+01,0.000000000000000000e+00,0.000000000000000000e+00
4.115184142136497769e+01,0.000000000000000000e+00,0.000000000000000000e+00
4.302778647503451026e+01,0.000000000000000000e+00,0.000000000000000000e+00
4.053881819174670653e+01,0.000000000000000000e+00,0.000000000000000000e+00
3.926828920777670362e+01,0.000000000000000000e+00,0.000000000000000000e+00
3.990514361838922497e+01,0.000000000000000000e+00,0.000000000000000000e+00
3.839308587267250772e+01,0.000000000000000000e+00,0.000000000000000000e+00
4.437769187504142110e+01,0.000000000000000000e+00,0.000000000000000000e+00
4.246051940199572527e+01,0.000000000000000000e+00,0.000000000000000000e+00
4.237955311218160404e+01,0.000000000000000000e+00,0.000000000000000000e+00
4.219401736093598743e+01,0.000000000000000000e+00,0.000000000000000000e+00
4.492636886024794052e+01,0.000000000000000000e+00,0.000000000000000000e+00
4.262810857464146608e+01,0.000000000000000000e+00,0.000000000000000000e+00
4.210941390083429070e+01,0.000000000000000000e+00,0.000000000000000000e+00
4.127682841584840645e+01,0.000000000000000000e+00,0.000000000000000000e+00
3.874204797871568928e+01,0.000000000000000000e+00,0.000000000000000000e+00
4.157485544946068501e+01,0.000000000000000000e+00,0.000000000000000000e+00
4.218488047610165381e+01,0.000000000000000000e+00,0.000000000000000000e+00
4.168363945665603865e+01,0.000000000000000000e+00,0.000000000000000000e+00
4.079322102872573907e+01,0.000000000000000000e+00,0.000000000000000000e+00
4.432560611569427067e+01,0.000000000000000000e+00,0.000000000000000000e+00
4.597816889702424703e+01,0.000000000000000000e+00,0.000000000000000000e+00
4.308720521459768804e+01,0.000000000000000000e+00,0.000000000000000000e+00
4.489726958899296960e+01,0.000000000000000000e+00,0.000000000000000000e+00
4.345213052756715655e+01,0.000000000000000000e+00,0.000000000000000000e+00
4.123833595845931654e+01,0.000000000000000000e+00,0.000000000000000000e+00
4.597528289054393724e+01,0.000000000000000000e+00,0.000000000000000000e+00
4.379500453436269680e+01,0.000000000000000000e+00,0.000000000000000000e+00
4.720455482672957714e+01,0.000000000000000000e+00,0.000000000000000000e+00
4.678821097265013407e+01,0.000000000000000000e+00,0.000000000000000000e+00
4.019930877082990861e+01,0.000000000000000000e+00,0.000000000000000000e+00
4.662742464767946160e+01,0.000000000000000000e+00,0.000000000000000000e+00
4.306266119020756378e+01,0.000000000000000000e+00,0.000000000000000000e+00
4.782992456245615642e+01,0.000000000000000000e+00,0.000000000000000000e+00
4.500865249412647273e+01,0.000000000000000000e+00,0.000000000000000000e+00
4.544683174749301457e+01,0.000000000000000000e+00,0.000000000000000000e+00
4.561497369071260977e+01,0.000000000000000000e+00,0.000000000000000000e+00
4.034647597146781806e+01,0.000000000000000000e+00,0.000000000000000000e+00
4.388720471810120927e+01,0.000000000000000000e+00,0.000000000000000000e+00
4.650141177897040023e+01,0.000000000000000000e+00,0.000000000000000000e+00
4.288938968232471893e+01,0.000000000000000000e+00,0.000000000000000000e+00
4.075106534454563700e+01,0.000000000000000000e+00,0.000000000000000000e+00
4.868411699227138456e+01,0.000000000000000000e+00,0.000000000000000000e+00
4.567791947453731183e+01,0.000000000000000000e+00,0.000000000000000000e+00
4.469520683155349161e+01,0.000000000000000000e+00,0.000000000000000000e+00
4.628916944151266222e+01,0.000000000000000000e+00,0.000000000000000000e+00
4.874937796711372329e+01,0.000000000000000000e+00,0.000000000000000000e+00
4.466597419109450584e+01,0.000000000000000000e+00,0.000000000000000000e+00
4.376036847307334909e+01,0.000000000000000000e+00,0.000000000000000000e+00
4.545812447451806548e+01,0.000000000000000000e+00,0.000000000000000000e+00
4.582387925304438880e+01,0.000000000000000000e+00,0.000000000000000000e+00
4.541513582351802114e+01,0.000000000000000000e+00,0.000000000000000000e+00
4.978296001878580768e+01,0.000000000000000000e+00,0.000000000000000000e+00
4.318487643755386074e+01,0.000000000000000000e+00,0.000000000000000000e+00
4.491865751827602082e+01,0.000000000000000000e+00,0.000000000000000000e+00
4.682649987253787316e+01,0.000000000000000000e+00,0.000000000000000000e+00
4.812765756054974986e+01,0.000000000000000000e+00,0.000000000000000000e+00
4.754408086371410036e+01,0.000000000000000000e+00,0.000000000000000000e+00
4.961176947628803191e+01,0.000000000000000000e+00,0.000000000000000000e+00
4.600655262443997628e+01,0.000000000000000000e+00,0.000000000000000000e+00
4.671528185421430379e+01,0.000000000000000000e+00,0.000000000000000000e+00
4.570651587314524988e+01,0.000000000000000000e+00,0.000000000000000000e+00
4.559294557739728759e+01,0.000000000000000000e+00,0.000000000000000000e+00
4.952862152221163683e+01,0.000000000000000000e+00,0.000000000000000000e+00
4.587253502058710097e+01,0.000000000000000000e+00,0.000000000000000000e+00
4.988926424081164157e+01,0.000000000000000000e+00,0.000000000000000000e+00
4.808217942465584827e+01,0.000000000000000000e+00,0.000000000000000000e+00
4.567683344275905455e+01,0.000000000000000000e+00,0.000000000000000000e+00
5.002667051728228387e+01,0.000000000000000000e+00,0.000000000000000000e+00
4.661637107592823526e+01,0.000000000000000000e+00,0.000000000000000000e+00
4.816029511146262365e+01,0.000000000000000000e+00,0.000000000000000000e+00
4.618093419112879872e+01,0.000000000000000000e+00,0.000000000000000000e+00
5.003967439119242044e+01,0.000000000000000000e+00,0.000000000000000000e+00
4.414367576078232958e+01,0.000000000000000000e+00,0.000000000000000000e+00
4.766973988957827402e+01,0.000000000000000000e+00,0.000000000000000000e+00
4.650458077470135976e+01,0.000000000000000000e+00,0.000000000000000000e+00
4.615653257140882459e+01,0.000000000000000000e+00,0.000000000000000000e+00
4.982756641980628842e+01,0.000000000000000000e+00,0.000000000000000000e+00
4.867843145503972835e+01,0.000000000000000000e+00,0.000000000000000000e+00
4.823776224571631133e+01,0.000000000000000000e+00,0.000000000000000000e+00
4.986640962154847756e+01,0.000000000000000000e+00,0.000000000000000000e+00
4.537751995884840994e+01,0.000000000000000000e+00,0.000000000000000000e+00
4.544611960019557984e+01,0.000000000000000000e+00,0.000000000000000000e+00
4.706396852777833573e+01,0.000000000000000000e+00,0.000000000000000000e+00
4.842164004298543745e+01,0.000000000000000000e+00,0.000000000000000000e+00
4.575994790619736108e+01,0.000000000000000000e+00,0.000000000000000000e+00
4.919464260470957129e+01,0.000000000000000000e+00,0.000000000000000000e+00
5.059289759892850213e+01,0.000000000000000000e+00,0.000000000000000000e+00
5.040364083079836632e+01,0.000000000000000000e+00,0.000000000000000000e+00
4.697736676283615509e+01,0.000000000000000000e+00,0.000000000000000000e+00
4.602561499778686738e+01,0.000000000000000000e+00,0.000000000000000000e+00
5.121224493019486346e+01,0.000000000000000000e+00,0.000000000000000000e+00
4.989506015292916175e+01,0.000000000000000000e+00,0.000000000000000000e+00
5.131966454528888733e+01,0.000000000000000000e+00,0.000000000000000000e+00
4.773794875790853354e+01,0.000000000000000000e+00,0.000000000000000000e+00
4.821433915480584886e+01,0.000000000000000000e+00,0.000000000000000000e+00
5.399129877855852300e+01,0.000000000000000000e+00,0.000000000000000000e+00
5.023315054312055139e+01,0.000000000000000000e+00,0.000000000000000000e+00
5.213627684338739954e+01,0.000000000000000000e+00,0.000000000000000000e+00
5.121073058389687560e+01,0.000000000000000000e+00,0.000000000000000000e+00
5.409692236034575785e+01,0.000000000000000000e+00,0.000000000000000000e+00
4.925438925131445700e+01,0.000000000000000000e+00,0.000000000000000000e+00
4.776603027447701777e+01,0.000000000000000000e+00,0.000000000000000000e+00
5.185786275264461409e+01,0.000000000000000000e+00,0.000000000000000000e+00
5.255620517895908961e+01,0.000000000000000000e+00,0.000000000000000000e+00
5.133141207854308163e+01,0.000000000000000000e+00,0.000000000000000000e+00
4.764185288047649180e+01,0.000000000000000000e+00,0.000000000000000000e+00
4.999215842824150258e+01,0.000000000000000000e+00,0.000000000000000000e+00
4.885818548208355594e+01,0.000000000000000000e+00,0.000000000000000000e+00
5.120065819381898820e+01,0.000000000000000000e+00,0.000000000000000000e+00
5.017313691650238638e+01,0.000000000000000000e+00,0.000000000000000000e+00
5.150528298582499787e+01,0.000000000000000000e+00,0.000000000000000000e+00
5.130353665753672487e+01,0.000000000000000000e+00,0.000000000000000000e+00
5.138768173276113771e+01,0.000000000000000000e+00,0.000000000000000000e+00
5.092069059728461156e+01,0.000000000000000000e+00,0.000000000000000000e+00
5.170143704398878270e+01,0.000000000000000000e+00,0.000000000000000000e+00
5.542442169801266516e+01,0.000000000000000000e+00,0.000000000000000000e+00
5.419927198784491651e+01,0.000000000000000000e+00,0.000000000000000000e+00
5.198963297217591162e+01,0.000000000000000000e+00,0.000000000000000000e+00
5.160876872999667597e+01,0.000000000000000000e+00,0.000000000000000000e+00
5.032535424767748111e+01,0.000000000000000000e+00,0.000000000000000000e+00
5.294544329729679077e+01,0.000000000000000000e+00,0.000000000000000000e+00
5.150917684390105222e+01,0.000000000000000000e+00,0.000000000000000000e+00
5.205532701964997955e+01,0.000000000000000000e+00,0.000000000000000000e+00
4.971943270308868534e+01,0.000000000000000000e+00,0.000000000000000000e+00
5.175966681867384978e+01,0.000000000000000000e+00,0.000000000000000000e+00
4.868744276542403071e+01,0.000000000000000000e+00,0.000000000000000000e+00
5.325178465586283494e+01,0.000000000000000000e+00,0.000000000000000000e+00
5.250175935611364508e+01,0.000000000000000000e+00,0.000000000000000000e+00
5.236993442044742864e+01,0.000000000000000000e+00,0.000000000000000000e+00
5.305379948991219408e+01,0.000000000000000000e+00,0.000000000000000000e+00
5.278553729908774983e+01,0.000000000000000000e+00,0.000000000000000000e+00
5.092808122548675698e+01,0.000000000000000000e+00,0.000000000000000000e+00
5.265770024009043482e+01,0.000000000000000000e+00,0.000000000000000000e+00
5.390963056881038540e+01,0.000000000000000000e+00,0.000000000000000000e+00
5.228707268312270173e+01,0.000000000000000000e+00,0.000000000000000000e+00
4.921008388139756562e+01,0.000000000000000000e+00,0.000000000000000000e+00
5.300085135652529544e+01,0.000000000000000000e+00,0.000000000000000000e+00
5.225104348612696725e+01,0.000000000000000000e+00,0.000000000000000000e+00
5.261570114855378932e+01,0.000000000000000000e+00,0.000000000000000000e+00
5.116561287205022523e+01,0.000000000000000000e+00,0.000000000000000000e+00
5.155372552981904732e+01,0.000000000000000000e+00,0.000000000000000000e+00
5.186604484503952506e+01,0.000000000000000000e+00,0.000000000000000000e+00
5.395987111836323180e+01,0.000000000000000000e+00,0.000000000000000000e+00
5.691329547711746528e+01,0.000000000000000000e+00,0.000000000000000000e+00
5.577402106359642175e+01,0.000000000000000000e+00,0.000000000000000000e+00
5.695424361246933387e+01,0.000000000000000000e+00,0.000000000000000000e+00
5.764348773977935991e+01,0.000000000000000000e+00,0.000000000000000000e+00
5.357321250318304351e+01,0.000000000000000000e+00,0.000000000000000000e+00
5.074396441118432222e+01,0.000000000000000000e+00,0.000000000000000000e+00
5.352496240023886998e+01,0.000000000000000000e+00,0.000000000000000000e+00
5.193485282314774309e+01,0.000000000000000000e+00,0.000000000000000000e+00
5.154482789907536500e+01,0.000000000000000000e+00,0.000000000000000000e+00
5.782465940321773701e+01,0.000000000000000000e+00,0.000000000000000000e+00
5.472628964367576998e+01,0.000000000000000000e+00,0.000000000000000000e+00
5.091547884001992941e+01,0.000000000000000000e+00,0.000000000000000000e+00
5.423273622608134303e+01,0.000000000000000000e+00,0.000000000000000000e+00
5.326527872785970175e+01,0.000000000000000000e+00,0.000000000000000000e+00
5.290507572754280829e+01,0.000000000000000000e+00,0.000000000000000000e+00
5.187083319090306333e+01,0.000000000000000000e+00,0.000000000000000000e+00
5.722923805851949197e+01,0.000000000000000000e+00,0.000000000000000000e+00
5.715266760330111140e+01,0.000000000000000000e+00,0.000000000000000000e+00
5.465497951059424508e+01,0.000000000000000000e+00,0.000000000000000000e+00
5.270037403755348748e+01,0.000000000000000000e+00,0.000000000000000000e+00
4.918082261672817168e+01,0.000000000000000000e+00,0.000000000000000000e+00
5.325857268595645877e+01,0.000000000000000000e+00,0.000000000000000000e+00
5.696637874028596116e+01,0.000000000000000000e+00,0.000000000000000000e+00
5.507023652558692106e+01,0.000000000000000000e+00,0.000000000000000000e+00
5.430589998574924948e+01,0.000000000000000000e+00,0.000000000000000000e+00
5.659549762436463993e+01,0.000000000000000000e+00,0.000000000000000000e+00
5.740625002477954553e+01,0.000000000000000000e+00,0.000000000000000000e+00
5.375003735316384024e+01,0.000000000000000000e+00,0.000000000000000000e+00
5.552975546573588872e+01,0.000000000000000000e+00,0.000000000000000000e+00
5.390858171321757197e+01,0.000000000000000000e+00,0.000000000000000000e+00
5.506268676514355320e+01,0.000000000000000000e+00,0.000000000000000000e+00
5.688330043949608239e+01,0.000000000000000000e+00,0.000000000000000000e+00
5.536831234621848807e+01,0.000000000000000000e+00,0.000000000000000000e+00
5.672370160755205148e+01,0.000000000000000000e+00,0.000000000000000000e+00
5.607684624286592623e+01,0.000000000000000000e+00,0.000000000000000000e+00
5.876203773392126806e+01,0.000000000000000000e+00,0.000000000000000000e+00
5.502371265501324160e+01,0.000000000000000000e+00,0.000000000000000000e+00
5.572312134756206348e+01,0.000000000000000000e+00,0.000000000000000000e+00
5.867831944963264590e+01,0.000000000000000000e+00,0.000000000000000000e+00
5.378974798864952334e+01,0.000000000000000000e+00,0.000000000000000000e+00
5.764329136053788716e+01,0.000000000000000000e+00,0.000000000000000000e+00
5.612265839211679719e+01,0.000000000000000000e+00,0.000000000000000000e+00
6.021329340464733804e+01,0.000000000000000000e+00,0.000000000000000000e+00
5.756217053681167783e+01,0.000000000000000000e+00,0.000000000000000000e+00
5.734103993981381819e+01,0.000000000000000000e+00,0.000000000000000000e+00
5.585156171119557200e+01,0.000000000000000000e+00,0.000000000000000000e+00
5.776263646466799884e+01,0.000000000000000000e+00,0.000000000000000000e+00
5.583192211686276352e+01,0.000000000000000000e+00,0.000000000000000000e+00
5.701989974266663097e+01,0.000000000000000000e+00,0.000000000000000000e+00
6.105744274456433374e+01,0.000000000000000000e+00,0.000000000000000000e+00
6.028448261244955830e+01,0.000000000000000000e+00,0.000000000000000000e+00
5.763599484082370594e+01,0.000000000000000000e+00,0.000000000000000000e+00
5.831683083951568847e+01,0.000000000000000000e+00,0.000000000000000000e+00
5.849534972288221013e+01,0.000000000000000000e+00,0.000000000000000000e+00
5.429363684310430926e+01,0.000000000000000000e+00,0.000000000000000000e+00
5.478625476192390664e+01,0.000000000000000000e+00,0.000000000000000000e+00
5.803708618985433532e+01,0.000000000000000000e+00,0.000000000000000000e+00
5.582749610331109835e+01,0.000000000000000000e+00,0.000000000000000000e+00
5.905945956192798008e+01,0.000000000000000000e+00,0.000000000000000000e+00
5.799516831408340778e+01,0.000000000000000000e+00,0.000000000000000000e+00
5.399615326294114226e+01,0.000000000000000000e+00,0.000000000000000000e+00
5.501385590681285009e+01,0.000000000000000000e+00,0.000000000000000000e+00
5.646033683565489270e+01,0.000000000000000000e+00,0.000000000000000000e+00
5.919442873380769043e+01,0.000000000000000000e+00,0.000000000000000000e+00
5.677158358570714114e+01,0.000000000000000000e+00,0.000000000000000000e+00
5.823554010913229462e+01,0.000000000000000000e+00,0.000000000000000000e+00
6.388511069251779162e+01,0.000000000000000000e+00,0.000000000000000000e+00
5.816621553924459675e+01,0.000000000000000000e+00,0.000000000000000000e+00
6.164190287697484649e+01,0.000000000000000000e+00,0.000000000000000000e+00
5.938684448531805060e+01,0.000000000000000000e+00,0.000000000000000000e+00
5.663044932356294225e+01,0.000000000000000000e+00,0.000000000000000000e+00
5.923780244750729196e+01,0.000000000000000000e+00,0.000000000000000000e+00
5.953684364100757875e+01,0.000000000000000000e+00,0.000000000000000000e+00
5.433922094221359345e+01,0.000000000000000000e+00,0.000000000000000000e+00
5.750454061363100777e+01,0.000000000000000000e+00,0.000000000000000000e+00
5.977863329563681560e+01,0.000000000000000000e+00,0.000000000000000000e+00
6.182676609372081344e+01,0.000000000000000000e+00,0.000000000000000000e+00
6.174797374894234281e+01,0.000000000000000000e+00,0.000000000000000000e+00
5.950858363174258869e+01,0.000000000000000000e+00,0.000000000000000000e+00
5.952444836588305321e+01,0.000000000000000000e+00,0.000000000000000000e+00
6.186297259010738969e+01,0.000000000000000000e+00,0.000000000000000000e+00
6.020272992583096539e+01,0.000000000000000000e+00,0.000000000000000000e+00
5.781881910624254317e+01,0.000000000000000000e+00,0.000000000000000000e+00
6.343283642044639947e+01,0.000000000000000000e+00,0.000000000000000000e+00
6.263267760239653370e+01,0.000000000000000000e+00,0.000000000000000000e+00
5.986826614536894908e+01,0.000000000000000000e+00,0.000000000000000000e+00
6.223614755720785752e+01,0.000000000000000000e+00,0.000000000000000000e+00
6.085830308797513766e+01,0.000000000000000000e+00,0.000000000000000000e+00
6.069483671050588214e+01,0.000000000000000000e+00,0.000000000000000000e+00
6.157739675599301421e+01,0.000000000000000000e+00,0.000000000000000000e+00
5.843388212789459857e+01,0.000000000000000000e+00,0.000000000000000000e+00
6.447858450281489695e+01,0.000000000000000000e+00,0.000000000000000000e+00
6.272239416360811504e+01,0.000000000000000000e+00,0.000000000000000000e+00
6.141674365294844051e+01,0.000000000000000000e+00,0.000000000000000000e+00
6.327601353077741919e+01,0.000000000000000000e+00,0.000000000000000000e+00
6.038543247137177161e+01,0.000000000000000000e+00,0.000000000000000000e+00
6.061445595253789520e+01,0.000000000000000000e+00,0.000000000000000000e+00
6.385539697996795638e+01,0.000000000000000000e+00,0.000000000000000000e+00
6.054835023495250823e+01,0.000000000000000000e+00,0.000000000000000000e+00
6.667336872566939121e+01,0.000000000000000000e+00,0.000000000000000000e+00
5.956356329208708900e+01,0.000000000000000000e+00,0.000000000000000000e+00
5.772330145186067085e+01,0.000000000000000000e+00,0.000000000000000000e+00
6.461321754738074219e+01,0.000000000000000000e+00,0.000000000000000000e+00
6.732136471621903695e+01,0.000000000000000000e+00,0.000000000000000000e+00
6.237886083140273286e+01,0.000000000000000000e+00,0.000000000000000000e+00
6.509561646615023278e+01,0.000000000000000000e+00,0.000000000000000000e+00
6.434416592375832522e+01,0.000000000000000000e+00,0.000000000000000000e+00
6.119376282693315972e+01,0.000000000000000000e+00,0.000000000000000000e+00
6.275624426768242614e+01,0.000000000000000000e+00,0.000000000000000000e+00
6.310679506587506893e+01,0.000000000000000000e+00,0.000000000000000000e+00
6.267530386880762450e+01,0.000000000000000000e+00,0.000000000000000000e+00
6.478070584541931964e+01,0.000000000000000000e+00,0.000000000000000000e+00
6.020743379139362617e+01,0.000000000000000000e+00,0.000000000000000000e+00
5.940025254512293174e+01,0.000000000000000000e+00,0.000000000000000000e+00
6.575170297372288530e+01,0.000000000000000000e+00,0.000000000000000000e+00
6.027051152305158865e+01,0.000000000000000000e+00,0.000000000000000000e+00
6.130961484084339475e+01,0.000000000000000000e+00,0.000000000000000000e+00
6.530123958540085027e+01,0.000000000000000000e+00,0.000000000000000000e+00
6.614253884260837424e+01,0.000000000000000000e+00,0.000000000000000000e+00
6.324709226434449505e+01,0.000000000000000000e+00,0.000000000000000000e+00
6.528683745052110510e+01,0.000000000000000000e+00,0.000000000000000000e+00
6.269020414372720751e+01,0.000000000000000000e+00,0.000000000000000000e+00
6.354398791254879342e+01,0.000000000000000000e+00,0.000000000000000000e+00
6.293694655312787489e+01,0.000000000000000000e+00,0.000000000000000000e+00
6.537885687871613527e+01,0.000000000000000000e+00,0.000000000000000000e+00
5.935841593763140622e+01,0.000000000000000000e+00,0.000000000000000000e+00
6.560802593040240538e+01,0.000000000000000000e+00,0.000000000000000000e+00
6.161276609972253482e+01,0.000000000000000000e+00,0.000000000000000000e+00
6.552973028996906635e+01,0.000000000000000000e+00,0.000000000000000000e+00
6.497736454940699957e+01,0.000000000000000000e+00,0.000000000000000000e+00
6.117142524225790368e+01,0.000000000000000000e+00,0.000000000000000000e+00
6.416247808414014742e+01,0.000000000000000000e+00,0.000000000000000000e+00
6.067649019651145181e+01,0.000000000000000000e+00,0.000000000000000000e+00
6.393483589664074174e+01,0.000000000000000000e+00,0.000000000000000000e+00
6.359592597288659732e+01,0.000000000000000000e+00,0.000000000000000000e+00
6.348306426206811182e+01,0.000000000000000000e+00,0.000000000000000000e+00
6.230293295313455104e+01,0.000000000000000000e+00,0.000000000000000000e+00
6.482941874383357117e+01,0.000000000000000000e+00,0.000000000000000000e+00
5.936833297321263814e+01,0.000000000000000000e+00,0.000000000000000000e+00
6.599376772731247343e+01,0.000000000000000000e+00,0.000000000000000000e+00
5.980433101024760845e+01,0.000000000000000000e+00,0.000000000000000000e+00
6.299417546400361800e+01,0.000000000000000000e+00,0.000000000000000000e+00
6.042440599889966535e+01,0.000000000000000000e+00,0.000000000000000000e+00
6.543140090607036541e+01,0.000000000000000000e+00,0.000000000000000000e+00
6.428451408258638367e+01,0.000000000000000000e+00,0.000000000000000000e+00
6.428300468557900160e+01,0.000000000000000000e+00,0.000000000000000000e+00
6.575034100784337454e+01,0.000000000000000000e+00,0.000000000000000000e+00
6.542282615571194526e+01,0.000000000000000000e+00,0.000000000000000000e+00
6.161164527928116996e+01,0.000000000000000000e+00,0.000000000000000000e+00
6.445696123678013123e+01,0.000000000000000000e+00,0.000000000000000000e+00
6.572518419039792548e+01,0.000000000000000000e+00,0.000000000000000000e+00
6.699185352322517417e+01,0.000000000000000000e+00,0.000000000000000000e+00
6.578165049328379155e+01,0.000000000000000000e+00,0.000000000000000000e+00
6.574697573136380413e+01,0.000000000000000000e+00,0.000000000000000000e+00
6.543084518506599068e+01,0.000000000000000000e+00,0.000000000000000000e+00
6.481124641390921681e+01,0.000000000000000000e+00,0.000000000000000000e+00
6.582958322888534042e+01,0.000000000000000000e+00,0.000000000000000000e+00
6.449106514017290692e+01,0.000000000000000000e+00,0.000000000000000000e+00
6.869161344105755518e+01,0.000000000000000000e+00,0.000000000000000000e+00
6.357768090891708823e+01,0.000000000000000000e+00,0.000000000000000000e+00
6.483393013843981123e+01,0.000000000000000000e+00,0.000000000000000000e+00
6.548811597015162533e+01,0.000000000000000000e+00,0.000000000000000000e+00
6.672037746582221018e+01,0.000000000000000000e+00,0.000000000000000000e+00
6.733616573657472770e+01,0.000000000000000000e+00,0.000000000000000000e+00
6.531262022613198326e+01,0.000000000000000000e+00,0.000000000000000000e+00
6.505392943171260356e+01,0.000000000000000000e+00,0.000000000000000000e+00
6.563027629841180044e+01,0.000000000000000000e+00,0.000000000000000000e+00
6.373229069453490325e+01,0.000000000000000000e+00,0.000000000000000000e+00
6.386968613098592584e+01,0.000000000000000000e+00,0.000000000000000000e+00
6.434468680015001496e+01,0.000000000000000000e+00,0.000000000000000000e+00
6.923729735183111700e+01,0.000000000000000000e+00,0.000000000000000000e+00
6.482077729036538472e+01,0.000000000000000000e+00,0.000000000000000000e+00
6.849879578278559222e+01,0.000000000000000000e+00,0.000000000000000000e+00
6.301818878686728453e+01,0.000000000000000000e+00,0.000000000000000000e+00
6.559307140159661742e+01,0.000000000000000000e+00,0.000000000000000000e+00
6.907255074841434350e+01,0.000000000000000000e+00,0.000000000000000000e+00
6.683046634686648702e+01,0.000000000000000000e+00,0.000000000000000000e+00
6.724446018211675380e+01,0.000000000000000000e+00,0.000000000000000000e+00
7.006890714703094147e+01,0.000000000000000000e+00,0.000000000000000000e+00
6.860741794860309994e+01,0.000000000000000000e+00,0.000000000000000000e+00
6.524448481409373812e+01,0.000000000000000000e+00,0.000000000000000000e+00
6.549873895726503292e+01,0.000000000000000000e+00,0.000000000000000000e+00
6.578451753333452245e+01,0.000000000000000000e+00,0.000000000000000000e+00
6.784193890551684092e+01,0.000000000000000000e+00,0.000000000000000000e+00
6.595554876425097746e+01,0.000000000000000000e+00,0.000000000000000000e+00
6.405500054027447732e+01,0.000000000000000000e+00,0.000000000000000000e+00
6.918618416848613606e+01,0.000000000000000000e+00,0.000000000000000000e+00
6.498873006431030319e+01,0.000000000000000000e+00,0.000000000000000000e+00
6.567769786670697840e+01,0.000000000000000000e+00,0.000000000000000000e+00
6.409730268138312681e+01,0.000000000000000000e+00,0.000000000000000000e+00
7.211899166910902181e+01,0.000000000000000000e+00,0.000000000000000000e+00
6.815964702875817238e+01,0.000000000000000000e+00,0.000000000000000000e+00
7.193429654061893075e+01,0.000000000000000000e+00,0.000000000000000000e+00
7.127615449858772934e+01,0.000000000000000000e+00,0.000000000000000000e+00
6.791677893639530339e+01,0.000000000000000000e+00,0.000000000000000000e+00
6.818633396481359910e+01,0.000000000000000000e+00,0.000000000000000000e+00
7.021287640568705513e+01,0.000000000000000000e+00,0.000000000000000000e+00
6.756972516848109933e+01,0.000000000000000000e+00,0.000000000000000000e+00
6.501320262584438581e+01,0.000000000000000000e+00,0.000000000000000000e+00
7.002245434493848109e+01,0.000000000000000000e+00,0.000000000000000000e+00
6.714996006654109806e+01,0.000000000000000000e+00,0.000000000000000000e+00
6.826449439538011177e+01,0.000000000000000000e+00,0.000000000000000000e+00
6.855926176482374501e+01,0.000000000000000000e+00,0.000000000000000000e+00
6.759074033201400766e+01,0.000000000000000000e+00,0.000000000000000000e+00
6.930933313894358605e+01,0.000000000000000000e+00,0.000000000000000000e+00
6.822727178562000461e+01,0.000000000000000000e+00,0.000000000000000000e+00
7.094324651249959857e+01,0.000000000000000000e+00,0.000000000000000000e+00
7.001708984174280204e+01,0.000000000000000000e+00,0.000000000000000000e+00
7.142789791938230337e+01,0.000000000000000000e+00,0.000000000000000000e+00
7.079849233340826231e+01,0.000000000000000000e+00,0.000000000000000000e+00
7.019006885358811587e+01,0.000000000000000000e+00,0.000000000000000000e+00
6.884181073062120504e+01,0.000000000000000000e+00,0.000000000000000000e+00
6.861043249523886800e+01,0.000000000000000000e+00,0.000000000000000000e+00
6.850190729646101317e+01,0.000000000000000000e+00,0.000000000000000000e+00
6.497355858170529075e+01,0.000000000000000000e+00,0.000000000000000000e+00
6.930477028737045941e+01,0.000000000000000000e+00,0.000000000000000000e+00
7.191426559872599000e+01,0.000000000000000000e+00,0.000000000000000000e+00
6.938642903380299742e+01,0.000000000000000000e+00,0.000000000000000000e+00
7.076918481328034716e+01,0.000000000000000000e+00,0.000000000000000000e+00
7.093231718561146693e+01,0.000000000000000000e+00,0.000000000000000000e+00
6.983384604546468211e+01,0.000000000000000000e+00,0.000000000000000000e+00
7.291579308643524371e+01,0.000000000000000000e+00,0.000000000000000000e+00
6.897079860211113100e+01,0.000000000000000000e+00,0.000000000000000000e+00
6.938547796253232036e+01,0.000000000000000000e+00,0.000000000000000000e+00
7.277159765747458664e+01,0.000000000000000000e+00,0.000000000000000000e+00
7.020918448275871526e+01,0.000000000000000000e+00,0.000000000000000000e+00
7.144871631850415383e+01,0.000000000000000000e+00,0.000000000000000000e+00
6.849491769921189643e+01,0.000000000000000000e+00,0.000000000000000000e+00
6.980673280912535006e+01,0.000000000000000000e+00,0.000000000000000000e+00
7.485136589638716487e+01,0.000000000000000000e+00,0.000000000000000000e+00
6.720452119920969380e+01,0.000000000000000000e+00,0.000000000000000000e+00
7.256404928869585547e+01,0.000000000000000000e+00,0.000000000000000000e+00
6.972056594516128314e+01,0.000000000000000000e+00,0.000000000000000000e+00
7.256006859447171564e+01,0.000000000000000000e+00,0.000000000000000000e+00
7.119635983195098561e+01,0.000000000000000000e+00,0.000000000000000000e+00
7.275629863078691528e+01,0.000000000000000000e+00,0.000000000000000000e+00
7.167442421565226596e+01,0.000000000000000000e+00,0.000000000000000000e+00
7.197732514637162637e+01,0.000000000000000000e+00,0.000000000000000000e+00
7.195330715002592115e+01,0.000000000000000000e+00,0.000000000000000000e+00
7.313532629894031345e+01,0.000000000000000000e+00,0.000000000000000000e+00
7.049671651163814090e+01,0.000000000000000000e+00,0.000000000000000000e+00
7.193054615396778217e+01,0.000000000000000000e+00,0.000000000000000000e+00
6.728140761987138774e+01,0.000000000000000000e+00,0.000000000000000000e+00
7.160691898506848929e+01,0.000000000000000000e+00,0.000000000000000000e+00
7.100735322560409202e+01,0.000000000000000000e+00,0.000000000000000000e+00
7.029319068866611531e+01,0.000000000000000000e+00,0.000000000000000000e+00
7.161690960866447142e+01,0.000000000000000000e+00,0.000000000000000000e+00
6.955603279940790173e+01,0.000000000000000000e+00,0.000000000000000000e+00
7.427448690923506547e+01,0.000000000000000000e+00,0.000000000000000000e+00
7.156878433012832375e+01,0.000000000000000000e+00,0.000000000000000000e+00
7.300903186314174320e+01,0.000000000000000000e+00,0.000000000000000000e+00
6.753085047580957223e+01,0.000000000000000000e+00,0.000000000000000000e+00
7.282842497778963775e+01,0.000000000000000000e+00,0.000000000000000000e+00
6.845837725714596900e+01,0.000000000000000000e+00,0.000000000000000000e+00
7.135489949807312371e+01,0.000000000000000000e+00,0.000000000000000000e+00
6.890840740112709284e+01,0.000000000000000000e+00,0.000000000000000000e+00
7.458856042780149664e+01,0.000000000000000000e+00,0.000000000000000000e+00
7.334670452057045509e+01,0.000000000000000000e+00,0.000000000000000000e+00
7.187468828287563838e+01,0.000000000000000000e+00,0.000000000000000000e+00
7.237495510486728278e+01,0.000000000000000000e+00,0.000000000000000000e+00
7.220042698243652524e+01,0.000000000000000000e+00,0.000000000000000000e+00
7.361680809347649301e+01,0.000000000000000000e+00,0.000000000000000000e+00
6.940379299527280921e+01,0.000000000000000000e+00,0.000000000000000000e+00
6.821240004735385298e+01,0.000000000000000000e+00,0.000000000000000000e+00
7.078928211360651801e+01,0.000000000000000000e+00,0.000000000000000000e+00
7.308325759556853995e+01,0.000000000000000000e+00,0.000000000000000000e+00
7.213614493424741170e+01,0.000000000000000000e+00,0.000000000000000000e+00
7.216718480358781562e+01,0.000000000000000000e+00,0.000000000000000000e+00
7.196029134044897546e+01,0.000000000000000000e+00,0.000000000000000000e+00
7.304110137922933177e+01,0.000000000000000000e+00,0.000000000000000000e+00
7.361292668997536737e+01,0.000000000000000000e+00,0.000000000000000000e+00
7.241754193700501219e+01,0.000000000000000000e+00,0.000000000000000000e+00
6.945224416382355059e+01,0.000000000000000000e+00,0.000000000000000000e+00
7.296486354691225529e+01,0.000000000000000000e+00,0.000000000000000000e+00
7.373797916163096033e+01,0.000000000000000000e+00,0.000000000000000000e+00
7.337119358192263974e+01,0.000000000000000000e+00,0.000000000000000000e+00
7.304229659396285967e+01,0.000000000000000000e+00,0.000000000000000000e+00
7.199587837619705510e+01,0.000000000000000000e+00,0.000000000000000000e+00
7.367156653107073794e+01,0.000000000000000000e+00,0.000000000000000000e+00
7.011291508209170331e+01,0.000000000000000000e+00,0.000000000000000000e+00
7.485456820985288573e+01,0.000000000000000000e+00,0.000000000000000000e+00
7.541194323295846402e+01,0.000000000000000000e+00,0.000000000000000000e+00
6.975651501964721035e+01,0.000000000000000000e+00,0.000000000000000000e+00
7.227502865896845208e+01,0.000000000000000000e+00,0.000000000000000000e+00
7.250487929851479407e+01,0.000000000000000000e+00,0.000000000000000000e+00
7.311585628598537312e+01,0.000000000000000000e+00,0.000000000000000000e+00
7.265538309914073523e+01,0.000000000000000000e+00,0.000000000000000000e+00
7.182251815150746665e+01,0.000000000000000000e+00,0.000000000000000000e+00
7.307731714500705777e+01,0.000000000000000000e+00,0.000000000000000000e+00
7.477546501537612755e+01,0.000000000000000000e+00,0.000000000000000000e+00
7.318448042701730571e+01,0.000000000000000000e+00,0.000000000000000000e+00
7.214351210012985405e+01,0.000000000000000000e+00,0.000000000000000000e+00
7.472419588123177903e+01,0.000000000000000000e+00,0.000000000000000000e+00
7.614658779545632683e+01,0.000000000000000000e+00,0.000000000000000000e+00
7.572077181481137131e+01,0.000000000000000000e+00,0.000000000000000000e+00
7.356373485153687852e+01,0.000000000000000000e+00,0.000000000000000000e+00
7.271969570997957533e+01,0.000000000000000000e+00,0.000000000000000000e+00
7.311405044422926380e+01,0.000000000000000000e+00,0.000000000000000000e+00
7.481644977186694234e+01,0.000000000000000000e+00,0.000000000000000000e+00
7.241108143266630748e+01,0.000000000000000000e+00,0.000000000000000000e+00
7.161121800613699406e+01,0.000000000000000000e+00,0.000000000000000000e+00
7.070830518684611832e+01,0.000000000000000000e+00,0.000000000000000000e+00
7.837869777715737030e+01,0.000000000000000000e+00,0.000000000000000000e+00
7.469143063338401589e+01,0.000000000000000000e+00,0.000000000000000000e+00
7.027353561812566340e+01,0.000000000000000000e+00,0.000000000000000000e+00
7.598442001388026767e+01,0.000000000000000000e+00,0.000000000000000000e+00
7.772505744560693586e+01,0.000000000000000000e+00,0.000000000000000000e+00
7.359074412467612092e+01,0.000000000000000000e+00,0.000000000000000000e+00
7.413220118971256056e+01,0.000000000000000000e+00,0.000000000000000000e+00
7.643646089562943757e+01,0.000000000000000000e+00,0.000000000000000000e+00
7.432596155114013925e+01,0.000000000000000000e+00,0.000000000000000000e+00
7.186131701765565083e+01,0.000000000000000000e+00,0.000000000000000000e+00
7.572588269766288249e+01,0.000000000000000000e+00,0.000000000000000000e+00
7.387015227959531671e+01,0.000000000000000000e+00,0.000000000000000000e+00
7.386129631247150940e+01,0.000000000000000000e+00,0.000000000000000000e+00
7.342114759889662423e+01,0.000000000000000000e+00,0.000000000000000000e+00
7.563232017377542604e+01,0.000000000000000000e+00,0.000000000000000000e+00
7.629412472848575533e+01,0.000000000000000000e+00,0.000000000000000000e+00
7.610050052631058293e+01,0.000000000000000000e+00,0.000000000000000000e+00
7.635074401507895914e+01,0.000000000000000000e+00,0.000000000000000000e+00
7.522542498238878750e+01,0.000000000000000000e+00,0.000000000000000000e+00
7.346416445367982817e+01,0.000000000000000000e+00,0.000000000000000000e+00
7.497884378474341815e+01,0.000000000000000000e+00,0.000000000000000000e+00
7.623069275714929915e+01,0.000000000000000000e+00,0.000000000000000000e+00
7.557717628996387305e+01,0.000000000000000000e+00,0.000000000000000000e+00
7.856922680785685031e+01,0.000000000000000000e+00,0.000000000000000000e+00
7.567320632099517752e+01,0.000000000000000000e+00,0.000000000000000000e+00
7.717026722531738869e+01,0.000000000000000000e+00,0.000000000000000000e+00
7.707950438033317653e+01,0.000000000000000000e+00,0.000000000000000000e+00
7.816893129722835454e+01,0.000000000000000000e+00,0.000000000000000000e+00
7.274977033151246530e+01,0.000000000000000000e+00,0.000000000000000000e+00
7.602314886706044206e+01,0.000000000000000000e+00,0.000000000000000000e+00
7.662622532536423137e+01,0.000000000000000000e+00,0.000000000000000000e+00
7.650567309889595435e+01,0.000000000000000000e+00,0.000000000000000000e+00
7.319363776132409782e+01,0.000000000000000000e+00,0.000000000000000000e+00
7.729349899831434811e+01,0.000000000000000000e+00,0.000000000000000000e+00
7.377032831793924572e+01,0.000000000000000000e+00,0.000000000000000000e+00
7.581617691177608265e+01,0.000000000000000000e+00,0.000000000000000000e+00
7.145186556905893838e+01,0.000000000000000000e+00,0.000000000000000000e+00
7.677918634763344130e+01,0.000000000000000000e+00,0.000000000000000000e+00
7.717189687645853269e+01,0.000000000000000000e+00,0.000000000000000000e+00
7.520441186970400338e+01,0.000000000000000000e+00,0.000000000000000000e+00
7.577242048791865159e+01,0.000000000000000000e+00,0.000000000000000000e+00
7.418739315801326484e+01,0.000000000000000000e+00,0.000000000000000000e+00
7.517220131266164174e+01,0.000000000000000000e+00,0.000000000000000000e+00
7.521050990409419512e+01,0.000000000000000000e+00,0.000000000000000000e+00
7.595698451570791576e+01,0.000000000000000000e+00,0.000000000000000000e+00
7.617770592711556787e+01,0.000000000000000000e+00,0.000000000000000000e+00
7.258207674122401443e+01,0.000000000000000000e+00,0.000000000000000000e+00
7.533901714308377962e+01,0.000000000000000000e+00,0.000000000000000000e+00
7.758000978758433064e+01,0.000000000000000000e+00,0.000000000000000000e+00
7.779226914717290242e+01,0.000000000000000000e+00,0.000000000000000000e+00
7.656921348721351706e+01,0.000000000000000000e+00,0.000000000000000000e+00
7.525193588309818438e+01,0.000000000000000000e+00,0.000000000000000000e+00
7.939810746589924406e+01,0.000000000000000000e+00,0.000000000000000000e+00
7.742376885309256807e+01,0.000000000000000000e+00,0.000000000000000000e+00
7.725502314449144592e+01,0.000000000000000000e+00,0.000000000000000000e+00
7.582842342694159754e+01,0.000000000000000000e+00,0.000000000000000000e+00
7.707949868107459679e+01,0.000000000000000000e+00,0.000000000000000000e+00
7.442741143472606780e+01,0.000000000000000000e+00,0.000000000000000000e+00
7.702608426979693945e+01,0.000000000000000000e+00,0.000000000000000000e+00
7.235274983770068502e+01,0.000000000000000000e+00,0.000000000000000000e+00
7.653810711707060932e+01,0.000000000000000000e+00,0.000000000000000000e+00
8.056435360015963454e+01,0.000000000000000000e+00,0.000000000000000000e+00
7.667940619166864735e+01,0.000000000000000000e+00,0.000000000000000000e+00
7.727556491175988640e+01,0.000000000000000000e+00,0.000000000000000000e+00
7.932189873933242552e+01,0.000000000000000000e+00,0.000000000000000000e+00
7.694064345102371760e+01,0.000000000000000000e+00,0.000000000000000000e+00
7.545144540810082390e+01,0.000000000000000000e+00,0.000000000000000000e+00
7.764961182754352365e+01,0.000000000000000000e+00,0.000000000000000000e+00
7.874133015943795044e+01,0.000000000000000000e+00,0.000000000000000000e+00
7.685248920332257683e+01,0.000000000000000000e+00,0.000000000000000000e+00
7.498040335460179051e+01,0.000000000000000000e+00,0.000000000000000000e+00
7.940610569691413900e+01,0.000000000000000000e+00,0.000000000000000000e+00
7.425595728816257690e+01,0.000000000000000000e+00,0.000000000000000000e+00
8.026764127850840680e+01,0.000000000000000000e+00,0.000000000000000000e+00
7.823160002144439318e+01,0.000000000000000000e+00,0.000000000000000000e+00
7.634015016331088077e+01,0.000000000000000000e+00,0.000000000000000000e+00
8.091107958194226057e+01,0.000000000000000000e+00,0.000000000000000000e+00
7.806271715140016454e+01,0.000000000000000000e+00,0.000000000000000000e+00
7.897718815898345213e+01,0.000000000000000000e+00,0.000000000000000000e+00
7.631423107115510618e+01,0.000000000000000000e+00,0.000000000000000000e+00
7.643955221063559691e+01,0.000000000000000000e+00,0.000000000000000000e+00
7.560204925736860559e+01,0.000000000000000000e+00,0.000000000000000000e+00
7.598666745438538328e+01,0.000000000000000000e+00,0.000000000000000000e+00
7.797922431873605831e+01,0.000000000000000000e+00,0.000000000000000000e+00
7.633260954102286178e+01,0.000000000000000000e+00,0.000000000000000000e+00
7.794024736183956747e+01,0.000000000000000000e+00,0.000000000000000000e+00
7.604327790884158844e+01,0.000000000000000000e+00,0.000000000000000000e+00
7.431964415732619500e+01,0.000000000000000000e+00,0.000000000000000000e+00
8.033645476809468278e+01,0.000000000000000000e+00,0.000000000000000000e+00
7.760404014846101006e+01,0.000000000000000000e+00,0.000000000000000000e+00
7.825943825822308497e+01,0.000000000000000000e+00,0.000000000000000000e+00
7.946300026410516182e+01,0.000000000000000000e+00,0.000000000000000000e+00
7.319650486621542029e+01,0.000000000000000000e+00,0.000000000000000000e+00
7.681445109179796304e+01,0.000000000000000000e+00,0.000000000000000000e+00
7.687988809992191364e+01,0.000000000000000000e+00,0.000000000000000000e+00
7.749157853964143783e+01,0.000000000000000000e+00,0.000000000000000000e+00
7.878166066271417378e+01,0.000000000000000000e+00,0.000000000000000000e+00
7.563008768231448187e+01,0.000000000000000000e+00,0.000000000000000000e+00
7.898168097575621971e+01,0.000000000000000000e+00,0.000000000000000000e+00
8.148897692060826614e+01,0.000000000000000000e+00,0.000000000000000000e+00
7.815385975435246735e+01,0.000000000000000000e+00,0.000000000000000000e+00
7.747035585392399071e+01,0.000000000000000000e+00,0.000000000000000000e+00
8.017504402510095929e+01,0.000000000000000000e+00,0.000000000000000000e+00
7.754612019945085422e+01,0.000000000000000000e+00,0.000000000000000000e+00
7.976558977315676202e+01,0.000000000000000000e+00,0.000000000000000000e+00
7.819746634153770515e+01,0.000000000000000000e+00,0.000000000000000000e+00
8.039797899007419346e+01,0.000000000000000000e+00,0.000000000000000000e+00
7.689563670340298529e+01,0.000000000000000000e+00,0.000000000000000000e+00
7.722842610793260576e+01,0.000000000000000000e+00,0.000000000000000000e+00
7.390766681616011624e+01,0.000000000000000000e+00,0.000000000000000000e+00
7.907792990151396850e+01,0.000000000000000000e+00,0.000000000000000000e+00
7.434537781509123988e+01,0.000000000000000000e+00,0.000000000000000000e+00
7.649841853130095615e+01,0.000000000000000000e+00,0.000000000000000000e+00
7.960556837565242461e+01,0.000000000000000000e+00,0.000000000000000000e+00
7.688711322758256017e+01,0.000000000000000000e+00,0.000000000000000000e+00
8.310291715962490855e+01,0.000000000000000000e+00,0.000000000000000000e+00
7.804897648126127763e+01,0.000000000000000000e+00,0.000000000000000000e+00
7.662538877231907009e+01,0.000000000000000000e+00,0.000000000000000000e+00
7.962763999200356579e+01,0.000000000000000000e+00,0.000000000000000000e+00
7.578902308858192782e+01,0.000000000000000000e+00,0.000000000000000000e+00
8.140007114732937055e+01,0.000000000000000000e+00,0.000000000000000000e+00
7.939770638912193590e+01,0.000000000000000000e+00,0.000000000000000000e+00
7.920001580410237807e+01,0.000000000000000000e+00,0.000000000000000000e+00
7.777399564309280322e+01,0.000000000000000000e+00,0.000000000000000000e+00
7.797768094872895972e+01,0.000000000000000000e+00,0.000000000000000000e+00
8.026800369421947323e+01,0.000000000000000000e+00,0.000000000000000000e+00
7.879990950584760867e+01,0.000000000000000000e+00,0.000000000000000000e+00
8.387702053480525421e+01,0.000000000000000000e+00,0.000000000000000000e+00
8.080669384838012093e+01,0.000000000000000000e+00,0.000000000000000000e+00
7.930622532097056876e+01,0.000000000000000000e+00,0.000000000000000000e+00
8.017877475668579734e+01,0.000000000000000000e+00,0.000000000000000000e+00
7.889080760881729759e+01,0.000000000000000000e+00,0.000000000000000000e+00
7.921298467413531341e+01,0.000000000000000000e+00,0.000000000000000000e+00
8.144457319017207908e+01,0.000000000000000000e+00,0.000000000000000000e+00
7.972571562640770537e+01,0.000000000000000000e+00,0.000000000000000000e+00
7.654773881483021114e+01,0.000000000000000000e+00,0.000000000000000000e+00
7.650443373996995433e+01,0.000000000000000000e+00,0.000000000000000000e+00
8.066621584342456686e+01,0.000000000000000000e+00,0.000000000000000000e+00
8.034477069012012862e+01,0.000000000000000000e+00,0.000000000000000000e+00
7.931910661683856745e+01,0.000000000000000000e+00,0.000000000000000000e+00
7.767630683809973391e+01,0.000000000000000000e+00,0.000000000000000000e+00
8.156614343014740598e+01,0.000000000000000000e+00,0.000000000000000000e+00
7.767522573963294974e+01,0.000000000000000000e+00,0.000000000000000000e+00
7.907372506587607575e+01,0.000000000000000000e+00,0.000000000000000000e+00
7.750995023013196317e+01,0.000000000000000000e+00,0.000000000000000000e+00
7.926699489468386162e+01,0.000000000000000000e+00,0.000000000000000000e+00
7.980575100445022940e+01,0.000000000000000000e+00,0.000000000000000000e+00
7.918834262932072932e+01,0.000000000000000000e+00,0.000000000000000000e+00
7.821338691453678393e+01,0.000000000000000000e+00,0.000000000000000000e+00
7.741815880614407774e+01,0.000000000000000000e+00,0.000000000000000000e+00
7.813866072350607794e+01,0.000000000000000000e+00,0.000000000000000000e+00
7.839061458012344019e+01,0.000000000000000000e+00,0.000000000000000000e+00
8.026189631280256265e+01,0.000000000000000000e+00,0.000000000000000000e+00
7.850514758335782517e+01,0.000000000000000000e+00,0.000000000000000000e+00
7.841746409014206165e+01,0.000000000000000000e+00,0.000000000000000000e+00
8.139941884717630671e+01,0.000000000000000000e+00,0.000000000000000000e+00
8.170884767130417004e+01,0.000000000000000000e+00,0.000000000000000000e+00
8.212580351771829612e+01,0.000000000000000000e+00,0.000000000000000000e+00
8.189588684645187300e+01,0.000000000000000000e+00,0.000000000000000000e+00
7.983760707952440328e+01,0.000000000000000000e+00,0.000000000000000000e+00
7.695955588135269920e+01,0.000000000000000000e+00,0.000000000000000000e+00
8.064793050933502627e+01,0.000000000000000000e+00,0.000000000000000000e+00
7.887841588019993821e+01,0.000000000000000000e+00,0.000000000000000000e+00
8.089064133802001777e+01,0.000000000000000000e+00,0.000000000000000000e+00
7.819398594215944343e+01,0.000000000000000000e+00,0.000000000000000000e+00
8.040435662439108455e+01,0.000000000000000000e+00,0.000000000000000000e+00
7.862564072233747936e+01,0.000000000000000000e+00,0.000000000000000000e+00
8.090579210820021672e+01,0.000000000000000000e+00,0.000000000000000000e+00
8.120587687039864022e+01,0.000000000000000000e+00,0.000000000000000000e+00
8.189248965943099279e+01,0.000000000000000000e+00,0.000000000000000000e+00
7.781758198619813527e+01,0.000000000000000000e+00,0.000000000000000000e+00
8.177005911009563022e+01,0.000000000000000000e+00,0.000000000000000000e+00
8.231424886290108134e+01,0.000000000000000000e+00,0.000000000000000000e+00
8.126353939329609943e+01,0.000000000000000000e+00,0.000000000000000000e+00
7.694994551356766976e+01,0.000000000000000000e+00,0.000000000000000000e+00
8.031652554627275720e+01,0.000000000000000000e+00,0.000000000000000000e+00
7.829327565566578073e+01,0.000000000000000000e+00,0.000000000000000000e+00
8.186655355751729246e+01,0.000000000000000000e+00,0.000000000000000000e+00
7.717764549286285103e+01,0.000000000000000000e+00,0.000000000000000000e+00
8.043143990352373862e+01,0.000000000000000000e+00,0.000000000000000000e+00
7.809008407014998454e+01,0.000000000000000000e+00,0.000000000000000000e+00
7.645138319231482171e+01,0.000000000000000000e+00,0.000000000000000000e+00
8.147609643539098556e+01,0.000000000000000000e+00,0.000000000000000000e+00
7.993095543738967024e+01,0.000000000000000000e+00,0.000000000000000000e+00
8.051315927774562908e+01,0.000000000000000000e+00,0.000000000000000000e+00
7.922938060890312784e+01,0.000000000000000000e+00,0.000000000000000000e+00
7.866409029585685175e+01,0.000000000000000000e+00,0.000000000000000000e+00
8.200573524804006809e+01,0.000000000000000000e+00,0.000000000000000000e+00
8.388886201101527718e+01,0.000000000000000000e+00,0.000000000000000000e+00
7.933390280512641368e+01,0.000000000000000000e+00,0.000000000000000000e+00
7.800555021547511103e+01,0.000000000000000000e+00,0.000000000000000000e+00
7.604376917178160511e+01,0.000000000000000000e+00,0.000000000000000000e+00
8.070993733893227784e+01,0.000000000000000000e+00,0.000000000000000000e+00
7.867476110233000952e+01,0.000000000000000000e+00,0.000000000000000000e+00
8.023467108284508242e+01,0.000000000000000000e+00,0.000000000000000000e+00
8.056132970946120508e+01,0.000000000000000000e+00,0.000000000000000000e+00
8.009565006832495726e+01,0.000000000000000000e+00,0.000000000000000000e+00
8.105736733385853654e+01,0.000000000000000000e+00,0.000000000000000000e+00
7.461608448283439543e+01,0.000000000000000000e+00,0.000000000000000000e+00
7.870134494800691982e+01,0.000000000000000000e+00,0.000000000000000000e+00
8.249644834651390113e+01,0.000000000000000000e+00,0.000000000000000000e+00
8.163404804843953855e+01,0.000000000000000000e+00,0.000000000000000000e+00
8.140036654477856359e+01,0.000000000000000000e+00,0.000000000000000000e+00
8.083570463851187071e+01,0.000000000000000000e+00,0.000000000000000000e+00
8.390751080290174002e+01,0.000000000000000000e+00,0.000000000000000000e+00
8.349614715404290166e+01,0.000000000000000000e+00,0.000000000000000000e+00
7.759511037906085562e+01,0.000000000000000000e+00,0.000000000000000000e+00
8.308243134410753328e+01,0.000000000000000000e+00,0.000000000000000000e+00
8.111247617088619677e+01,0.000000000000000000e+00,0.000000000000000000e+00
8.197529233261323611e+01,0.000000000000000000e+00,0.000000000000000000e+00
7.959049279400039723e+01,0.000000000000000000e+00,0.000000000000000000e+00
8.077794287353979996e+01,0.000000000000000000e+00,0.000000000000000000e+00
7.925722843277738150e+01,0.000000000000000000e+00,0.000000000000000000e+00
8.039334898313892097e+01,0.000000000000000000e+00,0.000000000000000000e+00
7.873398543299519758e+01,0.000000000000000000e+00,0.000000000000000000e+00
8.008185240258704596e+01,0.000000000000000000e+00,0.000000000000000000e+00
8.200305902992867857e+01,0.000000000000000000e+00,0.000000000000000000e+00
7.878820873092452359e+01,0.000000000000000000e+00,0.000000000000000000e+00
8.163272711577664609e+01,0.000000000000000000e+00,0.000000000000000000e+00
7.934778914932074656e+01,0.000000000000000000e+00,0.000000000000000000e+00
7.612632997069697183e+01,0.000000000000000000e+00,0.000000000000000000e+00
8.232058841961426765e+01,0.000000000000000000e+00,0.000000000000000000e+00
7.682676938521174748e+01,0.000000000000000000e+00,0.000000000000000000e+00
7.731401654997067396e+01,0.000000000000000000e+00,0.000000000000000000e+00
7.997278801000443593e+01,0.000000000000000000e+00,0.000000000000000000e+00
7.882969832583421521e+01,0.000000000000000000e+00,0.000000000000000000e+00
7.989249561686753509e+01,0.000000000000000000e+00,0.000000000000000000e+00
8.161524327986425931e+01,0.000000000000000000e+00,0.000000000000000000e+00
7.944777180309026221e+01,0.000000000000000000e+00,0.000000000000000000e+00
8.093859111169047083e+01,0.000000000000000000e+00,0.000000000000000000e+00
7.751310267921346053e+01,0.000000000000000000e+00,0.000000000000000000e+00
7.801882438011077170e+01,0.000000000000000000e+00,0.000000000000000000e+00
8.208082699773629543e+01,0.000000000000000000e+00,0.000000000000000000e+00
8.050092709378543532e+01,0.000000000000000000e+00,0.000000000000000000e+00
8.094170729084166283e+01,0.000000000000000000e+00,0.000000000000000000e+00
7.937811184241455464e+01,0.000000000000000000e+00,0.000000000000000000e+00
7.789322096117818717e+01,0.000000000000000000e+00,0.000000000000000000e+00
8.179901068054329016e+01,0.000000000000000000e+00,0.000000000000000000e+00
8.109444046839652742e+01,0.000000000000000000e+00,0.000000000000000000e+00
7.788766688032799834e+01,0.000000000000000000e+00,0.000000000000000000e+00
8.091376826768289732e+01,0.000000000000000000e+00,0.000000000000000000e+00
7.645815949209764995e+01,0.000000000000000000e+00,0.000000000000000000e+00
8.012505478374758638e+01,0.000000000000000000e+00,0.000000000000000000e+00
7.958576071821607911e+01,0.000000000000000000e+00,0.000000000000000000e+00
8.024300810101267700e+01,0.000000000000000000e+00,0.000000000000000000e+00
7.931103947574970903e+01,0.000000000000000000e+00,0.000000000000000000e+00
8.150531300337431162e+01,0.000000000000000000e+00,0.000000000000000000e+00
7.968630675054998846e+01,0.000000000000000000e+00,0.000000000000000000e+00
7.797074452389045973e+01,0.000000000000000000e+00,0.000000000000000000e+00
7.805779234447004455e+01,0.000000000000000000e+00,0.000000000000000000e+00
8.141286995202203514e+01,0.000000000000000000e+00,0.000000000000000000e+00
8.073728908998283771e+01,0.000000000000000000e+00,0.000000000000000000e+00
7.981632919901373668e+01,0.000000000000000000e+00,0.000000000000000000e+00
7.854597172085860279e+01,0.000000000000000000e+00,0.000000000000000000e+00
8.146695413391451268e+01,0.000000000000000000e+00,0.000000000000000000e+00
7.851548079775388089e+01,0.000000000000000000e+00,0.000000000000000000e+00
8.185578568657454923e+01,0.000000000000000000e+00,0.000000000000000000e+00
8.002743204278635858e+01,0.000000000000000000e+00,0.000000000000000000e+00
7.690587378220068615e+01,0.000000000000000000e+00,0.000000000000000000e+00
8.049263802809913670e+01,0.000000000000000000e+00,0.000000000000000000e+00
8.136623159966998742e+01,0.000000000000000000e+00,0.000000000000000000e+00
7.960081608176491841e+01,0.000000000000000000e+00,0.000000000000000000e+00
8.131973782345630752e+01,0.000000000000000000e+00,0.000000000000000000e+00
8.014983051052901430e+01,0.000000000000000000e+00,0.000000000000000000e+00
8.200604748606626515e+01,0.000000000000000000e+00,0.000000000000000000e+00
7.630441674756136194e+01,0.000000000000000000e+00,0.000000000000000000e+00
8.216490060394710326e+01,0.000000000000000000e+00,0.000000000000000000e+00
7.873764864381439565e+01,0.000000000000000000e+00,0.000000000000000000e+00
8.159995055173274636e+01,0.000000000000000000e+00,0.000000000000000000e+00
7.996004188221914433e+01,0.000000000000000000e+00,0.000000000000000000e+00
7.943949634279159966e+01,0.000000000000000000e+00,0.000000000000000000e+00
7.584589026904491504e+01,0.000000000000000000e+00,0.000000000000000000e+00
7.919097585282401042e+01,0.000000000000000000e+00,0.000000000000000000e+00
8.143090234303350883e+01,0.000000000000000000e+00,0.000000000000000000e+00
7.842600026180480199e+01,0.000000000000000000e+00,0.000000000000000000e+00
7.819233472123065098e+01,0.000000000000000000e+00,0.000000000000000000e+00
7.816930573681048600e+01,0.000000000000000000e+00,0.000000000000000000e+00
8.014964171489411626e+01,0.000000000000000000e+00,0.000000000000000000e+00
8.112518265795768002e+01,0.000000000000000000e+00,0.000000000000000000e+00
8.061290860993788954e+01,0.000000000000000000e+00,0.000000000000000000e+00
7.981743991633862834e+01,0.000000000000000000e+00,0.000000000000000000e+00
7.724357766052649765e+01,0.000000000000000000e+00,0.000000000000000000e+00
8.185432282925764014e+01,0.000000000000000000e+00,0.000000000000000000e+00
7.990587449383303920e+01,0.000000000000000000e+00,0.000000000000000000e+00
7.908558179693959289e+01,0.000000000000000000e+00,0.000000000000000000e+00
7.969681941645326617e+01,0.000000000000000000e+00,0.000000000000000000e+00
8.117006828406468344e+01,0.000000000000000000e+00,0.000000000000000000e+00
7.558723447002182638e+01,0.000000000000000000e+00,0.000000000000000000e+00
7.965238368818913273e+01,0.000000000000000000e+00,0.000000000000000000e+00
7.954805326330766491e+01,0.000000000000000000e+00,0.000000000000000000e+00
7.785042904637388972e+01,0.000000000000000000e+00,0.000000000000000000e+00
7.895141921458119327e+01,0.000000000000000000e+00,0.000000000000000000e+00
8.281818078327229671e+01,0.000000000000000000e+00,0.000000000000000000e+00
7.804711446403342734e+01,0.000000000000000000e+00,0.000000000000000000e+00
7.974696045696846625e+01,0.000000000000000000e+00,0.000000000000000000e+00
7.721289742334643336e+01,0.000000000000000000e+00,0.000000000000000000e+00
7.718723412361465819e+01,0.000000000000000000e+00,0.000000000000000000e+00
8.121300431776448647e+01,0.000000000000000000e+00,0.000000000000000000e+00
8.034487312034723061e+01,0.000000000000000000e+00,0.000000000000000000e+00
8.109127762681939089e+01,0.000000000000000000e+00,0.000000000000000000e+00
8.286526582410998287e+01,0.000000000000000000e+00,0.000000000000000000e+00
7.864565064710809850e+01,0.000000000000000000e+00,0.000000000000000000e+00
7.846444721464301608e+01,0.000000000000000000e+00,0.000000000000000000e+00
7.547021015350873085e+01,0.000000000000000000e+00,0.000000000000000000e+00
7.909310482044016055e+01,0.000000000000000000e+00,0.000000000000000000e+00
7.942876223495530041e+01,0.000000000000000000e+00,0.000000000000000000e+00
7.964673919134368418e+01,0.000000000000000000e+00,0.000000000000000000e+00
7.573386733082386968e+01,0.000000000000000000e+00,0.000000000000000000e+00
8.244573111673912535e+01,0.000000000000000000e+00,0.000000000000000000e+00
8.026490710543428975e+01,0.000000000000000000e+00,0.000000000000000000e+00
7.770861993061086537e+01,0.000000000000000000e+00,0.000000000000000000e+00
8.160693301871998528e+01,0.000000000000000000e+00,0.000000000000000000e+00
7.675674863056799779e+01,0.000000000000000000e+00,0.000000000000000000e+00
7.977939304297898104e+01,0.000000000000000000e+00,0.000000000000000000e+00
7.745023285824734671e+01,0.000000000000000000e+00,0.000000000000000000e+00
7.801985072866740722e+01,0.000000000000000000e+00,0.000000000000000000e+00
7.856924249281051686e+01,0.000000000000000000e+00,0.000000000000000000e+00
7.890045684665044234e+01,0.000000000000000000e+00,0.000000000000000000e+00
7.745522185741457122e+01,0.000000000000000000e+00,0.000000000000000000e+00
7.711745372651081709e+01,0.000000000000000000e+00,0.000000000000000000e+00
7.708934804297012988e+01,0.000000000000000000e+00,0.000000000000000000e+00
8.007108159887131649e+01,0.000000000000000000e+00,0.000000000000000000e+00
7.962327141680033549e+01,0.000000000000000000e+00,0.000000000000000000e+00
8.016224852672702639e+01,0.000000000000000000e+00,0.000000000000000000e+00
7.773716045709812761e+01,0.000000000000000000e+00,0.000000000000000000e+00
8.257545896100887717e+01,0.000000000000000000e+00,0.000000000000000000e+00
7.736845124477014224e+01,0.000000000000000000e+00,0.000000000000000000e+00
7.713337233714790386e+01,0.000000000000000000e+00,0.000000000000000000e+00
7.648997890724628235e+01,0.000000000000000000e+00,0.000000000000000000e+00
8.014390646210168256e+01,0.000000000000000000e+00,0.000000000000000000e+00
8.088951184593055643e+01,0.000000000000000000e+00,0.000000000000000000e+00
7.497064684621602737e+01,0.000000000000000000e+00,0.000000000000000000e+00
7.778927662014713462e+01,0.000000000000000000e+00,0.000000000000000000e+00
7.840061921096034325e+01,0.000000000000000000e+00,0.000000000000000000e+00
7.823700299182132767e+01,0.000000000000000000e+00,0.000000000000000000e+00
8.176012794967459740e+01,0.000000000000000000e+00,0.000000000000000000e+00
7.556445289766935502e+01,0.000000000000000000e+00,0.000000000000000000e+00
7.828666300549853929e+01,0.000000000000000000e+00,0.000000000000000000e+00
8.218437793647409251e+01,0.000000000000000000e+00,0.000000000000000000e+00
7.609755710642050985e+01,0.000000000000000000e+00,0.000000000000000000e+00
7.662540853933330709e+01,0.000000000000000000e+00,0.000000000000000000e+00
7.754858064390269590e+01,0.000000000000000000e+00,0.000000000000000000e+00
7.592203814919533045e+01,0.000000000000000000e+00,0.000000000000000000e+00
7.802228379484068910e+01,0.000000000000000000e+00,0.000000000000000000e+00
8.029251224168093870e+01,0.000000000000000000e+00,0.000000000000000000e+00
7.740415981620610353e+01,0.000000000000000000e+00,0.000000000000000000e+00
8.354929412817351420e+01,0.000000000000000000e+00,0.000000000000000000e+00
7.822643210793346213e+01,0.000000000000000000e+00,0.000000000000000000e+00
7.697784064879051869e+01,0.000000000000000000e+00,0.000000000000000000e+00
8.096939376581549652e+01,0.000000000000000000e+00,0.000000000000000000e+00
7.779066208717645736e+01,0.000000000000000000e+00,0.000000000000000000e+00
7.730148656483089553e+01,0.000000000000000000e+00,0.000000000000000000e+00
7.631035138697845355e+01,0.000000000000000000e+00,0.000000000000000000e+00
7.854796009732820039e+01,0.000000000000000000e+00,0.000000000000000000e+00
7.783224405868573115e+01,0.000000000000000000e+00,0.000000000000000000e+00
7.773464490047182096e+01,0.000000000000000000e+00,0.000000000000000000e+00
7.883615902487947835e+01,0.000000000000000000e+00,0.000000000000000000e+00
7.696034360680036457e+01,0.000000000000000000e+00,0.000000000000000000e+00
7.811486900118950416e+01,0.000000000000000000e+00,0.000000000000000000e+00
7.781814052383585079e+01,0.000000000000000000e+00,0.000000000000000000e+00
7.539998629133710040e+01,0.000000000000000000e+00,0.000000000000000000e+00
7.854889040951316304e+01,0.000000000000000000e+00,0.000000000000000000e+00
8.071177872304578216e+01,0.000000000000000000e+00,0.000000000000000000e+00
7.761970310124497985e+01,0.000000000000000000e+00,0.000000000000000000e+00
8.163719943690703928e+01,0.000000000000000000e+00,0.000000000000000000e+00
7.949203946695790535e+01,0.000000000000000000e+00,0.000000000000000000e+00
8.242646257307852409e+01,0.000000000000000000e+00,0.000000000000000000e+00
7.537518163508448765e+01,0.000000000000000000e+00,0.000000000000000000e+00
7.964070784189911478e+01,0.000000000000000000e+00,0.000000000000000000e+00
7.616431463730832263e+01,0.000000000000000000e+00,0.000000000000000000e+00
7.607296892451945780e+01,0.000000000000000000e+00,0.000000000000000000e+00
7.730958380024809173e+01,0.000000000000000000e+00,0.000000000000000000e+00
7.744142096584840829e+01,0.000000000000000000e+00,0.000000000000000000e+00
7.357351131838758818e+01,0.000000000000000000e+00,0.000000000000000000e+00
8.013087711717565753e+01,0.000000000000000000e+00,0.000000000000000000e+00
8.114023419867710629e+01,0.000000000000000000e+00,0.000000000000000000e+00
7.816237866493690944e+01,0.000000000000000000e+00,0.000000000000000000e+00
8.003525235351420974e+01,0.000000000000000000e+00,0.000000000000000000e+00
7.885227144591415538e+01,0.000000000000000000e+00,0.000000000000000000e+00
7.484829813849830771e+01,0.000000000000000000e+00,0.000000000000000000e+00
7.509604146605411756e+01,0.000000000000000000e+00,0.000000000000000000e+00
7.464751366670664368e+01,0.000000000000000000e+00,0.000000000000000000e+00
7.691944760617572285e+01,0.000000000000000000e+00,0.000000000000000000e+00
7.885804437526580557e+01,0.000000000000000000e+00,0.000000000000000000e+00
7.670690416678620238e+01,0.000000000000000000e+00,0.000000000000000000e+00
7.561928067465800041e+01,0.000000000000000000e+00,0.000000000000000000e+00
7.481434019583210215e+01,0.000000000000000000e+00,0.000000000000000000e+00
7.591976731526558808e+01,0.000000000000000000e+00,0.000000000000000000e+00
7.641267065588723995e+01,0.000000000000000000e+00,0.000000000000000000e+00
7.655595383931898823e+01,0.000000000000000000e+00,0.000000000000000000e+00
7.821398784696350504e+01,0.000000000000000000e+00,0.000000000000000000e+00
7.661712592903255370e+01,0.000000000000000000e+00,0.000000000000000000e+00
7.869102910047836019e+01,0.000000000000000000e+00,0.000000000000000000e+00
7.752443709554458451e+01,0.000000000000000000e+00,0.000000000000000000e+00
7.574214843710370815e+01,0.000000000000000000e+00,0.000000000000000000e+00
7.484413350566944700e+01,0.000000000000000000e+00,0.000000000000000000e+00
7.767627729738765652e+01,0.000000000000000000e+00,0.000000000000000000e+00
7.822944936774361224e+01,0.000000000000000000e+00,0.000000000000000000e+00
7.412011947318045202e+01,0.000000000000000000e+00,0.000000000000000000e+00
7.323498516497470234e+01,0.000000000000000000e+00,0.000000000000000000e+00
7.241030185238194861e+01,0.000000000000000000e+00,0.000000000000000000e+00
7.819081525085785245e+01,0.000000000000000000e+00,0.000000000000000000e+00
7.859399179086055653e+01,0.000000000000000000e+00,0.000000000000000000e+00
7.808341728571220131e+01,0.000000000000000000e+00,0.000000000000000000e+00
7.666012367569838659e+01,0.000000000000000000e+00,0.000000000000000000e+00
7.947994818820215812e+01,0.000000000000000000e+00,0.000000000000000000e+00
8.185924864467735063e+01,0.000000000000000000e+00,0.000000000000000000e+00
7.480399821361537249e+01,0.000000000000000000e+00,0.000000000000000000e+00
7.472600343963355840e+01,0.000000000000000000e+00,0.000000000000000000e+00
7.603179828652690730e+01,0.000000000000000000e+00,0.000000000000000000e+00
7.426780482185290566e+01,0.000000000000000000e+00,0.000000000000000000e+00
7.470768627799417061e+01,0.000000000000000000e+00,0.000000000000000000e+00
8.076178501377754060e+01,0.000000000000000000e+00,0.000000000000000000e+00
7.868230111456416864e+01,0.000000000000000000e+00,0.000000000000000000e+00
8.030545299031373929e+01,0.000000000000000000e+00,0.000000000000000000e+00
7.806196575611589594e+01,0.000000000000000000e+00,0.000000000000000000e+00
7.516768048295335802e+01,0.000000000000000000e+00,0.000000000000000000e+00
7.358531451147034375e+01,0.000000000000000000e+00,0.000000000000000000e+00
7.641562064563973422e+01,0.000000000000000000e+00,0.000000000000000000e+00
7.629810569400393661e+01,0.000000000000000000e+00,0.000000000000000000e+00
7.454575453150822284e+01,0.000000000000000000e+00,0.000000000000000000e+00
7.513221037545383751e+01,0.000000000000000000e+00,0.000000000000000000e+00
7.894181458295770426e+01,0.000000000000000000e+00,0.000000000000000000e+00
7.659699955038229291e+01,0.000000000000000000e+00,0.000000000000000000e+00
7.525853764262086543e+01,0.000000000000000000e+00,0.000000000000000000e+00
7.649337564378606658e+01,0.000000000000000000e+00,0.000000000000000000e+00
7.750649541452132496e+01,0.000000000000000000e+00,0.000000000000000000e+00
7.308446450300121455e+01,0.000000000000000000e+00,0.000000000000000000e+00
7.543859451950041262e+01,0.000000000000000000e+00,0.000000000000000000e+00
7.314315693950905484e+01,0.000000000000000000e+00,0.000000000000000000e+00
7.471515484627282433e+01,0.000000000000000000e+00,0.000000000000000000e+00
7.499655737921958121e+01,0.000000000000000000e+00,0.000000000000000000e+00
7.260862879035556716e+01,0.000000000000000000e+00,0.000000000000000000e+00
7.744560108361872608e+01,0.000000000000000000e+00,0.000000000000000000e+00
7.559012192755896820e+01,0.000000000000000000e+00,0.000000000000000000e+00
7.595039242550687675e+01,0.000000000000000000e+00,0.000000000000000000e+00
7.792095337522232512e+01,0.000000000000000000e+00,0.000000000000000000e+00
7.252091490314820987e+01,0.000000000000000000e+00,0.000000000000000000e+00
7.558787518219486401e+01,0.000000000000000000e+00,0.000000000000000000e+00
7.433231677675281901e+01,0.000000000000000000e+00,0.000000000000000000e+00
7.698981538687205273e+01,0.000000000000000000e+00,0.000000000000000000e+00
7.759094631633757899e+01,0.000000000000000000e+00,0.000000000000000000e+00
7.549222569161064200e+01,0.000000000000000000e+00,0.000000000000000000e+00
7.509377587147531585e+01,0.000000000000000000e+00,0.000000000000000000e+00
7.655831821128693093e+01,0.000000000000000000e+00,0.000000000000000000e+00
7.516006908059489433e+01,0.000000000000000000e+00,0.000000000000000000e+00
7.621199168170819860e+01,0.000000000000000000e+00,0.000000000000000000e+00
7.788471058131085556e+01,0.000000000000000000e+00,0.000000000000000000e+00
7.278471242383652395e+01,0.000000000000000000e+00,0.000000000000000000e+00
7.402048701181197998e+01,0.000000000000000000e+00,0.000000000000000000e+00
7.407885433814243470e+01,0.000000000000000000e+00,0.000000000000000000e+00
7.363991533978574466e+01,0.000000000000000000e+00,0.000000000000000000e+00
7.495260337359310654e+01,0.000000000000000000e+00,0.000000000000000000e+00
7.460129997277172720e+01,0.000000000000000000e+00,0.000000000000000000e+00
7.490794687685234976e+01,0.000000000000000000e+00,0.000000000000000000e+00
7.589535813858853430e+01,0.000000000000000000e+00,0.000000000000000000e+00
7.464651152127669320e+01,0.000000000000000000e+00,0.000000000000000000e+00
7.525232964925992007e+01,0.000000000000000000e+00,0.000000000000000000e+00
7.481262122292643824e+01,0.000000000000000000e+00,0.000000000000000000e+00
7.588566764159067191e+01,0.000000000000000000e+00,0.000000000000000000e+00
7.611456362971738088e+01,0.000000000000000000e+00,0.000000000000000000e+00
7.337433451392828943e+01,0.000000000000000000e+00,0.000000000000000000e+00
7.807468816019280666e+01,0.000000000000000000e+00,0.000000000000000000e+00
7.669104253813439698e+01,0.000000000000000000e+00,0.000000000000000000e+00
7.776912750020930787e+01,0.000000000000000000e+00,0.000000000000000000e+00
7.749285078117085845e+01,0.000000000000000000e+00,0.000000000000000000e+00
7.261984870255456315e+01,0.000000000000000000e+00,0.000000000000000000e+00
7.900038654800590621e+01,0.000000000000000000e+00,0.000000000000000000e+00
7.173997922034824626e+01,0.000000000000000000e+00,0.000000000000000000e+00
7.226108754920667820e+01,0.000000000000000000e+00,0.000000000000000000e+00
6.974385981234047449e+01,0.000000000000000000e+00,0.000000000000000000e+00
7.220156766119079350e+01,0.000000000000000000e+00,0.000000000000000000e+00
7.463577301475028491e+01,0.000000000000000000e+00,0.000000000000000000e+00
7.243599839404652130e+01,0.000000000000000000e+00,0.000000000000000000e+00
7.409089228508155145e+01,0.000000000000000000e+00,0.000000000000000000e+00
7.515958177618446712e+01,0.000000000000000000e+00,0.000000000000000000e+00
7.307367687927239785e+01,0.000000000000000000e+00,0.000000000000000000e+00
7.443194237174144234e+01,0.000000000000000000e+00,0.000000000000000000e+00
7.102263139447235574e+01,0.000000000000000000e+00,0.000000000000000000e+00
7.268550403502580082e+01,0.000000000000000000e+00,0.000000000000000000e+00
7.178506028516197546e+01,0.000000000000000000e+00,0.000000000000000000e+00
6.982992369100945496e+01,0.000000000000000000e+00,0.000000000000000000e+00
7.265039557452423935e+01,0.000000000000000000e+00,0.000000000000000000e+00
7.105413127693967112e+01,0.000000000000000000e+00,0.000000000000000000e+00
7.101987408706980887e+01,0.000000000000000000e+00,0.000000000000000000e+00
7.577858320446014773e+01,0.000000000000000000e+00,0.000000000000000000e+00
7.889304929378135967e+01,0.000000000000000000e+00,0.000000000000000000e+00
7.292925917138474290e+01,0.000000000000000000e+00,0.000000000000000000e+00
7.271742198620971465e+01,0.000000000000000000e+00,0.000000000000000000e+00
7.417926083902710843e+01,0.000000000000000000e+00,0.000000000000000000e+00
7.467856307057084564e+01,0.000000000000000000e+00,0.000000000000000000e+00
7.330774084338270313e+01,0.000000000000000000e+00,0.000000000000000000e+00
7.116339222566935518e+01,0.000000000000000000e+00,0.000000000000000000e+00
7.243449846050448571e+01,0.000000000000000000e+00,0.000000000000000000e+00
7.506365317882877264e+01,0.000000000000000000e+00,0.000000000000000000e+00
7.220735015193884010e+01,0.000000000000000000e+00,0.000000000000000000e+00
7.246496042560346496e+01,0.000000000000000000e+00,0.000000000000000000e+00
7.092110186651990489e+01,0.000000000000000000e+00,0.000000000000000000e+00
6.955360242862344933e+01,0.000000000000000000e+00,0.000000000000000000e+00
6.974553644418278964e+01,0.000000000000000000e+00,0.000000000000000000e+00
7.142144436499408755e+01,0.000000000000000000e+00,0.000000000000000000e+00
7.288747189445570029e+01,0.000000000000000000e+00,0.000000000000000000e+00
7.213234094007815145e+01,0.000000000000000000e+00,0.000000000000000000e+00
6.904399666751379527e+01,0.000000000000000000e+00,0.000000000000000000e+00
7.277736934357339749e+01,0.000000000000000000e+00,0.000000000000000000e+00
7.376450963886850332e+01,0.000000000000000000e+00,0.000000000000000000e+00
7.664997755390857037e+01,0.000000000000000000e+00,0.000000000000000000e+00
7.443621099385211437e+01,0.000000000000000000e+00,0.000000000000000000e+00
6.869283559222871816e+01,0.000000000000000000e+00,0.000000000000000000e+00
7.144090781239940213e+01,0.000000000000000000e+00,0.000000000000000000e+00
7.614977046714851383e+01,0.000000000000000000e+00,0.000000000000000000e+00
7.052249791921826727e+01,0.000000000000000000e+00,0.000000000000000000e+00
7.117753950647966121e+01,0.000000000000000000e+00,0.000000000000000000e+00
7.029635838187699903e+01,0.000000000000000000e+00,0.000000000000000000e+00
7.319570326726248766e+01,0.000000000000000000e+00,0.000000000000000000e+00
7.139097064038448082e+01,0.000000000000000000e+00,0.000000000000000000e+00
7.220923562250997918e+01,0.000000000000000000e+00,0.000000000000000000e+00
7.202084576486113576e+01,0.000000000000000000e+00,0.000000000000000000e+00
6.661988554952606023e+01,0.000000000000000000e+00,0.000000000000000000e+00
6.903227378480454490e+01,0.000000000000000000e+00,0.000000000000000000e+00
7.246103770994938031e+01,0.000000000000000000e+00,0.000000000000000000e+00
6.942493862550057315e+01,0.000000000000000000e+00,0.000000000000000000e+00
7.154653461305619544e+01,0.000000000000000000e+00,0.000000000000000000e+00
7.240444320612382967e+01,0.000000000000000000e+00,0.000000000000000000e+00
7.059584990596688669e+01,0.000000000000000000e+00,0.000000000000000000e+00
6.821490711389934347e+01,0.000000000000000000e+00,0.000000000000000000e+00
7.393537683237363467e+01,0.000000000000000000e+00,0.000000000000000000e+00
7.198771519963359822e+01,0.000000000000000000e+00,0.000000000000000000e+00
6.901734756790273195e+01,0.000000000000000000e+00,0.000000000000000000e+00
7.133472369577691552e+01,0.000000000000000000e+00,0.000000000000000000e+00
7.025246335424571953e+01,0.000000000000000000e+00,0.000000000000000000e+00
7.044427334401434848e+01,0.000000000000000000e+00,0.000000000000000000e+00
7.020269079946973534e+01,0.000000000000000000e+00,0.000000000000000000e+00
7.147744514518888082e+01,0.000000000000000000e+00,0.000000000000000000e+00
6.871152653798630183e+01,0.000000000000000000e+00,0.000000000000000000e+00
7.090701455501819339e+01,0.000000000000000000e+00,0.000000000000000000e+00
7.121990951458479913e+01,0.000000000000000000e+00,0.000000000000000000e+00
6.990256530814765767e+01,0.000000000000000000e+00,0.000000000000000000e+00
7.017582614043790556e+01,0.000000000000000000e+00,0.000000000000000000e+00
7.011867873568850484e+01,0.000000000000000000e+00,0.000000000000000000e+00
7.313442301078059415e+01,0.000000000000000000e+00,0.000000000000000000e+00
7.203780811608959311e+01,0.000000000000000000e+00,0.000000000000000000e+00
7.258550780008586401e+01,0.000000000000000000e+00,0.000000000000000000e+00
7.067812052937343026e+01,0.000000000000000000e+00,0.000000000000000000e+00
7.113708373028374865e+01,0.000000000000000000e+00,0.000000000000000000e+00
6.983684629061269789e+01,0.000000000000000000e+00,0.000000000000000000e+00
6.741213061946072571e+01,0.000000000000000000e+00,0.000000000000000000e+00
7.310412918232134416e+01,0.000000000000000000e+00,0.000000000000000000e+00
6.792011651695865737e+01,0.000000000000000000e+00,0.000000000000000000e+00
7.127368569699444834e+01,0.000000000000000000e+00,0.000000000000000000e+00
7.107660228145549297e+01,0.000000000000000000e+00,0.000000000000000000e+00
6.750096657372991160e+01,0.000000000000000000e+00,0.000000000000000000e+00
6.624983594538805676e+01,0.000000000000000000e+00,0.000000000000000000e+00
7.253273105427835787e+01,0.000000000000000000e+00,0.000000000000000000e+00
7.098616775825522041e+01,0.000000000000000000e+00,0.000000000000000000e+00
6.875801659276558553e+01,0.000000000000000000e+00,0.000000000000000000e+00
6.596959835355922053e+01,0.000000000000000000e+00,0.000000000000000000e+00
6.898078286426142824e+01,0.000000000000000000e+00,0.000000000000000000e+00
6.970546107310453010e+01,0.000000000000000000e+00,0.000000000000000000e+00
6.762759802717704360e+01,0.000000000000000000e+00,0.000000000000000000e+00
6.898875273876080882e+01,0.000000000000000000e+00,0.000000000000000000e+00
7.284834725924764598e+01,0.000000000000000000e+00,0.000000000000000000e+00
6.635844431472197869e+01,0.000000000000000000e+00,0.000000000000000000e+00
6.722476789674048803e+01,0.000000000000000000e+00,0.000000000000000000e+00
6.503237737651579664e+01,0.000000000000000000e+00,0.000000000000000000e+00
7.020399407605154352e+01,0.000000000000000000e+00,0.000000000000000000e+00
6.490304190120737360e+01,0.000000000000000000e+00,0.000000000000000000e+00
6.708836156628818514e+01,0.000000000000000000e+00,0.000000000000000000e+00
6.615225445140903560e+01,0.000000000000000000e+00,0.000000000000000000e+00
6.891005950216256792e+01,0.000000000000000000e+00,0.000000000000000000e+00
7.095101393177047555e+01,0.000000000000000000e+00,0.000000000000000000e+00
6.733547430549145929e+01,0.000000000000000000e+00,0.000000000000000000e+00
6.974555155207798407e+01,0.000000000000000000e+00,0.000000000000000000e+00
6.829715024531982692e+01,0.000000000000000000e+00,0.000000000000000000e+00
6.901509795579870854e+01,0.000000000000000000e+00,0.000000000000000000e+00
6.658469193757292715e+01,0.000000000000000000e+00,0.000000000000000000e+00
6.918466240141631829e+01,0.000000000000000000e+00,0.000000000000000000e+00
6.969210262665831124e+01,0.000000000000000000e+00,0.000000000000000000e+00
6.818287617622326025e+01,0.000000000000000000e+00,0.000000000000000000e+00
6.983600795588310461e+01,0.000000000000000000e+00,0.000000000000000000e+00
6.894233680601951164e+01,0.000000000000000000e+00,0.000000000000000000e+00
6.570784490069119954e+01,0.000000000000000000e+00,0.000000000000000000e+00
7.029947905495581040e+01,0.000000000000000000e+00,0.000000000000000000e+00
7.015660480554554113e+01,0.000000000000000000e+00,0.000000000000000000e+00
6.476226222377566444e+01,0.000000000000000000e+00,0.000000000000000000e+00
6.945908474567987412e+01,0.000000000000000000e+00,0.000000000000000000e+00
6.846618133250925098e+01,0.000000000000000000e+00,0.000000000000000000e+00
6.427501829106566333e+01,0.000000000000000000e+00,0.000000000000000000e+00
6.345201526549460880e+01,0.000000000000000000e+00,0.000000000000000000e+00
6.594878290027308765e+01,0.000000000000000000e+00,0.000000000000000000e+00
6.636366851720207194e+01,0.000000000000000000e+00,0.000000000000000000e+00
6.525931761646955920e+01,0.000000000000000000e+00,0.000000000000000000e+00
7.032637199368650727e+01,0.000000000000000000e+00,0.000000000000000000e+00
6.643965928033618695e+01,0.000000000000000000e+00,0.000000000000000000e+00
6.552800301890505352e+01,0.000000000000000000e+00,0.000000000000000000e+00
6.617120915838543738e+01,0.000000000000000000e+00,0.000000000000000000e+00
6.837624542411995776e+01,0.000000000000000000e+00,0.000000000000000000e+00
6.905750966282194270e+01,0.000000000000000000e+00,0.000000000000000000e+00
6.592714371701048037e+01,0.000000000000000000e+00,0.000000000000000000e+00
6.449975526571283524e+01,0.000000000000000000e+00,0.000000000000000000e+00
6.944409268137503943e+01,0.000000000000000000e+00,0.000000000000000000e+00
6.764594599335157454e+01,0.000000000000000000e+00,0.000000000000000000e+00
6.793625300803864775e+01,0.000000000000000000e+00,0.000000000000000000e+00
6.525760545236643395e+01,0.000000000000000000e+00,0.000000000000000000e+00
6.614153345077549773e+01,0.000000000000000000e+00,0.000000000000000000e+00
6.824150620085056573e+01,0.000000000000000000e+00,0.000000000000000000e+00
6.955829112811051118e+01,0.000000000000000000e+00,0.000000000000000000e+00
6.513120126888766492e+01,0.000000000000000000e+00,0.000000000000000000e+00
6.768469007312997121e+01,0.000000000000000000e+00,0.000000000000000000e+00
6.427664105146180873e+01,0.000000000000000000e+00,0.000000000000000000e+00
6.407794731369189378e+01,0.000000000000000000e+00,0.000000000000000000e+00
6.409509522947617199e+01,0.000000000000000000e+00,0.000000000000000000e+00
6.479092282559922467e+01,0.000000000000000000e+00,0.000000000000000000e+00
6.182659389891468749e+01,0.000000000000000000e+00,0.000000000000000000e+00
6.663607833609539455e+01,0.000000000000000000e+00,0.000000000000000000e+00
6.479363843299438486e+01,0.000000000000000000e+00,0.000000000000000000e+00
6.733676722432963402e+01,0.000000000000000000e+00,0.000000000000000000e+00
6.577194579720092804e+01,0.000000000000000000e+00,0.000000000000000000e+00
6.426151927321701862e+01,0.000000000000000000e+00,0.000000000000000000e+00
6.635705602550991955e+01,0.000000000000000000e+00,0.000000000000000000e+00
6.201118119980628052e+01,0.000000000000000000e+00,0.000000000000000000e+00
6.515020517217968177e+01,0.000000000000000000e+00,0.000000000000000000e+00
6.725065834057363645e+01,0.000000000000000000e+00,0.000000000000000000e+00
6.371072555337047305e+01,0.000000000000000000e+00,0.000000000000000000e+00
6.412549771110383290e+01,0.000000000000000000e+00,0.000000000000000000e+00
6.529498155462654552e+01,0.000000000000000000e+00,0.000000000000000000e+00
6.488332076623458988e+01,0.000000000000000000e+00,0.000000000000000000e+00
6.581118211631216752e+01,0.000000000000000000e+00,0.000000000000000000e+00
6.628510712493610413e+01,0.000000000000000000e+00,0.000000000000000000e+00
6.021228364237193631e+01,0.000000000000000000e+00,0.000000000000000000e+00
6.338936739643960294e+01,0.000000000000000000e+00,0.000000000000000000e+00
6.476899207312408180e+01,0.000000000000000000e+00,0.000000000000000000e+00
6.354443996729082755e+01,0.000000000000000000e+00,0.000000000000000000e+00
6.395169032085092198e+01,0.000000000000000000e+00,0.000000000000000000e+00
6.510742613622805663e+01,0.000000000000000000e+00,0.000000000000000000e+00
6.123233240088684681e+01,0.000000000000000000e+00,0.000000000000000000e+00
6.410362849586975642e+01,0.000000000000000000e+00,0.000000000000000000e+00
6.184214479465930481e+01,0.000000000000000000e+00,0.000000000000000000e+00
6.489521740165997699e+01,0.000000000000000000e+00,0.000000000000000000e+00
6.097808425374488195e+01,0.000000000000000000e+00,0.000000000000000000e+00
6.307246637768155750e+01,0.000000000000000000e+00,0.000000000000000000e+00
6.120789232628673915e+01,0.000000000000000000e+00,0.000000000000000000e+00
6.573147815009964745e+01,0.000000000000000000e+00,0.000000000000000000e+00
6.332011607954776622e+01,0.000000000000000000e+00,0.000000000000000000e+00
6.281253924577012526e+01,0.000000000000000000e+00,0.000000000000000000e+00
6.371822423871263652e+01,0.000000000000000000e+00,0.000000000000000000e+00
6.230612232458780397e+01,0.000000000000000000e+00,0.000000000000000000e+00
6.379223844337715121e+01,0.000000000000000000e+00,0.000000000000000000e+00
6.285053849889759903e+01,0.000000000000000000e+00,0.000000000000000000e+00
6.180852463188954005e+01,0.000000000000000000e+00,0.000000000000000000e+00
6.083450713462772086e+01,0.000000000000000000e+00,0.000000000000000000e+00
6.110783837944124031e+01,0.000000000000000000e+00,0.000000000000000000e+00
6.105231848229486502e+01,0.000000000000000000e+00,0.000000000000000000e+00
6.169861436065574622e+01,0.000000000000000000e+00,0.000000000000000000e+00
6.031239261448111932e+01,0.000000000000000000e+00,0.000000000000000000e+00
6.307859546408464979e+01,0.000000000000000000e+00,0.000000000000000000e+00
6.442169526930321410e+01,0.000000000000000000e+00,0.000000000000000000e+00
6.591352306928274629e+01,0.000000000000000000e+00,0.000000000000000000e+00
6.095151404728053279e+01,0.000000000000000000e+00,0.000000000000000000e+00
6.319070036945997515e+01,0.000000000000000000e+00,0.000000000000000000e+00
6.104949894097206453e+01,0.000000000000000000e+00,0.000000000000000000e+00
6.276335466675023156e+01,0.000000000000000000e+00,0.000000000000000000e+00
6.039832781681867857e+01,0.000000000000000000e+00,0.000000000000000000e+00
6.309243571010792806e+01,0.000000000000000000e+00,0.000000000000000000e+00
5.837799488356451150e+01,0.000000000000000000e+00,0.000000000000000000e+00
6.190635568494647600e+01,0.000000000000000000e+00,0.000000000000000000e+00
6.265411360974736965e+01,0.000000000000000000e+00,0.000000000000000000e+00
6.039148944973357658e+01,0.000000000000000000e+00,0.000000000000000000e+00
6.421503525587088745e+01,0.000000000000000000e+00,0.000000000000000000e+00
6.175501968817665244e+01,0.000000000000000000e+00,0.000000000000000000e+00
5.911970461936773091e+01,0.000000000000000000e+00,0.000000000000000000e+00
5.972572668936426510e+01,0.000000000000000000e+00,0.000000000000000000e+00
6.118510236368226174e+01,0.000000000000000000e+00,0.000000000000000000e+00
6.282288045248672148e+01,0.000000000000000000e+00,0.000000000000000000e+00
5.834676445944125334e+01,0.000000000000000000e+00,0.000000000000000000e+00
5.778994364939137540e+01,0.000000000000000000e+00,0.000000000000000000e+00
6.052481660743237057e+01,0.000000000000000000e+00,0.000000000000000000e+00
6.280510153668675599e+01,0.000000000000000000e+00,0.000000000000000000e+00
5.785191279758012683e+01,0.000000000000000000e+00,0.000000000000000000e+00
6.012924060515147318e+01,0.000000000000000000e+00,0.000000000000000000e+00
6.082967185433379598e+01,0.000000000000000000e+00,0.000000000000000000e+00
5.645370269961715337e+01,0.000000000000000000e+00,0.000000000000000000e+00
5.967834373933423109e+01,0.000000000000000000e+00,0.000000000000000000e+00
6.027836787439905208e+01,0.000000000000000000e+00,0.000000000000000000e+00
5.971264116424914192e+01,0.000000000000000000e+00,0.000000000000000000e+00
5.915199698832502406e+01,0.000000000000000000e+00,0.000000000000000000e+00
6.153746882011313346e+01,0.000000000000000000e+00,0.000000000000000000e+00
6.182496607335408356e+01,0.000000000000000000e+00,0.000000000000000000e+00
6.341241268122288943e+01,0.000000000000000000e+00,0.000000000000000000e+00
5.942713345778151535e+01,0.000000000000000000e+00,0.000000000000000000e+00
6.332089526632517362e+01,0.000000000000000000e+00,0.000000000000000000e+00
5.846524730669538883e+01,0.000000000000000000e+00,0.000000000000000000e+00
5.767780114225373467e+01,0.000000000000000000e+00,0.000000000000000000e+00
5.888012527964039577e+01,0.000000000000000000e+00,0.000000000000000000e+00
5.746564447219294181e+01,0.000000000000000000e+00,0.000000000000000000e+00
5.964832126156133540e+01,0.000000000000000000e+00,0.000000000000000000e+00
6.096780075122964604e+01,0.000000000000000000e+00,0.000000000000000000e+00
5.740887688285270940e+01,0.000000000000000000e+00,0.000000000000000000e+00
5.590026590407077833e+01,0.000000000000000000e+00,0.000000000000000000e+00
5.651918545984462128e+01,0.000000000000000000e+00,0.000000000000000000e+00
5.565143875233199111e+01,0.000000000000000000e+00,0.000000000000000000e+00
5.718864106714108431e+01,0.000000000000000000e+00,0.000000000000000000e+00
5.974576444103864503e+01,0.000000000000000000e+00,0.000000000000000000e+00
5.500514291880825368e+01,0.000000000000000000e+00,0.000000000000000000e+00
5.466503794240744440e+01,0.000000000000000000e+00,0.000000000000000000e+00
5.937546662635556061e+01,0.000000000000000000e+00,0.000000000000000000e+00
5.402287833413048190e+01,0.000000000000000000e+00,0.000000000000000000e+00
5.890048563036272355e+01,0.000000000000000000e+00,0.000000000000000000e+00
5.547935902800848851e+01,0.000000000000000000e+00,0.000000000000000000e+00
5.793518111202224929e+01,0.000000000000000000e+00,0.000000000000000000e+00
6.058560423021037877e+01,0.000000000000000000e+00,0.000000000000000000e+00
5.580295126507845538e+01,0.000000000000000000e+00,0.000000000000000000e+00
6.036824765312191943e+01,0.000000000000000000e+00,0.000000000000000000e+00
5.711997422683754877e+01,0.000000000000000000e+00,0.000000000000000000e+00
5.276987579489829017e+01,0.000000000000000000e+00,0.000000000000000000e+00
5.886888027729901296e+01,0.000000000000000000e+00,0.000000000000000000e+00
5.673696403992704518e+01,0.000000000000000000e+00,0.000000000000000000e+00
6.183778681620713513e+01,0.000000000000000000e+00,0.000000000000000000e+00
5.555903514696970547e+01,0.000000000000000000e+00,0.000000000000000000e+00
5.470875467897319311e+01,0.000000000000000000e+00,0.000000000000000000e+00
5.338904362449287078e+01,0.000000000000000000e+00,0.000000000000000000e+00
5.493048251186345254e+01,0.000000000000000000e+00,0.000000000000000000e+00
5.797751587666409279e+01,0.000000000000000000e+00,0.000000000000000000e+00
5.822146790822686313e+01,0.000000000000000000e+00,0.000000000000000000e+00
5.863903731723998192e+01,0.000000000000000000e+00,0.000000000000000000e+00
5.575967478882989070e+01,0.000000000000000000e+00,0.000000000000000000e+00
5.526437090779039352e+01,0.000000000000000000e+00,0.000000000000000000e+00
5.670298853892723656e+01,0.000000000000000000e+00,0.000000000000000000e+00
5.838094981399846972e+01,0.000000000000000000e+00,0.000000000000000000e+00
5.650188314806019463e+01,0.000000000000000000e+00,0.000000000000000000e+00
5.541591394208982280e+01,0.000000000000000000e+00,0.000000000000000000e+00
5.175257739318094963e+01,0.000000000000000000e+00,0.000000000000000000e+00
5.289360170218739654e+01,0.000000000000000000e+00,0.000000000000000000e+00
5.523007993494245937e+01,0.000000000000000000e+00,0.000000000000000000e+00
5.537579271178861973e+01,0.000000000000000000e+00,0.000000000000000000e+00
5.977414488232183487e+01,0.000000000000000000e+00,0.000000000000000000e+00
5.572037178985574002e+01,0.000000000000000000e+00,0.000000000000000000e+00
5.635229627609864167e+01,0.000000000000000000e+00,0.000000000000000000e+00
5.697010960682325020e+01,0.000000000000000000e+00,0.000000000000000000e+00
5.750510037697495846e+01,0.000000000000000000e+00,0.000000000000000000e+00
5.440713959953224332e+01,0.000000000000000000e+00,0.000000000000000000e+00
5.748213019843970528e+01,0.000000000000000000e+00,0.000000000000000000e+00
5.965464230302474391e+01,0.000000000000000000e+00,0.000000000000000000e+00
5.442824734852040791e+01,0.000000000000000000e+00,0.000000000000000000e+00
5.540168316313345542e+01,0.000000000000000000e+00,0.000000000000000000e+00
5.604764250529191116e+01,0.000000000000000000e+00,0.000000000000000000e+00
5.250973981145317993e+01,0.000000000000000000e+00,0.000000000000000000e+00
5.433308630929268190e+01,0.000000000000000000e+00,0.000000000000000000e+00
5.479070688607626494e+01,0.000000000000000000e+00,0.000000000000000000e+00
5.706998554979406890e+01,0.000000000000000000e+00,0.000000000000000000e+00
5.389547201631832252e+01,0.000000000000000000e+00,0.000000000000000000e+00
5.716041913190307611e+01,0.000000000000000000e+00,0.000000000000000000e+00
5.722880432388691929e+01,0.000000000000000000e+00,0.000000000000000000e+00
5.642052315350175462e+01,0.000000000000000000e+00,0.000000000000000000e+00
5.484423311012482571e+01,0.000000000000000000e+00,0.000000000000000000e+00
5.738234754681577243e+01,0.000000000000000000e+00,0.000000000000000000e+00
5.557354498793765174e+01,0.000000000000000000e+00,0.000000000000000000e+00
5.501592523630302622e+01,0.000000000000000000e+00,0.000000000000000000e+00
5.134817838931459733e+01,0.000000000000000000e+00,0.000000000000000000e+00
5.374393196033496167e+01,0.000000000000000000e+00,0.000000000000000000e+00
5.389164701995157003e+01,0.000000000000000000e+00,0.000000000000000000e+00
5.631762451692829075e+01,0.000000000000000000e+00,0.000000000000000000e+00
5.483494582317599964e+01,0.000000000000000000e+00,0.000000000000000000e+00
5.462720506206372306e+01,0.000000000000000000e+00,0.000000000000000000e+00
5.475255520508918039e+01,0.000000000000000000e+00,0.000000000000000000e+00
5.372891142017440558e+01,0.000000000000000000e+00,0.000000000000000000e+00
5.540429454331533066e+01,0.000000000000000000e+00,0.000000000000000000e+00
5.071306644593074964e+01,0.000000000000000000e+00,0.000000000000000000e+00
5.089020269376159433e+01,0.000000000000000000e+00,0.000000000000000000e+00
5.379064798993363183e+01,0.000000000000000000e+00,0.000000000000000000e+00
5.243883136077658236e+01,0.000000000000000000e+00,0.000000000000000000e+00
5.416654405566867325e+01,0.000000000000000000e+00,0.000000000000000000e+00
5.601488155199179175e+01,0.000000000000000000e+00,0.000000000000000000e+00
5.375386838565140835e+01,0.000000000000000000e+00,0.000000000000000000e+00
5.007270900694250315e+01,0.000000000000000000e+00,0.000000000000000000e+00
5.115500211887637505e+01,0.000000000000000000e+00,0.000000000000000000e+00
5.377407932345542463e+01,0.000000000000000000e+00,0.000000000000000000e+00
5.113585413900948851e+01,0.000000000000000000e+00,0.000000000000000000e+00
5.261788286282338589e+01,0.000000000000000000e+00,0.000000000000000000e+00
5.539306200114795331e+01,0.000000000000000000e+00,0.000000000000000000e+00
5.763675663404103489e+01,0.000000000000000000e+00,0.000000000000000000e+00
5.452862481195554523e+01,0.000000000000000000e+00,0.000000000000000000e+00
5.323556406422156329e+01,0.000000000000000000e+00,0.000000000000000000e+00
5.109105851239131368e+01,0.000000000000000000e+00,0.000000000000000000e+00
5.047809706208096259e+01,0.000000000000000000e+00,0.000000000000000000e+00
5.138128375668897263e+01,0.000000000000000000e+00,0.000000000000000000e+00
5.436289925296144787e+01,0.000000000000000000e+00,0.000000000000000000e+00
4.861157732276031851e+01,0.000000000000000000e+00,0.000000000000000000e+00
5.376504636702890139e+01,0.000000000000000000e+00,0.000000000000000000e+00
5.308937550515669557e+01,0.000000000000000000e+00,0.000000000000000000e+00
5.260475010558376141e+01,0.000000000000000000e+00,0.000000000000000000e+00
5.527189082383130625e+01,0.000000000000000000e+00,0.000000000000000000e+00
4.961721021972059731e+01,0.000000000000000000e+00,0.000000000000000000e+00
5.150315584558531867e+01,0.000000000000000000e+00,0.000000000000000000e+00
4.834750350882902836e+01,0.000000000000000000e+00,0.000000000000000000e+00
5.074859066199709190e+01,0.000000000000000000e+00,0.000000000000000000e+00
4.952055075463389500e+01,0.000000000000000000e+00,0.000000000000000000e+00
5.232847191703775991e+01,0.000000000000000000e+00,0.000000000000000000e+00
4.926102655016774889e+01,0.000000000000000000e+00,0.000000000000000000e+00
5.030892003380976263e+01,0.000000000000000000e+00,0.000000000000000000e+00
5.080029895090349612e+01,0.000000000000000000e+00,0.000000000000000000e+00
4.951020770719917152e+01,0.000000000000000000e+00,0.000000000000000000e+00
5.146234674750392202e+01,0.000000000000000000e+00,0.000000000000000000e+00
4.913601423709876315e+01,0.000000000000000000e+00,0.000000000000000000e+00
5.010590201671538324e+01,0.000000000000000000e+00,0.000000000000000000e+00
5.098046605210028304e+01,0.000000000000000000e+00,0.000000000000000000e+00
5.205564349042145267e+01,0.000000000000000000e+00,0.000000000000000000e+00
5.221929761074120080e+01,0.000000000000000000e+00,0.000000000000000000e+00
4.653543016235475704e+01,0.000000000000000000e+00,0.000000000000000000e+00
4.991054146590661844e+01,0.000000000000000000e+00,0.000000000000000000e+00
5.051625938386629144e+01,0.000000000000000000e+00,0.000000000000000000e+00
5.415096726599284693e+01,0.000000000000000000e+00,0.000000000000000000e+00
4.883619287927180608e+01,0.000000000000000000e+00,0.000000000000000000e+00
4.804871635621732651e+01,0.000000000000000000e+00,0.000000000000000000e+00
4.845391828440698134e+01,0.000000000000000000e+00,0.000000000000000000e+00
4.896872719414572828e+01,0.000000000000000000e+00,0.000000000000000000e+00
4.942415991151271726e+01,0.000000000000000000e+00,0.000000000000000000e+00
4.804770071456790959e+01,0.000000000000000000e+00,0.000000000000000000e+00
5.007640516435768774e+01,0.000000000000000000e+00,0.000000000000000000e+00
4.906259509572100797e+01,0.000000000000000000e+00,0.000000000000000000e+00
5.380611860392037471e+01,0.000000000000000000e+00,0.000000000000000000e+00
4.921411271299935919e+01,0.000000000000000000e+00,0.000000000000000000e+00
5.093440703381897805e+01,0.000000000000000000e+00,0.000000000000000000e+00
4.939624803802428232e+01,0.000000000000000000e+00,0.000000000000000000e+00
4.766841671136476322e+01,0.000000000000000000e+00,0.000000000000000000e+00
4.635201135073714340e+01,0.000000000000000000e+00,0.000000000000000000e+00
4.578986104549969127e+01,0.000000000000000000e+00,0.000000000000000000e+00
4.923561683583230320e+01,0.000000000000000000e+00,0.000000000000000000e+00
4.706522746368620602e+01,0.000000000000000000e+00,0.000000000000000000e+00
5.071452837013281822e+01,0.000000000000000000e+00,0.000000000000000000e+00
4.675267096114665577e+01,0.000000000000000000e+00,0.000000000000000000e+00
4.944565934814356467e+01,0.000000000000000000e+00,0.000000000000000000e+00
4.666080060978143251e+01,0.000000000000000000e+00,0.000000000000000000e+00
4.686177138813434340e+01,0.000000000000000000e+00,0.000000000000000000e+00
4.477833674537775721e+01,0.000000000000000000e+00,0.000000000000000000e+00
4.805130133049249253e+01,0.000000000000000000e+00,0.000000000000000000e+00
4.432154036144619624e+01,0.000000000000000000e+00,0.000000000000000000e+00
4.626368682875592242e+01,0.000000000000000000e+00,0.000000000000000000e+00
4.707782823069570810e+01,0.000000000000000000e+00,0.000000000000000000e+00
4.750528490458514597e+01,0.000000000000000000e+00,0.000000000000000000e+00
4.967207059920591661e+01,0.000000000000000000e+00,0.000000000000000000e+00
4.755674104102295985e+01,0.000000000000000000e+00,0.000000000000000000e+00
4.835932579970193501e+01,0.000000000000000000e+00,0.000000000000000000e+00
4.771771278906298619e+01,0.000000000000000000e+00,0.000000000000000000e+00
4.827787166715881284e+01,0.000000000000000000e+00,0.000000000000000000e+00
4.513482693448157335e+01,0.000000000000000000e+00,0.000000000000000000e+00
4.653533537899356531e+01,0.000000000000000000e+00,0.000000000000000000e+00
4.974268064154035329e+01,0.000000000000000000e+00,0.000000000000000000e+00
4.634890887955521066e+01,0.000000000000000000e+00,0.000000000000000000e+00
4.679630629844480438e+01,0.000000000000000000e+00,0.000000000000000000e+00
4.895754206360009420e+01,0.000000000000000000e+00,0.000000000000000000e+00
4.405092714094332962e+01,0.000000000000000000e+00,0.000000000000000000e+00
4.714864312973364235e+01,0.000000000000000000e+00,0.000000000000000000e+00
4.201287959250081627e+01,0.000000000000000000e+00,0.000000000000000000e+00
4.769947834097018813e+01,0.000000000000000000e+00,0.000000000000000000e+00
4.807447899111468104e+01,0.000000000000000000e+00,0.000000000000000000e+00
4.768454685750501199e+01,0.000000000000000000e+00,0.000000000000000000e+00
4.585995603732195747e+01,0.000000000000000000e+00,0.000000000000000000e+00
4.621226363282314509e+01,0.000000000000000000e+00,0.000000000000000000e+00
4.398729523294538524e+01,0.000000000000000000e+00,0.000000000000000000e+00
4.587244079152419118e+01,0.000000000000000000e+00,0.000000000000000000e+00
4.518531671365564506e+01,0.000000000000000000e+00,0.000000000000000000e+00
4.647892548012787017e+01,0.000000000000000000e+00,0.000000000000000000e+00
4.422093008960380445e+01,0.000000000000000000e+00,0.000000000000000000e+00
4.558370652107129928e+01,0.000000000000000000e+00,0.000000000000000000e+00
4.737989685778534010e+01,0.000000000000000000e+00,0.000000000000000000e+00
4.449723862974206412e+01,0.000000000000000000e+00,0.000000000000000000e+00
4.751835559197229486e+01,0.000000000000000000e+00,0.000000000000000000e+00
4.461016527744885707e+01,0.000000000000000000e+00,0.000000000000000000e+00
4.070140084502645550e+01,0.000000000000000000e+00,0.000000000000000000e+00
4.521969017583608519e+01,0.000000000000000000e+00,0.000000000000000000e+00
4.733170668712044460e+01,0.000000000000000000e+00,0.000000000000000000e+00
4.534146551086546850e+01,0.000000000000000000e+00,0.000000000000000000e+00
4.556978782990655219e+01,0.000000000000000000e+00,0.000000000000000000e+00
4.642791953779023828e+01,0.000000000000000000e+00,0.000000000000000000e+00
4.416617649083230646e+01,0.000000000000000000e+00,0.000000000000000000e+00
4.275662583979804054e+01,0.000000000000000000e+00,0.000000000000000000e+00
4.410331802555578662e+01,0.000000000000000000e+00,0.000000000000000000e+00
4.630754450139520628e+01,0.000000000000000000e+00,0.000000000000000000e+00
4.560216724668934773e+01,0.000000000000000000e+00,0.000000000000000000e+00
4.538915392519231773e+01,0.000000000000000000e+00,0.000000000000000000e+00
4.349355075863002185e+01,0.000000000000000000e+00,0.000000000000000000e+00
4.448552043848285820e+01,0.000000000000000000e+00,0.000000000000000000e+00
4.369082450338268586e+01,0.000000000000000000e+00,0.000000000000000000e+00
4.390980398275769403e+01,0.000000000000000000e+00,0.000000000000000000e+00
4.238228137286824193e+01,0.000000000000000000e+00,0.000000000000000000e+00
4.375942053112763830e+01,0.000000000000000000e+00,0.000000000000000000e+00
4.672542076977318715e+01,0.000000000000000000e+00,0.000000000000000000e+00
4.215240939155797406e+01,0.000000000000000000e+00,0.000000000000000000e+00
4.262110984777077505e+01,0.000000000000000000e+00,0.000000000000000000e+00
4.234034629663230476e+01,0.000000000000000000e+00,0.000000000000000000e+00
4.941521710028082737e+01,0.000000000000000000e+00,0.000000000000000000e+00
4.380767680521753960e+01,0.000000000000000000e+00,0.000000000000000000e+00
4.986683097859565095e+01,0.000000000000000000e+00,0.000000000000000000e+00
4.095884080896586710e+01,0.000000000000000000e+00,0.000000000000000000e+00
4.311006939321109144e+01,0.000000000000000000e+00,0.000000000000000000e+00
4.229824593040386560e+01,0.000000000000000000e+00,0.000000000000000000e+00
4.030055587923638427e+01,0.000000000000000000e+00,0.000000000000000000e+00
4.133613034487821380e+01,0.000000000000000000e+00,0.000000000000000000e+00
4.064969488556691601e+01,0.000000000000000000e+00,0.000000000000000000e+00
4.583607007592671323e+01,0.000000000000000000e+00,0.000000000000000000e+00
4.129706863261088756e+01,0.000000000000000000e+00,0.000000000000000000e+00
4.383894525187624680e+01,0.000000000000000000e+00,0.000000000000000000e+00
4.476553722543777525e+01,0.000000000000000000e+00,0.000000000000000000e+00
4.177583821152703081e+01,0.000000000000000000e+00,0.000000000000000000e+00
4.218527203994858610e+01,0.000000000000000000e+00,0.000000000000000000e+00
4.320168920572416482e+01,0.000000000000000000e+00,0.000000000000000000e+00
4.087913213543494351e+01,0.000000000000000000e+00,0.000000000000000000e+00
4.204914179170615540e+01,0.000000000000000000e+00,0.000000000000000000e+00
4.467984578767425319e+01,0.000000000000000000e+00,0.000000000000000000e+00
3.943154512551488722e+01,0.000000000000000000e+00,0.000000000000000000e+00
3.949872652457371203e+01,0.000000000000000000e+00,0.000000000000000000e+00
4.029527512196658279e+01,0.000000000000000000e+00,0.000000000000000000e+00
4.051183114286860132e+01,0.000000000000000000e+00,0.000000000000000000e+00
4.174972194440001516e+01,0.000000000000000000e+00,0.000000000000000000e+00
4.348351291578278222e+01,0.000000000000000000e+00,0.000000000000000000e+00
4.032437352345659320e+01,0.000000000000000000e+00,0.000000000000000000e+00
4.281138586292460957e+01,0.000000000000000000e+00,0.000000000000000000e+00
4.232996466021875648e+01,0.000000000000000000e+00,0.000000000000000000e+00
4.256437654208649235e+01,0.000000000000000000e+00,0.000000000000000000e+00
4.221167476379738304e+01,0.000000000000000000e+00,0.000000000000000000e+00
4.142389782381570029e+01,0.000000000000000000e+00,0.000000000000000000e+00
4.080061001271413090e+01,0.000000000000000000e+00,0.000000000000000000e+00
4.186235711089759093e+01,0.000000000000000000e+00,0.000000000000000000e+00
4.337528673167372517e+01,0.000000000000000000e+00,0.000000000000000000e+00
4.067156125001572775e+01,0.000000000000000000e+00,0.000000000000000000e+00
3.928094333270684047e+01,0.000000000000000000e+00,0.000000000000000000e+00
4.025016505554400936e+01,0.000000000000000000e+00,0.000000000000000000e+00
3.876924210672455473e+01,0.000000000000000000e+00,0.000000000000000000e+00
3.816300149415795318e+01,0.000000000000000000e+00,0.000000000000000000e+00
4.427479608802735100e+01,0.000000000000000000e+00,0.000000000000000000e+00
4.061604755890414253e+01,0.000000000000000000e+00,0.000000000000000000e+00
3.954005574204084894e+01,0.000000000000000000e+00,0.000000000000000000e+00
4.321638118097708059e+01,0.000000000000000000e+00,0.000000000000000000e+00
3.635419407356030064e+01,0.000000000000000000e+00,0.000000000000000000e+00
3.779013412929243287e+01,0.000000000000000000e+00,0.000000000000000000e+00
4.096711655685834330e+01,0.000000000000000000e+00,0.000000000000000000e+00
4.149349637474792729e+01,0.000000000000000000e+00,0.000000000000000000e+00
4.147547021307681092e+01,0.000000000000000000e+00,0.000000000000000000e+00
4.072621183424298152e+01,0.000000000000000000e+00,0.000000000000000000e+00
3.954046525491988717e+01,0.000000000000000000e+00,0.000000000000000000e+00
4.062961142980269358e+01,0.000000000000000000e+00,0.000000000000000000e+00
4.351334216616303507e+01,0.000000000000000000e+00,0.000000000000000000e+00
4.093627389888983004e+01,0.000000000000000000e+00,0.000000000000000000e+00
3.915270052706939907e+01,0.000000000000000000e+00,0.000000000000000000e+00
3.676990570570076500e+01,0.000000000000000000e+00,0.000000000000000000e+00
4.198093084223927463e+01,0.000000000000000000e+00,0.000000000000000000e+00
3.642508935139569815e+01,0.000000000000000000e+00,0.000000000000000000e+00
3.997563475709637260e+01,0.000000000000000000e+00,0.000000000000000000e+00
4.178350262994929665e+01,0.000000000000000000e+00,0.000000000000000000e+00
3.948925061156587901e+01,0.000000000000000000e+00,0.000000000000000000e+00
3.465440641763761676e+01,0.000000000000000000e+00,0.000000000000000000e+00
3.969008625864552897e+01,0.000000000000000000e+00,0.000000000000000000e+00
3.950557959552372012e+01,0.000000000000000000e+00,0.000000000000000000e+00
3.428576020723250650e+01,0.000000000000000000e+00,0.000000000000000000e+00
3.720635260125482802e+01,0.000000000000000000e+00,0.000000000000000000e+00
4.089094876558193192e+01,0.000000000000000000e+00,0.000000000000000000e+00
3.700908943569542231e+01,0.000000000000000000e+00,0.000000000000000000e+00
3.691199765106323838e+01,0.000000000000000000e+00,0.000000000000000000e+00
3.861984566125095597e+01,0.000000000000000000e+00,0.000000000000000000e+00
3.918240235752371348e+01,0.000000000000000000e+00,0.000000000000000000e+00
4.004004435090546821e+01,0.000000000000000000e+00,0.000000000000000000e+00
3.849002907355863101e+01,0.000000000000000000e+00,0.000000000000000000e+00
4.220857658019477299e+01,0.000000000000000000e+00,0.000000000000000000e+00
3.839208993096632838e+01,0.000000000000000000e+00,0.000000000000000000e+00
3.879206345941814504e+01,0.000000000000000000e+00,0.000000000000000000e+00
4.144750064010838031e+01,0.000000000000000000e+00,0.000000000000000000e+00
3.487739577862968332e+01,0.000000000000000000e+00,0.000000000000000000e+00
3.745066733271239201e+01,0.000000000000000000e+00,0.000000000000000000e+00
3.798085502614247844e+01,0.000000000000000000e+00,0.000000000000000000e+00
3.427122236899379715e+01,0.000000000000000000e+00,0.000000000000000000e+00
3.800989095241199323e+01,0.000000000000000000e+00,0.000000000000000000e+00
3.611395124440372228e+01,0.000000000000000000e+00,0.000000000000000000e+00
4.119634825859995431e+01,0.000000000000000000e+00,0.000000000000000000e+00
3.799269908318846234e+01,0.000000000000000000e+00,0.000000000000000000e+00
3.976206770375887345e+01,0.000000000000000000e+00,0.000000000000000000e+00
3.673661148106648966e+01,0.000000000000000000e+00,0.000000000000000000e+00
3.719511960930778116e+01,0.000000000000000000e+00,0.000000000000000000e+00
3.590517684921930908e+01,0.000000000000000000e+00,0.000000000000000000e+00
3.745433863757560999e+01,0.000000000000000000e+00,0.000000000000000000e+00
3.949876696935714904e+01,0.000000000000000000e+00,0.000000000000000000e+00
3.582047158858907920e+01,0.000000000000000000e+00,0.000000000000000000e+00
3.132103022813718951e+01,0.000000000000000000e+00,0.000000000000000000e+00
3.381039723459068824e+01,0.000000000000000000e+00,0.000000000000000000e+00
3.338792428403971257e+01,0.000000000000000000e+00,0.000000000000000000e+00
3.495113256558307313e+01,0.000000000000000000e+00,0.000000000000000000e+00
3.340589618980612130e+01,0.000000000000000000e+00,0.000000000000000000e+00
3.746037728232277431e+01,0.000000000000000000e+00,0.000000000000000000e+00
3.629023722462707013e+01,0.000000000000000000e+00,0.000000000000000000e+00
3.693404903549663487e+01,0.000000000000000000e+00,0.000000000000000000e+00
3.864433931417652701e+01,0.000000000000000000e+00,0.000000000000000000e+00
3.901992845628928563e+01,0.000000000000000000e+00,0.000000000000000000e+00
3.764914815228023315e+01,0.000000000000000000e+00,0.000000000000000000e+00
3.250070150828040738e+01,0.000000000000000000e+00,0.000000000000000000e+00
3.458502797634834280e+01,0.000000000000000000e+00,0.000000000000000000e+00
3.283890463016642514e+01,0.000000000000000000e+00,0.000000000000000000e+00
3.368031626411937651e+01,0.000000000000000000e+00,0.000000000000000000e+00
3.670313799988165471e+01,0.000000000000000000e+00,0.000000000000000000e+00
3.601834257922628524e+01,0.000000000000000000e+00,0.000000000000000000e+00
3.348746708857841980e+01,0.000000000000000000e+00,0.000000000000000000e+00
3.266404556964023698e+01,0.000000000000000000e+00,0.000000000000000000e+00
3.501260705024544251e+01,0.000000000000000000e+00,0.000000000000000000e+00
3.665995250436189679e+01,0.000000000000000000e+00,0.000000000000000000e+00
3.231114003448883665e+01,0.000000000000000000e+00,0.000000000000000000e+00
3.375860092938397372e+01,0.000000000000000000e+00,0.000000000000000000e+00
3.528646780802578320e+01,0.000000000000000000e+00,0.000000000000000000e+00
3.814950064940964580e+01,0.000000000000000000e+00,0.000000000000000000e+00
3.580910240466065630e+01,0.000000000000000000e+00,0.000000000000000000e+00
3.218525316145135662e+01,0.000000000000000000e+00,0.000000000000000000e+00
3.234552616046541829e+01,0.000000000000000000e+00,0.000000000000000000e+00
3.684565789046290973e+01,0.000000000000000000e+00,0.000000000000000000e+00
3.404935543947817678e+01,0.000000000000000000e+00,0.000000000000000000e+00
3.330043487933102853e+01,0.000000000000000000e+00,0.000000000000000000e+00
3.582514873745198969e+01,0.000000000000000000e+00,0.000000000000000000e+00
3.270369436745458813e+01,0.000000000000000000e+00,0.000000000000000000e+00
3.754334966615672897e+01,0.000000000000000000e+00,0.000000000000000000e+00
3.270256678343907453e+01,0.000000000000000000e+00,0.000000000000000000e+00
3.432485221200905556e+01,0.000000000000000000e+00,0.000000000000000000e+00
3.105747620766901207e+01,0.000000000000000000e+00,0.000000000000000000e+00
3.336417366249716565e+01,0.000000000000000000e+00,0.000000000000000000e+00
2.929498561058191086e+01,0.000000000000000000e+00,0.000000000000000000e+00
3.119374552549046342e+01,0.000000000000000000e+00,0.000000000000000000e+00
3.132799977738612895e+01,0.000000000000000000e+00,0.000000000000000000e+00
3.676293844177854453e+01,0.000000000000000000e+00,0.000000000000000000e+00
3.111522844770832563e+01,0.000000000000000000e+00,0.000000000000000000e+00
3.384829070649364979e+01,0.000000000000000000e+00,0.000000000000000000e+00
3.504238111360987773e+01,0.000000000000000000e+00,0.000000000000000000e+00
3.990182083967322768e+01,0.000000000000000000e+00,0.000000000000000000e+00
3.432368347141534315e+01,0.000000000000000000e+00,0.000000000000000000e+00
3.324643662422966628e+01,0.000000000000000000e+00,0.000000000000000000e+00
3.263253063111427110e+01,0.000000000000000000e+00,0.000000000000000000e+00
3.169990333239047331e+01,0.000000000000000000e+00,0.000000000000000000e+00
3.337337589919313530e+01,0.000000000000000000e+00,0.000000000000000000e+00
3.637280423368623872e+01,0.000000000000000000e+00,0.000000000000000000e+00
3.342091020642055810e+01,0.000000000000000000e+00,0.000000000000000000e+00
3.035413261465704693e+01,0.000000000000000000e+00,0.000000000000000000e+00
3.169940421319390467e+01,0.000000000000000000e+00,0.000000000000000000e+00
3.027233474358154908e+01,0.000000000000000000e+00,0.000000000000000000e+00
3.265956929232363848e+01,0.000000000000000000e+00,0.000000000000000000e+00
2.872295868927620432e+01,0.000000000000000000e+00,0.000000000000000000e+00
2.976967672892945060e+01,0.000000000000000000e+00,0.000000000000000000e+00
3.024778055778591579e+01,0.000000000000000000e+00,0.000000000000000000e+00
3.451933039149761839e+01,0.000000000000000000e+00,0.000000000000000000e+00
2.960288952526584438e+01,0.000000000000000000e+00,0.000000000000000000e+00
3.598813567554925186e+01,0.000000000000000000e+00,0.000000000000000000e+00
3.132678986626171636e+01,0.000000000000000000e+00,0.000000000000000000e+00
3.331060848507811301e+01,0.000000000000000000e+00,0.000000000000000000e+00
2.990307018942757367e+01,0.000000000000000000e+00,0.000000000000000000e+00
2.922659066273033801e+01,0.000000000000000000e+00,0.000000000000000000e+00
2.994263770072892328e+01,0.000000000000000000e+00,0.000000000000000000e+00
2.925755726267207990e+01,0.000000000000000000e+00,0.000000000000000000e+00
3.187887024828508586e+01,0.000000000000000000e+00,0.000000000000000000e+00
3.279322425126770213e+01,0.000000000000000000e+00,0.000000000000000000e+00
2.819000710406058374e+01,0.000000000000000000e+00,0.000000000000000000e+00
2.953953081863347663e+01,0.000000000000000000e+00,0.000000000000000000e+00
3.186034802908472940e+01,0.000000000000000000e+00,0.000000000000000000e+00
3.010835874242263088e+01,0.000000000000000000e+00,0.000000000000000000e+00
3.164126259597041368e+01,0.000000000000000000e+00,0.000000000000000000e+00
3.139768557566804219e+01,0.000000000000000000e+00,0.000000000000000000e+00
2.657280363561455161e+01,0.000000000000000000e+00,0.000000000000000000e+00
3.059229517102814455e+01,0.000000000000000000e+00,0.000000000000000000e+00
3.248940036323916303e+01,0.000000000000000000e+00,0.000000000000000000e+00
3.541426178319498774e+01,0.000000000000000000e+00,0.000000000000000000e+00
2.926355795620602507e+01,0.000000000000000000e+00,0.000000000000000000e+00
3.148384308389404751e+01,0.000000000000000000e+00,0.000000000000000000e+00
3.403196740504550633e+01,0.000000000000000000e+00,0.000000000000000000e+00
2.944625726422021117e+01,0.000000000000000000e+00,0.000000000000000000e+00
3.072391369424254748e+01,0.000000000000000000e+00,0.000000000000000000e+00
3.003627537525943936e+01,0.000000000000000000e+00,0.000000000000000000e+00
3.191227147732525538e+01,0.000000000000000000e+00,0.000000000000000000e+00
3.214065300813867054e+01,0.000000000000000000e+00,0.000000000000000000e+00
2.690602645444867491e+01,0.000000000000000000e+00,0.000000000000000000e+00
3.493887412353510769e+01,0.000000000000000000e+00,0.000000000000000000e+00
3.091699117954426868e+01,0.000000000000000000e+00,0.000000000000000000e+00
3.008974502893294556e+01,0.000000000000000000e+00,0.000000000000000000e+00
3.211454060089800322e+01,0.000000000000000000e+00,0.000000000000000000e+00
3.345766300454488373e+01,0.000000000000000000e+00,0.000000000000000000e+00
2.655228307051402581e+01,0.000000000000000000e+00,0.000000000000000000e+00
2.822408508876413791e+01,0.000000000000000000e+00,0.000000000000000000e+00
2.703758368319044081e+01,0.000000000000000000e+00,0.000000000000000000e+00
2.887815014347329168e+01,0.000000000000000000e+00,0.000000000000000000e+00
3.058975673396463080e+01,0.000000000000000000e+00,0.000000000000000000e+00
2.535342086309930210e+01,0.000000000000000000e+00,0.000000000000000000e+00
2.883719378539434786e+01,0.000000000000000000e+00,0.000000000000000000e+00
2.881586351793291101e+01,0.000000000000000000e+00,0.000000000000000000e+00
2.933515118647265751e+01,0.000000000000000000e+00,0.000000000000000000e+00
3.060442411083738179e+01,0.000000000000000000e+00,0.000000000000000000e+00
3.063126945980160798e+01,0.000000000000000000e+00,0.000000000000000000e+00
2.969428799252034068e+01,0.000000000000000000e+00,0.000000000000000000e+00
3.092734871829196308e+01,0.000000000000000000e+00,0.000000000000000000e+00
2.672499198479805926e+01,0.000000000000000000e+00,0.000000000000000000e+00
3.056424303620783789e+01,0.000000000000000000e+00,0.000000000000000000e+00
3.053433426810096307e+01,0.000000000000000000e+00,0.000000000000000000e+00
2.802384214990028966e+01,0.000000000000000000e+00,0.000000000000000000e+00
2.650015164315913196e+01,0.000000000000000000e+00,0.000000000000000000e+00
2.887389044995032350e+01,0.000000000000000000e+00,0.000000000000000000e+00
2.743857495055156903e+01,0.000000000000000000e+00,0.000000000000000000e+00
2.862309320374638588e+01,0.000000000000000000e+00,0.000000000000000000e+00
2.989159814838401275e+01,0.000000000000000000e+00,0.000000000000000000e+00
2.805008200579396416e+01,0.000000000000000000e+00,0.000000000000000000e+00
2.711377836625224802e+01,0.000000000000000000e+00,0.000000000000000000e+00
2.810363042054352078e+01,0.000000000000000000e+00,0.000000000000000000e+00
2.832906927525212737e+01,0.000000000000000000e+00,0.000000000000000000e+00
2.854700273824890289e+01,0.000000000000000000e+00,0.000000000000000000e+00
3.154661308556425681e+01,0.000000000000000000e+00,0.000000000000000000e+00
2.367130950486400565e+01,0.000000000000000000e+00,0.000000000000000000e+00
3.131340322780567220e+01,0.000000000000000000e+00,0.000000000000000000e+00
3.026624096030785083e+01,0.000000000000000000e+00,0.000000000000000000e+00
2.589184758510272744e+01,0.000000000000000000e+00,0.000000000000000000e+00
2.623035832444102766e+01,0.000000000000000000e+00,0.000000000000000000e+00
3.016731942449501247e+01,0.000000000000000000e+00,0.000000000000000000e+00
2.985623720017601102e+01,0.000000000000000000e+00,0.000000000000000000e+00
3.052298080799559798e+01,0.000000000000000000e+00,0.000000000000000000e+00
2.703774163016765542e+01,0.000000000000000000e+00,0.000000000000000000e+00
2.773145569995308790e+01,0.000000000000000000e+00,0.000000000000000000e+00
2.812866917413271750e+01,0.000000000000000000e+00,0.000000000000000000e+00
2.924445084775436499e+01,0.000000000000000000e+00,0.000000000000000000e+00
2.659392807160903871e+01,0.000000000000000000e+00,0.000000000000000000e+00
2.490306634605036606e+01,0.000000000000000000e+00,0.000000000000000000e+00
2.910205317032108496e+01,0.000000000000000000e+00,0.000000000000000000e+00
3.020302952897396409e+01,0.000000000000000000e+00,0.000000000000000000e+00
2.436853135417471350e+01,0.000000000000000000e+00,0.000000000000000000e+00
2.751054340110520258e+01,0.000000000000000000e+00,0.000000000000000000e+00
2.883887534942271458e+01,0.000000000000000000e+00,0.000000000000000000e+00
2.658239971661875600e+01,0.000000000000000000e+00,0.000000000000000000e+00
2.620097015089979564e+01,0.000000000000000000e+00,0.000000000000000000e+00
2.992041178455729522e+01,0.000000000000000000e+00,0.000000000000000000e+00
2.693803039625019835e+01,0.000000000000000000e+00,0.000000000000000000e+00
2.823256264956006945e+01,0.000000000000000000e+00,0.000000000000000000e+00
2.418218470218368310e+01,0.000000000000000000e+00,0.000000000000000000e+00
2.902535439197578526e+01,0.000000000000000000e+00,0.000000000000000000e+00
2.947700285955895083e+01,0.000000000000000000e+00,0.000000000000000000e+00
2.458305944404360233e+01,0.000000000000000000e+00,0.000000000000000000e+00
2.751176751066554260e+01,0.000000000000000000e+00,0.000000000000000000e+00
2.903508794047755615e+01,0.000000000000000000e+00,0.000000000000000000e+00
2.763748778428589858e+01,0.000000000000000000e+00,0.000000000000000000e+00
2.909274667991929775e+01,0.000000000000000000e+00,0.000000000000000000e+00
2.440661766271848165e+01,0.000000000000000000e+00,0.000000000000000000e+00
2.897491100773257955e+01,0.000000000000000000e+00,0.000000000000000000e+00
2.760795171773781931e+01,0.000000000000000000e+00,0.000000000000000000e+00
2.521596567397095257e+01,0.000000000000000000e+00,0.000000000000000000e+00
2.473102549343915157e+01,0.000000000000000000e+00,0.000000000000000000e+00
2.609848958932536078e+01,0.000000000000000000e+00,0.000000000000000000e+00
2.687438649250204037e+01,0.000000000000000000e+00,0.000000000000000000e+00
2.691119572657227366e+01,0.000000000000000000e+00,0.000000000000000000e+00
2.820709074492861745e+01,0.000000000000000000e+00,0.000000000000000000e+00
2.565034629330788007e+01,0.000000000000000000e+00,0.000000000000000000e+00
2.635851415783135465e+01,0.000000000000000000e+00,0.000000000000000000e+00
2.662044141550644127e+01,0.000000000000000000e+00,0.000000000000000000e+00
2.699658949743670178e+01,0.000000000000000000e+00,0.000000000000000000e+00
2.406941153025024960e+01,0.000000000000000000e+00,0.000000000000000000e+00
2.795709375234116223e+01,0.000000000000000000e+00,0.000000000000000000e+00
2.333696085952096411e+01,0.000000000000000000e+00,0.000000000000000000e+00
2.275738277249628538e+01,0.000000000000000000e+00,0.000000000000000000e+00
2.320780738089955975e+01,0.000000000000000000e+00,0.000000000000000000e+00
2.301772726396855973e+01,0.000000000000000000e+00,0.000000000000000000e+00
2.364614568415263207e+01,0.000000000000000000e+00,0.000000000000000000e+00
2.800131385480205282e+01,0.000000000000000000e+00,0.000000000000000000e+00
2.464022709526758348e+01,0.000000000000000000e+00,0.000000000000000000e+00
2.547117088171519583e+01,0.000000000000000000e+00,0.000000000000000000e+00
2.687995356228241661e+01,0.000000000000000000e+00,0.000000000000000000e+00
2.969591190571805939e+01,0.000000000000000000e+00,0.000000000000000000e+00
2.711338703454399734e+01,0.000000000000000000e+00,0.000000000000000000e+00
2.757522042295884646e+01,0.000000000000000000e+00,0.000000000000000000e+00
2.220271775840491912e+01,0.000000000000000000e+00,0.000000000000000000e+00
2.459572585438324310e+01,0.000000000000000000e+00,0.000000000000000000e+00
2.447709978761838912e+01,0.000000000000000000e+00,0.000000000000000000e+00
2.424606455805914251e+01,0.000000000000000000e+00,0.000000000000000000e+00
2.436640977216157822e+01,0.000000000000000000e+00,0.000000000000000000e+00
2.030455162628513577e+01,0.000000000000000000e+00,0.000000000000000000e+00
2.529750769328037663e+01,0.000000000000000000e+00,0.000000000000000000e+00
2.487984706247514310e+01,0.000000000000000000e+00,0.000000000000000000e+00
2.620466198561898707e+01,0.000000000000000000e+00,0.000000000000000000e+00
2.644858236686361508e+01,0.000000000000000000e+00,0.000000000000000000e+00
2.404747067792027693e+01,0.000000000000000000e+00,0.000000000000000000e+00
2.338286582800667190e+01,0.000000000000000000e+00,0.000000000000000000e+00
2.691399503379208369e+01,0.000000000000000000e+00,0.000000000000000000e+00
2.193323056286981654e+01,0.000000000000000000e+00,0.000000000000000000e+00
2.498851867133463500e+01,0.000000000000000000e+00,0.000000000000000000e+00
2.228899668361343345e+01,0.000000000000000000e+00,0.000000000000000000e+00
2.346639962398582568e+01,0.000000000000000000e+00,0.000000000000000000e+00
2.652983322478056749e+01,0.000000000000000000e+00,0.000000000000000000e+00
2.575666250356235309e+01,0.000000000000000000e+00,0.000000000000000000e+00
2.417805221869596011e+01,0.000000000000000000e+00,0.000000000000000000e+00
2.172846616975176204e+01,0.000000000000000000e+00,0.000000000000000000e+00
2.316129315643272335e+01,0.000000000000000000e+00,0.000000000000000000e+00
2.322092678637739382e+01,0.000000000000000000e+00,0.000000000000000000e+00
2.605901038420115512e+01,0.000000000000000000e+00,0.000000000000000000e+00
2.548786478910037090e+01,0.000000000000000000e+00,0.000000000000000000e+00
2.457323275937737250e+01,0.000000000000000000e+00,0.000000000000000000e+00
2.361102074258898043e+01,0.000000000000000000e+00,0.000000000000000000e+00
2.181261144079185499e+01,0.000000000000000000e+00,0.000000000000000000e+00
2.091638444627161775e+01,0.000000000000000000e+00,0.000000000000000000e+00
2.474902636019673352e+01,0.000000000000000000e+00,0.000000000000000000e+00
2.496645755932775046e+01,0.000000000000000000e+00,0.000000000000000000e+00
2.509591415045892404e+01,0.000000000000000000e+00,0.000000000000000000e+00
2.625803782586626411e+01,0.000000000000000000e+00,0.000000000000000000e+00
2.521752646181970903e+01,0.000000000000000000e+00,0.000000000000000000e+00
2.330838969250983439e+01,0.000000000000000000e+00,0.000000000000000000e+00
2.620982904222824317e+01,0.000000000000000000e+00,0.000000000000000000e+00
2.524927296745737237e+01,0.000000000000000000e+00,0.000000000000000000e+00
2.555532575745643342e+01,0.000000000000000000e+00,0.000000000000000000e+00
2.430150012636090295e+01,0.000000000000000000e+00,0.000000000000000000e+00
2.233381404819017035e+01,0.000000000000000000e+00,0.000000000000000000e+00
2.228534679614146086e+01,0.000000000000000000e+00,0.000000000000000000e+00
2.477309565128275182e+01,0.000000000000000000e+00,0.000000000000000000e+00
2.430374001323176003e+01,0.000000000000000000e+00,0.000000000000000000e+00
2.669828548187570050e+01,0.000000000000000000e+00,0.000000000000000000e+00
2.939774458112901456e+01,0.000000000000000000e+00,0.000000000000000000e+00
2.345290418770485275e+01,0.000000000000000000e+00,0.000000000000000000e+00
2.208846282206324219e+01,0.000000000000000000e+00,0.000000000000000000e+00
2.586275502978273622e+01,0.000000000000000000e+00,0.000000000000000000e+00
2.252625331264159314e+01,0.000000000000000000e+00,0.000000000000000000e+00
2.331645183252057407e+01,0.000000000000000000e+00,0.000000000000000000e+00
2.089583872507809659e+01,0.000000000000000000e+00,0.000000000000000000e+00
2.293155956165159282e+01,0.000000000000000000e+00,0.000000000000000000e+00
2.251387058254583806e+01,0.000000000000000000e+00,0.000000000000000000e+00
2.249503033993407186e+01,0.000000000000000000e+00,0.000000000000000000e+00
2.042381882155042661e+01,0.000000000000000000e+00,0.000000000000000000e+00
2.269339268092873141e+01,0.000000000000000000e+00,0.000000000000000000e+00
2.706635564957270290e+01,0.000000000000000000e+00,0.000000000000000000e+00
2.530700226402604969e+01,0.000000000000000000e+00,0.000000000000000000e+00
2.123751878455070496e+01,0.000000000000000000e+00,0.000000000000000000e+00
2.164492396402528840e+01,0.000000000000000000e+00,0.000000000000000000e+00
2.246944036892004348e+01,0.000000000000000000e+00,0.000000000000000000e+00
2.282914247124949725e+01,0.000000000000000000e+00,0.000000000000000000e+00
2.253785778961833230e+01,0.000000000000000000e+00,0.000000000000000000e+00
2.297643675353081960e+01,0.000000000000000000e+00,0.000000000000000000e+00
2.279217763386408180e+01,0.000000000000000000e+00,0.000000000000000000e+00
2.280971383744270042e+01,0.000000000000000000e+00,0.000000000000000000e+00
1.989529480602458733e+01,0.000000000000000000e+00,0.000000000000000000e+00
2.221959742618467715e+01,0.000000000000000000e+00,0.000000000000000000e+00
2.544833249844322864e+01,0.000000000000000000e+00,0.000000000000000000e+00
2.327329176277130784e+01,0.000000000000000000e+00,0.000000000000000000e+00
2.093695080832688404e+01,0.000000000000000000e+00,0.000000000000000000e+00
2.252398119548575650e+01,0.000000000000000000e+00,0.000000000000000000e+00
1.701925256666555697e+01,0.000000000000000000e+00,0.000000000000000000e+00
2.319188049647169336e+01,0.000000000000000000e+00,0.000000000000000000e+00
1.962250492353998155e+01,0.000000000000000000e+00,0.000000000000000000e+00
2.208643595787227909e+01,0.000000000000000000e+00,0.000000000000000000e+00
2.367158259866861414e+01,0.000000000000000000e+00,0.000000000000000000e+00
2.409048064629635277e+01,0.000000000000000000e+00,0.000000000000000000e+00
2.296168794182461781e+01,0.000000000000000000e+00,0.000000000000000000e+00
2.464429468414840940e+01,0.000000000000000000e+00,0.000000000000000000e+00
2.234000487590503425e+01,0.000000000000000000e+00,0.000000000000000000e+00
2.312302963194678540e+01,0.000000000000000000e+00,0.000000000000000000e+00
2.173892127635880556e+01,0.000000000000000000e+00,0.000000000000000000e+00
2.530030081052547075e+01,0.000000000000000000e+00,0.000000000000000000e+00
2.228603471494954391e+01,0.000000000000000000e+00,0.000000000000000000e+00
2.176976006616884263e+01,0.000000000000000000e+00,0.000000000000000000e+00
2.106397853320552827e+01,0.000000000000000000e+00,0.000000000000000000e+00
2.334451931437397576e+01,0.000000000000000000e+00,0.000000000000000000e+00
2.413447816155790093e+01,0.000000000000000000e+00,0.000000000000000000e+00
2.256874482626955469e+01,0.000000000000000000e+00,0.000000000000000000e+00
2.320328345605269860e+01,0.000000000000000000e+00,0.000000000000000000e+00
2.320621310520068903e+01,0.000000000000000000e+00,0.000000000000000000e+00
2.208699784801810040e+01,0.000000000000000000e+00,0.000000000000000000e+00
2.204224371248638192e+01,0.000000000000000000e+00,0.000000000000000000e+00
2.182213015654173915e+01,0.000000000000000000e+00,0.000000000000000000e+00
1.622633214208406471e+01,0.000000000000000000e+00,0.000000000000000000e+00
2.167033960262276082e+01,0.000000000000000000e+00,0.000000000000000000e+00
2.174277364821880099e+01,0.000000000000000000e+00,0.000000000000000000e+00
2.212483177540424961e+01,0.000000000000000000e+00,0.000000000000000000e+00
2.655009548401123354e+01,0.000000000000000000e+00,0.000000000000000000e+00
2.155730290543001715e+01,0.000000000000000000e+00,0.000000000000000000e+00
2.298040961837439511e+01,0.000000000000000000e+00,0.000000000000000000e+00
2.221477799573229461e+01,0.000000000000000000e+00,0.000000000000000000e+00
2.055219109465494398e+01,0.000000000000000000e+00,0.000000000000000000e+00
2.362703408170678543e+01,0.000000000000000000e+00,0.000000000000000000e+00
2.609995647406105235e+01,0.000000000000000000e+00,0.000000000000000000e+00
2.481058675607102870e+01,0.000000000000000000e+00,0.000000000000000000e+00
2.034551771637180906e+01,0.000000000000000000e+00,0.000000000000000000e+00
2.294732816452795632e+01,0.000000000000000000e+00,0.000000000000000000e+00
2.027900648729702837e+01,0.000000000000000000e+00,0.000000000000000000e+00
2.291919149716391502e+01,0.000000000000000000e+00,0.000000000000000000e+00
2.390565641668445807e+01,0.000000000000000000e+00,0.000000000000000000e+00
2.210448542743127476e+01,0.000000000000000000e+00,0.000000000000000000e+00
2.133279895523965308e+01,0.000000000000000000e+00,0.000000000000000000e+00
2.032294533046606944e+01,0.000000000000000000e+00,0.000000000000000000e+00
2.090478444511503753e+01,0.000000000000000000e+00,0.000000000000000000e+00
2.107566910320743503e+01,0.000000000000000000e+00,0.000000000000000000e+00
2.437376468464860224e+01,0.000000000000000000e+00,0.000000000000000000e+00
1.849217842836584325e+01,0.000000000000000000e+00,0.000000000000000000e+00
1.783902806258599583e+01,0.000000000000000000e+00,0.000000000000000000e+00
2.229996980203311807e+01,0.000000000000000000e+00,0.000000000000000000e+00
2.073661775477264868e+01,0.000000000000000000e+00,0.000000000000000000e+00
2.026596718612337611e+01,0.000000000000000000e+00,0.000000000000000000e+00
1.935129321612237874e+01,0.000000000000000000e+00,0.000000000000000000e+00
2.008868664243422586e+01,0.000000000000000000e+00,0.000000000000000000e+00
2.091769069329757613e+01,0.000000000000000000e+00,0.000000000000000000e+00
2.218822725084141112e+01,0.000000000000000000e+00,0.000000000000000000e+00
2.252996455161705214e+01,0.000000000000000000e+00,0.000000000000000000e+00
2.044675988254725851e+01,0.000000000000000000e+00,0.000000000000000000e+00
1.887428520239372176e+01,0.000000000000000000e+00,0.000000000000000000e+00
2.360170170588765259e+01,0.000000000000000000e+00,0.000000000000000000e+00
2.754476275354402404e+01,0.000000000000000000e+00,0.000000000000000000e+00
1.953684642680915218e+01,0.000000000000000000e+00,0.000000000000000000e+00
1.966213355268196139e+01,0.000000000000000000e+00,0.000000000000000000e+00
1.909625992999627186e+01,0.000000000000000000e+00,0.000000000000000000e+00
2.194998679690795740e+01,0.000000000000000000e+00,0.000000000000000000e+00
2.175017395750289140e+01,0.000000000000000000e+00,0.000000000000000000e+00
2.011620790634587053e+01,0.000000000000000000e+00,0.000000000000000000e+00
2.117954993523170870e+01,0.000000000000000000e+00,0.000000000000000000e+00
2.068991783191498612e+01,0.000000000000000000e+00,0.000000000000000000e+00
2.009350202573825328e+01,0.000000000000000000e+00,0.000000000000000000e+00
2.364125392214593901e+01,0.000000000000000000e+00,0.000000000000000000e+00
2.026810171111459979e+01,0.000000000000000000e+00,0.000000000000000000e+00
1.826478558157995025e+01,0.000000000000000000e+00,0.000000000000000000e+00
1.967023761226062817e+01,0.000000000000000000e+00,0.000000000000000000e+00
1.867638702370620152e+01,0.000000000000000000e+00,0.000000000000000000e+00
1.944198919822317251e+01,0.000000000000000000e+00,0.000000000000000000e+00
1.865888232384689971e+01,0.000000000000000000e+00,0.000000000000000000e+00
2.184106398124508175e+01,0.000000000000000000e+00,0.000000000000000000e+00
2.243187113664166077e+01,0.000000000000000000e+00,0.000000000000000000e+00
2.038011696633794045e+01,0.000000000000000000e+00,0.000000000000000000e+00
2.130390349537810835e+01,0.000000000000000000e+00,0.000000000000000000e+00
2.094376833105415869e+01,0.000000000000000000e+00,0.000000000000000000e+00
1.886916846919249480e+01,0.000000000000000000e+00,0.000000000000000000e+00
1.847892565529448206e+01,0.000000000000000000e+00,0.000000000000000000e+00
1.948327170562983923e+01,0.000000000000000000e+00,0.000000000000000000e+00
1.968607535658492935e+01,0.000000000000000000e+00,0.000000000000000000e+00
1.633071169115652310e+01,0.000000000000000000e+00,0.000000000000000000e+00
1.971514475527746768e+01,0.000000000000000000e+00,0.000000000000000000e+00
1.665308121222880544e+01,0.000000000000000000e+00,0.000000000000000000e+00
1.761636347977162131e+01,0.000000000000000000e+00,0.000000000000000000e+00
2.035995179314288706e+01,0.000000000000000000e+00,0.000000000000000000e+00
1.906858675198848729e+01,0.000000000000000000e+00,0.000000000000000000e+00
1.873102054339699407e+01,0.000000000000000000e+00,0.000000000000000000e+00
2.144380008350712075e+01,0.000000000000000000e+00,0.000000000000000000e+00
2.276399850224301602e+01,0.000000000000000000e+00,0.000000000000000000e+00
2.123522107637472800e+01,0.000000000000000000e+00,0.000000000000000000e+00
2.146823530622371123e+01,0.000000000000000000e+00,0.000000000000000000e+00
1.990625214587933201e+01,0.000000000000000000e+00,0.000000000000000000e+00
1.938659024724183055e+01,0.000000000000000000e+00,0.000000000000000000e+00
2.014713410817937600e+01,0.000000000000000000e+00,0.000000000000000000e+00
2.107280072632933710e+01,0.000000000000000000e+00,0.000000000000000000e+00
1.751125485592450559e+01,0.000000000000000000e+00,0.000000000000000000e+00
1.687866142043018414e+01,0.000000000000000000e+00,0.000000000000000000e+00
1.930360252333947813e+01,0.000000000000000000e+00,0.000000000000000000e+00
2.054164311201601478e+01,0.000000000000000000e+00,0.000000000000000000e+00
2.020948883920182126e+01,0.000000000000000000e+00,0.000000000000000000e+00
2.198787142842822107e+01,0.000000000000000000e+00,0.000000000000000000e+00
1.845087851536987245e+01,0.000000000000000000e+00,0.000000000000000000e+00
2.002811390092405475e+01,0.000000000000000000e+00,0.000000000000000000e+00
1.827219528104453872e+01,0.000000000000000000e+00,0.000000000000000000e+00
2.099963256586487503e+01,0.000000000000000000e+00,0.000000000000000000e+00
2.080127784123711976e+01,0.000000000000000000e+00,0.000000000000000000e+00
2.416254392281863517e+01,0.000000000000000000e+00,0.000000000000000000e+00
2.214977291971120721e+01,0.000000000000000000e+00,0.000000000000000000e+00
1.934157381075424098e+01,0.000000000000000000e+00,0.000000000000000000e+00
1.801847239833022130e+01,0.000000000000000000e+00,0.000000000000000000e+00
2.077594421499692245e+01,0.000000000000000000e+00,0.000000000000000000e+00
2.002356376029429441e+01,0.000000000000000000e+00,0.000000000000000000e+00
1.764213089778746379e+01,0.000000000000000000e+00,0.000000000000000000e+00
2.006239202689671686e+01,0.000000000000000000e+00,0.000000000000000000e+00
2.088669305257252162e+01,0.000000000000000000e+00,0.000000000000000000e+00
1.875459910283930398e+01,0.000000000000000000e+00,0.000000000000000000e+00
2.265239031047640239e+01,0.000000000000000000e+00,0.000000000000000000e+00
2.239304599145486918e+01,0.000000000000000000e+00,0.000000000000000000e+00
2.376049517627001606e+01,0.000000000000000000e+00,0.000000000000000000e+00
2.097253410685867436e+01,0.000000000000000000e+00,0.000000000000000000e+00
1.857773913455203640e+01,0.000000000000000000e+00,0.000000000000000000e+00
2.093451398838831423e+01,0.000000000000000000e+00,0.000000000000000000e+00
1.845009049549998537e+01,0.000000000000000000e+00,0.000000000000000000e+00
2.074796385477083405e+01,0.000000000000000000e+00,0.000000000000000000e+00
1.893148585935233186e+01,0.000000000000000000e+00,0.000000000000000000e+00
2.162045929293651980e+01,0.000000000000000000e+00,0.000000000000000000e+00
2.325882076743549476e+01,0.000000000000000000e+00,0.000000000000000000e+00
1.635652462486944714e+01,0.000000000000000000e+00,0.000000000000000000e+00
1.975878463492271919e+01,0.000000000000000000e+00,0.000000000000000000e+00
2.030695457956494110e+01,0.000000000000000000e+00,0.000000000000000000e+00
2.079603763576587383e+01,0.000000000000000000e+00,0.000000000000000000e+00
1.912382011889195610e+01,0.000000000000000000e+00,0.000000000000000000e+00
2.325251470889181249e+01,0.000000000000000000e+00,0.000000000000000000e+00
1.884155266826753561e+01,0.000000000000000000e+00,0.000000000000000000e+00
2.116159249065479742e+01,0.000000000000000000e+00,0.000000000000000000e+00
2.023050200270407473e+01,0.000000000000000000e+00,0.000000000000000000e+00
1.954018701585726348e+01,0.000000000000000000e+00,0.000000000000000000e+00
2.150171414882240484e+01,0.000000000000000000e+00,0.000000000000000000e+00
1.943005282619029472e+01,0.000000000000000000e+00,0.000000000000000000e+00
2.197647365176068135e+01,0.000000000000000000e+00,0.000000000000000000e+00
1.991130621613438478e+01,0.000000000000000000e+00,0.000000000000000000e+00
2.008891872695926395e+01,0.000000000000000000e+00,0.000000000000000000e+00
1.919548658016093867e+01,0.000000000000000000e+00,0.000000000000000000e+00
1.720677258159742351e+01,0.000000000000000000e+00,0.000000000000000000e+00
1.750806394576236613e+01,0.000000000000000000e+00,0.000000000000000000e+00
1.744416033455067350e+01,0.000000000000000000e+00,0.000000000000000000e+00
2.106559831800066718e+01,0.000000000000000000e+00,0.000000000000000000e+00
2.345625575055548140e+01,0.000000000000000000e+00,0.000000000000000000e+00
2.032082318066409599e+01,0.000000000000000000e+00,0.000000000000000000e+00
2.092312407185555756e+01,0.000000000000000000e+00,0.000000000000000000e+00
1.800307162898882041e+01,0.000000000000000000e+00,0.000000000000000000e+00
2.192873258543645676e+01,0.000000000000000000e+00,0.000000000000000000e+00
1.785161102555222001e+01,0.000000000000000000e+00,0.000000000000000000e+00
2.220582201978627168e+01,0.000000000000000000e+00,0.000000000000000000e+00
1.860680115699814507e+01,0.000000000000000000e+00,0.000000000000000000e+00
1.978329883939773381e+01,0.000000000000000000e+00,0.000000000000000000e+00
1.802149588986098294e+01,0.000000000000000000e+00,0.000000000000000000e+00
2.122985273338984413e+01,0.000000000000000000e+00,0.000000000000000000e+00
2.239062054849190275e+01,0.000000000000000000e+00,0.000000000000000000e+00
2.003369462967049941e+01,0.000000000000000000e+00,0.000000000000000000e+00
2.422021099302661895e+01,0.000000000000000000e+00,0.000000000000000000e+00
1.884112748562797179e+01,0.000000000000000000e+00,0.000000000000000000e+00
2.253147549798972449e+01,0.000000000000000000e+00,0.000000000000000000e+00
1.765768714061236366e+01,0.000000000000000000e+00,0.000000000000000000e+00
2.006251251892538434e+01,0.000000000000000000e+00,0.000000000000000000e+00
1.913128915578040790e+01,0.000000000000000000e+00,0.000000000000000000e+00
2.244882914501780036e+01,0.000000000000000000e+00,0.000000000000000000e+00
1.851600213568988096e+01,0.000000000000000000e+00,0.000000000000000000e+00
2.030959956023732360e+01,0.000000000000000000e+00,0.000000000000000000e+00
2.069044466966986207e+01,0.000000000000000000e+00,0.000000000000000000e+00
1.977226125444405724e+01,0.000000000000000000e+00,0.000000000000000000e+00
2.082482398420093972e+01,0.000000000000000000e+00,0.000000000000000000e+00
2.091962642057288946e+01,0.000000000000000000e+00,0.000000000000000000e+00
1.844348510022856402e+01,0.000000000000000000e+00,0.000000000000000000e+00
2.297897557550375325e+01,0.000000000000000000e+00,0.000000000000000000e+00
2.236580824229191578e+01,0.000000000000000000e+00,0.000000000000000000e+00
2.165247028610500379e+01,0.000000000000000000e+00,0.000000000000000000e+00
2.030377543124522077e+01,0.000000000000000000e+00,0.000000000000000000e+00
2.095304250666544732e+01,0.000000000000000000e+00,0.000000000000000000e+00
1.701237284496405522e+01,0.000000000000000000e+00,0.000000000000000000e+00
2.044819567722851872e+01,0.000000000000000000e+00,0.000000000000000000e+00
1.606452402523352774e+01,0.000000000000000000e+00,0.000000000000000000e+00
2.278311157353614647e+01,0.000000000000000000e+00,0.000000000000000000e+00
1.790302335161313607e+01,0.000000000000000000e+00,0.000000000000000000e+00
1.651572388824547133e+01,0.000000000000000000e+00,0.000000000000000000e+00
1.885362376680950192e+01,0.000000000000000000e+00,0.000000000000000000e+00
2.028828246896954113e+01,0.000000000000000000e+00,0.000000000000000000e+00
1.920999489752217926e+01,0.000000000000000000e+00,0.000000000000000000e+00
2.091525732569233753e+01,0.000000000000000000e+00,0.000000000000000000e+00
1.815700060451305120e+01,0.000000000000000000e+00,0.000000000000000000e+00
2.077091469689618819e+01,0.000000000000000000e+00,0.000000000000000000e+00
2.179186857204721761e+01,0.000000000000000000e+00,0.000000000000000000e+00
1.828035098881063902e+01,0.000000000000000000e+00,0.000000000000000000e+00
1.879149364622746177e+01,0.000000000000000000e+00,0.000000000000000000e+00
1.890729299579552602e+01,0.000000000000000000e+00,0.000000000000000000e+00
1.820747563259757484e+01,0.000000000000000000e+00,0.000000000000000000e+00
1.978342349638446862e+01,0.000000000000000000e+00,0.000000000000000000e+00
1.784501460421401475e+01,0.000000000000000000e+00,0.000000000000000000e+00
2.105455437372651417e+01,0.000000000000000000e+00,0.000000000000000000e+00
1.875717718178732696e+01,0.000000000000000000e+00,0.000000000000000000e+00
2.067431985480081735e+01,0.000000000000000000e+00,0.000000000000000000e+00
2.105398825709187349e+01,0.000000000000000000e+00,0.000000000000000000e+00
2.142455137460607872e+01,0.000000000000000000e+00,0.000000000000000000e+00
2.413802324066539029e+01,0.000000000000000000e+00,0.000000000000000000e+00
2.060974263347025470e+01,0.000000000000000000e+00,0.000000000000000000e+00
1.578782301673191846e+01,0.000000000000000000e+00,0.000000000000000000e+00
2.071029399132820714e+01,0.000000000000000000e+00,0.000000000000000000e+00
2.106330083714481560e+01,0.000000000000000000e+00,0.000000000000000000e+00
2.084332465361466546e+01,0.000000000000000000e+00,0.000000000000000000e+00
1.992518742200624970e+01,0.000000000000000000e+00,0.000000000000000000e+00
1.974313303158105271e+01,0.000000000000000000e+00,0.000000000000000000e+00
1.980375284333135255e+01,0.000000000000000000e+00,0.000000000000000000e+00
2.375219169813246012e+01,0.000000000000000000e+00,0.000000000000000000e+00
2.037082213506831252e+01,0.000000000000000000e+00,0.000000000000000000e+00
2.067909277479302688e+01,0.000000000000000000e+00,0.000000000000000000e+00
2.065919780590127885e+01,0.000000000000000000e+00,0.000000000000000000e+00
1.962963075645315669e+01,0.000000000000000000e+00,0.000000000000000000e+00
2.144463697188757934e+01,0.000000000000000000e+00,0.000000000000000000e+00
2.213930805705022209e+01,0.000000000000000000e+00,0.000000000000000000e+00
2.305906084557010871e+01,0.000000000000000000e+00,0.000000000000000000e+00
1.854536689477717104e+01,0.000000000000000000e+00,0.000000000000000000e+00
2.066607580958845247e+01,0.000000000000000000e+00,0.000000000000000000e+00
2.096049948887670311e+01,0.000000000000000000e+00,0.000000000000000000e+00
1.884409061966894683e+01,0.000000000000000000e+00,0.000000000000000000e+00
2.001467479794355597e+01,0.000000000000000000e+00,0.000000000000000000e+00
1.827209340035826557e+01,0.000000000000000000e+00,0.000000000000000000e+00
2.083622495675063035e+01,0.000000000000000000e+00,0.000000000000000000e+00
1.878505168491684429e+01,0.000000000000000000e+00,0.000000000000000000e+00
1.914541644567222534e+01,0.000000000000000000e+00,0.000000000000000000e+00
1.941726531799040956e+01,0.000000000000000000e+00,0.000000000000000000e+00
2.384127480412970357e+01,0.000000000000000000e+00,0.000000000000000000e+00
2.504001770830174323e+01,0.000000000000000000e+00,0.000000000000000000e+00
1.803871356898726575e+01,0.000000000000000000e+00,0.000000000000000000e+00
2.519677734233904687e+01,0.000000000000000000e+00,0.000000000000000000e+00
1.640200481001960497e+01,0.000000000000000000e+00,0.000000000000000000e+00
2.089158796882091451e+01,0.000000000000000000e+00,0.000000000000000000e+00
2.228614678787612036e+01,0.000000000000000000e+00,0.000000000000000000e+00
2.113548221034558594e+01,0.000000000000000000e+00,0.000000000000000000e+00
2.216017655227631167e+01,0.000000000000000000e+00,0.000000000000000000e+00
2.412791557915919682e+01,0.000000000000000000e+00,0.000000000000000000e+00
2.285836929732686684e+01,0.000000000000000000e+00,0.000000000000000000e+00
1.925775131449637811e+01,0.000000000000000000e+00,0.000000000000000000e+00
2.284594790014899246e+01,0.000000000000000000e+00,0.000000000000000000e+00
2.084381832396354639e+01,0.000000000000000000e+00,0.000000000000000000e+00
1.841619423323433935e+01,0.000000000000000000e+00,0.000000000000000000e+00
2.450614303241331982e+01,0.000000000000000000e+00,0.000000000000000000e+00
2.271668458718986372e+01,0.000000000000000000e+00,0.000000000000000000e+00
1.752134345513276870e+01,0.000000000000000000e+00,0.000000000000000000e+00
1.903052410385293669e+01,0.000000000000000000e+00,0.000000000000000000e+00
2.546420080157873400e+01,0.000000000000000000e+00,0.000000000000000000e+00
2.213804756134221918e+01,0.000000000000000000e+00,0.000000000000000000e+00
2.304069394876168531e+01,0.000000000000000000e+00,0.000000000000000000e+00
1.796567203895551401e+01,0.000000000000000000e+00,0.000000000000000000e+00
2.243995999456616275e+01,0.000000000000000000e+00,0.000000000000000000e+00
1.899303447119505961e+01,0.000000000000000000e+00,0.000000000000000000e+00
1.717446042309879672e+01,0.000000000000000000e+00,0.000000000000000000e+00
1.685846854211246537e+01,0.000000000000000000e+00,0.000000000000000000e+00
2.220621964945097915e+01,0.000000000000000000e+00,0.000000000000000000e+00
1.926255126995920364e+01,0.000000000000000000e+00,0.000000000000000000e+00
2.045819214687157839e+01,0.000000000000000000e+00,0.000000000000000000e+00
2.069759681608477209e+01,0.000000000000000000e+00,0.000000000000000000e+00
2.055949656830036076e+01,0.000000000000000000e+00,0.000000000000000000e+00
2.239677200417452241e+01,0.000000000000000000e+00,0.000000000000000000e+00
2.439284904695901801e+01,0.000000000000000000e+00,0.000000000000000000e+00
1.947530588387331818e+01,0.000000000000000000e+00,0.000000000000000000e+00
2.103163859858546658e+01,0.000000000000000000e+00,0.000000000000000000e+00
2.390858199231949754e+01,0.000000000000000000e+00,0.000000000000000000e+00
2.208276655368142016e+01,0.000000000000000000e+00,0.000000000000000000e+00
1.882121137216866913e+01,0.000000000000000000e+00,0.000000000000000000e+00
1.847250320952131730e+01,0.000000000000000000e+00,0.000000000000000000e+00
2.104341223345258527e+01,0.000000000000000000e+00,0.000000000000000000e+00
2.042654895592297848e+01,0.000000000000000000e+00,0.000000000000000000e+00
2.529783472517806331e+01,0.000000000000000000e+00,0.000000000000000000e+00
2.617263058801653131e+01,0.000000000000000000e+00,0.000000000000000000e+00
2.065483264765411064e+01,0.000000000000000000e+00,0.000000000000000000e+00
2.331042911693928588e+01,0.000000000000000000e+00,0.000000000000000000e+00
2.439188356072446595e+01,0.000000000000000000e+00,0.000000000000000000e+00
2.025985952229470755e+01,0.000000000000000000e+00,0.000000000000000000e+00
1.970467179844523287e+01,0.000000000000000000e+00,0.000000000000000000e+00
2.042944493939442907e+01,0.000000000000000000e+00,0.000000000000000000e+00
2.197598205584103681e+01,0.000000000000000000e+00,0.000000000000000000e+00
2.002522781261584939e+01,0.000000000000000000e+00,0.000000000000000000e+00
2.094657984734067568e+01,0.000000000000000000e+00,0.000000000000000000e+00
2.264080410766724327e+01,0.000000000000000000e+00,0.000000000000000000e+00
1.822295967565135655e+01,0.000000000000000000e+00,0.000000000000000000e+00
2.487473611077818347e+01,0.000000000000000000e+00,0.000000000000000000e+00
2.232174788007854715e+01,0.000000000000000000e+00,0.000000000000000000e+00
2.228828158319109320e+01,0.000000000000000000e+00,0.000000000000000000e+00
2.251511447132704191e+01,0.000000000000000000e+00,0.000000000000000000e+00
2.385663379829281538e+01,0.000000000000000000e+00,0.000000000000000000e+00
2.338812534507717444e+01,0.000000000000000000e+00,0.000000000000000000e+00
2.114827625487500740e+01,0.000000000000000000e+00,0.000000000000000000e+00
2.370137712748936210e+01,0.000000000000000000e+00,0.000000000000000000e+00
2.277489879028214403e+01,0.000000000000000000e+00,0.000000000000000000e+00
2.385638522250486560e+01,0.000000000000000000e+00,0.000000000000000000e+00
1.985901813400690230e+01,0.000000000000000000e+00,0.000000000000000000e+00
2.496686810901747577e+01,0.000000000000000000e+00,0.000000000000000000e+00
2.062446978267458775e+01,0.000000000000000000e+00,0.000000000000000000e+00
2.384482906293101223e+01,0.000000000000000000e+00,0.000000000000000000e+00
2.415121089111563890e+01,0.000000000000000000e+00,0.000000000000000000e+00
2.126234304773230122e+01,0.000000000000000000e+00,0.000000000000000000e+00
2.166701500499087274e+01,0.000000000000000000e+00,0.000000000000000000e+00
2.489631114246500232e+01,0.000000000000000000e+00,0.000000000000000000e+00
2.201566238688552346e+01,0.000000000000000000e+00,0.000000000000000000e+00
2.463607650434010310e+01,0.000000000000000000e+00,0.000000000000000000e+00
2.123260708005665620e+01,0.000000000000000000e+00,0.000000000000000000e+00
2.735838956427872404e+01,0.000000000000000000e+00,0.000000000000000000e+00
2.156346529747645846e+01,0.000000000000000000e+00,0.000000000000000000e+00
2.172084078891199965e+01,0.000000000000000000e+00,0.000000000000000000e+00
2.238043526051032472e+01,0.000000000000000000e+00,0.000000000000000000e+00
2.148483046104364647e+01,0.000000000000000000e+00,0.000000000000000000e+00
2.377062738141016141e+01,0.000000000000000000e+00,0.000000000000000000e+00
2.155169203754183371e+01,0.000000000000000000e+00,0.000000000000000000e+00
2.701490642356399619e+01,0.000000000000000000e+00,0.000000000000000000e+00
2.056022557171299070e+01,0.000000000000000000e+00,0.000000000000000000e+00
2.228871869346212620e+01,0.000000000000000000e+00,0.000000000000000000e+00
2.403465179339433888e+01,0.000000000000000000e+00,0.000000000000000000e+00
2.359867261824963691e+01,0.000000000000000000e+00,0.000000000000000000e+00
2.415118127490898559e+01,0.000000000000000000e+00,0.000000000000000000e+00
2.225323046170112207e+01,0.000000000000000000e+00,0.000000000000000000e+00
1.936642778434419654e+01,0.000000000000000000e+00,0.000000000000000000e+00
2.455885906282555098e+01,0.000000000000000000e+00,0.000000000000000000e+00
2.453871579729636920e+01,0.000000000000000000e+00,0.000000000000000000e+00
2.465904563960666351e+01,0.000000000000000000e+00,0.000000000000000000e+00
2.138671988839053029e+01,0.000000000000000000e+00,0.000000000000000000e+00
2.554928923269159924e+01,0.000000000000000000e+00,0.000000000000000000e+00
2.482275912507406801e+01,0.000000000000000000e+00,0.000000000000000000e+00
2.583815192837897357e+01,0.000000000000000000e+00,0.000000000000000000e+00
2.155942786242908227e+01,0.000000000000000000e+00,0.000000000000000000e+00
2.382012150608960255e+01,0.000000000000000000e+00,0.000000000000000000e+00
2.219771754674710351e+01,0.000000000000000000e+00,0.000000000000000000e+00
2.522356234798839836e+01,0.000000000000000000e+00,0.000000000000000000e+00
2.136454233789547885e+01,0.000000000000000000e+00,0.000000000000000000e+00
2.362110190815660005e+01,0.000000000000000000e+00,0.000000000000000000e+00
2.418386099013887858e+01,0.000000000000000000e+00,0.000000000000000000e+00
2.504769843126142348e+01,0.000000000000000000e+00,0.000000000000000000e+00
2.229124433415167061e+01,0.000000000000000000e+00,0.000000000000000000e+00
2.420872225564743374e+01,0.000000000000000000e+00,0.000000000000000000e+00
2.517685891744284632e+01,0.000000000000000000e+00,0.000000000000000000e+00
2.401581854193046794e+01,0.000000000000000000e+00,0.000000000000000000e+00
2.492234214130795422e+01,0.000000000000000000e+00,0.000000000000000000e+00
2.316474598929998763e+01,0.000000000000000000e+00,0.000000000000000000e+00
2.350841689102920284e+01,0.000000000000000000e+00,0.000000000000000000e+00
2.091170967298397088e+01,0.000000000000000000e+00,0.000000000000000000e+00
2.612391827076437067e+01,0.000000000000000000e+00,0.000000000000000000e+00
2.585981735315960606e+01,0.000000000000000000e+00,0.000000000000000000e+00
2.593003417144284128e+01,0.000000000000000000e+00,0.000000000000000000e+00
2.112866238258064300e+01,0.000000000000000000e+00,0.000000000000000000e+00
2.323732815557713138e+01,0.000000000000000000e+00,0.000000000000000000e+00
2.122646301686834747e+01,0.000000000000000000e+00,0.000000000000000000e+00
2.571234775788543203e+01,0.000000000000000000e+00,0.000000000000000000e+00
2.353019745707960197e+01,0.000000000000000000e+00,0.000000000000000000e+00
2.344776329597756614e+01,0.000000000000000000e+00,0.000000000000000000e+00
2.099815797347954316e+01,0.000000000000000000e+00,0.000000000000000000e+00
2.990632688174681419e+01,0.000000000000000000e+00,0.000000000000000000e+00
2.027212351950884539e+01,0.000000000000000000e+00,0.000000000000000000e+00
2.685086850683629223e+01,0.000000000000000000e+00,0.000000000000000000e+00
2.530225210262516455e+01,0.000000000000000000e+00,0.000000000000000000e+00
2.769517575157705380e+01,0.000000000000000000e+00,0.000000000000000000e+00
2.558723240074255401e+01,0.000000000000000000e+00,0.000000000000000000e+00
2.481721524212264640e+01,0.000000000000000000e+00,0.000000000000000000e+00
2.503030928863661586e+01,0.000000000000000000e+00,0.000000000000000000e+00
2.568870776668799394e+01,0.000000000000000000e+00,0.000000000000000000e+00
2.647288244112740330e+01,0.000000000000000000e+00,0.000000000000000000e+00
2.479068202561598255e+01,0.000000000000000000e+00,0.000000000000000000e+00
2.648886004043010090e+01,0.000000000000000000e+00,0.000000000000000000e+00
2.380158941505156989e+01,0.000000000000000000e+00,0.000000000000000000e+00
2.462362679612813565e+01,0.000000000000000000e+00,0.000000000000000000e+00
2.427502415904960742e+01,0.000000000000000000e+00,0.000000000000000000e+00
2.814945339549013426e+01,0.000000000000000000e+00,0.000000000000000000e+00
2.540652825867042708e+01,0.000000000000000000e+00,0.000000000000000000e+00
2.161055559328903897e+01,0.000000000000000000e+00,0.000000000000000000e+00
2.378345977532849176e+01,0.000000000000000000e+00,0.000000000000000000e+00
2.722776340253017224e+01,0.000000000000000000e+00,0.000000000000000000e+00
2.277278015665115163e+01,0.000000000000000000e+00,0.000000000000000000e+00
3.005058126893181836e+01,0.000000000000000000e+00,0.000000000000000000e+00
2.529151237834780375e+01,0.000000000000000000e+00,0.000000000000000000e+00
2.141770759119011913e+01,0.000000000000000000e+00,0.000000000000000000e+00
2.737440762166940900e+01,0.000000000000000000e+00,0.000000000000000000e+00
2.602939233563886035e+01,0.000000000000000000e+00,0.000000000000000000e+00
2.754733280331626233e+01,0.000000000000000000e+00,0.000000000000000000e+00
2.394939028717038099e+01,0.000000000000000000e+00,0.000000000000000000e+00
2.145397150980051038e+01,0.000000000000000000e+00,0.000000000000000000e+00
2.655731909909971478e+01,0.000000000000000000e+00,0.000000000000000000e+00
2.518468484631248216e+01,0.000000000000000000e+00,0.000000000000000000e+00
2.708777970232117838e+01,0.000000000000000000e+00,0.000000000000000000e+00
2.567609825707898352e+01,0.000000000000000000e+00,0.000000000000000000e+00
2.644637822046409070e+01,0.000000000000000000e+00,0.000000000000000000e+00
2.349557055198565791e+01,0.000000000000000000e+00,0.000000000000000000e+00
2.682967532952510936e+01,0.000000000000000000e+00,0.000000000000000000e+00
2.399718205760027345e+01,0.000000000000000000e+00,0.000000000000000000e+00
2.606905725591685297e+01,0.000000000000000000e+00,0.000000000000000000e+00
2.851114782302109063e+01,0.000000000000000000e+00,0.000000000000000000e+00
2.794874978545141531e+01,0.000000000000000000e+00,0.000000000000000000e+00
2.547790169348279576e+01,0.000000000000000000e+00,0.000000000000000000e+00
3.005507867874000638e+01,0.000000000000000000e+00,0.000000000000000000e+00
2.649830588608718074e+01,0.000000000000000000e+00,0.000000000000000000e+00
2.790327230996745200e+01,0.000000000000000000e+00,0.000000000000000000e+00
2.868920330800230545e+01,0.000000000000000000e+00,0.000000000000000000e+00
2.652512928740734566e+01,0.000000000000000000e+00,0.000000000000000000e+00
2.425279624554043068e+01,0.000000000000000000e+00,0.000000000000000000e+00
2.875915886770427576e+01,0.000000000000000000e+00,0.000000000000000000e+00
2.868726322563370701e+01,0.000000000000000000e+00,0.000000000000000000e+00
2.744396683141930282e+01,0.000000000000000000e+00,0.000000000000000000e+00
2.794359949147014532e+01,0.000000000000000000e+00,0.000000000000000000e+00
2.557796847636895521e+01,0.000000000000000000e+00,0.000000000000000000e+00
2.370359482109669358e+01,0.000000000000000000e+00,0.000000000000000000e+00
2.894850555596122277e+01,0.000000000000000000e+00,0.000000000000000000e+00
2.697313410609671536e+01,0.000000000000000000e+00,0.000000000000000000e+00
2.649599691022608638e+01,0.000000000000000000e+00,0.000000000000000000e+00
2.625088907511125313e+01,0.000000000000000000e+00,0.000000000000000000e+00
2.934813557561696840e+01,0.000000000000000000e+00,0.000000000000000000e+00
2.883556456584038230e+01,0.000000000000000000e+00,0.000000000000000000e+00
2.797393797738065047e+01,0.000000000000000000e+00,0.000000000000000000e+00
2.971284665753413989e+01,0.000000000000000000e+00,0.000000000000000000e+00
2.980553797117295289e+01,0.000000000000000000e+00,0.000000000000000000e+00
2.761881924081038164e+01,0.000000000000000000e+00,0.000000000000000000e+00
2.825835481274237537e+01,0.000000000000000000e+00,0.000000000000000000e+00
2.835596647303443518e+01,0.000000000000000000e+00,0.000000000000000000e+00
2.539969985977689504e+01,0.000000000000000000e+00,0.000000000000000000e+00
2.724943504076037470e+01,0.000000000000000000e+00,0.000000000000000000e+00
2.897965365185234887e+01,0.000000000000000000e+00,0.000000000000000000e+00
3.107985923798632655e+01,0.000000000000000000e+00,0.000000000000000000e+00
3.012006119993852593e+01,0.000000000000000000e+00,0.000000000000000000e+00
2.387915492727008271e+01,0.000000000000000000e+00,0.000000000000000000e+00
2.805987036283071845e+01,0.000000000000000000e+00,0.000000000000000000e+00
3.099036349563702686e+01,0.000000000000000000e+00,0.000000000000000000e+00
2.722800055452613677e+01,0.000000000000000000e+00,0.000000000000000000e+00
3.184327692657348763e+01,0.000000000000000000e+00,0.000000000000000000e+00
2.703550463040949126e+01,0.000000000000000000e+00,0.000000000000000000e+00
2.995609177858350591e+01,0.000000000000000000e+00,0.000000000000000000e+00
3.204121549394032087e+01,0.000000000000000000e+00,0.000000000000000000e+00
2.836336630003972914e+01,0.000000000000000000e+00,0.000000000000000000e+00
3.002866735588260738e+01,0.000000000000000000e+00,0.000000000000000000e+00
2.739277365051486512e+01,0.000000000000000000e+00,0.000000000000000000e+00
2.850754573557670213e+01,0.000000000000000000e+00,0.000000000000000000e+00
3.040746270127537443e+01,0.000000000000000000e+00,0.000000000000000000e+00
2.659369636735783970e+01,0.000000000000000000e+00,0.000000000000000000e+00
2.743150336897040731e+01,0.000000000000000000e+00,0.000000000000000000e+00
3.098069846205720523e+01,0.000000000000000000e+00,0.000000000000000000e+00
2.877021894691080917e+01,0.000000000000000000e+00,0.000000000000000000e+00
3.054266515348360400e+01,0.000000000000000000e+00,0.000000000000000000e+00
2.894270730811543046e+01,0.000000000000000000e+00,0.000000000000000000e+00
3.160048550418328972e+01,0.000000000000000000e+00,0.000000000000000000e+00
2.743218273944168217e+01,0.000000000000000000e+00,0.000000000000000000e+00
2.870365041436006592e+01,0.000000000000000000e+00,0.000000000000000000e+00
3.046700874575825679e+01,0.000000000000000000e+00,0.000000000000000000e+00
3.402925919714373038e+01,0.000000000000000000e+00,0.000000000000000000e+00
3.398324386893499849e+01,0.000000000000000000e+00,0.000000000000000000e+00
2.736535003882297445e+01,0.000000000000000000e+00,0.000000000000000000e+00
3.205759856871789282e+01,0.000000000000000000e+00,0.000000000000000000e+00
3.048877917715304164e+01,0.000000000000000000e+00,0.000000000000000000e+00
2.852884234759683935e+01,0.000000000000000000e+00,0.000000000000000000e+00
3.058369644291770939e+01,0.000000000000000000e+00,0.000000000000000000e+00
2.800385001724669110e+01,0.000000000000000000e+00,0.000000000000000000e+00
3.079599201241485318e+01,0.000000000000000000e+00,0.000000000000000000e+00
3.159925775070601972e+01,0.000000000000000000e+00,0.000000000000000000e+00
2.669686604560618193e+01,0.000000000000000000e+00,0.000000000000000000e+00
2.774791461722909958e+01,0.000000000000000000e+00,0.000000000000000000e+00
3.018099691898470738e+01,0.000000000000000000e+00,0.000000000000000000e+00
3.376776127806563466e+01,0.000000000000000000e+00,0.000000000000000000e+00
2.923044161285307041e+01,0.000000000000000000e+00,0.000000000000000000e+00
3.054906412064750398e+01,0.000000000000000000e+00,0.000000000000000000e+00
3.092180942176038272e+01,0.000000000000000000e+00,0.000000000000000000e+00
3.146357689441650152e+01,0.000000000000000000e+00,0.000000000000000000e+00
3.248302322921195184e+01,0.000000000000000000e+00,0.000000000000000000e+00
3.387699512003359814e+01,0.000000000000000000e+00,0.000000000000000000e+00
3.415747129640418223e+01,0.000000000000000000e+00,0.000000000000000000e+00
3.150854598989502620e+01,0.000000000000000000e+00,0.000000000000000000e+00
2.801883558193269863e+01,0.000000000000000000e+00,0.000000000000000000e+00
2.972344066644640392e+01,0.000000000000000000e+00,0.000000000000000000e+00
3.294296066032614334e+01,0.000000000000000000e+00,0.000000000000000000e+00
3.086333410424126455e+01,0.000000000000000000e+00,0.000000000000000000e+00
3.237877412265550703e+01,0.000000000000000000e+00,0.000000000000000000e+00
2.992368520598981263e+01,0.000000000000000000e+00,0.000000000000000000e+00
3.003651381717080326e+01,0.000000000000000000e+00,0.000000000000000000e+00
3.169086664852316915e+01,0.000000000000000000e+00,0.000000000000000000e+00
3.226138424805920124e+01,0.000000000000000000e+00,0.000000000000000000e+00
3.327978534408897815e+01,0.000000000000000000e+00,0.000000000000000000e+00
3.379925484613394104e+01,0.000000000000000000e+00,0.000000000000000000e+00
3.288020616955627418e+01,0.000000000000000000e+00,0.000000000000000000e+00
2.995122399393417467e+01,0.000000000000000000e+00,0.000000000000000000e+00
3.269996645107442390e+01,0.000000000000000000e+00,0.000000000000000000e+00
3.241572243645824614e+01,0.000000000000000000e+00,0.000000000000000000e+00
3.213696593984958128e+01,0.000000000000000000e+00,0.000000000000000000e+00
3.255222005710503907e+01,0.000000000000000000e+00,0.000000000000000000e+00
3.335336092637904670e+01,0.000000000000000000e+00,0.000000000000000000e+00
3.553700815027594473e+01,0.000000000000000000e+00,0.000000000000000000e+00
3.146438266751216162e+01,0.000000000000000000e+00,0.000000000000000000e+00
3.269849834491344609e+01,0.000000000000000000e+00,0.000000000000000000e+00
3.277590774050403155e+01,0.000000000000000000e+00,0.000000000000000000e+00
3.219788295901665265e+01,0.000000000000000000e+00,0.000000000000000000e+00
3.090072828148862882e+01,0.000000000000000000e+00,0.000000000000000000e+00
2.960260289941940570e+01,0.000000000000000000e+00,0.000000000000000000e+00
3.479955766686998686e+01,0.000000000000000000e+00,0.000000000000000000e+00
3.319338007584805439e+01,0.000000000000000000e+00,0.000000000000000000e+00
3.503735639008466762e+01,0.000000000000000000e+00,0.000000000000000000e+00
3.387136283236166179e+01,0.000000000000000000e+00,0.000000000000000000e+00
3.247674918696895929e+01,0.000000000000000000e+00,0.000000000000000000e+00
3.236691313726331032e+01,0.000000000000000000e+00,0.000000000000000000e+00
3.192776011550903092e+01,0.000000000000000000e+00,0.000000000000000000e+00
3.358619433842051905e+01,0.000000000000000000e+00,0.000000000000000000e+00
3.337980853176317453e+01,0.000000000000000000e+00,0.000000000000000000e+00
3.322817129249654045e+01,0.000000000000000000e+00,0.000000000000000000e+00
3.531890924616543259e+01,0.000000000000000000e+00,0.000000000000000000e+00
3.379188488191710604e+01,0.000000000000000000e+00,0.000000000000000000e+00
3.088699666933476706e+01,0.000000000000000000e+00,0.000000000000000000e+00
3.180305441003015687e+01,0.000000000000000000e+00,0.000000000000000000e+00
2.930971816278388076e+01,0.000000000000000000e+00,0.000000000000000000e+00
3.360154289074999667e+01,0.000000000000000000e+00,0.000000000000000000e+00
3.568446928532017637e+01,0.000000000000000000e+00,0.000000000000000000e+00
3.561444479289281162e+01,0.000000000000000000e+00,0.000000000000000000e+00
3.495026171746215482e+01,0.000000000000000000e+00,0.000000000000000000e+00
3.666563548204119627e+01,0.000000000000000000e+00,0.000000000000000000e+00
3.545606996009480127e+01,0.000000000000000000e+00,0.000000000000000000e+00
3.169833073576551286e+01,0.000000000000000000e+00,0.000000000000000000e+00
3.602207770889847893e+01,0.000000000000000000e+00,0.000000000000000000e+00
3.301009707881324573e+01,0.000000000000000000e+00,0.000000000000000000e+00
3.554072718716493284e+01,0.000000000000000000e+00,0.000000000000000000e+00
3.263863085894680438e+01,0.000000000000000000e+00,0.000000000000000000e+00
3.897227957321787528e+01,0.000000000000000000e+00,0.000000000000000000e+00
3.491788242480447479e+01,0.000000000000000000e+00,0.000000000000000000e+00
3.489299342537435678e+01,0.000000000000000000e+00,0.000000000000000000e+00
3.493099739330085640e+01,0.000000000000000000e+00,0.000000000000000000e+00
3.408824284055405229e+01,0.000000000000000000e+00,0.000000000000000000e+00
3.366796039888330228e+01,0.000000000000000000e+00,0.000000000000000000e+00
3.254200550378349277e+01,0.000000000000000000e+00,0.000000000000000000e+00
3.404451281432329068e+01,0.000000000000000000e+00,0.000000000000000000e+00
3.600203882756044749e+01,0.000000000000000000e+00,0.000000000000000000e+00
3.738883278538180122e+01,0.000000000000000000e+00,0.000000000000000000e+00
3.515112104146287919e+01,0.000000000000000000e+00,0.000000000000000000e+00
2.762193440494383267e+01,0.000000000000000000e+00,0.000000000000000000e+00
3.211451991178756060e+01,0.000000000000000000e+00,0.000000000000000000e+00
3.275659263962956658e+01,0.000000000000000000e+00,0.000000000000000000e+00
3.704699320340957058e+01,0.000000000000000000e+00,0.000000000000000000e+00
3.375225332661334221e+01,0.000000000000000000e+00,0.000000000000000000e+00
3.505816624965454054e+01,0.000000000000000000e+00,0.000000000000000000e+00
3.460013369806598149e+01,0.000000000000000000e+00,0.000000000000000000e+00
3.506681847862147094e+01,0.000000000000000000e+00,0.000000000000000000e+00
3.412338558604066918e+01,0.000000000000000000e+00,0.000000000000000000e+00
3.405767840924792011e+01,0.000000000000000000e+00,0.000000000000000000e+00
3.546164708292261025e+01,0.000000000000000000e+00,0.000000000000000000e+00
3.865743223874339662e+01,0.000000000000000000e+00,0.000000000000000000e+00
3.764829404090068721e+01,0.000000000000000000e+00,0.000000000000000000e+00
3.568346138230153031e+01,0.000000000000000000e+00,0.000000000000000000e+00
3.733374790987656411e+01,0.000000000000000000e+00,0.000000000000000000e+00
3.116029731042697293e+01,0.000000000000000000e+00,0.000000000000000000e+00
3.569435160049880551e+01,0.000000000000000000e+00,0.000000000000000000e+00
3.495143421052532773e+01,0.000000000000000000e+00,0.000000000000000000e+00
3.618047264339266178e+01,0.000000000000000000e+00,0.000000000000000000e+00
3.723734396496556087e+01,0.000000000000000000e+00,0.000000000000000000e+00
3.787853193391499218e+01,0.000000000000000000e+00,0.000000000000000000e+00
3.799682057836464821e+01,0.000000000000000000e+00,0.000000000000000000e+00
3.276424790580185942e+01,0.000000000000000000e+00,0.000000000000000000e+00
3.749913279129638966e+01,0.000000000000000000e+00,0.000000000000000000e+00
3.564767670975457037e+01,0.000000000000000000e+00,0.000000000000000000e+00
3.711639994891532979e+01,0.000000000000000000e+00,0.000000000000000000e+00
3.763683345109663492e+01,0.000000000000000000e+00,0.000000000000000000e+00
3.968637542385150141e+01,0.000000000000000000e+00,0.000000000000000000e+00
3.796728652152832950e+01,0.000000000000000000e+00,0.000000000000000000e+00
3.606067337773252746e+01,0.000000000000000000e+00,0.000000000000000000e+00
4.008606884117571667e+01,0.000000000000000000e+00,0.000000000000000000e+00
3.674512358063235951e+01,0.000000000000000000e+00,0.000000000000000000e+00
3.955560710458362195e+01,0.000000000000000000e+00,0.000000000000000000e+00
3.764817597158074136e+01,0.000000000000000000e+00,0.000000000000000000e+00
3.606513925669652565e+01,0.000000000000000000e+00,0.000000000000000000e+00
3.795667586511624592e+01,0.000000000000000000e+00,0.000000000000000000e+00
3.988342803364298561e+01,0.000000000000000000e+00,0.000000000000000000e+00
3.779426924626063311e+01,1.000000000000000000e+00,0.000000000000000000e+00
3.384377753509361497e+01,1.000000000000000000e+00,0.000000000000000000e+00
3.365548395179649077e+01,1.000000000000000000e+00,0.000000000000000000e+00
3.725351163618920936e+01,1.000000000000000000e+00,0.000000000000000000e+00
3.533884521274116253e+01,1.000000000000000000e+00,0.000000000000000000e+00
3.964883748308411526e+01,1.000000000000000000e+00,0.000000000000000000e+00
3.989224684411114907e+01,1.000000000000000000e+00,0.000000000000000000e+00
3.644755799214705405e+01,1.000000000000000000e+00,0.000000000000000000e+00
3.815125799808466667e+01,1.000000000000000000e+00,0.000000000000000000e+00
3.577621157365546622e+01,1.000000000000000000e+00,0.000000000000000000e+00
3.650152130471441581e+01,1.000000000000000000e+00,0.000000000000000000e+00
3.868538534887109392e+01,1.000000000000000000e+00,0.000000000000000000e+00
3.805335350004990147e+01,1.000000000000000000e+00,0.000000000000000000e+00
3.812406936157259452e+01,1.000000000000000000e+00,0.000000000000000000e+00
4.025190100385551517e+01,1.000000000000000000e+00,0.000000000000000000e+00
3.903190325266615446e+01,1.000000000000000000e+00,0.000000000000000000e+00
4.108134959661050090e+01,1.000000000000000000e+00,0.000000000000000000e+00
4.182178231967093751e+01,1.000000000000000000e+00,0.000000000000000000e+00
3.974062232051970511e+01,1.000000000000000000e+00,0.000000000000000000e+00
3.897935430026605985e+01,1.000000000000000000e+00,0.000000000000000000e+00
3.857834766360321055e+01,1.000000000000000000e+00,0.000000000000000000e+00
4.012200961724426662e+01,1.000000000000000000e+00,0.000000000000000000e+00
4.054534376082353475e+01,1.000000000000000000e+00,0.000000000000000000e+00
3.854694255706580464e+01,1.000000000000000000e+00,0.000000000000000000e+00
3.880398839297948399e+01,1.000000000000000000e+00,0.000000000000000000e+00
3.909358521375732209e+01,1.000000000000000000e+00,0.000000000000000000e+00
4.080121020817537669e+01,1.000000000000000000e+00,0.000000000000000000e+00
4.120592356720383975e+01,1.000000000000000000e+00,0.000000000000000000e+00
3.992720153397873872e+01,1.000000000000000000e+00,0.000000000000000000e+00
4.096873038767728303e+01,1.000000000000000000e+00,0.000000000000000000e+00
3.826393654660078880e+01,1.000000000000000000e+00,0.000000000000000000e+00
4.024405634377033181e+01,1.000000000000000000e+00,0.000000000000000000e+00
3.597305379527618641e+01,1.000000000000000000e+00,0.000000000000000000e+00
3.799835270853095182e+01,1.000000000000000000e+00,0.000000000000000000e+00
4.309362714001463956e+01,1.000000000000000000e+00,0.000000000000000000e+00
4.158962263880473387e+01,1.000000000000000000e+00,0.000000000000000000e+00
4.158523534867780569e+01,1.000000000000000000e+00,0.000000000000000000e+00
4.165050385184910198e+01,1.000000000000000000e+00,0.000000000000000000e+00
4.075330080662445198e+01,1.000000000000000000e+00,0.000000000000000000e+00
3.981897815106592020e+01,1.000000000000000000e+00,0.000000000000000000e+00
4.258305061942981951e+01,1.000000000000000000e+00,0.000000000000000000e+00
4.247421835839269733e+01,1.000000000000000000e+00,0.000000000000000000e+00
4.237485727687138848e+01,1.000000000000000000e+00,0.000000000000000000e+00
4.110389733747825147e+01,1.000000000000000000e+00,0.000000000000000000e+00
3.946060965176410917e+01,1.000000000000000000e+00,0.000000000000000000e+00
3.965552882181842165e+01,1.000000000000000000e+00,1.000000000000000000e+00
4.548756180817617434e+01,1.000000000000000000e+00,1.000000000000000000e+00
4.113086216573609022e+01,1.000000000000000000e+00,1.000000000000000000e+00
4.304930742942599409e+01,1.000000000000000000e+00,1.000000000000000000e+00
4.240223003889450126e+01,1.000000000000000000e+00,1.000000000000000000e+00
4.563601969136119152e+01,1.000000000000000000e+00,1.000000000000000000e+00
4.241827593534794971e+01,1.000000000000000000e+00,1.000000000000000000e+00
4.107363106234475936e+01,1.000000000000000000e+00,1.000000000000000000e+00
4.431851223709543319e+01,1.000000000000000000e+00,1.000000000000000000e+00
3.935205823323337171e+01,1.000000000000000000e+00,1.000000000000000000e+00
4.560582283462758113e+01,1.000000000000000000e+00,1.000000000000000000e+00
4.291137187672322995e+01,1.000000000000000000e+00,1.000000000000000000e+00
4.190238433152224218e+01,1.000000000000000000e+00,1.000000000000000000e+00
4.391095504127206794e+01,1.000000000000000000e+00,1.000000000000000000e+00
4.347800600489750877e+01,1.000000000000000000e+00,1.000000000000000000e+00
4.553546538603935545e+01,1.000000000000000000e+00,1.000000000000000000e+00
4.201006233761651032e+01,1.000000000000000000e+00,1.000000000000000000e+00
4.132789936908487505e+01,1.000000000000000000e+00,1.000000000000000000e+00
4.452433932489181956e+01,1.000000000000000000e+00,1.000000000000000000e+00
4.596416904944358350e+01,1.000000000000000000e+00,1.000000000000000000e+00
4.437457819951814031e+01,1.000000000000000000e+00,1.000000000000000000e+00
4.353700634200105668e+01,1.000000000000000000e+00,1.000000000000000000e+00
4.872570903150166544e+01,1.000000000000000000e+00,1.000000000000000000e+00
4.556227351452285035e+01,1.000000000000000000e+00,1.000000000000000000e+00
4.501195554143784960e+01,1.000000000000000000e+00,1.000000000000000000e+00
4.243523508972690195e+01,1.000000000000000000e+00,1.000000000000000000e+00
4.419900342443577301e+01,1.000000000000000000e+00,1.000000000000000000e+00
4.226450883759157051e+01,1.000000000000000000e+00,1.000000000000000000e+00
4.820552962196578051e+01,1.000000000000000000e+00,1.000000000000000000e+00
4.637843989217248719e+01,1.000000000000000000e+00,1.000000000000000000e+00
4.397185822673677791e+01,1.000000000000000000e+00,1.000000000000000000e+00
5.060324352083427613e+01,1.000000000000000000e+00,1.000000000000000000e+00
4.611423829049338963e+01,1.000000000000000000e+00,1.000000000000000000e+00
4.578351111505924820e+01,1.000000000000000000e+00,1.000000000000000000e+00
4.522848574239213804e+01,1.000000000000000000e+00,1.000000000000000000e+00
4.718942866857413776e+01,1.000000000000000000e+00,1.000000000000000000e+00
4.662355678985343843e+01,1.000000000000000000e+00,1.000000000000000000e+00
4.335086003685115941e+01,1.000000000000000000e+00,1.000000000000000000e+00
4.728444045216413372e+01,1.000000000000000000e+00,1.000000000000000000e+00
4.459281805067801230e+01,1.000000000000000000e+00,1.000000000000000000e+00
5.028486533309855133e+01,1.000000000000000000e+00,1.000000000000000000e+00
4.552819332406624397e+01,1.000000000000000000e+00,1.000000000000000000e+00
4.490592189797603595e+01,1.000000000000000000e+00,1.000000000000000000e+00
4.785162072112823495e+01,1.000000000000000000e+00,1.000000000000000000e+00
4.614180825537208364e+01,1.000000000000000000e+00,2.000000000000000000e+00
4.712680881405882616e+01,1.000000000000000000e+00,2.000000000000000000e+00
4.633610516552982261e+01,1.000000000000000000e+00,2.000000000000000000e+00
4.582612756574300761e+01,1.000000000000000000e+00,2.000000000000000000e+00
4.889009858881353665e+01,1.000000000000000000e+00,2.000000000000000000e+00
4.612346322913987251e+01,1.000000000000000000e+00,2.000000000000000000e+00
5.033913743038014132e+01,1.000000000000000000e+00,2.000000000000000000e+00
4.758172705226147770e+01,1.000000000000000000e+00,2.000000000000000000e+00
4.455792407241487751e+01,1.000000000000000000e+00,2.000000000000000000e+00
4.854554115726150343e+01,1.000000000000000000e+00,2.000000000000000000e+00
4.599099532149452330e+01,1.000000000000000000e+00,2.000000000000000000e+00
4.946383927129742375e+01,1.000000000000000000e+00,2.000000000000000000e+00
4.618346642113647960e+01,1.000000000000000000e+00,2.000000000000000000e+00
4.653367224299942251e+01,1.000000000000000000e+00,2.000000000000000000e+00
4.862473258466336290e+01,1.000000000000000000e+00,2.000000000000000000e+00
4.380497364182813413e+01,1.000000000000000000e+00,2.000000000000000000e+00
4.852760569436632920e+01,1.000000000000000000e+00,2.000000000000000000e+00
4.924346677324325583e+01,1.000000000000000000e+00,2.000000000000000000e+00
4.909101537664732007e+01,1.000000000000000000e+00,2.000000000000000000e+00
4.891723299383787094e+01,1.000000000000000000e+00,2.000000000000000000e+00
4.764104328358846629e+01,1.000000000000000000e+00,2.000000000000000000e+00
4.874993965706219967e+01,1.000000000000000000e+00,2.000000000000000000e+00
4.733155562008314376e+01,1.000000000000000000e+00,2.000000000000000000e+00
4.792791644326211298e+01,1.000000000000000000e+00,2.000000000000000000e+00
4.980273146818558416e+01,1.000000000000000000e+00,2.000000000000000000e+00
4.941688328912822925e+01,1.000000000000000000e+00,2.000000000000000000e+00
4.848968375783809392e+01,1.000000000000000000e+00,2.000000000000000000e+00
4.948618467463259663e+01,1.000000000000000000e+00,2.000000000000000000e+00
4.797206153561449327e+01,1.000000000000000000e+00,2.000000000000000000e+00
5.544936602811167603e+01,1.000000000000000000e+00,2.000000000000000000e+00
4.947476558493000454e+01,1.000000000000000000e+00,2.000000000000000000e+00
5.252802343174072774e+01,1.000000000000000000e+00,2.000000000000000000e+00
5.185621495684736004e+01,1.000000000000000000e+00,2.000000000000000000e+00
4.879233206601206518e+01,1.000000000000000000e+00,2.000000000000000000e+00
4.573071314518063701e+01,1.000000000000000000e+00,2.000000000000000000e+00
5.158648992420557988e+01,1.000000000000000000e+00,2.000000000000000000e+00
5.106535384370899067e+01,1.000000000000000000e+00,2.000000000000000000e+00
4.891265128531650674e+01,1.000000000000000000e+00,2.000000000000000000e+00
4.838467427931797005e+01,1.000000000000000000e+00,2.000000000000000000e+00
5.269339644162964476e+01,1.000000000000000000e+00,2.000000000000000000e+00
5.354775514953912108e+01,1.000000000000000000e+00,2.000000000000000000e+00
5.044214088807257923e+01,1.000000000000000000e+00,2.000000000000000000e+00
5.256566448740411346e+01,1.000000000000000000e+00,2.000000000000000000e+00
5.063802003759813175e+01,1.000000000000000000e+00,2.000000000000000000e+00
5.207763701642799958e+01,1.000000000000000000e+00,2.000000000000000000e+00
5.034224499158344202e+01,1.000000000000000000e+00,3.000000000000000000e+00
5.295912296338718761e+01,1.000000000000000000e+00,3.000000000000000000e+00
5.019407430516253754e+01,1.000000000000000000e+00,3.000000000000000000e+00
5.063539115305605520e+01,1.000000000000000000e+00,3.000000000000000000e+00
5.269922530258585169e+01,1.000000000000000000e+00,3.000000000000000000e+00
5.340406906803814735e+01,1.000000000000000000e+00,3.000000000000000000e+00
5.273945999584974942e+01,1.000000000000000000e+00,3.000000000000000000e+00
5.160620772947618207e+01,1.000000000000000000e+00,3.000000000000000000e+00
5.034990900742383957e+01,1.000000000000000000e+00,3.000000000000000000e+00
5.224047144936024978e+01,1.000000000000000000e+00,3.000000000000000000e+00
5.167375412586503103e+01,1.000000000000000000e+00,3.000000000000000000e+00
5.463902371777313505e+01,1.000000000000000000e+00,3.000000000000000000e+00
4.851125492679511808e+01,1.000000000000000000e+00,3.000000000000000000e+00
5.170336168148570977e+01,1.000000000000000000e+00,3.000000000000000000e+00
5.212318798311171975e+01,1.000000000000000000e+00,3.000000000000000000e+00
5.174545646577166735e+01,1.000000000000000000e+00,3.000000000000000000e+00
4.987873919975862691e+01,1.000000000000000000e+00,3.000000000000000000e+00
4.970993937676663421e+01,1.000000000000000000e+00,3.000000000000000000e+00
5.215443935262202046e+01,1.000000000000000000e+00,3.000000000000000000e+00
5.428296733288598830e+01,1.000000000000000000e+00,3.000000000000000000e+00
5.498353015073404038e+01,1.000000000000000000e+00,3.000000000000000000e+00
5.399684564158818745e+01,1.000000000000000000e+00,3.000000000000000000e+00
5.664446376107926540e+01,1.000000000000000000e+00,3.000000000000000000e+00
5.027296901266280571e+01,1.000000000000000000e+00,3.000000000000000000e+00
5.208424184525793521e+01,1.000000000000000000e+00,3.000000000000000000e+00
5.506162479278472688e+01,1.000000000000000000e+00,3.000000000000000000e+00
5.353061085070701353e+01,1.000000000000000000e+00,3.000000000000000000e+00
5.281532570246374547e+01,1.000000000000000000e+00,3.000000000000000000e+00
5.324008161314483090e+01,1.000000000000000000e+00,3.000000000000000000e+00
5.416175968955619879e+01,1.000000000000000000e+00,3.000000000000000000e+00
5.727570073725954813e+01,1.000000000000000000e+00,3.000000000000000000e+00
5.628334076729179714e+01,1.000000000000000000e+00,3.000000000000000000e+00
5.499715916359847512e+01,1.000000000000000000e+00,3.000000000000000000e+00
5.428300932433316461e+01,1.000000000000000000e+00,3.000000000000000000e+00
5.726981140216271626e+01,1.000000000000000000e+00,3.000000000000000000e+00
5.235290608213162500e+01,1.000000000000000000e+00,3.000000000000000000e+00
5.496183108787150218e+01,1.000000000000000000e+00,3.000000000000000000e+00
5.512920895931220144e+01,1.000000000000000000e+00,3.000000000000000000e+00
5.545572333502562401e+01,1.000000000000000000e+00,3.000000000000000000e+00
5.593381703399821703e+01,1.000000000000000000e+00,3.000000000000000000e+00
5.280154850245775577e+01,1.000000000000000000e+00,3.000000000000000000e+00
5.584256014087804232e+01,1.000000000000000000e+00,3.000000000000000000e+00
5.240317825041000788e+01,1.000000000000000000e+00,3.000000000000000000e+00
5.460153149898123104e+01,1.000000000000000000e+00,3.000000000000000000e+00
5.502275211879855021e+01,1.000000000000000000e+00,4.000000000000000000e+00
5.501242075727316916e+01,1.000000000000000000e+00,4.000000000000000000e+00
5.407606065930858819e+01,1.000000000000000000e+00,4.000000000000000000e+00
5.463771536070152735e+01,1.000000000000000000e+00,4.000000000000000000e+00
5.637277728974615343e+01,1.000000000000000000e+00,4.000000000000000000e+00
5.435572188174857189e+01,1.000000000000000000e+00,4.000000000000000000e+00
5.342320634232788734e+01,1.000000000000000000e+00,4.000000000000000000e+00
5.565627384041372494e+01,1.000000000000000000e+00,4.000000000000000000e+00
5.652085566934176342e+01,1.000000000000000000e+00,4.000000000000000000e+00
5.491401137401572896e+01,1.000000000000000000e+00,4.000000000000000000e+00
5.446045400101532863e+01,1.000000000000000000e+00,4.000000000000000000e+00
6.013597652351339917e+01,1.000000000000000000e+00,4.000000000000000000e+00
5.521342369255928872e+01,1.000000000000000000e+00,4.000000000000000000e+00
5.712136464916950018e+01,1.000000000000000000e+00,4.000000000000000000e+00
5.619070894067686339e+01,1.000000000000000000e+00,4.000000000000000000e+00
5.665455805029803571e+01,1.000000000000000000e+00,4.000000000000000000e+00
6.102813905850702270e+01,1.000000000000000000e+00,4.000000000000000000e+00
5.955081541222693886e+01,1.000000000000000000e+00,4.000000000000000000e+00
5.722006229578891379e+01,1.000000000000000000e+00,4.000000000000000000e+00
5.566881646388476668e+01,1.000000000000000000e+00,4.000000000000000000e+00
5.713158369213294918e+01,1.000000000000000000e+00,4.000000000000000000e+00
5.951621991344514129e+01,1.000000000000000000e+00,4.000000000000000000e+00
5.511073922375221912e+01,1.000000000000000000e+00,4.000000000000000000e+00
6.040202264372548768e+01,1.000000000000000000e+00,4.000000000000000000e+00
5.906992554579839805e+01,1.000000000000000000e+00,4.000000000000000000e+00
5.844075104619099648e+01,1.000000000000000000e+00,4.000000000000000000e+00
5.615445738949742349e+01,1.000000000000000000e+00,4.000000000000000000e+00
5.609692946712124240e+01,1.000000000000000000e+00,4.000000000000000000e+00
5.777027997037883722e+01,1.000000000000000000e+00,4.000000000000000000e+00
5.919408905852393588e+01,1.000000000000000000e+00,4.000000000000000000e+00
6.011320828617125045e+01,1.000000000000000000e+00,4.000000000000000000e+00
6.166858079751605004e+01,1.000000000000000000e+00,4.000000000000000000e+00
5.801934396063828103e+01,1.000000000000000000e+00,4.000000000000000000e+00
5.654519809157806520e+01,1.000000000000000000e+00,4.000000000000000000e+00
5.520971762392915139e+01,1.000000000000000000e+00,4.000000000000000000e+00
6.158327654808658735e+01,1.000000000000000000e+00,4.000000000000000000e+00
5.849327952127441677e+01,1.000000000000000000e+00,4.000000000000000000e+00
6.061847258633751068e+01,1.000000000000000000e+00,4.000000000000000000e+00
6.176992697780702457e+01,1.000000000000000000e+00,4.000000000000000000e+00
6.054432039611503313e+01,1.000000000000000000e+00,4.000000000000000000e+00
6.147295125237646829e+01,1.000000000000000000e+00,4.000000000000000000e+00
5.711490784672609067e+01,1.000000000000000000e+00,4.000000000000000000e+00
6.156047099054146088e+01,1.000000000000000000e+00,4.000000000000000000e+00
6.260610486256809537e+01,1.000000000000000000e+00,4.000000000000000000e+00
5.848164639968484124e+01,1.000000000000000000e+00,4.000000000000000000e+00
5.741080960709986414e+01,1.000000000000000000e+00,5.000000000000000000e+00
6.421949940918395328e+01,1.000000000000000000e+00,5.000000000000000000e+00
5.974795040338096896e+01,1.000000000000000000e+00,5.000000000000000000e+00
5.994576903557030079e+01,1.000000000000000000e+00,5.000000000000000000e+00
6.299610298447164070e+01,1.000000000000000000e+00,5.000000000000000000e+00
6.259724312327466578e+01,1.000000000000000000e+00,5.000000000000000000e+00
6.185671086957618314e+01,1.000000000000000000e+00,5.000000000000000000e+00
6.153191419150338248e+01,1.000000000000000000e+00,5.000000000000000000e+00
5.872934313724516642e+01,1.000000000000000000e+00,5.000000000000000000e+00
6.499575612186814055e+01,1.000000000000000000e+00,5.000000000000000000e+00
6.223573474138991912e+01,1.000000000000000000e+00,5.000000000000000000e+00
6.043024137824192366e+01,1.000000000000000000e+00,5.000000000000000000e+00
6.430960296266363230e+01,1.000000000000000000e+00,5.000000000000000000e+00
6.212330903861128917e+01,1.000000000000000000e+00,5.000000000000000000e+00
6.526865138782565623e+01,1.000000000000000000e+00,5.000000000000000000e+00
6.385791629065258945e+01,1.000000000000000000e+00,5.000000000000000000e+00
6.270825826753392107e+01,1.000000000000000000e+00,5.000000000000000000e+00
6.150898604250791379e+01,1.000000000000000000e+00,5.000000000000000000e+00
6.194062653620794379e+01,1.000000000000000000e+00,5.000000000000000000e+00
6.346195443892884214e+01,1.000000000000000000e+00,5.000000000000000000e+00
6.170080479294401243e+01,1.000000000000000000e+00,5.000000000000000000e+00
6.200615837305451095e+01,1.000000000000000000e+00,5.000000000000000000e+00
6.368944864746123358e+01,1.000000000000000000e+00,5.000000000000000000e+00
6.108176338564356200e+01,1.000000000000000000e+00,5.000000000000000000e+00
6.090689919822217746e+01,1.000000000000000000e+00,5.000000000000000000e+00
6.178588089786544657e+01,1.000000000000000000e+00,5.000000000000000000e+00
6.168231745432812119e+01,1.000000000000000000e+00,5.000000000000000000e+00
6.279746800265876061e+01,1.000000000000000000e+00,5.000000000000000000e+00
6.484129655701890727e+01,1.000000000000000000e+00,5.000000000000000000e+00
6.450614370874183123e+01,1.000000000000000000e+00,5.000000000000000000e+00
6.339988942099474656e+01,1.000000000000000000e+00,5.000000000000000000e+00
6.156846867065701900e+01,1.000000000000000000e+00,5.000000000000000000e+00
6.358876097785002202e+01,1.000000000000000000e+00,5.000000000000000000e+00
6.111240012779558128e+01,1.000000000000000000e+00,5.000000000000000000e+00
6.590804401736340878e+01,1.000000000000000000e+00,5.000000000000000000e+00
6.261807426550569033e+01,1.000000000000000000e+00,5.000000000000000000e+00
6.677613888494721550e+01,1.000000000000000000e+00,5.000000000000000000e+00
6.090085267167415140e+01,1.000000000000000000e+00,5.000000000000000000e+00
6.536020396746347672e+01,1.000000000000000000e+00,5.000000000000000000e+00
6.568229947778502265e+01,1.000000000000000000e+00,5.000000000000000000e+00
6.229878481614500174e+01,1.000000000000000000e+00,5.000000000000000000e+00
6.424892501023980174e+01,1.000000000000000000e+00,5.000000000000000000e+00
6.527331210242451220e+01,1.000000000000000000e+00,5.000000000000000000e+00
6.823127633925862767e+01,1.000000000000000000e+00,5.000000000000000000e+00
6.544408899856344419e+01,1.000000000000000000e+00,6.000000000000000000e+00
6.444302375691904672e+01,1.000000000000000000e+00,6.000000000000000000e+00
6.567904157862348313e+01,1.000000000000000000e+00,6.000000000000000000e+00
6.314946080599500533e+01,1.000000000000000000e+00,6.000000000000000000e+00
6.713644941912397712e+01,1.000000000000000000e+00,6.000000000000000000e+00
6.419799158283052520e+01,1.000000000000000000e+00,6.000000000000000000e+00
6.505719723537870891e+01,1.000000000000000000e+00,6.000000000000000000e+00
6.812097423848626931e+01,1.000000000000000000e+00,6.000000000000000000e+00
6.502840228862226013e+01,1.000000000000000000e+00,6.000000000000000000e+00
6.489138438591967883e+01,1.000000000000000000e+00,6.000000000000000000e+00
7.164301191522010015e+01,1.000000000000000000e+00,6.000000000000000000e+00
6.340392103534958324e+01,1.000000000000000000e+00,6.000000000000000000e+00
6.918365706951770733e+01,1.000000000000000000e+00,6.000000000000000000e+00
6.654915807578244369e+01,1.000000000000000000e+00,6.000000000000000000e+00
6.956444718879242828e+01,1.000000000000000000e+00,6.000000000000000000e+00
6.228036988441040478e+01,1.000000000000000000e+00,6.000000000000000000e+00
6.702593621431284987e+01,1.000000000000000000e+00,6.000000000000000000e+00
6.837481472688261874e+01,1.000000000000000000e+00,6.000000000000000000e+00
6.666177029157123002e+01,1.000000000000000000e+00,6.000000000000000000e+00
6.465415818026932016e+01,1.000000000000000000e+00,6.000000000000000000e+00
6.391266736365517431e+01,1.000000000000000000e+00,6.000000000000000000e+00
6.790923709105518924e+01,1.000000000000000000e+00,6.000000000000000000e+00
6.699833695988269255e+01,1.000000000000000000e+00,6.000000000000000000e+00
6.639124748671775933e+01,1.000000000000000000e+00,6.000000000000000000e+00
6.817956369822098850e+01,1.000000000000000000e+00,6.000000000000000000e+00
6.855820890360419639e+01,1.000000000000000000e+00,6.000000000000000000e+00
6.218684460530613478e+01,1.000000000000000000e+00,6.000000000000000000e+00
6.782686826730426333e+01,1.000000000000000000e+00,6.000000000000000000e+00
6.593182080436127990e+01,1.000000000000000000e+00,6.000000000000000000e+00
6.688365983786509616e+01,1.000000000000000000e+00,6.000000000000000000e+00
6.527516034343906881e+01,1.000000000000000000e+00,6.000000000000000000e+00
6.873590166193505979e+01,1.000000000000000000e+00,6.000000000000000000e+00
6.753851813576933694e+01,1.000000000000000000e+00,6.000000000000000000e+00
6.832251587760740108e+01,1.000000000000000000e+00,6.000000000000000000e+00
7.046977752466774803e+01,1.000000000000000000e+00,6.000000000000000000e+00
6.742972075265497267e+01,1.000000000000000000e+00,6.000000000000000000e+00
6.738465094364067909e+01,1.000000000000000000e+00,6.000000000000000000e+00
6.718783614518113723e+01,1.000000000000000000e+00,6.000000000000000000e+00
6.610924173012574556e+01,1.000000000000000000e+00,6.000000000000000000e+00
6.819210400687984475e+01,1.000000000000000000e+00,6.000000000000000000e+00
6.742332800381036861e+01,1.000000000000000000e+00,6.000000000000000000e+00
6.655982173852197548e+01,1.000000000000000000e+00,6.000000000000000000e+00
6.743837511722398403e+01,1.000000000000000000e+00,6.000000000000000000e+00
6.824880351276171098e+01,1.000000000000000000e+00,6.000000000000000000e+00
7.024699905454596660e+01,1.000000000000000000e+00,6.000000000000000000e+00
7.039633304076126308e+01,1.000000000000000000e+00,7.000000000000000000e+00
7.204101114983643583e+01,1.000000000000000000e+00,7.000000000000000000e+00
6.845280744115484595e+01,1.000000000000000000e+00,7.000000000000000000e+00
6.587421601563528384e+01,1.000000000000000000e+00,7.000000000000000000e+00
6.979932133083610779e+01,1.000000000000000000e+00,7.000000000000000000e+00
6.958578850778536662e+01,1.000000000000000000e+00,7.000000000000000000e+00
7.113006568471271862e+01,1.000000000000000000e+00,7.000000000000000000e+00
7.431101217143498161e+01,1.000000000000000000e+00,7.000000000000000000e+00
7.174462441042921057e+01,1.000000000000000000e+00,7.000000000000000000e+00
7.389340339568397553e+01,1.000000000000000000e+00,7.000000000000000000e+00
6.893424410437719985e+01,1.000000000000000000e+00,7.000000000000000000e+00
7.064799768732353868e+01,1.000000000000000000e+00,7.000000000000000000e+00
7.019004495606382932e+01,1.000000000000000000e+00,7.000000000000000000e+00
7.136643738447118324e+01,1.000000000000000000e+00,7.000000000000000000e+00
7.143589777123271745e+01,1.000000000000000000e+00,7.000000000000000000e+00
7.245578307726194112e+01,1.000000000000000000e+00,7.000000000000000000e+00
7.302698835970652169e+01,1.000000000000000000e+00,7.000000000000000000e+00
7.043903476014818921e+01,1.000000000000000000e+00,7.000000000000000000e+00
7.479120272449613083e+01,1.000000000000000000e+00,7.000000000000000000e+00
6.887597972862803886e+01,1.000000000000000000e+00,7.000000000000000000e+00
6.960812360102573848e+01,1.000000000000000000e+00,7.000000000000000000e+00
7.186166745662742983e+01,1.000000000000000000e+00,7.000000000000000000e+00
6.803121906669014152e+01,1.000000000000000000e+00,7.000000000000000000e+00
6.800490128999173578e+01,1.000000000000000000e+00,7.000000000000000000e+00
6.875349704030901421e+01,1.000000000000000000e+00,7.000000000000000000e+00
7.074416410112901588e+01,1.000000000000000000e+00,7.000000000000000000e+00
7.432684971258080964e+01,1.000000000000000000e+00,7.000000000000000000e+00
6.859035883594476957e+01,1.000000000000000000e+00,7.000000000000000000e+00
7.327533778703556777e+01,1.000000000000000000e+00,7.000000000000000000e+00
7.100332835406403831e+01,1.000000000000000000e+00,7.000000000000000000e+00
7.629568465639636088e+01,1.000000000000000000e+00,7.000000000000000000e+00
7.141203846190769866e+01,1.000000000000000000e+00,7.000000000000000000e+00
7.479307816083418459e+01,1.000000000000000000e+00,7.000000000000000000e+00
7.360670639427345918e+01,1.000000000000000000e+00,7.000000000000000000e+00
7.503448065188916871e+01,1.000000000000000000e+00,7.000000000000000000e+00
7.354784950864230098e+01,1.000000000000000000e+00,7.000000000000000000e+00
7.096143730652059389e+01,1.000000000000000000e+00,7.000000000000000000e+00
7.216804691198716171e+01,1.000000000000000000e+00,7.000000000000000000e+00
7.445208471088470503e+01,1.000000000000000000e+00,7.000000000000000000e+00
7.366518384084180582e+01,1.000000000000000000e+00,7.000000000000000000e+00
7.400130503494396805e+01,1.000000000000000000e+00,7.000000000000000000e+00
7.017461991643325803e+01,1.000000000000000000e+00,7.000000000000000000e+00
7.016522338392420011e+01,1.000000000000000000e+00,7.000000000000000000e+00
7.422051309569687305e+01,1.000000000000000000e+00,7.000000000000000000e+00
7.355232161519685974e+01,1.000000000000000000e+00,8.000000000000000000e+00
7.262612417927147135e+01,1.000000000000000000e+00,8.000000000000000000e+00
6.956758916564120909e+01,1.000000000000000000e+00,8.000000000000000000e+00
6.971150924771667690e+01,1.000000000000000000e+00,8.000000000000000000e+00
7.239982781113073429e+01,1.000000000000000000e+00,8.000000000000000000e+00
7.347610143756683954e+01,1.000000000000000000e+00,8.000000000000000000e+00
7.752671761904825587e+01,1.000000000000000000e+00,8.000000000000000000e+00
7.235712407989056771e+01,1.000000000000000000e+00,8.000000000000000000e+00
7.324745373131557358e+01,1.000000000000000000e+00,8.000000000000000000e+00
7.389722610024185201e+01,1.000000000000000000e+00,8.000000000000000000e+00
7.544621010039098508e+01,1.000000000000000000e+00,8.000000000000000000e+00
7.669411866834312264e+01,1.000000000000000000e+00,8.000000000000000000e+00
7.006882695779776782e+01,1.000000000000000000e+00,8.000000000000000000e+00
7.416536538307073556e+01,1.000000000000000000e+00,8.000000000000000000e+00
7.392227363821174890e+01,1.000000000000000000e+00,8.000000000000000000e+00
7.716228609425827756e+01,1.000000000000000000e+00,8.000000000000000000e+00
7.771964481044146567e+01,1.000000000000000000e+00,8.000000000000000000e+00
7.689783169468721269e+01,1.000000000000000000e+00,8.000000000000000000e+00
7.635754799148210736e+01,1.000000000000000000e+00,8.000000000000000000e+00
7.746321943637359198e+01,1.000000000000000000e+00,8.000000000000000000e+00
7.964758222571600754e+01,1.000000000000000000e+00,8.000000000000000000e+00
7.656762434613727919e+01,1.000000000000000000e+00,8.000000000000000000e+00
7.754265848075131373e+01,1.000000000000000000e+00,8.000000000000000000e+00
7.481592195563010250e+01,1.000000000000000000e+00,8.000000000000000000e+00
7.470242334151669183e+01,1.000000000000000000e+00,8.000000000000000000e+00
7.190277666108198673e+01,1.000000000000000000e+00,8.000000000000000000e+00
7.378903920112297499e+01,1.000000000000000000e+00,8.000000000000000000e+00
7.899197487916849525e+01,1.000000000000000000e+00,8.000000000000000000e+00
7.554977198682728101e+01,1.000000000000000000e+00,8.000000000000000000e+00
7.562995917439948812e+01,1.000000000000000000e+00,8.000000000000000000e+00
7.638002893222261491e+01,1.000000000000000000e+00,8.000000000000000000e+00
7.546819861860166156e+01,1.000000000000000000e+00,8.000000000000000000e+00
7.549129742487423300e+01,1.000000000000000000e+00,8.000000000000000000e+00
7.411747235115781507e+01,1.000000000000000000e+00,8.000000000000000000e+00
7.617532423931918117e+01,1.000000000000000000e+00,8.000000000000000000e+00
7.981873702060481435e+01,1.000000000000000000e+00,8.000000000000000000e+00
7.762132724567177888e+01,1.000000000000000000e+00,8.000000000000000000e+00
7.501517448224953455e+01,1.000000000000000000e+00,8.000000000000000000e+00
7.345061712156696387e+01,1.000000000000000000e+00,8.000000000000000000e+00
7.901667017061039644e+01,1.000000000000000000e+00,8.000000000000000000e+00
7.530841366035146223e+01,1.000000000000000000e+00,8.000000000000000000e+00
7.800669111429758118e+01,1.000000000000000000e+00,8.000000000000000000e+00
7.636917768707795062e+01,1.000000000000000000e+00,8.000000000000000000e+00
7.681068140154579282e+01,1.000000000000000000e+00,8.000000000000000000e+00
8.184462261131069738e+01,1.000000000000000000e+00,9.000000000000000000e+00
7.884745738887289690e+01,1.000000000000000000e+00,9.000000000000000000e+00
7.725851946919208046e+01,1.000000000000000000e+00,9.000000000000000000e+00
7.867457287245981945e+01,1.000000000000000000e+00,9.000000000000000000e+00
7.760967055201771814e+01,1.000000000000000000e+00,9.000000000000000000e+00
7.901185290647225656e+01,1.000000000000000000e+00,9.000000000000000000e+00
8.048273604862870911e+01,1.000000000000000000e+00,9.000000000000000000e+00
8.080779432416861141e+01,1.000000000000000000e+00,9.000000000000000000e+00
7.753342619489328058e+01,1.000000000000000000e+00,9.000000000000000000e+00
8.097253695016418362e+01,1.000000000000000000e+00,9.000000000000000000e+00
7.649779770846336646e+01,1.000000000000000000e+00,9.000000000000000000e+00
7.701099070973157268e+01,1.000000000000000000e+00,9.000000000000000000e+00
7.666989428372826865e+01,1.000000000000000000e+00,9.000000000000000000e+00
7.680333119107567086e+01,1.000000000000000000e+00,9.000000000000000000e+00
7.583085855677711606e+01,1.000000000000000000e+00,9.000000000000000000e+00
7.741256531110630590e+01,1.000000000000000000e+00,9.000000000000000000e+00
7.615357910951911435e+01,1.000000000000000000e+00,9.000000000000000000e+00
7.879874167184937050e+01,1.000000000000000000e+00,9.000000000000000000e+00
7.851814828880320363e+01,1.000000000000000000e+00,9.000000000000000000e+00
8.190395118978544531e+01,1.000000000000000000e+00,9.000000000000000000e+00
7.664024435667195689e+01,1.000000000000000000e+00,9.000000000000000000e+00
8.230930432790802342e+01,1.000000000000000000e+00,9.000000000000000000e+00
7.902095052326905034e+01,1.000000000000000000e+00,9.000000000000000000e+00
7.536468015602814319e+01,1.000000000000000000e+00,9.000000000000000000e+00
8.046601483158316626e+01,1.000000000000000000e+00,9.000000000000000000e+00
7.962047096059576745e+01,1.000000000000000000e+00,9.000000000000000000e+00
7.910257595368875627e+01,1.000000000000000000e+00,9.000000000000000000e+00
8.000193249006530039e+01,1.000000000000000000e+00,9.000000000000000000e+00
8.119759032432658330e+01,1.000000000000000000e+00,9.000000000000000000e+00
7.599955518896460660e+01,1.000000000000000000e+00,9.000000000000000000e+00
8.074813286014486380e+01,1.000000000000000000e+00,9.000000000000000000e+00
8.129345492655230032e+01,1.000000000000000000e+00,9.000000000000000000e+00
8.007135925021398748e+01,1.000000000000000000e+00,9.000000000000000000e+00
7.915440266772461086e+01,1.000000000000000000e+00,9.000000000000000000e+00
8.102398794496758683e+01,1.000000000000000000e+00,9.000000000000000000e+00
7.639097808655742483e+01,1.000000000000000000e+00,9.000000000000000000e+00
7.784380739028283358e+01,1.000000000000000000e+00,9.000000000000000000e+00
8.272024136435527453e+01,1.000000000000000000e+00,9.000000000000000000e+00
8.255984237696401351e+01,1.000000000000000000e+00,9.000000000000000000e+00
7.852264755525527562e+01,1.000000000000000000e+00,9.000000000000000000e+00
8.184412828731535683e+01,1.000000000000000000e+00,9.000000000000000000e+00
7.814706446821891461e+01,1.000000000000000000e+00,9.000000000000000000e+00
8.214011328188935579e+01,1.000000000000000000e+00,9.000000000000000000e+00
8.043571849446622934e+01,1.000000000000000000e+00,9.000000000000000000e+00
8.200880908203886577e+01,1.000000000000000000e+00,9.000000000000000000e+00
7.754644107113176688e+01,1.000000000000000000e+00,1.000000000000000000e+01
7.880958757060504638e+01,1.000000000000000000e+00,1.000000000000000000e+01
8.297819296660685495e+01,1.000000000000000000e+00,1.000000000000000000e+01
8.048782270520865723e+01,1.000000000000000000e+00,1.000000000000000000e+01
8.386511695216323403e+01,1.000000000000000000e+00,1.000000000000000000e+01
8.168144568186058052e+01,1.000000000000000000e+00,1.000000000000000000e+01
8.201352296665865538e+01,1.000000000000000000e+00,1.000000000000000000e+01
8.341706142091823040e+01,1.000000000000000000e+00,1.000000000000000000e+01
7.871425959009161488e+01,1.000000000000000000e+00,1.000000000000000000e+01
8.359999251929171749e+01,1.000000000000000000e+00,1.000000000000000000e+01
8.235296315518715460e+01,1.000000000000000000e+00,1.000000000000000000e+01
8.396727367654820284e+01,1.000000000000000000e+00,1.000000000000000000e+01
8.030155899059037949e+01,1.000000000000000000e+00,1.000000000000000000e+01
8.348718206439674816e+01,1.000000000000000000e+00,1.000000000000000000e+01
8.250835538966947524e+01,1.000000000000000000e+00,1.000000000000000000e+01
8.065920519334339645e+01,1.000000000000000000e+00,1.000000000000000000e+01
8.031557542867244592e+01,1.000000000000000000e+00,1.000000000000000000e+01
8.108963262020998286e+01,1.000000000000000000e+00,1.000000000000000000e+01
8.029961241857347432e+01,1.000000000000000000e+00,1.000000000000000000e+01
7.733951593676086134e+01,1.000000000000000000e+00,1.000000000000000000e+01
8.465066393437597014e+01,1.000000000000000000e+00,1.000000000000000000e+01
8.396107705461638204e+01,1.000000000000000000e+00,1.000000000000000000e+01
8.187107754158596151e+01,1.000000000000000000e+00,1.000000000000000000e+01
8.548304356357907352e+01,1.000000000000000000e+00,1.000000000000000000e+01
8.314848132638194045e+01,1.000000000000000000e+00,1.000000000000000000e+01
8.345832276866494226e+01,1.000000000000000000e+00,1.000000000000000000e+01
8.400462148418232289e+01,1.000000000000000000e+00,1.000000000000000000e+01
8.370946931315884854e+01,1.000000000000000000e+00,1.000000000000000000e+01
8.511815610588556069e+01,1.000000000000000000e+00,1.000000000000000000e+01
8.288571882162827364e+01,1.000000000000000000e+00,1.000000000000000000e+01
8.692911768609036471e+01,1.000000000000000000e+00,1.000000000000000000e+01
8.290765918317745786e+01,1.000000000000000000e+00,1.000000000000000000e+01
8.102948129381206854e+01,1.000000000000000000e+00,1.000000000000000000e+01
8.664312618618215822e+01,1.000000000000000000e+00,1.000000000000000000e+01
8.359535809596593481e+01,1.000000000000000000e+00,1.000000000000000000e+01
8.220053135869409289e+01,1.000000000000000000e+00,1.000000000000000000e+01
8.688441081942779931e+01,1.000000000000000000e+00,1.000000000000000000e+01
8.576582058142660969e+01,1.000000000000000000e+00,1.000000000000000000e+01
8.122915873655136920e+01,1.000000000000000000e+00,1.000000000000000000e+01
8.560493556559470107e+01,1.000000000000000000e+00,1.000000000000000000e+01
8.364814961241840763e+01,1.000000000000000000e+00,1.000000000000000000e+01
8.299110655455143615e+01,1.000000000000000000e+00,1.000000000000000000e+01
8.268091851246273905e+01,1.000000000000000000e+00,1.000000000000000000e+01
8.582325301514497085e+01,1.000000000000000000e+00,1.000000000000000000e+01
8.101825617127903456e+01,1.000000000000000000e+00,1.100000000000000000e+01
8.261689207138442725e+01,1.000000000000000000e+00,1.100000000000000000e+01
8.533702147414901162e+01,1.000000000000000000e+00,1.100000000000000000e+01
8.618128714896634790e+01,1.000000000000000000e+00,1.100000000000000000e+01
8.428230329171583435e+01,1.000000000000000000e+00,1.100000000000000000e+01
8.384639994321857159e+01,1.000000000000000000e+00,1.100000000000000000e+01
8.524042720640711934e+01,1.000000000000000000e+00,1.100000000000000000e+01
8.485790054772445501e+01,1.000000000000000000e+00,1.100000000000000000e+01
8.295231470973145349e+01,1.000000000000000000e+00,1.100000000000000000e+01
8.599796444778166915e+01,1.000000000000000000e+00,1.100000000000000000e+01
9.063936021413823596e+01,1.000000000000000000e+00,1.100000000000000000e+01
8.482597357984295172e+01,1.000000000000000000e+00,1.100000000000000000e+01
8.648293906535022302e+01,1.000000000000000000e+00,1.100000000000000000e+01
8.392869101421129585e+01,1.000000000000000000e+00,1.100000000000000000e+01
8.321386531298676914e+01,1.000000000000000000e+00,1.100000000000000000e+01
8.761054444133412744e+01,1.000000000000000000e+00,1.100000000000000000e+01
8.362486597590442727e+01,1.000000000000000000e+00,1.100000000000000000e+01
8.341871336782926960e+01,1.000000000000000000e+00,1.100000000000000000e+01
8.550136010135375386e+01,1.000000000000000000e+00,1.100000000000000000e+01
8.751171554953549503e+01,1.000000000000000000e+00,1.100000000000000000e+01
8.456395826057703857e+01,1.000000000000000000e+00,1.100000000000000000e+01
8.724631372078030722e+01,1.000000000000000000e+00,1.100000000000000000e+01
9.014583518126757156e+01,1.000000000000000000e+00,1.100000000000000000e+01
8.613267286667097267e+01,1.000000000000000000e+00,1.100000000000000000e+01
8.518130684495770311e+01,1.000000000000000000e+00,1.100000000000000000e+01
8.343436234178871302e+01,1.000000000000000000e+00,1.100000000000000000e+01
8.686402858575992525e+01,1.000000000000000000e+00,1.100000000000000000e+01
8.547572612754849786e+01,1.000000000000000000e+00,1.100000000000000000e+01
8.560067392711273726e+01,1.000000000000000000e+00,1.100000000000000000e+01
8.526246398861003684e+01,1.000000000000000000e+00,1.100000000000000000e+01
8.383917822640209749e+01,1.000000000000000000e+00,1.100000000000000000e+01
8.770434775983595443e+01,1.000000000000000000e+00,1.100000000000000000e+01
8.677662846534066432e+01,1.000000000000000000e+00,1.100000000000000000e+01
8.731282373245066708e+01,1.000000000000000000e+00,1.100000000000000000e+01
8.414923820323900827e+01,1.000000000000000000e+00,1.100000000000000000e+01
8.493219968858596758e+01,1.000000000000000000e+00,1.100000000000000000e+01
8.846694436501185521e+01,1.000000000000000000e+00,1.100000000000000000e+01
8.488949586818468163e+01,1.000000000000000000e+00,1.100000000000000000e+01
8.530923174119020302e+01,1.000000000000000000e+00,1.100000000000000000e+01
8.938298153335512097e+01,1.000000000000000000e+00,1.100000000000000000e+01
9.027944548053613971e+01,1.000000000000000000e+00,1.100000000000000000e+01
8.907835859458531047e+01,1.000000000000000000e+00,1.100000000000000000e+01
8.830103251927667429e+01,1.000000000000000000e+00,1.100000000000000000e+01
8.545951794670627066e+01,1.000000000000000000e+00,1.100000000000000000e+01
8.560581722485549960e+01,1.000000000000000000e+00,1.100000000000000000e+01
8.578098396728479713e+01,1.000000000000000000e+00,1.200000000000000000e+01
8.751546203050767758e+01,1.000000000000000000e+00,1.200000000000000000e+01
8.693859549003971665e+01,1.000000000000000000e+00,1.200000000000000000e+01
8.677212311521509491e+01,1.000000000000000000e+00,1.200000000000000000e+01
8.677648974691433637e+01,1.000000000000000000e+00,1.200000000000000000e+01
8.945436095475029958e+01,1.000000000000000000e+00,1.200000000000000000e+01
8.849894760219775947e+01,1.000000000000000000e+00,1.200000000000000000e+01
8.677772191192244122e+01,1.000000000000000000e+00,1.200000000000000000e+01
8.774524226706806473e+01,1.000000000000000000e+00,1.200000000000000000e+01
8.669756665465763490e+01,1.000000000000000000e+00,1.200000000000000000e+01
8.965210180373800597e+01,1.000000000000000000e+00,1.200000000000000000e+01
8.961053654568280535e+01,1.000000000000000000e+00,1.200000000000000000e+01
8.718015127287392829e+01,1.000000000000000000e+00,1.200000000000000000e+01
9.003758610347659896e+01,1.000000000000000000e+00,1.200000000000000000e+01
8.715327225242666032e+01,1.000000000000000000e+00,1.200000000000000000e+01
9.052785510861095020e+01,1.000000000000000000e+00,1.200000000000000000e+01
9.036544768631098634e+01,1.000000000000000000e+00,1.200000000000000000e+01
8.729248729523392569e+01,1.000000000000000000e+00,1.200000000000000000e+01
8.721439542690467306e+01,1.000000000000000000e+00,1.200000000000000000e+01
8.887529667226701235e+01,1.000000000000000000e+00,1.200000000000000000e+01
8.731180604641070886e+01,1.000000000000000000e+00,1.200000000000000000e+01
8.930188625817163484e+01,1.000000000000000000e+00,1.200000000000000000e+01
8.853524180609264249e+01,1.000000000000000000e+00,1.200000000000000000e+01
8.729360130469228807e+01,1.000000000000000000e+00,1.200000000000000000e+01
8.919404259339533780e+01,1.000000000000000000e+00,1.200000000000000000e+01
9.017020507470355994e+01,1.000000000000000000e+00,1.200000000000000000e+01
8.832871690778195273e+01,1.000000000000000000e+00,1.200000000000000000e+01
8.823276677632705400e+01,1.000000000000000000e+00,1.200000000000000000e+01
9.057278966078041549e+01,1.000000000000000000e+00,1.200000000000000000e+01
8.947062618961365388e+01,1.000000000000000000e+00,1.200000000000000000e+01
9.311548322224513186e+01,1.000000000000000000e+00,1.200000000000000000e+01
9.052275537993857313e+01,1.000000000000000000e+00,1.200000000000000000e+01
8.990657830912367388e+01,1.000000000000000000e+00,1.200000000000000000e+01
8.715455651736513687e+01,1.000000000000000000e+00,1.200000000000000000e+01
9.381642003193204005e+01,1.000000000000000000e+00,1.200000000000000000e+01
9.362676522090116293e+01,1.000000000000000000e+00,1.200000000000000000e+01
9.203763308107626528e+01,1.000000000000000000e+00,1.200000000000000000e+01
9.167107320400724291e+01,1.000000000000000000e+00,1.200000000000000000e+01
8.912363033690691339e+01,1.000000000000000000e+00,1.200000000000000000e+01
8.947903331109900193e+01,1.000000000000000000e+00,1.200000000000000000e+01
9.136369612910695537e+01,1.000000000000000000e+00,1.200000000000000000e+01
9.200578638499302997e+01,1.000000000000000000e+00,1.200000000000000000e+01
8.840780219155698205e+01,1.000000000000000000e+00,1.200000000000000000e+01
8.934273221131095966e+01,1.000000000000000000e+00,1.200000000000000000e+01
9.287633197454970002e+01,1.000000000000000000e+00,1.300000000000000000e+01
9.041798897624691733e+01,1.000000000000000000e+00,1.300000000000000000e+01
9.050498745677100487e+01,1.000000000000000000e+00,1.300000000000000000e+01
8.946769906329004129e+01,1.000000000000000000e+00,1.300000000000000000e+01
8.858029797244137171e+01,1.000000000000000000e+00,1.300000000000000000e+01
8.940291836337591747e+01,1.000000000000000000e+00,1.300000000000000000e+01
9.185633502783733206e+01,1.000000000000000000e+00,1.300000000000000000e+01
8.698468763050742325e+01,1.000000000000000000e+00,1.300000000000000000e+01
8.892796188062513352e+01,1.000000000000000000e+00,1.300000000000000000e+01
9.058658676849688618e+01,1.000000000000000000e+00,1.300000000000000000e+01
8.815426486864923561e+01,1.000000000000000000e+00,1.300000000000000000e+01
8.906759882547677876e+01,1.000000000000000000e+00,1.300000000000000000e+01
8.889218767521396103e+01,1.000000000000000000e+00,1.300000000000000000e+01
8.979482452100027956e+01,1.000000000000000000e+00,1.300000000000000000e+01
8.702608032396504711e+01,1.000000000000000000e+00,1.300000000000000000e+01
8.981102912905201663e+01,1.000000000000000000e+00,1.300000000000000000e+01
9.005982454933118220e+01,1.000000000000000000e+00,1.300000000000000000e+01
8.994272117659001253e+01,1.000000000000000000e+00,1.300000000000000000e+01
9.317305410895633599e+01,1.000000000000000000e+00,1.300000000000000000e+01
9.000714083466537829e+01,1.000000000000000000e+00,1.300000000000000000e+01
9.496223074722193758e+01,1.000000000000000000e+00,1.300000000000000000e+01
9.161615386451157406e+01,1.000000000000000000e+00,1.300000000000000000e+01
8.963559606242836253e+01,1.000000000000000000e+00,1.300000000000000000e+01
8.910343356850816576e+01,1.000000000000000000e+00,1.300000000000000000e+01
9.148908789411667897e+01,1.000000000000000000e+00,1.300000000000000000e+01
9.102709600808982771e+01,1.000000000000000000e+00,1.300000000000000000e+01
9.305816478290456928e+01,1.000000000000000000e+00,1.300000000000000000e+01
9.693359464333502729e+01,1.000000000000000000e+00,1.300000000000000000e+01
9.224992677500446803e+01,1.000000000000000000e+00,1.300000000000000000e+01
9.173744616813644370e+01,1.000000000000000000e+00,1.300000000000000000e+01
9.366325340082836703e+01,1.000000000000000000e+00,1.300000000000000000e+01
9.287116985016508863e+01,1.000000000000000000e+00,1.300000000000000000e+01
9.414493109015805317e+01,1.000000000000000000e+00,1.300000000000000000e+01
9.514448004744102150e+01,1.000000000000000000e+00,1.300000000000000000e+01
9.365086033442565849e+01,1.000000000000000000e+00,1.300000000000000000e+01
9.300068559611705155e+01,1.000000000000000000e+00,1.300000000000000000e+01
9.067852415328353288e+01,1.000000000000000000e+00,1.300000000000000000e+01
9.218136779974669537e+01,1.000000000000000000e+00,1.300000000000000000e+01
9.204054682771773344e+01,1.000000000000000000e+00,1.300000000000000000e+01
8.724598445899340504e+01,1.000000000000000000e+00,1.300000000000000000e+01
9.201438412273846268e+01,1.000000000000000000e+00,1.300000000000000000e+01
9.000274780872796043e+01,1.000000000000000000e+00,1.300000000000000000e+01
9.253461659206598711e+01,1.000000000000000000e+00,1.300000000000000000e+01
9.325279834108866339e+01,1.000000000000000000e+00,1.300000000000000000e+01
9.211559169995200591e+01,1.000000000000000000e+00,1.300000000000000000e+01
9.339621099038110685e+01,1.000000000000000000e+00,1.400000000000000000e+01
9.256170564925707822e+01,1.000000000000000000e+00,1.400000000000000000e+01
9.391405492221952045e+01,1.000000000000000000e+00,1.400000000000000000e+01
9.260447565707929130e+01,1.000000000000000000e+00,1.400000000000000000e+01
8.922487860921457070e+01,1.000000000000000000e+00,1.400000000000000000e+01
9.374445624596714310e+01,1.000000000000000000e+00,1.400000000000000000e+01
8.980437412529346375e+01,1.000000000000000000e+00,1.400000000000000000e+01
9.102674341877542474e+01,1.000000000000000000e+00,1.400000000000000000e+01
9.043353394749962604e+01,1.000000000000000000e+00,1.400000000000000000e+01
9.270540703268289917e+01,1.000000000000000000e+00,1.400000000000000000e+01
9.093182343569526438e+01,1.000000000000000000e+00,1.400000000000000000e+01
9.017904831224429074e+01,1.000000000000000000e+00,1.400000000000000000e+01
9.325181110686544628e+01,1.000000000000000000e+00,1.400000000000000000e+01
9.333248879432554190e+01,1.000000000000000000e+00,1.400000000000000000e+01
9.323681390041926420e+01,1.000000000000000000e+00,1.400000000000000000e+01
8.852368318997440610e+01,1.000000000000000000e+00,1.400000000000000000e+01
8.950072676589360299e+01,1.000000000000000000e+00,1.400000000000000000e+01
9.422752850532243940e+01,1.000000000000000000e+00,1.400000000000000000e+01
9.422233179513297330e+01,1.000000000000000000e+00,1.400000000000000000e+01
9.269097279917414767e+01,1.000000000000000000e+00,1.400000000000000000e+01
9.635114292495016741e+01,1.000000000000000000e+00,1.400000000000000000e+01
9.116969622217993674e+01,1.000000000000000000e+00,1.400000000000000000e+01
9.365659738961559810e+01,1.000000000000000000e+00,1.400000000000000000e+01
9.496957542748516801e+01,1.000000000000000000e+00,1.400000000000000000e+01
9.350388563812501275e+01,1.000000000000000000e+00,1.400000000000000000e+01
9.654369607727602443e+01,1.000000000000000000e+00,1.400000000000000000e+01
9.143822817381848722e+01,1.000000000000000000e+00,1.400000000000000000e+01
8.971327358245072503e+01,1.000000000000000000e+00,1.400000000000000000e+01
9.097952862424241971e+01,1.000000000000000000e+00,1.400000000000000000e+01
9.582679635145527186e+01,1.000000000000000000e+00,1.400000000000000000e+01
9.448810787793799193e+01,1.000000000000000000e+00,1.400000000000000000e+01
9.694408017562636815e+01,1.000000000000000000e+00,1.400000000000000000e+01
9.303460791098507343e+01,1.000000000000000000e+00,1.400000000000000000e+01
9.481032896244951758e+01,1.000000000000000000e+00,1.400000000000000000e+01
9.499227770903183909e+01,1.000000000000000000e+00,1.400000000000000000e+01
9.138077893331153234e+01,1.000000000000000000e+00,1.400000000000000000e+01
9.537974839024141716e+01,1.000000000000000000e+00,1.400000000000000000e+01
9.768675364321768484e+01,1.000000000000000000e+00,1.400000000000000000e+01
9.113531217540185025e+01,1.000000000000000000e+00,1.400000000000000000e+01
9.324619668521052063e+01,1.000000000000000000e+00,1.400000000000000000e+01
9.399910701512985156e+01,1.000000000000000000e+00,1.400000000000000000e+01
9.438165466569216733e+01,1.000000000000000000e+00,1.400000000000000000e+01
9.020312828488502532e+01,1.000000000000000000e+00,1.400000000000000000e+01
9.460834748056156229e+01,1.000000000000000000e+00,1.400000000000000000e+01
9.796920366329410967e+01,1.000000000000000000e+00,1.500000000000000000e+01
9.501895365222488010e+01,1.000000000000000000e+00,1.500000000000000000e+01
9.466787906119316176e+01,1.000000000000000000e+00,1.500000000000000000e+01
9.643073204860280612e+01,1.000000000000000000e+00,1.500000000000000000e+01
9.377154625866496929e+01,1.000000000000000000e+00,1.500000000000000000e+01
9.131087461027800600e+01,1.000000000000000000e+00,1.500000000000000000e+01
9.890024835516953772e+01,1.000000000000000000e+00,1.500000000000000000e+01
9.148433642975946611e+01,1.000000000000000000e+00,1.500000000000000000e+01
9.557107288703409154e+01,1.000000000000000000e+00,1.500000000000000000e+01
9.318812618926254743e+01,1.000000000000000000e+00,1.500000000000000000e+01
9.668322530861281905e+01,1.000000000000000000e+00,1.500000000000000000e+01
9.570865876357686375e+01,1.000000000000000000e+00,1.500000000000000000e+01
9.494124216081068823e+01,1.000000000000000000e+00,1.500000000000000000e+01
9.134802067097885470e+01,1.000000000000000000e+00,1.500000000000000000e+01
9.935025980632028109e+01,1.000000000000000000e+00,1.500000000000000000e+01
9.636013992960039332e+01,1.000000000000000000e+00,1.500000000000000000e+01
9.002853667514777669e+01,1.000000000000000000e+00,1.500000000000000000e+01
9.593398390432139422e+01,1.000000000000000000e+00,1.500000000000000000e+01
9.572938230731216436e+01,1.000000000000000000e+00,1.500000000000000000e+01
9.202138994733159905e+01,1.000000000000000000e+00,1.500000000000000000e+01
9.550247535401773291e+01,1.000000000000000000e+00,1.500000000000000000e+01
9.501535665178174384e+01,1.000000000000000000e+00,1.500000000000000000e+01
9.558488624253276100e+01,1.000000000000000000e+00,1.500000000000000000e+01
9.611845176542649938e+01,1.000000000000000000e+00,1.500000000000000000e+01
9.787493766760555047e+01,1.000000000000000000e+00,1.500000000000000000e+01
9.425224879835823799e+01,1.000000000000000000e+00,1.500000000000000000e+01
9.510045554293012060e+01,1.000000000000000000e+00,1.500000000000000000e+01
9.694748583585439405e+01,1.000000000000000000e+00,1.500000000000000000e+01
9.435652645768860225e+01,1.000000000000000000e+00,1.500000000000000000e+01
9.431272687275348687e+01,1.000000000000000000e+00,1.500000000000000000e+01
9.833122941082240231e+01,1.000000000000000000e+00,1.500000000000000000e+01
9.083700937294744904e+01,1.000000000000000000e+00,1.500000000000000000e+01
9.762432064144982746e+01,1.000000000000000000e+00,1.500000000000000000e+01
9.576597839474214879e+01,1.000000000000000000e+00,1.500000000000000000e+01
9.637606700575884133e+01,1.000000000000000000e+00,1.500000000000000000e+01
9.420401696486304388e+01,1.000000000000000000e+00,1.500000000000000000e+01
9.165863929492094542e+01,1.000000000000000000e+00,1.500000000000000000e+01
9.149089453861418519e+01,1.000000000000000000e+00,1.500000000000000000e+01
9.201092812030037749e+01,1.000000000000000000e+00,1.500000000000000000e+01
9.336763126880006780e+01,1.000000000000000000e+00,1.500000000000000000e+01
9.525944818084856536e+01,1.000000000000000000e+00,1.500000000000000000e+01
9.591652803052031118e+01,1.000000000000000000e+00,1.500000000000000000e+01
9.865325070660242091e+01,1.000000000000000000e+00,1.500000000000000000e+01
9.464064546448085480e+01,1.000000000000000000e+00,1.500000000000000000e+01
9.560212183129836205e+01,1.000000000000000000e+00,1.500000000000000000e+01
9.626237179676225253e+01,1.000000000000000000e+00,1.600000000000000000e+01
9.687025756040740987e+01,1.000000000000000000e+00,1.600000000000000000e+01
9.767185647488294364e+01,1.000000000000000000e+00,1.600000000000000000e+01
9.664893708557364960e+01,1.000000000000000000e+00,1.600000000000000000e+01
9.475339315488245973e+01,1.000000000000000000e+00,1.600000000000000000e+01
9.360038023232658588e+01,1.000000000000000000e+00,1.600000000000000000e+01
9.936824541418710055e+01,1.000000000000000000e+00,1.600000000000000000e+01
9.370539062508876782e+01,1.000000000000000000e+00,1.600000000000000000e+01
9.709811785746647672e+01,1.000000000000000000e+00,1.600000000000000000e+01
9.603775766067681730e+01,1.000000000000000000e+00,1.600000000000000000e+01
9.737704060953566909e+01,1.000000000000000000e+00,1.600000000000000000e+01
9.544136061184481434e+01,1.000000000000000000e+00,1.600000000000000000e+01
9.777612972867783014e+01,1.000000000000000000e+00,1.600000000000000000e+01
9.723109894321714819e+01,1.000000000000000000e+00,1.600000000000000000e+01
9.566287186219290106e+01,1.000000000000000000e+00,1.600000000000000000e+01
9.962726749485551636e+01,1.000000000000000000e+00,1.600000000000000000e+01
9.652160939732360134e+01,1.000000000000000000e+00,1.600000000000000000e+01
9.320873038702589497e+01,1.000000000000000000e+00,1.600000000000000000e+01
9.650213777256553271e+01,1.000000000000000000e+00,1.600000000000000000e+01
9.723492265659115219e+01,1.000000000000000000e+00,1.600000000000000000e+01
9.183108628569817711e+01,1.000000000000000000e+00,1.600000000000000000e+01
9.579435025595182651e+01,1.000000000000000000e+00,1.600000000000000000e+01
9.637834297647088988e+01,1.000000000000000000e+00,1.600000000000000000e+01
9.692894923923719830e+01,1.000000000000000000e+00,1.600000000000000000e+01
9.115451660357724961e+01,1.000000000000000000e+00,1.600000000000000000e+01
9.874458003017218743e+01,1.000000000000000000e+00,1.600000000000000000e+01
9.387228443645882692e+01,1.000000000000000000e+00,1.600000000000000000e+01
9.509927925622180567e+01,1.000000000000000000e+00,1.600000000000000000e+01
1.005263882952855852e+02,1.000000000000000000e+00,1.600000000000000000e+01
9.603374822838922853e+01,1.000000000000000000e+00,1.600000000000000000e+01
9.610509439825685263e+01,1.000000000000000000e+00,1.600000000000000000e+01
9.768593635366052297e+01,1.000000000000000000e+00,1.600000000000000000e+01
9.394603500022269316e+01,1.000000000000000000e+00,1.600000000000000000e+01
9.731315399089110940e+01,1.000000000000000000e+00,1.600000000000000000e+01
9.692836190642803729e+01,1.000000000000000000e+00,1.600000000000000000e+01
9.546484773421603620e+01,1.000000000000000000e+00,1.600000000000000000e+01
9.589645465030110927e+01,1.000000000000000000e+00,1.600000000000000000e+01
9.452996048586643951e+01,1.000000000000000000e+00,1.600000000000000000e+01
9.415767453670216014e+01,1.000000000000000000e+00,1.600000000000000000e+01
9.541036482716555156e+01,1.000000000000000000e+00,1.600000000000000000e+01
9.624716717439522995e+01,1.000000000000000000e+00,1.600000000000000000e+01
9.913815329462272530e+01,1.000000000000000000e+00,1.600000000000000000e+01
9.625555983542079730e+01,1.000000000000000000e+00,1.600000000000000000e+01
9.365661685141287762e+01,1.000000000000000000e+00,1.600000000000000000e+01
9.010685951907989022e+01,1.000000000000000000e+00,1.700000000000000000e+01
9.611095201138384425e+01,1.000000000000000000e+00,1.700000000000000000e+01
9.366428468817684916e+01,1.000000000000000000e+00,1.700000000000000000e+01
9.643338340346173254e+01,1.000000000000000000e+00,1.700000000000000000e+01
9.858736251657293792e+01,1.000000000000000000e+00,1.700000000000000000e+01
9.334037458123869158e+01,1.000000000000000000e+00,1.700000000000000000e+01
9.598608141619702394e+01,1.000000000000000000e+00,1.700000000000000000e+01
9.066462602603623111e+01,1.000000000000000000e+00,1.700000000000000000e+01
9.313767634214616464e+01,1.000000000000000000e+00,1.700000000000000000e+01
9.417878466995239251e+01,1.000000000000000000e+00,1.700000000000000000e+01
9.413552263128572406e+01,1.000000000000000000e+00,1.700000000000000000e+01
9.435446851054719275e+01,1.000000000000000000e+00,1.700000000000000000e+01
9.557058638109671733e+01,1.000000000000000000e+00,1.700000000000000000e+01
9.882045171767013869e+01,1.000000000000000000e+00,1.700000000000000000e+01
9.800401498236232101e+01,1.000000000000000000e+00,1.700000000000000000e+01
9.889677396217727789e+01,1.000000000000000000e+00,1.700000000000000000e+01
9.435961493444168013e+01,1.000000000000000000e+00,1.700000000000000000e+01
9.595442354962956699e+01,1.000000000000000000e+00,1.700000000000000000e+01
9.811386332785176023e+01,1.000000000000000000e+00,1.700000000000000000e+01
9.734389472938445920e+01,1.000000000000000000e+00,1.700000000000000000e+01
9.818964291660955723e+01,1.000000000000000000e+00,1.700000000000000000e+01
9.192014716530049157e+01,1.000000000000000000e+00,1.700000000000000000e+01
9.705199543745345636e+01,1.000000000000000000e+00,1.700000000000000000e+01
9.684095374859259664e+01,1.000000000000000000e+00,1.700000000000000000e+01
9.622040578340703121e+01,1.000000000000000000e+00,1.700000000000000000e+01
9.476859494984483945e+01,1.000000000000000000e+00,1.700000000000000000e+01
9.521461880041542258e+01,1.000000000000000000e+00,1.700000000000000000e+01
9.543338454026030604e+01,1.000000000000000000e+00,1.700000000000000000e+01
9.808906013108062893e+01,1.000000000000000000e+00,1.700000000000000000e+01
1.012019768724188964e+02,1.000000000000000000e+00,1.700000000000000000e+01
9.414931792474055783e+01,1.000000000000000000e+00,1.700000000000000000e+01
9.726295282859668134e+01,1.000000000000000000e+00,1.700000000000000000e+01
9.616035526896065733e+01,1.000000000000000000e+00,1.700000000000000000e+01
9.649548959189942821e+01,1.000000000000000000e+00,1.700000000000000000e+01
9.342990206868007874e+01,1.000000000000000000e+00,1.700000000000000000e+01
9.886533661881557578e+01,1.000000000000000000e+00,1.700000000000000000e+01
9.488140180163227910e+01,1.000000000000000000e+00,1.700000000000000000e+01
9.590826706006812685e+01,1.000000000000000000e+00,1.700000000000000000e+01
9.558702164021053704e+01,1.000000000000000000e+00,1.700000000000000000e+01
9.744214450727361054e+01,1.000000000000000000e+00,1.700000000000000000e+01
9.795294278829163659e+01,1.000000000000000000e+00,1.700000000000000000e+01
9.751040536246927104e+01,1.000000000000000000e+00,1.700000000000000000e+01
9.463226305807978633e+01,1.000000000000000000e+00,1.700000000000000000e+01
9.502342861018465214e+01,1.000000000000000000e+00,1.700000000000000000e+01
9.676393278844524559e+01,1.000000000000000000e+00,1.800000000000000000e+01
1.000231239410582873e+02,1.000000000000000000e+00,1.800000000000000000e+01
9.720271862883635094e+01,1.000000000000000000e+00,1.800000000000000000e+01
9.589949774529515025e+01,1.000000000000000000e+00,1.800000000000000000e+01
9.502578259216529943e+01,1.000000000000000000e+00,1.800000000000000000e+01
9.605699230087924434e+01,1.000000000000000000e+00,1.800000000000000000e+01
9.537599207002855906e+01,1.000000000000000000e+00,1.800000000000000000e+01
9.825120990698619039e+01,1.000000000000000000e+00,1.800000000000000000e+01
9.652521787944874632e+01,1.000000000000000000e+00,1.800000000000000000e+01
9.804450823170901685e+01,1.000000000000000000e+00,1.800000000000000000e+01
9.823970952929188627e+01,1.000000000000000000e+00,1.800000000000000000e+01
9.914592880090178539e+01,1.000000000000000000e+00,1.800000000000000000e+01
9.158562700672062817e+01,1.000000000000000000e+00,1.800000000000000000e+01
9.553659097334427486e+01,1.000000000000000000e+00,1.800000000000000000e+01
9.832980938097855983e+01,1.000000000000000000e+00,1.800000000000000000e+01
9.764120097392945752e+01,1.000000000000000000e+00,1.800000000000000000e+01
9.934213662527359645e+01,1.000000000000000000e+00,1.800000000000000000e+01
9.125004364322032302e+01,1.000000000000000000e+00,1.800000000000000000e+01
9.586057369444860399e+01,1.000000000000000000e+00,1.800000000000000000e+01
9.573873729445945457e+01,1.000000000000000000e+00,1.800000000000000000e+01
9.972670879494442886e+01,1.000000000000000000e+00,1.800000000000000000e+01
9.967597612403861262e+01,1.000000000000000000e+00,1.800000000000000000e+01
9.425091947688024163e+01,1.000000000000000000e+00,1.800000000000000000e+01
9.707591877233656419e+01,1.000000000000000000e+00,1.800000000000000000e+01
9.607544741799499377e+01,1.000000000000000000e+00,1.800000000000000000e+01
9.653986808495413641e+01,1.000000000000000000e+00,1.800000000000000000e+01
9.778007573705430389e+01,1.000000000000000000e+00,1.800000000000000000e+01
9.675122522579113138e+01,1.000000000000000000e+00,1.800000000000000000e+01
9.858112029565560874e+01,1.000000000000000000e+00,1.800000000000000000e+01
9.656059029170711483e+01,1.000000000000000000e+00,1.800000000000000000e+01
1.001808302599715859e+02,1.000000000000000000e+00,1.800000000000000000e+01
9.577809223305989406e+01,1.000000000000000000e+00,1.800000000000000000e+01
9.573469403128981980e+01,1.000000000000000000e+00,1.800000000000000000e+01
9.833057019500253659e+01,1.000000000000000000e+00,1.800000000000000000e+01
9.628861893287431428e+01,1.000000000000000000e+00,1.800000000000000000e+01
1.001674419839781081e+02,1.000000000000000000e+00,1.800000000000000000e+01
9.528161778428079742e+01,1.000000000000000000e+00,1.800000000000000000e+01
9.860340754931762319e+01,1.000000000000000000e+00,1.800000000000000000e+01
9.480562921174887947e+01,1.000000000000000000e+00,1.800000000000000000e+01
1.000138397944088240e+02,1.000000000000000000e+00,1.800000000000000000e+01
9.504615841021515621e+01,1.000000000000000000e+00,1.800000000000000000e+01
9.447402757742884205e+01,1.000000000000000000e+00,1.800000000000000000e+01
9.894887549784762371e+01,1.000000000000000000e+00,1.800000000000000000e+01
9.710035325052875521e+01,1.000000000000000000e+00,1.800000000000000000e+01
9.887009948549143701e+01,1.000000000000000000e+00,1.800000000000000000e+01
9.797805581980287570e+01,1.000000000000000000e+00,1.900000000000000000e+01
9.710743216763783892e+01,1.000000000000000000e+00,1.900000000000000000e+01
9.937185902131061255e+01,1.000000000000000000e+00,1.900000000000000000e+01
9.535057138150924061e+01,1.000000000000000000e+00,1.900000000000000000e+01
1.033985241150608374e+02,1.000000000000000000e+00,1.900000000000000000e+01
9.643691848353417129e+01,1.000000000000000000e+00,1.900000000000000000e+01
9.753427727744332287e+01,1.000000000000000000e+00,1.900000000000000000e+01
9.703860656529595019e+01,1.000000000000000000e+00,1.900000000000000000e+01
9.740146538270867893e+01,1.000000000000000000e+00,1.900000000000000000e+01
9.663691535300065993e+01,1.000000000000000000e+00,1.900000000000000000e+01
9.663187815873691022e+01,1.000000000000000000e+00,1.900000000000000000e+01
9.812734093880119701e+01,1.000000000000000000e+00,1.900000000000000000e+01
9.851948020728401900e+01,1.000000000000000000e+00,1.900000000000000000e+01
9.841323357560374063e+01,1.000000000000000000e+00,1.900000000000000000e+01
9.776942722940252395e+01,1.000000000000000000e+00,1.900000000000000000e+01
9.510403860584241897e+01,1.000000000000000000e+00,1.900000000000000000e+01
9.776949377650602457e+01,1.000000000000000000e+00,1.900000000000000000e+01
9.597629820005172974e+01,1.000000000000000000e+00,1.900000000000000000e+01
9.731341072879810383e+01,1.000000000000000000e+00,1.900000000000000000e+01
9.873410114275114324e+01,1.000000000000000000e+00,1.900000000000000000e+01
9.563995078101770275e+01,1.000000000000000000e+00,1.900000000000000000e+01
9.438044674800948997e+01,1.000000000000000000e+00,1.900000000000000000e+01
1.001227793458814119e+02,1.000000000000000000e+00,1.900000000000000000e+01
9.214981174002403463e+01,1.000000000000000000e+00,1.900000000000000000e+01
9.851656041714159073e+01,1.000000000000000000e+00,1.900000000000000000e+01
9.273251498262339965e+01,1.000000000000000000e+00,1.900000000000000000e+01
9.560518898971218960e+01,1.000000000000000000e+00,1.900000000000000000e+01
9.968508750476844682e+01,1.000000000000000000e+00,1.900000000000000000e+01
9.917869412962616593e+01,1.000000000000000000e+00,1.900000000000000000e+01
9.823656970496530505e+01,1.000000000000000000e+00,1.900000000000000000e+01
9.564397660616117491e+01,1.000000000000000000e+00,1.900000000000000000e+01
9.583611531523526139e+01,1.000000000000000000e+00,1.900000000000000000e+01
9.851951790562800682e+01,1.000000000000000000e+00,1.900000000000000000e+01
9.482208988249641379e+01,1.000000000000000000e+00,1.900000000000000000e+01
9.692198987087267881e+01,1.000000000000000000e+00,1.900000000000000000e+01
9.736480384045499648e+01,1.000000000000000000e+00,1.900000000000000000e+01
9.630017695117159349e+01,1.000000000000000000e+00,1.900000000000000000e+01
9.778476448698461354e+01,1.000000000000000000e+00,1.900000000000000000e+01
9.596644691125266036e+01,1.000000000000000000e+00,1.900000000000000000e+01
1.001825837405924204e+02,1.000000000000000000e+00,1.900000000000000000e+01
9.645425998284443381e+01,1.000000000000000000e+00,1.900000000000000000e+01
9.959423478463328649e+01,1.000000000000000000e+00,1.900000000000000000e+01
9.743115159756834487e+01,1.000000000000000000e+00,1.900000000000000000e+01
9.556621165967300158e+01,1.000000000000000000e+00,1.900000000000000000e+01
9.440273736577287877e+01,1.000000000000000000e+00,2.000000000000000000e+01
9.348592811440279604e+01,1.000000000000000000e+00,2.000000000000000000e+01
9.476964593100987599e+01,1.000000000000000000e+00,2.000000000000000000e+01
1.007678856337842177e+02,1.000000000000000000e+00,2.000000000000000000e+01
9.426841504009298944e+01,1.000000000000000000e+00,2.000000000000000000e+01
9.715114345137540397e+01,1.000000000000000000e+00,2.000000000000000000e+01
9.754998096906057015e+01,1.000000000000000000e+00,2.000000000000000000e+01
9.619017805920935871e+01,1.000000000000000000e+00,2.000000000000000000e+01
9.653777092446040342e+01,1.000000000000000000e+00,2.000000000000000000e+01
9.498192982104633586e+01,1.000000000000000000e+00,2.000000000000000000e+01
9.828018913639009213e+01,1.000000000000000000e+00,2.000000000000000000e+01
9.837728616233668788e+01,1.000000000000000000e+00,2.000000000000000000e+01
9.700860443102483543e+01,1.000000000000000000e+00,2.000000000000000000e+01
9.981881868832719817e+01,1.000000000000000000e+00,2.000000000000000000e+01
9.457837707069063526e+01,1.000000000000000000e+00,2.000000000000000000e+01
9.807695906297318800e+01,1.000000000000000000e+00,2.000000000000000000e+01
1.003581029522351855e+02,1.000000000000000000e+00,2.000000000000000000e+01
9.650810860541568559e+01,1.000000000000000000e+00,2.000000000000000000e+01
9.476044746007958963e+01,1.000000000000000000e+00,2.000000000000000000e+01
9.529667925706804965e+01,1.000000000000000000e+00,2.000000000000000000e+01
9.920973169741030517e+01,1.000000000000000000e+00,2.000000000000000000e+01
9.896132594613344224e+01,1.000000000000000000e+00,2.000000000000000000e+01
9.639564612666423216e+01,1.000000000000000000e+00,2.000000000000000000e+01
9.558132756971411936e+01,1.000000000000000000e+00,2.000000000000000000e+01
9.992126013984578492e+01,1.000000000000000000e+00,2.000000000000000000e+01
9.348324088404086751e+01,1.000000000000000000e+00,2.000000000000000000e+01
9.830579439471466685e+01,1.000000000000000000e+00,2.000000000000000000e+01
9.567602666302157388e+01,1.000000000000000000e+00,2.000000000000000000e+01
9.629338422574254253e+01,1.000000000000000000e+00,2.000000000000000000e+01
9.867959211902071104e+01,1.000000000000000000e+00,2.000000000000000000e+01
9.836091497482229329e+01,1.000000000000000000e+00,2.000000000000000000e+01
9.709548548025833270e+01,1.000000000000000000e+00,2.000000000000000000e+01
9.354189323258637501e+01,1.000000000000000000e+00,2.000000000000000000e+01
9.222017737629461465e+01,1.000000000000000000e+00,2.000000000000000000e+01
9.439549371695125046e+01,1.000000000000000000e+00,2.000000000000000000e+01
9.474293670946741486e+01,1.000000000000000000e+00,2.000000000000000000e+01
9.698712256116596109e+01,1.000000000000000000e+00,2.000000000000000000e+01
9.594666451462624934e+01,1.000000000000000000e+00,2.000000000000000000e+01
9.557432667579158192e+01,1.000000000000000000e+00,2.000000000000000000e+01
9.734318199711938746e+01,1.000000000000000000e+00,2.000000000000000000e+01
9.673126942033729847e+01,1.000000000000000000e+00,2.000000000000000000e+01
9.354384126363999030e+01,1.000000000000000000e+00,2.000000000000000000e+01
9.750521431731368693e+01,1.000000000000000000e+00,2.000000000000000000e+01
9.483841482917338794e+01,1.000000000000000000e+00,2.000000000000000000e+01
9.800055792246409681e+01,1.000000000000000000e+00,2.000000000000000000e+01
9.673372350472774883e+01,1.000000000000000000e+00,2.100000000000000000e+01
9.287228666626633355e+01,1.000000000000000000e+00,2.100000000000000000e+01
9.592732337017558564e+01,1.000000000000000000e+00,2.100000000000000000e+01
9.489637440969268312e+01,1.000000000000000000e+00,2.100000000000000000e+01
9.619978871982506519e+01,1.000000000000000000e+00,2.100000000000000000e+01
9.414468708666227315e+01,1.000000000000000000e+00,2.100000000000000000e+01
9.706669011836171990e+01,1.000000000000000000e+00,2.100000000000000000e+01
9.764516784371869562e+01,1.000000000000000000e+00,2.100000000000000000e+01
9.669679170393347079e+01,1.000000000000000000e+00,2.100000000000000000e+01
9.497856368488064049e+01,1.000000000000000000e+00,2.100000000000000000e+01
9.286033621848906705e+01,1.000000000000000000e+00,2.100000000000000000e+01
9.541777606738124007e+01,1.000000000000000000e+00,2.100000000000000000e+01
9.578736125156108017e+01,1.000000000000000000e+00,2.100000000000000000e+01
9.479099242016285132e+01,1.000000000000000000e+00,2.100000000000000000e+01
9.770267678577118886e+01,1.000000000000000000e+00,2.100000000000000000e+01
9.400010357824014307e+01,1.000000000000000000e+00,2.100000000000000000e+01
9.352780629876244234e+01,1.000000000000000000e+00,2.100000000000000000e+01
8.956384620966449006e+01,1.000000000000000000e+00,2.100000000000000000e+01
9.743273410017914671e+01,1.000000000000000000e+00,2.100000000000000000e+01
9.532143610394625455e+01,1.000000000000000000e+00,2.100000000000000000e+01
9.516494275239818990e+01,1.000000000000000000e+00,2.100000000000000000e+01
9.603924310894552718e+01,1.000000000000000000e+00,2.100000000000000000e+01
9.260176815006579432e+01,1.000000000000000000e+00,2.100000000000000000e+01
9.505167667046018209e+01,1.000000000000000000e+00,2.100000000000000000e+01
9.479652668274925986e+01,1.000000000000000000e+00,2.100000000000000000e+01
9.918588291214922492e+01,1.000000000000000000e+00,2.100000000000000000e+01
9.853121466493887226e+01,1.000000000000000000e+00,2.100000000000000000e+01
9.258861681883347217e+01,1.000000000000000000e+00,2.100000000000000000e+01
9.893373404492761836e+01,1.000000000000000000e+00,2.100000000000000000e+01
9.578898427292187989e+01,1.000000000000000000e+00,2.100000000000000000e+01
9.702137281992700935e+01,1.000000000000000000e+00,2.100000000000000000e+01
9.539985227288211433e+01,1.000000000000000000e+00,2.100000000000000000e+01
9.570170315599742139e+01,1.000000000000000000e+00,2.100000000000000000e+01
9.514983249886846295e+01,1.000000000000000000e+00,2.100000000000000000e+01
9.424573248976720663e+01,1.000000000000000000e+00,2.100000000000000000e+01
9.408969951537278575e+01,1.000000000000000000e+00,2.100000000000000000e+01
9.626241918902739769e+01,1.000000000000000000e+00,2.100000000000000000e+01
9.400129416233315283e+01,1.000000000000000000e+00,2.100000000000000000e+01
9.315347511185636620e+01,1.000000000000000000e+00,2.100000000000000000e+01
9.731817716775630345e+01,1.000000000000000000e+00,2.100000000000000000e+01
9.394161688152532008e+01,1.000000000000000000e+00,2.100000000000000000e+01
9.365592592877597156e+01,1.000000000000000000e+00,2.100000000000000000e+01
9.461802216975506497e+01,1.000000000000000000e+00,2.100000000000000000e+01
9.276776750063176280e+01,1.000000000000000000e+00,2.100000000000000000e+01
9.370532614934651860e+01,1.000000000000000000e+00,2.200000000000000000e+01
9.656250096282170148e+01,1.000000000000000000e+00,2.200000000000000000e+01
9.622486028641674238e+01,1.000000000000000000e+00,2.200000000000000000e+01
9.187796559886957937e+01,1.000000000000000000e+00,2.200000000000000000e+01
9.288333048090859734e+01,1.000000000000000000e+00,2.200000000000000000e+01
9.555265728412632598e+01,1.000000000000000000e+00,2.200000000000000000e+01
9.772053214324520809e+01,1.000000000000000000e+00,2.200000000000000000e+01
9.507169247066883599e+01,1.000000000000000000e+00,2.200000000000000000e+01
9.486664829726650794e+01,1.000000000000000000e+00,2.200000000000000000e+01
9.489414620323003646e+01,1.000000000000000000e+00,2.200000000000000000e+01
9.249446563266479870e+01,1.000000000000000000e+00,2.200000000000000000e+01
9.739287380462397437e+01,1.000000000000000000e+00,2.200000000000000000e+01
9.280953500373760789e+01,1.000000000000000000e+00,2.200000000000000000e+01
9.389876984400278559e+01,1.000000000000000000e+00,2.200000000000000000e+01
9.642517216701708094e+01,1.000000000000000000e+00,2.200000000000000000e+01
9.649731143714106452e+01,1.000000000000000000e+00,2.200000000000000000e+01
9.200234459328812875e+01,1.000000000000000000e+00,2.200000000000000000e+01
9.575465365986663357e+01,1.000000000000000000e+00,2.200000000000000000e+01
9.101114323878468326e+01,1.000000000000000000e+00,2.200000000000000000e+01
9.166437032226338033e+01,1.000000000000000000e+00,2.200000000000000000e+01
9.406120641037423979e+01,1.000000000000000000e+00,2.200000000000000000e+01
9.252374459805329820e+01,1.000000000000000000e+00,2.200000000000000000e+01
9.554952282673933439e+01,1.000000000000000000e+00,2.200000000000000000e+01
9.129303890679507560e+01,1.000000000000000000e+00,2.200000000000000000e+01
9.737911658486289923e+01,1.000000000000000000e+00,2.200000000000000000e+01
9.504953663082157789e+01,1.000000000000000000e+00,2.200000000000000000e+01
9.598885992130924194e+01,1.000000000000000000e+00,2.200000000000000000e+01
9.451350343643997576e+01,1.000000000000000000e+00,2.200000000000000000e+01
9.536765751900017563e+01,1.000000000000000000e+00,2.200000000000000000e+01
9.566263183894736244e+01,1.000000000000000000e+00,2.200000000000000000e+01
9.540630456279568250e+01,1.000000000000000000e+00,2.200000000000000000e+01
9.326388516144039897e+01,1.000000000000000000e+00,2.200000000000000000e+01
9.174791025277716017e+01,1.000000000000000000e+00,2.200000000000000000e+01
9.279751544227859483e+01,1.000000000000000000e+00,2.200000000000000000e+01
9.619582166440339677e+01,1.000000000000000000e+00,2.200000000000000000e+01
9.379836380733537737e+01,1.000000000000000000e+00,2.200000000000000000e+01
9.371399459652842268e+01,1.000000000000000000e+00,2.200000000000000000e+01
9.171851925207579370e+01,1.000000000000000000e+00,2.200000000000000000e+01
9.496266220624524124e+01,1.000000000000000000e+00,2.200000000000000000e+01
9.619252655836112353e+01,1.000000000000000000e+00,2.200000000000000000e+01
9.127269082125602040e+01,1.000000000000000000e+00,2.200000000000000000e+01
9.218435264919277472e+01,1.000000000000000000e+00,2.200000000000000000e+01
9.433006833022270143e+01,1.000000000000000000e+00,2.200000000000000000e+01
9.423432909297670790e+01,1.000000000000000000e+00,2.200000000000000000e+01
9.499264635635847753e+01,1.000000000000000000e+00,2.200000000000000000e+01
9.193016262034700503e+01,1.000000000000000000e+00,2.300000000000000000e+01
9.152747151678612170e+01,1.000000000000000000e+00,2.300000000000000000e+01
9.416172342600174261e+01,1.000000000000000000e+00,2.300000000000000000e+01
9.214906072843528761e+01,1.000000000000000000e+00,2.300000000000000000e+01
9.637367507357075169e+01,1.000000000000000000e+00,2.300000000000000000e+01
8.853045657012135905e+01,1.000000000000000000e+00,2.300000000000000000e+01
9.301320330525271629e+01,1.000000000000000000e+00,2.300000000000000000e+01
9.571580910012994536e+01,1.000000000000000000e+00,2.300000000000000000e+01
9.013783502679913795e+01,1.000000000000000000e+00,2.300000000000000000e+01
9.199158286502232329e+01,1.000000000000000000e+00,2.300000000000000000e+01
9.651981857057492675e+01,1.000000000000000000e+00,2.300000000000000000e+01
9.482565569291280383e+01,1.000000000000000000e+00,2.300000000000000000e+01
9.281212642932385393e+01,1.000000000000000000e+00,2.300000000000000000e+01
9.470815096828621904e+01,1.000000000000000000e+00,2.300000000000000000e+01
9.129702572203747479e+01,1.000000000000000000e+00,2.300000000000000000e+01
9.518341766959458994e+01,1.000000000000000000e+00,2.300000000000000000e+01
9.374929144374050338e+01,1.000000000000000000e+00,2.300000000000000000e+01
9.236677111550665131e+01,1.000000000000000000e+00,2.300000000000000000e+01
9.408951929598116237e+01,1.000000000000000000e+00,2.300000000000000000e+01
9.157580861467765487e+01,1.000000000000000000e+00,2.300000000000000000e+01
9.400840236421274199e+01,1.000000000000000000e+00,2.300000000000000000e+01
9.087664525703537777e+01,1.000000000000000000e+00,2.300000000000000000e+01
9.102811285142065856e+01,1.000000000000000000e+00,2.300000000000000000e+01
9.029596651539391416e+01,1.000000000000000000e+00,2.300000000000000000e+01
9.406377511433832694e+01,1.000000000000000000e+00,2.300000000000000000e+01
9.366686872917000528e+01,1.000000000000000000e+00,2.300000000000000000e+01
9.209408327733410715e+01,1.000000000000000000e+00,2.300000000000000000e+01
8.853339854177058044e+01,1.000000000000000000e+00,2.300000000000000000e+01
9.548401981792113702e+01,1.000000000000000000e+00,2.300000000000000000e+01
9.124389752344362137e+01,1.000000000000000000e+00,2.300000000000000000e+01
9.300167268496096540e+01,1.000000000000000000e+00,2.300000000000000000e+01
9.006489330599742971e+01,1.000000000000000000e+00,2.300000000000000000e+01
8.993299070335362444e+01,1.000000000000000000e+00,2.300000000000000000e+01
9.127713791655605746e+01,1.000000000000000000e+00,2.300000000000000000e+01
9.521548030833190523e+01,1.000000000000000000e+00,2.300000000000000000e+01
9.249034863456751054e+01,1.000000000000000000e+00,2.300000000000000000e+01
9.180036338753363623e+01,1.000000000000000000e+00,2.300000000000000000e+01
9.440740198368219183e+01,1.000000000000000000e+00,2.300000000000000000e+01
8.997431268506244351e+01,1.000000000000000000e+00,2.300000000000000000e+01
9.288963193742151248e+01,1.000000000000000000e+00,2.300000000000000000e+01
8.913786416599087659e+01,1.000000000000000000e+00,2.300000000000000000e+01
9.063506579014249098e+01,1.000000000000000000e+00,2.300000000000000000e+01
9.007686303294441643e+01,1.000000000000000000e+00,2.300000000000000000e+01
9.261435419426139504e+01,1.000000000000000000e+00,2.300000000000000000e+01
9.337445037447429286e+01,1.000000000000000000e+00,2.400000000000000000e+01
9.087704441292430602e+01,1.000000000000000000e+00,2.400000000000000000e+01
9.162326671366041353e+01,1.000000000000000000e+00,2.400000000000000000e+01
9.039909691567301309e+01,1.000000000000000000e+00,2.400000000000000000e+01
9.129932258221879238e+01,1.000000000000000000e+00,2.400000000000000000e+01
9.153520041592926759e+01,1.000000000000000000e+00,2.400000000000000000e+01
9.204393816689010066e+01,1.000000000000000000e+00,2.400000000000000000e+01
9.140554163408717159e+01,1.000000000000000000e+00,2.400000000000000000e+01
9.400214472153518841e+01,1.000000000000000000e+00,2.400000000000000000e+01
9.226448367813699747e+01,1.000000000000000000e+00,2.400000000000000000e+01
9.263901175105787900e+01,1.000000000000000000e+00,2.400000000000000000e+01
9.209770831965322202e+01,1.000000000000000000e+00,2.400000000000000000e+01
9.006910898839520030e+01,1.000000000000000000e+00,2.400000000000000000e+01
8.815671770328462742e+01,1.000000000000000000e+00,2.400000000000000000e+01
9.610140702662005197e+01,1.000000000000000000e+00,2.400000000000000000e+01
9.130552259390725567e+01,1.000000000000000000e+00,2.400000000000000000e+01
9.458832198945722780e+01,1.000000000000000000e+00,2.400000000000000000e+01
8.934538495673258751e+01,1.000000000000000000e+00,2.400000000000000000e+01
8.819493760214992051e+01,1.000000000000000000e+00,2.400000000000000000e+01
9.241442177111871104e+01,1.000000000000000000e+00,2.400000000000000000e+01
8.999031265273922031e+01,1.000000000000000000e+00,2.400000000000000000e+01
8.972522781728727637e+01,1.000000000000000000e+00,2.400000000000000000e+01
9.439628494491624622e+01,1.000000000000000000e+00,2.400000000000000000e+01
8.967462753121606056e+01,1.000000000000000000e+00,2.400000000000000000e+01
8.843551754093630279e+01,1.000000000000000000e+00,2.400000000000000000e+01
9.308076270556999532e+01,1.000000000000000000e+00,2.400000000000000000e+01
9.186631073847544826e+01,1.000000000000000000e+00,2.400000000000000000e+01
9.253827181148275827e+01,1.000000000000000000e+00,2.400000000000000000e+01
9.239327948997475914e+01,1.000000000000000000e+00,2.400000000000000000e+01
9.043178377616034425e+01,1.000000000000000000e+00,2.400000000000000000e+01
8.940200663697619632e+01,1.000000000000000000e+00,2.400000000000000000e+01
8.808042288853938828e+01,1.000000000000000000e+00,2.400000000000000000e+01
9.026231010127614240e+01,1.000000000000000000e+00,2.400000000000000000e+01
8.856563132448256681e+01,1.000000000000000000e+00,2.400000000000000000e+01
8.774476538989870278e+01,1.000000000000000000e+00,2.400000000000000000e+01
9.094953950798368680e+01,1.000000000000000000e+00,2.400000000000000000e+01
9.013084901280210204e+01,1.000000000000000000e+00,2.400000000000000000e+01
8.857842996412874470e+01,1.000000000000000000e+00,2.400000000000000000e+01
9.217485215397401532e+01,1.000000000000000000e+00,2.400000000000000000e+01
8.602764121042875445e+01,1.000000000000000000e+00,2.400000000000000000e+01
8.928340893741273021e+01,1.000000000000000000e+00,2.400000000000000000e+01
8.978776883027612143e+01,1.000000000000000000e+00,2.400000000000000000e+01
8.883289168839769445e+01,1.000000000000000000e+00,2.400000000000000000e+01
8.705650947778669035e+01,1.000000000000000000e+00,2.400000000000000000e+01
8.778832535442960250e+01,1.000000000000000000e+00,2.400000000000000000e+01
8.930570798763804419e+01,1.000000000000000000e+00,2.500000000000000000e+01
9.111065972167988036e+01,1.000000000000000000e+00,2.500000000000000000e+01
9.088928125595347751e+01,1.000000000000000000e+00,2.500000000000000000e+01
8.844012735647062584e+01,1.000000000000000000e+00,2.500000000000000000e+01
8.860389509717721523e+01,1.000000000000000000e+00,2.500000000000000000e+01
8.767958079014906048e+01,1.000000000000000000e+00,2.500000000000000000e+01
8.848000470428698350e+01,1.000000000000000000e+00,2.500000000000000000e+01
8.448820785346786977e+01,1.000000000000000000e+00,2.500000000000000000e+01
8.692695808750079323e+01,1.000000000000000000e+00,2.500000000000000000e+01
8.992766646787951856e+01,1.000000000000000000e+00,2.500000000000000000e+01
9.095570468669185971e+01,1.000000000000000000e+00,2.500000000000000000e+01
8.889082411658770866e+01,1.000000000000000000e+00,2.500000000000000000e+01
8.975221305833584040e+01,1.000000000000000000e+00,2.500000000000000000e+01
9.080696187247613693e+01,1.000000000000000000e+00,2.500000000000000000e+01
8.735351261556357372e+01,1.000000000000000000e+00,2.500000000000000000e+01
8.791235497800641951e+01,1.000000000000000000e+00,2.500000000000000000e+01
8.957407272822027267e+01,1.000000000000000000e+00,2.500000000000000000e+01
8.866741740472434685e+01,1.000000000000000000e+00,2.500000000000000000e+01
9.098026288669544215e+01,1.000000000000000000e+00,2.500000000000000000e+01
8.856193960181974489e+01,1.000000000000000000e+00,2.500000000000000000e+01
9.014159555267235646e+01,1.000000000000000000e+00,2.500000000000000000e+01
8.924971687501235351e+01,1.000000000000000000e+00,2.500000000000000000e+01
9.200652418583274539e+01,1.000000000000000000e+00,2.500000000000000000e+01
8.967788172901447297e+01,1.000000000000000000e+00,2.500000000000000000e+01
9.297296888658847536e+01,1.000000000000000000e+00,2.500000000000000000e+01
8.801392711318722206e+01,1.000000000000000000e+00,2.500000000000000000e+01
8.462136089260528138e+01,1.000000000000000000e+00,2.500000000000000000e+01
8.561039861976605891e+01,1.000000000000000000e+00,2.500000000000000000e+01
9.194186035479881980e+01,1.000000000000000000e+00,2.500000000000000000e+01
9.067273007120243733e+01,1.000000000000000000e+00,2.500000000000000000e+01
9.058451352566264347e+01,1.000000000000000000e+00,2.500000000000000000e+01
8.741070067672789889e+01,1.000000000000000000e+00,2.500000000000000000e+01
8.919253763353727038e+01,1.000000000000000000e+00,2.500000000000000000e+01
9.078656862492782409e+01,1.000000000000000000e+00,2.500000000000000000e+01
8.738974030123858938e+01,1.000000000000000000e+00,2.500000000000000000e+01
8.883122239153721011e+01,1.000000000000000000e+00,2.500000000000000000e+01
8.469334267988354270e+01,1.000000000000000000e+00,2.500000000000000000e+01
8.465954185574412350e+01,1.000000000000000000e+00,2.500000000000000000e+01
8.616249190352444032e+01,1.000000000000000000e+00,2.500000000000000000e+01
8.814388412278640317e+01,1.000000000000000000e+00,2.500000000000000000e+01
8.711990834504632630e+01,1.000000000000000000e+00,2.500000000000000000e+01
8.756894954834328360e+01,1.000000000000000000e+00,2.500000000000000000e+01
8.930802029805735742e+01,1.000000000000000000e+00,2.500000000000000000e+01
8.860004754847830100e+01,1.000000000000000000e+00,2.500000000000000000e+01
8.490844900586377264e+01,1.000000000000000000e+00,2.600000000000000000e+01
8.914569408112637916e+01,1.000000000000000000e+00,2.600000000000000000e+01
8.735559854442789174e+01,1.000000000000000000e+00,2.600000000000000000e+01
8.704721218128527482e+01,1.000000000000000000e+00,2.600000000000000000e+01
8.704646950619189738e+01,1.000000000000000000e+00,2.600000000000000000e+01
8.820411503192303826e+01,1.000000000000000000e+00,2.600000000000000000e+01
8.698435166543811192e+01,1.000000000000000000e+00,2.600000000000000000e+01
8.886615571298339944e+01,1.000000000000000000e+00,2.600000000000000000e+01
8.616650539250477436e+01,1.000000000000000000e+00,2.600000000000000000e+01
8.365716697912890254e+01,1.000000000000000000e+00,2.600000000000000000e+01
8.903279720225233973e+01,1.000000000000000000e+00,2.600000000000000000e+01
8.503142726844549770e+01,1.000000000000000000e+00,2.600000000000000000e+01
8.557995461801368720e+01,1.000000000000000000e+00,2.600000000000000000e+01
8.461546232359671649e+01,1.000000000000000000e+00,2.600000000000000000e+01
8.533904450558131316e+01,1.000000000000000000e+00,2.600000000000000000e+01
8.895642340197461806e+01,1.000000000000000000e+00,2.600000000000000000e+01
8.702197892542483260e+01,1.000000000000000000e+00,2.600000000000000000e+01
8.178429097424140082e+01,1.000000000000000000e+00,2.600000000000000000e+01
8.527937395179372970e+01,1.000000000000000000e+00,2.600000000000000000e+01
8.706559560046862600e+01,1.000000000000000000e+00,2.600000000000000000e+01
8.816112825673539533e+01,1.000000000000000000e+00,2.600000000000000000e+01
9.161793495803514986e+01,1.000000000000000000e+00,2.600000000000000000e+01
8.739115398946482571e+01,1.000000000000000000e+00,2.600000000000000000e+01
8.573312021414380979e+01,1.000000000000000000e+00,2.600000000000000000e+01
8.816940717729886501e+01,1.000000000000000000e+00,2.600000000000000000e+01
8.394969513926952231e+01,1.000000000000000000e+00,2.600000000000000000e+01
8.704325856323202970e+01,1.000000000000000000e+00,2.600000000000000000e+01
8.623296242130146538e+01,1.000000000000000000e+00,2.600000000000000000e+01
8.597583231640047075e+01,1.000000000000000000e+00,2.600000000000000000e+01
8.418048030069363108e+01,1.000000000000000000e+00,2.600000000000000000e+01
8.534685545077113034e+01,1.000000000000000000e+00,2.600000000000000000e+01
8.612442215923664435e+01,1.000000000000000000e+00,2.600000000000000000e+01
8.315443260597609765e+01,1.000000000000000000e+00,2.600000000000000000e+01
8.210438870310279924e+01,1.000000000000000000e+00,2.600000000000000000e+01
8.764087035314000218e+01,1.000000000000000000e+00,2.600000000000000000e+01
8.414659295709427056e+01,1.000000000000000000e+00,2.600000000000000000e+01
8.528847845313580933e+01,1.000000000000000000e+00,2.600000000000000000e+01
8.520154447265997533e+01,1.000000000000000000e+00,2.600000000000000000e+01
8.641079800013977774e+01,1.000000000000000000e+00,2.600000000000000000e+01
8.377776034837913244e+01,1.000000000000000000e+00,2.600000000000000000e+01
8.457473064029034049e+01,1.000000000000000000e+00,2.600000000000000000e+01
8.632434354708883006e+01,1.000000000000000000e+00,2.600000000000000000e+01
8.319634563007571160e+01,1.000000000000000000e+00,2.600000000000000000e+01
8.659051725410157019e+01,1.000000000000000000e+00,2.600000000000000000e+01
8.627252513516387467e+01,1.000000000000000000e+00,2.700000000000000000e+01
8.036433777255905397e+01,1.000000000000000000e+00,2.700000000000000000e+01
8.479776755818602396e+01,1.000000000000000000e+00,2.700000000000000000e+01
8.325434565246280272e+01,1.000000000000000000e+00,2.700000000000000000e+01
8.342980577691619715e+01,1.000000000000000000e+00,2.700000000000000000e+01
8.121574615742866854e+01,1.000000000000000000e+00,2.700000000000000000e+01
8.462987316763883427e+01,1.000000000000000000e+00,2.700000000000000000e+01
8.377496561595766877e+01,1.000000000000000000e+00,2.700000000000000000e+01
8.604591261406477543e+01,1.000000000000000000e+00,2.700000000000000000e+01
8.554968577218258474e+01,1.000000000000000000e+00,2.700000000000000000e+01
8.380473910664480286e+01,1.000000000000000000e+00,2.700000000000000000e+01
8.391587833405023389e+01,1.000000000000000000e+00,2.700000000000000000e+01
8.609195362262285300e+01,1.000000000000000000e+00,2.700000000000000000e+01
8.386388264316329355e+01,1.000000000000000000e+00,2.700000000000000000e+01
8.122273255183715435e+01,1.000000000000000000e+00,2.700000000000000000e+01
8.608173510136339246e+01,1.000000000000000000e+00,2.700000000000000000e+01
8.413633083244326372e+01,1.000000000000000000e+00,2.700000000000000000e+01
8.436980827078681955e+01,1.000000000000000000e+00,2.700000000000000000e+01
8.607108767709738117e+01,1.000000000000000000e+00,2.700000000000000000e+01
8.319815788213591645e+01,1.000000000000000000e+00,2.700000000000000000e+01
8.248961475754521189e+01,1.000000000000000000e+00,2.700000000000000000e+01
8.441001790616545009e+01,1.000000000000000000e+00,2.700000000000000000e+01
8.054390638631599586e+01,1.000000000000000000e+00,2.700000000000000000e+01
8.447786634272398487e+01,1.000000000000000000e+00,2.700000000000000000e+01
8.541225273743893354e+01,1.000000000000000000e+00,2.700000000000000000e+01
8.395668506223407235e+01,1.000000000000000000e+00,2.700000000000000000e+01
8.479682258862676747e+01,1.000000000000000000e+00,2.700000000000000000e+01
8.395703564465603108e+01,1.000000000000000000e+00,2.700000000000000000e+01
8.247716829203400835e+01,1.000000000000000000e+00,2.700000000000000000e+01
8.654215432624926052e+01,1.000000000000000000e+00,2.700000000000000000e+01
8.166320397256467345e+01,1.000000000000000000e+00,2.700000000000000000e+01
8.003889135320125092e+01,1.000000000000000000e+00,2.700000000000000000e+01
7.918489766591747525e+01,1.000000000000000000e+00,2.700000000000000000e+01
8.302729875596575937e+01,1.000000000000000000e+00,2.700000000000000000e+01
8.066096617787160028e+01,1.000000000000000000e+00,2.700000000000000000e+01
8.299502611059182300e+01,1.000000000000000000e+00,2.700000000000000000e+01
8.248612275155102225e+01,1.000000000000000000e+00,2.700000000000000000e+01
8.147384971192204262e+01,1.000000000000000000e+00,2.700000000000000000e+01
7.982572713676559317e+01,1.000000000000000000e+00,2.700000000000000000e+01
8.264513895855418468e+01,1.000000000000000000e+00,2.700000000000000000e+01
8.078818446274709686e+01,1.000000000000000000e+00,2.700000000000000000e+01
8.590661626559131037e+01,1.000000000000000000e+00,2.700000000000000000e+01
8.083384183616715291e+01,1.000000000000000000e+00,2.700000000000000000e+01
8.302535344169757536e+01,1.000000000000000000e+00,2.700000000000000000e+01
8.199913054013430269e+01,1.000000000000000000e+00,2.700000000000000000e+01
8.484271560083615782e+01,1.000000000000000000e+00,2.800000000000000000e+01
8.329826449159529034e+01,1.000000000000000000e+00,2.800000000000000000e+01
8.200155939274432626e+01,1.000000000000000000e+00,2.800000000000000000e+01
8.529252044296489998e+01,1.000000000000000000e+00,2.800000000000000000e+01
8.243509296625882143e+01,1.000000000000000000e+00,2.800000000000000000e+01
8.135562106348909595e+01,1.000000000000000000e+00,2.800000000000000000e+01
8.608876017602668185e+01,1.000000000000000000e+00,2.800000000000000000e+01
8.498416513883778123e+01,1.000000000000000000e+00,2.800000000000000000e+01
8.275229173436918018e+01,1.000000000000000000e+00,2.800000000000000000e+01
8.143862952743954509e+01,1.000000000000000000e+00,2.800000000000000000e+01
8.129822085625818318e+01,1.000000000000000000e+00,2.800000000000000000e+01
8.323905838066221463e+01,1.000000000000000000e+00,2.800000000000000000e+01
7.956810252763237656e+01,1.000000000000000000e+00,2.800000000000000000e+01
7.884483156742260235e+01,1.000000000000000000e+00,2.800000000000000000e+01
8.024892131303737131e+01,1.000000000000000000e+00,2.800000000000000000e+01
7.787263016232040513e+01,1.000000000000000000e+00,2.800000000000000000e+01
8.256771304061751948e+01,1.000000000000000000e+00,2.800000000000000000e+01
8.061379066849636388e+01,1.000000000000000000e+00,2.800000000000000000e+01
8.061318687408750350e+01,1.000000000000000000e+00,2.800000000000000000e+01
8.154441636904067536e+01,1.000000000000000000e+00,2.800000000000000000e+01
7.947909431884500009e+01,1.000000000000000000e+00,2.800000000000000000e+01
7.921749961168706022e+01,1.000000000000000000e+00,2.800000000000000000e+01
8.163060872804351220e+01,1.000000000000000000e+00,2.800000000000000000e+01
8.212001831248582562e+01,1.000000000000000000e+00,2.800000000000000000e+01
7.913202887469279290e+01,1.000000000000000000e+00,2.800000000000000000e+01
8.200121223000977011e+01,1.000000000000000000e+00,2.800000000000000000e+01
8.164165261772083682e+01,1.000000000000000000e+00,2.800000000000000000e+01
7.944405447476830773e+01,1.000000000000000000e+00,2.800000000000000000e+01
8.043586857041441363e+01,1.000000000000000000e+00,2.800000000000000000e+01
8.044501833155213433e+01,1.000000000000000000e+00,2.800000000000000000e+01
7.688375550164673200e+01,1.000000000000000000e+00,2.800000000000000000e+01
7.873525122598906023e+01,1.000000000000000000e+00,2.800000000000000000e+01
7.701965895628788417e+01,1.000000000000000000e+00,2.800000000000000000e+01
8.152845709327783652e+01,1.000000000000000000e+00,2.800000000000000000e+01
7.654842629843946611e+01,1.000000000000000000e+00,2.800000000000000000e+01
7.951388096235217517e+01,1.000000000000000000e+00,2.800000000000000000e+01
8.267258363761968099e+01,1.000000000000000000e+00,2.800000000000000000e+01
7.830771647233177646e+01,1.000000000000000000e+00,2.800000000000000000e+01
7.473484134307258842e+01,1.000000000000000000e+00,2.800000000000000000e+01
7.684065388229933546e+01,1.000000000000000000e+00,2.800000000000000000e+01
7.934401894858950754e+01,1.000000000000000000e+00,2.800000000000000000e+01
8.407573915865057756e+01,1.000000000000000000e+00,2.800000000000000000e+01
8.041192982053055971e+01,1.000000000000000000e+00,2.800000000000000000e+01
8.290840933726268247e+01,1.000000000000000000e+00,2.800000000000000000e+01
7.879940296035356084e+01,1.000000000000000000e+00,2.900000000000000000e+01
8.189771058377095869e+01,1.000000000000000000e+00,2.900000000000000000e+01
8.160487056708514331e+01,1.000000000000000000e+00,2.900000000000000000e+01
7.857666750247801701e+01,1.000000000000000000e+00,2.900000000000000000e+01
7.778949159439127925e+01,1.000000000000000000e+00,2.900000000000000000e+01
8.033681005087856875e+01,1.000000000000000000e+00,2.900000000000000000e+01
8.254938184348139885e+01,1.000000000000000000e+00,2.900000000000000000e+01
8.040212347128010606e+01,1.000000000000000000e+00,2.900000000000000000e+01
8.100691347305547652e+01,1.000000000000000000e+00,2.900000000000000000e+01
7.550400128544227130e+01,1.000000000000000000e+00,2.900000000000000000e+01
7.833865296551134350e+01,1.000000000000000000e+00,2.900000000000000000e+01
7.864732074403769957e+01,1.000000000000000000e+00,2.900000000000000000e+01
7.996169716906794633e+01,1.000000000000000000e+00,2.900000000000000000e+01
8.234975301272453407e+01,1.000000000000000000e+00,2.900000000000000000e+01
7.958814387157465831e+01,1.000000000000000000e+00,2.900000000000000000e+01
7.907191743697281083e+01,1.000000000000000000e+00,2.900000000000000000e+01
7.731315746799373301e+01,1.000000000000000000e+00,2.900000000000000000e+01
8.022484603207252007e+01,1.000000000000000000e+00,2.900000000000000000e+01
7.571694282230134831e+01,1.000000000000000000e+00,2.900000000000000000e+01
7.704862580524087434e+01,1.000000000000000000e+00,2.900000000000000000e+01
7.885172912437504067e+01,1.000000000000000000e+00,2.900000000000000000e+01
7.706707092353158828e+01,1.000000000000000000e+00,2.900000000000000000e+01
7.773646042838785775e+01,1.000000000000000000e+00,2.900000000000000000e+01
7.996467664199620629e+01,1.000000000000000000e+00,2.900000000000000000e+01
7.897513543284171078e+01,1.000000000000000000e+00,2.900000000000000000e+01
7.641754709652774125e+01,1.000000000000000000e+00,2.900000000000000000e+01
8.054966747222894696e+01,1.000000000000000000e+00,2.900000000000000000e+01
8.223827862812029821e+01,1.000000000000000000e+00,2.900000000000000000e+01
7.901000482594527341e+01,1.000000000000000000e+00,2.900000000000000000e+01
7.306580767011794819e+01,1.000000000000000000e+00,2.900000000000000000e+01
7.777417732911231951e+01,1.000000000000000000e+00,2.900000000000000000e+01
7.676757098080531705e+01,1.000000000000000000e+00,2.900000000000000000e+01
7.635136582201567990e+01,1.000000000000000000e+00,2.900000000000000000e+01
7.571455668966252972e+01,1.000000000000000000e+00,2.900000000000000000e+01
7.592659726379798713e+01,1.000000000000000000e+00,2.900000000000000000e+01
7.551463645846828854e+01,1.000000000000000000e+00,2.900000000000000000e+01
7.808295123698462703e+01,1.000000000000000000e+00,2.900000000000000000e+01
7.460230091338718239e+01,1.000000000000000000e+00,2.900000000000000000e+01
7.485234617199691343e+01,1.000000000000000000e+00,2.900000000000000000e+01
7.538531845621767502e+01,1.000000000000000000e+00,2.900000000000000000e+01
7.764637027799849989e+01,1.000000000000000000e+00,2.900000000000000000e+01
8.191714340201750133e+01,1.000000000000000000e+00,2.900000000000000000e+01
7.810426709061687234e+01,1.000000000000000000e+00,2.900000000000000000e+01
8.082587661695289682e+01,1.000000000000000000e+00,2.900000000000000000e+01
7.409582191506444815e+01,1.000000000000000000e+00,2.900000000000000000e+01
7.594147495924673308e+01,1.000000000000000000e+00,3.000000000000000000e+01
7.434207486435440160e+01,1.000000000000000000e+00,3.000000000000000000e+01
7.760678222903490564e+01,1.000000000000000000e+00,3.000000000000000000e+01
7.952582901655596004e+01,1.000000000000000000e+00,3.000000000000000000e+01
7.716887724286706884e+01,1.000000000000000000e+00,3.000000000000000000e+01
8.034168723621480979e+01,1.000000000000000000e+00,3.000000000000000000e+01
7.464040934654097725e+01,1.000000000000000000e+00,3.000000000000000000e+01
7.916413028746526948e+01,1.000000000000000000e+00,3.000000000000000000e+01
7.761278291071539570e+01,1.000000000000000000e+00,3.000000000000000000e+01
7.864474786356282721e+01,1.000000000000000000e+00,3.000000000000000000e+01
8.028132592738202788e+01,1.000000000000000000e+00,3.000000000000000000e+01
7.697958127256006833e+01,1.000000000000000000e+00,3.000000000000000000e+01
7.434820173394453491e+01,1.000000000000000000e+00,3.000000000000000000e+01
8.075991387231307783e+01,1.000000000000000000e+00,3.000000000000000000e+01
7.686616274824066863e+01,1.000000000000000000e+00,3.000000000000000000e+01
7.744104324588465715e+01,1.000000000000000000e+00,3.000000000000000000e+01
7.397223202469329806e+01,1.000000000000000000e+00,3.000000000000000000e+01
7.477723977125538113e+01,1.000000000000000000e+00,3.000000000000000000e+01
7.669322731147448735e+01,1.000000000000000000e+00,3.000000000000000000e+01
7.415968811437824115e+01,1.000000000000000000e+00,3.000000000000000000e+01
7.371344060744488047e+01,1.000000000000000000e+00,3.000000000000000000e+01
8.146845022048930218e+01,1.000000000000000000e+00,3.000000000000000000e+01
7.342841762637559100e+01,1.000000000000000000e+00,3.000000000000000000e+01
7.335114135647852152e+01,1.000000000000000000e+00,3.000000000000000000e+01
7.800196219183062851e+01,1.000000000000000000e+00,3.000000000000000000e+01
7.742728950670317545e+01,1.000000000000000000e+00,3.000000000000000000e+01
7.514166299624864109e+01,1.000000000000000000e+00,3.000000000000000000e+01
7.736585525964449062e+01,1.000000000000000000e+00,3.000000000000000000e+01
7.691223647148362375e+01,1.000000000000000000e+00,3.000000000000000000e+01
7.637736959900504985e+01,1.000000000000000000e+00,3.000000000000000000e+01
7.603286665833665836e+01,1.000000000000000000e+00,3.000000000000000000e+01
7.510152300480115173e+01,1.000000000000000000e+00,3.000000000000000000e+01
7.612818927561525584e+01,1.000000000000000000e+00,3.000000000000000000e+01
7.083635611832379197e+01,1.000000000000000000e+00,3.000000000000000000e+01
7.781380961535563756e+01,1.000000000000000000e+00,3.000000000000000000e+01
7.621676132238985701e+01,1.000000000000000000e+00,3.000000000000000000e+01
7.227522591818063802e+01,1.000000000000000000e+00,3.000000000000000000e+01
7.174927879579229284e+01,1.000000000000000000e+00,3.000000000000000000e+01
7.280194969212922729e+01,1.000000000000000000e+00,3.000000000000000000e+01
7.311548295838396427e+01,1.000000000000000000e+00,3.000000000000000000e+01
7.733775219538190981e+01,1.000000000000000000e+00,3.000000000000000000e+01
7.397924822319814098e+01,1.000000000000000000e+00,3.000000000000000000e+01
7.057599410782528082e+01,1.000000000000000000e+00,3.000000000000000000e+01
7.389400506604836494e+01,1.000000000000000000e+00,3.000000000000000000e+01
7.581989303823132786e+01,1.000000000000000000e+00,3.100000000000000000e+01
7.864769285248326014e+01,1.000000000000000000e+00,3.100000000000000000e+01
7.542405757651636122e+01,1.000000000000000000e+00,3.100000000000000000e+01
7.207339661872444481e+01,1.000000000000000000e+00,3.100000000000000000e+01
7.476489714964770883e+01,1.000000000000000000e+00,3.100000000000000000e+01
7.871877794836038333e+01,1.000000000000000000e+00,3.100000000000000000e+01
7.572850672618491785e+01,1.000000000000000000e+00,3.100000000000000000e+01
7.229545679330826147e+01,1.000000000000000000e+00,3.100000000000000000e+01
7.266772214806255192e+01,1.000000000000000000e+00,3.100000000000000000e+01
7.506629779583656159e+01,1.000000000000000000e+00,3.100000000000000000e+01
7.678196497361244610e+01,1.000000000000000000e+00,3.100000000000000000e+01
7.860995001985975250e+01,1.000000000000000000e+00,3.100000000000000000e+01
7.713039941746117734e+01,1.000000000000000000e+00,3.100000000000000000e+01
7.363331048638269749e+01,1.000000000000000000e+00,3.100000000000000000e+01
7.460669562196386551e+01,1.000000000000000000e+00,3.100000000000000000e+01
7.243464430530039522e+01,1.000000000000000000e+00,3.100000000000000000e+01
6.987861183274485199e+01,1.000000000000000000e+00,3.100000000000000000e+01
7.439987475063658451e+01,1.000000000000000000e+00,3.100000000000000000e+01
7.305916906181212767e+01,1.000000000000000000e+00,3.100000000000000000e+01
7.753527039681100064e+01,1.000000000000000000e+00,3.100000000000000000e+01
7.167323731155616429e+01,1.000000000000000000e+00,3.100000000000000000e+01
7.383142972897566381e+01,1.000000000000000000e+00,3.100000000000000000e+01
7.227075314766203462e+01,1.000000000000000000e+00,3.100000000000000000e+01
6.919289589013487785e+01,1.000000000000000000e+00,3.100000000000000000e+01
7.095162991110120743e+01,1.000000000000000000e+00,3.100000000000000000e+01
6.875984584898756680e+01,1.000000000000000000e+00,3.100000000000000000e+01
7.120984679848774590e+01,1.000000000000000000e+00,3.100000000000000000e+01
7.283155632490866083e+01,1.000000000000000000e+00,3.100000000000000000e+01
6.917131092291506889e+01,1.000000000000000000e+00,3.100000000000000000e+01
7.605044535688368512e+01,1.000000000000000000e+00,3.100000000000000000e+01
7.374378205277270126e+01,1.000000000000000000e+00,3.100000000000000000e+01
7.431852341092599090e+01,1.000000000000000000e+00,3.100000000000000000e+01
7.194457245099573584e+01,1.000000000000000000e+00,3.100000000000000000e+01
7.201595084919358669e+01,1.000000000000000000e+00,3.100000000000000000e+01
7.311930959842655398e+01,1.000000000000000000e+00,3.100000000000000000e+01
7.432125253614719895e+01,1.000000000000000000e+00,3.100000000000000000e+01
7.297447548421497743e+01,1.000000000000000000e+00,3.100000000000000000e+01
7.278927480264161431e+01,1.000000000000000000e+00,3.100000000000000000e+01
7.176264496332669296e+01,1.000000000000000000e+00,3.100000000000000000e+01
7.078418500572442440e+01,1.000000000000000000e+00,3.100000000000000000e+01
7.113811308374697262e+01,1.000000000000000000e+00,3.100000000000000000e+01
7.533036567523053861e+01,1.000000000000000000e+00,3.100000000000000000e+01
7.486414705212881415e+01,1.000000000000000000e+00,3.100000000000000000e+01
7.276032771884703720e+01,1.000000000000000000e+00,3.100000000000000000e+01
7.329524092954511616e+01,1.000000000000000000e+00,3.100000000000000000e+01
7.322711246276452357e+01,1.000000000000000000e+00,3.200000000000000000e+01
7.164503455264255649e+01,1.000000000000000000e+00,3.200000000000000000e+01
7.093199221634276341e+01,1.000000000000000000e+00,3.200000000000000000e+01
7.492613452524568629e+01,1.000000000000000000e+00,3.200000000000000000e+01
7.367699590146318656e+01,1.000000000000000000e+00,3.200000000000000000e+01
6.857144418180978107e+01,1.000000000000000000e+00,3.200000000000000000e+01
7.229053487827377467e+01,1.000000000000000000e+00,3.200000000000000000e+01
7.167677600978794317e+01,1.000000000000000000e+00,3.200000000000000000e+01
7.082385458391405564e+01,1.000000000000000000e+00,3.200000000000000000e+01
7.195526751852344205e+01,1.000000000000000000e+00,3.200000000000000000e+01
7.249674679841965030e+01,1.000000000000000000e+00,3.200000000000000000e+01
7.329181644313582922e+01,1.000000000000000000e+00,3.200000000000000000e+01
7.027460878732104277e+01,1.000000000000000000e+00,3.200000000000000000e+01
6.925812837839994529e+01,1.000000000000000000e+00,3.200000000000000000e+01
7.203430680540424191e+01,1.000000000000000000e+00,3.200000000000000000e+01
7.096233813282859160e+01,1.000000000000000000e+00,3.200000000000000000e+01
6.941354576366472884e+01,1.000000000000000000e+00,3.200000000000000000e+01
6.864274696713813739e+01,1.000000000000000000e+00,3.200000000000000000e+01
6.860532939575131195e+01,1.000000000000000000e+00,3.200000000000000000e+01
6.849199617345105651e+01,1.000000000000000000e+00,3.200000000000000000e+01
6.977324173410389108e+01,1.000000000000000000e+00,3.200000000000000000e+01
6.923055625761909937e+01,1.000000000000000000e+00,3.200000000000000000e+01
7.131614220162288120e+01,1.000000000000000000e+00,3.200000000000000000e+01
6.814987382271834804e+01,1.000000000000000000e+00,3.200000000000000000e+01
7.043109005390519428e+01,1.000000000000000000e+00,3.200000000000000000e+01
7.128736089828350941e+01,1.000000000000000000e+00,3.200000000000000000e+01
6.944101389997351248e+01,1.000000000000000000e+00,3.200000000000000000e+01
6.840956157777350199e+01,1.000000000000000000e+00,3.200000000000000000e+01
6.599647571903439314e+01,1.000000000000000000e+00,3.200000000000000000e+01
7.049201451370385030e+01,1.000000000000000000e+00,3.200000000000000000e+01
6.956905503355849874e+01,1.000000000000000000e+00,3.200000000000000000e+01
7.086254892972515051e+01,1.000000000000000000e+00,3.200000000000000000e+01
7.034518964394210627e+01,1.000000000000000000e+00,3.200000000000000000e+01
6.724204234014048609e+01,1.000000000000000000e+00,3.200000000000000000e+01
7.249711489416642962e+01,1.000000000000000000e+00,3.200000000000000000e+01
6.972710825794729317e+01,1.000000000000000000e+00,3.200000000000000000e+01
6.906256126920976612e+01,1.000000000000000000e+00,3.200000000000000000e+01
7.213170408270602252e+01,1.000000000000000000e+00,3.200000000000000000e+01
6.999482490847401550e+01,1.000000000000000000e+00,3.200000000000000000e+01
6.909572636666320022e+01,1.000000000000000000e+00,3.200000000000000000e+01
7.406254372521613050e+01,1.000000000000000000e+00,3.200000000000000000e+01
6.404094271291378959e+01,1.000000000000000000e+00,3.200000000000000000e+01
7.009584921531796908e+01,1.000000000000000000e+00,3.200000000000000000e+01
7.196807955020555880e+01,1.000000000000000000e+00,3.200000000000000000e+01
6.793765110242594574e+01,1.000000000000000000e+00,3.300000000000000000e+01
7.324472354944097674e+01,1.000000000000000000e+00,3.300000000000000000e+01
6.917702971352215968e+01,1.000000000000000000e+00,3.300000000000000000e+01
7.271243157794549461e+01,1.000000000000000000e+00,3.300000000000000000e+01
6.962440648971117696e+01,1.000000000000000000e+00,3.300000000000000000e+01
7.104430132365183681e+01,1.000000000000000000e+00,3.300000000000000000e+01
7.393467053106803633e+01,1.000000000000000000e+00,3.300000000000000000e+01
7.192097050251150847e+01,1.000000000000000000e+00,3.300000000000000000e+01
6.842503788873284520e+01,1.000000000000000000e+00,3.300000000000000000e+01
6.671855478665548844e+01,1.000000000000000000e+00,3.300000000000000000e+01
6.930001166771481280e+01,1.000000000000000000e+00,3.300000000000000000e+01
7.134664882097062844e+01,1.000000000000000000e+00,3.300000000000000000e+01
6.729766214914181433e+01,1.000000000000000000e+00,3.300000000000000000e+01
6.971039561565180520e+01,1.000000000000000000e+00,3.300000000000000000e+01
6.546941467942008330e+01,1.000000000000000000e+00,3.300000000000000000e+01
6.980681903195085170e+01,1.000000000000000000e+00,3.300000000000000000e+01
7.038906200309034489e+01,1.000000000000000000e+00,3.300000000000000000e+01
6.955586059039146107e+01,1.000000000000000000e+00,3.300000000000000000e+01
6.951475430810701539e+01,1.000000000000000000e+00,3.300000000000000000e+01
7.231599446491765093e+01,1.000000000000000000e+00,3.300000000000000000e+01
6.737765302218784313e+01,1.000000000000000000e+00,3.300000000000000000e+01
6.803100179935631786e+01,1.000000000000000000e+00,3.300000000000000000e+01
6.826954859168421308e+01,1.000000000000000000e+00,3.300000000000000000e+01
6.738735163272222906e+01,1.000000000000000000e+00,3.300000000000000000e+01
6.640397073572117392e+01,1.000000000000000000e+00,3.300000000000000000e+01
6.530074570578298676e+01,1.000000000000000000e+00,3.300000000000000000e+01
6.601320648828095727e+01,1.000000000000000000e+00,3.300000000000000000e+01
6.852181815213207017e+01,1.000000000000000000e+00,3.300000000000000000e+01
6.624887257730935630e+01,1.000000000000000000e+00,3.300000000000000000e+01
6.873654616991370858e+01,1.000000000000000000e+00,3.300000000000000000e+01
6.947040569203545601e+01,1.000000000000000000e+00,3.300000000000000000e+01
7.070627912450093788e+01,1.000000000000000000e+00,3.300000000000000000e+01
7.124683907502065949e+01,1.000000000000000000e+00,3.300000000000000000e+01
6.627259946100943466e+01,1.000000000000000000e+00,3.300000000000000000e+01
6.705167818527404222e+01,1.000000000000000000e+00,3.300000000000000000e+01
6.661089081629751263e+01,1.000000000000000000e+00,3.300000000000000000e+01
6.330018629661430651e+01,1.000000000000000000e+00,3.300000000000000000e+01
6.709249046853125265e+01,1.000000000000000000e+00,3.300000000000000000e+01
6.315123749921704643e+01,1.000000000000000000e+00,3.300000000000000000e+01
6.798311076723005897e+01,1.000000000000000000e+00,3.300000000000000000e+01
6.479451031644110515e+01,1.000000000000000000e+00,3.300000000000000000e+01
6.421780183883731752e+01,1.000000000000000000e+00,3.300000000000000000e+01
6.962119436227932567e+01,1.000000000000000000e+00,3.300000000000000000e+01
6.731199042449330250e+01,1.000000000000000000e+00,3.300000000000000000e+01
6.952228342085112445e+01,1.000000000000000000e+00,3.300000000000000000e+01
6.753983311798327804e+01,1.000000000000000000e+00,3.400000000000000000e+01
6.783356514872622256e+01,1.000000000000000000e+00,3.400000000000000000e+01
6.954129650836773635e+01,1.000000000000000000e+00,3.400000000000000000e+01
6.901993102688989268e+01,1.000000000000000000e+00,3.400000000000000000e+01
6.613645688480484353e+01,1.000000000000000000e+00,3.400000000000000000e+01
6.400724855832771709e+01,1.000000000000000000e+00,3.400000000000000000e+01
6.754635013751119743e+01,1.000000000000000000e+00,3.400000000000000000e+01
6.913989364131680304e+01,1.000000000000000000e+00,3.400000000000000000e+01
6.992169986839125784e+01,1.000000000000000000e+00,3.400000000000000000e+01
6.580494421584839415e+01,1.000000000000000000e+00,3.400000000000000000e+01
6.542951636006245053e+01,1.000000000000000000e+00,3.400000000000000000e+01
6.672350940116362494e+01,1.000000000000000000e+00,3.400000000000000000e+01
6.621973247443062860e+01,1.000000000000000000e+00,3.400000000000000000e+01
6.570588692367829253e+01,1.000000000000000000e+00,3.400000000000000000e+01
6.710011034382722528e+01,1.000000000000000000e+00,3.400000000000000000e+01
6.794031977594808325e+01,1.000000000000000000e+00,3.400000000000000000e+01
6.686511487057826741e+01,1.000000000000000000e+00,3.400000000000000000e+01
6.563977830460220275e+01,1.000000000000000000e+00,3.400000000000000000e+01
6.322464109004242516e+01,1.000000000000000000e+00,3.400000000000000000e+01
6.985456645849856727e+01,1.000000000000000000e+00,3.400000000000000000e+01
6.577712841048295900e+01,1.000000000000000000e+00,3.400000000000000000e+01
6.711336637616970791e+01,1.000000000000000000e+00,3.400000000000000000e+01
6.499288322286918174e+01,1.000000000000000000e+00,3.400000000000000000e+01
6.612666691003551023e+01,1.000000000000000000e+00,3.400000000000000000e+01
6.565766803307414534e+01,1.000000000000000000e+00,3.400000000000000000e+01
6.422720963981728914e+01,1.000000000000000000e+00,3.400000000000000000e+01
6.176895858808333628e+01,1.000000000000000000e+00,3.400000000000000000e+01
6.470450352683070605e+01,1.000000000000000000e+00,3.400000000000000000e+01
6.456576146441938135e+01,1.000000000000000000e+00,3.400000000000000000e+01
6.514881031308910053e+01,1.000000000000000000e+00,3.400000000000000000e+01
6.694295032028728087e+01,1.000000000000000000e+00,3.400000000000000000e+01
6.651367953783213238e+01,1.000000000000000000e+00,3.400000000000000000e+01
6.646838682577669033e+01,1.000000000000000000e+00,3.400000000000000000e+01
6.568858527987200091e+01,1.000000000000000000e+00,3.400000000000000000e+01
6.396024350672546177e+01,1.000000000000000000e+00,3.400000000000000000e+01
6.858540517172545492e+01,1.000000000000000000e+00,3.400000000000000000e+01
6.435837219552021793e+01,1.000000000000000000e+00,3.400000000000000000e+01
6.553583841303969848e+01,1.000000000000000000e+00,3.400000000000000000e+01
6.570770146969366010e+01,1.000000000000000000e+00,3.400000000000000000e+01
6.635495695545475314e+01,1.000000000000000000e+00,3.400000000000000000e+01
5.920952190816150562e+01,1.000000000000000000e+00,3.400000000000000000e+01
6.590357910584229728e+01,1.000000000000000000e+00,3.400000000000000000e+01
6.306551663364523108e+01,1.000000000000000000e+00,3.400000000000000000e+01
6.514151002420820191e+01,1.000000000000000000e+00,3.400000000000000000e+01
6.430947400605883502e+01,1.000000000000000000e+00,3.500000000000000000e+01
6.863796846145409347e+01,1.000000000000000000e+00,3.500000000000000000e+01
6.531189196957660670e+01,1.000000000000000000e+00,3.500000000000000000e+01
6.471887880344939958e+01,1.000000000000000000e+00,3.500000000000000000e+01
6.588637752685957594e+01,1.000000000000000000e+00,3.500000000000000000e+01
6.408885359597857700e+01,1.000000000000000000e+00,3.500000000000000000e+01
6.574808693153426020e+01,1.000000000000000000e+00,3.500000000000000000e+01
6.669583067434176371e+01,1.000000000000000000e+00,3.500000000000000000e+01
6.554434926430045039e+01,1.000000000000000000e+00,3.500000000000000000e+01
6.254580837490497913e+01,1.000000000000000000e+00,3.500000000000000000e+01
6.648631584759567659e+01,1.000000000000000000e+00,3.500000000000000000e+01
6.302144099783085096e+01,1.000000000000000000e+00,3.500000000000000000e+01
6.735754502842718239e+01,1.000000000000000000e+00,3.500000000000000000e+01
6.569766930569541330e+01,1.000000000000000000e+00,3.500000000000000000e+01
6.497163774241919043e+01,1.000000000000000000e+00,3.500000000000000000e+01
6.630775849835647762e+01,1.000000000000000000e+00,3.500000000000000000e+01
6.616294182521164657e+01,1.000000000000000000e+00,3.500000000000000000e+01
6.349931722867371775e+01,1.000000000000000000e+00,3.500000000000000000e+01
6.566247328948851703e+01,1.000000000000000000e+00,3.500000000000000000e+01
6.457239162462232684e+01,1.000000000000000000e+00,3.500000000000000000e+01
6.479567081029517794e+01,1.000000000000000000e+00,3.500000000000000000e+01
6.818961793691283901e+01,1.000000000000000000e+00,3.500000000000000000e+01
6.675315175681410551e+01,1.000000000000000000e+00,3.500000000000000000e+01
6.521095730592892892e+01,1.000000000000000000e+00,3.500000000000000000e+01
6.561433797102711196e+01,1.000000000000000000e+00,3.500000000000000000e+01
6.174026047837143949e+01,1.000000000000000000e+00,3.500000000000000000e+01
6.581630314631655665e+01,1.000000000000000000e+00,3.500000000000000000e+01
6.374180681985791352e+01,1.000000000000000000e+00,3.500000000000000000e+01
6.216049770950361619e+01,1.000000000000000000e+00,3.500000000000000000e+01
6.543718054239566584e+01,1.000000000000000000e+00,3.500000000000000000e+01
6.846926911864508725e+01,1.000000000000000000e+00,3.500000000000000000e+01
6.418883648646311713e+01,1.000000000000000000e+00,3.500000000000000000e+01
6.535997809925284230e+01,1.000000000000000000e+00,3.500000000000000000e+01
6.099090118453084131e+01,1.000000000000000000e+00,3.500000000000000000e+01
6.371303818786607565e+01,1.000000000000000000e+00,3.500000000000000000e+01
6.401533249602842091e+01,1.000000000000000000e+00,3.500000000000000000e+01
6.316433979363996798e+01,1.000000000000000000e+00,3.500000000000000000e+01
6.341269905396430318e+01,1.000000000000000000e+00,3.500000000000000000e+01
6.393567323702747274e+01,1.000000000000000000e+00,3.500000000000000000e+01
6.336154183379822769e+01,1.000000000000000000e+00,3.500000000000000000e+01
6.386626155077796341e+01,1.000000000000000000e+00,3.500000000000000000e+01
6.269058441490341238e+01,1.000000000000000000e+00,3.500000000000000000e+01
6.522891863422047720e+01,1.000000000000000000e+00,3.500000000000000000e+01
6.368147562800799477e+01,1.000000000000000000e+00,3.500000000000000000e+01
6.593260970542443999e+01,1.000000000000000000e+00,3.600000000000000000e+01
6.184102691500376636e+01,1.000000000000000000e+00,3.600000000000000000e+01
6.172724881845138611e+01,1.000000000000000000e+00,3.600000000000000000e+01
6.578599779579781170e+01,1.000000000000000000e+00,3.600000000000000000e+01
6.659651407732683026e+01,1.000000000000000000e+00,3.600000000000000000e+01
6.439670340635706225e+01,1.000000000000000000e+00,3.600000000000000000e+01
6.516989936512919712e+01,1.000000000000000000e+00,3.600000000000000000e+01
6.070010672451029166e+01,1.000000000000000000e+00,3.600000000000000000e+01
6.536771774034802718e+01,1.000000000000000000e+00,3.600000000000000000e+01
6.432520068494126519e+01,1.000000000000000000e+00,3.600000000000000000e+01
6.434133608323530495e+01,1.000000000000000000e+00,3.600000000000000000e+01
6.266277046601867795e+01,1.000000000000000000e+00,3.600000000000000000e+01
6.125453193333922286e+01,1.000000000000000000e+00,3.600000000000000000e+01
6.341928669458970802e+01,1.000000000000000000e+00,3.600000000000000000e+01
6.421662913855777788e+01,1.000000000000000000e+00,3.600000000000000000e+01
6.173119214893759477e+01,1.000000000000000000e+00,3.600000000000000000e+01
6.353434954237724952e+01,1.000000000000000000e+00,3.600000000000000000e+01
6.412562189778265065e+01,1.000000000000000000e+00,3.600000000000000000e+01
6.464418255503784394e+01,1.000000000000000000e+00,3.600000000000000000e+01
6.535823969143865497e+01,1.000000000000000000e+00,3.600000000000000000e+01
6.197775994957046208e+01,1.000000000000000000e+00,3.600000000000000000e+01
6.189172813137286511e+01,1.000000000000000000e+00,3.600000000000000000e+01
6.328951931120430174e+01,1.000000000000000000e+00,3.600000000000000000e+01
6.760051554802504370e+01,1.000000000000000000e+00,3.600000000000000000e+01
6.490231529928281873e+01,1.000000000000000000e+00,3.600000000000000000e+01
6.370739243645358840e+01,1.000000000000000000e+00,3.600000000000000000e+01
6.369080790241505952e+01,1.000000000000000000e+00,3.600000000000000000e+01
6.093020647401790058e+01,1.000000000000000000e+00,3.600000000000000000e+01
6.142811593642765899e+01,1.000000000000000000e+00,3.600000000000000000e+01
6.167011265829145827e+01,1.000000000000000000e+00,3.600000000000000000e+01
5.763292616616084274e+01,1.000000000000000000e+00,3.600000000000000000e+01
6.232581310786481055e+01,1.000000000000000000e+00,3.600000000000000000e+01
6.587564474416399207e+01,1.000000000000000000e+00,3.600000000000000000e+01
6.255944373611009013e+01,1.000000000000000000e+00,3.600000000000000000e+01
6.220617622697369598e+01,1.000000000000000000e+00,3.600000000000000000e+01
6.508624095535191145e+01,1.000000000000000000e+00,3.600000000000000000e+01
6.225628945655390112e+01,1.000000000000000000e+00,3.600000000000000000e+01
6.381739973457918325e+01,1.000000000000000000e+00,3.600000000000000000e+01
6.380960772889442012e+01,1.000000000000000000e+00,3.600000000000000000e+01
6.292983651783755761e+01,1.000000000000000000e+00,3.600000000000000000e+01
6.417613290189345321e+01,1.000000000000000000e+00,3.600000000000000000e+01
6.033471350266727029e+01,1.000000000000000000e+00,3.600000000000000000e+01
6.335389329080747700e+01,1.000000000000000000e+00,3.600000000000000000e+01
6.381916722522503704e+01,1.000000000000000000e+00,3.600000000000000000e+01
5.987397630136980808e+01,1.000000000000000000e+00,3.600000000000000000e+01
5.793931660194362365e+01,1.000000000000000000e+00,3.700000000000000000e+01
6.243430676405942137e+01,1.000000000000000000e+00,3.700000000000000000e+01
6.336251134474825619e+01,1.000000000000000000e+00,3.700000000000000000e+01
6.158277924145555460e+01,1.000000000000000000e+00,3.700000000000000000e+01
6.291336548435506870e+01,1.000000000000000000e+00,3.700000000000000000e+01
6.210864960702808446e+01,1.000000000000000000e+00,3.700000000000000000e+01
6.511345137386967963e+01,1.000000000000000000e+00,3.700000000000000000e+01
6.321837074865459982e+01,1.000000000000000000e+00,3.700000000000000000e+01
6.228890631994538296e+01,1.000000000000000000e+00,3.700000000000000000e+01
6.327339799222523453e+01,1.000000000000000000e+00,3.700000000000000000e+01
6.536254718565986366e+01,1.000000000000000000e+00,3.700000000000000000e+01
6.039709116923699384e+01,1.000000000000000000e+00,3.700000000000000000e+01
6.402568264273172360e+01,1.000000000000000000e+00,3.700000000000000000e+01
6.058832874681205283e+01,1.000000000000000000e+00,3.700000000000000000e+01
5.919229212063459045e+01,1.000000000000000000e+00,3.700000000000000000e+01
6.477600743647739989e+01,1.000000000000000000e+00,3.700000000000000000e+01
6.350941370858529922e+01,1.000000000000000000e+00,3.700000000000000000e+01
6.258799356164516325e+01,1.000000000000000000e+00,3.700000000000000000e+01
6.507137983862475039e+01,1.000000000000000000e+00,3.700000000000000000e+01
6.417079296362163632e+01,1.000000000000000000e+00,3.700000000000000000e+01
5.970119890084903602e+01,1.000000000000000000e+00,3.700000000000000000e+01
6.027189065376465749e+01,1.000000000000000000e+00,3.700000000000000000e+01
6.334019088133725717e+01,1.000000000000000000e+00,3.700000000000000000e+01
5.993306960068520084e+01,1.000000000000000000e+00,3.700000000000000000e+01
6.159861984949128555e+01,1.000000000000000000e+00,3.700000000000000000e+01
5.731843212157644984e+01,1.000000000000000000e+00,3.700000000000000000e+01
6.214984791985568791e+01,1.000000000000000000e+00,3.700000000000000000e+01
6.006165134608865230e+01,1.000000000000000000e+00,3.700000000000000000e+01
6.100915083273753226e+01,1.000000000000000000e+00,3.700000000000000000e+01
6.002638513480814453e+01,1.000000000000000000e+00,3.700000000000000000e+01
5.992869121111515796e+01,1.000000000000000000e+00,3.700000000000000000e+01
6.371770225636358020e+01,1.000000000000000000e+00,3.700000000000000000e+01
6.274207457444043712e+01,1.000000000000000000e+00,3.700000000000000000e+01
6.144824878232621046e+01,1.000000000000000000e+00,3.700000000000000000e+01
6.073056493246297549e+01,1.000000000000000000e+00,3.700000000000000000e+01
6.058159295580635018e+01,1.000000000000000000e+00,3.700000000000000000e+01
6.234306918400281461e+01,1.000000000000000000e+00,3.700000000000000000e+01
5.928793212009527736e+01,1.000000000000000000e+00,3.700000000000000000e+01
6.186431437838916736e+01,1.000000000000000000e+00,3.700000000000000000e+01
5.839978065161967891e+01,1.000000000000000000e+00,3.700000000000000000e+01
6.048991850842935492e+01,1.000000000000000000e+00,3.700000000000000000e+01
6.096046125336391697e+01,1.000000000000000000e+00,3.700000000000000000e+01
6.034028197696595441e+01,1.000000000000000000e+00,3.700000000000000000e+01
6.241078253513769880e+01,1.000000000000000000e+00,3.700000000000000000e+01
6.370258023438002226e+01,1.000000000000000000e+00,3.800000000000000000e+01
6.277840815775931560e+01,1.000000000000000000e+00,3.800000000000000000e+01
6.135579334804374696e+01,1.000000000000000000e+00,3.800000000000000000e+01
5.994793742083297161e+01,1.000000000000000000e+00,3.800000000000000000e+01
6.546640415554722381e+01,1.000000000000000000e+00,3.800000000000000000e+01
6.060518620663405898e+01,1.000000000000000000e+00,3.800000000000000000e+01
6.015222815481970997e+01,1.000000000000000000e+00,3.800000000000000000e+01
5.945308930702617545e+01,1.000000000000000000e+00,3.800000000000000000e+01
6.060477628386931315e+01,1.000000000000000000e+00,3.800000000000000000e+01
6.228778263221127531e+01,1.000000000000000000e+00,3.800000000000000000e+01
6.003704067095478081e+01,1.000000000000000000e+00,3.800000000000000000e+01
6.452571155489806642e+01,1.000000000000000000e+00,3.800000000000000000e+01
5.991096169433595264e+01,1.000000000000000000e+00,3.800000000000000000e+01
6.092573590723707611e+01,1.000000000000000000e+00,3.800000000000000000e+01
6.222256878362043864e+01,1.000000000000000000e+00,3.800000000000000000e+01
5.841040565608119550e+01,1.000000000000000000e+00,3.800000000000000000e+01
6.116928006107931992e+01,1.000000000000000000e+00,3.800000000000000000e+01
5.970836285517390252e+01,1.000000000000000000e+00,3.800000000000000000e+01
5.937685028782297536e+01,1.000000000000000000e+00,3.800000000000000000e+01
5.908426930172055336e+01,1.000000000000000000e+00,3.800000000000000000e+01
6.037598890032735710e+01,1.000000000000000000e+00,3.800000000000000000e+01
6.137604513613987933e+01,1.000000000000000000e+00,3.800000000000000000e+01
6.033581845477405636e+01,1.000000000000000000e+00,3.800000000000000000e+01
6.118548122006826873e+01,1.000000000000000000e+00,3.800000000000000000e+01
6.107007389130689035e+01,1.000000000000000000e+00,3.800000000000000000e+01
5.802537661561498794e+01,1.000000000000000000e+00,3.800000000000000000e+01
6.167719022602554446e+01,1.000000000000000000e+00,3.800000000000000000e+01
6.156599411255609056e+01,1.000000000000000000e+00,3.800000000000000000e+01
6.141754502092038592e+01,1.000000000000000000e+00,3.800000000000000000e+01
6.223751397282619990e+01,1.000000000000000000e+00,3.800000000000000000e+01
5.678470993362290642e+01,1.000000000000000000e+00,3.800000000000000000e+01
5.812742398525845999e+01,1.000000000000000000e+00,3.800000000000000000e+01
6.454766891641136795e+01,1.000000000000000000e+00,3.800000000000000000e+01
6.360946257554624594e+01,1.000000000000000000e+00,3.800000000000000000e+01
6.087143227683704083e+01,1.000000000000000000e+00,3.800000000000000000e+01
6.168449681498451298e+01,1.000000000000000000e+00,3.800000000000000000e+01
6.357276180644856822e+01,1.000000000000000000e+00,3.800000000000000000e+01
5.814233776876045567e+01,1.000000000000000000e+00,3.800000000000000000e+01
6.153465870262674287e+01,1.000000000000000000e+00,3.800000000000000000e+01
5.954456711518624701e+01,1.000000000000000000e+00,3.800000000000000000e+01
6.055271248052898159e+01,1.000000000000000000e+00,3.800000000000000000e+01
5.995524091745809869e+01,1.000000000000000000e+00,3.800000000000000000e+01
5.895550094743934011e+01,1.000000000000000000e+00,3.800000000000000000e+01
6.030402164607576054e+01,1.000000000000000000e+00,3.800000000000000000e+01
5.863899778260545759e+01,1.000000000000000000e+00,3.800000000000000000e+01
6.142040796559373916e+01,1.000000000000000000e+00,3.900000000000000000e+01
5.873790034126505333e+01,1.000000000000000000e+00,3.900000000000000000e+01
5.917785533755227334e+01,1.000000000000000000e+00,3.900000000000000000e+01
6.045703770373676633e+01,1.000000000000000000e+00,3.900000000000000000e+01
6.241313746018002462e+01,1.000000000000000000e+00,3.900000000000000000e+01
6.377603587567148224e+01,1.000000000000000000e+00,3.900000000000000000e+01
6.371345571375468353e+01,1.000000000000000000e+00,3.900000000000000000e+01
6.081730842030795969e+01,1.000000000000000000e+00,3.900000000000000000e+01
6.069803378213548939e+01,1.000000000000000000e+00,3.900000000000000000e+01
6.035257829743402169e+01,1.000000000000000000e+00,3.900000000000000000e+01
5.949269376004998122e+01,1.000000000000000000e+00,3.900000000000000000e+01
5.913765080783127104e+01,1.000000000000000000e+00,3.900000000000000000e+01
6.212992495972005713e+01,1.000000000000000000e+00,3.900000000000000000e+01
5.723014638032711332e+01,1.000000000000000000e+00,3.900000000000000000e+01
6.384654078571593061e+01,1.000000000000000000e+00,3.900000000000000000e+01
6.113271275468947152e+01,1.000000000000000000e+00,3.900000000000000000e+01
6.299495598269727026e+01,1.000000000000000000e+00,3.900000000000000000e+01
6.017131138193863649e+01,1.000000000000000000e+00,3.900000000000000000e+01
5.986931121100981557e+01,1.000000000000000000e+00,3.900000000000000000e+01
6.041153334455172796e+01,1.000000000000000000e+00,3.900000000000000000e+01
5.941927879059834083e+01,1.000000000000000000e+00,3.900000000000000000e+01
6.268038943698598331e+01,1.000000000000000000e+00,3.900000000000000000e+01
5.879654108359612508e+01,1.000000000000000000e+00,3.900000000000000000e+01
6.070087878990745622e+01,1.000000000000000000e+00,3.900000000000000000e+01
6.131995146712202427e+01,1.000000000000000000e+00,3.900000000000000000e+01
5.776905732805072091e+01,1.000000000000000000e+00,3.900000000000000000e+01
5.844017795967084794e+01,1.000000000000000000e+00,3.900000000000000000e+01
6.143432889117696050e+01,1.000000000000000000e+00,3.900000000000000000e+01
5.866456939628567113e+01,1.000000000000000000e+00,3.900000000000000000e+01
6.171863015660274243e+01,1.000000000000000000e+00,3.900000000000000000e+01
6.121543402533420419e+01,1.000000000000000000e+00,3.900000000000000000e+01
5.965907148171268659e+01,1.000000000000000000e+00,3.900000000000000000e+01
5.986579441463040041e+01,1.000000000000000000e+00,3.900000000000000000e+01
6.134271769986777656e+01,1.000000000000000000e+00,3.900000000000000000e+01
5.992178924307692967e+01,1.000000000000000000e+00,3.900000000000000000e+01
5.854014666051492100e+01,1.000000000000000000e+00,3.900000000000000000e+01
6.009271272057252133e+01,1.000000000000000000e+00,3.900000000000000000e+01
6.125100311186720603e+01,1.000000000000000000e+00,3.900000000000000000e+01
5.939149759308496357e+01,1.000000000000000000e+00,3.900000000000000000e+01
5.942845840358390319e+01,1.000000000000000000e+00,3.900000000000000000e+01
5.924186956040661300e+01,1.000000000000000000e+00,3.900000000000000000e+01
6.002430347228614949e+01,1.000000000000000000e+00,3.900000000000000000e+01
6.137878967672736508e+01,1.000000000000000000e+00,3.900000000000000000e+01
5.772389512758584829e+01,1.000000000000000000e+00,3.900000000000000000e+01
6.160077726426784750e+01,1.000000000000000000e+00,4.000000000000000000e+01
6.308060170825865498e+01,1.000000000000000000e+00,4.000000000000000000e+01
6.193272800388720611e+01,1.000000000000000000e+00,4.000000000000000000e+01
5.893673086316490384e+01,1.000000000000000000e+00,4.000000000000000000e+01
6.000574798615257066e+01,1.000000000000000000e+00,4.000000000000000000e+01
5.908376352913553831e+01,1.000000000000000000e+00,4.000000000000000000e+01
5.995705786524463576e+01,1.000000000000000000e+00,4.000000000000000000e+01
6.033165151567369122e+01,1.000000000000000000e+00,4.000000000000000000e+01
6.111246095544044721e+01,1.000000000000000000e+00,4.000000000000000000e+01
6.053447154433143851e+01,1.000000000000000000e+00,4.000000000000000000e+01
6.363260764119663548e+01,1.000000000000000000e+00,4.000000000000000000e+01
5.993078507160824842e+01,1.000000000000000000e+00,4.000000000000000000e+01
6.204827097781478074e+01,1.000000000000000000e+00,4.000000000000000000e+01
6.276520446116238361e+01,1.000000000000000000e+00,4.000000000000000000e+01
6.183230333960101177e+01,1.000000000000000000e+00,4.000000000000000000e+01
5.782779330807444040e+01,1.000000000000000000e+00,4.000000000000000000e+01
5.828959494277740561e+01,1.000000000000000000e+00,4.000000000000000000e+01
6.469544724581896844e+01,1.000000000000000000e+00,4.000000000000000000e+01
5.628841384446815255e+01,1.000000000000000000e+00,4.000000000000000000e+01
6.001256196024845480e+01,1.000000000000000000e+00,4.000000000000000000e+01
6.112656205456399050e+01,1.000000000000000000e+00,4.000000000000000000e+01
6.212785672051928998e+01,1.000000000000000000e+00,4.000000000000000000e+01
6.095444967055553320e+01,1.000000000000000000e+00,4.000000000000000000e+01
6.022073812445302110e+01,1.000000000000000000e+00,4.000000000000000000e+01
5.983760762148366297e+01,1.000000000000000000e+00,4.000000000000000000e+01
5.903216948801121333e+01,1.000000000000000000e+00,4.000000000000000000e+01
6.059558692317327910e+01,1.000000000000000000e+00,4.000000000000000000e+01
5.969597605432880982e+01,1.000000000000000000e+00,4.000000000000000000e+01
6.129563994215416756e+01,1.000000000000000000e+00,4.000000000000000000e+01
5.932701664027662503e+01,1.000000000000000000e+00,4.000000000000000000e+01
5.920379688148115349e+01,1.000000000000000000e+00,4.000000000000000000e+01
6.162311245674474947e+01,1.000000000000000000e+00,4.000000000000000000e+01
6.465300901047996263e+01,1.000000000000000000e+00,4.000000000000000000e+01
6.208821376729608232e+01,1.000000000000000000e+00,4.000000000000000000e+01
6.180596481619939908e+01,1.000000000000000000e+00,4.000000000000000000e+01
5.981841866770827210e+01,1.000000000000000000e+00,4.000000000000000000e+01
6.313333390591071748e+01,1.000000000000000000e+00,4.000000000000000000e+01
6.303532729235372756e+01,1.000000000000000000e+00,4.000000000000000000e+01
5.943316002406753995e+01,1.000000000000000000e+00,4.000000000000000000e+01
6.080533420639602582e+01,1.000000000000000000e+00,4.000000000000000000e+01
6.375847643981855128e+01,1.000000000000000000e+00,4.000000000000000000e+01
6.155671846755616627e+01,1.000000000000000000e+00,4.000000000000000000e+01
6.586751170274349931e+01,1.000000000000000000e+00,4.000000000000000000e+01
5.820801559807451042e+01,1.000000000000000000e+00,4.000000000000000000e+01
6.201242078867969099e+01,1.000000000000000000e+00,4.000000000000000000e+01
6.143067558720763088e+01,1.000000000000000000e+00,4.100000000000000000e+01
5.684110751914015225e+01,1.000000000000000000e+00,4.100000000000000000e+01
5.984981433631178049e+01,1.000000000000000000e+00,4.100000000000000000e+01
5.660503347329989765e+01,1.000000000000000000e+00,4.100000000000000000e+01
6.110935777490986709e+01,1.000000000000000000e+00,4.100000000000000000e+01
5.870157566896844514e+01,1.000000000000000000e+00,4.100000000000000000e+01
6.012374976139909677e+01,1.000000000000000000e+00,4.100000000000000000e+01
5.806780105061447728e+01,1.000000000000000000e+00,4.100000000000000000e+01
6.311005051970531099e+01,1.000000000000000000e+00,4.100000000000000000e+01
5.863228212760487423e+01,1.000000000000000000e+00,4.100000000000000000e+01
6.105631374677382439e+01,1.000000000000000000e+00,4.100000000000000000e+01
6.125634383423108886e+01,1.000000000000000000e+00,4.100000000000000000e+01
5.995163950838878009e+01,1.000000000000000000e+00,4.100000000000000000e+01
6.228398848169156565e+01,1.000000000000000000e+00,4.100000000000000000e+01
6.388755367424359832e+01,1.000000000000000000e+00,4.100000000000000000e+01
5.960425898902879283e+01,1.000000000000000000e+00,4.100000000000000000e+01
6.025226434602483749e+01,1.000000000000000000e+00,4.100000000000000000e+01
5.960864329827634833e+01,1.000000000000000000e+00,4.100000000000000000e+01
6.157798895148566487e+01,1.000000000000000000e+00,4.100000000000000000e+01
6.334483590746540926e+01,1.000000000000000000e+00,4.100000000000000000e+01
6.056843971062970411e+01,1.000000000000000000e+00,4.100000000000000000e+01
6.317944252808074168e+01,1.000000000000000000e+00,4.100000000000000000e+01
6.397675116130280060e+01,1.000000000000000000e+00,4.100000000000000000e+01
6.303679941522533170e+01,1.000000000000000000e+00,4.100000000000000000e+01
6.201983003844159725e+01,1.000000000000000000e+00,4.100000000000000000e+01
6.050751645710995064e+01,1.000000000000000000e+00,4.100000000000000000e+01
6.147255922656474070e+01,1.000000000000000000e+00,4.100000000000000000e+01
6.165425227883855541e+01,1.000000000000000000e+00,4.100000000000000000e+01
6.263669217804439882e+01,1.000000000000000000e+00,4.100000000000000000e+01
6.382477527789680494e+01,1.000000000000000000e+00,4.100000000000000000e+01
5.828439848580912042e+01,1.000000000000000000e+00,4.100000000000000000e+01
5.855220067625315750e+01,1.000000000000000000e+00,4.100000000000000000e+01
6.091335093612589446e+01,1.000000000000000000e+00,4.100000000000000000e+01
6.009362021988518165e+01,1.000000000000000000e+00,4.100000000000000000e+01
6.216316750049082884e+01,1.000000000000000000e+00,4.100000000000000000e+01
5.917582211844311502e+01,1.000000000000000000e+00,4.100000000000000000e+01
6.301051136536558772e+01,1.000000000000000000e+00,4.100000000000000000e+01
6.067250035258139462e+01,1.000000000000000000e+00,4.100000000000000000e+01
6.370942150355985945e+01,1.000000000000000000e+00,4.100000000000000000e+01
5.912141096076047830e+01,1.000000000000000000e+00,4.100000000000000000e+01
6.147973725352895258e+01,1.000000000000000000e+00,4.100000000000000000e+01
6.094524410489638910e+01,1.000000000000000000e+00,4.100000000000000000e+01
6.088840179147307197e+01,1.000000000000000000e+00,4.100000000000000000e+01
6.101732314326170581e+01,1.000000000000000000e+00,4.100000000000000000e+01
6.096742589748468077e+01,1.000000000000000000e+00,4.200000000000000000e+01
6.265980446477335164e+01,1.000000000000000000e+00,4.200000000000000000e+01
6.152487356884770975e+01,1.000000000000000000e+00,4.200000000000000000e+01
6.176942577335506712e+01,1.000000000000000000e+00,4.200000000000000000e+01
6.359004035420848311e+01,1.000000000000000000e+00,4.200000000000000000e+01
6.046319526824619572e+01,1.000000000000000000e+00,4.200000000000000000e+01
6.382212285855535328e+01,1.000000000000000000e+00,4.200000000000000000e+01
6.227517142259478078e+01,1.000000000000000000e+00,4.200000000000000000e+01
6.206007091939240183e+01,1.000000000000000000e+00,4.200000000000000000e+01
6.103139959991187879e+01,1.000000000000000000e+00,4.200000000000000000e+01
5.887969542949704760e+01,1.000000000000000000e+00,4.200000000000000000e+01
6.100069702254921822e+01,1.000000000000000000e+00,4.200000000000000000e+01
5.735663633639822478e+01,1.000000000000000000e+00,4.200000000000000000e+01
6.248158592697134850e+01,1.000000000000000000e+00,4.200000000000000000e+01
6.330698552912336652e+01,1.000000000000000000e+00,4.200000000000000000e+01
6.132470740918358842e+01,1.000000000000000000e+00,4.200000000000000000e+01
6.533749842534732011e+01,1.000000000000000000e+00,4.200000000000000000e+01
6.108672809819655214e+01,1.000000000000000000e+00,4.200000000000000000e+01
6.388412191233734916e+01,1.000000000000000000e+00,4.200000000000000000e+01
6.225632795388309404e+01,1.000000000000000000e+00,4.200000000000000000e+01
6.257718622456921054e+01,1.000000000000000000e+00,4.200000000000000000e+01
6.210168189799554739e+01,1.000000000000000000e+00,4.200000000000000000e+01
6.445401368507960171e+01,1.000000000000000000e+00,4.200000000000000000e+01
6.034844460688024981e+01,1.000000000000000000e+00,4.200000000000000000e+01
6.342025918501843762e+01,1.000000000000000000e+00,4.200000000000000000e+01
6.264071580179419385e+01,1.000000000000000000e+00,4.200000000000000000e+01
6.386796559979235610e+01,1.000000000000000000e+00,4.200000000000000000e+01
6.108386804132054237e+01,1.000000000000000000e+00,4.200000000000000000e+01
6.376442477001318565e+01,1.000000000000000000e+00,4.200000000000000000e+01
6.174414712318172604e+01,1.000000000000000000e+00,4.200000000000000000e+01
6.035194868468477836e+01,1.000000000000000000e+00,4.200000000000000000e+01
5.959349621336980363e+01,1.000000000000000000e+00,4.200000000000000000e+01
5.743703553385346794e+01,1.000000000000000000e+00,4.200000000000000000e+01
6.173638244491380078e+01,1.000000000000000000e+00,4.200000000000000000e+01
5.997254200855539352e+01,1.000000000000000000e+00,4.200000000000000000e+01
5.759284761245602624e+01,1.000000000000000000e+00,4.200000000000000000e+01
5.868637014871894308e+01,1.000000000000000000e+00,4.200000000000000000e+01
6.094273563625951340e+01,1.000000000000000000e+00,4.200000000000000000e+01
5.796368856868849662e+01,1.000000000000000000e+00,4.200000000000000000e+01
5.954287852407455972e+01,1.000000000000000000e+00,4.200000000000000000e+01
6.177267412129645408e+01,1.000000000000000000e+00,4.200000000000000000e+01
6.482153621248565400e+01,1.000000000000000000e+00,4.200000000000000000e+01
6.155146298325015408e+01,1.000000000000000000e+00,4.200000000000000000e+01
6.114866679654363679e+01,1.000000000000000000e+00,4.200000000000000000e+01
6.607667262097959338e+01,1.000000000000000000e+00,4.200000000000000000e+01
6.110301901812973568e+01,1.000000000000000000e+00,4.300000000000000000e+01
6.448348830219127592e+01,1.000000000000000000e+00,4.300000000000000000e+01
6.370807678244054273e+01,1.000000000000000000e+00,4.300000000000000000e+01
6.162544715005752494e+01,1.000000000000000000e+00,4.300000000000000000e+01
6.370568653154263927e+01,1.000000000000000000e+00,4.300000000000000000e+01
6.233742545621659303e+01,1.000000000000000000e+00,4.300000000000000000e+01
6.368323175627303101e+01,1.000000000000000000e+00,4.300000000000000000e+01
6.186571410455794506e+01,1.000000000000000000e+00,4.300000000000000000e+01
6.527343219365636173e+01,1.000000000000000000e+00,4.300000000000000000e+01
6.715175204086018823e+01,1.000000000000000000e+00,4.300000000000000000e+01
6.180741162959627388e+01,1.000000000000000000e+00,4.300000000000000000e+01
6.163628657542255951e+01,1.000000000000000000e+00,4.300000000000000000e+01
6.330887844665427622e+01,1.000000000000000000e+00,4.300000000000000000e+01
6.247936192616658246e+01,1.000000000000000000e+00,4.300000000000000000e+01
6.369072653517402927e+01,1.000000000000000000e+00,4.300000000000000000e+01
6.541762199044552517e+01,1.000000000000000000e+00,4.300000000000000000e+01
6.367652884871449004e+01,1.000000000000000000e+00,4.300000000000000000e+01
6.141410340746791974e+01,1.000000000000000000e+00,4.300000000000000000e+01
6.128422306015970378e+01,1.000000000000000000e+00,4.300000000000000000e+01
6.211426192361471976e+01,1.000000000000000000e+00,4.300000000000000000e+01
6.244947269143596458e+01,1.000000000000000000e+00,4.300000000000000000e+01
6.527951372074350900e+01,1.000000000000000000e+00,4.300000000000000000e+01
6.552442797151806531e+01,1.000000000000000000e+00,4.300000000000000000e+01
6.334100549654982615e+01,1.000000000000000000e+00,4.300000000000000000e+01
5.916663656484693234e+01,1.000000000000000000e+00,4.300000000000000000e+01
6.468451131439015001e+01,1.000000000000000000e+00,4.300000000000000000e+01
6.455976269078738028e+01,1.000000000000000000e+00,4.300000000000000000e+01
6.631298615893737747e+01,1.000000000000000000e+00,4.300000000000000000e+01
6.273426181851858985e+01,1.000000000000000000e+00,4.300000000000000000e+01
6.541275236769453727e+01,1.000000000000000000e+00,4.300000000000000000e+01
6.052255529589961469e+01,1.000000000000000000e+00,4.300000000000000000e+01
6.654386792116538629e+01,1.000000000000000000e+00,4.300000000000000000e+01
6.879243422487986948e+01,1.000000000000000000e+00,4.300000000000000000e+01
5.875531752519016493e+01,1.000000000000000000e+00,4.300000000000000000e+01
6.426724592153595950e+01,1.000000000000000000e+00,4.300000000000000000e+01
6.651015810188864918e+01,1.000000000000000000e+00,4.300000000000000000e+01
6.561111170014447680e+01,1.000000000000000000e+00,4.300000000000000000e+01
6.406531966248971344e+01,1.000000000000000000e+00,4.300000000000000000e+01
6.788515962168314388e+01,1.000000000000000000e+00,4.300000000000000000e+01
6.210772107295643707e+01,1.000000000000000000e+00,4.300000000000000000e+01
6.327823285347457016e+01,1.000000000000000000e+00,4.300000000000000000e+01
6.555522630279929786e+01,1.000000000000000000e+00,4.300000000000000000e+01
6.551404642180023075e+01,1.000000000000000000e+00,4.300000000000000000e+01
6.072358039605444446e+01,1.000000000000000000e+00,4.300000000000000000e+01
6.613189544326273506e+01,1.000000000000000000e+00,4.400000000000000000e+01
6.526670084111448489e+01,1.000000000000000000e+00,4.400000000000000000e+01
6.486644608843865001e+01,1.000000000000000000e+00,4.400000000000000000e+01
6.719631852055586307e+01,1.000000000000000000e+00,4.400000000000000000e+01
6.238592323878005175e+01,1.000000000000000000e+00,4.400000000000000000e+01
6.346757279168743082e+01,1.000000000000000000e+00,4.400000000000000000e+01
6.604695031957565732e+01,1.000000000000000000e+00,4.400000000000000000e+01
6.972421213375614002e+01,1.000000000000000000e+00,4.400000000000000000e+01
6.502845411961230582e+01,1.000000000000000000e+00,4.400000000000000000e+01
6.623971831098575080e+01,1.000000000000000000e+00,4.400000000000000000e+01
6.285871991459197972e+01,1.000000000000000000e+00,4.400000000000000000e+01
6.669590715266456016e+01,1.000000000000000000e+00,4.400000000000000000e+01
6.471108884704374020e+01,1.000000000000000000e+00,4.400000000000000000e+01
6.361557108476169731e+01,1.000000000000000000e+00,4.400000000000000000e+01
6.782141427305506909e+01,1.000000000000000000e+00,4.400000000000000000e+01
6.381362098204560596e+01,1.000000000000000000e+00,4.400000000000000000e+01
6.735155277933353091e+01,1.000000000000000000e+00,4.400000000000000000e+01
6.457169619750678180e+01,1.000000000000000000e+00,4.400000000000000000e+01
6.152529427463140621e+01,1.000000000000000000e+00,4.400000000000000000e+01
6.676257843540327030e+01,1.000000000000000000e+00,4.400000000000000000e+01
6.565632322690146339e+01,1.000000000000000000e+00,4.400000000000000000e+01
6.307421696501985764e+01,1.000000000000000000e+00,4.400000000000000000e+01
6.600778666987353915e+01,1.000000000000000000e+00,4.400000000000000000e+01
6.807185390388313806e+01,1.000000000000000000e+00,4.400000000000000000e+01
6.624148104801865600e+01,1.000000000000000000e+00,4.400000000000000000e+01
6.389444419795790964e+01,1.000000000000000000e+00,4.400000000000000000e+01
6.350368708780075622e+01,1.000000000000000000e+00,4.400000000000000000e+01
6.992153218568191164e+01,1.000000000000000000e+00,4.400000000000000000e+01
6.613611036674976162e+01,1.000000000000000000e+00,4.400000000000000000e+01
6.445564402033357965e+01,1.000000000000000000e+00,4.400000000000000000e+01
6.486435313365817024e+01,1.000000000000000000e+00,4.400000000000000000e+01
6.418892034506990285e+01,1.000000000000000000e+00,4.400000000000000000e+01
6.687658775205640893e+01,1.000000000000000000e+00,4.400000000000000000e+01
6.704197399373151711e+01,1.000000000000000000e+00,4.400000000000000000e+01
6.523667154706549809e+01,1.000000000000000000e+00,4.400000000000000000e+01
6.549669236631135050e+01,1.000000000000000000e+00,4.400000000000000000e+01
6.488957797005923567e+01,1.000000000000000000e+00,4.400000000000000000e+01
6.722281913348541593e+01,1.000000000000000000e+00,4.400000000000000000e+01
6.854601913112256284e+01,1.000000000000000000e+00,4.400000000000000000e+01
6.179585471964507803e+01,1.000000000000000000e+00,4.400000000000000000e+01
6.753597126612562818e+01,1.000000000000000000e+00,4.400000000000000000e+01
6.496708405157569644e+01,1.000000000000000000e+00,4.400000000000000000e+01
6.599784459641553269e+01,1.000000000000000000e+00,4.400000000000000000e+01
6.749940570623545000e+01,1.000000000000000000e+00,4.400000000000000000e+01
6.895890016658169941e+01,1.000000000000000000e+00,4.500000000000000000e+01
6.647679822139328110e+01,1.000000000000000000e+00,4.500000000000000000e+01
6.513462662277972015e+01,1.000000000000000000e+00,4.500000000000000000e+01
6.771860028911905260e+01,1.000000000000000000e+00,4.500000000000000000e+01
6.509619329554787726e+01,1.000000000000000000e+00,4.500000000000000000e+01
7.063727273106931648e+01,1.000000000000000000e+00,4.500000000000000000e+01
6.842514384100746838e+01,1.000000000000000000e+00,4.500000000000000000e+01
6.747502490069201997e+01,1.000000000000000000e+00,4.500000000000000000e+01
6.712320334987610693e+01,1.000000000000000000e+00,4.500000000000000000e+01
6.661899912255120171e+01,1.000000000000000000e+00,4.500000000000000000e+01
6.296267600130079245e+01,1.000000000000000000e+00,4.500000000000000000e+01
6.578697881390181124e+01,1.000000000000000000e+00,4.500000000000000000e+01
6.524584172765958101e+01,1.000000000000000000e+00,4.500000000000000000e+01
6.628490188388950344e+01,1.000000000000000000e+00,4.500000000000000000e+01
6.411756613542171124e+01,1.000000000000000000e+00,4.500000000000000000e+01
6.597661062082850947e+01,1.000000000000000000e+00,4.500000000000000000e+01
6.627225614483714367e+01,1.000000000000000000e+00,4.500000000000000000e+01
6.601626472588684180e+01,1.000000000000000000e+00,4.500000000000000000e+01
6.849310377463709187e+01,1.000000000000000000e+00,4.500000000000000000e+01
6.818990405168675295e+01,1.000000000000000000e+00,4.500000000000000000e+01
6.703409470476574938e+01,1.000000000000000000e+00,4.500000000000000000e+01
6.961725593892928998e+01,1.000000000000000000e+00,4.500000000000000000e+01
6.821242464448077669e+01,1.000000000000000000e+00,4.500000000000000000e+01
6.509646490842487765e+01,1.000000000000000000e+00,4.500000000000000000e+01
6.502500170885130615e+01,1.000000000000000000e+00,4.500000000000000000e+01
6.648653178461049151e+01,1.000000000000000000e+00,4.500000000000000000e+01
7.145566145168012895e+01,1.000000000000000000e+00,4.500000000000000000e+01
6.925008987397610838e+01,1.000000000000000000e+00,4.500000000000000000e+01
6.482557033933856871e+01,1.000000000000000000e+00,4.500000000000000000e+01
6.368898166397953275e+01,1.000000000000000000e+00,4.500000000000000000e+01
6.704285847815953048e+01,1.000000000000000000e+00,4.500000000000000000e+01
7.062961033286234169e+01,1.000000000000000000e+00,4.500000000000000000e+01
6.535201831840107900e+01,1.000000000000000000e+00,4.500000000000000000e+01
6.720874118780017170e+01,1.000000000000000000e+00,4.500000000000000000e+01
6.842027627130435974e+01,1.000000000000000000e+00,4.500000000000000000e+01
6.727608110943454278e+01,1.000000000000000000e+00,4.500000000000000000e+01
6.915351917618232847e+01,1.000000000000000000e+00,4.500000000000000000e+01
6.928107527084682715e+01,1.000000000000000000e+00,4.500000000000000000e+01
6.792176887856605561e+01,1.000000000000000000e+00,4.500000000000000000e+01
6.961619382714556536e+01,1.000000000000000000e+00,4.500000000000000000e+01
6.499868842826212756e+01,1.000000000000000000e+00,4.500000000000000000e+01
6.665507072892539497e+01,1.000000000000000000e+00,4.500000000000000000e+01
6.920709987876915648e+01,1.000000000000000000e+00,4.500000000000000000e+01
6.712234570699351366e+01,1.000000000000000000e+00,4.500000000000000000e+01
6.889372044854620469e+01,1.000000000000000000e+00,4.500000000000000000e+01
7.064662475555849142e+01,1.000000000000000000e+00,4.600000000000000000e+01
6.847849403111651156e+01,1.000000000000000000e+00,4.600000000000000000e+01
6.749566527643744962e+01,1.000000000000000000e+00,4.600000000000000000e+01
7.108443123367578664e+01,1.000000000000000000e+00,4.600000000000000000e+01
6.714119179341115284e+01,1.000000000000000000e+00,4.600000000000000000e+01
7.030732952583676365e+01,1.000000000000000000e+00,4.600000000000000000e+01
6.360608736913169281e+01,1.000000000000000000e+00,4.600000000000000000e+01
7.131777310901568967e+01,1.000000000000000000e+00,4.600000000000000000e+01
6.834432552717167653e+01,1.000000000000000000e+00,4.600000000000000000e+01
7.073828870848808492e+01,1.000000000000000000e+00,4.600000000000000000e+01
7.214109822858911514e+01,1.000000000000000000e+00,4.600000000000000000e+01
7.065809244241894760e+01,1.000000000000000000e+00,4.600000000000000000e+01
6.995728491213013456e+01,1.000000000000000000e+00,4.600000000000000000e+01
6.888207115113783630e+01,1.000000000000000000e+00,4.600000000000000000e+01
7.247595499036532374e+01,1.000000000000000000e+00,4.600000000000000000e+01
6.810703934624022793e+01,1.000000000000000000e+00,4.600000000000000000e+01
6.858699232686009850e+01,1.000000000000000000e+00,4.600000000000000000e+01
6.980188387074541367e+01,1.000000000000000000e+00,4.600000000000000000e+01
6.497382012385749306e+01,1.000000000000000000e+00,4.600000000000000000e+01
6.952396731159703336e+01,1.000000000000000000e+00,4.600000000000000000e+01
6.711617001740067678e+01,1.000000000000000000e+00,4.600000000000000000e+01
7.102661982685307862e+01,1.000000000000000000e+00,4.600000000000000000e+01
6.942644705408351058e+01,1.000000000000000000e+00,4.600000000000000000e+01
6.950570869310587341e+01,1.000000000000000000e+00,4.600000000000000000e+01
7.123599969860630665e+01,1.000000000000000000e+00,4.600000000000000000e+01
6.996991299872767911e+01,1.000000000000000000e+00,4.600000000000000000e+01
7.048758397081597593e+01,1.000000000000000000e+00,4.600000000000000000e+01
7.225024841805986853e+01,1.000000000000000000e+00,4.600000000000000000e+01
6.606605665661838600e+01,1.000000000000000000e+00,4.600000000000000000e+01
6.917995348381644760e+01,1.000000000000000000e+00,4.600000000000000000e+01
7.304818314831200610e+01,1.000000000000000000e+00,4.600000000000000000e+01
6.928930749140684497e+01,1.000000000000000000e+00,4.600000000000000000e+01
6.855255746638547976e+01,1.000000000000000000e+00,4.600000000000000000e+01
6.974164763386924903e+01,1.000000000000000000e+00,4.600000000000000000e+01
6.958066977842379686e+01,1.000000000000000000e+00,4.600000000000000000e+01
7.040108785822278037e+01,1.000000000000000000e+00,4.600000000000000000e+01
7.354431795066254551e+01,1.000000000000000000e+00,4.600000000000000000e+01
7.118236665044356926e+01,1.000000000000000000e+00,4.600000000000000000e+01
7.304166109439462673e+01,1.000000000000000000e+00,4.600000000000000000e+01
7.444313138568665522e+01,1.000000000000000000e+00,4.600000000000000000e+01
7.236771677428221494e+01,1.000000000000000000e+00,4.600000000000000000e+01
6.784659108505785241e+01,1.000000000000000000e+00,4.600000000000000000e+01
6.875016714225830583e+01,1.000000000000000000e+00,4.600000000000000000e+01
6.988022017167038769e+01,1.000000000000000000e+00,4.600000000000000000e+01
7.289697156445180326e+01,1.000000000000000000e+00,4.700000000000000000e+01
7.574398422597253955e+01,1.000000000000000000e+00,4.700000000000000000e+01
7.144147777922273690e+01,1.000000000000000000e+00,4.700000000000000000e+01
7.020717027383423670e+01,1.000000000000000000e+00,4.700000000000000000e+01
7.068403022730637986e+01,1.000000000000000000e+00,4.700000000000000000e+01
7.192782072556994422e+01,1.000000000000000000e+00,4.700000000000000000e+01
6.826284133282078415e+01,1.000000000000000000e+00,4.700000000000000000e+01
7.181118699124375837e+01,1.000000000000000000e+00,4.700000000000000000e+01
7.154539141228627841e+01,1.000000000000000000e+00,4.700000000000000000e+01
7.259567155480256417e+01,1.000000000000000000e+00,4.700000000000000000e+01
7.101990079020258406e+01,1.000000000000000000e+00,4.700000000000000000e+01
7.378566261680163052e+01,1.000000000000000000e+00,4.700000000000000000e+01
7.296694679111151061e+01,1.000000000000000000e+00,4.700000000000000000e+01
7.200228977318616330e+01,1.000000000000000000e+00,4.700000000000000000e+01
7.157686983126775715e+01,1.000000000000000000e+00,4.700000000000000000e+01
7.256499192026144840e+01,1.000000000000000000e+00,4.700000000000000000e+01
7.718234783743913852e+01,1.000000000000000000e+00,4.700000000000000000e+01
7.335988659995857120e+01,1.000000000000000000e+00,4.700000000000000000e+01
7.389235313358631174e+01,1.000000000000000000e+00,4.700000000000000000e+01
7.517601703984053074e+01,1.000000000000000000e+00,4.700000000000000000e+01
7.289561068987485726e+01,1.000000000000000000e+00,4.700000000000000000e+01
7.264077146497453441e+01,1.000000000000000000e+00,4.700000000000000000e+01
7.328710725031862694e+01,1.000000000000000000e+00,4.700000000000000000e+01
7.822586111821235022e+01,1.000000000000000000e+00,4.700000000000000000e+01
6.962168261533474833e+01,1.000000000000000000e+00,4.700000000000000000e+01
7.461434175654892442e+01,1.000000000000000000e+00,4.700000000000000000e+01
7.076934367977909801e+01,1.000000000000000000e+00,4.700000000000000000e+01
7.372152292247643857e+01,1.000000000000000000e+00,4.700000000000000000e+01
7.186265116071427883e+01,1.000000000000000000e+00,4.700000000000000000e+01
7.276643541548475014e+01,1.000000000000000000e+00,4.700000000000000000e+01
7.457965075167514613e+01,1.000000000000000000e+00,4.700000000000000000e+01
7.146281241536527773e+01,1.000000000000000000e+00,4.700000000000000000e+01
7.233360979620997000e+01,1.000000000000000000e+00,4.700000000000000000e+01
7.680093592575451567e+01,1.000000000000000000e+00,4.700000000000000000e+01
7.051307149104202665e+01,1.000000000000000000e+00,4.700000000000000000e+01
7.454363385432147027e+01,1.000000000000000000e+00,4.700000000000000000e+01
7.090601743989019212e+01,1.000000000000000000e+00,4.700000000000000000e+01
7.049621222456795522e+01,1.000000000000000000e+00,4.700000000000000000e+01
7.574386848997406219e+01,1.000000000000000000e+00,4.700000000000000000e+01
7.497392389409152713e+01,1.000000000000000000e+00,4.700000000000000000e+01
7.256044638053334950e+01,1.000000000000000000e+00,4.700000000000000000e+01
7.778432094663949670e+01,1.000000000000000000e+00,4.700000000000000000e+01
7.159937107193604788e+01,1.000000000000000000e+00,4.700000000000000000e+01
7.316966360073651288e+01,1.000000000000000000e+00,4.700000000000000000e+01
7.286039664333688393e+01,1.000000000000000000e+00,4.700000000000000000e+01
7.360601787645590832e+01,1.000000000000000000e+00,4.800000000000000000e+01
7.489483309042705628e+01,1.000000000000000000e+00,4.800000000000000000e+01
7.641521700684300811e+01,1.000000000000000000e+00,4.800000000000000000e+01
7.603062829920440890e+01,1.000000000000000000e+00,4.800000000000000000e+01
7.375854237502204569e+01,1.000000000000000000e+00,4.800000000000000000e+01
7.703537737158177379e+01,1.000000000000000000e+00,4.800000000000000000e+01
7.658205449295860490e+01,1.000000000000000000e+00,4.800000000000000000e+01
7.610280048628516170e+01,1.000000000000000000e+00,4.800000000000000000e+01
7.649882071573406961e+01,1.000000000000000000e+00,4.800000000000000000e+01
7.191265684601299313e+01,1.000000000000000000e+00,4.800000000000000000e+01
7.166993388547869870e+01,1.000000000000000000e+00,4.800000000000000000e+01
7.466563035595113718e+01,1.000000000000000000e+00,4.800000000000000000e+01
7.780190196313628803e+01,1.000000000000000000e+00,4.800000000000000000e+01
7.237599059906318644e+01,1.000000000000000000e+00,4.800000000000000000e+01
7.302216951752095042e+01,1.000000000000000000e+00,4.800000000000000000e+01
7.641184115489295436e+01,1.000000000000000000e+00,4.800000000000000000e+01
7.366686181949312129e+01,1.000000000000000000e+00,4.800000000000000000e+01
7.480637555505431635e+01,1.000000000000000000e+00,4.800000000000000000e+01
7.514583021483093717e+01,1.000000000000000000e+00,4.800000000000000000e+01
7.473233107230581140e+01,1.000000000000000000e+00,4.800000000000000000e+01
7.304168451810120644e+01,1.000000000000000000e+00,4.800000000000000000e+01
7.682946756565264934e+01,1.000000000000000000e+00,4.800000000000000000e+01
7.185119964504902157e+01,1.000000000000000000e+00,4.800000000000000000e+01
7.677888926244668255e+01,1.000000000000000000e+00,4.800000000000000000e+01
7.658691091843151355e+01,1.000000000000000000e+00,4.800000000000000000e+01
7.857425333649194954e+01,1.000000000000000000e+00,4.800000000000000000e+01
7.599556456483881561e+01,1.000000000000000000e+00,4.800000000000000000e+01
7.657084994422596935e+01,1.000000000000000000e+00,4.800000000000000000e+01
7.629426718803048857e+01,1.000000000000000000e+00,4.800000000000000000e+01
7.636199766019822732e+01,1.000000000000000000e+00,4.800000000000000000e+01
7.682029026829854956e+01,1.000000000000000000e+00,4.800000000000000000e+01
7.367403532767826846e+01,1.000000000000000000e+00,4.800000000000000000e+01
7.118118912060036507e+01,1.000000000000000000e+00,4.800000000000000000e+01
7.690311434366472554e+01,1.000000000000000000e+00,4.800000000000000000e+01
7.806828761361154534e+01,1.000000000000000000e+00,4.800000000000000000e+01
7.984317401367189859e+01,1.000000000000000000e+00,4.800000000000000000e+01
7.870953007948881464e+01,1.000000000000000000e+00,4.800000000000000000e+01
7.920011937931825230e+01,1.000000000000000000e+00,4.800000000000000000e+01
7.578564618721382828e+01,1.000000000000000000e+00,4.800000000000000000e+01
7.744823354333813370e+01,1.000000000000000000e+00,4.800000000000000000e+01
7.612570647439051186e+01,1.000000000000000000e+00,4.800000000000000000e+01
7.280720940952048181e+01,1.000000000000000000e+00,4.800000000000000000e+01
7.768645345994363538e+01,1.000000000000000000e+00,4.800000000000000000e+01
8.204322416921715444e+01,1.000000000000000000e+00,4.800000000000000000e+01
7.764698268494254307e+01,1.000000000000000000e+00,4.900000000000000000e+01
7.726190287245422894e+01,1.000000000000000000e+00,4.900000000000000000e+01
7.847817959145692157e+01,1.000000000000000000e+00,4.900000000000000000e+01
7.621766060836411327e+01,1.000000000000000000e+00,4.900000000000000000e+01
8.090987183336321209e+01,1.000000000000000000e+00,4.900000000000000000e+01
7.634473566328597371e+01,1.000000000000000000e+00,4.900000000000000000e+01
8.170165194151300625e+01,1.000000000000000000e+00,4.900000000000000000e+01
7.774417033034401925e+01,1.000000000000000000e+00,4.900000000000000000e+01
8.101371907108079995e+01,1.000000000000000000e+00,4.900000000000000000e+01
7.744005199376856297e+01,1.000000000000000000e+00,4.900000000000000000e+01
8.172544033519891116e+01,1.000000000000000000e+00,4.900000000000000000e+01
7.782631534512313465e+01,1.000000000000000000e+00,4.900000000000000000e+01
7.530791047512316538e+01,1.000000000000000000e+00,4.900000000000000000e+01
7.738993028585164780e+01,1.000000000000000000e+00,4.900000000000000000e+01
7.955681088757448549e+01,1.000000000000000000e+00,4.900000000000000000e+01
7.436919369671879565e+01,1.000000000000000000e+00,4.900000000000000000e+01
8.029745696011650580e+01,1.000000000000000000e+00,4.900000000000000000e+01
8.019520921708132732e+01,1.000000000000000000e+00,4.900000000000000000e+01
8.299957744779439395e+01,1.000000000000000000e+00,4.900000000000000000e+01
7.968565839874469248e+01,1.000000000000000000e+00,4.900000000000000000e+01
7.662485319828243746e+01,1.000000000000000000e+00,4.900000000000000000e+01
7.974661126718098103e+01,1.000000000000000000e+00,4.900000000000000000e+01
7.787264161159066589e+01,1.000000000000000000e+00,4.900000000000000000e+01
7.961306050032844439e+01,1.000000000000000000e+00,4.900000000000000000e+01
8.228740243519293074e+01,1.000000000000000000e+00,4.900000000000000000e+01
8.137124073853826189e+01,1.000000000000000000e+00,4.900000000000000000e+01
8.014667269163709307e+01,1.000000000000000000e+00,4.900000000000000000e+01
7.562595753674514754e+01,1.000000000000000000e+00,4.900000000000000000e+01
8.260909812433060040e+01,1.000000000000000000e+00,4.900000000000000000e+01
8.284623216320214567e+01,1.000000000000000000e+00,4.900000000000000000e+01
8.077583933965628660e+01,1.000000000000000000e+00,4.900000000000000000e+01
8.145242573760859273e+01,1.000000000000000000e+00,4.900000000000000000e+01
7.827846391796641967e+01,1.000000000000000000e+00,4.900000000000000000e+01
8.089568243969236505e+01,1.000000000000000000e+00,4.900000000000000000e+01
8.301849525497073046e+01,1.000000000000000000e+00,4.900000000000000000e+01
8.132727673016889014e+01,1.000000000000000000e+00,4.900000000000000000e+01
8.264161782927317290e+01,1.000000000000000000e+00,4.900000000000000000e+01
8.070227186842134870e+01,1.000000000000000000e+00,4.900000000000000000e+01
8.118583619981045274e+01,1.000000000000000000e+00,4.900000000000000000e+01
8.329127319804055674e+01,1.000000000000000000e+00,4.900000000000000000e+01
8.145667408271049226e+01,1.000000000000000000e+00,4.900000000000000000e+01
7.786882868348774878e+01,1.000000000000000000e+00,4.900000000000000000e+01
7.725673703256727265e+01,1.000000000000000000e+00,4.900000000000000000e+01
7.838590343233948943e+01,1.000000000000000000e+00,4.900000000000000000e+01
8.026908731162330923e+01,1.000000000000000000e+00,4.900000000000000000e+01
8.247427617893555407e+01,1.000000000000000000e+00,5.000000000000000000e+01
8.514498277261643011e+01,1.000000000000000000e+00,5.000000000000000000e+01
8.345452268191010603e+01,1.000000000000000000e+00,5.000000000000000000e+01
8.172440849759752268e+01,1.000000000000000000e+00,5.000000000000000000e+01
8.155960253806938454e+01,1.000000000000000000e+00,5.000000000000000000e+01
8.503742802800489642e+01,1.000000000000000000e+00,5.000000000000000000e+01
8.333333526955388493e+01,1.000000000000000000e+00,5.000000000000000000e+01
7.977326413289868867e+01,1.000000000000000000e+00,5.000000000000000000e+01
8.261518841206282104e+01,1.000000000000000000e+00,5.000000000000000000e+01
8.128868789017897711e+01,1.000000000000000000e+00,5.000000000000000000e+01
8.183379314153930295e+01,1.000000000000000000e+00,5.000000000000000000e+01
8.197401263880317401e+01,1.000000000000000000e+00,5.000000000000000000e+01
8.671946745279019808e+01,1.000000000000000000e+00,5.000000000000000000e+01
8.734715944663199139e+01,1.000000000000000000e+00,5.000000000000000000e+01
8.325624934911667197e+01,1.000000000000000000e+00,5.000000000000000000e+01
8.122030952309771124e+01,1.000000000000000000e+00,5.000000000000000000e+01
8.480492895899539008e+01,1.000000000000000000e+00,5.000000000000000000e+01
8.630814877333625645e+01,1.000000000000000000e+00,5.000000000000000000e+01
8.311321570219391219e+01,1.000000000000000000e+00,5.000000000000000000e+01
8.431565734773170107e+01,1.000000000000000000e+00,5.000000000000000000e+01
8.583597634816936761e+01,1.000000000000000000e+00,5.000000000000000000e+01
8.507824594078144287e+01,1.000000000000000000e+00,5.000000000000000000e+01
8.542500156102715891e+01,1.000000000000000000e+00,5.000000000000000000e+01
8.346054199071305391e+01,1.000000000000000000e+00,5.000000000000000000e+01
8.214984734923621090e+01,1.000000000000000000e+00,5.000000000000000000e+01
8.216295779221692896e+01,1.000000000000000000e+00,5.000000000000000000e+01
8.291826653463871821e+01,1.000000000000000000e+00,5.000000000000000000e+01
8.526821288240606123e+01,1.000000000000000000e+00,5.000000000000000000e+01
8.401808512553580499e+01,1.000000000000000000e+00,5.000000000000000000e+01
8.595352221242794144e+01,1.000000000000000000e+00,5.000000000000000000e+01
8.403492228776434558e+01,1.000000000000000000e+00,5.000000000000000000e+01
8.356320420404600213e+01,1.000000000000000000e+00,5.000000000000000000e+01
8.880003677673366269e+01,1.000000000000000000e+00,5.000000000000000000e+01
8.376652265558630006e+01,1.000000000000000000e+00,5.000000000000000000e+01
8.429915821827960087e+01,1.000000000000000000e+00,5.000000000000000000e+01
8.403165639569050427e+01,1.000000000000000000e+00,5.000000000000000000e+01
8.233118183260086198e+01,1.000000000000000000e+00,5.000000000000000000e+01
8.467629618102549216e+01,1.000000000000000000e+00,5.000000000000000000e+01
8.592942706975759393e+01,1.000000000000000000e+00,5.000000000000000000e+01
8.177553629082365205e+01,1.000000000000000000e+00,5.000000000000000000e+01
8.337960254736667309e+01,1.000000000000000000e+00,5.000000000000000000e+01
8.685315174573869967e+01,1.000000000000000000e+00,5.000000000000000000e+01
8.675810295594139632e+01,1.000000000000000000e+00,5.000000000000000000e+01
8.281322332505479267e+01,1.000000000000000000e+00,5.000000000000000000e+01
8.685885801532427308e+01,1.000000000000000000e+00,5.100000000000000000e+01
8.322087919265126743e+01,1.000000000000000000e+00,5.100000000000000000e+01
8.382501005646204817e+01,1.000000000000000000e+00,5.100000000000000000e+01
8.876609308705678814e+01,1.000000000000000000e+00,5.100000000000000000e+01
8.757321027048473638e+01,1.000000000000000000e+00,5.100000000000000000e+01
8.747735748411756163e+01,1.000000000000000000e+00,5.100000000000000000e+01
8.472669424162913288e+01,1.000000000000000000e+00,5.100000000000000000e+01
8.753398757069101066e+01,1.000000000000000000e+00,5.100000000000000000e+01
8.666715000782608058e+01,1.000000000000000000e+00,5.100000000000000000e+01
8.735665782458909234e+01,1.000000000000000000e+00,5.100000000000000000e+01
8.437819859926378285e+01,1.000000000000000000e+00,5.100000000000000000e+01
8.781377465444813879e+01,1.000000000000000000e+00,5.100000000000000000e+01
8.753999743384281373e+01,1.000000000000000000e+00,5.100000000000000000e+01
8.622354859439548136e+01,1.000000000000000000e+00,5.100000000000000000e+01
8.463224122913230474e+01,1.000000000000000000e+00,5.100000000000000000e+01
8.608938361050772414e+01,1.000000000000000000e+00,5.100000000000000000e+01
8.942761553769835814e+01,1.000000000000000000e+00,5.100000000000000000e+01
8.520133824441236925e+01,1.000000000000000000e+00,5.100000000000000000e+01
8.910792011097493059e+01,1.000000000000000000e+00,5.100000000000000000e+01
9.216919969357526554e+01,1.000000000000000000e+00,5.100000000000000000e+01
8.766688309952820646e+01,1.000000000000000000e+00,5.100000000000000000e+01
9.061826052739121451e+01,1.000000000000000000e+00,5.100000000000000000e+01
8.772716016027720798e+01,1.000000000000000000e+00,5.100000000000000000e+01
8.833766303335477232e+01,1.000000000000000000e+00,5.100000000000000000e+01
8.802814597675555319e+01,1.000000000000000000e+00,5.100000000000000000e+01
8.301807717539215048e+01,1.000000000000000000e+00,5.100000000000000000e+01
8.645149055000754856e+01,1.000000000000000000e+00,5.100000000000000000e+01
8.722056352759339859e+01,1.000000000000000000e+00,5.100000000000000000e+01
8.712581265299203892e+01,1.000000000000000000e+00,5.100000000000000000e+01
8.903735223160265377e+01,1.000000000000000000e+00,5.100000000000000000e+01
8.740578728150902066e+01,1.000000000000000000e+00,5.100000000000000000e+01
8.716795101768269660e+01,1.000000000000000000e+00,5.100000000000000000e+01
8.894141724440756036e+01,1.000000000000000000e+00,5.100000000000000000e+01
8.985371644631469223e+01,1.000000000000000000e+00,5.100000000000000000e+01
8.863727974372091012e+01,1.000000000000000000e+00,5.100000000000000000e+01
9.299395292008011893e+01,1.000000000000000000e+00,5.100000000000000000e+01
9.158102725860453575e+01,1.000000000000000000e+00,5.100000000000000000e+01
8.857513515352937361e+01,1.000000000000000000e+00,5.100000000000000000e+01
8.716280535308260369e+01,1.000000000000000000e+00,5.100000000000000000e+01
8.751893552497330120e+01,1.000000000000000000e+00,5.100000000000000000e+01
8.693058181457205080e+01,1.000000000000000000e+00,5.100000000000000000e+01
8.687831659219040148e+01,1.000000000000000000e+00,5.100000000000000000e+01
9.087745799139314329e+01,1.000000000000000000e+00,5.100000000000000000e+01
8.957334866082678104e+01,1.000000000000000000e+00,5.100000000000000000e+01
8.581652293996353364e+01,1.000000000000000000e+00,5.100000000000000000e+01
8.883329128369294381e+01,1.000000000000000000e+00,5.200000000000000000e+01
9.097055366262827647e+01,1.000000000000000000e+00,5.200000000000000000e+01
9.052148580430693414e+01,1.000000000000000000e+00,5.200000000000000000e+01
9.493471699272301123e+01,1.000000000000000000e+00,5.200000000000000000e+01
9.544073098789871779e+01,1.000000000000000000e+00,5.200000000000000000e+01
8.945089016299286300e+01,1.000000000000000000e+00,5.200000000000000000e+01
9.284102175166785287e+01,1.000000000000000000e+00,5.200000000000000000e+01
9.043385982838846360e+01,1.000000000000000000e+00,5.200000000000000000e+01
9.219705098273712451e+01,1.000000000000000000e+00,5.200000000000000000e+01
8.856628669382226349e+01,1.000000000000000000e+00,5.200000000000000000e+01
9.094850982438980225e+01,1.000000000000000000e+00,5.200000000000000000e+01
9.051746000226434319e+01,1.000000000000000000e+00,5.200000000000000000e+01
9.074343381021478194e+01,1.000000000000000000e+00,5.200000000000000000e+01
9.188641547908102325e+01,1.000000000000000000e+00,5.200000000000000000e+01
9.480309467101842813e+01,1.000000000000000000e+00,5.200000000000000000e+01
9.160828951194146441e+01,1.000000000000000000e+00,5.200000000000000000e+01
8.923723560150983758e+01,1.000000000000000000e+00,5.200000000000000000e+01
9.291261442675209992e+01,1.000000000000000000e+00,5.200000000000000000e+01
9.112283900620047916e+01,1.000000000000000000e+00,5.200000000000000000e+01
9.572447881429819461e+01,1.000000000000000000e+00,5.200000000000000000e+01
8.921568350559876137e+01,1.000000000000000000e+00,5.200000000000000000e+01
9.510151302483308200e+01,1.000000000000000000e+00,5.200000000000000000e+01
9.262514856541304198e+01,1.000000000000000000e+00,5.200000000000000000e+01
9.258275843474228850e+01,1.000000000000000000e+00,5.200000000000000000e+01
9.210201296374586377e+01,1.000000000000000000e+00,5.200000000000000000e+01
9.583008211601659809e+01,1.000000000000000000e+00,5.200000000000000000e+01
9.130454371661699042e+01,1.000000000000000000e+00,5.200000000000000000e+01
8.972978996872458879e+01,1.000000000000000000e+00,5.200000000000000000e+01
9.449761622666463268e+01,1.000000000000000000e+00,5.200000000000000000e+01
9.458011872247897145e+01,1.000000000000000000e+00,5.200000000000000000e+01
9.207079253406642749e+01,1.000000000000000000e+00,5.200000000000000000e+01
8.885776858498621777e+01,1.000000000000000000e+00,5.200000000000000000e+01
9.714673349691936721e+01,1.000000000000000000e+00,5.200000000000000000e+01
9.263269921923517813e+01,1.000000000000000000e+00,5.200000000000000000e+01
9.442162335985227628e+01,1.000000000000000000e+00,5.200000000000000000e+01
9.125580515555498096e+01,1.000000000000000000e+00,5.200000000000000000e+01
9.251556415994654969e+01,1.000000000000000000e+00,5.200000000000000000e+01
9.273603144795806941e+01,1.000000000000000000e+00,5.200000000000000000e+01
9.700966268054739317e+01,1.000000000000000000e+00,5.200000000000000000e+01
9.334559377656233892e+01,1.000000000000000000e+00,5.200000000000000000e+01
9.119662525648791984e+01,1.000000000000000000e+00,5.200000000000000000e+01
9.427415708812759476e+01,1.000000000000000000e+00,5.200000000000000000e+01
9.701557577666244470e+01,1.000000000000000000e+00,5.200000000000000000e+01
9.529612984806686882e+01,1.000000000000000000e+00,5.200000000000000000e+01
9.192710642259848441e+01,1.000000000000000000e+00,5.300000000000000000e+01
9.702231277379735275e+01,1.000000000000000000e+00,5.300000000000000000e+01
9.766613951571025609e+01,1.000000000000000000e+00,5.300000000000000000e+01
9.707848974391430374e+01,1.000000000000000000e+00,5.300000000000000000e+01
9.702706372427621773e+01,1.000000000000000000e+00,5.300000000000000000e+01
9.297370970333636819e+01,1.000000000000000000e+00,5.300000000000000000e+01
9.798015403242250443e+01,1.000000000000000000e+00,5.300000000000000000e+01
9.517460749451822721e+01,1.000000000000000000e+00,5.300000000000000000e+01
9.998191399863992501e+01,1.000000000000000000e+00,5.300000000000000000e+01
9.524210507597427977e+01,1.000000000000000000e+00,5.300000000000000000e+01
9.631966043086914908e+01,1.000000000000000000e+00,5.300000000000000000e+01
9.513708489642992561e+01,1.000000000000000000e+00,5.300000000000000000e+01
9.929690322993158702e+01,1.000000000000000000e+00,5.300000000000000000e+01
9.788218282479388677e+01,1.000000000000000000e+00,5.300000000000000000e+01
9.593177402886286131e+01,1.000000000000000000e+00,5.300000000000000000e+01
9.530181798379368274e+01,1.000000000000000000e+00,5.300000000000000000e+01
9.665701682218960400e+01,1.000000000000000000e+00,5.300000000000000000e+01
9.691746555031457433e+01,1.000000000000000000e+00,5.300000000000000000e+01
9.834838574868729211e+01,1.000000000000000000e+00,5.300000000000000000e+01
9.822602753013339338e+01,1.000000000000000000e+00,5.300000000000000000e+01
9.651930833249039665e+01,1.000000000000000000e+00,5.300000000000000000e+01
9.953748078876168393e+01,1.000000000000000000e+00,5.300000000000000000e+01
9.717015120975855780e+01,1.000000000000000000e+00,5.300000000000000000e+01
9.681815466227713785e+01,1.000000000000000000e+00,5.300000000000000000e+01
9.514135402854924450e+01,1.000000000000000000e+00,5.300000000000000000e+01
9.732175202141952752e+01,1.000000000000000000e+00,5.300000000000000000e+01
9.727836030748231622e+01,1.000000000000000000e+00,5.300000000000000000e+01
9.395413830157960433e+01,1.000000000000000000e+00,5.300000000000000000e+01
9.992653102710410451e+01,1.000000000000000000e+00,5.300000000000000000e+01
1.006255156813875544e+02,1.000000000000000000e+00,5.300000000000000000e+01
9.781795648838456714e+01,1.000000000000000000e+00,5.300000000000000000e+01
9.605565641846021663e+01,1.000000000000000000e+00,5.300000000000000000e+01
9.777958485606853856e+01,1.000000000000000000e+00,5.300000000000000000e+01
9.395401714522790826e+01,1.000000000000000000e+00,5.300000000000000000e+01
9.967201019156095754e+01,1.000000000000000000e+00,5.300000000000000000e+01
9.640226741025128376e+01,1.000000000000000000e+00,5.300000000000000000e+01
9.706665707550587285e+01,1.000000000000000000e+00,5.300000000000000000e+01
9.825675061220817952e+01,1.000000000000000000e+00,5.300000000000000000e+01
9.980937005105226945e+01,1.000000000000000000e+00,5.300000000000000000e+01
9.553929889074086645e+01,1.000000000000000000e+00,5.300000000000000000e+01
9.902003359662903392e+01,1.000000000000000000e+00,5.300000000000000000e+01
9.788608680154752051e+01,1.000000000000000000e+00,5.300000000000000000e+01
9.704063468541951920e+01,1.000000000000000000e+00,5.300000000000000000e+01
9.752371113792486312e+01,1.000000000000000000e+00,5.300000000000000000e+01
9.966071306042263700e+01,1.000000000000000000e+00,5.400000000000000000e+01
1.019390831695046131e+02,1.000000000000000000e+00,5.400000000000000000e+01
9.999244107194067510e+01,1.000000000000000000e+00,5.400000000000000000e+01
9.846331533527558122e+01,1.000000000000000000e+00,5.400000000000000000e+01
1.004717281550219354e+02,1.000000000000000000e+00,5.400000000000000000e+01
1.010769925511974918e+02,1.000000000000000000e+00,5.400000000000000000e+01
9.786696559184701982e+01,1.000000000000000000e+00,5.400000000000000000e+01
1.032231336008561868e+02,1.000000000000000000e+00,5.400000000000000000e+01
1.000914191744280402e+02,1.000000000000000000e+00,5.400000000000000000e+01
1.040403550314949968e+02,1.000000000000000000e+00,5.400000000000000000e+01
9.775712884178599893e+01,1.000000000000000000e+00,5.400000000000000000e+01
1.002044261921321748e+02,1.000000000000000000e+00,5.400000000000000000e+01
1.005979159452907084e+02,1.000000000000000000e+00,5.400000000000000000e+01
1.032798738757775538e+02,1.000000000000000000e+00,5.400000000000000000e+01
1.040480934258898174e+02,1.000000000000000000e+00,5.400000000000000000e+01
9.961274563627091538e+01,1.000000000000000000e+00,5.400000000000000000e+01
9.795127475487429081e+01,1.000000000000000000e+00,5.400000000000000000e+01
1.007560069329118448e+02,1.000000000000000000e+00,5.400000000000000000e+01
1.015289200002643497e+02,1.000000000000000000e+00,5.400000000000000000e+01
9.762755845224303641e+01,1.000000000000000000e+00,5.400000000000000000e+01
1.018252171073277452e+02,1.000000000000000000e+00,5.400000000000000000e+01
1.035673289774725419e+02,1.000000000000000000e+00,5.400000000000000000e+01
1.025724268856565971e+02,1.000000000000000000e+00,5.400000000000000000e+01
1.051298011392549938e+02,1.000000000000000000e+00,5.400000000000000000e+01
1.029058084249041229e+02,1.000000000000000000e+00,5.400000000000000000e+01
1.019019856103986257e+02,1.000000000000000000e+00,5.400000000000000000e+01
1.017825668095444769e+02,1.000000000000000000e+00,5.400000000000000000e+01
1.017893882474782004e+02,1.000000000000000000e+00,5.400000000000000000e+01
1.008799123036361607e+02,1.000000000000000000e+00,5.400000000000000000e+01
9.613949591586109023e+01,1.000000000000000000e+00,5.400000000000000000e+01
1.017613376949886970e+02,1.000000000000000000e+00,5.400000000000000000e+01
1.020305867000505344e+02,1.000000000000000000e+00,5.400000000000000000e+01
1.016004392025502057e+02,1.000000000000000000e+00,5.400000000000000000e+01
1.019352846666323558e+02,1.000000000000000000e+00,5.400000000000000000e+01
1.021127885662959756e+02,1.000000000000000000e+00,5.400000000000000000e+01
1.007235591592663582e+02,1.000000000000000000e+00,5.400000000000000000e+01
1.074143617618352948e+02,1.000000000000000000e+00,5.400000000000000000e+01
1.001522545378760469e+02,1.000000000000000000e+00,5.400000000000000000e+01
1.032170768331484823e+02,1.000000000000000000e+00,5.400000000000000000e+01
1.032532148698260244e+02,1.000000000000000000e+00,5.400000000000000000e+01
1.015087281791902711e+02,1.000000000000000000e+00,5.400000000000000000e+01
1.039864079287011833e+02,1.000000000000000000e+00,5.400000000000000000e+01
9.990559854806866724e+01,1.000000000000000000e+00,5.400000000000000000e+01
1.047876745702554615e+02,1.000000000000000000e+00,5.400000000000000000e+01
1.042809635483078523e+02,1.000000000000000000e+00,5.400000000000000000e+01
1.036530690058162065e+02,1.000000000000000000e+00,5.500000000000000000e+01
1.011826232811173583e+02,1.000000000000000000e+00,5.500000000000000000e+01
1.047456973156261881e+02,1.000000000000000000e+00,5.500000000000000000e+01
1.041095244731961884e+02,1.000000000000000000e+00,5.500000000000000000e+01
1.030283913470915707e+02,1.000000000000000000e+00,5.500000000000000000e+01
1.074597732942051351e+02,1.000000000000000000e+00,5.500000000000000000e+01
1.037256569581478800e+02,1.000000000000000000e+00,5.500000000000000000e+01
1.049493048780262114e+02,1.000000000000000000e+00,5.500000000000000000e+01
1.066764824115310830e+02,1.000000000000000000e+00,5.500000000000000000e+01
1.044665297724410777e+02,1.000000000000000000e+00,5.500000000000000000e+01
1.040825388988462237e+02,1.000000000000000000e+00,5.500000000000000000e+01
1.056534975624379626e+02,1.000000000000000000e+00,5.500000000000000000e+01
1.077010181532377118e+02,1.000000000000000000e+00,5.500000000000000000e+01
1.059908778967621004e+02,1.000000000000000000e+00,5.500000000000000000e+01
1.053318991257516473e+02,1.000000000000000000e+00,5.500000000000000000e+01
1.050865297458374528e+02,1.000000000000000000e+00,5.500000000000000000e+01
1.058746834487906199e+02,1.000000000000000000e+00,5.500000000000000000e+01
1.044149466133693238e+02,1.000000000000000000e+00,5.500000000000000000e+01
1.051336375551849756e+02,1.000000000000000000e+00,5.500000000000000000e+01
1.034910632855379902e+02,1.000000000000000000e+00,5.500000000000000000e+01
1.059621059622746770e+02,1.000000000000000000e+00,5.500000000000000000e+01
1.063016050076150805e+02,1.000000000000000000e+00,5.500000000000000000e+01
1.065242405500651586e+02,1.000000000000000000e+00,5.500000000000000000e+01
1.085238633183344206e+02,1.000000000000000000e+00,5.500000000000000000e+01
1.066045847253918595e+02,1.000000000000000000e+00,5.500000000000000000e+01
1.053959566248750548e+02,1.000000000000000000e+00,5.500000000000000000e+01
1.091183129765774709e+02,1.000000000000000000e+00,5.500000000000000000e+01
1.072777419783742374e+02,1.000000000000000000e+00,5.500000000000000000e+01
1.081290454071690732e+02,1.000000000000000000e+00,5.500000000000000000e+01
1.061128270839886625e+02,1.000000000000000000e+00,5.500000000000000000e+01
1.074912336102809576e+02,1.000000000000000000e+00,5.500000000000000000e+01
1.041907558065143036e+02,1.000000000000000000e+00,5.500000000000000000e+01
1.089746421370863914e+02,1.000000000000000000e+00,5.500000000000000000e+01
1.065412452601289459e+02,1.000000000000000000e+00,5.500000000000000000e+01
1.092449932348397112e+02,1.000000000000000000e+00,5.500000000000000000e+01
1.063901831892335395e+02,1.000000000000000000e+00,5.500000000000000000e+01
1.076275221564984861e+02,1.000000000000000000e+00,5.500000000000000000e+01
1.120481260304009652e+02,1.000000000000000000e+00,5.500000000000000000e+01
1.092994275094662555e+02,1.000000000000000000e+00,5.500000000000000000e+01
1.078490756831577357e+02,1.000000000000000000e+00,5.500000000000000000e+01
1.061904648498119457e+02,1.000000000000000000e+00,5.500000000000000000e+01
1.035875369276665623e+02,1.000000000000000000e+00,5.500000000000000000e+01
1.067198490978115899e+02,1.000000000000000000e+00,5.500000000000000000e+01
1.093840851257388636e+02,1.000000000000000000e+00,5.500000000000000000e+01
1.072850182720425778e+02,1.000000000000000000e+00,5.600000000000000000e+01
1.054493717080571571e+02,1.000000000000000000e+00,5.600000000000000000e+01
1.122322714194922639e+02,1.000000000000000000e+00,5.600000000000000000e+01
1.065591317657813022e+02,1.000000000000000000e+00,5.600000000000000000e+01
1.111789831003107452e+02,1.000000000000000000e+00,5.600000000000000000e+01
1.084646452566519059e+02,1.000000000000000000e+00,5.600000000000000000e+01
1.121345049951966075e+02,1.000000000000000000e+00,5.600000000000000000e+01
1.048070025804753556e+02,1.000000000000000000e+00,5.600000000000000000e+01
1.076997486968671041e+02,1.000000000000000000e+00,5.600000000000000000e+01
1.088979157721294371e+02,1.000000000000000000e+00,5.600000000000000000e+01
1.072717121627702710e+02,1.000000000000000000e+00,5.600000000000000000e+01
1.114524978481935023e+02,1.000000000000000000e+00,5.600000000000000000e+01
1.105215813561616187e+02,1.000000000000000000e+00,5.600000000000000000e+01
1.063704618020059343e+02,1.000000000000000000e+00,5.600000000000000000e+01
1.090796390642911007e+02,1.000000000000000000e+00,5.600000000000000000e+01
1.121155085604917474e+02,1.000000000000000000e+00,5.600000000000000000e+01
1.052152265138178819e+02,1.000000000000000000e+00,5.600000000000000000e+01
1.124076710004189579e+02,1.000000000000000000e+00,5.600000000000000000e+01
1.077314403081005878e+02,1.000000000000000000e+00,5.600000000000000000e+01
1.123434668109015035e+02,1.000000000000000000e+00,5.600000000000000000e+01
1.077395116445996166e+02,1.000000000000000000e+00,5.600000000000000000e+01
1.108640061718135996e+02,1.000000000000000000e+00,5.600000000000000000e+01
1.098118457134896460e+02,1.000000000000000000e+00,5.600000000000000000e+01
1.118231069752745270e+02,1.000000000000000000e+00,5.600000000000000000e+01
1.112467223451576928e+02,1.000000000000000000e+00,5.600000000000000000e+01
1.119192354235850360e+02,1.000000000000000000e+00,5.600000000000000000e+01
1.103271858185994034e+02,1.000000000000000000e+00,5.600000000000000000e+01
1.108581587571896137e+02,1.000000000000000000e+00,5.600000000000000000e+01
1.120205925957117188e+02,1.000000000000000000e+00,5.600000000000000000e+01
1.118140965584285880e+02,1.000000000000000000e+00,5.600000000000000000e+01
1.115867133527954849e+02,1.000000000000000000e+00,5.600000000000000000e+01
1.096801313292896225e+02,1.000000000000000000e+00,5.600000000000000000e+01
1.125040934783522744e+02,1.000000000000000000e+00,5.600000000000000000e+01
1.099605543148323790e+02,1.000000000000000000e+00,5.600000000000000000e+01
1.130715356509035274e+02,1.000000000000000000e+00,5.600000000000000000e+01
1.136963821037379319e+02,1.000000000000000000e+00,5.600000000000000000e+01
1.097273013796996537e+02,1.000000000000000000e+00,5.600000000000000000e+01
1.125066782195341943e+02,1.000000000000000000e+00,5.600000000000000000e+01
1.121828943102516263e+02,1.000000000000000000e+00,5.600000000000000000e+01
1.117605919384864421e+02,1.000000000000000000e+00,5.600000000000000000e+01
1.135851205651874238e+02,1.000000000000000000e+00,5.600000000000000000e+01
1.137845879429439719e+02,1.000000000000000000e+00,5.600000000000000000e+01
1.151092481328818167e+02,1.000000000000000000e+00,5.600000000000000000e+01
1.111663513511464032e+02,1.000000000000000000e+00,5.600000000000000000e+01
1.165903910038122717e+02,1.000000000000000000e+00,5.600000000000000000e+01
1.116936123324145740e+02,1.000000000000000000e+00,5.700000000000000000e+01
1.165086525785295635e+02,1.000000000000000000e+00,5.700000000000000000e+01
1.140418220307493442e+02,1.000000000000000000e+00,5.700000000000000000e+01
1.134433257970079154e+02,1.000000000000000000e+00,5.700000000000000000e+01
1.088803818487776311e+02,1.000000000000000000e+00,5.700000000000000000e+01
1.114572017596720315e+02,1.000000000000000000e+00,5.700000000000000000e+01
1.186203783623436294e+02,1.000000000000000000e+00,5.700000000000000000e+01
1.156264122193162791e+02,1.000000000000000000e+00,5.700000000000000000e+01
1.135376373377832806e+02,1.000000000000000000e+00,5.700000000000000000e+01
1.151379182540831323e+02,1.000000000000000000e+00,5.700000000000000000e+01
1.120892147894812041e+02,1.000000000000000000e+00,5.700000000000000000e+01
1.126801814783095494e+02,1.000000000000000000e+00,5.700000000000000000e+01
1.148472204807912220e+02,1.000000000000000000e+00,5.700000000000000000e+01
1.128878856902457244e+02,1.000000000000000000e+00,5.700000000000000000e+01
1.132668747578167086e+02,1.000000000000000000e+00,5.700000000000000000e+01
1.110185926964181533e+02,1.000000000000000000e+00,5.700000000000000000e+01
1.173572154239887482e+02,1.000000000000000000e+00,5.700000000000000000e+01
1.153357637914941165e+02,1.000000000000000000e+00,5.700000000000000000e+01
1.133330656032942159e+02,1.000000000000000000e+00,5.700000000000000000e+01
1.150388172095327093e+02,1.000000000000000000e+00,5.700000000000000000e+01
1.141110088615022562e+02,1.000000000000000000e+00,5.700000000000000000e+01
1.158834768395232686e+02,1.000000000000000000e+00,5.700000000000000000e+01
1.150369694786228933e+02,1.000000000000000000e+00,5.700000000000000000e+01
1.100545973807829512e+02,1.000000000000000000e+00,5.700000000000000000e+01
1.134310219233951784e+02,1.000000000000000000e+00,5.700000000000000000e+01
1.149862761639093520e+02,1.000000000000000000e+00,5.700000000000000000e+01
1.144113971702251717e+02,1.000000000000000000e+00,5.700000000000000000e+01
1.179271797777154518e+02,1.000000000000000000e+00,5.700000000000000000e+01
1.164585831527217863e+02,1.000000000000000000e+00,5.700000000000000000e+01
1.174438332176480912e+02,1.000000000000000000e+00,5.700000000000000000e+01
1.154106460099641538e+02,1.000000000000000000e+00,5.700000000000000000e+01
1.172584065752059246e+02,1.000000000000000000e+00,5.700000000000000000e+01
1.185601489788943326e+02,1.000000000000000000e+00,5.700000000000000000e+01
1.154854631202743747e+02,1.000000000000000000e+00,5.700000000000000000e+01
1.142486783463535431e+02,1.000000000000000000e+00,5.700000000000000000e+01
1.184330410954888748e+02,1.000000000000000000e+00,5.700000000000000000e+01
1.192394506594399672e+02,1.000000000000000000e+00,5.700000000000000000e+01
1.160212699652415438e+02,1.000000000000000000e+00,5.700000000000000000e+01
1.182049877626017746e+02,1.000000000000000000e+00,5.700000000000000000e+01
1.166825766528900630e+02,1.000000000000000000e+00,5.700000000000000000e+01
1.179216101098092935e+02,1.000000000000000000e+00,5.700000000000000000e+01
1.159600295217032055e+02,1.000000000000000000e+00,5.700000000000000000e+01
1.177197823669653189e+02,1.000000000000000000e+00,5.700000000000000000e+01
1.160408351734199357e+02,1.000000000000000000e+00,5.700000000000000000e+01
1.170353552270920545e+02,1.000000000000000000e+00,5.800000000000000000e+01
1.174331804238028383e+02,1.000000000000000000e+00,5.800000000000000000e+01
1.150874447843840471e+02,1.000000000000000000e+00,5.800000000000000000e+01
1.181894411293880012e+02,1.000000000000000000e+00,5.800000000000000000e+01
1.180887317699807397e+02,1.000000000000000000e+00,5.800000000000000000e+01
1.176239653120522917e+02,1.000000000000000000e+00,5.800000000000000000e+01
1.188122534269695763e+02,1.000000000000000000e+00,5.800000000000000000e+01
1.170256059624936427e+02,1.000000000000000000e+00,5.800000000000000000e+01
1.200690813617793538e+02,1.000000000000000000e+00,5.800000000000000000e+01
1.192152378314290644e+02,1.000000000000000000e+00,5.800000000000000000e+01
1.173990543116643153e+02,1.000000000000000000e+00,5.800000000000000000e+01
1.185762396982535734e+02,1.000000000000000000e+00,5.800000000000000000e+01
1.223882616042711788e+02,1.000000000000000000e+00,5.800000000000000000e+01
1.201253385769055200e+02,1.000000000000000000e+00,5.800000000000000000e+01
1.229263322495254158e+02,1.000000000000000000e+00,5.800000000000000000e+01
1.195212017923176688e+02,1.000000000000000000e+00,5.800000000000000000e+01
1.196542383479049079e+02,1.000000000000000000e+00,5.800000000000000000e+01
1.205145582732421445e+02,1.000000000000000000e+00,5.800000000000000000e+01
1.211218983996648149e+02,1.000000000000000000e+00,5.800000000000000000e+01
1.210634232877476677e+02,1.000000000000000000e+00,5.800000000000000000e+01
1.199908320516850608e+02,1.000000000000000000e+00,5.800000000000000000e+01
1.176003068512779350e+02,1.000000000000000000e+00,5.800000000000000000e+01
1.226905337961329678e+02,1.000000000000000000e+00,5.800000000000000000e+01
1.207596961522537100e+02,1.000000000000000000e+00,5.800000000000000000e+01
1.189080972067893924e+02,1.000000000000000000e+00,5.800000000000000000e+01
1.216280333033520833e+02,1.000000000000000000e+00,5.800000000000000000e+01
1.192475625601663438e+02,1.000000000000000000e+00,5.800000000000000000e+01
1.213669196079144257e+02,1.000000000000000000e+00,5.800000000000000000e+01
1.180027453448795427e+02,1.000000000000000000e+00,5.800000000000000000e+01
1.206949234145673415e+02,1.000000000000000000e+00,5.800000000000000000e+01
1.213076943880747791e+02,1.000000000000000000e+00,5.800000000000000000e+01
1.200949465208761069e+02,1.000000000000000000e+00,5.800000000000000000e+01
1.225903643123588012e+02,1.000000000000000000e+00,5.800000000000000000e+01
1.186464906586819836e+02,1.000000000000000000e+00,5.800000000000000000e+01
1.194794866460674712e+02,1.000000000000000000e+00,5.800000000000000000e+01
1.222641663419803280e+02,1.000000000000000000e+00,5.800000000000000000e+01
1.191158635655538092e+02,1.000000000000000000e+00,5.800000000000000000e+01
1.191016597544564775e+02,1.000000000000000000e+00,5.800000000000000000e+01
1.199179467206102458e+02,1.000000000000000000e+00,5.800000000000000000e+01
1.180122633163801424e+02,1.000000000000000000e+00,5.800000000000000000e+01
1.212165735785154936e+02,1.000000000000000000e+00,5.800000000000000000e+01
1.244869136596305168e+02,1.000000000000000000e+00,5.800000000000000000e+01
1.223324722105509323e+02,1.000000000000000000e+00,5.800000000000000000e+01
1.189553501224822867e+02,1.000000000000000000e+00,5.800000000000000000e+01
1.199754249369113381e+02,1.000000000000000000e+00,5.800000000000000000e+01
1.237151763313408139e+02,1.000000000000000000e+00,5.900000000000000000e+01
1.227646179638441311e+02,1.000000000000000000e+00,5.900000000000000000e+01
1.240942375920946006e+02,1.000000000000000000e+00,5.900000000000000000e+01
1.187878145241732852e+02,1.000000000000000000e+00,5.900000000000000000e+01
1.209538098494199829e+02,1.000000000000000000e+00,5.900000000000000000e+01
1.245547066127165152e+02,1.000000000000000000e+00,5.900000000000000000e+01
1.221281276230746613e+02,1.000000000000000000e+00,5.900000000000000000e+01
1.258646344395982908e+02,1.000000000000000000e+00,5.900000000000000000e+01
1.219707791504686440e+02,1.000000000000000000e+00,5.900000000000000000e+01
1.191178234095471851e+02,1.000000000000000000e+00,5.900000000000000000e+01
1.222391937680980902e+02,1.000000000000000000e+00,5.900000000000000000e+01
1.206739723478030726e+02,1.000000000000000000e+00,5.900000000000000000e+01
1.251359526976349770e+02,1.000000000000000000e+00,5.900000000000000000e+01
1.219055922750397372e+02,1.000000000000000000e+00,5.900000000000000000e+01
1.223493319407268132e+02,1.000000000000000000e+00,5.900000000000000000e+01
1.246891491841264923e+02,1.000000000000000000e+00,5.900000000000000000e+01
1.242647701647646130e+02,1.000000000000000000e+00,5.900000000000000000e+01
1.238723450126314987e+02,1.000000000000000000e+00,5.900000000000000000e+01
1.221844554752045440e+02,1.000000000000000000e+00,5.900000000000000000e+01
1.210106045795287741e+02,1.000000000000000000e+00,5.900000000000000000e+01
1.227566013876673026e+02,1.000000000000000000e+00,5.900000000000000000e+01
1.233308325833940131e+02,1.000000000000000000e+00,5.900000000000000000e+01
1.252326997460614564e+02,1.000000000000000000e+00,5.900000000000000000e+01
1.240932473814342387e+02,1.000000000000000000e+00,5.900000000000000000e+01
1.236758072640384114e+02,1.000000000000000000e+00,5.900000000000000000e+01
1.204393970205715050e+02,1.000000000000000000e+00,5.900000000000000000e+01
1.220530832268185293e+02,1.000000000000000000e+00,5.900000000000000000e+01
1.251984995857050365e+02,1.000000000000000000e+00,5.900000000000000000e+01
1.226233514048883535e+02,1.000000000000000000e+00,5.900000000000000000e+01
1.226780663217287213e+02,1.000000000000000000e+00,5.900000000000000000e+01
1.241145537040671485e+02,1.000000000000000000e+00,5.900000000000000000e+01
1.217328101647396181e+02,1.000000000000000000e+00,5.900000000000000000e+01
1.211776146347100394e+02,1.000000000000000000e+00,5.900000000000000000e+01
1.209149013170434159e+02,1.000000000000000000e+00,5.900000000000000000e+01
1.245624693909504970e+02,1.000000000000000000e+00,5.900000000000000000e+01
1.262745144764729588e+02,1.000000000000000000e+00,5.900000000000000000e+01
1.244399799571025085e+02,1.000000000000000000e+00,5.900000000000000000e+01
1.246895933792186781e+02,1.000000000000000000e+00,5.900000000000000000e+01
1.252751130023571875e+02,1.000000000000000000e+00,5.900000000000000000e+01
1.261437277609702790e+02,1.000000000000000000e+00,5.900000000000000000e+01
1.233766334977846242e+02,1.000000000000000000e+00,5.900000000000000000e+01
1.210501652908302219e+02,1.000000000000000000e+00,5.900000000000000000e+01
1.248577780628455542e+02,1.000000000000000000e+00,5.900000000000000000e+01
1.237116833792671997e+02,1.000000000000000000e+00,5.900000000000000000e+01
1.288790053614421254e+02,1.000000000000000000e+00,6.000000000000000000e+01
1.255379172263202037e+02,1.000000000000000000e+00,6.000000000000000000e+01
1.244351031019762246e+02,1.000000000000000000e+00,6.000000000000000000e+01
1.234501024464040881e+02,1.000000000000000000e+00,6.000000000000000000e+01
1.280121663732464299e+02,1.000000000000000000e+00,6.000000000000000000e+01
1.288586674145176971e+02,1.000000000000000000e+00,6.000000000000000000e+01
1.280013746166785609e+02,1.000000000000000000e+00,6.000000000000000000e+01
1.273802412078695312e+02,1.000000000000000000e+00,6.000000000000000000e+01
1.246088748630750729e+02,1.000000000000000000e+00,6.000000000000000000e+01
1.238530931379702196e+02,1.000000000000000000e+00,6.000000000000000000e+01
1.247857589773326339e+02,1.000000000000000000e+00,6.000000000000000000e+01
1.281329006205408518e+02,1.000000000000000000e+00,6.000000000000000000e+01
1.298348310532786911e+02,1.000000000000000000e+00,6.000000000000000000e+01
1.277630408457961408e+02,1.000000000000000000e+00,6.000000000000000000e+01
1.268738444339992668e+02,1.000000000000000000e+00,6.000000000000000000e+01
1.258185564243045889e+02,1.000000000000000000e+00,6.000000000000000000e+01
1.271132399802348232e+02,1.000000000000000000e+00,6.000000000000000000e+01
1.303661981032450683e+02,1.000000000000000000e+00,6.000000000000000000e+01
1.294820458905109604e+02,1.000000000000000000e+00,6.000000000000000000e+01
1.232586754953778154e+02,1.000000000000000000e+00,6.000000000000000000e+01
1.284960951724317511e+02,1.000000000000000000e+00,6.000000000000000000e+01
1.310458045377747851e+02,1.000000000000000000e+00,6.000000000000000000e+01
1.319987005629138821e+02,1.000000000000000000e+00,6.000000000000000000e+01
1.305476130404314290e+02,1.000000000000000000e+00,6.000000000000000000e+01
1.240997712462432929e+02,1.000000000000000000e+00,6.000000000000000000e+01
1.300214396331119531e+02,1.000000000000000000e+00,6.000000000000000000e+01
1.297066138893224547e+02,1.000000000000000000e+00,6.000000000000000000e+01
1.266861105497783200e+02,1.000000000000000000e+00,6.000000000000000000e+01
1.286252897802540360e+02,1.000000000000000000e+00,6.000000000000000000e+01
1.284285342279322322e+02,1.000000000000000000e+00,6.000000000000000000e+01
1.273627518792431772e+02,1.000000000000000000e+00,6.000000000000000000e+01
1.301029212360671181e+02,1.000000000000000000e+00,6.000000000000000000e+01
1.277912659755463380e+02,1.000000000000000000e+00,6.000000000000000000e+01
1.271776635326623648e+02,1.000000000000000000e+00,6.000000000000000000e+01
1.298115739407269302e+02,1.000000000000000000e+00,6.000000000000000000e+01
1.305963854280900307e+02,1.000000000000000000e+00,6.000000000000000000e+01
1.295658822716843588e+02,1.000000000000000000e+00,6.000000000000000000e+01
1.256197366010196816e+02,1.000000000000000000e+00,6.000000000000000000e+01
1.294779955277890622e+02,1.000000000000000000e+00,6.000000000000000000e+01
1.294458884422734286e+02,1.000000000000000000e+00,6.000000000000000000e+01
1.309532201660161661e+02,1.000000000000000000e+00,6.000000000000000000e+01
1.256601455353898302e+02,1.000000000000000000e+00,6.000000000000000000e+01
1.291321795983233756e+02,1.000000000000000000e+00,6.000000000000000000e+01
1.275823285499722317e+02,1.000000000000000000e+00,6.000000000000000000e+01
1.262440188364485891e+02,1.000000000000000000e+00,6.000000000000000000e+01
1.263613148723620156e+02,1.000000000000000000e+00,6.100000000000000000e+01
1.309302144522677622e+02,1.000000000000000000e+00,6.100000000000000000e+01
1.329286980178700333e+02,1.000000000000000000e+00,6.100000000000000000e+01
1.316710556286815006e+02,1.000000000000000000e+00,6.100000000000000000e+01
1.294399141203395516e+02,1.000000000000000000e+00,6.100000000000000000e+01
1.306558993496970800e+02,1.000000000000000000e+00,6.100000000000000000e+01
1.283987645230665180e+02,1.000000000000000000e+00,6.100000000000000000e+01
1.326957733731642861e+02,1.000000000000000000e+00,6.100000000000000000e+01
1.335277786717441870e+02,1.000000000000000000e+00,6.100000000000000000e+01
1.299196700021862512e+02,1.000000000000000000e+00,6.100000000000000000e+01
1.344344789125978537e+02,1.000000000000000000e+00,6.100000000000000000e+01
1.310799736064928993e+02,1.000000000000000000e+00,6.100000000000000000e+01
1.296340869069788937e+02,1.000000000000000000e+00,6.100000000000000000e+01
1.294244576378392821e+02,1.000000000000000000e+00,6.100000000000000000e+01
1.302917416844768468e+02,1.000000000000000000e+00,6.100000000000000000e+01
1.338283611862507883e+02,1.000000000000000000e+00,6.100000000000000000e+01
1.308341681150927798e+02,1.000000000000000000e+00,6.100000000000000000e+01
1.312187784702429667e+02,1.000000000000000000e+00,6.100000000000000000e+01
1.264279300183849699e+02,1.000000000000000000e+00,6.100000000000000000e+01
1.309640288772986310e+02,1.000000000000000000e+00,6.100000000000000000e+01
1.316279504759948793e+02,1.000000000000000000e+00,6.100000000000000000e+01
1.307775111435653344e+02,1.000000000000000000e+00,6.100000000000000000e+01
1.338159567975012862e+02,1.000000000000000000e+00,6.100000000000000000e+01
1.343047977880789858e+02,1.000000000000000000e+00,6.100000000000000000e+01
1.314555386263029959e+02,1.000000000000000000e+00,6.100000000000000000e+01
1.311047263221085473e+02,1.000000000000000000e+00,6.100000000000000000e+01
1.327408847739154112e+02,1.000000000000000000e+00,6.100000000000000000e+01
1.344099299863567012e+02,1.000000000000000000e+00,6.100000000000000000e+01
1.353989673289125903e+02,1.000000000000000000e+00,6.100000000000000000e+01
1.338333173975583463e+02,1.000000000000000000e+00,6.100000000000000000e+01
1.278783794492305361e+02,1.000000000000000000e+00,6.100000000000000000e+01
1.284901101486481707e+02,1.000000000000000000e+00,6.100000000000000000e+01
1.338361471471083917e+02,1.000000000000000000e+00,6.100000000000000000e+01
1.303445258473203694e+02,1.000000000000000000e+00,6.100000000000000000e+01
1.312926838019570255e+02,1.000000000000000000e+00,6.100000000000000000e+01
1.335431073078720488e+02,1.000000000000000000e+00,6.100000000000000000e+01
1.318320762744424428e+02,1.000000000000000000e+00,6.100000000000000000e+01
1.329850692998493855e+02,1.000000000000000000e+00,6.100000000000000000e+01
1.331427565938118960e+02,1.000000000000000000e+00,6.100000000000000000e+01
1.341059682591015871e+02,1.000000000000000000e+00,6.100000000000000000e+01
1.331538581237098811e+02,1.000000000000000000e+00,6.100000000000000000e+01
1.326961399072261543e+02,1.000000000000000000e+00,6.100000000000000000e+01
1.349659673247110163e+02,1.000000000000000000e+00,6.100000000000000000e+01
1.360951017067076805e+02,1.000000000000000000e+00,6.100000000000000000e+01
1.346959416966367655e+02,1.000000000000000000e+00,6.200000000000000000e+01
1.353380225981622971e+02,1.000000000000000000e+00,6.200000000000000000e+01
1.357619476179340268e+02,1.000000000000000000e+00,6.200000000000000000e+01
1.316939108795098150e+02,1.000000000000000000e+00,6.200000000000000000e+01
1.362447499084052538e+02,1.000000000000000000e+00,6.200000000000000000e+01
1.330102352665308558e+02,1.000000000000000000e+00,6.200000000000000000e+01
1.325049844346999635e+02,1.000000000000000000e+00,6.200000000000000000e+01
1.352704216579264482e+02,1.000000000000000000e+00,6.200000000000000000e+01
1.301972001208081053e+02,1.000000000000000000e+00,6.200000000000000000e+01
1.354363885695822773e+02,1.000000000000000000e+00,6.200000000000000000e+01
1.383094013520394583e+02,1.000000000000000000e+00,6.200000000000000000e+01
1.368479040570944676e+02,1.000000000000000000e+00,6.200000000000000000e+01
1.340787873147628773e+02,1.000000000000000000e+00,6.200000000000000000e+01
1.349549349866342709e+02,1.000000000000000000e+00,6.200000000000000000e+01
1.347699406173838383e+02,1.000000000000000000e+00,6.200000000000000000e+01
1.379022283305907308e+02,1.000000000000000000e+00,6.200000000000000000e+01
1.382493013480435593e+02,1.000000000000000000e+00,6.200000000000000000e+01
1.336520182554116900e+02,1.000000000000000000e+00,6.200000000000000000e+01
1.379892279175716112e+02,1.000000000000000000e+00,6.200000000000000000e+01
1.371292337516642306e+02,1.000000000000000000e+00,6.200000000000000000e+01
1.300780633606256060e+02,1.000000000000000000e+00,6.200000000000000000e+01
1.363385181598549707e+02,1.000000000000000000e+00,6.200000000000000000e+01
1.367903441901126484e+02,1.000000000000000000e+00,6.200000000000000000e+01
1.341963627877769341e+02,1.000000000000000000e+00,6.200000000000000000e+01
1.333879063808469709e+02,1.000000000000000000e+00,6.200000000000000000e+01
1.345101088370136324e+02,1.000000000000000000e+00,6.200000000000000000e+01
1.333934082445583158e+02,1.000000000000000000e+00,6.200000000000000000e+01
1.343013943556227332e+02,1.000000000000000000e+00,6.200000000000000000e+01
1.338874190356009990e+02,1.000000000000000000e+00,6.200000000000000000e+01
1.369310140949163497e+02,1.000000000000000000e+00,6.200000000000000000e+01
1.368840986995867297e+02,1.000000000000000000e+00,6.200000000000000000e+01
1.347957491553676164e+02,1.000000000000000000e+00,6.200000000000000000e+01
1.336471749147556238e+02,1.000000000000000000e+00,6.200000000000000000e+01
1.402835891344533366e+02,1.000000000000000000e+00,6.200000000000000000e+01
1.354461972835976269e+02,1.000000000000000000e+00,6.200000000000000000e+01
1.368545382234724173e+02,1.000000000000000000e+00,6.200000000000000000e+01
1.354696965142159399e+02,1.000000000000000000e+00,6.200000000000000000e+01
1.348349640693049309e+02,1.000000000000000000e+00,6.200000000000000000e+01
1.382388045581880647e+02,1.000000000000000000e+00,6.200000000000000000e+01
1.390286347868044174e+02,1.000000000000000000e+00,6.200000000000000000e+01
1.338250559411879976e+02,1.000000000000000000e+00,6.200000000000000000e+01
1.338078172892545297e+02,1.000000000000000000e+00,6.200000000000000000e+01
1.368468613581715090e+02,1.000000000000000000e+00,6.200000000000000000e+01
1.346607922743484664e+02,1.000000000000000000e+00,6.200000000000000000e+01
1.365104134625518100e+02,1.000000000000000000e+00,6.300000000000000000e+01
1.351771507395077379e+02,1.000000000000000000e+00,6.300000000000000000e+01
1.417413032904998431e+02,1.000000000000000000e+00,6.300000000000000000e+01
1.349351656680612450e+02,1.000000000000000000e+00,6.300000000000000000e+01
1.378491351498557833e+02,1.000000000000000000e+00,6.300000000000000000e+01
1.336770962146900672e+02,1.000000000000000000e+00,6.300000000000000000e+01
1.386697270710864700e+02,1.000000000000000000e+00,6.300000000000000000e+01
1.367425337972662192e+02,1.000000000000000000e+00,6.300000000000000000e+01
1.361303770540028779e+02,1.000000000000000000e+00,6.300000000000000000e+01
1.378893669243699946e+02,1.000000000000000000e+00,6.300000000000000000e+01
1.353469846522705780e+02,1.000000000000000000e+00,6.300000000000000000e+01
1.363007896249877717e+02,1.000000000000000000e+00,6.300000000000000000e+01
1.414034830537197251e+02,1.000000000000000000e+00,6.300000000000000000e+01
1.374831209691775200e+02,1.000000000000000000e+00,6.300000000000000000e+01
1.376297346135151543e+02,1.000000000000000000e+00,6.300000000000000000e+01
1.370860463375245217e+02,1.000000000000000000e+00,6.300000000000000000e+01
1.380378291798538442e+02,1.000000000000000000e+00,6.300000000000000000e+01
1.369272766387961724e+02,1.000000000000000000e+00,6.300000000000000000e+01
1.353373619306469209e+02,1.000000000000000000e+00,6.300000000000000000e+01
1.398855140606947032e+02,1.000000000000000000e+00,6.300000000000000000e+01
1.394473133701825986e+02,1.000000000000000000e+00,6.300000000000000000e+01
1.368214263320012947e+02,1.000000000000000000e+00,6.300000000000000000e+01
1.374050348439800473e+02,1.000000000000000000e+00,6.300000000000000000e+01
1.331355030717989223e+02,1.000000000000000000e+00,6.300000000000000000e+01
1.392219208451300574e+02,1.000000000000000000e+00,6.300000000000000000e+01
1.378251195488888357e+02,1.000000000000000000e+00,6.300000000000000000e+01
1.354152941098029714e+02,1.000000000000000000e+00,6.300000000000000000e+01
1.405469956922985943e+02,1.000000000000000000e+00,6.300000000000000000e+01
1.352108568916773663e+02,1.000000000000000000e+00,6.300000000000000000e+01
1.381730086081562945e+02,1.000000000000000000e+00,6.300000000000000000e+01
1.399366976942722545e+02,1.000000000000000000e+00,6.300000000000000000e+01
1.397856411142263937e+02,1.000000000000000000e+00,6.300000000000000000e+01
1.362174325206146932e+02,1.000000000000000000e+00,6.300000000000000000e+01
1.389771462429791882e+02,1.000000000000000000e+00,6.300000000000000000e+01
1.379411385975226381e+02,1.000000000000000000e+00,6.300000000000000000e+01
1.381762230133422236e+02,1.000000000000000000e+00,6.300000000000000000e+01
1.379170012717486600e+02,1.000000000000000000e+00,6.300000000000000000e+01
1.405033973608757094e+02,1.000000000000000000e+00,6.300000000000000000e+01
1.386704324799542292e+02,1.000000000000000000e+00,6.300000000000000000e+01
1.411116070960711113e+02,1.000000000000000000e+00,6.300000000000000000e+01
1.421078748535335308e+02,1.000000000000000000e+00,6.300000000000000000e+01
1.382443471104543278e+02,1.000000000000000000e+00,6.300000000000000000e+01
1.390945608069781656e+02,1.000000000000000000e+00,6.300000000000000000e+01
1.375669639037776335e+02,1.000000000000000000e+00,6.300000000000000000e+01
1.403321857275069533e+02,1.000000000000000000e+00,6.300000000000000000e+01
1.421408845971576511e+02,1.000000000000000000e+00,6.400000000000000000e+01
1.384963782820955487e+02,1.000000000000000000e+00,6.400000000000000000e+01
1.386773298494024971e+02,1.000000000000000000e+00,6.400000000000000000e+01
1.391498899121537534e+02,1.000000000000000000e+00,6.400000000000000000e+01
1.443060854502595305e+02,1.000000000000000000e+00,6.400000000000000000e+01
1.416436812328005317e+02,1.000000000000000000e+00,6.400000000000000000e+01
1.407067294632321079e+02,1.000000000000000000e+00,6.400000000000000000e+01
1.396901526571861041e+02,1.000000000000000000e+00,6.400000000000000000e+01
1.407016654213280447e+02,1.000000000000000000e+00,6.400000000000000000e+01
1.423069032237925455e+02,1.000000000000000000e+00,6.400000000000000000e+01
1.381302107048649646e+02,1.000000000000000000e+00,6.400000000000000000e+01
1.423220823774869928e+02,1.000000000000000000e+00,6.400000000000000000e+01
1.390042468848032513e+02,1.000000000000000000e+00,6.400000000000000000e+01
1.427007657898487309e+02,1.000000000000000000e+00,6.400000000000000000e+01
1.404094229277152408e+02,1.000000000000000000e+00,6.400000000000000000e+01
1.390354033919385017e+02,1.000000000000000000e+00,6.400000000000000000e+01
1.407347955250238556e+02,1.000000000000000000e+00,6.400000000000000000e+01
1.393410430268284586e+02,1.000000000000000000e+00,6.400000000000000000e+01
1.389061369547578124e+02,1.000000000000000000e+00,6.400000000000000000e+01
1.386660393380030314e+02,1.000000000000000000e+00,6.400000000000000000e+01
1.405893856893781333e+02,1.000000000000000000e+00,6.400000000000000000e+01
1.379248580939669750e+02,1.000000000000000000e+00,6.400000000000000000e+01
1.414497641876147327e+02,1.000000000000000000e+00,6.400000000000000000e+01
1.434094307192087854e+02,1.000000000000000000e+00,6.400000000000000000e+01
1.398357593124005405e+02,1.000000000000000000e+00,6.400000000000000000e+01
1.388745686230957119e+02,1.000000000000000000e+00,6.400000000000000000e+01
1.453737690983612936e+02,1.000000000000000000e+00,6.400000000000000000e+01
1.443675383080550034e+02,1.000000000000000000e+00,6.400000000000000000e+01
1.425253146484162698e+02,1.000000000000000000e+00,6.400000000000000000e+01
1.438121116970351068e+02,1.000000000000000000e+00,6.400000000000000000e+01
1.413399126871513829e+02,1.000000000000000000e+00,6.400000000000000000e+01
1.391672586394350333e+02,1.000000000000000000e+00,6.400000000000000000e+01
1.457655143641410120e+02,1.000000000000000000e+00,6.400000000000000000e+01
1.403448443733830118e+02,1.000000000000000000e+00,6.400000000000000000e+01
1.435400308345227529e+02,1.000000000000000000e+00,6.400000000000000000e+01
1.423894222736851987e+02,1.000000000000000000e+00,6.400000000000000000e+01
1.399091621225391293e+02,1.000000000000000000e+00,6.400000000000000000e+01
1.365905011694217137e+02,1.000000000000000000e+00,6.400000000000000000e+01
1.367780919468592060e+02,1.000000000000000000e+00,6.400000000000000000e+01
1.407399965716279837e+02,1.000000000000000000e+00,6.400000000000000000e+01
1.464306334900417426e+02,1.000000000000000000e+00,6.400000000000000000e+01
1.407846012196087031e+02,1.000000000000000000e+00,6.400000000000000000e+01
1.414236127413595341e+02,1.000000000000000000e+00,6.400000000000000000e+01
1.458855460417635186e+02,1.000000000000000000e+00,6.400000000000000000e+01
1.403010952691656996e+02,1.000000000000000000e+00,6.500000000000000000e+01
1.438203697781860910e+02,1.000000000000000000e+00,6.500000000000000000e+01
1.431624048957457092e+02,1.000000000000000000e+00,6.500000000000000000e+01
1.397359912831211943e+02,1.000000000000000000e+00,6.500000000000000000e+01
1.428802217206717557e+02,1.000000000000000000e+00,6.500000000000000000e+01
1.415753737556554483e+02,1.000000000000000000e+00,6.500000000000000000e+01
1.428138723879946497e+02,1.000000000000000000e+00,6.500000000000000000e+01
1.416135504418967912e+02,1.000000000000000000e+00,6.500000000000000000e+01
1.457589756734561774e+02,1.000000000000000000e+00,6.500000000000000000e+01
1.446281467309254083e+02,1.000000000000000000e+00,6.500000000000000000e+01
1.421327719021259099e+02,1.000000000000000000e+00,6.500000000000000000e+01
1.436471846296550154e+02,1.000000000000000000e+00,6.500000000000000000e+01
1.425331632131114361e+02,1.000000000000000000e+00,6.500000000000000000e+01
1.453190255831558488e+02,1.000000000000000000e+00,6.500000000000000000e+01
1.424864008475284436e+02,1.000000000000000000e+00,6.500000000000000000e+01
1.427319571656530002e+02,1.000000000000000000e+00,6.500000000000000000e+01
1.471878599224671973e+02,1.000000000000000000e+00,6.500000000000000000e+01
1.422928462656711872e+02,1.000000000000000000e+00,6.500000000000000000e+01
1.380785840941476010e+02,1.000000000000000000e+00,6.500000000000000000e+01
1.409582412068738790e+02,1.000000000000000000e+00,6.500000000000000000e+01
1.449685266906645325e+02,1.000000000000000000e+00,6.500000000000000000e+01
1.415616185107172100e+02,1.000000000000000000e+00,6.500000000000000000e+01
1.399569319534924148e+02,1.000000000000000000e+00,6.500000000000000000e+01
1.438361218815047664e+02,1.000000000000000000e+00,6.500000000000000000e+01
1.417583332195143555e+02,1.000000000000000000e+00,6.500000000000000000e+01
1.437011034634442410e+02,1.000000000000000000e+00,6.500000000000000000e+01
1.426960727007812579e+02,1.000000000000000000e+00,6.500000000000000000e+01
1.418266670959623355e+02,1.000000000000000000e+00,6.500000000000000000e+01
1.463153584698041243e+02,1.000000000000000000e+00,6.500000000000000000e+01
1.465036613874392515e+02,1.000000000000000000e+00,6.500000000000000000e+01
1.470921760400996732e+02,1.000000000000000000e+00,6.500000000000000000e+01
1.441897007472327914e+02,1.000000000000000000e+00,6.500000000000000000e+01
1.419301056773651339e+02,1.000000000000000000e+00,6.500000000000000000e+01
1.462323527410725319e+02,1.000000000000000000e+00,6.500000000000000000e+01
1.443379089476093782e+02,1.000000000000000000e+00,6.500000000000000000e+01
1.430554760526970597e+02,1.000000000000000000e+00,6.500000000000000000e+01
1.425416591314485686e+02,1.000000000000000000e+00,6.500000000000000000e+01
1.424617754804152980e+02,1.000000000000000000e+00,6.500000000000000000e+01
1.439219059216234768e+02,1.000000000000000000e+00,6.500000000000000000e+01
1.456736669455393098e+02,1.000000000000000000e+00,6.500000000000000000e+01
1.454789637678405825e+02,1.000000000000000000e+00,6.500000000000000000e+01
1.419937783139690737e+02,1.000000000000000000e+00,6.500000000000000000e+01
1.453966670802793146e+02,1.000000000000000000e+00,6.500000000000000000e+01
1.458698383906252047e+02,1.000000000000000000e+00,6.500000000000000000e+01
1.422543297005454406e+02,1.000000000000000000e+00,6.500000000000000000e+01
1.450601352921306670e+02,1.000000000000000000e+00,6.600000000000000000e+01
1.462270652514837082e+02,1.000000000000000000e+00,6.600000000000000000e+01
1.429188891542143551e+02,1.000000000000000000e+00,6.600000000000000000e+01
1.411015895682857035e+02,1.000000000000000000e+00,6.600000000000000000e+01
1.467133507349893193e+02,1.000000000000000000e+00,6.600000000000000000e+01
1.492165926786275634e+02,1.000000000000000000e+00,6.600000000000000000e+01
1.449281284358508799e+02,1.000000000000000000e+00,6.600000000000000000e+01
1.426001260935587425e+02,1.000000000000000000e+00,6.600000000000000000e+01
1.443930554107420789e+02,1.000000000000000000e+00,6.600000000000000000e+01
1.455700871755552441e+02,1.000000000000000000e+00,6.600000000000000000e+01
1.403307074310419580e+02,1.000000000000000000e+00,6.600000000000000000e+01
1.450954133003210131e+02,1.000000000000000000e+00,6.600000000000000000e+01
1.449863165752825580e+02,1.000000000000000000e+00,6.600000000000000000e+01
1.429368266247186341e+02,1.000000000000000000e+00,6.600000000000000000e+01
1.472299658383201404e+02,1.000000000000000000e+00,6.600000000000000000e+01
1.466016786570472732e+02,1.000000000000000000e+00,6.600000000000000000e+01
1.448401343073053908e+02,1.000000000000000000e+00,6.600000000000000000e+01
1.432428328931056853e+02,1.000000000000000000e+00,6.600000000000000000e+01
1.452766109780625641e+02,1.000000000000000000e+00,6.600000000000000000e+01
1.459284046310617953e+02,1.000000000000000000e+00,6.600000000000000000e+01
1.454495420690642504e+02,1.000000000000000000e+00,6.600000000000000000e+01
1.418897715328870390e+02,1.000000000000000000e+00,6.600000000000000000e+01
1.427586166871920170e+02,1.000000000000000000e+00,6.600000000000000000e+01
1.459756470132086861e+02,1.000000000000000000e+00,6.600000000000000000e+01
1.438598206679796192e+02,1.000000000000000000e+00,6.600000000000000000e+01
1.423146692293372269e+02,1.000000000000000000e+00,6.600000000000000000e+01
1.403314659259808934e+02,1.000000000000000000e+00,6.600000000000000000e+01
1.443449729024453347e+02,1.000000000000000000e+00,6.600000000000000000e+01
1.479768169730335501e+02,1.000000000000000000e+00,6.600000000000000000e+01
1.490646667299880335e+02,1.000000000000000000e+00,6.600000000000000000e+01
1.420708138056552912e+02,1.000000000000000000e+00,6.600000000000000000e+01
1.468653776606428778e+02,1.000000000000000000e+00,6.600000000000000000e+01
1.438857934541512122e+02,1.000000000000000000e+00,6.600000000000000000e+01
1.472666756494592448e+02,1.000000000000000000e+00,6.600000000000000000e+01
1.428333722757703583e+02,1.000000000000000000e+00,6.600000000000000000e+01
1.469921018947156028e+02,1.000000000000000000e+00,6.600000000000000000e+01
1.426667320251727347e+02,1.000000000000000000e+00,6.600000000000000000e+01
1.471017428822893294e+02,1.000000000000000000e+00,6.600000000000000000e+01
1.441418459282854769e+02,1.000000000000000000e+00,6.600000000000000000e+01
1.477754063614494271e+02,1.000000000000000000e+00,6.600000000000000000e+01
1.442327849795652526e+02,1.000000000000000000e+00,6.600000000000000000e+01
1.474479324985705375e+02,1.000000000000000000e+00,6.600000000000000000e+01
1.499506840996895960e+02,1.000000000000000000e+00,6.600000000000000000e+01
1.484881000157855624e+02,1.000000000000000000e+00,6.600000000000000000e+01
1.422057871356132068e+02,1.000000000000000000e+00,6.700000000000000000e+01
1.477335861873350495e+02,1.000000000000000000e+00,6.700000000000000000e+01
1.429013500927217706e+02,1.000000000000000000e+00,6.700000000000000000e+01
1.441931513149207262e+02,1.000000000000000000e+00,6.700000000000000000e+01
1.512564562481471171e+02,1.000000000000000000e+00,6.700000000000000000e+01
1.498854535694918297e+02,1.000000000000000000e+00,6.700000000000000000e+01
1.430916650172129891e+02,1.000000000000000000e+00,6.700000000000000000e+01
1.446105182485962928e+02,1.000000000000000000e+00,6.700000000000000000e+01
1.455029690496874650e+02,1.000000000000000000e+00,6.700000000000000000e+01
1.500885483117647539e+02,1.000000000000000000e+00,6.700000000000000000e+01
1.505118082116925962e+02,1.000000000000000000e+00,6.700000000000000000e+01
1.445804716430277495e+02,1.000000000000000000e+00,6.700000000000000000e+01
1.445414402148105069e+02,1.000000000000000000e+00,6.700000000000000000e+01
1.454943123737797350e+02,1.000000000000000000e+00,6.700000000000000000e+01
1.466997859425474644e+02,1.000000000000000000e+00,6.700000000000000000e+01
1.508098041381397252e+02,1.000000000000000000e+00,6.700000000000000000e+01
1.484471006982205665e+02,1.000000000000000000e+00,6.700000000000000000e+01
1.459374975555952574e+02,1.000000000000000000e+00,6.700000000000000000e+01
1.475710113884124155e+02,1.000000000000000000e+00,6.700000000000000000e+01
1.490727171573079772e+02,1.000000000000000000e+00,6.700000000000000000e+01
1.451557542966106951e+02,1.000000000000000000e+00,6.700000000000000000e+01
1.440751046346262569e+02,1.000000000000000000e+00,6.700000000000000000e+01
1.445933456491380866e+02,1.000000000000000000e+00,6.700000000000000000e+01
1.462880212206440547e+02,1.000000000000000000e+00,6.700000000000000000e+01
1.476682966138917266e+02,1.000000000000000000e+00,6.700000000000000000e+01
1.504300953712749447e+02,1.000000000000000000e+00,6.700000000000000000e+01
1.487150062879265136e+02,1.000000000000000000e+00,6.700000000000000000e+01
1.467612625216229958e+02,1.000000000000000000e+00,6.700000000000000000e+01
1.480957458635841419e+02,1.000000000000000000e+00,6.700000000000000000e+01
1.479754929471023956e+02,1.000000000000000000e+00,6.700000000000000000e+01
1.492739865588221733e+02,1.000000000000000000e+00,6.700000000000000000e+01
1.488018771762189658e+02,1.000000000000000000e+00,6.700000000000000000e+01
1.485654073252877652e+02,1.000000000000000000e+00,6.700000000000000000e+01
1.477194923140696687e+02,1.000000000000000000e+00,6.700000000000000000e+01
1.477578756898408301e+02,1.000000000000000000e+00,6.700000000000000000e+01
1.432674237876277061e+02,1.000000000000000000e+00,6.700000000000000000e+01
1.476024983987827000e+02,1.000000000000000000e+00,6.700000000000000000e+01
1.424403178012811679e+02,1.000000000000000000e+00,6.700000000000000000e+01
1.488414646228294487e+02,1.000000000000000000e+00,6.700000000000000000e+01
1.477909834777945548e+02,1.000000000000000000e+00,6.700000000000000000e+01
1.464989359348085713e+02,1.000000000000000000e+00,6.700000000000000000e+01
1.484506508624247374e+02,1.000000000000000000e+00,6.700000000000000000e+01
1.458936215898854982e+02,1.000000000000000000e+00,6.700000000000000000e+01
1.443561910889728210e+02,1.000000000000000000e+00,6.700000000000000000e+01
1.495749988169108349e+02,1.000000000000000000e+00,6.700000000000000000e+01
1.471081408241713291e+02,1.000000000000000000e+00,6.800000000000000000e+01
1.478007264535200989e+02,1.000000000000000000e+00,6.800000000000000000e+01
1.518639769539237534e+02,1.000000000000000000e+00,6.800000000000000000e+01
1.507908350764487864e+02,1.000000000000000000e+00,6.800000000000000000e+01
1.493752518154634856e+02,1.000000000000000000e+00,6.800000000000000000e+01
1.488733196075475576e+02,1.000000000000000000e+00,6.800000000000000000e+01
1.513077448808703025e+02,1.000000000000000000e+00,6.800000000000000000e+01
1.486667248035439570e+02,1.000000000000000000e+00,6.800000000000000000e+01
1.483798052925764068e+02,1.000000000000000000e+00,6.800000000000000000e+01
1.512117853895222765e+02,1.000000000000000000e+00,6.800000000000000000e+01
1.475828649386356233e+02,1.000000000000000000e+00,6.800000000000000000e+01
1.532927699886641335e+02,1.000000000000000000e+00,6.800000000000000000e+01
1.487613483352319577e+02,1.000000000000000000e+00,6.800000000000000000e+01
1.476060091756417023e+02,1.000000000000000000e+00,6.800000000000000000e+01
1.451063045180041797e+02,1.000000000000000000e+00,6.800000000000000000e+01
1.475594549584189394e+02,1.000000000000000000e+00,6.800000000000000000e+01
1.498599888838653271e+02,1.000000000000000000e+00,6.800000000000000000e+01
1.497068675205915156e+02,1.000000000000000000e+00,6.800000000000000000e+01
1.498185148194790486e+02,1.000000000000000000e+00,6.800000000000000000e+01
1.515919769183155381e+02,1.000000000000000000e+00,6.800000000000000000e+01
1.478425548917060439e+02,1.000000000000000000e+00,6.800000000000000000e+01
1.503236095382918620e+02,1.000000000000000000e+00,6.800000000000000000e+01
1.506813471950536609e+02,1.000000000000000000e+00,6.800000000000000000e+01
1.475819488097359340e+02,1.000000000000000000e+00,6.800000000000000000e+01
1.494627001225456411e+02,1.000000000000000000e+00,6.800000000000000000e+01
1.477534252822795793e+02,1.000000000000000000e+00,6.800000000000000000e+01
1.501983868079113904e+02,1.000000000000000000e+00,6.800000000000000000e+01
1.428906423310340585e+02,1.000000000000000000e+00,6.800000000000000000e+01
1.464761707618664559e+02,1.000000000000000000e+00,6.800000000000000000e+01
1.493423032516660669e+02,1.000000000000000000e+00,6.800000000000000000e+01
1.501326791481710075e+02,1.000000000000000000e+00,6.800000000000000000e+01
1.510796977076861367e+02,1.000000000000000000e+00,6.800000000000000000e+01
1.469439592460878998e+02,1.000000000000000000e+00,6.800000000000000000e+01
1.492245837529679306e+02,1.000000000000000000e+00,6.800000000000000000e+01
1.472558131905958021e+02,1.000000000000000000e+00,6.800000000000000000e+01
1.458997060855684822e+02,1.000000000000000000e+00,6.800000000000000000e+01
1.478113194287915064e+02,1.000000000000000000e+00,6.800000000000000000e+01
1.498004161964010734e+02,1.000000000000000000e+00,6.800000000000000000e+01
1.471720431896780497e+02,1.000000000000000000e+00,6.800000000000000000e+01
1.485481529804509364e+02,1.000000000000000000e+00,6.800000000000000000e+01
1.450961779011391570e+02,1.000000000000000000e+00,6.800000000000000000e+01
1.492054637134789914e+02,1.000000000000000000e+00,6.800000000000000000e+01
1.459655812370023682e+02,1.000000000000000000e+00,6.800000000000000000e+01
1.501180708900505181e+02,1.000000000000000000e+00,6.800000000000000000e+01
1.465851450105689082e+02,1.000000000000000000e+00,6.900000000000000000e+01
1.510642882164302705e+02,1.000000000000000000e+00,6.900000000000000000e+01
1.478518735078749273e+02,1.000000000000000000e+00,6.900000000000000000e+01
1.513251047484987168e+02,1.000000000000000000e+00,6.900000000000000000e+01
1.503657314984099003e+02,1.000000000000000000e+00,6.900000000000000000e+01
1.461770268367698691e+02,1.000000000000000000e+00,6.900000000000000000e+01
1.485726544926850750e+02,1.000000000000000000e+00,6.900000000000000000e+01
1.465456626811063643e+02,1.000000000000000000e+00,6.900000000000000000e+01
1.472918831160336595e+02,1.000000000000000000e+00,6.900000000000000000e+01
1.485142136350590931e+02,1.000000000000000000e+00,6.900000000000000000e+01
1.493917263739422765e+02,1.000000000000000000e+00,6.900000000000000000e+01
1.472610381003257771e+02,1.000000000000000000e+00,6.900000000000000000e+01
1.513172333812627244e+02,1.000000000000000000e+00,6.900000000000000000e+01
1.501909254249503078e+02,1.000000000000000000e+00,6.900000000000000000e+01
1.491506832621871013e+02,1.000000000000000000e+00,6.900000000000000000e+01
1.462447382828721629e+02,1.000000000000000000e+00,6.900000000000000000e+01
1.471828934186813740e+02,1.000000000000000000e+00,6.900000000000000000e+01
1.493675571006222640e+02,1.000000000000000000e+00,6.900000000000000000e+01
1.491503707394076343e+02,1.000000000000000000e+00,6.900000000000000000e+01
1.461360984066913886e+02,1.000000000000000000e+00,6.900000000000000000e+01
1.469068144487434893e+02,1.000000000000000000e+00,6.900000000000000000e+01
1.450470120740308460e+02,1.000000000000000000e+00,6.900000000000000000e+01
1.487840640158182737e+02,1.000000000000000000e+00,6.900000000000000000e+01
1.482620222426749876e+02,1.000000000000000000e+00,6.900000000000000000e+01
1.487922320677511152e+02,1.000000000000000000e+00,6.900000000000000000e+01
1.464289709498463310e+02,1.000000000000000000e+00,6.900000000000000000e+01
1.475635822008198375e+02,1.000000000000000000e+00,6.900000000000000000e+01
1.481021967664020167e+02,1.000000000000000000e+00,6.900000000000000000e+01
1.510311286413937069e+02,1.000000000000000000e+00,6.900000000000000000e+01
1.479797456040886630e+02,1.000000000000000000e+00,6.900000000000000000e+01
1.471520763768529605e+02,1.000000000000000000e+00,6.900000000000000000e+01
1.474008313580640106e+02,1.000000000000000000e+00,6.900000000000000000e+01
1.461442569070693764e+02,1.000000000000000000e+00,6.900000000000000000e+01
1.490339331865895645e+02,1.000000000000000000e+00,6.900000000000000000e+01
1.504765555491492819e+02,1.000000000000000000e+00,6.900000000000000000e+01
1.460397757201655509e+02,1.000000000000000000e+00,6.900000000000000000e+01
1.504273412375324881e+02,1.000000000000000000e+00,6.900000000000000000e+01
1.486785442816412228e+02,1.000000000000000000e+00,6.900000000000000000e+01
1.484670675184377728e+02,1.000000000000000000e+00,6.900000000000000000e+01
1.539418071028617874e+02,1.000000000000000000e+00,6.900000000000000000e+01
1.494152595828012124e+02,1.000000000000000000e+00,6.900000000000000000e+01
1.505002823654292285e+02,1.000000000000000000e+00,6.900000000000000000e+01
1.512370793233999393e+02,1.000000000000000000e+00,6.900000000000000000e+01
1.478335588322540843e+02,1.000000000000000000e+00,6.900000000000000000e+01
1.486810126681223210e+02,1.000000000000000000e+00,6.900000000000000000e+01
1.492071024448220555e+02,1.000000000000000000e+00,7.000000000000000000e+01
1.505613031105097548e+02,1.000000000000000000e+00,7.000000000000000000e+01
1.498955352899252773e+02,1.000000000000000000e+00,7.000000000000000000e+01
1.453966675914834354e+02,1.000000000000000000e+00,7.000000000000000000e+01
1.491558732378658760e+02,1.000000000000000000e+00,7.000000000000000000e+01
1.491368495795397564e+02,1.000000000000000000e+00,7.000000000000000000e+01
1.514064777643320667e+02,1.000000000000000000e+00,7.000000000000000000e+01
1.461771281923333561e+02,1.000000000000000000e+00,7.000000000000000000e+01
1.472711710511576086e+02,1.000000000000000000e+00,7.000000000000000000e+01
1.472538316316504563e+02,1.000000000000000000e+00,7.000000000000000000e+01
1.449165243556566907e+02,1.000000000000000000e+00,7.000000000000000000e+01
1.515228027098348207e+02,1.000000000000000000e+00,7.000000000000000000e+01
1.480997384201162106e+02,1.000000000000000000e+00,7.000000000000000000e+01
1.499031398594973439e+02,1.000000000000000000e+00,7.000000000000000000e+01
1.476783586901701710e+02,1.000000000000000000e+00,7.000000000000000000e+01
1.488169790411258475e+02,1.000000000000000000e+00,7.000000000000000000e+01
1.480136228585681692e+02,1.000000000000000000e+00,7.000000000000000000e+01
1.455289565269906689e+02,1.000000000000000000e+00,7.000000000000000000e+01
1.492892653443252016e+02,1.000000000000000000e+00,7.000000000000000000e+01
1.513050280933831004e+02,1.000000000000000000e+00,7.000000000000000000e+01
1.476928180611521100e+02,1.000000000000000000e+00,7.000000000000000000e+01
1.525348360901957108e+02,1.000000000000000000e+00,7.000000000000000000e+01
1.489943338915045956e+02,1.000000000000000000e+00,7.000000000000000000e+01
1.529134021605564726e+02,1.000000000000000000e+00,7.000000000000000000e+01
1.471566075461104219e+02,1.000000000000000000e+00,7.000000000000000000e+01
1.516026437678280558e+02,1.000000000000000000e+00,7.000000000000000000e+01
1.480598363847898042e+02,1.000000000000000000e+00,7.000000000000000000e+01
1.480392389878180097e+02,1.000000000000000000e+00,7.000000000000000000e+01
1.506783258526257043e+02,1.000000000000000000e+00,7.000000000000000000e+01
1.473512661193059046e+02,1.000000000000000000e+00,7.000000000000000000e+01
1.477770102516911948e+02,1.000000000000000000e+00,7.000000000000000000e+01
1.486484755426119193e+02,1.000000000000000000e+00,7.000000000000000000e+01
1.480777408185876425e+02,1.000000000000000000e+00,7.000000000000000000e+01
1.483350514133222191e+02,1.000000000000000000e+00,7.000000000000000000e+01
1.462848818587565916e+02,1.000000000000000000e+00,7.000000000000000000e+01
1.509309832722416616e+02,1.000000000000000000e+00,7.000000000000000000e+01
1.482044627931234970e+02,1.000000000000000000e+00,7.000000000000000000e+01
1.481577599235876050e+02,1.000000000000000000e+00,7.000000000000000000e+01
1.504601548831859077e+02,1.000000000000000000e+00,7.000000000000000000e+01
1.482551784134828949e+02,1.000000000000000000e+00,7.000000000000000000e+01
1.470888571705475272e+02,1.000000000000000000e+00,7.000000000000000000e+01
1.486682098255641336e+02,1.000000000000000000e+00,7.000000000000000000e+01
1.470087875399956943e+02,1.000000000000000000e+00,7.000000000000000000e+01
1.515790086784734854e+02,1.000000000000000000e+00,7.000000000000000000e+01
1.507470988562927801e+02,1.000000000000000000e+00,7.100000000000000000e+01
1.511235345215275458e+02,1.000000000000000000e+00,7.100000000000000000e+01
1.498745822789941258e+02,1.000000000000000000e+00,7.100000000000000000e+01
1.526021274939986938e+02,1.000000000000000000e+00,7.100000000000000000e+01
1.502781277026768407e+02,1.000000000000000000e+00,7.100000000000000000e+01
1.507160992511970221e+02,1.000000000000000000e+00,7.100000000000000000e+01
1.490190532617264125e+02,1.000000000000000000e+00,7.100000000000000000e+01
1.524416216586400594e+02,1.000000000000000000e+00,7.100000000000000000e+01
1.466385928622336792e+02,1.000000000000000000e+00,7.100000000000000000e+01
1.471762915360177999e+02,1.000000000000000000e+00,7.100000000000000000e+01
1.475810764334472083e+02,1.000000000000000000e+00,7.100000000000000000e+01
1.514450094950817913e+02,1.000000000000000000e+00,7.100000000000000000e+01
1.491058946803007643e+02,1.000000000000000000e+00,7.100000000000000000e+01
1.495973054661640163e+02,1.000000000000000000e+00,7.100000000000000000e+01
1.486345614223128280e+02,1.000000000000000000e+00,7.100000000000000000e+01
1.479637295301486972e+02,1.000000000000000000e+00,7.100000000000000000e+01
1.495014148907337415e+02,1.000000000000000000e+00,7.100000000000000000e+01
1.486371151058120859e+02,1.000000000000000000e+00,7.100000000000000000e+01
1.481924451408546020e+02,1.000000000000000000e+00,7.100000000000000000e+01
1.483350885612866250e+02,1.000000000000000000e+00,7.100000000000000000e+01
1.478834077287487503e+02,1.000000000000000000e+00,7.100000000000000000e+01
1.473232676499940794e+02,1.000000000000000000e+00,7.100000000000000000e+01
1.488841151663624771e+02,1.000000000000000000e+00,7.100000000000000000e+01
1.509594996152185331e+02,1.000000000000000000e+00,7.100000000000000000e+01
1.475699785986179222e+02,1.000000000000000000e+00,7.100000000000000000e+01
1.496928344822254644e+02,1.000000000000000000e+00,7.100000000000000000e+01
1.493558802828875400e+02,1.000000000000000000e+00,7.100000000000000000e+01
1.484390456332155850e+02,1.000000000000000000e+00,7.100000000000000000e+01
1.484939990843617466e+02,1.000000000000000000e+00,7.100000000000000000e+01
1.473968957759445857e+02,1.000000000000000000e+00,7.100000000000000000e+01
1.462441701454994245e+02,1.000000000000000000e+00,7.100000000000000000e+01
1.478437177376936802e+02,1.000000000000000000e+00,7.100000000000000000e+01
1.465116443341644299e+02,1.000000000000000000e+00,7.100000000000000000e+01
1.497120097121098468e+02,1.000000000000000000e+00,7.100000000000000000e+01
1.512800587720300882e+02,1.000000000000000000e+00,7.100000000000000000e+01
1.490391399498842588e+02,1.000000000000000000e+00,7.100000000000000000e+01
1.499870636488986406e+02,1.000000000000000000e+00,7.100000000000000000e+01
1.488926406913440132e+02,1.000000000000000000e+00,7.100000000000000000e+01
1.476577525814759326e+02,1.000000000000000000e+00,7.100000000000000000e+01
1.477063471999931039e+02,1.000000000000000000e+00,7.100000000000000000e+01
1.470270286002780438e+02,1.000000000000000000e+00,7.100000000000000000e+01
1.485584399807591467e+02,1.000000000000000000e+00,7.100000000000000000e+01
1.471961818645268067e+02,1.000000000000000000e+00,7.100000000000000000e+01
1.492784202651366172e+02,1.000000000000000000e+00,7.100000000000000000e+01
1.464843994296760741e+02,1.000000000000000000e+00,7.200000000000000000e+01
1.483063969858092719e+02,1.000000000000000000e+00,7.200000000000000000e+01
1.482553993997158273e+02,1.000000000000000000e+00,7.200000000000000000e+01
1.516388634653168879e+02,1.000000000000000000e+00,7.200000000000000000e+01
1.502039639951392189e+02,1.000000000000000000e+00,7.200000000000000000e+01
1.484332466025824715e+02,1.000000000000000000e+00,7.200000000000000000e+01
1.486860345643944470e+02,1.000000000000000000e+00,7.200000000000000000e+01
1.473313311036593518e+02,1.000000000000000000e+00,7.200000000000000000e+01
1.504127992396859668e+02,1.000000000000000000e+00,7.200000000000000000e+01
1.521671570758422263e+02,1.000000000000000000e+00,7.200000000000000000e+01
1.516732572787705067e+02,1.000000000000000000e+00,7.200000000000000000e+01
1.487466843628310755e+02,1.000000000000000000e+00,7.200000000000000000e+01
1.459171059361200662e+02,1.000000000000000000e+00,7.200000000000000000e+01
1.486908952345526131e+02,1.000000000000000000e+00,7.200000000000000000e+01
1.493944514966548240e+02,1.000000000000000000e+00,7.200000000000000000e+01
1.454852752847563977e+02,1.000000000000000000e+00,7.200000000000000000e+01
1.435739835616616347e+02,1.000000000000000000e+00,7.200000000000000000e+01
1.505420187355473729e+02,1.000000000000000000e+00,7.200000000000000000e+01
1.430530218477069013e+02,1.000000000000000000e+00,7.200000000000000000e+01
1.473391990797371705e+02,1.000000000000000000e+00,7.200000000000000000e+01
1.464448957401822895e+02,1.000000000000000000e+00,7.200000000000000000e+01
1.470356026446416706e+02,1.000000000000000000e+00,7.200000000000000000e+01
1.515307069473062711e+02,1.000000000000000000e+00,7.200000000000000000e+01
1.465078349295250177e+02,1.000000000000000000e+00,7.200000000000000000e+01
1.482577241114162803e+02,1.000000000000000000e+00,7.200000000000000000e+01
1.465368766378513499e+02,1.000000000000000000e+00,7.200000000000000000e+01
1.483086419441542319e+02,1.000000000000000000e+00,7.200000000000000000e+01
1.488349690726715835e+02,1.000000000000000000e+00,7.200000000000000000e+01
1.463369579137610685e+02,1.000000000000000000e+00,7.200000000000000000e+01
1.470949169825229035e+02,1.000000000000000000e+00,7.200000000000000000e+01
1.484921221432336722e+02,1.000000000000000000e+00,7.200000000000000000e+01
1.462901706844779994e+02,1.000000000000000000e+00,7.200000000000000000e+01
1.483744638848756097e+02,1.000000000000000000e+00,7.200000000000000000e+01
1.458372382128904121e+02,1.000000000000000000e+00,7.200000000000000000e+01
1.487243098212332484e+02,1.000000000000000000e+00,7.200000000000000000e+01
1.441415684227137604e+02,1.000000000000000000e+00,7.200000000000000000e+01
1.495237355909391113e+02,1.000000000000000000e+00,7.200000000000000000e+01
1.481084649702632419e+02,1.000000000000000000e+00,7.200000000000000000e+01
1.435193489723477285e+02,1.000000000000000000e+00,7.200000000000000000e+01
1.469437905519476999e+02,1.000000000000000000e+00,7.200000000000000000e+01
1.465937009086962917e+02,1.000000000000000000e+00,7.200000000000000000e+01
1.456254506983250110e+02,1.000000000000000000e+00,7.200000000000000000e+01
1.487828315722749437e+02,1.000000000000000000e+00,7.200000000000000000e+01
1.460390874642220354e+02,1.000000000000000000e+00,7.200000000000000000e+01
1.452681076379906244e+02,1.000000000000000000e+00,7.200000000000000000e+01
1.467141707525561856e+02,1.000000000000000000e+00,7.300000000000000000e+01
1.503272989758752374e+02,1.000000000000000000e+00,7.300000000000000000e+01
1.494088684038198949e+02,1.000000000000000000e+00,7.300000000000000000e+01
1.495845736193846278e+02,1.000000000000000000e+00,7.300000000000000000e+01
1.476642734317158840e+02,1.000000000000000000e+00,7.300000000000000000e+01
1.516009457533697855e+02,1.000000000000000000e+00,7.300000000000000000e+01
1.484877712710508888e+02,1.000000000000000000e+00,7.300000000000000000e+01
1.474294056159759521e+02,1.000000000000000000e+00,7.300000000000000000e+01
1.438435882471821969e+02,1.000000000000000000e+00,7.300000000000000000e+01
1.457984865629739488e+02,1.000000000000000000e+00,7.300000000000000000e+01
1.522645564947906962e+02,1.000000000000000000e+00,7.300000000000000000e+01
1.490127326301365827e+02,1.000000000000000000e+00,7.300000000000000000e+01
1.483569097794853633e+02,1.000000000000000000e+00,7.300000000000000000e+01
1.479548289139863186e+02,1.000000000000000000e+00,7.300000000000000000e+01
1.460581180493796296e+02,1.000000000000000000e+00,7.300000000000000000e+01
1.478826677168509889e+02,1.000000000000000000e+00,7.300000000000000000e+01
1.453571902817616888e+02,1.000000000000000000e+00,7.300000000000000000e+01
1.499049826141505548e+02,1.000000000000000000e+00,7.300000000000000000e+01
1.466256717238993588e+02,1.000000000000000000e+00,7.300000000000000000e+01
1.452173703468549775e+02,1.000000000000000000e+00,7.300000000000000000e+01
1.498275356974572219e+02,1.000000000000000000e+00,7.300000000000000000e+01
1.486755453656236341e+02,1.000000000000000000e+00,7.300000000000000000e+01
1.461312227427811763e+02,1.000000000000000000e+00,7.300000000000000000e+01
1.481383459526381330e+02,1.000000000000000000e+00,7.300000000000000000e+01
1.433488827474471350e+02,1.000000000000000000e+00,7.300000000000000000e+01
1.478894448663964170e+02,1.000000000000000000e+00,7.300000000000000000e+01
1.496220949444587518e+02,1.000000000000000000e+00,7.300000000000000000e+01
1.437033262185725562e+02,1.000000000000000000e+00,7.300000000000000000e+01
1.446000191865746842e+02,1.000000000000000000e+00,7.300000000000000000e+01
1.443760262899628799e+02,1.000000000000000000e+00,7.300000000000000000e+01
1.464383848078044252e+02,1.000000000000000000e+00,7.300000000000000000e+01
1.482355268942481814e+02,1.000000000000000000e+00,7.300000000000000000e+01
1.465491445313808754e+02,1.000000000000000000e+00,7.300000000000000000e+01
1.487237576259915954e+02,1.000000000000000000e+00,7.300000000000000000e+01
1.452945331166459368e+02,1.000000000000000000e+00,7.300000000000000000e+01
1.469966852132072859e+02,1.000000000000000000e+00,7.300000000000000000e+01
1.462710717172105603e+02,1.000000000000000000e+00,7.300000000000000000e+01
1.449791623213125149e+02,1.000000000000000000e+00,7.300000000000000000e+01
1.491783725688911773e+02,1.000000000000000000e+00,7.300000000000000000e+01
1.479735013317825292e+02,1.000000000000000000e+00,7.300000000000000000e+01
1.493412972240093382e+02,1.000000000000000000e+00,7.300000000000000000e+01
1.450405023587910023e+02,1.000000000000000000e+00,7.300000000000000000e+01
1.451963261382137205e+02,1.000000000000000000e+00,7.300000000000000000e+01
1.473011919282025985e+02,1.000000000000000000e+00,7.300000000000000000e+01
1.458087610135756336e+02,1.000000000000000000e+00,7.400000000000000000e+01
1.458874889570373057e+02,1.000000000000000000e+00,7.400000000000000000e+01
1.471264920272863037e+02,1.000000000000000000e+00,7.400000000000000000e+01
1.438553697722093432e+02,1.000000000000000000e+00,7.400000000000000000e+01
1.510400490145927108e+02,1.000000000000000000e+00,7.400000000000000000e+01
1.473318817264258769e+02,1.000000000000000000e+00,7.400000000000000000e+01
1.477415827645488378e+02,1.000000000000000000e+00,7.400000000000000000e+01
1.459961733350930615e+02,1.000000000000000000e+00,7.400000000000000000e+01
1.455018570816403383e+02,1.000000000000000000e+00,7.400000000000000000e+01
1.474352382226680334e+02,1.000000000000000000e+00,7.400000000000000000e+01
1.441156806442615448e+02,1.000000000000000000e+00,7.400000000000000000e+01
1.440232059734250356e+02,1.000000000000000000e+00,7.400000000000000000e+01
1.440804258728966261e+02,1.000000000000000000e+00,7.400000000000000000e+01
1.427317286237767462e+02,1.000000000000000000e+00,7.400000000000000000e+01
1.439814500303086220e+02,1.000000000000000000e+00,7.400000000000000000e+01
1.472487381694203350e+02,1.000000000000000000e+00,7.400000000000000000e+01
1.443543525450295988e+02,1.000000000000000000e+00,7.400000000000000000e+01
1.474608175923534645e+02,1.000000000000000000e+00,7.400000000000000000e+01
1.470854375086451569e+02,1.000000000000000000e+00,7.400000000000000000e+01
1.469915237111893020e+02,1.000000000000000000e+00,7.400000000000000000e+01
1.446005950134384079e+02,1.000000000000000000e+00,7.400000000000000000e+01
1.472250106699443108e+02,1.000000000000000000e+00,7.400000000000000000e+01
1.463429158776148142e+02,1.000000000000000000e+00,7.400000000000000000e+01
1.467312434332968678e+02,1.000000000000000000e+00,7.400000000000000000e+01
1.454542286015960428e+02,1.000000000000000000e+00,7.400000000000000000e+01
1.429962451871122084e+02,1.000000000000000000e+00,7.400000000000000000e+01
1.451562553609847441e+02,1.000000000000000000e+00,7.400000000000000000e+01
1.437569879047227630e+02,1.000000000000000000e+00,7.400000000000000000e+01
1.465613809321267240e+02,1.000000000000000000e+00,7.400000000000000000e+01
1.459307031446034841e+02,1.000000000000000000e+00,7.400000000000000000e+01
1.456101513345698777e+02,1.000000000000000000e+00,7.400000000000000000e+01
1.454504386393223569e+02,1.000000000000000000e+00,7.400000000000000000e+01
1.433676952462677434e+02,1.000000000000000000e+00,7.400000000000000000e+01
1.453785999247893415e+02,1.000000000000000000e+00,7.400000000000000000e+01
1.410299720516825062e+02,1.000000000000000000e+00,7.400000000000000000e+01
1.397846058911091518e+02,1.000000000000000000e+00,7.400000000000000000e+01
1.423089906118739805e+02,1.000000000000000000e+00,7.400000000000000000e+01
1.452197857718618081e+02,1.000000000000000000e+00,7.400000000000000000e+01
1.439547737969407422e+02,1.000000000000000000e+00,7.400000000000000000e+01
1.454366337075343267e+02,1.000000000000000000e+00,7.400000000000000000e+01
1.437765673473551828e+02,1.000000000000000000e+00,7.400000000000000000e+01
1.428958198232161010e+02,1.000000000000000000e+00,7.400000000000000000e+01
1.479644593362045271e+02,1.000000000000000000e+00,7.400000000000000000e+01
1.464797716991398602e+02,1.000000000000000000e+00,7.400000000000000000e+01
1.436825513203556284e+02,1.000000000000000000e+00,7.400000000000000000e+01
1.455418597330263424e+02,1.000000000000000000e+00,7.500000000000000000e+01
1.467785208418837328e+02,1.000000000000000000e+00,7.500000000000000000e+01
1.470814003184951559e+02,1.000000000000000000e+00,7.500000000000000000e+01
1.434256216606032694e+02,1.000000000000000000e+00,7.500000000000000000e+01
1.487072219095452397e+02,1.000000000000000000e+00,7.500000000000000000e+01
1.437509843999113741e+02,1.000000000000000000e+00,7.500000000000000000e+01
1.419785443936842739e+02,1.000000000000000000e+00,7.500000000000000000e+01
1.464899658703936893e+02,1.000000000000000000e+00,7.500000000000000000e+01
1.438652643120410062e+02,1.000000000000000000e+00,7.500000000000000000e+01
1.482000291437432793e+02,1.000000000000000000e+00,7.500000000000000000e+01
1.470302826958910316e+02,1.000000000000000000e+00,7.500000000000000000e+01
1.480211675653420116e+02,1.000000000000000000e+00,7.500000000000000000e+01
1.482413855544330090e+02,1.000000000000000000e+00,7.500000000000000000e+01
1.426665225421626246e+02,1.000000000000000000e+00,7.500000000000000000e+01
1.482159755334877786e+02,1.000000000000000000e+00,7.500000000000000000e+01
1.453680879917493485e+02,1.000000000000000000e+00,7.500000000000000000e+01
1.424832963904026712e+02,1.000000000000000000e+00,7.500000000000000000e+01
1.422245579662060777e+02,1.000000000000000000e+00,7.500000000000000000e+01
1.464002363099216950e+02,1.000000000000000000e+00,7.500000000000000000e+01
1.439778379739231582e+02,1.000000000000000000e+00,7.500000000000000000e+01
1.442046344833835292e+02,1.000000000000000000e+00,7.500000000000000000e+01
1.471528567994118077e+02,1.000000000000000000e+00,7.500000000000000000e+01
1.419604267662296309e+02,1.000000000000000000e+00,7.500000000000000000e+01
1.437223530928272908e+02,1.000000000000000000e+00,7.500000000000000000e+01
1.448671109726758459e+02,1.000000000000000000e+00,7.500000000000000000e+01
1.460288931222239910e+02,1.000000000000000000e+00,7.500000000000000000e+01
1.474106886119710680e+02,1.000000000000000000e+00,7.500000000000000000e+01
1.447672246470641539e+02,1.000000000000000000e+00,7.500000000000000000e+01
1.428344617953399620e+02,1.000000000000000000e+00,7.500000000000000000e+01
1.445351471777889856e+02,1.000000000000000000e+00,7.500000000000000000e+01
1.457252919184886650e+02,1.000000000000000000e+00,7.500000000000000000e+01
1.434543422635678667e+02,1.000000000000000000e+00,7.500000000000000000e+01
1.465440166119732908e+02,1.000000000000000000e+00,7.500000000000000000e+01
1.469406076679613591e+02,1.000000000000000000e+00,7.500000000000000000e+01
1.433742637988940487e+02,1.000000000000000000e+00,7.500000000000000000e+01
1.431341258377718759e+02,1.000000000000000000e+00,7.500000000000000000e+01
1.396704830363199790e+02,1.000000000000000000e+00,7.500000000000000000e+01
1.430477934590711584e+02,1.000000000000000000e+00,7.500000000000000000e+01
1.438899352775177363e+02,1.000000000000000000e+00,7.500000000000000000e+01
1.401063396940478469e+02,1.000000000000000000e+00,7.500000000000000000e+01
1.400352172734349097e+02,1.000000000000000000e+00,7.500000000000000000e+01
1.453039697234771097e+02,1.000000000000000000e+00,7.500000000000000000e+01
1.445954583410317582e+02,1.000000000000000000e+00,7.500000000000000000e+01
1.425447255134114926e+02,1.000000000000000000e+00,7.500000000000000000e+01
1.434680253965702832e+02,1.000000000000000000e+00,7.600000000000000000e+01
1.431978248757928043e+02,1.000000000000000000e+00,7.600000000000000000e+01
1.442764798938445097e+02,1.000000000000000000e+00,7.600000000000000000e+01
1.454881259242833096e+02,1.000000000000000000e+00,7.600000000000000000e+01
1.471016295048034124e+02,1.000000000000000000e+00,7.600000000000000000e+01
1.419531095535788552e+02,1.000000000000000000e+00,7.600000000000000000e+01
1.451019932556803269e+02,1.000000000000000000e+00,7.600000000000000000e+01
1.443683730759545369e+02,1.000000000000000000e+00,7.600000000000000000e+01
1.429500487617347062e+02,1.000000000000000000e+00,7.600000000000000000e+01
1.457742171203163082e+02,1.000000000000000000e+00,7.600000000000000000e+01
1.446811276939336324e+02,1.000000000000000000e+00,7.600000000000000000e+01
1.452291697748921990e+02,1.000000000000000000e+00,7.600000000000000000e+01
1.428363192330752440e+02,1.000000000000000000e+00,7.600000000000000000e+01
1.429874354488044617e+02,1.000000000000000000e+00,7.600000000000000000e+01
1.451036582164195750e+02,1.000000000000000000e+00,7.600000000000000000e+01
1.420164941100653948e+02,1.000000000000000000e+00,7.600000000000000000e+01
1.445987261170970157e+02,1.000000000000000000e+00,7.600000000000000000e+01
1.409098978330980003e+02,1.000000000000000000e+00,7.600000000000000000e+01
1.445831962801037776e+02,1.000000000000000000e+00,7.600000000000000000e+01
1.442458889397615280e+02,1.000000000000000000e+00,7.600000000000000000e+01
1.419442212477518979e+02,1.000000000000000000e+00,7.600000000000000000e+01
1.430907261036383602e+02,1.000000000000000000e+00,7.600000000000000000e+01
1.406915338177442436e+02,1.000000000000000000e+00,7.600000000000000000e+01
1.432821875374458500e+02,1.000000000000000000e+00,7.600000000000000000e+01
1.450924194579270079e+02,1.000000000000000000e+00,7.600000000000000000e+01
1.412844339624088263e+02,1.000000000000000000e+00,7.600000000000000000e+01
1.397529810132368482e+02,1.000000000000000000e+00,7.600000000000000000e+01
1.423918446697051081e+02,1.000000000000000000e+00,7.600000000000000000e+01
1.450689178747997516e+02,1.000000000000000000e+00,7.600000000000000000e+01
1.416297257459110028e+02,1.000000000000000000e+00,7.600000000000000000e+01
1.394136491632922343e+02,1.000000000000000000e+00,7.600000000000000000e+01
1.453782244614915271e+02,1.000000000000000000e+00,7.600000000000000000e+01
1.430781354232129274e+02,1.000000000000000000e+00,7.600000000000000000e+01
1.412043067384942105e+02,1.000000000000000000e+00,7.600000000000000000e+01
1.395158982733591415e+02,1.000000000000000000e+00,7.600000000000000000e+01
1.436557532987352488e+02,1.000000000000000000e+00,7.600000000000000000e+01
1.405013117994432719e+02,1.000000000000000000e+00,7.600000000000000000e+01
1.450046660640597054e+02,1.000000000000000000e+00,7.600000000000000000e+01
1.410199604129063005e+02,1.000000000000000000e+00,7.600000000000000000e+01
1.398616423192230513e+02,1.000000000000000000e+00,7.600000000000000000e+01
1.408192613063549175e+02,1.000000000000000000e+00,7.600000000000000000e+01
1.446617893718877212e+02,1.000000000000000000e+00,7.600000000000000000e+01
1.381982900891085535e+02,1.000000000000000000e+00,7.600000000000000000e+01
1.404839858183129593e+02,1.000000000000000000e+00,7.600000000000000000e+01
1.414897656297212620e+02,1.000000000000000000e+00,7.600000000000000000e+01
1.378481913436120294e+02,1.000000000000000000e+00,7.700000000000000000e+01
1.425237352910547770e+02,1.000000000000000000e+00,7.700000000000000000e+01
1.416750305187535162e+02,1.000000000000000000e+00,7.700000000000000000e+01
1.400257698364978580e+02,1.000000000000000000e+00,7.700000000000000000e+01
1.403164114353862715e+02,1.000000000000000000e+00,7.700000000000000000e+01
1.408716436507461935e+02,1.000000000000000000e+00,7.700000000000000000e+01
1.417072685780904635e+02,1.000000000000000000e+00,7.700000000000000000e+01
1.397338482941904658e+02,1.000000000000000000e+00,7.700000000000000000e+01
1.387897120634382588e+02,1.000000000000000000e+00,7.700000000000000000e+01
1.417066234315142879e+02,1.000000000000000000e+00,7.700000000000000000e+01
1.417725447691531144e+02,1.000000000000000000e+00,7.700000000000000000e+01
1.443558238886016056e+02,1.000000000000000000e+00,7.700000000000000000e+01
1.402586809467197213e+02,1.000000000000000000e+00,7.700000000000000000e+01
1.399754710809981191e+02,1.000000000000000000e+00,7.700000000000000000e+01
1.386793915039259559e+02,1.000000000000000000e+00,7.700000000000000000e+01
1.374093713923275288e+02,1.000000000000000000e+00,7.700000000000000000e+01
1.414895527724132194e+02,1.000000000000000000e+00,7.700000000000000000e+01
1.426244196511040059e+02,1.000000000000000000e+00,7.700000000000000000e+01
1.414013086692342540e+02,1.000000000000000000e+00,7.700000000000000000e+01
1.423866438022685941e+02,1.000000000000000000e+00,7.700000000000000000e+01
1.383232230115040409e+02,1.000000000000000000e+00,7.700000000000000000e+01
1.387720570777305795e+02,1.000000000000000000e+00,7.700000000000000000e+01
1.424469039342231440e+02,1.000000000000000000e+00,7.700000000000000000e+01
1.391955648194303592e+02,1.000000000000000000e+00,7.700000000000000000e+01
1.367491273866278334e+02,1.000000000000000000e+00,7.700000000000000000e+01
1.360619311429405229e+02,1.000000000000000000e+00,7.700000000000000000e+01
1.422089896841016525e+02,1.000000000000000000e+00,7.700000000000000000e+01
1.379548237580436023e+02,1.000000000000000000e+00,7.700000000000000000e+01
1.400573839869342123e+02,1.000000000000000000e+00,7.700000000000000000e+01
1.393655220177426202e+02,1.000000000000000000e+00,7.700000000000000000e+01
1.375816188072519708e+02,1.000000000000000000e+00,7.700000000000000000e+01
1.372081264289628280e+02,1.000000000000000000e+00,7.700000000000000000e+01
1.388062761858211616e+02,1.000000000000000000e+00,7.700000000000000000e+01
1.398891230266434320e+02,1.000000000000000000e+00,7.700000000000000000e+01
1.383771421696752668e+02,1.000000000000000000e+00,7.700000000000000000e+01
1.422453183260878973e+02,1.000000000000000000e+00,7.700000000000000000e+01
1.357739240331522979e+02,1.000000000000000000e+00,7.700000000000000000e+01
1.392852956229714323e+02,1.000000000000000000e+00,7.700000000000000000e+01
1.362365493050597252e+02,1.000000000000000000e+00,7.700000000000000000e+01
1.365858816696760982e+02,1.000000000000000000e+00,7.700000000000000000e+01
1.386715948744069351e+02,1.000000000000000000e+00,7.700000000000000000e+01
1.380945417907302044e+02,1.000000000000000000e+00,7.700000000000000000e+01
1.365529738401156692e+02,1.000000000000000000e+00,7.700000000000000000e+01
1.383876005031219449e+02,1.000000000000000000e+00,7.700000000000000000e+01
1.397458497426867439e+02,1.000000000000000000e+00,7.800000000000000000e+01
1.373008761504106587e+02,1.000000000000000000e+00,7.800000000000000000e+01
1.403667934565688427e+02,1.000000000000000000e+00,7.800000000000000000e+01
1.400913510088929570e+02,1.000000000000000000e+00,7.800000000000000000e+01
1.385083018829839716e+02,1.000000000000000000e+00,7.800000000000000000e+01
1.356486950270461307e+02,1.000000000000000000e+00,7.800000000000000000e+01
1.387797491770062948e+02,1.000000000000000000e+00,7.800000000000000000e+01
1.360316231467252521e+02,1.000000000000000000e+00,7.800000000000000000e+01
1.318962590781639221e+02,1.000000000000000000e+00,7.800000000000000000e+01
1.395926966039834838e+02,1.000000000000000000e+00,7.800000000000000000e+01
1.366504203324793991e+02,1.000000000000000000e+00,7.800000000000000000e+01
1.336610633937176829e+02,1.000000000000000000e+00,7.800000000000000000e+01
1.404117127734120061e+02,1.000000000000000000e+00,7.800000000000000000e+01
1.363858564362000152e+02,1.000000000000000000e+00,7.800000000000000000e+01
1.402009866943536167e+02,1.000000000000000000e+00,7.800000000000000000e+01
1.377147456287327714e+02,1.000000000000000000e+00,7.800000000000000000e+01
1.353826046872818836e+02,1.000000000000000000e+00,7.800000000000000000e+01
1.361812394186852657e+02,1.000000000000000000e+00,7.800000000000000000e+01
1.416101195926671039e+02,1.000000000000000000e+00,7.800000000000000000e+01
1.405340071355029465e+02,1.000000000000000000e+00,7.800000000000000000e+01
1.355497502204632951e+02,1.000000000000000000e+00,7.800000000000000000e+01
1.350325555001955138e+02,1.000000000000000000e+00,7.800000000000000000e+01
1.379705908547840636e+02,1.000000000000000000e+00,7.800000000000000000e+01
1.360764381887676109e+02,1.000000000000000000e+00,7.800000000000000000e+01
1.354770752273639687e+02,1.000000000000000000e+00,7.800000000000000000e+01
1.350978511301095466e+02,1.000000000000000000e+00,7.800000000000000000e+01
1.387068017882363336e+02,1.000000000000000000e+00,7.800000000000000000e+01
1.387032784330085349e+02,1.000000000000000000e+00,7.800000000000000000e+01
1.355023204704212958e+02,1.000000000000000000e+00,7.800000000000000000e+01
1.355363685095636015e+02,1.000000000000000000e+00,7.800000000000000000e+01
1.373087310665346763e+02,1.000000000000000000e+00,7.800000000000000000e+01
1.333782605263204175e+02,1.000000000000000000e+00,7.800000000000000000e+01
1.360639071404344236e+02,1.000000000000000000e+00,7.800000000000000000e+01
1.371687142338784042e+02,1.000000000000000000e+00,7.800000000000000000e+01
1.366739227215360586e+02,1.000000000000000000e+00,7.800000000000000000e+01
1.365674489603655388e+02,1.000000000000000000e+00,7.800000000000000000e+01
1.336698279217210370e+02,1.000000000000000000e+00,7.800000000000000000e+01
1.377255904229617443e+02,1.000000000000000000e+00,7.800000000000000000e+01
1.346976725359806437e+02,1.000000000000000000e+00,7.800000000000000000e+01
1.349832724371125892e+02,1.000000000000000000e+00,7.800000000000000000e+01
1.376186396340722240e+02,1.000000000000000000e+00,7.800000000000000000e+01
1.357932712878374844e+02,1.000000000000000000e+00,7.800000000000000000e+01
1.367774567539195516e+02,1.000000000000000000e+00,7.800000000000000000e+01
1.390295807348729511e+02,1.000000000000000000e+00,7.800000000000000000e+01
1.363731691430403998e+02,1.000000000000000000e+00,7.800000000000000000e+01
1.413062290910867205e+02,1.000000000000000000e+00,7.900000000000000000e+01
1.361280054412323750e+02,1.000000000000000000e+00,7.900000000000000000e+01
1.357875716069319765e+02,1.000000000000000000e+00,7.900000000000000000e+01
1.367011798647847911e+02,1.000000000000000000e+00,7.900000000000000000e+01
1.380075106992995870e+02,1.000000000000000000e+00,7.900000000000000000e+01
1.374443175272503481e+02,1.000000000000000000e+00,7.900000000000000000e+01
1.337584656256935887e+02,1.000000000000000000e+00,7.900000000000000000e+01
1.347606982720686517e+02,1.000000000000000000e+00,7.900000000000000000e+01
1.313096966257545546e+02,1.000000000000000000e+00,7.900000000000000000e+01
1.365167655647643699e+02,1.000000000000000000e+00,7.900000000000000000e+01
1.332359722282518533e+02,1.000000000000000000e+00,7.900000000000000000e+01
1.364732771750720133e+02,1.000000000000000000e+00,7.900000000000000000e+01
1.353306845728981784e+02,1.000000000000000000e+00,7.900000000000000000e+01
1.348339501463557610e+02,1.000000000000000000e+00,7.900000000000000000e+01
1.389344699652860697e+02,1.000000000000000000e+00,7.900000000000000000e+01
1.398773004291661550e+02,1.000000000000000000e+00,7.900000000000000000e+01
1.331274973668870985e+02,1.000000000000000000e+00,7.900000000000000000e+01
1.358427500673810471e+02,1.000000000000000000e+00,7.900000000000000000e+01
1.346824539718398341e+02,1.000000000000000000e+00,7.900000000000000000e+01
1.353074861732337979e+02,1.000000000000000000e+00,7.900000000000000000e+01
1.357032935126482585e+02,1.000000000000000000e+00,7.900000000000000000e+01
1.328516230719303053e+02,1.000000000000000000e+00,7.900000000000000000e+01
1.336705346998752475e+02,1.000000000000000000e+00,7.900000000000000000e+01
1.365770035924260242e+02,1.000000000000000000e+00,7.900000000000000000e+01
1.325222377046929125e+02,1.000000000000000000e+00,7.900000000000000000e+01
1.365741001794562237e+02,1.000000000000000000e+00,7.900000000000000000e+01
1.320868050467176431e+02,1.000000000000000000e+00,7.900000000000000000e+01
1.316486265783537419e+02,1.000000000000000000e+00,7.900000000000000000e+01
1.372048456374990621e+02,1.000000000000000000e+00,7.900000000000000000e+01
1.381314124089490178e+02,1.000000000000000000e+00,7.900000000000000000e+01
1.336908326677612422e+02,1.000000000000000000e+00,7.900000000000000000e+01
1.344701720268371901e+02,1.000000000000000000e+00,7.900000000000000000e+01
1.364380714055675412e+02,1.000000000000000000e+00,7.900000000000000000e+01
1.312079499593947958e+02,1.000000000000000000e+00,7.900000000000000000e+01
1.324325796789893559e+02,1.000000000000000000e+00,7.900000000000000000e+01
1.350559405590144593e+02,1.000000000000000000e+00,7.900000000000000000e+01
1.326976737270303488e+02,1.000000000000000000e+00,7.900000000000000000e+01
1.308088749597794163e+02,1.000000000000000000e+00,7.900000000000000000e+01
1.356386917643675929e+02,1.000000000000000000e+00,7.900000000000000000e+01
1.327289133154934859e+02,1.000000000000000000e+00,7.900000000000000000e+01
1.351996336643284735e+02,1.000000000000000000e+00,7.900000000000000000e+01
1.314353100700140544e+02,1.000000000000000000e+00,7.900000000000000000e+01
1.328627654712582284e+02,1.000000000000000000e+00,7.900000000000000000e+01
1.307286443060213514e+02,1.000000000000000000e+00,7.900000000000000000e+01
1.357926147145276730e+02,1.000000000000000000e+00,8.000000000000000000e+01
1.306664629254966030e+02,1.000000000000000000e+00,8.000000000000000000e+01
1.339877523970641562e+02,1.000000000000000000e+00,8.000000000000000000e+01
1.389870233965692137e+02,1.000000000000000000e+00,8.000000000000000000e+01
1.355762741023448825e+02,1.000000000000000000e+00,8.000000000000000000e+01
1.339870594412205378e+02,1.000000000000000000e+00,8.000000000000000000e+01
1.325848690724178311e+02,1.000000000000000000e+00,8.000000000000000000e+01
1.330876727862628002e+02,1.000000000000000000e+00,8.000000000000000000e+01
1.342783445003597365e+02,1.000000000000000000e+00,8.000000000000000000e+01
1.308355089268924303e+02,1.000000000000000000e+00,8.000000000000000000e+01
1.332434518477390384e+02,1.000000000000000000e+00,8.000000000000000000e+01
1.329472115591997863e+02,1.000000000000000000e+00,8.000000000000000000e+01
1.323777748012129791e+02,1.000000000000000000e+00,8.000000000000000000e+01
1.382167158173667190e+02,1.000000000000000000e+00,8.000000000000000000e+01
1.333333797642639240e+02,1.000000000000000000e+00,8.000000000000000000e+01
1.336349647891476877e+02,1.000000000000000000e+00,8.000000000000000000e+01
1.340854205092560676e+02,1.000000000000000000e+00,8.000000000000000000e+01
1.331942845118961145e+02,1.000000000000000000e+00,8.000000000000000000e+01
1.297007447058563514e+02,1.000000000000000000e+00,8.000000000000000000e+01
1.338089391823314713e+02,1.000000000000000000e+00,8.000000000000000000e+01
1.329298811076567688e+02,1.000000000000000000e+00,8.000000000000000000e+01
1.323216732237882525e+02,1.000000000000000000e+00,8.000000000000000000e+01
1.295608054287715447e+02,1.000000000000000000e+00,8.000000000000000000e+01
1.341770490154067659e+02,1.000000000000000000e+00,8.000000000000000000e+01
1.319550184226062584e+02,1.000000000000000000e+00,8.000000000000000000e+01
1.317387356044736464e+02,1.000000000000000000e+00,8.000000000000000000e+01
1.306723224634203291e+02,1.000000000000000000e+00,8.000000000000000000e+01
1.343953057592443088e+02,1.000000000000000000e+00,8.000000000000000000e+01
1.326098514708212122e+02,1.000000000000000000e+00,8.000000000000000000e+01
1.341745902068846021e+02,1.000000000000000000e+00,8.000000000000000000e+01
1.273412387787102631e+02,1.000000000000000000e+00,8.000000000000000000e+01
1.310054768408402879e+02,1.000000000000000000e+00,8.000000000000000000e+01
1.308614724617496563e+02,1.000000000000000000e+00,8.000000000000000000e+01
1.266405474173014198e+02,1.000000000000000000e+00,8.000000000000000000e+01
1.318648670544993706e+02,1.000000000000000000e+00,8.000000000000000000e+01
1.327492294352835529e+02,1.000000000000000000e+00,8.000000000000000000e+01
1.298632427019745137e+02,1.000000000000000000e+00,8.000000000000000000e+01
1.306742594297214737e+02,1.000000000000000000e+00,8.000000000000000000e+01
1.283240911058617542e+02,1.000000000000000000e+00,8.000000000000000000e+01
1.347705879898090302e+02,1.000000000000000000e+00,8.000000000000000000e+01
1.292405238796948765e+02,1.000000000000000000e+00,8.000000000000000000e+01
1.310464757914521670e+02,1.000000000000000000e+00,8.000000000000000000e+01
1.282512132815940902e+02,1.000000000000000000e+00,8.000000000000000000e+01
1.285768166017257670e+02,1.000000000000000000e+00,8.000000000000000000e+01
1.333921653556870979e+02,1.000000000000000000e+00,8.100000000000000000e+01
1.313062662050240306e+02,1.000000000000000000e+00,8.100000000000000000e+01
1.316704322015170590e+02,1.000000000000000000e+00,8.100000000000000000e+01
1.303853188921694084e+02,1.000000000000000000e+00,8.100000000000000000e+01
1.289666433404260601e+02,1.000000000000000000e+00,8.100000000000000000e+01
1.319089673168423928e+02,1.000000000000000000e+00,8.100000000000000000e+01
1.330248151147252997e+02,1.000000000000000000e+00,8.100000000000000000e+01
1.309813128916965184e+02,1.000000000000000000e+00,8.100000000000000000e+01
1.308074612033235837e+02,1.000000000000000000e+00,8.100000000000000000e+01
1.305502097230273932e+02,1.000000000000000000e+00,8.100000000000000000e+01
1.301384430780199466e+02,1.000000000000000000e+00,8.100000000000000000e+01
1.298352451146349154e+02,1.000000000000000000e+00,8.100000000000000000e+01
1.314474209346568614e+02,1.000000000000000000e+00,8.100000000000000000e+01
1.300388057380635587e+02,1.000000000000000000e+00,8.100000000000000000e+01
1.278020935933931668e+02,1.000000000000000000e+00,8.100000000000000000e+01
1.305339757793486228e+02,1.000000000000000000e+00,8.100000000000000000e+01
1.310194931412734149e+02,1.000000000000000000e+00,8.100000000000000000e+01
1.324198192920505335e+02,1.000000000000000000e+00,8.100000000000000000e+01
1.315661407246852548e+02,1.000000000000000000e+00,8.100000000000000000e+01
1.283735384504981596e+02,1.000000000000000000e+00,8.100000000000000000e+01
1.320792573792291478e+02,1.000000000000000000e+00,8.100000000000000000e+01
1.336240421358329229e+02,1.000000000000000000e+00,8.100000000000000000e+01
1.301278136641846572e+02,1.000000000000000000e+00,8.100000000000000000e+01
1.321428360344926887e+02,1.000000000000000000e+00,8.100000000000000000e+01
1.287182114699386943e+02,1.000000000000000000e+00,8.100000000000000000e+01
1.287116819488278168e+02,1.000000000000000000e+00,8.100000000000000000e+01
1.314664210706142740e+02,1.000000000000000000e+00,8.100000000000000000e+01
1.312128847426177742e+02,1.000000000000000000e+00,8.100000000000000000e+01
1.300300601885336107e+02,1.000000000000000000e+00,8.100000000000000000e+01
1.292044365563600365e+02,1.000000000000000000e+00,8.100000000000000000e+01
1.291322638714191555e+02,1.000000000000000000e+00,8.100000000000000000e+01
1.272662743397018232e+02,1.000000000000000000e+00,8.100000000000000000e+01
1.289220427632859014e+02,1.000000000000000000e+00,8.100000000000000000e+01
1.298445954786868697e+02,1.000000000000000000e+00,8.100000000000000000e+01
1.283669844304353660e+02,1.000000000000000000e+00,8.100000000000000000e+01
1.287974937833005242e+02,1.000000000000000000e+00,8.100000000000000000e+01
1.296344554106420901e+02,1.000000000000000000e+00,8.100000000000000000e+01
1.285653633212984914e+02,1.000000000000000000e+00,8.100000000000000000e+01
1.294251063153317887e+02,1.000000000000000000e+00,8.100000000000000000e+01
1.307039852958642996e+02,1.000000000000000000e+00,8.100000000000000000e+01
1.298277604001468148e+02,1.000000000000000000e+00,8.100000000000000000e+01
1.269300890117849860e+02,1.000000000000000000e+00,8.100000000000000000e+01
1.281494338346050768e+02,1.000000000000000000e+00,8.100000000000000000e+01
1.288569936692436784e+02,1.000000000000000000e+00,8.100000000000000000e+01
1.284360554256550699e+02,1.000000000000000000e+00,8.100000000000000000e+01
1.325456304001315857e+02,1.000000000000000000e+00,8.200000000000000000e+01
1.323378212161193233e+02,1.000000000000000000e+00,8.200000000000000000e+01
1.300516920238904390e+02,1.000000000000000000e+00,8.200000000000000000e+01
1.306427155924106955e+02,1.000000000000000000e+00,8.200000000000000000e+01
1.307962534137869852e+02,1.000000000000000000e+00,8.200000000000000000e+01
1.284031786400616113e+02,1.000000000000000000e+00,8.200000000000000000e+01
1.301558153973817866e+02,1.000000000000000000e+00,8.200000000000000000e+01
1.275452752600656083e+02,1.000000000000000000e+00,8.200000000000000000e+01
1.276739679756646524e+02,1.000000000000000000e+00,8.200000000000000000e+01
1.279797469620576749e+02,1.000000000000000000e+00,8.200000000000000000e+01
1.301367614154227965e+02,1.000000000000000000e+00,8.200000000000000000e+01
1.288216865526959225e+02,1.000000000000000000e+00,8.200000000000000000e+01
1.274808543946472241e+02,1.000000000000000000e+00,8.200000000000000000e+01
1.281548304894723174e+02,1.000000000000000000e+00,8.200000000000000000e+01
1.261998034329641882e+02,1.000000000000000000e+00,8.200000000000000000e+01
1.275107445659655809e+02,1.000000000000000000e+00,8.200000000000000000e+01
1.276448219071704386e+02,1.000000000000000000e+00,8.200000000000000000e+01
1.295827795203420578e+02,1.000000000000000000e+00,8.200000000000000000e+01
1.291655262384528555e+02,1.000000000000000000e+00,8.200000000000000000e+01
1.275115296875430317e+02,1.000000000000000000e+00,8.200000000000000000e+01
1.264147142944742939e+02,1.000000000000000000e+00,8.200000000000000000e+01
1.263468800993610159e+02,1.000000000000000000e+00,8.200000000000000000e+01
1.289233566581065418e+02,1.000000000000000000e+00,8.200000000000000000e+01
1.267716091999041907e+02,1.000000000000000000e+00,8.200000000000000000e+01
1.252423779505400887e+02,1.000000000000000000e+00,8.200000000000000000e+01
1.247268378969851597e+02,1.000000000000000000e+00,8.200000000000000000e+01
1.265341054343479641e+02,1.000000000000000000e+00,8.200000000000000000e+01
1.264064680066546202e+02,1.000000000000000000e+00,8.200000000000000000e+01
1.278076343795220282e+02,1.000000000000000000e+00,8.200000000000000000e+01
1.272335660444011012e+02,1.000000000000000000e+00,8.200000000000000000e+01
1.244775336092370424e+02,1.000000000000000000e+00,8.200000000000000000e+01
1.263934080355748080e+02,1.000000000000000000e+00,8.200000000000000000e+01
1.253298650212385610e+02,1.000000000000000000e+00,8.200000000000000000e+01
1.257717450752567458e+02,1.000000000000000000e+00,8.200000000000000000e+01
1.282533905456378420e+02,1.000000000000000000e+00,8.200000000000000000e+01
1.310157966626630355e+02,1.000000000000000000e+00,8.200000000000000000e+01
1.256838825830477049e+02,1.000000000000000000e+00,8.200000000000000000e+01
1.261572669495367620e+02,1.000000000000000000e+00,8.200000000000000000e+01
1.248987095461275487e+02,1.000000000000000000e+00,8.200000000000000000e+01
1.272988430689372876e+02,1.000000000000000000e+00,8.200000000000000000e+01
1.264928257996592436e+02,1.000000000000000000e+00,8.200000000000000000e+01
1.259249525622482224e+02,1.000000000000000000e+00,8.200000000000000000e+01
1.276652417222945815e+02,1.000000000000000000e+00,8.200000000000000000e+01
1.289962285510061406e+02,1.000000000000000000e+00,8.200000000000000000e+01
1.256063145035051889e+02,1.000000000000000000e+00,8.300000000000000000e+01
1.264645835139308900e+02,1.000000000000000000e+00,8.300000000000000000e+01
1.282527324202377770e+02,1.000000000000000000e+00,8.300000000000000000e+01
1.303529060056312687e+02,1.000000000000000000e+00,8.300000000000000000e+01
1.266202467343234872e+02,1.000000000000000000e+00,8.300000000000000000e+01
1.274013241516651078e+02,1.000000000000000000e+00,8.300000000000000000e+01
1.283789668791562235e+02,1.000000000000000000e+00,8.300000000000000000e+01
1.269412375962678539e+02,1.000000000000000000e+00,8.300000000000000000e+01
1.250037368341904909e+02,1.000000000000000000e+00,8.300000000000000000e+01
1.266447226055652067e+02,1.000000000000000000e+00,8.300000000000000000e+01
1.254573000927184125e+02,1.000000000000000000e+00,8.300000000000000000e+01
1.264511701936584132e+02,1.000000000000000000e+00,8.300000000000000000e+01
1.235425152763625931e+02,1.000000000000000000e+00,8.300000000000000000e+01
1.241531156902507576e+02,1.000000000000000000e+00,8.300000000000000000e+01
1.242076837346185698e+02,1.000000000000000000e+00,8.300000000000000000e+01
1.260538388191633032e+02,1.000000000000000000e+00,8.300000000000000000e+01
1.265855193524224092e+02,1.000000000000000000e+00,8.300000000000000000e+01
1.237339008695213352e+02,1.000000000000000000e+00,8.300000000000000000e+01
1.247822546002072670e+02,1.000000000000000000e+00,8.300000000000000000e+01
1.232110238902099155e+02,1.000000000000000000e+00,8.300000000000000000e+01
1.260240042141785750e+02,1.000000000000000000e+00,8.300000000000000000e+01
1.250955779756579602e+02,1.000000000000000000e+00,8.300000000000000000e+01
1.243006890052352276e+02,1.000000000000000000e+00,8.300000000000000000e+01
1.216074936385291494e+02,1.000000000000000000e+00,8.300000000000000000e+01
1.232931772676432445e+02,1.000000000000000000e+00,8.300000000000000000e+01
1.259143516661396802e+02,1.000000000000000000e+00,8.300000000000000000e+01
1.268926491853672474e+02,1.000000000000000000e+00,8.300000000000000000e+01
1.228387133287812105e+02,1.000000000000000000e+00,8.300000000000000000e+01
1.241818713481043517e+02,1.000000000000000000e+00,8.300000000000000000e+01
1.248338164813086451e+02,1.000000000000000000e+00,8.300000000000000000e+01
1.259848205316980909e+02,1.000000000000000000e+00,8.300000000000000000e+01
1.227953478265687863e+02,1.000000000000000000e+00,8.300000000000000000e+01
1.210817897358204505e+02,1.000000000000000000e+00,8.300000000000000000e+01
1.266329359507571581e+02,1.000000000000000000e+00,8.300000000000000000e+01
1.237881947005880505e+02,1.000000000000000000e+00,8.300000000000000000e+01
1.228557496051745943e+02,1.000000000000000000e+00,8.300000000000000000e+01
1.232231886127358536e+02,1.000000000000000000e+00,8.300000000000000000e+01
1.229734058373022094e+02,1.000000000000000000e+00,8.300000000000000000e+01
1.233712408070749404e+02,1.000000000000000000e+00,8.300000000000000000e+01
1.211984209957500127e+02,1.000000000000000000e+00,8.300000000000000000e+01
1.256513240812584229e+02,1.000000000000000000e+00,8.300000000000000000e+01
1.202698727375256311e+02,1.000000000000000000e+00,8.300000000000000000e+01
1.235048613560697817e+02,1.000000000000000000e+00,8.300000000000000000e+01
1.225093873956428894e+02,1.000000000000000000e+00,8.300000000000000000e+01
1.197760132880625576e+02,1.000000000000000000e+00,8.300000000000000000e+01
1.260195647221651996e+02,1.000000000000000000e+00,8.400000000000000000e+01
1.258170830949755441e+02,1.000000000000000000e+00,8.400000000000000000e+01
1.233450065725737659e+02,1.000000000000000000e+00,8.400000000000000000e+01
1.247433527727479117e+02,1.000000000000000000e+00,8.400000000000000000e+01
1.243822423470947456e+02,1.000000000000000000e+00,8.400000000000000000e+01
1.243765924058943000e+02,1.000000000000000000e+00,8.400000000000000000e+01
1.249344452864543911e+02,1.000000000000000000e+00,8.400000000000000000e+01
1.236895015444378885e+02,1.000000000000000000e+00,8.400000000000000000e+01
1.247760562310295569e+02,1.000000000000000000e+00,8.400000000000000000e+01
1.219803402348413499e+02,1.000000000000000000e+00,8.400000000000000000e+01
1.214644921445063233e+02,1.000000000000000000e+00,8.400000000000000000e+01
1.224773106865279857e+02,1.000000000000000000e+00,8.400000000000000000e+01
1.198854885887208468e+02,1.000000000000000000e+00,8.400000000000000000e+01
1.247912356996220353e+02,1.000000000000000000e+00,8.400000000000000000e+01
1.210022729830089077e+02,1.000000000000000000e+00,8.400000000000000000e+01
1.260098846250545819e+02,1.000000000000000000e+00,8.400000000000000000e+01
1.182862279142091211e+02,1.000000000000000000e+00,8.400000000000000000e+01
1.199349165106696375e+02,1.000000000000000000e+00,8.400000000000000000e+01
1.239922061527549033e+02,1.000000000000000000e+00,8.400000000000000000e+01
1.254306434074116652e+02,1.000000000000000000e+00,8.400000000000000000e+01
1.242614280350087483e+02,1.000000000000000000e+00,8.400000000000000000e+01
1.227656108012471634e+02,1.000000000000000000e+00,8.400000000000000000e+01
1.222556594135024284e+02,1.000000000000000000e+00,8.400000000000000000e+01
1.228734545836286145e+02,1.000000000000000000e+00,8.400000000000000000e+01
1.211790335280233393e+02,1.000000000000000000e+00,8.400000000000000000e+01
1.238820600939988594e+02,1.000000000000000000e+00,8.400000000000000000e+01
1.258746692876834175e+02,1.000000000000000000e+00,8.400000000000000000e+01
1.231518307057397124e+02,1.000000000000000000e+00,8.400000000000000000e+01
1.225485640321771257e+02,1.000000000000000000e+00,8.400000000000000000e+01
1.212032852456343335e+02,1.000000000000000000e+00,8.400000000000000000e+01
1.240354362270869899e+02,1.000000000000000000e+00,8.400000000000000000e+01
1.210614872901695946e+02,1.000000000000000000e+00,8.400000000000000000e+01
1.232895328341586492e+02,1.000000000000000000e+00,8.400000000000000000e+01
1.249348686544195033e+02,1.000000000000000000e+00,8.400000000000000000e+01
1.209868810170274287e+02,1.000000000000000000e+00,8.400000000000000000e+01
1.207101980886043009e+02,1.000000000000000000e+00,8.400000000000000000e+01
1.217929180828963922e+02,1.000000000000000000e+00,8.400000000000000000e+01
1.206523096306085847e+02,1.000000000000000000e+00,8.400000000000000000e+01
1.199653505702409291e+02,1.000000000000000000e+00,8.400000000000000000e+01
1.228211136735838949e+02,1.000000000000000000e+00,8.400000000000000000e+01
1.200955448707479860e+02,1.000000000000000000e+00,8.400000000000000000e+01
1.199000266655706639e+02,1.000000000000000000e+00,8.400000000000000000e+01
1.248035669651231103e+02,1.000000000000000000e+00,8.400000000000000000e+01
1.185608095166332845e+02,1.000000000000000000e+00,8.400000000000000000e+01
1.221712299915060385e+02,1.000000000000000000e+00,8.500000000000000000e+01
1.186921332671339826e+02,1.000000000000000000e+00,8.500000000000000000e+01
1.195428459574748814e+02,1.000000000000000000e+00,8.500000000000000000e+01
1.208667553975630398e+02,1.000000000000000000e+00,8.500000000000000000e+01
1.197477393395123499e+02,1.000000000000000000e+00,8.500000000000000000e+01
1.233281454773961059e+02,1.000000000000000000e+00,8.500000000000000000e+01
1.252837370567304447e+02,1.000000000000000000e+00,8.500000000000000000e+01
1.265540596996693239e+02,1.000000000000000000e+00,8.500000000000000000e+01
1.189771214741153074e+02,1.000000000000000000e+00,8.500000000000000000e+01
1.209268498377891916e+02,1.000000000000000000e+00,8.500000000000000000e+01
1.239039178470792280e+02,1.000000000000000000e+00,8.500000000000000000e+01
1.200303017984914931e+02,1.000000000000000000e+00,8.500000000000000000e+01
1.197981241001847508e+02,1.000000000000000000e+00,8.500000000000000000e+01
1.212968917651037941e+02,1.000000000000000000e+00,8.500000000000000000e+01
1.201792659363799629e+02,1.000000000000000000e+00,8.500000000000000000e+01
1.213117558153032007e+02,1.000000000000000000e+00,8.500000000000000000e+01
1.220942488396661645e+02,1.000000000000000000e+00,8.500000000000000000e+01
1.181908630290562883e+02,1.000000000000000000e+00,8.500000000000000000e+01
1.203782055191342408e+02,1.000000000000000000e+00,8.500000000000000000e+01
1.184748856549512368e+02,1.000000000000000000e+00,8.500000000000000000e+01
1.227007643395913021e+02,1.000000000000000000e+00,8.500000000000000000e+01
1.218570845190643865e+02,1.000000000000000000e+00,8.500000000000000000e+01
1.220564375144333553e+02,1.000000000000000000e+00,8.500000000000000000e+01
1.157887267914746587e+02,1.000000000000000000e+00,8.500000000000000000e+01
1.223426704652534056e+02,1.000000000000000000e+00,8.500000000000000000e+01
1.188915259948800980e+02,1.000000000000000000e+00,8.500000000000000000e+01
1.202605166370248639e+02,1.000000000000000000e+00,8.500000000000000000e+01
1.215063480894438896e+02,1.000000000000000000e+00,8.500000000000000000e+01
1.159518533896165025e+02,1.000000000000000000e+00,8.500000000000000000e+01
1.200312718414963769e+02,1.000000000000000000e+00,8.500000000000000000e+01
1.201683933050063899e+02,1.000000000000000000e+00,8.500000000000000000e+01
1.177145014935988883e+02,1.000000000000000000e+00,8.500000000000000000e+01
1.210597894494065088e+02,1.000000000000000000e+00,8.500000000000000000e+01
1.185487755055533512e+02,1.000000000000000000e+00,8.500000000000000000e+01
1.190422262327157910e+02,1.000000000000000000e+00,8.500000000000000000e+01
1.200217846180059666e+02,1.000000000000000000e+00,8.500000000000000000e+01
1.184494596343489263e+02,1.000000000000000000e+00,8.500000000000000000e+01
1.258718758677243983e+02,1.000000000000000000e+00,8.500000000000000000e+01
1.206288374110762760e+02,1.000000000000000000e+00,8.500000000000000000e+01
1.157397676922295773e+02,1.000000000000000000e+00,8.500000000000000000e+01
1.216580249746901785e+02,1.000000000000000000e+00,8.500000000000000000e+01
1.196079542009755130e+02,1.000000000000000000e+00,8.500000000000000000e+01
1.147754903159120659e+02,1.000000000000000000e+00,8.500000000000000000e+01
1.164772006525292056e+02,1.000000000000000000e+00,8.500000000000000000e+01
1.182028645123960757e+02,1.000000000000000000e+00,8.500000000000000000e+01
1.173798016731639535e+02,1.000000000000000000e+00,8.600000000000000000e+01
1.169482159461400101e+02,1.000000000000000000e+00,8.600000000000000000e+01
1.202171101059163476e+02,1.000000000000000000e+00,8.600000000000000000e+01
1.201247734334608737e+02,1.000000000000000000e+00,8.600000000000000000e+01
1.229897189600926737e+02,1.000000000000000000e+00,8.600000000000000000e+01
1.160800808422861934e+02,1.000000000000000000e+00,8.600000000000000000e+01
1.179068470438382690e+02,1.000000000000000000e+00,8.600000000000000000e+01
1.223967075097624928e+02,1.000000000000000000e+00,8.600000000000000000e+01
1.201656976129037844e+02,1.000000000000000000e+00,8.600000000000000000e+01
1.172363091490152698e+02,1.000000000000000000e+00,8.600000000000000000e+01
1.158299363685505909e+02,1.000000000000000000e+00,8.600000000000000000e+01
1.179617929212330694e+02,1.000000000000000000e+00,8.600000000000000000e+01
1.170597629740779837e+02,1.000000000000000000e+00,8.600000000000000000e+01
1.179796203652507103e+02,1.000000000000000000e+00,8.600000000000000000e+01
1.195303807672071059e+02,1.000000000000000000e+00,8.600000000000000000e+01
1.156300047508820370e+02,1.000000000000000000e+00,8.600000000000000000e+01
1.199476547056085280e+02,1.000000000000000000e+00,8.600000000000000000e+01
1.194531874267160561e+02,1.000000000000000000e+00,8.600000000000000000e+01
1.220263588175223504e+02,1.000000000000000000e+00,8.600000000000000000e+01
1.185372492356100196e+02,1.000000000000000000e+00,8.600000000000000000e+01
1.204968963426244102e+02,1.000000000000000000e+00,8.600000000000000000e+01
1.187815207523934760e+02,1.000000000000000000e+00,8.600000000000000000e+01
1.172558320937137495e+02,1.000000000000000000e+00,8.600000000000000000e+01
1.169350266553450410e+02,1.000000000000000000e+00,8.600000000000000000e+01
1.167064844962202415e+02,1.000000000000000000e+00,8.600000000000000000e+01
1.167232940164915078e+02,1.000000000000000000e+00,8.600000000000000000e+01
1.167534810731196586e+02,1.000000000000000000e+00,8.600000000000000000e+01
1.206457549200050892e+02,1.000000000000000000e+00,8.600000000000000000e+01
1.110735605283649789e+02,1.000000000000000000e+00,8.600000000000000000e+01
1.140487761051631139e+02,1.000000000000000000e+00,8.600000000000000000e+01
1.173160763153740618e+02,1.000000000000000000e+00,8.600000000000000000e+01
1.173031961278334023e+02,1.000000000000000000e+00,8.600000000000000000e+01
1.180777526241476778e+02,1.000000000000000000e+00,8.600000000000000000e+01
1.153979188598726751e+02,1.000000000000000000e+00,8.600000000000000000e+01
1.148613711311458019e+02,1.000000000000000000e+00,8.600000000000000000e+01
1.173640051884546409e+02,1.000000000000000000e+00,8.600000000000000000e+01
1.180274869944906584e+02,1.000000000000000000e+00,8.600000000000000000e+01
1.168448008266800855e+02,1.000000000000000000e+00,8.600000000000000000e+01
1.180677957821730644e+02,1.000000000000000000e+00,8.600000000000000000e+01
1.171868209760508108e+02,1.000000000000000000e+00,8.600000000000000000e+01
1.145737616717283487e+02,1.000000000000000000e+00,8.600000000000000000e+01
1.157920794623243523e+02,1.000000000000000000e+00,8.600000000000000000e+01
1.148302653185471911e+02,1.000000000000000000e+00,8.600000000000000000e+01
1.134578496934272351e+02,1.000000000000000000e+00,8.600000000000000000e+01
1.146715503120662589e+02,1.000000000000000000e+00,8.700000000000000000e+01
1.230013753722689955e+02,1.000000000000000000e+00,8.700000000000000000e+01
1.223425968299579694e+02,1.000000000000000000e+00,8.700000000000000000e+01
1.163543273638902065e+02,1.000000000000000000e+00,8.700000000000000000e+01
1.168609586895218513e+02,1.000000000000000000e+00,8.700000000000000000e+01
1.158268932751769569e+02,1.000000000000000000e+00,8.700000000000000000e+01
1.177349122480116819e+02,1.000000000000000000e+00,8.700000000000000000e+01
1.155422788623489652e+02,1.000000000000000000e+00,8.700000000000000000e+01
1.172344626445779170e+02,1.000000000000000000e+00,8.700000000000000000e+01
1.148756353391384266e+02,1.000000000000000000e+00,8.700000000000000000e+01
1.189952536145640494e+02,1.000000000000000000e+00,8.700000000000000000e+01
1.197439327297924052e+02,1.000000000000000000e+00,8.700000000000000000e+01
1.154790289698224228e+02,1.000000000000000000e+00,8.700000000000000000e+01
1.185573164880918995e+02,1.000000000000000000e+00,8.700000000000000000e+01
1.158565325612437817e+02,1.000000000000000000e+00,8.700000000000000000e+01
1.154809430558875647e+02,1.000000000000000000e+00,8.700000000000000000e+01
1.167573394643139437e+02,1.000000000000000000e+00,8.700000000000000000e+01
1.175246816869008057e+02,1.000000000000000000e+00,8.700000000000000000e+01
1.116450159643286639e+02,1.000000000000000000e+00,8.700000000000000000e+01
1.199743879803142761e+02,1.000000000000000000e+00,8.700000000000000000e+01
1.159081433340552394e+02,1.000000000000000000e+00,8.700000000000000000e+01
1.167553266370944272e+02,1.000000000000000000e+00,8.700000000000000000e+01
1.144229066421669074e+02,1.000000000000000000e+00,8.700000000000000000e+01
1.161764058995531457e+02,1.000000000000000000e+00,8.700000000000000000e+01
1.146684357991023546e+02,1.000000000000000000e+00,8.700000000000000000e+01
1.182372360560476920e+02,1.000000000000000000e+00,8.700000000000000000e+01
1.177083340720126614e+02,1.000000000000000000e+00,8.700000000000000000e+01
1.172228490229376945e+02,1.000000000000000000e+00,8.700000000000000000e+01
1.196734441536909230e+02,1.000000000000000000e+00,8.700000000000000000e+01
1.168882251267268657e+02,1.000000000000000000e+00,8.700000000000000000e+01
1.196193375632200855e+02,1.000000000000000000e+00,8.700000000000000000e+01
1.162148941592978417e+02,1.000000000000000000e+00,8.700000000000000000e+01
1.197848325168637160e+02,1.000000000000000000e+00,8.700000000000000000e+01
1.149679857272052743e+02,1.000000000000000000e+00,8.700000000000000000e+01
1.146959112598868700e+02,1.000000000000000000e+00,8.700000000000000000e+01
1.153371643498508234e+02,1.000000000000000000e+00,8.700000000000000000e+01
1.150105535772996461e+02,1.000000000000000000e+00,8.700000000000000000e+01
1.149540166685491016e+02,1.000000000000000000e+00,8.700000000000000000e+01
1.143918986996857114e+02,1.000000000000000000e+00,8.700000000000000000e+01
1.142266872332090770e+02,1.000000000000000000e+00,8.700000000000000000e+01
1.156358543423334311e+02,1.000000000000000000e+00,8.700000000000000000e+01
1.145901114714227731e+02,1.000000000000000000e+00,8.700000000000000000e+01
1.152394977202530413e+02,1.000000000000000000e+00,8.700000000000000000e+01
1.147558108898522136e+02,1.000000000000000000e+00,8.700000000000000000e+01
1.131146469340665277e+02,1.000000000000000000e+00,8.700000000000000000e+01
1.189521687451840393e+02,1.000000000000000000e+00,8.800000000000000000e+01
1.163465795845877153e+02,1.000000000000000000e+00,8.800000000000000000e+01
1.156326428470606658e+02,1.000000000000000000e+00,8.800000000000000000e+01
1.168845457320943382e+02,1.000000000000000000e+00,8.800000000000000000e+01
1.162522166916379120e+02,1.000000000000000000e+00,8.800000000000000000e+01
1.175306636750113682e+02,1.000000000000000000e+00,8.800000000000000000e+01
1.156907864217619135e+02,1.000000000000000000e+00,8.800000000000000000e+01
1.180853303714753793e+02,1.000000000000000000e+00,8.800000000000000000e+01
1.151096533341911794e+02,1.000000000000000000e+00,8.800000000000000000e+01
1.130408961587453405e+02,1.000000000000000000e+00,8.800000000000000000e+01
1.169063256689054811e+02,1.000000000000000000e+00,8.800000000000000000e+01
1.163642323662319313e+02,1.000000000000000000e+00,8.800000000000000000e+01
1.138119047876513434e+02,1.000000000000000000e+00,8.800000000000000000e+01
1.149581205613373243e+02,1.000000000000000000e+00,8.800000000000000000e+01
1.145964106249795122e+02,1.000000000000000000e+00,8.800000000000000000e+01
1.161041975130561639e+02,1.000000000000000000e+00,8.800000000000000000e+01
1.172006736139041720e+02,1.000000000000000000e+00,8.800000000000000000e+01
1.149982387179985324e+02,1.000000000000000000e+00,8.800000000000000000e+01
1.149917221318551697e+02,1.000000000000000000e+00,8.800000000000000000e+01
1.200083899012094832e+02,1.000000000000000000e+00,8.800000000000000000e+01
1.148796347464592316e+02,1.000000000000000000e+00,8.800000000000000000e+01
1.150348560014615060e+02,1.000000000000000000e+00,8.800000000000000000e+01
1.142676776877571427e+02,1.000000000000000000e+00,8.800000000000000000e+01
1.185830520373112336e+02,1.000000000000000000e+00,8.800000000000000000e+01
1.166609435198014637e+02,1.000000000000000000e+00,8.800000000000000000e+01
1.100745851584605788e+02,1.000000000000000000e+00,8.800000000000000000e+01
1.127190263025006232e+02,1.000000000000000000e+00,8.800000000000000000e+01
1.128092958657499452e+02,1.000000000000000000e+00,8.800000000000000000e+01
1.155680409493639331e+02,1.000000000000000000e+00,8.800000000000000000e+01
1.177591103685854250e+02,1.000000000000000000e+00,8.800000000000000000e+01
1.135499655720784062e+02,1.000000000000000000e+00,8.800000000000000000e+01
1.182694715405545764e+02,1.000000000000000000e+00,8.800000000000000000e+01
1.110503042389334212e+02,1.000000000000000000e+00,8.800000000000000000e+01
1.123458471378394563e+02,1.000000000000000000e+00,8.800000000000000000e+01
1.128447712188292371e+02,1.000000000000000000e+00,8.800000000000000000e+01
1.179606271073654824e+02,1.000000000000000000e+00,8.800000000000000000e+01
1.122674920659947162e+02,1.000000000000000000e+00,8.800000000000000000e+01
1.161170759245268016e+02,1.000000000000000000e+00,8.800000000000000000e+01
1.134037239856619124e+02,1.000000000000000000e+00,8.800000000000000000e+01
1.129965816088033250e+02,1.000000000000000000e+00,8.800000000000000000e+01
1.130275455063906236e+02,1.000000000000000000e+00,8.800000000000000000e+01
1.160695829481615533e+02,1.000000000000000000e+00,8.800000000000000000e+01
1.150328055165235099e+02,1.000000000000000000e+00,8.800000000000000000e+01
1.171285478988985176e+02,1.000000000000000000e+00,8.800000000000000000e+01
1.142197385215110188e+02,1.000000000000000000e+00,8.900000000000000000e+01
1.123214912747285581e+02,1.000000000000000000e+00,8.900000000000000000e+01
1.134152874040649692e+02,1.000000000000000000e+00,8.900000000000000000e+01
1.150991283434539980e+02,1.000000000000000000e+00,8.900000000000000000e+01
1.132206201484940209e+02,1.000000000000000000e+00,8.900000000000000000e+01
1.152534542820264960e+02,1.000000000000000000e+00,8.900000000000000000e+01
1.130427653354031889e+02,1.000000000000000000e+00,8.900000000000000000e+01
1.133386352164912978e+02,1.000000000000000000e+00,8.900000000000000000e+01
1.174169128639537973e+02,1.000000000000000000e+00,8.900000000000000000e+01
1.131140875276576594e+02,1.000000000000000000e+00,8.900000000000000000e+01
1.136203129315084794e+02,1.000000000000000000e+00,8.900000000000000000e+01
1.138575337183035572e+02,1.000000000000000000e+00,8.900000000000000000e+01
1.172658084594027628e+02,1.000000000000000000e+00,8.900000000000000000e+01
1.131350262514996388e+02,1.000000000000000000e+00,8.900000000000000000e+01
1.188984624921824604e+02,1.000000000000000000e+00,8.900000000000000000e+01
1.164831247716664961e+02,1.000000000000000000e+00,8.900000000000000000e+01
1.152523659862167165e+02,1.000000000000000000e+00,8.900000000000000000e+01
1.127471762792358021e+02,1.000000000000000000e+00,8.900000000000000000e+01
1.129417168164109597e+02,1.000000000000000000e+00,8.900000000000000000e+01
1.145502045134286107e+02,1.000000000000000000e+00,8.900000000000000000e+01
1.132730075994557097e+02,1.000000000000000000e+00,8.900000000000000000e+01
1.129747669793156035e+02,1.000000000000000000e+00,8.900000000000000000e+01
1.114272440548634791e+02,1.000000000000000000e+00,8.900000000000000000e+01
1.132110349948581813e+02,1.000000000000000000e+00,8.900000000000000000e+01
1.095238058880877077e+02,1.000000000000000000e+00,8.900000000000000000e+01
1.127598576474982508e+02,1.000000000000000000e+00,8.900000000000000000e+01
1.114017070618587155e+02,1.000000000000000000e+00,8.900000000000000000e+01
1.119216024219297907e+02,1.000000000000000000e+00,8.900000000000000000e+01
1.151092601507478719e+02,1.000000000000000000e+00,8.900000000000000000e+01
1.077388861974928602e+02,1.000000000000000000e+00,8.900000000000000000e+01
1.135828774346386467e+02,1.000000000000000000e+00,8.900000000000000000e+01
1.101061309533619266e+02,1.000000000000000000e+00,8.900000000000000000e+01
1.153158785523810934e+02,1.000000000000000000e+00,8.900000000000000000e+01
1.144276921857527611e+02,1.000000000000000000e+00,8.900000000000000000e+01
1.137444788930364297e+02,1.000000000000000000e+00,8.900000000000000000e+01
1.113669029493249809e+02,1.000000000000000000e+00,8.900000000000000000e+01
1.144901536554355062e+02,1.000000000000000000e+00,8.900000000000000000e+01
1.113178006285056938e+02,1.000000000000000000e+00,8.900000000000000000e+01
1.127411621708178160e+02,1.000000000000000000e+00,8.900000000000000000e+01
1.093303154810815840e+02,1.000000000000000000e+00,8.900000000000000000e+01
1.148183030284521351e+02,1.000000000000000000e+00,8.900000000000000000e+01
1.089459357740395404e+02,1.000000000000000000e+00,8.900000000000000000e+01
1.114468266184988607e+02,1.000000000000000000e+00,8.900000000000000000e+01
1.144548922911778845e+02,1.000000000000000000e+00,8.900000000000000000e+01
1.173958204911133691e+02,1.000000000000000000e+00,9.000000000000000000e+01
1.136946560957269412e+02,1.000000000000000000e+00,9.000000000000000000e+01
1.139125824401468208e+02,1.000000000000000000e+00,9.000000000000000000e+01
1.104382759008274775e+02,1.000000000000000000e+00,9.000000000000000000e+01
1.160731737201642062e+02,1.000000000000000000e+00,9.000000000000000000e+01
1.122464545471554942e+02,1.000000000000000000e+00,9.000000000000000000e+01
1.131778488609232625e+02,1.000000000000000000e+00,9.000000000000000000e+01
1.155469480680014556e+02,1.000000000000000000e+00,9.000000000000000000e+01
1.125594589296410248e+02,1.000000000000000000e+00,9.000000000000000000e+01
1.124157103297487197e+02,1.000000000000000000e+00,9.000000000000000000e+01
1.123942236769198217e+02,1.000000000000000000e+00,9.000000000000000000e+01
1.150261625964570840e+02,1.000000000000000000e+00,9.000000000000000000e+01
1.135242107217767682e+02,1.000000000000000000e+00,9.000000000000000000e+01
1.119324976772143145e+02,1.000000000000000000e+00,9.000000000000000000e+01
1.133210993391454053e+02,1.000000000000000000e+00,9.000000000000000000e+01
1.170683678256471012e+02,1.000000000000000000e+00,9.000000000000000000e+01
1.149494690860681914e+02,1.000000000000000000e+00,9.000000000000000000e+01
1.152836671281513929e+02,1.000000000000000000e+00,9.000000000000000000e+01
1.144839410469596714e+02,1.000000000000000000e+00,9.000000000000000000e+01
1.094198219039583364e+02,1.000000000000000000e+00,9.000000000000000000e+01
1.123179016761032614e+02,1.000000000000000000e+00,9.000000000000000000e+01
1.127813770655854029e+02,1.000000000000000000e+00,9.000000000000000000e+01
1.126009269886397846e+02,1.000000000000000000e+00,9.000000000000000000e+01
1.141875368723835180e+02,1.000000000000000000e+00,9.000000000000000000e+01
1.136738015570695808e+02,1.000000000000000000e+00,9.000000000000000000e+01
1.133029628325384408e+02,1.000000000000000000e+00,9.000000000000000000e+01
1.128926244963153778e+02,1.000000000000000000e+00,9.000000000000000000e+01
1.131133434211759266e+02,1.000000000000000000e+00,9.000000000000000000e+01
1.147039967219383669e+02,1.000000000000000000e+00,9.000000000000000000e+01
1.117805321173239861e+02,1.000000000000000000e+00,9.000000000000000000e+01
1.104514826926889981e+02,1.000000000000000000e+00,9.000000000000000000e+01
1.137498123713828875e+02,1.000000000000000000e+00,9.000000000000000000e+01
1.111766557938605047e+02,1.000000000000000000e+00,9.000000000000000000e+01
1.130009853681601442e+02,1.000000000000000000e+00,9.000000000000000000e+01
1.150124712390524024e+02,1.000000000000000000e+00,9.000000000000000000e+01
1.121634286673233873e+02,1.000000000000000000e+00,9.000000000000000000e+01
1.107042481261342317e+02,1.000000000000000000e+00,9.000000000000000000e+01
1.114634042804426031e+02,1.000000000000000000e+00,9.000000000000000000e+01
1.106855976914028759e+02,1.000000000000000000e+00,9.000000000000000000e+01
1.114276174369967123e+02,1.000000000000000000e+00,9.000000000000000000e+01
1.137327768709339040e+02,1.000000000000000000e+00,9.000000000000000000e+01
1.116489119071340781e+02,1.000000000000000000e+00,9.000000000000000000e+01
1.161047952966592334e+02,1.000000000000000000e+00,9.000000000000000000e+01
1.127970018618655672e+02,1.000000000000000000e+00,9.000000000000000000e+01
1.141597848145578808e+02,1.000000000000000000e+00,9.000000000000000000e+01
1.130456944605052456e+02,1.000000000000000000e+00,9.100000000000000000e+01
1.147575342319030227e+02,1.000000000000000000e+00,9.100000000000000000e+01
1.144334774090660005e+02,1.000000000000000000e+00,9.100000000000000000e+01
1.166387636987595187e+02,1.000000000000000000e+00,9.100000000000000000e+01
1.172731651386625344e+02,1.000000000000000000e+00,9.100000000000000000e+01
1.093171405473808449e+02,1.000000000000000000e+00,9.100000000000000000e+01
1.125180633929712286e+02,1.000000000000000000e+00,9.100000000000000000e+01
1.132563800018347422e+02,1.000000000000000000e+00,9.100000000000000000e+01
1.121175137660211760e+02,1.000000000000000000e+00,9.100000000000000000e+01
1.132165534654541119e+02,1.000000000000000000e+00,9.100000000000000000e+01
1.135245516646176895e+02,1.000000000000000000e+00,9.100000000000000000e+01
1.162241182733849456e+02,1.000000000000000000e+00,9.100000000000000000e+01
1.122905668707000473e+02,1.000000000000000000e+00,9.100000000000000000e+01
1.118419786841965049e+02,1.000000000000000000e+00,9.100000000000000000e+01
1.126764079672980756e+02,1.000000000000000000e+00,9.100000000000000000e+01
1.106183349005985690e+02,1.000000000000000000e+00,9.100000000000000000e+01
1.167780271025083607e+02,1.000000000000000000e+00,9.100000000000000000e+01
1.118582853464631484e+02,1.000000000000000000e+00,9.100000000000000000e+01
1.109191733030444595e+02,1.000000000000000000e+00,9.100000000000000000e+01
1.141961119748894475e+02,1.000000000000000000e+00,9.100000000000000000e+01
1.163580899848155923e+02,1.000000000000000000e+00,9.100000000000000000e+01
1.135907812427632990e+02,1.000000000000000000e+00,9.100000000000000000e+01
1.129633323683511321e+02,1.000000000000000000e+00,9.100000000000000000e+01
1.108696776016626302e+02,1.000000000000000000e+00,9.100000000000000000e+01
1.102098576177719025e+02,1.000000000000000000e+00,9.100000000000000000e+01
1.115555517068631701e+02,1.000000000000000000e+00,9.100000000000000000e+01
1.120382599604115228e+02,1.000000000000000000e+00,9.100000000000000000e+01
1.173584304623576031e+02,1.000000000000000000e+00,9.100000000000000000e+01
1.110072735736799814e+02,1.000000000000000000e+00,9.100000000000000000e+01
1.082125529597471711e+02,1.000000000000000000e+00,9.100000000000000000e+01
1.130833109897412498e+02,1.000000000000000000e+00,9.100000000000000000e+01
1.150090227562257184e+02,1.000000000000000000e+00,9.100000000000000000e+01
1.118963185246862651e+02,1.000000000000000000e+00,9.100000000000000000e+01
1.123991655340431919e+02,1.000000000000000000e+00,9.100000000000000000e+01
1.111879503901728867e+02,1.000000000000000000e+00,9.100000000000000000e+01
1.098118261881054138e+02,1.000000000000000000e+00,9.100000000000000000e+01
1.130076907007193938e+02,1.000000000000000000e+00,9.100000000000000000e+01
1.124876927021420272e+02,1.000000000000000000e+00,9.100000000000000000e+01
1.111667710927368660e+02,1.000000000000000000e+00,9.100000000000000000e+01
1.152129654287147105e+02,1.000000000000000000e+00,9.100000000000000000e+01
1.127707402761829485e+02,1.000000000000000000e+00,9.100000000000000000e+01
1.097107402787006407e+02,1.000000000000000000e+00,9.100000000000000000e+01
1.153883667211198514e+02,1.000000000000000000e+00,9.100000000000000000e+01
1.132662340106231085e+02,1.000000000000000000e+00,9.100000000000000000e+01
1.121639822578310088e+02,1.000000000000000000e+00,9.200000000000000000e+01
1.117314484731912216e+02,1.000000000000000000e+00,9.200000000000000000e+01
1.156236026536723216e+02,1.000000000000000000e+00,9.200000000000000000e+01
1.115664938735791765e+02,1.000000000000000000e+00,9.200000000000000000e+01
1.141434639606152928e+02,1.000000000000000000e+00,9.200000000000000000e+01
1.136621648684699579e+02,1.000000000000000000e+00,9.200000000000000000e+01
1.122578370920962669e+02,1.000000000000000000e+00,9.200000000000000000e+01
1.141960725483354651e+02,1.000000000000000000e+00,9.200000000000000000e+01
1.101889194736660329e+02,1.000000000000000000e+00,9.200000000000000000e+01
1.130040808689511351e+02,1.000000000000000000e+00,9.200000000000000000e+01
1.128589458049157912e+02,1.000000000000000000e+00,9.200000000000000000e+01
1.131591856606930264e+02,1.000000000000000000e+00,9.200000000000000000e+01
1.123912887920488970e+02,1.000000000000000000e+00,9.200000000000000000e+01
1.107612422867525765e+02,1.000000000000000000e+00,9.200000000000000000e+01
1.099294541250640975e+02,1.000000000000000000e+00,9.200000000000000000e+01
1.157052088551991744e+02,1.000000000000000000e+00,9.200000000000000000e+01
1.142746253479601819e+02,1.000000000000000000e+00,9.200000000000000000e+01
1.105310601492234497e+02,1.000000000000000000e+00,9.200000000000000000e+01
1.134664945843483963e+02,1.000000000000000000e+00,9.200000000000000000e+01
1.091419261732701784e+02,1.000000000000000000e+00,9.200000000000000000e+01
1.140560826772253620e+02,1.000000000000000000e+00,9.200000000000000000e+01
1.151434602250437820e+02,1.000000000000000000e+00,9.200000000000000000e+01
1.164559242962642287e+02,1.000000000000000000e+00,9.200000000000000000e+01
1.154501180154651649e+02,1.000000000000000000e+00,9.200000000000000000e+01
1.149621152688700079e+02,1.000000000000000000e+00,9.200000000000000000e+01
1.137487708589928275e+02,1.000000000000000000e+00,9.200000000000000000e+01
1.140013518565481405e+02,1.000000000000000000e+00,9.200000000000000000e+01
1.093793557918738486e+02,1.000000000000000000e+00,9.200000000000000000e+01
1.147561062838940700e+02,1.000000000000000000e+00,9.200000000000000000e+01
1.159577914844770419e+02,1.000000000000000000e+00,9.200000000000000000e+01
1.094322882834230199e+02,1.000000000000000000e+00,9.200000000000000000e+01
1.116093677483982560e+02,1.000000000000000000e+00,9.200000000000000000e+01
1.150583662458930547e+02,1.000000000000000000e+00,9.200000000000000000e+01
1.118838071242965526e+02,1.000000000000000000e+00,9.200000000000000000e+01
1.133175518042395709e+02,1.000000000000000000e+00,9.200000000000000000e+01
1.119769000112989659e+02,1.000000000000000000e+00,9.200000000000000000e+01
1.123477979669741416e+02,1.000000000000000000e+00,9.200000000000000000e+01
1.117094966937069955e+02,1.000000000000000000e+00,9.200000000000000000e+01
1.093071552602363425e+02,1.000000000000000000e+00,9.200000000000000000e+01
1.134679708340503339e+02,1.000000000000000000e+00,9.200000000000000000e+01
1.152959254491778722e+02,1.000000000000000000e+00,9.200000000000000000e+01
1.118470408134267871e+02,1.000000000000000000e+00,9.200000000000000000e+01
1.135062888810833499e+02,1.000000000000000000e+00,9.200000000000000000e+01
1.166486101001018483e+02,1.000000000000000000e+00,9.200000000000000000e+01
1.071191406661265830e+02,1.000000000000000000e+00,9.200000000000000000e+01
1.119742600283686187e+02,1.000000000000000000e+00,9.300000000000000000e+01
1.131219235703849790e+02,1.000000000000000000e+00,9.300000000000000000e+01
1.168938871469091367e+02,1.000000000000000000e+00,9.300000000000000000e+01
1.146648051298044635e+02,1.000000000000000000e+00,9.300000000000000000e+01
1.147909413479960961e+02,1.000000000000000000e+00,9.300000000000000000e+01
1.130516231132712619e+02,1.000000000000000000e+00,9.300000000000000000e+01
1.182078004827543793e+02,1.000000000000000000e+00,9.300000000000000000e+01
1.125487539172982991e+02,1.000000000000000000e+00,9.300000000000000000e+01
1.134457653197986531e+02,1.000000000000000000e+00,9.300000000000000000e+01
1.129140388386654337e+02,1.000000000000000000e+00,9.300000000000000000e+01
1.135371634713698086e+02,1.000000000000000000e+00,9.300000000000000000e+01
1.134686061084130273e+02,1.000000000000000000e+00,9.300000000000000000e+01
1.105896549982083883e+02,1.000000000000000000e+00,9.300000000000000000e+01
1.134725576287472109e+02,1.000000000000000000e+00,9.300000000000000000e+01
1.145800489033251637e+02,1.000000000000000000e+00,9.300000000000000000e+01
1.123533368645321247e+02,1.000000000000000000e+00,9.300000000000000000e+01
1.131130074297483361e+02,1.000000000000000000e+00,9.300000000000000000e+01
1.111388812682948242e+02,1.000000000000000000e+00,9.300000000000000000e+01
1.120578825690917171e+02,1.000000000000000000e+00,9.300000000000000000e+01
1.145631118754658360e+02,1.000000000000000000e+00,9.300000000000000000e+01
1.135806530364578464e+02,1.000000000000000000e+00,9.300000000000000000e+01
1.137633238328970720e+02,1.000000000000000000e+00,9.300000000000000000e+01
1.113164516033057367e+02,1.000000000000000000e+00,9.300000000000000000e+01
1.132001054272704152e+02,1.000000000000000000e+00,9.300000000000000000e+01
1.101513980281344232e+02,1.000000000000000000e+00,9.300000000000000000e+01
1.128823877139021903e+02,1.000000000000000000e+00,9.300000000000000000e+01
1.131178958214382533e+02,1.000000000000000000e+00,9.300000000000000000e+01
1.141848632791382698e+02,1.000000000000000000e+00,9.300000000000000000e+01
1.141335496784669488e+02,1.000000000000000000e+00,9.300000000000000000e+01
1.111654981159380924e+02,1.000000000000000000e+00,9.300000000000000000e+01
1.127131496337389223e+02,1.000000000000000000e+00,9.300000000000000000e+01
1.134750161105351367e+02,1.000000000000000000e+00,9.300000000000000000e+01
1.142707736767485471e+02,1.000000000000000000e+00,9.300000000000000000e+01
1.157390127400222042e+02,1.000000000000000000e+00,9.300000000000000000e+01
1.153050989149014498e+02,1.000000000000000000e+00,9.300000000000000000e+01
1.143934555670253985e+02,1.000000000000000000e+00,9.300000000000000000e+01
1.132453777316609660e+02,1.000000000000000000e+00,9.300000000000000000e+01
1.131743608143330562e+02,1.000000000000000000e+00,9.300000000000000000e+01
1.128485759311106449e+02,1.000000000000000000e+00,9.300000000000000000e+01
1.113026632561417415e+02,1.000000000000000000e+00,9.300000000000000000e+01
1.100435038339548868e+02,1.000000000000000000e+00,9.300000000000000000e+01
1.135364001967520124e+02,1.000000000000000000e+00,9.300000000000000000e+01
1.135032490037999082e+02,1.000000000000000000e+00,9.300000000000000000e+01
1.126269355732598143e+02,1.000000000000000000e+00,9.300000000000000000e+01
1.130801445212862717e+02,1.000000000000000000e+00,9.400000000000000000e+01
1.155465779913381823e+02,1.000000000000000000e+00,9.400000000000000000e+01
1.160240233250428901e+02,1.000000000000000000e+00,9.400000000000000000e+01
1.155390746810915061e+02,1.000000000000000000e+00,9.400000000000000000e+01
1.145212260567216447e+02,1.000000000000000000e+00,9.400000000000000000e+01
1.129383405618088432e+02,1.000000000000000000e+00,9.400000000000000000e+01
1.140365271879629034e+02,1.000000000000000000e+00,9.400000000000000000e+01
1.139633549096416374e+02,1.000000000000000000e+00,9.400000000000000000e+01
1.145866950575194068e+02,1.000000000000000000e+00,9.400000000000000000e+01
1.137334204395753545e+02,1.000000000000000000e+00,9.400000000000000000e+01
1.108642307311278898e+02,1.000000000000000000e+00,9.400000000000000000e+01
1.144607357767716422e+02,1.000000000000000000e+00,9.400000000000000000e+01
1.104598454878048557e+02,1.000000000000000000e+00,9.400000000000000000e+01
1.176332913514626739e+02,1.000000000000000000e+00,9.400000000000000000e+01
1.130550466385796256e+02,1.000000000000000000e+00,9.400000000000000000e+01
1.125148762806129241e+02,1.000000000000000000e+00,9.400000000000000000e+01
1.120791812626252124e+02,1.000000000000000000e+00,9.400000000000000000e+01
1.172480361188635101e+02,1.000000000000000000e+00,9.400000000000000000e+01
1.166396961901736802e+02,1.000000000000000000e+00,9.400000000000000000e+01
1.118934970496759433e+02,1.000000000000000000e+00,9.400000000000000000e+01
1.147760710646951452e+02,1.000000000000000000e+00,9.400000000000000000e+01
1.153944584036766372e+02,1.000000000000000000e+00,9.400000000000000000e+01
1.120632114720440029e+02,1.000000000000000000e+00,9.400000000000000000e+01
1.129436549957822393e+02,1.000000000000000000e+00,9.400000000000000000e+01
1.130818181501221602e+02,1.000000000000000000e+00,9.400000000000000000e+01
1.128852343345978824e+02,1.000000000000000000e+00,9.400000000000000000e+01
1.105893157022629651e+02,1.000000000000000000e+00,9.400000000000000000e+01
1.153067033493671687e+02,1.000000000000000000e+00,9.400000000000000000e+01
1.108589896767624907e+02,1.000000000000000000e+00,9.400000000000000000e+01
1.140646793415210993e+02,1.000000000000000000e+00,9.400000000000000000e+01
1.153296444126685145e+02,1.000000000000000000e+00,9.400000000000000000e+01
1.147250145035180537e+02,1.000000000000000000e+00,9.400000000000000000e+01
1.123009846029000727e+02,1.000000000000000000e+00,9.400000000000000000e+01
1.134537274776960203e+02,1.000000000000000000e+00,9.400000000000000000e+01
1.158706403258766926e+02,1.000000000000000000e+00,9.400000000000000000e+01
1.159600920855476147e+02,1.000000000000000000e+00,9.400000000000000000e+01
1.121080835924559409e+02,1.000000000000000000e+00,9.400000000000000000e+01
1.159479824115295798e+02,1.000000000000000000e+00,9.400000000000000000e+01
1.150825214649144073e+02,1.000000000000000000e+00,9.400000000000000000e+01
1.169952447908090392e+02,1.000000000000000000e+00,9.400000000000000000e+01
1.169873928743373312e+02,1.000000000000000000e+00,9.400000000000000000e+01
1.124215699668080362e+02,1.000000000000000000e+00,9.400000000000000000e+01
1.146746530144482961e+02,1.000000000000000000e+00,9.400000000000000000e+01
1.151833047773586713e+02,1.000000000000000000e+00,9.400000000000000000e+01
1.118617755464283334e+02,1.000000000000000000e+00,9.400000000000000000e+01
1.159267495903457501e+02,1.000000000000000000e+00,9.500000000000000000e+01
1.169550051855259767e+02,1.000000000000000000e+00,9.500000000000000000e+01
1.126096264205683326e+02,1.000000000000000000e+00,9.500000000000000000e+01
1.144476162854735861e+02,1.000000000000000000e+00,9.500000000000000000e+01
1.165337720329834639e+02,1.000000000000000000e+00,9.500000000000000000e+01
1.157663827821627081e+02,1.000000000000000000e+00,9.500000000000000000e+01
1.132027998383093461e+02,1.000000000000000000e+00,9.500000000000000000e+01
1.139564903890624095e+02,1.000000000000000000e+00,9.500000000000000000e+01
1.143927198907792899e+02,1.000000000000000000e+00,9.500000000000000000e+01
1.133326179917275596e+02,1.000000000000000000e+00,9.500000000000000000e+01
1.127777461121772120e+02,1.000000000000000000e+00,9.500000000000000000e+01
1.135597824386753416e+02,1.000000000000000000e+00,9.500000000000000000e+01
1.146622229487281288e+02,1.000000000000000000e+00,9.500000000000000000e+01
1.155138058626944257e+02,1.000000000000000000e+00,9.500000000000000000e+01
1.133944817821539459e+02,1.000000000000000000e+00,9.500000000000000000e+01
1.185952755405637902e+02,1.000000000000000000e+00,9.500000000000000000e+01
1.145284408415460717e+02,1.000000000000000000e+00,9.500000000000000000e+01
1.145229685670725956e+02,1.000000000000000000e+00,9.500000000000000000e+01
1.146808374722966164e+02,1.000000000000000000e+00,9.500000000000000000e+01
1.157849214709023897e+02,1.000000000000000000e+00,9.500000000000000000e+01
1.160312617510765847e+02,1.000000000000000000e+00,9.500000000000000000e+01
1.140903111970203128e+02,1.000000000000000000e+00,9.500000000000000000e+01
1.193450890488925609e+02,1.000000000000000000e+00,9.500000000000000000e+01
1.162582496057289632e+02,1.000000000000000000e+00,9.500000000000000000e+01
1.146983753580171026e+02,1.000000000000000000e+00,9.500000000000000000e+01
1.176203486389503752e+02,1.000000000000000000e+00,9.500000000000000000e+01
1.193377024345866317e+02,1.000000000000000000e+00,9.500000000000000000e+01
1.150362328258131583e+02,1.000000000000000000e+00,9.500000000000000000e+01
1.166720454786809000e+02,1.000000000000000000e+00,9.500000000000000000e+01
1.119250723583839999e+02,1.000000000000000000e+00,9.500000000000000000e+01
1.156675306404345349e+02,1.000000000000000000e+00,9.500000000000000000e+01
1.150722200658446042e+02,1.000000000000000000e+00,9.500000000000000000e+01
1.127438121582225108e+02,1.000000000000000000e+00,9.500000000000000000e+01
1.160530808113213226e+02,1.000000000000000000e+00,9.500000000000000000e+01
1.172973081090161287e+02,1.000000000000000000e+00,9.500000000000000000e+01
1.183288214340118287e+02,1.000000000000000000e+00,9.500000000000000000e+01
1.138391789884798868e+02,1.000000000000000000e+00,9.500000000000000000e+01
1.130168091848483982e+02,1.000000000000000000e+00,9.500000000000000000e+01
1.168900084723009201e+02,1.000000000000000000e+00,9.500000000000000000e+01
1.132502316027247389e+02,1.000000000000000000e+00,9.500000000000000000e+01
1.174935894785814554e+02,1.000000000000000000e+00,9.500000000000000000e+01
1.140331266921934628e+02,1.000000000000000000e+00,9.500000000000000000e+01
1.164965433827897954e+02,1.000000000000000000e+00,9.500000000000000000e+01
1.144313334233566479e+02,1.000000000000000000e+00,9.500000000000000000e+01
1.121508708416033357e+02,1.000000000000000000e+00,9.600000000000000000e+01
1.208048380670688573e+02,1.000000000000000000e+00,9.600000000000000000e+01
1.180416653289708080e+02,1.000000000000000000e+00,9.600000000000000000e+01
1.187855652301470712e+02,1.000000000000000000e+00,9.600000000000000000e+01
1.156214898017270798e+02,1.000000000000000000e+00,9.600000000000000000e+01
1.201009474190245072e+02,1.000000000000000000e+00,9.600000000000000000e+01
1.184370895405026261e+02,1.000000000000000000e+00,9.600000000000000000e+01
1.179301752355250414e+02,1.000000000000000000e+00,9.600000000000000000e+01
1.172022188862171959e+02,1.000000000000000000e+00,9.600000000000000000e+01
1.176953807195948372e+02,1.000000000000000000e+00,9.600000000000000000e+01
1.170135854823090540e+02,1.000000000000000000e+00,9.600000000000000000e+01
1.162537554071565467e+02,1.000000000000000000e+00,9.600000000000000000e+01
1.165658464861922425e+02,1.000000000000000000e+00,9.600000000000000000e+01
1.158275915416226098e+02,1.000000000000000000e+00,9.600000000000000000e+01
1.183728950221226199e+02,1.000000000000000000e+00,9.600000000000000000e+01
1.166470144064550567e+02,1.000000000000000000e+00,9.600000000000000000e+01
1.174511631586205880e+02,1.000000000000000000e+00,9.600000000000000000e+01
1.197876176106594670e+02,1.000000000000000000e+00,9.600000000000000000e+01
1.151954132692658561e+02,1.000000000000000000e+00,9.600000000000000000e+01
1.193404514546840574e+02,1.000000000000000000e+00,9.600000000000000000e+01
1.166323955514601636e+02,1.000000000000000000e+00,9.600000000000000000e+01
1.125598810522071602e+02,1.000000000000000000e+00,9.600000000000000000e+01
1.150064272577739217e+02,1.000000000000000000e+00,9.600000000000000000e+01
1.185568713243692400e+02,1.000000000000000000e+00,9.600000000000000000e+01
1.183267381874639028e+02,1.000000000000000000e+00,9.600000000000000000e+01
1.193617585868359470e+02,1.000000000000000000e+00,9.600000000000000000e+01
1.127600370024604359e+02,1.000000000000000000e+00,9.600000000000000000e+01
1.167259833208185000e+02,1.000000000000000000e+00,9.600000000000000000e+01
1.199321307442970124e+02,1.000000000000000000e+00,9.600000000000000000e+01
1.205895416933533681e+02,1.000000000000000000e+00,9.600000000000000000e+01
1.124774363284264922e+02,1.000000000000000000e+00,9.600000000000000000e+01
1.176269774017497554e+02,1.000000000000000000e+00,9.600000000000000000e+01
1.189888753881001975e+02,1.000000000000000000e+00,9.600000000000000000e+01
1.159210181814070779e+02,1.000000000000000000e+00,9.600000000000000000e+01
1.181941651547042937e+02,1.000000000000000000e+00,9.600000000000000000e+01
1.140374888194101572e+02,1.000000000000000000e+00,9.600000000000000000e+01
1.208448283462496136e+02,1.000000000000000000e+00,9.600000000000000000e+01
1.221392930176675407e+02,1.000000000000000000e+00,9.600000000000000000e+01
1.191258037671786383e+02,1.000000000000000000e+00,9.600000000000000000e+01
1.216219844467506448e+02,1.000000000000000000e+00,9.600000000000000000e+01
1.182318766568643724e+02,1.000000000000000000e+00,9.600000000000000000e+01
1.171959122981655810e+02,1.000000000000000000e+00,9.600000000000000000e+01
1.200403639585188387e+02,1.000000000000000000e+00,9.600000000000000000e+01
1.171994725692842962e+02,1.000000000000000000e+00,9.600000000000000000e+01
1.183275912102191114e+02,1.000000000000000000e+00,9.600000000000000000e+01
1.205702176362026137e+02,1.000000000000000000e+00,9.700000000000000000e+01
1.200904435147552078e+02,1.000000000000000000e+00,9.700000000000000000e+01
1.190724783136217582e+02,1.000000000000000000e+00,9.700000000000000000e+01
1.198865172765129614e+02,1.000000000000000000e+00,9.700000000000000000e+01
1.198302114405118886e+02,1.000000000000000000e+00,9.700000000000000000e+01
1.198248663243869885e+02,1.000000000000000000e+00,9.700000000000000000e+01
1.198795554606998053e+02,1.000000000000000000e+00,9.700000000000000000e+01
1.182579751896915639e+02,1.000000000000000000e+00,9.700000000000000000e+01
1.202089023567456536e+02,1.000000000000000000e+00,9.700000000000000000e+01
1.178205685130853482e+02,1.000000000000000000e+00,9.700000000000000000e+01
1.228999554135378958e+02,1.000000000000000000e+00,9.700000000000000000e+01
1.184339049978455591e+02,1.000000000000000000e+00,9.700000000000000000e+01
1.179825936512583553e+02,1.000000000000000000e+00,9.700000000000000000e+01
1.190704902163481478e+02,1.000000000000000000e+00,9.700000000000000000e+01
1.192920324739520197e+02,1.000000000000000000e+00,9.700000000000000000e+01
1.205161090119391076e+02,1.000000000000000000e+00,9.700000000000000000e+01
1.181479522827678750e+02,1.000000000000000000e+00,9.700000000000000000e+01
1.177056424377227017e+02,1.000000000000000000e+00,9.700000000000000000e+01
1.199816057515836434e+02,1.000000000000000000e+00,9.700000000000000000e+01
1.166259604146069364e+02,1.000000000000000000e+00,9.700000000000000000e+01
1.224826559567145665e+02,1.000000000000000000e+00,9.700000000000000000e+01
1.195945829408450578e+02,1.000000000000000000e+00,9.700000000000000000e+01
1.159178397110675576e+02,1.000000000000000000e+00,9.700000000000000000e+01
1.199964932393662878e+02,1.000000000000000000e+00,9.700000000000000000e+01
1.215394045355070034e+02,1.000000000000000000e+00,9.700000000000000000e+01
1.188778100501086925e+02,1.000000000000000000e+00,9.700000000000000000e+01
1.208635021985930678e+02,1.000000000000000000e+00,9.700000000000000000e+01
1.185519769807190613e+02,1.000000000000000000e+00,9.700000000000000000e+01
1.161106164498389433e+02,1.000000000000000000e+00,9.700000000000000000e+01
1.216306433292821083e+02,1.000000000000000000e+00,9.700000000000000000e+01
1.215380551739341968e+02,1.000000000000000000e+00,9.700000000000000000e+01
1.180550434017557393e+02,1.000000000000000000e+00,9.700000000000000000e+01
1.193943515134556463e+02,1.000000000000000000e+00,9.700000000000000000e+01
1.218711658607678032e+02,1.000000000000000000e+00,9.700000000000000000e+01
1.191974053226244195e+02,1.000000000000000000e+00,9.700000000000000000e+01
1.203697354358106111e+02,1.000000000000000000e+00,9.700000000000000000e+01
1.203959922202246275e+02,1.000000000000000000e+00,9.700000000000000000e+01
1.196781501185867427e+02,1.000000000000000000e+00,9.700000000000000000e+01
1.198893233192939789e+02,1.000000000000000000e+00,9.700000000000000000e+01
1.161000751882741611e+02,1.000000000000000000e+00,9.700000000000000000e+01
1.204644125319964303e+02,1.000000000000000000e+00,9.700000000000000000e+01
1.174668734618677348e+02,1.000000000000000000e+00,9.700000000000000000e+01
1.150230522189533247e+02,1.000000000000000000e+00,9.700000000000000000e+01
1.219622964490343122e+02,1.000000000000000000e+00,9.700000000000000000e+01
1.172628818824497330e+02,1.000000000000000000e+00,9.800000000000000000e+01
1.203899915966838279e+02,1.000000000000000000e+00,9.800000000000000000e+01
1.186590320670378844e+02,1.000000000000000000e+00,9.800000000000000000e+01
1.237853291738163932e+02,1.000000000000000000e+00,9.800000000000000000e+01
1.197575512879842279e+02,1.000000000000000000e+00,9.800000000000000000e+01
1.234759493060264930e+02,1.000000000000000000e+00,9.800000000000000000e+01
1.207446587014240151e+02,1.000000000000000000e+00,9.800000000000000000e+01
1.168440964397424011e+02,1.000000000000000000e+00,9.800000000000000000e+01
1.202158710580106629e+02,1.000000000000000000e+00,9.800000000000000000e+01
1.227674758292772879e+02,1.000000000000000000e+00,9.800000000000000000e+01
1.215335614209808455e+02,1.000000000000000000e+00,9.800000000000000000e+01
1.242911764961602046e+02,1.000000000000000000e+00,9.800000000000000000e+01
1.224047952954357896e+02,1.000000000000000000e+00,9.800000000000000000e+01
1.226518669074327050e+02,1.000000000000000000e+00,9.800000000000000000e+01
1.236343567136661079e+02,1.000000000000000000e+00,9.800000000000000000e+01
1.184152338811231857e+02,1.000000000000000000e+00,9.800000000000000000e+01
1.215158454263493581e+02,1.000000000000000000e+00,9.800000000000000000e+01
1.242265614849450941e+02,1.000000000000000000e+00,9.800000000000000000e+01
1.221747832347886913e+02,1.000000000000000000e+00,9.800000000000000000e+01
1.228387309343982565e+02,1.000000000000000000e+00,9.800000000000000000e+01
1.190407612864558189e+02,1.000000000000000000e+00,9.800000000000000000e+01
1.206601493273174555e+02,1.000000000000000000e+00,9.800000000000000000e+01
1.190114814446211113e+02,1.000000000000000000e+00,9.800000000000000000e+01
1.190878995155964049e+02,1.000000000000000000e+00,9.800000000000000000e+01
1.233945030275476569e+02,1.000000000000000000e+00,9.800000000000000000e+01
1.236028535118083482e+02,1.000000000000000000e+00,9.800000000000000000e+01
1.205294598000095192e+02,1.000000000000000000e+00,9.800000000000000000e+01
1.204116377012609149e+02,1.000000000000000000e+00,9.800000000000000000e+01
1.209102051118639167e+02,1.000000000000000000e+00,9.800000000000000000e+01
1.226709067733661129e+02,1.000000000000000000e+00,9.800000000000000000e+01
1.252076606529200689e+02,1.000000000000000000e+00,9.800000000000000000e+01
1.267179553703021213e+02,1.000000000000000000e+00,9.800000000000000000e+01
1.234422729085017068e+02,1.000000000000000000e+00,9.800000000000000000e+01
1.252863207353510404e+02,1.000000000000000000e+00,9.800000000000000000e+01
1.212904930493587017e+02,1.000000000000000000e+00,9.800000000000000000e+01
1.205196830720538799e+02,1.000000000000000000e+00,9.800000000000000000e+01
1.204044132165903562e+02,1.000000000000000000e+00,9.800000000000000000e+01
1.219209275073930598e+02,1.000000000000000000e+00,9.800000000000000000e+01
1.246525584096218182e+02,1.000000000000000000e+00,9.800000000000000000e+01
1.223412087465943756e+02,1.000000000000000000e+00,9.800000000000000000e+01
1.206251246767544956e+02,1.000000000000000000e+00,9.800000000000000000e+01
1.206975644423934853e+02,1.000000000000000000e+00,9.800000000000000000e+01
1.232111028401078272e+02,1.000000000000000000e+00,9.800000000000000000e+01
1.222750349663710665e+02,1.000000000000000000e+00,9.800000000000000000e+01
1.267961492988818293e+02,1.000000000000000000e+00,9.900000000000000000e+01
1.247018921044153643e+02,1.000000000000000000e+00,9.900000000000000000e+01
1.229216681261190445e+02,1.000000000000000000e+00,9.900000000000000000e+01
1.198752164681926473e+02,1.000000000000000000e+00,9.900000000000000000e+01
1.212491556177168235e+02,1.000000000000000000e+00,9.900000000000000000e+01
1.244220255944261169e+02,1.000000000000000000e+00,9.900000000000000000e+01
1.246979211578181008e+02,1.000000000000000000e+00,9.900000000000000000e+01
1.267012701770009642e+02,1.000000000000000000e+00,9.900000000000000000e+01
1.244759354793446988e+02,1.000000000000000000e+00,9.900000000000000000e+01
1.261750089079363590e+02,1.000000000000000000e+00,9.900000000000000000e+01
1.262993737977649573e+02,1.000000000000000000e+00,9.900000000000000000e+01
1.247519848946199090e+02,1.000000000000000000e+00,9.900000000000000000e+01
1.234892758009976745e+02,1.000000000000000000e+00,9.900000000000000000e+01
1.237424668883884067e+02,1.000000000000000000e+00,9.900000000000000000e+01
1.240232556454988639e+02,1.000000000000000000e+00,9.900000000000000000e+01
1.229020166184333789e+02,1.000000000000000000e+00,9.900000000000000000e+01
1.242800572657753548e+02,1.000000000000000000e+00,9.900000000000000000e+01
1.283944053596871413e+02,1.000000000000000000e+00,9.900000000000000000e+01
1.267615237190478581e+02,1.000000000000000000e+00,9.900000000000000000e+01
1.249375744683278100e+02,1.000000000000000000e+00,9.900000000000000000e+01
1.250582727223456629e+02,1.000000000000000000e+00,9.900000000000000000e+01
1.239830668829572460e+02,1.000000000000000000e+00,9.900000000000000000e+01
1.255888740191178385e+02,1.000000000000000000e+00,9.900000000000000000e+01
1.256150561085746915e+02,1.000000000000000000e+00,9.900000000000000000e+01
1.240136932694776846e+02,1.000000000000000000e+00,9.900000000000000000e+01
1.236645530723954209e+02,1.000000000000000000e+00,9.900000000000000000e+01
1.233300973086574572e+02,1.000000000000000000e+00,9.900000000000000000e+01
1.287746137335907690e+02,1.000000000000000000e+00,9.900000000000000000e+01
1.267147399553075076e+02,1.000000000000000000e+00,9.900000000000000000e+01
1.240114973188577494e+02,1.000000000000000000e+00,9.900000000000000000e+01
1.299828997772777370e+02,1.000000000000000000e+00,9.900000000000000000e+01
1.242977499282497007e+02,1.000000000000000000e+00,9.900000000000000000e+01
1.235104317639122087e+02,1.000000000000000000e+00,9.900000000000000000e+01
1.271090911658292555e+02,1.000000000000000000e+00,9.900000000000000000e+01
1.289791098778641469e+02,1.000000000000000000e+00,9.900000000000000000e+01
1.259392628709591975e+02,1.000000000000000000e+00,9.900000000000000000e+01
1.240688474070453822e+02,1.000000000000000000e+00,9.900000000000000000e+01
1.292601044336662994e+02,1.000000000000000000e+00,9.900000000000000000e+01
1.229174520302544948e+02,1.000000000000000000e+00,9.900000000000000000e+01
1.270130250103865706e+02,1.000000000000000000e+00,9.900000000000000000e+01
1.272549774112362400e+02,1.000000000000000000e+00,9.900000000000000000e+01
1.217573296820012558e+02,1.000000000000000000e+00,9.900000000000000000e+01
1.267579074249243547e+02,1.000000000000000000e+00,9.900000000000000000e+01
1.260011410506726008e+02,1.000000000000000000e+00,9.900000000000000000e+01
1.279946084413892891e+02,1.000000000000000000e+00,9.900000000000000000e+01
1.262374519098088683e+02,1.000000000000000000e+00,1.000000000000000000e+02
1.255709812344444458e+02,1.000000000000000000e+00,1.000000000000000000e+02
1.239192072038123769e+02,1.000000000000000000e+00,1.000000000000000000e+02
1.283231064731062645e+02,1.000000000000000000e+00,1.000000000000000000e+02
1.283629065335264841e+02,1.000000000000000000e+00,1.000000000000000000e+02
1.258749391996943530e+02,1.000000000000000000e+00,1.000000000000000000e+02
1.273861578688885317e+02,1.000000000000000000e+00,1.000000000000000000e+02
1.305422983864406774e+02,1.000000000000000000e+00,1.000000000000000000e+02
1.300208636590927540e+02,1.000000000000000000e+00,1.000000000000000000e+02
1.252565964216613139e+02,1.000000000000000000e+00,1.000000000000000000e+02
1.280902926985881720e+02,1.000000000000000000e+00,1.000000000000000000e+02
1.243163454283680238e+02,1.000000000000000000e+00,1.000000000000000000e+02
1.282125872868442116e+02,1.000000000000000000e+00,1.000000000000000000e+02
1.280416072798234381e+02,1.000000000000000000e+00,1.000000000000000000e+02
1.280917965939493968e+02,1.000000000000000000e+00,1.000000000000000000e+02
1.247663377208750433e+02,1.000000000000000000e+00,1.000000000000000000e+02
1.280392812659029858e+02,1.000000000000000000e+00,1.000000000000000000e+02
1.298242235717059430e+02,1.000000000000000000e+00,1.000000000000000000e+02
1.265809476179523756e+02,1.000000000000000000e+00,1.000000000000000000e+02
1.262438535290942809e+02,1.000000000000000000e+00,1.000000000000000000e+02
1.277135480634018450e+02,1.000000000000000000e+00,1.000000000000000000e+02
1.291220066899823280e+02,1.000000000000000000e+00,1.000000000000000000e+02
1.314848458916018501e+02,1.000000000000000000e+00,1.000000000000000000e+02
1.299026690349685964e+02,1.000000000000000000e+00,1.000000000000000000e+02
1.302880998447549530e+02,1.000000000000000000e+00,1.000000000000000000e+02
1.305732653468018043e+02,1.000000000000000000e+00,1.000000000000000000e+02
1.277424592641234113e+02,1.000000000000000000e+00,1.000000000000000000e+02
1.325676288796656195e+02,1.000000000000000000e+00,1.000000000000000000e+02
1.305417932515112227e+02,1.000000000000000000e+00,1.000000000000000000e+02
1.276485872670375841e+02,1.000000000000000000e+00,1.000000000000000000e+02
1.300912636482620144e+02,1.000000000000000000e+00,1.000000000000000000e+02
1.272070427609318273e+02,1.000000000000000000e+00,1.000000000000000000e+02
1.267514846211257122e+02,1.000000000000000000e+00,1.000000000000000000e+02
1.290321737051573052e+02,1.000000000000000000e+00,1.000000000000000000e+02
1.265904878289876052e+02,1.000000000000000000e+00,1.000000000000000000e+02
1.321091125268770270e+02,1.000000000000000000e+00,1.000000000000000000e+02
1.289781374229002893e+02,1.000000000000000000e+00,1.000000000000000000e+02
1.360117904000125009e+02,1.000000000000000000e+00,1.000000000000000000e+02
1.298653030901818397e+02,1.000000000000000000e+00,1.000000000000000000e+02
1.270187614269474921e+02,1.000000000000000000e+00,1.000000000000000000e+02
1.295488571322329392e+02,1.000000000000000000e+00,1.000000000000000000e+02
1.317842492989014431e+02,1.000000000000000000e+00,1.000000000000000000e+02
1.264940048725614332e+02,1.000000000000000000e+00,1.000000000000000000e+02
1.287105505815605397e+02,1.000000000000000000e+00,1.000000000000000000e+02
1.288821713200199781e+02,1.000000000000000000e+00,1.010000000000000000e+02
1.326800032963786862e+02,1.000000000000000000e+00,1.010000000000000000e+02
1.295437098913583327e+02,1.000000000000000000e+00,1.010000000000000000e+02
1.294869834533846529e+02,1.000000000000000000e+00,1.010000000000000000e+02
1.321112080772300885e+02,1.000000000000000000e+00,1.010000000000000000e+02
1.310158530198074800e+02,1.000000000000000000e+00,1.010000000000000000e+02
1.308496514146763161e+02,1.000000000000000000e+00,1.010000000000000000e+02
1.305684076106727503e+02,1.000000000000000000e+00,1.010000000000000000e+02
1.312724226906097442e+02,1.000000000000000000e+00,1.010000000000000000e+02
1.315754847392784370e+02,1.000000000000000000e+00,1.010000000000000000e+02
1.281422359154796595e+02,1.000000000000000000e+00,1.010000000000000000e+02
1.349753489621591598e+02,1.000000000000000000e+00,1.010000000000000000e+02
1.321144481480718582e+02,1.000000000000000000e+00,1.010000000000000000e+02
1.320683461296207497e+02,1.000000000000000000e+00,1.010000000000000000e+02
1.297571160052314383e+02,1.000000000000000000e+00,1.010000000000000000e+02
1.304873323117251687e+02,1.000000000000000000e+00,1.010000000000000000e+02
1.347218562343560109e+02,1.000000000000000000e+00,1.010000000000000000e+02
1.340631949726324024e+02,1.000000000000000000e+00,1.010000000000000000e+02
1.336207910765076008e+02,1.000000000000000000e+00,1.010000000000000000e+02
1.301069114932479636e+02,1.000000000000000000e+00,1.010000000000000000e+02
1.305189804461442407e+02,1.000000000000000000e+00,1.010000000000000000e+02
1.330607818976944259e+02,1.000000000000000000e+00,1.010000000000000000e+02
1.333798875387324188e+02,1.000000000000000000e+00,1.010000000000000000e+02
1.313368141416291621e+02,1.000000000000000000e+00,1.010000000000000000e+02
1.373446899628484061e+02,1.000000000000000000e+00,1.010000000000000000e+02
1.330894289493684255e+02,1.000000000000000000e+00,1.010000000000000000e+02
1.275054392109857275e+02,1.000000000000000000e+00,1.010000000000000000e+02
1.307952248455480060e+02,1.000000000000000000e+00,1.010000000000000000e+02
1.315351591118115664e+02,1.000000000000000000e+00,1.010000000000000000e+02
1.316524946820391051e+02,1.000000000000000000e+00,1.010000000000000000e+02
1.321597869776218772e+02,1.000000000000000000e+00,1.010000000000000000e+02
1.309758798843398324e+02,1.000000000000000000e+00,1.010000000000000000e+02
1.351279496620194891e+02,1.000000000000000000e+00,1.010000000000000000e+02
1.362183746417733232e+02,1.000000000000000000e+00,1.010000000000000000e+02
1.324347578310759275e+02,1.000000000000000000e+00,1.010000000000000000e+02
1.338148521544927689e+02,1.000000000000000000e+00,1.010000000000000000e+02
1.261104202514865307e+02,1.000000000000000000e+00,1.010000000000000000e+02
1.334295835129076409e+02,1.000000000000000000e+00,1.010000000000000000e+02
1.298762658514517909e+02,1.000000000000000000e+00,1.010000000000000000e+02
1.330527749970414959e+02,1.000000000000000000e+00,1.010000000000000000e+02
1.330063739239911911e+02,1.000000000000000000e+00,1.010000000000000000e+02
1.331799789651169021e+02,1.000000000000000000e+00,1.010000000000000000e+02
1.329355994434039587e+02,1.000000000000000000e+00,1.010000000000000000e+02
1.352470512391298314e+02,1.000000000000000000e+00,1.010000000000000000e+02
1.305244343363854114e+02,1.000000000000000000e+00,1.010000000000000000e+02
1.386214618274343877e+02,1.000000000000000000e+00,1.020000000000000000e+02
1.352452095443778433e+02,1.000000000000000000e+00,1.020000000000000000e+02
1.348771860741067599e+02,1.000000000000000000e+00,1.020000000000000000e+02
1.376234680035853444e+02,1.000000000000000000e+00,1.020000000000000000e+02
1.376121388641306567e+02,1.000000000000000000e+00,1.020000000000000000e+02
1.375286213675610725e+02,1.000000000000000000e+00,1.020000000000000000e+02
1.335513052928728825e+02,1.000000000000000000e+00,1.020000000000000000e+02
1.353024290240881555e+02,1.000000000000000000e+00,1.020000000000000000e+02
1.334740271031488987e+02,1.000000000000000000e+00,1.020000000000000000e+02
1.353050752171752151e+02,1.000000000000000000e+00,1.020000000000000000e+02
1.368773878208654082e+02,1.000000000000000000e+00,1.020000000000000000e+02
1.350479675418057184e+02,1.000000000000000000e+00,1.020000000000000000e+02
1.372470354500588314e+02,1.000000000000000000e+00,1.020000000000000000e+02
1.379021199086183742e+02,1.000000000000000000e+00,1.020000000000000000e+02
1.369608664218530407e+02,1.000000000000000000e+00,1.020000000000000000e+02
1.357846664441959774e+02,1.000000000000000000e+00,1.020000000000000000e+02
1.324887587622945659e+02,1.000000000000000000e+00,1.020000000000000000e+02
1.367364726512144273e+02,1.000000000000000000e+00,1.020000000000000000e+02
1.329690274162553862e+02,1.000000000000000000e+00,1.020000000000000000e+02
1.326276430901986316e+02,1.000000000000000000e+00,1.020000000000000000e+02
1.372532624526937752e+02,1.000000000000000000e+00,1.020000000000000000e+02
1.386585306616930779e+02,1.000000000000000000e+00,1.020000000000000000e+02
1.348525999807548033e+02,1.000000000000000000e+00,1.020000000000000000e+02
1.390297940098669187e+02,1.000000000000000000e+00,1.020000000000000000e+02
1.372074534614409913e+02,1.000000000000000000e+00,1.020000000000000000e+02
1.342674233912396176e+02,1.000000000000000000e+00,1.020000000000000000e+02
1.355413560868282730e+02,1.000000000000000000e+00,1.020000000000000000e+02
1.382673448615365714e+02,1.000000000000000000e+00,1.020000000000000000e+02
1.389413896841198266e+02,1.000000000000000000e+00,1.020000000000000000e+02
1.381770759322400011e+02,1.000000000000000000e+00,1.020000000000000000e+02
1.379995896078176543e+02,1.000000000000000000e+00,1.020000000000000000e+02
1.418094920992478478e+02,1.000000000000000000e+00,1.020000000000000000e+02
1.344388300775000005e+02,1.000000000000000000e+00,1.020000000000000000e+02
1.376657773261370892e+02,1.000000000000000000e+00,1.020000000000000000e+02
1.375120314183472487e+02,1.000000000000000000e+00,1.020000000000000000e+02
1.390173229948778157e+02,1.000000000000000000e+00,1.020000000000000000e+02
1.319926119829738411e+02,1.000000000000000000e+00,1.020000000000000000e+02
1.359351838485683572e+02,1.000000000000000000e+00,1.020000000000000000e+02
1.373662850303463472e+02,1.000000000000000000e+00,1.020000000000000000e+02
1.364605167560284826e+02,1.000000000000000000e+00,1.020000000000000000e+02
1.406748916805615011e+02,1.000000000000000000e+00,1.020000000000000000e+02
1.371626708294272987e+02,1.000000000000000000e+00,1.020000000000000000e+02
1.380061830748806528e+02,1.000000000000000000e+00,1.020000000000000000e+02
1.347370137299216992e+02,1.000000000000000000e+00,1.020000000000000000e+02
1.385032591449787844e+02,1.000000000000000000e+00,1.030000000000000000e+02
1.381284806672263414e+02,1.000000000000000000e+00,1.030000000000000000e+02
1.397122204288554883e+02,1.000000000000000000e+00,1.030000000000000000e+02
1.358490675541289647e+02,1.000000000000000000e+00,1.030000000000000000e+02
1.384238218737305317e+02,1.000000000000000000e+00,1.030000000000000000e+02
1.386855473097934635e+02,1.000000000000000000e+00,1.030000000000000000e+02
1.375478672405784550e+02,1.000000000000000000e+00,1.030000000000000000e+02
1.411523559406877837e+02,1.000000000000000000e+00,1.030000000000000000e+02
1.366605741333493995e+02,1.000000000000000000e+00,1.030000000000000000e+02
1.391506634100667270e+02,1.000000000000000000e+00,1.030000000000000000e+02
1.405604022754531286e+02,1.000000000000000000e+00,1.030000000000000000e+02
1.353177433214970051e+02,1.000000000000000000e+00,1.030000000000000000e+02
1.412936989192514829e+02,1.000000000000000000e+00,1.030000000000000000e+02
1.409716592122881877e+02,1.000000000000000000e+00,1.030000000000000000e+02
1.350708695314920362e+02,1.000000000000000000e+00,1.030000000000000000e+02
1.389681149036692318e+02,1.000000000000000000e+00,1.030000000000000000e+02
1.380369733337768707e+02,1.000000000000000000e+00,1.030000000000000000e+02
1.374276280726986954e+02,1.000000000000000000e+00,1.030000000000000000e+02
1.427379678203963920e+02,1.000000000000000000e+00,1.030000000000000000e+02
1.410126674038650947e+02,1.000000000000000000e+00,1.030000000000000000e+02
1.430235733357842491e+02,1.000000000000000000e+00,1.030000000000000000e+02
1.391348905177487154e+02,1.000000000000000000e+00,1.030000000000000000e+02
1.397785512502012466e+02,1.000000000000000000e+00,1.030000000000000000e+02
1.407095859420427928e+02,1.000000000000000000e+00,1.030000000000000000e+02
1.427783977133935878e+02,1.000000000000000000e+00,1.030000000000000000e+02
1.400323118255658983e+02,1.000000000000000000e+00,1.030000000000000000e+02
1.421278101554156876e+02,1.000000000000000000e+00,1.030000000000000000e+02
1.385408988075563457e+02,1.000000000000000000e+00,1.030000000000000000e+02
1.447207398388065940e+02,1.000000000000000000e+00,1.030000000000000000e+02
1.418367670162116667e+02,1.000000000000000000e+00,1.030000000000000000e+02
1.406535110630501890e+02,1.000000000000000000e+00,1.030000000000000000e+02
1.433666906163677481e+02,1.000000000000000000e+00,1.030000000000000000e+02
1.430089119391862482e+02,1.000000000000000000e+00,1.030000000000000000e+02
1.398059282831689814e+02,1.000000000000000000e+00,1.030000000000000000e+02
1.467382571696764444e+02,1.000000000000000000e+00,1.030000000000000000e+02
1.415776369300304793e+02,1.000000000000000000e+00,1.030000000000000000e+02
1.407545579231513102e+02,1.000000000000000000e+00,1.030000000000000000e+02
1.434753306408296112e+02,1.000000000000000000e+00,1.030000000000000000e+02
1.407177549709333277e+02,1.000000000000000000e+00,1.030000000000000000e+02
1.436067017208867469e+02,1.000000000000000000e+00,1.030000000000000000e+02
1.410635262567587347e+02,1.000000000000000000e+00,1.030000000000000000e+02
1.413172709539076664e+02,1.000000000000000000e+00,1.030000000000000000e+02
1.378477031921549383e+02,1.000000000000000000e+00,1.030000000000000000e+02
1.428431721119805218e+02,1.000000000000000000e+00,1.030000000000000000e+02
1.420336345794653425e+02,1.000000000000000000e+00,1.030000000000000000e+02
1.458739855666306084e+02,1.000000000000000000e+00,1.040000000000000000e+02
1.447547295049913885e+02,1.000000000000000000e+00,1.040000000000000000e+02
1.439928648873502652e+02,1.000000000000000000e+00,1.040000000000000000e+02
1.440604879457299887e+02,1.000000000000000000e+00,1.040000000000000000e+02
1.440292601765090126e+02,1.000000000000000000e+00,1.040000000000000000e+02
1.400499060087280725e+02,1.000000000000000000e+00,1.040000000000000000e+02
1.452134021099174106e+02,1.000000000000000000e+00,1.040000000000000000e+02
1.430421904077363422e+02,1.000000000000000000e+00,1.040000000000000000e+02
1.437632526361425391e+02,1.000000000000000000e+00,1.040000000000000000e+02
1.430665705433092967e+02,1.000000000000000000e+00,1.040000000000000000e+02
1.462605151025568375e+02,1.000000000000000000e+00,1.040000000000000000e+02
1.432737960102231511e+02,1.000000000000000000e+00,1.040000000000000000e+02
1.424824078593622687e+02,1.000000000000000000e+00,1.040000000000000000e+02
1.448935894851552746e+02,1.000000000000000000e+00,1.040000000000000000e+02
1.478577385939697706e+02,1.000000000000000000e+00,1.040000000000000000e+02
1.438890297977520163e+02,1.000000000000000000e+00,1.040000000000000000e+02
1.468036634026793195e+02,1.000000000000000000e+00,1.040000000000000000e+02
1.435765486343645989e+02,1.000000000000000000e+00,1.040000000000000000e+02
1.485916706993700700e+02,1.000000000000000000e+00,1.040000000000000000e+02
1.414853817623279042e+02,1.000000000000000000e+00,1.040000000000000000e+02
1.473517349393512461e+02,1.000000000000000000e+00,1.040000000000000000e+02
1.447767314815152702e+02,1.000000000000000000e+00,1.040000000000000000e+02
1.451536805168241528e+02,1.000000000000000000e+00,1.040000000000000000e+02
1.452806766617844971e+02,1.000000000000000000e+00,1.040000000000000000e+02
1.471386120673450080e+02,1.000000000000000000e+00,1.040000000000000000e+02
1.461972859883541673e+02,1.000000000000000000e+00,1.040000000000000000e+02
1.462222981711418015e+02,1.000000000000000000e+00,1.040000000000000000e+02
1.449614636195767616e+02,1.000000000000000000e+00,1.040000000000000000e+02
1.449829212105668148e+02,1.000000000000000000e+00,1.040000000000000000e+02
1.454864341618586252e+02,1.000000000000000000e+00,1.040000000000000000e+02
1.503035385920439353e+02,1.000000000000000000e+00,1.040000000000000000e+02
1.430855888801008291e+02,1.000000000000000000e+00,1.040000000000000000e+02
1.460257081786198796e+02,1.000000000000000000e+00,1.040000000000000000e+02
1.485905153454788490e+02,1.000000000000000000e+00,1.040000000000000000e+02
1.484290787653217762e+02,1.000000000000000000e+00,1.040000000000000000e+02
1.495599475532492875e+02,1.000000000000000000e+00,1.040000000000000000e+02
1.457651849041866114e+02,1.000000000000000000e+00,1.040000000000000000e+02
1.473402520136363307e+02,1.000000000000000000e+00,1.040000000000000000e+02
1.466286530364034206e+02,1.000000000000000000e+00,1.040000000000000000e+02
1.477276259408418753e+02,1.000000000000000000e+00,1.040000000000000000e+02
1.433972672673347688e+02,1.000000000000000000e+00,1.040000000000000000e+02
1.485497252480512316e+02,1.000000000000000000e+00,1.040000000000000000e+02
1.453808773367725280e+02,1.000000000000000000e+00,1.040000000000000000e+02
1.441195729106569274e+02,1.000000000000000000e+00,1.040000000000000000e+02
1.501784417192255034e+02,1.000000000000000000e+00,1.050000000000000000e+02
1.446647394223758454e+02,1.000000000000000000e+00,1.050000000000000000e+02
1.473818531764975148e+02,1.000000000000000000e+00,1.050000000000000000e+02
1.463991307855960144e+02,1.000000000000000000e+00,1.050000000000000000e+02
1.487238807675734051e+02,1.000000000000000000e+00,1.050000000000000000e+02
1.462020135422017972e+02,1.000000000000000000e+00,1.050000000000000000e+02
1.477190567740993856e+02,1.000000000000000000e+00,1.050000000000000000e+02
1.508293858786712178e+02,1.000000000000000000e+00,1.050000000000000000e+02
1.468984676063000450e+02,1.000000000000000000e+00,1.050000000000000000e+02
1.483122241991202657e+02,1.000000000000000000e+00,1.050000000000000000e+02
1.502031911685994032e+02,1.000000000000000000e+00,1.050000000000000000e+02
1.447986804039412050e+02,1.000000000000000000e+00,1.050000000000000000e+02
1.486069304010402448e+02,1.000000000000000000e+00,1.050000000000000000e+02
1.478826262138128413e+02,1.000000000000000000e+00,1.050000000000000000e+02
1.490977779011852533e+02,1.000000000000000000e+00,1.050000000000000000e+02
1.489163153679717766e+02,1.000000000000000000e+00,1.050000000000000000e+02
1.495736672953616448e+02,1.000000000000000000e+00,1.050000000000000000e+02
1.484088051847909355e+02,1.000000000000000000e+00,1.050000000000000000e+02
1.497761939088779855e+02,1.000000000000000000e+00,1.050000000000000000e+02
1.485320954565715965e+02,1.000000000000000000e+00,1.050000000000000000e+02
1.471455517737861669e+02,1.000000000000000000e+00,1.050000000000000000e+02
1.504052335887494678e+02,1.000000000000000000e+00,1.050000000000000000e+02
1.506957901462100722e+02,1.000000000000000000e+00,1.050000000000000000e+02
1.530316778348506830e+02,1.000000000000000000e+00,1.050000000000000000e+02
1.457951685186899056e+02,1.000000000000000000e+00,1.050000000000000000e+02
1.494755559748678593e+02,1.000000000000000000e+00,1.050000000000000000e+02
1.506798162117055710e+02,1.000000000000000000e+00,1.050000000000000000e+02
1.527867326492782070e+02,1.000000000000000000e+00,1.050000000000000000e+02
1.497432637476563855e+02,1.000000000000000000e+00,1.050000000000000000e+02
1.519352937872005782e+02,1.000000000000000000e+00,1.050000000000000000e+02
1.484977761819607451e+02,1.000000000000000000e+00,1.050000000000000000e+02
1.482717832818315173e+02,1.000000000000000000e+00,1.050000000000000000e+02
1.505762876996241459e+02,1.000000000000000000e+00,1.050000000000000000e+02
1.516019119192219762e+02,1.000000000000000000e+00,1.050000000000000000e+02
1.531222922827125501e+02,1.000000000000000000e+00,1.050000000000000000e+02
1.518158006227913290e+02,1.000000000000000000e+00,1.050000000000000000e+02
1.475456564133174595e+02,1.000000000000000000e+00,1.050000000000000000e+02
1.516815923589643944e+02,1.000000000000000000e+00,1.050000000000000000e+02
1.501118626051374463e+02,1.000000000000000000e+00,1.050000000000000000e+02
1.500030292999649078e+02,1.000000000000000000e+00,1.050000000000000000e+02
1.505430363879803792e+02,1.000000000000000000e+00,1.050000000000000000e+02
1.519380420656461865e+02,1.000000000000000000e+00,1.050000000000000000e+02
1.523665031989077931e+02,1.000000000000000000e+00,1.050000000000000000e+02
1.477597559661734294e+02,1.000000000000000000e+00,1.050000000000000000e+02
1.498793968874818177e+02,1.000000000000000000e+00,1.050000000000000000e+02
1.541476136353734034e+02,1.000000000000000000e+00,1.060000000000000000e+02
1.545778299893441954e+02,1.000000000000000000e+00,1.060000000000000000e+02
1.502840046493106456e+02,1.000000000000000000e+00,1.060000000000000000e+02
1.509720335276956007e+02,1.000000000000000000e+00,1.060000000000000000e+02
1.512379225765640172e+02,1.000000000000000000e+00,1.060000000000000000e+02
1.512815224013999398e+02,1.000000000000000000e+00,1.060000000000000000e+02
1.538199441916160310e+02,1.000000000000000000e+00,1.060000000000000000e+02
1.513642926632850845e+02,1.000000000000000000e+00,1.060000000000000000e+02
1.505853657261482965e+02,1.000000000000000000e+00,1.060000000000000000e+02
1.534929025494625705e+02,1.000000000000000000e+00,1.060000000000000000e+02
1.523560762395290169e+02,1.000000000000000000e+00,1.060000000000000000e+02
1.506458758939703273e+02,1.000000000000000000e+00,1.060000000000000000e+02
1.560890946941999005e+02,1.000000000000000000e+00,1.060000000000000000e+02
1.539083955463526650e+02,1.000000000000000000e+00,1.060000000000000000e+02
1.548213123814095979e+02,1.000000000000000000e+00,1.060000000000000000e+02
1.545761920890261081e+02,1.000000000000000000e+00,1.060000000000000000e+02
1.550934536974602054e+02,1.000000000000000000e+00,1.060000000000000000e+02
1.528552523105514922e+02,1.000000000000000000e+00,1.060000000000000000e+02
1.525182998083883490e+02,1.000000000000000000e+00,1.060000000000000000e+02
1.510236349968798208e+02,1.000000000000000000e+00,1.060000000000000000e+02
1.529690573431163898e+02,1.000000000000000000e+00,1.060000000000000000e+02
1.516268865643577897e+02,1.000000000000000000e+00,1.060000000000000000e+02
1.550312408176481540e+02,1.000000000000000000e+00,1.060000000000000000e+02
1.558432384573219736e+02,1.000000000000000000e+00,1.060000000000000000e+02
1.559803024553884825e+02,1.000000000000000000e+00,1.060000000000000000e+02
1.551512956842529434e+02,1.000000000000000000e+00,1.060000000000000000e+02
1.561778820170848689e+02,1.000000000000000000e+00,1.060000000000000000e+02
1.524596158686755416e+02,1.000000000000000000e+00,1.060000000000000000e+02
1.570698532618115735e+02,1.000000000000000000e+00,1.060000000000000000e+02
1.546802054714755172e+02,1.000000000000000000e+00,1.060000000000000000e+02
1.554867925729835463e+02,1.000000000000000000e+00,1.060000000000000000e+02
1.532423515597520804e+02,1.000000000000000000e+00,1.060000000000000000e+02
1.563987038909468765e+02,1.000000000000000000e+00,1.060000000000000000e+02
1.550216399804110665e+02,1.000000000000000000e+00,1.060000000000000000e+02
1.561421964385312720e+02,1.000000000000000000e+00,1.060000000000000000e+02
1.544772294824580854e+02,1.000000000000000000e+00,1.060000000000000000e+02
1.590507006234957430e+02,1.000000000000000000e+00,1.060000000000000000e+02
1.547481822918115313e+02,1.000000000000000000e+00,1.060000000000000000e+02
1.532710877178342912e+02,1.000000000000000000e+00,1.060000000000000000e+02
1.565643298120691895e+02,1.000000000000000000e+00,1.060000000000000000e+02
1.548395633776299007e+02,1.000000000000000000e+00,1.060000000000000000e+02
1.540920185969794431e+02,1.000000000000000000e+00,1.060000000000000000e+02
1.568800639292425103e+02,1.000000000000000000e+00,1.060000000000000000e+02
1.565189665020735390e+02,1.000000000000000000e+00,1.060000000000000000e+02
1.547125830003699321e+02,1.000000000000000000e+00,1.070000000000000000e+02
1.568185816307307050e+02,1.000000000000000000e+00,1.070000000000000000e+02
1.588284734401995593e+02,1.000000000000000000e+00,1.070000000000000000e+02
1.577968333788927850e+02,1.000000000000000000e+00,1.070000000000000000e+02
1.542726112028838941e+02,1.000000000000000000e+00,1.070000000000000000e+02
1.576943056641790122e+02,1.000000000000000000e+00,1.070000000000000000e+02
1.592577834806255908e+02,1.000000000000000000e+00,1.070000000000000000e+02
1.526161589577759514e+02,1.000000000000000000e+00,1.070000000000000000e+02
1.563780562235968432e+02,1.000000000000000000e+00,1.070000000000000000e+02
1.608284025613332631e+02,1.000000000000000000e+00,1.070000000000000000e+02
1.585446396472822812e+02,1.000000000000000000e+00,1.070000000000000000e+02
1.606202862762912957e+02,1.000000000000000000e+00,1.070000000000000000e+02
1.596148038213950997e+02,1.000000000000000000e+00,1.070000000000000000e+02
1.566697147343076040e+02,1.000000000000000000e+00,1.070000000000000000e+02
1.567683569654215603e+02,1.000000000000000000e+00,1.070000000000000000e+02
1.590508382500316600e+02,1.000000000000000000e+00,1.070000000000000000e+02
1.598206489000489512e+02,1.000000000000000000e+00,1.070000000000000000e+02
1.598756177080550174e+02,1.000000000000000000e+00,1.070000000000000000e+02
1.620871999873845937e+02,1.000000000000000000e+00,1.070000000000000000e+02
1.606814349429610616e+02,1.000000000000000000e+00,1.070000000000000000e+02
1.584089844953561510e+02,1.000000000000000000e+00,1.070000000000000000e+02
1.562799425377533851e+02,1.000000000000000000e+00,1.070000000000000000e+02
1.552160226481588552e+02,1.000000000000000000e+00,1.070000000000000000e+02
1.589216599382210688e+02,1.000000000000000000e+00,1.070000000000000000e+02
1.582764241323257579e+02,1.000000000000000000e+00,1.070000000000000000e+02
1.578404748020851116e+02,1.000000000000000000e+00,1.070000000000000000e+02
1.582771242844014523e+02,1.000000000000000000e+00,1.070000000000000000e+02
1.573986294268928248e+02,1.000000000000000000e+00,1.070000000000000000e+02
1.579656156676062437e+02,1.000000000000000000e+00,1.070000000000000000e+02
1.608548219313898073e+02,1.000000000000000000e+00,1.070000000000000000e+02
1.606366354808612869e+02,1.000000000000000000e+00,1.070000000000000000e+02
1.582616135761507792e+02,1.000000000000000000e+00,1.070000000000000000e+02
1.600675490004776691e+02,1.000000000000000000e+00,1.070000000000000000e+02
1.641073924550886431e+02,1.000000000000000000e+00,1.070000000000000000e+02
1.584717658279616614e+02,1.000000000000000000e+00,1.070000000000000000e+02
1.586436639672923263e+02,1.000000000000000000e+00,1.070000000000000000e+02
1.638040827733870799e+02,1.000000000000000000e+00,1.070000000000000000e+02
1.598031677288983303e+02,1.000000000000000000e+00,1.070000000000000000e+02
1.592643500045838891e+02,1.000000000000000000e+00,1.070000000000000000e+02
1.601535113468768827e+02,1.000000000000000000e+00,1.070000000000000000e+02
1.591209300754639457e+02,1.000000000000000000e+00,1.070000000000000000e+02
1.612154177965849726e+02,1.000000000000000000e+00,1.070000000000000000e+02
1.593138477699520763e+02,1.000000000000000000e+00,1.070000000000000000e+02
1.606513968714497196e+02,1.000000000000000000e+00,1.070000000000000000e+02
1.616519312982567271e+02,1.000000000000000000e+00,1.080000000000000000e+02
1.595179500920859823e+02,1.000000000000000000e+00,1.080000000000000000e+02
1.577682816474523690e+02,1.000000000000000000e+00,1.080000000000000000e+02
1.600560971032991233e+02,1.000000000000000000e+00,1.080000000000000000e+02
1.611988018556765496e+02,1.000000000000000000e+00,1.080000000000000000e+02
1.651252633051309147e+02,1.000000000000000000e+00,1.080000000000000000e+02
1.609661401843175099e+02,1.000000000000000000e+00,1.080000000000000000e+02
1.643248911597653716e+02,1.000000000000000000e+00,1.080000000000000000e+02
1.646217327419376772e+02,1.000000000000000000e+00,1.080000000000000000e+02
1.623320887768601324e+02,1.000000000000000000e+00,1.080000000000000000e+02
1.612739297820231457e+02,1.000000000000000000e+00,1.080000000000000000e+02
1.592952241599573995e+02,1.000000000000000000e+00,1.080000000000000000e+02
1.608009354564264868e+02,1.000000000000000000e+00,1.080000000000000000e+02
1.605089904284875217e+02,1.000000000000000000e+00,1.080000000000000000e+02
1.626859803896617791e+02,1.000000000000000000e+00,1.080000000000000000e+02
1.651787732860930475e+02,1.000000000000000000e+00,1.080000000000000000e+02
1.644993974807385086e+02,1.000000000000000000e+00,1.080000000000000000e+02
1.626605497330343155e+02,1.000000000000000000e+00,1.080000000000000000e+02
1.644222506716910459e+02,1.000000000000000000e+00,1.080000000000000000e+02
1.616838735640723144e+02,1.000000000000000000e+00,1.080000000000000000e+02
1.626144580373365898e+02,1.000000000000000000e+00,1.080000000000000000e+02
1.600755426241595387e+02,1.000000000000000000e+00,1.080000000000000000e+02
1.588400950293238054e+02,1.000000000000000000e+00,1.080000000000000000e+02
1.643552972443086162e+02,1.000000000000000000e+00,1.080000000000000000e+02
1.629684527406727739e+02,1.000000000000000000e+00,1.080000000000000000e+02
1.617689534287270590e+02,1.000000000000000000e+00,1.080000000000000000e+02
1.631138704600373615e+02,1.000000000000000000e+00,1.080000000000000000e+02
1.652559383965377720e+02,1.000000000000000000e+00,1.080000000000000000e+02
1.625951946482893220e+02,1.000000000000000000e+00,1.080000000000000000e+02
1.641247639481006786e+02,1.000000000000000000e+00,1.080000000000000000e+02
1.627108421670430687e+02,1.000000000000000000e+00,1.080000000000000000e+02
1.647917532996364685e+02,1.000000000000000000e+00,1.080000000000000000e+02
1.630007784697855300e+02,1.000000000000000000e+00,1.080000000000000000e+02
1.645296045515602827e+02,1.000000000000000000e+00,1.080000000000000000e+02
1.640509590417984214e+02,1.000000000000000000e+00,1.080000000000000000e+02
1.621961944931709638e+02,1.000000000000000000e+00,1.080000000000000000e+02
1.664421205807624062e+02,1.000000000000000000e+00,1.080000000000000000e+02
1.638854232309342365e+02,1.000000000000000000e+00,1.080000000000000000e+02
1.653177001542458129e+02,1.000000000000000000e+00,1.080000000000000000e+02
1.652708132489502759e+02,1.000000000000000000e+00,1.080000000000000000e+02
1.648117023581362730e+02,1.000000000000000000e+00,1.080000000000000000e+02
1.646508662372181391e+02,1.000000000000000000e+00,1.080000000000000000e+02
1.666580940700894757e+02,1.000000000000000000e+00,1.080000000000000000e+02
1.640363260300700574e+02,1.000000000000000000e+00,1.080000000000000000e+02
1.651525269674754099e+02,1.000000000000000000e+00,1.080000000000000000e+02
1.650199258394037543e+02,1.000000000000000000e+00,1.090000000000000000e+02
1.670390065731335199e+02,1.000000000000000000e+00,1.090000000000000000e+02
1.686162876025943547e+02,1.000000000000000000e+00,1.090000000000000000e+02
1.655518849784018585e+02,1.000000000000000000e+00,1.090000000000000000e+02
1.656321924919101320e+02,1.000000000000000000e+00,1.090000000000000000e+02
1.672934209931690930e+02,1.000000000000000000e+00,1.090000000000000000e+02
1.667109448984462290e+02,1.000000000000000000e+00,1.090000000000000000e+02
1.628654215152666040e+02,1.000000000000000000e+00,1.090000000000000000e+02
1.676718145468564103e+02,1.000000000000000000e+00,1.090000000000000000e+02
1.691046787607020860e+02,1.000000000000000000e+00,1.090000000000000000e+02
1.642974982229945056e+02,1.000000000000000000e+00,1.090000000000000000e+02
1.690317270472823168e+02,1.000000000000000000e+00,1.090000000000000000e+02
1.654695723902902955e+02,1.000000000000000000e+00,1.090000000000000000e+02
1.672488827388203561e+02,1.000000000000000000e+00,1.090000000000000000e+02
1.672576599428429631e+02,1.000000000000000000e+00,1.090000000000000000e+02
1.675601290029436825e+02,1.000000000000000000e+00,1.090000000000000000e+02
1.653310669474182077e+02,1.000000000000000000e+00,1.090000000000000000e+02
1.678203453182115652e+02,1.000000000000000000e+00,1.090000000000000000e+02
1.678468557192688309e+02,1.000000000000000000e+00,1.090000000000000000e+02
1.682699057901999140e+02,1.000000000000000000e+00,1.090000000000000000e+02
1.693598801268577176e+02,1.000000000000000000e+00,1.090000000000000000e+02
1.655219862513332316e+02,1.000000000000000000e+00,1.090000000000000000e+02
1.635730800943237000e+02,1.000000000000000000e+00,1.090000000000000000e+02
1.671307601447489333e+02,1.000000000000000000e+00,1.090000000000000000e+02
1.673776844682449223e+02,1.000000000000000000e+00,1.090000000000000000e+02
1.690968562746787427e+02,1.000000000000000000e+00,1.090000000000000000e+02
1.693702376200950255e+02,1.000000000000000000e+00,1.090000000000000000e+02
1.656239807148506316e+02,1.000000000000000000e+00,1.090000000000000000e+02
1.653811856869041321e+02,1.000000000000000000e+00,1.090000000000000000e+02
1.671685776636118703e+02,1.000000000000000000e+00,1.090000000000000000e+02
1.659774955068787676e+02,1.000000000000000000e+00,1.090000000000000000e+02
1.669956240531254821e+02,1.000000000000000000e+00,1.090000000000000000e+02
1.678405661755333824e+02,1.000000000000000000e+00,1.090000000000000000e+02
1.687850685714511485e+02,1.000000000000000000e+00,1.090000000000000000e+02
1.698469813250861193e+02,1.000000000000000000e+00,1.090000000000000000e+02
1.699140905803114663e+02,1.000000000000000000e+00,1.090000000000000000e+02
1.700989182162313966e+02,1.000000000000000000e+00,1.090000000000000000e+02
1.677048867546537281e+02,1.000000000000000000e+00,1.090000000000000000e+02
1.666887108579816754e+02,1.000000000000000000e+00,1.090000000000000000e+02
1.693123240714141957e+02,1.000000000000000000e+00,1.090000000000000000e+02
1.693966531560324995e+02,1.000000000000000000e+00,1.090000000000000000e+02
1.672189817617366714e+02,1.000000000000000000e+00,1.090000000000000000e+02
1.701956693785898835e+02,1.000000000000000000e+00,1.090000000000000000e+02
1.665721012130959480e+02,1.000000000000000000e+00,1.090000000000000000e+02
1.688946197873742108e+02,1.000000000000000000e+00,1.100000000000000000e+02
1.701657464504889390e+02,1.000000000000000000e+00,1.100000000000000000e+02
1.683289248910950846e+02,1.000000000000000000e+00,1.100000000000000000e+02
1.710031594028240249e+02,1.000000000000000000e+00,1.100000000000000000e+02
1.722518870853521094e+02,1.000000000000000000e+00,1.100000000000000000e+02
1.708615216089775402e+02,1.000000000000000000e+00,1.100000000000000000e+02
1.738960990326623914e+02,1.000000000000000000e+00,1.100000000000000000e+02
1.713473875893208174e+02,1.000000000000000000e+00,1.100000000000000000e+02
1.722216259952382700e+02,1.000000000000000000e+00,1.100000000000000000e+02
1.702419766989168011e+02,1.000000000000000000e+00,1.100000000000000000e+02
1.654046762515797013e+02,1.000000000000000000e+00,1.100000000000000000e+02
1.702916609551549243e+02,1.000000000000000000e+00,1.100000000000000000e+02
1.734753719479488723e+02,1.000000000000000000e+00,1.100000000000000000e+02
1.754169916227265844e+02,1.000000000000000000e+00,1.100000000000000000e+02
1.749088483468747768e+02,1.000000000000000000e+00,1.100000000000000000e+02
1.707153553685907355e+02,1.000000000000000000e+00,1.100000000000000000e+02
1.751254848310443322e+02,1.000000000000000000e+00,1.100000000000000000e+02
1.715639600484690561e+02,1.000000000000000000e+00,1.100000000000000000e+02
1.699699839089162765e+02,1.000000000000000000e+00,1.100000000000000000e+02
1.741301487505775185e+02,1.000000000000000000e+00,1.100000000000000000e+02
1.673250099178249855e+02,1.000000000000000000e+00,1.100000000000000000e+02
1.702654161631118654e+02,1.000000000000000000e+00,1.100000000000000000e+02
1.744869511885934230e+02,1.000000000000000000e+00,1.100000000000000000e+02
1.724273176808522692e+02,1.000000000000000000e+00,1.100000000000000000e+02
1.704758209109113238e+02,1.000000000000000000e+00,1.100000000000000000e+02
1.721972355334072518e+02,1.000000000000000000e+00,1.100000000000000000e+02
1.720737630653322867e+02,1.000000000000000000e+00,1.100000000000000000e+02
1.724518661109157733e+02,1.000000000000000000e+00,1.100000000000000000e+02
1.731527402766909063e+02,1.000000000000000000e+00,1.100000000000000000e+02
1.735015326378481291e+02,1.000000000000000000e+00,1.100000000000000000e+02
1.734816898781313341e+02,1.000000000000000000e+00,1.100000000000000000e+02
1.743692085414943733e+02,1.000000000000000000e+00,1.100000000000000000e+02
1.715516100746465611e+02,1.000000000000000000e+00,1.100000000000000000e+02
1.717131196956922281e+02,1.000000000000000000e+00,1.100000000000000000e+02
1.756028987685037350e+02,1.000000000000000000e+00,1.100000000000000000e+02
1.711533630088464690e+02,1.000000000000000000e+00,1.100000000000000000e+02
1.681508629365706611e+02,1.000000000000000000e+00,1.100000000000000000e+02
1.763916986004981311e+02,1.000000000000000000e+00,1.100000000000000000e+02
1.720194657708240413e+02,1.000000000000000000e+00,1.100000000000000000e+02
1.711303439114930995e+02,1.000000000000000000e+00,1.100000000000000000e+02
1.707892740287630033e+02,1.000000000000000000e+00,1.100000000000000000e+02
1.749572273706136230e+02,1.000000000000000000e+00,1.100000000000000000e+02
1.741467635573918926e+02,1.000000000000000000e+00,1.100000000000000000e+02
1.747002690384562982e+02,1.000000000000000000e+00,1.100000000000000000e+02
1.704757001335873383e+02,1.000000000000000000e+00,1.100000000000000000e+02
1.739395409542713651e+02,1.000000000000000000e+00,1.110000000000000000e+02
1.756269479172129877e+02,1.000000000000000000e+00,1.110000000000000000e+02
1.754398574697099775e+02,1.000000000000000000e+00,1.110000000000000000e+02
1.745955629172319163e+02,1.000000000000000000e+00,1.110000000000000000e+02
1.743861146889187239e+02,1.000000000000000000e+00,1.110000000000000000e+02
1.771916390084110731e+02,1.000000000000000000e+00,1.110000000000000000e+02
1.762936915405245486e+02,1.000000000000000000e+00,1.110000000000000000e+02
1.738575163945464226e+02,1.000000000000000000e+00,1.110000000000000000e+02
1.739308032529181958e+02,1.000000000000000000e+00,1.110000000000000000e+02
1.774097123851563822e+02,1.000000000000000000e+00,1.110000000000000000e+02
1.732373906297801796e+02,1.000000000000000000e+00,1.110000000000000000e+02
1.774920279260458358e+02,1.000000000000000000e+00,1.110000000000000000e+02
1.755649285092856644e+02,1.000000000000000000e+00,1.110000000000000000e+02
1.737017787094931975e+02,1.000000000000000000e+00,1.110000000000000000e+02
1.751040108220664138e+02,1.000000000000000000e+00,1.110000000000000000e+02
1.741256668612045928e+02,1.000000000000000000e+00,1.110000000000000000e+02
1.735573345162976011e+02,1.000000000000000000e+00,1.110000000000000000e+02
1.737601879740840332e+02,1.000000000000000000e+00,1.110000000000000000e+02
1.752563259665224678e+02,1.000000000000000000e+00,1.110000000000000000e+02
1.739042572238772948e+02,1.000000000000000000e+00,1.110000000000000000e+02
1.775368705444468844e+02,1.000000000000000000e+00,1.110000000000000000e+02
1.734343877184193730e+02,1.000000000000000000e+00,1.110000000000000000e+02
1.765007054178585690e+02,1.000000000000000000e+00,1.110000000000000000e+02
1.756218228066665574e+02,1.000000000000000000e+00,1.110000000000000000e+02
1.781217124768287476e+02,1.000000000000000000e+00,1.110000000000000000e+02
1.762852050463328624e+02,1.000000000000000000e+00,1.110000000000000000e+02
1.772032675636037879e+02,1.000000000000000000e+00,1.110000000000000000e+02
1.764025221710692790e+02,1.000000000000000000e+00,1.110000000000000000e+02
1.759008029652408140e+02,1.000000000000000000e+00,1.110000000000000000e+02
1.761637866724182118e+02,1.000000000000000000e+00,1.110000000000000000e+02
1.776747988288767033e+02,1.000000000000000000e+00,1.110000000000000000e+02
1.745179808327644650e+02,1.000000000000000000e+00,1.110000000000000000e+02
1.812163970739793513e+02,1.000000000000000000e+00,1.110000000000000000e+02
1.790460235930139561e+02,1.000000000000000000e+00,1.110000000000000000e+02
1.743697980404910197e+02,1.000000000000000000e+00,1.110000000000000000e+02
1.776948262786381179e+02,1.000000000000000000e+00,1.110000000000000000e+02
1.795438712955366896e+02,1.000000000000000000e+00,1.110000000000000000e+02
1.793321554328720140e+02,1.000000000000000000e+00,1.110000000000000000e+02
1.747402338080243851e+02,1.000000000000000000e+00,1.110000000000000000e+02
1.777455448447927893e+02,1.000000000000000000e+00,1.110000000000000000e+02
1.814566010722205647e+02,1.000000000000000000e+00,1.110000000000000000e+02
1.775102270522602623e+02,1.000000000000000000e+00,1.110000000000000000e+02
1.777016498247799348e+02,1.000000000000000000e+00,1.110000000000000000e+02
1.750250336150793089e+02,1.000000000000000000e+00,1.110000000000000000e+02
1.778561197349224017e+02,1.000000000000000000e+00,1.120000000000000000e+02
1.785050059275821468e+02,1.000000000000000000e+00,1.120000000000000000e+02
1.787798613013392242e+02,1.000000000000000000e+00,1.120000000000000000e+02
1.771816223486954982e+02,1.000000000000000000e+00,1.120000000000000000e+02
1.787246028548995582e+02,1.000000000000000000e+00,1.120000000000000000e+02
1.814438631552924335e+02,1.000000000000000000e+00,1.120000000000000000e+02
1.776377652472433510e+02,1.000000000000000000e+00,1.120000000000000000e+02
1.795684416375298724e+02,1.000000000000000000e+00,1.120000000000000000e+02
1.768980577268256695e+02,1.000000000000000000e+00,1.120000000000000000e+02
1.796214117849423246e+02,1.000000000000000000e+00,1.120000000000000000e+02
1.786777089008429016e+02,1.000000000000000000e+00,1.120000000000000000e+02
1.789076747514222347e+02,1.000000000000000000e+00,1.120000000000000000e+02
1.797131701399255803e+02,1.000000000000000000e+00,1.120000000000000000e+02
1.804104751517144223e+02,1.000000000000000000e+00,1.120000000000000000e+02
1.765087748731822899e+02,1.000000000000000000e+00,1.120000000000000000e+02
1.841894451525518548e+02,1.000000000000000000e+00,1.120000000000000000e+02
1.808662643580337885e+02,1.000000000000000000e+00,1.120000000000000000e+02
1.803058458165673130e+02,1.000000000000000000e+00,1.120000000000000000e+02
1.809223623510537209e+02,1.000000000000000000e+00,1.120000000000000000e+02
1.819303907943832996e+02,1.000000000000000000e+00,1.120000000000000000e+02
1.802059563192745202e+02,1.000000000000000000e+00,1.120000000000000000e+02
1.819260673207474497e+02,1.000000000000000000e+00,1.120000000000000000e+02
1.815491710667534448e+02,1.000000000000000000e+00,1.120000000000000000e+02
1.830607115476363447e+02,1.000000000000000000e+00,1.120000000000000000e+02
1.782769374849713699e+02,1.000000000000000000e+00,1.120000000000000000e+02
1.815279628946074411e+02,1.000000000000000000e+00,1.120000000000000000e+02
1.816114738761341130e+02,1.000000000000000000e+00,1.120000000000000000e+02
1.843651233933861988e+02,1.000000000000000000e+00,1.120000000000000000e+02
1.834967556927508099e+02,1.000000000000000000e+00,1.120000000000000000e+02
1.802469798837706776e+02,1.000000000000000000e+00,1.120000000000000000e+02
1.799312808832021915e+02,1.000000000000000000e+00,1.120000000000000000e+02
1.801810881985509809e+02,1.000000000000000000e+00,1.120000000000000000e+02
1.757341013539866310e+02,1.000000000000000000e+00,1.120000000000000000e+02
1.814845025755345205e+02,1.000000000000000000e+00,1.120000000000000000e+02
1.809785744236218648e+02,1.000000000000000000e+00,1.120000000000000000e+02
1.828247165387713267e+02,1.000000000000000000e+00,1.120000000000000000e+02
1.817561245992857550e+02,1.000000000000000000e+00,1.120000000000000000e+02
1.822302370440915524e+02,1.000000000000000000e+00,1.120000000000000000e+02
1.761120057788223221e+02,1.000000000000000000e+00,1.120000000000000000e+02
1.787762680250086191e+02,1.000000000000000000e+00,1.120000000000000000e+02
1.829775235810834602e+02,1.000000000000000000e+00,1.120000000000000000e+02
1.787961712946228090e+02,1.000000000000000000e+00,1.120000000000000000e+02
1.824362161309265389e+02,1.000000000000000000e+00,1.120000000000000000e+02
1.790597021464421346e+02,1.000000000000000000e+00,1.120000000000000000e+02
1.808273496918255887e+02,1.000000000000000000e+00,1.120000000000000000e+02
1.835502557388481364e+02,1.000000000000000000e+00,1.130000000000000000e+02
1.846812822533206031e+02,1.000000000000000000e+00,1.130000000000000000e+02
1.845165161292302400e+02,1.000000000000000000e+00,1.130000000000000000e+02
1.817156280218268876e+02,1.000000000000000000e+00,1.130000000000000000e+02
1.838513751772949263e+02,1.000000000000000000e+00,1.130000000000000000e+02
1.817156880832835100e+02,1.000000000000000000e+00,1.130000000000000000e+02
1.831991962416408342e+02,1.000000000000000000e+00,1.130000000000000000e+02
1.836743439016598813e+02,1.000000000000000000e+00,1.130000000000000000e+02
1.839215222473588653e+02,1.000000000000000000e+00,1.130000000000000000e+02
1.797945733297273989e+02,1.000000000000000000e+00,1.130000000000000000e+02
1.836450252111028476e+02,1.000000000000000000e+00,1.130000000000000000e+02
1.875400099876422360e+02,1.000000000000000000e+00,1.130000000000000000e+02
1.820964301711852329e+02,1.000000000000000000e+00,1.130000000000000000e+02
1.815377343888694952e+02,1.000000000000000000e+00,1.130000000000000000e+02
1.883407543091070693e+02,1.000000000000000000e+00,1.130000000000000000e+02
1.848734537714541943e+02,1.000000000000000000e+00,1.130000000000000000e+02
1.812896939547765669e+02,1.000000000000000000e+00,1.130000000000000000e+02
1.829347492582226380e+02,1.000000000000000000e+00,1.130000000000000000e+02
1.853632369630024641e+02,1.000000000000000000e+00,1.130000000000000000e+02
1.854355775078003035e+02,1.000000000000000000e+00,1.130000000000000000e+02
1.855112074668293189e+02,1.000000000000000000e+00,1.130000000000000000e+02
1.856375337258693037e+02,1.000000000000000000e+00,1.130000000000000000e+02
1.834445690159189439e+02,1.000000000000000000e+00,1.130000000000000000e+02
1.834995269149720798e+02,1.000000000000000000e+00,1.130000000000000000e+02
1.839346075414234178e+02,1.000000000000000000e+00,1.130000000000000000e+02
1.835583686588124692e+02,1.000000000000000000e+00,1.130000000000000000e+02
1.855807393292207621e+02,1.000000000000000000e+00,1.130000000000000000e+02
1.869550600731877807e+02,1.000000000000000000e+00,1.130000000000000000e+02
1.878076429617449890e+02,1.000000000000000000e+00,1.130000000000000000e+02
1.860972003217042641e+02,1.000000000000000000e+00,1.130000000000000000e+02
1.827467926481508016e+02,1.000000000000000000e+00,1.130000000000000000e+02
1.834000860937297546e+02,1.000000000000000000e+00,1.130000000000000000e+02
1.849144639029365749e+02,1.000000000000000000e+00,1.130000000000000000e+02
1.839425307589464751e+02,1.000000000000000000e+00,1.130000000000000000e+02
1.869534960451357506e+02,1.000000000000000000e+00,1.130000000000000000e+02
1.869753247431318073e+02,1.000000000000000000e+00,1.130000000000000000e+02
1.865370761412811476e+02,1.000000000000000000e+00,1.130000000000000000e+02
1.822619565952765583e+02,1.000000000000000000e+00,1.130000000000000000e+02
1.868260809364434181e+02,1.000000000000000000e+00,1.130000000000000000e+02
1.839764578710706928e+02,1.000000000000000000e+00,1.130000000000000000e+02
1.849236818362506938e+02,1.000000000000000000e+00,1.130000000000000000e+02
1.881072057740719288e+02,1.000000000000000000e+00,1.130000000000000000e+02
1.865660684406974497e+02,1.000000000000000000e+00,1.130000000000000000e+02
1.847710737329242932e+02,1.000000000000000000e+00,1.130000000000000000e+02
1.852707837187270741e+02,1.000000000000000000e+00,1.140000000000000000e+02
1.848443361164001146e+02,1.000000000000000000e+00,1.140000000000000000e+02
1.829950345356149626e+02,1.000000000000000000e+00,1.140000000000000000e+02
1.862528512054236103e+02,1.000000000000000000e+00,1.140000000000000000e+02
1.870502418960143132e+02,1.000000000000000000e+00,1.140000000000000000e+02
1.885657888019914594e+02,1.000000000000000000e+00,1.140000000000000000e+02
1.850222159359396699e+02,1.000000000000000000e+00,1.140000000000000000e+02
1.854878382531625221e+02,1.000000000000000000e+00,1.140000000000000000e+02
1.872653560891493782e+02,1.000000000000000000e+00,1.140000000000000000e+02
1.879702998294187068e+02,1.000000000000000000e+00,1.140000000000000000e+02
1.875743369894334478e+02,1.000000000000000000e+00,1.140000000000000000e+02
1.892595941877090695e+02,1.000000000000000000e+00,1.140000000000000000e+02
1.830621163447405593e+02,1.000000000000000000e+00,1.140000000000000000e+02
1.899590423690009686e+02,1.000000000000000000e+00,1.140000000000000000e+02
1.894046797776230733e+02,1.000000000000000000e+00,1.140000000000000000e+02
1.879349971455259549e+02,1.000000000000000000e+00,1.140000000000000000e+02
1.881576844328199059e+02,1.000000000000000000e+00,1.140000000000000000e+02
1.844603532115711175e+02,1.000000000000000000e+00,1.140000000000000000e+02
1.884530979286012666e+02,1.000000000000000000e+00,1.140000000000000000e+02
1.898349890121893395e+02,1.000000000000000000e+00,1.140000000000000000e+02
1.892059961105340449e+02,1.000000000000000000e+00,1.140000000000000000e+02
1.876775055289626835e+02,1.000000000000000000e+00,1.140000000000000000e+02
1.840978589148321589e+02,1.000000000000000000e+00,1.140000000000000000e+02
1.877650517825719874e+02,1.000000000000000000e+00,1.140000000000000000e+02
1.890810871933304043e+02,1.000000000000000000e+00,1.140000000000000000e+02
1.900381315494813350e+02,1.000000000000000000e+00,1.140000000000000000e+02
1.822174566879293138e+02,1.000000000000000000e+00,1.140000000000000000e+02
1.876072209501049315e+02,1.000000000000000000e+00,1.140000000000000000e+02
1.867298616137547924e+02,1.000000000000000000e+00,1.140000000000000000e+02
1.871630661004362821e+02,1.000000000000000000e+00,1.140000000000000000e+02
1.898758247917820654e+02,1.000000000000000000e+00,1.140000000000000000e+02
1.895460207813522686e+02,1.000000000000000000e+00,1.140000000000000000e+02
1.876169604163802944e+02,1.000000000000000000e+00,1.140000000000000000e+02
1.883546961693513140e+02,1.000000000000000000e+00,1.140000000000000000e+02
1.866605287066002177e+02,1.000000000000000000e+00,1.140000000000000000e+02
1.886773562888477898e+02,1.000000000000000000e+00,1.140000000000000000e+02
1.878901292518954733e+02,1.000000000000000000e+00,1.140000000000000000e+02
1.854539379564592991e+02,1.000000000000000000e+00,1.140000000000000000e+02
1.852087112330713694e+02,1.000000000000000000e+00,1.140000000000000000e+02
1.870009397520428251e+02,1.000000000000000000e+00,1.140000000000000000e+02
1.909108375856715725e+02,1.000000000000000000e+00,1.140000000000000000e+02
1.901593424533028838e+02,1.000000000000000000e+00,1.140000000000000000e+02
1.876164582228672089e+02,1.000000000000000000e+00,1.140000000000000000e+02
1.913912813662533381e+02,1.000000000000000000e+00,1.140000000000000000e+02
1.881400024707087084e+02,1.000000000000000000e+00,1.140000000000000000e+02
1.880769419666513045e+02,1.000000000000000000e+00,1.150000000000000000e+02
1.879481700308515428e+02,1.000000000000000000e+00,1.150000000000000000e+02
1.889357831608743936e+02,1.000000000000000000e+00,1.150000000000000000e+02
1.894204272530109563e+02,1.000000000000000000e+00,1.150000000000000000e+02
1.913217100451923613e+02,1.000000000000000000e+00,1.150000000000000000e+02
1.888070189624811519e+02,1.000000000000000000e+00,1.150000000000000000e+02
1.874607063002855512e+02,1.000000000000000000e+00,1.150000000000000000e+02
1.895180867329247008e+02,1.000000000000000000e+00,1.150000000000000000e+02
1.918097510322832022e+02,1.000000000000000000e+00,1.150000000000000000e+02
1.901960165411099695e+02,1.000000000000000000e+00,1.150000000000000000e+02
1.916791666692614058e+02,1.000000000000000000e+00,1.150000000000000000e+02
1.891985501515251258e+02,1.000000000000000000e+00,1.150000000000000000e+02
1.932072585069435036e+02,1.000000000000000000e+00,1.150000000000000000e+02
1.873691513073540875e+02,1.000000000000000000e+00,1.150000000000000000e+02
1.880452462950133850e+02,1.000000000000000000e+00,1.150000000000000000e+02
1.903042338704735243e+02,1.000000000000000000e+00,1.150000000000000000e+02
1.880044087437517817e+02,1.000000000000000000e+00,1.150000000000000000e+02
1.900192595884810203e+02,1.000000000000000000e+00,1.150000000000000000e+02
1.939031479917576917e+02,1.000000000000000000e+00,1.150000000000000000e+02
1.928898612862965081e+02,1.000000000000000000e+00,1.150000000000000000e+02
1.914915768054944465e+02,1.000000000000000000e+00,1.150000000000000000e+02
1.886595354875507269e+02,1.000000000000000000e+00,1.150000000000000000e+02
1.890721269307051671e+02,1.000000000000000000e+00,1.150000000000000000e+02
1.904230047985372494e+02,1.000000000000000000e+00,1.150000000000000000e+02
1.917788582763173224e+02,1.000000000000000000e+00,1.150000000000000000e+02
1.868286630650159736e+02,1.000000000000000000e+00,1.150000000000000000e+02
1.895430977807211548e+02,1.000000000000000000e+00,1.150000000000000000e+02
1.886041065464204678e+02,1.000000000000000000e+00,1.150000000000000000e+02
1.923896509169070725e+02,1.000000000000000000e+00,1.150000000000000000e+02
1.912911519816829582e+02,1.000000000000000000e+00,1.150000000000000000e+02
1.912480509405018836e+02,1.000000000000000000e+00,1.150000000000000000e+02
1.929476702742912835e+02,1.000000000000000000e+00,1.150000000000000000e+02
1.915058856994787675e+02,1.000000000000000000e+00,1.150000000000000000e+02
1.902236916184530742e+02,1.000000000000000000e+00,1.150000000000000000e+02
1.926527187806197503e+02,1.000000000000000000e+00,1.150000000000000000e+02
1.896857236429000295e+02,1.000000000000000000e+00,1.150000000000000000e+02
1.928675105736963928e+02,1.000000000000000000e+00,1.150000000000000000e+02
1.923849804007371063e+02,1.000000000000000000e+00,1.150000000000000000e+02
1.908800732957195692e+02,1.000000000000000000e+00,1.150000000000000000e+02
1.936193142677880132e+02,1.000000000000000000e+00,1.150000000000000000e+02
1.887583647360476107e+02,1.000000000000000000e+00,1.150000000000000000e+02
1.880317491639675325e+02,1.000000000000000000e+00,1.150000000000000000e+02
1.912145076010487799e+02,1.000000000000000000e+00,1.150000000000000000e+02
1.898210784892102083e+02,1.000000000000000000e+00,1.150000000000000000e+02
1.902406802943037007e+02,1.000000000000000000e+00,1.160000000000000000e+02
1.949193764690589319e+02,1.000000000000000000e+00,1.160000000000000000e+02
1.897679480771191152e+02,1.000000000000000000e+00,1.160000000000000000e+02
1.932387647354177034e+02,1.000000000000000000e+00,1.160000000000000000e+02
1.916123680387528339e+02,1.000000000000000000e+00,1.160000000000000000e+02
1.962132224563692660e+02,1.000000000000000000e+00,1.160000000000000000e+02
1.935705152256360861e+02,1.000000000000000000e+00,1.160000000000000000e+02
1.913834106373773807e+02,1.000000000000000000e+00,1.160000000000000000e+02
1.920297660433768101e+02,1.000000000000000000e+00,1.160000000000000000e+02
1.903274371385270456e+02,1.000000000000000000e+00,1.160000000000000000e+02
1.922494447498774548e+02,1.000000000000000000e+00,1.160000000000000000e+02
1.937875702344405227e+02,1.000000000000000000e+00,1.160000000000000000e+02
1.951377808031572272e+02,1.000000000000000000e+00,1.160000000000000000e+02
1.930230305353056792e+02,1.000000000000000000e+00,1.160000000000000000e+02
1.902209028066709777e+02,1.000000000000000000e+00,1.160000000000000000e+02
1.929636723944601613e+02,1.000000000000000000e+00,1.160000000000000000e+02
1.938790582212974130e+02,1.000000000000000000e+00,1.160000000000000000e+02
1.952222276958065663e+02,1.000000000000000000e+00,1.160000000000000000e+02
1.941337227383108939e+02,1.000000000000000000e+00,1.160000000000000000e+02
1.948392452197656439e+02,1.000000000000000000e+00,1.160000000000000000e+02
1.962850139262366156e+02,1.000000000000000000e+00,1.160000000000000000e+02
1.949357765495688000e+02,1.000000000000000000e+00,1.160000000000000000e+02
1.928018973214407197e+02,1.000000000000000000e+00,1.160000000000000000e+02
1.952206289779291524e+02,1.000000000000000000e+00,1.160000000000000000e+02
1.934988407783672528e+02,1.000000000000000000e+00,1.160000000000000000e+02
1.930245168401441447e+02,1.000000000000000000e+00,1.160000000000000000e+02
1.912333150457191095e+02,1.000000000000000000e+00,1.160000000000000000e+02
1.950996217250519749e+02,1.000000000000000000e+00,1.160000000000000000e+02
1.934983570666360038e+02,1.000000000000000000e+00,1.160000000000000000e+02
1.962861343136621315e+02,1.000000000000000000e+00,1.160000000000000000e+02
1.914659209634325521e+02,1.000000000000000000e+00,1.160000000000000000e+02
1.926040423207585377e+02,1.000000000000000000e+00,1.160000000000000000e+02
1.931655566329300768e+02,1.000000000000000000e+00,1.160000000000000000e+02
1.954483743646482594e+02,1.000000000000000000e+00,1.160000000000000000e+02
1.943478338270232939e+02,1.000000000000000000e+00,1.160000000000000000e+02
1.940041000173571888e+02,1.000000000000000000e+00,1.160000000000000000e+02
1.926225002180272554e+02,1.000000000000000000e+00,1.160000000000000000e+02
1.916722555086884086e+02,1.000000000000000000e+00,1.160000000000000000e+02
1.924856602757356256e+02,1.000000000000000000e+00,1.160000000000000000e+02
1.970584882153412423e+02,1.000000000000000000e+00,1.160000000000000000e+02
1.957004607725321250e+02,1.000000000000000000e+00,1.160000000000000000e+02
1.957504079547207994e+02,1.000000000000000000e+00,1.160000000000000000e+02
1.923286735646799457e+02,1.000000000000000000e+00,1.160000000000000000e+02
1.980794761734419467e+02,1.000000000000000000e+00,1.160000000000000000e+02
1.935090501229647941e+02,1.000000000000000000e+00,1.170000000000000000e+02
1.950667138693498543e+02,1.000000000000000000e+00,1.170000000000000000e+02
1.963167652816002828e+02,1.000000000000000000e+00,1.170000000000000000e+02
1.974850209617143264e+02,1.000000000000000000e+00,1.170000000000000000e+02
1.942107054340684158e+02,1.000000000000000000e+00,1.170000000000000000e+02
1.957817693153181153e+02,1.000000000000000000e+00,1.170000000000000000e+02
1.957719654529205400e+02,1.000000000000000000e+00,1.170000000000000000e+02
1.950309822824320349e+02,1.000000000000000000e+00,1.170000000000000000e+02
1.945685476956664957e+02,1.000000000000000000e+00,1.170000000000000000e+02
1.936987859844911668e+02,1.000000000000000000e+00,1.170000000000000000e+02
1.926871567460594861e+02,1.000000000000000000e+00,1.170000000000000000e+02
1.954904983348697556e+02,1.000000000000000000e+00,1.170000000000000000e+02
1.964442432867409138e+02,1.000000000000000000e+00,1.170000000000000000e+02
1.941030312178123154e+02,1.000000000000000000e+00,1.170000000000000000e+02
1.940352900829973066e+02,1.000000000000000000e+00,1.170000000000000000e+02
1.960605353180336579e+02,1.000000000000000000e+00,1.170000000000000000e+02
1.978513013595100460e+02,1.000000000000000000e+00,1.170000000000000000e+02
1.954123748306860762e+02,1.000000000000000000e+00,1.170000000000000000e+02
1.923547497593464186e+02,1.000000000000000000e+00,1.170000000000000000e+02
1.956317986484581013e+02,1.000000000000000000e+00,1.170000000000000000e+02
1.939281943742555825e+02,1.000000000000000000e+00,1.170000000000000000e+02
1.975112751711175463e+02,1.000000000000000000e+00,1.170000000000000000e+02
1.997574567718536116e+02,1.000000000000000000e+00,1.170000000000000000e+02
1.945230488381216105e+02,1.000000000000000000e+00,1.170000000000000000e+02
1.943469265685245091e+02,1.000000000000000000e+00,1.170000000000000000e+02
1.935818279988668564e+02,1.000000000000000000e+00,1.170000000000000000e+02
1.953553677325684816e+02,1.000000000000000000e+00,1.170000000000000000e+02
1.931256461555496458e+02,1.000000000000000000e+00,1.170000000000000000e+02
1.955502799827343665e+02,1.000000000000000000e+00,1.170000000000000000e+02
1.960049561754426577e+02,1.000000000000000000e+00,1.170000000000000000e+02
1.955805885371451041e+02,1.000000000000000000e+00,1.170000000000000000e+02
1.986709133236258253e+02,1.000000000000000000e+00,1.170000000000000000e+02
1.954142233760096303e+02,1.000000000000000000e+00,1.170000000000000000e+02
1.965295419417723224e+02,1.000000000000000000e+00,1.170000000000000000e+02
1.940537608286227282e+02,1.000000000000000000e+00,1.170000000000000000e+02
1.908199344039328480e+02,1.000000000000000000e+00,1.170000000000000000e+02
1.959539891771477471e+02,1.000000000000000000e+00,1.170000000000000000e+02
1.954715701374863102e+02,1.000000000000000000e+00,1.170000000000000000e+02
1.983690868869917097e+02,1.000000000000000000e+00,1.170000000000000000e+02
1.944340065444916377e+02,1.000000000000000000e+00,1.170000000000000000e+02
1.939413103528304418e+02,1.000000000000000000e+00,1.170000000000000000e+02
1.935265526434750996e+02,1.000000000000000000e+00,1.170000000000000000e+02
1.967419910107462329e+02,1.000000000000000000e+00,1.170000000000000000e+02
1.950486918404461392e+02,1.000000000000000000e+00,1.170000000000000000e+02
1.950931734008545106e+02,1.000000000000000000e+00,1.170000000000000000e+02
1.959881720805777263e+02,1.000000000000000000e+00,1.180000000000000000e+02
1.981406192907237198e+02,1.000000000000000000e+00,1.180000000000000000e+02
1.984026066528428203e+02,1.000000000000000000e+00,1.180000000000000000e+02
1.972848940066069190e+02,1.000000000000000000e+00,1.180000000000000000e+02
1.943429454906261071e+02,1.000000000000000000e+00,1.180000000000000000e+02
1.941249969744652333e+02,1.000000000000000000e+00,1.180000000000000000e+02
1.994414709058332562e+02,1.000000000000000000e+00,1.180000000000000000e+02
1.980542652751913693e+02,1.000000000000000000e+00,1.180000000000000000e+02
1.998311925918256691e+02,1.000000000000000000e+00,1.180000000000000000e+02
1.979458259622829530e+02,1.000000000000000000e+00,1.180000000000000000e+02
1.938286283708096107e+02,1.000000000000000000e+00,1.180000000000000000e+02
1.931031625975062411e+02,1.000000000000000000e+00,1.180000000000000000e+02
1.976346555426891314e+02,1.000000000000000000e+00,1.180000000000000000e+02
1.953475783587822150e+02,1.000000000000000000e+00,1.180000000000000000e+02
1.998141081368476080e+02,1.000000000000000000e+00,1.180000000000000000e+02
1.958887670444162268e+02,1.000000000000000000e+00,1.180000000000000000e+02
2.001790269474870740e+02,1.000000000000000000e+00,1.180000000000000000e+02
1.999935663072959642e+02,1.000000000000000000e+00,1.180000000000000000e+02
1.996283938877198239e+02,1.000000000000000000e+00,1.180000000000000000e+02
1.988638517502594709e+02,1.000000000000000000e+00,1.180000000000000000e+02
1.924770506017636649e+02,1.000000000000000000e+00,1.180000000000000000e+02
2.009891072903443785e+02,1.000000000000000000e+00,1.180000000000000000e+02
1.973439742641788257e+02,1.000000000000000000e+00,1.180000000000000000e+02
1.977835363021977741e+02,1.000000000000000000e+00,1.180000000000000000e+02
1.944475352712632343e+02,1.000000000000000000e+00,1.180000000000000000e+02
1.950227853183105253e+02,1.000000000000000000e+00,1.180000000000000000e+02
1.967017935055710609e+02,1.000000000000000000e+00,1.180000000000000000e+02
1.953907933162189465e+02,1.000000000000000000e+00,1.180000000000000000e+02
1.963395720788995504e+02,1.000000000000000000e+00,1.180000000000000000e+02
1.988865769602549847e+02,1.000000000000000000e+00,1.180000000000000000e+02
1.948356025256960038e+02,1.000000000000000000e+00,1.180000000000000000e+02
1.973116754676732967e+02,1.000000000000000000e+00,1.180000000000000000e+02
1.992450519863338343e+02,1.000000000000000000e+00,1.180000000000000000e+02
1.944994631335378870e+02,1.000000000000000000e+00,1.180000000000000000e+02
1.958302072692210913e+02,1.000000000000000000e+00,1.180000000000000000e+02
1.965135715363409759e+02,1.000000000000000000e+00,1.180000000000000000e+02
2.009480064406988049e+02,1.000000000000000000e+00,1.180000000000000000e+02
1.956259122755627686e+02,1.000000000000000000e+00,1.180000000000000000e+02
2.022543314757030544e+02,1.000000000000000000e+00,1.180000000000000000e+02
1.990532978132448534e+02,1.000000000000000000e+00,1.180000000000000000e+02
1.979732350163912429e+02,1.000000000000000000e+00,1.180000000000000000e+02
2.001753405802911630e+02,1.000000000000000000e+00,1.180000000000000000e+02
1.997317940470913413e+02,1.000000000000000000e+00,1.180000000000000000e+02
1.990237408709860460e+02,1.000000000000000000e+00,1.180000000000000000e+02
1.957446387943309674e+02,1.000000000000000000e+00,1.190000000000000000e+02
2.006943098739357083e+02,1.000000000000000000e+00,1.190000000000000000e+02
1.996964699267233527e+02,1.000000000000000000e+00,1.190000000000000000e+02
1.977080234125487550e+02,1.000000000000000000e+00,1.190000000000000000e+02
2.003294819741510651e+02,1.000000000000000000e+00,1.190000000000000000e+02
2.006153120587801482e+02,1.000000000000000000e+00,1.190000000000000000e+02
1.972607212898666376e+02,1.000000000000000000e+00,1.190000000000000000e+02
1.982535043892563920e+02,1.000000000000000000e+00,1.190000000000000000e+02
1.998726232652886665e+02,1.000000000000000000e+00,1.190000000000000000e+02
2.003506440436040066e+02,1.000000000000000000e+00,1.190000000000000000e+02
2.006463279425300641e+02,1.000000000000000000e+00,1.190000000000000000e+02
1.978817701319359230e+02,1.000000000000000000e+00,1.190000000000000000e+02
2.009327764275621462e+02,1.000000000000000000e+00,1.190000000000000000e+02
2.000651124552260001e+02,1.000000000000000000e+00,1.190000000000000000e+02
1.969467494443121325e+02,1.000000000000000000e+00,1.190000000000000000e+02
1.971529569663825896e+02,1.000000000000000000e+00,1.190000000000000000e+02
1.979421418094244416e+02,1.000000000000000000e+00,1.190000000000000000e+02
1.986908474932952231e+02,1.000000000000000000e+00,1.190000000000000000e+02
1.970852441536042932e+02,1.000000000000000000e+00,1.190000000000000000e+02
1.957714139392055586e+02,1.000000000000000000e+00,1.190000000000000000e+02
1.980573656207400859e+02,1.000000000000000000e+00,1.190000000000000000e+02
1.995112187886523429e+02,1.000000000000000000e+00,1.190000000000000000e+02
2.016619952090705965e+02,1.000000000000000000e+00,1.190000000000000000e+02
2.011714449076645792e+02,1.000000000000000000e+00,1.190000000000000000e+02
2.000638915161082707e+02,1.000000000000000000e+00,1.190000000000000000e+02
1.990747655642460643e+02,1.000000000000000000e+00,1.190000000000000000e+02
1.978376636000228359e+02,1.000000000000000000e+00,1.190000000000000000e+02
1.996153282599864269e+02,1.000000000000000000e+00,1.190000000000000000e+02
1.981758604668689259e+02,1.000000000000000000e+00,1.190000000000000000e+02
1.996098183682866534e+02,1.000000000000000000e+00,1.190000000000000000e+02
1.991239606484687954e+02,1.000000000000000000e+00,1.190000000000000000e+02
1.996938168235442674e+02,1.000000000000000000e+00,1.190000000000000000e+02
2.004605551091630105e+02,1.000000000000000000e+00,1.190000000000000000e+02
1.978618125298051496e+02,1.000000000000000000e+00,1.190000000000000000e+02
1.985967728046351510e+02,1.000000000000000000e+00,1.190000000000000000e+02
1.991778267788545236e+02,1.000000000000000000e+00,1.190000000000000000e+02
1.967019916391045911e+02,1.000000000000000000e+00,1.190000000000000000e+02
1.946725511107699731e+02,1.000000000000000000e+00,1.190000000000000000e+02
1.990774719925425416e+02,1.000000000000000000e+00,1.190000000000000000e+02
1.978993104056808647e+02,1.000000000000000000e+00,1.190000000000000000e+02
1.979181418211571781e+02,1.000000000000000000e+00,1.190000000000000000e+02
1.991742955964155612e+02,1.000000000000000000e+00,1.190000000000000000e+02
1.983234623345697969e+02,1.000000000000000000e+00,1.190000000000000000e+02
2.021949571282053455e+02,1.000000000000000000e+00,1.190000000000000000e+02
1.974318461578608890e+02,1.000000000000000000e+00,1.190000000000000000e+02
2.012966571404567730e+02,1.000000000000000000e+00,1.200000000000000000e+02
2.018407391173391829e+02,1.000000000000000000e+00,1.200000000000000000e+02
1.997125486471738895e+02,1.000000000000000000e+00,1.200000000000000000e+02
1.982902632932622282e+02,1.000000000000000000e+00,1.200000000000000000e+02
2.008504939811011809e+02,1.000000000000000000e+00,1.200000000000000000e+02
1.999447794844512032e+02,1.000000000000000000e+00,1.200000000000000000e+02
2.029268553908284503e+02,1.000000000000000000e+00,1.200000000000000000e+02
2.005742902262196026e+02,1.000000000000000000e+00,1.200000000000000000e+02
2.023349082160628427e+02,1.000000000000000000e+00,1.200000000000000000e+02
2.001718596045493541e+02,1.000000000000000000e+00,1.200000000000000000e+02
2.012147268874217048e+02,1.000000000000000000e+00,1.200000000000000000e+02
2.016009586868913459e+02,1.000000000000000000e+00,1.200000000000000000e+02
1.998951978042947246e+02,1.000000000000000000e+00,1.200000000000000000e+02
1.973286227142744167e+02,1.000000000000000000e+00,1.200000000000000000e+02
1.976725474552983428e+02,1.000000000000000000e+00,1.200000000000000000e+02
1.973651202701688021e+02,1.000000000000000000e+00,1.200000000000000000e+02
2.006374975481081719e+02,1.000000000000000000e+00,1.200000000000000000e+02
1.995436578487042993e+02,1.000000000000000000e+00,1.200000000000000000e+02
1.991223383306700896e+02,1.000000000000000000e+00,1.200000000000000000e+02
2.004400266178164429e+02,1.000000000000000000e+00,1.200000000000000000e+02
1.964304911835201892e+02,1.000000000000000000e+00,1.200000000000000000e+02
2.020623059147766867e+02,1.000000000000000000e+00,1.200000000000000000e+02
1.999352453142174681e+02,1.000000000000000000e+00,1.200000000000000000e+02
1.977927522542474890e+02,1.000000000000000000e+00,1.200000000000000000e+02
1.996115950227971325e+02,1.000000000000000000e+00,1.200000000000000000e+02
2.011814933071240148e+02,1.000000000000000000e+00,1.200000000000000000e+02
1.970849094985854606e+02,1.000000000000000000e+00,1.200000000000000000e+02
2.000991036944982397e+02,1.000000000000000000e+00,1.200000000000000000e+02
1.987315654904306825e+02,1.000000000000000000e+00,1.200000000000000000e+02
1.997895718051302083e+02,1.000000000000000000e+00,1.200000000000000000e+02
1.980402980716999650e+02,1.000000000000000000e+00,1.200000000000000000e+02
2.048271274108570310e+02,1.000000000000000000e+00,1.200000000000000000e+02
1.995924300813294394e+02,1.000000000000000000e+00,1.200000000000000000e+02
1.994401464428032114e+02,1.000000000000000000e+00,1.200000000000000000e+02
1.987569672189680148e+02,1.000000000000000000e+00,1.200000000000000000e+02
2.013482572445920482e+02,1.000000000000000000e+00,1.200000000000000000e+02
2.042811935668505328e+02,1.000000000000000000e+00,1.200000000000000000e+02
1.981980366166355338e+02,1.000000000000000000e+00,1.200000000000000000e+02
2.009055038190874996e+02,1.000000000000000000e+00,1.200000000000000000e+02
2.014640205067578336e+02,1.000000000000000000e+00,1.200000000000000000e+02
2.029029891009515438e+02,1.000000000000000000e+00,1.200000000000000000e+02
2.002261249994780314e+02,1.000000000000000000e+00,1.200000000000000000e+02
2.011656717656420881e+02,1.000000000000000000e+00,1.200000000000000000e+02
1.975660813603927011e+02,1.000000000000000000e+00,1.200000000000000000e+02
2.018950804160654400e+02,1.000000000000000000e+00,1.210000000000000000e+02
2.005831298758139383e+02,1.000000000000000000e+00,1.210000000000000000e+02
2.025502773381697637e+02,1.000000000000000000e+00,1.210000000000000000e+02
1.999859649505119421e+02,1.000000000000000000e+00,1.210000000000000000e+02
2.028336992899792506e+02,1.000000000000000000e+00,1.210000000000000000e+02
2.013126558511786186e+02,1.000000000000000000e+00,1.210000000000000000e+02
1.983207280203869800e+02,1.000000000000000000e+00,1.210000000000000000e+02
2.028226698773267458e+02,1.000000000000000000e+00,1.210000000000000000e+02
2.014403856218497708e+02,1.000000000000000000e+00,1.210000000000000000e+02
2.014120636325804412e+02,1.000000000000000000e+00,1.210000000000000000e+02
1.989253442850744591e+02,1.000000000000000000e+00,1.210000000000000000e+02
2.042958588946977443e+02,1.000000000000000000e+00,1.210000000000000000e+02
1.993172718093588571e+02,1.000000000000000000e+00,1.210000000000000000e+02
1.997649226747624027e+02,1.000000000000000000e+00,1.210000000000000000e+02
2.010682367942794428e+02,1.000000000000000000e+00,1.210000000000000000e+02
2.022754328170721578e+02,1.000000000000000000e+00,1.210000000000000000e+02
1.996860742211533761e+02,1.000000000000000000e+00,1.210000000000000000e+02
2.004807296640119603e+02,1.000000000000000000e+00,1.210000000000000000e+02
2.000681691042016723e+02,1.000000000000000000e+00,1.210000000000000000e+02
2.030008797672265359e+02,1.000000000000000000e+00,1.210000000000000000e+02
2.020141088985898250e+02,1.000000000000000000e+00,1.210000000000000000e+02
2.013010769102382653e+02,1.000000000000000000e+00,1.210000000000000000e+02
1.997980457249245205e+02,1.000000000000000000e+00,1.210000000000000000e+02
1.965288024028373002e+02,1.000000000000000000e+00,1.210000000000000000e+02
1.989122648258093022e+02,1.000000000000000000e+00,1.210000000000000000e+02
1.991232261418098233e+02,1.000000000000000000e+00,1.210000000000000000e+02
2.026159671841178351e+02,1.000000000000000000e+00,1.210000000000000000e+02
2.006191478462670261e+02,1.000000000000000000e+00,1.210000000000000000e+02
2.002333571258792517e+02,1.000000000000000000e+00,1.210000000000000000e+02
1.997076861950132809e+02,1.000000000000000000e+00,1.210000000000000000e+02
2.010549059145537854e+02,1.000000000000000000e+00,1.210000000000000000e+02
1.991865943971791921e+02,1.000000000000000000e+00,1.210000000000000000e+02
2.005027031033371259e+02,1.000000000000000000e+00,1.210000000000000000e+02
1.997088592867766295e+02,1.000000000000000000e+00,1.210000000000000000e+02
1.995127649546782891e+02,1.000000000000000000e+00,1.210000000000000000e+02
1.997072071896694752e+02,1.000000000000000000e+00,1.210000000000000000e+02
2.023723445888210222e+02,1.000000000000000000e+00,1.210000000000000000e+02
2.006242717209344164e+02,1.000000000000000000e+00,1.210000000000000000e+02
2.020874167707087850e+02,1.000000000000000000e+00,1.210000000000000000e+02
2.016535151938241199e+02,1.000000000000000000e+00,1.210000000000000000e+02
2.012796768175727493e+02,1.000000000000000000e+00,1.210000000000000000e+02
2.003749872798631202e+02,1.000000000000000000e+00,1.210000000000000000e+02
2.000158878894471570e+02,1.000000000000000000e+00,1.210000000000000000e+02
2.004354901818822157e+02,1.000000000000000000e+00,1.210000000000000000e+02
2.000365825222246769e+02,1.000000000000000000e+00,1.210000000000000000e+02
2.020371278122773901e+02,1.000000000000000000e+00,1.220000000000000000e+02
2.026659440194831916e+02,1.000000000000000000e+00,1.220000000000000000e+02
2.004139686317577684e+02,1.000000000000000000e+00,1.220000000000000000e+02
2.011183659358076170e+02,1.000000000000000000e+00,1.220000000000000000e+02
1.988899921236093462e+02,1.000000000000000000e+00,1.220000000000000000e+02
1.994572859488216920e+02,1.000000000000000000e+00,1.220000000000000000e+02
2.021301766998431049e+02,1.000000000000000000e+00,1.220000000000000000e+02
2.004332597223921653e+02,1.000000000000000000e+00,1.220000000000000000e+02
1.999891085782145979e+02,1.000000000000000000e+00,1.220000000000000000e+02
1.987290429684455546e+02,1.000000000000000000e+00,1.220000000000000000e+02
2.020608071974166364e+02,1.000000000000000000e+00,1.220000000000000000e+02
2.011619950186276355e+02,1.000000000000000000e+00,1.220000000000000000e+02
1.985670284526569844e+02,1.000000000000000000e+00,1.220000000000000000e+02
1.964418502469668510e+02,1.000000000000000000e+00,1.220000000000000000e+02
1.976409532572666308e+02,1.000000000000000000e+00,1.220000000000000000e+02
1.969080690069969535e+02,1.000000000000000000e+00,1.220000000000000000e+02
2.010052872304187304e+02,1.000000000000000000e+00,1.220000000000000000e+02
2.023216963225712846e+02,1.000000000000000000e+00,1.220000000000000000e+02
2.005798667012350336e+02,1.000000000000000000e+00,1.220000000000000000e+02
2.011287350578260487e+02,1.000000000000000000e+00,1.220000000000000000e+02
1.996333379713127840e+02,1.000000000000000000e+00,1.220000000000000000e+02
2.017891383415570772e+02,1.000000000000000000e+00,1.220000000000000000e+02
2.014685865368326745e+02,1.000000000000000000e+00,1.220000000000000000e+02
2.018622694375368667e+02,1.000000000000000000e+00,1.220000000000000000e+02
2.003399218465843319e+02,1.000000000000000000e+00,1.220000000000000000e+02
2.000775639781285804e+02,1.000000000000000000e+00,1.220000000000000000e+02
2.032493076589501584e+02,1.000000000000000000e+00,1.220000000000000000e+02
2.007211458822930013e+02,1.000000000000000000e+00,1.220000000000000000e+02
2.034088051490285238e+02,1.000000000000000000e+00,1.220000000000000000e+02
1.983035462684982519e+02,1.000000000000000000e+00,1.220000000000000000e+02
2.019977532804177827e+02,1.000000000000000000e+00,1.220000000000000000e+02
2.022020251585215931e+02,1.000000000000000000e+00,1.220000000000000000e+02
2.021172480510547587e+02,1.000000000000000000e+00,1.220000000000000000e+02
1.999571649012691523e+02,1.000000000000000000e+00,1.220000000000000000e+02
2.009824529814351877e+02,1.000000000000000000e+00,1.220000000000000000e+02
1.989288628812608408e+02,1.000000000000000000e+00,1.220000000000000000e+02
2.002313006942626430e+02,1.000000000000000000e+00,1.220000000000000000e+02
2.009656821777249718e+02,1.000000000000000000e+00,1.220000000000000000e+02
1.979405197633161038e+02,1.000000000000000000e+00,1.220000000000000000e+02
1.993190614509674674e+02,1.000000000000000000e+00,1.220000000000000000e+02
2.002347674765669012e+02,1.000000000000000000e+00,1.220000000000000000e+02
1.986588465378167143e+02,1.000000000000000000e+00,1.220000000000000000e+02
1.989548310263696180e+02,1.000000000000000000e+00,1.220000000000000000e+02
1.998100411616571819e+02,1.000000000000000000e+00,1.220000000000000000e+02
1.990069693956769186e+02,1.000000000000000000e+00,1.230000000000000000e+02
2.007814492600849690e+02,1.000000000000000000e+00,1.230000000000000000e+02
2.027193017165460560e+02,1.000000000000000000e+00,1.230000000000000000e+02
1.994588175847413538e+02,1.000000000000000000e+00,1.230000000000000000e+02
2.054670937890036271e+02,1.000000000000000000e+00,1.230000000000000000e+02
2.022533778342166784e+02,1.000000000000000000e+00,1.230000000000000000e+02
2.010661057912496403e+02,1.000000000000000000e+00,1.230000000000000000e+02
2.027470375245773084e+02,1.000000000000000000e+00,1.230000000000000000e+02
2.008815330581261094e+02,1.000000000000000000e+00,1.230000000000000000e+02
2.013108245250725759e+02,1.000000000000000000e+00,1.230000000000000000e+02
1.973990439162398900e+02,1.000000000000000000e+00,1.230000000000000000e+02
2.039413334520731667e+02,1.000000000000000000e+00,1.230000000000000000e+02
1.999746178974148165e+02,1.000000000000000000e+00,1.230000000000000000e+02
2.046870346698898402e+02,1.000000000000000000e+00,1.230000000000000000e+02
2.010129774763009038e+02,1.000000000000000000e+00,1.230000000000000000e+02
2.021712527609828385e+02,1.000000000000000000e+00,1.230000000000000000e+02
2.024196952402435556e+02,1.000000000000000000e+00,1.230000000000000000e+02
2.037164878610188055e+02,1.000000000000000000e+00,1.230000000000000000e+02
2.000898569341734401e+02,1.000000000000000000e+00,1.230000000000000000e+02
2.026247657836874794e+02,1.000000000000000000e+00,1.230000000000000000e+02
2.024979652732557156e+02,1.000000000000000000e+00,1.230000000000000000e+02
2.012652396358447220e+02,1.000000000000000000e+00,1.230000000000000000e+02
1.997074359064755527e+02,1.000000000000000000e+00,1.230000000000000000e+02
1.972674315174037929e+02,1.000000000000000000e+00,1.230000000000000000e+02
2.022114193693615221e+02,1.000000000000000000e+00,1.230000000000000000e+02
2.008486577378884306e+02,1.000000000000000000e+00,1.230000000000000000e+02
2.021787236894941486e+02,1.000000000000000000e+00,1.230000000000000000e+02
1.985014864263361005e+02,1.000000000000000000e+00,1.230000000000000000e+02
2.029693498313718578e+02,1.000000000000000000e+00,1.230000000000000000e+02
1.971694068982396573e+02,1.000000000000000000e+00,1.230000000000000000e+02
2.031235139438030330e+02,1.000000000000000000e+00,1.230000000000000000e+02
1.995454217566662578e+02,1.000000000000000000e+00,1.230000000000000000e+02
1.996326529640508909e+02,1.000000000000000000e+00,1.230000000000000000e+02
2.026999445991899051e+02,1.000000000000000000e+00,1.230000000000000000e+02
2.007608594649078668e+02,1.000000000000000000e+00,1.230000000000000000e+02
1.997726871486185019e+02,1.000000000000000000e+00,1.230000000000000000e+02
1.968162748959998112e+02,1.000000000000000000e+00,1.230000000000000000e+02
2.004103279858056794e+02,1.000000000000000000e+00,1.230000000000000000e+02
1.976142904185490181e+02,1.000000000000000000e+00,1.230000000000000000e+02
1.999656797784446667e+02,1.000000000000000000e+00,1.230000000000000000e+02
1.999640795637369877e+02,1.000000000000000000e+00,1.230000000000000000e+02
2.010605086271987716e+02,1.000000000000000000e+00,1.230000000000000000e+02
2.039402936983991026e+02,1.000000000000000000e+00,1.230000000000000000e+02
1.990480706428350288e+02,1.000000000000000000e+00,1.230000000000000000e+02
1.975815993198222884e+02,1.000000000000000000e+00,1.230000000000000000e+02
1.978339361799223184e+02,1.000000000000000000e+00,1.240000000000000000e+02
2.044833235298168006e+02,1.000000000000000000e+00,1.240000000000000000e+02
1.978024996734691285e+02,1.000000000000000000e+00,1.240000000000000000e+02
1.973578028358648169e+02,1.000000000000000000e+00,1.240000000000000000e+02
1.993694981877099508e+02,1.000000000000000000e+00,1.240000000000000000e+02
2.027255344917927005e+02,1.000000000000000000e+00,1.240000000000000000e+02
2.052802663803922769e+02,1.000000000000000000e+00,1.240000000000000000e+02
1.993662518348996855e+02,1.000000000000000000e+00,1.240000000000000000e+02
1.995867397976306279e+02,1.000000000000000000e+00,1.240000000000000000e+02
2.006778634862049842e+02,1.000000000000000000e+00,1.240000000000000000e+02
2.013855318009979669e+02,1.000000000000000000e+00,1.240000000000000000e+02
2.016819323010327025e+02,1.000000000000000000e+00,1.240000000000000000e+02
2.002528076834657043e+02,1.000000000000000000e+00,1.240000000000000000e+02
1.997835591103073796e+02,1.000000000000000000e+00,1.240000000000000000e+02
2.018470450544230630e+02,1.000000000000000000e+00,1.240000000000000000e+02
1.996183067169151570e+02,1.000000000000000000e+00,1.240000000000000000e+02
1.983295703447925007e+02,1.000000000000000000e+00,1.240000000000000000e+02
2.007506280796056330e+02,1.000000000000000000e+00,1.240000000000000000e+02
2.002614466366061379e+02,1.000000000000000000e+00,1.240000000000000000e+02
1.970307271927931652e+02,1.000000000000000000e+00,1.240000000000000000e+02
2.021300561464315706e+02,1.000000000000000000e+00,1.240000000000000000e+02
1.988937237983123509e+02,1.000000000000000000e+00,1.240000000000000000e+02
1.968699972084737055e+02,1.000000000000000000e+00,1.240000000000000000e+02
1.984309475392282707e+02,1.000000000000000000e+00,1.240000000000000000e+02
2.004112181386021518e+02,1.000000000000000000e+00,1.240000000000000000e+02
1.986587643218728090e+02,1.000000000000000000e+00,1.240000000000000000e+02
1.981725995862166485e+02,1.000000000000000000e+00,1.240000000000000000e+02
1.965706997742062754e+02,1.000000000000000000e+00,1.240000000000000000e+02
2.018945526596447735e+02,1.000000000000000000e+00,1.240000000000000000e+02
2.028113002527118738e+02,1.000000000000000000e+00,1.240000000000000000e+02
1.999064239934313889e+02,1.000000000000000000e+00,1.240000000000000000e+02
1.995422225744721914e+02,1.000000000000000000e+00,1.240000000000000000e+02
1.976604346437497952e+02,1.000000000000000000e+00,1.240000000000000000e+02
1.995888601381457192e+02,1.000000000000000000e+00,1.240000000000000000e+02
2.009232141538517453e+02,1.000000000000000000e+00,1.240000000000000000e+02
1.970451801011691941e+02,1.000000000000000000e+00,1.240000000000000000e+02
1.997091732891150855e+02,1.000000000000000000e+00,1.240000000000000000e+02
1.998125230950604987e+02,1.000000000000000000e+00,1.240000000000000000e+02
1.957528070282077977e+02,1.000000000000000000e+00,1.240000000000000000e+02
1.999049334262904836e+02,1.000000000000000000e+00,1.240000000000000000e+02
2.028179487923688669e+02,1.000000000000000000e+00,1.240000000000000000e+02
1.974213994215290029e+02,1.000000000000000000e+00,1.240000000000000000e+02
2.010312805538556802e+02,1.000000000000000000e+00,1.240000000000000000e+02
1.984123201871336164e+02,1.000000000000000000e+00,1.240000000000000000e+02
1.962964139450185144e+02,1.000000000000000000e+00,1.250000000000000000e+02
1.989463172355634697e+02,1.000000000000000000e+00,1.250000000000000000e+02
2.010766417376408697e+02,1.000000000000000000e+00,1.250000000000000000e+02
1.948672143176314080e+02,1.000000000000000000e+00,1.250000000000000000e+02
1.999716914500868938e+02,1.000000000000000000e+00,1.250000000000000000e+02
2.027059200978213767e+02,1.000000000000000000e+00,1.250000000000000000e+02
2.030124768507439512e+02,1.000000000000000000e+00,1.250000000000000000e+02
1.990938165174034680e+02,1.000000000000000000e+00,1.250000000000000000e+02
2.012179107180324991e+02,1.000000000000000000e+00,1.250000000000000000e+02
2.001956432243086965e+02,1.000000000000000000e+00,1.250000000000000000e+02
1.993051090349001697e+02,1.000000000000000000e+00,1.250000000000000000e+02
1.960047354811135278e+02,1.000000000000000000e+00,1.250000000000000000e+02
1.981429975134168444e+02,1.000000000000000000e+00,1.250000000000000000e+02
2.018309580745632275e+02,1.000000000000000000e+00,1.250000000000000000e+02
1.984603430515742843e+02,1.000000000000000000e+00,1.250000000000000000e+02
1.982201265283888461e+02,1.000000000000000000e+00,1.250000000000000000e+02
1.992280357342825994e+02,1.000000000000000000e+00,1.250000000000000000e+02
1.997179703723527098e+02,1.000000000000000000e+00,1.250000000000000000e+02
2.004570153849547012e+02,1.000000000000000000e+00,1.250000000000000000e+02
1.994210539728048559e+02,1.000000000000000000e+00,1.250000000000000000e+02
2.015496460890048809e+02,1.000000000000000000e+00,1.250000000000000000e+02
2.006203127783389277e+02,1.000000000000000000e+00,1.250000000000000000e+02
1.946151669949194343e+02,1.000000000000000000e+00,1.250000000000000000e+02
2.018658605692171477e+02,1.000000000000000000e+00,1.250000000000000000e+02
1.986771046398055773e+02,1.000000000000000000e+00,1.250000000000000000e+02
2.032941803050477176e+02,1.000000000000000000e+00,1.250000000000000000e+02
1.985830691448451262e+02,1.000000000000000000e+00,1.250000000000000000e+02
1.979956677246988193e+02,1.000000000000000000e+00,1.250000000000000000e+02
1.994191071142639089e+02,1.000000000000000000e+00,1.250000000000000000e+02
1.976848007150280182e+02,1.000000000000000000e+00,1.250000000000000000e+02
1.951284532819917104e+02,1.000000000000000000e+00,1.250000000000000000e+02
2.001198186427545238e+02,1.000000000000000000e+00,1.250000000000000000e+02
1.964136262240560598e+02,1.000000000000000000e+00,1.250000000000000000e+02
1.948717006991895744e+02,1.000000000000000000e+00,1.250000000000000000e+02
1.996241699718005975e+02,1.000000000000000000e+00,1.250000000000000000e+02
1.973718866879334541e+02,1.000000000000000000e+00,1.250000000000000000e+02
2.004199343523843311e+02,1.000000000000000000e+00,1.250000000000000000e+02
1.999850756747119931e+02,1.000000000000000000e+00,1.250000000000000000e+02
1.958538644565398954e+02,1.000000000000000000e+00,1.250000000000000000e+02
1.993824223895638852e+02,1.000000000000000000e+00,1.250000000000000000e+02
1.947164987052908316e+02,1.000000000000000000e+00,1.250000000000000000e+02
1.977672731546245473e+02,1.000000000000000000e+00,1.250000000000000000e+02
2.003219259297814006e+02,1.000000000000000000e+00,1.250000000000000000e+02
1.977825139151082681e+02,1.000000000000000000e+00,1.250000000000000000e+02
1.976577892446597389e+02,1.000000000000000000e+00,1.260000000000000000e+02
1.983212962872463550e+02,1.000000000000000000e+00,1.260000000000000000e+02
1.980725385656693618e+02,1.000000000000000000e+00,1.260000000000000000e+02
1.961767749064341047e+02,1.000000000000000000e+00,1.260000000000000000e+02
1.999600257754042616e+02,1.000000000000000000e+00,1.260000000000000000e+02
1.978946018690548385e+02,1.000000000000000000e+00,1.260000000000000000e+02
1.978474152186836648e+02,1.000000000000000000e+00,1.260000000000000000e+02
1.977892621173504608e+02,1.000000000000000000e+00,1.260000000000000000e+02
1.994079436836465220e+02,1.000000000000000000e+00,1.260000000000000000e+02
1.958479257820859232e+02,1.000000000000000000e+00,1.260000000000000000e+02
1.961268342471519190e+02,1.000000000000000000e+00,1.260000000000000000e+02
1.966703666098144367e+02,1.000000000000000000e+00,1.260000000000000000e+02
1.983494654287291610e+02,1.000000000000000000e+00,1.260000000000000000e+02
1.972493230035689749e+02,1.000000000000000000e+00,1.260000000000000000e+02
1.960625634667097188e+02,1.000000000000000000e+00,1.260000000000000000e+02
1.965985311981703205e+02,1.000000000000000000e+00,1.260000000000000000e+02
2.040605851812467222e+02,1.000000000000000000e+00,1.260000000000000000e+02
1.992526687459886432e+02,1.000000000000000000e+00,1.260000000000000000e+02
1.984485320146695813e+02,1.000000000000000000e+00,1.260000000000000000e+02
1.975312648839112057e+02,1.000000000000000000e+00,1.260000000000000000e+02
2.031443733128800773e+02,1.000000000000000000e+00,1.260000000000000000e+02
1.974645053557904646e+02,1.000000000000000000e+00,1.260000000000000000e+02
1.956437671007818722e+02,1.000000000000000000e+00,1.260000000000000000e+02
1.970770186351838333e+02,1.000000000000000000e+00,1.260000000000000000e+02
2.001254575010586052e+02,1.000000000000000000e+00,1.260000000000000000e+02
1.952552822270036188e+02,1.000000000000000000e+00,1.260000000000000000e+02
1.929637329530828538e+02,1.000000000000000000e+00,1.260000000000000000e+02
1.984332333563276620e+02,1.000000000000000000e+00,1.260000000000000000e+02
1.976302634886955047e+02,1.000000000000000000e+00,1.260000000000000000e+02
1.989747715155556307e+02,1.000000000000000000e+00,1.260000000000000000e+02
1.966689322126075581e+02,1.000000000000000000e+00,1.260000000000000000e+02
1.964245391778919725e+02,1.000000000000000000e+00,1.260000000000000000e+02
1.952199987821765603e+02,1.000000000000000000e+00,1.260000000000000000e+02
1.962690979584638740e+02,1.000000000000000000e+00,1.260000000000000000e+02
1.986553759768764849e+02,1.000000000000000000e+00,1.260000000000000000e+02
1.965742654343759455e+02,1.000000000000000000e+00,1.260000000000000000e+02
1.989267152926226743e+02,1.000000000000000000e+00,1.260000000000000000e+02
1.962445111011606400e+02,1.000000000000000000e+00,1.260000000000000000e+02
1.978634740085274473e+02,1.000000000000000000e+00,1.260000000000000000e+02
1.969297500716571392e+02,1.000000000000000000e+00,1.260000000000000000e+02
1.937341817409280225e+02,1.000000000000000000e+00,1.260000000000000000e+02
1.989810584102865505e+02,1.000000000000000000e+00,1.260000000000000000e+02
1.957216934337337193e+02,1.000000000000000000e+00,1.260000000000000000e+02
2.000451018777073955e+02,1.000000000000000000e+00,1.260000000000000000e+02
1.997966359297885788e+02,1.000000000000000000e+00,1.260000000000000000e+02
1.980790454195836219e+02,1.000000000000000000e+00,1.270000000000000000e+02
1.978805960482879414e+02,1.000000000000000000e+00,1.270000000000000000e+02
1.978127632757895640e+02,1.000000000000000000e+00,1.270000000000000000e+02
1.980040741384659668e+02,1.000000000000000000e+00,1.270000000000000000e+02
1.986402618652762726e+02,1.000000000000000000e+00,1.270000000000000000e+02
1.945674596770195706e+02,1.000000000000000000e+00,1.270000000000000000e+02
1.969208270519118003e+02,1.000000000000000000e+00,1.270000000000000000e+02
1.968484188803421944e+02,1.000000000000000000e+00,1.270000000000000000e+02
1.985597825149486653e+02,1.000000000000000000e+00,1.270000000000000000e+02
1.993995197433951603e+02,1.000000000000000000e+00,1.270000000000000000e+02
1.983433996133397272e+02,1.000000000000000000e+00,1.270000000000000000e+02
1.993059398652673622e+02,1.000000000000000000e+00,1.270000000000000000e+02
1.963116245086624190e+02,1.000000000000000000e+00,1.270000000000000000e+02
1.953889940633954438e+02,1.000000000000000000e+00,1.270000000000000000e+02
1.975790340182830391e+02,1.000000000000000000e+00,1.270000000000000000e+02
1.974181440737357889e+02,1.000000000000000000e+00,1.270000000000000000e+02
1.940298769062542306e+02,1.000000000000000000e+00,1.270000000000000000e+02
1.958959679916556240e+02,1.000000000000000000e+00,1.270000000000000000e+02
1.964573766907292907e+02,1.000000000000000000e+00,1.270000000000000000e+02
1.941235405229058983e+02,1.000000000000000000e+00,1.270000000000000000e+02
1.938531364430333213e+02,1.000000000000000000e+00,1.270000000000000000e+02
1.975704573883868989e+02,1.000000000000000000e+00,1.270000000000000000e+02
1.938620171040561786e+02,1.000000000000000000e+00,1.270000000000000000e+02
1.951298035810397096e+02,1.000000000000000000e+00,1.270000000000000000e+02
1.917731188694155833e+02,1.000000000000000000e+00,1.270000000000000000e+02
1.945427608823634955e+02,1.000000000000000000e+00,1.270000000000000000e+02
1.974587635032124808e+02,1.000000000000000000e+00,1.270000000000000000e+02
1.936723026348394683e+02,1.000000000000000000e+00,1.270000000000000000e+02
1.968942170784322627e+02,1.000000000000000000e+00,1.270000000000000000e+02
1.938321116107826469e+02,1.000000000000000000e+00,1.270000000000000000e+02
1.941907760067221602e+02,1.000000000000000000e+00,1.270000000000000000e+02
1.958463881052659019e+02,1.000000000000000000e+00,1.270000000000000000e+02
1.957115980895751477e+02,1.000000000000000000e+00,1.270000000000000000e+02
1.937439141713585400e+02,1.000000000000000000e+00,1.270000000000000000e+02
1.945430245230457729e+02,1.000000000000000000e+00,1.270000000000000000e+02
1.916880439071025251e+02,1.000000000000000000e+00,1.270000000000000000e+02
1.950187582462956755e+02,1.000000000000000000e+00,1.270000000000000000e+02
1.924509044382826062e+02,1.000000000000000000e+00,1.270000000000000000e+02
1.936632867245661771e+02,1.000000000000000000e+00,1.270000000000000000e+02
1.933908146928710607e+02,1.000000000000000000e+00,1.270000000000000000e+02
1.952256781752147390e+02,1.000000000000000000e+00,1.270000000000000000e+02
1.917944164937283347e+02,1.000000000000000000e+00,1.270000000000000000e+02
1.956469657135432954e+02,1.000000000000000000e+00,1.270000000000000000e+02
1.898194536536420287e+02,1.000000000000000000e+00,1.270000000000000000e+02
1.931334327679079763e+02,1.000000000000000000e+00,1.280000000000000000e+02
1.923175584130453899e+02,1.000000000000000000e+00,1.280000000000000000e+02
1.949138924228816450e+02,1.000000000000000000e+00,1.280000000000000000e+02
1.934027609171136532e+02,1.000000000000000000e+00,1.280000000000000000e+02
1.934340045470797236e+02,1.000000000000000000e+00,1.280000000000000000e+02
1.942452634612017732e+02,1.000000000000000000e+00,1.280000000000000000e+02
1.921288661331440153e+02,1.000000000000000000e+00,1.280000000000000000e+02
1.933718193075981731e+02,1.000000000000000000e+00,1.280000000000000000e+02
1.920382178590336935e+02,1.000000000000000000e+00,1.280000000000000000e+02
1.985115583669248167e+02,1.000000000000000000e+00,1.280000000000000000e+02
1.914871387627678700e+02,1.000000000000000000e+00,1.280000000000000000e+02
1.901374483267242681e+02,1.000000000000000000e+00,1.280000000000000000e+02
1.955940655944087894e+02,1.000000000000000000e+00,1.280000000000000000e+02
1.938226672945042424e+02,1.000000000000000000e+00,1.280000000000000000e+02
1.912290801668674476e+02,1.000000000000000000e+00,1.280000000000000000e+02
1.953236174062325574e+02,1.000000000000000000e+00,1.280000000000000000e+02
1.946985709677604177e+02,1.000000000000000000e+00,1.280000000000000000e+02
1.930617502817692070e+02,1.000000000000000000e+00,1.280000000000000000e+02
1.929286011069967515e+02,1.000000000000000000e+00,1.280000000000000000e+02
1.953089444085488253e+02,1.000000000000000000e+00,1.280000000000000000e+02
1.913677615290759206e+02,1.000000000000000000e+00,1.280000000000000000e+02
1.948455013204888360e+02,1.000000000000000000e+00,1.280000000000000000e+02
1.956689836030685399e+02,1.000000000000000000e+00,1.280000000000000000e+02
1.959451552746853054e+02,1.000000000000000000e+00,1.280000000000000000e+02
1.947756022204629289e+02,1.000000000000000000e+00,1.280000000000000000e+02
1.927821889189348781e+02,1.000000000000000000e+00,1.280000000000000000e+02
1.919771570253486459e+02,1.000000000000000000e+00,1.280000000000000000e+02
1.971194466943711632e+02,1.000000000000000000e+00,1.280000000000000000e+02
1.957366009005221770e+02,1.000000000000000000e+00,1.280000000000000000e+02
1.898068242123987375e+02,1.000000000000000000e+00,1.280000000000000000e+02
1.963019655525364726e+02,1.000000000000000000e+00,1.280000000000000000e+02
1.978101539138183966e+02,1.000000000000000000e+00,1.280000000000000000e+02
1.912973269048959253e+02,1.000000000000000000e+00,1.280000000000000000e+02
1.912061005444006128e+02,1.000000000000000000e+00,1.280000000000000000e+02
1.934287910956549581e+02,1.000000000000000000e+00,1.280000000000000000e+02
1.928699925793117984e+02,1.000000000000000000e+00,1.280000000000000000e+02
1.925945706952659009e+02,1.000000000000000000e+00,1.280000000000000000e+02
1.943291845723340430e+02,1.000000000000000000e+00,1.280000000000000000e+02
1.930233226853937367e+02,1.000000000000000000e+00,1.280000000000000000e+02
1.938058583956302527e+02,1.000000000000000000e+00,1.280000000000000000e+02
1.924306635369541709e+02,1.000000000000000000e+00,1.280000000000000000e+02
1.905722058264910572e+02,1.000000000000000000e+00,1.280000000000000000e+02
1.953572807191352183e+02,1.000000000000000000e+00,1.280000000000000000e+02
1.918151002201057622e+02,1.000000000000000000e+00,1.280000000000000000e+02
1.891841888325465391e+02,1.000000000000000000e+00,1.280000000000000000e+02
1.958385456856000246e+02,1.000000000000000000e+00,1.290000000000000000e+02
1.922211994539880209e+02,1.000000000000000000e+00,1.290000000000000000e+02
1.939339781871452146e+02,1.000000000000000000e+00,1.290000000000000000e+02
1.946037311542289956e+02,1.000000000000000000e+00,1.290000000000000000e+02
1.884235280767036613e+02,1.000000000000000000e+00,1.290000000000000000e+02
1.941447730210113036e+02,1.000000000000000000e+00,1.290000000000000000e+02
1.929588455516768590e+02,1.000000000000000000e+00,1.290000000000000000e+02
1.915242819935395460e+02,1.000000000000000000e+00,1.290000000000000000e+02
1.938896770496156137e+02,1.000000000000000000e+00,1.290000000000000000e+02
1.927942295534423351e+02,1.000000000000000000e+00,1.290000000000000000e+02
1.963953533612411775e+02,1.000000000000000000e+00,1.290000000000000000e+02
1.938153236558412118e+02,1.000000000000000000e+00,1.290000000000000000e+02
1.895066200794643692e+02,1.000000000000000000e+00,1.290000000000000000e+02
1.885798704758931308e+02,1.000000000000000000e+00,1.290000000000000000e+02
1.963132926663399758e+02,1.000000000000000000e+00,1.290000000000000000e+02
1.886076157669924385e+02,1.000000000000000000e+00,1.290000000000000000e+02
1.877519709977028413e+02,1.000000000000000000e+00,1.290000000000000000e+02
1.929908091127704495e+02,1.000000000000000000e+00,1.290000000000000000e+02
1.872087364739790587e+02,1.000000000000000000e+00,1.290000000000000000e+02
1.923088552833993390e+02,1.000000000000000000e+00,1.290000000000000000e+02
1.873910978119768629e+02,1.000000000000000000e+00,1.290000000000000000e+02
1.922125569161156875e+02,1.000000000000000000e+00,1.290000000000000000e+02
1.889662704225544871e+02,1.000000000000000000e+00,1.290000000000000000e+02
1.910414817409163106e+02,1.000000000000000000e+00,1.290000000000000000e+02
1.935060616361301697e+02,1.000000000000000000e+00,1.290000000000000000e+02
1.898151172761609757e+02,1.000000000000000000e+00,1.290000000000000000e+02
1.921590555805269673e+02,1.000000000000000000e+00,1.290000000000000000e+02
1.897783228948323426e+02,1.000000000000000000e+00,1.290000000000000000e+02
1.924255404225542918e+02,1.000000000000000000e+00,1.290000000000000000e+02
1.900791128264657459e+02,1.000000000000000000e+00,1.290000000000000000e+02
1.875283432788790776e+02,1.000000000000000000e+00,1.290000000000000000e+02
1.952740061990179470e+02,1.000000000000000000e+00,1.290000000000000000e+02
1.862655996535271754e+02,1.000000000000000000e+00,1.290000000000000000e+02
1.925419663825024372e+02,1.000000000000000000e+00,1.290000000000000000e+02
1.898207454504183715e+02,1.000000000000000000e+00,1.290000000000000000e+02
1.875260463158970197e+02,1.000000000000000000e+00,1.290000000000000000e+02
1.884533748042672983e+02,1.000000000000000000e+00,1.290000000000000000e+02
1.908955650795629992e+02,1.000000000000000000e+00,1.290000000000000000e+02
1.912086894746758787e+02,1.000000000000000000e+00,1.290000000000000000e+02
1.906162193929197883e+02,1.000000000000000000e+00,1.290000000000000000e+02
1.899679322150630014e+02,1.000000000000000000e+00,1.290000000000000000e+02
1.864963066650190626e+02,1.000000000000000000e+00,1.290000000000000000e+02
1.911414128285416041e+02,1.000000000000000000e+00,1.290000000000000000e+02
1.917011878357793648e+02,1.000000000000000000e+00,1.290000000000000000e+02
1.937180019453146258e+02,1.000000000000000000e+00,1.300000000000000000e+02
1.904001560535895408e+02,1.000000000000000000e+00,1.300000000000000000e+02
1.905020727131459068e+02,1.000000000000000000e+00,1.300000000000000000e+02
1.879659857341231373e+02,1.000000000000000000e+00,1.300000000000000000e+02
1.867387479354364928e+02,1.000000000000000000e+00,1.300000000000000000e+02
1.900851308675842688e+02,1.000000000000000000e+00,1.300000000000000000e+02
1.906911933080295967e+02,1.000000000000000000e+00,1.300000000000000000e+02
1.898043756627332357e+02,1.000000000000000000e+00,1.300000000000000000e+02
1.875890702490578974e+02,1.000000000000000000e+00,1.300000000000000000e+02
1.878627986102209206e+02,1.000000000000000000e+00,1.300000000000000000e+02
1.891750120600686103e+02,1.000000000000000000e+00,1.300000000000000000e+02
1.918257796527205699e+02,1.000000000000000000e+00,1.300000000000000000e+02
1.908369022198177163e+02,1.000000000000000000e+00,1.300000000000000000e+02
1.921234474517936519e+02,1.000000000000000000e+00,1.300000000000000000e+02
1.921066753446467317e+02,1.000000000000000000e+00,1.300000000000000000e+02
1.887679257490433997e+02,1.000000000000000000e+00,1.300000000000000000e+02
1.904963409167482951e+02,1.000000000000000000e+00,1.300000000000000000e+02
1.886967046409546924e+02,1.000000000000000000e+00,1.300000000000000000e+02
1.896359358289901138e+02,1.000000000000000000e+00,1.300000000000000000e+02
1.875786807279700668e+02,1.000000000000000000e+00,1.300000000000000000e+02
1.878747658864116374e+02,1.000000000000000000e+00,1.300000000000000000e+02
1.904045247848740985e+02,1.000000000000000000e+00,1.300000000000000000e+02
1.908256644823491683e+02,1.000000000000000000e+00,1.300000000000000000e+02
1.879924949034598853e+02,1.000000000000000000e+00,1.300000000000000000e+02
1.931022361323428527e+02,1.000000000000000000e+00,1.300000000000000000e+02
1.886133737369743812e+02,1.000000000000000000e+00,1.300000000000000000e+02
1.893153558981068727e+02,1.000000000000000000e+00,1.300000000000000000e+02
1.864214425239891284e+02,1.000000000000000000e+00,1.300000000000000000e+02
1.907686231057900557e+02,1.000000000000000000e+00,1.300000000000000000e+02
1.910861035916800006e+02,1.000000000000000000e+00,1.300000000000000000e+02
1.891775666077443532e+02,1.000000000000000000e+00,1.300000000000000000e+02
1.865808123881828919e+02,1.000000000000000000e+00,1.300000000000000000e+02
1.907192528548614234e+02,1.000000000000000000e+00,1.300000000000000000e+02
1.862410671929174839e+02,1.000000000000000000e+00,1.300000000000000000e+02
1.860769056090054505e+02,1.000000000000000000e+00,1.300000000000000000e+02
1.869804626104125873e+02,1.000000000000000000e+00,1.300000000000000000e+02
1.860795588193768708e+02,1.000000000000000000e+00,1.300000000000000000e+02
1.895278191329779816e+02,1.000000000000000000e+00,1.300000000000000000e+02
1.889486156843655351e+02,1.000000000000000000e+00,1.300000000000000000e+02
1.877591334542601373e+02,1.000000000000000000e+00,1.300000000000000000e+02
1.833772959454209399e+02,1.000000000000000000e+00,1.300000000000000000e+02
1.860818258619387962e+02,1.000000000000000000e+00,1.300000000000000000e+02
1.882039644448011870e+02,1.000000000000000000e+00,1.300000000000000000e+02
1.867694024959619128e+02,1.000000000000000000e+00,1.300000000000000000e+02
1.874839840043722177e+02,1.000000000000000000e+00,1.300000000000000000e+02
1.878056249920810501e+02,1.000000000000000000e+00,1.310000000000000000e+02
1.876138649786911401e+02,1.000000000000000000e+00,1.310000000000000000e+02
1.856887416989214614e+02,1.000000000000000000e+00,1.310000000000000000e+02
1.865136631578856168e+02,1.000000000000000000e+00,1.310000000000000000e+02
1.847990388498534458e+02,1.000000000000000000e+00,1.310000000000000000e+02
1.885204425039677574e+02,1.000000000000000000e+00,1.310000000000000000e+02
1.838682761437524675e+02,1.000000000000000000e+00,1.310000000000000000e+02
1.854988161340002648e+02,1.000000000000000000e+00,1.310000000000000000e+02
1.885891911590751988e+02,1.000000000000000000e+00,1.310000000000000000e+02
1.870021785104275978e+02,1.000000000000000000e+00,1.310000000000000000e+02
1.878240576830168038e+02,1.000000000000000000e+00,1.310000000000000000e+02
1.877251184420900927e+02,1.000000000000000000e+00,1.310000000000000000e+02
1.868852012746027924e+02,1.000000000000000000e+00,1.310000000000000000e+02
1.895306720292251725e+02,1.000000000000000000e+00,1.310000000000000000e+02
1.887317472168468839e+02,1.000000000000000000e+00,1.310000000000000000e+02
1.854774623380976664e+02,1.000000000000000000e+00,1.310000000000000000e+02
1.843715267127505228e+02,1.000000000000000000e+00,1.310000000000000000e+02
1.898536361660533771e+02,1.000000000000000000e+00,1.310000000000000000e+02
1.886667885642913802e+02,1.000000000000000000e+00,1.310000000000000000e+02
1.884614599542252904e+02,1.000000000000000000e+00,1.310000000000000000e+02
1.874048511971504638e+02,1.000000000000000000e+00,1.310000000000000000e+02
1.857983807938329619e+02,1.000000000000000000e+00,1.310000000000000000e+02
1.884594552635493869e+02,1.000000000000000000e+00,1.310000000000000000e+02
1.850184712316070375e+02,1.000000000000000000e+00,1.310000000000000000e+02
1.858294485246147758e+02,1.000000000000000000e+00,1.310000000000000000e+02
1.850761902500127576e+02,1.000000000000000000e+00,1.310000000000000000e+02
1.834764573693836098e+02,1.000000000000000000e+00,1.310000000000000000e+02
1.823365043268881607e+02,1.000000000000000000e+00,1.310000000000000000e+02
1.858744502507978495e+02,1.000000000000000000e+00,1.310000000000000000e+02
1.855312034745900860e+02,1.000000000000000000e+00,1.310000000000000000e+02
1.846686729003904475e+02,1.000000000000000000e+00,1.310000000000000000e+02
1.840417753623995054e+02,1.000000000000000000e+00,1.310000000000000000e+02
1.883947690156858528e+02,1.000000000000000000e+00,1.310000000000000000e+02
1.831143086434598786e+02,1.000000000000000000e+00,1.310000000000000000e+02
1.865013853512256219e+02,1.000000000000000000e+00,1.310000000000000000e+02
1.843389866719056727e+02,1.000000000000000000e+00,1.310000000000000000e+02
1.892410095400481396e+02,1.000000000000000000e+00,1.310000000000000000e+02
1.825109627577436981e+02,1.000000000000000000e+00,1.310000000000000000e+02
1.843574355114777745e+02,1.000000000000000000e+00,1.310000000000000000e+02
1.858983953946876966e+02,1.000000000000000000e+00,1.310000000000000000e+02
1.819166990346772934e+02,1.000000000000000000e+00,1.310000000000000000e+02
1.893665124786483602e+02,1.000000000000000000e+00,1.310000000000000000e+02
1.877161780118949252e+02,1.000000000000000000e+00,1.310000000000000000e+02
1.826161639319287531e+02,1.000000000000000000e+00,1.310000000000000000e+02
1.859074017883247620e+02,1.000000000000000000e+00,1.320000000000000000e+02
1.875805411253367083e+02,1.000000000000000000e+00,1.320000000000000000e+02
1.849397203680956352e+02,1.000000000000000000e+00,1.320000000000000000e+02
1.834257883048736630e+02,1.000000000000000000e+00,1.320000000000000000e+02
1.849748501201425768e+02,1.000000000000000000e+00,1.320000000000000000e+02
1.851629649346413942e+02,1.000000000000000000e+00,1.320000000000000000e+02
1.862227261827774214e+02,1.000000000000000000e+00,1.320000000000000000e+02
1.833821048819706334e+02,1.000000000000000000e+00,1.320000000000000000e+02
1.843367447513549280e+02,1.000000000000000000e+00,1.320000000000000000e+02
1.868369008225587038e+02,1.000000000000000000e+00,1.320000000000000000e+02
1.841013155262454006e+02,1.000000000000000000e+00,1.320000000000000000e+02
1.822750725745282807e+02,1.000000000000000000e+00,1.320000000000000000e+02
1.868509052717615475e+02,1.000000000000000000e+00,1.320000000000000000e+02
1.861482634720514966e+02,1.000000000000000000e+00,1.320000000000000000e+02
1.808858718636892036e+02,1.000000000000000000e+00,1.320000000000000000e+02
1.809873238792395682e+02,1.000000000000000000e+00,1.320000000000000000e+02
1.843324118661703892e+02,1.000000000000000000e+00,1.320000000000000000e+02
1.875987357610412971e+02,1.000000000000000000e+00,1.320000000000000000e+02
1.842909222053472718e+02,1.000000000000000000e+00,1.320000000000000000e+02
1.828168625700416783e+02,1.000000000000000000e+00,1.320000000000000000e+02
1.834747087790064484e+02,1.000000000000000000e+00,1.320000000000000000e+02
1.834868096096002716e+02,1.000000000000000000e+00,1.320000000000000000e+02
1.820979394434098708e+02,1.000000000000000000e+00,1.320000000000000000e+02
1.801200462965134932e+02,1.000000000000000000e+00,1.320000000000000000e+02
1.834293009384385016e+02,1.000000000000000000e+00,1.320000000000000000e+02
1.858177168772711241e+02,1.000000000000000000e+00,1.320000000000000000e+02
1.816881591617877802e+02,1.000000000000000000e+00,1.320000000000000000e+02
1.816004818136801191e+02,1.000000000000000000e+00,1.320000000000000000e+02
1.829954070816257286e+02,1.000000000000000000e+00,1.320000000000000000e+02
1.841772344297720565e+02,1.000000000000000000e+00,1.320000000000000000e+02
1.826739750464515168e+02,1.000000000000000000e+00,1.320000000000000000e+02
1.840847860107713529e+02,1.000000000000000000e+00,1.320000000000000000e+02
1.793653518455528797e+02,1.000000000000000000e+00,1.320000000000000000e+02
1.829822254014786154e+02,1.000000000000000000e+00,1.320000000000000000e+02
1.898483501061349443e+02,1.000000000000000000e+00,1.320000000000000000e+02
1.816074102878492909e+02,1.000000000000000000e+00,1.320000000000000000e+02
1.820600320631190243e+02,1.000000000000000000e+00,1.320000000000000000e+02
1.839763404785848593e+02,1.000000000000000000e+00,1.320000000000000000e+02
1.794299345500500351e+02,1.000000000000000000e+00,1.320000000000000000e+02
1.828736370321097979e+02,1.000000000000000000e+00,1.320000000000000000e+02
1.822879057010810868e+02,1.000000000000000000e+00,1.320000000000000000e+02
1.834138291940504075e+02,1.000000000000000000e+00,1.320000000000000000e+02
1.844220415689906076e+02,1.000000000000000000e+00,1.320000000000000000e+02
1.806037576519968866e+02,1.000000000000000000e+00,1.320000000000000000e+02
1.818794389896417556e+02,1.000000000000000000e+00,1.320000000000000000e+02
1.837965323278088476e+02,1.000000000000000000e+00,1.330000000000000000e+02
1.821897145599710370e+02,1.000000000000000000e+00,1.330000000000000000e+02
1.822391607997061840e+02,1.000000000000000000e+00,1.330000000000000000e+02
1.840143984486892350e+02,1.000000000000000000e+00,1.330000000000000000e+02
1.834873298858557860e+02,1.000000000000000000e+00,1.330000000000000000e+02
1.825305727883187785e+02,1.000000000000000000e+00,1.330000000000000000e+02
1.831362750363409475e+02,1.000000000000000000e+00,1.330000000000000000e+02
1.853941838423317279e+02,1.000000000000000000e+00,1.330000000000000000e+02
1.810982043596902713e+02,1.000000000000000000e+00,1.330000000000000000e+02
1.816654702868658546e+02,1.000000000000000000e+00,1.330000000000000000e+02
1.860882778294356967e+02,1.000000000000000000e+00,1.330000000000000000e+02
1.832714525416529341e+02,1.000000000000000000e+00,1.330000000000000000e+02
1.824967489581625557e+02,1.000000000000000000e+00,1.330000000000000000e+02
1.834743962322029631e+02,1.000000000000000000e+00,1.330000000000000000e+02
1.815271136726033205e+02,1.000000000000000000e+00,1.330000000000000000e+02
1.852597332801426262e+02,1.000000000000000000e+00,1.330000000000000000e+02
1.813907437152864190e+02,1.000000000000000000e+00,1.330000000000000000e+02
1.838473612925427005e+02,1.000000000000000000e+00,1.330000000000000000e+02
1.812576876099052470e+02,1.000000000000000000e+00,1.330000000000000000e+02
1.800636619177177806e+02,1.000000000000000000e+00,1.330000000000000000e+02
1.825403855497343102e+02,1.000000000000000000e+00,1.330000000000000000e+02
1.803729070381748443e+02,1.000000000000000000e+00,1.330000000000000000e+02
1.807875322895385750e+02,1.000000000000000000e+00,1.330000000000000000e+02
1.795760624002559780e+02,1.000000000000000000e+00,1.330000000000000000e+02
1.793901888797847448e+02,1.000000000000000000e+00,1.330000000000000000e+02
1.823482756800715947e+02,1.000000000000000000e+00,1.330000000000000000e+02
1.832054127962155405e+02,1.000000000000000000e+00,1.330000000000000000e+02
1.811086573953235188e+02,1.000000000000000000e+00,1.330000000000000000e+02
1.816267782819227534e+02,1.000000000000000000e+00,1.330000000000000000e+02
1.831889827122561201e+02,1.000000000000000000e+00,1.330000000000000000e+02
1.805352262193635795e+02,1.000000000000000000e+00,1.330000000000000000e+02
1.802837917267821126e+02,1.000000000000000000e+00,1.330000000000000000e+02
1.803046236424324036e+02,1.000000000000000000e+00,1.330000000000000000e+02
1.796821440127637288e+02,1.000000000000000000e+00,1.330000000000000000e+02
1.774518659809114638e+02,1.000000000000000000e+00,1.330000000000000000e+02
1.781464235829211304e+02,1.000000000000000000e+00,1.330000000000000000e+02
1.830522296375696669e+02,1.000000000000000000e+00,1.330000000000000000e+02
1.831828739543277891e+02,1.000000000000000000e+00,1.330000000000000000e+02
1.768164025290802783e+02,1.000000000000000000e+00,1.330000000000000000e+02
1.820125473425738960e+02,1.000000000000000000e+00,1.330000000000000000e+02
1.740781901168905108e+02,1.000000000000000000e+00,1.330000000000000000e+02
1.802773076369350065e+02,1.000000000000000000e+00,1.330000000000000000e+02
1.786741546685954347e+02,1.000000000000000000e+00,1.330000000000000000e+02
1.760836748686517979e+02,1.000000000000000000e+00,1.330000000000000000e+02
1.813317888016343886e+02,1.000000000000000000e+00,1.340000000000000000e+02
1.803299619061031649e+02,1.000000000000000000e+00,1.340000000000000000e+02
1.794050885694205988e+02,1.000000000000000000e+00,1.340000000000000000e+02
1.796267180932981944e+02,1.000000000000000000e+00,1.340000000000000000e+02
1.832572410649058838e+02,1.000000000000000000e+00,1.340000000000000000e+02
1.808943129158636509e+02,1.000000000000000000e+00,1.340000000000000000e+02
1.783116592355146395e+02,1.000000000000000000e+00,1.340000000000000000e+02
1.791292930502929153e+02,1.000000000000000000e+00,1.340000000000000000e+02
1.833382417435087746e+02,1.000000000000000000e+00,1.340000000000000000e+02
1.788614409664862990e+02,1.000000000000000000e+00,1.340000000000000000e+02
1.798253168403326470e+02,1.000000000000000000e+00,1.340000000000000000e+02
1.799964754658419395e+02,1.000000000000000000e+00,1.340000000000000000e+02
1.770691928997114246e+02,1.000000000000000000e+00,1.340000000000000000e+02
1.804584079791026170e+02,1.000000000000000000e+00,1.340000000000000000e+02
1.774534589084060485e+02,1.000000000000000000e+00,1.340000000000000000e+02
1.793185144956585191e+02,1.000000000000000000e+00,1.340000000000000000e+02
1.773482303942374472e+02,1.000000000000000000e+00,1.340000000000000000e+02
1.768657915447818425e+02,1.000000000000000000e+00,1.340000000000000000e+02
1.792016407486780167e+02,1.000000000000000000e+00,1.340000000000000000e+02
1.815752731588920028e+02,1.000000000000000000e+00,1.340000000000000000e+02
1.804108431346625707e+02,1.000000000000000000e+00,1.340000000000000000e+02
1.786343145301528352e+02,1.000000000000000000e+00,1.340000000000000000e+02
1.766370857056166983e+02,1.000000000000000000e+00,1.340000000000000000e+02
1.784946226674744878e+02,1.000000000000000000e+00,1.340000000000000000e+02
1.785762812382769482e+02,1.000000000000000000e+00,1.340000000000000000e+02
1.812912030963954351e+02,1.000000000000000000e+00,1.340000000000000000e+02
1.790738623519499413e+02,1.000000000000000000e+00,1.340000000000000000e+02
1.786897942990371462e+02,1.000000000000000000e+00,1.340000000000000000e+02
1.808557680139162187e+02,1.000000000000000000e+00,1.340000000000000000e+02
1.766648130054498438e+02,1.000000000000000000e+00,1.340000000000000000e+02
1.835426096783145624e+02,1.000000000000000000e+00,1.340000000000000000e+02
1.782495380211180134e+02,1.000000000000000000e+00,1.340000000000000000e+02
1.771985219163153147e+02,1.000000000000000000e+00,1.340000000000000000e+02
1.780933989755868936e+02,1.000000000000000000e+00,1.340000000000000000e+02
1.791177766567736285e+02,1.000000000000000000e+00,1.340000000000000000e+02
1.780483563323944054e+02,1.000000000000000000e+00,1.340000000000000000e+02
1.767102930294345242e+02,1.000000000000000000e+00,1.340000000000000000e+02
1.773171027442059824e+02,1.000000000000000000e+00,1.340000000000000000e+02
1.768193874019359839e+02,1.000000000000000000e+00,1.340000000000000000e+02
1.767335788090697122e+02,1.000000000000000000e+00,1.340000000000000000e+02
1.771229471888066200e+02,1.000000000000000000e+00,1.340000000000000000e+02
1.803071590803463948e+02,1.000000000000000000e+00,1.340000000000000000e+02
1.795874384257160159e+02,1.000000000000000000e+00,1.340000000000000000e+02
1.801306948043922205e+02,1.000000000000000000e+00,1.340000000000000000e+02
1.787100450344428850e+02,1.000000000000000000e+00,1.350000000000000000e+02
1.802797958398731737e+02,1.000000000000000000e+00,1.350000000000000000e+02
1.789819824921705447e+02,1.000000000000000000e+00,1.350000000000000000e+02
1.777383640659528226e+02,1.000000000000000000e+00,1.350000000000000000e+02
1.756767115289175933e+02,1.000000000000000000e+00,1.350000000000000000e+02
1.763201155432538485e+02,1.000000000000000000e+00,1.350000000000000000e+02
1.783009157435347731e+02,1.000000000000000000e+00,1.350000000000000000e+02
1.765929275146438329e+02,1.000000000000000000e+00,1.350000000000000000e+02
1.749821622055945056e+02,1.000000000000000000e+00,1.350000000000000000e+02
1.805646943020553579e+02,1.000000000000000000e+00,1.350000000000000000e+02
1.744652366320696331e+02,1.000000000000000000e+00,1.350000000000000000e+02
1.740207458981094533e+02,1.000000000000000000e+00,1.350000000000000000e+02
1.763887760017715323e+02,1.000000000000000000e+00,1.350000000000000000e+02
1.783347137163215734e+02,1.000000000000000000e+00,1.350000000000000000e+02
1.726241884296261446e+02,1.000000000000000000e+00,1.350000000000000000e+02
1.755444541552141402e+02,1.000000000000000000e+00,1.350000000000000000e+02
1.749966912385385172e+02,1.000000000000000000e+00,1.350000000000000000e+02
1.786660148539252759e+02,1.000000000000000000e+00,1.350000000000000000e+02
1.778926587392491854e+02,1.000000000000000000e+00,1.350000000000000000e+02
1.783672290591421472e+02,1.000000000000000000e+00,1.350000000000000000e+02
1.747366196841275610e+02,1.000000000000000000e+00,1.350000000000000000e+02
1.768839503118661582e+02,1.000000000000000000e+00,1.350000000000000000e+02
1.770109639292824681e+02,1.000000000000000000e+00,1.350000000000000000e+02
1.771850079504289965e+02,1.000000000000000000e+00,1.350000000000000000e+02
1.808876274886693523e+02,1.000000000000000000e+00,1.350000000000000000e+02
1.797470370316022183e+02,1.000000000000000000e+00,1.350000000000000000e+02
1.745329702986906568e+02,1.000000000000000000e+00,1.350000000000000000e+02
1.789561985649883695e+02,1.000000000000000000e+00,1.350000000000000000e+02
1.733919481306766954e+02,1.000000000000000000e+00,1.350000000000000000e+02
1.753078479386265940e+02,1.000000000000000000e+00,1.350000000000000000e+02
1.756958163451753592e+02,1.000000000000000000e+00,1.350000000000000000e+02
1.752379015568501472e+02,1.000000000000000000e+00,1.350000000000000000e+02
1.736660600912801442e+02,1.000000000000000000e+00,1.350000000000000000e+02
1.762545005204306392e+02,1.000000000000000000e+00,1.350000000000000000e+02
1.753147222226723443e+02,1.000000000000000000e+00,1.350000000000000000e+02
1.715886299231626992e+02,1.000000000000000000e+00,1.350000000000000000e+02
1.774553808532381822e+02,1.000000000000000000e+00,1.350000000000000000e+02
1.726378878666041885e+02,1.000000000000000000e+00,1.350000000000000000e+02
1.724531183875043894e+02,1.000000000000000000e+00,1.350000000000000000e+02
1.749075959086458738e+02,1.000000000000000000e+00,1.350000000000000000e+02
1.762825224714353283e+02,1.000000000000000000e+00,1.350000000000000000e+02
1.767490644473678287e+02,1.000000000000000000e+00,1.350000000000000000e+02
1.745770975686606334e+02,1.000000000000000000e+00,1.350000000000000000e+02
1.724866598533417630e+02,1.000000000000000000e+00,1.350000000000000000e+02
1.741146191258482077e+02,1.000000000000000000e+00,1.350000000000000000e+02
1.761891328124509357e+02,1.000000000000000000e+00,1.360000000000000000e+02
1.765734753979873517e+02,1.000000000000000000e+00,1.360000000000000000e+02
1.769302093752889959e+02,1.000000000000000000e+00,1.360000000000000000e+02
1.754483712857607429e+02,1.000000000000000000e+00,1.360000000000000000e+02
1.756676668257174470e+02,1.000000000000000000e+00,1.360000000000000000e+02
1.736485457148725402e+02,1.000000000000000000e+00,1.360000000000000000e+02
1.776261549916991953e+02,1.000000000000000000e+00,1.360000000000000000e+02
1.768999590044830086e+02,1.000000000000000000e+00,1.360000000000000000e+02
1.722091051686197716e+02,1.000000000000000000e+00,1.360000000000000000e+02
1.751563722747433189e+02,1.000000000000000000e+00,1.360000000000000000e+02
1.750506088277498691e+02,1.000000000000000000e+00,1.360000000000000000e+02
1.779700862214213544e+02,1.000000000000000000e+00,1.360000000000000000e+02
1.730741923047198725e+02,1.000000000000000000e+00,1.360000000000000000e+02
1.760307675396761056e+02,1.000000000000000000e+00,1.360000000000000000e+02
1.757163315152890277e+02,1.000000000000000000e+00,1.360000000000000000e+02
1.738636535641808791e+02,1.000000000000000000e+00,1.360000000000000000e+02
1.757815446660194425e+02,1.000000000000000000e+00,1.360000000000000000e+02
1.748176068980996263e+02,1.000000000000000000e+00,1.360000000000000000e+02
1.730631681102628647e+02,1.000000000000000000e+00,1.360000000000000000e+02
1.745690821451276236e+02,1.000000000000000000e+00,1.360000000000000000e+02
1.733304864040323423e+02,1.000000000000000000e+00,1.360000000000000000e+02
1.716103169540201918e+02,1.000000000000000000e+00,1.360000000000000000e+02
1.738499893238550271e+02,1.000000000000000000e+00,1.360000000000000000e+02
1.724025183755007049e+02,1.000000000000000000e+00,1.360000000000000000e+02
1.708173412105849138e+02,1.000000000000000000e+00,1.360000000000000000e+02
1.738842075997998791e+02,1.000000000000000000e+00,1.360000000000000000e+02
1.776833952003228205e+02,1.000000000000000000e+00,1.360000000000000000e+02
1.694835314910863246e+02,1.000000000000000000e+00,1.360000000000000000e+02
1.738070120333840691e+02,1.000000000000000000e+00,1.360000000000000000e+02
1.754399560385848531e+02,1.000000000000000000e+00,1.360000000000000000e+02
1.717953301738123173e+02,1.000000000000000000e+00,1.360000000000000000e+02
1.700869265191462034e+02,1.000000000000000000e+00,1.360000000000000000e+02
1.705347031358615197e+02,1.000000000000000000e+00,1.360000000000000000e+02
1.723183603269571051e+02,1.000000000000000000e+00,1.360000000000000000e+02
1.726595313629587451e+02,1.000000000000000000e+00,1.360000000000000000e+02
1.744195059790473579e+02,1.000000000000000000e+00,1.360000000000000000e+02
1.734841675620540400e+02,1.000000000000000000e+00,1.360000000000000000e+02
1.726190337525835901e+02,1.000000000000000000e+00,1.360000000000000000e+02
1.737540388107041736e+02,1.000000000000000000e+00,1.360000000000000000e+02
1.751438836298709134e+02,1.000000000000000000e+00,1.360000000000000000e+02
1.684990151314306672e+02,1.000000000000000000e+00,1.360000000000000000e+02
1.713132663496902239e+02,1.000000000000000000e+00,1.360000000000000000e+02
1.730214137004563781e+02,1.000000000000000000e+00,1.360000000000000000e+02
1.683584221699669285e+02,1.000000000000000000e+00,1.360000000000000000e+02
1.763672919111566557e+02,1.000000000000000000e+00,1.370000000000000000e+02
1.762320899783580330e+02,1.000000000000000000e+00,1.370000000000000000e+02
1.754855187463796256e+02,1.000000000000000000e+00,1.370000000000000000e+02
1.697223716795695623e+02,1.000000000000000000e+00,1.370000000000000000e+02
1.762610728164761156e+02,1.000000000000000000e+00,1.370000000000000000e+02
1.703492026010213465e+02,1.000000000000000000e+00,1.370000000000000000e+02
1.720059831886643451e+02,1.000000000000000000e+00,1.370000000000000000e+02
1.730109357672852752e+02,1.000000000000000000e+00,1.370000000000000000e+02
1.706013843942071446e+02,1.000000000000000000e+00,1.370000000000000000e+02
1.734888891643436182e+02,1.000000000000000000e+00,1.370000000000000000e+02
1.717412799676398265e+02,1.000000000000000000e+00,1.370000000000000000e+02
1.764952629269690476e+02,1.000000000000000000e+00,1.370000000000000000e+02
1.718909348749056107e+02,1.000000000000000000e+00,1.370000000000000000e+02
1.721578746851290305e+02,1.000000000000000000e+00,1.370000000000000000e+02
1.723303049365449908e+02,1.000000000000000000e+00,1.370000000000000000e+02
1.700500510763983186e+02,1.000000000000000000e+00,1.370000000000000000e+02
1.689073203641777070e+02,1.000000000000000000e+00,1.370000000000000000e+02
1.693569545512454511e+02,1.000000000000000000e+00,1.370000000000000000e+02
1.704885613466296377e+02,1.000000000000000000e+00,1.370000000000000000e+02
1.702505916936490280e+02,1.000000000000000000e+00,1.370000000000000000e+02
1.715344807874476771e+02,1.000000000000000000e+00,1.370000000000000000e+02
1.692633255486091173e+02,1.000000000000000000e+00,1.370000000000000000e+02
1.714755039164483037e+02,1.000000000000000000e+00,1.370000000000000000e+02
1.729029429961088340e+02,1.000000000000000000e+00,1.370000000000000000e+02
1.704098483259438410e+02,1.000000000000000000e+00,1.370000000000000000e+02
1.693765558636269475e+02,1.000000000000000000e+00,1.370000000000000000e+02
1.737395433903424760e+02,1.000000000000000000e+00,1.370000000000000000e+02
1.695802586879208320e+02,1.000000000000000000e+00,1.370000000000000000e+02
1.735655115900142391e+02,1.000000000000000000e+00,1.370000000000000000e+02
1.677264542835447685e+02,1.000000000000000000e+00,1.370000000000000000e+02
1.697743793445815186e+02,1.000000000000000000e+00,1.370000000000000000e+02
1.733221074021136303e+02,1.000000000000000000e+00,1.370000000000000000e+02
1.676736367063887769e+02,1.000000000000000000e+00,1.370000000000000000e+02
1.722089956512107847e+02,1.000000000000000000e+00,1.370000000000000000e+02
1.692940493188612265e+02,1.000000000000000000e+00,1.370000000000000000e+02
1.717925291081937473e+02,1.000000000000000000e+00,1.370000000000000000e+02
1.706837614539225001e+02,1.000000000000000000e+00,1.370000000000000000e+02
1.719033216418464463e+02,1.000000000000000000e+00,1.370000000000000000e+02
1.732510364184929870e+02,1.000000000000000000e+00,1.370000000000000000e+02
1.720521052847579995e+02,1.000000000000000000e+00,1.370000000000000000e+02
1.721314628875346955e+02,1.000000000000000000e+00,1.370000000000000000e+02
1.701700923812936139e+02,1.000000000000000000e+00,1.370000000000000000e+02
1.672737988185462541e+02,1.000000000000000000e+00,1.370000000000000000e+02
1.679362491703646469e+02,1.000000000000000000e+00,1.370000000000000000e+02
1.678552816914030927e+02,1.000000000000000000e+00,1.370000000000000000e+02
1.698604997195155875e+02,1.000000000000000000e+00,1.380000000000000000e+02
1.731020157305061673e+02,1.000000000000000000e+00,1.380000000000000000e+02
1.707757847466981218e+02,1.000000000000000000e+00,1.380000000000000000e+02
1.711828499913569885e+02,1.000000000000000000e+00,1.380000000000000000e+02
1.721955266904726898e+02,1.000000000000000000e+00,1.380000000000000000e+02
1.720911319085802518e+02,1.000000000000000000e+00,1.380000000000000000e+02
1.700457679540638765e+02,1.000000000000000000e+00,1.380000000000000000e+02
1.716378576167051051e+02,1.000000000000000000e+00,1.380000000000000000e+02
1.734199960111088501e+02,1.000000000000000000e+00,1.380000000000000000e+02
1.728618111268939685e+02,1.000000000000000000e+00,1.380000000000000000e+02
1.714334330892642697e+02,1.000000000000000000e+00,1.380000000000000000e+02
1.689593532282168553e+02,1.000000000000000000e+00,1.380000000000000000e+02
1.732801365766000004e+02,1.000000000000000000e+00,1.380000000000000000e+02
1.696474026050658210e+02,1.000000000000000000e+00,1.380000000000000000e+02
1.693288250020283954e+02,1.000000000000000000e+00,1.380000000000000000e+02
1.714071934475472574e+02,1.000000000000000000e+00,1.380000000000000000e+02
1.687460100537408323e+02,1.000000000000000000e+00,1.380000000000000000e+02
1.705975491582140364e+02,1.000000000000000000e+00,1.380000000000000000e+02
1.691813340178627243e+02,1.000000000000000000e+00,1.380000000000000000e+02
1.701984795069792540e+02,1.000000000000000000e+00,1.380000000000000000e+02
1.692065924767138654e+02,1.000000000000000000e+00,1.380000000000000000e+02
1.676918500398104186e+02,1.000000000000000000e+00,1.380000000000000000e+02
1.680426882088281104e+02,1.000000000000000000e+00,1.380000000000000000e+02
1.680096250394097979e+02,1.000000000000000000e+00,1.380000000000000000e+02
1.705672203532600406e+02,1.000000000000000000e+00,1.380000000000000000e+02
1.690582027462352812e+02,1.000000000000000000e+00,1.380000000000000000e+02
1.666613249320436694e+02,1.000000000000000000e+00,1.380000000000000000e+02
1.707746423499337425e+02,1.000000000000000000e+00,1.380000000000000000e+02
1.699696023685970658e+02,1.000000000000000000e+00,1.380000000000000000e+02
1.686524064001887666e+02,1.000000000000000000e+00,1.380000000000000000e+02
1.694838969180974857e+02,1.000000000000000000e+00,1.380000000000000000e+02
1.691504538729074056e+02,1.000000000000000000e+00,1.380000000000000000e+02
1.703280730522413080e+02,1.000000000000000000e+00,1.380000000000000000e+02
1.679424889115053361e+02,1.000000000000000000e+00,1.380000000000000000e+02
1.676548707700565330e+02,1.000000000000000000e+00,1.380000000000000000e+02
1.735790725727094923e+02,1.000000000000000000e+00,1.380000000000000000e+02
1.657298012299378627e+02,1.000000000000000000e+00,1.380000000000000000e+02
1.669835562937427085e+02,1.000000000000000000e+00,1.380000000000000000e+02
1.649187879739108382e+02,1.000000000000000000e+00,1.380000000000000000e+02
1.686797417636229284e+02,1.000000000000000000e+00,1.380000000000000000e+02
1.680975783404008723e+02,1.000000000000000000e+00,1.380000000000000000e+02
1.670844179849528359e+02,1.000000000000000000e+00,1.380000000000000000e+02
1.676939995690252942e+02,1.000000000000000000e+00,1.380000000000000000e+02
1.702823065267761535e+02,1.000000000000000000e+00,1.380000000000000000e+02
1.701127160462750396e+02,1.000000000000000000e+00,1.390000000000000000e+02
1.727356766241169339e+02,1.000000000000000000e+00,1.390000000000000000e+02
1.674954067445428620e+02,1.000000000000000000e+00,1.390000000000000000e+02
1.690353100659094707e+02,1.000000000000000000e+00,1.390000000000000000e+02
1.710580229809378352e+02,1.000000000000000000e+00,1.390000000000000000e+02
1.686339841941606608e+02,1.000000000000000000e+00,1.390000000000000000e+02
1.660201987215104111e+02,1.000000000000000000e+00,1.390000000000000000e+02
1.664094809176495176e+02,1.000000000000000000e+00,1.390000000000000000e+02
1.708893540333871499e+02,1.000000000000000000e+00,1.390000000000000000e+02
1.634338908406723192e+02,1.000000000000000000e+00,1.390000000000000000e+02
1.692271903621366675e+02,1.000000000000000000e+00,1.390000000000000000e+02
1.646527104521900924e+02,1.000000000000000000e+00,1.390000000000000000e+02
1.699338066027932825e+02,1.000000000000000000e+00,1.390000000000000000e+02
1.669411377799158345e+02,1.000000000000000000e+00,1.390000000000000000e+02
1.673814273567529085e+02,1.000000000000000000e+00,1.390000000000000000e+02
1.658970663281669431e+02,1.000000000000000000e+00,1.390000000000000000e+02
1.695692669752762072e+02,1.000000000000000000e+00,1.390000000000000000e+02
1.671009462628862252e+02,1.000000000000000000e+00,1.390000000000000000e+02
1.711258575991818418e+02,1.000000000000000000e+00,1.390000000000000000e+02
1.708584914259153322e+02,1.000000000000000000e+00,1.390000000000000000e+02
1.706716626931366534e+02,1.000000000000000000e+00,1.390000000000000000e+02
1.687093568785519153e+02,1.000000000000000000e+00,1.390000000000000000e+02
1.653508975808252330e+02,1.000000000000000000e+00,1.390000000000000000e+02
1.679618809753497430e+02,1.000000000000000000e+00,1.390000000000000000e+02
1.684393477343692496e+02,1.000000000000000000e+00,1.390000000000000000e+02
1.675470432001994254e+02,1.000000000000000000e+00,1.390000000000000000e+02
1.675235664443743246e+02,1.000000000000000000e+00,1.390000000000000000e+02
1.675745061374030627e+02,1.000000000000000000e+00,1.390000000000000000e+02
1.671235578813954135e+02,1.000000000000000000e+00,1.390000000000000000e+02
1.668638925269499680e+02,1.000000000000000000e+00,1.390000000000000000e+02
1.649327203395643551e+02,1.000000000000000000e+00,1.390000000000000000e+02
1.666603675990260456e+02,1.000000000000000000e+00,1.390000000000000000e+02
1.655785633700088226e+02,1.000000000000000000e+00,1.390000000000000000e+02
1.665125727452023341e+02,1.000000000000000000e+00,1.390000000000000000e+02
1.659039222419626753e+02,1.000000000000000000e+00,1.390000000000000000e+02
1.676220742473856831e+02,1.000000000000000000e+00,1.390000000000000000e+02
1.675624758509687524e+02,1.000000000000000000e+00,1.390000000000000000e+02
1.667769755186762950e+02,1.000000000000000000e+00,1.390000000000000000e+02
1.715577863773708316e+02,1.000000000000000000e+00,1.390000000000000000e+02
1.682090060921731833e+02,1.000000000000000000e+00,1.390000000000000000e+02
1.647667028452781608e+02,1.000000000000000000e+00,1.390000000000000000e+02
1.695233453951071851e+02,1.000000000000000000e+00,1.390000000000000000e+02
1.637072503612225205e+02,1.000000000000000000e+00,1.390000000000000000e+02
1.666445869944417666e+02,1.000000000000000000e+00,1.390000000000000000e+02
1.656604881813281906e+02,1.000000000000000000e+00,1.390000000000000000e+02
1.640343064154379249e+02,1.000000000000000000e+00,1.400000000000000000e+02
1.642442235891446103e+02,1.000000000000000000e+00,1.400000000000000000e+02
1.700172630707511416e+02,1.000000000000000000e+00,1.400000000000000000e+02
1.663504927743707071e+02,1.000000000000000000e+00,1.400000000000000000e+02
1.627045175697460877e+02,1.000000000000000000e+00,1.400000000000000000e+02
1.663076809637348106e+02,1.000000000000000000e+00,1.400000000000000000e+02
1.646032466697917584e+02,1.000000000000000000e+00,1.400000000000000000e+02
1.646714310177429752e+02,1.000000000000000000e+00,1.400000000000000000e+02
1.687687515549729653e+02,1.000000000000000000e+00,1.400000000000000000e+02
1.674472712264861514e+02,1.000000000000000000e+00,1.400000000000000000e+02
1.698916890640638826e+02,1.000000000000000000e+00,1.400000000000000000e+02
1.669521086466622535e+02,1.000000000000000000e+00,1.400000000000000000e+02
1.659229174800464364e+02,1.000000000000000000e+00,1.400000000000000000e+02
1.661488754052442687e+02,1.000000000000000000e+00,1.400000000000000000e+02
1.671640691457710943e+02,1.000000000000000000e+00,1.400000000000000000e+02
1.662829241717889204e+02,1.000000000000000000e+00,1.400000000000000000e+02
1.649692862404131972e+02,1.000000000000000000e+00,1.400000000000000000e+02
1.640346704687387671e+02,1.000000000000000000e+00,1.400000000000000000e+02
1.667807306320090390e+02,1.000000000000000000e+00,1.400000000000000000e+02
1.695886094696914199e+02,1.000000000000000000e+00,1.400000000000000000e+02
1.657266439708306791e+02,1.000000000000000000e+00,1.400000000000000000e+02
1.668435222583755149e+02,1.000000000000000000e+00,1.400000000000000000e+02
1.647289660577025927e+02,1.000000000000000000e+00,1.400000000000000000e+02
1.675041432795504477e+02,1.000000000000000000e+00,1.400000000000000000e+02
1.665506423808962495e+02,1.000000000000000000e+00,1.400000000000000000e+02
1.657504763126111982e+02,1.000000000000000000e+00,1.400000000000000000e+02
1.662432338275049233e+02,1.000000000000000000e+00,1.400000000000000000e+02
1.667769750006421532e+02,1.000000000000000000e+00,1.400000000000000000e+02
1.678532757113614480e+02,1.000000000000000000e+00,1.400000000000000000e+02
1.655024427442666308e+02,1.000000000000000000e+00,1.400000000000000000e+02
1.674141087378564805e+02,1.000000000000000000e+00,1.400000000000000000e+02
1.655794673067682936e+02,1.000000000000000000e+00,1.400000000000000000e+02
1.658331942056325090e+02,1.000000000000000000e+00,1.400000000000000000e+02
1.654181292550536853e+02,1.000000000000000000e+00,1.400000000000000000e+02
1.622674969967933976e+02,1.000000000000000000e+00,1.400000000000000000e+02
1.675028947962925088e+02,1.000000000000000000e+00,1.400000000000000000e+02
1.675866679306233493e+02,1.000000000000000000e+00,1.400000000000000000e+02
1.628344314669256789e+02,1.000000000000000000e+00,1.400000000000000000e+02
1.636914608821639376e+02,1.000000000000000000e+00,1.400000000000000000e+02
1.637904584279203846e+02,1.000000000000000000e+00,1.400000000000000000e+02
1.638002317437886006e+02,1.000000000000000000e+00,1.400000000000000000e+02
1.659564631676642534e+02,1.000000000000000000e+00,1.400000000000000000e+02
1.634041613310200489e+02,1.000000000000000000e+00,1.400000000000000000e+02
1.622537279186202852e+02,1.000000000000000000e+00,1.400000000000000000e+02
1.685481525190305092e+02,1.000000000000000000e+00,1.410000000000000000e+02
1.644467572825189450e+02,1.000000000000000000e+00,1.410000000000000000e+02
1.668479921520658138e+02,1.000000000000000000e+00,1.410000000000000000e+02
1.662144446270531262e+02,1.000000000000000000e+00,1.410000000000000000e+02
1.660152932943153417e+02,1.000000000000000000e+00,1.410000000000000000e+02
1.701351375360686404e+02,1.000000000000000000e+00,1.410000000000000000e+02
1.679407590799756065e+02,1.000000000000000000e+00,1.410000000000000000e+02
1.651264541385950224e+02,1.000000000000000000e+00,1.410000000000000000e+02
1.655147514062619507e+02,1.000000000000000000e+00,1.410000000000000000e+02
1.655000562769388353e+02,1.000000000000000000e+00,1.410000000000000000e+02
1.654278087442331753e+02,1.000000000000000000e+00,1.410000000000000000e+02
1.666948233239860997e+02,1.000000000000000000e+00,1.410000000000000000e+02
1.655442863154248130e+02,1.000000000000000000e+00,1.410000000000000000e+02
1.658087533223381627e+02,1.000000000000000000e+00,1.410000000000000000e+02
1.633880158570335368e+02,1.000000000000000000e+00,1.410000000000000000e+02
1.622416573512047080e+02,1.000000000000000000e+00,1.410000000000000000e+02
1.670860599085845024e+02,1.000000000000000000e+00,1.410000000000000000e+02
1.689393607240790516e+02,1.000000000000000000e+00,1.410000000000000000e+02
1.646178942490392387e+02,1.000000000000000000e+00,1.410000000000000000e+02
1.638198807247874811e+02,1.000000000000000000e+00,1.410000000000000000e+02
1.650607981233495707e+02,1.000000000000000000e+00,1.410000000000000000e+02
1.649673718688129611e+02,1.000000000000000000e+00,1.410000000000000000e+02
1.717061013517435413e+02,1.000000000000000000e+00,1.410000000000000000e+02
1.680540691808667475e+02,1.000000000000000000e+00,1.410000000000000000e+02
1.617918964547679650e+02,1.000000000000000000e+00,1.410000000000000000e+02
1.639657584429255621e+02,1.000000000000000000e+00,1.410000000000000000e+02
1.614976780872214022e+02,1.000000000000000000e+00,1.410000000000000000e+02
1.606734124585665313e+02,1.000000000000000000e+00,1.410000000000000000e+02
1.621511122635553193e+02,1.000000000000000000e+00,1.410000000000000000e+02
1.665748875642468647e+02,1.000000000000000000e+00,1.410000000000000000e+02
1.664519879318122548e+02,1.000000000000000000e+00,1.410000000000000000e+02
1.596680256554742812e+02,1.000000000000000000e+00,1.410000000000000000e+02
1.623801195708174703e+02,1.000000000000000000e+00,1.410000000000000000e+02
1.635000834842861650e+02,1.000000000000000000e+00,1.410000000000000000e+02
1.638226472783628935e+02,1.000000000000000000e+00,1.410000000000000000e+02
1.649686312706718638e+02,1.000000000000000000e+00,1.410000000000000000e+02
1.633326159233377268e+02,1.000000000000000000e+00,1.410000000000000000e+02
1.647590250127045692e+02,1.000000000000000000e+00,1.410000000000000000e+02
1.651118845550413141e+02,1.000000000000000000e+00,1.410000000000000000e+02
1.643375297038523399e+02,1.000000000000000000e+00,1.410000000000000000e+02
1.663986218099028349e+02,1.000000000000000000e+00,1.410000000000000000e+02
1.638099321704185058e+02,1.000000000000000000e+00,1.410000000000000000e+02
1.668798765779490907e+02,1.000000000000000000e+00,1.410000000000000000e+02
1.631337345375067684e+02,1.000000000000000000e+00,1.410000000000000000e+02
1.679536718364782644e+02,1.000000000000000000e+00,1.410000000000000000e+02
1.670112616956734257e+02,1.000000000000000000e+00,1.420000000000000000e+02
1.680942091499805429e+02,1.000000000000000000e+00,1.420000000000000000e+02
1.662642538830876902e+02,1.000000000000000000e+00,1.420000000000000000e+02
1.660662745406339411e+02,1.000000000000000000e+00,1.420000000000000000e+02
1.659714846879304275e+02,1.000000000000000000e+00,1.420000000000000000e+02
1.679641240388104393e+02,1.000000000000000000e+00,1.420000000000000000e+02
1.650717087167349177e+02,1.000000000000000000e+00,1.420000000000000000e+02
1.633351724725127951e+02,1.000000000000000000e+00,1.420000000000000000e+02
1.641818413085972566e+02,1.000000000000000000e+00,1.420000000000000000e+02
1.646234260602269615e+02,1.000000000000000000e+00,1.420000000000000000e+02
1.694133242980272769e+02,1.000000000000000000e+00,1.420000000000000000e+02
1.679374999619437574e+02,1.000000000000000000e+00,1.420000000000000000e+02
1.666503859231823412e+02,1.000000000000000000e+00,1.420000000000000000e+02
1.651835683894729243e+02,1.000000000000000000e+00,1.420000000000000000e+02
1.632842642473760009e+02,1.000000000000000000e+00,1.420000000000000000e+02
1.606572859445849133e+02,1.000000000000000000e+00,1.420000000000000000e+02
1.646555686055992851e+02,1.000000000000000000e+00,1.420000000000000000e+02
1.652621788965445546e+02,1.000000000000000000e+00,1.420000000000000000e+02
1.663452174368145506e+02,1.000000000000000000e+00,1.420000000000000000e+02
1.632668264788249815e+02,1.000000000000000000e+00,1.420000000000000000e+02
1.632481763577120546e+02,1.000000000000000000e+00,1.420000000000000000e+02
1.641160625884660647e+02,1.000000000000000000e+00,1.420000000000000000e+02
1.641885360598996044e+02,1.000000000000000000e+00,1.420000000000000000e+02
1.681885821451735978e+02,1.000000000000000000e+00,1.420000000000000000e+02
1.643533002363304263e+02,1.000000000000000000e+00,1.420000000000000000e+02
1.656602960093413230e+02,1.000000000000000000e+00,1.420000000000000000e+02
1.637023631886251565e+02,1.000000000000000000e+00,1.420000000000000000e+02
1.648431185497179001e+02,1.000000000000000000e+00,1.420000000000000000e+02
1.651358614004314802e+02,1.000000000000000000e+00,1.420000000000000000e+02
1.653088653214526289e+02,1.000000000000000000e+00,1.420000000000000000e+02
1.675788720375006164e+02,1.000000000000000000e+00,1.420000000000000000e+02
1.661821691965021444e+02,1.000000000000000000e+00,1.420000000000000000e+02
1.670370744284116427e+02,1.000000000000000000e+00,1.420000000000000000e+02
1.640069424275120014e+02,1.000000000000000000e+00,1.420000000000000000e+02
1.619231925063235451e+02,1.000000000000000000e+00,1.420000000000000000e+02
1.609985704968727589e+02,1.000000000000000000e+00,1.420000000000000000e+02
1.667284471626450681e+02,1.000000000000000000e+00,1.420000000000000000e+02
1.620909960805222454e+02,1.000000000000000000e+00,1.420000000000000000e+02
1.635494052130262617e+02,1.000000000000000000e+00,1.420000000000000000e+02
1.659196154975858803e+02,1.000000000000000000e+00,1.420000000000000000e+02
1.656946550962561560e+02,1.000000000000000000e+00,1.420000000000000000e+02
1.656152475495191254e+02,1.000000000000000000e+00,1.420000000000000000e+02
1.642882067005871249e+02,1.000000000000000000e+00,1.420000000000000000e+02
1.628266958616905526e+02,1.000000000000000000e+00,1.420000000000000000e+02
1.663664899878132530e+02,1.000000000000000000e+00,1.430000000000000000e+02
1.658832486128781056e+02,1.000000000000000000e+00,1.430000000000000000e+02
1.629616695276865528e+02,1.000000000000000000e+00,1.430000000000000000e+02
1.619241698501692213e+02,1.000000000000000000e+00,1.430000000000000000e+02
1.646580423090904617e+02,1.000000000000000000e+00,1.430000000000000000e+02
1.602765814030070430e+02,1.000000000000000000e+00,1.430000000000000000e+02
1.638062882584405600e+02,1.000000000000000000e+00,1.430000000000000000e+02
1.654454043725022814e+02,1.000000000000000000e+00,1.430000000000000000e+02
1.661933025198640337e+02,1.000000000000000000e+00,1.430000000000000000e+02
1.647449763533732607e+02,1.000000000000000000e+00,1.430000000000000000e+02
1.617564071138056363e+02,1.000000000000000000e+00,1.430000000000000000e+02
1.634914815138223503e+02,1.000000000000000000e+00,1.430000000000000000e+02
1.652430196117727519e+02,1.000000000000000000e+00,1.430000000000000000e+02
1.649814730630614008e+02,1.000000000000000000e+00,1.430000000000000000e+02
1.636895702495334319e+02,1.000000000000000000e+00,1.430000000000000000e+02
1.680390588554872124e+02,1.000000000000000000e+00,1.430000000000000000e+02
1.644239407897627814e+02,1.000000000000000000e+00,1.430000000000000000e+02
1.683058198473133587e+02,1.000000000000000000e+00,1.430000000000000000e+02
1.668545884719539742e+02,1.000000000000000000e+00,1.430000000000000000e+02
1.689794319893337047e+02,1.000000000000000000e+00,1.430000000000000000e+02
1.630980753016024494e+02,1.000000000000000000e+00,1.430000000000000000e+02
1.658121063594263376e+02,1.000000000000000000e+00,1.430000000000000000e+02
1.588736798782383062e+02,1.000000000000000000e+00,1.430000000000000000e+02
1.618180460933921552e+02,1.000000000000000000e+00,1.430000000000000000e+02
1.650860284034425547e+02,1.000000000000000000e+00,1.430000000000000000e+02
1.650528705536372058e+02,1.000000000000000000e+00,1.430000000000000000e+02
1.644829776339007310e+02,1.000000000000000000e+00,1.430000000000000000e+02
1.636572802349447215e+02,1.000000000000000000e+00,1.430000000000000000e+02
1.646917746863888112e+02,1.000000000000000000e+00,1.430000000000000000e+02
1.689740823144143747e+02,1.000000000000000000e+00,1.430000000000000000e+02
1.654678354880036011e+02,1.000000000000000000e+00,1.430000000000000000e+02
1.666576948517968049e+02,1.000000000000000000e+00,1.430000000000000000e+02
1.653620023175857057e+02,1.000000000000000000e+00,1.430000000000000000e+02
1.648672560888049645e+02,1.000000000000000000e+00,1.430000000000000000e+02
1.620014004283945894e+02,1.000000000000000000e+00,1.430000000000000000e+02
1.643810701859536039e+02,1.000000000000000000e+00,1.430000000000000000e+02
1.623616739711985986e+02,1.000000000000000000e+00,1.430000000000000000e+02
1.628850124475744110e+02,1.000000000000000000e+00,1.430000000000000000e+02
1.606289163221076421e+02,1.000000000000000000e+00,1.430000000000000000e+02
1.680500952081360708e+02,1.000000000000000000e+00,1.430000000000000000e+02
1.625827897358118435e+02,1.000000000000000000e+00,1.430000000000000000e+02
1.660800415106806724e+02,1.000000000000000000e+00,1.430000000000000000e+02
1.635303611006543179e+02,1.000000000000000000e+00,1.430000000000000000e+02
1.594630675216258737e+02,1.000000000000000000e+00,1.430000000000000000e+02
1.666319726898296665e+02,1.000000000000000000e+00,1.440000000000000000e+02
1.670921209804891419e+02,1.000000000000000000e+00,1.440000000000000000e+02
1.652859039808963644e+02,1.000000000000000000e+00,1.440000000000000000e+02
1.664504825046727774e+02,1.000000000000000000e+00,1.440000000000000000e+02
1.649220814180110892e+02,1.000000000000000000e+00,1.440000000000000000e+02
1.649746841416063035e+02,1.000000000000000000e+00,1.440000000000000000e+02
1.654441969495383091e+02,1.000000000000000000e+00,1.440000000000000000e+02
1.641099867687312610e+02,1.000000000000000000e+00,1.440000000000000000e+02
1.624985053114080529e+02,1.000000000000000000e+00,1.440000000000000000e+02
1.620841489961247817e+02,1.000000000000000000e+00,1.440000000000000000e+02
1.674430675307729075e+02,1.000000000000000000e+00,1.440000000000000000e+02
1.648196644885883870e+02,1.000000000000000000e+00,1.440000000000000000e+02
1.619383666681239902e+02,1.000000000000000000e+00,1.440000000000000000e+02
1.684102881764016217e+02,1.000000000000000000e+00,1.440000000000000000e+02
1.641573711042804007e+02,1.000000000000000000e+00,1.440000000000000000e+02
1.646637116343516709e+02,1.000000000000000000e+00,1.440000000000000000e+02
1.654106530212548023e+02,1.000000000000000000e+00,1.440000000000000000e+02
1.618541390468385543e+02,1.000000000000000000e+00,1.440000000000000000e+02
1.641468433324410512e+02,1.000000000000000000e+00,1.440000000000000000e+02
1.657820227754680218e+02,1.000000000000000000e+00,1.440000000000000000e+02
1.651183170795893318e+02,1.000000000000000000e+00,1.440000000000000000e+02
1.653063291945061906e+02,1.000000000000000000e+00,1.440000000000000000e+02
1.659959161189412384e+02,1.000000000000000000e+00,1.440000000000000000e+02
1.631877208723575166e+02,1.000000000000000000e+00,1.440000000000000000e+02
1.668512482788740385e+02,1.000000000000000000e+00,1.440000000000000000e+02
1.619310281119917363e+02,1.000000000000000000e+00,1.440000000000000000e+02
1.673662337499094122e+02,1.000000000000000000e+00,1.440000000000000000e+02
1.621699411807696265e+02,1.000000000000000000e+00,1.440000000000000000e+02
1.634682623925318978e+02,1.000000000000000000e+00,1.440000000000000000e+02
1.629928794113612582e+02,1.000000000000000000e+00,1.440000000000000000e+02
1.638597406751385961e+02,1.000000000000000000e+00,1.440000000000000000e+02
1.679479051678430039e+02,1.000000000000000000e+00,1.440000000000000000e+02
1.645188499724379199e+02,1.000000000000000000e+00,1.440000000000000000e+02
1.627767766408925070e+02,1.000000000000000000e+00,1.440000000000000000e+02
1.654972685536266681e+02,1.000000000000000000e+00,1.440000000000000000e+02
1.685369715676237377e+02,1.000000000000000000e+00,1.440000000000000000e+02
1.642332844369691145e+02,1.000000000000000000e+00,1.440000000000000000e+02
1.643102391283051418e+02,1.000000000000000000e+00,1.440000000000000000e+02
1.639334931345102859e+02,1.000000000000000000e+00,1.440000000000000000e+02
1.629143220591509476e+02,1.000000000000000000e+00,1.440000000000000000e+02
1.622409555493741777e+02,1.000000000000000000e+00,1.440000000000000000e+02
1.648743177786730598e+02,1.000000000000000000e+00,1.440000000000000000e+02
1.680800008420642371e+02,1.000000000000000000e+00,1.440000000000000000e+02
1.639119196931212059e+02,1.000000000000000000e+00,1.440000000000000000e+02
1.612667059940573324e+02,1.000000000000000000e+00,1.440000000000000000e+02
1.608377783120101014e+02,1.000000000000000000e+00,1.450000000000000000e+02
1.611069240338495661e+02,1.000000000000000000e+00,1.450000000000000000e+02
1.610760752245742822e+02,1.000000000000000000e+00,1.450000000000000000e+02
1.635007783277478097e+02,1.000000000000000000e+00,1.450000000000000000e+02
1.675435898105925503e+02,1.000000000000000000e+00,1.450000000000000000e+02
1.654474327428918627e+02,1.000000000000000000e+00,1.450000000000000000e+02
1.677146172880379140e+02,1.000000000000000000e+00,1.450000000000000000e+02
1.625300079868447085e+02,1.000000000000000000e+00,1.450000000000000000e+02
1.661607754655211693e+02,1.000000000000000000e+00,1.450000000000000000e+02
1.606991131225766765e+02,1.000000000000000000e+00,1.450000000000000000e+02
1.652771553312902881e+02,1.000000000000000000e+00,1.450000000000000000e+02
1.612610753577289699e+02,1.000000000000000000e+00,1.450000000000000000e+02
1.670670701194707135e+02,1.000000000000000000e+00,1.450000000000000000e+02
1.654762023418484773e+02,1.000000000000000000e+00,1.450000000000000000e+02
1.687289862598915988e+02,1.000000000000000000e+00,1.450000000000000000e+02
1.641488747937645485e+02,1.000000000000000000e+00,1.450000000000000000e+02
1.660751007087049516e+02,1.000000000000000000e+00,1.450000000000000000e+02
1.656828960502543282e+02,1.000000000000000000e+00,1.450000000000000000e+02
1.633486494931078710e+02,1.000000000000000000e+00,1.450000000000000000e+02
1.651460227540266601e+02,1.000000000000000000e+00,1.450000000000000000e+02
1.649525685625094411e+02,1.000000000000000000e+00,1.450000000000000000e+02
1.673862642641675507e+02,1.000000000000000000e+00,1.450000000000000000e+02
1.659368127949289260e+02,1.000000000000000000e+00,1.450000000000000000e+02
1.681845313411613461e+02,1.000000000000000000e+00,1.450000000000000000e+02
1.633963684651785400e+02,1.000000000000000000e+00,1.450000000000000000e+02
1.651385153732327353e+02,1.000000000000000000e+00,1.450000000000000000e+02
1.638887592270152709e+02,1.000000000000000000e+00,1.450000000000000000e+02
1.639398101144934117e+02,1.000000000000000000e+00,1.450000000000000000e+02
1.627975217704349120e+02,1.000000000000000000e+00,1.450000000000000000e+02
1.640027016409864018e+02,1.000000000000000000e+00,1.450000000000000000e+02
1.667204537568323701e+02,1.000000000000000000e+00,1.450000000000000000e+02
1.666049667155339193e+02,1.000000000000000000e+00,1.450000000000000000e+02
1.642021021090361330e+02,1.000000000000000000e+00,1.450000000000000000e+02
1.633860313157082373e+02,1.000000000000000000e+00,1.450000000000000000e+02
1.649090363784319493e+02,1.000000000000000000e+00,1.450000000000000000e+02
1.673099499055487911e+02,1.000000000000000000e+00,1.450000000000000000e+02
1.661786870672318912e+02,1.000000000000000000e+00,1.450000000000000000e+02
1.656644123924142207e+02,1.000000000000000000e+00,1.450000000000000000e+02
1.646874563565477843e+02,1.000000000000000000e+00,1.450000000000000000e+02
1.625172119222013691e+02,1.000000000000000000e+00,1.450000000000000000e+02
1.641656217346772451e+02,1.000000000000000000e+00,1.450000000000000000e+02
1.678057386904691839e+02,1.000000000000000000e+00,1.450000000000000000e+02
1.610874737978309099e+02,1.000000000000000000e+00,1.450000000000000000e+02
1.652297334579494361e+02,1.000000000000000000e+00,1.450000000000000000e+02
1.661272108228946536e+02,1.000000000000000000e+00,1.460000000000000000e+02
1.649700431821300981e+02,1.000000000000000000e+00,1.460000000000000000e+02
1.654851464482961774e+02,1.000000000000000000e+00,1.460000000000000000e+02
1.634481147229404598e+02,1.000000000000000000e+00,1.460000000000000000e+02
1.687399228437126624e+02,1.000000000000000000e+00,1.460000000000000000e+02
1.669731973408796932e+02,1.000000000000000000e+00,1.460000000000000000e+02
1.646724924663141678e+02,1.000000000000000000e+00,1.460000000000000000e+02
1.643341022584316704e+02,1.000000000000000000e+00,1.460000000000000000e+02
1.634409012995541275e+02,1.000000000000000000e+00,1.460000000000000000e+02
1.712696297683880289e+02,1.000000000000000000e+00,1.460000000000000000e+02
1.667030173413480441e+02,1.000000000000000000e+00,1.460000000000000000e+02
1.659261262672443422e+02,1.000000000000000000e+00,1.460000000000000000e+02
1.655510848599139990e+02,1.000000000000000000e+00,1.460000000000000000e+02
1.673682143866330989e+02,1.000000000000000000e+00,1.460000000000000000e+02
1.657546058477759630e+02,1.000000000000000000e+00,1.460000000000000000e+02
1.641394099163273097e+02,1.000000000000000000e+00,1.460000000000000000e+02
1.631253018938888601e+02,1.000000000000000000e+00,1.460000000000000000e+02
1.651738295187147969e+02,1.000000000000000000e+00,1.460000000000000000e+02
1.654679845516232035e+02,1.000000000000000000e+00,1.460000000000000000e+02
1.657876621343952479e+02,1.000000000000000000e+00,1.460000000000000000e+02
1.681991081205241585e+02,1.000000000000000000e+00,1.460000000000000000e+02
1.628876002535528187e+02,1.000000000000000000e+00,1.460000000000000000e+02
1.662698027796082556e+02,1.000000000000000000e+00,1.460000000000000000e+02
1.671734104989047296e+02,1.000000000000000000e+00,1.460000000000000000e+02
1.617310945249403744e+02,1.000000000000000000e+00,1.460000000000000000e+02
1.663788634554864245e+02,1.000000000000000000e+00,1.460000000000000000e+02
1.662311742134108385e+02,1.000000000000000000e+00,1.460000000000000000e+02
1.623346993902239888e+02,1.000000000000000000e+00,1.460000000000000000e+02
1.644973504446975596e+02,1.000000000000000000e+00,1.460000000000000000e+02
1.670314355385729641e+02,1.000000000000000000e+00,1.460000000000000000e+02
1.621032197889127815e+02,1.000000000000000000e+00,1.460000000000000000e+02
1.677725589172355853e+02,1.000000000000000000e+00,1.460000000000000000e+02
1.692148328507049087e+02,1.000000000000000000e+00,1.460000000000000000e+02
1.695830305464984633e+02,1.000000000000000000e+00,1.460000000000000000e+02
1.635332105197508952e+02,1.000000000000000000e+00,1.460000000000000000e+02
1.651865805537539984e+02,1.000000000000000000e+00,1.460000000000000000e+02
1.660163658664227739e+02,1.000000000000000000e+00,1.460000000000000000e+02
1.700756568584469903e+02,1.000000000000000000e+00,1.460000000000000000e+02
1.686540165299769853e+02,1.000000000000000000e+00,1.460000000000000000e+02
1.645009244517056288e+02,1.000000000000000000e+00,1.460000000000000000e+02
1.634949509718992999e+02,1.000000000000000000e+00,1.460000000000000000e+02
1.695426434377680494e+02,1.000000000000000000e+00,1.460000000000000000e+02
1.673928417160732351e+02,1.000000000000000000e+00,1.460000000000000000e+02
1.649529079179056907e+02,1.000000000000000000e+00,1.460000000000000000e+02
1.673378227306366455e+02,1.000000000000000000e+00,1.460000000000000000e+02
1.679054077232072189e+02,1.000000000000000000e+00,1.470000000000000000e+02
1.663583470479267703e+02,1.000000000000000000e+00,1.470000000000000000e+02
1.658199152585612524e+02,1.000000000000000000e+00,1.470000000000000000e+02
1.699765559530488019e+02,1.000000000000000000e+00,1.470000000000000000e+02
1.669827984717429672e+02,1.000000000000000000e+00,1.470000000000000000e+02
1.685562857019309888e+02,1.000000000000000000e+00,1.470000000000000000e+02
1.641164118796918103e+02,1.000000000000000000e+00,1.470000000000000000e+02
1.695127716688178623e+02,1.000000000000000000e+00,1.470000000000000000e+02
1.653365509957546919e+02,1.000000000000000000e+00,1.470000000000000000e+02
1.653817933444883863e+02,1.000000000000000000e+00,1.470000000000000000e+02
1.673932162325746731e+02,1.000000000000000000e+00,1.470000000000000000e+02
1.650321014522654934e+02,1.000000000000000000e+00,1.470000000000000000e+02
1.666026604307984655e+02,1.000000000000000000e+00,1.470000000000000000e+02
1.665576626668569418e+02,1.000000000000000000e+00,1.470000000000000000e+02
1.642916220131695297e+02,1.000000000000000000e+00,1.470000000000000000e+02
1.688313788285744295e+02,1.000000000000000000e+00,1.470000000000000000e+02
1.688716929527095658e+02,1.000000000000000000e+00,1.470000000000000000e+02
1.657111639143013520e+02,1.000000000000000000e+00,1.470000000000000000e+02
1.682814554725467246e+02,1.000000000000000000e+00,1.470000000000000000e+02
1.685043612520791783e+02,1.000000000000000000e+00,1.470000000000000000e+02
1.680792605693706889e+02,1.000000000000000000e+00,1.470000000000000000e+02
1.640447208299929400e+02,1.000000000000000000e+00,1.470000000000000000e+02
1.688256872730572979e+02,1.000000000000000000e+00,1.470000000000000000e+02
1.649295856493094448e+02,1.000000000000000000e+00,1.470000000000000000e+02
1.683466713462275095e+02,1.000000000000000000e+00,1.470000000000000000e+02
1.668744333364947749e+02,1.000000000000000000e+00,1.470000000000000000e+02
1.689468424145229619e+02,1.000000000000000000e+00,1.470000000000000000e+02
1.666271017437627791e+02,1.000000000000000000e+00,1.470000000000000000e+02
1.697052525660418496e+02,1.000000000000000000e+00,1.470000000000000000e+02
1.686431974943740215e+02,1.000000000000000000e+00,1.470000000000000000e+02
1.682080877516610258e+02,1.000000000000000000e+00,1.470000000000000000e+02
1.661996267653230461e+02,1.000000000000000000e+00,1.470000000000000000e+02
1.625192436291388844e+02,1.000000000000000000e+00,1.470000000000000000e+02
1.694368812390611936e+02,1.000000000000000000e+00,1.470000000000000000e+02
1.662853371507609381e+02,1.000000000000000000e+00,1.470000000000000000e+02
1.677880985847818351e+02,1.000000000000000000e+00,1.470000000000000000e+02
1.671835984958079848e+02,1.000000000000000000e+00,1.470000000000000000e+02
1.674364938238650780e+02,1.000000000000000000e+00,1.470000000000000000e+02
1.669886178498916252e+02,1.000000000000000000e+00,1.470000000000000000e+02
1.674219041652235660e+02,1.000000000000000000e+00,1.470000000000000000e+02
1.697427057245889443e+02,1.000000000000000000e+00,1.470000000000000000e+02
1.672426699823252534e+02,1.000000000000000000e+00,1.470000000000000000e+02
1.654788320962858847e+02,1.000000000000000000e+00,1.470000000000000000e+02
1.680924900623999463e+02,1.000000000000000000e+00,1.470000000000000000e+02
1.689487149331967544e+02,1.000000000000000000e+00,1.480000000000000000e+02
1.703662395143781225e+02,1.000000000000000000e+00,1.480000000000000000e+02
1.696506548475118450e+02,1.000000000000000000e+00,1.480000000000000000e+02
1.713582738277598878e+02,1.000000000000000000e+00,1.480000000000000000e+02
1.713668129030552052e+02,1.000000000000000000e+00,1.480000000000000000e+02
1.697646450878243058e+02,1.000000000000000000e+00,1.480000000000000000e+02
1.644364625773586113e+02,1.000000000000000000e+00,1.480000000000000000e+02
1.701146487290600362e+02,1.000000000000000000e+00,1.480000000000000000e+02
1.688675754062701913e+02,1.000000000000000000e+00,1.480000000000000000e+02
1.660325518127780242e+02,1.000000000000000000e+00,1.480000000000000000e+02
1.726450998988427727e+02,1.000000000000000000e+00,1.480000000000000000e+02
1.677854787117182980e+02,1.000000000000000000e+00,1.480000000000000000e+02
1.660597952964169792e+02,1.000000000000000000e+00,1.480000000000000000e+02
1.680586388476684192e+02,1.000000000000000000e+00,1.480000000000000000e+02
1.689983821932349599e+02,1.000000000000000000e+00,1.480000000000000000e+02
1.709168714227077714e+02,1.000000000000000000e+00,1.480000000000000000e+02
1.686555493197498947e+02,1.000000000000000000e+00,1.480000000000000000e+02
1.687835197010517447e+02,1.000000000000000000e+00,1.480000000000000000e+02
1.681849905543676300e+02,1.000000000000000000e+00,1.480000000000000000e+02
1.678911233425316141e+02,1.000000000000000000e+00,1.480000000000000000e+02
1.670835662242755006e+02,1.000000000000000000e+00,1.480000000000000000e+02
1.717018573130748962e+02,1.000000000000000000e+00,1.480000000000000000e+02
1.699553803891083703e+02,1.000000000000000000e+00,1.480000000000000000e+02
1.672994676967657028e+02,1.000000000000000000e+00,1.480000000000000000e+02
1.710470747023672402e+02,1.000000000000000000e+00,1.480000000000000000e+02
1.703998347188097569e+02,1.000000000000000000e+00,1.480000000000000000e+02
1.687922925282451274e+02,1.000000000000000000e+00,1.480000000000000000e+02
1.682181395179878507e+02,1.000000000000000000e+00,1.480000000000000000e+02
1.729753432576806347e+02,1.000000000000000000e+00,1.480000000000000000e+02
1.746843376654030067e+02,1.000000000000000000e+00,1.480000000000000000e+02
1.689253322522118026e+02,1.000000000000000000e+00,1.480000000000000000e+02
1.680088292802728915e+02,1.000000000000000000e+00,1.480000000000000000e+02
1.711361508923276347e+02,1.000000000000000000e+00,1.480000000000000000e+02
1.722962792818815387e+02,1.000000000000000000e+00,1.480000000000000000e+02
1.682466524439598459e+02,1.000000000000000000e+00,1.480000000000000000e+02
1.721211120077805390e+02,1.000000000000000000e+00,1.480000000000000000e+02
1.715666846367607832e+02,1.000000000000000000e+00,1.480000000000000000e+02
1.720762746449403551e+02,1.000000000000000000e+00,1.480000000000000000e+02
1.684867243650608373e+02,1.000000000000000000e+00,1.480000000000000000e+02
1.707820535686860239e+02,1.000000000000000000e+00,1.480000000000000000e+02
1.725619568172716072e+02,1.000000000000000000e+00,1.480000000000000000e+02
1.717782035887770462e+02,1.000000000000000000e+00,1.480000000000000000e+02
1.731448190758926842e+02,1.000000000000000000e+00,1.480000000000000000e+02
1.738447129281993284e+02,1.000000000000000000e+00,1.480000000000000000e+02
1.685889195257710753e+02,1.000000000000000000e+00,1.480000000000000000e+02
1.664039016190220082e+02,1.000000000000000000e+00,1.490000000000000000e+02
1.710437268561202870e+02,1.000000000000000000e+00,1.490000000000000000e+02
1.728625223661887844e+02,1.000000000000000000e+00,1.490000000000000000e+02
1.713959027918362494e+02,1.000000000000000000e+00,1.490000000000000000e+02
1.699958089811282491e+02,1.000000000000000000e+00,1.490000000000000000e+02
1.703000967441019213e+02,1.000000000000000000e+00,1.490000000000000000e+02
1.693660645744591875e+02,1.000000000000000000e+00,1.490000000000000000e+02
1.686553769730682575e+02,1.000000000000000000e+00,1.490000000000000000e+02
1.677694936871202458e+02,1.000000000000000000e+00,1.490000000000000000e+02
1.730576529866007434e+02,1.000000000000000000e+00,1.490000000000000000e+02
1.734614519691977250e+02,1.000000000000000000e+00,1.490000000000000000e+02
1.715482330667833821e+02,1.000000000000000000e+00,1.490000000000000000e+02
1.735194172265965449e+02,1.000000000000000000e+00,1.490000000000000000e+02
1.718825203541682640e+02,1.000000000000000000e+00,1.490000000000000000e+02
1.744699539719127870e+02,1.000000000000000000e+00,1.490000000000000000e+02
1.737313638016757409e+02,1.000000000000000000e+00,1.490000000000000000e+02
1.700022776186162616e+02,1.000000000000000000e+00,1.490000000000000000e+02
1.685618578828409682e+02,1.000000000000000000e+00,1.490000000000000000e+02
1.712450429123437061e+02,1.000000000000000000e+00,1.490000000000000000e+02
1.692099920093963590e+02,1.000000000000000000e+00,1.490000000000000000e+02
1.705733120026601171e+02,1.000000000000000000e+00,1.490000000000000000e+02
1.699833728850676664e+02,1.000000000000000000e+00,1.490000000000000000e+02
1.705146600958174474e+02,1.000000000000000000e+00,1.490000000000000000e+02
1.705983164644815133e+02,1.000000000000000000e+00,1.490000000000000000e+02
1.708599045283982889e+02,1.000000000000000000e+00,1.490000000000000000e+02
1.724562501242385792e+02,1.000000000000000000e+00,1.490000000000000000e+02
1.735215745360131621e+02,1.000000000000000000e+00,1.490000000000000000e+02
1.774850086001871716e+02,1.000000000000000000e+00,1.490000000000000000e+02
1.732395651663328522e+02,1.000000000000000000e+00,1.490000000000000000e+02
1.717956765111786410e+02,1.000000000000000000e+00,1.490000000000000000e+02
1.694103934478221163e+02,1.000000000000000000e+00,1.490000000000000000e+02
1.720139574571472849e+02,1.000000000000000000e+00,1.490000000000000000e+02
1.696591922874899296e+02,1.000000000000000000e+00,1.490000000000000000e+02
1.742407159032135269e+02,1.000000000000000000e+00,1.490000000000000000e+02
1.703769851525889294e+02,1.000000000000000000e+00,1.490000000000000000e+02
1.730808629938044874e+02,1.000000000000000000e+00,1.490000000000000000e+02
1.755716176506765294e+02,1.000000000000000000e+00,1.490000000000000000e+02
1.748200549678138032e+02,1.000000000000000000e+00,1.490000000000000000e+02
1.731466670841317637e+02,1.000000000000000000e+00,1.490000000000000000e+02
1.732523439002688406e+02,1.000000000000000000e+00,1.490000000000000000e+02
1.696967017841026575e+02,1.000000000000000000e+00,1.490000000000000000e+02
1.728332320924669716e+02,1.000000000000000000e+00,1.490000000000000000e+02
1.727321448346402235e+02,1.000000000000000000e+00,1.490000000000000000e+02
1.698662981941067187e+02,1.000000000000000000e+00,1.490000000000000000e+02
1.752977544963639218e+02,1.000000000000000000e+00,1.500000000000000000e+02
1.753162304535265719e+02,1.000000000000000000e+00,1.500000000000000000e+02
1.781143568303265283e+02,1.000000000000000000e+00,1.500000000000000000e+02
1.756570793627570310e+02,1.000000000000000000e+00,1.500000000000000000e+02
1.771155764288368744e+02,1.000000000000000000e+00,1.500000000000000000e+02
1.724250940193066697e+02,1.000000000000000000e+00,1.500000000000000000e+02
1.727994078270118905e+02,1.000000000000000000e+00,1.500000000000000000e+02
1.730340479662034170e+02,1.000000000000000000e+00,1.500000000000000000e+02
1.683377861145755219e+02,1.000000000000000000e+00,1.500000000000000000e+02
1.740755644950808687e+02,1.000000000000000000e+00,1.500000000000000000e+02
1.748163821202253985e+02,1.000000000000000000e+00,1.500000000000000000e+02
1.730873936808802398e+02,1.000000000000000000e+00,1.500000000000000000e+02
1.737622574011348888e+02,1.000000000000000000e+00,1.500000000000000000e+02
1.746559732046175952e+02,1.000000000000000000e+00,1.500000000000000000e+02
1.782820010955034036e+02,1.000000000000000000e+00,1.500000000000000000e+02
1.743477165019122310e+02,1.000000000000000000e+00,1.500000000000000000e+02
1.739123773844567040e+02,1.000000000000000000e+00,1.500000000000000000e+02
1.754102104934540591e+02,1.000000000000000000e+00,1.500000000000000000e+02
1.749800796347768426e+02,1.000000000000000000e+00,1.500000000000000000e+02
1.732106812953933854e+02,1.000000000000000000e+00,1.500000000000000000e+02
1.746456536858052289e+02,1.000000000000000000e+00,1.500000000000000000e+02
1.737612239895794346e+02,1.000000000000000000e+00,1.500000000000000000e+02
1.763611689660376101e+02,1.000000000000000000e+00,1.500000000000000000e+02
1.763294749592734831e+02,1.000000000000000000e+00,1.500000000000000000e+02
1.748171414265188162e+02,1.000000000000000000e+00,1.500000000000000000e+02
1.729110778194422551e+02,1.000000000000000000e+00,1.500000000000000000e+02
1.757521988306094158e+02,1.000000000000000000e+00,1.500000000000000000e+02
1.764359559221341556e+02,1.000000000000000000e+00,1.500000000000000000e+02
1.774949719747107508e+02,1.000000000000000000e+00,1.500000000000000000e+02
1.756667189013797667e+02,1.000000000000000000e+00,1.500000000000000000e+02
1.739147610308944536e+02,1.000000000000000000e+00,1.500000000000000000e+02
1.716578217292935165e+02,1.000000000000000000e+00,1.500000000000000000e+02
1.752607431799917777e+02,1.000000000000000000e+00,1.500000000000000000e+02
1.757409174241725509e+02,1.000000000000000000e+00,1.500000000000000000e+02
1.740001812561385464e+02,1.000000000000000000e+00,1.500000000000000000e+02
1.762364634881539303e+02,1.000000000000000000e+00,1.500000000000000000e+02
1.738307973005142628e+02,1.000000000000000000e+00,1.500000000000000000e+02
1.777231737213307383e+02,1.000000000000000000e+00,1.500000000000000000e+02
1.751030167671754327e+02,1.000000000000000000e+00,1.500000000000000000e+02
1.758951145711277491e+02,1.000000000000000000e+00,1.500000000000000000e+02
1.751436619398146490e+02,1.000000000000000000e+00,1.500000000000000000e+02
1.761741509338681624e+02,1.000000000000000000e+00,1.500000000000000000e+02
1.760069493877169293e+02,1.000000000000000000e+00,1.500000000000000000e+02
1.750649342173589389e+02,1.000000000000000000e+00,1.500000000000000000e+02
1.756118408665467996e+02,1.000000000000000000e+00,1.500000000000000000e+02
1.789358664360002535e+02,1.000000000000000000e+00,1.510000000000000000e+02
1.760005139110653261e+02,1.000000000000000000e+00,1.510000000000000000e+02
1.768791318795855432e+02,1.000000000000000000e+00,1.510000000000000000e+02
1.746328374595370860e+02,1.000000000000000000e+00,1.510000000000000000e+02
1.741186761280870883e+02,1.000000000000000000e+00,1.510000000000000000e+02
1.773244754264852645e+02,1.000000000000000000e+00,1.510000000000000000e+02
1.786350115813195032e+02,1.000000000000000000e+00,1.510000000000000000e+02
1.783320612196311004e+02,1.000000000000000000e+00,1.510000000000000000e+02
1.764750329844184478e+02,1.000000000000000000e+00,1.510000000000000000e+02
1.754921142313913549e+02,1.000000000000000000e+00,1.510000000000000000e+02
1.782794972293583555e+02,1.000000000000000000e+00,1.510000000000000000e+02
1.757827479477874704e+02,1.000000000000000000e+00,1.510000000000000000e+02
1.752620884348006314e+02,1.000000000000000000e+00,1.510000000000000000e+02
1.762815186936816190e+02,1.000000000000000000e+00,1.510000000000000000e+02
1.791673843939995834e+02,1.000000000000000000e+00,1.510000000000000000e+02
1.735187999501940794e+02,1.000000000000000000e+00,1.510000000000000000e+02
1.787417479764729364e+02,1.000000000000000000e+00,1.510000000000000000e+02
1.766284298079866915e+02,1.000000000000000000e+00,1.510000000000000000e+02
1.779637231084404050e+02,1.000000000000000000e+00,1.510000000000000000e+02
1.763925952842706693e+02,1.000000000000000000e+00,1.510000000000000000e+02
1.792197282226843242e+02,1.000000000000000000e+00,1.510000000000000000e+02
1.761430042777055860e+02,1.000000000000000000e+00,1.510000000000000000e+02
1.727091303517470067e+02,1.000000000000000000e+00,1.510000000000000000e+02
1.763299353134863452e+02,1.000000000000000000e+00,1.510000000000000000e+02
1.744250733605355208e+02,1.000000000000000000e+00,1.510000000000000000e+02
1.792132448836177900e+02,1.000000000000000000e+00,1.510000000000000000e+02
1.779633835754449365e+02,1.000000000000000000e+00,1.510000000000000000e+02
1.764458446056445950e+02,1.000000000000000000e+00,1.510000000000000000e+02
1.785419082069118986e+02,1.000000000000000000e+00,1.510000000000000000e+02
1.771904781462368987e+02,1.000000000000000000e+00,1.510000000000000000e+02
1.783029229269263851e+02,1.000000000000000000e+00,1.510000000000000000e+02
1.786223315619054119e+02,1.000000000000000000e+00,1.510000000000000000e+02
1.775176233243643935e+02,1.000000000000000000e+00,1.510000000000000000e+02
1.802852010000323446e+02,1.000000000000000000e+00,1.510000000000000000e+02
1.785363126539588734e+02,1.000000000000000000e+00,1.510000000000000000e+02
1.763359148746982896e+02,1.000000000000000000e+00,1.510000000000000000e+02
1.787339174179272163e+02,1.000000000000000000e+00,1.510000000000000000e+02
1.749288964227765177e+02,1.000000000000000000e+00,1.510000000000000000e+02
1.806162633749858060e+02,1.000000000000000000e+00,1.510000000000000000e+02
1.768979266843195148e+02,1.000000000000000000e+00,1.510000000000000000e+02
1.817798126139541068e+02,1.000000000000000000e+00,1.510000000000000000e+02
1.787229309706564209e+02,1.000000000000000000e+00,1.510000000000000000e+02
1.756014118180239052e+02,1.000000000000000000e+00,1.510000000000000000e+02
1.791077221773009853e+02,1.000000000000000000e+00,1.510000000000000000e+02
1.802471254404460694e+02,1.000000000000000000e+00,1.520000000000000000e+02
1.792219846533307930e+02,1.000000000000000000e+00,1.520000000000000000e+02
1.805001351957166094e+02,1.000000000000000000e+00,1.520000000000000000e+02
1.813601171050572987e+02,1.000000000000000000e+00,1.520000000000000000e+02
1.793363400397188911e+02,1.000000000000000000e+00,1.520000000000000000e+02
1.788989192395473253e+02,1.000000000000000000e+00,1.520000000000000000e+02
1.822612935415752133e+02,1.000000000000000000e+00,1.520000000000000000e+02
1.822402593159464459e+02,1.000000000000000000e+00,1.520000000000000000e+02
1.782640478262819101e+02,1.000000000000000000e+00,1.520000000000000000e+02
1.774883836682004983e+02,1.000000000000000000e+00,1.520000000000000000e+02
1.797355396129925680e+02,1.000000000000000000e+00,1.520000000000000000e+02
1.779361397397186124e+02,1.000000000000000000e+00,1.520000000000000000e+02
1.818503794670432967e+02,1.000000000000000000e+00,1.520000000000000000e+02
1.842109245017669537e+02,1.000000000000000000e+00,1.520000000000000000e+02
1.799942858037882445e+02,1.000000000000000000e+00,1.520000000000000000e+02
1.803968754100493754e+02,1.000000000000000000e+00,1.520000000000000000e+02
1.820029633135812901e+02,1.000000000000000000e+00,1.520000000000000000e+02
1.837116463209363815e+02,1.000000000000000000e+00,1.520000000000000000e+02
1.836062786696048761e+02,1.000000000000000000e+00,1.520000000000000000e+02
1.805053552620048265e+02,1.000000000000000000e+00,1.520000000000000000e+02
1.815746091558678756e+02,1.000000000000000000e+00,1.520000000000000000e+02
1.828134408545520557e+02,1.000000000000000000e+00,1.520000000000000000e+02
1.835662258200995893e+02,1.000000000000000000e+00,1.520000000000000000e+02
1.817267593697999928e+02,1.000000000000000000e+00,1.520000000000000000e+02
1.823804425578672124e+02,1.000000000000000000e+00,1.520000000000000000e+02
1.798234872291594684e+02,1.000000000000000000e+00,1.520000000000000000e+02
1.825476660485101945e+02,1.000000000000000000e+00,1.520000000000000000e+02
1.820625353748480109e+02,1.000000000000000000e+00,1.520000000000000000e+02
1.840670966381826759e+02,1.000000000000000000e+00,1.520000000000000000e+02
1.811099799406565580e+02,1.000000000000000000e+00,1.520000000000000000e+02
1.762940817109056297e+02,1.000000000000000000e+00,1.520000000000000000e+02
1.789226658611873404e+02,1.000000000000000000e+00,1.520000000000000000e+02
1.805411072353241195e+02,1.000000000000000000e+00,1.520000000000000000e+02
1.830810798006375819e+02,1.000000000000000000e+00,1.520000000000000000e+02
1.821617923392601028e+02,1.000000000000000000e+00,1.520000000000000000e+02
1.803785093179512842e+02,1.000000000000000000e+00,1.520000000000000000e+02
1.834738226894025956e+02,1.000000000000000000e+00,1.520000000000000000e+02
1.783773641464505317e+02,1.000000000000000000e+00,1.520000000000000000e+02
1.804528806839935555e+02,1.000000000000000000e+00,1.520000000000000000e+02
1.826073216016272625e+02,1.000000000000000000e+00,1.520000000000000000e+02
1.772798007396330036e+02,1.000000000000000000e+00,1.520000000000000000e+02
1.829820813024317090e+02,1.000000000000000000e+00,1.520000000000000000e+02
1.791071270408320402e+02,1.000000000000000000e+00,1.520000000000000000e+02
1.859450958598497436e+02,1.000000000000000000e+00,1.520000000000000000e+02
1.837107002717633293e+02,1.000000000000000000e+00,1.530000000000000000e+02
1.825474652084157299e+02,1.000000000000000000e+00,1.530000000000000000e+02
1.831041552942645865e+02,1.000000000000000000e+00,1.530000000000000000e+02
1.854771795746766259e+02,1.000000000000000000e+00,1.530000000000000000e+02
1.847263163300200404e+02,1.000000000000000000e+00,1.530000000000000000e+02
1.854571314600844687e+02,1.000000000000000000e+00,1.530000000000000000e+02
1.848992210597911310e+02,1.000000000000000000e+00,1.530000000000000000e+02
1.841740570768493512e+02,1.000000000000000000e+00,1.530000000000000000e+02
1.851648657974897958e+02,1.000000000000000000e+00,1.530000000000000000e+02
1.821252825659438201e+02,1.000000000000000000e+00,1.530000000000000000e+02
1.853750633730260802e+02,1.000000000000000000e+00,1.530000000000000000e+02
1.833200306764076402e+02,1.000000000000000000e+00,1.530000000000000000e+02
1.826206233247472994e+02,1.000000000000000000e+00,1.530000000000000000e+02
1.852257770702201753e+02,1.000000000000000000e+00,1.530000000000000000e+02
1.803655225704961538e+02,1.000000000000000000e+00,1.530000000000000000e+02
1.863509469123019926e+02,1.000000000000000000e+00,1.530000000000000000e+02
1.838730960446089568e+02,1.000000000000000000e+00,1.530000000000000000e+02
1.868550033140109576e+02,1.000000000000000000e+00,1.530000000000000000e+02
1.825613233352457883e+02,1.000000000000000000e+00,1.530000000000000000e+02
1.852428093786867009e+02,1.000000000000000000e+00,1.530000000000000000e+02
1.839660802655251359e+02,1.000000000000000000e+00,1.530000000000000000e+02
1.862302899027201022e+02,1.000000000000000000e+00,1.530000000000000000e+02
1.874553576868836444e+02,1.000000000000000000e+00,1.530000000000000000e+02
1.847595345556939321e+02,1.000000000000000000e+00,1.530000000000000000e+02
1.881729380974085473e+02,1.000000000000000000e+00,1.530000000000000000e+02
1.852956130349732575e+02,1.000000000000000000e+00,1.530000000000000000e+02
1.856717451157895198e+02,1.000000000000000000e+00,1.530000000000000000e+02
1.866432993795662583e+02,1.000000000000000000e+00,1.530000000000000000e+02
1.850761122338811617e+02,1.000000000000000000e+00,1.530000000000000000e+02
1.881002163428267977e+02,1.000000000000000000e+00,1.530000000000000000e+02
1.829694560419638947e+02,1.000000000000000000e+00,1.530000000000000000e+02
1.876409380157430746e+02,1.000000000000000000e+00,1.530000000000000000e+02
1.859550141814027029e+02,1.000000000000000000e+00,1.530000000000000000e+02
1.875816976397667872e+02,1.000000000000000000e+00,1.530000000000000000e+02
1.822273798413864938e+02,1.000000000000000000e+00,1.530000000000000000e+02
1.866503906030524149e+02,1.000000000000000000e+00,1.530000000000000000e+02
1.866102190224141566e+02,1.000000000000000000e+00,1.530000000000000000e+02
1.856762315129532794e+02,1.000000000000000000e+00,1.530000000000000000e+02
1.881469773809689059e+02,1.000000000000000000e+00,1.530000000000000000e+02
1.840920480581740151e+02,1.000000000000000000e+00,1.530000000000000000e+02
1.840474760442279489e+02,1.000000000000000000e+00,1.530000000000000000e+02
1.832192568170543723e+02,1.000000000000000000e+00,1.530000000000000000e+02
1.830427432747407011e+02,1.000000000000000000e+00,1.530000000000000000e+02
1.868800128373090956e+02,1.000000000000000000e+00,1.530000000000000000e+02
1.848936515013213295e+02,1.000000000000000000e+00,1.530000000000000000e+02
1.860403543681226495e+02,1.000000000000000000e+00,1.540000000000000000e+02
1.855597997404974251e+02,1.000000000000000000e+00,1.540000000000000000e+02
1.857638251311693409e+02,1.000000000000000000e+00,1.540000000000000000e+02
1.856555484770534576e+02,1.000000000000000000e+00,1.540000000000000000e+02
1.899028546189167059e+02,1.000000000000000000e+00,1.540000000000000000e+02
1.825832994014766371e+02,1.000000000000000000e+00,1.540000000000000000e+02
1.842637036495742677e+02,1.000000000000000000e+00,1.540000000000000000e+02
1.913857055546885135e+02,1.000000000000000000e+00,1.540000000000000000e+02
1.882515826481514125e+02,1.000000000000000000e+00,1.540000000000000000e+02
1.881430582141260288e+02,1.000000000000000000e+00,1.540000000000000000e+02
1.882477229880534821e+02,1.000000000000000000e+00,1.540000000000000000e+02
1.909398100056832561e+02,1.000000000000000000e+00,1.540000000000000000e+02
1.883733659692535980e+02,1.000000000000000000e+00,1.540000000000000000e+02
1.884359144930810999e+02,1.000000000000000000e+00,1.540000000000000000e+02
1.886112868546859147e+02,1.000000000000000000e+00,1.540000000000000000e+02
1.881965427597938856e+02,1.000000000000000000e+00,1.540000000000000000e+02
1.897021404071579127e+02,1.000000000000000000e+00,1.540000000000000000e+02
1.885288855121327742e+02,1.000000000000000000e+00,1.540000000000000000e+02
1.872619575055167616e+02,1.000000000000000000e+00,1.540000000000000000e+02
1.913331559644815911e+02,1.000000000000000000e+00,1.540000000000000000e+02
1.890924224474333073e+02,1.000000000000000000e+00,1.540000000000000000e+02
1.890810130293788234e+02,1.000000000000000000e+00,1.540000000000000000e+02
1.869900138836872543e+02,1.000000000000000000e+00,1.540000000000000000e+02
1.896215440384183353e+02,1.000000000000000000e+00,1.540000000000000000e+02
1.864424079536124736e+02,1.000000000000000000e+00,1.540000000000000000e+02
1.891099905031477135e+02,1.000000000000000000e+00,1.540000000000000000e+02
1.908132351854504520e+02,1.000000000000000000e+00,1.540000000000000000e+02
1.933955817804036315e+02,1.000000000000000000e+00,1.540000000000000000e+02
1.885501985750524909e+02,1.000000000000000000e+00,1.540000000000000000e+02
1.889812256931138563e+02,1.000000000000000000e+00,1.540000000000000000e+02
1.904203626237241451e+02,1.000000000000000000e+00,1.540000000000000000e+02
1.918356531505819191e+02,1.000000000000000000e+00,1.540000000000000000e+02
1.901540790665092118e+02,1.000000000000000000e+00,1.540000000000000000e+02
1.889613900785575993e+02,1.000000000000000000e+00,1.540000000000000000e+02
1.916085273132811153e+02,1.000000000000000000e+00,1.540000000000000000e+02
1.918039700447789926e+02,1.000000000000000000e+00,1.540000000000000000e+02
1.927473027140421777e+02,1.000000000000000000e+00,1.540000000000000000e+02
1.905676222612462141e+02,1.000000000000000000e+00,1.540000000000000000e+02
1.888050647323788382e+02,1.000000000000000000e+00,1.540000000000000000e+02
1.903241002225994691e+02,1.000000000000000000e+00,1.540000000000000000e+02
1.918968724925891252e+02,1.000000000000000000e+00,1.540000000000000000e+02
1.885982242743931465e+02,1.000000000000000000e+00,1.540000000000000000e+02
1.904680853372989873e+02,1.000000000000000000e+00,1.540000000000000000e+02
1.900933893141725548e+02,1.000000000000000000e+00,1.540000000000000000e+02
1.909206358473926457e+02,1.000000000000000000e+00,1.550000000000000000e+02
1.939747927077803809e+02,1.000000000000000000e+00,1.550000000000000000e+02
1.915835488588974727e+02,1.000000000000000000e+00,1.550000000000000000e+02
1.885436960272180329e+02,1.000000000000000000e+00,1.550000000000000000e+02
1.892765885620928827e+02,1.000000000000000000e+00,1.550000000000000000e+02
1.952719015511771090e+02,1.000000000000000000e+00,1.550000000000000000e+02
1.925980995500868005e+02,1.000000000000000000e+00,1.550000000000000000e+02
1.909253921361591040e+02,1.000000000000000000e+00,1.550000000000000000e+02
1.946463112308070720e+02,1.000000000000000000e+00,1.550000000000000000e+02
1.938439120626194097e+02,1.000000000000000000e+00,1.550000000000000000e+02
1.934078499635572541e+02,1.000000000000000000e+00,1.550000000000000000e+02
1.924971438471638976e+02,1.000000000000000000e+00,1.550000000000000000e+02
1.917151776913126184e+02,1.000000000000000000e+00,1.550000000000000000e+02
1.941911402933029365e+02,1.000000000000000000e+00,1.550000000000000000e+02
1.925298567142667139e+02,1.000000000000000000e+00,1.550000000000000000e+02
1.924760677099734494e+02,1.000000000000000000e+00,1.550000000000000000e+02
1.894776207253708549e+02,1.000000000000000000e+00,1.550000000000000000e+02
1.930238960545422628e+02,1.000000000000000000e+00,1.550000000000000000e+02
1.926147958164661702e+02,1.000000000000000000e+00,1.550000000000000000e+02
1.953161635418692867e+02,1.000000000000000000e+00,1.550000000000000000e+02
1.931242257193833609e+02,1.000000000000000000e+00,1.550000000000000000e+02
1.933941708438842397e+02,1.000000000000000000e+00,1.550000000000000000e+02
1.929412736981931573e+02,1.000000000000000000e+00,1.550000000000000000e+02
1.879884603685833326e+02,1.000000000000000000e+00,1.550000000000000000e+02
1.956265319154267104e+02,1.000000000000000000e+00,1.550000000000000000e+02
1.868225804222636839e+02,1.000000000000000000e+00,1.550000000000000000e+02
1.914335185000340971e+02,1.000000000000000000e+00,1.550000000000000000e+02
1.950617138099385954e+02,1.000000000000000000e+00,1.550000000000000000e+02
1.898770524125157522e+02,1.000000000000000000e+00,1.550000000000000000e+02
1.922089120679793268e+02,1.000000000000000000e+00,1.550000000000000000e+02
1.951638653300445014e+02,1.000000000000000000e+00,1.550000000000000000e+02
1.957497146038842288e+02,1.000000000000000000e+00,1.550000000000000000e+02
1.930127293286472252e+02,1.000000000000000000e+00,1.550000000000000000e+02
1.910455990193172795e+02,1.000000000000000000e+00,1.550000000000000000e+02
1.927357170660786494e+02,1.000000000000000000e+00,1.550000000000000000e+02
1.913657982621151064e+02,1.000000000000000000e+00,1.550000000000000000e+02
1.951626984444424124e+02,1.000000000000000000e+00,1.550000000000000000e+02
1.960705856369328899e+02,1.000000000000000000e+00,1.550000000000000000e+02
1.940496251304026885e+02,1.000000000000000000e+00,1.550000000000000000e+02
1.941201973428887868e+02,1.000000000000000000e+00,1.550000000000000000e+02
1.937253866627179377e+02,1.000000000000000000e+00,1.550000000000000000e+02
1.940692547618159551e+02,1.000000000000000000e+00,1.550000000000000000e+02
1.937637826649007877e+02,1.000000000000000000e+00,1.550000000000000000e+02
1.944320249661269031e+02,1.000000000000000000e+00,1.550000000000000000e+02
1.944409889088132104e+02,1.000000000000000000e+00,1.550000000000000000e+02
1.933028712557243125e+02,1.000000000000000000e+00,1.560000000000000000e+02
1.966191483424657065e+02,1.000000000000000000e+00,1.560000000000000000e+02
1.941729460684287858e+02,1.000000000000000000e+00,1.560000000000000000e+02
1.950136893302125713e+02,1.000000000000000000e+00,1.560000000000000000e+02
1.925341685903541133e+02,1.000000000000000000e+00,1.560000000000000000e+02
1.919277836152814984e+02,1.000000000000000000e+00,1.560000000000000000e+02
1.975947734307971473e+02,1.000000000000000000e+00,1.560000000000000000e+02
2.004793428536825104e+02,1.000000000000000000e+00,1.560000000000000000e+02
1.962295761465066732e+02,1.000000000000000000e+00,1.560000000000000000e+02
1.974020731689948605e+02,1.000000000000000000e+00,1.560000000000000000e+02
1.981452014658758571e+02,1.000000000000000000e+00,1.560000000000000000e+02
1.939768295302981471e+02,1.000000000000000000e+00,1.560000000000000000e+02
1.950701744331860823e+02,1.000000000000000000e+00,1.560000000000000000e+02
1.963525263539822276e+02,1.000000000000000000e+00,1.560000000000000000e+02
1.954653889109208933e+02,1.000000000000000000e+00,1.560000000000000000e+02
1.998873800677150143e+02,1.000000000000000000e+00,1.560000000000000000e+02
1.944876787592712617e+02,1.000000000000000000e+00,1.560000000000000000e+02
1.962590514099451298e+02,1.000000000000000000e+00,1.560000000000000000e+02
2.007119490541422806e+02,1.000000000000000000e+00,1.560000000000000000e+02
1.950089080830084072e+02,1.000000000000000000e+00,1.560000000000000000e+02
1.932657871512403744e+02,1.000000000000000000e+00,1.560000000000000000e+02
2.003764531636040545e+02,1.000000000000000000e+00,1.560000000000000000e+02
1.993100603941518045e+02,1.000000000000000000e+00,1.560000000000000000e+02
1.968543824949782106e+02,1.000000000000000000e+00,1.560000000000000000e+02
1.936450332767246323e+02,1.000000000000000000e+00,1.560000000000000000e+02
1.981063006164027058e+02,1.000000000000000000e+00,1.560000000000000000e+02
1.959298831321071077e+02,1.000000000000000000e+00,1.560000000000000000e+02
1.993954821615579363e+02,1.000000000000000000e+00,1.560000000000000000e+02
1.982898985854528462e+02,1.000000000000000000e+00,1.560000000000000000e+02
1.994699319438911118e+02,1.000000000000000000e+00,1.560000000000000000e+02
1.962666595414765993e+02,1.000000000000000000e+00,1.560000000000000000e+02
1.971429986343152052e+02,1.000000000000000000e+00,1.560000000000000000e+02
1.953926581862712624e+02,1.000000000000000000e+00,1.560000000000000000e+02
1.986567699789856647e+02,1.000000000000000000e+00,1.560000000000000000e+02
1.990558662841864077e+02,1.000000000000000000e+00,1.560000000000000000e+02
1.978493122490441749e+02,1.000000000000000000e+00,1.560000000000000000e+02
1.972388796933644528e+02,1.000000000000000000e+00,1.560000000000000000e+02
1.997174492983296830e+02,1.000000000000000000e+00,1.560000000000000000e+02
1.993731485536546302e+02,1.000000000000000000e+00,1.560000000000000000e+02
1.956966675284772350e+02,1.000000000000000000e+00,1.560000000000000000e+02
1.962240180092756248e+02,1.000000000000000000e+00,1.560000000000000000e+02
2.000150000313859380e+02,1.000000000000000000e+00,1.560000000000000000e+02
1.980236137294653531e+02,1.000000000000000000e+00,1.560000000000000000e+02
1.995558998636908541e+02,1.000000000000000000e+00,1.560000000000000000e+02
2.016793132654622980e+02,1.000000000000000000e+00,1.570000000000000000e+02
2.000544110801267266e+02,1.000000000000000000e+00,1.570000000000000000e+02
1.979106293896853686e+02,1.000000000000000000e+00,1.570000000000000000e+02
2.032594392008739703e+02,1.000000000000000000e+00,1.570000000000000000e+02
2.005644471608634092e+02,1.000000000000000000e+00,1.570000000000000000e+02
2.025869677400164335e+02,1.000000000000000000e+00,1.570000000000000000e+02
2.018935690704670947e+02,1.000000000000000000e+00,1.570000000000000000e+02
2.004900345520013332e+02,1.000000000000000000e+00,1.570000000000000000e+02
2.013511744358316378e+02,1.000000000000000000e+00,1.570000000000000000e+02
1.986369861260712923e+02,1.000000000000000000e+00,1.570000000000000000e+02
2.025953146884433806e+02,1.000000000000000000e+00,1.570000000000000000e+02
2.035243076461096337e+02,1.000000000000000000e+00,1.570000000000000000e+02
2.025297250988571705e+02,1.000000000000000000e+00,1.570000000000000000e+02
1.998494539992467480e+02,1.000000000000000000e+00,1.570000000000000000e+02
2.021144325197281546e+02,1.000000000000000000e+00,1.570000000000000000e+02
2.026572070779137391e+02,1.000000000000000000e+00,1.570000000000000000e+02
1.983581156417941429e+02,1.000000000000000000e+00,1.570000000000000000e+02
2.020922821325352459e+02,1.000000000000000000e+00,1.570000000000000000e+02
2.000195952422789105e+02,1.000000000000000000e+00,1.570000000000000000e+02
2.034717919713573053e+02,1.000000000000000000e+00,1.570000000000000000e+02
1.977537420442153859e+02,1.000000000000000000e+00,1.570000000000000000e+02
2.020788728865876180e+02,1.000000000000000000e+00,1.570000000000000000e+02
2.023434184183011553e+02,1.000000000000000000e+00,1.570000000000000000e+02
2.013309601583920880e+02,1.000000000000000000e+00,1.570000000000000000e+02
2.023925601156682319e+02,1.000000000000000000e+00,1.570000000000000000e+02
2.011655946930517587e+02,1.000000000000000000e+00,1.570000000000000000e+02
1.986380097736650896e+02,1.000000000000000000e+00,1.570000000000000000e+02
2.031565460047503677e+02,1.000000000000000000e+00,1.570000000000000000e+02
2.072583554808677206e+02,1.000000000000000000e+00,1.570000000000000000e+02
2.014722559236225266e+02,1.000000000000000000e+00,1.570000000000000000e+02
2.042405825763110556e+02,1.000000000000000000e+00,1.570000000000000000e+02
2.008608123940705923e+02,1.000000000000000000e+00,1.570000000000000000e+02
2.027230471741725921e+02,1.000000000000000000e+00,1.570000000000000000e+02
1.992158703870889553e+02,1.000000000000000000e+00,1.570000000000000000e+02
2.014939616267232338e+02,1.000000000000000000e+00,1.570000000000000000e+02
1.993441667693593331e+02,1.000000000000000000e+00,1.570000000000000000e+02
2.023461875912616961e+02,1.000000000000000000e+00,1.570000000000000000e+02
2.066091525273428715e+02,1.000000000000000000e+00,1.570000000000000000e+02
2.047649640027875080e+02,1.000000000000000000e+00,1.570000000000000000e+02
2.045798590024308510e+02,1.000000000000000000e+00,1.570000000000000000e+02
2.039174595651203958e+02,1.000000000000000000e+00,1.570000000000000000e+02
2.009725697228819286e+02,1.000000000000000000e+00,1.570000000000000000e+02
2.012321380901454972e+02,1.000000000000000000e+00,1.570000000000000000e+02
2.017206780109287081e+02,1.000000000000000000e+00,1.570000000000000000e+02
2.059565888063609407e+02,1.000000000000000000e+00,1.570000000000000000e+02
2.099875958196934391e+02,1.000000000000000000e+00,1.580000000000000000e+02
2.056695661454278650e+02,1.000000000000000000e+00,1.580000000000000000e+02
2.057290741236329268e+02,1.000000000000000000e+00,1.580000000000000000e+02
2.071651462426785884e+02,1.000000000000000000e+00,1.580000000000000000e+02
2.041522872624671265e+02,1.000000000000000000e+00,1.580000000000000000e+02
2.078981454158877966e+02,1.000000000000000000e+00,1.580000000000000000e+02
2.050691399264465531e+02,1.000000000000000000e+00,1.580000000000000000e+02
2.069019472062659588e+02,1.000000000000000000e+00,1.580000000000000000e+02
2.038881323681461026e+02,1.000000000000000000e+00,1.580000000000000000e+02
2.053525884214061534e+02,1.000000000000000000e+00,1.580000000000000000e+02
2.081907702237687374e+02,1.000000000000000000e+00,1.580000000000000000e+02
2.029452796105004495e+02,1.000000000000000000e+00,1.580000000000000000e+02
2.066884581129362175e+02,1.000000000000000000e+00,1.580000000000000000e+02
2.057927522010141956e+02,1.000000000000000000e+00,1.580000000000000000e+02
2.086099871553480511e+02,1.000000000000000000e+00,1.580000000000000000e+02
2.073754080626979714e+02,1.000000000000000000e+00,1.580000000000000000e+02
2.057030067139131404e+02,1.000000000000000000e+00,1.580000000000000000e+02
2.075210392911422446e+02,1.000000000000000000e+00,1.580000000000000000e+02
2.069586320017830019e+02,1.000000000000000000e+00,1.580000000000000000e+02
2.047319856157596973e+02,1.000000000000000000e+00,1.580000000000000000e+02
2.037991198727749236e+02,1.000000000000000000e+00,1.580000000000000000e+02
2.044656372000494571e+02,1.000000000000000000e+00,1.580000000000000000e+02
2.068028197644255499e+02,1.000000000000000000e+00,1.580000000000000000e+02
2.053091816332369035e+02,1.000000000000000000e+00,1.580000000000000000e+02
2.045208012244889630e+02,1.000000000000000000e+00,1.580000000000000000e+02
2.082744118775415245e+02,1.000000000000000000e+00,1.580000000000000000e+02
2.061632671979712086e+02,1.000000000000000000e+00,1.580000000000000000e+02
2.093868783185361053e+02,1.000000000000000000e+00,1.580000000000000000e+02
2.076132265841010849e+02,1.000000000000000000e+00,1.580000000000000000e+02
2.068934497639030212e+02,1.000000000000000000e+00,1.580000000000000000e+02
2.039631372334342529e+02,1.000000000000000000e+00,1.580000000000000000e+02
2.030548798446276066e+02,1.000000000000000000e+00,1.580000000000000000e+02
2.113255871188871993e+02,1.000000000000000000e+00,1.580000000000000000e+02
2.061020761385448736e+02,1.000000000000000000e+00,1.580000000000000000e+02
2.099304467018977505e+02,1.000000000000000000e+00,1.580000000000000000e+02
2.070650636165460980e+02,1.000000000000000000e+00,1.580000000000000000e+02
2.113107246164780122e+02,1.000000000000000000e+00,1.580000000000000000e+02
2.093773914344280058e+02,1.000000000000000000e+00,1.580000000000000000e+02
2.081612834558777649e+02,1.000000000000000000e+00,1.580000000000000000e+02
2.081772438298455086e+02,1.000000000000000000e+00,1.580000000000000000e+02
2.097747072216517097e+02,1.000000000000000000e+00,1.580000000000000000e+02
2.068768640056038350e+02,1.000000000000000000e+00,1.580000000000000000e+02
2.065925469456302039e+02,1.000000000000000000e+00,1.580000000000000000e+02
2.068932186331222738e+02,1.000000000000000000e+00,1.580000000000000000e+02
2.079419398346346100e+02,1.000000000000000000e+00,1.590000000000000000e+02
2.090967254076138886e+02,1.000000000000000000e+00,1.590000000000000000e+02
2.124307699311305839e+02,1.000000000000000000e+00,1.590000000000000000e+02
2.126994599763119140e+02,1.000000000000000000e+00,1.590000000000000000e+02
2.111068057183691167e+02,1.000000000000000000e+00,1.590000000000000000e+02
2.098043914890537849e+02,1.000000000000000000e+00,1.590000000000000000e+02
2.144753200089594145e+02,1.000000000000000000e+00,1.590000000000000000e+02
2.164661051651666241e+02,1.000000000000000000e+00,1.590000000000000000e+02
2.081791627055927165e+02,1.000000000000000000e+00,1.590000000000000000e+02
2.112393827013617624e+02,1.000000000000000000e+00,1.590000000000000000e+02
2.127684150989549607e+02,1.000000000000000000e+00,1.590000000000000000e+02
2.101550515140210962e+02,1.000000000000000000e+00,1.590000000000000000e+02
2.093294306872720938e+02,1.000000000000000000e+00,1.590000000000000000e+02
2.096476407691694703e+02,1.000000000000000000e+00,1.590000000000000000e+02
2.114960737290271027e+02,1.000000000000000000e+00,1.590000000000000000e+02
2.130793652972618020e+02,1.000000000000000000e+00,1.590000000000000000e+02
2.105148770591118819e+02,1.000000000000000000e+00,1.590000000000000000e+02
2.037630661702344241e+02,1.000000000000000000e+00,1.590000000000000000e+02
2.114076985236135329e+02,1.000000000000000000e+00,1.590000000000000000e+02
2.145274651026802530e+02,1.000000000000000000e+00,1.590000000000000000e+02
2.085443627028756737e+02,1.000000000000000000e+00,1.590000000000000000e+02
2.100721390115471081e+02,1.000000000000000000e+00,1.590000000000000000e+02
2.092762692303827805e+02,1.000000000000000000e+00,1.590000000000000000e+02
2.133974534177962425e+02,1.000000000000000000e+00,1.590000000000000000e+02
2.110592277585166698e+02,1.000000000000000000e+00,1.590000000000000000e+02
2.112805308547797267e+02,1.000000000000000000e+00,1.590000000000000000e+02
2.084105437052314471e+02,1.000000000000000000e+00,1.590000000000000000e+02
2.108472063673484058e+02,1.000000000000000000e+00,1.590000000000000000e+02
2.103249714945629023e+02,1.000000000000000000e+00,1.590000000000000000e+02
2.146440753245258293e+02,1.000000000000000000e+00,1.590000000000000000e+02
2.109981446284144511e+02,1.000000000000000000e+00,1.590000000000000000e+02
2.114400751015856770e+02,1.000000000000000000e+00,1.590000000000000000e+02
2.132817191031089692e+02,1.000000000000000000e+00,1.590000000000000000e+02
2.109263130503118475e+02,1.000000000000000000e+00,1.590000000000000000e+02
2.119362338340334304e+02,1.000000000000000000e+00,1.590000000000000000e+02
2.117596417412884762e+02,1.000000000000000000e+00,1.590000000000000000e+02
2.133832394264572940e+02,1.000000000000000000e+00,1.590000000000000000e+02
2.121231070645486625e+02,1.000000000000000000e+00,1.590000000000000000e+02
2.096689513443639044e+02,1.000000000000000000e+00,1.590000000000000000e+02
2.112089836317227594e+02,1.000000000000000000e+00,1.590000000000000000e+02
2.120731984432862589e+02,1.000000000000000000e+00,1.590000000000000000e+02
2.138352563479537594e+02,1.000000000000000000e+00,1.590000000000000000e+02
2.149200528461422834e+02,1.000000000000000000e+00,1.590000000000000000e+02
2.091176442047861030e+02,1.000000000000000000e+00,1.590000000000000000e+02
2.114450009607281800e+02,1.000000000000000000e+00,1.590000000000000000e+02
2.105933913870992455e+02,1.000000000000000000e+00,1.600000000000000000e+02
2.171083677022039922e+02,1.000000000000000000e+00,1.600000000000000000e+02
2.128472754864364447e+02,1.000000000000000000e+00,1.600000000000000000e+02
2.132424885855423327e+02,1.000000000000000000e+00,1.600000000000000000e+02
2.095008109788147692e+02,1.000000000000000000e+00,1.600000000000000000e+02
2.153650982812879136e+02,1.000000000000000000e+00,1.600000000000000000e+02
2.106563823028579634e+02,1.000000000000000000e+00,1.600000000000000000e+02
2.141962671353276733e+02,1.000000000000000000e+00,1.600000000000000000e+02
2.148609976568600075e+02,1.000000000000000000e+00,1.600000000000000000e+02
2.119004553080288531e+02,1.000000000000000000e+00,1.600000000000000000e+02
2.158975571366806605e+02,1.000000000000000000e+00,1.600000000000000000e+02
2.167102237043428659e+02,1.000000000000000000e+00,1.600000000000000000e+02
2.100389043384081162e+02,1.000000000000000000e+00,1.600000000000000000e+02
2.160756018771672302e+02,1.000000000000000000e+00,1.600000000000000000e+02
2.153260402232012325e+02,1.000000000000000000e+00,1.600000000000000000e+02
2.164046412247034823e+02,1.000000000000000000e+00,1.600000000000000000e+02
2.179331248121202407e+02,1.000000000000000000e+00,1.600000000000000000e+02
2.165423338049592417e+02,1.000000000000000000e+00,1.600000000000000000e+02
2.141470604503457196e+02,1.000000000000000000e+00,1.600000000000000000e+02
2.140805747507617127e+02,1.000000000000000000e+00,1.600000000000000000e+02
2.131918978022819431e+02,1.000000000000000000e+00,1.600000000000000000e+02
2.145973589905962911e+02,1.000000000000000000e+00,1.600000000000000000e+02
2.141749061395607328e+02,1.000000000000000000e+00,1.600000000000000000e+02
2.162890038927600926e+02,1.000000000000000000e+00,1.600000000000000000e+02
2.175886561715967105e+02,1.000000000000000000e+00,1.600000000000000000e+02
2.167704281952559313e+02,1.000000000000000000e+00,1.600000000000000000e+02
2.161564124215646814e+02,1.000000000000000000e+00,1.600000000000000000e+02
2.203676319913359407e+02,1.000000000000000000e+00,1.600000000000000000e+02
2.137817358421027052e+02,1.000000000000000000e+00,1.600000000000000000e+02
2.207450082786776591e+02,1.000000000000000000e+00,1.600000000000000000e+02
2.145123681887300222e+02,1.000000000000000000e+00,1.600000000000000000e+02
2.150771955501459729e+02,1.000000000000000000e+00,1.600000000000000000e+02
2.178413702011871464e+02,1.000000000000000000e+00,1.600000000000000000e+02
2.172248058795808561e+02,1.000000000000000000e+00,1.600000000000000000e+02
2.213444172720984398e+02,1.000000000000000000e+00,1.600000000000000000e+02
2.179270291757592872e+02,1.000000000000000000e+00,1.600000000000000000e+02
2.182831261839347405e+02,1.000000000000000000e+00,1.600000000000000000e+02
2.139602826648651330e+02,1.000000000000000000e+00,1.600000000000000000e+02
2.187769132537137011e+02,1.000000000000000000e+00,1.600000000000000000e+02
2.141772874814380430e+02,1.000000000000000000e+00,1.600000000000000000e+02
2.160140551767588022e+02,1.000000000000000000e+00,1.600000000000000000e+02
2.175973812482141625e+02,1.000000000000000000e+00,1.600000000000000000e+02
2.166373947534905824e+02,1.000000000000000000e+00,1.600000000000000000e+02
2.194469468252800084e+02,1.000000000000000000e+00,1.600000000000000000e+02
2.181792520031549998e+02,1.000000000000000000e+00,1.610000000000000000e+02
2.169438828894222127e+02,1.000000000000000000e+00,1.610000000000000000e+02
2.164001087361610871e+02,1.000000000000000000e+00,1.610000000000000000e+02
2.192617646833092522e+02,1.000000000000000000e+00,1.610000000000000000e+02
2.185121226586508385e+02,1.000000000000000000e+00,1.610000000000000000e+02
2.192055283056833730e+02,1.000000000000000000e+00,1.610000000000000000e+02
2.186162976130794391e+02,1.000000000000000000e+00,1.610000000000000000e+02
2.191842542469647412e+02,1.000000000000000000e+00,1.610000000000000000e+02
2.174752397826152901e+02,1.000000000000000000e+00,1.610000000000000000e+02
2.197133424355117484e+02,1.000000000000000000e+00,1.610000000000000000e+02
2.191950699989493501e+02,1.000000000000000000e+00,1.610000000000000000e+02
2.197378724386346676e+02,1.000000000000000000e+00,1.610000000000000000e+02
2.197261528501695693e+02,1.000000000000000000e+00,1.610000000000000000e+02
2.239469272065391863e+02,1.000000000000000000e+00,1.610000000000000000e+02
2.176353816838960711e+02,1.000000000000000000e+00,1.610000000000000000e+02
2.233181643144145880e+02,1.000000000000000000e+00,1.610000000000000000e+02
2.192609797567855026e+02,1.000000000000000000e+00,1.610000000000000000e+02
2.224946193113777895e+02,1.000000000000000000e+00,1.610000000000000000e+02
2.223529636736938073e+02,1.000000000000000000e+00,1.610000000000000000e+02
2.219370226480430688e+02,1.000000000000000000e+00,1.610000000000000000e+02
2.197276286229816264e+02,1.000000000000000000e+00,1.610000000000000000e+02
2.185693437108193677e+02,1.000000000000000000e+00,1.610000000000000000e+02
2.186192690360565223e+02,1.000000000000000000e+00,1.610000000000000000e+02
2.174998787824916633e+02,1.000000000000000000e+00,1.610000000000000000e+02
2.207605094304415161e+02,1.000000000000000000e+00,1.610000000000000000e+02
2.200155569667217890e+02,1.000000000000000000e+00,1.610000000000000000e+02
2.224666971586954389e+02,1.000000000000000000e+00,1.610000000000000000e+02
2.241206558142331460e+02,1.000000000000000000e+00,1.610000000000000000e+02
2.216903902777285111e+02,1.000000000000000000e+00,1.610000000000000000e+02
2.201884115549445369e+02,1.000000000000000000e+00,1.610000000000000000e+02
2.224977233686763043e+02,1.000000000000000000e+00,1.610000000000000000e+02
2.232240370110617391e+02,1.000000000000000000e+00,1.610000000000000000e+02
2.219919951403625191e+02,1.000000000000000000e+00,1.610000000000000000e+02
2.233508280385873945e+02,1.000000000000000000e+00,1.610000000000000000e+02
2.182284330504809873e+02,1.000000000000000000e+00,1.610000000000000000e+02
2.200157147798134076e+02,1.000000000000000000e+00,1.610000000000000000e+02
2.235488643979894334e+02,1.000000000000000000e+00,1.610000000000000000e+02
2.225153450079263280e+02,1.000000000000000000e+00,1.610000000000000000e+02
2.211088122807354068e+02,1.000000000000000000e+00,1.610000000000000000e+02
2.226173438431096656e+02,1.000000000000000000e+00,1.610000000000000000e+02
2.221626015766262583e+02,1.000000000000000000e+00,1.610000000000000000e+02
2.217280172897319517e+02,1.000000000000000000e+00,1.610000000000000000e+02
2.214383220276685904e+02,1.000000000000000000e+00,1.610000000000000000e+02
2.218160506521710431e+02,1.000000000000000000e+00,1.610000000000000000e+02
6.455020041735609482e+01,0.000000000000000000e+00,0.000000000000000000e+00
6.175891946646077457e+01,0.000000000000000000e+00,0.000000000000000000e+00
5.858578949242641443e+01,0.000000000000000000e+00,0.000000000000000000e+00
6.432930037949584801e+01,0.000000000000000000e+00,0.000000000000000000e+00
6.151123400677885655e+01,0.000000000000000000e+00,0.000000000000000000e+00
5.758927696953828956e+01,0.000000000000000000e+00,0.000000000000000000e+00
6.067963042166501708e+01,0.000000000000000000e+00,0.000000000000000000e+00
5.871076405833554901e+01,0.000000000000000000e+00,0.000000000000000000e+00
5.876905670545708205e+01,0.000000000000000000e+00,0.000000000000000000e+00
6.198297370909678961e+01,0.000000000000000000e+00,0.000000000000000000e+00
6.346709748699728237e+01,0.000000000000000000e+00,0.000000000000000000e+00
6.479044318515688872e+01,0.000000000000000000e+00,0.000000000000000000e+00
6.533385706529323045e+01,0.000000000000000000e+00,0.000000000000000000e+00
6.108910228258477559e+01,0.000000000000000000e+00,0.000000000000000000e+00
6.060075476308713149e+01,0.000000000000000000e+00,0.000000000000000000e+00
6.293188352027009103e+01,0.000000000000000000e+00,0.000000000000000000e+00
6.064350887980059213e+01,0.000000000000000000e+00,0.000000000000000000e+00
6.328341124363001313e+01,0.000000000000000000e+00,0.000000000000000000e+00
6.330988791873037513e+01,0.000000000000000000e+00,0.000000000000000000e+00
6.468042104237899537e+01,0.000000000000000000e+00,0.000000000000000000e+00
6.073634229734066281e+01,0.000000000000000000e+00,0.000000000000000000e+00
6.211906700380519908e+01,0.000000000000000000e+00,0.000000000000000000e+00
6.198378768512781534e+01,0.000000000000000000e+00,0.000000000000000000e+00
6.129160882305813374e+01,0.000000000000000000e+00,0.000000000000000000e+00
6.328921578535187820e+01,0.000000000000000000e+00,0.000000000000000000e+00
6.046004192226942564e+01,0.000000000000000000e+00,0.000000000000000000e+00
6.358530616797319368e+01,0.000000000000000000e+00,0.000000000000000000e+00
6.136058258519020114e+01,0.000000000000000000e+00,0.000000000000000000e+00
6.188963978338483685e+01,0.000000000000000000e+00,0.000000000000000000e+00
6.246436100326469898e+01,0.000000000000000000e+00,0.000000000000000000e+00
6.428521441978271866e+01,0.000000000000000000e+00,0.000000000000000000e+00
6.222115873598650637e+01,0.000000000000000000e+00,0.000000000000000000e+00
6.181681571859331115e+01,0.000000000000000000e+00,0.000000000000000000e+00
6.299170248471293831e+01,0.000000000000000000e+00,0.000000000000000000e+00
6.255030225696458501e+01,0.000000000000000000e+00,0.000000000000000000e+00
6.336374838938019138e+01,0.000000000000000000e+00,0.000000000000000000e+00
6.395261764669072591e+01,0.000000000000000000e+00,0.000000000000000000e+00
6.144713159469186081e+01,0.000000000000000000e+00,0.000000000000000000e+00
6.807020037308903682e+01,0.000000000000000000e+00,0.000000000000000000e+00
6.515048053494376745e+01,0.000000000000000000e+00,0.000000000000000000e+00
6.521900300074166523e+01,0.000000000000000000e+00,0.000000000000000000e+00
6.546522970986075052e+01,0.000000000000000000e+00,0.000000000000000000e+00
5.921271533726683600e+01,0.000000000000000000e+00,0.000000000000000000e+00
6.604929368073831597e+01,0.000000000000000000e+00,0.000000000000000000e+00
6.259946158599738908e+01,0.000000000000000000e+00,0.000000000000000000e+00
6.282721655062434962e+01,0.000000000000000000e+00,0.000000000000000000e+00
6.791164892230902694e+01,0.000000000000000000e+00,0.000000000000000000e+00
6.556176717455689129e+01,0.000000000000000000e+00,0.000000000000000000e+00
6.136281066814628815e+01,0.000000000000000000e+00,0.000000000000000000e+00
6.457811090568762324e+01,0.000000000000000000e+00,0.000000000000000000e+00
6.260665047983895448e+01,0.000000000000000000e+00,0.000000000000000000e+00
6.488329890459432647e+01,0.000000000000000000e+00,0.000000000000000000e+00
6.289043554631743405e+01,0.000000000000000000e+00,0.000000000000000000e+00
6.916603493020379290e+01,0.000000000000000000e+00,0.000000000000000000e+00
6.468858685578997836e+01,0.000000000000000000e+00,0.000000000000000000e+00
6.590867113545476741e+01,0.000000000000000000e+00,0.000000000000000000e+00
6.194390340768329395e+01,0.000000000000000000e+00,0.000000000000000000e+00
6.790726195159700751e+01,0.000000000000000000e+00,0.000000000000000000e+00
6.600113463886852117e+01,0.000000000000000000e+00,0.000000000000000000e+00
6.580844953917134887e+01,0.000000000000000000e+00,0.000000000000000000e+00
6.549060901787028399e+01,0.000000000000000000e+00,0.000000000000000000e+00
6.372925064728001843e+01,0.000000000000000000e+00,0.000000000000000000e+00
6.902457467231133137e+01,0.000000000000000000e+00,0.000000000000000000e+00
6.758687707212448004e+01,0.000000000000000000e+00,0.000000000000000000e+00
6.850187900504940330e+01,0.000000000000000000e+00,0.000000000000000000e+00
6.639102726075407190e+01,0.000000000000000000e+00,0.000000000000000000e+00
6.634344542723732729e+01,0.000000000000000000e+00,0.000000000000000000e+00
6.531896714871813003e+01,0.000000000000000000e+00,0.000000000000000000e+00
6.868255677010405691e+01,0.000000000000000000e+00,0.000000000000000000e+00
6.491411978794545234e+01,0.000000000000000000e+00,0.000000000000000000e+00
6.675949569300297526e+01,0.000000000000000000e+00,0.000000000000000000e+00
6.732463440060983828e+01,0.000000000000000000e+00,0.000000000000000000e+00
6.755786877936503743e+01,0.000000000000000000e+00,0.000000000000000000e+00
6.714871852321466861e+01,0.000000000000000000e+00,0.000000000000000000e+00
6.314959958466764078e+01,0.000000000000000000e+00,0.000000000000000000e+00
6.737923888660962746e+01,0.000000000000000000e+00,0.000000000000000000e+00
6.794752044821916570e+01,0.000000000000000000e+00,0.000000000000000000e+00
6.619533642673697216e+01,0.000000000000000000e+00,0.000000000000000000e+00
6.766143826081663804e+01,0.000000000000000000e+00,0.000000000000000000e+00
6.681546349983950961e+01,0.000000000000000000e+00,0.000000000000000000e+00
6.854635732879677334e+01,0.000000000000000000e+00,0.000000000000000000e+00
6.999015775685570873e+01,0.000000000000000000e+00,0.000000000000000000e+00
6.731351057170884644e+01,0.000000000000000000e+00,0.000000000000000000e+00
6.640008041065271982e+01,0.000000000000000000e+00,0.000000000000000000e+00
6.727693361496390878e+01,0.000000000000000000e+00,0.000000000000000000e+00
6.482549027883126769e+01,0.000000000000000000e+00,0.000000000000000000e+00
6.876921226016594346e+01,0.000000000000000000e+00,0.000000000000000000e+00
7.009653840794999269e+01,0.000000000000000000e+00,0.000000000000000000e+00
6.780590538010028467e+01,0.000000000000000000e+00,0.000000000000000000e+00
6.627108587603819956e+01,0.000000000000000000e+00,0.000000000000000000e+00
6.657958143042182542e+01,0.000000000000000000e+00,0.000000000000000000e+00
6.355191281993006669e+01,0.000000000000000000e+00,0.000000000000000000e+00
6.894951693126981240e+01,0.000000000000000000e+00,0.000000000000000000e+00
6.651087419643943122e+01,0.000000000000000000e+00,0.000000000000000000e+00
6.969633825430618401e+01,0.000000000000000000e+00,0.000000000000000000e+00
6.722310387179499003e+01,0.000000000000000000e+00,0.000000000000000000e+00
6.633570818087821408e+01,0.000000000000000000e+00,0.000000000000000000e+00
7.126815301906290756e+01,0.000000000000000000e+00,0.000000000000000000e+00
6.876905581853715432e+01,0.000000000000000000e+00,0.000000000000000000e+00
6.433099221670343582e+01,0.000000000000000000e+00,0.000000000000000000e+00
6.404222586119466598e+01,0.000000000000000000e+00,0.000000000000000000e+00
6.830630132821202949e+01,0.000000000000000000e+00,0.000000000000000000e+00
6.991976823270702823e+01,0.000000000000000000e+00,0.000000000000000000e+00
6.641197588587667155e+01,0.000000000000000000e+00,0.000000000000000000e+00
7.055698429672523275e+01,0.000000000000000000e+00,0.000000000000000000e+00
6.608882086602415029e+01,0.000000000000000000e+00,0.000000000000000000e+00
7.128001298061857938e+01,0.000000000000000000e+00,0.000000000000000000e+00
6.480562172749415595e+01,0.000000000000000000e+00,0.000000000000000000e+00
6.550895980334912849e+01,0.000000000000000000e+00,0.000000000000000000e+00
6.420856717622045551e+01,0.000000000000000000e+00,0.000000000000000000e+00
7.283609284792588312e+01,0.000000000000000000e+00,0.000000000000000000e+00
6.755907024579285292e+01,0.000000000000000000e+00,0.000000000000000000e+00
6.764692063305335523e+01,0.000000000000000000e+00,0.000000000000000000e+00
7.063802579631767742e+01,0.000000000000000000e+00,0.000000000000000000e+00
7.196229721542755442e+01,0.000000000000000000e+00,0.000000000000000000e+00
6.758957624019434718e+01,0.000000000000000000e+00,0.000000000000000000e+00
6.987451599786862744e+01,0.000000000000000000e+00,0.000000000000000000e+00
7.023018681064741031e+01,0.000000000000000000e+00,0.000000000000000000e+00
7.261597426166605374e+01,0.000000000000000000e+00,0.000000000000000000e+00
7.110658083686045927e+01,0.000000000000000000e+00,0.000000000000000000e+00
7.280244323115638849e+01,0.000000000000000000e+00,0.000000000000000000e+00
7.024496257091462326e+01,0.000000000000000000e+00,0.000000000000000000e+00
7.011552308476183271e+01,0.000000000000000000e+00,0.000000000000000000e+00
6.784872928682121085e+01,0.000000000000000000e+00,0.000000000000000000e+00
6.693267982885619460e+01,0.000000000000000000e+00,0.000000000000000000e+00
7.038387282137348677e+01,0.000000000000000000e+00,0.000000000000000000e+00
6.989773652155616901e+01,0.000000000000000000e+00,0.000000000000000000e+00
7.410959980563379190e+01,0.000000000000000000e+00,0.000000000000000000e+00
7.114599239401876218e+01,0.000000000000000000e+00,0.000000000000000000e+00
7.021451577230241980e+01,0.000000000000000000e+00,0.000000000000000000e+00
7.005935059513808483e+01,0.000000000000000000e+00,0.000000000000000000e+00
7.049224172324305471e+01,0.000000000000000000e+00,0.000000000000000000e+00
6.911136129907929160e+01,0.000000000000000000e+00,0.000000000000000000e+00
7.154101747808660150e+01,0.000000000000000000e+00,0.000000000000000000e+00
7.031105054966528201e+01,0.000000000000000000e+00,0.000000000000000000e+00
7.052247447321725815e+01,0.000000000000000000e+00,0.000000000000000000e+00
6.607820059761790787e+01,0.000000000000000000e+00,0.000000000000000000e+00
7.010645387341929791e+01,0.000000000000000000e+00,0.000000000000000000e+00
7.072801567501522868e+01,0.000000000000000000e+00,0.000000000000000000e+00
7.065406889904950560e+01,0.000000000000000000e+00,0.000000000000000000e+00
6.961789757007143464e+01,0.000000000000000000e+00,0.000000000000000000e+00
6.825991875899431705e+01,0.000000000000000000e+00,0.000000000000000000e+00
7.285523841973196113e+01,0.000000000000000000e+00,0.000000000000000000e+00
7.160242031073410374e+01,0.000000000000000000e+00,0.000000000000000000e+00
6.863730709562051402e+01,0.000000000000000000e+00,0.000000000000000000e+00
6.948969630725601121e+01,0.000000000000000000e+00,0.000000000000000000e+00
6.817426407529838173e+01,0.000000000000000000e+00,0.000000000000000000e+00
6.806466926681380869e+01,0.000000000000000000e+00,0.000000000000000000e+00
7.002129243866880870e+01,0.000000000000000000e+00,0.000000000000000000e+00
7.172385768837266085e+01,0.000000000000000000e+00,0.000000000000000000e+00
7.064804750468329075e+01,0.000000000000000000e+00,0.000000000000000000e+00
6.722641863199858392e+01,0.000000000000000000e+00,0.000000000000000000e+00
6.919118065907989035e+01,0.000000000000000000e+00,0.000000000000000000e+00
7.176636072699758984e+01,0.000000000000000000e+00,0.000000000000000000e+00
7.647112608081940266e+01,0.000000000000000000e+00,0.000000000000000000e+00
7.277379758807236954e+01,0.000000000000000000e+00,0.000000000000000000e+00
6.959859673129173530e+01,0.000000000000000000e+00,0.000000000000000000e+00
6.993796869392137694e+01,0.000000000000000000e+00,0.000000000000000000e+00
6.697714679801748616e+01,0.000000000000000000e+00,0.000000000000000000e+00
7.046889773391322365e+01,0.000000000000000000e+00,0.000000000000000000e+00
7.230941344520056191e+01,0.000000000000000000e+00,0.000000000000000000e+00
7.365868223005665527e+01,0.000000000000000000e+00,0.000000000000000000e+00
7.046536258377945217e+01,0.000000000000000000e+00,0.000000000000000000e+00
7.214471601773304599e+01,0.000000000000000000e+00,0.000000000000000000e+00
7.305835413029322467e+01,0.000000000000000000e+00,0.000000000000000000e+00
7.154734413941976356e+01,0.000000000000000000e+00,0.000000000000000000e+00
7.038582505136331235e+01,0.000000000000000000e+00,0.000000000000000000e+00
7.369604727007971690e+01,0.000000000000000000e+00,0.000000000000000000e+00
7.231191359193732637e+01,0.000000000000000000e+00,0.000000000000000000e+00
7.183544861590804942e+01,0.000000000000000000e+00,0.000000000000000000e+00
7.086836917254191803e+01,0.000000000000000000e+00,0.000000000000000000e+00
7.068741280876902522e+01,0.000000000000000000e+00,0.000000000000000000e+00
7.358403282876138007e+01,0.000000000000000000e+00,0.000000000000000000e+00
7.205544297447224267e+01,0.000000000000000000e+00,0.000000000000000000e+00
7.609034746418824113e+01,0.000000000000000000e+00,0.000000000000000000e+00
7.107505955594061220e+01,0.000000000000000000e+00,0.000000000000000000e+00
6.943610999249206372e+01,0.000000000000000000e+00,0.000000000000000000e+00
7.284147485151275703e+01,0.000000000000000000e+00,0.000000000000000000e+00
7.383976372222930706e+01,0.000000000000000000e+00,0.000000000000000000e+00
7.340260445782146803e+01,0.000000000000000000e+00,0.000000000000000000e+00
7.466723689261276320e+01,0.000000000000000000e+00,0.000000000000000000e+00
7.249083621402171218e+01,0.000000000000000000e+00,0.000000000000000000e+00
6.959705043301885041e+01,0.000000000000000000e+00,0.000000000000000000e+00
6.993582080015907820e+01,0.000000000000000000e+00,0.000000000000000000e+00
7.470780778616766327e+01,0.000000000000000000e+00,0.000000000000000000e+00
7.150730624389431966e+01,0.000000000000000000e+00,0.000000000000000000e+00
7.196462324242872910e+01,0.000000000000000000e+00,0.000000000000000000e+00
7.435608279682381294e+01,0.000000000000000000e+00,0.000000000000000000e+00
7.509162169105036355e+01,0.000000000000000000e+00,0.000000000000000000e+00
7.409436617635427069e+01,0.000000000000000000e+00,0.000000000000000000e+00
7.147475038653881541e+01,0.000000000000000000e+00,0.000000000000000000e+00
7.168554548218388334e+01,0.000000000000000000e+00,0.000000000000000000e+00
7.440524532823297932e+01,0.000000000000000000e+00,0.000000000000000000e+00
7.652583884854257690e+01,0.000000000000000000e+00,0.000000000000000000e+00
7.610057691749811681e+01,0.000000000000000000e+00,0.000000000000000000e+00
7.244652108246627620e+01,0.000000000000000000e+00,0.000000000000000000e+00
7.308892499231542672e+01,0.000000000000000000e+00,0.000000000000000000e+00
7.389914056745018911e+01,0.000000000000000000e+00,0.000000000000000000e+00
7.576183085040942444e+01,0.000000000000000000e+00,0.000000000000000000e+00
7.340483898795469031e+01,0.000000000000000000e+00,0.000000000000000000e+00
7.283199974033982471e+01,0.000000000000000000e+00,0.000000000000000000e+00
7.710968388495690817e+01,0.000000000000000000e+00,0.000000000000000000e+00
7.106474681594694687e+01,0.000000000000000000e+00,0.000000000000000000e+00
7.418071499257352741e+01,0.000000000000000000e+00,0.000000000000000000e+00
7.333150460691074102e+01,0.000000000000000000e+00,0.000000000000000000e+00
7.814827758615446385e+01,0.000000000000000000e+00,0.000000000000000000e+00
7.441649853374256907e+01,0.000000000000000000e+00,0.000000000000000000e+00
7.444348753766431059e+01,0.000000000000000000e+00,0.000000000000000000e+00
7.171074297654737961e+01,0.000000000000000000e+00,0.000000000000000000e+00
7.308565417768168970e+01,0.000000000000000000e+00,0.000000000000000000e+00
7.623291949249862398e+01,0.000000000000000000e+00,0.000000000000000000e+00
7.414495074514729822e+01,0.000000000000000000e+00,0.000000000000000000e+00
7.397795422230025508e+01,0.000000000000000000e+00,0.000000000000000000e+00
7.285813682357881760e+01,0.000000000000000000e+00,0.000000000000000000e+00
7.278567114474886068e+01,0.000000000000000000e+00,0.000000000000000000e+00
7.563931659074336267e+01,0.000000000000000000e+00,0.000000000000000000e+00
7.537434404545039968e+01,0.000000000000000000e+00,0.000000000000000000e+00
7.435005168346646087e+01,0.000000000000000000e+00,0.000000000000000000e+00
7.443123742723487624e+01,0.000000000000000000e+00,0.000000000000000000e+00
7.592619107729788652e+01,0.000000000000000000e+00,0.000000000000000000e+00
7.515676158693251807e+01,0.000000000000000000e+00,0.000000000000000000e+00
7.330469434378093752e+01,0.000000000000000000e+00,0.000000000000000000e+00
7.375207173351283529e+01,0.000000000000000000e+00,0.000000000000000000e+00
7.091571599747615551e+01,0.000000000000000000e+00,0.000000000000000000e+00
7.495106307455606043e+01,0.000000000000000000e+00,0.000000000000000000e+00
7.714654503824844767e+01,0.000000000000000000e+00,0.000000000000000000e+00
7.224346644186999811e+01,0.000000000000000000e+00,0.000000000000000000e+00
7.458503826703153550e+01,0.000000000000000000e+00,0.000000000000000000e+00
7.451679804102487026e+01,0.000000000000000000e+00,0.000000000000000000e+00
6.984962403891758242e+01,0.000000000000000000e+00,0.000000000000000000e+00
7.809233199072431830e+01,0.000000000000000000e+00,0.000000000000000000e+00
7.683644311553230466e+01,0.000000000000000000e+00,0.000000000000000000e+00
7.529115560546816255e+01,0.000000000000000000e+00,0.000000000000000000e+00
7.736060843936725462e+01,0.000000000000000000e+00,0.000000000000000000e+00
7.607402975493617703e+01,0.000000000000000000e+00,0.000000000000000000e+00
7.570551956093318324e+01,0.000000000000000000e+00,0.000000000000000000e+00
7.869560921409149046e+01,0.000000000000000000e+00,0.000000000000000000e+00
7.663813651405372696e+01,0.000000000000000000e+00,0.000000000000000000e+00
7.923169156170170879e+01,0.000000000000000000e+00,0.000000000000000000e+00
7.946754631826924253e+01,0.000000000000000000e+00,0.000000000000000000e+00
7.432177172328280790e+01,0.000000000000000000e+00,0.000000000000000000e+00
7.592090897906017233e+01,0.000000000000000000e+00,0.000000000000000000e+00
7.585437916627046206e+01,0.000000000000000000e+00,0.000000000000000000e+00
7.567756549123228638e+01,0.000000000000000000e+00,0.000000000000000000e+00
7.502667831673019805e+01,0.000000000000000000e+00,0.000000000000000000e+00
7.758760668811990513e+01,0.000000000000000000e+00,0.000000000000000000e+00
7.726696991133479742e+01,0.000000000000000000e+00,0.000000000000000000e+00
7.731262921252761089e+01,0.000000000000000000e+00,0.000000000000000000e+00
7.438899745405934993e+01,0.000000000000000000e+00,0.000000000000000000e+00
7.594014056823935732e+01,0.000000000000000000e+00,0.000000000000000000e+00
7.996950947822716671e+01,0.000000000000000000e+00,0.000000000000000000e+00
7.668469467802682971e+01,0.000000000000000000e+00,0.000000000000000000e+00
7.699842351417653674e+01,0.000000000000000000e+00,0.000000000000000000e+00
7.771443006198046533e+01,0.000000000000000000e+00,0.000000000000000000e+00
7.697318438925066175e+01,0.000000000000000000e+00,0.000000000000000000e+00
7.529666323684497797e+01,0.000000000000000000e+00,0.000000000000000000e+00
7.795976739097157804e+01,0.000000000000000000e+00,0.000000000000000000e+00
7.963077654594847843e+01,0.000000000000000000e+00,0.000000000000000000e+00
7.893000482063855827e+01,0.000000000000000000e+00,0.000000000000000000e+00
7.665944151654939276e+01,0.000000000000000000e+00,0.000000000000000000e+00
7.615346238255881417e+01,0.000000000000000000e+00,0.000000000000000000e+00
7.690328976255121063e+01,0.000000000000000000e+00,0.000000000000000000e+00
7.780794825041034812e+01,0.000000000000000000e+00,0.000000000000000000e+00
7.801038056542668642e+01,0.000000000000000000e+00,0.000000000000000000e+00
7.640512780444375096e+01,0.000000000000000000e+00,0.000000000000000000e+00
7.443852625546843171e+01,0.000000000000000000e+00,0.000000000000000000e+00
7.687298715751011002e+01,0.000000000000000000e+00,0.000000000000000000e+00
7.687859726511685210e+01,0.000000000000000000e+00,0.000000000000000000e+00
7.475059948508135221e+01,0.000000000000000000e+00,0.000000000000000000e+00
7.974262471224948001e+01,0.000000000000000000e+00,0.000000000000000000e+00
7.856437708837589184e+01,0.000000000000000000e+00,0.000000000000000000e+00
7.776578737829973420e+01,0.000000000000000000e+00,0.000000000000000000e+00
7.925553103746308636e+01,0.000000000000000000e+00,0.000000000000000000e+00
7.706374165753754824e+01,0.000000000000000000e+00,0.000000000000000000e+00
7.883528548691188576e+01,0.000000000000000000e+00,0.000000000000000000e+00
7.906007932008259331e+01,0.000000000000000000e+00,0.000000000000000000e+00
7.811341668253707837e+01,0.000000000000000000e+00,0.000000000000000000e+00
7.729184372010102777e+01,0.000000000000000000e+00,0.000000000000000000e+00
7.553666607499050656e+01,0.000000000000000000e+00,0.000000000000000000e+00
7.933185024784079076e+01,0.000000000000000000e+00,0.000000000000000000e+00
7.787231592312728878e+01,0.000000000000000000e+00,0.000000000000000000e+00
7.692570544583186631e+01,0.000000000000000000e+00,0.000000000000000000e+00
7.617888046728486984e+01,0.000000000000000000e+00,0.000000000000000000e+00
7.692313705035866178e+01,0.000000000000000000e+00,0.000000000000000000e+00
7.744013480584557385e+01,0.000000000000000000e+00,0.000000000000000000e+00
7.546546044619027782e+01,0.000000000000000000e+00,0.000000000000000000e+00
7.875013583522242300e+01,0.000000000000000000e+00,0.000000000000000000e+00
7.899038522629625447e+01,0.000000000000000000e+00,0.000000000000000000e+00
7.652640987406036288e+01,0.000000000000000000e+00,0.000000000000000000e+00
7.437882946602792344e+01,0.000000000000000000e+00,0.000000000000000000e+00
7.923464170199321188e+01,0.000000000000000000e+00,0.000000000000000000e+00
7.564113720543787167e+01,0.000000000000000000e+00,0.000000000000000000e+00
7.639004482883740366e+01,0.000000000000000000e+00,0.000000000000000000e+00
7.488368031471627262e+01,0.000000000000000000e+00,0.000000000000000000e+00
7.748377037781416732e+01,0.000000000000000000e+00,0.000000000000000000e+00
7.369617251165453808e+01,0.000000000000000000e+00,0.000000000000000000e+00
7.962408546445006152e+01,0.000000000000000000e+00,0.000000000000000000e+00
7.673634930663129694e+01,0.000000000000000000e+00,0.000000000000000000e+00
7.940830583641570684e+01,0.000000000000000000e+00,0.000000000000000000e+00
8.105121451566027702e+01,0.000000000000000000e+00,0.000000000000000000e+00
7.777279498455041562e+01,0.000000000000000000e+00,0.000000000000000000e+00
7.518634146016151476e+01,0.000000000000000000e+00,0.000000000000000000e+00
7.856455208190156725e+01,0.000000000000000000e+00,0.000000000000000000e+00
7.743503957818134609e+01,0.000000000000000000e+00,0.000000000000000000e+00
8.031468428024268746e+01,0.000000000000000000e+00,0.000000000000000000e+00
7.796795279482785190e+01,0.000000000000000000e+00,0.000000000000000000e+00
7.892119152516079339e+01,0.000000000000000000e+00,0.000000000000000000e+00
7.879684230390718369e+01,0.000000000000000000e+00,0.000000000000000000e+00
7.972584775842732085e+01,0.000000000000000000e+00,0.000000000000000000e+00
7.934334180451885743e+01,0.000000000000000000e+00,0.000000000000000000e+00
7.880296532515308172e+01,0.000000000000000000e+00,0.000000000000000000e+00
7.800115371557140520e+01,0.000000000000000000e+00,0.000000000000000000e+00
7.673926041141746168e+01,0.000000000000000000e+00,0.000000000000000000e+00
7.418943078445956019e+01,0.000000000000000000e+00,0.000000000000000000e+00
8.113129865948711483e+01,0.000000000000000000e+00,0.000000000000000000e+00
7.602195668298270448e+01,0.000000000000000000e+00,0.000000000000000000e+00
7.758167731486128105e+01,0.000000000000000000e+00,0.000000000000000000e+00
7.923248969136714948e+01,0.000000000000000000e+00,0.000000000000000000e+00
7.594733444739119932e+01,0.000000000000000000e+00,0.000000000000000000e+00
7.707234081426659600e+01,0.000000000000000000e+00,0.000000000000000000e+00
7.926577989125286194e+01,0.000000000000000000e+00,0.000000000000000000e+00
7.561563061642792150e+01,0.000000000000000000e+00,0.000000000000000000e+00
7.639456296495995957e+01,0.000000000000000000e+00,0.000000000000000000e+00
8.206545265093089370e+01,0.000000000000000000e+00,0.000000000000000000e+00
7.621104771128530331e+01,0.000000000000000000e+00,0.000000000000000000e+00
8.117506884130047240e+01,0.000000000000000000e+00,0.000000000000000000e+00
7.842111214898164917e+01,0.000000000000000000e+00,0.000000000000000000e+00
8.189226056990234781e+01,0.000000000000000000e+00,0.000000000000000000e+00
7.768219045548616464e+01,0.000000000000000000e+00,0.000000000000000000e+00
8.125114641852822217e+01,0.000000000000000000e+00,0.000000000000000000e+00
7.550299285282825679e+01,0.000000000000000000e+00,0.000000000000000000e+00
8.071435412133560305e+01,0.000000000000000000e+00,0.000000000000000000e+00
8.047135363755073456e+01,0.000000000000000000e+00,0.000000000000000000e+00
8.195104803925471515e+01,0.000000000000000000e+00,0.000000000000000000e+00
8.104213229902677540e+01,0.000000000000000000e+00,0.000000000000000000e+00
7.538307121113254539e+01,0.000000000000000000e+00,0.000000000000000000e+00
7.731571021220018736e+01,0.000000000000000000e+00,0.000000000000000000e+00
8.262987023361198169e+01,0.000000000000000000e+00,0.000000000000000000e+00
7.657952123988880544e+01,0.000000000000000000e+00,0.000000000000000000e+00
7.921616299697993213e+01,0.000000000000000000e+00,0.000000000000000000e+00
8.084170709968907431e+01,0.000000000000000000e+00,0.000000000000000000e+00
7.673560025991233147e+01,0.000000000000000000e+00,0.000000000000000000e+00
8.272018340295625194e+01,0.000000000000000000e+00,0.000000000000000000e+00
7.987343765375534588e+01,0.000000000000000000e+00,0.000000000000000000e+00
7.827540915684068068e+01,0.000000000000000000e+00,0.000000000000000000e+00
7.425565115293092333e+01,0.000000000000000000e+00,0.000000000000000000e+00
7.932607401757441323e+01,0.000000000000000000e+00,0.000000000000000000e+00
7.965744226521267990e+01,0.000000000000000000e+00,0.000000000000000000e+00
7.586577952878917586e+01,0.000000000000000000e+00,0.000000000000000000e+00
7.864512337982256440e+01,0.000000000000000000e+00,0.000000000000000000e+00
7.956830050504964902e+01,0.000000000000000000e+00,0.000000000000000000e+00
8.017585992772258408e+01,0.000000000000000000e+00,0.000000000000000000e+00
7.735943423152896514e+01,0.000000000000000000e+00,0.000000000000000000e+00
7.843745017456119228e+01,0.000000000000000000e+00,0.000000000000000000e+00
7.731120050868561577e+01,0.000000000000000000e+00,0.000000000000000000e+00
7.940293513073110887e+01,0.000000000000000000e+00,0.000000000000000000e+00
7.788982534059736906e+01,0.000000000000000000e+00,0.000000000000000000e+00
7.746604566360136346e+01,0.000000000000000000e+00,0.000000000000000000e+00
7.855458574084961754e+01,0.000000000000000000e+00,0.000000000000000000e+00
8.136393948923873154e+01,0.000000000000000000e+00,0.000000000000000000e+00
7.593149225606757113e+01,0.000000000000000000e+00,0.000000000000000000e+00
7.825197008368265017e+01,0.000000000000000000e+00,0.000000000000000000e+00
7.922517782812508358e+01,0.000000000000000000e+00,0.000000000000000000e+00
7.981345495162513259e+01,0.000000000000000000e+00,0.000000000000000000e+00
7.613596796468912942e+01,0.000000000000000000e+00,0.000000000000000000e+00
8.090295014909470694e+01,0.000000000000000000e+00,0.000000000000000000e+00
8.262344987218585857e+01,0.000000000000000000e+00,0.000000000000000000e+00
8.191661178133649912e+01,0.000000000000000000e+00,0.000000000000000000e+00
7.948760436046187294e+01,0.000000000000000000e+00,0.000000000000000000e+00
7.778199532345016110e+01,0.000000000000000000e+00,0.000000000000000000e+00
7.989660889695485935e+01,0.000000000000000000e+00,0.000000000000000000e+00
8.029985753571365592e+01,0.000000000000000000e+00,0.000000000000000000e+00
8.205179310332350440e+01,0.000000000000000000e+00,0.000000000000000000e+00
8.097851204252722823e+01,0.000000000000000000e+00,0.000000000000000000e+00
8.114179616816650764e+01,0.000000000000000000e+00,0.000000000000000000e+00
8.252539844291693782e+01,0.000000000000000000e+00,0.000000000000000000e+00
7.808967000452877016e+01,0.000000000000000000e+00,0.000000000000000000e+00
7.903715268081387535e+01,0.000000000000000000e+00,0.000000000000000000e+00
8.072821486780108557e+01,0.000000000000000000e+00,0.000000000000000000e+00
8.087469115132056174e+01,0.000000000000000000e+00,0.000000000000000000e+00
7.600751245894970509e+01,0.000000000000000000e+00,0.000000000000000000e+00
8.290474760315166236e+01,0.000000000000000000e+00,0.000000000000000000e+00
7.785834350506985402e+01,0.000000000000000000e+00,0.000000000000000000e+00
7.744678487999277650e+01,0.000000000000000000e+00,0.000000000000000000e+00
8.342463395484810462e+01,0.000000000000000000e+00,0.000000000000000000e+00
8.033668790220517053e+01,0.000000000000000000e+00,0.000000000000000000e+00
7.945443861706813493e+01,0.000000000000000000e+00,0.000000000000000000e+00
7.509458420165161385e+01,0.000000000000000000e+00,0.000000000000000000e+00
8.260099493393060754e+01,0.000000000000000000e+00,0.000000000000000000e+00
7.755583275272792321e+01,0.000000000000000000e+00,0.000000000000000000e+00
8.046275398812025514e+01,0.000000000000000000e+00,0.000000000000000000e+00
7.727024451584144060e+01,0.000000000000000000e+00,0.000000000000000000e+00
7.742285293630222043e+01,0.000000000000000000e+00,0.000000000000000000e+00
7.849888648080451503e+01,0.000000000000000000e+00,0.000000000000000000e+00
8.286928492571097138e+01,0.000000000000000000e+00,0.000000000000000000e+00
7.770831042877240691e+01,0.000000000000000000e+00,0.000000000000000000e+00
7.855671921714917971e+01,0.000000000000000000e+00,0.000000000000000000e+00
8.173281637352320672e+01,0.000000000000000000e+00,0.000000000000000000e+00
8.324057607271633685e+01,0.000000000000000000e+00,0.000000000000000000e+00
8.388614165100638331e+01,0.000000000000000000e+00,0.000000000000000000e+00
7.723784233743650418e+01,0.000000000000000000e+00,0.000000000000000000e+00
7.729780291616405918e+01,0.000000000000000000e+00,0.000000000000000000e+00
8.047359733183868968e+01,0.000000000000000000e+00,0.000000000000000000e+00
7.775142977918066833e+01,0.000000000000000000e+00,0.000000000000000000e+00
7.965925825072669397e+01,0.000000000000000000e+00,0.000000000000000000e+00
8.036228965535951829e+01,0.000000000000000000e+00,0.000000000000000000e+00
7.888802295227840489e+01,0.000000000000000000e+00,0.000000000000000000e+00
8.134778985659086459e+01,0.000000000000000000e+00,0.000000000000000000e+00
7.651982409737250634e+01,0.000000000000000000e+00,0.000000000000000000e+00
7.601666583808204791e+01,0.000000000000000000e+00,0.000000000000000000e+00
7.783204904160169235e+01,0.000000000000000000e+00,0.000000000000000000e+00
8.189975199002189754e+01,0.000000000000000000e+00,0.000000000000000000e+00
8.086850791110940406e+01,0.000000000000000000e+00,0.000000000000000000e+00
8.005864696794677116e+01,0.000000000000000000e+00,0.000000000000000000e+00
8.050500615725127318e+01,0.000000000000000000e+00,0.000000000000000000e+00
7.882458934011705765e+01,0.000000000000000000e+00,0.000000000000000000e+00
7.823546812683873952e+01,0.000000000000000000e+00,0.000000000000000000e+00
7.734602829934712531e+01,0.000000000000000000e+00,0.000000000000000000e+00
8.234568670472901886e+01,0.000000000000000000e+00,0.000000000000000000e+00
8.032496464743849174e+01,0.000000000000000000e+00,0.000000000000000000e+00
7.847436347760132946e+01,0.000000000000000000e+00,0.000000000000000000e+00
7.884211743400545913e+01,0.000000000000000000e+00,0.000000000000000000e+00
7.984494243164554916e+01,0.000000000000000000e+00,0.000000000000000000e+00
7.818724185276492733e+01,0.000000000000000000e+00,0.000000000000000000e+00
8.010796946600517288e+01,0.000000000000000000e+00,0.000000000000000000e+00
8.426218850648669445e+01,0.000000000000000000e+00,0.000000000000000000e+00
7.922510650876436955e+01,0.000000000000000000e+00,0.000000000000000000e+00
8.411498550860845569e+01,0.000000000000000000e+00,0.000000000000000000e+00
8.141705543299885051e+01,0.000000000000000000e+00,0.000000000000000000e+00
8.392785753558460726e+01,0.000000000000000000e+00,0.000000000000000000e+00
7.995166427015645638e+01,0.000000000000000000e+00,0.000000000000000000e+00
7.956501883859776569e+01,0.000000000000000000e+00,0.000000000000000000e+00
8.002026622136206413e+01,0.000000000000000000e+00,0.000000000000000000e+00
7.718530698534658541e+01,0.000000000000000000e+00,0.000000000000000000e+00
7.993639866554245543e+01,0.000000000000000000e+00,0.000000000000000000e+00
7.878631623263773065e+01,0.000000000000000000e+00,0.000000000000000000e+00
8.152268849733714262e+01,0.000000000000000000e+00,0.000000000000000000e+00
8.242023729091944517e+01,0.000000000000000000e+00,0.000000000000000000e+00
7.902080351906043632e+01,0.000000000000000000e+00,0.000000000000000000e+00
8.025925555064388561e+01,0.000000000000000000e+00,0.000000000000000000e+00
7.904385469116395768e+01,0.000000000000000000e+00,0.000000000000000000e+00
7.721958754988212092e+01,0.000000000000000000e+00,0.000000000000000000e+00
8.089685762864621665e+01,0.000000000000000000e+00,0.000000000000000000e+00
8.046441626291615989e+01,0.000000000000000000e+00,0.000000000000000000e+00
8.127326522268219833e+01,0.000000000000000000e+00,0.000000000000000000e+00
7.965130218723362532e+01,0.000000000000000000e+00,0.000000000000000000e+00
7.718866301759828730e+01,0.000000000000000000e+00,0.000000000000000000e+00
8.099850145726483674e+01,0.000000000000000000e+00,0.000000000000000000e+00
7.869826532992510693e+01,0.000000000000000000e+00,0.000000000000000000e+00
8.123506857916437696e+01,0.000000000000000000e+00,0.000000000000000000e+00
7.811516322032976234e+01,0.000000000000000000e+00,0.000000000000000000e+00
7.783045762018687697e+01,0.000000000000000000e+00,0.000000000000000000e+00
8.201763062629390788e+01,0.000000000000000000e+00,0.000000000000000000e+00
8.008231739819044037e+01,0.000000000000000000e+00,0.000000000000000000e+00
8.042236196587437291e+01,0.000000000000000000e+00,0.000000000000000000e+00
7.993323180134783001e+01,0.000000000000000000e+00,0.000000000000000000e+00
7.724508463542311176e+01,0.000000000000000000e+00,0.000000000000000000e+00
8.050852221185382973e+01,0.000000000000000000e+00,0.000000000000000000e+00
7.881731518136230363e+01,0.000000000000000000e+00,0.000000000000000000e+00
7.755893456532881203e+01,0.000000000000000000e+00,0.000000000000000000e+00
8.093997483296118389e+01,0.000000000000000000e+00,0.000000000000000000e+00
7.752355520561754076e+01,0.000000000000000000e+00,0.000000000000000000e+00
8.115909294387044781e+01,0.000000000000000000e+00,0.000000000000000000e+00
8.243275616313529497e+01,0.000000000000000000e+00,0.000000000000000000e+00
8.182721369948848178e+01,0.000000000000000000e+00,0.000000000000000000e+00
7.953812645440021356e+01,0.000000000000000000e+00,0.000000000000000000e+00
7.900148738685474825e+01,0.000000000000000000e+00,0.000000000000000000e+00
8.077646240372749276e+01,0.000000000000000000e+00,0.000000000000000000e+00
7.615250108722202071e+01,0.000000000000000000e+00,0.000000000000000000e+00
7.847412221935306320e+01,0.000000000000000000e+00,0.000000000000000000e+00
8.338187373441911632e+01,0.000000000000000000e+00,0.000000000000000000e+00
7.918341046823292118e+01,0.000000000000000000e+00,0.000000000000000000e+00
8.139433857923005178e+01,0.000000000000000000e+00,0.000000000000000000e+00
7.705548979188669989e+01,0.000000000000000000e+00,0.000000000000000000e+00
7.803514979864590373e+01,0.000000000000000000e+00,0.000000000000000000e+00
8.028319935459309420e+01,0.000000000000000000e+00,0.000000000000000000e+00
7.871373769784311492e+01,0.000000000000000000e+00,0.000000000000000000e+00
7.688830030253056691e+01,0.000000000000000000e+00,0.000000000000000000e+00
7.657490606825031421e+01,0.000000000000000000e+00,0.000000000000000000e+00
8.059185431261748533e+01,0.000000000000000000e+00,0.000000000000000000e+00
7.829719244766334896e+01,0.000000000000000000e+00,0.000000000000000000e+00
7.951098386420680697e+01,0.000000000000000000e+00,0.000000000000000000e+00
8.033079903093461382e+01,0.000000000000000000e+00,0.000000000000000000e+00
8.290299030643497247e+01,0.000000000000000000e+00,0.000000000000000000e+00
8.017260193803419099e+01,0.000000000000000000e+00,0.000000000000000000e+00
7.796015094307453808e+01,0.000000000000000000e+00,0.000000000000000000e+00
7.826778343954126171e+01,0.000000000000000000e+00,0.000000000000000000e+00
8.323418461922328504e+01,0.000000000000000000e+00,0.000000000000000000e+00
8.080244048434701654e+01,0.000000000000000000e+00,0.000000000000000000e+00
8.069932876206131311e+01,0.000000000000000000e+00,0.000000000000000000e+00
7.983947007491380532e+01,0.000000000000000000e+00,0.000000000000000000e+00
7.540604065113089405e+01,0.000000000000000000e+00,0.000000000000000000e+00
7.991345088228241877e+01,0.000000000000000000e+00,0.000000000000000000e+00
8.022112825812278913e+01,0.000000000000000000e+00,0.000000000000000000e+00
8.244150009554144276e+01,0.000000000000000000e+00,0.000000000000000000e+00
7.825947899943302843e+01,0.000000000000000000e+00,0.000000000000000000e+00
7.855646073123617157e+01,0.000000000000000000e+00,0.000000000000000000e+00
7.760691095562235375e+01,0.000000000000000000e+00,0.000000000000000000e+00
7.997977310645599403e+01,0.000000000000000000e+00,0.000000000000000000e+00
7.754030597780084122e+01,0.000000000000000000e+00,0.000000000000000000e+00
7.718247039909503826e+01,0.000000000000000000e+00,0.000000000000000000e+00
7.865472064796347240e+01,0.000000000000000000e+00,0.000000000000000000e+00
8.085272405680315444e+01,0.000000000000000000e+00,0.000000000000000000e+00
8.236827317695347972e+01,0.000000000000000000e+00,0.000000000000000000e+00
7.638916057581585051e+01,0.000000000000000000e+00,0.000000000000000000e+00
7.903739549369804251e+01,0.000000000000000000e+00,0.000000000000000000e+00
7.861533591898134432e+01,0.000000000000000000e+00,0.000000000000000000e+00
7.866289826826049136e+01,0.000000000000000000e+00,0.000000000000000000e+00
7.732132316805990513e+01,0.000000000000000000e+00,0.000000000000000000e+00
7.539340539517996831e+01,0.000000000000000000e+00,0.000000000000000000e+00
8.097557206717948475e+01,0.000000000000000000e+00,0.000000000000000000e+00
7.807570041025321927e+01,0.000000000000000000e+00,0.000000000000000000e+00
7.621424020483458150e+01,0.000000000000000000e+00,0.000000000000000000e+00
8.037963763804195594e+01,0.000000000000000000e+00,0.000000000000000000e+00
8.168878764024822203e+01,0.000000000000000000e+00,0.000000000000000000e+00
7.864656273458452063e+01,0.000000000000000000e+00,0.000000000000000000e+00
7.661765466845895389e+01,0.000000000000000000e+00,0.000000000000000000e+00
7.913491614731790946e+01,0.000000000000000000e+00,0.000000000000000000e+00
8.232536005897814846e+01,0.000000000000000000e+00,0.000000000000000000e+00
7.895505862953739040e+01,0.000000000000000000e+00,0.000000000000000000e+00
7.857505378300628252e+01,0.000000000000000000e+00,0.000000000000000000e+00
8.037196568081093062e+01,0.000000000000000000e+00,0.000000000000000000e+00
7.509824856430235229e+01,0.000000000000000000e+00,0.000000000000000000e+00
8.214895747523419800e+01,0.000000000000000000e+00,0.000000000000000000e+00
7.187789348032539749e+01,0.000000000000000000e+00,0.000000000000000000e+00
7.750897013977440508e+01,0.000000000000000000e+00,0.000000000000000000e+00
7.992791684192714285e+01,0.000000000000000000e+00,0.000000000000000000e+00
7.727619774295898480e+01,0.000000000000000000e+00,0.000000000000000000e+00
7.793986147006553722e+01,0.000000000000000000e+00,0.000000000000000000e+00
7.954597694142258035e+01,0.000000000000000000e+00,0.000000000000000000e+00
7.655778594402519843e+01,0.000000000000000000e+00,0.000000000000000000e+00
7.806523306923553207e+01,0.000000000000000000e+00,0.000000000000000000e+00
7.917804503681382755e+01,0.000000000000000000e+00,0.000000000000000000e+00
8.113667798608113912e+01,0.000000000000000000e+00,0.000000000000000000e+00
7.661371123992236676e+01,0.000000000000000000e+00,0.000000000000000000e+00
8.140531218680388292e+01,0.000000000000000000e+00,0.000000000000000000e+00
7.557491261790286785e+01,0.000000000000000000e+00,0.000000000000000000e+00
7.767633710718537543e+01,0.000000000000000000e+00,0.000000000000000000e+00
7.867881295376494677e+01,0.000000000000000000e+00,0.000000000000000000e+00
7.487142169960146987e+01,0.000000000000000000e+00,0.000000000000000000e+00
8.025768872241145857e+01,0.000000000000000000e+00,0.000000000000000000e+00
7.719645805144742212e+01,0.000000000000000000e+00,0.000000000000000000e+00
7.961815791037662393e+01,0.000000000000000000e+00,0.000000000000000000e+00
7.835113411093647073e+01,0.000000000000000000e+00,0.000000000000000000e+00
8.047494798533963944e+01,0.000000000000000000e+00,0.000000000000000000e+00
7.472193407146875188e+01,0.000000000000000000e+00,0.000000000000000000e+00
7.610360278634223619e+01,0.000000000000000000e+00,0.000000000000000000e+00
7.903001045278236347e+01,0.000000000000000000e+00,0.000000000000000000e+00
7.666476823712925182e+01,0.000000000000000000e+00,0.000000000000000000e+00
7.850202225842662074e+01,0.000000000000000000e+00,0.000000000000000000e+00
7.897043623932307810e+01,0.000000000000000000e+00,0.000000000000000000e+00
8.250360286899180551e+01,0.000000000000000000e+00,0.000000000000000000e+00
8.063921581859341359e+01,0.000000000000000000e+00,0.000000000000000000e+00
8.028372423678852954e+01,0.000000000000000000e+00,0.000000000000000000e+00
7.988918296164884225e+01,0.000000000000000000e+00,0.000000000000000000e+00
7.896716935519255287e+01,0.000000000000000000e+00,0.000000000000000000e+00
7.892740871040818718e+01,0.000000000000000000e+00,0.000000000000000000e+00
7.700919473922579073e+01,0.000000000000000000e+00,0.000000000000000000e+00
8.092905432639281571e+01,0.000000000000000000e+00,0.000000000000000000e+00
7.758339982835714466e+01,0.000000000000000000e+00,0.000000000000000000e+00
8.020397328747841925e+01,0.000000000000000000e+00,0.000000000000000000e+00
7.841813387017086256e+01,0.000000000000000000e+00,0.000000000000000000e+00
8.044859821345687578e+01,0.000000000000000000e+00,0.000000000000000000e+00
7.684003858512083696e+01,0.000000000000000000e+00,0.000000000000000000e+00
8.222290230535837452e+01,0.000000000000000000e+00,0.000000000000000000e+00
8.003001715330371724e+01,0.000000000000000000e+00,0.000000000000000000e+00
7.984773016073361873e+01,0.000000000000000000e+00,0.000000000000000000e+00
7.832766976285515170e+01,0.000000000000000000e+00,0.000000000000000000e+00
7.678981783382819515e+01,0.000000000000000000e+00,0.000000000000000000e+00
7.951405270831540406e+01,0.000000000000000000e+00,0.000000000000000000e+00
7.809448454776743631e+01,0.000000000000000000e+00,0.000000000000000000e+00
7.907968613645186906e+01,0.000000000000000000e+00,0.000000000000000000e+00
7.541377041203850240e+01,0.000000000000000000e+00,0.000000000000000000e+00
7.852839141752906471e+01,0.000000000000000000e+00,0.000000000000000000e+00
8.205122959559258788e+01,0.000000000000000000e+00,0.000000000000000000e+00
7.756282980820662942e+01,0.000000000000000000e+00,0.000000000000000000e+00
7.827711391868250246e+01,0.000000000000000000e+00,0.000000000000000000e+00
7.754556579826176232e+01,0.000000000000000000e+00,0.000000000000000000e+00
7.760990080300003058e+01,0.000000000000000000e+00,0.000000000000000000e+00
7.659043291993262415e+01,0.000000000000000000e+00,0.000000000000000000e+00
8.089838835132538009e+01,0.000000000000000000e+00,0.000000000000000000e+00
7.955494760602948645e+01,0.000000000000000000e+00,0.000000000000000000e+00
7.659928588015598905e+01,0.000000000000000000e+00,0.000000000000000000e+00
7.877865296219931679e+01,0.000000000000000000e+00,0.000000000000000000e+00
7.818057686436523568e+01,0.000000000000000000e+00,0.000000000000000000e+00
7.976881897389013432e+01,0.000000000000000000e+00,0.000000000000000000e+00
7.755650774239491341e+01,0.000000000000000000e+00,0.000000000000000000e+00
7.641746733830622418e+01,0.000000000000000000e+00,0.000000000000000000e+00
7.937848561611808407e+01,0.000000000000000000e+00,0.000000000000000000e+00
7.936539958479312418e+01,0.000000000000000000e+00,0.000000000000000000e+00
7.867396893027546412e+01,0.000000000000000000e+00,0.000000000000000000e+00
7.787251051804432223e+01,0.000000000000000000e+00,0.000000000000000000e+00
7.478612454857224634e+01,0.000000000000000000e+00,0.000000000000000000e+00
7.972467195521650751e+01,0.000000000000000000e+00,0.000000000000000000e+00
7.462731243856200081e+01,0.000000000000000000e+00,0.000000000000000000e+00
7.746758365827888326e+01,0.000000000000000000e+00,0.000000000000000000e+00
7.935265012384644479e+01,0.000000000000000000e+00,0.000000000000000000e+00
7.585566884818658195e+01,0.000000000000000000e+00,0.000000000000000000e+00
7.623589377219974494e+01,0.000000000000000000e+00,0.000000000000000000e+00
8.044654427871020630e+01,0.000000000000000000e+00,0.000000000000000000e+00
8.054819028164651229e+01,0.000000000000000000e+00,0.000000000000000000e+00
7.566668075467262611e+01,0.000000000000000000e+00,0.000000000000000000e+00
7.642743832395413506e+01,0.000000000000000000e+00,0.000000000000000000e+00
7.486087355133517462e+01,0.000000000000000000e+00,0.000000000000000000e+00
7.519949161455993192e+01,0.000000000000000000e+00,0.000000000000000000e+00
7.856987508575636525e+01,0.000000000000000000e+00,0.000000000000000000e+00
7.974140934336527664e+01,0.000000000000000000e+00,0.000000000000000000e+00
7.755523584043868368e+01,0.000000000000000000e+00,0.000000000000000000e+00
7.536176110719082999e+01,0.000000000000000000e+00,0.000000000000000000e+00
7.923813921842982211e+01,0.000000000000000000e+00,0.000000000000000000e+00
7.540382922288873146e+01,0.000000000000000000e+00,0.000000000000000000e+00
7.490523298618471415e+01,0.000000000000000000e+00,0.000000000000000000e+00
7.602875073075485091e+01,0.000000000000000000e+00,0.000000000000000000e+00
7.558250520824090302e+01,0.000000000000000000e+00,0.000000000000000000e+00
7.631012741752638817e+01,0.000000000000000000e+00,0.000000000000000000e+00
7.788133743093665373e+01,0.000000000000000000e+00,0.000000000000000000e+00
7.514277692149251209e+01,0.000000000000000000e+00,0.000000000000000000e+00
7.650375744131289935e+01,0.000000000000000000e+00,0.000000000000000000e+00
7.505705043019973743e+01,0.000000000000000000e+00,0.000000000000000000e+00
7.164459331670904874e+01,0.000000000000000000e+00,0.000000000000000000e+00
7.619156507009577695e+01,0.000000000000000000e+00,0.000000000000000000e+00
7.596346861506998493e+01,0.000000000000000000e+00,0.000000000000000000e+00
7.668292953786448152e+01,0.000000000000000000e+00,0.000000000000000000e+00
7.305214126094652727e+01,0.000000000000000000e+00,0.000000000000000000e+00
7.405710006817491831e+01,0.000000000000000000e+00,0.000000000000000000e+00
7.604525063939466634e+01,0.000000000000000000e+00,0.000000000000000000e+00
7.609810400977615075e+01,0.000000000000000000e+00,0.000000000000000000e+00
7.859113958335564121e+01,0.000000000000000000e+00,0.000000000000000000e+00
7.508585640083677504e+01,0.000000000000000000e+00,0.000000000000000000e+00
7.735443331479025630e+01,0.000000000000000000e+00,0.000000000000000000e+00
7.745406712750616407e+01,0.000000000000000000e+00,0.000000000000000000e+00
7.617254412315807599e+01,0.000000000000000000e+00,0.000000000000000000e+00
7.326286695782775382e+01,0.000000000000000000e+00,0.000000000000000000e+00
7.562902111813832562e+01,0.000000000000000000e+00,0.000000000000000000e+00
7.953820882505721102e+01,0.000000000000000000e+00,0.000000000000000000e+00
7.417143031075946169e+01,0.000000000000000000e+00,0.000000000000000000e+00
7.556270392824164617e+01,0.000000000000000000e+00,0.000000000000000000e+00
7.340253814787335784e+01,0.000000000000000000e+00,0.000000000000000000e+00
7.471320567370523236e+01,0.000000000000000000e+00,0.000000000000000000e+00
7.085769217319034396e+01,0.000000000000000000e+00,0.000000000000000000e+00
7.952305107382035487e+01,0.000000000000000000e+00,0.000000000000000000e+00
7.686877012180617896e+01,0.000000000000000000e+00,0.000000000000000000e+00
7.303996807096501698e+01,0.000000000000000000e+00,0.000000000000000000e+00
7.779304178496440159e+01,0.000000000000000000e+00,0.000000000000000000e+00
7.278087021895376552e+01,0.000000000000000000e+00,0.000000000000000000e+00
7.590594095364771476e+01,0.000000000000000000e+00,0.000000000000000000e+00
7.314592328217855766e+01,0.000000000000000000e+00,0.000000000000000000e+00
7.679974131119662673e+01,0.000000000000000000e+00,0.000000000000000000e+00
7.724512438725479058e+01,0.000000000000000000e+00,0.000000000000000000e+00
7.377325009662288835e+01,0.000000000000000000e+00,0.000000000000000000e+00
7.450005160404886340e+01,0.000000000000000000e+00,0.000000000000000000e+00
7.512370800528186976e+01,0.000000000000000000e+00,0.000000000000000000e+00
7.753802227522113810e+01,0.000000000000000000e+00,0.000000000000000000e+00
7.746809115540465029e+01,0.000000000000000000e+00,0.000000000000000000e+00
7.545366999072923875e+01,0.000000000000000000e+00,0.000000000000000000e+00
7.552053282681366397e+01,0.000000000000000000e+00,0.000000000000000000e+00
7.626905198627021321e+01,0.000000000000000000e+00,0.000000000000000000e+00
7.698824332209457566e+01,0.000000000000000000e+00,0.000000000000000000e+00
7.564129630650171521e+01,0.000000000000000000e+00,0.000000000000000000e+00
7.393626263143778488e+01,0.000000000000000000e+00,0.000000000000000000e+00
7.669587687305346435e+01,0.000000000000000000e+00,0.000000000000000000e+00
7.408048746304534404e+01,0.000000000000000000e+00,0.000000000000000000e+00
7.561058469471068122e+01,0.000000000000000000e+00,0.000000000000000000e+00
7.454899823405665416e+01,0.000000000000000000e+00,0.000000000000000000e+00
7.361692915891354971e+01,0.000000000000000000e+00,0.000000000000000000e+00
7.099780916243867068e+01,0.000000000000000000e+00,0.000000000000000000e+00
7.668242975835936193e+01,0.000000000000000000e+00,0.000000000000000000e+00
7.207434433990459866e+01,0.000000000000000000e+00,0.000000000000000000e+00
7.706699913525122270e+01,0.000000000000000000e+00,0.000000000000000000e+00
7.344913710634628501e+01,0.000000000000000000e+00,0.000000000000000000e+00
7.401654679885183441e+01,0.000000000000000000e+00,0.000000000000000000e+00
7.432804003831658690e+01,0.000000000000000000e+00,0.000000000000000000e+00
7.483486812747807448e+01,0.000000000000000000e+00,0.000000000000000000e+00
7.496443827461384046e+01,0.000000000000000000e+00,0.000000000000000000e+00
7.445386650587998645e+01,0.000000000000000000e+00,0.000000000000000000e+00
7.680248675896407917e+01,0.000000000000000000e+00,0.000000000000000000e+00
7.272051906982549951e+01,0.000000000000000000e+00,0.000000000000000000e+00
7.291523901366198857e+01,0.000000000000000000e+00,0.000000000000000000e+00
7.008312937378774166e+01,0.000000000000000000e+00,0.000000000000000000e+00
7.355721177359531282e+01,0.000000000000000000e+00,0.000000000000000000e+00
7.491436652515223216e+01,0.000000000000000000e+00,0.000000000000000000e+00
7.553193198101966743e+01,0.000000000000000000e+00,0.000000000000000000e+00
7.377272343603182492e+01,0.000000000000000000e+00,0.000000000000000000e+00
7.754383719000610142e+01,0.000000000000000000e+00,0.000000000000000000e+00
7.785774111919258189e+01,0.000000000000000000e+00,0.000000000000000000e+00
7.653201407426467995e+01,0.000000000000000000e+00,0.000000000000000000e+00
7.116800725094263669e+01,0.000000000000000000e+00,0.000000000000000000e+00
7.557044770410992385e+01,0.000000000000000000e+00,0.000000000000000000e+00
7.446047576264547274e+01,0.000000000000000000e+00,0.000000000000000000e+00
7.570231197362571152e+01,0.000000000000000000e+00,0.000000000000000000e+00
7.290995310362038140e+01,0.000000000000000000e+00,0.000000000000000000e+00
7.738747718957419863e+01,0.000000000000000000e+00,0.000000000000000000e+00
7.250632962729164888e+01,0.000000000000000000e+00,0.000000000000000000e+00
6.808223661665276438e+01,0.000000000000000000e+00,0.000000000000000000e+00
7.231413078465888589e+01,0.000000000000000000e+00,0.000000000000000000e+00
7.508633729882745911e+01,0.000000000000000000e+00,0.000000000000000000e+00
7.716861380474996679e+01,0.000000000000000000e+00,0.000000000000000000e+00
7.608589639730662668e+01,0.000000000000000000e+00,0.000000000000000000e+00
7.112479476073518470e+01,0.000000000000000000e+00,0.000000000000000000e+00
7.255239615363450412e+01,0.000000000000000000e+00,0.000000000000000000e+00
6.904410843060603042e+01,0.000000000000000000e+00,0.000000000000000000e+00
7.367694166291181546e+01,0.000000000000000000e+00,0.000000000000000000e+00
7.144250966568611716e+01,0.000000000000000000e+00,0.000000000000000000e+00
7.269054047844458921e+01,0.000000000000000000e+00,0.000000000000000000e+00
7.589037569504446878e+01,0.000000000000000000e+00,0.000000000000000000e+00
7.063910097903659846e+01,0.000000000000000000e+00,0.000000000000000000e+00
7.460698102456535707e+01,0.000000000000000000e+00,0.000000000000000000e+00
6.979268801524153787e+01,0.000000000000000000e+00,0.000000000000000000e+00
7.131865169351311806e+01,0.000000000000000000e+00,0.000000000000000000e+00
6.936768319814918016e+01,0.000000000000000000e+00,0.000000000000000000e+00
7.021816954909319008e+01,0.000000000000000000e+00,0.000000000000000000e+00
7.350772776803682973e+01,0.000000000000000000e+00,0.000000000000000000e+00
7.154311388062309618e+01,0.000000000000000000e+00,0.000000000000000000e+00
7.457194869788908420e+01,0.000000000000000000e+00,0.000000000000000000e+00
7.155936116262404312e+01,0.000000000000000000e+00,0.000000000000000000e+00
7.441141515064936129e+01,0.000000000000000000e+00,0.000000000000000000e+00
7.235845992311901398e+01,0.000000000000000000e+00,0.000000000000000000e+00
7.590950463587466857e+01,0.000000000000000000e+00,0.000000000000000000e+00
6.670886643909757652e+01,0.000000000000000000e+00,0.000000000000000000e+00
7.127413668324626883e+01,0.000000000000000000e+00,0.000000000000000000e+00
7.215459326834570675e+01,0.000000000000000000e+00,0.000000000000000000e+00
7.120032697245349596e+01,0.000000000000000000e+00,0.000000000000000000e+00
6.877871896969963927e+01,0.000000000000000000e+00,0.000000000000000000e+00
7.132370464794531983e+01,0.000000000000000000e+00,0.000000000000000000e+00
7.205282572458428092e+01,0.000000000000000000e+00,0.000000000000000000e+00
7.749291661554279642e+01,0.000000000000000000e+00,0.000000000000000000e+00
7.107533007555971949e+01,0.000000000000000000e+00,0.000000000000000000e+00
7.070778398243093932e+01,0.000000000000000000e+00,0.000000000000000000e+00
7.070058365199922434e+01,0.000000000000000000e+00,0.000000000000000000e+00
7.320491879838657212e+01,0.000000000000000000e+00,0.000000000000000000e+00
6.959583681702987690e+01,0.000000000000000000e+00,0.000000000000000000e+00
7.212417247159400802e+01,0.000000000000000000e+00,0.000000000000000000e+00
7.285605331145133334e+01,0.000000000000000000e+00,0.000000000000000000e+00
7.195163983093799231e+01,0.000000000000000000e+00,0.000000000000000000e+00
7.101783136712106170e+01,0.000000000000000000e+00,0.000000000000000000e+00
7.268591174852360837e+01,0.000000000000000000e+00,0.000000000000000000e+00
7.365339895425474026e+01,0.000000000000000000e+00,0.000000000000000000e+00
6.994133549888208279e+01,0.000000000000000000e+00,0.000000000000000000e+00
7.014092699388200458e+01,0.000000000000000000e+00,0.000000000000000000e+00
7.100372964957720967e+01,0.000000000000000000e+00,0.000000000000000000e+00
7.268409008552789885e+01,0.000000000000000000e+00,0.000000000000000000e+00
6.986851320098597284e+01,0.000000000000000000e+00,0.000000000000000000e+00
7.046321637536075855e+01,0.000000000000000000e+00,0.000000000000000000e+00
7.300342429921681742e+01,0.000000000000000000e+00,0.000000000000000000e+00
6.956981891239712468e+01,0.000000000000000000e+00,0.000000000000000000e+00
6.785874533455961455e+01,0.000000000000000000e+00,0.000000000000000000e+00
6.839535885358975520e+01,0.000000000000000000e+00,0.000000000000000000e+00
7.182985143065215539e+01,0.000000000000000000e+00,0.000000000000000000e+00
6.929046844761431601e+01,0.000000000000000000e+00,0.000000000000000000e+00
7.399883714979374361e+01,0.000000000000000000e+00,0.000000000000000000e+00
7.031369697959448217e+01,0.000000000000000000e+00,0.000000000000000000e+00
7.160924152654351360e+01,0.000000000000000000e+00,0.000000000000000000e+00
6.853195985260988721e+01,0.000000000000000000e+00,0.000000000000000000e+00
7.028398083251032347e+01,0.000000000000000000e+00,0.000000000000000000e+00
7.046598836144914912e+01,0.000000000000000000e+00,0.000000000000000000e+00
6.684988067257866362e+01,0.000000000000000000e+00,0.000000000000000000e+00
6.858030788487455709e+01,0.000000000000000000e+00,0.000000000000000000e+00
6.706807040931282415e+01,0.000000000000000000e+00,0.000000000000000000e+00
6.678208183939113951e+01,0.000000000000000000e+00,0.000000000000000000e+00
6.731903748354609718e+01,0.000000000000000000e+00,0.000000000000000000e+00
6.935286376946446296e+01,0.000000000000000000e+00,0.000000000000000000e+00
7.092779390371927661e+01,0.000000000000000000e+00,0.000000000000000000e+00
6.881830525056568604e+01,0.000000000000000000e+00,0.000000000000000000e+00
7.164624038470454082e+01,0.000000000000000000e+00,0.000000000000000000e+00
7.001716850391535729e+01,0.000000000000000000e+00,0.000000000000000000e+00
6.840037489008585680e+01,0.000000000000000000e+00,0.000000000000000000e+00
6.539879065490099208e+01,0.000000000000000000e+00,0.000000000000000000e+00
6.863413244355643883e+01,0.000000000000000000e+00,0.000000000000000000e+00
6.717217429463059375e+01,0.000000000000000000e+00,0.000000000000000000e+00
6.916122341608215152e+01,0.000000000000000000e+00,0.000000000000000000e+00
6.775278483268922969e+01,0.000000000000000000e+00,0.000000000000000000e+00
6.949665042635857048e+01,0.000000000000000000e+00,0.000000000000000000e+00
6.948515060765231510e+01,0.000000000000000000e+00,0.000000000000000000e+00
6.726241578154018441e+01,0.000000000000000000e+00,0.000000000000000000e+00
6.743820931228714244e+01,0.000000000000000000e+00,0.000000000000000000e+00
7.017876659835070541e+01,0.000000000000000000e+00,0.000000000000000000e+00
7.316500341097929550e+01,0.000000000000000000e+00,0.000000000000000000e+00
6.836741962649858806e+01,0.000000000000000000e+00,0.000000000000000000e+00
6.538213080082896056e+01,0.000000000000000000e+00,0.000000000000000000e+00
6.685946955637965061e+01,0.000000000000000000e+00,0.000000000000000000e+00
6.911562076495492590e+01,0.000000000000000000e+00,0.000000000000000000e+00
6.716222734053513932e+01,0.000000000000000000e+00,0.000000000000000000e+00
6.618899749018642353e+01,0.000000000000000000e+00,0.000000000000000000e+00
6.652728733628477187e+01,0.000000000000000000e+00,0.000000000000000000e+00
6.840645078976618265e+01,0.000000000000000000e+00,0.000000000000000000e+00
6.693504955581160232e+01,0.000000000000000000e+00,0.000000000000000000e+00
6.791617018985928667e+01,0.000000000000000000e+00,0.000000000000000000e+00
7.078918929220540690e+01,0.000000000000000000e+00,0.000000000000000000e+00
6.798973661179992689e+01,0.000000000000000000e+00,0.000000000000000000e+00
6.460936254160422720e+01,0.000000000000000000e+00,0.000000000000000000e+00
6.828614751353681811e+01,0.000000000000000000e+00,0.000000000000000000e+00
6.746200209687788174e+01,0.000000000000000000e+00,0.000000000000000000e+00
6.938157928463458290e+01,0.000000000000000000e+00,0.000000000000000000e+00
6.567747109757627300e+01,0.000000000000000000e+00,0.000000000000000000e+00
6.604239272506528380e+01,0.000000000000000000e+00,0.000000000000000000e+00
6.756854570558165562e+01,0.000000000000000000e+00,0.000000000000000000e+00
6.701243436801995301e+01,0.000000000000000000e+00,0.000000000000000000e+00
6.579777877669258146e+01,0.000000000000000000e+00,0.000000000000000000e+00
6.543069115261168633e+01,0.000000000000000000e+00,0.000000000000000000e+00
6.515834113123690940e+01,0.000000000000000000e+00,0.000000000000000000e+00
6.847674378070689727e+01,0.000000000000000000e+00,0.000000000000000000e+00
6.758151919784249628e+01,0.000000000000000000e+00,0.000000000000000000e+00
6.431071238396823730e+01,0.000000000000000000e+00,0.000000000000000000e+00
7.093462435143143807e+01,0.000000000000000000e+00,0.000000000000000000e+00
6.635892327436872051e+01,0.000000000000000000e+00,0.000000000000000000e+00
6.443284268980838192e+01,0.000000000000000000e+00,0.000000000000000000e+00
6.609515040743623615e+01,0.000000000000000000e+00,0.000000000000000000e+00
6.575314787690386709e+01,0.000000000000000000e+00,0.000000000000000000e+00
6.151623391159557031e+01,0.000000000000000000e+00,0.000000000000000000e+00
6.459491001243087283e+01,0.000000000000000000e+00,0.000000000000000000e+00
6.687825153827124325e+01,0.000000000000000000e+00,0.000000000000000000e+00
6.876684230011652232e+01,0.000000000000000000e+00,0.000000000000000000e+00
6.484698922808787813e+01,0.000000000000000000e+00,0.000000000000000000e+00
6.689181783608350429e+01,0.000000000000000000e+00,0.000000000000000000e+00
6.608744700556781027e+01,0.000000000000000000e+00,0.000000000000000000e+00
6.436828379329409699e+01,0.000000000000000000e+00,0.000000000000000000e+00
6.851559319036613260e+01,0.000000000000000000e+00,0.000000000000000000e+00
6.507020447118762263e+01,0.000000000000000000e+00,0.000000000000000000e+00
6.472192318140427858e+01,0.000000000000000000e+00,0.000000000000000000e+00
6.688698109749414300e+01,0.000000000000000000e+00,0.000000000000000000e+00
6.616555565823844631e+01,0.000000000000000000e+00,0.000000000000000000e+00
6.294318122344444077e+01,0.000000000000000000e+00,0.000000000000000000e+00
6.761918281727051294e+01,0.000000000000000000e+00,0.000000000000000000e+00
6.443318553630484757e+01,0.000000000000000000e+00,0.000000000000000000e+00
6.462081798722775261e+01,0.000000000000000000e+00,0.000000000000000000e+00
6.667687008516898572e+01,0.000000000000000000e+00,0.000000000000000000e+00
6.184651057222372827e+01,0.000000000000000000e+00,0.000000000000000000e+00
6.558439861950803618e+01,0.000000000000000000e+00,0.000000000000000000e+00
6.208242947926139976e+01,0.000000000000000000e+00,0.000000000000000000e+00
6.831735034322015565e+01,0.000000000000000000e+00,0.000000000000000000e+00
6.704773379167583869e+01,0.000000000000000000e+00,0.000000000000000000e+00
6.154030264031379716e+01,0.000000000000000000e+00,0.000000000000000000e+00
6.186975355489409623e+01,0.000000000000000000e+00,0.000000000000000000e+00
6.246343834887851898e+01,0.000000000000000000e+00,0.000000000000000000e+00
6.396865190757753794e+01,0.000000000000000000e+00,0.000000000000000000e+00
6.582234758436861455e+01,0.000000000000000000e+00,0.000000000000000000e+00
6.398334231243917714e+01,0.000000000000000000e+00,0.000000000000000000e+00
6.367851141026714146e+01,0.000000000000000000e+00,0.000000000000000000e+00
6.292198614617964125e+01,0.000000000000000000e+00,0.000000000000000000e+00
6.611585515121807077e+01,0.000000000000000000e+00,0.000000000000000000e+00
6.413768914303759061e+01,0.000000000000000000e+00,0.000000000000000000e+00
6.636335501537514858e+01,0.000000000000000000e+00,0.000000000000000000e+00
6.346834596719613586e+01,0.000000000000000000e+00,0.000000000000000000e+00
6.255334191998933591e+01,0.000000000000000000e+00,0.000000000000000000e+00
6.388754505598990363e+01,0.000000000000000000e+00,0.000000000000000000e+00
6.168412753442302687e+01,0.000000000000000000e+00,0.000000000000000000e+00
6.006246936379769608e+01,0.000000000000000000e+00,0.000000000000000000e+00
6.185816684632213480e+01,0.000000000000000000e+00,0.000000000000000000e+00
6.325589654754918456e+01,0.000000000000000000e+00,0.000000000000000000e+00
6.729501728863198196e+01,0.000000000000000000e+00,0.000000000000000000e+00
5.989901621764271056e+01,0.000000000000000000e+00,0.000000000000000000e+00
6.514705900350675449e+01,0.000000000000000000e+00,0.000000000000000000e+00
6.439402713217377539e+01,0.000000000000000000e+00,0.000000000000000000e+00
6.445594051961188597e+01,0.000000000000000000e+00,0.000000000000000000e+00
6.063510547907624471e+01,0.000000000000000000e+00,0.000000000000000000e+00
6.555247316548789627e+01,0.000000000000000000e+00,0.000000000000000000e+00
6.355255420051069848e+01,0.000000000000000000e+00,0.000000000000000000e+00
6.306818222598702306e+01,0.000000000000000000e+00,0.000000000000000000e+00
6.268330612988298611e+01,0.000000000000000000e+00,0.000000000000000000e+00
5.986870205169878290e+01,0.000000000000000000e+00,0.000000000000000000e+00
6.566664880158347728e+01,0.000000000000000000e+00,0.000000000000000000e+00
6.040462340325719737e+01,0.000000000000000000e+00,0.000000000000000000e+00
5.611590487681947792e+01,0.000000000000000000e+00,0.000000000000000000e+00
6.104326918466022533e+01,0.000000000000000000e+00,0.000000000000000000e+00
6.180849422901130907e+01,0.000000000000000000e+00,0.000000000000000000e+00
6.644622609408079938e+01,0.000000000000000000e+00,0.000000000000000000e+00
6.193440755660004982e+01,0.000000000000000000e+00,0.000000000000000000e+00
6.513577805199076920e+01,0.000000000000000000e+00,0.000000000000000000e+00
6.305756704461357032e+01,0.000000000000000000e+00,0.000000000000000000e+00
6.195226998697569343e+01,0.000000000000000000e+00,0.000000000000000000e+00
6.210739800200725114e+01,0.000000000000000000e+00,0.000000000000000000e+00
6.170734752364985809e+01,0.000000000000000000e+00,0.000000000000000000e+00
6.379881754365776203e+01,0.000000000000000000e+00,0.000000000000000000e+00
6.199184724224931387e+01,0.000000000000000000e+00,0.000000000000000000e+00
6.217013670527222757e+01,0.000000000000000000e+00,0.000000000000000000e+00
5.859224040304540893e+01,0.000000000000000000e+00,0.000000000000000000e+00
6.265441931176630419e+01,0.000000000000000000e+00,0.000000000000000000e+00
6.379870646209928253e+01,0.000000000000000000e+00,0.000000000000000000e+00
6.346637846537552718e+01,0.000000000000000000e+00,0.000000000000000000e+00
5.994571209913685550e+01,0.000000000000000000e+00,0.000000000000000000e+00
5.913788589947427710e+01,0.000000000000000000e+00,0.000000000000000000e+00
6.014347987387502315e+01,0.000000000000000000e+00,0.000000000000000000e+00
6.184790267578505052e+01,0.000000000000000000e+00,0.000000000000000000e+00
5.614988800792367840e+01,0.000000000000000000e+00,0.000000000000000000e+00
6.269249268458278834e+01,0.000000000000000000e+00,0.000000000000000000e+00
6.022545572821231730e+01,0.000000000000000000e+00,0.000000000000000000e+00
5.740886824463707683e+01,0.000000000000000000e+00,0.000000000000000000e+00
6.056495041169647209e+01,0.000000000000000000e+00,0.000000000000000000e+00
6.088050269711783358e+01,0.000000000000000000e+00,0.000000000000000000e+00
5.799336501903992769e+01,0.000000000000000000e+00,0.000000000000000000e+00
5.771105490211142097e+01,0.000000000000000000e+00,0.000000000000000000e+00
6.202118552383762307e+01,0.000000000000000000e+00,0.000000000000000000e+00
5.731797198365245549e+01,0.000000000000000000e+00,0.000000000000000000e+00
5.677488531119002602e+01,0.000000000000000000e+00,0.000000000000000000e+00
5.653278942668475793e+01,0.000000000000000000e+00,0.000000000000000000e+00
5.695120858248298390e+01,0.000000000000000000e+00,0.000000000000000000e+00
6.175460549062608351e+01,0.000000000000000000e+00,0.000000000000000000e+00
5.946533959525321222e+01,0.000000000000000000e+00,0.000000000000000000e+00
5.703756776544663154e+01,0.000000000000000000e+00,0.000000000000000000e+00
5.977696445678801496e+01,0.000000000000000000e+00,0.000000000000000000e+00
6.076276888483078409e+01,0.000000000000000000e+00,0.000000000000000000e+00
5.761047487177987847e+01,0.000000000000000000e+00,0.000000000000000000e+00
5.850217264875986700e+01,0.000000000000000000e+00,0.000000000000000000e+00
5.789680406745555530e+01,0.000000000000000000e+00,0.000000000000000000e+00
5.963110071000155443e+01,0.000000000000000000e+00,0.000000000000000000e+00
6.104780776139442366e+01,0.000000000000000000e+00,0.000000000000000000e+00
6.335280255721917086e+01,0.000000000000000000e+00,0.000000000000000000e+00
5.516890626012646237e+01,0.000000000000000000e+00,0.000000000000000000e+00
5.476699331465705711e+01,0.000000000000000000e+00,0.000000000000000000e+00
5.982505319527786014e+01,0.000000000000000000e+00,0.000000000000000000e+00
5.681613731856716498e+01,0.000000000000000000e+00,0.000000000000000000e+00
5.671231694849314664e+01,0.000000000000000000e+00,0.000000000000000000e+00
5.620459207236157084e+01,0.000000000000000000e+00,0.000000000000000000e+00
5.958317535041570068e+01,0.000000000000000000e+00,0.000000000000000000e+00
5.870516889551506523e+01,0.000000000000000000e+00,0.000000000000000000e+00
5.877443790508794308e+01,0.000000000000000000e+00,0.000000000000000000e+00
5.685097329078363515e+01,0.000000000000000000e+00,0.000000000000000000e+00
5.725389329939682170e+01,0.000000000000000000e+00,0.000000000000000000e+00
5.982619608210053741e+01,0.000000000000000000e+00,0.000000000000000000e+00
5.851734439696128476e+01,0.000000000000000000e+00,0.000000000000000000e+00
5.594929133150895950e+01,0.000000000000000000e+00,0.000000000000000000e+00
5.407646606128724187e+01,0.000000000000000000e+00,0.000000000000000000e+00
5.959550740698117011e+01,0.000000000000000000e+00,0.000000000000000000e+00
5.606098874111474117e+01,0.000000000000000000e+00,0.000000000000000000e+00
5.652667869677990353e+01,0.000000000000000000e+00,0.000000000000000000e+00
5.649976383755402054e+01,0.000000000000000000e+00,0.000000000000000000e+00
5.644035572385016053e+01,0.000000000000000000e+00,0.000000000000000000e+00
5.825327395143984432e+01,0.000000000000000000e+00,0.000000000000000000e+00
5.661719202216296054e+01,0.000000000000000000e+00,0.000000000000000000e+00
5.767908983653785526e+01,0.000000000000000000e+00,0.000000000000000000e+00
5.565763356806442630e+01,0.000000000000000000e+00,0.000000000000000000e+00
6.132616219424216553e+01,0.000000000000000000e+00,0.000000000000000000e+00
5.961379450822501269e+01,0.000000000000000000e+00,0.000000000000000000e+00
5.377344338790558709e+01,0.000000000000000000e+00,0.000000000000000000e+00
5.832969192500001299e+01,0.000000000000000000e+00,0.000000000000000000e+00
5.727359576374048800e+01,0.000000000000000000e+00,0.000000000000000000e+00
5.620803946805354911e+01,0.000000000000000000e+00,0.000000000000000000e+00
5.618978632292679976e+01,0.000000000000000000e+00,0.000000000000000000e+00
5.920917433864205037e+01,0.000000000000000000e+00,0.000000000000000000e+00
5.819373455920860039e+01,0.000000000000000000e+00,0.000000000000000000e+00
5.301372117931511241e+01,0.000000000000000000e+00,0.000000000000000000e+00
5.307047690930647832e+01,0.000000000000000000e+00,0.000000000000000000e+00
5.321369512972574967e+01,0.000000000000000000e+00,0.000000000000000000e+00
5.785828215372860939e+01,0.000000000000000000e+00,0.000000000000000000e+00
5.828795787287329944e+01,0.000000000000000000e+00,0.000000000000000000e+00
5.831566004813846860e+01,0.000000000000000000e+00,0.000000000000000000e+00
5.675001421540682855e+01,0.000000000000000000e+00,0.000000000000000000e+00
5.533009882394767232e+01,0.000000000000000000e+00,0.000000000000000000e+00
5.607924817289949004e+01,0.000000000000000000e+00,0.000000000000000000e+00
5.105661866937730764e+01,0.000000000000000000e+00,0.000000000000000000e+00
5.728028522126151501e+01,0.000000000000000000e+00,0.000000000000000000e+00
5.360184833999229426e+01,0.000000000000000000e+00,0.000000000000000000e+00
5.609404511520117609e+01,0.000000000000000000e+00,0.000000000000000000e+00
5.693683667329042208e+01,0.000000000000000000e+00,0.000000000000000000e+00
5.576982246953755862e+01,0.000000000000000000e+00,0.000000000000000000e+00
5.773454745626680307e+01,0.000000000000000000e+00,0.000000000000000000e+00
5.437135660405299120e+01,0.000000000000000000e+00,0.000000000000000000e+00
5.553553469450123714e+01,0.000000000000000000e+00,0.000000000000000000e+00
5.284500489553187208e+01,0.000000000000000000e+00,0.000000000000000000e+00
5.601487803319061953e+01,0.000000000000000000e+00,0.000000000000000000e+00
5.692520729694193449e+01,0.000000000000000000e+00,0.000000000000000000e+00
4.998408600072770014e+01,0.000000000000000000e+00,0.000000000000000000e+00
5.773368999043485417e+01,0.000000000000000000e+00,0.000000000000000000e+00
5.573349737435706430e+01,0.000000000000000000e+00,0.000000000000000000e+00
5.536136469069221278e+01,0.000000000000000000e+00,0.000000000000000000e+00
5.359604168415268077e+01,0.000000000000000000e+00,0.000000000000000000e+00
5.288934531511423387e+01,0.000000000000000000e+00,0.000000000000000000e+00
5.778259640014924514e+01,0.000000000000000000e+00,0.000000000000000000e+00
5.614588259908645540e+01,0.000000000000000000e+00,0.000000000000000000e+00
5.416872120143473524e+01,0.000000000000000000e+00,0.000000000000000000e+00
5.538470216149492842e+01,0.000000000000000000e+00,0.000000000000000000e+00
5.192902311339536681e+01,0.000000000000000000e+00,0.000000000000000000e+00
5.331572764763992467e+01,0.000000000000000000e+00,0.000000000000000000e+00
5.331383712037059297e+01,0.000000000000000000e+00,0.000000000000000000e+00
5.306391441408104725e+01,0.000000000000000000e+00,0.000000000000000000e+00
5.411550235952349652e+01,0.000000000000000000e+00,0.000000000000000000e+00
5.302535942811015701e+01,0.000000000000000000e+00,0.000000000000000000e+00
5.068774958029971600e+01,0.000000000000000000e+00,0.000000000000000000e+00
5.213773373025769331e+01,0.000000000000000000e+00,0.000000000000000000e+00
5.342611678432884048e+01,0.000000000000000000e+00,0.000000000000000000e+00
5.292916281194861483e+01,0.000000000000000000e+00,0.000000000000000000e+00
5.514410100528902348e+01,0.000000000000000000e+00,0.000000000000000000e+00
5.271590052458843445e+01,0.000000000000000000e+00,0.000000000000000000e+00
5.261925929286561399e+01,0.000000000000000000e+00,0.000000000000000000e+00
5.300629472531509379e+01,0.000000000000000000e+00,0.000000000000000000e+00
5.080389354616926312e+01,0.000000000000000000e+00,0.000000000000000000e+00
5.175403785773772114e+01,0.000000000000000000e+00,0.000000000000000000e+00
5.135274497957360751e+01,0.000000000000000000e+00,0.000000000000000000e+00
5.184664867198651450e+01,0.000000000000000000e+00,0.000000000000000000e+00
5.330516217228027642e+01,0.000000000000000000e+00,0.000000000000000000e+00
4.973388265074500225e+01,0.000000000000000000e+00,0.000000000000000000e+00
4.915577929757291997e+01,0.000000000000000000e+00,0.000000000000000000e+00
5.040269290998426754e+01,0.000000000000000000e+00,0.000000000000000000e+00
5.069107400350345927e+01,0.000000000000000000e+00,0.000000000000000000e+00
5.576133268113580499e+01,0.000000000000000000e+00,0.000000000000000000e+00
5.242329034825179690e+01,0.000000000000000000e+00,0.000000000000000000e+00
5.143502863044639639e+01,0.000000000000000000e+00,0.000000000000000000e+00
5.455199014034850080e+01,0.000000000000000000e+00,0.000000000000000000e+00
5.051322326884137937e+01,0.000000000000000000e+00,0.000000000000000000e+00
5.074610042543012156e+01,0.000000000000000000e+00,0.000000000000000000e+00
5.139895500126881700e+01,0.000000000000000000e+00,0.000000000000000000e+00
5.031127911343589432e+01,0.000000000000000000e+00,0.000000000000000000e+00
5.142247375151944766e+01,0.000000000000000000e+00,0.000000000000000000e+00
5.614079988007835453e+01,0.000000000000000000e+00,0.000000000000000000e+00
5.036198745805045007e+01,0.000000000000000000e+00,0.000000000000000000e+00
5.399017180405697758e+01,0.000000000000000000e+00,0.000000000000000000e+00
4.759987302105963636e+01,0.000000000000000000e+00,0.000000000000000000e+00
4.966266090515144782e+01,0.000000000000000000e+00,0.000000000000000000e+00
4.708790277687071324e+01,0.000000000000000000e+00,0.000000000000000000e+00
5.111641907315921429e+01,0.000000000000000000e+00,0.000000000000000000e+00
5.382290040732797110e+01,0.000000000000000000e+00,0.000000000000000000e+00
5.154008280825114241e+01,0.000000000000000000e+00,0.000000000000000000e+00
4.846406561980346339e+01,0.000000000000000000e+00,0.000000000000000000e+00
4.815039110901896890e+01,0.000000000000000000e+00,0.000000000000000000e+00
5.064899642903948518e+01,0.000000000000000000e+00,0.000000000000000000e+00
5.118484359643038317e+01,0.000000000000000000e+00,0.000000000000000000e+00
5.036918941038698705e+01,0.000000000000000000e+00,0.000000000000000000e+00
4.955035353375578211e+01,0.000000000000000000e+00,0.000000000000000000e+00
4.733148239736842555e+01,0.000000000000000000e+00,0.000000000000000000e+00
5.046139807443520908e+01,0.000000000000000000e+00,0.000000000000000000e+00
5.142146292574540212e+01,0.000000000000000000e+00,0.000000000000000000e+00
4.924531947488659966e+01,0.000000000000000000e+00,0.000000000000000000e+00
4.513515100092758559e+01,0.000000000000000000e+00,0.000000000000000000e+00
5.022500408460643939e+01,0.000000000000000000e+00,0.000000000000000000e+00
5.082180417458791766e+01,0.000000000000000000e+00,0.000000000000000000e+00
4.769092083672775573e+01,0.000000000000000000e+00,0.000000000000000000e+00
5.109123318586097184e+01,0.000000000000000000e+00,0.000000000000000000e+00
4.780945824358203566e+01,0.000000000000000000e+00,0.000000000000000000e+00
5.332672214750395767e+01,0.000000000000000000e+00,0.000000000000000000e+00
4.601738087839791547e+01,0.000000000000000000e+00,0.000000000000000000e+00
5.356710157831864194e+01,0.000000000000000000e+00,0.000000000000000000e+00
4.675768099836852798e+01,0.000000000000000000e+00,0.000000000000000000e+00
4.581605701163583433e+01,0.000000000000000000e+00,0.000000000000000000e+00
5.064964065900863943e+01,0.000000000000000000e+00,0.000000000000000000e+00
4.597550305272703497e+01,0.000000000000000000e+00,0.000000000000000000e+00
4.982207985643279358e+01,0.000000000000000000e+00,0.000000000000000000e+00
4.773758368417362874e+01,0.000000000000000000e+00,0.000000000000000000e+00
4.949016110302815008e+01,0.000000000000000000e+00,0.000000000000000000e+00
5.036504529454288104e+01,0.000000000000000000e+00,0.000000000000000000e+00
4.216970137122250151e+01,0.000000000000000000e+00,0.000000000000000000e+00
4.617140538808140349e+01,0.000000000000000000e+00,0.000000000000000000e+00
4.988066331841327639e+01,0.000000000000000000e+00,0.000000000000000000e+00
4.548426272477808396e+01,0.000000000000000000e+00,0.000000000000000000e+00
4.873352875798634898e+01,0.000000000000000000e+00,0.000000000000000000e+00
4.740276538860190669e+01,0.000000000000000000e+00,0.000000000000000000e+00
4.508222872948509519e+01,0.000000000000000000e+00,0.000000000000000000e+00
4.722202007376982635e+01,0.000000000000000000e+00,0.000000000000000000e+00
4.949918028755737964e+01,0.000000000000000000e+00,0.000000000000000000e+00
4.579351521060652885e+01,0.000000000000000000e+00,0.000000000000000000e+00
4.702870123171032191e+01,0.000000000000000000e+00,0.000000000000000000e+00
4.993439902761358695e+01,0.000000000000000000e+00,0.000000000000000000e+00
4.364573821996389569e+01,0.000000000000000000e+00,0.000000000000000000e+00
4.681944201588798649e+01,0.000000000000000000e+00,0.000000000000000000e+00
5.035250527491430717e+01,0.000000000000000000e+00,0.000000000000000000e+00
4.745469278666848822e+01,0.000000000000000000e+00,0.000000000000000000e+00
4.529930925968640310e+01,0.000000000000000000e+00,0.000000000000000000e+00
4.902146828465960482e+01,0.000000000000000000e+00,0.000000000000000000e+00
4.493310881114764754e+01,0.000000000000000000e+00,0.000000000000000000e+00
4.446965800330245600e+01,0.000000000000000000e+00,0.000000000000000000e+00
4.225503042213989602e+01,0.000000000000000000e+00,0.000000000000000000e+00
4.574317847811668258e+01,0.000000000000000000e+00,0.000000000000000000e+00
4.596222860158405155e+01,0.000000000000000000e+00,0.000000000000000000e+00
4.491302389516902593e+01,0.000000000000000000e+00,0.000000000000000000e+00
4.197740406584622264e+01,0.000000000000000000e+00,0.000000000000000000e+00
4.514471656720486692e+01,0.000000000000000000e+00,0.000000000000000000e+00
4.292110799813679023e+01,0.000000000000000000e+00,0.000000000000000000e+00
4.641775664160116577e+01,0.000000000000000000e+00,0.000000000000000000e+00
4.646760759641965421e+01,0.000000000000000000e+00,0.000000000000000000e+00
4.795957241411242933e+01,0.000000000000000000e+00,0.000000000000000000e+00
4.422777905419346212e+01,0.000000000000000000e+00,0.000000000000000000e+00
4.466718299414298343e+01,0.000000000000000000e+00,0.000000000000000000e+00
4.430039957378954796e+01,0.000000000000000000e+00,0.000000000000000000e+00
4.586169958042164296e+01,0.000000000000000000e+00,0.000000000000000000e+00
4.690508141004356446e+01,0.000000000000000000e+00,0.000000000000000000e+00
4.499944532904801520e+01,0.000000000000000000e+00,0.000000000000000000e+00
4.505876776150089569e+01,0.000000000000000000e+00,0.000000000000000000e+00
4.688566375433892119e+01,0.000000000000000000e+00,0.000000000000000000e+00
4.621000189491101651e+01,0.000000000000000000e+00,0.000000000000000000e+00
4.332933845148598806e+01,0.000000000000000000e+00,0.000000000000000000e+00
4.574476567856410014e+01,0.000000000000000000e+00,0.000000000000000000e+00
4.833936674911247167e+01,0.000000000000000000e+00,0.000000000000000000e+00
4.475082458675466768e+01,0.000000000000000000e+00,0.000000000000000000e+00
4.600366748753224044e+01,0.000000000000000000e+00,0.000000000000000000e+00
4.485404702141848787e+01,0.000000000000000000e+00,0.000000000000000000e+00
4.238235012827077242e+01,0.000000000000000000e+00,0.000000000000000000e+00
4.575546839879721261e+01,0.000000000000000000e+00,0.000000000000000000e+00
4.397959783381491405e+01,0.000000000000000000e+00,0.000000000000000000e+00
4.392017870741516106e+01,0.000000000000000000e+00,0.000000000000000000e+00
4.300962377340595566e+01,0.000000000000000000e+00,0.000000000000000000e+00
4.295930925402670653e+01,0.000000000000000000e+00,0.000000000000000000e+00
4.691721265774135219e+01,0.000000000000000000e+00,0.000000000000000000e+00
4.343398731582677641e+01,0.000000000000000000e+00,0.000000000000000000e+00
4.474058893812325266e+01,0.000000000000000000e+00,0.000000000000000000e+00
4.545714731533249164e+01,0.000000000000000000e+00,0.000000000000000000e+00
4.377564885450562571e+01,0.000000000000000000e+00,0.000000000000000000e+00
4.043839201063082811e+01,0.000000000000000000e+00,0.000000000000000000e+00
4.258319438763442122e+01,0.000000000000000000e+00,0.000000000000000000e+00
4.184984304945977840e+01,0.000000000000000000e+00,0.000000000000000000e+00
4.473674626441802360e+01,0.000000000000000000e+00,0.000000000000000000e+00
4.088144298562031764e+01,0.000000000000000000e+00,0.000000000000000000e+00
4.444995728911523969e+01,0.000000000000000000e+00,0.000000000000000000e+00
4.912017085458832355e+01,0.000000000000000000e+00,0.000000000000000000e+00
3.875058882585449282e+01,0.000000000000000000e+00,0.000000000000000000e+00
4.342753662265513270e+01,0.000000000000000000e+00,0.000000000000000000e+00
4.135633365455579025e+01,0.000000000000000000e+00,0.000000000000000000e+00
4.212973719192626731e+01,0.000000000000000000e+00,0.000000000000000000e+00
4.310574038012928355e+01,0.000000000000000000e+00,0.000000000000000000e+00
4.319497454592014662e+01,0.000000000000000000e+00,0.000000000000000000e+00
4.176210506794868138e+01,0.000000000000000000e+00,0.000000000000000000e+00
3.831725208137200411e+01,0.000000000000000000e+00,0.000000000000000000e+00
3.884385259516711386e+01,0.000000000000000000e+00,0.000000000000000000e+00
4.345726051074822038e+01,0.000000000000000000e+00,0.000000000000000000e+00
4.369750590338646390e+01,0.000000000000000000e+00,0.000000000000000000e+00
4.416496755854196721e+01,0.000000000000000000e+00,0.000000000000000000e+00
4.052917806782814125e+01,0.000000000000000000e+00,0.000000000000000000e+00
4.408413498177498013e+01,0.000000000000000000e+00,0.000000000000000000e+00
4.420717154755520539e+01,0.000000000000000000e+00,0.000000000000000000e+00
4.042257875833037417e+01,0.000000000000000000e+00,0.000000000000000000e+00
4.125575563177567062e+01,0.000000000000000000e+00,0.000000000000000000e+00
4.036069649123406577e+01,0.000000000000000000e+00,0.000000000000000000e+00
4.477348566955512155e+01,0.000000000000000000e+00,0.000000000000000000e+00
4.055266782410472359e+01,0.000000000000000000e+00,0.000000000000000000e+00
4.081090483421112936e+01,0.000000000000000000e+00,0.000000000000000000e+00
4.046326753420331812e+01,0.000000000000000000e+00,0.000000000000000000e+00
3.915890667219248655e+01,0.000000000000000000e+00,0.000000000000000000e+00
3.992619662335589226e+01,0.000000000000000000e+00,0.000000000000000000e+00
3.482593370189051285e+01,0.000000000000000000e+00,0.000000000000000000e+00
4.120132902045159540e+01,0.000000000000000000e+00,0.000000000000000000e+00
3.928077483118528335e+01,0.000000000000000000e+00,0.000000000000000000e+00
3.984934960947434490e+01,0.000000000000000000e+00,0.000000000000000000e+00
3.771830317405801480e+01,0.000000000000000000e+00,0.000000000000000000e+00
4.155525684486846671e+01,0.000000000000000000e+00,0.000000000000000000e+00
3.910388286418032777e+01,0.000000000000000000e+00,0.000000000000000000e+00
4.277234141124424127e+01,0.000000000000000000e+00,0.000000000000000000e+00
4.131701264913225913e+01,0.000000000000000000e+00,0.000000000000000000e+00
3.879706661608201301e+01,0.000000000000000000e+00,0.000000000000000000e+00
4.016087133287133071e+01,0.000000000000000000e+00,0.000000000000000000e+00
4.367789464329717219e+01,0.000000000000000000e+00,0.000000000000000000e+00
4.051639901633928531e+01,0.000000000000000000e+00,0.000000000000000000e+00
4.070625038258881290e+01,0.000000000000000000e+00,0.000000000000000000e+00
3.999344905809572737e+01,0.000000000000000000e+00,0.000000000000000000e+00
4.243879474504380056e+01,0.000000000000000000e+00,0.000000000000000000e+00
3.634972244445865641e+01,0.000000000000000000e+00,0.000000000000000000e+00
4.071321939141232349e+01,0.000000000000000000e+00,0.000000000000000000e+00
3.717255730684771464e+01,0.000000000000000000e+00,0.000000000000000000e+00
3.735459828934617832e+01,0.000000000000000000e+00,0.000000000000000000e+00
3.769766206263422248e+01,0.000000000000000000e+00,0.000000000000000000e+00
3.858692368050257215e+01,0.000000000000000000e+00,0.000000000000000000e+00
4.001430785303367088e+01,0.000000000000000000e+00,0.000000000000000000e+00
4.079769107870728817e+01,0.000000000000000000e+00,0.000000000000000000e+00
3.910040779591065530e+01,0.000000000000000000e+00,0.000000000000000000e+00
3.862146688386680893e+01,0.000000000000000000e+00,0.000000000000000000e+00
3.969792260881799706e+01,0.000000000000000000e+00,0.000000000000000000e+00
4.111838348731412651e+01,0.000000000000000000e+00,0.000000000000000000e+00
3.986936582236734239e+01,0.000000000000000000e+00,0.000000000000000000e+00
4.050280908945197211e+01,0.000000000000000000e+00,0.000000000000000000e+00
3.797357882780414684e+01,0.000000000000000000e+00,0.000000000000000000e+00
3.924365589290866296e+01,0.000000000000000000e+00,0.000000000000000000e+00
3.664715970295876701e+01,0.000000000000000000e+00,0.000000000000000000e+00
3.584471368481938214e+01,0.000000000000000000e+00,0.000000000000000000e+00
3.774695340603567217e+01,0.000000000000000000e+00,0.000000000000000000e+00
3.548050244337253645e+01,0.000000000000000000e+00,0.000000000000000000e+00
3.763898420804890321e+01,0.000000000000000000e+00,0.000000000000000000e+00
3.576526811477149437e+01,0.000000000000000000e+00,0.000000000000000000e+00
3.736513144159147970e+01,0.000000000000000000e+00,0.000000000000000000e+00
3.838406410059162965e+01,0.000000000000000000e+00,0.000000000000000000e+00
3.597424408490047654e+01,0.000000000000000000e+00,0.000000000000000000e+00
3.876146501854907456e+01,0.000000000000000000e+00,0.000000000000000000e+00
3.802009344224541820e+01,0.000000000000000000e+00,0.000000000000000000e+00
3.621429266368862443e+01,0.000000000000000000e+00,0.000000000000000000e+00
3.304961854216082173e+01,0.000000000000000000e+00,0.000000000000000000e+00
3.617538829897323183e+01,0.000000000000000000e+00,0.000000000000000000e+00
3.846433017010222244e+01,0.000000000000000000e+00,0.000000000000000000e+00
3.466383230870688692e+01,0.000000000000000000e+00,0.000000000000000000e+00
3.802952524681238344e+01,0.000000000000000000e+00,0.000000000000000000e+00
3.574829902126660386e+01,0.000000000000000000e+00,0.000000000000000000e+00
3.824896493562900446e+01,0.000000000000000000e+00,0.000000000000000000e+00
4.078495752861469725e+01,0.000000000000000000e+00,0.000000000000000000e+00
3.787956563663090037e+01,0.000000000000000000e+00,0.000000000000000000e+00
3.497695134589202581e+01,0.000000000000000000e+00,0.000000000000000000e+00
3.663534259678713312e+01,0.000000000000000000e+00,0.000000000000000000e+00
4.004350549563542927e+01,0.000000000000000000e+00,0.000000000000000000e+00
3.489874320089771942e+01,0.000000000000000000e+00,0.000000000000000000e+00
3.784101602160885136e+01,0.000000000000000000e+00,0.000000000000000000e+00
3.697921476587450229e+01,0.000000000000000000e+00,0.000000000000000000e+00
3.787968534367793438e+01,0.000000000000000000e+00,0.000000000000000000e+00
3.466771206313953257e+01,0.000000000000000000e+00,0.000000000000000000e+00
4.044385095932388907e+01,0.000000000000000000e+00,0.000000000000000000e+00
3.765493299283821216e+01,0.000000000000000000e+00,0.000000000000000000e+00
3.281784897280608249e+01,0.000000000000000000e+00,0.000000000000000000e+00
3.586556668748279719e+01,0.000000000000000000e+00,0.000000000000000000e+00
3.333974384517936329e+01,0.000000000000000000e+00,0.000000000000000000e+00
3.646371736639304828e+01,0.000000000000000000e+00,0.000000000000000000e+00
2.987647534508061042e+01,0.000000000000000000e+00,0.000000000000000000e+00
3.303019444972368746e+01,0.000000000000000000e+00,0.000000000000000000e+00
3.839018307451302547e+01,0.000000000000000000e+00,0.000000000000000000e+00
3.584973333414811947e+01,0.000000000000000000e+00,0.000000000000000000e+00
3.134605425130892087e+01,0.000000000000000000e+00,0.000000000000000000e+00
3.734346180155122852e+01,0.000000000000000000e+00,0.000000000000000000e+00
3.794416264458146770e+01,0.000000000000000000e+00,0.000000000000000000e+00
3.312372281389024664e+01,0.000000000000000000e+00,0.000000000000000000e+00
3.425571766579550115e+01,0.000000000000000000e+00,0.000000000000000000e+00
3.541360859039681230e+01,0.000000000000000000e+00,0.000000000000000000e+00
3.575288628443885131e+01,0.000000000000000000e+00,0.000000000000000000e+00
3.402365886902820336e+01,0.000000000000000000e+00,0.000000000000000000e+00
3.534274378152314000e+01,0.000000000000000000e+00,0.000000000000000000e+00
3.325768962055953182e+01,0.000000000000000000e+00,0.000000000000000000e+00
3.525740079880032596e+01,0.000000000000000000e+00,0.000000000000000000e+00
3.523619112128117337e+01,0.000000000000000000e+00,0.000000000000000000e+00
3.565313329471464243e+01,0.000000000000000000e+00,0.000000000000000000e+00
3.564465770882372198e+01,0.000000000000000000e+00,0.000000000000000000e+00
3.020473298553101671e+01,0.000000000000000000e+00,0.000000000000000000e+00
3.359752486383251835e+01,0.000000000000000000e+00,0.000000000000000000e+00
3.614811362960699626e+01,0.000000000000000000e+00,0.000000000000000000e+00
3.234870860439096418e+01,0.000000000000000000e+00,0.000000000000000000e+00
3.475241779127965458e+01,0.000000000000000000e+00,0.000000000000000000e+00
3.622844079787824967e+01,0.000000000000000000e+00,0.000000000000000000e+00
3.328190434000073594e+01,0.000000000000000000e+00,0.000000000000000000e+00
3.275443775671855207e+01,0.000000000000000000e+00,0.000000000000000000e+00
3.238100334827296223e+01,0.000000000000000000e+00,0.000000000000000000e+00
3.394073827765152629e+01,0.000000000000000000e+00,0.000000000000000000e+00
3.309498600376974764e+01,0.000000000000000000e+00,0.000000000000000000e+00
3.259375431748639329e+01,0.000000000000000000e+00,0.000000000000000000e+00
3.380968391843459386e+01,0.000000000000000000e+00,0.000000000000000000e+00
3.304458521972313889e+01,0.000000000000000000e+00,0.000000000000000000e+00
3.272390173093656074e+01,0.000000000000000000e+00,0.000000000000000000e+00
3.460951692738373708e+01,0.000000000000000000e+00,0.000000000000000000e+00
3.224366937287730650e+01,0.000000000000000000e+00,0.000000000000000000e+00
3.836629034638021096e+01,0.000000000000000000e+00,0.000000000000000000e+00
3.117394264882927857e+01,0.000000000000000000e+00,0.000000000000000000e+00
3.234295549710076045e+01,0.000000000000000000e+00,0.000000000000000000e+00
3.373801926475767488e+01,0.000000000000000000e+00,0.000000000000000000e+00
3.435358515191081352e+01,0.000000000000000000e+00,0.000000000000000000e+00
3.438008178234395729e+01,0.000000000000000000e+00,0.000000000000000000e+00
3.326624500915606575e+01,0.000000000000000000e+00,0.000000000000000000e+00
3.230119099950660910e+01,0.000000000000000000e+00,0.000000000000000000e+00
3.460456340521376006e+01,0.000000000000000000e+00,0.000000000000000000e+00
3.409644033214137693e+01,0.000000000000000000e+00,0.000000000000000000e+00
3.292916456759405008e+01,0.000000000000000000e+00,0.000000000000000000e+00
2.922817361373065026e+01,0.000000000000000000e+00,0.000000000000000000e+00
3.278176084652993438e+01,0.000000000000000000e+00,0.000000000000000000e+00
3.381867485304351106e+01,0.000000000000000000e+00,0.000000000000000000e+00
3.009283286671644930e+01,0.000000000000000000e+00,0.000000000000000000e+00
3.429852070630290228e+01,0.000000000000000000e+00,0.000000000000000000e+00
3.281545399796911511e+01,0.000000000000000000e+00,0.000000000000000000e+00
3.313486164711935800e+01,0.000000000000000000e+00,0.000000000000000000e+00
3.243861644633238228e+01,0.000000000000000000e+00,0.000000000000000000e+00
3.044489265375585774e+01,0.000000000000000000e+00,0.000000000000000000e+00
3.244789562114417691e+01,0.000000000000000000e+00,0.000000000000000000e+00
3.072978883613625811e+01,0.000000000000000000e+00,0.000000000000000000e+00
3.063027129621273303e+01,0.000000000000000000e+00,0.000000000000000000e+00
3.048809838999597233e+01,0.000000000000000000e+00,0.000000000000000000e+00
2.945367400793516666e+01,0.000000000000000000e+00,0.000000000000000000e+00
2.879849333393089950e+01,0.000000000000000000e+00,0.000000000000000000e+00
3.406650456707352248e+01,0.000000000000000000e+00,0.000000000000000000e+00
3.280996384812669930e+01,0.000000000000000000e+00,0.000000000000000000e+00
2.779614009735693259e+01,0.000000000000000000e+00,0.000000000000000000e+00
3.175083969909375270e+01,0.000000000000000000e+00,0.000000000000000000e+00
3.258894410267701858e+01,0.000000000000000000e+00,0.000000000000000000e+00
3.169774740348699993e+01,0.000000000000000000e+00,0.000000000000000000e+00
3.324792863272611498e+01,0.000000000000000000e+00,0.000000000000000000e+00
2.783229110205000723e+01,0.000000000000000000e+00,0.000000000000000000e+00
3.012530650023710521e+01,0.000000000000000000e+00,0.000000000000000000e+00
3.098202542026292150e+01,0.000000000000000000e+00,0.000000000000000000e+00
3.162701212854711130e+01,0.000000000000000000e+00,0.000000000000000000e+00
3.168889539456906945e+01,0.000000000000000000e+00,0.000000000000000000e+00
3.075170041434306967e+01,0.000000000000000000e+00,0.000000000000000000e+00
3.239362700197532519e+01,0.000000000000000000e+00,0.000000000000000000e+00
2.848317691025724940e+01,0.000000000000000000e+00,0.000000000000000000e+00
3.260179212794309223e+01,0.000000000000000000e+00,0.000000000000000000e+00
3.008483753587530174e+01,0.000000000000000000e+00,0.000000000000000000e+00
2.726019607788759913e+01,0.000000000000000000e+00,0.000000000000000000e+00
3.072384347929595450e+01,0.000000000000000000e+00,0.000000000000000000e+00
3.091043933555423706e+01,0.000000000000000000e+00,0.000000000000000000e+00
3.257480892394673333e+01,0.000000000000000000e+00,0.000000000000000000e+00
2.973867304776822706e+01,0.000000000000000000e+00,0.000000000000000000e+00
2.773374394850713642e+01,0.000000000000000000e+00,0.000000000000000000e+00
3.199976466494027960e+01,0.000000000000000000e+00,0.000000000000000000e+00
3.165747846346917527e+01,0.000000000000000000e+00,0.000000000000000000e+00
2.823410291418490203e+01,0.000000000000000000e+00,0.000000000000000000e+00
3.008510885138905522e+01,0.000000000000000000e+00,0.000000000000000000e+00
2.470026649371947158e+01,0.000000000000000000e+00,0.000000000000000000e+00
2.985480902666219194e+01,0.000000000000000000e+00,0.000000000000000000e+00
3.066140606790142442e+01,0.000000000000000000e+00,0.000000000000000000e+00
3.132142422685002003e+01,0.000000000000000000e+00,0.000000000000000000e+00
2.822391940268438049e+01,0.000000000000000000e+00,0.000000000000000000e+00
2.912393043838395812e+01,0.000000000000000000e+00,0.000000000000000000e+00
2.898175740017315860e+01,0.000000000000000000e+00,0.000000000000000000e+00
3.011685011725417382e+01,0.000000000000000000e+00,0.000000000000000000e+00
2.970998052903732045e+01,0.000000000000000000e+00,0.000000000000000000e+00
3.008804967801953723e+01,0.000000000000000000e+00,0.000000000000000000e+00
3.011906270997078394e+01,0.000000000000000000e+00,0.000000000000000000e+00
3.113967926796364338e+01,0.000000000000000000e+00,0.000000000000000000e+00
2.943762414646364434e+01,0.000000000000000000e+00,0.000000000000000000e+00
2.587792815093211019e+01,0.000000000000000000e+00,0.000000000000000000e+00
2.749803282540025151e+01,0.000000000000000000e+00,0.000000000000000000e+00
3.004823534598885360e+01,0.000000000000000000e+00,0.000000000000000000e+00
2.868794024899678163e+01,0.000000000000000000e+00,0.000000000000000000e+00
2.977015923625179994e+01,0.000000000000000000e+00,0.000000000000000000e+00
3.049586463459032970e+01,0.000000000000000000e+00,0.000000000000000000e+00
3.004221618862786158e+01,0.000000000000000000e+00,0.000000000000000000e+00
2.909941303566576210e+01,0.000000000000000000e+00,0.000000000000000000e+00
2.778114629358796606e+01,0.000000000000000000e+00,0.000000000000000000e+00
2.965711031386100771e+01,0.000000000000000000e+00,0.000000000000000000e+00
2.852506317817228876e+01,0.000000000000000000e+00,0.000000000000000000e+00
2.814284760605470126e+01,0.000000000000000000e+00,0.000000000000000000e+00
2.777914543237674749e+01,0.000000000000000000e+00,0.000000000000000000e+00
3.112293252800308707e+01,0.000000000000000000e+00,0.000000000000000000e+00
2.739221977644179873e+01,0.000000000000000000e+00,0.000000000000000000e+00
2.977308366178234778e+01,0.000000000000000000e+00,0.000000000000000000e+00
2.544258018398541665e+01,0.000000000000000000e+00,0.000000000000000000e+00
2.953108358220644547e+01,0.000000000000000000e+00,0.000000000000000000e+00
2.982415235589949276e+01,0.000000000000000000e+00,0.000000000000000000e+00
2.988313204867999318e+01,0.000000000000000000e+00,0.000000000000000000e+00
2.901850014394015531e+01,0.000000000000000000e+00,0.000000000000000000e+00
2.755011850334649637e+01,0.000000000000000000e+00,0.000000000000000000e+00
2.756914974617291847e+01,0.000000000000000000e+00,0.000000000000000000e+00
3.197956616654217754e+01,0.000000000000000000e+00,0.000000000000000000e+00
2.656720283704357399e+01,0.000000000000000000e+00,0.000000000000000000e+00
2.884308005165882705e+01,0.000000000000000000e+00,0.000000000000000000e+00
2.714974200188876452e+01,0.000000000000000000e+00,0.000000000000000000e+00
2.930038238931511430e+01,0.000000000000000000e+00,0.000000000000000000e+00
2.420789814215537561e+01,0.000000000000000000e+00,0.000000000000000000e+00
2.697212725151871737e+01,0.000000000000000000e+00,0.000000000000000000e+00
2.587129999325874863e+01,0.000000000000000000e+00,0.000000000000000000e+00
2.738562389359026739e+01,0.000000000000000000e+00,0.000000000000000000e+00
3.059179349992694696e+01,0.000000000000000000e+00,0.000000000000000000e+00
2.819225230512220293e+01,0.000000000000000000e+00,0.000000000000000000e+00
2.796209776597058294e+01,0.000000000000000000e+00,0.000000000000000000e+00
2.602212087742631397e+01,0.000000000000000000e+00,0.000000000000000000e+00
2.774916868988207597e+01,0.000000000000000000e+00,0.000000000000000000e+00
2.700386827363484343e+01,0.000000000000000000e+00,0.000000000000000000e+00
2.551608390114361669e+01,0.000000000000000000e+00,0.000000000000000000e+00
2.665578741859425804e+01,0.000000000000000000e+00,0.000000000000000000e+00
2.725206966130511077e+01,0.000000000000000000e+00,0.000000000000000000e+00
2.937106513360842897e+01,0.000000000000000000e+00,0.000000000000000000e+00
2.691736634100773529e+01,0.000000000000000000e+00,0.000000000000000000e+00
2.814470040530579098e+01,0.000000000000000000e+00,0.000000000000000000e+00
2.400375642244366148e+01,0.000000000000000000e+00,0.000000000000000000e+00
2.627724271762624042e+01,0.000000000000000000e+00,0.000000000000000000e+00
3.102561798470121701e+01,0.000000000000000000e+00,0.000000000000000000e+00
2.405385754091175698e+01,0.000000000000000000e+00,0.000000000000000000e+00
2.795970002911819918e+01,0.000000000000000000e+00,0.000000000000000000e+00
2.449787405440961408e+01,0.000000000000000000e+00,0.000000000000000000e+00
2.827809006734600672e+01,0.000000000000000000e+00,0.000000000000000000e+00
2.804748620184712848e+01,0.000000000000000000e+00,0.000000000000000000e+00
2.454531820379255080e+01,0.000000000000000000e+00,0.000000000000000000e+00
3.355009220747501786e+01,0.000000000000000000e+00,0.000000000000000000e+00
2.350198330999082330e+01,0.000000000000000000e+00,0.000000000000000000e+00
2.319450781586518318e+01,0.000000000000000000e+00,0.000000000000000000e+00
2.519903441406857780e+01,0.000000000000000000e+00,0.000000000000000000e+00
2.431767374542770099e+01,0.000000000000000000e+00,0.000000000000000000e+00
2.837777015264443037e+01,0.000000000000000000e+00,0.000000000000000000e+00
2.746438069535755488e+01,0.000000000000000000e+00,0.000000000000000000e+00
2.658334527692351656e+01,0.000000000000000000e+00,0.000000000000000000e+00
2.776496610484416294e+01,0.000000000000000000e+00,0.000000000000000000e+00
2.484121952833184821e+01,0.000000000000000000e+00,0.000000000000000000e+00
2.728757628545823621e+01,0.000000000000000000e+00,0.000000000000000000e+00
2.464323968124539022e+01,0.000000000000000000e+00,0.000000000000000000e+00
2.477870835965444840e+01,0.000000000000000000e+00,0.000000000000000000e+00
2.732350493210423892e+01,0.000000000000000000e+00,0.000000000000000000e+00
2.810729289298337719e+01,0.000000000000000000e+00,0.000000000000000000e+00
2.586662240952939129e+01,0.000000000000000000e+00,0.000000000000000000e+00
2.398593609394568560e+01,0.000000000000000000e+00,0.000000000000000000e+00
2.739153993612119464e+01,0.000000000000000000e+00,0.000000000000000000e+00
2.306228429598737506e+01,0.000000000000000000e+00,0.000000000000000000e+00
2.742704693138329120e+01,0.000000000000000000e+00,0.000000000000000000e+00
2.609103815412065686e+01,0.000000000000000000e+00,0.000000000000000000e+00
2.839862507600730623e+01,0.000000000000000000e+00,0.000000000000000000e+00
2.494087367067438876e+01,0.000000000000000000e+00,0.000000000000000000e+00
2.477302816058794832e+01,0.000000000000000000e+00,0.000000000000000000e+00
2.707358074577145501e+01,0.000000000000000000e+00,0.000000000000000000e+00
2.619585601549071896e+01,0.000000000000000000e+00,0.000000000000000000e+00
2.245827592993553168e+01,0.000000000000000000e+00,0.000000000000000000e+00
2.453222255996594114e+01,0.000000000000000000e+00,0.000000000000000000e+00
2.860981238258959181e+01,0.000000000000000000e+00,0.000000000000000000e+00
2.597681351422068730e+01,0.000000000000000000e+00,0.000000000000000000e+00
2.343446447772211627e+01,0.000000000000000000e+00,0.000000000000000000e+00
2.486903977624461604e+01,0.000000000000000000e+00,0.000000000000000000e+00
2.606268841446207318e+01,0.000000000000000000e+00,0.000000000000000000e+00
2.479953975617623740e+01,0.000000000000000000e+00,0.000000000000000000e+00
2.806037360001814918e+01,0.000000000000000000e+00,0.000000000000000000e+00
2.461666785972854399e+01,0.000000000000000000e+00,0.000000000000000000e+00
2.282341326220313249e+01,0.000000000000000000e+00,0.000000000000000000e+00
2.479206072827571106e+01,0.000000000000000000e+00,0.000000000000000000e+00
2.535778556594608801e+01,0.000000000000000000e+00,0.000000000000000000e+00
2.065886553787314739e+01,0.000000000000000000e+00,0.000000000000000000e+00
2.369042328529314290e+01,0.000000000000000000e+00,0.000000000000000000e+00
2.438462256372216785e+01,0.000000000000000000e+00,0.000000000000000000e+00
2.026190132347948847e+01,0.000000000000000000e+00,0.000000000000000000e+00
2.327664895649011711e+01,0.000000000000000000e+00,0.000000000000000000e+00
2.894244477074473210e+01,0.000000000000000000e+00,0.000000000000000000e+00
2.411495431063754324e+01,0.000000000000000000e+00,0.000000000000000000e+00
2.579412056193859470e+01,0.000000000000000000e+00,0.000000000000000000e+00
2.530174369765022035e+01,0.000000000000000000e+00,0.000000000000000000e+00
2.372683573333970841e+01,0.000000000000000000e+00,0.000000000000000000e+00
2.381587331924750472e+01,0.000000000000000000e+00,0.000000000000000000e+00
2.190244445906972715e+01,0.000000000000000000e+00,0.000000000000000000e+00
2.443532032504350937e+01,0.000000000000000000e+00,0.000000000000000000e+00
2.449245520713983382e+01,0.000000000000000000e+00,0.000000000000000000e+00
2.298945656866386145e+01,0.000000000000000000e+00,0.000000000000000000e+00
2.218653451711792357e+01,0.000000000000000000e+00,0.000000000000000000e+00
2.400946258016705670e+01,0.000000000000000000e+00,0.000000000000000000e+00
2.626158531506721161e+01,0.000000000000000000e+00,0.000000000000000000e+00
2.169315391819495886e+01,0.000000000000000000e+00,0.000000000000000000e+00
2.216533525891281542e+01,0.000000000000000000e+00,0.000000000000000000e+00
2.410399422463594732e+01,0.000000000000000000e+00,0.000000000000000000e+00
2.193047698284732760e+01,0.000000000000000000e+00,0.000000000000000000e+00
2.111329720592992132e+01,0.000000000000000000e+00,0.000000000000000000e+00
2.294404588570768766e+01,0.000000000000000000e+00,0.000000000000000000e+00
2.872765449014040939e+01,0.000000000000000000e+00,0.000000000000000000e+00
2.325046796338450861e+01,0.000000000000000000e+00,0.000000000000000000e+00
2.569683379531578993e+01,0.000000000000000000e+00,0.000000000000000000e+00
2.332185339063221718e+01,0.000000000000000000e+00,0.000000000000000000e+00
2.236366036690379389e+01,0.000000000000000000e+00,0.000000000000000000e+00
2.420987659382283397e+01,0.000000000000000000e+00,0.000000000000000000e+00
2.083912793519147044e+01,0.000000000000000000e+00,0.000000000000000000e+00
2.591445211235913959e+01,0.000000000000000000e+00,0.000000000000000000e+00
2.050277868540501913e+01,0.000000000000000000e+00,0.000000000000000000e+00
2.153203979040229399e+01,0.000000000000000000e+00,0.000000000000000000e+00
2.834554837271279482e+01,0.000000000000000000e+00,0.000000000000000000e+00
2.045852307688911864e+01,0.000000000000000000e+00,0.000000000000000000e+00
2.000619627423490243e+01,0.000000000000000000e+00,0.000000000000000000e+00
1.909317922064636264e+01,0.000000000000000000e+00,0.000000000000000000e+00
2.588454287366981532e+01,0.000000000000000000e+00,0.000000000000000000e+00
2.257387393109579676e+01,0.000000000000000000e+00,0.000000000000000000e+00
2.484881307396281258e+01,0.000000000000000000e+00,0.000000000000000000e+00
2.383012034929361178e+01,0.000000000000000000e+00,0.000000000000000000e+00
2.379392513390371278e+01,0.000000000000000000e+00,0.000000000000000000e+00
2.375859043047745445e+01,0.000000000000000000e+00,0.000000000000000000e+00
2.281402051583257773e+01,0.000000000000000000e+00,0.000000000000000000e+00
2.476077787253667140e+01,0.000000000000000000e+00,0.000000000000000000e+00
2.439384400515614715e+01,0.000000000000000000e+00,0.000000000000000000e+00
2.122328677896934934e+01,0.000000000000000000e+00,0.000000000000000000e+00
2.228847061885892700e+01,0.000000000000000000e+00,0.000000000000000000e+00
2.027049253332337031e+01,0.000000000000000000e+00,0.000000000000000000e+00
2.423404327418214166e+01,0.000000000000000000e+00,0.000000000000000000e+00
2.381646421100687405e+01,0.000000000000000000e+00,0.000000000000000000e+00
2.039991269944221841e+01,0.000000000000000000e+00,0.000000000000000000e+00
2.490301750830260374e+01,0.000000000000000000e+00,0.000000000000000000e+00
1.886811317282000999e+01,0.000000000000000000e+00,0.000000000000000000e+00
1.988406029873915415e+01,0.000000000000000000e+00,0.000000000000000000e+00
2.036873168773537301e+01,0.000000000000000000e+00,0.000000000000000000e+00
2.179277606642715881e+01,0.000000000000000000e+00,0.000000000000000000e+00
1.898150667653544232e+01,0.000000000000000000e+00,0.000000000000000000e+00
2.204813686817677265e+01,0.000000000000000000e+00,0.000000000000000000e+00
2.522214819522844920e+01,0.000000000000000000e+00,0.000000000000000000e+00
2.364111533082886751e+01,0.000000000000000000e+00,0.000000000000000000e+00
2.187006840622035497e+01,0.000000000000000000e+00,0.000000000000000000e+00
2.345040701192368005e+01,0.000000000000000000e+00,0.000000000000000000e+00
2.503333092018477757e+01,0.000000000000000000e+00,0.000000000000000000e+00
1.846583844782445283e+01,0.000000000000000000e+00,0.000000000000000000e+00
1.802307992139282078e+01,0.000000000000000000e+00,0.000000000000000000e+00
2.464297760382828528e+01,0.000000000000000000e+00,0.000000000000000000e+00
2.249781182637574872e+01,0.000000000000000000e+00,0.000000000000000000e+00
2.070960370536112904e+01,0.000000000000000000e+00,0.000000000000000000e+00
1.911520933215814821e+01,0.000000000000000000e+00,0.000000000000000000e+00
2.177613009806693967e+01,0.000000000000000000e+00,0.000000000000000000e+00
2.280727281507871140e+01,0.000000000000000000e+00,0.000000000000000000e+00
2.342007995889386862e+01,0.000000000000000000e+00,0.000000000000000000e+00
2.174566542826815763e+01,0.000000000000000000e+00,0.000000000000000000e+00
1.941983443042709112e+01,0.000000000000000000e+00,0.000000000000000000e+00
2.023356821919567849e+01,0.000000000000000000e+00,0.000000000000000000e+00
2.482097882665287614e+01,0.000000000000000000e+00,0.000000000000000000e+00
2.284641209584557942e+01,0.000000000000000000e+00,0.000000000000000000e+00
2.338625037841732990e+01,0.000000000000000000e+00,0.000000000000000000e+00
2.368224696086156911e+01,0.000000000000000000e+00,0.000000000000000000e+00
2.504181442509034383e+01,0.000000000000000000e+00,0.000000000000000000e+00
1.948801505761747421e+01,0.000000000000000000e+00,0.000000000000000000e+00
1.893811435570004420e+01,0.000000000000000000e+00,0.000000000000000000e+00
2.422427082051258296e+01,0.000000000000000000e+00,0.000000000000000000e+00
2.216768430895866615e+01,0.000000000000000000e+00,0.000000000000000000e+00
1.921167211121009544e+01,0.000000000000000000e+00,0.000000000000000000e+00
2.382887741345181354e+01,0.000000000000000000e+00,0.000000000000000000e+00
2.393042141152972491e+01,0.000000000000000000e+00,0.000000000000000000e+00
1.826599766035591799e+01,0.000000000000000000e+00,0.000000000000000000e+00
1.954356650384997707e+01,0.000000000000000000e+00,0.000000000000000000e+00
2.201476467298370920e+01,0.000000000000000000e+00,0.000000000000000000e+00
2.108948388425055498e+01,0.000000000000000000e+00,0.000000000000000000e+00
1.997893838428125335e+01,0.000000000000000000e+00,0.000000000000000000e+00
2.060640194766584088e+01,0.000000000000000000e+00,0.000000000000000000e+00
1.971401290994967326e+01,0.000000000000000000e+00,0.000000000000000000e+00
2.257980587534395056e+01,0.000000000000000000e+00,0.000000000000000000e+00
2.130952715451744695e+01,0.000000000000000000e+00,0.000000000000000000e+00
2.641750365172170234e+01,0.000000000000000000e+00,0.000000000000000000e+00
2.020817350105671650e+01,0.000000000000000000e+00,0.000000000000000000e+00
1.988468415375690412e+01,0.000000000000000000e+00,0.000000000000000000e+00
1.820751531987305327e+01,0.000000000000000000e+00,0.000000000000000000e+00
1.913813552811947716e+01,0.000000000000000000e+00,0.000000000000000000e+00
2.222089839668971578e+01,0.000000000000000000e+00,0.000000000000000000e+00
2.061234878040157525e+01,0.000000000000000000e+00,0.000000000000000000e+00
2.328250492245841130e+01,0.000000000000000000e+00,0.000000000000000000e+00
2.092354585910585030e+01,0.000000000000000000e+00,0.000000000000000000e+00
2.069101849228015055e+01,0.000000000000000000e+00,0.000000000000000000e+00
2.275024489986137510e+01,0.000000000000000000e+00,0.000000000000000000e+00
1.944123786170149870e+01,0.000000000000000000e+00,0.000000000000000000e+00
1.927131630742371726e+01,0.000000000000000000e+00,0.000000000000000000e+00
2.645376017496741738e+01,0.000000000000000000e+00,0.000000000000000000e+00
2.043704042252279152e+01,0.000000000000000000e+00,0.000000000000000000e+00
1.721651790417904948e+01,0.000000000000000000e+00,0.000000000000000000e+00
2.401783945366683071e+01,0.000000000000000000e+00,0.000000000000000000e+00
2.181390885289316373e+01,0.000000000000000000e+00,0.000000000000000000e+00
2.322898975727833104e+01,0.000000000000000000e+00,0.000000000000000000e+00
2.213086777501574076e+01,0.000000000000000000e+00,0.000000000000000000e+00
2.202859631945782581e+01,0.000000000000000000e+00,0.000000000000000000e+00
1.863944018733201347e+01,0.000000000000000000e+00,0.000000000000000000e+00
2.518678291695777816e+01,0.000000000000000000e+00,0.000000000000000000e+00
2.122419279785306756e+01,0.000000000000000000e+00,0.000000000000000000e+00
2.229249216424362956e+01,0.000000000000000000e+00,0.000000000000000000e+00
2.219999340848144698e+01,0.000000000000000000e+00,0.000000000000000000e+00
1.992944783365413031e+01,0.000000000000000000e+00,0.000000000000000000e+00
2.280659697025534527e+01,0.000000000000000000e+00,0.000000000000000000e+00
1.743322204557698996e+01,0.000000000000000000e+00,0.000000000000000000e+00
2.294266335974761972e+01,0.000000000000000000e+00,0.000000000000000000e+00
2.461291757462470287e+01,0.000000000000000000e+00,0.000000000000000000e+00
1.924678425872684073e+01,0.000000000000000000e+00,0.000000000000000000e+00
2.138695067603066846e+01,0.000000000000000000e+00,0.000000000000000000e+00
1.870258858151579773e+01,0.000000000000000000e+00,0.000000000000000000e+00
2.217615069813693651e+01,0.000000000000000000e+00,0.000000000000000000e+00
2.004143716581411638e+01,0.000000000000000000e+00,0.000000000000000000e+00
1.679970285772471783e+01,0.000000000000000000e+00,0.000000000000000000e+00
2.043821659765631438e+01,0.000000000000000000e+00,0.000000000000000000e+00
2.148705277866983110e+01,0.000000000000000000e+00,0.000000000000000000e+00
2.243189798019007952e+01,0.000000000000000000e+00,0.000000000000000000e+00
2.103222160149907083e+01,0.000000000000000000e+00,0.000000000000000000e+00
2.013788364663631469e+01,0.000000000000000000e+00,0.000000000000000000e+00
1.899321268525130435e+01,0.000000000000000000e+00,0.000000000000000000e+00
2.188317570454645988e+01,0.000000000000000000e+00,0.000000000000000000e+00
1.948966158842330287e+01,0.000000000000000000e+00,0.000000000000000000e+00
1.938474985726361410e+01,0.000000000000000000e+00,0.000000000000000000e+00
1.847989931880484349e+01,0.000000000000000000e+00,0.000000000000000000e+00
2.033728805296376763e+01,0.000000000000000000e+00,0.000000000000000000e+00
2.089210483420276887e+01,0.000000000000000000e+00,0.000000000000000000e+00
2.113030237732636607e+01,0.000000000000000000e+00,0.000000000000000000e+00
2.064069364987729926e+01,0.000000000000000000e+00,0.000000000000000000e+00
2.168094119431485467e+01,0.000000000000000000e+00,0.000000000000000000e+00
1.933478424721914024e+01,0.000000000000000000e+00,0.000000000000000000e+00
2.058474777109102050e+01,0.000000000000000000e+00,0.000000000000000000e+00
2.177814927555714064e+01,0.000000000000000000e+00,0.000000000000000000e+00
2.119971228418293308e+01,0.000000000000000000e+00,0.000000000000000000e+00
2.175338800830389729e+01,0.000000000000000000e+00,0.000000000000000000e+00
1.853331037385167335e+01,0.000000000000000000e+00,0.000000000000000000e+00
2.148744856240457679e+01,0.000000000000000000e+00,0.000000000000000000e+00
2.372359214711239872e+01,0.000000000000000000e+00,0.000000000000000000e+00
2.135690172261140418e+01,0.000000000000000000e+00,0.000000000000000000e+00
1.767782782355704896e+01,0.000000000000000000e+00,0.000000000000000000e+00
2.285183922503603071e+01,0.000000000000000000e+00,0.000000000000000000e+00
1.757259396772061777e+01,0.000000000000000000e+00,0.000000000000000000e+00
2.196746825866327057e+01,0.000000000000000000e+00,0.000000000000000000e+00
1.886607092578905664e+01,0.000000000000000000e+00,0.000000000000000000e+00
1.852406907201504893e+01,0.000000000000000000e+00,0.000000000000000000e+00
2.117010550385011669e+01,0.000000000000000000e+00,0.000000000000000000e+00
1.743848894033056851e+01,0.000000000000000000e+00,0.000000000000000000e+00
2.054592102570267897e+01,0.000000000000000000e+00,0.000000000000000000e+00
2.265086254485130723e+01,0.000000000000000000e+00,0.000000000000000000e+00
2.065986996946492837e+01,0.000000000000000000e+00,0.000000000000000000e+00
2.137745547479941166e+01,0.000000000000000000e+00,0.000000000000000000e+00
2.270078432317503569e+01,0.000000000000000000e+00,0.000000000000000000e+00
1.793543007872119688e+01,0.000000000000000000e+00,0.000000000000000000e+00
2.439051399158303823e+01,0.000000000000000000e+00,0.000000000000000000e+00
2.204125384589765346e+01,0.000000000000000000e+00,0.000000000000000000e+00
2.006527703218572256e+01,0.000000000000000000e+00,0.000000000000000000e+00
2.207543566323638728e+01,0.000000000000000000e+00,0.000000000000000000e+00
2.121704011590853156e+01,0.000000000000000000e+00,0.000000000000000000e+00
2.006919403210650188e+01,0.000000000000000000e+00,0.000000000000000000e+00
2.358084676563362336e+01,0.000000000000000000e+00,0.000000000000000000e+00
2.008416229879614434e+01,0.000000000000000000e+00,0.000000000000000000e+00
1.848464874433495808e+01,0.000000000000000000e+00,0.000000000000000000e+00
2.154677557860880555e+01,0.000000000000000000e+00,0.000000000000000000e+00
2.221794614707386373e+01,0.000000000000000000e+00,0.000000000000000000e+00
1.913554002777523877e+01,0.000000000000000000e+00,0.000000000000000000e+00
2.077860361967993796e+01,0.000000000000000000e+00,0.000000000000000000e+00
1.821317342819661178e+01,0.000000000000000000e+00,0.000000000000000000e+00
2.419673985176540754e+01,0.000000000000000000e+00,0.000000000000000000e+00
2.004403922897036594e+01,0.000000000000000000e+00,0.000000000000000000e+00
1.937480892459174342e+01,0.000000000000000000e+00,0.000000000000000000e+00
2.317701085130327243e+01,0.000000000000000000e+00,0.000000000000000000e+00
1.735325163834932027e+01,0.000000000000000000e+00,0.000000000000000000e+00
2.026910013002328625e+01,0.000000000000000000e+00,0.000000000000000000e+00
2.095069094047062919e+01,0.000000000000000000e+00,0.000000000000000000e+00
1.975001045391066157e+01,0.000000000000000000e+00,0.000000000000000000e+00
1.969958159955415411e+01,0.000000000000000000e+00,0.000000000000000000e+00
1.834338191734188683e+01,0.000000000000000000e+00,0.000000000000000000e+00
2.475077384780661660e+01,0.000000000000000000e+00,0.000000000000000000e+00
2.054955277234333977e+01,0.000000000000000000e+00,0.000000000000000000e+00
2.199910898046687535e+01,0.000000000000000000e+00,0.000000000000000000e+00
2.139173317754546488e+01,0.000000000000000000e+00,0.000000000000000000e+00
1.841521104476714754e+01,0.000000000000000000e+00,0.000000000000000000e+00
2.087907786847472735e+01,0.000000000000000000e+00,0.000000000000000000e+00
2.205124587147263782e+01,0.000000000000000000e+00,0.000000000000000000e+00
2.123142626963747759e+01,0.000000000000000000e+00,0.000000000000000000e+00
2.420435183942462487e+01,0.000000000000000000e+00,0.000000000000000000e+00
2.245924862228482155e+01,0.000000000000000000e+00,0.000000000000000000e+00
1.788753970662698478e+01,0.000000000000000000e+00,0.000000000000000000e+00
1.710885184427230854e+01,0.000000000000000000e+00,0.000000000000000000e+00
2.079793572585459316e+01,0.000000000000000000e+00,0.000000000000000000e+00
1.947789304494943607e+01,0.000000000000000000e+00,0.000000000000000000e+00
1.880462040995401551e+01,0.000000000000000000e+00,0.000000000000000000e+00
1.664670842409760709e+01,0.000000000000000000e+00,0.000000000000000000e+00
2.123048638660403142e+01,0.000000000000000000e+00,0.000000000000000000e+00
2.530336124780794904e+01,0.000000000000000000e+00,0.000000000000000000e+00
2.044003258414100799e+01,0.000000000000000000e+00,0.000000000000000000e+00
1.702766923129966870e+01,0.000000000000000000e+00,0.000000000000000000e+00
1.935907245378838581e+01,0.000000000000000000e+00,0.000000000000000000e+00
2.274026096816554698e+01,0.000000000000000000e+00,0.000000000000000000e+00
2.108147683136342465e+01,0.000000000000000000e+00,0.000000000000000000e+00
2.107433187306116551e+01,0.000000000000000000e+00,0.000000000000000000e+00
1.973349126439758194e+01,0.000000000000000000e+00,0.000000000000000000e+00
2.200286047106003195e+01,0.000000000000000000e+00,0.000000000000000000e+00
2.144109468919857520e+01,0.000000000000000000e+00,0.000000000000000000e+00
1.846457225935712287e+01,0.000000000000000000e+00,0.000000000000000000e+00
2.755328995394518188e+01,0.000000000000000000e+00,0.000000000000000000e+00
2.019165306446372554e+01,0.000000000000000000e+00,0.000000000000000000e+00
1.842938787273305223e+01,0.000000000000000000e+00,0.000000000000000000e+00
1.479570964301500169e+01,0.000000000000000000e+00,0.000000000000000000e+00
2.055132067738687951e+01,0.000000000000000000e+00,0.000000000000000000e+00
1.971762788997988736e+01,0.000000000000000000e+00,0.000000000000000000e+00
1.882875690117847256e+01,0.000000000000000000e+00,0.000000000000000000e+00
2.041502969598120032e+01,0.000000000000000000e+00,0.000000000000000000e+00
1.981582556523084904e+01,0.000000000000000000e+00,0.000000000000000000e+00
2.069124012416008185e+01,0.000000000000000000e+00,0.000000000000000000e+00
1.996580197264275469e+01,0.000000000000000000e+00,0.000000000000000000e+00
1.887258094835396705e+01,0.000000000000000000e+00,0.000000000000000000e+00
1.638907544788547099e+01,0.000000000000000000e+00,0.000000000000000000e+00
1.530892784854072453e+01,0.000000000000000000e+00,0.000000000000000000e+00
2.159732672971954059e+01,0.000000000000000000e+00,0.000000000000000000e+00
2.036630268402144850e+01,0.000000000000000000e+00,0.000000000000000000e+00
1.940612709288717497e+01,0.000000000000000000e+00,0.000000000000000000e+00
1.655324160196119720e+01,0.000000000000000000e+00,0.000000000000000000e+00
1.961056735037222509e+01,0.000000000000000000e+00,0.000000000000000000e+00
2.059889857962139104e+01,0.000000000000000000e+00,0.000000000000000000e+00
1.847301578797932819e+01,0.000000000000000000e+00,0.000000000000000000e+00
2.482235665938976155e+01,0.000000000000000000e+00,0.000000000000000000e+00
2.191820851967043282e+01,0.000000000000000000e+00,0.000000000000000000e+00
2.078729188987634657e+01,0.000000000000000000e+00,0.000000000000000000e+00
1.851373926309113926e+01,0.000000000000000000e+00,0.000000000000000000e+00
1.636000900056932750e+01,0.000000000000000000e+00,0.000000000000000000e+00
2.076483021293108777e+01,0.000000000000000000e+00,0.000000000000000000e+00
2.182953872314690003e+01,0.000000000000000000e+00,0.000000000000000000e+00
2.274693687682147569e+01,0.000000000000000000e+00,0.000000000000000000e+00
1.749700701498789357e+01,0.000000000000000000e+00,0.000000000000000000e+00
1.951060730990541359e+01,0.000000000000000000e+00,0.000000000000000000e+00
1.531333906179749249e+01,0.000000000000000000e+00,0.000000000000000000e+00
1.985330689507764390e+01,0.000000000000000000e+00,0.000000000000000000e+00
2.395506669991666371e+01,0.000000000000000000e+00,0.000000000000000000e+00
1.822808898591554794e+01,0.000000000000000000e+00,0.000000000000000000e+00
1.807227263874597512e+01,0.000000000000000000e+00,0.000000000000000000e+00
1.791287083285439863e+01,0.000000000000000000e+00,0.000000000000000000e+00
2.567073550297663687e+01,0.000000000000000000e+00,0.000000000000000000e+00
2.167009754768481500e+01,0.000000000000000000e+00,0.000000000000000000e+00
1.781497967591491260e+01,0.000000000000000000e+00,0.000000000000000000e+00
2.148887338870592956e+01,0.000000000000000000e+00,0.000000000000000000e+00
2.144784444348639951e+01,0.000000000000000000e+00,0.000000000000000000e+00
1.951698414534859438e+01,0.000000000000000000e+00,0.000000000000000000e+00
1.915278964304597764e+01,0.000000000000000000e+00,0.000000000000000000e+00
2.032786507781379370e+01,0.000000000000000000e+00,0.000000000000000000e+00
2.105425021627542392e+01,0.000000000000000000e+00,0.000000000000000000e+00
2.196269032019062806e+01,0.000000000000000000e+00,0.000000000000000000e+00
2.048609733069720562e+01,0.000000000000000000e+00,0.000000000000000000e+00
2.092464124185039509e+01,0.000000000000000000e+00,0.000000000000000000e+00
1.957286339750925919e+01,0.000000000000000000e+00,0.000000000000000000e+00
2.376031390583878178e+01,0.000000000000000000e+00,0.000000000000000000e+00
2.128297766787979839e+01,0.000000000000000000e+00,0.000000000000000000e+00
2.055337836910296190e+01,0.000000000000000000e+00,0.000000000000000000e+00
1.980666263297436913e+01,0.000000000000000000e+00,0.000000000000000000e+00
2.054301280002915675e+01,0.000000000000000000e+00,0.000000000000000000e+00
1.876148699191386271e+01,0.000000000000000000e+00,0.000000000000000000e+00
2.136056279968389049e+01,0.000000000000000000e+00,0.000000000000000000e+00
1.951879992744676073e+01,0.000000000000000000e+00,0.000000000000000000e+00
1.777080657086848703e+01,0.000000000000000000e+00,0.000000000000000000e+00
2.186764528456376055e+01,0.000000000000000000e+00,0.000000000000000000e+00
2.157600622799325762e+01,0.000000000000000000e+00,0.000000000000000000e+00
1.918683906864983513e+01,0.000000000000000000e+00,0.000000000000000000e+00
2.087827050583235788e+01,0.000000000000000000e+00,0.000000000000000000e+00
1.690159574321896585e+01,0.000000000000000000e+00,0.000000000000000000e+00
2.484371715196034458e+01,0.000000000000000000e+00,0.000000000000000000e+00
1.949627307214389305e+01,0.000000000000000000e+00,0.000000000000000000e+00
2.387622349798181176e+01,0.000000000000000000e+00,0.000000000000000000e+00
2.175212856364423430e+01,0.000000000000000000e+00,0.000000000000000000e+00
2.045483457871859301e+01,0.000000000000000000e+00,0.000000000000000000e+00
2.093531548565646005e+01,0.000000000000000000e+00,0.000000000000000000e+00
1.998277310257268624e+01,0.000000000000000000e+00,0.000000000000000000e+00
2.616410097090369291e+01,0.000000000000000000e+00,0.000000000000000000e+00
1.957086973439269073e+01,0.000000000000000000e+00,0.000000000000000000e+00
2.395233444715790228e+01,0.000000000000000000e+00,0.000000000000000000e+00
2.269936911009987668e+01,0.000000000000000000e+00,0.000000000000000000e+00
2.193490371350486612e+01,0.000000000000000000e+00,0.000000000000000000e+00
1.904996351153809542e+01,0.000000000000000000e+00,0.000000000000000000e+00
2.159752112691358406e+01,0.000000000000000000e+00,0.000000000000000000e+00
2.073815678122514683e+01,0.000000000000000000e+00,0.000000000000000000e+00
1.768025711379321763e+01,0.000000000000000000e+00,0.000000000000000000e+00
2.393116081346747492e+01,0.000000000000000000e+00,0.000000000000000000e+00
1.982332563693212535e+01,0.000000000000000000e+00,0.000000000000000000e+00
2.161008607400680859e+01,0.000000000000000000e+00,0.000000000000000000e+00
2.169096059687914746e+01,0.000000000000000000e+00,0.000000000000000000e+00
1.913103506851343383e+01,0.000000000000000000e+00,0.000000000000000000e+00
2.053069083211775947e+01,0.000000000000000000e+00,0.000000000000000000e+00
2.372379528019611428e+01,0.000000000000000000e+00,0.000000000000000000e+00
2.241472983546620767e+01,0.000000000000000000e+00,0.000000000000000000e+00
2.178307134741078244e+01,0.000000000000000000e+00,0.000000000000000000e+00
1.965058005827051346e+01,0.000000000000000000e+00,0.000000000000000000e+00
1.651175213275388387e+01,0.000000000000000000e+00,0.000000000000000000e+00
2.173706913856269551e+01,0.000000000000000000e+00,0.000000000000000000e+00
2.040442939184784166e+01,0.000000000000000000e+00,0.000000000000000000e+00
2.384225890018964833e+01,0.000000000000000000e+00,0.000000000000000000e+00
1.918198960959205834e+01,0.000000000000000000e+00,0.000000000000000000e+00
2.265033000069319513e+01,0.000000000000000000e+00,0.000000000000000000e+00
2.332291676496495114e+01,0.000000000000000000e+00,0.000000000000000000e+00
2.104969705791719647e+01,0.000000000000000000e+00,0.000000000000000000e+00
2.289071795837777756e+01,0.000000000000000000e+00,0.000000000000000000e+00
2.284041187850795396e+01,0.000000000000000000e+00,0.000000000000000000e+00
2.346057832783329289e+01,0.000000000000000000e+00,0.000000000000000000e+00
2.167513755902961847e+01,0.000000000000000000e+00,0.000000000000000000e+00
2.161595661533066703e+01,0.000000000000000000e+00,0.000000000000000000e+00
1.945082657653910729e+01,0.000000000000000000e+00,0.000000000000000000e+00
2.130607210884694780e+01,0.000000000000000000e+00,0.000000000000000000e+00
2.026735222450273355e+01,0.000000000000000000e+00,0.000000000000000000e+00
2.259714174402947506e+01,0.000000000000000000e+00,0.000000000000000000e+00
2.008587262976082854e+01,0.000000000000000000e+00,0.000000000000000000e+00
2.479583033276188786e+01,0.000000000000000000e+00,0.000000000000000000e+00
2.222312384387932127e+01,0.000000000000000000e+00,0.000000000000000000e+00
2.285967582564277834e+01,0.000000000000000000e+00,0.000000000000000000e+00
2.044633463322991318e+01,0.000000000000000000e+00,0.000000000000000000e+00
2.326265914919704159e+01,0.000000000000000000e+00,0.000000000000000000e+00
2.689351375144085665e+01,0.000000000000000000e+00,0.000000000000000000e+00
2.440152314491309582e+01,0.000000000000000000e+00,0.000000000000000000e+00
2.245144415317194841e+01,0.000000000000000000e+00,0.000000000000000000e+00
2.457538319566069163e+01,0.000000000000000000e+00,0.000000000000000000e+00
2.314674601861091574e+01,0.000000000000000000e+00,0.000000000000000000e+00
2.642010581284937487e+01,0.000000000000000000e+00,0.000000000000000000e+00
1.882814482805908796e+01,0.000000000000000000e+00,0.000000000000000000e+00
2.312962257811393840e+01,0.000000000000000000e+00,0.000000000000000000e+00
2.261451368650433480e+01,0.000000000000000000e+00,0.000000000000000000e+00
2.420247364024765702e+01,0.000000000000000000e+00,0.000000000000000000e+00
2.419134967889155874e+01,0.000000000000000000e+00,0.000000000000000000e+00
1.827328699503103593e+01,0.000000000000000000e+00,0.000000000000000000e+00
2.055973329569273744e+01,0.000000000000000000e+00,0.000000000000000000e+00
2.341658990001878138e+01,0.000000000000000000e+00,0.000000000000000000e+00
1.890327686644144833e+01,0.000000000000000000e+00,0.000000000000000000e+00
1.864056208655926739e+01,0.000000000000000000e+00,0.000000000000000000e+00
2.525267686473797468e+01,0.000000000000000000e+00,0.000000000000000000e+00
2.288078937861952866e+01,0.000000000000000000e+00,0.000000000000000000e+00
2.229570571297404058e+01,0.000000000000000000e+00,0.000000000000000000e+00
2.147674513849160505e+01,0.000000000000000000e+00,0.000000000000000000e+00
1.688590421606426517e+01,0.000000000000000000e+00,0.000000000000000000e+00
2.387243383696789323e+01,0.000000000000000000e+00,0.000000000000000000e+00
2.033248958336182710e+01,0.000000000000000000e+00,0.000000000000000000e+00
2.326612600456483193e+01,0.000000000000000000e+00,0.000000000000000000e+00
1.968802621132082820e+01,0.000000000000000000e+00,0.000000000000000000e+00
2.659419222707550290e+01,0.000000000000000000e+00,0.000000000000000000e+00
2.109159778593243573e+01,0.000000000000000000e+00,0.000000000000000000e+00
2.396779109212632619e+01,0.000000000000000000e+00,0.000000000000000000e+00
2.044622037615857835e+01,0.000000000000000000e+00,0.000000000000000000e+00
1.942756236973255923e+01,0.000000000000000000e+00,0.000000000000000000e+00
2.516707701024695254e+01,0.000000000000000000e+00,0.000000000000000000e+00
2.405583474160757973e+01,0.000000000000000000e+00,0.000000000000000000e+00
2.240105248811674343e+01,0.000000000000000000e+00,0.000000000000000000e+00
2.195577098992395904e+01,0.000000000000000000e+00,0.000000000000000000e+00
2.166998373172525305e+01,0.000000000000000000e+00,0.000000000000000000e+00
2.600419206931262295e+01,0.000000000000000000e+00,0.000000000000000000e+00
2.316468937217657853e+01,0.000000000000000000e+00,0.000000000000000000e+00
2.391303050796603458e+01,0.000000000000000000e+00,0.000000000000000000e+00
2.206656042516593175e+01,0.000000000000000000e+00,0.000000000000000000e+00
2.115083885227683780e+01,0.000000000000000000e+00,0.000000000000000000e+00
2.284754038579795221e+01,0.000000000000000000e+00,0.000000000000000000e+00
2.782648582527274073e+01,0.000000000000000000e+00,0.000000000000000000e+00
2.481198909552248111e+01,0.000000000000000000e+00,0.000000000000000000e+00
2.312636925872681459e+01,0.000000000000000000e+00,0.000000000000000000e+00
2.559083129092596565e+01,0.000000000000000000e+00,0.000000000000000000e+00
2.248578564165877225e+01,0.000000000000000000e+00,0.000000000000000000e+00
2.186158801385155215e+01,0.000000000000000000e+00,0.000000000000000000e+00
2.213379296995996270e+01,0.000000000000000000e+00,0.000000000000000000e+00
2.108902648265131674e+01,0.000000000000000000e+00,0.000000000000000000e+00
2.415300896219806148e+01,0.000000000000000000e+00,0.000000000000000000e+00
2.149975848305139792e+01,0.000000000000000000e+00,0.000000000000000000e+00
2.532677739922605298e+01,0.000000000000000000e+00,0.000000000000000000e+00
2.833561587622791222e+01,0.000000000000000000e+00,0.000000000000000000e+00
2.484118134463359695e+01,0.000000000000000000e+00,0.000000000000000000e+00
2.456857862370449297e+01,0.000000000000000000e+00,0.000000000000000000e+00
2.498202823708239606e+01,0.000000000000000000e+00,0.000000000000000000e+00
2.528772146964641010e+01,0.000000000000000000e+00,0.000000000000000000e+00
2.231075681133851418e+01,0.000000000000000000e+00,0.000000000000000000e+00
2.371978923646966564e+01,0.000000000000000000e+00,0.000000000000000000e+00
2.149762587481255949e+01,0.000000000000000000e+00,0.000000000000000000e+00
2.352550001170083149e+01,0.000000000000000000e+00,0.000000000000000000e+00
2.664182343254765684e+01,0.000000000000000000e+00,0.000000000000000000e+00
2.511945697196738791e+01,0.000000000000000000e+00,0.000000000000000000e+00
2.851211898265417588e+01,0.000000000000000000e+00,0.000000000000000000e+00
2.225335498982963855e+01,0.000000000000000000e+00,0.000000000000000000e+00
2.328665349183959776e+01,0.000000000000000000e+00,0.000000000000000000e+00
2.692861345146126695e+01,0.000000000000000000e+00,0.000000000000000000e+00
2.777704184914862395e+01,0.000000000000000000e+00,0.000000000000000000e+00
2.451133874877936591e+01,0.000000000000000000e+00,0.000000000000000000e+00
2.811899655047650981e+01,0.000000000000000000e+00,0.000000000000000000e+00
2.486585195739759158e+01,0.000000000000000000e+00,0.000000000000000000e+00
2.297287173614604328e+01,0.000000000000000000e+00,0.000000000000000000e+00
2.433009430986048827e+01,0.000000000000000000e+00,0.000000000000000000e+00
2.228035636790576035e+01,0.000000000000000000e+00,0.000000000000000000e+00
2.586067678555692240e+01,0.000000000000000000e+00,0.000000000000000000e+00
2.291702775090864819e+01,0.000000000000000000e+00,0.000000000000000000e+00
2.575027819194964707e+01,0.000000000000000000e+00,0.000000000000000000e+00
2.797706198183825421e+01,0.000000000000000000e+00,0.000000000000000000e+00
2.255302901679282002e+01,0.000000000000000000e+00,0.000000000000000000e+00
2.587353847397505646e+01,0.000000000000000000e+00,0.000000000000000000e+00
2.296502388184164900e+01,0.000000000000000000e+00,0.000000000000000000e+00
2.561260521319669081e+01,0.000000000000000000e+00,0.000000000000000000e+00
2.583876271222698406e+01,0.000000000000000000e+00,0.000000000000000000e+00
2.220249144796131446e+01,0.000000000000000000e+00,0.000000000000000000e+00
2.495060949093586089e+01,0.000000000000000000e+00,0.000000000000000000e+00
2.643561162643822016e+01,0.000000000000000000e+00,0.000000000000000000e+00
2.917185301905222516e+01,0.000000000000000000e+00,0.000000000000000000e+00
2.408629158287796912e+01,0.000000000000000000e+00,0.000000000000000000e+00
2.735281006844249774e+01,0.000000000000000000e+00,0.000000000000000000e+00
2.534551101505616444e+01,0.000000000000000000e+00,0.000000000000000000e+00
2.489583408589153635e+01,0.000000000000000000e+00,0.000000000000000000e+00
2.336672961369194823e+01,0.000000000000000000e+00,0.000000000000000000e+00
2.379119367930005779e+01,0.000000000000000000e+00,0.000000000000000000e+00
2.532213138066470748e+01,0.000000000000000000e+00,0.000000000000000000e+00
2.531650159214092710e+01,0.000000000000000000e+00,0.000000000000000000e+00
2.224460751919427537e+01,0.000000000000000000e+00,0.000000000000000000e+00
2.955620176781639685e+01,0.000000000000000000e+00,0.000000000000000000e+00
2.419596620348747606e+01,0.000000000000000000e+00,0.000000000000000000e+00
2.321279108946951908e+01,0.000000000000000000e+00,0.000000000000000000e+00
2.711760335921822218e+01,0.000000000000000000e+00,0.000000000000000000e+00
2.891151405805490171e+01,0.000000000000000000e+00,0.000000000000000000e+00
2.621246846507264294e+01,0.000000000000000000e+00,0.000000000000000000e+00
2.485998931171656068e+01,0.000000000000000000e+00,0.000000000000000000e+00
2.370103303097422298e+01,0.000000000000000000e+00,0.000000000000000000e+00
2.549550392205517824e+01,0.000000000000000000e+00,0.000000000000000000e+00
2.513524755032507585e+01,0.000000000000000000e+00,0.000000000000000000e+00
2.687024135743862274e+01,0.000000000000000000e+00,0.000000000000000000e+00
2.878639949864713188e+01,0.000000000000000000e+00,0.000000000000000000e+00
2.947242501816815974e+01,0.000000000000000000e+00,0.000000000000000000e+00
2.093064549655634110e+01,0.000000000000000000e+00,0.000000000000000000e+00
2.602100346089296323e+01,0.000000000000000000e+00,0.000000000000000000e+00
2.648506635659740738e+01,0.000000000000000000e+00,0.000000000000000000e+00
2.682056437322619047e+01,0.000000000000000000e+00,0.000000000000000000e+00
2.784747411476262613e+01,0.000000000000000000e+00,0.000000000000000000e+00
2.465535830575329612e+01,0.000000000000000000e+00,0.000000000000000000e+00
2.294738614705427437e+01,0.000000000000000000e+00,0.000000000000000000e+00
2.666958549518620814e+01,0.000000000000000000e+00,0.000000000000000000e+00
2.582123100634066049e+01,0.000000000000000000e+00,0.000000000000000000e+00
2.697634866406800569e+01,0.000000000000000000e+00,0.000000000000000000e+00
2.878744676974821459e+01,0.000000000000000000e+00,0.000000000000000000e+00
2.782322069242102813e+01,0.000000000000000000e+00,0.000000000000000000e+00
2.714724608062230971e+01,0.000000000000000000e+00,0.000000000000000000e+00
2.776306152415186901e+01,0.000000000000000000e+00,0.000000000000000000e+00
2.820471056716761282e+01,0.000000000000000000e+00,0.000000000000000000e+00
2.858171479499765155e+01,0.000000000000000000e+00,0.000000000000000000e+00
2.891902137367090475e+01,0.000000000000000000e+00,0.000000000000000000e+00
2.562915371939646647e+01,0.000000000000000000e+00,0.000000000000000000e+00
2.884582225381907605e+01,0.000000000000000000e+00,0.000000000000000000e+00
2.868109518389984558e+01,0.000000000000000000e+00,0.000000000000000000e+00
2.887970901411592806e+01,0.000000000000000000e+00,0.000000000000000000e+00
2.765800309582669669e+01,0.000000000000000000e+00,0.000000000000000000e+00
2.613172731072712196e+01,0.000000000000000000e+00,0.000000000000000000e+00
2.602195608778436409e+01,0.000000000000000000e+00,0.000000000000000000e+00
2.452681800059060535e+01,0.000000000000000000e+00,0.000000000000000000e+00
2.805173160015660017e+01,0.000000000000000000e+00,0.000000000000000000e+00
3.197742503671255321e+01,0.000000000000000000e+00,0.000000000000000000e+00
2.793617229187963602e+01,0.000000000000000000e+00,0.000000000000000000e+00
2.975784584643319874e+01,0.000000000000000000e+00,0.000000000000000000e+00
2.671674459842439120e+01,0.000000000000000000e+00,0.000000000000000000e+00
2.923591026852861319e+01,0.000000000000000000e+00,0.000000000000000000e+00
2.691804834146912739e+01,0.000000000000000000e+00,0.000000000000000000e+00
2.479773990590846822e+01,0.000000000000000000e+00,0.000000000000000000e+00
2.879330082473289920e+01,0.000000000000000000e+00,0.000000000000000000e+00
2.467172524836946934e+01,0.000000000000000000e+00,0.000000000000000000e+00
3.000523120378095854e+01,0.000000000000000000e+00,0.000000000000000000e+00
2.766129284363221075e+01,0.000000000000000000e+00,0.000000000000000000e+00
2.902188042309543548e+01,0.000000000000000000e+00,0.000000000000000000e+00
2.870987195553473370e+01,0.000000000000000000e+00,0.000000000000000000e+00
2.962337775694385655e+01,0.000000000000000000e+00,0.000000000000000000e+00
2.754848982582780437e+01,0.000000000000000000e+00,0.000000000000000000e+00
2.782184353522167797e+01,0.000000000000000000e+00,0.000000000000000000e+00
2.614673024010926383e+01,0.000000000000000000e+00,0.000000000000000000e+00
2.921183192687589880e+01,0.000000000000000000e+00,0.000000000000000000e+00
2.945616807829693684e+01,0.000000000000000000e+00,0.000000000000000000e+00
2.711356854942579275e+01,0.000000000000000000e+00,0.000000000000000000e+00
3.057601461187900682e+01,0.000000000000000000e+00,0.000000000000000000e+00
2.806672743768272582e+01,0.000000000000000000e+00,0.000000000000000000e+00
3.109012933372975596e+01,0.000000000000000000e+00,0.000000000000000000e+00
2.879990257296951484e+01,0.000000000000000000e+00,0.000000000000000000e+00
3.115199826512569459e+01,0.000000000000000000e+00,0.000000000000000000e+00
3.100427910923551522e+01,0.000000000000000000e+00,0.000000000000000000e+00
3.388759817271812835e+01,0.000000000000000000e+00,0.000000000000000000e+00
2.852486004506138428e+01,0.000000000000000000e+00,0.000000000000000000e+00
2.673232436188310501e+01,0.000000000000000000e+00,0.000000000000000000e+00
3.180913180077361702e+01,0.000000000000000000e+00,0.000000000000000000e+00
3.747901347814304529e+01,0.000000000000000000e+00,0.000000000000000000e+00
2.581915437476487440e+01,0.000000000000000000e+00,0.000000000000000000e+00
3.046801524251019444e+01,0.000000000000000000e+00,0.000000000000000000e+00
3.001604525434021298e+01,0.000000000000000000e+00,0.000000000000000000e+00
3.158898522378996176e+01,0.000000000000000000e+00,0.000000000000000000e+00
2.921623455996547847e+01,0.000000000000000000e+00,0.000000000000000000e+00
3.078629878595508984e+01,0.000000000000000000e+00,0.000000000000000000e+00
2.958726477806164112e+01,0.000000000000000000e+00,0.000000000000000000e+00
2.835259514204846454e+01,0.000000000000000000e+00,0.000000000000000000e+00
3.140971932382050369e+01,0.000000000000000000e+00,0.000000000000000000e+00
2.753978299891773673e+01,0.000000000000000000e+00,0.000000000000000000e+00
2.823631063416134523e+01,0.000000000000000000e+00,0.000000000000000000e+00
3.013779011742538216e+01,0.000000000000000000e+00,0.000000000000000000e+00
3.272215503380060397e+01,0.000000000000000000e+00,0.000000000000000000e+00
2.990276442230202392e+01,0.000000000000000000e+00,0.000000000000000000e+00
3.104367374303483018e+01,0.000000000000000000e+00,0.000000000000000000e+00
2.860092788937943453e+01,0.000000000000000000e+00,0.000000000000000000e+00
3.286625436137008194e+01,0.000000000000000000e+00,0.000000000000000000e+00
3.061472874822163703e+01,0.000000000000000000e+00,0.000000000000000000e+00
3.235414268160869966e+01,0.000000000000000000e+00,0.000000000000000000e+00
3.007019752705171456e+01,0.000000000000000000e+00,0.000000000000000000e+00
2.969581031885585531e+01,0.000000000000000000e+00,0.000000000000000000e+00
3.319571826793354319e+01,0.000000000000000000e+00,0.000000000000000000e+00
2.930406577425629067e+01,0.000000000000000000e+00,0.000000000000000000e+00
3.246620533152029253e+01,0.000000000000000000e+00,0.000000000000000000e+00
3.413341213527938578e+01,0.000000000000000000e+00,0.000000000000000000e+00
2.930278299674775866e+01,0.000000000000000000e+00,0.000000000000000000e+00
2.877479642227416434e+01,0.000000000000000000e+00,0.000000000000000000e+00
3.438345968660719620e+01,0.000000000000000000e+00,0.000000000000000000e+00
2.909642941625955004e+01,0.000000000000000000e+00,0.000000000000000000e+00
3.300640557717828472e+01,0.000000000000000000e+00,0.000000000000000000e+00
3.240504616604225419e+01,0.000000000000000000e+00,0.000000000000000000e+00
3.380302426491514467e+01,0.000000000000000000e+00,0.000000000000000000e+00
2.975859402706080559e+01,0.000000000000000000e+00,0.000000000000000000e+00
3.180786855601347085e+01,0.000000000000000000e+00,0.000000000000000000e+00
3.092984287603540139e+01,0.000000000000000000e+00,0.000000000000000000e+00
2.885080791291436242e+01,0.000000000000000000e+00,0.000000000000000000e+00
3.306416847145739268e+01,0.000000000000000000e+00,0.000000000000000000e+00
3.165820584343241961e+01,0.000000000000000000e+00,0.000000000000000000e+00
3.357559901446290951e+01,0.000000000000000000e+00,0.000000000000000000e+00
3.469734048170377605e+01,0.000000000000000000e+00,0.000000000000000000e+00
3.215561105667075026e+01,0.000000000000000000e+00,0.000000000000000000e+00
3.301077665110682346e+01,0.000000000000000000e+00,0.000000000000000000e+00
3.133765472758065940e+01,0.000000000000000000e+00,0.000000000000000000e+00
3.671612684633926449e+01,0.000000000000000000e+00,0.000000000000000000e+00
3.029466496933735797e+01,0.000000000000000000e+00,0.000000000000000000e+00
3.152153298954016947e+01,0.000000000000000000e+00,0.000000000000000000e+00
3.403066926063853259e+01,0.000000000000000000e+00,0.000000000000000000e+00
3.192158905976588912e+01,0.000000000000000000e+00,0.000000000000000000e+00
3.118321265173051415e+01,0.000000000000000000e+00,0.000000000000000000e+00
3.018960920915115764e+01,0.000000000000000000e+00,0.000000000000000000e+00
3.315911525977188035e+01,0.000000000000000000e+00,0.000000000000000000e+00
3.429491008084919912e+01,0.000000000000000000e+00,0.000000000000000000e+00
3.441574905649684268e+01,0.000000000000000000e+00,0.000000000000000000e+00
3.179884400829130797e+01,0.000000000000000000e+00,0.000000000000000000e+00
3.498343292377051483e+01,0.000000000000000000e+00,0.000000000000000000e+00
3.166978471957006036e+01,0.000000000000000000e+00,0.000000000000000000e+00
3.409022815771034942e+01,0.000000000000000000e+00,0.000000000000000000e+00
3.727212530211259889e+01,0.000000000000000000e+00,0.000000000000000000e+00
3.435895010422102303e+01,0.000000000000000000e+00,0.000000000000000000e+00
3.647242794967478829e+01,0.000000000000000000e+00,0.000000000000000000e+00
3.088821879700551776e+01,0.000000000000000000e+00,0.000000000000000000e+00
3.365188574054195669e+01,0.000000000000000000e+00,0.000000000000000000e+00
3.705733035171020617e+01,0.000000000000000000e+00,0.000000000000000000e+00
3.423416015154876391e+01,0.000000000000000000e+00,0.000000000000000000e+00
3.367744355949184865e+01,0.000000000000000000e+00,0.000000000000000000e+00
3.400351753308182623e+01,0.000000000000000000e+00,0.000000000000000000e+00
3.269612494117332346e+01,0.000000000000000000e+00,0.000000000000000000e+00
3.565901114086796042e+01,0.000000000000000000e+00,0.000000000000000000e+00
3.379814608793473951e+01,0.000000000000000000e+00,0.000000000000000000e+00
3.386944035638130401e+01,0.000000000000000000e+00,0.000000000000000000e+00
3.528406829379750320e+01,0.000000000000000000e+00,0.000000000000000000e+00
3.877576930095751351e+01,0.000000000000000000e+00,0.000000000000000000e+00
3.261663262223562754e+01,0.000000000000000000e+00,0.000000000000000000e+00
3.391086804769165752e+01,0.000000000000000000e+00,0.000000000000000000e+00
3.396214326436251696e+01,0.000000000000000000e+00,0.000000000000000000e+00
3.610225611486177399e+01,0.000000000000000000e+00,0.000000000000000000e+00
3.392474020144855018e+01,0.000000000000000000e+00,0.000000000000000000e+00
3.628616676981911837e+01,0.000000000000000000e+00,0.000000000000000000e+00
3.604603418645874768e+01,0.000000000000000000e+00,0.000000000000000000e+00
3.700439369926900923e+01,0.000000000000000000e+00,0.000000000000000000e+00
3.500245804482872103e+01,0.000000000000000000e+00,0.000000000000000000e+00
3.505773128866378840e+01,0.000000000000000000e+00,0.000000000000000000e+00
3.462258052758085825e+01,0.000000000000000000e+00,0.000000000000000000e+00
3.772936079349997129e+01,0.000000000000000000e+00,0.000000000000000000e+00
3.610611255909897466e+01,0.000000000000000000e+00,0.000000000000000000e+00
3.567108336860888329e+01,0.000000000000000000e+00,0.000000000000000000e+00
4.087519573454302702e+01,0.000000000000000000e+00,0.000000000000000000e+00
3.527898090372296025e+01,0.000000000000000000e+00,0.000000000000000000e+00
3.304942660455824210e+01,0.000000000000000000e+00,0.000000000000000000e+00
3.809555612356332688e+01,0.000000000000000000e+00,0.000000000000000000e+00
3.775290443824036402e+01,0.000000000000000000e+00,0.000000000000000000e+00
3.369542139383469959e+01,0.000000000000000000e+00,0.000000000000000000e+00
3.525536775589925753e+01,0.000000000000000000e+00,0.000000000000000000e+00
3.278690689021339466e+01,0.000000000000000000e+00,0.000000000000000000e+00
3.626792602464631443e+01,0.000000000000000000e+00,0.000000000000000000e+00
3.848675711762163587e+01,0.000000000000000000e+00,0.000000000000000000e+00
3.976715122421525450e+01,0.000000000000000000e+00,0.000000000000000000e+00
3.519274816869787514e+01,0.000000000000000000e+00,0.000000000000000000e+00
3.318539288030535062e+01,0.000000000000000000e+00,0.000000000000000000e+00
3.228457897009711530e+01,0.000000000000000000e+00,0.000000000000000000e+00
3.610424100159549710e+01,0.000000000000000000e+00,0.000000000000000000e+00
3.716148225230969615e+01,0.000000000000000000e+00,0.000000000000000000e+00
3.557422761040979964e+01,0.000000000000000000e+00,0.000000000000000000e+00
3.778815353154837453e+01,0.000000000000000000e+00,0.000000000000000000e+00
3.673060712250229187e+01,0.000000000000000000e+00,0.000000000000000000e+00
3.769590972440593646e+01,0.000000000000000000e+00,0.000000000000000000e+00
3.701085399311256197e+01,0.000000000000000000e+00,0.000000000000000000e+00
3.951047036612397534e+01,0.000000000000000000e+00,0.000000000000000000e+00
3.458902802939049081e+01,0.000000000000000000e+00,0.000000000000000000e+00
3.526406758694893995e+01,0.000000000000000000e+00,0.000000000000000000e+00
3.517794499459216695e+01,0.000000000000000000e+00,0.000000000000000000e+00
3.521203138163203050e+01,0.000000000000000000e+00,0.000000000000000000e+00
3.679753367057327296e+01,0.000000000000000000e+00,0.000000000000000000e+00
3.731034074647475052e+01,0.000000000000000000e+00,0.000000000000000000e+00
3.807797916905865776e+01,0.000000000000000000e+00,0.000000000000000000e+00
3.670871549953138668e+01,0.000000000000000000e+00,0.000000000000000000e+00
3.744156222375841736e+01,0.000000000000000000e+00,0.000000000000000000e+00
3.765594897990188628e+01,0.000000000000000000e+00,0.000000000000000000e+00
3.478872305764186734e+01,0.000000000000000000e+00,0.000000000000000000e+00
3.347036426066144799e+01,0.000000000000000000e+00,0.000000000000000000e+00
3.681275782694679322e+01,0.000000000000000000e+00,0.000000000000000000e+00
3.731342499449945649e+01,0.000000000000000000e+00,0.000000000000000000e+00
3.856274116549440123e+01,0.000000000000000000e+00,0.000000000000000000e+00
3.981832109819647059e+01,0.000000000000000000e+00,0.000000000000000000e+00
3.532252446019967351e+01,0.000000000000000000e+00,0.000000000000000000e+00
3.610139770830499373e+01,0.000000000000000000e+00,0.000000000000000000e+00
3.593401261710950223e+01,0.000000000000000000e+00,0.000000000000000000e+00
3.856118876896382375e+01,0.000000000000000000e+00,0.000000000000000000e+00
3.861563158658393746e+01,0.000000000000000000e+00,0.000000000000000000e+00
3.694013437216165840e+01,0.000000000000000000e+00,0.000000000000000000e+00
3.780465986116766430e+01,0.000000000000000000e+00,0.000000000000000000e+00
4.032848495492868324e+01,0.000000000000000000e+00,0.000000000000000000e+00
3.664016432188774530e+01,0.000000000000000000e+00,0.000000000000000000e+00
3.804734292261478146e+01,0.000000000000000000e+00,0.000000000000000000e+00
3.766536826002977278e+01,0.000000000000000000e+00,0.000000000000000000e+00
3.529787477213468350e+01,0.000000000000000000e+00,0.000000000000000000e+00
3.440701229611968870e+01,0.000000000000000000e+00,0.000000000000000000e+00
4.186163889783446734e+01,0.000000000000000000e+00,0.000000000000000000e+00
4.269662390839657462e+01,0.000000000000000000e+00,0.000000000000000000e+00
4.134148297498505542e+01,0.000000000000000000e+00,0.000000000000000000e+00
4.088492170855250407e+01,0.000000000000000000e+00,0.000000000000000000e+00
3.903964858590563125e+01,0.000000000000000000e+00,0.000000000000000000e+00
3.905143626715427985e+01,0.000000000000000000e+00,0.000000000000000000e+00
3.961021579804724979e+01,0.000000000000000000e+00,0.000000000000000000e+00
3.659587313228506389e+01,0.000000000000000000e+00,0.000000000000000000e+00
4.433449005891881001e+01,0.000000000000000000e+00,0.000000000000000000e+00
3.864390301596893096e+01,0.000000000000000000e+00,0.000000000000000000e+00
3.715901194101144966e+01,0.000000000000000000e+00,0.000000000000000000e+00
3.908939783024941761e+01,0.000000000000000000e+00,0.000000000000000000e+00
3.879494969635089774e+01,0.000000000000000000e+00,0.000000000000000000e+00
3.560191811434922471e+01,0.000000000000000000e+00,0.000000000000000000e+00
4.182920827101610683e+01,0.000000000000000000e+00,0.000000000000000000e+00
4.181911589278788455e+01,0.000000000000000000e+00,0.000000000000000000e+00
4.233125857630923861e+01,0.000000000000000000e+00,0.000000000000000000e+00
3.839798856637426638e+01,0.000000000000000000e+00,0.000000000000000000e+00
3.874420912459154209e+01,0.000000000000000000e+00,0.000000000000000000e+00
4.083846482226463337e+01,0.000000000000000000e+00,0.000000000000000000e+00
4.083413488025874472e+01,0.000000000000000000e+00,0.000000000000000000e+00
4.259751008115617310e+01,0.000000000000000000e+00,0.000000000000000000e+00
3.872568150483709815e+01,0.000000000000000000e+00,0.000000000000000000e+00
3.782407633392101332e+01,0.000000000000000000e+00,0.000000000000000000e+00
3.502398353853400437e+01,0.000000000000000000e+00,0.000000000000000000e+00
3.992671393347757203e+01,0.000000000000000000e+00,0.000000000000000000e+00
3.885089392857658908e+01,0.000000000000000000e+00,0.000000000000000000e+00
4.169128203287292678e+01,0.000000000000000000e+00,0.000000000000000000e+00
4.107813342898899123e+01,0.000000000000000000e+00,0.000000000000000000e+00
3.991402305897518232e+01,0.000000000000000000e+00,0.000000000000000000e+00
3.955100871710873633e+01,0.000000000000000000e+00,0.000000000000000000e+00
4.023488037456819910e+01,0.000000000000000000e+00,0.000000000000000000e+00
4.302824430019518331e+01,0.000000000000000000e+00,0.000000000000000000e+00
3.765793316329235552e+01,0.000000000000000000e+00,0.000000000000000000e+00
3.976427256838050539e+01,0.000000000000000000e+00,0.000000000000000000e+00
4.489630318272589449e+01,0.000000000000000000e+00,0.000000000000000000e+00
4.236363716266401980e+01,0.000000000000000000e+00,0.000000000000000000e+00
4.142757040621444986e+01,0.000000000000000000e+00,0.000000000000000000e+00
4.187094183561026028e+01,0.000000000000000000e+00,0.000000000000000000e+00
4.130146463459881545e+01,0.000000000000000000e+00,0.000000000000000000e+00
4.460342467621519802e+01,0.000000000000000000e+00,0.000000000000000000e+00
4.390563823038428382e+01,0.000000000000000000e+00,0.000000000000000000e+00
4.388323871635719087e+01,0.000000000000000000e+00,0.000000000000000000e+00
4.406003843763193117e+01,0.000000000000000000e+00,0.000000000000000000e+00
4.490986021082089508e+01,0.000000000000000000e+00,0.000000000000000000e+00
4.258709856943066541e+01,0.000000000000000000e+00,0.000000000000000000e+00
4.312862526271932495e+01,0.000000000000000000e+00,0.000000000000000000e+00
4.087456435359148799e+01,0.000000000000000000e+00,0.000000000000000000e+00
4.170450015710470382e+01,0.000000000000000000e+00,0.000000000000000000e+00
4.241762343550352909e+01,0.000000000000000000e+00,0.000000000000000000e+00
4.116977310197969331e+01,0.000000000000000000e+00,0.000000000000000000e+00
4.146971382451817334e+01,0.000000000000000000e+00,0.000000000000000000e+00
4.401078911271932270e+01,0.000000000000000000e+00,0.000000000000000000e+00
4.449178119605487325e+01,0.000000000000000000e+00,0.000000000000000000e+00
4.209966364733408284e+01,0.000000000000000000e+00,0.000000000000000000e+00
4.504109649366961321e+01,0.000000000000000000e+00,0.000000000000000000e+00
4.121569221583678910e+01,0.000000000000000000e+00,0.000000000000000000e+00
4.614294668767560381e+01,0.000000000000000000e+00,0.000000000000000000e+00
4.494353894827620621e+01,0.000000000000000000e+00,0.000000000000000000e+00
4.230235715330190516e+01,0.000000000000000000e+00,0.000000000000000000e+00
4.368728707600303807e+01,0.000000000000000000e+00,0.000000000000000000e+00
4.138080458888455837e+01,0.000000000000000000e+00,0.000000000000000000e+00
4.450999904936888640e+01,0.000000000000000000e+00,0.000000000000000000e+00
4.043250995454277330e+01,0.000000000000000000e+00,0.000000000000000000e+00
4.541681567698461208e+01,0.000000000000000000e+00,0.000000000000000000e+00
4.684403066754958189e+01,0.000000000000000000e+00,0.000000000000000000e+00
4.134275091473705999e+01,0.000000000000000000e+00,0.000000000000000000e+00
4.433537076401963617e+01,0.000000000000000000e+00,0.000000000000000000e+00
4.086688561570142753e+01,0.000000000000000000e+00,0.000000000000000000e+00
4.478974539804271870e+01,0.000000000000000000e+00,0.000000000000000000e+00
4.527207680188071492e+01,0.000000000000000000e+00,0.000000000000000000e+00
4.408727019233344890e+01,0.000000000000000000e+00,0.000000000000000000e+00
4.126391435142517139e+01,0.000000000000000000e+00,0.000000000000000000e+00
4.224897090892626750e+01,0.000000000000000000e+00,0.000000000000000000e+00
4.595129190143959619e+01,0.000000000000000000e+00,0.000000000000000000e+00
4.614786607734959745e+01,0.000000000000000000e+00,0.000000000000000000e+00
4.900310040242559495e+01,0.000000000000000000e+00,0.000000000000000000e+00
4.465350128958823461e+01,0.000000000000000000e+00,0.000000000000000000e+00
4.324819780860503471e+01,0.000000000000000000e+00,0.000000000000000000e+00
4.688234307807427115e+01,0.000000000000000000e+00,0.000000000000000000e+00
4.164742991594539490e+01,0.000000000000000000e+00,0.000000000000000000e+00
4.399751524173444750e+01,0.000000000000000000e+00,0.000000000000000000e+00
4.514285181347277387e+01,0.000000000000000000e+00,0.000000000000000000e+00
4.374865732617446668e+01,0.000000000000000000e+00,0.000000000000000000e+00
4.352147033036188617e+01,0.000000000000000000e+00,0.000000000000000000e+00
4.294742407326338451e+01,0.000000000000000000e+00,0.000000000000000000e+00
4.371096763197560620e+01,0.000000000000000000e+00,0.000000000000000000e+00
4.649192247345535378e+01,0.000000000000000000e+00,0.000000000000000000e+00
4.646457093985881670e+01,0.000000000000000000e+00,0.000000000000000000e+00
4.856807396948450872e+01,0.000000000000000000e+00,0.000000000000000000e+00
4.613853528007800264e+01,0.000000000000000000e+00,0.000000000000000000e+00
4.598606871152325937e+01,0.000000000000000000e+00,0.000000000000000000e+00
4.655412595484554572e+01,0.000000000000000000e+00,0.000000000000000000e+00
4.680625193343534818e+01,0.000000000000000000e+00,0.000000000000000000e+00
4.411758859785889797e+01,0.000000000000000000e+00,0.000000000000000000e+00
4.597231606735873299e+01,0.000000000000000000e+00,0.000000000000000000e+00
4.444140217211615607e+01,0.000000000000000000e+00,0.000000000000000000e+00
4.368387895781300045e+01,0.000000000000000000e+00,0.000000000000000000e+00
4.448133481980771364e+01,0.000000000000000000e+00,0.000000000000000000e+00
4.608921260295708322e+01,0.000000000000000000e+00,0.000000000000000000e+00
4.671011144786434244e+01,0.000000000000000000e+00,0.000000000000000000e+00
4.559223821372840035e+01,0.000000000000000000e+00,0.000000000000000000e+00
4.910409819400092601e+01,0.000000000000000000e+00,0.000000000000000000e+00
4.752023628209855133e+01,0.000000000000000000e+00,0.000000000000000000e+00
4.797301715468075400e+01,0.000000000000000000e+00,0.000000000000000000e+00
4.970119961486868476e+01,0.000000000000000000e+00,0.000000000000000000e+00
4.517211970900548579e+01,0.000000000000000000e+00,0.000000000000000000e+00
4.737780667104392052e+01,0.000000000000000000e+00,0.000000000000000000e+00
4.731385429161883849e+01,0.000000000000000000e+00,0.000000000000000000e+00
4.401979225900883819e+01,0.000000000000000000e+00,0.000000000000000000e+00
4.702497963671239489e+01,0.000000000000000000e+00,0.000000000000000000e+00
4.765648238671364822e+01,0.000000000000000000e+00,0.000000000000000000e+00
4.955252127116119709e+01,0.000000000000000000e+00,0.000000000000000000e+00
4.909910346505617440e+01,0.000000000000000000e+00,0.000000000000000000e+00
5.053517451145502548e+01,0.000000000000000000e+00,0.000000000000000000e+00
5.316455425626434561e+01,0.000000000000000000e+00,0.000000000000000000e+00
5.089499496556123859e+01,0.000000000000000000e+00,0.000000000000000000e+00
5.216792432828871995e+01,0.000000000000000000e+00,0.000000000000000000e+00
4.797782151915750148e+01,0.000000000000000000e+00,0.000000000000000000e+00
4.856137760712528717e+01,0.000000000000000000e+00,0.000000000000000000e+00
4.849074638972523843e+01,0.000000000000000000e+00,0.000000000000000000e+00
4.864030818690820013e+01,0.000000000000000000e+00,0.000000000000000000e+00
4.921519227525934781e+01,0.000000000000000000e+00,0.000000000000000000e+00
4.817881137065781871e+01,0.000000000000000000e+00,0.000000000000000000e+00
4.860047866749132339e+01,0.000000000000000000e+00,0.000000000000000000e+00
5.047177179936133484e+01,0.000000000000000000e+00,0.000000000000000000e+00
4.911110931349115560e+01,0.000000000000000000e+00,0.000000000000000000e+00
5.030088502173356346e+01,0.000000000000000000e+00,0.000000000000000000e+00
4.989102761697091637e+01,0.000000000000000000e+00,0.000000000000000000e+00
5.019160593586768471e+01,0.000000000000000000e+00,0.000000000000000000e+00
4.412339946457592532e+01,0.000000000000000000e+00,0.000000000000000000e+00
4.917428722219545989e+01,0.000000000000000000e+00,0.000000000000000000e+00
5.016286314439457072e+01,0.000000000000000000e+00,0.000000000000000000e+00
4.879350843488777656e+01,0.000000000000000000e+00,0.000000000000000000e+00
4.851741052175066926e+01,0.000000000000000000e+00,0.000000000000000000e+00
5.253194568226135885e+01,0.000000000000000000e+00,0.000000000000000000e+00
4.738026831481692369e+01,0.000000000000000000e+00,0.000000000000000000e+00
4.842790881972706529e+01,0.000000000000000000e+00,0.000000000000000000e+00
5.452786256131587095e+01,0.000000000000000000e+00,0.000000000000000000e+00
4.827105660357012340e+01,0.000000000000000000e+00,0.000000000000000000e+00
5.246852397051264205e+01,0.000000000000000000e+00,0.000000000000000000e+00
5.089123615473529583e+01,0.000000000000000000e+00,0.000000000000000000e+00
5.242895899155544726e+01,0.000000000000000000e+00,0.000000000000000000e+00
5.246242322350551035e+01,0.000000000000000000e+00,0.000000000000000000e+00
5.399405048077045421e+01,0.000000000000000000e+00,0.000000000000000000e+00
5.022783423289800453e+01,0.000000000000000000e+00,0.000000000000000000e+00
5.116053062973540477e+01,0.000000000000000000e+00,0.000000000000000000e+00
4.975529433769774101e+01,0.000000000000000000e+00,0.000000000000000000e+00
5.130387582614591224e+01,0.000000000000000000e+00,0.000000000000000000e+00
4.574313532583580866e+01,0.000000000000000000e+00,0.000000000000000000e+00
4.990300780664862401e+01,0.000000000000000000e+00,0.000000000000000000e+00
4.855296987558824640e+01,0.000000000000000000e+00,0.000000000000000000e+00
5.539229699098962101e+01,0.000000000000000000e+00,0.000000000000000000e+00
4.997293450567784845e+01,0.000000000000000000e+00,0.000000000000000000e+00
5.224796060078941196e+01,0.000000000000000000e+00,0.000000000000000000e+00
4.964347031573621649e+01,0.000000000000000000e+00,0.000000000000000000e+00
5.303317296196867403e+01,0.000000000000000000e+00,0.000000000000000000e+00
5.116944276464853658e+01,0.000000000000000000e+00,0.000000000000000000e+00
5.237537647634229643e+01,0.000000000000000000e+00,0.000000000000000000e+00
5.181877288520496450e+01,0.000000000000000000e+00,0.000000000000000000e+00
4.791627792415668097e+01,0.000000000000000000e+00,0.000000000000000000e+00
5.042641312127516073e+01,0.000000000000000000e+00,0.000000000000000000e+00
5.240082388404048430e+01,0.000000000000000000e+00,0.000000000000000000e+00
5.179258949974240522e+01,0.000000000000000000e+00,0.000000000000000000e+00
5.525595005445797625e+01,0.000000000000000000e+00,0.000000000000000000e+00
5.082079478465823286e+01,0.000000000000000000e+00,0.000000000000000000e+00
5.082366059953712778e+01,0.000000000000000000e+00,0.000000000000000000e+00
5.606225745446836584e+01,0.000000000000000000e+00,0.000000000000000000e+00
5.117567221147163536e+01,0.000000000000000000e+00,0.000000000000000000e+00
5.259689475415355986e+01,0.000000000000000000e+00,0.000000000000000000e+00
5.394354122575153809e+01,0.000000000000000000e+00,0.000000000000000000e+00
4.899558583553739055e+01,0.000000000000000000e+00,0.000000000000000000e+00
5.087959594743796998e+01,0.000000000000000000e+00,0.000000000000000000e+00
5.164246881680936241e+01,0.000000000000000000e+00,0.000000000000000000e+00
5.225808858736027673e+01,0.000000000000000000e+00,0.000000000000000000e+00
5.509161030978348350e+01,0.000000000000000000e+00,0.000000000000000000e+00
5.538301481911847191e+01,0.000000000000000000e+00,0.000000000000000000e+00
5.424782456036958678e+01,0.000000000000000000e+00,0.000000000000000000e+00
5.163814755864717654e+01,0.000000000000000000e+00,0.000000000000000000e+00
5.388213178452990348e+01,0.000000000000000000e+00,0.000000000000000000e+00
5.241945175105713872e+01,0.000000000000000000e+00,0.000000000000000000e+00
5.313377205173014772e+01,0.000000000000000000e+00,0.000000000000000000e+00
4.981081360546796333e+01,0.000000000000000000e+00,0.000000000000000000e+00
5.397671761573013782e+01,0.000000000000000000e+00,0.000000000000000000e+00
5.212426322803568723e+01,0.000000000000000000e+00,0.000000000000000000e+00
5.622247360890141010e+01,0.000000000000000000e+00,0.000000000000000000e+00
5.476244969107986549e+01,0.000000000000000000e+00,0.000000000000000000e+00
5.282434523803254933e+01,0.000000000000000000e+00,0.000000000000000000e+00
5.485855693955235779e+01,0.000000000000000000e+00,0.000000000000000000e+00
5.378556797561065395e+01,0.000000000000000000e+00,0.000000000000000000e+00
5.437503544172093228e+01,0.000000000000000000e+00,0.000000000000000000e+00
5.391180315548699298e+01,0.000000000000000000e+00,0.000000000000000000e+00
5.498537987445355668e+01,0.000000000000000000e+00,0.000000000000000000e+00
5.362087650941338524e+01,0.000000000000000000e+00,0.000000000000000000e+00
5.686261715146226692e+01,0.000000000000000000e+00,0.000000000000000000e+00
5.427198892663725616e+01,0.000000000000000000e+00,0.000000000000000000e+00
5.690623708729690833e+01,0.000000000000000000e+00,0.000000000000000000e+00
5.097159330386892861e+01,0.000000000000000000e+00,0.000000000000000000e+00
5.676591898848828066e+01,0.000000000000000000e+00,0.000000000000000000e+00
5.621535224490071414e+01,0.000000000000000000e+00,0.000000000000000000e+00
5.717986461215206617e+01,0.000000000000000000e+00,0.000000000000000000e+00
5.408597459329508439e+01,0.000000000000000000e+00,0.000000000000000000e+00
5.762669589512141499e+01,0.000000000000000000e+00,0.000000000000000000e+00
5.774988452125689520e+01,0.000000000000000000e+00,0.000000000000000000e+00
5.406136074375978495e+01,0.000000000000000000e+00,0.000000000000000000e+00
5.137064512364246838e+01,0.000000000000000000e+00,0.000000000000000000e+00
5.504698545769090146e+01,0.000000000000000000e+00,0.000000000000000000e+00
5.591910229068128046e+01,0.000000000000000000e+00,0.000000000000000000e+00
5.917845939268001132e+01,0.000000000000000000e+00,0.000000000000000000e+00
5.571878335259280135e+01,0.000000000000000000e+00,0.000000000000000000e+00
5.652040672610115735e+01,0.000000000000000000e+00,0.000000000000000000e+00
5.504010652005528215e+01,0.000000000000000000e+00,0.000000000000000000e+00
5.495619126794134246e+01,0.000000000000000000e+00,0.000000000000000000e+00
5.252785552332161956e+01,0.000000000000000000e+00,0.000000000000000000e+00
5.653858780925970962e+01,0.000000000000000000e+00,0.000000000000000000e+00
5.771917848474006263e+01,0.000000000000000000e+00,0.000000000000000000e+00
5.431683747647352334e+01,0.000000000000000000e+00,0.000000000000000000e+00
5.264989778533144005e+01,0.000000000000000000e+00,0.000000000000000000e+00
5.699296947156653204e+01,0.000000000000000000e+00,0.000000000000000000e+00
5.885887175030691054e+01,0.000000000000000000e+00,0.000000000000000000e+00
5.679294316404829601e+01,0.000000000000000000e+00,0.000000000000000000e+00
5.383842893394773910e+01,0.000000000000000000e+00,0.000000000000000000e+00
5.738713064571080480e+01,0.000000000000000000e+00,0.000000000000000000e+00
5.493962225978122405e+01,0.000000000000000000e+00,0.000000000000000000e+00
5.551993383644836655e+01,0.000000000000000000e+00,0.000000000000000000e+00
5.536135171084670503e+01,0.000000000000000000e+00,0.000000000000000000e+00
5.768607742848467268e+01,0.000000000000000000e+00,0.000000000000000000e+00
6.078994455226221305e+01,0.000000000000000000e+00,0.000000000000000000e+00
5.608554698606259592e+01,0.000000000000000000e+00,0.000000000000000000e+00
5.799941034942674634e+01,0.000000000000000000e+00,0.000000000000000000e+00
5.554179045033101403e+01,0.000000000000000000e+00,0.000000000000000000e+00
5.562152641816074095e+01,0.000000000000000000e+00,0.000000000000000000e+00
5.672686357868571605e+01,0.000000000000000000e+00,0.000000000000000000e+00
5.581492928319967461e+01,0.000000000000000000e+00,0.000000000000000000e+00
5.757521335602410062e+01,0.000000000000000000e+00,0.000000000000000000e+00
5.921299788526142294e+01,0.000000000000000000e+00,0.000000000000000000e+00
5.488745427235862451e+01,0.000000000000000000e+00,0.000000000000000000e+00
5.601808970724498238e+01,0.000000000000000000e+00,0.000000000000000000e+00
5.876184010822360904e+01,0.000000000000000000e+00,0.000000000000000000e+00
6.176829179347711829e+01,0.000000000000000000e+00,0.000000000000000000e+00
5.946871858704531633e+01,0.000000000000000000e+00,0.000000000000000000e+00
5.853308818847155948e+01,0.000000000000000000e+00,0.000000000000000000e+00
6.061277212720497687e+01,0.000000000000000000e+00,0.000000000000000000e+00
5.682503239460324096e+01,0.000000000000000000e+00,0.000000000000000000e+00
5.515389311361980162e+01,0.000000000000000000e+00,0.000000000000000000e+00
5.533142545647417165e+01,0.000000000000000000e+00,0.000000000000000000e+00
5.603983195367013082e+01,0.000000000000000000e+00,0.000000000000000000e+00
5.758423417792203480e+01,0.000000000000000000e+00,0.000000000000000000e+00
5.846358624080220068e+01,0.000000000000000000e+00,0.000000000000000000e+00
5.784036387260309198e+01,0.000000000000000000e+00,0.000000000000000000e+00
6.080303758004443182e+01,0.000000000000000000e+00,0.000000000000000000e+00
6.444245432717181643e+01,0.000000000000000000e+00,0.000000000000000000e+00
5.843200472970112003e+01,0.000000000000000000e+00,0.000000000000000000e+00
5.707057812467645874e+01,0.000000000000000000e+00,0.000000000000000000e+00
5.813146477715390859e+01,0.000000000000000000e+00,0.000000000000000000e+00
6.026314450796773770e+01,0.000000000000000000e+00,0.000000000000000000e+00
5.901746687942083724e+01,0.000000000000000000e+00,0.000000000000000000e+00
5.819399954356307347e+01,0.000000000000000000e+00,0.000000000000000000e+00
5.904393313526866649e+01,0.000000000000000000e+00,0.000000000000000000e+00
6.374521654502338208e+01,0.000000000000000000e+00,0.000000000000000000e+00
6.091612134910077003e+01,0.000000000000000000e+00,0.000000000000000000e+00
5.743003937645173806e+01,0.000000000000000000e+00,0.000000000000000000e+00
5.956575483021686068e+01,0.000000000000000000e+00,0.000000000000000000e+00
5.799013928162970899e+01,0.000000000000000000e+00,0.000000000000000000e+00
5.885533053485659849e+01,0.000000000000000000e+00,0.000000000000000000e+00
5.824587382184123641e+01,0.000000000000000000e+00,0.000000000000000000e+00
5.958957176816309698e+01,0.000000000000000000e+00,0.000000000000000000e+00
6.013642295856038089e+01,0.000000000000000000e+00,0.000000000000000000e+00
6.182758593447050544e+01,0.000000000000000000e+00,0.000000000000000000e+00
6.132873335306226181e+01,0.000000000000000000e+00,0.000000000000000000e+00
6.005559960300349331e+01,0.000000000000000000e+00,0.000000000000000000e+00
5.823045304650440812e+01,0.000000000000000000e+00,0.000000000000000000e+00
6.025676804358290894e+01,0.000000000000000000e+00,0.000000000000000000e+00
6.158253291295621068e+01,0.000000000000000000e+00,0.000000000000000000e+00
5.903791807441069039e+01,0.000000000000000000e+00,0.000000000000000000e+00
6.464099685959908470e+01,0.000000000000000000e+00,0.000000000000000000e+00
5.795705948066489555e+01,0.000000000000000000e+00,0.000000000000000000e+00
6.404931685980544387e+01,0.000000000000000000e+00,0.000000000000000000e+00
5.938888503741159752e+01,0.000000000000000000e+00,0.000000000000000000e+00
6.214128684193475038e+01,0.000000000000000000e+00,0.000000000000000000e+00
6.257838668314054331e+01,0.000000000000000000e+00,0.000000000000000000e+00
6.254810262127737275e+01,0.000000000000000000e+00,0.000000000000000000e+00
6.130560221153400846e+01,0.000000000000000000e+00,0.000000000000000000e+00
6.141403129010817707e+01,0.000000000000000000e+00,0.000000000000000000e+00
6.492303578297811839e+01,0.000000000000000000e+00,0.000000000000000000e+00
6.283353399846228626e+01,0.000000000000000000e+00,0.000000000000000000e+00
5.826178331553732903e+01,0.000000000000000000e+00,0.000000000000000000e+00
5.778452329844376578e+01,0.000000000000000000e+00,0.000000000000000000e+00
6.248961202546305316e+01,0.000000000000000000e+00,0.000000000000000000e+00
6.329407017897287346e+01,0.000000000000000000e+00,0.000000000000000000e+00
6.212084759768313091e+01,0.000000000000000000e+00,0.000000000000000000e+00
6.339036390285104261e+01,0.000000000000000000e+00,0.000000000000000000e+00
6.073326050599360570e+01,0.000000000000000000e+00,0.000000000000000000e+00
6.202316242263787416e+01,0.000000000000000000e+00,0.000000000000000000e+00
6.085916546664971349e+01,0.000000000000000000e+00,0.000000000000000000e+00
6.325795863124767493e+01,0.000000000000000000e+00,0.000000000000000000e+00
5.925886774518563982e+01,0.000000000000000000e+00,0.000000000000000000e+00
6.349477529416436994e+01,0.000000000000000000e+00,0.000000000000000000e+00
6.272281902765924855e+01,0.000000000000000000e+00,0.000000000000000000e+00
6.178920890861685677e+01,0.000000000000000000e+00,0.000000000000000000e+00
6.049107940817483353e+01,0.000000000000000000e+00,0.000000000000000000e+00
6.200659458547006153e+01,0.000000000000000000e+00,0.000000000000000000e+00
6.278294832107870604e+01,0.000000000000000000e+00,0.000000000000000000e+00
6.207480846949901121e+01,0.000000000000000000e+00,0.000000000000000000e+00
6.173177076084639481e+01,0.000000000000000000e+00,0.000000000000000000e+00
6.675612581488138630e+01,0.000000000000000000e+00,0.000000000000000000e+00
6.272589832639116736e+01,0.000000000000000000e+00,0.000000000000000000e+00
6.371730442744585332e+01,0.000000000000000000e+00,0.000000000000000000e+00
6.220739871733992032e+01,0.000000000000000000e+00,0.000000000000000000e+00
6.193736407485229023e+01,0.000000000000000000e+00,0.000000000000000000e+00
6.722989024131520353e+01,0.000000000000000000e+00,0.000000000000000000e+00
6.523640812148124724e+01,0.000000000000000000e+00,0.000000000000000000e+00
6.281202256665743988e+01,0.000000000000000000e+00,0.000000000000000000e+00
6.588625317808109116e+01,0.000000000000000000e+00,0.000000000000000000e+00
6.110291676830358654e+01,0.000000000000000000e+00,0.000000000000000000e+00
6.084002323856923766e+01,0.000000000000000000e+00,0.000000000000000000e+00
6.368771258390574985e+01,0.000000000000000000e+00,0.000000000000000000e+00
6.059262316838805873e+01,0.000000000000000000e+00,0.000000000000000000e+00
6.455328750230124513e+01,0.000000000000000000e+00,0.000000000000000000e+00
6.257718294253361080e+01,0.000000000000000000e+00,0.000000000000000000e+00
6.299728671985753437e+01,0.000000000000000000e+00,0.000000000000000000e+00
6.616433694326374848e+01,0.000000000000000000e+00,0.000000000000000000e+00
6.336551480721108476e+01,0.000000000000000000e+00,0.000000000000000000e+00
6.033119588776038000e+01,0.000000000000000000e+00,0.000000000000000000e+00
6.277933706182034967e+01,0.000000000000000000e+00,0.000000000000000000e+00
6.143331719295272109e+01,0.000000000000000000e+00,0.000000000000000000e+00
6.600059837213157721e+01,0.000000000000000000e+00,0.000000000000000000e+00
6.324762072782726818e+01,0.000000000000000000e+00,0.000000000000000000e+00
6.428731433374720439e+01,0.000000000000000000e+00,0.000000000000000000e+00
6.349410542929621215e+01,0.000000000000000000e+00,0.000000000000000000e+00
6.687995754397242365e+01,0.000000000000000000e+00,0.000000000000000000e+00
6.039670188525454364e+01,0.000000000000000000e+00,0.000000000000000000e+00
6.874693983869437375e+01,0.000000000000000000e+00,0.000000000000000000e+00
6.722402805575902107e+01,0.000000000000000000e+00,0.000000000000000000e+00
6.672871197102082874e+01,0.000000000000000000e+00,0.000000000000000000e+00
6.364468482213772660e+01,0.000000000000000000e+00,0.000000000000000000e+00
6.597007285734331106e+01,0.000000000000000000e+00,0.000000000000000000e+00
6.903217914042130587e+01,0.000000000000000000e+00,0.000000000000000000e+00
6.855757783487160850e+01,0.000000000000000000e+00,0.000000000000000000e+00
6.156501822833985926e+01,0.000000000000000000e+00,0.000000000000000000e+00
6.704957823134147077e+01,0.000000000000000000e+00,0.000000000000000000e+00
6.424945950852081467e+01,0.000000000000000000e+00,0.000000000000000000e+00
6.674616115327131638e+01,0.000000000000000000e+00,0.000000000000000000e+00
6.483897528570969371e+01,0.000000000000000000e+00,0.000000000000000000e+00
6.769551764624632995e+01,0.000000000000000000e+00,0.000000000000000000e+00
6.782521318405353838e+01,0.000000000000000000e+00,0.000000000000000000e+00
6.633182395939898868e+01,0.000000000000000000e+00,0.000000000000000000e+00
6.828979591302467611e+01,0.000000000000000000e+00,0.000000000000000000e+00
6.826949392025871077e+01,0.000000000000000000e+00,0.000000000000000000e+00
6.687138747721205334e+01,0.000000000000000000e+00,0.000000000000000000e+00
7.036703536372871781e+01,0.000000000000000000e+00,0.000000000000000000e+00
7.073655092167852843e+01,0.000000000000000000e+00,0.000000000000000000e+00
6.591351866165318540e+01,0.000000000000000000e+00,0.000000000000000000e+00
6.937637626818762726e+01,0.000000000000000000e+00,0.000000000000000000e+00
6.975596069364584650e+01,0.000000000000000000e+00,0.000000000000000000e+00
6.388507876634641036e+01,0.000000000000000000e+00,0.000000000000000000e+00
6.297485327040811853e+01,0.000000000000000000e+00,0.000000000000000000e+00
6.425546093456692631e+01,0.000000000000000000e+00,0.000000000000000000e+00
6.574204974319921746e+01,0.000000000000000000e+00,0.000000000000000000e+00
6.912814268753567148e+01,0.000000000000000000e+00,0.000000000000000000e+00
7.035168379236459657e+01,0.000000000000000000e+00,0.000000000000000000e+00
6.326341818936106876e+01,0.000000000000000000e+00,0.000000000000000000e+00
6.700601512204205790e+01,0.000000000000000000e+00,0.000000000000000000e+00
6.591958818218448357e+01,0.000000000000000000e+00,0.000000000000000000e+00
6.598284564533486218e+01,0.000000000000000000e+00,0.000000000000000000e+00
7.141081095040588878e+01,0.000000000000000000e+00,0.000000000000000000e+00
6.632820884938379891e+01,0.000000000000000000e+00,0.000000000000000000e+00
6.797642104461064605e+01,0.000000000000000000e+00,0.000000000000000000e+00
6.651673216790203469e+01,0.000000000000000000e+00,0.000000000000000000e+00
6.832743565800714691e+01,0.000000000000000000e+00,0.000000000000000000e+00
6.938051072731376223e+01,0.000000000000000000e+00,0.000000000000000000e+00
6.809585969943755401e+01,0.000000000000000000e+00,0.000000000000000000e+00
6.765729773285410431e+01,0.000000000000000000e+00,0.000000000000000000e+00
6.744718588115922842e+01,0.000000000000000000e+00,0.000000000000000000e+00
6.894200999313095224e+01,0.000000000000000000e+00,0.000000000000000000e+00
6.703084856461627794e+01,0.000000000000000000e+00,0.000000000000000000e+00
6.673138747847249874e+01,0.000000000000000000e+00,0.000000000000000000e+00
7.064160610903213922e+01,0.000000000000000000e+00,0.000000000000000000e+00
6.812622374296333305e+01,0.000000000000000000e+00,0.000000000000000000e+00
6.735919807604376786e+01,0.000000000000000000e+00,0.000000000000000000e+00
6.982837393160497186e+01,0.000000000000000000e+00,0.000000000000000000e+00
6.815551766882308016e+01,0.000000000000000000e+00,0.000000000000000000e+00
6.748699806851098515e+01,0.000000000000000000e+00,0.000000000000000000e+00
7.014543472353084042e+01,0.000000000000000000e+00,0.000000000000000000e+00
6.747822378048668668e+01,0.000000000000000000e+00,0.000000000000000000e+00
6.750360440393924932e+01,0.000000000000000000e+00,0.000000000000000000e+00
6.978549415911729170e+01,0.000000000000000000e+00,0.000000000000000000e+00
7.150712373929818000e+01,0.000000000000000000e+00,0.000000000000000000e+00
6.806458869537794953e+01,0.000000000000000000e+00,0.000000000000000000e+00
7.183724322784556193e+01,0.000000000000000000e+00,0.000000000000000000e+00
6.835800556168294406e+01,0.000000000000000000e+00,0.000000000000000000e+00
6.760746049342782271e+01,0.000000000000000000e+00,0.000000000000000000e+00
7.112467462554083397e+01,0.000000000000000000e+00,0.000000000000000000e+00
6.677387660798774505e+01,0.000000000000000000e+00,0.000000000000000000e+00
7.212144217708411986e+01,0.000000000000000000e+00,0.000000000000000000e+00
6.924144414909090983e+01,0.000000000000000000e+00,0.000000000000000000e+00
6.925559726384230430e+01,0.000000000000000000e+00,0.000000000000000000e+00
7.405855688539293169e+01,0.000000000000000000e+00,0.000000000000000000e+00
6.907766038475941173e+01,0.000000000000000000e+00,0.000000000000000000e+00
6.910524907872388667e+01,0.000000000000000000e+00,0.000000000000000000e+00
6.830788203701986561e+01,0.000000000000000000e+00,0.000000000000000000e+00
6.707339643415191688e+01,0.000000000000000000e+00,0.000000000000000000e+00
7.030636057782545834e+01,0.000000000000000000e+00,0.000000000000000000e+00
6.966435369709030567e+01,0.000000000000000000e+00,0.000000000000000000e+00
6.644132478962580990e+01,0.000000000000000000e+00,0.000000000000000000e+00
6.829372810558082563e+01,0.000000000000000000e+00,0.000000000000000000e+00
7.192748172720702371e+01,0.000000000000000000e+00,0.000000000000000000e+00
6.734596333270930302e+01,0.000000000000000000e+00,0.000000000000000000e+00
6.881732246583491985e+01,0.000000000000000000e+00,0.000000000000000000e+00
6.382925112659192735e+01,0.000000000000000000e+00,0.000000000000000000e+00
6.712902455598231199e+01,0.000000000000000000e+00,0.000000000000000000e+00
7.268083481161738746e+01,0.000000000000000000e+00,0.000000000000000000e+00
7.163516866643087155e+01,0.000000000000000000e+00,0.000000000000000000e+00
7.038052548147575749e+01,0.000000000000000000e+00,0.000000000000000000e+00
7.238398841615382651e+01,0.000000000000000000e+00,0.000000000000000000e+00
6.892201161338441295e+01,0.000000000000000000e+00,0.000000000000000000e+00
7.221805870837292218e+01,0.000000000000000000e+00,0.000000000000000000e+00
7.092259232089416798e+01,0.000000000000000000e+00,0.000000000000000000e+00
6.903162654313274516e+01,0.000000000000000000e+00,0.000000000000000000e+00
7.572939280941500328e+01,0.000000000000000000e+00,0.000000000000000000e+00
7.218381297265500507e+01,0.000000000000000000e+00,0.000000000000000000e+00
7.137890993520734639e+01,0.000000000000000000e+00,0.000000000000000000e+00
7.239045936922853741e+01,0.000000000000000000e+00,0.000000000000000000e+00
7.086460922745779101e+01,0.000000000000000000e+00,0.000000000000000000e+00
6.931000215969673661e+01,0.000000000000000000e+00,0.000000000000000000e+00
7.261430194446522535e+01,0.000000000000000000e+00,0.000000000000000000e+00
7.446767002198609475e+01,0.000000000000000000e+00,0.000000000000000000e+00
6.612824869654552629e+01,0.000000000000000000e+00,0.000000000000000000e+00
7.051938855160416608e+01,0.000000000000000000e+00,0.000000000000000000e+00
7.214278561217628294e+01,0.000000000000000000e+00,0.000000000000000000e+00
7.298393152719208388e+01,0.000000000000000000e+00,0.000000000000000000e+00
7.030196556916835959e+01,0.000000000000000000e+00,0.000000000000000000e+00
7.088872933234526386e+01,0.000000000000000000e+00,0.000000000000000000e+00
6.893771250187792532e+01,0.000000000000000000e+00,0.000000000000000000e+00
6.851554517352029450e+01,0.000000000000000000e+00,0.000000000000000000e+00
6.972058447350163135e+01,0.000000000000000000e+00,0.000000000000000000e+00
6.887837814737085296e+01,0.000000000000000000e+00,0.000000000000000000e+00
7.151033628490533545e+01,0.000000000000000000e+00,0.000000000000000000e+00
7.608171490843118079e+01,0.000000000000000000e+00,0.000000000000000000e+00
7.316298378445959827e+01,0.000000000000000000e+00,0.000000000000000000e+00
7.476811182879453099e+01,0.000000000000000000e+00,0.000000000000000000e+00
7.380343147659445435e+01,0.000000000000000000e+00,0.000000000000000000e+00
7.094129842725794788e+01,0.000000000000000000e+00,0.000000000000000000e+00
7.308467643561010618e+01,0.000000000000000000e+00,0.000000000000000000e+00
7.074272990205700751e+01,0.000000000000000000e+00,0.000000000000000000e+00
7.240283197135032367e+01,0.000000000000000000e+00,0.000000000000000000e+00
6.742397001004202650e+01,0.000000000000000000e+00,0.000000000000000000e+00
7.200080921444846638e+01,0.000000000000000000e+00,0.000000000000000000e+00
7.001326549942046995e+01,0.000000000000000000e+00,0.000000000000000000e+00
7.355957046785123055e+01,0.000000000000000000e+00,0.000000000000000000e+00
7.268196396136799819e+01,0.000000000000000000e+00,0.000000000000000000e+00
7.478995830172607384e+01,0.000000000000000000e+00,0.000000000000000000e+00
7.217791408102698369e+01,0.000000000000000000e+00,0.000000000000000000e+00
7.341011421294722084e+01,0.000000000000000000e+00,0.000000000000000000e+00
7.294018059959856259e+01,0.000000000000000000e+00,0.000000000000000000e+00
7.508020018858769618e+01,0.000000000000000000e+00,0.000000000000000000e+00
7.254421351141289165e+01,0.000000000000000000e+00,0.000000000000000000e+00
7.194634520459356963e+01,0.000000000000000000e+00,0.000000000000000000e+00
7.408664105275377665e+01,0.000000000000000000e+00,0.000000000000000000e+00
7.396199589723404699e+01,0.000000000000000000e+00,0.000000000000000000e+00
7.395154266365382512e+01,0.000000000000000000e+00,0.000000000000000000e+00
7.100604313754951136e+01,0.000000000000000000e+00,0.000000000000000000e+00
7.242403762839470005e+01,0.000000000000000000e+00,0.000000000000000000e+00
7.620818227921414234e+01,0.000000000000000000e+00,0.000000000000000000e+00
7.057728977133052695e+01,0.000000000000000000e+00,0.000000000000000000e+00
6.948901176453301787e+01,0.000000000000000000e+00,0.000000000000000000e+00
7.071111974082994323e+01,0.000000000000000000e+00,0.000000000000000000e+00
7.218708404911218679e+01,0.000000000000000000e+00,0.000000000000000000e+00
7.112171995845748995e+01,0.000000000000000000e+00,0.000000000000000000e+00
7.386632236184765077e+01,0.000000000000000000e+00,0.000000000000000000e+00
7.686907196210631810e+01,0.000000000000000000e+00,0.000000000000000000e+00
7.272013924360629744e+01,0.000000000000000000e+00,0.000000000000000000e+00
7.178740388187745225e+01,0.000000000000000000e+00,0.000000000000000000e+00
7.309185320356800730e+01,0.000000000000000000e+00,0.000000000000000000e+00
7.315792714762768867e+01,0.000000000000000000e+00,0.000000000000000000e+00
7.571798981040994647e+01,0.000000000000000000e+00,0.000000000000000000e+00
7.156576750659459663e+01,0.000000000000000000e+00,0.000000000000000000e+00
7.841989534883585122e+01,0.000000000000000000e+00,0.000000000000000000e+00
7.303083586781397685e+01,0.000000000000000000e+00,0.000000000000000000e+00
7.224579034932241939e+01,0.000000000000000000e+00,0.000000000000000000e+00
7.434417701005678225e+01,0.000000000000000000e+00,0.000000000000000000e+00
7.875154506974431001e+01,0.000000000000000000e+00,0.000000000000000000e+00
7.711672161482506738e+01,0.000000000000000000e+00,0.000000000000000000e+00
7.232351983618558222e+01,0.000000000000000000e+00,0.000000000000000000e+00
7.172749382085939374e+01,0.000000000000000000e+00,0.000000000000000000e+00
7.293624697486157515e+01,0.000000000000000000e+00,0.000000000000000000e+00
7.812225528084813675e+01,0.000000000000000000e+00,0.000000000000000000e+00
7.342204621622735772e+01,0.000000000000000000e+00,0.000000000000000000e+00
7.408030630929539484e+01,0.000000000000000000e+00,0.000000000000000000e+00
7.741513769821142432e+01,0.000000000000000000e+00,0.000000000000000000e+00
7.071873696275150678e+01,0.000000000000000000e+00,0.000000000000000000e+00
7.777713142796237378e+01,0.000000000000000000e+00,0.000000000000000000e+00
7.131222754571768974e+01,0.000000000000000000e+00,0.000000000000000000e+00
7.498235768693923831e+01,0.000000000000000000e+00,0.000000000000000000e+00
7.292584409553637670e+01,0.000000000000000000e+00,0.000000000000000000e+00
7.356747249187253601e+01,0.000000000000000000e+00,0.000000000000000000e+00
7.336924061416793563e+01,0.000000000000000000e+00,0.000000000000000000e+00
7.324211345331674750e+01,0.000000000000000000e+00,0.000000000000000000e+00
7.157927332579897950e+01,0.000000000000000000e+00,0.000000000000000000e+00
7.314776094971689702e+01,0.000000000000000000e+00,0.000000000000000000e+00
7.352305525592012714e+01,0.000000000000000000e+00,0.000000000000000000e+00
7.177815230652215917e+01,0.000000000000000000e+00,0.000000000000000000e+00
7.253514368744393437e+01,0.000000000000000000e+00,0.000000000000000000e+00
7.424440665940532824e+01,0.000000000000000000e+00,0.000000000000000000e+00
7.475817435939569577e+01,0.000000000000000000e+00,0.000000000000000000e+00
7.279965329871347990e+01,0.000000000000000000e+00,0.000000000000000000e+00
7.496063569174428665e+01,0.000000000000000000e+00,0.000000000000000000e+00
7.557660475488630425e+01,0.000000000000000000e+00,0.000000000000000000e+00
7.380624319147418078e+01,0.000000000000000000e+00,0.000000000000000000e+00
7.712026789727592302e+01,0.000000000000000000e+00,0.000000000000000000e+00
7.548783506173366220e+01,0.000000000000000000e+00,0.000000000000000000e+00
7.929692176825200534e+01,0.000000000000000000e+00,0.000000000000000000e+00
7.558896539149196769e+01,0.000000000000000000e+00,0.000000000000000000e+00
7.796576952155778883e+01,0.000000000000000000e+00,0.000000000000000000e+00
7.475216100997184299e+01,0.000000000000000000e+00,0.000000000000000000e+00
7.785794600359889728e+01,0.000000000000000000e+00,0.000000000000000000e+00
7.382594375616776006e+01,0.000000000000000000e+00,0.000000000000000000e+00
7.629362529786888558e+01,0.000000000000000000e+00,0.000000000000000000e+00
7.861316382619212106e+01,0.000000000000000000e+00,0.000000000000000000e+00
7.352012405465414702e+01,0.000000000000000000e+00,0.000000000000000000e+00
7.823794761455638991e+01,0.000000000000000000e+00,0.000000000000000000e+00
7.686896312975430590e+01,0.000000000000000000e+00,0.000000000000000000e+00
7.327983991284287413e+01,0.000000000000000000e+00,0.000000000000000000e+00
7.402064704202113887e+01,0.000000000000000000e+00,0.000000000000000000e+00
7.822060782403607959e+01,0.000000000000000000e+00,0.000000000000000000e+00
7.785960973879218727e+01,0.000000000000000000e+00,0.000000000000000000e+00
7.637909097189927365e+01,0.000000000000000000e+00,0.000000000000000000e+00
7.548574448454859009e+01,0.000000000000000000e+00,0.000000000000000000e+00
7.669614706317544517e+01,0.000000000000000000e+00,0.000000000000000000e+00
7.352536284183730686e+01,0.000000000000000000e+00,0.000000000000000000e+00
7.436816798737744705e+01,0.000000000000000000e+00,0.000000000000000000e+00
7.225248006300326153e+01,0.000000000000000000e+00,0.000000000000000000e+00
7.861543626896097692e+01,0.000000000000000000e+00,0.000000000000000000e+00
7.351557297657694789e+01,0.000000000000000000e+00,0.000000000000000000e+00
7.588193334297466208e+01,0.000000000000000000e+00,0.000000000000000000e+00
7.491753022374167870e+01,0.000000000000000000e+00,0.000000000000000000e+00
7.641012925209022910e+01,0.000000000000000000e+00,0.000000000000000000e+00
7.392688545131430544e+01,0.000000000000000000e+00,0.000000000000000000e+00
7.900571641054517613e+01,0.000000000000000000e+00,0.000000000000000000e+00
7.414629185609004480e+01,0.000000000000000000e+00,0.000000000000000000e+00
7.327400039294059297e+01,0.000000000000000000e+00,0.000000000000000000e+00
7.682254553223990001e+01,0.000000000000000000e+00,0.000000000000000000e+00
7.570749904334401492e+01,0.000000000000000000e+00,0.000000000000000000e+00
7.555810575177831367e+01,0.000000000000000000e+00,0.000000000000000000e+00
7.708026972347883543e+01,0.000000000000000000e+00,0.000000000000000000e+00
7.222468370201085008e+01,0.000000000000000000e+00,0.000000000000000000e+00
7.454742351836452485e+01,0.000000000000000000e+00,0.000000000000000000e+00
7.814671240898023541e+01,0.000000000000000000e+00,0.000000000000000000e+00
7.665407338255455727e+01,0.000000000000000000e+00,0.000000000000000000e+00
7.667647161407123235e+01,0.000000000000000000e+00,0.000000000000000000e+00
7.727479059461639110e+01,0.000000000000000000e+00,0.000000000000000000e+00
8.040188886941510304e+01,0.000000000000000000e+00,0.000000000000000000e+00
7.579292059374334656e+01,0.000000000000000000e+00,0.000000000000000000e+00
7.553345387569540037e+01,0.000000000000000000e+00,0.000000000000000000e+00
7.522679186389471795e+01,0.000000000000000000e+00,0.000000000000000000e+00
7.281989667342334371e+01,0.000000000000000000e+00,0.000000000000000000e+00
7.734073446933545881e+01,0.000000000000000000e+00,0.000000000000000000e+00
7.939271383656405590e+01,0.000000000000000000e+00,0.000000000000000000e+00
7.697151523018496277e+01,0.000000000000000000e+00,0.000000000000000000e+00
8.127805838890596135e+01,0.000000000000000000e+00,0.000000000000000000e+00
7.639014133365776615e+01,0.000000000000000000e+00,0.000000000000000000e+00
7.481577736652465660e+01,0.000000000000000000e+00,0.000000000000000000e+00
7.614799669528183301e+01,0.000000000000000000e+00,0.000000000000000000e+00
7.762292902938773409e+01,0.000000000000000000e+00,0.000000000000000000e+00
8.039786688774280776e+01,0.000000000000000000e+00,0.000000000000000000e+00
7.548599569993260161e+01,0.000000000000000000e+00,0.000000000000000000e+00
7.894961940398984268e+01,0.000000000000000000e+00,0.000000000000000000e+00
7.770291622531431130e+01,0.000000000000000000e+00,0.000000000000000000e+00
7.481617163391015879e+01,0.000000000000000000e+00,0.000000000000000000e+00
8.299396598232354449e+01,0.000000000000000000e+00,0.000000000000000000e+00
7.762559987953615348e+01,0.000000000000000000e+00,0.000000000000000000e+00
8.058760217769035705e+01,0.000000000000000000e+00,0.000000000000000000e+00
7.974334620579783461e+01,0.000000000000000000e+00,0.000000000000000000e+00
7.514588442158193970e+01,0.000000000000000000e+00,0.000000000000000000e+00
7.780136931884995022e+01,0.000000000000000000e+00,0.000000000000000000e+00
7.921529525341730960e+01,0.000000000000000000e+00,0.000000000000000000e+00
7.841177991489875865e+01,0.000000000000000000e+00,0.000000000000000000e+00
7.546958545915538252e+01,0.000000000000000000e+00,0.000000000000000000e+00
7.575660559882560108e+01,0.000000000000000000e+00,0.000000000000000000e+00
7.718933537392038602e+01,0.000000000000000000e+00,0.000000000000000000e+00
7.557990688650687616e+01,0.000000000000000000e+00,0.000000000000000000e+00
8.136198519275669128e+01,0.000000000000000000e+00,0.000000000000000000e+00
7.460001730157547684e+01,0.000000000000000000e+00,0.000000000000000000e+00
8.098550989034737313e+01,0.000000000000000000e+00,0.000000000000000000e+00
7.902381794471617127e+01,0.000000000000000000e+00,0.000000000000000000e+00
7.638968442134455472e+01,0.000000000000000000e+00,0.000000000000000000e+00
7.810775464802819101e+01,0.000000000000000000e+00,0.000000000000000000e+00
7.551760723764147087e+01,0.000000000000000000e+00,0.000000000000000000e+00
7.635293858336511619e+01,0.000000000000000000e+00,0.000000000000000000e+00
7.574229706604145917e+01,0.000000000000000000e+00,0.000000000000000000e+00
8.043847801022620558e+01,0.000000000000000000e+00,0.000000000000000000e+00
7.523937597335265082e+01,0.000000000000000000e+00,0.000000000000000000e+00
7.765912248683589780e+01,0.000000000000000000e+00,0.000000000000000000e+00
7.871581116582478899e+01,0.000000000000000000e+00,0.000000000000000000e+00
7.899758599257175717e+01,0.000000000000000000e+00,0.000000000000000000e+00
7.895586389235413094e+01,0.000000000000000000e+00,0.000000000000000000e+00
8.084839005497639164e+01,0.000000000000000000e+00,0.000000000000000000e+00
8.053933849343121665e+01,0.000000000000000000e+00,0.000000000000000000e+00
7.652574599353526708e+01,0.000000000000000000e+00,0.000000000000000000e+00
7.599846098189691190e+01,0.000000000000000000e+00,0.000000000000000000e+00
7.895163485901980494e+01,0.000000000000000000e+00,0.000000000000000000e+00
7.725561849984524088e+01,0.000000000000000000e+00,0.000000000000000000e+00
7.905565563718803901e+01,0.000000000000000000e+00,0.000000000000000000e+00
8.081746741696329650e+01,0.000000000000000000e+00,0.000000000000000000e+00
8.177443479582655073e+01,0.000000000000000000e+00,0.000000000000000000e+00
8.090525974700010181e+01,0.000000000000000000e+00,0.000000000000000000e+00
7.856004463097004020e+01,0.000000000000000000e+00,0.000000000000000000e+00
7.751254458712013218e+01,0.000000000000000000e+00,0.000000000000000000e+00
7.449631795952878122e+01,0.000000000000000000e+00,0.000000000000000000e+00
8.109834484318116665e+01,0.000000000000000000e+00,0.000000000000000000e+00
7.885778298170329492e+01,0.000000000000000000e+00,0.000000000000000000e+00
7.799523875962736952e+01,0.000000000000000000e+00,0.000000000000000000e+00
7.942144614094274857e+01,0.000000000000000000e+00,0.000000000000000000e+00
7.858511030610458192e+01,0.000000000000000000e+00,0.000000000000000000e+00
7.701960526672360174e+01,0.000000000000000000e+00,0.000000000000000000e+00
7.976427623835925829e+01,0.000000000000000000e+00,0.000000000000000000e+00
7.417890789572636834e+01,0.000000000000000000e+00,0.000000000000000000e+00
8.163861550305971093e+01,0.000000000000000000e+00,0.000000000000000000e+00
7.711348621577171514e+01,0.000000000000000000e+00,0.000000000000000000e+00
7.865116471562879497e+01,0.000000000000000000e+00,0.000000000000000000e+00
8.058900689453196264e+01,0.000000000000000000e+00,0.000000000000000000e+00
7.654708641708822370e+01,0.000000000000000000e+00,0.000000000000000000e+00
8.097193608633121187e+01,0.000000000000000000e+00,0.000000000000000000e+00
7.692229803303749236e+01,0.000000000000000000e+00,0.000000000000000000e+00
8.201785037429189629e+01,0.000000000000000000e+00,0.000000000000000000e+00
7.680535945664399833e+01,0.000000000000000000e+00,0.000000000000000000e+00
8.032693171570579693e+01,0.000000000000000000e+00,0.000000000000000000e+00
7.862099431213999878e+01,0.000000000000000000e+00,0.000000000000000000e+00
7.835850268267554952e+01,0.000000000000000000e+00,0.000000000000000000e+00
8.317847115345158215e+01,0.000000000000000000e+00,0.000000000000000000e+00
8.297140342590003570e+01,0.000000000000000000e+00,0.000000000000000000e+00
7.572271189044768391e+01,0.000000000000000000e+00,0.000000000000000000e+00
7.444583950892804580e+01,0.000000000000000000e+00,0.000000000000000000e+00
7.618695223274153250e+01,0.000000000000000000e+00,0.000000000000000000e+00
7.842634844086909141e+01,0.000000000000000000e+00,0.000000000000000000e+00
7.808915737819627623e+01,0.000000000000000000e+00,0.000000000000000000e+00
8.012880699751555369e+01,0.000000000000000000e+00,0.000000000000000000e+00
7.762682328151376510e+01,0.000000000000000000e+00,0.000000000000000000e+00
7.959519916040603960e+01,0.000000000000000000e+00,0.000000000000000000e+00
7.854981630824798344e+01,0.000000000000000000e+00,0.000000000000000000e+00
7.945437541192504227e+01,0.000000000000000000e+00,0.000000000000000000e+00
8.075601191654516242e+01,0.000000000000000000e+00,0.000000000000000000e+00
8.073030038913626072e+01,0.000000000000000000e+00,0.000000000000000000e+00
7.825928982361587316e+01,0.000000000000000000e+00,0.000000000000000000e+00
8.111982160614083170e+01,0.000000000000000000e+00,0.000000000000000000e+00
7.925004382352261700e+01,0.000000000000000000e+00,0.000000000000000000e+00
7.725417591683698504e+01,0.000000000000000000e+00,0.000000000000000000e+00
7.834724488248150465e+01,0.000000000000000000e+00,0.000000000000000000e+00
7.555158840455203517e+01,0.000000000000000000e+00,0.000000000000000000e+00
8.094980848024131603e+01,0.000000000000000000e+00,0.000000000000000000e+00
8.005370408840124696e+01,0.000000000000000000e+00,0.000000000000000000e+00
7.867886556712002744e+01,0.000000000000000000e+00,0.000000000000000000e+00
7.761973733175756252e+01,0.000000000000000000e+00,0.000000000000000000e+00
7.760287462309189266e+01,0.000000000000000000e+00,0.000000000000000000e+00
8.177456587169123736e+01,0.000000000000000000e+00,0.000000000000000000e+00
8.268872398970577819e+01,0.000000000000000000e+00,0.000000000000000000e+00
7.822799731329881467e+01,0.000000000000000000e+00,0.000000000000000000e+00
7.850047106180927869e+01,0.000000000000000000e+00,0.000000000000000000e+00
7.871849744368493873e+01,0.000000000000000000e+00,0.000000000000000000e+00
7.994440824694318337e+01,0.000000000000000000e+00,0.000000000000000000e+00
7.598062750746764493e+01,0.000000000000000000e+00,0.000000000000000000e+00
8.317896615155564177e+01,0.000000000000000000e+00,0.000000000000000000e+00
8.405776223122799706e+01,0.000000000000000000e+00,0.000000000000000000e+00
7.957140560893574843e+01,0.000000000000000000e+00,0.000000000000000000e+00
8.605156025945485965e+01,0.000000000000000000e+00,0.000000000000000000e+00
8.071036068727757140e+01,0.000000000000000000e+00,0.000000000000000000e+00
8.041927439469401406e+01,0.000000000000000000e+00,0.000000000000000000e+00
7.668454844659332537e+01,0.000000000000000000e+00,0.000000000000000000e+00
7.924898264922744318e+01,0.000000000000000000e+00,0.000000000000000000e+00
8.351849456762464285e+01,0.000000000000000000e+00,0.000000000000000000e+00
8.087805900567774131e+01,0.000000000000000000e+00,0.000000000000000000e+00
8.275086020433722922e+01,0.000000000000000000e+00,0.000000000000000000e+00
8.028971515190539776e+01,0.000000000000000000e+00,0.000000000000000000e+00
7.856599652765179087e+01,0.000000000000000000e+00,0.000000000000000000e+00
8.026404403009711075e+01,0.000000000000000000e+00,0.000000000000000000e+00
7.653004454133841250e+01,0.000000000000000000e+00,0.000000000000000000e+00
7.893602388634899114e+01,0.000000000000000000e+00,0.000000000000000000e+00
7.754962404456399838e+01,0.000000000000000000e+00,0.000000000000000000e+00
7.918161473251947768e+01,0.000000000000000000e+00,0.000000000000000000e+00
8.211307862988688555e+01,0.000000000000000000e+00,0.000000000000000000e+00
7.890119528109005387e+01,0.000000000000000000e+00,0.000000000000000000e+00
8.124896612825216380e+01,0.000000000000000000e+00,0.000000000000000000e+00
8.087699437600599595e+01,0.000000000000000000e+00,0.000000000000000000e+00
8.010665960395118645e+01,0.000000000000000000e+00,0.000000000000000000e+00
7.731472655962710405e+01,0.000000000000000000e+00,0.000000000000000000e+00
8.082330870558143943e+01,0.000000000000000000e+00,0.000000000000000000e+00
8.034167516402779086e+01,0.000000000000000000e+00,0.000000000000000000e+00
7.902560043932167844e+01,0.000000000000000000e+00,0.000000000000000000e+00
7.675062562931206855e+01,0.000000000000000000e+00,0.000000000000000000e+00
8.076467647296284724e+01,0.000000000000000000e+00,0.000000000000000000e+00
7.694881988731550848e+01,0.000000000000000000e+00,0.000000000000000000e+00
7.948369404405251260e+01,0.000000000000000000e+00,0.000000000000000000e+00
7.642508651964510591e+01,0.000000000000000000e+00,0.000000000000000000e+00
8.148557328556420032e+01,0.000000000000000000e+00,0.000000000000000000e+00
7.752339406571269365e+01,0.000000000000000000e+00,0.000000000000000000e+00
8.288039791234223230e+01,0.000000000000000000e+00,0.000000000000000000e+00
8.048969685617275616e+01,0.000000000000000000e+00,0.000000000000000000e+00
8.118779069254765091e+01,0.000000000000000000e+00,0.000000000000000000e+00
7.825385369877542985e+01,0.000000000000000000e+00,0.000000000000000000e+00
8.016260262639094947e+01,0.000000000000000000e+00,0.000000000000000000e+00
8.444997211890994038e+01,0.000000000000000000e+00,0.000000000000000000e+00
7.923755248737805346e+01,0.000000000000000000e+00,0.000000000000000000e+00
8.189796533829736802e+01,0.000000000000000000e+00,0.000000000000000000e+00
8.220545993161783827e+01,0.000000000000000000e+00,0.000000000000000000e+00
8.099004536938670640e+01,0.000000000000000000e+00,0.000000000000000000e+00
8.289484457809861340e+01,0.000000000000000000e+00,0.000000000000000000e+00
7.741908121531547238e+01,0.000000000000000000e+00,0.000000000000000000e+00
7.821586500869528891e+01,0.000000000000000000e+00,0.000000000000000000e+00
8.172132227773603574e+01,0.000000000000000000e+00,0.000000000000000000e+00
7.992699474392840386e+01,0.000000000000000000e+00,0.000000000000000000e+00
8.200172861790144907e+01,0.000000000000000000e+00,0.000000000000000000e+00
8.083357552613664154e+01,0.000000000000000000e+00,0.000000000000000000e+00
8.075813759944101378e+01,0.000000000000000000e+00,0.000000000000000000e+00
8.069179206158571560e+01,0.000000000000000000e+00,0.000000000000000000e+00
7.671827648760103102e+01,0.000000000000000000e+00,0.000000000000000000e+00
8.166878990877758326e+01,0.000000000000000000e+00,0.000000000000000000e+00
8.082304881191687684e+01,0.000000000000000000e+00,0.000000000000000000e+00
7.707962710343336710e+01,0.000000000000000000e+00,0.000000000000000000e+00
7.548614327432146354e+01,0.000000000000000000e+00,0.000000000000000000e+00
7.697589642692533118e+01,0.000000000000000000e+00,0.000000000000000000e+00
7.932119483022228223e+01,0.000000000000000000e+00,0.000000000000000000e+00
8.030577556147854068e+01,0.000000000000000000e+00,0.000000000000000000e+00
8.138032674268642097e+01,0.000000000000000000e+00,0.000000000000000000e+00
8.101566032631849623e+01,0.000000000000000000e+00,0.000000000000000000e+00
8.104434074304143110e+01,0.000000000000000000e+00,0.000000000000000000e+00
7.524136904898867328e+01,0.000000000000000000e+00,0.000000000000000000e+00
7.822989953780412975e+01,0.000000000000000000e+00,0.000000000000000000e+00
8.022494221896512556e+01,0.000000000000000000e+00,0.000000000000000000e+00
7.848217265359038208e+01,0.000000000000000000e+00,0.000000000000000000e+00
7.810672014993960488e+01,0.000000000000000000e+00,0.000000000000000000e+00
7.961731215986195309e+01,0.000000000000000000e+00,0.000000000000000000e+00
7.760731801079525383e+01,0.000000000000000000e+00,0.000000000000000000e+00
8.206665409464186212e+01,0.000000000000000000e+00,0.000000000000000000e+00
7.580715879474007579e+01,0.000000000000000000e+00,0.000000000000000000e+00
8.105327914040005055e+01,0.000000000000000000e+00,0.000000000000000000e+00
7.788115588556554769e+01,0.000000000000000000e+00,0.000000000000000000e+00
7.961351403788508208e+01,0.000000000000000000e+00,0.000000000000000000e+00
8.328157945730865208e+01,0.000000000000000000e+00,0.000000000000000000e+00
7.935415660570190255e+01,0.000000000000000000e+00,0.000000000000000000e+00
8.051808497130615194e+01,0.000000000000000000e+00,0.000000000000000000e+00
8.058492373110408380e+01,0.000000000000000000e+00,0.000000000000000000e+00
7.762489010971418679e+01,0.000000000000000000e+00,0.000000000000000000e+00
8.258269299651419715e+01,0.000000000000000000e+00,0.000000000000000000e+00
7.847206490500244058e+01,0.000000000000000000e+00,0.000000000000000000e+00
7.831558493200856219e+01,0.000000000000000000e+00,0.000000000000000000e+00
8.067214433192256706e+01,0.000000000000000000e+00,0.000000000000000000e+00
7.824345779789122446e+01,0.000000000000000000e+00,0.000000000000000000e+00
7.866652347788519251e+01,0.000000000000000000e+00,0.000000000000000000e+00
8.133570505513705484e+01,0.000000000000000000e+00,0.000000000000000000e+00
8.232835468550027258e+01,0.000000000000000000e+00,0.000000000000000000e+00
8.424066370688279903e+01,0.000000000000000000e+00,0.000000000000000000e+00
8.231068953941895927e+01,0.000000000000000000e+00,0.000000000000000000e+00
8.293657355137595744e+01,0.000000000000000000e+00,0.000000000000000000e+00
7.877821385058790327e+01,0.000000000000000000e+00,0.000000000000000000e+00
7.993814984774030563e+01,0.000000000000000000e+00,0.000000000000000000e+00
7.791561898583758250e+01,0.000000000000000000e+00,0.000000000000000000e+00
7.856055924732487483e+01,0.000000000000000000e+00,0.000000000000000000e+00
8.237981122252567445e+01,0.000000000000000000e+00,0.000000000000000000e+00
8.030382461242979275e+01,0.000000000000000000e+00,0.000000000000000000e+00
8.149864477004464902e+01,0.000000000000000000e+00,0.000000000000000000e+00
7.911389413973309104e+01,0.000000000000000000e+00,0.000000000000000000e+00
8.023459680769525448e+01,0.000000000000000000e+00,0.000000000000000000e+00
8.044965857328134007e+01,0.000000000000000000e+00,0.000000000000000000e+00
7.567805301852688160e+01,0.000000000000000000e+00,0.000000000000000000e+00
7.798918242724799654e+01,0.000000000000000000e+00,0.000000000000000000e+00
8.008566796008497590e+01,0.000000000000000000e+00,0.000000000000000000e+00
8.215268322330572914e+01,0.000000000000000000e+00,0.000000000000000000e+00
8.043054832841235680e+01,0.000000000000000000e+00,0.000000000000000000e+00
7.991479493395817713e+01,0.000000000000000000e+00,0.000000000000000000e+00
7.602249919866208927e+01,0.000000000000000000e+00,0.000000000000000000e+00
8.009160879991618742e+01,0.000000000000000000e+00,0.000000000000000000e+00
7.977549383322870824e+01,0.000000000000000000e+00,0.000000000000000000e+00
7.768810407186136047e+01,0.000000000000000000e+00,0.000000000000000000e+00
7.153031120700269696e+01,0.000000000000000000e+00,0.000000000000000000e+00
7.925818688949303237e+01,0.000000000000000000e+00,0.000000000000000000e+00
7.784840006423684144e+01,0.000000000000000000e+00,0.000000000000000000e+00
7.927380513280566277e+01,0.000000000000000000e+00,0.000000000000000000e+00
8.127562194062106471e+01,0.000000000000000000e+00,0.000000000000000000e+00
7.704592606347625861e+01,0.000000000000000000e+00,0.000000000000000000e+00
7.949605246079777032e+01,0.000000000000000000e+00,0.000000000000000000e+00
7.632186171744604053e+01,0.000000000000000000e+00,0.000000000000000000e+00
8.021874401367939811e+01,0.000000000000000000e+00,0.000000000000000000e+00
8.210166654717635026e+01,0.000000000000000000e+00,0.000000000000000000e+00
7.607409259670779988e+01,0.000000000000000000e+00,0.000000000000000000e+00
8.293754141357280218e+01,0.000000000000000000e+00,0.000000000000000000e+00
8.252577047701559820e+01,0.000000000000000000e+00,0.000000000000000000e+00
8.048068149529706261e+01,0.000000000000000000e+00,0.000000000000000000e+00
7.797795849017570902e+01,0.000000000000000000e+00,0.000000000000000000e+00
7.941744804647599665e+01,0.000000000000000000e+00,0.000000000000000000e+00
8.268404810557285600e+01,0.000000000000000000e+00,0.000000000000000000e+00
7.468890943366378110e+01,0.000000000000000000e+00,0.000000000000000000e+00
7.824990128828486036e+01,0.000000000000000000e+00,0.000000000000000000e+00
7.961065194648489296e+01,0.000000000000000000e+00,0.000000000000000000e+00
8.204883742579670525e+01,0.000000000000000000e+00,0.000000000000000000e+00
7.837990263359699838e+01,0.000000000000000000e+00,0.000000000000000000e+00
7.939307839594863481e+01,0.000000000000000000e+00,0.000000000000000000e+00
8.024410753400081830e+01,0.000000000000000000e+00,0.000000000000000000e+00
7.879218186938196311e+01,0.000000000000000000e+00,0.000000000000000000e+00
7.899392683490492573e+01,0.000000000000000000e+00,0.000000000000000000e+00
8.185078381387771174e+01,0.000000000000000000e+00,0.000000000000000000e+00
7.991761904652554449e+01,0.000000000000000000e+00,0.000000000000000000e+00
7.858623594656864952e+01,0.000000000000000000e+00,0.000000000000000000e+00
7.901712685738908704e+01,0.000000000000000000e+00,0.000000000000000000e+00
7.437474508568639919e+01,0.000000000000000000e+00,0.000000000000000000e+00
7.999235297781855536e+01,0.000000000000000000e+00,0.000000000000000000e+00
8.207191038197267119e+01,0.000000000000000000e+00,0.000000000000000000e+00
7.947900934438104059e+01,0.000000000000000000e+00,0.000000000000000000e+00
8.130947112726974524e+01,0.000000000000000000e+00,0.000000000000000000e+00
8.045820507233796093e+01,0.000000000000000000e+00,0.000000000000000000e+00
7.890513017414554042e+01,0.000000000000000000e+00,0.000000000000000000e+00
7.754798256520055588e+01,0.000000000000000000e+00,0.000000000000000000e+00
8.150716640913157107e+01,0.000000000000000000e+00,0.000000000000000000e+00
8.096792715417433328e+01,0.000000000000000000e+00,0.000000000000000000e+00
7.675243762126714842e+01,0.000000000000000000e+00,0.000000000000000000e+00
7.689362737010695525e+01,0.000000000000000000e+00,0.000000000000000000e+00
7.777026677476609962e+01,0.000000000000000000e+00,0.000000000000000000e+00
7.785347437249522784e+01,0.000000000000000000e+00,0.000000000000000000e+00
7.947156692414770873e+01,0.000000000000000000e+00,0.000000000000000000e+00
8.058175969138207506e+01,0.000000000000000000e+00,0.000000000000000000e+00
7.734150202571348132e+01,0.000000000000000000e+00,0.000000000000000000e+00
7.959602212701591384e+01,0.000000000000000000e+00,0.000000000000000000e+00
7.639503813087986828e+01,0.000000000000000000e+00,0.000000000000000000e+00
7.449984999288830068e+01,0.000000000000000000e+00,0.000000000000000000e+00
7.918329042890303526e+01,0.000000000000000000e+00,0.000000000000000000e+00
7.665311627227909241e+01,0.000000000000000000e+00,0.000000000000000000e+00
8.274584406041681461e+01,0.000000000000000000e+00,0.000000000000000000e+00
7.857500348842492599e+01,0.000000000000000000e+00,0.000000000000000000e+00
8.442703009667459924e+01,0.000000000000000000e+00,0.000000000000000000e+00
7.816962280479516778e+01,0.000000000000000000e+00,0.000000000000000000e+00
7.844753173528383172e+01,0.000000000000000000e+00,0.000000000000000000e+00
7.853427035741353279e+01,0.000000000000000000e+00,0.000000000000000000e+00
7.643202222900217180e+01,0.000000000000000000e+00,0.000000000000000000e+00
7.887920358217999706e+01,0.000000000000000000e+00,0.000000000000000000e+00
7.963315926428046509e+01,0.000000000000000000e+00,0.000000000000000000e+00
7.909196685773179070e+01,0.000000000000000000e+00,0.000000000000000000e+00
8.199700520600231357e+01,0.000000000000000000e+00,0.000000000000000000e+00
7.676298771916384567e+01,0.000000000000000000e+00,0.000000000000000000e+00
7.885097685815242130e+01,0.000000000000000000e+00,0.000000000000000000e+00
7.845919531931481572e+01,0.000000000000000000e+00,0.000000000000000000e+00
7.519615445202302340e+01,0.000000000000000000e+00,0.000000000000000000e+00
7.718228533343898334e+01,0.000000000000000000e+00,0.000000000000000000e+00
7.600356834549629070e+01,0.000000000000000000e+00,0.000000000000000000e+00
7.819470495862842085e+01,0.000000000000000000e+00,0.000000000000000000e+00
7.630797544045439906e+01,0.000000000000000000e+00,0.000000000000000000e+00
7.550393280772412652e+01,0.000000000000000000e+00,0.000000000000000000e+00
7.930897625290322139e+01,0.000000000000000000e+00,0.000000000000000000e+00
8.007006134867866365e+01,0.000000000000000000e+00,0.000000000000000000e+00
8.198843198931737675e+01,0.000000000000000000e+00,0.000000000000000000e+00
7.679360297481423459e+01,0.000000000000000000e+00,0.000000000000000000e+00
7.677399749310779953e+01,0.000000000000000000e+00,0.000000000000000000e+00
7.687618409879051740e+01,0.000000000000000000e+00,0.000000000000000000e+00
7.835229588585185923e+01,0.000000000000000000e+00,0.000000000000000000e+00
7.908554090848969054e+01,0.000000000000000000e+00,0.000000000000000000e+00
7.804400961456609309e+01,0.000000000000000000e+00,0.000000000000000000e+00
7.691837486334766538e+01,0.000000000000000000e+00,0.000000000000000000e+00
7.455083264175303270e+01,0.000000000000000000e+00,0.000000000000000000e+00
7.778831507442947668e+01,0.000000000000000000e+00,0.000000000000000000e+00
7.726849157034340010e+01,0.000000000000000000e+00,0.000000000000000000e+00
7.871147651737243223e+01,0.000000000000000000e+00,0.000000000000000000e+00
7.790552919457630310e+01,0.000000000000000000e+00,0.000000000000000000e+00
7.790802095305286912e+01,0.000000000000000000e+00,0.000000000000000000e+00
7.970643249911694284e+01,0.000000000000000000e+00,0.000000000000000000e+00
7.866321034235910759e+01,0.000000000000000000e+00,0.000000000000000000e+00
7.815460003005028966e+01,0.000000000000000000e+00,0.000000000000000000e+00
7.656218583638840869e+01,0.000000000000000000e+00,0.000000000000000000e+00
8.017443889405548418e+01,0.000000000000000000e+00,0.000000000000000000e+00
7.654104626144901147e+01,0.000000000000000000e+00,0.000000000000000000e+00
7.896642042587465937e+01,0.000000000000000000e+00,0.000000000000000000e+00
7.569145386336178660e+01,0.000000000000000000e+00,0.000000000000000000e+00
8.071535224479303849e+01,0.000000000000000000e+00,0.000000000000000000e+00
7.782109216468860780e+01,0.000000000000000000e+00,0.000000000000000000e+00
7.739556129323712241e+01,0.000000000000000000e+00,0.000000000000000000e+00
7.691942833595392415e+01,0.000000000000000000e+00,0.000000000000000000e+00
7.676527992687206847e+01,0.000000000000000000e+00,0.000000000000000000e+00
7.744961582329979422e+01,0.000000000000000000e+00,0.000000000000000000e+00
7.903267391798009101e+01,0.000000000000000000e+00,0.000000000000000000e+00
7.682117283089107218e+01,0.000000000000000000e+00,0.000000000000000000e+00
7.710474037570223516e+01,0.000000000000000000e+00,0.000000000000000000e+00
7.623888605547739417e+01,0.000000000000000000e+00,0.000000000000000000e+00
7.709818435048207164e+01,0.000000000000000000e+00,0.000000000000000000e+00
7.836144321305521032e+01,0.000000000000000000e+00,0.000000000000000000e+00
7.575207179986982453e+01,0.000000000000000000e+00,0.000000000000000000e+00
8.062037304602367271e+01,0.000000000000000000e+00,0.000000000000000000e+00
7.720645071736419141e+01,0.000000000000000000e+00,0.000000000000000000e+00
7.681068395999356824e+01,0.000000000000000000e+00,0.000000000000000000e+00
7.532822939117620820e+01,0.000000000000000000e+00,0.000000000000000000e+00
7.837254133722298377e+01,0.000000000000000000e+00,0.000000000000000000e+00
7.988237594381486417e+01,0.000000000000000000e+00,0.000000000000000000e+00
7.721071336907694160e+01,0.000000000000000000e+00,0.000000000000000000e+00
7.557137841043487470e+01,0.000000000000000000e+00,0.000000000000000000e+00
8.062673388272428099e+01,0.000000000000000000e+00,0.000000000000000000e+00
7.663338436538448661e+01,0.000000000000000000e+00,0.000000000000000000e+00
7.695071852339508212e+01,0.000000000000000000e+00,0.000000000000000000e+00
7.686730328577924354e+01,0.000000000000000000e+00,0.000000000000000000e+00
7.301408186789444699e+01,0.000000000000000000e+00,0.000000000000000000e+00
7.427699465476804619e+01,0.000000000000000000e+00,0.000000000000000000e+00
7.796349545258834723e+01,0.000000000000000000e+00,0.000000000000000000e+00
7.712206188097542281e+01,0.000000000000000000e+00,0.000000000000000000e+00
7.792109651091801936e+01,0.000000000000000000e+00,0.000000000000000000e+00
8.018248734436829750e+01,0.000000000000000000e+00,0.000000000000000000e+00
7.696195750901841848e+01,0.000000000000000000e+00,0.000000000000000000e+00
7.352492077628410527e+01,0.000000000000000000e+00,0.000000000000000000e+00
7.429147807745607679e+01,0.000000000000000000e+00,0.000000000000000000e+00
7.500483558579890087e+01,0.000000000000000000e+00,0.000000000000000000e+00
7.561061841588137611e+01,0.000000000000000000e+00,0.000000000000000000e+00
7.745984028408015831e+01,0.000000000000000000e+00,0.000000000000000000e+00
7.590850966297679747e+01,0.000000000000000000e+00,0.000000000000000000e+00
7.606168945461476483e+01,0.000000000000000000e+00,0.000000000000000000e+00
7.637058706927204810e+01,0.000000000000000000e+00,0.000000000000000000e+00
7.518120130445366556e+01,0.000000000000000000e+00,0.000000000000000000e+00
7.760348639569201623e+01,0.000000000000000000e+00,0.000000000000000000e+00
7.591272300709412946e+01,0.000000000000000000e+00,0.000000000000000000e+00
7.599221610107233005e+01,0.000000000000000000e+00,0.000000000000000000e+00
7.448447946829463717e+01,0.000000000000000000e+00,0.000000000000000000e+00
7.573539364783110273e+01,0.000000000000000000e+00,0.000000000000000000e+00
7.320532744298212435e+01,0.000000000000000000e+00,0.000000000000000000e+00
7.823055817328528860e+01,0.000000000000000000e+00,0.000000000000000000e+00
7.349529302461726843e+01,0.000000000000000000e+00,0.000000000000000000e+00
7.451162633056867435e+01,0.000000000000000000e+00,0.000000000000000000e+00
7.534057807626054171e+01,0.000000000000000000e+00,0.000000000000000000e+00
7.561781083737652409e+01,0.000000000000000000e+00,0.000000000000000000e+00
7.404159513941543480e+01,0.000000000000000000e+00,0.000000000000000000e+00
7.698014065668161265e+01,0.000000000000000000e+00,0.000000000000000000e+00
7.332216836418237449e+01,0.000000000000000000e+00,0.000000000000000000e+00
7.631058820730834213e+01,0.000000000000000000e+00,0.000000000000000000e+00
7.463669787247135901e+01,0.000000000000000000e+00,0.000000000000000000e+00
7.273674450877759057e+01,0.000000000000000000e+00,0.000000000000000000e+00
7.444046460483414762e+01,0.000000000000000000e+00,0.000000000000000000e+00
7.580703682178354086e+01,0.000000000000000000e+00,0.000000000000000000e+00
7.399942477766877857e+01,0.000000000000000000e+00,0.000000000000000000e+00
7.735675247328325099e+01,0.000000000000000000e+00,0.000000000000000000e+00
7.522426248978260332e+01,0.000000000000000000e+00,0.000000000000000000e+00
7.543173324411617386e+01,0.000000000000000000e+00,0.000000000000000000e+00
7.718569153811938577e+01,0.000000000000000000e+00,0.000000000000000000e+00
7.660814847177805120e+01,0.000000000000000000e+00,0.000000000000000000e+00
7.479200592543280379e+01,0.000000000000000000e+00,0.000000000000000000e+00
7.481284979371112343e+01,0.000000000000000000e+00,0.000000000000000000e+00
7.372569749893293078e+01,0.000000000000000000e+00,0.000000000000000000e+00
7.393049365110177007e+01,0.000000000000000000e+00,0.000000000000000000e+00
7.166151080260154060e+01,0.000000000000000000e+00,0.000000000000000000e+00
7.372698508817464358e+01,0.000000000000000000e+00,0.000000000000000000e+00
7.723958486327605044e+01,0.000000000000000000e+00,0.000000000000000000e+00
7.343269524972220097e+01,0.000000000000000000e+00,0.000000000000000000e+00
7.644764465192986336e+01,0.000000000000000000e+00,0.000000000000000000e+00
7.435955328063667480e+01,0.000000000000000000e+00,0.000000000000000000e+00
7.062378593965007667e+01,0.000000000000000000e+00,0.000000000000000000e+00
7.190923899393385454e+01,0.000000000000000000e+00,0.000000000000000000e+00
7.233842702863427121e+01,0.000000000000000000e+00,0.000000000000000000e+00
7.727281558951885643e+01,0.000000000000000000e+00,0.000000000000000000e+00
7.340966086615689790e+01,0.000000000000000000e+00,0.000000000000000000e+00
7.722703890364817880e+01,0.000000000000000000e+00,0.000000000000000000e+00
7.534397330498957501e+01,0.000000000000000000e+00,0.000000000000000000e+00
7.152945341527183132e+01,0.000000000000000000e+00,0.000000000000000000e+00
7.335359424187170418e+01,0.000000000000000000e+00,0.000000000000000000e+00
7.539312634662651647e+01,0.000000000000000000e+00,0.000000000000000000e+00
7.435533955384796911e+01,0.000000000000000000e+00,0.000000000000000000e+00
7.502988585627821294e+01,0.000000000000000000e+00,0.000000000000000000e+00
7.222199693621347194e+01,0.000000000000000000e+00,0.000000000000000000e+00
7.180718587954260101e+01,0.000000000000000000e+00,0.000000000000000000e+00
7.491548191960829683e+01,0.000000000000000000e+00,0.000000000000000000e+00
7.145134676128006390e+01,0.000000000000000000e+00,0.000000000000000000e+00
7.575000537995413197e+01,0.000000000000000000e+00,0.000000000000000000e+00
7.499506923771596689e+01,0.000000000000000000e+00,0.000000000000000000e+00
7.121498881177021190e+01,0.000000000000000000e+00,0.000000000000000000e+00
7.604791580985985888e+01,0.000000000000000000e+00,0.000000000000000000e+00
7.559738994238561816e+01,0.000000000000000000e+00,0.000000000000000000e+00
7.383981964042317259e+01,0.000000000000000000e+00,0.000000000000000000e+00
7.454304806924616855e+01,0.000000000000000000e+00,0.000000000000000000e+00
7.282130358442967122e+01,0.000000000000000000e+00,0.000000000000000000e+00
7.250120248013877244e+01,0.000000000000000000e+00,0.000000000000000000e+00
7.372731531137426941e+01,0.000000000000000000e+00,0.000000000000000000e+00
7.014300587832536849e+01,0.000000000000000000e+00,0.000000000000000000e+00
7.368993052650604625e+01,0.000000000000000000e+00,0.000000000000000000e+00
7.182708186418749108e+01,0.000000000000000000e+00,0.000000000000000000e+00
7.113287293811283973e+01,0.000000000000000000e+00,0.000000000000000000e+00
7.400888890268902287e+01,0.000000000000000000e+00,0.000000000000000000e+00
7.033269168300273577e+01,0.000000000000000000e+00,0.000000000000000000e+00
7.390941737744140028e+01,0.000000000000000000e+00,0.000000000000000000e+00
7.165295240524656606e+01,0.000000000000000000e+00,0.000000000000000000e+00
7.346947663408793971e+01,0.000000000000000000e+00,0.000000000000000000e+00
7.488089277535733856e+01,0.000000000000000000e+00,0.000000000000000000e+00
7.305591314798107305e+01,0.000000000000000000e+00,0.000000000000000000e+00
7.387860725049962696e+01,0.000000000000000000e+00,0.000000000000000000e+00
7.723342055295113084e+01,0.000000000000000000e+00,0.000000000000000000e+00
7.035424191316681686e+01,0.000000000000000000e+00,0.000000000000000000e+00
7.066269642348595426e+01,0.000000000000000000e+00,0.000000000000000000e+00
7.624290758160439907e+01,0.000000000000000000e+00,0.000000000000000000e+00
7.352056052909649964e+01,0.000000000000000000e+00,0.000000000000000000e+00
7.180460984237170408e+01,0.000000000000000000e+00,0.000000000000000000e+00
6.920061894537350611e+01,0.000000000000000000e+00,0.000000000000000000e+00
7.464046496739682368e+01,0.000000000000000000e+00,0.000000000000000000e+00
7.069437437820657522e+01,0.000000000000000000e+00,0.000000000000000000e+00
7.328112591529847464e+01,0.000000000000000000e+00,0.000000000000000000e+00
6.994154428153888148e+01,0.000000000000000000e+00,0.000000000000000000e+00
7.131899870290391164e+01,0.000000000000000000e+00,0.000000000000000000e+00
6.846874937080670520e+01,0.000000000000000000e+00,0.000000000000000000e+00
7.347657594401525216e+01,0.000000000000000000e+00,0.000000000000000000e+00
6.815083955013327000e+01,0.000000000000000000e+00,0.000000000000000000e+00
7.249355863767209485e+01,0.000000000000000000e+00,0.000000000000000000e+00
7.340861523562668367e+01,0.000000000000000000e+00,0.000000000000000000e+00
7.252545120902942699e+01,0.000000000000000000e+00,0.000000000000000000e+00
7.044171010032943059e+01,0.000000000000000000e+00,0.000000000000000000e+00
7.112844020050904703e+01,0.000000000000000000e+00,0.000000000000000000e+00
6.950720622304504559e+01,0.000000000000000000e+00,0.000000000000000000e+00
6.921716296326681572e+01,0.000000000000000000e+00,0.000000000000000000e+00
7.279024043348819362e+01,0.000000000000000000e+00,0.000000000000000000e+00
7.304993272815379157e+01,0.000000000000000000e+00,0.000000000000000000e+00
7.000188674233815789e+01,0.000000000000000000e+00,0.000000000000000000e+00
6.704779988699597482e+01,0.000000000000000000e+00,0.000000000000000000e+00
7.177450602163300175e+01,0.000000000000000000e+00,0.000000000000000000e+00
7.345538021516838967e+01,0.000000000000000000e+00,0.000000000000000000e+00
6.811242115078353265e+01,0.000000000000000000e+00,0.000000000000000000e+00
6.999920553811030288e+01,0.000000000000000000e+00,0.000000000000000000e+00
7.046228312299338370e+01,0.000000000000000000e+00,0.000000000000000000e+00
7.049897506812293102e+01,0.000000000000000000e+00,0.000000000000000000e+00
7.044776508773882995e+01,0.000000000000000000e+00,0.000000000000000000e+00
7.147009601728508699e+01,0.000000000000000000e+00,0.000000000000000000e+00
7.202663554533376100e+01,0.000000000000000000e+00,0.000000000000000000e+00
6.990839741467648594e+01,0.000000000000000000e+00,0.000000000000000000e+00
6.939857446900521154e+01,0.000000000000000000e+00,0.000000000000000000e+00
7.179272821362964407e+01,0.000000000000000000e+00,0.000000000000000000e+00
6.820153041887958523e+01,0.000000000000000000e+00,0.000000000000000000e+00
7.434494535108821367e+01,0.000000000000000000e+00,0.000000000000000000e+00
6.858649480553056321e+01,0.000000000000000000e+00,0.000000000000000000e+00
6.625087913321858935e+01,0.000000000000000000e+00,0.000000000000000000e+00
6.754410019187430692e+01,0.000000000000000000e+00,0.000000000000000000e+00
7.095037568381899007e+01,0.000000000000000000e+00,0.000000000000000000e+00
7.280741660140711247e+01,0.000000000000000000e+00,0.000000000000000000e+00
7.435642909093836295e+01,0.000000000000000000e+00,0.000000000000000000e+00
6.991184518520552160e+01,0.000000000000000000e+00,0.000000000000000000e+00
7.144339618995381613e+01,0.000000000000000000e+00,0.000000000000000000e+00
7.215202094213201178e+01,0.000000000000000000e+00,0.000000000000000000e+00
7.097154616891261014e+01,0.000000000000000000e+00,0.000000000000000000e+00
6.826206878465352190e+01,0.000000000000000000e+00,0.000000000000000000e+00
7.174995243009006174e+01,0.000000000000000000e+00,0.000000000000000000e+00
7.088260633090268925e+01,0.000000000000000000e+00,0.000000000000000000e+00
6.725988777347859582e+01,0.000000000000000000e+00,0.000000000000000000e+00
6.719362567393591235e+01,0.000000000000000000e+00,0.000000000000000000e+00
7.148534052922529725e+01,0.000000000000000000e+00,0.000000000000000000e+00
6.880985069139461530e+01,0.000000000000000000e+00,0.000000000000000000e+00
7.280242211823698995e+01,0.000000000000000000e+00,0.000000000000000000e+00
6.926049059666878804e+01,0.000000000000000000e+00,0.000000000000000000e+00
7.112671744247771244e+01,0.000000000000000000e+00,0.000000000000000000e+00
6.987823370153988378e+01,0.000000000000000000e+00,0.000000000000000000e+00
7.106524139114914362e+01,0.000000000000000000e+00,0.000000000000000000e+00
6.781632922492713078e+01,0.000000000000000000e+00,0.000000000000000000e+00
7.113264906631961537e+01,0.000000000000000000e+00,0.000000000000000000e+00
6.911514405965456831e+01,0.000000000000000000e+00,0.000000000000000000e+00
6.858979681243110349e+01,0.000000000000000000e+00,0.000000000000000000e+00
6.923803969117183499e+01,0.000000000000000000e+00,0.000000000000000000e+00
6.920179868500818543e+01,0.000000000000000000e+00,0.000000000000000000e+00
6.519911583883099127e+01,0.000000000000000000e+00,0.000000000000000000e+00
6.764736816935422326e+01,0.000000000000000000e+00,0.000000000000000000e+00
6.467886573698199015e+01,0.000000000000000000e+00,0.000000000000000000e+00
6.831233710668806225e+01,0.000000000000000000e+00,0.000000000000000000e+00
7.038488441396967232e+01,0.000000000000000000e+00,0.000000000000000000e+00
7.014027791994462291e+01,0.000000000000000000e+00,0.000000000000000000e+00
6.948258431654438994e+01,0.000000000000000000e+00,0.000000000000000000e+00
6.698586119606254385e+01,0.000000000000000000e+00,0.000000000000000000e+00
6.890762582519560908e+01,0.000000000000000000e+00,0.000000000000000000e+00
6.755617676448731856e+01,0.000000000000000000e+00,0.000000000000000000e+00
6.963803047976669802e+01,0.000000000000000000e+00,0.000000000000000000e+00
6.788380260550133016e+01,0.000000000000000000e+00,0.000000000000000000e+00
6.769401218137863907e+01,0.000000000000000000e+00,0.000000000000000000e+00
6.928011043248058343e+01,0.000000000000000000e+00,0.000000000000000000e+00
6.548796146644717453e+01,0.000000000000000000e+00,0.000000000000000000e+00
6.490771739311220756e+01,0.000000000000000000e+00,0.000000000000000000e+00
6.686319318538940593e+01,0.000000000000000000e+00,0.000000000000000000e+00
6.748123639077228120e+01,0.000000000000000000e+00,0.000000000000000000e+00
6.820351778756275962e+01,0.000000000000000000e+00,0.000000000000000000e+00
6.564932271568284250e+01,0.000000000000000000e+00,0.000000000000000000e+00
6.638059304436164609e+01,0.000000000000000000e+00,0.000000000000000000e+00
6.562236820612429256e+01,0.000000000000000000e+00,0.000000000000000000e+00
6.895192531202681607e+01,0.000000000000000000e+00,0.000000000000000000e+00
6.782500920183518645e+01,0.000000000000000000e+00,0.000000000000000000e+00
6.914012710120370286e+01,0.000000000000000000e+00,0.000000000000000000e+00
6.633623883063761184e+01,0.000000000000000000e+00,0.000000000000000000e+00
6.627238173009506284e+01,0.000000000000000000e+00,0.000000000000000000e+00
6.689014490842956207e+01,0.000000000000000000e+00,0.000000000000000000e+00
6.998681937633082839e+01,0.000000000000000000e+00,0.000000000000000000e+00
6.182025640826387303e+01,0.000000000000000000e+00,0.000000000000000000e+00
6.591922237895300896e+01,0.000000000000000000e+00,0.000000000000000000e+00
6.755518413270307576e+01,0.000000000000000000e+00,0.000000000000000000e+00
6.971226289837950674e+01,0.000000000000000000e+00,0.000000000000000000e+00
6.642101280298398081e+01,0.000000000000000000e+00,0.000000000000000000e+00
6.127397663750699053e+01,0.000000000000000000e+00,0.000000000000000000e+00
6.548290768510668158e+01,0.000000000000000000e+00,0.000000000000000000e+00
6.752909008747757014e+01,0.000000000000000000e+00,0.000000000000000000e+00
6.738689262493801380e+01,0.000000000000000000e+00,0.000000000000000000e+00
6.364809799982761973e+01,0.000000000000000000e+00,0.000000000000000000e+00
6.642255147569842677e+01,0.000000000000000000e+00,0.000000000000000000e+00
6.368942054873499359e+01,0.000000000000000000e+00,0.000000000000000000e+00
6.166484646176785134e+01,0.000000000000000000e+00,0.000000000000000000e+00
6.525297429349508604e+01,0.000000000000000000e+00,0.000000000000000000e+00
6.349771329534432596e+01,0.000000000000000000e+00,0.000000000000000000e+00
6.280924665811571117e+01,0.000000000000000000e+00,0.000000000000000000e+00
6.597082699195701139e+01,0.000000000000000000e+00,0.000000000000000000e+00
6.362568644687459596e+01,0.000000000000000000e+00,0.000000000000000000e+00
6.410122006548050422e+01,0.000000000000000000e+00,0.000000000000000000e+00
6.561801673475947894e+01,0.000000000000000000e+00,0.000000000000000000e+00
6.520352684377235164e+01,0.000000000000000000e+00,0.000000000000000000e+00
6.859782607470459936e+01,0.000000000000000000e+00,0.000000000000000000e+00
6.467333925922558535e+01,0.000000000000000000e+00,0.000000000000000000e+00
6.687918004314673226e+01,0.000000000000000000e+00,0.000000000000000000e+00
6.271006616986556281e+01,0.000000000000000000e+00,0.000000000000000000e+00
6.826814991604047123e+01,0.000000000000000000e+00,0.000000000000000000e+00
6.261883627371106087e+01,0.000000000000000000e+00,0.000000000000000000e+00
6.341987949533742608e+01,0.000000000000000000e+00,0.000000000000000000e+00
6.427663612781782376e+01,0.000000000000000000e+00,0.000000000000000000e+00
6.361376585394530991e+01,0.000000000000000000e+00,0.000000000000000000e+00
6.316266636620987640e+01,0.000000000000000000e+00,0.000000000000000000e+00
6.459112901302189869e+01,0.000000000000000000e+00,0.000000000000000000e+00
6.616469999099462029e+01,0.000000000000000000e+00,0.000000000000000000e+00
6.244621858942061010e+01,0.000000000000000000e+00,0.000000000000000000e+00
6.115731187584445649e+01,0.000000000000000000e+00,0.000000000000000000e+00
6.490948071134546637e+01,0.000000000000000000e+00,0.000000000000000000e+00
6.460679886876833677e+01,0.000000000000000000e+00,0.000000000000000000e+00
6.216008265318390613e+01,0.000000000000000000e+00,0.000000000000000000e+00
6.066384981128749843e+01,0.000000000000000000e+00,0.000000000000000000e+00
6.496456562081573338e+01,0.000000000000000000e+00,0.000000000000000000e+00
6.298589709362400413e+01,0.000000000000000000e+00,0.000000000000000000e+00
6.586402716232710475e+01,0.000000000000000000e+00,0.000000000000000000e+00
6.437659745750325158e+01,0.000000000000000000e+00,0.000000000000000000e+00
6.290448364180380736e+01,0.000000000000000000e+00,0.000000000000000000e+00
6.181424314856488422e+01,0.000000000000000000e+00,0.000000000000000000e+00
6.407848517628461593e+01,0.000000000000000000e+00,0.000000000000000000e+00
6.092820943700528602e+01,0.000000000000000000e+00,0.000000000000000000e+00
6.724465321870999901e+01,0.000000000000000000e+00,0.000000000000000000e+00
6.448068132723878421e+01,0.000000000000000000e+00,0.000000000000000000e+00
6.892821341220111719e+01,0.000000000000000000e+00,0.000000000000000000e+00
6.609653290225119804e+01,0.000000000000000000e+00,0.000000000000000000e+00
6.392684984830948025e+01,0.000000000000000000e+00,0.000000000000000000e+00
6.260837609958340266e+01,0.000000000000000000e+00,0.000000000000000000e+00
6.391171545370443141e+01,0.000000000000000000e+00,0.000000000000000000e+00
6.062706404234131696e+01,0.000000000000000000e+00,0.000000000000000000e+00
6.268538985714771172e+01,0.000000000000000000e+00,0.000000000000000000e+00
6.505045178796646610e+01,0.000000000000000000e+00,0.000000000000000000e+00
6.131318278083721651e+01,0.000000000000000000e+00,0.000000000000000000e+00
6.241883243132227221e+01,0.000000000000000000e+00,0.000000000000000000e+00
5.739103208072378237e+01,0.000000000000000000e+00,0.000000000000000000e+00
6.367398286984262512e+01,0.000000000000000000e+00,0.000000000000000000e+00
6.195291192369068511e+01,0.000000000000000000e+00,0.000000000000000000e+00
6.108787122723015273e+01,0.000000000000000000e+00,0.000000000000000000e+00
6.618498952957763493e+01,0.000000000000000000e+00,0.000000000000000000e+00
6.150990069688380402e+01,0.000000000000000000e+00,0.000000000000000000e+00
6.136998119837011245e+01,0.000000000000000000e+00,0.000000000000000000e+00
6.221591958219227791e+01,0.000000000000000000e+00,0.000000000000000000e+00
5.898923508065133348e+01,0.000000000000000000e+00,0.000000000000000000e+00
6.249729271737892589e+01,0.000000000000000000e+00,0.000000000000000000e+00
6.049637462218749562e+01,0.000000000000000000e+00,0.000000000000000000e+00
5.982437238216488140e+01,0.000000000000000000e+00,0.000000000000000000e+00
6.424174785387022268e+01,0.000000000000000000e+00,0.000000000000000000e+00
5.987853467264356766e+01,0.000000000000000000e+00,0.000000000000000000e+00
6.034600333422181961e+01,0.000000000000000000e+00,0.000000000000000000e+00
6.258261836605991846e+01,0.000000000000000000e+00,0.000000000000000000e+00
5.913885500180226273e+01,0.000000000000000000e+00,0.000000000000000000e+00
6.107755673094080606e+01,0.000000000000000000e+00,0.000000000000000000e+00
5.895881890097741973e+01,0.000000000000000000e+00,0.000000000000000000e+00
6.273968569689807140e+01,0.000000000000000000e+00,0.000000000000000000e+00
6.027591490103733207e+01,0.000000000000000000e+00,0.000000000000000000e+00
5.902610217187524455e+01,0.000000000000000000e+00,0.000000000000000000e+00
6.002953516231211495e+01,0.000000000000000000e+00,0.000000000000000000e+00
5.670648677180030006e+01,0.000000000000000000e+00,0.000000000000000000e+00
5.590355811913094186e+01,0.000000000000000000e+00,0.000000000000000000e+00
6.239113085274808412e+01,0.000000000000000000e+00,0.000000000000000000e+00
5.895033470959543820e+01,0.000000000000000000e+00,0.000000000000000000e+00
6.036320819294020623e+01,0.000000000000000000e+00,0.000000000000000000e+00
5.871809827914322710e+01,0.000000000000000000e+00,0.000000000000000000e+00
6.251156069942549465e+01,0.000000000000000000e+00,0.000000000000000000e+00
6.152168703696772667e+01,0.000000000000000000e+00,0.000000000000000000e+00
6.191717516857371351e+01,0.000000000000000000e+00,0.000000000000000000e+00
6.162585071700361539e+01,0.000000000000000000e+00,0.000000000000000000e+00
5.709899801526321284e+01,0.000000000000000000e+00,0.000000000000000000e+00
5.557888598035079042e+01,0.000000000000000000e+00,0.000000000000000000e+00
6.171307733975748278e+01,0.000000000000000000e+00,0.000000000000000000e+00
6.004983327021725614e+01,0.000000000000000000e+00,0.000000000000000000e+00
6.105816045797715930e+01,0.000000000000000000e+00,0.000000000000000000e+00
5.510275171166291841e+01,0.000000000000000000e+00,0.000000000000000000e+00
5.842126820969842527e+01,0.000000000000000000e+00,0.000000000000000000e+00
6.179466758759578227e+01,0.000000000000000000e+00,0.000000000000000000e+00
6.054764425620039958e+01,0.000000000000000000e+00,0.000000000000000000e+00
6.067280701557782407e+01,0.000000000000000000e+00,0.000000000000000000e+00
5.681891517561938798e+01,0.000000000000000000e+00,0.000000000000000000e+00
5.421076295344563789e+01,0.000000000000000000e+00,0.000000000000000000e+00
5.987516637870546532e+01,0.000000000000000000e+00,0.000000000000000000e+00
5.994968760793504714e+01,0.000000000000000000e+00,0.000000000000000000e+00
6.068501694814882796e+01,0.000000000000000000e+00,0.000000000000000000e+00
5.727258057391673418e+01,0.000000000000000000e+00,0.000000000000000000e+00
5.660759005821924461e+01,0.000000000000000000e+00,0.000000000000000000e+00
5.869385602184211592e+01,0.000000000000000000e+00,0.000000000000000000e+00
5.853030333667054919e+01,0.000000000000000000e+00,0.000000000000000000e+00
5.826543703036793431e+01,0.000000000000000000e+00,0.000000000000000000e+00
5.724733852811387180e+01,0.000000000000000000e+00,0.000000000000000000e+00
5.320315789361828962e+01,0.000000000000000000e+00,0.000000000000000000e+00
5.758498204808587673e+01,0.000000000000000000e+00,0.000000000000000000e+00
5.646895196560948449e+01,0.000000000000000000e+00,0.000000000000000000e+00
5.687992941339101094e+01,0.000000000000000000e+00,0.000000000000000000e+00
5.945106385213890832e+01,0.000000000000000000e+00,0.000000000000000000e+00
5.814504225870011567e+01,0.000000000000000000e+00,0.000000000000000000e+00
5.678184610238299257e+01,0.000000000000000000e+00,0.000000000000000000e+00
5.524849017584647015e+01,0.000000000000000000e+00,0.000000000000000000e+00
5.474190266253142312e+01,0.000000000000000000e+00,0.000000000000000000e+00
5.454158573032874102e+01,0.000000000000000000e+00,0.000000000000000000e+00
5.818226634018476773e+01,0.000000000000000000e+00,0.000000000000000000e+00
5.577540734687693202e+01,0.000000000000000000e+00,0.000000000000000000e+00
5.633133897664343692e+01,0.000000000000000000e+00,0.000000000000000000e+00
5.527175617613332292e+01,0.000000000000000000e+00,0.000000000000000000e+00
5.516549756546550043e+01,0.000000000000000000e+00,0.000000000000000000e+00
5.778598956865734948e+01,0.000000000000000000e+00,0.000000000000000000e+00
5.369154214863237229e+01,0.000000000000000000e+00,0.000000000000000000e+00
6.088867360587245514e+01,0.000000000000000000e+00,0.000000000000000000e+00
5.421742337203946960e+01,0.000000000000000000e+00,0.000000000000000000e+00
5.613429100591385890e+01,0.000000000000000000e+00,0.000000000000000000e+00
5.773841693292970234e+01,0.000000000000000000e+00,0.000000000000000000e+00
5.614077800164584886e+01,0.000000000000000000e+00,0.000000000000000000e+00
5.696929320402320229e+01,0.000000000000000000e+00,0.000000000000000000e+00
5.094186262676046084e+01,0.000000000000000000e+00,0.000000000000000000e+00
5.490971041269918373e+01,0.000000000000000000e+00,0.000000000000000000e+00
5.429615313557757617e+01,0.000000000000000000e+00,0.000000000000000000e+00
5.741678402791350067e+01,0.000000000000000000e+00,0.000000000000000000e+00
5.476839088979721737e+01,0.000000000000000000e+00,0.000000000000000000e+00
5.590301721837804649e+01,0.000000000000000000e+00,0.000000000000000000e+00
5.635721044012479553e+01,0.000000000000000000e+00,0.000000000000000000e+00
5.846088215722286208e+01,0.000000000000000000e+00,0.000000000000000000e+00
5.756931523415597241e+01,0.000000000000000000e+00,0.000000000000000000e+00
5.395165907863979271e+01,0.000000000000000000e+00,0.000000000000000000e+00
5.416019737803623002e+01,0.000000000000000000e+00,0.000000000000000000e+00
5.630391721063974586e+01,0.000000000000000000e+00,0.000000000000000000e+00
5.333215725797993656e+01,0.000000000000000000e+00,0.000000000000000000e+00
5.689409731287477001e+01,0.000000000000000000e+00,0.000000000000000000e+00
5.639325113922305377e+01,0.000000000000000000e+00,0.000000000000000000e+00
5.467638754762361941e+01,0.000000000000000000e+00,0.000000000000000000e+00
5.514584419025916873e+01,0.000000000000000000e+00,0.000000000000000000e+00
5.387882460551919905e+01,0.000000000000000000e+00,0.000000000000000000e+00
5.279071959072759057e+01,0.000000000000000000e+00,0.000000000000000000e+00
5.511838494922361775e+01,0.000000000000000000e+00,0.000000000000000000e+00
5.486682369475168741e+01,0.000000000000000000e+00,0.000000000000000000e+00
5.421586972175113317e+01,0.000000000000000000e+00,0.000000000000000000e+00
5.330878419612780306e+01,0.000000000000000000e+00,0.000000000000000000e+00
5.765448056670339128e+01,0.000000000000000000e+00,0.000000000000000000e+00
5.440609881138407644e+01,0.000000000000000000e+00,0.000000000000000000e+00
5.454531473601200275e+01,0.000000000000000000e+00,0.000000000000000000e+00
5.450555160245813369e+01,0.000000000000000000e+00,0.000000000000000000e+00
5.380082247459033340e+01,0.000000000000000000e+00,0.000000000000000000e+00
5.451971388711817923e+01,0.000000000000000000e+00,0.000000000000000000e+00
5.682614066995378721e+01,0.000000000000000000e+00,0.000000000000000000e+00
5.450076942770822797e+01,0.000000000000000000e+00,0.000000000000000000e+00
5.370880879080266368e+01,0.000000000000000000e+00,0.000000000000000000e+00
5.290970465274359213e+01,0.000000000000000000e+00,0.000000000000000000e+00
5.322423283043922737e+01,0.000000000000000000e+00,0.000000000000000000e+00
5.132689190959098369e+01,0.000000000000000000e+00,0.000000000000000000e+00
5.315330995877324227e+01,0.000000000000000000e+00,0.000000000000000000e+00
5.124373011094688479e+01,0.000000000000000000e+00,0.000000000000000000e+00
5.422311803225323246e+01,0.000000000000000000e+00,0.000000000000000000e+00
5.632015339217245753e+01,0.000000000000000000e+00,0.000000000000000000e+00
5.137382602533696030e+01,0.000000000000000000e+00,0.000000000000000000e+00
5.552369752033221317e+01,0.000000000000000000e+00,0.000000000000000000e+00
4.920544539847053755e+01,0.000000000000000000e+00,0.000000000000000000e+00
5.660057728697319845e+01,0.000000000000000000e+00,0.000000000000000000e+00
5.588143898911122420e+01,0.000000000000000000e+00,0.000000000000000000e+00
5.229901589269324802e+01,0.000000000000000000e+00,0.000000000000000000e+00
5.368911889029269702e+01,0.000000000000000000e+00,0.000000000000000000e+00
5.364500018672264048e+01,0.000000000000000000e+00,0.000000000000000000e+00
5.037806403271453348e+01,0.000000000000000000e+00,0.000000000000000000e+00
5.382122534239940848e+01,0.000000000000000000e+00,0.000000000000000000e+00
4.911549585682504926e+01,0.000000000000000000e+00,0.000000000000000000e+00
5.285165555925001968e+01,0.000000000000000000e+00,0.000000000000000000e+00
5.223666129344783116e+01,0.000000000000000000e+00,0.000000000000000000e+00
5.391095047697924514e+01,0.000000000000000000e+00,0.000000000000000000e+00
5.182371465825993084e+01,0.000000000000000000e+00,0.000000000000000000e+00
4.953079141782385619e+01,0.000000000000000000e+00,0.000000000000000000e+00
5.312559185512886728e+01,0.000000000000000000e+00,0.000000000000000000e+00
5.399667762645733404e+01,0.000000000000000000e+00,0.000000000000000000e+00
5.226081753421264153e+01,0.000000000000000000e+00,0.000000000000000000e+00
5.159700978994999332e+01,0.000000000000000000e+00,0.000000000000000000e+00
5.566148704106535661e+01,0.000000000000000000e+00,0.000000000000000000e+00
4.811351947079508307e+01,0.000000000000000000e+00,0.000000000000000000e+00
4.713952528145006937e+01,0.000000000000000000e+00,0.000000000000000000e+00
5.115131972092728319e+01,0.000000000000000000e+00,0.000000000000000000e+00
4.830335215009357341e+01,0.000000000000000000e+00,0.000000000000000000e+00
4.789915785228220813e+01,0.000000000000000000e+00,0.000000000000000000e+00
5.291420985470504945e+01,0.000000000000000000e+00,0.000000000000000000e+00
5.569793216242369027e+01,0.000000000000000000e+00,0.000000000000000000e+00
5.157609374104882249e+01,0.000000000000000000e+00,0.000000000000000000e+00
5.228906787695629532e+01,0.000000000000000000e+00,0.000000000000000000e+00
5.515014399291567315e+01,0.000000000000000000e+00,0.000000000000000000e+00
5.047102344489326953e+01,0.000000000000000000e+00,0.000000000000000000e+00
4.928329612786866676e+01,0.000000000000000000e+00,0.000000000000000000e+00
4.778092161108437352e+01,0.000000000000000000e+00,0.000000000000000000e+00
4.929167534504829007e+01,0.000000000000000000e+00,0.000000000000000000e+00
5.269694036935482018e+01,0.000000000000000000e+00,0.000000000000000000e+00
4.655748426881583413e+01,0.000000000000000000e+00,0.000000000000000000e+00
5.224275057433751357e+01,0.000000000000000000e+00,0.000000000000000000e+00
5.389114970480464706e+01,0.000000000000000000e+00,0.000000000000000000e+00
5.107813647691466485e+01,0.000000000000000000e+00,0.000000000000000000e+00
5.186388900426700843e+01,0.000000000000000000e+00,0.000000000000000000e+00
4.980360927409712701e+01,0.000000000000000000e+00,0.000000000000000000e+00
4.902605596011640188e+01,0.000000000000000000e+00,0.000000000000000000e+00
4.977726726251258782e+01,0.000000000000000000e+00,0.000000000000000000e+00
4.895875035624415261e+01,0.000000000000000000e+00,0.000000000000000000e+00
4.973922865248529490e+01,0.000000000000000000e+00,0.000000000000000000e+00
5.207438021732629352e+01,0.000000000000000000e+00,0.000000000000000000e+00
5.079005366068149385e+01,0.000000000000000000e+00,0.000000000000000000e+00
4.890295956403616628e+01,0.000000000000000000e+00,0.000000000000000000e+00
4.767680788658829982e+01,0.000000000000000000e+00,0.000000000000000000e+00
5.131505745387277528e+01,0.000000000000000000e+00,0.000000000000000000e+00
4.845166709409352279e+01,0.000000000000000000e+00,0.000000000000000000e+00
4.735687987360211793e+01,0.000000000000000000e+00,0.000000000000000000e+00
5.193776625166340466e+01,0.000000000000000000e+00,0.000000000000000000e+00
4.674015141422103170e+01,0.000000000000000000e+00,0.000000000000000000e+00
4.886623174231719702e+01,0.000000000000000000e+00,0.000000000000000000e+00
4.899412621585413774e+01,0.000000000000000000e+00,0.000000000000000000e+00
4.653082158086161257e+01,0.000000000000000000e+00,0.000000000000000000e+00
4.824842158588470653e+01,0.000000000000000000e+00,0.000000000000000000e+00
4.952596655738373244e+01,0.000000000000000000e+00,0.000000000000000000e+00
5.136317494909463477e+01,0.000000000000000000e+00,0.000000000000000000e+00
4.526900817515429765e+01,0.000000000000000000e+00,0.000000000000000000e+00
4.847205985353618019e+01,0.000000000000000000e+00,0.000000000000000000e+00
4.865364377396225137e+01,0.000000000000000000e+00,0.000000000000000000e+00
4.702406548872389891e+01,0.000000000000000000e+00,0.000000000000000000e+00
4.804790981001960404e+01,0.000000000000000000e+00,0.000000000000000000e+00
4.531553454224436450e+01,0.000000000000000000e+00,0.000000000000000000e+00
4.824221117886281007e+01,0.000000000000000000e+00,0.000000000000000000e+00
4.458791702932067835e+01,0.000000000000000000e+00,0.000000000000000000e+00
4.893403148200363262e+01,0.000000000000000000e+00,0.000000000000000000e+00
4.889333066170837583e+01,0.000000000000000000e+00,0.000000000000000000e+00
4.575458889142299057e+01,0.000000000000000000e+00,0.000000000000000000e+00
4.674994425087276539e+01,0.000000000000000000e+00,0.000000000000000000e+00
4.834479173132154983e+01,0.000000000000000000e+00,0.000000000000000000e+00
4.562590844588785899e+01,0.000000000000000000e+00,0.000000000000000000e+00
5.218868499588590026e+01,0.000000000000000000e+00,0.000000000000000000e+00
4.759673566374474518e+01,0.000000000000000000e+00,0.000000000000000000e+00
4.542148816617055473e+01,0.000000000000000000e+00,0.000000000000000000e+00
4.837908830688378714e+01,0.000000000000000000e+00,0.000000000000000000e+00
4.901591635594852647e+01,0.000000000000000000e+00,0.000000000000000000e+00
4.717725704427731159e+01,0.000000000000000000e+00,0.000000000000000000e+00
4.447297371283109868e+01,0.000000000000000000e+00,0.000000000000000000e+00
4.777956389024362238e+01,0.000000000000000000e+00,0.000000000000000000e+00
4.495867692302734753e+01,0.000000000000000000e+00,0.000000000000000000e+00
4.649493165254800431e+01,0.000000000000000000e+00,0.000000000000000000e+00
4.400060454427830336e+01,0.000000000000000000e+00,0.000000000000000000e+00
4.523508741970692881e+01,0.000000000000000000e+00,0.000000000000000000e+00
4.298618918562012681e+01,0.000000000000000000e+00,0.000000000000000000e+00
4.953767119563955390e+01,0.000000000000000000e+00,0.000000000000000000e+00
4.808197076706175466e+01,0.000000000000000000e+00,0.000000000000000000e+00
4.799780665104698585e+01,0.000000000000000000e+00,0.000000000000000000e+00
4.569741723284700186e+01,0.000000000000000000e+00,0.000000000000000000e+00
3.887583965379681672e+01,0.000000000000000000e+00,0.000000000000000000e+00
4.701057118645894661e+01,0.000000000000000000e+00,0.000000000000000000e+00
4.713232485323027987e+01,0.000000000000000000e+00,0.000000000000000000e+00
4.405983059806649038e+01,0.000000000000000000e+00,0.000000000000000000e+00
4.564063257440288623e+01,0.000000000000000000e+00,0.000000000000000000e+00
4.731307555834365530e+01,0.000000000000000000e+00,0.000000000000000000e+00
3.794975630555808266e+01,0.000000000000000000e+00,0.000000000000000000e+00
4.542889597604179386e+01,0.000000000000000000e+00,0.000000000000000000e+00
4.638125579842409252e+01,0.000000000000000000e+00,0.000000000000000000e+00
4.615192878231766827e+01,0.000000000000000000e+00,0.000000000000000000e+00
4.567913246802249461e+01,0.000000000000000000e+00,0.000000000000000000e+00
4.350946226962952323e+01,0.000000000000000000e+00,0.000000000000000000e+00
4.302252430569181740e+01,0.000000000000000000e+00,0.000000000000000000e+00
4.614720296686421364e+01,0.000000000000000000e+00,0.000000000000000000e+00
4.297012077095003946e+01,0.000000000000000000e+00,0.000000000000000000e+00
4.325889478401750665e+01,0.000000000000000000e+00,0.000000000000000000e+00
4.671184937534955850e+01,0.000000000000000000e+00,0.000000000000000000e+00
4.019637806980497174e+01,0.000000000000000000e+00,0.000000000000000000e+00
4.101513178984728825e+01,0.000000000000000000e+00,0.000000000000000000e+00
4.389498133972848137e+01,0.000000000000000000e+00,0.000000000000000000e+00
4.505205964553863396e+01,0.000000000000000000e+00,0.000000000000000000e+00
4.301424677223663906e+01,0.000000000000000000e+00,0.000000000000000000e+00
4.602243403510078679e+01,0.000000000000000000e+00,0.000000000000000000e+00
4.230524766771804224e+01,0.000000000000000000e+00,0.000000000000000000e+00
4.346579002129193725e+01,0.000000000000000000e+00,0.000000000000000000e+00
4.189048834505426555e+01,0.000000000000000000e+00,0.000000000000000000e+00
4.417584897127694177e+01,0.000000000000000000e+00,0.000000000000000000e+00
4.371580447839841810e+01,0.000000000000000000e+00,0.000000000000000000e+00
4.518411053681224843e+01,0.000000000000000000e+00,0.000000000000000000e+00
4.244787355436955067e+01,0.000000000000000000e+00,0.000000000000000000e+00
4.581286180840838540e+01,0.000000000000000000e+00,0.000000000000000000e+00
4.429887738496110927e+01,0.000000000000000000e+00,0.000000000000000000e+00
4.119759211596608139e+01,0.000000000000000000e+00,0.000000000000000000e+00
4.264092278534333502e+01,0.000000000000000000e+00,0.000000000000000000e+00
4.099194986437100141e+01,0.000000000000000000e+00,0.000000000000000000e+00
3.889250644323613670e+01,0.000000000000000000e+00,0.000000000000000000e+00
4.438300942172062236e+01,0.000000000000000000e+00,0.000000000000000000e+00
4.672534531986398321e+01,0.000000000000000000e+00,0.000000000000000000e+00
4.216979867317562025e+01,0.000000000000000000e+00,0.000000000000000000e+00
4.511105447937072910e+01,0.000000000000000000e+00,0.000000000000000000e+00
4.055050341951989878e+01,0.000000000000000000e+00,0.000000000000000000e+00
4.034338779842481415e+01,0.000000000000000000e+00,0.000000000000000000e+00
4.561184361859427838e+01,0.000000000000000000e+00,0.000000000000000000e+00
4.430266350064218983e+01,0.000000000000000000e+00,0.000000000000000000e+00
4.305115687177117678e+01,0.000000000000000000e+00,0.000000000000000000e+00
4.280309266520438882e+01,0.000000000000000000e+00,0.000000000000000000e+00
4.576166867633048696e+01,0.000000000000000000e+00,0.000000000000000000e+00
4.213277645749442968e+01,0.000000000000000000e+00,0.000000000000000000e+00
4.392030048363471906e+01,0.000000000000000000e+00,0.000000000000000000e+00
4.308621004268987775e+01,0.000000000000000000e+00,0.000000000000000000e+00
3.715714893359766080e+01,0.000000000000000000e+00,0.000000000000000000e+00
3.892348770137665070e+01,0.000000000000000000e+00,0.000000000000000000e+00
4.288650433295804021e+01,0.000000000000000000e+00,0.000000000000000000e+00
4.318081692048688325e+01,0.000000000000000000e+00,0.000000000000000000e+00
3.964017039718061142e+01,0.000000000000000000e+00,0.000000000000000000e+00
3.848940407504889549e+01,0.000000000000000000e+00,0.000000000000000000e+00
4.119996711061122596e+01,0.000000000000000000e+00,0.000000000000000000e+00
4.048024415508737661e+01,0.000000000000000000e+00,0.000000000000000000e+00
4.234870603511621567e+01,0.000000000000000000e+00,0.000000000000000000e+00
3.877862184573268678e+01,0.000000000000000000e+00,0.000000000000000000e+00
4.174980623258285561e+01,0.000000000000000000e+00,0.000000000000000000e+00
3.877633937683100385e+01,0.000000000000000000e+00,0.000000000000000000e+00
3.889636866273168891e+01,0.000000000000000000e+00,0.000000000000000000e+00
4.085170219091918398e+01,0.000000000000000000e+00,0.000000000000000000e+00
4.055291823612483881e+01,0.000000000000000000e+00,0.000000000000000000e+00
4.038328331615696243e+01,0.000000000000000000e+00,0.000000000000000000e+00
4.160098014249705756e+01,0.000000000000000000e+00,0.000000000000000000e+00
3.864575321807750896e+01,0.000000000000000000e+00,0.000000000000000000e+00
4.202101584226532083e+01,0.000000000000000000e+00,0.000000000000000000e+00
3.679249284707761092e+01,0.000000000000000000e+00,0.000000000000000000e+00
3.932871467388577003e+01,0.000000000000000000e+00,0.000000000000000000e+00
3.736541918962848285e+01,0.000000000000000000e+00,0.000000000000000000e+00
4.088697649694773162e+01,0.000000000000000000e+00,0.000000000000000000e+00
4.048373624491702572e+01,0.000000000000000000e+00,0.000000000000000000e+00
4.025344227122032237e+01,0.000000000000000000e+00,0.000000000000000000e+00
4.213546528080899378e+01,0.000000000000000000e+00,0.000000000000000000e+00
3.528426359047012539e+01,0.000000000000000000e+00,0.000000000000000000e+00
4.030898567322517323e+01,0.000000000000000000e+00,0.000000000000000000e+00
4.087706762294801877e+01,0.000000000000000000e+00,0.000000000000000000e+00
3.745784850020979206e+01,0.000000000000000000e+00,0.000000000000000000e+00
4.094511699792737858e+01,0.000000000000000000e+00,0.000000000000000000e+00
3.572591662832159187e+01,0.000000000000000000e+00,0.000000000000000000e+00
4.134519238361112770e+01,0.000000000000000000e+00,0.000000000000000000e+00
3.751658184361887294e+01,0.000000000000000000e+00,0.000000000000000000e+00
4.230997240367856449e+01,0.000000000000000000e+00,0.000000000000000000e+00
3.980659266002306396e+01,0.000000000000000000e+00,0.000000000000000000e+00
4.151579233036652283e+01,0.000000000000000000e+00,0.000000000000000000e+00
3.694749118273237087e+01,0.000000000000000000e+00,0.000000000000000000e+00
4.028399294196976399e+01,0.000000000000000000e+00,0.000000000000000000e+00
3.949100898700660878e+01,0.000000000000000000e+00,0.000000000000000000e+00
3.618113346602078906e+01,0.000000000000000000e+00,0.000000000000000000e+00
3.921565204847728126e+01,0.000000000000000000e+00,0.000000000000000000e+00
4.218232415002496793e+01,0.000000000000000000e+00,0.000000000000000000e+00
3.816541706469382689e+01,0.000000000000000000e+00,0.000000000000000000e+00
3.720740868822431935e+01,0.000000000000000000e+00,0.000000000000000000e+00
3.861796014715486791e+01,0.000000000000000000e+00,0.000000000000000000e+00
3.860999179938722392e+01,0.000000000000000000e+00,0.000000000000000000e+00
3.901265995027277000e+01,0.000000000000000000e+00,0.000000000000000000e+00
3.741497664652554533e+01,0.000000000000000000e+00,0.000000000000000000e+00
3.757203844192135023e+01,0.000000000000000000e+00,0.000000000000000000e+00
3.879102836005400690e+01,0.000000000000000000e+00,0.000000000000000000e+00
4.040741071673895846e+01,0.000000000000000000e+00,0.000000000000000000e+00
3.703885954148537252e+01,0.000000000000000000e+00,0.000000000000000000e+00
3.320589867052965616e+01,0.000000000000000000e+00,0.000000000000000000e+00
3.781844342465795705e+01,0.000000000000000000e+00,0.000000000000000000e+00
3.684743534374034368e+01,0.000000000000000000e+00,0.000000000000000000e+00
3.272285737909986381e+01,0.000000000000000000e+00,0.000000000000000000e+00
3.765943359079165731e+01,0.000000000000000000e+00,0.000000000000000000e+00
3.687753653715644475e+01,0.000000000000000000e+00,0.000000000000000000e+00
3.789581614522379027e+01,0.000000000000000000e+00,0.000000000000000000e+00
3.520713341600281865e+01,0.000000000000000000e+00,0.000000000000000000e+00
3.422489654640936863e+01,0.000000000000000000e+00,0.000000000000000000e+00
3.343375453845381884e+01,0.000000000000000000e+00,0.000000000000000000e+00
3.514627555395442471e+01,0.000000000000000000e+00,0.000000000000000000e+00
3.840989709543388386e+01,0.000000000000000000e+00,0.000000000000000000e+00
3.536667558015755475e+01,0.000000000000000000e+00,0.000000000000000000e+00
4.115728182795325552e+01,0.000000000000000000e+00,0.000000000000000000e+00
3.568603256339930851e+01,0.000000000000000000e+00,0.000000000000000000e+00
3.338247709541965236e+01,0.000000000000000000e+00,0.000000000000000000e+00
3.735430483812879032e+01,0.000000000000000000e+00,0.000000000000000000e+00
3.553637169146109898e+01,0.000000000000000000e+00,0.000000000000000000e+00
3.686515560476717468e+01,0.000000000000000000e+00,0.000000000000000000e+00
3.279250510971743182e+01,0.000000000000000000e+00,0.000000000000000000e+00
3.596070931254060810e+01,0.000000000000000000e+00,0.000000000000000000e+00
3.604892539056110934e+01,0.000000000000000000e+00,0.000000000000000000e+00
3.819230777577220692e+01,0.000000000000000000e+00,0.000000000000000000e+00
3.599413482409121912e+01,0.000000000000000000e+00,0.000000000000000000e+00
3.449751760630035591e+01,0.000000000000000000e+00,0.000000000000000000e+00
3.778203944663226110e+01,0.000000000000000000e+00,0.000000000000000000e+00
3.846111828838441937e+01,0.000000000000000000e+00,0.000000000000000000e+00
3.970790671049246612e+01,0.000000000000000000e+00,0.000000000000000000e+00
3.980547583808731815e+01,0.000000000000000000e+00,0.000000000000000000e+00
3.463049915020712888e+01,0.000000000000000000e+00,0.000000000000000000e+00
3.754054490326117133e+01,0.000000000000000000e+00,0.000000000000000000e+00
3.751901875347670057e+01,0.000000000000000000e+00,0.000000000000000000e+00
3.593390026748743082e+01,0.000000000000000000e+00,0.000000000000000000e+00
3.386865931091776361e+01,0.000000000000000000e+00,0.000000000000000000e+00
3.525782437567463035e+01,0.000000000000000000e+00,0.000000000000000000e+00
3.551853499778687961e+01,0.000000000000000000e+00,0.000000000000000000e+00
3.750326683670164130e+01,0.000000000000000000e+00,0.000000000000000000e+00
3.648724077912496000e+01,0.000000000000000000e+00,0.000000000000000000e+00
3.273957594608661026e+01,0.000000000000000000e+00,0.000000000000000000e+00
3.565085045122798135e+01,0.000000000000000000e+00,0.000000000000000000e+00
3.167220820915022017e+01,0.000000000000000000e+00,0.000000000000000000e+00
3.284534102789145038e+01,0.000000000000000000e+00,0.000000000000000000e+00
3.340439989505134832e+01,0.000000000000000000e+00,0.000000000000000000e+00
3.647571643246168804e+01,0.000000000000000000e+00,0.000000000000000000e+00
3.318604836839051586e+01,0.000000000000000000e+00,0.000000000000000000e+00
3.325045058153326494e+01,0.000000000000000000e+00,0.000000000000000000e+00
3.287690793732611638e+01,0.000000000000000000e+00,0.000000000000000000e+00
3.565271701593328402e+01,0.000000000000000000e+00,0.000000000000000000e+00
3.525330554442982844e+01,0.000000000000000000e+00,0.000000000000000000e+00
3.455100226625890514e+01,0.000000000000000000e+00,0.000000000000000000e+00
3.583788946068715120e+01,0.000000000000000000e+00,0.000000000000000000e+00
3.543553355216540268e+01,0.000000000000000000e+00,0.000000000000000000e+00
3.654035434633152590e+01,0.000000000000000000e+00,0.000000000000000000e+00
3.312564589696238215e+01,0.000000000000000000e+00,0.000000000000000000e+00
3.471800101947436445e+01,0.000000000000000000e+00,0.000000000000000000e+00
3.681264661118431292e+01,0.000000000000000000e+00,0.000000000000000000e+00
3.418278415763019495e+01,0.000000000000000000e+00,0.000000000000000000e+00
3.471733091687508477e+01,0.000000000000000000e+00,0.000000000000000000e+00
3.164219676487501332e+01,0.000000000000000000e+00,0.000000000000000000e+00
3.429328353863439816e+01,0.000000000000000000e+00,0.000000000000000000e+00
3.702722620630996175e+01,0.000000000000000000e+00,0.000000000000000000e+00
3.359021956076162496e+01,0.000000000000000000e+00,0.000000000000000000e+00
3.615337843080437352e+01,0.000000000000000000e+00,0.000000000000000000e+00
3.443945587981043843e+01,0.000000000000000000e+00,0.000000000000000000e+00
3.405118997651915436e+01,0.000000000000000000e+00,0.000000000000000000e+00
3.254030409872350305e+01,0.000000000000000000e+00,0.000000000000000000e+00
3.041931390761776299e+01,0.000000000000000000e+00,0.000000000000000000e+00
3.234186477970887807e+01,0.000000000000000000e+00,0.000000000000000000e+00
3.432789116420740072e+01,0.000000000000000000e+00,0.000000000000000000e+00
3.228251510658396484e+01,0.000000000000000000e+00,0.000000000000000000e+00
3.283721733177348767e+01,0.000000000000000000e+00,0.000000000000000000e+00
3.655172871883515029e+01,0.000000000000000000e+00,0.000000000000000000e+00
3.615846727213555312e+01,0.000000000000000000e+00,0.000000000000000000e+00
2.875724264068627534e+01,0.000000000000000000e+00,0.000000000000000000e+00
3.343151648724796843e+01,0.000000000000000000e+00,0.000000000000000000e+00
2.957349259633065941e+01,0.000000000000000000e+00,0.000000000000000000e+00
3.096490625284542375e+01,0.000000000000000000e+00,0.000000000000000000e+00
2.886950765079332726e+01,0.000000000000000000e+00,0.000000000000000000e+00
3.086503760642409944e+01,0.000000000000000000e+00,0.000000000000000000e+00
3.421450068148944723e+01,0.000000000000000000e+00,0.000000000000000000e+00
3.108927530065616907e+01,0.000000000000000000e+00,0.000000000000000000e+00
3.434049980302365412e+01,0.000000000000000000e+00,0.000000000000000000e+00
3.360189720657497503e+01,0.000000000000000000e+00,0.000000000000000000e+00
3.536777470150378377e+01,0.000000000000000000e+00,0.000000000000000000e+00
3.199291130208208855e+01,0.000000000000000000e+00,0.000000000000000000e+00
3.224137210794848585e+01,0.000000000000000000e+00,0.000000000000000000e+00
3.148407344954791398e+01,0.000000000000000000e+00,0.000000000000000000e+00
2.935904078345227930e+01,0.000000000000000000e+00,0.000000000000000000e+00
2.839374816347682895e+01,0.000000000000000000e+00,0.000000000000000000e+00
3.140360077636194447e+01,0.000000000000000000e+00,0.000000000000000000e+00
3.100010923445393018e+01,0.000000000000000000e+00,0.000000000000000000e+00
2.954894200356222811e+01,0.000000000000000000e+00,0.000000000000000000e+00
2.954473912373121536e+01,0.000000000000000000e+00,0.000000000000000000e+00
3.146851717581063212e+01,0.000000000000000000e+00,0.000000000000000000e+00
3.003509639841506385e+01,0.000000000000000000e+00,0.000000000000000000e+00
3.126207506835159577e+01,0.000000000000000000e+00,0.000000000000000000e+00
3.083257516821138466e+01,0.000000000000000000e+00,0.000000000000000000e+00
3.184778951974557870e+01,0.000000000000000000e+00,0.000000000000000000e+00
2.779856122027228338e+01,0.000000000000000000e+00,0.000000000000000000e+00
3.034068431721697934e+01,0.000000000000000000e+00,0.000000000000000000e+00
2.975130453526979935e+01,0.000000000000000000e+00,0.000000000000000000e+00
3.421925578912140509e+01,0.000000000000000000e+00,0.000000000000000000e+00
2.749022636057720348e+01,0.000000000000000000e+00,0.000000000000000000e+00
2.853424908843384600e+01,0.000000000000000000e+00,0.000000000000000000e+00
2.844396738797693303e+01,0.000000000000000000e+00,0.000000000000000000e+00
2.833873864505124374e+01,0.000000000000000000e+00,0.000000000000000000e+00
2.592927983714626450e+01,0.000000000000000000e+00,0.000000000000000000e+00
2.750179274568446885e+01,0.000000000000000000e+00,0.000000000000000000e+00
2.899984523556734217e+01,0.000000000000000000e+00,0.000000000000000000e+00
3.334966243765902050e+01,0.000000000000000000e+00,0.000000000000000000e+00
2.616158497180651921e+01,0.000000000000000000e+00,0.000000000000000000e+00
3.254772128017595634e+01,0.000000000000000000e+00,0.000000000000000000e+00
2.984286229508152388e+01,0.000000000000000000e+00,0.000000000000000000e+00
2.620545418248128655e+01,0.000000000000000000e+00,0.000000000000000000e+00
3.082986954851934414e+01,0.000000000000000000e+00,0.000000000000000000e+00
3.023539117399892717e+01,0.000000000000000000e+00,0.000000000000000000e+00
2.495928542979813258e+01,0.000000000000000000e+00,0.000000000000000000e+00
3.150137785104639221e+01,0.000000000000000000e+00,0.000000000000000000e+00
3.186142863191630781e+01,0.000000000000000000e+00,0.000000000000000000e+00
2.868257142638328006e+01,0.000000000000000000e+00,0.000000000000000000e+00
3.238457027933079502e+01,0.000000000000000000e+00,0.000000000000000000e+00
2.970000629759483957e+01,0.000000000000000000e+00,0.000000000000000000e+00
3.184370232291726310e+01,0.000000000000000000e+00,0.000000000000000000e+00
3.060875157596480634e+01,0.000000000000000000e+00,0.000000000000000000e+00
3.160149242405726255e+01,0.000000000000000000e+00,0.000000000000000000e+00
3.193240856712576914e+01,0.000000000000000000e+00,0.000000000000000000e+00
2.910907833404133882e+01,0.000000000000000000e+00,0.000000000000000000e+00
2.659667026129709200e+01,0.000000000000000000e+00,0.000000000000000000e+00
2.872999194669840506e+01,0.000000000000000000e+00,0.000000000000000000e+00
2.425896652093714323e+01,0.000000000000000000e+00,0.000000000000000000e+00
2.811161348920665759e+01,0.000000000000000000e+00,0.000000000000000000e+00
3.237790598136612630e+01,0.000000000000000000e+00,0.000000000000000000e+00
3.089113640224217860e+01,0.000000000000000000e+00,0.000000000000000000e+00
2.678806983679686482e+01,0.000000000000000000e+00,0.000000000000000000e+00
2.808578931412657198e+01,0.000000000000000000e+00,0.000000000000000000e+00
2.672819397675455022e+01,0.000000000000000000e+00,0.000000000000000000e+00
2.807113425503606052e+01,0.000000000000000000e+00,0.000000000000000000e+00
2.375330588672233745e+01,0.000000000000000000e+00,0.000000000000000000e+00
2.724418960125458611e+01,0.000000000000000000e+00,0.000000000000000000e+00
3.297813980277080503e+01,0.000000000000000000e+00,0.000000000000000000e+00
2.573235845098078300e+01,0.000000000000000000e+00,0.000000000000000000e+00
2.843106088912375995e+01,0.000000000000000000e+00,0.000000000000000000e+00
2.552024477497998944e+01,0.000000000000000000e+00,0.000000000000000000e+00
2.462562375908871815e+01,0.000000000000000000e+00,0.000000000000000000e+00
2.692509856361407117e+01,0.000000000000000000e+00,0.000000000000000000e+00
2.748637982192163065e+01,0.000000000000000000e+00,0.000000000000000000e+00
2.768729314692445342e+01,0.000000000000000000e+00,0.000000000000000000e+00
2.775404497865259046e+01,0.000000000000000000e+00,0.000000000000000000e+00
2.418031769668596098e+01,0.000000000000000000e+00,0.000000000000000000e+00
3.134268888186738877e+01,0.000000000000000000e+00,0.000000000000000000e+00
2.798450500331723489e+01,0.000000000000000000e+00,0.000000000000000000e+00
3.168482121764973769e+01,0.000000000000000000e+00,0.000000000000000000e+00
2.746475086432745982e+01,0.000000000000000000e+00,0.000000000000000000e+00
2.372374547368020359e+01,0.000000000000000000e+00,0.000000000000000000e+00
2.762978751765400887e+01,0.000000000000000000e+00,0.000000000000000000e+00
3.039052045889718556e+01,0.000000000000000000e+00,0.000000000000000000e+00
3.001806437233904390e+01,0.000000000000000000e+00,0.000000000000000000e+00
2.573922350588383878e+01,0.000000000000000000e+00,0.000000000000000000e+00
2.700379706902663557e+01,0.000000000000000000e+00,0.000000000000000000e+00
2.453962528654113484e+01,0.000000000000000000e+00,0.000000000000000000e+00
2.796287864384220967e+01,0.000000000000000000e+00,0.000000000000000000e+00
2.442153605199030508e+01,0.000000000000000000e+00,0.000000000000000000e+00
2.577035395309869159e+01,0.000000000000000000e+00,0.000000000000000000e+00
2.653485939935666238e+01,0.000000000000000000e+00,0.000000000000000000e+00
2.723869254820640506e+01,0.000000000000000000e+00,0.000000000000000000e+00
2.781438165051508093e+01,0.000000000000000000e+00,0.000000000000000000e+00
2.725428542890884032e+01,0.000000000000000000e+00,0.000000000000000000e+00
2.863775381600856562e+01,0.000000000000000000e+00,0.000000000000000000e+00
2.555229169814770884e+01,0.000000000000000000e+00,0.000000000000000000e+00
2.799112908376885756e+01,0.000000000000000000e+00,0.000000000000000000e+00
2.608918258786525968e+01,0.000000000000000000e+00,0.000000000000000000e+00
3.126064567557658336e+01,0.000000000000000000e+00,0.000000000000000000e+00
2.705039883004309686e+01,0.000000000000000000e+00,0.000000000000000000e+00
2.582434227248663561e+01,0.000000000000000000e+00,0.000000000000000000e+00
2.653966044882167452e+01,0.000000000000000000e+00,0.000000000000000000e+00
2.479690726812617285e+01,0.000000000000000000e+00,0.000000000000000000e+00
2.710818848524333546e+01,0.000000000000000000e+00,0.000000000000000000e+00
2.686252161865353472e+01,0.000000000000000000e+00,0.000000000000000000e+00
2.415157733747569324e+01,0.000000000000000000e+00,0.000000000000000000e+00
2.565129172967935034e+01,0.000000000000000000e+00,0.000000000000000000e+00
3.017694946750657436e+01,0.000000000000000000e+00,0.000000000000000000e+00
2.645859524033164334e+01,0.000000000000000000e+00,0.000000000000000000e+00
2.806728670724372421e+01,0.000000000000000000e+00,0.000000000000000000e+00
2.533363691532852613e+01,0.000000000000000000e+00,0.000000000000000000e+00
2.446134901180468901e+01,0.000000000000000000e+00,0.000000000000000000e+00
2.918439036144878074e+01,0.000000000000000000e+00,0.000000000000000000e+00
2.625422758747503593e+01,0.000000000000000000e+00,0.000000000000000000e+00
2.882577472100039628e+01,0.000000000000000000e+00,0.000000000000000000e+00
2.569743153669150715e+01,0.000000000000000000e+00,0.000000000000000000e+00
2.739199037476358711e+01,0.000000000000000000e+00,0.000000000000000000e+00
2.705786403524883355e+01,0.000000000000000000e+00,0.000000000000000000e+00
2.371696512711545068e+01,0.000000000000000000e+00,0.000000000000000000e+00
2.503732046953318857e+01,0.000000000000000000e+00,0.000000000000000000e+00
2.371038946631682975e+01,0.000000000000000000e+00,0.000000000000000000e+00
2.525408418057307358e+01,0.000000000000000000e+00,0.000000000000000000e+00
2.681212563882041522e+01,0.000000000000000000e+00,0.000000000000000000e+00
2.175568960059332824e+01,0.000000000000000000e+00,0.000000000000000000e+00
2.699654602138247128e+01,0.000000000000000000e+00,0.000000000000000000e+00
2.354592693881762955e+01,0.000000000000000000e+00,0.000000000000000000e+00
2.110045034394631003e+01,0.000000000000000000e+00,0.000000000000000000e+00
2.682468504386653763e+01,0.000000000000000000e+00,0.000000000000000000e+00
2.517323201778755504e+01,0.000000000000000000e+00,0.000000000000000000e+00
2.424735844955344888e+01,0.000000000000000000e+00,0.000000000000000000e+00
2.341416798371624708e+01,0.000000000000000000e+00,0.000000000000000000e+00
2.338521425229137662e+01,0.000000000000000000e+00,0.000000000000000000e+00
2.632653841667978867e+01,0.000000000000000000e+00,0.000000000000000000e+00
2.419652457034656479e+01,0.000000000000000000e+00,0.000000000000000000e+00
2.648748672123526759e+01,0.000000000000000000e+00,0.000000000000000000e+00
2.689310881695239530e+01,0.000000000000000000e+00,0.000000000000000000e+00
2.557427495529583084e+01,0.000000000000000000e+00,0.000000000000000000e+00
2.388410316492759833e+01,0.000000000000000000e+00,0.000000000000000000e+00
2.321842434896798224e+01,0.000000000000000000e+00,0.000000000000000000e+00
2.500286549061145891e+01,0.000000000000000000e+00,0.000000000000000000e+00
2.488391154023433671e+01,0.000000000000000000e+00,0.000000000000000000e+00
2.724133714341427392e+01,0.000000000000000000e+00,0.000000000000000000e+00
2.641358846969490060e+01,0.000000000000000000e+00,0.000000000000000000e+00
2.322747335564332616e+01,0.000000000000000000e+00,0.000000000000000000e+00
2.543878990437620047e+01,0.000000000000000000e+00,0.000000000000000000e+00
2.660304929291849518e+01,0.000000000000000000e+00,0.000000000000000000e+00
2.472202117205270966e+01,0.000000000000000000e+00,0.000000000000000000e+00
2.659639586858818561e+01,0.000000000000000000e+00,0.000000000000000000e+00
2.489512960241205874e+01,0.000000000000000000e+00,0.000000000000000000e+00
2.525752195119540744e+01,0.000000000000000000e+00,0.000000000000000000e+00
2.128688781505663741e+01,0.000000000000000000e+00,0.000000000000000000e+00
2.522537466401945494e+01,0.000000000000000000e+00,0.000000000000000000e+00
2.550752479454435218e+01,0.000000000000000000e+00,0.000000000000000000e+00
2.352148865266084243e+01,0.000000000000000000e+00,0.000000000000000000e+00
2.304919744552766048e+01,0.000000000000000000e+00,0.000000000000000000e+00
2.369199731579458401e+01,0.000000000000000000e+00,0.000000000000000000e+00
2.319412083645694267e+01,0.000000000000000000e+00,0.000000000000000000e+00
2.604456235779747431e+01,0.000000000000000000e+00,0.000000000000000000e+00
2.222287748901054627e+01,0.000000000000000000e+00,0.000000000000000000e+00
2.648147917884152847e+01,0.000000000000000000e+00,0.000000000000000000e+00
2.377508896986687503e+01,0.000000000000000000e+00,0.000000000000000000e+00
2.120200044138880457e+01,0.000000000000000000e+00,0.000000000000000000e+00
2.594742979486841605e+01,0.000000000000000000e+00,0.000000000000000000e+00
2.374664930773396065e+01,0.000000000000000000e+00,0.000000000000000000e+00
2.295722740005428975e+01,0.000000000000000000e+00,0.000000000000000000e+00
2.436536940290892872e+01,0.000000000000000000e+00,0.000000000000000000e+00
2.469158852122690462e+01,0.000000000000000000e+00,0.000000000000000000e+00
2.527014146882343582e+01,0.000000000000000000e+00,0.000000000000000000e+00
2.330086899437583270e+01,0.000000000000000000e+00,0.000000000000000000e+00
2.444760779581904941e+01,0.000000000000000000e+00,0.000000000000000000e+00
2.452530187147349494e+01,0.000000000000000000e+00,0.000000000000000000e+00
2.552649124083872678e+01,0.000000000000000000e+00,0.000000000000000000e+00
2.215222947532609155e+01,0.000000000000000000e+00,0.000000000000000000e+00
2.152036178433798952e+01,0.000000000000000000e+00,0.000000000000000000e+00
2.418518188623902176e+01,0.000000000000000000e+00,0.000000000000000000e+00
2.321710116183560757e+01,0.000000000000000000e+00,0.000000000000000000e+00
2.581204393670183705e+01,0.000000000000000000e+00,0.000000000000000000e+00
2.715872752312652239e+01,0.000000000000000000e+00,0.000000000000000000e+00
2.326209915397436490e+01,0.000000000000000000e+00,0.000000000000000000e+00
2.102159472563050358e+01,0.000000000000000000e+00,0.000000000000000000e+00
2.425284690653514019e+01,0.000000000000000000e+00,0.000000000000000000e+00
2.301769594763394267e+01,0.000000000000000000e+00,0.000000000000000000e+00
2.302617924440918529e+01,0.000000000000000000e+00,0.000000000000000000e+00
2.604149165410444766e+01,0.000000000000000000e+00,0.000000000000000000e+00
2.449645802488360502e+01,0.000000000000000000e+00,0.000000000000000000e+00
2.675517066444422198e+01,0.000000000000000000e+00,0.000000000000000000e+00
2.489610614618880646e+01,0.000000000000000000e+00,0.000000000000000000e+00
2.303116190083758852e+01,0.000000000000000000e+00,0.000000000000000000e+00
2.236486762135065831e+01,0.000000000000000000e+00,0.000000000000000000e+00
2.436636752628465530e+01,0.000000000000000000e+00,0.000000000000000000e+00
2.767808983013863866e+01,0.000000000000000000e+00,0.000000000000000000e+00
2.322039960891947885e+01,0.000000000000000000e+00,0.000000000000000000e+00
1.948521132169486947e+01,0.000000000000000000e+00,0.000000000000000000e+00
2.265785566608688484e+01,0.000000000000000000e+00,0.000000000000000000e+00
2.107464002442342377e+01,0.000000000000000000e+00,0.000000000000000000e+00
2.245637843806913736e+01,0.000000000000000000e+00,0.000000000000000000e+00
2.153758787604986225e+01,0.000000000000000000e+00,0.000000000000000000e+00
2.520081126868473476e+01,0.000000000000000000e+00,0.000000000000000000e+00
2.162166804706957990e+01,0.000000000000000000e+00,0.000000000000000000e+00
2.202326056022877765e+01,0.000000000000000000e+00,0.000000000000000000e+00
2.279484022047261149e+01,0.000000000000000000e+00,0.000000000000000000e+00
2.208650320172652215e+01,0.000000000000000000e+00,0.000000000000000000e+00
2.138325739118089786e+01,0.000000000000000000e+00,0.000000000000000000e+00
2.158074056028121390e+01,0.000000000000000000e+00,0.000000000000000000e+00
2.260731967485319416e+01,0.000000000000000000e+00,0.000000000000000000e+00
2.306372790212597579e+01,0.000000000000000000e+00,0.000000000000000000e+00
2.349460905383386944e+01,0.000000000000000000e+00,0.000000000000000000e+00
2.407294217124190894e+01,0.000000000000000000e+00,0.000000000000000000e+00
2.580463964304633961e+01,0.000000000000000000e+00,0.000000000000000000e+00
2.452626597915831397e+01,0.000000000000000000e+00,0.000000000000000000e+00
1.966284772708969797e+01,0.000000000000000000e+00,0.000000000000000000e+00
2.027319161536028957e+01,0.000000000000000000e+00,0.000000000000000000e+00
2.107522186822650312e+01,0.000000000000000000e+00,0.000000000000000000e+00
2.228576537980630334e+01,0.000000000000000000e+00,0.000000000000000000e+00
2.039637320043437185e+01,0.000000000000000000e+00,0.000000000000000000e+00
1.774642215079205698e+01,0.000000000000000000e+00,0.000000000000000000e+00
1.953613497893680773e+01,0.000000000000000000e+00,0.000000000000000000e+00
2.187025386776906544e+01,0.000000000000000000e+00,0.000000000000000000e+00
2.330658762096740233e+01,0.000000000000000000e+00,0.000000000000000000e+00
2.258626648105311574e+01,0.000000000000000000e+00,0.000000000000000000e+00
2.113261043789257343e+01,0.000000000000000000e+00,0.000000000000000000e+00
1.765870057466347021e+01,0.000000000000000000e+00,0.000000000000000000e+00
2.338480872975464919e+01,0.000000000000000000e+00,0.000000000000000000e+00
2.125171085388807057e+01,0.000000000000000000e+00,0.000000000000000000e+00
2.269914506413774546e+01,0.000000000000000000e+00,0.000000000000000000e+00
2.149220699230976095e+01,0.000000000000000000e+00,0.000000000000000000e+00
1.937657334830150546e+01,0.000000000000000000e+00,0.000000000000000000e+00
2.176304405852548740e+01,0.000000000000000000e+00,0.000000000000000000e+00
1.846164652870598744e+01,0.000000000000000000e+00,0.000000000000000000e+00
2.009630921483748622e+01,0.000000000000000000e+00,0.000000000000000000e+00
2.316634090026904857e+01,0.000000000000000000e+00,0.000000000000000000e+00
2.317397403125774247e+01,0.000000000000000000e+00,0.000000000000000000e+00
1.954188469720536858e+01,0.000000000000000000e+00,0.000000000000000000e+00
2.047188832363105249e+01,0.000000000000000000e+00,0.000000000000000000e+00
2.070854764009581928e+01,0.000000000000000000e+00,0.000000000000000000e+00
2.009537347742269375e+01,0.000000000000000000e+00,0.000000000000000000e+00
1.850302657265515194e+01,0.000000000000000000e+00,0.000000000000000000e+00
2.131072563090638283e+01,0.000000000000000000e+00,0.000000000000000000e+00
2.243885665387247386e+01,0.000000000000000000e+00,0.000000000000000000e+00
2.085314755175522450e+01,0.000000000000000000e+00,0.000000000000000000e+00
2.304427058206229617e+01,0.000000000000000000e+00,0.000000000000000000e+00
2.312726247468018315e+01,0.000000000000000000e+00,0.000000000000000000e+00
2.190438841813885773e+01,0.000000000000000000e+00,0.000000000000000000e+00
2.124981942463971762e+01,0.000000000000000000e+00,0.000000000000000000e+00
1.928878631191761883e+01,0.000000000000000000e+00,0.000000000000000000e+00
2.092869536329109081e+01,0.000000000000000000e+00,0.000000000000000000e+00
2.173461455382128804e+01,0.000000000000000000e+00,0.000000000000000000e+00
2.008517116791627188e+01,0.000000000000000000e+00,0.000000000000000000e+00
2.083399615954864004e+01,0.000000000000000000e+00,0.000000000000000000e+00
2.204062647108509054e+01,0.000000000000000000e+00,0.000000000000000000e+00
2.089778323550598316e+01,0.000000000000000000e+00,0.000000000000000000e+00
1.981928160023310070e+01,0.000000000000000000e+00,0.000000000000000000e+00
2.113569348034910433e+01,0.000000000000000000e+00,0.000000000000000000e+00
2.324598812290193806e+01,0.000000000000000000e+00,0.000000000000000000e+00
2.169529492678570293e+01,0.000000000000000000e+00,0.000000000000000000e+00
2.018510698310971563e+01,0.000000000000000000e+00,0.000000000000000000e+00
2.073605754023676440e+01,0.000000000000000000e+00,0.000000000000000000e+00
1.745650015880052663e+01,0.000000000000000000e+00,0.000000000000000000e+00
2.040945716297786561e+01,0.000000000000000000e+00,0.000000000000000000e+00
2.259774730925798636e+01,0.000000000000000000e+00,0.000000000000000000e+00
2.216968050794142897e+01,0.000000000000000000e+00,0.000000000000000000e+00
2.137701551241294951e+01,0.000000000000000000e+00,0.000000000000000000e+00
1.923802278911652763e+01,0.000000000000000000e+00,0.000000000000000000e+00
2.239812694721393527e+01,0.000000000000000000e+00,0.000000000000000000e+00
2.212024424295051261e+01,0.000000000000000000e+00,0.000000000000000000e+00
2.348523596065229313e+01,0.000000000000000000e+00,0.000000000000000000e+00
2.163937419555928088e+01,0.000000000000000000e+00,0.000000000000000000e+00
1.399242151130612832e+01,0.000000000000000000e+00,0.000000000000000000e+00
1.782303740224805466e+01,0.000000000000000000e+00,0.000000000000000000e+00
1.905306415550687404e+01,0.000000000000000000e+00,0.000000000000000000e+00
2.060851676323771287e+01,0.000000000000000000e+00,0.000000000000000000e+00
2.129391925636068450e+01,0.000000000000000000e+00,0.000000000000000000e+00
2.334054732497508056e+01,0.000000000000000000e+00,0.000000000000000000e+00
2.397768960074192535e+01,0.000000000000000000e+00,0.000000000000000000e+00
2.034999233933172746e+01,0.000000000000000000e+00,0.000000000000000000e+00
2.108396293409852262e+01,0.000000000000000000e+00,0.000000000000000000e+00
1.996445813283326487e+01,0.000000000000000000e+00,0.000000000000000000e+00
1.916409166203879622e+01,0.000000000000000000e+00,0.000000000000000000e+00
2.091111381706847183e+01,0.000000000000000000e+00,0.000000000000000000e+00
1.585904642513364848e+01,0.000000000000000000e+00,0.000000000000000000e+00
2.019159461806232869e+01,0.000000000000000000e+00,0.000000000000000000e+00
2.231910432051221704e+01,0.000000000000000000e+00,0.000000000000000000e+00
2.053137504204715924e+01,0.000000000000000000e+00,0.000000000000000000e+00
2.104586074364950932e+01,0.000000000000000000e+00,0.000000000000000000e+00
2.114044266838523711e+01,0.000000000000000000e+00,0.000000000000000000e+00
1.915675924117360651e+01,0.000000000000000000e+00,0.000000000000000000e+00
2.158625522526952878e+01,0.000000000000000000e+00,0.000000000000000000e+00
2.145499050434056088e+01,0.000000000000000000e+00,0.000000000000000000e+00
2.032359778317088939e+01,0.000000000000000000e+00,0.000000000000000000e+00
1.912361481104841232e+01,0.000000000000000000e+00,0.000000000000000000e+00
2.062238839621576503e+01,0.000000000000000000e+00,0.000000000000000000e+00
2.054373704892424257e+01,0.000000000000000000e+00,0.000000000000000000e+00
2.173994433491312250e+01,0.000000000000000000e+00,0.000000000000000000e+00
2.280760604138536607e+01,0.000000000000000000e+00,0.000000000000000000e+00
2.377260341343442818e+01,0.000000000000000000e+00,0.000000000000000000e+00
2.290602817368770872e+01,0.000000000000000000e+00,0.000000000000000000e+00
1.617849738895458245e+01,0.000000000000000000e+00,0.000000000000000000e+00
1.787000005371347200e+01,0.000000000000000000e+00,0.000000000000000000e+00
2.253168824193990361e+01,0.000000000000000000e+00,0.000000000000000000e+00
2.021061643621208859e+01,0.000000000000000000e+00,0.000000000000000000e+00
1.959767303414731288e+01,0.000000000000000000e+00,0.000000000000000000e+00
1.316374391989841186e+01,0.000000000000000000e+00,0.000000000000000000e+00
1.744999326726248867e+01,0.000000000000000000e+00,0.000000000000000000e+00
1.875557036147514367e+01,0.000000000000000000e+00,0.000000000000000000e+00
2.036451770589822630e+01,0.000000000000000000e+00,0.000000000000000000e+00
2.119061703679845721e+01,0.000000000000000000e+00,0.000000000000000000e+00
1.763774369434442946e+01,0.000000000000000000e+00,0.000000000000000000e+00
2.312042219011721045e+01,0.000000000000000000e+00,0.000000000000000000e+00
1.916640778891939334e+01,0.000000000000000000e+00,0.000000000000000000e+00
2.183004019377136729e+01,0.000000000000000000e+00,0.000000000000000000e+00
1.766728273511459690e+01,0.000000000000000000e+00,0.000000000000000000e+00
1.985101430389775601e+01,0.000000000000000000e+00,0.000000000000000000e+00
2.197048648849649766e+01,0.000000000000000000e+00,0.000000000000000000e+00
2.346309892349224313e+01,0.000000000000000000e+00,0.000000000000000000e+00
1.886447721580001158e+01,0.000000000000000000e+00,0.000000000000000000e+00
2.229168387002745533e+01,0.000000000000000000e+00,0.000000000000000000e+00
1.886177075520229707e+01,0.000000000000000000e+00,0.000000000000000000e+00
2.005328916562865871e+01,0.000000000000000000e+00,0.000000000000000000e+00
1.909280552569671130e+01,0.000000000000000000e+00,0.000000000000000000e+00
1.970073661156468603e+01,0.000000000000000000e+00,0.000000000000000000e+00
2.229023374130543544e+01,0.000000000000000000e+00,0.000000000000000000e+00
2.322111473660729430e+01,0.000000000000000000e+00,0.000000000000000000e+00
1.903030138170690222e+01,0.000000000000000000e+00,0.000000000000000000e+00
1.757654809328895951e+01,0.000000000000000000e+00,0.000000000000000000e+00
1.760951147703318753e+01,0.000000000000000000e+00,0.000000000000000000e+00
2.139431083878510975e+01,0.000000000000000000e+00,0.000000000000000000e+00
1.974393042920069874e+01,0.000000000000000000e+00,0.000000000000000000e+00
2.012799142523053675e+01,0.000000000000000000e+00,0.000000000000000000e+00
1.968489978132881291e+01,0.000000000000000000e+00,0.000000000000000000e+00
2.409145932638205778e+01,0.000000000000000000e+00,0.000000000000000000e+00
1.840374912023418119e+01,0.000000000000000000e+00,0.000000000000000000e+00
2.017048570283635911e+01,0.000000000000000000e+00,0.000000000000000000e+00
2.097358634153169987e+01,0.000000000000000000e+00,0.000000000000000000e+00
2.036717982077055566e+01,0.000000000000000000e+00,0.000000000000000000e+00
1.957771594188622188e+01,0.000000000000000000e+00,0.000000000000000000e+00
2.443023010457907063e+01,0.000000000000000000e+00,0.000000000000000000e+00
2.113659692045679961e+01,0.000000000000000000e+00,0.000000000000000000e+00
1.980444882527114814e+01,0.000000000000000000e+00,0.000000000000000000e+00
2.306068593496024022e+01,0.000000000000000000e+00,0.000000000000000000e+00
2.280594756971597548e+01,0.000000000000000000e+00,0.000000000000000000e+00
1.953215485302957433e+01,0.000000000000000000e+00,0.000000000000000000e+00
1.843515840147777496e+01,0.000000000000000000e+00,0.000000000000000000e+00
2.074794124354475855e+01,0.000000000000000000e+00,0.000000000000000000e+00
1.850935802715096656e+01,0.000000000000000000e+00,0.000000000000000000e+00
1.594499035274821885e+01,0.000000000000000000e+00,0.000000000000000000e+00
1.960424945943063690e+01,0.000000000000000000e+00,0.000000000000000000e+00
1.738150057034011553e+01,0.000000000000000000e+00,0.000000000000000000e+00
2.069009701906197307e+01,0.000000000000000000e+00,0.000000000000000000e+00
1.771398782284031981e+01,0.000000000000000000e+00,0.000000000000000000e+00
2.094395878142290712e+01,0.000000000000000000e+00,0.000000000000000000e+00
2.121971674084742787e+01,0.000000000000000000e+00,0.000000000000000000e+00
2.129284375534885498e+01,0.000000000000000000e+00,0.000000000000000000e+00
1.668868662222561738e+01,0.000000000000000000e+00,0.000000000000000000e+00
1.931839919896696145e+01,0.000000000000000000e+00,0.000000000000000000e+00
1.683084475662073842e+01,0.000000000000000000e+00,0.000000000000000000e+00
1.608546536120658388e+01,0.000000000000000000e+00,0.000000000000000000e+00
2.142842845532406670e+01,0.000000000000000000e+00,0.000000000000000000e+00
1.669152061368863116e+01,0.000000000000000000e+00,0.000000000000000000e+00
2.040808687846104519e+01,0.000000000000000000e+00,0.000000000000000000e+00
2.307875212319715530e+01,0.000000000000000000e+00,0.000000000000000000e+00
1.706320177027227203e+01,0.000000000000000000e+00,0.000000000000000000e+00
1.726064123027226671e+01,0.000000000000000000e+00,0.000000000000000000e+00
1.663439273340541646e+01,0.000000000000000000e+00,0.000000000000000000e+00
2.110348004641486952e+01,0.000000000000000000e+00,0.000000000000000000e+00
2.005893061056347193e+01,0.000000000000000000e+00,0.000000000000000000e+00
1.688878035939226763e+01,0.000000000000000000e+00,0.000000000000000000e+00
1.756770347778923735e+01,0.000000000000000000e+00,0.000000000000000000e+00
2.273013201668212702e+01,0.000000000000000000e+00,0.000000000000000000e+00
1.919164358254062464e+01,0.000000000000000000e+00,0.000000000000000000e+00
1.829731205288577911e+01,0.000000000000000000e+00,0.000000000000000000e+00
2.100081579080858063e+01,0.000000000000000000e+00,0.000000000000000000e+00
2.088132364583239919e+01,0.000000000000000000e+00,0.000000000000000000e+00
1.993011472941676487e+01,0.000000000000000000e+00,0.000000000000000000e+00
2.238910860274044268e+01,0.000000000000000000e+00,0.000000000000000000e+00
2.224408677943431556e+01,0.000000000000000000e+00,0.000000000000000000e+00
2.396008921530226843e+01,0.000000000000000000e+00,0.000000000000000000e+00
1.947320400019977171e+01,0.000000000000000000e+00,0.000000000000000000e+00
2.086757966694048605e+01,0.000000000000000000e+00,0.000000000000000000e+00
1.981767408005196529e+01,0.000000000000000000e+00,0.000000000000000000e+00
2.080567998975122990e+01,0.000000000000000000e+00,0.000000000000000000e+00
1.989777543819334937e+01,0.000000000000000000e+00,0.000000000000000000e+00
1.483190288125216583e+01,0.000000000000000000e+00,0.000000000000000000e+00
2.234974160577039015e+01,0.000000000000000000e+00,0.000000000000000000e+00
2.214609210886967361e+01,0.000000000000000000e+00,0.000000000000000000e+00
1.727017151361662073e+01,0.000000000000000000e+00,0.000000000000000000e+00
1.885059512289302575e+01,0.000000000000000000e+00,0.000000000000000000e+00
1.828431698928696036e+01,0.000000000000000000e+00,0.000000000000000000e+00
1.818729733548229177e+01,0.000000000000000000e+00,0.000000000000000000e+00
1.961729235892137169e+01,0.000000000000000000e+00,0.000000000000000000e+00
1.794169010480888460e+01,0.000000000000000000e+00,0.000000000000000000e+00
1.566331384653150494e+01,0.000000000000000000e+00,0.000000000000000000e+00
2.079697950240499082e+01,0.000000000000000000e+00,0.000000000000000000e+00
1.915828843650059099e+01,0.000000000000000000e+00,0.000000000000000000e+00
2.028632107979873922e+01,0.000000000000000000e+00,0.000000000000000000e+00
2.279386783753899692e+01,0.000000000000000000e+00,0.000000000000000000e+00
1.774861320369671702e+01,0.000000000000000000e+00,0.000000000000000000e+00
1.779584103809418849e+01,0.000000000000000000e+00,0.000000000000000000e+00
2.052817703462945786e+01,0.000000000000000000e+00,0.000000000000000000e+00
1.845755633210804447e+01,0.000000000000000000e+00,0.000000000000000000e+00
2.010668581636895880e+01,0.000000000000000000e+00,0.000000000000000000e+00
2.017561241423601359e+01,0.000000000000000000e+00,0.000000000000000000e+00
2.038515267009330856e+01,0.000000000000000000e+00,0.000000000000000000e+00
2.255567645109164943e+01,0.000000000000000000e+00,0.000000000000000000e+00
1.978734670692608333e+01,0.000000000000000000e+00,0.000000000000000000e+00
1.753994442556756894e+01,0.000000000000000000e+00,0.000000000000000000e+00
1.831685025836429759e+01,0.000000000000000000e+00,0.000000000000000000e+00
1.863615447333084063e+01,0.000000000000000000e+00,0.000000000000000000e+00
1.947928239813612095e+01,0.000000000000000000e+00,0.000000000000000000e+00
1.950572742691558759e+01,0.000000000000000000e+00,0.000000000000000000e+00
2.067465482419899558e+01,0.000000000000000000e+00,0.000000000000000000e+00
1.859946413611984894e+01,0.000000000000000000e+00,0.000000000000000000e+00
2.415850443688417570e+01,0.000000000000000000e+00,0.000000000000000000e+00
2.156178544662628482e+01,0.000000000000000000e+00,0.000000000000000000e+00
1.761769966696154910e+01,0.000000000000000000e+00,0.000000000000000000e+00
2.413303100568130333e+01,0.000000000000000000e+00,0.000000000000000000e+00
1.769485235952584645e+01,0.000000000000000000e+00,0.000000000000000000e+00
1.862355181072267030e+01,0.000000000000000000e+00,0.000000000000000000e+00
2.226138043944275324e+01,0.000000000000000000e+00,0.000000000000000000e+00
1.954405952020603365e+01,0.000000000000000000e+00,0.000000000000000000e+00
1.924597315069178549e+01,0.000000000000000000e+00,0.000000000000000000e+00
2.038054193445977447e+01,0.000000000000000000e+00,0.000000000000000000e+00
2.244309941194788749e+01,0.000000000000000000e+00,0.000000000000000000e+00
2.188330783970253535e+01,0.000000000000000000e+00,0.000000000000000000e+00
1.898187557731948161e+01,0.000000000000000000e+00,0.000000000000000000e+00
1.927742996127604513e+01,0.000000000000000000e+00,0.000000000000000000e+00
2.374746965469146431e+01,0.000000000000000000e+00,0.000000000000000000e+00
2.113582856271601074e+01,0.000000000000000000e+00,0.000000000000000000e+00
2.301926542940670828e+01,0.000000000000000000e+00,0.000000000000000000e+00
2.262369299358550734e+01,0.000000000000000000e+00,0.000000000000000000e+00
2.047824514354011427e+01,0.000000000000000000e+00,0.000000000000000000e+00
2.490714598053759943e+01,0.000000000000000000e+00,0.000000000000000000e+00
2.150409660979268622e+01,0.000000000000000000e+00,0.000000000000000000e+00
2.343265231152629724e+01,0.000000000000000000e+00,0.000000000000000000e+00
2.251226723452860767e+01,0.000000000000000000e+00,0.000000000000000000e+00
1.598788387190159632e+01,0.000000000000000000e+00,0.000000000000000000e+00
1.861742393065210877e+01,0.000000000000000000e+00,0.000000000000000000e+00
2.003380124242811178e+01,0.000000000000000000e+00,0.000000000000000000e+00
2.262508666450622030e+01,0.000000000000000000e+00,0.000000000000000000e+00
2.139232870016093457e+01,0.000000000000000000e+00,0.000000000000000000e+00
2.352399038856172808e+01,0.000000000000000000e+00,0.000000000000000000e+00
2.148442085507707588e+01,0.000000000000000000e+00,0.000000000000000000e+00
2.201095410535629426e+01,0.000000000000000000e+00,0.000000000000000000e+00
1.859651943805278762e+01,0.000000000000000000e+00,0.000000000000000000e+00
2.023847876472872542e+01,0.000000000000000000e+00,0.000000000000000000e+00
2.088195930480528517e+01,0.000000000000000000e+00,0.000000000000000000e+00
2.180354741861663470e+01,0.000000000000000000e+00,0.000000000000000000e+00
2.115541265963349105e+01,0.000000000000000000e+00,0.000000000000000000e+00
2.264640408435601415e+01,0.000000000000000000e+00,0.000000000000000000e+00
1.952927198454409208e+01,0.000000000000000000e+00,0.000000000000000000e+00
2.040533769429634603e+01,0.000000000000000000e+00,0.000000000000000000e+00
1.804699685392463948e+01,0.000000000000000000e+00,0.000000000000000000e+00
2.061297960789201511e+01,0.000000000000000000e+00,0.000000000000000000e+00
2.306098541207652630e+01,0.000000000000000000e+00,0.000000000000000000e+00
2.098241549215536139e+01,0.000000000000000000e+00,0.000000000000000000e+00
2.135595327380443109e+01,0.000000000000000000e+00,0.000000000000000000e+00
1.995216171548257478e+01,0.000000000000000000e+00,0.000000000000000000e+00
2.034562681293617814e+01,0.000000000000000000e+00,0.000000000000000000e+00
1.947706265812240645e+01,0.000000000000000000e+00,0.000000000000000000e+00
1.664039406941361676e+01,0.000000000000000000e+00,0.000000000000000000e+00
2.036263829850846818e+01,0.000000000000000000e+00,0.000000000000000000e+00
2.183279383655037975e+01,0.000000000000000000e+00,0.000000000000000000e+00
2.401095574381235664e+01,0.000000000000000000e+00,0.000000000000000000e+00
2.349891609065969433e+01,0.000000000000000000e+00,0.000000000000000000e+00
1.954993986795398442e+01,0.000000000000000000e+00,0.000000000000000000e+00
2.057653377379786974e+01,0.000000000000000000e+00,0.000000000000000000e+00
2.169001697512940652e+01,0.000000000000000000e+00,0.000000000000000000e+00
2.022209885673110463e+01,0.000000000000000000e+00,0.000000000000000000e+00
2.146713631898239427e+01,0.000000000000000000e+00,0.000000000000000000e+00
2.251512149498378790e+01,0.000000000000000000e+00,0.000000000000000000e+00
2.498961563125313745e+01,0.000000000000000000e+00,0.000000000000000000e+00
2.200928483887182097e+01,0.000000000000000000e+00,0.000000000000000000e+00
2.508405741667599287e+01,0.000000000000000000e+00,0.000000000000000000e+00
2.301985159755631116e+01,0.000000000000000000e+00,0.000000000000000000e+00
2.259718876777182928e+01,0.000000000000000000e+00,0.000000000000000000e+00
1.602358538452985215e+01,0.000000000000000000e+00,0.000000000000000000e+00
1.860027143692123275e+01,0.000000000000000000e+00,0.000000000000000000e+00
2.198949465779857704e+01,0.000000000000000000e+00,0.000000000000000000e+00
1.629871824040819916e+01,0.000000000000000000e+00,0.000000000000000000e+00
2.404366678515048861e+01,0.000000000000000000e+00,0.000000000000000000e+00
1.953329545414691992e+01,0.000000000000000000e+00,0.000000000000000000e+00
1.969228086228472208e+01,0.000000000000000000e+00,0.000000000000000000e+00
1.981171043141586097e+01,0.000000000000000000e+00,0.000000000000000000e+00
2.184353881764112160e+01,0.000000000000000000e+00,0.000000000000000000e+00
2.364267319954384305e+01,0.000000000000000000e+00,0.000000000000000000e+00
2.450290418435132977e+01,0.000000000000000000e+00,0.000000000000000000e+00
2.046878819276012251e+01,0.000000000000000000e+00,0.000000000000000000e+00
2.134561864092254169e+01,0.000000000000000000e+00,0.000000000000000000e+00
2.079219172899334112e+01,0.000000000000000000e+00,0.000000000000000000e+00
2.257775306055196296e+01,0.000000000000000000e+00,0.000000000000000000e+00
2.151309631810116585e+01,0.000000000000000000e+00,0.000000000000000000e+00
2.524463292904210121e+01,0.000000000000000000e+00,0.000000000000000000e+00
2.103822163518098876e+01,0.000000000000000000e+00,0.000000000000000000e+00
2.500555633815849887e+01,0.000000000000000000e+00,0.000000000000000000e+00
2.068950419685359066e+01,0.000000000000000000e+00,0.000000000000000000e+00
2.208623047364410752e+01,0.000000000000000000e+00,0.000000000000000000e+00
2.324500995922127800e+01,0.000000000000000000e+00,0.000000000000000000e+00
1.967889940104783975e+01,0.000000000000000000e+00,0.000000000000000000e+00
1.841107702346882746e+01,0.000000000000000000e+00,0.000000000000000000e+00
2.341174126819518264e+01,0.000000000000000000e+00,0.000000000000000000e+00
2.261347045499000075e+01,0.000000000000000000e+00,0.000000000000000000e+00
1.985949239092749252e+01,0.000000000000000000e+00,0.000000000000000000e+00
2.460835583940701454e+01,0.000000000000000000e+00,0.000000000000000000e+00
2.286817880798469105e+01,0.000000000000000000e+00,0.000000000000000000e+00
2.287440428172503459e+01,0.000000000000000000e+00,0.000000000000000000e+00
2.360095784485479697e+01,0.000000000000000000e+00,0.000000000000000000e+00
2.113950295389188838e+01,0.000000000000000000e+00,0.000000000000000000e+00
2.312657565267423365e+01,0.000000000000000000e+00,0.000000000000000000e+00
2.284617290692675695e+01,0.000000000000000000e+00,0.000000000000000000e+00
2.116447139009777700e+01,0.000000000000000000e+00,0.000000000000000000e+00
2.121002154277721630e+01,0.000000000000000000e+00,0.000000000000000000e+00
2.403159936868770075e+01,0.000000000000000000e+00,0.000000000000000000e+00
2.352274174420379538e+01,0.000000000000000000e+00,0.000000000000000000e+00
2.118012955367788663e+01,0.000000000000000000e+00,0.000000000000000000e+00
2.096636756539147584e+01,0.000000000000000000e+00,0.000000000000000000e+00
2.412906888454391208e+01,0.000000000000000000e+00,0.000000000000000000e+00
2.642906317832088448e+01,0.000000000000000000e+00,0.000000000000000000e+00
2.270483182458959703e+01,0.000000000000000000e+00,0.000000000000000000e+00
2.330161863019581858e+01,0.000000000000000000e+00,0.000000000000000000e+00
2.217404569180602536e+01,0.000000000000000000e+00,0.000000000000000000e+00
2.146339018060736237e+01,0.000000000000000000e+00,0.000000000000000000e+00
2.396262071654614090e+01,0.000000000000000000e+00,0.000000000000000000e+00
2.003141991708785241e+01,0.000000000000000000e+00,0.000000000000000000e+00
2.353398943396921084e+01,0.000000000000000000e+00,0.000000000000000000e+00
2.522595444274398702e+01,0.000000000000000000e+00,0.000000000000000000e+00
2.378570155592616331e+01,0.000000000000000000e+00,0.000000000000000000e+00
2.824871766306250720e+01,0.000000000000000000e+00,0.000000000000000000e+00
2.142443237755253449e+01,0.000000000000000000e+00,0.000000000000000000e+00
2.502288008848302070e+01,0.000000000000000000e+00,0.000000000000000000e+00
2.438341862160087814e+01,0.000000000000000000e+00,0.000000000000000000e+00
2.298648704519327524e+01,0.000000000000000000e+00,0.000000000000000000e+00
1.873381945226543976e+01,0.000000000000000000e+00,0.000000000000000000e+00
2.504177918239939871e+01,0.000000000000000000e+00,0.000000000000000000e+00
2.240423608988090365e+01,0.000000000000000000e+00,0.000000000000000000e+00
2.257564802195386022e+01,0.000000000000000000e+00,0.000000000000000000e+00
2.099599589602204830e+01,0.000000000000000000e+00,0.000000000000000000e+00
2.579692238442877894e+01,0.000000000000000000e+00,0.000000000000000000e+00
2.212649741123291847e+01,0.000000000000000000e+00,0.000000000000000000e+00
2.181705834310707814e+01,0.000000000000000000e+00,0.000000000000000000e+00
2.744888293899938603e+01,0.000000000000000000e+00,0.000000000000000000e+00
2.480090201929156279e+01,0.000000000000000000e+00,0.000000000000000000e+00
2.276772729423788633e+01,0.000000000000000000e+00,0.000000000000000000e+00
2.428286641565109250e+01,0.000000000000000000e+00,0.000000000000000000e+00
2.815516796974673497e+01,0.000000000000000000e+00,0.000000000000000000e+00
2.439001665576315148e+01,0.000000000000000000e+00,0.000000000000000000e+00
2.433379179559408811e+01,0.000000000000000000e+00,0.000000000000000000e+00
2.081843460255161560e+01,0.000000000000000000e+00,0.000000000000000000e+00
2.340541731512676549e+01,0.000000000000000000e+00,0.000000000000000000e+00
2.809454371949410501e+01,0.000000000000000000e+00,0.000000000000000000e+00
2.217802073617093228e+01,0.000000000000000000e+00,0.000000000000000000e+00
2.484465421911515293e+01,0.000000000000000000e+00,0.000000000000000000e+00
2.761286144007294396e+01,0.000000000000000000e+00,0.000000000000000000e+00
2.199054057999341438e+01,0.000000000000000000e+00,0.000000000000000000e+00
2.388074773347076274e+01,0.000000000000000000e+00,0.000000000000000000e+00
2.222245479552851322e+01,0.000000000000000000e+00,0.000000000000000000e+00
2.568814134621878509e+01,0.000000000000000000e+00,0.000000000000000000e+00
2.279056151377703188e+01,0.000000000000000000e+00,0.000000000000000000e+00
2.249818707567621345e+01,0.000000000000000000e+00,0.000000000000000000e+00
2.436585148486565799e+01,0.000000000000000000e+00,0.000000000000000000e+00
2.707166985795668879e+01,0.000000000000000000e+00,0.000000000000000000e+00
2.601177892972024353e+01,0.000000000000000000e+00,0.000000000000000000e+00
2.485193489941419642e+01,0.000000000000000000e+00,0.000000000000000000e+00
2.509857017212589270e+01,0.000000000000000000e+00,0.000000000000000000e+00
2.378096490908092875e+01,0.000000000000000000e+00,0.000000000000000000e+00
2.564220020048373527e+01,0.000000000000000000e+00,0.000000000000000000e+00
2.584345731141794644e+01,0.000000000000000000e+00,0.000000000000000000e+00
2.560187366411760124e+01,0.000000000000000000e+00,0.000000000000000000e+00
2.224052911010583244e+01,0.000000000000000000e+00,0.000000000000000000e+00
2.503837614139730761e+01,0.000000000000000000e+00,0.000000000000000000e+00
2.583803807477093173e+01,0.000000000000000000e+00,0.000000000000000000e+00
2.319429586867944337e+01,0.000000000000000000e+00,0.000000000000000000e+00
2.494835514382203101e+01,0.000000000000000000e+00,0.000000000000000000e+00
2.333834176490839241e+01,0.000000000000000000e+00,0.000000000000000000e+00
2.632539308529486988e+01,0.000000000000000000e+00,0.000000000000000000e+00
2.220130503638118213e+01,0.000000000000000000e+00,0.000000000000000000e+00
2.559411081096419238e+01,0.000000000000000000e+00,0.000000000000000000e+00
2.733883247466922128e+01,0.000000000000000000e+00,0.000000000000000000e+00
2.660881425579766812e+01,0.000000000000000000e+00,0.000000000000000000e+00
2.162587856080120474e+01,0.000000000000000000e+00,0.000000000000000000e+00
2.674085404487526674e+01,0.000000000000000000e+00,0.000000000000000000e+00
2.660649503764603807e+01,0.000000000000000000e+00,0.000000000000000000e+00
2.614952799632898461e+01,0.000000000000000000e+00,0.000000000000000000e+00
2.885967913258264161e+01,0.000000000000000000e+00,0.000000000000000000e+00
2.856937226702089205e+01,0.000000000000000000e+00,0.000000000000000000e+00
2.535029780222911810e+01,0.000000000000000000e+00,0.000000000000000000e+00
2.689130320806725294e+01,0.000000000000000000e+00,0.000000000000000000e+00
2.751403340031174594e+01,0.000000000000000000e+00,0.000000000000000000e+00
2.512604984467955660e+01,0.000000000000000000e+00,0.000000000000000000e+00
2.306222102197433088e+01,0.000000000000000000e+00,0.000000000000000000e+00
2.810246167683635221e+01,0.000000000000000000e+00,0.000000000000000000e+00
2.529058203806349070e+01,0.000000000000000000e+00,0.000000000000000000e+00
2.777966545005852694e+01,0.000000000000000000e+00,0.000000000000000000e+00
2.800409034548769682e+01,0.000000000000000000e+00,0.000000000000000000e+00
2.671053581425135803e+01,0.000000000000000000e+00,0.000000000000000000e+00
2.436866032575508001e+01,0.000000000000000000e+00,0.000000000000000000e+00
2.695251404929611638e+01,0.000000000000000000e+00,0.000000000000000000e+00
3.015677475464218915e+01,0.000000000000000000e+00,0.000000000000000000e+00
2.756056809181642109e+01,0.000000000000000000e+00,0.000000000000000000e+00
2.647831822067318797e+01,0.000000000000000000e+00,0.000000000000000000e+00
2.883605127808168689e+01,0.000000000000000000e+00,0.000000000000000000e+00
2.889958588291728958e+01,0.000000000000000000e+00,0.000000000000000000e+00
2.964701056068974339e+01,0.000000000000000000e+00,0.000000000000000000e+00
2.650942809599200700e+01,0.000000000000000000e+00,0.000000000000000000e+00
2.763415417983146583e+01,0.000000000000000000e+00,0.000000000000000000e+00
2.939891856979915374e+01,0.000000000000000000e+00,0.000000000000000000e+00
2.904431273295189442e+01,0.000000000000000000e+00,0.000000000000000000e+00
2.505509292607965932e+01,0.000000000000000000e+00,0.000000000000000000e+00
2.563134363442849306e+01,0.000000000000000000e+00,0.000000000000000000e+00
3.004228342283756348e+01,0.000000000000000000e+00,0.000000000000000000e+00
2.988152875790872542e+01,0.000000000000000000e+00,0.000000000000000000e+00
2.740937557649215250e+01,0.000000000000000000e+00,0.000000000000000000e+00
3.047202259692005200e+01,0.000000000000000000e+00,0.000000000000000000e+00
3.019085215218539275e+01,0.000000000000000000e+00,0.000000000000000000e+00
2.836155136315446867e+01,0.000000000000000000e+00,0.000000000000000000e+00
2.882019969449798324e+01,0.000000000000000000e+00,0.000000000000000000e+00
2.860629739970158170e+01,0.000000000000000000e+00,0.000000000000000000e+00
2.734237495741647095e+01,0.000000000000000000e+00,0.000000000000000000e+00
2.955202984003809519e+01,0.000000000000000000e+00,0.000000000000000000e+00
2.620278086860581368e+01,0.000000000000000000e+00,0.000000000000000000e+00
2.821268389758907702e+01,0.000000000000000000e+00,0.000000000000000000e+00
2.736976706627226363e+01,0.000000000000000000e+00,0.000000000000000000e+00
2.666682581879266678e+01,0.000000000000000000e+00,0.000000000000000000e+00
2.619341924786045794e+01,0.000000000000000000e+00,0.000000000000000000e+00
3.181956205204025423e+01,0.000000000000000000e+00,0.000000000000000000e+00
2.785072621802086701e+01,0.000000000000000000e+00,0.000000000000000000e+00
2.887836505524910891e+01,0.000000000000000000e+00,0.000000000000000000e+00
2.691635480249606260e+01,0.000000000000000000e+00,0.000000000000000000e+00
2.826046660688997392e+01,0.000000000000000000e+00,0.000000000000000000e+00
2.622684896504151197e+01,0.000000000000000000e+00,0.000000000000000000e+00
2.846007090338890322e+01,0.000000000000000000e+00,0.000000000000000000e+00
2.841299998176029362e+01,0.000000000000000000e+00,0.000000000000000000e+00
2.606193463070415461e+01,0.000000000000000000e+00,0.000000000000000000e+00
2.613240743150754497e+01,0.000000000000000000e+00,0.000000000000000000e+00
3.128308376650351974e+01,0.000000000000000000e+00,0.000000000000000000e+00
2.878217172247396860e+01,0.000000000000000000e+00,0.000000000000000000e+00
2.790204955411500620e+01,0.000000000000000000e+00,0.000000000000000000e+00
2.902103962080337851e+01,0.000000000000000000e+00,0.000000000000000000e+00
2.654440900595277952e+01,0.000000000000000000e+00,0.000000000000000000e+00
2.945444393087036161e+01,0.000000000000000000e+00,0.000000000000000000e+00
3.259268750912499257e+01,0.000000000000000000e+00,0.000000000000000000e+00
2.581203945620529794e+01,0.000000000000000000e+00,0.000000000000000000e+00
3.212251173256293413e+01,0.000000000000000000e+00,0.000000000000000000e+00
2.609072078819872686e+01,0.000000000000000000e+00,0.000000000000000000e+00
3.257439665672082185e+01,0.000000000000000000e+00,0.000000000000000000e+00
2.982790067963258807e+01,0.000000000000000000e+00,0.000000000000000000e+00
3.282735739967782962e+01,0.000000000000000000e+00,0.000000000000000000e+00
2.866436140001062327e+01,0.000000000000000000e+00,0.000000000000000000e+00
2.650117316326667805e+01,0.000000000000000000e+00,0.000000000000000000e+00
2.928373165941750500e+01,0.000000000000000000e+00,0.000000000000000000e+00
3.185023828104190358e+01,0.000000000000000000e+00,0.000000000000000000e+00
2.927033867135905609e+01,0.000000000000000000e+00,0.000000000000000000e+00
3.006784944323744213e+01,0.000000000000000000e+00,0.000000000000000000e+00
3.446733038198016175e+01,0.000000000000000000e+00,0.000000000000000000e+00
2.984030144448361810e+01,0.000000000000000000e+00,0.000000000000000000e+00
3.239509512561392057e+01,0.000000000000000000e+00,0.000000000000000000e+00
3.159841997329792562e+01,0.000000000000000000e+00,0.000000000000000000e+00
3.025351318365728304e+01,0.000000000000000000e+00,0.000000000000000000e+00
2.882184436474767963e+01,0.000000000000000000e+00,0.000000000000000000e+00
3.378082514280871607e+01,0.000000000000000000e+00,0.000000000000000000e+00
2.896720852373759669e+01,0.000000000000000000e+00,0.000000000000000000e+00
3.065245505263251502e+01,0.000000000000000000e+00,0.000000000000000000e+00
2.734844302163779872e+01,0.000000000000000000e+00,0.000000000000000000e+00
2.784550155516622638e+01,0.000000000000000000e+00,0.000000000000000000e+00
3.123989925678307955e+01,0.000000000000000000e+00,0.000000000000000000e+00
2.739798845032341390e+01,0.000000000000000000e+00,0.000000000000000000e+00
2.935079067825384413e+01,0.000000000000000000e+00,0.000000000000000000e+00
3.305473692978839040e+01,0.000000000000000000e+00,0.000000000000000000e+00
3.291531031557751419e+01,0.000000000000000000e+00,0.000000000000000000e+00
3.284112545895426649e+01,0.000000000000000000e+00,0.000000000000000000e+00
2.649636896377585416e+01,0.000000000000000000e+00,0.000000000000000000e+00
3.250419830493030560e+01,0.000000000000000000e+00,0.000000000000000000e+00
3.079225345223655097e+01,0.000000000000000000e+00,0.000000000000000000e+00
3.219495221942933227e+01,0.000000000000000000e+00,0.000000000000000000e+00
3.218133253083582446e+01,0.000000000000000000e+00,0.000000000000000000e+00
3.154795238439784200e+01,0.000000000000000000e+00,0.000000000000000000e+00
2.912585408340677873e+01,0.000000000000000000e+00,0.000000000000000000e+00
3.426719878473139858e+01,0.000000000000000000e+00,0.000000000000000000e+00
3.095785835795147634e+01,0.000000000000000000e+00,0.000000000000000000e+00
3.174020957722219549e+01,0.000000000000000000e+00,0.000000000000000000e+00
3.154040450258423078e+01,0.000000000000000000e+00,0.000000000000000000e+00
3.156826903367782933e+01,0.000000000000000000e+00,0.000000000000000000e+00
3.002655549520633826e+01,0.000000000000000000e+00,0.000000000000000000e+00
3.145117305878056158e+01,0.000000000000000000e+00,0.000000000000000000e+00
2.972599166824324612e+01,0.000000000000000000e+00,0.000000000000000000e+00
3.218541188901101435e+01,0.000000000000000000e+00,0.000000000000000000e+00
3.546684627369364051e+01,0.000000000000000000e+00,0.000000000000000000e+00
3.093265529857546881e+01,0.000000000000000000e+00,0.000000000000000000e+00
3.012382822329320220e+01,0.000000000000000000e+00,0.000000000000000000e+00
3.134609862644735756e+01,0.000000000000000000e+00,0.000000000000000000e+00
3.391478924748292201e+01,0.000000000000000000e+00,0.000000000000000000e+00
3.161505779730015675e+01,0.000000000000000000e+00,0.000000000000000000e+00
3.522250292071836952e+01,0.000000000000000000e+00,0.000000000000000000e+00
3.392613658352237849e+01,0.000000000000000000e+00,0.000000000000000000e+00
3.140403595088121946e+01,0.000000000000000000e+00,0.000000000000000000e+00
3.039476237337570907e+01,0.000000000000000000e+00,0.000000000000000000e+00
3.306072072445673626e+01,0.000000000000000000e+00,0.000000000000000000e+00
3.480891498587511279e+01,0.000000000000000000e+00,0.000000000000000000e+00
3.359299909664404993e+01,0.000000000000000000e+00,0.000000000000000000e+00
3.347110422189368251e+01,0.000000000000000000e+00,0.000000000000000000e+00
3.468487994920953810e+01,0.000000000000000000e+00,0.000000000000000000e+00
3.373365524431699214e+01,0.000000000000000000e+00,0.000000000000000000e+00
3.693027771324877051e+01,0.000000000000000000e+00,0.000000000000000000e+00
3.230233942697974214e+01,0.000000000000000000e+00,0.000000000000000000e+00
3.148213848888440936e+01,0.000000000000000000e+00,0.000000000000000000e+00
3.454087651064026687e+01,0.000000000000000000e+00,0.000000000000000000e+00
3.716184872785353122e+01,0.000000000000000000e+00,0.000000000000000000e+00
3.315892797497783562e+01,0.000000000000000000e+00,0.000000000000000000e+00
3.490862146333701332e+01,0.000000000000000000e+00,0.000000000000000000e+00
3.429817792657237163e+01,0.000000000000000000e+00,0.000000000000000000e+00
3.189329038197936228e+01,0.000000000000000000e+00,0.000000000000000000e+00
3.350902744943613953e+01,0.000000000000000000e+00,0.000000000000000000e+00
3.398522561768587735e+01,0.000000000000000000e+00,0.000000000000000000e+00
3.150209283960395723e+01,0.000000000000000000e+00,0.000000000000000000e+00
3.350082145244419252e+01,0.000000000000000000e+00,0.000000000000000000e+00
3.223005580338965359e+01,0.000000000000000000e+00,0.000000000000000000e+00
3.680527769808432481e+01,0.000000000000000000e+00,0.000000000000000000e+00
3.253335329828325229e+01,0.000000000000000000e+00,0.000000000000000000e+00
3.244760500514932744e+01,0.000000000000000000e+00,0.000000000000000000e+00
3.798566582806147807e+01,0.000000000000000000e+00,0.000000000000000000e+00
3.225192203346648512e+01,0.000000000000000000e+00,0.000000000000000000e+00
3.435438667311753136e+01,0.000000000000000000e+00,0.000000000000000000e+00
3.625404969846525916e+01,0.000000000000000000e+00,0.000000000000000000e+00
3.450023044935925753e+01,0.000000000000000000e+00,0.000000000000000000e+00
3.462001523275503700e+01,0.000000000000000000e+00,0.000000000000000000e+00
3.402307364988271132e+01,0.000000000000000000e+00,0.000000000000000000e+00
3.573637912129093763e+01,0.000000000000000000e+00,0.000000000000000000e+00
3.545564008852730353e+01,0.000000000000000000e+00,0.000000000000000000e+00
3.307250083882212266e+01,0.000000000000000000e+00,0.000000000000000000e+00
3.638494316357196112e+01,0.000000000000000000e+00,0.000000000000000000e+00
3.750713275635524013e+01,0.000000000000000000e+00,0.000000000000000000e+00
3.498159152792233328e+01,0.000000000000000000e+00,0.000000000000000000e+00
2.977246229933668431e+01,0.000000000000000000e+00,0.000000000000000000e+00
3.481804975146211945e+01,0.000000000000000000e+00,0.000000000000000000e+00
3.434716671587415249e+01,0.000000000000000000e+00,0.000000000000000000e+00
3.864028868626986934e+01,0.000000000000000000e+00,0.000000000000000000e+00
3.839468488638951271e+01,0.000000000000000000e+00,0.000000000000000000e+00
3.667028592556842170e+01,0.000000000000000000e+00,0.000000000000000000e+00
3.690592269282517890e+01,0.000000000000000000e+00,0.000000000000000000e+00
3.170392684360163216e+01,0.000000000000000000e+00,0.000000000000000000e+00
3.468953508103074768e+01,0.000000000000000000e+00,0.000000000000000000e+00
3.761120411616148829e+01,0.000000000000000000e+00,0.000000000000000000e+00
3.662679918756353459e+01,0.000000000000000000e+00,0.000000000000000000e+00
3.581751705318256285e+01,0.000000000000000000e+00,0.000000000000000000e+00
3.335474813174953823e+01,0.000000000000000000e+00,0.000000000000000000e+00
3.532093862920371663e+01,0.000000000000000000e+00,0.000000000000000000e+00
3.699865523870246875e+01,0.000000000000000000e+00,0.000000000000000000e+00
3.834472063604550840e+01,0.000000000000000000e+00,0.000000000000000000e+00
3.798312922591674123e+01,0.000000000000000000e+00,0.000000000000000000e+00
3.939570725584172095e+01,0.000000000000000000e+00,0.000000000000000000e+00
3.780266490736578078e+01,0.000000000000000000e+00,0.000000000000000000e+00
3.688058236355860231e+01,0.000000000000000000e+00,0.000000000000000000e+00
3.532363526237383411e+01,0.000000000000000000e+00,0.000000000000000000e+00
3.479258688414573442e+01,0.000000000000000000e+00,0.000000000000000000e+00
3.430518657720989495e+01,0.000000000000000000e+00,0.000000000000000000e+00
3.330101142397286651e+01,0.000000000000000000e+00,0.000000000000000000e+00
3.496766380549228614e+01,0.000000000000000000e+00,0.000000000000000000e+00
3.554285188394727868e+01,0.000000000000000000e+00,0.000000000000000000e+00
3.585588156074207689e+01,0.000000000000000000e+00,0.000000000000000000e+00
3.839077180459889860e+01,0.000000000000000000e+00,0.000000000000000000e+00
3.513395134340739645e+01,0.000000000000000000e+00,0.000000000000000000e+00
3.554277501529122674e+01,0.000000000000000000e+00,0.000000000000000000e+00
3.707672058223223388e+01,0.000000000000000000e+00,0.000000000000000000e+00
3.924511264303531277e+01,0.000000000000000000e+00,0.000000000000000000e+00
3.508400936218976796e+01,0.000000000000000000e+00,0.000000000000000000e+00
3.826707413706791527e+01,0.000000000000000000e+00,0.000000000000000000e+00
3.962680630321395370e+01,0.000000000000000000e+00,0.000000000000000000e+00
3.874443299129166718e+01,0.000000000000000000e+00,0.000000000000000000e+00
3.559044767234811957e+01,0.000000000000000000e+00,0.000000000000000000e+00
3.882682643923421750e+01,0.000000000000000000e+00,0.000000000000000000e+00
3.481101013803816357e+01,0.000000000000000000e+00,0.000000000000000000e+00
3.706562795825915657e+01,0.000000000000000000e+00,0.000000000000000000e+00
3.508273965392563554e+01,0.000000000000000000e+00,0.000000000000000000e+00
3.985489299141531205e+01,0.000000000000000000e+00,0.000000000000000000e+00
4.039887198598532336e+01,0.000000000000000000e+00,0.000000000000000000e+00
3.444492158661761039e+01,0.000000000000000000e+00,0.000000000000000000e+00
3.938284270144804822e+01,0.000000000000000000e+00,0.000000000000000000e+00
3.572105854559099924e+01,0.000000000000000000e+00,0.000000000000000000e+00
3.481224606304275682e+01,0.000000000000000000e+00,0.000000000000000000e+00
4.041235033210254812e+01,0.000000000000000000e+00,0.000000000000000000e+00
3.776193406743893632e+01,0.000000000000000000e+00,0.000000000000000000e+00
3.876260985938655779e+01,0.000000000000000000e+00,0.000000000000000000e+00
3.905601296370149811e+01,0.000000000000000000e+00,0.000000000000000000e+00
3.850029109928784266e+01,0.000000000000000000e+00,0.000000000000000000e+00
4.000034998738875203e+01,0.000000000000000000e+00,0.000000000000000000e+00
3.789619992229798129e+01,0.000000000000000000e+00,0.000000000000000000e+00
3.914776466489976059e+01,0.000000000000000000e+00,0.000000000000000000e+00
3.850079420019074661e+01,0.000000000000000000e+00,0.000000000000000000e+00
3.967115923559424573e+01,0.000000000000000000e+00,0.000000000000000000e+00
3.797097866336697081e+01,0.000000000000000000e+00,0.000000000000000000e+00
3.892542367850033713e+01,0.000000000000000000e+00,0.000000000000000000e+00
3.953701585240526839e+01,0.000000000000000000e+00,0.000000000000000000e+00
4.060715391877356240e+01,0.000000000000000000e+00,0.000000000000000000e+00
3.559385337320815523e+01,0.000000000000000000e+00,0.000000000000000000e+00
3.780451119963910855e+01,0.000000000000000000e+00,0.000000000000000000e+00
4.082005841839515625e+01,0.000000000000000000e+00,0.000000000000000000e+00
3.892740914135658414e+01,0.000000000000000000e+00,0.000000000000000000e+00
4.144922438309649948e+01,0.000000000000000000e+00,0.000000000000000000e+00
3.783676280863669206e+01,0.000000000000000000e+00,0.000000000000000000e+00
4.239152597881052031e+01,0.000000000000000000e+00,0.000000000000000000e+00
4.210423746974053216e+01,0.000000000000000000e+00,0.000000000000000000e+00
3.453048697597397165e+01,0.000000000000000000e+00,0.000000000000000000e+00
4.196111926589620822e+01,0.000000000000000000e+00,0.000000000000000000e+00
3.933148378303889103e+01,0.000000000000000000e+00,0.000000000000000000e+00
3.839939140533701334e+01,0.000000000000000000e+00,0.000000000000000000e+00
3.675993328108584990e+01,0.000000000000000000e+00,0.000000000000000000e+00
4.123172939422437366e+01,0.000000000000000000e+00,0.000000000000000000e+00
4.008126333607351910e+01,0.000000000000000000e+00,0.000000000000000000e+00
3.904845278181790746e+01,0.000000000000000000e+00,0.000000000000000000e+00
4.160475506107220411e+01,0.000000000000000000e+00,0.000000000000000000e+00
4.027303089379993395e+01,0.000000000000000000e+00,0.000000000000000000e+00
4.113288186278283831e+01,0.000000000000000000e+00,0.000000000000000000e+00
3.974443506612442434e+01,0.000000000000000000e+00,0.000000000000000000e+00
4.080614137607707903e+01,0.000000000000000000e+00,0.000000000000000000e+00
4.237956736680516912e+01,0.000000000000000000e+00,0.000000000000000000e+00
4.197121962054239219e+01,0.000000000000000000e+00,0.000000000000000000e+00
4.165566793396459389e+01,0.000000000000000000e+00,0.000000000000000000e+00
3.958201867905388127e+01,0.000000000000000000e+00,0.000000000000000000e+00
4.265780369462444099e+01,0.000000000000000000e+00,0.000000000000000000e+00
4.544181220313967628e+01,0.000000000000000000e+00,0.000000000000000000e+00
4.155952749580693251e+01,0.000000000000000000e+00,0.000000000000000000e+00
4.086424084833513604e+01,0.000000000000000000e+00,0.000000000000000000e+00
4.318987768920356274e+01,0.000000000000000000e+00,0.000000000000000000e+00
4.010971324026844798e+01,0.000000000000000000e+00,0.000000000000000000e+00
4.169566510479515387e+01,0.000000000000000000e+00,0.000000000000000000e+00
4.227089840964056577e+01,0.000000000000000000e+00,0.000000000000000000e+00
4.317888007526704541e+01,0.000000000000000000e+00,0.000000000000000000e+00
4.298115336299240141e+01,0.000000000000000000e+00,0.000000000000000000e+00
4.416794394533507528e+01,0.000000000000000000e+00,0.000000000000000000e+00
4.267583980579056657e+01,0.000000000000000000e+00,0.000000000000000000e+00
4.083962253507911555e+01,0.000000000000000000e+00,0.000000000000000000e+00
4.346712574550004149e+01,0.000000000000000000e+00,0.000000000000000000e+00
4.523053768126547425e+01,0.000000000000000000e+00,0.000000000000000000e+00
4.611399276178267570e+01,0.000000000000000000e+00,0.000000000000000000e+00
3.890537904674252445e+01,0.000000000000000000e+00,0.000000000000000000e+00
3.856227629263532464e+01,0.000000000000000000e+00,0.000000000000000000e+00
4.334385800336281847e+01,0.000000000000000000e+00,0.000000000000000000e+00
4.585379912105570810e+01,0.000000000000000000e+00,0.000000000000000000e+00
4.327358139134486947e+01,0.000000000000000000e+00,0.000000000000000000e+00
4.189759057972160861e+01,0.000000000000000000e+00,0.000000000000000000e+00
4.292243033583036294e+01,0.000000000000000000e+00,0.000000000000000000e+00
4.441101942452611695e+01,0.000000000000000000e+00,0.000000000000000000e+00
4.491348415172750208e+01,0.000000000000000000e+00,0.000000000000000000e+00
4.159764156556138204e+01,0.000000000000000000e+00,0.000000000000000000e+00
4.020449781086545471e+01,0.000000000000000000e+00,0.000000000000000000e+00
4.031366958856476401e+01,0.000000000000000000e+00,0.000000000000000000e+00
4.191635388563564391e+01,0.000000000000000000e+00,0.000000000000000000e+00
4.391419309707092822e+01,0.000000000000000000e+00,0.000000000000000000e+00
4.717974102130447278e+01,0.000000000000000000e+00,0.000000000000000000e+00
4.471883320302138287e+01,0.000000000000000000e+00,0.000000000000000000e+00
4.624451839503644379e+01,0.000000000000000000e+00,0.000000000000000000e+00
4.365674423813291583e+01,0.000000000000000000e+00,0.000000000000000000e+00
4.402658409353983870e+01,0.000000000000000000e+00,0.000000000000000000e+00
4.449031289370775255e+01,0.000000000000000000e+00,0.000000000000000000e+00
4.437356597102644429e+01,0.000000000000000000e+00,0.000000000000000000e+00
4.551468604798539985e+01,0.000000000000000000e+00,0.000000000000000000e+00
4.744058316281451226e+01,0.000000000000000000e+00,0.000000000000000000e+00
4.367528246187998775e+01,0.000000000000000000e+00,0.000000000000000000e+00
4.596480089223290832e+01,0.000000000000000000e+00,0.000000000000000000e+00
4.730084437997894753e+01,0.000000000000000000e+00,0.000000000000000000e+00
4.677065042835629072e+01,0.000000000000000000e+00,0.000000000000000000e+00
4.218473714566536614e+01,0.000000000000000000e+00,0.000000000000000000e+00
4.638540980005459602e+01,0.000000000000000000e+00,0.000000000000000000e+00
4.563989008691354599e+01,0.000000000000000000e+00,0.000000000000000000e+00
4.251324023167589417e+01,0.000000000000000000e+00,0.000000000000000000e+00
4.081946893304743895e+01,0.000000000000000000e+00,0.000000000000000000e+00
4.532878506848550870e+01,0.000000000000000000e+00,0.000000000000000000e+00
4.523107082026379544e+01,0.000000000000000000e+00,0.000000000000000000e+00
4.300857105151285253e+01,0.000000000000000000e+00,0.000000000000000000e+00
4.719263982047679207e+01,0.000000000000000000e+00,0.000000000000000000e+00
4.394558811298409040e+01,0.000000000000000000e+00,0.000000000000000000e+00
4.715232238649451801e+01,0.000000000000000000e+00,0.000000000000000000e+00
4.567476923991225846e+01,0.000000000000000000e+00,0.000000000000000000e+00
4.727011261713087009e+01,0.000000000000000000e+00,0.000000000000000000e+00
4.834709818628216027e+01,0.000000000000000000e+00,0.000000000000000000e+00
4.244621046053476476e+01,0.000000000000000000e+00,0.000000000000000000e+00
4.671787612363230835e+01,0.000000000000000000e+00,0.000000000000000000e+00
4.756448136129510118e+01,0.000000000000000000e+00,0.000000000000000000e+00
4.841735356348639385e+01,0.000000000000000000e+00,0.000000000000000000e+00
4.655528962820340411e+01,0.000000000000000000e+00,0.000000000000000000e+00
4.129067552286750242e+01,0.000000000000000000e+00,0.000000000000000000e+00
4.745718326332490022e+01,0.000000000000000000e+00,0.000000000000000000e+00
4.869666741155110401e+01,0.000000000000000000e+00,0.000000000000000000e+00
4.685369982645352849e+01,0.000000000000000000e+00,0.000000000000000000e+00
4.744901379733076396e+01,0.000000000000000000e+00,0.000000000000000000e+00
4.902987123849062812e+01,0.000000000000000000e+00,0.000000000000000000e+00
4.718349104022385632e+01,0.000000000000000000e+00,0.000000000000000000e+00
4.592238151405248914e+01,0.000000000000000000e+00,0.000000000000000000e+00
4.456366338130662541e+01,0.000000000000000000e+00,0.000000000000000000e+00
4.513640034899225384e+01,0.000000000000000000e+00,0.000000000000000000e+00
4.363787776492042525e+01,0.000000000000000000e+00,0.000000000000000000e+00
4.712067259945779796e+01,0.000000000000000000e+00,0.000000000000000000e+00
4.775852329858904710e+01,0.000000000000000000e+00,0.000000000000000000e+00
5.071923431854803255e+01,0.000000000000000000e+00,0.000000000000000000e+00
4.554416858637636523e+01,0.000000000000000000e+00,0.000000000000000000e+00
5.007510808581953654e+01,0.000000000000000000e+00,0.000000000000000000e+00
4.733913486248086144e+01,0.000000000000000000e+00,0.000000000000000000e+00
4.926917839926939990e+01,0.000000000000000000e+00,0.000000000000000000e+00
4.642865535273381283e+01,0.000000000000000000e+00,0.000000000000000000e+00
4.923089291170144577e+01,0.000000000000000000e+00,0.000000000000000000e+00
4.815342504126999756e+01,0.000000000000000000e+00,0.000000000000000000e+00
4.910807410797730199e+01,0.000000000000000000e+00,0.000000000000000000e+00
4.720517725830729461e+01,0.000000000000000000e+00,0.000000000000000000e+00
4.742601067629557576e+01,0.000000000000000000e+00,0.000000000000000000e+00
4.643105098932745278e+01,0.000000000000000000e+00,0.000000000000000000e+00
4.921901314126644422e+01,0.000000000000000000e+00,0.000000000000000000e+00
4.916711538954313454e+01,0.000000000000000000e+00,0.000000000000000000e+00
4.872746321693220750e+01,0.000000000000000000e+00,0.000000000000000000e+00
4.889184811248502172e+01,0.000000000000000000e+00,0.000000000000000000e+00
4.827527832320467382e+01,0.000000000000000000e+00,0.000000000000000000e+00
5.288779912338175393e+01,0.000000000000000000e+00,0.000000000000000000e+00
5.018513666707968213e+01,0.000000000000000000e+00,0.000000000000000000e+00
4.987947222878525366e+01,0.000000000000000000e+00,0.000000000000000000e+00
4.846083628039399116e+01,0.000000000000000000e+00,0.000000000000000000e+00
4.980281333782789233e+01,0.000000000000000000e+00,0.000000000000000000e+00
4.852604722784119673e+01,0.000000000000000000e+00,0.000000000000000000e+00
4.580690484341401714e+01,0.000000000000000000e+00,0.000000000000000000e+00
5.429419014210153449e+01,0.000000000000000000e+00,0.000000000000000000e+00
4.967547924822007843e+01,0.000000000000000000e+00,0.000000000000000000e+00
5.142955042993001058e+01,0.000000000000000000e+00,0.000000000000000000e+00
5.078430935772064458e+01,0.000000000000000000e+00,0.000000000000000000e+00
4.872818083198146866e+01,0.000000000000000000e+00,0.000000000000000000e+00
4.904919502306663759e+01,0.000000000000000000e+00,0.000000000000000000e+00
5.112043294277248862e+01,0.000000000000000000e+00,0.000000000000000000e+00
4.980738957002517253e+01,0.000000000000000000e+00,0.000000000000000000e+00
4.797877397609138939e+01,0.000000000000000000e+00,0.000000000000000000e+00
5.620415447297486367e+01,0.000000000000000000e+00,0.000000000000000000e+00
5.173453622641331151e+01,0.000000000000000000e+00,0.000000000000000000e+00
4.866258907774963660e+01,0.000000000000000000e+00,0.000000000000000000e+00
4.948152538044496396e+01,0.000000000000000000e+00,0.000000000000000000e+00
5.134945680549772362e+01,0.000000000000000000e+00,0.000000000000000000e+00
4.840590972417990656e+01,0.000000000000000000e+00,0.000000000000000000e+00
5.076440679863855365e+01,0.000000000000000000e+00,0.000000000000000000e+00
4.920701908648626954e+01,0.000000000000000000e+00,0.000000000000000000e+00
5.252129537088561761e+01,0.000000000000000000e+00,0.000000000000000000e+00
5.053405993139244146e+01,0.000000000000000000e+00,0.000000000000000000e+00
5.121490506563847589e+01,0.000000000000000000e+00,0.000000000000000000e+00
5.663324386537961175e+01,0.000000000000000000e+00,0.000000000000000000e+00
5.084528523748329576e+01,0.000000000000000000e+00,0.000000000000000000e+00
4.682574427196662015e+01,0.000000000000000000e+00,0.000000000000000000e+00
5.481712440832254174e+01,0.000000000000000000e+00,0.000000000000000000e+00
5.216545278460780111e+01,0.000000000000000000e+00,0.000000000000000000e+00
5.151154855143683875e+01,0.000000000000000000e+00,0.000000000000000000e+00
5.132781400560583762e+01,0.000000000000000000e+00,0.000000000000000000e+00
5.470460787483698084e+01,0.000000000000000000e+00,0.000000000000000000e+00
5.265691509830086403e+01,0.000000000000000000e+00,0.000000000000000000e+00
5.105064476884181346e+01,0.000000000000000000e+00,0.000000000000000000e+00
5.267471080116136051e+01,0.000000000000000000e+00,0.000000000000000000e+00
5.278417158402224629e+01,0.000000000000000000e+00,0.000000000000000000e+00
5.336259866585759681e+01,0.000000000000000000e+00,0.000000000000000000e+00
5.353622955250847326e+01,0.000000000000000000e+00,0.000000000000000000e+00
5.231993319349904681e+01,0.000000000000000000e+00,0.000000000000000000e+00
5.122327088350633773e+01,0.000000000000000000e+00,0.000000000000000000e+00
5.054883429058028099e+01,0.000000000000000000e+00,0.000000000000000000e+00
4.836339071005707524e+01,0.000000000000000000e+00,0.000000000000000000e+00
5.206331033346397419e+01,0.000000000000000000e+00,0.000000000000000000e+00
5.344065403553575067e+01,0.000000000000000000e+00,0.000000000000000000e+00
5.322760796140931916e+01,0.000000000000000000e+00,0.000000000000000000e+00
5.371498284044857741e+01,0.000000000000000000e+00,0.000000000000000000e+00
4.893786706330321579e+01,0.000000000000000000e+00,0.000000000000000000e+00
5.241558865119321098e+01,0.000000000000000000e+00,0.000000000000000000e+00
5.271715397267194447e+01,0.000000000000000000e+00,0.000000000000000000e+00
5.191051524115853510e+01,0.000000000000000000e+00,0.000000000000000000e+00
4.932118711722178972e+01,0.000000000000000000e+00,0.000000000000000000e+00
5.801544638220212136e+01,0.000000000000000000e+00,0.000000000000000000e+00
5.434170312998899277e+01,0.000000000000000000e+00,0.000000000000000000e+00
5.346388804891727631e+01,0.000000000000000000e+00,0.000000000000000000e+00
5.216743137873667990e+01,0.000000000000000000e+00,0.000000000000000000e+00
5.863033038290899412e+01,0.000000000000000000e+00,0.000000000000000000e+00
5.185110598097986667e+01,0.000000000000000000e+00,0.000000000000000000e+00
5.393442289319823857e+01,0.000000000000000000e+00,0.000000000000000000e+00
5.518458150031381848e+01,0.000000000000000000e+00,0.000000000000000000e+00
5.422730058960112132e+01,0.000000000000000000e+00,0.000000000000000000e+00
5.333664867765541828e+01,0.000000000000000000e+00,0.000000000000000000e+00
5.727500762837853188e+01,0.000000000000000000e+00,0.000000000000000000e+00
5.410068553858002360e+01,0.000000000000000000e+00,0.000000000000000000e+00
5.692875405123811561e+01,0.000000000000000000e+00,0.000000000000000000e+00
5.547106858686961317e+01,0.000000000000000000e+00,0.000000000000000000e+00
5.480986935167600649e+01,0.000000000000000000e+00,0.000000000000000000e+00
5.754397049128436947e+01,0.000000000000000000e+00,0.000000000000000000e+00
5.567574993965864394e+01,0.000000000000000000e+00,0.000000000000000000e+00
5.267078507750942151e+01,0.000000000000000000e+00,0.000000000000000000e+00
5.525109024253124801e+01,0.000000000000000000e+00,0.000000000000000000e+00
5.415206843386386026e+01,0.000000000000000000e+00,0.000000000000000000e+00
4.941806409924139132e+01,0.000000000000000000e+00,0.000000000000000000e+00
5.164041690993291667e+01,0.000000000000000000e+00,0.000000000000000000e+00
5.598844030351718715e+01,0.000000000000000000e+00,0.000000000000000000e+00
5.421426476328078081e+01,0.000000000000000000e+00,0.000000000000000000e+00
5.259717434121562007e+01,0.000000000000000000e+00,0.000000000000000000e+00
5.539007221734664199e+01,0.000000000000000000e+00,0.000000000000000000e+00
6.023111445403450404e+01,0.000000000000000000e+00,0.000000000000000000e+00
5.974825494611829413e+01,0.000000000000000000e+00,0.000000000000000000e+00
5.283363785529037671e+01,0.000000000000000000e+00,0.000000000000000000e+00
5.569235572246736155e+01,0.000000000000000000e+00,0.000000000000000000e+00
5.500023982378434084e+01,0.000000000000000000e+00,0.000000000000000000e+00
5.791066768296374789e+01,0.000000000000000000e+00,0.000000000000000000e+00
5.276296116742560827e+01,0.000000000000000000e+00,0.000000000000000000e+00
5.447924676632296581e+01,0.000000000000000000e+00,0.000000000000000000e+00
5.683115886684554852e+01,0.000000000000000000e+00,0.000000000000000000e+00
5.542907241920968175e+01,0.000000000000000000e+00,0.000000000000000000e+00
5.744404539036692370e+01,0.000000000000000000e+00,0.000000000000000000e+00
5.728045704083346834e+01,0.000000000000000000e+00,0.000000000000000000e+00
5.452190169808039144e+01,0.000000000000000000e+00,0.000000000000000000e+00
5.544615397622747111e+01,0.000000000000000000e+00,0.000000000000000000e+00
5.570748877601454296e+01,0.000000000000000000e+00,0.000000000000000000e+00
6.003781305701017601e+01,0.000000000000000000e+00,0.000000000000000000e+00
5.791243900866152927e+01,0.000000000000000000e+00,0.000000000000000000e+00
5.826464710757900889e+01,0.000000000000000000e+00,0.000000000000000000e+00
6.049788152254450324e+01,0.000000000000000000e+00,0.000000000000000000e+00
5.310131117344919716e+01,0.000000000000000000e+00,0.000000000000000000e+00
5.647595849301404058e+01,0.000000000000000000e+00,0.000000000000000000e+00
5.702066666413085017e+01,0.000000000000000000e+00,0.000000000000000000e+00
5.744767682718352120e+01,0.000000000000000000e+00,0.000000000000000000e+00
5.752298015914529827e+01,0.000000000000000000e+00,0.000000000000000000e+00
5.485927755722507015e+01,0.000000000000000000e+00,0.000000000000000000e+00
5.919120163294894610e+01,0.000000000000000000e+00,0.000000000000000000e+00
5.559736542424390393e+01,0.000000000000000000e+00,0.000000000000000000e+00
5.783398777680285718e+01,0.000000000000000000e+00,0.000000000000000000e+00
5.925151067596196697e+01,0.000000000000000000e+00,0.000000000000000000e+00
5.868701759133784179e+01,0.000000000000000000e+00,0.000000000000000000e+00
5.827971559584532457e+01,0.000000000000000000e+00,0.000000000000000000e+00
5.960609691691344381e+01,0.000000000000000000e+00,0.000000000000000000e+00
5.802191166849898707e+01,0.000000000000000000e+00,0.000000000000000000e+00
5.590846035139585268e+01,0.000000000000000000e+00,0.000000000000000000e+00
5.765778562545765595e+01,0.000000000000000000e+00,0.000000000000000000e+00
6.235248719145872087e+01,0.000000000000000000e+00,0.000000000000000000e+00
5.791003819259211127e+01,0.000000000000000000e+00,0.000000000000000000e+00
5.593761918906047015e+01,0.000000000000000000e+00,0.000000000000000000e+00
5.752030613679276172e+01,0.000000000000000000e+00,0.000000000000000000e+00
5.669213730533703455e+01,0.000000000000000000e+00,0.000000000000000000e+00
5.586162650630190285e+01,0.000000000000000000e+00,0.000000000000000000e+00
5.856411815034634571e+01,0.000000000000000000e+00,0.000000000000000000e+00
5.568856414708478297e+01,0.000000000000000000e+00,0.000000000000000000e+00
5.847521707295589977e+01,0.000000000000000000e+00,0.000000000000000000e+00
5.990839652088124723e+01,0.000000000000000000e+00,0.000000000000000000e+00
6.099245744630304955e+01,0.000000000000000000e+00,0.000000000000000000e+00
5.700083031752779306e+01,0.000000000000000000e+00,0.000000000000000000e+00
5.737203212144938647e+01,0.000000000000000000e+00,0.000000000000000000e+00
5.951729860797541960e+01,0.000000000000000000e+00,0.000000000000000000e+00
6.017547669781595943e+01,0.000000000000000000e+00,0.000000000000000000e+00
5.506865416822709847e+01,0.000000000000000000e+00,0.000000000000000000e+00
6.176830983200450476e+01,0.000000000000000000e+00,0.000000000000000000e+00
6.197025089498971084e+01,0.000000000000000000e+00,0.000000000000000000e+00
6.200163287426088488e+01,0.000000000000000000e+00,0.000000000000000000e+00
5.673513896600667294e+01,0.000000000000000000e+00,0.000000000000000000e+00
5.872819721143815741e+01,0.000000000000000000e+00,0.000000000000000000e+00
6.236250893531966000e+01,0.000000000000000000e+00,0.000000000000000000e+00
6.011523596661236013e+01,0.000000000000000000e+00,0.000000000000000000e+00
5.963944424439547021e+01,0.000000000000000000e+00,0.000000000000000000e+00
6.166270011154385600e+01,0.000000000000000000e+00,0.000000000000000000e+00
6.122552435039997931e+01,0.000000000000000000e+00,0.000000000000000000e+00
5.621746148782982289e+01,0.000000000000000000e+00,0.000000000000000000e+00
6.079298720623253161e+01,0.000000000000000000e+00,0.000000000000000000e+00
5.988000942306823049e+01,0.000000000000000000e+00,0.000000000000000000e+00
6.073619050086723092e+01,0.000000000000000000e+00,0.000000000000000000e+00
5.775219520649110194e+01,0.000000000000000000e+00,0.000000000000000000e+00
6.498625424836464504e+01,0.000000000000000000e+00,0.000000000000000000e+00
6.100999626602574466e+01,0.000000000000000000e+00,0.000000000000000000e+00
6.124832841359516067e+01,0.000000000000000000e+00,0.000000000000000000e+00
6.365291763330015584e+01,0.000000000000000000e+00,0.000000000000000000e+00
6.084336644338304012e+01,0.000000000000000000e+00,0.000000000000000000e+00
5.782426875707331249e+01,0.000000000000000000e+00,0.000000000000000000e+00
6.264481697017457407e+01,0.000000000000000000e+00,0.000000000000000000e+00
6.092756406987605544e+01,0.000000000000000000e+00,0.000000000000000000e+00
6.488720967947824647e+01,0.000000000000000000e+00,0.000000000000000000e+00
6.103040686633394785e+01,0.000000000000000000e+00,0.000000000000000000e+00
5.958040543536543510e+01,0.000000000000000000e+00,0.000000000000000000e+00
5.986560961438259909e+01,0.000000000000000000e+00,0.000000000000000000e+00
6.182271215677072718e+01,0.000000000000000000e+00,0.000000000000000000e+00
6.069953914115625793e+01,0.000000000000000000e+00,0.000000000000000000e+00
6.291900817418606096e+01,0.000000000000000000e+00,0.000000000000000000e+00
5.862978596915835539e+01,0.000000000000000000e+00,0.000000000000000000e+00
6.128466260437688362e+01,0.000000000000000000e+00,0.000000000000000000e+00
6.073639244845290364e+01,0.000000000000000000e+00,0.000000000000000000e+00
6.503489251319635400e+01,0.000000000000000000e+00,0.000000000000000000e+00
6.063414253615481897e+01,0.000000000000000000e+00,0.000000000000000000e+00
6.264495163775513475e+01,0.000000000000000000e+00,0.000000000000000000e+00
6.472328144554451512e+01,0.000000000000000000e+00,0.000000000000000000e+00
6.397490994997078673e+01,0.000000000000000000e+00,0.000000000000000000e+00
6.058822499577197362e+01,0.000000000000000000e+00,0.000000000000000000e+00
6.280753612836727484e+01,0.000000000000000000e+00,0.000000000000000000e+00
6.291751578432476322e+01,0.000000000000000000e+00,0.000000000000000000e+00
6.080088662950158351e+01,0.000000000000000000e+00,0.000000000000000000e+00
6.466557425878198728e+01,0.000000000000000000e+00,0.000000000000000000e+00
6.421027675621985509e+01,0.000000000000000000e+00,0.000000000000000000e+00
6.206538044029467471e+01,0.000000000000000000e+00,0.000000000000000000e+00
6.430848192734536894e+01,0.000000000000000000e+00,0.000000000000000000e+00
6.427132919851466397e+01,0.000000000000000000e+00,0.000000000000000000e+00
6.076141016883109813e+01,0.000000000000000000e+00,0.000000000000000000e+00
6.269793188826417207e+01,0.000000000000000000e+00,0.000000000000000000e+00
6.311844148397334919e+01,0.000000000000000000e+00,0.000000000000000000e+00
6.178173485024862543e+01,0.000000000000000000e+00,0.000000000000000000e+00
6.097500969655042269e+01,0.000000000000000000e+00,0.000000000000000000e+00
6.303442522463818420e+01,0.000000000000000000e+00,0.000000000000000000e+00
6.687651992656476807e+01,0.000000000000000000e+00,0.000000000000000000e+00
6.221264586684204545e+01,0.000000000000000000e+00,0.000000000000000000e+00
6.449372902993631840e+01,0.000000000000000000e+00,0.000000000000000000e+00
6.700880605885893715e+01,0.000000000000000000e+00,0.000000000000000000e+00
6.276472587860127561e+01,0.000000000000000000e+00,0.000000000000000000e+00
6.449903951457392282e+01,0.000000000000000000e+00,0.000000000000000000e+00
6.311505103192087773e+01,0.000000000000000000e+00,0.000000000000000000e+00
6.263707839561529056e+01,0.000000000000000000e+00,0.000000000000000000e+00
6.412337613325878749e+01,0.000000000000000000e+00,0.000000000000000000e+00
6.313086698828709586e+01,0.000000000000000000e+00,0.000000000000000000e+00
6.436466224758476073e+01,0.000000000000000000e+00,0.000000000000000000e+00
6.459341796745124498e+01,0.000000000000000000e+00,0.000000000000000000e+00
6.118103080200412336e+01,0.000000000000000000e+00,0.000000000000000000e+00
6.742793340441349415e+01,0.000000000000000000e+00,0.000000000000000000e+00
6.622543832337731828e+01,0.000000000000000000e+00,0.000000000000000000e+00
6.649150070062873397e+01,0.000000000000000000e+00,0.000000000000000000e+00
6.642797617983791270e+01,0.000000000000000000e+00,0.000000000000000000e+00
6.393454923198402184e+01,0.000000000000000000e+00,0.000000000000000000e+00
6.601841625081446807e+01,0.000000000000000000e+00,0.000000000000000000e+00
6.729342353440256375e+01,0.000000000000000000e+00,0.000000000000000000e+00
6.422215846996158461e+01,0.000000000000000000e+00,0.000000000000000000e+00
6.865948898629517316e+01,0.000000000000000000e+00,0.000000000000000000e+00
6.810393806717895870e+01,0.000000000000000000e+00,0.000000000000000000e+00
6.395986802632956625e+01,0.000000000000000000e+00,0.000000000000000000e+00
6.754550877187998026e+01,0.000000000000000000e+00,0.000000000000000000e+00
6.273417044339394977e+01,0.000000000000000000e+00,0.000000000000000000e+00
6.231343174012052089e+01,0.000000000000000000e+00,0.000000000000000000e+00
6.689950172268068229e+01,0.000000000000000000e+00,0.000000000000000000e+00
6.293810709062854158e+01,0.000000000000000000e+00,0.000000000000000000e+00
6.400971203492169082e+01,0.000000000000000000e+00,0.000000000000000000e+00
6.528754541400945755e+01,0.000000000000000000e+00,0.000000000000000000e+00
6.185583284717297659e+01,0.000000000000000000e+00,0.000000000000000000e+00
6.876336991775488627e+01,0.000000000000000000e+00,0.000000000000000000e+00
6.498804294152864713e+01,0.000000000000000000e+00,0.000000000000000000e+00
6.899017776403464097e+01,0.000000000000000000e+00,0.000000000000000000e+00
6.636616835745506648e+01,0.000000000000000000e+00,0.000000000000000000e+00
6.518150510022461219e+01,0.000000000000000000e+00,0.000000000000000000e+00
6.559719043831249508e+01,0.000000000000000000e+00,0.000000000000000000e+00
6.844257436258837402e+01,0.000000000000000000e+00,0.000000000000000000e+00
6.423845994922902491e+01,0.000000000000000000e+00,0.000000000000000000e+00
6.765270406061651443e+01,0.000000000000000000e+00,0.000000000000000000e+00
6.870577164998998398e+01,0.000000000000000000e+00,0.000000000000000000e+00
6.528283571702304755e+01,0.000000000000000000e+00,0.000000000000000000e+00
6.663339602758236424e+01,0.000000000000000000e+00,0.000000000000000000e+00
6.258609102680807723e+01,0.000000000000000000e+00,0.000000000000000000e+00
6.381770221741242466e+01,0.000000000000000000e+00,0.000000000000000000e+00
6.581642975812074781e+01,0.000000000000000000e+00,0.000000000000000000e+00
6.715941278660096714e+01,0.000000000000000000e+00,0.000000000000000000e+00
6.688258014913378702e+01,0.000000000000000000e+00,0.000000000000000000e+00
6.804494814174536543e+01,0.000000000000000000e+00,0.000000000000000000e+00
6.729624036990951197e+01,0.000000000000000000e+00,0.000000000000000000e+00
6.652310798169075667e+01,0.000000000000000000e+00,0.000000000000000000e+00
6.799580782296585824e+01,0.000000000000000000e+00,0.000000000000000000e+00
6.884862029895037949e+01,0.000000000000000000e+00,0.000000000000000000e+00
6.944025418963305185e+01,0.000000000000000000e+00,0.000000000000000000e+00
6.759404005381801994e+01,0.000000000000000000e+00,0.000000000000000000e+00
6.898158664902804560e+01,0.000000000000000000e+00,0.000000000000000000e+00
6.943470744696556096e+01,0.000000000000000000e+00,0.000000000000000000e+00
6.933643533768757550e+01,0.000000000000000000e+00,0.000000000000000000e+00
6.596506853314117791e+01,0.000000000000000000e+00,0.000000000000000000e+00
6.532846906976034518e+01,0.000000000000000000e+00,0.000000000000000000e+00
6.669577233205522759e+01,0.000000000000000000e+00,0.000000000000000000e+00
6.528625645120709464e+01,0.000000000000000000e+00,0.000000000000000000e+00
6.847671855525673834e+01,0.000000000000000000e+00,0.000000000000000000e+00
6.713863273065180692e+01,0.000000000000000000e+00,0.000000000000000000e+00
6.920050506205210183e+01,0.000000000000000000e+00,0.000000000000000000e+00
6.682093492243058108e+01,0.000000000000000000e+00,0.000000000000000000e+00
6.884682106053186601e+01,0.000000000000000000e+00,0.000000000000000000e+00
6.601539732841524710e+01,0.000000000000000000e+00,0.000000000000000000e+00
6.678349708067918300e+01,0.000000000000000000e+00,0.000000000000000000e+00
6.771513703871056578e+01,0.000000000000000000e+00,0.000000000000000000e+00
6.929192667066021727e+01,0.000000000000000000e+00,0.000000000000000000e+00
7.023306918636784246e+01,0.000000000000000000e+00,0.000000000000000000e+00
6.640019828734797613e+01,0.000000000000000000e+00,0.000000000000000000e+00
6.797239309125771456e+01,0.000000000000000000e+00,0.000000000000000000e+00
6.935468721044770746e+01,0.000000000000000000e+00,0.000000000000000000e+00
6.748462629868140539e+01,0.000000000000000000e+00,0.000000000000000000e+00
6.660559092363762090e+01,0.000000000000000000e+00,0.000000000000000000e+00
7.008062586742130406e+01,0.000000000000000000e+00,0.000000000000000000e+00
6.783439727547650477e+01,0.000000000000000000e+00,0.000000000000000000e+00
6.725544016321272522e+01,0.000000000000000000e+00,0.000000000000000000e+00
6.741096025859854990e+01,0.000000000000000000e+00,0.000000000000000000e+00
6.997459118440826842e+01,0.000000000000000000e+00,0.000000000000000000e+00
6.938704450656142342e+01,0.000000000000000000e+00,0.000000000000000000e+00
7.007256340119475624e+01,0.000000000000000000e+00,0.000000000000000000e+00
7.248057722766748157e+01,0.000000000000000000e+00,0.000000000000000000e+00
7.123087586121762627e+01,0.000000000000000000e+00,0.000000000000000000e+00
6.623055393070832508e+01,0.000000000000000000e+00,0.000000000000000000e+00
6.646026077753194272e+01,0.000000000000000000e+00,0.000000000000000000e+00
6.922426995610854306e+01,0.000000000000000000e+00,0.000000000000000000e+00
6.907285271945356442e+01,0.000000000000000000e+00,0.000000000000000000e+00
7.180760316714096803e+01,0.000000000000000000e+00,0.000000000000000000e+00
6.621292369165755076e+01,0.000000000000000000e+00,0.000000000000000000e+00
7.096127680257393422e+01,0.000000000000000000e+00,0.000000000000000000e+00
6.760795155725340067e+01,0.000000000000000000e+00,0.000000000000000000e+00
6.938256700035721281e+01,0.000000000000000000e+00,0.000000000000000000e+00
7.124205410587980225e+01,0.000000000000000000e+00,0.000000000000000000e+00
7.036958718489975695e+01,0.000000000000000000e+00,0.000000000000000000e+00
7.412250129009818522e+01,0.000000000000000000e+00,0.000000000000000000e+00
7.039842439079873770e+01,0.000000000000000000e+00,0.000000000000000000e+00
6.990772698024504450e+01,0.000000000000000000e+00,0.000000000000000000e+00
7.505464502502410085e+01,0.000000000000000000e+00,0.000000000000000000e+00
7.079230692285933912e+01,0.000000000000000000e+00,0.000000000000000000e+00
7.104222216357000264e+01,0.000000000000000000e+00,0.000000000000000000e+00
7.267240137826864554e+01,0.000000000000000000e+00,0.000000000000000000e+00
7.230475301294075052e+01,0.000000000000000000e+00,0.000000000000000000e+00
7.045321024658694853e+01,0.000000000000000000e+00,0.000000000000000000e+00
6.875853746060234073e+01,0.000000000000000000e+00,0.000000000000000000e+00
6.838847394323093454e+01,0.000000000000000000e+00,0.000000000000000000e+00
7.127841874542416178e+01,0.000000000000000000e+00,0.000000000000000000e+00
7.195153106065795612e+01,0.000000000000000000e+00,0.000000000000000000e+00
7.147615290486167794e+01,0.000000000000000000e+00,0.000000000000000000e+00
7.088850156367529110e+01,0.000000000000000000e+00,0.000000000000000000e+00
6.920290726817044913e+01,0.000000000000000000e+00,0.000000000000000000e+00
7.321676199271956875e+01,0.000000000000000000e+00,0.000000000000000000e+00
7.144506150148416168e+01,0.000000000000000000e+00,0.000000000000000000e+00
7.359301764092302278e+01,0.000000000000000000e+00,0.000000000000000000e+00
7.282520498443528822e+01,0.000000000000000000e+00,0.000000000000000000e+00
7.368541031837109756e+01,0.000000000000000000e+00,0.000000000000000000e+00
7.163635721029046977e+01,0.000000000000000000e+00,0.000000000000000000e+00
6.611047408715151619e+01,0.000000000000000000e+00,0.000000000000000000e+00
7.215984594311703404e+01,0.000000000000000000e+00,0.000000000000000000e+00
7.039044623585184013e+01,0.000000000000000000e+00,0.000000000000000000e+00
7.106750211475446122e+01,0.000000000000000000e+00,0.000000000000000000e+00
7.402505900184878840e+01,0.000000000000000000e+00,0.000000000000000000e+00
7.331204828236845117e+01,0.000000000000000000e+00,0.000000000000000000e+00
7.363398958133814176e+01,0.000000000000000000e+00,0.000000000000000000e+00
7.233435468820159997e+01,0.000000000000000000e+00,0.000000000000000000e+00
7.182977487703749375e+01,0.000000000000000000e+00,0.000000000000000000e+00
7.246202939592897962e+01,0.000000000000000000e+00,0.000000000000000000e+00
7.157273372702628933e+01,0.000000000000000000e+00,0.000000000000000000e+00
7.203837888331584338e+01,0.000000000000000000e+00,0.000000000000000000e+00
7.481530181954865100e+01,0.000000000000000000e+00,0.000000000000000000e+00
7.119254550361945633e+01,0.000000000000000000e+00,0.000000000000000000e+00
7.459079703229197378e+01,0.000000000000000000e+00,0.000000000000000000e+00
7.344792730941280468e+01,0.000000000000000000e+00,0.000000000000000000e+00
7.057742201789908165e+01,0.000000000000000000e+00,0.000000000000000000e+00
7.152327049922047308e+01,0.000000000000000000e+00,0.000000000000000000e+00
7.151231821035996461e+01,0.000000000000000000e+00,0.000000000000000000e+00
7.498930029296371913e+01,0.000000000000000000e+00,0.000000000000000000e+00
7.484186451325342659e+01,0.000000000000000000e+00,0.000000000000000000e+00
7.119502578979992791e+01,0.000000000000000000e+00,0.000000000000000000e+00
7.233238991405390550e+01,0.000000000000000000e+00,0.000000000000000000e+00
7.297473873999351213e+01,0.000000000000000000e+00,0.000000000000000000e+00
7.033757463416476696e+01,0.000000000000000000e+00,0.000000000000000000e+00
7.567108585433261680e+01,0.000000000000000000e+00,0.000000000000000000e+00
7.360307112858278344e+01,0.000000000000000000e+00,0.000000000000000000e+00
7.213463962419623954e+01,0.000000000000000000e+00,0.000000000000000000e+00
7.448045260189175565e+01,0.000000000000000000e+00,0.000000000000000000e+00
7.472810782831760434e+01,0.000000000000000000e+00,0.000000000000000000e+00
7.381578880367553097e+01,0.000000000000000000e+00,0.000000000000000000e+00
7.278731829676057430e+01,0.000000000000000000e+00,0.000000000000000000e+00
6.901301408340310672e+01,0.000000000000000000e+00,0.000000000000000000e+00
7.056774142927856985e+01,0.000000000000000000e+00,0.000000000000000000e+00
6.899997990365332612e+01,0.000000000000000000e+00,0.000000000000000000e+00
7.237567028343785580e+01,0.000000000000000000e+00,0.000000000000000000e+00
7.056845962807986439e+01,0.000000000000000000e+00,0.000000000000000000e+00
7.648715281230876428e+01,0.000000000000000000e+00,0.000000000000000000e+00
7.308164890329850039e+01,0.000000000000000000e+00,0.000000000000000000e+00
7.015635307091730510e+01,0.000000000000000000e+00,0.000000000000000000e+00
7.387814681605537714e+01,0.000000000000000000e+00,0.000000000000000000e+00
7.331617880947749200e+01,0.000000000000000000e+00,0.000000000000000000e+00
7.338801975778666531e+01,0.000000000000000000e+00,0.000000000000000000e+00
7.289760034879203943e+01,0.000000000000000000e+00,0.000000000000000000e+00
7.197105562207487139e+01,0.000000000000000000e+00,0.000000000000000000e+00
7.518601111337636667e+01,0.000000000000000000e+00,0.000000000000000000e+00
7.541958058051136504e+01,0.000000000000000000e+00,0.000000000000000000e+00
7.767628438605159147e+01,0.000000000000000000e+00,0.000000000000000000e+00
7.570449494753431452e+01,0.000000000000000000e+00,0.000000000000000000e+00
7.132388914258611123e+01,0.000000000000000000e+00,0.000000000000000000e+00
7.216981814423743913e+01,0.000000000000000000e+00,0.000000000000000000e+00
7.310437504300051614e+01,0.000000000000000000e+00,0.000000000000000000e+00
7.105993760030490591e+01,0.000000000000000000e+00,0.000000000000000000e+00
7.563371678579581214e+01,0.000000000000000000e+00,0.000000000000000000e+00
7.254786786686130995e+01,0.000000000000000000e+00,0.000000000000000000e+00
7.632956805148037915e+01,0.000000000000000000e+00,0.000000000000000000e+00
7.686987031540031978e+01,0.000000000000000000e+00,0.000000000000000000e+00
7.308416205247971220e+01,0.000000000000000000e+00,0.000000000000000000e+00
7.431045616939933041e+01,0.000000000000000000e+00,0.000000000000000000e+00
7.665480998616934016e+01,0.000000000000000000e+00,0.000000000000000000e+00
7.515308659531287105e+01,0.000000000000000000e+00,0.000000000000000000e+00
7.393980762408151008e+01,0.000000000000000000e+00,0.000000000000000000e+00
7.241633787280872525e+01,0.000000000000000000e+00,0.000000000000000000e+00
7.316268662664954547e+01,0.000000000000000000e+00,0.000000000000000000e+00
7.711294152824513048e+01,0.000000000000000000e+00,0.000000000000000000e+00
7.503592368681458424e+01,0.000000000000000000e+00,0.000000000000000000e+00
7.437586158883887322e+01,0.000000000000000000e+00,0.000000000000000000e+00
7.483602014224774734e+01,0.000000000000000000e+00,0.000000000000000000e+00
7.734913864781991322e+01,0.000000000000000000e+00,0.000000000000000000e+00
6.923477326930185427e+01,0.000000000000000000e+00,0.000000000000000000e+00
7.194706115477792707e+01,0.000000000000000000e+00,0.000000000000000000e+00
7.688966144554299831e+01,0.000000000000000000e+00,0.000000000000000000e+00
7.523087170798687850e+01,0.000000000000000000e+00,0.000000000000000000e+00
7.319086077435368054e+01,0.000000000000000000e+00,0.000000000000000000e+00
7.395831101470356828e+01,0.000000000000000000e+00,0.000000000000000000e+00
7.762116621412845063e+01,0.000000000000000000e+00,0.000000000000000000e+00
7.712346570272200097e+01,0.000000000000000000e+00,0.000000000000000000e+00
7.633355298940303157e+01,0.000000000000000000e+00,0.000000000000000000e+00
7.615195649491886343e+01,0.000000000000000000e+00,0.000000000000000000e+00
7.826678258383205389e+01,0.000000000000000000e+00,0.000000000000000000e+00
7.484318375803231049e+01,0.000000000000000000e+00,0.000000000000000000e+00
7.703401613404561488e+01,0.000000000000000000e+00,0.000000000000000000e+00
7.687638084436692054e+01,0.000000000000000000e+00,0.000000000000000000e+00
7.528716804968318854e+01,0.000000000000000000e+00,0.000000000000000000e+00
7.528916595590430916e+01,0.000000000000000000e+00,0.000000000000000000e+00
7.492475447757306029e+01,0.000000000000000000e+00,0.000000000000000000e+00
7.596950848012293989e+01,0.000000000000000000e+00,0.000000000000000000e+00
7.798594066079631659e+01,0.000000000000000000e+00,0.000000000000000000e+00
7.628577016365410657e+01,0.000000000000000000e+00,0.000000000000000000e+00
7.689462443338756259e+01,0.000000000000000000e+00,0.000000000000000000e+00
7.555480422177238609e+01,0.000000000000000000e+00,0.000000000000000000e+00
7.415547521873268977e+01,0.000000000000000000e+00,0.000000000000000000e+00
7.678427868110078691e+01,0.000000000000000000e+00,0.000000000000000000e+00
7.437763698133009882e+01,0.000000000000000000e+00,0.000000000000000000e+00
7.570892098595250275e+01,0.000000000000000000e+00,0.000000000000000000e+00
7.527238926117253470e+01,0.000000000000000000e+00,0.000000000000000000e+00
7.543807978957984517e+01,0.000000000000000000e+00,0.000000000000000000e+00
8.116339534835037739e+01,0.000000000000000000e+00,0.000000000000000000e+00
7.608880905081363721e+01,0.000000000000000000e+00,0.000000000000000000e+00
7.724959501229548664e+01,0.000000000000000000e+00,0.000000000000000000e+00
7.251039857836246938e+01,0.000000000000000000e+00,0.000000000000000000e+00
7.779043925587301089e+01,0.000000000000000000e+00,0.000000000000000000e+00
7.810970881471862981e+01,0.000000000000000000e+00,0.000000000000000000e+00
7.759385962196336095e+01,0.000000000000000000e+00,0.000000000000000000e+00
7.597514085301884279e+01,0.000000000000000000e+00,0.000000000000000000e+00
7.400579324019011551e+01,0.000000000000000000e+00,0.000000000000000000e+00
7.399810527872364219e+01,0.000000000000000000e+00,0.000000000000000000e+00
7.804336758692001297e+01,0.000000000000000000e+00,0.000000000000000000e+00
7.719362426896395846e+01,0.000000000000000000e+00,0.000000000000000000e+00
7.873729316788991639e+01,0.000000000000000000e+00,0.000000000000000000e+00
7.198102388870493940e+01,0.000000000000000000e+00,0.000000000000000000e+00
7.669127314678293317e+01,0.000000000000000000e+00,0.000000000000000000e+00
7.691895773935802083e+01,0.000000000000000000e+00,0.000000000000000000e+00
7.459523365089819436e+01,0.000000000000000000e+00,0.000000000000000000e+00
8.128576015841463231e+01,0.000000000000000000e+00,0.000000000000000000e+00
7.993918932873316407e+01,0.000000000000000000e+00,0.000000000000000000e+00
7.515729631938542354e+01,0.000000000000000000e+00,0.000000000000000000e+00
7.529429958322998573e+01,0.000000000000000000e+00,0.000000000000000000e+00
7.750860272886650648e+01,0.000000000000000000e+00,0.000000000000000000e+00
7.732833899156099733e+01,0.000000000000000000e+00,0.000000000000000000e+00
8.019940258167676461e+01,0.000000000000000000e+00,0.000000000000000000e+00
7.734021397324546854e+01,0.000000000000000000e+00,0.000000000000000000e+00
7.688258300765917852e+01,0.000000000000000000e+00,0.000000000000000000e+00
7.495246808503995339e+01,0.000000000000000000e+00,0.000000000000000000e+00
7.585921304808709920e+01,0.000000000000000000e+00,0.000000000000000000e+00
7.770892616578045420e+01,0.000000000000000000e+00,0.000000000000000000e+00
7.836303226327009952e+01,0.000000000000000000e+00,0.000000000000000000e+00
7.623653551394906458e+01,0.000000000000000000e+00,0.000000000000000000e+00
7.214983199402112746e+01,0.000000000000000000e+00,0.000000000000000000e+00
7.739600950111079669e+01,0.000000000000000000e+00,0.000000000000000000e+00
7.920930236037524708e+01,0.000000000000000000e+00,0.000000000000000000e+00
7.517149125749540417e+01,0.000000000000000000e+00,0.000000000000000000e+00
7.608674868275323888e+01,0.000000000000000000e+00,0.000000000000000000e+00
7.863686671752157054e+01,0.000000000000000000e+00,0.000000000000000000e+00
7.489335739197696284e+01,0.000000000000000000e+00,0.000000000000000000e+00
8.044012931286314938e+01,0.000000000000000000e+00,0.000000000000000000e+00
8.040881695720985078e+01,0.000000000000000000e+00,0.000000000000000000e+00
7.926578607167323298e+01,0.000000000000000000e+00,0.000000000000000000e+00
7.821443909966266972e+01,0.000000000000000000e+00,0.000000000000000000e+00
7.349397589648314977e+01,0.000000000000000000e+00,0.000000000000000000e+00
7.684420512248206592e+01,0.000000000000000000e+00,0.000000000000000000e+00
7.776621734462290192e+01,0.000000000000000000e+00,0.000000000000000000e+00
7.616046471284178665e+01,0.000000000000000000e+00,0.000000000000000000e+00
7.985454811168840195e+01,0.000000000000000000e+00,0.000000000000000000e+00
7.771180754370759303e+01,0.000000000000000000e+00,0.000000000000000000e+00
7.592483351679885573e+01,0.000000000000000000e+00,0.000000000000000000e+00
7.697535033296374252e+01,0.000000000000000000e+00,0.000000000000000000e+00
7.483814229538479879e+01,0.000000000000000000e+00,0.000000000000000000e+00
7.935619892587924085e+01,0.000000000000000000e+00,0.000000000000000000e+00
7.969276506867596765e+01,0.000000000000000000e+00,0.000000000000000000e+00
7.846510830948140836e+01,0.000000000000000000e+00,0.000000000000000000e+00
7.988084709278577122e+01,0.000000000000000000e+00,0.000000000000000000e+00
7.778450725706709079e+01,0.000000000000000000e+00,0.000000000000000000e+00
7.266500896197894122e+01,0.000000000000000000e+00,0.000000000000000000e+00
7.961864356436608148e+01,0.000000000000000000e+00,0.000000000000000000e+00
7.745432843648534060e+01,0.000000000000000000e+00,0.000000000000000000e+00
7.616947138062593581e+01,0.000000000000000000e+00,0.000000000000000000e+00
7.800507069451322195e+01,0.000000000000000000e+00,0.000000000000000000e+00
8.121322932791670723e+01,0.000000000000000000e+00,0.000000000000000000e+00
7.713604037067167951e+01,0.000000000000000000e+00,0.000000000000000000e+00
7.820824734584932969e+01,0.000000000000000000e+00,0.000000000000000000e+00
7.612180076579272736e+01,0.000000000000000000e+00,0.000000000000000000e+00
7.840888590921103685e+01,0.000000000000000000e+00,0.000000000000000000e+00
7.889701958340650378e+01,0.000000000000000000e+00,0.000000000000000000e+00
7.671602118913294532e+01,0.000000000000000000e+00,0.000000000000000000e+00
7.449145367229651526e+01,0.000000000000000000e+00,0.000000000000000000e+00
7.897070552469897109e+01,0.000000000000000000e+00,0.000000000000000000e+00
8.063152975047577797e+01,0.000000000000000000e+00,0.000000000000000000e+00
7.905807939998877032e+01,0.000000000000000000e+00,0.000000000000000000e+00
8.134228005875917233e+01,0.000000000000000000e+00,0.000000000000000000e+00
7.629004471472669024e+01,0.000000000000000000e+00,0.000000000000000000e+00
8.028219358332948730e+01,0.000000000000000000e+00,0.000000000000000000e+00
7.963969074719460650e+01,0.000000000000000000e+00,0.000000000000000000e+00
7.776249430266108220e+01,0.000000000000000000e+00,0.000000000000000000e+00
7.460435399071204188e+01,0.000000000000000000e+00,0.000000000000000000e+00
7.757625560128742848e+01,0.000000000000000000e+00,0.000000000000000000e+00
7.789193992170550018e+01,0.000000000000000000e+00,0.000000000000000000e+00
7.755126642712869511e+01,0.000000000000000000e+00,0.000000000000000000e+00
7.685135891556549836e+01,0.000000000000000000e+00,0.000000000000000000e+00
7.645745244890056824e+01,0.000000000000000000e+00,0.000000000000000000e+00
8.428150670799490740e+01,0.000000000000000000e+00,0.000000000000000000e+00
7.939559578787964256e+01,0.000000000000000000e+00,0.000000000000000000e+00
8.128849952075478313e+01,0.000000000000000000e+00,0.000000000000000000e+00
8.014066634943793588e+01,0.000000000000000000e+00,0.000000000000000000e+00
7.834409856407731354e+01,0.000000000000000000e+00,0.000000000000000000e+00
7.934495803841333839e+01,0.000000000000000000e+00,0.000000000000000000e+00
8.158114898559060180e+01,0.000000000000000000e+00,0.000000000000000000e+00
7.713943884704012532e+01,0.000000000000000000e+00,0.000000000000000000e+00
8.191686649855022040e+01,0.000000000000000000e+00,0.000000000000000000e+00
7.700817788362950012e+01,0.000000000000000000e+00,0.000000000000000000e+00
8.067289825598115272e+01,0.000000000000000000e+00,0.000000000000000000e+00
7.637057738005950114e+01,0.000000000000000000e+00,0.000000000000000000e+00
7.949673068849179458e+01,0.000000000000000000e+00,0.000000000000000000e+00
8.197334749979417268e+01,0.000000000000000000e+00,0.000000000000000000e+00
7.601076847287104954e+01,0.000000000000000000e+00,0.000000000000000000e+00
8.288490204228189384e+01,0.000000000000000000e+00,0.000000000000000000e+00
8.067760925364238744e+01,0.000000000000000000e+00,0.000000000000000000e+00
8.075996249987073838e+01,0.000000000000000000e+00,0.000000000000000000e+00
8.381501813896474573e+01,0.000000000000000000e+00,0.000000000000000000e+00
7.571765127177624777e+01,0.000000000000000000e+00,0.000000000000000000e+00
7.802272080828282697e+01,0.000000000000000000e+00,0.000000000000000000e+00
7.706071183957118365e+01,0.000000000000000000e+00,0.000000000000000000e+00
8.096456688703540294e+01,0.000000000000000000e+00,0.000000000000000000e+00
8.221066817356137335e+01,0.000000000000000000e+00,0.000000000000000000e+00
7.673212056779048851e+01,0.000000000000000000e+00,0.000000000000000000e+00
8.376989299890711038e+01,0.000000000000000000e+00,0.000000000000000000e+00
8.037063010421040588e+01,0.000000000000000000e+00,0.000000000000000000e+00
7.990082929453298277e+01,0.000000000000000000e+00,0.000000000000000000e+00
7.978181227485643490e+01,0.000000000000000000e+00,0.000000000000000000e+00
8.007065678832542233e+01,0.000000000000000000e+00,0.000000000000000000e+00
7.709820824182411059e+01,0.000000000000000000e+00,0.000000000000000000e+00
7.881842646294117571e+01,0.000000000000000000e+00,0.000000000000000000e+00
7.626897202788518371e+01,0.000000000000000000e+00,0.000000000000000000e+00
8.093904836366205302e+01,0.000000000000000000e+00,0.000000000000000000e+00
8.023580645117132804e+01,0.000000000000000000e+00,0.000000000000000000e+00
8.006329797907423540e+01,0.000000000000000000e+00,0.000000000000000000e+00
7.722810274342617731e+01,0.000000000000000000e+00,0.000000000000000000e+00
7.908973231370677581e+01,0.000000000000000000e+00,0.000000000000000000e+00
7.986328042063502153e+01,0.000000000000000000e+00,0.000000000000000000e+00
7.852291942757727838e+01,0.000000000000000000e+00,0.000000000000000000e+00
8.117620339145163655e+01,0.000000000000000000e+00,0.000000000000000000e+00
7.944985927383098101e+01,0.000000000000000000e+00,0.000000000000000000e+00
7.738399101042644190e+01,0.000000000000000000e+00,0.000000000000000000e+00
7.808163865727507869e+01,0.000000000000000000e+00,0.000000000000000000e+00
7.904059906793074219e+01,0.000000000000000000e+00,0.000000000000000000e+00
8.044352369191105367e+01,0.000000000000000000e+00,0.000000000000000000e+00
8.227684493319669912e+01,0.000000000000000000e+00,0.000000000000000000e+00
8.112477051194881028e+01,0.000000000000000000e+00,0.000000000000000000e+00
8.135646550470073635e+01,0.000000000000000000e+00,0.000000000000000000e+00
8.026117835925360566e+01,0.000000000000000000e+00,0.000000000000000000e+00
8.225493609673812045e+01,0.000000000000000000e+00,0.000000000000000000e+00
8.057497535014239531e+01,0.000000000000000000e+00,0.000000000000000000e+00
7.910313394264501596e+01,0.000000000000000000e+00,0.000000000000000000e+00
7.909620826576576746e+01,0.000000000000000000e+00,0.000000000000000000e+00
7.978896501915762940e+01,0.000000000000000000e+00,0.000000000000000000e+00
8.058056201770175164e+01,0.000000000000000000e+00,0.000000000000000000e+00
7.680859276281789505e+01,0.000000000000000000e+00,0.000000000000000000e+00
7.957508722833260606e+01,0.000000000000000000e+00,0.000000000000000000e+00
7.569688039573669869e+01,0.000000000000000000e+00,0.000000000000000000e+00
7.913229289051348303e+01,0.000000000000000000e+00,0.000000000000000000e+00
7.919053455706622913e+01,0.000000000000000000e+00,0.000000000000000000e+00
7.911403995082621066e+01,0.000000000000000000e+00,0.000000000000000000e+00
7.847325490884614396e+01,0.000000000000000000e+00,0.000000000000000000e+00
7.699928193041075986e+01,0.000000000000000000e+00,0.000000000000000000e+00
7.680514089519510890e+01,0.000000000000000000e+00,0.000000000000000000e+00
7.665855758879345672e+01,0.000000000000000000e+00,0.000000000000000000e+00
7.879655721730271978e+01,0.000000000000000000e+00,0.000000000000000000e+00
7.927587503418932613e+01,0.000000000000000000e+00,0.000000000000000000e+00
7.842220883629023831e+01,0.000000000000000000e+00,0.000000000000000000e+00
7.920727028775326062e+01,0.000000000000000000e+00,0.000000000000000000e+00
8.430522085061085136e+01,0.000000000000000000e+00,0.000000000000000000e+00
7.884613337106058850e+01,0.000000000000000000e+00,0.000000000000000000e+00
8.479800256696495353e+01,0.000000000000000000e+00,0.000000000000000000e+00
8.108791573159227539e+01,0.000000000000000000e+00,0.000000000000000000e+00
8.042769944238018809e+01,0.000000000000000000e+00,0.000000000000000000e+00
7.480205804305010986e+01,0.000000000000000000e+00,0.000000000000000000e+00
8.121444533875873617e+01,0.000000000000000000e+00,0.000000000000000000e+00
8.062589027766307481e+01,0.000000000000000000e+00,0.000000000000000000e+00
8.121767701950210494e+01,0.000000000000000000e+00,0.000000000000000000e+00
8.037342791292617505e+01,0.000000000000000000e+00,0.000000000000000000e+00
7.878282152220778300e+01,0.000000000000000000e+00,0.000000000000000000e+00
7.818352028478452098e+01,0.000000000000000000e+00,0.000000000000000000e+00
8.131662202475732215e+01,0.000000000000000000e+00,0.000000000000000000e+00
7.900489422831934405e+01,0.000000000000000000e+00,0.000000000000000000e+00
7.809493648156157519e+01,0.000000000000000000e+00,0.000000000000000000e+00
7.911839784249693253e+01,0.000000000000000000e+00,0.000000000000000000e+00
8.113586316057661918e+01,0.000000000000000000e+00,0.000000000000000000e+00
8.182458059271401396e+01,0.000000000000000000e+00,0.000000000000000000e+00
8.433867402289875770e+01,0.000000000000000000e+00,0.000000000000000000e+00
8.018937851481044277e+01,0.000000000000000000e+00,0.000000000000000000e+00
8.336335818958619370e+01,0.000000000000000000e+00,0.000000000000000000e+00
7.935574016018834698e+01,0.000000000000000000e+00,0.000000000000000000e+00
7.807768442083423110e+01,0.000000000000000000e+00,0.000000000000000000e+00
8.061674809795727015e+01,0.000000000000000000e+00,0.000000000000000000e+00
7.921353324153012920e+01,0.000000000000000000e+00,0.000000000000000000e+00
8.056670241924976494e+01,0.000000000000000000e+00,0.000000000000000000e+00
7.717604504192767934e+01,0.000000000000000000e+00,0.000000000000000000e+00
8.178148965156407257e+01,0.000000000000000000e+00,0.000000000000000000e+00
8.406829091523229636e+01,0.000000000000000000e+00,0.000000000000000000e+00
7.928848585024657325e+01,0.000000000000000000e+00,0.000000000000000000e+00
8.167791200025700959e+01,0.000000000000000000e+00,0.000000000000000000e+00
7.942584414106840995e+01,0.000000000000000000e+00,0.000000000000000000e+00
8.256975638172249887e+01,0.000000000000000000e+00,0.000000000000000000e+00
8.012077855569000917e+01,0.000000000000000000e+00,0.000000000000000000e+00
8.069153366015163442e+01,0.000000000000000000e+00,0.000000000000000000e+00
8.183557335790160892e+01,0.000000000000000000e+00,0.000000000000000000e+00
7.680765790992055031e+01,0.000000000000000000e+00,0.000000000000000000e+00
8.139991404681016718e+01,0.000000000000000000e+00,0.000000000000000000e+00
7.863979048098293845e+01,0.000000000000000000e+00,0.000000000000000000e+00
8.224228701777175843e+01,0.000000000000000000e+00,0.000000000000000000e+00
8.376336777643879827e+01,0.000000000000000000e+00,0.000000000000000000e+00
7.988579943805552830e+01,0.000000000000000000e+00,0.000000000000000000e+00
8.002929034062130143e+01,0.000000000000000000e+00,0.000000000000000000e+00
8.013677602630809815e+01,0.000000000000000000e+00,0.000000000000000000e+00
7.768799770345567879e+01,0.000000000000000000e+00,0.000000000000000000e+00
8.235016273633907247e+01,0.000000000000000000e+00,0.000000000000000000e+00
7.956227422644397507e+01,0.000000000000000000e+00,0.000000000000000000e+00
7.873317560537260817e+01,0.000000000000000000e+00,0.000000000000000000e+00
7.746120442642994419e+01,0.000000000000000000e+00,0.000000000000000000e+00
7.912523033283966356e+01,0.000000000000000000e+00,0.000000000000000000e+00
8.195305912803533488e+01,0.000000000000000000e+00,0.000000000000000000e+00
7.823008326297350834e+01,0.000000000000000000e+00,0.000000000000000000e+00
8.325980839487846197e+01,0.000000000000000000e+00,0.000000000000000000e+00
8.138714562275214348e+01,0.000000000000000000e+00,0.000000000000000000e+00
7.968915481700436487e+01,0.000000000000000000e+00,0.000000000000000000e+00
8.384397419813537056e+01,0.000000000000000000e+00,0.000000000000000000e+00
8.137522499855781177e+01,0.000000000000000000e+00,0.000000000000000000e+00
7.980161252235599534e+01,0.000000000000000000e+00,0.000000000000000000e+00
7.815930068570213507e+01,0.000000000000000000e+00,0.000000000000000000e+00
8.219999264773171888e+01,0.000000000000000000e+00,0.000000000000000000e+00
7.642849642922041653e+01,0.000000000000000000e+00,0.000000000000000000e+00
7.984642233300685632e+01,0.000000000000000000e+00,0.000000000000000000e+00
7.832388611687035507e+01,0.000000000000000000e+00,0.000000000000000000e+00
7.938076795827606702e+01,0.000000000000000000e+00,0.000000000000000000e+00
8.177875925541903257e+01,0.000000000000000000e+00,0.000000000000000000e+00
8.018479558884097003e+01,0.000000000000000000e+00,0.000000000000000000e+00
8.036795630947300140e+01,0.000000000000000000e+00,0.000000000000000000e+00
8.049786816819876378e+01,0.000000000000000000e+00,0.000000000000000000e+00
7.843260451754719043e+01,0.000000000000000000e+00,0.000000000000000000e+00
7.907351859938728467e+01,0.000000000000000000e+00,0.000000000000000000e+00
7.865494284621271959e+01,0.000000000000000000e+00,0.000000000000000000e+00
7.989362304910342516e+01,0.000000000000000000e+00,0.000000000000000000e+00
8.009140892802155065e+01,0.000000000000000000e+00,0.000000000000000000e+00
8.088386101098882364e+01,0.000000000000000000e+00,0.000000000000000000e+00
8.147180277180817143e+01,0.000000000000000000e+00,0.000000000000000000e+00
8.171842607378748369e+01,0.000000000000000000e+00,0.000000000000000000e+00
7.552912177733826127e+01,0.000000000000000000e+00,0.000000000000000000e+00
8.179716836148162429e+01,0.000000000000000000e+00,0.000000000000000000e+00
8.183101857690211034e+01,0.000000000000000000e+00,0.000000000000000000e+00
7.744445488106499909e+01,0.000000000000000000e+00,0.000000000000000000e+00
7.660924678491537065e+01,0.000000000000000000e+00,0.000000000000000000e+00
8.095586147012710398e+01,0.000000000000000000e+00,0.000000000000000000e+00
8.028142549244604709e+01,0.000000000000000000e+00,0.000000000000000000e+00
7.647261215691425207e+01,0.000000000000000000e+00,0.000000000000000000e+00
7.706016005241683331e+01,0.000000000000000000e+00,0.000000000000000000e+00
8.326068648998128197e+01,0.000000000000000000e+00,0.000000000000000000e+00
7.933677184750206379e+01,0.000000000000000000e+00,0.000000000000000000e+00
7.995609391712321212e+01,0.000000000000000000e+00,0.000000000000000000e+00
8.209674476319935366e+01,0.000000000000000000e+00,0.000000000000000000e+00
8.228199842882422388e+01,0.000000000000000000e+00,0.000000000000000000e+00
8.309570574140394683e+01,0.000000000000000000e+00,0.000000000000000000e+00
7.999999635418457444e+01,0.000000000000000000e+00,0.000000000000000000e+00
7.932161313982439310e+01,0.000000000000000000e+00,0.000000000000000000e+00
7.944363213720464501e+01,0.000000000000000000e+00,0.000000000000000000e+00
7.811258860760956679e+01,0.000000000000000000e+00,0.000000000000000000e+00
7.728400303369490132e+01,0.000000000000000000e+00,0.000000000000000000e+00
7.919333249330165359e+01,0.000000000000000000e+00,0.000000000000000000e+00
7.816653563285753137e+01,0.000000000000000000e+00,0.000000000000000000e+00
7.880294106040125257e+01,0.000000000000000000e+00,0.000000000000000000e+00
7.656513852454504843e+01,0.000000000000000000e+00,0.000000000000000000e+00
7.958664828440885231e+01,0.000000000000000000e+00,0.000000000000000000e+00
7.841504393429926267e+01,0.000000000000000000e+00,0.000000000000000000e+00
7.799518541618789413e+01,0.000000000000000000e+00,0.000000000000000000e+00
8.064545693193193188e+01,0.000000000000000000e+00,0.000000000000000000e+00
8.037678725951849401e+01,0.000000000000000000e+00,0.000000000000000000e+00
7.856618798850958285e+01,0.000000000000000000e+00,0.000000000000000000e+00
7.887108603505001270e+01,0.000000000000000000e+00,0.000000000000000000e+00
7.722971426113716120e+01,0.000000000000000000e+00,0.000000000000000000e+00
7.860054242918120337e+01,0.000000000000000000e+00,0.000000000000000000e+00
8.054992477227034442e+01,0.000000000000000000e+00,0.000000000000000000e+00
8.061976455301667954e+01,0.000000000000000000e+00,0.000000000000000000e+00
7.921799350804322160e+01,0.000000000000000000e+00,0.000000000000000000e+00
8.145139444678622453e+01,0.000000000000000000e+00,0.000000000000000000e+00
7.792056498803094655e+01,0.000000000000000000e+00,0.000000000000000000e+00
7.911497121024750356e+01,0.000000000000000000e+00,0.000000000000000000e+00
7.949837032785811175e+01,0.000000000000000000e+00,0.000000000000000000e+00
7.914805500555192452e+01,0.000000000000000000e+00,0.000000000000000000e+00
7.860597695598472967e+01,0.000000000000000000e+00,0.000000000000000000e+00
7.817897488343866996e+01,0.000000000000000000e+00,0.000000000000000000e+00
8.226020571625846856e+01,0.000000000000000000e+00,0.000000000000000000e+00
8.461807717439631915e+01,0.000000000000000000e+00,0.000000000000000000e+00
7.976615085410649897e+01,0.000000000000000000e+00,0.000000000000000000e+00
7.917203444406793267e+01,0.000000000000000000e+00,0.000000000000000000e+00
7.773863092134139663e+01,0.000000000000000000e+00,0.000000000000000000e+00
8.131742174222370068e+01,0.000000000000000000e+00,0.000000000000000000e+00
7.709780217307253736e+01,0.000000000000000000e+00,0.000000000000000000e+00
8.015366514569549850e+01,0.000000000000000000e+00,0.000000000000000000e+00
8.000097023485457726e+01,0.000000000000000000e+00,0.000000000000000000e+00
7.725559402765799177e+01,0.000000000000000000e+00,0.000000000000000000e+00
7.634378515727429715e+01,0.000000000000000000e+00,0.000000000000000000e+00
8.026318850319889009e+01,0.000000000000000000e+00,0.000000000000000000e+00
7.859792521016429134e+01,0.000000000000000000e+00,0.000000000000000000e+00
7.909997370571034025e+01,0.000000000000000000e+00,0.000000000000000000e+00
7.888440085765842014e+01,0.000000000000000000e+00,0.000000000000000000e+00
8.016213484092854458e+01,0.000000000000000000e+00,0.000000000000000000e+00
8.155217213439729562e+01,0.000000000000000000e+00,0.000000000000000000e+00
7.827956843915669083e+01,0.000000000000000000e+00,0.000000000000000000e+00
7.603565841105275069e+01,0.000000000000000000e+00,0.000000000000000000e+00
7.955433493117229204e+01,0.000000000000000000e+00,0.000000000000000000e+00
8.184064206431523303e+01,0.000000000000000000e+00,0.000000000000000000e+00
7.518182153189368933e+01,0.000000000000000000e+00,0.000000000000000000e+00
7.469696390588384816e+01,0.000000000000000000e+00,0.000000000000000000e+00
8.158204134645603745e+01,0.000000000000000000e+00,0.000000000000000000e+00
7.701056849654338521e+01,0.000000000000000000e+00,0.000000000000000000e+00
7.878209565510823609e+01,0.000000000000000000e+00,0.000000000000000000e+00
7.678900609463940441e+01,0.000000000000000000e+00,0.000000000000000000e+00
7.554481860538247417e+01,0.000000000000000000e+00,0.000000000000000000e+00
8.024199126533730464e+01,0.000000000000000000e+00,0.000000000000000000e+00
7.733996800732785459e+01,0.000000000000000000e+00,0.000000000000000000e+00
7.630759439859342308e+01,0.000000000000000000e+00,0.000000000000000000e+00
7.833431583276970400e+01,0.000000000000000000e+00,0.000000000000000000e+00
8.098106334708701581e+01,0.000000000000000000e+00,0.000000000000000000e+00
7.871830229130677026e+01,0.000000000000000000e+00,0.000000000000000000e+00
8.028180128714399189e+01,0.000000000000000000e+00,0.000000000000000000e+00
7.652692776961725940e+01,0.000000000000000000e+00,0.000000000000000000e+00
7.825673963686099910e+01,0.000000000000000000e+00,0.000000000000000000e+00
7.823919917973189797e+01,0.000000000000000000e+00,0.000000000000000000e+00
7.904925590765277832e+01,0.000000000000000000e+00,0.000000000000000000e+00
7.964497439716970462e+01,0.000000000000000000e+00,0.000000000000000000e+00
7.696643899977685521e+01,0.000000000000000000e+00,0.000000000000000000e+00
7.670635113358721924e+01,0.000000000000000000e+00,0.000000000000000000e+00
7.910148044290326652e+01,0.000000000000000000e+00,0.000000000000000000e+00
7.489584295862698582e+01,0.000000000000000000e+00,0.000000000000000000e+00
7.812718772651103905e+01,0.000000000000000000e+00,0.000000000000000000e+00
7.762604964896485171e+01,0.000000000000000000e+00,0.000000000000000000e+00
7.994806142059240983e+01,0.000000000000000000e+00,0.000000000000000000e+00
7.676990584427483100e+01,0.000000000000000000e+00,0.000000000000000000e+00
7.896357415501097421e+01,0.000000000000000000e+00,0.000000000000000000e+00
8.171164433615987832e+01,0.000000000000000000e+00,0.000000000000000000e+00
7.604145825769190026e+01,0.000000000000000000e+00,0.000000000000000000e+00
7.663424034273762686e+01,0.000000000000000000e+00,0.000000000000000000e+00
7.731093168946084404e+01,0.000000000000000000e+00,0.000000000000000000e+00
7.580897057832972052e+01,0.000000000000000000e+00,0.000000000000000000e+00
7.571160938941085305e+01,0.000000000000000000e+00,0.000000000000000000e+00
7.867603047953043927e+01,0.000000000000000000e+00,0.000000000000000000e+00
7.465206661568183222e+01,0.000000000000000000e+00,0.000000000000000000e+00
7.887350158215325280e+01,0.000000000000000000e+00,0.000000000000000000e+00
7.827180562707467004e+01,0.000000000000000000e+00,0.000000000000000000e+00
7.708598896459021432e+01,0.000000000000000000e+00,0.000000000000000000e+00
7.807469099064026352e+01,0.000000000000000000e+00,0.000000000000000000e+00
7.679125601633650433e+01,0.000000000000000000e+00,0.000000000000000000e+00
7.740931973590659254e+01,0.000000000000000000e+00,0.000000000000000000e+00
7.765945211219163014e+01,0.000000000000000000e+00,0.000000000000000000e+00
7.706095798085350168e+01,0.000000000000000000e+00,0.000000000000000000e+00
7.998477720055544182e+01,0.000000000000000000e+00,0.000000000000000000e+00
7.597935607354260412e+01,0.000000000000000000e+00,0.000000000000000000e+00
7.373705826510456518e+01,0.000000000000000000e+00,0.000000000000000000e+00
7.841999961274888165e+01,0.000000000000000000e+00,0.000000000000000000e+00
7.788151338817161218e+01,0.000000000000000000e+00,0.000000000000000000e+00
7.963939744101280382e+01,0.000000000000000000e+00,0.000000000000000000e+00
7.592851629561224058e+01,0.000000000000000000e+00,0.000000000000000000e+00
7.742676755447244830e+01,0.000000000000000000e+00,0.000000000000000000e+00
7.532936005020167158e+01,0.000000000000000000e+00,0.000000000000000000e+00
7.452104933278842225e+01,0.000000000000000000e+00,0.000000000000000000e+00
7.444696908245150269e+01,0.000000000000000000e+00,0.000000000000000000e+00
7.564229994678917990e+01,0.000000000000000000e+00,0.000000000000000000e+00
7.802227602957196950e+01,0.000000000000000000e+00,0.000000000000000000e+00
7.553584278347925363e+01,0.000000000000000000e+00,0.000000000000000000e+00
7.461375724512404872e+01,0.000000000000000000e+00,0.000000000000000000e+00
7.908481702797196533e+01,0.000000000000000000e+00,0.000000000000000000e+00
7.733823462663642090e+01,0.000000000000000000e+00,0.000000000000000000e+00
7.318375155983373759e+01,0.000000000000000000e+00,0.000000000000000000e+00
7.531908766315760317e+01,0.000000000000000000e+00,0.000000000000000000e+00
7.726384024343906276e+01,0.000000000000000000e+00,0.000000000000000000e+00
7.473926460667155425e+01,0.000000000000000000e+00,0.000000000000000000e+00
7.497623448233254351e+01,0.000000000000000000e+00,0.000000000000000000e+00
7.848348173830729024e+01,0.000000000000000000e+00,0.000000000000000000e+00
7.330412880782546381e+01,0.000000000000000000e+00,0.000000000000000000e+00
7.440897631900622855e+01,0.000000000000000000e+00,0.000000000000000000e+00
7.531460429300724968e+01,0.000000000000000000e+00,0.000000000000000000e+00
7.406926334918281896e+01,0.000000000000000000e+00,0.000000000000000000e+00
7.955548606057448069e+01,0.000000000000000000e+00,0.000000000000000000e+00
7.775292758372735591e+01,0.000000000000000000e+00,0.000000000000000000e+00
7.738887393878189869e+01,0.000000000000000000e+00,0.000000000000000000e+00
7.442539020334145050e+01,0.000000000000000000e+00,0.000000000000000000e+00
7.557442622508845886e+01,0.000000000000000000e+00,0.000000000000000000e+00
7.881017204574918367e+01,0.000000000000000000e+00,0.000000000000000000e+00
7.570218666518510986e+01,0.000000000000000000e+00,0.000000000000000000e+00
7.546967932482473884e+01,0.000000000000000000e+00,0.000000000000000000e+00
8.026209137563165541e+01,0.000000000000000000e+00,0.000000000000000000e+00
7.904028120160089088e+01,0.000000000000000000e+00,0.000000000000000000e+00
7.381220187620766637e+01,0.000000000000000000e+00,0.000000000000000000e+00
7.788000771250973742e+01,0.000000000000000000e+00,0.000000000000000000e+00
7.605393235720622158e+01,0.000000000000000000e+00,0.000000000000000000e+00
7.723909377824698197e+01,0.000000000000000000e+00,0.000000000000000000e+00
7.560775658375511910e+01,0.000000000000000000e+00,0.000000000000000000e+00
7.617417881742640873e+01,0.000000000000000000e+00,0.000000000000000000e+00
7.895473937935258846e+01,0.000000000000000000e+00,0.000000000000000000e+00
7.936097491151076611e+01,0.000000000000000000e+00,0.000000000000000000e+00
7.206973845590930239e+01,0.000000000000000000e+00,0.000000000000000000e+00
7.543674321922661363e+01,0.000000000000000000e+00,0.000000000000000000e+00
7.768335907933007434e+01,0.000000000000000000e+00,0.000000000000000000e+00
7.178980704998774343e+01,0.000000000000000000e+00,0.000000000000000000e+00
7.106544393518473157e+01,0.000000000000000000e+00,0.000000000000000000e+00
7.511068560225152169e+01,0.000000000000000000e+00,0.000000000000000000e+00
7.361424268921587100e+01,0.000000000000000000e+00,0.000000000000000000e+00
7.416993428105814701e+01,0.000000000000000000e+00,0.000000000000000000e+00
7.484050004902532294e+01,0.000000000000000000e+00,0.000000000000000000e+00
7.609375630360493403e+01,0.000000000000000000e+00,0.000000000000000000e+00
7.663372159497390612e+01,0.000000000000000000e+00,0.000000000000000000e+00
7.678136270698341548e+01,0.000000000000000000e+00,0.000000000000000000e+00
7.263303291530704087e+01,0.000000000000000000e+00,0.000000000000000000e+00
7.434781267038799513e+01,0.000000000000000000e+00,0.000000000000000000e+00
7.703090601405335747e+01,0.000000000000000000e+00,0.000000000000000000e+00
7.595720655187237469e+01,0.000000000000000000e+00,0.000000000000000000e+00
7.533843386472564418e+01,0.000000000000000000e+00,0.000000000000000000e+00
7.381118437996462944e+01,0.000000000000000000e+00,0.000000000000000000e+00
7.368491034559217212e+01,0.000000000000000000e+00,0.000000000000000000e+00
7.497917494551907680e+01,0.000000000000000000e+00,0.000000000000000000e+00
7.792894561621329785e+01,0.000000000000000000e+00,0.000000000000000000e+00
7.187083776870960605e+01,0.000000000000000000e+00,0.000000000000000000e+00
7.307448603896222039e+01,0.000000000000000000e+00,0.000000000000000000e+00
7.474320583053899725e+01,0.000000000000000000e+00,0.000000000000000000e+00
7.692939075436453322e+01,0.000000000000000000e+00,0.000000000000000000e+00
7.673249596677511875e+01,0.000000000000000000e+00,0.000000000000000000e+00
7.524955690258512675e+01,0.000000000000000000e+00,0.000000000000000000e+00
7.344936479947971009e+01,0.000000000000000000e+00,0.000000000000000000e+00
7.195227607300802219e+01,0.000000000000000000e+00,0.000000000000000000e+00
7.779054117296338688e+01,0.000000000000000000e+00,0.000000000000000000e+00
7.358103252120768900e+01,0.000000000000000000e+00,0.000000000000000000e+00
7.382649500508507856e+01,0.000000000000000000e+00,0.000000000000000000e+00
7.231788120389168739e+01,0.000000000000000000e+00,0.000000000000000000e+00
7.684001985117384947e+01,0.000000000000000000e+00,0.000000000000000000e+00
7.662586710160391590e+01,0.000000000000000000e+00,0.000000000000000000e+00
7.908641484398904709e+01,0.000000000000000000e+00,0.000000000000000000e+00
7.665062403285537584e+01,0.000000000000000000e+00,0.000000000000000000e+00
7.128082648167526258e+01,0.000000000000000000e+00,0.000000000000000000e+00
7.671139352854109461e+01,0.000000000000000000e+00,0.000000000000000000e+00
7.277927047951040151e+01,0.000000000000000000e+00,0.000000000000000000e+00
7.208561743678033906e+01,0.000000000000000000e+00,0.000000000000000000e+00
7.048015906315076506e+01,0.000000000000000000e+00,0.000000000000000000e+00
7.414057801269588310e+01,0.000000000000000000e+00,0.000000000000000000e+00
7.329551295920462906e+01,0.000000000000000000e+00,0.000000000000000000e+00
7.246904425469604405e+01,0.000000000000000000e+00,0.000000000000000000e+00
7.215658682824667380e+01,0.000000000000000000e+00,0.000000000000000000e+00
7.488139511029322648e+01,0.000000000000000000e+00,0.000000000000000000e+00
7.317914233782499878e+01,0.000000000000000000e+00,0.000000000000000000e+00
7.287613473733499347e+01,0.000000000000000000e+00,0.000000000000000000e+00
7.332064422474952892e+01,0.000000000000000000e+00,0.000000000000000000e+00
7.284425935637234772e+01,0.000000000000000000e+00,0.000000000000000000e+00
7.374963854663920415e+01,0.000000000000000000e+00,0.000000000000000000e+00
7.202830281498518161e+01,0.000000000000000000e+00,0.000000000000000000e+00
7.185736898698959862e+01,0.000000000000000000e+00,0.000000000000000000e+00
7.449137917105242934e+01,0.000000000000000000e+00,0.000000000000000000e+00
7.484528745908785652e+01,0.000000000000000000e+00,0.000000000000000000e+00
7.563221217490819015e+01,0.000000000000000000e+00,0.000000000000000000e+00
7.578384806851649103e+01,0.000000000000000000e+00,0.000000000000000000e+00
7.183983796452993431e+01,0.000000000000000000e+00,0.000000000000000000e+00
7.315418457151086784e+01,0.000000000000000000e+00,0.000000000000000000e+00
7.307867837772604958e+01,0.000000000000000000e+00,0.000000000000000000e+00
7.342560743851305460e+01,0.000000000000000000e+00,0.000000000000000000e+00
7.072695855980713020e+01,0.000000000000000000e+00,0.000000000000000000e+00
7.054256413643538792e+01,0.000000000000000000e+00,0.000000000000000000e+00
7.397723233731196046e+01,0.000000000000000000e+00,0.000000000000000000e+00
7.419877736678097335e+01,0.000000000000000000e+00,0.000000000000000000e+00
7.014514865513550035e+01,0.000000000000000000e+00,0.000000000000000000e+00
7.050806823428021630e+01,0.000000000000000000e+00,0.000000000000000000e+00
7.500074826484778612e+01,0.000000000000000000e+00,0.000000000000000000e+00
7.065761182473744384e+01,0.000000000000000000e+00,0.000000000000000000e+00
7.560020563096152557e+01,0.000000000000000000e+00,0.000000000000000000e+00
7.307802105263267833e+01,0.000000000000000000e+00,0.000000000000000000e+00
7.333993335519890877e+01,0.000000000000000000e+00,0.000000000000000000e+00
6.830354060775853497e+01,0.000000000000000000e+00,0.000000000000000000e+00
7.290855385945502576e+01,0.000000000000000000e+00,0.000000000000000000e+00
7.529361538768219475e+01,0.000000000000000000e+00,0.000000000000000000e+00
6.906638049145317382e+01,0.000000000000000000e+00,0.000000000000000000e+00
7.108084172112859278e+01,0.000000000000000000e+00,0.000000000000000000e+00
6.870643088022026745e+01,0.000000000000000000e+00,0.000000000000000000e+00
7.410281257812390265e+01,0.000000000000000000e+00,0.000000000000000000e+00
7.389087080183048784e+01,0.000000000000000000e+00,0.000000000000000000e+00
7.102957283680240153e+01,0.000000000000000000e+00,0.000000000000000000e+00
7.036815867866566521e+01,0.000000000000000000e+00,0.000000000000000000e+00
7.198617697998992071e+01,0.000000000000000000e+00,0.000000000000000000e+00
7.088289557764032622e+01,0.000000000000000000e+00,0.000000000000000000e+00
7.234750900998160716e+01,0.000000000000000000e+00,0.000000000000000000e+00
7.232977269170814338e+01,0.000000000000000000e+00,0.000000000000000000e+00
6.815957207334608370e+01,0.000000000000000000e+00,0.000000000000000000e+00
6.859520166733553026e+01,0.000000000000000000e+00,0.000000000000000000e+00
7.224031196361248419e+01,0.000000000000000000e+00,0.000000000000000000e+00
7.049434224129943516e+01,0.000000000000000000e+00,0.000000000000000000e+00
7.071106041193542069e+01,0.000000000000000000e+00,0.000000000000000000e+00
6.961045760918422332e+01,0.000000000000000000e+00,0.000000000000000000e+00
7.763417105712049704e+01,0.000000000000000000e+00,0.000000000000000000e+00
7.167177852690062423e+01,0.000000000000000000e+00,0.000000000000000000e+00
7.076752883751792922e+01,0.000000000000000000e+00,0.000000000000000000e+00
7.298657982047578230e+01,0.000000000000000000e+00,0.000000000000000000e+00
6.891853963663906768e+01,0.000000000000000000e+00,0.000000000000000000e+00
7.032563088023694320e+01,0.000000000000000000e+00,0.000000000000000000e+00
7.035378652458356896e+01,0.000000000000000000e+00,0.000000000000000000e+00
6.898960173470136681e+01,0.000000000000000000e+00,0.000000000000000000e+00
7.183824609487085411e+01,0.000000000000000000e+00,0.000000000000000000e+00
7.261853388101870621e+01,0.000000000000000000e+00,0.000000000000000000e+00
7.004904508798807683e+01,0.000000000000000000e+00,0.000000000000000000e+00
7.076771704874344948e+01,0.000000000000000000e+00,0.000000000000000000e+00
7.078887561911116677e+01,0.000000000000000000e+00,0.000000000000000000e+00
6.848493966205697348e+01,0.000000000000000000e+00,0.000000000000000000e+00
6.900993822701229874e+01,0.000000000000000000e+00,0.000000000000000000e+00
6.900102999336544940e+01,0.000000000000000000e+00,0.000000000000000000e+00
7.312109745456109522e+01,0.000000000000000000e+00,0.000000000000000000e+00
7.270856901020599139e+01,0.000000000000000000e+00,0.000000000000000000e+00
6.932630547034455049e+01,0.000000000000000000e+00,0.000000000000000000e+00
6.917855282318159027e+01,0.000000000000000000e+00,0.000000000000000000e+00
7.381777162785813573e+01,0.000000000000000000e+00,0.000000000000000000e+00
7.004762370506327329e+01,0.000000000000000000e+00,0.000000000000000000e+00
6.988955144622323701e+01,0.000000000000000000e+00,0.000000000000000000e+00
6.938764990438374980e+01,0.000000000000000000e+00,0.000000000000000000e+00
6.877353773841846873e+01,0.000000000000000000e+00,0.000000000000000000e+00
6.761800750957586104e+01,0.000000000000000000e+00,0.000000000000000000e+00
7.192980146644445938e+01,0.000000000000000000e+00,0.000000000000000000e+00
7.040714248663607577e+01,0.000000000000000000e+00,0.000000000000000000e+00
6.963110017068954960e+01,0.000000000000000000e+00,0.000000000000000000e+00
6.947234013714837886e+01,0.000000000000000000e+00,0.000000000000000000e+00
7.009708446090773748e+01,0.000000000000000000e+00,0.000000000000000000e+00
6.725490152783115150e+01,0.000000000000000000e+00,0.000000000000000000e+00
6.973736214478627460e+01,0.000000000000000000e+00,0.000000000000000000e+00
7.065265579128023887e+01,0.000000000000000000e+00,0.000000000000000000e+00
6.816623708345539967e+01,0.000000000000000000e+00,0.000000000000000000e+00
6.927935092148948115e+01,0.000000000000000000e+00,0.000000000000000000e+00
6.921839813062261726e+01,0.000000000000000000e+00,0.000000000000000000e+00
7.119353602727318275e+01,0.000000000000000000e+00,0.000000000000000000e+00
6.544339078591488601e+01,0.000000000000000000e+00,0.000000000000000000e+00
6.887655258260430458e+01,0.000000000000000000e+00,0.000000000000000000e+00
6.589480237919052286e+01,0.000000000000000000e+00,0.000000000000000000e+00
6.789203498009301541e+01,0.000000000000000000e+00,0.000000000000000000e+00
7.110309020258287660e+01,0.000000000000000000e+00,0.000000000000000000e+00
6.890774250020469083e+01,0.000000000000000000e+00,0.000000000000000000e+00
6.968249664187042924e+01,0.000000000000000000e+00,0.000000000000000000e+00
6.532226902214902964e+01,0.000000000000000000e+00,0.000000000000000000e+00
6.968852256523916822e+01,0.000000000000000000e+00,0.000000000000000000e+00
7.111154103337115373e+01,0.000000000000000000e+00,0.000000000000000000e+00
7.225591664999443253e+01,0.000000000000000000e+00,0.000000000000000000e+00
6.993370944714811799e+01,0.000000000000000000e+00,0.000000000000000000e+00
6.872019334022525072e+01,0.000000000000000000e+00,0.000000000000000000e+00
6.771714902632648148e+01,0.000000000000000000e+00,0.000000000000000000e+00
7.001763008191849735e+01,0.000000000000000000e+00,0.000000000000000000e+00
6.987448214838013882e+01,0.000000000000000000e+00,0.000000000000000000e+00
6.807703192765963252e+01,0.000000000000000000e+00,0.000000000000000000e+00
7.114799691070183485e+01,0.000000000000000000e+00,0.000000000000000000e+00
6.678557768821977447e+01,0.000000000000000000e+00,0.000000000000000000e+00
7.036643446455030926e+01,0.000000000000000000e+00,0.000000000000000000e+00
6.960026593055623323e+01,0.000000000000000000e+00,0.000000000000000000e+00
6.639955068811032390e+01,0.000000000000000000e+00,0.000000000000000000e+00
6.877282488416207684e+01,0.000000000000000000e+00,0.000000000000000000e+00
6.212834635253130955e+01,0.000000000000000000e+00,0.000000000000000000e+00
6.646010259693160549e+01,0.000000000000000000e+00,0.000000000000000000e+00
6.764259789916121690e+01,0.000000000000000000e+00,0.000000000000000000e+00
7.164041733093893072e+01,0.000000000000000000e+00,0.000000000000000000e+00
6.646773605719351963e+01,0.000000000000000000e+00,0.000000000000000000e+00
6.822229946795685862e+01,0.000000000000000000e+00,0.000000000000000000e+00
6.399325255540752977e+01,0.000000000000000000e+00,0.000000000000000000e+00
6.382770514625236302e+01,0.000000000000000000e+00,0.000000000000000000e+00
6.778308218036470123e+01,0.000000000000000000e+00,0.000000000000000000e+00
7.003865514878972931e+01,0.000000000000000000e+00,0.000000000000000000e+00
6.676697943994869888e+01,0.000000000000000000e+00,0.000000000000000000e+00
6.896982816477033396e+01,0.000000000000000000e+00,0.000000000000000000e+00
7.089138057059872722e+01,0.000000000000000000e+00,0.000000000000000000e+00
6.506204632188359938e+01,0.000000000000000000e+00,0.000000000000000000e+00
6.661396233626244623e+01,0.000000000000000000e+00,0.000000000000000000e+00
6.564693364614629445e+01,0.000000000000000000e+00,0.000000000000000000e+00
6.739515385599376884e+01,0.000000000000000000e+00,0.000000000000000000e+00
6.681540849329076082e+01,0.000000000000000000e+00,0.000000000000000000e+00
6.412843773576480544e+01,0.000000000000000000e+00,0.000000000000000000e+00
6.308967994226384235e+01,0.000000000000000000e+00,0.000000000000000000e+00
6.546582530940294475e+01,0.000000000000000000e+00,0.000000000000000000e+00
6.540656767085378931e+01,0.000000000000000000e+00,0.000000000000000000e+00
6.470279514733152837e+01,0.000000000000000000e+00,0.000000000000000000e+00
6.563277230146992736e+01,0.000000000000000000e+00,0.000000000000000000e+00
6.818153016460952642e+01,0.000000000000000000e+00,0.000000000000000000e+00
6.393730156849417767e+01,0.000000000000000000e+00,0.000000000000000000e+00
6.802276550897258289e+01,0.000000000000000000e+00,0.000000000000000000e+00
6.437613500088427543e+01,0.000000000000000000e+00,0.000000000000000000e+00
6.400738888020104866e+01,0.000000000000000000e+00,0.000000000000000000e+00
6.547076213879472562e+01,0.000000000000000000e+00,0.000000000000000000e+00
6.520167692001888327e+01,0.000000000000000000e+00,0.000000000000000000e+00
6.626364815285228360e+01,0.000000000000000000e+00,0.000000000000000000e+00
6.553740717513659320e+01,0.000000000000000000e+00,0.000000000000000000e+00
6.427023769378202189e+01,0.000000000000000000e+00,0.000000000000000000e+00
6.324138934129653222e+01,0.000000000000000000e+00,0.000000000000000000e+00
6.641030377512920779e+01,0.000000000000000000e+00,0.000000000000000000e+00
6.601909812341325789e+01,0.000000000000000000e+00,0.000000000000000000e+00
6.339363234461011842e+01,0.000000000000000000e+00,0.000000000000000000e+00
6.781795852655429258e+01,0.000000000000000000e+00,0.000000000000000000e+00
6.704431755574141505e+01,0.000000000000000000e+00,0.000000000000000000e+00
6.333677166507060008e+01,0.000000000000000000e+00,0.000000000000000000e+00
6.470840875532259417e+01,0.000000000000000000e+00,0.000000000000000000e+00
6.377747914199250090e+01,0.000000000000000000e+00,0.000000000000000000e+00
6.619079639633945078e+01,0.000000000000000000e+00,0.000000000000000000e+00
6.800807356779303348e+01,0.000000000000000000e+00,0.000000000000000000e+00
6.357899729576197245e+01,0.000000000000000000e+00,0.000000000000000000e+00
6.423541925187447532e+01,0.000000000000000000e+00,0.000000000000000000e+00
6.559042389107165150e+01,0.000000000000000000e+00,0.000000000000000000e+00
6.515781322331099545e+01,0.000000000000000000e+00,0.000000000000000000e+00
6.402158480643505811e+01,0.000000000000000000e+00,0.000000000000000000e+00
6.293752811863542718e+01,0.000000000000000000e+00,0.000000000000000000e+00
6.369185252548348330e+01,0.000000000000000000e+00,0.000000000000000000e+00
6.549003420427675337e+01,0.000000000000000000e+00,0.000000000000000000e+00
6.320736662484007695e+01,0.000000000000000000e+00,0.000000000000000000e+00
6.604442192337457129e+01,0.000000000000000000e+00,0.000000000000000000e+00
6.325083433537788125e+01,0.000000000000000000e+00,0.000000000000000000e+00
6.434833281212910094e+01,0.000000000000000000e+00,0.000000000000000000e+00
6.476874185437323206e+01,0.000000000000000000e+00,0.000000000000000000e+00
6.204469497099127295e+01,0.000000000000000000e+00,0.000000000000000000e+00
6.577546518241464923e+01,0.000000000000000000e+00,0.000000000000000000e+00
6.196273282909655222e+01,0.000000000000000000e+00,0.000000000000000000e+00
6.467817533939927443e+01,0.000000000000000000e+00,0.000000000000000000e+00
6.104515136912090156e+01,0.000000000000000000e+00,0.000000000000000000e+00
6.533696286612459403e+01,0.000000000000000000e+00,0.000000000000000000e+00
6.549537530214591641e+01,0.000000000000000000e+00,0.000000000000000000e+00
6.399759869748938002e+01,0.000000000000000000e+00,0.000000000000000000e+00
5.912194025169109324e+01,0.000000000000000000e+00,0.000000000000000000e+00
5.837305244613978061e+01,0.000000000000000000e+00,0.000000000000000000e+00
6.115603030800924955e+01,0.000000000000000000e+00,0.000000000000000000e+00
6.212511958297532288e+01,0.000000000000000000e+00,0.000000000000000000e+00
6.441988899748379538e+01,0.000000000000000000e+00,0.000000000000000000e+00
6.181665431306883107e+01,0.000000000000000000e+00,0.000000000000000000e+00
6.209104325355404796e+01,0.000000000000000000e+00,0.000000000000000000e+00
6.042949075855663921e+01,0.000000000000000000e+00,0.000000000000000000e+00
5.810261338793820585e+01,0.000000000000000000e+00,0.000000000000000000e+00
6.233613213099918937e+01,0.000000000000000000e+00,0.000000000000000000e+00
6.466450907261321390e+01,0.000000000000000000e+00,0.000000000000000000e+00
6.201960203996668497e+01,0.000000000000000000e+00,0.000000000000000000e+00
6.091777122512749543e+01,0.000000000000000000e+00,0.000000000000000000e+00
6.363564938010310357e+01,0.000000000000000000e+00,0.000000000000000000e+00
6.446883158120932933e+01,0.000000000000000000e+00,0.000000000000000000e+00
6.338532285263442390e+01,0.000000000000000000e+00,0.000000000000000000e+00
6.100622776966638128e+01,0.000000000000000000e+00,0.000000000000000000e+00
6.162742858389212586e+01,0.000000000000000000e+00,0.000000000000000000e+00
5.880940894053925661e+01,0.000000000000000000e+00,0.000000000000000000e+00
6.086697443435615895e+01,0.000000000000000000e+00,0.000000000000000000e+00
6.064513640370247316e+01,0.000000000000000000e+00,0.000000000000000000e+00
6.151339924680011961e+01,0.000000000000000000e+00,0.000000000000000000e+00
6.333601961789550927e+01,0.000000000000000000e+00,0.000000000000000000e+00
6.338163761551829367e+01,0.000000000000000000e+00,0.000000000000000000e+00
6.117826491026752933e+01,0.000000000000000000e+00,0.000000000000000000e+00
5.890127257559269935e+01,0.000000000000000000e+00,0.000000000000000000e+00
5.902394430806536718e+01,0.000000000000000000e+00,0.000000000000000000e+00
6.186124874081144753e+01,0.000000000000000000e+00,0.000000000000000000e+00
6.121411580187436385e+01,0.000000000000000000e+00,0.000000000000000000e+00
5.943840708487357460e+01,0.000000000000000000e+00,0.000000000000000000e+00
5.792984488331247661e+01,0.000000000000000000e+00,0.000000000000000000e+00
6.112425848662896755e+01,0.000000000000000000e+00,0.000000000000000000e+00
6.116097311122471325e+01,0.000000000000000000e+00,0.000000000000000000e+00
5.986845003431837853e+01,0.000000000000000000e+00,0.000000000000000000e+00
6.120348791246750153e+01,0.000000000000000000e+00,0.000000000000000000e+00
5.934594740834479865e+01,0.000000000000000000e+00,0.000000000000000000e+00
6.104192049712659696e+01,0.000000000000000000e+00,0.000000000000000000e+00
5.773223360088327638e+01,0.000000000000000000e+00,0.000000000000000000e+00
6.086828489052819435e+01,0.000000000000000000e+00,0.000000000000000000e+00
5.977801077944064900e+01,0.000000000000000000e+00,0.000000000000000000e+00
5.789756195390462779e+01,0.000000000000000000e+00,0.000000000000000000e+00
6.029417883536812894e+01,0.000000000000000000e+00,0.000000000000000000e+00
6.289616787308187185e+01,0.000000000000000000e+00,0.000000000000000000e+00
5.553269830482528135e+01,0.000000000000000000e+00,0.000000000000000000e+00
5.828126440193114632e+01,0.000000000000000000e+00,0.000000000000000000e+00
5.692924305476564939e+01,0.000000000000000000e+00,0.000000000000000000e+00
5.712663582116206129e+01,0.000000000000000000e+00,0.000000000000000000e+00
5.882090073031606892e+01,0.000000000000000000e+00,0.000000000000000000e+00
6.378541360851671271e+01,0.000000000000000000e+00,0.000000000000000000e+00
5.656723078062375265e+01,0.000000000000000000e+00,0.000000000000000000e+00
6.027910958100147809e+01,0.000000000000000000e+00,0.000000000000000000e+00
5.683583315844187922e+01,0.000000000000000000e+00,0.000000000000000000e+00
5.581195650660116314e+01,0.000000000000000000e+00,0.000000000000000000e+00
5.972443881542859145e+01,0.000000000000000000e+00,0.000000000000000000e+00
5.929114529068234418e+01,0.000000000000000000e+00,0.000000000000000000e+00
6.290763693326533001e+01,0.000000000000000000e+00,0.000000000000000000e+00
5.819244240226315412e+01,0.000000000000000000e+00,0.000000000000000000e+00
5.569239110549779781e+01,0.000000000000000000e+00,0.000000000000000000e+00
5.870123505179014956e+01,0.000000000000000000e+00,0.000000000000000000e+00
6.087685467563870390e+01,0.000000000000000000e+00,0.000000000000000000e+00
5.841124615824117683e+01,0.000000000000000000e+00,0.000000000000000000e+00
5.906350157676695289e+01,0.000000000000000000e+00,0.000000000000000000e+00
5.408830588979478193e+01,0.000000000000000000e+00,0.000000000000000000e+00
5.701504040618898017e+01,0.000000000000000000e+00,0.000000000000000000e+00
5.688621021300028247e+01,0.000000000000000000e+00,0.000000000000000000e+00
5.433843239021017268e+01,0.000000000000000000e+00,0.000000000000000000e+00
5.779092126194822754e+01,0.000000000000000000e+00,0.000000000000000000e+00
5.810521336251797209e+01,0.000000000000000000e+00,0.000000000000000000e+00
5.933130257918976724e+01,0.000000000000000000e+00,0.000000000000000000e+00
5.622781455449280941e+01,0.000000000000000000e+00,0.000000000000000000e+00
5.828221702971401896e+01,0.000000000000000000e+00,0.000000000000000000e+00
5.860073279032753391e+01,0.000000000000000000e+00,0.000000000000000000e+00
6.114876282063223556e+01,0.000000000000000000e+00,0.000000000000000000e+00
6.008327756798470887e+01,0.000000000000000000e+00,0.000000000000000000e+00
5.336477061863796223e+01,0.000000000000000000e+00,0.000000000000000000e+00
5.520275063504804081e+01,0.000000000000000000e+00,0.000000000000000000e+00
5.428789952655525042e+01,0.000000000000000000e+00,0.000000000000000000e+00
5.661529228946535142e+01,0.000000000000000000e+00,0.000000000000000000e+00
5.634497874784450744e+01,0.000000000000000000e+00,0.000000000000000000e+00
5.507461756257242769e+01,0.000000000000000000e+00,0.000000000000000000e+00
5.495019745783326925e+01,0.000000000000000000e+00,0.000000000000000000e+00
6.030356586763877402e+01,0.000000000000000000e+00,0.000000000000000000e+00
5.642237079645394715e+01,0.000000000000000000e+00,0.000000000000000000e+00
5.656304500794593793e+01,0.000000000000000000e+00,0.000000000000000000e+00
5.729202774796771536e+01,0.000000000000000000e+00,0.000000000000000000e+00
5.796906243310646545e+01,0.000000000000000000e+00,0.000000000000000000e+00
5.525726904563924791e+01,0.000000000000000000e+00,0.000000000000000000e+00
5.817129961224156887e+01,0.000000000000000000e+00,0.000000000000000000e+00
5.921191383877111036e+01,0.000000000000000000e+00,0.000000000000000000e+00
5.633068378760903272e+01,0.000000000000000000e+00,0.000000000000000000e+00
5.676748897419375339e+01,0.000000000000000000e+00,0.000000000000000000e+00
5.690175141816514781e+01,0.000000000000000000e+00,0.000000000000000000e+00
5.503528288780224642e+01,0.000000000000000000e+00,0.000000000000000000e+00
6.008905454661950785e+01,0.000000000000000000e+00,0.000000000000000000e+00
5.742273494745744244e+01,0.000000000000000000e+00,0.000000000000000000e+00
5.695359947753401286e+01,0.000000000000000000e+00,0.000000000000000000e+00
5.287623223496761682e+01,0.000000000000000000e+00,0.000000000000000000e+00
5.720767474442525469e+01,0.000000000000000000e+00,0.000000000000000000e+00
5.886543413794350244e+01,0.000000000000000000e+00,0.000000000000000000e+00
5.311213756133715691e+01,0.000000000000000000e+00,0.000000000000000000e+00
5.272902226978222728e+01,0.000000000000000000e+00,0.000000000000000000e+00
5.398662623191928134e+01,0.000000000000000000e+00,0.000000000000000000e+00
5.279298696153532688e+01,0.000000000000000000e+00,0.000000000000000000e+00
5.217601765837180494e+01,0.000000000000000000e+00,0.000000000000000000e+00
5.463995219665935110e+01,0.000000000000000000e+00,0.000000000000000000e+00
5.410054425906334785e+01,0.000000000000000000e+00,0.000000000000000000e+00
5.268553781220440868e+01,0.000000000000000000e+00,0.000000000000000000e+00
5.450870397446765736e+01,0.000000000000000000e+00,0.000000000000000000e+00
5.337983881463944869e+01,0.000000000000000000e+00,0.000000000000000000e+00
5.288359073741033001e+01,0.000000000000000000e+00,0.000000000000000000e+00
5.733308106173785745e+01,0.000000000000000000e+00,0.000000000000000000e+00
5.433970497768238062e+01,0.000000000000000000e+00,0.000000000000000000e+00
5.819631066659415808e+01,0.000000000000000000e+00,0.000000000000000000e+00
5.167136448525210568e+01,0.000000000000000000e+00,0.000000000000000000e+00
5.804484637654427814e+01,0.000000000000000000e+00,0.000000000000000000e+00
5.129565452548290949e+01,0.000000000000000000e+00,0.000000000000000000e+00
5.224773481574253964e+01,0.000000000000000000e+00,0.000000000000000000e+00
4.958521586329575115e+01,0.000000000000000000e+00,0.000000000000000000e+00
5.027551454617938731e+01,0.000000000000000000e+00,0.000000000000000000e+00
5.282812270491736228e+01,0.000000000000000000e+00,0.000000000000000000e+00
5.631799186654709644e+01,0.000000000000000000e+00,0.000000000000000000e+00
5.342821639840975223e+01,0.000000000000000000e+00,0.000000000000000000e+00
5.357833069688524574e+01,0.000000000000000000e+00,0.000000000000000000e+00
5.221878574374845527e+01,0.000000000000000000e+00,0.000000000000000000e+00
5.258332976015513083e+01,0.000000000000000000e+00,0.000000000000000000e+00
5.068940224874983613e+01,0.000000000000000000e+00,0.000000000000000000e+00
5.256667165336163094e+01,0.000000000000000000e+00,0.000000000000000000e+00
4.998241613002326744e+01,0.000000000000000000e+00,0.000000000000000000e+00
5.448880741470190969e+01,0.000000000000000000e+00,0.000000000000000000e+00
5.350866691815496523e+01,0.000000000000000000e+00,0.000000000000000000e+00
5.409893387102901841e+01,0.000000000000000000e+00,0.000000000000000000e+00
5.374511936422914005e+01,0.000000000000000000e+00,0.000000000000000000e+00
5.603084815251431650e+01,0.000000000000000000e+00,0.000000000000000000e+00
5.282315183670571201e+01,0.000000000000000000e+00,0.000000000000000000e+00
5.383939941989894606e+01,0.000000000000000000e+00,0.000000000000000000e+00
5.785567568569577190e+01,0.000000000000000000e+00,0.000000000000000000e+00
5.440742827111430557e+01,0.000000000000000000e+00,0.000000000000000000e+00
5.383833826103413855e+01,0.000000000000000000e+00,0.000000000000000000e+00
5.458373806127168137e+01,0.000000000000000000e+00,0.000000000000000000e+00
4.943699345937940848e+01,0.000000000000000000e+00,0.000000000000000000e+00
5.328020165230323357e+01,0.000000000000000000e+00,0.000000000000000000e+00
5.154967041743812928e+01,0.000000000000000000e+00,0.000000000000000000e+00
5.006531876716829998e+01,0.000000000000000000e+00,0.000000000000000000e+00
4.828692122912845264e+01,0.000000000000000000e+00,0.000000000000000000e+00
4.857254869553094068e+01,0.000000000000000000e+00,0.000000000000000000e+00
5.178623126031196477e+01,0.000000000000000000e+00,0.000000000000000000e+00
4.868917161308792885e+01,0.000000000000000000e+00,0.000000000000000000e+00
4.917111562692159055e+01,0.000000000000000000e+00,0.000000000000000000e+00
5.556285336919652451e+01,0.000000000000000000e+00,0.000000000000000000e+00
5.274442869609259787e+01,0.000000000000000000e+00,0.000000000000000000e+00
5.157604941157036649e+01,0.000000000000000000e+00,0.000000000000000000e+00
4.829810120736267010e+01,0.000000000000000000e+00,0.000000000000000000e+00
4.995916396583698571e+01,0.000000000000000000e+00,0.000000000000000000e+00
4.733971431163504917e+01,0.000000000000000000e+00,0.000000000000000000e+00
4.974996656001449935e+01,0.000000000000000000e+00,0.000000000000000000e+00
5.424163442764213983e+01,0.000000000000000000e+00,0.000000000000000000e+00
4.927131975282067344e+01,0.000000000000000000e+00,0.000000000000000000e+00
5.133857906744502486e+01,0.000000000000000000e+00,0.000000000000000000e+00
5.088187252078932943e+01,0.000000000000000000e+00,0.000000000000000000e+00
4.754733763935912805e+01,0.000000000000000000e+00,0.000000000000000000e+00
4.888362583527286631e+01,0.000000000000000000e+00,0.000000000000000000e+00
5.036292430210512805e+01,0.000000000000000000e+00,0.000000000000000000e+00
5.099646030278815800e+01,0.000000000000000000e+00,0.000000000000000000e+00
5.129760103501177326e+01,0.000000000000000000e+00,0.000000000000000000e+00
5.278035324100720516e+01,0.000000000000000000e+00,0.000000000000000000e+00
5.040741953969495626e+01,0.000000000000000000e+00,0.000000000000000000e+00
5.228529556474022399e+01,0.000000000000000000e+00,0.000000000000000000e+00
5.014389763240376396e+01,0.000000000000000000e+00,0.000000000000000000e+00
4.990120837299551937e+01,0.000000000000000000e+00,0.000000000000000000e+00
4.814168540276849484e+01,0.000000000000000000e+00,0.000000000000000000e+00
5.243044039994884997e+01,0.000000000000000000e+00,0.000000000000000000e+00
4.953094094088738331e+01,0.000000000000000000e+00,0.000000000000000000e+00
5.171584252733378406e+01,0.000000000000000000e+00,0.000000000000000000e+00
4.575462811613751768e+01,0.000000000000000000e+00,0.000000000000000000e+00
4.507829850037253294e+01,0.000000000000000000e+00,0.000000000000000000e+00
4.962010307132120346e+01,0.000000000000000000e+00,0.000000000000000000e+00
5.234283655633088017e+01,0.000000000000000000e+00,0.000000000000000000e+00
4.545436230745887229e+01,0.000000000000000000e+00,0.000000000000000000e+00
4.339518471661534704e+01,0.000000000000000000e+00,0.000000000000000000e+00
4.557402257792512046e+01,0.000000000000000000e+00,0.000000000000000000e+00
5.191827694170082452e+01,0.000000000000000000e+00,0.000000000000000000e+00
4.519630596491877128e+01,0.000000000000000000e+00,0.000000000000000000e+00
4.746635563941227076e+01,0.000000000000000000e+00,0.000000000000000000e+00
4.684779604999643965e+01,0.000000000000000000e+00,0.000000000000000000e+00
4.671603092183778472e+01,0.000000000000000000e+00,0.000000000000000000e+00
4.853314105866990502e+01,0.000000000000000000e+00,0.000000000000000000e+00
5.254575029431706668e+01,0.000000000000000000e+00,0.000000000000000000e+00
4.838377879517878455e+01,0.000000000000000000e+00,0.000000000000000000e+00
5.065385187832124103e+01,0.000000000000000000e+00,0.000000000000000000e+00
4.644843470062100010e+01,0.000000000000000000e+00,0.000000000000000000e+00
4.942602270464767145e+01,0.000000000000000000e+00,0.000000000000000000e+00
4.930550893258026690e+01,0.000000000000000000e+00,0.000000000000000000e+00
4.715199590130232821e+01,0.000000000000000000e+00,0.000000000000000000e+00
4.601074276855079859e+01,0.000000000000000000e+00,0.000000000000000000e+00
4.645031944182142780e+01,0.000000000000000000e+00,0.000000000000000000e+00
4.626890736427232298e+01,0.000000000000000000e+00,0.000000000000000000e+00
4.675787200401144617e+01,0.000000000000000000e+00,0.000000000000000000e+00
4.884378953496163689e+01,0.000000000000000000e+00,0.000000000000000000e+00
4.867184200632316760e+01,0.000000000000000000e+00,0.000000000000000000e+00
4.605363861689344418e+01,0.000000000000000000e+00,0.000000000000000000e+00
4.455240407352110310e+01,0.000000000000000000e+00,0.000000000000000000e+00
4.899722017382591588e+01,0.000000000000000000e+00,0.000000000000000000e+00
4.831722108429401175e+01,0.000000000000000000e+00,0.000000000000000000e+00
4.611856328790416626e+01,0.000000000000000000e+00,0.000000000000000000e+00
4.475294897555421869e+01,0.000000000000000000e+00,0.000000000000000000e+00
4.764594343708586877e+01,0.000000000000000000e+00,0.000000000000000000e+00
4.428189079635862413e+01,0.000000000000000000e+00,0.000000000000000000e+00
4.714052250647697662e+01,0.000000000000000000e+00,0.000000000000000000e+00
4.773857463419214753e+01,0.000000000000000000e+00,0.000000000000000000e+00
4.707601844010258674e+01,0.000000000000000000e+00,0.000000000000000000e+00
4.769504555601960050e+01,0.000000000000000000e+00,0.000000000000000000e+00
4.438121358754394663e+01,0.000000000000000000e+00,0.000000000000000000e+00
4.753570032199309026e+01,0.000000000000000000e+00,0.000000000000000000e+00
4.268179276743367723e+01,0.000000000000000000e+00,0.000000000000000000e+00
5.015890214490102039e+01,0.000000000000000000e+00,0.000000000000000000e+00
4.688771763954503768e+01,0.000000000000000000e+00,0.000000000000000000e+00
4.634922046337526780e+01,0.000000000000000000e+00,0.000000000000000000e+00
4.539052715563010310e+01,0.000000000000000000e+00,0.000000000000000000e+00
4.481787857680220810e+01,0.000000000000000000e+00,0.000000000000000000e+00
4.539710601994870842e+01,0.000000000000000000e+00,0.000000000000000000e+00
4.773727204924941958e+01,0.000000000000000000e+00,0.000000000000000000e+00
4.402924913010947705e+01,0.000000000000000000e+00,0.000000000000000000e+00
4.362481627442461729e+01,0.000000000000000000e+00,0.000000000000000000e+00
4.939042279805075708e+01,0.000000000000000000e+00,0.000000000000000000e+00
4.358513792080699289e+01,0.000000000000000000e+00,0.000000000000000000e+00
4.558319238723519362e+01,0.000000000000000000e+00,0.000000000000000000e+00
4.472780480065431163e+01,0.000000000000000000e+00,0.000000000000000000e+00
4.339041058705371512e+01,0.000000000000000000e+00,0.000000000000000000e+00
4.642650777444060139e+01,0.000000000000000000e+00,0.000000000000000000e+00
4.573224573746502841e+01,0.000000000000000000e+00,0.000000000000000000e+00
4.236579337329936834e+01,0.000000000000000000e+00,0.000000000000000000e+00
4.147474124939174800e+01,0.000000000000000000e+00,0.000000000000000000e+00
4.498133251389297982e+01,0.000000000000000000e+00,0.000000000000000000e+00
4.489857604464900476e+01,0.000000000000000000e+00,0.000000000000000000e+00
4.668498890176051219e+01,0.000000000000000000e+00,0.000000000000000000e+00
4.673336192560246616e+01,0.000000000000000000e+00,0.000000000000000000e+00
4.264937698971564828e+01,0.000000000000000000e+00,0.000000000000000000e+00
4.226329691994175874e+01,0.000000000000000000e+00,0.000000000000000000e+00
4.524222752091361599e+01,0.000000000000000000e+00,0.000000000000000000e+00
4.681333988173609839e+01,0.000000000000000000e+00,0.000000000000000000e+00
4.467091803097130054e+01,0.000000000000000000e+00,0.000000000000000000e+00
4.251327450427335464e+01,0.000000000000000000e+00,0.000000000000000000e+00
4.182891392027583777e+01,0.000000000000000000e+00,0.000000000000000000e+00
4.277147660823646191e+01,0.000000000000000000e+00,0.000000000000000000e+00
4.071789304197220360e+01,0.000000000000000000e+00,0.000000000000000000e+00
4.320581662050606297e+01,0.000000000000000000e+00,0.000000000000000000e+00
4.228837533156258388e+01,0.000000000000000000e+00,0.000000000000000000e+00
4.264376611909114700e+01,0.000000000000000000e+00,0.000000000000000000e+00
4.123273063218359624e+01,0.000000000000000000e+00,0.000000000000000000e+00
4.001932467861288245e+01,0.000000000000000000e+00,0.000000000000000000e+00
3.881662529515323001e+01,0.000000000000000000e+00,0.000000000000000000e+00
4.046338933523561820e+01,0.000000000000000000e+00,0.000000000000000000e+00
4.113065594942323600e+01,0.000000000000000000e+00,0.000000000000000000e+00
3.888563758071308740e+01,0.000000000000000000e+00,0.000000000000000000e+00
4.134635149777684404e+01,0.000000000000000000e+00,0.000000000000000000e+00
4.491620231591620183e+01,0.000000000000000000e+00,0.000000000000000000e+00
4.467546484613556856e+01,0.000000000000000000e+00,0.000000000000000000e+00
4.365189447933960309e+01,0.000000000000000000e+00,0.000000000000000000e+00
4.357509609163001585e+01,0.000000000000000000e+00,0.000000000000000000e+00
4.188937588635074860e+01,0.000000000000000000e+00,0.000000000000000000e+00
3.890133641693388000e+01,0.000000000000000000e+00,0.000000000000000000e+00
4.262303658371488524e+01,0.000000000000000000e+00,0.000000000000000000e+00
4.455715597271562700e+01,0.000000000000000000e+00,0.000000000000000000e+00
4.310788541339947244e+01,0.000000000000000000e+00,0.000000000000000000e+00
4.238874174345416890e+01,0.000000000000000000e+00,0.000000000000000000e+00
4.236259199112647167e+01,0.000000000000000000e+00,0.000000000000000000e+00
4.114659910390137298e+01,0.000000000000000000e+00,0.000000000000000000e+00
4.471480374108312361e+01,0.000000000000000000e+00,0.000000000000000000e+00
4.122674652805397244e+01,0.000000000000000000e+00,0.000000000000000000e+00
4.155876531379176697e+01,0.000000000000000000e+00,0.000000000000000000e+00
3.910824722710054857e+01,0.000000000000000000e+00,0.000000000000000000e+00
4.147891820676187535e+01,0.000000000000000000e+00,0.000000000000000000e+00
3.852115237842436812e+01,0.000000000000000000e+00,0.000000000000000000e+00
4.518100742476323717e+01,0.000000000000000000e+00,0.000000000000000000e+00
3.979371559282714799e+01,0.000000000000000000e+00,0.000000000000000000e+00
4.434361466223991499e+01,0.000000000000000000e+00,0.000000000000000000e+00
3.803395385132921547e+01,0.000000000000000000e+00,0.000000000000000000e+00
3.988798171790687519e+01,0.000000000000000000e+00,0.000000000000000000e+00
3.897169796815879295e+01,0.000000000000000000e+00,0.000000000000000000e+00
3.971431902381916501e+01,0.000000000000000000e+00,0.000000000000000000e+00
4.106813251577931112e+01,0.000000000000000000e+00,0.000000000000000000e+00
4.142836363977482250e+01,0.000000000000000000e+00,0.000000000000000000e+00
4.254568413314098052e+01,0.000000000000000000e+00,0.000000000000000000e+00
3.979801067373470147e+01,0.000000000000000000e+00,0.000000000000000000e+00
3.788713964321681260e+01,0.000000000000000000e+00,0.000000000000000000e+00
4.154393125088370908e+01,0.000000000000000000e+00,0.000000000000000000e+00
3.910988661997831883e+01,0.000000000000000000e+00,0.000000000000000000e+00
4.263447218800401117e+01,0.000000000000000000e+00,0.000000000000000000e+00
3.907680789011496358e+01,0.000000000000000000e+00,0.000000000000000000e+00
4.122930435683626627e+01,0.000000000000000000e+00,0.000000000000000000e+00
4.151998547279993090e+01,0.000000000000000000e+00,0.000000000000000000e+00
3.969873964351366169e+01,0.000000000000000000e+00,0.000000000000000000e+00
3.861225934095924828e+01,0.000000000000000000e+00,0.000000000000000000e+00
3.791468319726998715e+01,0.000000000000000000e+00,0.000000000000000000e+00
3.785014404124198251e+01,0.000000000000000000e+00,0.000000000000000000e+00
3.979153575570295232e+01,0.000000000000000000e+00,0.000000000000000000e+00
4.155029194754506250e+01,0.000000000000000000e+00,0.000000000000000000e+00
3.981855148761787433e+01,0.000000000000000000e+00,0.000000000000000000e+00
3.920578308631197473e+01,0.000000000000000000e+00,0.000000000000000000e+00
3.845528723324613907e+01,0.000000000000000000e+00,0.000000000000000000e+00
3.162245873202778057e+01,0.000000000000000000e+00,0.000000000000000000e+00
3.712422805772248324e+01,0.000000000000000000e+00,0.000000000000000000e+00
4.013068526726989660e+01,0.000000000000000000e+00,0.000000000000000000e+00
3.779888505372239393e+01,0.000000000000000000e+00,0.000000000000000000e+00
4.116099312214716122e+01,0.000000000000000000e+00,0.000000000000000000e+00
3.703281930715613157e+01,0.000000000000000000e+00,0.000000000000000000e+00
3.898444710798979429e+01,0.000000000000000000e+00,0.000000000000000000e+00
3.965078866744193675e+01,0.000000000000000000e+00,0.000000000000000000e+00
3.771701947722561243e+01,0.000000000000000000e+00,0.000000000000000000e+00
3.854039101595346040e+01,0.000000000000000000e+00,0.000000000000000000e+00
4.043095804133608340e+01,0.000000000000000000e+00,0.000000000000000000e+00
3.733964772909240537e+01,0.000000000000000000e+00,0.000000000000000000e+00
3.763971248511725776e+01,0.000000000000000000e+00,0.000000000000000000e+00
3.523766702864096345e+01,0.000000000000000000e+00,0.000000000000000000e+00
3.967261518418077060e+01,0.000000000000000000e+00,0.000000000000000000e+00
3.917498106597469842e+01,0.000000000000000000e+00,0.000000000000000000e+00
3.571729443131364690e+01,0.000000000000000000e+00,0.000000000000000000e+00
4.025032896597647181e+01,0.000000000000000000e+00,0.000000000000000000e+00
3.605818680161650036e+01,0.000000000000000000e+00,0.000000000000000000e+00
3.290953840939917541e+01,0.000000000000000000e+00,0.000000000000000000e+00
3.626758798449125720e+01,0.000000000000000000e+00,0.000000000000000000e+00
3.556465923371198556e+01,0.000000000000000000e+00,0.000000000000000000e+00
3.591577579522228802e+01,0.000000000000000000e+00,0.000000000000000000e+00
4.134423126517931735e+01,0.000000000000000000e+00,0.000000000000000000e+00
4.063049110787332552e+01,0.000000000000000000e+00,0.000000000000000000e+00
3.597791125308285842e+01,0.000000000000000000e+00,0.000000000000000000e+00
3.968832656695226291e+01,0.000000000000000000e+00,0.000000000000000000e+00
3.710474211662302224e+01,0.000000000000000000e+00,0.000000000000000000e+00
3.422023250149852913e+01,0.000000000000000000e+00,0.000000000000000000e+00
3.754227686768897598e+01,0.000000000000000000e+00,0.000000000000000000e+00
3.811167437636950694e+01,0.000000000000000000e+00,0.000000000000000000e+00
3.666904917799442387e+01,0.000000000000000000e+00,0.000000000000000000e+00
3.435820209136416281e+01,0.000000000000000000e+00,0.000000000000000000e+00
3.700610747987589377e+01,0.000000000000000000e+00,0.000000000000000000e+00
3.283406901273134082e+01,0.000000000000000000e+00,0.000000000000000000e+00
3.350667730317643134e+01,0.000000000000000000e+00,0.000000000000000000e+00
3.623709107365898063e+01,0.000000000000000000e+00,0.000000000000000000e+00
3.748121025865546585e+01,0.000000000000000000e+00,0.000000000000000000e+00
3.540273410578588908e+01,0.000000000000000000e+00,0.000000000000000000e+00
3.736647838216793360e+01,0.000000000000000000e+00,0.000000000000000000e+00
3.712258150119547651e+01,0.000000000000000000e+00,0.000000000000000000e+00
3.731368194014478945e+01,0.000000000000000000e+00,0.000000000000000000e+00
3.343277378781302644e+01,0.000000000000000000e+00,0.000000000000000000e+00
3.549142007075986527e+01,0.000000000000000000e+00,0.000000000000000000e+00
3.938026817205660279e+01,0.000000000000000000e+00,0.000000000000000000e+00
3.919346424299424569e+01,0.000000000000000000e+00,0.000000000000000000e+00
3.573712607843933853e+01,0.000000000000000000e+00,0.000000000000000000e+00
3.275515725123739230e+01,0.000000000000000000e+00,0.000000000000000000e+00
3.628391881636894567e+01,0.000000000000000000e+00,0.000000000000000000e+00
3.467407267597365461e+01,0.000000000000000000e+00,0.000000000000000000e+00
3.405529933876083248e+01,0.000000000000000000e+00,0.000000000000000000e+00
3.442428809202016993e+01,0.000000000000000000e+00,0.000000000000000000e+00
3.401379445941587676e+01,0.000000000000000000e+00,0.000000000000000000e+00
3.691628002619211912e+01,0.000000000000000000e+00,0.000000000000000000e+00
4.009066044765728520e+01,0.000000000000000000e+00,0.000000000000000000e+00
3.590439065135360153e+01,0.000000000000000000e+00,0.000000000000000000e+00
3.464877925434827688e+01,0.000000000000000000e+00,0.000000000000000000e+00
3.198795725559975978e+01,0.000000000000000000e+00,0.000000000000000000e+00
3.773929491737330721e+01,0.000000000000000000e+00,0.000000000000000000e+00
3.704220751662525402e+01,0.000000000000000000e+00,0.000000000000000000e+00
3.289761961973226079e+01,0.000000000000000000e+00,0.000000000000000000e+00
3.604102941446220854e+01,0.000000000000000000e+00,0.000000000000000000e+00
3.678756204948670216e+01,0.000000000000000000e+00,0.000000000000000000e+00
3.138038414525767195e+01,0.000000000000000000e+00,0.000000000000000000e+00
3.294764146147551998e+01,0.000000000000000000e+00,0.000000000000000000e+00
3.455770769005819432e+01,0.000000000000000000e+00,0.000000000000000000e+00
3.200884481853169916e+01,0.000000000000000000e+00,0.000000000000000000e+00
3.251536166766099711e+01,0.000000000000000000e+00,0.000000000000000000e+00
3.206907468645045611e+01,0.000000000000000000e+00,0.000000000000000000e+00
3.514137560070317079e+01,0.000000000000000000e+00,0.000000000000000000e+00
3.216098049839923334e+01,0.000000000000000000e+00,0.000000000000000000e+00
3.373095535758383789e+01,0.000000000000000000e+00,0.000000000000000000e+00
3.518374896320072764e+01,0.000000000000000000e+00,0.000000000000000000e+00
3.697201366055371352e+01,0.000000000000000000e+00,0.000000000000000000e+00
3.226862089858651927e+01,0.000000000000000000e+00,0.000000000000000000e+00
3.273762148349933199e+01,0.000000000000000000e+00,0.000000000000000000e+00
3.568118794180714559e+01,0.000000000000000000e+00,0.000000000000000000e+00
3.431495323491168392e+01,0.000000000000000000e+00,0.000000000000000000e+00
3.321898061703362259e+01,0.000000000000000000e+00,0.000000000000000000e+00
3.606689235909263402e+01,0.000000000000000000e+00,0.000000000000000000e+00
3.460938339871563585e+01,0.000000000000000000e+00,0.000000000000000000e+00
3.035168696950642442e+01,0.000000000000000000e+00,0.000000000000000000e+00
3.535876237962310142e+01,0.000000000000000000e+00,0.000000000000000000e+00
3.290673701420736563e+01,0.000000000000000000e+00,0.000000000000000000e+00
3.339190871581025277e+01,0.000000000000000000e+00,0.000000000000000000e+00
3.169756953170464087e+01,0.000000000000000000e+00,0.000000000000000000e+00
3.158242159011604144e+01,0.000000000000000000e+00,0.000000000000000000e+00
3.310956331254715224e+01,0.000000000000000000e+00,0.000000000000000000e+00
3.423817796598156349e+01,0.000000000000000000e+00,0.000000000000000000e+00
3.376327246820308403e+01,0.000000000000000000e+00,0.000000000000000000e+00
3.243563685096147964e+01,0.000000000000000000e+00,0.000000000000000000e+00
3.307409183353713189e+01,0.000000000000000000e+00,0.000000000000000000e+00
3.307663443275144033e+01,0.000000000000000000e+00,0.000000000000000000e+00
3.547255724278372924e+01,0.000000000000000000e+00,0.000000000000000000e+00
3.583285719682181281e+01,0.000000000000000000e+00,0.000000000000000000e+00
3.294202041763772826e+01,0.000000000000000000e+00,0.000000000000000000e+00
2.850987459852205674e+01,0.000000000000000000e+00,0.000000000000000000e+00
3.324547779711408424e+01,0.000000000000000000e+00,0.000000000000000000e+00
3.341323118919630275e+01,0.000000000000000000e+00,0.000000000000000000e+00
3.328209802794533800e+01,0.000000000000000000e+00,0.000000000000000000e+00
3.243829678392724958e+01,0.000000000000000000e+00,0.000000000000000000e+00
3.202333698848836718e+01,0.000000000000000000e+00,0.000000000000000000e+00
2.777919575284952458e+01,0.000000000000000000e+00,0.000000000000000000e+00
3.218206980496537994e+01,0.000000000000000000e+00,0.000000000000000000e+00
3.432613138995775159e+01,0.000000000000000000e+00,0.000000000000000000e+00
3.476218178599245334e+01,0.000000000000000000e+00,0.000000000000000000e+00
3.245592783702110751e+01,0.000000000000000000e+00,0.000000000000000000e+00
3.359621584730865607e+01,0.000000000000000000e+00,0.000000000000000000e+00
2.991490284002305344e+01,0.000000000000000000e+00,0.000000000000000000e+00
3.357999169912151416e+01,0.000000000000000000e+00,0.000000000000000000e+00
2.860616795802077661e+01,0.000000000000000000e+00,0.000000000000000000e+00
3.017396841293659904e+01,0.000000000000000000e+00,0.000000000000000000e+00
3.122400309130427587e+01,0.000000000000000000e+00,0.000000000000000000e+00
3.107141526692994304e+01,0.000000000000000000e+00,0.000000000000000000e+00
2.994817141220501355e+01,0.000000000000000000e+00,0.000000000000000000e+00
3.012654559847612390e+01,0.000000000000000000e+00,0.000000000000000000e+00
2.963875838144692665e+01,0.000000000000000000e+00,0.000000000000000000e+00
2.908252874732250604e+01,0.000000000000000000e+00,0.000000000000000000e+00
2.826517992643971766e+01,0.000000000000000000e+00,0.000000000000000000e+00
3.420056320393905480e+01,0.000000000000000000e+00,0.000000000000000000e+00
3.059469717087012341e+01,0.000000000000000000e+00,0.000000000000000000e+00
3.306898262550581080e+01,0.000000000000000000e+00,0.000000000000000000e+00
2.849023968874983481e+01,0.000000000000000000e+00,0.000000000000000000e+00
2.895531118465563480e+01,0.000000000000000000e+00,0.000000000000000000e+00
2.841155284473249765e+01,0.000000000000000000e+00,0.000000000000000000e+00
3.281528278808284682e+01,0.000000000000000000e+00,0.000000000000000000e+00
3.252083427408113891e+01,0.000000000000000000e+00,0.000000000000000000e+00
2.776401156728967834e+01,0.000000000000000000e+00,0.000000000000000000e+00
3.324070097362839959e+01,0.000000000000000000e+00,0.000000000000000000e+00
3.004423947138564444e+01,0.000000000000000000e+00,0.000000000000000000e+00
3.124257323551798748e+01,0.000000000000000000e+00,0.000000000000000000e+00
2.976611242194780615e+01,0.000000000000000000e+00,0.000000000000000000e+00
3.075387524692039420e+01,0.000000000000000000e+00,0.000000000000000000e+00
2.944742142532946616e+01,0.000000000000000000e+00,0.000000000000000000e+00
2.815044955763803713e+01,0.000000000000000000e+00,0.000000000000000000e+00
3.140842074637914649e+01,0.000000000000000000e+00,0.000000000000000000e+00
3.237519835769646193e+01,0.000000000000000000e+00,0.000000000000000000e+00
3.105737257830095999e+01,0.000000000000000000e+00,0.000000000000000000e+00
3.112422848535301512e+01,0.000000000000000000e+00,0.000000000000000000e+00
3.050408088814976537e+01,0.000000000000000000e+00,0.000000000000000000e+00
2.649393366211393186e+01,0.000000000000000000e+00,0.000000000000000000e+00
2.981281689024849868e+01,0.000000000000000000e+00,0.000000000000000000e+00
3.411525672093681294e+01,0.000000000000000000e+00,0.000000000000000000e+00
3.073066077932541162e+01,0.000000000000000000e+00,0.000000000000000000e+00
3.028368041282044487e+01,0.000000000000000000e+00,0.000000000000000000e+00
2.999581534045461950e+01,0.000000000000000000e+00,0.000000000000000000e+00
2.998773270206011077e+01,0.000000000000000000e+00,0.000000000000000000e+00
2.681155408998379386e+01,0.000000000000000000e+00,0.000000000000000000e+00
2.815852096001433225e+01,0.000000000000000000e+00,0.000000000000000000e+00
2.705078712250142559e+01,0.000000000000000000e+00,0.000000000000000000e+00
3.009130048221758003e+01,0.000000000000000000e+00,0.000000000000000000e+00
2.687152501631293688e+01,0.000000000000000000e+00,0.000000000000000000e+00
2.727617710865809286e+01,0.000000000000000000e+00,0.000000000000000000e+00
2.706331404513334249e+01,0.000000000000000000e+00,0.000000000000000000e+00
2.622726776347122879e+01,0.000000000000000000e+00,0.000000000000000000e+00
2.819955394723928777e+01,0.000000000000000000e+00,0.000000000000000000e+00
3.106083706906093767e+01,0.000000000000000000e+00,0.000000000000000000e+00
2.580704530657201801e+01,0.000000000000000000e+00,0.000000000000000000e+00
2.928204779588458351e+01,0.000000000000000000e+00,0.000000000000000000e+00
2.854142990812552583e+01,0.000000000000000000e+00,0.000000000000000000e+00
2.804299489338038498e+01,0.000000000000000000e+00,0.000000000000000000e+00
3.018966001322563386e+01,0.000000000000000000e+00,0.000000000000000000e+00
2.940154022206850826e+01,0.000000000000000000e+00,0.000000000000000000e+00
2.969346389679087750e+01,0.000000000000000000e+00,0.000000000000000000e+00
2.968701987533836828e+01,0.000000000000000000e+00,0.000000000000000000e+00
2.678579055159796241e+01,0.000000000000000000e+00,0.000000000000000000e+00
3.182931162523163238e+01,0.000000000000000000e+00,0.000000000000000000e+00
2.757053370292880246e+01,0.000000000000000000e+00,0.000000000000000000e+00
2.794205558233665343e+01,0.000000000000000000e+00,0.000000000000000000e+00
2.831649009890583102e+01,0.000000000000000000e+00,0.000000000000000000e+00
3.038249564357769117e+01,0.000000000000000000e+00,0.000000000000000000e+00
2.702993394342528077e+01,0.000000000000000000e+00,0.000000000000000000e+00
2.622719817365594253e+01,0.000000000000000000e+00,0.000000000000000000e+00
2.648211365966759701e+01,0.000000000000000000e+00,0.000000000000000000e+00
2.534314944670961012e+01,0.000000000000000000e+00,0.000000000000000000e+00
2.719312211045813399e+01,0.000000000000000000e+00,0.000000000000000000e+00
2.791199124698173861e+01,0.000000000000000000e+00,0.000000000000000000e+00
2.622233883306415692e+01,0.000000000000000000e+00,0.000000000000000000e+00
2.888557322496244240e+01,0.000000000000000000e+00,0.000000000000000000e+00
2.906344677764709772e+01,0.000000000000000000e+00,0.000000000000000000e+00
2.802411632813377196e+01,0.000000000000000000e+00,0.000000000000000000e+00
2.815625769670475265e+01,0.000000000000000000e+00,0.000000000000000000e+00
2.749023507797002708e+01,0.000000000000000000e+00,0.000000000000000000e+00
2.965169848667743224e+01,0.000000000000000000e+00,0.000000000000000000e+00
2.790679530152117493e+01,0.000000000000000000e+00,0.000000000000000000e+00
2.921928800309724750e+01,0.000000000000000000e+00,0.000000000000000000e+00
2.848603908612023972e+01,0.000000000000000000e+00,0.000000000000000000e+00
2.742012734149138353e+01,0.000000000000000000e+00,0.000000000000000000e+00
2.567195508348517663e+01,0.000000000000000000e+00,0.000000000000000000e+00
2.363704678780164770e+01,0.000000000000000000e+00,0.000000000000000000e+00
2.787459283264778875e+01,0.000000000000000000e+00,0.000000000000000000e+00
2.896970864946693069e+01,0.000000000000000000e+00,0.000000000000000000e+00
2.566999927231993084e+01,0.000000000000000000e+00,0.000000000000000000e+00
2.603872175639584441e+01,0.000000000000000000e+00,0.000000000000000000e+00
2.861618958149459857e+01,0.000000000000000000e+00,0.000000000000000000e+00
2.620513519382556922e+01,0.000000000000000000e+00,0.000000000000000000e+00
2.576166332220916999e+01,0.000000000000000000e+00,0.000000000000000000e+00
2.414123460921145892e+01,0.000000000000000000e+00,0.000000000000000000e+00
2.244585761083294884e+01,0.000000000000000000e+00,0.000000000000000000e+00
2.429736439666913128e+01,0.000000000000000000e+00,0.000000000000000000e+00
2.766349993472681845e+01,0.000000000000000000e+00,0.000000000000000000e+00
2.995690356873555871e+01,0.000000000000000000e+00,0.000000000000000000e+00
2.295115433219205769e+01,0.000000000000000000e+00,0.000000000000000000e+00
2.634475197434170468e+01,0.000000000000000000e+00,0.000000000000000000e+00
2.636892597710830799e+01,0.000000000000000000e+00,0.000000000000000000e+00
2.664918895257725495e+01,0.000000000000000000e+00,0.000000000000000000e+00
2.474342687565705390e+01,0.000000000000000000e+00,0.000000000000000000e+00
2.353581299404780935e+01,0.000000000000000000e+00,0.000000000000000000e+00
3.022456166400814936e+01,0.000000000000000000e+00,0.000000000000000000e+00
2.744955652440536653e+01,0.000000000000000000e+00,0.000000000000000000e+00
2.560352831276651031e+01,0.000000000000000000e+00,0.000000000000000000e+00
2.785936008027945121e+01,0.000000000000000000e+00,0.000000000000000000e+00
2.741665233228525977e+01,0.000000000000000000e+00,0.000000000000000000e+00
2.528851201189370457e+01,0.000000000000000000e+00,0.000000000000000000e+00
2.518924543994049614e+01,0.000000000000000000e+00,0.000000000000000000e+00
2.832455461488596882e+01,0.000000000000000000e+00,0.000000000000000000e+00
2.443844544321535395e+01,0.000000000000000000e+00,0.000000000000000000e+00
2.609575055841611402e+01,0.000000000000000000e+00,0.000000000000000000e+00
2.622851240848331855e+01,0.000000000000000000e+00,0.000000000000000000e+00
2.943700182064212356e+01,0.000000000000000000e+00,0.000000000000000000e+00
2.398125971290804870e+01,0.000000000000000000e+00,0.000000000000000000e+00
2.646719850293489884e+01,0.000000000000000000e+00,0.000000000000000000e+00
2.708146101645686699e+01,0.000000000000000000e+00,0.000000000000000000e+00
2.170651376494014073e+01,0.000000000000000000e+00,0.000000000000000000e+00
2.442336555857792035e+01,0.000000000000000000e+00,0.000000000000000000e+00
2.361937973676499425e+01,0.000000000000000000e+00,0.000000000000000000e+00
2.310609554975309266e+01,0.000000000000000000e+00,0.000000000000000000e+00
2.298522182776728329e+01,0.000000000000000000e+00,0.000000000000000000e+00
2.542942265687760184e+01,0.000000000000000000e+00,0.000000000000000000e+00
2.901428640326205510e+01,0.000000000000000000e+00,0.000000000000000000e+00
2.365241257705785216e+01,0.000000000000000000e+00,0.000000000000000000e+00
2.654829425432019363e+01,0.000000000000000000e+00,0.000000000000000000e+00
2.578881576904935713e+01,0.000000000000000000e+00,0.000000000000000000e+00
2.893305379169956382e+01,0.000000000000000000e+00,0.000000000000000000e+00
2.537126666546890519e+01,0.000000000000000000e+00,0.000000000000000000e+00
2.213110928861895133e+01,0.000000000000000000e+00,0.000000000000000000e+00
2.386528990940305306e+01,0.000000000000000000e+00,0.000000000000000000e+00
2.463686586639279241e+01,0.000000000000000000e+00,0.000000000000000000e+00
2.438994718443865040e+01,0.000000000000000000e+00,0.000000000000000000e+00
2.600066272408331258e+01,0.000000000000000000e+00,0.000000000000000000e+00
2.126598532894098526e+01,0.000000000000000000e+00,0.000000000000000000e+00
2.406639816583662750e+01,0.000000000000000000e+00,0.000000000000000000e+00
2.294908137530588377e+01,0.000000000000000000e+00,0.000000000000000000e+00
2.797669655639135655e+01,0.000000000000000000e+00,0.000000000000000000e+00
2.606194839780065564e+01,0.000000000000000000e+00,0.000000000000000000e+00
2.519293174223521348e+01,0.000000000000000000e+00,0.000000000000000000e+00
2.761260886347464805e+01,0.000000000000000000e+00,0.000000000000000000e+00
2.385568849433973426e+01,0.000000000000000000e+00,0.000000000000000000e+00
2.390466811752462561e+01,0.000000000000000000e+00,0.000000000000000000e+00
2.275821160705621793e+01,0.000000000000000000e+00,0.000000000000000000e+00
2.609813754278111020e+01,0.000000000000000000e+00,0.000000000000000000e+00
2.217822128751915045e+01,0.000000000000000000e+00,0.000000000000000000e+00
2.540962689750246284e+01,0.000000000000000000e+00,0.000000000000000000e+00
2.357997987347088653e+01,0.000000000000000000e+00,0.000000000000000000e+00
2.472389917870878406e+01,0.000000000000000000e+00,0.000000000000000000e+00
2.459082553387618475e+01,0.000000000000000000e+00,0.000000000000000000e+00
2.523484608924538719e+01,0.000000000000000000e+00,0.000000000000000000e+00
2.299244521094843208e+01,0.000000000000000000e+00,0.000000000000000000e+00
2.516472219928657950e+01,0.000000000000000000e+00,0.000000000000000000e+00
2.187441521407599154e+01,0.000000000000000000e+00,0.000000000000000000e+00
2.198223505782566534e+01,0.000000000000000000e+00,0.000000000000000000e+00
2.609796543913255107e+01,0.000000000000000000e+00,0.000000000000000000e+00
2.623980881062390225e+01,0.000000000000000000e+00,0.000000000000000000e+00
2.156053678368361304e+01,0.000000000000000000e+00,0.000000000000000000e+00
2.216322122063402844e+01,0.000000000000000000e+00,0.000000000000000000e+00
2.298823199797422845e+01,0.000000000000000000e+00,0.000000000000000000e+00
2.318138705253070597e+01,0.000000000000000000e+00,0.000000000000000000e+00
2.500789847148983469e+01,0.000000000000000000e+00,0.000000000000000000e+00
2.371001214141618618e+01,0.000000000000000000e+00,0.000000000000000000e+00
2.421022330389678245e+01,0.000000000000000000e+00,0.000000000000000000e+00
2.210599778034682217e+01,0.000000000000000000e+00,0.000000000000000000e+00
2.402175552080194265e+01,0.000000000000000000e+00,0.000000000000000000e+00
2.572502690022367844e+01,0.000000000000000000e+00,0.000000000000000000e+00
2.133392247413822318e+01,0.000000000000000000e+00,0.000000000000000000e+00
2.557658326433447726e+01,0.000000000000000000e+00,0.000000000000000000e+00
2.490700757052401926e+01,0.000000000000000000e+00,0.000000000000000000e+00
2.346183226313870662e+01,0.000000000000000000e+00,0.000000000000000000e+00
2.104016193690859993e+01,0.000000000000000000e+00,0.000000000000000000e+00
2.445090003462667028e+01,0.000000000000000000e+00,0.000000000000000000e+00
2.351532332048433815e+01,0.000000000000000000e+00,0.000000000000000000e+00
2.196128993388217410e+01,0.000000000000000000e+00,0.000000000000000000e+00
2.179468620735006468e+01,0.000000000000000000e+00,0.000000000000000000e+00
2.406111856875642019e+01,0.000000000000000000e+00,0.000000000000000000e+00
2.525816212021712204e+01,0.000000000000000000e+00,0.000000000000000000e+00
2.318353977492030893e+01,0.000000000000000000e+00,0.000000000000000000e+00
2.376155660069021636e+01,0.000000000000000000e+00,0.000000000000000000e+00
2.375551528590792927e+01,0.000000000000000000e+00,0.000000000000000000e+00
2.236627938965912676e+01,0.000000000000000000e+00,0.000000000000000000e+00
1.950572085652725463e+01,0.000000000000000000e+00,0.000000000000000000e+00
2.366527739599188607e+01,0.000000000000000000e+00,0.000000000000000000e+00
2.346158258943907882e+01,0.000000000000000000e+00,0.000000000000000000e+00
2.110696926723394640e+01,0.000000000000000000e+00,0.000000000000000000e+00
2.167531397800591719e+01,0.000000000000000000e+00,0.000000000000000000e+00
2.211347727224500659e+01,0.000000000000000000e+00,0.000000000000000000e+00
1.686329914108445749e+01,0.000000000000000000e+00,0.000000000000000000e+00
2.334015036056494097e+01,0.000000000000000000e+00,0.000000000000000000e+00
2.155514349578830746e+01,0.000000000000000000e+00,0.000000000000000000e+00
1.929000641421841067e+01,0.000000000000000000e+00,0.000000000000000000e+00
2.216519239198693825e+01,0.000000000000000000e+00,0.000000000000000000e+00
2.686011272622013024e+01,0.000000000000000000e+00,0.000000000000000000e+00
1.929853807726442838e+01,0.000000000000000000e+00,0.000000000000000000e+00
1.761088078322137562e+01,0.000000000000000000e+00,0.000000000000000000e+00
2.421376009264647067e+01,0.000000000000000000e+00,0.000000000000000000e+00
2.043620988131839056e+01,0.000000000000000000e+00,0.000000000000000000e+00
2.134362547645591590e+01,0.000000000000000000e+00,0.000000000000000000e+00
2.138790467740560075e+01,0.000000000000000000e+00,0.000000000000000000e+00
2.399266519044742196e+01,0.000000000000000000e+00,0.000000000000000000e+00
1.777413131539457680e+01,0.000000000000000000e+00,0.000000000000000000e+00
2.247859380646202254e+01,0.000000000000000000e+00,0.000000000000000000e+00
1.942057050231145965e+01,0.000000000000000000e+00,0.000000000000000000e+00
2.404347028376465545e+01,0.000000000000000000e+00,0.000000000000000000e+00
2.237578508811145284e+01,0.000000000000000000e+00,0.000000000000000000e+00
2.197025430764159637e+01,0.000000000000000000e+00,0.000000000000000000e+00
2.436246967760221338e+01,0.000000000000000000e+00,0.000000000000000000e+00
1.850819260346244732e+01,0.000000000000000000e+00,0.000000000000000000e+00
2.195663847964512172e+01,0.000000000000000000e+00,0.000000000000000000e+00
2.109942943987278952e+01,0.000000000000000000e+00,0.000000000000000000e+00
2.471418789765235502e+01,0.000000000000000000e+00,0.000000000000000000e+00
2.143371248945454610e+01,0.000000000000000000e+00,0.000000000000000000e+00
2.607183499086838907e+01,0.000000000000000000e+00,0.000000000000000000e+00
1.995190993015690140e+01,0.000000000000000000e+00,0.000000000000000000e+00
1.932639527342042385e+01,0.000000000000000000e+00,0.000000000000000000e+00
2.459935983393084413e+01,0.000000000000000000e+00,0.000000000000000000e+00
2.011284026600493036e+01,0.000000000000000000e+00,0.000000000000000000e+00
1.930223469667738456e+01,0.000000000000000000e+00,0.000000000000000000e+00
2.247526702313017921e+01,0.000000000000000000e+00,0.000000000000000000e+00
2.288558621434616214e+01,0.000000000000000000e+00,0.000000000000000000e+00
2.138455045032662483e+01,0.000000000000000000e+00,0.000000000000000000e+00
2.107689219033306571e+01,0.000000000000000000e+00,0.000000000000000000e+00
2.005694841562403141e+01,0.000000000000000000e+00,0.000000000000000000e+00
1.584241637233386335e+01,0.000000000000000000e+00,0.000000000000000000e+00
2.482269515409478444e+01,0.000000000000000000e+00,0.000000000000000000e+00
1.946746936168987929e+01,0.000000000000000000e+00,0.000000000000000000e+00
1.828163942528153285e+01,0.000000000000000000e+00,0.000000000000000000e+00
2.012705128608249083e+01,0.000000000000000000e+00,0.000000000000000000e+00
1.872696989866706474e+01,0.000000000000000000e+00,0.000000000000000000e+00
2.374276666927858415e+01,0.000000000000000000e+00,0.000000000000000000e+00
1.858585311190197231e+01,0.000000000000000000e+00,0.000000000000000000e+00
2.218091075705493154e+01,0.000000000000000000e+00,0.000000000000000000e+00
2.125746743668144134e+01,0.000000000000000000e+00,0.000000000000000000e+00
2.253316146966178835e+01,0.000000000000000000e+00,0.000000000000000000e+00
1.879555132442523302e+01,0.000000000000000000e+00,0.000000000000000000e+00
1.591427955639364100e+01,0.000000000000000000e+00,0.000000000000000000e+00
2.189085817837777981e+01,0.000000000000000000e+00,0.000000000000000000e+00
1.737128119309683782e+01,0.000000000000000000e+00,0.000000000000000000e+00
2.191550376113377396e+01,0.000000000000000000e+00,0.000000000000000000e+00
1.912726493421437723e+01,0.000000000000000000e+00,0.000000000000000000e+00
1.988625977032663528e+01,0.000000000000000000e+00,0.000000000000000000e+00
2.279145919294429135e+01,0.000000000000000000e+00,0.000000000000000000e+00
2.587305951779522672e+01,0.000000000000000000e+00,0.000000000000000000e+00
2.151990544384965176e+01,0.000000000000000000e+00,0.000000000000000000e+00
1.762687637981280631e+01,0.000000000000000000e+00,0.000000000000000000e+00
2.298206651859805660e+01,0.000000000000000000e+00,0.000000000000000000e+00
1.965144322119780185e+01,0.000000000000000000e+00,0.000000000000000000e+00
2.298708620847660811e+01,0.000000000000000000e+00,0.000000000000000000e+00
1.963498881354784942e+01,0.000000000000000000e+00,0.000000000000000000e+00
1.842354852793548048e+01,0.000000000000000000e+00,0.000000000000000000e+00
1.935350429330887323e+01,0.000000000000000000e+00,0.000000000000000000e+00
1.839258369565109064e+01,0.000000000000000000e+00,0.000000000000000000e+00
2.348072335422036971e+01,0.000000000000000000e+00,0.000000000000000000e+00
1.953526626252394394e+01,0.000000000000000000e+00,0.000000000000000000e+00
2.179404723621538409e+01,0.000000000000000000e+00,0.000000000000000000e+00
2.534422332223927299e+01,0.000000000000000000e+00,0.000000000000000000e+00
1.789259461382507510e+01,0.000000000000000000e+00,0.000000000000000000e+00
1.606092449307270442e+01,0.000000000000000000e+00,0.000000000000000000e+00
2.145419235324164475e+01,0.000000000000000000e+00,0.000000000000000000e+00
2.524641878371824077e+01,0.000000000000000000e+00,0.000000000000000000e+00
2.120887250620380371e+01,0.000000000000000000e+00,0.000000000000000000e+00
1.856852355406419264e+01,0.000000000000000000e+00,0.000000000000000000e+00
2.279339225231492705e+01,0.000000000000000000e+00,0.000000000000000000e+00
2.587086182396538092e+01,0.000000000000000000e+00,0.000000000000000000e+00
1.754617452615184092e+01,0.000000000000000000e+00,0.000000000000000000e+00
2.188378896040504173e+01,0.000000000000000000e+00,0.000000000000000000e+00
2.342053463686088932e+01,0.000000000000000000e+00,0.000000000000000000e+00
2.017464586820684858e+01,0.000000000000000000e+00,0.000000000000000000e+00
2.064844227503292018e+01,0.000000000000000000e+00,0.000000000000000000e+00
2.068879693378750417e+01,0.000000000000000000e+00,0.000000000000000000e+00
2.149605053867005111e+01,0.000000000000000000e+00,0.000000000000000000e+00
2.322700329967708655e+01,0.000000000000000000e+00,0.000000000000000000e+00
2.331983252735125234e+01,0.000000000000000000e+00,0.000000000000000000e+00
2.067463892179690532e+01,0.000000000000000000e+00,0.000000000000000000e+00
2.203792564839553236e+01,0.000000000000000000e+00,0.000000000000000000e+00
1.869655602668030170e+01,0.000000000000000000e+00,0.000000000000000000e+00
2.199692243173128858e+01,0.000000000000000000e+00,0.000000000000000000e+00
2.124022971058663600e+01,0.000000000000000000e+00,0.000000000000000000e+00
1.678029016892189418e+01,0.000000000000000000e+00,0.000000000000000000e+00
2.044561351265205928e+01,0.000000000000000000e+00,0.000000000000000000e+00
1.771427470540757909e+01,0.000000000000000000e+00,0.000000000000000000e+00
2.000929839386797582e+01,0.000000000000000000e+00,0.000000000000000000e+00
1.776696621567985090e+01,0.000000000000000000e+00,0.000000000000000000e+00
2.197503840189247981e+01,0.000000000000000000e+00,0.000000000000000000e+00
2.044433613479296596e+01,0.000000000000000000e+00,0.000000000000000000e+00
1.962356915798947554e+01,0.000000000000000000e+00,0.000000000000000000e+00
2.033346141773030524e+01,0.000000000000000000e+00,0.000000000000000000e+00
1.934008934894637832e+01,0.000000000000000000e+00,0.000000000000000000e+00
2.124886447814985857e+01,0.000000000000000000e+00,0.000000000000000000e+00
1.693835048169776769e+01,0.000000000000000000e+00,0.000000000000000000e+00
1.945351256770937098e+01,0.000000000000000000e+00,0.000000000000000000e+00
2.216266973770064652e+01,0.000000000000000000e+00,0.000000000000000000e+00
2.064082747622983049e+01,0.000000000000000000e+00,0.000000000000000000e+00
2.171579782355152233e+01,0.000000000000000000e+00,0.000000000000000000e+00
1.888559872987650579e+01,0.000000000000000000e+00,0.000000000000000000e+00
1.756439480042820378e+01,0.000000000000000000e+00,0.000000000000000000e+00
1.968781804460722995e+01,0.000000000000000000e+00,0.000000000000000000e+00
2.247889816818927144e+01,0.000000000000000000e+00,0.000000000000000000e+00
2.138220307484507288e+01,0.000000000000000000e+00,0.000000000000000000e+00
2.306658887432109850e+01,0.000000000000000000e+00,0.000000000000000000e+00
2.359898795411465144e+01,0.000000000000000000e+00,0.000000000000000000e+00
2.137169064063569124e+01,0.000000000000000000e+00,0.000000000000000000e+00
1.908607866291556121e+01,0.000000000000000000e+00,0.000000000000000000e+00
2.336135466627637669e+01,0.000000000000000000e+00,0.000000000000000000e+00
1.964567810721068852e+01,0.000000000000000000e+00,0.000000000000000000e+00
2.071758638525213669e+01,0.000000000000000000e+00,0.000000000000000000e+00
1.970151634048802691e+01,0.000000000000000000e+00,0.000000000000000000e+00
2.016462594252992346e+01,0.000000000000000000e+00,0.000000000000000000e+00
2.211023077179566698e+01,0.000000000000000000e+00,0.000000000000000000e+00
2.410267040293771856e+01,0.000000000000000000e+00,0.000000000000000000e+00
1.886429240464980595e+01,0.000000000000000000e+00,0.000000000000000000e+00
2.151886492788275262e+01,0.000000000000000000e+00,0.000000000000000000e+00
2.113560787595632462e+01,0.000000000000000000e+00,0.000000000000000000e+00
2.278626870357322076e+01,0.000000000000000000e+00,0.000000000000000000e+00
2.208973762810455455e+01,0.000000000000000000e+00,0.000000000000000000e+00
2.022046131306908734e+01,0.000000000000000000e+00,0.000000000000000000e+00
2.226841782726537744e+01,0.000000000000000000e+00,0.000000000000000000e+00
1.998358307012481916e+01,0.000000000000000000e+00,0.000000000000000000e+00
1.866602766408738390e+01,0.000000000000000000e+00,0.000000000000000000e+00
2.019523926880846787e+01,0.000000000000000000e+00,0.000000000000000000e+00
1.711617365248140388e+01,0.000000000000000000e+00,0.000000000000000000e+00
1.892851953912878926e+01,0.000000000000000000e+00,0.000000000000000000e+00
1.938467713787770919e+01,0.000000000000000000e+00,0.000000000000000000e+00
1.927208845352710753e+01,0.000000000000000000e+00,0.000000000000000000e+00
1.583774723394732931e+01,0.000000000000000000e+00,0.000000000000000000e+00
2.151481316444009195e+01,0.000000000000000000e+00,0.000000000000000000e+00
2.024869186348614747e+01,0.000000000000000000e+00,0.000000000000000000e+00
2.349608637826586488e+01,0.000000000000000000e+00,0.000000000000000000e+00
1.997156288641809141e+01,0.000000000000000000e+00,0.000000000000000000e+00
2.101631616110650214e+01,0.000000000000000000e+00,0.000000000000000000e+00
2.259765059466766246e+01,0.000000000000000000e+00,0.000000000000000000e+00
2.004084371391603270e+01,0.000000000000000000e+00,0.000000000000000000e+00
1.776796487481441389e+01,0.000000000000000000e+00,0.000000000000000000e+00
2.059578558410260740e+01,0.000000000000000000e+00,0.000000000000000000e+00
2.099884170114524551e+01,0.000000000000000000e+00,0.000000000000000000e+00
2.096640850266941669e+01,0.000000000000000000e+00,0.000000000000000000e+00
2.247015540751424822e+01,0.000000000000000000e+00,0.000000000000000000e+00
2.171606157368098877e+01,0.000000000000000000e+00,0.000000000000000000e+00
1.432990936370322643e+01,0.000000000000000000e+00,0.000000000000000000e+00
1.823392568587572526e+01,0.000000000000000000e+00,0.000000000000000000e+00
2.333862027494629388e+01,0.000000000000000000e+00,0.000000000000000000e+00
1.822278036738826046e+01,0.000000000000000000e+00,0.000000000000000000e+00
1.600553233885158022e+01,0.000000000000000000e+00,0.000000000000000000e+00
2.283914856492011225e+01,0.000000000000000000e+00,0.000000000000000000e+00
2.279170219029897737e+01,0.000000000000000000e+00,0.000000000000000000e+00
1.966980056163795609e+01,0.000000000000000000e+00,0.000000000000000000e+00
2.017835476113172533e+01,0.000000000000000000e+00,0.000000000000000000e+00
1.787941333014238765e+01,0.000000000000000000e+00,0.000000000000000000e+00
2.374202515007988268e+01,0.000000000000000000e+00,0.000000000000000000e+00
2.063563038407741956e+01,0.000000000000000000e+00,0.000000000000000000e+00
2.068046779197518958e+01,0.000000000000000000e+00,0.000000000000000000e+00
1.783061765729319248e+01,0.000000000000000000e+00,0.000000000000000000e+00
1.819439914350394361e+01,0.000000000000000000e+00,0.000000000000000000e+00
1.879121207231314727e+01,0.000000000000000000e+00,0.000000000000000000e+00
1.888264563808811403e+01,0.000000000000000000e+00,0.000000000000000000e+00
2.075484347080644554e+01,0.000000000000000000e+00,0.000000000000000000e+00
2.157959966835891663e+01,0.000000000000000000e+00,0.000000000000000000e+00
1.964349008755423043e+01,0.000000000000000000e+00,0.000000000000000000e+00
1.969431612290907907e+01,0.000000000000000000e+00,0.000000000000000000e+00
2.095564318246024982e+01,0.000000000000000000e+00,0.000000000000000000e+00
1.726780720175294448e+01,0.000000000000000000e+00,0.000000000000000000e+00
1.992314473982207446e+01,0.000000000000000000e+00,0.000000000000000000e+00
2.389959197376925104e+01,0.000000000000000000e+00,0.000000000000000000e+00
1.976717824898340936e+01,0.000000000000000000e+00,0.000000000000000000e+00
2.078662221307698488e+01,0.000000000000000000e+00,0.000000000000000000e+00
2.240333086056288892e+01,0.000000000000000000e+00,0.000000000000000000e+00
1.922857843038028491e+01,0.000000000000000000e+00,0.000000000000000000e+00
2.245227124847547273e+01,0.000000000000000000e+00,0.000000000000000000e+00
1.786759178197261022e+01,0.000000000000000000e+00,0.000000000000000000e+00
1.851613641343195127e+01,0.000000000000000000e+00,0.000000000000000000e+00
2.138669086294674315e+01,0.000000000000000000e+00,0.000000000000000000e+00
2.187394438635201510e+01,0.000000000000000000e+00,0.000000000000000000e+00
1.974472928523259796e+01,0.000000000000000000e+00,0.000000000000000000e+00
1.778378802751301180e+01,0.000000000000000000e+00,0.000000000000000000e+00
2.227523641027953971e+01,0.000000000000000000e+00,0.000000000000000000e+00
1.911078696279527378e+01,0.000000000000000000e+00,0.000000000000000000e+00
1.787282457983376105e+01,0.000000000000000000e+00,0.000000000000000000e+00
1.982039618029626027e+01,0.000000000000000000e+00,0.000000000000000000e+00
2.220242182643619699e+01,0.000000000000000000e+00,0.000000000000000000e+00
2.016166440712153829e+01,0.000000000000000000e+00,0.000000000000000000e+00
2.406567449878996356e+01,0.000000000000000000e+00,0.000000000000000000e+00
2.330708138778879857e+01,0.000000000000000000e+00,0.000000000000000000e+00
1.767556450222962638e+01,0.000000000000000000e+00,0.000000000000000000e+00
1.648277367262334536e+01,0.000000000000000000e+00,0.000000000000000000e+00
2.064586837686344722e+01,0.000000000000000000e+00,0.000000000000000000e+00
2.405575718106319272e+01,0.000000000000000000e+00,0.000000000000000000e+00
1.587318569483532826e+01,0.000000000000000000e+00,0.000000000000000000e+00
1.677054644243173698e+01,0.000000000000000000e+00,0.000000000000000000e+00
2.374033868810169423e+01,0.000000000000000000e+00,0.000000000000000000e+00
1.938102453154206728e+01,0.000000000000000000e+00,0.000000000000000000e+00
2.095723759672637954e+01,0.000000000000000000e+00,0.000000000000000000e+00
2.191670586090530293e+01,0.000000000000000000e+00,0.000000000000000000e+00
2.188367938019587200e+01,0.000000000000000000e+00,0.000000000000000000e+00
2.136712146806513957e+01,0.000000000000000000e+00,0.000000000000000000e+00
1.839153576853669492e+01,0.000000000000000000e+00,0.000000000000000000e+00
1.894040078209569700e+01,0.000000000000000000e+00,0.000000000000000000e+00
2.198622255447559581e+01,0.000000000000000000e+00,0.000000000000000000e+00
2.127116730582632798e+01,0.000000000000000000e+00,0.000000000000000000e+00
2.030630226377318337e+01,0.000000000000000000e+00,0.000000000000000000e+00
2.405608539402784629e+01,0.000000000000000000e+00,0.000000000000000000e+00
1.982768240831563489e+01,0.000000000000000000e+00,0.000000000000000000e+00
2.377881406259601249e+01,0.000000000000000000e+00,0.000000000000000000e+00
1.946584458026958586e+01,0.000000000000000000e+00,0.000000000000000000e+00
2.102069299963098459e+01,0.000000000000000000e+00,0.000000000000000000e+00
2.251503677365121447e+01,0.000000000000000000e+00,0.000000000000000000e+00
2.019861925622439713e+01,0.000000000000000000e+00,0.000000000000000000e+00
2.273436713527088671e+01,0.000000000000000000e+00,0.000000000000000000e+00
2.205295963897903633e+01,0.000000000000000000e+00,0.000000000000000000e+00
1.834371840942491616e+01,0.000000000000000000e+00,0.000000000000000000e+00
2.016018122072459562e+01,0.000000000000000000e+00,0.000000000000000000e+00
1.800108618752886258e+01,0.000000000000000000e+00,0.000000000000000000e+00
1.848919973421976337e+01,0.000000000000000000e+00,0.000000000000000000e+00
1.962836951560247911e+01,0.000000000000000000e+00,0.000000000000000000e+00
1.904690526077744650e+01,0.000000000000000000e+00,0.000000000000000000e+00
2.035614000310929583e+01,0.000000000000000000e+00,0.000000000000000000e+00
2.106024467970308223e+01,0.000000000000000000e+00,0.000000000000000000e+00
1.759834085926869207e+01,0.000000000000000000e+00,0.000000000000000000e+00
1.963979401872812502e+01,0.000000000000000000e+00,0.000000000000000000e+00
2.019990838768559982e+01,0.000000000000000000e+00,0.000000000000000000e+00
2.123985179665338663e+01,0.000000000000000000e+00,0.000000000000000000e+00
2.263371260929332962e+01,0.000000000000000000e+00,0.000000000000000000e+00
2.068611146662835765e+01,0.000000000000000000e+00,0.000000000000000000e+00
2.297097346295993603e+01,0.000000000000000000e+00,0.000000000000000000e+00
1.975780590336385956e+01,0.000000000000000000e+00,0.000000000000000000e+00
1.973354933847340220e+01,0.000000000000000000e+00,0.000000000000000000e+00
2.020367285795299139e+01,0.000000000000000000e+00,0.000000000000000000e+00
2.035267081623258889e+01,0.000000000000000000e+00,0.000000000000000000e+00
1.819370383286007709e+01,0.000000000000000000e+00,0.000000000000000000e+00
1.997384129164162658e+01,0.000000000000000000e+00,0.000000000000000000e+00
2.272288771707225052e+01,0.000000000000000000e+00,0.000000000000000000e+00
2.051527397526799845e+01,0.000000000000000000e+00,0.000000000000000000e+00
2.331909318266482600e+01,0.000000000000000000e+00,0.000000000000000000e+00
1.967296235533449078e+01,0.000000000000000000e+00,0.000000000000000000e+00
2.124623621607922175e+01,0.000000000000000000e+00,0.000000000000000000e+00
2.223423359274251609e+01,0.000000000000000000e+00,0.000000000000000000e+00
2.015577725462095415e+01,0.000000000000000000e+00,0.000000000000000000e+00
2.384186615786335395e+01,0.000000000000000000e+00,0.000000000000000000e+00
1.824751783198980704e+01,0.000000000000000000e+00,0.000000000000000000e+00
2.162359819567454977e+01,0.000000000000000000e+00,0.000000000000000000e+00
2.029636609201081043e+01,0.000000000000000000e+00,0.000000000000000000e+00
2.294170927249281533e+01,0.000000000000000000e+00,0.000000000000000000e+00
2.025033578527904154e+01,0.000000000000000000e+00,0.000000000000000000e+00
1.999153499514851617e+01,0.000000000000000000e+00,0.000000000000000000e+00
1.744343794320440111e+01,0.000000000000000000e+00,0.000000000000000000e+00
2.216741462473470037e+01,0.000000000000000000e+00,0.000000000000000000e+00
2.300307137415556369e+01,0.000000000000000000e+00,0.000000000000000000e+00
2.068022779569609781e+01,0.000000000000000000e+00,0.000000000000000000e+00
2.165452129154920513e+01,0.000000000000000000e+00,0.000000000000000000e+00
2.068007368950180691e+01,0.000000000000000000e+00,0.000000000000000000e+00
2.326302084773963941e+01,0.000000000000000000e+00,0.000000000000000000e+00
2.186189527869717608e+01,0.000000000000000000e+00,0.000000000000000000e+00
2.271931478519596226e+01,0.000000000000000000e+00,0.000000000000000000e+00
2.041041207725219664e+01,0.000000000000000000e+00,0.000000000000000000e+00
2.273551707236704544e+01,0.000000000000000000e+00,0.000000000000000000e+00
2.424464094058115649e+01,0.000000000000000000e+00,0.000000000000000000e+00
1.930688131103372385e+01,0.000000000000000000e+00,0.000000000000000000e+00
2.445215100199077085e+01,0.000000000000000000e+00,0.000000000000000000e+00
2.186133506496766188e+01,0.000000000000000000e+00,0.000000000000000000e+00
2.157648176952626073e+01,0.000000000000000000e+00,0.000000000000000000e+00
2.071540376404745487e+01,0.000000000000000000e+00,0.000000000000000000e+00
2.311160700530043144e+01,0.000000000000000000e+00,0.000000000000000000e+00
2.174210923010509333e+01,0.000000000000000000e+00,0.000000000000000000e+00
2.078409239412654230e+01,0.000000000000000000e+00,0.000000000000000000e+00
2.097129786224916970e+01,0.000000000000000000e+00,0.000000000000000000e+00
2.342450351909501904e+01,0.000000000000000000e+00,0.000000000000000000e+00
2.156862303282332149e+01,0.000000000000000000e+00,0.000000000000000000e+00
1.994504385933819179e+01,0.000000000000000000e+00,0.000000000000000000e+00
2.128407472572956749e+01,0.000000000000000000e+00,0.000000000000000000e+00
2.018865269632129156e+01,0.000000000000000000e+00,0.000000000000000000e+00
2.239297843552002121e+01,0.000000000000000000e+00,0.000000000000000000e+00
2.452956705867514131e+01,0.000000000000000000e+00,0.000000000000000000e+00
2.359239222142387860e+01,0.000000000000000000e+00,0.000000000000000000e+00
2.564462255787379519e+01,0.000000000000000000e+00,0.000000000000000000e+00
2.438857209736138998e+01,0.000000000000000000e+00,0.000000000000000000e+00
2.282465469135924252e+01,0.000000000000000000e+00,0.000000000000000000e+00
1.995383362894643042e+01,0.000000000000000000e+00,0.000000000000000000e+00
2.447606679422281672e+01,0.000000000000000000e+00,0.000000000000000000e+00
2.523937611170219597e+01,0.000000000000000000e+00,0.000000000000000000e+00
2.109483470385558235e+01,0.000000000000000000e+00,0.000000000000000000e+00
2.579487564447504155e+01,0.000000000000000000e+00,0.000000000000000000e+00
2.266800481127641831e+01,0.000000000000000000e+00,0.000000000000000000e+00
1.972895066439900447e+01,0.000000000000000000e+00,0.000000000000000000e+00
2.177642397295808507e+01,0.000000000000000000e+00,0.000000000000000000e+00
2.412200172302075174e+01,0.000000000000000000e+00,0.000000000000000000e+00
2.232915110315135365e+01,0.000000000000000000e+00,0.000000000000000000e+00
1.973963872737800074e+01,0.000000000000000000e+00,0.000000000000000000e+00
2.439961255363461134e+01,0.000000000000000000e+00,0.000000000000000000e+00
2.306595860481396443e+01,0.000000000000000000e+00,0.000000000000000000e+00
2.266959805547696050e+01,0.000000000000000000e+00,0.000000000000000000e+00
2.451864309356218286e+01,0.000000000000000000e+00,0.000000000000000000e+00
2.188163941893223097e+01,0.000000000000000000e+00,0.000000000000000000e+00
2.106282148515694530e+01,0.000000000000000000e+00,0.000000000000000000e+00
2.301766438732569853e+01,0.000000000000000000e+00,0.000000000000000000e+00
2.304852416787610636e+01,0.000000000000000000e+00,0.000000000000000000e+00
2.703318974371143213e+01,0.000000000000000000e+00,0.000000000000000000e+00
2.144873433788898609e+01,0.000000000000000000e+00,0.000000000000000000e+00
2.563470504875697387e+01,0.000000000000000000e+00,0.000000000000000000e+00
2.316551756927345096e+01,0.000000000000000000e+00,0.000000000000000000e+00
2.385082482809669813e+01,0.000000000000000000e+00,0.000000000000000000e+00
2.314250640931921410e+01,0.000000000000000000e+00,0.000000000000000000e+00
2.126917114816919252e+01,0.000000000000000000e+00,0.000000000000000000e+00
1.949069080720967051e+01,0.000000000000000000e+00,0.000000000000000000e+00
2.290761522201576028e+01,0.000000000000000000e+00,0.000000000000000000e+00
2.516703059642473050e+01,0.000000000000000000e+00,0.000000000000000000e+00
2.089268554928303701e+01,0.000000000000000000e+00,0.000000000000000000e+00
2.210915560607716657e+01,0.000000000000000000e+00,0.000000000000000000e+00
2.309158258911773842e+01,0.000000000000000000e+00,0.000000000000000000e+00
2.245415701221086380e+01,0.000000000000000000e+00,0.000000000000000000e+00
2.671293089675464927e+01,0.000000000000000000e+00,0.000000000000000000e+00
2.373777481339686446e+01,0.000000000000000000e+00,0.000000000000000000e+00
2.411514951691118114e+01,0.000000000000000000e+00,0.000000000000000000e+00
2.579870900008656065e+01,0.000000000000000000e+00,0.000000000000000000e+00
2.570100265602607692e+01,0.000000000000000000e+00,0.000000000000000000e+00
2.236224391806393896e+01,0.000000000000000000e+00,0.000000000000000000e+00
2.256773061407609049e+01,0.000000000000000000e+00,0.000000000000000000e+00
2.482101016926653259e+01,0.000000000000000000e+00,0.000000000000000000e+00
2.272059100909537221e+01,0.000000000000000000e+00,0.000000000000000000e+00
2.672439521958398956e+01,0.000000000000000000e+00,0.000000000000000000e+00
2.504757810115536998e+01,0.000000000000000000e+00,0.000000000000000000e+00
2.554218705437180148e+01,0.000000000000000000e+00,0.000000000000000000e+00
2.407142483387522347e+01,0.000000000000000000e+00,0.000000000000000000e+00
2.612748848179785810e+01,0.000000000000000000e+00,0.000000000000000000e+00
2.501965256646554536e+01,0.000000000000000000e+00,0.000000000000000000e+00
2.634928595608475987e+01,0.000000000000000000e+00,0.000000000000000000e+00
2.461492974359404329e+01,0.000000000000000000e+00,0.000000000000000000e+00
2.358514475048473358e+01,0.000000000000000000e+00,0.000000000000000000e+00
2.646427435460883970e+01,0.000000000000000000e+00,0.000000000000000000e+00
2.059237899376542913e+01,0.000000000000000000e+00,0.000000000000000000e+00
2.286051553893119603e+01,0.000000000000000000e+00,0.000000000000000000e+00
2.364986746099404868e+01,0.000000000000000000e+00,0.000000000000000000e+00
2.664449277949152517e+01,0.000000000000000000e+00,0.000000000000000000e+00
2.121810282541360237e+01,0.000000000000000000e+00,0.000000000000000000e+00
2.378640106683221944e+01,0.000000000000000000e+00,0.000000000000000000e+00
2.646195927040304241e+01,0.000000000000000000e+00,0.000000000000000000e+00
2.772464987853972929e+01,0.000000000000000000e+00,0.000000000000000000e+00
2.730952703289663930e+01,0.000000000000000000e+00,0.000000000000000000e+00
2.779391229540587105e+01,0.000000000000000000e+00,0.000000000000000000e+00
2.395965314379947841e+01,0.000000000000000000e+00,0.000000000000000000e+00
2.432583480311331670e+01,0.000000000000000000e+00,0.000000000000000000e+00
2.340313304733771460e+01,0.000000000000000000e+00,0.000000000000000000e+00
2.554633334337895079e+01,0.000000000000000000e+00,0.000000000000000000e+00
2.721666869698890423e+01,0.000000000000000000e+00,0.000000000000000000e+00
2.481578414903169261e+01,0.000000000000000000e+00,0.000000000000000000e+00
2.476570765866037149e+01,0.000000000000000000e+00,0.000000000000000000e+00
2.601762314304066948e+01,0.000000000000000000e+00,0.000000000000000000e+00
2.657974101773595876e+01,0.000000000000000000e+00,0.000000000000000000e+00
2.287646390871774571e+01,0.000000000000000000e+00,0.000000000000000000e+00
2.562575627401063016e+01,0.000000000000000000e+00,0.000000000000000000e+00
2.824573943475107285e+01,0.000000000000000000e+00,0.000000000000000000e+00
2.734284383540007823e+01,0.000000000000000000e+00,0.000000000000000000e+00
2.399210083595377796e+01,0.000000000000000000e+00,0.000000000000000000e+00
2.406938430309786625e+01,0.000000000000000000e+00,0.000000000000000000e+00
2.401465532834527750e+01,0.000000000000000000e+00,0.000000000000000000e+00
2.620644114904193600e+01,0.000000000000000000e+00,0.000000000000000000e+00
2.376781089633584187e+01,0.000000000000000000e+00,0.000000000000000000e+00
2.673072545582573767e+01,0.000000000000000000e+00,0.000000000000000000e+00
2.774143309612852804e+01,0.000000000000000000e+00,0.000000000000000000e+00
2.325316493429800602e+01,0.000000000000000000e+00,0.000000000000000000e+00
2.624386224882729479e+01,0.000000000000000000e+00,0.000000000000000000e+00
2.503689064391004493e+01,0.000000000000000000e+00,0.000000000000000000e+00
2.801535871454840176e+01,0.000000000000000000e+00,0.000000000000000000e+00
2.557952233342806636e+01,0.000000000000000000e+00,0.000000000000000000e+00
2.757068148790055062e+01,0.000000000000000000e+00,0.000000000000000000e+00
2.423741696482352026e+01,0.000000000000000000e+00,0.000000000000000000e+00
2.421415718727645228e+01,0.000000000000000000e+00,0.000000000000000000e+00
2.513368769281273174e+01,0.000000000000000000e+00,0.000000000000000000e+00
2.783654684655206779e+01,0.000000000000000000e+00,0.000000000000000000e+00
2.761332815736600210e+01,0.000000000000000000e+00,0.000000000000000000e+00
2.523043921852640992e+01,0.000000000000000000e+00,0.000000000000000000e+00
2.676859608040750160e+01,0.000000000000000000e+00,0.000000000000000000e+00
2.565222482846273167e+01,0.000000000000000000e+00,0.000000000000000000e+00
2.882389822884448805e+01,0.000000000000000000e+00,0.000000000000000000e+00
2.822543078280738627e+01,0.000000000000000000e+00,0.000000000000000000e+00
2.689352517945786047e+01,0.000000000000000000e+00,0.000000000000000000e+00
2.930891389735054986e+01,0.000000000000000000e+00,0.000000000000000000e+00
2.532876603172077523e+01,0.000000000000000000e+00,0.000000000000000000e+00
2.588200746718732503e+01,0.000000000000000000e+00,0.000000000000000000e+00
2.560900037598122481e+01,0.000000000000000000e+00,0.000000000000000000e+00
2.568211988033635507e+01,0.000000000000000000e+00,0.000000000000000000e+00
2.934460836926216487e+01,0.000000000000000000e+00,0.000000000000000000e+00
3.118861029304452970e+01,0.000000000000000000e+00,0.000000000000000000e+00
2.504694011660642872e+01,0.000000000000000000e+00,0.000000000000000000e+00
2.516144197373782632e+01,0.000000000000000000e+00,0.000000000000000000e+00
2.830532798225938151e+01,0.000000000000000000e+00,0.000000000000000000e+00
2.851398956048964450e+01,0.000000000000000000e+00,0.000000000000000000e+00
2.823780380448586413e+01,0.000000000000000000e+00,0.000000000000000000e+00
2.645610349182330978e+01,0.000000000000000000e+00,0.000000000000000000e+00
3.023951314457812600e+01,0.000000000000000000e+00,0.000000000000000000e+00
2.587196482215248139e+01,0.000000000000000000e+00,0.000000000000000000e+00
2.516588874085396199e+01,0.000000000000000000e+00,0.000000000000000000e+00
2.800818727897264893e+01,0.000000000000000000e+00,0.000000000000000000e+00
2.717181506112415335e+01,0.000000000000000000e+00,0.000000000000000000e+00
2.960641661977829386e+01,0.000000000000000000e+00,0.000000000000000000e+00
2.809282127580291188e+01,0.000000000000000000e+00,0.000000000000000000e+00
2.567288062812280458e+01,0.000000000000000000e+00,0.000000000000000000e+00
2.712466730754997002e+01,0.000000000000000000e+00,0.000000000000000000e+00
2.316754876475174640e+01,0.000000000000000000e+00,0.000000000000000000e+00
2.933812541172915900e+01,0.000000000000000000e+00,0.000000000000000000e+00
2.837855112316727002e+01,0.000000000000000000e+00,0.000000000000000000e+00
2.640191558484029599e+01,0.000000000000000000e+00,0.000000000000000000e+00
2.952215703737662267e+01,0.000000000000000000e+00,0.000000000000000000e+00
2.637665036631999627e+01,0.000000000000000000e+00,0.000000000000000000e+00
2.652319182791071128e+01,0.000000000000000000e+00,0.000000000000000000e+00
2.280386031285209469e+01,0.000000000000000000e+00,0.000000000000000000e+00
2.703766127882850867e+01,0.000000000000000000e+00,0.000000000000000000e+00
2.879745889563093186e+01,0.000000000000000000e+00,0.000000000000000000e+00
3.058447008040334936e+01,0.000000000000000000e+00,0.000000000000000000e+00
2.566529766873027896e+01,0.000000000000000000e+00,0.000000000000000000e+00
2.772881751301428110e+01,0.000000000000000000e+00,0.000000000000000000e+00
2.700087037541208446e+01,0.000000000000000000e+00,0.000000000000000000e+00
2.891860599454700420e+01,0.000000000000000000e+00,0.000000000000000000e+00
2.770297291717010069e+01,0.000000000000000000e+00,0.000000000000000000e+00
2.845715389524076144e+01,0.000000000000000000e+00,0.000000000000000000e+00
2.463888815738071258e+01,0.000000000000000000e+00,0.000000000000000000e+00
2.661636782988099981e+01,0.000000000000000000e+00,0.000000000000000000e+00
2.777583039499398865e+01,0.000000000000000000e+00,0.000000000000000000e+00
2.807335834295607668e+01,0.000000000000000000e+00,0.000000000000000000e+00
2.453980010546441903e+01,0.000000000000000000e+00,0.000000000000000000e+00
2.486234586464884444e+01,0.000000000000000000e+00,0.000000000000000000e+00
2.713559229483771063e+01,0.000000000000000000e+00,0.000000000000000000e+00
2.922360637229463975e+01,0.000000000000000000e+00,0.000000000000000000e+00
2.401588103341179092e+01,0.000000000000000000e+00,0.000000000000000000e+00
3.221065632182263982e+01,0.000000000000000000e+00,0.000000000000000000e+00
3.072161937169905954e+01,0.000000000000000000e+00,0.000000000000000000e+00
2.690046180909542883e+01,0.000000000000000000e+00,0.000000000000000000e+00
3.175166908309106972e+01,0.000000000000000000e+00,0.000000000000000000e+00
3.018929230856577917e+01,0.000000000000000000e+00,0.000000000000000000e+00
3.135630316615163338e+01,0.000000000000000000e+00,0.000000000000000000e+00
3.095813349441108642e+01,0.000000000000000000e+00,0.000000000000000000e+00
3.161865474945522791e+01,0.000000000000000000e+00,0.000000000000000000e+00
2.914578911146209705e+01,0.000000000000000000e+00,0.000000000000000000e+00
3.128783186434500507e+01,0.000000000000000000e+00,0.000000000000000000e+00
2.813149125784482152e+01,0.000000000000000000e+00,0.000000000000000000e+00
3.050206847369304342e+01,0.000000000000000000e+00,0.000000000000000000e+00
3.218975875335234349e+01,0.000000000000000000e+00,0.000000000000000000e+00
3.155525458892699575e+01,0.000000000000000000e+00,0.000000000000000000e+00
2.989552041427822004e+01,0.000000000000000000e+00,0.000000000000000000e+00
2.884121282363495098e+01,0.000000000000000000e+00,0.000000000000000000e+00
2.979950173826631854e+01,0.000000000000000000e+00,0.000000000000000000e+00
2.985589761682437882e+01,0.000000000000000000e+00,0.000000000000000000e+00
3.283134113913071417e+01,0.000000000000000000e+00,0.000000000000000000e+00
2.661863149722985966e+01,0.000000000000000000e+00,0.000000000000000000e+00
2.979647073621904951e+01,0.000000000000000000e+00,0.000000000000000000e+00
3.102606084946043552e+01,0.000000000000000000e+00,0.000000000000000000e+00
2.936301135034628729e+01,0.000000000000000000e+00,0.000000000000000000e+00
3.549371371217593918e+01,0.000000000000000000e+00,0.000000000000000000e+00
3.069229097901751047e+01,0.000000000000000000e+00,0.000000000000000000e+00
2.896772185982263537e+01,0.000000000000000000e+00,0.000000000000000000e+00
2.997172813551563308e+01,0.000000000000000000e+00,0.000000000000000000e+00
2.852851700661279466e+01,0.000000000000000000e+00,0.000000000000000000e+00
3.146634630299392654e+01,0.000000000000000000e+00,0.000000000000000000e+00
3.095194891393088810e+01,0.000000000000000000e+00,0.000000000000000000e+00
2.930451138118552734e+01,0.000000000000000000e+00,0.000000000000000000e+00
2.928008966371587363e+01,0.000000000000000000e+00,0.000000000000000000e+00
3.071086036946865860e+01,0.000000000000000000e+00,0.000000000000000000e+00
3.260927986162463554e+01,0.000000000000000000e+00,0.000000000000000000e+00
3.118319714371333973e+01,0.000000000000000000e+00,0.000000000000000000e+00
3.136795826057752024e+01,0.000000000000000000e+00,0.000000000000000000e+00
3.087852149940395208e+01,0.000000000000000000e+00,0.000000000000000000e+00
3.039006977463067471e+01,0.000000000000000000e+00,0.000000000000000000e+00
3.191685888035106444e+01,0.000000000000000000e+00,0.000000000000000000e+00
2.771900053653851970e+01,0.000000000000000000e+00,0.000000000000000000e+00
3.322530259779099993e+01,0.000000000000000000e+00,0.000000000000000000e+00
3.141421814949340430e+01,0.000000000000000000e+00,0.000000000000000000e+00
3.385562648967273702e+01,0.000000000000000000e+00,0.000000000000000000e+00
3.132508654257891223e+01,0.000000000000000000e+00,0.000000000000000000e+00
2.928247405685808147e+01,0.000000000000000000e+00,0.000000000000000000e+00
3.185879592763809143e+01,0.000000000000000000e+00,0.000000000000000000e+00
3.154384705126679833e+01,0.000000000000000000e+00,0.000000000000000000e+00
3.403120459012141907e+01,0.000000000000000000e+00,0.000000000000000000e+00
3.114814277479597493e+01,0.000000000000000000e+00,0.000000000000000000e+00
3.232064409637317937e+01,0.000000000000000000e+00,0.000000000000000000e+00
2.962267960024695412e+01,0.000000000000000000e+00,0.000000000000000000e+00
2.894990577445523883e+01,0.000000000000000000e+00,0.000000000000000000e+00
3.056162142586138941e+01,0.000000000000000000e+00,0.000000000000000000e+00
2.950485792915215910e+01,0.000000000000000000e+00,0.000000000000000000e+00
3.257224844043293643e+01,0.000000000000000000e+00,0.000000000000000000e+00
3.214575442103216574e+01,0.000000000000000000e+00,0.000000000000000000e+00
3.045027789276108621e+01,0.000000000000000000e+00,0.000000000000000000e+00
3.373993982691708737e+01,0.000000000000000000e+00,0.000000000000000000e+00
3.131593404339457010e+01,0.000000000000000000e+00,0.000000000000000000e+00
3.249874718283139430e+01,0.000000000000000000e+00,0.000000000000000000e+00
3.538267938532993639e+01,0.000000000000000000e+00,0.000000000000000000e+00
3.353060861431482209e+01,0.000000000000000000e+00,0.000000000000000000e+00
3.438075053700215022e+01,0.000000000000000000e+00,0.000000000000000000e+00
3.541201391097659723e+01,0.000000000000000000e+00,0.000000000000000000e+00
3.563999728654374621e+01,0.000000000000000000e+00,0.000000000000000000e+00
3.241558078338000115e+01,0.000000000000000000e+00,0.000000000000000000e+00
3.508752733482371156e+01,0.000000000000000000e+00,0.000000000000000000e+00
3.259189460352446588e+01,0.000000000000000000e+00,0.000000000000000000e+00
3.687296446001622030e+01,0.000000000000000000e+00,0.000000000000000000e+00
3.137019966268738358e+01,0.000000000000000000e+00,0.000000000000000000e+00
3.415698083591697554e+01,0.000000000000000000e+00,0.000000000000000000e+00
3.582259971415626865e+01,0.000000000000000000e+00,0.000000000000000000e+00
3.052589352134245715e+01,0.000000000000000000e+00,0.000000000000000000e+00
3.451679615494162334e+01,0.000000000000000000e+00,0.000000000000000000e+00
3.628744467659398509e+01,0.000000000000000000e+00,0.000000000000000000e+00
3.828389180702110650e+01,0.000000000000000000e+00,0.000000000000000000e+00
3.528856188686061301e+01,0.000000000000000000e+00,0.000000000000000000e+00
3.403121537237868921e+01,0.000000000000000000e+00,0.000000000000000000e+00
3.368085402984610255e+01,0.000000000000000000e+00,0.000000000000000000e+00
3.880639357638090559e+01,0.000000000000000000e+00,0.000000000000000000e+00
3.808459688409783439e+01,0.000000000000000000e+00,0.000000000000000000e+00
3.017951525531648826e+01,0.000000000000000000e+00,0.000000000000000000e+00
3.264845282144443672e+01,0.000000000000000000e+00,0.000000000000000000e+00
3.515691488600772630e+01,0.000000000000000000e+00,0.000000000000000000e+00
3.559562003029657973e+01,0.000000000000000000e+00,0.000000000000000000e+00
3.367031778906983419e+01,0.000000000000000000e+00,0.000000000000000000e+00
3.408623444306265782e+01,0.000000000000000000e+00,0.000000000000000000e+00
3.913853783312578116e+01,0.000000000000000000e+00,0.000000000000000000e+00
3.401528555287237054e+01,0.000000000000000000e+00,0.000000000000000000e+00
3.293143307755538274e+01,0.000000000000000000e+00,0.000000000000000000e+00
3.415018660389956295e+01,0.000000000000000000e+00,0.000000000000000000e+00
3.309446423684900651e+01,0.000000000000000000e+00,0.000000000000000000e+00
3.658169522461241741e+01,0.000000000000000000e+00,0.000000000000000000e+00
3.801599122882741710e+01,0.000000000000000000e+00,0.000000000000000000e+00
3.405717216852320917e+01,0.000000000000000000e+00,0.000000000000000000e+00
3.666068789568813457e+01,0.000000000000000000e+00,0.000000000000000000e+00
3.585397937677559099e+01,0.000000000000000000e+00,0.000000000000000000e+00
3.677910123614567794e+01,0.000000000000000000e+00,0.000000000000000000e+00
3.328295417639297682e+01,0.000000000000000000e+00,0.000000000000000000e+00
3.633395359047788276e+01,0.000000000000000000e+00,0.000000000000000000e+00
3.301678503490897043e+01,0.000000000000000000e+00,0.000000000000000000e+00
3.944707861388670977e+01,0.000000000000000000e+00,0.000000000000000000e+00
3.514360394433814605e+01,0.000000000000000000e+00,0.000000000000000000e+00
3.161687886393111313e+01,0.000000000000000000e+00,0.000000000000000000e+00
3.535837864984431889e+01,0.000000000000000000e+00,0.000000000000000000e+00
3.239380267817778503e+01,0.000000000000000000e+00,0.000000000000000000e+00
3.353592393063006227e+01,0.000000000000000000e+00,0.000000000000000000e+00
3.366418713731589918e+01,0.000000000000000000e+00,0.000000000000000000e+00
3.520299984362655721e+01,0.000000000000000000e+00,0.000000000000000000e+00
3.171690514051803689e+01,0.000000000000000000e+00,0.000000000000000000e+00
3.741747795566022461e+01,0.000000000000000000e+00,0.000000000000000000e+00
3.651841309286299264e+01,0.000000000000000000e+00,0.000000000000000000e+00
3.608460428113472318e+01,0.000000000000000000e+00,0.000000000000000000e+00
4.174780691566881785e+01,0.000000000000000000e+00,0.000000000000000000e+00
3.051523388519880342e+01,0.000000000000000000e+00,0.000000000000000000e+00
3.330594405235179067e+01,0.000000000000000000e+00,0.000000000000000000e+00
3.786827179415418954e+01,0.000000000000000000e+00,0.000000000000000000e+00
3.734814469483581689e+01,0.000000000000000000e+00,0.000000000000000000e+00
3.858664304296785730e+01,0.000000000000000000e+00,0.000000000000000000e+00
3.789077744691442717e+01,0.000000000000000000e+00,0.000000000000000000e+00
3.616775271204843989e+01,0.000000000000000000e+00,0.000000000000000000e+00
3.712034944571460926e+01,0.000000000000000000e+00,0.000000000000000000e+00
3.638628120834368929e+01,0.000000000000000000e+00,0.000000000000000000e+00
3.524226470933663791e+01,0.000000000000000000e+00,0.000000000000000000e+00
3.713335584399180789e+01,0.000000000000000000e+00,0.000000000000000000e+00
3.827172018974084011e+01,0.000000000000000000e+00,0.000000000000000000e+00
3.760302595033531503e+01,0.000000000000000000e+00,0.000000000000000000e+00
3.749348840697561513e+01,0.000000000000000000e+00,0.000000000000000000e+00
3.779967822502854347e+01,0.000000000000000000e+00,0.000000000000000000e+00
3.549219519997033956e+01,0.000000000000000000e+00,0.000000000000000000e+00
3.869524399563955797e+01,0.000000000000000000e+00,0.000000000000000000e+00
3.569213375439215241e+01,0.000000000000000000e+00,0.000000000000000000e+00
4.092639780555695239e+01,0.000000000000000000e+00,0.000000000000000000e+00
3.773168599410679747e+01,0.000000000000000000e+00,0.000000000000000000e+00
3.932612369950241060e+01,0.000000000000000000e+00,0.000000000000000000e+00
3.606345415319455583e+01,0.000000000000000000e+00,0.000000000000000000e+00
3.844804357385127958e+01,0.000000000000000000e+00,0.000000000000000000e+00
3.914409976844727623e+01,0.000000000000000000e+00,0.000000000000000000e+00
3.619822129832825652e+01,0.000000000000000000e+00,0.000000000000000000e+00
3.569679086861156492e+01,0.000000000000000000e+00,0.000000000000000000e+00
3.895209110801101815e+01,0.000000000000000000e+00,0.000000000000000000e+00
3.764249101406090858e+01,0.000000000000000000e+00,0.000000000000000000e+00
4.030011516835671870e+01,0.000000000000000000e+00,0.000000000000000000e+00
3.773630465483240215e+01,0.000000000000000000e+00,0.000000000000000000e+00
4.151412404846323057e+01,0.000000000000000000e+00,0.000000000000000000e+00
3.909479932251149137e+01,0.000000000000000000e+00,0.000000000000000000e+00
3.908267646672769047e+01,0.000000000000000000e+00,0.000000000000000000e+00
4.248122221305746393e+01,0.000000000000000000e+00,0.000000000000000000e+00
4.091737368687977039e+01,0.000000000000000000e+00,0.000000000000000000e+00
4.199869740079802227e+01,0.000000000000000000e+00,0.000000000000000000e+00
4.007474533845269349e+01,0.000000000000000000e+00,0.000000000000000000e+00
3.599968754785099634e+01,0.000000000000000000e+00,0.000000000000000000e+00
3.985566090876978507e+01,0.000000000000000000e+00,0.000000000000000000e+00
4.142041839024135896e+01,0.000000000000000000e+00,0.000000000000000000e+00
3.883493883731770069e+01,0.000000000000000000e+00,0.000000000000000000e+00
4.185270271401032716e+01,0.000000000000000000e+00,0.000000000000000000e+00
3.774384881037748585e+01,0.000000000000000000e+00,0.000000000000000000e+00
4.186543148126077085e+01,0.000000000000000000e+00,0.000000000000000000e+00
3.863144061684002395e+01,0.000000000000000000e+00,0.000000000000000000e+00
4.188097024340237340e+01,0.000000000000000000e+00,0.000000000000000000e+00
4.078192383560983103e+01,0.000000000000000000e+00,0.000000000000000000e+00
4.070519563870007573e+01,0.000000000000000000e+00,0.000000000000000000e+00
3.905926611216158761e+01,0.000000000000000000e+00,0.000000000000000000e+00
3.840197065568820989e+01,0.000000000000000000e+00,0.000000000000000000e+00
3.971372210494064348e+01,0.000000000000000000e+00,0.000000000000000000e+00
4.211355347356447965e+01,0.000000000000000000e+00,0.000000000000000000e+00
3.910868920598824872e+01,0.000000000000000000e+00,0.000000000000000000e+00
4.155210780822562810e+01,0.000000000000000000e+00,0.000000000000000000e+00
3.797368206515926659e+01,0.000000000000000000e+00,0.000000000000000000e+00
4.248853453843994288e+01,0.000000000000000000e+00,0.000000000000000000e+00
3.925862266745809848e+01,0.000000000000000000e+00,0.000000000000000000e+00
3.920043544621000109e+01,0.000000000000000000e+00,0.000000000000000000e+00
4.007304185984808953e+01,0.000000000000000000e+00,0.000000000000000000e+00
3.775489476750500728e+01,0.000000000000000000e+00,0.000000000000000000e+00
3.968261019093620945e+01,0.000000000000000000e+00,0.000000000000000000e+00
4.190195147004528309e+01,0.000000000000000000e+00,0.000000000000000000e+00
4.333124302321772348e+01,0.000000000000000000e+00,0.000000000000000000e+00
4.085283265128942531e+01,0.000000000000000000e+00,0.000000000000000000e+00
4.289328345240456741e+01,0.000000000000000000e+00,0.000000000000000000e+00
4.090870161942312677e+01,0.000000000000000000e+00,0.000000000000000000e+00
4.063200881007718834e+01,0.000000000000000000e+00,0.000000000000000000e+00
4.552558199119809501e+01,0.000000000000000000e+00,0.000000000000000000e+00
4.079022869886316016e+01,0.000000000000000000e+00,0.000000000000000000e+00
3.856662005498781554e+01,0.000000000000000000e+00,0.000000000000000000e+00
4.045287726785747395e+01,0.000000000000000000e+00,0.000000000000000000e+00
3.905868318468190381e+01,0.000000000000000000e+00,0.000000000000000000e+00
4.290062624268831115e+01,0.000000000000000000e+00,0.000000000000000000e+00
4.304713984468405386e+01,0.000000000000000000e+00,0.000000000000000000e+00
4.324105019406308514e+01,0.000000000000000000e+00,0.000000000000000000e+00
4.225590676453919770e+01,0.000000000000000000e+00,0.000000000000000000e+00
4.348128414522102503e+01,0.000000000000000000e+00,0.000000000000000000e+00
3.888417629383171459e+01,0.000000000000000000e+00,0.000000000000000000e+00
4.073125850719039676e+01,0.000000000000000000e+00,0.000000000000000000e+00
4.310202659729752384e+01,0.000000000000000000e+00,0.000000000000000000e+00
4.243248354302583891e+01,0.000000000000000000e+00,0.000000000000000000e+00
4.403542838856251507e+01,0.000000000000000000e+00,0.000000000000000000e+00
4.426496987940070227e+01,0.000000000000000000e+00,0.000000000000000000e+00
4.530845800734103079e+01,0.000000000000000000e+00,0.000000000000000000e+00
4.011251711407247456e+01,0.000000000000000000e+00,0.000000000000000000e+00
4.093331016930209643e+01,0.000000000000000000e+00,0.000000000000000000e+00
4.076505220797359641e+01,0.000000000000000000e+00,0.000000000000000000e+00
4.308302823907290247e+01,0.000000000000000000e+00,0.000000000000000000e+00
4.468688775647058264e+01,0.000000000000000000e+00,0.000000000000000000e+00
4.435389440439824682e+01,0.000000000000000000e+00,0.000000000000000000e+00
4.252748423127565047e+01,0.000000000000000000e+00,0.000000000000000000e+00
4.482016757342120172e+01,0.000000000000000000e+00,0.000000000000000000e+00
4.397955705376990210e+01,0.000000000000000000e+00,0.000000000000000000e+00
4.433708124304124709e+01,0.000000000000000000e+00,0.000000000000000000e+00
4.662057390437723825e+01,0.000000000000000000e+00,0.000000000000000000e+00
4.397522156420336614e+01,0.000000000000000000e+00,0.000000000000000000e+00
4.130023149834624263e+01,0.000000000000000000e+00,0.000000000000000000e+00
4.443603979709232021e+01,0.000000000000000000e+00,0.000000000000000000e+00
4.773831933692077456e+01,0.000000000000000000e+00,0.000000000000000000e+00
4.327185893171923681e+01,0.000000000000000000e+00,0.000000000000000000e+00
4.368271539831721384e+01,0.000000000000000000e+00,0.000000000000000000e+00
4.405422793310496843e+01,0.000000000000000000e+00,0.000000000000000000e+00
4.556136127086645615e+01,0.000000000000000000e+00,0.000000000000000000e+00
4.550010131872121377e+01,0.000000000000000000e+00,0.000000000000000000e+00
4.758130110585577910e+01,0.000000000000000000e+00,0.000000000000000000e+00
4.351402033132773539e+01,0.000000000000000000e+00,0.000000000000000000e+00
4.738549967458062184e+01,0.000000000000000000e+00,0.000000000000000000e+00
4.851666538304615983e+01,0.000000000000000000e+00,0.000000000000000000e+00
3.866368909362706319e+01,0.000000000000000000e+00,0.000000000000000000e+00
4.593133431470781147e+01,0.000000000000000000e+00,0.000000000000000000e+00
4.540674819889418501e+01,0.000000000000000000e+00,0.000000000000000000e+00
4.913463315834552958e+01,0.000000000000000000e+00,0.000000000000000000e+00
4.785847906511092731e+01,0.000000000000000000e+00,0.000000000000000000e+00
4.837007925659413843e+01,0.000000000000000000e+00,0.000000000000000000e+00
4.056724544999508453e+01,0.000000000000000000e+00,0.000000000000000000e+00
4.316383292066564792e+01,0.000000000000000000e+00,0.000000000000000000e+00
4.553109858356648942e+01,0.000000000000000000e+00,0.000000000000000000e+00
4.377168149387479446e+01,0.000000000000000000e+00,0.000000000000000000e+00
4.790386436348215682e+01,0.000000000000000000e+00,0.000000000000000000e+00
4.367152688562860874e+01,0.000000000000000000e+00,0.000000000000000000e+00
4.714346068073134433e+01,0.000000000000000000e+00,0.000000000000000000e+00
4.329948748556755334e+01,0.000000000000000000e+00,0.000000000000000000e+00
4.774581128876614144e+01,0.000000000000000000e+00,0.000000000000000000e+00
4.501368838454441601e+01,0.000000000000000000e+00,0.000000000000000000e+00
4.706666269863997343e+01,0.000000000000000000e+00,0.000000000000000000e+00
4.992510575808249484e+01,0.000000000000000000e+00,0.000000000000000000e+00
4.620354142912761120e+01,0.000000000000000000e+00,0.000000000000000000e+00
4.706744143438019279e+01,0.000000000000000000e+00,0.000000000000000000e+00
4.925406582793696941e+01,0.000000000000000000e+00,0.000000000000000000e+00
4.828873784400735758e+01,0.000000000000000000e+00,0.000000000000000000e+00
4.725153294819107685e+01,0.000000000000000000e+00,0.000000000000000000e+00
4.896102296299266499e+01,0.000000000000000000e+00,0.000000000000000000e+00
4.983022619869282011e+01,0.000000000000000000e+00,0.000000000000000000e+00
4.453115045452795329e+01,0.000000000000000000e+00,0.000000000000000000e+00
4.630660383175993644e+01,0.000000000000000000e+00,0.000000000000000000e+00
4.727480246374337725e+01,0.000000000000000000e+00,0.000000000000000000e+00
4.598866828564968046e+01,0.000000000000000000e+00,0.000000000000000000e+00
4.635568585569073718e+01,0.000000000000000000e+00,0.000000000000000000e+00
4.587889907247356547e+01,0.000000000000000000e+00,0.000000000000000000e+00
4.665203333680247511e+01,0.000000000000000000e+00,0.000000000000000000e+00
4.389199173103432372e+01,0.000000000000000000e+00,0.000000000000000000e+00
4.890806763972454974e+01,0.000000000000000000e+00,0.000000000000000000e+00
4.702864688864089970e+01,0.000000000000000000e+00,0.000000000000000000e+00
4.714786401384809977e+01,0.000000000000000000e+00,0.000000000000000000e+00
5.032923056623736358e+01,0.000000000000000000e+00,0.000000000000000000e+00
4.840957890783869288e+01,0.000000000000000000e+00,0.000000000000000000e+00
4.810199074295252331e+01,0.000000000000000000e+00,0.000000000000000000e+00
4.987987996235506927e+01,0.000000000000000000e+00,0.000000000000000000e+00
4.713513057292774278e+01,0.000000000000000000e+00,0.000000000000000000e+00
4.857599816635686807e+01,0.000000000000000000e+00,0.000000000000000000e+00
5.158681402987625830e+01,0.000000000000000000e+00,0.000000000000000000e+00
4.878591832239728632e+01,0.000000000000000000e+00,0.000000000000000000e+00
5.113303898196326713e+01,0.000000000000000000e+00,0.000000000000000000e+00
4.504115591051100864e+01,0.000000000000000000e+00,0.000000000000000000e+00
5.088625936235174407e+01,0.000000000000000000e+00,0.000000000000000000e+00
4.628913371497510809e+01,0.000000000000000000e+00,0.000000000000000000e+00
4.577332615625124390e+01,0.000000000000000000e+00,0.000000000000000000e+00
5.083095470896385848e+01,0.000000000000000000e+00,0.000000000000000000e+00
4.629999463440424279e+01,0.000000000000000000e+00,0.000000000000000000e+00
4.885069565985935469e+01,0.000000000000000000e+00,0.000000000000000000e+00
4.540374789722289961e+01,0.000000000000000000e+00,0.000000000000000000e+00
5.020504453095836084e+01,0.000000000000000000e+00,0.000000000000000000e+00
4.929960448735309342e+01,0.000000000000000000e+00,0.000000000000000000e+00
4.803424859277525627e+01,0.000000000000000000e+00,0.000000000000000000e+00
5.064143679688940125e+01,0.000000000000000000e+00,0.000000000000000000e+00
4.719382042705962732e+01,0.000000000000000000e+00,0.000000000000000000e+00
4.950308398290361822e+01,0.000000000000000000e+00,0.000000000000000000e+00
5.043613224592250788e+01,0.000000000000000000e+00,0.000000000000000000e+00
5.026032680785161233e+01,0.000000000000000000e+00,0.000000000000000000e+00
4.885602136646578231e+01,0.000000000000000000e+00,0.000000000000000000e+00
4.680552913604578436e+01,0.000000000000000000e+00,0.000000000000000000e+00
4.940439644189888213e+01,0.000000000000000000e+00,0.000000000000000000e+00
5.238784323925003861e+01,0.000000000000000000e+00,0.000000000000000000e+00
5.011455843527478748e+01,0.000000000000000000e+00,0.000000000000000000e+00
4.739993130956338518e+01,0.000000000000000000e+00,0.000000000000000000e+00
5.326783402248798183e+01,0.000000000000000000e+00,0.000000000000000000e+00
5.040710870651733444e+01,0.000000000000000000e+00,0.000000000000000000e+00
4.808609368996975064e+01,0.000000000000000000e+00,0.000000000000000000e+00
5.044615209829601099e+01,0.000000000000000000e+00,0.000000000000000000e+00
5.148665285033970207e+01,0.000000000000000000e+00,0.000000000000000000e+00
5.173818199384402305e+01,0.000000000000000000e+00,0.000000000000000000e+00
5.174046854784437954e+01,0.000000000000000000e+00,0.000000000000000000e+00
5.086665135279701389e+01,0.000000000000000000e+00,0.000000000000000000e+00
5.037209943661688527e+01,0.000000000000000000e+00,0.000000000000000000e+00
5.121833846090962084e+01,0.000000000000000000e+00,0.000000000000000000e+00
5.178329493559733976e+01,0.000000000000000000e+00,0.000000000000000000e+00
4.948350903561258463e+01,0.000000000000000000e+00,0.000000000000000000e+00
4.842650512477254665e+01,0.000000000000000000e+00,0.000000000000000000e+00
5.566509458525015219e+01,0.000000000000000000e+00,0.000000000000000000e+00
4.882143931434153927e+01,0.000000000000000000e+00,0.000000000000000000e+00
5.030833680703716482e+01,0.000000000000000000e+00,0.000000000000000000e+00
5.080609317755749288e+01,0.000000000000000000e+00,0.000000000000000000e+00
5.199030201909913984e+01,0.000000000000000000e+00,0.000000000000000000e+00
5.021078507788169532e+01,0.000000000000000000e+00,0.000000000000000000e+00
4.933830319198654024e+01,0.000000000000000000e+00,0.000000000000000000e+00
5.073036435934921684e+01,0.000000000000000000e+00,0.000000000000000000e+00
5.225764954286208308e+01,0.000000000000000000e+00,0.000000000000000000e+00
5.569201596826157186e+01,0.000000000000000000e+00,0.000000000000000000e+00
5.125287477476953768e+01,0.000000000000000000e+00,0.000000000000000000e+00
5.193835449629606416e+01,0.000000000000000000e+00,0.000000000000000000e+00
5.600909771429122230e+01,0.000000000000000000e+00,0.000000000000000000e+00
5.463767474344844288e+01,0.000000000000000000e+00,0.000000000000000000e+00
5.251042346248202364e+01,0.000000000000000000e+00,0.000000000000000000e+00
5.310599594079891261e+01,0.000000000000000000e+00,0.000000000000000000e+00
4.848557789447460209e+01,0.000000000000000000e+00,0.000000000000000000e+00
5.295905481468302156e+01,0.000000000000000000e+00,0.000000000000000000e+00
5.462172372528235087e+01,0.000000000000000000e+00,0.000000000000000000e+00
5.183328034058376943e+01,0.000000000000000000e+00,0.000000000000000000e+00
5.190617164979341425e+01,0.000000000000000000e+00,0.000000000000000000e+00
5.485184693942967016e+01,0.000000000000000000e+00,0.000000000000000000e+00
5.295279363613203572e+01,0.000000000000000000e+00,0.000000000000000000e+00
5.476629365426652640e+01,0.000000000000000000e+00,0.000000000000000000e+00
4.956472427061536479e+01,0.000000000000000000e+00,0.000000000000000000e+00
5.085946959821570346e+01,0.000000000000000000e+00,0.000000000000000000e+00
5.309785930462638959e+01,0.000000000000000000e+00,0.000000000000000000e+00
5.624682836812705489e+01,0.000000000000000000e+00,0.000000000000000000e+00
5.761475949698913723e+01,0.000000000000000000e+00,0.000000000000000000e+00
5.105740569512298066e+01,0.000000000000000000e+00,0.000000000000000000e+00
5.397444666746222453e+01,0.000000000000000000e+00,0.000000000000000000e+00
5.900806792222807218e+01,0.000000000000000000e+00,0.000000000000000000e+00
5.141331734649266849e+01,0.000000000000000000e+00,0.000000000000000000e+00
5.711685332023245820e+01,0.000000000000000000e+00,0.000000000000000000e+00
5.345553755688757036e+01,0.000000000000000000e+00,0.000000000000000000e+00
5.682991345591112520e+01,0.000000000000000000e+00,0.000000000000000000e+00
5.483500863227374822e+01,0.000000000000000000e+00,0.000000000000000000e+00
5.391075637937751708e+01,0.000000000000000000e+00,0.000000000000000000e+00
5.257894525748111647e+01,0.000000000000000000e+00,0.000000000000000000e+00
5.481819044159244214e+01,0.000000000000000000e+00,0.000000000000000000e+00
5.158708331173681216e+01,0.000000000000000000e+00,0.000000000000000000e+00
5.393166561941185222e+01,0.000000000000000000e+00,0.000000000000000000e+00
5.146865237873875287e+01,0.000000000000000000e+00,0.000000000000000000e+00
5.668148602010081305e+01,0.000000000000000000e+00,0.000000000000000000e+00
5.333158105158147322e+01,0.000000000000000000e+00,0.000000000000000000e+00
5.427332025604338384e+01,0.000000000000000000e+00,0.000000000000000000e+00
5.735509326764765348e+01,0.000000000000000000e+00,0.000000000000000000e+00
5.540343493756304127e+01,0.000000000000000000e+00,0.000000000000000000e+00
5.196638255703654607e+01,0.000000000000000000e+00,0.000000000000000000e+00
5.816639359910745100e+01,0.000000000000000000e+00,0.000000000000000000e+00
5.615840244351675636e+01,0.000000000000000000e+00,0.000000000000000000e+00
5.726888726005613250e+01,0.000000000000000000e+00,0.000000000000000000e+00
5.461172602703085488e+01,0.000000000000000000e+00,0.000000000000000000e+00
5.859154413306520581e+01,0.000000000000000000e+00,0.000000000000000000e+00
5.425912748876547909e+01,0.000000000000000000e+00,0.000000000000000000e+00
5.487993966650144273e+01,0.000000000000000000e+00,0.000000000000000000e+00
5.882190897335895841e+01,0.000000000000000000e+00,0.000000000000000000e+00
5.631828049436031591e+01,0.000000000000000000e+00,0.000000000000000000e+00
5.511570412470080527e+01,0.000000000000000000e+00,0.000000000000000000e+00
5.394316620939247287e+01,0.000000000000000000e+00,0.000000000000000000e+00
5.574291354003699439e+01,0.000000000000000000e+00,0.000000000000000000e+00
5.605074957126134194e+01,0.000000000000000000e+00,0.000000000000000000e+00
5.483211650332266629e+01,0.000000000000000000e+00,0.000000000000000000e+00
5.565516422597185908e+01,0.000000000000000000e+00,0.000000000000000000e+00
5.400098609400900784e+01,0.000000000000000000e+00,0.000000000000000000e+00
5.923115864114687668e+01,0.000000000000000000e+00,0.000000000000000000e+00
5.854506140782773116e+01,0.000000000000000000e+00,0.000000000000000000e+00
5.934335091948755547e+01,0.000000000000000000e+00,0.000000000000000000e+00
5.642843202626702492e+01,0.000000000000000000e+00,0.000000000000000000e+00
5.590242179632684838e+01,0.000000000000000000e+00,0.000000000000000000e+00
5.514231413136320015e+01,0.000000000000000000e+00,0.000000000000000000e+00
5.409260070680157639e+01,0.000000000000000000e+00,0.000000000000000000e+00
6.149096025156165979e+01,0.000000000000000000e+00,0.000000000000000000e+00
5.575116726640931120e+01,0.000000000000000000e+00,0.000000000000000000e+00
5.753968357540217937e+01,0.000000000000000000e+00,0.000000000000000000e+00
5.563665441632318220e+01,0.000000000000000000e+00,0.000000000000000000e+00
5.566517935382020710e+01,0.000000000000000000e+00,0.000000000000000000e+00
5.854223716352116469e+01,0.000000000000000000e+00,0.000000000000000000e+00
5.779622178730352289e+01,0.000000000000000000e+00,0.000000000000000000e+00
5.887994979948133079e+01,0.000000000000000000e+00,0.000000000000000000e+00
5.522992316425776949e+01,0.000000000000000000e+00,0.000000000000000000e+00
5.856494222480428391e+01,0.000000000000000000e+00,0.000000000000000000e+00
5.884572206726701893e+01,0.000000000000000000e+00,0.000000000000000000e+00
5.905706583143976474e+01,0.000000000000000000e+00,0.000000000000000000e+00
5.884965470913041941e+01,0.000000000000000000e+00,0.000000000000000000e+00
6.013002317773091221e+01,0.000000000000000000e+00,0.000000000000000000e+00
5.554521421197160436e+01,0.000000000000000000e+00,0.000000000000000000e+00
5.483950209729929526e+01,0.000000000000000000e+00,0.000000000000000000e+00
5.690018119326887813e+01,0.000000000000000000e+00,0.000000000000000000e+00
5.946645081902945407e+01,0.000000000000000000e+00,0.000000000000000000e+00
6.099916142575570888e+01,0.000000000000000000e+00,0.000000000000000000e+00
5.763851133434671681e+01,0.000000000000000000e+00,0.000000000000000000e+00
5.727427181146607182e+01,0.000000000000000000e+00,0.000000000000000000e+00
5.833104409438273308e+01,0.000000000000000000e+00,0.000000000000000000e+00
5.726001349187614409e+01,0.000000000000000000e+00,0.000000000000000000e+00
6.084976734519904085e+01,0.000000000000000000e+00,0.000000000000000000e+00
5.422193452362009225e+01,0.000000000000000000e+00,0.000000000000000000e+00
5.887407864037393779e+01,0.000000000000000000e+00,0.000000000000000000e+00
6.159211660926899157e+01,0.000000000000000000e+00,0.000000000000000000e+00
5.813344273100881310e+01,0.000000000000000000e+00,0.000000000000000000e+00
6.000536809171650532e+01,0.000000000000000000e+00,0.000000000000000000e+00
6.510540953824713029e+01,0.000000000000000000e+00,0.000000000000000000e+00
5.945016690302827556e+01,0.000000000000000000e+00,0.000000000000000000e+00
6.266932314741998056e+01,0.000000000000000000e+00,0.000000000000000000e+00
5.763011317483015006e+01,0.000000000000000000e+00,0.000000000000000000e+00
6.184962855890110944e+01,0.000000000000000000e+00,0.000000000000000000e+00
5.806000252060481870e+01,0.000000000000000000e+00,0.000000000000000000e+00
5.768505825349447491e+01,0.000000000000000000e+00,0.000000000000000000e+00
6.160770422181686712e+01,0.000000000000000000e+00,0.000000000000000000e+00
6.159964295050037464e+01,0.000000000000000000e+00,0.000000000000000000e+00
5.884263364389132533e+01,0.000000000000000000e+00,0.000000000000000000e+00
6.363332293120924277e+01,0.000000000000000000e+00,0.000000000000000000e+00
6.065870006142586845e+01,0.000000000000000000e+00,0.000000000000000000e+00
5.831922029278134545e+01,0.000000000000000000e+00,0.000000000000000000e+00
6.101904310430624179e+01,0.000000000000000000e+00,0.000000000000000000e+00
6.042184632252083532e+01,0.000000000000000000e+00,0.000000000000000000e+00
5.785889949762878359e+01,0.000000000000000000e+00,0.000000000000000000e+00
6.131761315577823268e+01,0.000000000000000000e+00,0.000000000000000000e+00
6.388782542776146300e+01,0.000000000000000000e+00,0.000000000000000000e+00
6.219027102443018862e+01,0.000000000000000000e+00,0.000000000000000000e+00
6.422602958121481720e+01,0.000000000000000000e+00,0.000000000000000000e+00
6.238602406958452917e+01,0.000000000000000000e+00,0.000000000000000000e+00
6.368879653755790571e+01,0.000000000000000000e+00,0.000000000000000000e+00
6.102805600573771017e+01,0.000000000000000000e+00,0.000000000000000000e+00
6.022711824507206302e+01,0.000000000000000000e+00,0.000000000000000000e+00
6.039433657654202392e+01,0.000000000000000000e+00,0.000000000000000000e+00
6.120496976126182176e+01,0.000000000000000000e+00,0.000000000000000000e+00
6.067152496294198016e+01,0.000000000000000000e+00,0.000000000000000000e+00
6.155519001489167152e+01,0.000000000000000000e+00,0.000000000000000000e+00
6.121548114052999523e+01,0.000000000000000000e+00,0.000000000000000000e+00
6.208399156685634068e+01,0.000000000000000000e+00,0.000000000000000000e+00
6.185916962279254960e+01,0.000000000000000000e+00,0.000000000000000000e+00
6.167273903994122719e+01,0.000000000000000000e+00,0.000000000000000000e+00
6.460377076520653361e+01,0.000000000000000000e+00,0.000000000000000000e+00
6.493687634002752418e+01,0.000000000000000000e+00,0.000000000000000000e+00
6.151199068895043354e+01,0.000000000000000000e+00,0.000000000000000000e+00
6.467910330396843221e+01,0.000000000000000000e+00,0.000000000000000000e+00
6.161404795859818506e+01,0.000000000000000000e+00,0.000000000000000000e+00
6.621528511116919447e+01,0.000000000000000000e+00,0.000000000000000000e+00
6.341613522070189646e+01,0.000000000000000000e+00,0.000000000000000000e+00
6.146345476884545889e+01,0.000000000000000000e+00,0.000000000000000000e+00
6.130169546522588320e+01,0.000000000000000000e+00,0.000000000000000000e+00
6.168045893520960021e+01,0.000000000000000000e+00,0.000000000000000000e+00
6.169762779237283468e+01,0.000000000000000000e+00,0.000000000000000000e+00
6.067215844972419347e+01,0.000000000000000000e+00,0.000000000000000000e+00
6.289644684872533276e+01,0.000000000000000000e+00,0.000000000000000000e+00
6.344156733338673604e+01,0.000000000000000000e+00,0.000000000000000000e+00
5.901726294068517831e+01,0.000000000000000000e+00,0.000000000000000000e+00
6.011521420192148923e+01,0.000000000000000000e+00,0.000000000000000000e+00
6.477103454618253409e+01,0.000000000000000000e+00,0.000000000000000000e+00
6.038957310785278310e+01,0.000000000000000000e+00,0.000000000000000000e+00
6.331032155527256577e+01,0.000000000000000000e+00,0.000000000000000000e+00
6.773936579847288897e+01,0.000000000000000000e+00,0.000000000000000000e+00
6.554924475620012458e+01,0.000000000000000000e+00,0.000000000000000000e+00
6.434856912019937170e+01,0.000000000000000000e+00,0.000000000000000000e+00
6.764277303110168305e+01,0.000000000000000000e+00,0.000000000000000000e+00
6.257467781670537477e+01,0.000000000000000000e+00,0.000000000000000000e+00
6.285632911759970654e+01,0.000000000000000000e+00,0.000000000000000000e+00
6.396065137527311606e+01,0.000000000000000000e+00,0.000000000000000000e+00
6.382238526412095325e+01,0.000000000000000000e+00,0.000000000000000000e+00
6.138802468229849296e+01,0.000000000000000000e+00,0.000000000000000000e+00
6.264103269486759018e+01,0.000000000000000000e+00,0.000000000000000000e+00
6.330750437486008053e+01,0.000000000000000000e+00,0.000000000000000000e+00
6.142795102648924654e+01,0.000000000000000000e+00,0.000000000000000000e+00
6.368937816841496868e+01,0.000000000000000000e+00,0.000000000000000000e+00
6.189139508874731632e+01,0.000000000000000000e+00,0.000000000000000000e+00
6.463072104244164962e+01,0.000000000000000000e+00,0.000000000000000000e+00
6.664355494522145307e+01,0.000000000000000000e+00,0.000000000000000000e+00
6.699255295844147895e+01,0.000000000000000000e+00,0.000000000000000000e+00
6.573539879099095629e+01,0.000000000000000000e+00,0.000000000000000000e+00
6.498218547030785430e+01,0.000000000000000000e+00,0.000000000000000000e+00
6.648007182461735454e+01,0.000000000000000000e+00,0.000000000000000000e+00
6.574481558828280470e+01,0.000000000000000000e+00,0.000000000000000000e+00
6.524693816815093328e+01,0.000000000000000000e+00,0.000000000000000000e+00
6.766563848299331596e+01,0.000000000000000000e+00,0.000000000000000000e+00
6.850811177557048381e+01,0.000000000000000000e+00,0.000000000000000000e+00
6.438368659010068029e+01,0.000000000000000000e+00,0.000000000000000000e+00
6.537490622596101275e+01,0.000000000000000000e+00,0.000000000000000000e+00
6.709716599908435342e+01,0.000000000000000000e+00,0.000000000000000000e+00
6.716149351351619146e+01,0.000000000000000000e+00,0.000000000000000000e+00
6.342683214050698126e+01,0.000000000000000000e+00,0.000000000000000000e+00
6.260732179653880536e+01,0.000000000000000000e+00,0.000000000000000000e+00
6.281090945587001784e+01,0.000000000000000000e+00,0.000000000000000000e+00
6.475832933043392359e+01,0.000000000000000000e+00,0.000000000000000000e+00
6.548254577966515910e+01,0.000000000000000000e+00,0.000000000000000000e+00
6.560975341203838695e+01,0.000000000000000000e+00,0.000000000000000000e+00
6.985830367195217150e+01,0.000000000000000000e+00,0.000000000000000000e+00
6.737177222220816475e+01,0.000000000000000000e+00,0.000000000000000000e+00
6.528711182226727772e+01,0.000000000000000000e+00,0.000000000000000000e+00
6.330392914810310856e+01,0.000000000000000000e+00,0.000000000000000000e+00
6.599166305684116196e+01,0.000000000000000000e+00,0.000000000000000000e+00
6.521095641848157243e+01,0.000000000000000000e+00,0.000000000000000000e+00
6.861107886964120439e+01,0.000000000000000000e+00,0.000000000000000000e+00
6.150715010417229678e+01,0.000000000000000000e+00,0.000000000000000000e+00
6.926975636977644513e+01,0.000000000000000000e+00,0.000000000000000000e+00
6.575910243640561248e+01,0.000000000000000000e+00,0.000000000000000000e+00
6.890148188940342777e+01,0.000000000000000000e+00,0.000000000000000000e+00
6.760807321537247105e+01,0.000000000000000000e+00,0.000000000000000000e+00
6.456473861360828437e+01,0.000000000000000000e+00,0.000000000000000000e+00
6.871250099581736492e+01,0.000000000000000000e+00,0.000000000000000000e+00
6.614744438654194880e+01,0.000000000000000000e+00,0.000000000000000000e+00
6.549938647225255295e+01,0.000000000000000000e+00,0.000000000000000000e+00
6.801059966288300984e+01,0.000000000000000000e+00,0.000000000000000000e+00
6.664513598792942162e+01,0.000000000000000000e+00,0.000000000000000000e+00
6.520299505583436428e+01,0.000000000000000000e+00,0.000000000000000000e+00
7.111285638586613800e+01,0.000000000000000000e+00,0.000000000000000000e+00
6.962494507933358534e+01,0.000000000000000000e+00,0.000000000000000000e+00
6.831465264770139356e+01,0.000000000000000000e+00,0.000000000000000000e+00
6.609561655419170734e+01,0.000000000000000000e+00,0.000000000000000000e+00
6.765900240530746146e+01,0.000000000000000000e+00,0.000000000000000000e+00
6.839778534952574773e+01,0.000000000000000000e+00,0.000000000000000000e+00
6.988972007896917660e+01,0.000000000000000000e+00,0.000000000000000000e+00
6.697870688900944458e+01,0.000000000000000000e+00,0.000000000000000000e+00
6.968569436603357303e+01,0.000000000000000000e+00,0.000000000000000000e+00
6.406563465410881975e+01,0.000000000000000000e+00,0.000000000000000000e+00
6.722765540066468759e+01,0.000000000000000000e+00,0.000000000000000000e+00
6.871212311012408236e+01,0.000000000000000000e+00,0.000000000000000000e+00
6.669422672225879012e+01,0.000000000000000000e+00,0.000000000000000000e+00
6.827505411169968852e+01,0.000000000000000000e+00,0.000000000000000000e+00
6.939677811630576798e+01,0.000000000000000000e+00,0.000000000000000000e+00
6.726615866727273385e+01,0.000000000000000000e+00,0.000000000000000000e+00
6.564760848067992072e+01,0.000000000000000000e+00,0.000000000000000000e+00
6.910935166642659055e+01,0.000000000000000000e+00,0.000000000000000000e+00
6.614651582023680021e+01,0.000000000000000000e+00,0.000000000000000000e+00
6.667229336516790283e+01,0.000000000000000000e+00,0.000000000000000000e+00
7.043638704339558387e+01,0.000000000000000000e+00,0.000000000000000000e+00
6.631648652342572348e+01,0.000000000000000000e+00,0.000000000000000000e+00
6.822901627204628028e+01,0.000000000000000000e+00,0.000000000000000000e+00
7.114482903702494809e+01,0.000000000000000000e+00,0.000000000000000000e+00
6.786815782196470082e+01,0.000000000000000000e+00,0.000000000000000000e+00
6.874823811952732910e+01,0.000000000000000000e+00,0.000000000000000000e+00
7.134671439236234392e+01,0.000000000000000000e+00,0.000000000000000000e+00
6.836260773797188506e+01,0.000000000000000000e+00,0.000000000000000000e+00
6.796623046425069958e+01,0.000000000000000000e+00,0.000000000000000000e+00
7.052683903494222761e+01,0.000000000000000000e+00,0.000000000000000000e+00
6.807013368936436848e+01,0.000000000000000000e+00,0.000000000000000000e+00
6.996903374098594952e+01,0.000000000000000000e+00,0.000000000000000000e+00
6.838762430300131712e+01,0.000000000000000000e+00,0.000000000000000000e+00
6.860205421729860120e+01,0.000000000000000000e+00,0.000000000000000000e+00
7.159392509811087280e+01,0.000000000000000000e+00,0.000000000000000000e+00
6.790894205825543395e+01,0.000000000000000000e+00,0.000000000000000000e+00
6.867358291108295987e+01,0.000000000000000000e+00,0.000000000000000000e+00
6.956755734939046931e+01,0.000000000000000000e+00,0.000000000000000000e+00
7.108605059417565997e+01,0.000000000000000000e+00,0.000000000000000000e+00
6.790158814772436813e+01,0.000000000000000000e+00,0.000000000000000000e+00
6.847765748251853779e+01,0.000000000000000000e+00,0.000000000000000000e+00
6.584847205120122737e+01,0.000000000000000000e+00,0.000000000000000000e+00
6.902973272548652517e+01,0.000000000000000000e+00,0.000000000000000000e+00
7.130438226307754235e+01,0.000000000000000000e+00,0.000000000000000000e+00
7.289707680283993341e+01,0.000000000000000000e+00,0.000000000000000000e+00
7.134386536347308549e+01,0.000000000000000000e+00,0.000000000000000000e+00
6.946057511158443276e+01,0.000000000000000000e+00,0.000000000000000000e+00
6.900844531647901192e+01,0.000000000000000000e+00,0.000000000000000000e+00
6.783995767044142156e+01,0.000000000000000000e+00,0.000000000000000000e+00
7.080150140963529282e+01,0.000000000000000000e+00,0.000000000000000000e+00
7.374195540616449307e+01,0.000000000000000000e+00,0.000000000000000000e+00
7.178784864791622056e+01,0.000000000000000000e+00,0.000000000000000000e+00
6.850870780664604354e+01,0.000000000000000000e+00,0.000000000000000000e+00
6.796393039739538722e+01,0.000000000000000000e+00,0.000000000000000000e+00
6.958610757998447127e+01,0.000000000000000000e+00,0.000000000000000000e+00
6.844577830511585148e+01,0.000000000000000000e+00,0.000000000000000000e+00
7.175015965721256350e+01,0.000000000000000000e+00,0.000000000000000000e+00
6.888184758498555027e+01,0.000000000000000000e+00,0.000000000000000000e+00
6.848763739766994263e+01,0.000000000000000000e+00,0.000000000000000000e+00
6.981975658337967161e+01,0.000000000000000000e+00,0.000000000000000000e+00
6.910885907448215448e+01,0.000000000000000000e+00,0.000000000000000000e+00
7.177717124731822196e+01,0.000000000000000000e+00,0.000000000000000000e+00
7.078298479702147006e+01,0.000000000000000000e+00,0.000000000000000000e+00
6.927928478693885950e+01,0.000000000000000000e+00,0.000000000000000000e+00
7.035133052966571654e+01,0.000000000000000000e+00,0.000000000000000000e+00
7.306666218889846220e+01,0.000000000000000000e+00,0.000000000000000000e+00
7.245176239556242592e+01,0.000000000000000000e+00,0.000000000000000000e+00
7.482599751851847714e+01,0.000000000000000000e+00,0.000000000000000000e+00
7.346333174837315028e+01,0.000000000000000000e+00,0.000000000000000000e+00
7.230163647126737203e+01,0.000000000000000000e+00,0.000000000000000000e+00
7.203014216668552194e+01,0.000000000000000000e+00,0.000000000000000000e+00
6.818021388594836196e+01,0.000000000000000000e+00,0.000000000000000000e+00
7.229814922187416926e+01,0.000000000000000000e+00,0.000000000000000000e+00
7.129821265852341128e+01,0.000000000000000000e+00,0.000000000000000000e+00
7.025242471836635616e+01,0.000000000000000000e+00,0.000000000000000000e+00
7.240843053194977585e+01,0.000000000000000000e+00,0.000000000000000000e+00
6.996349493927587559e+01,0.000000000000000000e+00,0.000000000000000000e+00
6.864981162720238217e+01,0.000000000000000000e+00,0.000000000000000000e+00
7.125837374416896353e+01,0.000000000000000000e+00,0.000000000000000000e+00
7.073558492267201814e+01,0.000000000000000000e+00,0.000000000000000000e+00
7.447933092017913737e+01,0.000000000000000000e+00,0.000000000000000000e+00
7.145353179690256695e+01,0.000000000000000000e+00,0.000000000000000000e+00
7.388829305897100141e+01,0.000000000000000000e+00,0.000000000000000000e+00
7.339178743136601213e+01,0.000000000000000000e+00,0.000000000000000000e+00
7.317327772395061913e+01,0.000000000000000000e+00,0.000000000000000000e+00
7.397247603015860307e+01,0.000000000000000000e+00,0.000000000000000000e+00
7.424545851407705754e+01,0.000000000000000000e+00,0.000000000000000000e+00
7.124690905465966750e+01,0.000000000000000000e+00,0.000000000000000000e+00
7.518551387208377434e+01,0.000000000000000000e+00,0.000000000000000000e+00
7.413405607518500062e+01,0.000000000000000000e+00,0.000000000000000000e+00
7.396185083719461772e+01,0.000000000000000000e+00,0.000000000000000000e+00
7.112479760241470217e+01,0.000000000000000000e+00,0.000000000000000000e+00
7.113555332512187590e+01,0.000000000000000000e+00,0.000000000000000000e+00
7.384149913520265329e+01,0.000000000000000000e+00,0.000000000000000000e+00
7.319054766965020065e+01,0.000000000000000000e+00,0.000000000000000000e+00
7.265273467276718122e+01,0.000000000000000000e+00,0.000000000000000000e+00
7.397156154245364235e+01,0.000000000000000000e+00,0.000000000000000000e+00
7.584862738385410807e+01,0.000000000000000000e+00,0.000000000000000000e+00
7.302496314088013207e+01,0.000000000000000000e+00,0.000000000000000000e+00
6.979522932709053862e+01,0.000000000000000000e+00,0.000000000000000000e+00
7.178285204284067333e+01,0.000000000000000000e+00,0.000000000000000000e+00
7.267113537672575774e+01,0.000000000000000000e+00,0.000000000000000000e+00
7.315890447510254546e+01,0.000000000000000000e+00,0.000000000000000000e+00
7.612111789188796251e+01,0.000000000000000000e+00,0.000000000000000000e+00
7.068789427695534755e+01,0.000000000000000000e+00,0.000000000000000000e+00
7.562784512976494966e+01,0.000000000000000000e+00,0.000000000000000000e+00
7.586085370596481425e+01,0.000000000000000000e+00,0.000000000000000000e+00
7.342888604680565834e+01,0.000000000000000000e+00,0.000000000000000000e+00
6.953277445360883746e+01,0.000000000000000000e+00,0.000000000000000000e+00
7.426948881482719855e+01,0.000000000000000000e+00,0.000000000000000000e+00
7.576606919296844467e+01,0.000000000000000000e+00,0.000000000000000000e+00
7.230886538635834881e+01,0.000000000000000000e+00,0.000000000000000000e+00
7.309381107646771625e+01,0.000000000000000000e+00,0.000000000000000000e+00
7.415338112501409285e+01,0.000000000000000000e+00,0.000000000000000000e+00
7.171323188456517528e+01,0.000000000000000000e+00,0.000000000000000000e+00
7.641586207223474503e+01,0.000000000000000000e+00,0.000000000000000000e+00
7.680943178585400233e+01,0.000000000000000000e+00,0.000000000000000000e+00
7.111428911418765608e+01,0.000000000000000000e+00,0.000000000000000000e+00
7.634420393510997371e+01,0.000000000000000000e+00,0.000000000000000000e+00
7.495143171668772197e+01,0.000000000000000000e+00,0.000000000000000000e+00
7.539275369812216354e+01,0.000000000000000000e+00,0.000000000000000000e+00
7.327375814350635608e+01,0.000000000000000000e+00,0.000000000000000000e+00
7.248061802024781741e+01,0.000000000000000000e+00,0.000000000000000000e+00
7.081602063791036983e+01,0.000000000000000000e+00,0.000000000000000000e+00
7.438844402224755470e+01,0.000000000000000000e+00,0.000000000000000000e+00
7.619082518216040967e+01,0.000000000000000000e+00,0.000000000000000000e+00
7.051607742137609591e+01,0.000000000000000000e+00,0.000000000000000000e+00
7.570760596276222998e+01,0.000000000000000000e+00,0.000000000000000000e+00
7.496176295126551281e+01,0.000000000000000000e+00,0.000000000000000000e+00
7.452476867747211031e+01,0.000000000000000000e+00,0.000000000000000000e+00
7.601166217190346686e+01,0.000000000000000000e+00,0.000000000000000000e+00
7.727685331776920918e+01,0.000000000000000000e+00,0.000000000000000000e+00
7.531329951575385451e+01,0.000000000000000000e+00,0.000000000000000000e+00
7.348504598898080076e+01,0.000000000000000000e+00,0.000000000000000000e+00
7.301975990178746656e+01,0.000000000000000000e+00,0.000000000000000000e+00
7.386934650357629550e+01,0.000000000000000000e+00,0.000000000000000000e+00
7.407152845932516527e+01,0.000000000000000000e+00,0.000000000000000000e+00
7.223205563132772511e+01,0.000000000000000000e+00,0.000000000000000000e+00
7.383209936984597732e+01,0.000000000000000000e+00,0.000000000000000000e+00
7.177488660269658283e+01,0.000000000000000000e+00,0.000000000000000000e+00
7.193504140166756144e+01,0.000000000000000000e+00,0.000000000000000000e+00
7.054459678307021875e+01,0.000000000000000000e+00,0.000000000000000000e+00
7.185928793975111262e+01,0.000000000000000000e+00,0.000000000000000000e+00
7.323021097707120930e+01,0.000000000000000000e+00,0.000000000000000000e+00
7.436243529834912636e+01,0.000000000000000000e+00,0.000000000000000000e+00
7.463751088133327016e+01,0.000000000000000000e+00,0.000000000000000000e+00
7.550037983405512421e+01,0.000000000000000000e+00,0.000000000000000000e+00
7.375033713030235560e+01,0.000000000000000000e+00,0.000000000000000000e+00
7.603180713738746022e+01,0.000000000000000000e+00,0.000000000000000000e+00
7.641912386601548235e+01,0.000000000000000000e+00,0.000000000000000000e+00
7.237354156314982845e+01,0.000000000000000000e+00,0.000000000000000000e+00
7.505890798130130293e+01,0.000000000000000000e+00,0.000000000000000000e+00
7.565688784878032891e+01,0.000000000000000000e+00,0.000000000000000000e+00
7.782493079722007678e+01,0.000000000000000000e+00,0.000000000000000000e+00
7.756751284608569108e+01,0.000000000000000000e+00,0.000000000000000000e+00
7.732633364585787206e+01,0.000000000000000000e+00,0.000000000000000000e+00
7.612251997954540172e+01,0.000000000000000000e+00,0.000000000000000000e+00
7.360678266327592212e+01,0.000000000000000000e+00,0.000000000000000000e+00
7.626918190589698554e+01,0.000000000000000000e+00,0.000000000000000000e+00
7.934080912929380247e+01,0.000000000000000000e+00,0.000000000000000000e+00
7.299054569037180329e+01,0.000000000000000000e+00,0.000000000000000000e+00
7.449484618114981060e+01,0.000000000000000000e+00,0.000000000000000000e+00
7.214582608626261617e+01,0.000000000000000000e+00,0.000000000000000000e+00
7.441278740798335889e+01,0.000000000000000000e+00,0.000000000000000000e+00
7.589741520546569120e+01,0.000000000000000000e+00,0.000000000000000000e+00
7.123860236255622169e+01,0.000000000000000000e+00,0.000000000000000000e+00
7.858502668540116076e+01,0.000000000000000000e+00,0.000000000000000000e+00
7.527563428122843447e+01,0.000000000000000000e+00,0.000000000000000000e+00
7.490205973416288998e+01,0.000000000000000000e+00,0.000000000000000000e+00
7.438778587086132177e+01,0.000000000000000000e+00,0.000000000000000000e+00
7.909629994696067001e+01,0.000000000000000000e+00,0.000000000000000000e+00
7.334902083867575584e+01,0.000000000000000000e+00,0.000000000000000000e+00
7.688859373979519773e+01,0.000000000000000000e+00,0.000000000000000000e+00
7.772857994192666808e+01,0.000000000000000000e+00,0.000000000000000000e+00
7.270727124342782588e+01,0.000000000000000000e+00,0.000000000000000000e+00
7.980024408964274585e+01,0.000000000000000000e+00,0.000000000000000000e+00
7.475934133827406924e+01,0.000000000000000000e+00,0.000000000000000000e+00
7.886960312849328147e+01,0.000000000000000000e+00,0.000000000000000000e+00
7.586455502409150142e+01,0.000000000000000000e+00,0.000000000000000000e+00
7.997985640878617630e+01,0.000000000000000000e+00,0.000000000000000000e+00
7.711359048661425675e+01,0.000000000000000000e+00,0.000000000000000000e+00
7.822906641915110981e+01,0.000000000000000000e+00,0.000000000000000000e+00
7.861189421494492535e+01,0.000000000000000000e+00,0.000000000000000000e+00
7.766800549601667569e+01,0.000000000000000000e+00,0.000000000000000000e+00
7.898300407854064531e+01,0.000000000000000000e+00,0.000000000000000000e+00
7.958042431768022595e+01,0.000000000000000000e+00,0.000000000000000000e+00
7.559964084099790682e+01,0.000000000000000000e+00,0.000000000000000000e+00
7.361737814323819862e+01,0.000000000000000000e+00,0.000000000000000000e+00
7.474024982426196573e+01,0.000000000000000000e+00,0.000000000000000000e+00
7.531160545901614967e+01,0.000000000000000000e+00,0.000000000000000000e+00
7.649255048525006373e+01,0.000000000000000000e+00,0.000000000000000000e+00
7.968800591923721299e+01,0.000000000000000000e+00,0.000000000000000000e+00
7.445446067404685664e+01,0.000000000000000000e+00,0.000000000000000000e+00
7.895111808388151076e+01,0.000000000000000000e+00,0.000000000000000000e+00
7.782343479127446528e+01,0.000000000000000000e+00,0.000000000000000000e+00
7.678204790519615131e+01,0.000000000000000000e+00,0.000000000000000000e+00
7.868622698286570483e+01,0.000000000000000000e+00,0.000000000000000000e+00
7.391017911837458598e+01,0.000000000000000000e+00,0.000000000000000000e+00
8.115811253125592373e+01,0.000000000000000000e+00,0.000000000000000000e+00
8.077048259546933195e+01,0.000000000000000000e+00,0.000000000000000000e+00
7.938792499100024713e+01,0.000000000000000000e+00,0.000000000000000000e+00
7.765802296150212669e+01,0.000000000000000000e+00,0.000000000000000000e+00
7.589051456557064057e+01,0.000000000000000000e+00,0.000000000000000000e+00
7.884799679464957478e+01,0.000000000000000000e+00,0.000000000000000000e+00
7.793860943725165669e+01,0.000000000000000000e+00,0.000000000000000000e+00
7.856875681395538891e+01,0.000000000000000000e+00,0.000000000000000000e+00
8.005191546660499569e+01,0.000000000000000000e+00,0.000000000000000000e+00
7.647835765342982484e+01,0.000000000000000000e+00,0.000000000000000000e+00
8.018358650580309188e+01,0.000000000000000000e+00,0.000000000000000000e+00
7.554919704099282285e+01,0.000000000000000000e+00,0.000000000000000000e+00
7.463942947704086350e+01,0.000000000000000000e+00,0.000000000000000000e+00
7.730616508309569213e+01,0.000000000000000000e+00,0.000000000000000000e+00
7.749438206539262808e+01,0.000000000000000000e+00,0.000000000000000000e+00
7.823210577714560543e+01,0.000000000000000000e+00,0.000000000000000000e+00
7.871373980931952019e+01,0.000000000000000000e+00,0.000000000000000000e+00
7.898728131322690160e+01,0.000000000000000000e+00,0.000000000000000000e+00
7.526066663763680253e+01,0.000000000000000000e+00,0.000000000000000000e+00
7.606769344769503505e+01,0.000000000000000000e+00,0.000000000000000000e+00
7.874479565098074829e+01,0.000000000000000000e+00,0.000000000000000000e+00
8.085791122991986413e+01,0.000000000000000000e+00,0.000000000000000000e+00
7.688541030466707582e+01,0.000000000000000000e+00,0.000000000000000000e+00
7.704907333984097306e+01,0.000000000000000000e+00,0.000000000000000000e+00
7.851160272350676905e+01,0.000000000000000000e+00,0.000000000000000000e+00
7.891208337599896083e+01,0.000000000000000000e+00,0.000000000000000000e+00
7.598126058990408183e+01,0.000000000000000000e+00,0.000000000000000000e+00
7.389018507550891002e+01,0.000000000000000000e+00,0.000000000000000000e+00
7.639376400574825254e+01,0.000000000000000000e+00,0.000000000000000000e+00
7.682484812764238313e+01,0.000000000000000000e+00,0.000000000000000000e+00
7.770473952280794094e+01,0.000000000000000000e+00,0.000000000000000000e+00
8.254884329977636526e+01,0.000000000000000000e+00,0.000000000000000000e+00
8.050725779528232806e+01,0.000000000000000000e+00,0.000000000000000000e+00
8.053504182256594390e+01,0.000000000000000000e+00,0.000000000000000000e+00
7.522946516194697608e+01,0.000000000000000000e+00,0.000000000000000000e+00
7.604978607140006375e+01,0.000000000000000000e+00,0.000000000000000000e+00
8.005939282695092629e+01,0.000000000000000000e+00,0.000000000000000000e+00
8.110066504420136368e+01,0.000000000000000000e+00,0.000000000000000000e+00
7.801365614900852563e+01,0.000000000000000000e+00,0.000000000000000000e+00
8.227940882379634502e+01,0.000000000000000000e+00,0.000000000000000000e+00
7.850072878986183866e+01,0.000000000000000000e+00,0.000000000000000000e+00
7.895193915536866314e+01,0.000000000000000000e+00,0.000000000000000000e+00
7.743539280070336872e+01,0.000000000000000000e+00,0.000000000000000000e+00
7.622403786686368221e+01,0.000000000000000000e+00,0.000000000000000000e+00
7.613764291201550805e+01,0.000000000000000000e+00,0.000000000000000000e+00
7.757426405879508025e+01,0.000000000000000000e+00,0.000000000000000000e+00
7.925104674515525005e+01,0.000000000000000000e+00,0.000000000000000000e+00
7.926252155888252560e+01,0.000000000000000000e+00,0.000000000000000000e+00
7.292866195548147346e+01,0.000000000000000000e+00,0.000000000000000000e+00
8.232135438518879766e+01,0.000000000000000000e+00,0.000000000000000000e+00
7.736614595156041219e+01,0.000000000000000000e+00,0.000000000000000000e+00
7.736462271385447309e+01,0.000000000000000000e+00,0.000000000000000000e+00
8.045354677890846062e+01,0.000000000000000000e+00,0.000000000000000000e+00
7.734320908692211560e+01,0.000000000000000000e+00,0.000000000000000000e+00
7.791752589497416182e+01,0.000000000000000000e+00,0.000000000000000000e+00
7.740149115240392064e+01,0.000000000000000000e+00,0.000000000000000000e+00
8.076678957732386266e+01,0.000000000000000000e+00,0.000000000000000000e+00
8.208952171605362480e+01,0.000000000000000000e+00,0.000000000000000000e+00
8.164951245799269941e+01,0.000000000000000000e+00,0.000000000000000000e+00
7.877581825968756846e+01,0.000000000000000000e+00,0.000000000000000000e+00
7.507393793667071691e+01,0.000000000000000000e+00,0.000000000000000000e+00
7.864833108250300597e+01,0.000000000000000000e+00,0.000000000000000000e+00
8.071797643486898721e+01,0.000000000000000000e+00,0.000000000000000000e+00
7.694103717661162989e+01,0.000000000000000000e+00,0.000000000000000000e+00
7.877961716218452182e+01,0.000000000000000000e+00,0.000000000000000000e+00
7.775335685293195809e+01,0.000000000000000000e+00,0.000000000000000000e+00
7.827672845805597035e+01,0.000000000000000000e+00,0.000000000000000000e+00
8.047438121029713898e+01,0.000000000000000000e+00,0.000000000000000000e+00
7.493999006181257982e+01,0.000000000000000000e+00,0.000000000000000000e+00
7.941660052996159891e+01,0.000000000000000000e+00,0.000000000000000000e+00
7.633263050091338187e+01,0.000000000000000000e+00,0.000000000000000000e+00
7.780643871126967781e+01,0.000000000000000000e+00,0.000000000000000000e+00
8.087347215818610380e+01,0.000000000000000000e+00,0.000000000000000000e+00
7.840130989814684881e+01,0.000000000000000000e+00,0.000000000000000000e+00
8.091577304581294072e+01,0.000000000000000000e+00,0.000000000000000000e+00
8.047752342212780263e+01,0.000000000000000000e+00,0.000000000000000000e+00
7.934005114207984377e+01,0.000000000000000000e+00,0.000000000000000000e+00
8.055178962137360088e+01,0.000000000000000000e+00,0.000000000000000000e+00
8.309855955623480384e+01,0.000000000000000000e+00,0.000000000000000000e+00
7.760312741331782149e+01,0.000000000000000000e+00,0.000000000000000000e+00
7.927306476093559695e+01,0.000000000000000000e+00,0.000000000000000000e+00
7.978025351884208760e+01,0.000000000000000000e+00,0.000000000000000000e+00
7.828480263193007715e+01,0.000000000000000000e+00,0.000000000000000000e+00
7.693270552800346707e+01,0.000000000000000000e+00,0.000000000000000000e+00
7.829365546888774929e+01,0.000000000000000000e+00,0.000000000000000000e+00
8.070957523985228477e+01,0.000000000000000000e+00,0.000000000000000000e+00
7.791998928297344662e+01,0.000000000000000000e+00,0.000000000000000000e+00
7.771896330572532463e+01,0.000000000000000000e+00,0.000000000000000000e+00
7.878637697336547774e+01,0.000000000000000000e+00,0.000000000000000000e+00
8.405076807592773491e+01,0.000000000000000000e+00,0.000000000000000000e+00
7.739829254666311442e+01,0.000000000000000000e+00,0.000000000000000000e+00
7.638369278227850145e+01,0.000000000000000000e+00,0.000000000000000000e+00
8.307039789759868142e+01,0.000000000000000000e+00,0.000000000000000000e+00
8.103065450983368123e+01,0.000000000000000000e+00,0.000000000000000000e+00
7.846348775138548604e+01,0.000000000000000000e+00,0.000000000000000000e+00
8.012636003399201456e+01,0.000000000000000000e+00,0.000000000000000000e+00
7.962871203606410120e+01,0.000000000000000000e+00,0.000000000000000000e+00
7.711482134359663121e+01,0.000000000000000000e+00,0.000000000000000000e+00
7.837681820954031764e+01,0.000000000000000000e+00,0.000000000000000000e+00
7.774495614394339782e+01,0.000000000000000000e+00,0.000000000000000000e+00
7.762239374122741253e+01,0.000000000000000000e+00,0.000000000000000000e+00
7.797233095269265846e+01,0.000000000000000000e+00,0.000000000000000000e+00
8.040094859777813951e+01,0.000000000000000000e+00,0.000000000000000000e+00
8.269070292992215343e+01,0.000000000000000000e+00,0.000000000000000000e+00
7.786495455188612880e+01,0.000000000000000000e+00,0.000000000000000000e+00
8.085050094551741040e+01,0.000000000000000000e+00,0.000000000000000000e+00
8.030156955113018569e+01,0.000000000000000000e+00,0.000000000000000000e+00
7.652733988216284899e+01,0.000000000000000000e+00,0.000000000000000000e+00
7.840214467222438088e+01,0.000000000000000000e+00,0.000000000000000000e+00
7.515416659549201484e+01,0.000000000000000000e+00,0.000000000000000000e+00
7.989872228387905295e+01,0.000000000000000000e+00,0.000000000000000000e+00
7.760150378129841897e+01,0.000000000000000000e+00,0.000000000000000000e+00
7.917403146663204438e+01,0.000000000000000000e+00,0.000000000000000000e+00
7.727723918556048943e+01,0.000000000000000000e+00,0.000000000000000000e+00
7.886317366783944749e+01,0.000000000000000000e+00,0.000000000000000000e+00
7.903693377623788763e+01,0.000000000000000000e+00,0.000000000000000000e+00
7.535987881175370262e+01,0.000000000000000000e+00,0.000000000000000000e+00
7.790965115300409138e+01,0.000000000000000000e+00,0.000000000000000000e+00
7.934087841807645702e+01,0.000000000000000000e+00,0.000000000000000000e+00
8.174342228633503282e+01,0.000000000000000000e+00,0.000000000000000000e+00
8.021178348552470538e+01,0.000000000000000000e+00,0.000000000000000000e+00
8.010299001651715400e+01,0.000000000000000000e+00,0.000000000000000000e+00
7.697699859121865984e+01,0.000000000000000000e+00,0.000000000000000000e+00
8.097489905597132065e+01,0.000000000000000000e+00,0.000000000000000000e+00
8.122634151226492349e+01,0.000000000000000000e+00,0.000000000000000000e+00
7.797589338665773084e+01,0.000000000000000000e+00,0.000000000000000000e+00
7.974112658082741234e+01,0.000000000000000000e+00,0.000000000000000000e+00
7.909076641919713779e+01,0.000000000000000000e+00,0.000000000000000000e+00
8.019267351489034468e+01,0.000000000000000000e+00,0.000000000000000000e+00
7.879746307308460018e+01,0.000000000000000000e+00,0.000000000000000000e+00
8.205499737809923033e+01,0.000000000000000000e+00,0.000000000000000000e+00
7.941959428234343932e+01,0.000000000000000000e+00,0.000000000000000000e+00
8.233509313729133794e+01,0.000000000000000000e+00,0.000000000000000000e+00
7.852715258801332254e+01,0.000000000000000000e+00,0.000000000000000000e+00
8.147480375171204514e+01,0.000000000000000000e+00,0.000000000000000000e+00
8.037235544150526323e+01,0.000000000000000000e+00,0.000000000000000000e+00
8.000763029810745763e+01,0.000000000000000000e+00,0.000000000000000000e+00
8.280332238462082728e+01,0.000000000000000000e+00,0.000000000000000000e+00
8.035434530172958034e+01,0.000000000000000000e+00,0.000000000000000000e+00
7.792083734709299847e+01,0.000000000000000000e+00,0.000000000000000000e+00
8.001748992853171671e+01,0.000000000000000000e+00,0.000000000000000000e+00
7.751880943426573367e+01,0.000000000000000000e+00,0.000000000000000000e+00
7.956098549354426552e+01,0.000000000000000000e+00,0.000000000000000000e+00
7.809890935588185812e+01,0.000000000000000000e+00,0.000000000000000000e+00
8.168892320933670703e+01,0.000000000000000000e+00,0.000000000000000000e+00
7.702222579763841281e+01,0.000000000000000000e+00,0.000000000000000000e+00
8.350693934968563781e+01,0.000000000000000000e+00,0.000000000000000000e+00
8.200560544025891829e+01,0.000000000000000000e+00,0.000000000000000000e+00
8.204419387779671524e+01,0.000000000000000000e+00,0.000000000000000000e+00
7.843556795309328322e+01,0.000000000000000000e+00,0.000000000000000000e+00
7.945655056729600574e+01,0.000000000000000000e+00,0.000000000000000000e+00
7.853320894928134521e+01,0.000000000000000000e+00,0.000000000000000000e+00
8.147439676570310496e+01,0.000000000000000000e+00,0.000000000000000000e+00
7.905473658383650104e+01,0.000000000000000000e+00,0.000000000000000000e+00
7.919468711178890885e+01,0.000000000000000000e+00,0.000000000000000000e+00
7.997547115750394653e+01,0.000000000000000000e+00,0.000000000000000000e+00
8.132988344412800075e+01,0.000000000000000000e+00,0.000000000000000000e+00
7.829824064566025754e+01,0.000000000000000000e+00,0.000000000000000000e+00
7.822114735875180713e+01,0.000000000000000000e+00,0.000000000000000000e+00
8.241391620923106132e+01,0.000000000000000000e+00,0.000000000000000000e+00
7.736242932032435249e+01,0.000000000000000000e+00,0.000000000000000000e+00
7.938745358782836092e+01,0.000000000000000000e+00,0.000000000000000000e+00
7.933409595374399714e+01,0.000000000000000000e+00,0.000000000000000000e+00
7.919850509253585358e+01,0.000000000000000000e+00,0.000000000000000000e+00
8.471142122026726895e+01,0.000000000000000000e+00,0.000000000000000000e+00
7.940382286785953170e+01,0.000000000000000000e+00,0.000000000000000000e+00
7.724549376990557903e+01,0.000000000000000000e+00,0.000000000000000000e+00
7.952946584147156273e+01,0.000000000000000000e+00,0.000000000000000000e+00
7.812689265004905792e+01,0.000000000000000000e+00,0.000000000000000000e+00
7.799603497545471953e+01,0.000000000000000000e+00,0.000000000000000000e+00
7.756035953573451991e+01,0.000000000000000000e+00,0.000000000000000000e+00
8.197869781943722955e+01,0.000000000000000000e+00,0.000000000000000000e+00
7.838605824776726649e+01,0.000000000000000000e+00,0.000000000000000000e+00
8.199160214466883190e+01,0.000000000000000000e+00,0.000000000000000000e+00
8.040327646690008123e+01,0.000000000000000000e+00,0.000000000000000000e+00
7.474569757603030951e+01,0.000000000000000000e+00,0.000000000000000000e+00
8.117964933664310934e+01,0.000000000000000000e+00,0.000000000000000000e+00
8.112446123009388543e+01,0.000000000000000000e+00,0.000000000000000000e+00
8.486132739606836140e+01,0.000000000000000000e+00,0.000000000000000000e+00
8.334336992554260348e+01,0.000000000000000000e+00,0.000000000000000000e+00
7.446821091668991244e+01,0.000000000000000000e+00,0.000000000000000000e+00
8.144697755614525647e+01,0.000000000000000000e+00,0.000000000000000000e+00
7.857178365862112912e+01,0.000000000000000000e+00,0.000000000000000000e+00
7.931477279005652292e+01,0.000000000000000000e+00,0.000000000000000000e+00
7.616950727173671964e+01,0.000000000000000000e+00,0.000000000000000000e+00
8.161566094888186740e+01,0.000000000000000000e+00,0.000000000000000000e+00
7.740781789996105999e+01,0.000000000000000000e+00,0.000000000000000000e+00
8.043094803198057718e+01,0.000000000000000000e+00,0.000000000000000000e+00
8.309741124278619395e+01,0.000000000000000000e+00,0.000000000000000000e+00
7.841703013378503329e+01,0.000000000000000000e+00,0.000000000000000000e+00
7.872454712432201518e+01,0.000000000000000000e+00,0.000000000000000000e+00
8.110553409926622237e+01,0.000000000000000000e+00,0.000000000000000000e+00
8.101423228251304920e+01,0.000000000000000000e+00,0.000000000000000000e+00
7.734361288406634571e+01,0.000000000000000000e+00,0.000000000000000000e+00
7.547250245826428738e+01,0.000000000000000000e+00,0.000000000000000000e+00
7.761148739949766195e+01,0.000000000000000000e+00,0.000000000000000000e+00
8.385617194128877827e+01,0.000000000000000000e+00,0.000000000000000000e+00
8.111742863773348233e+01,0.000000000000000000e+00,0.000000000000000000e+00
8.029369733687089195e+01,0.000000000000000000e+00,0.000000000000000000e+00
7.754946225889931100e+01,0.000000000000000000e+00,0.000000000000000000e+00
8.117373504831546427e+01,0.000000000000000000e+00,0.000000000000000000e+00
7.738757513623001216e+01,0.000000000000000000e+00,0.000000000000000000e+00
8.119448366495895186e+01,0.000000000000000000e+00,0.000000000000000000e+00
7.888903401270226823e+01,0.000000000000000000e+00,0.000000000000000000e+00
7.677335396663467293e+01,0.000000000000000000e+00,0.000000000000000000e+00
7.986103209758584853e+01,0.000000000000000000e+00,0.000000000000000000e+00
8.069593385828119381e+01,0.000000000000000000e+00,0.000000000000000000e+00
8.009282577689317861e+01,0.000000000000000000e+00,0.000000000000000000e+00
7.943219791143549458e+01,0.000000000000000000e+00,0.000000000000000000e+00
7.846915921240587011e+01,0.000000000000000000e+00,0.000000000000000000e+00
8.108672240313876500e+01,0.000000000000000000e+00,0.000000000000000000e+00
8.049926413118049595e+01,0.000000000000000000e+00,0.000000000000000000e+00
8.319672741658597204e+01,0.000000000000000000e+00,0.000000000000000000e+00
7.819098800077910028e+01,0.000000000000000000e+00,0.000000000000000000e+00
7.891909236460328714e+01,0.000000000000000000e+00,0.000000000000000000e+00
7.691062687515635332e+01,0.000000000000000000e+00,0.000000000000000000e+00
8.124600257583064433e+01,0.000000000000000000e+00,0.000000000000000000e+00
7.739233584497402774e+01,0.000000000000000000e+00,0.000000000000000000e+00
7.831258205859445809e+01,0.000000000000000000e+00,0.000000000000000000e+00
7.826902886671230419e+01,0.000000000000000000e+00,0.000000000000000000e+00
7.942659237122664706e+01,0.000000000000000000e+00,0.000000000000000000e+00
7.772989223531563141e+01,0.000000000000000000e+00,0.000000000000000000e+00
7.790433201399794427e+01,0.000000000000000000e+00,0.000000000000000000e+00
7.989717847004135365e+01,0.000000000000000000e+00,0.000000000000000000e+00
7.781268014064723104e+01,0.000000000000000000e+00,0.000000000000000000e+00
7.941170599274728659e+01,0.000000000000000000e+00,0.000000000000000000e+00
8.309154687580524978e+01,0.000000000000000000e+00,0.000000000000000000e+00
7.958827037384349978e+01,0.000000000000000000e+00,0.000000000000000000e+00
7.981374368517926143e+01,0.000000000000000000e+00,0.000000000000000000e+00
7.743589366748345526e+01,0.000000000000000000e+00,0.000000000000000000e+00
8.076919492093200859e+01,0.000000000000000000e+00,0.000000000000000000e+00
8.372231362291607581e+01,0.000000000000000000e+00,0.000000000000000000e+00
8.083501983823043702e+01,0.000000000000000000e+00,0.000000000000000000e+00
7.727658734526538353e+01,0.000000000000000000e+00,0.000000000000000000e+00
7.915263831785524928e+01,0.000000000000000000e+00,0.000000000000000000e+00
7.807752108209528785e+01,0.000000000000000000e+00,0.000000000000000000e+00
8.032118938144527931e+01,0.000000000000000000e+00,0.000000000000000000e+00
7.778623111950724933e+01,0.000000000000000000e+00,0.000000000000000000e+00
7.730635744928714814e+01,0.000000000000000000e+00,0.000000000000000000e+00
7.674937774600481077e+01,0.000000000000000000e+00,0.000000000000000000e+00
8.135281195853733038e+01,0.000000000000000000e+00,0.000000000000000000e+00
7.771994399295526534e+01,0.000000000000000000e+00,0.000000000000000000e+00
7.880999688347209542e+01,0.000000000000000000e+00,0.000000000000000000e+00
7.974697973109827842e+01,0.000000000000000000e+00,0.000000000000000000e+00
8.188534899248213605e+01,0.000000000000000000e+00,0.000000000000000000e+00
7.737498484645169583e+01,0.000000000000000000e+00,0.000000000000000000e+00
7.934740060471006018e+01,0.000000000000000000e+00,0.000000000000000000e+00
7.845179827599741884e+01,0.000000000000000000e+00,0.000000000000000000e+00
8.127025490317510048e+01,0.000000000000000000e+00,0.000000000000000000e+00
7.860673293014127694e+01,0.000000000000000000e+00,0.000000000000000000e+00
8.097483817652791060e+01,0.000000000000000000e+00,0.000000000000000000e+00
7.796774214007449189e+01,0.000000000000000000e+00,0.000000000000000000e+00
8.110425267042322162e+01,0.000000000000000000e+00,0.000000000000000000e+00
7.895768839370249736e+01,0.000000000000000000e+00,0.000000000000000000e+00
8.125037551175837791e+01,0.000000000000000000e+00,0.000000000000000000e+00
8.020980901002006647e+01,0.000000000000000000e+00,0.000000000000000000e+00
7.666102148943883776e+01,0.000000000000000000e+00,0.000000000000000000e+00
8.153082887362563724e+01,0.000000000000000000e+00,0.000000000000000000e+00
7.902417815225376785e+01,0.000000000000000000e+00,0.000000000000000000e+00
7.963986911684271774e+01,0.000000000000000000e+00,0.000000000000000000e+00
7.991215346285122223e+01,0.000000000000000000e+00,0.000000000000000000e+00
7.852633463569087269e+01,0.000000000000000000e+00,0.000000000000000000e+00
7.994416159174443237e+01,0.000000000000000000e+00,0.000000000000000000e+00
7.682357656924583011e+01,0.000000000000000000e+00,0.000000000000000000e+00
7.700248966467586342e+01,0.000000000000000000e+00,0.000000000000000000e+00
7.827032020000052626e+01,0.000000000000000000e+00,0.000000000000000000e+00
7.748183377105057446e+01,0.000000000000000000e+00,0.000000000000000000e+00
8.041197909300501578e+01,0.000000000000000000e+00,0.000000000000000000e+00
7.879380922542335952e+01,0.000000000000000000e+00,0.000000000000000000e+00
7.634004442473984398e+01,0.000000000000000000e+00,0.000000000000000000e+00
7.987490049787771795e+01,0.000000000000000000e+00,0.000000000000000000e+00
7.738615386019648668e+01,0.000000000000000000e+00,0.000000000000000000e+00
7.744006931331887245e+01,0.000000000000000000e+00,0.000000000000000000e+00
8.245540491052699394e+01,0.000000000000000000e+00,0.000000000000000000e+00
7.714108029139363509e+01,0.000000000000000000e+00,0.000000000000000000e+00
7.861960598282304602e+01,0.000000000000000000e+00,0.000000000000000000e+00
7.875941920927429862e+01,0.000000000000000000e+00,0.000000000000000000e+00
7.598070839674652177e+01,0.000000000000000000e+00,0.000000000000000000e+00
7.593609678432693499e+01,0.000000000000000000e+00,0.000000000000000000e+00
7.680016850984804933e+01,0.000000000000000000e+00,0.000000000000000000e+00
8.167333974493163851e+01,0.000000000000000000e+00,0.000000000000000000e+00
7.559918030173933801e+01,0.000000000000000000e+00,0.000000000000000000e+00
8.310660873942619276e+01,0.000000000000000000e+00,0.000000000000000000e+00
7.633883539603154134e+01,0.000000000000000000e+00,0.000000000000000000e+00
7.644195705420925435e+01,0.000000000000000000e+00,0.000000000000000000e+00
7.716419624174504577e+01,0.000000000000000000e+00,0.000000000000000000e+00
7.593181902227580338e+01,0.000000000000000000e+00,0.000000000000000000e+00
7.932122569565278525e+01,0.000000000000000000e+00,0.000000000000000000e+00
8.020604293869773471e+01,0.000000000000000000e+00,0.000000000000000000e+00
7.646305989316891782e+01,0.000000000000000000e+00,0.000000000000000000e+00
7.501933344344290333e+01,0.000000000000000000e+00,0.000000000000000000e+00
7.777657191111195800e+01,0.000000000000000000e+00,0.000000000000000000e+00
7.967633279685004766e+01,0.000000000000000000e+00,0.000000000000000000e+00
8.142413854868436829e+01,0.000000000000000000e+00,0.000000000000000000e+00
7.818602331239375758e+01,0.000000000000000000e+00,0.000000000000000000e+00
7.924734445892542567e+01,0.000000000000000000e+00,0.000000000000000000e+00
7.697946367941639778e+01,0.000000000000000000e+00,0.000000000000000000e+00
7.742960172001519936e+01,0.000000000000000000e+00,0.000000000000000000e+00
7.780759064579291362e+01,0.000000000000000000e+00,0.000000000000000000e+00
7.465098510260393994e+01,0.000000000000000000e+00,0.000000000000000000e+00
7.975328909505311969e+01,0.000000000000000000e+00,0.000000000000000000e+00
7.886784341210774585e+01,0.000000000000000000e+00,0.000000000000000000e+00
7.624197857468071504e+01,0.000000000000000000e+00,0.000000000000000000e+00
7.869974382645341393e+01,0.000000000000000000e+00,0.000000000000000000e+00
7.698297700293940693e+01,0.000000000000000000e+00,0.000000000000000000e+00
7.504573212351301947e+01,0.000000000000000000e+00,0.000000000000000000e+00
7.995576854230441199e+01,0.000000000000000000e+00,0.000000000000000000e+00
7.652937333175354695e+01,0.000000000000000000e+00,0.000000000000000000e+00
7.746739120287143976e+01,0.000000000000000000e+00,0.000000000000000000e+00
7.582252990412754912e+01,0.000000000000000000e+00,0.000000000000000000e+00
7.838523199333702962e+01,0.000000000000000000e+00,0.000000000000000000e+00
7.789591997225815589e+01,0.000000000000000000e+00,0.000000000000000000e+00
7.499062539317480969e+01,0.000000000000000000e+00,0.000000000000000000e+00
7.864630345466855488e+01,0.000000000000000000e+00,0.000000000000000000e+00
7.650728525161304105e+01,0.000000000000000000e+00,0.000000000000000000e+00
7.933194860615300570e+01,0.000000000000000000e+00,0.000000000000000000e+00
7.475090926300951821e+01,0.000000000000000000e+00,0.000000000000000000e+00
8.116492931139103462e+01,0.000000000000000000e+00,0.000000000000000000e+00
7.667613556691271981e+01,0.000000000000000000e+00,0.000000000000000000e+00
7.683199496446420085e+01,0.000000000000000000e+00,0.000000000000000000e+00
7.723062896160811874e+01,0.000000000000000000e+00,0.000000000000000000e+00
7.381042049194691401e+01,0.000000000000000000e+00,0.000000000000000000e+00
7.908661345695142586e+01,0.000000000000000000e+00,0.000000000000000000e+00
7.913366714607380459e+01,0.000000000000000000e+00,0.000000000000000000e+00
7.469025882931282467e+01,0.000000000000000000e+00,0.000000000000000000e+00
7.805826463452349628e+01,0.000000000000000000e+00,0.000000000000000000e+00
7.788898659229573695e+01,0.000000000000000000e+00,0.000000000000000000e+00
7.773556687870242854e+01,0.000000000000000000e+00,0.000000000000000000e+00
7.482522211059985295e+01,0.000000000000000000e+00,0.000000000000000000e+00
7.712358055550838287e+01,0.000000000000000000e+00,0.000000000000000000e+00
7.458339039806269000e+01,0.000000000000000000e+00,0.000000000000000000e+00
8.006078087903694041e+01,0.000000000000000000e+00,0.000000000000000000e+00
7.354658722306841412e+01,0.000000000000000000e+00,0.000000000000000000e+00
7.374399796767514204e+01,0.000000000000000000e+00,0.000000000000000000e+00
7.787234864488542030e+01,0.000000000000000000e+00,0.000000000000000000e+00
7.739881756873356267e+01,0.000000000000000000e+00,0.000000000000000000e+00
7.763463556957667322e+01,0.000000000000000000e+00,0.000000000000000000e+00
7.493023529957525852e+01,0.000000000000000000e+00,0.000000000000000000e+00
7.902914721341124960e+01,0.000000000000000000e+00,0.000000000000000000e+00
7.764535375606138246e+01,0.000000000000000000e+00,0.000000000000000000e+00
7.990655204627125840e+01,0.000000000000000000e+00,0.000000000000000000e+00
7.863489293013138592e+01,0.000000000000000000e+00,0.000000000000000000e+00
7.779553100700071866e+01,0.000000000000000000e+00,0.000000000000000000e+00
7.817140308242368008e+01,0.000000000000000000e+00,0.000000000000000000e+00
7.434035825259027774e+01,0.000000000000000000e+00,0.000000000000000000e+00
7.593000194489636101e+01,0.000000000000000000e+00,0.000000000000000000e+00
7.980848908845965184e+01,0.000000000000000000e+00,0.000000000000000000e+00
7.738000506487229302e+01,0.000000000000000000e+00,0.000000000000000000e+00
7.815537555805961745e+01,0.000000000000000000e+00,0.000000000000000000e+00
7.628042633866562028e+01,0.000000000000000000e+00,0.000000000000000000e+00
7.452037371331782367e+01,0.000000000000000000e+00,0.000000000000000000e+00
7.595384847838919029e+01,0.000000000000000000e+00,0.000000000000000000e+00
7.500521229775398524e+01,0.000000000000000000e+00,0.000000000000000000e+00
7.480694429935941514e+01,0.000000000000000000e+00,0.000000000000000000e+00
7.711060734220799873e+01,0.000000000000000000e+00,0.000000000000000000e+00
7.360379520077874815e+01,0.000000000000000000e+00,0.000000000000000000e+00
7.950078386069620251e+01,0.000000000000000000e+00,0.000000000000000000e+00
7.554917865460366500e+01,0.000000000000000000e+00,0.000000000000000000e+00
7.267215597038608621e+01,0.000000000000000000e+00,0.000000000000000000e+00
7.777637649992955460e+01,0.000000000000000000e+00,0.000000000000000000e+00
7.712602004574196712e+01,0.000000000000000000e+00,0.000000000000000000e+00
7.695020492336657014e+01,0.000000000000000000e+00,0.000000000000000000e+00
7.179560157226158879e+01,0.000000000000000000e+00,0.000000000000000000e+00
7.411340837309921881e+01,0.000000000000000000e+00,0.000000000000000000e+00
7.778287582894513719e+01,0.000000000000000000e+00,0.000000000000000000e+00
7.345993788520362955e+01,0.000000000000000000e+00,0.000000000000000000e+00
7.662600823713877674e+01,0.000000000000000000e+00,0.000000000000000000e+00
7.693109234615970138e+01,0.000000000000000000e+00,0.000000000000000000e+00
7.322609084496171761e+01,0.000000000000000000e+00,0.000000000000000000e+00
7.350387253817048361e+01,0.000000000000000000e+00,0.000000000000000000e+00
7.458888022004191498e+01,0.000000000000000000e+00,0.000000000000000000e+00
7.512031207096198671e+01,0.000000000000000000e+00,0.000000000000000000e+00
7.523157343854758494e+01,0.000000000000000000e+00,0.000000000000000000e+00
7.194268864540788400e+01,0.000000000000000000e+00,0.000000000000000000e+00
7.481124636392054583e+01,0.000000000000000000e+00,0.000000000000000000e+00
7.315600498288434039e+01,0.000000000000000000e+00,0.000000000000000000e+00
7.624567212874478628e+01,0.000000000000000000e+00,0.000000000000000000e+00
7.240320576772673178e+01,0.000000000000000000e+00,0.000000000000000000e+00
7.339058269690767133e+01,0.000000000000000000e+00,0.000000000000000000e+00
7.508237908610109912e+01,0.000000000000000000e+00,0.000000000000000000e+00
7.685628722446648453e+01,0.000000000000000000e+00,0.000000000000000000e+00
7.312672484058001032e+01,0.000000000000000000e+00,0.000000000000000000e+00
7.290365212695840569e+01,0.000000000000000000e+00,0.000000000000000000e+00
7.405928648744135501e+01,0.000000000000000000e+00,0.000000000000000000e+00
7.357403273094041651e+01,0.000000000000000000e+00,0.000000000000000000e+00
7.316517769609319544e+01,0.000000000000000000e+00,0.000000000000000000e+00
7.537830515344258231e+01,0.000000000000000000e+00,0.000000000000000000e+00
7.212590480065568954e+01,0.000000000000000000e+00,0.000000000000000000e+00
7.141976343328167331e+01,0.000000000000000000e+00,0.000000000000000000e+00
7.139980934195330065e+01,0.000000000000000000e+00,0.000000000000000000e+00
7.694885217759149043e+01,0.000000000000000000e+00,0.000000000000000000e+00
7.506038877411977239e+01,0.000000000000000000e+00,0.000000000000000000e+00
7.267924280116869795e+01,0.000000000000000000e+00,0.000000000000000000e+00
7.613690746333081449e+01,0.000000000000000000e+00,0.000000000000000000e+00
7.498149157484905913e+01,0.000000000000000000e+00,0.000000000000000000e+00
7.580755088496000837e+01,0.000000000000000000e+00,0.000000000000000000e+00
7.026138800052758882e+01,0.000000000000000000e+00,0.000000000000000000e+00
7.760353098574302066e+01,0.000000000000000000e+00,0.000000000000000000e+00
6.852335019192733512e+01,0.000000000000000000e+00,0.000000000000000000e+00
7.720918348985485125e+01,0.000000000000000000e+00,0.000000000000000000e+00
7.365022826287071211e+01,0.000000000000000000e+00,0.000000000000000000e+00
7.510107442301315928e+01,0.000000000000000000e+00,0.000000000000000000e+00
7.718835060738423692e+01,0.000000000000000000e+00,0.000000000000000000e+00
7.080983888207796895e+01,0.000000000000000000e+00,0.000000000000000000e+00
7.351939157999895258e+01,0.000000000000000000e+00,0.000000000000000000e+00
6.983920357571963677e+01,0.000000000000000000e+00,0.000000000000000000e+00
7.509430161400429427e+01,0.000000000000000000e+00,0.000000000000000000e+00
7.109842396358253325e+01,0.000000000000000000e+00,0.000000000000000000e+00
7.006039024274157612e+01,0.000000000000000000e+00,0.000000000000000000e+00
7.326884031791199448e+01,0.000000000000000000e+00,0.000000000000000000e+00
7.348651023261790272e+01,0.000000000000000000e+00,0.000000000000000000e+00
7.275271988141659563e+01,0.000000000000000000e+00,0.000000000000000000e+00
7.630012724448211259e+01,0.000000000000000000e+00,0.000000000000000000e+00
7.653482268582244785e+01,0.000000000000000000e+00,0.000000000000000000e+00
7.100880935739361632e+01,0.000000000000000000e+00,0.000000000000000000e+00
7.543231309218985814e+01,0.000000000000000000e+00,0.000000000000000000e+00
7.413854397493099668e+01,0.000000000000000000e+00,0.000000000000000000e+00
7.386338062131456184e+01,0.000000000000000000e+00,0.000000000000000000e+00
6.945023994703817038e+01,0.000000000000000000e+00,0.000000000000000000e+00
6.993148010478330434e+01,0.000000000000000000e+00,0.000000000000000000e+00
7.004802508345025558e+01,0.000000000000000000e+00,0.000000000000000000e+00
7.118550905010931729e+01,0.000000000000000000e+00,0.000000000000000000e+00
7.348689533157450171e+01,0.000000000000000000e+00,0.000000000000000000e+00
6.796869330732685910e+01,0.000000000000000000e+00,0.000000000000000000e+00
7.624255686428976730e+01,0.000000000000000000e+00,0.000000000000000000e+00
7.145896392851436474e+01,0.000000000000000000e+00,0.000000000000000000e+00
7.196171495456167122e+01,0.000000000000000000e+00,0.000000000000000000e+00
7.213880828545072177e+01,0.000000000000000000e+00,0.000000000000000000e+00
7.190764023533566274e+01,0.000000000000000000e+00,0.000000000000000000e+00
6.776877579416098740e+01,0.000000000000000000e+00,0.000000000000000000e+00
6.998611921918376311e+01,0.000000000000000000e+00,0.000000000000000000e+00
7.036267124102977277e+01,0.000000000000000000e+00,0.000000000000000000e+00
7.338762951983326843e+01,0.000000000000000000e+00,0.000000000000000000e+00
7.044650032242304860e+01,0.000000000000000000e+00,0.000000000000000000e+00
7.538660986196705949e+01,0.000000000000000000e+00,0.000000000000000000e+00
7.339827855775401133e+01,0.000000000000000000e+00,0.000000000000000000e+00
7.493298318357541632e+01,0.000000000000000000e+00,0.000000000000000000e+00
6.946201197166408292e+01,0.000000000000000000e+00,0.000000000000000000e+00
7.394933726607806079e+01,0.000000000000000000e+00,0.000000000000000000e+00
7.117869939338977758e+01,0.000000000000000000e+00,0.000000000000000000e+00
7.036083186344917806e+01,0.000000000000000000e+00,0.000000000000000000e+00
7.324333106913650226e+01,0.000000000000000000e+00,0.000000000000000000e+00
7.455575115653775242e+01,0.000000000000000000e+00,0.000000000000000000e+00
7.216700202302524758e+01,0.000000000000000000e+00,0.000000000000000000e+00
6.954940085354694190e+01,0.000000000000000000e+00,0.000000000000000000e+00
7.086030464991280553e+01,0.000000000000000000e+00,0.000000000000000000e+00
6.991517420973207209e+01,0.000000000000000000e+00,0.000000000000000000e+00
7.189521454802527956e+01,0.000000000000000000e+00,0.000000000000000000e+00
7.131811446454371151e+01,0.000000000000000000e+00,0.000000000000000000e+00
6.732268827940349354e+01,0.000000000000000000e+00,0.000000000000000000e+00
7.062747623866188462e+01,0.000000000000000000e+00,0.000000000000000000e+00
7.123482739400907349e+01,0.000000000000000000e+00,0.000000000000000000e+00
6.990663840814515595e+01,0.000000000000000000e+00,0.000000000000000000e+00
7.151712358236785860e+01,0.000000000000000000e+00,0.000000000000000000e+00
7.107283907975589443e+01,0.000000000000000000e+00,0.000000000000000000e+00
7.167710053816452387e+01,0.000000000000000000e+00,0.000000000000000000e+00
6.870663113575398029e+01,0.000000000000000000e+00,0.000000000000000000e+00
6.755016380315466051e+01,0.000000000000000000e+00,0.000000000000000000e+00
7.055394957707913761e+01,0.000000000000000000e+00,0.000000000000000000e+00
6.926412220379086193e+01,0.000000000000000000e+00,0.000000000000000000e+00
7.090069324823465990e+01,0.000000000000000000e+00,0.000000000000000000e+00
6.770744960792191591e+01,0.000000000000000000e+00,0.000000000000000000e+00
7.011765615519681205e+01,0.000000000000000000e+00,0.000000000000000000e+00
6.853627380263685609e+01,0.000000000000000000e+00,0.000000000000000000e+00
6.997629868546621879e+01,0.000000000000000000e+00,0.000000000000000000e+00
7.014217530092366815e+01,0.000000000000000000e+00,0.000000000000000000e+00
7.148220061381545065e+01,0.000000000000000000e+00,0.000000000000000000e+00
6.684641943000436015e+01,0.000000000000000000e+00,0.000000000000000000e+00
6.853303899156593104e+01,0.000000000000000000e+00,0.000000000000000000e+00
7.194505609030260018e+01,0.000000000000000000e+00,0.000000000000000000e+00
6.975047188249092756e+01,0.000000000000000000e+00,0.000000000000000000e+00
7.060395395387529049e+01,0.000000000000000000e+00,0.000000000000000000e+00
7.414399776989971258e+01,0.000000000000000000e+00,0.000000000000000000e+00
6.941608976170083167e+01,0.000000000000000000e+00,0.000000000000000000e+00
7.011612552230862150e+01,0.000000000000000000e+00,0.000000000000000000e+00
7.027225979875755968e+01,0.000000000000000000e+00,0.000000000000000000e+00
6.841869302693626764e+01,0.000000000000000000e+00,0.000000000000000000e+00
7.108391155495249336e+01,0.000000000000000000e+00,0.000000000000000000e+00
6.939705340171482817e+01,0.000000000000000000e+00,0.000000000000000000e+00
7.102393251567544041e+01,0.000000000000000000e+00,0.000000000000000000e+00
6.805216119599269575e+01,0.000000000000000000e+00,0.000000000000000000e+00
6.829858914292070438e+01,0.000000000000000000e+00,0.000000000000000000e+00
6.836072095431708817e+01,0.000000000000000000e+00,0.000000000000000000e+00
6.840408334250865607e+01,0.000000000000000000e+00,0.000000000000000000e+00
6.722199231594248658e+01,0.000000000000000000e+00,0.000000000000000000e+00
6.729448748734856167e+01,0.000000000000000000e+00,0.000000000000000000e+00
6.802883267435277048e+01,0.000000000000000000e+00,0.000000000000000000e+00
6.945667444553856740e+01,0.000000000000000000e+00,0.000000000000000000e+00
6.595760745526320079e+01,0.000000000000000000e+00,0.000000000000000000e+00
6.970496410295906742e+01,0.000000000000000000e+00,0.000000000000000000e+00
6.753893903333356263e+01,0.000000000000000000e+00,0.000000000000000000e+00
6.853283583580179084e+01,0.000000000000000000e+00,0.000000000000000000e+00
7.114242026723373158e+01,0.000000000000000000e+00,0.000000000000000000e+00
6.824330995862345617e+01,0.000000000000000000e+00,0.000000000000000000e+00
6.765098457426468315e+01,0.000000000000000000e+00,0.000000000000000000e+00
6.856927300181470741e+01,0.000000000000000000e+00,0.000000000000000000e+00
6.802785526128380411e+01,0.000000000000000000e+00,0.000000000000000000e+00
6.776198766809898189e+01,0.000000000000000000e+00,0.000000000000000000e+00
7.157599053066660133e+01,0.000000000000000000e+00,0.000000000000000000e+00
6.315177005349617190e+01,0.000000000000000000e+00,0.000000000000000000e+00
6.915223715809786142e+01,0.000000000000000000e+00,0.000000000000000000e+00
7.001704145711353533e+01,0.000000000000000000e+00,0.000000000000000000e+00
6.307831190027460622e+01,0.000000000000000000e+00,0.000000000000000000e+00
6.769356574012412864e+01,0.000000000000000000e+00,0.000000000000000000e+00
6.818616460145047142e+01,0.000000000000000000e+00,0.000000000000000000e+00
6.845307922665219280e+01,0.000000000000000000e+00,0.000000000000000000e+00
6.661304093790701586e+01,0.000000000000000000e+00,0.000000000000000000e+00
6.764279397850437192e+01,0.000000000000000000e+00,0.000000000000000000e+00
6.889107462444817997e+01,0.000000000000000000e+00,0.000000000000000000e+00
6.565503843620787450e+01,0.000000000000000000e+00,0.000000000000000000e+00
6.638065689271121528e+01,0.000000000000000000e+00,0.000000000000000000e+00
6.840253402116654513e+01,0.000000000000000000e+00,0.000000000000000000e+00
6.529329239314029110e+01,0.000000000000000000e+00,0.000000000000000000e+00
6.695469856981510759e+01,0.000000000000000000e+00,0.000000000000000000e+00
6.826145895778481076e+01,0.000000000000000000e+00,0.000000000000000000e+00
6.475955238454325524e+01,0.000000000000000000e+00,0.000000000000000000e+00
6.477965688169781799e+01,0.000000000000000000e+00,0.000000000000000000e+00
6.928788366577272484e+01,0.000000000000000000e+00,0.000000000000000000e+00
6.649135008582521777e+01,0.000000000000000000e+00,0.000000000000000000e+00
6.359116133259331605e+01,0.000000000000000000e+00,0.000000000000000000e+00
6.800070213876647074e+01,0.000000000000000000e+00,0.000000000000000000e+00
6.829368013513547453e+01,0.000000000000000000e+00,0.000000000000000000e+00
6.720331053124915854e+01,0.000000000000000000e+00,0.000000000000000000e+00
6.800482241257225269e+01,0.000000000000000000e+00,0.000000000000000000e+00
6.694879074557810839e+01,0.000000000000000000e+00,0.000000000000000000e+00
6.322024440501638054e+01,0.000000000000000000e+00,0.000000000000000000e+00
6.545928453903574962e+01,0.000000000000000000e+00,0.000000000000000000e+00
6.584648515304803595e+01,0.000000000000000000e+00,0.000000000000000000e+00
6.826335568412844168e+01,0.000000000000000000e+00,0.000000000000000000e+00
6.790001712628919961e+01,0.000000000000000000e+00,0.000000000000000000e+00
6.337269800747976944e+01,0.000000000000000000e+00,0.000000000000000000e+00
6.668526730218273713e+01,0.000000000000000000e+00,0.000000000000000000e+00
6.651825421431507834e+01,0.000000000000000000e+00,0.000000000000000000e+00
6.395540768658800346e+01,0.000000000000000000e+00,0.000000000000000000e+00
6.346030292010102869e+01,0.000000000000000000e+00,0.000000000000000000e+00
6.490485731931599389e+01,0.000000000000000000e+00,0.000000000000000000e+00
6.645032477575958296e+01,0.000000000000000000e+00,0.000000000000000000e+00
6.412270053988662255e+01,0.000000000000000000e+00,0.000000000000000000e+00
6.273273627083521831e+01,0.000000000000000000e+00,0.000000000000000000e+00
6.149405583552670151e+01,0.000000000000000000e+00,0.000000000000000000e+00
6.902832645458616412e+01,0.000000000000000000e+00,0.000000000000000000e+00
6.703108733045799283e+01,0.000000000000000000e+00,0.000000000000000000e+00
6.652379672487516871e+01,0.000000000000000000e+00,0.000000000000000000e+00
6.617959089023244701e+01,0.000000000000000000e+00,0.000000000000000000e+00
6.618641813328380863e+01,0.000000000000000000e+00,0.000000000000000000e+00
6.646013128508278101e+01,0.000000000000000000e+00,0.000000000000000000e+00
6.440326080632594596e+01,0.000000000000000000e+00,0.000000000000000000e+00
6.342955835570134582e+01,0.000000000000000000e+00,0.000000000000000000e+00
6.588111900644544505e+01,0.000000000000000000e+00,0.000000000000000000e+00
6.753791119184158731e+01,0.000000000000000000e+00,0.000000000000000000e+00
6.232775975375111699e+01,0.000000000000000000e+00,0.000000000000000000e+00
6.371412716305006541e+01,0.000000000000000000e+00,0.000000000000000000e+00
6.509231201578219839e+01,0.000000000000000000e+00,0.000000000000000000e+00
6.269410484214370882e+01,0.000000000000000000e+00,0.000000000000000000e+00
6.365346263830998197e+01,0.000000000000000000e+00,0.000000000000000000e+00
6.459645534010815027e+01,0.000000000000000000e+00,0.000000000000000000e+00
6.488072005057007630e+01,0.000000000000000000e+00,0.000000000000000000e+00
6.521459615779122032e+01,0.000000000000000000e+00,0.000000000000000000e+00
6.018228093043423144e+01,0.000000000000000000e+00,0.000000000000000000e+00
6.649010742513848982e+01,0.000000000000000000e+00,0.000000000000000000e+00
6.712204809635339586e+01,0.000000000000000000e+00,0.000000000000000000e+00
6.306856875149919972e+01,0.000000000000000000e+00,0.000000000000000000e+00
6.491729756876769386e+01,0.000000000000000000e+00,0.000000000000000000e+00
5.863702529695911636e+01,0.000000000000000000e+00,0.000000000000000000e+00
6.177937213752927903e+01,0.000000000000000000e+00,0.000000000000000000e+00
6.373227419318066467e+01,0.000000000000000000e+00,0.000000000000000000e+00
6.299186652126645214e+01,0.000000000000000000e+00,0.000000000000000000e+00
6.369902348330504793e+01,0.000000000000000000e+00,0.000000000000000000e+00
6.279182950102409677e+01,0.000000000000000000e+00,0.000000000000000000e+00
6.282596113023551965e+01,0.000000000000000000e+00,0.000000000000000000e+00
6.290611659371519693e+01,0.000000000000000000e+00,0.000000000000000000e+00
6.212452395123703042e+01,0.000000000000000000e+00,0.000000000000000000e+00
6.533677588616673404e+01,0.000000000000000000e+00,0.000000000000000000e+00
6.257932711869588616e+01,0.000000000000000000e+00,0.000000000000000000e+00
6.295857099717824923e+01,0.000000000000000000e+00,0.000000000000000000e+00
6.332833999640221379e+01,0.000000000000000000e+00,0.000000000000000000e+00
6.200110015006259800e+01,0.000000000000000000e+00,0.000000000000000000e+00
6.250030156047029095e+01,0.000000000000000000e+00,0.000000000000000000e+00
6.373430424477672318e+01,0.000000000000000000e+00,0.000000000000000000e+00
5.931628796179627727e+01,0.000000000000000000e+00,0.000000000000000000e+00
6.250290580084134007e+01,0.000000000000000000e+00,0.000000000000000000e+00
6.161134945814926311e+01,0.000000000000000000e+00,0.000000000000000000e+00
5.957270113323935590e+01,0.000000000000000000e+00,0.000000000000000000e+00
6.209513893801307916e+01,0.000000000000000000e+00,0.000000000000000000e+00
6.331364479994390138e+01,0.000000000000000000e+00,0.000000000000000000e+00
6.217748348567201333e+01,0.000000000000000000e+00,0.000000000000000000e+00
6.290511661317591319e+01,0.000000000000000000e+00,0.000000000000000000e+00
6.317763606250491648e+01,0.000000000000000000e+00,0.000000000000000000e+00
6.226403306892472500e+01,0.000000000000000000e+00,0.000000000000000000e+00
6.515554890764146023e+01,0.000000000000000000e+00,0.000000000000000000e+00
6.517756141423541294e+01,0.000000000000000000e+00,0.000000000000000000e+00
6.085086867286197077e+01,0.000000000000000000e+00,0.000000000000000000e+00
6.059173060204676631e+01,0.000000000000000000e+00,0.000000000000000000e+00
6.266925249551155730e+01,0.000000000000000000e+00,0.000000000000000000e+00
6.083460932036894064e+01,0.000000000000000000e+00,0.000000000000000000e+00
5.977051042249571822e+01,0.000000000000000000e+00,0.000000000000000000e+00
5.892061472786890164e+01,0.000000000000000000e+00,0.000000000000000000e+00
5.886981409453713354e+01,0.000000000000000000e+00,0.000000000000000000e+00
6.019943651796195638e+01,0.000000000000000000e+00,0.000000000000000000e+00
6.061517512515165151e+01,0.000000000000000000e+00,0.000000000000000000e+00
5.929263290938497732e+01,0.000000000000000000e+00,0.000000000000000000e+00
6.087083431708877157e+01,0.000000000000000000e+00,0.000000000000000000e+00
5.973313636883049327e+01,0.000000000000000000e+00,0.000000000000000000e+00
6.157716999453274553e+01,0.000000000000000000e+00,0.000000000000000000e+00
5.776786161268924502e+01,0.000000000000000000e+00,0.000000000000000000e+00
5.840343746376723288e+01,0.000000000000000000e+00,0.000000000000000000e+00
5.989685695618290850e+01,0.000000000000000000e+00,0.000000000000000000e+00
5.973135729370682157e+01,0.000000000000000000e+00,0.000000000000000000e+00
6.041541043620811990e+01,0.000000000000000000e+00,0.000000000000000000e+00
5.955625306816720865e+01,0.000000000000000000e+00,0.000000000000000000e+00
5.892773821815237056e+01,0.000000000000000000e+00,0.000000000000000000e+00
5.790056762862309370e+01,0.000000000000000000e+00,0.000000000000000000e+00
5.731247380414937709e+01,0.000000000000000000e+00,0.000000000000000000e+00
5.902591753565301502e+01,0.000000000000000000e+00,0.000000000000000000e+00
5.582638751948220346e+01,0.000000000000000000e+00,0.000000000000000000e+00
5.825362535454434720e+01,0.000000000000000000e+00,0.000000000000000000e+00
5.762637716616868744e+01,0.000000000000000000e+00,0.000000000000000000e+00
5.881170696339840731e+01,0.000000000000000000e+00,0.000000000000000000e+00
6.042630024492082441e+01,0.000000000000000000e+00,0.000000000000000000e+00
5.619712625577602694e+01,0.000000000000000000e+00,0.000000000000000000e+00
6.291243671394077808e+01,0.000000000000000000e+00,0.000000000000000000e+00
5.853405377019848999e+01,0.000000000000000000e+00,0.000000000000000000e+00
6.248078745961480251e+01,0.000000000000000000e+00,0.000000000000000000e+00
5.851591565320207167e+01,0.000000000000000000e+00,0.000000000000000000e+00
6.006837764700087234e+01,0.000000000000000000e+00,0.000000000000000000e+00
5.560336651056590540e+01,0.000000000000000000e+00,0.000000000000000000e+00
5.868140496298875775e+01,0.000000000000000000e+00,0.000000000000000000e+00
5.623920937050404945e+01,0.000000000000000000e+00,0.000000000000000000e+00
5.761859919953784726e+01,0.000000000000000000e+00,0.000000000000000000e+00
6.001136049218489887e+01,0.000000000000000000e+00,0.000000000000000000e+00
5.513042378072019289e+01,0.000000000000000000e+00,0.000000000000000000e+00
5.759500769050164592e+01,0.000000000000000000e+00,0.000000000000000000e+00
6.010290017157287679e+01,0.000000000000000000e+00,0.000000000000000000e+00
5.598721307414593440e+01,0.000000000000000000e+00,0.000000000000000000e+00
5.554352969073947577e+01,0.000000000000000000e+00,0.000000000000000000e+00
5.916663953806714460e+01,0.000000000000000000e+00,0.000000000000000000e+00
5.869637507144141608e+01,0.000000000000000000e+00,0.000000000000000000e+00
5.668071816415247355e+01,0.000000000000000000e+00,0.000000000000000000e+00
5.651774645577781797e+01,0.000000000000000000e+00,0.000000000000000000e+00
5.573685023471189481e+01,0.000000000000000000e+00,0.000000000000000000e+00
5.941933802882110172e+01,0.000000000000000000e+00,0.000000000000000000e+00
6.142220286212550917e+01,0.000000000000000000e+00,0.000000000000000000e+00
5.730006801017486850e+01,0.000000000000000000e+00,0.000000000000000000e+00
5.509344915703788814e+01,0.000000000000000000e+00,0.000000000000000000e+00
5.769274606338444755e+01,0.000000000000000000e+00,0.000000000000000000e+00
5.581447493728344966e+01,0.000000000000000000e+00,0.000000000000000000e+00
5.681750935841682093e+01,0.000000000000000000e+00,0.000000000000000000e+00
5.684370021409764462e+01,0.000000000000000000e+00,0.000000000000000000e+00
5.606271909026282430e+01,0.000000000000000000e+00,0.000000000000000000e+00
5.601996315090078582e+01,0.000000000000000000e+00,0.000000000000000000e+00
5.678889919075491832e+01,0.000000000000000000e+00,0.000000000000000000e+00
5.225688098960760186e+01,0.000000000000000000e+00,0.000000000000000000e+00
5.564967266788951150e+01,0.000000000000000000e+00,0.000000000000000000e+00
5.435415830638589085e+01,0.000000000000000000e+00,0.000000000000000000e+00
5.518251792847574677e+01,0.000000000000000000e+00,0.000000000000000000e+00
5.802361420377130941e+01,0.000000000000000000e+00,0.000000000000000000e+00
5.759081665197833644e+01,0.000000000000000000e+00,0.000000000000000000e+00
5.869976587410591407e+01,0.000000000000000000e+00,0.000000000000000000e+00
5.188886250699263059e+01,0.000000000000000000e+00,0.000000000000000000e+00
5.364791876660249414e+01,0.000000000000000000e+00,0.000000000000000000e+00
5.351631162535256436e+01,0.000000000000000000e+00,0.000000000000000000e+00
5.604995171758352512e+01,0.000000000000000000e+00,0.000000000000000000e+00
5.782700867730188321e+01,0.000000000000000000e+00,0.000000000000000000e+00
5.876856227808305277e+01,0.000000000000000000e+00,0.000000000000000000e+00
5.678094852286372429e+01,0.000000000000000000e+00,0.000000000000000000e+00
5.611673168463671146e+01,0.000000000000000000e+00,0.000000000000000000e+00
5.590588004652288845e+01,0.000000000000000000e+00,0.000000000000000000e+00
5.696485806658798623e+01,0.000000000000000000e+00,0.000000000000000000e+00
5.588992914469845630e+01,0.000000000000000000e+00,0.000000000000000000e+00
5.549023068219023713e+01,0.000000000000000000e+00,0.000000000000000000e+00
5.264483339995619815e+01,0.000000000000000000e+00,0.000000000000000000e+00
5.597867970371522972e+01,0.000000000000000000e+00,0.000000000000000000e+00
5.467300044256042213e+01,0.000000000000000000e+00,0.000000000000000000e+00
5.651921427960913746e+01,0.000000000000000000e+00,0.000000000000000000e+00
5.133626247475608295e+01,0.000000000000000000e+00,0.000000000000000000e+00
5.064512434034710964e+01,0.000000000000000000e+00,0.000000000000000000e+00
5.471338712405236038e+01,0.000000000000000000e+00,0.000000000000000000e+00
5.327998194072007720e+01,0.000000000000000000e+00,0.000000000000000000e+00
5.214526409483352865e+01,0.000000000000000000e+00,0.000000000000000000e+00
5.260071352891102237e+01,0.000000000000000000e+00,0.000000000000000000e+00
5.490382448395273229e+01,0.000000000000000000e+00,0.000000000000000000e+00
5.668815959504293289e+01,0.000000000000000000e+00,0.000000000000000000e+00
5.433126267870120785e+01,0.000000000000000000e+00,0.000000000000000000e+00
5.432283382682959427e+01,0.000000000000000000e+00,0.000000000000000000e+00
5.570776921612671373e+01,0.000000000000000000e+00,0.000000000000000000e+00
5.515279038870063744e+01,0.000000000000000000e+00,0.000000000000000000e+00
5.288068690060240584e+01,0.000000000000000000e+00,0.000000000000000000e+00
5.308303658467387010e+01,0.000000000000000000e+00,0.000000000000000000e+00
5.534698690009251010e+01,0.000000000000000000e+00,0.000000000000000000e+00
5.120170464329259374e+01,0.000000000000000000e+00,0.000000000000000000e+00
5.646202193186577034e+01,0.000000000000000000e+00,0.000000000000000000e+00
5.329556085693116074e+01,0.000000000000000000e+00,0.000000000000000000e+00
5.432475084541080435e+01,0.000000000000000000e+00,0.000000000000000000e+00
5.199988911937818870e+01,0.000000000000000000e+00,0.000000000000000000e+00
5.264503612963538615e+01,0.000000000000000000e+00,0.000000000000000000e+00
5.690424733687891745e+01,0.000000000000000000e+00,0.000000000000000000e+00
4.965401048485037450e+01,0.000000000000000000e+00,0.000000000000000000e+00
5.146751135641716957e+01,0.000000000000000000e+00,0.000000000000000000e+00
5.282768712420045887e+01,0.000000000000000000e+00,0.000000000000000000e+00
5.227790567665069688e+01,0.000000000000000000e+00,0.000000000000000000e+00
5.250869132804513129e+01,0.000000000000000000e+00,0.000000000000000000e+00
5.267423124635506326e+01,0.000000000000000000e+00,0.000000000000000000e+00
5.390079097243386030e+01,0.000000000000000000e+00,0.000000000000000000e+00
5.316150639800869016e+01,0.000000000000000000e+00,0.000000000000000000e+00
5.314215626009423232e+01,0.000000000000000000e+00,0.000000000000000000e+00
4.696404667673748179e+01,0.000000000000000000e+00,0.000000000000000000e+00
5.050390627511996655e+01,0.000000000000000000e+00,0.000000000000000000e+00
4.956852856145148678e+01,0.000000000000000000e+00,0.000000000000000000e+00
5.186933757339826201e+01,0.000000000000000000e+00,0.000000000000000000e+00
5.439489263403161345e+01,0.000000000000000000e+00,0.000000000000000000e+00
5.223711909781703611e+01,0.000000000000000000e+00,0.000000000000000000e+00
5.334217251217998523e+01,0.000000000000000000e+00,0.000000000000000000e+00
5.243888311825462978e+01,0.000000000000000000e+00,0.000000000000000000e+00
5.337039365368585919e+01,0.000000000000000000e+00,0.000000000000000000e+00
5.376582365031522670e+01,0.000000000000000000e+00,0.000000000000000000e+00
5.230817435660323156e+01,0.000000000000000000e+00,0.000000000000000000e+00
4.867360354686012158e+01,0.000000000000000000e+00,0.000000000000000000e+00
5.005082592151185850e+01,0.000000000000000000e+00,0.000000000000000000e+00
5.155964308419569875e+01,0.000000000000000000e+00,0.000000000000000000e+00
5.366158286759790741e+01,0.000000000000000000e+00,0.000000000000000000e+00
4.959460579707722871e+01,0.000000000000000000e+00,0.000000000000000000e+00
5.135570574383010722e+01,0.000000000000000000e+00,0.000000000000000000e+00
5.268385055588559851e+01,0.000000000000000000e+00,0.000000000000000000e+00
5.452142982872040733e+01,0.000000000000000000e+00,0.000000000000000000e+00
4.628171833781556188e+01,0.000000000000000000e+00,0.000000000000000000e+00
4.959906339150827392e+01,0.000000000000000000e+00,0.000000000000000000e+00
4.827212847536278417e+01,0.000000000000000000e+00,0.000000000000000000e+00
5.160106764710417337e+01,0.000000000000000000e+00,0.000000000000000000e+00
5.003249397744094296e+01,0.000000000000000000e+00,0.000000000000000000e+00
5.036229503594246637e+01,0.000000000000000000e+00,0.000000000000000000e+00
5.138155985800132441e+01,0.000000000000000000e+00,0.000000000000000000e+00
5.007643936742234558e+01,0.000000000000000000e+00,0.000000000000000000e+00
5.004608260461312597e+01,0.000000000000000000e+00,0.000000000000000000e+00
5.013463959802621162e+01,0.000000000000000000e+00,0.000000000000000000e+00
5.239085872364787377e+01,0.000000000000000000e+00,0.000000000000000000e+00
4.651412431614783571e+01,0.000000000000000000e+00,0.000000000000000000e+00
4.945474414871458180e+01,0.000000000000000000e+00,0.000000000000000000e+00
5.122239764699346409e+01,0.000000000000000000e+00,0.000000000000000000e+00
5.239972992110634209e+01,0.000000000000000000e+00,0.000000000000000000e+00
4.964006912755106526e+01,0.000000000000000000e+00,0.000000000000000000e+00
4.903310046307058201e+01,0.000000000000000000e+00,0.000000000000000000e+00
4.818399953293138083e+01,0.000000000000000000e+00,0.000000000000000000e+00
4.719091606047440735e+01,0.000000000000000000e+00,0.000000000000000000e+00
4.858702269655348260e+01,0.000000000000000000e+00,0.000000000000000000e+00
4.812803580224073130e+01,0.000000000000000000e+00,0.000000000000000000e+00
4.736903100823777635e+01,0.000000000000000000e+00,0.000000000000000000e+00
4.875749597243242306e+01,0.000000000000000000e+00,0.000000000000000000e+00
4.734487744553829458e+01,0.000000000000000000e+00,0.000000000000000000e+00
4.748788951518491785e+01,0.000000000000000000e+00,0.000000000000000000e+00
4.944547313851470705e+01,0.000000000000000000e+00,0.000000000000000000e+00
4.783834738887589566e+01,0.000000000000000000e+00,0.000000000000000000e+00
4.540473916581655800e+01,0.000000000000000000e+00,0.000000000000000000e+00
5.059674790565831870e+01,0.000000000000000000e+00,0.000000000000000000e+00
4.939857210328307957e+01,0.000000000000000000e+00,0.000000000000000000e+00
4.188348462662293059e+01,0.000000000000000000e+00,0.000000000000000000e+00
4.932293263190652510e+01,0.000000000000000000e+00,0.000000000000000000e+00
4.979700514845607984e+01,0.000000000000000000e+00,0.000000000000000000e+00
4.567146601398823691e+01,0.000000000000000000e+00,0.000000000000000000e+00
4.840102728444246338e+01,0.000000000000000000e+00,0.000000000000000000e+00
4.707211731544477828e+01,0.000000000000000000e+00,0.000000000000000000e+00
5.049345177295194276e+01,0.000000000000000000e+00,0.000000000000000000e+00
4.621193432990703087e+01,0.000000000000000000e+00,0.000000000000000000e+00
4.518718603276758472e+01,0.000000000000000000e+00,0.000000000000000000e+00
4.653303226278070071e+01,0.000000000000000000e+00,0.000000000000000000e+00
4.384565311215468597e+01,0.000000000000000000e+00,0.000000000000000000e+00
4.814065765631275440e+01,0.000000000000000000e+00,0.000000000000000000e+00
4.758730227949253333e+01,0.000000000000000000e+00,0.000000000000000000e+00
4.644471111764029558e+01,0.000000000000000000e+00,0.000000000000000000e+00
4.901293145737744794e+01,0.000000000000000000e+00,0.000000000000000000e+00
4.519831040838943181e+01,0.000000000000000000e+00,0.000000000000000000e+00
4.909990531713243911e+01,0.000000000000000000e+00,0.000000000000000000e+00
4.614362029755893246e+01,0.000000000000000000e+00,0.000000000000000000e+00
4.649097044302761361e+01,0.000000000000000000e+00,0.000000000000000000e+00
5.097211247601860862e+01,0.000000000000000000e+00,0.000000000000000000e+00
4.734648503957887300e+01,0.000000000000000000e+00,0.000000000000000000e+00
4.672014823434236064e+01,0.000000000000000000e+00,0.000000000000000000e+00
4.384097596653589335e+01,0.000000000000000000e+00,0.000000000000000000e+00
4.715226323493671856e+01,0.000000000000000000e+00,0.000000000000000000e+00
4.665792292178094414e+01,0.000000000000000000e+00,0.000000000000000000e+00
4.758404097241412956e+01,0.000000000000000000e+00,0.000000000000000000e+00
4.656185378931734675e+01,0.000000000000000000e+00,0.000000000000000000e+00
4.345982991545297125e+01,0.000000000000000000e+00,0.000000000000000000e+00
4.693875768536015869e+01,0.000000000000000000e+00,0.000000000000000000e+00
4.348363004217767980e+01,0.000000000000000000e+00,0.000000000000000000e+00
4.632527068725461561e+01,0.000000000000000000e+00,0.000000000000000000e+00
4.508326284448487797e+01,0.000000000000000000e+00,0.000000000000000000e+00
4.962867169626743902e+01,0.000000000000000000e+00,0.000000000000000000e+00
4.198518604403251686e+01,0.000000000000000000e+00,0.000000000000000000e+00
4.481763818024718660e+01,0.000000000000000000e+00,0.000000000000000000e+00
4.645107440049154235e+01,0.000000000000000000e+00,0.000000000000000000e+00
4.672048897165056758e+01,0.000000000000000000e+00,0.000000000000000000e+00
4.715343006328749453e+01,0.000000000000000000e+00,0.000000000000000000e+00
4.503123183150017894e+01,0.000000000000000000e+00,0.000000000000000000e+00
4.743073075987501142e+01,0.000000000000000000e+00,0.000000000000000000e+00
4.535965346442382184e+01,0.000000000000000000e+00,0.000000000000000000e+00
4.526302032919456764e+01,0.000000000000000000e+00,0.000000000000000000e+00
4.084535202435436219e+01,0.000000000000000000e+00,0.000000000000000000e+00
4.543203099231886455e+01,0.000000000000000000e+00,0.000000000000000000e+00
4.079562536586745125e+01,0.000000000000000000e+00,0.000000000000000000e+00
4.402372045714238880e+01,0.000000000000000000e+00,0.000000000000000000e+00
4.507277570988860305e+01,0.000000000000000000e+00,0.000000000000000000e+00
4.488373518180349464e+01,0.000000000000000000e+00,0.000000000000000000e+00
4.734257241046532982e+01,0.000000000000000000e+00,0.000000000000000000e+00
4.277692343153557175e+01,0.000000000000000000e+00,0.000000000000000000e+00
4.542052632228336506e+01,0.000000000000000000e+00,0.000000000000000000e+00
4.492894455275943955e+01,0.000000000000000000e+00,0.000000000000000000e+00
4.227312794009502284e+01,0.000000000000000000e+00,0.000000000000000000e+00
3.999072527896723983e+01,0.000000000000000000e+00,0.000000000000000000e+00
4.241650682224972968e+01,0.000000000000000000e+00,0.000000000000000000e+00
4.504493287396464041e+01,0.000000000000000000e+00,0.000000000000000000e+00
4.348881507620174602e+01,0.000000000000000000e+00,0.000000000000000000e+00
4.700950240865607554e+01,0.000000000000000000e+00,0.000000000000000000e+00
4.383370074349824819e+01,0.000000000000000000e+00,0.000000000000000000e+00
4.181509918982000329e+01,0.000000000000000000e+00,0.000000000000000000e+00
4.160708969290742942e+01,0.000000000000000000e+00,0.000000000000000000e+00
4.423574925177084083e+01,0.000000000000000000e+00,0.000000000000000000e+00
4.471736502334275798e+01,0.000000000000000000e+00,0.000000000000000000e+00
4.298616719824802601e+01,0.000000000000000000e+00,0.000000000000000000e+00
4.243190393267630611e+01,0.000000000000000000e+00,0.000000000000000000e+00
4.370951065379092171e+01,0.000000000000000000e+00,0.000000000000000000e+00
3.931218013831499292e+01,0.000000000000000000e+00,0.000000000000000000e+00
4.455183455810562521e+01,0.000000000000000000e+00,0.000000000000000000e+00
4.723230329690896667e+01,0.000000000000000000e+00,0.000000000000000000e+00
4.019597261151839263e+01,0.000000000000000000e+00,0.000000000000000000e+00
4.389840880896974795e+01,0.000000000000000000e+00,0.000000000000000000e+00
4.252842213871365118e+01,0.000000000000000000e+00,0.000000000000000000e+00
4.243372344927673367e+01,0.000000000000000000e+00,0.000000000000000000e+00
4.490342275781340220e+01,0.000000000000000000e+00,0.000000000000000000e+00
4.348638746459327109e+01,0.000000000000000000e+00,0.000000000000000000e+00
4.080911086819547506e+01,0.000000000000000000e+00,0.000000000000000000e+00
4.028219789601272538e+01,0.000000000000000000e+00,0.000000000000000000e+00
4.089654846123298171e+01,0.000000000000000000e+00,0.000000000000000000e+00
4.151677920358801543e+01,0.000000000000000000e+00,0.000000000000000000e+00
4.459660772533715800e+01,0.000000000000000000e+00,0.000000000000000000e+00
3.977377698525874905e+01,0.000000000000000000e+00,0.000000000000000000e+00
4.067631707013925535e+01,0.000000000000000000e+00,0.000000000000000000e+00
3.825237681731091755e+01,0.000000000000000000e+00,0.000000000000000000e+00
4.436555962491448213e+01,0.000000000000000000e+00,0.000000000000000000e+00
4.438917159923310862e+01,0.000000000000000000e+00,0.000000000000000000e+00
4.031988671481994402e+01,0.000000000000000000e+00,0.000000000000000000e+00
3.936322311332331481e+01,0.000000000000000000e+00,0.000000000000000000e+00
3.990516083688296334e+01,0.000000000000000000e+00,0.000000000000000000e+00
4.484100028976624230e+01,0.000000000000000000e+00,0.000000000000000000e+00
3.998328646259617614e+01,0.000000000000000000e+00,0.000000000000000000e+00
4.317367129839920636e+01,0.000000000000000000e+00,0.000000000000000000e+00
4.466297899892695966e+01,0.000000000000000000e+00,0.000000000000000000e+00
4.005629821751378472e+01,0.000000000000000000e+00,0.000000000000000000e+00
4.311099608229526581e+01,0.000000000000000000e+00,0.000000000000000000e+00
3.899745263321903366e+01,0.000000000000000000e+00,0.000000000000000000e+00
4.009616916891079086e+01,0.000000000000000000e+00,0.000000000000000000e+00
4.390293706041032351e+01,0.000000000000000000e+00,0.000000000000000000e+00
3.860111141785692013e+01,0.000000000000000000e+00,0.000000000000000000e+00
3.872591523624369358e+01,0.000000000000000000e+00,0.000000000000000000e+00
4.200421720118015401e+01,0.000000000000000000e+00,0.000000000000000000e+00
3.873692685541882241e+01,0.000000000000000000e+00,0.000000000000000000e+00
3.761381897127876073e+01,0.000000000000000000e+00,0.000000000000000000e+00
4.409827461203353494e+01,0.000000000000000000e+00,0.000000000000000000e+00
3.729598256954898261e+01,0.000000000000000000e+00,0.000000000000000000e+00
4.252087743257690988e+01,0.000000000000000000e+00,0.000000000000000000e+00
4.183911635665374718e+01,0.000000000000000000e+00,0.000000000000000000e+00
3.992845852685816510e+01,0.000000000000000000e+00,0.000000000000000000e+00
4.307270067526079060e+01,0.000000000000000000e+00,0.000000000000000000e+00
4.368899797630945159e+01,0.000000000000000000e+00,0.000000000000000000e+00
4.053365888189232891e+01,0.000000000000000000e+00,0.000000000000000000e+00
3.802902560197394877e+01,0.000000000000000000e+00,0.000000000000000000e+00
4.002100124893445354e+01,0.000000000000000000e+00,0.000000000000000000e+00
3.932144340099998914e+01,0.000000000000000000e+00,0.000000000000000000e+00
3.757063843125877156e+01,0.000000000000000000e+00,0.000000000000000000e+00
3.630087905479506816e+01,0.000000000000000000e+00,0.000000000000000000e+00
3.902754420679858782e+01,0.000000000000000000e+00,0.000000000000000000e+00
3.923766702078057023e+01,0.000000000000000000e+00,0.000000000000000000e+00
4.383379937703561779e+01,0.000000000000000000e+00,0.000000000000000000e+00
3.831567690996475761e+01,0.000000000000000000e+00,0.000000000000000000e+00
3.760462189349026119e+01,0.000000000000000000e+00,0.000000000000000000e+00
4.046841736721055582e+01,0.000000000000000000e+00,0.000000000000000000e+00
3.964352803148894822e+01,0.000000000000000000e+00,0.000000000000000000e+00
4.301370987741790231e+01,0.000000000000000000e+00,0.000000000000000000e+00
3.898086208811950826e+01,0.000000000000000000e+00,0.000000000000000000e+00
4.052914173841094225e+01,0.000000000000000000e+00,0.000000000000000000e+00
3.786822856200811316e+01,0.000000000000000000e+00,0.000000000000000000e+00
3.594463302166649754e+01,0.000000000000000000e+00,0.000000000000000000e+00
3.777311134177133312e+01,0.000000000000000000e+00,0.000000000000000000e+00
3.666936500020859313e+01,0.000000000000000000e+00,0.000000000000000000e+00
3.892396191874512112e+01,0.000000000000000000e+00,0.000000000000000000e+00
4.011397724413572519e+01,0.000000000000000000e+00,0.000000000000000000e+00
3.980590038028015698e+01,0.000000000000000000e+00,0.000000000000000000e+00
3.703143250388328056e+01,0.000000000000000000e+00,0.000000000000000000e+00
3.851420403087008282e+01,0.000000000000000000e+00,0.000000000000000000e+00
3.565260143176627139e+01,0.000000000000000000e+00,0.000000000000000000e+00
3.960524547244519056e+01,0.000000000000000000e+00,0.000000000000000000e+00
3.716017645990955742e+01,0.000000000000000000e+00,0.000000000000000000e+00
3.396210745346580495e+01,0.000000000000000000e+00,0.000000000000000000e+00
3.613746044671066926e+01,0.000000000000000000e+00,0.000000000000000000e+00
3.860064037269113157e+01,0.000000000000000000e+00,0.000000000000000000e+00
3.646122908605429558e+01,0.000000000000000000e+00,0.000000000000000000e+00
3.117968826037587604e+01,0.000000000000000000e+00,0.000000000000000000e+00
3.577012198060232606e+01,0.000000000000000000e+00,0.000000000000000000e+00
3.628541926632554038e+01,0.000000000000000000e+00,0.000000000000000000e+00
3.621420345160763787e+01,0.000000000000000000e+00,0.000000000000000000e+00
3.497885863657820238e+01,0.000000000000000000e+00,0.000000000000000000e+00
4.099722866801584331e+01,0.000000000000000000e+00,0.000000000000000000e+00
3.550318192335620893e+01,0.000000000000000000e+00,0.000000000000000000e+00
3.712760921369339684e+01,0.000000000000000000e+00,0.000000000000000000e+00
3.602806280382631599e+01,0.000000000000000000e+00,0.000000000000000000e+00
3.546859720236047053e+01,0.000000000000000000e+00,0.000000000000000000e+00
3.756052118139602669e+01,0.000000000000000000e+00,0.000000000000000000e+00
3.718878862472929114e+01,0.000000000000000000e+00,0.000000000000000000e+00
3.441240264128607862e+01,0.000000000000000000e+00,0.000000000000000000e+00
3.718784242239389215e+01,0.000000000000000000e+00,0.000000000000000000e+00
3.819399511054037077e+01,0.000000000000000000e+00,0.000000000000000000e+00
3.302690902145177176e+01,0.000000000000000000e+00,0.000000000000000000e+00
3.477542964863244634e+01,0.000000000000000000e+00,0.000000000000000000e+00
3.300662974366241542e+01,0.000000000000000000e+00,0.000000000000000000e+00
3.736751581810701595e+01,0.000000000000000000e+00,0.000000000000000000e+00
3.251033641130101159e+01,0.000000000000000000e+00,0.000000000000000000e+00
4.065815342868150140e+01,0.000000000000000000e+00,0.000000000000000000e+00
3.466449676682515957e+01,0.000000000000000000e+00,0.000000000000000000e+00
3.375407448769210816e+01,0.000000000000000000e+00,0.000000000000000000e+00
3.278853805716794056e+01,0.000000000000000000e+00,0.000000000000000000e+00
3.224345276612114475e+01,0.000000000000000000e+00,0.000000000000000000e+00
3.344332272439206832e+01,0.000000000000000000e+00,0.000000000000000000e+00
3.508520808580652783e+01,0.000000000000000000e+00,0.000000000000000000e+00
3.399610648303377758e+01,0.000000000000000000e+00,0.000000000000000000e+00
3.614240705120486297e+01,0.000000000000000000e+00,0.000000000000000000e+00
3.273446645859646509e+01,0.000000000000000000e+00,0.000000000000000000e+00
3.654727274193392361e+01,0.000000000000000000e+00,0.000000000000000000e+00
3.474449965596716083e+01,0.000000000000000000e+00,0.000000000000000000e+00
2.746916488692340863e+01,0.000000000000000000e+00,0.000000000000000000e+00
3.959735702787195066e+01,0.000000000000000000e+00,0.000000000000000000e+00
3.519837924997063539e+01,0.000000000000000000e+00,0.000000000000000000e+00
3.924600926423060798e+01,0.000000000000000000e+00,0.000000000000000000e+00
3.414570275939991717e+01,0.000000000000000000e+00,0.000000000000000000e+00
3.416897841739481123e+01,0.000000000000000000e+00,0.000000000000000000e+00
3.681815897184070252e+01,0.000000000000000000e+00,0.000000000000000000e+00
3.542955587196848910e+01,0.000000000000000000e+00,0.000000000000000000e+00
3.244397580707148165e+01,0.000000000000000000e+00,0.000000000000000000e+00
3.332564750095265538e+01,0.000000000000000000e+00,0.000000000000000000e+00
3.217984316463612515e+01,0.000000000000000000e+00,0.000000000000000000e+00
3.255225694306833617e+01,0.000000000000000000e+00,0.000000000000000000e+00
3.137979360634159676e+01,0.000000000000000000e+00,0.000000000000000000e+00
3.127468536576624558e+01,0.000000000000000000e+00,0.000000000000000000e+00
3.277596115613867056e+01,0.000000000000000000e+00,0.000000000000000000e+00
3.515779686217617694e+01,0.000000000000000000e+00,0.000000000000000000e+00
3.128164453184336935e+01,0.000000000000000000e+00,0.000000000000000000e+00
3.380986466832886350e+01,0.000000000000000000e+00,0.000000000000000000e+00
3.564463030952761358e+01,0.000000000000000000e+00,0.000000000000000000e+00
3.135304524278752325e+01,0.000000000000000000e+00,0.000000000000000000e+00
3.450267338293221542e+01,0.000000000000000000e+00,0.000000000000000000e+00
3.020104204995610786e+01,0.000000000000000000e+00,0.000000000000000000e+00
3.570465222770101121e+01,0.000000000000000000e+00,0.000000000000000000e+00
2.860398366871982745e+01,0.000000000000000000e+00,0.000000000000000000e+00
3.558770754421644256e+01,0.000000000000000000e+00,0.000000000000000000e+00
3.401040064329842494e+01,0.000000000000000000e+00,0.000000000000000000e+00
3.393287395424549402e+01,0.000000000000000000e+00,0.000000000000000000e+00
3.456385765762109941e+01,0.000000000000000000e+00,0.000000000000000000e+00
3.580945073960751301e+01,0.000000000000000000e+00,0.000000000000000000e+00
3.530722899551087579e+01,0.000000000000000000e+00,0.000000000000000000e+00
3.070650110790077036e+01,0.000000000000000000e+00,0.000000000000000000e+00
3.679625922766615531e+01,0.000000000000000000e+00,0.000000000000000000e+00
3.558062228188091325e+01,0.000000000000000000e+00,0.000000000000000000e+00
3.049030841480135479e+01,0.000000000000000000e+00,0.000000000000000000e+00
2.592806925873158619e+01,0.000000000000000000e+00,0.000000000000000000e+00
3.351908064635957629e+01,0.000000000000000000e+00,0.000000000000000000e+00
3.535544556425492146e+01,0.000000000000000000e+00,0.000000000000000000e+00
3.204926199086184369e+01,0.000000000000000000e+00,0.000000000000000000e+00
2.980695690541497811e+01,0.000000000000000000e+00,0.000000000000000000e+00
2.722727495518693175e+01,0.000000000000000000e+00,0.000000000000000000e+00
2.982390782421756370e+01,0.000000000000000000e+00,0.000000000000000000e+00
3.065559413331120098e+01,0.000000000000000000e+00,0.000000000000000000e+00
3.255281826589263261e+01,0.000000000000000000e+00,0.000000000000000000e+00
3.456379334059403874e+01,0.000000000000000000e+00,0.000000000000000000e+00
2.838744865978836529e+01,0.000000000000000000e+00,0.000000000000000000e+00
3.203833925984852016e+01,0.000000000000000000e+00,0.000000000000000000e+00
3.236891128144404206e+01,0.000000000000000000e+00,0.000000000000000000e+00
2.583300585121041948e+01,0.000000000000000000e+00,0.000000000000000000e+00
3.393090075752775192e+01,0.000000000000000000e+00,0.000000000000000000e+00
3.499021362311191297e+01,0.000000000000000000e+00,0.000000000000000000e+00
3.045807424395530560e+01,0.000000000000000000e+00,0.000000000000000000e+00
3.456786433388158741e+01,0.000000000000000000e+00,0.000000000000000000e+00
3.068422296012629147e+01,0.000000000000000000e+00,0.000000000000000000e+00
3.146730249361951692e+01,0.000000000000000000e+00,0.000000000000000000e+00
3.025793744728081691e+01,0.000000000000000000e+00,0.000000000000000000e+00
2.981470942624172338e+01,0.000000000000000000e+00,0.000000000000000000e+00
2.969673009557366683e+01,0.000000000000000000e+00,0.000000000000000000e+00
2.800731996963084924e+01,0.000000000000000000e+00,0.000000000000000000e+00
3.272945598831773850e+01,0.000000000000000000e+00,0.000000000000000000e+00
3.326341318029603400e+01,0.000000000000000000e+00,0.000000000000000000e+00
3.293739851892573256e+01,0.000000000000000000e+00,0.000000000000000000e+00
3.105330143124434272e+01,0.000000000000000000e+00,0.000000000000000000e+00
3.139161119681062928e+01,0.000000000000000000e+00,0.000000000000000000e+00
3.390676309401994359e+01,0.000000000000000000e+00,0.000000000000000000e+00
3.142821409543851630e+01,0.000000000000000000e+00,0.000000000000000000e+00
3.104725047224734169e+01,0.000000000000000000e+00,0.000000000000000000e+00
2.938663565235066955e+01,0.000000000000000000e+00,0.000000000000000000e+00
3.201012885816068376e+01,0.000000000000000000e+00,0.000000000000000000e+00
3.055844969140502343e+01,0.000000000000000000e+00,0.000000000000000000e+00
2.742712901586611096e+01,0.000000000000000000e+00,0.000000000000000000e+00
3.114177537450936839e+01,0.000000000000000000e+00,0.000000000000000000e+00
2.987192251944506083e+01,0.000000000000000000e+00,0.000000000000000000e+00
3.056898264682406108e+01,0.000000000000000000e+00,0.000000000000000000e+00
3.254325315760072357e+01,0.000000000000000000e+00,0.000000000000000000e+00
2.780946088743277755e+01,0.000000000000000000e+00,0.000000000000000000e+00
3.087648192508303779e+01,0.000000000000000000e+00,0.000000000000000000e+00
2.807707135134244325e+01,0.000000000000000000e+00,0.000000000000000000e+00
3.080082870290940633e+01,0.000000000000000000e+00,0.000000000000000000e+00
3.193596329434160808e+01,0.000000000000000000e+00,0.000000000000000000e+00
3.014403738064082816e+01,0.000000000000000000e+00,0.000000000000000000e+00
3.020797975014327363e+01,0.000000000000000000e+00,0.000000000000000000e+00
2.807772964202664667e+01,0.000000000000000000e+00,0.000000000000000000e+00
2.460788904886089767e+01,0.000000000000000000e+00,0.000000000000000000e+00
2.588718954557750607e+01,0.000000000000000000e+00,0.000000000000000000e+00
2.825977953863602110e+01,0.000000000000000000e+00,0.000000000000000000e+00
3.032764782524421676e+01,0.000000000000000000e+00,0.000000000000000000e+00
2.808366583775723768e+01,0.000000000000000000e+00,0.000000000000000000e+00
3.037576806489979120e+01,0.000000000000000000e+00,0.000000000000000000e+00
2.754361163099862608e+01,0.000000000000000000e+00,0.000000000000000000e+00
3.078457999122526800e+01,0.000000000000000000e+00,0.000000000000000000e+00
2.691965259365551333e+01,0.000000000000000000e+00,0.000000000000000000e+00
3.084318109342842362e+01,0.000000000000000000e+00,0.000000000000000000e+00
2.942420082334453824e+01,0.000000000000000000e+00,0.000000000000000000e+00
3.083080509615411557e+01,0.000000000000000000e+00,0.000000000000000000e+00
2.668342535845112096e+01,0.000000000000000000e+00,0.000000000000000000e+00
2.605496626888569267e+01,0.000000000000000000e+00,0.000000000000000000e+00
2.999355522912710725e+01,0.000000000000000000e+00,0.000000000000000000e+00
2.884478902727131100e+01,0.000000000000000000e+00,0.000000000000000000e+00
2.857194439820486309e+01,0.000000000000000000e+00,0.000000000000000000e+00
2.948276168356387572e+01,0.000000000000000000e+00,0.000000000000000000e+00
2.713747631149933071e+01,0.000000000000000000e+00,0.000000000000000000e+00
3.180384903176809530e+01,0.000000000000000000e+00,0.000000000000000000e+00
2.793795507893079133e+01,0.000000000000000000e+00,0.000000000000000000e+00
2.639443089919834406e+01,0.000000000000000000e+00,0.000000000000000000e+00
2.694682444100601515e+01,0.000000000000000000e+00,0.000000000000000000e+00
3.168036228663080678e+01,0.000000000000000000e+00,0.000000000000000000e+00
2.988896612192819546e+01,0.000000000000000000e+00,0.000000000000000000e+00
2.626653986219676540e+01,0.000000000000000000e+00,0.000000000000000000e+00
2.518591162978601616e+01,0.000000000000000000e+00,0.000000000000000000e+00
2.715046890767567689e+01,0.000000000000000000e+00,0.000000000000000000e+00
2.925584985179455799e+01,0.000000000000000000e+00,0.000000000000000000e+00
2.879098570083726827e+01,0.000000000000000000e+00,0.000000000000000000e+00
2.301800756785250357e+01,0.000000000000000000e+00,0.000000000000000000e+00
2.969202828224959489e+01,0.000000000000000000e+00,0.000000000000000000e+00
2.595346605794201622e+01,0.000000000000000000e+00,0.000000000000000000e+00
2.821995268897899578e+01,0.000000000000000000e+00,0.000000000000000000e+00
2.863185755752526518e+01,0.000000000000000000e+00,0.000000000000000000e+00
2.527770626243989582e+01,0.000000000000000000e+00,0.000000000000000000e+00
2.930970358223675376e+01,0.000000000000000000e+00,0.000000000000000000e+00
2.729424855861974919e+01,0.000000000000000000e+00,0.000000000000000000e+00
2.683280347402378396e+01,0.000000000000000000e+00,0.000000000000000000e+00
2.837175198127924247e+01,0.000000000000000000e+00,0.000000000000000000e+00
2.641848917448854195e+01,0.000000000000000000e+00,0.000000000000000000e+00
3.061615256471732494e+01,0.000000000000000000e+00,0.000000000000000000e+00
2.408305688062608496e+01,0.000000000000000000e+00,0.000000000000000000e+00
2.622709882944822724e+01,0.000000000000000000e+00,0.000000000000000000e+00
2.516440729621682237e+01,0.000000000000000000e+00,0.000000000000000000e+00
2.797109942734420329e+01,0.000000000000000000e+00,0.000000000000000000e+00
2.698453392677450324e+01,0.000000000000000000e+00,0.000000000000000000e+00
2.968000416650366802e+01,0.000000000000000000e+00,0.000000000000000000e+00
2.665146275054974723e+01,0.000000000000000000e+00,0.000000000000000000e+00
2.717044024110607481e+01,0.000000000000000000e+00,0.000000000000000000e+00
2.421492682391212981e+01,0.000000000000000000e+00,0.000000000000000000e+00
2.467345504600825024e+01,0.000000000000000000e+00,0.000000000000000000e+00
2.506603857194109963e+01,0.000000000000000000e+00,0.000000000000000000e+00
2.623467176964801695e+01,0.000000000000000000e+00,0.000000000000000000e+00
2.980030266205842082e+01,0.000000000000000000e+00,0.000000000000000000e+00
2.758938968951730786e+01,0.000000000000000000e+00,0.000000000000000000e+00
2.366737191129329787e+01,0.000000000000000000e+00,0.000000000000000000e+00
2.738241123153805034e+01,0.000000000000000000e+00,0.000000000000000000e+00
2.318013446979111336e+01,0.000000000000000000e+00,0.000000000000000000e+00
2.725714148668841119e+01,0.000000000000000000e+00,0.000000000000000000e+00
2.773132117228027127e+01,0.000000000000000000e+00,0.000000000000000000e+00
2.578787260994325337e+01,0.000000000000000000e+00,0.000000000000000000e+00
2.594078353890440169e+01,0.000000000000000000e+00,0.000000000000000000e+00
2.647039222918647994e+01,0.000000000000000000e+00,0.000000000000000000e+00
2.462724269372712982e+01,0.000000000000000000e+00,0.000000000000000000e+00
2.442554237615764379e+01,0.000000000000000000e+00,0.000000000000000000e+00
2.760285999994533768e+01,0.000000000000000000e+00,0.000000000000000000e+00
2.769644368427957204e+01,0.000000000000000000e+00,0.000000000000000000e+00
2.636825441730519870e+01,0.000000000000000000e+00,0.000000000000000000e+00
2.111554435524359263e+01,0.000000000000000000e+00,0.000000000000000000e+00
2.403917931941031583e+01,0.000000000000000000e+00,0.000000000000000000e+00
2.943510077058321883e+01,0.000000000000000000e+00,0.000000000000000000e+00
2.710075069726221386e+01,0.000000000000000000e+00,0.000000000000000000e+00
2.819615190518278069e+01,0.000000000000000000e+00,0.000000000000000000e+00
2.541138725574785440e+01,0.000000000000000000e+00,0.000000000000000000e+00
2.380854641555718842e+01,0.000000000000000000e+00,0.000000000000000000e+00
2.554038897335936653e+01,0.000000000000000000e+00,0.000000000000000000e+00
2.694288294228126190e+01,0.000000000000000000e+00,0.000000000000000000e+00
2.402484564426063329e+01,0.000000000000000000e+00,0.000000000000000000e+00
2.786343347837212647e+01,0.000000000000000000e+00,0.000000000000000000e+00
2.898796103989626971e+01,0.000000000000000000e+00,0.000000000000000000e+00
2.223485813160852231e+01,0.000000000000000000e+00,0.000000000000000000e+00
2.541330788870612167e+01,0.000000000000000000e+00,0.000000000000000000e+00
2.586446940498082014e+01,0.000000000000000000e+00,0.000000000000000000e+00
2.885301583051182917e+01,0.000000000000000000e+00,0.000000000000000000e+00
2.607774912402142320e+01,0.000000000000000000e+00,0.000000000000000000e+00
2.263477077328294840e+01,0.000000000000000000e+00,0.000000000000000000e+00
2.550825803694299054e+01,0.000000000000000000e+00,0.000000000000000000e+00
2.524931821577276381e+01,0.000000000000000000e+00,0.000000000000000000e+00
2.055554809895795998e+01,0.000000000000000000e+00,0.000000000000000000e+00
2.723704549253176666e+01,0.000000000000000000e+00,0.000000000000000000e+00
2.472918536949289248e+01,0.000000000000000000e+00,0.000000000000000000e+00
2.266899742558180364e+01,0.000000000000000000e+00,0.000000000000000000e+00
2.519938160348516831e+01,0.000000000000000000e+00,0.000000000000000000e+00
2.927480615115671725e+01,0.000000000000000000e+00,0.000000000000000000e+00
2.345324350482599840e+01,0.000000000000000000e+00,0.000000000000000000e+00
2.060965157183261454e+01,0.000000000000000000e+00,0.000000000000000000e+00
2.618714395639878489e+01,0.000000000000000000e+00,0.000000000000000000e+00
2.444980768230923118e+01,0.000000000000000000e+00,0.000000000000000000e+00
2.302699195679676691e+01,0.000000000000000000e+00,0.000000000000000000e+00
2.348920221840691624e+01,0.000000000000000000e+00,0.000000000000000000e+00
2.476231056352791526e+01,0.000000000000000000e+00,0.000000000000000000e+00
2.488089812585117855e+01,0.000000000000000000e+00,0.000000000000000000e+00
2.191775581523815219e+01,0.000000000000000000e+00,0.000000000000000000e+00
2.165312766855003446e+01,0.000000000000000000e+00,0.000000000000000000e+00
2.473311853940052885e+01,0.000000000000000000e+00,0.000000000000000000e+00
2.674248318079731845e+01,0.000000000000000000e+00,0.000000000000000000e+00
2.150033935916376748e+01,0.000000000000000000e+00,0.000000000000000000e+00
2.194751683705614198e+01,0.000000000000000000e+00,0.000000000000000000e+00
2.324550319480009719e+01,0.000000000000000000e+00,0.000000000000000000e+00
2.737798832601913901e+01,0.000000000000000000e+00,0.000000000000000000e+00
2.179080900084219863e+01,0.000000000000000000e+00,0.000000000000000000e+00
2.370388284111630028e+01,0.000000000000000000e+00,0.000000000000000000e+00
2.542127303028631502e+01,0.000000000000000000e+00,0.000000000000000000e+00
2.362743482087298119e+01,0.000000000000000000e+00,0.000000000000000000e+00
2.361796619210688419e+01,0.000000000000000000e+00,0.000000000000000000e+00
2.467057756493780118e+01,0.000000000000000000e+00,0.000000000000000000e+00
2.578451999138670558e+01,0.000000000000000000e+00,0.000000000000000000e+00
2.211130814857930815e+01,0.000000000000000000e+00,0.000000000000000000e+00
2.434772625838183302e+01,0.000000000000000000e+00,0.000000000000000000e+00
2.529476980675582709e+01,0.000000000000000000e+00,0.000000000000000000e+00
2.241313186100801147e+01,0.000000000000000000e+00,0.000000000000000000e+00
2.325871530454598712e+01,0.000000000000000000e+00,0.000000000000000000e+00
1.801161020443233696e+01,0.000000000000000000e+00,0.000000000000000000e+00
2.304832183109769161e+01,0.000000000000000000e+00,0.000000000000000000e+00
2.225410849097580979e+01,0.000000000000000000e+00,0.000000000000000000e+00
2.331796280328412507e+01,0.000000000000000000e+00,0.000000000000000000e+00
2.605396569734273271e+01,0.000000000000000000e+00,0.000000000000000000e+00
1.696204261076444908e+01,0.000000000000000000e+00,0.000000000000000000e+00
2.168476502842842280e+01,0.000000000000000000e+00,0.000000000000000000e+00
2.194718293464719849e+01,0.000000000000000000e+00,0.000000000000000000e+00
2.436018751431891616e+01,0.000000000000000000e+00,0.000000000000000000e+00
2.230025969309264866e+01,0.000000000000000000e+00,0.000000000000000000e+00
2.338331462317263032e+01,0.000000000000000000e+00,0.000000000000000000e+00
2.139651102343538369e+01,0.000000000000000000e+00,0.000000000000000000e+00
2.779126615286155655e+01,0.000000000000000000e+00,0.000000000000000000e+00
2.530855884006717460e+01,0.000000000000000000e+00,0.000000000000000000e+00
2.082008196821207946e+01,0.000000000000000000e+00,0.000000000000000000e+00
2.546802054220479050e+01,0.000000000000000000e+00,0.000000000000000000e+00
2.385802567515997552e+01,0.000000000000000000e+00,0.000000000000000000e+00
1.987225904548068911e+01,0.000000000000000000e+00,0.000000000000000000e+00
2.547305056776421850e+01,0.000000000000000000e+00,0.000000000000000000e+00
2.464442786331548518e+01,0.000000000000000000e+00,0.000000000000000000e+00
2.476019561388191903e+01,0.000000000000000000e+00,0.000000000000000000e+00
2.383994542080414902e+01,0.000000000000000000e+00,0.000000000000000000e+00
2.140482427681888211e+01,0.000000000000000000e+00,0.000000000000000000e+00
1.930423061489004866e+01,0.000000000000000000e+00,0.000000000000000000e+00
2.360241359310376552e+01,0.000000000000000000e+00,0.000000000000000000e+00
1.803942512242983298e+01,0.000000000000000000e+00,0.000000000000000000e+00
2.116586237082971778e+01,0.000000000000000000e+00,0.000000000000000000e+00
2.118063888477343326e+01,0.000000000000000000e+00,0.000000000000000000e+00
1.828362868623161575e+01,0.000000000000000000e+00,0.000000000000000000e+00
2.160272167698577306e+01,0.000000000000000000e+00,0.000000000000000000e+00
2.506019363158802804e+01,0.000000000000000000e+00,0.000000000000000000e+00
2.149614268982406173e+01,0.000000000000000000e+00,0.000000000000000000e+00
2.282176805381567064e+01,0.000000000000000000e+00,0.000000000000000000e+00
2.544642961642441392e+01,0.000000000000000000e+00,0.000000000000000000e+00
2.189828681630146789e+01,0.000000000000000000e+00,0.000000000000000000e+00
2.394442717855767455e+01,0.000000000000000000e+00,0.000000000000000000e+00
2.191979751642509200e+01,0.000000000000000000e+00,0.000000000000000000e+00
2.063693840638065424e+01,0.000000000000000000e+00,0.000000000000000000e+00
2.008477469642275892e+01,0.000000000000000000e+00,0.000000000000000000e+00
2.397248994003726708e+01,0.000000000000000000e+00,0.000000000000000000e+00
2.225264700927983696e+01,0.000000000000000000e+00,0.000000000000000000e+00
2.296627496385322686e+01,0.000000000000000000e+00,0.000000000000000000e+00
2.228888699024343722e+01,0.000000000000000000e+00,0.000000000000000000e+00
2.069702067967753933e+01,0.000000000000000000e+00,0.000000000000000000e+00
2.124744721018591775e+01,0.000000000000000000e+00,0.000000000000000000e+00
2.338431047894467696e+01,0.000000000000000000e+00,0.000000000000000000e+00
2.470736807627563891e+01,0.000000000000000000e+00,0.000000000000000000e+00
1.938587976109899813e+01,0.000000000000000000e+00,0.000000000000000000e+00
2.032698107367972185e+01,0.000000000000000000e+00,0.000000000000000000e+00
1.678095791868037878e+01,0.000000000000000000e+00,0.000000000000000000e+00
2.026687778425775122e+01,0.000000000000000000e+00,0.000000000000000000e+00
2.038501848388655091e+01,0.000000000000000000e+00,0.000000000000000000e+00
2.711632420717004521e+01,0.000000000000000000e+00,0.000000000000000000e+00
2.217433680786452044e+01,0.000000000000000000e+00,0.000000000000000000e+00
2.228206076349641762e+01,0.000000000000000000e+00,0.000000000000000000e+00
2.182045025751197542e+01,0.000000000000000000e+00,0.000000000000000000e+00
2.208824379107820590e+01,0.000000000000000000e+00,0.000000000000000000e+00
2.345939844991367096e+01,0.000000000000000000e+00,0.000000000000000000e+00
2.307201349642962995e+01,0.000000000000000000e+00,0.000000000000000000e+00
1.810725195865291326e+01,0.000000000000000000e+00,0.000000000000000000e+00
1.814111545866987285e+01,0.000000000000000000e+00,0.000000000000000000e+00
2.165624537521307147e+01,0.000000000000000000e+00,0.000000000000000000e+00
2.214967462191158987e+01,0.000000000000000000e+00,0.000000000000000000e+00
2.347996329319518338e+01,0.000000000000000000e+00,0.000000000000000000e+00
2.424524197042769558e+01,0.000000000000000000e+00,0.000000000000000000e+00
2.470076368576233961e+01,0.000000000000000000e+00,0.000000000000000000e+00
1.852107336072733190e+01,0.000000000000000000e+00,0.000000000000000000e+00
2.354410938518765306e+01,0.000000000000000000e+00,0.000000000000000000e+00
2.160324189324943944e+01,0.000000000000000000e+00,0.000000000000000000e+00
2.012089032461172877e+01,0.000000000000000000e+00,0.000000000000000000e+00
2.115032598020740906e+01,0.000000000000000000e+00,0.000000000000000000e+00
1.840483048322274584e+01,0.000000000000000000e+00,0.000000000000000000e+00
2.281939725857717249e+01,0.000000000000000000e+00,0.000000000000000000e+00
1.805285749324336919e+01,0.000000000000000000e+00,0.000000000000000000e+00
2.039498692458606754e+01,0.000000000000000000e+00,0.000000000000000000e+00
2.363672032647952292e+01,0.000000000000000000e+00,0.000000000000000000e+00
1.962004080886631385e+01,0.000000000000000000e+00,0.000000000000000000e+00
1.961123940646319141e+01,0.000000000000000000e+00,0.000000000000000000e+00
2.274343744092914932e+01,0.000000000000000000e+00,0.000000000000000000e+00
2.092616341288363913e+01,0.000000000000000000e+00,0.000000000000000000e+00
2.268908163584703175e+01,0.000000000000000000e+00,0.000000000000000000e+00
2.034791912383694523e+01,0.000000000000000000e+00,0.000000000000000000e+00
2.110515037446488407e+01,0.000000000000000000e+00,0.000000000000000000e+00
1.811389835744670762e+01,0.000000000000000000e+00,0.000000000000000000e+00
2.196606113665027493e+01,0.000000000000000000e+00,0.000000000000000000e+00
2.153444727059444119e+01,0.000000000000000000e+00,0.000000000000000000e+00
1.918939609134716306e+01,0.000000000000000000e+00,0.000000000000000000e+00
2.572110942439608294e+01,0.000000000000000000e+00,0.000000000000000000e+00
1.863046112527321085e+01,0.000000000000000000e+00,0.000000000000000000e+00
1.927188699459578203e+01,0.000000000000000000e+00,0.000000000000000000e+00
2.373560971161104050e+01,0.000000000000000000e+00,0.000000000000000000e+00
2.254813923007403176e+01,0.000000000000000000e+00,0.000000000000000000e+00
1.830425371693270975e+01,0.000000000000000000e+00,0.000000000000000000e+00
2.086959063703093875e+01,0.000000000000000000e+00,0.000000000000000000e+00
1.804218977309031757e+01,0.000000000000000000e+00,0.000000000000000000e+00
2.367919342509959790e+01,0.000000000000000000e+00,0.000000000000000000e+00
2.112600861862609491e+01,0.000000000000000000e+00,0.000000000000000000e+00
1.849486021273780523e+01,0.000000000000000000e+00,0.000000000000000000e+00
2.085648402799677115e+01,0.000000000000000000e+00,0.000000000000000000e+00
1.940193554961938815e+01,0.000000000000000000e+00,0.000000000000000000e+00
2.129859673707344214e+01,0.000000000000000000e+00,0.000000000000000000e+00
2.124607737462159562e+01,0.000000000000000000e+00,0.000000000000000000e+00
2.369664863664284127e+01,0.000000000000000000e+00,0.000000000000000000e+00
2.065888549460942158e+01,0.000000000000000000e+00,0.000000000000000000e+00
2.107365343062422625e+01,0.000000000000000000e+00,0.000000000000000000e+00
2.217048899653527982e+01,0.000000000000000000e+00,0.000000000000000000e+00
2.228093310196046062e+01,0.000000000000000000e+00,0.000000000000000000e+00
2.311729890392690123e+01,0.000000000000000000e+00,0.000000000000000000e+00
2.074690472972528354e+01,0.000000000000000000e+00,0.000000000000000000e+00
2.097776067836920078e+01,0.000000000000000000e+00,0.000000000000000000e+00
2.398837820289817557e+01,0.000000000000000000e+00,0.000000000000000000e+00
2.194944322749425680e+01,0.000000000000000000e+00,0.000000000000000000e+00
1.956647523853347792e+01,0.000000000000000000e+00,0.000000000000000000e+00
2.187301788285898141e+01,0.000000000000000000e+00,0.000000000000000000e+00
1.906937078548922315e+01,0.000000000000000000e+00,0.000000000000000000e+00
1.832190740294072384e+01,0.000000000000000000e+00,0.000000000000000000e+00
1.894160802731015281e+01,0.000000000000000000e+00,0.000000000000000000e+00
1.983631438517236845e+01,0.000000000000000000e+00,0.000000000000000000e+00
1.995800577614978621e+01,0.000000000000000000e+00,0.000000000000000000e+00
1.936642721830504854e+01,0.000000000000000000e+00,0.000000000000000000e+00
1.815612982181665558e+01,0.000000000000000000e+00,0.000000000000000000e+00
1.782213574068712703e+01,0.000000000000000000e+00,0.000000000000000000e+00
2.072554674989678958e+01,0.000000000000000000e+00,0.000000000000000000e+00
1.894531500590825246e+01,0.000000000000000000e+00,0.000000000000000000e+00
2.293225564264357175e+01,0.000000000000000000e+00,0.000000000000000000e+00
2.112996209310103168e+01,0.000000000000000000e+00,0.000000000000000000e+00
1.820942943568803329e+01,0.000000000000000000e+00,0.000000000000000000e+00
1.705839265827750850e+01,0.000000000000000000e+00,0.000000000000000000e+00
1.935866524350470286e+01,0.000000000000000000e+00,0.000000000000000000e+00
2.260131209032407185e+01,0.000000000000000000e+00,0.000000000000000000e+00
2.107953060827099279e+01,0.000000000000000000e+00,0.000000000000000000e+00
1.878228789994300030e+01,0.000000000000000000e+00,0.000000000000000000e+00
1.673577542468961354e+01,0.000000000000000000e+00,0.000000000000000000e+00
2.012521965235297117e+01,0.000000000000000000e+00,0.000000000000000000e+00
1.999698060598537097e+01,0.000000000000000000e+00,0.000000000000000000e+00
2.111246450011531550e+01,0.000000000000000000e+00,0.000000000000000000e+00
2.185997714573450068e+01,0.000000000000000000e+00,0.000000000000000000e+00
2.105192233050308914e+01,0.000000000000000000e+00,0.000000000000000000e+00
2.090377295279563796e+01,0.000000000000000000e+00,0.000000000000000000e+00
2.066617996851535111e+01,0.000000000000000000e+00,0.000000000000000000e+00
1.741912354530128582e+01,0.000000000000000000e+00,0.000000000000000000e+00
1.968874820166887218e+01,0.000000000000000000e+00,0.000000000000000000e+00
1.905745403069582622e+01,0.000000000000000000e+00,0.000000000000000000e+00
2.381318064927224043e+01,0.000000000000000000e+00,0.000000000000000000e+00
1.842739400435361929e+01,0.000000000000000000e+00,0.000000000000000000e+00
2.132132482992449596e+01,0.000000000000000000e+00,0.000000000000000000e+00
1.963667848912120562e+01,0.000000000000000000e+00,0.000000000000000000e+00
1.986534895208683693e+01,0.000000000000000000e+00,0.000000000000000000e+00
1.970312346236082846e+01,0.000000000000000000e+00,0.000000000000000000e+00
2.400761748960816178e+01,0.000000000000000000e+00,0.000000000000000000e+00
2.261579945405550163e+01,0.000000000000000000e+00,0.000000000000000000e+00
2.127927707691033987e+01,0.000000000000000000e+00,0.000000000000000000e+00
2.161493567645597480e+01,0.000000000000000000e+00,0.000000000000000000e+00
1.864682663103501170e+01,0.000000000000000000e+00,0.000000000000000000e+00
1.761738884139279548e+01,0.000000000000000000e+00,0.000000000000000000e+00
1.869016346039457943e+01,0.000000000000000000e+00,0.000000000000000000e+00
1.842771009781748504e+01,0.000000000000000000e+00,0.000000000000000000e+00
2.099754628691902525e+01,0.000000000000000000e+00,0.000000000000000000e+00
2.015687869143204125e+01,0.000000000000000000e+00,0.000000000000000000e+00
2.684668319611590448e+01,0.000000000000000000e+00,0.000000000000000000e+00
2.155313995781368419e+01,0.000000000000000000e+00,0.000000000000000000e+00
1.735682032227686378e+01,0.000000000000000000e+00,0.000000000000000000e+00
2.091142129277486461e+01,0.000000000000000000e+00,0.000000000000000000e+00
2.036313379383928890e+01,0.000000000000000000e+00,0.000000000000000000e+00
2.285846912176110379e+01,0.000000000000000000e+00,0.000000000000000000e+00
2.084593915419652888e+01,0.000000000000000000e+00,0.000000000000000000e+00
2.070651154500477276e+01,0.000000000000000000e+00,0.000000000000000000e+00
1.996328365872360067e+01,0.000000000000000000e+00,0.000000000000000000e+00
2.187123439976608097e+01,0.000000000000000000e+00,0.000000000000000000e+00
1.917188153284567420e+01,0.000000000000000000e+00,0.000000000000000000e+00
1.821714828135189279e+01,0.000000000000000000e+00,0.000000000000000000e+00
1.596469712324512891e+01,0.000000000000000000e+00,0.000000000000000000e+00
2.215225950616036243e+01,0.000000000000000000e+00,0.000000000000000000e+00
2.253638024376658322e+01,0.000000000000000000e+00,0.000000000000000000e+00
2.025883063232214809e+01,0.000000000000000000e+00,0.000000000000000000e+00
1.707967076833394415e+01,0.000000000000000000e+00,0.000000000000000000e+00
1.942910375465386608e+01,0.000000000000000000e+00,0.000000000000000000e+00
1.964630481418614494e+01,0.000000000000000000e+00,0.000000000000000000e+00
1.577662643726419134e+01,0.000000000000000000e+00,0.000000000000000000e+00
1.730170688556151148e+01,0.000000000000000000e+00,0.000000000000000000e+00
2.069218179361642029e+01,0.000000000000000000e+00,0.000000000000000000e+00
1.958551916653572889e+01,0.000000000000000000e+00,0.000000000000000000e+00
2.218355587587839395e+01,0.000000000000000000e+00,0.000000000000000000e+00
2.162598417533857287e+01,0.000000000000000000e+00,0.000000000000000000e+00
1.914790158015158283e+01,0.000000000000000000e+00,0.000000000000000000e+00
1.959552124992338307e+01,0.000000000000000000e+00,0.000000000000000000e+00
1.865017542574683063e+01,0.000000000000000000e+00,0.000000000000000000e+00
2.132730221254035996e+01,0.000000000000000000e+00,0.000000000000000000e+00
2.096335248906832405e+01,0.000000000000000000e+00,0.000000000000000000e+00
2.088786276350154480e+01,0.000000000000000000e+00,0.000000000000000000e+00
1.993771075411423865e+01,0.000000000000000000e+00,0.000000000000000000e+00
2.027185874678546185e+01,0.000000000000000000e+00,0.000000000000000000e+00
1.723106570884725031e+01,0.000000000000000000e+00,0.000000000000000000e+00
1.954189294951425282e+01,0.000000000000000000e+00,0.000000000000000000e+00
1.753785747849990528e+01,0.000000000000000000e+00,0.000000000000000000e+00
1.904413789449793271e+01,0.000000000000000000e+00,0.000000000000000000e+00
2.282612689057480182e+01,0.000000000000000000e+00,0.000000000000000000e+00
2.072830104107422500e+01,0.000000000000000000e+00,0.000000000000000000e+00
2.198335930146953388e+01,0.000000000000000000e+00,0.000000000000000000e+00
2.224499440864538258e+01,0.000000000000000000e+00,0.000000000000000000e+00
1.739608470224721870e+01,0.000000000000000000e+00,0.000000000000000000e+00
1.910334757010527795e+01,0.000000000000000000e+00,0.000000000000000000e+00
2.110885236542145904e+01,0.000000000000000000e+00,0.000000000000000000e+00
1.709648669111534858e+01,0.000000000000000000e+00,0.000000000000000000e+00
2.130214476650234090e+01,0.000000000000000000e+00,0.000000000000000000e+00
1.982264933214064939e+01,0.000000000000000000e+00,0.000000000000000000e+00
1.887323528316649046e+01,0.000000000000000000e+00,0.000000000000000000e+00
1.943765363331718987e+01,0.000000000000000000e+00,0.000000000000000000e+00
1.850862337715197725e+01,0.000000000000000000e+00,0.000000000000000000e+00
2.288643033622916434e+01,0.000000000000000000e+00,0.000000000000000000e+00
1.974994648814018205e+01,0.000000000000000000e+00,0.000000000000000000e+00
1.768126637744908081e+01,0.000000000000000000e+00,0.000000000000000000e+00
1.846112354593326188e+01,0.000000000000000000e+00,0.000000000000000000e+00
2.308732228466553948e+01,0.000000000000000000e+00,0.000000000000000000e+00
1.936685380296218995e+01,0.000000000000000000e+00,0.000000000000000000e+00
2.117806253162252261e+01,0.000000000000000000e+00,0.000000000000000000e+00
1.926644838062500753e+01,0.000000000000000000e+00,0.000000000000000000e+00
1.582835991158908584e+01,0.000000000000000000e+00,0.000000000000000000e+00
2.272200631434305507e+01,0.000000000000000000e+00,0.000000000000000000e+00
2.081438893433911019e+01,0.000000000000000000e+00,0.000000000000000000e+00
1.789639855103983024e+01,0.000000000000000000e+00,0.000000000000000000e+00
2.032402553616297070e+01,0.000000000000000000e+00,0.000000000000000000e+00
1.873475597667887627e+01,0.000000000000000000e+00,0.000000000000000000e+00
2.017874286115443994e+01,0.000000000000000000e+00,0.000000000000000000e+00
2.284133391684843062e+01,0.000000000000000000e+00,0.000000000000000000e+00
1.954495169292629342e+01,0.000000000000000000e+00,0.000000000000000000e+00
2.363500010509579141e+01,0.000000000000000000e+00,0.000000000000000000e+00
2.068528701431555561e+01,0.000000000000000000e+00,0.000000000000000000e+00
2.115927654072791242e+01,0.000000000000000000e+00,0.000000000000000000e+00
1.788721610860757494e+01,0.000000000000000000e+00,0.000000000000000000e+00
2.045860501448264301e+01,0.000000000000000000e+00,0.000000000000000000e+00
1.890122983915529531e+01,0.000000000000000000e+00,0.000000000000000000e+00
1.965802614974413487e+01,0.000000000000000000e+00,0.000000000000000000e+00
1.626697360369750101e+01,0.000000000000000000e+00,0.000000000000000000e+00
1.878870806306469277e+01,0.000000000000000000e+00,0.000000000000000000e+00
2.270599834259169114e+01,0.000000000000000000e+00,0.000000000000000000e+00
1.975909338062882981e+01,0.000000000000000000e+00,0.000000000000000000e+00
1.939053527250925413e+01,0.000000000000000000e+00,0.000000000000000000e+00
1.863030676788617157e+01,0.000000000000000000e+00,0.000000000000000000e+00
1.995665441760743875e+01,0.000000000000000000e+00,0.000000000000000000e+00
1.975880389981166019e+01,0.000000000000000000e+00,0.000000000000000000e+00
2.279584462823971336e+01,0.000000000000000000e+00,0.000000000000000000e+00
1.838250302859010432e+01,0.000000000000000000e+00,0.000000000000000000e+00
2.072619328654375437e+01,0.000000000000000000e+00,0.000000000000000000e+00
1.825682385631052185e+01,0.000000000000000000e+00,0.000000000000000000e+00
2.166217181154024018e+01,0.000000000000000000e+00,0.000000000000000000e+00
1.917589935907330201e+01,0.000000000000000000e+00,0.000000000000000000e+00
2.128585223975184704e+01,0.000000000000000000e+00,0.000000000000000000e+00
1.864362862478241567e+01,0.000000000000000000e+00,0.000000000000000000e+00
2.047060377584712043e+01,0.000000000000000000e+00,0.000000000000000000e+00
1.563984658521503945e+01,0.000000000000000000e+00,0.000000000000000000e+00
1.878107608599544420e+01,0.000000000000000000e+00,0.000000000000000000e+00
2.185543922953051066e+01,0.000000000000000000e+00,0.000000000000000000e+00
2.066756205658144196e+01,0.000000000000000000e+00,0.000000000000000000e+00
2.243627928259241600e+01,0.000000000000000000e+00,0.000000000000000000e+00
1.841450685350648442e+01,0.000000000000000000e+00,0.000000000000000000e+00
2.023306936970406156e+01,0.000000000000000000e+00,0.000000000000000000e+00
2.141793639058308329e+01,0.000000000000000000e+00,0.000000000000000000e+00
2.226607741444026800e+01,0.000000000000000000e+00,0.000000000000000000e+00
2.045327801616634389e+01,0.000000000000000000e+00,0.000000000000000000e+00
1.884919728028395625e+01,0.000000000000000000e+00,0.000000000000000000e+00
1.999408813428518172e+01,0.000000000000000000e+00,0.000000000000000000e+00
2.140751325370454339e+01,0.000000000000000000e+00,0.000000000000000000e+00
2.239625334982859073e+01,0.000000000000000000e+00,0.000000000000000000e+00
2.124369963706823228e+01,0.000000000000000000e+00,0.000000000000000000e+00
1.937112819687639131e+01,0.000000000000000000e+00,0.000000000000000000e+00
2.255034083851082727e+01,0.000000000000000000e+00,0.000000000000000000e+00
2.458520785804499198e+01,0.000000000000000000e+00,0.000000000000000000e+00
2.067471370221897686e+01,0.000000000000000000e+00,0.000000000000000000e+00
2.006431211878287968e+01,0.000000000000000000e+00,0.000000000000000000e+00
2.243052677802500128e+01,0.000000000000000000e+00,0.000000000000000000e+00
2.167704608810913669e+01,0.000000000000000000e+00,0.000000000000000000e+00
2.279126072238458178e+01,0.000000000000000000e+00,0.000000000000000000e+00
1.738131121607958107e+01,0.000000000000000000e+00,0.000000000000000000e+00
2.161769191892785358e+01,0.000000000000000000e+00,0.000000000000000000e+00
2.007447278640279364e+01,0.000000000000000000e+00,0.000000000000000000e+00
2.331066074956067524e+01,0.000000000000000000e+00,0.000000000000000000e+00
1.827435979578350356e+01,0.000000000000000000e+00,0.000000000000000000e+00
1.595727189011961222e+01,0.000000000000000000e+00,0.000000000000000000e+00
2.078880538688542146e+01,0.000000000000000000e+00,0.000000000000000000e+00
2.262170415839750603e+01,0.000000000000000000e+00,0.000000000000000000e+00
2.233669298205147768e+01,0.000000000000000000e+00,0.000000000000000000e+00
2.200162532359006562e+01,0.000000000000000000e+00,0.000000000000000000e+00
2.129479718058682280e+01,0.000000000000000000e+00,0.000000000000000000e+00
2.151528827713032044e+01,0.000000000000000000e+00,0.000000000000000000e+00
2.286709678465248530e+01,0.000000000000000000e+00,0.000000000000000000e+00
2.082810059768942779e+01,0.000000000000000000e+00,0.000000000000000000e+00
2.285950259932613093e+01,0.000000000000000000e+00,0.000000000000000000e+00
1.856807167747849263e+01,0.000000000000000000e+00,0.000000000000000000e+00
1.734899079999304661e+01,0.000000000000000000e+00,0.000000000000000000e+00
2.358996070395260958e+01,0.000000000000000000e+00,0.000000000000000000e+00
2.100349783844913532e+01,0.000000000000000000e+00,0.000000000000000000e+00
2.102742907089970004e+01,0.000000000000000000e+00,0.000000000000000000e+00
1.985733466221375210e+01,0.000000000000000000e+00,0.000000000000000000e+00
2.107813354911768755e+01,0.000000000000000000e+00,0.000000000000000000e+00
2.335120331121876447e+01,0.000000000000000000e+00,0.000000000000000000e+00
2.338522343457663766e+01,0.000000000000000000e+00,0.000000000000000000e+00
1.755390253027016811e+01,0.000000000000000000e+00,0.000000000000000000e+00
2.008113840790209537e+01,0.000000000000000000e+00,0.000000000000000000e+00
2.187522658263485908e+01,0.000000000000000000e+00,0.000000000000000000e+00
2.292451056319506364e+01,0.000000000000000000e+00,0.000000000000000000e+00
1.845741832178330100e+01,0.000000000000000000e+00,0.000000000000000000e+00
2.163700931009228157e+01,0.000000000000000000e+00,0.000000000000000000e+00
1.919953611780070801e+01,0.000000000000000000e+00,0.000000000000000000e+00
2.193745871818919824e+01,0.000000000000000000e+00,0.000000000000000000e+00
1.929717202109013741e+01,0.000000000000000000e+00,0.000000000000000000e+00
2.432080327376877094e+01,0.000000000000000000e+00,0.000000000000000000e+00
2.015736630834203424e+01,0.000000000000000000e+00,0.000000000000000000e+00
2.333601691388746957e+01,0.000000000000000000e+00,0.000000000000000000e+00
2.073707860537742675e+01,0.000000000000000000e+00,0.000000000000000000e+00
2.242857367811168245e+01,0.000000000000000000e+00,0.000000000000000000e+00
2.073949964984768357e+01,0.000000000000000000e+00,0.000000000000000000e+00
2.059938874256775421e+01,0.000000000000000000e+00,0.000000000000000000e+00
2.341779861828298337e+01,0.000000000000000000e+00,0.000000000000000000e+00
2.525674785221839258e+01,0.000000000000000000e+00,0.000000000000000000e+00
1.914729010020679922e+01,0.000000000000000000e+00,0.000000000000000000e+00
2.496597397968353960e+01,0.000000000000000000e+00,0.000000000000000000e+00
2.243272326142371398e+01,0.000000000000000000e+00,0.000000000000000000e+00
2.039776859475100679e+01,0.000000000000000000e+00,0.000000000000000000e+00
1.963712847578529619e+01,0.000000000000000000e+00,0.000000000000000000e+00
2.497973066322803959e+01,0.000000000000000000e+00,0.000000000000000000e+00
1.955224260654211932e+01,0.000000000000000000e+00,0.000000000000000000e+00
2.093911673662337591e+01,0.000000000000000000e+00,0.000000000000000000e+00
2.003864897530749900e+01,0.000000000000000000e+00,0.000000000000000000e+00
2.594615629450628802e+01,0.000000000000000000e+00,0.000000000000000000e+00
2.238001161661351546e+01,0.000000000000000000e+00,0.000000000000000000e+00
2.464572500843907932e+01,0.000000000000000000e+00,0.000000000000000000e+00
2.240674392075837673e+01,0.000000000000000000e+00,0.000000000000000000e+00
2.048757139946875583e+01,0.000000000000000000e+00,0.000000000000000000e+00
1.827430013866561609e+01,0.000000000000000000e+00,0.000000000000000000e+00
2.448220414794013777e+01,0.000000000000000000e+00,0.000000000000000000e+00
2.344697818216023322e+01,0.000000000000000000e+00,0.000000000000000000e+00
2.467039381346702243e+01,0.000000000000000000e+00,0.000000000000000000e+00
2.323083999027783264e+01,0.000000000000000000e+00,0.000000000000000000e+00
2.505757457850675962e+01,0.000000000000000000e+00,0.000000000000000000e+00
2.377508331752284576e+01,0.000000000000000000e+00,0.000000000000000000e+00
2.551330207787867721e+01,0.000000000000000000e+00,0.000000000000000000e+00
2.392979833471507689e+01,0.000000000000000000e+00,0.000000000000000000e+00
2.344450385160515893e+01,0.000000000000000000e+00,0.000000000000000000e+00
1.980339332677281661e+01,0.000000000000000000e+00,0.000000000000000000e+00
2.778526997550635258e+01,0.000000000000000000e+00,0.000000000000000000e+00
2.390572268358770103e+01,0.000000000000000000e+00,0.000000000000000000e+00
2.503113318066557724e+01,0.000000000000000000e+00,0.000000000000000000e+00
2.326747599814583367e+01,0.000000000000000000e+00,0.000000000000000000e+00
2.314914948684431906e+01,0.000000000000000000e+00,0.000000000000000000e+00
2.243789248134253000e+01,0.000000000000000000e+00,0.000000000000000000e+00
2.266928535596411010e+01,0.000000000000000000e+00,0.000000000000000000e+00
2.433214485299767915e+01,0.000000000000000000e+00,0.000000000000000000e+00
2.164277098883587769e+01,0.000000000000000000e+00,0.000000000000000000e+00
2.190164473220916719e+01,0.000000000000000000e+00,0.000000000000000000e+00
2.140646989575080639e+01,0.000000000000000000e+00,0.000000000000000000e+00
2.081798143511942811e+01,0.000000000000000000e+00,0.000000000000000000e+00
2.441799531692591785e+01,0.000000000000000000e+00,0.000000000000000000e+00
2.294130299506628035e+01,0.000000000000000000e+00,0.000000000000000000e+00
2.271407899966280652e+01,0.000000000000000000e+00,0.000000000000000000e+00
2.204255964813724589e+01,0.000000000000000000e+00,0.000000000000000000e+00
2.667924746384363388e+01,0.000000000000000000e+00,0.000000000000000000e+00
2.331549192465775988e+01,0.000000000000000000e+00,0.000000000000000000e+00
2.653933417724340416e+01,0.000000000000000000e+00,0.000000000000000000e+00
2.332011981129620892e+01,0.000000000000000000e+00,0.000000000000000000e+00
2.362133908742084998e+01,0.000000000000000000e+00,0.000000000000000000e+00
2.237534454734840850e+01,0.000000000000000000e+00,0.000000000000000000e+00
2.884586509331386495e+01,0.000000000000000000e+00,0.000000000000000000e+00
2.469582829022752435e+01,0.000000000000000000e+00,0.000000000000000000e+00
2.597712801096840707e+01,0.000000000000000000e+00,0.000000000000000000e+00
2.502988590814636538e+01,0.000000000000000000e+00,0.000000000000000000e+00
2.407955486538142154e+01,0.000000000000000000e+00,0.000000000000000000e+00
2.431389162149522676e+01,0.000000000000000000e+00,0.000000000000000000e+00
2.450230199057638458e+01,0.000000000000000000e+00,0.000000000000000000e+00
2.296052570331308829e+01,0.000000000000000000e+00,0.000000000000000000e+00
2.608022237991198011e+01,0.000000000000000000e+00,0.000000000000000000e+00
2.213700879710305713e+01,0.000000000000000000e+00,0.000000000000000000e+00
2.387734601780753607e+01,0.000000000000000000e+00,0.000000000000000000e+00
2.059542561364008506e+01,0.000000000000000000e+00,0.000000000000000000e+00
2.284809105404356444e+01,0.000000000000000000e+00,0.000000000000000000e+00
2.306715599300014219e+01,0.000000000000000000e+00,0.000000000000000000e+00
2.720125278548300329e+01,0.000000000000000000e+00,0.000000000000000000e+00
2.376380037697961001e+01,0.000000000000000000e+00,0.000000000000000000e+00
2.425623583970932273e+01,0.000000000000000000e+00,0.000000000000000000e+00
2.508954748353705710e+01,0.000000000000000000e+00,0.000000000000000000e+00
2.262676677273935155e+01,0.000000000000000000e+00,0.000000000000000000e+00
2.569914336311869718e+01,0.000000000000000000e+00,0.000000000000000000e+00
2.203122273552430599e+01,0.000000000000000000e+00,0.000000000000000000e+00
2.382709471029027171e+01,0.000000000000000000e+00,0.000000000000000000e+00
2.081529972257896688e+01,0.000000000000000000e+00,0.000000000000000000e+00
2.300450201680889961e+01,0.000000000000000000e+00,0.000000000000000000e+00
2.569872447339980326e+01,0.000000000000000000e+00,0.000000000000000000e+00
2.510322982564698080e+01,0.000000000000000000e+00,0.000000000000000000e+00
2.134154349481875812e+01,0.000000000000000000e+00,0.000000000000000000e+00
2.552090230323377895e+01,0.000000000000000000e+00,0.000000000000000000e+00
2.240566636273330303e+01,0.000000000000000000e+00,0.000000000000000000e+00
2.401757486485507798e+01,0.000000000000000000e+00,0.000000000000000000e+00
2.347222991317816465e+01,0.000000000000000000e+00,0.000000000000000000e+00
2.518373924163331878e+01,0.000000000000000000e+00,0.000000000000000000e+00
2.483270506910024622e+01,0.000000000000000000e+00,0.000000000000000000e+00
2.462399202120534270e+01,0.000000000000000000e+00,0.000000000000000000e+00
2.338934166055906161e+01,0.000000000000000000e+00,0.000000000000000000e+00
2.200462094069526842e+01,0.000000000000000000e+00,0.000000000000000000e+00
2.424878813352545848e+01,0.000000000000000000e+00,0.000000000000000000e+00
2.709068617951178837e+01,0.000000000000000000e+00,0.000000000000000000e+00
2.738750637546341338e+01,0.000000000000000000e+00,0.000000000000000000e+00
2.905404042479942817e+01,0.000000000000000000e+00,0.000000000000000000e+00
2.637314722127599254e+01,0.000000000000000000e+00,0.000000000000000000e+00
2.494124558665690117e+01,0.000000000000000000e+00,0.000000000000000000e+00
2.356580168681240295e+01,0.000000000000000000e+00,0.000000000000000000e+00
2.748592350733082057e+01,0.000000000000000000e+00,0.000000000000000000e+00
2.730424327334907275e+01,0.000000000000000000e+00,0.000000000000000000e+00
2.422061353918290294e+01,0.000000000000000000e+00,0.000000000000000000e+00
2.539069952922751128e+01,0.000000000000000000e+00,0.000000000000000000e+00
2.757964465931945952e+01,0.000000000000000000e+00,0.000000000000000000e+00
2.924095927530439454e+01,0.000000000000000000e+00,0.000000000000000000e+00
2.404815923041588732e+01,0.000000000000000000e+00,0.000000000000000000e+00
2.808638735377009965e+01,0.000000000000000000e+00,0.000000000000000000e+00
2.608070024788379726e+01,0.000000000000000000e+00,0.000000000000000000e+00
2.304370479781860226e+01,0.000000000000000000e+00,0.000000000000000000e+00
2.342978646136017318e+01,0.000000000000000000e+00,0.000000000000000000e+00
2.667564672887287003e+01,0.000000000000000000e+00,0.000000000000000000e+00
2.703021123239030743e+01,0.000000000000000000e+00,0.000000000000000000e+00
2.645075319026690863e+01,0.000000000000000000e+00,0.000000000000000000e+00
2.671459631207948959e+01,0.000000000000000000e+00,0.000000000000000000e+00
2.922961813943096487e+01,0.000000000000000000e+00,0.000000000000000000e+00
2.815356168371857493e+01,0.000000000000000000e+00,0.000000000000000000e+00
2.694953276641535211e+01,0.000000000000000000e+00,0.000000000000000000e+00
2.936316945052936589e+01,0.000000000000000000e+00,0.000000000000000000e+00
2.721378154503433677e+01,0.000000000000000000e+00,0.000000000000000000e+00
2.447729409155316560e+01,0.000000000000000000e+00,0.000000000000000000e+00
2.859348123336781100e+01,0.000000000000000000e+00,0.000000000000000000e+00
2.783880647089426574e+01,0.000000000000000000e+00,0.000000000000000000e+00
2.560372327487182176e+01,0.000000000000000000e+00,0.000000000000000000e+00
2.779405219951940964e+01,0.000000000000000000e+00,0.000000000000000000e+00
2.402634556741532634e+01,0.000000000000000000e+00,0.000000000000000000e+00
2.411649424281213072e+01,0.000000000000000000e+00,0.000000000000000000e+00
2.809436960634661773e+01,0.000000000000000000e+00,0.000000000000000000e+00
2.775311564006282694e+01,0.000000000000000000e+00,0.000000000000000000e+00
2.600362476711270787e+01,0.000000000000000000e+00,0.000000000000000000e+00
3.031858748807652404e+01,0.000000000000000000e+00,0.000000000000000000e+00
2.972561642272578553e+01,0.000000000000000000e+00,0.000000000000000000e+00
2.761823675736217254e+01,0.000000000000000000e+00,0.000000000000000000e+00
2.604842154082373540e+01,0.000000000000000000e+00,0.000000000000000000e+00
2.565842581262292654e+01,0.000000000000000000e+00,0.000000000000000000e+00
2.364504882582831868e+01,0.000000000000000000e+00,0.000000000000000000e+00
2.982581160210031257e+01,0.000000000000000000e+00,0.000000000000000000e+00
2.787110497901942097e+01,0.000000000000000000e+00,0.000000000000000000e+00
2.453390185923921152e+01,0.000000000000000000e+00,0.000000000000000000e+00
2.876389069293174927e+01,0.000000000000000000e+00,0.000000000000000000e+00
2.465810545562015221e+01,0.000000000000000000e+00,0.000000000000000000e+00
2.870290954966100117e+01,0.000000000000000000e+00,0.000000000000000000e+00
2.740857168333451455e+01,0.000000000000000000e+00,0.000000000000000000e+00
2.932083695134325296e+01,0.000000000000000000e+00,0.000000000000000000e+00
2.800906402615958157e+01,0.000000000000000000e+00,0.000000000000000000e+00
2.886739482901700882e+01,0.000000000000000000e+00,0.000000000000000000e+00
2.845986502454246292e+01,0.000000000000000000e+00,0.000000000000000000e+00
2.632955464304167137e+01,0.000000000000000000e+00,0.000000000000000000e+00
2.771070637977637219e+01,0.000000000000000000e+00,0.000000000000000000e+00
2.439764667034651424e+01,0.000000000000000000e+00,0.000000000000000000e+00
3.344456225096725888e+01,0.000000000000000000e+00,0.000000000000000000e+00
2.502196120964686088e+01,0.000000000000000000e+00,0.000000000000000000e+00
3.261180676598678474e+01,0.000000000000000000e+00,0.000000000000000000e+00
3.122375115890919517e+01,0.000000000000000000e+00,0.000000000000000000e+00
2.773788407089778474e+01,0.000000000000000000e+00,0.000000000000000000e+00
2.507452400989601671e+01,0.000000000000000000e+00,0.000000000000000000e+00
3.100182088235212774e+01,0.000000000000000000e+00,0.000000000000000000e+00
2.851368741720105859e+01,0.000000000000000000e+00,0.000000000000000000e+00
2.819335881570430757e+01,0.000000000000000000e+00,0.000000000000000000e+00
2.902666220154660337e+01,0.000000000000000000e+00,0.000000000000000000e+00
2.878310278339447592e+01,0.000000000000000000e+00,0.000000000000000000e+00
2.757664820224648849e+01,0.000000000000000000e+00,0.000000000000000000e+00
2.809262059281957491e+01,0.000000000000000000e+00,0.000000000000000000e+00
2.987491463998277297e+01,0.000000000000000000e+00,0.000000000000000000e+00
3.434880736349028041e+01,0.000000000000000000e+00,0.000000000000000000e+00
3.093810590840273633e+01,0.000000000000000000e+00,0.000000000000000000e+00
3.115676080143800419e+01,0.000000000000000000e+00,0.000000000000000000e+00
2.822920791911905525e+01,0.000000000000000000e+00,0.000000000000000000e+00
2.905524579203316193e+01,0.000000000000000000e+00,0.000000000000000000e+00
2.730819537923418849e+01,0.000000000000000000e+00,0.000000000000000000e+00
3.360967839155929227e+01,0.000000000000000000e+00,0.000000000000000000e+00
3.007289970397835432e+01,0.000000000000000000e+00,0.000000000000000000e+00
3.180018383898466894e+01,0.000000000000000000e+00,0.000000000000000000e+00
3.239986675883697131e+01,0.000000000000000000e+00,0.000000000000000000e+00
2.745195672957062882e+01,0.000000000000000000e+00,0.000000000000000000e+00
3.108388840529580222e+01,0.000000000000000000e+00,0.000000000000000000e+00
3.090285909666951980e+01,0.000000000000000000e+00,0.000000000000000000e+00
2.885123887474103199e+01,0.000000000000000000e+00,0.000000000000000000e+00
2.981623675091367787e+01,0.000000000000000000e+00,0.000000000000000000e+00
2.905511305052847604e+01,0.000000000000000000e+00,0.000000000000000000e+00
2.907543634405557853e+01,0.000000000000000000e+00,0.000000000000000000e+00
2.546438116878917413e+01,0.000000000000000000e+00,0.000000000000000000e+00
3.288348512708985538e+01,0.000000000000000000e+00,0.000000000000000000e+00
3.229496030786304317e+01,0.000000000000000000e+00,0.000000000000000000e+00
3.011678363356181976e+01,0.000000000000000000e+00,0.000000000000000000e+00
3.005739994542312843e+01,0.000000000000000000e+00,0.000000000000000000e+00
3.169289994378834407e+01,0.000000000000000000e+00,0.000000000000000000e+00
3.092275042292289555e+01,0.000000000000000000e+00,0.000000000000000000e+00
2.994044088578048957e+01,0.000000000000000000e+00,0.000000000000000000e+00
2.924960789915380843e+01,0.000000000000000000e+00,0.000000000000000000e+00
2.992000657295997357e+01,0.000000000000000000e+00,0.000000000000000000e+00
3.265334772521595852e+01,0.000000000000000000e+00,0.000000000000000000e+00
3.014647909461147890e+01,0.000000000000000000e+00,0.000000000000000000e+00
2.885357039732614837e+01,0.000000000000000000e+00,0.000000000000000000e+00
3.119617747063418278e+01,0.000000000000000000e+00,0.000000000000000000e+00
3.313026881633682308e+01,0.000000000000000000e+00,0.000000000000000000e+00
3.219166644813968503e+01,0.000000000000000000e+00,0.000000000000000000e+00
3.180416505911054870e+01,0.000000000000000000e+00,0.000000000000000000e+00
2.741152607792444940e+01,0.000000000000000000e+00,0.000000000000000000e+00
2.938904932163488226e+01,0.000000000000000000e+00,0.000000000000000000e+00
3.317298846891265640e+01,0.000000000000000000e+00,0.000000000000000000e+00
3.202149819445021706e+01,0.000000000000000000e+00,0.000000000000000000e+00
3.026095781465691559e+01,0.000000000000000000e+00,0.000000000000000000e+00
2.855832895461433196e+01,0.000000000000000000e+00,0.000000000000000000e+00
3.116793577656398284e+01,0.000000000000000000e+00,0.000000000000000000e+00
3.276945475137152641e+01,0.000000000000000000e+00,0.000000000000000000e+00
3.028438979095903960e+01,0.000000000000000000e+00,0.000000000000000000e+00
3.200057539842642029e+01,0.000000000000000000e+00,0.000000000000000000e+00
3.341356251655438570e+01,0.000000000000000000e+00,0.000000000000000000e+00
3.281344332091321547e+01,0.000000000000000000e+00,0.000000000000000000e+00
3.363287983979531504e+01,0.000000000000000000e+00,0.000000000000000000e+00
3.111680501849613023e+01,0.000000000000000000e+00,0.000000000000000000e+00
3.067100365884295954e+01,0.000000000000000000e+00,0.000000000000000000e+00
3.687783523359284743e+01,0.000000000000000000e+00,0.000000000000000000e+00
3.643388521199229046e+01,0.000000000000000000e+00,0.000000000000000000e+00
3.240464895118884670e+01,0.000000000000000000e+00,0.000000000000000000e+00
2.868045622651223425e+01,0.000000000000000000e+00,0.000000000000000000e+00
3.212641817902953534e+01,0.000000000000000000e+00,0.000000000000000000e+00
2.960449506644775752e+01,0.000000000000000000e+00,0.000000000000000000e+00
3.127153296228366486e+01,0.000000000000000000e+00,0.000000000000000000e+00
3.350162293546610925e+01,0.000000000000000000e+00,0.000000000000000000e+00
3.017943443245376756e+01,0.000000000000000000e+00,0.000000000000000000e+00
3.526738404920794778e+01,0.000000000000000000e+00,0.000000000000000000e+00
3.274004236379330024e+01,0.000000000000000000e+00,0.000000000000000000e+00
3.302704046129322535e+01,0.000000000000000000e+00,0.000000000000000000e+00
3.452905351766278130e+01,0.000000000000000000e+00,0.000000000000000000e+00
3.288339789165406302e+01,0.000000000000000000e+00,0.000000000000000000e+00
3.266957990286667268e+01,0.000000000000000000e+00,0.000000000000000000e+00
3.351027258034258693e+01,0.000000000000000000e+00,0.000000000000000000e+00
3.340397914668172774e+01,0.000000000000000000e+00,0.000000000000000000e+00
3.411708807248479758e+01,0.000000000000000000e+00,0.000000000000000000e+00
3.437365701049872513e+01,0.000000000000000000e+00,0.000000000000000000e+00
3.017897243361108295e+01,0.000000000000000000e+00,0.000000000000000000e+00
3.086296139822140816e+01,0.000000000000000000e+00,0.000000000000000000e+00
3.563085554276906919e+01,0.000000000000000000e+00,0.000000000000000000e+00
3.209383878018706326e+01,0.000000000000000000e+00,0.000000000000000000e+00
2.930396665829402991e+01,0.000000000000000000e+00,0.000000000000000000e+00
3.351039300393711784e+01,0.000000000000000000e+00,0.000000000000000000e+00
3.201681154748684577e+01,0.000000000000000000e+00,0.000000000000000000e+00
3.448916375554212976e+01,0.000000000000000000e+00,0.000000000000000000e+00
3.285214709417659407e+01,0.000000000000000000e+00,0.000000000000000000e+00
3.268929874181048234e+01,0.000000000000000000e+00,0.000000000000000000e+00
3.479507904733963386e+01,0.000000000000000000e+00,0.000000000000000000e+00
3.777967164222281582e+01,0.000000000000000000e+00,0.000000000000000000e+00
3.494683185806866277e+01,0.000000000000000000e+00,0.000000000000000000e+00
3.494228704106810568e+01,0.000000000000000000e+00,0.000000000000000000e+00
2.865222333456534187e+01,0.000000000000000000e+00,0.000000000000000000e+00
3.385394930110214773e+01,0.000000000000000000e+00,0.000000000000000000e+00
3.535681581558154818e+01,0.000000000000000000e+00,0.000000000000000000e+00
3.410778618147433860e+01,0.000000000000000000e+00,0.000000000000000000e+00
3.529908795140146083e+01,0.000000000000000000e+00,0.000000000000000000e+00
3.719780466612601089e+01,0.000000000000000000e+00,0.000000000000000000e+00
3.180209713168039798e+01,0.000000000000000000e+00,0.000000000000000000e+00
3.329149246030507925e+01,0.000000000000000000e+00,0.000000000000000000e+00
3.530163511114206898e+01,0.000000000000000000e+00,0.000000000000000000e+00
3.400636234495508603e+01,0.000000000000000000e+00,0.000000000000000000e+00
3.275198225469077329e+01,0.000000000000000000e+00,0.000000000000000000e+00
3.400380475807581604e+01,0.000000000000000000e+00,0.000000000000000000e+00
3.387650465379709175e+01,0.000000000000000000e+00,0.000000000000000000e+00
3.318666257046224644e+01,0.000000000000000000e+00,0.000000000000000000e+00
3.522934962364271883e+01,0.000000000000000000e+00,0.000000000000000000e+00
3.695544691061003562e+01,0.000000000000000000e+00,0.000000000000000000e+00
3.794631246478465414e+01,0.000000000000000000e+00,0.000000000000000000e+00
3.866607213827946055e+01,0.000000000000000000e+00,0.000000000000000000e+00
3.591428010424380801e+01,0.000000000000000000e+00,0.000000000000000000e+00
4.039199362222753109e+01,0.000000000000000000e+00,0.000000000000000000e+00
3.690578110106847731e+01,0.000000000000000000e+00,0.000000000000000000e+00
3.437531932151281922e+01,0.000000000000000000e+00,0.000000000000000000e+00
3.713063203157721404e+01,0.000000000000000000e+00,0.000000000000000000e+00
3.487380535942772042e+01,0.000000000000000000e+00,0.000000000000000000e+00
3.565051144993797294e+01,0.000000000000000000e+00,0.000000000000000000e+00
3.562671371645226515e+01,0.000000000000000000e+00,0.000000000000000000e+00
3.602794294483731363e+01,0.000000000000000000e+00,0.000000000000000000e+00
3.692668651944803315e+01,0.000000000000000000e+00,0.000000000000000000e+00
3.828148308363790875e+01,0.000000000000000000e+00,0.000000000000000000e+00
3.696774621386491333e+01,0.000000000000000000e+00,0.000000000000000000e+00
3.470535889690327735e+01,0.000000000000000000e+00,0.000000000000000000e+00
3.770544015874848043e+01,0.000000000000000000e+00,0.000000000000000000e+00
4.005448232840782907e+01,0.000000000000000000e+00,0.000000000000000000e+00
3.947884638027913695e+01,0.000000000000000000e+00,0.000000000000000000e+00
3.720247792441135459e+01,0.000000000000000000e+00,0.000000000000000000e+00
3.874939305590802263e+01,0.000000000000000000e+00,0.000000000000000000e+00
3.594140007197304243e+01,0.000000000000000000e+00,0.000000000000000000e+00
3.627993909230269054e+01,0.000000000000000000e+00,0.000000000000000000e+00
3.781570675359566991e+01,0.000000000000000000e+00,0.000000000000000000e+00
4.026272379240268862e+01,0.000000000000000000e+00,0.000000000000000000e+00
3.668953403516390210e+01,0.000000000000000000e+00,0.000000000000000000e+00
3.383369937007536521e+01,0.000000000000000000e+00,0.000000000000000000e+00
3.993368869114281949e+01,0.000000000000000000e+00,0.000000000000000000e+00
3.563388618797291940e+01,0.000000000000000000e+00,0.000000000000000000e+00
4.043003250949058724e+01,0.000000000000000000e+00,0.000000000000000000e+00
3.650349856351887468e+01,0.000000000000000000e+00,0.000000000000000000e+00
4.161097893533011671e+01,0.000000000000000000e+00,0.000000000000000000e+00
3.552970560459120719e+01,0.000000000000000000e+00,0.000000000000000000e+00
3.824290453337297890e+01,0.000000000000000000e+00,0.000000000000000000e+00
4.445120359880223049e+01,0.000000000000000000e+00,0.000000000000000000e+00
3.548903655167808324e+01,0.000000000000000000e+00,0.000000000000000000e+00
4.022994011620608745e+01,0.000000000000000000e+00,0.000000000000000000e+00
3.611567346811660428e+01,0.000000000000000000e+00,0.000000000000000000e+00
3.385658594207235694e+01,0.000000000000000000e+00,0.000000000000000000e+00
3.921026853877358320e+01,0.000000000000000000e+00,0.000000000000000000e+00
3.517456881813939873e+01,0.000000000000000000e+00,0.000000000000000000e+00
3.857163337856302832e+01,0.000000000000000000e+00,0.000000000000000000e+00
3.540843561393324990e+01,0.000000000000000000e+00,0.000000000000000000e+00
4.031016396318621986e+01,0.000000000000000000e+00,0.000000000000000000e+00
3.704303636627040675e+01,0.000000000000000000e+00,0.000000000000000000e+00
3.845671811460868383e+01,0.000000000000000000e+00,0.000000000000000000e+00
3.842197886025503806e+01,0.000000000000000000e+00,0.000000000000000000e+00
3.857216259921851531e+01,0.000000000000000000e+00,0.000000000000000000e+00
3.792318358196444450e+01,0.000000000000000000e+00,0.000000000000000000e+00
3.760901744364533528e+01,0.000000000000000000e+00,0.000000000000000000e+00
4.491545243912641183e+01,0.000000000000000000e+00,0.000000000000000000e+00
4.030675043089667753e+01,0.000000000000000000e+00,0.000000000000000000e+00
4.045496973443871269e+01,0.000000000000000000e+00,0.000000000000000000e+00
4.056757330518803428e+01,0.000000000000000000e+00,0.000000000000000000e+00
4.003178824271013525e+01,0.000000000000000000e+00,0.000000000000000000e+00
4.156423762220381235e+01,0.000000000000000000e+00,0.000000000000000000e+00
3.611806085622613693e+01,0.000000000000000000e+00,0.000000000000000000e+00
3.762103395582069254e+01,0.000000000000000000e+00,0.000000000000000000e+00
4.103702228996701251e+01,0.000000000000000000e+00,0.000000000000000000e+00
3.861665266667283447e+01,0.000000000000000000e+00,0.000000000000000000e+00
4.081143096619499033e+01,0.000000000000000000e+00,0.000000000000000000e+00
3.894233907173070008e+01,0.000000000000000000e+00,0.000000000000000000e+00
3.877679564595557338e+01,0.000000000000000000e+00,0.000000000000000000e+00
4.478881382143784151e+01,0.000000000000000000e+00,0.000000000000000000e+00
3.693044000086475620e+01,0.000000000000000000e+00,0.000000000000000000e+00
4.180598750877876313e+01,0.000000000000000000e+00,0.000000000000000000e+00
4.124940546200438973e+01,0.000000000000000000e+00,0.000000000000000000e+00
3.845596961305349026e+01,0.000000000000000000e+00,0.000000000000000000e+00
3.918617924470655822e+01,0.000000000000000000e+00,0.000000000000000000e+00
3.477902166830239139e+01,0.000000000000000000e+00,0.000000000000000000e+00
3.923081716518290563e+01,0.000000000000000000e+00,0.000000000000000000e+00
4.070057082891350575e+01,0.000000000000000000e+00,0.000000000000000000e+00
4.015034406635940911e+01,0.000000000000000000e+00,0.000000000000000000e+00
4.267083415342661823e+01,0.000000000000000000e+00,0.000000000000000000e+00
3.983037312267640573e+01,0.000000000000000000e+00,0.000000000000000000e+00
4.016007559964355522e+01,0.000000000000000000e+00,0.000000000000000000e+00
4.141717133073700552e+01,0.000000000000000000e+00,0.000000000000000000e+00
4.026912503583736935e+01,0.000000000000000000e+00,0.000000000000000000e+00
4.204768294825862540e+01,0.000000000000000000e+00,0.000000000000000000e+00
3.961762236994445630e+01,0.000000000000000000e+00,0.000000000000000000e+00
4.116220019706779709e+01,0.000000000000000000e+00,0.000000000000000000e+00
4.331572035195975445e+01,0.000000000000000000e+00,0.000000000000000000e+00
4.152514301564476540e+01,0.000000000000000000e+00,0.000000000000000000e+00
3.889772635468166584e+01,0.000000000000000000e+00,0.000000000000000000e+00
4.058324695412374439e+01,0.000000000000000000e+00,0.000000000000000000e+00
4.072560259952759054e+01,0.000000000000000000e+00,0.000000000000000000e+00
4.184771841157898820e+01,0.000000000000000000e+00,0.000000000000000000e+00
4.190044117502587540e+01,0.000000000000000000e+00,0.000000000000000000e+00
4.056292038789709409e+01,0.000000000000000000e+00,0.000000000000000000e+00
4.163480250975588604e+01,0.000000000000000000e+00,0.000000000000000000e+00
4.021495702692686791e+01,0.000000000000000000e+00,0.000000000000000000e+00
4.111033383333517577e+01,0.000000000000000000e+00,0.000000000000000000e+00
4.445828651217470195e+01,0.000000000000000000e+00,0.000000000000000000e+00
4.240891072153593910e+01,0.000000000000000000e+00,0.000000000000000000e+00
4.146122933911095743e+01,0.000000000000000000e+00,0.000000000000000000e+00
4.071718711572080451e+01,0.000000000000000000e+00,0.000000000000000000e+00
4.156782756255942957e+01,0.000000000000000000e+00,0.000000000000000000e+00
4.117236437593054177e+01,0.000000000000000000e+00,0.000000000000000000e+00
4.234015661239042316e+01,0.000000000000000000e+00,0.000000000000000000e+00
4.211826996691168290e+01,0.000000000000000000e+00,0.000000000000000000e+00
4.461415337478150889e+01,0.000000000000000000e+00,0.000000000000000000e+00
4.492125508765090558e+01,0.000000000000000000e+00,0.000000000000000000e+00
4.415205238359313711e+01,0.000000000000000000e+00,0.000000000000000000e+00
4.414699057782937075e+01,0.000000000000000000e+00,0.000000000000000000e+00
4.686653388616917226e+01,0.000000000000000000e+00,0.000000000000000000e+00
4.467183486914255752e+01,0.000000000000000000e+00,0.000000000000000000e+00
4.366510113001503157e+01,0.000000000000000000e+00,0.000000000000000000e+00
4.299121405976119803e+01,0.000000000000000000e+00,0.000000000000000000e+00
4.615196960807861615e+01,0.000000000000000000e+00,0.000000000000000000e+00
4.096008831932792305e+01,0.000000000000000000e+00,0.000000000000000000e+00
4.510498069503563556e+01,0.000000000000000000e+00,0.000000000000000000e+00
4.573820206322926651e+01,0.000000000000000000e+00,0.000000000000000000e+00
4.343447469999217958e+01,0.000000000000000000e+00,0.000000000000000000e+00
4.315563122250070904e+01,0.000000000000000000e+00,0.000000000000000000e+00
4.468529797705170381e+01,0.000000000000000000e+00,0.000000000000000000e+00
4.276421558933339639e+01,0.000000000000000000e+00,0.000000000000000000e+00
4.845445861983476021e+01,0.000000000000000000e+00,0.000000000000000000e+00
4.370073697361092968e+01,0.000000000000000000e+00,0.000000000000000000e+00
4.442330639217126986e+01,0.000000000000000000e+00,0.000000000000000000e+00
4.543428389544661172e+01,0.000000000000000000e+00,0.000000000000000000e+00
4.672944943822476915e+01,0.000000000000000000e+00,0.000000000000000000e+00
4.699331232557545945e+01,0.000000000000000000e+00,0.000000000000000000e+00
4.598159415500839486e+01,0.000000000000000000e+00,0.000000000000000000e+00
4.512703315797068626e+01,0.000000000000000000e+00,0.000000000000000000e+00
4.462201187140812664e+01,0.000000000000000000e+00,0.000000000000000000e+00
4.243403610283130689e+01,0.000000000000000000e+00,0.000000000000000000e+00
4.638496597535117161e+01,0.000000000000000000e+00,0.000000000000000000e+00
4.757778006565852991e+01,0.000000000000000000e+00,0.000000000000000000e+00
4.816028627648402249e+01,0.000000000000000000e+00,0.000000000000000000e+00
4.587104305841786100e+01,0.000000000000000000e+00,0.000000000000000000e+00
3.959647104878892065e+01,0.000000000000000000e+00,0.000000000000000000e+00
4.538937907221952628e+01,0.000000000000000000e+00,0.000000000000000000e+00
4.577318076957998727e+01,0.000000000000000000e+00,0.000000000000000000e+00
4.754579463874429024e+01,0.000000000000000000e+00,0.000000000000000000e+00
4.621075067436379413e+01,0.000000000000000000e+00,0.000000000000000000e+00
4.789370254911258940e+01,0.000000000000000000e+00,0.000000000000000000e+00
4.578045557065598103e+01,0.000000000000000000e+00,0.000000000000000000e+00
4.677284018888740036e+01,0.000000000000000000e+00,0.000000000000000000e+00
4.531298189206327720e+01,0.000000000000000000e+00,0.000000000000000000e+00
4.280883080964008514e+01,0.000000000000000000e+00,0.000000000000000000e+00
4.681353205105686754e+01,0.000000000000000000e+00,0.000000000000000000e+00
4.641889715597400112e+01,0.000000000000000000e+00,0.000000000000000000e+00
4.756751280076429111e+01,0.000000000000000000e+00,0.000000000000000000e+00
4.404922306489524431e+01,0.000000000000000000e+00,0.000000000000000000e+00
4.912136221956736648e+01,0.000000000000000000e+00,0.000000000000000000e+00
4.531498182755342441e+01,0.000000000000000000e+00,0.000000000000000000e+00
4.569047147683999555e+01,0.000000000000000000e+00,0.000000000000000000e+00
4.589003824350138672e+01,0.000000000000000000e+00,0.000000000000000000e+00
4.555451874948705893e+01,0.000000000000000000e+00,0.000000000000000000e+00
4.547283934795025573e+01,0.000000000000000000e+00,0.000000000000000000e+00
4.375989752362756491e+01,0.000000000000000000e+00,0.000000000000000000e+00
4.473192761435427656e+01,0.000000000000000000e+00,0.000000000000000000e+00
5.103398547809674568e+01,0.000000000000000000e+00,0.000000000000000000e+00
4.516929414091548267e+01,0.000000000000000000e+00,0.000000000000000000e+00
4.744950743293392748e+01,0.000000000000000000e+00,0.000000000000000000e+00
5.001086681507177900e+01,0.000000000000000000e+00,0.000000000000000000e+00
4.805776729516633594e+01,0.000000000000000000e+00,0.000000000000000000e+00
4.557162845149899510e+01,0.000000000000000000e+00,0.000000000000000000e+00
4.775875082009009276e+01,0.000000000000000000e+00,0.000000000000000000e+00
4.283614502686488379e+01,0.000000000000000000e+00,0.000000000000000000e+00
4.931560083694054697e+01,0.000000000000000000e+00,0.000000000000000000e+00
4.556973393431808717e+01,0.000000000000000000e+00,0.000000000000000000e+00
4.910861910496790728e+01,0.000000000000000000e+00,0.000000000000000000e+00
4.809147992050917253e+01,0.000000000000000000e+00,0.000000000000000000e+00
4.568604724563703456e+01,0.000000000000000000e+00,0.000000000000000000e+00
5.039516664977126936e+01,0.000000000000000000e+00,0.000000000000000000e+00
4.914071544184402995e+01,0.000000000000000000e+00,0.000000000000000000e+00
4.776862150882843139e+01,0.000000000000000000e+00,0.000000000000000000e+00
4.638535832748991083e+01,0.000000000000000000e+00,0.000000000000000000e+00
4.942725552741869421e+01,0.000000000000000000e+00,0.000000000000000000e+00
5.056200452403822965e+01,0.000000000000000000e+00,0.000000000000000000e+00
4.775144114343136437e+01,0.000000000000000000e+00,0.000000000000000000e+00
4.470208620854693748e+01,0.000000000000000000e+00,0.000000000000000000e+00
4.985146587835562570e+01,0.000000000000000000e+00,0.000000000000000000e+00
5.001878991642423244e+01,0.000000000000000000e+00,0.000000000000000000e+00
4.709370806757250705e+01,0.000000000000000000e+00,0.000000000000000000e+00
4.835637922369274833e+01,0.000000000000000000e+00,0.000000000000000000e+00
4.779696357610002622e+01,0.000000000000000000e+00,0.000000000000000000e+00
4.923414984495129687e+01,0.000000000000000000e+00,0.000000000000000000e+00
4.886597698457369177e+01,0.000000000000000000e+00,0.000000000000000000e+00
5.092859789816795058e+01,0.000000000000000000e+00,0.000000000000000000e+00
5.069592571724060548e+01,0.000000000000000000e+00,0.000000000000000000e+00
5.081317221161267383e+01,0.000000000000000000e+00,0.000000000000000000e+00
5.058396129209177872e+01,0.000000000000000000e+00,0.000000000000000000e+00
5.218952295498613836e+01,0.000000000000000000e+00,0.000000000000000000e+00
5.389971669203229965e+01,0.000000000000000000e+00,0.000000000000000000e+00
5.013302859819951607e+01,0.000000000000000000e+00,0.000000000000000000e+00
