value,error,error_size
1.905452214569394442e+01,0.000000000000000000e+00,0.000000000000000000e+00
1.663340647429073371e+01,0.000000000000000000e+00,0.000000000000000000e+00
1.745300033569088782e+01,0.000000000000000000e+00,0.000000000000000000e+00
1.774091776396703679e+01,0.000000000000000000e+00,0.000000000000000000e+00
1.870824460816147194e+01,0.000000000000000000e+00,0.000000000000000000e+00
2.240723422047391011e+01,0.000000000000000000e+00,0.000000000000000000e+00
2.130281164563140095e+01,0.000000000000000000e+00,0.000000000000000000e+00
2.007301232024843429e+01,0.000000000000000000e+00,0.000000000000000000e+00
1.638295900914473435e+01,0.000000000000000000e+00,0.000000000000000000e+00
2.043677097279589105e+01,0.000000000000000000e+00,0.000000000000000000e+00
1.905169619796570402e+01,0.000000000000000000e+00,0.000000000000000000e+00
2.064281261517455945e+01,0.000000000000000000e+00,0.000000000000000000e+00
2.214644978912573947e+01,0.000000000000000000e+00,0.000000000000000000e+00
1.948938199621484202e+01,0.000000000000000000e+00,0.000000000000000000e+00
2.152384860948804501e+01,0.000000000000000000e+00,0.000000000000000000e+00
1.887499220077737760e+01,0.000000000000000000e+00,0.000000000000000000e+00
1.887568306832061538e+01,0.000000000000000000e+00,0.000000000000000000e+00
2.261860311610523055e+01,0.000000000000000000e+00,0.000000000000000000e+00
1.722558541865404180e+01,0.000000000000000000e+00,0.000000000000000000e+00
2.033029498565726101e+01,0.000000000000000000e+00,0.000000000000000000e+00
2.040961246561548492e+01,0.000000000000000000e+00,0.000000000000000000e+00
2.020223904241466428e+01,0.000000000000000000e+00,0.000000000000000000e+00
1.859816032123223195e+01,0.000000000000000000e+00,0.000000000000000000e+00
1.705751897046677001e+01,0.000000000000000000e+00,0.000000000000000000e+00
1.716000128220114007e+01,0.000000000000000000e+00,0.000000000000000000e+00
1.973917956114930305e+01,0.000000000000000000e+00,0.000000000000000000e+00
1.974324770390560602e+01,0.000000000000000000e+00,0.000000000000000000e+00
2.045501918700270139e+01,0.000000000000000000e+00,0.000000000000000000e+00
2.290610018552428784e+01,0.000000000000000000e+00,0.000000000000000000e+00
2.183206265384179900e+01,0.000000000000000000e+00,0.000000000000000000e+00
1.895768353535694573e+01,0.000000000000000000e+00,0.000000000000000000e+00
1.913408724241430292e+01,0.000000000000000000e+00,0.000000000000000000e+00
2.033906245208278563e+01,0.000000000000000000e+00,0.000000000000000000e+00
2.023103549224376252e+01,0.000000000000000000e+00,0.000000000000000000e+00
1.926410131267369152e+01,0.000000000000000000e+00,0.000000000000000000e+00
2.163958193262096330e+01,0.000000000000000000e+00,0.000000000000000000e+00
2.123551362406881537e+01,0.000000000000000000e+00,0.000000000000000000e+00
1.826514410851197567e+01,0.000000000000000000e+00,0.000000000000000000e+00
1.983437232641669112e+01,0.000000000000000000e+00,0.000000000000000000e+00
1.727210126540962776e+01,0.000000000000000000e+00,0.000000000000000000e+00
2.046381460714189870e+01,0.000000000000000000e+00,0.000000000000000000e+00
1.897159114244020017e+01,0.000000000000000000e+00,0.000000000000000000e+00
2.086533785796171614e+01,0.000000000000000000e+00,0.000000000000000000e+00
1.855699414521829027e+01,0.000000000000000000e+00,0.000000000000000000e+00
2.014442868184627145e+01,0.000000000000000000e+00,0.000000000000000000e+00
1.864709607949241388e+01,0.000000000000000000e+00,0.000000000000000000e+00
2.154803196718543745e+01,0.000000000000000000e+00,0.000000000000000000e+00
1.637661312190759944e+01,0.000000000000000000e+00,0.000000000000000000e+00
1.962660520609349035e+01,0.000000000000000000e+00,0.000000000000000000e+00
2.201251899954917235e+01,0.000000000000000000e+00,0.000000000000000000e+00
2.127508468912096617e+01,0.000000000000000000e+00,0.000000000000000000e+00
2.216378298601412666e+01,0.000000000000000000e+00,0.000000000000000000e+00
2.005790033548193207e+01,0.000000000000000000e+00,0.000000000000000000e+00
1.800455993417948974e+01,0.000000000000000000e+00,0.000000000000000000e+00
2.352127396579101415e+01,0.000000000000000000e+00,0.000000000000000000e+00
1.802957062655480769e+01,0.000000000000000000e+00,0.000000000000000000e+00
1.643882818420675207e+01,0.000000000000000000e+00,0.000000000000000000e+00
2.133746235338189123e+01,0.000000000000000000e+00,0.000000000000000000e+00
1.793182953826820736e+01,0.000000000000000000e+00,0.000000000000000000e+00
2.186127182700288074e+01,0.000000000000000000e+00,0.000000000000000000e+00
2.005017099334922293e+01,0.000000000000000000e+00,0.000000000000000000e+00
2.111216129555326759e+01,0.000000000000000000e+00,0.000000000000000000e+00
2.065762861016608909e+01,0.000000000000000000e+00,0.000000000000000000e+00
2.166118620181586962e+01,0.000000000000000000e+00,0.000000000000000000e+00
2.226179622140767478e+01,0.000000000000000000e+00,0.000000000000000000e+00
1.715133642854593887e+01,0.000000000000000000e+00,0.000000000000000000e+00
2.388559223104748241e+01,0.000000000000000000e+00,0.000000000000000000e+00
2.046965279616355105e+01,0.000000000000000000e+00,0.000000000000000000e+00
1.925740092229950662e+01,0.000000000000000000e+00,0.000000000000000000e+00
1.809092480230079047e+01,0.000000000000000000e+00,0.000000000000000000e+00
2.350131373341113061e+01,0.000000000000000000e+00,0.000000000000000000e+00
2.127262945818612749e+01,0.000000000000000000e+00,0.000000000000000000e+00
1.794984942902070202e+01,0.000000000000000000e+00,0.000000000000000000e+00
1.865024656444523288e+01,0.000000000000000000e+00,0.000000000000000000e+00
1.953218951042736506e+01,0.000000000000000000e+00,0.000000000000000000e+00
1.619902894109958069e+01,0.000000000000000000e+00,0.000000000000000000e+00
2.084728715695862533e+01,0.000000000000000000e+00,0.000000000000000000e+00
1.888112943761557005e+01,0.000000000000000000e+00,0.000000000000000000e+00
1.808688188552597964e+01,0.000000000000000000e+00,0.000000000000000000e+00
1.977735874945407346e+01,0.000000000000000000e+00,0.000000000000000000e+00
2.144516996294274946e+01,0.000000000000000000e+00,0.000000000000000000e+00
1.652087332966432243e+01,0.000000000000000000e+00,0.000000000000000000e+00
1.984650139097277233e+01,0.000000000000000000e+00,0.000000000000000000e+00
1.811523084271907180e+01,0.000000000000000000e+00,0.000000000000000000e+00
2.215824729595332343e+01,0.000000000000000000e+00,0.000000000000000000e+00
2.208719697917334912e+01,0.000000000000000000e+00,0.000000000000000000e+00
1.742851122933141639e+01,0.000000000000000000e+00,0.000000000000000000e+00
2.006323217917391588e+01,0.000000000000000000e+00,0.000000000000000000e+00
2.020637107676707700e+01,0.000000000000000000e+00,0.000000000000000000e+00
1.901966229918944506e+01,0.000000000000000000e+00,0.000000000000000000e+00
1.926607389879500687e+01,0.000000000000000000e+00,0.000000000000000000e+00
2.149770240037597802e+01,0.000000000000000000e+00,0.000000000000000000e+00
1.574124600960765541e+01,0.000000000000000000e+00,0.000000000000000000e+00
2.409378841744379685e+01,0.000000000000000000e+00,0.000000000000000000e+00
2.121870645916019527e+01,0.000000000000000000e+00,0.000000000000000000e+00
2.240702356757772051e+01,0.000000000000000000e+00,0.000000000000000000e+00
2.213619818623866919e+01,0.000000000000000000e+00,0.000000000000000000e+00
1.660212476016113925e+01,0.000000000000000000e+00,0.000000000000000000e+00
1.989318911900290487e+01,0.000000000000000000e+00,0.000000000000000000e+00
1.788749900847266616e+01,0.000000000000000000e+00,0.000000000000000000e+00
2.045675400686917911e+01,0.000000000000000000e+00,0.000000000000000000e+00
2.022101823962995581e+01,0.000000000000000000e+00,0.000000000000000000e+00
2.121760579757422249e+01,0.000000000000000000e+00,0.000000000000000000e+00
1.852468664584016267e+01,0.000000000000000000e+00,0.000000000000000000e+00
1.471412371279453168e+01,0.000000000000000000e+00,0.000000000000000000e+00
2.131650546018394010e+01,0.000000000000000000e+00,0.000000000000000000e+00
2.049178306016448303e+01,0.000000000000000000e+00,0.000000000000000000e+00
1.926804029350485337e+01,0.000000000000000000e+00,0.000000000000000000e+00
6.825002941728307349e+01,0.000000000000000000e+00,0.000000000000000000e+00
6.677359003325648246e+01,0.000000000000000000e+00,0.000000000000000000e+00
6.924249494071879951e+01,0.000000000000000000e+00,0.000000000000000000e+00
6.885823335667173239e+01,0.000000000000000000e+00,0.000000000000000000e+00
6.643621070289985653e+01,0.000000000000000000e+00,0.000000000000000000e+00
6.976109304205589012e+01,0.000000000000000000e+00,0.000000000000000000e+00
7.124037196654836634e+01,0.000000000000000000e+00,0.000000000000000000e+00
7.143046724947213022e+01,0.000000000000000000e+00,0.000000000000000000e+00
6.655123197818902270e+01,0.000000000000000000e+00,0.000000000000000000e+00
7.091870628834337253e+01,0.000000000000000000e+00,0.000000000000000000e+00
6.951336122542117835e+01,0.000000000000000000e+00,0.000000000000000000e+00
6.873748437867048722e+01,0.000000000000000000e+00,0.000000000000000000e+00
7.806163722252934178e+01,0.000000000000000000e+00,0.000000000000000000e+00
7.755061848498937138e+01,0.000000000000000000e+00,0.000000000000000000e+00
7.667110948678393356e+01,0.000000000000000000e+00,0.000000000000000000e+00
7.586504583828651960e+01,0.000000000000000000e+00,0.000000000000000000e+00
7.856356400089448755e+01,0.000000000000000000e+00,0.000000000000000000e+00
7.888147979671214216e+01,0.000000000000000000e+00,0.000000000000000000e+00
7.793721403354176402e+01,0.000000000000000000e+00,0.000000000000000000e+00
7.656950444721150006e+01,0.000000000000000000e+00,0.000000000000000000e+00
7.600902484257497349e+01,0.000000000000000000e+00,0.000000000000000000e+00
7.793761459000982939e+01,0.000000000000000000e+00,0.000000000000000000e+00
8.060656383980874296e+01,0.000000000000000000e+00,0.000000000000000000e+00
7.930254899784675615e+01,0.000000000000000000e+00,0.000000000000000000e+00
7.875989867869157024e+01,0.000000000000000000e+00,0.000000000000000000e+00
7.663335100958613566e+01,0.000000000000000000e+00,0.000000000000000000e+00
8.206022733512456568e+01,0.000000000000000000e+00,0.000000000000000000e+00
8.038002183070197759e+01,0.000000000000000000e+00,0.000000000000000000e+00
7.679618077537001852e+01,0.000000000000000000e+00,0.000000000000000000e+00
7.632013634893476706e+01,0.000000000000000000e+00,0.000000000000000000e+00
7.801531925940302870e+01,0.000000000000000000e+00,0.000000000000000000e+00
7.617098150241034205e+01,0.000000000000000000e+00,0.000000000000000000e+00
7.806407097250553306e+01,0.000000000000000000e+00,0.000000000000000000e+00
7.869877043501793423e+01,0.000000000000000000e+00,0.000000000000000000e+00
7.490363482863966738e+01,0.000000000000000000e+00,0.000000000000000000e+00
8.114217012073295621e+01,0.000000000000000000e+00,0.000000000000000000e+00
8.048666508710867618e+01,0.000000000000000000e+00,0.000000000000000000e+00
8.013149143045222900e+01,0.000000000000000000e+00,0.000000000000000000e+00
8.113216734216879900e+01,0.000000000000000000e+00,0.000000000000000000e+00
8.435024110890337568e+01,0.000000000000000000e+00,0.000000000000000000e+00
7.618822509575294077e+01,0.000000000000000000e+00,0.000000000000000000e+00
7.976676651856112699e+01,0.000000000000000000e+00,0.000000000000000000e+00
7.689942674609017104e+01,0.000000000000000000e+00,0.000000000000000000e+00
7.866758066060052101e+01,0.000000000000000000e+00,0.000000000000000000e+00
8.142063698556822260e+01,0.000000000000000000e+00,0.000000000000000000e+00
7.845440489494093583e+01,0.000000000000000000e+00,0.000000000000000000e+00
7.780547039893421868e+01,0.000000000000000000e+00,0.000000000000000000e+00
8.212936394989799282e+01,0.000000000000000000e+00,0.000000000000000000e+00
7.981449481854781425e+01,0.000000000000000000e+00,0.000000000000000000e+00
8.349069963843371056e+01,0.000000000000000000e+00,0.000000000000000000e+00
7.887842495607162618e+01,0.000000000000000000e+00,0.000000000000000000e+00
7.639471560894843094e+01,0.000000000000000000e+00,0.000000000000000000e+00
7.954330296268260270e+01,0.000000000000000000e+00,0.000000000000000000e+00
8.181126792343114573e+01,0.000000000000000000e+00,0.000000000000000000e+00
7.698616792124441588e+01,0.000000000000000000e+00,0.000000000000000000e+00
7.796116699729276434e+01,0.000000000000000000e+00,0.000000000000000000e+00
8.040980332022567723e+01,0.000000000000000000e+00,0.000000000000000000e+00
7.825154452146108497e+01,0.000000000000000000e+00,0.000000000000000000e+00
8.079657393221791040e+01,0.000000000000000000e+00,0.000000000000000000e+00
8.032629067668841572e+01,0.000000000000000000e+00,0.000000000000000000e+00
7.939509593762868178e+01,0.000000000000000000e+00,0.000000000000000000e+00
7.932463040978099400e+01,0.000000000000000000e+00,0.000000000000000000e+00
7.868968546381989881e+01,0.000000000000000000e+00,0.000000000000000000e+00
8.020282881982284096e+01,0.000000000000000000e+00,0.000000000000000000e+00
8.207660505462119716e+01,0.000000000000000000e+00,0.000000000000000000e+00
8.071879014587723589e+01,0.000000000000000000e+00,0.000000000000000000e+00
8.197641613737125965e+01,0.000000000000000000e+00,0.000000000000000000e+00
8.137973178848913847e+01,0.000000000000000000e+00,0.000000000000000000e+00
8.324850659558468635e+01,0.000000000000000000e+00,0.000000000000000000e+00
7.868734053469189860e+01,0.000000000000000000e+00,0.000000000000000000e+00
8.419292962703910632e+01,0.000000000000000000e+00,0.000000000000000000e+00
8.192983718584864050e+01,0.000000000000000000e+00,0.000000000000000000e+00
7.931249231012844803e+01,0.000000000000000000e+00,0.000000000000000000e+00
7.900368062921768342e+01,0.000000000000000000e+00,0.000000000000000000e+00
8.074057688674096767e+01,0.000000000000000000e+00,0.000000000000000000e+00
7.796195424452631073e+01,0.000000000000000000e+00,0.000000000000000000e+00
7.663825411146918043e+01,0.000000000000000000e+00,0.000000000000000000e+00
7.735177909587055467e+01,0.000000000000000000e+00,0.000000000000000000e+00
8.420126790398489902e+01,0.000000000000000000e+00,0.000000000000000000e+00
8.118807118697914404e+01,0.000000000000000000e+00,0.000000000000000000e+00
8.127729220819240652e+01,0.000000000000000000e+00,0.000000000000000000e+00
7.997770480394221693e+01,0.000000000000000000e+00,0.000000000000000000e+00
8.024209678157068026e+01,0.000000000000000000e+00,0.000000000000000000e+00
7.866928103949257434e+01,0.000000000000000000e+00,0.000000000000000000e+00
8.350862599175502510e+01,0.000000000000000000e+00,0.000000000000000000e+00
7.926372108172456876e+01,0.000000000000000000e+00,0.000000000000000000e+00
7.752351668971442678e+01,0.000000000000000000e+00,0.000000000000000000e+00
8.118741725342819393e+01,0.000000000000000000e+00,0.000000000000000000e+00
8.054241106731697641e+01,0.000000000000000000e+00,0.000000000000000000e+00
8.021828436622081426e+01,0.000000000000000000e+00,0.000000000000000000e+00
8.069308684965238854e+01,0.000000000000000000e+00,0.000000000000000000e+00
8.022609551774101533e+01,0.000000000000000000e+00,0.000000000000000000e+00
8.055732244428708100e+01,0.000000000000000000e+00,0.000000000000000000e+00
7.828897206320880287e+01,0.000000000000000000e+00,0.000000000000000000e+00
8.191193353007859912e+01,0.000000000000000000e+00,0.000000000000000000e+00
7.597409013020335067e+01,0.000000000000000000e+00,0.000000000000000000e+00
8.326362909156544845e+01,0.000000000000000000e+00,0.000000000000000000e+00
7.652272974087227908e+01,0.000000000000000000e+00,0.000000000000000000e+00
8.092407262932873380e+01,0.000000000000000000e+00,0.000000000000000000e+00
8.191341687665843097e+01,0.000000000000000000e+00,0.000000000000000000e+00
7.881087505542835459e+01,0.000000000000000000e+00,0.000000000000000000e+00
7.805304508640764993e+01,0.000000000000000000e+00,0.000000000000000000e+00
8.366341111663759023e+01,0.000000000000000000e+00,0.000000000000000000e+00
8.018074996697924917e+01,0.000000000000000000e+00,0.000000000000000000e+00
7.947904008794951380e+01,0.000000000000000000e+00,0.000000000000000000e+00
7.909725022119273774e+01,0.000000000000000000e+00,0.000000000000000000e+00
8.024655709962850381e+01,0.000000000000000000e+00,0.000000000000000000e+00
8.120527288466212212e+01,0.000000000000000000e+00,0.000000000000000000e+00
3.466109681015100819e+01,0.000000000000000000e+00,0.000000000000000000e+00
3.244686136223546669e+01,0.000000000000000000e+00,0.000000000000000000e+00
3.352483663332003516e+01,0.000000000000000000e+00,0.000000000000000000e+00
3.242295797475669872e+01,0.000000000000000000e+00,0.000000000000000000e+00
3.249015829915474285e+01,0.000000000000000000e+00,0.000000000000000000e+00
3.092818753996897385e+01,0.000000000000000000e+00,0.000000000000000000e+00
3.129529380159985763e+01,0.000000000000000000e+00,0.000000000000000000e+00
2.938464163200865187e+01,0.000000000000000000e+00,0.000000000000000000e+00
3.224435943027107498e+01,0.000000000000000000e+00,0.000000000000000000e+00
3.217145792303638530e+01,0.000000000000000000e+00,0.000000000000000000e+00
2.771356270914248299e+01,0.000000000000000000e+00,0.000000000000000000e+00
3.417332223703673577e+01,0.000000000000000000e+00,0.000000000000000000e+00
2.084234454037017059e+01,0.000000000000000000e+00,0.000000000000000000e+00
2.407447400703104989e+01,0.000000000000000000e+00,0.000000000000000000e+00
2.399974455477423518e+01,0.000000000000000000e+00,0.000000000000000000e+00
1.954966717123758002e+01,0.000000000000000000e+00,0.000000000000000000e+00
1.887515262405960925e+01,0.000000000000000000e+00,0.000000000000000000e+00
1.712828355536092317e+01,0.000000000000000000e+00,0.000000000000000000e+00
2.315390381881033832e+01,0.000000000000000000e+00,0.000000000000000000e+00
1.982762977560559392e+01,0.000000000000000000e+00,0.000000000000000000e+00
2.406461273879606466e+01,0.000000000000000000e+00,0.000000000000000000e+00
2.405889148221736562e+01,0.000000000000000000e+00,0.000000000000000000e+00
1.955002110957256889e+01,0.000000000000000000e+00,0.000000000000000000e+00
1.684392185203198267e+01,0.000000000000000000e+00,0.000000000000000000e+00
1.604705416439310284e+01,0.000000000000000000e+00,0.000000000000000000e+00
1.813310285616036666e+01,0.000000000000000000e+00,0.000000000000000000e+00
2.026451651176082791e+01,0.000000000000000000e+00,0.000000000000000000e+00
1.771665135829757887e+01,0.000000000000000000e+00,0.000000000000000000e+00
1.781672641341696206e+01,0.000000000000000000e+00,0.000000000000000000e+00
1.992214303930242281e+01,0.000000000000000000e+00,0.000000000000000000e+00
2.048858874292516674e+01,0.000000000000000000e+00,0.000000000000000000e+00
2.017016923294604425e+01,0.000000000000000000e+00,0.000000000000000000e+00
2.126281295824090023e+01,0.000000000000000000e+00,0.000000000000000000e+00
1.909047549406637501e+01,0.000000000000000000e+00,0.000000000000000000e+00
2.010928708423716671e+01,0.000000000000000000e+00,0.000000000000000000e+00
1.811286070547528837e+01,0.000000000000000000e+00,0.000000000000000000e+00
1.976296132243790282e+01,0.000000000000000000e+00,0.000000000000000000e+00
2.028887835294298014e+01,0.000000000000000000e+00,0.000000000000000000e+00
2.467801597827919480e+01,0.000000000000000000e+00,0.000000000000000000e+00
1.849017156430446107e+01,0.000000000000000000e+00,0.000000000000000000e+00
1.915736490585006635e+01,0.000000000000000000e+00,0.000000000000000000e+00
2.028610210060689667e+01,0.000000000000000000e+00,0.000000000000000000e+00
2.032658210219384287e+01,0.000000000000000000e+00,0.000000000000000000e+00
2.067141893786576645e+01,0.000000000000000000e+00,0.000000000000000000e+00
2.128122029234748425e+01,0.000000000000000000e+00,0.000000000000000000e+00
2.451544060154221683e+01,0.000000000000000000e+00,0.000000000000000000e+00
1.793972309328978199e+01,0.000000000000000000e+00,0.000000000000000000e+00
1.915442078191771813e+01,0.000000000000000000e+00,0.000000000000000000e+00
2.114655211764896947e+01,0.000000000000000000e+00,0.000000000000000000e+00
1.906597770771004363e+01,0.000000000000000000e+00,0.000000000000000000e+00
2.157264277750945425e+01,0.000000000000000000e+00,0.000000000000000000e+00
2.045162787018885808e+01,0.000000000000000000e+00,0.000000000000000000e+00
1.866874597352143184e+01,0.000000000000000000e+00,0.000000000000000000e+00
2.365145690708633452e+01,0.000000000000000000e+00,0.000000000000000000e+00
2.099812762616224049e+01,0.000000000000000000e+00,0.000000000000000000e+00
1.852537012875566091e+01,0.000000000000000000e+00,0.000000000000000000e+00
1.947099986367551239e+01,0.000000000000000000e+00,0.000000000000000000e+00
2.208802796485505482e+01,0.000000000000000000e+00,0.000000000000000000e+00
2.167733868747784598e+01,0.000000000000000000e+00,0.000000000000000000e+00
1.793117795027663774e+01,0.000000000000000000e+00,0.000000000000000000e+00
2.209996821073851692e+01,0.000000000000000000e+00,0.000000000000000000e+00
2.344818829327702048e+01,0.000000000000000000e+00,0.000000000000000000e+00
2.139645837770343917e+01,0.000000000000000000e+00,0.000000000000000000e+00
2.092210659918537274e+01,0.000000000000000000e+00,0.000000000000000000e+00
1.873670996405459732e+01,0.000000000000000000e+00,0.000000000000000000e+00
2.217889764094823235e+01,0.000000000000000000e+00,0.000000000000000000e+00
1.982958425819461468e+01,0.000000000000000000e+00,0.000000000000000000e+00
2.146748748728537137e+01,0.000000000000000000e+00,0.000000000000000000e+00
2.013975787074150503e+01,0.000000000000000000e+00,0.000000000000000000e+00
1.934040463535589893e+01,0.000000000000000000e+00,0.000000000000000000e+00
1.825946182428375408e+01,0.000000000000000000e+00,0.000000000000000000e+00
2.134947706196467010e+01,0.000000000000000000e+00,0.000000000000000000e+00
2.018127863065896577e+01,0.000000000000000000e+00,0.000000000000000000e+00
1.879206565034928289e+01,0.000000000000000000e+00,0.000000000000000000e+00
2.201059621888654405e+01,0.000000000000000000e+00,0.000000000000000000e+00
2.026349378045204475e+01,0.000000000000000000e+00,0.000000000000000000e+00
2.001611776371872509e+01,0.000000000000000000e+00,0.000000000000000000e+00
2.055501381843965447e+01,0.000000000000000000e+00,0.000000000000000000e+00
2.085561664377032898e+01,0.000000000000000000e+00,0.000000000000000000e+00
2.012099387654169291e+01,0.000000000000000000e+00,0.000000000000000000e+00
1.934118250646327652e+01,0.000000000000000000e+00,0.000000000000000000e+00
2.204827633559236588e+01,0.000000000000000000e+00,0.000000000000000000e+00
1.755319608184225189e+01,0.000000000000000000e+00,0.000000000000000000e+00
1.765395895441932339e+01,0.000000000000000000e+00,0.000000000000000000e+00
2.123376169904511812e+01,0.000000000000000000e+00,0.000000000000000000e+00
2.015781115169022542e+01,0.000000000000000000e+00,0.000000000000000000e+00
2.124426482667073657e+01,0.000000000000000000e+00,0.000000000000000000e+00
2.055893581249648250e+01,0.000000000000000000e+00,0.000000000000000000e+00
1.929986993406372875e+01,0.000000000000000000e+00,0.000000000000000000e+00
1.993824502458619463e+01,0.000000000000000000e+00,0.000000000000000000e+00
1.998862246799258813e+01,0.000000000000000000e+00,0.000000000000000000e+00
1.902946044108935553e+01,0.000000000000000000e+00,0.000000000000000000e+00
2.204820544431106555e+01,0.000000000000000000e+00,0.000000000000000000e+00
1.976816596557288008e+01,0.000000000000000000e+00,0.000000000000000000e+00
1.829390943640298772e+01,0.000000000000000000e+00,0.000000000000000000e+00
2.039364060357087638e+01,0.000000000000000000e+00,0.000000000000000000e+00
2.524917200032413334e+01,0.000000000000000000e+00,0.000000000000000000e+00
2.126339109609529743e+01,0.000000000000000000e+00,0.000000000000000000e+00
1.844681190984013952e+01,0.000000000000000000e+00,0.000000000000000000e+00
1.929222904899873470e+01,0.000000000000000000e+00,0.000000000000000000e+00
2.074084739307267355e+01,0.000000000000000000e+00,0.000000000000000000e+00
1.990814272386242934e+01,0.000000000000000000e+00,0.000000000000000000e+00
2.174650093254188832e+01,0.000000000000000000e+00,0.000000000000000000e+00
1.963181409085884965e+01,0.000000000000000000e+00,0.000000000000000000e+00
2.033727065391957112e+01,0.000000000000000000e+00,0.000000000000000000e+00
2.000259003084869391e+01,0.000000000000000000e+00,0.000000000000000000e+00
2.191807442744866918e+01,0.000000000000000000e+00,0.000000000000000000e+00
1.886009676092421472e+01,0.000000000000000000e+00,0.000000000000000000e+00
1.927314385130316765e+01,0.000000000000000000e+00,0.000000000000000000e+00
2.011733389780487613e+01,0.000000000000000000e+00,0.000000000000000000e+00
1.969643124141434853e+01,0.000000000000000000e+00,0.000000000000000000e+00
2.105385341531709642e+01,0.000000000000000000e+00,0.000000000000000000e+00
1.823965301079737955e+01,0.000000000000000000e+00,0.000000000000000000e+00
1.567789788780829596e+01,0.000000000000000000e+00,0.000000000000000000e+00
2.004033278538618390e+01,0.000000000000000000e+00,0.000000000000000000e+00
1.944504186928035239e+01,0.000000000000000000e+00,0.000000000000000000e+00
1.902005478545401118e+01,0.000000000000000000e+00,0.000000000000000000e+00
2.058217710458567140e+01,0.000000000000000000e+00,0.000000000000000000e+00
2.154126279808265210e+01,0.000000000000000000e+00,0.000000000000000000e+00
1.883631978505988513e+01,0.000000000000000000e+00,0.000000000000000000e+00
2.115397329008115435e+01,0.000000000000000000e+00,0.000000000000000000e+00
1.794563240100001167e+01,0.000000000000000000e+00,0.000000000000000000e+00
2.023755220419025846e+01,0.000000000000000000e+00,0.000000000000000000e+00
1.844236578536517612e+01,0.000000000000000000e+00,0.000000000000000000e+00
2.387234353321786173e+01,0.000000000000000000e+00,0.000000000000000000e+00
1.715061792813647656e+01,0.000000000000000000e+00,0.000000000000000000e+00
1.942036070233197975e+01,0.000000000000000000e+00,0.000000000000000000e+00
2.159055278062817251e+01,0.000000000000000000e+00,0.000000000000000000e+00
1.822224241564703462e+01,0.000000000000000000e+00,0.000000000000000000e+00
2.356386596748424722e+01,0.000000000000000000e+00,0.000000000000000000e+00
2.131705230578976185e+01,0.000000000000000000e+00,0.000000000000000000e+00
1.963102469977297204e+01,0.000000000000000000e+00,0.000000000000000000e+00
1.575278573662096093e+01,0.000000000000000000e+00,0.000000000000000000e+00
2.281215862320364351e+01,0.000000000000000000e+00,0.000000000000000000e+00
2.318337969928369802e+01,0.000000000000000000e+00,0.000000000000000000e+00
1.688002362343343421e+01,0.000000000000000000e+00,0.000000000000000000e+00
1.493974685747201292e+01,0.000000000000000000e+00,0.000000000000000000e+00
1.907233508683844292e+01,0.000000000000000000e+00,0.000000000000000000e+00
2.058193113868514601e+01,0.000000000000000000e+00,0.000000000000000000e+00
1.721132612564560560e+01,0.000000000000000000e+00,0.000000000000000000e+00
2.209234650218419560e+01,0.000000000000000000e+00,0.000000000000000000e+00
2.042200290544539243e+01,0.000000000000000000e+00,0.000000000000000000e+00
1.966347681449577323e+01,0.000000000000000000e+00,0.000000000000000000e+00
1.766971511020428309e+01,0.000000000000000000e+00,0.000000000000000000e+00
1.938137771924072084e+01,0.000000000000000000e+00,0.000000000000000000e+00
2.029564306298743404e+01,0.000000000000000000e+00,0.000000000000000000e+00
1.671963260739544666e+01,0.000000000000000000e+00,0.000000000000000000e+00
1.779781651755952865e+01,0.000000000000000000e+00,0.000000000000000000e+00
1.840264379141707707e+01,0.000000000000000000e+00,0.000000000000000000e+00
1.950392214962547399e+01,0.000000000000000000e+00,0.000000000000000000e+00
2.172484150735272834e+01,0.000000000000000000e+00,0.000000000000000000e+00
2.221260400458445972e+01,0.000000000000000000e+00,0.000000000000000000e+00
2.277505509545152407e+01,0.000000000000000000e+00,0.000000000000000000e+00
2.372626966154584238e+01,0.000000000000000000e+00,0.000000000000000000e+00
1.798456967783857152e+01,0.000000000000000000e+00,0.000000000000000000e+00
2.053671485537327612e+01,0.000000000000000000e+00,0.000000000000000000e+00
2.096876045292549051e+01,0.000000000000000000e+00,0.000000000000000000e+00
2.244718207022078360e+01,0.000000000000000000e+00,0.000000000000000000e+00
2.231763258904362957e+01,0.000000000000000000e+00,0.000000000000000000e+00
1.907809865572078678e+01,0.000000000000000000e+00,0.000000000000000000e+00
2.205095336500690806e+01,0.000000000000000000e+00,0.000000000000000000e+00
2.114357508335813662e+01,0.000000000000000000e+00,0.000000000000000000e+00
2.128511976722333543e+01,0.000000000000000000e+00,0.000000000000000000e+00
2.451219139550810766e+01,0.000000000000000000e+00,0.000000000000000000e+00
2.172613880077077297e+01,0.000000000000000000e+00,0.000000000000000000e+00
2.112118113256604346e+01,0.000000000000000000e+00,0.000000000000000000e+00
2.193203409679165361e+01,0.000000000000000000e+00,0.000000000000000000e+00
2.442132454016525145e+01,0.000000000000000000e+00,0.000000000000000000e+00
2.030304530910387228e+01,0.000000000000000000e+00,0.000000000000000000e+00
1.878987246049884874e+01,0.000000000000000000e+00,0.000000000000000000e+00
1.926512891721042564e+01,0.000000000000000000e+00,0.000000000000000000e+00
1.981698471926023331e+01,0.000000000000000000e+00,0.000000000000000000e+00
2.359914049608052977e+01,0.000000000000000000e+00,0.000000000000000000e+00
2.328116440046390423e+01,0.000000000000000000e+00,0.000000000000000000e+00
2.206811849080233401e+01,0.000000000000000000e+00,0.000000000000000000e+00
1.850239621310034366e+01,0.000000000000000000e+00,0.000000000000000000e+00
2.384257647746697018e+01,0.000000000000000000e+00,0.000000000000000000e+00
1.915170763940902532e+01,0.000000000000000000e+00,0.000000000000000000e+00
2.186365137294768957e+01,0.000000000000000000e+00,0.000000000000000000e+00
2.034753698267127575e+01,0.000000000000000000e+00,0.000000000000000000e+00
6.736707856910987857e+01,0.000000000000000000e+00,0.000000000000000000e+00
6.845078326521139900e+01,0.000000000000000000e+00,0.000000000000000000e+00
6.591096702814385822e+01,0.000000000000000000e+00,0.000000000000000000e+00
6.932273358216829706e+01,0.000000000000000000e+00,0.000000000000000000e+00
6.992882339219819698e+01,0.000000000000000000e+00,0.000000000000000000e+00
6.751108952593510537e+01,0.000000000000000000e+00,0.000000000000000000e+00
6.963108019702424656e+01,0.000000000000000000e+00,0.000000000000000000e+00
6.986300170097017315e+01,0.000000000000000000e+00,0.000000000000000000e+00
7.078778626454165135e+01,0.000000000000000000e+00,0.000000000000000000e+00
7.124959302714512432e+01,0.000000000000000000e+00,0.000000000000000000e+00
6.899564671198018573e+01,0.000000000000000000e+00,0.000000000000000000e+00
6.810082856215113623e+01,0.000000000000000000e+00,0.000000000000000000e+00
7.799848698911533518e+01,0.000000000000000000e+00,0.000000000000000000e+00
7.590563834850865987e+01,0.000000000000000000e+00,0.000000000000000000e+00
7.536551808339773117e+01,0.000000000000000000e+00,0.000000000000000000e+00
7.423340171476661453e+01,0.000000000000000000e+00,0.000000000000000000e+00
7.782322803604724015e+01,0.000000000000000000e+00,0.000000000000000000e+00
7.899568606612722022e+01,0.000000000000000000e+00,0.000000000000000000e+00
7.587389499999322595e+01,0.000000000000000000e+00,0.000000000000000000e+00
7.910805455369353467e+01,0.000000000000000000e+00,0.000000000000000000e+00
7.721206531058589917e+01,0.000000000000000000e+00,0.000000000000000000e+00
7.509626268586534081e+01,0.000000000000000000e+00,0.000000000000000000e+00
7.653298284954928477e+01,0.000000000000000000e+00,0.000000000000000000e+00
7.814036920834195143e+01,0.000000000000000000e+00,0.000000000000000000e+00
7.919701838275220496e+01,0.000000000000000000e+00,0.000000000000000000e+00
7.716750006732763723e+01,0.000000000000000000e+00,0.000000000000000000e+00
7.914505919822786950e+01,0.000000000000000000e+00,0.000000000000000000e+00
7.769602227654191040e+01,0.000000000000000000e+00,0.000000000000000000e+00
8.004493476100358862e+01,0.000000000000000000e+00,0.000000000000000000e+00
7.661449140326878648e+01,0.000000000000000000e+00,0.000000000000000000e+00
8.169380283513595487e+01,0.000000000000000000e+00,0.000000000000000000e+00
7.950490000588939665e+01,0.000000000000000000e+00,0.000000000000000000e+00
8.220896582186578883e+01,0.000000000000000000e+00,0.000000000000000000e+00
8.191941515217067149e+01,0.000000000000000000e+00,0.000000000000000000e+00
7.952203053264203447e+01,0.000000000000000000e+00,0.000000000000000000e+00
7.936368082751596376e+01,0.000000000000000000e+00,0.000000000000000000e+00
7.814272736063458069e+01,0.000000000000000000e+00,0.000000000000000000e+00
7.919155014132221027e+01,0.000000000000000000e+00,0.000000000000000000e+00
7.728215180022930042e+01,0.000000000000000000e+00,0.000000000000000000e+00
7.949423203423742734e+01,0.000000000000000000e+00,0.000000000000000000e+00
7.816861410427492274e+01,0.000000000000000000e+00,0.000000000000000000e+00
7.949937100207412755e+01,0.000000000000000000e+00,0.000000000000000000e+00
8.160415668729201855e+01,0.000000000000000000e+00,0.000000000000000000e+00
7.991845749337828408e+01,0.000000000000000000e+00,0.000000000000000000e+00
7.858939059288744033e+01,0.000000000000000000e+00,0.000000000000000000e+00
8.247368434045175434e+01,0.000000000000000000e+00,0.000000000000000000e+00
7.984445167826687850e+01,0.000000000000000000e+00,0.000000000000000000e+00
7.894980651316490139e+01,0.000000000000000000e+00,0.000000000000000000e+00
8.069424131240533882e+01,0.000000000000000000e+00,0.000000000000000000e+00
8.021431033997211557e+01,0.000000000000000000e+00,0.000000000000000000e+00
8.094614388314552400e+01,0.000000000000000000e+00,0.000000000000000000e+00
7.735436754467318110e+01,0.000000000000000000e+00,0.000000000000000000e+00
7.953773015212978237e+01,0.000000000000000000e+00,0.000000000000000000e+00
8.210949225688510467e+01,0.000000000000000000e+00,0.000000000000000000e+00
8.457546237651104093e+01,0.000000000000000000e+00,0.000000000000000000e+00
8.045859269847757389e+01,0.000000000000000000e+00,0.000000000000000000e+00
7.974637436993901929e+01,0.000000000000000000e+00,0.000000000000000000e+00
8.275165711428498128e+01,0.000000000000000000e+00,0.000000000000000000e+00
7.841091721803547898e+01,0.000000000000000000e+00,0.000000000000000000e+00
7.607306146540999237e+01,0.000000000000000000e+00,0.000000000000000000e+00
8.206997308152688220e+01,0.000000000000000000e+00,0.000000000000000000e+00
8.088458026958596747e+01,0.000000000000000000e+00,0.000000000000000000e+00
8.053461537737643994e+01,0.000000000000000000e+00,0.000000000000000000e+00
7.902106506359831428e+01,0.000000000000000000e+00,0.000000000000000000e+00
7.982509943651677986e+01,0.000000000000000000e+00,0.000000000000000000e+00
7.994425719031322330e+01,0.000000000000000000e+00,0.000000000000000000e+00
8.027668566079047707e+01,0.000000000000000000e+00,0.000000000000000000e+00
7.977780247097594213e+01,0.000000000000000000e+00,0.000000000000000000e+00
7.883959457084546329e+01,0.000000000000000000e+00,0.000000000000000000e+00
8.203705657925581818e+01,0.000000000000000000e+00,0.000000000000000000e+00
7.695511800199076902e+01,0.000000000000000000e+00,0.000000000000000000e+00
7.965433144545235677e+01,0.000000000000000000e+00,0.000000000000000000e+00
8.012359556784781489e+01,0.000000000000000000e+00,0.000000000000000000e+00
8.212946161583610660e+01,0.000000000000000000e+00,0.000000000000000000e+00
8.257226254766879947e+01,0.000000000000000000e+00,0.000000000000000000e+00
7.790204134641568601e+01,0.000000000000000000e+00,0.000000000000000000e+00
7.964769719457770236e+01,0.000000000000000000e+00,0.000000000000000000e+00
8.040469297141964944e+01,0.000000000000000000e+00,0.000000000000000000e+00
7.851651950607121933e+01,0.000000000000000000e+00,0.000000000000000000e+00
7.927820021580049570e+01,0.000000000000000000e+00,0.000000000000000000e+00
7.929991008219047899e+01,0.000000000000000000e+00,0.000000000000000000e+00
7.816838912940738737e+01,0.000000000000000000e+00,0.000000000000000000e+00
7.882205494152515257e+01,0.000000000000000000e+00,0.000000000000000000e+00
8.196035521147693714e+01,0.000000000000000000e+00,0.000000000000000000e+00
8.169731797925010142e+01,0.000000000000000000e+00,0.000000000000000000e+00
7.867154016955683460e+01,0.000000000000000000e+00,0.000000000000000000e+00
8.141620971324842060e+01,0.000000000000000000e+00,0.000000000000000000e+00
7.689949520116483939e+01,0.000000000000000000e+00,0.000000000000000000e+00
7.844976171518106867e+01,0.000000000000000000e+00,0.000000000000000000e+00
8.037973712391853098e+01,0.000000000000000000e+00,0.000000000000000000e+00
7.714263585517795718e+01,0.000000000000000000e+00,0.000000000000000000e+00
8.198562195053270329e+01,0.000000000000000000e+00,0.000000000000000000e+00
8.132154872435516779e+01,0.000000000000000000e+00,0.000000000000000000e+00
8.047933283209641786e+01,0.000000000000000000e+00,0.000000000000000000e+00
7.733030140755457182e+01,0.000000000000000000e+00,0.000000000000000000e+00
8.128100793411555003e+01,0.000000000000000000e+00,0.000000000000000000e+00
7.803311871196950733e+01,0.000000000000000000e+00,0.000000000000000000e+00
8.274332140223094711e+01,0.000000000000000000e+00,0.000000000000000000e+00
7.889936579922812143e+01,0.000000000000000000e+00,0.000000000000000000e+00
8.434223885576170687e+01,0.000000000000000000e+00,0.000000000000000000e+00
7.999236903193431658e+01,0.000000000000000000e+00,0.000000000000000000e+00
7.927904025424336965e+01,0.000000000000000000e+00,0.000000000000000000e+00
7.866635797564535437e+01,0.000000000000000000e+00,0.000000000000000000e+00
8.136913002151315766e+01,0.000000000000000000e+00,0.000000000000000000e+00
7.886219378459048812e+01,0.000000000000000000e+00,0.000000000000000000e+00
7.944558643866608350e+01,0.000000000000000000e+00,0.000000000000000000e+00
7.980376779846656632e+01,0.000000000000000000e+00,0.000000000000000000e+00
7.877034287419959924e+01,0.000000000000000000e+00,0.000000000000000000e+00
2.997116944718011666e+01,0.000000000000000000e+00,0.000000000000000000e+00
3.268072653925357685e+01,0.000000000000000000e+00,0.000000000000000000e+00
3.582951144477978289e+01,0.000000000000000000e+00,0.000000000000000000e+00
2.994230696850961593e+01,0.000000000000000000e+00,0.000000000000000000e+00
2.782704092423216125e+01,0.000000000000000000e+00,0.000000000000000000e+00
3.232139815369124847e+01,0.000000000000000000e+00,0.000000000000000000e+00
3.247754428121836412e+01,0.000000000000000000e+00,0.000000000000000000e+00
3.433059024162347583e+01,0.000000000000000000e+00,0.000000000000000000e+00
3.459426185450276137e+01,0.000000000000000000e+00,0.000000000000000000e+00
3.442912934656657598e+01,0.000000000000000000e+00,0.000000000000000000e+00
2.967320067046547649e+01,0.000000000000000000e+00,0.000000000000000000e+00
3.060138656171693228e+01,0.000000000000000000e+00,0.000000000000000000e+00
2.057922116795082701e+01,0.000000000000000000e+00,0.000000000000000000e+00
2.143463703964433620e+01,0.000000000000000000e+00,0.000000000000000000e+00
1.992092543990164444e+01,0.000000000000000000e+00,0.000000000000000000e+00
2.132368414079530083e+01,0.000000000000000000e+00,0.000000000000000000e+00
2.214420481075061531e+01,0.000000000000000000e+00,0.000000000000000000e+00
2.427460315271350311e+01,0.000000000000000000e+00,0.000000000000000000e+00
2.310441345143475900e+01,0.000000000000000000e+00,0.000000000000000000e+00
2.375339083674328577e+01,0.000000000000000000e+00,0.000000000000000000e+00
2.083429056427114290e+01,0.000000000000000000e+00,0.000000000000000000e+00
1.724751471847488915e+01,0.000000000000000000e+00,0.000000000000000000e+00
2.152224515680990535e+01,0.000000000000000000e+00,0.000000000000000000e+00
2.225582772558932021e+01,0.000000000000000000e+00,0.000000000000000000e+00
2.347314015436382562e+01,0.000000000000000000e+00,0.000000000000000000e+00
2.082512367977063406e+01,0.000000000000000000e+00,0.000000000000000000e+00
1.881668083415376813e+01,0.000000000000000000e+00,0.000000000000000000e+00
1.887111975527416874e+01,0.000000000000000000e+00,0.000000000000000000e+00
1.799552665163227161e+01,0.000000000000000000e+00,0.000000000000000000e+00
2.237595540350843493e+01,0.000000000000000000e+00,0.000000000000000000e+00
2.262875155860687215e+01,0.000000000000000000e+00,0.000000000000000000e+00
1.912311674411784423e+01,0.000000000000000000e+00,0.000000000000000000e+00
1.733107127789114799e+01,0.000000000000000000e+00,0.000000000000000000e+00
2.216751343146230724e+01,0.000000000000000000e+00,0.000000000000000000e+00
1.596759730260393972e+01,0.000000000000000000e+00,0.000000000000000000e+00
2.172382832248909423e+01,0.000000000000000000e+00,0.000000000000000000e+00
2.155630140218822177e+01,0.000000000000000000e+00,0.000000000000000000e+00
2.056987406912429961e+01,0.000000000000000000e+00,0.000000000000000000e+00
1.900551899637214603e+01,0.000000000000000000e+00,0.000000000000000000e+00
1.702452965111774219e+01,0.000000000000000000e+00,0.000000000000000000e+00
1.860484716742141131e+01,0.000000000000000000e+00,0.000000000000000000e+00
2.012869599247007457e+01,0.000000000000000000e+00,0.000000000000000000e+00
2.232823335040648871e+01,0.000000000000000000e+00,0.000000000000000000e+00
2.135248296792427425e+01,0.000000000000000000e+00,0.000000000000000000e+00
1.934821289671267053e+01,0.000000000000000000e+00,0.000000000000000000e+00
2.055437065781094219e+01,0.000000000000000000e+00,0.000000000000000000e+00
1.965135260186258748e+01,0.000000000000000000e+00,0.000000000000000000e+00
2.192850592049531855e+01,0.000000000000000000e+00,0.000000000000000000e+00
2.260641760666510436e+01,0.000000000000000000e+00,0.000000000000000000e+00
1.945879872292884372e+01,0.000000000000000000e+00,0.000000000000000000e+00
1.615383343643233616e+01,0.000000000000000000e+00,0.000000000000000000e+00
1.852861678718356941e+01,0.000000000000000000e+00,0.000000000000000000e+00
2.072569316922552929e+01,0.000000000000000000e+00,0.000000000000000000e+00
1.946278044707854349e+01,0.000000000000000000e+00,0.000000000000000000e+00
1.963693549770546909e+01,0.000000000000000000e+00,0.000000000000000000e+00
2.020853003727729913e+01,0.000000000000000000e+00,0.000000000000000000e+00
2.095113495896258726e+01,0.000000000000000000e+00,0.000000000000000000e+00
2.156759240659015475e+01,0.000000000000000000e+00,0.000000000000000000e+00
2.169468057410896478e+01,0.000000000000000000e+00,0.000000000000000000e+00
1.720451441878451249e+01,0.000000000000000000e+00,0.000000000000000000e+00
1.753467351816012609e+01,0.000000000000000000e+00,0.000000000000000000e+00
2.171977464398198165e+01,0.000000000000000000e+00,0.000000000000000000e+00
1.990081208001844360e+01,0.000000000000000000e+00,0.000000000000000000e+00
1.744443142140459813e+01,0.000000000000000000e+00,0.000000000000000000e+00
2.291830417697338262e+01,0.000000000000000000e+00,0.000000000000000000e+00
2.013961481279692833e+01,0.000000000000000000e+00,0.000000000000000000e+00
2.224827667983372947e+01,0.000000000000000000e+00,0.000000000000000000e+00
1.615479262925594384e+01,0.000000000000000000e+00,0.000000000000000000e+00
1.640653539346880763e+01,0.000000000000000000e+00,0.000000000000000000e+00
1.841749728490077587e+01,0.000000000000000000e+00,0.000000000000000000e+00
2.170191476787413976e+01,0.000000000000000000e+00,0.000000000000000000e+00
2.247925858898248208e+01,0.000000000000000000e+00,0.000000000000000000e+00
1.943956416081230287e+01,0.000000000000000000e+00,0.000000000000000000e+00
2.100532549275908067e+01,0.000000000000000000e+00,0.000000000000000000e+00
2.065465812352643127e+01,0.000000000000000000e+00,0.000000000000000000e+00
2.177524967100157838e+01,0.000000000000000000e+00,0.000000000000000000e+00
1.802138084241600424e+01,0.000000000000000000e+00,0.000000000000000000e+00
1.910694070080928597e+01,0.000000000000000000e+00,0.000000000000000000e+00
1.794288324927441991e+01,0.000000000000000000e+00,0.000000000000000000e+00
2.132243579866429073e+01,0.000000000000000000e+00,0.000000000000000000e+00
2.164101897053497225e+01,0.000000000000000000e+00,0.000000000000000000e+00
2.099925688817786806e+01,0.000000000000000000e+00,0.000000000000000000e+00
2.077894173954129187e+01,0.000000000000000000e+00,0.000000000000000000e+00
1.718421675263050830e+01,0.000000000000000000e+00,0.000000000000000000e+00
1.626791340839423938e+01,0.000000000000000000e+00,0.000000000000000000e+00
1.932933544636952305e+01,0.000000000000000000e+00,0.000000000000000000e+00
1.673973062266428258e+01,0.000000000000000000e+00,0.000000000000000000e+00
2.058562561411067549e+01,0.000000000000000000e+00,0.000000000000000000e+00
1.967719079230944246e+01,0.000000000000000000e+00,0.000000000000000000e+00
2.130034416576865652e+01,0.000000000000000000e+00,0.000000000000000000e+00
2.218629802148701557e+01,0.000000000000000000e+00,0.000000000000000000e+00
1.762899916836224179e+01,0.000000000000000000e+00,0.000000000000000000e+00
1.907127992974869457e+01,0.000000000000000000e+00,0.000000000000000000e+00
2.292838994085794724e+01,0.000000000000000000e+00,0.000000000000000000e+00
1.931655429293101278e+01,0.000000000000000000e+00,0.000000000000000000e+00
1.852162658056922950e+01,0.000000000000000000e+00,0.000000000000000000e+00
1.716290879467248232e+01,0.000000000000000000e+00,0.000000000000000000e+00
1.802853878253937125e+01,0.000000000000000000e+00,0.000000000000000000e+00
1.987200014925667801e+01,0.000000000000000000e+00,0.000000000000000000e+00
2.249792714559643869e+01,0.000000000000000000e+00,0.000000000000000000e+00
1.977150987028793239e+01,0.000000000000000000e+00,0.000000000000000000e+00
2.250777499642379809e+01,0.000000000000000000e+00,0.000000000000000000e+00
2.164694698477276091e+01,0.000000000000000000e+00,0.000000000000000000e+00
2.039768632588432595e+01,0.000000000000000000e+00,0.000000000000000000e+00
1.911153256933327071e+01,0.000000000000000000e+00,0.000000000000000000e+00
1.873522891457432848e+01,0.000000000000000000e+00,0.000000000000000000e+00
1.874987629634995656e+01,0.000000000000000000e+00,0.000000000000000000e+00
1.389212147562056288e+01,0.000000000000000000e+00,0.000000000000000000e+00
2.367948501911798331e+01,0.000000000000000000e+00,0.000000000000000000e+00
1.984576288866851357e+01,0.000000000000000000e+00,0.000000000000000000e+00
1.966306311829947973e+01,0.000000000000000000e+00,0.000000000000000000e+00
1.821666048818753580e+01,0.000000000000000000e+00,0.000000000000000000e+00
1.583029677520438838e+01,0.000000000000000000e+00,0.000000000000000000e+00
1.626161133931030989e+01,0.000000000000000000e+00,0.000000000000000000e+00
2.232720038396199058e+01,0.000000000000000000e+00,0.000000000000000000e+00
1.747455099202541362e+01,0.000000000000000000e+00,0.000000000000000000e+00
2.038606843876198127e+01,0.000000000000000000e+00,0.000000000000000000e+00
1.875180959499059696e+01,0.000000000000000000e+00,0.000000000000000000e+00
1.838888474758533675e+01,0.000000000000000000e+00,0.000000000000000000e+00
2.338315698807558718e+01,0.000000000000000000e+00,0.000000000000000000e+00
2.190279936814467376e+01,0.000000000000000000e+00,0.000000000000000000e+00
1.732854284314203142e+01,0.000000000000000000e+00,0.000000000000000000e+00
2.158029057122305616e+01,0.000000000000000000e+00,0.000000000000000000e+00
2.132164038061327105e+01,0.000000000000000000e+00,0.000000000000000000e+00
2.177411601316618572e+01,0.000000000000000000e+00,0.000000000000000000e+00
1.745599638949754606e+01,0.000000000000000000e+00,0.000000000000000000e+00
2.076783107265219641e+01,0.000000000000000000e+00,0.000000000000000000e+00
2.004875318036437903e+01,0.000000000000000000e+00,0.000000000000000000e+00
2.274619902430909235e+01,0.000000000000000000e+00,0.000000000000000000e+00
1.859136119113104968e+01,0.000000000000000000e+00,0.000000000000000000e+00
1.843455110352934767e+01,0.000000000000000000e+00,0.000000000000000000e+00
2.297490199144950296e+01,0.000000000000000000e+00,0.000000000000000000e+00
2.076959703693400883e+01,0.000000000000000000e+00,0.000000000000000000e+00
2.172653112610580095e+01,0.000000000000000000e+00,0.000000000000000000e+00
2.171577600625408877e+01,0.000000000000000000e+00,0.000000000000000000e+00
1.908600826552078189e+01,0.000000000000000000e+00,0.000000000000000000e+00
1.898447999880651338e+01,0.000000000000000000e+00,0.000000000000000000e+00
1.795511493985615203e+01,0.000000000000000000e+00,0.000000000000000000e+00
1.819045190099195608e+01,0.000000000000000000e+00,0.000000000000000000e+00
1.782625299315275669e+01,0.000000000000000000e+00,0.000000000000000000e+00
2.424990649215756733e+01,0.000000000000000000e+00,0.000000000000000000e+00
2.345177386867397473e+01,0.000000000000000000e+00,0.000000000000000000e+00
1.769653037627725922e+01,0.000000000000000000e+00,0.000000000000000000e+00
1.939160300591799313e+01,0.000000000000000000e+00,0.000000000000000000e+00
2.282069419129500076e+01,0.000000000000000000e+00,0.000000000000000000e+00
2.067297496192617245e+01,0.000000000000000000e+00,0.000000000000000000e+00
1.844812190531283136e+01,0.000000000000000000e+00,0.000000000000000000e+00
2.189572766115363578e+01,0.000000000000000000e+00,0.000000000000000000e+00
2.098879160970172464e+01,0.000000000000000000e+00,0.000000000000000000e+00
2.165795339201347858e+01,0.000000000000000000e+00,0.000000000000000000e+00
1.535665276941574575e+01,0.000000000000000000e+00,0.000000000000000000e+00
2.044827240149234626e+01,0.000000000000000000e+00,0.000000000000000000e+00
1.989643336143975816e+01,0.000000000000000000e+00,0.000000000000000000e+00
2.219908870988607319e+01,0.000000000000000000e+00,0.000000000000000000e+00
2.049667121463039976e+01,0.000000000000000000e+00,0.000000000000000000e+00
2.603569755278725850e+01,0.000000000000000000e+00,0.000000000000000000e+00
1.756398119223122833e+01,0.000000000000000000e+00,0.000000000000000000e+00
1.859438189638605721e+01,0.000000000000000000e+00,0.000000000000000000e+00
1.852117012730732526e+01,0.000000000000000000e+00,0.000000000000000000e+00
1.648068508655238062e+01,0.000000000000000000e+00,0.000000000000000000e+00
1.609936843613176904e+01,0.000000000000000000e+00,0.000000000000000000e+00
2.217659406420633772e+01,0.000000000000000000e+00,0.000000000000000000e+00
2.067923945712771427e+01,0.000000000000000000e+00,0.000000000000000000e+00
2.010323349650475322e+01,0.000000000000000000e+00,0.000000000000000000e+00
1.802499548617461045e+01,0.000000000000000000e+00,0.000000000000000000e+00
1.748339439749413060e+01,0.000000000000000000e+00,0.000000000000000000e+00
1.929634652282657825e+01,0.000000000000000000e+00,0.000000000000000000e+00
1.809947134006076652e+01,0.000000000000000000e+00,0.000000000000000000e+00
1.945812916590738340e+01,0.000000000000000000e+00,0.000000000000000000e+00
2.024720423329207364e+01,0.000000000000000000e+00,0.000000000000000000e+00
2.323065780880409648e+01,0.000000000000000000e+00,0.000000000000000000e+00
2.158181805751443250e+01,0.000000000000000000e+00,0.000000000000000000e+00
2.238171019760919478e+01,0.000000000000000000e+00,0.000000000000000000e+00
2.248316062380458646e+01,0.000000000000000000e+00,0.000000000000000000e+00
2.187607077023639945e+01,0.000000000000000000e+00,0.000000000000000000e+00
1.997548634574725668e+01,0.000000000000000000e+00,0.000000000000000000e+00
2.265066582063192868e+01,0.000000000000000000e+00,0.000000000000000000e+00
2.121347692650987682e+01,0.000000000000000000e+00,0.000000000000000000e+00
2.284180724280152575e+01,0.000000000000000000e+00,0.000000000000000000e+00
1.734689559042678297e+01,0.000000000000000000e+00,0.000000000000000000e+00
6.853170614035886388e+01,0.000000000000000000e+00,0.000000000000000000e+00
7.178789385894637576e+01,0.000000000000000000e+00,0.000000000000000000e+00
6.760243205715636350e+01,0.000000000000000000e+00,0.000000000000000000e+00
6.707661963177280029e+01,0.000000000000000000e+00,0.000000000000000000e+00
6.573373782790402231e+01,0.000000000000000000e+00,0.000000000000000000e+00
6.778033443987021656e+01,0.000000000000000000e+00,0.000000000000000000e+00
7.106422949589978089e+01,0.000000000000000000e+00,0.000000000000000000e+00
7.048527671913966230e+01,0.000000000000000000e+00,0.000000000000000000e+00
7.189767814155382553e+01,0.000000000000000000e+00,0.000000000000000000e+00
6.618219159083686520e+01,0.000000000000000000e+00,0.000000000000000000e+00
6.684501280503744169e+01,0.000000000000000000e+00,0.000000000000000000e+00
6.470433705520736112e+01,0.000000000000000000e+00,0.000000000000000000e+00
7.851300217443412066e+01,0.000000000000000000e+00,0.000000000000000000e+00
7.661563026783962016e+01,0.000000000000000000e+00,0.000000000000000000e+00
7.669601275223203629e+01,0.000000000000000000e+00,0.000000000000000000e+00
7.840549400108494638e+01,0.000000000000000000e+00,0.000000000000000000e+00
7.876376456413417770e+01,0.000000000000000000e+00,0.000000000000000000e+00
7.739952861285358665e+01,0.000000000000000000e+00,0.000000000000000000e+00
7.682940381429307308e+01,0.000000000000000000e+00,0.000000000000000000e+00
7.590907429292892061e+01,0.000000000000000000e+00,0.000000000000000000e+00
7.661739300000068909e+01,0.000000000000000000e+00,0.000000000000000000e+00
7.865502005015328280e+01,0.000000000000000000e+00,0.000000000000000000e+00
7.657446329440932686e+01,0.000000000000000000e+00,0.000000000000000000e+00
7.667815571583919620e+01,0.000000000000000000e+00,0.000000000000000000e+00
8.118895987914413581e+01,0.000000000000000000e+00,0.000000000000000000e+00
7.948901290156850052e+01,0.000000000000000000e+00,0.000000000000000000e+00
8.320898934440337769e+01,0.000000000000000000e+00,0.000000000000000000e+00
7.804867572446579516e+01,0.000000000000000000e+00,0.000000000000000000e+00
7.972568772351188215e+01,0.000000000000000000e+00,0.000000000000000000e+00
8.005863844029771315e+01,0.000000000000000000e+00,0.000000000000000000e+00
7.875235736040635004e+01,0.000000000000000000e+00,0.000000000000000000e+00
7.452604117393789807e+01,0.000000000000000000e+00,0.000000000000000000e+00
8.018882568039271064e+01,0.000000000000000000e+00,0.000000000000000000e+00
7.800344609029140486e+01,0.000000000000000000e+00,0.000000000000000000e+00
8.117330699237324154e+01,0.000000000000000000e+00,0.000000000000000000e+00
8.329298998243551466e+01,0.000000000000000000e+00,0.000000000000000000e+00
8.086570923961539847e+01,0.000000000000000000e+00,0.000000000000000000e+00
7.707028827550627170e+01,0.000000000000000000e+00,0.000000000000000000e+00
8.036433738007465877e+01,0.000000000000000000e+00,0.000000000000000000e+00
8.161520614417503339e+01,0.000000000000000000e+00,0.000000000000000000e+00
7.953539341873583624e+01,0.000000000000000000e+00,0.000000000000000000e+00
8.026076020886505091e+01,0.000000000000000000e+00,0.000000000000000000e+00
8.296007356335493910e+01,0.000000000000000000e+00,0.000000000000000000e+00
8.189977368928420276e+01,0.000000000000000000e+00,0.000000000000000000e+00
7.828082219585886037e+01,0.000000000000000000e+00,0.000000000000000000e+00
7.981688055818389671e+01,0.000000000000000000e+00,0.000000000000000000e+00
8.227383494195478875e+01,0.000000000000000000e+00,0.000000000000000000e+00
7.774891865218178566e+01,0.000000000000000000e+00,0.000000000000000000e+00
8.182545933470503030e+01,0.000000000000000000e+00,0.000000000000000000e+00
7.993106839217496429e+01,0.000000000000000000e+00,0.000000000000000000e+00
7.919180016640081021e+01,0.000000000000000000e+00,0.000000000000000000e+00
7.778554600724481816e+01,0.000000000000000000e+00,0.000000000000000000e+00
8.216454671308726176e+01,0.000000000000000000e+00,0.000000000000000000e+00
8.485418542577143342e+01,0.000000000000000000e+00,0.000000000000000000e+00
8.175596711532192273e+01,0.000000000000000000e+00,0.000000000000000000e+00
8.265040430131224980e+01,0.000000000000000000e+00,0.000000000000000000e+00
8.207955408183295276e+01,0.000000000000000000e+00,0.000000000000000000e+00
7.996509077069653415e+01,0.000000000000000000e+00,0.000000000000000000e+00
7.919063752491125285e+01,0.000000000000000000e+00,0.000000000000000000e+00
7.828105389776749234e+01,0.000000000000000000e+00,0.000000000000000000e+00
7.687655394558397859e+01,0.000000000000000000e+00,0.000000000000000000e+00
7.995256626173501502e+01,0.000000000000000000e+00,0.000000000000000000e+00
7.984742225325764764e+01,0.000000000000000000e+00,0.000000000000000000e+00
7.604626582444484484e+01,0.000000000000000000e+00,0.000000000000000000e+00
7.849627877812763188e+01,0.000000000000000000e+00,0.000000000000000000e+00
8.288279008622238564e+01,0.000000000000000000e+00,0.000000000000000000e+00
8.356341016495339602e+01,0.000000000000000000e+00,0.000000000000000000e+00
8.064163793875054864e+01,0.000000000000000000e+00,0.000000000000000000e+00
7.965061266194422274e+01,0.000000000000000000e+00,0.000000000000000000e+00
7.910443920399114859e+01,0.000000000000000000e+00,0.000000000000000000e+00
7.928449010134640673e+01,0.000000000000000000e+00,0.000000000000000000e+00
8.009327860822422451e+01,0.000000000000000000e+00,0.000000000000000000e+00
7.765094306017266490e+01,0.000000000000000000e+00,0.000000000000000000e+00
8.238344732634038792e+01,0.000000000000000000e+00,0.000000000000000000e+00
7.897016891277112904e+01,0.000000000000000000e+00,0.000000000000000000e+00
8.047333698271518188e+01,0.000000000000000000e+00,0.000000000000000000e+00
7.986450210003421546e+01,0.000000000000000000e+00,0.000000000000000000e+00
7.625972271982094242e+01,0.000000000000000000e+00,0.000000000000000000e+00
8.080119267535715721e+01,0.000000000000000000e+00,0.000000000000000000e+00
7.766926806807450134e+01,0.000000000000000000e+00,0.000000000000000000e+00
8.229695487607320104e+01,0.000000000000000000e+00,0.000000000000000000e+00
8.005750481930952844e+01,0.000000000000000000e+00,0.000000000000000000e+00
8.099509688710355704e+01,0.000000000000000000e+00,0.000000000000000000e+00
8.044705449910138384e+01,0.000000000000000000e+00,0.000000000000000000e+00
8.225455697130932720e+01,0.000000000000000000e+00,0.000000000000000000e+00
8.058511848718464421e+01,0.000000000000000000e+00,0.000000000000000000e+00
7.750870466401275394e+01,0.000000000000000000e+00,0.000000000000000000e+00
7.958753143898738358e+01,0.000000000000000000e+00,0.000000000000000000e+00
8.440586342637421069e+01,0.000000000000000000e+00,0.000000000000000000e+00
7.929905955829634934e+01,0.000000000000000000e+00,0.000000000000000000e+00
8.035626836453512567e+01,0.000000000000000000e+00,0.000000000000000000e+00
8.101862667706248544e+01,0.000000000000000000e+00,0.000000000000000000e+00
7.624039749728221693e+01,0.000000000000000000e+00,0.000000000000000000e+00
8.140193845014816532e+01,0.000000000000000000e+00,0.000000000000000000e+00
7.941992923344163557e+01,0.000000000000000000e+00,0.000000000000000000e+00
8.275178875308429838e+01,0.000000000000000000e+00,0.000000000000000000e+00
7.658250671072555349e+01,0.000000000000000000e+00,0.000000000000000000e+00
7.741119119686155159e+01,0.000000000000000000e+00,0.000000000000000000e+00
8.065914462731763024e+01,0.000000000000000000e+00,0.000000000000000000e+00
7.883724470149923036e+01,0.000000000000000000e+00,0.000000000000000000e+00
7.914789942240794574e+01,0.000000000000000000e+00,0.000000000000000000e+00
8.054234241159534236e+01,0.000000000000000000e+00,0.000000000000000000e+00
7.812327487808768467e+01,0.000000000000000000e+00,0.000000000000000000e+00
7.720935885047603620e+01,0.000000000000000000e+00,0.000000000000000000e+00
8.044293099785647883e+01,0.000000000000000000e+00,0.000000000000000000e+00
7.924591994453517430e+01,0.000000000000000000e+00,0.000000000000000000e+00
8.205257361070955824e+01,0.000000000000000000e+00,0.000000000000000000e+00
8.057146334560533774e+01,0.000000000000000000e+00,0.000000000000000000e+00
3.348204704186899505e+01,0.000000000000000000e+00,0.000000000000000000e+00
3.250711699773575702e+01,0.000000000000000000e+00,0.000000000000000000e+00
3.097594220882238858e+01,0.000000000000000000e+00,0.000000000000000000e+00
3.002218138650091461e+01,0.000000000000000000e+00,0.000000000000000000e+00
3.071034907465064379e+01,0.000000000000000000e+00,0.000000000000000000e+00
3.329167152992326351e+01,0.000000000000000000e+00,0.000000000000000000e+00
3.106714278512956184e+01,0.000000000000000000e+00,0.000000000000000000e+00
2.995807686533093417e+01,0.000000000000000000e+00,0.000000000000000000e+00
3.166437682827294609e+01,0.000000000000000000e+00,0.000000000000000000e+00
3.003409310921542641e+01,0.000000000000000000e+00,0.000000000000000000e+00
3.334944358976644452e+01,0.000000000000000000e+00,0.000000000000000000e+00
3.325821091526304940e+01,0.000000000000000000e+00,0.000000000000000000e+00
2.293217044967778762e+01,0.000000000000000000e+00,0.000000000000000000e+00
2.336526618933966759e+01,0.000000000000000000e+00,0.000000000000000000e+00
2.432487876893043932e+01,0.000000000000000000e+00,0.000000000000000000e+00
2.561700984770917344e+01,0.000000000000000000e+00,0.000000000000000000e+00
2.335061078047872485e+01,0.000000000000000000e+00,0.000000000000000000e+00
2.215265043549402080e+01,0.000000000000000000e+00,0.000000000000000000e+00
2.014551108888097986e+01,0.000000000000000000e+00,0.000000000000000000e+00
2.095957949401000775e+01,0.000000000000000000e+00,0.000000000000000000e+00
2.285395263476669925e+01,0.000000000000000000e+00,0.000000000000000000e+00
2.380309388115327707e+01,0.000000000000000000e+00,0.000000000000000000e+00
2.328738785552959456e+01,0.000000000000000000e+00,0.000000000000000000e+00
2.222878685813421740e+01,0.000000000000000000e+00,0.000000000000000000e+00
2.149833611794436550e+01,0.000000000000000000e+00,0.000000000000000000e+00
2.217548519647904115e+01,0.000000000000000000e+00,0.000000000000000000e+00
1.855237434064585145e+01,0.000000000000000000e+00,0.000000000000000000e+00
1.819535614271210378e+01,0.000000000000000000e+00,0.000000000000000000e+00
2.165595967290251522e+01,0.000000000000000000e+00,0.000000000000000000e+00
2.098037106348050074e+01,0.000000000000000000e+00,0.000000000000000000e+00
1.850919866880866493e+01,0.000000000000000000e+00,0.000000000000000000e+00
1.891553492088680954e+01,0.000000000000000000e+00,0.000000000000000000e+00
2.314799171548967038e+01,0.000000000000000000e+00,0.000000000000000000e+00
2.007553697534118697e+01,0.000000000000000000e+00,0.000000000000000000e+00
1.860484223336963439e+01,0.000000000000000000e+00,0.000000000000000000e+00
1.839643366459298690e+01,0.000000000000000000e+00,0.000000000000000000e+00
2.225982226608794434e+01,0.000000000000000000e+00,0.000000000000000000e+00
2.075234297254953120e+01,0.000000000000000000e+00,0.000000000000000000e+00
1.739505276252897659e+01,0.000000000000000000e+00,0.000000000000000000e+00
2.049622185628735593e+01,0.000000000000000000e+00,0.000000000000000000e+00
2.231422767385166495e+01,0.000000000000000000e+00,0.000000000000000000e+00
1.810424793550122757e+01,0.000000000000000000e+00,0.000000000000000000e+00
2.076927705239456046e+01,0.000000000000000000e+00,0.000000000000000000e+00
1.562087341135401886e+01,0.000000000000000000e+00,0.000000000000000000e+00
2.119991569477663873e+01,0.000000000000000000e+00,0.000000000000000000e+00
1.801220111511903710e+01,0.000000000000000000e+00,0.000000000000000000e+00
2.014133387595979130e+01,0.000000000000000000e+00,0.000000000000000000e+00
1.869300954697516559e+01,0.000000000000000000e+00,0.000000000000000000e+00
1.885314425107119973e+01,0.000000000000000000e+00,0.000000000000000000e+00
1.975602126501652478e+01,0.000000000000000000e+00,0.000000000000000000e+00
2.023439617450226535e+01,0.000000000000000000e+00,0.000000000000000000e+00
2.262987613849322344e+01,0.000000000000000000e+00,0.000000000000000000e+00
2.192926435113970740e+01,0.000000000000000000e+00,0.000000000000000000e+00
2.278153648951531451e+01,0.000000000000000000e+00,0.000000000000000000e+00
1.968583857074404264e+01,0.000000000000000000e+00,0.000000000000000000e+00
1.904289742676799690e+01,0.000000000000000000e+00,0.000000000000000000e+00
2.230292526002239839e+01,0.000000000000000000e+00,0.000000000000000000e+00
1.957933784879931949e+01,0.000000000000000000e+00,0.000000000000000000e+00
1.892513162133990789e+01,0.000000000000000000e+00,0.000000000000000000e+00
1.796172051021388327e+01,0.000000000000000000e+00,0.000000000000000000e+00
1.831979103536203368e+01,0.000000000000000000e+00,0.000000000000000000e+00
2.337648925443653525e+01,0.000000000000000000e+00,0.000000000000000000e+00
2.053711143480882839e+01,0.000000000000000000e+00,0.000000000000000000e+00
1.988865755580181016e+01,0.000000000000000000e+00,0.000000000000000000e+00
2.001454121523994800e+01,0.000000000000000000e+00,0.000000000000000000e+00
1.655135002797051769e+01,0.000000000000000000e+00,0.000000000000000000e+00
1.981372520455107278e+01,0.000000000000000000e+00,0.000000000000000000e+00
2.412724043093220416e+01,0.000000000000000000e+00,0.000000000000000000e+00
2.338756823870057033e+01,0.000000000000000000e+00,0.000000000000000000e+00
1.694338385186961204e+01,0.000000000000000000e+00,0.000000000000000000e+00
2.277228386822833173e+01,0.000000000000000000e+00,0.000000000000000000e+00
2.186351687673028721e+01,0.000000000000000000e+00,0.000000000000000000e+00
2.011660415878125008e+01,0.000000000000000000e+00,0.000000000000000000e+00
1.674765802687579352e+01,0.000000000000000000e+00,0.000000000000000000e+00
1.987441327174902383e+01,0.000000000000000000e+00,0.000000000000000000e+00
1.880145111175383477e+01,0.000000000000000000e+00,0.000000000000000000e+00
1.978555005839885439e+01,0.000000000000000000e+00,0.000000000000000000e+00
1.863898293920344074e+01,0.000000000000000000e+00,0.000000000000000000e+00
2.225060205823851689e+01,0.000000000000000000e+00,0.000000000000000000e+00
2.242583082937924388e+01,0.000000000000000000e+00,0.000000000000000000e+00
1.990168838790146211e+01,0.000000000000000000e+00,0.000000000000000000e+00
1.811388240613900535e+01,0.000000000000000000e+00,0.000000000000000000e+00
2.457275966472522555e+01,0.000000000000000000e+00,0.000000000000000000e+00
1.632877390242978066e+01,0.000000000000000000e+00,0.000000000000000000e+00
1.591937359741776703e+01,0.000000000000000000e+00,0.000000000000000000e+00
2.103546589870757799e+01,0.000000000000000000e+00,0.000000000000000000e+00
2.300644712373796352e+01,0.000000000000000000e+00,0.000000000000000000e+00
1.864714458177967416e+01,0.000000000000000000e+00,0.000000000000000000e+00
1.939442179668098021e+01,0.000000000000000000e+00,0.000000000000000000e+00
2.461211070282824309e+01,0.000000000000000000e+00,0.000000000000000000e+00
2.183739882586690584e+01,0.000000000000000000e+00,0.000000000000000000e+00
1.774782295369630347e+01,0.000000000000000000e+00,0.000000000000000000e+00
2.146445736620482947e+01,0.000000000000000000e+00,0.000000000000000000e+00
2.217264707912891453e+01,0.000000000000000000e+00,0.000000000000000000e+00
2.263339208851080642e+01,0.000000000000000000e+00,0.000000000000000000e+00
1.866737709514028154e+01,0.000000000000000000e+00,0.000000000000000000e+00
1.843910816047299051e+01,0.000000000000000000e+00,0.000000000000000000e+00
1.527398854496537517e+01,0.000000000000000000e+00,0.000000000000000000e+00
2.359183388992821051e+01,0.000000000000000000e+00,0.000000000000000000e+00
2.184550537007406490e+01,0.000000000000000000e+00,0.000000000000000000e+00
2.183258207137570039e+01,0.000000000000000000e+00,0.000000000000000000e+00
1.740619780578889220e+01,0.000000000000000000e+00,0.000000000000000000e+00
1.540468966185700950e+01,0.000000000000000000e+00,0.000000000000000000e+00
1.534108721736371095e+01,0.000000000000000000e+00,0.000000000000000000e+00
1.979502544216529358e+01,0.000000000000000000e+00,0.000000000000000000e+00
1.994475962293548221e+01,0.000000000000000000e+00,0.000000000000000000e+00
2.125800764247211561e+01,0.000000000000000000e+00,0.000000000000000000e+00
2.218894581138610889e+01,0.000000000000000000e+00,0.000000000000000000e+00
2.172832145589377362e+01,0.000000000000000000e+00,0.000000000000000000e+00
1.940504428171960072e+01,0.000000000000000000e+00,0.000000000000000000e+00
2.228133210636816841e+01,0.000000000000000000e+00,0.000000000000000000e+00
1.923261661164771752e+01,0.000000000000000000e+00,0.000000000000000000e+00
2.377928934365329994e+01,0.000000000000000000e+00,0.000000000000000000e+00
2.181105454143880706e+01,0.000000000000000000e+00,0.000000000000000000e+00
2.014249102056191632e+01,0.000000000000000000e+00,0.000000000000000000e+00
1.896996890704237870e+01,0.000000000000000000e+00,0.000000000000000000e+00
1.889257865316251639e+01,0.000000000000000000e+00,0.000000000000000000e+00
2.052342797295564480e+01,0.000000000000000000e+00,0.000000000000000000e+00
1.707420079850992067e+01,0.000000000000000000e+00,0.000000000000000000e+00
2.185419025608971566e+01,0.000000000000000000e+00,0.000000000000000000e+00
1.934107234508192974e+01,0.000000000000000000e+00,0.000000000000000000e+00
2.171045671229484242e+01,0.000000000000000000e+00,0.000000000000000000e+00
2.144643185278130915e+01,0.000000000000000000e+00,0.000000000000000000e+00
2.123351205344679116e+01,0.000000000000000000e+00,0.000000000000000000e+00
1.570271836020666001e+01,0.000000000000000000e+00,0.000000000000000000e+00
2.138029663704872974e+01,0.000000000000000000e+00,0.000000000000000000e+00
2.200634036774218316e+01,0.000000000000000000e+00,0.000000000000000000e+00
1.985512210834899705e+01,0.000000000000000000e+00,0.000000000000000000e+00
2.080077194488358217e+01,0.000000000000000000e+00,0.000000000000000000e+00
2.059479080099210790e+01,0.000000000000000000e+00,0.000000000000000000e+00
1.605627441404375233e+01,0.000000000000000000e+00,0.000000000000000000e+00
1.899008087661318456e+01,0.000000000000000000e+00,0.000000000000000000e+00
1.984835314320561750e+01,0.000000000000000000e+00,0.000000000000000000e+00
1.918746432150321013e+01,0.000000000000000000e+00,0.000000000000000000e+00
2.093330391744320806e+01,0.000000000000000000e+00,0.000000000000000000e+00
1.795980071925358246e+01,0.000000000000000000e+00,0.000000000000000000e+00
1.698212719660127590e+01,0.000000000000000000e+00,0.000000000000000000e+00
1.745793776981301093e+01,0.000000000000000000e+00,0.000000000000000000e+00
2.355360892646599780e+01,0.000000000000000000e+00,0.000000000000000000e+00
2.160460386014504053e+01,0.000000000000000000e+00,0.000000000000000000e+00
1.811726996028516012e+01,0.000000000000000000e+00,0.000000000000000000e+00
1.992539293122260702e+01,0.000000000000000000e+00,0.000000000000000000e+00
2.010714251178938738e+01,0.000000000000000000e+00,0.000000000000000000e+00
2.071480946598516937e+01,0.000000000000000000e+00,0.000000000000000000e+00
2.341676627283925427e+01,0.000000000000000000e+00,0.000000000000000000e+00
1.841227310593359334e+01,0.000000000000000000e+00,0.000000000000000000e+00
2.277944032624833426e+01,0.000000000000000000e+00,0.000000000000000000e+00
2.120378820494486405e+01,0.000000000000000000e+00,0.000000000000000000e+00
1.977685048865261663e+01,0.000000000000000000e+00,0.000000000000000000e+00
2.065942921687729239e+01,0.000000000000000000e+00,0.000000000000000000e+00
1.741293295323175627e+01,0.000000000000000000e+00,0.000000000000000000e+00
1.793353991776216461e+01,0.000000000000000000e+00,0.000000000000000000e+00
2.003841862668667773e+01,0.000000000000000000e+00,0.000000000000000000e+00
1.922488380223803262e+01,0.000000000000000000e+00,0.000000000000000000e+00
2.151242691237464655e+01,0.000000000000000000e+00,0.000000000000000000e+00
2.091135199016995472e+01,0.000000000000000000e+00,0.000000000000000000e+00
1.988887788139046009e+01,0.000000000000000000e+00,0.000000000000000000e+00
1.812875622564918032e+01,0.000000000000000000e+00,0.000000000000000000e+00
1.886196808463733632e+01,0.000000000000000000e+00,0.000000000000000000e+00
2.008047878840336864e+01,0.000000000000000000e+00,0.000000000000000000e+00
2.144170173871838614e+01,0.000000000000000000e+00,0.000000000000000000e+00
1.859343846920133814e+01,0.000000000000000000e+00,0.000000000000000000e+00
2.139448579622800395e+01,0.000000000000000000e+00,0.000000000000000000e+00
1.939648972572833685e+01,0.000000000000000000e+00,0.000000000000000000e+00
1.901662789250349661e+01,0.000000000000000000e+00,0.000000000000000000e+00
2.115120008696361964e+01,0.000000000000000000e+00,0.000000000000000000e+00
2.015429843231674667e+01,0.000000000000000000e+00,0.000000000000000000e+00
2.223699487713945189e+01,0.000000000000000000e+00,0.000000000000000000e+00
2.032595821443451811e+01,0.000000000000000000e+00,0.000000000000000000e+00
2.058186492843631044e+01,0.000000000000000000e+00,0.000000000000000000e+00
2.123883038619116093e+01,0.000000000000000000e+00,0.000000000000000000e+00
1.806874720727218531e+01,0.000000000000000000e+00,0.000000000000000000e+00
2.287983743088391719e+01,0.000000000000000000e+00,0.000000000000000000e+00
1.797588158812548897e+01,0.000000000000000000e+00,0.000000000000000000e+00
1.924621753580518657e+01,0.000000000000000000e+00,0.000000000000000000e+00
2.222437607354616063e+01,0.000000000000000000e+00,0.000000000000000000e+00
1.858500996367096292e+01,0.000000000000000000e+00,0.000000000000000000e+00
2.011747471757645656e+01,0.000000000000000000e+00,0.000000000000000000e+00
2.085470623223793751e+01,0.000000000000000000e+00,0.000000000000000000e+00
1.993510141403666580e+01,0.000000000000000000e+00,0.000000000000000000e+00
6.760895013535569831e+01,0.000000000000000000e+00,0.000000000000000000e+00
6.689863875590653208e+01,0.000000000000000000e+00,0.000000000000000000e+00
7.080142540232867532e+01,0.000000000000000000e+00,0.000000000000000000e+00
6.496982893771324541e+01,0.000000000000000000e+00,0.000000000000000000e+00
6.857013458721797861e+01,0.000000000000000000e+00,0.000000000000000000e+00
6.816819565447575258e+01,0.000000000000000000e+00,0.000000000000000000e+00
6.906131852078701172e+01,0.000000000000000000e+00,0.000000000000000000e+00
6.905527442592902787e+01,0.000000000000000000e+00,0.000000000000000000e+00
6.969715150697537354e+01,0.000000000000000000e+00,0.000000000000000000e+00
6.643202101164145290e+01,0.000000000000000000e+00,0.000000000000000000e+00
7.139126460323926437e+01,0.000000000000000000e+00,0.000000000000000000e+00
6.446562211121589314e+01,0.000000000000000000e+00,0.000000000000000000e+00
7.947217710444115824e+01,0.000000000000000000e+00,0.000000000000000000e+00
8.061187341692370012e+01,0.000000000000000000e+00,0.000000000000000000e+00
7.708883968462235714e+01,0.000000000000000000e+00,0.000000000000000000e+00
8.067203237783644454e+01,0.000000000000000000e+00,0.000000000000000000e+00
8.141460219726899084e+01,0.000000000000000000e+00,0.000000000000000000e+00
7.630358308760327191e+01,0.000000000000000000e+00,0.000000000000000000e+00
7.852649017141553145e+01,0.000000000000000000e+00,0.000000000000000000e+00
8.007592133055224792e+01,0.000000000000000000e+00,0.000000000000000000e+00
8.171819410255673688e+01,0.000000000000000000e+00,0.000000000000000000e+00
7.376025833917282171e+01,0.000000000000000000e+00,0.000000000000000000e+00
7.289600226048698062e+01,0.000000000000000000e+00,0.000000000000000000e+00
7.565457279200121832e+01,0.000000000000000000e+00,0.000000000000000000e+00
7.575945244242235788e+01,0.000000000000000000e+00,0.000000000000000000e+00
7.695044653378492683e+01,0.000000000000000000e+00,0.000000000000000000e+00
8.066212902072167878e+01,0.000000000000000000e+00,0.000000000000000000e+00
7.835845991803012112e+01,0.000000000000000000e+00,0.000000000000000000e+00
7.618566170309199492e+01,0.000000000000000000e+00,0.000000000000000000e+00
8.028734314140949380e+01,0.000000000000000000e+00,0.000000000000000000e+00
7.864709104555230113e+01,0.000000000000000000e+00,0.000000000000000000e+00
7.791406108039602429e+01,0.000000000000000000e+00,0.000000000000000000e+00
8.169264970995143926e+01,0.000000000000000000e+00,0.000000000000000000e+00
7.713340912086468393e+01,0.000000000000000000e+00,0.000000000000000000e+00
8.011539653091793411e+01,0.000000000000000000e+00,0.000000000000000000e+00
7.599214698828397729e+01,0.000000000000000000e+00,0.000000000000000000e+00
7.920122165288378824e+01,0.000000000000000000e+00,0.000000000000000000e+00
8.105616416141025127e+01,0.000000000000000000e+00,0.000000000000000000e+00
8.268468314848935563e+01,0.000000000000000000e+00,0.000000000000000000e+00
7.998714504882694598e+01,0.000000000000000000e+00,0.000000000000000000e+00
8.119147350338636215e+01,0.000000000000000000e+00,0.000000000000000000e+00
7.828282348893920073e+01,0.000000000000000000e+00,0.000000000000000000e+00
7.935127393293348064e+01,0.000000000000000000e+00,0.000000000000000000e+00
7.902716253533095880e+01,0.000000000000000000e+00,0.000000000000000000e+00
7.934609102078161413e+01,0.000000000000000000e+00,0.000000000000000000e+00
8.091318242117662862e+01,0.000000000000000000e+00,0.000000000000000000e+00
8.089096025590446004e+01,0.000000000000000000e+00,0.000000000000000000e+00
8.211351104073506235e+01,0.000000000000000000e+00,0.000000000000000000e+00
8.030764266417368447e+01,0.000000000000000000e+00,0.000000000000000000e+00
8.265545783556011372e+01,0.000000000000000000e+00,0.000000000000000000e+00
8.221642081730966822e+01,0.000000000000000000e+00,0.000000000000000000e+00
8.047233679678569729e+01,0.000000000000000000e+00,0.000000000000000000e+00
8.152635051139928635e+01,0.000000000000000000e+00,0.000000000000000000e+00
8.354136125473510788e+01,0.000000000000000000e+00,0.000000000000000000e+00
7.854766548012362648e+01,0.000000000000000000e+00,0.000000000000000000e+00
8.064218760612115489e+01,0.000000000000000000e+00,0.000000000000000000e+00
7.898151851051434846e+01,0.000000000000000000e+00,0.000000000000000000e+00
7.871338217141000371e+01,0.000000000000000000e+00,0.000000000000000000e+00
7.998366912561027675e+01,0.000000000000000000e+00,0.000000000000000000e+00
8.048141719854967846e+01,0.000000000000000000e+00,0.000000000000000000e+00
8.016574458835134465e+01,0.000000000000000000e+00,0.000000000000000000e+00
7.731973562039168257e+01,0.000000000000000000e+00,0.000000000000000000e+00
7.894454526357317548e+01,0.000000000000000000e+00,0.000000000000000000e+00
8.056979871342412025e+01,0.000000000000000000e+00,0.000000000000000000e+00
8.490255369933534269e+01,0.000000000000000000e+00,0.000000000000000000e+00
8.148932505002620985e+01,0.000000000000000000e+00,0.000000000000000000e+00
8.093644542036196299e+01,0.000000000000000000e+00,0.000000000000000000e+00
7.781405365807361818e+01,0.000000000000000000e+00,0.000000000000000000e+00
8.206709425086960152e+01,0.000000000000000000e+00,0.000000000000000000e+00
7.650927884695244074e+01,0.000000000000000000e+00,0.000000000000000000e+00
7.838321954311652462e+01,0.000000000000000000e+00,0.000000000000000000e+00
8.029355037095012904e+01,0.000000000000000000e+00,0.000000000000000000e+00
7.831133981163067403e+01,0.000000000000000000e+00,0.000000000000000000e+00
7.966516841108762037e+01,0.000000000000000000e+00,0.000000000000000000e+00
8.206632523441571436e+01,0.000000000000000000e+00,0.000000000000000000e+00
7.913295963738913485e+01,0.000000000000000000e+00,0.000000000000000000e+00
7.974072192011013271e+01,0.000000000000000000e+00,0.000000000000000000e+00
7.822125515697723586e+01,0.000000000000000000e+00,0.000000000000000000e+00
8.118575137858498181e+01,0.000000000000000000e+00,0.000000000000000000e+00
7.807492069391062728e+01,0.000000000000000000e+00,0.000000000000000000e+00
8.201216362330737297e+01,0.000000000000000000e+00,0.000000000000000000e+00
8.180862884118539569e+01,0.000000000000000000e+00,0.000000000000000000e+00
8.280457115384173505e+01,0.000000000000000000e+00,0.000000000000000000e+00
8.184650028655318010e+01,0.000000000000000000e+00,0.000000000000000000e+00
7.903222242462403813e+01,0.000000000000000000e+00,0.000000000000000000e+00
7.871336173352175081e+01,0.000000000000000000e+00,0.000000000000000000e+00
7.679704870964597774e+01,0.000000000000000000e+00,0.000000000000000000e+00
8.041028510699388221e+01,0.000000000000000000e+00,0.000000000000000000e+00
7.772232724777030910e+01,0.000000000000000000e+00,0.000000000000000000e+00
8.099994021796267418e+01,0.000000000000000000e+00,0.000000000000000000e+00
7.839386463493963220e+01,0.000000000000000000e+00,0.000000000000000000e+00
7.800989002763608937e+01,0.000000000000000000e+00,0.000000000000000000e+00
8.005475943791655880e+01,0.000000000000000000e+00,0.000000000000000000e+00
8.366220277597493293e+01,0.000000000000000000e+00,0.000000000000000000e+00
7.991627001335847069e+01,0.000000000000000000e+00,0.000000000000000000e+00
8.060956247979663658e+01,0.000000000000000000e+00,0.000000000000000000e+00
8.095429959333486636e+01,0.000000000000000000e+00,0.000000000000000000e+00
8.063465142349978976e+01,0.000000000000000000e+00,0.000000000000000000e+00
7.843927768796426392e+01,0.000000000000000000e+00,0.000000000000000000e+00
7.829078067890614534e+01,0.000000000000000000e+00,0.000000000000000000e+00
8.280544692872551593e+01,0.000000000000000000e+00,0.000000000000000000e+00
7.881087706738905752e+01,0.000000000000000000e+00,0.000000000000000000e+00
8.063893802717761616e+01,0.000000000000000000e+00,0.000000000000000000e+00
8.030823138702915287e+01,0.000000000000000000e+00,0.000000000000000000e+00
7.872588298771050574e+01,0.000000000000000000e+00,0.000000000000000000e+00
8.209989328599050395e+01,0.000000000000000000e+00,0.000000000000000000e+00
7.792105328066718073e+01,0.000000000000000000e+00,0.000000000000000000e+00
7.857595433337047552e+01,0.000000000000000000e+00,0.000000000000000000e+00
3.356297480028404578e+01,0.000000000000000000e+00,0.000000000000000000e+00
3.249091371664228234e+01,0.000000000000000000e+00,0.000000000000000000e+00
3.443928755267214825e+01,0.000000000000000000e+00,0.000000000000000000e+00
3.258403678697905548e+01,0.000000000000000000e+00,0.000000000000000000e+00
3.354423730607479825e+01,0.000000000000000000e+00,0.000000000000000000e+00
3.320265526497626496e+01,0.000000000000000000e+00,0.000000000000000000e+00
3.212455161519407199e+01,0.000000000000000000e+00,0.000000000000000000e+00
3.148930004450262743e+01,0.000000000000000000e+00,0.000000000000000000e+00
3.047449231102682887e+01,0.000000000000000000e+00,0.000000000000000000e+00
3.036038256607920971e+01,0.000000000000000000e+00,0.000000000000000000e+00
3.257408561079085985e+01,0.000000000000000000e+00,0.000000000000000000e+00
3.127275081663848511e+01,0.000000000000000000e+00,0.000000000000000000e+00
2.108928403432032894e+01,0.000000000000000000e+00,0.000000000000000000e+00
2.294775064277419574e+01,0.000000000000000000e+00,0.000000000000000000e+00
2.463951685385627144e+01,0.000000000000000000e+00,0.000000000000000000e+00
2.087629647675365518e+01,0.000000000000000000e+00,0.000000000000000000e+00
2.313368969926604990e+01,0.000000000000000000e+00,0.000000000000000000e+00
2.131267107849019382e+01,0.000000000000000000e+00,0.000000000000000000e+00
2.466295102957740326e+01,0.000000000000000000e+00,0.000000000000000000e+00
2.609619269343231451e+01,0.000000000000000000e+00,0.000000000000000000e+00
2.509015374799369980e+01,0.000000000000000000e+00,0.000000000000000000e+00
2.048803446420259178e+01,0.000000000000000000e+00,0.000000000000000000e+00
2.202392842925913286e+01,0.000000000000000000e+00,0.000000000000000000e+00
2.363694426481041688e+01,0.000000000000000000e+00,0.000000000000000000e+00
1.851525507986298891e+01,0.000000000000000000e+00,0.000000000000000000e+00
2.292099868428145726e+01,0.000000000000000000e+00,0.000000000000000000e+00
1.976098888041890334e+01,0.000000000000000000e+00,0.000000000000000000e+00
2.379847015853734860e+01,0.000000000000000000e+00,0.000000000000000000e+00
1.943504601821398836e+01,0.000000000000000000e+00,0.000000000000000000e+00
1.991841106644123727e+01,0.000000000000000000e+00,0.000000000000000000e+00
1.835376521076616640e+01,0.000000000000000000e+00,0.000000000000000000e+00
1.879497450629505906e+01,0.000000000000000000e+00,0.000000000000000000e+00
2.031037508040578388e+01,0.000000000000000000e+00,0.000000000000000000e+00
2.263800882585229601e+01,0.000000000000000000e+00,0.000000000000000000e+00
1.860688377834524943e+01,0.000000000000000000e+00,0.000000000000000000e+00
2.311590737601384404e+01,0.000000000000000000e+00,0.000000000000000000e+00
1.920816514660689123e+01,0.000000000000000000e+00,0.000000000000000000e+00
2.344836063064404641e+01,0.000000000000000000e+00,0.000000000000000000e+00
1.688745254247346850e+01,0.000000000000000000e+00,0.000000000000000000e+00
2.214275375060761064e+01,0.000000000000000000e+00,0.000000000000000000e+00
2.086421141146502833e+01,0.000000000000000000e+00,0.000000000000000000e+00
2.148752420734454915e+01,0.000000000000000000e+00,0.000000000000000000e+00
2.511275031875165098e+01,0.000000000000000000e+00,0.000000000000000000e+00
1.849528408917139899e+01,0.000000000000000000e+00,0.000000000000000000e+00
1.939569568414948719e+01,0.000000000000000000e+00,0.000000000000000000e+00
2.603586425806011917e+01,0.000000000000000000e+00,0.000000000000000000e+00
1.832814104369338182e+01,0.000000000000000000e+00,0.000000000000000000e+00
1.987459561040568801e+01,0.000000000000000000e+00,0.000000000000000000e+00
2.160383495293157452e+01,0.000000000000000000e+00,0.000000000000000000e+00
2.212603177906091290e+01,0.000000000000000000e+00,0.000000000000000000e+00
2.143872077168200363e+01,0.000000000000000000e+00,0.000000000000000000e+00
1.985520686410788471e+01,0.000000000000000000e+00,0.000000000000000000e+00
2.268771615899233396e+01,0.000000000000000000e+00,0.000000000000000000e+00
1.711537742793075623e+01,0.000000000000000000e+00,0.000000000000000000e+00
2.072011013166238769e+01,0.000000000000000000e+00,0.000000000000000000e+00
2.013636752033373867e+01,0.000000000000000000e+00,0.000000000000000000e+00
1.674133877031436768e+01,0.000000000000000000e+00,0.000000000000000000e+00
2.084907526629790198e+01,0.000000000000000000e+00,0.000000000000000000e+00
1.993502111878282435e+01,0.000000000000000000e+00,0.000000000000000000e+00
1.783544580618049125e+01,0.000000000000000000e+00,0.000000000000000000e+00
1.632663483372505553e+01,0.000000000000000000e+00,0.000000000000000000e+00
2.139732823835254649e+01,0.000000000000000000e+00,0.000000000000000000e+00
2.332870936142989748e+01,0.000000000000000000e+00,0.000000000000000000e+00
1.993425302766094376e+01,0.000000000000000000e+00,0.000000000000000000e+00
1.937634416835965823e+01,0.000000000000000000e+00,0.000000000000000000e+00
2.058183117162956677e+01,0.000000000000000000e+00,0.000000000000000000e+00
2.176169516349739297e+01,0.000000000000000000e+00,0.000000000000000000e+00
2.094151180755841324e+01,0.000000000000000000e+00,0.000000000000000000e+00
1.870637208256355422e+01,0.000000000000000000e+00,0.000000000000000000e+00
1.799765337183900016e+01,0.000000000000000000e+00,0.000000000000000000e+00
1.816973991774158748e+01,0.000000000000000000e+00,0.000000000000000000e+00
1.976493819800384699e+01,0.000000000000000000e+00,0.000000000000000000e+00
2.042527922275025531e+01,0.000000000000000000e+00,0.000000000000000000e+00
1.838704735782929944e+01,0.000000000000000000e+00,0.000000000000000000e+00
2.224347420720718560e+01,0.000000000000000000e+00,0.000000000000000000e+00
2.134608745285991205e+01,0.000000000000000000e+00,0.000000000000000000e+00
2.151172759645985977e+01,0.000000000000000000e+00,0.000000000000000000e+00
1.933345951635494586e+01,0.000000000000000000e+00,0.000000000000000000e+00
1.759327385639073071e+01,0.000000000000000000e+00,0.000000000000000000e+00
2.270388933577484281e+01,0.000000000000000000e+00,0.000000000000000000e+00
1.670812982172617112e+01,0.000000000000000000e+00,0.000000000000000000e+00
1.978274479491240356e+01,0.000000000000000000e+00,0.000000000000000000e+00
2.294940097091150122e+01,0.000000000000000000e+00,0.000000000000000000e+00
1.991303214605594718e+01,0.000000000000000000e+00,0.000000000000000000e+00
1.836391978165594807e+01,0.000000000000000000e+00,0.000000000000000000e+00
1.833141890419022246e+01,0.000000000000000000e+00,0.000000000000000000e+00
2.000122593977556207e+01,0.000000000000000000e+00,0.000000000000000000e+00
2.253917947995021365e+01,0.000000000000000000e+00,0.000000000000000000e+00
2.097774797531075208e+01,0.000000000000000000e+00,0.000000000000000000e+00
1.867867285942553224e+01,0.000000000000000000e+00,0.000000000000000000e+00
2.268174944400029602e+01,0.000000000000000000e+00,0.000000000000000000e+00
1.953432895546617587e+01,0.000000000000000000e+00,0.000000000000000000e+00
2.149299543371368060e+01,0.000000000000000000e+00,0.000000000000000000e+00
2.276110574678205722e+01,0.000000000000000000e+00,0.000000000000000000e+00
1.965028351297378961e+01,0.000000000000000000e+00,0.000000000000000000e+00
2.051294248248287388e+01,0.000000000000000000e+00,0.000000000000000000e+00
2.151951121800585653e+01,0.000000000000000000e+00,0.000000000000000000e+00
2.145125755535417866e+01,0.000000000000000000e+00,0.000000000000000000e+00
2.113672295490975372e+01,0.000000000000000000e+00,0.000000000000000000e+00
2.215624449292127096e+01,0.000000000000000000e+00,0.000000000000000000e+00
1.896285506443001978e+01,0.000000000000000000e+00,0.000000000000000000e+00
2.046872924038470387e+01,0.000000000000000000e+00,0.000000000000000000e+00
2.205343078622748365e+01,0.000000000000000000e+00,0.000000000000000000e+00
1.843528538453496779e+01,0.000000000000000000e+00,0.000000000000000000e+00
1.979409702105367330e+01,0.000000000000000000e+00,0.000000000000000000e+00
1.872938714329718479e+01,0.000000000000000000e+00,0.000000000000000000e+00
1.908274721112758243e+01,0.000000000000000000e+00,0.000000000000000000e+00
1.950704840546450214e+01,0.000000000000000000e+00,0.000000000000000000e+00
1.887528181943162764e+01,0.000000000000000000e+00,0.000000000000000000e+00
1.480613480924219694e+01,0.000000000000000000e+00,0.000000000000000000e+00
2.055251001026856628e+01,0.000000000000000000e+00,0.000000000000000000e+00
1.905631609937503157e+01,0.000000000000000000e+00,0.000000000000000000e+00
2.002243192088966239e+01,0.000000000000000000e+00,0.000000000000000000e+00
2.234020490863192521e+01,0.000000000000000000e+00,0.000000000000000000e+00
2.266914895725179946e+01,0.000000000000000000e+00,0.000000000000000000e+00
1.864102280770287123e+01,0.000000000000000000e+00,0.000000000000000000e+00
2.129184534099273662e+01,0.000000000000000000e+00,0.000000000000000000e+00
2.262607811063922014e+01,0.000000000000000000e+00,0.000000000000000000e+00
1.857287241315328075e+01,0.000000000000000000e+00,0.000000000000000000e+00
1.827820049560740756e+01,0.000000000000000000e+00,0.000000000000000000e+00
1.979287888121702821e+01,0.000000000000000000e+00,0.000000000000000000e+00
2.016922389461567633e+01,0.000000000000000000e+00,0.000000000000000000e+00
1.889087945673483659e+01,0.000000000000000000e+00,0.000000000000000000e+00
2.077580643959472795e+01,0.000000000000000000e+00,0.000000000000000000e+00
1.861989468253537083e+01,0.000000000000000000e+00,0.000000000000000000e+00
2.114988262362089344e+01,0.000000000000000000e+00,0.000000000000000000e+00
1.856496953062667288e+01,0.000000000000000000e+00,0.000000000000000000e+00
2.188950807960206646e+01,0.000000000000000000e+00,0.000000000000000000e+00
2.296299019590180279e+01,0.000000000000000000e+00,0.000000000000000000e+00
2.157568163869954248e+01,0.000000000000000000e+00,0.000000000000000000e+00
2.050715871401520474e+01,0.000000000000000000e+00,0.000000000000000000e+00
1.980954024340834962e+01,0.000000000000000000e+00,0.000000000000000000e+00
2.038280735375154862e+01,0.000000000000000000e+00,0.000000000000000000e+00
2.137978524919911294e+01,0.000000000000000000e+00,0.000000000000000000e+00
2.048063656714043290e+01,0.000000000000000000e+00,0.000000000000000000e+00
1.799202774847111286e+01,0.000000000000000000e+00,0.000000000000000000e+00
2.312049977817984114e+01,0.000000000000000000e+00,0.000000000000000000e+00
1.737671303116592725e+01,0.000000000000000000e+00,0.000000000000000000e+00
1.808423874079067772e+01,0.000000000000000000e+00,0.000000000000000000e+00
2.469743077136974563e+01,0.000000000000000000e+00,0.000000000000000000e+00
2.184096520384046158e+01,0.000000000000000000e+00,0.000000000000000000e+00
1.704130123171264444e+01,0.000000000000000000e+00,0.000000000000000000e+00
2.269060024319423619e+01,0.000000000000000000e+00,0.000000000000000000e+00
1.915918231104320313e+01,0.000000000000000000e+00,0.000000000000000000e+00
1.705441956089979527e+01,0.000000000000000000e+00,0.000000000000000000e+00
2.048844768552824647e+01,0.000000000000000000e+00,0.000000000000000000e+00
1.989129727691030425e+01,0.000000000000000000e+00,0.000000000000000000e+00
1.895447500547546582e+01,0.000000000000000000e+00,0.000000000000000000e+00
2.290065358252279637e+01,0.000000000000000000e+00,0.000000000000000000e+00
2.012642383453325223e+01,0.000000000000000000e+00,0.000000000000000000e+00
2.151558186384960081e+01,0.000000000000000000e+00,0.000000000000000000e+00
1.622210005151325163e+01,0.000000000000000000e+00,0.000000000000000000e+00
2.117318147524623129e+01,0.000000000000000000e+00,0.000000000000000000e+00
1.953743651290508510e+01,0.000000000000000000e+00,0.000000000000000000e+00
2.148324410146103958e+01,0.000000000000000000e+00,0.000000000000000000e+00
1.815301284806925963e+01,0.000000000000000000e+00,0.000000000000000000e+00
2.180543147631836121e+01,0.000000000000000000e+00,0.000000000000000000e+00
1.853858868272810412e+01,0.000000000000000000e+00,0.000000000000000000e+00
1.948800321514589129e+01,0.000000000000000000e+00,0.000000000000000000e+00
1.739954092837604449e+01,0.000000000000000000e+00,0.000000000000000000e+00
1.879792929878433227e+01,0.000000000000000000e+00,0.000000000000000000e+00
1.789129297337421320e+01,0.000000000000000000e+00,0.000000000000000000e+00
2.521891367772880699e+01,0.000000000000000000e+00,0.000000000000000000e+00
2.163990837566434067e+01,0.000000000000000000e+00,0.000000000000000000e+00
2.183704754086305755e+01,0.000000000000000000e+00,0.000000000000000000e+00
1.717288238777755893e+01,0.000000000000000000e+00,0.000000000000000000e+00
2.500370262605012428e+01,0.000000000000000000e+00,0.000000000000000000e+00
2.142356576916560584e+01,0.000000000000000000e+00,0.000000000000000000e+00
2.159516278644976950e+01,0.000000000000000000e+00,0.000000000000000000e+00
2.415271412436700160e+01,0.000000000000000000e+00,0.000000000000000000e+00
1.732552065990187984e+01,0.000000000000000000e+00,0.000000000000000000e+00
2.134114149707025376e+01,0.000000000000000000e+00,0.000000000000000000e+00
1.952355290376513963e+01,0.000000000000000000e+00,0.000000000000000000e+00
1.883627852439950345e+01,0.000000000000000000e+00,0.000000000000000000e+00
1.767995840194607382e+01,0.000000000000000000e+00,0.000000000000000000e+00
2.171171090882635113e+01,0.000000000000000000e+00,0.000000000000000000e+00
2.031355260790871142e+01,0.000000000000000000e+00,0.000000000000000000e+00
2.115699664866110297e+01,0.000000000000000000e+00,0.000000000000000000e+00
1.524335472720106921e+01,0.000000000000000000e+00,0.000000000000000000e+00
2.196404918477483292e+01,0.000000000000000000e+00,0.000000000000000000e+00
6.715091280370171489e+01,0.000000000000000000e+00,0.000000000000000000e+00
6.675178730449562181e+01,0.000000000000000000e+00,0.000000000000000000e+00
6.752485659062143952e+01,0.000000000000000000e+00,0.000000000000000000e+00
6.837716837475865361e+01,0.000000000000000000e+00,0.000000000000000000e+00
6.678671818824386719e+01,0.000000000000000000e+00,0.000000000000000000e+00
6.915167411298756406e+01,0.000000000000000000e+00,0.000000000000000000e+00
6.746809368289096653e+01,0.000000000000000000e+00,0.000000000000000000e+00
6.864521640728268892e+01,0.000000000000000000e+00,0.000000000000000000e+00
7.108251030002790571e+01,0.000000000000000000e+00,0.000000000000000000e+00
7.039095709952935920e+01,0.000000000000000000e+00,0.000000000000000000e+00
6.683437747196234113e+01,0.000000000000000000e+00,0.000000000000000000e+00
6.930894371609397808e+01,0.000000000000000000e+00,0.000000000000000000e+00
7.788487644781378094e+01,0.000000000000000000e+00,0.000000000000000000e+00
7.643799147527788307e+01,0.000000000000000000e+00,0.000000000000000000e+00
7.537158321656907844e+01,0.000000000000000000e+00,0.000000000000000000e+00
8.153136288072914795e+01,0.000000000000000000e+00,0.000000000000000000e+00
8.061309906723467122e+01,0.000000000000000000e+00,0.000000000000000000e+00
7.305558904042972301e+01,0.000000000000000000e+00,0.000000000000000000e+00
7.871995124289966839e+01,0.000000000000000000e+00,0.000000000000000000e+00
7.692654258261792677e+01,0.000000000000000000e+00,0.000000000000000000e+00
7.911525686103524890e+01,0.000000000000000000e+00,0.000000000000000000e+00
7.704118123462617973e+01,0.000000000000000000e+00,0.000000000000000000e+00
7.899267442589236055e+01,0.000000000000000000e+00,0.000000000000000000e+00
7.604199653013236571e+01,0.000000000000000000e+00,0.000000000000000000e+00
8.111256169724080678e+01,0.000000000000000000e+00,0.000000000000000000e+00
7.928215398488349308e+01,0.000000000000000000e+00,0.000000000000000000e+00
8.016546084960995699e+01,0.000000000000000000e+00,0.000000000000000000e+00
7.847265113888293797e+01,0.000000000000000000e+00,0.000000000000000000e+00
7.981629066715815668e+01,0.000000000000000000e+00,0.000000000000000000e+00
7.897648633375746385e+01,0.000000000000000000e+00,0.000000000000000000e+00
7.995418021284478982e+01,0.000000000000000000e+00,0.000000000000000000e+00
8.351472035234975522e+01,0.000000000000000000e+00,0.000000000000000000e+00
7.431514918657204305e+01,0.000000000000000000e+00,0.000000000000000000e+00
7.915710720536924327e+01,0.000000000000000000e+00,0.000000000000000000e+00
8.068203460174700581e+01,0.000000000000000000e+00,0.000000000000000000e+00
8.162223545170148498e+01,0.000000000000000000e+00,0.000000000000000000e+00
7.973573793213773797e+01,0.000000000000000000e+00,0.000000000000000000e+00
7.644895602501691201e+01,0.000000000000000000e+00,0.000000000000000000e+00
7.960874985044375762e+01,0.000000000000000000e+00,0.000000000000000000e+00
7.918275387963480227e+01,0.000000000000000000e+00,0.000000000000000000e+00
7.758993957706135802e+01,0.000000000000000000e+00,0.000000000000000000e+00
7.978955980419111427e+01,0.000000000000000000e+00,0.000000000000000000e+00
7.949784549544064305e+01,0.000000000000000000e+00,0.000000000000000000e+00
8.127982341172325675e+01,0.000000000000000000e+00,0.000000000000000000e+00
7.824927368335376343e+01,0.000000000000000000e+00,0.000000000000000000e+00
7.792589815797953179e+01,0.000000000000000000e+00,0.000000000000000000e+00
8.087418254701694309e+01,0.000000000000000000e+00,0.000000000000000000e+00
8.363095251472479674e+01,0.000000000000000000e+00,0.000000000000000000e+00
7.666569074817805074e+01,0.000000000000000000e+00,0.000000000000000000e+00
8.035179588934938977e+01,0.000000000000000000e+00,0.000000000000000000e+00
7.885455520015484865e+01,0.000000000000000000e+00,0.000000000000000000e+00
7.769944331265007520e+01,0.000000000000000000e+00,0.000000000000000000e+00
8.312472070218133524e+01,0.000000000000000000e+00,0.000000000000000000e+00
8.219024875271395558e+01,0.000000000000000000e+00,0.000000000000000000e+00
8.058910300180130548e+01,0.000000000000000000e+00,0.000000000000000000e+00
7.955721981050965042e+01,0.000000000000000000e+00,0.000000000000000000e+00
7.926849611374737492e+01,0.000000000000000000e+00,0.000000000000000000e+00
7.836027231963437600e+01,0.000000000000000000e+00,0.000000000000000000e+00
7.958197339521534275e+01,0.000000000000000000e+00,0.000000000000000000e+00
7.743826104871016014e+01,0.000000000000000000e+00,0.000000000000000000e+00
7.977934659803065642e+01,0.000000000000000000e+00,0.000000000000000000e+00
7.658092605952124643e+01,0.000000000000000000e+00,0.000000000000000000e+00
8.198685776269589098e+01,0.000000000000000000e+00,0.000000000000000000e+00
8.117185035482179956e+01,0.000000000000000000e+00,0.000000000000000000e+00
8.088384985404054817e+01,0.000000000000000000e+00,0.000000000000000000e+00
7.821896238580828253e+01,0.000000000000000000e+00,0.000000000000000000e+00
7.952334351307627003e+01,0.000000000000000000e+00,0.000000000000000000e+00
8.094587997702396365e+01,0.000000000000000000e+00,0.000000000000000000e+00
7.923951929152802620e+01,0.000000000000000000e+00,0.000000000000000000e+00
7.862610733976005406e+01,0.000000000000000000e+00,0.000000000000000000e+00
7.866258509680008615e+01,0.000000000000000000e+00,0.000000000000000000e+00
8.244629454349632169e+01,0.000000000000000000e+00,0.000000000000000000e+00
7.837358075981418892e+01,0.000000000000000000e+00,0.000000000000000000e+00
7.970536476281711202e+01,0.000000000000000000e+00,0.000000000000000000e+00
7.636319758180475503e+01,0.000000000000000000e+00,0.000000000000000000e+00
7.916038013731017031e+01,0.000000000000000000e+00,0.000000000000000000e+00
8.022198045929857813e+01,0.000000000000000000e+00,0.000000000000000000e+00
8.196458647484833193e+01,0.000000000000000000e+00,0.000000000000000000e+00
8.419162918572229160e+01,0.000000000000000000e+00,0.000000000000000000e+00
8.183426255146052597e+01,0.000000000000000000e+00,0.000000000000000000e+00
8.265424783901558214e+01,0.000000000000000000e+00,0.000000000000000000e+00
8.015655603654268191e+01,0.000000000000000000e+00,0.000000000000000000e+00
8.034862679245883044e+01,0.000000000000000000e+00,0.000000000000000000e+00
7.764063938721857028e+01,0.000000000000000000e+00,0.000000000000000000e+00
8.204254533856325793e+01,0.000000000000000000e+00,0.000000000000000000e+00
7.708462510643437327e+01,0.000000000000000000e+00,0.000000000000000000e+00
8.109881155806507991e+01,0.000000000000000000e+00,0.000000000000000000e+00
8.042813030251835471e+01,0.000000000000000000e+00,0.000000000000000000e+00
7.681660373354407056e+01,0.000000000000000000e+00,0.000000000000000000e+00
8.117885829443945056e+01,0.000000000000000000e+00,0.000000000000000000e+00
7.244771346775620202e+01,0.000000000000000000e+00,0.000000000000000000e+00
7.805970213995769313e+01,0.000000000000000000e+00,0.000000000000000000e+00
8.082738081552409426e+01,0.000000000000000000e+00,0.000000000000000000e+00
7.762947662219268352e+01,0.000000000000000000e+00,0.000000000000000000e+00
7.847739853491914630e+01,0.000000000000000000e+00,0.000000000000000000e+00
8.164899886068837986e+01,0.000000000000000000e+00,0.000000000000000000e+00
8.358395534187376086e+01,0.000000000000000000e+00,0.000000000000000000e+00
8.099169664416410797e+01,0.000000000000000000e+00,0.000000000000000000e+00
8.086510483734006982e+01,0.000000000000000000e+00,0.000000000000000000e+00
7.835466194100250448e+01,0.000000000000000000e+00,0.000000000000000000e+00
7.784726780321152262e+01,0.000000000000000000e+00,0.000000000000000000e+00
8.259015002603483424e+01,0.000000000000000000e+00,0.000000000000000000e+00
7.669117486181015408e+01,0.000000000000000000e+00,0.000000000000000000e+00
7.619336367652722686e+01,0.000000000000000000e+00,0.000000000000000000e+00
8.035334551648030299e+01,0.000000000000000000e+00,0.000000000000000000e+00
7.777081142762604316e+01,0.000000000000000000e+00,0.000000000000000000e+00
8.071304179895514608e+01,0.000000000000000000e+00,0.000000000000000000e+00
7.984286598173645189e+01,0.000000000000000000e+00,0.000000000000000000e+00
2.839811837516846182e+01,0.000000000000000000e+00,0.000000000000000000e+00
2.999200600824649854e+01,0.000000000000000000e+00,0.000000000000000000e+00
3.018644293605132134e+01,0.000000000000000000e+00,0.000000000000000000e+00
3.382928426983306025e+01,0.000000000000000000e+00,0.000000000000000000e+00
3.254295073344630396e+01,0.000000000000000000e+00,0.000000000000000000e+00
3.406475438023183955e+01,0.000000000000000000e+00,0.000000000000000000e+00
3.023870345156580797e+01,0.000000000000000000e+00,0.000000000000000000e+00
2.852580472495868591e+01,0.000000000000000000e+00,0.000000000000000000e+00
3.201007438642430003e+01,0.000000000000000000e+00,0.000000000000000000e+00
3.064413287759251858e+01,0.000000000000000000e+00,0.000000000000000000e+00
3.378806854429987538e+01,0.000000000000000000e+00,0.000000000000000000e+00
2.826485612298908379e+01,0.000000000000000000e+00,0.000000000000000000e+00
2.077348509462879278e+01,0.000000000000000000e+00,0.000000000000000000e+00
2.200955608694389909e+01,0.000000000000000000e+00,0.000000000000000000e+00
2.122849810519726432e+01,0.000000000000000000e+00,0.000000000000000000e+00
2.114475377840813763e+01,0.000000000000000000e+00,0.000000000000000000e+00
2.184709422621838826e+01,0.000000000000000000e+00,0.000000000000000000e+00
2.341401767073359963e+01,0.000000000000000000e+00,0.000000000000000000e+00
2.438114484490636613e+01,0.000000000000000000e+00,0.000000000000000000e+00
2.121837116285166047e+01,0.000000000000000000e+00,0.000000000000000000e+00
2.285473853523519239e+01,0.000000000000000000e+00,0.000000000000000000e+00
2.182783104325317680e+01,0.000000000000000000e+00,0.000000000000000000e+00
2.075150171756006756e+01,0.000000000000000000e+00,0.000000000000000000e+00
1.747993422831869381e+01,0.000000000000000000e+00,0.000000000000000000e+00
2.000380029619081412e+01,0.000000000000000000e+00,0.000000000000000000e+00
2.328903013892841756e+01,0.000000000000000000e+00,0.000000000000000000e+00
2.037731519601782537e+01,0.000000000000000000e+00,0.000000000000000000e+00
2.109184895304103335e+01,0.000000000000000000e+00,0.000000000000000000e+00
1.998673070017171227e+01,0.000000000000000000e+00,0.000000000000000000e+00
1.818951500656852360e+01,0.000000000000000000e+00,0.000000000000000000e+00
1.919347129957008136e+01,0.000000000000000000e+00,0.000000000000000000e+00
2.123297256771090957e+01,0.000000000000000000e+00,0.000000000000000000e+00
2.132987595647480816e+01,0.000000000000000000e+00,0.000000000000000000e+00
2.288524986296761199e+01,0.000000000000000000e+00,0.000000000000000000e+00
2.302946019915085785e+01,0.000000000000000000e+00,0.000000000000000000e+00
1.947252028382161981e+01,0.000000000000000000e+00,0.000000000000000000e+00
2.016213926339006690e+01,0.000000000000000000e+00,0.000000000000000000e+00
2.119860362840774215e+01,0.000000000000000000e+00,0.000000000000000000e+00
2.026731650505920612e+01,0.000000000000000000e+00,0.000000000000000000e+00
1.880518699328803933e+01,0.000000000000000000e+00,0.000000000000000000e+00
2.257068477480276769e+01,0.000000000000000000e+00,0.000000000000000000e+00
2.194572789698341353e+01,0.000000000000000000e+00,0.000000000000000000e+00
2.117007906813288542e+01,0.000000000000000000e+00,0.000000000000000000e+00
1.879418281607417640e+01,0.000000000000000000e+00,0.000000000000000000e+00
2.173545131081970538e+01,0.000000000000000000e+00,0.000000000000000000e+00
1.721265432552759478e+01,0.000000000000000000e+00,0.000000000000000000e+00
1.878591878636039780e+01,0.000000000000000000e+00,0.000000000000000000e+00
1.605564375355690387e+01,0.000000000000000000e+00,0.000000000000000000e+00
1.813749997470972986e+01,0.000000000000000000e+00,0.000000000000000000e+00
2.329562816136231262e+01,0.000000000000000000e+00,0.000000000000000000e+00
1.999437529951565651e+01,0.000000000000000000e+00,0.000000000000000000e+00
2.048438821361994044e+01,0.000000000000000000e+00,0.000000000000000000e+00
1.849344993818800731e+01,0.000000000000000000e+00,0.000000000000000000e+00
1.832679772006364516e+01,0.000000000000000000e+00,0.000000000000000000e+00
1.546139347149982335e+01,0.000000000000000000e+00,0.000000000000000000e+00
1.832152500665809214e+01,0.000000000000000000e+00,0.000000000000000000e+00
1.855211110301931043e+01,0.000000000000000000e+00,0.000000000000000000e+00
1.715507171630478922e+01,0.000000000000000000e+00,0.000000000000000000e+00
2.116155630237352980e+01,0.000000000000000000e+00,0.000000000000000000e+00
2.025597402029618976e+01,0.000000000000000000e+00,0.000000000000000000e+00
2.045817897485322945e+01,0.000000000000000000e+00,0.000000000000000000e+00
1.706152581437851268e+01,0.000000000000000000e+00,0.000000000000000000e+00
2.178153870789460100e+01,0.000000000000000000e+00,0.000000000000000000e+00
2.143211263239510345e+01,0.000000000000000000e+00,0.000000000000000000e+00
1.960666812510094204e+01,0.000000000000000000e+00,0.000000000000000000e+00
2.012274749507920291e+01,0.000000000000000000e+00,0.000000000000000000e+00
2.079191383737954979e+01,0.000000000000000000e+00,0.000000000000000000e+00
1.887644041563256536e+01,0.000000000000000000e+00,0.000000000000000000e+00
2.398946460978289608e+01,0.000000000000000000e+00,0.000000000000000000e+00
2.393381428354286555e+01,0.000000000000000000e+00,0.000000000000000000e+00
1.793804544621435682e+01,0.000000000000000000e+00,0.000000000000000000e+00
2.271680263601333394e+01,0.000000000000000000e+00,0.000000000000000000e+00
2.153167413900668592e+01,0.000000000000000000e+00,0.000000000000000000e+00
2.483413745344466861e+01,0.000000000000000000e+00,0.000000000000000000e+00
1.851750100220528239e+01,0.000000000000000000e+00,0.000000000000000000e+00
2.309796804462569142e+01,0.000000000000000000e+00,0.000000000000000000e+00
2.278601793622089033e+01,0.000000000000000000e+00,0.000000000000000000e+00
1.567359278231580433e+01,0.000000000000000000e+00,0.000000000000000000e+00
2.257524720297582022e+01,0.000000000000000000e+00,0.000000000000000000e+00
2.196127480258179787e+01,0.000000000000000000e+00,0.000000000000000000e+00
2.032865471675103564e+01,0.000000000000000000e+00,0.000000000000000000e+00
2.071592712865408359e+01,0.000000000000000000e+00,0.000000000000000000e+00
2.170390979753448590e+01,0.000000000000000000e+00,0.000000000000000000e+00
1.856931479585339417e+01,0.000000000000000000e+00,0.000000000000000000e+00
1.689467998525062242e+01,0.000000000000000000e+00,0.000000000000000000e+00
1.870353022609329940e+01,0.000000000000000000e+00,0.000000000000000000e+00
2.236952675071849583e+01,0.000000000000000000e+00,0.000000000000000000e+00
2.041531317601016227e+01,0.000000000000000000e+00,0.000000000000000000e+00
1.942927162884905812e+01,0.000000000000000000e+00,0.000000000000000000e+00
2.096468892586861088e+01,0.000000000000000000e+00,0.000000000000000000e+00
2.138482440717603339e+01,0.000000000000000000e+00,0.000000000000000000e+00
2.022149206459522119e+01,0.000000000000000000e+00,0.000000000000000000e+00
1.866849589429763157e+01,0.000000000000000000e+00,0.000000000000000000e+00
1.987333712677402175e+01,0.000000000000000000e+00,0.000000000000000000e+00
2.120637407999877411e+01,0.000000000000000000e+00,0.000000000000000000e+00
2.110744695355285927e+01,0.000000000000000000e+00,0.000000000000000000e+00
1.622120267780652014e+01,0.000000000000000000e+00,0.000000000000000000e+00
1.742061571795577635e+01,0.000000000000000000e+00,0.000000000000000000e+00
1.920626576618987613e+01,0.000000000000000000e+00,0.000000000000000000e+00
1.858178286421757619e+01,0.000000000000000000e+00,0.000000000000000000e+00
1.932844961512688897e+01,0.000000000000000000e+00,0.000000000000000000e+00
1.734412637621808528e+01,0.000000000000000000e+00,0.000000000000000000e+00
2.119114934441754983e+01,0.000000000000000000e+00,0.000000000000000000e+00
1.882016054435457164e+01,0.000000000000000000e+00,0.000000000000000000e+00
1.819380687290614773e+01,0.000000000000000000e+00,0.000000000000000000e+00
1.828929350268051834e+01,0.000000000000000000e+00,0.000000000000000000e+00
2.174070750082409020e+01,0.000000000000000000e+00,0.000000000000000000e+00
1.793660024399312647e+01,0.000000000000000000e+00,0.000000000000000000e+00
1.632225560999566127e+01,0.000000000000000000e+00,0.000000000000000000e+00
2.073352746194154861e+01,0.000000000000000000e+00,0.000000000000000000e+00
2.011386131695427792e+01,0.000000000000000000e+00,0.000000000000000000e+00
2.025184113887906179e+01,0.000000000000000000e+00,0.000000000000000000e+00
1.872782686256272555e+01,0.000000000000000000e+00,0.000000000000000000e+00
2.164188347033798721e+01,0.000000000000000000e+00,0.000000000000000000e+00
1.850033268762636496e+01,0.000000000000000000e+00,0.000000000000000000e+00
1.839689835906279569e+01,0.000000000000000000e+00,0.000000000000000000e+00
2.196636929954166817e+01,0.000000000000000000e+00,0.000000000000000000e+00
2.143898124249065873e+01,0.000000000000000000e+00,0.000000000000000000e+00
2.031860617526089996e+01,0.000000000000000000e+00,0.000000000000000000e+00
1.959185316059663862e+01,0.000000000000000000e+00,0.000000000000000000e+00
1.824347506479543668e+01,0.000000000000000000e+00,0.000000000000000000e+00
1.834359779647512312e+01,0.000000000000000000e+00,0.000000000000000000e+00
1.684980808965175569e+01,0.000000000000000000e+00,0.000000000000000000e+00
2.169826987393604156e+01,0.000000000000000000e+00,0.000000000000000000e+00
1.814839875336965491e+01,0.000000000000000000e+00,0.000000000000000000e+00
1.900317389909562138e+01,0.000000000000000000e+00,0.000000000000000000e+00
2.335965712764243563e+01,0.000000000000000000e+00,0.000000000000000000e+00
1.760006781326793046e+01,0.000000000000000000e+00,0.000000000000000000e+00
2.142669680668678112e+01,0.000000000000000000e+00,0.000000000000000000e+00
2.538233954343171206e+01,0.000000000000000000e+00,0.000000000000000000e+00
2.187477681960857367e+01,0.000000000000000000e+00,0.000000000000000000e+00
2.030077280880764334e+01,0.000000000000000000e+00,0.000000000000000000e+00
1.946142215010171839e+01,0.000000000000000000e+00,0.000000000000000000e+00
2.250262108781527459e+01,0.000000000000000000e+00,0.000000000000000000e+00
2.093816750933889637e+01,0.000000000000000000e+00,0.000000000000000000e+00
1.690559025407938520e+01,0.000000000000000000e+00,0.000000000000000000e+00
1.901505925629263061e+01,0.000000000000000000e+00,0.000000000000000000e+00
2.226070171085123306e+01,0.000000000000000000e+00,0.000000000000000000e+00
1.885989221105430502e+01,0.000000000000000000e+00,0.000000000000000000e+00
2.119947779279698707e+01,0.000000000000000000e+00,0.000000000000000000e+00
1.934325541463315545e+01,0.000000000000000000e+00,0.000000000000000000e+00
1.895691175560329711e+01,0.000000000000000000e+00,0.000000000000000000e+00
1.676810179477891083e+01,0.000000000000000000e+00,0.000000000000000000e+00
2.172390286758384192e+01,0.000000000000000000e+00,0.000000000000000000e+00
1.941287904848601187e+01,0.000000000000000000e+00,0.000000000000000000e+00
1.872458522711133710e+01,0.000000000000000000e+00,0.000000000000000000e+00
2.123027402446298240e+01,0.000000000000000000e+00,0.000000000000000000e+00
1.977333471715638069e+01,0.000000000000000000e+00,0.000000000000000000e+00
2.319386012445492895e+01,0.000000000000000000e+00,0.000000000000000000e+00
1.838491848721358579e+01,0.000000000000000000e+00,0.000000000000000000e+00
1.830323322885544002e+01,0.000000000000000000e+00,0.000000000000000000e+00
2.037949703133218549e+01,0.000000000000000000e+00,0.000000000000000000e+00
1.815613964171286199e+01,0.000000000000000000e+00,0.000000000000000000e+00
1.817170012750831631e+01,0.000000000000000000e+00,0.000000000000000000e+00
1.789624404611738129e+01,0.000000000000000000e+00,0.000000000000000000e+00
2.116520242655405681e+01,0.000000000000000000e+00,0.000000000000000000e+00
2.100636471547877093e+01,0.000000000000000000e+00,0.000000000000000000e+00
1.747734468765278493e+01,0.000000000000000000e+00,0.000000000000000000e+00
2.099675849441431552e+01,0.000000000000000000e+00,0.000000000000000000e+00
1.924844796157343652e+01,0.000000000000000000e+00,0.000000000000000000e+00
2.302139130722763838e+01,0.000000000000000000e+00,0.000000000000000000e+00
1.507150417628754369e+01,0.000000000000000000e+00,0.000000000000000000e+00
2.030604142521489663e+01,0.000000000000000000e+00,0.000000000000000000e+00
2.078663969141638646e+01,0.000000000000000000e+00,0.000000000000000000e+00
2.023931947939678366e+01,0.000000000000000000e+00,0.000000000000000000e+00
2.029058543257878355e+01,0.000000000000000000e+00,0.000000000000000000e+00
1.787058779579132306e+01,0.000000000000000000e+00,0.000000000000000000e+00
2.134001361899135318e+01,0.000000000000000000e+00,0.000000000000000000e+00
1.989861036130684724e+01,0.000000000000000000e+00,0.000000000000000000e+00
1.792304054244226208e+01,0.000000000000000000e+00,0.000000000000000000e+00
2.009298437539261428e+01,0.000000000000000000e+00,0.000000000000000000e+00
2.087694424074359389e+01,0.000000000000000000e+00,0.000000000000000000e+00
2.082792326333503041e+01,0.000000000000000000e+00,0.000000000000000000e+00
1.540491990524841270e+01,0.000000000000000000e+00,0.000000000000000000e+00
2.347107796792537115e+01,0.000000000000000000e+00,0.000000000000000000e+00
1.807025448730766826e+01,0.000000000000000000e+00,0.000000000000000000e+00
1.625084630198589153e+01,0.000000000000000000e+00,0.000000000000000000e+00
1.570319871553083146e+01,0.000000000000000000e+00,0.000000000000000000e+00
1.899704450917321807e+01,0.000000000000000000e+00,0.000000000000000000e+00
1.812314204262202466e+01,0.000000000000000000e+00,0.000000000000000000e+00
6.723496343144364573e+01,0.000000000000000000e+00,0.000000000000000000e+00
7.046776345281767817e+01,0.000000000000000000e+00,0.000000000000000000e+00
7.166029474055267201e+01,0.000000000000000000e+00,0.000000000000000000e+00
6.671565379913137406e+01,0.000000000000000000e+00,0.000000000000000000e+00
6.449827548263814947e+01,0.000000000000000000e+00,0.000000000000000000e+00
7.011268063420088481e+01,0.000000000000000000e+00,0.000000000000000000e+00
6.701399759661627797e+01,0.000000000000000000e+00,0.000000000000000000e+00
6.617214447712416359e+01,0.000000000000000000e+00,0.000000000000000000e+00
6.739554739892979285e+01,0.000000000000000000e+00,0.000000000000000000e+00
6.980138100895273112e+01,0.000000000000000000e+00,0.000000000000000000e+00
6.900485100633214586e+01,0.000000000000000000e+00,0.000000000000000000e+00
6.913490434665173723e+01,0.000000000000000000e+00,0.000000000000000000e+00
7.907291394081141789e+01,0.000000000000000000e+00,0.000000000000000000e+00
8.102282931667745913e+01,0.000000000000000000e+00,0.000000000000000000e+00
8.116148326253646417e+01,0.000000000000000000e+00,0.000000000000000000e+00
7.622353630679333492e+01,0.000000000000000000e+00,0.000000000000000000e+00
7.710997758135941638e+01,0.000000000000000000e+00,0.000000000000000000e+00
7.931240268357960588e+01,0.000000000000000000e+00,0.000000000000000000e+00
7.459258022432349833e+01,0.000000000000000000e+00,0.000000000000000000e+00
7.996644084395897778e+01,0.000000000000000000e+00,0.000000000000000000e+00
7.730300011984671471e+01,0.000000000000000000e+00,0.000000000000000000e+00
7.678921085962922177e+01,0.000000000000000000e+00,0.000000000000000000e+00
7.551383046790111564e+01,0.000000000000000000e+00,0.000000000000000000e+00
7.467710749838641959e+01,0.000000000000000000e+00,0.000000000000000000e+00
7.745612299891544694e+01,0.000000000000000000e+00,0.000000000000000000e+00
7.806085617115040520e+01,0.000000000000000000e+00,0.000000000000000000e+00
7.799281896774286338e+01,0.000000000000000000e+00,0.000000000000000000e+00
7.923327325052147785e+01,0.000000000000000000e+00,0.000000000000000000e+00
7.995348258907345951e+01,0.000000000000000000e+00,0.000000000000000000e+00
8.078565426568233931e+01,0.000000000000000000e+00,0.000000000000000000e+00
7.880194059792722783e+01,0.000000000000000000e+00,0.000000000000000000e+00
7.751292236636290056e+01,0.000000000000000000e+00,0.000000000000000000e+00
7.748462831079798718e+01,0.000000000000000000e+00,0.000000000000000000e+00
7.916369969044264110e+01,0.000000000000000000e+00,0.000000000000000000e+00
8.163842966298528836e+01,0.000000000000000000e+00,0.000000000000000000e+00
7.634992632679097824e+01,0.000000000000000000e+00,0.000000000000000000e+00
7.894665408085634795e+01,0.000000000000000000e+00,0.000000000000000000e+00
8.130228617546411840e+01,0.000000000000000000e+00,0.000000000000000000e+00
7.926069036442306981e+01,0.000000000000000000e+00,0.000000000000000000e+00
7.716744951930502339e+01,0.000000000000000000e+00,0.000000000000000000e+00
8.368366993821750555e+01,0.000000000000000000e+00,0.000000000000000000e+00
8.158841855863973080e+01,0.000000000000000000e+00,0.000000000000000000e+00
8.071408712041184685e+01,0.000000000000000000e+00,0.000000000000000000e+00
8.080510902436758158e+01,0.000000000000000000e+00,0.000000000000000000e+00
7.900312763590974896e+01,0.000000000000000000e+00,0.000000000000000000e+00
7.819309400010909883e+01,0.000000000000000000e+00,0.000000000000000000e+00
7.951489397639468848e+01,0.000000000000000000e+00,0.000000000000000000e+00
8.067790518467448635e+01,0.000000000000000000e+00,0.000000000000000000e+00
8.228494350353767572e+01,0.000000000000000000e+00,0.000000000000000000e+00
7.963927617802985992e+01,0.000000000000000000e+00,0.000000000000000000e+00
8.226289813218150471e+01,0.000000000000000000e+00,0.000000000000000000e+00
7.934040049720526611e+01,0.000000000000000000e+00,0.000000000000000000e+00
8.166959764805918098e+01,0.000000000000000000e+00,0.000000000000000000e+00
7.947339811032966850e+01,0.000000000000000000e+00,0.000000000000000000e+00
7.915319159297443719e+01,0.000000000000000000e+00,0.000000000000000000e+00
7.914195534111863140e+01,0.000000000000000000e+00,0.000000000000000000e+00
8.278173397924510368e+01,0.000000000000000000e+00,0.000000000000000000e+00
7.847437907979580984e+01,0.000000000000000000e+00,0.000000000000000000e+00
8.268719196110471614e+01,0.000000000000000000e+00,0.000000000000000000e+00
7.790316576978983676e+01,0.000000000000000000e+00,0.000000000000000000e+00
8.402014449818668140e+01,0.000000000000000000e+00,0.000000000000000000e+00
7.606069222998976898e+01,0.000000000000000000e+00,0.000000000000000000e+00
7.941905098395865537e+01,0.000000000000000000e+00,0.000000000000000000e+00
8.215170069271286479e+01,0.000000000000000000e+00,0.000000000000000000e+00
8.251183411127648526e+01,0.000000000000000000e+00,0.000000000000000000e+00
8.379112000387516446e+01,0.000000000000000000e+00,0.000000000000000000e+00
7.874436718850128614e+01,0.000000000000000000e+00,0.000000000000000000e+00
8.337249059501412773e+01,0.000000000000000000e+00,0.000000000000000000e+00
8.067070960670147883e+01,0.000000000000000000e+00,0.000000000000000000e+00
7.771383296488944836e+01,0.000000000000000000e+00,0.000000000000000000e+00
7.842010462413611549e+01,0.000000000000000000e+00,0.000000000000000000e+00
7.521117009151905108e+01,0.000000000000000000e+00,0.000000000000000000e+00
7.715617476817554632e+01,0.000000000000000000e+00,0.000000000000000000e+00
8.215168531877048963e+01,0.000000000000000000e+00,0.000000000000000000e+00
7.939501969681332127e+01,0.000000000000000000e+00,0.000000000000000000e+00
7.824693393940678732e+01,0.000000000000000000e+00,0.000000000000000000e+00
8.325425640126745463e+01,0.000000000000000000e+00,0.000000000000000000e+00
8.112292716468591891e+01,0.000000000000000000e+00,0.000000000000000000e+00
8.053539444715212881e+01,0.000000000000000000e+00,0.000000000000000000e+00
7.713373595865949994e+01,0.000000000000000000e+00,0.000000000000000000e+00
8.159027789055727453e+01,0.000000000000000000e+00,0.000000000000000000e+00
8.273048899503825737e+01,0.000000000000000000e+00,0.000000000000000000e+00
8.379417478365539296e+01,0.000000000000000000e+00,0.000000000000000000e+00
8.197550978480008155e+01,0.000000000000000000e+00,0.000000000000000000e+00
8.190702973157718247e+01,0.000000000000000000e+00,0.000000000000000000e+00
8.125007760070351992e+01,0.000000000000000000e+00,0.000000000000000000e+00
7.961836708350634240e+01,0.000000000000000000e+00,0.000000000000000000e+00
7.914221741142367250e+01,0.000000000000000000e+00,0.000000000000000000e+00
8.093367005913815149e+01,0.000000000000000000e+00,0.000000000000000000e+00
7.994951088580232579e+01,0.000000000000000000e+00,0.000000000000000000e+00
7.857495921619144497e+01,0.000000000000000000e+00,0.000000000000000000e+00
7.886135969938894164e+01,0.000000000000000000e+00,0.000000000000000000e+00
8.096264205877795916e+01,0.000000000000000000e+00,0.000000000000000000e+00
7.756418013024148195e+01,0.000000000000000000e+00,0.000000000000000000e+00
8.022024766399941598e+01,0.000000000000000000e+00,0.000000000000000000e+00
8.141285543600415053e+01,0.000000000000000000e+00,0.000000000000000000e+00
7.896651987150188745e+01,0.000000000000000000e+00,0.000000000000000000e+00
8.036355991368223783e+01,0.000000000000000000e+00,0.000000000000000000e+00
7.851661199434921912e+01,0.000000000000000000e+00,0.000000000000000000e+00
8.523372897170257545e+01,0.000000000000000000e+00,0.000000000000000000e+00
7.981180000657749929e+01,0.000000000000000000e+00,0.000000000000000000e+00
7.780851656731303478e+01,0.000000000000000000e+00,0.000000000000000000e+00
8.271790610608397287e+01,0.000000000000000000e+00,0.000000000000000000e+00
7.927441490334985019e+01,0.000000000000000000e+00,0.000000000000000000e+00
7.910139773832992205e+01,0.000000000000000000e+00,0.000000000000000000e+00
7.872403051477824931e+01,0.000000000000000000e+00,0.000000000000000000e+00
7.903799485440400474e+01,0.000000000000000000e+00,0.000000000000000000e+00
7.738709489076678949e+01,0.000000000000000000e+00,0.000000000000000000e+00
3.412632726322234333e+01,0.000000000000000000e+00,0.000000000000000000e+00
3.320204373704171985e+01,0.000000000000000000e+00,0.000000000000000000e+00
3.329787602349470887e+01,0.000000000000000000e+00,0.000000000000000000e+00
3.015864409413892133e+01,0.000000000000000000e+00,0.000000000000000000e+00
3.106945662996538005e+01,0.000000000000000000e+00,0.000000000000000000e+00
3.074753972416059256e+01,0.000000000000000000e+00,0.000000000000000000e+00
3.134907316964908830e+01,0.000000000000000000e+00,0.000000000000000000e+00
3.374682297014726373e+01,0.000000000000000000e+00,0.000000000000000000e+00
3.160264792980898108e+01,0.000000000000000000e+00,0.000000000000000000e+00
3.175124350020199060e+01,0.000000000000000000e+00,0.000000000000000000e+00
2.969134297097788178e+01,0.000000000000000000e+00,0.000000000000000000e+00
3.193190881902580713e+01,0.000000000000000000e+00,0.000000000000000000e+00
2.418419788100777623e+01,0.000000000000000000e+00,0.000000000000000000e+00
2.298891582419694046e+01,0.000000000000000000e+00,0.000000000000000000e+00
2.460450804016123172e+01,0.000000000000000000e+00,0.000000000000000000e+00
2.255769521404964806e+01,0.000000000000000000e+00,0.000000000000000000e+00
2.204869544054878006e+01,0.000000000000000000e+00,0.000000000000000000e+00
2.173869571630417852e+01,0.000000000000000000e+00,0.000000000000000000e+00
2.007150244447715437e+01,0.000000000000000000e+00,0.000000000000000000e+00
2.618329929264209710e+01,0.000000000000000000e+00,0.000000000000000000e+00
2.340169024839610401e+01,0.000000000000000000e+00,0.000000000000000000e+00
1.932166247510000900e+01,0.000000000000000000e+00,0.000000000000000000e+00
2.173887978681198518e+01,0.000000000000000000e+00,0.000000000000000000e+00
2.211284377587461591e+01,0.000000000000000000e+00,0.000000000000000000e+00
2.087545909535045752e+01,0.000000000000000000e+00,0.000000000000000000e+00
1.808768972782860729e+01,0.000000000000000000e+00,0.000000000000000000e+00
1.978029760725972608e+01,0.000000000000000000e+00,0.000000000000000000e+00
2.012836346268668564e+01,0.000000000000000000e+00,0.000000000000000000e+00
2.302615870456516234e+01,0.000000000000000000e+00,0.000000000000000000e+00
1.921307474663044701e+01,0.000000000000000000e+00,0.000000000000000000e+00
1.787827742741698955e+01,0.000000000000000000e+00,0.000000000000000000e+00
2.505183031292631313e+01,0.000000000000000000e+00,0.000000000000000000e+00
1.621618327318988051e+01,0.000000000000000000e+00,0.000000000000000000e+00
2.137235391193313916e+01,0.000000000000000000e+00,0.000000000000000000e+00
2.159202419527945338e+01,0.000000000000000000e+00,0.000000000000000000e+00
1.973452891364306794e+01,0.000000000000000000e+00,0.000000000000000000e+00
1.735377805556811381e+01,0.000000000000000000e+00,0.000000000000000000e+00
1.898000011456970171e+01,0.000000000000000000e+00,0.000000000000000000e+00
1.976729254191686280e+01,0.000000000000000000e+00,0.000000000000000000e+00
1.822693520733804817e+01,0.000000000000000000e+00,0.000000000000000000e+00
1.815951566959869723e+01,0.000000000000000000e+00,0.000000000000000000e+00
2.069992818054158690e+01,0.000000000000000000e+00,0.000000000000000000e+00
1.792092988513469010e+01,0.000000000000000000e+00,0.000000000000000000e+00
2.236858439766067974e+01,0.000000000000000000e+00,0.000000000000000000e+00
2.010502896175950127e+01,0.000000000000000000e+00,0.000000000000000000e+00
1.912178923246718654e+01,0.000000000000000000e+00,0.000000000000000000e+00
2.289512710417659491e+01,0.000000000000000000e+00,0.000000000000000000e+00
2.045259086852918529e+01,0.000000000000000000e+00,0.000000000000000000e+00
2.068812106539549234e+01,0.000000000000000000e+00,0.000000000000000000e+00
1.933677120800248161e+01,0.000000000000000000e+00,0.000000000000000000e+00
2.188290129930024008e+01,0.000000000000000000e+00,0.000000000000000000e+00
2.234409316078534147e+01,0.000000000000000000e+00,0.000000000000000000e+00
1.893247188033425488e+01,0.000000000000000000e+00,0.000000000000000000e+00
1.830421997099523423e+01,0.000000000000000000e+00,0.000000000000000000e+00
2.185321231480726922e+01,0.000000000000000000e+00,0.000000000000000000e+00
1.739026195771009853e+01,0.000000000000000000e+00,0.000000000000000000e+00
1.804766354453969512e+01,0.000000000000000000e+00,0.000000000000000000e+00
1.717996743528557957e+01,0.000000000000000000e+00,0.000000000000000000e+00
2.279150839769389236e+01,0.000000000000000000e+00,0.000000000000000000e+00
1.883454923128442360e+01,0.000000000000000000e+00,0.000000000000000000e+00
1.930501219485379494e+01,0.000000000000000000e+00,0.000000000000000000e+00
1.918804885268191995e+01,0.000000000000000000e+00,0.000000000000000000e+00
1.981216602103431512e+01,0.000000000000000000e+00,0.000000000000000000e+00
1.907582104034870341e+01,0.000000000000000000e+00,0.000000000000000000e+00
2.335082837067072248e+01,0.000000000000000000e+00,0.000000000000000000e+00
1.739266920312083187e+01,0.000000000000000000e+00,0.000000000000000000e+00
1.934375488863155823e+01,0.000000000000000000e+00,0.000000000000000000e+00
2.110596535949260044e+01,0.000000000000000000e+00,0.000000000000000000e+00
2.136285426982472302e+01,0.000000000000000000e+00,0.000000000000000000e+00
1.868145193363455903e+01,0.000000000000000000e+00,0.000000000000000000e+00
1.803987898417556579e+01,0.000000000000000000e+00,0.000000000000000000e+00
1.635662969697008862e+01,0.000000000000000000e+00,0.000000000000000000e+00
2.216399958173395390e+01,0.000000000000000000e+00,0.000000000000000000e+00
2.018500954699599603e+01,0.000000000000000000e+00,0.000000000000000000e+00
2.174109652180024099e+01,0.000000000000000000e+00,0.000000000000000000e+00
1.951032409785843313e+01,0.000000000000000000e+00,0.000000000000000000e+00
1.736006024586002283e+01,0.000000000000000000e+00,0.000000000000000000e+00
1.959970678281853651e+01,0.000000000000000000e+00,0.000000000000000000e+00
1.805794765504455057e+01,0.000000000000000000e+00,0.000000000000000000e+00
1.946473060773786656e+01,0.000000000000000000e+00,0.000000000000000000e+00
2.056045233778634440e+01,0.000000000000000000e+00,0.000000000000000000e+00
1.525353736198107413e+01,0.000000000000000000e+00,0.000000000000000000e+00
1.702457881637715431e+01,0.000000000000000000e+00,0.000000000000000000e+00
2.134209795259724274e+01,0.000000000000000000e+00,0.000000000000000000e+00
2.561642797365323077e+01,0.000000000000000000e+00,0.000000000000000000e+00
1.860227635267056101e+01,0.000000000000000000e+00,0.000000000000000000e+00
1.758660712437241003e+01,0.000000000000000000e+00,0.000000000000000000e+00
2.035740964899420646e+01,0.000000000000000000e+00,0.000000000000000000e+00
1.856448585701657095e+01,0.000000000000000000e+00,0.000000000000000000e+00
1.851984283212478033e+01,0.000000000000000000e+00,0.000000000000000000e+00
2.264308601494374074e+01,0.000000000000000000e+00,0.000000000000000000e+00
1.892631436016744217e+01,0.000000000000000000e+00,0.000000000000000000e+00
1.803847971990212784e+01,0.000000000000000000e+00,0.000000000000000000e+00
2.082936945254719063e+01,0.000000000000000000e+00,0.000000000000000000e+00
2.131973563050437193e+01,0.000000000000000000e+00,0.000000000000000000e+00
2.349821009592193377e+01,0.000000000000000000e+00,0.000000000000000000e+00
1.970583484421645792e+01,0.000000000000000000e+00,0.000000000000000000e+00
1.446600753441148868e+01,0.000000000000000000e+00,0.000000000000000000e+00
2.020675057079253634e+01,0.000000000000000000e+00,0.000000000000000000e+00
2.111957020743475155e+01,0.000000000000000000e+00,0.000000000000000000e+00
1.877087921609548715e+01,0.000000000000000000e+00,0.000000000000000000e+00
2.060470933802316651e+01,0.000000000000000000e+00,0.000000000000000000e+00
1.823589810046908610e+01,0.000000000000000000e+00,0.000000000000000000e+00
1.917590575903199124e+01,0.000000000000000000e+00,0.000000000000000000e+00
2.143239784715384388e+01,0.000000000000000000e+00,0.000000000000000000e+00
1.956337269595239547e+01,0.000000000000000000e+00,0.000000000000000000e+00
1.971595762601895530e+01,0.000000000000000000e+00,0.000000000000000000e+00
2.204051432118965792e+01,0.000000000000000000e+00,0.000000000000000000e+00
1.934180343204088715e+01,0.000000000000000000e+00,0.000000000000000000e+00
1.820631376229059839e+01,0.000000000000000000e+00,0.000000000000000000e+00
2.094867516396073981e+01,0.000000000000000000e+00,0.000000000000000000e+00
2.106825189367874529e+01,0.000000000000000000e+00,0.000000000000000000e+00
2.415355961526190143e+01,0.000000000000000000e+00,0.000000000000000000e+00
1.769784546867913022e+01,0.000000000000000000e+00,0.000000000000000000e+00
1.653030994155264466e+01,0.000000000000000000e+00,0.000000000000000000e+00
1.756709457184204481e+01,0.000000000000000000e+00,0.000000000000000000e+00
2.074698966282874935e+01,0.000000000000000000e+00,0.000000000000000000e+00
1.849185877692669067e+01,0.000000000000000000e+00,0.000000000000000000e+00
1.924941969154805932e+01,0.000000000000000000e+00,0.000000000000000000e+00
1.946645959897609046e+01,0.000000000000000000e+00,0.000000000000000000e+00
2.014701806683104124e+01,0.000000000000000000e+00,0.000000000000000000e+00
2.016517630729143207e+01,0.000000000000000000e+00,0.000000000000000000e+00
2.038972513885547855e+01,0.000000000000000000e+00,0.000000000000000000e+00
1.658248182254246927e+01,0.000000000000000000e+00,0.000000000000000000e+00
1.957833331876962291e+01,0.000000000000000000e+00,0.000000000000000000e+00
1.876889629505757640e+01,0.000000000000000000e+00,0.000000000000000000e+00
1.882333352474183386e+01,0.000000000000000000e+00,0.000000000000000000e+00
1.858927389770422778e+01,0.000000000000000000e+00,0.000000000000000000e+00
1.902589708234308219e+01,0.000000000000000000e+00,0.000000000000000000e+00
1.849069247079056666e+01,0.000000000000000000e+00,0.000000000000000000e+00
2.319153474154554573e+01,0.000000000000000000e+00,0.000000000000000000e+00
2.313727053175945159e+01,0.000000000000000000e+00,0.000000000000000000e+00
2.150016531414768650e+01,0.000000000000000000e+00,0.000000000000000000e+00
2.060272454388482899e+01,0.000000000000000000e+00,0.000000000000000000e+00
2.227445251902222978e+01,0.000000000000000000e+00,0.000000000000000000e+00
1.766583390232828421e+01,0.000000000000000000e+00,0.000000000000000000e+00
1.953707632471225253e+01,0.000000000000000000e+00,0.000000000000000000e+00
2.375635737819194304e+01,0.000000000000000000e+00,0.000000000000000000e+00
2.059992065992567944e+01,0.000000000000000000e+00,0.000000000000000000e+00
1.982332907018716739e+01,0.000000000000000000e+00,0.000000000000000000e+00
1.702451066424129067e+01,0.000000000000000000e+00,0.000000000000000000e+00
1.761097576412777599e+01,0.000000000000000000e+00,0.000000000000000000e+00
2.187052785408407019e+01,0.000000000000000000e+00,0.000000000000000000e+00
2.160407206604114450e+01,0.000000000000000000e+00,0.000000000000000000e+00
1.761053420456857310e+01,0.000000000000000000e+00,0.000000000000000000e+00
1.620722367095735450e+01,0.000000000000000000e+00,0.000000000000000000e+00
1.856256994379141645e+01,0.000000000000000000e+00,0.000000000000000000e+00
1.534630495522050353e+01,0.000000000000000000e+00,0.000000000000000000e+00
2.261732604113679201e+01,0.000000000000000000e+00,0.000000000000000000e+00
1.716712483900443331e+01,0.000000000000000000e+00,0.000000000000000000e+00
2.125457701914561426e+01,0.000000000000000000e+00,0.000000000000000000e+00
1.967386322037127044e+01,0.000000000000000000e+00,0.000000000000000000e+00
2.253171595837600094e+01,0.000000000000000000e+00,0.000000000000000000e+00
2.020975287178720947e+01,0.000000000000000000e+00,0.000000000000000000e+00
1.964615923228870642e+01,0.000000000000000000e+00,0.000000000000000000e+00
1.935815892713146269e+01,0.000000000000000000e+00,0.000000000000000000e+00
2.222188596542400774e+01,0.000000000000000000e+00,0.000000000000000000e+00
2.028839359859221858e+01,0.000000000000000000e+00,0.000000000000000000e+00
1.796782172137154632e+01,0.000000000000000000e+00,0.000000000000000000e+00
2.237128274651232118e+01,0.000000000000000000e+00,0.000000000000000000e+00
1.914854708608105938e+01,0.000000000000000000e+00,0.000000000000000000e+00
1.841507179832700558e+01,0.000000000000000000e+00,0.000000000000000000e+00
2.066295267275505054e+01,0.000000000000000000e+00,0.000000000000000000e+00
1.724378248170122419e+01,0.000000000000000000e+00,0.000000000000000000e+00
1.886325800969869704e+01,0.000000000000000000e+00,0.000000000000000000e+00
1.589693839497979155e+01,0.000000000000000000e+00,0.000000000000000000e+00
2.064643088138626226e+01,0.000000000000000000e+00,0.000000000000000000e+00
1.855532074450618651e+01,0.000000000000000000e+00,0.000000000000000000e+00
2.350644171730370502e+01,0.000000000000000000e+00,0.000000000000000000e+00
1.773403938415350822e+01,0.000000000000000000e+00,0.000000000000000000e+00
1.821956978935853044e+01,0.000000000000000000e+00,0.000000000000000000e+00
2.073598787478487537e+01,0.000000000000000000e+00,0.000000000000000000e+00
2.211039233621736955e+01,0.000000000000000000e+00,0.000000000000000000e+00
1.930560506607331206e+01,0.000000000000000000e+00,0.000000000000000000e+00
2.351566468121281517e+01,0.000000000000000000e+00,0.000000000000000000e+00
2.207565576857730605e+01,0.000000000000000000e+00,0.000000000000000000e+00
1.967131620806978631e+01,0.000000000000000000e+00,0.000000000000000000e+00
1.668602393261741312e+01,0.000000000000000000e+00,0.000000000000000000e+00
2.098266925749289058e+01,0.000000000000000000e+00,0.000000000000000000e+00
1.879014672965343280e+01,0.000000000000000000e+00,0.000000000000000000e+00
6.962706467492523643e+01,0.000000000000000000e+00,0.000000000000000000e+00
7.242095556678998491e+01,0.000000000000000000e+00,0.000000000000000000e+00
6.915391902276061842e+01,0.000000000000000000e+00,0.000000000000000000e+00
7.009321154004908294e+01,0.000000000000000000e+00,0.000000000000000000e+00
6.992789542888237975e+01,0.000000000000000000e+00,0.000000000000000000e+00
6.457926186193652995e+01,0.000000000000000000e+00,0.000000000000000000e+00
6.344336719424957494e+01,0.000000000000000000e+00,0.000000000000000000e+00
6.703383184427404728e+01,0.000000000000000000e+00,0.000000000000000000e+00
6.743148874317986952e+01,0.000000000000000000e+00,0.000000000000000000e+00
6.719376418600013778e+01,0.000000000000000000e+00,0.000000000000000000e+00
7.008727029158862365e+01,0.000000000000000000e+00,0.000000000000000000e+00
6.652069236435382038e+01,0.000000000000000000e+00,0.000000000000000000e+00
7.834989666904289152e+01,0.000000000000000000e+00,0.000000000000000000e+00
8.126905995555557638e+01,0.000000000000000000e+00,0.000000000000000000e+00
7.522234599258685250e+01,0.000000000000000000e+00,0.000000000000000000e+00
7.886639901745243719e+01,0.000000000000000000e+00,0.000000000000000000e+00
7.422977090992596061e+01,0.000000000000000000e+00,0.000000000000000000e+00
7.966955214918219497e+01,0.000000000000000000e+00,0.000000000000000000e+00
7.224980432082899995e+01,0.000000000000000000e+00,0.000000000000000000e+00
7.950464765703581804e+01,0.000000000000000000e+00,0.000000000000000000e+00
7.707263133569267666e+01,0.000000000000000000e+00,0.000000000000000000e+00
7.466714866637310877e+01,0.000000000000000000e+00,0.000000000000000000e+00
8.322508728941311062e+01,0.000000000000000000e+00,0.000000000000000000e+00
7.575715941928579866e+01,0.000000000000000000e+00,0.000000000000000000e+00
8.050405328948484396e+01,0.000000000000000000e+00,0.000000000000000000e+00
7.818273151682595312e+01,0.000000000000000000e+00,0.000000000000000000e+00
8.174843917332313481e+01,0.000000000000000000e+00,0.000000000000000000e+00
8.104857633004660045e+01,0.000000000000000000e+00,0.000000000000000000e+00
7.692765586560638269e+01,0.000000000000000000e+00,0.000000000000000000e+00
8.054902524030059396e+01,0.000000000000000000e+00,0.000000000000000000e+00
7.821391263756302692e+01,0.000000000000000000e+00,0.000000000000000000e+00
8.010743080426310314e+01,0.000000000000000000e+00,0.000000000000000000e+00
7.968125098057160471e+01,0.000000000000000000e+00,0.000000000000000000e+00
8.000737126271334887e+01,0.000000000000000000e+00,0.000000000000000000e+00
7.927781792770754521e+01,0.000000000000000000e+00,0.000000000000000000e+00
8.220955656981931270e+01,0.000000000000000000e+00,0.000000000000000000e+00
8.113148682606862394e+01,0.000000000000000000e+00,0.000000000000000000e+00
8.205741449202271554e+01,0.000000000000000000e+00,0.000000000000000000e+00
8.386347861547201887e+01,0.000000000000000000e+00,0.000000000000000000e+00
8.133451537266843445e+01,0.000000000000000000e+00,0.000000000000000000e+00
7.791380451423651721e+01,0.000000000000000000e+00,0.000000000000000000e+00
7.925257056963367575e+01,0.000000000000000000e+00,0.000000000000000000e+00
7.883412318722629664e+01,0.000000000000000000e+00,0.000000000000000000e+00
7.660471276199598378e+01,0.000000000000000000e+00,0.000000000000000000e+00
8.089639806276890965e+01,0.000000000000000000e+00,0.000000000000000000e+00
7.994828455414554469e+01,0.000000000000000000e+00,0.000000000000000000e+00
8.012815267022659782e+01,0.000000000000000000e+00,0.000000000000000000e+00
8.163987629310015848e+01,0.000000000000000000e+00,0.000000000000000000e+00
7.736702009491911269e+01,0.000000000000000000e+00,0.000000000000000000e+00
7.953297239194081669e+01,0.000000000000000000e+00,0.000000000000000000e+00
8.151829861513778042e+01,0.000000000000000000e+00,0.000000000000000000e+00
8.024547113216543437e+01,0.000000000000000000e+00,0.000000000000000000e+00
7.810315384200937672e+01,0.000000000000000000e+00,0.000000000000000000e+00
8.292956495659419147e+01,0.000000000000000000e+00,0.000000000000000000e+00
7.735388200265174419e+01,0.000000000000000000e+00,0.000000000000000000e+00
7.984661355932222193e+01,0.000000000000000000e+00,0.000000000000000000e+00
7.932520626521984752e+01,0.000000000000000000e+00,0.000000000000000000e+00
8.202241307319565067e+01,0.000000000000000000e+00,0.000000000000000000e+00
8.030903007171227159e+01,0.000000000000000000e+00,0.000000000000000000e+00
8.250728996051758202e+01,0.000000000000000000e+00,0.000000000000000000e+00
8.073688863545825711e+01,0.000000000000000000e+00,0.000000000000000000e+00
7.853858512805649639e+01,0.000000000000000000e+00,0.000000000000000000e+00
8.012226533315987353e+01,0.000000000000000000e+00,0.000000000000000000e+00
8.355504684122458059e+01,0.000000000000000000e+00,0.000000000000000000e+00
8.359483708513414513e+01,0.000000000000000000e+00,0.000000000000000000e+00
7.704254605294025282e+01,0.000000000000000000e+00,0.000000000000000000e+00
7.967690449463859181e+01,0.000000000000000000e+00,0.000000000000000000e+00
7.896776342556265149e+01,0.000000000000000000e+00,0.000000000000000000e+00
8.011852503671323689e+01,0.000000000000000000e+00,0.000000000000000000e+00
8.375649783452199415e+01,0.000000000000000000e+00,0.000000000000000000e+00
8.197875060340795983e+01,0.000000000000000000e+00,0.000000000000000000e+00
7.470264642489092921e+01,0.000000000000000000e+00,0.000000000000000000e+00
7.940737791222844066e+01,0.000000000000000000e+00,0.000000000000000000e+00
8.440748420394763230e+01,0.000000000000000000e+00,0.000000000000000000e+00
7.761315357683618288e+01,0.000000000000000000e+00,0.000000000000000000e+00
7.945421910705580615e+01,0.000000000000000000e+00,0.000000000000000000e+00
8.057227477965282958e+01,0.000000000000000000e+00,0.000000000000000000e+00
8.160795619803496947e+01,0.000000000000000000e+00,0.000000000000000000e+00
7.979374593363773727e+01,0.000000000000000000e+00,0.000000000000000000e+00
8.068149940393854536e+01,0.000000000000000000e+00,0.000000000000000000e+00
8.060348808450780211e+01,0.000000000000000000e+00,0.000000000000000000e+00
7.986009271913714258e+01,0.000000000000000000e+00,0.000000000000000000e+00
7.964667761974028792e+01,0.000000000000000000e+00,0.000000000000000000e+00
7.922162188315131459e+01,0.000000000000000000e+00,0.000000000000000000e+00
7.937010596480725155e+01,0.000000000000000000e+00,0.000000000000000000e+00
7.954940124724220141e+01,0.000000000000000000e+00,0.000000000000000000e+00
8.103819676210795819e+01,0.000000000000000000e+00,0.000000000000000000e+00
7.879802886385117233e+01,0.000000000000000000e+00,0.000000000000000000e+00
7.733406643975878580e+01,0.000000000000000000e+00,0.000000000000000000e+00
7.943837263660769565e+01,0.000000000000000000e+00,0.000000000000000000e+00
7.985353082291666738e+01,0.000000000000000000e+00,0.000000000000000000e+00
8.221334789944660315e+01,0.000000000000000000e+00,0.000000000000000000e+00
8.181769423539702757e+01,0.000000000000000000e+00,0.000000000000000000e+00
7.920429161061747436e+01,0.000000000000000000e+00,0.000000000000000000e+00
7.707391898959473053e+01,0.000000000000000000e+00,0.000000000000000000e+00
7.889623667897187431e+01,0.000000000000000000e+00,0.000000000000000000e+00
8.139484841526738990e+01,0.000000000000000000e+00,0.000000000000000000e+00
8.031862033836883086e+01,0.000000000000000000e+00,0.000000000000000000e+00
8.402029612293924288e+01,0.000000000000000000e+00,0.000000000000000000e+00
8.018119086137716067e+01,0.000000000000000000e+00,0.000000000000000000e+00
8.085656055204022152e+01,0.000000000000000000e+00,0.000000000000000000e+00
7.908171452071320573e+01,0.000000000000000000e+00,0.000000000000000000e+00
8.371379369752953892e+01,0.000000000000000000e+00,0.000000000000000000e+00
8.363756109560526397e+01,0.000000000000000000e+00,0.000000000000000000e+00
8.019352322891830909e+01,0.000000000000000000e+00,0.000000000000000000e+00
8.242052343190655961e+01,0.000000000000000000e+00,0.000000000000000000e+00
7.961918269759269151e+01,0.000000000000000000e+00,0.000000000000000000e+00
7.960853785375830682e+01,0.000000000000000000e+00,0.000000000000000000e+00
2.888285269759932206e+01,0.000000000000000000e+00,0.000000000000000000e+00
3.147002077123786279e+01,0.000000000000000000e+00,0.000000000000000000e+00
2.972886394936045207e+01,0.000000000000000000e+00,0.000000000000000000e+00
3.408227676950961893e+01,0.000000000000000000e+00,0.000000000000000000e+00
3.199044865565317153e+01,0.000000000000000000e+00,0.000000000000000000e+00
3.182508741173309375e+01,0.000000000000000000e+00,0.000000000000000000e+00
2.973511364108590627e+01,0.000000000000000000e+00,0.000000000000000000e+00
3.145015534510144306e+01,0.000000000000000000e+00,0.000000000000000000e+00
3.172725572150198303e+01,0.000000000000000000e+00,0.000000000000000000e+00
2.853566325653947189e+01,0.000000000000000000e+00,0.000000000000000000e+00
3.300277020632549352e+01,0.000000000000000000e+00,0.000000000000000000e+00
2.903607308358221673e+01,0.000000000000000000e+00,0.000000000000000000e+00
2.325121100897870363e+01,0.000000000000000000e+00,0.000000000000000000e+00
2.301933745041702650e+01,0.000000000000000000e+00,0.000000000000000000e+00
2.119997350593185814e+01,0.000000000000000000e+00,0.000000000000000000e+00
2.171465607587134627e+01,0.000000000000000000e+00,0.000000000000000000e+00
2.202094053566107235e+01,0.000000000000000000e+00,0.000000000000000000e+00
2.416790149561581913e+01,0.000000000000000000e+00,0.000000000000000000e+00
2.191358055732401766e+01,0.000000000000000000e+00,0.000000000000000000e+00
2.015332675337185009e+01,0.000000000000000000e+00,0.000000000000000000e+00
2.331028591284900031e+01,0.000000000000000000e+00,0.000000000000000000e+00
2.313413294950263932e+01,0.000000000000000000e+00,0.000000000000000000e+00
2.089835605484221759e+01,0.000000000000000000e+00,0.000000000000000000e+00
2.255296308119894633e+01,0.000000000000000000e+00,0.000000000000000000e+00
1.761150816312138900e+01,0.000000000000000000e+00,0.000000000000000000e+00
1.828349533311350683e+01,0.000000000000000000e+00,0.000000000000000000e+00
1.918791625706000303e+01,0.000000000000000000e+00,0.000000000000000000e+00
2.024487695044992108e+01,0.000000000000000000e+00,0.000000000000000000e+00
1.839465723582092238e+01,0.000000000000000000e+00,0.000000000000000000e+00
1.829400339904068318e+01,0.000000000000000000e+00,0.000000000000000000e+00
2.279030590869241735e+01,0.000000000000000000e+00,0.000000000000000000e+00
1.918639836855340519e+01,0.000000000000000000e+00,0.000000000000000000e+00
1.976444780117372702e+01,0.000000000000000000e+00,0.000000000000000000e+00
2.129038347613499838e+01,0.000000000000000000e+00,0.000000000000000000e+00
2.292619590821653475e+01,0.000000000000000000e+00,0.000000000000000000e+00
2.026421481509947142e+01,0.000000000000000000e+00,0.000000000000000000e+00
1.927414465714993597e+01,0.000000000000000000e+00,0.000000000000000000e+00
1.985241072992389277e+01,0.000000000000000000e+00,0.000000000000000000e+00
2.201978127183634371e+01,0.000000000000000000e+00,0.000000000000000000e+00
1.920613274804196990e+01,0.000000000000000000e+00,0.000000000000000000e+00
1.943961856115434728e+01,0.000000000000000000e+00,0.000000000000000000e+00
1.988998665757529238e+01,0.000000000000000000e+00,0.000000000000000000e+00
2.111234537094357933e+01,0.000000000000000000e+00,0.000000000000000000e+00
1.703287278232774327e+01,0.000000000000000000e+00,0.000000000000000000e+00
2.108969393114949042e+01,0.000000000000000000e+00,0.000000000000000000e+00
1.660764192177703791e+01,0.000000000000000000e+00,0.000000000000000000e+00
2.034012331780318306e+01,0.000000000000000000e+00,0.000000000000000000e+00
2.265770326921039413e+01,0.000000000000000000e+00,0.000000000000000000e+00
2.073843005494399705e+01,0.000000000000000000e+00,0.000000000000000000e+00
1.770895168881872195e+01,0.000000000000000000e+00,0.000000000000000000e+00
2.103653704276586467e+01,0.000000000000000000e+00,0.000000000000000000e+00
2.037042006375551395e+01,0.000000000000000000e+00,0.000000000000000000e+00
1.985523374347062742e+01,0.000000000000000000e+00,0.000000000000000000e+00
2.167883369036749741e+01,0.000000000000000000e+00,0.000000000000000000e+00
1.936084504606755274e+01,0.000000000000000000e+00,0.000000000000000000e+00
1.796274527837494972e+01,0.000000000000000000e+00,0.000000000000000000e+00
2.291706631056781518e+01,0.000000000000000000e+00,0.000000000000000000e+00
2.045206181628452313e+01,0.000000000000000000e+00,0.000000000000000000e+00
1.777757675052968622e+01,0.000000000000000000e+00,0.000000000000000000e+00
2.071219621158049762e+01,0.000000000000000000e+00,0.000000000000000000e+00
2.051189183587056064e+01,0.000000000000000000e+00,0.000000000000000000e+00
1.957185799862353193e+01,0.000000000000000000e+00,0.000000000000000000e+00
1.932479704594595660e+01,0.000000000000000000e+00,0.000000000000000000e+00
2.001292475920653047e+01,0.000000000000000000e+00,0.000000000000000000e+00
1.611580606682994699e+01,0.000000000000000000e+00,0.000000000000000000e+00
1.956164000931232039e+01,0.000000000000000000e+00,0.000000000000000000e+00
2.263208958985424601e+01,0.000000000000000000e+00,0.000000000000000000e+00
2.192724666810734391e+01,0.000000000000000000e+00,0.000000000000000000e+00
1.776094117569795827e+01,0.000000000000000000e+00,0.000000000000000000e+00
1.629865094299392325e+01,0.000000000000000000e+00,0.000000000000000000e+00
2.159868686358127121e+01,0.000000000000000000e+00,0.000000000000000000e+00
1.744695843581764194e+01,0.000000000000000000e+00,0.000000000000000000e+00
1.831226781309131724e+01,0.000000000000000000e+00,0.000000000000000000e+00
2.053377730087879272e+01,0.000000000000000000e+00,0.000000000000000000e+00
1.945731081058254475e+01,0.000000000000000000e+00,0.000000000000000000e+00
1.702625698395616993e+01,0.000000000000000000e+00,0.000000000000000000e+00
2.211867431678135532e+01,0.000000000000000000e+00,0.000000000000000000e+00
2.075104823315264824e+01,0.000000000000000000e+00,0.000000000000000000e+00
1.969864845025299971e+01,0.000000000000000000e+00,0.000000000000000000e+00
2.256214265521564499e+01,0.000000000000000000e+00,0.000000000000000000e+00
2.037579594845498221e+01,0.000000000000000000e+00,0.000000000000000000e+00
2.042338099685445485e+01,0.000000000000000000e+00,0.000000000000000000e+00
2.086518030436181448e+01,0.000000000000000000e+00,0.000000000000000000e+00
1.785571820130929410e+01,0.000000000000000000e+00,0.000000000000000000e+00
2.118273620403535062e+01,0.000000000000000000e+00,0.000000000000000000e+00
1.991117328034443545e+01,0.000000000000000000e+00,0.000000000000000000e+00
2.225985223925390244e+01,0.000000000000000000e+00,0.000000000000000000e+00
2.017134294355275514e+01,0.000000000000000000e+00,0.000000000000000000e+00
1.940861789896934653e+01,0.000000000000000000e+00,0.000000000000000000e+00
2.156387449270089007e+01,0.000000000000000000e+00,0.000000000000000000e+00
2.419336909053165385e+01,0.000000000000000000e+00,0.000000000000000000e+00
1.889028421267409286e+01,0.000000000000000000e+00,0.000000000000000000e+00
2.366692530456625221e+01,0.000000000000000000e+00,0.000000000000000000e+00
2.255264615348585266e+01,0.000000000000000000e+00,0.000000000000000000e+00
2.326487069334182678e+01,0.000000000000000000e+00,0.000000000000000000e+00
2.199639527435934383e+01,0.000000000000000000e+00,0.000000000000000000e+00
1.982207878964445769e+01,0.000000000000000000e+00,0.000000000000000000e+00
1.839878111826782359e+01,0.000000000000000000e+00,0.000000000000000000e+00
2.148392751530626654e+01,0.000000000000000000e+00,0.000000000000000000e+00
1.825163612622831977e+01,0.000000000000000000e+00,0.000000000000000000e+00
1.706442341750521052e+01,0.000000000000000000e+00,0.000000000000000000e+00
1.876598461084225633e+01,0.000000000000000000e+00,0.000000000000000000e+00
1.967525036221800150e+01,0.000000000000000000e+00,0.000000000000000000e+00
2.416875335329604013e+01,0.000000000000000000e+00,0.000000000000000000e+00
2.212980266966365051e+01,0.000000000000000000e+00,0.000000000000000000e+00
1.812625501182255405e+01,0.000000000000000000e+00,0.000000000000000000e+00
2.050655768156860859e+01,0.000000000000000000e+00,0.000000000000000000e+00
1.957414123978757203e+01,0.000000000000000000e+00,0.000000000000000000e+00
1.872282793744733809e+01,0.000000000000000000e+00,0.000000000000000000e+00
2.114819503826214486e+01,0.000000000000000000e+00,0.000000000000000000e+00
2.085551306886167922e+01,0.000000000000000000e+00,0.000000000000000000e+00
2.081943669588629930e+01,0.000000000000000000e+00,0.000000000000000000e+00
2.054756473145897999e+01,0.000000000000000000e+00,0.000000000000000000e+00
1.961934211444811282e+01,0.000000000000000000e+00,0.000000000000000000e+00
1.985369464869099332e+01,0.000000000000000000e+00,0.000000000000000000e+00
1.738627315769109671e+01,0.000000000000000000e+00,0.000000000000000000e+00
1.747507428442190758e+01,0.000000000000000000e+00,0.000000000000000000e+00
2.003246583412535742e+01,0.000000000000000000e+00,0.000000000000000000e+00
2.070494147837757026e+01,0.000000000000000000e+00,0.000000000000000000e+00
1.793666120664975949e+01,0.000000000000000000e+00,0.000000000000000000e+00
1.765855225589718458e+01,0.000000000000000000e+00,0.000000000000000000e+00
2.122359344967273032e+01,0.000000000000000000e+00,0.000000000000000000e+00
1.954148336074666048e+01,0.000000000000000000e+00,0.000000000000000000e+00
2.005896994758787955e+01,0.000000000000000000e+00,0.000000000000000000e+00
2.256386354757420065e+01,0.000000000000000000e+00,0.000000000000000000e+00
1.935550185769661624e+01,0.000000000000000000e+00,0.000000000000000000e+00
1.783114052656753046e+01,0.000000000000000000e+00,0.000000000000000000e+00
1.977407460226174152e+01,0.000000000000000000e+00,0.000000000000000000e+00
1.681399748397834415e+01,0.000000000000000000e+00,0.000000000000000000e+00
1.838494416773367135e+01,0.000000000000000000e+00,0.000000000000000000e+00
1.967197796277407207e+01,0.000000000000000000e+00,0.000000000000000000e+00
2.036007928364088571e+01,0.000000000000000000e+00,0.000000000000000000e+00
2.420536045398638336e+01,0.000000000000000000e+00,0.000000000000000000e+00
1.977152434273060422e+01,0.000000000000000000e+00,0.000000000000000000e+00
2.283489018250148916e+01,0.000000000000000000e+00,0.000000000000000000e+00
2.103638653036057349e+01,0.000000000000000000e+00,0.000000000000000000e+00
2.002730352993876650e+01,0.000000000000000000e+00,0.000000000000000000e+00
2.789757446452919964e+01,0.000000000000000000e+00,0.000000000000000000e+00
1.726972631943310432e+01,0.000000000000000000e+00,0.000000000000000000e+00
2.055170049290619616e+01,0.000000000000000000e+00,0.000000000000000000e+00
2.047486143650797530e+01,0.000000000000000000e+00,0.000000000000000000e+00
1.881308176332004578e+01,0.000000000000000000e+00,0.000000000000000000e+00
2.084213741436242984e+01,0.000000000000000000e+00,0.000000000000000000e+00
2.065287986538119114e+01,0.000000000000000000e+00,0.000000000000000000e+00
2.002703403096265689e+01,0.000000000000000000e+00,0.000000000000000000e+00
2.251337971328660004e+01,0.000000000000000000e+00,0.000000000000000000e+00
1.654930192658865806e+01,0.000000000000000000e+00,0.000000000000000000e+00
1.981533784330585135e+01,0.000000000000000000e+00,0.000000000000000000e+00
1.600649086836664026e+01,0.000000000000000000e+00,0.000000000000000000e+00
1.873000012297470818e+01,0.000000000000000000e+00,0.000000000000000000e+00
2.159445295459683578e+01,0.000000000000000000e+00,0.000000000000000000e+00
1.731938144408840685e+01,0.000000000000000000e+00,0.000000000000000000e+00
2.129665990930378427e+01,0.000000000000000000e+00,0.000000000000000000e+00
2.608001638864223892e+01,0.000000000000000000e+00,0.000000000000000000e+00
1.949870668579141864e+01,0.000000000000000000e+00,0.000000000000000000e+00
2.131886261975635577e+01,0.000000000000000000e+00,0.000000000000000000e+00
2.323162884045325072e+01,0.000000000000000000e+00,0.000000000000000000e+00
1.953614606512435614e+01,0.000000000000000000e+00,0.000000000000000000e+00
1.899525114131676773e+01,0.000000000000000000e+00,0.000000000000000000e+00
2.172891305208385404e+01,0.000000000000000000e+00,0.000000000000000000e+00
2.268531319402595514e+01,0.000000000000000000e+00,0.000000000000000000e+00
1.969815559067826172e+01,0.000000000000000000e+00,0.000000000000000000e+00
2.122644351235058480e+01,0.000000000000000000e+00,0.000000000000000000e+00
1.712365814633321648e+01,0.000000000000000000e+00,0.000000000000000000e+00
1.975000372320118558e+01,0.000000000000000000e+00,0.000000000000000000e+00
1.787500882537096203e+01,0.000000000000000000e+00,0.000000000000000000e+00
1.944330246145481311e+01,0.000000000000000000e+00,0.000000000000000000e+00
1.736707661997488827e+01,0.000000000000000000e+00,0.000000000000000000e+00
1.985138227241250064e+01,0.000000000000000000e+00,0.000000000000000000e+00
2.335310749171690148e+01,0.000000000000000000e+00,0.000000000000000000e+00
2.211116843429272194e+01,0.000000000000000000e+00,0.000000000000000000e+00
2.079481914876868487e+01,0.000000000000000000e+00,0.000000000000000000e+00
1.734337561249815707e+01,0.000000000000000000e+00,0.000000000000000000e+00
1.731999937420535218e+01,0.000000000000000000e+00,0.000000000000000000e+00
1.850123174050123254e+01,0.000000000000000000e+00,0.000000000000000000e+00
1.966761425423113963e+01,0.000000000000000000e+00,0.000000000000000000e+00
2.099889256502692447e+01,0.000000000000000000e+00,0.000000000000000000e+00
2.273429252140175194e+01,0.000000000000000000e+00,0.000000000000000000e+00
1.869175911672004275e+01,0.000000000000000000e+00,0.000000000000000000e+00
1.805068200731225403e+01,0.000000000000000000e+00,0.000000000000000000e+00
6.497557060939162454e+01,0.000000000000000000e+00,0.000000000000000000e+00
6.519282234195604531e+01,0.000000000000000000e+00,0.000000000000000000e+00
6.683436376276459612e+01,0.000000000000000000e+00,0.000000000000000000e+00
6.744947601382625635e+01,0.000000000000000000e+00,0.000000000000000000e+00
6.947730627780252632e+01,0.000000000000000000e+00,0.000000000000000000e+00
7.130378186467808632e+01,0.000000000000000000e+00,0.000000000000000000e+00
6.941162946360145725e+01,0.000000000000000000e+00,0.000000000000000000e+00
6.538072500092548012e+01,0.000000000000000000e+00,0.000000000000000000e+00
6.742987157602028958e+01,0.000000000000000000e+00,0.000000000000000000e+00
6.757866764008875293e+01,0.000000000000000000e+00,0.000000000000000000e+00
6.847923205370342714e+01,0.000000000000000000e+00,0.000000000000000000e+00
7.056429174184249575e+01,0.000000000000000000e+00,0.000000000000000000e+00
7.933950965349971796e+01,0.000000000000000000e+00,0.000000000000000000e+00
7.493370483525752945e+01,0.000000000000000000e+00,0.000000000000000000e+00
7.912159615135331592e+01,0.000000000000000000e+00,0.000000000000000000e+00
7.848188085819390380e+01,0.000000000000000000e+00,0.000000000000000000e+00
7.788686929136623860e+01,0.000000000000000000e+00,0.000000000000000000e+00
7.458863034849335349e+01,0.000000000000000000e+00,0.000000000000000000e+00
7.825745776491406502e+01,0.000000000000000000e+00,0.000000000000000000e+00
7.456129004992885712e+01,0.000000000000000000e+00,0.000000000000000000e+00
7.868224561828681374e+01,0.000000000000000000e+00,0.000000000000000000e+00
7.653085851610771329e+01,0.000000000000000000e+00,0.000000000000000000e+00
7.548451703177428840e+01,0.000000000000000000e+00,0.000000000000000000e+00
7.992178261080415780e+01,0.000000000000000000e+00,0.000000000000000000e+00
8.077251870276326429e+01,0.000000000000000000e+00,0.000000000000000000e+00
7.800540096809321255e+01,0.000000000000000000e+00,0.000000000000000000e+00
7.959901628748711744e+01,0.000000000000000000e+00,0.000000000000000000e+00
8.118220279121619853e+01,0.000000000000000000e+00,0.000000000000000000e+00
7.875013227226331480e+01,0.000000000000000000e+00,0.000000000000000000e+00
7.882846888366624682e+01,0.000000000000000000e+00,0.000000000000000000e+00
7.899936120239229354e+01,0.000000000000000000e+00,0.000000000000000000e+00
8.140911143805377037e+01,0.000000000000000000e+00,0.000000000000000000e+00
8.288341055054546302e+01,0.000000000000000000e+00,0.000000000000000000e+00
7.912638142364814087e+01,0.000000000000000000e+00,0.000000000000000000e+00
8.011636407137855542e+01,0.000000000000000000e+00,0.000000000000000000e+00
7.802277144578542334e+01,0.000000000000000000e+00,0.000000000000000000e+00
7.877940846988661860e+01,0.000000000000000000e+00,0.000000000000000000e+00
7.862948523169180248e+01,0.000000000000000000e+00,0.000000000000000000e+00
7.597697521483644323e+01,0.000000000000000000e+00,0.000000000000000000e+00
8.237586637943084611e+01,0.000000000000000000e+00,0.000000000000000000e+00
7.763512790252453044e+01,0.000000000000000000e+00,0.000000000000000000e+00
7.975229461395004193e+01,0.000000000000000000e+00,0.000000000000000000e+00
7.947727966507389397e+01,0.000000000000000000e+00,0.000000000000000000e+00
8.064871764333157955e+01,0.000000000000000000e+00,0.000000000000000000e+00
7.856159746926995524e+01,0.000000000000000000e+00,0.000000000000000000e+00
7.941497625985506659e+01,0.000000000000000000e+00,0.000000000000000000e+00
7.959518036791800455e+01,0.000000000000000000e+00,0.000000000000000000e+00
7.963411009921439643e+01,0.000000000000000000e+00,0.000000000000000000e+00
8.147169713601213914e+01,0.000000000000000000e+00,0.000000000000000000e+00
8.160326551478843271e+01,0.000000000000000000e+00,0.000000000000000000e+00
7.793202873665359220e+01,0.000000000000000000e+00,0.000000000000000000e+00
8.210517215044662009e+01,0.000000000000000000e+00,0.000000000000000000e+00
8.138005273296600706e+01,0.000000000000000000e+00,0.000000000000000000e+00
7.855475689558720376e+01,0.000000000000000000e+00,0.000000000000000000e+00
8.237229946282836579e+01,0.000000000000000000e+00,0.000000000000000000e+00
8.052329152251512312e+01,0.000000000000000000e+00,0.000000000000000000e+00
7.927344574641192310e+01,0.000000000000000000e+00,0.000000000000000000e+00
8.195825638965837356e+01,0.000000000000000000e+00,0.000000000000000000e+00
8.454679187607672475e+01,0.000000000000000000e+00,0.000000000000000000e+00
8.097668978862992617e+01,0.000000000000000000e+00,0.000000000000000000e+00
8.389058489075881653e+01,0.000000000000000000e+00,0.000000000000000000e+00
7.913632071520487443e+01,0.000000000000000000e+00,0.000000000000000000e+00
8.052344131890667711e+01,0.000000000000000000e+00,0.000000000000000000e+00
8.411851678146966549e+01,0.000000000000000000e+00,0.000000000000000000e+00
8.226944773171078396e+01,0.000000000000000000e+00,0.000000000000000000e+00
7.733909308445552711e+01,0.000000000000000000e+00,0.000000000000000000e+00
7.908737128780427383e+01,0.000000000000000000e+00,0.000000000000000000e+00
8.065829793670928893e+01,0.000000000000000000e+00,0.000000000000000000e+00
7.487481223715049339e+01,0.000000000000000000e+00,0.000000000000000000e+00
8.119884257052494547e+01,0.000000000000000000e+00,0.000000000000000000e+00
8.252985701979005739e+01,0.000000000000000000e+00,0.000000000000000000e+00
8.251072565062452213e+01,0.000000000000000000e+00,0.000000000000000000e+00
7.922004106718812011e+01,0.000000000000000000e+00,0.000000000000000000e+00
8.023249289111306837e+01,0.000000000000000000e+00,0.000000000000000000e+00
7.756630403046172262e+01,0.000000000000000000e+00,0.000000000000000000e+00
8.180746731567191432e+01,0.000000000000000000e+00,0.000000000000000000e+00
8.264922259155228801e+01,0.000000000000000000e+00,0.000000000000000000e+00
7.673617752514546453e+01,0.000000000000000000e+00,0.000000000000000000e+00
7.952218950322142632e+01,0.000000000000000000e+00,0.000000000000000000e+00
7.956363451825774291e+01,0.000000000000000000e+00,0.000000000000000000e+00
8.010608968656826789e+01,0.000000000000000000e+00,0.000000000000000000e+00
7.776148162906723371e+01,0.000000000000000000e+00,0.000000000000000000e+00
8.134574376317517874e+01,0.000000000000000000e+00,0.000000000000000000e+00
7.912450158005115952e+01,0.000000000000000000e+00,0.000000000000000000e+00
7.564066459023392497e+01,0.000000000000000000e+00,0.000000000000000000e+00
7.931483712543474951e+01,0.000000000000000000e+00,0.000000000000000000e+00
7.997183622940033842e+01,0.000000000000000000e+00,0.000000000000000000e+00
8.083659301183139689e+01,0.000000000000000000e+00,0.000000000000000000e+00
8.141424427022330690e+01,0.000000000000000000e+00,0.000000000000000000e+00
8.096759867619063300e+01,0.000000000000000000e+00,0.000000000000000000e+00
7.842952444263937650e+01,0.000000000000000000e+00,0.000000000000000000e+00
7.835413078455120228e+01,0.000000000000000000e+00,0.000000000000000000e+00
8.159100059097795565e+01,0.000000000000000000e+00,0.000000000000000000e+00
8.155109941753862302e+01,0.000000000000000000e+00,0.000000000000000000e+00
8.052089303791029806e+01,0.000000000000000000e+00,0.000000000000000000e+00
8.193503646486129810e+01,0.000000000000000000e+00,0.000000000000000000e+00
7.759126173257936898e+01,0.000000000000000000e+00,0.000000000000000000e+00
7.887865180747384386e+01,0.000000000000000000e+00,0.000000000000000000e+00
7.835614234971266967e+01,0.000000000000000000e+00,0.000000000000000000e+00
8.232690786564874941e+01,0.000000000000000000e+00,0.000000000000000000e+00
7.853886948805021007e+01,0.000000000000000000e+00,0.000000000000000000e+00
7.787331959410775539e+01,0.000000000000000000e+00,0.000000000000000000e+00
8.386783051157016189e+01,0.000000000000000000e+00,0.000000000000000000e+00
7.983634089075829365e+01,0.000000000000000000e+00,0.000000000000000000e+00
8.277441938789749543e+01,0.000000000000000000e+00,0.000000000000000000e+00
7.616750545835787989e+01,0.000000000000000000e+00,0.000000000000000000e+00
7.696240143084648366e+01,0.000000000000000000e+00,0.000000000000000000e+00
7.671056104444372181e+01,0.000000000000000000e+00,0.000000000000000000e+00
2.975506509090078211e+01,0.000000000000000000e+00,0.000000000000000000e+00
3.287391906837191868e+01,0.000000000000000000e+00,0.000000000000000000e+00
2.921815298091586754e+01,0.000000000000000000e+00,0.000000000000000000e+00
3.322781951293000446e+01,0.000000000000000000e+00,0.000000000000000000e+00
3.344917604217688023e+01,0.000000000000000000e+00,0.000000000000000000e+00
3.403803257132084070e+01,0.000000000000000000e+00,0.000000000000000000e+00
3.322543795918151943e+01,0.000000000000000000e+00,0.000000000000000000e+00
3.007984523397224308e+01,0.000000000000000000e+00,0.000000000000000000e+00
3.085150836030544141e+01,0.000000000000000000e+00,0.000000000000000000e+00
3.626617221054140572e+01,0.000000000000000000e+00,0.000000000000000000e+00
3.327035136471163668e+01,0.000000000000000000e+00,0.000000000000000000e+00
3.103357301817862535e+01,0.000000000000000000e+00,0.000000000000000000e+00
2.232221091834881577e+01,0.000000000000000000e+00,0.000000000000000000e+00
2.194291441418892319e+01,0.000000000000000000e+00,0.000000000000000000e+00
2.248084908386162795e+01,0.000000000000000000e+00,0.000000000000000000e+00
2.526865411289961116e+01,0.000000000000000000e+00,0.000000000000000000e+00
2.241154691306678259e+01,0.000000000000000000e+00,0.000000000000000000e+00
2.268899038035861082e+01,0.000000000000000000e+00,0.000000000000000000e+00
2.465322523616451278e+01,0.000000000000000000e+00,0.000000000000000000e+00
2.228832243914478539e+01,0.000000000000000000e+00,0.000000000000000000e+00
2.692443171219106901e+01,0.000000000000000000e+00,0.000000000000000000e+00
2.002888015785242004e+01,0.000000000000000000e+00,0.000000000000000000e+00
2.043245595768154743e+01,0.000000000000000000e+00,0.000000000000000000e+00
2.167960856580204165e+01,0.000000000000000000e+00,0.000000000000000000e+00
1.925076132843881638e+01,0.000000000000000000e+00,0.000000000000000000e+00
1.774945630035890431e+01,0.000000000000000000e+00,0.000000000000000000e+00
1.589643633143409929e+01,0.000000000000000000e+00,0.000000000000000000e+00
1.948004703410138561e+01,0.000000000000000000e+00,0.000000000000000000e+00
2.455333601613545369e+01,0.000000000000000000e+00,0.000000000000000000e+00
2.179054731989338833e+01,0.000000000000000000e+00,0.000000000000000000e+00
2.123022487032742944e+01,0.000000000000000000e+00,0.000000000000000000e+00
2.014078685031074656e+01,0.000000000000000000e+00,0.000000000000000000e+00
2.121979867732827785e+01,0.000000000000000000e+00,0.000000000000000000e+00
1.914635386593306876e+01,0.000000000000000000e+00,0.000000000000000000e+00
1.985045411843104901e+01,0.000000000000000000e+00,0.000000000000000000e+00
2.157413378890374744e+01,0.000000000000000000e+00,0.000000000000000000e+00
2.058395735069473886e+01,0.000000000000000000e+00,0.000000000000000000e+00
2.110711678785632728e+01,0.000000000000000000e+00,0.000000000000000000e+00
1.837734628432193063e+01,0.000000000000000000e+00,0.000000000000000000e+00
1.912552057576481701e+01,0.000000000000000000e+00,0.000000000000000000e+00
2.069857249739863647e+01,0.000000000000000000e+00,0.000000000000000000e+00
2.255602727074275293e+01,0.000000000000000000e+00,0.000000000000000000e+00
1.957892079666967788e+01,0.000000000000000000e+00,0.000000000000000000e+00
2.091180521002755910e+01,0.000000000000000000e+00,0.000000000000000000e+00
1.805540213902927960e+01,0.000000000000000000e+00,0.000000000000000000e+00
2.086994560884905781e+01,0.000000000000000000e+00,0.000000000000000000e+00
2.327503496451612719e+01,0.000000000000000000e+00,0.000000000000000000e+00
1.816145581089934424e+01,0.000000000000000000e+00,0.000000000000000000e+00
2.129563984551403522e+01,0.000000000000000000e+00,0.000000000000000000e+00
2.122462164584042554e+01,0.000000000000000000e+00,0.000000000000000000e+00
1.993809156947873262e+01,0.000000000000000000e+00,0.000000000000000000e+00
1.919018639086723255e+01,0.000000000000000000e+00,0.000000000000000000e+00
2.193826424797321195e+01,0.000000000000000000e+00,0.000000000000000000e+00
1.816372275171599782e+01,0.000000000000000000e+00,0.000000000000000000e+00
2.214539012472540946e+01,0.000000000000000000e+00,0.000000000000000000e+00
1.914350685484551917e+01,0.000000000000000000e+00,0.000000000000000000e+00
1.997812743191631313e+01,0.000000000000000000e+00,0.000000000000000000e+00
8.030497696198288793e+01,3.000000000000000000e+00,6.200000000000000000e+01
1.506594345088532805e+01,3.000000000000000000e+00,-2.000000000000000000e+00
-2.146369670617050573e+01,3.000000000000000000e+00,-4.500000000000000000e+01
-5.053549053138770120e+00,3.000000000000000000e+00,-2.300000000000000000e+01
1.734499848413922152e+01,3.000000000000000000e+00,-5.000000000000000000e+00
-7.370657080725735000e+00,3.000000000000000000e+00,-2.600000000000000000e+01
5.044383314502390192e+01,3.000000000000000000e+00,3.100000000000000000e+01
6.182570035492016558e+00,3.000000000000000000e+00,-1.600000000000000000e+01
6.488085343319106357e+00,3.000000000000000000e+00,-1.200000000000000000e+01
7.097329198074136514e+01,3.000000000000000000e+00,5.100000000000000000e+01
4.907004401336308774e+00,3.000000000000000000e+00,-1.200000000000000000e+01
6.117668802145193041e+00,3.000000000000000000e+00,-1.500000000000000000e+01
-4.587162069200256553e+01,3.000000000000000000e+00,-6.300000000000000000e+01
-7.656130620242542761e-01,3.000000000000000000e+00,-2.800000000000000000e+01
4.835449204533608736e+01,3.000000000000000000e+00,3.000000000000000000e+01
3.262707470371966423e+01,3.000000000000000000e+00,1.700000000000000000e+01
3.626235800059838255e+01,3.000000000000000000e+00,1.700000000000000000e+01
-5.242264688190930144e+01,3.000000000000000000e+00,-7.400000000000000000e+01
5.872693202399697299e+01,3.000000000000000000e+00,3.700000000000000000e+01
4.617818938756877856e+01,3.000000000000000000e+00,2.600000000000000000e+01
4.477754828893522188e+01,3.000000000000000000e+00,2.500000000000000000e+01
3.173344932917900607e+01,3.000000000000000000e+00,1.400000000000000000e+01
-4.412810565887039616e+01,3.000000000000000000e+00,-6.200000000000000000e+01
1.868388235326975177e+00,3.000000000000000000e+00,-1.600000000000000000e+01
1.083462563884095786e+01,3.000000000000000000e+00,-1.100000000000000000e+01
4.465275922480918780e+01,3.000000000000000000e+00,2.500000000000000000e+01
3.494662818023105189e+00,3.000000000000000000e+00,-1.800000000000000000e+01
-6.181729643957760345e+01,3.000000000000000000e+00,-8.200000000000000000e+01
7.507907181498893578e+01,3.000000000000000000e+00,5.600000000000000000e+01
2.667118141249698837e+01,3.000000000000000000e+00,6.000000000000000000e+00
1.808559175807183195e+01,3.000000000000000000e+00,0.000000000000000000e+00
-1.960318605449347729e+01,3.000000000000000000e+00,-3.800000000000000000e+01
8.205074879523493792e+00,3.000000000000000000e+00,-1.100000000000000000e+01
2.589186646058402985e+01,3.000000000000000000e+00,8.000000000000000000e+00
1.771618606598044465e+01,3.000000000000000000e+00,-5.000000000000000000e+00
7.832058946926306220e+00,3.000000000000000000e+00,-1.200000000000000000e+01
3.674798563843080501e+01,3.000000000000000000e+00,1.600000000000000000e+01
-5.366461796251297045e+01,3.000000000000000000e+00,-7.400000000000000000e+01
1.157672042522467279e+02,3.000000000000000000e+00,9.100000000000000000e+01
-2.868950769091528485e+01,3.000000000000000000e+00,-5.000000000000000000e+01
6.831170602722657748e+01,3.000000000000000000e+00,5.000000000000000000e+01
2.219459159757851197e+01,3.000000000000000000e+00,2.000000000000000000e+00
4.245132212850679565e+01,3.000000000000000000e+00,2.200000000000000000e+01
4.749108871262146181e+01,3.000000000000000000e+00,2.600000000000000000e+01
5.830080716298090948e+01,3.000000000000000000e+00,3.300000000000000000e+01
3.509823352981466371e+01,3.000000000000000000e+00,1.700000000000000000e+01
-1.169371039027587855e+01,3.000000000000000000e+00,-3.400000000000000000e+01
2.017288074964270095e+00,3.000000000000000000e+00,-2.100000000000000000e+01
1.877712274736927611e+01,3.000000000000000000e+00,0.000000000000000000e+00
2.370448260342589464e+01,3.000000000000000000e+00,4.000000000000000000e+00
4.323305846677320119e+01,3.000000000000000000e+00,2.100000000000000000e+01
1.982604330650448787e+01,3.000000000000000000e+00,0.000000000000000000e+00
2.124869290211731609e+01,3.000000000000000000e+00,2.000000000000000000e+00
2.378551615294450983e+01,3.000000000000000000e+00,5.000000000000000000e+00
3.586775594092716801e+01,3.000000000000000000e+00,1.800000000000000000e+01
4.131598569356352613e+01,3.000000000000000000e+00,2.200000000000000000e+01
8.376192081500485642e+01,3.000000000000000000e+00,6.600000000000000000e+01
2.744369160875746871e+01,3.000000000000000000e+00,9.000000000000000000e+00
3.366088631756678495e+00,3.000000000000000000e+00,-1.700000000000000000e+01
5.215079378053478365e+01,3.000000000000000000e+00,3.500000000000000000e+01
3.682018596229558938e+01,3.000000000000000000e+00,1.600000000000000000e+01
3.451221182248499275e+01,3.000000000000000000e+00,1.700000000000000000e+01
7.923502380579753890e+01,3.000000000000000000e+00,6.100000000000000000e+01
5.325986450059398436e+01,3.000000000000000000e+00,3.400000000000000000e+01
-2.840380498825362210e+01,3.000000000000000000e+00,-4.900000000000000000e+01
-2.248661256500342631e+01,3.000000000000000000e+00,-4.500000000000000000e+01
2.802018868294808840e+00,3.000000000000000000e+00,-2.000000000000000000e+01
6.038090966380373459e+00,3.000000000000000000e+00,-1.200000000000000000e+01
1.102165057787498483e+02,3.000000000000000000e+00,9.100000000000000000e+01
2.786661260613099245e+01,3.000000000000000000e+00,7.000000000000000000e+00
1.177539523551480016e+01,3.000000000000000000e+00,-8.000000000000000000e+00
3.634924869501183764e+00,3.000000000000000000e+00,-1.800000000000000000e+01
1.156462280955065864e+02,3.000000000000000000e+00,9.600000000000000000e+01
-1.322183111995933658e+01,3.000000000000000000e+00,-3.400000000000000000e+01
7.266497110087553324e+01,3.000000000000000000e+00,5.500000000000000000e+01
7.337794674134837436e+00,3.000000000000000000e+00,-1.000000000000000000e+01
8.820076298419775185e+01,3.000000000000000000e+00,7.100000000000000000e+01
-1.820460609720923273e+01,3.000000000000000000e+00,-4.000000000000000000e+01
5.931455107950240802e+01,3.000000000000000000e+00,3.900000000000000000e+01
-1.458324499600404778e+00,3.000000000000000000e+00,-2.200000000000000000e+01
-6.277674761716113494e+00,3.000000000000000000e+00,-2.500000000000000000e+01
4.267721318289704868e+01,3.000000000000000000e+00,2.500000000000000000e+01
3.076860923932871827e+01,3.000000000000000000e+00,9.000000000000000000e+00
8.974368714216296894e+01,3.000000000000000000e+00,7.000000000000000000e+01
-1.580010157481535060e+00,3.000000000000000000e+00,-2.200000000000000000e+01
-5.051215626524381719e+01,3.000000000000000000e+00,-7.000000000000000000e+01
-6.598732991076275312e+00,3.000000000000000000e+00,-2.700000000000000000e+01
1.272985245109730101e-01,3.000000000000000000e+00,-1.900000000000000000e+01
1.296101415904895404e+01,3.000000000000000000e+00,-6.000000000000000000e+00
7.735598224368114728e+00,3.000000000000000000e+00,-1.500000000000000000e+01
-1.428786613793030469e+01,3.000000000000000000e+00,-3.500000000000000000e+01
-2.493463206422246614e+01,3.000000000000000000e+00,-4.400000000000000000e+01
3.282593028609839791e+01,3.000000000000000000e+00,1.600000000000000000e+01
5.334616439605278515e+01,3.000000000000000000e+00,3.300000000000000000e+01
9.036642892450913678e+00,3.000000000000000000e+00,-1.200000000000000000e+01
5.834510414611087015e+01,3.000000000000000000e+00,3.800000000000000000e+01
7.592163587348618847e+00,3.000000000000000000e+00,-1.800000000000000000e+01
-1.474019626279660500e+01,3.000000000000000000e+00,-3.500000000000000000e+01
2.720974544897410041e+01,3.000000000000000000e+00,6.000000000000000000e+00
1.101385218385629088e+02,3.000000000000000000e+00,9.000000000000000000e+01
1.024873766089573905e+02,3.000000000000000000e+00,8.300000000000000000e+01
2.252256913663225291e+01,3.000000000000000000e+00,-1.000000000000000000e+00
4.593212756400185981e+01,3.000000000000000000e+00,2.900000000000000000e+01
5.817168673194909445e+01,3.000000000000000000e+00,3.600000000000000000e+01
6.494502648870776795e+01,3.000000000000000000e+00,4.500000000000000000e+01
3.928945718633178785e+01,3.000000000000000000e+00,2.100000000000000000e+01
1.129207706044649058e+02,3.000000000000000000e+00,9.200000000000000000e+01
3.413634407582215147e+00,3.000000000000000000e+00,-1.500000000000000000e+01
7.869969216635317366e+01,3.000000000000000000e+00,5.700000000000000000e+01
4.986725216351405976e+00,3.000000000000000000e+00,-1.400000000000000000e+01
1.661704036718359490e+01,3.000000000000000000e+00,-5.000000000000000000e+00
6.844203706857064162e+01,3.000000000000000000e+00,4.800000000000000000e+01
-2.664932292790296131e+01,3.000000000000000000e+00,-4.800000000000000000e+01
8.154816609583220099e+01,3.000000000000000000e+00,6.300000000000000000e+01
1.226315338802067458e+02,3.000000000000000000e+00,1.050000000000000000e+02
4.000267895411775498e+01,3.000000000000000000e+00,1.900000000000000000e+01
-3.408188343779178098e+01,3.000000000000000000e+00,-5.600000000000000000e+01
2.436047536834304594e+01,3.000000000000000000e+00,3.000000000000000000e+00
5.095149317674960798e+01,3.000000000000000000e+00,3.300000000000000000e+01
2.464281611009329964e+00,3.000000000000000000e+00,-2.000000000000000000e+01
2.231734942510621167e+01,3.000000000000000000e+00,0.000000000000000000e+00
1.838045783599255856e+01,3.000000000000000000e+00,-2.000000000000000000e+00
5.109557510738284947e+01,3.000000000000000000e+00,2.800000000000000000e+01
4.366516449724009874e+01,3.000000000000000000e+00,-2.500000000000000000e+01
5.868861560920724685e+01,3.000000000000000000e+00,-6.000000000000000000e+00
6.200522065783732728e+01,3.000000000000000000e+00,-7.000000000000000000e+00
6.238603422896522943e+01,3.000000000000000000e+00,-5.000000000000000000e+00
6.600767839198293530e+01,3.000000000000000000e+00,-2.000000000000000000e+00
5.325488739404134719e+01,3.000000000000000000e+00,-1.300000000000000000e+01
1.346870764918665486e+01,3.000000000000000000e+00,-5.400000000000000000e+01
5.647116197590172249e+01,3.000000000000000000e+00,-1.200000000000000000e+01
7.607670617071049435e+01,3.000000000000000000e+00,7.000000000000000000e+00
7.143926513499386033e+01,3.000000000000000000e+00,3.000000000000000000e+00
3.885957959455894439e+01,3.000000000000000000e+00,-2.500000000000000000e+01
5.737849576532231310e+01,3.000000000000000000e+00,-6.000000000000000000e+00
6.494330207180455261e+01,3.000000000000000000e+00,-1.300000000000000000e+01
-5.367571794739049551e+00,3.000000000000000000e+00,-8.300000000000000000e+01
5.226466462730006413e+01,3.000000000000000000e+00,-2.400000000000000000e+01
1.087644889312811500e+02,3.000000000000000000e+00,2.800000000000000000e+01
8.584262964690739750e+01,3.000000000000000000e+00,8.000000000000000000e+00
9.877560853661506712e+00,3.000000000000000000e+00,-6.900000000000000000e+01
7.114769340169753775e+01,3.000000000000000000e+00,-9.000000000000000000e+00
7.734815901315056408e+01,3.000000000000000000e+00,3.000000000000000000e+00
5.439854594848688407e+01,3.000000000000000000e+00,-1.900000000000000000e+01
7.437742683822892786e+01,3.000000000000000000e+00,-1.000000000000000000e+00
4.191613624048218867e+01,3.000000000000000000e+00,-3.400000000000000000e+01
5.773255937378125680e+01,3.000000000000000000e+00,-2.100000000000000000e+01
1.277106402816477697e+02,3.000000000000000000e+00,4.700000000000000000e+01
1.462874761506159587e+02,3.000000000000000000e+00,7.000000000000000000e+01
1.326728942319375051e+02,3.000000000000000000e+00,5.300000000000000000e+01
2.471530791729949783e+01,3.000000000000000000e+00,-5.600000000000000000e+01
9.595271775088519917e+01,3.000000000000000000e+00,1.800000000000000000e+01
2.688841393901137167e+01,3.000000000000000000e+00,-5.200000000000000000e+01
1.286200931560999550e+02,3.000000000000000000e+00,5.000000000000000000e+01
7.331384192933094823e+01,3.000000000000000000e+00,-5.000000000000000000e+00
8.571203365189494150e+01,3.000000000000000000e+00,6.000000000000000000e+00
1.009365457285246919e+02,3.000000000000000000e+00,2.400000000000000000e+01
1.319941515018821576e+02,3.000000000000000000e+00,5.300000000000000000e+01
6.882511266213695933e+01,3.000000000000000000e+00,-1.100000000000000000e+01
9.498909651259786813e+01,3.000000000000000000e+00,1.500000000000000000e+01
9.799917043663053562e+01,3.000000000000000000e+00,1.900000000000000000e+01
7.874492172208819341e+01,3.000000000000000000e+00,0.000000000000000000e+00
4.900203543173911669e+01,3.000000000000000000e+00,-2.800000000000000000e+01
6.322753661091296351e+01,3.000000000000000000e+00,-1.300000000000000000e+01
1.442779312675133667e+02,3.000000000000000000e+00,6.500000000000000000e+01
2.155649265680557392e+01,3.000000000000000000e+00,-6.100000000000000000e+01
9.620994543646197883e+01,3.000000000000000000e+00,1.800000000000000000e+01
1.202024970183572350e+00,3.000000000000000000e+00,-7.800000000000000000e+01
3.723413532241913515e+01,3.000000000000000000e+00,-4.000000000000000000e+01
8.303951264775071195e+01,3.000000000000000000e+00,4.000000000000000000e+00
1.037477519793884966e+02,3.000000000000000000e+00,2.300000000000000000e+01
1.147648522212094377e+02,3.000000000000000000e+00,3.400000000000000000e+01
1.408253821063470923e+02,3.000000000000000000e+00,5.900000000000000000e+01
7.321074721590507295e+01,3.000000000000000000e+00,-8.000000000000000000e+00
3.600272360471454647e+01,3.000000000000000000e+00,-4.500000000000000000e+01
8.102462995975574245e+01,3.000000000000000000e+00,0.000000000000000000e+00
7.030385956573310580e+01,3.000000000000000000e+00,-9.000000000000000000e+00
4.892381384014232992e+01,3.000000000000000000e+00,-2.900000000000000000e+01
7.202808566103611554e+01,3.000000000000000000e+00,-1.000000000000000000e+01
7.329851116966725044e+01,3.000000000000000000e+00,-8.000000000000000000e+00
4.499325253746066267e+01,3.000000000000000000e+00,-3.400000000000000000e+01
2.969032194554215209e+01,3.000000000000000000e+00,-5.000000000000000000e+01
1.120701106972152985e+02,3.000000000000000000e+00,3.200000000000000000e+01
9.233038301804866421e+01,3.000000000000000000e+00,1.300000000000000000e+01
1.020159170656643681e+02,3.000000000000000000e+00,2.700000000000000000e+01
1.189268617811447371e+02,3.000000000000000000e+00,3.900000000000000000e+01
1.144024171999744226e+02,3.000000000000000000e+00,3.500000000000000000e+01
1.119356746935983580e+02,3.000000000000000000e+00,3.100000000000000000e+01
8.510993969832711059e+01,3.000000000000000000e+00,-1.000000000000000000e+00
1.593261490474893094e+02,3.000000000000000000e+00,7.900000000000000000e+01
6.378632009640777767e+01,3.000000000000000000e+00,-1.300000000000000000e+01
9.396024606151891589e+01,3.000000000000000000e+00,1.300000000000000000e+01
2.974573516938602324e+01,3.000000000000000000e+00,-4.800000000000000000e+01
7.394405423883765138e+01,3.000000000000000000e+00,-6.000000000000000000e+00
6.754214324207558207e+01,3.000000000000000000e+00,-1.200000000000000000e+01
2.436918894300534078e+01,3.000000000000000000e+00,-5.800000000000000000e+01
5.413328988316190760e+01,3.000000000000000000e+00,-2.800000000000000000e+01
5.247543367511586609e+01,3.000000000000000000e+00,-2.600000000000000000e+01
1.060010956449391131e+02,3.000000000000000000e+00,2.800000000000000000e+01
5.181698382922562018e+01,3.000000000000000000e+00,-2.600000000000000000e+01
8.073815375887139112e+01,3.000000000000000000e+00,0.000000000000000000e+00
7.095180494180041819e+01,3.000000000000000000e+00,-1.000000000000000000e+01
8.265649846648577181e+01,3.000000000000000000e+00,2.000000000000000000e+00
9.839328081771196821e+01,3.000000000000000000e+00,2.000000000000000000e+01
8.070957516777768603e+01,3.000000000000000000e+00,0.000000000000000000e+00
4.597922299341462349e+01,3.000000000000000000e+00,-3.400000000000000000e+01
5.798731594898301012e+01,3.000000000000000000e+00,-2.300000000000000000e+01
3.728617968943521532e+01,3.000000000000000000e+00,-4.100000000000000000e+01
5.111783620044116105e+01,3.000000000000000000e+00,-2.900000000000000000e+01
1.552778540136603169e+02,3.000000000000000000e+00,7.700000000000000000e+01
8.062905029600980811e+01,3.000000000000000000e+00,0.000000000000000000e+00
1.173080404763022102e+02,3.000000000000000000e+00,3.900000000000000000e+01
7.229712085351299322e+01,3.000000000000000000e+00,-8.000000000000000000e+00
9.066850553010411318e+01,3.000000000000000000e+00,1.300000000000000000e+01
1.151995574141373169e+02,3.000000000000000000e+00,3.300000000000000000e+01
4.937704447378942518e+01,3.000000000000000000e+00,-3.000000000000000000e+01
9.183893079885187660e+01,3.000000000000000000e+00,1.200000000000000000e+01
7.884300592989936263e+01,3.000000000000000000e+00,-3.000000000000000000e+00
6.925979133624127826e+01,3.000000000000000000e+00,-1.400000000000000000e+01
1.500008828966196290e+02,3.000000000000000000e+00,7.000000000000000000e+01
7.959664613778704734e+01,3.000000000000000000e+00,-1.000000000000000000e+00
1.274416819980626343e+02,3.000000000000000000e+00,4.600000000000000000e+01
7.812438823080333350e+01,3.000000000000000000e+00,-5.000000000000000000e+00
1.178862868935521533e+02,3.000000000000000000e+00,3.900000000000000000e+01
5.812605826216342564e+01,3.000000000000000000e+00,-1.900000000000000000e+01
1.014135064788062266e+02,3.000000000000000000e+00,1.700000000000000000e+01
4.659045297644399852e+01,3.000000000000000000e+00,-3.300000000000000000e+01
1.860319323501423128e+01,3.000000000000000000e+00,-6.100000000000000000e+01
1.796742601608066536e+01,3.000000000000000000e+00,-5.800000000000000000e+01
7.459809055202032368e+01,3.000000000000000000e+00,-8.000000000000000000e+00
4.262408496830990146e+01,3.000000000000000000e+00,-3.900000000000000000e+01
4.642387507589996432e+01,3.000000000000000000e+00,1.400000000000000000e+01
-8.579176213240206295e+00,3.000000000000000000e+00,-3.800000000000000000e+01
3.656656251243068567e+01,3.000000000000000000e+00,5.000000000000000000e+00
7.880397674259727125e+01,3.000000000000000000e+00,4.500000000000000000e+01
8.632642069884894909e+01,3.000000000000000000e+00,5.400000000000000000e+01
1.045201964715481324e+02,3.000000000000000000e+00,7.100000000000000000e+01
6.005350893273444512e+01,3.000000000000000000e+00,2.800000000000000000e+01
2.007335955477920564e+01,3.000000000000000000e+00,-1.100000000000000000e+01
7.002361473277474602e+01,3.000000000000000000e+00,3.600000000000000000e+01
1.761832683768691155e+01,3.000000000000000000e+00,-1.400000000000000000e+01
4.126608961352586391e+01,3.000000000000000000e+00,1.000000000000000000e+01
-5.818425494839104317e+01,3.000000000000000000e+00,-9.000000000000000000e+01
2.490477713960649808e+01,3.000000000000000000e+00,0.000000000000000000e+00
1.387637486109309037e+01,3.000000000000000000e+00,-9.000000000000000000e+00
3.515842777671633002e+00,3.000000000000000000e+00,-1.500000000000000000e+01
-3.924556041497904602e+01,3.000000000000000000e+00,-6.500000000000000000e+01
1.662334807510927348e+01,3.000000000000000000e+00,-1.000000000000000000e+00
-4.619892587516250870e+00,3.000000000000000000e+00,-3.000000000000000000e+01
2.024683334569937898e+01,3.000000000000000000e+00,-3.000000000000000000e+00
3.031473011005206075e+01,3.000000000000000000e+00,7.000000000000000000e+00
1.136655012635864637e+01,3.000000000000000000e+00,-1.000000000000000000e+01
3.782515636227607558e+01,3.000000000000000000e+00,1.700000000000000000e+01
-3.835001280042894933e+01,3.000000000000000000e+00,-5.900000000000000000e+01
4.291468464659241278e+01,3.000000000000000000e+00,2.100000000000000000e+01
1.140825713740920833e+02,3.000000000000000000e+00,9.600000000000000000e+01
4.258783545438549112e+01,3.000000000000000000e+00,2.300000000000000000e+01
-4.891519331273975979e+00,3.000000000000000000e+00,-2.500000000000000000e+01
1.338742060436588872e+02,3.000000000000000000e+00,1.160000000000000000e+02
2.779997886370885141e+01,3.000000000000000000e+00,4.000000000000000000e+00
-1.237656496958872410e+01,3.000000000000000000e+00,-3.600000000000000000e+01
6.557383648786554886e+01,3.000000000000000000e+00,4.500000000000000000e+01
5.972934347458212301e+01,3.000000000000000000e+00,3.700000000000000000e+01
-3.107528201841963167e+01,3.000000000000000000e+00,-5.200000000000000000e+01
3.855943348901868717e+01,3.000000000000000000e+00,1.800000000000000000e+01
-2.657347565571652126e+01,3.000000000000000000e+00,-4.600000000000000000e+01
4.572260267634622721e+01,3.000000000000000000e+00,2.100000000000000000e+01
2.709056791282263887e+01,3.000000000000000000e+00,8.000000000000000000e+00
6.422157051074391632e+01,3.000000000000000000e+00,4.400000000000000000e+01
3.550988597118198697e+01,3.000000000000000000e+00,1.500000000000000000e+01
3.473486340733337130e+01,3.000000000000000000e+00,1.500000000000000000e+01
-2.656427937772581771e+01,3.000000000000000000e+00,-4.700000000000000000e+01
1.687223986179811064e+01,3.000000000000000000e+00,-1.000000000000000000e+00
4.172886214369712832e+01,3.000000000000000000e+00,2.100000000000000000e+01
-1.855406879326082858e+01,3.000000000000000000e+00,-3.800000000000000000e+01
1.031705419458562289e+02,3.000000000000000000e+00,8.300000000000000000e+01
-1.950373895170103111e+01,3.000000000000000000e+00,-4.000000000000000000e+01
-6.293130133498703316e+00,3.000000000000000000e+00,-2.600000000000000000e+01
6.125763500194712208e+01,3.000000000000000000e+00,4.300000000000000000e+01
-1.536651575149429760e+01,3.000000000000000000e+00,-3.400000000000000000e+01
3.349725476266901580e+01,3.000000000000000000e+00,1.200000000000000000e+01
2.814166390501371140e+01,3.000000000000000000e+00,8.000000000000000000e+00
1.374852788584711760e+01,3.000000000000000000e+00,-6.000000000000000000e+00
5.340038901550713035e+01,3.000000000000000000e+00,3.300000000000000000e+01
1.164455504087813509e+01,3.000000000000000000e+00,-1.200000000000000000e+01
-2.604946831271943353e+01,3.000000000000000000e+00,-4.500000000000000000e+01
6.109843661968649542e+01,3.000000000000000000e+00,4.000000000000000000e+01
5.339191632775867191e+01,3.000000000000000000e+00,3.100000000000000000e+01
7.721631592932008914e+01,3.000000000000000000e+00,5.600000000000000000e+01
-7.907057341181231891e+01,3.000000000000000000e+00,-1.000000000000000000e+02
2.617589504239344578e+01,3.000000000000000000e+00,6.000000000000000000e+00
1.219583505743815621e+01,3.000000000000000000e+00,-4.000000000000000000e+00
3.911396366514722445e+01,3.000000000000000000e+00,1.900000000000000000e+01
2.310224242116852267e+01,3.000000000000000000e+00,4.000000000000000000e+00
2.838773465079711400e+00,3.000000000000000000e+00,-1.400000000000000000e+01
6.751375809454647481e+01,3.000000000000000000e+00,4.900000000000000000e+01
3.266804363903802511e+01,3.000000000000000000e+00,1.000000000000000000e+01
4.888324053395084690e+00,3.000000000000000000e+00,-1.500000000000000000e+01
-1.697260722671334676e+01,3.000000000000000000e+00,-3.500000000000000000e+01
2.102749433814999946e+01,3.000000000000000000e+00,2.000000000000000000e+00
3.526321353409147008e+01,3.000000000000000000e+00,1.700000000000000000e+01
6.999841764638711084e+01,3.000000000000000000e+00,4.700000000000000000e+01
8.601478744239310004e+01,3.000000000000000000e+00,6.600000000000000000e+01
6.533133443580747723e+01,3.000000000000000000e+00,4.400000000000000000e+01
-1.063565336026904973e+01,3.000000000000000000e+00,-3.500000000000000000e+01
5.994757690341361922e+01,3.000000000000000000e+00,4.500000000000000000e+01
-1.053898879267631372e+00,3.000000000000000000e+00,-2.300000000000000000e+01
7.697172310609161627e+01,3.000000000000000000e+00,5.700000000000000000e+01
4.170479319824359266e+00,3.000000000000000000e+00,-1.800000000000000000e+01
-4.508765026252130070e+01,3.000000000000000000e+00,-6.900000000000000000e+01
6.857358756038291858e+01,3.000000000000000000e+00,4.600000000000000000e+01
2.120194360992377725e+01,3.000000000000000000e+00,3.000000000000000000e+00
8.647526544619047684e+01,3.000000000000000000e+00,6.800000000000000000e+01
1.385144439888044587e+00,3.000000000000000000e+00,-2.100000000000000000e+01
-2.001719177426875262e+01,3.000000000000000000e+00,-3.700000000000000000e+01
2.547204085455506117e+01,3.000000000000000000e+00,7.000000000000000000e+00
3.104852568880243169e+01,3.000000000000000000e+00,1.100000000000000000e+01
8.312363703735918818e+01,3.000000000000000000e+00,6.500000000000000000e+01
4.647814923892056527e+00,3.000000000000000000e+00,-1.200000000000000000e+01
6.277935924461381489e+01,3.000000000000000000e+00,4.300000000000000000e+01
1.129709986222912335e+02,3.000000000000000000e+00,9.100000000000000000e+01
-3.029375750756075547e+01,3.000000000000000000e+00,-5.100000000000000000e+01
-2.197299259613306788e+01,3.000000000000000000e+00,-4.000000000000000000e+01
-6.709870831362404431e+01,3.000000000000000000e+00,-8.900000000000000000e+01
6.847695588698431379e+01,3.000000000000000000e+00,4.800000000000000000e+01
-2.311030060337528980e+01,3.000000000000000000e+00,-4.300000000000000000e+01
5.924150113506607696e+00,3.000000000000000000e+00,-1.000000000000000000e+01
-4.917529774242957785e+00,3.000000000000000000e+00,-2.600000000000000000e+01
1.600216840019221110e+01,3.000000000000000000e+00,-2.000000000000000000e+00
8.969173153360827655e+01,3.000000000000000000e+00,7.000000000000000000e+01
-4.104020548086623421e+01,3.000000000000000000e+00,-6.100000000000000000e+01
3.006076564570518528e+01,3.000000000000000000e+00,1.000000000000000000e+01
-2.761302747521756729e+01,3.000000000000000000e+00,-5.100000000000000000e+01
-2.767156957273697770e+01,3.000000000000000000e+00,-4.500000000000000000e+01
1.713554112153633469e+01,3.000000000000000000e+00,-2.000000000000000000e+00
2.544943100889521759e+01,3.000000000000000000e+00,8.000000000000000000e+00
5.262069699928509436e+01,3.000000000000000000e+00,3.100000000000000000e+01
6.387000695215247958e+01,3.000000000000000000e+00,4.200000000000000000e+01
-2.000329876282660280e+01,3.000000000000000000e+00,-3.900000000000000000e+01
9.137481340381002326e+01,3.000000000000000000e+00,7.000000000000000000e+01
5.349240520982567659e+01,3.000000000000000000e+00,3.100000000000000000e+01
-2.976632637643309565e+01,3.000000000000000000e+00,-4.900000000000000000e+01
-3.359133472947145549e+01,3.000000000000000000e+00,-5.600000000000000000e+01
7.198187854402708297e+01,3.000000000000000000e+00,5.400000000000000000e+01
-2.971184007530155924e+01,3.000000000000000000e+00,-5.100000000000000000e+01
-2.270592767191415362e+01,3.000000000000000000e+00,-4.500000000000000000e+01
4.840175539847048469e+01,3.000000000000000000e+00,2.700000000000000000e+01
1.865312959343651400e+01,3.000000000000000000e+00,0.000000000000000000e+00
1.047709195483115394e+02,3.000000000000000000e+00,8.600000000000000000e+01
-1.024149342612697922e+01,3.000000000000000000e+00,-3.000000000000000000e+01
9.413392325456476328e+01,3.000000000000000000e+00,7.100000000000000000e+01
-1.919128882321611940e+01,3.000000000000000000e+00,-3.900000000000000000e+01
6.099574498412542312e+01,3.000000000000000000e+00,4.300000000000000000e+01
-3.843036378889082272e+01,3.000000000000000000e+00,-5.600000000000000000e+01
4.589424517873133169e+01,3.000000000000000000e+00,2.800000000000000000e+01
2.847959614724832633e+01,3.000000000000000000e+00,8.000000000000000000e+00
3.582540581632533616e+01,3.000000000000000000e+00,1.800000000000000000e+01
4.442396265018752644e+01,3.000000000000000000e+00,2.300000000000000000e+01
5.470547239439633103e+01,3.000000000000000000e+00,3.400000000000000000e+01
3.420778639421364176e+01,3.000000000000000000e+00,1.300000000000000000e+01
-2.949131999968745532e+00,3.000000000000000000e+00,-2.200000000000000000e+01
1.039404013384390879e+01,3.000000000000000000e+00,-1.200000000000000000e+01
2.149521848277445102e+01,3.000000000000000000e+00,2.000000000000000000e+00
-1.619401954680510514e+01,3.000000000000000000e+00,-3.700000000000000000e+01
-7.247129346496788571e+01,3.000000000000000000e+00,-9.500000000000000000e+01
-1.902332528577478499e+01,3.000000000000000000e+00,-4.000000000000000000e+01
-3.496370881437403710e+01,3.000000000000000000e+00,-5.400000000000000000e+01
-1.595814971689224393e+01,3.000000000000000000e+00,-3.400000000000000000e+01
8.634316119375117893e+00,3.000000000000000000e+00,-1.100000000000000000e+01
-8.761691935915621343e+00,3.000000000000000000e+00,-2.700000000000000000e+01
1.639120362262939778e+00,3.000000000000000000e+00,-2.000000000000000000e+01
3.716074002827069478e+01,3.000000000000000000e+00,1.600000000000000000e+01
3.698136528161050762e+00,3.000000000000000000e+00,-1.700000000000000000e+01
4.783290746500956914e+01,3.000000000000000000e+00,2.700000000000000000e+01
2.628195614004012270e+01,3.000000000000000000e+00,4.000000000000000000e+00
3.610180212316669213e+01,3.000000000000000000e+00,1.600000000000000000e+01
-9.617010271835914637e+01,3.000000000000000000e+00,-1.140000000000000000e+02
2.029501441960775310e+00,3.000000000000000000e+00,-2.000000000000000000e+01
1.452052527369487578e+01,3.000000000000000000e+00,-6.000000000000000000e+00
5.329857822445848115e+01,3.000000000000000000e+00,3.300000000000000000e+01
-7.306109763730436413e+00,3.000000000000000000e+00,-2.900000000000000000e+01
-3.488821430102304788e+01,3.000000000000000000e+00,-5.300000000000000000e+01
-3.727922391289067150e+01,3.000000000000000000e+00,-5.800000000000000000e+01
3.813484368971401750e+01,3.000000000000000000e+00,2.100000000000000000e+01
3.081607247613777290e+01,3.000000000000000000e+00,1.300000000000000000e+01
8.419047434705944966e+01,3.000000000000000000e+00,6.500000000000000000e+01
-2.765564655252296689e+01,3.000000000000000000e+00,-4.700000000000000000e+01
4.518531579578301205e+01,3.000000000000000000e+00,2.700000000000000000e+01
1.350845776038870127e+00,3.000000000000000000e+00,-1.900000000000000000e+01
1.658929229888794055e+01,3.000000000000000000e+00,-2.000000000000000000e+00
-1.072274590098622582e+01,3.000000000000000000e+00,-2.800000000000000000e+01
6.436543480539526740e+00,3.000000000000000000e+00,-1.000000000000000000e+01
1.318075008889409006e+01,3.000000000000000000e+00,-9.000000000000000000e+00
-4.874409869696556541e+00,3.000000000000000000e+00,-2.300000000000000000e+01
4.880352487533702543e+00,3.000000000000000000e+00,-1.700000000000000000e+01
1.521966825245840482e+00,3.000000000000000000e+00,-1.900000000000000000e+01
-2.220999695383334327e+01,3.000000000000000000e+00,-4.300000000000000000e+01
4.228673365628154102e+01,3.000000000000000000e+00,2.300000000000000000e+01
-1.799803366905581115e+01,3.000000000000000000e+00,-3.900000000000000000e+01
7.214787916930566780e+01,3.000000000000000000e+00,5.400000000000000000e+01
3.169706862854983598e+00,3.000000000000000000e+00,-1.900000000000000000e+01
-6.018048856724789175e-02,3.000000000000000000e+00,-1.900000000000000000e+01
-8.764800396929175008e+00,3.000000000000000000e+00,-3.200000000000000000e+01
5.290689456320866668e+01,3.000000000000000000e+00,3.300000000000000000e+01
1.417083569786710484e+01,3.000000000000000000e+00,-6.000000000000000000e+00
-4.183679668181924427e+01,3.000000000000000000e+00,-5.900000000000000000e+01
4.302746622280279354e+01,3.000000000000000000e+00,2.200000000000000000e+01
-4.722072287742495433e+00,3.000000000000000000e+00,-2.500000000000000000e+01
-9.907425406990480354e+00,3.000000000000000000e+00,-3.200000000000000000e+01
5.902786785596099151e+01,3.000000000000000000e+00,4.100000000000000000e+01
1.087510541982150514e+01,3.000000000000000000e+00,-1.000000000000000000e+01
2.061789731617700028e+01,3.000000000000000000e+00,-4.300000000000000000e+01
9.096043714209932318e+01,3.000000000000000000e+00,2.200000000000000000e+01
3.279922276945701753e+01,3.000000000000000000e+00,-3.600000000000000000e+01
8.407205730268900368e+01,3.000000000000000000e+00,1.400000000000000000e+01
7.682370738856359083e+01,3.000000000000000000e+00,4.000000000000000000e+00
7.138184452226768428e+01,3.000000000000000000e+00,3.000000000000000000e+00
4.003382903714783936e+01,3.000000000000000000e+00,-2.800000000000000000e+01
1.343524594442193631e+02,3.000000000000000000e+00,7.000000000000000000e+01
7.082098646535405351e+01,3.000000000000000000e+00,1.000000000000000000e+00
4.688852552554375563e+01,3.000000000000000000e+00,-2.100000000000000000e+01
6.858946959616741879e+01,3.000000000000000000e+00,0.000000000000000000e+00
1.400174321764848742e+02,3.000000000000000000e+00,7.000000000000000000e+01
3.307411072298137356e+01,3.000000000000000000e+00,-4.500000000000000000e+01
7.169828831468082342e+01,3.000000000000000000e+00,-8.000000000000000000e+00
6.933379188720059005e+01,3.000000000000000000e+00,-9.000000000000000000e+00
1.054659065850963913e+02,3.000000000000000000e+00,2.600000000000000000e+01
1.083830927869235836e+02,3.000000000000000000e+00,3.100000000000000000e+01
8.423522073585546366e+01,3.000000000000000000e+00,4.000000000000000000e+00
4.072074202121997644e+01,3.000000000000000000e+00,-3.700000000000000000e+01
7.562565571919382990e+01,3.000000000000000000e+00,-1.000000000000000000e+00
3.615934451958615625e+01,3.000000000000000000e+00,-4.000000000000000000e+01
-2.943315620552658629e+01,3.000000000000000000e+00,-1.080000000000000000e+02
4.862844766311899036e+01,3.000000000000000000e+00,-3.100000000000000000e+01
9.663692045530697783e+01,3.000000000000000000e+00,1.700000000000000000e+01
1.295334764613358516e+02,3.000000000000000000e+00,4.700000000000000000e+01
6.010805389937193866e+01,3.000000000000000000e+00,-2.000000000000000000e+01
3.843727185019773174e+01,3.000000000000000000e+00,-4.100000000000000000e+01
6.085895154852474320e+01,3.000000000000000000e+00,-2.200000000000000000e+01
6.238488820809541835e+01,3.000000000000000000e+00,-1.700000000000000000e+01
-9.610942238671640325e+00,3.000000000000000000e+00,-8.700000000000000000e+01
7.425255831410095197e+01,3.000000000000000000e+00,-7.000000000000000000e+00
9.643927705830459729e+01,3.000000000000000000e+00,1.800000000000000000e+01
1.285800064129846305e+02,3.000000000000000000e+00,4.900000000000000000e+01
7.200039781756240131e+01,3.000000000000000000e+00,-1.300000000000000000e+01
2.865085694287536455e+01,3.000000000000000000e+00,-5.100000000000000000e+01
1.330657523402985873e+02,3.000000000000000000e+00,5.300000000000000000e+01
1.234667939960045828e+02,3.000000000000000000e+00,4.300000000000000000e+01
8.595009050948834783e+01,3.000000000000000000e+00,4.000000000000000000e+00
9.536092573594640953e+01,3.000000000000000000e+00,1.300000000000000000e+01
6.049759813482650372e+01,3.000000000000000000e+00,-1.600000000000000000e+01
5.377499641714746303e+01,3.000000000000000000e+00,-2.800000000000000000e+01
8.205958617676003541e-01,3.000000000000000000e+00,-7.700000000000000000e+01
6.611580023242029824e+01,3.000000000000000000e+00,-1.700000000000000000e+01
1.273428501296126569e+01,3.000000000000000000e+00,-6.500000000000000000e+01
1.555496136064717803e+02,3.000000000000000000e+00,7.600000000000000000e+01
7.866580096680550582e+01,3.000000000000000000e+00,0.000000000000000000e+00
6.248191317798027455e+01,3.000000000000000000e+00,-1.700000000000000000e+01
7.121762476034521683e+01,3.000000000000000000e+00,-5.000000000000000000e+00
3.922149630504033269e+01,3.000000000000000000e+00,-4.200000000000000000e+01
8.137515711104963145e+01,3.000000000000000000e+00,5.000000000000000000e+00
1.237730644378291629e+02,3.000000000000000000e+00,4.100000000000000000e+01
3.794425700636119814e+01,3.000000000000000000e+00,-4.100000000000000000e+01
1.034477302728249981e+02,3.000000000000000000e+00,2.600000000000000000e+01
5.662317521519020147e+01,3.000000000000000000e+00,-2.300000000000000000e+01
3.850433388310155181e+01,3.000000000000000000e+00,-4.200000000000000000e+01
1.411943591014470485e+02,3.000000000000000000e+00,6.000000000000000000e+01
7.836589342999941721e+01,3.000000000000000000e+00,-1.000000000000000000e+00
1.349006963235553087e+02,3.000000000000000000e+00,5.700000000000000000e+01
6.618384499574197832e+01,3.000000000000000000e+00,-8.000000000000000000e+00
1.361893319137581955e+02,3.000000000000000000e+00,5.400000000000000000e+01
4.380432942940053920e+01,3.000000000000000000e+00,-3.700000000000000000e+01
2.306333551306457252e+01,3.000000000000000000e+00,-5.700000000000000000e+01
4.968696122963363848e+01,3.000000000000000000e+00,-3.000000000000000000e+01
1.092793405672095730e+02,3.000000000000000000e+00,2.900000000000000000e+01
7.162820179296824108e+01,3.000000000000000000e+00,-7.000000000000000000e+00
5.014814732809182374e+01,3.000000000000000000e+00,-2.700000000000000000e+01
8.704447589258955986e+01,3.000000000000000000e+00,5.000000000000000000e+00
1.033402479117860082e+02,3.000000000000000000e+00,2.800000000000000000e+01
6.403444732226763847e+01,3.000000000000000000e+00,-1.400000000000000000e+01
1.508719362209373571e+02,3.000000000000000000e+00,7.200000000000000000e+01
6.349874213731823147e+01,3.000000000000000000e+00,-1.700000000000000000e+01
1.554654977735530679e+02,3.000000000000000000e+00,7.700000000000000000e+01
9.622640026873057195e+00,3.000000000000000000e+00,-7.000000000000000000e+01
4.485176145162994032e+01,3.000000000000000000e+00,-3.200000000000000000e+01
-1.214289277829222158e+01,3.000000000000000000e+00,-9.300000000000000000e+01
7.200951014916864779e+01,3.000000000000000000e+00,-6.000000000000000000e+00
4.210688748133264880e+01,3.000000000000000000e+00,-3.500000000000000000e+01
1.122822566642598474e+01,3.000000000000000000e+00,-6.600000000000000000e+01
6.514325484601508265e+01,3.000000000000000000e+00,-1.700000000000000000e+01
1.397963358642122387e+02,3.000000000000000000e+00,5.900000000000000000e+01
7.451448984337807246e+01,3.000000000000000000e+00,-8.000000000000000000e+00
1.337356007571804639e+01,3.000000000000000000e+00,-6.300000000000000000e+01
2.204382062795256729e+02,3.000000000000000000e+00,1.380000000000000000e+02
9.277908148557415302e+00,3.000000000000000000e+00,-7.300000000000000000e+01
8.804430427723686137e+01,3.000000000000000000e+00,9.000000000000000000e+00
5.328640012303281992e+01,3.000000000000000000e+00,-2.800000000000000000e+01
1.266130784999812988e+02,3.000000000000000000e+00,4.400000000000000000e+01
8.020932353583123131e+01,3.000000000000000000e+00,3.000000000000000000e+00
6.646777904331099762e+01,3.000000000000000000e+00,-1.800000000000000000e+01
7.930842004680009438e+01,3.000000000000000000e+00,2.000000000000000000e+00
6.617141879716659503e+01,3.000000000000000000e+00,-1.700000000000000000e+01
5.054966297619509419e+01,3.000000000000000000e+00,-2.800000000000000000e+01
7.699654679213728059e+01,3.000000000000000000e+00,1.000000000000000000e+00
8.958562989872714866e+01,3.000000000000000000e+00,1.200000000000000000e+01
9.000848466138209858e+01,3.000000000000000000e+00,8.000000000000000000e+00
6.763216153995955437e+01,3.000000000000000000e+00,-1.200000000000000000e+01
4.994731354296203563e+01,3.000000000000000000e+00,-3.100000000000000000e+01
1.261071115264160909e+02,3.000000000000000000e+00,4.600000000000000000e+01
4.780375095887110604e+01,3.000000000000000000e+00,-3.500000000000000000e+01
1.659994586687298579e+02,3.000000000000000000e+00,8.200000000000000000e+01
5.093620021827634048e+01,3.000000000000000000e+00,-3.100000000000000000e+01
8.398011682525716992e+01,3.000000000000000000e+00,7.000000000000000000e+00
1.141792808247455895e+02,3.000000000000000000e+00,3.500000000000000000e+01
8.133243262648365146e+01,3.000000000000000000e+00,0.000000000000000000e+00
3.643251630430640375e+01,3.000000000000000000e+00,-4.300000000000000000e+01
8.658203024912822343e+01,3.000000000000000000e+00,8.000000000000000000e+00
4.287928512835757999e+01,3.000000000000000000e+00,-4.000000000000000000e+01
5.808508742612158926e+01,3.000000000000000000e+00,-2.100000000000000000e+01
9.283100312773015617e+00,3.000000000000000000e+00,-2.400000000000000000e+01
-2.616455770176504103e+01,3.000000000000000000e+00,-6.000000000000000000e+01
2.311406750468108839e+00,3.000000000000000000e+00,-2.900000000000000000e+01
-2.791159435805773370e+01,3.000000000000000000e+00,-6.300000000000000000e+01
5.300384118715553683e+01,3.000000000000000000e+00,2.100000000000000000e+01
7.231264077501396059e+01,3.000000000000000000e+00,4.100000000000000000e+01
5.679090660595932860e+01,3.000000000000000000e+00,2.500000000000000000e+01
4.210131283887439224e+01,3.000000000000000000e+00,1.000000000000000000e+01
-3.576800020040823824e+01,3.000000000000000000e+00,-6.700000000000000000e+01
8.023255079089221908e+01,3.000000000000000000e+00,4.800000000000000000e+01
8.067998536787044372e+01,3.000000000000000000e+00,4.700000000000000000e+01
2.825192237429590136e+01,3.000000000000000000e+00,-3.000000000000000000e+00
7.058360873219612586e+00,3.000000000000000000e+00,-1.300000000000000000e+01
3.174766214852215285e+01,3.000000000000000000e+00,7.000000000000000000e+00
-4.602492713397730029e+01,3.000000000000000000e+00,-6.800000000000000000e+01
4.963348328748458016e+01,3.000000000000000000e+00,2.800000000000000000e+01
2.433339558380597722e+01,3.000000000000000000e+00,-2.000000000000000000e+00
1.255746111040910620e+02,3.000000000000000000e+00,1.040000000000000000e+02
4.111925986255021570e+01,3.000000000000000000e+00,1.500000000000000000e+01
5.609374283676369544e+01,3.000000000000000000e+00,3.300000000000000000e+01
-1.796569333790971257e+01,3.000000000000000000e+00,-4.100000000000000000e+01
6.062632789733262939e+01,3.000000000000000000e+00,3.700000000000000000e+01
2.207574080335374234e+01,3.000000000000000000e+00,-1.000000000000000000e+00
3.026253258476893748e+01,3.000000000000000000e+00,1.000000000000000000e+01
2.672990413571529089e+01,3.000000000000000000e+00,9.000000000000000000e+00
4.027365799815100900e+00,3.000000000000000000e+00,-1.800000000000000000e+01
3.967488170395969860e+01,3.000000000000000000e+00,1.600000000000000000e+01
1.634554395642298630e+01,3.000000000000000000e+00,-1.000000000000000000e+00
-1.198569362655525694e+01,3.000000000000000000e+00,-3.300000000000000000e+01
-1.210180206686140636e+01,3.000000000000000000e+00,-3.300000000000000000e+01
3.625870376849935894e+01,3.000000000000000000e+00,1.900000000000000000e+01
-3.124269289097401980e+00,3.000000000000000000e+00,-2.200000000000000000e+01
-1.277426257561479161e+01,3.000000000000000000e+00,-2.600000000000000000e+01
5.373313204914101249e+00,3.000000000000000000e+00,-1.300000000000000000e+01
5.046818949860100645e+01,3.000000000000000000e+00,2.900000000000000000e+01
-3.230162029404597490e+01,3.000000000000000000e+00,-4.900000000000000000e+01
4.398719468375028896e+01,3.000000000000000000e+00,2.300000000000000000e+01
-4.361371716815347099e+01,3.000000000000000000e+00,-6.100000000000000000e+01
2.673587434181838063e+01,3.000000000000000000e+00,7.000000000000000000e+00
3.546362455678298176e+01,3.000000000000000000e+00,1.000000000000000000e+01
4.016751252621578772e+01,3.000000000000000000e+00,2.100000000000000000e+01
3.687994136203930395e+01,3.000000000000000000e+00,1.200000000000000000e+01
-3.417060763844703786e+01,3.000000000000000000e+00,-5.300000000000000000e+01
-5.771187014516456770e+00,3.000000000000000000e+00,-2.700000000000000000e+01
1.910955510438085980e-01,3.000000000000000000e+00,-2.300000000000000000e+01
8.067413537907478371e+01,3.000000000000000000e+00,6.300000000000000000e+01
-1.472752698370228330e+01,3.000000000000000000e+00,-3.000000000000000000e+01
-4.522167505122239106e+01,3.000000000000000000e+00,-6.900000000000000000e+01
-4.186409461200361903e+01,3.000000000000000000e+00,-6.600000000000000000e+01
2.213634016781121971e+01,3.000000000000000000e+00,3.000000000000000000e+00
1.959428140966664600e+01,3.000000000000000000e+00,1.000000000000000000e+00
1.115339256698193537e+02,3.000000000000000000e+00,9.300000000000000000e+01
-2.836013489604845361e+01,3.000000000000000000e+00,-4.600000000000000000e+01
7.450411941287882200e-02,3.000000000000000000e+00,-2.000000000000000000e+01
1.025580494440865778e+02,3.000000000000000000e+00,8.200000000000000000e+01
-4.992163318556489315e+01,3.000000000000000000e+00,-6.800000000000000000e+01
5.415224426579690942e+01,3.000000000000000000e+00,3.200000000000000000e+01
6.723410404733186851e+01,3.000000000000000000e+00,4.600000000000000000e+01
1.521896311484619346e+01,3.000000000000000000e+00,-4.000000000000000000e+00
7.529085542530155806e+01,3.000000000000000000e+00,5.700000000000000000e+01
4.013179465426561876e+01,3.000000000000000000e+00,2.100000000000000000e+01
1.901207755022988266e+01,3.000000000000000000e+00,1.000000000000000000e+00
-1.904588892297862657e+01,3.000000000000000000e+00,-3.700000000000000000e+01
5.329666621200463794e+01,3.000000000000000000e+00,3.500000000000000000e+01
3.554840682856945477e+01,3.000000000000000000e+00,1.400000000000000000e+01
8.774928105409593115e+01,3.000000000000000000e+00,6.700000000000000000e+01
3.225054840197927319e-02,3.000000000000000000e+00,-2.100000000000000000e+01
4.222093683435259948e+01,3.000000000000000000e+00,2.000000000000000000e+01
3.337055906047047671e+01,3.000000000000000000e+00,1.500000000000000000e+01
-1.507727763416047395e+01,3.000000000000000000e+00,-3.200000000000000000e+01
3.188109394742870251e+00,3.000000000000000000e+00,-1.900000000000000000e+01
-1.684923491552035202e+01,3.000000000000000000e+00,-3.700000000000000000e+01
-1.776130655849933859e+01,3.000000000000000000e+00,-3.700000000000000000e+01
9.728328124296016455e+00,3.000000000000000000e+00,-1.200000000000000000e+01
2.555958670751748230e+01,3.000000000000000000e+00,5.000000000000000000e+00
9.004769255055465749e+01,3.000000000000000000e+00,7.100000000000000000e+01
4.337592581169912620e+01,3.000000000000000000e+00,2.300000000000000000e+01
6.098646281411855341e+01,3.000000000000000000e+00,3.900000000000000000e+01
2.367411773326224278e+01,3.000000000000000000e+00,4.000000000000000000e+00
2.496524681195029416e+01,3.000000000000000000e+00,6.000000000000000000e+00
4.811462001205444494e+01,3.000000000000000000e+00,3.000000000000000000e+01
2.479183864392741299e+00,3.000000000000000000e+00,-1.600000000000000000e+01
2.146166601648939221e+01,3.000000000000000000e+00,1.000000000000000000e+00
1.464464653136235128e+01,3.000000000000000000e+00,-6.000000000000000000e+00
2.142620194115464827e+01,3.000000000000000000e+00,0.000000000000000000e+00
5.044221121272225616e+01,3.000000000000000000e+00,3.300000000000000000e+01
1.966014734743030345e+01,3.000000000000000000e+00,0.000000000000000000e+00
7.510486565384897517e+01,3.000000000000000000e+00,5.500000000000000000e+01
5.889553096620355177e+01,3.000000000000000000e+00,3.700000000000000000e+01
-4.345504510428216349e+01,3.000000000000000000e+00,-6.300000000000000000e+01
-3.273732346243512836e+00,3.000000000000000000e+00,-2.100000000000000000e+01
-6.064823520731460604e+01,3.000000000000000000e+00,-8.200000000000000000e+01
2.213062700424478635e+01,3.000000000000000000e+00,0.000000000000000000e+00
1.853634854222025652e+01,3.000000000000000000e+00,-2.000000000000000000e+00
-2.394273243902019033e+01,3.000000000000000000e+00,-4.400000000000000000e+01
4.315505280094889429e+00,3.000000000000000000e+00,-1.500000000000000000e+01
-2.722286510066819432e+00,3.000000000000000000e+00,-2.000000000000000000e+01
-1.583720205313731810e+00,3.000000000000000000e+00,-2.100000000000000000e+01
7.699574049457960712e+01,3.000000000000000000e+00,5.700000000000000000e+01
2.328284526905367713e+01,3.000000000000000000e+00,4.000000000000000000e+00
2.076819620160505053e+01,3.000000000000000000e+00,-2.000000000000000000e+00
4.891551672975410270e+01,3.000000000000000000e+00,3.200000000000000000e+01
1.648249512279544859e+01,3.000000000000000000e+00,-4.000000000000000000e+00
-3.843492061615195610e+01,3.000000000000000000e+00,-6.200000000000000000e+01
-5.126437299162120098e+00,3.000000000000000000e+00,-2.500000000000000000e+01
-1.092709851009041557e+02,3.000000000000000000e+00,-1.250000000000000000e+02
2.794390941754558710e+01,3.000000000000000000e+00,6.000000000000000000e+00
-1.301523960619904230e+01,3.000000000000000000e+00,-3.100000000000000000e+01
7.889215172824438582e+01,3.000000000000000000e+00,5.900000000000000000e+01
1.577554613771697944e+01,3.000000000000000000e+00,-2.000000000000000000e+00
-4.967884724412156316e+01,3.000000000000000000e+00,-6.800000000000000000e+01
1.207579547548476384e+01,3.000000000000000000e+00,-1.000000000000000000e+01
9.326104674693694108e+01,3.000000000000000000e+00,7.500000000000000000e+01
8.069374339054351708e+01,3.000000000000000000e+00,6.200000000000000000e+01
7.664152250944987088e+01,3.000000000000000000e+00,5.600000000000000000e+01
-2.382411485001046714e+00,3.000000000000000000e+00,-2.500000000000000000e+01
7.207594820121543933e+01,3.000000000000000000e+00,5.300000000000000000e+01
4.027448909143044631e+01,3.000000000000000000e+00,1.900000000000000000e+01
1.725047202291089476e+01,3.000000000000000000e+00,-1.000000000000000000e+00
-3.682562626926947758e+01,3.000000000000000000e+00,-5.600000000000000000e+01
5.255888534405103485e+01,3.000000000000000000e+00,3.300000000000000000e+01
-2.042610208283932138e+01,3.000000000000000000e+00,-4.000000000000000000e+01
6.285227682102414803e+01,3.000000000000000000e+00,4.200000000000000000e+01
6.108595073780612950e+00,3.000000000000000000e+00,-1.300000000000000000e+01
5.540276329583510062e+01,3.000000000000000000e+00,3.600000000000000000e+01
3.422340398873684819e+01,3.000000000000000000e+00,1.700000000000000000e+01
4.448484668109573192e+01,3.000000000000000000e+00,2.000000000000000000e+01
5.793688260868982809e+01,3.000000000000000000e+00,3.800000000000000000e+01
5.610829776210067621e+01,3.000000000000000000e+00,3.400000000000000000e+01
2.733003327255685022e+01,3.000000000000000000e+00,1.000000000000000000e+01
9.227203631410603180e-01,3.000000000000000000e+00,-2.000000000000000000e+01
1.915502366086764141e+01,3.000000000000000000e+00,-4.000000000000000000e+00
3.289548250029287857e+00,3.000000000000000000e+00,-1.300000000000000000e+01
1.006721844897325724e+02,3.000000000000000000e+00,8.200000000000000000e+01
5.931008599557752348e+01,3.000000000000000000e+00,4.000000000000000000e+01
1.415078042159258587e+00,3.000000000000000000e+00,-1.900000000000000000e+01
-3.277302969907867691e+01,3.000000000000000000e+00,-5.100000000000000000e+01
3.949344697658073500e+01,3.000000000000000000e+00,2.100000000000000000e+01
-4.615930506802664013e+01,3.000000000000000000e+00,-6.700000000000000000e+01
5.448871993998567120e+01,3.000000000000000000e+00,3.500000000000000000e+01
-5.746381527532363975e+01,3.000000000000000000e+00,-7.600000000000000000e+01
-1.271663950617024952e+01,3.000000000000000000e+00,-3.100000000000000000e+01
8.375686323838672820e+01,3.000000000000000000e+00,6.000000000000000000e+01
7.586675801430482124e+01,3.000000000000000000e+00,5.800000000000000000e+01
-4.007548444509058072e+01,3.000000000000000000e+00,-5.900000000000000000e+01
-4.164799598789188906e+01,3.000000000000000000e+00,-6.200000000000000000e+01
7.571399983240883103e+01,3.000000000000000000e+00,5.200000000000000000e+01
-3.818983026684392712e+00,3.000000000000000000e+00,-2.400000000000000000e+01
-3.374965925969695490e+01,3.000000000000000000e+00,-4.700000000000000000e+01
9.552941517519246872e+01,3.000000000000000000e+00,7.600000000000000000e+01
5.561795165076895131e+01,3.000000000000000000e+00,3.400000000000000000e+01
5.419773613081346753e-02,3.000000000000000000e+00,-2.200000000000000000e+01
-3.337779182790317378e+00,3.000000000000000000e+00,-2.300000000000000000e+01
4.401243194630814060e+01,3.000000000000000000e+00,2.300000000000000000e+01
-1.090599154303890828e+01,3.000000000000000000e+00,-3.000000000000000000e+01
-8.578588870950760281e+00,3.000000000000000000e+00,-2.900000000000000000e+01
1.887805494943851414e+01,3.000000000000000000e+00,-2.000000000000000000e+00
-1.701745271696680106e+00,3.000000000000000000e+00,-2.100000000000000000e+01
3.679955746895807067e+01,3.000000000000000000e+00,1.700000000000000000e+01
8.075683085816567086e+01,3.000000000000000000e+00,6.000000000000000000e+01
4.733241237439806071e+01,3.000000000000000000e+00,3.000000000000000000e+01
-1.421666516904416966e+01,3.000000000000000000e+00,-3.300000000000000000e+01
3.997977027039429743e+01,3.000000000000000000e+00,2.100000000000000000e+01
1.086848579546243343e+01,3.000000000000000000e+00,-1.100000000000000000e+01
5.320867755524430720e+01,3.000000000000000000e+00,3.300000000000000000e+01
8.394965320590735303e+01,3.000000000000000000e+00,6.400000000000000000e+01
4.179387042838880006e+01,3.000000000000000000e+00,2.100000000000000000e+01
-1.084647946867333417e+02,3.000000000000000000e+00,-1.280000000000000000e+02
3.232891976734461537e+01,3.000000000000000000e+00,1.400000000000000000e+01
-4.084323367623763090e+01,3.000000000000000000e+00,-6.000000000000000000e+01
1.544275702795893679e+01,3.000000000000000000e+00,-6.000000000000000000e+00
-3.769553834610886867e+01,3.000000000000000000e+00,-5.800000000000000000e+01
-1.013586939987327185e+01,3.000000000000000000e+00,-3.200000000000000000e+01
-6.489895570491745502e+01,3.000000000000000000e+00,-8.400000000000000000e+01
6.033840798657088556e+01,3.000000000000000000e+00,4.400000000000000000e+01
-4.181158882207139982e+01,3.000000000000000000e+00,-5.800000000000000000e+01
1.415971222241728000e+01,3.000000000000000000e+00,-6.000000000000000000e+00
1.216958085101626708e+01,3.000000000000000000e+00,-5.000000000000000000e+00
3.519303054451448531e+01,3.000000000000000000e+00,1.200000000000000000e+01
1.046216151647083592e+02,3.000000000000000000e+00,8.400000000000000000e+01
1.378533315782609634e+02,3.000000000000000000e+00,6.900000000000000000e+01
1.333210303187971135e+01,3.000000000000000000e+00,-5.200000000000000000e+01
4.134328574068868534e+01,3.000000000000000000e+00,-2.700000000000000000e+01
8.306963115153078547e+01,3.000000000000000000e+00,1.100000000000000000e+01
1.226746510067334555e+02,3.000000000000000000e+00,5.500000000000000000e+01
5.567352291463365077e+01,3.000000000000000000e+00,-1.000000000000000000e+01
7.504250642006205396e+01,3.000000000000000000e+00,6.000000000000000000e+00
1.368134797090760060e+02,3.000000000000000000e+00,7.000000000000000000e+01
3.389696612027300660e+01,3.000000000000000000e+00,-3.500000000000000000e+01
5.265734202085525339e+01,3.000000000000000000e+00,-1.400000000000000000e+01
6.805562690594045705e+01,3.000000000000000000e+00,0.000000000000000000e+00
1.010795669703529995e+02,3.000000000000000000e+00,3.500000000000000000e+01
1.384810229224083855e+01,3.000000000000000000e+00,-6.000000000000000000e+01
1.211832160196161823e+02,3.000000000000000000e+00,4.600000000000000000e+01
5.351164053308310997e+01,3.000000000000000000e+00,-2.700000000000000000e+01
9.377083806566746205e+01,3.000000000000000000e+00,1.700000000000000000e+01
6.231996620907949591e+01,3.000000000000000000e+00,-1.300000000000000000e+01
5.137636592524440005e+01,3.000000000000000000e+00,-2.200000000000000000e+01
2.453992141752981127e+01,3.000000000000000000e+00,-5.100000000000000000e+01
1.087731753235690491e+02,3.000000000000000000e+00,3.400000000000000000e+01
1.111022600232339954e+02,3.000000000000000000e+00,3.200000000000000000e+01
7.950362872260440383e+01,3.000000000000000000e+00,1.000000000000000000e+00
9.443355330316779828e+01,3.000000000000000000e+00,1.900000000000000000e+01
1.761254890579823496e+01,3.000000000000000000e+00,-5.800000000000000000e+01
3.829698356871924148e+01,3.000000000000000000e+00,-4.300000000000000000e+01
2.488824354406025918e+01,3.000000000000000000e+00,-5.600000000000000000e+01
4.211581649541125216e+01,3.000000000000000000e+00,-3.600000000000000000e+01
5.773609658697557734e+01,3.000000000000000000e+00,-2.300000000000000000e+01
6.598021026689579571e+01,3.000000000000000000e+00,-1.500000000000000000e+01
1.249596438838409824e+02,3.000000000000000000e+00,4.500000000000000000e+01
6.376986871355964581e+01,3.000000000000000000e+00,-1.600000000000000000e+01
5.742855475022825829e+01,3.000000000000000000e+00,-2.300000000000000000e+01
8.575918874443465256e+01,3.000000000000000000e+00,7.000000000000000000e+00
1.065297773066312317e+02,3.000000000000000000e+00,2.500000000000000000e+01
9.524805349613781402e+01,3.000000000000000000e+00,1.600000000000000000e+01
3.434137432799388989e+01,3.000000000000000000e+00,-4.600000000000000000e+01
1.281479915967367447e+02,3.000000000000000000e+00,4.800000000000000000e+01
5.976836814756754279e+01,3.000000000000000000e+00,-2.300000000000000000e+01
5.134689918386742136e+01,3.000000000000000000e+00,-2.800000000000000000e+01
6.497315563110700509e+01,3.000000000000000000e+00,-1.000000000000000000e+01
1.240439491444232658e+02,3.000000000000000000e+00,4.200000000000000000e+01
8.740914250721404244e+01,3.000000000000000000e+00,4.000000000000000000e+00
-1.188170973258721119e+00,3.000000000000000000e+00,-7.800000000000000000e+01
7.296877831861534958e+01,3.000000000000000000e+00,-4.000000000000000000e+00
5.484292174952653909e+01,3.000000000000000000e+00,-2.400000000000000000e+01
1.115561685796495368e+02,3.000000000000000000e+00,3.100000000000000000e+01
9.258476051515478389e+01,3.000000000000000000e+00,8.000000000000000000e+00
5.862005554103281213e+01,3.000000000000000000e+00,-2.200000000000000000e+01
1.274683600293354573e+02,3.000000000000000000e+00,4.500000000000000000e+01
6.054080854926273503e+01,3.000000000000000000e+00,-2.100000000000000000e+01
6.870269123216066021e+01,3.000000000000000000e+00,-1.400000000000000000e+01
8.319055720248285013e+01,3.000000000000000000e+00,4.000000000000000000e+00
3.944824722396724326e+01,3.000000000000000000e+00,-4.100000000000000000e+01
6.182851483766199863e+01,3.000000000000000000e+00,-2.000000000000000000e+01
1.189786958023626795e+02,3.000000000000000000e+00,3.700000000000000000e+01
9.867983602158064116e+01,3.000000000000000000e+00,1.700000000000000000e+01
5.975078814751059042e+01,3.000000000000000000e+00,-2.100000000000000000e+01
2.116550261489574325e+01,3.000000000000000000e+00,-5.800000000000000000e+01
3.447827307489147586e+01,3.000000000000000000e+00,-4.400000000000000000e+01
1.657748234676730021e+02,3.000000000000000000e+00,8.500000000000000000e+01
1.323013256153821544e+02,3.000000000000000000e+00,5.300000000000000000e+01
1.029210316628467012e+02,3.000000000000000000e+00,2.400000000000000000e+01
9.306713274292280857e+01,3.000000000000000000e+00,1.300000000000000000e+01
9.868881433002198378e+01,3.000000000000000000e+00,1.200000000000000000e+01
8.209949688296784132e+01,3.000000000000000000e+00,0.000000000000000000e+00
1.221851042202317359e+02,3.000000000000000000e+00,3.800000000000000000e+01
8.526888343812899507e+01,3.000000000000000000e+00,5.000000000000000000e+00
9.325813452708096918e+01,3.000000000000000000e+00,1.400000000000000000e+01
3.858527973542618383e+01,3.000000000000000000e+00,-4.100000000000000000e+01
7.241876861327509118e+01,3.000000000000000000e+00,-1.000000000000000000e+01
6.013426243938566529e+01,3.000000000000000000e+00,-2.500000000000000000e+01
9.320883205966853780e+01,3.000000000000000000e+00,1.500000000000000000e+01
1.021069760634884318e+02,3.000000000000000000e+00,2.400000000000000000e+01
5.470774035466554608e+01,3.000000000000000000e+00,-2.300000000000000000e+01
7.179768671509729927e+01,3.000000000000000000e+00,-5.000000000000000000e+00
7.986131490048312287e+01,3.000000000000000000e+00,0.000000000000000000e+00
1.121822568008935832e+02,3.000000000000000000e+00,3.300000000000000000e+01
5.027062969018484750e+01,3.000000000000000000e+00,-3.200000000000000000e+01
7.632407177563754885e+01,3.000000000000000000e+00,-2.000000000000000000e+00
-8.605390349951846929e-01,3.000000000000000000e+00,-8.400000000000000000e+01
1.027426464201511465e+02,3.000000000000000000e+00,2.100000000000000000e+01
1.553132668350917811e+02,3.000000000000000000e+00,7.400000000000000000e+01
4.749469698919408245e+01,3.000000000000000000e+00,-3.400000000000000000e+01
2.192140458348247307e+02,3.000000000000000000e+00,1.400000000000000000e+02
8.706298786664980582e+01,3.000000000000000000e+00,9.000000000000000000e+00
1.065457393685670269e+02,3.000000000000000000e+00,2.400000000000000000e+01
6.266393222139848262e+01,3.000000000000000000e+00,-1.600000000000000000e+01
1.988001836679154621e+01,3.000000000000000000e+00,-6.100000000000000000e+01
3.765781346558982534e+01,3.000000000000000000e+00,-4.400000000000000000e+01
1.312416664836702296e+02,3.000000000000000000e+00,5.000000000000000000e+01
5.624461361075819354e+01,3.000000000000000000e+00,-2.500000000000000000e+01
4.925285463113608841e+01,3.000000000000000000e+00,-3.200000000000000000e+01
7.757268664306360506e+01,3.000000000000000000e+00,-2.000000000000000000e+00
-3.539352615301690719e+01,3.000000000000000000e+00,-1.140000000000000000e+02
9.864304003304334856e+01,3.000000000000000000e+00,2.100000000000000000e+01
8.248695885453354038e+01,3.000000000000000000e+00,2.000000000000000000e+00
4.164417394431414721e+01,3.000000000000000000e+00,-3.800000000000000000e+01
1.348536080214271067e+02,3.000000000000000000e+00,5.400000000000000000e+01
6.351787951130563670e+01,3.000000000000000000e+00,-1.500000000000000000e+01
1.032624849307195092e+02,3.000000000000000000e+00,2.500000000000000000e+01
6.418775276484680603e+01,3.000000000000000000e+00,-1.600000000000000000e+01
3.584329688200068631e+01,3.000000000000000000e+00,-4.500000000000000000e+01
6.967567950919499253e+01,3.000000000000000000e+00,-1.400000000000000000e+01
1.273477171158001369e+02,3.000000000000000000e+00,4.800000000000000000e+01
8.440412579254847003e+01,3.000000000000000000e+00,6.000000000000000000e+00
6.843069958431743771e+01,3.000000000000000000e+00,-1.300000000000000000e+01
2.323387619845810548e+01,3.000000000000000000e+00,-5.500000000000000000e+01
1.295218495698038055e+02,3.000000000000000000e+00,5.100000000000000000e+01
5.179214979161205434e+01,3.000000000000000000e+00,2.100000000000000000e+01
4.668126961856319213e+01,3.000000000000000000e+00,1.200000000000000000e+01
1.340710044203189284e+02,3.000000000000000000e+00,1.030000000000000000e+02
2.589871398644240230e+01,3.000000000000000000e+00,-3.000000000000000000e+00
5.528855064027632693e+01,3.000000000000000000e+00,2.300000000000000000e+01
4.366270384277157746e+01,3.000000000000000000e+00,1.000000000000000000e+01
-2.863765868239811141e+01,3.000000000000000000e+00,-5.900000000000000000e+01
4.460447781808311163e+01,3.000000000000000000e+00,1.000000000000000000e+01
8.415690365448271848e+01,3.000000000000000000e+00,5.500000000000000000e+01
-6.598912968999592010e+00,3.000000000000000000e+00,-4.000000000000000000e+01
3.619303080869880773e+01,3.000000000000000000e+00,4.000000000000000000e+00
5.062587564926972306e+01,3.000000000000000000e+00,1.600000000000000000e+01
6.988346759253570895e+01,3.000000000000000000e+00,4.600000000000000000e+01
4.999323829055637702e+01,3.000000000000000000e+00,2.900000000000000000e+01
2.756289078738221576e+01,3.000000000000000000e+00,6.000000000000000000e+00
7.038768026184143878e+01,3.000000000000000000e+00,4.900000000000000000e+01
5.779174113986316286e+01,3.000000000000000000e+00,3.400000000000000000e+01
2.306836003077892983e+01,3.000000000000000000e+00,-1.000000000000000000e+00
8.157251342719349907e+01,3.000000000000000000e+00,5.700000000000000000e+01
1.597386333916038126e+01,3.000000000000000000e+00,-4.000000000000000000e+00
-1.084663308967924777e+01,3.000000000000000000e+00,-3.100000000000000000e+01
2.477653005892345206e+01,3.000000000000000000e+00,3.000000000000000000e+00
9.561758387120651292e+00,3.000000000000000000e+00,-1.500000000000000000e+01
4.458694284112179673e+01,3.000000000000000000e+00,2.300000000000000000e+01
-1.018987245457545399e+01,3.000000000000000000e+00,-3.200000000000000000e+01
5.454021694536039888e+01,3.000000000000000000e+00,3.600000000000000000e+01
9.133964174632570376e+00,3.000000000000000000e+00,-1.300000000000000000e+01
-4.814706859494406643e+01,3.000000000000000000e+00,-6.600000000000000000e+01
-1.632588777710469330e+01,3.000000000000000000e+00,-3.500000000000000000e+01
-8.270326811933529143e+00,3.000000000000000000e+00,-2.700000000000000000e+01
2.869314672175882919e+01,3.000000000000000000e+00,8.000000000000000000e+00
-6.865666419048594094e+00,3.000000000000000000e+00,-2.800000000000000000e+01
3.683080608021209201e+01,3.000000000000000000e+00,1.300000000000000000e+01
7.545300785827920720e+01,3.000000000000000000e+00,5.500000000000000000e+01
-2.044627210971299291e-01,3.000000000000000000e+00,-2.100000000000000000e+01
1.772424671049995482e+01,3.000000000000000000e+00,-1.000000000000000000e+00
6.927756387351267620e+01,3.000000000000000000e+00,4.500000000000000000e+01
5.638458377888906625e+01,3.000000000000000000e+00,3.500000000000000000e+01
-8.069662238824712119e+00,3.000000000000000000e+00,-3.000000000000000000e+01
2.310249341070974083e+01,3.000000000000000000e+00,0.000000000000000000e+00
-8.584468095462550963e+00,3.000000000000000000e+00,-2.700000000000000000e+01
8.647443056320700805e+01,3.000000000000000000e+00,6.600000000000000000e+01
4.325330096291317261e+01,3.000000000000000000e+00,2.200000000000000000e+01
5.724131806719479698e+01,3.000000000000000000e+00,3.700000000000000000e+01
-8.317887549789730883e+00,3.000000000000000000e+00,-2.300000000000000000e+01
-5.084697643910853770e+00,3.000000000000000000e+00,-2.600000000000000000e+01
6.317563555018203658e+01,3.000000000000000000e+00,4.400000000000000000e+01
1.088404732388566742e+01,3.000000000000000000e+00,-1.300000000000000000e+01
-7.858113885955287259e+00,3.000000000000000000e+00,-2.600000000000000000e+01
9.360735173774028794e+01,3.000000000000000000e+00,7.100000000000000000e+01
3.640429410287315193e+01,3.000000000000000000e+00,1.700000000000000000e+01
-1.808987007134252423e+01,3.000000000000000000e+00,-4.000000000000000000e+01
4.013988909721143017e+01,3.000000000000000000e+00,1.900000000000000000e+01
5.731219092073239096e+01,3.000000000000000000e+00,3.500000000000000000e+01
1.541921784698366693e+01,3.000000000000000000e+00,-4.000000000000000000e+00
2.290076339938018890e+01,3.000000000000000000e+00,3.000000000000000000e+00
6.942213318549532630e+01,3.000000000000000000e+00,4.900000000000000000e+01
2.287067993733972315e+01,3.000000000000000000e+00,4.000000000000000000e+00
1.917138539787827511e+01,3.000000000000000000e+00,-3.000000000000000000e+00
1.098927752492450054e+02,3.000000000000000000e+00,8.900000000000000000e+01
5.153007247146611292e+01,3.000000000000000000e+00,3.400000000000000000e+01
4.018026430631024937e+00,3.000000000000000000e+00,-1.500000000000000000e+01
7.667213394817586902e+00,3.000000000000000000e+00,-1.100000000000000000e+01
4.259302616697178934e+01,3.000000000000000000e+00,2.000000000000000000e+01
1.713126014167789535e+01,3.000000000000000000e+00,-5.000000000000000000e+00
-3.158809394181913888e+01,3.000000000000000000e+00,-5.200000000000000000e+01
-5.296999230266786896e+01,3.000000000000000000e+00,-7.000000000000000000e+01
5.317351358891035318e+01,3.000000000000000000e+00,3.300000000000000000e+01
-1.026549655271129069e+00,3.000000000000000000e+00,-1.900000000000000000e+01
-4.864677169943746549e+00,3.000000000000000000e+00,-2.600000000000000000e+01
-5.228224785899796245e+01,3.000000000000000000e+00,-7.100000000000000000e+01
2.235457694897850445e+01,3.000000000000000000e+00,4.000000000000000000e+00
2.297036581358143081e+01,3.000000000000000000e+00,4.000000000000000000e+00
4.223307493077051333e+01,3.000000000000000000e+00,2.400000000000000000e+01
5.381526884894270779e+01,3.000000000000000000e+00,3.200000000000000000e+01
1.909547845328977189e+01,3.000000000000000000e+00,-2.000000000000000000e+00
6.102579288275447311e+01,3.000000000000000000e+00,3.900000000000000000e+01
1.154926200604304398e+00,3.000000000000000000e+00,-1.900000000000000000e+01
-2.633499698178162873e+01,3.000000000000000000e+00,-4.700000000000000000e+01
9.092413532504423301e+01,3.000000000000000000e+00,7.200000000000000000e+01
1.789409684405692147e+01,3.000000000000000000e+00,0.000000000000000000e+00
1.719222846252407066e+01,3.000000000000000000e+00,-2.000000000000000000e+00
-2.237973654750496166e+01,3.000000000000000000e+00,-4.200000000000000000e+01
5.051845365502741458e+01,3.000000000000000000e+00,3.200000000000000000e+01
2.033477446831845015e+01,3.000000000000000000e+00,-3.000000000000000000e+00
6.150241858250826255e+01,3.000000000000000000e+00,4.300000000000000000e+01
3.405692796327807059e+01,3.000000000000000000e+00,1.100000000000000000e+01
3.993651662586422191e+01,3.000000000000000000e+00,2.200000000000000000e+01
-6.297155927561985322e+01,3.000000000000000000e+00,-8.400000000000000000e+01
-2.035785151085716294e+01,3.000000000000000000e+00,-3.800000000000000000e+01
-4.548237374440837755e+00,3.000000000000000000e+00,-2.000000000000000000e+01
1.011418456900329232e+01,3.000000000000000000e+00,-1.100000000000000000e+01
-1.356141867166719095e+01,3.000000000000000000e+00,-3.200000000000000000e+01
-9.636011789067950417e+00,3.000000000000000000e+00,-2.900000000000000000e+01
2.864177206528840003e+01,3.000000000000000000e+00,9.000000000000000000e+00
-2.096680029700671710e+01,3.000000000000000000e+00,-4.500000000000000000e+01
6.179046163662476232e+01,3.000000000000000000e+00,4.200000000000000000e+01
1.419079217211786315e+01,3.000000000000000000e+00,-1.000000000000000000e+00
3.285974353174734119e+01,3.000000000000000000e+00,1.200000000000000000e+01
5.766588726780473451e+01,3.000000000000000000e+00,3.700000000000000000e+01
9.794251752640327879e+00,3.000000000000000000e+00,-1.100000000000000000e+01
-2.995488194980932661e+01,3.000000000000000000e+00,-5.000000000000000000e+01
5.115983761831505205e+01,3.000000000000000000e+00,2.800000000000000000e+01
2.614923955874124673e+01,3.000000000000000000e+00,7.000000000000000000e+00
-2.284228951798008822e+01,3.000000000000000000e+00,-4.200000000000000000e+01
-9.509383956631214829e+00,3.000000000000000000e+00,-2.800000000000000000e+01
8.140001115382716534e+01,3.000000000000000000e+00,6.200000000000000000e+01
-4.392013461433472798e+01,3.000000000000000000e+00,-6.300000000000000000e+01
6.334786945521777568e+00,3.000000000000000000e+00,-1.300000000000000000e+01
8.657664893664306760e+01,3.000000000000000000e+00,6.500000000000000000e+01
-1.067056057927998864e+02,3.000000000000000000e+00,-1.270000000000000000e+02
1.000226453651970360e+02,3.000000000000000000e+00,7.900000000000000000e+01
-5.273241430848605660e+01,3.000000000000000000e+00,-7.100000000000000000e+01
-3.349187491031150898e+01,3.000000000000000000e+00,-5.200000000000000000e+01
9.347643379477544556e+01,3.000000000000000000e+00,6.800000000000000000e+01
3.962926508109987367e-01,3.000000000000000000e+00,-1.600000000000000000e+01
5.720409669199153768e+01,3.000000000000000000e+00,3.600000000000000000e+01
-3.462978668103769309e+00,3.000000000000000000e+00,-2.300000000000000000e+01
3.029469837503894070e+01,3.000000000000000000e+00,1.000000000000000000e+01
1.191340739592055087e+02,3.000000000000000000e+00,1.020000000000000000e+02
1.120290708750363251e+01,3.000000000000000000e+00,-1.300000000000000000e+01
-1.832673226455263205e+00,3.000000000000000000e+00,-1.900000000000000000e+01
-4.407497567679993011e+00,3.000000000000000000e+00,-2.100000000000000000e+01
-2.793146154416473692e+01,3.000000000000000000e+00,-4.700000000000000000e+01
-2.774587678213201514e+00,3.000000000000000000e+00,-2.500000000000000000e+01
-3.021033710414933182e+00,3.000000000000000000e+00,-2.300000000000000000e+01
5.983851432454835617e+01,3.000000000000000000e+00,3.800000000000000000e+01
1.795082564211347886e+01,3.000000000000000000e+00,0.000000000000000000e+00
7.958024582314214967e+01,3.000000000000000000e+00,5.800000000000000000e+01
4.461582406399173095e+01,3.000000000000000000e+00,2.400000000000000000e+01
6.311753006375332120e+01,3.000000000000000000e+00,4.400000000000000000e+01
2.185363177626869913e+01,3.000000000000000000e+00,4.000000000000000000e+00
-1.884002915738442141e+00,3.000000000000000000e+00,-2.100000000000000000e+01
3.152033577571024381e+01,3.000000000000000000e+00,1.300000000000000000e+01
7.893947013571580840e+01,3.000000000000000000e+00,6.300000000000000000e+01
3.210360474125356234e+01,3.000000000000000000e+00,1.000000000000000000e+01
2.382175390096296397e+01,3.000000000000000000e+00,4.000000000000000000e+00
2.530080001592106242e+01,3.000000000000000000e+00,5.000000000000000000e+00
4.750030195178931791e+01,3.000000000000000000e+00,2.600000000000000000e+01
5.474005066491635318e+01,3.000000000000000000e+00,3.700000000000000000e+01
5.378528760779386175e+01,3.000000000000000000e+00,3.100000000000000000e+01
4.547411482145970041e+01,3.000000000000000000e+00,3.000000000000000000e+01
1.181097344117775449e+01,3.000000000000000000e+00,-9.000000000000000000e+00
3.087024719222610614e+01,3.000000000000000000e+00,1.300000000000000000e+01
5.755843878617781684e+01,3.000000000000000000e+00,3.900000000000000000e+01
3.671759015091043921e+01,3.000000000000000000e+00,1.800000000000000000e+01
3.653857392491565292e+01,3.000000000000000000e+00,1.500000000000000000e+01
2.744285243605244062e+00,3.000000000000000000e+00,-1.900000000000000000e+01
6.057638258020854494e+01,3.000000000000000000e+00,4.200000000000000000e+01
5.544820650306834864e+01,3.000000000000000000e+00,3.500000000000000000e+01
3.296221192720297921e+01,3.000000000000000000e+00,1.100000000000000000e+01
-3.010383786489244073e+01,3.000000000000000000e+00,-4.700000000000000000e+01
-1.133100284490179632e+00,3.000000000000000000e+00,-2.300000000000000000e+01
8.437100878694899109e+00,3.000000000000000000e+00,-7.000000000000000000e+00
3.494793328235229524e+01,3.000000000000000000e+00,2.000000000000000000e+01
9.264101184185182802e+00,3.000000000000000000e+00,-1.100000000000000000e+01
-3.282851990086530947e+00,3.000000000000000000e+00,-2.400000000000000000e+01
7.339922771479581343e+01,3.000000000000000000e+00,5.400000000000000000e+01
4.231899782997042081e+01,3.000000000000000000e+00,2.100000000000000000e+01
9.928897594463660425e+01,3.000000000000000000e+00,7.700000000000000000e+01
5.995540368242324547e+01,3.000000000000000000e+00,3.800000000000000000e+01
3.113077212063968346e+01,3.000000000000000000e+00,1.500000000000000000e+01
1.696508801211025741e+01,3.000000000000000000e+00,-2.000000000000000000e+00
1.108781064930528970e+01,3.000000000000000000e+00,-1.100000000000000000e+01
-4.134959110438713026e+01,3.000000000000000000e+00,-5.800000000000000000e+01
7.223139277581884699e+01,3.000000000000000000e+00,5.200000000000000000e+01
5.031617046031107776e+01,3.000000000000000000e+00,2.900000000000000000e+01
-1.214188117208841078e+01,3.000000000000000000e+00,-3.000000000000000000e+01
1.883770832644607296e+01,3.000000000000000000e+00,4.000000000000000000e+00
5.812215644862994424e+01,3.000000000000000000e+00,4.100000000000000000e+01
8.592395276421925132e+01,3.000000000000000000e+00,6.600000000000000000e+01
-4.670675841714331256e+00,3.000000000000000000e+00,-2.600000000000000000e+01
2.980796513461971742e+01,3.000000000000000000e+00,9.000000000000000000e+00
-3.906619831346168326e+01,3.000000000000000000e+00,-5.800000000000000000e+01
5.848906583817424121e+00,3.000000000000000000e+00,-1.300000000000000000e+01
4.248154162654175536e+01,3.000000000000000000e+00,2.000000000000000000e+01
6.713500978302128885e+01,3.000000000000000000e+00,4.500000000000000000e+01
1.926021197803696339e+01,3.000000000000000000e+00,0.000000000000000000e+00
-2.739245875434953348e+00,3.000000000000000000e+00,-2.100000000000000000e+01
-3.998343722622452390e+01,3.000000000000000000e+00,-6.200000000000000000e+01
2.995248828454265322e+00,3.000000000000000000e+00,-6.500000000000000000e+01
4.026451894612264937e+01,3.000000000000000000e+00,-2.600000000000000000e+01
7.299682369834748386e+01,3.000000000000000000e+00,5.000000000000000000e+00
2.926433254512795656e+01,3.000000000000000000e+00,-3.500000000000000000e+01
7.827296971579151830e+01,3.000000000000000000e+00,9.000000000000000000e+00
1.117307080596113451e+02,3.000000000000000000e+00,4.300000000000000000e+01
3.719636132422790809e+01,3.000000000000000000e+00,-3.000000000000000000e+01
7.566843578297402928e+01,3.000000000000000000e+00,6.000000000000000000e+00
2.384081819570221228e+01,3.000000000000000000e+00,-4.400000000000000000e+01
2.624400097216326344e+01,3.000000000000000000e+00,-3.900000000000000000e+01
5.643186429181464803e+01,3.000000000000000000e+00,-9.000000000000000000e+00
1.794726987160245812e+00,3.000000000000000000e+00,-6.700000000000000000e+01
8.733167485614001180e+01,3.000000000000000000e+00,1.000000000000000000e+01
6.847797195542483450e+01,3.000000000000000000e+00,-1.000000000000000000e+01
1.090175879023323091e+01,3.000000000000000000e+00,-6.700000000000000000e+01
6.555012290836491218e+01,3.000000000000000000e+00,-1.400000000000000000e+01
5.330085531542928834e+01,3.000000000000000000e+00,-2.400000000000000000e+01
8.496492478057102460e+01,3.000000000000000000e+00,1.100000000000000000e+01
2.127824138487512187e+02,3.000000000000000000e+00,1.320000000000000000e+02
1.099221757827893953e+02,3.000000000000000000e+00,2.700000000000000000e+01
1.216336365311826313e+02,3.000000000000000000e+00,4.200000000000000000e+01
7.011699902282423125e+01,3.000000000000000000e+00,-9.000000000000000000e+00
4.965161705574372775e+01,3.000000000000000000e+00,-2.800000000000000000e+01
5.979411120244307654e+01,3.000000000000000000e+00,-2.100000000000000000e+01
1.002281878154174706e+02,3.000000000000000000e+00,1.900000000000000000e+01
4.607184759917169004e+01,3.000000000000000000e+00,-3.500000000000000000e+01
1.922413196883087494e+01,3.000000000000000000e+00,-5.900000000000000000e+01
5.500373387429733896e+01,3.000000000000000000e+00,-2.100000000000000000e+01
5.317475855465448831e+01,3.000000000000000000e+00,-2.500000000000000000e+01
5.923518752928895026e+01,3.000000000000000000e+00,-2.100000000000000000e+01
6.422327272922628083e+01,3.000000000000000000e+00,-1.600000000000000000e+01
9.773875262355802818e+01,3.000000000000000000e+00,2.300000000000000000e+01
1.619664849924006944e+02,3.000000000000000000e+00,8.000000000000000000e+01
9.128193068007597333e+01,3.000000000000000000e+00,1.300000000000000000e+01
7.117603367539074100e+01,3.000000000000000000e+00,-1.000000000000000000e+01
6.724045824767745216e+01,3.000000000000000000e+00,-1.300000000000000000e+01
7.962984571560592428e+01,3.000000000000000000e+00,-3.000000000000000000e+00
6.917272546106453035e+01,3.000000000000000000e+00,-1.200000000000000000e+01
7.612427498470893283e+01,3.000000000000000000e+00,-2.000000000000000000e+00
9.718781138357260829e+01,3.000000000000000000e+00,1.800000000000000000e+01
1.175240773415773106e+02,3.000000000000000000e+00,3.700000000000000000e+01
5.228799505139831183e+01,3.000000000000000000e+00,-3.000000000000000000e+01
8.068690254249037253e+01,3.000000000000000000e+00,1.000000000000000000e+00
5.963622468374974517e+01,3.000000000000000000e+00,-2.000000000000000000e+01
9.732465999592707817e+01,3.000000000000000000e+00,1.700000000000000000e+01
1.456626497041304447e+01,3.000000000000000000e+00,-6.500000000000000000e+01
1.286241186640096146e+02,3.000000000000000000e+00,5.200000000000000000e+01
4.438251950541553015e+01,3.000000000000000000e+00,-3.200000000000000000e+01
8.001434248435162999e+01,3.000000000000000000e+00,-2.000000000000000000e+00
2.691983669229703935e+01,3.000000000000000000e+00,-5.400000000000000000e+01
1.037259867533554569e+02,3.000000000000000000e+00,2.200000000000000000e+01
9.061740837414257044e+01,3.000000000000000000e+00,1.500000000000000000e+01
8.474169874604278618e+01,3.000000000000000000e+00,2.000000000000000000e+00
7.126051839707167801e+01,3.000000000000000000e+00,-8.000000000000000000e+00
7.299309788387674303e+01,3.000000000000000000e+00,-8.000000000000000000e+00
7.667072279983746341e+01,3.000000000000000000e+00,-2.000000000000000000e+00
6.807070766825427199e+01,3.000000000000000000e+00,-1.600000000000000000e+01
8.122595081304818621e+01,3.000000000000000000e+00,0.000000000000000000e+00
1.373269526725827063e+02,3.000000000000000000e+00,5.300000000000000000e+01
1.168372386427941194e+02,3.000000000000000000e+00,3.700000000000000000e+01
3.427682952596804000e+01,3.000000000000000000e+00,-4.500000000000000000e+01
8.219789805403978278e+01,3.000000000000000000e+00,0.000000000000000000e+00
8.245962454295049326e+01,3.000000000000000000e+00,5.000000000000000000e+00
1.724745189415358482e+01,3.000000000000000000e+00,-6.300000000000000000e+01
1.395369182951480411e+02,3.000000000000000000e+00,6.000000000000000000e+01
4.614322129824994079e+01,3.000000000000000000e+00,-3.500000000000000000e+01
7.755119483489892218e+01,3.000000000000000000e+00,-4.000000000000000000e+00
9.502019188526377036e+01,3.000000000000000000e+00,1.500000000000000000e+01
6.936947074295896698e+01,3.000000000000000000e+00,-9.000000000000000000e+00
1.341101717297629250e+02,3.000000000000000000e+00,5.300000000000000000e+01
3.019811625342615002e+01,3.000000000000000000e+00,-4.900000000000000000e+01
9.089689115340803482e+01,3.000000000000000000e+00,1.200000000000000000e+01
9.572416859773251474e+01,3.000000000000000000e+00,1.000000000000000000e+01
1.827670931666690990e+01,3.000000000000000000e+00,-6.600000000000000000e+01
1.475080816645223081e+02,3.000000000000000000e+00,7.200000000000000000e+01
8.325638109308113144e+01,3.000000000000000000e+00,3.000000000000000000e+00
2.624363972793744892e+01,3.000000000000000000e+00,-5.300000000000000000e+01
1.302296351361641200e+02,3.000000000000000000e+00,5.100000000000000000e+01
9.119442403719683909e+01,3.000000000000000000e+00,1.100000000000000000e+01
6.628801617185393980e+01,3.000000000000000000e+00,-1.400000000000000000e+01
6.599211104367471137e+01,3.000000000000000000e+00,-1.300000000000000000e+01
1.464773575885127741e+02,3.000000000000000000e+00,6.500000000000000000e+01
1.568698013558176854e+02,3.000000000000000000e+00,7.700000000000000000e+01
6.705929999223549487e+01,3.000000000000000000e+00,-1.200000000000000000e+01
7.151475313572953496e+01,3.000000000000000000e+00,-1.000000000000000000e+01
9.850035953766771968e+01,3.000000000000000000e+00,1.900000000000000000e+01
6.199004275831083532e+01,3.000000000000000000e+00,-1.600000000000000000e+01
1.748767443385346496e+02,3.000000000000000000e+00,9.600000000000000000e+01
9.272108183767895184e+01,3.000000000000000000e+00,1.100000000000000000e+01
1.425529014034570991e+02,3.000000000000000000e+00,6.700000000000000000e+01
1.057459639454420000e+02,3.000000000000000000e+00,2.400000000000000000e+01
3.637688453976755909e+01,3.000000000000000000e+00,-4.400000000000000000e+01
9.580082829069243644e+01,3.000000000000000000e+00,1.200000000000000000e+01
1.711217618061662904e+01,3.000000000000000000e+00,-6.200000000000000000e+01
1.074204503045461934e+01,3.000000000000000000e+00,-7.000000000000000000e+01
4.035646984085231281e+01,3.000000000000000000e+00,-3.900000000000000000e+01
7.371020057673038650e+01,3.000000000000000000e+00,-8.000000000000000000e+00
1.520519525967325478e+02,3.000000000000000000e+00,7.100000000000000000e+01
5.276457838269202227e+01,3.000000000000000000e+00,-2.700000000000000000e+01
1.541611369596335521e+02,3.000000000000000000e+00,7.100000000000000000e+01
6.215677777006079907e+01,3.000000000000000000e+00,-1.700000000000000000e+01
1.309809708149048220e+02,3.000000000000000000e+00,5.300000000000000000e+01
8.992328356841255754e+01,3.000000000000000000e+00,1.000000000000000000e+01
5.516011704715229769e+01,3.000000000000000000e+00,-2.600000000000000000e+01
2.948808327981772948e+01,3.000000000000000000e+00,-5.100000000000000000e+01
1.110813795512840869e+02,3.000000000000000000e+00,2.700000000000000000e+01
7.915371559139009605e+01,3.000000000000000000e+00,-1.000000000000000000e+00
7.521156840752045980e+01,3.000000000000000000e+00,-7.000000000000000000e+00
-2.850275587643383446e+01,3.000000000000000000e+00,-6.000000000000000000e+01
7.322229407267099077e+01,3.000000000000000000e+00,3.900000000000000000e+01
2.023343421691741639e+01,3.000000000000000000e+00,-1.100000000000000000e+01
1.924146458950183813e+01,3.000000000000000000e+00,-1.300000000000000000e+01
1.405015874179845525e+01,3.000000000000000000e+00,-1.600000000000000000e+01
-9.701822756533417191e+00,3.000000000000000000e+00,-4.400000000000000000e+01
7.689881277868975928e+01,3.000000000000000000e+00,4.600000000000000000e+01
-1.860652698762453738e+01,3.000000000000000000e+00,-5.000000000000000000e+01
8.881404401416212124e+00,3.000000000000000000e+00,-2.300000000000000000e+01
3.751051006515091757e+01,3.000000000000000000e+00,6.000000000000000000e+00
8.242506358087429419e+01,3.000000000000000000e+00,4.700000000000000000e+01
-3.468137015931603173e+01,3.000000000000000000e+00,-6.600000000000000000e+01
2.321983452364320755e+01,3.000000000000000000e+00,0.000000000000000000e+00
6.280959265139609471e+01,3.000000000000000000e+00,3.600000000000000000e+01
-5.227578663746516696e+00,3.000000000000000000e+00,-3.100000000000000000e+01
-4.466278303019447549e+01,3.000000000000000000e+00,-6.800000000000000000e+01
-2.855609019474559673e+01,3.000000000000000000e+00,-4.800000000000000000e+01
2.403565637953930434e+01,3.000000000000000000e+00,0.000000000000000000e+00
3.532990640243387759e+01,3.000000000000000000e+00,1.200000000000000000e+01
6.747656844729004888e+01,3.000000000000000000e+00,4.600000000000000000e+01
6.278631902951592281e+01,3.000000000000000000e+00,4.000000000000000000e+01
-1.292945777380086980e+01,3.000000000000000000e+00,-3.400000000000000000e+01
4.018796960904188609e+01,3.000000000000000000e+00,2.000000000000000000e+01
-3.563708253609728871e+01,3.000000000000000000e+00,-6.000000000000000000e+01
3.217332672999440035e+01,3.000000000000000000e+00,1.200000000000000000e+01
4.582247062004437055e+01,3.000000000000000000e+00,2.500000000000000000e+01
1.151914014726745350e+01,3.000000000000000000e+00,-7.000000000000000000e+00
8.976637802383712028e+01,3.000000000000000000e+00,6.800000000000000000e+01
6.688563490289990909e+01,3.000000000000000000e+00,4.700000000000000000e+01
2.014191195851509875e+01,3.000000000000000000e+00,-3.000000000000000000e+00
-1.401700276875101636e+01,3.000000000000000000e+00,-3.700000000000000000e+01
9.572075269241423712e+01,3.000000000000000000e+00,7.800000000000000000e+01
4.037578741464810150e+01,3.000000000000000000e+00,2.000000000000000000e+01
1.042396457003853172e+01,3.000000000000000000e+00,-1.200000000000000000e+01
6.705354418837399066e+01,3.000000000000000000e+00,4.600000000000000000e+01
9.612067704382556599e+01,3.000000000000000000e+00,7.500000000000000000e+01
-2.382474655775130401e+01,3.000000000000000000e+00,-4.300000000000000000e+01
-1.457129610253343799e+01,3.000000000000000000e+00,-3.200000000000000000e+01
1.889819187273734258e+01,3.000000000000000000e+00,0.000000000000000000e+00
-3.473838032634886730e+01,3.000000000000000000e+00,-5.700000000000000000e+01
1.934817489028870696e+01,3.000000000000000000e+00,0.000000000000000000e+00
-2.504161206834816511e+01,3.000000000000000000e+00,-4.700000000000000000e+01
-7.578486712803798042e+00,3.000000000000000000e+00,-2.900000000000000000e+01
6.667597147617189535e+01,3.000000000000000000e+00,4.700000000000000000e+01
-4.755533187477639956e+01,3.000000000000000000e+00,-6.800000000000000000e+01
-1.190465374361288653e+01,3.000000000000000000e+00,-3.400000000000000000e+01
3.068385410576764016e+01,3.000000000000000000e+00,1.100000000000000000e+01
-3.287060061203268901e+01,3.000000000000000000e+00,-5.300000000000000000e+01
4.667672497937117271e+01,3.000000000000000000e+00,2.400000000000000000e+01
-8.930671926958499540e+00,3.000000000000000000e+00,-3.000000000000000000e+01
-1.787919660784647036e+01,3.000000000000000000e+00,-3.600000000000000000e+01
2.207246143324254817e+01,3.000000000000000000e+00,5.000000000000000000e+00
6.187832343397934665e+01,3.000000000000000000e+00,3.800000000000000000e+01
1.392652982809462614e+01,3.000000000000000000e+00,-1.000000000000000000e+01
2.392535047558190797e+00,3.000000000000000000e+00,-1.400000000000000000e+01
8.849192614034262760e+01,3.000000000000000000e+00,6.800000000000000000e+01
2.315773449484834501e+01,3.000000000000000000e+00,5.000000000000000000e+00
2.538808376855291371e+01,3.000000000000000000e+00,6.000000000000000000e+00
9.238991785546429014e+01,3.000000000000000000e+00,7.400000000000000000e+01
-4.951653371648580304e+01,3.000000000000000000e+00,-6.800000000000000000e+01
-6.043167443201785005e+00,3.000000000000000000e+00,-2.700000000000000000e+01
6.243732209154282486e+01,3.000000000000000000e+00,4.300000000000000000e+01
4.278586276400525890e+01,3.000000000000000000e+00,2.500000000000000000e+01
4.887090797512837526e+01,3.000000000000000000e+00,2.900000000000000000e+01
5.743518235771730218e+01,3.000000000000000000e+00,3.800000000000000000e+01
9.062493578423207907e+00,3.000000000000000000e+00,-1.300000000000000000e+01
1.009371630886597870e+01,3.000000000000000000e+00,-1.000000000000000000e+01
1.250212758513179878e+01,3.000000000000000000e+00,-7.000000000000000000e+00
2.909810986919134734e+01,3.000000000000000000e+00,6.000000000000000000e+00
6.955454119391214363e+01,3.000000000000000000e+00,4.900000000000000000e+01
6.125282222028410928e+01,3.000000000000000000e+00,4.100000000000000000e+01
-2.842066055861387142e+01,3.000000000000000000e+00,-4.700000000000000000e+01
-2.290126740202840239e+00,3.000000000000000000e+00,-2.100000000000000000e+01
-1.946045488620772090e+00,3.000000000000000000e+00,-2.000000000000000000e+01
1.886728034330588244e+01,3.000000000000000000e+00,0.000000000000000000e+00
-2.606206360745834871e+01,3.000000000000000000e+00,-4.600000000000000000e+01
1.951769453075264238e+01,3.000000000000000000e+00,-1.000000000000000000e+00
-1.364266560497444658e+00,3.000000000000000000e+00,-2.500000000000000000e+01
9.595535586376080062e+01,3.000000000000000000e+00,7.600000000000000000e+01
7.299963152749016615e+01,3.000000000000000000e+00,5.300000000000000000e+01
-5.062648018308379960e+01,3.000000000000000000e+00,-7.200000000000000000e+01
1.135223595710248645e+01,3.000000000000000000e+00,-1.000000000000000000e+01
-7.145458826850049405e+00,3.000000000000000000e+00,-3.100000000000000000e+01
3.294466899837298257e+01,3.000000000000000000e+00,1.500000000000000000e+01
5.377029956455896098e+01,3.000000000000000000e+00,3.700000000000000000e+01
-1.779435070902812654e+01,3.000000000000000000e+00,-3.500000000000000000e+01
-2.446413666019512334e+01,3.000000000000000000e+00,-4.400000000000000000e+01
-3.286411905817062973e+01,3.000000000000000000e+00,-5.400000000000000000e+01
1.591744509962674670e+01,3.000000000000000000e+00,-3.000000000000000000e+00
1.034355702633086764e+02,3.000000000000000000e+00,8.200000000000000000e+01
3.625100742243776608e+01,3.000000000000000000e+00,1.600000000000000000e+01
-3.145525608399179163e+00,3.000000000000000000e+00,-2.000000000000000000e+01
1.360681361641554332e+01,3.000000000000000000e+00,-5.000000000000000000e+00
2.594125172974931459e+01,3.000000000000000000e+00,5.000000000000000000e+00
1.922677763666241901e+01,3.000000000000000000e+00,2.000000000000000000e+00
4.687300507700303598e+00,3.000000000000000000e+00,-1.400000000000000000e+01
8.289838155249928064e+00,3.000000000000000000e+00,-8.000000000000000000e+00
-2.690654939033284521e+01,3.000000000000000000e+00,-4.600000000000000000e+01
4.107631594468574576e+01,3.000000000000000000e+00,2.400000000000000000e+01
6.858337484048379906e+01,3.000000000000000000e+00,4.900000000000000000e+01
2.381642508641624190e+01,3.000000000000000000e+00,4.000000000000000000e+00
5.892628020717200599e+00,3.000000000000000000e+00,-1.700000000000000000e+01
-9.648574541392061832e+00,3.000000000000000000e+00,-2.700000000000000000e+01
4.564902245080075005e+01,3.000000000000000000e+00,2.600000000000000000e+01
1.455077447929302892e+01,3.000000000000000000e+00,-8.000000000000000000e+00
-4.441155698729004087e+01,3.000000000000000000e+00,-6.600000000000000000e+01
6.310417244374200152e+01,3.000000000000000000e+00,4.400000000000000000e+01
-9.440921264564561710e+00,3.000000000000000000e+00,-2.800000000000000000e+01
5.269406062343202279e+01,3.000000000000000000e+00,2.900000000000000000e+01
6.834422055901217874e+00,3.000000000000000000e+00,-1.100000000000000000e+01
4.743476855771908163e+01,3.000000000000000000e+00,2.700000000000000000e+01
3.511378909953037919e-01,3.000000000000000000e+00,-1.800000000000000000e+01
-1.495596956431110414e+01,3.000000000000000000e+00,-3.500000000000000000e+01
1.533613036230936899e+01,3.000000000000000000e+00,-4.000000000000000000e+00
1.049323510369386270e+02,3.000000000000000000e+00,8.500000000000000000e+01
7.656864994435159133e+01,3.000000000000000000e+00,5.800000000000000000e+01
1.672778512382824800e+01,3.000000000000000000e+00,0.000000000000000000e+00
-3.823457917081250201e+01,3.000000000000000000e+00,-5.800000000000000000e+01
7.854075562119481901e+01,3.000000000000000000e+00,6.000000000000000000e+01
9.464401770137826020e+01,3.000000000000000000e+00,7.600000000000000000e+01
1.332278847415025780e+02,3.000000000000000000e+00,1.120000000000000000e+02
1.346308776517910388e+01,3.000000000000000000e+00,-8.000000000000000000e+00
-2.154438631779343893e+01,3.000000000000000000e+00,-4.100000000000000000e+01
5.177552738289172396e+01,3.000000000000000000e+00,3.300000000000000000e+01
1.138379965059540524e+02,3.000000000000000000e+00,9.700000000000000000e+01
4.242527440353893553e+01,3.000000000000000000e+00,2.700000000000000000e+01
5.591815915977873885e+01,3.000000000000000000e+00,3.500000000000000000e+01
4.260570882311430552e+00,3.000000000000000000e+00,-1.700000000000000000e+01
3.866606358377028840e+01,3.000000000000000000e+00,2.000000000000000000e+01
2.528903292505459888e+01,3.000000000000000000e+00,5.000000000000000000e+00
2.283175321461227369e+01,3.000000000000000000e+00,2.000000000000000000e+00
2.374796572524565974e+01,3.000000000000000000e+00,4.000000000000000000e+00
2.198568613891391266e+01,3.000000000000000000e+00,1.000000000000000000e+00
1.312077270748655522e+01,3.000000000000000000e+00,-7.000000000000000000e+00
5.518402358918837081e+01,3.000000000000000000e+00,3.600000000000000000e+01
1.347501046212416398e+01,3.000000000000000000e+00,-5.000000000000000000e+00
3.196097485809824335e+01,3.000000000000000000e+00,1.500000000000000000e+01
2.188243279133820707e+01,3.000000000000000000e+00,0.000000000000000000e+00
8.101188612502349429e+01,3.000000000000000000e+00,6.300000000000000000e+01
-2.887516163054815266e+01,3.000000000000000000e+00,-4.600000000000000000e+01
4.863859251334235267e+01,3.000000000000000000e+00,2.600000000000000000e+01
2.607727863746511687e+01,3.000000000000000000e+00,6.000000000000000000e+00
3.699174299528169740e+01,3.000000000000000000e+00,1.700000000000000000e+01
3.235800742990699774e+01,3.000000000000000000e+00,1.600000000000000000e+01
-1.545731946520578504e+01,3.000000000000000000e+00,-3.500000000000000000e+01
5.162261933531161873e+01,3.000000000000000000e+00,3.200000000000000000e+01
1.227462343398513056e+01,3.000000000000000000e+00,-8.000000000000000000e+00
-9.872242259414697685e+00,3.000000000000000000e+00,-3.100000000000000000e+01
3.929772414090658117e+01,3.000000000000000000e+00,1.800000000000000000e+01
1.079694696302661185e+02,3.000000000000000000e+00,8.900000000000000000e+01
5.149611187692751457e+01,3.000000000000000000e+00,3.400000000000000000e+01
-7.804886203508740294e+00,3.000000000000000000e+00,-2.800000000000000000e+01
3.876426791906524727e+00,3.000000000000000000e+00,-1.700000000000000000e+01
3.908272611661637086e+01,3.000000000000000000e+00,1.700000000000000000e+01
6.174617416536396775e+01,3.000000000000000000e+00,3.900000000000000000e+01
7.814072454082010211e+01,3.000000000000000000e+00,5.400000000000000000e+01
-5.790883716733148390e+01,3.000000000000000000e+00,-7.800000000000000000e+01
6.415467699113364120e-02,3.000000000000000000e+00,-2.000000000000000000e+01
1.829358877185624621e+01,3.000000000000000000e+00,0.000000000000000000e+00
3.630040151810273841e+01,3.000000000000000000e+00,1.600000000000000000e+01
-5.942986110865707872e+01,3.000000000000000000e+00,-8.100000000000000000e+01
7.928662869277954428e+01,3.000000000000000000e+00,5.600000000000000000e+01
3.089253941895308486e+01,3.000000000000000000e+00,9.000000000000000000e+00
6.143895800809403340e+01,3.000000000000000000e+00,4.200000000000000000e+01
-8.926499786088086807e-01,3.000000000000000000e+00,-2.100000000000000000e+01
1.499981616487646008e+01,3.000000000000000000e+00,-8.000000000000000000e+00
1.909934731508599270e+00,3.000000000000000000e+00,-1.700000000000000000e+01
1.071910401955328496e+02,3.000000000000000000e+00,8.700000000000000000e+01
2.624876692895203334e+01,3.000000000000000000e+00,6.000000000000000000e+00
2.019008760380060963e+01,3.000000000000000000e+00,1.000000000000000000e+00
1.554810887435095168e+01,3.000000000000000000e+00,-7.000000000000000000e+00
5.866882656333255852e+01,3.000000000000000000e+00,3.900000000000000000e+01
7.579944374842430932e+01,3.000000000000000000e+00,5.100000000000000000e+01
-4.098850443251055964e+00,3.000000000000000000e+00,-2.300000000000000000e+01
-1.970912675805907099e+01,3.000000000000000000e+00,-4.100000000000000000e+01
5.663688612830653568e+01,3.000000000000000000e+00,3.500000000000000000e+01
-2.914835487013865745e+01,3.000000000000000000e+00,-4.900000000000000000e+01
2.105328562474300824e+01,3.000000000000000000e+00,-1.000000000000000000e+00
3.724476970532872144e+01,3.000000000000000000e+00,1.700000000000000000e+01
7.165458220925621902e+01,3.000000000000000000e+00,5.400000000000000000e+01
9.053091164232034771e+01,3.000000000000000000e+00,2.000000000000000000e+01
4.984638633820607367e+01,3.000000000000000000e+00,-1.800000000000000000e+01
1.455618083101001901e+02,3.000000000000000000e+00,7.900000000000000000e+01
5.673447595918857189e+01,3.000000000000000000e+00,-1.300000000000000000e+01
9.789512712991515286e+01,3.000000000000000000e+00,3.100000000000000000e+01
9.492633496714567798e+01,3.000000000000000000e+00,2.800000000000000000e+01
1.165209096847311798e+02,3.000000000000000000e+00,4.800000000000000000e+01
8.204836900562594337e+01,3.000000000000000000e+00,1.600000000000000000e+01
4.747671705224922789e+01,3.000000000000000000e+00,-2.000000000000000000e+01
8.258162276463923490e+01,3.000000000000000000e+00,1.500000000000000000e+01
1.726962133152412093e+00,3.000000000000000000e+00,-6.500000000000000000e+01
3.950239655888107393e+01,3.000000000000000000e+00,-3.100000000000000000e+01
8.689975062034061182e+01,3.000000000000000000e+00,9.000000000000000000e+00
3.824179044761564228e-01,3.000000000000000000e+00,-7.900000000000000000e+01
1.060834564281133652e+02,3.000000000000000000e+00,2.900000000000000000e+01
1.229061292106884622e+02,3.000000000000000000e+00,4.400000000000000000e+01
1.336231897003057156e+02,3.000000000000000000e+00,5.700000000000000000e+01
5.401593655262092852e+01,3.000000000000000000e+00,-2.600000000000000000e+01
1.417496331089216994e+02,3.000000000000000000e+00,6.300000000000000000e+01
2.390918543548956166e+01,3.000000000000000000e+00,-5.500000000000000000e+01
4.434304124377806033e+01,3.000000000000000000e+00,-3.100000000000000000e+01
7.864531392844854452e+01,3.000000000000000000e+00,-2.000000000000000000e+00
1.095478265705962855e+02,3.000000000000000000e+00,3.300000000000000000e+01
3.593794119407175458e+01,3.000000000000000000e+00,-4.100000000000000000e+01
9.208661838101396313e+01,3.000000000000000000e+00,1.400000000000000000e+01
7.966762979420460056e+01,0.000000000000000000e+00,0.000000000000000000e+00
8.082289251092329607e+01,0.000000000000000000e+00,0.000000000000000000e+00
7.825397403364915760e+01,0.000000000000000000e+00,0.000000000000000000e+00
7.891469651253689221e+01,0.000000000000000000e+00,0.000000000000000000e+00
7.963388093849178517e+01,0.000000000000000000e+00,0.000000000000000000e+00
8.042274889362717261e+01,0.000000000000000000e+00,0.000000000000000000e+00
7.617511720033881772e+01,0.000000000000000000e+00,0.000000000000000000e+00
8.204657708887040712e+01,0.000000000000000000e+00,0.000000000000000000e+00
7.989776235039423113e+01,0.000000000000000000e+00,0.000000000000000000e+00
7.910690103599755219e+01,0.000000000000000000e+00,0.000000000000000000e+00
8.123044888945889852e+01,0.000000000000000000e+00,0.000000000000000000e+00
7.705608963812764500e+01,0.000000000000000000e+00,0.000000000000000000e+00
7.727071023328544186e+01,0.000000000000000000e+00,0.000000000000000000e+00
8.050238039206772100e+01,0.000000000000000000e+00,0.000000000000000000e+00
8.159726661850034191e+01,0.000000000000000000e+00,0.000000000000000000e+00
8.220351024126794925e+01,0.000000000000000000e+00,0.000000000000000000e+00
7.669831619245276499e+01,0.000000000000000000e+00,0.000000000000000000e+00
8.378683569862981528e+01,0.000000000000000000e+00,0.000000000000000000e+00
8.310932760086060966e+01,0.000000000000000000e+00,0.000000000000000000e+00
8.214321476341586958e+01,0.000000000000000000e+00,0.000000000000000000e+00
8.027708954009850117e+01,0.000000000000000000e+00,0.000000000000000000e+00
8.168065628502957054e+01,0.000000000000000000e+00,0.000000000000000000e+00
8.238183349937193611e+01,0.000000000000000000e+00,0.000000000000000000e+00
8.207015121857244822e+01,0.000000000000000000e+00,0.000000000000000000e+00
8.034599835368666731e+01,0.000000000000000000e+00,0.000000000000000000e+00
8.202594244898766362e+01,0.000000000000000000e+00,0.000000000000000000e+00
8.012810633860271992e+01,0.000000000000000000e+00,0.000000000000000000e+00
7.965774291935343854e+01,0.000000000000000000e+00,0.000000000000000000e+00
7.963468120384855808e+01,0.000000000000000000e+00,0.000000000000000000e+00
8.046773439922462501e+01,0.000000000000000000e+00,0.000000000000000000e+00
7.885660549948289599e+01,0.000000000000000000e+00,0.000000000000000000e+00
8.046420309081277367e+01,0.000000000000000000e+00,0.000000000000000000e+00
7.724932638060353440e+01,0.000000000000000000e+00,0.000000000000000000e+00
7.838286421717718611e+01,0.000000000000000000e+00,0.000000000000000000e+00
8.164502858647986727e+01,0.000000000000000000e+00,0.000000000000000000e+00
7.853017184878950729e+01,0.000000000000000000e+00,0.000000000000000000e+00
8.411880160501388559e+01,0.000000000000000000e+00,0.000000000000000000e+00
7.854253999084042448e+01,0.000000000000000000e+00,0.000000000000000000e+00
7.962091487942811341e+01,0.000000000000000000e+00,0.000000000000000000e+00
8.320799360411956513e+01,0.000000000000000000e+00,0.000000000000000000e+00
7.995341257524280820e+01,0.000000000000000000e+00,0.000000000000000000e+00
8.166724078628298855e+01,0.000000000000000000e+00,0.000000000000000000e+00
7.698275019102483441e+01,0.000000000000000000e+00,0.000000000000000000e+00
7.982684925024959455e+01,0.000000000000000000e+00,0.000000000000000000e+00
8.318079427599454334e+01,0.000000000000000000e+00,0.000000000000000000e+00
8.265874051265322464e+01,0.000000000000000000e+00,0.000000000000000000e+00
8.071249049961298283e+01,0.000000000000000000e+00,0.000000000000000000e+00
8.094941195184030391e+01,0.000000000000000000e+00,0.000000000000000000e+00
8.166858667987501974e+01,0.000000000000000000e+00,0.000000000000000000e+00
7.861176323356029627e+01,0.000000000000000000e+00,0.000000000000000000e+00
7.944234250764235128e+01,0.000000000000000000e+00,0.000000000000000000e+00
8.266720121790714870e+01,0.000000000000000000e+00,0.000000000000000000e+00
7.778398848381748110e+01,0.000000000000000000e+00,0.000000000000000000e+00
8.358267150932644540e+01,0.000000000000000000e+00,0.000000000000000000e+00
8.244413208023998152e+01,0.000000000000000000e+00,0.000000000000000000e+00
7.697627587943215133e+01,0.000000000000000000e+00,0.000000000000000000e+00
8.036160993957783205e+01,0.000000000000000000e+00,0.000000000000000000e+00
8.123438691528534150e+01,0.000000000000000000e+00,0.000000000000000000e+00
8.234621186666304027e+01,0.000000000000000000e+00,0.000000000000000000e+00
8.101483675424589137e+01,0.000000000000000000e+00,0.000000000000000000e+00
8.231618227617569516e+01,0.000000000000000000e+00,0.000000000000000000e+00
7.791603173815873618e+01,0.000000000000000000e+00,0.000000000000000000e+00
8.052753484205614143e+01,0.000000000000000000e+00,0.000000000000000000e+00
8.138694090405380166e+01,0.000000000000000000e+00,0.000000000000000000e+00
7.657297080974370829e+01,0.000000000000000000e+00,0.000000000000000000e+00
7.716818841973226029e+01,0.000000000000000000e+00,0.000000000000000000e+00
8.147729950751981676e+01,0.000000000000000000e+00,0.000000000000000000e+00
8.193890657749238926e+01,0.000000000000000000e+00,0.000000000000000000e+00
8.192955101260150741e+01,0.000000000000000000e+00,0.000000000000000000e+00
7.824778290208260501e+01,0.000000000000000000e+00,0.000000000000000000e+00
7.985359089177370606e+01,0.000000000000000000e+00,0.000000000000000000e+00
7.699101721069091298e+01,0.000000000000000000e+00,0.000000000000000000e+00
7.852813113769973086e+01,0.000000000000000000e+00,0.000000000000000000e+00
7.863969317382465363e+01,0.000000000000000000e+00,0.000000000000000000e+00
7.794647643602512233e+01,0.000000000000000000e+00,0.000000000000000000e+00
8.149398561983851152e+01,0.000000000000000000e+00,0.000000000000000000e+00
7.945521820792551182e+01,0.000000000000000000e+00,0.000000000000000000e+00
8.056299322257245876e+01,0.000000000000000000e+00,0.000000000000000000e+00
7.476482632811953977e+01,0.000000000000000000e+00,0.000000000000000000e+00
8.595837630858217437e+01,0.000000000000000000e+00,0.000000000000000000e+00
7.682596281084806833e+01,0.000000000000000000e+00,0.000000000000000000e+00
7.960050444187604057e+01,0.000000000000000000e+00,0.000000000000000000e+00
7.887131605511777366e+01,0.000000000000000000e+00,0.000000000000000000e+00
2.874515735831443308e+01,0.000000000000000000e+00,0.000000000000000000e+00
3.313864619576428794e+01,0.000000000000000000e+00,0.000000000000000000e+00
3.391295447509330074e+01,0.000000000000000000e+00,0.000000000000000000e+00
3.200136515962397965e+01,0.000000000000000000e+00,0.000000000000000000e+00
3.152445100131940592e+01,0.000000000000000000e+00,0.000000000000000000e+00
3.122097736200595008e+01,0.000000000000000000e+00,0.000000000000000000e+00
3.180313804499047947e+01,0.000000000000000000e+00,0.000000000000000000e+00
3.423453536800307262e+01,0.000000000000000000e+00,0.000000000000000000e+00
3.313937010835203267e+01,0.000000000000000000e+00,0.000000000000000000e+00
2.940425118236352375e+01,0.000000000000000000e+00,0.000000000000000000e+00
3.284847162588490477e+01,0.000000000000000000e+00,0.000000000000000000e+00
3.319552958925912378e+01,0.000000000000000000e+00,0.000000000000000000e+00
1.984130234832522888e+01,0.000000000000000000e+00,0.000000000000000000e+00
1.874435870065514820e+01,0.000000000000000000e+00,0.000000000000000000e+00
2.455181961311739514e+01,0.000000000000000000e+00,0.000000000000000000e+00
2.197887278386389553e+01,0.000000000000000000e+00,0.000000000000000000e+00
2.158701644950182086e+01,0.000000000000000000e+00,0.000000000000000000e+00
1.993349739732942183e+01,0.000000000000000000e+00,0.000000000000000000e+00
2.445207379192579467e+01,0.000000000000000000e+00,0.000000000000000000e+00
2.241630006492004057e+01,0.000000000000000000e+00,0.000000000000000000e+00
2.241897775961145456e+01,0.000000000000000000e+00,0.000000000000000000e+00
2.099927670857806561e+01,0.000000000000000000e+00,0.000000000000000000e+00
2.186536993739855461e+01,0.000000000000000000e+00,0.000000000000000000e+00
2.330024110718803243e+01,0.000000000000000000e+00,0.000000000000000000e+00
2.525115965377816707e+01,0.000000000000000000e+00,0.000000000000000000e+00
1.775594997554722454e+01,0.000000000000000000e+00,0.000000000000000000e+00
2.053105455976458771e+01,0.000000000000000000e+00,0.000000000000000000e+00
2.113258886004829051e+01,0.000000000000000000e+00,0.000000000000000000e+00
1.560453552762150942e+01,0.000000000000000000e+00,0.000000000000000000e+00
2.283547352412895393e+01,0.000000000000000000e+00,0.000000000000000000e+00
1.759759394398341215e+01,0.000000000000000000e+00,0.000000000000000000e+00
2.091654424730945294e+01,0.000000000000000000e+00,0.000000000000000000e+00
2.103335546944636647e+01,0.000000000000000000e+00,0.000000000000000000e+00
1.953305678025866143e+01,0.000000000000000000e+00,0.000000000000000000e+00
2.190827578928877628e+01,0.000000000000000000e+00,0.000000000000000000e+00
2.007019705088713479e+01,0.000000000000000000e+00,0.000000000000000000e+00
2.201385989316663583e+01,0.000000000000000000e+00,0.000000000000000000e+00
1.804164869641127211e+01,0.000000000000000000e+00,0.000000000000000000e+00
2.297807387288846570e+01,0.000000000000000000e+00,0.000000000000000000e+00
1.912495768973096588e+01,0.000000000000000000e+00,0.000000000000000000e+00
1.934198981035439147e+01,0.000000000000000000e+00,0.000000000000000000e+00
1.458281235072495718e+01,0.000000000000000000e+00,0.000000000000000000e+00
1.811945705220069058e+01,0.000000000000000000e+00,0.000000000000000000e+00
2.034944710260998235e+01,0.000000000000000000e+00,0.000000000000000000e+00
2.200784223596744837e+01,0.000000000000000000e+00,0.000000000000000000e+00
2.212450830453734696e+01,0.000000000000000000e+00,0.000000000000000000e+00
1.958775490137550790e+01,0.000000000000000000e+00,0.000000000000000000e+00
2.274715040634767860e+01,0.000000000000000000e+00,0.000000000000000000e+00
2.158116968216967280e+01,0.000000000000000000e+00,0.000000000000000000e+00
1.926298040646651444e+01,0.000000000000000000e+00,0.000000000000000000e+00
2.096622345754583705e+01,0.000000000000000000e+00,0.000000000000000000e+00
1.841843930665805829e+01,0.000000000000000000e+00,0.000000000000000000e+00
2.058146946589100068e+01,0.000000000000000000e+00,0.000000000000000000e+00
1.731959011401684023e+01,0.000000000000000000e+00,0.000000000000000000e+00
2.044173943149152706e+01,0.000000000000000000e+00,0.000000000000000000e+00
1.784448009910991217e+01,0.000000000000000000e+00,0.000000000000000000e+00
2.120538339618110513e+01,0.000000000000000000e+00,0.000000000000000000e+00
2.018553468459316136e+01,0.000000000000000000e+00,0.000000000000000000e+00
1.923798653835426364e+01,0.000000000000000000e+00,0.000000000000000000e+00
1.962828119898010470e+01,0.000000000000000000e+00,0.000000000000000000e+00
1.929194609647009173e+01,0.000000000000000000e+00,0.000000000000000000e+00
2.322676824768591786e+01,0.000000000000000000e+00,0.000000000000000000e+00
1.926441208606931355e+01,0.000000000000000000e+00,0.000000000000000000e+00
2.046910048239884361e+01,0.000000000000000000e+00,0.000000000000000000e+00
1.806550917611531304e+01,0.000000000000000000e+00,0.000000000000000000e+00
1.856803213494200122e+01,0.000000000000000000e+00,0.000000000000000000e+00
1.975052679581207471e+01,0.000000000000000000e+00,0.000000000000000000e+00
2.129501137818996526e+01,0.000000000000000000e+00,0.000000000000000000e+00
1.890278752221767888e+01,0.000000000000000000e+00,0.000000000000000000e+00
1.999000184216045284e+01,0.000000000000000000e+00,0.000000000000000000e+00
1.666140210737302141e+01,0.000000000000000000e+00,0.000000000000000000e+00
1.908182939505502773e+01,0.000000000000000000e+00,0.000000000000000000e+00
2.419484111022124040e+01,0.000000000000000000e+00,0.000000000000000000e+00
1.824993785618611852e+01,0.000000000000000000e+00,0.000000000000000000e+00
1.833631831698960823e+01,0.000000000000000000e+00,0.000000000000000000e+00
1.944731145102569414e+01,0.000000000000000000e+00,0.000000000000000000e+00
1.831518723260275294e+01,0.000000000000000000e+00,0.000000000000000000e+00
1.722172332962774277e+01,0.000000000000000000e+00,0.000000000000000000e+00
2.259746310336484854e+01,0.000000000000000000e+00,0.000000000000000000e+00
1.675683958336043133e+01,0.000000000000000000e+00,0.000000000000000000e+00
2.332028830950405407e+01,0.000000000000000000e+00,0.000000000000000000e+00
1.875557075795437001e+01,0.000000000000000000e+00,0.000000000000000000e+00
2.069408229312879399e+01,0.000000000000000000e+00,0.000000000000000000e+00
1.929367907148302308e+01,0.000000000000000000e+00,0.000000000000000000e+00
2.025092367879329913e+01,0.000000000000000000e+00,0.000000000000000000e+00
1.706713058573056330e+01,0.000000000000000000e+00,0.000000000000000000e+00
2.051710629596049884e+01,0.000000000000000000e+00,0.000000000000000000e+00
1.938580744801351230e+01,0.000000000000000000e+00,0.000000000000000000e+00
2.163083577110333522e+01,0.000000000000000000e+00,0.000000000000000000e+00
2.291097085127052324e+01,0.000000000000000000e+00,0.000000000000000000e+00
2.148575663750161269e+01,0.000000000000000000e+00,0.000000000000000000e+00
1.581839994154757534e+01,0.000000000000000000e+00,0.000000000000000000e+00
2.105156243710982977e+01,0.000000000000000000e+00,0.000000000000000000e+00
1.872907552370192619e+01,0.000000000000000000e+00,0.000000000000000000e+00
2.309044748472442521e+01,0.000000000000000000e+00,0.000000000000000000e+00
2.085649819741688304e+01,0.000000000000000000e+00,0.000000000000000000e+00
2.214866355041073120e+01,0.000000000000000000e+00,0.000000000000000000e+00
2.150077502281206421e+01,0.000000000000000000e+00,0.000000000000000000e+00
1.828689496284397364e+01,0.000000000000000000e+00,0.000000000000000000e+00
1.896827331962086660e+01,0.000000000000000000e+00,0.000000000000000000e+00
1.946676050811271352e+01,0.000000000000000000e+00,0.000000000000000000e+00
2.203385964678136233e+01,0.000000000000000000e+00,0.000000000000000000e+00
2.157679292816867189e+01,0.000000000000000000e+00,0.000000000000000000e+00
2.193812640287332272e+01,0.000000000000000000e+00,0.000000000000000000e+00
1.905906562759018641e+01,0.000000000000000000e+00,0.000000000000000000e+00
2.185514551164602182e+01,0.000000000000000000e+00,0.000000000000000000e+00
1.789006850953219185e+01,0.000000000000000000e+00,0.000000000000000000e+00
2.011414321569798602e+01,0.000000000000000000e+00,0.000000000000000000e+00
2.164432883585212863e+01,0.000000000000000000e+00,0.000000000000000000e+00
1.841965700932063044e+01,0.000000000000000000e+00,0.000000000000000000e+00
1.790492714558120468e+01,0.000000000000000000e+00,0.000000000000000000e+00
2.256621429413850777e+01,0.000000000000000000e+00,0.000000000000000000e+00
1.996405806206081124e+01,0.000000000000000000e+00,0.000000000000000000e+00
2.100933089395572040e+01,0.000000000000000000e+00,0.000000000000000000e+00
1.917153360869548706e+01,0.000000000000000000e+00,0.000000000000000000e+00
1.851053888715309270e+01,0.000000000000000000e+00,0.000000000000000000e+00
2.031082892608552015e+01,0.000000000000000000e+00,0.000000000000000000e+00
2.041672735652930726e+01,0.000000000000000000e+00,0.000000000000000000e+00
1.837926063208653815e+01,0.000000000000000000e+00,0.000000000000000000e+00
1.748243898601592150e+01,0.000000000000000000e+00,0.000000000000000000e+00
1.829998921656666511e+01,0.000000000000000000e+00,0.000000000000000000e+00
1.944040080400472092e+01,0.000000000000000000e+00,0.000000000000000000e+00
2.096584465481665305e+01,0.000000000000000000e+00,0.000000000000000000e+00
1.939782010093468401e+01,0.000000000000000000e+00,0.000000000000000000e+00
1.944668323195176995e+01,0.000000000000000000e+00,0.000000000000000000e+00
2.067411140933558045e+01,0.000000000000000000e+00,0.000000000000000000e+00
1.792281607359641171e+01,0.000000000000000000e+00,0.000000000000000000e+00
1.802759709932789534e+01,0.000000000000000000e+00,0.000000000000000000e+00
2.019510993485267747e+01,0.000000000000000000e+00,0.000000000000000000e+00
2.075743745052964329e+01,0.000000000000000000e+00,0.000000000000000000e+00
1.609583796585754456e+01,0.000000000000000000e+00,0.000000000000000000e+00
2.295662626438226539e+01,0.000000000000000000e+00,0.000000000000000000e+00
2.221118514401938882e+01,0.000000000000000000e+00,0.000000000000000000e+00
2.018705403861966730e+01,0.000000000000000000e+00,0.000000000000000000e+00
2.057431245851534385e+01,0.000000000000000000e+00,0.000000000000000000e+00
2.082713666201328451e+01,0.000000000000000000e+00,0.000000000000000000e+00
2.400938485133652733e+01,0.000000000000000000e+00,0.000000000000000000e+00
2.185988093525727649e+01,0.000000000000000000e+00,0.000000000000000000e+00
1.984913311818661086e+01,0.000000000000000000e+00,0.000000000000000000e+00
1.983577366557316424e+01,0.000000000000000000e+00,0.000000000000000000e+00
2.079624969947557744e+01,0.000000000000000000e+00,0.000000000000000000e+00
2.032098518681786814e+01,0.000000000000000000e+00,0.000000000000000000e+00
1.905958408563794038e+01,0.000000000000000000e+00,0.000000000000000000e+00
1.966393497721075079e+01,0.000000000000000000e+00,0.000000000000000000e+00
2.239720268572350648e+01,0.000000000000000000e+00,0.000000000000000000e+00
2.227905913220454792e+01,0.000000000000000000e+00,0.000000000000000000e+00
1.753542529741769229e+01,0.000000000000000000e+00,0.000000000000000000e+00
2.224682640129654487e+01,0.000000000000000000e+00,0.000000000000000000e+00
1.913100565599323488e+01,0.000000000000000000e+00,0.000000000000000000e+00
1.645200879869201316e+01,0.000000000000000000e+00,0.000000000000000000e+00
1.936492235841526721e+01,0.000000000000000000e+00,0.000000000000000000e+00
1.982414306221326328e+01,0.000000000000000000e+00,0.000000000000000000e+00
2.003681507542468054e+01,0.000000000000000000e+00,0.000000000000000000e+00
1.693481772689753839e+01,0.000000000000000000e+00,0.000000000000000000e+00
1.741039748274061338e+01,0.000000000000000000e+00,0.000000000000000000e+00
1.690077017021091876e+01,0.000000000000000000e+00,0.000000000000000000e+00
2.138693017804232710e+01,0.000000000000000000e+00,0.000000000000000000e+00
2.259818329724575392e+01,0.000000000000000000e+00,0.000000000000000000e+00
1.948991188470940372e+01,0.000000000000000000e+00,0.000000000000000000e+00
1.962604547749139172e+01,0.000000000000000000e+00,0.000000000000000000e+00
2.189529359324657065e+01,0.000000000000000000e+00,0.000000000000000000e+00
2.058450195333598387e+01,0.000000000000000000e+00,0.000000000000000000e+00
1.681868178014931914e+01,0.000000000000000000e+00,0.000000000000000000e+00
1.827780233037358570e+01,0.000000000000000000e+00,0.000000000000000000e+00
2.146757739989176983e+01,0.000000000000000000e+00,0.000000000000000000e+00
2.161752821024860083e+01,0.000000000000000000e+00,0.000000000000000000e+00
2.119509982621375599e+01,0.000000000000000000e+00,0.000000000000000000e+00
1.717906269844134926e+01,0.000000000000000000e+00,0.000000000000000000e+00
2.114852088354022897e+01,0.000000000000000000e+00,0.000000000000000000e+00
2.028379354225407383e+01,0.000000000000000000e+00,0.000000000000000000e+00
1.919023362457104653e+01,0.000000000000000000e+00,0.000000000000000000e+00
1.945595828530591831e+01,0.000000000000000000e+00,0.000000000000000000e+00
2.103285428196733164e+01,0.000000000000000000e+00,0.000000000000000000e+00
1.964100987677985799e+01,0.000000000000000000e+00,0.000000000000000000e+00
1.855876586348689017e+01,0.000000000000000000e+00,0.000000000000000000e+00
2.152815459527488784e+01,0.000000000000000000e+00,0.000000000000000000e+00
2.115303989422948661e+01,0.000000000000000000e+00,0.000000000000000000e+00
1.960472053793633052e+01,0.000000000000000000e+00,0.000000000000000000e+00
2.030410237437044785e+01,0.000000000000000000e+00,0.000000000000000000e+00
1.849528165602464114e+01,0.000000000000000000e+00,0.000000000000000000e+00
6.776803314314820170e+01,0.000000000000000000e+00,0.000000000000000000e+00
6.751964293511578319e+01,0.000000000000000000e+00,0.000000000000000000e+00
6.924639847850689023e+01,0.000000000000000000e+00,0.000000000000000000e+00
7.051225620032721508e+01,0.000000000000000000e+00,0.000000000000000000e+00
6.490453278056425290e+01,0.000000000000000000e+00,0.000000000000000000e+00
6.752590468788018541e+01,0.000000000000000000e+00,0.000000000000000000e+00
6.832952639120468064e+01,0.000000000000000000e+00,0.000000000000000000e+00
6.690352868739243775e+01,0.000000000000000000e+00,0.000000000000000000e+00
6.923523456620489469e+01,0.000000000000000000e+00,0.000000000000000000e+00
7.261357281302201727e+01,0.000000000000000000e+00,0.000000000000000000e+00
7.030979401583979893e+01,0.000000000000000000e+00,0.000000000000000000e+00
6.779563149761754914e+01,0.000000000000000000e+00,0.000000000000000000e+00
7.355509261201341076e+01,0.000000000000000000e+00,0.000000000000000000e+00
7.892366412442981982e+01,0.000000000000000000e+00,0.000000000000000000e+00
7.559949362559721919e+01,0.000000000000000000e+00,0.000000000000000000e+00
7.326901454648321987e+01,0.000000000000000000e+00,0.000000000000000000e+00
7.494275418080432871e+01,0.000000000000000000e+00,0.000000000000000000e+00
7.451167939572468413e+01,0.000000000000000000e+00,0.000000000000000000e+00
7.966651783172709145e+01,0.000000000000000000e+00,0.000000000000000000e+00
7.847286194034435880e+01,0.000000000000000000e+00,0.000000000000000000e+00
7.644582016268141444e+01,0.000000000000000000e+00,0.000000000000000000e+00
7.258017193941833511e+01,0.000000000000000000e+00,0.000000000000000000e+00
7.975890473802284930e+01,0.000000000000000000e+00,0.000000000000000000e+00
7.639593072050504929e+01,0.000000000000000000e+00,0.000000000000000000e+00
7.858606808360798368e+01,0.000000000000000000e+00,0.000000000000000000e+00
7.916432378134713588e+01,0.000000000000000000e+00,0.000000000000000000e+00
7.833520069680369602e+01,0.000000000000000000e+00,0.000000000000000000e+00
7.764344236405291610e+01,0.000000000000000000e+00,0.000000000000000000e+00
8.023046253235087022e+01,0.000000000000000000e+00,0.000000000000000000e+00
7.672409358378091326e+01,0.000000000000000000e+00,0.000000000000000000e+00
8.243968113287901645e+01,0.000000000000000000e+00,0.000000000000000000e+00
8.026804911711550972e+01,0.000000000000000000e+00,0.000000000000000000e+00
8.127382465291329083e+01,0.000000000000000000e+00,0.000000000000000000e+00
8.252595787644365544e+01,0.000000000000000000e+00,0.000000000000000000e+00
8.072828672400692085e+01,0.000000000000000000e+00,0.000000000000000000e+00
7.752182835621621848e+01,0.000000000000000000e+00,0.000000000000000000e+00
7.764960508620455926e+01,0.000000000000000000e+00,0.000000000000000000e+00
7.743074602780686178e+01,0.000000000000000000e+00,0.000000000000000000e+00
8.126069062581778724e+01,0.000000000000000000e+00,0.000000000000000000e+00
7.992830955598911657e+01,0.000000000000000000e+00,0.000000000000000000e+00
7.947007216473015490e+01,0.000000000000000000e+00,0.000000000000000000e+00
7.654191643575344983e+01,0.000000000000000000e+00,0.000000000000000000e+00
8.166682053864239776e+01,0.000000000000000000e+00,0.000000000000000000e+00
7.944193882894253989e+01,0.000000000000000000e+00,0.000000000000000000e+00
7.941835486759821094e+01,0.000000000000000000e+00,0.000000000000000000e+00
8.124742185968138131e+01,0.000000000000000000e+00,0.000000000000000000e+00
7.922380666869433696e+01,0.000000000000000000e+00,0.000000000000000000e+00
7.859635509742724935e+01,0.000000000000000000e+00,0.000000000000000000e+00
7.900710663448353444e+01,0.000000000000000000e+00,0.000000000000000000e+00
7.945023600628928762e+01,0.000000000000000000e+00,0.000000000000000000e+00
8.161890612937686740e+01,0.000000000000000000e+00,0.000000000000000000e+00
7.883177500439711594e+01,0.000000000000000000e+00,0.000000000000000000e+00
8.013202132462356531e+01,0.000000000000000000e+00,0.000000000000000000e+00
7.869715693617187924e+01,0.000000000000000000e+00,0.000000000000000000e+00
8.026153539175012952e+01,0.000000000000000000e+00,0.000000000000000000e+00
8.064986968500409148e+01,0.000000000000000000e+00,0.000000000000000000e+00
8.028476047639613000e+01,0.000000000000000000e+00,0.000000000000000000e+00
8.396706251151287859e+01,0.000000000000000000e+00,0.000000000000000000e+00
8.155374919957974100e+01,0.000000000000000000e+00,0.000000000000000000e+00
7.672853188813334668e+01,0.000000000000000000e+00,0.000000000000000000e+00
8.024930276334481505e+01,0.000000000000000000e+00,0.000000000000000000e+00
7.724232917242024143e+01,0.000000000000000000e+00,0.000000000000000000e+00
8.237364520556941727e+01,0.000000000000000000e+00,0.000000000000000000e+00
7.928167383081570563e+01,0.000000000000000000e+00,0.000000000000000000e+00
8.166658402471156819e+01,0.000000000000000000e+00,0.000000000000000000e+00
8.021061344927545633e+01,0.000000000000000000e+00,0.000000000000000000e+00
8.189280869876274949e+01,0.000000000000000000e+00,0.000000000000000000e+00
7.941547404518779274e+01,0.000000000000000000e+00,0.000000000000000000e+00
8.127251877753404585e+01,0.000000000000000000e+00,0.000000000000000000e+00
8.178779453928277121e+01,0.000000000000000000e+00,0.000000000000000000e+00
8.171940478845758093e+01,0.000000000000000000e+00,0.000000000000000000e+00
8.248739265751672178e+01,0.000000000000000000e+00,0.000000000000000000e+00
8.009072027648757341e+01,0.000000000000000000e+00,0.000000000000000000e+00
7.772445156454372750e+01,0.000000000000000000e+00,0.000000000000000000e+00
7.722757083065380357e+01,0.000000000000000000e+00,0.000000000000000000e+00
7.813407336859664554e+01,0.000000000000000000e+00,0.000000000000000000e+00
8.212491419306604712e+01,0.000000000000000000e+00,0.000000000000000000e+00
8.247553564498986134e+01,0.000000000000000000e+00,0.000000000000000000e+00
7.710975125504420191e+01,0.000000000000000000e+00,0.000000000000000000e+00
7.966452596620449356e+01,0.000000000000000000e+00,0.000000000000000000e+00
8.161468017839231948e+01,0.000000000000000000e+00,0.000000000000000000e+00
7.780293375790301980e+01,0.000000000000000000e+00,0.000000000000000000e+00
8.015699361692630021e+01,0.000000000000000000e+00,0.000000000000000000e+00
8.070301663117163571e+01,0.000000000000000000e+00,0.000000000000000000e+00
7.868241906233393479e+01,0.000000000000000000e+00,0.000000000000000000e+00
7.890575251740517615e+01,0.000000000000000000e+00,0.000000000000000000e+00
8.116966832593047343e+01,0.000000000000000000e+00,0.000000000000000000e+00
8.233312415031167575e+01,0.000000000000000000e+00,0.000000000000000000e+00
7.866024685303646891e+01,0.000000000000000000e+00,0.000000000000000000e+00
8.008832556118541390e+01,0.000000000000000000e+00,0.000000000000000000e+00
8.332384156463051283e+01,0.000000000000000000e+00,0.000000000000000000e+00
7.939414389681323314e+01,0.000000000000000000e+00,0.000000000000000000e+00
8.337892289665525425e+01,0.000000000000000000e+00,0.000000000000000000e+00
7.821812932534740526e+01,0.000000000000000000e+00,0.000000000000000000e+00
7.891721227070905798e+01,0.000000000000000000e+00,0.000000000000000000e+00
7.864083949844979315e+01,0.000000000000000000e+00,0.000000000000000000e+00
8.055524748129117540e+01,0.000000000000000000e+00,0.000000000000000000e+00
7.883998197084095239e+01,0.000000000000000000e+00,0.000000000000000000e+00
8.117515850541070677e+01,0.000000000000000000e+00,0.000000000000000000e+00
7.944433392608030431e+01,0.000000000000000000e+00,0.000000000000000000e+00
7.721564569596067429e+01,0.000000000000000000e+00,0.000000000000000000e+00
8.301627218055575952e+01,0.000000000000000000e+00,0.000000000000000000e+00
8.136362127531754140e+01,0.000000000000000000e+00,0.000000000000000000e+00
7.799069004580020703e+01,0.000000000000000000e+00,0.000000000000000000e+00
7.852191836498222699e+01,0.000000000000000000e+00,0.000000000000000000e+00
8.366264802842927395e+01,0.000000000000000000e+00,0.000000000000000000e+00
8.052407040280070305e+01,0.000000000000000000e+00,0.000000000000000000e+00
8.429664342057060367e+01,0.000000000000000000e+00,0.000000000000000000e+00
2.899389590859967569e+01,0.000000000000000000e+00,0.000000000000000000e+00
3.031511064373840014e+01,0.000000000000000000e+00,0.000000000000000000e+00
3.280870790572799933e+01,0.000000000000000000e+00,0.000000000000000000e+00
3.045125943885155806e+01,0.000000000000000000e+00,0.000000000000000000e+00
3.283056640247973235e+01,0.000000000000000000e+00,0.000000000000000000e+00
3.098614269580006919e+01,0.000000000000000000e+00,0.000000000000000000e+00
3.230458026137228700e+01,0.000000000000000000e+00,0.000000000000000000e+00
3.081118270266233594e+01,0.000000000000000000e+00,0.000000000000000000e+00
3.186210558973037621e+01,0.000000000000000000e+00,0.000000000000000000e+00
3.076535778703796353e+01,0.000000000000000000e+00,0.000000000000000000e+00
3.096209286897326862e+01,0.000000000000000000e+00,0.000000000000000000e+00
3.236000842836187275e+01,0.000000000000000000e+00,0.000000000000000000e+00
2.368259128174535988e+01,0.000000000000000000e+00,0.000000000000000000e+00
2.139706996324180466e+01,0.000000000000000000e+00,0.000000000000000000e+00
2.156989720793708543e+01,0.000000000000000000e+00,0.000000000000000000e+00
2.530148070944337491e+01,0.000000000000000000e+00,0.000000000000000000e+00
2.455116678705267574e+01,0.000000000000000000e+00,0.000000000000000000e+00
1.911486891293704460e+01,0.000000000000000000e+00,0.000000000000000000e+00
2.051193015599966785e+01,0.000000000000000000e+00,0.000000000000000000e+00
2.169503072683663802e+01,0.000000000000000000e+00,0.000000000000000000e+00
2.095927682327116770e+01,0.000000000000000000e+00,0.000000000000000000e+00
1.980097837772396119e+01,0.000000000000000000e+00,0.000000000000000000e+00
2.385592792130650253e+01,0.000000000000000000e+00,0.000000000000000000e+00
2.213958793547718429e+01,0.000000000000000000e+00,0.000000000000000000e+00
1.962623357746778652e+01,0.000000000000000000e+00,0.000000000000000000e+00
2.329642439799551212e+01,0.000000000000000000e+00,0.000000000000000000e+00
2.096075996661849317e+01,0.000000000000000000e+00,0.000000000000000000e+00
2.318684222889149282e+01,0.000000000000000000e+00,0.000000000000000000e+00
1.960163640979608246e+01,0.000000000000000000e+00,0.000000000000000000e+00
2.080497470788606051e+01,0.000000000000000000e+00,0.000000000000000000e+00
1.953247332754312993e+01,0.000000000000000000e+00,0.000000000000000000e+00
2.008666137739292878e+01,0.000000000000000000e+00,0.000000000000000000e+00
2.183380265742742310e+01,0.000000000000000000e+00,0.000000000000000000e+00
1.847052643603836941e+01,0.000000000000000000e+00,0.000000000000000000e+00
2.161205064815886345e+01,0.000000000000000000e+00,0.000000000000000000e+00
1.920461159981347166e+01,0.000000000000000000e+00,0.000000000000000000e+00
1.858963725331266303e+01,0.000000000000000000e+00,0.000000000000000000e+00
2.201103042800595588e+01,0.000000000000000000e+00,0.000000000000000000e+00
1.741419908870230415e+01,0.000000000000000000e+00,0.000000000000000000e+00
1.907562486956894077e+01,0.000000000000000000e+00,0.000000000000000000e+00
1.995913362951915815e+01,0.000000000000000000e+00,0.000000000000000000e+00
2.084524260766384529e+01,0.000000000000000000e+00,0.000000000000000000e+00
1.837415693671943018e+01,0.000000000000000000e+00,0.000000000000000000e+00
2.309802455217356609e+01,0.000000000000000000e+00,0.000000000000000000e+00
1.952037464962552349e+01,0.000000000000000000e+00,0.000000000000000000e+00
1.878573788998122751e+01,0.000000000000000000e+00,0.000000000000000000e+00
1.920725378098661906e+01,0.000000000000000000e+00,0.000000000000000000e+00
2.018795584276687904e+01,0.000000000000000000e+00,0.000000000000000000e+00
1.451609467218737137e+01,0.000000000000000000e+00,0.000000000000000000e+00
2.189064873413382983e+01,0.000000000000000000e+00,0.000000000000000000e+00
2.033679674098644341e+01,0.000000000000000000e+00,0.000000000000000000e+00
1.938615789057195471e+01,0.000000000000000000e+00,0.000000000000000000e+00
2.182271064376086400e+01,0.000000000000000000e+00,0.000000000000000000e+00
2.208780578461126254e+01,0.000000000000000000e+00,0.000000000000000000e+00
1.984123094461316938e+01,0.000000000000000000e+00,0.000000000000000000e+00
2.163636054479534465e+01,0.000000000000000000e+00,0.000000000000000000e+00
2.394923491582967401e+01,0.000000000000000000e+00,0.000000000000000000e+00
2.092882973114497958e+01,0.000000000000000000e+00,0.000000000000000000e+00
2.125277074105093789e+01,0.000000000000000000e+00,0.000000000000000000e+00
2.046758686838255414e+01,0.000000000000000000e+00,0.000000000000000000e+00
1.701321514441585592e+01,0.000000000000000000e+00,0.000000000000000000e+00
1.922844164701755076e+01,0.000000000000000000e+00,0.000000000000000000e+00
1.812054121090030634e+01,0.000000000000000000e+00,0.000000000000000000e+00
2.271611184742916834e+01,0.000000000000000000e+00,0.000000000000000000e+00
2.312568857623160667e+01,0.000000000000000000e+00,0.000000000000000000e+00
2.308825960170754499e+01,0.000000000000000000e+00,0.000000000000000000e+00
2.090744456277806762e+01,0.000000000000000000e+00,0.000000000000000000e+00
2.071155678307917825e+01,0.000000000000000000e+00,0.000000000000000000e+00
2.000003974795846773e+01,0.000000000000000000e+00,0.000000000000000000e+00
2.039003508599584080e+01,0.000000000000000000e+00,0.000000000000000000e+00
1.956422798947469133e+01,0.000000000000000000e+00,0.000000000000000000e+00
2.204494729340596848e+01,0.000000000000000000e+00,0.000000000000000000e+00
