value,error,error_size
1.638024400767595878e+01,0.000000000000000000e+00,0.000000000000000000e+00
1.949901673515705980e+01,0.000000000000000000e+00,0.000000000000000000e+00
2.272165601719260764e+01,0.000000000000000000e+00,0.000000000000000000e+00
1.838105402111605713e+01,0.000000000000000000e+00,0.000000000000000000e+00
2.195069035149275294e+01,0.000000000000000000e+00,0.000000000000000000e+00
2.219950607097798212e+01,0.000000000000000000e+00,0.000000000000000000e+00
1.605632634426850558e+01,0.000000000000000000e+00,0.000000000000000000e+00
2.151638590028101206e+01,0.000000000000000000e+00,0.000000000000000000e+00
2.431893342005361802e+01,0.000000000000000000e+00,0.000000000000000000e+00
1.913493562468790898e+01,0.000000000000000000e+00,0.000000000000000000e+00
1.729927237926283112e+01,0.000000000000000000e+00,0.000000000000000000e+00
1.891403624895828628e+01,0.000000000000000000e+00,0.000000000000000000e+00
2.465975653523351596e+01,0.000000000000000000e+00,0.000000000000000000e+00
2.361446969805945173e+01,0.000000000000000000e+00,0.000000000000000000e+00
2.495575415818910514e+01,0.000000000000000000e+00,0.000000000000000000e+00
2.153417674997077924e+01,0.000000000000000000e+00,0.000000000000000000e+00
1.942440752836019158e+01,0.000000000000000000e+00,0.000000000000000000e+00
1.901154081169783794e+01,0.000000000000000000e+00,0.000000000000000000e+00
2.137291442406700526e+01,0.000000000000000000e+00,0.000000000000000000e+00
2.280538227896172643e+01,0.000000000000000000e+00,0.000000000000000000e+00
2.046978450898740931e+01,0.000000000000000000e+00,0.000000000000000000e+00
2.302475688609182214e+01,0.000000000000000000e+00,0.000000000000000000e+00
1.585091883552847492e+01,0.000000000000000000e+00,0.000000000000000000e+00
1.824611844594453913e+01,0.000000000000000000e+00,0.000000000000000000e+00
1.998406135752263779e+01,0.000000000000000000e+00,0.000000000000000000e+00
1.681726044953404298e+01,0.000000000000000000e+00,0.000000000000000000e+00
1.815714062233124793e+01,0.000000000000000000e+00,0.000000000000000000e+00
2.052216938072132990e+01,0.000000000000000000e+00,0.000000000000000000e+00
2.290797178412768176e+01,0.000000000000000000e+00,0.000000000000000000e+00
2.267111878621681242e+01,0.000000000000000000e+00,0.000000000000000000e+00
1.767221116146654936e+01,0.000000000000000000e+00,0.000000000000000000e+00
1.917370219929442854e+01,0.000000000000000000e+00,0.000000000000000000e+00
1.986163866415921930e+01,0.000000000000000000e+00,0.000000000000000000e+00
2.160515651210503307e+01,0.000000000000000000e+00,0.000000000000000000e+00
1.903121999582282342e+01,0.000000000000000000e+00,0.000000000000000000e+00
2.130728733236649930e+01,0.000000000000000000e+00,0.000000000000000000e+00
1.973981247006920370e+01,0.000000000000000000e+00,0.000000000000000000e+00
2.072414778032685945e+01,0.000000000000000000e+00,0.000000000000000000e+00
2.039320957343677421e+01,0.000000000000000000e+00,0.000000000000000000e+00
2.228039675256446372e+01,0.000000000000000000e+00,0.000000000000000000e+00
1.995412547414865045e+01,0.000000000000000000e+00,0.000000000000000000e+00
2.238947794442018235e+01,0.000000000000000000e+00,0.000000000000000000e+00
1.989434295362118732e+01,0.000000000000000000e+00,0.000000000000000000e+00
2.180660500823889336e+01,0.000000000000000000e+00,0.000000000000000000e+00
1.984959493250290308e+01,0.000000000000000000e+00,0.000000000000000000e+00
2.134556495798620546e+01,0.000000000000000000e+00,0.000000000000000000e+00
1.978651569682503819e+01,0.000000000000000000e+00,0.000000000000000000e+00
2.246394418848465691e+01,0.000000000000000000e+00,0.000000000000000000e+00
2.443913622408819109e+01,0.000000000000000000e+00,0.000000000000000000e+00
2.334724062432131575e+01,0.000000000000000000e+00,0.000000000000000000e+00
1.874967019745794516e+01,0.000000000000000000e+00,0.000000000000000000e+00
2.404019191308148251e+01,0.000000000000000000e+00,0.000000000000000000e+00
1.908232632304603271e+01,0.000000000000000000e+00,0.000000000000000000e+00
1.707058563554291197e+01,0.000000000000000000e+00,0.000000000000000000e+00
1.956455513566394089e+01,0.000000000000000000e+00,0.000000000000000000e+00
2.349244288008923931e+01,0.000000000000000000e+00,0.000000000000000000e+00
1.806361357019871861e+01,0.000000000000000000e+00,0.000000000000000000e+00
1.683750348803846464e+01,0.000000000000000000e+00,0.000000000000000000e+00
1.875886625495155968e+01,0.000000000000000000e+00,0.000000000000000000e+00
2.046665584214436606e+01,0.000000000000000000e+00,0.000000000000000000e+00
2.112707554637131580e+01,0.000000000000000000e+00,0.000000000000000000e+00
2.073147097954220541e+01,0.000000000000000000e+00,0.000000000000000000e+00
2.225054262575212505e+01,0.000000000000000000e+00,0.000000000000000000e+00
1.898740241363477921e+01,0.000000000000000000e+00,0.000000000000000000e+00
1.990230053104001584e+01,0.000000000000000000e+00,0.000000000000000000e+00
2.097606272663806593e+01,0.000000000000000000e+00,0.000000000000000000e+00
2.192581644504954497e+01,0.000000000000000000e+00,0.000000000000000000e+00
2.032441033788605367e+01,0.000000000000000000e+00,0.000000000000000000e+00
2.137986438108044496e+01,0.000000000000000000e+00,0.000000000000000000e+00
1.807764533117438788e+01,0.000000000000000000e+00,0.000000000000000000e+00
2.107693705560927100e+01,0.000000000000000000e+00,0.000000000000000000e+00
2.257476476274384680e+01,0.000000000000000000e+00,0.000000000000000000e+00
2.460587789275274062e+01,0.000000000000000000e+00,0.000000000000000000e+00
1.995678857253281890e+01,0.000000000000000000e+00,0.000000000000000000e+00
1.986884217397981089e+01,0.000000000000000000e+00,0.000000000000000000e+00
1.699615851019017754e+01,0.000000000000000000e+00,0.000000000000000000e+00
2.279637019057796365e+01,0.000000000000000000e+00,0.000000000000000000e+00
2.173355261536722338e+01,0.000000000000000000e+00,0.000000000000000000e+00
1.845119737821218209e+01,0.000000000000000000e+00,0.000000000000000000e+00
1.908147434170178514e+01,0.000000000000000000e+00,0.000000000000000000e+00
1.999613900394902544e+01,0.000000000000000000e+00,0.000000000000000000e+00
1.675550983131822846e+01,0.000000000000000000e+00,0.000000000000000000e+00
1.755834611980942839e+01,0.000000000000000000e+00,0.000000000000000000e+00
1.849137963040636734e+01,0.000000000000000000e+00,0.000000000000000000e+00
1.998549132118505156e+01,0.000000000000000000e+00,0.000000000000000000e+00
2.144613940768580562e+01,0.000000000000000000e+00,0.000000000000000000e+00
2.115816650089740847e+01,0.000000000000000000e+00,0.000000000000000000e+00
2.294351297230576492e+01,0.000000000000000000e+00,0.000000000000000000e+00
2.036425581146598418e+01,0.000000000000000000e+00,0.000000000000000000e+00
2.074877944955703413e+01,0.000000000000000000e+00,0.000000000000000000e+00
2.286559018392196307e+01,0.000000000000000000e+00,0.000000000000000000e+00
2.055561032207985761e+01,0.000000000000000000e+00,0.000000000000000000e+00
1.748200132650859118e+01,0.000000000000000000e+00,0.000000000000000000e+00
1.930400865939691712e+01,0.000000000000000000e+00,0.000000000000000000e+00
2.184990544341124874e+01,0.000000000000000000e+00,0.000000000000000000e+00
1.687250512894261334e+01,0.000000000000000000e+00,0.000000000000000000e+00
1.870690006023619389e+01,0.000000000000000000e+00,0.000000000000000000e+00
2.223408228151095756e+01,0.000000000000000000e+00,0.000000000000000000e+00
1.737813246885237817e+01,0.000000000000000000e+00,0.000000000000000000e+00
2.014916775618434741e+01,0.000000000000000000e+00,0.000000000000000000e+00
1.974688261478443252e+01,0.000000000000000000e+00,0.000000000000000000e+00
2.204511984177365846e+01,0.000000000000000000e+00,0.000000000000000000e+00
2.254078328614037119e+01,0.000000000000000000e+00,0.000000000000000000e+00
1.902782874494960197e+01,0.000000000000000000e+00,0.000000000000000000e+00
2.193598188374767588e+01,0.000000000000000000e+00,0.000000000000000000e+00
2.058999519431261405e+01,0.000000000000000000e+00,0.000000000000000000e+00
1.869960086543517619e+01,0.000000000000000000e+00,0.000000000000000000e+00
1.861826780981874663e+01,0.000000000000000000e+00,0.000000000000000000e+00
6.854298894556733046e+01,0.000000000000000000e+00,0.000000000000000000e+00
6.765331612198264111e+01,0.000000000000000000e+00,0.000000000000000000e+00
6.773277008294692791e+01,0.000000000000000000e+00,0.000000000000000000e+00
6.686632768585026554e+01,0.000000000000000000e+00,0.000000000000000000e+00
6.623719843819979758e+01,0.000000000000000000e+00,0.000000000000000000e+00
6.958104893658904189e+01,0.000000000000000000e+00,0.000000000000000000e+00
7.193109510299845510e+01,0.000000000000000000e+00,0.000000000000000000e+00
6.495679139615479869e+01,0.000000000000000000e+00,0.000000000000000000e+00
6.855130363851526454e+01,0.000000000000000000e+00,0.000000000000000000e+00
6.801623989441820584e+01,0.000000000000000000e+00,0.000000000000000000e+00
7.354983856993106883e+01,0.000000000000000000e+00,0.000000000000000000e+00
6.745414539223546058e+01,0.000000000000000000e+00,0.000000000000000000e+00
7.640346255655907726e+01,0.000000000000000000e+00,0.000000000000000000e+00
7.560489138550096300e+01,0.000000000000000000e+00,0.000000000000000000e+00
7.834429995711967365e+01,0.000000000000000000e+00,0.000000000000000000e+00
8.053048487068856787e+01,0.000000000000000000e+00,0.000000000000000000e+00
7.496643292298618633e+01,0.000000000000000000e+00,0.000000000000000000e+00
8.127040419229059864e+01,0.000000000000000000e+00,0.000000000000000000e+00
7.660916343448346311e+01,0.000000000000000000e+00,0.000000000000000000e+00
7.643564691945127265e+01,0.000000000000000000e+00,0.000000000000000000e+00
7.940322539175399186e+01,0.000000000000000000e+00,0.000000000000000000e+00
7.873493374527376432e+01,0.000000000000000000e+00,0.000000000000000000e+00
7.866154151969172403e+01,0.000000000000000000e+00,0.000000000000000000e+00
7.878859546947104775e+01,0.000000000000000000e+00,0.000000000000000000e+00
7.930971576477729457e+01,0.000000000000000000e+00,0.000000000000000000e+00
7.641991950007252399e+01,0.000000000000000000e+00,0.000000000000000000e+00
7.851321800652475247e+01,0.000000000000000000e+00,0.000000000000000000e+00
7.913562489444132098e+01,0.000000000000000000e+00,0.000000000000000000e+00
7.944670164014232228e+01,0.000000000000000000e+00,0.000000000000000000e+00
8.349875286837281863e+01,0.000000000000000000e+00,0.000000000000000000e+00
7.757256147757057363e+01,0.000000000000000000e+00,0.000000000000000000e+00
7.868789430923148132e+01,0.000000000000000000e+00,0.000000000000000000e+00
8.159208102450928379e+01,0.000000000000000000e+00,0.000000000000000000e+00
8.164064792472063914e+01,0.000000000000000000e+00,0.000000000000000000e+00
7.898808053357660697e+01,0.000000000000000000e+00,0.000000000000000000e+00
8.260316032243594009e+01,0.000000000000000000e+00,0.000000000000000000e+00
8.026413400907438245e+01,0.000000000000000000e+00,0.000000000000000000e+00
8.091021218845884277e+01,0.000000000000000000e+00,0.000000000000000000e+00
7.854529098321822289e+01,0.000000000000000000e+00,0.000000000000000000e+00
7.716010035653657440e+01,0.000000000000000000e+00,0.000000000000000000e+00
7.810449157703956757e+01,0.000000000000000000e+00,0.000000000000000000e+00
7.765045227113674287e+01,0.000000000000000000e+00,0.000000000000000000e+00
8.043978785326679315e+01,0.000000000000000000e+00,0.000000000000000000e+00
8.148360246050012279e+01,0.000000000000000000e+00,0.000000000000000000e+00
7.860642996521895043e+01,0.000000000000000000e+00,0.000000000000000000e+00
7.680091641522982115e+01,0.000000000000000000e+00,0.000000000000000000e+00
7.477797273326976324e+01,0.000000000000000000e+00,0.000000000000000000e+00
7.884011419760729211e+01,0.000000000000000000e+00,0.000000000000000000e+00
7.895001138097677540e+01,0.000000000000000000e+00,0.000000000000000000e+00
7.837680571482817982e+01,0.000000000000000000e+00,0.000000000000000000e+00
8.113462306160683113e+01,0.000000000000000000e+00,0.000000000000000000e+00
8.014909625146735550e+01,0.000000000000000000e+00,0.000000000000000000e+00
7.769341187103940172e+01,0.000000000000000000e+00,0.000000000000000000e+00
7.733508860557242315e+01,0.000000000000000000e+00,0.000000000000000000e+00
8.075923951313984617e+01,0.000000000000000000e+00,0.000000000000000000e+00
7.918844962635340323e+01,0.000000000000000000e+00,0.000000000000000000e+00
7.932963636561166254e+01,0.000000000000000000e+00,0.000000000000000000e+00
7.828156556522854714e+01,0.000000000000000000e+00,0.000000000000000000e+00
8.057332022107449632e+01,0.000000000000000000e+00,0.000000000000000000e+00
8.231484249957401289e+01,0.000000000000000000e+00,0.000000000000000000e+00
8.081210722244422584e+01,0.000000000000000000e+00,0.000000000000000000e+00
8.086960005929502415e+01,0.000000000000000000e+00,0.000000000000000000e+00
7.925737536725645782e+01,0.000000000000000000e+00,0.000000000000000000e+00
8.286431950992214013e+01,0.000000000000000000e+00,0.000000000000000000e+00
7.944128034274282868e+01,0.000000000000000000e+00,0.000000000000000000e+00
7.968756325501789206e+01,0.000000000000000000e+00,0.000000000000000000e+00
8.242599817728583389e+01,0.000000000000000000e+00,0.000000000000000000e+00
8.010609734837184703e+01,0.000000000000000000e+00,0.000000000000000000e+00
8.207292307155620392e+01,0.000000000000000000e+00,0.000000000000000000e+00
7.922504475795402357e+01,0.000000000000000000e+00,0.000000000000000000e+00
8.161687315073538684e+01,0.000000000000000000e+00,0.000000000000000000e+00
7.969330804870584473e+01,0.000000000000000000e+00,0.000000000000000000e+00
8.057825886691782102e+01,0.000000000000000000e+00,0.000000000000000000e+00
8.245560123934937735e+01,0.000000000000000000e+00,0.000000000000000000e+00
8.295677292077277798e+01,0.000000000000000000e+00,0.000000000000000000e+00
8.212447627051655274e+01,0.000000000000000000e+00,0.000000000000000000e+00
7.801949921167164348e+01,0.000000000000000000e+00,0.000000000000000000e+00
8.205367299695635097e+01,0.000000000000000000e+00,0.000000000000000000e+00
8.056397494848951624e+01,0.000000000000000000e+00,0.000000000000000000e+00
7.778734107513567153e+01,0.000000000000000000e+00,0.000000000000000000e+00
7.937814466160388349e+01,0.000000000000000000e+00,0.000000000000000000e+00
7.917357389329600892e+01,0.000000000000000000e+00,0.000000000000000000e+00
7.742429404537693927e+01,0.000000000000000000e+00,0.000000000000000000e+00
7.794714923122239725e+01,0.000000000000000000e+00,0.000000000000000000e+00
7.719185446717401078e+01,0.000000000000000000e+00,0.000000000000000000e+00
8.202719039645903365e+01,0.000000000000000000e+00,0.000000000000000000e+00
8.027384156095826029e+01,0.000000000000000000e+00,0.000000000000000000e+00
8.139712200537137221e+01,0.000000000000000000e+00,0.000000000000000000e+00
8.030923637881784316e+01,0.000000000000000000e+00,0.000000000000000000e+00
8.377506494769289702e+01,0.000000000000000000e+00,0.000000000000000000e+00
7.987434958800037066e+01,0.000000000000000000e+00,0.000000000000000000e+00
7.762097603103730137e+01,0.000000000000000000e+00,0.000000000000000000e+00
8.061057682075130515e+01,0.000000000000000000e+00,0.000000000000000000e+00
8.334362397352455787e+01,0.000000000000000000e+00,0.000000000000000000e+00
8.130493581353616150e+01,0.000000000000000000e+00,0.000000000000000000e+00
8.089389855301448051e+01,0.000000000000000000e+00,0.000000000000000000e+00
7.812472299727561165e+01,0.000000000000000000e+00,0.000000000000000000e+00
8.073142901969291074e+01,0.000000000000000000e+00,0.000000000000000000e+00
8.405781628185255272e+01,0.000000000000000000e+00,0.000000000000000000e+00
7.976651255918507388e+01,0.000000000000000000e+00,0.000000000000000000e+00
8.188988398071549568e+01,0.000000000000000000e+00,0.000000000000000000e+00
8.180431232170860767e+01,0.000000000000000000e+00,0.000000000000000000e+00
8.557946298412404929e+01,0.000000000000000000e+00,0.000000000000000000e+00
7.714890596227974129e+01,0.000000000000000000e+00,0.000000000000000000e+00
7.923827008482116696e+01,0.000000000000000000e+00,0.000000000000000000e+00
8.092748307214014858e+01,0.000000000000000000e+00,0.000000000000000000e+00
8.284175448148728549e+01,0.000000000000000000e+00,0.000000000000000000e+00
7.792022706115537289e+01,0.000000000000000000e+00,0.000000000000000000e+00
3.381151690875486793e+01,0.000000000000000000e+00,0.000000000000000000e+00
3.218021730118206847e+01,0.000000000000000000e+00,0.000000000000000000e+00
2.906250734376971323e+01,0.000000000000000000e+00,0.000000000000000000e+00
3.223379599957806363e+01,0.000000000000000000e+00,0.000000000000000000e+00
3.071245093178510999e+01,0.000000000000000000e+00,0.000000000000000000e+00
3.270840919704313876e+01,0.000000000000000000e+00,0.000000000000000000e+00
3.465785418363419979e+01,0.000000000000000000e+00,0.000000000000000000e+00
3.378606142253740074e+01,0.000000000000000000e+00,0.000000000000000000e+00
3.142195457635155620e+01,0.000000000000000000e+00,0.000000000000000000e+00
3.181919475440024669e+01,0.000000000000000000e+00,0.000000000000000000e+00
3.193126916798499337e+01,0.000000000000000000e+00,0.000000000000000000e+00
3.140607778707215303e+01,0.000000000000000000e+00,0.000000000000000000e+00
2.251691487333252795e+01,0.000000000000000000e+00,0.000000000000000000e+00
1.835142588495419957e+01,0.000000000000000000e+00,0.000000000000000000e+00
2.206744034497155837e+01,0.000000000000000000e+00,0.000000000000000000e+00
1.983673421631497291e+01,0.000000000000000000e+00,0.000000000000000000e+00
2.094332904993877875e+01,0.000000000000000000e+00,0.000000000000000000e+00
2.283506171963632170e+01,0.000000000000000000e+00,0.000000000000000000e+00
1.994749413691532780e+01,0.000000000000000000e+00,0.000000000000000000e+00
2.248919231167055699e+01,0.000000000000000000e+00,0.000000000000000000e+00
2.079393121363580121e+01,0.000000000000000000e+00,0.000000000000000000e+00
2.086827740123489860e+01,0.000000000000000000e+00,0.000000000000000000e+00
2.685189492221150687e+01,0.000000000000000000e+00,0.000000000000000000e+00
2.311414051417798277e+01,0.000000000000000000e+00,0.000000000000000000e+00
2.332480567172926200e+01,0.000000000000000000e+00,0.000000000000000000e+00
1.777428317767916610e+01,0.000000000000000000e+00,0.000000000000000000e+00
1.782082597910303789e+01,0.000000000000000000e+00,0.000000000000000000e+00
1.931837994410801329e+01,0.000000000000000000e+00,0.000000000000000000e+00
2.214488966204784859e+01,0.000000000000000000e+00,0.000000000000000000e+00
2.254755961494943861e+01,0.000000000000000000e+00,0.000000000000000000e+00
1.718783436368137529e+01,0.000000000000000000e+00,0.000000000000000000e+00
2.173164310657365661e+01,0.000000000000000000e+00,0.000000000000000000e+00
2.207638291787662865e+01,0.000000000000000000e+00,0.000000000000000000e+00
1.973591562692427104e+01,0.000000000000000000e+00,0.000000000000000000e+00
1.884149601379147754e+01,0.000000000000000000e+00,0.000000000000000000e+00
2.020023397705747215e+01,0.000000000000000000e+00,0.000000000000000000e+00
2.150063363964402896e+01,0.000000000000000000e+00,0.000000000000000000e+00
2.258133796996574461e+01,0.000000000000000000e+00,0.000000000000000000e+00
1.852163126340202837e+01,0.000000000000000000e+00,0.000000000000000000e+00
2.097473742674225505e+01,0.000000000000000000e+00,0.000000000000000000e+00
1.953066592031863280e+01,0.000000000000000000e+00,0.000000000000000000e+00
2.050140882090718009e+01,0.000000000000000000e+00,0.000000000000000000e+00
2.114718718374069084e+01,0.000000000000000000e+00,0.000000000000000000e+00
1.821571127985989236e+01,0.000000000000000000e+00,0.000000000000000000e+00
1.995900899106160864e+01,0.000000000000000000e+00,0.000000000000000000e+00
1.906560353444564981e+01,0.000000000000000000e+00,0.000000000000000000e+00
2.041487311297451512e+01,0.000000000000000000e+00,0.000000000000000000e+00
1.773693584018659308e+01,0.000000000000000000e+00,0.000000000000000000e+00
2.094196643756744436e+01,0.000000000000000000e+00,0.000000000000000000e+00
2.123747859274338268e+01,0.000000000000000000e+00,0.000000000000000000e+00
1.982280870952779850e+01,0.000000000000000000e+00,0.000000000000000000e+00
2.216758309332621835e+01,0.000000000000000000e+00,0.000000000000000000e+00
2.191272503194623766e+01,0.000000000000000000e+00,0.000000000000000000e+00
2.140737047968528017e+01,0.000000000000000000e+00,0.000000000000000000e+00
1.914268239329894072e+01,0.000000000000000000e+00,0.000000000000000000e+00
1.576381452467875377e+01,0.000000000000000000e+00,0.000000000000000000e+00
1.677629527041186819e+01,0.000000000000000000e+00,0.000000000000000000e+00
1.969096121383970299e+01,0.000000000000000000e+00,0.000000000000000000e+00
1.977530907791364001e+01,0.000000000000000000e+00,0.000000000000000000e+00
1.889581213090799849e+01,0.000000000000000000e+00,0.000000000000000000e+00
1.996005201244073390e+01,0.000000000000000000e+00,0.000000000000000000e+00
1.980851644618497787e+01,0.000000000000000000e+00,0.000000000000000000e+00
1.887788776756040932e+01,0.000000000000000000e+00,0.000000000000000000e+00
2.222533455430419735e+01,0.000000000000000000e+00,0.000000000000000000e+00
2.052093359589810007e+01,0.000000000000000000e+00,0.000000000000000000e+00
2.025112162538696481e+01,0.000000000000000000e+00,0.000000000000000000e+00
2.266894820871006289e+01,0.000000000000000000e+00,0.000000000000000000e+00
2.119453567175916575e+01,0.000000000000000000e+00,0.000000000000000000e+00
2.086867554270533986e+01,0.000000000000000000e+00,0.000000000000000000e+00
1.868848281142266288e+01,0.000000000000000000e+00,0.000000000000000000e+00
1.880469697580684141e+01,0.000000000000000000e+00,0.000000000000000000e+00
2.160507190313388293e+01,0.000000000000000000e+00,0.000000000000000000e+00
2.222113261914817883e+01,0.000000000000000000e+00,0.000000000000000000e+00
2.192979844809823575e+01,0.000000000000000000e+00,0.000000000000000000e+00
1.788147358213569049e+01,0.000000000000000000e+00,0.000000000000000000e+00
2.036986735126573222e+01,0.000000000000000000e+00,0.000000000000000000e+00
2.082532880422963828e+01,0.000000000000000000e+00,0.000000000000000000e+00
1.974977903321637029e+01,0.000000000000000000e+00,0.000000000000000000e+00
2.569061511925589514e+01,0.000000000000000000e+00,0.000000000000000000e+00
1.788821711731689135e+01,0.000000000000000000e+00,0.000000000000000000e+00
1.508451166690407774e+01,0.000000000000000000e+00,0.000000000000000000e+00
2.392995286244349984e+01,0.000000000000000000e+00,0.000000000000000000e+00
1.849405072332992006e+01,0.000000000000000000e+00,0.000000000000000000e+00
1.865802873459849209e+01,0.000000000000000000e+00,0.000000000000000000e+00
2.072205348369796596e+01,0.000000000000000000e+00,0.000000000000000000e+00
2.117923127223617286e+01,0.000000000000000000e+00,0.000000000000000000e+00
1.830818403259955929e+01,0.000000000000000000e+00,0.000000000000000000e+00
2.068398572422123749e+01,0.000000000000000000e+00,0.000000000000000000e+00
1.845398434033315027e+01,0.000000000000000000e+00,0.000000000000000000e+00
1.978473046485504483e+01,0.000000000000000000e+00,0.000000000000000000e+00
2.128628237473293439e+01,0.000000000000000000e+00,0.000000000000000000e+00
1.920774801442382795e+01,0.000000000000000000e+00,0.000000000000000000e+00
1.808694512491225836e+01,0.000000000000000000e+00,0.000000000000000000e+00
1.903596713429238463e+01,0.000000000000000000e+00,0.000000000000000000e+00
2.127102892133476431e+01,0.000000000000000000e+00,0.000000000000000000e+00
1.901500588098183542e+01,0.000000000000000000e+00,0.000000000000000000e+00
2.040092082204040125e+01,0.000000000000000000e+00,0.000000000000000000e+00
1.556233043010125172e+01,0.000000000000000000e+00,0.000000000000000000e+00
2.264760277467227922e+01,0.000000000000000000e+00,0.000000000000000000e+00
1.861901942450139202e+01,0.000000000000000000e+00,0.000000000000000000e+00
1.648096870063796615e+01,0.000000000000000000e+00,0.000000000000000000e+00
1.817653857329276335e+01,0.000000000000000000e+00,0.000000000000000000e+00
1.771240535034167962e+01,0.000000000000000000e+00,0.000000000000000000e+00
1.858537719627851104e+01,0.000000000000000000e+00,0.000000000000000000e+00
1.960071135597501879e+01,0.000000000000000000e+00,0.000000000000000000e+00
1.708204872353164205e+01,0.000000000000000000e+00,0.000000000000000000e+00
2.202574806068650304e+01,0.000000000000000000e+00,0.000000000000000000e+00
2.004004955610036731e+01,0.000000000000000000e+00,0.000000000000000000e+00
2.335925697635744314e+01,0.000000000000000000e+00,0.000000000000000000e+00
2.076060196382381662e+01,0.000000000000000000e+00,0.000000000000000000e+00
2.220109502537550838e+01,0.000000000000000000e+00,0.000000000000000000e+00
2.309649322639485192e+01,0.000000000000000000e+00,0.000000000000000000e+00
1.824311928246669723e+01,0.000000000000000000e+00,0.000000000000000000e+00
1.927707701050306355e+01,0.000000000000000000e+00,0.000000000000000000e+00
2.108200334547176880e+01,0.000000000000000000e+00,0.000000000000000000e+00
2.325387427090857528e+01,0.000000000000000000e+00,0.000000000000000000e+00
1.875994106756485280e+01,0.000000000000000000e+00,0.000000000000000000e+00
1.823022402142963116e+01,0.000000000000000000e+00,0.000000000000000000e+00
2.085816709624129928e+01,0.000000000000000000e+00,0.000000000000000000e+00
2.110018768904339836e+01,0.000000000000000000e+00,0.000000000000000000e+00
2.070158236951682085e+01,0.000000000000000000e+00,0.000000000000000000e+00
1.693591454476347025e+01,0.000000000000000000e+00,0.000000000000000000e+00
2.081419996496463298e+01,0.000000000000000000e+00,0.000000000000000000e+00
2.320233688794884586e+01,0.000000000000000000e+00,0.000000000000000000e+00
1.902717156102419338e+01,0.000000000000000000e+00,0.000000000000000000e+00
1.855177483395612370e+01,0.000000000000000000e+00,0.000000000000000000e+00
1.991839950107597090e+01,0.000000000000000000e+00,0.000000000000000000e+00
1.524831853383058800e+01,0.000000000000000000e+00,0.000000000000000000e+00
2.077423271785010783e+01,0.000000000000000000e+00,0.000000000000000000e+00
2.182871510517593094e+01,0.000000000000000000e+00,0.000000000000000000e+00
2.241242657736970756e+01,0.000000000000000000e+00,0.000000000000000000e+00
2.248269054103430165e+01,0.000000000000000000e+00,0.000000000000000000e+00
1.884361399389361935e+01,0.000000000000000000e+00,0.000000000000000000e+00
2.166114908281925011e+01,0.000000000000000000e+00,0.000000000000000000e+00
2.197816174875183037e+01,0.000000000000000000e+00,0.000000000000000000e+00
2.313498447486355403e+01,0.000000000000000000e+00,0.000000000000000000e+00
1.952149093051097495e+01,0.000000000000000000e+00,0.000000000000000000e+00
1.766515351830036096e+01,0.000000000000000000e+00,0.000000000000000000e+00
1.664210081576969458e+01,0.000000000000000000e+00,0.000000000000000000e+00
2.016882106922542661e+01,0.000000000000000000e+00,0.000000000000000000e+00
1.962752514657875125e+01,0.000000000000000000e+00,0.000000000000000000e+00
2.067496193913316560e+01,0.000000000000000000e+00,0.000000000000000000e+00
2.002486104427421054e+01,0.000000000000000000e+00,0.000000000000000000e+00
2.015401307497532812e+01,0.000000000000000000e+00,0.000000000000000000e+00
1.837943449905958104e+01,0.000000000000000000e+00,0.000000000000000000e+00
2.080802936569976325e+01,0.000000000000000000e+00,0.000000000000000000e+00
1.809247948945230178e+01,0.000000000000000000e+00,0.000000000000000000e+00
1.780998240963097956e+01,0.000000000000000000e+00,0.000000000000000000e+00
2.062922356841070481e+01,0.000000000000000000e+00,0.000000000000000000e+00
1.969430314412324279e+01,0.000000000000000000e+00,0.000000000000000000e+00
2.404148611721601370e+01,0.000000000000000000e+00,0.000000000000000000e+00
2.010211844222870425e+01,0.000000000000000000e+00,0.000000000000000000e+00
1.904017743983308719e+01,0.000000000000000000e+00,0.000000000000000000e+00
1.852458012686765088e+01,0.000000000000000000e+00,0.000000000000000000e+00
2.208902238574061982e+01,0.000000000000000000e+00,0.000000000000000000e+00
1.991597434180242843e+01,0.000000000000000000e+00,0.000000000000000000e+00
2.160569434689341506e+01,0.000000000000000000e+00,0.000000000000000000e+00
2.006091927664537522e+01,0.000000000000000000e+00,0.000000000000000000e+00
2.115984486557234945e+01,0.000000000000000000e+00,0.000000000000000000e+00
1.757986472129962863e+01,0.000000000000000000e+00,0.000000000000000000e+00
2.141585602860745396e+01,0.000000000000000000e+00,0.000000000000000000e+00
2.074819317398996432e+01,0.000000000000000000e+00,0.000000000000000000e+00
1.676308424873694136e+01,0.000000000000000000e+00,0.000000000000000000e+00
2.035882207961896384e+01,0.000000000000000000e+00,0.000000000000000000e+00
1.883753449688453685e+01,0.000000000000000000e+00,0.000000000000000000e+00
2.118795477030505836e+01,0.000000000000000000e+00,0.000000000000000000e+00
2.127824191210142146e+01,0.000000000000000000e+00,0.000000000000000000e+00
1.938999064655271454e+01,0.000000000000000000e+00,0.000000000000000000e+00
2.134515412156173397e+01,0.000000000000000000e+00,0.000000000000000000e+00
2.162961571135881655e+01,0.000000000000000000e+00,0.000000000000000000e+00
1.794882773984812374e+01,0.000000000000000000e+00,0.000000000000000000e+00
1.988252926260979336e+01,0.000000000000000000e+00,0.000000000000000000e+00
1.875138583625897581e+01,0.000000000000000000e+00,0.000000000000000000e+00
2.016613050227925541e+01,0.000000000000000000e+00,0.000000000000000000e+00
1.856813529648609773e+01,0.000000000000000000e+00,0.000000000000000000e+00
1.801559101686227038e+01,0.000000000000000000e+00,0.000000000000000000e+00
1.627571289383961073e+01,0.000000000000000000e+00,0.000000000000000000e+00
2.211313616186847497e+01,0.000000000000000000e+00,0.000000000000000000e+00
2.196741182229470724e+01,0.000000000000000000e+00,0.000000000000000000e+00
1.886240620131903256e+01,0.000000000000000000e+00,0.000000000000000000e+00
6.537971624387391500e+01,0.000000000000000000e+00,0.000000000000000000e+00
6.664922663296275118e+01,0.000000000000000000e+00,0.000000000000000000e+00
6.565683148464762553e+01,0.000000000000000000e+00,0.000000000000000000e+00
6.981655407154974569e+01,0.000000000000000000e+00,0.000000000000000000e+00
6.960975427853520614e+01,0.000000000000000000e+00,0.000000000000000000e+00
7.057156262547646008e+01,0.000000000000000000e+00,0.000000000000000000e+00
6.241660569813272019e+01,0.000000000000000000e+00,0.000000000000000000e+00
7.025435294651479978e+01,0.000000000000000000e+00,0.000000000000000000e+00
6.843456846560515316e+01,0.000000000000000000e+00,0.000000000000000000e+00
6.843575659676054102e+01,0.000000000000000000e+00,0.000000000000000000e+00
6.721236725022724556e+01,0.000000000000000000e+00,0.000000000000000000e+00
6.889489927876246611e+01,0.000000000000000000e+00,0.000000000000000000e+00
7.901806376717316027e+01,0.000000000000000000e+00,0.000000000000000000e+00
7.755695560679966150e+01,0.000000000000000000e+00,0.000000000000000000e+00
7.626725442252556775e+01,0.000000000000000000e+00,0.000000000000000000e+00
7.624055378905832470e+01,0.000000000000000000e+00,0.000000000000000000e+00
8.073127882665673383e+01,0.000000000000000000e+00,0.000000000000000000e+00
7.754614475190098233e+01,0.000000000000000000e+00,0.000000000000000000e+00
7.706317398198089563e+01,0.000000000000000000e+00,0.000000000000000000e+00
7.700286686944342307e+01,0.000000000000000000e+00,0.000000000000000000e+00
7.778244452165635892e+01,0.000000000000000000e+00,0.000000000000000000e+00
7.861269694419293330e+01,0.000000000000000000e+00,0.000000000000000000e+00
7.795232072445836025e+01,0.000000000000000000e+00,0.000000000000000000e+00
7.883232835181568987e+01,0.000000000000000000e+00,0.000000000000000000e+00
7.829170350257389543e+01,0.000000000000000000e+00,0.000000000000000000e+00
7.949966999106700882e+01,0.000000000000000000e+00,0.000000000000000000e+00
8.188088959466944061e+01,0.000000000000000000e+00,0.000000000000000000e+00
8.017503171950514229e+01,0.000000000000000000e+00,0.000000000000000000e+00
7.977595930848609385e+01,0.000000000000000000e+00,0.000000000000000000e+00
7.725125552951877239e+01,0.000000000000000000e+00,0.000000000000000000e+00
8.120344515233641403e+01,0.000000000000000000e+00,0.000000000000000000e+00
8.192095907572354463e+01,0.000000000000000000e+00,0.000000000000000000e+00
8.283535098970342858e+01,0.000000000000000000e+00,0.000000000000000000e+00
8.166147022841283842e+01,0.000000000000000000e+00,0.000000000000000000e+00
8.285111042775426426e+01,0.000000000000000000e+00,0.000000000000000000e+00
7.833413644834406853e+01,0.000000000000000000e+00,0.000000000000000000e+00
8.116906456220135624e+01,0.000000000000000000e+00,0.000000000000000000e+00
8.126376846107608287e+01,0.000000000000000000e+00,0.000000000000000000e+00
8.092116728405559911e+01,0.000000000000000000e+00,0.000000000000000000e+00
7.942365553798357780e+01,0.000000000000000000e+00,0.000000000000000000e+00
7.908212778048712721e+01,0.000000000000000000e+00,0.000000000000000000e+00
8.248096002026154849e+01,0.000000000000000000e+00,0.000000000000000000e+00
7.937806977173032408e+01,0.000000000000000000e+00,0.000000000000000000e+00
8.137934387836349970e+01,0.000000000000000000e+00,0.000000000000000000e+00
7.894788997184549828e+01,0.000000000000000000e+00,0.000000000000000000e+00
7.809723755232400322e+01,0.000000000000000000e+00,0.000000000000000000e+00
7.802519269981100081e+01,0.000000000000000000e+00,0.000000000000000000e+00
8.267669145782035400e+01,0.000000000000000000e+00,0.000000000000000000e+00
8.038902406140233836e+01,0.000000000000000000e+00,0.000000000000000000e+00
7.869612342105909875e+01,0.000000000000000000e+00,0.000000000000000000e+00
8.405020183865798344e+01,0.000000000000000000e+00,0.000000000000000000e+00
7.767337374155697205e+01,0.000000000000000000e+00,0.000000000000000000e+00
7.911245136222673580e+01,0.000000000000000000e+00,0.000000000000000000e+00
8.036245755800452173e+01,0.000000000000000000e+00,0.000000000000000000e+00
8.057724369226664862e+01,0.000000000000000000e+00,0.000000000000000000e+00
8.133879663626829881e+01,0.000000000000000000e+00,0.000000000000000000e+00
8.097808471317884482e+01,0.000000000000000000e+00,0.000000000000000000e+00
8.334399046124077870e+01,0.000000000000000000e+00,0.000000000000000000e+00
8.085078083366772717e+01,0.000000000000000000e+00,0.000000000000000000e+00
7.663706662890058396e+01,0.000000000000000000e+00,0.000000000000000000e+00
8.091938959735755077e+01,0.000000000000000000e+00,0.000000000000000000e+00
7.775411694442068722e+01,0.000000000000000000e+00,0.000000000000000000e+00
7.703178278140633495e+01,0.000000000000000000e+00,0.000000000000000000e+00
7.737982226877410596e+01,0.000000000000000000e+00,0.000000000000000000e+00
7.711054533737326722e+01,0.000000000000000000e+00,0.000000000000000000e+00
8.141044391085679877e+01,0.000000000000000000e+00,0.000000000000000000e+00
7.643061988258023121e+01,0.000000000000000000e+00,0.000000000000000000e+00
7.934243886635664467e+01,0.000000000000000000e+00,0.000000000000000000e+00
7.784323834034982781e+01,0.000000000000000000e+00,0.000000000000000000e+00
8.283597123448519994e+01,0.000000000000000000e+00,0.000000000000000000e+00
8.048997137187352280e+01,0.000000000000000000e+00,0.000000000000000000e+00
7.978682264344105590e+01,0.000000000000000000e+00,0.000000000000000000e+00
7.741218508483643745e+01,0.000000000000000000e+00,0.000000000000000000e+00
8.195944246630877217e+01,0.000000000000000000e+00,0.000000000000000000e+00
7.700200931329506204e+01,0.000000000000000000e+00,0.000000000000000000e+00
7.960412728165371732e+01,0.000000000000000000e+00,0.000000000000000000e+00
7.648759252092044392e+01,0.000000000000000000e+00,0.000000000000000000e+00
8.288531497634014045e+01,0.000000000000000000e+00,0.000000000000000000e+00
7.988765712058780366e+01,0.000000000000000000e+00,0.000000000000000000e+00
7.772412458088069798e+01,0.000000000000000000e+00,0.000000000000000000e+00
7.876324618350302842e+01,0.000000000000000000e+00,0.000000000000000000e+00
8.318557268190059517e+01,0.000000000000000000e+00,0.000000000000000000e+00
8.037462073314183897e+01,0.000000000000000000e+00,0.000000000000000000e+00
7.896301765483315194e+01,0.000000000000000000e+00,0.000000000000000000e+00
7.950167993250902043e+01,0.000000000000000000e+00,0.000000000000000000e+00
7.807226995528374403e+01,0.000000000000000000e+00,0.000000000000000000e+00
8.272602948209639351e+01,0.000000000000000000e+00,0.000000000000000000e+00
8.070192461404771223e+01,0.000000000000000000e+00,0.000000000000000000e+00
8.136772841026542835e+01,0.000000000000000000e+00,0.000000000000000000e+00
8.104896169343739132e+01,0.000000000000000000e+00,0.000000000000000000e+00
8.451476196352528802e+01,0.000000000000000000e+00,0.000000000000000000e+00
7.837701632568092691e+01,0.000000000000000000e+00,0.000000000000000000e+00
7.910835907880971263e+01,0.000000000000000000e+00,0.000000000000000000e+00
8.108304056980354346e+01,0.000000000000000000e+00,0.000000000000000000e+00
7.927339015147003920e+01,0.000000000000000000e+00,0.000000000000000000e+00
8.301054804564299161e+01,0.000000000000000000e+00,0.000000000000000000e+00
7.835395621021169177e+01,0.000000000000000000e+00,0.000000000000000000e+00
7.995002497045844336e+01,0.000000000000000000e+00,0.000000000000000000e+00
8.059358649245399420e+01,0.000000000000000000e+00,0.000000000000000000e+00
7.893327821288279722e+01,0.000000000000000000e+00,0.000000000000000000e+00
7.578323609343688361e+01,0.000000000000000000e+00,0.000000000000000000e+00
7.711990059532129749e+01,0.000000000000000000e+00,0.000000000000000000e+00
8.073415423891808018e+01,0.000000000000000000e+00,0.000000000000000000e+00
8.065123124650990860e+01,0.000000000000000000e+00,0.000000000000000000e+00
7.976206080711143898e+01,0.000000000000000000e+00,0.000000000000000000e+00
7.704659729793519318e+01,0.000000000000000000e+00,0.000000000000000000e+00
8.308430776665866802e+01,0.000000000000000000e+00,0.000000000000000000e+00
8.188258709722417450e+01,0.000000000000000000e+00,0.000000000000000000e+00
3.254791841360312787e+01,0.000000000000000000e+00,0.000000000000000000e+00
3.273906687048710751e+01,0.000000000000000000e+00,0.000000000000000000e+00
3.315582606950611222e+01,0.000000000000000000e+00,0.000000000000000000e+00
3.298092128168263315e+01,0.000000000000000000e+00,0.000000000000000000e+00
3.461945149788813580e+01,0.000000000000000000e+00,0.000000000000000000e+00
3.451649640229498317e+01,0.000000000000000000e+00,0.000000000000000000e+00
3.068592696212906645e+01,0.000000000000000000e+00,0.000000000000000000e+00
3.226729568865674480e+01,0.000000000000000000e+00,0.000000000000000000e+00
3.355393853786427627e+01,0.000000000000000000e+00,0.000000000000000000e+00
3.195092810877314093e+01,0.000000000000000000e+00,0.000000000000000000e+00
3.257236013944920927e+01,0.000000000000000000e+00,0.000000000000000000e+00
3.028390464658354730e+01,0.000000000000000000e+00,0.000000000000000000e+00
2.328721260170386032e+01,0.000000000000000000e+00,0.000000000000000000e+00
2.377986626905186895e+01,0.000000000000000000e+00,0.000000000000000000e+00
2.064209624690150235e+01,0.000000000000000000e+00,0.000000000000000000e+00
2.382599664495231551e+01,0.000000000000000000e+00,0.000000000000000000e+00
2.216435856115629477e+01,0.000000000000000000e+00,0.000000000000000000e+00
2.069735168390602809e+01,0.000000000000000000e+00,0.000000000000000000e+00
2.116024833843447439e+01,0.000000000000000000e+00,0.000000000000000000e+00
1.851785187450361647e+01,0.000000000000000000e+00,0.000000000000000000e+00
2.179270579118633222e+01,0.000000000000000000e+00,0.000000000000000000e+00
2.131929799277984827e+01,0.000000000000000000e+00,0.000000000000000000e+00
2.148906426707348771e+01,0.000000000000000000e+00,0.000000000000000000e+00
2.246327353798626447e+01,0.000000000000000000e+00,0.000000000000000000e+00
2.136249574790681649e+01,0.000000000000000000e+00,0.000000000000000000e+00
2.314374411289344025e+01,0.000000000000000000e+00,0.000000000000000000e+00
2.001126763151895815e+01,0.000000000000000000e+00,0.000000000000000000e+00
2.231575047973664283e+01,0.000000000000000000e+00,0.000000000000000000e+00
1.912778229439068411e+01,0.000000000000000000e+00,0.000000000000000000e+00
2.078596852504078640e+01,0.000000000000000000e+00,0.000000000000000000e+00
2.151990171521504180e+01,0.000000000000000000e+00,0.000000000000000000e+00
1.680702387542780230e+01,0.000000000000000000e+00,0.000000000000000000e+00
2.247419196197635927e+01,0.000000000000000000e+00,0.000000000000000000e+00
1.591432782823388159e+01,0.000000000000000000e+00,0.000000000000000000e+00
1.776046533174857345e+01,0.000000000000000000e+00,0.000000000000000000e+00
1.967485387273135089e+01,0.000000000000000000e+00,0.000000000000000000e+00
1.984444735307732444e+01,0.000000000000000000e+00,0.000000000000000000e+00
2.180372001827306150e+01,0.000000000000000000e+00,0.000000000000000000e+00
1.854381904457256169e+01,0.000000000000000000e+00,0.000000000000000000e+00
2.160363643138707701e+01,0.000000000000000000e+00,0.000000000000000000e+00
1.968922581366420843e+01,0.000000000000000000e+00,0.000000000000000000e+00
1.708093152222023292e+01,0.000000000000000000e+00,0.000000000000000000e+00
2.008438643374135779e+01,0.000000000000000000e+00,0.000000000000000000e+00
1.957678303201279846e+01,0.000000000000000000e+00,0.000000000000000000e+00
2.241166526412121840e+01,0.000000000000000000e+00,0.000000000000000000e+00
2.709497777851332501e+01,0.000000000000000000e+00,0.000000000000000000e+00
1.908651898711603323e+01,0.000000000000000000e+00,0.000000000000000000e+00
2.163119335970295865e+01,0.000000000000000000e+00,0.000000000000000000e+00
2.037433460062206336e+01,0.000000000000000000e+00,0.000000000000000000e+00
2.335808806154025774e+01,0.000000000000000000e+00,0.000000000000000000e+00
2.041548935567932332e+01,0.000000000000000000e+00,0.000000000000000000e+00
2.119828321136243687e+01,0.000000000000000000e+00,0.000000000000000000e+00
1.970740832559620159e+01,0.000000000000000000e+00,0.000000000000000000e+00
2.061832612140276311e+01,0.000000000000000000e+00,0.000000000000000000e+00
1.940401474960070871e+01,0.000000000000000000e+00,0.000000000000000000e+00
2.116399270265292643e+01,0.000000000000000000e+00,0.000000000000000000e+00
2.101320080420314795e+01,0.000000000000000000e+00,0.000000000000000000e+00
1.945462555540436256e+01,0.000000000000000000e+00,0.000000000000000000e+00
2.239408115890193329e+01,0.000000000000000000e+00,0.000000000000000000e+00
2.001329442780237855e+01,0.000000000000000000e+00,0.000000000000000000e+00
2.236374167632029142e+01,0.000000000000000000e+00,0.000000000000000000e+00
2.017156666998468850e+01,0.000000000000000000e+00,0.000000000000000000e+00
1.832729771646966554e+01,0.000000000000000000e+00,0.000000000000000000e+00
1.996815908779661086e+01,0.000000000000000000e+00,0.000000000000000000e+00
1.767150827522096179e+01,0.000000000000000000e+00,0.000000000000000000e+00
2.074161526022806967e+01,0.000000000000000000e+00,0.000000000000000000e+00
1.933972786842571878e+01,0.000000000000000000e+00,0.000000000000000000e+00
2.183034984523679611e+01,0.000000000000000000e+00,0.000000000000000000e+00
2.330357902374947443e+01,0.000000000000000000e+00,0.000000000000000000e+00
1.635163493798146206e+01,0.000000000000000000e+00,0.000000000000000000e+00
1.730607407782604668e+01,0.000000000000000000e+00,0.000000000000000000e+00
1.712132316501655538e+01,0.000000000000000000e+00,0.000000000000000000e+00
1.910359193591483162e+01,0.000000000000000000e+00,0.000000000000000000e+00
1.781952698211524577e+01,0.000000000000000000e+00,0.000000000000000000e+00
1.964057887874126607e+01,0.000000000000000000e+00,0.000000000000000000e+00
2.075985027876104283e+01,0.000000000000000000e+00,0.000000000000000000e+00
2.256652057998481808e+01,0.000000000000000000e+00,0.000000000000000000e+00
1.803055198376530299e+01,0.000000000000000000e+00,0.000000000000000000e+00
1.738090738483154496e+01,0.000000000000000000e+00,0.000000000000000000e+00
2.084266481865527254e+01,0.000000000000000000e+00,0.000000000000000000e+00
2.118965862839462488e+01,0.000000000000000000e+00,0.000000000000000000e+00
2.214472323160465805e+01,0.000000000000000000e+00,0.000000000000000000e+00
2.385732932026697029e+01,0.000000000000000000e+00,0.000000000000000000e+00
2.123629537098988962e+01,0.000000000000000000e+00,0.000000000000000000e+00
1.727087311522969060e+01,0.000000000000000000e+00,0.000000000000000000e+00
2.173280279288395533e+01,0.000000000000000000e+00,0.000000000000000000e+00
1.751277725738587776e+01,0.000000000000000000e+00,0.000000000000000000e+00
2.107118971315301081e+01,0.000000000000000000e+00,0.000000000000000000e+00
1.844516186622791665e+01,0.000000000000000000e+00,0.000000000000000000e+00
1.985330975815597654e+01,0.000000000000000000e+00,0.000000000000000000e+00
2.444706677151430441e+01,0.000000000000000000e+00,0.000000000000000000e+00
1.869981372698341460e+01,0.000000000000000000e+00,0.000000000000000000e+00
1.665599532023333396e+01,0.000000000000000000e+00,0.000000000000000000e+00
2.012772787544997044e+01,0.000000000000000000e+00,0.000000000000000000e+00
1.886470228660449067e+01,0.000000000000000000e+00,0.000000000000000000e+00
1.780130104042693162e+01,0.000000000000000000e+00,0.000000000000000000e+00
1.712673393273561118e+01,0.000000000000000000e+00,0.000000000000000000e+00
1.910679036089244320e+01,0.000000000000000000e+00,0.000000000000000000e+00
2.048951308382575220e+01,0.000000000000000000e+00,0.000000000000000000e+00
2.155204293358319489e+01,0.000000000000000000e+00,0.000000000000000000e+00
1.962145231183995975e+01,0.000000000000000000e+00,0.000000000000000000e+00
2.346873844085778416e+01,0.000000000000000000e+00,0.000000000000000000e+00
2.053821438258650645e+01,0.000000000000000000e+00,0.000000000000000000e+00
1.841333024039714417e+01,0.000000000000000000e+00,0.000000000000000000e+00
2.152378800589308838e+01,0.000000000000000000e+00,0.000000000000000000e+00
2.051692147720385151e+01,0.000000000000000000e+00,0.000000000000000000e+00
1.931366524888766278e+01,0.000000000000000000e+00,0.000000000000000000e+00
2.069942277937268571e+01,0.000000000000000000e+00,0.000000000000000000e+00
1.849249227829073305e+01,0.000000000000000000e+00,0.000000000000000000e+00
2.108634870576947407e+01,0.000000000000000000e+00,0.000000000000000000e+00
1.588644239255615354e+01,0.000000000000000000e+00,0.000000000000000000e+00
2.499821857656532131e+01,0.000000000000000000e+00,0.000000000000000000e+00
2.011360006189723038e+01,0.000000000000000000e+00,0.000000000000000000e+00
2.460267613696884581e+01,0.000000000000000000e+00,0.000000000000000000e+00
1.957809521786714768e+01,0.000000000000000000e+00,0.000000000000000000e+00
2.252897758114272264e+01,0.000000000000000000e+00,0.000000000000000000e+00
2.195360372556228867e+01,0.000000000000000000e+00,0.000000000000000000e+00
1.881063068256102255e+01,0.000000000000000000e+00,0.000000000000000000e+00
2.009620389612548053e+01,0.000000000000000000e+00,0.000000000000000000e+00
2.059946351018111699e+01,0.000000000000000000e+00,0.000000000000000000e+00
1.965698614814681733e+01,0.000000000000000000e+00,0.000000000000000000e+00
2.396590880914747856e+01,0.000000000000000000e+00,0.000000000000000000e+00
1.491519398705070287e+01,0.000000000000000000e+00,0.000000000000000000e+00
1.900271693641686710e+01,0.000000000000000000e+00,0.000000000000000000e+00
2.270587674815961421e+01,0.000000000000000000e+00,0.000000000000000000e+00
1.746547628477640046e+01,0.000000000000000000e+00,0.000000000000000000e+00
2.023759217551865675e+01,0.000000000000000000e+00,0.000000000000000000e+00
1.749648370930662367e+01,0.000000000000000000e+00,0.000000000000000000e+00
1.919489722904316054e+01,0.000000000000000000e+00,0.000000000000000000e+00
1.820609161280575350e+01,0.000000000000000000e+00,0.000000000000000000e+00
2.125535388586309438e+01,0.000000000000000000e+00,0.000000000000000000e+00
2.235770152358167806e+01,0.000000000000000000e+00,0.000000000000000000e+00
2.006202846922366589e+01,0.000000000000000000e+00,0.000000000000000000e+00
2.044544524224091475e+01,0.000000000000000000e+00,0.000000000000000000e+00
1.760249120032004555e+01,0.000000000000000000e+00,0.000000000000000000e+00
1.968351083301006099e+01,0.000000000000000000e+00,0.000000000000000000e+00
1.714386797639382110e+01,0.000000000000000000e+00,0.000000000000000000e+00
2.038743022100280555e+01,0.000000000000000000e+00,0.000000000000000000e+00
1.793282442624066064e+01,0.000000000000000000e+00,0.000000000000000000e+00
1.944457212354531706e+01,0.000000000000000000e+00,0.000000000000000000e+00
1.839942893316204220e+01,0.000000000000000000e+00,0.000000000000000000e+00
1.570559536253133714e+01,0.000000000000000000e+00,0.000000000000000000e+00
1.933290636343873103e+01,0.000000000000000000e+00,0.000000000000000000e+00
2.148734933282833737e+01,0.000000000000000000e+00,0.000000000000000000e+00
2.284367549523310359e+01,0.000000000000000000e+00,0.000000000000000000e+00
2.104015917549947190e+01,0.000000000000000000e+00,0.000000000000000000e+00
2.317066572180802098e+01,0.000000000000000000e+00,0.000000000000000000e+00
1.895202987651061477e+01,0.000000000000000000e+00,0.000000000000000000e+00
1.883755335566313960e+01,0.000000000000000000e+00,0.000000000000000000e+00
1.622855532205350571e+01,0.000000000000000000e+00,0.000000000000000000e+00
2.027350761095646448e+01,0.000000000000000000e+00,0.000000000000000000e+00
1.972271831673184295e+01,0.000000000000000000e+00,0.000000000000000000e+00
1.893929160690028368e+01,0.000000000000000000e+00,0.000000000000000000e+00
1.926169972087077653e+01,0.000000000000000000e+00,0.000000000000000000e+00
1.965621210939062991e+01,0.000000000000000000e+00,0.000000000000000000e+00
1.886930709682926732e+01,0.000000000000000000e+00,0.000000000000000000e+00
1.903117463153111544e+01,0.000000000000000000e+00,0.000000000000000000e+00
2.117726414282610747e+01,0.000000000000000000e+00,0.000000000000000000e+00
2.163010918426716245e+01,0.000000000000000000e+00,0.000000000000000000e+00
2.143070308886874287e+01,0.000000000000000000e+00,0.000000000000000000e+00
1.821360282078508064e+01,0.000000000000000000e+00,0.000000000000000000e+00
2.270278845567460735e+01,0.000000000000000000e+00,0.000000000000000000e+00
1.965705811814410353e+01,0.000000000000000000e+00,0.000000000000000000e+00
2.054722766529435773e+01,0.000000000000000000e+00,0.000000000000000000e+00
2.053888968796557180e+01,0.000000000000000000e+00,0.000000000000000000e+00
1.997739405657442902e+01,0.000000000000000000e+00,0.000000000000000000e+00
2.045324152029380826e+01,0.000000000000000000e+00,0.000000000000000000e+00
1.950115932621621084e+01,0.000000000000000000e+00,0.000000000000000000e+00
2.140695532934869760e+01,0.000000000000000000e+00,0.000000000000000000e+00
2.185714590362623966e+01,0.000000000000000000e+00,0.000000000000000000e+00
1.842923427058998698e+01,0.000000000000000000e+00,0.000000000000000000e+00
2.409481770312543603e+01,0.000000000000000000e+00,0.000000000000000000e+00
1.558843320525047460e+01,0.000000000000000000e+00,0.000000000000000000e+00
2.192606629668373586e+01,0.000000000000000000e+00,0.000000000000000000e+00
2.097473326072604038e+01,0.000000000000000000e+00,0.000000000000000000e+00
2.106990858846319981e+01,0.000000000000000000e+00,0.000000000000000000e+00
2.168840238513264751e+01,0.000000000000000000e+00,0.000000000000000000e+00
2.147791284009002055e+01,0.000000000000000000e+00,0.000000000000000000e+00
1.632193251966008063e+01,0.000000000000000000e+00,0.000000000000000000e+00
1.877509212352300594e+01,0.000000000000000000e+00,0.000000000000000000e+00
6.898282254589403806e+01,0.000000000000000000e+00,0.000000000000000000e+00
6.784472554368200292e+01,0.000000000000000000e+00,0.000000000000000000e+00
6.772547577290018239e+01,0.000000000000000000e+00,0.000000000000000000e+00
6.912261681244136469e+01,0.000000000000000000e+00,0.000000000000000000e+00
6.790095647612818652e+01,0.000000000000000000e+00,0.000000000000000000e+00
6.731788883624143693e+01,0.000000000000000000e+00,0.000000000000000000e+00
6.648303044143372631e+01,0.000000000000000000e+00,0.000000000000000000e+00
6.737134984948755800e+01,0.000000000000000000e+00,0.000000000000000000e+00
6.973105505687291839e+01,0.000000000000000000e+00,0.000000000000000000e+00
6.864175689489613319e+01,0.000000000000000000e+00,0.000000000000000000e+00
6.497824865046409570e+01,0.000000000000000000e+00,0.000000000000000000e+00
6.191979823155162421e+01,0.000000000000000000e+00,0.000000000000000000e+00
7.470468311772586389e+01,0.000000000000000000e+00,0.000000000000000000e+00
7.731794052372332260e+01,0.000000000000000000e+00,0.000000000000000000e+00
7.761292406796312093e+01,0.000000000000000000e+00,0.000000000000000000e+00
7.778149401776718719e+01,0.000000000000000000e+00,0.000000000000000000e+00
7.672268332189568696e+01,0.000000000000000000e+00,0.000000000000000000e+00
7.723146191762509716e+01,0.000000000000000000e+00,0.000000000000000000e+00
7.952866643709860739e+01,0.000000000000000000e+00,0.000000000000000000e+00
7.750209458245404903e+01,0.000000000000000000e+00,0.000000000000000000e+00
7.567471015483653218e+01,0.000000000000000000e+00,0.000000000000000000e+00
7.816388990478372989e+01,0.000000000000000000e+00,0.000000000000000000e+00
7.860517348440697560e+01,0.000000000000000000e+00,0.000000000000000000e+00
7.991887950912504834e+01,0.000000000000000000e+00,0.000000000000000000e+00
7.908815924101388362e+01,0.000000000000000000e+00,0.000000000000000000e+00
7.913644811006834345e+01,0.000000000000000000e+00,0.000000000000000000e+00
7.559325497155417395e+01,0.000000000000000000e+00,0.000000000000000000e+00
8.204229618034351290e+01,0.000000000000000000e+00,0.000000000000000000e+00
7.944289404206307381e+01,0.000000000000000000e+00,0.000000000000000000e+00
7.948743173711807231e+01,0.000000000000000000e+00,0.000000000000000000e+00
8.051297949047111047e+01,0.000000000000000000e+00,0.000000000000000000e+00
8.006137275681831511e+01,0.000000000000000000e+00,0.000000000000000000e+00
7.904146447783330132e+01,0.000000000000000000e+00,0.000000000000000000e+00
7.871308520696589994e+01,0.000000000000000000e+00,0.000000000000000000e+00
7.995268213709340444e+01,0.000000000000000000e+00,0.000000000000000000e+00
7.699258306845695188e+01,0.000000000000000000e+00,0.000000000000000000e+00
8.170881860314894141e+01,0.000000000000000000e+00,0.000000000000000000e+00
7.867712684765577080e+01,0.000000000000000000e+00,0.000000000000000000e+00
7.723098355285128491e+01,0.000000000000000000e+00,0.000000000000000000e+00
7.922215116578989580e+01,0.000000000000000000e+00,0.000000000000000000e+00
8.129727647147575453e+01,0.000000000000000000e+00,0.000000000000000000e+00
7.785696408543775249e+01,0.000000000000000000e+00,0.000000000000000000e+00
8.108631516187124078e+01,0.000000000000000000e+00,0.000000000000000000e+00
7.726399477032830987e+01,0.000000000000000000e+00,0.000000000000000000e+00
7.623477629542203715e+01,0.000000000000000000e+00,0.000000000000000000e+00
7.957481501069878504e+01,0.000000000000000000e+00,0.000000000000000000e+00
7.973253295906737037e+01,0.000000000000000000e+00,0.000000000000000000e+00
7.689503794339256615e+01,0.000000000000000000e+00,0.000000000000000000e+00
7.947001433581282015e+01,0.000000000000000000e+00,0.000000000000000000e+00
8.263372915866050050e+01,0.000000000000000000e+00,0.000000000000000000e+00
8.018863938924981483e+01,0.000000000000000000e+00,0.000000000000000000e+00
8.250217258988031688e+01,0.000000000000000000e+00,0.000000000000000000e+00
7.843839897578743603e+01,0.000000000000000000e+00,0.000000000000000000e+00
7.846139175219065010e+01,0.000000000000000000e+00,0.000000000000000000e+00
8.023712625365897111e+01,0.000000000000000000e+00,0.000000000000000000e+00
8.214622095881207997e+01,0.000000000000000000e+00,0.000000000000000000e+00
7.928923787163367365e+01,0.000000000000000000e+00,0.000000000000000000e+00
8.492251095040840880e+01,0.000000000000000000e+00,0.000000000000000000e+00
8.017723621084476804e+01,0.000000000000000000e+00,0.000000000000000000e+00
8.284904498606697132e+01,0.000000000000000000e+00,0.000000000000000000e+00
8.235903972612314305e+01,0.000000000000000000e+00,0.000000000000000000e+00
7.882521987336969005e+01,0.000000000000000000e+00,0.000000000000000000e+00
7.895859452692049274e+01,0.000000000000000000e+00,0.000000000000000000e+00
7.733217319544658608e+01,0.000000000000000000e+00,0.000000000000000000e+00
7.733833172941452005e+01,0.000000000000000000e+00,0.000000000000000000e+00
7.755006475083915518e+01,0.000000000000000000e+00,0.000000000000000000e+00
8.312984958207677266e+01,0.000000000000000000e+00,0.000000000000000000e+00
7.800275228749973166e+01,0.000000000000000000e+00,0.000000000000000000e+00
7.981957914102194707e+01,0.000000000000000000e+00,0.000000000000000000e+00
8.137644909328251686e+01,0.000000000000000000e+00,0.000000000000000000e+00
7.923732594577305122e+01,0.000000000000000000e+00,0.000000000000000000e+00
8.019443972235990259e+01,0.000000000000000000e+00,0.000000000000000000e+00
7.873804498684721409e+01,0.000000000000000000e+00,0.000000000000000000e+00
8.269635011946385816e+01,0.000000000000000000e+00,0.000000000000000000e+00
8.044575747725535564e+01,0.000000000000000000e+00,0.000000000000000000e+00
8.069790346737813991e+01,0.000000000000000000e+00,0.000000000000000000e+00
8.238553209210596151e+01,0.000000000000000000e+00,0.000000000000000000e+00
8.309084631114063768e+01,0.000000000000000000e+00,0.000000000000000000e+00
7.421765597708414930e+01,0.000000000000000000e+00,0.000000000000000000e+00
8.127120716888732943e+01,0.000000000000000000e+00,0.000000000000000000e+00
7.858401985920399113e+01,0.000000000000000000e+00,0.000000000000000000e+00
8.198813159476070211e+01,0.000000000000000000e+00,0.000000000000000000e+00
8.045588273144215918e+01,0.000000000000000000e+00,0.000000000000000000e+00
7.836086029625271010e+01,0.000000000000000000e+00,0.000000000000000000e+00
7.990534241679890215e+01,0.000000000000000000e+00,0.000000000000000000e+00
7.914902054863637204e+01,0.000000000000000000e+00,0.000000000000000000e+00
7.800366103377356808e+01,0.000000000000000000e+00,0.000000000000000000e+00
8.011637463343285503e+01,0.000000000000000000e+00,0.000000000000000000e+00
8.321859689836362861e+01,0.000000000000000000e+00,0.000000000000000000e+00
8.116468812375293851e+01,0.000000000000000000e+00,0.000000000000000000e+00
8.154501636003129761e+01,0.000000000000000000e+00,0.000000000000000000e+00
8.085510145087322087e+01,0.000000000000000000e+00,0.000000000000000000e+00
7.641034628282015717e+01,0.000000000000000000e+00,0.000000000000000000e+00
7.592273979897743175e+01,0.000000000000000000e+00,0.000000000000000000e+00
7.646628914212330130e+01,0.000000000000000000e+00,0.000000000000000000e+00
8.172386262991599892e+01,0.000000000000000000e+00,0.000000000000000000e+00
8.064582744272678383e+01,0.000000000000000000e+00,0.000000000000000000e+00
8.060435057012922755e+01,0.000000000000000000e+00,0.000000000000000000e+00
7.990657999206550244e+01,0.000000000000000000e+00,0.000000000000000000e+00
8.013044900108509694e+01,0.000000000000000000e+00,0.000000000000000000e+00
8.250884118784757959e+01,0.000000000000000000e+00,0.000000000000000000e+00
8.020152561314098705e+01,0.000000000000000000e+00,0.000000000000000000e+00
7.737239904904171794e+01,0.000000000000000000e+00,0.000000000000000000e+00
8.100475072330834792e+01,0.000000000000000000e+00,0.000000000000000000e+00
8.127913961052479408e+01,0.000000000000000000e+00,0.000000000000000000e+00
8.042536089311938952e+01,0.000000000000000000e+00,0.000000000000000000e+00
8.120514861631488657e+01,0.000000000000000000e+00,0.000000000000000000e+00
8.017467577339755280e+01,0.000000000000000000e+00,0.000000000000000000e+00
2.977151726432471079e+01,0.000000000000000000e+00,0.000000000000000000e+00
3.348013106539037409e+01,0.000000000000000000e+00,0.000000000000000000e+00
3.171456499701586296e+01,0.000000000000000000e+00,0.000000000000000000e+00
3.008086725560299968e+01,0.000000000000000000e+00,0.000000000000000000e+00
3.620798350804341936e+01,0.000000000000000000e+00,0.000000000000000000e+00
2.667212514666784173e+01,0.000000000000000000e+00,0.000000000000000000e+00
3.035322726906280622e+01,0.000000000000000000e+00,0.000000000000000000e+00
3.563604265558017659e+01,0.000000000000000000e+00,0.000000000000000000e+00
3.432465491955329639e+01,0.000000000000000000e+00,0.000000000000000000e+00
3.507575147380904923e+01,0.000000000000000000e+00,0.000000000000000000e+00
3.627444255160609998e+01,0.000000000000000000e+00,0.000000000000000000e+00
3.220964927458178551e+01,0.000000000000000000e+00,0.000000000000000000e+00
2.278126273894904941e+01,0.000000000000000000e+00,0.000000000000000000e+00
2.508726828215689153e+01,0.000000000000000000e+00,0.000000000000000000e+00
2.304065766162709039e+01,0.000000000000000000e+00,0.000000000000000000e+00
2.120653010080655676e+01,0.000000000000000000e+00,0.000000000000000000e+00
2.178271734419001859e+01,0.000000000000000000e+00,0.000000000000000000e+00
1.931538245613617732e+01,0.000000000000000000e+00,0.000000000000000000e+00
2.342440816582053031e+01,0.000000000000000000e+00,0.000000000000000000e+00
2.105712794538628430e+01,0.000000000000000000e+00,0.000000000000000000e+00
2.211487808908605501e+01,0.000000000000000000e+00,0.000000000000000000e+00
2.261752321007052657e+01,0.000000000000000000e+00,0.000000000000000000e+00
2.201236231335310478e+01,0.000000000000000000e+00,0.000000000000000000e+00
2.085372465543805376e+01,0.000000000000000000e+00,0.000000000000000000e+00
1.932573564514204278e+01,0.000000000000000000e+00,0.000000000000000000e+00
1.888208935898304475e+01,0.000000000000000000e+00,0.000000000000000000e+00
2.275053062427334538e+01,0.000000000000000000e+00,0.000000000000000000e+00
2.339327293431220767e+01,0.000000000000000000e+00,0.000000000000000000e+00
2.076080141724255412e+01,0.000000000000000000e+00,0.000000000000000000e+00
2.161120884116569130e+01,0.000000000000000000e+00,0.000000000000000000e+00
2.056057548090121756e+01,0.000000000000000000e+00,0.000000000000000000e+00
2.045286155732208400e+01,0.000000000000000000e+00,0.000000000000000000e+00
1.797090158483607780e+01,0.000000000000000000e+00,0.000000000000000000e+00
2.229363245087634127e+01,0.000000000000000000e+00,0.000000000000000000e+00
2.040133907363357935e+01,0.000000000000000000e+00,0.000000000000000000e+00
2.075655610607967461e+01,0.000000000000000000e+00,0.000000000000000000e+00
2.068853563673195239e+01,0.000000000000000000e+00,0.000000000000000000e+00
2.003113110088289162e+01,0.000000000000000000e+00,0.000000000000000000e+00
2.226083887717680909e+01,0.000000000000000000e+00,0.000000000000000000e+00
1.823523841419442704e+01,0.000000000000000000e+00,0.000000000000000000e+00
2.010660571233469085e+01,0.000000000000000000e+00,0.000000000000000000e+00
1.985322731712163602e+01,0.000000000000000000e+00,0.000000000000000000e+00
2.142393643369038259e+01,0.000000000000000000e+00,0.000000000000000000e+00
2.060805852299348473e+01,0.000000000000000000e+00,0.000000000000000000e+00
2.116363283220686142e+01,0.000000000000000000e+00,0.000000000000000000e+00
2.103752358596206662e+01,0.000000000000000000e+00,0.000000000000000000e+00
2.323270964159424778e+01,0.000000000000000000e+00,0.000000000000000000e+00
1.729486632935259038e+01,0.000000000000000000e+00,0.000000000000000000e+00
1.939597731722124507e+01,0.000000000000000000e+00,0.000000000000000000e+00
1.847267101753584839e+01,0.000000000000000000e+00,0.000000000000000000e+00
1.881681009406470295e+01,0.000000000000000000e+00,0.000000000000000000e+00
1.934492112164963373e+01,0.000000000000000000e+00,0.000000000000000000e+00
2.030011026409784947e+01,0.000000000000000000e+00,0.000000000000000000e+00
1.801209370979757907e+01,0.000000000000000000e+00,0.000000000000000000e+00
1.668762249592550262e+01,0.000000000000000000e+00,0.000000000000000000e+00
2.525534569104166494e+01,0.000000000000000000e+00,0.000000000000000000e+00
2.041117562207089975e+01,0.000000000000000000e+00,0.000000000000000000e+00
2.129205502529985239e+01,0.000000000000000000e+00,0.000000000000000000e+00
2.044190337202401508e+01,0.000000000000000000e+00,0.000000000000000000e+00
2.209569166569978904e+01,0.000000000000000000e+00,0.000000000000000000e+00
2.179554492662259335e+01,0.000000000000000000e+00,0.000000000000000000e+00
2.265536589923611643e+01,0.000000000000000000e+00,0.000000000000000000e+00
1.861180770967990838e+01,0.000000000000000000e+00,0.000000000000000000e+00
2.101006046939353311e+01,0.000000000000000000e+00,0.000000000000000000e+00
1.966077701406232592e+01,0.000000000000000000e+00,0.000000000000000000e+00
1.991542583113315956e+01,0.000000000000000000e+00,0.000000000000000000e+00
2.118579117546079260e+01,0.000000000000000000e+00,0.000000000000000000e+00
1.833165656995949888e+01,0.000000000000000000e+00,0.000000000000000000e+00
2.152815129791892446e+01,0.000000000000000000e+00,0.000000000000000000e+00
1.871101851885611111e+01,0.000000000000000000e+00,0.000000000000000000e+00
2.157850967010740817e+01,0.000000000000000000e+00,0.000000000000000000e+00
2.231672605202742687e+01,0.000000000000000000e+00,0.000000000000000000e+00
2.129062196563283393e+01,0.000000000000000000e+00,0.000000000000000000e+00
1.881436485705738804e+01,0.000000000000000000e+00,0.000000000000000000e+00
1.891909715642369605e+01,0.000000000000000000e+00,0.000000000000000000e+00
1.895535910681930503e+01,0.000000000000000000e+00,0.000000000000000000e+00
1.859185441757894708e+01,0.000000000000000000e+00,0.000000000000000000e+00
2.181204195355777742e+01,0.000000000000000000e+00,0.000000000000000000e+00
2.215937229943822473e+01,0.000000000000000000e+00,0.000000000000000000e+00
1.735176790892534271e+01,0.000000000000000000e+00,0.000000000000000000e+00
2.232447719287611321e+01,0.000000000000000000e+00,0.000000000000000000e+00
1.923612550223819539e+01,0.000000000000000000e+00,0.000000000000000000e+00
1.683390604416932135e+01,0.000000000000000000e+00,0.000000000000000000e+00
1.840995187840869463e+01,0.000000000000000000e+00,0.000000000000000000e+00
2.107240811715425011e+01,0.000000000000000000e+00,0.000000000000000000e+00
1.771241260492131531e+01,0.000000000000000000e+00,0.000000000000000000e+00
2.031434740659378591e+01,0.000000000000000000e+00,0.000000000000000000e+00
1.968860136581879416e+01,0.000000000000000000e+00,0.000000000000000000e+00
2.026361058265980120e+01,0.000000000000000000e+00,0.000000000000000000e+00
1.685613452191034867e+01,0.000000000000000000e+00,0.000000000000000000e+00
1.874543308338583714e+01,0.000000000000000000e+00,0.000000000000000000e+00
2.025428486563365382e+01,0.000000000000000000e+00,0.000000000000000000e+00
1.824237495622653071e+01,0.000000000000000000e+00,0.000000000000000000e+00
2.053280067165280798e+01,0.000000000000000000e+00,0.000000000000000000e+00
2.041838106480691195e+01,0.000000000000000000e+00,0.000000000000000000e+00
2.061494267811248093e+01,0.000000000000000000e+00,0.000000000000000000e+00
2.263939954041050129e+01,0.000000000000000000e+00,0.000000000000000000e+00
2.372517251362662449e+01,0.000000000000000000e+00,0.000000000000000000e+00
2.335845648972032151e+01,0.000000000000000000e+00,0.000000000000000000e+00
2.059915780142852526e+01,0.000000000000000000e+00,0.000000000000000000e+00
1.828345932555026820e+01,0.000000000000000000e+00,0.000000000000000000e+00
1.913166926308676707e+01,0.000000000000000000e+00,0.000000000000000000e+00
1.986104752190882294e+01,0.000000000000000000e+00,0.000000000000000000e+00
2.295187251816309981e+01,0.000000000000000000e+00,0.000000000000000000e+00
2.039984930068963109e+01,0.000000000000000000e+00,0.000000000000000000e+00
2.125733603261680216e+01,0.000000000000000000e+00,0.000000000000000000e+00
1.977946396311793364e+01,0.000000000000000000e+00,0.000000000000000000e+00
1.821456239319034154e+01,0.000000000000000000e+00,0.000000000000000000e+00
2.388626916453868887e+01,0.000000000000000000e+00,0.000000000000000000e+00
2.075727868421766331e+01,0.000000000000000000e+00,0.000000000000000000e+00
1.903281329208855510e+01,0.000000000000000000e+00,0.000000000000000000e+00
2.010221113140663718e+01,0.000000000000000000e+00,0.000000000000000000e+00
1.690439597796646254e+01,0.000000000000000000e+00,0.000000000000000000e+00
1.929807524155031473e+01,0.000000000000000000e+00,0.000000000000000000e+00
1.949967252257036776e+01,0.000000000000000000e+00,0.000000000000000000e+00
1.862409342824564362e+01,0.000000000000000000e+00,0.000000000000000000e+00
1.671746397077686908e+01,0.000000000000000000e+00,0.000000000000000000e+00
1.710825411890689907e+01,0.000000000000000000e+00,0.000000000000000000e+00
2.002330071922246191e+01,0.000000000000000000e+00,0.000000000000000000e+00
2.429001656528209807e+01,0.000000000000000000e+00,0.000000000000000000e+00
1.761915411369331252e+01,0.000000000000000000e+00,0.000000000000000000e+00
1.837035173876651228e+01,0.000000000000000000e+00,0.000000000000000000e+00
2.100778633749888868e+01,0.000000000000000000e+00,0.000000000000000000e+00
1.678370229360908539e+01,0.000000000000000000e+00,0.000000000000000000e+00
1.781523556721269586e+01,0.000000000000000000e+00,0.000000000000000000e+00
2.397626323063549592e+01,0.000000000000000000e+00,0.000000000000000000e+00
1.837515917608321914e+01,0.000000000000000000e+00,0.000000000000000000e+00
1.856953268781672861e+01,0.000000000000000000e+00,0.000000000000000000e+00
2.146541875132838584e+01,0.000000000000000000e+00,0.000000000000000000e+00
1.738202850337716754e+01,0.000000000000000000e+00,0.000000000000000000e+00
2.062513666443058469e+01,0.000000000000000000e+00,0.000000000000000000e+00
1.601585040034661844e+01,0.000000000000000000e+00,0.000000000000000000e+00
2.054206418158163672e+01,0.000000000000000000e+00,0.000000000000000000e+00
2.497180591676929851e+01,0.000000000000000000e+00,0.000000000000000000e+00
1.930179623042155868e+01,0.000000000000000000e+00,0.000000000000000000e+00
2.100272199093349812e+01,0.000000000000000000e+00,0.000000000000000000e+00
1.948137718579043920e+01,0.000000000000000000e+00,0.000000000000000000e+00
2.428467454827898564e+01,0.000000000000000000e+00,0.000000000000000000e+00
1.948076179806088604e+01,0.000000000000000000e+00,0.000000000000000000e+00
1.901897661615018365e+01,0.000000000000000000e+00,0.000000000000000000e+00
1.940458232289826412e+01,0.000000000000000000e+00,0.000000000000000000e+00
1.834243275701097531e+01,0.000000000000000000e+00,0.000000000000000000e+00
1.845791345064163735e+01,0.000000000000000000e+00,0.000000000000000000e+00
2.029025435884792827e+01,0.000000000000000000e+00,0.000000000000000000e+00
2.150080249520023656e+01,0.000000000000000000e+00,0.000000000000000000e+00
1.860697654279464075e+01,0.000000000000000000e+00,0.000000000000000000e+00
2.255661677165473833e+01,0.000000000000000000e+00,0.000000000000000000e+00
1.992792737783636881e+01,0.000000000000000000e+00,0.000000000000000000e+00
1.441302276307144936e+01,0.000000000000000000e+00,0.000000000000000000e+00
1.919495417745618582e+01,0.000000000000000000e+00,0.000000000000000000e+00
1.942199564179546911e+01,0.000000000000000000e+00,0.000000000000000000e+00
2.077113882199525108e+01,0.000000000000000000e+00,0.000000000000000000e+00
2.231651999461600866e+01,0.000000000000000000e+00,0.000000000000000000e+00
1.859814032336592504e+01,0.000000000000000000e+00,0.000000000000000000e+00
1.820526635870752585e+01,0.000000000000000000e+00,0.000000000000000000e+00
1.979053975487991224e+01,0.000000000000000000e+00,0.000000000000000000e+00
2.210990308284367956e+01,0.000000000000000000e+00,0.000000000000000000e+00
1.991415200504220451e+01,0.000000000000000000e+00,0.000000000000000000e+00
1.867586830993725755e+01,0.000000000000000000e+00,0.000000000000000000e+00
1.871891163702829175e+01,0.000000000000000000e+00,0.000000000000000000e+00
2.428528172183377620e+01,0.000000000000000000e+00,0.000000000000000000e+00
2.018921671390157258e+01,0.000000000000000000e+00,0.000000000000000000e+00
2.036749183015288622e+01,0.000000000000000000e+00,0.000000000000000000e+00
2.186546035077466854e+01,0.000000000000000000e+00,0.000000000000000000e+00
2.045510920348652206e+01,0.000000000000000000e+00,0.000000000000000000e+00
2.250810609408878094e+01,0.000000000000000000e+00,0.000000000000000000e+00
2.045933749443357996e+01,0.000000000000000000e+00,0.000000000000000000e+00
1.501781056739579512e+01,0.000000000000000000e+00,0.000000000000000000e+00
1.829559638230949048e+01,0.000000000000000000e+00,0.000000000000000000e+00
2.094849625810932636e+01,0.000000000000000000e+00,0.000000000000000000e+00
2.216694763976303406e+01,0.000000000000000000e+00,0.000000000000000000e+00
2.011580918987630895e+01,0.000000000000000000e+00,0.000000000000000000e+00
2.099381860895791974e+01,0.000000000000000000e+00,0.000000000000000000e+00
2.095278437376762426e+01,0.000000000000000000e+00,0.000000000000000000e+00
1.641719326236835386e+01,0.000000000000000000e+00,0.000000000000000000e+00
1.874408230866181313e+01,0.000000000000000000e+00,0.000000000000000000e+00
1.716488308409485697e+01,0.000000000000000000e+00,0.000000000000000000e+00
2.049251180943250361e+01,0.000000000000000000e+00,0.000000000000000000e+00
1.996732613624791597e+01,0.000000000000000000e+00,0.000000000000000000e+00
2.409379907555483769e+01,0.000000000000000000e+00,0.000000000000000000e+00
6.763616046201933329e+01,0.000000000000000000e+00,0.000000000000000000e+00
6.470603034430648393e+01,0.000000000000000000e+00,0.000000000000000000e+00
6.647438412531843710e+01,0.000000000000000000e+00,0.000000000000000000e+00
6.740154357781069905e+01,0.000000000000000000e+00,0.000000000000000000e+00
6.622682492237507290e+01,0.000000000000000000e+00,0.000000000000000000e+00
6.793598550999679730e+01,0.000000000000000000e+00,0.000000000000000000e+00
6.923816440254168469e+01,0.000000000000000000e+00,0.000000000000000000e+00
6.803644356269592208e+01,0.000000000000000000e+00,0.000000000000000000e+00
6.832179415917308063e+01,0.000000000000000000e+00,0.000000000000000000e+00
6.648105143930442296e+01,0.000000000000000000e+00,0.000000000000000000e+00
7.053649485243177253e+01,0.000000000000000000e+00,0.000000000000000000e+00
6.842913425386855408e+01,0.000000000000000000e+00,0.000000000000000000e+00
8.028761081673879119e+01,0.000000000000000000e+00,0.000000000000000000e+00
8.001135907259669011e+01,0.000000000000000000e+00,0.000000000000000000e+00
7.908396914437044245e+01,0.000000000000000000e+00,0.000000000000000000e+00
7.850268095291450265e+01,0.000000000000000000e+00,0.000000000000000000e+00
7.722309757459092339e+01,0.000000000000000000e+00,0.000000000000000000e+00
7.627367104711704826e+01,0.000000000000000000e+00,0.000000000000000000e+00
7.689261991144674369e+01,0.000000000000000000e+00,0.000000000000000000e+00
7.814768995191700185e+01,0.000000000000000000e+00,0.000000000000000000e+00
7.704330579680463131e+01,0.000000000000000000e+00,0.000000000000000000e+00
7.732461495524100314e+01,0.000000000000000000e+00,0.000000000000000000e+00
7.634191778833994135e+01,0.000000000000000000e+00,0.000000000000000000e+00
7.857347005531259754e+01,0.000000000000000000e+00,0.000000000000000000e+00
7.912109113601019317e+01,0.000000000000000000e+00,0.000000000000000000e+00
8.025328110288062078e+01,0.000000000000000000e+00,0.000000000000000000e+00
7.892983630569077036e+01,0.000000000000000000e+00,0.000000000000000000e+00
8.095374938964343414e+01,0.000000000000000000e+00,0.000000000000000000e+00
8.043848451852905157e+01,0.000000000000000000e+00,0.000000000000000000e+00
7.770435643593546615e+01,0.000000000000000000e+00,0.000000000000000000e+00
8.076622069672325210e+01,0.000000000000000000e+00,0.000000000000000000e+00
7.882789015503480812e+01,0.000000000000000000e+00,0.000000000000000000e+00
7.834481979653253347e+01,0.000000000000000000e+00,0.000000000000000000e+00
7.809454156372466116e+01,0.000000000000000000e+00,0.000000000000000000e+00
7.812009023533687468e+01,0.000000000000000000e+00,0.000000000000000000e+00
7.832094392000644234e+01,0.000000000000000000e+00,0.000000000000000000e+00
7.902139859108625330e+01,0.000000000000000000e+00,0.000000000000000000e+00
7.996379304277701294e+01,0.000000000000000000e+00,0.000000000000000000e+00
8.115274456168597794e+01,0.000000000000000000e+00,0.000000000000000000e+00
8.193510852729923499e+01,0.000000000000000000e+00,0.000000000000000000e+00
8.304669835646042486e+01,0.000000000000000000e+00,0.000000000000000000e+00
7.667430848173349034e+01,0.000000000000000000e+00,0.000000000000000000e+00
7.796369488584953444e+01,0.000000000000000000e+00,0.000000000000000000e+00
8.039002516837710743e+01,0.000000000000000000e+00,0.000000000000000000e+00
7.945630379999148829e+01,0.000000000000000000e+00,0.000000000000000000e+00
8.051081014152417481e+01,0.000000000000000000e+00,0.000000000000000000e+00
8.490751323926868110e+01,0.000000000000000000e+00,0.000000000000000000e+00
8.014248801972014746e+01,0.000000000000000000e+00,0.000000000000000000e+00
8.160198345889766358e+01,0.000000000000000000e+00,0.000000000000000000e+00
7.939956376174217212e+01,0.000000000000000000e+00,0.000000000000000000e+00
7.950451341369600300e+01,0.000000000000000000e+00,0.000000000000000000e+00
7.821575303376425836e+01,0.000000000000000000e+00,0.000000000000000000e+00
8.184378426357690728e+01,0.000000000000000000e+00,0.000000000000000000e+00
8.103327267365601472e+01,0.000000000000000000e+00,0.000000000000000000e+00
7.721872034467153867e+01,0.000000000000000000e+00,0.000000000000000000e+00
7.682740514522359376e+01,0.000000000000000000e+00,0.000000000000000000e+00
7.858439049964712808e+01,0.000000000000000000e+00,0.000000000000000000e+00
8.301012315273507625e+01,0.000000000000000000e+00,0.000000000000000000e+00
8.071293431428536280e+01,0.000000000000000000e+00,0.000000000000000000e+00
7.771628596223955299e+01,0.000000000000000000e+00,0.000000000000000000e+00
8.538216738509527204e+01,0.000000000000000000e+00,0.000000000000000000e+00
8.281308738319776808e+01,0.000000000000000000e+00,0.000000000000000000e+00
8.147783362737743573e+01,0.000000000000000000e+00,0.000000000000000000e+00
8.097418489077237780e+01,0.000000000000000000e+00,0.000000000000000000e+00
7.989369645533662379e+01,0.000000000000000000e+00,0.000000000000000000e+00
7.688146854478758030e+01,0.000000000000000000e+00,0.000000000000000000e+00
8.000008575926717924e+01,0.000000000000000000e+00,0.000000000000000000e+00
7.665052611755666589e+01,0.000000000000000000e+00,0.000000000000000000e+00
7.894586141540307267e+01,0.000000000000000000e+00,0.000000000000000000e+00
8.075757014355311014e+01,0.000000000000000000e+00,0.000000000000000000e+00
7.752860945405909376e+01,0.000000000000000000e+00,0.000000000000000000e+00
7.998553477688510327e+01,0.000000000000000000e+00,0.000000000000000000e+00
8.014538045515490694e+01,0.000000000000000000e+00,0.000000000000000000e+00
7.616500734662557193e+01,0.000000000000000000e+00,0.000000000000000000e+00
8.001518031838105571e+01,0.000000000000000000e+00,0.000000000000000000e+00
8.093419889038432302e+01,0.000000000000000000e+00,0.000000000000000000e+00
7.708522758998678626e+01,0.000000000000000000e+00,0.000000000000000000e+00
8.118403639680580852e+01,0.000000000000000000e+00,0.000000000000000000e+00
7.732342639459642442e+01,0.000000000000000000e+00,0.000000000000000000e+00
7.873447932808872451e+01,0.000000000000000000e+00,0.000000000000000000e+00
7.929327407082394075e+01,0.000000000000000000e+00,0.000000000000000000e+00
8.140997339235721597e+01,0.000000000000000000e+00,0.000000000000000000e+00
8.058387058390526647e+01,0.000000000000000000e+00,0.000000000000000000e+00
7.877629995980223043e+01,0.000000000000000000e+00,0.000000000000000000e+00
7.823135239818536490e+01,0.000000000000000000e+00,0.000000000000000000e+00
7.912876886440722046e+01,0.000000000000000000e+00,0.000000000000000000e+00
7.976240158142206838e+01,0.000000000000000000e+00,0.000000000000000000e+00
7.809960911063760136e+01,0.000000000000000000e+00,0.000000000000000000e+00
8.223588932075864477e+01,0.000000000000000000e+00,0.000000000000000000e+00
7.925746398862246167e+01,0.000000000000000000e+00,0.000000000000000000e+00
8.247922855068149772e+01,0.000000000000000000e+00,0.000000000000000000e+00
7.941914654948220686e+01,0.000000000000000000e+00,0.000000000000000000e+00
8.001370040462819588e+01,0.000000000000000000e+00,0.000000000000000000e+00
8.072355816984435251e+01,0.000000000000000000e+00,0.000000000000000000e+00
8.346901188666953431e+01,0.000000000000000000e+00,0.000000000000000000e+00
8.039068616553062441e+01,0.000000000000000000e+00,0.000000000000000000e+00
8.089924059554330427e+01,0.000000000000000000e+00,0.000000000000000000e+00
8.276123053525620321e+01,0.000000000000000000e+00,0.000000000000000000e+00
7.745481650570548027e+01,0.000000000000000000e+00,0.000000000000000000e+00
8.105728901573631617e+01,0.000000000000000000e+00,0.000000000000000000e+00
7.961401963301837270e+01,0.000000000000000000e+00,0.000000000000000000e+00
8.058813714061267319e+01,0.000000000000000000e+00,0.000000000000000000e+00
7.997509766040383283e+01,0.000000000000000000e+00,0.000000000000000000e+00
8.136115259976868685e+01,0.000000000000000000e+00,0.000000000000000000e+00
7.990705284219737337e+01,0.000000000000000000e+00,0.000000000000000000e+00
8.098126600937860076e+01,0.000000000000000000e+00,0.000000000000000000e+00
7.630648576045626896e+01,0.000000000000000000e+00,0.000000000000000000e+00
8.054971048306740045e+01,0.000000000000000000e+00,0.000000000000000000e+00
3.430792653900805078e+01,0.000000000000000000e+00,0.000000000000000000e+00
3.297685761855604625e+01,0.000000000000000000e+00,0.000000000000000000e+00
3.154246954338007214e+01,0.000000000000000000e+00,0.000000000000000000e+00
2.910381754373035790e+01,0.000000000000000000e+00,0.000000000000000000e+00
3.340339243498171129e+01,0.000000000000000000e+00,0.000000000000000000e+00
3.213293435657941188e+01,0.000000000000000000e+00,0.000000000000000000e+00
3.527225540678075788e+01,0.000000000000000000e+00,0.000000000000000000e+00
2.996275915977703619e+01,0.000000000000000000e+00,0.000000000000000000e+00
3.561729704148033449e+01,0.000000000000000000e+00,0.000000000000000000e+00
3.304355145336515420e+01,0.000000000000000000e+00,0.000000000000000000e+00
2.926064821478100697e+01,0.000000000000000000e+00,0.000000000000000000e+00
3.002212293713719760e+01,0.000000000000000000e+00,0.000000000000000000e+00
2.283864491756353843e+01,0.000000000000000000e+00,0.000000000000000000e+00
2.374456419673145646e+01,0.000000000000000000e+00,0.000000000000000000e+00
2.752778993952497189e+01,0.000000000000000000e+00,0.000000000000000000e+00
1.958846868160328825e+01,0.000000000000000000e+00,0.000000000000000000e+00
2.089493556605328095e+01,0.000000000000000000e+00,0.000000000000000000e+00
2.256152598292080214e+01,0.000000000000000000e+00,0.000000000000000000e+00
2.401653828163390969e+01,0.000000000000000000e+00,0.000000000000000000e+00
2.153790369934557347e+01,0.000000000000000000e+00,0.000000000000000000e+00
2.036818205333070964e+01,0.000000000000000000e+00,0.000000000000000000e+00
2.181161866666043636e+01,0.000000000000000000e+00,0.000000000000000000e+00
2.264378028974086732e+01,0.000000000000000000e+00,0.000000000000000000e+00
2.236139165956458186e+01,0.000000000000000000e+00,0.000000000000000000e+00
2.133775038061082086e+01,0.000000000000000000e+00,0.000000000000000000e+00
1.919415873676351936e+01,0.000000000000000000e+00,0.000000000000000000e+00
2.059622739781678291e+01,0.000000000000000000e+00,0.000000000000000000e+00
2.367497329277733087e+01,0.000000000000000000e+00,0.000000000000000000e+00
1.945286684563618351e+01,0.000000000000000000e+00,0.000000000000000000e+00
2.171159736124811701e+01,0.000000000000000000e+00,0.000000000000000000e+00
2.065230103413220064e+01,0.000000000000000000e+00,0.000000000000000000e+00
1.886016332897076353e+01,0.000000000000000000e+00,0.000000000000000000e+00
2.371517093835711520e+01,0.000000000000000000e+00,0.000000000000000000e+00
2.201311221215226510e+01,0.000000000000000000e+00,0.000000000000000000e+00
1.844291603224291975e+01,0.000000000000000000e+00,0.000000000000000000e+00
1.911146242283437502e+01,0.000000000000000000e+00,0.000000000000000000e+00
1.694128467238846980e+01,0.000000000000000000e+00,0.000000000000000000e+00
1.962447276994062051e+01,0.000000000000000000e+00,0.000000000000000000e+00
1.592361731898128241e+01,0.000000000000000000e+00,0.000000000000000000e+00
1.973988148332087178e+01,0.000000000000000000e+00,0.000000000000000000e+00
2.049166111759852171e+01,0.000000000000000000e+00,0.000000000000000000e+00
1.561330596438789087e+01,0.000000000000000000e+00,0.000000000000000000e+00
1.978858493890638215e+01,0.000000000000000000e+00,0.000000000000000000e+00
2.005284190814617062e+01,0.000000000000000000e+00,0.000000000000000000e+00
2.016671735133441601e+01,0.000000000000000000e+00,0.000000000000000000e+00
2.620215822711115550e+01,0.000000000000000000e+00,0.000000000000000000e+00
1.898014985864537252e+01,0.000000000000000000e+00,0.000000000000000000e+00
2.241416339765203958e+01,0.000000000000000000e+00,0.000000000000000000e+00
1.655708821739020919e+01,0.000000000000000000e+00,0.000000000000000000e+00
1.820410144872243308e+01,0.000000000000000000e+00,0.000000000000000000e+00
2.024424130523636833e+01,0.000000000000000000e+00,0.000000000000000000e+00
2.323542193148785984e+01,0.000000000000000000e+00,0.000000000000000000e+00
2.319561036556016020e+01,0.000000000000000000e+00,0.000000000000000000e+00
2.111690025394003101e+01,0.000000000000000000e+00,0.000000000000000000e+00
1.856660452165408515e+01,0.000000000000000000e+00,0.000000000000000000e+00
1.697569492281319015e+01,0.000000000000000000e+00,0.000000000000000000e+00
2.055955048425515130e+01,0.000000000000000000e+00,0.000000000000000000e+00
2.116494914087191503e+01,0.000000000000000000e+00,0.000000000000000000e+00
2.352399113274607956e+01,0.000000000000000000e+00,0.000000000000000000e+00
2.390847313522663242e+01,0.000000000000000000e+00,0.000000000000000000e+00
1.846315773811901551e+01,0.000000000000000000e+00,0.000000000000000000e+00
1.984380987660841100e+01,0.000000000000000000e+00,0.000000000000000000e+00
2.150423369471540980e+01,0.000000000000000000e+00,0.000000000000000000e+00
2.226226556871000639e+01,0.000000000000000000e+00,0.000000000000000000e+00
1.594640534151774602e+01,0.000000000000000000e+00,0.000000000000000000e+00
1.948973452053709110e+01,0.000000000000000000e+00,0.000000000000000000e+00
1.518018693763941940e+01,0.000000000000000000e+00,0.000000000000000000e+00
2.283607027654848665e+01,0.000000000000000000e+00,0.000000000000000000e+00
2.123105745456650695e+01,0.000000000000000000e+00,0.000000000000000000e+00
1.974451587822625598e+01,0.000000000000000000e+00,0.000000000000000000e+00
1.625450859730426956e+01,0.000000000000000000e+00,0.000000000000000000e+00
1.808577753282114031e+01,0.000000000000000000e+00,0.000000000000000000e+00
2.384665899308517112e+01,0.000000000000000000e+00,0.000000000000000000e+00
2.201176690975133354e+01,0.000000000000000000e+00,0.000000000000000000e+00
1.887665320914858924e+01,0.000000000000000000e+00,0.000000000000000000e+00
2.004577478073690955e+01,0.000000000000000000e+00,0.000000000000000000e+00
2.112267371438936436e+01,0.000000000000000000e+00,0.000000000000000000e+00
1.912847259716425441e+01,0.000000000000000000e+00,0.000000000000000000e+00
1.708907259912845333e+01,0.000000000000000000e+00,0.000000000000000000e+00
1.762780735307653046e+01,0.000000000000000000e+00,0.000000000000000000e+00
1.928096630985608329e+01,0.000000000000000000e+00,0.000000000000000000e+00
1.841300254100595168e+01,0.000000000000000000e+00,0.000000000000000000e+00
1.969421123858141698e+01,0.000000000000000000e+00,0.000000000000000000e+00
1.831817102405210207e+01,0.000000000000000000e+00,0.000000000000000000e+00
1.917948044408529995e+01,0.000000000000000000e+00,0.000000000000000000e+00
1.967446675805659950e+01,0.000000000000000000e+00,0.000000000000000000e+00
2.220798955635633831e+01,0.000000000000000000e+00,0.000000000000000000e+00
2.146580594180543144e+01,0.000000000000000000e+00,0.000000000000000000e+00
2.308516910443364267e+01,0.000000000000000000e+00,0.000000000000000000e+00
1.841247125656276395e+01,0.000000000000000000e+00,0.000000000000000000e+00
1.960852067886367678e+01,0.000000000000000000e+00,0.000000000000000000e+00
1.980267915066909623e+01,0.000000000000000000e+00,0.000000000000000000e+00
1.827218317312328466e+01,0.000000000000000000e+00,0.000000000000000000e+00
2.113573798372132373e+01,0.000000000000000000e+00,0.000000000000000000e+00
2.051172447334260696e+01,0.000000000000000000e+00,0.000000000000000000e+00
2.208732970967681908e+01,0.000000000000000000e+00,0.000000000000000000e+00
1.976591586040332515e+01,0.000000000000000000e+00,0.000000000000000000e+00
2.485119564674249304e+01,0.000000000000000000e+00,0.000000000000000000e+00
2.047352790378385734e+01,0.000000000000000000e+00,0.000000000000000000e+00
2.010158738370590825e+01,0.000000000000000000e+00,0.000000000000000000e+00
2.317863290918747765e+01,0.000000000000000000e+00,0.000000000000000000e+00
1.742763587617248078e+01,0.000000000000000000e+00,0.000000000000000000e+00
2.100300332048614393e+01,0.000000000000000000e+00,0.000000000000000000e+00
2.039877872449498497e+01,0.000000000000000000e+00,0.000000000000000000e+00
2.132997716431447088e+01,0.000000000000000000e+00,0.000000000000000000e+00
1.927370759681721424e+01,0.000000000000000000e+00,0.000000000000000000e+00
2.022529026696342314e+01,0.000000000000000000e+00,0.000000000000000000e+00
2.185501488855663510e+01,0.000000000000000000e+00,0.000000000000000000e+00
1.868666353892074738e+01,0.000000000000000000e+00,0.000000000000000000e+00
1.885428196445429805e+01,0.000000000000000000e+00,0.000000000000000000e+00
1.915530329372744589e+01,0.000000000000000000e+00,0.000000000000000000e+00
1.692761877589212105e+01,0.000000000000000000e+00,0.000000000000000000e+00
2.159147862449047039e+01,0.000000000000000000e+00,0.000000000000000000e+00
2.188384685609714708e+01,0.000000000000000000e+00,0.000000000000000000e+00
2.166681409321625296e+01,0.000000000000000000e+00,0.000000000000000000e+00
2.167004342798816907e+01,0.000000000000000000e+00,0.000000000000000000e+00
2.322843065068634516e+01,0.000000000000000000e+00,0.000000000000000000e+00
1.646998818955675148e+01,0.000000000000000000e+00,0.000000000000000000e+00
1.842290067797084063e+01,0.000000000000000000e+00,0.000000000000000000e+00
1.962162975909357954e+01,0.000000000000000000e+00,0.000000000000000000e+00
2.056754792442044533e+01,0.000000000000000000e+00,0.000000000000000000e+00
2.083893246645827801e+01,0.000000000000000000e+00,0.000000000000000000e+00
2.226679153327272331e+01,0.000000000000000000e+00,0.000000000000000000e+00
1.799954566758066221e+01,0.000000000000000000e+00,0.000000000000000000e+00
1.844068782618204239e+01,0.000000000000000000e+00,0.000000000000000000e+00
1.799528634852371667e+01,0.000000000000000000e+00,0.000000000000000000e+00
1.880538233865683750e+01,0.000000000000000000e+00,0.000000000000000000e+00
1.887392884263675796e+01,0.000000000000000000e+00,0.000000000000000000e+00
1.988712590499101651e+01,0.000000000000000000e+00,0.000000000000000000e+00
2.126013598523503134e+01,0.000000000000000000e+00,0.000000000000000000e+00
1.885042630127660246e+01,0.000000000000000000e+00,0.000000000000000000e+00
2.014362703428191637e+01,0.000000000000000000e+00,0.000000000000000000e+00
1.749849933966295978e+01,0.000000000000000000e+00,0.000000000000000000e+00
2.369379927977677980e+01,0.000000000000000000e+00,0.000000000000000000e+00
2.318715261861873245e+01,0.000000000000000000e+00,0.000000000000000000e+00
2.271598353991508645e+01,0.000000000000000000e+00,0.000000000000000000e+00
1.724616788236304643e+01,0.000000000000000000e+00,0.000000000000000000e+00
2.249675338256572843e+01,0.000000000000000000e+00,0.000000000000000000e+00
1.513624928497031341e+01,0.000000000000000000e+00,0.000000000000000000e+00
2.057949246808910715e+01,0.000000000000000000e+00,0.000000000000000000e+00
1.936698597132631505e+01,0.000000000000000000e+00,0.000000000000000000e+00
1.798518898579229486e+01,0.000000000000000000e+00,0.000000000000000000e+00
1.956011241372828735e+01,0.000000000000000000e+00,0.000000000000000000e+00
1.808730366971773407e+01,0.000000000000000000e+00,0.000000000000000000e+00
2.021826745646508172e+01,0.000000000000000000e+00,0.000000000000000000e+00
2.392702912615949273e+01,0.000000000000000000e+00,0.000000000000000000e+00
1.911713272946012765e+01,0.000000000000000000e+00,0.000000000000000000e+00
2.326486082813924128e+01,0.000000000000000000e+00,0.000000000000000000e+00
1.882456786260913972e+01,0.000000000000000000e+00,0.000000000000000000e+00
2.133912386472097822e+01,0.000000000000000000e+00,0.000000000000000000e+00
2.125565100602844026e+01,0.000000000000000000e+00,0.000000000000000000e+00
2.263526703907854198e+01,0.000000000000000000e+00,0.000000000000000000e+00
1.941559549286242614e+01,0.000000000000000000e+00,0.000000000000000000e+00
2.147194778516738367e+01,0.000000000000000000e+00,0.000000000000000000e+00
1.909483102099066798e+01,0.000000000000000000e+00,0.000000000000000000e+00
2.095253473909412278e+01,0.000000000000000000e+00,0.000000000000000000e+00
2.079261834426814559e+01,0.000000000000000000e+00,0.000000000000000000e+00
2.389944919932661094e+01,0.000000000000000000e+00,0.000000000000000000e+00
2.484653721005869187e+01,0.000000000000000000e+00,0.000000000000000000e+00
1.788792119996134033e+01,0.000000000000000000e+00,0.000000000000000000e+00
1.993940256815132628e+01,0.000000000000000000e+00,0.000000000000000000e+00
1.973560780833793160e+01,0.000000000000000000e+00,0.000000000000000000e+00
2.004238253256534463e+01,0.000000000000000000e+00,0.000000000000000000e+00
1.923890034773901903e+01,0.000000000000000000e+00,0.000000000000000000e+00
2.084032782554864838e+01,0.000000000000000000e+00,0.000000000000000000e+00
1.882991618096928121e+01,0.000000000000000000e+00,0.000000000000000000e+00
2.024254872934824334e+01,0.000000000000000000e+00,0.000000000000000000e+00
1.992916349063162329e+01,0.000000000000000000e+00,0.000000000000000000e+00
1.952296680940238360e+01,0.000000000000000000e+00,0.000000000000000000e+00
1.725517070532503539e+01,0.000000000000000000e+00,0.000000000000000000e+00
1.904708689167381408e+01,0.000000000000000000e+00,0.000000000000000000e+00
2.103530310936928771e+01,0.000000000000000000e+00,0.000000000000000000e+00
1.942120013631256370e+01,0.000000000000000000e+00,0.000000000000000000e+00
1.846523668506394955e+01,0.000000000000000000e+00,0.000000000000000000e+00
1.744947248779397597e+01,0.000000000000000000e+00,0.000000000000000000e+00
2.134205720955867136e+01,0.000000000000000000e+00,0.000000000000000000e+00
1.978308818399653646e+01,0.000000000000000000e+00,0.000000000000000000e+00
2.009067560999940838e+01,0.000000000000000000e+00,0.000000000000000000e+00
2.261078059189699019e+01,0.000000000000000000e+00,0.000000000000000000e+00
1.955396804910575526e+01,0.000000000000000000e+00,0.000000000000000000e+00
6.624699985069456432e+01,0.000000000000000000e+00,0.000000000000000000e+00
6.993885492818601790e+01,0.000000000000000000e+00,0.000000000000000000e+00
6.876266322996342240e+01,0.000000000000000000e+00,0.000000000000000000e+00
6.768454111094112591e+01,0.000000000000000000e+00,0.000000000000000000e+00
6.755903430025153966e+01,0.000000000000000000e+00,0.000000000000000000e+00
6.574723888239083180e+01,0.000000000000000000e+00,0.000000000000000000e+00
7.194153491962600810e+01,0.000000000000000000e+00,0.000000000000000000e+00
7.008097494479481782e+01,0.000000000000000000e+00,0.000000000000000000e+00
6.683365871240616229e+01,0.000000000000000000e+00,0.000000000000000000e+00
7.014790740162374050e+01,0.000000000000000000e+00,0.000000000000000000e+00
6.647374960727194093e+01,0.000000000000000000e+00,0.000000000000000000e+00
6.831809315745356059e+01,0.000000000000000000e+00,0.000000000000000000e+00
7.678758558760844721e+01,0.000000000000000000e+00,0.000000000000000000e+00
7.890326947247103817e+01,0.000000000000000000e+00,0.000000000000000000e+00
7.803310568676778303e+01,0.000000000000000000e+00,0.000000000000000000e+00
7.907248647138635533e+01,0.000000000000000000e+00,0.000000000000000000e+00
7.523141731820827260e+01,0.000000000000000000e+00,0.000000000000000000e+00
7.447384723905024373e+01,0.000000000000000000e+00,0.000000000000000000e+00
7.476003995001349267e+01,0.000000000000000000e+00,0.000000000000000000e+00
8.036775972960616343e+01,0.000000000000000000e+00,0.000000000000000000e+00
7.666354741623180757e+01,0.000000000000000000e+00,0.000000000000000000e+00
7.842586673835090494e+01,0.000000000000000000e+00,0.000000000000000000e+00
7.829137812073611258e+01,0.000000000000000000e+00,0.000000000000000000e+00
7.727833179557858045e+01,0.000000000000000000e+00,0.000000000000000000e+00
7.991460536675845105e+01,0.000000000000000000e+00,0.000000000000000000e+00
8.079355638799371775e+01,0.000000000000000000e+00,0.000000000000000000e+00
7.862812350178586485e+01,0.000000000000000000e+00,0.000000000000000000e+00
7.739170465428172463e+01,0.000000000000000000e+00,0.000000000000000000e+00
7.985842073601617130e+01,0.000000000000000000e+00,0.000000000000000000e+00
7.756526367909367536e+01,0.000000000000000000e+00,0.000000000000000000e+00
8.324198253994143215e+01,0.000000000000000000e+00,0.000000000000000000e+00
8.028974923892202753e+01,0.000000000000000000e+00,0.000000000000000000e+00
7.674048710942750517e+01,0.000000000000000000e+00,0.000000000000000000e+00
7.819867306984829725e+01,0.000000000000000000e+00,0.000000000000000000e+00
8.109857510407567815e+01,0.000000000000000000e+00,0.000000000000000000e+00
7.994301119702264202e+01,0.000000000000000000e+00,0.000000000000000000e+00
8.004156580116602981e+01,0.000000000000000000e+00,0.000000000000000000e+00
8.233253835865735937e+01,0.000000000000000000e+00,0.000000000000000000e+00
8.119695911016060563e+01,0.000000000000000000e+00,0.000000000000000000e+00
8.026545676200714752e+01,0.000000000000000000e+00,0.000000000000000000e+00
8.068884077951609868e+01,0.000000000000000000e+00,0.000000000000000000e+00
8.214286110672712482e+01,0.000000000000000000e+00,0.000000000000000000e+00
8.389163094024900147e+01,0.000000000000000000e+00,0.000000000000000000e+00
8.166596426471619452e+01,0.000000000000000000e+00,0.000000000000000000e+00
7.968465580095163148e+01,0.000000000000000000e+00,0.000000000000000000e+00
7.647883815397226215e+01,0.000000000000000000e+00,0.000000000000000000e+00
7.837487708967232436e+01,0.000000000000000000e+00,0.000000000000000000e+00
8.171795382062570923e+01,0.000000000000000000e+00,0.000000000000000000e+00
8.045714791671504429e+01,0.000000000000000000e+00,0.000000000000000000e+00
8.283556873745075677e+01,0.000000000000000000e+00,0.000000000000000000e+00
7.644322054712118586e+01,0.000000000000000000e+00,0.000000000000000000e+00
7.773289730198348479e+01,0.000000000000000000e+00,0.000000000000000000e+00
7.857811884767541244e+01,0.000000000000000000e+00,0.000000000000000000e+00
8.215331739710573800e+01,0.000000000000000000e+00,0.000000000000000000e+00
7.839837458558881167e+01,0.000000000000000000e+00,0.000000000000000000e+00
7.845394723139014559e+01,0.000000000000000000e+00,0.000000000000000000e+00
8.035953636353079332e+01,0.000000000000000000e+00,0.000000000000000000e+00
8.043758336878151738e+01,0.000000000000000000e+00,0.000000000000000000e+00
8.011095614277596155e+01,0.000000000000000000e+00,0.000000000000000000e+00
7.951463265528833801e+01,0.000000000000000000e+00,0.000000000000000000e+00
7.823244636292591281e+01,0.000000000000000000e+00,0.000000000000000000e+00
7.998494439195340533e+01,0.000000000000000000e+00,0.000000000000000000e+00
7.855171107977946576e+01,0.000000000000000000e+00,0.000000000000000000e+00
8.154207960036765712e+01,0.000000000000000000e+00,0.000000000000000000e+00
8.142534008468561524e+01,0.000000000000000000e+00,0.000000000000000000e+00
7.916170371890318336e+01,0.000000000000000000e+00,0.000000000000000000e+00
7.887838240941898960e+01,0.000000000000000000e+00,0.000000000000000000e+00
7.967339943831694882e+01,0.000000000000000000e+00,0.000000000000000000e+00
7.973574636504598345e+01,0.000000000000000000e+00,0.000000000000000000e+00
7.882967357288946175e+01,0.000000000000000000e+00,0.000000000000000000e+00
7.901572774012203126e+01,0.000000000000000000e+00,0.000000000000000000e+00
7.910326358547082748e+01,0.000000000000000000e+00,0.000000000000000000e+00
8.082363106981563305e+01,0.000000000000000000e+00,0.000000000000000000e+00
7.641342187134775088e+01,0.000000000000000000e+00,0.000000000000000000e+00
7.800050464305732589e+01,0.000000000000000000e+00,0.000000000000000000e+00
7.897301693137980294e+01,0.000000000000000000e+00,0.000000000000000000e+00
7.902774133279019964e+01,0.000000000000000000e+00,0.000000000000000000e+00
8.282663280503567194e+01,0.000000000000000000e+00,0.000000000000000000e+00
7.977241323208613721e+01,0.000000000000000000e+00,0.000000000000000000e+00
7.889569815221659610e+01,0.000000000000000000e+00,0.000000000000000000e+00
7.972677117278693970e+01,0.000000000000000000e+00,0.000000000000000000e+00
7.956911170577767223e+01,0.000000000000000000e+00,0.000000000000000000e+00
8.235711216655181488e+01,0.000000000000000000e+00,0.000000000000000000e+00
7.683903441886690189e+01,0.000000000000000000e+00,0.000000000000000000e+00
7.692514684500510214e+01,0.000000000000000000e+00,0.000000000000000000e+00
8.148879436020800426e+01,0.000000000000000000e+00,0.000000000000000000e+00
7.984993287461061584e+01,0.000000000000000000e+00,0.000000000000000000e+00
8.005590715742503960e+01,0.000000000000000000e+00,0.000000000000000000e+00
7.827121686513848431e+01,0.000000000000000000e+00,0.000000000000000000e+00
8.261946790147338504e+01,0.000000000000000000e+00,0.000000000000000000e+00
8.237952573496941966e+01,0.000000000000000000e+00,0.000000000000000000e+00
7.673674879966219464e+01,0.000000000000000000e+00,0.000000000000000000e+00
8.068344915258650474e+01,0.000000000000000000e+00,0.000000000000000000e+00
7.834252668884465720e+01,0.000000000000000000e+00,0.000000000000000000e+00
7.773406378035771525e+01,0.000000000000000000e+00,0.000000000000000000e+00
8.137552834326716322e+01,0.000000000000000000e+00,0.000000000000000000e+00
8.071508827602058034e+01,0.000000000000000000e+00,0.000000000000000000e+00
8.097770020319867967e+01,0.000000000000000000e+00,0.000000000000000000e+00
7.862438444688096695e+01,0.000000000000000000e+00,0.000000000000000000e+00
8.046731287896187723e+01,0.000000000000000000e+00,0.000000000000000000e+00
8.117457440295346771e+01,0.000000000000000000e+00,0.000000000000000000e+00
7.595119635426692639e+01,0.000000000000000000e+00,0.000000000000000000e+00
7.787313360156996112e+01,0.000000000000000000e+00,0.000000000000000000e+00
7.794423626440878650e+01,0.000000000000000000e+00,0.000000000000000000e+00
8.066331626577452596e+01,0.000000000000000000e+00,0.000000000000000000e+00
8.093358871488491957e+01,0.000000000000000000e+00,0.000000000000000000e+00
8.053044741353620850e+01,0.000000000000000000e+00,0.000000000000000000e+00
7.900952002515441563e+01,0.000000000000000000e+00,0.000000000000000000e+00
3.106073334861991597e+01,0.000000000000000000e+00,0.000000000000000000e+00
3.358022992493002334e+01,0.000000000000000000e+00,0.000000000000000000e+00
3.311659465988478956e+01,0.000000000000000000e+00,0.000000000000000000e+00
3.061254571064222318e+01,0.000000000000000000e+00,0.000000000000000000e+00
3.310296314396956774e+01,0.000000000000000000e+00,0.000000000000000000e+00
2.955918908693384850e+01,0.000000000000000000e+00,0.000000000000000000e+00
3.034637558127324297e+01,0.000000000000000000e+00,0.000000000000000000e+00
2.917247773915093134e+01,0.000000000000000000e+00,0.000000000000000000e+00
3.190484087464465901e+01,0.000000000000000000e+00,0.000000000000000000e+00
3.118363098239202813e+01,0.000000000000000000e+00,0.000000000000000000e+00
2.705282866798530961e+01,0.000000000000000000e+00,0.000000000000000000e+00
2.778408431354372965e+01,0.000000000000000000e+00,0.000000000000000000e+00
2.427345481582018039e+01,0.000000000000000000e+00,0.000000000000000000e+00
2.101430669113173266e+01,0.000000000000000000e+00,0.000000000000000000e+00
2.404893602103035732e+01,0.000000000000000000e+00,0.000000000000000000e+00
2.498686407243480900e+01,0.000000000000000000e+00,0.000000000000000000e+00
2.189590740318959661e+01,0.000000000000000000e+00,0.000000000000000000e+00
2.103278520563369369e+01,0.000000000000000000e+00,0.000000000000000000e+00
2.521938226300089880e+01,0.000000000000000000e+00,0.000000000000000000e+00
2.316254031858338180e+01,0.000000000000000000e+00,0.000000000000000000e+00
2.525149471643225851e+01,0.000000000000000000e+00,0.000000000000000000e+00
2.122425872758615739e+01,0.000000000000000000e+00,0.000000000000000000e+00
2.264378011341671737e+01,0.000000000000000000e+00,0.000000000000000000e+00
2.207610928283997964e+01,0.000000000000000000e+00,0.000000000000000000e+00
1.873607149617899026e+01,0.000000000000000000e+00,0.000000000000000000e+00
1.867926230395996612e+01,0.000000000000000000e+00,0.000000000000000000e+00
2.324871190796305598e+01,0.000000000000000000e+00,0.000000000000000000e+00
1.926518585416740947e+01,0.000000000000000000e+00,0.000000000000000000e+00
2.091772869341926011e+01,0.000000000000000000e+00,0.000000000000000000e+00
1.956980333065389388e+01,0.000000000000000000e+00,0.000000000000000000e+00
2.122496494695585056e+01,0.000000000000000000e+00,0.000000000000000000e+00
1.891574121477912485e+01,0.000000000000000000e+00,0.000000000000000000e+00
1.773557916828544379e+01,0.000000000000000000e+00,0.000000000000000000e+00
2.280988671240470822e+01,0.000000000000000000e+00,0.000000000000000000e+00
2.095616972817598977e+01,0.000000000000000000e+00,0.000000000000000000e+00
2.086881788376539149e+01,0.000000000000000000e+00,0.000000000000000000e+00
2.039214757117539634e+01,0.000000000000000000e+00,0.000000000000000000e+00
2.083614518369380875e+01,0.000000000000000000e+00,0.000000000000000000e+00
1.590032480407434434e+01,0.000000000000000000e+00,0.000000000000000000e+00
1.983813091297474074e+01,0.000000000000000000e+00,0.000000000000000000e+00
1.831170205395904915e+01,0.000000000000000000e+00,0.000000000000000000e+00
1.792376679987970078e+01,0.000000000000000000e+00,0.000000000000000000e+00
2.145649396223346628e+01,0.000000000000000000e+00,0.000000000000000000e+00
2.392471719630568572e+01,0.000000000000000000e+00,0.000000000000000000e+00
1.625822042662046485e+01,0.000000000000000000e+00,0.000000000000000000e+00
2.197686756938808017e+01,0.000000000000000000e+00,0.000000000000000000e+00
1.883852644119334130e+01,0.000000000000000000e+00,0.000000000000000000e+00
2.085716028117110454e+01,0.000000000000000000e+00,0.000000000000000000e+00
1.877329131085364722e+01,0.000000000000000000e+00,0.000000000000000000e+00
1.779158411699813058e+01,0.000000000000000000e+00,0.000000000000000000e+00
1.893606031497126807e+01,0.000000000000000000e+00,0.000000000000000000e+00
1.961194411720348540e+01,0.000000000000000000e+00,0.000000000000000000e+00
2.005713620637351724e+01,0.000000000000000000e+00,0.000000000000000000e+00
2.034197016929069335e+01,0.000000000000000000e+00,0.000000000000000000e+00
2.071111443343434644e+01,0.000000000000000000e+00,0.000000000000000000e+00
1.999274310945142119e+01,0.000000000000000000e+00,0.000000000000000000e+00
2.051878261712480267e+01,0.000000000000000000e+00,0.000000000000000000e+00
2.080328515413589230e+01,0.000000000000000000e+00,0.000000000000000000e+00
1.981523566309837392e+01,0.000000000000000000e+00,0.000000000000000000e+00
1.852486760862834814e+01,0.000000000000000000e+00,0.000000000000000000e+00
2.180475948374136053e+01,0.000000000000000000e+00,0.000000000000000000e+00
1.700145666113320431e+01,0.000000000000000000e+00,0.000000000000000000e+00
1.854416779001493865e+01,0.000000000000000000e+00,0.000000000000000000e+00
1.961118344885783316e+01,0.000000000000000000e+00,0.000000000000000000e+00
2.005234175612119785e+01,0.000000000000000000e+00,0.000000000000000000e+00
1.990669833837246117e+01,0.000000000000000000e+00,0.000000000000000000e+00
2.262498269443907617e+01,0.000000000000000000e+00,0.000000000000000000e+00
1.982185322872862798e+01,0.000000000000000000e+00,0.000000000000000000e+00
1.723402639512137569e+01,0.000000000000000000e+00,0.000000000000000000e+00
2.167556213314877311e+01,0.000000000000000000e+00,0.000000000000000000e+00
2.002508663587416393e+01,0.000000000000000000e+00,0.000000000000000000e+00
2.250605662905629245e+01,0.000000000000000000e+00,0.000000000000000000e+00
1.872551292418787128e+01,0.000000000000000000e+00,0.000000000000000000e+00
1.680693312436870812e+01,0.000000000000000000e+00,0.000000000000000000e+00
1.514438376201897185e+01,0.000000000000000000e+00,0.000000000000000000e+00
2.093571746622189522e+01,0.000000000000000000e+00,0.000000000000000000e+00
2.149111491996313816e+01,0.000000000000000000e+00,0.000000000000000000e+00
2.013402915128438764e+01,0.000000000000000000e+00,0.000000000000000000e+00
1.809625747083313030e+01,0.000000000000000000e+00,0.000000000000000000e+00
2.213760920484521222e+01,0.000000000000000000e+00,0.000000000000000000e+00
1.912902270047165487e+01,0.000000000000000000e+00,0.000000000000000000e+00
2.445103745694483166e+01,0.000000000000000000e+00,0.000000000000000000e+00
1.841110509512624915e+01,0.000000000000000000e+00,0.000000000000000000e+00
1.803791072569541143e+01,0.000000000000000000e+00,0.000000000000000000e+00
1.915190812698055822e+01,0.000000000000000000e+00,0.000000000000000000e+00
1.853925665807949841e+01,0.000000000000000000e+00,0.000000000000000000e+00
2.029828038917868582e+01,0.000000000000000000e+00,0.000000000000000000e+00
2.177144511228628332e+01,0.000000000000000000e+00,0.000000000000000000e+00
2.083927540958111280e+01,0.000000000000000000e+00,0.000000000000000000e+00
2.145076947564315262e+01,0.000000000000000000e+00,0.000000000000000000e+00
2.111039002747074278e+01,0.000000000000000000e+00,0.000000000000000000e+00
2.322846728199223776e+01,0.000000000000000000e+00,0.000000000000000000e+00
2.103638150931824313e+01,0.000000000000000000e+00,0.000000000000000000e+00
2.223720061797328285e+01,0.000000000000000000e+00,0.000000000000000000e+00
2.018282135424297863e+01,0.000000000000000000e+00,0.000000000000000000e+00
2.147217311817898633e+01,0.000000000000000000e+00,0.000000000000000000e+00
1.665953113619118042e+01,0.000000000000000000e+00,0.000000000000000000e+00
2.308932697944389645e+01,0.000000000000000000e+00,0.000000000000000000e+00
1.958845680751121776e+01,0.000000000000000000e+00,0.000000000000000000e+00
1.878646899191951292e+01,0.000000000000000000e+00,0.000000000000000000e+00
2.057206552884433748e+01,0.000000000000000000e+00,0.000000000000000000e+00
1.849699336940087946e+01,0.000000000000000000e+00,0.000000000000000000e+00
1.594247353313151550e+01,0.000000000000000000e+00,0.000000000000000000e+00
2.038011784045158592e+01,0.000000000000000000e+00,0.000000000000000000e+00
1.610786931780443609e+01,0.000000000000000000e+00,0.000000000000000000e+00
1.859777219871545739e+01,0.000000000000000000e+00,0.000000000000000000e+00
2.336939272761067699e+01,0.000000000000000000e+00,0.000000000000000000e+00
2.107054367173755338e+01,0.000000000000000000e+00,0.000000000000000000e+00
2.132464164473525514e+01,0.000000000000000000e+00,0.000000000000000000e+00
1.941195673790690179e+01,0.000000000000000000e+00,0.000000000000000000e+00
1.963661578448812151e+01,0.000000000000000000e+00,0.000000000000000000e+00
2.049122678585719726e+01,0.000000000000000000e+00,0.000000000000000000e+00
2.026444629113814955e+01,0.000000000000000000e+00,0.000000000000000000e+00
1.582012104084669701e+01,0.000000000000000000e+00,0.000000000000000000e+00
2.080352949879394941e+01,0.000000000000000000e+00,0.000000000000000000e+00
1.620271971194159022e+01,0.000000000000000000e+00,0.000000000000000000e+00
1.989112974942921497e+01,0.000000000000000000e+00,0.000000000000000000e+00
2.016409741001311673e+01,0.000000000000000000e+00,0.000000000000000000e+00
2.081321183634045724e+01,0.000000000000000000e+00,0.000000000000000000e+00
1.962025133497618157e+01,0.000000000000000000e+00,0.000000000000000000e+00
1.895058322119747274e+01,0.000000000000000000e+00,0.000000000000000000e+00
1.963814313621070440e+01,0.000000000000000000e+00,0.000000000000000000e+00
1.789127231181147337e+01,0.000000000000000000e+00,0.000000000000000000e+00
2.270244507391162614e+01,0.000000000000000000e+00,0.000000000000000000e+00
1.602086298897990346e+01,0.000000000000000000e+00,0.000000000000000000e+00
2.221332531538446986e+01,0.000000000000000000e+00,0.000000000000000000e+00
2.122788789226260775e+01,0.000000000000000000e+00,0.000000000000000000e+00
1.968611986299124439e+01,0.000000000000000000e+00,0.000000000000000000e+00
1.809865009977825068e+01,0.000000000000000000e+00,0.000000000000000000e+00
2.196896965399631085e+01,0.000000000000000000e+00,0.000000000000000000e+00
2.144586569197611681e+01,0.000000000000000000e+00,0.000000000000000000e+00
2.040968620391566901e+01,0.000000000000000000e+00,0.000000000000000000e+00
2.178909414145070755e+01,0.000000000000000000e+00,0.000000000000000000e+00
1.810084602346704585e+01,0.000000000000000000e+00,0.000000000000000000e+00
2.156559861502765685e+01,0.000000000000000000e+00,0.000000000000000000e+00
2.229232866727602058e+01,0.000000000000000000e+00,0.000000000000000000e+00
2.314220115561247226e+01,0.000000000000000000e+00,0.000000000000000000e+00
1.804653753434809715e+01,0.000000000000000000e+00,0.000000000000000000e+00
2.005181212336607288e+01,0.000000000000000000e+00,0.000000000000000000e+00
1.744467107353737489e+01,0.000000000000000000e+00,0.000000000000000000e+00
1.846922880529497135e+01,0.000000000000000000e+00,0.000000000000000000e+00
1.896961434183087292e+01,0.000000000000000000e+00,0.000000000000000000e+00
2.072611942422408049e+01,0.000000000000000000e+00,0.000000000000000000e+00
1.898668028428400589e+01,0.000000000000000000e+00,0.000000000000000000e+00
1.841584189343796396e+01,0.000000000000000000e+00,0.000000000000000000e+00
2.021099103424486643e+01,0.000000000000000000e+00,0.000000000000000000e+00
2.130782048663161987e+01,0.000000000000000000e+00,0.000000000000000000e+00
2.125116661282122621e+01,0.000000000000000000e+00,0.000000000000000000e+00
1.829584189202354239e+01,0.000000000000000000e+00,0.000000000000000000e+00
2.230012176589187334e+01,0.000000000000000000e+00,0.000000000000000000e+00
1.834729040666800515e+01,0.000000000000000000e+00,0.000000000000000000e+00
2.005735392638577608e+01,0.000000000000000000e+00,0.000000000000000000e+00
1.764126249922431100e+01,0.000000000000000000e+00,0.000000000000000000e+00
1.890833143095970925e+01,0.000000000000000000e+00,0.000000000000000000e+00
1.665566036127271943e+01,0.000000000000000000e+00,0.000000000000000000e+00
1.950050199710776511e+01,0.000000000000000000e+00,0.000000000000000000e+00
2.238221069806586527e+01,0.000000000000000000e+00,0.000000000000000000e+00
1.863934476765067672e+01,0.000000000000000000e+00,0.000000000000000000e+00
1.786742431340901405e+01,0.000000000000000000e+00,0.000000000000000000e+00
2.026749174240091378e+01,0.000000000000000000e+00,0.000000000000000000e+00
2.176188620656892780e+01,0.000000000000000000e+00,0.000000000000000000e+00
1.909533689878867335e+01,0.000000000000000000e+00,0.000000000000000000e+00
1.984501841597089111e+01,0.000000000000000000e+00,0.000000000000000000e+00
2.393803439994344728e+01,0.000000000000000000e+00,0.000000000000000000e+00
1.805688728745499105e+01,0.000000000000000000e+00,0.000000000000000000e+00
2.358082993164810759e+01,0.000000000000000000e+00,0.000000000000000000e+00
2.033227306014395097e+01,0.000000000000000000e+00,0.000000000000000000e+00
2.091610020041505535e+01,0.000000000000000000e+00,0.000000000000000000e+00
1.949876066592241841e+01,0.000000000000000000e+00,0.000000000000000000e+00
2.041890698610842847e+01,0.000000000000000000e+00,0.000000000000000000e+00
1.822779959985752285e+01,0.000000000000000000e+00,0.000000000000000000e+00
2.164114937630721514e+01,0.000000000000000000e+00,0.000000000000000000e+00
1.933236782913071750e+01,0.000000000000000000e+00,0.000000000000000000e+00
2.028307597412656094e+01,0.000000000000000000e+00,0.000000000000000000e+00
1.934664825270142074e+01,0.000000000000000000e+00,0.000000000000000000e+00
2.423063263049322913e+01,0.000000000000000000e+00,0.000000000000000000e+00
2.375743367545307905e+01,0.000000000000000000e+00,0.000000000000000000e+00
1.810973883727401557e+01,0.000000000000000000e+00,0.000000000000000000e+00
1.915203607990744317e+01,0.000000000000000000e+00,0.000000000000000000e+00
1.929138420767571560e+01,0.000000000000000000e+00,0.000000000000000000e+00
6.980459982788629247e+01,0.000000000000000000e+00,0.000000000000000000e+00
7.128639220716577540e+01,0.000000000000000000e+00,0.000000000000000000e+00
6.966002663437375020e+01,0.000000000000000000e+00,0.000000000000000000e+00
6.437168334483729382e+01,0.000000000000000000e+00,0.000000000000000000e+00
6.713426124389226857e+01,0.000000000000000000e+00,0.000000000000000000e+00
7.039698859666808062e+01,0.000000000000000000e+00,0.000000000000000000e+00
6.764196560404559477e+01,0.000000000000000000e+00,0.000000000000000000e+00
6.985174735730920759e+01,0.000000000000000000e+00,0.000000000000000000e+00
6.575000946316090733e+01,0.000000000000000000e+00,0.000000000000000000e+00
6.645058232933335773e+01,0.000000000000000000e+00,0.000000000000000000e+00
6.667560841749744327e+01,0.000000000000000000e+00,0.000000000000000000e+00
7.071046419807470329e+01,0.000000000000000000e+00,0.000000000000000000e+00
7.980696839349764105e+01,0.000000000000000000e+00,0.000000000000000000e+00
7.845073950022333520e+01,0.000000000000000000e+00,0.000000000000000000e+00
7.724548125566562362e+01,0.000000000000000000e+00,0.000000000000000000e+00
7.783217010367312128e+01,0.000000000000000000e+00,0.000000000000000000e+00
7.143588692741653290e+01,0.000000000000000000e+00,0.000000000000000000e+00
7.979531281165927226e+01,0.000000000000000000e+00,0.000000000000000000e+00
7.388155660935942137e+01,0.000000000000000000e+00,0.000000000000000000e+00
7.385472778862407495e+01,0.000000000000000000e+00,0.000000000000000000e+00
7.688244253278124063e+01,0.000000000000000000e+00,0.000000000000000000e+00
7.994966724927843416e+01,0.000000000000000000e+00,0.000000000000000000e+00
7.975441866758228571e+01,0.000000000000000000e+00,0.000000000000000000e+00
8.034744817232409275e+01,0.000000000000000000e+00,0.000000000000000000e+00
8.125462469116439479e+01,0.000000000000000000e+00,0.000000000000000000e+00
7.673309252144029813e+01,0.000000000000000000e+00,0.000000000000000000e+00
8.051115527048115439e+01,0.000000000000000000e+00,0.000000000000000000e+00
7.879875604103425246e+01,0.000000000000000000e+00,0.000000000000000000e+00
7.655451027451900359e+01,0.000000000000000000e+00,0.000000000000000000e+00
8.088178781797689965e+01,0.000000000000000000e+00,0.000000000000000000e+00
7.692963483475443809e+01,0.000000000000000000e+00,0.000000000000000000e+00
7.770907311722106670e+01,0.000000000000000000e+00,0.000000000000000000e+00
8.221321612199957940e+01,0.000000000000000000e+00,0.000000000000000000e+00
7.734157909776807571e+01,0.000000000000000000e+00,0.000000000000000000e+00
7.879782030257352687e+01,0.000000000000000000e+00,0.000000000000000000e+00
8.136275148944353930e+01,0.000000000000000000e+00,0.000000000000000000e+00
7.753047419583423050e+01,0.000000000000000000e+00,0.000000000000000000e+00
7.971300240623259015e+01,0.000000000000000000e+00,0.000000000000000000e+00
8.135387187152709032e+01,0.000000000000000000e+00,0.000000000000000000e+00
7.879095590361831114e+01,0.000000000000000000e+00,0.000000000000000000e+00
8.048241234160761337e+01,0.000000000000000000e+00,0.000000000000000000e+00
7.845081262353957641e+01,0.000000000000000000e+00,0.000000000000000000e+00
8.109906413657333246e+01,0.000000000000000000e+00,0.000000000000000000e+00
7.946408590173514597e+01,0.000000000000000000e+00,0.000000000000000000e+00
7.354475673076689191e+01,0.000000000000000000e+00,0.000000000000000000e+00
7.739177930729373145e+01,0.000000000000000000e+00,0.000000000000000000e+00
8.292492509374402232e+01,0.000000000000000000e+00,0.000000000000000000e+00
8.229305126861311237e+01,0.000000000000000000e+00,0.000000000000000000e+00
7.796204463925487005e+01,0.000000000000000000e+00,0.000000000000000000e+00
7.920640864442883355e+01,0.000000000000000000e+00,0.000000000000000000e+00
7.962936582586608836e+01,0.000000000000000000e+00,0.000000000000000000e+00
7.943693251865175853e+01,0.000000000000000000e+00,0.000000000000000000e+00
8.390022187329046233e+01,0.000000000000000000e+00,0.000000000000000000e+00
7.742502509459495741e+01,0.000000000000000000e+00,0.000000000000000000e+00
8.232324841775471214e+01,0.000000000000000000e+00,0.000000000000000000e+00
8.193861502435437671e+01,0.000000000000000000e+00,0.000000000000000000e+00
8.106748237805277313e+01,0.000000000000000000e+00,0.000000000000000000e+00
7.775945500055266280e+01,0.000000000000000000e+00,0.000000000000000000e+00
7.819425401726458347e+01,0.000000000000000000e+00,0.000000000000000000e+00
8.259496398617329760e+01,0.000000000000000000e+00,0.000000000000000000e+00
7.795573171438849158e+01,0.000000000000000000e+00,0.000000000000000000e+00
8.059431434663983396e+01,0.000000000000000000e+00,0.000000000000000000e+00
8.258645288485193703e+01,0.000000000000000000e+00,0.000000000000000000e+00
7.885072932331694062e+01,0.000000000000000000e+00,0.000000000000000000e+00
8.122702323492227094e+01,0.000000000000000000e+00,0.000000000000000000e+00
7.971287670252944224e+01,0.000000000000000000e+00,0.000000000000000000e+00
7.861246002143137446e+01,0.000000000000000000e+00,0.000000000000000000e+00
7.687994951193950044e+01,0.000000000000000000e+00,0.000000000000000000e+00
8.168458288777040366e+01,0.000000000000000000e+00,0.000000000000000000e+00
7.870736553997382146e+01,0.000000000000000000e+00,0.000000000000000000e+00
7.750034347674039736e+01,0.000000000000000000e+00,0.000000000000000000e+00
7.661131531977306963e+01,0.000000000000000000e+00,0.000000000000000000e+00
8.151266702262020658e+01,0.000000000000000000e+00,0.000000000000000000e+00
7.800348466964614147e+01,0.000000000000000000e+00,0.000000000000000000e+00
8.116926050652398317e+01,0.000000000000000000e+00,0.000000000000000000e+00
8.065710782246790700e+01,0.000000000000000000e+00,0.000000000000000000e+00
8.150628016073348192e+01,0.000000000000000000e+00,0.000000000000000000e+00
7.884355008402292242e+01,0.000000000000000000e+00,0.000000000000000000e+00
7.809529570147800825e+01,0.000000000000000000e+00,0.000000000000000000e+00
7.668941681123659748e+01,0.000000000000000000e+00,0.000000000000000000e+00
8.072811009169021190e+01,0.000000000000000000e+00,0.000000000000000000e+00
7.884192287631920237e+01,0.000000000000000000e+00,0.000000000000000000e+00
7.975094943788192836e+01,0.000000000000000000e+00,0.000000000000000000e+00
8.352456068495568786e+01,0.000000000000000000e+00,0.000000000000000000e+00
8.123213336613869728e+01,0.000000000000000000e+00,0.000000000000000000e+00
8.092994751447963608e+01,0.000000000000000000e+00,0.000000000000000000e+00
7.774141084215709441e+01,0.000000000000000000e+00,0.000000000000000000e+00
7.813427944934873892e+01,0.000000000000000000e+00,0.000000000000000000e+00
7.737904053471443433e+01,0.000000000000000000e+00,0.000000000000000000e+00
8.373820313058317311e+01,0.000000000000000000e+00,0.000000000000000000e+00
8.147108292609766522e+01,0.000000000000000000e+00,0.000000000000000000e+00
7.966221716109501472e+01,0.000000000000000000e+00,0.000000000000000000e+00
8.032404970662395272e+01,0.000000000000000000e+00,0.000000000000000000e+00
7.944894948220394326e+01,0.000000000000000000e+00,0.000000000000000000e+00
7.946159364734390351e+01,0.000000000000000000e+00,0.000000000000000000e+00
7.791366848042682136e+01,0.000000000000000000e+00,0.000000000000000000e+00
7.781695899012385098e+01,0.000000000000000000e+00,0.000000000000000000e+00
7.945952109994081525e+01,0.000000000000000000e+00,0.000000000000000000e+00
8.098111929183582447e+01,0.000000000000000000e+00,0.000000000000000000e+00
8.237502409452974916e+01,0.000000000000000000e+00,0.000000000000000000e+00
8.203448950509837800e+01,0.000000000000000000e+00,0.000000000000000000e+00
8.322531356385636059e+01,0.000000000000000000e+00,0.000000000000000000e+00
7.654915441000538578e+01,0.000000000000000000e+00,0.000000000000000000e+00
7.932103192319311802e+01,0.000000000000000000e+00,0.000000000000000000e+00
7.973657860516277651e+01,0.000000000000000000e+00,0.000000000000000000e+00
8.224876766567790298e+01,0.000000000000000000e+00,0.000000000000000000e+00
7.974375166357886258e+01,0.000000000000000000e+00,0.000000000000000000e+00
8.309701826632579014e+01,0.000000000000000000e+00,0.000000000000000000e+00
3.271041233183693464e+01,0.000000000000000000e+00,0.000000000000000000e+00
3.549036611461951907e+01,0.000000000000000000e+00,0.000000000000000000e+00
3.062427302782123562e+01,0.000000000000000000e+00,0.000000000000000000e+00
3.223008425602414917e+01,0.000000000000000000e+00,0.000000000000000000e+00
3.205278611710745906e+01,0.000000000000000000e+00,0.000000000000000000e+00
3.059654090196007914e+01,0.000000000000000000e+00,0.000000000000000000e+00
3.086551230664585432e+01,0.000000000000000000e+00,0.000000000000000000e+00
3.239657780583614510e+01,0.000000000000000000e+00,0.000000000000000000e+00
3.061352921432676766e+01,0.000000000000000000e+00,0.000000000000000000e+00
3.029745996606587610e+01,0.000000000000000000e+00,0.000000000000000000e+00
3.499073802501705899e+01,0.000000000000000000e+00,0.000000000000000000e+00
3.308942272406522989e+01,0.000000000000000000e+00,0.000000000000000000e+00
2.071592013599746451e+01,0.000000000000000000e+00,0.000000000000000000e+00
1.984500436978089510e+01,0.000000000000000000e+00,0.000000000000000000e+00
2.401159912642096472e+01,0.000000000000000000e+00,0.000000000000000000e+00
2.197549866852185119e+01,0.000000000000000000e+00,0.000000000000000000e+00
2.238432639634460486e+01,0.000000000000000000e+00,0.000000000000000000e+00
2.455254664353196858e+01,0.000000000000000000e+00,0.000000000000000000e+00
2.078925491830732852e+01,0.000000000000000000e+00,0.000000000000000000e+00
2.159585551684020288e+01,0.000000000000000000e+00,0.000000000000000000e+00
1.894800267549661399e+01,0.000000000000000000e+00,0.000000000000000000e+00
2.470342388941242007e+01,0.000000000000000000e+00,0.000000000000000000e+00
2.249652719995845729e+01,0.000000000000000000e+00,0.000000000000000000e+00
2.345231086026500833e+01,0.000000000000000000e+00,0.000000000000000000e+00
2.022644700158105380e+01,0.000000000000000000e+00,0.000000000000000000e+00
1.932350448489137662e+01,0.000000000000000000e+00,0.000000000000000000e+00
2.500607266586466437e+01,0.000000000000000000e+00,0.000000000000000000e+00
2.247503125519822476e+01,0.000000000000000000e+00,0.000000000000000000e+00
2.146712156051818710e+01,0.000000000000000000e+00,0.000000000000000000e+00
2.365458561940558013e+01,0.000000000000000000e+00,0.000000000000000000e+00
2.018521074945982363e+01,0.000000000000000000e+00,0.000000000000000000e+00
1.790259532591553793e+01,0.000000000000000000e+00,0.000000000000000000e+00
1.931776875119349768e+01,0.000000000000000000e+00,0.000000000000000000e+00
1.755323830465797741e+01,0.000000000000000000e+00,0.000000000000000000e+00
1.745413206600993306e+01,0.000000000000000000e+00,0.000000000000000000e+00
2.051906243257432294e+01,0.000000000000000000e+00,0.000000000000000000e+00
2.032918225201689921e+01,0.000000000000000000e+00,0.000000000000000000e+00
1.951827704997133139e+01,0.000000000000000000e+00,0.000000000000000000e+00
2.076461689415297229e+01,0.000000000000000000e+00,0.000000000000000000e+00
1.744331431565503010e+01,0.000000000000000000e+00,0.000000000000000000e+00
2.005630158182062317e+01,0.000000000000000000e+00,0.000000000000000000e+00
1.535132991140439174e+01,0.000000000000000000e+00,0.000000000000000000e+00
1.956984513229619793e+01,0.000000000000000000e+00,0.000000000000000000e+00
1.952909077729250953e+01,0.000000000000000000e+00,0.000000000000000000e+00
2.142925227151381407e+01,0.000000000000000000e+00,0.000000000000000000e+00
2.156505445453572989e+01,0.000000000000000000e+00,0.000000000000000000e+00
1.407289930978987336e+01,0.000000000000000000e+00,0.000000000000000000e+00
2.105048540411965163e+01,0.000000000000000000e+00,0.000000000000000000e+00
1.633343677000466698e+01,0.000000000000000000e+00,0.000000000000000000e+00
1.569847961727626995e+01,0.000000000000000000e+00,0.000000000000000000e+00
1.609469142866081981e+01,0.000000000000000000e+00,0.000000000000000000e+00
1.689480213566748290e+01,0.000000000000000000e+00,0.000000000000000000e+00
2.218336702655814818e+01,0.000000000000000000e+00,0.000000000000000000e+00
2.205570876513259293e+01,0.000000000000000000e+00,0.000000000000000000e+00
2.280223177314423211e+01,0.000000000000000000e+00,0.000000000000000000e+00
1.647261504495627449e+01,0.000000000000000000e+00,0.000000000000000000e+00
2.072176715168093253e+01,0.000000000000000000e+00,0.000000000000000000e+00
2.144640944454001641e+01,0.000000000000000000e+00,0.000000000000000000e+00
2.026864980400939231e+01,0.000000000000000000e+00,0.000000000000000000e+00
2.227185409559256968e+01,0.000000000000000000e+00,0.000000000000000000e+00
1.721239509072417917e+01,0.000000000000000000e+00,0.000000000000000000e+00
2.057488297085701134e+01,0.000000000000000000e+00,0.000000000000000000e+00
1.977340056696668924e+01,0.000000000000000000e+00,0.000000000000000000e+00
1.892902805301833524e+01,0.000000000000000000e+00,0.000000000000000000e+00
1.715078214533605916e+01,0.000000000000000000e+00,0.000000000000000000e+00
1.968963571199353169e+01,0.000000000000000000e+00,0.000000000000000000e+00
1.929832977754910317e+01,0.000000000000000000e+00,0.000000000000000000e+00
1.748312256551534105e+01,0.000000000000000000e+00,0.000000000000000000e+00
1.910204725160091144e+01,0.000000000000000000e+00,0.000000000000000000e+00
1.673998559439924350e+01,0.000000000000000000e+00,0.000000000000000000e+00
2.110243801495249372e+01,0.000000000000000000e+00,0.000000000000000000e+00
1.649461516936990080e+01,0.000000000000000000e+00,0.000000000000000000e+00
2.036789680197739472e+01,0.000000000000000000e+00,0.000000000000000000e+00
2.191476674998229868e+01,0.000000000000000000e+00,0.000000000000000000e+00
1.919991568424513417e+01,0.000000000000000000e+00,0.000000000000000000e+00
1.910259853729868951e+01,0.000000000000000000e+00,0.000000000000000000e+00
1.897188636754037816e+01,0.000000000000000000e+00,0.000000000000000000e+00
2.096550617032637831e+01,0.000000000000000000e+00,0.000000000000000000e+00
1.921558203364150685e+01,0.000000000000000000e+00,0.000000000000000000e+00
2.016322875792339531e+01,0.000000000000000000e+00,0.000000000000000000e+00
2.237563785739784805e+01,0.000000000000000000e+00,0.000000000000000000e+00
1.922135165610140817e+01,0.000000000000000000e+00,0.000000000000000000e+00
2.013922660425083677e+01,0.000000000000000000e+00,0.000000000000000000e+00
2.180260055594377633e+01,0.000000000000000000e+00,0.000000000000000000e+00
2.023891019483530584e+01,0.000000000000000000e+00,0.000000000000000000e+00
2.015208459909085548e+01,0.000000000000000000e+00,0.000000000000000000e+00
1.786203181884527069e+01,0.000000000000000000e+00,0.000000000000000000e+00
1.985583536613271960e+01,0.000000000000000000e+00,0.000000000000000000e+00
1.876978623501447174e+01,0.000000000000000000e+00,0.000000000000000000e+00
2.216762400855971293e+01,0.000000000000000000e+00,0.000000000000000000e+00
2.138255303627422776e+01,0.000000000000000000e+00,0.000000000000000000e+00
1.513310343457289164e+01,0.000000000000000000e+00,0.000000000000000000e+00
2.288335778990282776e+01,0.000000000000000000e+00,0.000000000000000000e+00
2.152721158302383841e+01,0.000000000000000000e+00,0.000000000000000000e+00
1.769613940449794143e+01,0.000000000000000000e+00,0.000000000000000000e+00
2.053028842407825394e+01,0.000000000000000000e+00,0.000000000000000000e+00
2.073463173222378586e+01,0.000000000000000000e+00,0.000000000000000000e+00
2.340826895104902761e+01,0.000000000000000000e+00,0.000000000000000000e+00
2.026772303000303310e+01,0.000000000000000000e+00,0.000000000000000000e+00
2.075465611941071487e+01,0.000000000000000000e+00,0.000000000000000000e+00
1.754345951835044559e+01,0.000000000000000000e+00,0.000000000000000000e+00
1.803830760901601238e+01,0.000000000000000000e+00,0.000000000000000000e+00
1.721142020589810073e+01,0.000000000000000000e+00,0.000000000000000000e+00
1.797093248078976302e+01,0.000000000000000000e+00,0.000000000000000000e+00
1.851349770016004115e+01,0.000000000000000000e+00,0.000000000000000000e+00
1.941614325311009281e+01,0.000000000000000000e+00,0.000000000000000000e+00
2.118222555470923751e+01,0.000000000000000000e+00,0.000000000000000000e+00
1.925405514880717917e+01,0.000000000000000000e+00,0.000000000000000000e+00
1.825733487825961987e+01,0.000000000000000000e+00,0.000000000000000000e+00
1.729827504895765244e+01,0.000000000000000000e+00,0.000000000000000000e+00
1.805517549404457256e+01,0.000000000000000000e+00,0.000000000000000000e+00
1.873707641453145101e+01,0.000000000000000000e+00,0.000000000000000000e+00
2.191921897933359276e+01,0.000000000000000000e+00,0.000000000000000000e+00
2.323639309876757153e+01,0.000000000000000000e+00,0.000000000000000000e+00
2.101928607849572472e+01,0.000000000000000000e+00,0.000000000000000000e+00
2.064349977996776886e+01,0.000000000000000000e+00,0.000000000000000000e+00
2.067561750853031910e+01,0.000000000000000000e+00,0.000000000000000000e+00
2.145658200303727980e+01,0.000000000000000000e+00,0.000000000000000000e+00
1.941392620183109585e+01,0.000000000000000000e+00,0.000000000000000000e+00
2.034459322758232602e+01,0.000000000000000000e+00,0.000000000000000000e+00
1.931930842145882821e+01,0.000000000000000000e+00,0.000000000000000000e+00
2.010773230004534895e+01,0.000000000000000000e+00,0.000000000000000000e+00
1.954309778040167345e+01,0.000000000000000000e+00,0.000000000000000000e+00
2.078864023805824246e+01,0.000000000000000000e+00,0.000000000000000000e+00
1.902329879877969177e+01,0.000000000000000000e+00,0.000000000000000000e+00
1.798572760183273900e+01,0.000000000000000000e+00,0.000000000000000000e+00
1.863052756498476725e+01,0.000000000000000000e+00,0.000000000000000000e+00
1.631182874972731156e+01,0.000000000000000000e+00,0.000000000000000000e+00
1.798064554476392374e+01,0.000000000000000000e+00,0.000000000000000000e+00
2.201195907991107248e+01,0.000000000000000000e+00,0.000000000000000000e+00
1.986444077721153434e+01,0.000000000000000000e+00,0.000000000000000000e+00
1.990419247364069477e+01,0.000000000000000000e+00,0.000000000000000000e+00
2.159967180766229689e+01,0.000000000000000000e+00,0.000000000000000000e+00
2.034162924046133725e+01,0.000000000000000000e+00,0.000000000000000000e+00
2.115224874977493386e+01,0.000000000000000000e+00,0.000000000000000000e+00
1.887947822888986593e+01,0.000000000000000000e+00,0.000000000000000000e+00
2.049984834939323264e+01,0.000000000000000000e+00,0.000000000000000000e+00
2.320502373595475021e+01,0.000000000000000000e+00,0.000000000000000000e+00
1.910542382298528352e+01,0.000000000000000000e+00,0.000000000000000000e+00
2.038777313495593191e+01,0.000000000000000000e+00,0.000000000000000000e+00
2.059315549279021340e+01,0.000000000000000000e+00,0.000000000000000000e+00
2.126483746863344493e+01,0.000000000000000000e+00,0.000000000000000000e+00
1.840790524252446403e+01,0.000000000000000000e+00,0.000000000000000000e+00
1.975026460359732283e+01,0.000000000000000000e+00,0.000000000000000000e+00
1.971246946919192666e+01,0.000000000000000000e+00,0.000000000000000000e+00
2.680652477952921231e+01,0.000000000000000000e+00,0.000000000000000000e+00
2.006455965143335618e+01,0.000000000000000000e+00,0.000000000000000000e+00
1.989164508787736452e+01,0.000000000000000000e+00,0.000000000000000000e+00
1.691861518993230717e+01,0.000000000000000000e+00,0.000000000000000000e+00
1.772060125003717346e+01,0.000000000000000000e+00,0.000000000000000000e+00
2.073768344660633289e+01,0.000000000000000000e+00,0.000000000000000000e+00
1.856286114409667221e+01,0.000000000000000000e+00,0.000000000000000000e+00
1.830183230783749337e+01,0.000000000000000000e+00,0.000000000000000000e+00
1.967658118828082436e+01,0.000000000000000000e+00,0.000000000000000000e+00
2.004390006596267071e+01,0.000000000000000000e+00,0.000000000000000000e+00
1.618397132920749826e+01,0.000000000000000000e+00,0.000000000000000000e+00
1.732445104311684503e+01,0.000000000000000000e+00,0.000000000000000000e+00
1.640122885299855326e+01,0.000000000000000000e+00,0.000000000000000000e+00
2.584338025075346934e+01,0.000000000000000000e+00,0.000000000000000000e+00
1.818637632759785205e+01,0.000000000000000000e+00,0.000000000000000000e+00
1.675435868244804993e+01,0.000000000000000000e+00,0.000000000000000000e+00
2.098903839828771112e+01,0.000000000000000000e+00,0.000000000000000000e+00
1.954485506965295016e+01,0.000000000000000000e+00,0.000000000000000000e+00
2.150604407743590940e+01,0.000000000000000000e+00,0.000000000000000000e+00
1.624179042608651358e+01,0.000000000000000000e+00,0.000000000000000000e+00
1.866607672690797770e+01,0.000000000000000000e+00,0.000000000000000000e+00
1.885784697398595355e+01,0.000000000000000000e+00,0.000000000000000000e+00
1.938446481785938502e+01,0.000000000000000000e+00,0.000000000000000000e+00
2.106852941977929561e+01,0.000000000000000000e+00,0.000000000000000000e+00
1.823231678977633763e+01,0.000000000000000000e+00,0.000000000000000000e+00
1.790706879099122872e+01,0.000000000000000000e+00,0.000000000000000000e+00
2.067707551187538684e+01,0.000000000000000000e+00,0.000000000000000000e+00
2.008748756494907894e+01,0.000000000000000000e+00,0.000000000000000000e+00
1.775272564355927329e+01,0.000000000000000000e+00,0.000000000000000000e+00
1.941031871288796040e+01,0.000000000000000000e+00,0.000000000000000000e+00
2.087698781396402126e+01,0.000000000000000000e+00,0.000000000000000000e+00
2.141841463366053588e+01,0.000000000000000000e+00,0.000000000000000000e+00
1.710348118503784320e+01,0.000000000000000000e+00,0.000000000000000000e+00
2.057131262143216688e+01,0.000000000000000000e+00,0.000000000000000000e+00
2.307674571111431305e+01,0.000000000000000000e+00,0.000000000000000000e+00
7.147549717532019997e+01,0.000000000000000000e+00,0.000000000000000000e+00
6.581293467294720756e+01,0.000000000000000000e+00,0.000000000000000000e+00
6.675421673856659766e+01,0.000000000000000000e+00,0.000000000000000000e+00
6.609626100725643028e+01,0.000000000000000000e+00,0.000000000000000000e+00
6.854190129610121573e+01,0.000000000000000000e+00,0.000000000000000000e+00
6.816910229469468163e+01,0.000000000000000000e+00,0.000000000000000000e+00
6.615069531017682891e+01,0.000000000000000000e+00,0.000000000000000000e+00
6.671822335337422771e+01,0.000000000000000000e+00,0.000000000000000000e+00
6.425845287731220878e+01,0.000000000000000000e+00,0.000000000000000000e+00
6.714318598344209477e+01,0.000000000000000000e+00,0.000000000000000000e+00
6.688887483835536329e+01,0.000000000000000000e+00,0.000000000000000000e+00
6.740925264223058377e+01,0.000000000000000000e+00,0.000000000000000000e+00
7.693523196965236366e+01,0.000000000000000000e+00,0.000000000000000000e+00
7.907139424967664354e+01,0.000000000000000000e+00,0.000000000000000000e+00
7.793138327226699857e+01,0.000000000000000000e+00,0.000000000000000000e+00
8.124829131017979478e+01,0.000000000000000000e+00,0.000000000000000000e+00
7.612661968826070336e+01,0.000000000000000000e+00,0.000000000000000000e+00
7.702566866269813772e+01,0.000000000000000000e+00,0.000000000000000000e+00
7.871414160977415975e+01,0.000000000000000000e+00,0.000000000000000000e+00
7.743117431578070864e+01,0.000000000000000000e+00,0.000000000000000000e+00
7.996681271996135365e+01,0.000000000000000000e+00,0.000000000000000000e+00
7.729547565131262843e+01,0.000000000000000000e+00,0.000000000000000000e+00
7.489341502590811217e+01,0.000000000000000000e+00,0.000000000000000000e+00
7.758389713980864144e+01,0.000000000000000000e+00,0.000000000000000000e+00
7.894659505140027989e+01,0.000000000000000000e+00,0.000000000000000000e+00
7.978256354775959380e+01,0.000000000000000000e+00,0.000000000000000000e+00
8.020163741129532298e+01,0.000000000000000000e+00,0.000000000000000000e+00
7.837916658646388157e+01,0.000000000000000000e+00,0.000000000000000000e+00
8.160193081142341498e+01,0.000000000000000000e+00,0.000000000000000000e+00
8.162144994121801744e+01,0.000000000000000000e+00,0.000000000000000000e+00
7.839302849626753300e+01,0.000000000000000000e+00,0.000000000000000000e+00
7.972568904392927891e+01,0.000000000000000000e+00,0.000000000000000000e+00
8.062835263885308734e+01,0.000000000000000000e+00,0.000000000000000000e+00
8.054599272003045485e+01,0.000000000000000000e+00,0.000000000000000000e+00
8.096028547847625134e+01,0.000000000000000000e+00,0.000000000000000000e+00
8.021986628005852538e+01,0.000000000000000000e+00,0.000000000000000000e+00
8.265159711914262175e+01,0.000000000000000000e+00,0.000000000000000000e+00
7.978676255668793260e+01,0.000000000000000000e+00,0.000000000000000000e+00
8.104023275534592585e+01,0.000000000000000000e+00,0.000000000000000000e+00
7.774397681564541074e+01,0.000000000000000000e+00,0.000000000000000000e+00
7.840121418184978097e+01,0.000000000000000000e+00,0.000000000000000000e+00
7.973235006272190617e+01,0.000000000000000000e+00,0.000000000000000000e+00
7.687657378639080719e+01,0.000000000000000000e+00,0.000000000000000000e+00
8.210719898464799371e+01,0.000000000000000000e+00,0.000000000000000000e+00
8.118332726530371701e+01,0.000000000000000000e+00,0.000000000000000000e+00
8.222727520504901122e+01,0.000000000000000000e+00,0.000000000000000000e+00
8.197752359663449795e+01,0.000000000000000000e+00,0.000000000000000000e+00
8.361607911229455681e+01,0.000000000000000000e+00,0.000000000000000000e+00
8.150075869871065493e+01,0.000000000000000000e+00,0.000000000000000000e+00
7.736978659620125143e+01,0.000000000000000000e+00,0.000000000000000000e+00
8.135467614044627283e+01,0.000000000000000000e+00,0.000000000000000000e+00
7.739812332964432073e+01,0.000000000000000000e+00,0.000000000000000000e+00
8.333988764239106217e+01,0.000000000000000000e+00,0.000000000000000000e+00
8.059568489197243935e+01,0.000000000000000000e+00,0.000000000000000000e+00
8.482968408735906962e+01,0.000000000000000000e+00,0.000000000000000000e+00
7.616717888798802960e+01,0.000000000000000000e+00,0.000000000000000000e+00
8.108915340966126450e+01,0.000000000000000000e+00,0.000000000000000000e+00
8.165704323088387184e+01,0.000000000000000000e+00,0.000000000000000000e+00
7.926722812196787515e+01,0.000000000000000000e+00,0.000000000000000000e+00
7.738563222837356648e+01,0.000000000000000000e+00,0.000000000000000000e+00
7.855185934280522986e+01,0.000000000000000000e+00,0.000000000000000000e+00
7.648066825712017192e+01,0.000000000000000000e+00,0.000000000000000000e+00
8.188583247017793099e+01,0.000000000000000000e+00,0.000000000000000000e+00
8.060115459183489861e+01,0.000000000000000000e+00,0.000000000000000000e+00
8.151285835453052186e+01,0.000000000000000000e+00,0.000000000000000000e+00
7.901762019743821952e+01,0.000000000000000000e+00,0.000000000000000000e+00
8.200823744919324554e+01,0.000000000000000000e+00,0.000000000000000000e+00
8.003798481649998564e+01,0.000000000000000000e+00,0.000000000000000000e+00
7.953668593236217532e+01,0.000000000000000000e+00,0.000000000000000000e+00
7.758799739284204122e+01,0.000000000000000000e+00,0.000000000000000000e+00
8.065866718770280386e+01,0.000000000000000000e+00,0.000000000000000000e+00
8.089023910615244972e+01,0.000000000000000000e+00,0.000000000000000000e+00
7.882966560308432236e+01,0.000000000000000000e+00,0.000000000000000000e+00
7.958055162585881703e+01,0.000000000000000000e+00,0.000000000000000000e+00
7.547538460971563268e+01,0.000000000000000000e+00,0.000000000000000000e+00
7.805791988676094206e+01,0.000000000000000000e+00,0.000000000000000000e+00
7.666790844431803009e+01,0.000000000000000000e+00,0.000000000000000000e+00
7.804598262198302905e+01,0.000000000000000000e+00,0.000000000000000000e+00
8.024744292397387824e+01,0.000000000000000000e+00,0.000000000000000000e+00
7.928633239982418957e+01,0.000000000000000000e+00,0.000000000000000000e+00
7.730935209971505628e+01,0.000000000000000000e+00,0.000000000000000000e+00
8.131105323645159899e+01,0.000000000000000000e+00,0.000000000000000000e+00
7.781159064541270709e+01,0.000000000000000000e+00,0.000000000000000000e+00
7.929936301672753984e+01,0.000000000000000000e+00,0.000000000000000000e+00
8.198976626409540813e+01,0.000000000000000000e+00,0.000000000000000000e+00
7.636178072718205101e+01,0.000000000000000000e+00,0.000000000000000000e+00
8.120834427483272577e+01,0.000000000000000000e+00,0.000000000000000000e+00
7.956000757461700346e+01,0.000000000000000000e+00,0.000000000000000000e+00
7.830184522232750055e+01,0.000000000000000000e+00,0.000000000000000000e+00
7.909629553813465463e+01,0.000000000000000000e+00,0.000000000000000000e+00
7.838254952877014148e+01,0.000000000000000000e+00,0.000000000000000000e+00
8.146634543062981493e+01,0.000000000000000000e+00,0.000000000000000000e+00
8.216019040181485877e+01,0.000000000000000000e+00,0.000000000000000000e+00
8.052381318401256749e+01,0.000000000000000000e+00,0.000000000000000000e+00
8.087687282257252264e+01,0.000000000000000000e+00,0.000000000000000000e+00
7.735713531309271218e+01,0.000000000000000000e+00,0.000000000000000000e+00
8.229723683510022170e+01,0.000000000000000000e+00,0.000000000000000000e+00
8.155009345344376470e+01,0.000000000000000000e+00,0.000000000000000000e+00
8.273515314146985133e+01,0.000000000000000000e+00,0.000000000000000000e+00
8.133305677794292876e+01,0.000000000000000000e+00,0.000000000000000000e+00
8.050625725411853750e+01,0.000000000000000000e+00,0.000000000000000000e+00
7.808832807030269407e+01,0.000000000000000000e+00,0.000000000000000000e+00
8.035024973401537807e+01,0.000000000000000000e+00,0.000000000000000000e+00
8.128190343217690383e+01,0.000000000000000000e+00,0.000000000000000000e+00
8.017569557860308294e+01,0.000000000000000000e+00,0.000000000000000000e+00
7.975710151895027877e+01,0.000000000000000000e+00,0.000000000000000000e+00
7.933442788705910687e+01,0.000000000000000000e+00,0.000000000000000000e+00
8.070155489011347072e+01,0.000000000000000000e+00,0.000000000000000000e+00
3.076708279002467350e+01,0.000000000000000000e+00,0.000000000000000000e+00
3.362774404258600924e+01,0.000000000000000000e+00,0.000000000000000000e+00
3.246717257308529270e+01,0.000000000000000000e+00,0.000000000000000000e+00
3.144066952761190947e+01,0.000000000000000000e+00,0.000000000000000000e+00
3.306216807549042613e+01,0.000000000000000000e+00,0.000000000000000000e+00
2.800624223173350202e+01,0.000000000000000000e+00,0.000000000000000000e+00
2.990480018196384293e+01,0.000000000000000000e+00,0.000000000000000000e+00
3.288898932490020144e+01,0.000000000000000000e+00,0.000000000000000000e+00
2.935110703665172949e+01,0.000000000000000000e+00,0.000000000000000000e+00
3.272757288868362480e+01,0.000000000000000000e+00,0.000000000000000000e+00
3.073498302216897571e+01,0.000000000000000000e+00,0.000000000000000000e+00
3.200029165137584641e+01,0.000000000000000000e+00,0.000000000000000000e+00
2.065284441475141364e+01,0.000000000000000000e+00,0.000000000000000000e+00
2.424586158238784250e+01,0.000000000000000000e+00,0.000000000000000000e+00
2.459656023500924960e+01,0.000000000000000000e+00,0.000000000000000000e+00
2.246476382212254208e+01,0.000000000000000000e+00,0.000000000000000000e+00
2.101883586584744279e+01,0.000000000000000000e+00,0.000000000000000000e+00
1.903088406943404820e+01,0.000000000000000000e+00,0.000000000000000000e+00
2.065355063578096662e+01,0.000000000000000000e+00,0.000000000000000000e+00
1.925866014680996230e+01,0.000000000000000000e+00,0.000000000000000000e+00
2.225546567875813153e+01,0.000000000000000000e+00,0.000000000000000000e+00
2.135477602870194502e+01,0.000000000000000000e+00,0.000000000000000000e+00
2.246990031136663291e+01,0.000000000000000000e+00,0.000000000000000000e+00
2.085096028457375184e+01,0.000000000000000000e+00,0.000000000000000000e+00
1.828199258267788352e+01,0.000000000000000000e+00,0.000000000000000000e+00
1.954154324194186643e+01,0.000000000000000000e+00,0.000000000000000000e+00
1.959526645881768658e+01,0.000000000000000000e+00,0.000000000000000000e+00
2.089173858909533621e+01,0.000000000000000000e+00,0.000000000000000000e+00
1.905865257357754672e+01,0.000000000000000000e+00,0.000000000000000000e+00
1.714280034970512290e+01,0.000000000000000000e+00,0.000000000000000000e+00
1.808818144687458584e+01,0.000000000000000000e+00,0.000000000000000000e+00
2.121003245640330448e+01,0.000000000000000000e+00,0.000000000000000000e+00
1.647325311584485874e+01,0.000000000000000000e+00,0.000000000000000000e+00
1.828100909258467155e+01,0.000000000000000000e+00,0.000000000000000000e+00
2.109565973129550187e+01,0.000000000000000000e+00,0.000000000000000000e+00
2.104599822391043062e+01,0.000000000000000000e+00,0.000000000000000000e+00
2.003933167187952336e+01,0.000000000000000000e+00,0.000000000000000000e+00
1.991428371453992341e+01,0.000000000000000000e+00,0.000000000000000000e+00
1.811870465218775905e+01,0.000000000000000000e+00,0.000000000000000000e+00
2.031372936521055550e+01,0.000000000000000000e+00,0.000000000000000000e+00
2.110309986542583616e+01,0.000000000000000000e+00,0.000000000000000000e+00
1.946977034061537992e+01,0.000000000000000000e+00,0.000000000000000000e+00
2.469548819203860646e+01,0.000000000000000000e+00,0.000000000000000000e+00
1.706427336302616737e+01,0.000000000000000000e+00,0.000000000000000000e+00
2.025366301854965911e+01,0.000000000000000000e+00,0.000000000000000000e+00
2.369908232655692970e+01,0.000000000000000000e+00,0.000000000000000000e+00
2.088795124133073600e+01,0.000000000000000000e+00,0.000000000000000000e+00
2.013120753276241359e+01,0.000000000000000000e+00,0.000000000000000000e+00
2.114451418962022444e+01,0.000000000000000000e+00,0.000000000000000000e+00
1.575384880091592699e+01,0.000000000000000000e+00,0.000000000000000000e+00
1.738339013626660901e+01,0.000000000000000000e+00,0.000000000000000000e+00
2.292246170021721596e+01,0.000000000000000000e+00,0.000000000000000000e+00
1.819185239923370290e+01,0.000000000000000000e+00,0.000000000000000000e+00
1.743785733035974062e+01,0.000000000000000000e+00,0.000000000000000000e+00
1.962529316485338526e+01,0.000000000000000000e+00,0.000000000000000000e+00
1.969139176648769407e+01,0.000000000000000000e+00,0.000000000000000000e+00
2.176306673786925217e+01,0.000000000000000000e+00,0.000000000000000000e+00
1.958909233474983935e+01,0.000000000000000000e+00,0.000000000000000000e+00
1.967493360633032395e+01,0.000000000000000000e+00,0.000000000000000000e+00
1.965385835527434821e+01,0.000000000000000000e+00,0.000000000000000000e+00
2.094319280668320715e+01,0.000000000000000000e+00,0.000000000000000000e+00
2.332640384246041165e+01,0.000000000000000000e+00,0.000000000000000000e+00
2.023799911922040806e+01,0.000000000000000000e+00,0.000000000000000000e+00
1.847103008861077811e+01,0.000000000000000000e+00,0.000000000000000000e+00
2.153290448654209754e+01,0.000000000000000000e+00,0.000000000000000000e+00
1.769869362114796729e+01,0.000000000000000000e+00,0.000000000000000000e+00
2.190842411272148738e+01,0.000000000000000000e+00,0.000000000000000000e+00
2.171494726004723574e+01,0.000000000000000000e+00,0.000000000000000000e+00
2.262102382870139650e+01,0.000000000000000000e+00,0.000000000000000000e+00
2.088674361633798071e+01,0.000000000000000000e+00,0.000000000000000000e+00
1.856004360440755718e+01,0.000000000000000000e+00,0.000000000000000000e+00
1.809702139599550463e+01,0.000000000000000000e+00,0.000000000000000000e+00
1.901322196338469439e+01,0.000000000000000000e+00,0.000000000000000000e+00
1.757733158137927632e+01,0.000000000000000000e+00,0.000000000000000000e+00
1.844216361220402689e+01,0.000000000000000000e+00,0.000000000000000000e+00
1.958344499524046256e+01,0.000000000000000000e+00,0.000000000000000000e+00
2.090015539136736322e+01,0.000000000000000000e+00,0.000000000000000000e+00
2.001822857377757359e+01,0.000000000000000000e+00,0.000000000000000000e+00
1.979111803625977473e+01,0.000000000000000000e+00,0.000000000000000000e+00
1.594290588733969827e+01,0.000000000000000000e+00,0.000000000000000000e+00
2.109245184743335599e+01,0.000000000000000000e+00,0.000000000000000000e+00
1.835437346784589607e+01,0.000000000000000000e+00,0.000000000000000000e+00
2.039202955891869706e+01,0.000000000000000000e+00,0.000000000000000000e+00
2.086856628860089558e+01,0.000000000000000000e+00,0.000000000000000000e+00
1.885006207760363139e+01,0.000000000000000000e+00,0.000000000000000000e+00
1.850257273950753856e+01,0.000000000000000000e+00,0.000000000000000000e+00
1.838382534839461258e+01,0.000000000000000000e+00,0.000000000000000000e+00
1.963039764267626808e+01,0.000000000000000000e+00,0.000000000000000000e+00
1.797193805661444088e+01,0.000000000000000000e+00,0.000000000000000000e+00
1.787369322930963378e+01,0.000000000000000000e+00,0.000000000000000000e+00
1.923047283706377542e+01,0.000000000000000000e+00,0.000000000000000000e+00
1.582601912687595203e+01,0.000000000000000000e+00,0.000000000000000000e+00
1.771935564670986452e+01,0.000000000000000000e+00,0.000000000000000000e+00
2.050272902211613868e+01,0.000000000000000000e+00,0.000000000000000000e+00
2.036651014529777370e+01,0.000000000000000000e+00,0.000000000000000000e+00
2.282418637450984278e+01,0.000000000000000000e+00,0.000000000000000000e+00
1.961828681308434952e+01,0.000000000000000000e+00,0.000000000000000000e+00
1.819476992363125945e+01,0.000000000000000000e+00,0.000000000000000000e+00
2.019528242929637329e+01,0.000000000000000000e+00,0.000000000000000000e+00
2.049491949357357967e+01,0.000000000000000000e+00,0.000000000000000000e+00
1.755509023926023460e+01,0.000000000000000000e+00,0.000000000000000000e+00
2.076528946595992053e+01,0.000000000000000000e+00,0.000000000000000000e+00
2.455198798797588466e+01,0.000000000000000000e+00,0.000000000000000000e+00
1.762078131583890439e+01,0.000000000000000000e+00,0.000000000000000000e+00
1.895817776825938239e+01,0.000000000000000000e+00,0.000000000000000000e+00
2.115166918966455967e+01,0.000000000000000000e+00,0.000000000000000000e+00
1.769188203476159771e+01,0.000000000000000000e+00,0.000000000000000000e+00
2.174572204076279291e+01,0.000000000000000000e+00,0.000000000000000000e+00
1.904440996429946864e+01,0.000000000000000000e+00,0.000000000000000000e+00
2.074158382737295270e+01,0.000000000000000000e+00,0.000000000000000000e+00
2.222273613991254848e+01,0.000000000000000000e+00,0.000000000000000000e+00
2.045415338784253478e+01,0.000000000000000000e+00,0.000000000000000000e+00
2.280073510530156611e+01,0.000000000000000000e+00,0.000000000000000000e+00
1.946881542320526393e+01,0.000000000000000000e+00,0.000000000000000000e+00
2.096461246039689641e+01,0.000000000000000000e+00,0.000000000000000000e+00
2.310957321766832706e+01,0.000000000000000000e+00,0.000000000000000000e+00
1.681344815985505647e+01,0.000000000000000000e+00,0.000000000000000000e+00
2.101550797475126942e+01,0.000000000000000000e+00,0.000000000000000000e+00
1.424642133054337023e+01,0.000000000000000000e+00,0.000000000000000000e+00
1.887498853129217835e+01,0.000000000000000000e+00,0.000000000000000000e+00
1.883193967530920787e+01,0.000000000000000000e+00,0.000000000000000000e+00
2.009518411727151843e+01,0.000000000000000000e+00,0.000000000000000000e+00
2.096884542214139557e+01,0.000000000000000000e+00,0.000000000000000000e+00
2.178026579917228389e+01,0.000000000000000000e+00,0.000000000000000000e+00
1.921157773317292339e+01,0.000000000000000000e+00,0.000000000000000000e+00
2.253355715975704854e+01,0.000000000000000000e+00,0.000000000000000000e+00
2.086773995517358671e+01,0.000000000000000000e+00,0.000000000000000000e+00
2.238638931249152719e+01,0.000000000000000000e+00,0.000000000000000000e+00
1.999653344328853777e+01,0.000000000000000000e+00,0.000000000000000000e+00
2.080917817018914562e+01,0.000000000000000000e+00,0.000000000000000000e+00
1.777495088775176768e+01,0.000000000000000000e+00,0.000000000000000000e+00
2.060915014810719015e+01,0.000000000000000000e+00,0.000000000000000000e+00
1.987803157999204728e+01,0.000000000000000000e+00,0.000000000000000000e+00
2.261952461146286453e+01,0.000000000000000000e+00,0.000000000000000000e+00
1.655844157313169163e+01,0.000000000000000000e+00,0.000000000000000000e+00
1.837293520377711431e+01,0.000000000000000000e+00,0.000000000000000000e+00
1.873137410680921633e+01,0.000000000000000000e+00,0.000000000000000000e+00
2.429706494277315443e+01,0.000000000000000000e+00,0.000000000000000000e+00
1.782199141782024299e+01,0.000000000000000000e+00,0.000000000000000000e+00
1.995350629737752257e+01,0.000000000000000000e+00,0.000000000000000000e+00
1.933909548443032378e+01,0.000000000000000000e+00,0.000000000000000000e+00
2.076022192288497692e+01,0.000000000000000000e+00,0.000000000000000000e+00
1.736316327997221975e+01,0.000000000000000000e+00,0.000000000000000000e+00
1.676707840451534892e+01,0.000000000000000000e+00,0.000000000000000000e+00
1.691217783172153588e+01,0.000000000000000000e+00,0.000000000000000000e+00
2.008850892164584678e+01,0.000000000000000000e+00,0.000000000000000000e+00
1.809403722973675954e+01,0.000000000000000000e+00,0.000000000000000000e+00
2.079711096272543358e+01,0.000000000000000000e+00,0.000000000000000000e+00
1.940584479296595788e+01,0.000000000000000000e+00,0.000000000000000000e+00
2.049928831754686698e+01,0.000000000000000000e+00,0.000000000000000000e+00
1.918094015858856238e+01,0.000000000000000000e+00,0.000000000000000000e+00
2.202306021915158141e+01,0.000000000000000000e+00,0.000000000000000000e+00
1.782248845391083236e+01,0.000000000000000000e+00,0.000000000000000000e+00
2.191292337585015204e+01,0.000000000000000000e+00,0.000000000000000000e+00
2.104899829244982001e+01,0.000000000000000000e+00,0.000000000000000000e+00
1.645820886502375302e+01,0.000000000000000000e+00,0.000000000000000000e+00
2.215655406568759389e+01,0.000000000000000000e+00,0.000000000000000000e+00
2.200872093146407948e+01,0.000000000000000000e+00,0.000000000000000000e+00
2.117079373625698224e+01,0.000000000000000000e+00,0.000000000000000000e+00
1.910673634741728932e+01,0.000000000000000000e+00,0.000000000000000000e+00
2.031670670901494447e+01,0.000000000000000000e+00,0.000000000000000000e+00
2.213317872659994023e+01,0.000000000000000000e+00,0.000000000000000000e+00
1.583513230165245389e+01,0.000000000000000000e+00,0.000000000000000000e+00
2.346483086350853142e+01,0.000000000000000000e+00,0.000000000000000000e+00
1.983914932359737904e+01,0.000000000000000000e+00,0.000000000000000000e+00
1.934607274668904253e+01,0.000000000000000000e+00,0.000000000000000000e+00
2.019635055499935206e+01,0.000000000000000000e+00,0.000000000000000000e+00
1.732624022525430618e+01,0.000000000000000000e+00,0.000000000000000000e+00
2.169708513164949437e+01,0.000000000000000000e+00,0.000000000000000000e+00
2.261572930749522925e+01,0.000000000000000000e+00,0.000000000000000000e+00
2.002161346021942379e+01,0.000000000000000000e+00,0.000000000000000000e+00
2.168096974352287631e+01,0.000000000000000000e+00,0.000000000000000000e+00
1.890143739837071735e+01,0.000000000000000000e+00,0.000000000000000000e+00
2.147687107238257198e+01,0.000000000000000000e+00,0.000000000000000000e+00
2.219198727363688306e+01,0.000000000000000000e+00,0.000000000000000000e+00
2.069115124402057759e+01,0.000000000000000000e+00,0.000000000000000000e+00
1.744134904900615268e+01,0.000000000000000000e+00,0.000000000000000000e+00
1.930666945629321773e+01,0.000000000000000000e+00,0.000000000000000000e+00
2.324890453810697366e+01,0.000000000000000000e+00,0.000000000000000000e+00
1.870158091190613447e+01,0.000000000000000000e+00,0.000000000000000000e+00
6.926190852632454664e+01,0.000000000000000000e+00,0.000000000000000000e+00
6.696062551607897717e+01,0.000000000000000000e+00,0.000000000000000000e+00
6.537796340462730882e+01,0.000000000000000000e+00,0.000000000000000000e+00
6.634348723750581200e+01,0.000000000000000000e+00,0.000000000000000000e+00
6.793705589842052461e+01,0.000000000000000000e+00,0.000000000000000000e+00
7.022806070660352873e+01,0.000000000000000000e+00,0.000000000000000000e+00
6.765440925833267727e+01,0.000000000000000000e+00,0.000000000000000000e+00
6.932547041664460608e+01,0.000000000000000000e+00,0.000000000000000000e+00
6.703777686222866805e+01,0.000000000000000000e+00,0.000000000000000000e+00
6.536486083753486298e+01,0.000000000000000000e+00,0.000000000000000000e+00
6.741197144127571050e+01,0.000000000000000000e+00,0.000000000000000000e+00
7.082708628459253930e+01,0.000000000000000000e+00,0.000000000000000000e+00
7.526720690902381250e+01,0.000000000000000000e+00,0.000000000000000000e+00
7.765163266539703102e+01,0.000000000000000000e+00,0.000000000000000000e+00
7.724137453246176221e+01,0.000000000000000000e+00,0.000000000000000000e+00
8.181613168326413188e+01,0.000000000000000000e+00,0.000000000000000000e+00
8.020222381266434297e+01,0.000000000000000000e+00,0.000000000000000000e+00
7.937843190447341613e+01,0.000000000000000000e+00,0.000000000000000000e+00
7.458252808055276262e+01,0.000000000000000000e+00,0.000000000000000000e+00
7.321320089726611968e+01,0.000000000000000000e+00,0.000000000000000000e+00
7.700200028953254616e+01,0.000000000000000000e+00,0.000000000000000000e+00
7.841062691414200003e+01,0.000000000000000000e+00,0.000000000000000000e+00
7.338072739217881235e+01,0.000000000000000000e+00,0.000000000000000000e+00
7.547640079617178799e+01,0.000000000000000000e+00,0.000000000000000000e+00
7.885491648237247375e+01,0.000000000000000000e+00,0.000000000000000000e+00
7.771479038037942644e+01,0.000000000000000000e+00,0.000000000000000000e+00
8.013472127612817530e+01,0.000000000000000000e+00,0.000000000000000000e+00
7.851301480311620651e+01,0.000000000000000000e+00,0.000000000000000000e+00
8.011429577497453636e+01,0.000000000000000000e+00,0.000000000000000000e+00
7.959292148081776475e+01,0.000000000000000000e+00,0.000000000000000000e+00
7.948413143516037849e+01,0.000000000000000000e+00,0.000000000000000000e+00
8.041725668465657861e+01,0.000000000000000000e+00,0.000000000000000000e+00
7.648684021353024320e+01,0.000000000000000000e+00,0.000000000000000000e+00
8.367038702133368133e+01,0.000000000000000000e+00,0.000000000000000000e+00
8.133980492663130235e+01,0.000000000000000000e+00,0.000000000000000000e+00
7.734627451972140477e+01,0.000000000000000000e+00,0.000000000000000000e+00
7.896551456608558794e+01,0.000000000000000000e+00,0.000000000000000000e+00
7.638700849380292368e+01,0.000000000000000000e+00,0.000000000000000000e+00
8.674713901113820214e+01,0.000000000000000000e+00,0.000000000000000000e+00
7.979102068104042189e+01,0.000000000000000000e+00,0.000000000000000000e+00
7.920725338410341010e+01,0.000000000000000000e+00,0.000000000000000000e+00
7.945434537915821238e+01,0.000000000000000000e+00,0.000000000000000000e+00
7.993062418201222386e+01,0.000000000000000000e+00,0.000000000000000000e+00
8.036681460332054883e+01,0.000000000000000000e+00,0.000000000000000000e+00
7.945809164275301839e+01,0.000000000000000000e+00,0.000000000000000000e+00
7.815189014584200322e+01,0.000000000000000000e+00,0.000000000000000000e+00
8.012960229808197710e+01,0.000000000000000000e+00,0.000000000000000000e+00
8.212256197624616050e+01,0.000000000000000000e+00,0.000000000000000000e+00
7.932148294627427276e+01,0.000000000000000000e+00,0.000000000000000000e+00
8.143761916833715020e+01,0.000000000000000000e+00,0.000000000000000000e+00
7.975216434325128034e+01,0.000000000000000000e+00,0.000000000000000000e+00
8.265085148559366246e+01,0.000000000000000000e+00,0.000000000000000000e+00
8.151063080260510674e+01,0.000000000000000000e+00,0.000000000000000000e+00
8.100225709899140725e+01,0.000000000000000000e+00,0.000000000000000000e+00
7.682365379203091038e+01,0.000000000000000000e+00,0.000000000000000000e+00
7.927794402344554214e+01,0.000000000000000000e+00,0.000000000000000000e+00
8.104037397778945717e+01,0.000000000000000000e+00,0.000000000000000000e+00
8.208434116112125878e+01,0.000000000000000000e+00,0.000000000000000000e+00
7.848486193312878356e+01,0.000000000000000000e+00,0.000000000000000000e+00
7.919137219701777042e+01,0.000000000000000000e+00,0.000000000000000000e+00
7.848572184127738183e+01,0.000000000000000000e+00,0.000000000000000000e+00
7.712038510517990630e+01,0.000000000000000000e+00,0.000000000000000000e+00
8.060388395634326741e+01,0.000000000000000000e+00,0.000000000000000000e+00
8.148001580852908887e+01,0.000000000000000000e+00,0.000000000000000000e+00
7.762964898273627057e+01,0.000000000000000000e+00,0.000000000000000000e+00
7.505212987038757433e+01,0.000000000000000000e+00,0.000000000000000000e+00
7.754412308096956963e+01,0.000000000000000000e+00,0.000000000000000000e+00
7.903821133362876594e+01,0.000000000000000000e+00,0.000000000000000000e+00
7.639242566272933743e+01,0.000000000000000000e+00,0.000000000000000000e+00
7.833020839859921125e+01,0.000000000000000000e+00,0.000000000000000000e+00
8.261822176299907028e+01,0.000000000000000000e+00,0.000000000000000000e+00
8.104970513139375043e+01,0.000000000000000000e+00,0.000000000000000000e+00
8.037161428494847826e+01,0.000000000000000000e+00,0.000000000000000000e+00
8.198677286983189560e+01,0.000000000000000000e+00,0.000000000000000000e+00
7.869032012737517334e+01,0.000000000000000000e+00,0.000000000000000000e+00
7.896489933216072643e+01,0.000000000000000000e+00,0.000000000000000000e+00
8.107977610773943411e+01,0.000000000000000000e+00,0.000000000000000000e+00
8.176547667852332779e+01,0.000000000000000000e+00,0.000000000000000000e+00
7.969243803636182122e+01,0.000000000000000000e+00,0.000000000000000000e+00
7.927052036806017554e+01,0.000000000000000000e+00,0.000000000000000000e+00
7.751302293785373365e+01,0.000000000000000000e+00,0.000000000000000000e+00
8.021608986747708059e+01,0.000000000000000000e+00,0.000000000000000000e+00
8.289345471457448866e+01,0.000000000000000000e+00,0.000000000000000000e+00
8.100557068437672115e+01,0.000000000000000000e+00,0.000000000000000000e+00
8.055611385595015861e+01,0.000000000000000000e+00,0.000000000000000000e+00
8.042209726576706430e+01,0.000000000000000000e+00,0.000000000000000000e+00
7.716338029365010698e+01,0.000000000000000000e+00,0.000000000000000000e+00
8.055069610289069715e+01,0.000000000000000000e+00,0.000000000000000000e+00
7.879108980458502742e+01,0.000000000000000000e+00,0.000000000000000000e+00
8.105402222109314891e+01,0.000000000000000000e+00,0.000000000000000000e+00
7.663809771177268715e+01,0.000000000000000000e+00,0.000000000000000000e+00
8.197412465053228914e+01,0.000000000000000000e+00,0.000000000000000000e+00
8.336915224959959403e+01,0.000000000000000000e+00,0.000000000000000000e+00
8.100619747508463320e+01,0.000000000000000000e+00,0.000000000000000000e+00
8.162235361284956525e+01,0.000000000000000000e+00,0.000000000000000000e+00
8.168742625763411525e+01,0.000000000000000000e+00,0.000000000000000000e+00
7.930886607212762840e+01,0.000000000000000000e+00,0.000000000000000000e+00
8.083881337515491339e+01,0.000000000000000000e+00,0.000000000000000000e+00
7.979478184394137941e+01,0.000000000000000000e+00,0.000000000000000000e+00
7.796387040879399422e+01,0.000000000000000000e+00,0.000000000000000000e+00
8.042466298422952775e+01,0.000000000000000000e+00,0.000000000000000000e+00
8.338410846386935305e+01,0.000000000000000000e+00,0.000000000000000000e+00
7.702040186101436348e+01,0.000000000000000000e+00,0.000000000000000000e+00
8.015430712177587225e+01,0.000000000000000000e+00,0.000000000000000000e+00
7.910550928776598312e+01,0.000000000000000000e+00,0.000000000000000000e+00
7.945830060164890085e+01,0.000000000000000000e+00,0.000000000000000000e+00
8.282133015141140220e+01,0.000000000000000000e+00,0.000000000000000000e+00
8.023934117600650495e+01,0.000000000000000000e+00,0.000000000000000000e+00
3.263418833672908903e+01,0.000000000000000000e+00,0.000000000000000000e+00
3.410177428203503069e+01,0.000000000000000000e+00,0.000000000000000000e+00
3.356142398845361186e+01,0.000000000000000000e+00,0.000000000000000000e+00
3.107627409859362899e+01,0.000000000000000000e+00,0.000000000000000000e+00
3.271878436890779085e+01,0.000000000000000000e+00,0.000000000000000000e+00
3.225379214241876014e+01,0.000000000000000000e+00,0.000000000000000000e+00
3.131482827959934312e+01,0.000000000000000000e+00,0.000000000000000000e+00
3.314662430459352294e+01,0.000000000000000000e+00,0.000000000000000000e+00
3.366146849284586295e+01,0.000000000000000000e+00,0.000000000000000000e+00
3.181185854686606262e+01,0.000000000000000000e+00,0.000000000000000000e+00
3.036896065548511814e+01,0.000000000000000000e+00,0.000000000000000000e+00
3.215604750169957526e+01,0.000000000000000000e+00,0.000000000000000000e+00
2.034554362581816989e+01,0.000000000000000000e+00,0.000000000000000000e+00
2.297353756523115820e+01,0.000000000000000000e+00,0.000000000000000000e+00
2.247512136825200812e+01,0.000000000000000000e+00,0.000000000000000000e+00
1.973427374326299955e+01,0.000000000000000000e+00,0.000000000000000000e+00
2.052645670724761473e+01,0.000000000000000000e+00,0.000000000000000000e+00
2.580544854328538662e+01,0.000000000000000000e+00,0.000000000000000000e+00
2.161005247052056788e+01,0.000000000000000000e+00,0.000000000000000000e+00
2.195711360525491429e+01,0.000000000000000000e+00,0.000000000000000000e+00
2.286219307923559896e+01,0.000000000000000000e+00,0.000000000000000000e+00
2.241912366705169291e+01,0.000000000000000000e+00,0.000000000000000000e+00
2.276201543395114157e+01,0.000000000000000000e+00,0.000000000000000000e+00
2.412986258662689565e+01,0.000000000000000000e+00,0.000000000000000000e+00
1.966092790159850168e+01,0.000000000000000000e+00,0.000000000000000000e+00
1.922528383179618672e+01,0.000000000000000000e+00,0.000000000000000000e+00
1.966240085351149602e+01,0.000000000000000000e+00,0.000000000000000000e+00
1.841845044563852696e+01,0.000000000000000000e+00,0.000000000000000000e+00
2.055391675121353146e+01,0.000000000000000000e+00,0.000000000000000000e+00
1.677164438868530993e+01,0.000000000000000000e+00,0.000000000000000000e+00
2.090682991386103495e+01,0.000000000000000000e+00,0.000000000000000000e+00
2.245506466684765101e+01,0.000000000000000000e+00,0.000000000000000000e+00
1.897421519592628414e+01,0.000000000000000000e+00,0.000000000000000000e+00
1.902472614717347454e+01,0.000000000000000000e+00,0.000000000000000000e+00
2.095384170464816975e+01,0.000000000000000000e+00,0.000000000000000000e+00
1.784701107835184786e+01,0.000000000000000000e+00,0.000000000000000000e+00
1.914758447078363801e+01,0.000000000000000000e+00,0.000000000000000000e+00
2.181617017122629676e+01,0.000000000000000000e+00,0.000000000000000000e+00
1.982896200222314675e+01,0.000000000000000000e+00,0.000000000000000000e+00
1.735482494300438461e+01,0.000000000000000000e+00,0.000000000000000000e+00
2.516514184871919113e+01,0.000000000000000000e+00,0.000000000000000000e+00
1.777548093871271107e+01,0.000000000000000000e+00,0.000000000000000000e+00
2.021742710024626177e+01,0.000000000000000000e+00,0.000000000000000000e+00
2.083349753614247035e+01,0.000000000000000000e+00,0.000000000000000000e+00
1.805192196958117279e+01,0.000000000000000000e+00,0.000000000000000000e+00
2.060261592871105307e+01,0.000000000000000000e+00,0.000000000000000000e+00
2.037180281046327934e+01,0.000000000000000000e+00,0.000000000000000000e+00
2.187021137572396512e+01,0.000000000000000000e+00,0.000000000000000000e+00
2.003820195625997869e+01,0.000000000000000000e+00,0.000000000000000000e+00
1.933382263775619236e+01,0.000000000000000000e+00,0.000000000000000000e+00
1.795841940762411326e+01,0.000000000000000000e+00,0.000000000000000000e+00
2.295533543708221913e+01,0.000000000000000000e+00,0.000000000000000000e+00
2.089172083419621373e+01,0.000000000000000000e+00,0.000000000000000000e+00
1.818864983343480901e+01,0.000000000000000000e+00,0.000000000000000000e+00
2.305173275934340182e+01,0.000000000000000000e+00,0.000000000000000000e+00
2.099994223709522601e+01,0.000000000000000000e+00,0.000000000000000000e+00
2.008699230916197465e+01,0.000000000000000000e+00,0.000000000000000000e+00
1.767167549220670608e+01,0.000000000000000000e+00,0.000000000000000000e+00
1.948645624038824664e+01,0.000000000000000000e+00,0.000000000000000000e+00
1.797731064553176594e+01,0.000000000000000000e+00,0.000000000000000000e+00
1.970383423560302560e+01,0.000000000000000000e+00,0.000000000000000000e+00
2.144777692340003483e+01,0.000000000000000000e+00,0.000000000000000000e+00
1.893766142896169313e+01,0.000000000000000000e+00,0.000000000000000000e+00
2.100794007788210394e+01,0.000000000000000000e+00,0.000000000000000000e+00
2.133987326476371038e+01,0.000000000000000000e+00,0.000000000000000000e+00
2.215822765985990728e+01,0.000000000000000000e+00,0.000000000000000000e+00
2.101125178457891707e+01,0.000000000000000000e+00,0.000000000000000000e+00
1.939012714546152694e+01,0.000000000000000000e+00,0.000000000000000000e+00
1.917363969945923685e+01,0.000000000000000000e+00,0.000000000000000000e+00
1.867640722542822829e+01,0.000000000000000000e+00,0.000000000000000000e+00
2.121832846353573743e+01,0.000000000000000000e+00,0.000000000000000000e+00
2.268037150485186970e+01,0.000000000000000000e+00,0.000000000000000000e+00
1.894833859232070594e+01,0.000000000000000000e+00,0.000000000000000000e+00
1.672536333235580130e+01,0.000000000000000000e+00,0.000000000000000000e+00
2.106726817005398900e+01,0.000000000000000000e+00,0.000000000000000000e+00
2.023509001141587760e+01,0.000000000000000000e+00,0.000000000000000000e+00
1.920046118076364650e+01,0.000000000000000000e+00,0.000000000000000000e+00
2.139345888267871487e+01,0.000000000000000000e+00,0.000000000000000000e+00
2.115260180092221276e+01,0.000000000000000000e+00,0.000000000000000000e+00
2.450131745056530974e+01,0.000000000000000000e+00,0.000000000000000000e+00
1.955971601574296770e+01,0.000000000000000000e+00,0.000000000000000000e+00
2.162784923782809088e+01,0.000000000000000000e+00,0.000000000000000000e+00
2.154539231141126265e+01,0.000000000000000000e+00,0.000000000000000000e+00
2.248859848460546118e+01,0.000000000000000000e+00,0.000000000000000000e+00
1.939046150513583200e+01,0.000000000000000000e+00,0.000000000000000000e+00
2.044917751449265708e+01,0.000000000000000000e+00,0.000000000000000000e+00
1.828662666831608519e+01,0.000000000000000000e+00,0.000000000000000000e+00
2.402815757507065797e+01,0.000000000000000000e+00,0.000000000000000000e+00
2.124328037592485430e+01,0.000000000000000000e+00,0.000000000000000000e+00
1.918976301554610586e+01,0.000000000000000000e+00,0.000000000000000000e+00
2.307265030967219133e+01,0.000000000000000000e+00,0.000000000000000000e+00
1.944213930488185227e+01,0.000000000000000000e+00,0.000000000000000000e+00
2.020597494692314910e+01,0.000000000000000000e+00,0.000000000000000000e+00
2.086636915002167214e+01,0.000000000000000000e+00,0.000000000000000000e+00
2.076235870913906112e+01,0.000000000000000000e+00,0.000000000000000000e+00
1.918625496490837889e+01,0.000000000000000000e+00,0.000000000000000000e+00
1.956559801972702672e+01,0.000000000000000000e+00,0.000000000000000000e+00
2.409541407408447000e+01,0.000000000000000000e+00,0.000000000000000000e+00
2.081435363303226893e+01,0.000000000000000000e+00,0.000000000000000000e+00
2.039720224832870343e+01,0.000000000000000000e+00,0.000000000000000000e+00
2.048986935206806237e+01,0.000000000000000000e+00,0.000000000000000000e+00
1.909147488980522311e+01,0.000000000000000000e+00,0.000000000000000000e+00
2.137200857533948906e+01,0.000000000000000000e+00,0.000000000000000000e+00
1.660179841599279627e+01,0.000000000000000000e+00,0.000000000000000000e+00
2.127564710034060269e+01,0.000000000000000000e+00,0.000000000000000000e+00
2.225958619188156362e+01,0.000000000000000000e+00,0.000000000000000000e+00
2.044641034036594718e+01,0.000000000000000000e+00,0.000000000000000000e+00
2.139445265515234240e+01,0.000000000000000000e+00,0.000000000000000000e+00
2.392735505542100682e+01,0.000000000000000000e+00,0.000000000000000000e+00
1.945103456207611003e+01,0.000000000000000000e+00,0.000000000000000000e+00
2.090167452179500174e+01,0.000000000000000000e+00,0.000000000000000000e+00
2.460663915778163258e+01,0.000000000000000000e+00,0.000000000000000000e+00
1.962678138096633162e+01,0.000000000000000000e+00,0.000000000000000000e+00
1.553623696786713104e+01,0.000000000000000000e+00,0.000000000000000000e+00
1.911624950191293948e+01,0.000000000000000000e+00,0.000000000000000000e+00
2.009890341803385638e+01,0.000000000000000000e+00,0.000000000000000000e+00
2.128819033023496132e+01,0.000000000000000000e+00,0.000000000000000000e+00
2.237063984017480323e+01,0.000000000000000000e+00,0.000000000000000000e+00
2.393784143853741853e+01,0.000000000000000000e+00,0.000000000000000000e+00
2.241542479095149787e+01,0.000000000000000000e+00,0.000000000000000000e+00
2.125313103989300956e+01,0.000000000000000000e+00,0.000000000000000000e+00
1.904531829430425560e+01,0.000000000000000000e+00,0.000000000000000000e+00
2.179588372709539712e+01,0.000000000000000000e+00,0.000000000000000000e+00
1.898444235608030439e+01,0.000000000000000000e+00,0.000000000000000000e+00
2.480741409545808196e+01,0.000000000000000000e+00,0.000000000000000000e+00
2.328593027391508485e+01,0.000000000000000000e+00,0.000000000000000000e+00
2.184516330400312967e+01,0.000000000000000000e+00,0.000000000000000000e+00
1.823045412128991671e+01,0.000000000000000000e+00,0.000000000000000000e+00
2.038350279085018713e+01,0.000000000000000000e+00,0.000000000000000000e+00
2.329418400513672793e+01,0.000000000000000000e+00,0.000000000000000000e+00
1.988699463777761167e+01,0.000000000000000000e+00,0.000000000000000000e+00
2.135814904523022761e+01,0.000000000000000000e+00,0.000000000000000000e+00
1.834682990088210630e+01,0.000000000000000000e+00,0.000000000000000000e+00
2.212119194480855455e+01,0.000000000000000000e+00,0.000000000000000000e+00
2.214826293096124132e+01,0.000000000000000000e+00,0.000000000000000000e+00
1.763749135131708812e+01,0.000000000000000000e+00,0.000000000000000000e+00
2.011485271484563953e+01,0.000000000000000000e+00,0.000000000000000000e+00
1.639775801120604726e+01,0.000000000000000000e+00,0.000000000000000000e+00
2.089028324317792595e+01,0.000000000000000000e+00,0.000000000000000000e+00
1.931803821132522714e+01,0.000000000000000000e+00,0.000000000000000000e+00
2.130213390621501190e+01,0.000000000000000000e+00,0.000000000000000000e+00
2.041255345660708542e+01,0.000000000000000000e+00,0.000000000000000000e+00
1.910018412831182388e+01,0.000000000000000000e+00,0.000000000000000000e+00
1.761711898661653208e+01,0.000000000000000000e+00,0.000000000000000000e+00
1.757593233313321690e+01,0.000000000000000000e+00,0.000000000000000000e+00
2.111518003063981652e+01,0.000000000000000000e+00,0.000000000000000000e+00
2.273304651788279074e+01,0.000000000000000000e+00,0.000000000000000000e+00
2.066620505652718265e+01,0.000000000000000000e+00,0.000000000000000000e+00
2.177221939095343473e+01,0.000000000000000000e+00,0.000000000000000000e+00
1.734527041556900429e+01,0.000000000000000000e+00,0.000000000000000000e+00
2.058255939581373894e+01,0.000000000000000000e+00,0.000000000000000000e+00
1.904240002072635818e+01,0.000000000000000000e+00,0.000000000000000000e+00
2.057577590972461223e+01,0.000000000000000000e+00,0.000000000000000000e+00
2.018335993817368390e+01,0.000000000000000000e+00,0.000000000000000000e+00
2.058180907105905533e+01,0.000000000000000000e+00,0.000000000000000000e+00
2.001768525576198599e+01,0.000000000000000000e+00,0.000000000000000000e+00
1.736211429931514871e+01,0.000000000000000000e+00,0.000000000000000000e+00
2.149526614725724016e+01,0.000000000000000000e+00,0.000000000000000000e+00
2.106335920161063058e+01,0.000000000000000000e+00,0.000000000000000000e+00
1.958518188727768461e+01,0.000000000000000000e+00,0.000000000000000000e+00
1.607118125902360006e+01,0.000000000000000000e+00,0.000000000000000000e+00
1.985166804989519207e+01,0.000000000000000000e+00,0.000000000000000000e+00
1.903522150534802293e+01,0.000000000000000000e+00,0.000000000000000000e+00
2.025100003805960114e+01,0.000000000000000000e+00,0.000000000000000000e+00
2.021407869651953604e+01,0.000000000000000000e+00,0.000000000000000000e+00
1.749201298460273080e+01,0.000000000000000000e+00,0.000000000000000000e+00
2.098979186605180303e+01,0.000000000000000000e+00,0.000000000000000000e+00
1.905593197447025133e+01,0.000000000000000000e+00,0.000000000000000000e+00
1.667071226873510170e+01,0.000000000000000000e+00,0.000000000000000000e+00
1.946368738444187230e+01,0.000000000000000000e+00,0.000000000000000000e+00
2.185950992128285719e+01,0.000000000000000000e+00,0.000000000000000000e+00
1.761940909730409288e+01,0.000000000000000000e+00,0.000000000000000000e+00
2.131493078404179897e+01,0.000000000000000000e+00,0.000000000000000000e+00
2.079286209962749155e+01,0.000000000000000000e+00,0.000000000000000000e+00
1.859026159375911647e+01,0.000000000000000000e+00,0.000000000000000000e+00
2.028156578627043061e+01,0.000000000000000000e+00,0.000000000000000000e+00
1.721574474381303332e+01,0.000000000000000000e+00,0.000000000000000000e+00
1.889944598923055707e+01,0.000000000000000000e+00,0.000000000000000000e+00
2.160376964587815962e+01,0.000000000000000000e+00,0.000000000000000000e+00
1.884380967796828088e+01,0.000000000000000000e+00,0.000000000000000000e+00
6.878464693930951057e+01,0.000000000000000000e+00,0.000000000000000000e+00
7.095786510988560281e+01,0.000000000000000000e+00,0.000000000000000000e+00
6.812151984829343121e+01,0.000000000000000000e+00,0.000000000000000000e+00
6.989168090623924456e+01,0.000000000000000000e+00,0.000000000000000000e+00
7.033290406157114205e+01,0.000000000000000000e+00,0.000000000000000000e+00
6.886170262787086926e+01,0.000000000000000000e+00,0.000000000000000000e+00
6.747556464300078005e+01,0.000000000000000000e+00,0.000000000000000000e+00
6.834367750756025828e+01,0.000000000000000000e+00,0.000000000000000000e+00
6.980256917325546340e+01,0.000000000000000000e+00,0.000000000000000000e+00
6.865905649482945705e+01,0.000000000000000000e+00,0.000000000000000000e+00
6.839446707748595600e+01,0.000000000000000000e+00,0.000000000000000000e+00
7.045140334551769001e+01,0.000000000000000000e+00,0.000000000000000000e+00
7.617297212703807929e+01,0.000000000000000000e+00,0.000000000000000000e+00
7.647237205731471477e+01,0.000000000000000000e+00,0.000000000000000000e+00
7.734981002424586904e+01,0.000000000000000000e+00,0.000000000000000000e+00
7.487543999342975098e+01,0.000000000000000000e+00,0.000000000000000000e+00
7.467416154454005550e+01,0.000000000000000000e+00,0.000000000000000000e+00
7.332816176942590403e+01,0.000000000000000000e+00,0.000000000000000000e+00
7.924570428202450501e+01,0.000000000000000000e+00,0.000000000000000000e+00
7.335621939382828316e+01,0.000000000000000000e+00,0.000000000000000000e+00
7.931291425719130928e+01,0.000000000000000000e+00,0.000000000000000000e+00
7.440930738567999470e+01,0.000000000000000000e+00,0.000000000000000000e+00
7.716682715325083564e+01,0.000000000000000000e+00,0.000000000000000000e+00
8.138801216197762756e+01,0.000000000000000000e+00,0.000000000000000000e+00
8.055434705510653259e+01,0.000000000000000000e+00,0.000000000000000000e+00
7.973379768142750379e+01,0.000000000000000000e+00,0.000000000000000000e+00
8.063322209149512787e+01,0.000000000000000000e+00,0.000000000000000000e+00
8.082295733506366275e+01,0.000000000000000000e+00,0.000000000000000000e+00
7.834542058966827938e+01,0.000000000000000000e+00,0.000000000000000000e+00
7.962894055895012002e+01,0.000000000000000000e+00,0.000000000000000000e+00
7.824740937382566131e+01,0.000000000000000000e+00,0.000000000000000000e+00
7.695278763128568755e+01,0.000000000000000000e+00,0.000000000000000000e+00
7.824580303202917264e+01,0.000000000000000000e+00,0.000000000000000000e+00
8.174578001305522434e+01,0.000000000000000000e+00,0.000000000000000000e+00
7.890687419047129936e+01,0.000000000000000000e+00,0.000000000000000000e+00
7.665114618341736730e+01,0.000000000000000000e+00,0.000000000000000000e+00
7.818765397453766752e+01,0.000000000000000000e+00,0.000000000000000000e+00
7.957727057203395304e+01,0.000000000000000000e+00,0.000000000000000000e+00
8.170117217598954085e+01,0.000000000000000000e+00,0.000000000000000000e+00
8.020615516710589077e+01,0.000000000000000000e+00,0.000000000000000000e+00
7.886781656666197193e+01,0.000000000000000000e+00,0.000000000000000000e+00
7.829617366795183386e+01,0.000000000000000000e+00,0.000000000000000000e+00
8.111686058421852863e+01,0.000000000000000000e+00,0.000000000000000000e+00
7.917197456000849343e+01,0.000000000000000000e+00,0.000000000000000000e+00
7.874015483067918808e+01,0.000000000000000000e+00,0.000000000000000000e+00
8.014717782435640459e+01,0.000000000000000000e+00,0.000000000000000000e+00
7.862410470955542507e+01,0.000000000000000000e+00,0.000000000000000000e+00
7.925224159975562088e+01,0.000000000000000000e+00,0.000000000000000000e+00
8.154339892254968447e+01,0.000000000000000000e+00,0.000000000000000000e+00
8.084704177487435572e+01,0.000000000000000000e+00,0.000000000000000000e+00
8.005372805389123414e+01,0.000000000000000000e+00,0.000000000000000000e+00
8.135047992250622428e+01,0.000000000000000000e+00,0.000000000000000000e+00
7.697089090412731593e+01,0.000000000000000000e+00,0.000000000000000000e+00
8.296589353113185439e+01,0.000000000000000000e+00,0.000000000000000000e+00
8.093397295202268538e+01,0.000000000000000000e+00,0.000000000000000000e+00
8.042208079142501731e+01,0.000000000000000000e+00,0.000000000000000000e+00
7.938392341011986275e+01,0.000000000000000000e+00,0.000000000000000000e+00
8.110142313303278172e+01,0.000000000000000000e+00,0.000000000000000000e+00
7.858750056538509909e+01,0.000000000000000000e+00,0.000000000000000000e+00
7.831171865573155344e+01,0.000000000000000000e+00,0.000000000000000000e+00
8.346149215831879076e+01,0.000000000000000000e+00,0.000000000000000000e+00
8.007980046781851513e+01,0.000000000000000000e+00,0.000000000000000000e+00
8.082621671799616081e+01,0.000000000000000000e+00,0.000000000000000000e+00
7.927332360788435039e+01,0.000000000000000000e+00,0.000000000000000000e+00
8.104619427843314838e+01,0.000000000000000000e+00,0.000000000000000000e+00
7.950871781979660113e+01,0.000000000000000000e+00,0.000000000000000000e+00
7.673921485353223204e+01,0.000000000000000000e+00,0.000000000000000000e+00
7.943217349427018803e+01,0.000000000000000000e+00,0.000000000000000000e+00
7.660195526433008695e+01,0.000000000000000000e+00,0.000000000000000000e+00
7.910993196619843104e+01,0.000000000000000000e+00,0.000000000000000000e+00
7.947514253378660953e+01,0.000000000000000000e+00,0.000000000000000000e+00
7.996764641685430774e+01,0.000000000000000000e+00,0.000000000000000000e+00
7.697400859748597668e+01,0.000000000000000000e+00,0.000000000000000000e+00
8.305358863480900311e+01,0.000000000000000000e+00,0.000000000000000000e+00
7.973707246529079384e+01,0.000000000000000000e+00,0.000000000000000000e+00
7.867370827342254813e+01,0.000000000000000000e+00,0.000000000000000000e+00
7.609657382444352436e+01,0.000000000000000000e+00,0.000000000000000000e+00
7.752232202325194521e+01,0.000000000000000000e+00,0.000000000000000000e+00
7.893474181640446830e+01,0.000000000000000000e+00,0.000000000000000000e+00
7.813773810322560109e+01,0.000000000000000000e+00,0.000000000000000000e+00
8.016598579085444953e+01,0.000000000000000000e+00,0.000000000000000000e+00
7.903483801802128994e+01,0.000000000000000000e+00,0.000000000000000000e+00
7.890436477348782773e+01,0.000000000000000000e+00,0.000000000000000000e+00
1.558663165733025835e+02,1.000000000000000000e+00,7.700000000000000000e+01
1.562511521711480214e+02,1.000000000000000000e+00,7.700000000000000000e+01
1.568997009979864856e+02,1.000000000000000000e+00,7.700000000000000000e+01
1.549567112923303398e+02,1.000000000000000000e+00,7.700000000000000000e+01
1.548901230007055005e+02,1.000000000000000000e+00,7.700000000000000000e+01
1.580133535682052184e+02,1.000000000000000000e+00,7.700000000000000000e+01
1.580553110009416287e+02,1.000000000000000000e+00,7.700000000000000000e+01
1.583790210365997950e+02,1.000000000000000000e+00,7.700000000000000000e+01
1.546368607620767648e+02,1.000000000000000000e+00,7.700000000000000000e+01
1.584129769033182811e+02,1.000000000000000000e+00,7.700000000000000000e+01
1.585482764792490116e+02,1.000000000000000000e+00,7.700000000000000000e+01
1.561734211992649932e+02,1.000000000000000000e+00,7.700000000000000000e+01
1.549519159885907698e+02,1.000000000000000000e+00,7.700000000000000000e+01
1.540219387926802881e+02,1.000000000000000000e+00,7.700000000000000000e+01
1.540565916926611294e+02,1.000000000000000000e+00,7.700000000000000000e+01
1.581756122015593178e+02,1.000000000000000000e+00,7.700000000000000000e+01
1.596924477282749422e+02,1.000000000000000000e+00,7.700000000000000000e+01
1.550653241749196809e+02,1.000000000000000000e+00,7.700000000000000000e+01
1.567360399782937179e+02,1.000000000000000000e+00,7.700000000000000000e+01
1.597818967716852399e+02,1.000000000000000000e+00,7.700000000000000000e+01
1.585378332349869197e+02,1.000000000000000000e+00,7.700000000000000000e+01
1.616529753095487081e+02,1.000000000000000000e+00,7.700000000000000000e+01
1.549298092795577872e+02,1.000000000000000000e+00,7.700000000000000000e+01
1.542810444714569371e+02,1.000000000000000000e+00,7.700000000000000000e+01
1.570419017710013918e+02,1.000000000000000000e+00,7.700000000000000000e+01
1.085623303862064404e+02,1.000000000000000000e+00,7.700000000000000000e+01
1.096969951435841608e+02,1.000000000000000000e+00,7.700000000000000000e+01
1.105199476981866695e+02,1.000000000000000000e+00,7.700000000000000000e+01
1.103276619672824808e+02,1.000000000000000000e+00,7.700000000000000000e+01
1.110235858399926059e+02,1.000000000000000000e+00,7.700000000000000000e+01
1.075366286523377255e+02,1.000000000000000000e+00,7.700000000000000000e+01
1.098394599127600486e+02,1.000000000000000000e+00,7.700000000000000000e+01
1.056526220450344908e+02,1.000000000000000000e+00,7.700000000000000000e+01
1.092311304014051814e+02,1.000000000000000000e+00,7.700000000000000000e+01
1.088824301131905941e+02,1.000000000000000000e+00,7.700000000000000000e+01
1.128957912803747092e+02,1.000000000000000000e+00,7.700000000000000000e+01
1.086948231766584172e+02,1.000000000000000000e+00,7.700000000000000000e+01
9.788597540249132578e+01,1.000000000000000000e+00,7.700000000000000000e+01
9.813555981993675914e+01,1.000000000000000000e+00,7.700000000000000000e+01
1.038589318187921720e+02,1.000000000000000000e+00,7.700000000000000000e+01
9.950308304998333142e+01,1.000000000000000000e+00,7.700000000000000000e+01
9.721207938547172489e+01,1.000000000000000000e+00,7.700000000000000000e+01
9.938251034297761066e+01,1.000000000000000000e+00,7.700000000000000000e+01
1.032560814687354025e+02,1.000000000000000000e+00,7.700000000000000000e+01
9.973699709461149610e+01,1.000000000000000000e+00,7.700000000000000000e+01
1.016195734108648736e+02,1.000000000000000000e+00,7.700000000000000000e+01
9.439660347385600403e+01,1.000000000000000000e+00,7.700000000000000000e+01
1.019015736918489949e+02,1.000000000000000000e+00,7.700000000000000000e+01
1.013096420595164346e+02,1.000000000000000000e+00,7.700000000000000000e+01
9.769065184714310135e+01,1.000000000000000000e+00,7.700000000000000000e+01
9.973379124273363061e+01,1.000000000000000000e+00,7.700000000000000000e+01
9.871552229580248650e+01,1.000000000000000000e+00,7.700000000000000000e+01
9.537854396923044931e+01,1.000000000000000000e+00,7.700000000000000000e+01
9.574856564581671137e+01,1.000000000000000000e+00,7.700000000000000000e+01
1.010620910328893274e+02,1.000000000000000000e+00,7.700000000000000000e+01
9.815000080537694771e+01,1.000000000000000000e+00,7.700000000000000000e+01
9.286732708028439731e+01,1.000000000000000000e+00,7.700000000000000000e+01
9.083336498358622180e+01,1.000000000000000000e+00,7.700000000000000000e+01
9.490129473665153625e+01,1.000000000000000000e+00,7.700000000000000000e+01
9.404186060081840992e+01,1.000000000000000000e+00,7.700000000000000000e+01
9.841343453705954403e+01,1.000000000000000000e+00,7.700000000000000000e+01
1.008546419655042001e+02,1.000000000000000000e+00,7.700000000000000000e+01
9.758948421048648925e+01,1.000000000000000000e+00,7.700000000000000000e+01
9.693673580598186845e+01,1.000000000000000000e+00,7.700000000000000000e+01
9.786260720763087306e+01,1.000000000000000000e+00,7.700000000000000000e+01
9.764101135229377348e+01,1.000000000000000000e+00,7.700000000000000000e+01
9.947545831712656650e+01,1.000000000000000000e+00,7.700000000000000000e+01
9.771784741653536344e+01,1.000000000000000000e+00,7.700000000000000000e+01
1.008501064243603764e+02,1.000000000000000000e+00,7.700000000000000000e+01
9.613196870075582012e+01,1.000000000000000000e+00,7.700000000000000000e+01
9.459833197858561959e+01,1.000000000000000000e+00,7.700000000000000000e+01
9.790871641399465375e+01,1.000000000000000000e+00,7.700000000000000000e+01
1.008496824214628731e+02,1.000000000000000000e+00,7.700000000000000000e+01
9.913357132069003796e+01,1.000000000000000000e+00,7.700000000000000000e+01
1.001928067251131722e+02,1.000000000000000000e+00,7.700000000000000000e+01
9.628825472141582509e+01,1.000000000000000000e+00,7.700000000000000000e+01
9.751275659413596486e+01,1.000000000000000000e+00,7.700000000000000000e+01
9.502320630719695771e+01,1.000000000000000000e+00,7.700000000000000000e+01
9.672808923776061363e+01,1.000000000000000000e+00,7.700000000000000000e+01
9.684120908195062327e+01,1.000000000000000000e+00,7.700000000000000000e+01
9.666587845229736331e+01,1.000000000000000000e+00,7.700000000000000000e+01
9.491623668491573085e+01,1.000000000000000000e+00,7.700000000000000000e+01
9.653049122235827895e+01,1.000000000000000000e+00,7.700000000000000000e+01
9.548738417352737429e+01,1.000000000000000000e+00,7.700000000000000000e+01
9.248507287287463896e+01,1.000000000000000000e+00,7.700000000000000000e+01
9.575452330073620999e+01,1.000000000000000000e+00,7.700000000000000000e+01
9.887397428690786683e+01,1.000000000000000000e+00,7.700000000000000000e+01
9.544643369880816408e+01,1.000000000000000000e+00,7.700000000000000000e+01
9.658050299708297359e+01,1.000000000000000000e+00,7.700000000000000000e+01
1.004664611070068077e+02,1.000000000000000000e+00,7.700000000000000000e+01
1.008028724379555854e+02,1.000000000000000000e+00,7.700000000000000000e+01
9.711857393295271379e+01,1.000000000000000000e+00,7.700000000000000000e+01
9.589113640516464443e+01,1.000000000000000000e+00,7.700000000000000000e+01
9.718333613112993419e+01,1.000000000000000000e+00,7.700000000000000000e+01
9.538914192085681520e+01,1.000000000000000000e+00,7.700000000000000000e+01
9.901644947438531119e+01,1.000000000000000000e+00,7.700000000000000000e+01
9.589821569555576275e+01,1.000000000000000000e+00,7.700000000000000000e+01
9.673841630231214594e+01,1.000000000000000000e+00,7.700000000000000000e+01
9.482157170061577744e+01,1.000000000000000000e+00,7.700000000000000000e+01
9.861745482078306679e+01,1.000000000000000000e+00,7.700000000000000000e+01
9.624424391180374982e+01,1.000000000000000000e+00,7.700000000000000000e+01
9.764311076942348677e+01,1.000000000000000000e+00,7.700000000000000000e+01
9.829829528349063139e+01,1.000000000000000000e+00,7.700000000000000000e+01
1.008979162394118703e+02,1.000000000000000000e+00,7.700000000000000000e+01
9.580018278555752431e+01,1.000000000000000000e+00,7.700000000000000000e+01
9.886027059718284704e+01,1.000000000000000000e+00,7.700000000000000000e+01
9.685876399352383714e+01,1.000000000000000000e+00,7.700000000000000000e+01
9.900273738368281329e+01,1.000000000000000000e+00,7.700000000000000000e+01
9.957326253100549707e+01,1.000000000000000000e+00,7.700000000000000000e+01
9.761698992498408245e+01,1.000000000000000000e+00,7.700000000000000000e+01
9.612145315481305374e+01,1.000000000000000000e+00,7.700000000000000000e+01
9.870531349364571838e+01,1.000000000000000000e+00,7.700000000000000000e+01
9.664687829938156938e+01,1.000000000000000000e+00,7.700000000000000000e+01
9.614086134799796923e+01,1.000000000000000000e+00,7.700000000000000000e+01
9.800241235580048738e+01,1.000000000000000000e+00,7.700000000000000000e+01
9.557198400490480594e+01,1.000000000000000000e+00,7.700000000000000000e+01
9.781642208901972424e+01,1.000000000000000000e+00,7.700000000000000000e+01
9.297803537945544861e+01,1.000000000000000000e+00,7.700000000000000000e+01
9.833145710426518349e+01,1.000000000000000000e+00,7.700000000000000000e+01
9.932949134210790021e+01,1.000000000000000000e+00,7.700000000000000000e+01
9.789500314440434181e+01,1.000000000000000000e+00,7.700000000000000000e+01
9.804238103230574097e+01,1.000000000000000000e+00,7.700000000000000000e+01
9.529343322861791421e+01,1.000000000000000000e+00,7.700000000000000000e+01
9.543488464459633747e+01,1.000000000000000000e+00,7.700000000000000000e+01
9.868847111162716601e+01,1.000000000000000000e+00,7.700000000000000000e+01
9.627489469543773737e+01,1.000000000000000000e+00,7.700000000000000000e+01
1.013788341244221130e+02,1.000000000000000000e+00,7.700000000000000000e+01
9.610365114999373759e+01,1.000000000000000000e+00,7.700000000000000000e+01
9.695584629905300744e+01,1.000000000000000000e+00,7.700000000000000000e+01
9.770870887865015675e+01,1.000000000000000000e+00,7.700000000000000000e+01
1.004532258001275835e+02,1.000000000000000000e+00,7.700000000000000000e+01
9.474830255489828801e+01,1.000000000000000000e+00,7.700000000000000000e+01
9.884795442322194958e+01,1.000000000000000000e+00,7.700000000000000000e+01
9.783742271024975423e+01,1.000000000000000000e+00,7.700000000000000000e+01
9.961047349765830461e+01,1.000000000000000000e+00,7.700000000000000000e+01
9.499143324630654206e+01,1.000000000000000000e+00,7.700000000000000000e+01
9.491762470170851884e+01,1.000000000000000000e+00,7.700000000000000000e+01
9.876105720627016638e+01,1.000000000000000000e+00,7.700000000000000000e+01
9.699708424856346767e+01,1.000000000000000000e+00,7.700000000000000000e+01
9.704223485315336006e+01,1.000000000000000000e+00,7.700000000000000000e+01
1.019098995641712122e+02,1.000000000000000000e+00,7.700000000000000000e+01
9.868152708599018297e+01,1.000000000000000000e+00,7.700000000000000000e+01
9.503784237024370896e+01,1.000000000000000000e+00,7.700000000000000000e+01
9.444565147032244568e+01,1.000000000000000000e+00,7.700000000000000000e+01
9.438001068763742296e+01,1.000000000000000000e+00,7.700000000000000000e+01
9.740240820644319797e+01,1.000000000000000000e+00,7.700000000000000000e+01
9.909881584310961955e+01,1.000000000000000000e+00,7.700000000000000000e+01
9.514186951301380191e+01,1.000000000000000000e+00,7.700000000000000000e+01
9.744504273720231424e+01,1.000000000000000000e+00,7.700000000000000000e+01
9.471364724965417281e+01,1.000000000000000000e+00,7.700000000000000000e+01
9.745285852243632974e+01,1.000000000000000000e+00,7.700000000000000000e+01
9.728874025534986458e+01,1.000000000000000000e+00,7.700000000000000000e+01
9.364485551586108159e+01,1.000000000000000000e+00,7.700000000000000000e+01
9.545876136686078439e+01,1.000000000000000000e+00,7.700000000000000000e+01
9.438042186547808399e+01,1.000000000000000000e+00,7.700000000000000000e+01
9.679315406981265824e+01,1.000000000000000000e+00,7.700000000000000000e+01
9.802716539227277792e+01,1.000000000000000000e+00,7.700000000000000000e+01
9.880183534888584518e+01,1.000000000000000000e+00,7.700000000000000000e+01
9.683964230414278518e+01,1.000000000000000000e+00,7.700000000000000000e+01
9.576856826716975490e+01,1.000000000000000000e+00,7.700000000000000000e+01
9.804858005661449738e+01,1.000000000000000000e+00,7.700000000000000000e+01
9.537105956083112801e+01,1.000000000000000000e+00,7.700000000000000000e+01
9.870249410343363650e+01,1.000000000000000000e+00,7.700000000000000000e+01
9.691810558538142573e+01,1.000000000000000000e+00,7.700000000000000000e+01
9.952435950202732329e+01,1.000000000000000000e+00,7.700000000000000000e+01
1.013138786565710916e+02,1.000000000000000000e+00,7.700000000000000000e+01
1.002266528450717828e+02,1.000000000000000000e+00,7.700000000000000000e+01
9.803494496275247627e+01,1.000000000000000000e+00,7.700000000000000000e+01
1.009462872560162481e+02,1.000000000000000000e+00,7.700000000000000000e+01
9.753401992068734216e+01,1.000000000000000000e+00,7.700000000000000000e+01
9.676211679923298448e+01,1.000000000000000000e+00,7.700000000000000000e+01
9.570503214061713493e+01,1.000000000000000000e+00,7.700000000000000000e+01
9.519428039233224581e+01,1.000000000000000000e+00,7.700000000000000000e+01
9.561142991435698946e+01,1.000000000000000000e+00,7.700000000000000000e+01
9.658270731609459858e+01,1.000000000000000000e+00,7.700000000000000000e+01
9.895971490191789144e+01,1.000000000000000000e+00,7.700000000000000000e+01
9.752653671442631378e+01,1.000000000000000000e+00,7.700000000000000000e+01
9.542106114619839730e+01,1.000000000000000000e+00,7.700000000000000000e+01
9.920006867842724319e+01,1.000000000000000000e+00,7.700000000000000000e+01
9.597256549551278226e+01,1.000000000000000000e+00,7.700000000000000000e+01
9.892269035750247497e+01,1.000000000000000000e+00,7.700000000000000000e+01
9.589235976122654392e+01,1.000000000000000000e+00,7.700000000000000000e+01
9.608051733369144642e+01,1.000000000000000000e+00,7.700000000000000000e+01
9.784668836403442072e+01,1.000000000000000000e+00,7.700000000000000000e+01
9.584688070232397195e+01,1.000000000000000000e+00,7.700000000000000000e+01
9.547062191451728097e+01,1.000000000000000000e+00,7.700000000000000000e+01
9.850795083927081919e+01,1.000000000000000000e+00,7.700000000000000000e+01
1.009213326398438824e+02,1.000000000000000000e+00,7.700000000000000000e+01
9.948775313373903373e+01,1.000000000000000000e+00,7.700000000000000000e+01
9.878182705972456290e+01,1.000000000000000000e+00,7.700000000000000000e+01
9.759823442550879236e+01,1.000000000000000000e+00,7.700000000000000000e+01
9.558381542471337866e+01,1.000000000000000000e+00,7.700000000000000000e+01
9.708899406010777966e+01,1.000000000000000000e+00,7.700000000000000000e+01
9.721804519449511872e+01,1.000000000000000000e+00,7.700000000000000000e+01
9.719091082949974236e+01,1.000000000000000000e+00,7.700000000000000000e+01
9.686810913960086111e+01,1.000000000000000000e+00,7.700000000000000000e+01
9.772623503124736999e+01,1.000000000000000000e+00,7.700000000000000000e+01
9.842659242490597649e+01,1.000000000000000000e+00,7.700000000000000000e+01
9.857551739161417004e+01,1.000000000000000000e+00,7.700000000000000000e+01
9.888342810088315105e+01,1.000000000000000000e+00,7.700000000000000000e+01
9.546728302721804482e+01,1.000000000000000000e+00,7.700000000000000000e+01
9.516464208149449178e+01,1.000000000000000000e+00,7.700000000000000000e+01
9.703605657032242959e+01,1.000000000000000000e+00,7.700000000000000000e+01
9.849367006889197285e+01,1.000000000000000000e+00,7.700000000000000000e+01
9.767529163139046489e+01,1.000000000000000000e+00,7.700000000000000000e+01
1.436862049370835734e+02,1.000000000000000000e+00,7.700000000000000000e+01
1.453219435825424171e+02,1.000000000000000000e+00,7.700000000000000000e+01
1.433516734092915499e+02,1.000000000000000000e+00,7.700000000000000000e+01
1.428569942032748656e+02,1.000000000000000000e+00,7.700000000000000000e+01
1.413936073149732806e+02,1.000000000000000000e+00,7.700000000000000000e+01
1.463465524553096486e+02,1.000000000000000000e+00,7.700000000000000000e+01
1.444786004205151357e+02,1.000000000000000000e+00,7.700000000000000000e+01
1.442306644689062978e+02,1.000000000000000000e+00,7.700000000000000000e+01
1.446700079578352529e+02,1.000000000000000000e+00,7.700000000000000000e+01
1.425806273255693668e+02,1.000000000000000000e+00,7.700000000000000000e+01
1.468285895884079082e+02,1.000000000000000000e+00,7.700000000000000000e+01
1.451640592388788491e+02,1.000000000000000000e+00,7.700000000000000000e+01
1.529298538468243578e+02,1.000000000000000000e+00,7.700000000000000000e+01
1.533899164421905539e+02,1.000000000000000000e+00,7.700000000000000000e+01
1.543277232751622705e+02,1.000000000000000000e+00,7.700000000000000000e+01
1.560895686920486582e+02,1.000000000000000000e+00,7.700000000000000000e+01
1.550127332498155397e+02,1.000000000000000000e+00,7.700000000000000000e+01
1.541505997918601736e+02,1.000000000000000000e+00,7.700000000000000000e+01
1.552266241328354113e+02,1.000000000000000000e+00,7.700000000000000000e+01
1.551176702331968613e+02,1.000000000000000000e+00,7.700000000000000000e+01
1.539400063862400998e+02,1.000000000000000000e+00,7.700000000000000000e+01
1.521613378317888419e+02,1.000000000000000000e+00,7.700000000000000000e+01
1.602482280386083175e+02,1.000000000000000000e+00,7.700000000000000000e+01
1.576288481230672005e+02,1.000000000000000000e+00,7.700000000000000000e+01
1.589826607627621229e+02,1.000000000000000000e+00,7.700000000000000000e+01
1.585229418768626601e+02,1.000000000000000000e+00,7.700000000000000000e+01
1.566078126328364988e+02,1.000000000000000000e+00,7.700000000000000000e+01
1.623277930045131541e+02,1.000000000000000000e+00,7.700000000000000000e+01
1.550767822025630380e+02,1.000000000000000000e+00,7.700000000000000000e+01
1.566392412405644166e+02,1.000000000000000000e+00,7.700000000000000000e+01
1.524032902768248903e+02,1.000000000000000000e+00,7.700000000000000000e+01
1.568416031596292441e+02,1.000000000000000000e+00,7.700000000000000000e+01
1.559946952946059469e+02,1.000000000000000000e+00,7.700000000000000000e+01
1.632631933545167726e+02,1.000000000000000000e+00,7.700000000000000000e+01
1.551556308247323273e+02,1.000000000000000000e+00,7.700000000000000000e+01
1.573939586528349537e+02,1.000000000000000000e+00,7.700000000000000000e+01
1.625697672281751807e+02,1.000000000000000000e+00,7.700000000000000000e+01
1.585402338156551423e+02,1.000000000000000000e+00,7.700000000000000000e+01
1.570279639307202899e+02,1.000000000000000000e+00,7.700000000000000000e+01
1.549391834239427510e+02,1.000000000000000000e+00,7.700000000000000000e+01
1.570143166550230660e+02,1.000000000000000000e+00,7.700000000000000000e+01
1.547984013947859125e+02,1.000000000000000000e+00,7.700000000000000000e+01
1.581335044589242784e+02,1.000000000000000000e+00,7.700000000000000000e+01
1.563771830145919353e+02,1.000000000000000000e+00,7.700000000000000000e+01
1.568114771753395758e+02,1.000000000000000000e+00,7.700000000000000000e+01
1.581681086319979386e+02,1.000000000000000000e+00,7.700000000000000000e+01
1.592075768305251700e+02,1.000000000000000000e+00,7.700000000000000000e+01
1.547486171518395395e+02,1.000000000000000000e+00,7.700000000000000000e+01
1.533840116179490281e+02,1.000000000000000000e+00,7.700000000000000000e+01
1.570457825838991255e+02,1.000000000000000000e+00,7.700000000000000000e+01
1.530083528195000895e+02,1.000000000000000000e+00,7.700000000000000000e+01
1.594431416548111997e+02,1.000000000000000000e+00,7.700000000000000000e+01
1.571900604172871567e+02,1.000000000000000000e+00,7.700000000000000000e+01
1.549233419434854682e+02,1.000000000000000000e+00,7.700000000000000000e+01
1.569449387340700355e+02,1.000000000000000000e+00,7.700000000000000000e+01
1.581921443454262999e+02,1.000000000000000000e+00,7.700000000000000000e+01
1.583073932672899105e+02,1.000000000000000000e+00,7.700000000000000000e+01
1.553840854281108363e+02,1.000000000000000000e+00,7.700000000000000000e+01
1.576248359066515263e+02,1.000000000000000000e+00,7.700000000000000000e+01
1.557712460220683965e+02,1.000000000000000000e+00,7.700000000000000000e+01
1.563249285697876303e+02,1.000000000000000000e+00,7.700000000000000000e+01
1.578712773457116043e+02,1.000000000000000000e+00,7.700000000000000000e+01
1.591519930798948508e+02,1.000000000000000000e+00,7.700000000000000000e+01
1.591436459771941259e+02,1.000000000000000000e+00,7.700000000000000000e+01
1.591986340079771480e+02,1.000000000000000000e+00,7.700000000000000000e+01
1.580865198198812323e+02,1.000000000000000000e+00,7.700000000000000000e+01
1.588684293726706471e+02,1.000000000000000000e+00,7.700000000000000000e+01
1.561957637969521215e+02,1.000000000000000000e+00,7.700000000000000000e+01
1.599636135210579937e+02,1.000000000000000000e+00,7.700000000000000000e+01
1.513561112066892633e+02,1.000000000000000000e+00,7.700000000000000000e+01
1.576668394868391090e+02,1.000000000000000000e+00,7.700000000000000000e+01
1.557339025631968639e+02,1.000000000000000000e+00,7.700000000000000000e+01
1.557306683740156359e+02,1.000000000000000000e+00,7.700000000000000000e+01
1.590059804211990979e+02,1.000000000000000000e+00,7.700000000000000000e+01
1.594047931708816748e+02,1.000000000000000000e+00,7.700000000000000000e+01
1.590661455956843611e+02,1.000000000000000000e+00,7.700000000000000000e+01
1.532584121826385797e+02,1.000000000000000000e+00,7.700000000000000000e+01
1.562668322496128894e+02,1.000000000000000000e+00,7.700000000000000000e+01
1.560695563392106351e+02,1.000000000000000000e+00,7.700000000000000000e+01
1.602143015318784194e+02,1.000000000000000000e+00,7.700000000000000000e+01
1.588769910012499622e+02,1.000000000000000000e+00,7.700000000000000000e+01
1.571478486857435541e+02,1.000000000000000000e+00,7.700000000000000000e+01
1.559513076178023425e+02,1.000000000000000000e+00,7.700000000000000000e+01
1.557533745623896380e+02,1.000000000000000000e+00,7.700000000000000000e+01
1.552696100526405303e+02,1.000000000000000000e+00,7.700000000000000000e+01
1.583506867192088521e+02,1.000000000000000000e+00,7.700000000000000000e+01
1.542686146084996892e+02,1.000000000000000000e+00,7.700000000000000000e+01
1.570455260425858341e+02,1.000000000000000000e+00,7.700000000000000000e+01
1.597605821908481403e+02,1.000000000000000000e+00,7.700000000000000000e+01
1.564443456642837873e+02,1.000000000000000000e+00,7.700000000000000000e+01
1.568370119047929165e+02,1.000000000000000000e+00,7.700000000000000000e+01
1.608156954599572259e+02,1.000000000000000000e+00,7.700000000000000000e+01
1.555925054791555908e+02,1.000000000000000000e+00,7.700000000000000000e+01
1.573896306227279069e+02,1.000000000000000000e+00,7.700000000000000000e+01
1.542264145099460961e+02,1.000000000000000000e+00,7.700000000000000000e+01
1.568669399781055631e+02,1.000000000000000000e+00,7.700000000000000000e+01
1.558056406192434338e+02,1.000000000000000000e+00,7.700000000000000000e+01
1.589410016994783632e+02,1.000000000000000000e+00,7.700000000000000000e+01
1.579215480351455199e+02,1.000000000000000000e+00,7.700000000000000000e+01
1.586582896795927695e+02,1.000000000000000000e+00,7.700000000000000000e+01
1.549823829692219306e+02,1.000000000000000000e+00,7.700000000000000000e+01
1.554553313196560396e+02,1.000000000000000000e+00,7.700000000000000000e+01
1.573429546557658227e+02,1.000000000000000000e+00,7.700000000000000000e+01
1.601242835906106166e+02,1.000000000000000000e+00,7.700000000000000000e+01
1.550896261607787494e+02,1.000000000000000000e+00,7.700000000000000000e+01
1.568115315903287694e+02,1.000000000000000000e+00,7.700000000000000000e+01
1.578174262174920841e+02,1.000000000000000000e+00,7.700000000000000000e+01
1.529365335720023609e+02,1.000000000000000000e+00,7.700000000000000000e+01
1.089272491578765312e+02,1.000000000000000000e+00,7.700000000000000000e+01
1.114897740772236148e+02,1.000000000000000000e+00,7.700000000000000000e+01
1.064736342943797354e+02,1.000000000000000000e+00,7.700000000000000000e+01
1.094486029946550900e+02,1.000000000000000000e+00,7.700000000000000000e+01
1.087755459038278616e+02,1.000000000000000000e+00,7.700000000000000000e+01
1.090097945418376639e+02,1.000000000000000000e+00,7.700000000000000000e+01
1.080699677791369737e+02,1.000000000000000000e+00,7.700000000000000000e+01
1.086105239779752480e+02,1.000000000000000000e+00,7.700000000000000000e+01
1.116815692920222034e+02,1.000000000000000000e+00,7.700000000000000000e+01
1.085570988917090034e+02,1.000000000000000000e+00,7.700000000000000000e+01
1.058673643965925777e+02,1.000000000000000000e+00,7.700000000000000000e+01
1.094221789081415892e+02,1.000000000000000000e+00,7.700000000000000000e+01
9.887036933241098779e+01,1.000000000000000000e+00,7.700000000000000000e+01
1.014134536555524591e+02,1.000000000000000000e+00,7.700000000000000000e+01
9.984958099415844401e+01,1.000000000000000000e+00,7.700000000000000000e+01
9.782353503661606453e+01,1.000000000000000000e+00,7.700000000000000000e+01
1.000709039027806710e+02,1.000000000000000000e+00,7.700000000000000000e+01
9.498978213207114152e+01,1.000000000000000000e+00,7.700000000000000000e+01
9.666022981571566675e+01,1.000000000000000000e+00,7.700000000000000000e+01
9.991323767914541065e+01,1.000000000000000000e+00,7.700000000000000000e+01
9.725665048577664606e+01,1.000000000000000000e+00,7.700000000000000000e+01
9.731307000918107519e+01,1.000000000000000000e+00,7.700000000000000000e+01
9.919367046189074699e+01,1.000000000000000000e+00,7.700000000000000000e+01
1.029603967399082620e+02,1.000000000000000000e+00,7.700000000000000000e+01
9.880204612232499528e+01,1.000000000000000000e+00,7.700000000000000000e+01
9.844067200643266347e+01,1.000000000000000000e+00,7.700000000000000000e+01
9.875520652316221515e+01,1.000000000000000000e+00,7.700000000000000000e+01
9.728517554330106520e+01,1.000000000000000000e+00,7.700000000000000000e+01
9.296546914449731958e+01,1.000000000000000000e+00,7.700000000000000000e+01
9.897910974084103941e+01,1.000000000000000000e+00,7.700000000000000000e+01
9.958202963114757722e+01,1.000000000000000000e+00,7.700000000000000000e+01
9.968392896531216252e+01,1.000000000000000000e+00,7.700000000000000000e+01
9.588370957709834386e+01,1.000000000000000000e+00,7.700000000000000000e+01
9.404260690444255033e+01,1.000000000000000000e+00,7.700000000000000000e+01
9.597007432597931142e+01,1.000000000000000000e+00,7.700000000000000000e+01
9.486428321088135363e+01,1.000000000000000000e+00,7.700000000000000000e+01
9.762672034377916930e+01,1.000000000000000000e+00,7.700000000000000000e+01
1.000497637666353086e+02,1.000000000000000000e+00,7.700000000000000000e+01
1.009237149614258158e+02,1.000000000000000000e+00,7.700000000000000000e+01
9.891301199010472089e+01,1.000000000000000000e+00,7.700000000000000000e+01
9.733356562502608256e+01,1.000000000000000000e+00,7.700000000000000000e+01
9.946551599993357229e+01,1.000000000000000000e+00,7.700000000000000000e+01
9.802610999126375191e+01,1.000000000000000000e+00,7.700000000000000000e+01
9.678849771968852167e+01,1.000000000000000000e+00,7.700000000000000000e+01
9.524771803661654701e+01,1.000000000000000000e+00,7.700000000000000000e+01
9.598690544197950203e+01,1.000000000000000000e+00,7.700000000000000000e+01
9.737698057570240451e+01,1.000000000000000000e+00,7.700000000000000000e+01
9.543149873303929098e+01,1.000000000000000000e+00,7.700000000000000000e+01
9.717868922303543400e+01,1.000000000000000000e+00,7.700000000000000000e+01
9.697023853842327412e+01,1.000000000000000000e+00,7.700000000000000000e+01
9.368180351536869921e+01,1.000000000000000000e+00,7.700000000000000000e+01
1.002397572130413153e+02,1.000000000000000000e+00,7.700000000000000000e+01
9.759391824126498705e+01,1.000000000000000000e+00,7.700000000000000000e+01
1.004659780607075135e+02,1.000000000000000000e+00,7.700000000000000000e+01
9.706440238006950949e+01,1.000000000000000000e+00,7.700000000000000000e+01
9.651380332629877046e+01,1.000000000000000000e+00,7.700000000000000000e+01
9.786699982564624634e+01,1.000000000000000000e+00,7.700000000000000000e+01
9.889899266016308843e+01,1.000000000000000000e+00,7.700000000000000000e+01
9.801951690489836722e+01,1.000000000000000000e+00,7.700000000000000000e+01
9.611121120568239462e+01,1.000000000000000000e+00,7.700000000000000000e+01
9.513008413827637355e+01,1.000000000000000000e+00,7.700000000000000000e+01
9.505999995298104466e+01,1.000000000000000000e+00,7.700000000000000000e+01
9.638421153524598139e+01,1.000000000000000000e+00,7.700000000000000000e+01
9.894616524796543899e+01,1.000000000000000000e+00,7.700000000000000000e+01
9.926374555563458557e+01,1.000000000000000000e+00,7.700000000000000000e+01
9.366935460221426979e+01,1.000000000000000000e+00,7.700000000000000000e+01
9.519344220671067092e+01,1.000000000000000000e+00,7.700000000000000000e+01
9.822869515877161462e+01,1.000000000000000000e+00,7.700000000000000000e+01
9.383951551394434887e+01,1.000000000000000000e+00,7.700000000000000000e+01
9.819818956502075480e+01,1.000000000000000000e+00,7.700000000000000000e+01
1.003302072909316678e+02,1.000000000000000000e+00,7.700000000000000000e+01
9.727421163034733809e+01,1.000000000000000000e+00,7.700000000000000000e+01
9.809620707209123225e+01,1.000000000000000000e+00,7.700000000000000000e+01
9.699991017499738177e+01,1.000000000000000000e+00,7.700000000000000000e+01
9.848766026222655512e+01,1.000000000000000000e+00,7.700000000000000000e+01
1.019748044122323449e+02,1.000000000000000000e+00,7.700000000000000000e+01
9.341652542698851391e+01,1.000000000000000000e+00,7.700000000000000000e+01
1.000243284557518564e+02,1.000000000000000000e+00,7.700000000000000000e+01
9.652010392896325186e+01,1.000000000000000000e+00,7.700000000000000000e+01
9.931107306884172203e+01,1.000000000000000000e+00,7.700000000000000000e+01
9.405201277178700536e+01,1.000000000000000000e+00,7.700000000000000000e+01
9.809778036192585660e+01,1.000000000000000000e+00,7.700000000000000000e+01
9.398099012684170361e+01,1.000000000000000000e+00,7.700000000000000000e+01
9.419609372839920525e+01,1.000000000000000000e+00,7.700000000000000000e+01
9.638644479496204553e+01,1.000000000000000000e+00,7.700000000000000000e+01
1.001005429371646329e+02,1.000000000000000000e+00,7.700000000000000000e+01
1.013469504170931828e+02,1.000000000000000000e+00,7.700000000000000000e+01
9.705423483323491496e+01,1.000000000000000000e+00,7.700000000000000000e+01
9.743290520828001888e+01,1.000000000000000000e+00,7.700000000000000000e+01
9.648691145317980045e+01,1.000000000000000000e+00,7.700000000000000000e+01
9.940630687854218195e+01,1.000000000000000000e+00,7.700000000000000000e+01
9.559572011207271203e+01,1.000000000000000000e+00,7.700000000000000000e+01
9.588113676806973729e+01,1.000000000000000000e+00,7.700000000000000000e+01
9.509923514375552145e+01,1.000000000000000000e+00,7.700000000000000000e+01
9.464228669492183599e+01,1.000000000000000000e+00,7.700000000000000000e+01
9.760735962534805310e+01,1.000000000000000000e+00,7.700000000000000000e+01
9.817873115222235469e+01,1.000000000000000000e+00,7.700000000000000000e+01
9.426304919044130770e+01,1.000000000000000000e+00,7.700000000000000000e+01
9.811035983056478926e+01,1.000000000000000000e+00,7.700000000000000000e+01
9.820539668320432725e+01,1.000000000000000000e+00,7.700000000000000000e+01
1.019807888899012625e+02,1.000000000000000000e+00,7.700000000000000000e+01
9.689529470749754125e+01,1.000000000000000000e+00,7.700000000000000000e+01
9.878483470990167348e+01,1.000000000000000000e+00,7.700000000000000000e+01
9.652730856078889587e+01,1.000000000000000000e+00,7.700000000000000000e+01
9.649052247548598871e+01,1.000000000000000000e+00,7.700000000000000000e+01
1.000752330685976261e+02,1.000000000000000000e+00,7.700000000000000000e+01
9.615739298186707629e+01,1.000000000000000000e+00,7.700000000000000000e+01
9.471692453910856102e+01,1.000000000000000000e+00,7.700000000000000000e+01
9.110305478177487259e+01,1.000000000000000000e+00,7.700000000000000000e+01
9.924905334377520205e+01,1.000000000000000000e+00,7.700000000000000000e+01
9.869352634408591030e+01,1.000000000000000000e+00,7.700000000000000000e+01
9.570541343860145389e+01,1.000000000000000000e+00,7.700000000000000000e+01
9.467838094794335291e+01,1.000000000000000000e+00,7.700000000000000000e+01
9.606753304883068267e+01,1.000000000000000000e+00,7.700000000000000000e+01
9.697940612461611920e+01,1.000000000000000000e+00,7.700000000000000000e+01
9.590561514127826115e+01,1.000000000000000000e+00,7.700000000000000000e+01
9.620230770710952584e+01,1.000000000000000000e+00,7.700000000000000000e+01
9.759023620731394999e+01,1.000000000000000000e+00,7.700000000000000000e+01
9.748123444261955228e+01,1.000000000000000000e+00,7.700000000000000000e+01
9.958598059715812667e+01,1.000000000000000000e+00,7.700000000000000000e+01
9.407500877633960101e+01,1.000000000000000000e+00,7.700000000000000000e+01
9.451651105681639820e+01,1.000000000000000000e+00,7.700000000000000000e+01
9.701358559453068153e+01,1.000000000000000000e+00,7.700000000000000000e+01
9.901596196570622510e+01,1.000000000000000000e+00,7.700000000000000000e+01
9.678961363815872687e+01,1.000000000000000000e+00,7.700000000000000000e+01
9.366408804999805682e+01,1.000000000000000000e+00,7.700000000000000000e+01
9.767687485586372986e+01,1.000000000000000000e+00,7.700000000000000000e+01
9.208034903118704051e+01,1.000000000000000000e+00,7.700000000000000000e+01
9.930173902478034620e+01,1.000000000000000000e+00,7.700000000000000000e+01
1.000143333609171918e+02,1.000000000000000000e+00,7.700000000000000000e+01
9.632854759439828740e+01,1.000000000000000000e+00,7.700000000000000000e+01
9.939241936708022251e+01,1.000000000000000000e+00,7.700000000000000000e+01
1.002353282309079958e+02,1.000000000000000000e+00,7.700000000000000000e+01
9.633427943449582642e+01,1.000000000000000000e+00,7.700000000000000000e+01
9.518225438232543922e+01,1.000000000000000000e+00,7.700000000000000000e+01
9.903061593327952039e+01,1.000000000000000000e+00,7.700000000000000000e+01
9.729209792066062334e+01,1.000000000000000000e+00,7.700000000000000000e+01
9.459280146435327197e+01,1.000000000000000000e+00,7.700000000000000000e+01
9.618086359750904535e+01,1.000000000000000000e+00,7.700000000000000000e+01
9.689583785964977380e+01,1.000000000000000000e+00,7.700000000000000000e+01
9.608583391041918276e+01,1.000000000000000000e+00,7.700000000000000000e+01
9.795576627439768913e+01,1.000000000000000000e+00,7.700000000000000000e+01
9.626292428853636807e+01,1.000000000000000000e+00,7.700000000000000000e+01
9.910188555782239916e+01,1.000000000000000000e+00,7.700000000000000000e+01
9.727472473780035500e+01,1.000000000000000000e+00,7.700000000000000000e+01
9.442664252102424882e+01,1.000000000000000000e+00,7.700000000000000000e+01
9.352066385863903974e+01,1.000000000000000000e+00,7.700000000000000000e+01
9.938588758886227481e+01,1.000000000000000000e+00,7.700000000000000000e+01
9.566496208135285428e+01,1.000000000000000000e+00,7.700000000000000000e+01
9.817938261012488965e+01,1.000000000000000000e+00,7.700000000000000000e+01
9.423252434913001707e+01,1.000000000000000000e+00,7.700000000000000000e+01
9.674832854537416438e+01,1.000000000000000000e+00,7.700000000000000000e+01
9.708747641743576651e+01,1.000000000000000000e+00,7.700000000000000000e+01
9.414236590324502174e+01,1.000000000000000000e+00,7.700000000000000000e+01
9.929883733229823406e+01,1.000000000000000000e+00,7.700000000000000000e+01
9.881603981938710035e+01,1.000000000000000000e+00,7.700000000000000000e+01
9.889116518517825227e+01,1.000000000000000000e+00,7.700000000000000000e+01
9.636464688736418793e+01,1.000000000000000000e+00,7.700000000000000000e+01
9.953772841123975468e+01,1.000000000000000000e+00,7.700000000000000000e+01
9.412205242285179452e+01,1.000000000000000000e+00,7.700000000000000000e+01
9.714352624054778573e+01,1.000000000000000000e+00,7.700000000000000000e+01
9.670822769885131720e+01,1.000000000000000000e+00,7.700000000000000000e+01
9.505146123163562777e+01,1.000000000000000000e+00,7.700000000000000000e+01
9.760788614644638983e+01,1.000000000000000000e+00,7.700000000000000000e+01
9.282662909341182456e+01,1.000000000000000000e+00,7.700000000000000000e+01
9.504348676110151928e+01,1.000000000000000000e+00,7.700000000000000000e+01
9.705078071766826042e+01,1.000000000000000000e+00,7.700000000000000000e+01
9.796427083540815772e+01,1.000000000000000000e+00,7.700000000000000000e+01
9.517136208827238875e+01,1.000000000000000000e+00,7.700000000000000000e+01
9.453137155146464465e+01,1.000000000000000000e+00,7.700000000000000000e+01
9.630690451664183627e+01,1.000000000000000000e+00,7.700000000000000000e+01
9.718316786598938961e+01,1.000000000000000000e+00,7.700000000000000000e+01
1.017497111049751766e+02,1.000000000000000000e+00,7.700000000000000000e+01
9.672643131255145477e+01,1.000000000000000000e+00,7.700000000000000000e+01
9.200940370710934246e+01,1.000000000000000000e+00,7.700000000000000000e+01
1.011006265663614840e+02,1.000000000000000000e+00,7.700000000000000000e+01
9.617416954176142951e+01,1.000000000000000000e+00,7.700000000000000000e+01
9.772601141870698882e+01,1.000000000000000000e+00,7.700000000000000000e+01
9.675869257827287129e+01,1.000000000000000000e+00,7.700000000000000000e+01
9.476201067358951491e+01,1.000000000000000000e+00,7.700000000000000000e+01
1.446616015519627751e+02,1.000000000000000000e+00,7.700000000000000000e+01
1.461115487954110677e+02,1.000000000000000000e+00,7.700000000000000000e+01
1.413690607961817136e+02,1.000000000000000000e+00,7.700000000000000000e+01
1.429032116278669378e+02,1.000000000000000000e+00,7.700000000000000000e+01
1.438337085930729700e+02,1.000000000000000000e+00,7.700000000000000000e+01
1.436818567476587987e+02,1.000000000000000000e+00,7.700000000000000000e+01
1.464708906221030702e+02,1.000000000000000000e+00,7.700000000000000000e+01
1.466840452995567148e+02,1.000000000000000000e+00,7.700000000000000000e+01
1.395749680155381611e+02,1.000000000000000000e+00,7.700000000000000000e+01
1.419212811840617690e+02,1.000000000000000000e+00,7.700000000000000000e+01
1.441794660624971698e+02,1.000000000000000000e+00,7.700000000000000000e+01
1.446390448835234110e+02,1.000000000000000000e+00,7.700000000000000000e+01
1.533100573294051685e+02,1.000000000000000000e+00,7.700000000000000000e+01
1.534161975791612349e+02,1.000000000000000000e+00,7.700000000000000000e+01
1.549178508015652369e+02,1.000000000000000000e+00,7.700000000000000000e+01
1.532472701391218379e+02,1.000000000000000000e+00,7.700000000000000000e+01
1.540994188625376182e+02,1.000000000000000000e+00,7.700000000000000000e+01
1.545075739264597701e+02,1.000000000000000000e+00,7.700000000000000000e+01
1.522787924859334225e+02,1.000000000000000000e+00,7.700000000000000000e+01
1.553457135876443829e+02,1.000000000000000000e+00,7.700000000000000000e+01
1.577663947465617298e+02,1.000000000000000000e+00,7.700000000000000000e+01
1.568532515072994897e+02,1.000000000000000000e+00,7.700000000000000000e+01
1.576186565697338438e+02,1.000000000000000000e+00,7.700000000000000000e+01
1.541227744176594001e+02,1.000000000000000000e+00,7.700000000000000000e+01
1.549536686386915392e+02,1.000000000000000000e+00,7.700000000000000000e+01
1.562770853466272456e+02,1.000000000000000000e+00,7.700000000000000000e+01
1.574387579491294389e+02,1.000000000000000000e+00,7.700000000000000000e+01
1.564055019251307499e+02,1.000000000000000000e+00,7.700000000000000000e+01
1.553786685696125573e+02,1.000000000000000000e+00,7.700000000000000000e+01
1.568385473214353283e+02,1.000000000000000000e+00,7.700000000000000000e+01
1.565215269791315791e+02,1.000000000000000000e+00,7.700000000000000000e+01
1.568440494569705947e+02,1.000000000000000000e+00,7.700000000000000000e+01
1.568922910413747900e+02,1.000000000000000000e+00,7.700000000000000000e+01
1.567255164859784600e+02,1.000000000000000000e+00,7.700000000000000000e+01
1.574404760201090312e+02,1.000000000000000000e+00,7.700000000000000000e+01
1.580917930305847676e+02,1.000000000000000000e+00,7.700000000000000000e+01
1.554836959208253688e+02,1.000000000000000000e+00,7.700000000000000000e+01
1.546886241224187302e+02,1.000000000000000000e+00,7.700000000000000000e+01
1.583791534524609403e+02,1.000000000000000000e+00,7.700000000000000000e+01
1.563288601806839324e+02,1.000000000000000000e+00,7.700000000000000000e+01
1.516305764101847160e+02,1.000000000000000000e+00,7.700000000000000000e+01
1.563659395669191667e+02,1.000000000000000000e+00,7.700000000000000000e+01
1.568628591853483840e+02,1.000000000000000000e+00,7.700000000000000000e+01
1.565318533942932504e+02,1.000000000000000000e+00,7.700000000000000000e+01
1.542555878389558188e+02,1.000000000000000000e+00,7.700000000000000000e+01
1.559570049896947808e+02,1.000000000000000000e+00,7.700000000000000000e+01
1.591345447050407245e+02,1.000000000000000000e+00,7.700000000000000000e+01
1.554111094686580259e+02,1.000000000000000000e+00,7.700000000000000000e+01
1.535217678624335065e+02,1.000000000000000000e+00,7.700000000000000000e+01
1.592972914170621266e+02,1.000000000000000000e+00,7.700000000000000000e+01
1.581565943352965178e+02,1.000000000000000000e+00,7.700000000000000000e+01
1.560600062962706431e+02,1.000000000000000000e+00,7.700000000000000000e+01
1.601021813275057752e+02,1.000000000000000000e+00,7.700000000000000000e+01
1.571066770027363759e+02,1.000000000000000000e+00,7.700000000000000000e+01
1.600036279017224103e+02,1.000000000000000000e+00,7.700000000000000000e+01
1.555861885842468268e+02,1.000000000000000000e+00,7.700000000000000000e+01
1.556034022413124944e+02,1.000000000000000000e+00,7.700000000000000000e+01
1.549486424974190868e+02,1.000000000000000000e+00,7.700000000000000000e+01
1.570702581600974668e+02,1.000000000000000000e+00,7.700000000000000000e+01
1.548395176989528181e+02,1.000000000000000000e+00,7.700000000000000000e+01
1.624889164663267138e+02,1.000000000000000000e+00,7.700000000000000000e+01
1.567705003335604772e+02,1.000000000000000000e+00,7.700000000000000000e+01
1.544027705500712671e+02,1.000000000000000000e+00,7.700000000000000000e+01
1.543670786976490490e+02,1.000000000000000000e+00,7.700000000000000000e+01
1.546536275049126061e+02,1.000000000000000000e+00,7.700000000000000000e+01
1.543858224780598221e+02,1.000000000000000000e+00,7.700000000000000000e+01
1.574085801199239540e+02,1.000000000000000000e+00,7.700000000000000000e+01
1.590024825222172069e+02,1.000000000000000000e+00,7.700000000000000000e+01
1.551064644145189959e+02,1.000000000000000000e+00,7.700000000000000000e+01
1.610609145060690253e+02,1.000000000000000000e+00,7.700000000000000000e+01
1.546261560162721480e+02,1.000000000000000000e+00,7.700000000000000000e+01
1.553550983838741217e+02,1.000000000000000000e+00,7.700000000000000000e+01
1.587080014797457466e+02,1.000000000000000000e+00,7.700000000000000000e+01
1.506524918211698321e+02,1.000000000000000000e+00,7.700000000000000000e+01
1.573063116544757065e+02,1.000000000000000000e+00,7.700000000000000000e+01
1.590439490547782952e+02,1.000000000000000000e+00,7.700000000000000000e+01
1.527218750894711548e+02,1.000000000000000000e+00,7.700000000000000000e+01
1.565732660120654316e+02,1.000000000000000000e+00,7.700000000000000000e+01
1.576429404306133222e+02,1.000000000000000000e+00,7.700000000000000000e+01
1.574521509258541982e+02,1.000000000000000000e+00,7.700000000000000000e+01
1.578081766043925427e+02,1.000000000000000000e+00,7.700000000000000000e+01
1.542245031233136672e+02,1.000000000000000000e+00,7.700000000000000000e+01
1.537992386642131919e+02,1.000000000000000000e+00,7.700000000000000000e+01
1.554914835830618927e+02,1.000000000000000000e+00,7.700000000000000000e+01
1.577297384697496341e+02,1.000000000000000000e+00,7.700000000000000000e+01
1.575911821458338409e+02,1.000000000000000000e+00,7.700000000000000000e+01
1.584009782997902676e+02,1.000000000000000000e+00,7.700000000000000000e+01
1.541356024569189458e+02,1.000000000000000000e+00,7.700000000000000000e+01
1.594309190847371553e+02,1.000000000000000000e+00,7.700000000000000000e+01
1.563044876745153715e+02,1.000000000000000000e+00,7.700000000000000000e+01
1.546049972267623502e+02,1.000000000000000000e+00,7.700000000000000000e+01
1.577466277833741799e+02,1.000000000000000000e+00,7.700000000000000000e+01
1.543236705480477440e+02,1.000000000000000000e+00,7.700000000000000000e+01
1.562586768224251159e+02,1.000000000000000000e+00,7.700000000000000000e+01
1.531581954453359913e+02,1.000000000000000000e+00,7.700000000000000000e+01
1.579179087938363182e+02,1.000000000000000000e+00,7.700000000000000000e+01
1.499635612810259602e+02,1.000000000000000000e+00,7.700000000000000000e+01
1.583172319370182777e+02,1.000000000000000000e+00,7.700000000000000000e+01
1.567983422300282257e+02,1.000000000000000000e+00,7.700000000000000000e+01
1.584503109693444571e+02,1.000000000000000000e+00,7.700000000000000000e+01
1.594931813327689838e+02,1.000000000000000000e+00,7.700000000000000000e+01
1.581374332875003574e+02,1.000000000000000000e+00,7.700000000000000000e+01
1.569702474392262843e+02,1.000000000000000000e+00,7.700000000000000000e+01
1.577610000686715352e+02,1.000000000000000000e+00,7.700000000000000000e+01
1.543283157018224756e+02,1.000000000000000000e+00,7.700000000000000000e+01
1.592501018804695718e+02,1.000000000000000000e+00,7.700000000000000000e+01
1.585864362647985786e+02,1.000000000000000000e+00,7.700000000000000000e+01
1.562307460262361474e+02,1.000000000000000000e+00,7.700000000000000000e+01
1.104623195001338729e+02,1.000000000000000000e+00,7.700000000000000000e+01
1.109861201711658509e+02,1.000000000000000000e+00,7.700000000000000000e+01
1.082329559972825734e+02,1.000000000000000000e+00,7.700000000000000000e+01
1.072755465038580667e+02,1.000000000000000000e+00,7.700000000000000000e+01
1.071467964108818620e+02,1.000000000000000000e+00,7.700000000000000000e+01
1.064655201313563992e+02,1.000000000000000000e+00,7.700000000000000000e+01
1.073800642009864532e+02,1.000000000000000000e+00,7.700000000000000000e+01
1.092435299826201742e+02,1.000000000000000000e+00,7.700000000000000000e+01
1.097235529529118878e+02,1.000000000000000000e+00,7.700000000000000000e+01
1.074914675866024254e+02,1.000000000000000000e+00,7.700000000000000000e+01
1.052004419993966593e+02,1.000000000000000000e+00,7.700000000000000000e+01
1.088804975674237880e+02,1.000000000000000000e+00,7.700000000000000000e+01
9.904402240040300853e+01,1.000000000000000000e+00,7.700000000000000000e+01
1.022570990645404549e+02,1.000000000000000000e+00,7.700000000000000000e+01
9.815082880741961446e+01,1.000000000000000000e+00,7.700000000000000000e+01
9.386141350986213183e+01,1.000000000000000000e+00,7.700000000000000000e+01
1.019153756333410712e+02,1.000000000000000000e+00,7.700000000000000000e+01
9.940637598801490071e+01,1.000000000000000000e+00,7.700000000000000000e+01
9.518809701224861897e+01,1.000000000000000000e+00,7.700000000000000000e+01
1.002022949001606946e+02,1.000000000000000000e+00,7.700000000000000000e+01
9.998576659954900947e+01,1.000000000000000000e+00,7.700000000000000000e+01
9.899060215749541669e+01,1.000000000000000000e+00,7.700000000000000000e+01
9.681086590709213624e+01,1.000000000000000000e+00,7.700000000000000000e+01
1.009250399657408082e+02,1.000000000000000000e+00,7.700000000000000000e+01
9.823155145400059496e+01,1.000000000000000000e+00,7.700000000000000000e+01
9.591844151814193253e+01,1.000000000000000000e+00,7.700000000000000000e+01
9.678853756171523059e+01,1.000000000000000000e+00,7.700000000000000000e+01
1.002597515583438792e+02,1.000000000000000000e+00,7.700000000000000000e+01
9.966435108075700100e+01,1.000000000000000000e+00,7.700000000000000000e+01
1.002150187080308683e+02,1.000000000000000000e+00,7.700000000000000000e+01
1.002783928503358482e+02,1.000000000000000000e+00,7.700000000000000000e+01
9.930491492636421924e+01,1.000000000000000000e+00,7.700000000000000000e+01
1.018862587719963528e+02,1.000000000000000000e+00,7.700000000000000000e+01
9.544431393441291789e+01,1.000000000000000000e+00,7.700000000000000000e+01
9.824599443880788385e+01,1.000000000000000000e+00,7.700000000000000000e+01
9.633069125988644998e+01,1.000000000000000000e+00,7.700000000000000000e+01
9.770320639612951652e+01,1.000000000000000000e+00,7.700000000000000000e+01
9.634701606370470017e+01,1.000000000000000000e+00,7.700000000000000000e+01
9.871079010325647118e+01,1.000000000000000000e+00,7.700000000000000000e+01
9.327100403418448593e+01,1.000000000000000000e+00,7.700000000000000000e+01
9.294069641781374003e+01,1.000000000000000000e+00,7.700000000000000000e+01
9.525781407191207961e+01,1.000000000000000000e+00,7.700000000000000000e+01
9.779023887878560117e+01,1.000000000000000000e+00,7.700000000000000000e+01
1.009833037485786633e+02,1.000000000000000000e+00,7.700000000000000000e+01
9.409376322402479786e+01,1.000000000000000000e+00,7.700000000000000000e+01
9.949000559284274914e+01,1.000000000000000000e+00,7.700000000000000000e+01
9.616415432632999227e+01,1.000000000000000000e+00,7.700000000000000000e+01
9.363938332881912174e+01,1.000000000000000000e+00,7.700000000000000000e+01
9.564061700882197670e+01,1.000000000000000000e+00,7.700000000000000000e+01
9.870691898584978219e+01,1.000000000000000000e+00,7.700000000000000000e+01
9.660817463649965475e+01,1.000000000000000000e+00,7.700000000000000000e+01
9.453325314968725479e+01,1.000000000000000000e+00,7.700000000000000000e+01
9.757456252433043176e+01,1.000000000000000000e+00,7.700000000000000000e+01
9.619222468762981748e+01,1.000000000000000000e+00,7.700000000000000000e+01
9.673429461417580910e+01,1.000000000000000000e+00,7.700000000000000000e+01
9.702764431138527357e+01,1.000000000000000000e+00,7.700000000000000000e+01
9.584812523369721760e+01,1.000000000000000000e+00,7.700000000000000000e+01
9.643734920637022867e+01,1.000000000000000000e+00,7.700000000000000000e+01
1.003936017400814364e+02,1.000000000000000000e+00,7.700000000000000000e+01
9.799218370301534264e+01,1.000000000000000000e+00,7.700000000000000000e+01
9.805270209906893797e+01,1.000000000000000000e+00,7.700000000000000000e+01
9.707399410414667784e+01,1.000000000000000000e+00,7.700000000000000000e+01
1.018870764899366890e+02,1.000000000000000000e+00,7.700000000000000000e+01
9.530845204538255189e+01,1.000000000000000000e+00,7.700000000000000000e+01
9.945318268559981334e+01,1.000000000000000000e+00,7.700000000000000000e+01
9.442664719605178902e+01,1.000000000000000000e+00,7.700000000000000000e+01
9.650263234143464786e+01,1.000000000000000000e+00,7.700000000000000000e+01
9.679985786592760633e+01,1.000000000000000000e+00,7.700000000000000000e+01
9.917909852635042967e+01,1.000000000000000000e+00,7.700000000000000000e+01
9.415560971406634394e+01,1.000000000000000000e+00,7.700000000000000000e+01
9.762874638273601136e+01,1.000000000000000000e+00,7.700000000000000000e+01
9.890961139954022485e+01,1.000000000000000000e+00,7.700000000000000000e+01
9.824483415350634630e+01,1.000000000000000000e+00,7.700000000000000000e+01
9.553659136246153594e+01,1.000000000000000000e+00,7.700000000000000000e+01
9.462159150096698568e+01,1.000000000000000000e+00,7.700000000000000000e+01
9.621730663735164057e+01,1.000000000000000000e+00,7.700000000000000000e+01
9.752872939606255898e+01,1.000000000000000000e+00,7.700000000000000000e+01
9.773645673570827341e+01,1.000000000000000000e+00,7.700000000000000000e+01
9.823539915413974200e+01,1.000000000000000000e+00,7.700000000000000000e+01
9.964548607595540375e+01,1.000000000000000000e+00,7.700000000000000000e+01
9.748971296864158376e+01,1.000000000000000000e+00,7.700000000000000000e+01
9.662104553057929479e+01,1.000000000000000000e+00,7.700000000000000000e+01
9.693993176415139601e+01,1.000000000000000000e+00,7.700000000000000000e+01
1.001981568184820333e+02,1.000000000000000000e+00,7.700000000000000000e+01
9.583570259730177554e+01,1.000000000000000000e+00,7.700000000000000000e+01
9.911230175233384898e+01,1.000000000000000000e+00,7.700000000000000000e+01
9.489884971813287962e+01,1.000000000000000000e+00,7.700000000000000000e+01
9.405557276011732881e+01,1.000000000000000000e+00,7.700000000000000000e+01
9.763673531040376474e+01,1.000000000000000000e+00,7.700000000000000000e+01
9.740987038775624285e+01,1.000000000000000000e+00,7.700000000000000000e+01
9.511587731362247666e+01,1.000000000000000000e+00,7.700000000000000000e+01
9.839442809974949000e+01,1.000000000000000000e+00,7.700000000000000000e+01
9.766960073983219104e+01,1.000000000000000000e+00,7.700000000000000000e+01
9.726116630299058841e+01,1.000000000000000000e+00,7.700000000000000000e+01
9.900631636773272248e+01,1.000000000000000000e+00,7.700000000000000000e+01
9.751678297778360616e+01,1.000000000000000000e+00,7.700000000000000000e+01
9.410177736702840434e+01,1.000000000000000000e+00,7.700000000000000000e+01
9.936022921401848862e+01,1.000000000000000000e+00,7.700000000000000000e+01
9.583535122219198854e+01,1.000000000000000000e+00,7.700000000000000000e+01
9.772532445052198113e+01,1.000000000000000000e+00,7.700000000000000000e+01
9.651355630054841583e+01,1.000000000000000000e+00,7.700000000000000000e+01
9.657768538409163739e+01,1.000000000000000000e+00,7.700000000000000000e+01
9.538842536584209597e+01,1.000000000000000000e+00,7.700000000000000000e+01
9.644530652782094649e+01,1.000000000000000000e+00,7.700000000000000000e+01
9.418197085030951143e+01,1.000000000000000000e+00,7.700000000000000000e+01
9.671794192642420285e+01,1.000000000000000000e+00,7.700000000000000000e+01
9.570322413189178690e+01,1.000000000000000000e+00,7.700000000000000000e+01
9.614245050159476591e+01,1.000000000000000000e+00,7.700000000000000000e+01
9.886586285967051424e+01,1.000000000000000000e+00,7.700000000000000000e+01
1.014092267591415464e+02,1.000000000000000000e+00,7.700000000000000000e+01
9.520289248080935351e+01,1.000000000000000000e+00,7.700000000000000000e+01
9.420954406655289404e+01,1.000000000000000000e+00,7.700000000000000000e+01
9.466412007376085569e+01,1.000000000000000000e+00,7.700000000000000000e+01
9.601833931547267298e+01,1.000000000000000000e+00,7.700000000000000000e+01
9.854552883718665157e+01,1.000000000000000000e+00,7.700000000000000000e+01
9.708632464567790521e+01,1.000000000000000000e+00,7.700000000000000000e+01
1.021257945668501463e+02,1.000000000000000000e+00,7.700000000000000000e+01
9.774619370951009500e+01,1.000000000000000000e+00,7.700000000000000000e+01
9.692983163735499375e+01,1.000000000000000000e+00,7.700000000000000000e+01
9.576707139357893084e+01,1.000000000000000000e+00,7.700000000000000000e+01
9.904682586016845391e+01,1.000000000000000000e+00,7.700000000000000000e+01
9.640906540662302859e+01,1.000000000000000000e+00,7.700000000000000000e+01
9.644215507570726231e+01,1.000000000000000000e+00,7.700000000000000000e+01
9.654801895883974794e+01,1.000000000000000000e+00,7.700000000000000000e+01
9.771884530836818783e+01,1.000000000000000000e+00,7.700000000000000000e+01
9.309791089507132256e+01,1.000000000000000000e+00,7.700000000000000000e+01
9.511409321898955227e+01,1.000000000000000000e+00,7.700000000000000000e+01
9.830127579965994755e+01,1.000000000000000000e+00,7.700000000000000000e+01
9.563750288943377598e+01,1.000000000000000000e+00,7.700000000000000000e+01
9.339242369386020926e+01,1.000000000000000000e+00,7.700000000000000000e+01
1.010729677628955301e+02,1.000000000000000000e+00,7.700000000000000000e+01
9.767029006040893080e+01,1.000000000000000000e+00,7.700000000000000000e+01
9.936432100334698703e+01,1.000000000000000000e+00,7.700000000000000000e+01
9.710019821686566388e+01,1.000000000000000000e+00,7.700000000000000000e+01
9.591284712842950455e+01,1.000000000000000000e+00,7.700000000000000000e+01
9.679325245586805693e+01,1.000000000000000000e+00,7.700000000000000000e+01
9.774328448556676108e+01,1.000000000000000000e+00,7.700000000000000000e+01
9.630977414821568061e+01,1.000000000000000000e+00,7.700000000000000000e+01
9.814339706522980578e+01,1.000000000000000000e+00,7.700000000000000000e+01
9.546325683038830334e+01,1.000000000000000000e+00,7.700000000000000000e+01
9.697006131031189113e+01,1.000000000000000000e+00,7.700000000000000000e+01
9.641262473586095894e+01,1.000000000000000000e+00,7.700000000000000000e+01
9.746301117585689155e+01,1.000000000000000000e+00,7.700000000000000000e+01
9.898927731474310576e+01,1.000000000000000000e+00,7.700000000000000000e+01
9.884424373484176840e+01,1.000000000000000000e+00,7.700000000000000000e+01
9.367609537473573766e+01,1.000000000000000000e+00,7.700000000000000000e+01
9.935532443490345145e+01,1.000000000000000000e+00,7.700000000000000000e+01
9.402295482727576825e+01,1.000000000000000000e+00,7.700000000000000000e+01
1.007500393274098087e+02,1.000000000000000000e+00,7.700000000000000000e+01
9.605717547403351375e+01,1.000000000000000000e+00,7.700000000000000000e+01
9.769535740909306298e+01,1.000000000000000000e+00,7.700000000000000000e+01
9.688969751718241241e+01,1.000000000000000000e+00,7.700000000000000000e+01
9.625788932673683007e+01,1.000000000000000000e+00,7.700000000000000000e+01
9.688046267048835603e+01,1.000000000000000000e+00,7.700000000000000000e+01
9.855037675286604326e+01,1.000000000000000000e+00,7.700000000000000000e+01
9.932069572802397772e+01,1.000000000000000000e+00,7.700000000000000000e+01
9.552045493285905309e+01,1.000000000000000000e+00,7.700000000000000000e+01
9.732824702810398776e+01,1.000000000000000000e+00,7.700000000000000000e+01
9.658124940773166145e+01,1.000000000000000000e+00,7.700000000000000000e+01
9.870870542250347057e+01,1.000000000000000000e+00,7.700000000000000000e+01
9.806407508075893986e+01,1.000000000000000000e+00,7.700000000000000000e+01
1.004719912772439301e+02,1.000000000000000000e+00,7.700000000000000000e+01
9.949525866384347239e+01,1.000000000000000000e+00,7.700000000000000000e+01
9.873914462983134399e+01,1.000000000000000000e+00,7.700000000000000000e+01
9.798639363442279659e+01,1.000000000000000000e+00,7.700000000000000000e+01
9.428887118594256833e+01,1.000000000000000000e+00,7.700000000000000000e+01
9.877197387242122772e+01,1.000000000000000000e+00,7.700000000000000000e+01
9.491310119451014771e+01,1.000000000000000000e+00,7.700000000000000000e+01
9.670574937037727636e+01,1.000000000000000000e+00,7.700000000000000000e+01
9.879623050776886828e+01,1.000000000000000000e+00,7.700000000000000000e+01
9.810461827364972009e+01,1.000000000000000000e+00,7.700000000000000000e+01
9.552605318550841673e+01,1.000000000000000000e+00,7.700000000000000000e+01
9.659831665588163219e+01,1.000000000000000000e+00,7.700000000000000000e+01
9.414147397976063303e+01,1.000000000000000000e+00,7.700000000000000000e+01
9.774338118115554153e+01,1.000000000000000000e+00,7.700000000000000000e+01
9.840690809667700023e+01,1.000000000000000000e+00,7.700000000000000000e+01
9.619787732358850008e+01,1.000000000000000000e+00,7.700000000000000000e+01
9.852419466981996266e+01,1.000000000000000000e+00,7.700000000000000000e+01
9.783282569529457362e+01,1.000000000000000000e+00,7.700000000000000000e+01
9.792821165268466643e+01,1.000000000000000000e+00,7.700000000000000000e+01
1.464143647701708915e+02,1.000000000000000000e+00,7.700000000000000000e+01
1.466068333657067342e+02,1.000000000000000000e+00,7.700000000000000000e+01
1.430770531192124224e+02,1.000000000000000000e+00,7.700000000000000000e+01
1.477895408764406397e+02,1.000000000000000000e+00,7.700000000000000000e+01
1.452832812812352188e+02,1.000000000000000000e+00,7.700000000000000000e+01
1.467918258600357717e+02,1.000000000000000000e+00,7.700000000000000000e+01
1.404376707398463680e+02,1.000000000000000000e+00,7.700000000000000000e+01
1.445482204908267363e+02,1.000000000000000000e+00,7.700000000000000000e+01
1.482255473224345792e+02,1.000000000000000000e+00,7.700000000000000000e+01
1.419832520085216458e+02,1.000000000000000000e+00,7.700000000000000000e+01
1.469679778025974031e+02,1.000000000000000000e+00,7.700000000000000000e+01
1.414592540927326354e+02,1.000000000000000000e+00,7.700000000000000000e+01
1.571487298758756310e+02,1.000000000000000000e+00,7.700000000000000000e+01
1.523303253962886856e+02,1.000000000000000000e+00,7.700000000000000000e+01
1.527053663261225722e+02,1.000000000000000000e+00,7.700000000000000000e+01
1.548048595702628631e+02,1.000000000000000000e+00,7.700000000000000000e+01
1.550477889714464936e+02,1.000000000000000000e+00,7.700000000000000000e+01
1.547521571244994902e+02,1.000000000000000000e+00,7.700000000000000000e+01
1.547704151945383160e+02,1.000000000000000000e+00,7.700000000000000000e+01
8.053559830178360812e+01,0.000000000000000000e+00,0.000000000000000000e+00
8.021950868112556066e+01,0.000000000000000000e+00,0.000000000000000000e+00
7.905729400762687931e+01,0.000000000000000000e+00,0.000000000000000000e+00
7.608590929953858506e+01,0.000000000000000000e+00,0.000000000000000000e+00
7.959940131944391339e+01,0.000000000000000000e+00,0.000000000000000000e+00
8.367121755325521804e+01,0.000000000000000000e+00,0.000000000000000000e+00
8.030673851669696717e+01,0.000000000000000000e+00,0.000000000000000000e+00
8.122526193634223546e+01,0.000000000000000000e+00,0.000000000000000000e+00
7.900057177295848021e+01,0.000000000000000000e+00,0.000000000000000000e+00
8.158750378717915908e+01,0.000000000000000000e+00,0.000000000000000000e+00
8.294929911628072716e+01,0.000000000000000000e+00,0.000000000000000000e+00
8.092568927343258167e+01,0.000000000000000000e+00,0.000000000000000000e+00
8.163857872095520918e+01,0.000000000000000000e+00,0.000000000000000000e+00
7.997063744378438344e+01,0.000000000000000000e+00,0.000000000000000000e+00
7.724615602787909552e+01,0.000000000000000000e+00,0.000000000000000000e+00
7.811466509282178095e+01,0.000000000000000000e+00,0.000000000000000000e+00
7.595796658941659985e+01,0.000000000000000000e+00,0.000000000000000000e+00
7.844752294665838122e+01,0.000000000000000000e+00,0.000000000000000000e+00
7.857007408315305952e+01,0.000000000000000000e+00,0.000000000000000000e+00
7.917008345053147877e+01,0.000000000000000000e+00,0.000000000000000000e+00
7.814136301853487510e+01,0.000000000000000000e+00,0.000000000000000000e+00
7.670287231595243327e+01,0.000000000000000000e+00,0.000000000000000000e+00
8.051926927073823492e+01,0.000000000000000000e+00,0.000000000000000000e+00
8.164422906363988375e+01,0.000000000000000000e+00,0.000000000000000000e+00
7.763438057790447999e+01,0.000000000000000000e+00,0.000000000000000000e+00
7.827939069245509529e+01,0.000000000000000000e+00,0.000000000000000000e+00
7.873556128786232478e+01,0.000000000000000000e+00,0.000000000000000000e+00
7.931992516911951441e+01,0.000000000000000000e+00,0.000000000000000000e+00
8.043981922401727047e+01,0.000000000000000000e+00,0.000000000000000000e+00
7.918153194770793846e+01,0.000000000000000000e+00,0.000000000000000000e+00
7.898714795804561106e+01,0.000000000000000000e+00,0.000000000000000000e+00
7.949801482360479099e+01,0.000000000000000000e+00,0.000000000000000000e+00
7.986567853125663419e+01,0.000000000000000000e+00,0.000000000000000000e+00
8.079282840072006877e+01,0.000000000000000000e+00,0.000000000000000000e+00
7.913963693346856587e+01,0.000000000000000000e+00,0.000000000000000000e+00
7.975202618155900325e+01,0.000000000000000000e+00,0.000000000000000000e+00
8.251548185611164854e+01,0.000000000000000000e+00,0.000000000000000000e+00
7.827434945232033670e+01,0.000000000000000000e+00,0.000000000000000000e+00
7.972626745895023248e+01,0.000000000000000000e+00,0.000000000000000000e+00
8.063750599250211337e+01,0.000000000000000000e+00,0.000000000000000000e+00
7.772377883261573572e+01,0.000000000000000000e+00,0.000000000000000000e+00
8.117464686395848616e+01,0.000000000000000000e+00,0.000000000000000000e+00
7.926199747592450251e+01,0.000000000000000000e+00,0.000000000000000000e+00
8.209288793164193976e+01,0.000000000000000000e+00,0.000000000000000000e+00
7.960019204721322694e+01,0.000000000000000000e+00,0.000000000000000000e+00
7.902112078158826591e+01,0.000000000000000000e+00,0.000000000000000000e+00
7.865764136624498803e+01,0.000000000000000000e+00,0.000000000000000000e+00
8.115642294066998375e+01,0.000000000000000000e+00,0.000000000000000000e+00
8.507950851087852584e+01,0.000000000000000000e+00,0.000000000000000000e+00
7.885370479167337976e+01,0.000000000000000000e+00,0.000000000000000000e+00
7.819240430287715071e+01,0.000000000000000000e+00,0.000000000000000000e+00
8.355641650494848705e+01,0.000000000000000000e+00,0.000000000000000000e+00
8.257944639430873224e+01,0.000000000000000000e+00,0.000000000000000000e+00
7.992104832574658246e+01,0.000000000000000000e+00,0.000000000000000000e+00
8.164250386752192412e+01,0.000000000000000000e+00,0.000000000000000000e+00
8.491104012243765453e+01,0.000000000000000000e+00,0.000000000000000000e+00
7.670918839266551004e+01,0.000000000000000000e+00,0.000000000000000000e+00
7.898961163016541320e+01,0.000000000000000000e+00,0.000000000000000000e+00
8.032688723468692160e+01,0.000000000000000000e+00,0.000000000000000000e+00
7.624782123758240004e+01,0.000000000000000000e+00,0.000000000000000000e+00
8.036509296009863590e+01,0.000000000000000000e+00,0.000000000000000000e+00
7.783031778405833734e+01,0.000000000000000000e+00,0.000000000000000000e+00
7.724144581745298410e+01,0.000000000000000000e+00,0.000000000000000000e+00
7.792933929188902198e+01,0.000000000000000000e+00,0.000000000000000000e+00
8.049551414647761760e+01,0.000000000000000000e+00,0.000000000000000000e+00
7.988316562286699707e+01,0.000000000000000000e+00,0.000000000000000000e+00
8.274378620774638193e+01,0.000000000000000000e+00,0.000000000000000000e+00
8.132128846760761576e+01,0.000000000000000000e+00,0.000000000000000000e+00
7.918187010779695356e+01,0.000000000000000000e+00,0.000000000000000000e+00
7.931838837353338079e+01,0.000000000000000000e+00,0.000000000000000000e+00
7.717896964481253974e+01,0.000000000000000000e+00,0.000000000000000000e+00
8.118158071117773034e+01,0.000000000000000000e+00,0.000000000000000000e+00
8.080237241170840434e+01,0.000000000000000000e+00,0.000000000000000000e+00
8.457615096214297523e+01,0.000000000000000000e+00,0.000000000000000000e+00
8.082799570197002481e+01,0.000000000000000000e+00,0.000000000000000000e+00
7.836208578644189515e+01,0.000000000000000000e+00,0.000000000000000000e+00
7.861176517611281156e+01,0.000000000000000000e+00,0.000000000000000000e+00
8.204812865217751039e+01,0.000000000000000000e+00,0.000000000000000000e+00
7.771505702860798692e+01,0.000000000000000000e+00,0.000000000000000000e+00
7.955029263508757253e+01,0.000000000000000000e+00,0.000000000000000000e+00
7.771481250928459872e+01,0.000000000000000000e+00,0.000000000000000000e+00
8.017573404396880221e+01,0.000000000000000000e+00,0.000000000000000000e+00
7.889030010012976390e+01,0.000000000000000000e+00,0.000000000000000000e+00
8.074311793449025743e+01,0.000000000000000000e+00,0.000000000000000000e+00
8.089580928075085353e+01,0.000000000000000000e+00,0.000000000000000000e+00
8.038031617362261727e+01,0.000000000000000000e+00,0.000000000000000000e+00
7.863899971585382787e+01,0.000000000000000000e+00,0.000000000000000000e+00
7.987918968099262429e+01,0.000000000000000000e+00,0.000000000000000000e+00
8.163460149245700848e+01,0.000000000000000000e+00,0.000000000000000000e+00
3.141195081466070604e+01,0.000000000000000000e+00,0.000000000000000000e+00
3.020231076729309905e+01,0.000000000000000000e+00,0.000000000000000000e+00
3.152759065700692176e+01,0.000000000000000000e+00,0.000000000000000000e+00
3.416374092304561572e+01,0.000000000000000000e+00,0.000000000000000000e+00
3.019720169329894688e+01,0.000000000000000000e+00,0.000000000000000000e+00
3.483004967097785709e+01,0.000000000000000000e+00,0.000000000000000000e+00
3.588563749210095466e+01,0.000000000000000000e+00,0.000000000000000000e+00
2.988106889520929599e+01,0.000000000000000000e+00,0.000000000000000000e+00
3.511855848461667762e+01,0.000000000000000000e+00,0.000000000000000000e+00
3.605450713214606395e+01,0.000000000000000000e+00,0.000000000000000000e+00
3.317201401669706939e+01,0.000000000000000000e+00,0.000000000000000000e+00
3.138313790764067335e+01,0.000000000000000000e+00,0.000000000000000000e+00
2.052377776521550956e+01,0.000000000000000000e+00,0.000000000000000000e+00
2.820300569399461921e+01,0.000000000000000000e+00,0.000000000000000000e+00
1.710070066062876393e+01,0.000000000000000000e+00,0.000000000000000000e+00
1.985086630590244638e+01,0.000000000000000000e+00,0.000000000000000000e+00
2.275220979746633176e+01,0.000000000000000000e+00,0.000000000000000000e+00
2.053277165370173307e+01,0.000000000000000000e+00,0.000000000000000000e+00
2.280190273084797425e+01,0.000000000000000000e+00,0.000000000000000000e+00
2.225798802956000344e+01,0.000000000000000000e+00,0.000000000000000000e+00
2.175476521058904567e+01,0.000000000000000000e+00,0.000000000000000000e+00
2.478678055018085402e+01,0.000000000000000000e+00,0.000000000000000000e+00
2.111912680281445986e+01,0.000000000000000000e+00,0.000000000000000000e+00
1.893065420224952788e+01,0.000000000000000000e+00,0.000000000000000000e+00
2.161315734649096143e+01,0.000000000000000000e+00,0.000000000000000000e+00
2.091011948570267620e+01,0.000000000000000000e+00,0.000000000000000000e+00
1.974261936513818583e+01,0.000000000000000000e+00,0.000000000000000000e+00
2.339299925322505302e+01,0.000000000000000000e+00,0.000000000000000000e+00
2.032547280761230013e+01,0.000000000000000000e+00,0.000000000000000000e+00
2.045876334555391907e+01,0.000000000000000000e+00,0.000000000000000000e+00
1.732951485691647164e+01,0.000000000000000000e+00,0.000000000000000000e+00
1.942126978591147690e+01,0.000000000000000000e+00,0.000000000000000000e+00
2.164126735069404006e+01,0.000000000000000000e+00,0.000000000000000000e+00
2.043465460705960623e+01,0.000000000000000000e+00,0.000000000000000000e+00
1.755246440832290489e+01,0.000000000000000000e+00,0.000000000000000000e+00
1.941786438537456050e+01,0.000000000000000000e+00,0.000000000000000000e+00
1.833732519736975419e+01,0.000000000000000000e+00,0.000000000000000000e+00
1.790432224963056385e+01,0.000000000000000000e+00,0.000000000000000000e+00
2.081036194267212380e+01,0.000000000000000000e+00,0.000000000000000000e+00
1.963451832459355018e+01,0.000000000000000000e+00,0.000000000000000000e+00
1.676507232766936539e+01,0.000000000000000000e+00,0.000000000000000000e+00
1.960126713630718243e+01,0.000000000000000000e+00,0.000000000000000000e+00
1.966804241225790051e+01,0.000000000000000000e+00,0.000000000000000000e+00
2.178820429720486018e+01,0.000000000000000000e+00,0.000000000000000000e+00
2.170428341285871809e+01,0.000000000000000000e+00,0.000000000000000000e+00
2.026653695511790332e+01,0.000000000000000000e+00,0.000000000000000000e+00
2.235337820470202885e+01,0.000000000000000000e+00,0.000000000000000000e+00
2.066833449607819162e+01,0.000000000000000000e+00,0.000000000000000000e+00
1.413436341325171597e+01,0.000000000000000000e+00,0.000000000000000000e+00
1.638550993251036303e+01,0.000000000000000000e+00,0.000000000000000000e+00
1.906577027429756654e+01,0.000000000000000000e+00,0.000000000000000000e+00
1.941939591147985666e+01,0.000000000000000000e+00,0.000000000000000000e+00
1.624232124697349633e+01,0.000000000000000000e+00,0.000000000000000000e+00
2.031211094481150070e+01,0.000000000000000000e+00,0.000000000000000000e+00
1.949540686942818368e+01,0.000000000000000000e+00,0.000000000000000000e+00
1.881312183569435348e+01,0.000000000000000000e+00,0.000000000000000000e+00
2.339525034226930700e+01,0.000000000000000000e+00,0.000000000000000000e+00
2.149805224333824327e+01,0.000000000000000000e+00,0.000000000000000000e+00
1.920603729194632692e+01,0.000000000000000000e+00,0.000000000000000000e+00
2.214951924886619494e+01,0.000000000000000000e+00,0.000000000000000000e+00
2.117535381050815602e+01,0.000000000000000000e+00,0.000000000000000000e+00
2.222577670926880700e+01,0.000000000000000000e+00,0.000000000000000000e+00
1.824062530130234094e+01,0.000000000000000000e+00,0.000000000000000000e+00
2.155487824973434741e+01,0.000000000000000000e+00,0.000000000000000000e+00
2.265875260599926833e+01,0.000000000000000000e+00,0.000000000000000000e+00
1.877684598755994472e+01,0.000000000000000000e+00,0.000000000000000000e+00
2.127027155005391990e+01,0.000000000000000000e+00,0.000000000000000000e+00
1.905296219591108198e+01,0.000000000000000000e+00,0.000000000000000000e+00
1.838822150722384663e+01,0.000000000000000000e+00,0.000000000000000000e+00
2.028617154286716229e+01,0.000000000000000000e+00,0.000000000000000000e+00
1.933783685222005744e+01,0.000000000000000000e+00,0.000000000000000000e+00
2.382624940577272810e+01,0.000000000000000000e+00,0.000000000000000000e+00
2.089943408882136922e+01,0.000000000000000000e+00,0.000000000000000000e+00
2.324608379320211071e+01,0.000000000000000000e+00,0.000000000000000000e+00
2.274214759750756798e+01,0.000000000000000000e+00,0.000000000000000000e+00
1.897282446298685343e+01,0.000000000000000000e+00,0.000000000000000000e+00
2.046879360680280868e+01,0.000000000000000000e+00,0.000000000000000000e+00
1.943808130547454383e+01,0.000000000000000000e+00,0.000000000000000000e+00
1.671382020752042408e+01,0.000000000000000000e+00,0.000000000000000000e+00
1.880217476941597710e+01,0.000000000000000000e+00,0.000000000000000000e+00
1.882513239497654922e+01,0.000000000000000000e+00,0.000000000000000000e+00
2.109578993697903471e+01,0.000000000000000000e+00,0.000000000000000000e+00
1.894529420160299793e+01,0.000000000000000000e+00,0.000000000000000000e+00
2.087408649715358422e+01,0.000000000000000000e+00,0.000000000000000000e+00
2.147170316725674866e+01,0.000000000000000000e+00,0.000000000000000000e+00
2.182004258896135340e+01,0.000000000000000000e+00,0.000000000000000000e+00
2.057657606405413730e+01,0.000000000000000000e+00,0.000000000000000000e+00
1.992243262218245903e+01,0.000000000000000000e+00,0.000000000000000000e+00
1.788165508890594069e+01,0.000000000000000000e+00,0.000000000000000000e+00
2.129274645575616987e+01,0.000000000000000000e+00,0.000000000000000000e+00
1.954537108105156307e+01,0.000000000000000000e+00,0.000000000000000000e+00
2.225368435411284906e+01,0.000000000000000000e+00,0.000000000000000000e+00
2.118256584191029646e+01,0.000000000000000000e+00,0.000000000000000000e+00
2.138363872360969964e+01,0.000000000000000000e+00,0.000000000000000000e+00
2.095407410915994717e+01,0.000000000000000000e+00,0.000000000000000000e+00
2.089701569391351299e+01,0.000000000000000000e+00,0.000000000000000000e+00
1.979880838627342143e+01,0.000000000000000000e+00,0.000000000000000000e+00
1.808094543314889791e+01,0.000000000000000000e+00,0.000000000000000000e+00
2.067985497950483520e+01,0.000000000000000000e+00,0.000000000000000000e+00
2.133200345065920089e+01,0.000000000000000000e+00,0.000000000000000000e+00
1.900939942367142166e+01,0.000000000000000000e+00,0.000000000000000000e+00
2.054263027499182925e+01,0.000000000000000000e+00,0.000000000000000000e+00
2.033922542750461204e+01,0.000000000000000000e+00,0.000000000000000000e+00
2.144885196972873231e+01,0.000000000000000000e+00,0.000000000000000000e+00
1.821497268806453818e+01,0.000000000000000000e+00,0.000000000000000000e+00
2.296921472327990088e+01,0.000000000000000000e+00,0.000000000000000000e+00
1.928552495593056904e+01,0.000000000000000000e+00,0.000000000000000000e+00
1.925831921630661725e+01,0.000000000000000000e+00,0.000000000000000000e+00
1.675389508059524957e+01,0.000000000000000000e+00,0.000000000000000000e+00
2.082150803939981287e+01,0.000000000000000000e+00,0.000000000000000000e+00
1.994902885415210392e+01,0.000000000000000000e+00,0.000000000000000000e+00
2.266483508143115344e+01,0.000000000000000000e+00,0.000000000000000000e+00
2.105583727744589240e+01,0.000000000000000000e+00,0.000000000000000000e+00
2.111850578917402999e+01,0.000000000000000000e+00,0.000000000000000000e+00
1.521509836952389350e+01,0.000000000000000000e+00,0.000000000000000000e+00
1.532370942283929161e+01,0.000000000000000000e+00,0.000000000000000000e+00
1.821838779068518122e+01,0.000000000000000000e+00,0.000000000000000000e+00
1.903328637209965279e+01,0.000000000000000000e+00,0.000000000000000000e+00
1.974227457584402501e+01,0.000000000000000000e+00,0.000000000000000000e+00
1.859066667793857519e+01,0.000000000000000000e+00,0.000000000000000000e+00
2.254942430010021326e+01,0.000000000000000000e+00,0.000000000000000000e+00
1.727991703047705840e+01,0.000000000000000000e+00,0.000000000000000000e+00
2.152910954980796276e+01,0.000000000000000000e+00,0.000000000000000000e+00
1.811661878372021306e+01,0.000000000000000000e+00,0.000000000000000000e+00
1.987972570699460917e+01,0.000000000000000000e+00,0.000000000000000000e+00
1.692939772548526278e+01,0.000000000000000000e+00,0.000000000000000000e+00
2.298125193200814209e+01,0.000000000000000000e+00,0.000000000000000000e+00
2.012194282181517124e+01,0.000000000000000000e+00,0.000000000000000000e+00
2.052157108069645375e+01,0.000000000000000000e+00,0.000000000000000000e+00
2.285145808509828669e+01,0.000000000000000000e+00,0.000000000000000000e+00
1.823873849930615521e+01,0.000000000000000000e+00,0.000000000000000000e+00
1.839892584215246529e+01,0.000000000000000000e+00,0.000000000000000000e+00
2.113086730402137192e+01,0.000000000000000000e+00,0.000000000000000000e+00
1.860671855014203402e+01,0.000000000000000000e+00,0.000000000000000000e+00
1.745174014517537131e+01,0.000000000000000000e+00,0.000000000000000000e+00
1.725228738078684287e+01,0.000000000000000000e+00,0.000000000000000000e+00
1.972946056370999557e+01,0.000000000000000000e+00,0.000000000000000000e+00
1.999618507366528419e+01,0.000000000000000000e+00,0.000000000000000000e+00
1.978011906472385562e+01,0.000000000000000000e+00,0.000000000000000000e+00
2.129639954877941221e+01,0.000000000000000000e+00,0.000000000000000000e+00
1.742232509783361394e+01,0.000000000000000000e+00,0.000000000000000000e+00
1.651468649120713650e+01,0.000000000000000000e+00,0.000000000000000000e+00
1.790851766868865269e+01,0.000000000000000000e+00,0.000000000000000000e+00
2.165486949207770451e+01,0.000000000000000000e+00,0.000000000000000000e+00
1.849338043139324483e+01,0.000000000000000000e+00,0.000000000000000000e+00
2.052430764492635973e+01,0.000000000000000000e+00,0.000000000000000000e+00
1.745009278666939068e+01,0.000000000000000000e+00,0.000000000000000000e+00
1.737634228381607571e+01,0.000000000000000000e+00,0.000000000000000000e+00
1.886619119376852538e+01,0.000000000000000000e+00,0.000000000000000000e+00
2.118320224745438551e+01,0.000000000000000000e+00,0.000000000000000000e+00
1.959347611486567331e+01,0.000000000000000000e+00,0.000000000000000000e+00
2.204390549269952970e+01,0.000000000000000000e+00,0.000000000000000000e+00
1.884795652945938826e+01,0.000000000000000000e+00,0.000000000000000000e+00
1.956828685687732516e+01,0.000000000000000000e+00,0.000000000000000000e+00
1.870296944493177804e+01,0.000000000000000000e+00,0.000000000000000000e+00
1.950854876542534910e+01,0.000000000000000000e+00,0.000000000000000000e+00
2.193967871679082648e+01,0.000000000000000000e+00,0.000000000000000000e+00
1.812911143212026843e+01,0.000000000000000000e+00,0.000000000000000000e+00
1.918202704236817624e+01,0.000000000000000000e+00,0.000000000000000000e+00
1.512563832792290164e+01,0.000000000000000000e+00,0.000000000000000000e+00
1.816820962582771770e+01,0.000000000000000000e+00,0.000000000000000000e+00
1.590415143713078550e+01,0.000000000000000000e+00,0.000000000000000000e+00
2.163473039227217143e+01,0.000000000000000000e+00,0.000000000000000000e+00
2.038494760472052647e+01,0.000000000000000000e+00,0.000000000000000000e+00
2.040412460626456337e+01,0.000000000000000000e+00,0.000000000000000000e+00
2.160114376421188354e+01,0.000000000000000000e+00,0.000000000000000000e+00
2.020060821209389346e+01,0.000000000000000000e+00,0.000000000000000000e+00
1.767742539478014407e+01,0.000000000000000000e+00,0.000000000000000000e+00
2.136252899334321498e+01,0.000000000000000000e+00,0.000000000000000000e+00
1.861027104306036151e+01,0.000000000000000000e+00,0.000000000000000000e+00
1.794932167178715687e+01,0.000000000000000000e+00,0.000000000000000000e+00
2.185127082827264999e+01,0.000000000000000000e+00,0.000000000000000000e+00
2.504642858300508124e+01,0.000000000000000000e+00,0.000000000000000000e+00
2.143822082930145712e+01,0.000000000000000000e+00,0.000000000000000000e+00
2.004378906723270148e+01,0.000000000000000000e+00,0.000000000000000000e+00
1.819184379062198431e+01,0.000000000000000000e+00,0.000000000000000000e+00
2.159940019088391949e+01,0.000000000000000000e+00,0.000000000000000000e+00
2.117408133208451204e+01,0.000000000000000000e+00,0.000000000000000000e+00
2.066729385496022076e+01,0.000000000000000000e+00,0.000000000000000000e+00
2.021200578958140781e+01,0.000000000000000000e+00,0.000000000000000000e+00
6.945476797435695460e+01,0.000000000000000000e+00,0.000000000000000000e+00
6.903083325386312197e+01,0.000000000000000000e+00,0.000000000000000000e+00
6.835007687743309646e+01,0.000000000000000000e+00,0.000000000000000000e+00
6.840562679659586820e+01,0.000000000000000000e+00,0.000000000000000000e+00
6.442924669282047034e+01,0.000000000000000000e+00,0.000000000000000000e+00
6.890602611928524368e+01,0.000000000000000000e+00,0.000000000000000000e+00
7.078943983596302303e+01,0.000000000000000000e+00,0.000000000000000000e+00
7.050764330345718633e+01,0.000000000000000000e+00,0.000000000000000000e+00
6.617745964978898598e+01,0.000000000000000000e+00,0.000000000000000000e+00
6.922406021625344863e+01,0.000000000000000000e+00,0.000000000000000000e+00
6.532621894964351839e+01,0.000000000000000000e+00,0.000000000000000000e+00
6.700844394711941732e+01,0.000000000000000000e+00,0.000000000000000000e+00
7.639167793255242600e+01,0.000000000000000000e+00,0.000000000000000000e+00
7.867642476641431415e+01,0.000000000000000000e+00,0.000000000000000000e+00
7.316588219943781723e+01,0.000000000000000000e+00,0.000000000000000000e+00
7.405245920995231756e+01,0.000000000000000000e+00,0.000000000000000000e+00
8.128866975975418541e+01,0.000000000000000000e+00,0.000000000000000000e+00
7.918793186653718408e+01,0.000000000000000000e+00,0.000000000000000000e+00
7.719563172719070110e+01,0.000000000000000000e+00,0.000000000000000000e+00
7.827997373435259476e+01,0.000000000000000000e+00,0.000000000000000000e+00
7.637288022808333210e+01,0.000000000000000000e+00,0.000000000000000000e+00
7.734110816674721889e+01,0.000000000000000000e+00,0.000000000000000000e+00
7.585958286728316580e+01,0.000000000000000000e+00,0.000000000000000000e+00
7.592904224948755143e+01,0.000000000000000000e+00,0.000000000000000000e+00
7.415422809831245843e+01,0.000000000000000000e+00,0.000000000000000000e+00
8.036150771218810007e+01,0.000000000000000000e+00,0.000000000000000000e+00
8.186082089352728985e+01,0.000000000000000000e+00,0.000000000000000000e+00
7.836897916246229556e+01,0.000000000000000000e+00,0.000000000000000000e+00
7.981691454203466662e+01,0.000000000000000000e+00,0.000000000000000000e+00
7.873927425373683775e+01,0.000000000000000000e+00,0.000000000000000000e+00
7.795356332412755762e+01,0.000000000000000000e+00,0.000000000000000000e+00
8.301789251862815888e+01,0.000000000000000000e+00,0.000000000000000000e+00
7.876215417376835148e+01,0.000000000000000000e+00,0.000000000000000000e+00
7.890182484128243345e+01,0.000000000000000000e+00,0.000000000000000000e+00
8.157111447889947442e+01,0.000000000000000000e+00,0.000000000000000000e+00
8.471221976359203154e+01,0.000000000000000000e+00,0.000000000000000000e+00
8.357423530435846715e+01,0.000000000000000000e+00,0.000000000000000000e+00
7.993651775028776285e+01,0.000000000000000000e+00,0.000000000000000000e+00
7.915893879424372415e+01,0.000000000000000000e+00,0.000000000000000000e+00
8.244062262004489128e+01,0.000000000000000000e+00,0.000000000000000000e+00
7.750656001507346105e+01,0.000000000000000000e+00,0.000000000000000000e+00
8.290005329899399555e+01,0.000000000000000000e+00,0.000000000000000000e+00
7.643081659038682574e+01,0.000000000000000000e+00,0.000000000000000000e+00
8.220312938480712717e+01,0.000000000000000000e+00,0.000000000000000000e+00
8.064039617239281199e+01,0.000000000000000000e+00,0.000000000000000000e+00
7.927897419605838536e+01,0.000000000000000000e+00,0.000000000000000000e+00
8.026546853446843954e+01,0.000000000000000000e+00,0.000000000000000000e+00
7.879873067312090029e+01,0.000000000000000000e+00,0.000000000000000000e+00
7.991831572268183947e+01,0.000000000000000000e+00,0.000000000000000000e+00
8.258524106222321848e+01,0.000000000000000000e+00,0.000000000000000000e+00
8.194303727702050821e+01,0.000000000000000000e+00,0.000000000000000000e+00
8.281693569053337001e+01,0.000000000000000000e+00,0.000000000000000000e+00
7.835643146634478740e+01,0.000000000000000000e+00,0.000000000000000000e+00
7.896719560595421683e+01,0.000000000000000000e+00,0.000000000000000000e+00
8.199159916702858197e+01,0.000000000000000000e+00,0.000000000000000000e+00
7.840393490448406055e+01,0.000000000000000000e+00,0.000000000000000000e+00
7.827515639795488767e+01,0.000000000000000000e+00,0.000000000000000000e+00
8.087786829896961649e+01,0.000000000000000000e+00,0.000000000000000000e+00
7.850893346768707204e+01,0.000000000000000000e+00,0.000000000000000000e+00
8.009691226739924730e+01,0.000000000000000000e+00,0.000000000000000000e+00
7.773201222524670584e+01,0.000000000000000000e+00,0.000000000000000000e+00
8.179077195860611482e+01,0.000000000000000000e+00,0.000000000000000000e+00
7.987287040091676715e+01,0.000000000000000000e+00,0.000000000000000000e+00
7.775998516420914086e+01,0.000000000000000000e+00,0.000000000000000000e+00
7.712860446506013545e+01,0.000000000000000000e+00,0.000000000000000000e+00
7.693031727654582141e+01,0.000000000000000000e+00,0.000000000000000000e+00
7.913412209670947561e+01,0.000000000000000000e+00,0.000000000000000000e+00
8.110616336724672237e+01,0.000000000000000000e+00,0.000000000000000000e+00
7.481024494009821524e+01,0.000000000000000000e+00,0.000000000000000000e+00
7.761968490218848160e+01,0.000000000000000000e+00,0.000000000000000000e+00
8.035777034131523067e+01,0.000000000000000000e+00,0.000000000000000000e+00
7.868024562528219690e+01,0.000000000000000000e+00,0.000000000000000000e+00
8.063792179911206404e+01,0.000000000000000000e+00,0.000000000000000000e+00
7.905183862329681688e+01,0.000000000000000000e+00,0.000000000000000000e+00
7.885147211340928664e+01,0.000000000000000000e+00,0.000000000000000000e+00
8.140799638046725306e+01,0.000000000000000000e+00,0.000000000000000000e+00
8.083902729553035726e+01,0.000000000000000000e+00,0.000000000000000000e+00
7.862612277021518992e+01,0.000000000000000000e+00,0.000000000000000000e+00
8.215083002325422967e+01,0.000000000000000000e+00,0.000000000000000000e+00
7.925032999541600987e+01,0.000000000000000000e+00,0.000000000000000000e+00
8.078880634251187587e+01,0.000000000000000000e+00,0.000000000000000000e+00
8.427200561283387970e+01,0.000000000000000000e+00,0.000000000000000000e+00
8.035204151330812294e+01,0.000000000000000000e+00,0.000000000000000000e+00
8.043254459734950501e+01,0.000000000000000000e+00,0.000000000000000000e+00
8.059444258271206252e+01,0.000000000000000000e+00,0.000000000000000000e+00
8.026979818354286067e+01,0.000000000000000000e+00,0.000000000000000000e+00
8.103593193554085872e+01,0.000000000000000000e+00,0.000000000000000000e+00
7.979980544166072320e+01,0.000000000000000000e+00,0.000000000000000000e+00
7.909116046414368384e+01,0.000000000000000000e+00,0.000000000000000000e+00
8.147860828192040117e+01,0.000000000000000000e+00,0.000000000000000000e+00
7.966458891627226535e+01,0.000000000000000000e+00,0.000000000000000000e+00
7.877527686101997517e+01,0.000000000000000000e+00,0.000000000000000000e+00
8.168707229754892296e+01,0.000000000000000000e+00,0.000000000000000000e+00
8.120722464910392091e+01,0.000000000000000000e+00,0.000000000000000000e+00
8.277089924843380686e+01,0.000000000000000000e+00,0.000000000000000000e+00
7.994178727685054753e+01,0.000000000000000000e+00,0.000000000000000000e+00
7.817398468667113320e+01,0.000000000000000000e+00,0.000000000000000000e+00
7.808948824892755169e+01,0.000000000000000000e+00,0.000000000000000000e+00
7.839381849999332985e+01,0.000000000000000000e+00,0.000000000000000000e+00
8.355592649516015058e+01,0.000000000000000000e+00,0.000000000000000000e+00
8.278400908201088271e+01,0.000000000000000000e+00,0.000000000000000000e+00
7.996582670470849052e+01,0.000000000000000000e+00,0.000000000000000000e+00
7.914113137914368679e+01,0.000000000000000000e+00,0.000000000000000000e+00
7.800679949334352159e+01,0.000000000000000000e+00,0.000000000000000000e+00
8.163957936921097769e+01,0.000000000000000000e+00,0.000000000000000000e+00
8.070033212475681239e+01,0.000000000000000000e+00,0.000000000000000000e+00
8.084171973320890459e+01,0.000000000000000000e+00,0.000000000000000000e+00
7.809470609767915050e+01,0.000000000000000000e+00,0.000000000000000000e+00
3.567785288611998595e+01,0.000000000000000000e+00,0.000000000000000000e+00
3.219655297978475517e+01,0.000000000000000000e+00,0.000000000000000000e+00
3.105037196823565537e+01,0.000000000000000000e+00,0.000000000000000000e+00
3.402350927511966461e+01,0.000000000000000000e+00,0.000000000000000000e+00
3.302574738960763057e+01,0.000000000000000000e+00,0.000000000000000000e+00
3.469398229681223000e+01,0.000000000000000000e+00,0.000000000000000000e+00
3.381401987403062748e+01,0.000000000000000000e+00,0.000000000000000000e+00
3.373510003274197544e+01,0.000000000000000000e+00,0.000000000000000000e+00
3.177508544111242728e+01,0.000000000000000000e+00,0.000000000000000000e+00
3.011968346428671950e+01,0.000000000000000000e+00,0.000000000000000000e+00
2.898956206337933850e+01,0.000000000000000000e+00,0.000000000000000000e+00
3.386947126539293151e+01,0.000000000000000000e+00,0.000000000000000000e+00
2.207450210424868686e+01,0.000000000000000000e+00,0.000000000000000000e+00
2.372708405127439590e+01,0.000000000000000000e+00,0.000000000000000000e+00
2.035695700296120947e+01,0.000000000000000000e+00,0.000000000000000000e+00
2.102706240450375930e+01,0.000000000000000000e+00,0.000000000000000000e+00
2.503225302308464961e+01,0.000000000000000000e+00,0.000000000000000000e+00
2.462190232229564302e+01,0.000000000000000000e+00,0.000000000000000000e+00
2.268421135549769119e+01,0.000000000000000000e+00,0.000000000000000000e+00
2.059932813740140389e+01,0.000000000000000000e+00,0.000000000000000000e+00
1.937208236537484396e+01,0.000000000000000000e+00,0.000000000000000000e+00
2.491501773194697833e+01,0.000000000000000000e+00,0.000000000000000000e+00
2.379546971836596470e+01,0.000000000000000000e+00,0.000000000000000000e+00
1.686311677370249029e+01,0.000000000000000000e+00,0.000000000000000000e+00
2.292889608207483576e+01,0.000000000000000000e+00,0.000000000000000000e+00
2.272140213163805811e+01,0.000000000000000000e+00,0.000000000000000000e+00
1.760288339105974842e+01,0.000000000000000000e+00,0.000000000000000000e+00
1.902925437063346337e+01,0.000000000000000000e+00,0.000000000000000000e+00
2.052384154168607111e+01,0.000000000000000000e+00,0.000000000000000000e+00
2.088637731246986107e+01,0.000000000000000000e+00,0.000000000000000000e+00
2.002922791551290516e+01,0.000000000000000000e+00,0.000000000000000000e+00
2.139186275833026585e+01,0.000000000000000000e+00,0.000000000000000000e+00
2.132019219271714405e+01,0.000000000000000000e+00,0.000000000000000000e+00
2.014586833531271637e+01,0.000000000000000000e+00,0.000000000000000000e+00
2.259416535765083012e+01,0.000000000000000000e+00,0.000000000000000000e+00
1.976099851613040670e+01,0.000000000000000000e+00,0.000000000000000000e+00
1.825935469364018360e+01,0.000000000000000000e+00,0.000000000000000000e+00
1.875349087373027857e+01,0.000000000000000000e+00,0.000000000000000000e+00
2.006441969516160739e+01,0.000000000000000000e+00,0.000000000000000000e+00
1.999693190714576474e+01,0.000000000000000000e+00,0.000000000000000000e+00
1.963021485839314551e+01,0.000000000000000000e+00,0.000000000000000000e+00
2.010421622981024825e+01,0.000000000000000000e+00,0.000000000000000000e+00
2.258989777841142299e+01,0.000000000000000000e+00,0.000000000000000000e+00
1.892939239405082930e+01,0.000000000000000000e+00,0.000000000000000000e+00
2.411547396134053400e+01,0.000000000000000000e+00,0.000000000000000000e+00
2.293783072021822989e+01,0.000000000000000000e+00,0.000000000000000000e+00
2.438826842309998000e+01,0.000000000000000000e+00,0.000000000000000000e+00
2.303097129271025167e+01,0.000000000000000000e+00,0.000000000000000000e+00
1.930848230150717271e+01,0.000000000000000000e+00,0.000000000000000000e+00
2.457026380579466363e+01,0.000000000000000000e+00,0.000000000000000000e+00
2.288564235272708203e+01,0.000000000000000000e+00,0.000000000000000000e+00
2.171913676094679246e+01,0.000000000000000000e+00,0.000000000000000000e+00
2.043543640142888052e+01,0.000000000000000000e+00,0.000000000000000000e+00
2.119773448110477787e+01,0.000000000000000000e+00,0.000000000000000000e+00
2.084087077144268463e+01,0.000000000000000000e+00,0.000000000000000000e+00
1.993023601237770848e+01,0.000000000000000000e+00,0.000000000000000000e+00
2.117275967944649295e+01,0.000000000000000000e+00,0.000000000000000000e+00
1.993411923464730151e+01,0.000000000000000000e+00,0.000000000000000000e+00
2.120732865068334405e+01,0.000000000000000000e+00,0.000000000000000000e+00
2.074233301054947631e+01,0.000000000000000000e+00,0.000000000000000000e+00
1.934580243922491150e+01,0.000000000000000000e+00,0.000000000000000000e+00
2.300295028302856437e+01,0.000000000000000000e+00,0.000000000000000000e+00
2.023271630524538622e+01,0.000000000000000000e+00,0.000000000000000000e+00
2.078655022859214441e+01,0.000000000000000000e+00,0.000000000000000000e+00
1.986276361380129529e+01,0.000000000000000000e+00,0.000000000000000000e+00
1.734071631213080522e+01,0.000000000000000000e+00,0.000000000000000000e+00
2.249876675599287168e+01,0.000000000000000000e+00,0.000000000000000000e+00
1.938607981107880107e+01,0.000000000000000000e+00,0.000000000000000000e+00
2.433002852344704436e+01,0.000000000000000000e+00,0.000000000000000000e+00
1.694485006571557761e+01,0.000000000000000000e+00,0.000000000000000000e+00
1.724233968500867320e+01,0.000000000000000000e+00,0.000000000000000000e+00
2.075275728923547192e+01,0.000000000000000000e+00,0.000000000000000000e+00
2.067260005867098727e+01,0.000000000000000000e+00,0.000000000000000000e+00
1.566607031588580057e+01,0.000000000000000000e+00,0.000000000000000000e+00
1.657348654795764276e+01,0.000000000000000000e+00,0.000000000000000000e+00
2.049739018430446791e+01,0.000000000000000000e+00,0.000000000000000000e+00
2.065459157785932476e+01,0.000000000000000000e+00,0.000000000000000000e+00
1.682066877522505521e+01,0.000000000000000000e+00,0.000000000000000000e+00
1.999975404758971820e+01,0.000000000000000000e+00,0.000000000000000000e+00
1.612781124263787547e+01,0.000000000000000000e+00,0.000000000000000000e+00
1.965931600900732690e+01,0.000000000000000000e+00,0.000000000000000000e+00
1.903198320389768483e+01,0.000000000000000000e+00,0.000000000000000000e+00
1.840464494076856994e+01,0.000000000000000000e+00,0.000000000000000000e+00
1.974557297786432031e+01,0.000000000000000000e+00,0.000000000000000000e+00
1.886667902280409947e+01,0.000000000000000000e+00,0.000000000000000000e+00
2.143049480832380027e+01,0.000000000000000000e+00,0.000000000000000000e+00
1.855680982397751677e+01,0.000000000000000000e+00,0.000000000000000000e+00
1.914159401115106718e+01,0.000000000000000000e+00,0.000000000000000000e+00
1.979626367848171142e+01,0.000000000000000000e+00,0.000000000000000000e+00
1.946554164893247929e+01,0.000000000000000000e+00,0.000000000000000000e+00
2.239801340173591981e+01,0.000000000000000000e+00,0.000000000000000000e+00
2.021637203973891772e+01,0.000000000000000000e+00,0.000000000000000000e+00
1.726503759698907814e+01,0.000000000000000000e+00,0.000000000000000000e+00
2.175856592758228203e+01,0.000000000000000000e+00,0.000000000000000000e+00
2.126580349534871317e+01,0.000000000000000000e+00,0.000000000000000000e+00
1.718516696524980958e+01,0.000000000000000000e+00,0.000000000000000000e+00
1.871898854833360559e+01,0.000000000000000000e+00,0.000000000000000000e+00
1.963686728827543604e+01,0.000000000000000000e+00,0.000000000000000000e+00
2.106905547337117568e+01,0.000000000000000000e+00,0.000000000000000000e+00
1.797488541681101637e+01,0.000000000000000000e+00,0.000000000000000000e+00
2.219181448003964618e+01,0.000000000000000000e+00,0.000000000000000000e+00
2.050705155887441222e+01,0.000000000000000000e+00,0.000000000000000000e+00
2.038881049729537409e+01,0.000000000000000000e+00,0.000000000000000000e+00
2.247647023940340461e+01,0.000000000000000000e+00,0.000000000000000000e+00
1.730117688895452588e+01,0.000000000000000000e+00,0.000000000000000000e+00
2.197075267020019496e+01,0.000000000000000000e+00,0.000000000000000000e+00
1.886303553388186316e+01,0.000000000000000000e+00,0.000000000000000000e+00
1.799104556209749362e+01,0.000000000000000000e+00,0.000000000000000000e+00
1.515426376331677361e+01,0.000000000000000000e+00,0.000000000000000000e+00
2.061525663030672106e+01,0.000000000000000000e+00,0.000000000000000000e+00
1.804745123416448749e+01,0.000000000000000000e+00,0.000000000000000000e+00
2.370187251345709356e+01,0.000000000000000000e+00,0.000000000000000000e+00
1.680664540527638096e+01,0.000000000000000000e+00,0.000000000000000000e+00
2.059687174559033807e+01,0.000000000000000000e+00,0.000000000000000000e+00
2.214099895646340599e+01,0.000000000000000000e+00,0.000000000000000000e+00
2.020486731817286241e+01,0.000000000000000000e+00,0.000000000000000000e+00
1.858128799066555459e+01,0.000000000000000000e+00,0.000000000000000000e+00
2.103574203399017151e+01,0.000000000000000000e+00,0.000000000000000000e+00
1.578707581191902420e+01,0.000000000000000000e+00,0.000000000000000000e+00
1.673648131094751079e+01,0.000000000000000000e+00,0.000000000000000000e+00
1.711893466372692174e+01,0.000000000000000000e+00,0.000000000000000000e+00
2.010290620073804035e+01,0.000000000000000000e+00,0.000000000000000000e+00
1.991704182553310432e+01,0.000000000000000000e+00,0.000000000000000000e+00
2.016178587839462111e+01,0.000000000000000000e+00,0.000000000000000000e+00
2.239805873444360529e+01,0.000000000000000000e+00,0.000000000000000000e+00
1.874251553994351127e+01,0.000000000000000000e+00,0.000000000000000000e+00
1.944618598521030606e+01,0.000000000000000000e+00,0.000000000000000000e+00
1.740308022012507649e+01,0.000000000000000000e+00,0.000000000000000000e+00
2.233185482722143433e+01,0.000000000000000000e+00,0.000000000000000000e+00
1.899067042734841948e+01,0.000000000000000000e+00,0.000000000000000000e+00
2.098583194964344756e+01,0.000000000000000000e+00,0.000000000000000000e+00
1.987473863293383403e+01,0.000000000000000000e+00,0.000000000000000000e+00
1.914619863231152763e+01,0.000000000000000000e+00,0.000000000000000000e+00
1.401646003111331140e+01,0.000000000000000000e+00,0.000000000000000000e+00
2.281596934935172172e+01,0.000000000000000000e+00,0.000000000000000000e+00
2.313622783587933895e+01,0.000000000000000000e+00,0.000000000000000000e+00
2.129800930665484415e+01,0.000000000000000000e+00,0.000000000000000000e+00
2.302470989376990218e+01,0.000000000000000000e+00,0.000000000000000000e+00
2.113520729166765122e+01,0.000000000000000000e+00,0.000000000000000000e+00
2.019757868500717279e+01,0.000000000000000000e+00,0.000000000000000000e+00
2.525984205637158553e+01,0.000000000000000000e+00,0.000000000000000000e+00
2.082008736958697881e+01,0.000000000000000000e+00,0.000000000000000000e+00
1.701000048232763007e+01,0.000000000000000000e+00,0.000000000000000000e+00
2.076227959477742857e+01,0.000000000000000000e+00,0.000000000000000000e+00
1.950250964678205179e+01,0.000000000000000000e+00,0.000000000000000000e+00
2.006201336804157975e+01,0.000000000000000000e+00,0.000000000000000000e+00
2.049208133628187767e+01,0.000000000000000000e+00,0.000000000000000000e+00
1.993977125895377256e+01,0.000000000000000000e+00,0.000000000000000000e+00
2.407220436297037125e+01,0.000000000000000000e+00,0.000000000000000000e+00
1.775205727211139362e+01,0.000000000000000000e+00,0.000000000000000000e+00
2.182646207360952673e+01,0.000000000000000000e+00,0.000000000000000000e+00
2.230120579477257792e+01,0.000000000000000000e+00,0.000000000000000000e+00
2.034321413425499259e+01,0.000000000000000000e+00,0.000000000000000000e+00
1.552132397338592362e+01,0.000000000000000000e+00,0.000000000000000000e+00
2.064738056830310953e+01,0.000000000000000000e+00,0.000000000000000000e+00
2.130561028710552307e+01,0.000000000000000000e+00,0.000000000000000000e+00
2.122401188078215384e+01,0.000000000000000000e+00,0.000000000000000000e+00
2.405220869351300905e+01,0.000000000000000000e+00,0.000000000000000000e+00
2.106445282507126038e+01,0.000000000000000000e+00,0.000000000000000000e+00
1.900108330134125723e+01,0.000000000000000000e+00,0.000000000000000000e+00
2.484219786444310785e+01,0.000000000000000000e+00,0.000000000000000000e+00
1.850830261684210498e+01,0.000000000000000000e+00,0.000000000000000000e+00
2.195451024175130073e+01,0.000000000000000000e+00,0.000000000000000000e+00
1.922146934175266608e+01,0.000000000000000000e+00,0.000000000000000000e+00
2.113797579542190519e+01,0.000000000000000000e+00,0.000000000000000000e+00
2.279326455206053126e+01,0.000000000000000000e+00,0.000000000000000000e+00
1.987271538869945076e+01,0.000000000000000000e+00,0.000000000000000000e+00
2.184016984339514522e+01,0.000000000000000000e+00,0.000000000000000000e+00
1.945475091781023735e+01,0.000000000000000000e+00,0.000000000000000000e+00
2.101776305811650758e+01,0.000000000000000000e+00,0.000000000000000000e+00
2.008040635887255831e+01,0.000000000000000000e+00,0.000000000000000000e+00
1.899584809047269829e+01,0.000000000000000000e+00,0.000000000000000000e+00
2.117261320443945039e+01,0.000000000000000000e+00,0.000000000000000000e+00
2.096692344824177567e+01,0.000000000000000000e+00,0.000000000000000000e+00
2.082945072199242631e+01,0.000000000000000000e+00,0.000000000000000000e+00
2.315538583227584368e+01,0.000000000000000000e+00,0.000000000000000000e+00
2.002014777916283350e+01,0.000000000000000000e+00,0.000000000000000000e+00
2.269595788137883829e+01,0.000000000000000000e+00,0.000000000000000000e+00
1.909527632997543023e+01,0.000000000000000000e+00,0.000000000000000000e+00
2.162643488498613920e+01,0.000000000000000000e+00,0.000000000000000000e+00
7.093491645333357098e+01,0.000000000000000000e+00,0.000000000000000000e+00
6.926866870471650373e+01,0.000000000000000000e+00,0.000000000000000000e+00
7.230775867728671358e+01,0.000000000000000000e+00,0.000000000000000000e+00
6.756823008943521813e+01,0.000000000000000000e+00,0.000000000000000000e+00
6.950126359566708345e+01,0.000000000000000000e+00,0.000000000000000000e+00
7.140090233842101952e+01,0.000000000000000000e+00,0.000000000000000000e+00
6.615961962929176821e+01,0.000000000000000000e+00,0.000000000000000000e+00
6.608536595583314011e+01,0.000000000000000000e+00,0.000000000000000000e+00
7.184219878683578031e+01,0.000000000000000000e+00,0.000000000000000000e+00
6.373491636445092468e+01,0.000000000000000000e+00,0.000000000000000000e+00
7.338831766909483179e+01,0.000000000000000000e+00,0.000000000000000000e+00
7.061251223072635241e+01,0.000000000000000000e+00,0.000000000000000000e+00
7.863803545771581582e+01,0.000000000000000000e+00,0.000000000000000000e+00
7.764407582998612156e+01,0.000000000000000000e+00,0.000000000000000000e+00
7.564364608677279023e+01,0.000000000000000000e+00,0.000000000000000000e+00
7.984387067333190657e+01,0.000000000000000000e+00,0.000000000000000000e+00
8.023103214451403176e+01,0.000000000000000000e+00,0.000000000000000000e+00
8.037475961256733115e+01,0.000000000000000000e+00,0.000000000000000000e+00
7.924682334286153207e+01,0.000000000000000000e+00,0.000000000000000000e+00
7.738627737146929064e+01,0.000000000000000000e+00,0.000000000000000000e+00
7.732712087920938870e+01,0.000000000000000000e+00,0.000000000000000000e+00
8.083789608761216527e+01,0.000000000000000000e+00,0.000000000000000000e+00
7.851799871109375317e+01,0.000000000000000000e+00,0.000000000000000000e+00
7.444099490107034001e+01,0.000000000000000000e+00,0.000000000000000000e+00
8.310904084057331431e+01,0.000000000000000000e+00,0.000000000000000000e+00
7.918797726139864324e+01,0.000000000000000000e+00,0.000000000000000000e+00
7.996361842053723024e+01,0.000000000000000000e+00,0.000000000000000000e+00
8.259573260797476735e+01,0.000000000000000000e+00,0.000000000000000000e+00
7.766792618406753945e+01,0.000000000000000000e+00,0.000000000000000000e+00
8.236854866929914465e+01,0.000000000000000000e+00,0.000000000000000000e+00
8.368964992612416154e+01,0.000000000000000000e+00,0.000000000000000000e+00
7.895720151075070703e+01,0.000000000000000000e+00,0.000000000000000000e+00
7.659314395019507060e+01,0.000000000000000000e+00,0.000000000000000000e+00
7.561342429433750567e+01,0.000000000000000000e+00,0.000000000000000000e+00
8.009902241724238081e+01,0.000000000000000000e+00,0.000000000000000000e+00
8.227432928715457194e+01,0.000000000000000000e+00,0.000000000000000000e+00
8.126491894747746869e+01,0.000000000000000000e+00,0.000000000000000000e+00
8.075256089714574159e+01,0.000000000000000000e+00,0.000000000000000000e+00
7.945442634314892416e+01,0.000000000000000000e+00,0.000000000000000000e+00
8.068765880805017332e+01,0.000000000000000000e+00,0.000000000000000000e+00
8.075030891963704960e+01,0.000000000000000000e+00,0.000000000000000000e+00
7.791069666074982081e+01,0.000000000000000000e+00,0.000000000000000000e+00
8.311169850445813267e+01,0.000000000000000000e+00,0.000000000000000000e+00
7.884091415928747892e+01,0.000000000000000000e+00,0.000000000000000000e+00
7.932056885961110027e+01,0.000000000000000000e+00,0.000000000000000000e+00
7.580125448633752683e+01,0.000000000000000000e+00,0.000000000000000000e+00
8.259260094469603075e+01,0.000000000000000000e+00,0.000000000000000000e+00
8.065575124189689404e+01,0.000000000000000000e+00,0.000000000000000000e+00
7.805926696569434853e+01,0.000000000000000000e+00,0.000000000000000000e+00
8.125721794713801671e+01,0.000000000000000000e+00,0.000000000000000000e+00
8.265363014748719195e+01,0.000000000000000000e+00,0.000000000000000000e+00
7.825120641479311701e+01,0.000000000000000000e+00,0.000000000000000000e+00
7.623210924861734838e+01,0.000000000000000000e+00,0.000000000000000000e+00
8.302887604724824655e+01,0.000000000000000000e+00,0.000000000000000000e+00
8.190524409377725590e+01,0.000000000000000000e+00,0.000000000000000000e+00
7.885602967151355358e+01,0.000000000000000000e+00,0.000000000000000000e+00
7.952105292088914723e+01,0.000000000000000000e+00,0.000000000000000000e+00
8.249063155200120434e+01,0.000000000000000000e+00,0.000000000000000000e+00
7.918807438861168180e+01,0.000000000000000000e+00,0.000000000000000000e+00
7.814746954483976538e+01,0.000000000000000000e+00,0.000000000000000000e+00
7.769407186585102920e+01,0.000000000000000000e+00,0.000000000000000000e+00
8.159034992123176266e+01,0.000000000000000000e+00,0.000000000000000000e+00
7.746739168669125775e+01,0.000000000000000000e+00,0.000000000000000000e+00
7.437494303102212712e+01,0.000000000000000000e+00,0.000000000000000000e+00
8.046277571438328380e+01,0.000000000000000000e+00,0.000000000000000000e+00
8.461004077519284294e+01,0.000000000000000000e+00,0.000000000000000000e+00
7.906763995742339546e+01,0.000000000000000000e+00,0.000000000000000000e+00
8.027175665233342272e+01,0.000000000000000000e+00,0.000000000000000000e+00
7.845997888901874262e+01,0.000000000000000000e+00,0.000000000000000000e+00
8.033100750153991498e+01,0.000000000000000000e+00,0.000000000000000000e+00
7.930924703533430886e+01,0.000000000000000000e+00,0.000000000000000000e+00
7.717436958365395583e+01,0.000000000000000000e+00,0.000000000000000000e+00
8.228154754509209567e+01,0.000000000000000000e+00,0.000000000000000000e+00
7.916578002297487160e+01,0.000000000000000000e+00,0.000000000000000000e+00
8.056603639286423402e+01,0.000000000000000000e+00,0.000000000000000000e+00
8.178530631301875076e+01,0.000000000000000000e+00,0.000000000000000000e+00
8.210158466374119257e+01,0.000000000000000000e+00,0.000000000000000000e+00
8.235021859074458916e+01,0.000000000000000000e+00,0.000000000000000000e+00
7.787843322027195825e+01,0.000000000000000000e+00,0.000000000000000000e+00
7.755993795082227393e+01,0.000000000000000000e+00,0.000000000000000000e+00
7.786815605478651037e+01,0.000000000000000000e+00,0.000000000000000000e+00
8.041789110133018426e+01,0.000000000000000000e+00,0.000000000000000000e+00
7.939994889177154391e+01,0.000000000000000000e+00,0.000000000000000000e+00
8.118900230314366695e+01,0.000000000000000000e+00,0.000000000000000000e+00
8.220325892261632816e+01,0.000000000000000000e+00,0.000000000000000000e+00
7.888224241660182656e+01,0.000000000000000000e+00,0.000000000000000000e+00
8.143741844971120258e+01,0.000000000000000000e+00,0.000000000000000000e+00
7.885977782369052136e+01,0.000000000000000000e+00,0.000000000000000000e+00
7.923550399090504470e+01,0.000000000000000000e+00,0.000000000000000000e+00
7.738784941725768363e+01,0.000000000000000000e+00,0.000000000000000000e+00
7.911365938727016101e+01,0.000000000000000000e+00,0.000000000000000000e+00
8.133358680334613666e+01,0.000000000000000000e+00,0.000000000000000000e+00
8.191075493294090393e+01,0.000000000000000000e+00,0.000000000000000000e+00
7.943438717726172626e+01,0.000000000000000000e+00,0.000000000000000000e+00
8.035182497716925809e+01,0.000000000000000000e+00,0.000000000000000000e+00
7.915893587144219623e+01,0.000000000000000000e+00,0.000000000000000000e+00
8.055119323203312831e+01,0.000000000000000000e+00,0.000000000000000000e+00
7.793016837256917029e+01,0.000000000000000000e+00,0.000000000000000000e+00
7.745037271453881544e+01,0.000000000000000000e+00,0.000000000000000000e+00
7.962043165300345038e+01,0.000000000000000000e+00,0.000000000000000000e+00
8.070511153698342355e+01,0.000000000000000000e+00,0.000000000000000000e+00
7.913867115520270090e+01,0.000000000000000000e+00,0.000000000000000000e+00
8.009459702787471258e+01,0.000000000000000000e+00,0.000000000000000000e+00
8.084270167298581100e+01,0.000000000000000000e+00,0.000000000000000000e+00
8.013237168384792142e+01,0.000000000000000000e+00,0.000000000000000000e+00
8.079405159852015572e+01,0.000000000000000000e+00,0.000000000000000000e+00
7.830912812100594067e+01,0.000000000000000000e+00,0.000000000000000000e+00
7.975152274844049316e+01,0.000000000000000000e+00,0.000000000000000000e+00
2.932943222456547261e+01,0.000000000000000000e+00,0.000000000000000000e+00
3.076035964239693854e+01,0.000000000000000000e+00,0.000000000000000000e+00
3.106583909087698814e+01,0.000000000000000000e+00,0.000000000000000000e+00
2.955175445417570046e+01,0.000000000000000000e+00,0.000000000000000000e+00
3.266316719491857867e+01,0.000000000000000000e+00,0.000000000000000000e+00
3.224178179959773161e+01,0.000000000000000000e+00,0.000000000000000000e+00
3.034724093936109668e+01,0.000000000000000000e+00,0.000000000000000000e+00
3.314006219357931116e+01,0.000000000000000000e+00,0.000000000000000000e+00
3.110419628308426354e+01,0.000000000000000000e+00,0.000000000000000000e+00
2.733791081433059489e+01,0.000000000000000000e+00,0.000000000000000000e+00
3.339800521478805706e+01,0.000000000000000000e+00,0.000000000000000000e+00
2.973390249267059460e+01,0.000000000000000000e+00,0.000000000000000000e+00
2.365102976588497086e+01,0.000000000000000000e+00,0.000000000000000000e+00
2.199691687357613290e+01,0.000000000000000000e+00,0.000000000000000000e+00
2.135366770564088057e+01,0.000000000000000000e+00,0.000000000000000000e+00
2.183842336422921449e+01,0.000000000000000000e+00,0.000000000000000000e+00
2.256461348552618773e+01,0.000000000000000000e+00,0.000000000000000000e+00
1.957097190573254508e+01,0.000000000000000000e+00,0.000000000000000000e+00
2.553672304172873453e+01,0.000000000000000000e+00,0.000000000000000000e+00
2.093221726265500493e+01,0.000000000000000000e+00,0.000000000000000000e+00
2.098342117680903485e+01,0.000000000000000000e+00,0.000000000000000000e+00
1.944062223610412943e+01,0.000000000000000000e+00,0.000000000000000000e+00
2.073699474859136060e+01,0.000000000000000000e+00,0.000000000000000000e+00
2.461187169831599775e+01,0.000000000000000000e+00,0.000000000000000000e+00
1.949067892037641414e+01,0.000000000000000000e+00,0.000000000000000000e+00
2.019895407489714856e+01,0.000000000000000000e+00,0.000000000000000000e+00
1.573942298350889857e+01,0.000000000000000000e+00,0.000000000000000000e+00
2.374785652924708756e+01,0.000000000000000000e+00,0.000000000000000000e+00
2.055575882014460021e+01,0.000000000000000000e+00,0.000000000000000000e+00
1.929735378891000863e+01,0.000000000000000000e+00,0.000000000000000000e+00
2.291149735407052646e+01,0.000000000000000000e+00,0.000000000000000000e+00
1.978757945183113520e+01,0.000000000000000000e+00,0.000000000000000000e+00
1.961729031816086177e+01,0.000000000000000000e+00,0.000000000000000000e+00
2.118462836975433206e+01,0.000000000000000000e+00,0.000000000000000000e+00
1.805457971719652832e+01,0.000000000000000000e+00,0.000000000000000000e+00
2.021714530967953394e+01,0.000000000000000000e+00,0.000000000000000000e+00
1.973819767432342687e+01,0.000000000000000000e+00,0.000000000000000000e+00
2.401933646296871672e+01,0.000000000000000000e+00,0.000000000000000000e+00
1.861448362362236253e+01,0.000000000000000000e+00,0.000000000000000000e+00
2.152035866759111116e+01,0.000000000000000000e+00,0.000000000000000000e+00
1.687001589374706256e+01,0.000000000000000000e+00,0.000000000000000000e+00
2.078670801852021199e+01,0.000000000000000000e+00,0.000000000000000000e+00
1.703740474718929221e+01,0.000000000000000000e+00,0.000000000000000000e+00
2.228905401553731025e+01,0.000000000000000000e+00,0.000000000000000000e+00
1.919368870042289643e+01,0.000000000000000000e+00,0.000000000000000000e+00
2.249659105304878892e+01,0.000000000000000000e+00,0.000000000000000000e+00
2.254516529742144115e+01,0.000000000000000000e+00,0.000000000000000000e+00
2.032742157645465042e+01,0.000000000000000000e+00,0.000000000000000000e+00
1.983250891218187917e+01,0.000000000000000000e+00,0.000000000000000000e+00
2.169508679540971130e+01,0.000000000000000000e+00,0.000000000000000000e+00
1.992490614316219677e+01,0.000000000000000000e+00,0.000000000000000000e+00
1.840169624553591987e+01,0.000000000000000000e+00,0.000000000000000000e+00
1.653039766425508361e+01,0.000000000000000000e+00,0.000000000000000000e+00
2.389420025732655972e+01,0.000000000000000000e+00,0.000000000000000000e+00
2.138683510843659619e+01,0.000000000000000000e+00,0.000000000000000000e+00
2.050073952366763308e+01,0.000000000000000000e+00,0.000000000000000000e+00
1.617564814700251929e+01,0.000000000000000000e+00,0.000000000000000000e+00
2.339097864456902798e+01,0.000000000000000000e+00,0.000000000000000000e+00
1.944854604789325592e+01,0.000000000000000000e+00,0.000000000000000000e+00
2.196164102367289317e+01,0.000000000000000000e+00,0.000000000000000000e+00
1.988008734654615850e+01,0.000000000000000000e+00,0.000000000000000000e+00
2.356866851398335783e+01,0.000000000000000000e+00,0.000000000000000000e+00
2.153200132081497742e+01,0.000000000000000000e+00,0.000000000000000000e+00
2.018157275459300237e+01,0.000000000000000000e+00,0.000000000000000000e+00
1.908437320960977246e+01,0.000000000000000000e+00,0.000000000000000000e+00
2.107351981278060293e+01,0.000000000000000000e+00,0.000000000000000000e+00
1.806265469895764753e+01,0.000000000000000000e+00,0.000000000000000000e+00
1.926444707077970264e+01,0.000000000000000000e+00,0.000000000000000000e+00
1.956476867585105595e+01,0.000000000000000000e+00,0.000000000000000000e+00
2.162175531250776217e+01,0.000000000000000000e+00,0.000000000000000000e+00
2.064438124204547620e+01,0.000000000000000000e+00,0.000000000000000000e+00
1.916534908502714885e+01,0.000000000000000000e+00,0.000000000000000000e+00
