value,error,error_size
2.122764441878524622e+01,0.000000000000000000e+00,0.000000000000000000e+00
1.908225698893626188e+01,0.000000000000000000e+00,0.000000000000000000e+00
1.732637574760524046e+01,0.000000000000000000e+00,0.000000000000000000e+00
1.883960609743896697e+01,0.000000000000000000e+00,0.000000000000000000e+00
1.983215953614650928e+01,0.000000000000000000e+00,0.000000000000000000e+00
2.191996508966209944e+01,0.000000000000000000e+00,0.000000000000000000e+00
2.122267328391182772e+01,0.000000000000000000e+00,0.000000000000000000e+00
2.192635877723481741e+01,0.000000000000000000e+00,0.000000000000000000e+00
2.161926378179534680e+01,0.000000000000000000e+00,0.000000000000000000e+00
1.622010803996453632e+01,0.000000000000000000e+00,0.000000000000000000e+00
2.029210230930178227e+01,0.000000000000000000e+00,0.000000000000000000e+00
2.049936242974019152e+01,0.000000000000000000e+00,0.000000000000000000e+00
1.691102778372022541e+01,0.000000000000000000e+00,0.000000000000000000e+00
1.787425239622587370e+01,0.000000000000000000e+00,0.000000000000000000e+00
1.636901808823493809e+01,0.000000000000000000e+00,0.000000000000000000e+00
1.858903682597306073e+01,0.000000000000000000e+00,0.000000000000000000e+00
1.530285797563118422e+01,0.000000000000000000e+00,0.000000000000000000e+00
2.145817888787962247e+01,0.000000000000000000e+00,0.000000000000000000e+00
1.652260602827641378e+01,0.000000000000000000e+00,0.000000000000000000e+00
1.875932436138951687e+01,0.000000000000000000e+00,0.000000000000000000e+00
1.726541373227577481e+01,0.000000000000000000e+00,0.000000000000000000e+00
1.669461614232917412e+01,0.000000000000000000e+00,0.000000000000000000e+00
1.624621838814667996e+01,0.000000000000000000e+00,0.000000000000000000e+00
2.134614454358874269e+01,0.000000000000000000e+00,0.000000000000000000e+00
2.715240083783985980e+01,0.000000000000000000e+00,0.000000000000000000e+00
2.280993860869057954e+01,0.000000000000000000e+00,0.000000000000000000e+00
2.014767095672932840e+01,0.000000000000000000e+00,0.000000000000000000e+00
1.761459777953229988e+01,0.000000000000000000e+00,0.000000000000000000e+00
2.057616002127173616e+01,0.000000000000000000e+00,0.000000000000000000e+00
2.452270338910890146e+01,0.000000000000000000e+00,0.000000000000000000e+00
1.970757392372657790e+01,0.000000000000000000e+00,0.000000000000000000e+00
1.759114831179161698e+01,0.000000000000000000e+00,0.000000000000000000e+00
2.120451821223022293e+01,0.000000000000000000e+00,0.000000000000000000e+00
2.004900955172558952e+01,0.000000000000000000e+00,0.000000000000000000e+00
2.129815853803312109e+01,0.000000000000000000e+00,0.000000000000000000e+00
1.750074987306608421e+01,0.000000000000000000e+00,0.000000000000000000e+00
2.124134944673896541e+01,0.000000000000000000e+00,0.000000000000000000e+00
1.789826321516455820e+01,0.000000000000000000e+00,0.000000000000000000e+00
1.637514613136067609e+01,0.000000000000000000e+00,0.000000000000000000e+00
2.215795848691828240e+01,0.000000000000000000e+00,0.000000000000000000e+00
2.361006959184041065e+01,0.000000000000000000e+00,0.000000000000000000e+00
2.195724091612244777e+01,0.000000000000000000e+00,0.000000000000000000e+00
1.906334958345437869e+01,0.000000000000000000e+00,0.000000000000000000e+00
1.783953654067638439e+01,0.000000000000000000e+00,0.000000000000000000e+00
1.826972575632911955e+01,0.000000000000000000e+00,0.000000000000000000e+00
2.211469504206549885e+01,0.000000000000000000e+00,0.000000000000000000e+00
2.043180019446445428e+01,0.000000000000000000e+00,0.000000000000000000e+00
2.184733581084769938e+01,0.000000000000000000e+00,0.000000000000000000e+00
1.834662486726076125e+01,0.000000000000000000e+00,0.000000000000000000e+00
1.811590868423210310e+01,0.000000000000000000e+00,0.000000000000000000e+00
2.127750188790731656e+01,0.000000000000000000e+00,0.000000000000000000e+00
1.728372212395406038e+01,0.000000000000000000e+00,0.000000000000000000e+00
2.154954806585107008e+01,0.000000000000000000e+00,0.000000000000000000e+00
1.941998895379883905e+01,0.000000000000000000e+00,0.000000000000000000e+00
2.264602660692363401e+01,0.000000000000000000e+00,0.000000000000000000e+00
1.957228125817578146e+01,0.000000000000000000e+00,0.000000000000000000e+00
2.112044675955133144e+01,0.000000000000000000e+00,0.000000000000000000e+00
1.880733276115046948e+01,0.000000000000000000e+00,0.000000000000000000e+00
1.976043940369997642e+01,0.000000000000000000e+00,0.000000000000000000e+00
2.307361995007331501e+01,0.000000000000000000e+00,0.000000000000000000e+00
1.965748115625502734e+01,0.000000000000000000e+00,0.000000000000000000e+00
2.188959427648793010e+01,0.000000000000000000e+00,0.000000000000000000e+00
2.165172514473875154e+01,0.000000000000000000e+00,0.000000000000000000e+00
2.262997345063367050e+01,0.000000000000000000e+00,0.000000000000000000e+00
2.336179774120027730e+01,0.000000000000000000e+00,0.000000000000000000e+00
2.068181866786632739e+01,0.000000000000000000e+00,0.000000000000000000e+00
2.085426542173745545e+01,0.000000000000000000e+00,0.000000000000000000e+00
1.880109267611398849e+01,0.000000000000000000e+00,0.000000000000000000e+00
1.874636745530072091e+01,0.000000000000000000e+00,0.000000000000000000e+00
1.796789599112385361e+01,0.000000000000000000e+00,0.000000000000000000e+00
1.773543561526645362e+01,0.000000000000000000e+00,0.000000000000000000e+00
2.229943889461326734e+01,0.000000000000000000e+00,0.000000000000000000e+00
1.959719707568430280e+01,0.000000000000000000e+00,0.000000000000000000e+00
2.050618805819339130e+01,0.000000000000000000e+00,0.000000000000000000e+00
1.858480648813244684e+01,0.000000000000000000e+00,0.000000000000000000e+00
1.938957023661049206e+01,0.000000000000000000e+00,0.000000000000000000e+00
2.152403490375396444e+01,0.000000000000000000e+00,0.000000000000000000e+00
2.540008107639997093e+01,0.000000000000000000e+00,0.000000000000000000e+00
1.781796341614415979e+01,0.000000000000000000e+00,0.000000000000000000e+00
1.849351131737840959e+01,0.000000000000000000e+00,0.000000000000000000e+00
2.025890993794707740e+01,0.000000000000000000e+00,0.000000000000000000e+00
1.799805288941171000e+01,0.000000000000000000e+00,0.000000000000000000e+00
1.948459454261146462e+01,0.000000000000000000e+00,0.000000000000000000e+00
1.880724212523183070e+01,0.000000000000000000e+00,0.000000000000000000e+00
2.247606669233931598e+01,0.000000000000000000e+00,0.000000000000000000e+00
1.865041598649383658e+01,0.000000000000000000e+00,0.000000000000000000e+00
2.325702100239445969e+01,0.000000000000000000e+00,0.000000000000000000e+00
1.991942390259923101e+01,0.000000000000000000e+00,0.000000000000000000e+00
2.044218759285023523e+01,0.000000000000000000e+00,0.000000000000000000e+00
1.905566060267855022e+01,0.000000000000000000e+00,0.000000000000000000e+00
1.966654153237605485e+01,0.000000000000000000e+00,0.000000000000000000e+00
2.197436682664045193e+01,0.000000000000000000e+00,0.000000000000000000e+00
1.779332820849708696e+01,0.000000000000000000e+00,0.000000000000000000e+00
1.946692889586161002e+01,0.000000000000000000e+00,0.000000000000000000e+00
1.979155007172600733e+01,0.000000000000000000e+00,0.000000000000000000e+00
1.502307402536489889e+01,0.000000000000000000e+00,0.000000000000000000e+00
1.869166558194745420e+01,0.000000000000000000e+00,0.000000000000000000e+00
2.311021643716271967e+01,0.000000000000000000e+00,0.000000000000000000e+00
1.835682930364421850e+01,0.000000000000000000e+00,0.000000000000000000e+00
1.890046709117019219e+01,0.000000000000000000e+00,0.000000000000000000e+00
2.276913673774513569e+01,0.000000000000000000e+00,0.000000000000000000e+00
1.794169992685676362e+01,0.000000000000000000e+00,0.000000000000000000e+00
2.145418058846220788e+01,0.000000000000000000e+00,0.000000000000000000e+00
2.115448438918630458e+01,0.000000000000000000e+00,0.000000000000000000e+00
1.968942264144535770e+01,0.000000000000000000e+00,0.000000000000000000e+00
1.984509043858444599e+01,0.000000000000000000e+00,0.000000000000000000e+00
2.042584791718000758e+01,0.000000000000000000e+00,0.000000000000000000e+00
2.117417678478652121e+01,0.000000000000000000e+00,0.000000000000000000e+00
6.617805432497100071e+01,0.000000000000000000e+00,0.000000000000000000e+00
6.847966831103727259e+01,0.000000000000000000e+00,0.000000000000000000e+00
7.043820241404608851e+01,0.000000000000000000e+00,0.000000000000000000e+00
6.882336615950494263e+01,0.000000000000000000e+00,0.000000000000000000e+00
6.730832172611883379e+01,0.000000000000000000e+00,0.000000000000000000e+00
6.514963554599137296e+01,0.000000000000000000e+00,0.000000000000000000e+00
6.585686387687465526e+01,0.000000000000000000e+00,0.000000000000000000e+00
6.314721428754311461e+01,0.000000000000000000e+00,0.000000000000000000e+00
6.442291438777789381e+01,0.000000000000000000e+00,0.000000000000000000e+00
6.904860872904983182e+01,0.000000000000000000e+00,0.000000000000000000e+00
7.055425298776938803e+01,0.000000000000000000e+00,0.000000000000000000e+00
6.550946906856674445e+01,0.000000000000000000e+00,0.000000000000000000e+00
7.718276220630644957e+01,0.000000000000000000e+00,0.000000000000000000e+00
7.766719810265009016e+01,0.000000000000000000e+00,0.000000000000000000e+00
7.702821498344906104e+01,0.000000000000000000e+00,0.000000000000000000e+00
8.023121860219801249e+01,0.000000000000000000e+00,0.000000000000000000e+00
7.791924345633253779e+01,0.000000000000000000e+00,0.000000000000000000e+00
7.746101525474122695e+01,0.000000000000000000e+00,0.000000000000000000e+00
7.621298092719133876e+01,0.000000000000000000e+00,0.000000000000000000e+00
7.821500013976705645e+01,0.000000000000000000e+00,0.000000000000000000e+00
7.519369636232966059e+01,0.000000000000000000e+00,0.000000000000000000e+00
7.812363199401940506e+01,0.000000000000000000e+00,0.000000000000000000e+00
7.734366602322116080e+01,0.000000000000000000e+00,0.000000000000000000e+00
7.997501869478558945e+01,0.000000000000000000e+00,0.000000000000000000e+00
7.818053130139300322e+01,0.000000000000000000e+00,0.000000000000000000e+00
8.007950612660411593e+01,0.000000000000000000e+00,0.000000000000000000e+00
7.721614466609115368e+01,0.000000000000000000e+00,0.000000000000000000e+00
7.907967645241852495e+01,0.000000000000000000e+00,0.000000000000000000e+00
7.988708810130046345e+01,0.000000000000000000e+00,0.000000000000000000e+00
7.922996025042465362e+01,0.000000000000000000e+00,0.000000000000000000e+00
7.917925844625257525e+01,0.000000000000000000e+00,0.000000000000000000e+00
8.032909817290629917e+01,0.000000000000000000e+00,0.000000000000000000e+00
7.849051596375917939e+01,0.000000000000000000e+00,0.000000000000000000e+00
8.096954913507822482e+01,0.000000000000000000e+00,0.000000000000000000e+00
7.857165342909117101e+01,0.000000000000000000e+00,0.000000000000000000e+00
8.017446785661130093e+01,0.000000000000000000e+00,0.000000000000000000e+00
7.715346618608374740e+01,0.000000000000000000e+00,0.000000000000000000e+00
8.141845926171379233e+01,0.000000000000000000e+00,0.000000000000000000e+00
8.192665658206192347e+01,0.000000000000000000e+00,0.000000000000000000e+00
8.125869885716439001e+01,0.000000000000000000e+00,0.000000000000000000e+00
7.780518607971617939e+01,0.000000000000000000e+00,0.000000000000000000e+00
8.260478704090471069e+01,0.000000000000000000e+00,0.000000000000000000e+00
7.995297125723197951e+01,0.000000000000000000e+00,0.000000000000000000e+00
8.116988832029254297e+01,0.000000000000000000e+00,0.000000000000000000e+00
7.952972190674113051e+01,0.000000000000000000e+00,0.000000000000000000e+00
8.047930479203766652e+01,0.000000000000000000e+00,0.000000000000000000e+00
8.026377829428930966e+01,0.000000000000000000e+00,0.000000000000000000e+00
8.026499360483008161e+01,0.000000000000000000e+00,0.000000000000000000e+00
7.902365767460118207e+01,0.000000000000000000e+00,0.000000000000000000e+00
7.818339600719995985e+01,0.000000000000000000e+00,0.000000000000000000e+00
8.224002217235090484e+01,0.000000000000000000e+00,0.000000000000000000e+00
8.194942348269633214e+01,0.000000000000000000e+00,0.000000000000000000e+00
8.130405688571637768e+01,0.000000000000000000e+00,0.000000000000000000e+00
8.116034788226089347e+01,0.000000000000000000e+00,0.000000000000000000e+00
8.036561056651895285e+01,0.000000000000000000e+00,0.000000000000000000e+00
7.602046275306182110e+01,0.000000000000000000e+00,0.000000000000000000e+00
8.167848588493194484e+01,0.000000000000000000e+00,0.000000000000000000e+00
7.673125010690297643e+01,0.000000000000000000e+00,0.000000000000000000e+00
7.946346854453810238e+01,0.000000000000000000e+00,0.000000000000000000e+00
7.877155739332634710e+01,0.000000000000000000e+00,0.000000000000000000e+00
7.523150833548451999e+01,0.000000000000000000e+00,0.000000000000000000e+00
8.406460396055383910e+01,0.000000000000000000e+00,0.000000000000000000e+00
7.915445761104012945e+01,0.000000000000000000e+00,0.000000000000000000e+00
7.629648772599450979e+01,0.000000000000000000e+00,0.000000000000000000e+00
8.087082077219230314e+01,0.000000000000000000e+00,0.000000000000000000e+00
8.304432039996058279e+01,0.000000000000000000e+00,0.000000000000000000e+00
8.104135760549833378e+01,0.000000000000000000e+00,0.000000000000000000e+00
7.965402684441512804e+01,0.000000000000000000e+00,0.000000000000000000e+00
8.184303242825994573e+01,0.000000000000000000e+00,0.000000000000000000e+00
7.826729172562853876e+01,0.000000000000000000e+00,0.000000000000000000e+00
8.389265951900631535e+01,0.000000000000000000e+00,0.000000000000000000e+00
7.937007034534384786e+01,0.000000000000000000e+00,0.000000000000000000e+00
7.803722244397297914e+01,0.000000000000000000e+00,0.000000000000000000e+00
8.023961966535186718e+01,0.000000000000000000e+00,0.000000000000000000e+00
7.994267002254295562e+01,0.000000000000000000e+00,0.000000000000000000e+00
7.742771400861130360e+01,0.000000000000000000e+00,0.000000000000000000e+00
8.048576431321424707e+01,0.000000000000000000e+00,0.000000000000000000e+00
8.040584676778631490e+01,0.000000000000000000e+00,0.000000000000000000e+00
7.956951188760014304e+01,0.000000000000000000e+00,0.000000000000000000e+00
8.063473414738132306e+01,0.000000000000000000e+00,0.000000000000000000e+00
8.415982985149742035e+01,0.000000000000000000e+00,0.000000000000000000e+00
8.050967794250814791e+01,0.000000000000000000e+00,0.000000000000000000e+00
7.954124860010321640e+01,0.000000000000000000e+00,0.000000000000000000e+00
8.070897284858669707e+01,0.000000000000000000e+00,0.000000000000000000e+00
7.780155855936709486e+01,0.000000000000000000e+00,0.000000000000000000e+00
8.108270059894303472e+01,0.000000000000000000e+00,0.000000000000000000e+00
7.895202255643195599e+01,0.000000000000000000e+00,0.000000000000000000e+00
8.134130238210671848e+01,0.000000000000000000e+00,0.000000000000000000e+00
8.384915133381709040e+01,0.000000000000000000e+00,0.000000000000000000e+00
8.011119715273764541e+01,0.000000000000000000e+00,0.000000000000000000e+00
7.672333205953762558e+01,0.000000000000000000e+00,0.000000000000000000e+00
8.137416968011450535e+01,0.000000000000000000e+00,0.000000000000000000e+00
7.908593369986986943e+01,0.000000000000000000e+00,0.000000000000000000e+00
7.644370389284065936e+01,0.000000000000000000e+00,0.000000000000000000e+00
7.893252374141439986e+01,0.000000000000000000e+00,0.000000000000000000e+00
7.977583212165519910e+01,0.000000000000000000e+00,0.000000000000000000e+00
8.019848377920476423e+01,0.000000000000000000e+00,0.000000000000000000e+00
8.139542728473095679e+01,0.000000000000000000e+00,0.000000000000000000e+00
7.709351815518805040e+01,0.000000000000000000e+00,0.000000000000000000e+00
8.042568316230357084e+01,0.000000000000000000e+00,0.000000000000000000e+00
7.947930754815520515e+01,0.000000000000000000e+00,0.000000000000000000e+00
8.069755482383146727e+01,0.000000000000000000e+00,0.000000000000000000e+00
7.831033140833010009e+01,0.000000000000000000e+00,0.000000000000000000e+00
7.807237388961210911e+01,0.000000000000000000e+00,0.000000000000000000e+00
7.755959205190401917e+01,0.000000000000000000e+00,0.000000000000000000e+00
8.026846711158830772e+01,0.000000000000000000e+00,0.000000000000000000e+00
8.115373243188825825e+01,0.000000000000000000e+00,0.000000000000000000e+00
7.820575418409599422e+01,0.000000000000000000e+00,0.000000000000000000e+00
3.144081862997662569e+01,0.000000000000000000e+00,0.000000000000000000e+00
3.787671533470876284e+01,0.000000000000000000e+00,0.000000000000000000e+00
3.205516961963239453e+01,0.000000000000000000e+00,0.000000000000000000e+00
3.219610231139464673e+01,0.000000000000000000e+00,0.000000000000000000e+00
3.252170709549050542e+01,0.000000000000000000e+00,0.000000000000000000e+00
2.945138018535707403e+01,0.000000000000000000e+00,0.000000000000000000e+00
3.269655029225192777e+01,0.000000000000000000e+00,0.000000000000000000e+00
3.087645135464577706e+01,0.000000000000000000e+00,0.000000000000000000e+00
3.477970390565828041e+01,0.000000000000000000e+00,0.000000000000000000e+00
3.335156807125828493e+01,0.000000000000000000e+00,0.000000000000000000e+00
3.390920716083850550e+01,0.000000000000000000e+00,0.000000000000000000e+00
3.319503751220295840e+01,0.000000000000000000e+00,0.000000000000000000e+00
2.501123728537386981e+01,0.000000000000000000e+00,0.000000000000000000e+00
2.480140120985867824e+01,0.000000000000000000e+00,0.000000000000000000e+00
2.098843226355333158e+01,0.000000000000000000e+00,0.000000000000000000e+00
2.488830838202255080e+01,0.000000000000000000e+00,0.000000000000000000e+00
2.340577362298086683e+01,0.000000000000000000e+00,0.000000000000000000e+00
1.730791150689247004e+01,0.000000000000000000e+00,0.000000000000000000e+00
2.539125652644163367e+01,0.000000000000000000e+00,0.000000000000000000e+00
2.112435926148375387e+01,0.000000000000000000e+00,0.000000000000000000e+00
2.372331510312223912e+01,0.000000000000000000e+00,0.000000000000000000e+00
2.112152499870073896e+01,0.000000000000000000e+00,0.000000000000000000e+00
2.365273189304940260e+01,0.000000000000000000e+00,0.000000000000000000e+00
2.305909675381192869e+01,0.000000000000000000e+00,0.000000000000000000e+00
1.981384765093662637e+01,0.000000000000000000e+00,0.000000000000000000e+00
2.082818560700217603e+01,0.000000000000000000e+00,0.000000000000000000e+00
2.080774342912464192e+01,0.000000000000000000e+00,0.000000000000000000e+00
1.809033305772883793e+01,0.000000000000000000e+00,0.000000000000000000e+00
1.844958198256660609e+01,0.000000000000000000e+00,0.000000000000000000e+00
2.048951261583153993e+01,0.000000000000000000e+00,0.000000000000000000e+00
1.773117823988803110e+01,0.000000000000000000e+00,0.000000000000000000e+00
1.866341954180590790e+01,0.000000000000000000e+00,0.000000000000000000e+00
1.972668024019906952e+01,0.000000000000000000e+00,0.000000000000000000e+00
2.307597627941256846e+01,0.000000000000000000e+00,0.000000000000000000e+00
2.295492132245819050e+01,0.000000000000000000e+00,0.000000000000000000e+00
2.235190441489567803e+01,0.000000000000000000e+00,0.000000000000000000e+00
2.161407351587537562e+01,0.000000000000000000e+00,0.000000000000000000e+00
2.154067299444780659e+01,0.000000000000000000e+00,0.000000000000000000e+00
2.056364276107613875e+01,0.000000000000000000e+00,0.000000000000000000e+00
2.176172639206009762e+01,0.000000000000000000e+00,0.000000000000000000e+00
1.953364831558267767e+01,0.000000000000000000e+00,0.000000000000000000e+00
1.908974089902683602e+01,0.000000000000000000e+00,0.000000000000000000e+00
1.896846164815444169e+01,0.000000000000000000e+00,0.000000000000000000e+00
2.109399797655982312e+01,0.000000000000000000e+00,0.000000000000000000e+00
2.037358571666823437e+01,0.000000000000000000e+00,0.000000000000000000e+00
2.075338531231132322e+01,0.000000000000000000e+00,0.000000000000000000e+00
1.924624048770334639e+01,0.000000000000000000e+00,0.000000000000000000e+00
1.931094120688995375e+01,0.000000000000000000e+00,0.000000000000000000e+00
1.817656561851290320e+01,0.000000000000000000e+00,0.000000000000000000e+00
2.185920834198301677e+01,0.000000000000000000e+00,0.000000000000000000e+00
1.843173386716995310e+01,0.000000000000000000e+00,0.000000000000000000e+00
2.173278385478823793e+01,0.000000000000000000e+00,0.000000000000000000e+00
2.200080123132750742e+01,0.000000000000000000e+00,0.000000000000000000e+00
2.134950893275363271e+01,0.000000000000000000e+00,0.000000000000000000e+00
1.947716443119131213e+01,0.000000000000000000e+00,0.000000000000000000e+00
1.870988409280104037e+01,0.000000000000000000e+00,0.000000000000000000e+00
2.259933036382037130e+01,0.000000000000000000e+00,0.000000000000000000e+00
2.107392553421877679e+01,0.000000000000000000e+00,0.000000000000000000e+00
2.257495497174510035e+01,0.000000000000000000e+00,0.000000000000000000e+00
1.829662039802603601e+01,0.000000000000000000e+00,0.000000000000000000e+00
2.265450261525938558e+01,0.000000000000000000e+00,0.000000000000000000e+00
2.076930457024073107e+01,0.000000000000000000e+00,0.000000000000000000e+00
1.982549584843279433e+01,0.000000000000000000e+00,0.000000000000000000e+00
1.805674322576278712e+01,0.000000000000000000e+00,0.000000000000000000e+00
1.941495651907036901e+01,0.000000000000000000e+00,0.000000000000000000e+00
2.063917969308867839e+01,0.000000000000000000e+00,0.000000000000000000e+00
2.038891815841059341e+01,0.000000000000000000e+00,0.000000000000000000e+00
2.040489602819701176e+01,0.000000000000000000e+00,0.000000000000000000e+00
1.667961978862307859e+01,0.000000000000000000e+00,0.000000000000000000e+00
1.943063407427682421e+01,0.000000000000000000e+00,0.000000000000000000e+00
2.209606298048404582e+01,0.000000000000000000e+00,0.000000000000000000e+00
1.699913520532266631e+01,0.000000000000000000e+00,0.000000000000000000e+00
2.082912286149349868e+01,0.000000000000000000e+00,0.000000000000000000e+00
2.299289996680672132e+01,0.000000000000000000e+00,0.000000000000000000e+00
2.201550333741511878e+01,0.000000000000000000e+00,0.000000000000000000e+00
1.833808018436421250e+01,0.000000000000000000e+00,0.000000000000000000e+00
2.031556748485129305e+01,0.000000000000000000e+00,0.000000000000000000e+00
2.035215680030587038e+01,0.000000000000000000e+00,0.000000000000000000e+00
1.874920157507798280e+01,0.000000000000000000e+00,0.000000000000000000e+00
1.405803138657053708e+01,0.000000000000000000e+00,0.000000000000000000e+00
1.808271378021471776e+01,0.000000000000000000e+00,0.000000000000000000e+00
2.078194708959909320e+01,0.000000000000000000e+00,0.000000000000000000e+00
1.909119536915275717e+01,0.000000000000000000e+00,0.000000000000000000e+00
1.973712562162513962e+01,0.000000000000000000e+00,0.000000000000000000e+00
2.014116173627362016e+01,0.000000000000000000e+00,0.000000000000000000e+00
2.062199109710013190e+01,0.000000000000000000e+00,0.000000000000000000e+00
1.697523478516865580e+01,0.000000000000000000e+00,0.000000000000000000e+00
2.071594082784108082e+01,0.000000000000000000e+00,0.000000000000000000e+00
2.393437355296127222e+01,0.000000000000000000e+00,0.000000000000000000e+00
2.140146447063681023e+01,0.000000000000000000e+00,0.000000000000000000e+00
2.480977359771920021e+01,0.000000000000000000e+00,0.000000000000000000e+00
2.280286110081400963e+01,0.000000000000000000e+00,0.000000000000000000e+00
1.978773563946754521e+01,0.000000000000000000e+00,0.000000000000000000e+00
2.126990598330475635e+01,0.000000000000000000e+00,0.000000000000000000e+00
2.161969281286663858e+01,0.000000000000000000e+00,0.000000000000000000e+00
1.673390460512689515e+01,0.000000000000000000e+00,0.000000000000000000e+00
2.032867637999807187e+01,0.000000000000000000e+00,0.000000000000000000e+00
2.096731979361508991e+01,0.000000000000000000e+00,0.000000000000000000e+00
1.906273281311697687e+01,0.000000000000000000e+00,0.000000000000000000e+00
2.161988924269506640e+01,0.000000000000000000e+00,0.000000000000000000e+00
1.937629205621285777e+01,0.000000000000000000e+00,0.000000000000000000e+00
1.838631217389587746e+01,0.000000000000000000e+00,0.000000000000000000e+00
1.787811275486271612e+01,0.000000000000000000e+00,0.000000000000000000e+00
1.920024380261259367e+01,0.000000000000000000e+00,0.000000000000000000e+00
2.256715880891502124e+01,0.000000000000000000e+00,0.000000000000000000e+00
1.979512140242167106e+01,0.000000000000000000e+00,0.000000000000000000e+00
1.942560612738177639e+01,0.000000000000000000e+00,0.000000000000000000e+00
1.695794584346317180e+01,0.000000000000000000e+00,0.000000000000000000e+00
2.053286594262897680e+01,0.000000000000000000e+00,0.000000000000000000e+00
2.224805161450341728e+01,0.000000000000000000e+00,0.000000000000000000e+00
1.869190366426850858e+01,0.000000000000000000e+00,0.000000000000000000e+00
2.011903165541965066e+01,0.000000000000000000e+00,0.000000000000000000e+00
1.836266871027317649e+01,0.000000000000000000e+00,0.000000000000000000e+00
1.689893765905227596e+01,0.000000000000000000e+00,0.000000000000000000e+00
2.261152429478670101e+01,0.000000000000000000e+00,0.000000000000000000e+00
1.869337972205973486e+01,0.000000000000000000e+00,0.000000000000000000e+00
2.026966562218327539e+01,0.000000000000000000e+00,0.000000000000000000e+00
1.947104405747968414e+01,0.000000000000000000e+00,0.000000000000000000e+00
2.244937408114826738e+01,0.000000000000000000e+00,0.000000000000000000e+00
1.751570721455371427e+01,0.000000000000000000e+00,0.000000000000000000e+00
1.964959145023853537e+01,0.000000000000000000e+00,0.000000000000000000e+00
1.802647456683315141e+01,0.000000000000000000e+00,0.000000000000000000e+00
1.741830993427232244e+01,0.000000000000000000e+00,0.000000000000000000e+00
1.806990023175874427e+01,0.000000000000000000e+00,0.000000000000000000e+00
1.732416225139740718e+01,0.000000000000000000e+00,0.000000000000000000e+00
2.257735132106106946e+01,0.000000000000000000e+00,0.000000000000000000e+00
2.008452870580007499e+01,0.000000000000000000e+00,0.000000000000000000e+00
1.741565998730986564e+01,0.000000000000000000e+00,0.000000000000000000e+00
1.774740818320220370e+01,0.000000000000000000e+00,0.000000000000000000e+00
1.910860692320323651e+01,0.000000000000000000e+00,0.000000000000000000e+00
2.267659623420745518e+01,0.000000000000000000e+00,0.000000000000000000e+00
2.018001958864866552e+01,0.000000000000000000e+00,0.000000000000000000e+00
1.960942365484395822e+01,0.000000000000000000e+00,0.000000000000000000e+00
1.828860500916657372e+01,0.000000000000000000e+00,0.000000000000000000e+00
1.716435767499893927e+01,0.000000000000000000e+00,0.000000000000000000e+00
2.308836166933804890e+01,0.000000000000000000e+00,0.000000000000000000e+00
2.288102748740948655e+01,0.000000000000000000e+00,0.000000000000000000e+00
2.546217112060977783e+01,0.000000000000000000e+00,0.000000000000000000e+00
2.143423428618587323e+01,0.000000000000000000e+00,0.000000000000000000e+00
1.695401008120330388e+01,0.000000000000000000e+00,0.000000000000000000e+00
2.374482665451366969e+01,0.000000000000000000e+00,0.000000000000000000e+00
1.707315182085578087e+01,0.000000000000000000e+00,0.000000000000000000e+00
2.290542706314030852e+01,0.000000000000000000e+00,0.000000000000000000e+00
2.343053578860143915e+01,0.000000000000000000e+00,0.000000000000000000e+00
1.637528720740955990e+01,0.000000000000000000e+00,0.000000000000000000e+00
1.885580398178022321e+01,0.000000000000000000e+00,0.000000000000000000e+00
1.817900774732180480e+01,0.000000000000000000e+00,0.000000000000000000e+00
1.850777933483806237e+01,0.000000000000000000e+00,0.000000000000000000e+00
1.666210421111932760e+01,0.000000000000000000e+00,0.000000000000000000e+00
1.711072701136394159e+01,0.000000000000000000e+00,0.000000000000000000e+00
1.995238346988118394e+01,0.000000000000000000e+00,0.000000000000000000e+00
1.838665350387062603e+01,0.000000000000000000e+00,0.000000000000000000e+00
1.723511623425942219e+01,0.000000000000000000e+00,0.000000000000000000e+00
1.761198502873355309e+01,0.000000000000000000e+00,0.000000000000000000e+00
1.986210488760962889e+01,0.000000000000000000e+00,0.000000000000000000e+00
2.090168663940596616e+01,0.000000000000000000e+00,0.000000000000000000e+00
2.118827580799974442e+01,0.000000000000000000e+00,0.000000000000000000e+00
2.088143656588929176e+01,0.000000000000000000e+00,0.000000000000000000e+00
1.839310566373717393e+01,0.000000000000000000e+00,0.000000000000000000e+00
2.210235819138602409e+01,0.000000000000000000e+00,0.000000000000000000e+00
2.103085672986942001e+01,0.000000000000000000e+00,0.000000000000000000e+00
1.796442531754698990e+01,0.000000000000000000e+00,0.000000000000000000e+00
1.762071920851220241e+01,0.000000000000000000e+00,0.000000000000000000e+00
1.964498014677912607e+01,0.000000000000000000e+00,0.000000000000000000e+00
2.013111949623096208e+01,0.000000000000000000e+00,0.000000000000000000e+00
2.123443912499551445e+01,0.000000000000000000e+00,0.000000000000000000e+00
2.238215326385708437e+01,0.000000000000000000e+00,0.000000000000000000e+00
2.293783506506765235e+01,0.000000000000000000e+00,0.000000000000000000e+00
1.931959610703938068e+01,0.000000000000000000e+00,0.000000000000000000e+00
1.477047260974567422e+01,0.000000000000000000e+00,0.000000000000000000e+00
2.187049714297441128e+01,0.000000000000000000e+00,0.000000000000000000e+00
1.867431507055052009e+01,0.000000000000000000e+00,0.000000000000000000e+00
2.100708866353738458e+01,0.000000000000000000e+00,0.000000000000000000e+00
1.966595175298591158e+01,0.000000000000000000e+00,0.000000000000000000e+00
2.248290025479446186e+01,0.000000000000000000e+00,0.000000000000000000e+00
1.786294985849105288e+01,0.000000000000000000e+00,0.000000000000000000e+00
1.580725378354574495e+01,0.000000000000000000e+00,0.000000000000000000e+00
1.786903327631801019e+01,0.000000000000000000e+00,0.000000000000000000e+00
2.097360552334530581e+01,0.000000000000000000e+00,0.000000000000000000e+00
1.860647364076310240e+01,0.000000000000000000e+00,0.000000000000000000e+00
7.037884913298645984e+01,0.000000000000000000e+00,0.000000000000000000e+00
6.992376986379795767e+01,0.000000000000000000e+00,0.000000000000000000e+00
6.938577627859761776e+01,0.000000000000000000e+00,0.000000000000000000e+00
7.051625565219200098e+01,0.000000000000000000e+00,0.000000000000000000e+00
6.523674064394184313e+01,0.000000000000000000e+00,0.000000000000000000e+00
6.655740715169331168e+01,0.000000000000000000e+00,0.000000000000000000e+00
6.676176833153391499e+01,0.000000000000000000e+00,0.000000000000000000e+00
6.404791020875262575e+01,0.000000000000000000e+00,0.000000000000000000e+00
6.683852012719627567e+01,0.000000000000000000e+00,0.000000000000000000e+00
6.836938163559315740e+01,0.000000000000000000e+00,0.000000000000000000e+00
7.092449225997280848e+01,0.000000000000000000e+00,0.000000000000000000e+00
6.625079983131033146e+01,0.000000000000000000e+00,0.000000000000000000e+00
7.823814248501226132e+01,0.000000000000000000e+00,0.000000000000000000e+00
7.475065724574442072e+01,0.000000000000000000e+00,0.000000000000000000e+00
7.919495630990469692e+01,0.000000000000000000e+00,0.000000000000000000e+00
8.119997900471662433e+01,0.000000000000000000e+00,0.000000000000000000e+00
7.704645895869373362e+01,0.000000000000000000e+00,0.000000000000000000e+00
7.802532817225876727e+01,0.000000000000000000e+00,0.000000000000000000e+00
7.762561684215032187e+01,0.000000000000000000e+00,0.000000000000000000e+00
7.801170211102939334e+01,0.000000000000000000e+00,0.000000000000000000e+00
7.739562982541720260e+01,0.000000000000000000e+00,0.000000000000000000e+00
7.702200145893441174e+01,0.000000000000000000e+00,0.000000000000000000e+00
7.655370410959345406e+01,0.000000000000000000e+00,0.000000000000000000e+00
7.615400972636830090e+01,0.000000000000000000e+00,0.000000000000000000e+00
7.734439563363334003e+01,0.000000000000000000e+00,0.000000000000000000e+00
8.174445619290015941e+01,0.000000000000000000e+00,0.000000000000000000e+00
8.110477296534584468e+01,0.000000000000000000e+00,0.000000000000000000e+00
8.158242922387476881e+01,0.000000000000000000e+00,0.000000000000000000e+00
7.769569458718112287e+01,0.000000000000000000e+00,0.000000000000000000e+00
7.977160990609559121e+01,0.000000000000000000e+00,0.000000000000000000e+00
7.967926544030819969e+01,0.000000000000000000e+00,0.000000000000000000e+00
7.976542243494489526e+01,0.000000000000000000e+00,0.000000000000000000e+00
8.095880798398528100e+01,0.000000000000000000e+00,0.000000000000000000e+00
7.786601124019722420e+01,0.000000000000000000e+00,0.000000000000000000e+00
7.935356560760519073e+01,0.000000000000000000e+00,0.000000000000000000e+00
8.131619748478581755e+01,0.000000000000000000e+00,0.000000000000000000e+00
7.988847534608841272e+01,0.000000000000000000e+00,0.000000000000000000e+00
8.082295199249927009e+01,0.000000000000000000e+00,0.000000000000000000e+00
8.025121727071670819e+01,0.000000000000000000e+00,0.000000000000000000e+00
8.359305299411433055e+01,0.000000000000000000e+00,0.000000000000000000e+00
8.294561872155240678e+01,0.000000000000000000e+00,0.000000000000000000e+00
8.254519833069302592e+01,0.000000000000000000e+00,0.000000000000000000e+00
8.102500445115657612e+01,0.000000000000000000e+00,0.000000000000000000e+00
8.265875144438693667e+01,0.000000000000000000e+00,0.000000000000000000e+00
8.137839503742779357e+01,0.000000000000000000e+00,0.000000000000000000e+00
8.057211957537782610e+01,0.000000000000000000e+00,0.000000000000000000e+00
8.238329742806237732e+01,0.000000000000000000e+00,0.000000000000000000e+00
8.021546148025326772e+01,0.000000000000000000e+00,0.000000000000000000e+00
7.922101031888482225e+01,0.000000000000000000e+00,0.000000000000000000e+00
8.076374458735827488e+01,0.000000000000000000e+00,0.000000000000000000e+00
8.076244860243896539e+01,0.000000000000000000e+00,0.000000000000000000e+00
8.176899357314479744e+01,0.000000000000000000e+00,0.000000000000000000e+00
7.885377625095021870e+01,0.000000000000000000e+00,0.000000000000000000e+00
7.967254789707257601e+01,0.000000000000000000e+00,0.000000000000000000e+00
7.837652762668237472e+01,0.000000000000000000e+00,0.000000000000000000e+00
8.078448583447260489e+01,0.000000000000000000e+00,0.000000000000000000e+00
8.397011936202065385e+01,0.000000000000000000e+00,0.000000000000000000e+00
8.345172232179307059e+01,0.000000000000000000e+00,0.000000000000000000e+00
7.961476133211149886e+01,0.000000000000000000e+00,0.000000000000000000e+00
7.954106518090863176e+01,0.000000000000000000e+00,0.000000000000000000e+00
8.175120020287862133e+01,0.000000000000000000e+00,0.000000000000000000e+00
8.255237076556456088e+01,0.000000000000000000e+00,0.000000000000000000e+00
7.893835086072095919e+01,0.000000000000000000e+00,0.000000000000000000e+00
8.118935354748893474e+01,0.000000000000000000e+00,0.000000000000000000e+00
8.214879420347195094e+01,0.000000000000000000e+00,0.000000000000000000e+00
8.161725126552921949e+01,0.000000000000000000e+00,0.000000000000000000e+00
7.836681944738961647e+01,0.000000000000000000e+00,0.000000000000000000e+00
7.933569248177505528e+01,0.000000000000000000e+00,0.000000000000000000e+00
8.237472154601852026e+01,0.000000000000000000e+00,0.000000000000000000e+00
8.065882402888750846e+01,0.000000000000000000e+00,0.000000000000000000e+00
8.173653026656864995e+01,0.000000000000000000e+00,0.000000000000000000e+00
8.084712063677086746e+01,0.000000000000000000e+00,0.000000000000000000e+00
8.271136855091076256e+01,0.000000000000000000e+00,0.000000000000000000e+00
7.953587701011136346e+01,0.000000000000000000e+00,0.000000000000000000e+00
8.138421449844939559e+01,0.000000000000000000e+00,0.000000000000000000e+00
8.027246261480759415e+01,0.000000000000000000e+00,0.000000000000000000e+00
8.206005393727124897e+01,0.000000000000000000e+00,0.000000000000000000e+00
8.349309605784388566e+01,0.000000000000000000e+00,0.000000000000000000e+00
7.947497052389309147e+01,0.000000000000000000e+00,0.000000000000000000e+00
7.829816191434022699e+01,0.000000000000000000e+00,0.000000000000000000e+00
8.233547365733953427e+01,0.000000000000000000e+00,0.000000000000000000e+00
7.719136857113014116e+01,0.000000000000000000e+00,0.000000000000000000e+00
8.063542090314358290e+01,0.000000000000000000e+00,0.000000000000000000e+00
8.071838900815544093e+01,0.000000000000000000e+00,0.000000000000000000e+00
7.918669712239288572e+01,0.000000000000000000e+00,0.000000000000000000e+00
7.993962464734603657e+01,0.000000000000000000e+00,0.000000000000000000e+00
7.944209033944478904e+01,0.000000000000000000e+00,0.000000000000000000e+00
7.985206274030315399e+01,0.000000000000000000e+00,0.000000000000000000e+00
7.702276515539054458e+01,0.000000000000000000e+00,0.000000000000000000e+00
7.835183061101155033e+01,0.000000000000000000e+00,0.000000000000000000e+00
7.919291903729160254e+01,0.000000000000000000e+00,0.000000000000000000e+00
8.055953885672259673e+01,0.000000000000000000e+00,0.000000000000000000e+00
7.960893218936516291e+01,0.000000000000000000e+00,0.000000000000000000e+00
7.923991902818670496e+01,0.000000000000000000e+00,0.000000000000000000e+00
7.911042066330584532e+01,0.000000000000000000e+00,0.000000000000000000e+00
7.860452618525103219e+01,0.000000000000000000e+00,0.000000000000000000e+00
7.864910994632481334e+01,0.000000000000000000e+00,0.000000000000000000e+00
8.289098021186781295e+01,0.000000000000000000e+00,0.000000000000000000e+00
7.885755494890989326e+01,0.000000000000000000e+00,0.000000000000000000e+00
8.279908810171650657e+01,0.000000000000000000e+00,0.000000000000000000e+00
7.907453725273398959e+01,0.000000000000000000e+00,0.000000000000000000e+00
8.644367446601148686e+01,0.000000000000000000e+00,0.000000000000000000e+00
8.311416624719279866e+01,0.000000000000000000e+00,0.000000000000000000e+00
8.499305410089097279e+01,0.000000000000000000e+00,0.000000000000000000e+00
7.904665694143952237e+01,0.000000000000000000e+00,0.000000000000000000e+00
8.267461884838319008e+01,0.000000000000000000e+00,0.000000000000000000e+00
7.723407071303337545e+01,0.000000000000000000e+00,0.000000000000000000e+00
7.828184402741456438e+01,0.000000000000000000e+00,0.000000000000000000e+00
3.235210949964375970e+01,0.000000000000000000e+00,0.000000000000000000e+00
2.835840602790244347e+01,0.000000000000000000e+00,0.000000000000000000e+00
3.237998975646662814e+01,0.000000000000000000e+00,0.000000000000000000e+00
3.095970873724936467e+01,0.000000000000000000e+00,0.000000000000000000e+00
3.118418748617662573e+01,0.000000000000000000e+00,0.000000000000000000e+00
3.544799258047903123e+01,0.000000000000000000e+00,0.000000000000000000e+00
3.148945404422266492e+01,0.000000000000000000e+00,0.000000000000000000e+00
3.405151476773953334e+01,0.000000000000000000e+00,0.000000000000000000e+00
3.230667815395628395e+01,0.000000000000000000e+00,0.000000000000000000e+00
3.095253178500959024e+01,0.000000000000000000e+00,0.000000000000000000e+00
3.109807295828561635e+01,0.000000000000000000e+00,0.000000000000000000e+00
3.346407317066406506e+01,0.000000000000000000e+00,0.000000000000000000e+00
2.406970263134090615e+01,0.000000000000000000e+00,0.000000000000000000e+00
2.103812097018705529e+01,0.000000000000000000e+00,0.000000000000000000e+00
2.062365272380693426e+01,0.000000000000000000e+00,0.000000000000000000e+00
2.332076983060930431e+01,0.000000000000000000e+00,0.000000000000000000e+00
2.297171096833136161e+01,0.000000000000000000e+00,0.000000000000000000e+00
2.478341619702670329e+01,0.000000000000000000e+00,0.000000000000000000e+00
2.747374597647761973e+01,0.000000000000000000e+00,0.000000000000000000e+00
2.241822863256489384e+01,0.000000000000000000e+00,0.000000000000000000e+00
2.180790750150428181e+01,0.000000000000000000e+00,0.000000000000000000e+00
2.075912176478371762e+01,0.000000000000000000e+00,0.000000000000000000e+00
2.222183712106262732e+01,0.000000000000000000e+00,0.000000000000000000e+00
2.397297665527935351e+01,0.000000000000000000e+00,0.000000000000000000e+00
1.825159297218064580e+01,0.000000000000000000e+00,0.000000000000000000e+00
2.186833938283007228e+01,0.000000000000000000e+00,0.000000000000000000e+00
1.990490066839658212e+01,0.000000000000000000e+00,0.000000000000000000e+00
1.937181261261132548e+01,0.000000000000000000e+00,0.000000000000000000e+00
1.699695116369641212e+01,0.000000000000000000e+00,0.000000000000000000e+00
1.903364099026969569e+01,0.000000000000000000e+00,0.000000000000000000e+00
1.713685641914247881e+01,0.000000000000000000e+00,0.000000000000000000e+00
2.146754517207376267e+01,0.000000000000000000e+00,0.000000000000000000e+00
1.948789731135521563e+01,0.000000000000000000e+00,0.000000000000000000e+00
1.928014941504395807e+01,0.000000000000000000e+00,0.000000000000000000e+00
2.122667092622395657e+01,0.000000000000000000e+00,0.000000000000000000e+00
1.915472996874257561e+01,0.000000000000000000e+00,0.000000000000000000e+00
1.929201119672395492e+01,0.000000000000000000e+00,0.000000000000000000e+00
1.987286061557671601e+01,0.000000000000000000e+00,0.000000000000000000e+00
2.098651000391441102e+01,0.000000000000000000e+00,0.000000000000000000e+00
2.062485073153385073e+01,0.000000000000000000e+00,0.000000000000000000e+00
1.902701254101221551e+01,0.000000000000000000e+00,0.000000000000000000e+00
2.217544814026416589e+01,0.000000000000000000e+00,0.000000000000000000e+00
2.452879099340562874e+01,0.000000000000000000e+00,0.000000000000000000e+00
1.958057210664165382e+01,0.000000000000000000e+00,0.000000000000000000e+00
2.114947272205509066e+01,0.000000000000000000e+00,0.000000000000000000e+00
2.176141513655122139e+01,0.000000000000000000e+00,0.000000000000000000e+00
2.193765879092034510e+01,0.000000000000000000e+00,0.000000000000000000e+00
2.079010562711087218e+01,0.000000000000000000e+00,0.000000000000000000e+00
1.550894501565014849e+01,0.000000000000000000e+00,0.000000000000000000e+00
1.979728818749333996e+01,0.000000000000000000e+00,0.000000000000000000e+00
2.073072188929640092e+01,0.000000000000000000e+00,0.000000000000000000e+00
2.259655468539908441e+01,0.000000000000000000e+00,0.000000000000000000e+00
2.407756555188866443e+01,0.000000000000000000e+00,0.000000000000000000e+00
2.199724812316303613e+01,0.000000000000000000e+00,0.000000000000000000e+00
2.214292346582341509e+01,0.000000000000000000e+00,0.000000000000000000e+00
2.018587954257122163e+01,0.000000000000000000e+00,0.000000000000000000e+00
1.939537626463856412e+01,0.000000000000000000e+00,0.000000000000000000e+00
2.167809406098622915e+01,0.000000000000000000e+00,0.000000000000000000e+00
1.912342174979018239e+01,0.000000000000000000e+00,0.000000000000000000e+00
1.917623483742269386e+01,0.000000000000000000e+00,0.000000000000000000e+00
2.011961652976951953e+01,0.000000000000000000e+00,0.000000000000000000e+00
1.990553348653080690e+01,0.000000000000000000e+00,0.000000000000000000e+00
1.830854477502711930e+01,0.000000000000000000e+00,0.000000000000000000e+00
1.832185938678159687e+01,0.000000000000000000e+00,0.000000000000000000e+00
2.355835745668540326e+01,0.000000000000000000e+00,0.000000000000000000e+00
1.830327432875184712e+01,0.000000000000000000e+00,0.000000000000000000e+00
1.685664046758892454e+01,0.000000000000000000e+00,0.000000000000000000e+00
2.154785305021975716e+01,0.000000000000000000e+00,0.000000000000000000e+00
2.275815051841934178e+01,0.000000000000000000e+00,0.000000000000000000e+00
2.256390060761194150e+01,0.000000000000000000e+00,0.000000000000000000e+00
1.884780056906618029e+01,0.000000000000000000e+00,0.000000000000000000e+00
1.974645281659443441e+01,0.000000000000000000e+00,0.000000000000000000e+00
2.118587186585462945e+01,0.000000000000000000e+00,0.000000000000000000e+00
1.555032482324648768e+01,0.000000000000000000e+00,0.000000000000000000e+00
2.234221690859395437e+01,0.000000000000000000e+00,0.000000000000000000e+00
1.925248166545864237e+01,0.000000000000000000e+00,0.000000000000000000e+00
1.904769618365612160e+01,0.000000000000000000e+00,0.000000000000000000e+00
1.841472273107987689e+01,0.000000000000000000e+00,0.000000000000000000e+00
2.055745864617484031e+01,0.000000000000000000e+00,0.000000000000000000e+00
1.952677713408510840e+01,0.000000000000000000e+00,0.000000000000000000e+00
1.836577224190123303e+01,0.000000000000000000e+00,0.000000000000000000e+00
2.058947115534541084e+01,0.000000000000000000e+00,0.000000000000000000e+00
2.161695036885991783e+01,0.000000000000000000e+00,0.000000000000000000e+00
1.699809361219885417e+01,0.000000000000000000e+00,0.000000000000000000e+00
1.793031248356317064e+01,0.000000000000000000e+00,0.000000000000000000e+00
2.244082099928348839e+01,0.000000000000000000e+00,0.000000000000000000e+00
2.064567288112963794e+01,0.000000000000000000e+00,0.000000000000000000e+00
1.774106922861508195e+01,0.000000000000000000e+00,0.000000000000000000e+00
1.876504748350710017e+01,0.000000000000000000e+00,0.000000000000000000e+00
2.260528089827545628e+01,0.000000000000000000e+00,0.000000000000000000e+00
1.640034125528995190e+01,0.000000000000000000e+00,0.000000000000000000e+00
2.264193476518975601e+01,0.000000000000000000e+00,0.000000000000000000e+00
2.314157128964556165e+01,0.000000000000000000e+00,0.000000000000000000e+00
2.657503086017004534e+01,0.000000000000000000e+00,0.000000000000000000e+00
1.720266031454791644e+01,0.000000000000000000e+00,0.000000000000000000e+00
1.832598273244193621e+01,0.000000000000000000e+00,0.000000000000000000e+00
1.884688090982779229e+01,0.000000000000000000e+00,0.000000000000000000e+00
2.110767473000410632e+01,0.000000000000000000e+00,0.000000000000000000e+00
2.179019110041067719e+01,0.000000000000000000e+00,0.000000000000000000e+00
1.803602814978869162e+01,0.000000000000000000e+00,0.000000000000000000e+00
2.023429167336069412e+01,0.000000000000000000e+00,0.000000000000000000e+00
1.880928713956154752e+01,0.000000000000000000e+00,0.000000000000000000e+00
2.127144363804872995e+01,0.000000000000000000e+00,0.000000000000000000e+00
2.401049516299226028e+01,0.000000000000000000e+00,0.000000000000000000e+00
2.092845155196325280e+01,0.000000000000000000e+00,0.000000000000000000e+00
2.042285822540982920e+01,0.000000000000000000e+00,0.000000000000000000e+00
1.718820481029166203e+01,0.000000000000000000e+00,0.000000000000000000e+00
1.702977816776772713e+01,0.000000000000000000e+00,0.000000000000000000e+00
1.892979328614720913e+01,0.000000000000000000e+00,0.000000000000000000e+00
1.718487091972113490e+01,0.000000000000000000e+00,0.000000000000000000e+00
2.152545812387223734e+01,0.000000000000000000e+00,0.000000000000000000e+00
1.957183946786068418e+01,0.000000000000000000e+00,0.000000000000000000e+00
2.041248021711636440e+01,0.000000000000000000e+00,0.000000000000000000e+00
1.850787309459872176e+01,0.000000000000000000e+00,0.000000000000000000e+00
2.054537001520117556e+01,0.000000000000000000e+00,0.000000000000000000e+00
1.786657737605432317e+01,0.000000000000000000e+00,0.000000000000000000e+00
2.071808850118237544e+01,0.000000000000000000e+00,0.000000000000000000e+00
2.250159476677341885e+01,0.000000000000000000e+00,0.000000000000000000e+00
1.949657267479636502e+01,0.000000000000000000e+00,0.000000000000000000e+00
2.122496413750245026e+01,0.000000000000000000e+00,0.000000000000000000e+00
2.351159335126031280e+01,0.000000000000000000e+00,0.000000000000000000e+00
1.969558216852490773e+01,0.000000000000000000e+00,0.000000000000000000e+00
1.954672120069004748e+01,0.000000000000000000e+00,0.000000000000000000e+00
1.649222209303303188e+01,0.000000000000000000e+00,0.000000000000000000e+00
1.671486412189115001e+01,0.000000000000000000e+00,0.000000000000000000e+00
2.248280245031099156e+01,0.000000000000000000e+00,0.000000000000000000e+00
1.918026726619481437e+01,0.000000000000000000e+00,0.000000000000000000e+00
1.871759282819509806e+01,0.000000000000000000e+00,0.000000000000000000e+00
2.245640472524362963e+01,0.000000000000000000e+00,0.000000000000000000e+00
1.848973253996631883e+01,0.000000000000000000e+00,0.000000000000000000e+00
2.090150308009889812e+01,0.000000000000000000e+00,0.000000000000000000e+00
1.831438174475411884e+01,0.000000000000000000e+00,0.000000000000000000e+00
1.898183550703792832e+01,0.000000000000000000e+00,0.000000000000000000e+00
2.141721396623351126e+01,0.000000000000000000e+00,0.000000000000000000e+00
1.826615771317500148e+01,0.000000000000000000e+00,0.000000000000000000e+00
1.912148564810231122e+01,0.000000000000000000e+00,0.000000000000000000e+00
1.875368105964150445e+01,0.000000000000000000e+00,0.000000000000000000e+00
1.934366023888308916e+01,0.000000000000000000e+00,0.000000000000000000e+00
1.991906447677470737e+01,0.000000000000000000e+00,0.000000000000000000e+00
2.102982376452908753e+01,0.000000000000000000e+00,0.000000000000000000e+00
2.096798473386254003e+01,0.000000000000000000e+00,0.000000000000000000e+00
1.724174067818478306e+01,0.000000000000000000e+00,0.000000000000000000e+00
2.053010899526093525e+01,0.000000000000000000e+00,0.000000000000000000e+00
1.967604649120599802e+01,0.000000000000000000e+00,0.000000000000000000e+00
2.178200881188044136e+01,0.000000000000000000e+00,0.000000000000000000e+00
1.894610780820883988e+01,0.000000000000000000e+00,0.000000000000000000e+00
1.952801651864653820e+01,0.000000000000000000e+00,0.000000000000000000e+00
1.923323899386190305e+01,0.000000000000000000e+00,0.000000000000000000e+00
1.968424334890216798e+01,0.000000000000000000e+00,0.000000000000000000e+00
2.131561826105921043e+01,0.000000000000000000e+00,0.000000000000000000e+00
2.074831805017421615e+01,0.000000000000000000e+00,0.000000000000000000e+00
2.049919287960282688e+01,0.000000000000000000e+00,0.000000000000000000e+00
1.742040093910994969e+01,0.000000000000000000e+00,0.000000000000000000e+00
1.569596988765701440e+01,0.000000000000000000e+00,0.000000000000000000e+00
1.945132366328475015e+01,0.000000000000000000e+00,0.000000000000000000e+00
2.057891214878656072e+01,0.000000000000000000e+00,0.000000000000000000e+00
2.257571216723737351e+01,0.000000000000000000e+00,0.000000000000000000e+00
2.302119481972699333e+01,0.000000000000000000e+00,0.000000000000000000e+00
1.664998346554346398e+01,0.000000000000000000e+00,0.000000000000000000e+00
1.881087344997819244e+01,0.000000000000000000e+00,0.000000000000000000e+00
1.668542864774610734e+01,0.000000000000000000e+00,0.000000000000000000e+00
1.748029771266369181e+01,0.000000000000000000e+00,0.000000000000000000e+00
2.196202522616247066e+01,0.000000000000000000e+00,0.000000000000000000e+00
1.826525052149391470e+01,0.000000000000000000e+00,0.000000000000000000e+00
2.165832013396370215e+01,0.000000000000000000e+00,0.000000000000000000e+00
2.340182578830023630e+01,0.000000000000000000e+00,0.000000000000000000e+00
1.967832328545581078e+01,0.000000000000000000e+00,0.000000000000000000e+00
1.973199991140550225e+01,0.000000000000000000e+00,0.000000000000000000e+00
1.796517101660417026e+01,0.000000000000000000e+00,0.000000000000000000e+00
1.915374729059636394e+01,0.000000000000000000e+00,0.000000000000000000e+00
1.817813624549716067e+01,0.000000000000000000e+00,0.000000000000000000e+00
1.979888637174001431e+01,0.000000000000000000e+00,0.000000000000000000e+00
2.060925301683672473e+01,0.000000000000000000e+00,0.000000000000000000e+00
1.876672407594886494e+01,0.000000000000000000e+00,0.000000000000000000e+00
1.832027641195970347e+01,0.000000000000000000e+00,0.000000000000000000e+00
1.896709166476592046e+01,0.000000000000000000e+00,0.000000000000000000e+00
2.196081479126416269e+01,0.000000000000000000e+00,0.000000000000000000e+00
1.928887671172977747e+01,0.000000000000000000e+00,0.000000000000000000e+00
2.311614953454751031e+01,0.000000000000000000e+00,0.000000000000000000e+00
2.283863312113207300e+01,0.000000000000000000e+00,0.000000000000000000e+00
7.333343068488446193e+01,0.000000000000000000e+00,0.000000000000000000e+00
6.850005537615176365e+01,0.000000000000000000e+00,0.000000000000000000e+00
7.084308580849069870e+01,0.000000000000000000e+00,0.000000000000000000e+00
6.782011098873213939e+01,0.000000000000000000e+00,0.000000000000000000e+00
6.829003616979434810e+01,0.000000000000000000e+00,0.000000000000000000e+00
6.809806347627814205e+01,0.000000000000000000e+00,0.000000000000000000e+00
6.766447557389074063e+01,0.000000000000000000e+00,0.000000000000000000e+00
6.462789403217583128e+01,0.000000000000000000e+00,0.000000000000000000e+00
6.767719906454954071e+01,0.000000000000000000e+00,0.000000000000000000e+00
6.936502313906881056e+01,0.000000000000000000e+00,0.000000000000000000e+00
6.752272987932740023e+01,0.000000000000000000e+00,0.000000000000000000e+00
6.857152400579008145e+01,0.000000000000000000e+00,0.000000000000000000e+00
7.847886376299302924e+01,0.000000000000000000e+00,0.000000000000000000e+00
7.687473106827977176e+01,0.000000000000000000e+00,0.000000000000000000e+00
7.930933496739919519e+01,0.000000000000000000e+00,0.000000000000000000e+00
7.867501426641173623e+01,0.000000000000000000e+00,0.000000000000000000e+00
7.815277630315924284e+01,0.000000000000000000e+00,0.000000000000000000e+00
8.057528853459076856e+01,0.000000000000000000e+00,0.000000000000000000e+00
8.010536729161536584e+01,0.000000000000000000e+00,0.000000000000000000e+00
7.445421804925679510e+01,0.000000000000000000e+00,0.000000000000000000e+00
7.660272692830851327e+01,0.000000000000000000e+00,0.000000000000000000e+00
7.888921281330713953e+01,0.000000000000000000e+00,0.000000000000000000e+00
7.662371712662003631e+01,0.000000000000000000e+00,0.000000000000000000e+00
7.811503842992601676e+01,0.000000000000000000e+00,0.000000000000000000e+00
7.670598731056254849e+01,0.000000000000000000e+00,0.000000000000000000e+00
8.152635749163094658e+01,0.000000000000000000e+00,0.000000000000000000e+00
7.893157835769378039e+01,0.000000000000000000e+00,0.000000000000000000e+00
8.191630691873857018e+01,0.000000000000000000e+00,0.000000000000000000e+00
8.203156484447393382e+01,0.000000000000000000e+00,0.000000000000000000e+00
7.961608635123806721e+01,0.000000000000000000e+00,0.000000000000000000e+00
7.775830355212254119e+01,0.000000000000000000e+00,0.000000000000000000e+00
8.171865945177280821e+01,0.000000000000000000e+00,0.000000000000000000e+00
8.257694055960081414e+01,0.000000000000000000e+00,0.000000000000000000e+00
8.112321751200937570e+01,0.000000000000000000e+00,0.000000000000000000e+00
7.973341429519155099e+01,0.000000000000000000e+00,0.000000000000000000e+00
8.007116260385966200e+01,0.000000000000000000e+00,0.000000000000000000e+00
8.097181336052737777e+01,0.000000000000000000e+00,0.000000000000000000e+00
8.136058158320965106e+01,0.000000000000000000e+00,0.000000000000000000e+00
8.392445675133963334e+01,0.000000000000000000e+00,0.000000000000000000e+00
7.995190484558123956e+01,0.000000000000000000e+00,0.000000000000000000e+00
8.036310756017212498e+01,0.000000000000000000e+00,0.000000000000000000e+00
8.007881941267122272e+01,0.000000000000000000e+00,0.000000000000000000e+00
7.817970383977362303e+01,0.000000000000000000e+00,0.000000000000000000e+00
8.011292753810347733e+01,0.000000000000000000e+00,0.000000000000000000e+00
8.180482789255471232e+01,0.000000000000000000e+00,0.000000000000000000e+00
7.954810382872939556e+01,0.000000000000000000e+00,0.000000000000000000e+00
7.603462106536980514e+01,0.000000000000000000e+00,0.000000000000000000e+00
7.720873538354270238e+01,0.000000000000000000e+00,0.000000000000000000e+00
8.035324244121942172e+01,0.000000000000000000e+00,0.000000000000000000e+00
7.707862715174597668e+01,0.000000000000000000e+00,0.000000000000000000e+00
8.302685098604121094e+01,0.000000000000000000e+00,0.000000000000000000e+00
7.690551730416601117e+01,0.000000000000000000e+00,0.000000000000000000e+00
8.006572922828894434e+01,0.000000000000000000e+00,0.000000000000000000e+00
7.790127300577475467e+01,0.000000000000000000e+00,0.000000000000000000e+00
8.114912583544372637e+01,0.000000000000000000e+00,0.000000000000000000e+00
8.061347631282579584e+01,0.000000000000000000e+00,0.000000000000000000e+00
7.878917432229532380e+01,0.000000000000000000e+00,0.000000000000000000e+00
8.009490885414840022e+01,0.000000000000000000e+00,0.000000000000000000e+00
8.276239076113328963e+01,0.000000000000000000e+00,0.000000000000000000e+00
8.103859277339195444e+01,0.000000000000000000e+00,0.000000000000000000e+00
7.820629176614579592e+01,0.000000000000000000e+00,0.000000000000000000e+00
8.186106724276000079e+01,0.000000000000000000e+00,0.000000000000000000e+00
8.069808345950619355e+01,0.000000000000000000e+00,0.000000000000000000e+00
8.078102374179763956e+01,0.000000000000000000e+00,0.000000000000000000e+00
7.951485758336635001e+01,0.000000000000000000e+00,0.000000000000000000e+00
8.126101952197389267e+01,0.000000000000000000e+00,0.000000000000000000e+00
7.881450916724283218e+01,0.000000000000000000e+00,0.000000000000000000e+00
8.204623731429741440e+01,0.000000000000000000e+00,0.000000000000000000e+00
7.767210803743809322e+01,0.000000000000000000e+00,0.000000000000000000e+00
7.771053702101582417e+01,0.000000000000000000e+00,0.000000000000000000e+00
8.198216652852610764e+01,0.000000000000000000e+00,0.000000000000000000e+00
8.232447550608739562e+01,0.000000000000000000e+00,0.000000000000000000e+00
7.974130781457141381e+01,0.000000000000000000e+00,0.000000000000000000e+00
7.946660270908935786e+01,0.000000000000000000e+00,0.000000000000000000e+00
8.052450469980598768e+01,0.000000000000000000e+00,0.000000000000000000e+00
7.806163970124636364e+01,0.000000000000000000e+00,0.000000000000000000e+00
8.204861361534277364e+01,0.000000000000000000e+00,0.000000000000000000e+00
7.787463753107468278e+01,0.000000000000000000e+00,0.000000000000000000e+00
7.764952656464284075e+01,0.000000000000000000e+00,0.000000000000000000e+00
7.996902368317611831e+01,0.000000000000000000e+00,0.000000000000000000e+00
7.796531650700407567e+01,0.000000000000000000e+00,0.000000000000000000e+00
8.207153484982639213e+01,0.000000000000000000e+00,0.000000000000000000e+00
7.769690104373722761e+01,0.000000000000000000e+00,0.000000000000000000e+00
7.772841565601751768e+01,0.000000000000000000e+00,0.000000000000000000e+00
8.091451251960911861e+01,0.000000000000000000e+00,0.000000000000000000e+00
8.118465416650205668e+01,0.000000000000000000e+00,0.000000000000000000e+00
8.240401475040275159e+01,0.000000000000000000e+00,0.000000000000000000e+00
7.874639397746615543e+01,0.000000000000000000e+00,0.000000000000000000e+00
7.907375467958870274e+01,0.000000000000000000e+00,0.000000000000000000e+00
7.769350222729713096e+01,0.000000000000000000e+00,0.000000000000000000e+00
8.110663040213472641e+01,0.000000000000000000e+00,0.000000000000000000e+00
7.871450288725448274e+01,0.000000000000000000e+00,0.000000000000000000e+00
7.771987700076392969e+01,0.000000000000000000e+00,0.000000000000000000e+00
8.006368441498636912e+01,0.000000000000000000e+00,0.000000000000000000e+00
7.682226881571132537e+01,0.000000000000000000e+00,0.000000000000000000e+00
8.281069390354909387e+01,0.000000000000000000e+00,0.000000000000000000e+00
7.765298658372987006e+01,0.000000000000000000e+00,0.000000000000000000e+00
8.485738815279225378e+01,0.000000000000000000e+00,0.000000000000000000e+00
7.667112743845885348e+01,0.000000000000000000e+00,0.000000000000000000e+00
8.010159727683945619e+01,0.000000000000000000e+00,0.000000000000000000e+00
7.924291736465173130e+01,0.000000000000000000e+00,0.000000000000000000e+00
7.599455774228698601e+01,0.000000000000000000e+00,0.000000000000000000e+00
7.980833851329037998e+01,0.000000000000000000e+00,0.000000000000000000e+00
8.034591798219835823e+01,0.000000000000000000e+00,0.000000000000000000e+00
8.144447606588785504e+01,0.000000000000000000e+00,0.000000000000000000e+00
7.844117754038809665e+01,0.000000000000000000e+00,0.000000000000000000e+00
7.723836507668127638e+01,0.000000000000000000e+00,0.000000000000000000e+00
8.094756729206034152e+01,0.000000000000000000e+00,0.000000000000000000e+00
3.244275712360774833e+01,0.000000000000000000e+00,0.000000000000000000e+00
2.901534288627168579e+01,0.000000000000000000e+00,0.000000000000000000e+00
3.159790599867536542e+01,0.000000000000000000e+00,0.000000000000000000e+00
3.148388777459712173e+01,0.000000000000000000e+00,0.000000000000000000e+00
3.429527977203571965e+01,0.000000000000000000e+00,0.000000000000000000e+00
3.634422595646514509e+01,0.000000000000000000e+00,0.000000000000000000e+00
2.930325114894328919e+01,0.000000000000000000e+00,0.000000000000000000e+00
3.080286951212775293e+01,0.000000000000000000e+00,0.000000000000000000e+00
3.126320233597082066e+01,0.000000000000000000e+00,0.000000000000000000e+00
3.144564562756728421e+01,0.000000000000000000e+00,0.000000000000000000e+00
3.364614809296193698e+01,0.000000000000000000e+00,0.000000000000000000e+00
3.305654208342085099e+01,0.000000000000000000e+00,0.000000000000000000e+00
2.402620498701877239e+01,0.000000000000000000e+00,0.000000000000000000e+00
1.966685115013692453e+01,0.000000000000000000e+00,0.000000000000000000e+00
2.103877728068006192e+01,0.000000000000000000e+00,0.000000000000000000e+00
2.241671452679547016e+01,0.000000000000000000e+00,0.000000000000000000e+00
2.186213372678600564e+01,0.000000000000000000e+00,0.000000000000000000e+00
2.229913515735118423e+01,0.000000000000000000e+00,0.000000000000000000e+00
2.329344714793196047e+01,0.000000000000000000e+00,0.000000000000000000e+00
2.412019211348639303e+01,0.000000000000000000e+00,0.000000000000000000e+00
2.567156699787147645e+01,0.000000000000000000e+00,0.000000000000000000e+00
2.321160712193423947e+01,0.000000000000000000e+00,0.000000000000000000e+00
2.123032191261003732e+01,0.000000000000000000e+00,0.000000000000000000e+00
2.179986618997097736e+01,0.000000000000000000e+00,0.000000000000000000e+00
2.160681123386098790e+01,0.000000000000000000e+00,0.000000000000000000e+00
1.893847599697852502e+01,0.000000000000000000e+00,0.000000000000000000e+00
2.060909533182215370e+01,0.000000000000000000e+00,0.000000000000000000e+00
2.169317999480307080e+01,0.000000000000000000e+00,0.000000000000000000e+00
2.251861879050332149e+01,0.000000000000000000e+00,0.000000000000000000e+00
2.124046312124610125e+01,0.000000000000000000e+00,0.000000000000000000e+00
2.198535787387594809e+01,0.000000000000000000e+00,0.000000000000000000e+00
1.978705448206962458e+01,0.000000000000000000e+00,0.000000000000000000e+00
2.253315973888745560e+01,0.000000000000000000e+00,0.000000000000000000e+00
1.926231092426625580e+01,0.000000000000000000e+00,0.000000000000000000e+00
1.905498624010377995e+01,0.000000000000000000e+00,0.000000000000000000e+00
1.915842296295150504e+01,0.000000000000000000e+00,0.000000000000000000e+00
1.823627228562570224e+01,0.000000000000000000e+00,0.000000000000000000e+00
1.875199580105281782e+01,0.000000000000000000e+00,0.000000000000000000e+00
2.123679336016419938e+01,0.000000000000000000e+00,0.000000000000000000e+00
1.765546905317548720e+01,0.000000000000000000e+00,0.000000000000000000e+00
2.035735430971076809e+01,0.000000000000000000e+00,0.000000000000000000e+00
1.938951340503168197e+01,0.000000000000000000e+00,0.000000000000000000e+00
1.725927634640452979e+01,0.000000000000000000e+00,0.000000000000000000e+00
2.072737592611275304e+01,0.000000000000000000e+00,0.000000000000000000e+00
1.986996466704488284e+01,0.000000000000000000e+00,0.000000000000000000e+00
1.936702158745513813e+01,0.000000000000000000e+00,0.000000000000000000e+00
2.059768697237612045e+01,0.000000000000000000e+00,0.000000000000000000e+00
1.790712438335841838e+01,0.000000000000000000e+00,0.000000000000000000e+00
1.622802066667135890e+01,0.000000000000000000e+00,0.000000000000000000e+00
1.890556226406087248e+01,0.000000000000000000e+00,0.000000000000000000e+00
1.729778931105717632e+01,0.000000000000000000e+00,0.000000000000000000e+00
2.353561819827723411e+01,0.000000000000000000e+00,0.000000000000000000e+00
1.942570202550046687e+01,0.000000000000000000e+00,0.000000000000000000e+00
2.022224948144881651e+01,0.000000000000000000e+00,0.000000000000000000e+00
1.758544051632737748e+01,0.000000000000000000e+00,0.000000000000000000e+00
1.864015751995295034e+01,0.000000000000000000e+00,0.000000000000000000e+00
2.006062187177341372e+01,0.000000000000000000e+00,0.000000000000000000e+00
1.825676511545342606e+01,0.000000000000000000e+00,0.000000000000000000e+00
1.973573130591229585e+01,0.000000000000000000e+00,0.000000000000000000e+00
2.186921365898474434e+01,0.000000000000000000e+00,0.000000000000000000e+00
2.169647938003534193e+01,0.000000000000000000e+00,0.000000000000000000e+00
1.949881854936058900e+01,0.000000000000000000e+00,0.000000000000000000e+00
2.124381436384566157e+01,0.000000000000000000e+00,0.000000000000000000e+00
2.382285264310953821e+01,0.000000000000000000e+00,0.000000000000000000e+00
2.119794684629703951e+01,0.000000000000000000e+00,0.000000000000000000e+00
2.211119658451427838e+01,0.000000000000000000e+00,0.000000000000000000e+00
1.718624998517029212e+01,0.000000000000000000e+00,0.000000000000000000e+00
2.102569995626581800e+01,0.000000000000000000e+00,0.000000000000000000e+00
1.906607029192254288e+01,0.000000000000000000e+00,0.000000000000000000e+00
1.829287634785162098e+01,0.000000000000000000e+00,0.000000000000000000e+00
1.721621328492815195e+01,0.000000000000000000e+00,0.000000000000000000e+00
2.098152750049563053e+01,0.000000000000000000e+00,0.000000000000000000e+00
2.393180925366182166e+01,0.000000000000000000e+00,0.000000000000000000e+00
2.110954830271092675e+01,0.000000000000000000e+00,0.000000000000000000e+00
1.995123721279260920e+01,0.000000000000000000e+00,0.000000000000000000e+00
2.066655223201125580e+01,0.000000000000000000e+00,0.000000000000000000e+00
1.455044752449757617e+01,0.000000000000000000e+00,0.000000000000000000e+00
1.936625174094691104e+01,0.000000000000000000e+00,0.000000000000000000e+00
2.073712040686176294e+01,0.000000000000000000e+00,0.000000000000000000e+00
1.908356014815674584e+01,0.000000000000000000e+00,0.000000000000000000e+00
1.912457167719577811e+01,0.000000000000000000e+00,0.000000000000000000e+00
1.947472970449310026e+01,0.000000000000000000e+00,0.000000000000000000e+00
1.915155489855397164e+01,0.000000000000000000e+00,0.000000000000000000e+00
2.084590797367572890e+01,0.000000000000000000e+00,0.000000000000000000e+00
1.956203511758501179e+01,0.000000000000000000e+00,0.000000000000000000e+00
2.127599511828306333e+01,0.000000000000000000e+00,0.000000000000000000e+00
2.052149151070928923e+01,0.000000000000000000e+00,0.000000000000000000e+00
1.856400759109296317e+01,0.000000000000000000e+00,0.000000000000000000e+00
1.926144925237517924e+01,0.000000000000000000e+00,0.000000000000000000e+00
2.334638925108681917e+01,0.000000000000000000e+00,0.000000000000000000e+00
2.300719069355567470e+01,0.000000000000000000e+00,0.000000000000000000e+00
2.294579401452325840e+01,0.000000000000000000e+00,0.000000000000000000e+00
2.048464567042621454e+01,0.000000000000000000e+00,0.000000000000000000e+00
2.104823463194686894e+01,0.000000000000000000e+00,0.000000000000000000e+00
2.047664965894052358e+01,0.000000000000000000e+00,0.000000000000000000e+00
2.044865467971140660e+01,0.000000000000000000e+00,0.000000000000000000e+00
2.093760859113963235e+01,0.000000000000000000e+00,0.000000000000000000e+00
1.881299914244689475e+01,0.000000000000000000e+00,0.000000000000000000e+00
2.168641541642985260e+01,0.000000000000000000e+00,0.000000000000000000e+00
2.202230680661389073e+01,0.000000000000000000e+00,0.000000000000000000e+00
1.841512311745422892e+01,0.000000000000000000e+00,0.000000000000000000e+00
1.817900810904219000e+01,0.000000000000000000e+00,0.000000000000000000e+00
1.890834716497212042e+01,0.000000000000000000e+00,0.000000000000000000e+00
2.197718763973404421e+01,0.000000000000000000e+00,0.000000000000000000e+00
1.970262071725891673e+01,0.000000000000000000e+00,0.000000000000000000e+00
1.959701417241204879e+01,0.000000000000000000e+00,0.000000000000000000e+00
1.705413582823768337e+01,0.000000000000000000e+00,0.000000000000000000e+00
1.779544029434420693e+01,0.000000000000000000e+00,0.000000000000000000e+00
2.392840926059710682e+01,0.000000000000000000e+00,0.000000000000000000e+00
2.056268917644709049e+01,0.000000000000000000e+00,0.000000000000000000e+00
2.185258150012710132e+01,0.000000000000000000e+00,0.000000000000000000e+00
1.772214921290499134e+01,0.000000000000000000e+00,0.000000000000000000e+00
1.918603096415133891e+01,0.000000000000000000e+00,0.000000000000000000e+00
1.544091812002885078e+01,0.000000000000000000e+00,0.000000000000000000e+00
2.224974304559147242e+01,0.000000000000000000e+00,0.000000000000000000e+00
1.674123876662189403e+01,0.000000000000000000e+00,0.000000000000000000e+00
1.997042921613874000e+01,0.000000000000000000e+00,0.000000000000000000e+00
2.013546799821624234e+01,0.000000000000000000e+00,0.000000000000000000e+00
1.746185746973478814e+01,0.000000000000000000e+00,0.000000000000000000e+00
1.930234425733999615e+01,0.000000000000000000e+00,0.000000000000000000e+00
1.988870170332228682e+01,0.000000000000000000e+00,0.000000000000000000e+00
1.846847460179819578e+01,0.000000000000000000e+00,0.000000000000000000e+00
1.984772274806879011e+01,0.000000000000000000e+00,0.000000000000000000e+00
1.773791502466009717e+01,0.000000000000000000e+00,0.000000000000000000e+00
2.034969623529777039e+01,0.000000000000000000e+00,0.000000000000000000e+00
1.932035459263747867e+01,0.000000000000000000e+00,0.000000000000000000e+00
2.224156194954986177e+01,0.000000000000000000e+00,0.000000000000000000e+00
2.302275620801681555e+01,0.000000000000000000e+00,0.000000000000000000e+00
1.929753850187112008e+01,0.000000000000000000e+00,0.000000000000000000e+00
1.887085271308551881e+01,0.000000000000000000e+00,0.000000000000000000e+00
1.937356553765724598e+01,0.000000000000000000e+00,0.000000000000000000e+00
1.787239430238431837e+01,0.000000000000000000e+00,0.000000000000000000e+00
2.154508596908802076e+01,0.000000000000000000e+00,0.000000000000000000e+00
2.176380904404403083e+01,0.000000000000000000e+00,0.000000000000000000e+00
2.003137079701338052e+01,0.000000000000000000e+00,0.000000000000000000e+00
1.831105916561865854e+01,0.000000000000000000e+00,0.000000000000000000e+00
2.044628857854753790e+01,0.000000000000000000e+00,0.000000000000000000e+00
1.975803142047717387e+01,0.000000000000000000e+00,0.000000000000000000e+00
2.056989635557544460e+01,0.000000000000000000e+00,0.000000000000000000e+00
2.088137963883486492e+01,0.000000000000000000e+00,0.000000000000000000e+00
1.898380821244820282e+01,0.000000000000000000e+00,0.000000000000000000e+00
1.945571172563970563e+01,0.000000000000000000e+00,0.000000000000000000e+00
1.963142742548583897e+01,0.000000000000000000e+00,0.000000000000000000e+00
2.031870511502488696e+01,0.000000000000000000e+00,0.000000000000000000e+00
2.147970986357985979e+01,0.000000000000000000e+00,0.000000000000000000e+00
1.974731098174168409e+01,0.000000000000000000e+00,0.000000000000000000e+00
2.114294577347887483e+01,0.000000000000000000e+00,0.000000000000000000e+00
1.844876984506649364e+01,0.000000000000000000e+00,0.000000000000000000e+00
2.264571402460841654e+01,0.000000000000000000e+00,0.000000000000000000e+00
2.090470434526947230e+01,0.000000000000000000e+00,0.000000000000000000e+00
1.949283213678559079e+01,0.000000000000000000e+00,0.000000000000000000e+00
1.800070608021609431e+01,0.000000000000000000e+00,0.000000000000000000e+00
1.989540415734071388e+01,0.000000000000000000e+00,0.000000000000000000e+00
1.778923734297687531e+01,0.000000000000000000e+00,0.000000000000000000e+00
2.052424302786291577e+01,0.000000000000000000e+00,0.000000000000000000e+00
1.728996706596292299e+01,0.000000000000000000e+00,0.000000000000000000e+00
1.729678341743219505e+01,0.000000000000000000e+00,0.000000000000000000e+00
1.980737161026639370e+01,0.000000000000000000e+00,0.000000000000000000e+00
2.252327619651539692e+01,0.000000000000000000e+00,0.000000000000000000e+00
2.117301147829987329e+01,0.000000000000000000e+00,0.000000000000000000e+00
2.282246241489133709e+01,0.000000000000000000e+00,0.000000000000000000e+00
2.075676574865299173e+01,0.000000000000000000e+00,0.000000000000000000e+00
2.242579353378581075e+01,0.000000000000000000e+00,0.000000000000000000e+00
2.195136451661631938e+01,0.000000000000000000e+00,0.000000000000000000e+00
1.720300693922304447e+01,0.000000000000000000e+00,0.000000000000000000e+00
1.837995047145573579e+01,0.000000000000000000e+00,0.000000000000000000e+00
2.104495994904893408e+01,0.000000000000000000e+00,0.000000000000000000e+00
1.919079910381447363e+01,0.000000000000000000e+00,0.000000000000000000e+00
1.629087589387509638e+01,0.000000000000000000e+00,0.000000000000000000e+00
2.114009880214258530e+01,0.000000000000000000e+00,0.000000000000000000e+00
1.750725839375375159e+01,0.000000000000000000e+00,0.000000000000000000e+00
1.624827254920219488e+01,0.000000000000000000e+00,0.000000000000000000e+00
1.990584851513262166e+01,0.000000000000000000e+00,0.000000000000000000e+00
1.931724470003470273e+01,0.000000000000000000e+00,0.000000000000000000e+00
1.664305384998865733e+01,0.000000000000000000e+00,0.000000000000000000e+00
2.182963522726364403e+01,0.000000000000000000e+00,0.000000000000000000e+00
1.791470091486110761e+01,0.000000000000000000e+00,0.000000000000000000e+00
2.300843240341590601e+01,0.000000000000000000e+00,0.000000000000000000e+00
2.226891800827889156e+01,0.000000000000000000e+00,0.000000000000000000e+00
1.750986937221597373e+01,0.000000000000000000e+00,0.000000000000000000e+00
6.490579783820668069e+01,0.000000000000000000e+00,0.000000000000000000e+00
6.847566160644586830e+01,0.000000000000000000e+00,0.000000000000000000e+00
6.751507589000048881e+01,0.000000000000000000e+00,0.000000000000000000e+00
6.786990177960352355e+01,0.000000000000000000e+00,0.000000000000000000e+00
6.684409771576945047e+01,0.000000000000000000e+00,0.000000000000000000e+00
6.598965878137560992e+01,0.000000000000000000e+00,0.000000000000000000e+00
6.778376459421539835e+01,0.000000000000000000e+00,0.000000000000000000e+00
6.649469281590941705e+01,0.000000000000000000e+00,0.000000000000000000e+00
7.009456724792973148e+01,0.000000000000000000e+00,0.000000000000000000e+00
7.130221689430959486e+01,0.000000000000000000e+00,0.000000000000000000e+00
6.574892808736618122e+01,0.000000000000000000e+00,0.000000000000000000e+00
6.501117345754349230e+01,0.000000000000000000e+00,0.000000000000000000e+00
7.808874569156074585e+01,0.000000000000000000e+00,0.000000000000000000e+00
7.893519421719670959e+01,0.000000000000000000e+00,0.000000000000000000e+00
8.034406102474464717e+01,0.000000000000000000e+00,0.000000000000000000e+00
8.014250120915751552e+01,0.000000000000000000e+00,0.000000000000000000e+00
7.888180405991393229e+01,0.000000000000000000e+00,0.000000000000000000e+00
7.830036648550131417e+01,0.000000000000000000e+00,0.000000000000000000e+00
7.458483576161142992e+01,0.000000000000000000e+00,0.000000000000000000e+00
7.563576923476432512e+01,0.000000000000000000e+00,0.000000000000000000e+00
7.704693019912346585e+01,0.000000000000000000e+00,0.000000000000000000e+00
8.124919389537845404e+01,0.000000000000000000e+00,0.000000000000000000e+00
7.853385710777081385e+01,0.000000000000000000e+00,0.000000000000000000e+00
7.550181733575793430e+01,0.000000000000000000e+00,0.000000000000000000e+00
8.168820247365447074e+01,0.000000000000000000e+00,0.000000000000000000e+00
7.926522508703997971e+01,0.000000000000000000e+00,0.000000000000000000e+00
7.956573071420284293e+01,0.000000000000000000e+00,0.000000000000000000e+00
7.868673302533457559e+01,0.000000000000000000e+00,0.000000000000000000e+00
7.829051530142233162e+01,0.000000000000000000e+00,0.000000000000000000e+00
7.942109844017352316e+01,0.000000000000000000e+00,0.000000000000000000e+00
8.187442725439355229e+01,0.000000000000000000e+00,0.000000000000000000e+00
7.923713933343309179e+01,0.000000000000000000e+00,0.000000000000000000e+00
8.033846891477161023e+01,0.000000000000000000e+00,0.000000000000000000e+00
7.724586752973753789e+01,0.000000000000000000e+00,0.000000000000000000e+00
7.476457561679744401e+01,0.000000000000000000e+00,0.000000000000000000e+00
7.868694880740754627e+01,0.000000000000000000e+00,0.000000000000000000e+00
8.051108678676831687e+01,0.000000000000000000e+00,0.000000000000000000e+00
7.684055051256065383e+01,0.000000000000000000e+00,0.000000000000000000e+00
7.728478395875669094e+01,0.000000000000000000e+00,0.000000000000000000e+00
7.796909737970241849e+01,0.000000000000000000e+00,0.000000000000000000e+00
8.038794002001525030e+01,0.000000000000000000e+00,0.000000000000000000e+00
8.078046302279528845e+01,0.000000000000000000e+00,0.000000000000000000e+00
8.080600103337603457e+01,0.000000000000000000e+00,0.000000000000000000e+00
8.113356572264690669e+01,0.000000000000000000e+00,0.000000000000000000e+00
8.222323508273727555e+01,0.000000000000000000e+00,0.000000000000000000e+00
8.066178669524862244e+01,0.000000000000000000e+00,0.000000000000000000e+00
8.155028942314562812e+01,0.000000000000000000e+00,0.000000000000000000e+00
7.629680154968701800e+01,0.000000000000000000e+00,0.000000000000000000e+00
7.885770744660027276e+01,0.000000000000000000e+00,0.000000000000000000e+00
8.272095200727132180e+01,0.000000000000000000e+00,0.000000000000000000e+00
8.328446461266196366e+01,0.000000000000000000e+00,0.000000000000000000e+00
8.091337496014665476e+01,0.000000000000000000e+00,0.000000000000000000e+00
7.933509629509798344e+01,0.000000000000000000e+00,0.000000000000000000e+00
8.122421958747533210e+01,0.000000000000000000e+00,0.000000000000000000e+00
8.135121053642058087e+01,0.000000000000000000e+00,0.000000000000000000e+00
7.700164328213280385e+01,0.000000000000000000e+00,0.000000000000000000e+00
8.122579934067093177e+01,0.000000000000000000e+00,0.000000000000000000e+00
8.263441453511862278e+01,0.000000000000000000e+00,0.000000000000000000e+00
7.815398497206217598e+01,0.000000000000000000e+00,0.000000000000000000e+00
7.954674619538945990e+01,0.000000000000000000e+00,0.000000000000000000e+00
8.067901038161477345e+01,0.000000000000000000e+00,0.000000000000000000e+00
7.923973940048050224e+01,0.000000000000000000e+00,0.000000000000000000e+00
8.040599652193303370e+01,0.000000000000000000e+00,0.000000000000000000e+00
8.193666545469824314e+01,0.000000000000000000e+00,0.000000000000000000e+00
7.876223336375313977e+01,0.000000000000000000e+00,0.000000000000000000e+00
8.424959973107641531e+01,0.000000000000000000e+00,0.000000000000000000e+00
8.006951188203545655e+01,0.000000000000000000e+00,0.000000000000000000e+00
8.083383977432495726e+01,0.000000000000000000e+00,0.000000000000000000e+00
7.714904931194872972e+01,0.000000000000000000e+00,0.000000000000000000e+00
7.740067178521209712e+01,0.000000000000000000e+00,0.000000000000000000e+00
8.192480215294716572e+01,0.000000000000000000e+00,0.000000000000000000e+00
8.153925990012523073e+01,0.000000000000000000e+00,0.000000000000000000e+00
8.276887385259665564e+01,0.000000000000000000e+00,0.000000000000000000e+00
8.229218246107430446e+01,0.000000000000000000e+00,0.000000000000000000e+00
8.318703665991745311e+01,0.000000000000000000e+00,0.000000000000000000e+00
7.915318550213386573e+01,0.000000000000000000e+00,0.000000000000000000e+00
7.910739807862645989e+01,0.000000000000000000e+00,0.000000000000000000e+00
7.980191174239840279e+01,0.000000000000000000e+00,0.000000000000000000e+00
7.865501241577807434e+01,0.000000000000000000e+00,0.000000000000000000e+00
8.030053610098850925e+01,0.000000000000000000e+00,0.000000000000000000e+00
7.868128296597230076e+01,0.000000000000000000e+00,0.000000000000000000e+00
8.179141953339784266e+01,0.000000000000000000e+00,0.000000000000000000e+00
7.785666344569693820e+01,0.000000000000000000e+00,0.000000000000000000e+00
8.058199528009339474e+01,0.000000000000000000e+00,0.000000000000000000e+00
8.211787013612321573e+01,0.000000000000000000e+00,0.000000000000000000e+00
8.038699763290856026e+01,0.000000000000000000e+00,0.000000000000000000e+00
7.816263948867060662e+01,0.000000000000000000e+00,0.000000000000000000e+00
7.778906977268719913e+01,0.000000000000000000e+00,0.000000000000000000e+00
8.151388397743578196e+01,0.000000000000000000e+00,0.000000000000000000e+00
7.773064073041503264e+01,0.000000000000000000e+00,0.000000000000000000e+00
7.712878646194296550e+01,0.000000000000000000e+00,0.000000000000000000e+00
7.882154135863578404e+01,0.000000000000000000e+00,0.000000000000000000e+00
7.822947173822862510e+01,0.000000000000000000e+00,0.000000000000000000e+00
7.842980740527561068e+01,0.000000000000000000e+00,0.000000000000000000e+00
7.883625844765822421e+01,0.000000000000000000e+00,0.000000000000000000e+00
7.910651645130769793e+01,0.000000000000000000e+00,0.000000000000000000e+00
8.105563319281839085e+01,0.000000000000000000e+00,0.000000000000000000e+00
8.507291061818213507e+01,0.000000000000000000e+00,0.000000000000000000e+00
7.984433595670707007e+01,0.000000000000000000e+00,0.000000000000000000e+00
7.878196952769962991e+01,0.000000000000000000e+00,0.000000000000000000e+00
8.226232012791923864e+01,0.000000000000000000e+00,0.000000000000000000e+00
7.815670609336704899e+01,0.000000000000000000e+00,0.000000000000000000e+00
7.765554201307334381e+01,0.000000000000000000e+00,0.000000000000000000e+00
8.238536083998076265e+01,0.000000000000000000e+00,0.000000000000000000e+00
7.812970394468352708e+01,0.000000000000000000e+00,0.000000000000000000e+00
7.666112870867074491e+01,0.000000000000000000e+00,0.000000000000000000e+00
7.954095710838025468e+01,0.000000000000000000e+00,0.000000000000000000e+00
7.983683329317432253e+01,0.000000000000000000e+00,0.000000000000000000e+00
3.255037470059725280e+01,0.000000000000000000e+00,0.000000000000000000e+00
3.244539768097441623e+01,0.000000000000000000e+00,0.000000000000000000e+00
3.217746797355787436e+01,0.000000000000000000e+00,0.000000000000000000e+00
3.074699731226721156e+01,0.000000000000000000e+00,0.000000000000000000e+00
3.449219633131685470e+01,0.000000000000000000e+00,0.000000000000000000e+00
3.393955699954619831e+01,0.000000000000000000e+00,0.000000000000000000e+00
3.019113187714605218e+01,0.000000000000000000e+00,0.000000000000000000e+00
2.895467022990386141e+01,0.000000000000000000e+00,0.000000000000000000e+00
3.171744879593195066e+01,0.000000000000000000e+00,0.000000000000000000e+00
3.000362498626201457e+01,0.000000000000000000e+00,0.000000000000000000e+00
3.388051969451129253e+01,0.000000000000000000e+00,0.000000000000000000e+00
3.181297532982167198e+01,0.000000000000000000e+00,0.000000000000000000e+00
2.248697379429012599e+01,0.000000000000000000e+00,0.000000000000000000e+00
2.044285991627535637e+01,0.000000000000000000e+00,0.000000000000000000e+00
2.390090098721798029e+01,0.000000000000000000e+00,0.000000000000000000e+00
2.304269356364451582e+01,0.000000000000000000e+00,0.000000000000000000e+00
1.973356053027208290e+01,0.000000000000000000e+00,0.000000000000000000e+00
2.181627399749981677e+01,0.000000000000000000e+00,0.000000000000000000e+00
2.190749164589075093e+01,0.000000000000000000e+00,0.000000000000000000e+00
2.251254133580753702e+01,0.000000000000000000e+00,0.000000000000000000e+00
2.292009613192281492e+01,0.000000000000000000e+00,0.000000000000000000e+00
2.390250132080045020e+01,0.000000000000000000e+00,0.000000000000000000e+00
2.444444043837791725e+01,0.000000000000000000e+00,0.000000000000000000e+00
2.266201693744763901e+01,0.000000000000000000e+00,0.000000000000000000e+00
1.957608525118723719e+01,0.000000000000000000e+00,0.000000000000000000e+00
1.797921748719696922e+01,0.000000000000000000e+00,0.000000000000000000e+00
1.781895517597264700e+01,0.000000000000000000e+00,0.000000000000000000e+00
2.197239517328803160e+01,0.000000000000000000e+00,0.000000000000000000e+00
2.300254122267388723e+01,0.000000000000000000e+00,0.000000000000000000e+00
2.261871679647392241e+01,0.000000000000000000e+00,0.000000000000000000e+00
2.455681172323294703e+01,0.000000000000000000e+00,0.000000000000000000e+00
1.799314796596356203e+01,0.000000000000000000e+00,0.000000000000000000e+00
2.073880461616836612e+01,0.000000000000000000e+00,0.000000000000000000e+00
1.963389744417879612e+01,0.000000000000000000e+00,0.000000000000000000e+00
2.354879015686888266e+01,0.000000000000000000e+00,0.000000000000000000e+00
2.212393663713508474e+01,0.000000000000000000e+00,0.000000000000000000e+00
1.729477612189286262e+01,0.000000000000000000e+00,0.000000000000000000e+00
2.315806536311904651e+01,0.000000000000000000e+00,0.000000000000000000e+00
1.925827248910227851e+01,0.000000000000000000e+00,0.000000000000000000e+00
2.199905060596492135e+01,0.000000000000000000e+00,0.000000000000000000e+00
1.657361360259346839e+01,0.000000000000000000e+00,0.000000000000000000e+00
2.110337565401969329e+01,0.000000000000000000e+00,0.000000000000000000e+00
1.900885102140045291e+01,0.000000000000000000e+00,0.000000000000000000e+00
1.869986474772043294e+01,0.000000000000000000e+00,0.000000000000000000e+00
2.149747036451496029e+01,0.000000000000000000e+00,0.000000000000000000e+00
1.660583622490771205e+01,0.000000000000000000e+00,0.000000000000000000e+00
2.116736646697835766e+01,0.000000000000000000e+00,0.000000000000000000e+00
2.065873251733362537e+01,0.000000000000000000e+00,0.000000000000000000e+00
2.237877632756363511e+01,0.000000000000000000e+00,0.000000000000000000e+00
1.827324464931585624e+01,0.000000000000000000e+00,0.000000000000000000e+00
2.002608286141713378e+01,0.000000000000000000e+00,0.000000000000000000e+00
1.840119699265553521e+01,0.000000000000000000e+00,0.000000000000000000e+00
2.075285760394697832e+01,0.000000000000000000e+00,0.000000000000000000e+00
1.843121070142228390e+01,0.000000000000000000e+00,0.000000000000000000e+00
2.380623805863286080e+01,0.000000000000000000e+00,0.000000000000000000e+00
1.918689161188597581e+01,0.000000000000000000e+00,0.000000000000000000e+00
2.113352381670058477e+01,0.000000000000000000e+00,0.000000000000000000e+00
1.913217509351519041e+01,0.000000000000000000e+00,0.000000000000000000e+00
2.105225636858704874e+01,0.000000000000000000e+00,0.000000000000000000e+00
2.192135529326549204e+01,0.000000000000000000e+00,0.000000000000000000e+00
2.291802383923226927e+01,0.000000000000000000e+00,0.000000000000000000e+00
1.851727880907443691e+01,0.000000000000000000e+00,0.000000000000000000e+00
2.076385555436490549e+01,0.000000000000000000e+00,0.000000000000000000e+00
1.789548200632719599e+01,0.000000000000000000e+00,0.000000000000000000e+00
2.059984823721334735e+01,0.000000000000000000e+00,0.000000000000000000e+00
1.994642071134532912e+01,0.000000000000000000e+00,0.000000000000000000e+00
2.082816115202798812e+01,0.000000000000000000e+00,0.000000000000000000e+00
2.172150380759966382e+01,0.000000000000000000e+00,0.000000000000000000e+00
1.826762084497633154e+01,0.000000000000000000e+00,0.000000000000000000e+00
1.736533111762092574e+01,0.000000000000000000e+00,0.000000000000000000e+00
2.217690265746371381e+01,0.000000000000000000e+00,0.000000000000000000e+00
1.830909616315349098e+01,0.000000000000000000e+00,0.000000000000000000e+00
2.254876542692569785e+01,0.000000000000000000e+00,0.000000000000000000e+00
1.921397700522187790e+01,0.000000000000000000e+00,0.000000000000000000e+00
1.900347162554628611e+01,0.000000000000000000e+00,0.000000000000000000e+00
1.714302590060764331e+01,0.000000000000000000e+00,0.000000000000000000e+00
1.782146324934305426e+01,0.000000000000000000e+00,0.000000000000000000e+00
2.345903441817871737e+01,0.000000000000000000e+00,0.000000000000000000e+00
2.239026325330199541e+01,0.000000000000000000e+00,0.000000000000000000e+00
2.021317434649585465e+01,0.000000000000000000e+00,0.000000000000000000e+00
2.141841747551703179e+01,0.000000000000000000e+00,0.000000000000000000e+00
2.253922240652958209e+01,0.000000000000000000e+00,0.000000000000000000e+00
1.861481115313775447e+01,0.000000000000000000e+00,0.000000000000000000e+00
1.875413177742171555e+01,0.000000000000000000e+00,0.000000000000000000e+00
1.895009997016791914e+01,0.000000000000000000e+00,0.000000000000000000e+00
1.739213701726840355e+01,0.000000000000000000e+00,0.000000000000000000e+00
2.380839006202828045e+01,0.000000000000000000e+00,0.000000000000000000e+00
2.051674515336760152e+01,0.000000000000000000e+00,0.000000000000000000e+00
1.774253578464420755e+01,0.000000000000000000e+00,0.000000000000000000e+00
2.070049375291309701e+01,0.000000000000000000e+00,0.000000000000000000e+00
2.003895925419963575e+01,0.000000000000000000e+00,0.000000000000000000e+00
1.906105558274419920e+01,0.000000000000000000e+00,0.000000000000000000e+00
1.885936666867959488e+01,0.000000000000000000e+00,0.000000000000000000e+00
2.117309561249239280e+01,0.000000000000000000e+00,0.000000000000000000e+00
2.259102157153974133e+01,0.000000000000000000e+00,0.000000000000000000e+00
2.007188183690564642e+01,0.000000000000000000e+00,0.000000000000000000e+00
2.061412868993439318e+01,0.000000000000000000e+00,0.000000000000000000e+00
1.665343248260938935e+01,0.000000000000000000e+00,0.000000000000000000e+00
2.232401994544403934e+01,0.000000000000000000e+00,0.000000000000000000e+00
2.071062397564098134e+01,0.000000000000000000e+00,0.000000000000000000e+00
2.008457700901140797e+01,0.000000000000000000e+00,0.000000000000000000e+00
2.049056824802022092e+01,0.000000000000000000e+00,0.000000000000000000e+00
1.987070891289949515e+01,0.000000000000000000e+00,0.000000000000000000e+00
2.394460487702168550e+01,0.000000000000000000e+00,0.000000000000000000e+00
1.578738520910282617e+01,0.000000000000000000e+00,0.000000000000000000e+00
2.111284990400719153e+01,0.000000000000000000e+00,0.000000000000000000e+00
1.848760239537997663e+01,0.000000000000000000e+00,0.000000000000000000e+00
2.104802611514822530e+01,0.000000000000000000e+00,0.000000000000000000e+00
1.991571859729905469e+01,0.000000000000000000e+00,0.000000000000000000e+00
2.140203809527762502e+01,0.000000000000000000e+00,0.000000000000000000e+00
1.786430222833241643e+01,0.000000000000000000e+00,0.000000000000000000e+00
1.893437350497032057e+01,0.000000000000000000e+00,0.000000000000000000e+00
2.410992281678026927e+01,0.000000000000000000e+00,0.000000000000000000e+00
1.567354020506848755e+01,0.000000000000000000e+00,0.000000000000000000e+00
2.128240784970764921e+01,0.000000000000000000e+00,0.000000000000000000e+00
2.099323982561801216e+01,0.000000000000000000e+00,0.000000000000000000e+00
2.525689230573409461e+01,0.000000000000000000e+00,0.000000000000000000e+00
2.079320690259190485e+01,0.000000000000000000e+00,0.000000000000000000e+00
1.949912331945041899e+01,0.000000000000000000e+00,0.000000000000000000e+00
1.451052407730675675e+01,0.000000000000000000e+00,0.000000000000000000e+00
1.996641075812129174e+01,0.000000000000000000e+00,0.000000000000000000e+00
1.964874758467358618e+01,0.000000000000000000e+00,0.000000000000000000e+00
1.994786699371507055e+01,0.000000000000000000e+00,0.000000000000000000e+00
2.209878221214567873e+01,0.000000000000000000e+00,0.000000000000000000e+00
1.962814677169595612e+01,0.000000000000000000e+00,0.000000000000000000e+00
2.224117341382001456e+01,0.000000000000000000e+00,0.000000000000000000e+00
2.005022998303014603e+01,0.000000000000000000e+00,0.000000000000000000e+00
1.929770723543509092e+01,0.000000000000000000e+00,0.000000000000000000e+00
2.230097590863045909e+01,0.000000000000000000e+00,0.000000000000000000e+00
2.258416870272819921e+01,0.000000000000000000e+00,0.000000000000000000e+00
2.461236670108085889e+01,0.000000000000000000e+00,0.000000000000000000e+00
1.702676771745673889e+01,0.000000000000000000e+00,0.000000000000000000e+00
1.996127576974792461e+01,0.000000000000000000e+00,0.000000000000000000e+00
2.349604292126722527e+01,0.000000000000000000e+00,0.000000000000000000e+00
2.270729172628031733e+01,0.000000000000000000e+00,0.000000000000000000e+00
2.255914945079780765e+01,0.000000000000000000e+00,0.000000000000000000e+00
1.759178327691542165e+01,0.000000000000000000e+00,0.000000000000000000e+00
1.525850605844141583e+01,0.000000000000000000e+00,0.000000000000000000e+00
1.707032263369672265e+01,0.000000000000000000e+00,0.000000000000000000e+00
1.827861193253898264e+01,0.000000000000000000e+00,0.000000000000000000e+00
1.972247036923220520e+01,0.000000000000000000e+00,0.000000000000000000e+00
2.127283350991152844e+01,0.000000000000000000e+00,0.000000000000000000e+00
1.854881599492520294e+01,0.000000000000000000e+00,0.000000000000000000e+00
1.778778659361214665e+01,0.000000000000000000e+00,0.000000000000000000e+00
2.004744815664145463e+01,0.000000000000000000e+00,0.000000000000000000e+00
1.750859479895704141e+01,0.000000000000000000e+00,0.000000000000000000e+00
1.676291936385508663e+01,0.000000000000000000e+00,0.000000000000000000e+00
1.536065136593000169e+01,0.000000000000000000e+00,0.000000000000000000e+00
1.957048748497620494e+01,0.000000000000000000e+00,0.000000000000000000e+00
2.056524125697560379e+01,0.000000000000000000e+00,0.000000000000000000e+00
1.775505727551516699e+01,0.000000000000000000e+00,0.000000000000000000e+00
2.370114123850576959e+01,0.000000000000000000e+00,0.000000000000000000e+00
1.886346601404039447e+01,0.000000000000000000e+00,0.000000000000000000e+00
2.122670936705904765e+01,0.000000000000000000e+00,0.000000000000000000e+00
1.778807601468805544e+01,0.000000000000000000e+00,0.000000000000000000e+00
1.809224324598045897e+01,0.000000000000000000e+00,0.000000000000000000e+00
1.882672563157453638e+01,0.000000000000000000e+00,0.000000000000000000e+00
1.622393543048262643e+01,0.000000000000000000e+00,0.000000000000000000e+00
2.150288736158208280e+01,0.000000000000000000e+00,0.000000000000000000e+00
2.099264333213653089e+01,0.000000000000000000e+00,0.000000000000000000e+00
2.188677449946024467e+01,0.000000000000000000e+00,0.000000000000000000e+00
2.243496965571984347e+01,0.000000000000000000e+00,0.000000000000000000e+00
1.862477996280707160e+01,0.000000000000000000e+00,0.000000000000000000e+00
1.949458998839798340e+01,0.000000000000000000e+00,0.000000000000000000e+00
2.203189269251179638e+01,0.000000000000000000e+00,0.000000000000000000e+00
2.133034512998911936e+01,0.000000000000000000e+00,0.000000000000000000e+00
2.261316709876857445e+01,0.000000000000000000e+00,0.000000000000000000e+00
2.155559981450743123e+01,0.000000000000000000e+00,0.000000000000000000e+00
1.954293453197356811e+01,0.000000000000000000e+00,0.000000000000000000e+00
2.055995753384945957e+01,0.000000000000000000e+00,0.000000000000000000e+00
2.273212228680807456e+01,0.000000000000000000e+00,0.000000000000000000e+00
2.043005438459849188e+01,0.000000000000000000e+00,0.000000000000000000e+00
2.267780781609403107e+01,0.000000000000000000e+00,0.000000000000000000e+00
2.135287646657968352e+01,0.000000000000000000e+00,0.000000000000000000e+00
2.047761023349324461e+01,0.000000000000000000e+00,0.000000000000000000e+00
2.270106401793655948e+01,0.000000000000000000e+00,0.000000000000000000e+00
2.159155994889177066e+01,0.000000000000000000e+00,0.000000000000000000e+00
2.366339800517075531e+01,0.000000000000000000e+00,0.000000000000000000e+00
1.688171628445966022e+01,0.000000000000000000e+00,0.000000000000000000e+00
2.236808353108144232e+01,0.000000000000000000e+00,0.000000000000000000e+00
6.677720340498491680e+01,0.000000000000000000e+00,0.000000000000000000e+00
6.932233793835274582e+01,0.000000000000000000e+00,0.000000000000000000e+00
6.584399321996338017e+01,0.000000000000000000e+00,0.000000000000000000e+00
6.258390392023306958e+01,0.000000000000000000e+00,0.000000000000000000e+00
6.904717380390925996e+01,0.000000000000000000e+00,0.000000000000000000e+00
6.489533924250267205e+01,0.000000000000000000e+00,0.000000000000000000e+00
7.039200054595616507e+01,0.000000000000000000e+00,0.000000000000000000e+00
6.749778109806615589e+01,0.000000000000000000e+00,0.000000000000000000e+00
6.872735103705731774e+01,0.000000000000000000e+00,0.000000000000000000e+00
7.294145126480189845e+01,0.000000000000000000e+00,0.000000000000000000e+00
6.691404734738755167e+01,0.000000000000000000e+00,0.000000000000000000e+00
6.892888891490584058e+01,0.000000000000000000e+00,0.000000000000000000e+00
7.973710242622190947e+01,0.000000000000000000e+00,0.000000000000000000e+00
7.563355866470871547e+01,0.000000000000000000e+00,0.000000000000000000e+00
7.539045789560906030e+01,0.000000000000000000e+00,0.000000000000000000e+00
7.907594007755344023e+01,0.000000000000000000e+00,0.000000000000000000e+00
7.634759759923750266e+01,0.000000000000000000e+00,0.000000000000000000e+00
7.829682322774756642e+01,0.000000000000000000e+00,0.000000000000000000e+00
7.566511462850800740e+01,0.000000000000000000e+00,0.000000000000000000e+00
7.708588879046321551e+01,0.000000000000000000e+00,0.000000000000000000e+00
7.782941020944345212e+01,0.000000000000000000e+00,0.000000000000000000e+00
7.893643956767768088e+01,0.000000000000000000e+00,0.000000000000000000e+00
7.610821442123290126e+01,0.000000000000000000e+00,0.000000000000000000e+00
7.489062816538061895e+01,0.000000000000000000e+00,0.000000000000000000e+00
8.091632096885868464e+01,0.000000000000000000e+00,0.000000000000000000e+00
8.182111509649271852e+01,0.000000000000000000e+00,0.000000000000000000e+00
7.553370575543627297e+01,0.000000000000000000e+00,0.000000000000000000e+00
7.957906532503280062e+01,0.000000000000000000e+00,0.000000000000000000e+00
7.420625329445140039e+01,0.000000000000000000e+00,0.000000000000000000e+00
8.129412636739259312e+01,0.000000000000000000e+00,0.000000000000000000e+00
7.928989567008048311e+01,0.000000000000000000e+00,0.000000000000000000e+00
8.375614700988415962e+01,0.000000000000000000e+00,0.000000000000000000e+00
8.112349569461800058e+01,0.000000000000000000e+00,0.000000000000000000e+00
7.945805726545940217e+01,0.000000000000000000e+00,0.000000000000000000e+00
8.299765758254672221e+01,0.000000000000000000e+00,0.000000000000000000e+00
8.342488407159495978e+01,0.000000000000000000e+00,0.000000000000000000e+00
7.844445921936100774e+01,0.000000000000000000e+00,0.000000000000000000e+00
7.744610839890290777e+01,0.000000000000000000e+00,0.000000000000000000e+00
7.811075030951344900e+01,0.000000000000000000e+00,0.000000000000000000e+00
8.281723078162902141e+01,0.000000000000000000e+00,0.000000000000000000e+00
7.756507424887431057e+01,0.000000000000000000e+00,0.000000000000000000e+00
7.743648975281155344e+01,0.000000000000000000e+00,0.000000000000000000e+00
8.121577264345702929e+01,0.000000000000000000e+00,0.000000000000000000e+00
7.934416642613622628e+01,0.000000000000000000e+00,0.000000000000000000e+00
8.216404868864849220e+01,0.000000000000000000e+00,0.000000000000000000e+00
8.242032608203020061e+01,0.000000000000000000e+00,0.000000000000000000e+00
8.114102438454006005e+01,0.000000000000000000e+00,0.000000000000000000e+00
8.175948177224331914e+01,0.000000000000000000e+00,0.000000000000000000e+00
8.262524733838060342e+01,0.000000000000000000e+00,0.000000000000000000e+00
7.951667945355879397e+01,0.000000000000000000e+00,0.000000000000000000e+00
7.940849736319576380e+01,0.000000000000000000e+00,0.000000000000000000e+00
8.147208862784343353e+01,0.000000000000000000e+00,0.000000000000000000e+00
8.144760387536399548e+01,0.000000000000000000e+00,0.000000000000000000e+00
7.883409047038713879e+01,0.000000000000000000e+00,0.000000000000000000e+00
8.097795813916036423e+01,0.000000000000000000e+00,0.000000000000000000e+00
8.185831284755172987e+01,0.000000000000000000e+00,0.000000000000000000e+00
7.786743159548605320e+01,0.000000000000000000e+00,0.000000000000000000e+00
7.758583112172625817e+01,0.000000000000000000e+00,0.000000000000000000e+00
7.888414862426425600e+01,0.000000000000000000e+00,0.000000000000000000e+00
8.176252972198564350e+01,0.000000000000000000e+00,0.000000000000000000e+00
7.968624784736718425e+01,0.000000000000000000e+00,0.000000000000000000e+00
7.948395609425713815e+01,0.000000000000000000e+00,0.000000000000000000e+00
8.008232554650753343e+01,0.000000000000000000e+00,0.000000000000000000e+00
8.100495852630167803e+01,0.000000000000000000e+00,0.000000000000000000e+00
8.168580260502055523e+01,0.000000000000000000e+00,0.000000000000000000e+00
8.216217625857710516e+01,0.000000000000000000e+00,0.000000000000000000e+00
7.783703990537117079e+01,0.000000000000000000e+00,0.000000000000000000e+00
7.953638554150533935e+01,0.000000000000000000e+00,0.000000000000000000e+00
8.098323809096945070e+01,0.000000000000000000e+00,0.000000000000000000e+00
7.841181692959028737e+01,0.000000000000000000e+00,0.000000000000000000e+00
7.492116782864516722e+01,0.000000000000000000e+00,0.000000000000000000e+00
8.052745135372178709e+01,0.000000000000000000e+00,0.000000000000000000e+00
8.124697930682810920e+01,0.000000000000000000e+00,0.000000000000000000e+00
8.202805428051439662e+01,0.000000000000000000e+00,0.000000000000000000e+00
7.520875328291408835e+01,0.000000000000000000e+00,0.000000000000000000e+00
8.288658962806428576e+01,0.000000000000000000e+00,0.000000000000000000e+00
8.150326719249220275e+01,0.000000000000000000e+00,0.000000000000000000e+00
8.431876944950376185e+01,0.000000000000000000e+00,0.000000000000000000e+00
7.898320457436106778e+01,0.000000000000000000e+00,0.000000000000000000e+00
8.044168448054871590e+01,0.000000000000000000e+00,0.000000000000000000e+00
8.121502624054298280e+01,0.000000000000000000e+00,0.000000000000000000e+00
8.192582279601317907e+01,0.000000000000000000e+00,0.000000000000000000e+00
7.983794749012383818e+01,0.000000000000000000e+00,0.000000000000000000e+00
7.987834890093994034e+01,0.000000000000000000e+00,0.000000000000000000e+00
7.900707703794383008e+01,0.000000000000000000e+00,0.000000000000000000e+00
8.180073468493112898e+01,0.000000000000000000e+00,0.000000000000000000e+00
7.783420897299430408e+01,0.000000000000000000e+00,0.000000000000000000e+00
7.699329029992982498e+01,0.000000000000000000e+00,0.000000000000000000e+00
7.961710526280818101e+01,0.000000000000000000e+00,0.000000000000000000e+00
8.007805494035515892e+01,0.000000000000000000e+00,0.000000000000000000e+00
8.534367128567782856e+01,0.000000000000000000e+00,0.000000000000000000e+00
7.785882384601259787e+01,0.000000000000000000e+00,0.000000000000000000e+00
7.918492312057507831e+01,0.000000000000000000e+00,0.000000000000000000e+00
8.267006508910951368e+01,0.000000000000000000e+00,0.000000000000000000e+00
8.360405108693190357e+01,0.000000000000000000e+00,0.000000000000000000e+00
8.249853237007347673e+01,0.000000000000000000e+00,0.000000000000000000e+00
7.924664416990982829e+01,0.000000000000000000e+00,0.000000000000000000e+00
8.138389626405162858e+01,0.000000000000000000e+00,0.000000000000000000e+00
7.705409372163693149e+01,0.000000000000000000e+00,0.000000000000000000e+00
8.220268756894317619e+01,0.000000000000000000e+00,0.000000000000000000e+00
8.261298499063060774e+01,0.000000000000000000e+00,0.000000000000000000e+00
8.086654526243430041e+01,0.000000000000000000e+00,0.000000000000000000e+00
7.852468653980118063e+01,0.000000000000000000e+00,0.000000000000000000e+00
7.646002380909537521e+01,0.000000000000000000e+00,0.000000000000000000e+00
7.768064449962894003e+01,0.000000000000000000e+00,0.000000000000000000e+00
8.103446053813040351e+01,0.000000000000000000e+00,0.000000000000000000e+00
8.473025331038695640e+01,0.000000000000000000e+00,0.000000000000000000e+00
7.910326673754958904e+01,0.000000000000000000e+00,0.000000000000000000e+00
3.033243443524117566e+01,0.000000000000000000e+00,0.000000000000000000e+00
3.190655211569388783e+01,0.000000000000000000e+00,0.000000000000000000e+00
2.893074252161095217e+01,0.000000000000000000e+00,0.000000000000000000e+00
3.009098165496781263e+01,0.000000000000000000e+00,0.000000000000000000e+00
3.289674577855049620e+01,0.000000000000000000e+00,0.000000000000000000e+00
3.305240848743697768e+01,0.000000000000000000e+00,0.000000000000000000e+00
3.299193521646005678e+01,0.000000000000000000e+00,0.000000000000000000e+00
2.953242693845723466e+01,0.000000000000000000e+00,0.000000000000000000e+00
3.141288856712529309e+01,0.000000000000000000e+00,0.000000000000000000e+00
2.953555633567334482e+01,0.000000000000000000e+00,0.000000000000000000e+00
3.488718771494473714e+01,0.000000000000000000e+00,0.000000000000000000e+00
3.139484366143656047e+01,0.000000000000000000e+00,0.000000000000000000e+00
2.303181802861160321e+01,0.000000000000000000e+00,0.000000000000000000e+00
2.320462879641842946e+01,0.000000000000000000e+00,0.000000000000000000e+00
2.207943974824686606e+01,0.000000000000000000e+00,0.000000000000000000e+00
2.125191925202734922e+01,0.000000000000000000e+00,0.000000000000000000e+00
2.017118561574437408e+01,0.000000000000000000e+00,0.000000000000000000e+00
2.371829198670355510e+01,0.000000000000000000e+00,0.000000000000000000e+00
1.953765127385123179e+01,0.000000000000000000e+00,0.000000000000000000e+00
2.029583259730781464e+01,0.000000000000000000e+00,0.000000000000000000e+00
2.110597079994645853e+01,0.000000000000000000e+00,0.000000000000000000e+00
2.453685808047618622e+01,0.000000000000000000e+00,0.000000000000000000e+00
2.442236242694692194e+01,0.000000000000000000e+00,0.000000000000000000e+00
2.609981207178863372e+01,0.000000000000000000e+00,0.000000000000000000e+00
2.034283091273120192e+01,0.000000000000000000e+00,0.000000000000000000e+00
2.143328595061796094e+01,0.000000000000000000e+00,0.000000000000000000e+00
2.217207636814967486e+01,0.000000000000000000e+00,0.000000000000000000e+00
1.702659124880776886e+01,0.000000000000000000e+00,0.000000000000000000e+00
1.957101706119663831e+01,0.000000000000000000e+00,0.000000000000000000e+00
2.271047974892239907e+01,0.000000000000000000e+00,0.000000000000000000e+00
1.887552344092437551e+01,0.000000000000000000e+00,0.000000000000000000e+00
2.297011239712823283e+01,0.000000000000000000e+00,0.000000000000000000e+00
1.613861888943160849e+01,0.000000000000000000e+00,0.000000000000000000e+00
2.414653358931040117e+01,0.000000000000000000e+00,0.000000000000000000e+00
2.218290076219197715e+01,0.000000000000000000e+00,0.000000000000000000e+00
2.067553074315954831e+01,0.000000000000000000e+00,0.000000000000000000e+00
1.951443831326711376e+01,0.000000000000000000e+00,0.000000000000000000e+00
1.998164430352333554e+01,0.000000000000000000e+00,0.000000000000000000e+00
1.882869487760793703e+01,0.000000000000000000e+00,0.000000000000000000e+00
1.862291524515106644e+01,0.000000000000000000e+00,0.000000000000000000e+00
1.739140611766255518e+01,0.000000000000000000e+00,0.000000000000000000e+00
2.067447231586378820e+01,0.000000000000000000e+00,0.000000000000000000e+00
2.233009995355655164e+01,0.000000000000000000e+00,0.000000000000000000e+00
2.419107387934652564e+01,0.000000000000000000e+00,0.000000000000000000e+00
2.110794325643827207e+01,0.000000000000000000e+00,0.000000000000000000e+00
2.191920325944241199e+01,0.000000000000000000e+00,0.000000000000000000e+00
2.393112872900267263e+01,0.000000000000000000e+00,0.000000000000000000e+00
1.949200942107407641e+01,0.000000000000000000e+00,0.000000000000000000e+00
2.003047632765214559e+01,0.000000000000000000e+00,0.000000000000000000e+00
2.065784461171736552e+01,0.000000000000000000e+00,0.000000000000000000e+00
2.145598287514869540e+01,0.000000000000000000e+00,0.000000000000000000e+00
2.371650360879700514e+01,0.000000000000000000e+00,0.000000000000000000e+00
2.274192817025086910e+01,0.000000000000000000e+00,0.000000000000000000e+00
1.894630592762112187e+01,0.000000000000000000e+00,0.000000000000000000e+00
2.067468757598102158e+01,0.000000000000000000e+00,0.000000000000000000e+00
2.203052305764459362e+01,0.000000000000000000e+00,0.000000000000000000e+00
2.206422166053546619e+01,0.000000000000000000e+00,0.000000000000000000e+00
2.003750696052876989e+01,0.000000000000000000e+00,0.000000000000000000e+00
1.874781084973312772e+01,0.000000000000000000e+00,0.000000000000000000e+00
1.986834097379034247e+01,0.000000000000000000e+00,0.000000000000000000e+00
2.035601435718494656e+01,0.000000000000000000e+00,0.000000000000000000e+00
1.844990814066469298e+01,0.000000000000000000e+00,0.000000000000000000e+00
1.819997882359061592e+01,0.000000000000000000e+00,0.000000000000000000e+00
1.898638522363516401e+01,0.000000000000000000e+00,0.000000000000000000e+00
2.333298829489066506e+01,0.000000000000000000e+00,0.000000000000000000e+00
2.274185818725810648e+01,0.000000000000000000e+00,0.000000000000000000e+00
1.551976579817970503e+01,0.000000000000000000e+00,0.000000000000000000e+00
1.817454036846671173e+01,0.000000000000000000e+00,0.000000000000000000e+00
1.918482209161838981e+01,0.000000000000000000e+00,0.000000000000000000e+00
2.004112482505196269e+01,0.000000000000000000e+00,0.000000000000000000e+00
1.825567922996165038e+01,0.000000000000000000e+00,0.000000000000000000e+00
1.873687923990077309e+01,0.000000000000000000e+00,0.000000000000000000e+00
2.049172823583110059e+01,0.000000000000000000e+00,0.000000000000000000e+00
2.261378479564701038e+01,0.000000000000000000e+00,0.000000000000000000e+00
2.159905927318617103e+01,0.000000000000000000e+00,0.000000000000000000e+00
1.932224048657496596e+01,0.000000000000000000e+00,0.000000000000000000e+00
1.814819448164949733e+01,0.000000000000000000e+00,0.000000000000000000e+00
1.824186728878616393e+01,0.000000000000000000e+00,0.000000000000000000e+00
1.881326660024136643e+01,0.000000000000000000e+00,0.000000000000000000e+00
2.241918374236560396e+01,0.000000000000000000e+00,0.000000000000000000e+00
1.881165251790675796e+01,0.000000000000000000e+00,0.000000000000000000e+00
2.029167206317798033e+01,0.000000000000000000e+00,0.000000000000000000e+00
1.723510841740435140e+01,0.000000000000000000e+00,0.000000000000000000e+00
2.004168699776845131e+01,0.000000000000000000e+00,0.000000000000000000e+00
2.092389355187654942e+01,0.000000000000000000e+00,0.000000000000000000e+00
2.042169975370237367e+01,0.000000000000000000e+00,0.000000000000000000e+00
2.085247457371992752e+01,0.000000000000000000e+00,0.000000000000000000e+00
2.019553821567440011e+01,0.000000000000000000e+00,0.000000000000000000e+00
2.030471105585695568e+01,0.000000000000000000e+00,0.000000000000000000e+00
1.766181263170657445e+01,0.000000000000000000e+00,0.000000000000000000e+00
2.050952299180812943e+01,0.000000000000000000e+00,0.000000000000000000e+00
1.957965672695882375e+01,0.000000000000000000e+00,0.000000000000000000e+00
2.223980447794324178e+01,0.000000000000000000e+00,0.000000000000000000e+00
1.720458500882874375e+01,0.000000000000000000e+00,0.000000000000000000e+00
2.037146534152487476e+01,0.000000000000000000e+00,0.000000000000000000e+00
1.727471646990631982e+01,0.000000000000000000e+00,0.000000000000000000e+00
1.920340644156001630e+01,0.000000000000000000e+00,0.000000000000000000e+00
1.771392263442493942e+01,0.000000000000000000e+00,0.000000000000000000e+00
1.788848050169560011e+01,0.000000000000000000e+00,0.000000000000000000e+00
1.909425066040569519e+01,0.000000000000000000e+00,0.000000000000000000e+00
1.969660234227880835e+01,0.000000000000000000e+00,0.000000000000000000e+00
2.214518835028021115e+01,0.000000000000000000e+00,0.000000000000000000e+00
2.231070904628569807e+01,0.000000000000000000e+00,0.000000000000000000e+00
2.055660055586638180e+01,0.000000000000000000e+00,0.000000000000000000e+00
2.473914147504258310e+01,0.000000000000000000e+00,0.000000000000000000e+00
1.739175090386666156e+01,0.000000000000000000e+00,0.000000000000000000e+00
1.637579113779191786e+01,0.000000000000000000e+00,0.000000000000000000e+00
1.922149482770625539e+01,0.000000000000000000e+00,0.000000000000000000e+00
1.435293000685223319e+01,0.000000000000000000e+00,0.000000000000000000e+00
1.920574859652014865e+01,0.000000000000000000e+00,0.000000000000000000e+00
2.142350843749576939e+01,0.000000000000000000e+00,0.000000000000000000e+00
2.033784753462989769e+01,0.000000000000000000e+00,0.000000000000000000e+00
2.344663178067210652e+01,0.000000000000000000e+00,0.000000000000000000e+00
1.980476222027485278e+01,0.000000000000000000e+00,0.000000000000000000e+00
2.247407551884920096e+01,0.000000000000000000e+00,0.000000000000000000e+00
2.042702200670772683e+01,0.000000000000000000e+00,0.000000000000000000e+00
1.727075489506845329e+01,0.000000000000000000e+00,0.000000000000000000e+00
1.957827700634090107e+01,0.000000000000000000e+00,0.000000000000000000e+00
1.864607665133122438e+01,0.000000000000000000e+00,0.000000000000000000e+00
1.963968348199673031e+01,0.000000000000000000e+00,0.000000000000000000e+00
1.915253031578286880e+01,0.000000000000000000e+00,0.000000000000000000e+00
1.868685156414226611e+01,0.000000000000000000e+00,0.000000000000000000e+00
2.158043088361283779e+01,0.000000000000000000e+00,0.000000000000000000e+00
2.111095828465969504e+01,0.000000000000000000e+00,0.000000000000000000e+00
1.958955332241147218e+01,0.000000000000000000e+00,0.000000000000000000e+00
1.914854850094895511e+01,0.000000000000000000e+00,0.000000000000000000e+00
2.235869532988099451e+01,0.000000000000000000e+00,0.000000000000000000e+00
1.975991327053789348e+01,0.000000000000000000e+00,0.000000000000000000e+00
2.029784695176366327e+01,0.000000000000000000e+00,0.000000000000000000e+00
2.334486297037832969e+01,0.000000000000000000e+00,0.000000000000000000e+00
2.279169194421259448e+01,0.000000000000000000e+00,0.000000000000000000e+00
2.200975605252623168e+01,0.000000000000000000e+00,0.000000000000000000e+00
1.938270786733179563e+01,0.000000000000000000e+00,0.000000000000000000e+00
1.941961188631384516e+01,0.000000000000000000e+00,0.000000000000000000e+00
1.932810864376888915e+01,0.000000000000000000e+00,0.000000000000000000e+00
1.898545942802626030e+01,0.000000000000000000e+00,0.000000000000000000e+00
1.946392240433895182e+01,0.000000000000000000e+00,0.000000000000000000e+00
2.088813897307742096e+01,0.000000000000000000e+00,0.000000000000000000e+00
1.966085796149696208e+01,0.000000000000000000e+00,0.000000000000000000e+00
2.003994331209984026e+01,0.000000000000000000e+00,0.000000000000000000e+00
1.905725824080400344e+01,0.000000000000000000e+00,0.000000000000000000e+00
1.930157313988281587e+01,0.000000000000000000e+00,0.000000000000000000e+00
2.203238204272949474e+01,0.000000000000000000e+00,0.000000000000000000e+00
2.017626749650144546e+01,0.000000000000000000e+00,0.000000000000000000e+00
1.752820240590135725e+01,0.000000000000000000e+00,0.000000000000000000e+00
1.957937737235045006e+01,0.000000000000000000e+00,0.000000000000000000e+00
1.877836165841259586e+01,0.000000000000000000e+00,0.000000000000000000e+00
2.007025191603273484e+01,0.000000000000000000e+00,0.000000000000000000e+00
1.710382725063255194e+01,0.000000000000000000e+00,0.000000000000000000e+00
2.301128654618406344e+01,0.000000000000000000e+00,0.000000000000000000e+00
2.195211797006163224e+01,0.000000000000000000e+00,0.000000000000000000e+00
2.105083116451924852e+01,0.000000000000000000e+00,0.000000000000000000e+00
2.098311893905504277e+01,0.000000000000000000e+00,0.000000000000000000e+00
1.890941513030352539e+01,0.000000000000000000e+00,0.000000000000000000e+00
1.812745391175886311e+01,0.000000000000000000e+00,0.000000000000000000e+00
1.805441257698285895e+01,0.000000000000000000e+00,0.000000000000000000e+00
1.987789604726986425e+01,0.000000000000000000e+00,0.000000000000000000e+00
2.120844143801399895e+01,0.000000000000000000e+00,0.000000000000000000e+00
2.005475474881731657e+01,0.000000000000000000e+00,0.000000000000000000e+00
1.977552183849473266e+01,0.000000000000000000e+00,0.000000000000000000e+00
1.841764171032230735e+01,0.000000000000000000e+00,0.000000000000000000e+00
1.791596963932080300e+01,0.000000000000000000e+00,0.000000000000000000e+00
1.721387698152172874e+01,0.000000000000000000e+00,0.000000000000000000e+00
1.911353503876943094e+01,0.000000000000000000e+00,0.000000000000000000e+00
1.960347223114237991e+01,0.000000000000000000e+00,0.000000000000000000e+00
1.977068442982171348e+01,0.000000000000000000e+00,0.000000000000000000e+00
1.893929869201674521e+01,0.000000000000000000e+00,0.000000000000000000e+00
2.036078479269837516e+01,0.000000000000000000e+00,0.000000000000000000e+00
2.040989387427193691e+01,0.000000000000000000e+00,0.000000000000000000e+00
2.111082630522215098e+01,0.000000000000000000e+00,0.000000000000000000e+00
1.957925749542523874e+01,0.000000000000000000e+00,0.000000000000000000e+00
2.067959380196656127e+01,0.000000000000000000e+00,0.000000000000000000e+00
2.030288773508185685e+01,0.000000000000000000e+00,0.000000000000000000e+00
1.699081386791486636e+01,0.000000000000000000e+00,0.000000000000000000e+00
1.993254646172127664e+01,0.000000000000000000e+00,0.000000000000000000e+00
2.261804509591133439e+01,0.000000000000000000e+00,0.000000000000000000e+00
2.332713188792523695e+01,0.000000000000000000e+00,0.000000000000000000e+00
1.665266740915171084e+01,0.000000000000000000e+00,0.000000000000000000e+00
1.940026778834512555e+01,0.000000000000000000e+00,0.000000000000000000e+00
2.170710415408669647e+01,0.000000000000000000e+00,0.000000000000000000e+00
6.552734109848395860e+01,0.000000000000000000e+00,0.000000000000000000e+00
6.924782224512159701e+01,0.000000000000000000e+00,0.000000000000000000e+00
7.036691352809933164e+01,0.000000000000000000e+00,0.000000000000000000e+00
7.039255497258965022e+01,0.000000000000000000e+00,0.000000000000000000e+00
6.947845046468462726e+01,0.000000000000000000e+00,0.000000000000000000e+00
6.715541754237865746e+01,0.000000000000000000e+00,0.000000000000000000e+00
7.003834390654429853e+01,0.000000000000000000e+00,0.000000000000000000e+00
6.577322212970996418e+01,0.000000000000000000e+00,0.000000000000000000e+00
6.914382590552980901e+01,0.000000000000000000e+00,0.000000000000000000e+00
7.002600146033397266e+01,0.000000000000000000e+00,0.000000000000000000e+00
6.626864566491708786e+01,0.000000000000000000e+00,0.000000000000000000e+00
6.723293804460972467e+01,0.000000000000000000e+00,0.000000000000000000e+00
7.727949113844853457e+01,0.000000000000000000e+00,0.000000000000000000e+00
8.122121908956297887e+01,0.000000000000000000e+00,0.000000000000000000e+00
7.926051524443448670e+01,0.000000000000000000e+00,0.000000000000000000e+00
7.722356897959106448e+01,0.000000000000000000e+00,0.000000000000000000e+00
7.961630730302984205e+01,0.000000000000000000e+00,0.000000000000000000e+00
7.754389432682556560e+01,0.000000000000000000e+00,0.000000000000000000e+00
7.633847929988596093e+01,0.000000000000000000e+00,0.000000000000000000e+00
7.398814697487235037e+01,0.000000000000000000e+00,0.000000000000000000e+00
7.425679417431845764e+01,0.000000000000000000e+00,0.000000000000000000e+00
7.766222186546563933e+01,0.000000000000000000e+00,0.000000000000000000e+00
8.131337954705135473e+01,0.000000000000000000e+00,0.000000000000000000e+00
7.548885920873446764e+01,0.000000000000000000e+00,0.000000000000000000e+00
7.902474035341879244e+01,0.000000000000000000e+00,0.000000000000000000e+00
7.750361233749488576e+01,0.000000000000000000e+00,0.000000000000000000e+00
7.804409086125895101e+01,0.000000000000000000e+00,0.000000000000000000e+00
7.841477153466901484e+01,0.000000000000000000e+00,0.000000000000000000e+00
7.653194575559059842e+01,0.000000000000000000e+00,0.000000000000000000e+00
7.807825477884233578e+01,0.000000000000000000e+00,0.000000000000000000e+00
7.647845575197466417e+01,0.000000000000000000e+00,0.000000000000000000e+00
7.673879289772989409e+01,0.000000000000000000e+00,0.000000000000000000e+00
7.852412435798520107e+01,0.000000000000000000e+00,0.000000000000000000e+00
8.255530520290730578e+01,0.000000000000000000e+00,0.000000000000000000e+00
7.722514187167836042e+01,0.000000000000000000e+00,0.000000000000000000e+00
7.996811286041783262e+01,0.000000000000000000e+00,0.000000000000000000e+00
7.715197030052155469e+01,0.000000000000000000e+00,0.000000000000000000e+00
8.149508926916260521e+01,0.000000000000000000e+00,0.000000000000000000e+00
7.803831439103380774e+01,0.000000000000000000e+00,0.000000000000000000e+00
7.508251317838400496e+01,0.000000000000000000e+00,0.000000000000000000e+00
8.109598198286747106e+01,0.000000000000000000e+00,0.000000000000000000e+00
7.700170842817770733e+01,0.000000000000000000e+00,0.000000000000000000e+00
7.911236904999645958e+01,0.000000000000000000e+00,0.000000000000000000e+00
7.994941017988655574e+01,0.000000000000000000e+00,0.000000000000000000e+00
8.068378780173379994e+01,0.000000000000000000e+00,0.000000000000000000e+00
8.441322711437692305e+01,0.000000000000000000e+00,0.000000000000000000e+00
7.952203142059887853e+01,0.000000000000000000e+00,0.000000000000000000e+00
8.055661348916650866e+01,0.000000000000000000e+00,0.000000000000000000e+00
7.675341600897880312e+01,0.000000000000000000e+00,0.000000000000000000e+00
8.215761424583971007e+01,0.000000000000000000e+00,0.000000000000000000e+00
8.238098174868717649e+01,0.000000000000000000e+00,0.000000000000000000e+00
7.837245752238274576e+01,0.000000000000000000e+00,0.000000000000000000e+00
8.162269695655554358e+01,0.000000000000000000e+00,0.000000000000000000e+00
7.931925163470472739e+01,0.000000000000000000e+00,0.000000000000000000e+00
7.693297034992259853e+01,0.000000000000000000e+00,0.000000000000000000e+00
7.991165589883668474e+01,0.000000000000000000e+00,0.000000000000000000e+00
8.284315126407727803e+01,0.000000000000000000e+00,0.000000000000000000e+00
8.124057620399781854e+01,0.000000000000000000e+00,0.000000000000000000e+00
7.745686222999462700e+01,0.000000000000000000e+00,0.000000000000000000e+00
7.961147103680650616e+01,0.000000000000000000e+00,0.000000000000000000e+00
8.138388281968347826e+01,0.000000000000000000e+00,0.000000000000000000e+00
7.838242853043426805e+01,0.000000000000000000e+00,0.000000000000000000e+00
7.857450235111424774e+01,0.000000000000000000e+00,0.000000000000000000e+00
7.999184373269636694e+01,0.000000000000000000e+00,0.000000000000000000e+00
8.152255413405255524e+01,0.000000000000000000e+00,0.000000000000000000e+00
7.555571361560507171e+01,0.000000000000000000e+00,0.000000000000000000e+00
7.788920992021483869e+01,0.000000000000000000e+00,0.000000000000000000e+00
8.368630680992168891e+01,0.000000000000000000e+00,0.000000000000000000e+00
8.327363738573059493e+01,0.000000000000000000e+00,0.000000000000000000e+00
8.491495547721092407e+01,0.000000000000000000e+00,0.000000000000000000e+00
8.270444669931457327e+01,0.000000000000000000e+00,0.000000000000000000e+00
8.072189851440370489e+01,0.000000000000000000e+00,0.000000000000000000e+00
7.676268785613504519e+01,0.000000000000000000e+00,0.000000000000000000e+00
8.003308203575282676e+01,0.000000000000000000e+00,0.000000000000000000e+00
7.984274092896291108e+01,0.000000000000000000e+00,0.000000000000000000e+00
7.829391515079836950e+01,0.000000000000000000e+00,0.000000000000000000e+00
7.769528266063497313e+01,0.000000000000000000e+00,0.000000000000000000e+00
8.182552591088493443e+01,0.000000000000000000e+00,0.000000000000000000e+00
7.784775368732502443e+01,0.000000000000000000e+00,0.000000000000000000e+00
8.150699029486040104e+01,0.000000000000000000e+00,0.000000000000000000e+00
8.309850171000530850e+01,0.000000000000000000e+00,0.000000000000000000e+00
8.018779966184983721e+01,0.000000000000000000e+00,0.000000000000000000e+00
7.666225703499304700e+01,0.000000000000000000e+00,0.000000000000000000e+00
7.816751965280526804e+01,0.000000000000000000e+00,0.000000000000000000e+00
7.876575002279456328e+01,0.000000000000000000e+00,0.000000000000000000e+00
8.140136208190266132e+01,0.000000000000000000e+00,0.000000000000000000e+00
7.627464452220478108e+01,0.000000000000000000e+00,0.000000000000000000e+00
8.069079249566924261e+01,0.000000000000000000e+00,0.000000000000000000e+00
8.235428393198591834e+01,0.000000000000000000e+00,0.000000000000000000e+00
8.290256964151717511e+01,0.000000000000000000e+00,0.000000000000000000e+00
8.118108807360977153e+01,0.000000000000000000e+00,0.000000000000000000e+00
8.219023555674652926e+01,0.000000000000000000e+00,0.000000000000000000e+00
7.446730296545145222e+01,0.000000000000000000e+00,0.000000000000000000e+00
7.668360037582685607e+01,0.000000000000000000e+00,0.000000000000000000e+00
8.094815018185090594e+01,0.000000000000000000e+00,0.000000000000000000e+00
8.082197908882616844e+01,0.000000000000000000e+00,0.000000000000000000e+00
8.062665466198038189e+01,0.000000000000000000e+00,0.000000000000000000e+00
7.980644245600933573e+01,0.000000000000000000e+00,0.000000000000000000e+00
7.646904224095122515e+01,0.000000000000000000e+00,0.000000000000000000e+00
7.854305417464912864e+01,0.000000000000000000e+00,0.000000000000000000e+00
7.988546598281183719e+01,0.000000000000000000e+00,0.000000000000000000e+00
8.354453102345198090e+01,0.000000000000000000e+00,0.000000000000000000e+00
7.868990026473400690e+01,0.000000000000000000e+00,0.000000000000000000e+00
8.124502082176084627e+01,0.000000000000000000e+00,0.000000000000000000e+00
8.077591519548008137e+01,0.000000000000000000e+00,0.000000000000000000e+00
7.864483443700609655e+01,0.000000000000000000e+00,0.000000000000000000e+00
8.074973709173906400e+01,0.000000000000000000e+00,0.000000000000000000e+00
8.331878237829981515e+01,0.000000000000000000e+00,0.000000000000000000e+00
3.170284089399599026e+01,0.000000000000000000e+00,0.000000000000000000e+00
3.547620066687382234e+01,0.000000000000000000e+00,0.000000000000000000e+00
3.501807345409045524e+01,0.000000000000000000e+00,0.000000000000000000e+00
3.027249593339502454e+01,0.000000000000000000e+00,0.000000000000000000e+00
3.483016414303791208e+01,0.000000000000000000e+00,0.000000000000000000e+00
3.206515381327670156e+01,0.000000000000000000e+00,0.000000000000000000e+00
3.119762047212055478e+01,0.000000000000000000e+00,0.000000000000000000e+00
3.509950530081913200e+01,0.000000000000000000e+00,0.000000000000000000e+00
3.206713991832924648e+01,0.000000000000000000e+00,0.000000000000000000e+00
3.110527311587796007e+01,0.000000000000000000e+00,0.000000000000000000e+00
3.165658427677061582e+01,0.000000000000000000e+00,0.000000000000000000e+00
3.149065690872713930e+01,0.000000000000000000e+00,0.000000000000000000e+00
2.264888849248897529e+01,0.000000000000000000e+00,0.000000000000000000e+00
2.162589423309740511e+01,0.000000000000000000e+00,0.000000000000000000e+00
2.033887415024064893e+01,0.000000000000000000e+00,0.000000000000000000e+00
2.160675529638842818e+01,0.000000000000000000e+00,0.000000000000000000e+00
2.367777674470405813e+01,0.000000000000000000e+00,0.000000000000000000e+00
2.289183793625618080e+01,0.000000000000000000e+00,0.000000000000000000e+00
2.323054002726756906e+01,0.000000000000000000e+00,0.000000000000000000e+00
2.161175203418110513e+01,0.000000000000000000e+00,0.000000000000000000e+00
2.560523232393006410e+01,0.000000000000000000e+00,0.000000000000000000e+00
2.405549084900622958e+01,0.000000000000000000e+00,0.000000000000000000e+00
1.984463493106497722e+01,0.000000000000000000e+00,0.000000000000000000e+00
1.684643900451431620e+01,0.000000000000000000e+00,0.000000000000000000e+00
1.871793770389790268e+01,0.000000000000000000e+00,0.000000000000000000e+00
1.908822167716839502e+01,0.000000000000000000e+00,0.000000000000000000e+00
2.039659735652323036e+01,0.000000000000000000e+00,0.000000000000000000e+00
1.725892360212829146e+01,0.000000000000000000e+00,0.000000000000000000e+00
2.375747888477014413e+01,0.000000000000000000e+00,0.000000000000000000e+00
1.983580329322333569e+01,0.000000000000000000e+00,0.000000000000000000e+00
2.563778667357100716e+01,0.000000000000000000e+00,0.000000000000000000e+00
2.044250984924605063e+01,0.000000000000000000e+00,0.000000000000000000e+00
1.871468854341206267e+01,0.000000000000000000e+00,0.000000000000000000e+00
1.708290112221494184e+01,0.000000000000000000e+00,0.000000000000000000e+00
1.733380946084518115e+01,0.000000000000000000e+00,0.000000000000000000e+00
2.166459888142507850e+01,0.000000000000000000e+00,0.000000000000000000e+00
1.921054716828250974e+01,0.000000000000000000e+00,0.000000000000000000e+00
1.571993879010876327e+01,0.000000000000000000e+00,0.000000000000000000e+00
1.928080687391426906e+01,0.000000000000000000e+00,0.000000000000000000e+00
1.523546242136845663e+01,0.000000000000000000e+00,0.000000000000000000e+00
1.942201378666267075e+01,0.000000000000000000e+00,0.000000000000000000e+00
1.832729246170158888e+01,0.000000000000000000e+00,0.000000000000000000e+00
2.003102739735032145e+01,0.000000000000000000e+00,0.000000000000000000e+00
2.316745698612273330e+01,0.000000000000000000e+00,0.000000000000000000e+00
1.752565672525014762e+01,0.000000000000000000e+00,0.000000000000000000e+00
1.956861368526528011e+01,0.000000000000000000e+00,0.000000000000000000e+00
1.868187838515511956e+01,0.000000000000000000e+00,0.000000000000000000e+00
1.844248122333175033e+01,0.000000000000000000e+00,0.000000000000000000e+00
1.690811782474910885e+01,0.000000000000000000e+00,0.000000000000000000e+00
2.554189866031398992e+01,0.000000000000000000e+00,0.000000000000000000e+00
1.900243150670604919e+01,0.000000000000000000e+00,0.000000000000000000e+00
1.922100362647648097e+01,0.000000000000000000e+00,0.000000000000000000e+00
1.804046826555994087e+01,0.000000000000000000e+00,0.000000000000000000e+00
1.990601218013372531e+01,0.000000000000000000e+00,0.000000000000000000e+00
1.935741425028462714e+01,0.000000000000000000e+00,0.000000000000000000e+00
2.095065583077310833e+01,0.000000000000000000e+00,0.000000000000000000e+00
1.775696960311880801e+01,0.000000000000000000e+00,0.000000000000000000e+00
2.314969112570977572e+01,0.000000000000000000e+00,0.000000000000000000e+00
1.492887443987119056e+01,0.000000000000000000e+00,0.000000000000000000e+00
1.858762657899741200e+01,0.000000000000000000e+00,0.000000000000000000e+00
2.183342447979790890e+01,0.000000000000000000e+00,0.000000000000000000e+00
1.711056411789340004e+01,0.000000000000000000e+00,0.000000000000000000e+00
1.601803993040239504e+01,0.000000000000000000e+00,0.000000000000000000e+00
1.941547577949781456e+01,0.000000000000000000e+00,0.000000000000000000e+00
1.909996424291684747e+01,0.000000000000000000e+00,0.000000000000000000e+00
2.393432615813154030e+01,0.000000000000000000e+00,0.000000000000000000e+00
2.157383678289861351e+01,0.000000000000000000e+00,0.000000000000000000e+00
2.211899022748325905e+01,0.000000000000000000e+00,0.000000000000000000e+00
2.088218768385659274e+01,0.000000000000000000e+00,0.000000000000000000e+00
2.243540802861060968e+01,0.000000000000000000e+00,0.000000000000000000e+00
1.781531557441729419e+01,0.000000000000000000e+00,0.000000000000000000e+00
1.725922780063563877e+01,0.000000000000000000e+00,0.000000000000000000e+00
1.956943379146619932e+01,0.000000000000000000e+00,0.000000000000000000e+00
2.028024906652563786e+01,0.000000000000000000e+00,0.000000000000000000e+00
1.934217416550331237e+01,0.000000000000000000e+00,0.000000000000000000e+00
1.780337890415465196e+01,0.000000000000000000e+00,0.000000000000000000e+00
2.316063662972599602e+01,0.000000000000000000e+00,0.000000000000000000e+00
1.606234724228166044e+01,0.000000000000000000e+00,0.000000000000000000e+00
1.980189102971694837e+01,0.000000000000000000e+00,0.000000000000000000e+00
1.969489309141967581e+01,0.000000000000000000e+00,0.000000000000000000e+00
1.833549287995203869e+01,0.000000000000000000e+00,0.000000000000000000e+00
2.229215540665652284e+01,0.000000000000000000e+00,0.000000000000000000e+00
2.117541549748679586e+01,0.000000000000000000e+00,0.000000000000000000e+00
1.738026453116629355e+01,0.000000000000000000e+00,0.000000000000000000e+00
2.003946856287765499e+01,0.000000000000000000e+00,0.000000000000000000e+00
2.238567917077710234e+01,0.000000000000000000e+00,0.000000000000000000e+00
2.052316153488701289e+01,0.000000000000000000e+00,0.000000000000000000e+00
2.162920448979305021e+01,0.000000000000000000e+00,0.000000000000000000e+00
2.244981762288115590e+01,0.000000000000000000e+00,0.000000000000000000e+00
2.553911810419378980e+01,0.000000000000000000e+00,0.000000000000000000e+00
2.327596083556635875e+01,0.000000000000000000e+00,0.000000000000000000e+00
1.947740489878643189e+01,0.000000000000000000e+00,0.000000000000000000e+00
1.634393357556849224e+01,0.000000000000000000e+00,0.000000000000000000e+00
2.099385943080228145e+01,0.000000000000000000e+00,0.000000000000000000e+00
2.185281962643831122e+01,0.000000000000000000e+00,0.000000000000000000e+00
2.054681853042316320e+01,0.000000000000000000e+00,0.000000000000000000e+00
1.655522636258541169e+01,0.000000000000000000e+00,0.000000000000000000e+00
1.718773370198064043e+01,0.000000000000000000e+00,0.000000000000000000e+00
2.074660565423652159e+01,0.000000000000000000e+00,0.000000000000000000e+00
1.826140141673253936e+01,0.000000000000000000e+00,0.000000000000000000e+00
1.692185439306804540e+01,0.000000000000000000e+00,0.000000000000000000e+00
2.092378550909646151e+01,0.000000000000000000e+00,0.000000000000000000e+00
2.119776182403947118e+01,0.000000000000000000e+00,0.000000000000000000e+00
2.019767328140125429e+01,0.000000000000000000e+00,0.000000000000000000e+00
2.013451474897900795e+01,0.000000000000000000e+00,0.000000000000000000e+00
2.020137443443780256e+01,0.000000000000000000e+00,0.000000000000000000e+00
1.899140177923699468e+01,0.000000000000000000e+00,0.000000000000000000e+00
1.906533538403431294e+01,0.000000000000000000e+00,0.000000000000000000e+00
1.880019019875116015e+01,0.000000000000000000e+00,0.000000000000000000e+00
1.942209284585608131e+01,0.000000000000000000e+00,0.000000000000000000e+00
2.039972106877040758e+01,0.000000000000000000e+00,0.000000000000000000e+00
2.255232954493873976e+01,0.000000000000000000e+00,0.000000000000000000e+00
2.034522285185994406e+01,0.000000000000000000e+00,0.000000000000000000e+00
1.821489908885473241e+01,0.000000000000000000e+00,0.000000000000000000e+00
1.429263123757245779e+01,0.000000000000000000e+00,0.000000000000000000e+00
2.067502238660950908e+01,0.000000000000000000e+00,0.000000000000000000e+00
2.011421731390671397e+01,0.000000000000000000e+00,0.000000000000000000e+00
1.937768123850700874e+01,0.000000000000000000e+00,0.000000000000000000e+00
2.186991634701278997e+01,0.000000000000000000e+00,0.000000000000000000e+00
1.802897410122354671e+01,0.000000000000000000e+00,0.000000000000000000e+00
1.841657220948984275e+01,0.000000000000000000e+00,0.000000000000000000e+00
2.102680759116941189e+01,0.000000000000000000e+00,0.000000000000000000e+00
2.074843198659899812e+01,0.000000000000000000e+00,0.000000000000000000e+00
1.693617709590633780e+01,0.000000000000000000e+00,0.000000000000000000e+00
1.598492670085495604e+01,0.000000000000000000e+00,0.000000000000000000e+00
2.144068240068525455e+01,0.000000000000000000e+00,0.000000000000000000e+00
1.944614072644047198e+01,0.000000000000000000e+00,0.000000000000000000e+00
1.977259265672454092e+01,0.000000000000000000e+00,0.000000000000000000e+00
1.603072862938850918e+01,0.000000000000000000e+00,0.000000000000000000e+00
1.852979695065864263e+01,0.000000000000000000e+00,0.000000000000000000e+00
1.989034268603113986e+01,0.000000000000000000e+00,0.000000000000000000e+00
2.203034995448512490e+01,0.000000000000000000e+00,0.000000000000000000e+00
2.095816957852605356e+01,0.000000000000000000e+00,0.000000000000000000e+00
1.902023873658598063e+01,0.000000000000000000e+00,0.000000000000000000e+00
1.969987879497449867e+01,0.000000000000000000e+00,0.000000000000000000e+00
2.028510682225374850e+01,0.000000000000000000e+00,0.000000000000000000e+00
1.776508153448998328e+01,0.000000000000000000e+00,0.000000000000000000e+00
2.018555649656805073e+01,0.000000000000000000e+00,0.000000000000000000e+00
1.824618582009345502e+01,0.000000000000000000e+00,0.000000000000000000e+00
1.848333327029105888e+01,0.000000000000000000e+00,0.000000000000000000e+00
1.933911574204607930e+01,0.000000000000000000e+00,0.000000000000000000e+00
1.949235662479247111e+01,0.000000000000000000e+00,0.000000000000000000e+00
2.004217200737421223e+01,0.000000000000000000e+00,0.000000000000000000e+00
1.749440817797772496e+01,0.000000000000000000e+00,0.000000000000000000e+00
2.026069723493916186e+01,0.000000000000000000e+00,0.000000000000000000e+00
2.270090991448213202e+01,0.000000000000000000e+00,0.000000000000000000e+00
1.877645332725865401e+01,0.000000000000000000e+00,0.000000000000000000e+00
1.969740936051723779e+01,0.000000000000000000e+00,0.000000000000000000e+00
2.549608007211392291e+01,0.000000000000000000e+00,0.000000000000000000e+00
1.993424132178401820e+01,0.000000000000000000e+00,0.000000000000000000e+00
1.980711315142727713e+01,0.000000000000000000e+00,0.000000000000000000e+00
2.013149503999430578e+01,0.000000000000000000e+00,0.000000000000000000e+00
2.212187849568648090e+01,0.000000000000000000e+00,0.000000000000000000e+00
1.467584523283567499e+01,0.000000000000000000e+00,0.000000000000000000e+00
2.254921541859163270e+01,0.000000000000000000e+00,0.000000000000000000e+00
1.904679934022853516e+01,0.000000000000000000e+00,0.000000000000000000e+00
2.145302770061852016e+01,0.000000000000000000e+00,0.000000000000000000e+00
2.269240011371057975e+01,0.000000000000000000e+00,0.000000000000000000e+00
2.022962058536483809e+01,0.000000000000000000e+00,0.000000000000000000e+00
2.142611306489220979e+01,0.000000000000000000e+00,0.000000000000000000e+00
1.957800150823715413e+01,0.000000000000000000e+00,0.000000000000000000e+00
1.939603577737334206e+01,0.000000000000000000e+00,0.000000000000000000e+00
1.742973843865240369e+01,0.000000000000000000e+00,0.000000000000000000e+00
2.215623162442038563e+01,0.000000000000000000e+00,0.000000000000000000e+00
1.847267991120347475e+01,0.000000000000000000e+00,0.000000000000000000e+00
1.845330917953797822e+01,0.000000000000000000e+00,0.000000000000000000e+00
2.111253469510165814e+01,0.000000000000000000e+00,0.000000000000000000e+00
2.150296513584359914e+01,0.000000000000000000e+00,0.000000000000000000e+00
2.106251314627181159e+01,0.000000000000000000e+00,0.000000000000000000e+00
1.610729775934119701e+01,0.000000000000000000e+00,0.000000000000000000e+00
2.221382062086206233e+01,0.000000000000000000e+00,0.000000000000000000e+00
1.864943181361311986e+01,0.000000000000000000e+00,0.000000000000000000e+00
2.055276746059803017e+01,0.000000000000000000e+00,0.000000000000000000e+00
2.035409884871669917e+01,0.000000000000000000e+00,0.000000000000000000e+00
2.228262717987045605e+01,0.000000000000000000e+00,0.000000000000000000e+00
2.155011086932399422e+01,0.000000000000000000e+00,0.000000000000000000e+00
1.959979073608650424e+01,0.000000000000000000e+00,0.000000000000000000e+00
1.807282388970446618e+01,0.000000000000000000e+00,0.000000000000000000e+00
1.758603795709730733e+01,0.000000000000000000e+00,0.000000000000000000e+00
1.643915806678504765e+01,0.000000000000000000e+00,0.000000000000000000e+00
6.877880498345095361e+01,0.000000000000000000e+00,0.000000000000000000e+00
6.632237358586171183e+01,0.000000000000000000e+00,0.000000000000000000e+00
6.660623801476829442e+01,0.000000000000000000e+00,0.000000000000000000e+00
6.931645658793146936e+01,0.000000000000000000e+00,0.000000000000000000e+00
6.617666685780386615e+01,0.000000000000000000e+00,0.000000000000000000e+00
6.677502316610861044e+01,0.000000000000000000e+00,0.000000000000000000e+00
6.867236168178492051e+01,0.000000000000000000e+00,0.000000000000000000e+00
7.022965555226672052e+01,0.000000000000000000e+00,0.000000000000000000e+00
6.865656523588806692e+01,0.000000000000000000e+00,0.000000000000000000e+00
6.708654687810573591e+01,0.000000000000000000e+00,0.000000000000000000e+00
6.607005503866093932e+01,0.000000000000000000e+00,0.000000000000000000e+00
6.936715017085691670e+01,0.000000000000000000e+00,0.000000000000000000e+00
7.949292169392253982e+01,0.000000000000000000e+00,0.000000000000000000e+00
7.665117024938732015e+01,0.000000000000000000e+00,0.000000000000000000e+00
7.386299406253158395e+01,0.000000000000000000e+00,0.000000000000000000e+00
7.412220327859905922e+01,0.000000000000000000e+00,0.000000000000000000e+00
7.809624674668194189e+01,0.000000000000000000e+00,0.000000000000000000e+00
7.270025553302409094e+01,0.000000000000000000e+00,0.000000000000000000e+00
7.918195045290680412e+01,0.000000000000000000e+00,0.000000000000000000e+00
7.343770194692523035e+01,0.000000000000000000e+00,0.000000000000000000e+00
7.703178780935004966e+01,0.000000000000000000e+00,0.000000000000000000e+00
7.653632805022151331e+01,0.000000000000000000e+00,0.000000000000000000e+00
7.713405861908597672e+01,0.000000000000000000e+00,0.000000000000000000e+00
7.798993035167632115e+01,0.000000000000000000e+00,0.000000000000000000e+00
8.213982532750075904e+01,0.000000000000000000e+00,0.000000000000000000e+00
7.779195031109283320e+01,0.000000000000000000e+00,0.000000000000000000e+00
7.857661936582927353e+01,0.000000000000000000e+00,0.000000000000000000e+00
7.784425676094456037e+01,0.000000000000000000e+00,0.000000000000000000e+00
8.066139872073246408e+01,0.000000000000000000e+00,0.000000000000000000e+00
8.103970431932762608e+01,0.000000000000000000e+00,0.000000000000000000e+00
8.271507695657524550e+01,0.000000000000000000e+00,0.000000000000000000e+00
8.064608019208000655e+01,0.000000000000000000e+00,0.000000000000000000e+00
7.719404306909005697e+01,0.000000000000000000e+00,0.000000000000000000e+00
8.056952094112229190e+01,0.000000000000000000e+00,0.000000000000000000e+00
8.118822852711814164e+01,0.000000000000000000e+00,0.000000000000000000e+00
8.279149322152136392e+01,0.000000000000000000e+00,0.000000000000000000e+00
8.187988625686485022e+01,0.000000000000000000e+00,0.000000000000000000e+00
7.971002740748065207e+01,0.000000000000000000e+00,0.000000000000000000e+00
7.746927515670954278e+01,0.000000000000000000e+00,0.000000000000000000e+00
7.739775268346791393e+01,0.000000000000000000e+00,0.000000000000000000e+00
8.048831477887225105e+01,0.000000000000000000e+00,0.000000000000000000e+00
8.094195518246765175e+01,0.000000000000000000e+00,0.000000000000000000e+00
8.123705842378095099e+01,0.000000000000000000e+00,0.000000000000000000e+00
8.344375851557231272e+01,0.000000000000000000e+00,0.000000000000000000e+00
8.100155066081197219e+01,0.000000000000000000e+00,0.000000000000000000e+00
7.893736444051339163e+01,0.000000000000000000e+00,0.000000000000000000e+00
7.883321159698924419e+01,0.000000000000000000e+00,0.000000000000000000e+00
8.140641902708445343e+01,0.000000000000000000e+00,0.000000000000000000e+00
7.959363214047532153e+01,0.000000000000000000e+00,0.000000000000000000e+00
8.059993430327058661e+01,0.000000000000000000e+00,0.000000000000000000e+00
8.250110956953052721e+01,0.000000000000000000e+00,0.000000000000000000e+00
7.611187933493670243e+01,0.000000000000000000e+00,0.000000000000000000e+00
8.031586530533915891e+01,0.000000000000000000e+00,0.000000000000000000e+00
7.844604942409085879e+01,0.000000000000000000e+00,0.000000000000000000e+00
8.061150793666389802e+01,0.000000000000000000e+00,0.000000000000000000e+00
7.697468779117284043e+01,0.000000000000000000e+00,0.000000000000000000e+00
7.903351176297496750e+01,0.000000000000000000e+00,0.000000000000000000e+00
8.064559919860271009e+01,0.000000000000000000e+00,0.000000000000000000e+00
8.140406015295729958e+01,0.000000000000000000e+00,0.000000000000000000e+00
7.747148042501684984e+01,0.000000000000000000e+00,0.000000000000000000e+00
8.163793273762961178e+01,0.000000000000000000e+00,0.000000000000000000e+00
8.277036808268780987e+01,0.000000000000000000e+00,0.000000000000000000e+00
8.021362133333286693e+01,0.000000000000000000e+00,0.000000000000000000e+00
8.097866723119689425e+01,0.000000000000000000e+00,0.000000000000000000e+00
7.955913598386131014e+01,0.000000000000000000e+00,0.000000000000000000e+00
8.050169923907883174e+01,0.000000000000000000e+00,0.000000000000000000e+00
8.256403539795471147e+01,0.000000000000000000e+00,0.000000000000000000e+00
7.948915684899502310e+01,0.000000000000000000e+00,0.000000000000000000e+00
7.705009591331877061e+01,0.000000000000000000e+00,0.000000000000000000e+00
8.183034193503203824e+01,0.000000000000000000e+00,0.000000000000000000e+00
7.776111747720366907e+01,0.000000000000000000e+00,0.000000000000000000e+00
8.019208566177952946e+01,0.000000000000000000e+00,0.000000000000000000e+00
7.842807569579484550e+01,0.000000000000000000e+00,0.000000000000000000e+00
8.306943731859104219e+01,0.000000000000000000e+00,0.000000000000000000e+00
8.318227295665160170e+01,0.000000000000000000e+00,0.000000000000000000e+00
7.604868644158224811e+01,0.000000000000000000e+00,0.000000000000000000e+00
7.953700285070978282e+01,0.000000000000000000e+00,0.000000000000000000e+00
8.164698436465756970e+01,0.000000000000000000e+00,0.000000000000000000e+00
8.068806412781165704e+01,0.000000000000000000e+00,0.000000000000000000e+00
8.000415223258572439e+01,0.000000000000000000e+00,0.000000000000000000e+00
8.057936244016214289e+01,0.000000000000000000e+00,0.000000000000000000e+00
7.944491313676152799e+01,0.000000000000000000e+00,0.000000000000000000e+00
8.541877490146688956e+01,0.000000000000000000e+00,0.000000000000000000e+00
7.859851558068280042e+01,0.000000000000000000e+00,0.000000000000000000e+00
7.627614748525135724e+01,0.000000000000000000e+00,0.000000000000000000e+00
7.680838749198592552e+01,0.000000000000000000e+00,0.000000000000000000e+00
8.497775047181572461e+01,0.000000000000000000e+00,0.000000000000000000e+00
8.112012872010603814e+01,0.000000000000000000e+00,0.000000000000000000e+00
7.996484752785100625e+01,0.000000000000000000e+00,0.000000000000000000e+00
8.092423177970077575e+01,0.000000000000000000e+00,0.000000000000000000e+00
8.293203663180543117e+01,0.000000000000000000e+00,0.000000000000000000e+00
7.859431833388083533e+01,0.000000000000000000e+00,0.000000000000000000e+00
7.951840912136096051e+01,0.000000000000000000e+00,0.000000000000000000e+00
8.016611648062382756e+01,0.000000000000000000e+00,0.000000000000000000e+00
7.953897603037871988e+01,0.000000000000000000e+00,0.000000000000000000e+00
7.901788713565353817e+01,0.000000000000000000e+00,0.000000000000000000e+00
8.276931189036778846e+01,0.000000000000000000e+00,0.000000000000000000e+00
8.169789679717978004e+01,0.000000000000000000e+00,0.000000000000000000e+00
7.889361889189362387e+01,0.000000000000000000e+00,0.000000000000000000e+00
8.045731948298690384e+01,0.000000000000000000e+00,0.000000000000000000e+00
8.339191891932529188e+01,0.000000000000000000e+00,0.000000000000000000e+00
7.908360180938171879e+01,0.000000000000000000e+00,0.000000000000000000e+00
7.951809146448393051e+01,0.000000000000000000e+00,0.000000000000000000e+00
8.108807577145988432e+01,0.000000000000000000e+00,0.000000000000000000e+00
7.926990866828100479e+01,0.000000000000000000e+00,0.000000000000000000e+00
8.022955541230035692e+01,0.000000000000000000e+00,0.000000000000000000e+00
8.391156091256758032e+01,0.000000000000000000e+00,0.000000000000000000e+00
7.946359802732085598e+01,0.000000000000000000e+00,0.000000000000000000e+00
3.258374882727736832e+01,0.000000000000000000e+00,0.000000000000000000e+00
3.264537562489530131e+01,0.000000000000000000e+00,0.000000000000000000e+00
3.427587849089366046e+01,0.000000000000000000e+00,0.000000000000000000e+00
3.435489863401779331e+01,0.000000000000000000e+00,0.000000000000000000e+00
3.283788730052705063e+01,0.000000000000000000e+00,0.000000000000000000e+00
3.312838894613635432e+01,0.000000000000000000e+00,0.000000000000000000e+00
3.268786865846722378e+01,0.000000000000000000e+00,0.000000000000000000e+00
3.393138351033985600e+01,0.000000000000000000e+00,0.000000000000000000e+00
3.019581268068035484e+01,0.000000000000000000e+00,0.000000000000000000e+00
3.354085091394273377e+01,0.000000000000000000e+00,0.000000000000000000e+00
3.372946492429725396e+01,0.000000000000000000e+00,0.000000000000000000e+00
3.186913905698321869e+01,0.000000000000000000e+00,0.000000000000000000e+00
2.533461198201602826e+01,0.000000000000000000e+00,0.000000000000000000e+00
2.497894048777856923e+01,0.000000000000000000e+00,0.000000000000000000e+00
2.212316188117121385e+01,0.000000000000000000e+00,0.000000000000000000e+00
2.610665268838772590e+01,0.000000000000000000e+00,0.000000000000000000e+00
1.983897256113326790e+01,0.000000000000000000e+00,0.000000000000000000e+00
2.470473170807390773e+01,0.000000000000000000e+00,0.000000000000000000e+00
1.932967718991179495e+01,0.000000000000000000e+00,0.000000000000000000e+00
2.479514449718631397e+01,0.000000000000000000e+00,0.000000000000000000e+00
2.619437039361304542e+01,0.000000000000000000e+00,0.000000000000000000e+00
2.208649434368607345e+01,0.000000000000000000e+00,0.000000000000000000e+00
1.934069492882715480e+01,0.000000000000000000e+00,0.000000000000000000e+00
2.099000913860491480e+01,0.000000000000000000e+00,0.000000000000000000e+00
2.200041457123725408e+01,0.000000000000000000e+00,0.000000000000000000e+00
1.929993391281597681e+01,0.000000000000000000e+00,0.000000000000000000e+00
2.232832780936428563e+01,0.000000000000000000e+00,0.000000000000000000e+00
2.006218685756650899e+01,0.000000000000000000e+00,0.000000000000000000e+00
2.161909873887549338e+01,0.000000000000000000e+00,0.000000000000000000e+00
1.737459048984802124e+01,0.000000000000000000e+00,0.000000000000000000e+00
2.033480874639988301e+01,0.000000000000000000e+00,0.000000000000000000e+00
2.198882201195625186e+01,0.000000000000000000e+00,0.000000000000000000e+00
1.984892663888747677e+01,0.000000000000000000e+00,0.000000000000000000e+00
1.887986685066881520e+01,0.000000000000000000e+00,0.000000000000000000e+00
1.921023916368962503e+01,0.000000000000000000e+00,0.000000000000000000e+00
1.862969116088911292e+01,0.000000000000000000e+00,0.000000000000000000e+00
1.980678622615527118e+01,0.000000000000000000e+00,0.000000000000000000e+00
2.069349704101455245e+01,0.000000000000000000e+00,0.000000000000000000e+00
1.841453969476495800e+01,0.000000000000000000e+00,0.000000000000000000e+00
2.210664584789343934e+01,0.000000000000000000e+00,0.000000000000000000e+00
2.019268476106659804e+01,0.000000000000000000e+00,0.000000000000000000e+00
1.720705810164026417e+01,0.000000000000000000e+00,0.000000000000000000e+00
1.804403817008015665e+01,0.000000000000000000e+00,0.000000000000000000e+00
1.926524943107839150e+01,0.000000000000000000e+00,0.000000000000000000e+00
1.828889685175832724e+01,0.000000000000000000e+00,0.000000000000000000e+00
2.634738028714524205e+01,0.000000000000000000e+00,0.000000000000000000e+00
1.669441591640710953e+01,0.000000000000000000e+00,0.000000000000000000e+00
2.051532730020024786e+01,0.000000000000000000e+00,0.000000000000000000e+00
2.063122706935553552e+01,0.000000000000000000e+00,0.000000000000000000e+00
1.570227569739306972e+01,0.000000000000000000e+00,0.000000000000000000e+00
1.856991453641193246e+01,0.000000000000000000e+00,0.000000000000000000e+00
2.049293675622098831e+01,0.000000000000000000e+00,0.000000000000000000e+00
2.297299583341133911e+01,0.000000000000000000e+00,0.000000000000000000e+00
2.472125793962532470e+01,0.000000000000000000e+00,0.000000000000000000e+00
1.846573282737786670e+01,0.000000000000000000e+00,0.000000000000000000e+00
2.029250020756914452e+01,0.000000000000000000e+00,0.000000000000000000e+00
1.787895820621530163e+01,0.000000000000000000e+00,0.000000000000000000e+00
1.822642513171930645e+01,0.000000000000000000e+00,0.000000000000000000e+00
1.695706235951612939e+01,0.000000000000000000e+00,0.000000000000000000e+00
2.060399626380487703e+01,0.000000000000000000e+00,0.000000000000000000e+00
1.919485039491016209e+01,0.000000000000000000e+00,0.000000000000000000e+00
2.071218202256756769e+01,0.000000000000000000e+00,0.000000000000000000e+00
1.935749900160429604e+01,0.000000000000000000e+00,0.000000000000000000e+00
1.957248143424857645e+01,0.000000000000000000e+00,0.000000000000000000e+00
1.843238338899775286e+01,0.000000000000000000e+00,0.000000000000000000e+00
1.985491521998937259e+01,0.000000000000000000e+00,0.000000000000000000e+00
2.291634110527272128e+01,0.000000000000000000e+00,0.000000000000000000e+00
2.047555731899689846e+01,0.000000000000000000e+00,0.000000000000000000e+00
1.917604647146668739e+01,0.000000000000000000e+00,0.000000000000000000e+00
2.297216333562880308e+01,0.000000000000000000e+00,0.000000000000000000e+00
2.001155180732637717e+01,0.000000000000000000e+00,0.000000000000000000e+00
1.944917781083326247e+01,0.000000000000000000e+00,0.000000000000000000e+00
2.170587599490828978e+01,0.000000000000000000e+00,0.000000000000000000e+00
1.877078388458530611e+01,0.000000000000000000e+00,0.000000000000000000e+00
2.051882664713772186e+01,0.000000000000000000e+00,0.000000000000000000e+00
1.968658633142761261e+01,0.000000000000000000e+00,0.000000000000000000e+00
2.010150694125952597e+01,0.000000000000000000e+00,0.000000000000000000e+00
1.910496479506512912e+01,0.000000000000000000e+00,0.000000000000000000e+00
1.851089991985915617e+01,0.000000000000000000e+00,0.000000000000000000e+00
1.950646156554844879e+01,0.000000000000000000e+00,0.000000000000000000e+00
2.010419551494187829e+01,0.000000000000000000e+00,0.000000000000000000e+00
2.087123823379685561e+01,0.000000000000000000e+00,0.000000000000000000e+00
1.982830012092513172e+01,0.000000000000000000e+00,0.000000000000000000e+00
2.161584186131088003e+01,0.000000000000000000e+00,0.000000000000000000e+00
1.825096121692884665e+01,0.000000000000000000e+00,0.000000000000000000e+00
2.026595039824466937e+01,0.000000000000000000e+00,0.000000000000000000e+00
2.164043162038644397e+01,0.000000000000000000e+00,0.000000000000000000e+00
1.714404731582251173e+01,0.000000000000000000e+00,0.000000000000000000e+00
1.625149540219441135e+01,0.000000000000000000e+00,0.000000000000000000e+00
1.755818596520121488e+01,0.000000000000000000e+00,0.000000000000000000e+00
2.276771028835620925e+01,0.000000000000000000e+00,0.000000000000000000e+00
2.063647800747276051e+01,0.000000000000000000e+00,0.000000000000000000e+00
1.957951573565265591e+01,0.000000000000000000e+00,0.000000000000000000e+00
1.976439627148884171e+01,0.000000000000000000e+00,0.000000000000000000e+00
2.036064739563122572e+01,0.000000000000000000e+00,0.000000000000000000e+00
1.958286266224035899e+01,0.000000000000000000e+00,0.000000000000000000e+00
1.801484874662213542e+01,0.000000000000000000e+00,0.000000000000000000e+00
1.916386376124890134e+01,0.000000000000000000e+00,0.000000000000000000e+00
1.649055993434775047e+01,0.000000000000000000e+00,0.000000000000000000e+00
1.411237399367911571e+01,0.000000000000000000e+00,0.000000000000000000e+00
2.098933427497806647e+01,0.000000000000000000e+00,0.000000000000000000e+00
2.129836767845865353e+01,0.000000000000000000e+00,0.000000000000000000e+00
2.147472215506241611e+01,0.000000000000000000e+00,0.000000000000000000e+00
2.232035324414013644e+01,0.000000000000000000e+00,0.000000000000000000e+00
2.096223653275529486e+01,0.000000000000000000e+00,0.000000000000000000e+00
1.797041448680319675e+01,0.000000000000000000e+00,0.000000000000000000e+00
2.160160452322247693e+01,0.000000000000000000e+00,0.000000000000000000e+00
1.898810671978244713e+01,0.000000000000000000e+00,0.000000000000000000e+00
1.923808577298499500e+01,0.000000000000000000e+00,0.000000000000000000e+00
2.225905935767015720e+01,0.000000000000000000e+00,0.000000000000000000e+00
2.137837707524313657e+01,0.000000000000000000e+00,0.000000000000000000e+00
2.357166640050336426e+01,0.000000000000000000e+00,0.000000000000000000e+00
1.988788591786387983e+01,0.000000000000000000e+00,0.000000000000000000e+00
2.225763379452724777e+01,0.000000000000000000e+00,0.000000000000000000e+00
2.279313390519400073e+01,0.000000000000000000e+00,0.000000000000000000e+00
1.805169172189243554e+01,0.000000000000000000e+00,0.000000000000000000e+00
2.145081301973867838e+01,0.000000000000000000e+00,0.000000000000000000e+00
1.801682396869585645e+01,0.000000000000000000e+00,0.000000000000000000e+00
1.907125566897409996e+01,0.000000000000000000e+00,0.000000000000000000e+00
1.850128374841361989e+01,0.000000000000000000e+00,0.000000000000000000e+00
2.384658259986367312e+01,0.000000000000000000e+00,0.000000000000000000e+00
2.038545616261785653e+01,0.000000000000000000e+00,0.000000000000000000e+00
2.154650827804260516e+01,0.000000000000000000e+00,0.000000000000000000e+00
1.996419003284230698e+01,0.000000000000000000e+00,0.000000000000000000e+00
2.270787530673731425e+01,0.000000000000000000e+00,0.000000000000000000e+00
2.280707762329314647e+01,0.000000000000000000e+00,0.000000000000000000e+00
1.835228525755044160e+01,0.000000000000000000e+00,0.000000000000000000e+00
1.984359343286492106e+01,0.000000000000000000e+00,0.000000000000000000e+00
2.065247950224448203e+01,0.000000000000000000e+00,0.000000000000000000e+00
1.717322304141133316e+01,0.000000000000000000e+00,0.000000000000000000e+00
1.926097856981514056e+01,0.000000000000000000e+00,0.000000000000000000e+00
2.077912406638503384e+01,0.000000000000000000e+00,0.000000000000000000e+00
1.957514604956764259e+01,0.000000000000000000e+00,0.000000000000000000e+00
2.189838463652650447e+01,0.000000000000000000e+00,0.000000000000000000e+00
1.792608496081504654e+01,0.000000000000000000e+00,0.000000000000000000e+00
2.311122711001882379e+01,0.000000000000000000e+00,0.000000000000000000e+00
1.866605318000950930e+01,0.000000000000000000e+00,0.000000000000000000e+00
1.833977448867835491e+01,0.000000000000000000e+00,0.000000000000000000e+00
2.281161350595577275e+01,0.000000000000000000e+00,0.000000000000000000e+00
2.091009219196820368e+01,0.000000000000000000e+00,0.000000000000000000e+00
2.113410824012296629e+01,0.000000000000000000e+00,0.000000000000000000e+00
1.918130702566213586e+01,0.000000000000000000e+00,0.000000000000000000e+00
1.904176437849557502e+01,0.000000000000000000e+00,0.000000000000000000e+00
1.851330362233153082e+01,0.000000000000000000e+00,0.000000000000000000e+00
2.128000663215540911e+01,0.000000000000000000e+00,0.000000000000000000e+00
9.252580168182089437e+01,1.000000000000000000e+00,7.500000000000000000e+01
9.324388166806940603e+01,1.000000000000000000e+00,7.500000000000000000e+01
9.700715933210099706e+01,1.000000000000000000e+00,7.500000000000000000e+01
9.800061958181430555e+01,1.000000000000000000e+00,7.500000000000000000e+01
9.454466944387596072e+01,1.000000000000000000e+00,7.500000000000000000e+01
9.539292256396436187e+01,1.000000000000000000e+00,7.500000000000000000e+01
9.654664008332494518e+01,1.000000000000000000e+00,7.500000000000000000e+01
9.447631323337247977e+01,1.000000000000000000e+00,7.500000000000000000e+01
9.271701032660376995e+01,1.000000000000000000e+00,7.500000000000000000e+01
9.191305099159170311e+01,1.000000000000000000e+00,7.500000000000000000e+01
9.427863677120525665e+01,1.000000000000000000e+00,7.500000000000000000e+01
9.398464821451976547e+01,1.000000000000000000e+00,7.500000000000000000e+01
9.329410560511340123e+01,1.000000000000000000e+00,7.500000000000000000e+01
9.448476641235143347e+01,1.000000000000000000e+00,7.500000000000000000e+01
9.389189058397370502e+01,1.000000000000000000e+00,7.500000000000000000e+01
9.749335512164202555e+01,1.000000000000000000e+00,7.500000000000000000e+01
9.740504768071679109e+01,1.000000000000000000e+00,7.500000000000000000e+01
9.445087284762894342e+01,1.000000000000000000e+00,7.500000000000000000e+01
9.784826594268346867e+01,1.000000000000000000e+00,7.500000000000000000e+01
9.577246339338120151e+01,1.000000000000000000e+00,7.500000000000000000e+01
9.510130594544722271e+01,1.000000000000000000e+00,7.500000000000000000e+01
9.351043993793291520e+01,1.000000000000000000e+00,7.500000000000000000e+01
9.522941593793629522e+01,1.000000000000000000e+00,7.500000000000000000e+01
9.435492049873423070e+01,1.000000000000000000e+00,7.500000000000000000e+01
9.348933632351413792e+01,1.000000000000000000e+00,7.500000000000000000e+01
9.790119891241450034e+01,1.000000000000000000e+00,7.500000000000000000e+01
9.566578942659670304e+01,1.000000000000000000e+00,7.500000000000000000e+01
9.466159607983503577e+01,1.000000000000000000e+00,7.500000000000000000e+01
9.596547525819048019e+01,1.000000000000000000e+00,7.500000000000000000e+01
9.288614456113779738e+01,1.000000000000000000e+00,7.500000000000000000e+01
9.657320219522550531e+01,1.000000000000000000e+00,7.500000000000000000e+01
9.223087988025515926e+01,1.000000000000000000e+00,7.500000000000000000e+01
9.727328253475843667e+01,1.000000000000000000e+00,7.500000000000000000e+01
9.071770917642551524e+01,1.000000000000000000e+00,7.500000000000000000e+01
9.812914093452549480e+01,1.000000000000000000e+00,7.500000000000000000e+01
1.415893098251181073e+02,1.000000000000000000e+00,7.500000000000000000e+01
1.451444685112972195e+02,1.000000000000000000e+00,7.500000000000000000e+01
1.436681784985426589e+02,1.000000000000000000e+00,7.500000000000000000e+01
1.427244954396458922e+02,1.000000000000000000e+00,7.500000000000000000e+01
1.409365621389558214e+02,1.000000000000000000e+00,7.500000000000000000e+01
1.441504644563462421e+02,1.000000000000000000e+00,7.500000000000000000e+01
1.456259627602348701e+02,1.000000000000000000e+00,7.500000000000000000e+01
1.417364809325619319e+02,1.000000000000000000e+00,7.500000000000000000e+01
1.443095996169211617e+02,1.000000000000000000e+00,7.500000000000000000e+01
1.406999344027140637e+02,1.000000000000000000e+00,7.500000000000000000e+01
1.409634077756999204e+02,1.000000000000000000e+00,7.500000000000000000e+01
1.424272914748410699e+02,1.000000000000000000e+00,7.500000000000000000e+01
1.529314647862549350e+02,1.000000000000000000e+00,7.500000000000000000e+01
1.521914728874364187e+02,1.000000000000000000e+00,7.500000000000000000e+01
1.507896048098153301e+02,1.000000000000000000e+00,7.500000000000000000e+01
1.536994699140847445e+02,1.000000000000000000e+00,7.500000000000000000e+01
1.533288602812016848e+02,1.000000000000000000e+00,7.500000000000000000e+01
1.531277492165987724e+02,1.000000000000000000e+00,7.500000000000000000e+01
1.560761702041472461e+02,1.000000000000000000e+00,7.500000000000000000e+01
1.515841135287598149e+02,1.000000000000000000e+00,7.500000000000000000e+01
1.514449487468703524e+02,1.000000000000000000e+00,7.500000000000000000e+01
1.500682126885446905e+02,1.000000000000000000e+00,7.500000000000000000e+01
1.537799195877842635e+02,1.000000000000000000e+00,7.500000000000000000e+01
1.544529941462429861e+02,1.000000000000000000e+00,7.500000000000000000e+01
1.574684080841170726e+02,1.000000000000000000e+00,7.500000000000000000e+01
1.568092470274868049e+02,1.000000000000000000e+00,7.500000000000000000e+01
1.531585375377504477e+02,1.000000000000000000e+00,7.500000000000000000e+01
1.538331885074467209e+02,1.000000000000000000e+00,7.500000000000000000e+01
1.539275209593213560e+02,1.000000000000000000e+00,7.500000000000000000e+01
1.546008739176617155e+02,1.000000000000000000e+00,7.500000000000000000e+01
1.553133930608202320e+02,1.000000000000000000e+00,7.500000000000000000e+01
1.504260244555287329e+02,1.000000000000000000e+00,7.500000000000000000e+01
1.577113011487744814e+02,1.000000000000000000e+00,7.500000000000000000e+01
1.530999517362537858e+02,1.000000000000000000e+00,7.500000000000000000e+01
1.549294669858255133e+02,1.000000000000000000e+00,7.500000000000000000e+01
1.544901882402729996e+02,1.000000000000000000e+00,7.500000000000000000e+01
1.556377244678703846e+02,1.000000000000000000e+00,7.500000000000000000e+01
1.540915683389478090e+02,1.000000000000000000e+00,7.500000000000000000e+01
1.555314285994365378e+02,1.000000000000000000e+00,7.500000000000000000e+01
1.536974379977219201e+02,1.000000000000000000e+00,7.500000000000000000e+01
1.553808700577067157e+02,1.000000000000000000e+00,7.500000000000000000e+01
1.547087665394083729e+02,1.000000000000000000e+00,7.500000000000000000e+01
1.552192933394202328e+02,1.000000000000000000e+00,7.500000000000000000e+01
1.546803184176253581e+02,1.000000000000000000e+00,7.500000000000000000e+01
1.546229642094433530e+02,1.000000000000000000e+00,7.500000000000000000e+01
1.513472437991336506e+02,1.000000000000000000e+00,7.500000000000000000e+01
1.583356497188096910e+02,1.000000000000000000e+00,7.500000000000000000e+01
1.553705211142236919e+02,1.000000000000000000e+00,7.500000000000000000e+01
1.579373655322353898e+02,1.000000000000000000e+00,7.500000000000000000e+01
1.565881721738595331e+02,1.000000000000000000e+00,7.500000000000000000e+01
1.575203065259617006e+02,1.000000000000000000e+00,7.500000000000000000e+01
1.587080322328039017e+02,1.000000000000000000e+00,7.500000000000000000e+01
1.567431356800719868e+02,1.000000000000000000e+00,7.500000000000000000e+01
1.553883041459444314e+02,1.000000000000000000e+00,7.500000000000000000e+01
1.548517447782307670e+02,1.000000000000000000e+00,7.500000000000000000e+01
1.556006388240356841e+02,1.000000000000000000e+00,7.500000000000000000e+01
1.549398002473927818e+02,1.000000000000000000e+00,7.500000000000000000e+01
1.528526927434323284e+02,1.000000000000000000e+00,7.500000000000000000e+01
1.556486741793991655e+02,1.000000000000000000e+00,7.500000000000000000e+01
1.513664262829612426e+02,1.000000000000000000e+00,7.500000000000000000e+01
1.581920151079208949e+02,1.000000000000000000e+00,7.500000000000000000e+01
1.549314052988980563e+02,1.000000000000000000e+00,7.500000000000000000e+01
1.575667528855984187e+02,1.000000000000000000e+00,7.500000000000000000e+01
1.528655001657345451e+02,1.000000000000000000e+00,7.500000000000000000e+01
1.558516306877433522e+02,1.000000000000000000e+00,7.500000000000000000e+01
1.556962448735029056e+02,1.000000000000000000e+00,7.500000000000000000e+01
1.531295205487706994e+02,1.000000000000000000e+00,7.500000000000000000e+01
1.530881920603795265e+02,1.000000000000000000e+00,7.500000000000000000e+01
1.542759227661865111e+02,1.000000000000000000e+00,7.500000000000000000e+01
1.565764148145408399e+02,1.000000000000000000e+00,7.500000000000000000e+01
1.567706367522026198e+02,1.000000000000000000e+00,7.500000000000000000e+01
1.581088472991244203e+02,1.000000000000000000e+00,7.500000000000000000e+01
1.546128110655817238e+02,1.000000000000000000e+00,7.500000000000000000e+01
1.532869484870209078e+02,1.000000000000000000e+00,7.500000000000000000e+01
1.555803944614289094e+02,1.000000000000000000e+00,7.500000000000000000e+01
1.584395961068329655e+02,1.000000000000000000e+00,7.500000000000000000e+01
1.550846955951052450e+02,1.000000000000000000e+00,7.500000000000000000e+01
1.561121488415762997e+02,1.000000000000000000e+00,7.500000000000000000e+01
1.543655807062926897e+02,1.000000000000000000e+00,7.500000000000000000e+01
1.532205764882185122e+02,1.000000000000000000e+00,7.500000000000000000e+01
1.536526876753413831e+02,1.000000000000000000e+00,7.500000000000000000e+01
1.561836756554113208e+02,1.000000000000000000e+00,7.500000000000000000e+01
1.557419114929277271e+02,1.000000000000000000e+00,7.500000000000000000e+01
1.547923807734808008e+02,1.000000000000000000e+00,7.500000000000000000e+01
1.552937737156725575e+02,1.000000000000000000e+00,7.500000000000000000e+01
1.567324041299341673e+02,1.000000000000000000e+00,7.500000000000000000e+01
1.586267518547802240e+02,1.000000000000000000e+00,7.500000000000000000e+01
1.561008430922120169e+02,1.000000000000000000e+00,7.500000000000000000e+01
1.579115787181466146e+02,1.000000000000000000e+00,7.500000000000000000e+01
1.522897667428890713e+02,1.000000000000000000e+00,7.500000000000000000e+01
1.530201520402904976e+02,1.000000000000000000e+00,7.500000000000000000e+01
1.531658592270660790e+02,1.000000000000000000e+00,7.500000000000000000e+01
1.547559195546576802e+02,1.000000000000000000e+00,7.500000000000000000e+01
1.572056218280364703e+02,1.000000000000000000e+00,7.500000000000000000e+01
1.563115810867980713e+02,1.000000000000000000e+00,7.500000000000000000e+01
1.522525006721084821e+02,1.000000000000000000e+00,7.500000000000000000e+01
1.548432910982942303e+02,1.000000000000000000e+00,7.500000000000000000e+01
1.569119187172953218e+02,1.000000000000000000e+00,7.500000000000000000e+01
1.551672568146463504e+02,1.000000000000000000e+00,7.500000000000000000e+01
1.546144003129421662e+02,1.000000000000000000e+00,7.500000000000000000e+01
1.520973176928615089e+02,1.000000000000000000e+00,7.500000000000000000e+01
1.520787894437151522e+02,1.000000000000000000e+00,7.500000000000000000e+01
1.590335721829283386e+02,1.000000000000000000e+00,7.500000000000000000e+01
1.571107095149196198e+02,1.000000000000000000e+00,7.500000000000000000e+01
1.538610464245397793e+02,1.000000000000000000e+00,7.500000000000000000e+01
1.556756467055214443e+02,1.000000000000000000e+00,7.500000000000000000e+01
1.539298186912492667e+02,1.000000000000000000e+00,7.500000000000000000e+01
1.557336357351072706e+02,1.000000000000000000e+00,7.500000000000000000e+01
1.061009184822805480e+02,1.000000000000000000e+00,7.500000000000000000e+01
1.057886980795453269e+02,1.000000000000000000e+00,7.500000000000000000e+01
1.070316394441504002e+02,1.000000000000000000e+00,7.500000000000000000e+01
1.060806452400481135e+02,1.000000000000000000e+00,7.500000000000000000e+01
1.108476980734109389e+02,1.000000000000000000e+00,7.500000000000000000e+01
1.062063478674598684e+02,1.000000000000000000e+00,7.500000000000000000e+01
1.082625958002008417e+02,1.000000000000000000e+00,7.500000000000000000e+01
1.083552512918347190e+02,1.000000000000000000e+00,7.500000000000000000e+01
1.080339046065135022e+02,1.000000000000000000e+00,7.500000000000000000e+01
1.093496918250534833e+02,1.000000000000000000e+00,7.500000000000000000e+01
1.034866660321719252e+02,1.000000000000000000e+00,7.500000000000000000e+01
1.071279733080881726e+02,1.000000000000000000e+00,7.500000000000000000e+01
9.657584796140719163e+01,1.000000000000000000e+00,7.500000000000000000e+01
9.852621811372048910e+01,1.000000000000000000e+00,7.500000000000000000e+01
9.564837969809187257e+01,1.000000000000000000e+00,7.500000000000000000e+01
9.695827874735741148e+01,1.000000000000000000e+00,7.500000000000000000e+01
9.730686648723353471e+01,1.000000000000000000e+00,7.500000000000000000e+01
9.811028647207133702e+01,1.000000000000000000e+00,7.500000000000000000e+01
9.378078011222243049e+01,1.000000000000000000e+00,7.500000000000000000e+01
9.766140005331980944e+01,1.000000000000000000e+00,7.500000000000000000e+01
9.495685442204438687e+01,1.000000000000000000e+00,7.500000000000000000e+01
9.740582747857231993e+01,1.000000000000000000e+00,7.500000000000000000e+01
9.524000254053632375e+01,1.000000000000000000e+00,7.500000000000000000e+01
9.661718930657497140e+01,1.000000000000000000e+00,7.500000000000000000e+01
9.515581931897645518e+01,1.000000000000000000e+00,7.500000000000000000e+01
9.681062980660234984e+01,1.000000000000000000e+00,7.500000000000000000e+01
9.417886958922078122e+01,1.000000000000000000e+00,7.500000000000000000e+01
9.559625175636730887e+01,1.000000000000000000e+00,7.500000000000000000e+01
9.564785231346255046e+01,1.000000000000000000e+00,7.500000000000000000e+01
9.508697191763647538e+01,1.000000000000000000e+00,7.500000000000000000e+01
9.989986341735730946e+01,1.000000000000000000e+00,7.500000000000000000e+01
9.441284509282860427e+01,1.000000000000000000e+00,7.500000000000000000e+01
9.707867887716199107e+01,1.000000000000000000e+00,7.500000000000000000e+01
9.545959561455256903e+01,1.000000000000000000e+00,7.500000000000000000e+01
9.392605756932140082e+01,1.000000000000000000e+00,7.500000000000000000e+01
9.402100655251761907e+01,1.000000000000000000e+00,7.500000000000000000e+01
9.474881193064675244e+01,1.000000000000000000e+00,7.500000000000000000e+01
9.470426208029259385e+01,1.000000000000000000e+00,7.500000000000000000e+01
9.080024385731850600e+01,1.000000000000000000e+00,7.500000000000000000e+01
9.873122918653839974e+01,1.000000000000000000e+00,7.500000000000000000e+01
9.055420875850614948e+01,1.000000000000000000e+00,7.500000000000000000e+01
9.118279164456841102e+01,1.000000000000000000e+00,7.500000000000000000e+01
9.420756434821169023e+01,1.000000000000000000e+00,7.500000000000000000e+01
9.364493877849625392e+01,1.000000000000000000e+00,7.500000000000000000e+01
9.366087176452491292e+01,1.000000000000000000e+00,7.500000000000000000e+01
9.342608659053202302e+01,1.000000000000000000e+00,7.500000000000000000e+01
9.506449899076540078e+01,1.000000000000000000e+00,7.500000000000000000e+01
9.541214550840102504e+01,1.000000000000000000e+00,7.500000000000000000e+01
9.405693556760633101e+01,1.000000000000000000e+00,7.500000000000000000e+01
1.006603639108697905e+02,1.000000000000000000e+00,7.500000000000000000e+01
9.517444025548303443e+01,1.000000000000000000e+00,7.500000000000000000e+01
9.270707878313970696e+01,1.000000000000000000e+00,7.500000000000000000e+01
9.678313949887113665e+01,1.000000000000000000e+00,7.500000000000000000e+01
9.422672754321843058e+01,1.000000000000000000e+00,7.500000000000000000e+01
9.589289029537732745e+01,1.000000000000000000e+00,7.500000000000000000e+01
9.410855391818473947e+01,1.000000000000000000e+00,7.500000000000000000e+01
9.634540255012092302e+01,1.000000000000000000e+00,7.500000000000000000e+01
9.401905757979506006e+01,1.000000000000000000e+00,7.500000000000000000e+01
9.766213450244379146e+01,1.000000000000000000e+00,7.500000000000000000e+01
9.640672533006851097e+01,1.000000000000000000e+00,7.500000000000000000e+01
9.586680209110301121e+01,1.000000000000000000e+00,7.500000000000000000e+01
9.388969400775592078e+01,1.000000000000000000e+00,7.500000000000000000e+01
9.369133206304644546e+01,1.000000000000000000e+00,7.500000000000000000e+01
9.650843386866480955e+01,1.000000000000000000e+00,7.500000000000000000e+01
9.492943174016740215e+01,1.000000000000000000e+00,7.500000000000000000e+01
9.223948325797012160e+01,1.000000000000000000e+00,7.500000000000000000e+01
9.393198847645811611e+01,1.000000000000000000e+00,7.500000000000000000e+01
9.520687164944371261e+01,1.000000000000000000e+00,7.500000000000000000e+01
9.545262652999198849e+01,1.000000000000000000e+00,7.500000000000000000e+01
9.565018693756572077e+01,1.000000000000000000e+00,7.500000000000000000e+01
9.377233029813149301e+01,1.000000000000000000e+00,7.500000000000000000e+01
9.680639867182775049e+01,1.000000000000000000e+00,7.500000000000000000e+01
9.347529986509121613e+01,1.000000000000000000e+00,7.500000000000000000e+01
9.616055860068992445e+01,1.000000000000000000e+00,7.500000000000000000e+01
9.249817930049164261e+01,1.000000000000000000e+00,7.500000000000000000e+01
9.377799440679197573e+01,1.000000000000000000e+00,7.500000000000000000e+01
9.687926859796201029e+01,1.000000000000000000e+00,7.500000000000000000e+01
9.536902279791515014e+01,1.000000000000000000e+00,7.500000000000000000e+01
9.350343191170766488e+01,1.000000000000000000e+00,7.500000000000000000e+01
9.568099532916447458e+01,1.000000000000000000e+00,7.500000000000000000e+01
9.654895833659601578e+01,1.000000000000000000e+00,7.500000000000000000e+01
9.697584603514417267e+01,1.000000000000000000e+00,7.500000000000000000e+01
9.293643701224046083e+01,1.000000000000000000e+00,7.500000000000000000e+01
9.797049562394988698e+01,1.000000000000000000e+00,7.500000000000000000e+01
9.366739392237877837e+01,1.000000000000000000e+00,7.500000000000000000e+01
9.335670016287313899e+01,1.000000000000000000e+00,7.500000000000000000e+01
9.310964628598347304e+01,1.000000000000000000e+00,7.500000000000000000e+01
9.560648667970123427e+01,1.000000000000000000e+00,7.500000000000000000e+01
9.225860674725743138e+01,1.000000000000000000e+00,7.500000000000000000e+01
9.464161905040076306e+01,1.000000000000000000e+00,7.500000000000000000e+01
9.813378216322870173e+01,1.000000000000000000e+00,7.500000000000000000e+01
9.350470903846768067e+01,1.000000000000000000e+00,7.500000000000000000e+01
9.774120974871500778e+01,1.000000000000000000e+00,7.500000000000000000e+01
9.666971535878923305e+01,1.000000000000000000e+00,7.500000000000000000e+01
9.805600369094970858e+01,1.000000000000000000e+00,7.500000000000000000e+01
9.298750019504394970e+01,1.000000000000000000e+00,7.500000000000000000e+01
9.777075371341520338e+01,1.000000000000000000e+00,7.500000000000000000e+01
9.582601505473012082e+01,1.000000000000000000e+00,7.500000000000000000e+01
9.801669478463459484e+01,1.000000000000000000e+00,7.500000000000000000e+01
9.254923899671908316e+01,1.000000000000000000e+00,7.500000000000000000e+01
9.296552818116390426e+01,1.000000000000000000e+00,7.500000000000000000e+01
9.794859005174174627e+01,1.000000000000000000e+00,7.500000000000000000e+01
9.349431230254565151e+01,1.000000000000000000e+00,7.500000000000000000e+01
9.629887456834219961e+01,1.000000000000000000e+00,7.500000000000000000e+01
9.565383971808836350e+01,1.000000000000000000e+00,7.500000000000000000e+01
9.761747140552697033e+01,1.000000000000000000e+00,7.500000000000000000e+01
9.667041563332216469e+01,1.000000000000000000e+00,7.500000000000000000e+01
9.325809463297741786e+01,1.000000000000000000e+00,7.500000000000000000e+01
9.823952536074358477e+01,1.000000000000000000e+00,7.500000000000000000e+01
9.541885080578174438e+01,1.000000000000000000e+00,7.500000000000000000e+01
9.738659492391650474e+01,1.000000000000000000e+00,7.500000000000000000e+01
9.421634990913948116e+01,1.000000000000000000e+00,7.500000000000000000e+01
9.649490367648007805e+01,1.000000000000000000e+00,7.500000000000000000e+01
9.601267607964581430e+01,1.000000000000000000e+00,7.500000000000000000e+01
9.322424118508901358e+01,1.000000000000000000e+00,7.500000000000000000e+01
9.566198335373768202e+01,1.000000000000000000e+00,7.500000000000000000e+01
1.010646677425729081e+02,1.000000000000000000e+00,7.500000000000000000e+01
9.582857944859895838e+01,1.000000000000000000e+00,7.500000000000000000e+01
9.243033575663342560e+01,1.000000000000000000e+00,7.500000000000000000e+01
9.184402509814634641e+01,1.000000000000000000e+00,7.500000000000000000e+01
9.381525640912335007e+01,1.000000000000000000e+00,7.500000000000000000e+01
9.587263384852656145e+01,1.000000000000000000e+00,7.500000000000000000e+01
9.455068937480223212e+01,1.000000000000000000e+00,7.500000000000000000e+01
9.396274985956799242e+01,1.000000000000000000e+00,7.500000000000000000e+01
9.365224124126670802e+01,1.000000000000000000e+00,7.500000000000000000e+01
9.503777516767134159e+01,1.000000000000000000e+00,7.500000000000000000e+01
9.569201023869246114e+01,1.000000000000000000e+00,7.500000000000000000e+01
9.447771589982242801e+01,1.000000000000000000e+00,7.500000000000000000e+01
9.639605481697006439e+01,1.000000000000000000e+00,7.500000000000000000e+01
9.244126538048875830e+01,1.000000000000000000e+00,7.500000000000000000e+01
9.374536758126156144e+01,1.000000000000000000e+00,7.500000000000000000e+01
9.397203537903662607e+01,1.000000000000000000e+00,7.500000000000000000e+01
9.681521865174335062e+01,1.000000000000000000e+00,7.500000000000000000e+01
9.434475076674695515e+01,1.000000000000000000e+00,7.500000000000000000e+01
9.642971289066920804e+01,1.000000000000000000e+00,7.500000000000000000e+01
9.369514438331417239e+01,1.000000000000000000e+00,7.500000000000000000e+01
9.712653004004212676e+01,1.000000000000000000e+00,7.500000000000000000e+01
9.979559792084529590e+01,1.000000000000000000e+00,7.500000000000000000e+01
9.483235269415239088e+01,1.000000000000000000e+00,7.500000000000000000e+01
9.211461398875749751e+01,1.000000000000000000e+00,7.500000000000000000e+01
9.258255853948313074e+01,1.000000000000000000e+00,7.500000000000000000e+01
9.262936608516558579e+01,1.000000000000000000e+00,7.500000000000000000e+01
9.577002201546666527e+01,1.000000000000000000e+00,7.500000000000000000e+01
9.808837239136290975e+01,1.000000000000000000e+00,7.500000000000000000e+01
9.335767780315032383e+01,1.000000000000000000e+00,7.500000000000000000e+01
9.368325260468883187e+01,1.000000000000000000e+00,7.500000000000000000e+01
9.437579835663217409e+01,1.000000000000000000e+00,7.500000000000000000e+01
9.819349384137248649e+01,1.000000000000000000e+00,7.500000000000000000e+01
9.379000479754921571e+01,1.000000000000000000e+00,7.500000000000000000e+01
9.354899089863459949e+01,1.000000000000000000e+00,7.500000000000000000e+01
9.335474705643599691e+01,1.000000000000000000e+00,7.500000000000000000e+01
9.651823254494573234e+01,1.000000000000000000e+00,7.500000000000000000e+01
9.993464781794440910e+01,1.000000000000000000e+00,7.500000000000000000e+01
9.259367723091121150e+01,1.000000000000000000e+00,7.500000000000000000e+01
9.479110258409976097e+01,1.000000000000000000e+00,7.500000000000000000e+01
9.429468043287121759e+01,1.000000000000000000e+00,7.500000000000000000e+01
9.491181917810855850e+01,1.000000000000000000e+00,7.500000000000000000e+01
9.572397464095725184e+01,1.000000000000000000e+00,7.500000000000000000e+01
9.204237677706279896e+01,1.000000000000000000e+00,7.500000000000000000e+01
9.670186470393943523e+01,1.000000000000000000e+00,7.500000000000000000e+01
9.377836438126766438e+01,1.000000000000000000e+00,7.500000000000000000e+01
9.682297442417858235e+01,1.000000000000000000e+00,7.500000000000000000e+01
9.658461981140085584e+01,1.000000000000000000e+00,7.500000000000000000e+01
9.824630293949502402e+01,1.000000000000000000e+00,7.500000000000000000e+01
9.245105623482244539e+01,1.000000000000000000e+00,7.500000000000000000e+01
9.284677188928591818e+01,1.000000000000000000e+00,7.500000000000000000e+01
9.378877621700205225e+01,1.000000000000000000e+00,7.500000000000000000e+01
9.787520170032685485e+01,1.000000000000000000e+00,7.500000000000000000e+01
9.653624479449068474e+01,1.000000000000000000e+00,7.500000000000000000e+01
9.625899350762102813e+01,1.000000000000000000e+00,7.500000000000000000e+01
9.628756133331459921e+01,1.000000000000000000e+00,7.500000000000000000e+01
9.806169654083879550e+01,1.000000000000000000e+00,7.500000000000000000e+01
9.488513709727752143e+01,1.000000000000000000e+00,7.500000000000000000e+01
9.472728484788234482e+01,1.000000000000000000e+00,7.500000000000000000e+01
9.224203543384382442e+01,1.000000000000000000e+00,7.500000000000000000e+01
9.679778251482953522e+01,1.000000000000000000e+00,7.500000000000000000e+01
9.447453166405118452e+01,1.000000000000000000e+00,7.500000000000000000e+01
9.637962076100153297e+01,1.000000000000000000e+00,7.500000000000000000e+01
9.281172369580266945e+01,1.000000000000000000e+00,7.500000000000000000e+01
9.630694088536952790e+01,1.000000000000000000e+00,7.500000000000000000e+01
1.400220300651518528e+02,1.000000000000000000e+00,7.500000000000000000e+01
1.421574893652940830e+02,1.000000000000000000e+00,7.500000000000000000e+01
1.419695464330577579e+02,1.000000000000000000e+00,7.500000000000000000e+01
1.446997269743395691e+02,1.000000000000000000e+00,7.500000000000000000e+01
1.459837008773669424e+02,1.000000000000000000e+00,7.500000000000000000e+01
1.467163050648817659e+02,1.000000000000000000e+00,7.500000000000000000e+01
1.421787228321318253e+02,1.000000000000000000e+00,7.500000000000000000e+01
1.441394409542501194e+02,1.000000000000000000e+00,7.500000000000000000e+01
1.451933732414686915e+02,1.000000000000000000e+00,7.500000000000000000e+01
1.417943121663809052e+02,1.000000000000000000e+00,7.500000000000000000e+01
1.430206855914411790e+02,1.000000000000000000e+00,7.500000000000000000e+01
1.448598077013605803e+02,1.000000000000000000e+00,7.500000000000000000e+01
1.514888475968458579e+02,1.000000000000000000e+00,7.500000000000000000e+01
1.546694581412037905e+02,1.000000000000000000e+00,7.500000000000000000e+01
1.514461309970272396e+02,1.000000000000000000e+00,7.500000000000000000e+01
1.526816557384129567e+02,1.000000000000000000e+00,7.500000000000000000e+01
1.506175834083471159e+02,1.000000000000000000e+00,7.500000000000000000e+01
1.517665192352351085e+02,1.000000000000000000e+00,7.500000000000000000e+01
1.554685968041483477e+02,1.000000000000000000e+00,7.500000000000000000e+01
1.547409339539160555e+02,1.000000000000000000e+00,7.500000000000000000e+01
1.510234660026716824e+02,1.000000000000000000e+00,7.500000000000000000e+01
1.497038627502487884e+02,1.000000000000000000e+00,7.500000000000000000e+01
1.539966015661219672e+02,1.000000000000000000e+00,7.500000000000000000e+01
1.529450454863891764e+02,1.000000000000000000e+00,7.500000000000000000e+01
1.529542646048264487e+02,1.000000000000000000e+00,7.500000000000000000e+01
1.550408878338338354e+02,1.000000000000000000e+00,7.500000000000000000e+01
1.562704932718470445e+02,1.000000000000000000e+00,7.500000000000000000e+01
1.499422163649404638e+02,1.000000000000000000e+00,7.500000000000000000e+01
1.526319491557177344e+02,1.000000000000000000e+00,7.500000000000000000e+01
1.531236773402334279e+02,1.000000000000000000e+00,7.500000000000000000e+01
1.524758311727981663e+02,1.000000000000000000e+00,7.500000000000000000e+01
1.543854967310416555e+02,1.000000000000000000e+00,7.500000000000000000e+01
1.550689301685530097e+02,1.000000000000000000e+00,7.500000000000000000e+01
1.550515369210432368e+02,1.000000000000000000e+00,7.500000000000000000e+01
1.560301498628574564e+02,1.000000000000000000e+00,7.500000000000000000e+01
1.554870417188909073e+02,1.000000000000000000e+00,7.500000000000000000e+01
1.559444115759714578e+02,1.000000000000000000e+00,7.500000000000000000e+01
1.517955817013770456e+02,1.000000000000000000e+00,7.500000000000000000e+01
1.574822978304377727e+02,1.000000000000000000e+00,7.500000000000000000e+01
1.539118015839967484e+02,1.000000000000000000e+00,7.500000000000000000e+01
1.579495462172409930e+02,1.000000000000000000e+00,7.500000000000000000e+01
1.525640249837887552e+02,1.000000000000000000e+00,7.500000000000000000e+01
1.573059661339248976e+02,1.000000000000000000e+00,7.500000000000000000e+01
1.547397854897568550e+02,1.000000000000000000e+00,7.500000000000000000e+01
1.588254099693075432e+02,1.000000000000000000e+00,7.500000000000000000e+01
1.554883325966816301e+02,1.000000000000000000e+00,7.500000000000000000e+01
1.524108430003709600e+02,1.000000000000000000e+00,7.500000000000000000e+01
1.555801449960706009e+02,1.000000000000000000e+00,7.500000000000000000e+01
1.570108176608226245e+02,1.000000000000000000e+00,7.500000000000000000e+01
1.581848560004582396e+02,1.000000000000000000e+00,7.500000000000000000e+01
1.545600427582473912e+02,1.000000000000000000e+00,7.500000000000000000e+01
1.565735109102807883e+02,1.000000000000000000e+00,7.500000000000000000e+01
1.566440682127696675e+02,1.000000000000000000e+00,7.500000000000000000e+01
1.552556500461955977e+02,1.000000000000000000e+00,7.500000000000000000e+01
1.561291079703137825e+02,1.000000000000000000e+00,7.500000000000000000e+01
1.533807615471553731e+02,1.000000000000000000e+00,7.500000000000000000e+01
1.543869489312101564e+02,1.000000000000000000e+00,7.500000000000000000e+01
1.543824514112586712e+02,1.000000000000000000e+00,7.500000000000000000e+01
1.523518906780612099e+02,1.000000000000000000e+00,7.500000000000000000e+01
1.524892799052550174e+02,1.000000000000000000e+00,7.500000000000000000e+01
1.555698202246114192e+02,1.000000000000000000e+00,7.500000000000000000e+01
1.553004852258294193e+02,1.000000000000000000e+00,7.500000000000000000e+01
1.577700142418551650e+02,1.000000000000000000e+00,7.500000000000000000e+01
1.569262742988674404e+02,1.000000000000000000e+00,7.500000000000000000e+01
1.531326311611708775e+02,1.000000000000000000e+00,7.500000000000000000e+01
1.567448165787245671e+02,1.000000000000000000e+00,7.500000000000000000e+01
1.532462206616351068e+02,1.000000000000000000e+00,7.500000000000000000e+01
1.564887113952714799e+02,1.000000000000000000e+00,7.500000000000000000e+01
1.540214346425990186e+02,1.000000000000000000e+00,7.500000000000000000e+01
1.542083673479241384e+02,1.000000000000000000e+00,7.500000000000000000e+01
1.565354862545309516e+02,1.000000000000000000e+00,7.500000000000000000e+01
1.547052517782218501e+02,1.000000000000000000e+00,7.500000000000000000e+01
1.596093924851859924e+02,1.000000000000000000e+00,7.500000000000000000e+01
1.569663743013852581e+02,1.000000000000000000e+00,7.500000000000000000e+01
1.575975089744621300e+02,1.000000000000000000e+00,7.500000000000000000e+01
1.545259383019901236e+02,1.000000000000000000e+00,7.500000000000000000e+01
1.560712886029444633e+02,1.000000000000000000e+00,7.500000000000000000e+01
1.542169086612378237e+02,1.000000000000000000e+00,7.500000000000000000e+01
1.533577826195685532e+02,1.000000000000000000e+00,7.500000000000000000e+01
1.571637974081958760e+02,1.000000000000000000e+00,7.500000000000000000e+01
1.530974920098394136e+02,1.000000000000000000e+00,7.500000000000000000e+01
1.549814621239752057e+02,1.000000000000000000e+00,7.500000000000000000e+01
1.567644150228040871e+02,1.000000000000000000e+00,7.500000000000000000e+01
1.525699844941867696e+02,1.000000000000000000e+00,7.500000000000000000e+01
1.587254722773817548e+02,1.000000000000000000e+00,7.500000000000000000e+01
1.581196246749320835e+02,1.000000000000000000e+00,7.500000000000000000e+01
1.545329118444230971e+02,1.000000000000000000e+00,7.500000000000000000e+01
1.542291683712651889e+02,1.000000000000000000e+00,7.500000000000000000e+01
1.543123539124797219e+02,1.000000000000000000e+00,7.500000000000000000e+01
1.572255602520503714e+02,1.000000000000000000e+00,7.500000000000000000e+01
1.555939055582915955e+02,1.000000000000000000e+00,7.500000000000000000e+01
1.509844509392311807e+02,1.000000000000000000e+00,7.500000000000000000e+01
1.555311806489852415e+02,1.000000000000000000e+00,7.500000000000000000e+01
1.515487974216233624e+02,1.000000000000000000e+00,7.500000000000000000e+01
1.533521940434167732e+02,1.000000000000000000e+00,7.500000000000000000e+01
1.540944444647449245e+02,1.000000000000000000e+00,7.500000000000000000e+01
1.514991455936258546e+02,1.000000000000000000e+00,7.500000000000000000e+01
1.558146422936321187e+02,1.000000000000000000e+00,7.500000000000000000e+01
1.540515253351816796e+02,1.000000000000000000e+00,7.500000000000000000e+01
1.540603020102963683e+02,1.000000000000000000e+00,7.500000000000000000e+01
1.531921235521624567e+02,1.000000000000000000e+00,7.500000000000000000e+01
1.562632353635973459e+02,1.000000000000000000e+00,7.500000000000000000e+01
1.542698134419619578e+02,1.000000000000000000e+00,7.500000000000000000e+01
1.507999863600672370e+02,1.000000000000000000e+00,7.500000000000000000e+01
1.516970140212631577e+02,1.000000000000000000e+00,7.500000000000000000e+01
1.542807547099831993e+02,1.000000000000000000e+00,7.500000000000000000e+01
1.537070193030936025e+02,1.000000000000000000e+00,7.500000000000000000e+01
1.551407929356641660e+02,1.000000000000000000e+00,7.500000000000000000e+01
1.030954085164696892e+02,1.000000000000000000e+00,7.500000000000000000e+01
1.032772470445212321e+02,1.000000000000000000e+00,7.500000000000000000e+01
1.072570420482777820e+02,1.000000000000000000e+00,7.500000000000000000e+01
1.054814466661514700e+02,1.000000000000000000e+00,7.500000000000000000e+01
1.086338981152420189e+02,1.000000000000000000e+00,7.500000000000000000e+01
1.097955119929906971e+02,1.000000000000000000e+00,7.500000000000000000e+01
1.041973114158010105e+02,1.000000000000000000e+00,7.500000000000000000e+01
1.045308409987245284e+02,1.000000000000000000e+00,7.500000000000000000e+01
1.048527590155374014e+02,1.000000000000000000e+00,7.500000000000000000e+01
1.057775674332739015e+02,1.000000000000000000e+00,7.500000000000000000e+01
1.072155456545681886e+02,1.000000000000000000e+00,7.500000000000000000e+01
1.068474202089501262e+02,1.000000000000000000e+00,7.500000000000000000e+01
9.527156556535818765e+01,1.000000000000000000e+00,7.500000000000000000e+01
1.000520030323922072e+02,1.000000000000000000e+00,7.500000000000000000e+01
9.650439610335472196e+01,1.000000000000000000e+00,7.500000000000000000e+01
9.859839435674513197e+01,1.000000000000000000e+00,7.500000000000000000e+01
1.029541736886353362e+02,1.000000000000000000e+00,7.500000000000000000e+01
9.882311338251355437e+01,1.000000000000000000e+00,7.500000000000000000e+01
9.635949632580096136e+01,1.000000000000000000e+00,7.500000000000000000e+01
9.655141596218720679e+01,1.000000000000000000e+00,7.500000000000000000e+01
9.723026024658889810e+01,1.000000000000000000e+00,7.500000000000000000e+01
9.948170989618965621e+01,1.000000000000000000e+00,7.500000000000000000e+01
9.644930944725926736e+01,1.000000000000000000e+00,7.500000000000000000e+01
9.577089075482584235e+01,1.000000000000000000e+00,7.500000000000000000e+01
9.451342441606905709e+01,1.000000000000000000e+00,7.500000000000000000e+01
9.597095750419873639e+01,1.000000000000000000e+00,7.500000000000000000e+01
9.658832921553502615e+01,1.000000000000000000e+00,7.500000000000000000e+01
9.354649109489315606e+01,1.000000000000000000e+00,7.500000000000000000e+01
9.905455268736584173e+01,1.000000000000000000e+00,7.500000000000000000e+01
9.855815410759572615e+01,1.000000000000000000e+00,7.500000000000000000e+01
9.586937755495694091e+01,1.000000000000000000e+00,7.500000000000000000e+01
9.300529361760055735e+01,1.000000000000000000e+00,7.500000000000000000e+01
9.549669648699722302e+01,1.000000000000000000e+00,7.500000000000000000e+01
9.740906254623632776e+01,1.000000000000000000e+00,7.500000000000000000e+01
9.327163288877650871e+01,1.000000000000000000e+00,7.500000000000000000e+01
9.439794491181851299e+01,1.000000000000000000e+00,7.500000000000000000e+01
9.475679153279583034e+01,1.000000000000000000e+00,7.500000000000000000e+01
9.374244893781141741e+01,1.000000000000000000e+00,7.500000000000000000e+01
9.660550922145253594e+01,1.000000000000000000e+00,7.500000000000000000e+01
9.484505034276615731e+01,1.000000000000000000e+00,7.500000000000000000e+01
9.537302991414810549e+01,1.000000000000000000e+00,7.500000000000000000e+01
9.492328887069153609e+01,1.000000000000000000e+00,7.500000000000000000e+01
9.163095137021024073e+01,1.000000000000000000e+00,7.500000000000000000e+01
9.706274985161613245e+01,1.000000000000000000e+00,7.500000000000000000e+01
9.388359534455199196e+01,1.000000000000000000e+00,7.500000000000000000e+01
9.294995918555710546e+01,1.000000000000000000e+00,7.500000000000000000e+01
9.389600741999662148e+01,1.000000000000000000e+00,7.500000000000000000e+01
9.497416050012571986e+01,1.000000000000000000e+00,7.500000000000000000e+01
9.782049357316634541e+01,1.000000000000000000e+00,7.500000000000000000e+01
9.388915245364060524e+01,1.000000000000000000e+00,7.500000000000000000e+01
9.478199960936120760e+01,1.000000000000000000e+00,7.500000000000000000e+01
9.526850732282875356e+01,1.000000000000000000e+00,7.500000000000000000e+01
9.533178007711377688e+01,1.000000000000000000e+00,7.500000000000000000e+01
9.521247832426388413e+01,1.000000000000000000e+00,7.500000000000000000e+01
9.350827521334748837e+01,1.000000000000000000e+00,7.500000000000000000e+01
9.387776096331823794e+01,1.000000000000000000e+00,7.500000000000000000e+01
9.423681315615112908e+01,1.000000000000000000e+00,7.500000000000000000e+01
9.786125358953793807e+01,1.000000000000000000e+00,7.500000000000000000e+01
9.604582050632274104e+01,1.000000000000000000e+00,7.500000000000000000e+01
9.266621912236205105e+01,1.000000000000000000e+00,7.500000000000000000e+01
9.412490540118390925e+01,1.000000000000000000e+00,7.500000000000000000e+01
9.570139579065147473e+01,1.000000000000000000e+00,7.500000000000000000e+01
9.749456774059319741e+01,1.000000000000000000e+00,7.500000000000000000e+01
9.339934103389387587e+01,1.000000000000000000e+00,7.500000000000000000e+01
9.533599331495727824e+01,1.000000000000000000e+00,7.500000000000000000e+01
9.089878207819459988e+01,1.000000000000000000e+00,7.500000000000000000e+01
9.396177083138422859e+01,1.000000000000000000e+00,7.500000000000000000e+01
9.691172340311442213e+01,1.000000000000000000e+00,7.500000000000000000e+01
9.738213835993562384e+01,1.000000000000000000e+00,7.500000000000000000e+01
9.359096776802098816e+01,1.000000000000000000e+00,7.500000000000000000e+01
9.275749805588007746e+01,1.000000000000000000e+00,7.500000000000000000e+01
9.263035404337074397e+01,1.000000000000000000e+00,7.500000000000000000e+01
9.655744946495589431e+01,1.000000000000000000e+00,7.500000000000000000e+01
1.002394809059864258e+02,1.000000000000000000e+00,7.500000000000000000e+01
9.713601292860573722e+01,1.000000000000000000e+00,7.500000000000000000e+01
9.476860719083197182e+01,1.000000000000000000e+00,7.500000000000000000e+01
9.473647293854793361e+01,1.000000000000000000e+00,7.500000000000000000e+01
9.537420093383667563e+01,1.000000000000000000e+00,7.500000000000000000e+01
9.552693822055398698e+01,1.000000000000000000e+00,7.500000000000000000e+01
9.460229042536026611e+01,1.000000000000000000e+00,7.500000000000000000e+01
9.709475589179484700e+01,1.000000000000000000e+00,7.500000000000000000e+01
9.406596056846301224e+01,1.000000000000000000e+00,7.500000000000000000e+01
9.323405132908163750e+01,1.000000000000000000e+00,7.500000000000000000e+01
9.478157972140004972e+01,1.000000000000000000e+00,7.500000000000000000e+01
9.582499274743992146e+01,1.000000000000000000e+00,7.500000000000000000e+01
9.457749663708226251e+01,1.000000000000000000e+00,7.500000000000000000e+01
1.014987498883780290e+02,1.000000000000000000e+00,7.500000000000000000e+01
9.321579762774177880e+01,1.000000000000000000e+00,7.500000000000000000e+01
9.672964047263735665e+01,1.000000000000000000e+00,7.500000000000000000e+01
9.754994566175638226e+01,1.000000000000000000e+00,7.500000000000000000e+01
9.496411795093327157e+01,1.000000000000000000e+00,7.500000000000000000e+01
9.671768015191236145e+01,1.000000000000000000e+00,7.500000000000000000e+01
9.554415569578179657e+01,1.000000000000000000e+00,7.500000000000000000e+01
9.456988070839693705e+01,1.000000000000000000e+00,7.500000000000000000e+01
9.350050133343287939e+01,1.000000000000000000e+00,7.500000000000000000e+01
9.766112916350060402e+01,1.000000000000000000e+00,7.500000000000000000e+01
9.307458606868786433e+01,1.000000000000000000e+00,7.500000000000000000e+01
1.001199479727781352e+02,1.000000000000000000e+00,7.500000000000000000e+01
9.594793070238428356e+01,1.000000000000000000e+00,7.500000000000000000e+01
9.440407698028192840e+01,1.000000000000000000e+00,7.500000000000000000e+01
9.610488886603124570e+01,1.000000000000000000e+00,7.500000000000000000e+01
9.127624096899256756e+01,1.000000000000000000e+00,7.500000000000000000e+01
9.467431931951821866e+01,1.000000000000000000e+00,7.500000000000000000e+01
9.060091418644604744e+01,1.000000000000000000e+00,7.500000000000000000e+01
9.166229921681531323e+01,1.000000000000000000e+00,7.500000000000000000e+01
9.781581431135469984e+01,1.000000000000000000e+00,7.500000000000000000e+01
9.132527514919431155e+01,1.000000000000000000e+00,7.500000000000000000e+01
9.592968232617468516e+01,1.000000000000000000e+00,7.500000000000000000e+01
9.732012667515829207e+01,1.000000000000000000e+00,7.500000000000000000e+01
9.468977416512933587e+01,1.000000000000000000e+00,7.500000000000000000e+01
9.707435517280718784e+01,1.000000000000000000e+00,7.500000000000000000e+01
1.000788569849096064e+02,1.000000000000000000e+00,7.500000000000000000e+01
9.590055024201922151e+01,1.000000000000000000e+00,7.500000000000000000e+01
9.607373423245462618e+01,1.000000000000000000e+00,7.500000000000000000e+01
9.105082826969795917e+01,1.000000000000000000e+00,7.500000000000000000e+01
9.424088981377008167e+01,1.000000000000000000e+00,7.500000000000000000e+01
9.666773293177877235e+01,1.000000000000000000e+00,7.500000000000000000e+01
9.288711656318214693e+01,1.000000000000000000e+00,7.500000000000000000e+01
9.563668914077612726e+01,1.000000000000000000e+00,7.500000000000000000e+01
9.361268944150283744e+01,1.000000000000000000e+00,7.500000000000000000e+01
9.642709722926224458e+01,1.000000000000000000e+00,7.500000000000000000e+01
9.358085004288426489e+01,1.000000000000000000e+00,7.500000000000000000e+01
9.412022286630840995e+01,1.000000000000000000e+00,7.500000000000000000e+01
9.532007123899821011e+01,1.000000000000000000e+00,7.500000000000000000e+01
9.202458048253814127e+01,1.000000000000000000e+00,7.500000000000000000e+01
9.459093378707342481e+01,1.000000000000000000e+00,7.500000000000000000e+01
9.712713672474320958e+01,1.000000000000000000e+00,7.500000000000000000e+01
9.415553921299974149e+01,1.000000000000000000e+00,7.500000000000000000e+01
1.010065904999055135e+02,1.000000000000000000e+00,7.500000000000000000e+01
9.742583216716880656e+01,1.000000000000000000e+00,7.500000000000000000e+01
9.903401062154131296e+01,1.000000000000000000e+00,7.500000000000000000e+01
9.439258504107100123e+01,1.000000000000000000e+00,7.500000000000000000e+01
9.844635151231001657e+01,1.000000000000000000e+00,7.500000000000000000e+01
9.437437016081452157e+01,1.000000000000000000e+00,7.500000000000000000e+01
9.668970612729589220e+01,1.000000000000000000e+00,7.500000000000000000e+01
9.510545304027236568e+01,1.000000000000000000e+00,7.500000000000000000e+01
9.511848215660128858e+01,1.000000000000000000e+00,7.500000000000000000e+01
9.678403220553853714e+01,1.000000000000000000e+00,7.500000000000000000e+01
9.748431723596387144e+01,1.000000000000000000e+00,7.500000000000000000e+01
9.601584505617731224e+01,1.000000000000000000e+00,7.500000000000000000e+01
9.234068113069788808e+01,1.000000000000000000e+00,7.500000000000000000e+01
9.680794404210726611e+01,1.000000000000000000e+00,7.500000000000000000e+01
9.573605009892773410e+01,1.000000000000000000e+00,7.500000000000000000e+01
9.455207574898530254e+01,1.000000000000000000e+00,7.500000000000000000e+01
9.360110551729303552e+01,1.000000000000000000e+00,7.500000000000000000e+01
9.524457987508816359e+01,1.000000000000000000e+00,7.500000000000000000e+01
9.534046096543391968e+01,1.000000000000000000e+00,7.500000000000000000e+01
9.948124910950278377e+01,1.000000000000000000e+00,7.500000000000000000e+01
9.903685114365288200e+01,1.000000000000000000e+00,7.500000000000000000e+01
9.364883895684373272e+01,1.000000000000000000e+00,7.500000000000000000e+01
9.530148059948434991e+01,1.000000000000000000e+00,7.500000000000000000e+01
9.881057608501645007e+01,1.000000000000000000e+00,7.500000000000000000e+01
9.418018060538102532e+01,1.000000000000000000e+00,7.500000000000000000e+01
9.316697509013522449e+01,1.000000000000000000e+00,7.500000000000000000e+01
9.469716577479682940e+01,1.000000000000000000e+00,7.500000000000000000e+01
9.574138754582449451e+01,1.000000000000000000e+00,7.500000000000000000e+01
9.379553593730076955e+01,1.000000000000000000e+00,7.500000000000000000e+01
9.828015702458837666e+01,1.000000000000000000e+00,7.500000000000000000e+01
9.167459600053479107e+01,1.000000000000000000e+00,7.500000000000000000e+01
9.527501451175170644e+01,1.000000000000000000e+00,7.500000000000000000e+01
9.301314784174380179e+01,1.000000000000000000e+00,7.500000000000000000e+01
9.647913751695102746e+01,1.000000000000000000e+00,7.500000000000000000e+01
9.429693627955781210e+01,1.000000000000000000e+00,7.500000000000000000e+01
9.427426555875912584e+01,1.000000000000000000e+00,7.500000000000000000e+01
9.404633749554213296e+01,1.000000000000000000e+00,7.500000000000000000e+01
9.109624693193447342e+01,1.000000000000000000e+00,7.500000000000000000e+01
9.599083260578568400e+01,1.000000000000000000e+00,7.500000000000000000e+01
9.387349679427276783e+01,1.000000000000000000e+00,7.500000000000000000e+01
9.371789552687133096e+01,1.000000000000000000e+00,7.500000000000000000e+01
9.404651261354649705e+01,1.000000000000000000e+00,7.500000000000000000e+01
9.814464303373402743e+01,1.000000000000000000e+00,7.500000000000000000e+01
9.658775388959634256e+01,1.000000000000000000e+00,7.500000000000000000e+01
9.530083304956198731e+01,1.000000000000000000e+00,7.500000000000000000e+01
9.338532470418783760e+01,1.000000000000000000e+00,7.500000000000000000e+01
9.654310758526219161e+01,1.000000000000000000e+00,7.500000000000000000e+01
9.442891532825274226e+01,1.000000000000000000e+00,7.500000000000000000e+01
9.370430820703271024e+01,1.000000000000000000e+00,7.500000000000000000e+01
9.671926598052510826e+01,1.000000000000000000e+00,7.500000000000000000e+01
9.648553673431023014e+01,1.000000000000000000e+00,7.500000000000000000e+01
9.305719482004536758e+01,1.000000000000000000e+00,7.500000000000000000e+01
1.458563980321266058e+02,1.000000000000000000e+00,7.500000000000000000e+01
1.395623650263877948e+02,1.000000000000000000e+00,7.500000000000000000e+01
1.466999827168210970e+02,1.000000000000000000e+00,7.500000000000000000e+01
1.424303405317634770e+02,1.000000000000000000e+00,7.500000000000000000e+01
1.450718073756935382e+02,1.000000000000000000e+00,7.500000000000000000e+01
1.411602715478185530e+02,1.000000000000000000e+00,7.500000000000000000e+01
1.437059044760180484e+02,1.000000000000000000e+00,7.500000000000000000e+01
1.436526246251897589e+02,1.000000000000000000e+00,7.500000000000000000e+01
1.422279347599751418e+02,1.000000000000000000e+00,7.500000000000000000e+01
1.404855381666033622e+02,1.000000000000000000e+00,7.500000000000000000e+01
1.430793950377047281e+02,1.000000000000000000e+00,7.500000000000000000e+01
1.444007174519416026e+02,1.000000000000000000e+00,7.500000000000000000e+01
1.499704538763727442e+02,1.000000000000000000e+00,7.500000000000000000e+01
1.533362523555212533e+02,1.000000000000000000e+00,7.500000000000000000e+01
1.505457957487486169e+02,1.000000000000000000e+00,7.500000000000000000e+01
1.523709235086986098e+02,1.000000000000000000e+00,7.500000000000000000e+01
1.554531127841810019e+02,1.000000000000000000e+00,7.500000000000000000e+01
1.538704698848312376e+02,1.000000000000000000e+00,7.500000000000000000e+01
1.527779068434177248e+02,1.000000000000000000e+00,7.500000000000000000e+01
1.499774604797591735e+02,1.000000000000000000e+00,7.500000000000000000e+01
1.512916171583225662e+02,1.000000000000000000e+00,7.500000000000000000e+01
1.546998193062800055e+02,1.000000000000000000e+00,7.500000000000000000e+01
1.511665211125374810e+02,1.000000000000000000e+00,7.500000000000000000e+01
1.548043397407651867e+02,1.000000000000000000e+00,7.500000000000000000e+01
1.546236582054426094e+02,1.000000000000000000e+00,7.500000000000000000e+01
1.538359515427905535e+02,1.000000000000000000e+00,7.500000000000000000e+01
1.548879516131176786e+02,1.000000000000000000e+00,7.500000000000000000e+01
1.547099617209360360e+02,1.000000000000000000e+00,7.500000000000000000e+01
1.541377438469002641e+02,1.000000000000000000e+00,7.500000000000000000e+01
1.542508447644228795e+02,1.000000000000000000e+00,7.500000000000000000e+01
1.529157860361804637e+02,1.000000000000000000e+00,7.500000000000000000e+01
1.538532260995051502e+02,1.000000000000000000e+00,7.500000000000000000e+01
1.536067128512785303e+02,1.000000000000000000e+00,7.500000000000000000e+01
1.546510007205215231e+02,1.000000000000000000e+00,7.500000000000000000e+01
1.524029497813334046e+02,1.000000000000000000e+00,7.500000000000000000e+01
1.548658571534199950e+02,1.000000000000000000e+00,7.500000000000000000e+01
1.560833914323211502e+02,1.000000000000000000e+00,7.500000000000000000e+01
1.544161691051061780e+02,1.000000000000000000e+00,7.500000000000000000e+01
1.536927754485952846e+02,1.000000000000000000e+00,7.500000000000000000e+01
1.534959289476914250e+02,1.000000000000000000e+00,7.500000000000000000e+01
1.497195532646942411e+02,1.000000000000000000e+00,7.500000000000000000e+01
1.547532806286583309e+02,1.000000000000000000e+00,7.500000000000000000e+01
1.562771718591496892e+02,1.000000000000000000e+00,7.500000000000000000e+01
1.515451684042308216e+02,1.000000000000000000e+00,7.500000000000000000e+01
1.501680254528469334e+02,1.000000000000000000e+00,7.500000000000000000e+01
1.535882247482341256e+02,1.000000000000000000e+00,7.500000000000000000e+01
1.549434025517103919e+02,1.000000000000000000e+00,7.500000000000000000e+01
1.556829015800608431e+02,1.000000000000000000e+00,7.500000000000000000e+01
1.538362840034932901e+02,1.000000000000000000e+00,7.500000000000000000e+01
1.572513337265471307e+02,1.000000000000000000e+00,7.500000000000000000e+01
1.545857929139501152e+02,1.000000000000000000e+00,7.500000000000000000e+01
1.566401925300453684e+02,1.000000000000000000e+00,7.500000000000000000e+01
1.537070764967127730e+02,1.000000000000000000e+00,7.500000000000000000e+01
1.564164759819246342e+02,1.000000000000000000e+00,7.500000000000000000e+01
1.526349051938550474e+02,1.000000000000000000e+00,7.500000000000000000e+01
1.555164620733096115e+02,1.000000000000000000e+00,7.500000000000000000e+01
1.527831022184516314e+02,1.000000000000000000e+00,7.500000000000000000e+01
1.577755165801877979e+02,1.000000000000000000e+00,7.500000000000000000e+01
1.549030474750827011e+02,1.000000000000000000e+00,7.500000000000000000e+01
1.542290263370766752e+02,1.000000000000000000e+00,7.500000000000000000e+01
1.553173856777348476e+02,1.000000000000000000e+00,7.500000000000000000e+01
1.548820784686013781e+02,1.000000000000000000e+00,7.500000000000000000e+01
1.568507914849006113e+02,1.000000000000000000e+00,7.500000000000000000e+01
1.564240712635955219e+02,1.000000000000000000e+00,7.500000000000000000e+01
1.546858066608464242e+02,1.000000000000000000e+00,7.500000000000000000e+01
1.562771662635146015e+02,1.000000000000000000e+00,7.500000000000000000e+01
1.538887132138702896e+02,1.000000000000000000e+00,7.500000000000000000e+01
1.563437953170777632e+02,1.000000000000000000e+00,7.500000000000000000e+01
1.534146969604073831e+02,1.000000000000000000e+00,7.500000000000000000e+01
1.526086287106778059e+02,1.000000000000000000e+00,7.500000000000000000e+01
1.586725125120759969e+02,1.000000000000000000e+00,7.500000000000000000e+01
1.524682833208166812e+02,1.000000000000000000e+00,7.500000000000000000e+01
1.537635335258185023e+02,1.000000000000000000e+00,7.500000000000000000e+01
1.573223263884133303e+02,1.000000000000000000e+00,7.500000000000000000e+01
1.566188788372299996e+02,1.000000000000000000e+00,7.500000000000000000e+01
1.555419891927591038e+02,1.000000000000000000e+00,7.500000000000000000e+01
1.542670598218857663e+02,1.000000000000000000e+00,7.500000000000000000e+01
1.547394613151463432e+02,1.000000000000000000e+00,7.500000000000000000e+01
1.504739561464223812e+02,1.000000000000000000e+00,7.500000000000000000e+01
1.546768610544634157e+02,1.000000000000000000e+00,7.500000000000000000e+01
1.544914584538696261e+02,1.000000000000000000e+00,7.500000000000000000e+01
1.573344859860834788e+02,1.000000000000000000e+00,7.500000000000000000e+01
1.568113507769258774e+02,1.000000000000000000e+00,7.500000000000000000e+01
1.569874409154683690e+02,1.000000000000000000e+00,7.500000000000000000e+01
1.540507299445383183e+02,1.000000000000000000e+00,7.500000000000000000e+01
1.557749356764060451e+02,1.000000000000000000e+00,7.500000000000000000e+01
1.524777107410263852e+02,1.000000000000000000e+00,7.500000000000000000e+01
1.546771158903101480e+02,1.000000000000000000e+00,7.500000000000000000e+01
1.536227084187604532e+02,1.000000000000000000e+00,7.500000000000000000e+01
1.546964960345300995e+02,1.000000000000000000e+00,7.500000000000000000e+01
1.527842700018688618e+02,1.000000000000000000e+00,7.500000000000000000e+01
1.583850714000595303e+02,1.000000000000000000e+00,7.500000000000000000e+01
1.557760370219716606e+02,1.000000000000000000e+00,7.500000000000000000e+01
1.573939912045944141e+02,1.000000000000000000e+00,7.500000000000000000e+01
1.595458625535405872e+02,1.000000000000000000e+00,7.500000000000000000e+01
1.528133935073111616e+02,1.000000000000000000e+00,7.500000000000000000e+01
1.536145074985304291e+02,1.000000000000000000e+00,7.500000000000000000e+01
1.548120712131009782e+02,1.000000000000000000e+00,7.500000000000000000e+01
1.523987267119309763e+02,1.000000000000000000e+00,7.500000000000000000e+01
1.562813410122271307e+02,1.000000000000000000e+00,7.500000000000000000e+01
1.515511821586457586e+02,1.000000000000000000e+00,7.500000000000000000e+01
1.518807866143823730e+02,1.000000000000000000e+00,7.500000000000000000e+01
1.550679453035202187e+02,1.000000000000000000e+00,7.500000000000000000e+01
1.558195570022614902e+02,1.000000000000000000e+00,7.500000000000000000e+01
1.528200374341862471e+02,1.000000000000000000e+00,7.500000000000000000e+01
1.550811115092268437e+02,1.000000000000000000e+00,7.500000000000000000e+01
1.530167781458101217e+02,1.000000000000000000e+00,7.500000000000000000e+01
1.541359446010586112e+02,1.000000000000000000e+00,7.500000000000000000e+01
1.079230621579249458e+02,1.000000000000000000e+00,7.500000000000000000e+01
1.053547165530431187e+02,1.000000000000000000e+00,7.500000000000000000e+01
1.058520624454499170e+02,1.000000000000000000e+00,7.500000000000000000e+01
1.072190621411622686e+02,1.000000000000000000e+00,7.500000000000000000e+01
1.060836723555082699e+02,1.000000000000000000e+00,7.500000000000000000e+01
1.034771252960987056e+02,1.000000000000000000e+00,7.500000000000000000e+01
1.075948292505910615e+02,1.000000000000000000e+00,7.500000000000000000e+01
1.086406947821006099e+02,1.000000000000000000e+00,7.500000000000000000e+01
1.043616171495958582e+02,1.000000000000000000e+00,7.500000000000000000e+01
1.095495624581156022e+02,1.000000000000000000e+00,7.500000000000000000e+01
1.030694937352478746e+02,1.000000000000000000e+00,7.500000000000000000e+01
1.062513939039424287e+02,1.000000000000000000e+00,7.500000000000000000e+01
9.567243792978820238e+01,1.000000000000000000e+00,7.500000000000000000e+01
9.649580087806580764e+01,1.000000000000000000e+00,7.500000000000000000e+01
9.909902198171947418e+01,1.000000000000000000e+00,7.500000000000000000e+01
9.946985519174074852e+01,1.000000000000000000e+00,7.500000000000000000e+01
9.454970721073875950e+01,1.000000000000000000e+00,7.500000000000000000e+01
9.911463761578087883e+01,1.000000000000000000e+00,7.500000000000000000e+01
9.852385326927219467e+01,1.000000000000000000e+00,7.500000000000000000e+01
9.781118049894783439e+01,1.000000000000000000e+00,7.500000000000000000e+01
9.374044632102535957e+01,1.000000000000000000e+00,7.500000000000000000e+01
9.880540903159294430e+01,1.000000000000000000e+00,7.500000000000000000e+01
9.944082490970947674e+01,1.000000000000000000e+00,7.500000000000000000e+01
9.907291591839788225e+01,1.000000000000000000e+00,7.500000000000000000e+01
9.124118024716989339e+01,1.000000000000000000e+00,7.500000000000000000e+01
9.666057699710302131e+01,1.000000000000000000e+00,7.500000000000000000e+01
9.578226905963371962e+01,1.000000000000000000e+00,7.500000000000000000e+01
9.397586799263588375e+01,1.000000000000000000e+00,7.500000000000000000e+01
9.525782558607822637e+01,1.000000000000000000e+00,7.500000000000000000e+01
9.383705368385516010e+01,1.000000000000000000e+00,7.500000000000000000e+01
9.525113501421657247e+01,1.000000000000000000e+00,7.500000000000000000e+01
9.448995319925501235e+01,1.000000000000000000e+00,7.500000000000000000e+01
9.457281461790390154e+01,1.000000000000000000e+00,7.500000000000000000e+01
9.636891423351619324e+01,1.000000000000000000e+00,7.500000000000000000e+01
9.720847399640484809e+01,1.000000000000000000e+00,7.500000000000000000e+01
9.813617450841279322e+01,1.000000000000000000e+00,7.500000000000000000e+01
9.328072048201890709e+01,1.000000000000000000e+00,7.500000000000000000e+01
9.549160755268815137e+01,1.000000000000000000e+00,7.500000000000000000e+01
9.397267416276929453e+01,1.000000000000000000e+00,7.500000000000000000e+01
9.110070215996613285e+01,1.000000000000000000e+00,7.500000000000000000e+01
9.538509454589069492e+01,1.000000000000000000e+00,7.500000000000000000e+01
9.642230139215477891e+01,1.000000000000000000e+00,7.500000000000000000e+01
9.514813599804760713e+01,1.000000000000000000e+00,7.500000000000000000e+01
9.681347535630172274e+01,1.000000000000000000e+00,7.500000000000000000e+01
9.579913937564873549e+01,1.000000000000000000e+00,7.500000000000000000e+01
9.519899570267153877e+01,1.000000000000000000e+00,7.500000000000000000e+01
9.405694545755524416e+01,1.000000000000000000e+00,7.500000000000000000e+01
9.513176294091903173e+01,1.000000000000000000e+00,7.500000000000000000e+01
9.545138901830937073e+01,1.000000000000000000e+00,7.500000000000000000e+01
9.567665878450139871e+01,1.000000000000000000e+00,7.500000000000000000e+01
9.215389599411193444e+01,1.000000000000000000e+00,7.500000000000000000e+01
9.837355792831294821e+01,1.000000000000000000e+00,7.500000000000000000e+01
9.343515602923230290e+01,1.000000000000000000e+00,7.500000000000000000e+01
9.565524371345404120e+01,1.000000000000000000e+00,7.500000000000000000e+01
9.228281610024990300e+01,1.000000000000000000e+00,7.500000000000000000e+01
9.542723855256616616e+01,1.000000000000000000e+00,7.500000000000000000e+01
9.392475265979997801e+01,1.000000000000000000e+00,7.500000000000000000e+01
9.305795004560964401e+01,1.000000000000000000e+00,7.500000000000000000e+01
9.562240282855854900e+01,1.000000000000000000e+00,7.500000000000000000e+01
9.610013747796358530e+01,1.000000000000000000e+00,7.500000000000000000e+01
9.438165665029177376e+01,1.000000000000000000e+00,7.500000000000000000e+01
9.553165310227046803e+01,1.000000000000000000e+00,7.500000000000000000e+01
9.431374482383573365e+01,1.000000000000000000e+00,7.500000000000000000e+01
9.314590289970801962e+01,1.000000000000000000e+00,7.500000000000000000e+01
9.380163529060870076e+01,1.000000000000000000e+00,7.500000000000000000e+01
9.425414409557991746e+01,1.000000000000000000e+00,7.500000000000000000e+01
9.787677145689094971e+01,1.000000000000000000e+00,7.500000000000000000e+01
9.403401139852519464e+01,1.000000000000000000e+00,7.500000000000000000e+01
9.407510256347482880e+01,1.000000000000000000e+00,7.500000000000000000e+01
9.045934849053006133e+01,1.000000000000000000e+00,7.500000000000000000e+01
9.727245101759940837e+01,1.000000000000000000e+00,7.500000000000000000e+01
9.583056408995588527e+01,1.000000000000000000e+00,7.500000000000000000e+01
9.413642328918160729e+01,1.000000000000000000e+00,7.500000000000000000e+01
9.366255996441330467e+01,1.000000000000000000e+00,7.500000000000000000e+01
9.331660757217578350e+01,1.000000000000000000e+00,7.500000000000000000e+01
9.694124941658026273e+01,1.000000000000000000e+00,7.500000000000000000e+01
9.517728200148717121e+01,1.000000000000000000e+00,7.500000000000000000e+01
9.388904590171861742e+01,1.000000000000000000e+00,7.500000000000000000e+01
9.515373797665399991e+01,1.000000000000000000e+00,7.500000000000000000e+01
9.423456639605500129e+01,1.000000000000000000e+00,7.500000000000000000e+01
9.210125105072063434e+01,1.000000000000000000e+00,7.500000000000000000e+01
9.305328931523933989e+01,1.000000000000000000e+00,7.500000000000000000e+01
9.443512234663724314e+01,1.000000000000000000e+00,7.500000000000000000e+01
9.517148324025424699e+01,1.000000000000000000e+00,7.500000000000000000e+01
9.762543727800115789e+01,1.000000000000000000e+00,7.500000000000000000e+01
9.426673576640297370e+01,1.000000000000000000e+00,7.500000000000000000e+01
9.490473375977087755e+01,1.000000000000000000e+00,7.500000000000000000e+01
9.448666624377868573e+01,1.000000000000000000e+00,7.500000000000000000e+01
9.573405835182089163e+01,1.000000000000000000e+00,7.500000000000000000e+01
9.804599588181686443e+01,1.000000000000000000e+00,7.500000000000000000e+01
9.550047713566873142e+01,1.000000000000000000e+00,7.500000000000000000e+01
9.665144086983039529e+01,1.000000000000000000e+00,7.500000000000000000e+01
9.337606737923641731e+01,1.000000000000000000e+00,7.500000000000000000e+01
9.751838959399806583e+01,1.000000000000000000e+00,7.500000000000000000e+01
9.737191658806465000e+01,1.000000000000000000e+00,7.500000000000000000e+01
9.566716824349391857e+01,1.000000000000000000e+00,7.500000000000000000e+01
9.645108140011168985e+01,1.000000000000000000e+00,7.500000000000000000e+01
9.165523710908537680e+01,1.000000000000000000e+00,7.500000000000000000e+01
9.573543461612945293e+01,1.000000000000000000e+00,7.500000000000000000e+01
9.412256315594262901e+01,1.000000000000000000e+00,7.500000000000000000e+01
9.531469007582592212e+01,1.000000000000000000e+00,7.500000000000000000e+01
9.497012174089778114e+01,1.000000000000000000e+00,7.500000000000000000e+01
9.527986015670944653e+01,1.000000000000000000e+00,7.500000000000000000e+01
9.217625015068583139e+01,1.000000000000000000e+00,7.500000000000000000e+01
9.626956823117369311e+01,1.000000000000000000e+00,7.500000000000000000e+01
9.638295951030936237e+01,1.000000000000000000e+00,7.500000000000000000e+01
9.375678201098321551e+01,1.000000000000000000e+00,7.500000000000000000e+01
9.701277170798462635e+01,1.000000000000000000e+00,7.500000000000000000e+01
9.268516375009699004e+01,1.000000000000000000e+00,7.500000000000000000e+01
9.440790521809618951e+01,1.000000000000000000e+00,7.500000000000000000e+01
9.637487219923595205e+01,1.000000000000000000e+00,7.500000000000000000e+01
9.126805558300837617e+01,1.000000000000000000e+00,7.500000000000000000e+01
9.494569868728416395e+01,1.000000000000000000e+00,7.500000000000000000e+01
9.277820249626111604e+01,1.000000000000000000e+00,7.500000000000000000e+01
9.728882748625974841e+01,1.000000000000000000e+00,7.500000000000000000e+01
9.259412264900922196e+01,1.000000000000000000e+00,7.500000000000000000e+01
9.481089044388377829e+01,1.000000000000000000e+00,7.500000000000000000e+01
9.639344042456151840e+01,1.000000000000000000e+00,7.500000000000000000e+01
9.588606864394806450e+01,1.000000000000000000e+00,7.500000000000000000e+01
9.491645231356166335e+01,1.000000000000000000e+00,7.500000000000000000e+01
9.223356602356770395e+01,1.000000000000000000e+00,7.500000000000000000e+01
9.165848568444127409e+01,1.000000000000000000e+00,7.500000000000000000e+01
9.311421662156570278e+01,1.000000000000000000e+00,7.500000000000000000e+01
9.716500851384705584e+01,1.000000000000000000e+00,7.500000000000000000e+01
9.487320106016349541e+01,1.000000000000000000e+00,7.500000000000000000e+01
9.716554824182694006e+01,1.000000000000000000e+00,7.500000000000000000e+01
9.669193687494878020e+01,1.000000000000000000e+00,7.500000000000000000e+01
9.631527879622635169e+01,1.000000000000000000e+00,7.500000000000000000e+01
9.292701760384210274e+01,1.000000000000000000e+00,7.500000000000000000e+01
9.546405339808489998e+01,1.000000000000000000e+00,7.500000000000000000e+01
9.292276232922412760e+01,1.000000000000000000e+00,7.500000000000000000e+01
9.386129493279193525e+01,1.000000000000000000e+00,7.500000000000000000e+01
9.423444517237291507e+01,1.000000000000000000e+00,7.500000000000000000e+01
9.773229618367361127e+01,1.000000000000000000e+00,7.500000000000000000e+01
9.350687812807878174e+01,1.000000000000000000e+00,7.500000000000000000e+01
9.896959198104488564e+01,1.000000000000000000e+00,7.500000000000000000e+01
9.365471175633985013e+01,1.000000000000000000e+00,7.500000000000000000e+01
9.418446661850745727e+01,1.000000000000000000e+00,7.500000000000000000e+01
9.382210739037678593e+01,1.000000000000000000e+00,7.500000000000000000e+01
9.421007000010538945e+01,1.000000000000000000e+00,7.500000000000000000e+01
9.854053211132310253e+01,1.000000000000000000e+00,7.500000000000000000e+01
9.662085560575839338e+01,1.000000000000000000e+00,7.500000000000000000e+01
9.553792431403313401e+01,1.000000000000000000e+00,7.500000000000000000e+01
9.709767746990327453e+01,1.000000000000000000e+00,7.500000000000000000e+01
9.515638233246714606e+01,1.000000000000000000e+00,7.500000000000000000e+01
9.542390588749422875e+01,1.000000000000000000e+00,7.500000000000000000e+01
9.937816112109742051e+01,1.000000000000000000e+00,7.500000000000000000e+01
9.354652363712341412e+01,1.000000000000000000e+00,7.500000000000000000e+01
9.272823116877410143e+01,1.000000000000000000e+00,7.500000000000000000e+01
9.666709875889017667e+01,1.000000000000000000e+00,7.500000000000000000e+01
9.602261542470304789e+01,1.000000000000000000e+00,7.500000000000000000e+01
9.507824860646185527e+01,1.000000000000000000e+00,7.500000000000000000e+01
9.224421125206453098e+01,1.000000000000000000e+00,7.500000000000000000e+01
9.666079582077405519e+01,1.000000000000000000e+00,7.500000000000000000e+01
9.371512191677010151e+01,1.000000000000000000e+00,7.500000000000000000e+01
9.809500466399202878e+01,1.000000000000000000e+00,7.500000000000000000e+01
9.685732007801236421e+01,1.000000000000000000e+00,7.500000000000000000e+01
9.273307537113990406e+01,1.000000000000000000e+00,7.500000000000000000e+01
9.415955017185108034e+01,1.000000000000000000e+00,7.500000000000000000e+01
9.618755687046730429e+01,1.000000000000000000e+00,7.500000000000000000e+01
9.436609169521024398e+01,1.000000000000000000e+00,7.500000000000000000e+01
9.567081831579054096e+01,1.000000000000000000e+00,7.500000000000000000e+01
9.126706208748457527e+01,1.000000000000000000e+00,7.500000000000000000e+01
9.375835355886097489e+01,1.000000000000000000e+00,7.500000000000000000e+01
9.710410110874062184e+01,1.000000000000000000e+00,7.500000000000000000e+01
9.686286794538696654e+01,1.000000000000000000e+00,7.500000000000000000e+01
9.658586992006814853e+01,1.000000000000000000e+00,7.500000000000000000e+01
9.121046182857469375e+01,1.000000000000000000e+00,7.500000000000000000e+01
9.676436906552122252e+01,1.000000000000000000e+00,7.500000000000000000e+01
9.306305007240121085e+01,1.000000000000000000e+00,7.500000000000000000e+01
9.324628160067878468e+01,1.000000000000000000e+00,7.500000000000000000e+01
9.424373584567398154e+01,1.000000000000000000e+00,7.500000000000000000e+01
9.561813801603048546e+01,1.000000000000000000e+00,7.500000000000000000e+01
9.456072486365994223e+01,1.000000000000000000e+00,7.500000000000000000e+01
9.345730316515889058e+01,1.000000000000000000e+00,7.500000000000000000e+01
9.267974011279795832e+01,1.000000000000000000e+00,7.500000000000000000e+01
9.380182914976215613e+01,1.000000000000000000e+00,7.500000000000000000e+01
9.275698050165212294e+01,1.000000000000000000e+00,7.500000000000000000e+01
9.102147974364764593e+01,1.000000000000000000e+00,7.500000000000000000e+01
9.528190386149991298e+01,1.000000000000000000e+00,7.500000000000000000e+01
1.435350962037688305e+02,1.000000000000000000e+00,7.500000000000000000e+01
1.426766308361200117e+02,1.000000000000000000e+00,7.500000000000000000e+01
1.452127592912325156e+02,1.000000000000000000e+00,7.500000000000000000e+01
1.417216460120912132e+02,1.000000000000000000e+00,7.500000000000000000e+01
1.445340492035085447e+02,1.000000000000000000e+00,7.500000000000000000e+01
1.443715607518163893e+02,1.000000000000000000e+00,7.500000000000000000e+01
1.423517518717960684e+02,1.000000000000000000e+00,7.500000000000000000e+01
1.439450846384474971e+02,1.000000000000000000e+00,7.500000000000000000e+01
1.419841292064031393e+02,1.000000000000000000e+00,7.500000000000000000e+01
1.357528417112181103e+02,1.000000000000000000e+00,7.500000000000000000e+01
1.447567448131889591e+02,1.000000000000000000e+00,7.500000000000000000e+01
1.394861774531665333e+02,1.000000000000000000e+00,7.500000000000000000e+01
1.503928352940452555e+02,1.000000000000000000e+00,7.500000000000000000e+01
1.514973684802795333e+02,1.000000000000000000e+00,7.500000000000000000e+01
1.543626936082750376e+02,1.000000000000000000e+00,7.500000000000000000e+01
1.513196325126231727e+02,1.000000000000000000e+00,7.500000000000000000e+01
1.506428564385998641e+02,1.000000000000000000e+00,7.500000000000000000e+01
1.532077666789508044e+02,1.000000000000000000e+00,7.500000000000000000e+01
1.514434061004474756e+02,1.000000000000000000e+00,7.500000000000000000e+01
1.486854015904315531e+02,1.000000000000000000e+00,7.500000000000000000e+01
1.507556163586909292e+02,1.000000000000000000e+00,7.500000000000000000e+01
1.533781203228802781e+02,1.000000000000000000e+00,7.500000000000000000e+01
1.523290620763476966e+02,1.000000000000000000e+00,7.500000000000000000e+01
1.558697343870553595e+02,1.000000000000000000e+00,7.500000000000000000e+01
1.573915444450094014e+02,1.000000000000000000e+00,7.500000000000000000e+01
1.559249624426233254e+02,1.000000000000000000e+00,7.500000000000000000e+01
1.554155660153050462e+02,1.000000000000000000e+00,7.500000000000000000e+01
1.530453992594052579e+02,1.000000000000000000e+00,7.500000000000000000e+01
1.566233044609819558e+02,1.000000000000000000e+00,7.500000000000000000e+01
1.541225103109541124e+02,1.000000000000000000e+00,7.500000000000000000e+01
1.554119566022544916e+02,1.000000000000000000e+00,7.500000000000000000e+01
1.538883446266412705e+02,1.000000000000000000e+00,7.500000000000000000e+01
1.550625528095597474e+02,1.000000000000000000e+00,7.500000000000000000e+01
1.537845182866622906e+02,1.000000000000000000e+00,7.500000000000000000e+01
1.521559396204831387e+02,1.000000000000000000e+00,7.500000000000000000e+01
1.535492695688521394e+02,1.000000000000000000e+00,7.500000000000000000e+01
1.499532394991111062e+02,1.000000000000000000e+00,7.500000000000000000e+01
1.554651083208187572e+02,1.000000000000000000e+00,7.500000000000000000e+01
1.539206414166528134e+02,1.000000000000000000e+00,7.500000000000000000e+01
1.594279354965312336e+02,1.000000000000000000e+00,7.500000000000000000e+01
1.560834924110323243e+02,1.000000000000000000e+00,7.500000000000000000e+01
1.554685014215075967e+02,1.000000000000000000e+00,7.500000000000000000e+01
1.550743505171494974e+02,1.000000000000000000e+00,7.500000000000000000e+01
1.573146942081308168e+02,1.000000000000000000e+00,7.500000000000000000e+01
1.540333300563421517e+02,1.000000000000000000e+00,7.500000000000000000e+01
1.559184783135631847e+02,1.000000000000000000e+00,7.500000000000000000e+01
1.537840028644851600e+02,1.000000000000000000e+00,7.500000000000000000e+01
1.564183171378976454e+02,1.000000000000000000e+00,7.500000000000000000e+01
1.546771448184695146e+02,1.000000000000000000e+00,7.500000000000000000e+01
1.525982192076324395e+02,1.000000000000000000e+00,7.500000000000000000e+01
1.558641443624309488e+02,1.000000000000000000e+00,7.500000000000000000e+01
1.562278437463124590e+02,1.000000000000000000e+00,7.500000000000000000e+01
1.552461701927846889e+02,1.000000000000000000e+00,7.500000000000000000e+01
1.557615024469130844e+02,1.000000000000000000e+00,7.500000000000000000e+01
1.567969818180308721e+02,1.000000000000000000e+00,7.500000000000000000e+01
1.572848072346544086e+02,1.000000000000000000e+00,7.500000000000000000e+01
1.548554873452653169e+02,1.000000000000000000e+00,7.500000000000000000e+01
1.526854231122635497e+02,1.000000000000000000e+00,7.500000000000000000e+01
1.550714778017829758e+02,1.000000000000000000e+00,7.500000000000000000e+01
1.517813471867309261e+02,1.000000000000000000e+00,7.500000000000000000e+01
1.586620260096234745e+02,1.000000000000000000e+00,7.500000000000000000e+01
1.571960868714010076e+02,1.000000000000000000e+00,7.500000000000000000e+01
1.593722632359131808e+02,1.000000000000000000e+00,7.500000000000000000e+01
1.543275261877698199e+02,1.000000000000000000e+00,7.500000000000000000e+01
1.580577394619978122e+02,1.000000000000000000e+00,7.500000000000000000e+01
1.561556765600869028e+02,1.000000000000000000e+00,7.500000000000000000e+01
1.562161500450890230e+02,1.000000000000000000e+00,7.500000000000000000e+01
1.514181246774293186e+02,1.000000000000000000e+00,7.500000000000000000e+01
1.567680789517779090e+02,1.000000000000000000e+00,7.500000000000000000e+01
1.522009140154188174e+02,1.000000000000000000e+00,7.500000000000000000e+01
1.569681378287837106e+02,1.000000000000000000e+00,7.500000000000000000e+01
1.540803611346763660e+02,1.000000000000000000e+00,7.500000000000000000e+01
1.531153796096676274e+02,1.000000000000000000e+00,7.500000000000000000e+01
1.566912454998545172e+02,1.000000000000000000e+00,7.500000000000000000e+01
1.577202729670084409e+02,1.000000000000000000e+00,7.500000000000000000e+01
1.581350461129386815e+02,1.000000000000000000e+00,7.500000000000000000e+01
1.578068360417603913e+02,1.000000000000000000e+00,7.500000000000000000e+01
1.536612424174975331e+02,1.000000000000000000e+00,7.500000000000000000e+01
1.527256694817561424e+02,1.000000000000000000e+00,7.500000000000000000e+01
1.518056887028226924e+02,1.000000000000000000e+00,7.500000000000000000e+01
1.530267399721968786e+02,1.000000000000000000e+00,7.500000000000000000e+01
1.522362966387329379e+02,1.000000000000000000e+00,7.500000000000000000e+01
1.562109963259334506e+02,1.000000000000000000e+00,7.500000000000000000e+01
1.544026786177196868e+02,1.000000000000000000e+00,7.500000000000000000e+01
1.536463573270961263e+02,1.000000000000000000e+00,7.500000000000000000e+01
1.526389174834102960e+02,1.000000000000000000e+00,7.500000000000000000e+01
1.537170448442489317e+02,1.000000000000000000e+00,7.500000000000000000e+01
1.541933118358637955e+02,1.000000000000000000e+00,7.500000000000000000e+01
1.555187893199023392e+02,1.000000000000000000e+00,7.500000000000000000e+01
1.567167406569107015e+02,1.000000000000000000e+00,7.500000000000000000e+01
1.562051591872334200e+02,1.000000000000000000e+00,7.500000000000000000e+01
1.555876280058216707e+02,1.000000000000000000e+00,7.500000000000000000e+01
1.582841586720916780e+02,1.000000000000000000e+00,7.500000000000000000e+01
1.566432210819681359e+02,1.000000000000000000e+00,7.500000000000000000e+01
1.551432318017831165e+02,1.000000000000000000e+00,7.500000000000000000e+01
1.542780755654785878e+02,1.000000000000000000e+00,7.500000000000000000e+01
1.539351010504543638e+02,1.000000000000000000e+00,7.500000000000000000e+01
1.522648390299423795e+02,1.000000000000000000e+00,7.500000000000000000e+01
1.563001530883784937e+02,1.000000000000000000e+00,7.500000000000000000e+01
1.522285316131693378e+02,1.000000000000000000e+00,7.500000000000000000e+01
1.583584640421141785e+02,1.000000000000000000e+00,7.500000000000000000e+01
7.986736979207367426e+01,0.000000000000000000e+00,0.000000000000000000e+00
8.295913498675182041e+01,0.000000000000000000e+00,0.000000000000000000e+00
8.158637026289201799e+01,0.000000000000000000e+00,0.000000000000000000e+00
8.110340349963595941e+01,0.000000000000000000e+00,0.000000000000000000e+00
7.688058244364924576e+01,0.000000000000000000e+00,0.000000000000000000e+00
8.082368038312144165e+01,0.000000000000000000e+00,0.000000000000000000e+00
7.976237358339531625e+01,0.000000000000000000e+00,0.000000000000000000e+00
2.967574547032954868e+01,0.000000000000000000e+00,0.000000000000000000e+00
3.304915651033576296e+01,0.000000000000000000e+00,0.000000000000000000e+00
3.347859504794157459e+01,0.000000000000000000e+00,0.000000000000000000e+00
3.307451543834120145e+01,0.000000000000000000e+00,0.000000000000000000e+00
3.256741614047431455e+01,0.000000000000000000e+00,0.000000000000000000e+00
2.958345336214678767e+01,0.000000000000000000e+00,0.000000000000000000e+00
2.991624271408348079e+01,0.000000000000000000e+00,0.000000000000000000e+00
3.318199465712486074e+01,0.000000000000000000e+00,0.000000000000000000e+00
3.870527133602247716e+01,0.000000000000000000e+00,0.000000000000000000e+00
3.248157172546815730e+01,0.000000000000000000e+00,0.000000000000000000e+00
3.485877615717599554e+01,0.000000000000000000e+00,0.000000000000000000e+00
2.939608702328224510e+01,0.000000000000000000e+00,0.000000000000000000e+00
2.709843530537045808e+01,0.000000000000000000e+00,0.000000000000000000e+00
2.324491090463573784e+01,0.000000000000000000e+00,0.000000000000000000e+00
2.319724747296475442e+01,0.000000000000000000e+00,0.000000000000000000e+00
2.507801806070190764e+01,0.000000000000000000e+00,0.000000000000000000e+00
2.258974594055544571e+01,0.000000000000000000e+00,0.000000000000000000e+00
2.521965609001354736e+01,0.000000000000000000e+00,0.000000000000000000e+00
2.298545056891003924e+01,0.000000000000000000e+00,0.000000000000000000e+00
1.940025762042882462e+01,0.000000000000000000e+00,0.000000000000000000e+00
2.354242078832252005e+01,0.000000000000000000e+00,0.000000000000000000e+00
2.320543988028408222e+01,0.000000000000000000e+00,0.000000000000000000e+00
2.356374885521086071e+01,0.000000000000000000e+00,0.000000000000000000e+00
2.631090430065591335e+01,0.000000000000000000e+00,0.000000000000000000e+00
2.149513387062688352e+01,0.000000000000000000e+00,0.000000000000000000e+00
2.052444637688993012e+01,0.000000000000000000e+00,0.000000000000000000e+00
2.102617130275842072e+01,0.000000000000000000e+00,0.000000000000000000e+00
1.923981910265399620e+01,0.000000000000000000e+00,0.000000000000000000e+00
2.092217119717144058e+01,0.000000000000000000e+00,0.000000000000000000e+00
1.936092450180750646e+01,0.000000000000000000e+00,0.000000000000000000e+00
2.056814610401498555e+01,0.000000000000000000e+00,0.000000000000000000e+00
2.311361851141235491e+01,0.000000000000000000e+00,0.000000000000000000e+00
2.269879793495360332e+01,0.000000000000000000e+00,0.000000000000000000e+00
1.884515734402416598e+01,0.000000000000000000e+00,0.000000000000000000e+00
2.033480995019860416e+01,0.000000000000000000e+00,0.000000000000000000e+00
1.939636327429588292e+01,0.000000000000000000e+00,0.000000000000000000e+00
2.108826987581597479e+01,0.000000000000000000e+00,0.000000000000000000e+00
1.791354569977324829e+01,0.000000000000000000e+00,0.000000000000000000e+00
2.097520895570419697e+01,0.000000000000000000e+00,0.000000000000000000e+00
1.947022381609674468e+01,0.000000000000000000e+00,0.000000000000000000e+00
2.201213264224701760e+01,0.000000000000000000e+00,0.000000000000000000e+00
1.960820172102503278e+01,0.000000000000000000e+00,0.000000000000000000e+00
2.160670656740864359e+01,0.000000000000000000e+00,0.000000000000000000e+00
2.548124866633395769e+01,0.000000000000000000e+00,0.000000000000000000e+00
1.932561487598441374e+01,0.000000000000000000e+00,0.000000000000000000e+00
2.085028442962892825e+01,0.000000000000000000e+00,0.000000000000000000e+00
1.838938191590975180e+01,0.000000000000000000e+00,0.000000000000000000e+00
1.642848796037043968e+01,0.000000000000000000e+00,0.000000000000000000e+00
2.102325217631771181e+01,0.000000000000000000e+00,0.000000000000000000e+00
2.333933973366131909e+01,0.000000000000000000e+00,0.000000000000000000e+00
2.047632806053517385e+01,0.000000000000000000e+00,0.000000000000000000e+00
1.811313822202256318e+01,0.000000000000000000e+00,0.000000000000000000e+00
2.018857652031481109e+01,0.000000000000000000e+00,0.000000000000000000e+00
1.627535250487240859e+01,0.000000000000000000e+00,0.000000000000000000e+00
1.945184676188595319e+01,0.000000000000000000e+00,0.000000000000000000e+00
1.582206893295731120e+01,0.000000000000000000e+00,0.000000000000000000e+00
2.035188810856863029e+01,0.000000000000000000e+00,0.000000000000000000e+00
1.781685846776357351e+01,0.000000000000000000e+00,0.000000000000000000e+00
2.076949466463571525e+01,0.000000000000000000e+00,0.000000000000000000e+00
2.210680477809762579e+01,0.000000000000000000e+00,0.000000000000000000e+00
2.174437921946544350e+01,0.000000000000000000e+00,0.000000000000000000e+00
1.825121960747341276e+01,0.000000000000000000e+00,0.000000000000000000e+00
2.247039044686354714e+01,0.000000000000000000e+00,0.000000000000000000e+00
1.954767256462287150e+01,0.000000000000000000e+00,0.000000000000000000e+00
2.285939416174716143e+01,0.000000000000000000e+00,0.000000000000000000e+00
1.865409474210241569e+01,0.000000000000000000e+00,0.000000000000000000e+00
1.962835293844231543e+01,0.000000000000000000e+00,0.000000000000000000e+00
2.028941842215381897e+01,0.000000000000000000e+00,0.000000000000000000e+00
1.889869810748824719e+01,0.000000000000000000e+00,0.000000000000000000e+00
1.949960308274148346e+01,0.000000000000000000e+00,0.000000000000000000e+00
2.268578323673403574e+01,0.000000000000000000e+00,0.000000000000000000e+00
1.912948084819502981e+01,0.000000000000000000e+00,0.000000000000000000e+00
1.721958601982772663e+01,0.000000000000000000e+00,0.000000000000000000e+00
2.159197470953547793e+01,0.000000000000000000e+00,0.000000000000000000e+00
1.796641375919984895e+01,0.000000000000000000e+00,0.000000000000000000e+00
2.252780603009170690e+01,0.000000000000000000e+00,0.000000000000000000e+00
1.775022845829875706e+01,0.000000000000000000e+00,0.000000000000000000e+00
1.920221431513533261e+01,0.000000000000000000e+00,0.000000000000000000e+00
1.789542360319146752e+01,0.000000000000000000e+00,0.000000000000000000e+00
1.741935899211720695e+01,0.000000000000000000e+00,0.000000000000000000e+00
1.742562994648103114e+01,0.000000000000000000e+00,0.000000000000000000e+00
1.924092111432452867e+01,0.000000000000000000e+00,0.000000000000000000e+00
1.619796358426149041e+01,0.000000000000000000e+00,0.000000000000000000e+00
1.868269841658892361e+01,0.000000000000000000e+00,0.000000000000000000e+00
2.148386345083606841e+01,0.000000000000000000e+00,0.000000000000000000e+00
1.960965164267614114e+01,0.000000000000000000e+00,0.000000000000000000e+00
1.978345249033276332e+01,0.000000000000000000e+00,0.000000000000000000e+00
2.209081557145655239e+01,0.000000000000000000e+00,0.000000000000000000e+00
2.118679669546316902e+01,0.000000000000000000e+00,0.000000000000000000e+00
1.730546154427925387e+01,0.000000000000000000e+00,0.000000000000000000e+00
1.723715506744294856e+01,0.000000000000000000e+00,0.000000000000000000e+00
1.936464927441977579e+01,0.000000000000000000e+00,0.000000000000000000e+00
1.713393567388736827e+01,0.000000000000000000e+00,0.000000000000000000e+00
2.404010185929511678e+01,0.000000000000000000e+00,0.000000000000000000e+00
1.877462820637313001e+01,0.000000000000000000e+00,0.000000000000000000e+00
1.871992131506424784e+01,0.000000000000000000e+00,0.000000000000000000e+00
1.981609329960580368e+01,0.000000000000000000e+00,0.000000000000000000e+00
2.174722344823642928e+01,0.000000000000000000e+00,0.000000000000000000e+00
2.374728084906412207e+01,0.000000000000000000e+00,0.000000000000000000e+00
2.389339174896902662e+01,0.000000000000000000e+00,0.000000000000000000e+00
1.824991335632481793e+01,0.000000000000000000e+00,0.000000000000000000e+00
2.095900297948268687e+01,0.000000000000000000e+00,0.000000000000000000e+00
1.749371334222447416e+01,0.000000000000000000e+00,0.000000000000000000e+00
2.023253223774770504e+01,0.000000000000000000e+00,0.000000000000000000e+00
2.405594771661206721e+01,0.000000000000000000e+00,0.000000000000000000e+00
1.926425322618721125e+01,0.000000000000000000e+00,0.000000000000000000e+00
1.988107823568241983e+01,0.000000000000000000e+00,0.000000000000000000e+00
1.906208596858339277e+01,0.000000000000000000e+00,0.000000000000000000e+00
2.094655762452149617e+01,0.000000000000000000e+00,0.000000000000000000e+00
1.952444948335999797e+01,0.000000000000000000e+00,0.000000000000000000e+00
2.022094393837365089e+01,0.000000000000000000e+00,0.000000000000000000e+00
1.586667807519684992e+01,0.000000000000000000e+00,0.000000000000000000e+00
2.080344961674218851e+01,0.000000000000000000e+00,0.000000000000000000e+00
1.877240179354238236e+01,0.000000000000000000e+00,0.000000000000000000e+00
2.059998071017525234e+01,0.000000000000000000e+00,0.000000000000000000e+00
2.030705347799359117e+01,0.000000000000000000e+00,0.000000000000000000e+00
1.862860928494484725e+01,0.000000000000000000e+00,0.000000000000000000e+00
2.234061114637668055e+01,0.000000000000000000e+00,0.000000000000000000e+00
2.122199174624490681e+01,0.000000000000000000e+00,0.000000000000000000e+00
2.030978912831866978e+01,0.000000000000000000e+00,0.000000000000000000e+00
1.901003765933140244e+01,0.000000000000000000e+00,0.000000000000000000e+00
1.713936213568016242e+01,0.000000000000000000e+00,0.000000000000000000e+00
1.862705684736815925e+01,0.000000000000000000e+00,0.000000000000000000e+00
2.510034556226109714e+01,0.000000000000000000e+00,0.000000000000000000e+00
1.916721397582084307e+01,0.000000000000000000e+00,0.000000000000000000e+00
2.059046671256463057e+01,0.000000000000000000e+00,0.000000000000000000e+00
2.228225500078694310e+01,0.000000000000000000e+00,0.000000000000000000e+00
2.274031658431905001e+01,0.000000000000000000e+00,0.000000000000000000e+00
1.509990518331836995e+01,0.000000000000000000e+00,0.000000000000000000e+00
2.207812534976994812e+01,0.000000000000000000e+00,0.000000000000000000e+00
1.708885446859310520e+01,0.000000000000000000e+00,0.000000000000000000e+00
1.789655023396996825e+01,0.000000000000000000e+00,0.000000000000000000e+00
1.717679657380532277e+01,0.000000000000000000e+00,0.000000000000000000e+00
1.873506414027188782e+01,0.000000000000000000e+00,0.000000000000000000e+00
1.918417996918271839e+01,0.000000000000000000e+00,0.000000000000000000e+00
1.945372359600022705e+01,0.000000000000000000e+00,0.000000000000000000e+00
2.260476168396503382e+01,0.000000000000000000e+00,0.000000000000000000e+00
2.143911261635563648e+01,0.000000000000000000e+00,0.000000000000000000e+00
2.128124908704173990e+01,0.000000000000000000e+00,0.000000000000000000e+00
2.175117143945501041e+01,0.000000000000000000e+00,0.000000000000000000e+00
2.121275980092709545e+01,0.000000000000000000e+00,0.000000000000000000e+00
2.025165360991051955e+01,0.000000000000000000e+00,0.000000000000000000e+00
2.100728130500651858e+01,0.000000000000000000e+00,0.000000000000000000e+00
2.083709185029640665e+01,0.000000000000000000e+00,0.000000000000000000e+00
1.742610517345117671e+01,0.000000000000000000e+00,0.000000000000000000e+00
1.945675918955507200e+01,0.000000000000000000e+00,0.000000000000000000e+00
2.046207074321817743e+01,0.000000000000000000e+00,0.000000000000000000e+00
1.859099354116204950e+01,0.000000000000000000e+00,0.000000000000000000e+00
1.861519001791165095e+01,0.000000000000000000e+00,0.000000000000000000e+00
1.573217117158078082e+01,0.000000000000000000e+00,0.000000000000000000e+00
2.028750244865664243e+01,0.000000000000000000e+00,0.000000000000000000e+00
2.102265764917148161e+01,0.000000000000000000e+00,0.000000000000000000e+00
1.935677623081539878e+01,0.000000000000000000e+00,0.000000000000000000e+00
2.375275394144466645e+01,0.000000000000000000e+00,0.000000000000000000e+00
1.983069649439734050e+01,0.000000000000000000e+00,0.000000000000000000e+00
2.009450903685706535e+01,0.000000000000000000e+00,0.000000000000000000e+00
1.950797033055341601e+01,0.000000000000000000e+00,0.000000000000000000e+00
2.032620120673680830e+01,0.000000000000000000e+00,0.000000000000000000e+00
2.142354122567310171e+01,0.000000000000000000e+00,0.000000000000000000e+00
1.979821933991020089e+01,0.000000000000000000e+00,0.000000000000000000e+00
1.791963377534855439e+01,0.000000000000000000e+00,0.000000000000000000e+00
1.976355153224370653e+01,0.000000000000000000e+00,0.000000000000000000e+00
1.964621164942674270e+01,0.000000000000000000e+00,0.000000000000000000e+00
2.103002821775739761e+01,0.000000000000000000e+00,0.000000000000000000e+00
1.941334801132685683e+01,0.000000000000000000e+00,0.000000000000000000e+00
2.135063692556008874e+01,0.000000000000000000e+00,0.000000000000000000e+00
1.784879278695915872e+01,0.000000000000000000e+00,0.000000000000000000e+00
1.823675090587503789e+01,0.000000000000000000e+00,0.000000000000000000e+00
1.959770357687220255e+01,0.000000000000000000e+00,0.000000000000000000e+00
2.003873620235628650e+01,0.000000000000000000e+00,0.000000000000000000e+00
2.254912738680125628e+01,0.000000000000000000e+00,0.000000000000000000e+00
1.845498864260283867e+01,0.000000000000000000e+00,0.000000000000000000e+00
2.097309825804799743e+01,0.000000000000000000e+00,0.000000000000000000e+00
2.099810720343610626e+01,0.000000000000000000e+00,0.000000000000000000e+00
1.863232567698483422e+01,0.000000000000000000e+00,0.000000000000000000e+00
2.322541803165914587e+01,0.000000000000000000e+00,0.000000000000000000e+00
2.044783929144913159e+01,0.000000000000000000e+00,0.000000000000000000e+00
1.721291909544186538e+01,0.000000000000000000e+00,0.000000000000000000e+00
2.157543714315703198e+01,0.000000000000000000e+00,0.000000000000000000e+00
1.668634985093881795e+01,0.000000000000000000e+00,0.000000000000000000e+00
6.801100262952478204e+01,0.000000000000000000e+00,0.000000000000000000e+00
6.933046370828270710e+01,0.000000000000000000e+00,0.000000000000000000e+00
6.845028012138118356e+01,0.000000000000000000e+00,0.000000000000000000e+00
6.577963368379562326e+01,0.000000000000000000e+00,0.000000000000000000e+00
6.685835866565042807e+01,0.000000000000000000e+00,0.000000000000000000e+00
6.421328407002634719e+01,0.000000000000000000e+00,0.000000000000000000e+00
6.675150188445522303e+01,0.000000000000000000e+00,0.000000000000000000e+00
7.190041564980653277e+01,0.000000000000000000e+00,0.000000000000000000e+00
6.984716597036195651e+01,0.000000000000000000e+00,0.000000000000000000e+00
6.445627868157366436e+01,0.000000000000000000e+00,0.000000000000000000e+00
7.073998735057743659e+01,0.000000000000000000e+00,0.000000000000000000e+00
6.967166395151991765e+01,0.000000000000000000e+00,0.000000000000000000e+00
7.731246790792263823e+01,0.000000000000000000e+00,0.000000000000000000e+00
8.072009578326434109e+01,0.000000000000000000e+00,0.000000000000000000e+00
7.558633637538943617e+01,0.000000000000000000e+00,0.000000000000000000e+00
7.718038154530350425e+01,0.000000000000000000e+00,0.000000000000000000e+00
7.738955918032614534e+01,0.000000000000000000e+00,0.000000000000000000e+00
8.123216406072258167e+01,0.000000000000000000e+00,0.000000000000000000e+00
7.798428307545519544e+01,0.000000000000000000e+00,0.000000000000000000e+00
7.796810440352355442e+01,0.000000000000000000e+00,0.000000000000000000e+00
7.739815162952724847e+01,0.000000000000000000e+00,0.000000000000000000e+00
8.104744027891140945e+01,0.000000000000000000e+00,0.000000000000000000e+00
7.755824801211568342e+01,0.000000000000000000e+00,0.000000000000000000e+00
7.677854601330244577e+01,0.000000000000000000e+00,0.000000000000000000e+00
7.706190662869742880e+01,0.000000000000000000e+00,0.000000000000000000e+00
7.955838837313278589e+01,0.000000000000000000e+00,0.000000000000000000e+00
8.194782742966694400e+01,0.000000000000000000e+00,0.000000000000000000e+00
7.638063648771348824e+01,0.000000000000000000e+00,0.000000000000000000e+00
8.026275226875971214e+01,0.000000000000000000e+00,0.000000000000000000e+00
7.940241715640381415e+01,0.000000000000000000e+00,0.000000000000000000e+00
8.273318452816614865e+01,0.000000000000000000e+00,0.000000000000000000e+00
8.187659018230398544e+01,0.000000000000000000e+00,0.000000000000000000e+00
7.853322992836713468e+01,0.000000000000000000e+00,0.000000000000000000e+00
7.496181342943657455e+01,0.000000000000000000e+00,0.000000000000000000e+00
7.995200300759871936e+01,0.000000000000000000e+00,0.000000000000000000e+00
7.971474351265115388e+01,0.000000000000000000e+00,0.000000000000000000e+00
7.872808676663974836e+01,0.000000000000000000e+00,0.000000000000000000e+00
8.103563818833488597e+01,0.000000000000000000e+00,0.000000000000000000e+00
7.869736152519234906e+01,0.000000000000000000e+00,0.000000000000000000e+00
7.710767498799982889e+01,0.000000000000000000e+00,0.000000000000000000e+00
7.771615655172288939e+01,0.000000000000000000e+00,0.000000000000000000e+00
7.995832515881349423e+01,0.000000000000000000e+00,0.000000000000000000e+00
7.991295390531597320e+01,0.000000000000000000e+00,0.000000000000000000e+00
8.040986656909376507e+01,0.000000000000000000e+00,0.000000000000000000e+00
8.038833905675774361e+01,0.000000000000000000e+00,0.000000000000000000e+00
7.842325278354184093e+01,0.000000000000000000e+00,0.000000000000000000e+00
7.798179492242798005e+01,0.000000000000000000e+00,0.000000000000000000e+00
8.334567681175627740e+01,0.000000000000000000e+00,0.000000000000000000e+00
8.516218979857477223e+01,0.000000000000000000e+00,0.000000000000000000e+00
8.238300955267419567e+01,0.000000000000000000e+00,0.000000000000000000e+00
7.921922333879378186e+01,0.000000000000000000e+00,0.000000000000000000e+00
8.038516145957223102e+01,0.000000000000000000e+00,0.000000000000000000e+00
8.184445665263821468e+01,0.000000000000000000e+00,0.000000000000000000e+00
7.922404213802718687e+01,0.000000000000000000e+00,0.000000000000000000e+00
8.167922524733948819e+01,0.000000000000000000e+00,0.000000000000000000e+00
7.698975822386272228e+01,0.000000000000000000e+00,0.000000000000000000e+00
8.293738840502224718e+01,0.000000000000000000e+00,0.000000000000000000e+00
7.800420260612733614e+01,0.000000000000000000e+00,0.000000000000000000e+00
7.765048363227933237e+01,0.000000000000000000e+00,0.000000000000000000e+00
8.338170941168638706e+01,0.000000000000000000e+00,0.000000000000000000e+00
8.116890956770537002e+01,0.000000000000000000e+00,0.000000000000000000e+00
7.944969254711030260e+01,0.000000000000000000e+00,0.000000000000000000e+00
8.137911280546283876e+01,0.000000000000000000e+00,0.000000000000000000e+00
7.851364042586872927e+01,0.000000000000000000e+00,0.000000000000000000e+00
7.672610044521101713e+01,0.000000000000000000e+00,0.000000000000000000e+00
7.845018307518064660e+01,0.000000000000000000e+00,0.000000000000000000e+00
8.228552988748118935e+01,0.000000000000000000e+00,0.000000000000000000e+00
7.776088119121484965e+01,0.000000000000000000e+00,0.000000000000000000e+00
8.033157334074195433e+01,0.000000000000000000e+00,0.000000000000000000e+00
7.761683821296811914e+01,0.000000000000000000e+00,0.000000000000000000e+00
8.279078055760329846e+01,0.000000000000000000e+00,0.000000000000000000e+00
8.080333952527857377e+01,0.000000000000000000e+00,0.000000000000000000e+00
8.143310453846602570e+01,0.000000000000000000e+00,0.000000000000000000e+00
7.899998091584775750e+01,0.000000000000000000e+00,0.000000000000000000e+00
8.236439921663730956e+01,0.000000000000000000e+00,0.000000000000000000e+00
8.012144599813160539e+01,0.000000000000000000e+00,0.000000000000000000e+00
7.997200385570522485e+01,0.000000000000000000e+00,0.000000000000000000e+00
7.945942047331024582e+01,0.000000000000000000e+00,0.000000000000000000e+00
8.360439326188748055e+01,0.000000000000000000e+00,0.000000000000000000e+00
7.988942428321739442e+01,0.000000000000000000e+00,0.000000000000000000e+00
8.003613739401527027e+01,0.000000000000000000e+00,0.000000000000000000e+00
8.176682618836966299e+01,0.000000000000000000e+00,0.000000000000000000e+00
7.996134372937449086e+01,0.000000000000000000e+00,0.000000000000000000e+00
7.914067264402066826e+01,0.000000000000000000e+00,0.000000000000000000e+00
7.867740852275152008e+01,0.000000000000000000e+00,0.000000000000000000e+00
7.757640588482455257e+01,0.000000000000000000e+00,0.000000000000000000e+00
8.061459320044319554e+01,0.000000000000000000e+00,0.000000000000000000e+00
8.352225394702404060e+01,0.000000000000000000e+00,0.000000000000000000e+00
8.076064198558820806e+01,0.000000000000000000e+00,0.000000000000000000e+00
8.174812894805432961e+01,0.000000000000000000e+00,0.000000000000000000e+00
8.163118900471076245e+01,0.000000000000000000e+00,0.000000000000000000e+00
7.626121197132323459e+01,0.000000000000000000e+00,0.000000000000000000e+00
8.087242136630018763e+01,0.000000000000000000e+00,0.000000000000000000e+00
7.944302847991072269e+01,0.000000000000000000e+00,0.000000000000000000e+00
8.233704837183965708e+01,0.000000000000000000e+00,0.000000000000000000e+00
8.208699508893241159e+01,0.000000000000000000e+00,0.000000000000000000e+00
8.264600665861756568e+01,0.000000000000000000e+00,0.000000000000000000e+00
8.299278659240003719e+01,0.000000000000000000e+00,0.000000000000000000e+00
7.696563090367513382e+01,0.000000000000000000e+00,0.000000000000000000e+00
7.904246248289676657e+01,0.000000000000000000e+00,0.000000000000000000e+00
8.451843564893850669e+01,0.000000000000000000e+00,0.000000000000000000e+00
7.809703992814296214e+01,0.000000000000000000e+00,0.000000000000000000e+00
7.960573517458310278e+01,0.000000000000000000e+00,0.000000000000000000e+00
8.190975008929807188e+01,0.000000000000000000e+00,0.000000000000000000e+00
7.956290747387022577e+01,0.000000000000000000e+00,0.000000000000000000e+00
8.139914653435506864e+01,0.000000000000000000e+00,0.000000000000000000e+00
8.420078373210964173e+01,0.000000000000000000e+00,0.000000000000000000e+00
8.023783312168994541e+01,0.000000000000000000e+00,0.000000000000000000e+00
3.351121672888108094e+01,0.000000000000000000e+00,0.000000000000000000e+00
3.219645671444425972e+01,0.000000000000000000e+00,0.000000000000000000e+00
3.397190012230844047e+01,0.000000000000000000e+00,0.000000000000000000e+00
3.545296637044796739e+01,0.000000000000000000e+00,0.000000000000000000e+00
3.308902083868678545e+01,0.000000000000000000e+00,0.000000000000000000e+00
3.099497084805823022e+01,0.000000000000000000e+00,0.000000000000000000e+00
2.768879464331956797e+01,0.000000000000000000e+00,0.000000000000000000e+00
3.206506014734623733e+01,0.000000000000000000e+00,0.000000000000000000e+00
3.002015259490131527e+01,0.000000000000000000e+00,0.000000000000000000e+00
3.041773687134814708e+01,0.000000000000000000e+00,0.000000000000000000e+00
2.888757242313200280e+01,0.000000000000000000e+00,0.000000000000000000e+00
3.253026725396264140e+01,0.000000000000000000e+00,0.000000000000000000e+00
2.014300337129417073e+01,0.000000000000000000e+00,0.000000000000000000e+00
1.894035338583842076e+01,0.000000000000000000e+00,0.000000000000000000e+00
2.303150092731726772e+01,0.000000000000000000e+00,0.000000000000000000e+00
2.117145593601271614e+01,0.000000000000000000e+00,0.000000000000000000e+00
2.535991650827823918e+01,0.000000000000000000e+00,0.000000000000000000e+00
2.238070143099045595e+01,0.000000000000000000e+00,0.000000000000000000e+00
2.391192287586315857e+01,0.000000000000000000e+00,0.000000000000000000e+00
2.166898015522497545e+01,0.000000000000000000e+00,0.000000000000000000e+00
2.119777159223728091e+01,0.000000000000000000e+00,0.000000000000000000e+00
2.225008271013784267e+01,0.000000000000000000e+00,0.000000000000000000e+00
2.201007063901612426e+01,0.000000000000000000e+00,0.000000000000000000e+00
2.422120823026476799e+01,0.000000000000000000e+00,0.000000000000000000e+00
1.897415329956887575e+01,0.000000000000000000e+00,0.000000000000000000e+00
1.711958438984039077e+01,0.000000000000000000e+00,0.000000000000000000e+00
1.885870665006795832e+01,0.000000000000000000e+00,0.000000000000000000e+00
2.178325955671190428e+01,0.000000000000000000e+00,0.000000000000000000e+00
2.209949768639759782e+01,0.000000000000000000e+00,0.000000000000000000e+00
1.750090861524092389e+01,0.000000000000000000e+00,0.000000000000000000e+00
1.736318745246174444e+01,0.000000000000000000e+00,0.000000000000000000e+00
1.828397053200211175e+01,0.000000000000000000e+00,0.000000000000000000e+00
2.159047247269849379e+01,0.000000000000000000e+00,0.000000000000000000e+00
2.089664752387399815e+01,0.000000000000000000e+00,0.000000000000000000e+00
1.941709203645235249e+01,0.000000000000000000e+00,0.000000000000000000e+00
2.261631968107961654e+01,0.000000000000000000e+00,0.000000000000000000e+00
2.096949686913293931e+01,0.000000000000000000e+00,0.000000000000000000e+00
2.054245286157487982e+01,0.000000000000000000e+00,0.000000000000000000e+00
2.054712269599513164e+01,0.000000000000000000e+00,0.000000000000000000e+00
2.039548106985283482e+01,0.000000000000000000e+00,0.000000000000000000e+00
2.297741021012881646e+01,0.000000000000000000e+00,0.000000000000000000e+00
2.324171485920496139e+01,0.000000000000000000e+00,0.000000000000000000e+00
1.994667805306542263e+01,0.000000000000000000e+00,0.000000000000000000e+00
1.927177787547046606e+01,0.000000000000000000e+00,0.000000000000000000e+00
1.935310130983896215e+01,0.000000000000000000e+00,0.000000000000000000e+00
2.136287961392844892e+01,0.000000000000000000e+00,0.000000000000000000e+00
1.874896105405723290e+01,0.000000000000000000e+00,0.000000000000000000e+00
1.977343782279790219e+01,0.000000000000000000e+00,0.000000000000000000e+00
2.004203446950150891e+01,0.000000000000000000e+00,0.000000000000000000e+00
1.516435826334161163e+01,0.000000000000000000e+00,0.000000000000000000e+00
2.078940160112375679e+01,0.000000000000000000e+00,0.000000000000000000e+00
1.709843872526206354e+01,0.000000000000000000e+00,0.000000000000000000e+00
1.943967283417832448e+01,0.000000000000000000e+00,0.000000000000000000e+00
2.021374958314362047e+01,0.000000000000000000e+00,0.000000000000000000e+00
2.013279077396715167e+01,0.000000000000000000e+00,0.000000000000000000e+00
1.784804230492171939e+01,0.000000000000000000e+00,0.000000000000000000e+00
1.796576278220094736e+01,0.000000000000000000e+00,0.000000000000000000e+00
2.101214715362493379e+01,0.000000000000000000e+00,0.000000000000000000e+00
1.915925603650745757e+01,0.000000000000000000e+00,0.000000000000000000e+00
2.069683877479893752e+01,0.000000000000000000e+00,0.000000000000000000e+00
2.330847831821465377e+01,0.000000000000000000e+00,0.000000000000000000e+00
1.824343193575699118e+01,0.000000000000000000e+00,0.000000000000000000e+00
1.932126577541392010e+01,0.000000000000000000e+00,0.000000000000000000e+00
2.094556398248460738e+01,0.000000000000000000e+00,0.000000000000000000e+00
2.425427650435616300e+01,0.000000000000000000e+00,0.000000000000000000e+00
1.849060201370146572e+01,0.000000000000000000e+00,0.000000000000000000e+00
1.708528650767725665e+01,0.000000000000000000e+00,0.000000000000000000e+00
2.059548949194088507e+01,0.000000000000000000e+00,0.000000000000000000e+00
2.007523718545682812e+01,0.000000000000000000e+00,0.000000000000000000e+00
2.128784051030202207e+01,0.000000000000000000e+00,0.000000000000000000e+00
2.263536180029574396e+01,0.000000000000000000e+00,0.000000000000000000e+00
1.697729124355235797e+01,0.000000000000000000e+00,0.000000000000000000e+00
2.464461114960108290e+01,0.000000000000000000e+00,0.000000000000000000e+00
2.196674438418316910e+01,0.000000000000000000e+00,0.000000000000000000e+00
2.096769772090131312e+01,0.000000000000000000e+00,0.000000000000000000e+00
2.129142407819505323e+01,0.000000000000000000e+00,0.000000000000000000e+00
1.775362279375868013e+01,0.000000000000000000e+00,0.000000000000000000e+00
1.729390925077444408e+01,0.000000000000000000e+00,0.000000000000000000e+00
1.739929810259939558e+01,0.000000000000000000e+00,0.000000000000000000e+00
1.786303227305161911e+01,0.000000000000000000e+00,0.000000000000000000e+00
1.951198575297608073e+01,0.000000000000000000e+00,0.000000000000000000e+00
1.989739346947999721e+01,0.000000000000000000e+00,0.000000000000000000e+00
1.505041418310239010e+01,0.000000000000000000e+00,0.000000000000000000e+00
1.877737996072093907e+01,0.000000000000000000e+00,0.000000000000000000e+00
1.780182421904098433e+01,0.000000000000000000e+00,0.000000000000000000e+00
1.792828052253497617e+01,0.000000000000000000e+00,0.000000000000000000e+00
1.837207462182723106e+01,0.000000000000000000e+00,0.000000000000000000e+00
1.782700028960339722e+01,0.000000000000000000e+00,0.000000000000000000e+00
2.023816188457174192e+01,0.000000000000000000e+00,0.000000000000000000e+00
1.941399754930152355e+01,0.000000000000000000e+00,0.000000000000000000e+00
1.828444619765134860e+01,0.000000000000000000e+00,0.000000000000000000e+00
2.008698376076521086e+01,0.000000000000000000e+00,0.000000000000000000e+00
1.811900389412168977e+01,0.000000000000000000e+00,0.000000000000000000e+00
1.753742452413003861e+01,0.000000000000000000e+00,0.000000000000000000e+00
2.397442706751621344e+01,0.000000000000000000e+00,0.000000000000000000e+00
1.963836783168345690e+01,0.000000000000000000e+00,0.000000000000000000e+00
2.059708960147502665e+01,0.000000000000000000e+00,0.000000000000000000e+00
1.883280650717703608e+01,0.000000000000000000e+00,0.000000000000000000e+00
2.007324666936354873e+01,0.000000000000000000e+00,0.000000000000000000e+00
2.160038990929150415e+01,0.000000000000000000e+00,0.000000000000000000e+00
1.632318875223318244e+01,0.000000000000000000e+00,0.000000000000000000e+00
1.972958368260698947e+01,0.000000000000000000e+00,0.000000000000000000e+00
2.006526259250397359e+01,0.000000000000000000e+00,0.000000000000000000e+00
2.101180241777899127e+01,0.000000000000000000e+00,0.000000000000000000e+00
2.030855237394610313e+01,0.000000000000000000e+00,0.000000000000000000e+00
1.703569904793507916e+01,0.000000000000000000e+00,0.000000000000000000e+00
1.899865617009908192e+01,0.000000000000000000e+00,0.000000000000000000e+00
2.238207935818717687e+01,0.000000000000000000e+00,0.000000000000000000e+00
2.302724699723638935e+01,0.000000000000000000e+00,0.000000000000000000e+00
2.074079123930075141e+01,0.000000000000000000e+00,0.000000000000000000e+00
1.826385409955256733e+01,0.000000000000000000e+00,0.000000000000000000e+00
1.964682972450771459e+01,0.000000000000000000e+00,0.000000000000000000e+00
2.050417824645762721e+01,0.000000000000000000e+00,0.000000000000000000e+00
2.000585059340860283e+01,0.000000000000000000e+00,0.000000000000000000e+00
1.546706621817292415e+01,0.000000000000000000e+00,0.000000000000000000e+00
2.278388668275879425e+01,0.000000000000000000e+00,0.000000000000000000e+00
2.079904307950562981e+01,0.000000000000000000e+00,0.000000000000000000e+00
1.991876231710644873e+01,0.000000000000000000e+00,0.000000000000000000e+00
1.937893990578241343e+01,0.000000000000000000e+00,0.000000000000000000e+00
2.199840667712955167e+01,0.000000000000000000e+00,0.000000000000000000e+00
2.305070317952763048e+01,0.000000000000000000e+00,0.000000000000000000e+00
2.249588194426460319e+01,0.000000000000000000e+00,0.000000000000000000e+00
1.828504027532972387e+01,0.000000000000000000e+00,0.000000000000000000e+00
1.821826628270761006e+01,0.000000000000000000e+00,0.000000000000000000e+00
2.164608381661424019e+01,0.000000000000000000e+00,0.000000000000000000e+00
2.141959267830366898e+01,0.000000000000000000e+00,0.000000000000000000e+00
2.220113285971727635e+01,0.000000000000000000e+00,0.000000000000000000e+00
2.047064982638422492e+01,0.000000000000000000e+00,0.000000000000000000e+00
2.010262076281439292e+01,0.000000000000000000e+00,0.000000000000000000e+00
2.169925134483027307e+01,0.000000000000000000e+00,0.000000000000000000e+00
2.277235294710632019e+01,0.000000000000000000e+00,0.000000000000000000e+00
2.098536925798237007e+01,0.000000000000000000e+00,0.000000000000000000e+00
1.706540487636971903e+01,0.000000000000000000e+00,0.000000000000000000e+00
2.196433121706457925e+01,0.000000000000000000e+00,0.000000000000000000e+00
2.454353895874663039e+01,0.000000000000000000e+00,0.000000000000000000e+00
1.366058506546507090e+01,0.000000000000000000e+00,0.000000000000000000e+00
1.825240269324950049e+01,0.000000000000000000e+00,0.000000000000000000e+00
1.932710243662274507e+01,0.000000000000000000e+00,0.000000000000000000e+00
2.340180480321879841e+01,0.000000000000000000e+00,0.000000000000000000e+00
2.073480284138366159e+01,0.000000000000000000e+00,0.000000000000000000e+00
2.051796181481594061e+01,0.000000000000000000e+00,0.000000000000000000e+00
2.095737009655391248e+01,0.000000000000000000e+00,0.000000000000000000e+00
2.128194833174940470e+01,0.000000000000000000e+00,0.000000000000000000e+00
2.161272329483543686e+01,0.000000000000000000e+00,0.000000000000000000e+00
2.096534584291300973e+01,0.000000000000000000e+00,0.000000000000000000e+00
2.217024760141537953e+01,0.000000000000000000e+00,0.000000000000000000e+00
2.172625655828194269e+01,0.000000000000000000e+00,0.000000000000000000e+00
2.525754524730133710e+01,0.000000000000000000e+00,0.000000000000000000e+00
2.365205411179310602e+01,0.000000000000000000e+00,0.000000000000000000e+00
1.940788706500757854e+01,0.000000000000000000e+00,0.000000000000000000e+00
1.911284840287616760e+01,0.000000000000000000e+00,0.000000000000000000e+00
1.958987328259184224e+01,0.000000000000000000e+00,0.000000000000000000e+00
2.089164173259603530e+01,0.000000000000000000e+00,0.000000000000000000e+00
2.365078824767451238e+01,0.000000000000000000e+00,0.000000000000000000e+00
1.786212297533122140e+01,0.000000000000000000e+00,0.000000000000000000e+00
1.759135761688590804e+01,0.000000000000000000e+00,0.000000000000000000e+00
2.329315198973998946e+01,0.000000000000000000e+00,0.000000000000000000e+00
1.878176430087032145e+01,0.000000000000000000e+00,0.000000000000000000e+00
2.538595062686768600e+01,0.000000000000000000e+00,0.000000000000000000e+00
2.433493258662640457e+01,0.000000000000000000e+00,0.000000000000000000e+00
2.022440452286420864e+01,0.000000000000000000e+00,0.000000000000000000e+00
1.919271283711034570e+01,0.000000000000000000e+00,0.000000000000000000e+00
2.099772045039175694e+01,0.000000000000000000e+00,0.000000000000000000e+00
2.113903563279325581e+01,0.000000000000000000e+00,0.000000000000000000e+00
1.959567667472207830e+01,0.000000000000000000e+00,0.000000000000000000e+00
1.761906365362389337e+01,0.000000000000000000e+00,0.000000000000000000e+00
2.180241773809519756e+01,0.000000000000000000e+00,0.000000000000000000e+00
2.226626655743796590e+01,0.000000000000000000e+00,0.000000000000000000e+00
1.542198829277422334e+01,0.000000000000000000e+00,0.000000000000000000e+00
1.495544934956530270e+01,0.000000000000000000e+00,0.000000000000000000e+00
1.792424415170835772e+01,0.000000000000000000e+00,0.000000000000000000e+00
2.337600042441126291e+01,0.000000000000000000e+00,0.000000000000000000e+00
2.192762616107573947e+01,0.000000000000000000e+00,0.000000000000000000e+00
1.752316236633187430e+01,0.000000000000000000e+00,0.000000000000000000e+00
1.957491812083578964e+01,0.000000000000000000e+00,0.000000000000000000e+00
2.375902022516209655e+01,0.000000000000000000e+00,0.000000000000000000e+00
1.896760629055964387e+01,0.000000000000000000e+00,0.000000000000000000e+00
1.966041771496198365e+01,0.000000000000000000e+00,0.000000000000000000e+00
1.977738608864637726e+01,0.000000000000000000e+00,0.000000000000000000e+00
2.135068760002670629e+01,0.000000000000000000e+00,0.000000000000000000e+00
6.881665323522356914e+01,0.000000000000000000e+00,0.000000000000000000e+00
6.888561953953659156e+01,0.000000000000000000e+00,0.000000000000000000e+00
6.749018935020333743e+01,0.000000000000000000e+00,0.000000000000000000e+00
6.795860342609583427e+01,0.000000000000000000e+00,0.000000000000000000e+00
6.800376689074863634e+01,0.000000000000000000e+00,0.000000000000000000e+00
6.457197810934013660e+01,0.000000000000000000e+00,0.000000000000000000e+00
6.550055101156316084e+01,0.000000000000000000e+00,0.000000000000000000e+00
6.818610381548161570e+01,0.000000000000000000e+00,0.000000000000000000e+00
7.186266127083594313e+01,0.000000000000000000e+00,0.000000000000000000e+00
6.975127744913089600e+01,0.000000000000000000e+00,0.000000000000000000e+00
6.931624308039013727e+01,0.000000000000000000e+00,0.000000000000000000e+00
6.976340103600843179e+01,0.000000000000000000e+00,0.000000000000000000e+00
7.681758766048697851e+01,0.000000000000000000e+00,0.000000000000000000e+00
7.679151955310310029e+01,0.000000000000000000e+00,0.000000000000000000e+00
7.747756724201310874e+01,0.000000000000000000e+00,0.000000000000000000e+00
7.800742376774415732e+01,0.000000000000000000e+00,0.000000000000000000e+00
7.797185745419002956e+01,0.000000000000000000e+00,0.000000000000000000e+00
8.016561986530257400e+01,0.000000000000000000e+00,0.000000000000000000e+00
8.043742315516966812e+01,0.000000000000000000e+00,0.000000000000000000e+00
7.323074735320479078e+01,0.000000000000000000e+00,0.000000000000000000e+00
7.752060760486510560e+01,0.000000000000000000e+00,0.000000000000000000e+00
7.747312242939631233e+01,0.000000000000000000e+00,0.000000000000000000e+00
7.949195285285289003e+01,0.000000000000000000e+00,0.000000000000000000e+00
7.477491459354017422e+01,0.000000000000000000e+00,0.000000000000000000e+00
7.945690638921649906e+01,0.000000000000000000e+00,0.000000000000000000e+00
7.459224435664685871e+01,0.000000000000000000e+00,0.000000000000000000e+00
7.450468133359566991e+01,0.000000000000000000e+00,0.000000000000000000e+00
7.935713670125350916e+01,0.000000000000000000e+00,0.000000000000000000e+00
8.225012021503458470e+01,0.000000000000000000e+00,0.000000000000000000e+00
7.720659233091423346e+01,0.000000000000000000e+00,0.000000000000000000e+00
7.915824139444963237e+01,0.000000000000000000e+00,0.000000000000000000e+00
7.894596510670987755e+01,0.000000000000000000e+00,0.000000000000000000e+00
7.994383362853243113e+01,0.000000000000000000e+00,0.000000000000000000e+00
7.831801194437213098e+01,0.000000000000000000e+00,0.000000000000000000e+00
7.969512437873399335e+01,0.000000000000000000e+00,0.000000000000000000e+00
8.275461135248316680e+01,0.000000000000000000e+00,0.000000000000000000e+00
8.130228969287071550e+01,0.000000000000000000e+00,0.000000000000000000e+00
7.759703872169741601e+01,0.000000000000000000e+00,0.000000000000000000e+00
8.318597912150460161e+01,0.000000000000000000e+00,0.000000000000000000e+00
7.803031797737109798e+01,0.000000000000000000e+00,0.000000000000000000e+00
7.946534192315850476e+01,0.000000000000000000e+00,0.000000000000000000e+00
8.155084939200597205e+01,0.000000000000000000e+00,0.000000000000000000e+00
8.312786965492971092e+01,0.000000000000000000e+00,0.000000000000000000e+00
7.937315559205501359e+01,0.000000000000000000e+00,0.000000000000000000e+00
8.009356523376675341e+01,0.000000000000000000e+00,0.000000000000000000e+00
7.984324100303452099e+01,0.000000000000000000e+00,0.000000000000000000e+00
7.999175891715441367e+01,0.000000000000000000e+00,0.000000000000000000e+00
8.174558915285641092e+01,0.000000000000000000e+00,0.000000000000000000e+00
8.135134836494599142e+01,0.000000000000000000e+00,0.000000000000000000e+00
8.357262728001009577e+01,0.000000000000000000e+00,0.000000000000000000e+00
8.041029214312871432e+01,0.000000000000000000e+00,0.000000000000000000e+00
8.138594404037669960e+01,0.000000000000000000e+00,0.000000000000000000e+00
7.891129299422522081e+01,0.000000000000000000e+00,0.000000000000000000e+00
7.785439947901468827e+01,0.000000000000000000e+00,0.000000000000000000e+00
7.981100798971243648e+01,0.000000000000000000e+00,0.000000000000000000e+00
7.849366534241772797e+01,0.000000000000000000e+00,0.000000000000000000e+00
8.194760910177835456e+01,0.000000000000000000e+00,0.000000000000000000e+00
8.242701980178269139e+01,0.000000000000000000e+00,0.000000000000000000e+00
8.064181982345729693e+01,0.000000000000000000e+00,0.000000000000000000e+00
7.774167286952696543e+01,0.000000000000000000e+00,0.000000000000000000e+00
8.256012647888906031e+01,0.000000000000000000e+00,0.000000000000000000e+00
8.127416834207122065e+01,0.000000000000000000e+00,0.000000000000000000e+00
7.916395603151985938e+01,0.000000000000000000e+00,0.000000000000000000e+00
8.046327941544180362e+01,0.000000000000000000e+00,0.000000000000000000e+00
7.996459091846020328e+01,0.000000000000000000e+00,0.000000000000000000e+00
7.881098353601335305e+01,0.000000000000000000e+00,0.000000000000000000e+00
7.747383524126905741e+01,0.000000000000000000e+00,0.000000000000000000e+00
7.698486697510733734e+01,0.000000000000000000e+00,0.000000000000000000e+00
7.991775181870227129e+01,0.000000000000000000e+00,0.000000000000000000e+00
8.073323191985790004e+01,0.000000000000000000e+00,0.000000000000000000e+00
7.824184826769598544e+01,0.000000000000000000e+00,0.000000000000000000e+00
7.987262370337228390e+01,0.000000000000000000e+00,0.000000000000000000e+00
7.769171702213355957e+01,0.000000000000000000e+00,0.000000000000000000e+00
8.085902552275385347e+01,0.000000000000000000e+00,0.000000000000000000e+00
7.915048798566834876e+01,0.000000000000000000e+00,0.000000000000000000e+00
7.993257413723712546e+01,0.000000000000000000e+00,0.000000000000000000e+00
8.239130584661675982e+01,0.000000000000000000e+00,0.000000000000000000e+00
7.756493769909704383e+01,0.000000000000000000e+00,0.000000000000000000e+00
8.023619683169546590e+01,0.000000000000000000e+00,0.000000000000000000e+00
8.147428848806852386e+01,0.000000000000000000e+00,0.000000000000000000e+00
8.110449356078461847e+01,0.000000000000000000e+00,0.000000000000000000e+00
8.065748118222803953e+01,0.000000000000000000e+00,0.000000000000000000e+00
7.804490152067518238e+01,0.000000000000000000e+00,0.000000000000000000e+00
7.928536484578899035e+01,0.000000000000000000e+00,0.000000000000000000e+00
8.012509155029079011e+01,0.000000000000000000e+00,0.000000000000000000e+00
7.915191197890808894e+01,0.000000000000000000e+00,0.000000000000000000e+00
7.882180009362396333e+01,0.000000000000000000e+00,0.000000000000000000e+00
7.736246333197379954e+01,0.000000000000000000e+00,0.000000000000000000e+00
7.859821284291450638e+01,0.000000000000000000e+00,0.000000000000000000e+00
7.898481005451790793e+01,0.000000000000000000e+00,0.000000000000000000e+00
7.996286198152985492e+01,0.000000000000000000e+00,0.000000000000000000e+00
7.500276609963206909e+01,0.000000000000000000e+00,0.000000000000000000e+00
8.126972481979525753e+01,0.000000000000000000e+00,0.000000000000000000e+00
8.095342504399846462e+01,0.000000000000000000e+00,0.000000000000000000e+00
8.108581870700601257e+01,0.000000000000000000e+00,0.000000000000000000e+00
8.363748227656594736e+01,0.000000000000000000e+00,0.000000000000000000e+00
7.989472610942560493e+01,0.000000000000000000e+00,0.000000000000000000e+00
7.962061852736268008e+01,0.000000000000000000e+00,0.000000000000000000e+00
8.006958101881922119e+01,0.000000000000000000e+00,0.000000000000000000e+00
7.866416047606075779e+01,0.000000000000000000e+00,0.000000000000000000e+00
7.925636227664072919e+01,0.000000000000000000e+00,0.000000000000000000e+00
7.938921392310388114e+01,0.000000000000000000e+00,0.000000000000000000e+00
8.208587206619729670e+01,0.000000000000000000e+00,0.000000000000000000e+00
7.866853963187729448e+01,0.000000000000000000e+00,0.000000000000000000e+00
7.764741155563993402e+01,0.000000000000000000e+00,0.000000000000000000e+00
7.847884011915222402e+01,0.000000000000000000e+00,0.000000000000000000e+00
7.738986630435464065e+01,0.000000000000000000e+00,0.000000000000000000e+00
8.062853139374557543e+01,0.000000000000000000e+00,0.000000000000000000e+00
3.133198924147621867e+01,0.000000000000000000e+00,0.000000000000000000e+00
3.421402325152909896e+01,0.000000000000000000e+00,0.000000000000000000e+00
3.098397841697483912e+01,0.000000000000000000e+00,0.000000000000000000e+00
3.044735507310664957e+01,0.000000000000000000e+00,0.000000000000000000e+00
3.085897738749100583e+01,0.000000000000000000e+00,0.000000000000000000e+00
2.664347070998832123e+01,0.000000000000000000e+00,0.000000000000000000e+00
3.448695230607999918e+01,0.000000000000000000e+00,0.000000000000000000e+00
3.159991976124430479e+01,0.000000000000000000e+00,0.000000000000000000e+00
3.046339306687112369e+01,0.000000000000000000e+00,0.000000000000000000e+00
2.889648729174921726e+01,0.000000000000000000e+00,0.000000000000000000e+00
3.408223103302154300e+01,0.000000000000000000e+00,0.000000000000000000e+00
3.154527893378061876e+01,0.000000000000000000e+00,0.000000000000000000e+00
2.163695840908950885e+01,0.000000000000000000e+00,0.000000000000000000e+00
2.071749638042420827e+01,0.000000000000000000e+00,0.000000000000000000e+00
2.474117265757378092e+01,0.000000000000000000e+00,0.000000000000000000e+00
2.437522229023768716e+01,0.000000000000000000e+00,0.000000000000000000e+00
2.202838966651272301e+01,0.000000000000000000e+00,0.000000000000000000e+00
2.501112358394039248e+01,0.000000000000000000e+00,0.000000000000000000e+00
2.378245329329030255e+01,0.000000000000000000e+00,0.000000000000000000e+00
2.245948290328976071e+01,0.000000000000000000e+00,0.000000000000000000e+00
2.077569161146965726e+01,0.000000000000000000e+00,0.000000000000000000e+00
2.398567099342250231e+01,0.000000000000000000e+00,0.000000000000000000e+00
2.291205890567243841e+01,0.000000000000000000e+00,0.000000000000000000e+00
2.210961863854856801e+01,0.000000000000000000e+00,0.000000000000000000e+00
2.132960109602223042e+01,0.000000000000000000e+00,0.000000000000000000e+00
1.908396315720843717e+01,0.000000000000000000e+00,0.000000000000000000e+00
2.302071294254594136e+01,0.000000000000000000e+00,0.000000000000000000e+00
2.098969344077048405e+01,0.000000000000000000e+00,0.000000000000000000e+00
1.891938675816729187e+01,0.000000000000000000e+00,0.000000000000000000e+00
2.047193327433199528e+01,0.000000000000000000e+00,0.000000000000000000e+00
1.846595881401920991e+01,0.000000000000000000e+00,0.000000000000000000e+00
1.949155903636377474e+01,0.000000000000000000e+00,0.000000000000000000e+00
1.797396415251194668e+01,0.000000000000000000e+00,0.000000000000000000e+00
2.303442196267495135e+01,0.000000000000000000e+00,0.000000000000000000e+00
2.319756348972254045e+01,0.000000000000000000e+00,0.000000000000000000e+00
2.080882981612257865e+01,0.000000000000000000e+00,0.000000000000000000e+00
2.126091050371966773e+01,0.000000000000000000e+00,0.000000000000000000e+00
2.369252919211414721e+01,0.000000000000000000e+00,0.000000000000000000e+00
2.055552268362975354e+01,0.000000000000000000e+00,0.000000000000000000e+00
2.124580644234512050e+01,0.000000000000000000e+00,0.000000000000000000e+00
2.042628778056406347e+01,0.000000000000000000e+00,0.000000000000000000e+00
2.064102604645320937e+01,0.000000000000000000e+00,0.000000000000000000e+00
1.944881285541147165e+01,0.000000000000000000e+00,0.000000000000000000e+00
2.073725748153751169e+01,0.000000000000000000e+00,0.000000000000000000e+00
1.994596082225086420e+01,0.000000000000000000e+00,0.000000000000000000e+00
1.806390366825108273e+01,0.000000000000000000e+00,0.000000000000000000e+00
1.645799702807067533e+01,0.000000000000000000e+00,0.000000000000000000e+00
1.680866640999586181e+01,0.000000000000000000e+00,0.000000000000000000e+00
1.861471710054451378e+01,0.000000000000000000e+00,0.000000000000000000e+00
2.167619412239271881e+01,0.000000000000000000e+00,0.000000000000000000e+00
2.370835463244966590e+01,0.000000000000000000e+00,0.000000000000000000e+00
1.759968919989799829e+01,0.000000000000000000e+00,0.000000000000000000e+00
2.231421109574224815e+01,0.000000000000000000e+00,0.000000000000000000e+00
1.950616757410883295e+01,0.000000000000000000e+00,0.000000000000000000e+00
2.157191059761324681e+01,0.000000000000000000e+00,0.000000000000000000e+00
1.941184767413486156e+01,0.000000000000000000e+00,0.000000000000000000e+00
2.361468978230650961e+01,0.000000000000000000e+00,0.000000000000000000e+00
1.885926516333380221e+01,0.000000000000000000e+00,0.000000000000000000e+00
1.984371288143518441e+01,0.000000000000000000e+00,0.000000000000000000e+00
2.031547861707431224e+01,0.000000000000000000e+00,0.000000000000000000e+00
1.935770368505674455e+01,0.000000000000000000e+00,0.000000000000000000e+00
2.040534282696017954e+01,0.000000000000000000e+00,0.000000000000000000e+00
2.040354977881686338e+01,0.000000000000000000e+00,0.000000000000000000e+00
2.193506728937945027e+01,0.000000000000000000e+00,0.000000000000000000e+00
1.903349315461579039e+01,0.000000000000000000e+00,0.000000000000000000e+00
2.126048866843084895e+01,0.000000000000000000e+00,0.000000000000000000e+00
2.199377023105563822e+01,0.000000000000000000e+00,0.000000000000000000e+00
1.882084091294558803e+01,0.000000000000000000e+00,0.000000000000000000e+00
1.719162838387482140e+01,0.000000000000000000e+00,0.000000000000000000e+00
1.652762236242053007e+01,0.000000000000000000e+00,0.000000000000000000e+00
1.924360159230995393e+01,0.000000000000000000e+00,0.000000000000000000e+00
2.052779165099004643e+01,0.000000000000000000e+00,0.000000000000000000e+00
1.976813985934093409e+01,0.000000000000000000e+00,0.000000000000000000e+00
2.009692105240754501e+01,0.000000000000000000e+00,0.000000000000000000e+00
2.236067554227183862e+01,0.000000000000000000e+00,0.000000000000000000e+00
1.837179866925529836e+01,0.000000000000000000e+00,0.000000000000000000e+00
2.199188045678328152e+01,0.000000000000000000e+00,0.000000000000000000e+00
1.884563802722594517e+01,0.000000000000000000e+00,0.000000000000000000e+00
1.869131710553267922e+01,0.000000000000000000e+00,0.000000000000000000e+00
2.139978399793881181e+01,0.000000000000000000e+00,0.000000000000000000e+00
2.071768698855770907e+01,0.000000000000000000e+00,0.000000000000000000e+00
1.826153693218453000e+01,0.000000000000000000e+00,0.000000000000000000e+00
1.975083211164825414e+01,0.000000000000000000e+00,0.000000000000000000e+00
1.825342511081238683e+01,0.000000000000000000e+00,0.000000000000000000e+00
2.136028666568800105e+01,0.000000000000000000e+00,0.000000000000000000e+00
2.165182827444246882e+01,0.000000000000000000e+00,0.000000000000000000e+00
2.020224211451036922e+01,0.000000000000000000e+00,0.000000000000000000e+00
2.197274039503914622e+01,0.000000000000000000e+00,0.000000000000000000e+00
2.152976482662532831e+01,0.000000000000000000e+00,0.000000000000000000e+00
1.930041989480960751e+01,0.000000000000000000e+00,0.000000000000000000e+00
1.744763454693086047e+01,0.000000000000000000e+00,0.000000000000000000e+00
2.328386189549659591e+01,0.000000000000000000e+00,0.000000000000000000e+00
2.226397083967714607e+01,0.000000000000000000e+00,0.000000000000000000e+00
1.964457201666682096e+01,0.000000000000000000e+00,0.000000000000000000e+00
1.901721089433861778e+01,0.000000000000000000e+00,0.000000000000000000e+00
2.087691675123343060e+01,0.000000000000000000e+00,0.000000000000000000e+00
2.069494197952333181e+01,0.000000000000000000e+00,0.000000000000000000e+00
1.941966821470476390e+01,0.000000000000000000e+00,0.000000000000000000e+00
1.895384336748104559e+01,0.000000000000000000e+00,0.000000000000000000e+00
2.183992271511345251e+01,0.000000000000000000e+00,0.000000000000000000e+00
1.609418785378044703e+01,0.000000000000000000e+00,0.000000000000000000e+00
2.259008808502757404e+01,0.000000000000000000e+00,0.000000000000000000e+00
2.062731203220900866e+01,0.000000000000000000e+00,0.000000000000000000e+00
1.913527034509630198e+01,0.000000000000000000e+00,0.000000000000000000e+00
2.090573394331893198e+01,0.000000000000000000e+00,0.000000000000000000e+00
2.113919506913816804e+01,0.000000000000000000e+00,0.000000000000000000e+00
1.702557587957512908e+01,0.000000000000000000e+00,0.000000000000000000e+00
1.965187088212244859e+01,0.000000000000000000e+00,0.000000000000000000e+00
2.082457209367334627e+01,0.000000000000000000e+00,0.000000000000000000e+00
2.032846832403567561e+01,0.000000000000000000e+00,0.000000000000000000e+00
1.807954440051378242e+01,0.000000000000000000e+00,0.000000000000000000e+00
2.001089171415276979e+01,0.000000000000000000e+00,0.000000000000000000e+00
2.099771696490640949e+01,0.000000000000000000e+00,0.000000000000000000e+00
2.094372334651012224e+01,0.000000000000000000e+00,0.000000000000000000e+00
2.015518171977129569e+01,0.000000000000000000e+00,0.000000000000000000e+00
2.109653586393579516e+01,0.000000000000000000e+00,0.000000000000000000e+00
1.796718810064957950e+01,0.000000000000000000e+00,0.000000000000000000e+00
2.161174326375966004e+01,0.000000000000000000e+00,0.000000000000000000e+00
1.991289504361873952e+01,0.000000000000000000e+00,0.000000000000000000e+00
1.508928860803796645e+01,0.000000000000000000e+00,0.000000000000000000e+00
1.832187494974485276e+01,0.000000000000000000e+00,0.000000000000000000e+00
2.019869079876607643e+01,0.000000000000000000e+00,0.000000000000000000e+00
1.959867207255129529e+01,0.000000000000000000e+00,0.000000000000000000e+00
1.625687503376158816e+01,0.000000000000000000e+00,0.000000000000000000e+00
1.838371858431948525e+01,0.000000000000000000e+00,0.000000000000000000e+00
1.848041264358147018e+01,0.000000000000000000e+00,0.000000000000000000e+00
2.054098101532791887e+01,0.000000000000000000e+00,0.000000000000000000e+00
2.433720420638028159e+01,0.000000000000000000e+00,0.000000000000000000e+00
2.164712773608661678e+01,0.000000000000000000e+00,0.000000000000000000e+00
1.892341571173145454e+01,0.000000000000000000e+00,0.000000000000000000e+00
2.263294272594793100e+01,0.000000000000000000e+00,0.000000000000000000e+00
2.371498829196670144e+01,0.000000000000000000e+00,0.000000000000000000e+00
2.078790495572706831e+01,0.000000000000000000e+00,0.000000000000000000e+00
2.089735228251830179e+01,0.000000000000000000e+00,0.000000000000000000e+00
1.869129209395896041e+01,0.000000000000000000e+00,0.000000000000000000e+00
2.034287612182340865e+01,0.000000000000000000e+00,0.000000000000000000e+00
2.466318627629012639e+01,0.000000000000000000e+00,0.000000000000000000e+00
1.724401193434322721e+01,0.000000000000000000e+00,0.000000000000000000e+00
1.790003382474941418e+01,0.000000000000000000e+00,0.000000000000000000e+00
1.796648000947778456e+01,0.000000000000000000e+00,0.000000000000000000e+00
2.172849392693282766e+01,0.000000000000000000e+00,0.000000000000000000e+00
2.309684862806780004e+01,0.000000000000000000e+00,0.000000000000000000e+00
1.882581158135123189e+01,0.000000000000000000e+00,0.000000000000000000e+00
2.028786111703503892e+01,0.000000000000000000e+00,0.000000000000000000e+00
1.882628354323073339e+01,0.000000000000000000e+00,0.000000000000000000e+00
2.235279016910292427e+01,0.000000000000000000e+00,0.000000000000000000e+00
1.714819730238528450e+01,0.000000000000000000e+00,0.000000000000000000e+00
2.212355326659356081e+01,0.000000000000000000e+00,0.000000000000000000e+00
1.627904096357250552e+01,0.000000000000000000e+00,0.000000000000000000e+00
1.898880140338896894e+01,0.000000000000000000e+00,0.000000000000000000e+00
2.139962555188614957e+01,0.000000000000000000e+00,0.000000000000000000e+00
1.993014048458159593e+01,0.000000000000000000e+00,0.000000000000000000e+00
1.914647155549513968e+01,0.000000000000000000e+00,0.000000000000000000e+00
2.071752921052833685e+01,0.000000000000000000e+00,0.000000000000000000e+00
2.168112793994937348e+01,0.000000000000000000e+00,0.000000000000000000e+00
2.268839555122332285e+01,0.000000000000000000e+00,0.000000000000000000e+00
2.107109133672471657e+01,0.000000000000000000e+00,0.000000000000000000e+00
2.045710681040681322e+01,0.000000000000000000e+00,0.000000000000000000e+00
2.175077470516282219e+01,0.000000000000000000e+00,0.000000000000000000e+00
2.096736917156260205e+01,0.000000000000000000e+00,0.000000000000000000e+00
2.056128890772252049e+01,0.000000000000000000e+00,0.000000000000000000e+00
1.748709249810277555e+01,0.000000000000000000e+00,0.000000000000000000e+00
2.064455606242944441e+01,0.000000000000000000e+00,0.000000000000000000e+00
1.937670369324545305e+01,0.000000000000000000e+00,0.000000000000000000e+00
2.129083558152212774e+01,0.000000000000000000e+00,0.000000000000000000e+00
2.040788028893643258e+01,0.000000000000000000e+00,0.000000000000000000e+00
2.088840210287528976e+01,0.000000000000000000e+00,0.000000000000000000e+00
2.192550958390706128e+01,0.000000000000000000e+00,0.000000000000000000e+00
2.077080612490224709e+01,0.000000000000000000e+00,0.000000000000000000e+00
1.989949987551685240e+01,0.000000000000000000e+00,0.000000000000000000e+00
1.677918135034719782e+01,0.000000000000000000e+00,0.000000000000000000e+00
2.294166919032963747e+01,0.000000000000000000e+00,0.000000000000000000e+00
2.338140622516926115e+01,0.000000000000000000e+00,0.000000000000000000e+00
2.357111142848307850e+01,0.000000000000000000e+00,0.000000000000000000e+00
2.070695134127751658e+01,0.000000000000000000e+00,0.000000000000000000e+00
2.010755402551054161e+01,0.000000000000000000e+00,0.000000000000000000e+00
1.851914989245812038e+01,0.000000000000000000e+00,0.000000000000000000e+00
1.991260796198691807e+01,0.000000000000000000e+00,0.000000000000000000e+00
1.842838782450049706e+01,0.000000000000000000e+00,0.000000000000000000e+00
1.818396773277711631e+01,0.000000000000000000e+00,0.000000000000000000e+00
7.032324428997898735e+01,0.000000000000000000e+00,0.000000000000000000e+00
6.941817889853975032e+01,0.000000000000000000e+00,0.000000000000000000e+00
6.508677113265120795e+01,0.000000000000000000e+00,0.000000000000000000e+00
6.692773900806895426e+01,0.000000000000000000e+00,0.000000000000000000e+00
6.903752102947582614e+01,0.000000000000000000e+00,0.000000000000000000e+00
6.537547193842260640e+01,0.000000000000000000e+00,0.000000000000000000e+00
6.603476707664052014e+01,0.000000000000000000e+00,0.000000000000000000e+00
6.490364579374862330e+01,0.000000000000000000e+00,0.000000000000000000e+00
7.101713182638516741e+01,0.000000000000000000e+00,0.000000000000000000e+00
6.942190891341036263e+01,0.000000000000000000e+00,0.000000000000000000e+00
7.065118106045957802e+01,0.000000000000000000e+00,0.000000000000000000e+00
6.717339358618831113e+01,0.000000000000000000e+00,0.000000000000000000e+00
7.544991827088206549e+01,0.000000000000000000e+00,0.000000000000000000e+00
8.155040747377172750e+01,0.000000000000000000e+00,0.000000000000000000e+00
7.786641954407912181e+01,0.000000000000000000e+00,0.000000000000000000e+00
7.606401708497706693e+01,0.000000000000000000e+00,0.000000000000000000e+00
7.528946797149019687e+01,0.000000000000000000e+00,0.000000000000000000e+00
7.690967066489572801e+01,0.000000000000000000e+00,0.000000000000000000e+00
7.485329517570066571e+01,0.000000000000000000e+00,0.000000000000000000e+00
7.932885626596662121e+01,0.000000000000000000e+00,0.000000000000000000e+00
7.658971959097009119e+01,0.000000000000000000e+00,0.000000000000000000e+00
7.691182256639473280e+01,0.000000000000000000e+00,0.000000000000000000e+00
7.288167092214152376e+01,0.000000000000000000e+00,0.000000000000000000e+00
7.738631759265234678e+01,0.000000000000000000e+00,0.000000000000000000e+00
7.999452553893789286e+01,0.000000000000000000e+00,0.000000000000000000e+00
8.302071450314107892e+01,0.000000000000000000e+00,0.000000000000000000e+00
7.883879206985881183e+01,0.000000000000000000e+00,0.000000000000000000e+00
7.702034673647168006e+01,0.000000000000000000e+00,0.000000000000000000e+00
7.700880697918280759e+01,0.000000000000000000e+00,0.000000000000000000e+00
7.867059129748216151e+01,0.000000000000000000e+00,0.000000000000000000e+00
8.011821280956627334e+01,0.000000000000000000e+00,0.000000000000000000e+00
7.682761664095713172e+01,0.000000000000000000e+00,0.000000000000000000e+00
8.323712725327396811e+01,0.000000000000000000e+00,0.000000000000000000e+00
7.911567982910679575e+01,0.000000000000000000e+00,0.000000000000000000e+00
7.808255229697276434e+01,0.000000000000000000e+00,0.000000000000000000e+00
7.803226940475782669e+01,0.000000000000000000e+00,0.000000000000000000e+00
8.320824173115518363e+01,0.000000000000000000e+00,0.000000000000000000e+00
7.824582935815153917e+01,0.000000000000000000e+00,0.000000000000000000e+00
7.927968608062494127e+01,0.000000000000000000e+00,0.000000000000000000e+00
8.151646478327391776e+01,0.000000000000000000e+00,0.000000000000000000e+00
7.988651230719710838e+01,0.000000000000000000e+00,0.000000000000000000e+00
7.578392606105752805e+01,0.000000000000000000e+00,0.000000000000000000e+00
8.150853189416118028e+01,0.000000000000000000e+00,0.000000000000000000e+00
7.937090884904930022e+01,0.000000000000000000e+00,0.000000000000000000e+00
7.805020492273273192e+01,0.000000000000000000e+00,0.000000000000000000e+00
8.273573526549120061e+01,0.000000000000000000e+00,0.000000000000000000e+00
7.866621177862440106e+01,0.000000000000000000e+00,0.000000000000000000e+00
7.729175482678178355e+01,0.000000000000000000e+00,0.000000000000000000e+00
7.979668080033260935e+01,0.000000000000000000e+00,0.000000000000000000e+00
8.111835029861551050e+01,0.000000000000000000e+00,0.000000000000000000e+00
8.138626371101976531e+01,0.000000000000000000e+00,0.000000000000000000e+00
7.885139347646445174e+01,0.000000000000000000e+00,0.000000000000000000e+00
8.109960741683637764e+01,0.000000000000000000e+00,0.000000000000000000e+00
8.140245471401166810e+01,0.000000000000000000e+00,0.000000000000000000e+00
7.936978826652647001e+01,0.000000000000000000e+00,0.000000000000000000e+00
7.485795974108077644e+01,0.000000000000000000e+00,0.000000000000000000e+00
8.158243160512682834e+01,0.000000000000000000e+00,0.000000000000000000e+00
7.611777154304192550e+01,0.000000000000000000e+00,0.000000000000000000e+00
7.612825079581250520e+01,0.000000000000000000e+00,0.000000000000000000e+00
8.022316712150102092e+01,0.000000000000000000e+00,0.000000000000000000e+00
8.193938491826203574e+01,0.000000000000000000e+00,0.000000000000000000e+00
8.088109448654647338e+01,0.000000000000000000e+00,0.000000000000000000e+00
8.040771023084487013e+01,0.000000000000000000e+00,0.000000000000000000e+00
8.210675968055532792e+01,0.000000000000000000e+00,0.000000000000000000e+00
8.099986192090095471e+01,0.000000000000000000e+00,0.000000000000000000e+00
7.805207413157506835e+01,0.000000000000000000e+00,0.000000000000000000e+00
8.369462727813632341e+01,0.000000000000000000e+00,0.000000000000000000e+00
8.192637395296785030e+01,0.000000000000000000e+00,0.000000000000000000e+00
8.080609455439306998e+01,0.000000000000000000e+00,0.000000000000000000e+00
7.891520553537739602e+01,0.000000000000000000e+00,0.000000000000000000e+00
8.285760493260121962e+01,0.000000000000000000e+00,0.000000000000000000e+00
8.132572216872802073e+01,0.000000000000000000e+00,0.000000000000000000e+00
7.806537420808849959e+01,0.000000000000000000e+00,0.000000000000000000e+00
8.050987084980816633e+01,0.000000000000000000e+00,0.000000000000000000e+00
7.839996216800778939e+01,0.000000000000000000e+00,0.000000000000000000e+00
7.868698284343676619e+01,0.000000000000000000e+00,0.000000000000000000e+00
7.828131856258215748e+01,0.000000000000000000e+00,0.000000000000000000e+00
8.107151052633939514e+01,0.000000000000000000e+00,0.000000000000000000e+00
7.970297739426747796e+01,0.000000000000000000e+00,0.000000000000000000e+00
7.880825134060914650e+01,0.000000000000000000e+00,0.000000000000000000e+00
8.117600688400339948e+01,0.000000000000000000e+00,0.000000000000000000e+00
8.133422538711795369e+01,0.000000000000000000e+00,0.000000000000000000e+00
8.225280350419799902e+01,0.000000000000000000e+00,0.000000000000000000e+00
7.898901383718251168e+01,0.000000000000000000e+00,0.000000000000000000e+00
7.698468657614485267e+01,0.000000000000000000e+00,0.000000000000000000e+00
7.901402793658658652e+01,0.000000000000000000e+00,0.000000000000000000e+00
8.097181127589719551e+01,0.000000000000000000e+00,0.000000000000000000e+00
8.112436870805632338e+01,0.000000000000000000e+00,0.000000000000000000e+00
8.193003653230984185e+01,0.000000000000000000e+00,0.000000000000000000e+00
7.803801234064462733e+01,0.000000000000000000e+00,0.000000000000000000e+00
8.003244592810820279e+01,0.000000000000000000e+00,0.000000000000000000e+00
7.741529544270426300e+01,0.000000000000000000e+00,0.000000000000000000e+00
7.929369057955543099e+01,0.000000000000000000e+00,0.000000000000000000e+00
7.953456437714562810e+01,0.000000000000000000e+00,0.000000000000000000e+00
7.839885390174579527e+01,0.000000000000000000e+00,0.000000000000000000e+00
7.855934352166411827e+01,0.000000000000000000e+00,0.000000000000000000e+00
8.038066401365509250e+01,0.000000000000000000e+00,0.000000000000000000e+00
7.659441382657061581e+01,0.000000000000000000e+00,0.000000000000000000e+00
8.565903289418862698e+01,0.000000000000000000e+00,0.000000000000000000e+00
7.612000188993320648e+01,0.000000000000000000e+00,0.000000000000000000e+00
8.122041946119546196e+01,0.000000000000000000e+00,0.000000000000000000e+00
8.261112795605286863e+01,0.000000000000000000e+00,0.000000000000000000e+00
7.804826540152245684e+01,0.000000000000000000e+00,0.000000000000000000e+00
7.836666511695761983e+01,0.000000000000000000e+00,0.000000000000000000e+00
7.709041190998938475e+01,0.000000000000000000e+00,0.000000000000000000e+00
8.101792629234057586e+01,0.000000000000000000e+00,0.000000000000000000e+00
8.063391848449802524e+01,0.000000000000000000e+00,0.000000000000000000e+00
8.293619831492473793e+01,0.000000000000000000e+00,0.000000000000000000e+00
2.949809822666766834e+01,0.000000000000000000e+00,0.000000000000000000e+00
3.080666962986857627e+01,0.000000000000000000e+00,0.000000000000000000e+00
3.125782247833093308e+01,0.000000000000000000e+00,0.000000000000000000e+00
3.397425364102542744e+01,0.000000000000000000e+00,0.000000000000000000e+00
3.361829627520286579e+01,0.000000000000000000e+00,0.000000000000000000e+00
3.305420273713206569e+01,0.000000000000000000e+00,0.000000000000000000e+00
2.930555496894232448e+01,0.000000000000000000e+00,0.000000000000000000e+00
2.989994718065401713e+01,0.000000000000000000e+00,0.000000000000000000e+00
3.402857472804087280e+01,0.000000000000000000e+00,0.000000000000000000e+00
3.248922709289247024e+01,0.000000000000000000e+00,0.000000000000000000e+00
3.579052049576164762e+01,0.000000000000000000e+00,0.000000000000000000e+00
3.063656043196609247e+01,0.000000000000000000e+00,0.000000000000000000e+00
2.347534253440535679e+01,0.000000000000000000e+00,0.000000000000000000e+00
2.209115180314633164e+01,0.000000000000000000e+00,0.000000000000000000e+00
2.242164895148987469e+01,0.000000000000000000e+00,0.000000000000000000e+00
2.384385847908712464e+01,0.000000000000000000e+00,0.000000000000000000e+00
2.431379525592996060e+01,0.000000000000000000e+00,0.000000000000000000e+00
2.295713560449636148e+01,0.000000000000000000e+00,0.000000000000000000e+00
2.537320570100721895e+01,0.000000000000000000e+00,0.000000000000000000e+00
1.833281410129582412e+01,0.000000000000000000e+00,0.000000000000000000e+00
2.085122769879299653e+01,0.000000000000000000e+00,0.000000000000000000e+00
2.182174143858367898e+01,0.000000000000000000e+00,0.000000000000000000e+00
2.091713908339239936e+01,0.000000000000000000e+00,0.000000000000000000e+00
2.157045145119495899e+01,0.000000000000000000e+00,0.000000000000000000e+00
2.181937741321860713e+01,0.000000000000000000e+00,0.000000000000000000e+00
2.100640744023390738e+01,0.000000000000000000e+00,0.000000000000000000e+00
1.781469312356629331e+01,0.000000000000000000e+00,0.000000000000000000e+00
2.257451566245299546e+01,0.000000000000000000e+00,0.000000000000000000e+00
2.032760198333801682e+01,0.000000000000000000e+00,0.000000000000000000e+00
2.317820269405774170e+01,0.000000000000000000e+00,0.000000000000000000e+00
2.280957462504152744e+01,0.000000000000000000e+00,0.000000000000000000e+00
2.079010782938797419e+01,0.000000000000000000e+00,0.000000000000000000e+00
1.731767238936500064e+01,0.000000000000000000e+00,0.000000000000000000e+00
1.532678681166397539e+01,0.000000000000000000e+00,0.000000000000000000e+00
2.344531664928181769e+01,0.000000000000000000e+00,0.000000000000000000e+00
1.897608911981470925e+01,0.000000000000000000e+00,0.000000000000000000e+00
1.731201057789013120e+01,0.000000000000000000e+00,0.000000000000000000e+00
2.272078632359135852e+01,0.000000000000000000e+00,0.000000000000000000e+00
1.856576819987400029e+01,0.000000000000000000e+00,0.000000000000000000e+00
1.973146402826946400e+01,0.000000000000000000e+00,0.000000000000000000e+00
2.053582459393355464e+01,0.000000000000000000e+00,0.000000000000000000e+00
1.990026682364176835e+01,0.000000000000000000e+00,0.000000000000000000e+00
2.097407884725617677e+01,0.000000000000000000e+00,0.000000000000000000e+00
1.674307553131457382e+01,0.000000000000000000e+00,0.000000000000000000e+00
2.147802647129389442e+01,0.000000000000000000e+00,0.000000000000000000e+00
2.045082023328713561e+01,0.000000000000000000e+00,0.000000000000000000e+00
2.118542671396376065e+01,0.000000000000000000e+00,0.000000000000000000e+00
1.871352596683209057e+01,0.000000000000000000e+00,0.000000000000000000e+00
2.360083667638286187e+01,0.000000000000000000e+00,0.000000000000000000e+00
2.073091645244345216e+01,0.000000000000000000e+00,0.000000000000000000e+00
2.150828362943584793e+01,0.000000000000000000e+00,0.000000000000000000e+00
1.547054808539380133e+01,0.000000000000000000e+00,0.000000000000000000e+00
2.135118275333098126e+01,0.000000000000000000e+00,0.000000000000000000e+00
1.562015818587260796e+01,0.000000000000000000e+00,0.000000000000000000e+00
1.641276019999147451e+01,0.000000000000000000e+00,0.000000000000000000e+00
1.798824017435842748e+01,0.000000000000000000e+00,0.000000000000000000e+00
2.339902614410562265e+01,0.000000000000000000e+00,0.000000000000000000e+00
1.899555701872655433e+01,0.000000000000000000e+00,0.000000000000000000e+00
1.876097383956645714e+01,0.000000000000000000e+00,0.000000000000000000e+00
2.172959582115539590e+01,0.000000000000000000e+00,0.000000000000000000e+00
2.191658451519452200e+01,0.000000000000000000e+00,0.000000000000000000e+00
1.833984842983561236e+01,0.000000000000000000e+00,0.000000000000000000e+00
1.738977508793419346e+01,0.000000000000000000e+00,0.000000000000000000e+00
1.897201349776727497e+01,0.000000000000000000e+00,0.000000000000000000e+00
1.846271494552883397e+01,0.000000000000000000e+00,0.000000000000000000e+00
1.712225882607788208e+01,0.000000000000000000e+00,0.000000000000000000e+00
1.802247943321205881e+01,0.000000000000000000e+00,0.000000000000000000e+00
1.890442020128717715e+01,0.000000000000000000e+00,0.000000000000000000e+00
1.697812881197882007e+01,0.000000000000000000e+00,0.000000000000000000e+00
1.979031657175099213e+01,0.000000000000000000e+00,0.000000000000000000e+00
1.565624454750510175e+01,0.000000000000000000e+00,0.000000000000000000e+00
1.798274316161219488e+01,0.000000000000000000e+00,0.000000000000000000e+00
