value,error,error_size
1.726179426576320708e+01,0.000000000000000000e+00,0.000000000000000000e+00
2.066302564604461267e+01,0.000000000000000000e+00,0.000000000000000000e+00
1.595562358547067738e+01,0.000000000000000000e+00,0.000000000000000000e+00
2.102236003255054086e+01,0.000000000000000000e+00,0.000000000000000000e+00
2.057171534841813809e+01,0.000000000000000000e+00,0.000000000000000000e+00
1.796766995758300922e+01,0.000000000000000000e+00,0.000000000000000000e+00
1.912693092953227136e+01,0.000000000000000000e+00,0.000000000000000000e+00
2.489569844195503379e+01,0.000000000000000000e+00,0.000000000000000000e+00
2.002280441214553619e+01,0.000000000000000000e+00,0.000000000000000000e+00
1.838152241055316694e+01,0.000000000000000000e+00,0.000000000000000000e+00
2.233734374465898398e+01,0.000000000000000000e+00,0.000000000000000000e+00
1.727523252064801085e+01,0.000000000000000000e+00,0.000000000000000000e+00
1.918719487193436990e+01,0.000000000000000000e+00,0.000000000000000000e+00
2.046417350409978653e+01,0.000000000000000000e+00,0.000000000000000000e+00
1.928171033823548086e+01,0.000000000000000000e+00,0.000000000000000000e+00
1.950253009845931729e+01,0.000000000000000000e+00,0.000000000000000000e+00
2.015059370392432569e+01,0.000000000000000000e+00,0.000000000000000000e+00
1.859299536982760515e+01,0.000000000000000000e+00,0.000000000000000000e+00
2.266060657839700099e+01,0.000000000000000000e+00,0.000000000000000000e+00
2.209846909008175686e+01,0.000000000000000000e+00,0.000000000000000000e+00
2.141846409443737187e+01,0.000000000000000000e+00,0.000000000000000000e+00
2.229043813665272822e+01,0.000000000000000000e+00,0.000000000000000000e+00
2.554526008588398156e+01,0.000000000000000000e+00,0.000000000000000000e+00
2.198685728549957474e+01,0.000000000000000000e+00,0.000000000000000000e+00
1.846771555604008341e+01,0.000000000000000000e+00,0.000000000000000000e+00
2.275628183241393998e+01,0.000000000000000000e+00,0.000000000000000000e+00
2.059777130845024473e+01,0.000000000000000000e+00,0.000000000000000000e+00
2.030376769545775062e+01,0.000000000000000000e+00,0.000000000000000000e+00
1.878605803992276435e+01,0.000000000000000000e+00,0.000000000000000000e+00
1.690592154576094686e+01,0.000000000000000000e+00,0.000000000000000000e+00
1.987450510371855117e+01,0.000000000000000000e+00,0.000000000000000000e+00
1.815625480049298091e+01,0.000000000000000000e+00,0.000000000000000000e+00
2.389042689722123924e+01,0.000000000000000000e+00,0.000000000000000000e+00
1.994014940050757545e+01,0.000000000000000000e+00,0.000000000000000000e+00
2.060537535081791560e+01,0.000000000000000000e+00,0.000000000000000000e+00
1.667128277267482162e+01,0.000000000000000000e+00,0.000000000000000000e+00
1.991566879189763384e+01,0.000000000000000000e+00,0.000000000000000000e+00
2.338153853409865235e+01,0.000000000000000000e+00,0.000000000000000000e+00
1.808331846193665271e+01,0.000000000000000000e+00,0.000000000000000000e+00
2.012314227003603406e+01,0.000000000000000000e+00,0.000000000000000000e+00
2.088557279310039050e+01,0.000000000000000000e+00,0.000000000000000000e+00
1.605634784957880612e+01,0.000000000000000000e+00,0.000000000000000000e+00
1.723552912664976233e+01,0.000000000000000000e+00,0.000000000000000000e+00
1.894418278850670134e+01,0.000000000000000000e+00,0.000000000000000000e+00
2.094221042985315862e+01,0.000000000000000000e+00,0.000000000000000000e+00
2.050928475573260812e+01,0.000000000000000000e+00,0.000000000000000000e+00
1.938687837302259354e+01,0.000000000000000000e+00,0.000000000000000000e+00
1.864029426752006913e+01,0.000000000000000000e+00,0.000000000000000000e+00
1.703315916664254104e+01,0.000000000000000000e+00,0.000000000000000000e+00
2.041250722931122041e+01,0.000000000000000000e+00,0.000000000000000000e+00
1.864098426154682286e+01,0.000000000000000000e+00,0.000000000000000000e+00
1.921280133279587332e+01,0.000000000000000000e+00,0.000000000000000000e+00
2.287616143099682020e+01,0.000000000000000000e+00,0.000000000000000000e+00
1.995452755173882053e+01,0.000000000000000000e+00,0.000000000000000000e+00
2.203196054277772831e+01,0.000000000000000000e+00,0.000000000000000000e+00
2.168368820676098352e+01,0.000000000000000000e+00,0.000000000000000000e+00
2.273117254482195904e+01,0.000000000000000000e+00,0.000000000000000000e+00
1.724695145347860148e+01,0.000000000000000000e+00,0.000000000000000000e+00
1.928333274462151081e+01,0.000000000000000000e+00,0.000000000000000000e+00
2.269502093025566580e+01,0.000000000000000000e+00,0.000000000000000000e+00
2.050855608776310035e+01,0.000000000000000000e+00,0.000000000000000000e+00
1.964062833202123315e+01,0.000000000000000000e+00,0.000000000000000000e+00
1.774243457039911931e+01,0.000000000000000000e+00,0.000000000000000000e+00
2.027208897284892686e+01,0.000000000000000000e+00,0.000000000000000000e+00
2.084745835023159444e+01,0.000000000000000000e+00,0.000000000000000000e+00
2.142516300118992945e+01,0.000000000000000000e+00,0.000000000000000000e+00
2.052471631188225132e+01,0.000000000000000000e+00,0.000000000000000000e+00
2.458454580420798408e+01,0.000000000000000000e+00,0.000000000000000000e+00
2.073643811194419229e+01,0.000000000000000000e+00,0.000000000000000000e+00
1.941881455399049727e+01,0.000000000000000000e+00,0.000000000000000000e+00
1.933247869617421344e+01,0.000000000000000000e+00,0.000000000000000000e+00
1.991343002779510130e+01,0.000000000000000000e+00,0.000000000000000000e+00
1.982062401551664266e+01,0.000000000000000000e+00,0.000000000000000000e+00
1.387092042761673127e+01,0.000000000000000000e+00,0.000000000000000000e+00
2.213890728293203836e+01,0.000000000000000000e+00,0.000000000000000000e+00
2.506718990408051084e+01,0.000000000000000000e+00,0.000000000000000000e+00
2.059318209834107449e+01,0.000000000000000000e+00,0.000000000000000000e+00
1.869353934924274796e+01,0.000000000000000000e+00,0.000000000000000000e+00
1.872917487849301210e+01,0.000000000000000000e+00,0.000000000000000000e+00
1.881352919088179121e+01,0.000000000000000000e+00,0.000000000000000000e+00
1.710088608476771554e+01,0.000000000000000000e+00,0.000000000000000000e+00
1.968701048842594403e+01,0.000000000000000000e+00,0.000000000000000000e+00
2.198197012399574746e+01,0.000000000000000000e+00,0.000000000000000000e+00
2.009634063266023674e+01,0.000000000000000000e+00,0.000000000000000000e+00
1.917352370143343165e+01,0.000000000000000000e+00,0.000000000000000000e+00
2.129245379869065147e+01,0.000000000000000000e+00,0.000000000000000000e+00
1.945988359286359426e+01,0.000000000000000000e+00,0.000000000000000000e+00
2.195537596294823857e+01,0.000000000000000000e+00,0.000000000000000000e+00
1.971389601923637613e+01,0.000000000000000000e+00,0.000000000000000000e+00
2.169929100040628356e+01,0.000000000000000000e+00,0.000000000000000000e+00
1.998571298412979758e+01,0.000000000000000000e+00,0.000000000000000000e+00
2.255790697617772267e+01,0.000000000000000000e+00,0.000000000000000000e+00
1.978962605480199599e+01,0.000000000000000000e+00,0.000000000000000000e+00
1.757670852498213421e+01,0.000000000000000000e+00,0.000000000000000000e+00
1.805793288966717824e+01,0.000000000000000000e+00,0.000000000000000000e+00
2.216885674050958599e+01,0.000000000000000000e+00,0.000000000000000000e+00
1.932237293561136227e+01,0.000000000000000000e+00,0.000000000000000000e+00
2.013134096117996918e+01,0.000000000000000000e+00,0.000000000000000000e+00
2.104047678634985274e+01,0.000000000000000000e+00,0.000000000000000000e+00
1.910191650447433176e+01,0.000000000000000000e+00,0.000000000000000000e+00
1.862972988360290216e+01,0.000000000000000000e+00,0.000000000000000000e+00
2.089116097856301124e+01,0.000000000000000000e+00,0.000000000000000000e+00
1.623549479041084709e+01,0.000000000000000000e+00,0.000000000000000000e+00
2.013238373795336500e+01,0.000000000000000000e+00,0.000000000000000000e+00
1.987723232135762075e+01,0.000000000000000000e+00,0.000000000000000000e+00
2.270528399592965485e+01,0.000000000000000000e+00,0.000000000000000000e+00
1.960096367622081104e+01,0.000000000000000000e+00,0.000000000000000000e+00
1.996688060451083402e+01,0.000000000000000000e+00,0.000000000000000000e+00
6.702840511582360250e+01,0.000000000000000000e+00,0.000000000000000000e+00
6.708041010433247209e+01,0.000000000000000000e+00,0.000000000000000000e+00
6.573704355486196960e+01,0.000000000000000000e+00,0.000000000000000000e+00
6.914950766865561604e+01,0.000000000000000000e+00,0.000000000000000000e+00
6.896086694132416994e+01,0.000000000000000000e+00,0.000000000000000000e+00
6.785854826526914962e+01,0.000000000000000000e+00,0.000000000000000000e+00
7.007008430984899405e+01,0.000000000000000000e+00,0.000000000000000000e+00
6.745345556644608109e+01,0.000000000000000000e+00,0.000000000000000000e+00
6.937886050374993374e+01,0.000000000000000000e+00,0.000000000000000000e+00
6.837241402710608895e+01,0.000000000000000000e+00,0.000000000000000000e+00
6.833254612571869302e+01,0.000000000000000000e+00,0.000000000000000000e+00
6.791224699282751942e+01,0.000000000000000000e+00,0.000000000000000000e+00
7.838543325250275018e+01,0.000000000000000000e+00,0.000000000000000000e+00
7.648162630960696617e+01,0.000000000000000000e+00,0.000000000000000000e+00
7.890055264945077340e+01,0.000000000000000000e+00,0.000000000000000000e+00
7.829693637629881664e+01,0.000000000000000000e+00,0.000000000000000000e+00
7.345411109950586592e+01,0.000000000000000000e+00,0.000000000000000000e+00
7.718933433592420101e+01,0.000000000000000000e+00,0.000000000000000000e+00
8.148106887604475901e+01,0.000000000000000000e+00,0.000000000000000000e+00
8.054916127316538166e+01,0.000000000000000000e+00,0.000000000000000000e+00
7.594510153125827401e+01,0.000000000000000000e+00,0.000000000000000000e+00
7.763644984530405679e+01,0.000000000000000000e+00,0.000000000000000000e+00
7.563713386878042400e+01,0.000000000000000000e+00,0.000000000000000000e+00
7.868420786344132978e+01,0.000000000000000000e+00,0.000000000000000000e+00
8.170884542543919338e+01,0.000000000000000000e+00,0.000000000000000000e+00
7.885492587484338856e+01,0.000000000000000000e+00,0.000000000000000000e+00
7.894731190108940666e+01,0.000000000000000000e+00,0.000000000000000000e+00
7.903049714147152827e+01,0.000000000000000000e+00,0.000000000000000000e+00
8.125267681807940789e+01,0.000000000000000000e+00,0.000000000000000000e+00
8.200821439734389173e+01,0.000000000000000000e+00,0.000000000000000000e+00
7.858426874093332515e+01,0.000000000000000000e+00,0.000000000000000000e+00
8.046264490320875495e+01,0.000000000000000000e+00,0.000000000000000000e+00
8.153821404119774741e+01,0.000000000000000000e+00,0.000000000000000000e+00
8.078096656019044985e+01,0.000000000000000000e+00,0.000000000000000000e+00
7.965995488440482575e+01,0.000000000000000000e+00,0.000000000000000000e+00
7.955308339533004869e+01,0.000000000000000000e+00,0.000000000000000000e+00
8.253067304211788269e+01,0.000000000000000000e+00,0.000000000000000000e+00
7.823718745331882474e+01,0.000000000000000000e+00,0.000000000000000000e+00
8.034147100135683672e+01,0.000000000000000000e+00,0.000000000000000000e+00
7.916900321430937026e+01,0.000000000000000000e+00,0.000000000000000000e+00
8.338647692674342693e+01,0.000000000000000000e+00,0.000000000000000000e+00
7.797755019509632746e+01,0.000000000000000000e+00,0.000000000000000000e+00
7.628355756511544428e+01,0.000000000000000000e+00,0.000000000000000000e+00
8.234443035423021229e+01,0.000000000000000000e+00,0.000000000000000000e+00
8.056630922562975172e+01,0.000000000000000000e+00,0.000000000000000000e+00
8.361440455977731290e+01,0.000000000000000000e+00,0.000000000000000000e+00
8.064525144361945763e+01,0.000000000000000000e+00,0.000000000000000000e+00
8.165197329531351045e+01,0.000000000000000000e+00,0.000000000000000000e+00
7.716884006348733749e+01,0.000000000000000000e+00,0.000000000000000000e+00
7.757365366257836570e+01,0.000000000000000000e+00,0.000000000000000000e+00
8.131537731185203199e+01,0.000000000000000000e+00,0.000000000000000000e+00
8.214857343381410715e+01,0.000000000000000000e+00,0.000000000000000000e+00
8.025357472286694360e+01,0.000000000000000000e+00,0.000000000000000000e+00
8.154037478458712940e+01,0.000000000000000000e+00,0.000000000000000000e+00
7.883502954417097897e+01,0.000000000000000000e+00,0.000000000000000000e+00
8.273216371752819498e+01,0.000000000000000000e+00,0.000000000000000000e+00
7.835136622141274643e+01,0.000000000000000000e+00,0.000000000000000000e+00
7.918959477965894678e+01,0.000000000000000000e+00,0.000000000000000000e+00
7.985048817287240297e+01,0.000000000000000000e+00,0.000000000000000000e+00
8.009345927117529129e+01,0.000000000000000000e+00,0.000000000000000000e+00
7.727341592611387000e+01,0.000000000000000000e+00,0.000000000000000000e+00
7.621262227818901636e+01,0.000000000000000000e+00,0.000000000000000000e+00
7.927556323688297368e+01,0.000000000000000000e+00,0.000000000000000000e+00
7.976207247755834828e+01,0.000000000000000000e+00,0.000000000000000000e+00
7.874311394630622374e+01,0.000000000000000000e+00,0.000000000000000000e+00
8.296136770107386837e+01,0.000000000000000000e+00,0.000000000000000000e+00
8.050042249917041204e+01,0.000000000000000000e+00,0.000000000000000000e+00
7.877830616434033573e+01,0.000000000000000000e+00,0.000000000000000000e+00
7.770226439873603397e+01,0.000000000000000000e+00,0.000000000000000000e+00
8.004751364481475662e+01,0.000000000000000000e+00,0.000000000000000000e+00
8.105095815545263349e+01,0.000000000000000000e+00,0.000000000000000000e+00
7.969593633014373779e+01,0.000000000000000000e+00,0.000000000000000000e+00
8.032952140113266637e+01,0.000000000000000000e+00,0.000000000000000000e+00
8.321112363577624649e+01,0.000000000000000000e+00,0.000000000000000000e+00
7.782970643169531400e+01,0.000000000000000000e+00,0.000000000000000000e+00
8.168063658565114338e+01,0.000000000000000000e+00,0.000000000000000000e+00
7.962849974563093269e+01,0.000000000000000000e+00,0.000000000000000000e+00
7.912662505204349372e+01,0.000000000000000000e+00,0.000000000000000000e+00
7.972586745976387590e+01,0.000000000000000000e+00,0.000000000000000000e+00
8.197112524334670525e+01,0.000000000000000000e+00,0.000000000000000000e+00
7.882539798482818583e+01,0.000000000000000000e+00,0.000000000000000000e+00
8.134253186262316149e+01,0.000000000000000000e+00,0.000000000000000000e+00
8.066804370773888877e+01,0.000000000000000000e+00,0.000000000000000000e+00
8.096652019945895518e+01,0.000000000000000000e+00,0.000000000000000000e+00
8.330553068862361954e+01,0.000000000000000000e+00,0.000000000000000000e+00
7.832960539595758576e+01,0.000000000000000000e+00,0.000000000000000000e+00
8.193844028737495933e+01,0.000000000000000000e+00,0.000000000000000000e+00
7.887536734292089591e+01,0.000000000000000000e+00,0.000000000000000000e+00
7.659221995239759906e+01,0.000000000000000000e+00,0.000000000000000000e+00
8.349214189923988272e+01,0.000000000000000000e+00,0.000000000000000000e+00
7.918727409374099580e+01,0.000000000000000000e+00,0.000000000000000000e+00
8.231760485891845747e+01,0.000000000000000000e+00,0.000000000000000000e+00
7.979396528774012154e+01,0.000000000000000000e+00,0.000000000000000000e+00
8.268140507922568361e+01,0.000000000000000000e+00,0.000000000000000000e+00
8.299533556335397577e+01,0.000000000000000000e+00,0.000000000000000000e+00
7.920178096548477242e+01,0.000000000000000000e+00,0.000000000000000000e+00
8.281474186682459049e+01,0.000000000000000000e+00,0.000000000000000000e+00
7.956149115950903195e+01,0.000000000000000000e+00,0.000000000000000000e+00
7.933784158029109790e+01,0.000000000000000000e+00,0.000000000000000000e+00
8.164456846335579598e+01,0.000000000000000000e+00,0.000000000000000000e+00
8.243930765967968455e+01,0.000000000000000000e+00,0.000000000000000000e+00
7.905208385004277716e+01,0.000000000000000000e+00,0.000000000000000000e+00
7.922694847514219418e+01,0.000000000000000000e+00,0.000000000000000000e+00
7.997418513672148777e+01,0.000000000000000000e+00,0.000000000000000000e+00
7.879601342251905294e+01,0.000000000000000000e+00,0.000000000000000000e+00
7.848060744472526551e+01,0.000000000000000000e+00,0.000000000000000000e+00
7.736254649893123769e+01,0.000000000000000000e+00,0.000000000000000000e+00
7.869728636876406824e+01,0.000000000000000000e+00,0.000000000000000000e+00
3.211879127216224106e+01,0.000000000000000000e+00,0.000000000000000000e+00
3.264632125530025064e+01,0.000000000000000000e+00,0.000000000000000000e+00
3.315847204667988279e+01,0.000000000000000000e+00,0.000000000000000000e+00
3.425892731616625042e+01,0.000000000000000000e+00,0.000000000000000000e+00
3.513951878863675660e+01,0.000000000000000000e+00,0.000000000000000000e+00
2.714912120497359993e+01,0.000000000000000000e+00,0.000000000000000000e+00
3.135896738705960018e+01,0.000000000000000000e+00,0.000000000000000000e+00
2.692888418455713762e+01,0.000000000000000000e+00,0.000000000000000000e+00
2.898826976406971312e+01,0.000000000000000000e+00,0.000000000000000000e+00
3.040189675470010400e+01,0.000000000000000000e+00,0.000000000000000000e+00
3.286725417746708899e+01,0.000000000000000000e+00,0.000000000000000000e+00
3.597060800928953483e+01,0.000000000000000000e+00,0.000000000000000000e+00
2.263655662158699045e+01,0.000000000000000000e+00,0.000000000000000000e+00
2.292537540709864530e+01,0.000000000000000000e+00,0.000000000000000000e+00
2.769169420505590651e+01,0.000000000000000000e+00,0.000000000000000000e+00
1.958943178276006947e+01,0.000000000000000000e+00,0.000000000000000000e+00
2.365664678382886521e+01,0.000000000000000000e+00,0.000000000000000000e+00
2.124509537787496427e+01,0.000000000000000000e+00,0.000000000000000000e+00
2.478349183274160339e+01,0.000000000000000000e+00,0.000000000000000000e+00
2.135122429065964056e+01,0.000000000000000000e+00,0.000000000000000000e+00
2.187419215248141313e+01,0.000000000000000000e+00,0.000000000000000000e+00
2.038518821020860017e+01,0.000000000000000000e+00,0.000000000000000000e+00
2.194304088879871628e+01,0.000000000000000000e+00,0.000000000000000000e+00
2.337506123100098776e+01,0.000000000000000000e+00,0.000000000000000000e+00
1.911200268133498881e+01,0.000000000000000000e+00,0.000000000000000000e+00
2.203366023077364133e+01,0.000000000000000000e+00,0.000000000000000000e+00
2.124753725635848767e+01,0.000000000000000000e+00,0.000000000000000000e+00
1.736746442394789725e+01,0.000000000000000000e+00,0.000000000000000000e+00
2.047353391595471805e+01,0.000000000000000000e+00,0.000000000000000000e+00
2.168331815517368710e+01,0.000000000000000000e+00,0.000000000000000000e+00
2.153935478846160834e+01,0.000000000000000000e+00,0.000000000000000000e+00
2.228640009970413871e+01,0.000000000000000000e+00,0.000000000000000000e+00
2.237428371732203658e+01,0.000000000000000000e+00,0.000000000000000000e+00
1.797152544388646334e+01,0.000000000000000000e+00,0.000000000000000000e+00
2.010635503347563358e+01,0.000000000000000000e+00,0.000000000000000000e+00
1.735797033389409094e+01,0.000000000000000000e+00,0.000000000000000000e+00
1.935191043390681997e+01,0.000000000000000000e+00,0.000000000000000000e+00
1.849259188814301424e+01,0.000000000000000000e+00,0.000000000000000000e+00
1.878892274417668418e+01,0.000000000000000000e+00,0.000000000000000000e+00
2.144570355781132065e+01,0.000000000000000000e+00,0.000000000000000000e+00
1.628337496202092893e+01,0.000000000000000000e+00,0.000000000000000000e+00
1.658425827968778421e+01,0.000000000000000000e+00,0.000000000000000000e+00
2.135336859846340474e+01,0.000000000000000000e+00,0.000000000000000000e+00
1.860101286697640433e+01,0.000000000000000000e+00,0.000000000000000000e+00
1.937719312866287424e+01,0.000000000000000000e+00,0.000000000000000000e+00
2.188714990012340067e+01,0.000000000000000000e+00,0.000000000000000000e+00
1.928350236490839720e+01,0.000000000000000000e+00,0.000000000000000000e+00
1.976860882615789450e+01,0.000000000000000000e+00,0.000000000000000000e+00
1.736912223777417452e+01,0.000000000000000000e+00,0.000000000000000000e+00
1.942221428708305453e+01,0.000000000000000000e+00,0.000000000000000000e+00
1.955682880012470193e+01,0.000000000000000000e+00,0.000000000000000000e+00
2.000150338525913440e+01,0.000000000000000000e+00,0.000000000000000000e+00
2.074806480647724172e+01,0.000000000000000000e+00,0.000000000000000000e+00
1.907553138120764658e+01,0.000000000000000000e+00,0.000000000000000000e+00
2.324474611254111522e+01,0.000000000000000000e+00,0.000000000000000000e+00
2.006357059818347466e+01,0.000000000000000000e+00,0.000000000000000000e+00
2.253122388038325141e+01,0.000000000000000000e+00,0.000000000000000000e+00
1.959143104907937527e+01,0.000000000000000000e+00,0.000000000000000000e+00
1.921973458180261929e+01,0.000000000000000000e+00,0.000000000000000000e+00
1.859190603152385535e+01,0.000000000000000000e+00,0.000000000000000000e+00
1.683215438715570755e+01,0.000000000000000000e+00,0.000000000000000000e+00
2.249886566747833072e+01,0.000000000000000000e+00,0.000000000000000000e+00
2.334800448149024987e+01,0.000000000000000000e+00,0.000000000000000000e+00
1.863004400117507586e+01,0.000000000000000000e+00,0.000000000000000000e+00
2.066669962355215517e+01,0.000000000000000000e+00,0.000000000000000000e+00
2.030158770719661376e+01,0.000000000000000000e+00,0.000000000000000000e+00
1.989550167089348065e+01,0.000000000000000000e+00,0.000000000000000000e+00
1.942813244493203229e+01,0.000000000000000000e+00,0.000000000000000000e+00
1.929209721176508907e+01,0.000000000000000000e+00,0.000000000000000000e+00
2.298087491879058675e+01,0.000000000000000000e+00,0.000000000000000000e+00
1.669327856326859916e+01,0.000000000000000000e+00,0.000000000000000000e+00
2.118869442500126254e+01,0.000000000000000000e+00,0.000000000000000000e+00
2.322421134026086875e+01,0.000000000000000000e+00,0.000000000000000000e+00
2.148097732837826612e+01,0.000000000000000000e+00,0.000000000000000000e+00
1.826770694695917641e+01,0.000000000000000000e+00,0.000000000000000000e+00
2.023726021913367745e+01,0.000000000000000000e+00,0.000000000000000000e+00
1.729300701564668685e+01,0.000000000000000000e+00,0.000000000000000000e+00
2.319225050687710521e+01,0.000000000000000000e+00,0.000000000000000000e+00
2.063818601652707940e+01,0.000000000000000000e+00,0.000000000000000000e+00
1.889258285833995643e+01,0.000000000000000000e+00,0.000000000000000000e+00
2.052395846810495073e+01,0.000000000000000000e+00,0.000000000000000000e+00
1.871160846097757613e+01,0.000000000000000000e+00,0.000000000000000000e+00
1.943189450683383868e+01,0.000000000000000000e+00,0.000000000000000000e+00
2.180238711772936000e+01,0.000000000000000000e+00,0.000000000000000000e+00
1.911031514570057865e+01,0.000000000000000000e+00,0.000000000000000000e+00
2.154102886378609583e+01,0.000000000000000000e+00,0.000000000000000000e+00
2.109434451206332284e+01,0.000000000000000000e+00,0.000000000000000000e+00
2.005375760628745496e+01,0.000000000000000000e+00,0.000000000000000000e+00
1.935544245287147902e+01,0.000000000000000000e+00,0.000000000000000000e+00
1.750436220463150505e+01,0.000000000000000000e+00,0.000000000000000000e+00
2.102746080458498668e+01,0.000000000000000000e+00,0.000000000000000000e+00
1.810514394678445882e+01,0.000000000000000000e+00,0.000000000000000000e+00
1.603958598410134684e+01,0.000000000000000000e+00,0.000000000000000000e+00
2.044127249306653127e+01,0.000000000000000000e+00,0.000000000000000000e+00
2.080694095991426806e+01,0.000000000000000000e+00,0.000000000000000000e+00
2.099855677160196876e+01,0.000000000000000000e+00,0.000000000000000000e+00
1.962439238877178838e+01,0.000000000000000000e+00,0.000000000000000000e+00
2.132101630258728164e+01,0.000000000000000000e+00,0.000000000000000000e+00
2.224234961835121638e+01,0.000000000000000000e+00,0.000000000000000000e+00
1.971369969644099385e+01,0.000000000000000000e+00,0.000000000000000000e+00
1.798698176244717573e+01,0.000000000000000000e+00,0.000000000000000000e+00
1.915798245233441932e+01,0.000000000000000000e+00,0.000000000000000000e+00
2.152836994254941416e+01,0.000000000000000000e+00,0.000000000000000000e+00
2.092759075764826449e+01,0.000000000000000000e+00,0.000000000000000000e+00
1.622895666705140982e+01,0.000000000000000000e+00,0.000000000000000000e+00
2.087360383616498893e+01,0.000000000000000000e+00,0.000000000000000000e+00
2.126107671518985853e+01,0.000000000000000000e+00,0.000000000000000000e+00
1.956805940095422613e+01,0.000000000000000000e+00,0.000000000000000000e+00
1.994756696547213082e+01,0.000000000000000000e+00,0.000000000000000000e+00
1.795960388502351179e+01,0.000000000000000000e+00,0.000000000000000000e+00
2.298596493266337504e+01,0.000000000000000000e+00,0.000000000000000000e+00
1.967274963956643319e+01,0.000000000000000000e+00,0.000000000000000000e+00
1.917234555108555583e+01,0.000000000000000000e+00,0.000000000000000000e+00
2.005772693303931220e+01,0.000000000000000000e+00,0.000000000000000000e+00
1.721541463154496299e+01,0.000000000000000000e+00,0.000000000000000000e+00
1.988404183212467657e+01,0.000000000000000000e+00,0.000000000000000000e+00
1.891699768924173242e+01,0.000000000000000000e+00,0.000000000000000000e+00
1.751025755220827662e+01,0.000000000000000000e+00,0.000000000000000000e+00
2.114120325243345988e+01,0.000000000000000000e+00,0.000000000000000000e+00
2.168441407987856095e+01,0.000000000000000000e+00,0.000000000000000000e+00
2.241456975220148351e+01,0.000000000000000000e+00,0.000000000000000000e+00
1.844369861872749539e+01,0.000000000000000000e+00,0.000000000000000000e+00
2.074100273988117138e+01,0.000000000000000000e+00,0.000000000000000000e+00
2.014471301714840479e+01,0.000000000000000000e+00,0.000000000000000000e+00
1.922163536579069643e+01,0.000000000000000000e+00,0.000000000000000000e+00
2.177695404072533236e+01,0.000000000000000000e+00,0.000000000000000000e+00
2.132182579537188971e+01,0.000000000000000000e+00,0.000000000000000000e+00
1.939563078551343622e+01,0.000000000000000000e+00,0.000000000000000000e+00
2.188018581760691106e+01,0.000000000000000000e+00,0.000000000000000000e+00
1.922574005581250489e+01,0.000000000000000000e+00,0.000000000000000000e+00
1.767311786744917157e+01,0.000000000000000000e+00,0.000000000000000000e+00
1.986774242891351250e+01,0.000000000000000000e+00,0.000000000000000000e+00
1.870035629870778848e+01,0.000000000000000000e+00,0.000000000000000000e+00
2.008862297257700646e+01,0.000000000000000000e+00,0.000000000000000000e+00
2.042799706308061047e+01,0.000000000000000000e+00,0.000000000000000000e+00
2.083986680537387315e+01,0.000000000000000000e+00,0.000000000000000000e+00
1.651334302065418314e+01,0.000000000000000000e+00,0.000000000000000000e+00
1.787215612584736135e+01,0.000000000000000000e+00,0.000000000000000000e+00
1.977428603927072004e+01,0.000000000000000000e+00,0.000000000000000000e+00
2.019116628027460436e+01,0.000000000000000000e+00,0.000000000000000000e+00
1.960132379901777355e+01,0.000000000000000000e+00,0.000000000000000000e+00
1.629663888751710132e+01,0.000000000000000000e+00,0.000000000000000000e+00
1.880861285271837247e+01,0.000000000000000000e+00,0.000000000000000000e+00
2.038652717371695644e+01,0.000000000000000000e+00,0.000000000000000000e+00
1.988393477941768950e+01,0.000000000000000000e+00,0.000000000000000000e+00
1.994404526951013068e+01,0.000000000000000000e+00,0.000000000000000000e+00
1.845439881130812410e+01,0.000000000000000000e+00,0.000000000000000000e+00
1.987002685552736736e+01,0.000000000000000000e+00,0.000000000000000000e+00
2.406672087568053087e+01,0.000000000000000000e+00,0.000000000000000000e+00
1.727753631801736489e+01,0.000000000000000000e+00,0.000000000000000000e+00
2.451487106764076174e+01,0.000000000000000000e+00,0.000000000000000000e+00
1.785335831525773997e+01,0.000000000000000000e+00,0.000000000000000000e+00
1.664225588072970297e+01,0.000000000000000000e+00,0.000000000000000000e+00
1.954469724860318181e+01,0.000000000000000000e+00,0.000000000000000000e+00
1.955955006773836402e+01,0.000000000000000000e+00,0.000000000000000000e+00
2.037593978905194447e+01,0.000000000000000000e+00,0.000000000000000000e+00
2.069601797332577675e+01,0.000000000000000000e+00,0.000000000000000000e+00
2.343352817180354108e+01,0.000000000000000000e+00,0.000000000000000000e+00
2.135091104595626277e+01,0.000000000000000000e+00,0.000000000000000000e+00
1.717965871259351829e+01,0.000000000000000000e+00,0.000000000000000000e+00
1.923010332010606760e+01,0.000000000000000000e+00,0.000000000000000000e+00
1.991342220433018895e+01,0.000000000000000000e+00,0.000000000000000000e+00
1.847755690968482156e+01,0.000000000000000000e+00,0.000000000000000000e+00
2.163919880144325703e+01,0.000000000000000000e+00,0.000000000000000000e+00
2.243343541531558927e+01,0.000000000000000000e+00,0.000000000000000000e+00
2.098967765072559644e+01,0.000000000000000000e+00,0.000000000000000000e+00
1.716077158877637032e+01,0.000000000000000000e+00,0.000000000000000000e+00
1.749069460126032283e+01,0.000000000000000000e+00,0.000000000000000000e+00
1.830768028463671726e+01,0.000000000000000000e+00,0.000000000000000000e+00
1.644238770450142439e+01,0.000000000000000000e+00,0.000000000000000000e+00
2.042815025942678631e+01,0.000000000000000000e+00,0.000000000000000000e+00
2.117065723830062041e+01,0.000000000000000000e+00,0.000000000000000000e+00
1.880519449594283543e+01,0.000000000000000000e+00,0.000000000000000000e+00
1.849695095524337063e+01,0.000000000000000000e+00,0.000000000000000000e+00
2.065815672859850949e+01,0.000000000000000000e+00,0.000000000000000000e+00
1.876875566127858974e+01,0.000000000000000000e+00,0.000000000000000000e+00
2.073431122127338710e+01,0.000000000000000000e+00,0.000000000000000000e+00
2.500901472752006782e+01,0.000000000000000000e+00,0.000000000000000000e+00
1.812357602626546438e+01,0.000000000000000000e+00,0.000000000000000000e+00
2.045009136898760715e+01,0.000000000000000000e+00,0.000000000000000000e+00
6.871682688367603475e+01,0.000000000000000000e+00,0.000000000000000000e+00
6.753896270654246337e+01,0.000000000000000000e+00,0.000000000000000000e+00
6.825696477019828023e+01,0.000000000000000000e+00,0.000000000000000000e+00
6.799702804336179440e+01,0.000000000000000000e+00,0.000000000000000000e+00
6.460483622383129898e+01,0.000000000000000000e+00,0.000000000000000000e+00
6.964806622210615217e+01,0.000000000000000000e+00,0.000000000000000000e+00
6.484552896007812706e+01,0.000000000000000000e+00,0.000000000000000000e+00
6.411043219241193469e+01,0.000000000000000000e+00,0.000000000000000000e+00
6.324295005676450643e+01,0.000000000000000000e+00,0.000000000000000000e+00
6.647557166911317950e+01,0.000000000000000000e+00,0.000000000000000000e+00
6.836428820710834486e+01,0.000000000000000000e+00,0.000000000000000000e+00
6.891790754939978569e+01,0.000000000000000000e+00,0.000000000000000000e+00
8.216819653555559455e+01,0.000000000000000000e+00,0.000000000000000000e+00
7.749069950814265439e+01,0.000000000000000000e+00,0.000000000000000000e+00
7.951797185372747379e+01,0.000000000000000000e+00,0.000000000000000000e+00
7.851804718180940768e+01,0.000000000000000000e+00,0.000000000000000000e+00
7.269096694715238982e+01,0.000000000000000000e+00,0.000000000000000000e+00
7.703900092476507666e+01,0.000000000000000000e+00,0.000000000000000000e+00
7.666748299990305782e+01,0.000000000000000000e+00,0.000000000000000000e+00
7.981825091451767662e+01,0.000000000000000000e+00,0.000000000000000000e+00
7.765202747437427888e+01,0.000000000000000000e+00,0.000000000000000000e+00
7.809479480952774111e+01,0.000000000000000000e+00,0.000000000000000000e+00
7.447421333030368373e+01,0.000000000000000000e+00,0.000000000000000000e+00
7.570345885415353848e+01,0.000000000000000000e+00,0.000000000000000000e+00
8.123779087809687383e+01,0.000000000000000000e+00,0.000000000000000000e+00
7.854191408812054931e+01,0.000000000000000000e+00,0.000000000000000000e+00
7.867755877879289983e+01,0.000000000000000000e+00,0.000000000000000000e+00
7.820236549929524017e+01,0.000000000000000000e+00,0.000000000000000000e+00
8.099418003523467746e+01,0.000000000000000000e+00,0.000000000000000000e+00
8.067125115877325925e+01,0.000000000000000000e+00,0.000000000000000000e+00
7.996186392266503162e+01,0.000000000000000000e+00,0.000000000000000000e+00
7.525628506371698734e+01,0.000000000000000000e+00,0.000000000000000000e+00
7.862451455752788831e+01,0.000000000000000000e+00,0.000000000000000000e+00
7.942072117224380179e+01,0.000000000000000000e+00,0.000000000000000000e+00
8.033686909982989732e+01,0.000000000000000000e+00,0.000000000000000000e+00
7.986424400387006983e+01,0.000000000000000000e+00,0.000000000000000000e+00
8.032786171530777608e+01,0.000000000000000000e+00,0.000000000000000000e+00
8.128821080720132386e+01,0.000000000000000000e+00,0.000000000000000000e+00
7.716663973818630495e+01,0.000000000000000000e+00,0.000000000000000000e+00
8.351883732442848896e+01,0.000000000000000000e+00,0.000000000000000000e+00
7.879603270008310290e+01,0.000000000000000000e+00,0.000000000000000000e+00
7.829752678846554659e+01,0.000000000000000000e+00,0.000000000000000000e+00
8.052327950445665294e+01,0.000000000000000000e+00,0.000000000000000000e+00
7.951828073272199049e+01,0.000000000000000000e+00,0.000000000000000000e+00
7.861314895997641372e+01,0.000000000000000000e+00,0.000000000000000000e+00
7.707201779019804633e+01,0.000000000000000000e+00,0.000000000000000000e+00
7.521753360233164187e+01,0.000000000000000000e+00,0.000000000000000000e+00
8.294010836286575739e+01,0.000000000000000000e+00,0.000000000000000000e+00
8.218767322932023944e+01,0.000000000000000000e+00,0.000000000000000000e+00
8.000139464304908188e+01,0.000000000000000000e+00,0.000000000000000000e+00
7.758642188206647461e+01,0.000000000000000000e+00,0.000000000000000000e+00
8.018406021652249649e+01,0.000000000000000000e+00,0.000000000000000000e+00
7.616467914642457515e+01,0.000000000000000000e+00,0.000000000000000000e+00
8.227745914407942962e+01,0.000000000000000000e+00,0.000000000000000000e+00
7.751221368135512080e+01,0.000000000000000000e+00,0.000000000000000000e+00
8.082790926137667498e+01,0.000000000000000000e+00,0.000000000000000000e+00
8.021153847035137119e+01,0.000000000000000000e+00,0.000000000000000000e+00
8.207104363482640963e+01,0.000000000000000000e+00,0.000000000000000000e+00
8.034458217263139090e+01,0.000000000000000000e+00,0.000000000000000000e+00
7.928351071757063551e+01,0.000000000000000000e+00,0.000000000000000000e+00
8.214462725084561612e+01,0.000000000000000000e+00,0.000000000000000000e+00
8.356056204588877279e+01,0.000000000000000000e+00,0.000000000000000000e+00
8.413096442126979468e+01,0.000000000000000000e+00,0.000000000000000000e+00
8.092444050788486720e+01,0.000000000000000000e+00,0.000000000000000000e+00
7.763255800857884026e+01,0.000000000000000000e+00,0.000000000000000000e+00
7.911352569279695501e+01,0.000000000000000000e+00,0.000000000000000000e+00
7.916371206838635999e+01,0.000000000000000000e+00,0.000000000000000000e+00
8.297667804840874339e+01,0.000000000000000000e+00,0.000000000000000000e+00
7.825770500685293030e+01,0.000000000000000000e+00,0.000000000000000000e+00
8.042007062608675483e+01,0.000000000000000000e+00,0.000000000000000000e+00
8.268002178246459266e+01,0.000000000000000000e+00,0.000000000000000000e+00
7.813626094261367427e+01,0.000000000000000000e+00,0.000000000000000000e+00
7.807989253121975537e+01,0.000000000000000000e+00,0.000000000000000000e+00
7.918933108008650379e+01,0.000000000000000000e+00,0.000000000000000000e+00
7.944974880169165488e+01,0.000000000000000000e+00,0.000000000000000000e+00
8.036959173832167380e+01,0.000000000000000000e+00,0.000000000000000000e+00
7.999108523389831760e+01,0.000000000000000000e+00,0.000000000000000000e+00
8.112097908644678057e+01,0.000000000000000000e+00,0.000000000000000000e+00
7.776434269301489621e+01,0.000000000000000000e+00,0.000000000000000000e+00
8.213728648529763632e+01,0.000000000000000000e+00,0.000000000000000000e+00
8.141744454016043164e+01,0.000000000000000000e+00,0.000000000000000000e+00
7.905488374450948186e+01,0.000000000000000000e+00,0.000000000000000000e+00
8.007964603135187076e+01,0.000000000000000000e+00,0.000000000000000000e+00
8.294212900174048286e+01,0.000000000000000000e+00,0.000000000000000000e+00
8.144268073050079693e+01,0.000000000000000000e+00,0.000000000000000000e+00
8.191290097541639170e+01,0.000000000000000000e+00,0.000000000000000000e+00
8.180925617641312897e+01,0.000000000000000000e+00,0.000000000000000000e+00
7.860887322801882249e+01,0.000000000000000000e+00,0.000000000000000000e+00
8.170573341390431210e+01,0.000000000000000000e+00,0.000000000000000000e+00
8.004088678614620278e+01,0.000000000000000000e+00,0.000000000000000000e+00
7.742561002800790959e+01,0.000000000000000000e+00,0.000000000000000000e+00
8.005397999396052455e+01,0.000000000000000000e+00,0.000000000000000000e+00
7.747513597343393599e+01,0.000000000000000000e+00,0.000000000000000000e+00
7.910078474542494575e+01,0.000000000000000000e+00,0.000000000000000000e+00
8.204639568545520945e+01,0.000000000000000000e+00,0.000000000000000000e+00
7.674381681960115031e+01,0.000000000000000000e+00,0.000000000000000000e+00
8.039917206384896531e+01,0.000000000000000000e+00,0.000000000000000000e+00
7.962583683662022338e+01,0.000000000000000000e+00,0.000000000000000000e+00
8.131117538732786443e+01,0.000000000000000000e+00,0.000000000000000000e+00
8.011173416261569002e+01,0.000000000000000000e+00,0.000000000000000000e+00
7.728917191938690223e+01,0.000000000000000000e+00,0.000000000000000000e+00
8.043742776369145986e+01,0.000000000000000000e+00,0.000000000000000000e+00
8.168004950479149784e+01,0.000000000000000000e+00,0.000000000000000000e+00
8.318680597443496083e+01,0.000000000000000000e+00,0.000000000000000000e+00
8.231868158583201023e+01,0.000000000000000000e+00,0.000000000000000000e+00
8.020419566357713848e+01,0.000000000000000000e+00,0.000000000000000000e+00
7.656449901453837015e+01,0.000000000000000000e+00,0.000000000000000000e+00
8.108690301305594517e+01,0.000000000000000000e+00,0.000000000000000000e+00
3.309842945837996098e+01,0.000000000000000000e+00,0.000000000000000000e+00
3.290679467364794419e+01,0.000000000000000000e+00,0.000000000000000000e+00
3.221423219360372059e+01,0.000000000000000000e+00,0.000000000000000000e+00
3.192257340677140220e+01,0.000000000000000000e+00,0.000000000000000000e+00
3.595280355415242468e+01,0.000000000000000000e+00,0.000000000000000000e+00
3.206381476317863388e+01,0.000000000000000000e+00,0.000000000000000000e+00
3.166192366823879212e+01,0.000000000000000000e+00,0.000000000000000000e+00
3.057494990664740797e+01,0.000000000000000000e+00,0.000000000000000000e+00
2.866808460625903265e+01,0.000000000000000000e+00,0.000000000000000000e+00
3.077126185017928250e+01,0.000000000000000000e+00,0.000000000000000000e+00
3.187986427680784729e+01,0.000000000000000000e+00,0.000000000000000000e+00
3.027376430181581313e+01,0.000000000000000000e+00,0.000000000000000000e+00
1.872426101769049112e+01,0.000000000000000000e+00,0.000000000000000000e+00
2.213554542474707176e+01,0.000000000000000000e+00,0.000000000000000000e+00
2.063881293606226208e+01,0.000000000000000000e+00,0.000000000000000000e+00
2.340807800412530426e+01,0.000000000000000000e+00,0.000000000000000000e+00
2.314688029141204950e+01,0.000000000000000000e+00,0.000000000000000000e+00
2.180597050065410158e+01,0.000000000000000000e+00,0.000000000000000000e+00
2.320623640688256017e+01,0.000000000000000000e+00,0.000000000000000000e+00
2.246823920536155583e+01,0.000000000000000000e+00,0.000000000000000000e+00
2.097292631787884432e+01,0.000000000000000000e+00,0.000000000000000000e+00
2.155548707673715825e+01,0.000000000000000000e+00,0.000000000000000000e+00
2.376128546826835830e+01,0.000000000000000000e+00,0.000000000000000000e+00
2.609300608118179099e+01,0.000000000000000000e+00,0.000000000000000000e+00
1.907369032123436625e+01,0.000000000000000000e+00,0.000000000000000000e+00
1.952067866236307125e+01,0.000000000000000000e+00,0.000000000000000000e+00
2.257856194762693036e+01,0.000000000000000000e+00,0.000000000000000000e+00
1.903574612511522446e+01,0.000000000000000000e+00,0.000000000000000000e+00
2.421574753354747855e+01,0.000000000000000000e+00,0.000000000000000000e+00
1.966494627295889686e+01,0.000000000000000000e+00,0.000000000000000000e+00
2.113559424391346653e+01,0.000000000000000000e+00,0.000000000000000000e+00
2.052652276176800683e+01,0.000000000000000000e+00,0.000000000000000000e+00
2.136131240389141794e+01,0.000000000000000000e+00,0.000000000000000000e+00
2.104635638779931028e+01,0.000000000000000000e+00,0.000000000000000000e+00
1.799682443017344724e+01,0.000000000000000000e+00,0.000000000000000000e+00
1.971446258058713141e+01,0.000000000000000000e+00,0.000000000000000000e+00
1.819197391185458912e+01,0.000000000000000000e+00,0.000000000000000000e+00
2.052458727666504146e+01,0.000000000000000000e+00,0.000000000000000000e+00
2.140062783596796336e+01,0.000000000000000000e+00,0.000000000000000000e+00
2.064783125120842655e+01,0.000000000000000000e+00,0.000000000000000000e+00
1.668141082944383768e+01,0.000000000000000000e+00,0.000000000000000000e+00
2.164849007683733717e+01,0.000000000000000000e+00,0.000000000000000000e+00
1.857481026747847608e+01,0.000000000000000000e+00,0.000000000000000000e+00
1.960189441507460373e+01,0.000000000000000000e+00,0.000000000000000000e+00
2.159036795858623492e+01,0.000000000000000000e+00,0.000000000000000000e+00
1.979575908928410755e+01,0.000000000000000000e+00,0.000000000000000000e+00
2.030910871002902240e+01,0.000000000000000000e+00,0.000000000000000000e+00
2.016545453220185635e+01,0.000000000000000000e+00,0.000000000000000000e+00
2.183078923508100999e+01,0.000000000000000000e+00,0.000000000000000000e+00
1.753848543904528512e+01,0.000000000000000000e+00,0.000000000000000000e+00
2.276592917362652102e+01,0.000000000000000000e+00,0.000000000000000000e+00
2.201886330782881629e+01,0.000000000000000000e+00,0.000000000000000000e+00
1.727908537732598404e+01,0.000000000000000000e+00,0.000000000000000000e+00
1.919009578217733747e+01,0.000000000000000000e+00,0.000000000000000000e+00
1.683227671368872791e+01,0.000000000000000000e+00,0.000000000000000000e+00
1.742475075041751609e+01,0.000000000000000000e+00,0.000000000000000000e+00
2.214258239984320653e+01,0.000000000000000000e+00,0.000000000000000000e+00
2.113513958017526662e+01,0.000000000000000000e+00,0.000000000000000000e+00
2.202467008520190461e+01,0.000000000000000000e+00,0.000000000000000000e+00
1.759154820921837015e+01,0.000000000000000000e+00,0.000000000000000000e+00
2.050424232883269227e+01,0.000000000000000000e+00,0.000000000000000000e+00
2.132206263124697543e+01,0.000000000000000000e+00,0.000000000000000000e+00
1.942709326833755767e+01,0.000000000000000000e+00,0.000000000000000000e+00
2.018851677445677950e+01,0.000000000000000000e+00,0.000000000000000000e+00
2.059229699755199050e+01,0.000000000000000000e+00,0.000000000000000000e+00
2.249235733446293750e+01,0.000000000000000000e+00,0.000000000000000000e+00
1.724349370262901715e+01,0.000000000000000000e+00,0.000000000000000000e+00
2.021508785678459574e+01,0.000000000000000000e+00,0.000000000000000000e+00
2.241043349965119447e+01,0.000000000000000000e+00,0.000000000000000000e+00
2.283471163364430012e+01,0.000000000000000000e+00,0.000000000000000000e+00
1.791325352460783193e+01,0.000000000000000000e+00,0.000000000000000000e+00
1.895274062932838177e+01,0.000000000000000000e+00,0.000000000000000000e+00
2.109530144774028670e+01,0.000000000000000000e+00,0.000000000000000000e+00
2.115644859177677972e+01,0.000000000000000000e+00,0.000000000000000000e+00
1.964637241227234199e+01,0.000000000000000000e+00,0.000000000000000000e+00
1.892857597363105171e+01,0.000000000000000000e+00,0.000000000000000000e+00
2.320961151813331114e+01,0.000000000000000000e+00,0.000000000000000000e+00
1.563908229890527579e+01,0.000000000000000000e+00,0.000000000000000000e+00
2.205943058817407021e+01,0.000000000000000000e+00,0.000000000000000000e+00
1.972833579037285290e+01,0.000000000000000000e+00,0.000000000000000000e+00
2.007764727370024360e+01,0.000000000000000000e+00,0.000000000000000000e+00
1.866551578972656955e+01,0.000000000000000000e+00,0.000000000000000000e+00
2.388280998941190703e+01,0.000000000000000000e+00,0.000000000000000000e+00
2.017591025854202513e+01,0.000000000000000000e+00,0.000000000000000000e+00
2.233576577278341091e+01,0.000000000000000000e+00,0.000000000000000000e+00
2.185205306586913565e+01,0.000000000000000000e+00,0.000000000000000000e+00
1.580848769308270008e+01,0.000000000000000000e+00,0.000000000000000000e+00
2.066452047528430924e+01,0.000000000000000000e+00,0.000000000000000000e+00
2.034444561874214941e+01,0.000000000000000000e+00,0.000000000000000000e+00
2.040434473686173078e+01,0.000000000000000000e+00,0.000000000000000000e+00
1.967425292495630984e+01,0.000000000000000000e+00,0.000000000000000000e+00
1.925756222223138536e+01,0.000000000000000000e+00,0.000000000000000000e+00
1.762344599939872936e+01,0.000000000000000000e+00,0.000000000000000000e+00
2.030658054611669172e+01,0.000000000000000000e+00,0.000000000000000000e+00
1.940111528732706603e+01,0.000000000000000000e+00,0.000000000000000000e+00
2.436408247762017965e+01,0.000000000000000000e+00,0.000000000000000000e+00
1.611820369519962526e+01,0.000000000000000000e+00,0.000000000000000000e+00
1.961729521432060253e+01,0.000000000000000000e+00,0.000000000000000000e+00
1.778321872675542537e+01,0.000000000000000000e+00,0.000000000000000000e+00
2.041620786038931001e+01,0.000000000000000000e+00,0.000000000000000000e+00
1.848415107061974183e+01,0.000000000000000000e+00,0.000000000000000000e+00
1.882034175727770631e+01,0.000000000000000000e+00,0.000000000000000000e+00
1.826761436892296331e+01,0.000000000000000000e+00,0.000000000000000000e+00
1.850379639480072669e+01,0.000000000000000000e+00,0.000000000000000000e+00
2.616165632209745695e+01,0.000000000000000000e+00,0.000000000000000000e+00
2.010166257535033907e+01,0.000000000000000000e+00,0.000000000000000000e+00
1.737788584989380425e+01,0.000000000000000000e+00,0.000000000000000000e+00
1.948250397539415957e+01,0.000000000000000000e+00,0.000000000000000000e+00
2.062902097432415971e+01,0.000000000000000000e+00,0.000000000000000000e+00
2.284589727271221804e+01,0.000000000000000000e+00,0.000000000000000000e+00
1.834541672237902432e+01,0.000000000000000000e+00,0.000000000000000000e+00
2.338803740737075998e+01,0.000000000000000000e+00,0.000000000000000000e+00
1.939820243108632525e+01,0.000000000000000000e+00,0.000000000000000000e+00
2.127404720938958604e+01,0.000000000000000000e+00,0.000000000000000000e+00
1.871221251336964286e+01,0.000000000000000000e+00,0.000000000000000000e+00
2.250372413276001993e+01,0.000000000000000000e+00,0.000000000000000000e+00
1.846646052065409549e+01,0.000000000000000000e+00,0.000000000000000000e+00
1.950152394352911145e+01,0.000000000000000000e+00,0.000000000000000000e+00
1.829156193433539102e+01,0.000000000000000000e+00,0.000000000000000000e+00
2.009323954845306659e+01,0.000000000000000000e+00,0.000000000000000000e+00
1.784298572394613913e+01,0.000000000000000000e+00,0.000000000000000000e+00
1.980030275177931287e+01,0.000000000000000000e+00,0.000000000000000000e+00
1.848000290926905009e+01,0.000000000000000000e+00,0.000000000000000000e+00
2.062679922995556581e+01,0.000000000000000000e+00,0.000000000000000000e+00
1.860866022977428713e+01,0.000000000000000000e+00,0.000000000000000000e+00
2.093369837617498064e+01,0.000000000000000000e+00,0.000000000000000000e+00
1.938135836130231127e+01,0.000000000000000000e+00,0.000000000000000000e+00
2.053554819150477329e+01,0.000000000000000000e+00,0.000000000000000000e+00
2.029513210277981727e+01,0.000000000000000000e+00,0.000000000000000000e+00
2.008755988805463844e+01,0.000000000000000000e+00,0.000000000000000000e+00
1.780737164550479434e+01,0.000000000000000000e+00,0.000000000000000000e+00
2.061058920726190635e+01,0.000000000000000000e+00,0.000000000000000000e+00
1.887711818962251797e+01,0.000000000000000000e+00,0.000000000000000000e+00
1.903961004265245549e+01,0.000000000000000000e+00,0.000000000000000000e+00
2.207362095975729233e+01,0.000000000000000000e+00,0.000000000000000000e+00
1.643911776839586025e+01,0.000000000000000000e+00,0.000000000000000000e+00
1.893395442405457629e+01,0.000000000000000000e+00,0.000000000000000000e+00
1.558043553183557961e+01,0.000000000000000000e+00,0.000000000000000000e+00
1.973680022005650514e+01,0.000000000000000000e+00,0.000000000000000000e+00
1.939318494452421859e+01,0.000000000000000000e+00,0.000000000000000000e+00
2.338155067667733888e+01,0.000000000000000000e+00,0.000000000000000000e+00
1.863171280989102740e+01,0.000000000000000000e+00,0.000000000000000000e+00
2.258783019446573803e+01,0.000000000000000000e+00,0.000000000000000000e+00
2.021824171058032249e+01,0.000000000000000000e+00,0.000000000000000000e+00
1.932950449600488341e+01,0.000000000000000000e+00,0.000000000000000000e+00
2.163652383210399677e+01,0.000000000000000000e+00,0.000000000000000000e+00
2.056255692650617206e+01,0.000000000000000000e+00,0.000000000000000000e+00
1.811187047581455545e+01,0.000000000000000000e+00,0.000000000000000000e+00
1.899365136890169481e+01,0.000000000000000000e+00,0.000000000000000000e+00
1.617086178977636024e+01,0.000000000000000000e+00,0.000000000000000000e+00
2.040310487487147029e+01,0.000000000000000000e+00,0.000000000000000000e+00
1.779255804144598585e+01,0.000000000000000000e+00,0.000000000000000000e+00
1.704766947643131303e+01,0.000000000000000000e+00,0.000000000000000000e+00
1.867832542487655445e+01,0.000000000000000000e+00,0.000000000000000000e+00
1.905993078017262476e+01,0.000000000000000000e+00,0.000000000000000000e+00
2.110978771954711775e+01,0.000000000000000000e+00,0.000000000000000000e+00
1.965076432032024201e+01,0.000000000000000000e+00,0.000000000000000000e+00
1.959722084164988587e+01,0.000000000000000000e+00,0.000000000000000000e+00
1.940177564735892801e+01,0.000000000000000000e+00,0.000000000000000000e+00
1.919542359501865292e+01,0.000000000000000000e+00,0.000000000000000000e+00
2.171178573333648387e+01,0.000000000000000000e+00,0.000000000000000000e+00
1.851537025739963482e+01,0.000000000000000000e+00,0.000000000000000000e+00
2.172751340833982070e+01,0.000000000000000000e+00,0.000000000000000000e+00
2.214841041041030678e+01,0.000000000000000000e+00,0.000000000000000000e+00
1.825838790184732829e+01,0.000000000000000000e+00,0.000000000000000000e+00
1.947488963005301343e+01,0.000000000000000000e+00,0.000000000000000000e+00
2.210851700673758558e+01,0.000000000000000000e+00,0.000000000000000000e+00
1.923003158840334947e+01,0.000000000000000000e+00,0.000000000000000000e+00
2.227844227749501727e+01,0.000000000000000000e+00,0.000000000000000000e+00
1.980743027835124792e+01,0.000000000000000000e+00,0.000000000000000000e+00
1.696991718926319592e+01,0.000000000000000000e+00,0.000000000000000000e+00
1.983947815996351594e+01,0.000000000000000000e+00,0.000000000000000000e+00
1.941887446767728065e+01,0.000000000000000000e+00,0.000000000000000000e+00
2.300280755985934888e+01,0.000000000000000000e+00,0.000000000000000000e+00
1.746985097821167088e+01,0.000000000000000000e+00,0.000000000000000000e+00
1.516076043233796433e+01,0.000000000000000000e+00,0.000000000000000000e+00
2.382268187498205947e+01,0.000000000000000000e+00,0.000000000000000000e+00
2.154479587508886596e+01,0.000000000000000000e+00,0.000000000000000000e+00
1.742730358869628304e+01,0.000000000000000000e+00,0.000000000000000000e+00
2.031823309270895450e+01,0.000000000000000000e+00,0.000000000000000000e+00
6.905244049223126979e+01,0.000000000000000000e+00,0.000000000000000000e+00
6.808757831098991176e+01,0.000000000000000000e+00,0.000000000000000000e+00
6.699762843824584024e+01,0.000000000000000000e+00,0.000000000000000000e+00
6.837668983593999883e+01,0.000000000000000000e+00,0.000000000000000000e+00
7.209103210276677487e+01,0.000000000000000000e+00,0.000000000000000000e+00
6.905429774415220834e+01,0.000000000000000000e+00,0.000000000000000000e+00
6.571295972965096155e+01,0.000000000000000000e+00,0.000000000000000000e+00
6.857235662646435514e+01,0.000000000000000000e+00,0.000000000000000000e+00
7.144025793832727800e+01,0.000000000000000000e+00,0.000000000000000000e+00
6.469622728159615122e+01,0.000000000000000000e+00,0.000000000000000000e+00
6.508282263405099854e+01,0.000000000000000000e+00,0.000000000000000000e+00
6.824749293522798155e+01,0.000000000000000000e+00,0.000000000000000000e+00
7.768072642846108522e+01,0.000000000000000000e+00,0.000000000000000000e+00
7.794895209036613437e+01,0.000000000000000000e+00,0.000000000000000000e+00
7.882819467138135394e+01,0.000000000000000000e+00,0.000000000000000000e+00
7.857985339805124170e+01,0.000000000000000000e+00,0.000000000000000000e+00
7.695644575854745995e+01,0.000000000000000000e+00,0.000000000000000000e+00
7.643988199754626578e+01,0.000000000000000000e+00,0.000000000000000000e+00
7.735572477716276296e+01,0.000000000000000000e+00,0.000000000000000000e+00
7.642809320910448889e+01,0.000000000000000000e+00,0.000000000000000000e+00
8.068371702917687571e+01,0.000000000000000000e+00,0.000000000000000000e+00
8.265151677802327868e+01,0.000000000000000000e+00,0.000000000000000000e+00
7.761365524713170316e+01,0.000000000000000000e+00,0.000000000000000000e+00
7.745153610365039754e+01,0.000000000000000000e+00,0.000000000000000000e+00
8.090501589950740424e+01,0.000000000000000000e+00,0.000000000000000000e+00
7.774972289472987086e+01,0.000000000000000000e+00,0.000000000000000000e+00
8.263169640338702493e+01,0.000000000000000000e+00,0.000000000000000000e+00
8.111861204428446115e+01,0.000000000000000000e+00,0.000000000000000000e+00
7.973689189703861757e+01,0.000000000000000000e+00,0.000000000000000000e+00
7.765079296400065800e+01,0.000000000000000000e+00,0.000000000000000000e+00
7.900932166544595248e+01,0.000000000000000000e+00,0.000000000000000000e+00
7.954730559655314437e+01,0.000000000000000000e+00,0.000000000000000000e+00
7.865897406369764155e+01,0.000000000000000000e+00,0.000000000000000000e+00
7.661386243625825898e+01,0.000000000000000000e+00,0.000000000000000000e+00
8.002754106112263344e+01,0.000000000000000000e+00,0.000000000000000000e+00
7.866328549017396199e+01,0.000000000000000000e+00,0.000000000000000000e+00
7.760105303051548731e+01,0.000000000000000000e+00,0.000000000000000000e+00
7.893730732587290788e+01,0.000000000000000000e+00,0.000000000000000000e+00
7.801866271367623540e+01,0.000000000000000000e+00,0.000000000000000000e+00
7.950055998410169877e+01,0.000000000000000000e+00,0.000000000000000000e+00
8.031598493691053875e+01,0.000000000000000000e+00,0.000000000000000000e+00
7.953777501505466319e+01,0.000000000000000000e+00,0.000000000000000000e+00
8.044637999666373673e+01,0.000000000000000000e+00,0.000000000000000000e+00
7.896976451024920607e+01,0.000000000000000000e+00,0.000000000000000000e+00
7.763548483967670677e+01,0.000000000000000000e+00,0.000000000000000000e+00
8.057631607158168663e+01,0.000000000000000000e+00,0.000000000000000000e+00
8.152827847044210330e+01,0.000000000000000000e+00,0.000000000000000000e+00
7.941794829236981457e+01,0.000000000000000000e+00,0.000000000000000000e+00
7.913417813724109351e+01,0.000000000000000000e+00,0.000000000000000000e+00
7.657102215620297159e+01,0.000000000000000000e+00,0.000000000000000000e+00
8.101313214832121901e+01,0.000000000000000000e+00,0.000000000000000000e+00
8.073488296842393197e+01,0.000000000000000000e+00,0.000000000000000000e+00
7.747419190079817497e+01,0.000000000000000000e+00,0.000000000000000000e+00
8.207901201124251145e+01,0.000000000000000000e+00,0.000000000000000000e+00
7.667894256664985164e+01,0.000000000000000000e+00,0.000000000000000000e+00
8.308599140062871413e+01,0.000000000000000000e+00,0.000000000000000000e+00
8.221456750139813607e+01,0.000000000000000000e+00,0.000000000000000000e+00
7.868684171936347127e+01,0.000000000000000000e+00,0.000000000000000000e+00
7.866818320137716114e+01,0.000000000000000000e+00,0.000000000000000000e+00
7.916398587028977829e+01,0.000000000000000000e+00,0.000000000000000000e+00
7.813611941812193606e+01,0.000000000000000000e+00,0.000000000000000000e+00
8.170409054126785975e+01,0.000000000000000000e+00,0.000000000000000000e+00
8.335043923721229930e+01,0.000000000000000000e+00,0.000000000000000000e+00
8.135905645980935219e+01,0.000000000000000000e+00,0.000000000000000000e+00
7.768214243212651127e+01,0.000000000000000000e+00,0.000000000000000000e+00
8.279154198702840972e+01,0.000000000000000000e+00,0.000000000000000000e+00
8.057646023800117518e+01,0.000000000000000000e+00,0.000000000000000000e+00
7.973027052836428652e+01,0.000000000000000000e+00,0.000000000000000000e+00
8.348084955922796269e+01,0.000000000000000000e+00,0.000000000000000000e+00
7.959114066037646751e+01,0.000000000000000000e+00,0.000000000000000000e+00
7.935086189370629484e+01,0.000000000000000000e+00,0.000000000000000000e+00
7.572540971948957633e+01,0.000000000000000000e+00,0.000000000000000000e+00
7.743203715877480420e+01,0.000000000000000000e+00,0.000000000000000000e+00
8.201331796312616973e+01,0.000000000000000000e+00,0.000000000000000000e+00
7.862435890445573250e+01,0.000000000000000000e+00,0.000000000000000000e+00
8.102773887198189584e+01,0.000000000000000000e+00,0.000000000000000000e+00
7.816248593136550937e+01,0.000000000000000000e+00,0.000000000000000000e+00
7.962856705747705632e+01,0.000000000000000000e+00,0.000000000000000000e+00
7.923656605072947912e+01,0.000000000000000000e+00,0.000000000000000000e+00
7.914067353104893243e+01,0.000000000000000000e+00,0.000000000000000000e+00
7.796693134237324330e+01,0.000000000000000000e+00,0.000000000000000000e+00
8.053409536272705793e+01,0.000000000000000000e+00,0.000000000000000000e+00
8.163922934529783504e+01,0.000000000000000000e+00,0.000000000000000000e+00
7.852327616649657216e+01,0.000000000000000000e+00,0.000000000000000000e+00
8.127556178733429704e+01,0.000000000000000000e+00,0.000000000000000000e+00
8.001919259931682404e+01,0.000000000000000000e+00,0.000000000000000000e+00
8.036714362965857106e+01,0.000000000000000000e+00,0.000000000000000000e+00
7.874179437770780510e+01,0.000000000000000000e+00,0.000000000000000000e+00
8.210703280415741290e+01,0.000000000000000000e+00,0.000000000000000000e+00
8.456572147078031776e+01,0.000000000000000000e+00,0.000000000000000000e+00
7.864660330741959626e+01,0.000000000000000000e+00,0.000000000000000000e+00
8.033618394608912183e+01,0.000000000000000000e+00,0.000000000000000000e+00
7.800611582880708283e+01,0.000000000000000000e+00,0.000000000000000000e+00
8.266939913540950613e+01,0.000000000000000000e+00,0.000000000000000000e+00
8.059944271525927206e+01,0.000000000000000000e+00,0.000000000000000000e+00
8.013510003667930448e+01,0.000000000000000000e+00,0.000000000000000000e+00
7.713911128059626776e+01,0.000000000000000000e+00,0.000000000000000000e+00
7.640142092443494448e+01,0.000000000000000000e+00,0.000000000000000000e+00
7.739666008630025829e+01,0.000000000000000000e+00,0.000000000000000000e+00
7.729356255785587848e+01,0.000000000000000000e+00,0.000000000000000000e+00
8.073907207239568606e+01,0.000000000000000000e+00,0.000000000000000000e+00
7.912603905311577535e+01,0.000000000000000000e+00,0.000000000000000000e+00
8.263200986955567373e+01,0.000000000000000000e+00,0.000000000000000000e+00
8.295606929162232746e+01,0.000000000000000000e+00,0.000000000000000000e+00
8.165783658454833471e+01,0.000000000000000000e+00,0.000000000000000000e+00
7.660866469977453619e+01,0.000000000000000000e+00,0.000000000000000000e+00
8.046753004800763165e+01,0.000000000000000000e+00,0.000000000000000000e+00
8.350383234041935054e+01,0.000000000000000000e+00,0.000000000000000000e+00
3.210780926568919824e+01,0.000000000000000000e+00,0.000000000000000000e+00
2.961193746151074890e+01,0.000000000000000000e+00,0.000000000000000000e+00
3.262165043897270778e+01,0.000000000000000000e+00,0.000000000000000000e+00
3.149757110848149821e+01,0.000000000000000000e+00,0.000000000000000000e+00
3.437202956744981464e+01,0.000000000000000000e+00,0.000000000000000000e+00
3.082230438301828457e+01,0.000000000000000000e+00,0.000000000000000000e+00
3.204752459682416088e+01,0.000000000000000000e+00,0.000000000000000000e+00
3.009020179475445289e+01,0.000000000000000000e+00,0.000000000000000000e+00
3.087416090964293147e+01,0.000000000000000000e+00,0.000000000000000000e+00
3.049320882085936901e+01,0.000000000000000000e+00,0.000000000000000000e+00
3.273663866990913363e+01,0.000000000000000000e+00,0.000000000000000000e+00
3.230469022353950237e+01,0.000000000000000000e+00,0.000000000000000000e+00
2.289710184161002715e+01,0.000000000000000000e+00,0.000000000000000000e+00
2.021014608208462704e+01,0.000000000000000000e+00,0.000000000000000000e+00
2.337465069331521761e+01,0.000000000000000000e+00,0.000000000000000000e+00
2.436274766368830669e+01,0.000000000000000000e+00,0.000000000000000000e+00
1.990941676619452139e+01,0.000000000000000000e+00,0.000000000000000000e+00
2.292962707439329506e+01,0.000000000000000000e+00,0.000000000000000000e+00
2.107074773540433910e+01,0.000000000000000000e+00,0.000000000000000000e+00
2.214565174750726939e+01,0.000000000000000000e+00,0.000000000000000000e+00
2.214078448083524719e+01,0.000000000000000000e+00,0.000000000000000000e+00
2.066109764997567666e+01,0.000000000000000000e+00,0.000000000000000000e+00
2.312996193416332247e+01,0.000000000000000000e+00,0.000000000000000000e+00
2.187388078604716313e+01,0.000000000000000000e+00,0.000000000000000000e+00
1.830737853130818138e+01,0.000000000000000000e+00,0.000000000000000000e+00
1.819902355787146675e+01,0.000000000000000000e+00,0.000000000000000000e+00
2.379862478484816535e+01,0.000000000000000000e+00,0.000000000000000000e+00
2.123763227706172785e+01,0.000000000000000000e+00,0.000000000000000000e+00
2.304510504346247046e+01,0.000000000000000000e+00,0.000000000000000000e+00
1.871960596288327139e+01,0.000000000000000000e+00,0.000000000000000000e+00
2.292288831859720943e+01,0.000000000000000000e+00,0.000000000000000000e+00
2.087223642245837851e+01,0.000000000000000000e+00,0.000000000000000000e+00
2.386153731849181270e+01,0.000000000000000000e+00,0.000000000000000000e+00
1.980612785732266801e+01,0.000000000000000000e+00,0.000000000000000000e+00
2.132220917260723425e+01,0.000000000000000000e+00,0.000000000000000000e+00
1.763987725683656649e+01,0.000000000000000000e+00,0.000000000000000000e+00
2.080410440570233632e+01,0.000000000000000000e+00,0.000000000000000000e+00
1.779783268840706256e+01,0.000000000000000000e+00,0.000000000000000000e+00
1.681244460643988248e+01,0.000000000000000000e+00,0.000000000000000000e+00
1.984674150646285895e+01,0.000000000000000000e+00,0.000000000000000000e+00
1.940363112221295694e+01,0.000000000000000000e+00,0.000000000000000000e+00
2.005644235488209404e+01,0.000000000000000000e+00,0.000000000000000000e+00
2.078041432594477200e+01,0.000000000000000000e+00,0.000000000000000000e+00
2.231576860414548236e+01,0.000000000000000000e+00,0.000000000000000000e+00
1.875210812477884659e+01,0.000000000000000000e+00,0.000000000000000000e+00
2.280961713380831668e+01,0.000000000000000000e+00,0.000000000000000000e+00
2.189012746559961187e+01,0.000000000000000000e+00,0.000000000000000000e+00
1.740420194266706844e+01,0.000000000000000000e+00,0.000000000000000000e+00
1.979816186524908517e+01,0.000000000000000000e+00,0.000000000000000000e+00
2.475736192848949102e+01,0.000000000000000000e+00,0.000000000000000000e+00
2.193277104012677725e+01,0.000000000000000000e+00,0.000000000000000000e+00
1.455357016089267930e+01,0.000000000000000000e+00,0.000000000000000000e+00
1.841301545845593779e+01,0.000000000000000000e+00,0.000000000000000000e+00
2.039912719820623366e+01,0.000000000000000000e+00,0.000000000000000000e+00
1.606119826659969974e+01,0.000000000000000000e+00,0.000000000000000000e+00
2.322237417171285401e+01,0.000000000000000000e+00,0.000000000000000000e+00
2.280195445239672125e+01,0.000000000000000000e+00,0.000000000000000000e+00
2.361799578726592941e+01,0.000000000000000000e+00,0.000000000000000000e+00
2.188539730416632878e+01,0.000000000000000000e+00,0.000000000000000000e+00
2.044176856003284826e+01,0.000000000000000000e+00,0.000000000000000000e+00
2.140928702694166930e+01,0.000000000000000000e+00,0.000000000000000000e+00
2.128542330469822730e+01,0.000000000000000000e+00,0.000000000000000000e+00
2.163426985618000131e+01,0.000000000000000000e+00,0.000000000000000000e+00
2.250074574639561220e+01,0.000000000000000000e+00,0.000000000000000000e+00
2.081851090350461320e+01,0.000000000000000000e+00,0.000000000000000000e+00
1.953076945257312858e+01,0.000000000000000000e+00,0.000000000000000000e+00
2.118429752334127159e+01,0.000000000000000000e+00,0.000000000000000000e+00
2.102565107203302475e+01,0.000000000000000000e+00,0.000000000000000000e+00
2.212260672900960756e+01,0.000000000000000000e+00,0.000000000000000000e+00
1.862988506035255298e+01,0.000000000000000000e+00,0.000000000000000000e+00
2.039872955411600586e+01,0.000000000000000000e+00,0.000000000000000000e+00
1.809493032792305911e+01,0.000000000000000000e+00,0.000000000000000000e+00
2.324252604456874138e+01,0.000000000000000000e+00,0.000000000000000000e+00
1.839888921054701498e+01,0.000000000000000000e+00,0.000000000000000000e+00
1.917678018398026296e+01,0.000000000000000000e+00,0.000000000000000000e+00
1.942945793471863425e+01,0.000000000000000000e+00,0.000000000000000000e+00
1.698647162076277439e+01,0.000000000000000000e+00,0.000000000000000000e+00
2.456475162538987078e+01,0.000000000000000000e+00,0.000000000000000000e+00
1.648399176587986759e+01,0.000000000000000000e+00,0.000000000000000000e+00
1.808345564499605373e+01,0.000000000000000000e+00,0.000000000000000000e+00
2.252561076097937232e+01,0.000000000000000000e+00,0.000000000000000000e+00
1.919230855377039191e+01,0.000000000000000000e+00,0.000000000000000000e+00
2.437650746986675188e+01,0.000000000000000000e+00,0.000000000000000000e+00
1.775700016553770411e+01,0.000000000000000000e+00,0.000000000000000000e+00
2.390057933598037465e+01,0.000000000000000000e+00,0.000000000000000000e+00
2.140251455616344245e+01,0.000000000000000000e+00,0.000000000000000000e+00
1.846280057249131801e+01,0.000000000000000000e+00,0.000000000000000000e+00
2.206154820515091686e+01,0.000000000000000000e+00,0.000000000000000000e+00
2.411674097946403350e+01,0.000000000000000000e+00,0.000000000000000000e+00
2.048107790244770143e+01,0.000000000000000000e+00,0.000000000000000000e+00
1.986702899365950614e+01,0.000000000000000000e+00,0.000000000000000000e+00
2.479024442629741287e+01,0.000000000000000000e+00,0.000000000000000000e+00
2.028964647505399199e+01,0.000000000000000000e+00,0.000000000000000000e+00
1.830550099605652292e+01,0.000000000000000000e+00,0.000000000000000000e+00
1.814307600830705169e+01,0.000000000000000000e+00,0.000000000000000000e+00
1.812249037528528106e+01,0.000000000000000000e+00,0.000000000000000000e+00
2.149156518363574619e+01,0.000000000000000000e+00,0.000000000000000000e+00
1.872848685784809675e+01,0.000000000000000000e+00,0.000000000000000000e+00
2.264974748954009698e+01,0.000000000000000000e+00,0.000000000000000000e+00
2.096751285436620549e+01,0.000000000000000000e+00,0.000000000000000000e+00
2.095888693633306588e+01,0.000000000000000000e+00,0.000000000000000000e+00
1.949692829966644325e+01,0.000000000000000000e+00,0.000000000000000000e+00
2.081991504867992049e+01,0.000000000000000000e+00,0.000000000000000000e+00
2.219760746062651080e+01,0.000000000000000000e+00,0.000000000000000000e+00
1.939428874487775900e+01,0.000000000000000000e+00,0.000000000000000000e+00
2.234187474622893177e+01,0.000000000000000000e+00,0.000000000000000000e+00
2.183916166513792234e+01,0.000000000000000000e+00,0.000000000000000000e+00
2.075572229334167318e+01,0.000000000000000000e+00,0.000000000000000000e+00
1.606394337637930292e+01,0.000000000000000000e+00,0.000000000000000000e+00
1.881527362895434408e+01,0.000000000000000000e+00,0.000000000000000000e+00
2.103298832311342537e+01,0.000000000000000000e+00,0.000000000000000000e+00
2.119546770052008355e+01,0.000000000000000000e+00,0.000000000000000000e+00
1.937965367017296003e+01,0.000000000000000000e+00,0.000000000000000000e+00
1.719622072308223437e+01,0.000000000000000000e+00,0.000000000000000000e+00
1.759886534398827962e+01,0.000000000000000000e+00,0.000000000000000000e+00
1.671380150780473883e+01,0.000000000000000000e+00,0.000000000000000000e+00
1.687899283989999688e+01,0.000000000000000000e+00,0.000000000000000000e+00
2.214734811095942746e+01,0.000000000000000000e+00,0.000000000000000000e+00
1.742630171675260442e+01,0.000000000000000000e+00,0.000000000000000000e+00
2.175097199395042225e+01,0.000000000000000000e+00,0.000000000000000000e+00
2.458133069783215063e+01,0.000000000000000000e+00,0.000000000000000000e+00
2.076425837036629929e+01,0.000000000000000000e+00,0.000000000000000000e+00
2.433235560249143958e+01,0.000000000000000000e+00,0.000000000000000000e+00
1.462409916156299516e+01,0.000000000000000000e+00,0.000000000000000000e+00
1.772708915660603779e+01,0.000000000000000000e+00,0.000000000000000000e+00
1.966292735625659560e+01,0.000000000000000000e+00,0.000000000000000000e+00
2.133016572481965412e+01,0.000000000000000000e+00,0.000000000000000000e+00
2.072443043361835890e+01,0.000000000000000000e+00,0.000000000000000000e+00
2.091395991852618508e+01,0.000000000000000000e+00,0.000000000000000000e+00
1.733126425807526871e+01,0.000000000000000000e+00,0.000000000000000000e+00
2.024061724963002362e+01,0.000000000000000000e+00,0.000000000000000000e+00
2.058900798755638917e+01,0.000000000000000000e+00,0.000000000000000000e+00
1.811138826802191559e+01,0.000000000000000000e+00,0.000000000000000000e+00
1.887579745707131451e+01,0.000000000000000000e+00,0.000000000000000000e+00
1.996928807245421567e+01,0.000000000000000000e+00,0.000000000000000000e+00
1.809162239362947489e+01,0.000000000000000000e+00,0.000000000000000000e+00
2.024562614903808111e+01,0.000000000000000000e+00,0.000000000000000000e+00
2.152114636297169170e+01,0.000000000000000000e+00,0.000000000000000000e+00
2.292089301770786491e+01,0.000000000000000000e+00,0.000000000000000000e+00
1.742355477589211077e+01,0.000000000000000000e+00,0.000000000000000000e+00
2.064268938631001404e+01,0.000000000000000000e+00,0.000000000000000000e+00
1.899600672572312732e+01,0.000000000000000000e+00,0.000000000000000000e+00
1.814952935885635199e+01,0.000000000000000000e+00,0.000000000000000000e+00
1.960348458083062795e+01,0.000000000000000000e+00,0.000000000000000000e+00
2.323266231554210393e+01,0.000000000000000000e+00,0.000000000000000000e+00
1.907028168476239571e+01,0.000000000000000000e+00,0.000000000000000000e+00
2.142834503730211893e+01,0.000000000000000000e+00,0.000000000000000000e+00
1.907113274247853241e+01,0.000000000000000000e+00,0.000000000000000000e+00
2.162360034369139328e+01,0.000000000000000000e+00,0.000000000000000000e+00
2.068229990406807772e+01,0.000000000000000000e+00,0.000000000000000000e+00
2.013003402843368050e+01,0.000000000000000000e+00,0.000000000000000000e+00
2.361603830640778057e+01,0.000000000000000000e+00,0.000000000000000000e+00
2.121056296921232942e+01,0.000000000000000000e+00,0.000000000000000000e+00
2.086991366212417276e+01,0.000000000000000000e+00,0.000000000000000000e+00
2.084573397759371360e+01,0.000000000000000000e+00,0.000000000000000000e+00
1.972333778356247080e+01,0.000000000000000000e+00,0.000000000000000000e+00
2.153269488301275203e+01,0.000000000000000000e+00,0.000000000000000000e+00
1.699921947804991262e+01,0.000000000000000000e+00,0.000000000000000000e+00
1.998595037817281295e+01,0.000000000000000000e+00,0.000000000000000000e+00
1.902558778462244504e+01,0.000000000000000000e+00,0.000000000000000000e+00
1.900898579773189923e+01,0.000000000000000000e+00,0.000000000000000000e+00
2.329490971265284927e+01,0.000000000000000000e+00,0.000000000000000000e+00
2.061369956296181272e+01,0.000000000000000000e+00,0.000000000000000000e+00
1.690000624719888123e+01,0.000000000000000000e+00,0.000000000000000000e+00
1.509236205008426701e+01,0.000000000000000000e+00,0.000000000000000000e+00
2.069735390118727381e+01,0.000000000000000000e+00,0.000000000000000000e+00
1.992430028148346466e+01,0.000000000000000000e+00,0.000000000000000000e+00
1.954619018121648821e+01,0.000000000000000000e+00,0.000000000000000000e+00
2.082143198272157392e+01,0.000000000000000000e+00,0.000000000000000000e+00
2.011415260878547073e+01,0.000000000000000000e+00,0.000000000000000000e+00
2.089276130267686327e+01,0.000000000000000000e+00,0.000000000000000000e+00
1.792572660138826990e+01,0.000000000000000000e+00,0.000000000000000000e+00
2.152222282001219611e+01,0.000000000000000000e+00,0.000000000000000000e+00
2.137762941261492955e+01,0.000000000000000000e+00,0.000000000000000000e+00
2.190638335897740419e+01,0.000000000000000000e+00,0.000000000000000000e+00
1.995240428523059606e+01,0.000000000000000000e+00,0.000000000000000000e+00
1.896951616676724583e+01,0.000000000000000000e+00,0.000000000000000000e+00
2.203613032801673910e+01,0.000000000000000000e+00,0.000000000000000000e+00
1.982047264197501590e+01,0.000000000000000000e+00,0.000000000000000000e+00
1.745186926405905226e+01,0.000000000000000000e+00,0.000000000000000000e+00
6.574064051870354319e+01,0.000000000000000000e+00,0.000000000000000000e+00
6.870327126603072543e+01,0.000000000000000000e+00,0.000000000000000000e+00
6.833706634237381650e+01,0.000000000000000000e+00,0.000000000000000000e+00
6.596415710235193330e+01,0.000000000000000000e+00,0.000000000000000000e+00
6.644335630916545199e+01,0.000000000000000000e+00,0.000000000000000000e+00
6.729230086671681477e+01,0.000000000000000000e+00,0.000000000000000000e+00
7.003992117034127318e+01,0.000000000000000000e+00,0.000000000000000000e+00
6.749493326723602138e+01,0.000000000000000000e+00,0.000000000000000000e+00
6.954779956396248508e+01,0.000000000000000000e+00,0.000000000000000000e+00
6.955968058674055499e+01,0.000000000000000000e+00,0.000000000000000000e+00
6.391846913146494558e+01,0.000000000000000000e+00,0.000000000000000000e+00
6.755416219874716433e+01,0.000000000000000000e+00,0.000000000000000000e+00
7.337717656015576040e+01,0.000000000000000000e+00,0.000000000000000000e+00
7.781789926174286620e+01,0.000000000000000000e+00,0.000000000000000000e+00
7.809668191362202094e+01,0.000000000000000000e+00,0.000000000000000000e+00
7.737826700565177873e+01,0.000000000000000000e+00,0.000000000000000000e+00
7.319017369351973912e+01,0.000000000000000000e+00,0.000000000000000000e+00
7.597480678480732763e+01,0.000000000000000000e+00,0.000000000000000000e+00
7.604056181991369101e+01,0.000000000000000000e+00,0.000000000000000000e+00
7.691285271086435671e+01,0.000000000000000000e+00,0.000000000000000000e+00
7.901889671990990394e+01,0.000000000000000000e+00,0.000000000000000000e+00
7.932321437186317326e+01,0.000000000000000000e+00,0.000000000000000000e+00
7.925300216213426552e+01,0.000000000000000000e+00,0.000000000000000000e+00
7.661752421222843168e+01,0.000000000000000000e+00,0.000000000000000000e+00
8.008142752975885514e+01,0.000000000000000000e+00,0.000000000000000000e+00
8.013557131443531034e+01,0.000000000000000000e+00,0.000000000000000000e+00
7.699336416100993574e+01,0.000000000000000000e+00,0.000000000000000000e+00
7.993707398220747962e+01,0.000000000000000000e+00,0.000000000000000000e+00
7.792455638683439645e+01,0.000000000000000000e+00,0.000000000000000000e+00
7.896648995031149809e+01,0.000000000000000000e+00,0.000000000000000000e+00
7.992051631436382308e+01,0.000000000000000000e+00,0.000000000000000000e+00
7.685931982665813678e+01,0.000000000000000000e+00,0.000000000000000000e+00
8.191745547956584517e+01,0.000000000000000000e+00,0.000000000000000000e+00
8.097515895115726892e+01,0.000000000000000000e+00,0.000000000000000000e+00
7.804035558094638247e+01,0.000000000000000000e+00,0.000000000000000000e+00
7.986773508227194895e+01,0.000000000000000000e+00,0.000000000000000000e+00
7.745066371613364709e+01,0.000000000000000000e+00,0.000000000000000000e+00
8.087923222666863410e+01,0.000000000000000000e+00,0.000000000000000000e+00
7.953972649625690394e+01,0.000000000000000000e+00,0.000000000000000000e+00
8.062112969354609504e+01,0.000000000000000000e+00,0.000000000000000000e+00
8.199611272427736708e+01,0.000000000000000000e+00,0.000000000000000000e+00
8.129586696271645962e+01,0.000000000000000000e+00,0.000000000000000000e+00
8.034380441545533813e+01,0.000000000000000000e+00,0.000000000000000000e+00
8.109151734625648089e+01,0.000000000000000000e+00,0.000000000000000000e+00
7.901875041223871676e+01,0.000000000000000000e+00,0.000000000000000000e+00
8.260604286553166276e+01,0.000000000000000000e+00,0.000000000000000000e+00
7.992963315825181780e+01,0.000000000000000000e+00,0.000000000000000000e+00
7.943640780038940363e+01,0.000000000000000000e+00,0.000000000000000000e+00
7.800260505688906676e+01,0.000000000000000000e+00,0.000000000000000000e+00
7.828518854658281612e+01,0.000000000000000000e+00,0.000000000000000000e+00
8.230778456285233347e+01,0.000000000000000000e+00,0.000000000000000000e+00
7.903364155087422205e+01,0.000000000000000000e+00,0.000000000000000000e+00
7.963331939986589703e+01,0.000000000000000000e+00,0.000000000000000000e+00
8.172804803829779985e+01,0.000000000000000000e+00,0.000000000000000000e+00
8.208154034002797061e+01,0.000000000000000000e+00,0.000000000000000000e+00
7.855492742609125401e+01,0.000000000000000000e+00,0.000000000000000000e+00
7.876061101525461083e+01,0.000000000000000000e+00,0.000000000000000000e+00
7.617688287381216128e+01,0.000000000000000000e+00,0.000000000000000000e+00
7.695826925370042204e+01,0.000000000000000000e+00,0.000000000000000000e+00
7.836637278389135020e+01,0.000000000000000000e+00,0.000000000000000000e+00
7.782788552736910503e+01,0.000000000000000000e+00,0.000000000000000000e+00
7.847914599088606735e+01,0.000000000000000000e+00,0.000000000000000000e+00
7.995554287078806510e+01,0.000000000000000000e+00,0.000000000000000000e+00
7.795591158795679121e+01,0.000000000000000000e+00,0.000000000000000000e+00
7.906642360595185437e+01,0.000000000000000000e+00,0.000000000000000000e+00
7.596805746275965987e+01,0.000000000000000000e+00,0.000000000000000000e+00
8.273364359818799585e+01,0.000000000000000000e+00,0.000000000000000000e+00
7.791010058580522468e+01,0.000000000000000000e+00,0.000000000000000000e+00
7.885502038165890326e+01,0.000000000000000000e+00,0.000000000000000000e+00
8.109431092766469362e+01,0.000000000000000000e+00,0.000000000000000000e+00
7.851061948823635817e+01,0.000000000000000000e+00,0.000000000000000000e+00
8.231339435855693409e+01,0.000000000000000000e+00,0.000000000000000000e+00
7.828535563105150175e+01,0.000000000000000000e+00,0.000000000000000000e+00
7.972965804332710604e+01,0.000000000000000000e+00,0.000000000000000000e+00
8.093475715619334210e+01,0.000000000000000000e+00,0.000000000000000000e+00
7.942690541141351446e+01,0.000000000000000000e+00,0.000000000000000000e+00
8.147725718041111520e+01,0.000000000000000000e+00,0.000000000000000000e+00
7.838978403719643495e+01,0.000000000000000000e+00,0.000000000000000000e+00
7.909195060452923087e+01,0.000000000000000000e+00,0.000000000000000000e+00
7.769988091075393299e+01,0.000000000000000000e+00,0.000000000000000000e+00
8.301265991024561686e+01,0.000000000000000000e+00,0.000000000000000000e+00
8.128193789871627928e+01,0.000000000000000000e+00,0.000000000000000000e+00
8.146709075140643108e+01,0.000000000000000000e+00,0.000000000000000000e+00
7.741900823352332850e+01,0.000000000000000000e+00,0.000000000000000000e+00
7.759468901529908180e+01,0.000000000000000000e+00,0.000000000000000000e+00
7.853885211907261521e+01,0.000000000000000000e+00,0.000000000000000000e+00
8.163720843918254388e+01,0.000000000000000000e+00,0.000000000000000000e+00
8.171300204728871108e+01,0.000000000000000000e+00,0.000000000000000000e+00
7.654366678012742398e+01,0.000000000000000000e+00,0.000000000000000000e+00
8.220222414009109002e+01,0.000000000000000000e+00,0.000000000000000000e+00
7.601784538454386109e+01,0.000000000000000000e+00,0.000000000000000000e+00
7.920675733685473574e+01,0.000000000000000000e+00,0.000000000000000000e+00
7.859774483301620762e+01,0.000000000000000000e+00,0.000000000000000000e+00
8.091038443008201853e+01,0.000000000000000000e+00,0.000000000000000000e+00
8.412764717507606349e+01,0.000000000000000000e+00,0.000000000000000000e+00
7.933266125950198955e+01,0.000000000000000000e+00,0.000000000000000000e+00
8.424175769667760960e+01,0.000000000000000000e+00,0.000000000000000000e+00
8.195351446734187562e+01,0.000000000000000000e+00,0.000000000000000000e+00
7.986371203831315313e+01,0.000000000000000000e+00,0.000000000000000000e+00
8.020086193423519205e+01,0.000000000000000000e+00,0.000000000000000000e+00
8.058672648607488043e+01,0.000000000000000000e+00,0.000000000000000000e+00
7.744389883507500372e+01,0.000000000000000000e+00,0.000000000000000000e+00
7.728229775356470554e+01,0.000000000000000000e+00,0.000000000000000000e+00
7.810264079185471076e+01,0.000000000000000000e+00,0.000000000000000000e+00
8.088090026587904902e+01,0.000000000000000000e+00,0.000000000000000000e+00
7.720329939350327209e+01,0.000000000000000000e+00,0.000000000000000000e+00
7.958625611292207225e+01,0.000000000000000000e+00,0.000000000000000000e+00
8.306419373845793075e+01,0.000000000000000000e+00,0.000000000000000000e+00
2.903395231517965769e+01,0.000000000000000000e+00,0.000000000000000000e+00
3.277837327095940623e+01,0.000000000000000000e+00,0.000000000000000000e+00
3.405410071079215584e+01,0.000000000000000000e+00,0.000000000000000000e+00
3.323943547040627777e+01,0.000000000000000000e+00,0.000000000000000000e+00
2.958642312409807218e+01,0.000000000000000000e+00,0.000000000000000000e+00
3.536693258612526591e+01,0.000000000000000000e+00,0.000000000000000000e+00
3.089108241586171033e+01,0.000000000000000000e+00,0.000000000000000000e+00
3.076932694532911938e+01,0.000000000000000000e+00,0.000000000000000000e+00
3.343584283664657164e+01,0.000000000000000000e+00,0.000000000000000000e+00
3.572685567606099966e+01,0.000000000000000000e+00,0.000000000000000000e+00
3.278656371142807302e+01,0.000000000000000000e+00,0.000000000000000000e+00
3.657996692485076551e+01,0.000000000000000000e+00,0.000000000000000000e+00
2.211087275267113128e+01,0.000000000000000000e+00,0.000000000000000000e+00
2.417219164067742199e+01,0.000000000000000000e+00,0.000000000000000000e+00
2.458056086077369429e+01,0.000000000000000000e+00,0.000000000000000000e+00
2.363267067914451047e+01,0.000000000000000000e+00,0.000000000000000000e+00
2.272355611235378348e+01,0.000000000000000000e+00,0.000000000000000000e+00
2.270100290621235573e+01,0.000000000000000000e+00,0.000000000000000000e+00
2.146745846733826113e+01,0.000000000000000000e+00,0.000000000000000000e+00
2.312304752492333648e+01,0.000000000000000000e+00,0.000000000000000000e+00
2.325770948206741906e+01,0.000000000000000000e+00,0.000000000000000000e+00
1.943822281761246629e+01,0.000000000000000000e+00,0.000000000000000000e+00
1.963395902915311808e+01,0.000000000000000000e+00,0.000000000000000000e+00
1.902387668762382589e+01,0.000000000000000000e+00,0.000000000000000000e+00
2.051158996521722599e+01,0.000000000000000000e+00,0.000000000000000000e+00
2.194570464313583358e+01,0.000000000000000000e+00,0.000000000000000000e+00
2.175214941988605588e+01,0.000000000000000000e+00,0.000000000000000000e+00
1.914001430437290452e+01,0.000000000000000000e+00,0.000000000000000000e+00
2.117867965757803717e+01,0.000000000000000000e+00,0.000000000000000000e+00
2.004757772167094387e+01,0.000000000000000000e+00,0.000000000000000000e+00
1.990744321571518327e+01,0.000000000000000000e+00,0.000000000000000000e+00
1.945503150459110486e+01,0.000000000000000000e+00,0.000000000000000000e+00
2.279399064045944812e+01,0.000000000000000000e+00,0.000000000000000000e+00
2.166852056478597888e+01,0.000000000000000000e+00,0.000000000000000000e+00
1.763484603918952587e+01,0.000000000000000000e+00,0.000000000000000000e+00
1.511801891197141856e+01,0.000000000000000000e+00,0.000000000000000000e+00
2.142630875949419433e+01,0.000000000000000000e+00,0.000000000000000000e+00
1.822017561951897591e+01,0.000000000000000000e+00,0.000000000000000000e+00
2.086620677221732834e+01,0.000000000000000000e+00,0.000000000000000000e+00
1.745137878703708623e+01,0.000000000000000000e+00,0.000000000000000000e+00
2.228627198590892533e+01,0.000000000000000000e+00,0.000000000000000000e+00
2.253702666341724736e+01,0.000000000000000000e+00,0.000000000000000000e+00
2.179812997860229373e+01,0.000000000000000000e+00,0.000000000000000000e+00
1.931425830759346240e+01,0.000000000000000000e+00,0.000000000000000000e+00
1.832650466817118939e+01,0.000000000000000000e+00,0.000000000000000000e+00
1.838522507228554304e+01,0.000000000000000000e+00,0.000000000000000000e+00
1.787370029602797672e+01,0.000000000000000000e+00,0.000000000000000000e+00
1.874582864733556065e+01,0.000000000000000000e+00,0.000000000000000000e+00
2.171391262732785421e+01,0.000000000000000000e+00,0.000000000000000000e+00
2.067709828740479949e+01,0.000000000000000000e+00,0.000000000000000000e+00
2.146295937524242348e+01,0.000000000000000000e+00,0.000000000000000000e+00
2.557523037287690570e+01,0.000000000000000000e+00,0.000000000000000000e+00
2.298455814470737124e+01,0.000000000000000000e+00,0.000000000000000000e+00
1.776143503545802105e+01,0.000000000000000000e+00,0.000000000000000000e+00
1.710953239897684952e+01,0.000000000000000000e+00,0.000000000000000000e+00
1.984750705729764775e+01,0.000000000000000000e+00,0.000000000000000000e+00
2.075683397099426131e+01,0.000000000000000000e+00,0.000000000000000000e+00
1.785112389815061107e+01,0.000000000000000000e+00,0.000000000000000000e+00
2.086964074497316801e+01,0.000000000000000000e+00,0.000000000000000000e+00
2.290865769752392822e+01,0.000000000000000000e+00,0.000000000000000000e+00
1.988210980190946486e+01,0.000000000000000000e+00,0.000000000000000000e+00
1.788178035629080043e+01,0.000000000000000000e+00,0.000000000000000000e+00
2.441174432055301580e+01,0.000000000000000000e+00,0.000000000000000000e+00
1.854851280711346817e+01,0.000000000000000000e+00,0.000000000000000000e+00
2.116438202341696950e+01,0.000000000000000000e+00,0.000000000000000000e+00
2.011243240548307654e+01,0.000000000000000000e+00,0.000000000000000000e+00
2.657696711547254509e+01,0.000000000000000000e+00,0.000000000000000000e+00
2.045539724980631746e+01,0.000000000000000000e+00,0.000000000000000000e+00
2.052445349330450952e+01,0.000000000000000000e+00,0.000000000000000000e+00
2.188398883983507659e+01,0.000000000000000000e+00,0.000000000000000000e+00
1.902527914060476988e+01,0.000000000000000000e+00,0.000000000000000000e+00
2.143600971376250186e+01,0.000000000000000000e+00,0.000000000000000000e+00
1.670044199080440350e+01,0.000000000000000000e+00,0.000000000000000000e+00
1.916738491962166435e+01,0.000000000000000000e+00,0.000000000000000000e+00
2.055078037279855607e+01,0.000000000000000000e+00,0.000000000000000000e+00
1.851543387492086268e+01,0.000000000000000000e+00,0.000000000000000000e+00
2.270994843207001423e+01,0.000000000000000000e+00,0.000000000000000000e+00
2.143090447691884393e+01,0.000000000000000000e+00,0.000000000000000000e+00
2.600494551128281628e+01,0.000000000000000000e+00,0.000000000000000000e+00
1.885333912075961038e+01,0.000000000000000000e+00,0.000000000000000000e+00
1.750614137014429517e+01,0.000000000000000000e+00,0.000000000000000000e+00
2.009580510434397738e+01,0.000000000000000000e+00,0.000000000000000000e+00
2.183456002881371560e+01,0.000000000000000000e+00,0.000000000000000000e+00
1.976060219573940913e+01,0.000000000000000000e+00,0.000000000000000000e+00
1.622998381495337483e+01,0.000000000000000000e+00,0.000000000000000000e+00
1.882191922674366324e+01,0.000000000000000000e+00,0.000000000000000000e+00
2.029591582114840875e+01,0.000000000000000000e+00,0.000000000000000000e+00
1.831819807908344089e+01,0.000000000000000000e+00,0.000000000000000000e+00
1.901112868713244097e+01,0.000000000000000000e+00,0.000000000000000000e+00
2.198486943997910004e+01,0.000000000000000000e+00,0.000000000000000000e+00
1.931584404918261200e+01,0.000000000000000000e+00,0.000000000000000000e+00
1.829253459135693305e+01,0.000000000000000000e+00,0.000000000000000000e+00
2.023957940483683515e+01,0.000000000000000000e+00,0.000000000000000000e+00
2.207503184595204715e+01,0.000000000000000000e+00,0.000000000000000000e+00
2.302116006961838934e+01,0.000000000000000000e+00,0.000000000000000000e+00
2.067958103250682100e+01,0.000000000000000000e+00,0.000000000000000000e+00
2.294251026063410848e+01,0.000000000000000000e+00,0.000000000000000000e+00
1.823774472263721691e+01,0.000000000000000000e+00,0.000000000000000000e+00
2.110680491382092328e+01,0.000000000000000000e+00,0.000000000000000000e+00
1.779327203747231678e+01,0.000000000000000000e+00,0.000000000000000000e+00
1.862916436870433401e+01,0.000000000000000000e+00,0.000000000000000000e+00
2.190545123096452684e+01,0.000000000000000000e+00,0.000000000000000000e+00
1.742836258758571688e+01,0.000000000000000000e+00,0.000000000000000000e+00
2.149543229050688353e+01,0.000000000000000000e+00,0.000000000000000000e+00
1.833670555640720679e+01,0.000000000000000000e+00,0.000000000000000000e+00
2.189804228617294513e+01,0.000000000000000000e+00,0.000000000000000000e+00
2.170845771506738231e+01,0.000000000000000000e+00,0.000000000000000000e+00
2.111565757278838618e+01,0.000000000000000000e+00,0.000000000000000000e+00
1.997287763528808924e+01,0.000000000000000000e+00,0.000000000000000000e+00
2.408418277995842516e+01,0.000000000000000000e+00,0.000000000000000000e+00
1.711329522296906092e+01,0.000000000000000000e+00,0.000000000000000000e+00
1.868602952154680708e+01,0.000000000000000000e+00,0.000000000000000000e+00
1.911324177406865843e+01,0.000000000000000000e+00,0.000000000000000000e+00
2.276852859795065953e+01,0.000000000000000000e+00,0.000000000000000000e+00
1.946400801152494608e+01,0.000000000000000000e+00,0.000000000000000000e+00
2.268420895487322397e+01,0.000000000000000000e+00,0.000000000000000000e+00
2.053159695492421477e+01,0.000000000000000000e+00,0.000000000000000000e+00
1.828022924099441582e+01,0.000000000000000000e+00,0.000000000000000000e+00
2.080723426836290102e+01,0.000000000000000000e+00,0.000000000000000000e+00
1.734024290115957356e+01,0.000000000000000000e+00,0.000000000000000000e+00
2.111044720442684053e+01,0.000000000000000000e+00,0.000000000000000000e+00
1.951012628683167804e+01,0.000000000000000000e+00,0.000000000000000000e+00
1.919881981167074869e+01,0.000000000000000000e+00,0.000000000000000000e+00
1.980792564022359414e+01,0.000000000000000000e+00,0.000000000000000000e+00
2.090347752863932485e+01,0.000000000000000000e+00,0.000000000000000000e+00
1.818299863064106958e+01,0.000000000000000000e+00,0.000000000000000000e+00
2.019233321200404063e+01,0.000000000000000000e+00,0.000000000000000000e+00
1.780301326304412157e+01,0.000000000000000000e+00,0.000000000000000000e+00
2.036199837578088179e+01,0.000000000000000000e+00,0.000000000000000000e+00
1.971299463941578267e+01,0.000000000000000000e+00,0.000000000000000000e+00
1.597099418216228273e+01,0.000000000000000000e+00,0.000000000000000000e+00
1.570103309461578789e+01,0.000000000000000000e+00,0.000000000000000000e+00
2.196298241101238347e+01,0.000000000000000000e+00,0.000000000000000000e+00
1.655262080147756265e+01,0.000000000000000000e+00,0.000000000000000000e+00
1.965429454653737196e+01,0.000000000000000000e+00,0.000000000000000000e+00
2.014735921298904842e+01,0.000000000000000000e+00,0.000000000000000000e+00
2.189956186872363375e+01,0.000000000000000000e+00,0.000000000000000000e+00
1.955345787137344971e+01,0.000000000000000000e+00,0.000000000000000000e+00
2.058186939851674424e+01,0.000000000000000000e+00,0.000000000000000000e+00
1.748645064441408437e+01,0.000000000000000000e+00,0.000000000000000000e+00
2.022341520742609333e+01,0.000000000000000000e+00,0.000000000000000000e+00
1.639662169632002886e+01,0.000000000000000000e+00,0.000000000000000000e+00
2.609516760327348095e+01,0.000000000000000000e+00,0.000000000000000000e+00
2.039698938692940899e+01,0.000000000000000000e+00,0.000000000000000000e+00
1.909454415849931408e+01,0.000000000000000000e+00,0.000000000000000000e+00
2.014704552570005092e+01,0.000000000000000000e+00,0.000000000000000000e+00
1.527900356197609000e+01,0.000000000000000000e+00,0.000000000000000000e+00
2.258475124668219891e+01,0.000000000000000000e+00,0.000000000000000000e+00
1.871286299349733184e+01,0.000000000000000000e+00,0.000000000000000000e+00
2.271295463303124507e+01,0.000000000000000000e+00,0.000000000000000000e+00
1.984126796506974699e+01,0.000000000000000000e+00,0.000000000000000000e+00
1.985375334055004259e+01,0.000000000000000000e+00,0.000000000000000000e+00
1.876404445538965504e+01,0.000000000000000000e+00,0.000000000000000000e+00
2.086340475415775586e+01,0.000000000000000000e+00,0.000000000000000000e+00
2.009319797484550918e+01,0.000000000000000000e+00,0.000000000000000000e+00
1.829267515600281868e+01,0.000000000000000000e+00,0.000000000000000000e+00
2.092861294161590280e+01,0.000000000000000000e+00,0.000000000000000000e+00
2.043466188079154122e+01,0.000000000000000000e+00,0.000000000000000000e+00
2.196811372615151825e+01,0.000000000000000000e+00,0.000000000000000000e+00
2.122720120256913034e+01,0.000000000000000000e+00,0.000000000000000000e+00
2.047274979447171006e+01,0.000000000000000000e+00,0.000000000000000000e+00
1.922162868155356463e+01,0.000000000000000000e+00,0.000000000000000000e+00
2.111740713192447316e+01,0.000000000000000000e+00,0.000000000000000000e+00
2.094418238612684391e+01,0.000000000000000000e+00,0.000000000000000000e+00
2.023475892202295867e+01,0.000000000000000000e+00,0.000000000000000000e+00
2.191933837306706678e+01,0.000000000000000000e+00,0.000000000000000000e+00
2.513567540386418386e+01,0.000000000000000000e+00,0.000000000000000000e+00
1.884126491614319576e+01,0.000000000000000000e+00,0.000000000000000000e+00
1.937259680402434370e+01,0.000000000000000000e+00,0.000000000000000000e+00
2.212888857548999155e+01,0.000000000000000000e+00,0.000000000000000000e+00
2.527779640569454145e+01,0.000000000000000000e+00,0.000000000000000000e+00
2.048502820299102467e+01,0.000000000000000000e+00,0.000000000000000000e+00
1.692486262987315015e+01,0.000000000000000000e+00,0.000000000000000000e+00
2.362822324216261549e+01,0.000000000000000000e+00,0.000000000000000000e+00
1.697494469110166193e+01,0.000000000000000000e+00,0.000000000000000000e+00
1.487591250991823877e+01,0.000000000000000000e+00,0.000000000000000000e+00
1.881656101152429628e+01,0.000000000000000000e+00,0.000000000000000000e+00
1.935594745089332847e+01,0.000000000000000000e+00,0.000000000000000000e+00
1.726389382000229133e+01,0.000000000000000000e+00,0.000000000000000000e+00
1.755033851555047875e+01,0.000000000000000000e+00,0.000000000000000000e+00
6.653705798092981638e+01,0.000000000000000000e+00,0.000000000000000000e+00
6.612951948215420828e+01,0.000000000000000000e+00,0.000000000000000000e+00
6.820806895980859963e+01,0.000000000000000000e+00,0.000000000000000000e+00
6.763855107135736944e+01,0.000000000000000000e+00,0.000000000000000000e+00
6.558387226251988977e+01,0.000000000000000000e+00,0.000000000000000000e+00
6.756897331025915321e+01,0.000000000000000000e+00,0.000000000000000000e+00
6.658350484168876449e+01,0.000000000000000000e+00,0.000000000000000000e+00
6.586956795668923803e+01,0.000000000000000000e+00,0.000000000000000000e+00
6.517037949209309033e+01,0.000000000000000000e+00,0.000000000000000000e+00
6.556939258125639469e+01,0.000000000000000000e+00,0.000000000000000000e+00
6.964458437089739107e+01,0.000000000000000000e+00,0.000000000000000000e+00
6.603145077082636760e+01,0.000000000000000000e+00,0.000000000000000000e+00
7.555218470257841545e+01,0.000000000000000000e+00,0.000000000000000000e+00
7.955760150116256568e+01,0.000000000000000000e+00,0.000000000000000000e+00
7.762321399653089316e+01,0.000000000000000000e+00,0.000000000000000000e+00
8.026871217895805444e+01,0.000000000000000000e+00,0.000000000000000000e+00
7.787050169566194313e+01,0.000000000000000000e+00,0.000000000000000000e+00
7.977053735399495338e+01,0.000000000000000000e+00,0.000000000000000000e+00
7.780188875290561157e+01,0.000000000000000000e+00,0.000000000000000000e+00
8.154297509989548587e+01,0.000000000000000000e+00,0.000000000000000000e+00
7.894383598660363077e+01,0.000000000000000000e+00,0.000000000000000000e+00
7.697785546330835871e+01,0.000000000000000000e+00,0.000000000000000000e+00
7.726034356938320968e+01,0.000000000000000000e+00,0.000000000000000000e+00
7.906199000677426625e+01,0.000000000000000000e+00,0.000000000000000000e+00
8.159079395360191711e+01,0.000000000000000000e+00,0.000000000000000000e+00
8.023834691111041195e+01,0.000000000000000000e+00,0.000000000000000000e+00
8.070743549349698753e+01,0.000000000000000000e+00,0.000000000000000000e+00
7.822385451482595897e+01,0.000000000000000000e+00,0.000000000000000000e+00
7.994868237773333419e+01,0.000000000000000000e+00,0.000000000000000000e+00
7.862489825584735570e+01,0.000000000000000000e+00,0.000000000000000000e+00
7.833190450377641412e+01,0.000000000000000000e+00,0.000000000000000000e+00
7.708829802591532143e+01,0.000000000000000000e+00,0.000000000000000000e+00
8.093912003093861074e+01,0.000000000000000000e+00,0.000000000000000000e+00
8.199416454280181199e+01,0.000000000000000000e+00,0.000000000000000000e+00
7.962526477115395096e+01,0.000000000000000000e+00,0.000000000000000000e+00
8.088633708628782415e+01,0.000000000000000000e+00,0.000000000000000000e+00
7.540645159989129809e+01,0.000000000000000000e+00,0.000000000000000000e+00
7.741536728723652061e+01,0.000000000000000000e+00,0.000000000000000000e+00
7.991243260047050967e+01,0.000000000000000000e+00,0.000000000000000000e+00
7.908445514186085745e+01,0.000000000000000000e+00,0.000000000000000000e+00
8.076030582207596353e+01,0.000000000000000000e+00,0.000000000000000000e+00
7.970466176168518757e+01,0.000000000000000000e+00,0.000000000000000000e+00
8.034077691262498888e+01,0.000000000000000000e+00,0.000000000000000000e+00
8.153267293976698227e+01,0.000000000000000000e+00,0.000000000000000000e+00
8.426504825112844799e+01,0.000000000000000000e+00,0.000000000000000000e+00
7.333534473430225376e+01,0.000000000000000000e+00,0.000000000000000000e+00
7.703924931872296611e+01,0.000000000000000000e+00,0.000000000000000000e+00
8.107023512095942408e+01,0.000000000000000000e+00,0.000000000000000000e+00
7.950362690564432455e+01,0.000000000000000000e+00,0.000000000000000000e+00
7.917114882653400798e+01,0.000000000000000000e+00,0.000000000000000000e+00
8.056438632922346699e+01,0.000000000000000000e+00,0.000000000000000000e+00
7.778507384260572621e+01,0.000000000000000000e+00,0.000000000000000000e+00
8.018008817635947594e+01,0.000000000000000000e+00,0.000000000000000000e+00
8.103354942074892620e+01,0.000000000000000000e+00,0.000000000000000000e+00
8.244081089335780632e+01,0.000000000000000000e+00,0.000000000000000000e+00
8.005949896041344971e+01,0.000000000000000000e+00,0.000000000000000000e+00
7.738060680948591141e+01,0.000000000000000000e+00,0.000000000000000000e+00
7.729062406418088926e+01,0.000000000000000000e+00,0.000000000000000000e+00
8.051564025267586544e+01,0.000000000000000000e+00,0.000000000000000000e+00
8.054493084960867577e+01,0.000000000000000000e+00,0.000000000000000000e+00
7.747028744609944795e+01,0.000000000000000000e+00,0.000000000000000000e+00
8.166168163465189878e+01,0.000000000000000000e+00,0.000000000000000000e+00
8.017528966471238050e+01,0.000000000000000000e+00,0.000000000000000000e+00
7.823728360348567890e+01,0.000000000000000000e+00,0.000000000000000000e+00
8.009635044691172823e+01,0.000000000000000000e+00,0.000000000000000000e+00
8.261062212334748267e+01,0.000000000000000000e+00,0.000000000000000000e+00
7.997371645430631304e+01,0.000000000000000000e+00,0.000000000000000000e+00
8.156532021099882002e+01,0.000000000000000000e+00,0.000000000000000000e+00
7.761168669728156999e+01,0.000000000000000000e+00,0.000000000000000000e+00
8.114105995019360762e+01,0.000000000000000000e+00,0.000000000000000000e+00
8.154926387697614132e+01,0.000000000000000000e+00,0.000000000000000000e+00
7.887203806145336671e+01,0.000000000000000000e+00,0.000000000000000000e+00
7.946442839384251045e+01,0.000000000000000000e+00,0.000000000000000000e+00
8.051359881784458139e+01,0.000000000000000000e+00,0.000000000000000000e+00
8.073641989993936363e+01,0.000000000000000000e+00,0.000000000000000000e+00
8.113729561712764848e+01,0.000000000000000000e+00,0.000000000000000000e+00
7.842593728119690866e+01,0.000000000000000000e+00,0.000000000000000000e+00
8.016125286112819026e+01,0.000000000000000000e+00,0.000000000000000000e+00
7.816283212308525208e+01,0.000000000000000000e+00,0.000000000000000000e+00
8.122951372650378232e+01,0.000000000000000000e+00,0.000000000000000000e+00
8.088969650557514512e+01,0.000000000000000000e+00,0.000000000000000000e+00
8.131116708089466272e+01,0.000000000000000000e+00,0.000000000000000000e+00
8.024597809397448600e+01,0.000000000000000000e+00,0.000000000000000000e+00
7.941071016344234579e+01,0.000000000000000000e+00,0.000000000000000000e+00
7.915096911387806244e+01,0.000000000000000000e+00,0.000000000000000000e+00
7.724382609079292195e+01,0.000000000000000000e+00,0.000000000000000000e+00
7.993568898439912118e+01,0.000000000000000000e+00,0.000000000000000000e+00
1.429288163684887820e+02,1.000000000000000000e+00,6.300000000000000000e+01
1.432347910575962828e+02,1.000000000000000000e+00,6.300000000000000000e+01
1.427772195746842954e+02,1.000000000000000000e+00,6.300000000000000000e+01
1.444531514273793960e+02,1.000000000000000000e+00,6.300000000000000000e+01
1.422428794449402290e+02,1.000000000000000000e+00,6.300000000000000000e+01
1.408713560230848998e+02,1.000000000000000000e+00,6.300000000000000000e+01
1.442936143655136050e+02,1.000000000000000000e+00,6.300000000000000000e+01
1.450306771148660800e+02,1.000000000000000000e+00,6.300000000000000000e+01
1.418009424254893247e+02,1.000000000000000000e+00,6.300000000000000000e+01
1.424082304802210217e+02,1.000000000000000000e+00,6.300000000000000000e+01
1.420885699609881385e+02,1.000000000000000000e+00,6.300000000000000000e+01
1.439099471631459437e+02,1.000000000000000000e+00,6.300000000000000000e+01
1.416966976346696470e+02,1.000000000000000000e+00,6.300000000000000000e+01
1.467921614731717455e+02,1.000000000000000000e+00,6.300000000000000000e+01
1.434935850193870976e+02,1.000000000000000000e+00,6.300000000000000000e+01
1.418647580725988178e+02,1.000000000000000000e+00,6.300000000000000000e+01
1.394190301377807373e+02,1.000000000000000000e+00,6.300000000000000000e+01
1.428100820114830185e+02,1.000000000000000000e+00,6.300000000000000000e+01
1.436745575607000660e+02,1.000000000000000000e+00,6.300000000000000000e+01
1.423910348189049273e+02,1.000000000000000000e+00,6.300000000000000000e+01
1.434419328260214286e+02,1.000000000000000000e+00,6.300000000000000000e+01
9.302553058283832854e+01,1.000000000000000000e+00,6.300000000000000000e+01
9.343787143200577816e+01,1.000000000000000000e+00,6.300000000000000000e+01
9.734422978431248907e+01,1.000000000000000000e+00,6.300000000000000000e+01
9.934726749190919293e+01,1.000000000000000000e+00,6.300000000000000000e+01
9.643576931280409781e+01,1.000000000000000000e+00,6.300000000000000000e+01
9.617974089860256015e+01,1.000000000000000000e+00,6.300000000000000000e+01
9.270729724616771250e+01,1.000000000000000000e+00,6.300000000000000000e+01
9.668537358341279742e+01,1.000000000000000000e+00,6.300000000000000000e+01
9.553713457082497484e+01,1.000000000000000000e+00,6.300000000000000000e+01
9.527951356976993225e+01,1.000000000000000000e+00,6.300000000000000000e+01
9.456230113251248781e+01,1.000000000000000000e+00,6.300000000000000000e+01
9.279541033647258530e+01,1.000000000000000000e+00,6.300000000000000000e+01
8.337546616177068870e+01,1.000000000000000000e+00,6.300000000000000000e+01
8.762917716734807527e+01,1.000000000000000000e+00,6.300000000000000000e+01
8.470157776963471008e+01,1.000000000000000000e+00,6.300000000000000000e+01
8.517429443797722399e+01,1.000000000000000000e+00,6.300000000000000000e+01
8.692824813866781142e+01,1.000000000000000000e+00,6.300000000000000000e+01
8.462041022850755212e+01,1.000000000000000000e+00,6.300000000000000000e+01
8.752279328449671425e+01,1.000000000000000000e+00,6.300000000000000000e+01
8.868394871047087236e+01,1.000000000000000000e+00,6.300000000000000000e+01
8.677278391698695259e+01,1.000000000000000000e+00,6.300000000000000000e+01
8.900464704441330355e+01,1.000000000000000000e+00,6.300000000000000000e+01
8.357817161074621026e+01,1.000000000000000000e+00,6.300000000000000000e+01
8.517303382413734880e+01,1.000000000000000000e+00,6.300000000000000000e+01
8.164478527793539797e+01,1.000000000000000000e+00,6.300000000000000000e+01
8.469350446712077485e+01,1.000000000000000000e+00,6.300000000000000000e+01
8.124917010230119274e+01,1.000000000000000000e+00,6.300000000000000000e+01
8.516288875978220574e+01,1.000000000000000000e+00,6.300000000000000000e+01
8.590362991227540590e+01,1.000000000000000000e+00,6.300000000000000000e+01
7.796403040534590900e+01,1.000000000000000000e+00,6.300000000000000000e+01
8.218276137774365964e+01,1.000000000000000000e+00,6.300000000000000000e+01
7.954770004428873165e+01,1.000000000000000000e+00,6.300000000000000000e+01
8.358960942163396624e+01,1.000000000000000000e+00,6.300000000000000000e+01
8.378191761140786298e+01,1.000000000000000000e+00,6.300000000000000000e+01
8.325996569541065639e+01,1.000000000000000000e+00,6.300000000000000000e+01
8.396950111643309356e+01,1.000000000000000000e+00,6.300000000000000000e+01
8.222721046395604105e+01,1.000000000000000000e+00,6.300000000000000000e+01
8.394139609417349845e+01,1.000000000000000000e+00,6.300000000000000000e+01
8.829777716132821297e+01,1.000000000000000000e+00,6.300000000000000000e+01
8.495879594774729071e+01,1.000000000000000000e+00,6.300000000000000000e+01
8.128442743604539089e+01,1.000000000000000000e+00,6.300000000000000000e+01
8.282476272502134407e+01,1.000000000000000000e+00,6.300000000000000000e+01
8.454986883416233923e+01,1.000000000000000000e+00,6.300000000000000000e+01
8.200911679909881968e+01,1.000000000000000000e+00,6.300000000000000000e+01
8.251323748848031414e+01,1.000000000000000000e+00,6.300000000000000000e+01
8.578573127759973715e+01,1.000000000000000000e+00,6.300000000000000000e+01
8.308907989145296824e+01,1.000000000000000000e+00,6.300000000000000000e+01
8.480912155400932306e+01,1.000000000000000000e+00,6.300000000000000000e+01
8.041060434875981855e+01,1.000000000000000000e+00,6.300000000000000000e+01
8.352424502796543493e+01,1.000000000000000000e+00,6.300000000000000000e+01
8.216226488746266909e+01,1.000000000000000000e+00,6.300000000000000000e+01
8.364607110576913840e+01,1.000000000000000000e+00,6.300000000000000000e+01
8.215619383086735183e+01,1.000000000000000000e+00,6.300000000000000000e+01
8.283323248770980740e+01,1.000000000000000000e+00,6.300000000000000000e+01
8.335789139662695391e+01,1.000000000000000000e+00,6.300000000000000000e+01
8.732145279546728034e+01,1.000000000000000000e+00,6.300000000000000000e+01
8.022576450646381829e+01,1.000000000000000000e+00,6.300000000000000000e+01
8.012227598677772278e+01,1.000000000000000000e+00,6.300000000000000000e+01
8.261667154088145537e+01,1.000000000000000000e+00,6.300000000000000000e+01
8.545268748351779209e+01,1.000000000000000000e+00,6.300000000000000000e+01
8.507005065019293966e+01,1.000000000000000000e+00,6.300000000000000000e+01
8.032730912224192821e+01,1.000000000000000000e+00,6.300000000000000000e+01
8.240307430940096367e+01,1.000000000000000000e+00,6.300000000000000000e+01
8.479853251482228416e+01,1.000000000000000000e+00,6.300000000000000000e+01
8.162358460621936729e+01,1.000000000000000000e+00,6.300000000000000000e+01
8.130288670782228166e+01,1.000000000000000000e+00,6.300000000000000000e+01
8.636740669777552171e+01,1.000000000000000000e+00,6.300000000000000000e+01
8.589447242604825306e+01,1.000000000000000000e+00,6.300000000000000000e+01
8.074257135152399201e+01,1.000000000000000000e+00,6.300000000000000000e+01
8.404391349820399171e+01,1.000000000000000000e+00,6.300000000000000000e+01
8.413066344748109771e+01,1.000000000000000000e+00,6.300000000000000000e+01
8.385631944910647917e+01,1.000000000000000000e+00,6.300000000000000000e+01
8.343432493349310164e+01,1.000000000000000000e+00,6.300000000000000000e+01
8.422696164234196203e+01,1.000000000000000000e+00,6.300000000000000000e+01
8.055609773736563284e+01,1.000000000000000000e+00,6.300000000000000000e+01
8.550849069368130984e+01,1.000000000000000000e+00,6.300000000000000000e+01
8.487765406313199890e+01,1.000000000000000000e+00,6.300000000000000000e+01
8.774311557971309128e+01,1.000000000000000000e+00,6.300000000000000000e+01
8.285561016302770554e+01,1.000000000000000000e+00,6.300000000000000000e+01
8.069133888458030412e+01,1.000000000000000000e+00,6.300000000000000000e+01
8.125812976273402910e+01,1.000000000000000000e+00,6.300000000000000000e+01
8.229640575489599996e+01,1.000000000000000000e+00,6.300000000000000000e+01
8.451408032444996365e+01,1.000000000000000000e+00,6.300000000000000000e+01
7.895887332503957623e+01,1.000000000000000000e+00,6.300000000000000000e+01
8.127156221098725553e+01,1.000000000000000000e+00,6.300000000000000000e+01
8.275806493178669143e+01,1.000000000000000000e+00,6.300000000000000000e+01
8.302715998610791814e+01,1.000000000000000000e+00,6.300000000000000000e+01
8.394649135032310028e+01,1.000000000000000000e+00,6.300000000000000000e+01
8.439804851240830885e+01,1.000000000000000000e+00,6.300000000000000000e+01
8.120680529469788667e+01,1.000000000000000000e+00,6.300000000000000000e+01
7.944275937403473620e+01,1.000000000000000000e+00,6.300000000000000000e+01
8.368897599657350383e+01,1.000000000000000000e+00,6.300000000000000000e+01
8.475312454663165340e+01,1.000000000000000000e+00,6.300000000000000000e+01
8.013751772207143631e+01,1.000000000000000000e+00,6.300000000000000000e+01
8.355750876238656133e+01,1.000000000000000000e+00,6.300000000000000000e+01
8.175070817206390927e+01,1.000000000000000000e+00,6.300000000000000000e+01
8.579140665010029920e+01,1.000000000000000000e+00,6.300000000000000000e+01
8.059473860100555953e+01,1.000000000000000000e+00,6.300000000000000000e+01
8.341731637206518712e+01,1.000000000000000000e+00,6.300000000000000000e+01
8.603821614532179751e+01,1.000000000000000000e+00,6.300000000000000000e+01
7.978659909817073981e+01,1.000000000000000000e+00,6.300000000000000000e+01
8.408022276290571995e+01,1.000000000000000000e+00,6.300000000000000000e+01
8.132878169198727392e+01,1.000000000000000000e+00,6.300000000000000000e+01
7.969204959487396422e+01,1.000000000000000000e+00,6.300000000000000000e+01
8.401646311819249036e+01,1.000000000000000000e+00,6.300000000000000000e+01
8.100369411161412359e+01,1.000000000000000000e+00,6.300000000000000000e+01
8.201108736285121381e+01,1.000000000000000000e+00,6.300000000000000000e+01
8.421599802208896790e+01,1.000000000000000000e+00,6.300000000000000000e+01
8.302038770861442174e+01,1.000000000000000000e+00,6.300000000000000000e+01
8.511047370904140053e+01,1.000000000000000000e+00,6.300000000000000000e+01
8.239217353205459915e+01,1.000000000000000000e+00,6.300000000000000000e+01
8.348467235084254412e+01,1.000000000000000000e+00,6.300000000000000000e+01
7.962313306249851053e+01,1.000000000000000000e+00,6.300000000000000000e+01
8.482596391875379993e+01,1.000000000000000000e+00,6.300000000000000000e+01
8.548902726446925726e+01,1.000000000000000000e+00,6.300000000000000000e+01
8.421118137404380377e+01,1.000000000000000000e+00,6.300000000000000000e+01
8.609512225397774898e+01,1.000000000000000000e+00,6.300000000000000000e+01
8.211486500816117484e+01,1.000000000000000000e+00,6.300000000000000000e+01
8.605001745117006351e+01,1.000000000000000000e+00,6.300000000000000000e+01
8.224436659453463960e+01,1.000000000000000000e+00,6.300000000000000000e+01
8.243114173568147862e+01,1.000000000000000000e+00,6.300000000000000000e+01
8.183033431287972803e+01,1.000000000000000000e+00,6.300000000000000000e+01
8.200150626925260156e+01,1.000000000000000000e+00,6.300000000000000000e+01
8.307341727869145132e+01,1.000000000000000000e+00,6.300000000000000000e+01
8.258375667581375978e+01,1.000000000000000000e+00,6.300000000000000000e+01
8.282255362256374553e+01,1.000000000000000000e+00,6.300000000000000000e+01
8.532836030357003665e+01,1.000000000000000000e+00,6.300000000000000000e+01
8.340775608960596799e+01,1.000000000000000000e+00,6.300000000000000000e+01
8.102752332281662007e+01,1.000000000000000000e+00,6.300000000000000000e+01
8.189100025812496142e+01,1.000000000000000000e+00,6.300000000000000000e+01
8.148948073381900770e+01,1.000000000000000000e+00,6.300000000000000000e+01
8.085816012000140063e+01,1.000000000000000000e+00,6.300000000000000000e+01
8.642776484695514227e+01,1.000000000000000000e+00,6.300000000000000000e+01
8.286801280705920192e+01,1.000000000000000000e+00,6.300000000000000000e+01
8.503608465125982718e+01,1.000000000000000000e+00,6.300000000000000000e+01
7.733565432392208550e+01,1.000000000000000000e+00,6.300000000000000000e+01
8.419791533532682593e+01,1.000000000000000000e+00,6.300000000000000000e+01
8.291547218633246530e+01,1.000000000000000000e+00,6.300000000000000000e+01
7.977520428734067082e+01,1.000000000000000000e+00,6.300000000000000000e+01
8.263170097108672962e+01,1.000000000000000000e+00,6.300000000000000000e+01
8.064822332262977511e+01,1.000000000000000000e+00,6.300000000000000000e+01
8.160495624978662477e+01,1.000000000000000000e+00,6.300000000000000000e+01
8.239001840107964370e+01,1.000000000000000000e+00,6.300000000000000000e+01
7.988085095378380629e+01,1.000000000000000000e+00,6.300000000000000000e+01
8.335729686318968845e+01,1.000000000000000000e+00,6.300000000000000000e+01
8.011771110152716346e+01,1.000000000000000000e+00,6.300000000000000000e+01
8.367800038624805836e+01,1.000000000000000000e+00,6.300000000000000000e+01
8.068423797723627899e+01,1.000000000000000000e+00,6.300000000000000000e+01
8.324716031921343529e+01,1.000000000000000000e+00,6.300000000000000000e+01
8.075358370847146716e+01,1.000000000000000000e+00,6.300000000000000000e+01
8.513420972808270903e+01,1.000000000000000000e+00,6.300000000000000000e+01
8.056052301009073346e+01,1.000000000000000000e+00,6.300000000000000000e+01
8.178166788075624538e+01,1.000000000000000000e+00,6.300000000000000000e+01
8.362555786649355127e+01,1.000000000000000000e+00,6.300000000000000000e+01
8.212061725228439002e+01,1.000000000000000000e+00,6.300000000000000000e+01
8.631149924997535550e+01,1.000000000000000000e+00,6.300000000000000000e+01
8.116673538038415359e+01,1.000000000000000000e+00,6.300000000000000000e+01
8.363871510973571333e+01,1.000000000000000000e+00,6.300000000000000000e+01
8.370616746366587790e+01,1.000000000000000000e+00,6.300000000000000000e+01
8.218397453664661612e+01,1.000000000000000000e+00,6.300000000000000000e+01
8.252704425672550315e+01,1.000000000000000000e+00,6.300000000000000000e+01
8.182248253656027259e+01,1.000000000000000000e+00,6.300000000000000000e+01
7.922072292568395824e+01,1.000000000000000000e+00,6.300000000000000000e+01
8.494500163131742454e+01,1.000000000000000000e+00,6.300000000000000000e+01
8.611649989697465912e+01,1.000000000000000000e+00,6.300000000000000000e+01
8.546581411054518185e+01,1.000000000000000000e+00,6.300000000000000000e+01
8.130572516859002974e+01,1.000000000000000000e+00,6.300000000000000000e+01
8.174764230245817487e+01,1.000000000000000000e+00,6.300000000000000000e+01
8.737090397790052521e+01,1.000000000000000000e+00,6.300000000000000000e+01
8.552930137371292574e+01,1.000000000000000000e+00,6.300000000000000000e+01
7.959819393882897032e+01,1.000000000000000000e+00,6.300000000000000000e+01
7.932834612472790070e+01,1.000000000000000000e+00,6.300000000000000000e+01
8.442291185862518432e+01,1.000000000000000000e+00,6.300000000000000000e+01
8.258309872436045396e+01,1.000000000000000000e+00,6.300000000000000000e+01
8.301470361155936928e+01,1.000000000000000000e+00,6.300000000000000000e+01
8.581705053630385294e+01,1.000000000000000000e+00,6.300000000000000000e+01
8.146097406090839854e+01,1.000000000000000000e+00,6.300000000000000000e+01
8.235402368436277243e+01,1.000000000000000000e+00,6.300000000000000000e+01
8.211750493555736341e+01,1.000000000000000000e+00,6.300000000000000000e+01
8.174508209646182877e+01,1.000000000000000000e+00,6.300000000000000000e+01
1.301013403882909074e+02,1.000000000000000000e+00,6.300000000000000000e+01
1.308793644527956417e+02,1.000000000000000000e+00,6.300000000000000000e+01
1.295041124672843011e+02,1.000000000000000000e+00,6.300000000000000000e+01
1.310151730882182619e+02,1.000000000000000000e+00,6.300000000000000000e+01
1.346251111126079536e+02,1.000000000000000000e+00,6.300000000000000000e+01
1.287295388000551384e+02,1.000000000000000000e+00,6.300000000000000000e+01
1.295438574010593697e+02,1.000000000000000000e+00,6.300000000000000000e+01
1.333457535209952312e+02,1.000000000000000000e+00,6.300000000000000000e+01
1.305285294101610702e+02,1.000000000000000000e+00,6.300000000000000000e+01
1.288492551626914633e+02,1.000000000000000000e+00,6.300000000000000000e+01
1.280397234587150024e+02,1.000000000000000000e+00,6.300000000000000000e+01
1.274377107214109799e+02,1.000000000000000000e+00,6.300000000000000000e+01
1.386657041466173155e+02,1.000000000000000000e+00,6.300000000000000000e+01
1.406018087028583352e+02,1.000000000000000000e+00,6.300000000000000000e+01
1.381446552528704501e+02,1.000000000000000000e+00,6.300000000000000000e+01
1.431481177744772140e+02,1.000000000000000000e+00,6.300000000000000000e+01
1.410387790360479698e+02,1.000000000000000000e+00,6.300000000000000000e+01
1.421701684889542037e+02,1.000000000000000000e+00,6.300000000000000000e+01
1.342488151757602850e+02,1.000000000000000000e+00,6.300000000000000000e+01
1.419256493786532474e+02,1.000000000000000000e+00,6.300000000000000000e+01
1.448325906560511953e+02,1.000000000000000000e+00,6.300000000000000000e+01
1.371481465766314045e+02,1.000000000000000000e+00,6.300000000000000000e+01
1.383934425012517977e+02,1.000000000000000000e+00,6.300000000000000000e+01
1.405980196882932773e+02,1.000000000000000000e+00,6.300000000000000000e+01
1.428993255415468298e+02,1.000000000000000000e+00,6.300000000000000000e+01
1.461600331086642655e+02,1.000000000000000000e+00,6.300000000000000000e+01
1.464690250244443632e+02,1.000000000000000000e+00,6.300000000000000000e+01
1.428675616091902612e+02,1.000000000000000000e+00,6.300000000000000000e+01
1.431625588660440940e+02,1.000000000000000000e+00,6.300000000000000000e+01
1.411262183050176304e+02,1.000000000000000000e+00,6.300000000000000000e+01
1.437787656583668081e+02,1.000000000000000000e+00,6.300000000000000000e+01
1.452588549365064523e+02,1.000000000000000000e+00,6.300000000000000000e+01
1.436374960569627319e+02,1.000000000000000000e+00,6.300000000000000000e+01
1.433330242858846191e+02,1.000000000000000000e+00,6.300000000000000000e+01
1.416890323436581980e+02,1.000000000000000000e+00,6.300000000000000000e+01
1.417540691420816188e+02,1.000000000000000000e+00,6.300000000000000000e+01
1.419150461753577588e+02,1.000000000000000000e+00,6.300000000000000000e+01
1.434515187691049505e+02,1.000000000000000000e+00,6.300000000000000000e+01
1.403856811864692702e+02,1.000000000000000000e+00,6.300000000000000000e+01
1.429498514871949340e+02,1.000000000000000000e+00,6.300000000000000000e+01
1.396193312790053938e+02,1.000000000000000000e+00,6.300000000000000000e+01
1.426639234440846167e+02,1.000000000000000000e+00,6.300000000000000000e+01
1.437534821761142325e+02,1.000000000000000000e+00,6.300000000000000000e+01
1.413597281519219564e+02,1.000000000000000000e+00,6.300000000000000000e+01
1.449750080715881495e+02,1.000000000000000000e+00,6.300000000000000000e+01
1.463925064361028774e+02,1.000000000000000000e+00,6.300000000000000000e+01
1.381034112662263169e+02,1.000000000000000000e+00,6.300000000000000000e+01
1.429826159968714876e+02,1.000000000000000000e+00,6.300000000000000000e+01
1.421952153991785792e+02,1.000000000000000000e+00,6.300000000000000000e+01
1.413638924394948049e+02,1.000000000000000000e+00,6.300000000000000000e+01
1.428256565191547907e+02,1.000000000000000000e+00,6.300000000000000000e+01
1.423993624546146179e+02,1.000000000000000000e+00,6.300000000000000000e+01
1.440129989520825120e+02,1.000000000000000000e+00,6.300000000000000000e+01
1.447718173249685947e+02,1.000000000000000000e+00,6.300000000000000000e+01
1.424756955683395176e+02,1.000000000000000000e+00,6.300000000000000000e+01
1.434718309336090840e+02,1.000000000000000000e+00,6.300000000000000000e+01
1.383062014701255862e+02,1.000000000000000000e+00,6.300000000000000000e+01
1.443736359029778669e+02,1.000000000000000000e+00,6.300000000000000000e+01
1.429532488377785171e+02,1.000000000000000000e+00,6.300000000000000000e+01
1.409744444829412373e+02,1.000000000000000000e+00,6.300000000000000000e+01
1.417508146327101599e+02,1.000000000000000000e+00,6.300000000000000000e+01
1.449201456917940050e+02,1.000000000000000000e+00,6.300000000000000000e+01
1.414594630143925542e+02,1.000000000000000000e+00,6.300000000000000000e+01
1.417558037761550906e+02,1.000000000000000000e+00,6.300000000000000000e+01
1.388238176243003466e+02,1.000000000000000000e+00,6.300000000000000000e+01
1.441590250410094995e+02,1.000000000000000000e+00,6.300000000000000000e+01
1.418226725342622103e+02,1.000000000000000000e+00,6.300000000000000000e+01
1.426490453717912601e+02,1.000000000000000000e+00,6.300000000000000000e+01
1.431224549524649206e+02,1.000000000000000000e+00,6.300000000000000000e+01
1.461060234363215500e+02,1.000000000000000000e+00,6.300000000000000000e+01
1.439738584995138524e+02,1.000000000000000000e+00,6.300000000000000000e+01
1.434335465097610722e+02,1.000000000000000000e+00,6.300000000000000000e+01
1.439109170215888867e+02,1.000000000000000000e+00,6.300000000000000000e+01
1.438787640639158667e+02,1.000000000000000000e+00,6.300000000000000000e+01
1.418198661402366270e+02,1.000000000000000000e+00,6.300000000000000000e+01
1.437993476080196729e+02,1.000000000000000000e+00,6.300000000000000000e+01
1.434229123563170560e+02,1.000000000000000000e+00,6.300000000000000000e+01
1.462421955159027220e+02,1.000000000000000000e+00,6.300000000000000000e+01
1.432158803388070396e+02,1.000000000000000000e+00,6.300000000000000000e+01
1.438869458354626829e+02,1.000000000000000000e+00,6.300000000000000000e+01
1.433510449711462229e+02,1.000000000000000000e+00,6.300000000000000000e+01
1.444240026796088614e+02,1.000000000000000000e+00,6.300000000000000000e+01
1.444944782542099233e+02,1.000000000000000000e+00,6.300000000000000000e+01
1.452994988875672675e+02,1.000000000000000000e+00,6.300000000000000000e+01
1.404112716030137449e+02,1.000000000000000000e+00,6.300000000000000000e+01
1.406195090266825787e+02,1.000000000000000000e+00,6.300000000000000000e+01
1.397730621338661763e+02,1.000000000000000000e+00,6.300000000000000000e+01
1.437680144653113530e+02,1.000000000000000000e+00,6.300000000000000000e+01
1.439222744060596995e+02,1.000000000000000000e+00,6.300000000000000000e+01
1.422262611765286238e+02,1.000000000000000000e+00,6.300000000000000000e+01
1.424248000547167976e+02,1.000000000000000000e+00,6.300000000000000000e+01
1.422503199058793939e+02,1.000000000000000000e+00,6.300000000000000000e+01
1.437125727291747808e+02,1.000000000000000000e+00,6.300000000000000000e+01
1.409101846029192586e+02,1.000000000000000000e+00,6.300000000000000000e+01
1.433531334250209568e+02,1.000000000000000000e+00,6.300000000000000000e+01
1.449513140482392828e+02,1.000000000000000000e+00,6.300000000000000000e+01
1.445748052621311217e+02,1.000000000000000000e+00,6.300000000000000000e+01
1.459523662105307835e+02,1.000000000000000000e+00,6.300000000000000000e+01
1.393151688676734921e+02,1.000000000000000000e+00,6.300000000000000000e+01
1.432958247227011270e+02,1.000000000000000000e+00,6.300000000000000000e+01
1.416741879647990459e+02,1.000000000000000000e+00,6.300000000000000000e+01
1.404453117474903934e+02,1.000000000000000000e+00,6.300000000000000000e+01
1.420100709101978396e+02,1.000000000000000000e+00,6.300000000000000000e+01
1.445229713713023330e+02,1.000000000000000000e+00,6.300000000000000000e+01
1.383572760089550115e+02,1.000000000000000000e+00,6.300000000000000000e+01
1.370606994496012874e+02,1.000000000000000000e+00,6.300000000000000000e+01
1.413620948842743985e+02,1.000000000000000000e+00,6.300000000000000000e+01
1.446919152423488697e+02,1.000000000000000000e+00,6.300000000000000000e+01
9.241034073027705631e+01,1.000000000000000000e+00,6.300000000000000000e+01
9.408369470146399749e+01,1.000000000000000000e+00,6.300000000000000000e+01
9.602587941416332740e+01,1.000000000000000000e+00,6.300000000000000000e+01
9.597302655513189507e+01,1.000000000000000000e+00,6.300000000000000000e+01
9.521368879029733989e+01,1.000000000000000000e+00,6.300000000000000000e+01
9.445363427366203268e+01,1.000000000000000000e+00,6.300000000000000000e+01
9.722485929185205578e+01,1.000000000000000000e+00,6.300000000000000000e+01
9.695269356767192903e+01,1.000000000000000000e+00,6.300000000000000000e+01
9.440015332714506258e+01,1.000000000000000000e+00,6.300000000000000000e+01
9.243286265941695490e+01,1.000000000000000000e+00,6.300000000000000000e+01
9.514611661595239411e+01,1.000000000000000000e+00,6.300000000000000000e+01
9.963665797963335535e+01,1.000000000000000000e+00,6.300000000000000000e+01
8.359326622418041097e+01,1.000000000000000000e+00,6.300000000000000000e+01
8.637543691962915204e+01,1.000000000000000000e+00,6.300000000000000000e+01
8.691988829510057712e+01,1.000000000000000000e+00,6.300000000000000000e+01
8.728378901309024229e+01,1.000000000000000000e+00,6.300000000000000000e+01
8.533411571965571341e+01,1.000000000000000000e+00,6.300000000000000000e+01
8.978562000091091022e+01,1.000000000000000000e+00,6.300000000000000000e+01
8.768095197598917423e+01,1.000000000000000000e+00,6.300000000000000000e+01
8.526044550758355456e+01,1.000000000000000000e+00,6.300000000000000000e+01
8.659084616919128052e+01,1.000000000000000000e+00,6.300000000000000000e+01
8.358628584085334978e+01,1.000000000000000000e+00,6.300000000000000000e+01
8.181713869196890698e+01,1.000000000000000000e+00,6.300000000000000000e+01
8.751928610311709633e+01,1.000000000000000000e+00,6.300000000000000000e+01
8.393659750096701089e+01,1.000000000000000000e+00,6.300000000000000000e+01
8.477856418036603259e+01,1.000000000000000000e+00,6.300000000000000000e+01
8.287760098590209168e+01,1.000000000000000000e+00,6.300000000000000000e+01
8.380717166703144017e+01,1.000000000000000000e+00,6.300000000000000000e+01
8.256432388082751572e+01,1.000000000000000000e+00,6.300000000000000000e+01
8.522376500174000569e+01,1.000000000000000000e+00,6.300000000000000000e+01
7.955088857693490922e+01,1.000000000000000000e+00,6.300000000000000000e+01
8.448499966308138198e+01,1.000000000000000000e+00,6.300000000000000000e+01
8.363336650062377942e+01,1.000000000000000000e+00,6.300000000000000000e+01
8.616096264085499001e+01,1.000000000000000000e+00,6.300000000000000000e+01
8.235266862395104681e+01,1.000000000000000000e+00,6.300000000000000000e+01
8.561303198461331476e+01,1.000000000000000000e+00,6.300000000000000000e+01
8.715127674244645561e+01,1.000000000000000000e+00,6.300000000000000000e+01
8.613546161263670342e+01,1.000000000000000000e+00,6.300000000000000000e+01
8.119617919469969536e+01,1.000000000000000000e+00,6.300000000000000000e+01
8.897342496427647518e+01,1.000000000000000000e+00,6.300000000000000000e+01
8.396092490081558424e+01,1.000000000000000000e+00,6.300000000000000000e+01
8.513601734202559612e+01,1.000000000000000000e+00,6.300000000000000000e+01
8.517050072547392858e+01,1.000000000000000000e+00,6.300000000000000000e+01
8.053040715031303876e+01,1.000000000000000000e+00,6.300000000000000000e+01
8.173316263349356348e+01,1.000000000000000000e+00,6.300000000000000000e+01
8.389304782279505446e+01,1.000000000000000000e+00,6.300000000000000000e+01
8.513580204728930312e+01,1.000000000000000000e+00,6.300000000000000000e+01
8.426339649467399795e+01,1.000000000000000000e+00,6.300000000000000000e+01
8.235685334708860239e+01,1.000000000000000000e+00,6.300000000000000000e+01
8.313299865072775674e+01,1.000000000000000000e+00,6.300000000000000000e+01
8.400546805944928508e+01,1.000000000000000000e+00,6.300000000000000000e+01
8.027212208514207248e+01,1.000000000000000000e+00,6.300000000000000000e+01
8.577672371058798717e+01,1.000000000000000000e+00,6.300000000000000000e+01
8.360331658968189572e+01,1.000000000000000000e+00,6.300000000000000000e+01
8.486922257460224728e+01,1.000000000000000000e+00,6.300000000000000000e+01
7.827567059807165606e+01,1.000000000000000000e+00,6.300000000000000000e+01
8.504123082966370362e+01,1.000000000000000000e+00,6.300000000000000000e+01
7.787703266280908565e+01,1.000000000000000000e+00,6.300000000000000000e+01
8.613082435788560076e+01,1.000000000000000000e+00,6.300000000000000000e+01
8.610891840934030483e+01,1.000000000000000000e+00,6.300000000000000000e+01
8.263895820376771439e+01,1.000000000000000000e+00,6.300000000000000000e+01
8.302967120570107795e+01,1.000000000000000000e+00,6.300000000000000000e+01
8.317594365874363405e+01,1.000000000000000000e+00,6.300000000000000000e+01
8.498530484761181469e+01,1.000000000000000000e+00,6.300000000000000000e+01
8.081836302245756087e+01,1.000000000000000000e+00,6.300000000000000000e+01
8.325740349590137157e+01,1.000000000000000000e+00,6.300000000000000000e+01
7.985973449806810720e+01,1.000000000000000000e+00,6.300000000000000000e+01
8.453722589900422690e+01,1.000000000000000000e+00,6.300000000000000000e+01
8.382219015589728883e+01,1.000000000000000000e+00,6.300000000000000000e+01
8.190144065119420702e+01,1.000000000000000000e+00,6.300000000000000000e+01
8.433416981310892879e+01,1.000000000000000000e+00,6.300000000000000000e+01
8.627128093184497004e+01,1.000000000000000000e+00,6.300000000000000000e+01
8.062606301001440556e+01,1.000000000000000000e+00,6.300000000000000000e+01
8.450929778811541837e+01,1.000000000000000000e+00,6.300000000000000000e+01
8.360500374526461087e+01,1.000000000000000000e+00,6.300000000000000000e+01
8.172101259011667196e+01,1.000000000000000000e+00,6.300000000000000000e+01
8.480980620753832966e+01,1.000000000000000000e+00,6.300000000000000000e+01
8.133902253437116769e+01,1.000000000000000000e+00,6.300000000000000000e+01
8.040249537771663313e+01,1.000000000000000000e+00,6.300000000000000000e+01
8.282234080016019107e+01,1.000000000000000000e+00,6.300000000000000000e+01
8.443885857388704608e+01,1.000000000000000000e+00,6.300000000000000000e+01
8.182681819535517320e+01,1.000000000000000000e+00,6.300000000000000000e+01
8.413334456147033791e+01,1.000000000000000000e+00,6.300000000000000000e+01
8.535846899301769497e+01,1.000000000000000000e+00,6.300000000000000000e+01
8.038767425164259350e+01,1.000000000000000000e+00,6.300000000000000000e+01
8.456213667856363259e+01,1.000000000000000000e+00,6.300000000000000000e+01
8.128063709732013820e+01,1.000000000000000000e+00,6.300000000000000000e+01
8.138074989337619058e+01,1.000000000000000000e+00,6.300000000000000000e+01
8.588602229190905746e+01,1.000000000000000000e+00,6.300000000000000000e+01
8.452863539007056204e+01,1.000000000000000000e+00,6.300000000000000000e+01
8.339559929659320403e+01,1.000000000000000000e+00,6.300000000000000000e+01
8.475202390959626086e+01,1.000000000000000000e+00,6.300000000000000000e+01
8.470074418145885886e+01,1.000000000000000000e+00,6.300000000000000000e+01
8.649195401670252181e+01,1.000000000000000000e+00,6.300000000000000000e+01
8.048406912826303028e+01,1.000000000000000000e+00,6.300000000000000000e+01
8.312286414568941950e+01,1.000000000000000000e+00,6.300000000000000000e+01
8.510206573823707288e+01,1.000000000000000000e+00,6.300000000000000000e+01
8.223816444861688524e+01,1.000000000000000000e+00,6.300000000000000000e+01
8.467547180853115663e+01,1.000000000000000000e+00,6.300000000000000000e+01
8.403982310614712503e+01,1.000000000000000000e+00,6.300000000000000000e+01
8.629237588395282899e+01,1.000000000000000000e+00,6.300000000000000000e+01
8.177127103291584831e+01,1.000000000000000000e+00,6.300000000000000000e+01
8.209397948696519620e+01,1.000000000000000000e+00,6.300000000000000000e+01
8.627298143080136583e+01,1.000000000000000000e+00,6.300000000000000000e+01
8.284418459025754089e+01,1.000000000000000000e+00,6.300000000000000000e+01
8.135681813489543401e+01,1.000000000000000000e+00,6.300000000000000000e+01
8.270578289458460119e+01,1.000000000000000000e+00,6.300000000000000000e+01
8.322696508275519989e+01,1.000000000000000000e+00,6.300000000000000000e+01
8.388772749971123233e+01,1.000000000000000000e+00,6.300000000000000000e+01
8.006997538884355947e+01,1.000000000000000000e+00,6.300000000000000000e+01
8.575055677304797541e+01,1.000000000000000000e+00,6.300000000000000000e+01
8.151834163683693646e+01,1.000000000000000000e+00,6.300000000000000000e+01
7.827139853433573080e+01,1.000000000000000000e+00,6.300000000000000000e+01
8.164347610421154400e+01,1.000000000000000000e+00,6.300000000000000000e+01
8.241033499877582358e+01,1.000000000000000000e+00,6.300000000000000000e+01
8.539126009009002871e+01,1.000000000000000000e+00,6.300000000000000000e+01
8.251504676190752718e+01,1.000000000000000000e+00,6.300000000000000000e+01
8.356111497675711064e+01,1.000000000000000000e+00,6.300000000000000000e+01
8.371237325666878348e+01,1.000000000000000000e+00,6.300000000000000000e+01
8.681026396946172952e+01,1.000000000000000000e+00,6.300000000000000000e+01
8.291296721217160837e+01,1.000000000000000000e+00,6.300000000000000000e+01
8.586315035291175946e+01,1.000000000000000000e+00,6.300000000000000000e+01
8.219363583457759148e+01,1.000000000000000000e+00,6.300000000000000000e+01
8.262969259515486442e+01,1.000000000000000000e+00,6.300000000000000000e+01
8.338523716231847516e+01,1.000000000000000000e+00,6.300000000000000000e+01
8.006419661485006145e+01,1.000000000000000000e+00,6.300000000000000000e+01
8.003071127680244956e+01,1.000000000000000000e+00,6.300000000000000000e+01
8.664031941159932160e+01,1.000000000000000000e+00,6.300000000000000000e+01
8.326929387067578148e+01,1.000000000000000000e+00,6.300000000000000000e+01
8.620051697325385476e+01,1.000000000000000000e+00,6.300000000000000000e+01
8.276455420548499831e+01,1.000000000000000000e+00,6.300000000000000000e+01
8.673537967365911072e+01,1.000000000000000000e+00,6.300000000000000000e+01
8.179721964333332096e+01,1.000000000000000000e+00,6.300000000000000000e+01
8.647044952417543584e+01,1.000000000000000000e+00,6.300000000000000000e+01
7.863484927880696773e+01,1.000000000000000000e+00,6.300000000000000000e+01
8.206446891846593417e+01,1.000000000000000000e+00,6.300000000000000000e+01
8.292493792223413607e+01,1.000000000000000000e+00,6.300000000000000000e+01
8.545885549265682357e+01,1.000000000000000000e+00,6.300000000000000000e+01
8.017706786896368953e+01,1.000000000000000000e+00,6.300000000000000000e+01
8.296687536824555309e+01,1.000000000000000000e+00,6.300000000000000000e+01
8.050870944760828252e+01,1.000000000000000000e+00,6.300000000000000000e+01
8.270824891142015645e+01,1.000000000000000000e+00,6.300000000000000000e+01
8.516450030924076486e+01,1.000000000000000000e+00,6.300000000000000000e+01
8.126837620878589519e+01,1.000000000000000000e+00,6.300000000000000000e+01
8.312135229103220979e+01,1.000000000000000000e+00,6.300000000000000000e+01
7.998131825183894250e+01,1.000000000000000000e+00,6.300000000000000000e+01
7.977748370789110766e+01,1.000000000000000000e+00,6.300000000000000000e+01
7.752115950664460797e+01,1.000000000000000000e+00,6.300000000000000000e+01
8.528180328915297537e+01,1.000000000000000000e+00,6.300000000000000000e+01
8.550937807134546631e+01,1.000000000000000000e+00,6.300000000000000000e+01
8.659949751397388695e+01,1.000000000000000000e+00,6.300000000000000000e+01
8.278332524897818701e+01,1.000000000000000000e+00,6.300000000000000000e+01
8.444888720664506820e+01,1.000000000000000000e+00,6.300000000000000000e+01
8.202862319752404119e+01,1.000000000000000000e+00,6.300000000000000000e+01
8.509505268657005672e+01,1.000000000000000000e+00,6.300000000000000000e+01
8.688939396276789751e+01,1.000000000000000000e+00,6.300000000000000000e+01
8.217166736214748823e+01,1.000000000000000000e+00,6.300000000000000000e+01
8.243720442111484203e+01,1.000000000000000000e+00,6.300000000000000000e+01
8.316350018640569886e+01,1.000000000000000000e+00,6.300000000000000000e+01
8.062499893606818091e+01,1.000000000000000000e+00,6.300000000000000000e+01
8.113143758457249533e+01,1.000000000000000000e+00,6.300000000000000000e+01
8.290915841963800403e+01,1.000000000000000000e+00,6.300000000000000000e+01
8.327358725748558754e+01,1.000000000000000000e+00,6.300000000000000000e+01
8.061719163475282812e+01,1.000000000000000000e+00,6.300000000000000000e+01
8.488214724265574773e+01,1.000000000000000000e+00,6.300000000000000000e+01
8.339626614524114245e+01,1.000000000000000000e+00,6.300000000000000000e+01
8.134185708830440831e+01,1.000000000000000000e+00,6.300000000000000000e+01
8.338386963248792938e+01,1.000000000000000000e+00,6.300000000000000000e+01
8.295702287120271023e+01,1.000000000000000000e+00,6.300000000000000000e+01
8.039483749015735725e+01,1.000000000000000000e+00,6.300000000000000000e+01
8.392003870470780669e+01,1.000000000000000000e+00,6.300000000000000000e+01
8.256397008763588019e+01,1.000000000000000000e+00,6.300000000000000000e+01
8.269315463068048189e+01,1.000000000000000000e+00,6.300000000000000000e+01
8.591716245980022393e+01,1.000000000000000000e+00,6.300000000000000000e+01
8.445467075996180029e+01,1.000000000000000000e+00,6.300000000000000000e+01
8.200442659405253210e+01,1.000000000000000000e+00,6.300000000000000000e+01
7.795881590220869839e+01,1.000000000000000000e+00,6.300000000000000000e+01
7.832895550808996177e+01,1.000000000000000000e+00,6.300000000000000000e+01
8.474375322824408840e+01,1.000000000000000000e+00,6.300000000000000000e+01
8.517605408103307241e+01,1.000000000000000000e+00,6.300000000000000000e+01
1.324734169191385718e+02,1.000000000000000000e+00,6.300000000000000000e+01
1.302737372042757329e+02,1.000000000000000000e+00,6.300000000000000000e+01
1.307243551880726500e+02,1.000000000000000000e+00,6.300000000000000000e+01
1.318534443967482161e+02,1.000000000000000000e+00,6.300000000000000000e+01
1.308523440625301077e+02,1.000000000000000000e+00,6.300000000000000000e+01
1.285202799650243151e+02,1.000000000000000000e+00,6.300000000000000000e+01
1.329871908376910596e+02,1.000000000000000000e+00,6.300000000000000000e+01
1.275820991753171114e+02,1.000000000000000000e+00,6.300000000000000000e+01
1.323631846718010365e+02,1.000000000000000000e+00,6.300000000000000000e+01
1.313728370939960541e+02,1.000000000000000000e+00,6.300000000000000000e+01
1.284375547608442218e+02,1.000000000000000000e+00,6.300000000000000000e+01
1.303395572088307404e+02,1.000000000000000000e+00,6.300000000000000000e+01
1.412840752658633221e+02,1.000000000000000000e+00,6.300000000000000000e+01
1.407493511107202835e+02,1.000000000000000000e+00,6.300000000000000000e+01
1.393802116935756601e+02,1.000000000000000000e+00,6.300000000000000000e+01
1.425477528571942116e+02,1.000000000000000000e+00,6.300000000000000000e+01
1.439130983669324166e+02,1.000000000000000000e+00,6.300000000000000000e+01
1.387528628665855308e+02,1.000000000000000000e+00,6.300000000000000000e+01
1.436901715898399061e+02,1.000000000000000000e+00,6.300000000000000000e+01
1.407213825015459463e+02,1.000000000000000000e+00,6.300000000000000000e+01
1.452259130244875678e+02,1.000000000000000000e+00,6.300000000000000000e+01
1.392565809203428557e+02,1.000000000000000000e+00,6.300000000000000000e+01
1.395177191216980077e+02,1.000000000000000000e+00,6.300000000000000000e+01
1.382399406316984027e+02,1.000000000000000000e+00,6.300000000000000000e+01
1.414553972484472695e+02,1.000000000000000000e+00,6.300000000000000000e+01
1.426206757656159994e+02,1.000000000000000000e+00,6.300000000000000000e+01
1.434757058634796749e+02,1.000000000000000000e+00,6.300000000000000000e+01
1.408892127914937475e+02,1.000000000000000000e+00,6.300000000000000000e+01
1.428248748942663724e+02,1.000000000000000000e+00,6.300000000000000000e+01
1.413074872907223494e+02,1.000000000000000000e+00,6.300000000000000000e+01
1.404998127336767766e+02,1.000000000000000000e+00,6.300000000000000000e+01
1.427158496210115572e+02,1.000000000000000000e+00,6.300000000000000000e+01
1.447797093195129037e+02,1.000000000000000000e+00,6.300000000000000000e+01
1.454620002333578554e+02,1.000000000000000000e+00,6.300000000000000000e+01
1.434386495193779467e+02,1.000000000000000000e+00,6.300000000000000000e+01
1.432871517234085559e+02,1.000000000000000000e+00,6.300000000000000000e+01
1.421695867248407694e+02,1.000000000000000000e+00,6.300000000000000000e+01
1.417118909380424725e+02,1.000000000000000000e+00,6.300000000000000000e+01
1.432854304448244420e+02,1.000000000000000000e+00,6.300000000000000000e+01
1.435079116974631006e+02,1.000000000000000000e+00,6.300000000000000000e+01
1.435169699552129146e+02,1.000000000000000000e+00,6.300000000000000000e+01
1.440173997829572841e+02,1.000000000000000000e+00,6.300000000000000000e+01
1.441430675394163359e+02,1.000000000000000000e+00,6.300000000000000000e+01
1.464074516077281487e+02,1.000000000000000000e+00,6.300000000000000000e+01
1.389389195869299840e+02,1.000000000000000000e+00,6.300000000000000000e+01
1.425492711752884816e+02,1.000000000000000000e+00,6.300000000000000000e+01
1.444915975109404940e+02,1.000000000000000000e+00,6.300000000000000000e+01
1.433625859637118083e+02,1.000000000000000000e+00,6.300000000000000000e+01
1.427212801821968355e+02,1.000000000000000000e+00,6.300000000000000000e+01
1.417535675448185088e+02,1.000000000000000000e+00,6.300000000000000000e+01
1.413371690108559164e+02,1.000000000000000000e+00,6.300000000000000000e+01
1.440723562480582700e+02,1.000000000000000000e+00,6.300000000000000000e+01
1.410663226572862925e+02,1.000000000000000000e+00,6.300000000000000000e+01
1.404394604659745767e+02,1.000000000000000000e+00,6.300000000000000000e+01
1.406873487923699031e+02,1.000000000000000000e+00,6.300000000000000000e+01
1.431245084373642840e+02,1.000000000000000000e+00,6.300000000000000000e+01
1.415646608134932194e+02,1.000000000000000000e+00,6.300000000000000000e+01
1.444898519742877738e+02,1.000000000000000000e+00,6.300000000000000000e+01
1.402847812913443590e+02,1.000000000000000000e+00,6.300000000000000000e+01
1.437820767171567695e+02,1.000000000000000000e+00,6.300000000000000000e+01
1.491600563468405767e+02,1.000000000000000000e+00,6.300000000000000000e+01
1.456440253955656203e+02,1.000000000000000000e+00,6.300000000000000000e+01
1.450836795249334159e+02,1.000000000000000000e+00,6.300000000000000000e+01
1.385031437025726575e+02,1.000000000000000000e+00,6.300000000000000000e+01
1.452611159515884651e+02,1.000000000000000000e+00,6.300000000000000000e+01
1.425060779327745308e+02,1.000000000000000000e+00,6.300000000000000000e+01
1.411886786750293368e+02,1.000000000000000000e+00,6.300000000000000000e+01
1.434398429120474248e+02,1.000000000000000000e+00,6.300000000000000000e+01
1.420061868081086516e+02,1.000000000000000000e+00,6.300000000000000000e+01
1.450407388582408430e+02,1.000000000000000000e+00,6.300000000000000000e+01
1.429488340249308749e+02,1.000000000000000000e+00,6.300000000000000000e+01
1.396073853083493645e+02,1.000000000000000000e+00,6.300000000000000000e+01
1.461087729910278199e+02,1.000000000000000000e+00,6.300000000000000000e+01
1.455616162039228243e+02,1.000000000000000000e+00,6.300000000000000000e+01
1.378490348545337270e+02,1.000000000000000000e+00,6.300000000000000000e+01
1.442823794542383098e+02,1.000000000000000000e+00,6.300000000000000000e+01
1.434943252248706074e+02,1.000000000000000000e+00,6.300000000000000000e+01
1.447535396119928919e+02,1.000000000000000000e+00,6.300000000000000000e+01
1.398424035844835771e+02,1.000000000000000000e+00,6.300000000000000000e+01
1.442942632944213699e+02,1.000000000000000000e+00,6.300000000000000000e+01
1.395220457879745481e+02,1.000000000000000000e+00,6.300000000000000000e+01
1.411412006587029282e+02,1.000000000000000000e+00,6.300000000000000000e+01
1.436272489658098266e+02,1.000000000000000000e+00,6.300000000000000000e+01
1.408666899958318481e+02,1.000000000000000000e+00,6.300000000000000000e+01
1.452454910119106728e+02,1.000000000000000000e+00,6.300000000000000000e+01
1.435854396069633196e+02,1.000000000000000000e+00,6.300000000000000000e+01
1.417613487101949090e+02,1.000000000000000000e+00,6.300000000000000000e+01
1.427427628393718351e+02,1.000000000000000000e+00,6.300000000000000000e+01
1.453216683715064619e+02,1.000000000000000000e+00,6.300000000000000000e+01
1.433553283687251394e+02,1.000000000000000000e+00,6.300000000000000000e+01
1.437191280385345067e+02,1.000000000000000000e+00,6.300000000000000000e+01
1.451347918291310748e+02,1.000000000000000000e+00,6.300000000000000000e+01
1.425755779936795022e+02,1.000000000000000000e+00,6.300000000000000000e+01
1.422175111060888071e+02,1.000000000000000000e+00,6.300000000000000000e+01
1.448003336240518308e+02,1.000000000000000000e+00,6.300000000000000000e+01
1.458676815543377927e+02,1.000000000000000000e+00,6.300000000000000000e+01
1.410868742478005515e+02,1.000000000000000000e+00,6.300000000000000000e+01
1.418133609438521603e+02,1.000000000000000000e+00,6.300000000000000000e+01
1.377989349501955019e+02,1.000000000000000000e+00,6.300000000000000000e+01
1.451832777148816831e+02,1.000000000000000000e+00,6.300000000000000000e+01
1.432343194188164830e+02,1.000000000000000000e+00,6.300000000000000000e+01
1.419197740669718542e+02,1.000000000000000000e+00,6.300000000000000000e+01
1.422390606386482546e+02,1.000000000000000000e+00,6.300000000000000000e+01
1.410969476764728370e+02,1.000000000000000000e+00,6.300000000000000000e+01
1.436448762168947155e+02,1.000000000000000000e+00,6.300000000000000000e+01
1.455183581458190076e+02,1.000000000000000000e+00,6.300000000000000000e+01
1.429349345994273222e+02,1.000000000000000000e+00,6.300000000000000000e+01
1.381938963480058078e+02,1.000000000000000000e+00,6.300000000000000000e+01
9.311010700400572659e+01,1.000000000000000000e+00,6.300000000000000000e+01
9.324969938329445540e+01,1.000000000000000000e+00,6.300000000000000000e+01
9.263769076729948893e+01,1.000000000000000000e+00,6.300000000000000000e+01
9.556447018513537728e+01,1.000000000000000000e+00,6.300000000000000000e+01
9.528714377463415985e+01,1.000000000000000000e+00,6.300000000000000000e+01
9.164868010573846391e+01,1.000000000000000000e+00,6.300000000000000000e+01
9.650827794424687056e+01,1.000000000000000000e+00,6.300000000000000000e+01
9.890565886189897071e+01,1.000000000000000000e+00,6.300000000000000000e+01
9.660534988581518689e+01,1.000000000000000000e+00,6.300000000000000000e+01
9.334758792502188385e+01,1.000000000000000000e+00,6.300000000000000000e+01
9.405251254134347505e+01,1.000000000000000000e+00,6.300000000000000000e+01
9.599479528125981176e+01,1.000000000000000000e+00,6.300000000000000000e+01
8.408939095626631399e+01,1.000000000000000000e+00,6.300000000000000000e+01
8.700100289960646194e+01,1.000000000000000000e+00,6.300000000000000000e+01
9.040301377180445286e+01,1.000000000000000000e+00,6.300000000000000000e+01
8.662604610193571375e+01,1.000000000000000000e+00,6.300000000000000000e+01
8.331678521506229629e+01,1.000000000000000000e+00,6.300000000000000000e+01
8.449900563660634134e+01,1.000000000000000000e+00,6.300000000000000000e+01
8.542992966070859495e+01,1.000000000000000000e+00,6.300000000000000000e+01
8.432247241717698216e+01,1.000000000000000000e+00,6.300000000000000000e+01
8.444507384783777582e+01,1.000000000000000000e+00,6.300000000000000000e+01
8.443442282048010838e+01,1.000000000000000000e+00,6.300000000000000000e+01
8.520569728593392256e+01,1.000000000000000000e+00,6.300000000000000000e+01
8.768840207582687185e+01,1.000000000000000000e+00,6.300000000000000000e+01
8.307744945081917365e+01,1.000000000000000000e+00,6.300000000000000000e+01
8.448433250749823742e+01,1.000000000000000000e+00,6.300000000000000000e+01
7.963087371403172199e+01,1.000000000000000000e+00,6.300000000000000000e+01
8.431116165188203126e+01,1.000000000000000000e+00,6.300000000000000000e+01
8.171965403893460689e+01,1.000000000000000000e+00,6.300000000000000000e+01
8.138455217273005360e+01,1.000000000000000000e+00,6.300000000000000000e+01
8.103964744653056584e+01,1.000000000000000000e+00,6.300000000000000000e+01
8.356506370494280134e+01,1.000000000000000000e+00,6.300000000000000000e+01
8.485167152249434253e+01,1.000000000000000000e+00,6.300000000000000000e+01
8.227063052668430032e+01,1.000000000000000000e+00,6.300000000000000000e+01
7.879443831647301977e+01,1.000000000000000000e+00,6.300000000000000000e+01
7.914269517076472482e+01,1.000000000000000000e+00,6.300000000000000000e+01
8.190043358564017240e+01,1.000000000000000000e+00,6.300000000000000000e+01
8.350558164262307059e+01,1.000000000000000000e+00,6.300000000000000000e+01
8.283763639343382579e+01,1.000000000000000000e+00,6.300000000000000000e+01
8.090853411122284911e+01,1.000000000000000000e+00,6.300000000000000000e+01
8.632072091976181127e+01,1.000000000000000000e+00,6.300000000000000000e+01
8.659324275404027560e+01,1.000000000000000000e+00,6.300000000000000000e+01
8.082891526415815520e+01,1.000000000000000000e+00,6.300000000000000000e+01
8.209726525642632566e+01,1.000000000000000000e+00,6.300000000000000000e+01
8.296128665207707797e+01,1.000000000000000000e+00,6.300000000000000000e+01
8.612694039442052940e+01,1.000000000000000000e+00,6.300000000000000000e+01
8.229889434995982356e+01,1.000000000000000000e+00,6.300000000000000000e+01
8.128818997641312194e+01,1.000000000000000000e+00,6.300000000000000000e+01
8.397832335435623463e+01,1.000000000000000000e+00,6.300000000000000000e+01
8.557626230799995426e+01,1.000000000000000000e+00,6.300000000000000000e+01
8.235713865537263700e+01,1.000000000000000000e+00,6.300000000000000000e+01
8.351696812494135713e+01,1.000000000000000000e+00,6.300000000000000000e+01
7.976024390876588654e+01,1.000000000000000000e+00,6.300000000000000000e+01
8.435050337774315210e+01,1.000000000000000000e+00,6.300000000000000000e+01
8.414637599971624127e+01,1.000000000000000000e+00,6.300000000000000000e+01
8.654658483668754343e+01,1.000000000000000000e+00,6.300000000000000000e+01
7.855797775962119545e+01,1.000000000000000000e+00,6.300000000000000000e+01
8.226760433884115287e+01,1.000000000000000000e+00,6.300000000000000000e+01
8.355112429655619621e+01,1.000000000000000000e+00,6.300000000000000000e+01
8.029737622299523991e+01,1.000000000000000000e+00,6.300000000000000000e+01
8.386485835117099441e+01,1.000000000000000000e+00,6.300000000000000000e+01
8.245615224742965665e+01,1.000000000000000000e+00,6.300000000000000000e+01
8.436650421284329582e+01,1.000000000000000000e+00,6.300000000000000000e+01
7.943421230444097603e+01,1.000000000000000000e+00,6.300000000000000000e+01
8.552675978854058769e+01,1.000000000000000000e+00,6.300000000000000000e+01
8.616256002243405021e+01,1.000000000000000000e+00,6.300000000000000000e+01
8.355400717096651420e+01,1.000000000000000000e+00,6.300000000000000000e+01
8.086791322014234140e+01,1.000000000000000000e+00,6.300000000000000000e+01
8.354593159465406416e+01,1.000000000000000000e+00,6.300000000000000000e+01
8.818255848425093291e+01,1.000000000000000000e+00,6.300000000000000000e+01
7.803040846640858774e+01,1.000000000000000000e+00,6.300000000000000000e+01
8.509207192802354314e+01,1.000000000000000000e+00,6.300000000000000000e+01
8.362202587531717768e+01,1.000000000000000000e+00,6.300000000000000000e+01
8.227152534840686826e+01,1.000000000000000000e+00,6.300000000000000000e+01
8.122711477755318299e+01,1.000000000000000000e+00,6.300000000000000000e+01
8.347087825139885808e+01,1.000000000000000000e+00,6.300000000000000000e+01
8.501391307538415276e+01,1.000000000000000000e+00,6.300000000000000000e+01
8.135545137707140384e+01,1.000000000000000000e+00,6.300000000000000000e+01
8.233130304606928007e+01,1.000000000000000000e+00,6.300000000000000000e+01
8.391838509216060515e+01,1.000000000000000000e+00,6.300000000000000000e+01
8.377710341150792317e+01,1.000000000000000000e+00,6.300000000000000000e+01
8.270784908967891624e+01,1.000000000000000000e+00,6.300000000000000000e+01
8.736563653160885679e+01,1.000000000000000000e+00,6.300000000000000000e+01
8.361479491500104189e+01,1.000000000000000000e+00,6.300000000000000000e+01
8.559520670957024890e+01,1.000000000000000000e+00,6.300000000000000000e+01
8.283181941131532255e+01,1.000000000000000000e+00,6.300000000000000000e+01
8.201296739027421268e+01,1.000000000000000000e+00,6.300000000000000000e+01
8.236240045620115779e+01,1.000000000000000000e+00,6.300000000000000000e+01
8.063237516497848389e+01,1.000000000000000000e+00,6.300000000000000000e+01
8.054110818238470415e+01,1.000000000000000000e+00,6.300000000000000000e+01
8.445351213562503290e+01,1.000000000000000000e+00,6.300000000000000000e+01
8.786496059191696872e+01,1.000000000000000000e+00,6.300000000000000000e+01
8.702547275195253462e+01,1.000000000000000000e+00,6.300000000000000000e+01
8.859615255789303490e+01,1.000000000000000000e+00,6.300000000000000000e+01
8.520177165738883218e+01,1.000000000000000000e+00,6.300000000000000000e+01
8.100806141557092133e+01,1.000000000000000000e+00,6.300000000000000000e+01
8.403978959983771801e+01,1.000000000000000000e+00,6.300000000000000000e+01
8.277726694238457128e+01,1.000000000000000000e+00,6.300000000000000000e+01
8.372879525402463230e+01,1.000000000000000000e+00,6.300000000000000000e+01
8.161460614834690830e+01,1.000000000000000000e+00,6.300000000000000000e+01
8.209507033596855763e+01,1.000000000000000000e+00,6.300000000000000000e+01
8.279575730179247728e+01,1.000000000000000000e+00,6.300000000000000000e+01
8.267817416710033740e+01,1.000000000000000000e+00,6.300000000000000000e+01
8.075437573793884383e+01,1.000000000000000000e+00,6.300000000000000000e+01
8.435493336201113834e+01,1.000000000000000000e+00,6.300000000000000000e+01
8.192812066991463382e+01,1.000000000000000000e+00,6.300000000000000000e+01
8.264259289084284887e+01,1.000000000000000000e+00,6.300000000000000000e+01
8.169458560174585671e+01,1.000000000000000000e+00,6.300000000000000000e+01
8.203020103727048706e+01,1.000000000000000000e+00,6.300000000000000000e+01
8.163777510576298369e+01,1.000000000000000000e+00,6.300000000000000000e+01
8.351776395296728595e+01,1.000000000000000000e+00,6.300000000000000000e+01
8.074326067403586649e+01,1.000000000000000000e+00,6.300000000000000000e+01
8.321646115413491884e+01,1.000000000000000000e+00,6.300000000000000000e+01
7.981949933746736292e+01,1.000000000000000000e+00,6.300000000000000000e+01
8.019155493265967038e+01,1.000000000000000000e+00,6.300000000000000000e+01
8.632828230675683301e+01,1.000000000000000000e+00,6.300000000000000000e+01
8.286985468599607429e+01,1.000000000000000000e+00,6.300000000000000000e+01
8.505775733455405430e+01,1.000000000000000000e+00,6.300000000000000000e+01
8.306101070517381402e+01,1.000000000000000000e+00,6.300000000000000000e+01
8.080529875149689190e+01,1.000000000000000000e+00,6.300000000000000000e+01
8.224402921364021779e+01,1.000000000000000000e+00,6.300000000000000000e+01
8.480571731871111751e+01,1.000000000000000000e+00,6.300000000000000000e+01
8.182650739111529958e+01,1.000000000000000000e+00,6.300000000000000000e+01
8.000979233853922779e+01,1.000000000000000000e+00,6.300000000000000000e+01
7.975709479454997108e+01,1.000000000000000000e+00,6.300000000000000000e+01
8.193881190596270869e+01,1.000000000000000000e+00,6.300000000000000000e+01
8.307368625772767246e+01,1.000000000000000000e+00,6.300000000000000000e+01
8.351088270329553609e+01,1.000000000000000000e+00,6.300000000000000000e+01
8.372035606865961199e+01,1.000000000000000000e+00,6.300000000000000000e+01
7.454888513742149314e+01,1.000000000000000000e+00,6.300000000000000000e+01
8.096656136512314106e+01,1.000000000000000000e+00,6.300000000000000000e+01
8.502371925991967316e+01,1.000000000000000000e+00,6.300000000000000000e+01
8.151733724685563232e+01,1.000000000000000000e+00,6.300000000000000000e+01
8.003455869500976405e+01,1.000000000000000000e+00,6.300000000000000000e+01
8.024000973675910586e+01,1.000000000000000000e+00,6.300000000000000000e+01
8.175759738662041798e+01,1.000000000000000000e+00,6.300000000000000000e+01
8.396887222042909116e+01,1.000000000000000000e+00,6.300000000000000000e+01
8.471396948836934371e+01,1.000000000000000000e+00,6.300000000000000000e+01
7.894198776798249639e+01,1.000000000000000000e+00,6.300000000000000000e+01
8.451366941319180626e+01,1.000000000000000000e+00,6.300000000000000000e+01
8.082147120823337616e+01,1.000000000000000000e+00,6.300000000000000000e+01
8.282381945533441581e+01,1.000000000000000000e+00,6.300000000000000000e+01
8.477638240584911955e+01,1.000000000000000000e+00,6.300000000000000000e+01
8.201453489704989863e+01,1.000000000000000000e+00,6.300000000000000000e+01
8.171829031792351827e+01,1.000000000000000000e+00,6.300000000000000000e+01
8.257104934773779803e+01,1.000000000000000000e+00,6.300000000000000000e+01
8.002784378863486836e+01,1.000000000000000000e+00,6.300000000000000000e+01
8.724872361631732076e+01,1.000000000000000000e+00,6.300000000000000000e+01
8.185938453733002973e+01,1.000000000000000000e+00,6.300000000000000000e+01
8.368676875416480243e+01,1.000000000000000000e+00,6.300000000000000000e+01
8.313234098329407118e+01,1.000000000000000000e+00,6.300000000000000000e+01
8.335703237891246431e+01,1.000000000000000000e+00,6.300000000000000000e+01
8.240392799355042541e+01,1.000000000000000000e+00,6.300000000000000000e+01
8.803126820453996970e+01,1.000000000000000000e+00,6.300000000000000000e+01
8.474644913221811748e+01,1.000000000000000000e+00,6.300000000000000000e+01
8.229182545279661554e+01,1.000000000000000000e+00,6.300000000000000000e+01
8.429848669901144831e+01,1.000000000000000000e+00,6.300000000000000000e+01
8.016217821525307841e+01,1.000000000000000000e+00,6.300000000000000000e+01
8.249428238821882076e+01,1.000000000000000000e+00,6.300000000000000000e+01
8.278865169212480168e+01,1.000000000000000000e+00,6.300000000000000000e+01
8.268027510054756135e+01,1.000000000000000000e+00,6.300000000000000000e+01
8.262874404175369136e+01,1.000000000000000000e+00,6.300000000000000000e+01
8.276067847899115293e+01,1.000000000000000000e+00,6.300000000000000000e+01
8.266510614667623713e+01,1.000000000000000000e+00,6.300000000000000000e+01
8.284554784500241453e+01,1.000000000000000000e+00,6.300000000000000000e+01
7.946115894649383904e+01,1.000000000000000000e+00,6.300000000000000000e+01
7.990756070060379557e+01,1.000000000000000000e+00,6.300000000000000000e+01
8.570411133212370203e+01,1.000000000000000000e+00,6.300000000000000000e+01
8.537863610551414695e+01,1.000000000000000000e+00,6.300000000000000000e+01
8.481683576686657489e+01,1.000000000000000000e+00,6.300000000000000000e+01
8.687486586837326286e+01,1.000000000000000000e+00,6.300000000000000000e+01
8.438769290184239935e+01,1.000000000000000000e+00,6.300000000000000000e+01
8.349153101821138989e+01,1.000000000000000000e+00,6.300000000000000000e+01
8.110242812182845284e+01,1.000000000000000000e+00,6.300000000000000000e+01
8.530951883711193773e+01,1.000000000000000000e+00,6.300000000000000000e+01
8.301809420615245472e+01,1.000000000000000000e+00,6.300000000000000000e+01
8.217004006855995613e+01,1.000000000000000000e+00,6.300000000000000000e+01
8.327850608274633259e+01,1.000000000000000000e+00,6.300000000000000000e+01
8.153963847014355792e+01,1.000000000000000000e+00,6.300000000000000000e+01
8.085833692349467583e+01,1.000000000000000000e+00,6.300000000000000000e+01
1.266246143199866196e+02,1.000000000000000000e+00,6.300000000000000000e+01
1.326079168783517162e+02,1.000000000000000000e+00,6.300000000000000000e+01
1.295809135411880675e+02,1.000000000000000000e+00,6.300000000000000000e+01
1.309753403873929756e+02,1.000000000000000000e+00,6.300000000000000000e+01
1.312925985389617267e+02,1.000000000000000000e+00,6.300000000000000000e+01
1.291546104558395882e+02,1.000000000000000000e+00,6.300000000000000000e+01
1.310237208719918840e+02,1.000000000000000000e+00,6.300000000000000000e+01
1.291683669480239018e+02,1.000000000000000000e+00,6.300000000000000000e+01
1.290091617094686285e+02,1.000000000000000000e+00,6.300000000000000000e+01
1.283866809253697170e+02,1.000000000000000000e+00,6.300000000000000000e+01
1.311453350785846510e+02,1.000000000000000000e+00,6.300000000000000000e+01
1.282675676754429901e+02,1.000000000000000000e+00,6.300000000000000000e+01
1.388629522360302531e+02,1.000000000000000000e+00,6.300000000000000000e+01
1.417475675206393078e+02,1.000000000000000000e+00,6.300000000000000000e+01
1.419912459274186745e+02,1.000000000000000000e+00,6.300000000000000000e+01
1.420392931757816939e+02,1.000000000000000000e+00,6.300000000000000000e+01
1.400599567536334575e+02,1.000000000000000000e+00,6.300000000000000000e+01
1.415552266158874488e+02,1.000000000000000000e+00,6.300000000000000000e+01
1.395837717652059951e+02,1.000000000000000000e+00,6.300000000000000000e+01
1.400295646340238420e+02,1.000000000000000000e+00,6.300000000000000000e+01
1.390954760829972088e+02,1.000000000000000000e+00,6.300000000000000000e+01
1.433138225383495410e+02,1.000000000000000000e+00,6.300000000000000000e+01
1.415892936479149853e+02,1.000000000000000000e+00,6.300000000000000000e+01
7.582711555539837889e+01,0.000000000000000000e+00,0.000000000000000000e+00
7.585954074649716006e+01,0.000000000000000000e+00,0.000000000000000000e+00
8.284341912922545248e+01,0.000000000000000000e+00,0.000000000000000000e+00
7.599418298701698404e+01,0.000000000000000000e+00,0.000000000000000000e+00
7.755798532119298727e+01,0.000000000000000000e+00,0.000000000000000000e+00
8.392011905660261561e+01,0.000000000000000000e+00,0.000000000000000000e+00
8.174663309120010979e+01,0.000000000000000000e+00,0.000000000000000000e+00
7.712565167073711336e+01,0.000000000000000000e+00,0.000000000000000000e+00
8.114260513399305808e+01,0.000000000000000000e+00,0.000000000000000000e+00
7.911002196500193406e+01,0.000000000000000000e+00,0.000000000000000000e+00
8.084676671986065344e+01,0.000000000000000000e+00,0.000000000000000000e+00
7.685951921576166512e+01,0.000000000000000000e+00,0.000000000000000000e+00
7.808143706588907662e+01,0.000000000000000000e+00,0.000000000000000000e+00
7.819636486450727375e+01,0.000000000000000000e+00,0.000000000000000000e+00
7.886728423980405012e+01,0.000000000000000000e+00,0.000000000000000000e+00
8.078750934870610934e+01,0.000000000000000000e+00,0.000000000000000000e+00
7.738520552969310984e+01,0.000000000000000000e+00,0.000000000000000000e+00
8.175094491353955561e+01,0.000000000000000000e+00,0.000000000000000000e+00
8.239179038317121240e+01,0.000000000000000000e+00,0.000000000000000000e+00
7.970549998175556539e+01,0.000000000000000000e+00,0.000000000000000000e+00
7.886148723607776390e+01,0.000000000000000000e+00,0.000000000000000000e+00
7.835055553903458758e+01,0.000000000000000000e+00,0.000000000000000000e+00
7.835464926486531567e+01,0.000000000000000000e+00,0.000000000000000000e+00
7.893762938690080944e+01,0.000000000000000000e+00,0.000000000000000000e+00
7.786085471328374297e+01,0.000000000000000000e+00,0.000000000000000000e+00
7.733038348618779878e+01,0.000000000000000000e+00,0.000000000000000000e+00
7.838830292189878435e+01,0.000000000000000000e+00,0.000000000000000000e+00
7.757770029140139911e+01,0.000000000000000000e+00,0.000000000000000000e+00
7.956156725614593483e+01,0.000000000000000000e+00,0.000000000000000000e+00
8.077078846464861783e+01,0.000000000000000000e+00,0.000000000000000000e+00
7.949766966819140634e+01,0.000000000000000000e+00,0.000000000000000000e+00
8.062832719928159975e+01,0.000000000000000000e+00,0.000000000000000000e+00
7.602013632455685865e+01,0.000000000000000000e+00,0.000000000000000000e+00
8.050736537392840830e+01,0.000000000000000000e+00,0.000000000000000000e+00
8.068872313422909315e+01,0.000000000000000000e+00,0.000000000000000000e+00
8.116000876092464011e+01,0.000000000000000000e+00,0.000000000000000000e+00
8.102475829328368206e+01,0.000000000000000000e+00,0.000000000000000000e+00
8.215127812705759425e+01,0.000000000000000000e+00,0.000000000000000000e+00
8.058856718556307897e+01,0.000000000000000000e+00,0.000000000000000000e+00
7.884060731246178477e+01,0.000000000000000000e+00,0.000000000000000000e+00
8.285020287233203362e+01,0.000000000000000000e+00,0.000000000000000000e+00
7.843607864353701586e+01,0.000000000000000000e+00,0.000000000000000000e+00
8.291748425382492371e+01,0.000000000000000000e+00,0.000000000000000000e+00
7.826774658221059155e+01,0.000000000000000000e+00,0.000000000000000000e+00
7.925243820629654579e+01,0.000000000000000000e+00,0.000000000000000000e+00
7.966207263632740876e+01,0.000000000000000000e+00,0.000000000000000000e+00
7.957736463311195507e+01,0.000000000000000000e+00,0.000000000000000000e+00
7.989328396708457092e+01,0.000000000000000000e+00,0.000000000000000000e+00
7.457837168634891611e+01,0.000000000000000000e+00,0.000000000000000000e+00
7.909775107537244310e+01,0.000000000000000000e+00,0.000000000000000000e+00
8.016801146999762295e+01,0.000000000000000000e+00,0.000000000000000000e+00
7.927646783297203115e+01,0.000000000000000000e+00,0.000000000000000000e+00
8.086228606552165843e+01,0.000000000000000000e+00,0.000000000000000000e+00
8.263194227388632385e+01,0.000000000000000000e+00,0.000000000000000000e+00
8.365069441611314005e+01,0.000000000000000000e+00,0.000000000000000000e+00
7.920310561292674834e+01,0.000000000000000000e+00,0.000000000000000000e+00
8.059299734026733120e+01,0.000000000000000000e+00,0.000000000000000000e+00
8.234924313617948144e+01,0.000000000000000000e+00,0.000000000000000000e+00
7.972299079879692840e+01,0.000000000000000000e+00,0.000000000000000000e+00
8.015452495185644466e+01,0.000000000000000000e+00,0.000000000000000000e+00
8.409425737970430248e+01,0.000000000000000000e+00,0.000000000000000000e+00
8.074867462629957515e+01,0.000000000000000000e+00,0.000000000000000000e+00
8.197612859059165658e+01,0.000000000000000000e+00,0.000000000000000000e+00
8.317944545181349270e+01,0.000000000000000000e+00,0.000000000000000000e+00
8.250138363340620629e+01,0.000000000000000000e+00,0.000000000000000000e+00
7.896254007708687084e+01,0.000000000000000000e+00,0.000000000000000000e+00
7.930760386458462108e+01,0.000000000000000000e+00,0.000000000000000000e+00
8.370718408257059195e+01,0.000000000000000000e+00,0.000000000000000000e+00
8.223299494866024872e+01,0.000000000000000000e+00,0.000000000000000000e+00
7.649808858921748822e+01,0.000000000000000000e+00,0.000000000000000000e+00
8.017718569352459212e+01,0.000000000000000000e+00,0.000000000000000000e+00
7.841202164460219137e+01,0.000000000000000000e+00,0.000000000000000000e+00
7.603505521521606170e+01,0.000000000000000000e+00,0.000000000000000000e+00
8.149762943680549654e+01,0.000000000000000000e+00,0.000000000000000000e+00
8.016260137942974495e+01,0.000000000000000000e+00,0.000000000000000000e+00
7.962396690700626323e+01,0.000000000000000000e+00,0.000000000000000000e+00
7.955142211382261053e+01,0.000000000000000000e+00,0.000000000000000000e+00
7.857415742235410505e+01,0.000000000000000000e+00,0.000000000000000000e+00
8.217291011731956019e+01,0.000000000000000000e+00,0.000000000000000000e+00
7.927334090008255885e+01,0.000000000000000000e+00,0.000000000000000000e+00
8.044243168396917554e+01,0.000000000000000000e+00,0.000000000000000000e+00
8.486459285183094892e+01,0.000000000000000000e+00,0.000000000000000000e+00
7.679827569046327085e+01,0.000000000000000000e+00,0.000000000000000000e+00
8.136512952258847520e+01,0.000000000000000000e+00,0.000000000000000000e+00
8.059247664244117004e+01,0.000000000000000000e+00,0.000000000000000000e+00
3.199553968156725858e+01,0.000000000000000000e+00,0.000000000000000000e+00
3.350373715251802054e+01,0.000000000000000000e+00,0.000000000000000000e+00
3.374456678314167135e+01,0.000000000000000000e+00,0.000000000000000000e+00
3.546638656628678632e+01,0.000000000000000000e+00,0.000000000000000000e+00
3.302758119531102210e+01,0.000000000000000000e+00,0.000000000000000000e+00
3.286691571708480097e+01,0.000000000000000000e+00,0.000000000000000000e+00
3.208066278452849929e+01,0.000000000000000000e+00,0.000000000000000000e+00
3.190091396685809855e+01,0.000000000000000000e+00,0.000000000000000000e+00
3.393366644147550204e+01,0.000000000000000000e+00,0.000000000000000000e+00
3.050845636329535182e+01,0.000000000000000000e+00,0.000000000000000000e+00
3.499524283667357594e+01,0.000000000000000000e+00,0.000000000000000000e+00
3.320005560600338157e+01,0.000000000000000000e+00,0.000000000000000000e+00
1.796132661487356685e+01,0.000000000000000000e+00,0.000000000000000000e+00
2.591116366233948298e+01,0.000000000000000000e+00,0.000000000000000000e+00
1.803832610782878376e+01,0.000000000000000000e+00,0.000000000000000000e+00
2.228964267883572248e+01,0.000000000000000000e+00,0.000000000000000000e+00
2.006351842882830638e+01,0.000000000000000000e+00,0.000000000000000000e+00
2.324751030746643110e+01,0.000000000000000000e+00,0.000000000000000000e+00
2.205219784437958808e+01,0.000000000000000000e+00,0.000000000000000000e+00
2.028166091660678561e+01,0.000000000000000000e+00,0.000000000000000000e+00
2.378092771567373021e+01,0.000000000000000000e+00,0.000000000000000000e+00
2.212412772605306088e+01,0.000000000000000000e+00,0.000000000000000000e+00
2.428749264517590234e+01,0.000000000000000000e+00,0.000000000000000000e+00
2.431349469856612089e+01,0.000000000000000000e+00,0.000000000000000000e+00
1.897584321064546486e+01,0.000000000000000000e+00,0.000000000000000000e+00
1.926013722713634024e+01,0.000000000000000000e+00,0.000000000000000000e+00
2.105033543129459161e+01,0.000000000000000000e+00,0.000000000000000000e+00
1.861053430223759264e+01,0.000000000000000000e+00,0.000000000000000000e+00
1.521118500381753691e+01,0.000000000000000000e+00,0.000000000000000000e+00
1.894223611974390309e+01,0.000000000000000000e+00,0.000000000000000000e+00
2.201158561626981580e+01,0.000000000000000000e+00,0.000000000000000000e+00
2.318901347410053404e+01,0.000000000000000000e+00,0.000000000000000000e+00
2.155296659365740197e+01,0.000000000000000000e+00,0.000000000000000000e+00
1.907741923804969275e+01,0.000000000000000000e+00,0.000000000000000000e+00
2.103920955128858949e+01,0.000000000000000000e+00,0.000000000000000000e+00
2.106195711755424327e+01,0.000000000000000000e+00,0.000000000000000000e+00
2.193400127617281115e+01,0.000000000000000000e+00,0.000000000000000000e+00
2.286019766270743148e+01,0.000000000000000000e+00,0.000000000000000000e+00
2.078427126019585813e+01,0.000000000000000000e+00,0.000000000000000000e+00
2.242980802426396636e+01,0.000000000000000000e+00,0.000000000000000000e+00
2.244183331114579616e+01,0.000000000000000000e+00,0.000000000000000000e+00
1.770983581172423982e+01,0.000000000000000000e+00,0.000000000000000000e+00
2.153643224850398852e+01,0.000000000000000000e+00,0.000000000000000000e+00
1.709497016771939215e+01,0.000000000000000000e+00,0.000000000000000000e+00
2.100417635639450609e+01,0.000000000000000000e+00,0.000000000000000000e+00
1.909045122711941289e+01,0.000000000000000000e+00,0.000000000000000000e+00
1.929925069257659587e+01,0.000000000000000000e+00,0.000000000000000000e+00
2.222916055585054096e+01,0.000000000000000000e+00,0.000000000000000000e+00
2.086854401786204249e+01,0.000000000000000000e+00,0.000000000000000000e+00
2.273503257519505638e+01,0.000000000000000000e+00,0.000000000000000000e+00
1.828373494334321592e+01,0.000000000000000000e+00,0.000000000000000000e+00
1.888328850100975131e+01,0.000000000000000000e+00,0.000000000000000000e+00
2.443082719273920844e+01,0.000000000000000000e+00,0.000000000000000000e+00
1.756703598158170365e+01,0.000000000000000000e+00,0.000000000000000000e+00
1.712155796976881206e+01,0.000000000000000000e+00,0.000000000000000000e+00
2.018049628356497394e+01,0.000000000000000000e+00,0.000000000000000000e+00
1.960850195182396760e+01,0.000000000000000000e+00,0.000000000000000000e+00
2.146240935435388408e+01,0.000000000000000000e+00,0.000000000000000000e+00
1.882305353295818762e+01,0.000000000000000000e+00,0.000000000000000000e+00
2.213910781266105232e+01,0.000000000000000000e+00,0.000000000000000000e+00
2.061651960908448089e+01,0.000000000000000000e+00,0.000000000000000000e+00
1.858271688198657401e+01,0.000000000000000000e+00,0.000000000000000000e+00
2.210442920466283923e+01,0.000000000000000000e+00,0.000000000000000000e+00
2.490274010759563694e+01,0.000000000000000000e+00,0.000000000000000000e+00
2.001819614301445682e+01,0.000000000000000000e+00,0.000000000000000000e+00
1.889329044295752880e+01,0.000000000000000000e+00,0.000000000000000000e+00
1.677150943635725611e+01,0.000000000000000000e+00,0.000000000000000000e+00
2.085461259466373818e+01,0.000000000000000000e+00,0.000000000000000000e+00
1.799878972045708636e+01,0.000000000000000000e+00,0.000000000000000000e+00
1.837742003141683966e+01,0.000000000000000000e+00,0.000000000000000000e+00
1.580874284905167571e+01,0.000000000000000000e+00,0.000000000000000000e+00
1.989897848537533775e+01,0.000000000000000000e+00,0.000000000000000000e+00
1.792211990287241719e+01,0.000000000000000000e+00,0.000000000000000000e+00
2.173916585656440503e+01,0.000000000000000000e+00,0.000000000000000000e+00
2.097462969812848854e+01,0.000000000000000000e+00,0.000000000000000000e+00
2.212983038390028412e+01,0.000000000000000000e+00,0.000000000000000000e+00
1.842842688006651741e+01,0.000000000000000000e+00,0.000000000000000000e+00
1.993469910830582137e+01,0.000000000000000000e+00,0.000000000000000000e+00
2.221313382333092790e+01,0.000000000000000000e+00,0.000000000000000000e+00
1.807992178435178232e+01,0.000000000000000000e+00,0.000000000000000000e+00
1.753365072997051755e+01,0.000000000000000000e+00,0.000000000000000000e+00
2.029406120595303165e+01,0.000000000000000000e+00,0.000000000000000000e+00
1.807504984745703069e+01,0.000000000000000000e+00,0.000000000000000000e+00
2.060799068330544870e+01,0.000000000000000000e+00,0.000000000000000000e+00
1.649929247818471012e+01,0.000000000000000000e+00,0.000000000000000000e+00
2.279412141469419595e+01,0.000000000000000000e+00,0.000000000000000000e+00
1.780283493882199508e+01,0.000000000000000000e+00,0.000000000000000000e+00
1.763114553227146075e+01,0.000000000000000000e+00,0.000000000000000000e+00
2.068626731365699456e+01,0.000000000000000000e+00,0.000000000000000000e+00
1.765483109057932865e+01,0.000000000000000000e+00,0.000000000000000000e+00
1.867365231554543925e+01,0.000000000000000000e+00,0.000000000000000000e+00
2.007726602269417882e+01,0.000000000000000000e+00,0.000000000000000000e+00
1.981014982075977926e+01,0.000000000000000000e+00,0.000000000000000000e+00
1.757695355473564902e+01,0.000000000000000000e+00,0.000000000000000000e+00
2.069361168533331963e+01,0.000000000000000000e+00,0.000000000000000000e+00
2.009428739920330997e+01,0.000000000000000000e+00,0.000000000000000000e+00
2.039587974536038217e+01,0.000000000000000000e+00,0.000000000000000000e+00
2.352512737848807944e+01,0.000000000000000000e+00,0.000000000000000000e+00
1.626914143318554551e+01,0.000000000000000000e+00,0.000000000000000000e+00
2.097123799197191119e+01,0.000000000000000000e+00,0.000000000000000000e+00
2.131531636420264775e+01,0.000000000000000000e+00,0.000000000000000000e+00
1.966582092293822370e+01,0.000000000000000000e+00,0.000000000000000000e+00
2.059984634707387130e+01,0.000000000000000000e+00,0.000000000000000000e+00
2.079291327171710080e+01,0.000000000000000000e+00,0.000000000000000000e+00
1.979116184945377555e+01,0.000000000000000000e+00,0.000000000000000000e+00
1.935415063153932280e+01,0.000000000000000000e+00,0.000000000000000000e+00
1.892280495530943440e+01,0.000000000000000000e+00,0.000000000000000000e+00
1.884006900296138909e+01,0.000000000000000000e+00,0.000000000000000000e+00
2.179366773260739265e+01,0.000000000000000000e+00,0.000000000000000000e+00
1.968611035340147097e+01,0.000000000000000000e+00,0.000000000000000000e+00
2.158116566619772669e+01,0.000000000000000000e+00,0.000000000000000000e+00
1.941566525170360080e+01,0.000000000000000000e+00,0.000000000000000000e+00
2.115078591700899580e+01,0.000000000000000000e+00,0.000000000000000000e+00
2.066879519218469241e+01,0.000000000000000000e+00,0.000000000000000000e+00
2.054371523959834178e+01,0.000000000000000000e+00,0.000000000000000000e+00
2.001864588389993571e+01,0.000000000000000000e+00,0.000000000000000000e+00
2.134533991049696056e+01,0.000000000000000000e+00,0.000000000000000000e+00
1.807776908580520470e+01,0.000000000000000000e+00,0.000000000000000000e+00
1.928302144460651846e+01,0.000000000000000000e+00,0.000000000000000000e+00
2.262536947446107050e+01,0.000000000000000000e+00,0.000000000000000000e+00
1.813272185730328090e+01,0.000000000000000000e+00,0.000000000000000000e+00
1.413762906668543806e+01,0.000000000000000000e+00,0.000000000000000000e+00
2.043904851749183393e+01,0.000000000000000000e+00,0.000000000000000000e+00
2.007636235337588460e+01,0.000000000000000000e+00,0.000000000000000000e+00
2.491624325915530491e+01,0.000000000000000000e+00,0.000000000000000000e+00
1.883231929886146006e+01,0.000000000000000000e+00,0.000000000000000000e+00
1.949691816231278096e+01,0.000000000000000000e+00,0.000000000000000000e+00
2.221843447873859034e+01,0.000000000000000000e+00,0.000000000000000000e+00
2.144609958365785829e+01,0.000000000000000000e+00,0.000000000000000000e+00
1.839766486227741282e+01,0.000000000000000000e+00,0.000000000000000000e+00
1.948870822316164464e+01,0.000000000000000000e+00,0.000000000000000000e+00
1.977890433876815379e+01,0.000000000000000000e+00,0.000000000000000000e+00
1.847665529221170289e+01,0.000000000000000000e+00,0.000000000000000000e+00
2.005136182360522312e+01,0.000000000000000000e+00,0.000000000000000000e+00
2.358972250290293005e+01,0.000000000000000000e+00,0.000000000000000000e+00
2.170752282188844262e+01,0.000000000000000000e+00,0.000000000000000000e+00
2.344070683554730650e+01,0.000000000000000000e+00,0.000000000000000000e+00
1.951830714946326850e+01,0.000000000000000000e+00,0.000000000000000000e+00
2.029044420980919483e+01,0.000000000000000000e+00,0.000000000000000000e+00
2.008352389612241140e+01,0.000000000000000000e+00,0.000000000000000000e+00
2.436479175830370281e+01,0.000000000000000000e+00,0.000000000000000000e+00
2.257122454674554035e+01,0.000000000000000000e+00,0.000000000000000000e+00
1.914793414812546501e+01,0.000000000000000000e+00,0.000000000000000000e+00
2.173789075156022577e+01,0.000000000000000000e+00,0.000000000000000000e+00
2.149238178848238334e+01,0.000000000000000000e+00,0.000000000000000000e+00
2.119272774818704974e+01,0.000000000000000000e+00,0.000000000000000000e+00
1.858501785369519865e+01,0.000000000000000000e+00,0.000000000000000000e+00
1.880048061456693631e+01,0.000000000000000000e+00,0.000000000000000000e+00
2.049372915551785113e+01,0.000000000000000000e+00,0.000000000000000000e+00
2.173520215553685375e+01,0.000000000000000000e+00,0.000000000000000000e+00
2.094692233917668389e+01,0.000000000000000000e+00,0.000000000000000000e+00
1.687024117892200792e+01,0.000000000000000000e+00,0.000000000000000000e+00
2.077307674901861034e+01,0.000000000000000000e+00,0.000000000000000000e+00
2.199197036937185956e+01,0.000000000000000000e+00,0.000000000000000000e+00
1.935683574609808133e+01,0.000000000000000000e+00,0.000000000000000000e+00
2.328841676140732631e+01,0.000000000000000000e+00,0.000000000000000000e+00
1.905064786916742392e+01,0.000000000000000000e+00,0.000000000000000000e+00
2.181422213916663821e+01,0.000000000000000000e+00,0.000000000000000000e+00
1.970262443705823330e+01,0.000000000000000000e+00,0.000000000000000000e+00
1.864286731117442386e+01,0.000000000000000000e+00,0.000000000000000000e+00
2.192260818259467214e+01,0.000000000000000000e+00,0.000000000000000000e+00
1.792393831051592201e+01,0.000000000000000000e+00,0.000000000000000000e+00
2.361782323986520638e+01,0.000000000000000000e+00,0.000000000000000000e+00
2.241827596429065395e+01,0.000000000000000000e+00,0.000000000000000000e+00
1.626901463774513701e+01,0.000000000000000000e+00,0.000000000000000000e+00
2.026416890618313360e+01,0.000000000000000000e+00,0.000000000000000000e+00
2.200398404863847901e+01,0.000000000000000000e+00,0.000000000000000000e+00
1.428004633388405864e+01,0.000000000000000000e+00,0.000000000000000000e+00
1.850716830499735011e+01,0.000000000000000000e+00,0.000000000000000000e+00
2.027567910366333592e+01,0.000000000000000000e+00,0.000000000000000000e+00
2.009398884199051238e+01,0.000000000000000000e+00,0.000000000000000000e+00
1.941915427458929955e+01,0.000000000000000000e+00,0.000000000000000000e+00
2.367876646749526159e+01,0.000000000000000000e+00,0.000000000000000000e+00
1.653833633522722835e+01,0.000000000000000000e+00,0.000000000000000000e+00
2.061171700402449147e+01,0.000000000000000000e+00,0.000000000000000000e+00
1.881587582474733011e+01,0.000000000000000000e+00,0.000000000000000000e+00
1.942579612280131940e+01,0.000000000000000000e+00,0.000000000000000000e+00
1.929283378878048083e+01,0.000000000000000000e+00,0.000000000000000000e+00
2.127143888537888117e+01,0.000000000000000000e+00,0.000000000000000000e+00
2.279179249601322965e+01,0.000000000000000000e+00,0.000000000000000000e+00
6.437712013111250542e+01,0.000000000000000000e+00,0.000000000000000000e+00
7.046695526798305309e+01,0.000000000000000000e+00,0.000000000000000000e+00
6.744782872735676449e+01,0.000000000000000000e+00,0.000000000000000000e+00
6.711361289399783914e+01,0.000000000000000000e+00,0.000000000000000000e+00
6.785196289413042336e+01,0.000000000000000000e+00,0.000000000000000000e+00
6.964259040074215079e+01,0.000000000000000000e+00,0.000000000000000000e+00
6.633867353575584502e+01,0.000000000000000000e+00,0.000000000000000000e+00
6.862436794877257284e+01,0.000000000000000000e+00,0.000000000000000000e+00
7.146415030690837966e+01,0.000000000000000000e+00,0.000000000000000000e+00
6.588080372196534995e+01,0.000000000000000000e+00,0.000000000000000000e+00
6.796018327806362436e+01,0.000000000000000000e+00,0.000000000000000000e+00
6.716180158889895324e+01,0.000000000000000000e+00,0.000000000000000000e+00
7.846373494208211241e+01,0.000000000000000000e+00,0.000000000000000000e+00
7.538729485844959299e+01,0.000000000000000000e+00,0.000000000000000000e+00
7.838032705348572904e+01,0.000000000000000000e+00,0.000000000000000000e+00
7.711866702735680690e+01,0.000000000000000000e+00,0.000000000000000000e+00
7.913145940220904606e+01,0.000000000000000000e+00,0.000000000000000000e+00
7.723890072181421829e+01,0.000000000000000000e+00,0.000000000000000000e+00
7.532158674977658563e+01,0.000000000000000000e+00,0.000000000000000000e+00
7.920386733073384278e+01,0.000000000000000000e+00,0.000000000000000000e+00
7.550420124506142372e+01,0.000000000000000000e+00,0.000000000000000000e+00
7.300896092921283298e+01,0.000000000000000000e+00,0.000000000000000000e+00
7.552126983738017429e+01,0.000000000000000000e+00,0.000000000000000000e+00
7.642630719576300180e+01,0.000000000000000000e+00,0.000000000000000000e+00
7.885698107513762523e+01,0.000000000000000000e+00,0.000000000000000000e+00
7.765980476420897105e+01,0.000000000000000000e+00,0.000000000000000000e+00
7.874839084112646503e+01,0.000000000000000000e+00,0.000000000000000000e+00
8.243610901459416596e+01,0.000000000000000000e+00,0.000000000000000000e+00
8.057846990628100059e+01,0.000000000000000000e+00,0.000000000000000000e+00
8.212070226671094986e+01,0.000000000000000000e+00,0.000000000000000000e+00
7.983292533786020329e+01,0.000000000000000000e+00,0.000000000000000000e+00
7.692028988234343956e+01,0.000000000000000000e+00,0.000000000000000000e+00
7.790735141628152860e+01,0.000000000000000000e+00,0.000000000000000000e+00
7.636702144863284047e+01,0.000000000000000000e+00,0.000000000000000000e+00
8.144665446132607656e+01,0.000000000000000000e+00,0.000000000000000000e+00
7.804345817836463084e+01,0.000000000000000000e+00,0.000000000000000000e+00
8.584845105459167769e+01,0.000000000000000000e+00,0.000000000000000000e+00
7.490751392850694401e+01,0.000000000000000000e+00,0.000000000000000000e+00
7.868969423238262095e+01,0.000000000000000000e+00,0.000000000000000000e+00
8.074602533502876156e+01,0.000000000000000000e+00,0.000000000000000000e+00
8.363323092317304486e+01,0.000000000000000000e+00,0.000000000000000000e+00
8.037740870610534216e+01,0.000000000000000000e+00,0.000000000000000000e+00
7.750043860388190353e+01,0.000000000000000000e+00,0.000000000000000000e+00
8.209534418182305160e+01,0.000000000000000000e+00,0.000000000000000000e+00
8.360370032262741802e+01,0.000000000000000000e+00,0.000000000000000000e+00
8.377501140681900438e+01,0.000000000000000000e+00,0.000000000000000000e+00
8.048344914410968443e+01,0.000000000000000000e+00,0.000000000000000000e+00
8.145790761001948965e+01,0.000000000000000000e+00,0.000000000000000000e+00
8.155273611584119919e+01,0.000000000000000000e+00,0.000000000000000000e+00
8.102542230058648443e+01,0.000000000000000000e+00,0.000000000000000000e+00
7.889357385241325460e+01,0.000000000000000000e+00,0.000000000000000000e+00
7.821954919221603575e+01,0.000000000000000000e+00,0.000000000000000000e+00
8.287080904429143402e+01,0.000000000000000000e+00,0.000000000000000000e+00
8.453285861798420342e+01,0.000000000000000000e+00,0.000000000000000000e+00
8.080255603586400071e+01,0.000000000000000000e+00,0.000000000000000000e+00
8.105418751102656927e+01,0.000000000000000000e+00,0.000000000000000000e+00
7.826286025485899245e+01,0.000000000000000000e+00,0.000000000000000000e+00
8.116086335158844633e+01,0.000000000000000000e+00,0.000000000000000000e+00
8.107093622212043726e+01,0.000000000000000000e+00,0.000000000000000000e+00
8.082463826060737233e+01,0.000000000000000000e+00,0.000000000000000000e+00
8.326304039548777780e+01,0.000000000000000000e+00,0.000000000000000000e+00
8.191540597813545332e+01,0.000000000000000000e+00,0.000000000000000000e+00
7.941024456176238289e+01,0.000000000000000000e+00,0.000000000000000000e+00
7.969630068305488635e+01,0.000000000000000000e+00,0.000000000000000000e+00
7.925011903756553977e+01,0.000000000000000000e+00,0.000000000000000000e+00
7.940485074615276062e+01,0.000000000000000000e+00,0.000000000000000000e+00
8.174353715450348545e+01,0.000000000000000000e+00,0.000000000000000000e+00
8.335006747905734414e+01,0.000000000000000000e+00,0.000000000000000000e+00
7.768375956400507221e+01,0.000000000000000000e+00,0.000000000000000000e+00
7.885664595910859020e+01,0.000000000000000000e+00,0.000000000000000000e+00
7.931623478743350120e+01,0.000000000000000000e+00,0.000000000000000000e+00
8.371759108168426167e+01,0.000000000000000000e+00,0.000000000000000000e+00
7.931646134784068636e+01,0.000000000000000000e+00,0.000000000000000000e+00
7.765375388745403029e+01,0.000000000000000000e+00,0.000000000000000000e+00
7.888334545154248190e+01,0.000000000000000000e+00,0.000000000000000000e+00
8.366231849910255391e+01,0.000000000000000000e+00,0.000000000000000000e+00
7.784872386363656460e+01,0.000000000000000000e+00,0.000000000000000000e+00
8.235425518375119225e+01,0.000000000000000000e+00,0.000000000000000000e+00
7.566315119005263057e+01,0.000000000000000000e+00,0.000000000000000000e+00
8.145089727826882608e+01,0.000000000000000000e+00,0.000000000000000000e+00
8.273354111532357535e+01,0.000000000000000000e+00,0.000000000000000000e+00
8.100705528557678292e+01,0.000000000000000000e+00,0.000000000000000000e+00
7.953183712254082138e+01,0.000000000000000000e+00,0.000000000000000000e+00
7.826859858990238195e+01,0.000000000000000000e+00,0.000000000000000000e+00
8.304664262819599685e+01,0.000000000000000000e+00,0.000000000000000000e+00
7.787191782032108733e+01,0.000000000000000000e+00,0.000000000000000000e+00
7.868033225127214791e+01,0.000000000000000000e+00,0.000000000000000000e+00
7.886919490806134547e+01,0.000000000000000000e+00,0.000000000000000000e+00
8.132175821900204937e+01,0.000000000000000000e+00,0.000000000000000000e+00
8.248762603183597264e+01,0.000000000000000000e+00,0.000000000000000000e+00
7.784989811971682627e+01,0.000000000000000000e+00,0.000000000000000000e+00
8.063930014558063419e+01,0.000000000000000000e+00,0.000000000000000000e+00
7.790799263824358434e+01,0.000000000000000000e+00,0.000000000000000000e+00
7.800306607338299614e+01,0.000000000000000000e+00,0.000000000000000000e+00
8.225238237961308130e+01,0.000000000000000000e+00,0.000000000000000000e+00
8.436109061695606215e+01,0.000000000000000000e+00,0.000000000000000000e+00
8.265725393728914128e+01,0.000000000000000000e+00,0.000000000000000000e+00
8.088363845361909910e+01,0.000000000000000000e+00,0.000000000000000000e+00
7.576312914088153150e+01,0.000000000000000000e+00,0.000000000000000000e+00
7.919151218528192260e+01,0.000000000000000000e+00,0.000000000000000000e+00
7.768032287931711721e+01,0.000000000000000000e+00,0.000000000000000000e+00
7.797428020072231902e+01,0.000000000000000000e+00,0.000000000000000000e+00
7.910820014678201062e+01,0.000000000000000000e+00,0.000000000000000000e+00
7.973505779776812119e+01,0.000000000000000000e+00,0.000000000000000000e+00
7.606655068707122780e+01,0.000000000000000000e+00,0.000000000000000000e+00
7.848016523781136300e+01,0.000000000000000000e+00,0.000000000000000000e+00
8.019257939059197327e+01,0.000000000000000000e+00,0.000000000000000000e+00
8.414038102765212557e+01,0.000000000000000000e+00,0.000000000000000000e+00
3.221485971548786154e+01,0.000000000000000000e+00,0.000000000000000000e+00
3.251133763334675564e+01,0.000000000000000000e+00,0.000000000000000000e+00
3.224850782203805721e+01,0.000000000000000000e+00,0.000000000000000000e+00
2.638550558629204446e+01,0.000000000000000000e+00,0.000000000000000000e+00
3.452223577012511413e+01,0.000000000000000000e+00,0.000000000000000000e+00
3.065087410198115236e+01,0.000000000000000000e+00,0.000000000000000000e+00
2.841081254169305126e+01,0.000000000000000000e+00,0.000000000000000000e+00
3.116330167159174636e+01,0.000000000000000000e+00,0.000000000000000000e+00
3.163667253911884103e+01,0.000000000000000000e+00,0.000000000000000000e+00
3.300855242877733531e+01,0.000000000000000000e+00,0.000000000000000000e+00
2.985106832806247823e+01,0.000000000000000000e+00,0.000000000000000000e+00
3.372559579691180431e+01,0.000000000000000000e+00,0.000000000000000000e+00
2.346108524602122003e+01,0.000000000000000000e+00,0.000000000000000000e+00
2.449842309408432328e+01,0.000000000000000000e+00,0.000000000000000000e+00
2.632582266418694417e+01,0.000000000000000000e+00,0.000000000000000000e+00
2.204831188157981714e+01,0.000000000000000000e+00,0.000000000000000000e+00
2.312688363123297108e+01,0.000000000000000000e+00,0.000000000000000000e+00
2.278800939987154095e+01,0.000000000000000000e+00,0.000000000000000000e+00
2.440834469544763508e+01,0.000000000000000000e+00,0.000000000000000000e+00
1.984549248614276351e+01,0.000000000000000000e+00,0.000000000000000000e+00
2.195896583934649371e+01,0.000000000000000000e+00,0.000000000000000000e+00
2.375028240414066971e+01,0.000000000000000000e+00,0.000000000000000000e+00
2.396469191771515383e+01,0.000000000000000000e+00,0.000000000000000000e+00
2.369901090254247222e+01,0.000000000000000000e+00,0.000000000000000000e+00
2.295233300653809394e+01,0.000000000000000000e+00,0.000000000000000000e+00
1.693052732854909692e+01,0.000000000000000000e+00,0.000000000000000000e+00
1.875703806285557107e+01,0.000000000000000000e+00,0.000000000000000000e+00
2.072511923658320754e+01,0.000000000000000000e+00,0.000000000000000000e+00
1.898965030872447457e+01,0.000000000000000000e+00,0.000000000000000000e+00
2.185586068607034349e+01,0.000000000000000000e+00,0.000000000000000000e+00
2.032270071050226434e+01,0.000000000000000000e+00,0.000000000000000000e+00
1.719859421821494649e+01,0.000000000000000000e+00,0.000000000000000000e+00
1.892825059830025580e+01,0.000000000000000000e+00,0.000000000000000000e+00
2.032593222820924694e+01,0.000000000000000000e+00,0.000000000000000000e+00
1.809687055708626602e+01,0.000000000000000000e+00,0.000000000000000000e+00
2.410912315688977969e+01,0.000000000000000000e+00,0.000000000000000000e+00
1.906947235006558117e+01,0.000000000000000000e+00,0.000000000000000000e+00
2.177373059904505936e+01,0.000000000000000000e+00,0.000000000000000000e+00
2.252670531143400368e+01,0.000000000000000000e+00,0.000000000000000000e+00
2.032748463071730782e+01,0.000000000000000000e+00,0.000000000000000000e+00
2.211683464443954961e+01,0.000000000000000000e+00,0.000000000000000000e+00
1.999746134015862609e+01,0.000000000000000000e+00,0.000000000000000000e+00
1.747639208188487459e+01,0.000000000000000000e+00,0.000000000000000000e+00
1.910396886675285799e+01,0.000000000000000000e+00,0.000000000000000000e+00
1.978529674284125406e+01,0.000000000000000000e+00,0.000000000000000000e+00
1.998221538882583559e+01,0.000000000000000000e+00,0.000000000000000000e+00
1.710095958065150512e+01,0.000000000000000000e+00,0.000000000000000000e+00
1.853008258757803617e+01,0.000000000000000000e+00,0.000000000000000000e+00
2.181573142171367152e+01,0.000000000000000000e+00,0.000000000000000000e+00
2.232629619928103537e+01,0.000000000000000000e+00,0.000000000000000000e+00
1.817918902166866602e+01,0.000000000000000000e+00,0.000000000000000000e+00
2.119348430346770940e+01,0.000000000000000000e+00,0.000000000000000000e+00
1.918137456841367694e+01,0.000000000000000000e+00,0.000000000000000000e+00
2.144645374821592299e+01,0.000000000000000000e+00,0.000000000000000000e+00
1.987485143581609037e+01,0.000000000000000000e+00,0.000000000000000000e+00
1.845014171081190568e+01,0.000000000000000000e+00,0.000000000000000000e+00
2.067596599666035573e+01,0.000000000000000000e+00,0.000000000000000000e+00
1.967550460739272111e+01,0.000000000000000000e+00,0.000000000000000000e+00
2.067517099104088629e+01,0.000000000000000000e+00,0.000000000000000000e+00
2.085527379997891018e+01,0.000000000000000000e+00,0.000000000000000000e+00
1.954871681691135876e+01,0.000000000000000000e+00,0.000000000000000000e+00
2.370101994204089024e+01,0.000000000000000000e+00,0.000000000000000000e+00
1.737842454615193333e+01,0.000000000000000000e+00,0.000000000000000000e+00
1.730607009251810169e+01,0.000000000000000000e+00,0.000000000000000000e+00
1.722095861592027788e+01,0.000000000000000000e+00,0.000000000000000000e+00
2.373300016109963906e+01,0.000000000000000000e+00,0.000000000000000000e+00
1.950192863088259543e+01,0.000000000000000000e+00,0.000000000000000000e+00
2.071992119465265603e+01,0.000000000000000000e+00,0.000000000000000000e+00
2.359790932552730069e+01,0.000000000000000000e+00,0.000000000000000000e+00
1.875242156715400910e+01,0.000000000000000000e+00,0.000000000000000000e+00
1.801041827309070342e+01,0.000000000000000000e+00,0.000000000000000000e+00
1.492777731366510352e+01,0.000000000000000000e+00,0.000000000000000000e+00
1.939047548483686967e+01,0.000000000000000000e+00,0.000000000000000000e+00
2.031422006668127977e+01,0.000000000000000000e+00,0.000000000000000000e+00
1.962225159617017667e+01,0.000000000000000000e+00,0.000000000000000000e+00
1.784466638576600417e+01,0.000000000000000000e+00,0.000000000000000000e+00
2.169330428755335660e+01,0.000000000000000000e+00,0.000000000000000000e+00
2.227891318605104232e+01,0.000000000000000000e+00,0.000000000000000000e+00
2.095509805182507179e+01,0.000000000000000000e+00,0.000000000000000000e+00
2.163676794913181567e+01,0.000000000000000000e+00,0.000000000000000000e+00
1.695614404819883703e+01,0.000000000000000000e+00,0.000000000000000000e+00
2.075912776210987687e+01,0.000000000000000000e+00,0.000000000000000000e+00
1.778046273802339172e+01,0.000000000000000000e+00,0.000000000000000000e+00
2.132841680994823008e+01,0.000000000000000000e+00,0.000000000000000000e+00
2.307548217932797030e+01,0.000000000000000000e+00,0.000000000000000000e+00
2.025482833336082678e+01,0.000000000000000000e+00,0.000000000000000000e+00
1.772238675066914837e+01,0.000000000000000000e+00,0.000000000000000000e+00
2.071979292296184738e+01,0.000000000000000000e+00,0.000000000000000000e+00
1.881719791024242028e+01,0.000000000000000000e+00,0.000000000000000000e+00
1.706140893788271384e+01,0.000000000000000000e+00,0.000000000000000000e+00
2.415765227272732929e+01,0.000000000000000000e+00,0.000000000000000000e+00
1.910327083020413852e+01,0.000000000000000000e+00,0.000000000000000000e+00
1.889862824457922486e+01,0.000000000000000000e+00,0.000000000000000000e+00
1.930339180240156338e+01,0.000000000000000000e+00,0.000000000000000000e+00
2.013707293951712174e+01,0.000000000000000000e+00,0.000000000000000000e+00
2.070260071339570729e+01,0.000000000000000000e+00,0.000000000000000000e+00
1.931056683560376541e+01,0.000000000000000000e+00,0.000000000000000000e+00
1.942763600134474800e+01,0.000000000000000000e+00,0.000000000000000000e+00
1.797081034762894092e+01,0.000000000000000000e+00,0.000000000000000000e+00
1.655230343762242740e+01,0.000000000000000000e+00,0.000000000000000000e+00
2.028872106012350685e+01,0.000000000000000000e+00,0.000000000000000000e+00
2.050302233775453331e+01,0.000000000000000000e+00,0.000000000000000000e+00
2.304035839165388211e+01,0.000000000000000000e+00,0.000000000000000000e+00
2.275891087826977000e+01,0.000000000000000000e+00,0.000000000000000000e+00
1.723229920444351038e+01,0.000000000000000000e+00,0.000000000000000000e+00
1.804041513511537076e+01,0.000000000000000000e+00,0.000000000000000000e+00
1.992786786315697611e+01,0.000000000000000000e+00,0.000000000000000000e+00
2.075919865243538354e+01,0.000000000000000000e+00,0.000000000000000000e+00
2.237878587347456971e+01,0.000000000000000000e+00,0.000000000000000000e+00
2.110292951687247509e+01,0.000000000000000000e+00,0.000000000000000000e+00
2.104742176218888616e+01,0.000000000000000000e+00,0.000000000000000000e+00
2.144436747249658382e+01,0.000000000000000000e+00,0.000000000000000000e+00
1.962529108399467859e+01,0.000000000000000000e+00,0.000000000000000000e+00
1.736344144014951851e+01,0.000000000000000000e+00,0.000000000000000000e+00
2.305406860741130259e+01,0.000000000000000000e+00,0.000000000000000000e+00
1.872027530035627052e+01,0.000000000000000000e+00,0.000000000000000000e+00
1.834707719501865952e+01,0.000000000000000000e+00,0.000000000000000000e+00
1.809825042099429737e+01,0.000000000000000000e+00,0.000000000000000000e+00
1.992076032183717160e+01,0.000000000000000000e+00,0.000000000000000000e+00
2.333278230503622197e+01,0.000000000000000000e+00,0.000000000000000000e+00
1.744904242353934265e+01,0.000000000000000000e+00,0.000000000000000000e+00
1.874061429658348743e+01,0.000000000000000000e+00,0.000000000000000000e+00
2.016904600158641614e+01,0.000000000000000000e+00,0.000000000000000000e+00
1.964509767249646188e+01,0.000000000000000000e+00,0.000000000000000000e+00
1.876850701622878148e+01,0.000000000000000000e+00,0.000000000000000000e+00
2.031397703660415388e+01,0.000000000000000000e+00,0.000000000000000000e+00
1.757463286976744854e+01,0.000000000000000000e+00,0.000000000000000000e+00
2.029492744791446768e+01,0.000000000000000000e+00,0.000000000000000000e+00
1.870728654188049234e+01,0.000000000000000000e+00,0.000000000000000000e+00
2.352971001305564158e+01,0.000000000000000000e+00,0.000000000000000000e+00
1.642416507568396256e+01,0.000000000000000000e+00,0.000000000000000000e+00
1.908673183249998573e+01,0.000000000000000000e+00,0.000000000000000000e+00
2.014876936995701939e+01,0.000000000000000000e+00,0.000000000000000000e+00
2.217393159126493885e+01,0.000000000000000000e+00,0.000000000000000000e+00
1.941757925119492612e+01,0.000000000000000000e+00,0.000000000000000000e+00
2.193059053538611636e+01,0.000000000000000000e+00,0.000000000000000000e+00
1.792262637240054346e+01,0.000000000000000000e+00,0.000000000000000000e+00
2.011059657248182475e+01,0.000000000000000000e+00,0.000000000000000000e+00
1.827695489999944556e+01,0.000000000000000000e+00,0.000000000000000000e+00
2.352333193553825197e+01,0.000000000000000000e+00,0.000000000000000000e+00
2.502215066543389810e+01,0.000000000000000000e+00,0.000000000000000000e+00
2.310279511739694058e+01,0.000000000000000000e+00,0.000000000000000000e+00
1.905599657941838387e+01,0.000000000000000000e+00,0.000000000000000000e+00
1.940760698471470036e+01,0.000000000000000000e+00,0.000000000000000000e+00
2.231419904363919926e+01,0.000000000000000000e+00,0.000000000000000000e+00
2.169907930574997579e+01,0.000000000000000000e+00,0.000000000000000000e+00
2.408726971544592033e+01,0.000000000000000000e+00,0.000000000000000000e+00
2.270384515881686127e+01,0.000000000000000000e+00,0.000000000000000000e+00
2.263981496546737660e+01,0.000000000000000000e+00,0.000000000000000000e+00
2.408576815876231336e+01,0.000000000000000000e+00,0.000000000000000000e+00
2.288350829688961596e+01,0.000000000000000000e+00,0.000000000000000000e+00
1.935573354607677032e+01,0.000000000000000000e+00,0.000000000000000000e+00
1.891975077581742326e+01,0.000000000000000000e+00,0.000000000000000000e+00
1.530878765495238625e+01,0.000000000000000000e+00,0.000000000000000000e+00
2.209714364302913836e+01,0.000000000000000000e+00,0.000000000000000000e+00
1.903532777972742451e+01,0.000000000000000000e+00,0.000000000000000000e+00
1.994910647381608015e+01,0.000000000000000000e+00,0.000000000000000000e+00
2.103126617682512745e+01,0.000000000000000000e+00,0.000000000000000000e+00
1.881413869986858955e+01,0.000000000000000000e+00,0.000000000000000000e+00
1.934689617536776751e+01,0.000000000000000000e+00,0.000000000000000000e+00
1.878766631093262873e+01,0.000000000000000000e+00,0.000000000000000000e+00
2.295785632122143483e+01,0.000000000000000000e+00,0.000000000000000000e+00
1.920420046263798852e+01,0.000000000000000000e+00,0.000000000000000000e+00
1.743645856135518812e+01,0.000000000000000000e+00,0.000000000000000000e+00
2.306156331271610682e+01,0.000000000000000000e+00,0.000000000000000000e+00
2.009885594742060988e+01,0.000000000000000000e+00,0.000000000000000000e+00
2.415121101306200302e+01,0.000000000000000000e+00,0.000000000000000000e+00
2.231016306603504162e+01,0.000000000000000000e+00,0.000000000000000000e+00
1.616453420302634214e+01,0.000000000000000000e+00,0.000000000000000000e+00
1.880457338844517068e+01,0.000000000000000000e+00,0.000000000000000000e+00
1.948277041185440339e+01,0.000000000000000000e+00,0.000000000000000000e+00
2.060522637054979356e+01,0.000000000000000000e+00,0.000000000000000000e+00
2.405858406474433053e+01,0.000000000000000000e+00,0.000000000000000000e+00
2.184425791981204412e+01,0.000000000000000000e+00,0.000000000000000000e+00
1.788380818556093033e+01,0.000000000000000000e+00,0.000000000000000000e+00
1.815790309667069735e+01,0.000000000000000000e+00,0.000000000000000000e+00
1.940903333795872143e+01,0.000000000000000000e+00,0.000000000000000000e+00
1.785972447733949764e+01,0.000000000000000000e+00,0.000000000000000000e+00
1.827988370599175383e+01,0.000000000000000000e+00,0.000000000000000000e+00
2.063801800111297524e+01,0.000000000000000000e+00,0.000000000000000000e+00
6.759126092039539913e+01,0.000000000000000000e+00,0.000000000000000000e+00
6.877124925532031341e+01,0.000000000000000000e+00,0.000000000000000000e+00
6.756482458312392225e+01,0.000000000000000000e+00,0.000000000000000000e+00
7.154127732353740043e+01,0.000000000000000000e+00,0.000000000000000000e+00
6.839510538041162135e+01,0.000000000000000000e+00,0.000000000000000000e+00
7.142051282218042729e+01,0.000000000000000000e+00,0.000000000000000000e+00
6.657177673302341248e+01,0.000000000000000000e+00,0.000000000000000000e+00
6.643367049318388240e+01,0.000000000000000000e+00,0.000000000000000000e+00
7.010752071834691890e+01,0.000000000000000000e+00,0.000000000000000000e+00
6.639618086327809010e+01,0.000000000000000000e+00,0.000000000000000000e+00
6.985762518557561407e+01,0.000000000000000000e+00,0.000000000000000000e+00
6.765784028550157814e+01,0.000000000000000000e+00,0.000000000000000000e+00
7.739130933847125959e+01,0.000000000000000000e+00,0.000000000000000000e+00
7.769363859257828153e+01,0.000000000000000000e+00,0.000000000000000000e+00
7.765894222595734675e+01,0.000000000000000000e+00,0.000000000000000000e+00
7.720417018246303087e+01,0.000000000000000000e+00,0.000000000000000000e+00
7.527244600772354488e+01,0.000000000000000000e+00,0.000000000000000000e+00
7.426706016233436003e+01,0.000000000000000000e+00,0.000000000000000000e+00
7.651030142167523707e+01,0.000000000000000000e+00,0.000000000000000000e+00
7.589930151697002714e+01,0.000000000000000000e+00,0.000000000000000000e+00
7.600264830227655466e+01,0.000000000000000000e+00,0.000000000000000000e+00
7.561982651725116966e+01,0.000000000000000000e+00,0.000000000000000000e+00
8.145473880760798124e+01,0.000000000000000000e+00,0.000000000000000000e+00
7.800865411966339025e+01,0.000000000000000000e+00,0.000000000000000000e+00
7.995498405489610150e+01,0.000000000000000000e+00,0.000000000000000000e+00
7.937324375129702503e+01,0.000000000000000000e+00,0.000000000000000000e+00
7.995006765302331075e+01,0.000000000000000000e+00,0.000000000000000000e+00
8.011995709735343496e+01,0.000000000000000000e+00,0.000000000000000000e+00
8.105866219737200140e+01,0.000000000000000000e+00,0.000000000000000000e+00
7.968699657822617155e+01,0.000000000000000000e+00,0.000000000000000000e+00
7.914373155266565618e+01,0.000000000000000000e+00,0.000000000000000000e+00
7.814638417651676150e+01,0.000000000000000000e+00,0.000000000000000000e+00
7.876146533263283800e+01,0.000000000000000000e+00,0.000000000000000000e+00
7.624183876314911856e+01,0.000000000000000000e+00,0.000000000000000000e+00
7.692622285339825794e+01,0.000000000000000000e+00,0.000000000000000000e+00
8.023818116367047537e+01,0.000000000000000000e+00,0.000000000000000000e+00
8.112045526151587183e+01,0.000000000000000000e+00,0.000000000000000000e+00
7.354713080664461700e+01,0.000000000000000000e+00,0.000000000000000000e+00
7.790597108056445563e+01,0.000000000000000000e+00,0.000000000000000000e+00
7.970392917573430225e+01,0.000000000000000000e+00,0.000000000000000000e+00
7.920962866049998752e+01,0.000000000000000000e+00,0.000000000000000000e+00
7.789380368447368141e+01,0.000000000000000000e+00,0.000000000000000000e+00
7.908899366722296520e+01,0.000000000000000000e+00,0.000000000000000000e+00
8.136849223386521146e+01,0.000000000000000000e+00,0.000000000000000000e+00
7.865168283849922659e+01,0.000000000000000000e+00,0.000000000000000000e+00
7.981517984536533561e+01,0.000000000000000000e+00,0.000000000000000000e+00
7.856778389800260243e+01,0.000000000000000000e+00,0.000000000000000000e+00
8.162348013184644913e+01,0.000000000000000000e+00,0.000000000000000000e+00
7.570024259874574568e+01,0.000000000000000000e+00,0.000000000000000000e+00
8.400377057471376929e+01,0.000000000000000000e+00,0.000000000000000000e+00
7.868808102723070874e+01,0.000000000000000000e+00,0.000000000000000000e+00
8.099533896740125272e+01,0.000000000000000000e+00,0.000000000000000000e+00
8.047211958182573710e+01,0.000000000000000000e+00,0.000000000000000000e+00
7.711791178529712454e+01,0.000000000000000000e+00,0.000000000000000000e+00
7.664335242723072383e+01,0.000000000000000000e+00,0.000000000000000000e+00
8.051750885667644297e+01,0.000000000000000000e+00,0.000000000000000000e+00
7.833419859457592338e+01,0.000000000000000000e+00,0.000000000000000000e+00
7.714262681745444183e+01,0.000000000000000000e+00,0.000000000000000000e+00
8.664404957880630320e+01,0.000000000000000000e+00,0.000000000000000000e+00
7.988613099718543253e+01,0.000000000000000000e+00,0.000000000000000000e+00
7.692827262276210831e+01,0.000000000000000000e+00,0.000000000000000000e+00
7.909740051196432375e+01,0.000000000000000000e+00,0.000000000000000000e+00
8.673929577602970653e+01,0.000000000000000000e+00,0.000000000000000000e+00
7.780523373493220163e+01,0.000000000000000000e+00,0.000000000000000000e+00
8.033217027538142929e+01,0.000000000000000000e+00,0.000000000000000000e+00
7.982928073201318853e+01,0.000000000000000000e+00,0.000000000000000000e+00
7.595989607040129954e+01,0.000000000000000000e+00,0.000000000000000000e+00
8.057223354966609463e+01,0.000000000000000000e+00,0.000000000000000000e+00
8.103185431502842562e+01,0.000000000000000000e+00,0.000000000000000000e+00
8.132671118955963152e+01,0.000000000000000000e+00,0.000000000000000000e+00
7.728179907641133184e+01,0.000000000000000000e+00,0.000000000000000000e+00
8.229623210239695652e+01,0.000000000000000000e+00,0.000000000000000000e+00
8.021368049865080252e+01,0.000000000000000000e+00,0.000000000000000000e+00
8.019242685422800321e+01,0.000000000000000000e+00,0.000000000000000000e+00
7.941381112803428266e+01,0.000000000000000000e+00,0.000000000000000000e+00
8.016993731508071619e+01,0.000000000000000000e+00,0.000000000000000000e+00
8.085196314067587764e+01,0.000000000000000000e+00,0.000000000000000000e+00
8.115301211423435745e+01,0.000000000000000000e+00,0.000000000000000000e+00
7.863773811295186533e+01,0.000000000000000000e+00,0.000000000000000000e+00
8.341574860971680039e+01,0.000000000000000000e+00,0.000000000000000000e+00
7.903149577218253796e+01,0.000000000000000000e+00,0.000000000000000000e+00
8.080097050708300799e+01,0.000000000000000000e+00,0.000000000000000000e+00
7.803911944318541316e+01,0.000000000000000000e+00,0.000000000000000000e+00
8.028156175767310287e+01,0.000000000000000000e+00,0.000000000000000000e+00
8.188210146730600059e+01,0.000000000000000000e+00,0.000000000000000000e+00
8.076793890110022289e+01,0.000000000000000000e+00,0.000000000000000000e+00
7.810550407876536383e+01,0.000000000000000000e+00,0.000000000000000000e+00
7.778469913105610090e+01,0.000000000000000000e+00,0.000000000000000000e+00
8.135270909835709574e+01,0.000000000000000000e+00,0.000000000000000000e+00
8.082019103475803945e+01,0.000000000000000000e+00,0.000000000000000000e+00
7.883509643424808644e+01,0.000000000000000000e+00,0.000000000000000000e+00
8.138146245172534066e+01,0.000000000000000000e+00,0.000000000000000000e+00
8.334089796156099794e+01,0.000000000000000000e+00,0.000000000000000000e+00
7.900507924176449137e+01,0.000000000000000000e+00,0.000000000000000000e+00
7.894773829424192968e+01,0.000000000000000000e+00,0.000000000000000000e+00
8.257788525361019083e+01,0.000000000000000000e+00,0.000000000000000000e+00
8.521920521682574190e+01,0.000000000000000000e+00,0.000000000000000000e+00
7.589686405759381671e+01,0.000000000000000000e+00,0.000000000000000000e+00
8.469393725845152687e+01,0.000000000000000000e+00,0.000000000000000000e+00
8.124829659630776746e+01,0.000000000000000000e+00,0.000000000000000000e+00
8.150335476061825091e+01,0.000000000000000000e+00,0.000000000000000000e+00
8.042656977303963117e+01,0.000000000000000000e+00,0.000000000000000000e+00
7.824886742610060253e+01,0.000000000000000000e+00,0.000000000000000000e+00
8.225752953847423043e+01,0.000000000000000000e+00,0.000000000000000000e+00
7.918067976013728071e+01,0.000000000000000000e+00,0.000000000000000000e+00
7.831152340336235795e+01,0.000000000000000000e+00,0.000000000000000000e+00
8.213206638188920294e+01,0.000000000000000000e+00,0.000000000000000000e+00
8.337690992881191221e+01,0.000000000000000000e+00,0.000000000000000000e+00
3.282135189129051867e+01,0.000000000000000000e+00,0.000000000000000000e+00
3.082878798558800426e+01,0.000000000000000000e+00,0.000000000000000000e+00
3.257439960204619922e+01,0.000000000000000000e+00,0.000000000000000000e+00
3.210190969939561256e+01,0.000000000000000000e+00,0.000000000000000000e+00
2.990406845058400620e+01,0.000000000000000000e+00,0.000000000000000000e+00
3.070244289799128268e+01,0.000000000000000000e+00,0.000000000000000000e+00
3.024168079540625698e+01,0.000000000000000000e+00,0.000000000000000000e+00
3.364684336917486007e+01,0.000000000000000000e+00,0.000000000000000000e+00
3.231173782839425002e+01,0.000000000000000000e+00,0.000000000000000000e+00
3.663887896472787276e+01,0.000000000000000000e+00,0.000000000000000000e+00
2.976001069635122320e+01,0.000000000000000000e+00,0.000000000000000000e+00
3.206649440963153097e+01,0.000000000000000000e+00,0.000000000000000000e+00
2.523087625759119490e+01,0.000000000000000000e+00,0.000000000000000000e+00
2.164608542602081798e+01,0.000000000000000000e+00,0.000000000000000000e+00
2.278749120742106271e+01,0.000000000000000000e+00,0.000000000000000000e+00
2.334912346474015976e+01,0.000000000000000000e+00,0.000000000000000000e+00
2.577546335028539559e+01,0.000000000000000000e+00,0.000000000000000000e+00
2.384276200111351685e+01,0.000000000000000000e+00,0.000000000000000000e+00
2.101332674170886250e+01,0.000000000000000000e+00,0.000000000000000000e+00
2.289608265826086608e+01,0.000000000000000000e+00,0.000000000000000000e+00
2.577376663090660713e+01,0.000000000000000000e+00,0.000000000000000000e+00
2.281481214473887320e+01,0.000000000000000000e+00,0.000000000000000000e+00
2.085469694182306810e+01,0.000000000000000000e+00,0.000000000000000000e+00
2.120352864660177872e+01,0.000000000000000000e+00,0.000000000000000000e+00
2.204864667523813537e+01,0.000000000000000000e+00,0.000000000000000000e+00
2.155951977673839792e+01,0.000000000000000000e+00,0.000000000000000000e+00
1.948104060941759741e+01,0.000000000000000000e+00,0.000000000000000000e+00
1.932194831492303777e+01,0.000000000000000000e+00,0.000000000000000000e+00
2.121311486041819094e+01,0.000000000000000000e+00,0.000000000000000000e+00
2.071689711867713513e+01,0.000000000000000000e+00,0.000000000000000000e+00
2.185859558856529716e+01,0.000000000000000000e+00,0.000000000000000000e+00
2.050653446401526736e+01,0.000000000000000000e+00,0.000000000000000000e+00
1.851266682459156243e+01,0.000000000000000000e+00,0.000000000000000000e+00
1.964009512136991020e+01,0.000000000000000000e+00,0.000000000000000000e+00
2.061000945701852771e+01,0.000000000000000000e+00,0.000000000000000000e+00
2.114663143844292392e+01,0.000000000000000000e+00,0.000000000000000000e+00
1.736123146114269744e+01,0.000000000000000000e+00,0.000000000000000000e+00
2.117032034137137941e+01,0.000000000000000000e+00,0.000000000000000000e+00
2.266579874008640516e+01,0.000000000000000000e+00,0.000000000000000000e+00
1.975586588544786082e+01,0.000000000000000000e+00,0.000000000000000000e+00
1.930792281127087406e+01,0.000000000000000000e+00,0.000000000000000000e+00
2.195190342430018049e+01,0.000000000000000000e+00,0.000000000000000000e+00
1.957848291751722059e+01,0.000000000000000000e+00,0.000000000000000000e+00
1.903882996973219122e+01,0.000000000000000000e+00,0.000000000000000000e+00
1.908018808784988707e+01,0.000000000000000000e+00,0.000000000000000000e+00
1.881984624336392997e+01,0.000000000000000000e+00,0.000000000000000000e+00
2.376415507805453942e+01,0.000000000000000000e+00,0.000000000000000000e+00
1.841754120907144809e+01,0.000000000000000000e+00,0.000000000000000000e+00
2.065995898175815171e+01,0.000000000000000000e+00,0.000000000000000000e+00
1.838455353731425035e+01,0.000000000000000000e+00,0.000000000000000000e+00
2.340342304367978343e+01,0.000000000000000000e+00,0.000000000000000000e+00
1.997704358495575150e+01,0.000000000000000000e+00,0.000000000000000000e+00
1.743746298281426022e+01,0.000000000000000000e+00,0.000000000000000000e+00
2.159550425090102976e+01,0.000000000000000000e+00,0.000000000000000000e+00
2.593162186714936368e+01,0.000000000000000000e+00,0.000000000000000000e+00
1.904884721175232087e+01,0.000000000000000000e+00,0.000000000000000000e+00
1.783911278606904460e+01,0.000000000000000000e+00,0.000000000000000000e+00
2.337508763392362710e+01,0.000000000000000000e+00,0.000000000000000000e+00
2.163466230302699245e+01,0.000000000000000000e+00,0.000000000000000000e+00
1.850652760416450704e+01,0.000000000000000000e+00,0.000000000000000000e+00
1.950521300626866861e+01,0.000000000000000000e+00,0.000000000000000000e+00
2.104464393229339336e+01,0.000000000000000000e+00,0.000000000000000000e+00
1.787149969250936721e+01,0.000000000000000000e+00,0.000000000000000000e+00
2.256433604738544219e+01,0.000000000000000000e+00,0.000000000000000000e+00
1.484456370140599191e+01,0.000000000000000000e+00,0.000000000000000000e+00
2.111935214602988609e+01,0.000000000000000000e+00,0.000000000000000000e+00
2.034184070697572011e+01,0.000000000000000000e+00,0.000000000000000000e+00
1.656765873550001800e+01,0.000000000000000000e+00,0.000000000000000000e+00
1.843743710131497693e+01,0.000000000000000000e+00,0.000000000000000000e+00
1.857562925765573780e+01,0.000000000000000000e+00,0.000000000000000000e+00
1.778195160495748439e+01,0.000000000000000000e+00,0.000000000000000000e+00
2.010410703887380990e+01,0.000000000000000000e+00,0.000000000000000000e+00
1.979158119521253312e+01,0.000000000000000000e+00,0.000000000000000000e+00
1.567816091939368661e+01,0.000000000000000000e+00,0.000000000000000000e+00
2.012886557310928026e+01,0.000000000000000000e+00,0.000000000000000000e+00
2.158097864869776927e+01,0.000000000000000000e+00,0.000000000000000000e+00
2.422968140197563258e+01,0.000000000000000000e+00,0.000000000000000000e+00
1.711781815414443386e+01,0.000000000000000000e+00,0.000000000000000000e+00
1.910673285739767735e+01,0.000000000000000000e+00,0.000000000000000000e+00
2.050297650370890068e+01,0.000000000000000000e+00,0.000000000000000000e+00
2.241448424290882002e+01,0.000000000000000000e+00,0.000000000000000000e+00
1.949643436986303158e+01,0.000000000000000000e+00,0.000000000000000000e+00
2.009219698193676962e+01,0.000000000000000000e+00,0.000000000000000000e+00
1.916466283908406965e+01,0.000000000000000000e+00,0.000000000000000000e+00
2.253904876053444539e+01,0.000000000000000000e+00,0.000000000000000000e+00
2.036734246345046628e+01,0.000000000000000000e+00,0.000000000000000000e+00
1.930708594267397160e+01,0.000000000000000000e+00,0.000000000000000000e+00
1.733959636644592450e+01,0.000000000000000000e+00,0.000000000000000000e+00
2.193142619014854944e+01,0.000000000000000000e+00,0.000000000000000000e+00
1.945720959788544135e+01,0.000000000000000000e+00,0.000000000000000000e+00
1.781763654352836568e+01,0.000000000000000000e+00,0.000000000000000000e+00
1.716618662790452987e+01,0.000000000000000000e+00,0.000000000000000000e+00
2.464183569761874537e+01,0.000000000000000000e+00,0.000000000000000000e+00
1.981866831348235891e+01,0.000000000000000000e+00,0.000000000000000000e+00
2.017439299717799273e+01,0.000000000000000000e+00,0.000000000000000000e+00
1.859994341096679094e+01,0.000000000000000000e+00,0.000000000000000000e+00
1.911574075373618342e+01,0.000000000000000000e+00,0.000000000000000000e+00
1.930462689617088756e+01,0.000000000000000000e+00,0.000000000000000000e+00
2.144149561292606876e+01,0.000000000000000000e+00,0.000000000000000000e+00
2.124414838796913685e+01,0.000000000000000000e+00,0.000000000000000000e+00
2.023249289138772866e+01,0.000000000000000000e+00,0.000000000000000000e+00
1.734360896282716524e+01,0.000000000000000000e+00,0.000000000000000000e+00
1.785449104199636849e+01,0.000000000000000000e+00,0.000000000000000000e+00
1.772065863898118465e+01,0.000000000000000000e+00,0.000000000000000000e+00
2.386358425891684831e+01,0.000000000000000000e+00,0.000000000000000000e+00
1.654910288322846768e+01,0.000000000000000000e+00,0.000000000000000000e+00
1.947853660260667752e+01,0.000000000000000000e+00,0.000000000000000000e+00
2.268033727230610808e+01,0.000000000000000000e+00,0.000000000000000000e+00
1.629727467570074495e+01,0.000000000000000000e+00,0.000000000000000000e+00
1.760952708809034561e+01,0.000000000000000000e+00,0.000000000000000000e+00
2.431847505070222226e+01,0.000000000000000000e+00,0.000000000000000000e+00
2.064560999607342495e+01,0.000000000000000000e+00,0.000000000000000000e+00
2.024420779874372656e+01,0.000000000000000000e+00,0.000000000000000000e+00
2.496021162614035305e+01,0.000000000000000000e+00,0.000000000000000000e+00
2.332693738123737504e+01,0.000000000000000000e+00,0.000000000000000000e+00
1.948604108517786671e+01,0.000000000000000000e+00,0.000000000000000000e+00
2.259326300325652426e+01,0.000000000000000000e+00,0.000000000000000000e+00
1.929198060410222126e+01,0.000000000000000000e+00,0.000000000000000000e+00
2.395447260394850275e+01,0.000000000000000000e+00,0.000000000000000000e+00
2.468736064407584507e+01,0.000000000000000000e+00,0.000000000000000000e+00
1.741489499024817533e+01,0.000000000000000000e+00,0.000000000000000000e+00
2.191531117513170557e+01,0.000000000000000000e+00,0.000000000000000000e+00
2.021747601337769495e+01,0.000000000000000000e+00,0.000000000000000000e+00
2.031296951692059949e+01,0.000000000000000000e+00,0.000000000000000000e+00
1.889834565891860407e+01,0.000000000000000000e+00,0.000000000000000000e+00
1.694189548576088811e+01,0.000000000000000000e+00,0.000000000000000000e+00
2.140279280168917708e+01,0.000000000000000000e+00,0.000000000000000000e+00
2.014759563542856213e+01,0.000000000000000000e+00,0.000000000000000000e+00
2.067366291421807745e+01,0.000000000000000000e+00,0.000000000000000000e+00
1.861327693031449826e+01,0.000000000000000000e+00,0.000000000000000000e+00
1.947305120840825055e+01,0.000000000000000000e+00,0.000000000000000000e+00
1.918888069569206323e+01,0.000000000000000000e+00,0.000000000000000000e+00
2.321288873576307665e+01,0.000000000000000000e+00,0.000000000000000000e+00
2.105272905361708524e+01,0.000000000000000000e+00,0.000000000000000000e+00
1.681886847628513948e+01,0.000000000000000000e+00,0.000000000000000000e+00
1.904027304444374380e+01,0.000000000000000000e+00,0.000000000000000000e+00
1.777784728425568517e+01,0.000000000000000000e+00,0.000000000000000000e+00
2.054291184135080783e+01,0.000000000000000000e+00,0.000000000000000000e+00
2.275811932608798926e+01,0.000000000000000000e+00,0.000000000000000000e+00
2.090865483048962048e+01,0.000000000000000000e+00,0.000000000000000000e+00
1.817256045979273793e+01,0.000000000000000000e+00,0.000000000000000000e+00
2.249499947705272618e+01,0.000000000000000000e+00,0.000000000000000000e+00
2.292017117405164228e+01,0.000000000000000000e+00,0.000000000000000000e+00
1.813612812462731583e+01,0.000000000000000000e+00,0.000000000000000000e+00
1.935045264279008492e+01,0.000000000000000000e+00,0.000000000000000000e+00
2.077532304616448044e+01,0.000000000000000000e+00,0.000000000000000000e+00
2.051795635710471899e+01,0.000000000000000000e+00,0.000000000000000000e+00
1.927404479434298779e+01,0.000000000000000000e+00,0.000000000000000000e+00
1.836424566079627141e+01,0.000000000000000000e+00,0.000000000000000000e+00
2.028051726872782368e+01,0.000000000000000000e+00,0.000000000000000000e+00
2.428442521960659661e+01,0.000000000000000000e+00,0.000000000000000000e+00
1.843286721373407744e+01,0.000000000000000000e+00,0.000000000000000000e+00
2.246654102585329937e+01,0.000000000000000000e+00,0.000000000000000000e+00
2.080662135365606957e+01,0.000000000000000000e+00,0.000000000000000000e+00
1.763128466713010312e+01,0.000000000000000000e+00,0.000000000000000000e+00
2.040318182999801877e+01,0.000000000000000000e+00,0.000000000000000000e+00
1.867174758440566151e+01,0.000000000000000000e+00,0.000000000000000000e+00
1.867312569811484124e+01,0.000000000000000000e+00,0.000000000000000000e+00
1.860153166236991495e+01,0.000000000000000000e+00,0.000000000000000000e+00
2.266683608054241006e+01,0.000000000000000000e+00,0.000000000000000000e+00
2.245404607143498055e+01,0.000000000000000000e+00,0.000000000000000000e+00
1.730248054342662556e+01,0.000000000000000000e+00,0.000000000000000000e+00
2.118909078878024488e+01,0.000000000000000000e+00,0.000000000000000000e+00
1.859757992824001605e+01,0.000000000000000000e+00,0.000000000000000000e+00
2.485308056677379085e+01,0.000000000000000000e+00,0.000000000000000000e+00
1.682290740032978604e+01,0.000000000000000000e+00,0.000000000000000000e+00
1.754458821584019290e+01,0.000000000000000000e+00,0.000000000000000000e+00
1.996867817714164062e+01,0.000000000000000000e+00,0.000000000000000000e+00
1.997186712282407228e+01,0.000000000000000000e+00,0.000000000000000000e+00
1.823571730617526043e+01,0.000000000000000000e+00,0.000000000000000000e+00
2.009613300805054692e+01,0.000000000000000000e+00,0.000000000000000000e+00
1.954752388247962358e+01,0.000000000000000000e+00,0.000000000000000000e+00
2.320637128717512354e+01,0.000000000000000000e+00,0.000000000000000000e+00
1.870625425331565594e+01,0.000000000000000000e+00,0.000000000000000000e+00
2.327630491585436090e+01,0.000000000000000000e+00,0.000000000000000000e+00
2.083616407633239476e+01,0.000000000000000000e+00,0.000000000000000000e+00
1.909289170401503810e+01,0.000000000000000000e+00,0.000000000000000000e+00
2.068669587707624657e+01,0.000000000000000000e+00,0.000000000000000000e+00
2.164847950218617711e+01,0.000000000000000000e+00,0.000000000000000000e+00
2.267294005495849518e+01,0.000000000000000000e+00,0.000000000000000000e+00
7.124438757508893616e+01,0.000000000000000000e+00,0.000000000000000000e+00
6.732604663447365567e+01,0.000000000000000000e+00,0.000000000000000000e+00
6.391219513618925419e+01,0.000000000000000000e+00,0.000000000000000000e+00
7.026890386785380826e+01,0.000000000000000000e+00,0.000000000000000000e+00
6.940347083852938681e+01,0.000000000000000000e+00,0.000000000000000000e+00
6.929170156614908649e+01,0.000000000000000000e+00,0.000000000000000000e+00
6.867717576503439147e+01,0.000000000000000000e+00,0.000000000000000000e+00
6.795796419736751659e+01,0.000000000000000000e+00,0.000000000000000000e+00
6.902540797977925990e+01,0.000000000000000000e+00,0.000000000000000000e+00
6.926360169130443012e+01,0.000000000000000000e+00,0.000000000000000000e+00
6.415793818445700936e+01,0.000000000000000000e+00,0.000000000000000000e+00
6.464727846753316953e+01,0.000000000000000000e+00,0.000000000000000000e+00
7.948611772024148081e+01,0.000000000000000000e+00,0.000000000000000000e+00
7.738172957136447394e+01,0.000000000000000000e+00,0.000000000000000000e+00
7.856503599564959472e+01,0.000000000000000000e+00,0.000000000000000000e+00
7.836097100922034997e+01,0.000000000000000000e+00,0.000000000000000000e+00
7.819440740679151247e+01,0.000000000000000000e+00,0.000000000000000000e+00
7.584283095830832622e+01,0.000000000000000000e+00,0.000000000000000000e+00
7.994650552862987070e+01,0.000000000000000000e+00,0.000000000000000000e+00
8.040410185303790058e+01,0.000000000000000000e+00,0.000000000000000000e+00
7.748322549645438073e+01,0.000000000000000000e+00,0.000000000000000000e+00
7.605909698837882615e+01,0.000000000000000000e+00,0.000000000000000000e+00
7.510257611502582620e+01,0.000000000000000000e+00,0.000000000000000000e+00
7.555429259462462710e+01,0.000000000000000000e+00,0.000000000000000000e+00
7.838574708986953965e+01,0.000000000000000000e+00,0.000000000000000000e+00
7.851022991619724678e+01,0.000000000000000000e+00,0.000000000000000000e+00
8.065424997292738851e+01,0.000000000000000000e+00,0.000000000000000000e+00
8.202978611673242426e+01,0.000000000000000000e+00,0.000000000000000000e+00
7.579245235877799303e+01,0.000000000000000000e+00,0.000000000000000000e+00
7.898976765673067746e+01,0.000000000000000000e+00,0.000000000000000000e+00
7.931745855659646338e+01,0.000000000000000000e+00,0.000000000000000000e+00
8.079209127213185582e+01,0.000000000000000000e+00,0.000000000000000000e+00
7.964486652135710187e+01,0.000000000000000000e+00,0.000000000000000000e+00
7.404014519845171094e+01,0.000000000000000000e+00,0.000000000000000000e+00
8.176115709690202493e+01,0.000000000000000000e+00,0.000000000000000000e+00
8.249220358374368800e+01,0.000000000000000000e+00,0.000000000000000000e+00
7.656331768457675935e+01,0.000000000000000000e+00,0.000000000000000000e+00
8.016867144129997769e+01,0.000000000000000000e+00,0.000000000000000000e+00
8.090678136848816848e+01,0.000000000000000000e+00,0.000000000000000000e+00
8.060923343557388421e+01,0.000000000000000000e+00,0.000000000000000000e+00
7.558381400100344649e+01,0.000000000000000000e+00,0.000000000000000000e+00
8.121731725362522525e+01,0.000000000000000000e+00,0.000000000000000000e+00
8.127057470900777503e+01,0.000000000000000000e+00,0.000000000000000000e+00
8.098732275510707268e+01,0.000000000000000000e+00,0.000000000000000000e+00
7.705922559348111633e+01,0.000000000000000000e+00,0.000000000000000000e+00
8.039994732664064259e+01,0.000000000000000000e+00,0.000000000000000000e+00
7.902222111854219122e+01,0.000000000000000000e+00,0.000000000000000000e+00
8.089178955569451546e+01,0.000000000000000000e+00,0.000000000000000000e+00
8.098830560725230043e+01,0.000000000000000000e+00,0.000000000000000000e+00
8.092619019736953589e+01,0.000000000000000000e+00,0.000000000000000000e+00
7.964917989373091700e+01,0.000000000000000000e+00,0.000000000000000000e+00
7.871345147505383011e+01,0.000000000000000000e+00,0.000000000000000000e+00
8.272537379551960157e+01,0.000000000000000000e+00,0.000000000000000000e+00
8.284644643832584165e+01,0.000000000000000000e+00,0.000000000000000000e+00
8.238074404085119795e+01,0.000000000000000000e+00,0.000000000000000000e+00
8.178110819600826176e+01,0.000000000000000000e+00,0.000000000000000000e+00
8.086539358933299582e+01,0.000000000000000000e+00,0.000000000000000000e+00
8.143982608909631438e+01,0.000000000000000000e+00,0.000000000000000000e+00
8.275517817530170817e+01,0.000000000000000000e+00,0.000000000000000000e+00
7.871086290951292597e+01,0.000000000000000000e+00,0.000000000000000000e+00
7.732915038383953288e+01,0.000000000000000000e+00,0.000000000000000000e+00
7.696159976465742147e+01,0.000000000000000000e+00,0.000000000000000000e+00
7.808823540072636149e+01,0.000000000000000000e+00,0.000000000000000000e+00
7.581330939390649348e+01,0.000000000000000000e+00,0.000000000000000000e+00
8.015935223246873420e+01,0.000000000000000000e+00,0.000000000000000000e+00
8.060979654338653688e+01,0.000000000000000000e+00,0.000000000000000000e+00
7.883507117055413005e+01,0.000000000000000000e+00,0.000000000000000000e+00
8.039234041586369983e+01,0.000000000000000000e+00,0.000000000000000000e+00
8.250209372809966624e+01,0.000000000000000000e+00,0.000000000000000000e+00
7.561542421240386602e+01,0.000000000000000000e+00,0.000000000000000000e+00
8.182856687247407024e+01,0.000000000000000000e+00,0.000000000000000000e+00
7.933451545635824687e+01,0.000000000000000000e+00,0.000000000000000000e+00
7.876960900743389971e+01,0.000000000000000000e+00,0.000000000000000000e+00
7.551049886380837961e+01,0.000000000000000000e+00,0.000000000000000000e+00
8.041435834305187313e+01,0.000000000000000000e+00,0.000000000000000000e+00
7.726771892040051171e+01,0.000000000000000000e+00,0.000000000000000000e+00
7.938950672039476331e+01,0.000000000000000000e+00,0.000000000000000000e+00
8.059418856954516741e+01,0.000000000000000000e+00,0.000000000000000000e+00
7.591125025616078403e+01,0.000000000000000000e+00,0.000000000000000000e+00
7.900167090015037274e+01,0.000000000000000000e+00,0.000000000000000000e+00
8.319056572107686520e+01,0.000000000000000000e+00,0.000000000000000000e+00
7.996126859907805340e+01,0.000000000000000000e+00,0.000000000000000000e+00
7.754369875200312379e+01,0.000000000000000000e+00,0.000000000000000000e+00
7.810306454054489222e+01,0.000000000000000000e+00,0.000000000000000000e+00
7.682334418407788235e+01,0.000000000000000000e+00,0.000000000000000000e+00
7.866317307661768155e+01,0.000000000000000000e+00,0.000000000000000000e+00
8.311588368153596207e+01,0.000000000000000000e+00,0.000000000000000000e+00
8.318536239176027891e+01,0.000000000000000000e+00,0.000000000000000000e+00
7.962093729269695075e+01,0.000000000000000000e+00,0.000000000000000000e+00
7.630343213051428108e+01,0.000000000000000000e+00,0.000000000000000000e+00
7.675658360162245231e+01,0.000000000000000000e+00,0.000000000000000000e+00
7.599532550817498588e+01,0.000000000000000000e+00,0.000000000000000000e+00
8.041219830126682666e+01,0.000000000000000000e+00,0.000000000000000000e+00
8.139227870721276759e+01,0.000000000000000000e+00,0.000000000000000000e+00
8.455054691228662023e+01,0.000000000000000000e+00,0.000000000000000000e+00
8.223294039379510423e+01,0.000000000000000000e+00,0.000000000000000000e+00
8.113781102756115615e+01,0.000000000000000000e+00,0.000000000000000000e+00
8.088766931384306247e+01,0.000000000000000000e+00,0.000000000000000000e+00
7.998256291468624113e+01,0.000000000000000000e+00,0.000000000000000000e+00
8.056736234315633283e+01,0.000000000000000000e+00,0.000000000000000000e+00
8.159906348176929214e+01,0.000000000000000000e+00,0.000000000000000000e+00
7.838403662489487544e+01,0.000000000000000000e+00,0.000000000000000000e+00
7.878916799849464780e+01,0.000000000000000000e+00,0.000000000000000000e+00
7.914842118221069711e+01,0.000000000000000000e+00,0.000000000000000000e+00
7.609405238680002981e+01,0.000000000000000000e+00,0.000000000000000000e+00
7.834904370872460788e+01,0.000000000000000000e+00,0.000000000000000000e+00
7.810357527977630809e+01,0.000000000000000000e+00,0.000000000000000000e+00
7.484171706247359168e+01,0.000000000000000000e+00,0.000000000000000000e+00
3.427072563852730980e+01,0.000000000000000000e+00,0.000000000000000000e+00
3.428718467327270503e+01,0.000000000000000000e+00,0.000000000000000000e+00
3.159354715489484633e+01,0.000000000000000000e+00,0.000000000000000000e+00
2.893334892038102168e+01,0.000000000000000000e+00,0.000000000000000000e+00
3.038057138310668037e+01,0.000000000000000000e+00,0.000000000000000000e+00
3.151233884180171430e+01,0.000000000000000000e+00,0.000000000000000000e+00
3.465483391062194585e+01,0.000000000000000000e+00,0.000000000000000000e+00
3.008005455710100406e+01,0.000000000000000000e+00,0.000000000000000000e+00
3.373158985886831118e+01,0.000000000000000000e+00,0.000000000000000000e+00
3.339552765091543307e+01,0.000000000000000000e+00,0.000000000000000000e+00
2.944710357058167105e+01,0.000000000000000000e+00,0.000000000000000000e+00
3.316815419172090174e+01,0.000000000000000000e+00,0.000000000000000000e+00
2.231194045141031523e+01,0.000000000000000000e+00,0.000000000000000000e+00
2.203939411835334283e+01,0.000000000000000000e+00,0.000000000000000000e+00
1.802464026987883727e+01,0.000000000000000000e+00,0.000000000000000000e+00
2.131403750638063599e+01,0.000000000000000000e+00,0.000000000000000000e+00
2.394129687107918159e+01,0.000000000000000000e+00,0.000000000000000000e+00
2.309560693341470383e+01,0.000000000000000000e+00,0.000000000000000000e+00
2.200132433840215640e+01,0.000000000000000000e+00,0.000000000000000000e+00
2.151906640201611864e+01,0.000000000000000000e+00,0.000000000000000000e+00
2.102552457799175301e+01,0.000000000000000000e+00,0.000000000000000000e+00
2.302196301367061082e+01,0.000000000000000000e+00,0.000000000000000000e+00
2.581837656467159192e+01,0.000000000000000000e+00,0.000000000000000000e+00
2.201964199788581311e+01,0.000000000000000000e+00,0.000000000000000000e+00
2.167361163966157278e+01,0.000000000000000000e+00,0.000000000000000000e+00
1.852830832485633294e+01,0.000000000000000000e+00,0.000000000000000000e+00
2.151531854731240401e+01,0.000000000000000000e+00,0.000000000000000000e+00
1.845985264630129663e+01,0.000000000000000000e+00,0.000000000000000000e+00
1.855918711509204044e+01,0.000000000000000000e+00,0.000000000000000000e+00
2.055793048865797701e+01,0.000000000000000000e+00,0.000000000000000000e+00
2.038987663724205746e+01,0.000000000000000000e+00,0.000000000000000000e+00
1.762978950091356367e+01,0.000000000000000000e+00,0.000000000000000000e+00
1.821837324885079923e+01,0.000000000000000000e+00,0.000000000000000000e+00
2.006176802329699882e+01,0.000000000000000000e+00,0.000000000000000000e+00
2.002659058835083528e+01,0.000000000000000000e+00,0.000000000000000000e+00
2.098932471876826256e+01,0.000000000000000000e+00,0.000000000000000000e+00
2.200702305761683419e+01,0.000000000000000000e+00,0.000000000000000000e+00
2.177315977772543931e+01,0.000000000000000000e+00,0.000000000000000000e+00
2.307111618466108993e+01,0.000000000000000000e+00,0.000000000000000000e+00
1.904803418060619080e+01,0.000000000000000000e+00,0.000000000000000000e+00
2.014851275519217211e+01,0.000000000000000000e+00,0.000000000000000000e+00
1.918940435699456515e+01,0.000000000000000000e+00,0.000000000000000000e+00
1.955522429230375892e+01,0.000000000000000000e+00,0.000000000000000000e+00
1.985151693590004385e+01,0.000000000000000000e+00,0.000000000000000000e+00
1.846724943467561886e+01,0.000000000000000000e+00,0.000000000000000000e+00
2.175938021242714271e+01,0.000000000000000000e+00,0.000000000000000000e+00
2.056440174795372045e+01,0.000000000000000000e+00,0.000000000000000000e+00
2.190375653996855831e+01,0.000000000000000000e+00,0.000000000000000000e+00
1.611457835574645614e+01,0.000000000000000000e+00,0.000000000000000000e+00
2.042595496586745440e+01,0.000000000000000000e+00,0.000000000000000000e+00
1.947117098390403456e+01,0.000000000000000000e+00,0.000000000000000000e+00
2.447255891405020733e+01,0.000000000000000000e+00,0.000000000000000000e+00
1.507183819300080785e+01,0.000000000000000000e+00,0.000000000000000000e+00
1.968315183091290521e+01,0.000000000000000000e+00,0.000000000000000000e+00
2.120416680327901560e+01,0.000000000000000000e+00,0.000000000000000000e+00
2.080647705711502127e+01,0.000000000000000000e+00,0.000000000000000000e+00
2.136894231832365421e+01,0.000000000000000000e+00,0.000000000000000000e+00
1.972478072645482783e+01,0.000000000000000000e+00,0.000000000000000000e+00
1.664135005758018337e+01,0.000000000000000000e+00,0.000000000000000000e+00
1.669561099987576824e+01,0.000000000000000000e+00,0.000000000000000000e+00
2.450665375909549937e+01,0.000000000000000000e+00,0.000000000000000000e+00
1.842146332189076219e+01,0.000000000000000000e+00,0.000000000000000000e+00
2.193373811899312997e+01,0.000000000000000000e+00,0.000000000000000000e+00
1.907614468330172031e+01,0.000000000000000000e+00,0.000000000000000000e+00
2.169572820098689547e+01,0.000000000000000000e+00,0.000000000000000000e+00
2.527395266204323221e+01,0.000000000000000000e+00,0.000000000000000000e+00
2.215945368953102701e+01,0.000000000000000000e+00,0.000000000000000000e+00
1.888296381517694655e+01,0.000000000000000000e+00,0.000000000000000000e+00
2.452544704041515544e+01,0.000000000000000000e+00,0.000000000000000000e+00
1.972172277921255912e+01,0.000000000000000000e+00,0.000000000000000000e+00
2.146750640026203172e+01,0.000000000000000000e+00,0.000000000000000000e+00
1.810738260743686112e+01,0.000000000000000000e+00,0.000000000000000000e+00
1.672793040735253456e+01,0.000000000000000000e+00,0.000000000000000000e+00
1.693950069994670216e+01,0.000000000000000000e+00,0.000000000000000000e+00
2.155717002193775045e+01,0.000000000000000000e+00,0.000000000000000000e+00
2.047964539463679756e+01,0.000000000000000000e+00,0.000000000000000000e+00
1.716177183539328865e+01,0.000000000000000000e+00,0.000000000000000000e+00
2.071047737416451540e+01,0.000000000000000000e+00,0.000000000000000000e+00
1.754638704382093195e+01,0.000000000000000000e+00,0.000000000000000000e+00
2.129919221155605058e+01,0.000000000000000000e+00,0.000000000000000000e+00
1.892513665948691681e+01,0.000000000000000000e+00,0.000000000000000000e+00
2.053536547289603220e+01,0.000000000000000000e+00,0.000000000000000000e+00
1.925644744094446281e+01,0.000000000000000000e+00,0.000000000000000000e+00
2.055948836312941808e+01,0.000000000000000000e+00,0.000000000000000000e+00
1.539734012631622484e+01,0.000000000000000000e+00,0.000000000000000000e+00
2.082743363334484599e+01,0.000000000000000000e+00,0.000000000000000000e+00
1.639824958321064230e+01,0.000000000000000000e+00,0.000000000000000000e+00
1.851412115806619241e+01,0.000000000000000000e+00,0.000000000000000000e+00
1.666335264291915763e+01,0.000000000000000000e+00,0.000000000000000000e+00
1.708221225044350788e+01,0.000000000000000000e+00,0.000000000000000000e+00
2.204729381053907744e+01,0.000000000000000000e+00,0.000000000000000000e+00
1.879195695204525762e+01,0.000000000000000000e+00,0.000000000000000000e+00
2.102191206382897448e+01,0.000000000000000000e+00,0.000000000000000000e+00
1.679276178346313131e+01,0.000000000000000000e+00,0.000000000000000000e+00
1.908276042646453163e+01,0.000000000000000000e+00,0.000000000000000000e+00
1.623705776677342527e+01,0.000000000000000000e+00,0.000000000000000000e+00
1.924987546507488645e+01,0.000000000000000000e+00,0.000000000000000000e+00
1.814770858168796863e+01,0.000000000000000000e+00,0.000000000000000000e+00
2.139379743477561391e+01,0.000000000000000000e+00,0.000000000000000000e+00
1.974976201492024686e+01,0.000000000000000000e+00,0.000000000000000000e+00
2.014989410201220821e+01,0.000000000000000000e+00,0.000000000000000000e+00
1.904409500439724923e+01,0.000000000000000000e+00,0.000000000000000000e+00
1.727860014936703692e+01,0.000000000000000000e+00,0.000000000000000000e+00
1.705567458458673613e+01,0.000000000000000000e+00,0.000000000000000000e+00
2.051791828734615208e+01,0.000000000000000000e+00,0.000000000000000000e+00
1.841472174789124239e+01,0.000000000000000000e+00,0.000000000000000000e+00
1.847195201300054279e+01,0.000000000000000000e+00,0.000000000000000000e+00
2.195749207955429227e+01,0.000000000000000000e+00,0.000000000000000000e+00
2.084422046234079318e+01,0.000000000000000000e+00,0.000000000000000000e+00
2.234505711136358741e+01,0.000000000000000000e+00,0.000000000000000000e+00
1.643033685791850473e+01,0.000000000000000000e+00,0.000000000000000000e+00
1.761451628174191697e+01,0.000000000000000000e+00,0.000000000000000000e+00
2.127863639233011739e+01,0.000000000000000000e+00,0.000000000000000000e+00
2.379986437234715879e+01,0.000000000000000000e+00,0.000000000000000000e+00
2.146422457795906880e+01,0.000000000000000000e+00,0.000000000000000000e+00
1.840909458732036441e+01,0.000000000000000000e+00,0.000000000000000000e+00
2.058336730986815155e+01,0.000000000000000000e+00,0.000000000000000000e+00
2.003106278899942438e+01,0.000000000000000000e+00,0.000000000000000000e+00
1.759446168966622892e+01,0.000000000000000000e+00,0.000000000000000000e+00
1.796547425149796595e+01,0.000000000000000000e+00,0.000000000000000000e+00
1.877062251204658594e+01,0.000000000000000000e+00,0.000000000000000000e+00
2.199137881347320800e+01,0.000000000000000000e+00,0.000000000000000000e+00
2.059587752414692119e+01,0.000000000000000000e+00,0.000000000000000000e+00
1.775799021091332008e+01,0.000000000000000000e+00,0.000000000000000000e+00
2.047561566460252180e+01,0.000000000000000000e+00,0.000000000000000000e+00
1.988557806869930289e+01,0.000000000000000000e+00,0.000000000000000000e+00
2.351712103540193866e+01,0.000000000000000000e+00,0.000000000000000000e+00
1.731795301985502888e+01,0.000000000000000000e+00,0.000000000000000000e+00
2.063781800639010910e+01,0.000000000000000000e+00,0.000000000000000000e+00
2.369339403530927868e+01,0.000000000000000000e+00,0.000000000000000000e+00
1.764764638307688216e+01,0.000000000000000000e+00,0.000000000000000000e+00
2.219855736854526640e+01,0.000000000000000000e+00,0.000000000000000000e+00
2.239095965785232778e+01,0.000000000000000000e+00,0.000000000000000000e+00
1.640193894925517881e+01,0.000000000000000000e+00,0.000000000000000000e+00
2.233037203597905673e+01,0.000000000000000000e+00,0.000000000000000000e+00
2.331163184232502061e+01,0.000000000000000000e+00,0.000000000000000000e+00
1.527342375297474675e+01,0.000000000000000000e+00,0.000000000000000000e+00
1.914916704392421920e+01,0.000000000000000000e+00,0.000000000000000000e+00
2.231681307220887689e+01,0.000000000000000000e+00,0.000000000000000000e+00
1.802763899777042766e+01,0.000000000000000000e+00,0.000000000000000000e+00
2.083849427244654962e+01,0.000000000000000000e+00,0.000000000000000000e+00
2.278293800346726883e+01,0.000000000000000000e+00,0.000000000000000000e+00
2.259254953288901291e+01,0.000000000000000000e+00,0.000000000000000000e+00
1.797018627246047018e+01,0.000000000000000000e+00,0.000000000000000000e+00
1.871445659307419263e+01,0.000000000000000000e+00,0.000000000000000000e+00
2.133602721677212344e+01,0.000000000000000000e+00,0.000000000000000000e+00
2.028219903733069174e+01,0.000000000000000000e+00,0.000000000000000000e+00
2.012203861293462026e+01,0.000000000000000000e+00,0.000000000000000000e+00
1.788603356359981333e+01,0.000000000000000000e+00,0.000000000000000000e+00
2.417223960741816313e+01,0.000000000000000000e+00,0.000000000000000000e+00
1.987723512844503659e+01,0.000000000000000000e+00,0.000000000000000000e+00
1.893080553615205730e+01,0.000000000000000000e+00,0.000000000000000000e+00
1.831630729276080416e+01,0.000000000000000000e+00,0.000000000000000000e+00
2.057278139812362383e+01,0.000000000000000000e+00,0.000000000000000000e+00
2.147057766672779877e+01,0.000000000000000000e+00,0.000000000000000000e+00
1.984361005606832151e+01,0.000000000000000000e+00,0.000000000000000000e+00
1.967410138228868632e+01,0.000000000000000000e+00,0.000000000000000000e+00
1.755526371685108344e+01,0.000000000000000000e+00,0.000000000000000000e+00
2.160242327044831612e+01,0.000000000000000000e+00,0.000000000000000000e+00
2.049070917510612233e+01,0.000000000000000000e+00,0.000000000000000000e+00
1.984552418889391490e+01,0.000000000000000000e+00,0.000000000000000000e+00
2.215237884181397732e+01,0.000000000000000000e+00,0.000000000000000000e+00
1.844588966823578247e+01,0.000000000000000000e+00,0.000000000000000000e+00
1.860031829899795497e+01,0.000000000000000000e+00,0.000000000000000000e+00
1.864195275783892569e+01,0.000000000000000000e+00,0.000000000000000000e+00
2.186486302887183086e+01,0.000000000000000000e+00,0.000000000000000000e+00
1.855737058154210928e+01,0.000000000000000000e+00,0.000000000000000000e+00
1.983062100758171553e+01,0.000000000000000000e+00,0.000000000000000000e+00
2.014000905531592167e+01,0.000000000000000000e+00,0.000000000000000000e+00
1.707543237826486759e+01,0.000000000000000000e+00,0.000000000000000000e+00
2.182778307847080157e+01,0.000000000000000000e+00,0.000000000000000000e+00
2.034167704991827819e+01,0.000000000000000000e+00,0.000000000000000000e+00
2.135605943806690021e+01,0.000000000000000000e+00,0.000000000000000000e+00
1.837091169259226930e+01,0.000000000000000000e+00,0.000000000000000000e+00
1.821669434549136213e+01,0.000000000000000000e+00,0.000000000000000000e+00
1.907809056141956816e+01,0.000000000000000000e+00,0.000000000000000000e+00
2.064060173670293352e+01,0.000000000000000000e+00,0.000000000000000000e+00
1.865347882084794051e+01,0.000000000000000000e+00,0.000000000000000000e+00
2.008360527645521287e+01,0.000000000000000000e+00,0.000000000000000000e+00
2.157934635086773056e+01,0.000000000000000000e+00,0.000000000000000000e+00
6.992271729123501700e+01,0.000000000000000000e+00,0.000000000000000000e+00
6.986606394574731382e+01,0.000000000000000000e+00,0.000000000000000000e+00
6.610703561017224672e+01,0.000000000000000000e+00,0.000000000000000000e+00
6.568257200505551907e+01,0.000000000000000000e+00,0.000000000000000000e+00
6.717064701425810824e+01,0.000000000000000000e+00,0.000000000000000000e+00
6.789851699562267129e+01,0.000000000000000000e+00,0.000000000000000000e+00
7.026682494703075577e+01,0.000000000000000000e+00,0.000000000000000000e+00
6.750805151734292053e+01,0.000000000000000000e+00,0.000000000000000000e+00
6.755745096113430748e+01,0.000000000000000000e+00,0.000000000000000000e+00
6.739200850542646037e+01,0.000000000000000000e+00,0.000000000000000000e+00
6.697948086407970436e+01,0.000000000000000000e+00,0.000000000000000000e+00
6.728681689493984663e+01,0.000000000000000000e+00,0.000000000000000000e+00
7.365912390289487632e+01,0.000000000000000000e+00,0.000000000000000000e+00
8.013936180510441432e+01,0.000000000000000000e+00,0.000000000000000000e+00
7.856089769444798776e+01,0.000000000000000000e+00,0.000000000000000000e+00
7.773921908704936357e+01,0.000000000000000000e+00,0.000000000000000000e+00
7.621495624873088559e+01,0.000000000000000000e+00,0.000000000000000000e+00
7.905294973634536859e+01,0.000000000000000000e+00,0.000000000000000000e+00
8.293736898296208437e+01,0.000000000000000000e+00,0.000000000000000000e+00
7.951509413408969351e+01,0.000000000000000000e+00,0.000000000000000000e+00
7.859587774249500569e+01,0.000000000000000000e+00,0.000000000000000000e+00
7.732591042425481476e+01,0.000000000000000000e+00,0.000000000000000000e+00
8.021227861024017614e+01,0.000000000000000000e+00,0.000000000000000000e+00
7.962834637289736861e+01,0.000000000000000000e+00,0.000000000000000000e+00
8.031126914916059434e+01,0.000000000000000000e+00,0.000000000000000000e+00
7.794053078052537842e+01,0.000000000000000000e+00,0.000000000000000000e+00
8.307080715684104177e+01,0.000000000000000000e+00,0.000000000000000000e+00
7.834336454385412196e+01,0.000000000000000000e+00,0.000000000000000000e+00
8.259431115117578770e+01,0.000000000000000000e+00,0.000000000000000000e+00
7.959286603575729657e+01,0.000000000000000000e+00,0.000000000000000000e+00
7.812147988742835025e+01,0.000000000000000000e+00,0.000000000000000000e+00
7.793016189052607956e+01,0.000000000000000000e+00,0.000000000000000000e+00
7.712173839357511440e+01,0.000000000000000000e+00,0.000000000000000000e+00
7.906589202812304507e+01,0.000000000000000000e+00,0.000000000000000000e+00
7.861041911395618342e+01,0.000000000000000000e+00,0.000000000000000000e+00
8.269026809286137336e+01,0.000000000000000000e+00,0.000000000000000000e+00
7.892967185304712530e+01,0.000000000000000000e+00,0.000000000000000000e+00
8.148801713837859495e+01,0.000000000000000000e+00,0.000000000000000000e+00
7.980132638223449248e+01,0.000000000000000000e+00,0.000000000000000000e+00
8.110817277080309395e+01,0.000000000000000000e+00,0.000000000000000000e+00
8.118301672509133482e+01,0.000000000000000000e+00,0.000000000000000000e+00
8.166546657319460678e+01,0.000000000000000000e+00,0.000000000000000000e+00
8.052693935070703901e+01,0.000000000000000000e+00,0.000000000000000000e+00
8.486090842758893871e+01,0.000000000000000000e+00,0.000000000000000000e+00
8.200512052788451456e+01,0.000000000000000000e+00,0.000000000000000000e+00
8.417031635749245311e+01,0.000000000000000000e+00,0.000000000000000000e+00
7.968233416011224790e+01,0.000000000000000000e+00,0.000000000000000000e+00
8.228633422891326177e+01,0.000000000000000000e+00,0.000000000000000000e+00
7.931616756111604616e+01,0.000000000000000000e+00,0.000000000000000000e+00
8.148409083778622630e+01,0.000000000000000000e+00,0.000000000000000000e+00
7.639950003449523308e+01,0.000000000000000000e+00,0.000000000000000000e+00
7.994066101318249196e+01,0.000000000000000000e+00,0.000000000000000000e+00
7.858870564734385766e+01,0.000000000000000000e+00,0.000000000000000000e+00
7.974999657891333982e+01,0.000000000000000000e+00,0.000000000000000000e+00
7.824037855651263840e+01,0.000000000000000000e+00,0.000000000000000000e+00
8.084016276222044439e+01,0.000000000000000000e+00,0.000000000000000000e+00
8.124966176080889113e+01,0.000000000000000000e+00,0.000000000000000000e+00
8.032709648548859604e+01,0.000000000000000000e+00,0.000000000000000000e+00
7.568383692547944008e+01,0.000000000000000000e+00,0.000000000000000000e+00
7.893288134240819431e+01,0.000000000000000000e+00,0.000000000000000000e+00
8.056354607650845878e+01,0.000000000000000000e+00,0.000000000000000000e+00
7.854643508111864492e+01,0.000000000000000000e+00,0.000000000000000000e+00
7.761354248823231217e+01,0.000000000000000000e+00,0.000000000000000000e+00
7.968832127356336059e+01,0.000000000000000000e+00,0.000000000000000000e+00
8.468091650874943355e+01,0.000000000000000000e+00,0.000000000000000000e+00
7.825684633915618349e+01,0.000000000000000000e+00,0.000000000000000000e+00
8.015558935601410440e+01,0.000000000000000000e+00,0.000000000000000000e+00
8.093819905106010992e+01,0.000000000000000000e+00,0.000000000000000000e+00
7.906887196309166654e+01,0.000000000000000000e+00,0.000000000000000000e+00
7.909703792134411060e+01,0.000000000000000000e+00,0.000000000000000000e+00
7.850661971210904255e+01,0.000000000000000000e+00,0.000000000000000000e+00
8.068011388298317854e+01,0.000000000000000000e+00,0.000000000000000000e+00
8.213655977849130352e+01,0.000000000000000000e+00,0.000000000000000000e+00
8.217842229835871137e+01,0.000000000000000000e+00,0.000000000000000000e+00
8.123655677901827232e+01,0.000000000000000000e+00,0.000000000000000000e+00
7.850877582107305841e+01,0.000000000000000000e+00,0.000000000000000000e+00
8.035972262203009109e+01,0.000000000000000000e+00,0.000000000000000000e+00
8.133884410729072556e+01,0.000000000000000000e+00,0.000000000000000000e+00
7.900853623320965369e+01,0.000000000000000000e+00,0.000000000000000000e+00
7.952069802286253264e+01,0.000000000000000000e+00,0.000000000000000000e+00
8.026226127004025557e+01,0.000000000000000000e+00,0.000000000000000000e+00
7.880167069980474537e+01,0.000000000000000000e+00,0.000000000000000000e+00
8.080912213052100412e+01,0.000000000000000000e+00,0.000000000000000000e+00
8.261558410147475229e+01,0.000000000000000000e+00,0.000000000000000000e+00
7.995558811132055155e+01,0.000000000000000000e+00,0.000000000000000000e+00
7.911771698262526797e+01,0.000000000000000000e+00,0.000000000000000000e+00
7.947236074474577094e+01,0.000000000000000000e+00,0.000000000000000000e+00
7.961362967789720813e+01,0.000000000000000000e+00,0.000000000000000000e+00
8.227394995849759596e+01,0.000000000000000000e+00,0.000000000000000000e+00
7.939615453672543310e+01,0.000000000000000000e+00,0.000000000000000000e+00
7.706707889016757917e+01,0.000000000000000000e+00,0.000000000000000000e+00
8.126912436165169140e+01,0.000000000000000000e+00,0.000000000000000000e+00
7.811317020723049609e+01,0.000000000000000000e+00,0.000000000000000000e+00
8.222942333259487668e+01,0.000000000000000000e+00,0.000000000000000000e+00
7.923996927869001183e+01,0.000000000000000000e+00,0.000000000000000000e+00
8.090798489524802051e+01,0.000000000000000000e+00,0.000000000000000000e+00
8.033580458192622586e+01,0.000000000000000000e+00,0.000000000000000000e+00
7.911395858595557229e+01,0.000000000000000000e+00,0.000000000000000000e+00
8.074991842300893552e+01,0.000000000000000000e+00,0.000000000000000000e+00
8.166131536813132641e+01,0.000000000000000000e+00,0.000000000000000000e+00
8.141868997303147637e+01,0.000000000000000000e+00,0.000000000000000000e+00
7.949803601315801416e+01,0.000000000000000000e+00,0.000000000000000000e+00
7.975834253029221088e+01,0.000000000000000000e+00,0.000000000000000000e+00
8.276565692539010399e+01,0.000000000000000000e+00,0.000000000000000000e+00
7.825904590732308463e+01,0.000000000000000000e+00,0.000000000000000000e+00
7.795492524279379154e+01,0.000000000000000000e+00,0.000000000000000000e+00
7.965532573023516250e+01,0.000000000000000000e+00,0.000000000000000000e+00
8.013043371422385519e+01,0.000000000000000000e+00,0.000000000000000000e+00
2.989609782007980598e+01,0.000000000000000000e+00,0.000000000000000000e+00
3.322005293421823779e+01,0.000000000000000000e+00,0.000000000000000000e+00
3.312556047134165738e+01,0.000000000000000000e+00,0.000000000000000000e+00
3.271568528673245879e+01,0.000000000000000000e+00,0.000000000000000000e+00
3.329574924149956416e+01,0.000000000000000000e+00,0.000000000000000000e+00
3.235224968795117206e+01,0.000000000000000000e+00,0.000000000000000000e+00
3.280745227332327829e+01,0.000000000000000000e+00,0.000000000000000000e+00
3.102487120095633344e+01,0.000000000000000000e+00,0.000000000000000000e+00
3.287512822972004756e+01,0.000000000000000000e+00,0.000000000000000000e+00
3.009600620798670079e+01,0.000000000000000000e+00,0.000000000000000000e+00
3.339402169470309900e+01,0.000000000000000000e+00,0.000000000000000000e+00
3.091850047321824846e+01,0.000000000000000000e+00,0.000000000000000000e+00
2.088000199008729396e+01,0.000000000000000000e+00,0.000000000000000000e+00
2.432123008738669157e+01,0.000000000000000000e+00,0.000000000000000000e+00
2.221426348183307198e+01,0.000000000000000000e+00,0.000000000000000000e+00
2.306173973762001239e+01,0.000000000000000000e+00,0.000000000000000000e+00
2.072256469874279006e+01,0.000000000000000000e+00,0.000000000000000000e+00
2.581644557588570876e+01,0.000000000000000000e+00,0.000000000000000000e+00
2.204474791852739912e+01,0.000000000000000000e+00,0.000000000000000000e+00
2.329975975427594648e+01,0.000000000000000000e+00,0.000000000000000000e+00
2.420279611261586084e+01,0.000000000000000000e+00,0.000000000000000000e+00
2.382578801427680304e+01,0.000000000000000000e+00,0.000000000000000000e+00
2.271402184715411465e+01,0.000000000000000000e+00,0.000000000000000000e+00
2.447440289612230302e+01,0.000000000000000000e+00,0.000000000000000000e+00
1.881928868216187922e+01,0.000000000000000000e+00,0.000000000000000000e+00
2.183162148784117917e+01,0.000000000000000000e+00,0.000000000000000000e+00
1.895013146133655724e+01,0.000000000000000000e+00,0.000000000000000000e+00
1.929272459431671649e+01,0.000000000000000000e+00,0.000000000000000000e+00
2.137802029048776475e+01,0.000000000000000000e+00,0.000000000000000000e+00
2.103147422272936851e+01,0.000000000000000000e+00,0.000000000000000000e+00
2.079971515290385398e+01,0.000000000000000000e+00,0.000000000000000000e+00
1.970741257253940404e+01,0.000000000000000000e+00,0.000000000000000000e+00
2.134992460769002420e+01,0.000000000000000000e+00,0.000000000000000000e+00
2.062769808573823482e+01,0.000000000000000000e+00,0.000000000000000000e+00
2.252087088133307091e+01,0.000000000000000000e+00,0.000000000000000000e+00
2.369149408769944998e+01,0.000000000000000000e+00,0.000000000000000000e+00
2.057914054253180680e+01,0.000000000000000000e+00,0.000000000000000000e+00
1.838536231988790703e+01,0.000000000000000000e+00,0.000000000000000000e+00
1.989763957997627841e+01,0.000000000000000000e+00,0.000000000000000000e+00
1.963572497937113681e+01,0.000000000000000000e+00,0.000000000000000000e+00
2.194324060629122641e+01,0.000000000000000000e+00,0.000000000000000000e+00
1.964348150343235488e+01,0.000000000000000000e+00,0.000000000000000000e+00
1.912565483114804721e+01,0.000000000000000000e+00,0.000000000000000000e+00
2.165105305365952049e+01,0.000000000000000000e+00,0.000000000000000000e+00
2.111825421782806345e+01,0.000000000000000000e+00,0.000000000000000000e+00
2.003555998255005477e+01,0.000000000000000000e+00,0.000000000000000000e+00
1.601510084682937674e+01,0.000000000000000000e+00,0.000000000000000000e+00
1.943317128735083799e+01,0.000000000000000000e+00,0.000000000000000000e+00
1.826952601597750103e+01,0.000000000000000000e+00,0.000000000000000000e+00
2.122526123928958697e+01,0.000000000000000000e+00,0.000000000000000000e+00
1.861184487786710307e+01,0.000000000000000000e+00,0.000000000000000000e+00
1.800048466101588929e+01,0.000000000000000000e+00,0.000000000000000000e+00
1.817776548373636558e+01,0.000000000000000000e+00,0.000000000000000000e+00
1.682504097143098676e+01,0.000000000000000000e+00,0.000000000000000000e+00
2.176557879113114424e+01,0.000000000000000000e+00,0.000000000000000000e+00
1.898176535525386655e+01,0.000000000000000000e+00,0.000000000000000000e+00
2.205178083944122491e+01,0.000000000000000000e+00,0.000000000000000000e+00
1.928994590474242088e+01,0.000000000000000000e+00,0.000000000000000000e+00
1.964165151111425800e+01,0.000000000000000000e+00,0.000000000000000000e+00
1.789575771379657354e+01,0.000000000000000000e+00,0.000000000000000000e+00
2.211335434586656490e+01,0.000000000000000000e+00,0.000000000000000000e+00
2.326835763349843944e+01,0.000000000000000000e+00,0.000000000000000000e+00
1.655586117488578424e+01,0.000000000000000000e+00,0.000000000000000000e+00
2.160030040086704162e+01,0.000000000000000000e+00,0.000000000000000000e+00
1.930843917699135304e+01,0.000000000000000000e+00,0.000000000000000000e+00
1.810259505968752336e+01,0.000000000000000000e+00,0.000000000000000000e+00
2.214359646491423206e+01,0.000000000000000000e+00,0.000000000000000000e+00
1.791632275686046327e+01,0.000000000000000000e+00,0.000000000000000000e+00
1.919202185458777876e+01,0.000000000000000000e+00,0.000000000000000000e+00
1.908926766388823637e+01,0.000000000000000000e+00,0.000000000000000000e+00
2.108779575623488256e+01,0.000000000000000000e+00,0.000000000000000000e+00
1.754999837435023835e+01,0.000000000000000000e+00,0.000000000000000000e+00
1.666670731616288492e+01,0.000000000000000000e+00,0.000000000000000000e+00
1.983885957629341235e+01,0.000000000000000000e+00,0.000000000000000000e+00
2.160721823304319145e+01,0.000000000000000000e+00,0.000000000000000000e+00
2.320700477060552558e+01,0.000000000000000000e+00,0.000000000000000000e+00
2.088773622174267430e+01,0.000000000000000000e+00,0.000000000000000000e+00
1.957338474380577864e+01,0.000000000000000000e+00,0.000000000000000000e+00
2.148142844291832887e+01,0.000000000000000000e+00,0.000000000000000000e+00
1.813052372698663461e+01,0.000000000000000000e+00,0.000000000000000000e+00
2.300971818810443992e+01,0.000000000000000000e+00,0.000000000000000000e+00
1.895147682150400215e+01,0.000000000000000000e+00,0.000000000000000000e+00
1.840342847527060854e+01,0.000000000000000000e+00,0.000000000000000000e+00
1.811948889355081960e+01,0.000000000000000000e+00,0.000000000000000000e+00
2.370879581345600684e+01,0.000000000000000000e+00,0.000000000000000000e+00
1.936042808312859265e+01,0.000000000000000000e+00,0.000000000000000000e+00
2.161797586677266025e+01,0.000000000000000000e+00,0.000000000000000000e+00
2.359304513196805786e+01,0.000000000000000000e+00,0.000000000000000000e+00
2.021832606605627092e+01,0.000000000000000000e+00,0.000000000000000000e+00
1.843930379091910154e+01,0.000000000000000000e+00,0.000000000000000000e+00
2.060568815200972281e+01,0.000000000000000000e+00,0.000000000000000000e+00
1.808815133512397466e+01,0.000000000000000000e+00,0.000000000000000000e+00
2.285873386161433984e+01,0.000000000000000000e+00,0.000000000000000000e+00
1.565838070746704602e+01,0.000000000000000000e+00,0.000000000000000000e+00
2.157639870266003257e+01,0.000000000000000000e+00,0.000000000000000000e+00
2.184704512375015639e+01,0.000000000000000000e+00,0.000000000000000000e+00
1.839858639745517976e+01,0.000000000000000000e+00,0.000000000000000000e+00
1.879675305267535634e+01,0.000000000000000000e+00,0.000000000000000000e+00
1.918364720190487915e+01,0.000000000000000000e+00,0.000000000000000000e+00
2.203236760523013160e+01,0.000000000000000000e+00,0.000000000000000000e+00
1.734124694278293788e+01,0.000000000000000000e+00,0.000000000000000000e+00
2.513550378573949473e+01,0.000000000000000000e+00,0.000000000000000000e+00
1.851961149932632722e+01,0.000000000000000000e+00,0.000000000000000000e+00
2.166582366063801501e+01,0.000000000000000000e+00,0.000000000000000000e+00
2.223068584883790777e+01,0.000000000000000000e+00,0.000000000000000000e+00
1.988087368172922353e+01,0.000000000000000000e+00,0.000000000000000000e+00
2.059452107258796616e+01,0.000000000000000000e+00,0.000000000000000000e+00
1.967364859102391961e+01,0.000000000000000000e+00,0.000000000000000000e+00
2.105161603268487980e+01,0.000000000000000000e+00,0.000000000000000000e+00
1.889564948866068050e+01,0.000000000000000000e+00,0.000000000000000000e+00
1.751121990350900859e+01,0.000000000000000000e+00,0.000000000000000000e+00
2.080611581597012716e+01,0.000000000000000000e+00,0.000000000000000000e+00
1.524300860174967198e+01,0.000000000000000000e+00,0.000000000000000000e+00
2.067427432128560838e+01,0.000000000000000000e+00,0.000000000000000000e+00
1.985600400288781486e+01,0.000000000000000000e+00,0.000000000000000000e+00
1.930366455796465530e+01,0.000000000000000000e+00,0.000000000000000000e+00
1.898428720466915465e+01,0.000000000000000000e+00,0.000000000000000000e+00
2.078690733833352056e+01,0.000000000000000000e+00,0.000000000000000000e+00
1.893049218077550222e+01,0.000000000000000000e+00,0.000000000000000000e+00
2.003220713323023716e+01,0.000000000000000000e+00,0.000000000000000000e+00
2.022335479944292302e+01,0.000000000000000000e+00,0.000000000000000000e+00
1.859979861457409456e+01,0.000000000000000000e+00,0.000000000000000000e+00
2.213121722419623083e+01,0.000000000000000000e+00,0.000000000000000000e+00
1.875239077025548440e+01,0.000000000000000000e+00,0.000000000000000000e+00
1.940920922995064757e+01,0.000000000000000000e+00,0.000000000000000000e+00
2.313140734787031860e+01,0.000000000000000000e+00,0.000000000000000000e+00
2.001792152960305415e+01,0.000000000000000000e+00,0.000000000000000000e+00
1.935211904005672423e+01,0.000000000000000000e+00,0.000000000000000000e+00
2.086538248294916542e+01,0.000000000000000000e+00,0.000000000000000000e+00
1.907318984071282486e+01,0.000000000000000000e+00,0.000000000000000000e+00
1.812055527972863800e+01,0.000000000000000000e+00,0.000000000000000000e+00
2.004955790390165404e+01,0.000000000000000000e+00,0.000000000000000000e+00
2.170247302375378240e+01,0.000000000000000000e+00,0.000000000000000000e+00
2.254105356805548155e+01,0.000000000000000000e+00,0.000000000000000000e+00
1.781520848967192450e+01,0.000000000000000000e+00,0.000000000000000000e+00
1.966263529523835629e+01,0.000000000000000000e+00,0.000000000000000000e+00
2.053550518916183876e+01,0.000000000000000000e+00,0.000000000000000000e+00
1.901677797060497355e+01,0.000000000000000000e+00,0.000000000000000000e+00
2.071060940798059136e+01,0.000000000000000000e+00,0.000000000000000000e+00
1.714452881686419516e+01,0.000000000000000000e+00,0.000000000000000000e+00
1.800681751495963923e+01,0.000000000000000000e+00,0.000000000000000000e+00
2.351173875623525333e+01,0.000000000000000000e+00,0.000000000000000000e+00
1.961405086923200614e+01,0.000000000000000000e+00,0.000000000000000000e+00
2.199684065673928757e+01,0.000000000000000000e+00,0.000000000000000000e+00
1.944401364258933995e+01,0.000000000000000000e+00,0.000000000000000000e+00
1.861205964183914219e+01,0.000000000000000000e+00,0.000000000000000000e+00
1.817012614042208796e+01,0.000000000000000000e+00,0.000000000000000000e+00
1.841903449240352941e+01,0.000000000000000000e+00,0.000000000000000000e+00
1.819401639535826121e+01,0.000000000000000000e+00,0.000000000000000000e+00
2.543565423851615748e+01,0.000000000000000000e+00,0.000000000000000000e+00
1.996912796106700583e+01,0.000000000000000000e+00,0.000000000000000000e+00
2.149687734028105623e+01,0.000000000000000000e+00,0.000000000000000000e+00
1.909607081285387409e+01,0.000000000000000000e+00,0.000000000000000000e+00
2.210980664212629421e+01,0.000000000000000000e+00,0.000000000000000000e+00
1.825650002680706407e+01,0.000000000000000000e+00,0.000000000000000000e+00
1.892388205600926199e+01,0.000000000000000000e+00,0.000000000000000000e+00
1.994398785704539989e+01,0.000000000000000000e+00,0.000000000000000000e+00
1.726371813832492563e+01,0.000000000000000000e+00,0.000000000000000000e+00
2.395982485971539333e+01,0.000000000000000000e+00,0.000000000000000000e+00
2.012482643860148102e+01,0.000000000000000000e+00,0.000000000000000000e+00
1.886148488836348491e+01,0.000000000000000000e+00,0.000000000000000000e+00
1.989294641858710122e+01,0.000000000000000000e+00,0.000000000000000000e+00
1.590199170318758171e+01,0.000000000000000000e+00,0.000000000000000000e+00
1.929833710999580632e+01,0.000000000000000000e+00,0.000000000000000000e+00
2.127758316218922374e+01,0.000000000000000000e+00,0.000000000000000000e+00
2.408462058006027462e+01,0.000000000000000000e+00,0.000000000000000000e+00
1.966278769733344234e+01,0.000000000000000000e+00,0.000000000000000000e+00
1.918134910933529724e+01,0.000000000000000000e+00,0.000000000000000000e+00
2.103554065169038978e+01,0.000000000000000000e+00,0.000000000000000000e+00
1.829846784290009865e+01,0.000000000000000000e+00,0.000000000000000000e+00
1.979615926249489988e+01,0.000000000000000000e+00,0.000000000000000000e+00
1.497326307743751173e+01,0.000000000000000000e+00,0.000000000000000000e+00
2.078113988432395942e+01,0.000000000000000000e+00,0.000000000000000000e+00
1.846822342914108006e+01,0.000000000000000000e+00,0.000000000000000000e+00
2.176082524818249198e+01,0.000000000000000000e+00,0.000000000000000000e+00
2.005967239171649297e+01,0.000000000000000000e+00,0.000000000000000000e+00
1.873108926459962476e+01,0.000000000000000000e+00,0.000000000000000000e+00
1.913112565184688663e+01,0.000000000000000000e+00,0.000000000000000000e+00
2.050705253597760347e+01,0.000000000000000000e+00,0.000000000000000000e+00
1.936724886556327974e+01,0.000000000000000000e+00,0.000000000000000000e+00
6.696336323905696020e+01,0.000000000000000000e+00,0.000000000000000000e+00
6.800139049607439290e+01,0.000000000000000000e+00,0.000000000000000000e+00
6.444324380706532907e+01,0.000000000000000000e+00,0.000000000000000000e+00
6.856626238584254907e+01,0.000000000000000000e+00,0.000000000000000000e+00
7.066391326889987567e+01,0.000000000000000000e+00,0.000000000000000000e+00
6.726965363400644549e+01,0.000000000000000000e+00,0.000000000000000000e+00
7.046208452447027071e+01,0.000000000000000000e+00,0.000000000000000000e+00
6.994745344781449603e+01,0.000000000000000000e+00,0.000000000000000000e+00
6.460069561976844454e+01,0.000000000000000000e+00,0.000000000000000000e+00
6.766361462889436496e+01,0.000000000000000000e+00,0.000000000000000000e+00
6.841571203082291674e+01,0.000000000000000000e+00,0.000000000000000000e+00
6.687691241211231841e+01,0.000000000000000000e+00,0.000000000000000000e+00
7.519872741494629054e+01,0.000000000000000000e+00,0.000000000000000000e+00
7.559726678644689457e+01,0.000000000000000000e+00,0.000000000000000000e+00
7.748628740067150034e+01,0.000000000000000000e+00,0.000000000000000000e+00
7.779670492377550772e+01,0.000000000000000000e+00,0.000000000000000000e+00
7.676620462621659158e+01,0.000000000000000000e+00,0.000000000000000000e+00
7.934124039509798365e+01,0.000000000000000000e+00,0.000000000000000000e+00
7.812491867127967282e+01,0.000000000000000000e+00,0.000000000000000000e+00
7.676795688004250451e+01,0.000000000000000000e+00,0.000000000000000000e+00
7.651970946411341856e+01,0.000000000000000000e+00,0.000000000000000000e+00
7.812932722018217646e+01,0.000000000000000000e+00,0.000000000000000000e+00
7.794057532392355370e+01,0.000000000000000000e+00,0.000000000000000000e+00
7.772153601851950100e+01,0.000000000000000000e+00,0.000000000000000000e+00
8.143110700327648033e+01,0.000000000000000000e+00,0.000000000000000000e+00
8.095133344437488176e+01,0.000000000000000000e+00,0.000000000000000000e+00
8.094077360949918898e+01,0.000000000000000000e+00,0.000000000000000000e+00
7.569293348866720805e+01,0.000000000000000000e+00,0.000000000000000000e+00
8.209173203599974045e+01,0.000000000000000000e+00,0.000000000000000000e+00
7.810695749361106266e+01,0.000000000000000000e+00,0.000000000000000000e+00
7.701695858181710719e+01,0.000000000000000000e+00,0.000000000000000000e+00
8.353827466134852386e+01,0.000000000000000000e+00,0.000000000000000000e+00
7.537820604872580077e+01,0.000000000000000000e+00,0.000000000000000000e+00
8.330163223878393808e+01,0.000000000000000000e+00,0.000000000000000000e+00
8.288282698608530552e+01,0.000000000000000000e+00,0.000000000000000000e+00
8.003720617592129827e+01,0.000000000000000000e+00,0.000000000000000000e+00
7.895998740519429759e+01,0.000000000000000000e+00,0.000000000000000000e+00
7.794538098185053343e+01,0.000000000000000000e+00,0.000000000000000000e+00
7.646082120036354013e+01,0.000000000000000000e+00,0.000000000000000000e+00
7.816048428639123813e+01,0.000000000000000000e+00,0.000000000000000000e+00
8.163428215204255878e+01,0.000000000000000000e+00,0.000000000000000000e+00
7.633553978481153024e+01,0.000000000000000000e+00,0.000000000000000000e+00
8.091052617330835517e+01,0.000000000000000000e+00,0.000000000000000000e+00
8.286142154233017720e+01,0.000000000000000000e+00,0.000000000000000000e+00
8.104920743832602170e+01,0.000000000000000000e+00,0.000000000000000000e+00
8.163463666396985730e+01,0.000000000000000000e+00,0.000000000000000000e+00
8.347997595403130333e+01,0.000000000000000000e+00,0.000000000000000000e+00
8.103734102281087814e+01,0.000000000000000000e+00,0.000000000000000000e+00
8.453874216735002278e+01,0.000000000000000000e+00,0.000000000000000000e+00
8.083184138264324758e+01,0.000000000000000000e+00,0.000000000000000000e+00
8.035954331107890880e+01,0.000000000000000000e+00,0.000000000000000000e+00
7.997656893397204669e+01,0.000000000000000000e+00,0.000000000000000000e+00
7.531554418847453292e+01,0.000000000000000000e+00,0.000000000000000000e+00
7.936820890833537590e+01,0.000000000000000000e+00,0.000000000000000000e+00
8.031819251835560181e+01,0.000000000000000000e+00,0.000000000000000000e+00
8.100485544993605913e+01,0.000000000000000000e+00,0.000000000000000000e+00
7.926951761310797906e+01,0.000000000000000000e+00,0.000000000000000000e+00
8.240197779557247770e+01,0.000000000000000000e+00,0.000000000000000000e+00
8.181546361391129096e+01,0.000000000000000000e+00,0.000000000000000000e+00
8.139162967654984016e+01,0.000000000000000000e+00,0.000000000000000000e+00
8.049924353588677661e+01,0.000000000000000000e+00,0.000000000000000000e+00
7.709430289413266735e+01,0.000000000000000000e+00,0.000000000000000000e+00
7.773826644073288605e+01,0.000000000000000000e+00,0.000000000000000000e+00
7.839967814722183448e+01,0.000000000000000000e+00,0.000000000000000000e+00
8.349065364084944463e+01,0.000000000000000000e+00,0.000000000000000000e+00
7.965031424529742310e+01,0.000000000000000000e+00,0.000000000000000000e+00
7.718207682505763501e+01,0.000000000000000000e+00,0.000000000000000000e+00
8.041331171534928046e+01,0.000000000000000000e+00,0.000000000000000000e+00
8.134426336072381503e+01,0.000000000000000000e+00,0.000000000000000000e+00
7.910625790338413310e+01,0.000000000000000000e+00,0.000000000000000000e+00
7.902541271733088024e+01,0.000000000000000000e+00,0.000000000000000000e+00
8.259915202572338444e+01,0.000000000000000000e+00,0.000000000000000000e+00
8.101206887304738302e+01,0.000000000000000000e+00,0.000000000000000000e+00
7.862034102812164349e+01,0.000000000000000000e+00,0.000000000000000000e+00
8.348991738636451032e+01,0.000000000000000000e+00,0.000000000000000000e+00
8.068696898613757185e+01,0.000000000000000000e+00,0.000000000000000000e+00
7.881423316967284620e+01,0.000000000000000000e+00,0.000000000000000000e+00
7.945243152656703955e+01,0.000000000000000000e+00,0.000000000000000000e+00
7.530957843642154614e+01,0.000000000000000000e+00,0.000000000000000000e+00
7.913354650413202762e+01,0.000000000000000000e+00,0.000000000000000000e+00
8.210241063764333092e+01,0.000000000000000000e+00,0.000000000000000000e+00
8.198779724371070188e+01,0.000000000000000000e+00,0.000000000000000000e+00
8.086990760525142719e+01,0.000000000000000000e+00,0.000000000000000000e+00
7.872409862498612654e+01,0.000000000000000000e+00,0.000000000000000000e+00
8.082595044293618969e+01,0.000000000000000000e+00,0.000000000000000000e+00
8.368049950170896523e+01,0.000000000000000000e+00,0.000000000000000000e+00
8.376011949429498316e+01,0.000000000000000000e+00,0.000000000000000000e+00
7.875644431545438806e+01,0.000000000000000000e+00,0.000000000000000000e+00
8.105604934347545054e+01,0.000000000000000000e+00,0.000000000000000000e+00
8.181820222249774588e+01,0.000000000000000000e+00,0.000000000000000000e+00
7.992360149927262114e+01,0.000000000000000000e+00,0.000000000000000000e+00
8.145997484299891767e+01,0.000000000000000000e+00,0.000000000000000000e+00
8.098994243613084620e+01,0.000000000000000000e+00,0.000000000000000000e+00
7.978628946791563692e+01,0.000000000000000000e+00,0.000000000000000000e+00
7.996343096567950681e+01,0.000000000000000000e+00,0.000000000000000000e+00
7.924753737846725699e+01,0.000000000000000000e+00,0.000000000000000000e+00
8.028232302024659361e+01,0.000000000000000000e+00,0.000000000000000000e+00
7.642981428494321960e+01,0.000000000000000000e+00,0.000000000000000000e+00
8.108453860772389987e+01,0.000000000000000000e+00,0.000000000000000000e+00
8.203954566757543887e+01,0.000000000000000000e+00,0.000000000000000000e+00
8.267117432414144673e+01,0.000000000000000000e+00,0.000000000000000000e+00
7.655662142957456240e+01,0.000000000000000000e+00,0.000000000000000000e+00
7.929165838826064316e+01,0.000000000000000000e+00,0.000000000000000000e+00
7.822466402525904527e+01,0.000000000000000000e+00,0.000000000000000000e+00
7.912399831938820682e+01,0.000000000000000000e+00,0.000000000000000000e+00
8.297126801472221302e+01,0.000000000000000000e+00,0.000000000000000000e+00
7.922113483517259169e+01,0.000000000000000000e+00,0.000000000000000000e+00
8.204837071133442805e+01,0.000000000000000000e+00,0.000000000000000000e+00
3.221268669970837806e+01,0.000000000000000000e+00,0.000000000000000000e+00
3.189807849792626371e+01,0.000000000000000000e+00,0.000000000000000000e+00
2.979601495998264582e+01,0.000000000000000000e+00,0.000000000000000000e+00
3.129073020435674835e+01,0.000000000000000000e+00,0.000000000000000000e+00
3.383558021859408171e+01,0.000000000000000000e+00,0.000000000000000000e+00
3.458289156622910809e+01,0.000000000000000000e+00,0.000000000000000000e+00
3.004056203000514813e+01,0.000000000000000000e+00,0.000000000000000000e+00
3.096368757932792093e+01,0.000000000000000000e+00,0.000000000000000000e+00
3.720958463419095352e+01,0.000000000000000000e+00,0.000000000000000000e+00
3.301785724806678957e+01,0.000000000000000000e+00,0.000000000000000000e+00
3.263682182412149047e+01,0.000000000000000000e+00,0.000000000000000000e+00
3.202545232743728576e+01,0.000000000000000000e+00,0.000000000000000000e+00
2.220601425401892115e+01,0.000000000000000000e+00,0.000000000000000000e+00
2.074991288890499419e+01,0.000000000000000000e+00,0.000000000000000000e+00
2.272961770009973037e+01,0.000000000000000000e+00,0.000000000000000000e+00
2.649070893705613727e+01,0.000000000000000000e+00,0.000000000000000000e+00
1.815939251008984456e+01,0.000000000000000000e+00,0.000000000000000000e+00
2.220186546266227268e+01,0.000000000000000000e+00,0.000000000000000000e+00
2.172918453421569041e+01,0.000000000000000000e+00,0.000000000000000000e+00
2.057250998452570911e+01,0.000000000000000000e+00,0.000000000000000000e+00
2.408747678566529871e+01,0.000000000000000000e+00,0.000000000000000000e+00
2.324027304612612710e+01,0.000000000000000000e+00,0.000000000000000000e+00
2.184873240517292103e+01,0.000000000000000000e+00,0.000000000000000000e+00
2.307875340001941211e+01,0.000000000000000000e+00,0.000000000000000000e+00
2.060860381400930308e+01,0.000000000000000000e+00,0.000000000000000000e+00
2.131211141088949290e+01,0.000000000000000000e+00,0.000000000000000000e+00
2.269123442639181221e+01,0.000000000000000000e+00,0.000000000000000000e+00
2.082382261534133150e+01,0.000000000000000000e+00,0.000000000000000000e+00
2.076761548368459032e+01,0.000000000000000000e+00,0.000000000000000000e+00
2.262696401347382391e+01,0.000000000000000000e+00,0.000000000000000000e+00
2.099087323055732668e+01,0.000000000000000000e+00,0.000000000000000000e+00
2.006952669045711346e+01,0.000000000000000000e+00,0.000000000000000000e+00
2.007563937904108897e+01,0.000000000000000000e+00,0.000000000000000000e+00
2.044236019583521369e+01,0.000000000000000000e+00,0.000000000000000000e+00
2.227719508378689639e+01,0.000000000000000000e+00,0.000000000000000000e+00
2.022268446347618109e+01,0.000000000000000000e+00,0.000000000000000000e+00
1.976411263876157065e+01,0.000000000000000000e+00,0.000000000000000000e+00
1.798847755422955430e+01,0.000000000000000000e+00,0.000000000000000000e+00
2.250643851850934851e+01,0.000000000000000000e+00,0.000000000000000000e+00
2.025860294202036727e+01,0.000000000000000000e+00,0.000000000000000000e+00
2.076268200919168905e+01,0.000000000000000000e+00,0.000000000000000000e+00
2.169805075163123220e+01,0.000000000000000000e+00,0.000000000000000000e+00
1.761855299003649122e+01,0.000000000000000000e+00,0.000000000000000000e+00
2.089460986352396077e+01,0.000000000000000000e+00,0.000000000000000000e+00
2.383474838013325936e+01,0.000000000000000000e+00,0.000000000000000000e+00
1.915556853417087169e+01,0.000000000000000000e+00,0.000000000000000000e+00
1.890642256804298427e+01,0.000000000000000000e+00,0.000000000000000000e+00
2.288063780668166203e+01,0.000000000000000000e+00,0.000000000000000000e+00
1.649985263687866777e+01,0.000000000000000000e+00,0.000000000000000000e+00
2.159547815901852275e+01,0.000000000000000000e+00,0.000000000000000000e+00
1.820674172947811797e+01,0.000000000000000000e+00,0.000000000000000000e+00
2.139497863590498383e+01,0.000000000000000000e+00,0.000000000000000000e+00
2.085411660564389535e+01,0.000000000000000000e+00,0.000000000000000000e+00
2.023209560684693642e+01,0.000000000000000000e+00,0.000000000000000000e+00
2.308373224360240528e+01,0.000000000000000000e+00,0.000000000000000000e+00
1.947262102496977576e+01,0.000000000000000000e+00,0.000000000000000000e+00
1.875617957749548381e+01,0.000000000000000000e+00,0.000000000000000000e+00
1.706714741703790494e+01,0.000000000000000000e+00,0.000000000000000000e+00
1.771234946749050465e+01,0.000000000000000000e+00,0.000000000000000000e+00
2.109523036170059029e+01,0.000000000000000000e+00,0.000000000000000000e+00
2.306540683101018985e+01,0.000000000000000000e+00,0.000000000000000000e+00
2.142626659366648312e+01,0.000000000000000000e+00,0.000000000000000000e+00
1.886451252102176213e+01,0.000000000000000000e+00,0.000000000000000000e+00
1.910922894972772923e+01,0.000000000000000000e+00,0.000000000000000000e+00
2.033742927165447867e+01,0.000000000000000000e+00,0.000000000000000000e+00
1.869550262741127256e+01,0.000000000000000000e+00,0.000000000000000000e+00
1.989673556533345078e+01,0.000000000000000000e+00,0.000000000000000000e+00
2.075705706467202916e+01,0.000000000000000000e+00,0.000000000000000000e+00
2.044539462140984654e+01,0.000000000000000000e+00,0.000000000000000000e+00
1.893924760021410947e+01,0.000000000000000000e+00,0.000000000000000000e+00
1.931430179726012852e+01,0.000000000000000000e+00,0.000000000000000000e+00
2.025358665596557728e+01,0.000000000000000000e+00,0.000000000000000000e+00
1.931544404400716530e+01,0.000000000000000000e+00,0.000000000000000000e+00
2.370564465048864733e+01,0.000000000000000000e+00,0.000000000000000000e+00
1.753467980386511016e+01,0.000000000000000000e+00,0.000000000000000000e+00
1.967320365079843469e+01,0.000000000000000000e+00,0.000000000000000000e+00
2.094708969291742306e+01,0.000000000000000000e+00,0.000000000000000000e+00
2.115516185418691819e+01,0.000000000000000000e+00,0.000000000000000000e+00
1.868776043383626373e+01,0.000000000000000000e+00,0.000000000000000000e+00
2.016494831826384626e+01,0.000000000000000000e+00,0.000000000000000000e+00
2.083907388263451210e+01,0.000000000000000000e+00,0.000000000000000000e+00
2.047762187624880426e+01,0.000000000000000000e+00,0.000000000000000000e+00
2.112380027713644637e+01,0.000000000000000000e+00,0.000000000000000000e+00
1.980098491979277497e+01,0.000000000000000000e+00,0.000000000000000000e+00
2.118291298114048615e+01,0.000000000000000000e+00,0.000000000000000000e+00
1.930696037220640093e+01,0.000000000000000000e+00,0.000000000000000000e+00
2.230604240250066539e+01,0.000000000000000000e+00,0.000000000000000000e+00
2.213011057502401968e+01,0.000000000000000000e+00,0.000000000000000000e+00
1.950434662386967588e+01,0.000000000000000000e+00,0.000000000000000000e+00
2.062357029893024318e+01,0.000000000000000000e+00,0.000000000000000000e+00
2.264411570913320659e+01,0.000000000000000000e+00,0.000000000000000000e+00
1.994440821011578890e+01,0.000000000000000000e+00,0.000000000000000000e+00
2.008368765773406039e+01,0.000000000000000000e+00,0.000000000000000000e+00
1.813672385711770829e+01,0.000000000000000000e+00,0.000000000000000000e+00
2.362891940075869712e+01,0.000000000000000000e+00,0.000000000000000000e+00
1.840058041800473632e+01,0.000000000000000000e+00,0.000000000000000000e+00
1.849505448894321802e+01,0.000000000000000000e+00,0.000000000000000000e+00
2.263801435430622533e+01,0.000000000000000000e+00,0.000000000000000000e+00
2.193147938302858435e+01,0.000000000000000000e+00,0.000000000000000000e+00
2.100039350465236510e+01,0.000000000000000000e+00,0.000000000000000000e+00
1.975602191723590906e+01,0.000000000000000000e+00,0.000000000000000000e+00
2.025403575712682169e+01,0.000000000000000000e+00,0.000000000000000000e+00
2.134385877728773906e+01,0.000000000000000000e+00,0.000000000000000000e+00
1.998134252717412807e+01,0.000000000000000000e+00,0.000000000000000000e+00
2.162866465047364528e+01,0.000000000000000000e+00,0.000000000000000000e+00
1.581497884500540607e+01,0.000000000000000000e+00,0.000000000000000000e+00
1.976096331456020394e+01,0.000000000000000000e+00,0.000000000000000000e+00
1.955650982931885551e+01,0.000000000000000000e+00,0.000000000000000000e+00
2.058946261862734772e+01,0.000000000000000000e+00,0.000000000000000000e+00
1.911948484876392129e+01,0.000000000000000000e+00,0.000000000000000000e+00
1.815659723069581943e+01,0.000000000000000000e+00,0.000000000000000000e+00
2.110730029145136655e+01,0.000000000000000000e+00,0.000000000000000000e+00
2.129331001847035765e+01,0.000000000000000000e+00,0.000000000000000000e+00
2.107880103800989957e+01,0.000000000000000000e+00,0.000000000000000000e+00
2.133223067902069303e+01,0.000000000000000000e+00,0.000000000000000000e+00
2.023579973066261672e+01,0.000000000000000000e+00,0.000000000000000000e+00
1.890964432114961369e+01,0.000000000000000000e+00,0.000000000000000000e+00
2.086266680847440824e+01,0.000000000000000000e+00,0.000000000000000000e+00
1.937089389051628530e+01,0.000000000000000000e+00,0.000000000000000000e+00
1.971175796505587030e+01,0.000000000000000000e+00,0.000000000000000000e+00
2.016514387817942122e+01,0.000000000000000000e+00,0.000000000000000000e+00
2.369360727062023031e+01,0.000000000000000000e+00,0.000000000000000000e+00
2.089460480336593662e+01,0.000000000000000000e+00,0.000000000000000000e+00
2.001965346102383592e+01,0.000000000000000000e+00,0.000000000000000000e+00
2.003719228000849384e+01,0.000000000000000000e+00,0.000000000000000000e+00
2.020650939177711791e+01,0.000000000000000000e+00,0.000000000000000000e+00
1.926966128240992049e+01,0.000000000000000000e+00,0.000000000000000000e+00
2.279049250648432690e+01,0.000000000000000000e+00,0.000000000000000000e+00
1.507541438101573661e+01,0.000000000000000000e+00,0.000000000000000000e+00
2.353278049140125106e+01,0.000000000000000000e+00,0.000000000000000000e+00
1.964945459342715850e+01,0.000000000000000000e+00,0.000000000000000000e+00
1.774388095868199855e+01,0.000000000000000000e+00,0.000000000000000000e+00
1.979705890893849585e+01,0.000000000000000000e+00,0.000000000000000000e+00
1.653463552901870059e+01,0.000000000000000000e+00,0.000000000000000000e+00
1.571853021434444742e+01,0.000000000000000000e+00,0.000000000000000000e+00
1.971066230298798061e+01,0.000000000000000000e+00,0.000000000000000000e+00
1.974545207048535289e+01,0.000000000000000000e+00,0.000000000000000000e+00
1.925066060329454842e+01,0.000000000000000000e+00,0.000000000000000000e+00
1.881335819720331415e+01,0.000000000000000000e+00,0.000000000000000000e+00
1.766673929257899900e+01,0.000000000000000000e+00,0.000000000000000000e+00
1.743605275059365312e+01,0.000000000000000000e+00,0.000000000000000000e+00
1.995775618254987549e+01,0.000000000000000000e+00,0.000000000000000000e+00
2.277797053095313018e+01,0.000000000000000000e+00,0.000000000000000000e+00
1.874584182033932223e+01,0.000000000000000000e+00,0.000000000000000000e+00
2.498150364751343488e+01,0.000000000000000000e+00,0.000000000000000000e+00
1.831288988205158574e+01,0.000000000000000000e+00,0.000000000000000000e+00
1.888168988790254232e+01,0.000000000000000000e+00,0.000000000000000000e+00
1.866816241889084793e+01,0.000000000000000000e+00,0.000000000000000000e+00
1.915536354346721382e+01,0.000000000000000000e+00,0.000000000000000000e+00
2.055427995170607858e+01,0.000000000000000000e+00,0.000000000000000000e+00
1.953083920428522902e+01,0.000000000000000000e+00,0.000000000000000000e+00
1.684355270878571531e+01,0.000000000000000000e+00,0.000000000000000000e+00
1.951299440998582213e+01,0.000000000000000000e+00,0.000000000000000000e+00
1.857050582662148486e+01,0.000000000000000000e+00,0.000000000000000000e+00
2.091936112713967333e+01,0.000000000000000000e+00,0.000000000000000000e+00
1.841863899551857742e+01,0.000000000000000000e+00,0.000000000000000000e+00
1.866122040231691059e+01,0.000000000000000000e+00,0.000000000000000000e+00
2.124760661285656127e+01,0.000000000000000000e+00,0.000000000000000000e+00
1.838655726775376920e+01,0.000000000000000000e+00,0.000000000000000000e+00
1.694170660226481928e+01,0.000000000000000000e+00,0.000000000000000000e+00
2.048340638354796894e+01,0.000000000000000000e+00,0.000000000000000000e+00
1.895872231626274385e+01,0.000000000000000000e+00,0.000000000000000000e+00
2.248763408223903326e+01,0.000000000000000000e+00,0.000000000000000000e+00
1.885373143858037892e+01,0.000000000000000000e+00,0.000000000000000000e+00
1.840643312611569726e+01,0.000000000000000000e+00,0.000000000000000000e+00
2.152063092374181608e+01,0.000000000000000000e+00,0.000000000000000000e+00
2.018541873072690862e+01,0.000000000000000000e+00,0.000000000000000000e+00
1.711223834308593439e+01,0.000000000000000000e+00,0.000000000000000000e+00
2.227081448706929834e+01,0.000000000000000000e+00,0.000000000000000000e+00
1.801999990465209578e+01,0.000000000000000000e+00,0.000000000000000000e+00
2.174877512367345034e+01,0.000000000000000000e+00,0.000000000000000000e+00
2.263472436109566388e+01,0.000000000000000000e+00,0.000000000000000000e+00
2.376647681890996822e+01,0.000000000000000000e+00,0.000000000000000000e+00
2.193254180575159040e+01,0.000000000000000000e+00,0.000000000000000000e+00
1.607395533049680836e+01,0.000000000000000000e+00,0.000000000000000000e+00
1.815170048724412766e+01,0.000000000000000000e+00,0.000000000000000000e+00
2.143604881291511788e+01,0.000000000000000000e+00,0.000000000000000000e+00
2.193472939443585545e+01,0.000000000000000000e+00,0.000000000000000000e+00
1.917461248437395582e+01,0.000000000000000000e+00,0.000000000000000000e+00
1.942025140972592823e+01,0.000000000000000000e+00,0.000000000000000000e+00
6.659057337715880465e+01,0.000000000000000000e+00,0.000000000000000000e+00
6.862614115013343508e+01,0.000000000000000000e+00,0.000000000000000000e+00
6.563695073963643267e+01,0.000000000000000000e+00,0.000000000000000000e+00
6.767230804850551351e+01,0.000000000000000000e+00,0.000000000000000000e+00
6.673880219640487610e+01,0.000000000000000000e+00,0.000000000000000000e+00
6.734408839386600221e+01,0.000000000000000000e+00,0.000000000000000000e+00
6.580501956456673440e+01,0.000000000000000000e+00,0.000000000000000000e+00
6.791783559378083623e+01,0.000000000000000000e+00,0.000000000000000000e+00
7.061565289600348194e+01,0.000000000000000000e+00,0.000000000000000000e+00
6.848336872595841385e+01,0.000000000000000000e+00,0.000000000000000000e+00
6.957294024295183021e+01,0.000000000000000000e+00,0.000000000000000000e+00
7.251397501831510795e+01,0.000000000000000000e+00,0.000000000000000000e+00
7.467951707380565551e+01,0.000000000000000000e+00,0.000000000000000000e+00
7.700349368238960324e+01,0.000000000000000000e+00,0.000000000000000000e+00
8.107343999834286308e+01,0.000000000000000000e+00,0.000000000000000000e+00
7.712784933706349477e+01,0.000000000000000000e+00,0.000000000000000000e+00
7.918987420651133391e+01,0.000000000000000000e+00,0.000000000000000000e+00
7.850133354052510981e+01,0.000000000000000000e+00,0.000000000000000000e+00
7.524656041559518371e+01,0.000000000000000000e+00,0.000000000000000000e+00
7.854425176456817326e+01,0.000000000000000000e+00,0.000000000000000000e+00
7.742076979431972461e+01,0.000000000000000000e+00,0.000000000000000000e+00
7.466455894722312792e+01,0.000000000000000000e+00,0.000000000000000000e+00
7.680043574688917829e+01,0.000000000000000000e+00,0.000000000000000000e+00
7.622810941987222577e+01,0.000000000000000000e+00,0.000000000000000000e+00
7.976969053098406448e+01,0.000000000000000000e+00,0.000000000000000000e+00
7.923707495708367787e+01,0.000000000000000000e+00,0.000000000000000000e+00
8.005790372450701398e+01,0.000000000000000000e+00,0.000000000000000000e+00
7.861238127300698864e+01,0.000000000000000000e+00,0.000000000000000000e+00
7.864368887721104784e+01,0.000000000000000000e+00,0.000000000000000000e+00
7.572584095204739185e+01,0.000000000000000000e+00,0.000000000000000000e+00
7.802782994426854657e+01,0.000000000000000000e+00,0.000000000000000000e+00
8.120691502428918795e+01,0.000000000000000000e+00,0.000000000000000000e+00
7.813371012880237743e+01,0.000000000000000000e+00,0.000000000000000000e+00
7.885285264046288489e+01,0.000000000000000000e+00,0.000000000000000000e+00
7.930376084095399847e+01,0.000000000000000000e+00,0.000000000000000000e+00
7.970979357535266274e+01,0.000000000000000000e+00,0.000000000000000000e+00
7.748021849434708486e+01,0.000000000000000000e+00,0.000000000000000000e+00
8.062826377620052654e+01,0.000000000000000000e+00,0.000000000000000000e+00
7.845391819535183231e+01,0.000000000000000000e+00,0.000000000000000000e+00
8.211623932986260854e+01,0.000000000000000000e+00,0.000000000000000000e+00
7.692064393740538719e+01,0.000000000000000000e+00,0.000000000000000000e+00
8.259219430619410218e+01,0.000000000000000000e+00,0.000000000000000000e+00
8.071950358727514185e+01,0.000000000000000000e+00,0.000000000000000000e+00
7.905594756443240101e+01,0.000000000000000000e+00,0.000000000000000000e+00
7.809005443234269705e+01,0.000000000000000000e+00,0.000000000000000000e+00
7.977796998315248800e+01,0.000000000000000000e+00,0.000000000000000000e+00
8.290423060425275992e+01,0.000000000000000000e+00,0.000000000000000000e+00
7.675470454377116880e+01,0.000000000000000000e+00,0.000000000000000000e+00
7.647026540618352897e+01,0.000000000000000000e+00,0.000000000000000000e+00
8.249054763174964933e+01,0.000000000000000000e+00,0.000000000000000000e+00
8.503691909990689624e+01,0.000000000000000000e+00,0.000000000000000000e+00
8.327144852891535720e+01,0.000000000000000000e+00,0.000000000000000000e+00
8.089734148646996914e+01,0.000000000000000000e+00,0.000000000000000000e+00
7.809178655041205275e+01,0.000000000000000000e+00,0.000000000000000000e+00
7.940253490360808541e+01,0.000000000000000000e+00,0.000000000000000000e+00
8.197011736934548765e+01,0.000000000000000000e+00,0.000000000000000000e+00
7.925989803764649366e+01,0.000000000000000000e+00,0.000000000000000000e+00
7.774240951400139465e+01,0.000000000000000000e+00,0.000000000000000000e+00
7.862529579826248494e+01,0.000000000000000000e+00,0.000000000000000000e+00
8.043499210061332860e+01,0.000000000000000000e+00,0.000000000000000000e+00
7.872837706515986156e+01,0.000000000000000000e+00,0.000000000000000000e+00
8.375061392997902487e+01,0.000000000000000000e+00,0.000000000000000000e+00
7.851438359029249625e+01,0.000000000000000000e+00,0.000000000000000000e+00
7.816785243419408857e+01,0.000000000000000000e+00,0.000000000000000000e+00
8.006295805139376398e+01,0.000000000000000000e+00,0.000000000000000000e+00
7.803693420990649088e+01,0.000000000000000000e+00,0.000000000000000000e+00
8.087241208258248548e+01,0.000000000000000000e+00,0.000000000000000000e+00
7.719582581307282965e+01,0.000000000000000000e+00,0.000000000000000000e+00
7.764658050515589593e+01,0.000000000000000000e+00,0.000000000000000000e+00
7.672560083605873160e+01,0.000000000000000000e+00,0.000000000000000000e+00
7.837176032793435354e+01,0.000000000000000000e+00,0.000000000000000000e+00
7.808016494123984330e+01,0.000000000000000000e+00,0.000000000000000000e+00
8.150683896298950515e+01,0.000000000000000000e+00,0.000000000000000000e+00
7.974899823154517264e+01,0.000000000000000000e+00,0.000000000000000000e+00
7.717383128938821812e+01,0.000000000000000000e+00,0.000000000000000000e+00
8.123833199161292384e+01,0.000000000000000000e+00,0.000000000000000000e+00
7.965529576690992997e+01,0.000000000000000000e+00,0.000000000000000000e+00
7.915197465416024158e+01,0.000000000000000000e+00,0.000000000000000000e+00
8.149638249719608041e+01,0.000000000000000000e+00,0.000000000000000000e+00
7.992130209207225278e+01,0.000000000000000000e+00,0.000000000000000000e+00
8.043697555579865366e+01,0.000000000000000000e+00,0.000000000000000000e+00
8.253544179596499930e+01,0.000000000000000000e+00,0.000000000000000000e+00
8.107649465589250326e+01,0.000000000000000000e+00,0.000000000000000000e+00
7.805282030692583817e+01,0.000000000000000000e+00,0.000000000000000000e+00
7.888063675632032812e+01,0.000000000000000000e+00,0.000000000000000000e+00
8.010874095514431303e+01,0.000000000000000000e+00,0.000000000000000000e+00
7.727480080960253872e+01,0.000000000000000000e+00,0.000000000000000000e+00
8.119766646256925924e+01,0.000000000000000000e+00,0.000000000000000000e+00
7.882701936003235232e+01,0.000000000000000000e+00,0.000000000000000000e+00
7.996312988482154083e+01,0.000000000000000000e+00,0.000000000000000000e+00
8.000051248050928621e+01,0.000000000000000000e+00,0.000000000000000000e+00
8.016679632304204972e+01,0.000000000000000000e+00,0.000000000000000000e+00
7.913557806909071246e+01,0.000000000000000000e+00,0.000000000000000000e+00
8.232738899795525356e+01,0.000000000000000000e+00,0.000000000000000000e+00
7.909990052352934242e+01,0.000000000000000000e+00,0.000000000000000000e+00
8.201463845239902639e+01,0.000000000000000000e+00,0.000000000000000000e+00
7.791098625601689776e+01,0.000000000000000000e+00,0.000000000000000000e+00
8.559660044284426306e+01,0.000000000000000000e+00,0.000000000000000000e+00
7.861522955150762471e+01,0.000000000000000000e+00,0.000000000000000000e+00
7.762601071917252682e+01,0.000000000000000000e+00,0.000000000000000000e+00
8.182791815829126847e+01,0.000000000000000000e+00,0.000000000000000000e+00
7.968339135981142363e+01,0.000000000000000000e+00,0.000000000000000000e+00
8.043262313011348397e+01,0.000000000000000000e+00,0.000000000000000000e+00
7.814480229781263176e+01,0.000000000000000000e+00,0.000000000000000000e+00
8.062483883596489420e+01,0.000000000000000000e+00,0.000000000000000000e+00
8.057623376364398382e+01,0.000000000000000000e+00,0.000000000000000000e+00
7.945485878273426295e+01,0.000000000000000000e+00,0.000000000000000000e+00
7.683061609137749315e+01,0.000000000000000000e+00,0.000000000000000000e+00
3.209526886693222991e+01,0.000000000000000000e+00,0.000000000000000000e+00
3.068017760182795328e+01,0.000000000000000000e+00,0.000000000000000000e+00
2.910000669956859198e+01,0.000000000000000000e+00,0.000000000000000000e+00
2.981690313098744127e+01,0.000000000000000000e+00,0.000000000000000000e+00
2.973764850317447994e+01,0.000000000000000000e+00,0.000000000000000000e+00
3.196115750902349006e+01,0.000000000000000000e+00,0.000000000000000000e+00
3.132568114919029156e+01,0.000000000000000000e+00,0.000000000000000000e+00
2.933836044756567674e+01,0.000000000000000000e+00,0.000000000000000000e+00
3.117393912917506071e+01,0.000000000000000000e+00,0.000000000000000000e+00
3.046636064007284972e+01,0.000000000000000000e+00,0.000000000000000000e+00
3.143411599841118331e+01,0.000000000000000000e+00,0.000000000000000000e+00
3.376758579869668608e+01,0.000000000000000000e+00,0.000000000000000000e+00
2.414838454715036065e+01,0.000000000000000000e+00,0.000000000000000000e+00
2.159867305742043797e+01,0.000000000000000000e+00,0.000000000000000000e+00
2.592900445660225373e+01,0.000000000000000000e+00,0.000000000000000000e+00
1.926586886312962577e+01,0.000000000000000000e+00,0.000000000000000000e+00
2.531868353810287786e+01,0.000000000000000000e+00,0.000000000000000000e+00
2.105529489608597160e+01,0.000000000000000000e+00,0.000000000000000000e+00
2.572351789475872508e+01,0.000000000000000000e+00,0.000000000000000000e+00
2.051436472452871485e+01,0.000000000000000000e+00,0.000000000000000000e+00
1.958245160362828585e+01,0.000000000000000000e+00,0.000000000000000000e+00
1.980139930079877786e+01,0.000000000000000000e+00,0.000000000000000000e+00
2.226882126186354327e+01,0.000000000000000000e+00,0.000000000000000000e+00
2.463636711715759020e+01,0.000000000000000000e+00,0.000000000000000000e+00
2.180826446665972185e+01,0.000000000000000000e+00,0.000000000000000000e+00
1.997748351528356281e+01,0.000000000000000000e+00,0.000000000000000000e+00
1.910951918176506226e+01,0.000000000000000000e+00,0.000000000000000000e+00
2.025571903603411172e+01,0.000000000000000000e+00,0.000000000000000000e+00
2.165031189051556026e+01,0.000000000000000000e+00,0.000000000000000000e+00
2.006573201047398314e+01,0.000000000000000000e+00,0.000000000000000000e+00
2.204626424738408375e+01,0.000000000000000000e+00,0.000000000000000000e+00
2.149545015378464186e+01,0.000000000000000000e+00,0.000000000000000000e+00
1.818212792084798224e+01,0.000000000000000000e+00,0.000000000000000000e+00
1.936922102943283974e+01,0.000000000000000000e+00,0.000000000000000000e+00
1.610004369854900830e+01,0.000000000000000000e+00,0.000000000000000000e+00
2.203418519484120353e+01,0.000000000000000000e+00,0.000000000000000000e+00
2.273812122465001906e+01,0.000000000000000000e+00,0.000000000000000000e+00
1.794297539610388270e+01,0.000000000000000000e+00,0.000000000000000000e+00
1.796309130912334950e+01,0.000000000000000000e+00,0.000000000000000000e+00
2.121794155588962383e+01,0.000000000000000000e+00,0.000000000000000000e+00
1.755489695135877426e+01,0.000000000000000000e+00,0.000000000000000000e+00
2.071651827514169497e+01,0.000000000000000000e+00,0.000000000000000000e+00
2.252206944857554305e+01,0.000000000000000000e+00,0.000000000000000000e+00
1.893684530718304870e+01,0.000000000000000000e+00,0.000000000000000000e+00
1.933942491959078325e+01,0.000000000000000000e+00,0.000000000000000000e+00
1.768748818717529403e+01,0.000000000000000000e+00,0.000000000000000000e+00
2.077823426860583922e+01,0.000000000000000000e+00,0.000000000000000000e+00
1.403398352743801425e+01,0.000000000000000000e+00,0.000000000000000000e+00
1.939776897984741666e+01,0.000000000000000000e+00,0.000000000000000000e+00
1.801584925774658075e+01,0.000000000000000000e+00,0.000000000000000000e+00
1.533525600300180258e+01,0.000000000000000000e+00,0.000000000000000000e+00
1.749758205440915759e+01,0.000000000000000000e+00,0.000000000000000000e+00
2.089105986848018759e+01,0.000000000000000000e+00,0.000000000000000000e+00
2.036643003112529726e+01,0.000000000000000000e+00,0.000000000000000000e+00
1.874511112777594946e+01,0.000000000000000000e+00,0.000000000000000000e+00
1.728963387455063483e+01,0.000000000000000000e+00,0.000000000000000000e+00
2.069395456431072944e+01,0.000000000000000000e+00,0.000000000000000000e+00
2.098655704926254728e+01,0.000000000000000000e+00,0.000000000000000000e+00
2.379952286145847751e+01,0.000000000000000000e+00,0.000000000000000000e+00
2.018421055162007605e+01,0.000000000000000000e+00,0.000000000000000000e+00
2.127159705861055272e+01,0.000000000000000000e+00,0.000000000000000000e+00
1.817242654363136367e+01,0.000000000000000000e+00,0.000000000000000000e+00
2.043519024082738866e+01,0.000000000000000000e+00,0.000000000000000000e+00
2.415706458214358676e+01,0.000000000000000000e+00,0.000000000000000000e+00
1.820084601726664530e+01,0.000000000000000000e+00,0.000000000000000000e+00
1.866645852609788747e+01,0.000000000000000000e+00,0.000000000000000000e+00
2.091062204422333082e+01,0.000000000000000000e+00,0.000000000000000000e+00
2.014408353646273042e+01,0.000000000000000000e+00,0.000000000000000000e+00
2.298111549759291705e+01,0.000000000000000000e+00,0.000000000000000000e+00
1.758492210019179325e+01,0.000000000000000000e+00,0.000000000000000000e+00
1.966940854332192501e+01,0.000000000000000000e+00,0.000000000000000000e+00
2.038552612817330356e+01,0.000000000000000000e+00,0.000000000000000000e+00
