value,error,error_size
5.075519907908054762e+01,0.000000000000000000e+00,0.000000000000000000e+00
5.200843564647329487e+01,0.000000000000000000e+00,0.000000000000000000e+00
5.044756119124057392e+01,0.000000000000000000e+00,0.000000000000000000e+00
5.057100019993686857e+01,0.000000000000000000e+00,0.000000000000000000e+00
5.283329896535759218e+01,0.000000000000000000e+00,0.000000000000000000e+00
4.994917451152500831e+01,0.000000000000000000e+00,0.000000000000000000e+00
4.995765049528893798e+01,0.000000000000000000e+00,0.000000000000000000e+00
4.980675639650926456e+01,0.000000000000000000e+00,0.000000000000000000e+00
5.690331117795610538e+01,0.000000000000000000e+00,0.000000000000000000e+00
5.189007424906765209e+01,0.000000000000000000e+00,0.000000000000000000e+00
5.140871434953945140e+01,0.000000000000000000e+00,0.000000000000000000e+00
5.260534419128413219e+01,0.000000000000000000e+00,0.000000000000000000e+00
5.079918205839991430e+01,0.000000000000000000e+00,0.000000000000000000e+00
5.116909042512153860e+01,0.000000000000000000e+00,0.000000000000000000e+00
5.100810700489860494e+01,0.000000000000000000e+00,0.000000000000000000e+00
5.412172320448691210e+01,0.000000000000000000e+00,0.000000000000000000e+00
5.078272641235955831e+01,0.000000000000000000e+00,0.000000000000000000e+00
5.263155724100382571e+01,0.000000000000000000e+00,0.000000000000000000e+00
5.170782141133029342e+01,0.000000000000000000e+00,0.000000000000000000e+00
4.960788270529251065e+01,0.000000000000000000e+00,0.000000000000000000e+00
5.165921452805321223e+01,0.000000000000000000e+00,0.000000000000000000e+00
4.984795742041256261e+01,0.000000000000000000e+00,0.000000000000000000e+00
5.157020277147637444e+01,0.000000000000000000e+00,0.000000000000000000e+00
5.161854800856262671e+01,0.000000000000000000e+00,0.000000000000000000e+00
5.605013747435210547e+01,0.000000000000000000e+00,0.000000000000000000e+00
5.113076397207570523e+01,0.000000000000000000e+00,0.000000000000000000e+00
5.336253721740350642e+01,0.000000000000000000e+00,0.000000000000000000e+00
5.400084308634077246e+01,0.000000000000000000e+00,0.000000000000000000e+00
5.164581989692235453e+01,0.000000000000000000e+00,0.000000000000000000e+00
5.111129648703077066e+01,0.000000000000000000e+00,0.000000000000000000e+00
4.854344641007809003e+01,0.000000000000000000e+00,0.000000000000000000e+00
5.508799638640081753e+01,0.000000000000000000e+00,0.000000000000000000e+00
5.181177306742920763e+01,0.000000000000000000e+00,0.000000000000000000e+00
5.570818540806178021e+01,0.000000000000000000e+00,0.000000000000000000e+00
4.993264801911747952e+01,0.000000000000000000e+00,0.000000000000000000e+00
5.293753470696793784e+01,0.000000000000000000e+00,0.000000000000000000e+00
5.092505495584023123e+01,0.000000000000000000e+00,0.000000000000000000e+00
5.141023886487351291e+01,0.000000000000000000e+00,0.000000000000000000e+00
5.296700827955656621e+01,0.000000000000000000e+00,0.000000000000000000e+00
5.288743501787804036e+01,0.000000000000000000e+00,0.000000000000000000e+00
4.703202817049545814e+01,0.000000000000000000e+00,0.000000000000000000e+00
5.175597112475569617e+01,0.000000000000000000e+00,0.000000000000000000e+00
4.955432496426389122e+01,0.000000000000000000e+00,0.000000000000000000e+00
5.495545991879072290e+01,0.000000000000000000e+00,0.000000000000000000e+00
5.526939432622158677e+01,0.000000000000000000e+00,0.000000000000000000e+00
5.560108848643092472e+01,0.000000000000000000e+00,0.000000000000000000e+00
5.643024259803688381e+01,0.000000000000000000e+00,0.000000000000000000e+00
5.206483347379521121e+01,0.000000000000000000e+00,0.000000000000000000e+00
5.219597018774502573e+01,0.000000000000000000e+00,0.000000000000000000e+00
5.345541065723874397e+01,0.000000000000000000e+00,0.000000000000000000e+00
5.565130587487248448e+01,0.000000000000000000e+00,0.000000000000000000e+00
5.474231135150035499e+01,0.000000000000000000e+00,0.000000000000000000e+00
5.405078520714313584e+01,0.000000000000000000e+00,0.000000000000000000e+00
5.131845270078176213e+01,0.000000000000000000e+00,0.000000000000000000e+00
5.395253660033935006e+01,0.000000000000000000e+00,0.000000000000000000e+00
5.323990234523154186e+01,0.000000000000000000e+00,0.000000000000000000e+00
5.768473689165134033e+01,0.000000000000000000e+00,0.000000000000000000e+00
5.185585508266159849e+01,0.000000000000000000e+00,0.000000000000000000e+00
5.290363357224297403e+01,0.000000000000000000e+00,0.000000000000000000e+00
5.373125201532212714e+01,0.000000000000000000e+00,0.000000000000000000e+00
5.604568157379452487e+01,0.000000000000000000e+00,0.000000000000000000e+00
5.661524869502454749e+01,0.000000000000000000e+00,0.000000000000000000e+00
5.427054750416103701e+01,0.000000000000000000e+00,0.000000000000000000e+00
5.622646550664637743e+01,0.000000000000000000e+00,0.000000000000000000e+00
5.508419403766450984e+01,0.000000000000000000e+00,0.000000000000000000e+00
5.470041243582105750e+01,0.000000000000000000e+00,0.000000000000000000e+00
5.324016353087412057e+01,0.000000000000000000e+00,0.000000000000000000e+00
5.763567552981999143e+01,0.000000000000000000e+00,0.000000000000000000e+00
5.143408045563923281e+01,0.000000000000000000e+00,0.000000000000000000e+00
5.692719683721100665e+01,0.000000000000000000e+00,0.000000000000000000e+00
5.835807822188854033e+01,0.000000000000000000e+00,0.000000000000000000e+00
5.462907859209820316e+01,0.000000000000000000e+00,0.000000000000000000e+00
5.414384610796307840e+01,0.000000000000000000e+00,0.000000000000000000e+00
5.541646837630568001e+01,0.000000000000000000e+00,0.000000000000000000e+00
5.589036450494838704e+01,0.000000000000000000e+00,0.000000000000000000e+00
5.975915499789594776e+01,0.000000000000000000e+00,0.000000000000000000e+00
5.564606038641832697e+01,0.000000000000000000e+00,0.000000000000000000e+00
5.446650425639788295e+01,0.000000000000000000e+00,0.000000000000000000e+00
5.924606671791139689e+01,0.000000000000000000e+00,0.000000000000000000e+00
5.640344164965159734e+01,0.000000000000000000e+00,0.000000000000000000e+00
5.790019268994078772e+01,0.000000000000000000e+00,0.000000000000000000e+00
5.787264141197740486e+01,0.000000000000000000e+00,0.000000000000000000e+00
5.872007472522698635e+01,0.000000000000000000e+00,0.000000000000000000e+00
5.220506765553957962e+01,0.000000000000000000e+00,0.000000000000000000e+00
5.678260922596481208e+01,0.000000000000000000e+00,0.000000000000000000e+00
5.572077327209132136e+01,0.000000000000000000e+00,0.000000000000000000e+00
5.794054178596592664e+01,0.000000000000000000e+00,0.000000000000000000e+00
5.675889882176419121e+01,0.000000000000000000e+00,0.000000000000000000e+00
6.117337055140767887e+01,0.000000000000000000e+00,0.000000000000000000e+00
5.727662436208188979e+01,0.000000000000000000e+00,0.000000000000000000e+00
5.529795167280312995e+01,0.000000000000000000e+00,0.000000000000000000e+00
5.818725498262917739e+01,0.000000000000000000e+00,0.000000000000000000e+00
5.542939906859454879e+01,0.000000000000000000e+00,0.000000000000000000e+00
5.642464318134057777e+01,0.000000000000000000e+00,0.000000000000000000e+00
5.742180490011632799e+01,0.000000000000000000e+00,0.000000000000000000e+00
5.933933990957207527e+01,0.000000000000000000e+00,0.000000000000000000e+00
6.047759192810313777e+01,0.000000000000000000e+00,0.000000000000000000e+00
5.724645566834358590e+01,0.000000000000000000e+00,0.000000000000000000e+00
5.871929522613947228e+01,0.000000000000000000e+00,0.000000000000000000e+00
5.609701694439521447e+01,0.000000000000000000e+00,0.000000000000000000e+00
6.440181004181742708e+01,0.000000000000000000e+00,0.000000000000000000e+00
5.799865604954747056e+01,0.000000000000000000e+00,0.000000000000000000e+00
6.098154301411864964e+01,0.000000000000000000e+00,0.000000000000000000e+00
5.985713913559727217e+01,0.000000000000000000e+00,0.000000000000000000e+00
5.776021802977582098e+01,0.000000000000000000e+00,0.000000000000000000e+00
5.708400263211522940e+01,0.000000000000000000e+00,0.000000000000000000e+00
5.720122080285572963e+01,0.000000000000000000e+00,0.000000000000000000e+00
5.762717017348467152e+01,0.000000000000000000e+00,0.000000000000000000e+00
5.077653905751265739e+01,0.000000000000000000e+00,0.000000000000000000e+00
6.065586604075701160e+01,0.000000000000000000e+00,0.000000000000000000e+00
5.766451961604701637e+01,0.000000000000000000e+00,0.000000000000000000e+00
5.605838926422277524e+01,0.000000000000000000e+00,0.000000000000000000e+00
5.839383208936464342e+01,0.000000000000000000e+00,0.000000000000000000e+00
6.259001917564492601e+01,0.000000000000000000e+00,0.000000000000000000e+00
6.123340611807692113e+01,0.000000000000000000e+00,0.000000000000000000e+00
5.889056010081741732e+01,0.000000000000000000e+00,0.000000000000000000e+00
5.839485608283271034e+01,0.000000000000000000e+00,0.000000000000000000e+00
5.978893374990834531e+01,0.000000000000000000e+00,0.000000000000000000e+00
6.119182572891005378e+01,0.000000000000000000e+00,0.000000000000000000e+00
5.832094892226506744e+01,0.000000000000000000e+00,0.000000000000000000e+00
5.588830007976616798e+01,0.000000000000000000e+00,0.000000000000000000e+00
5.861677586671949314e+01,0.000000000000000000e+00,0.000000000000000000e+00
6.089330299249438383e+01,0.000000000000000000e+00,0.000000000000000000e+00
5.952310401546585439e+01,0.000000000000000000e+00,0.000000000000000000e+00
6.325817905202328717e+01,0.000000000000000000e+00,0.000000000000000000e+00
6.090895407763070324e+01,0.000000000000000000e+00,0.000000000000000000e+00
6.075064475070153946e+01,0.000000000000000000e+00,0.000000000000000000e+00
6.322362399052565962e+01,0.000000000000000000e+00,0.000000000000000000e+00
5.837858293775774143e+01,0.000000000000000000e+00,0.000000000000000000e+00
6.068412940956734047e+01,0.000000000000000000e+00,0.000000000000000000e+00
6.003889905931556115e+01,0.000000000000000000e+00,0.000000000000000000e+00
6.091660223225861159e+01,0.000000000000000000e+00,0.000000000000000000e+00
6.084127009852711154e+01,0.000000000000000000e+00,0.000000000000000000e+00
6.234641764075428938e+01,0.000000000000000000e+00,0.000000000000000000e+00
6.237479202036923454e+01,0.000000000000000000e+00,0.000000000000000000e+00
5.904210029253947312e+01,0.000000000000000000e+00,0.000000000000000000e+00
5.766457291537188468e+01,0.000000000000000000e+00,0.000000000000000000e+00
6.292067380231736706e+01,0.000000000000000000e+00,0.000000000000000000e+00
6.254954596048230542e+01,0.000000000000000000e+00,0.000000000000000000e+00
5.963063843859135460e+01,0.000000000000000000e+00,0.000000000000000000e+00
5.790286111527571933e+01,0.000000000000000000e+00,0.000000000000000000e+00
6.058884995862335643e+01,0.000000000000000000e+00,0.000000000000000000e+00
6.126175197842322717e+01,0.000000000000000000e+00,0.000000000000000000e+00
6.252782518939195455e+01,0.000000000000000000e+00,0.000000000000000000e+00
6.604621913294562319e+01,0.000000000000000000e+00,0.000000000000000000e+00
5.723261600817927786e+01,0.000000000000000000e+00,0.000000000000000000e+00
5.871719170711867264e+01,0.000000000000000000e+00,0.000000000000000000e+00
6.358984207807465339e+01,0.000000000000000000e+00,0.000000000000000000e+00
6.058273857311827015e+01,0.000000000000000000e+00,0.000000000000000000e+00
5.866707228675814179e+01,0.000000000000000000e+00,0.000000000000000000e+00
6.244296884406607973e+01,0.000000000000000000e+00,0.000000000000000000e+00
6.386224768656204276e+01,0.000000000000000000e+00,0.000000000000000000e+00
6.201594863836166382e+01,0.000000000000000000e+00,0.000000000000000000e+00
5.917552573337059840e+01,0.000000000000000000e+00,0.000000000000000000e+00
6.383714953611838183e+01,0.000000000000000000e+00,0.000000000000000000e+00
6.246571613596930206e+01,0.000000000000000000e+00,0.000000000000000000e+00
6.448677927187419812e+01,0.000000000000000000e+00,0.000000000000000000e+00
6.063594470059855723e+01,0.000000000000000000e+00,0.000000000000000000e+00
6.194840324160614387e+01,0.000000000000000000e+00,0.000000000000000000e+00
6.331760295296432162e+01,0.000000000000000000e+00,0.000000000000000000e+00
6.512013288301270109e+01,0.000000000000000000e+00,0.000000000000000000e+00
5.968917784041813235e+01,0.000000000000000000e+00,0.000000000000000000e+00
6.490807215115674467e+01,0.000000000000000000e+00,0.000000000000000000e+00
6.272697421595962908e+01,0.000000000000000000e+00,0.000000000000000000e+00
5.811668557887608699e+01,0.000000000000000000e+00,0.000000000000000000e+00
6.475481708567572525e+01,0.000000000000000000e+00,0.000000000000000000e+00
6.461514556688837274e+01,0.000000000000000000e+00,0.000000000000000000e+00
6.231817103093634103e+01,0.000000000000000000e+00,0.000000000000000000e+00
6.098774537407736318e+01,0.000000000000000000e+00,0.000000000000000000e+00
6.020200772293330971e+01,0.000000000000000000e+00,0.000000000000000000e+00
6.126508367276362321e+01,0.000000000000000000e+00,0.000000000000000000e+00
6.105109087918535238e+01,0.000000000000000000e+00,0.000000000000000000e+00
6.312008865519860734e+01,0.000000000000000000e+00,0.000000000000000000e+00
5.982305184723595914e+01,0.000000000000000000e+00,0.000000000000000000e+00
6.354511729706860024e+01,0.000000000000000000e+00,0.000000000000000000e+00
6.029437231398453179e+01,0.000000000000000000e+00,0.000000000000000000e+00
6.521449741206043882e+01,0.000000000000000000e+00,0.000000000000000000e+00
6.258817222777242506e+01,0.000000000000000000e+00,0.000000000000000000e+00
6.394018700855759363e+01,0.000000000000000000e+00,0.000000000000000000e+00
6.035727074062504016e+01,0.000000000000000000e+00,0.000000000000000000e+00
6.058799958875639646e+01,0.000000000000000000e+00,0.000000000000000000e+00
6.410865736352030808e+01,0.000000000000000000e+00,0.000000000000000000e+00
6.089469646955187443e+01,0.000000000000000000e+00,0.000000000000000000e+00
6.352563981017370764e+01,0.000000000000000000e+00,0.000000000000000000e+00
6.044325834693178479e+01,0.000000000000000000e+00,0.000000000000000000e+00
6.347703599914083838e+01,0.000000000000000000e+00,0.000000000000000000e+00
6.231871702061495455e+01,0.000000000000000000e+00,0.000000000000000000e+00
6.605380870865653264e+01,0.000000000000000000e+00,0.000000000000000000e+00
6.427629351532809210e+01,0.000000000000000000e+00,0.000000000000000000e+00
6.656745494487887527e+01,0.000000000000000000e+00,0.000000000000000000e+00
6.647412926444741288e+01,0.000000000000000000e+00,0.000000000000000000e+00
6.580059825666307916e+01,0.000000000000000000e+00,0.000000000000000000e+00
6.829304863784457780e+01,0.000000000000000000e+00,0.000000000000000000e+00
6.445927439138495174e+01,0.000000000000000000e+00,0.000000000000000000e+00
6.712377675572034263e+01,0.000000000000000000e+00,0.000000000000000000e+00
6.374189523347361330e+01,0.000000000000000000e+00,0.000000000000000000e+00
6.648993255927950941e+01,0.000000000000000000e+00,0.000000000000000000e+00
6.618766307830256324e+01,0.000000000000000000e+00,0.000000000000000000e+00
5.922012946163027181e+01,0.000000000000000000e+00,0.000000000000000000e+00
6.530286107996759881e+01,0.000000000000000000e+00,0.000000000000000000e+00
6.618117164028136301e+01,0.000000000000000000e+00,0.000000000000000000e+00
6.407936559867268045e+01,0.000000000000000000e+00,0.000000000000000000e+00
6.532487828695175835e+01,0.000000000000000000e+00,0.000000000000000000e+00
6.715310400628332843e+01,0.000000000000000000e+00,0.000000000000000000e+00
6.330273834179259040e+01,0.000000000000000000e+00,0.000000000000000000e+00
6.912746640544629884e+01,0.000000000000000000e+00,0.000000000000000000e+00
6.230025012505431192e+01,0.000000000000000000e+00,0.000000000000000000e+00
6.397815627835337438e+01,0.000000000000000000e+00,0.000000000000000000e+00
6.531029556203671405e+01,0.000000000000000000e+00,0.000000000000000000e+00
6.467555166346731710e+01,0.000000000000000000e+00,0.000000000000000000e+00
6.509221851331473374e+01,0.000000000000000000e+00,0.000000000000000000e+00
6.708973423566753524e+01,0.000000000000000000e+00,0.000000000000000000e+00
6.904134264947525423e+01,0.000000000000000000e+00,0.000000000000000000e+00
6.104684244009924754e+01,0.000000000000000000e+00,0.000000000000000000e+00
6.922608029372814542e+01,0.000000000000000000e+00,0.000000000000000000e+00
6.804277483040574737e+01,0.000000000000000000e+00,0.000000000000000000e+00
6.340708549177372788e+01,0.000000000000000000e+00,0.000000000000000000e+00
6.558387565306263411e+01,0.000000000000000000e+00,0.000000000000000000e+00
6.689902811905187718e+01,0.000000000000000000e+00,0.000000000000000000e+00
6.974688606235720556e+01,0.000000000000000000e+00,0.000000000000000000e+00
6.899752484029330901e+01,0.000000000000000000e+00,0.000000000000000000e+00
6.523536408622153715e+01,0.000000000000000000e+00,0.000000000000000000e+00
6.611137637644164045e+01,0.000000000000000000e+00,0.000000000000000000e+00
6.620054323895416815e+01,0.000000000000000000e+00,0.000000000000000000e+00
6.916044598957982714e+01,0.000000000000000000e+00,0.000000000000000000e+00
7.014978045210258983e+01,0.000000000000000000e+00,0.000000000000000000e+00
6.827109129792293629e+01,0.000000000000000000e+00,0.000000000000000000e+00
6.676000193239981684e+01,0.000000000000000000e+00,0.000000000000000000e+00
6.679670731150812912e+01,0.000000000000000000e+00,0.000000000000000000e+00
6.986346198363771975e+01,0.000000000000000000e+00,0.000000000000000000e+00
6.973035686122528887e+01,0.000000000000000000e+00,0.000000000000000000e+00
6.946796176321909400e+01,0.000000000000000000e+00,0.000000000000000000e+00
6.676874930565689681e+01,0.000000000000000000e+00,0.000000000000000000e+00
6.830852445281006169e+01,0.000000000000000000e+00,0.000000000000000000e+00
6.841247239146328241e+01,0.000000000000000000e+00,0.000000000000000000e+00
6.699937651034126418e+01,0.000000000000000000e+00,0.000000000000000000e+00
6.890298526655830358e+01,0.000000000000000000e+00,0.000000000000000000e+00
6.840961570313058360e+01,0.000000000000000000e+00,0.000000000000000000e+00
6.624739997191224461e+01,0.000000000000000000e+00,0.000000000000000000e+00
6.663110969677963169e+01,0.000000000000000000e+00,0.000000000000000000e+00
6.913881629494048298e+01,0.000000000000000000e+00,0.000000000000000000e+00
6.783582399311511324e+01,0.000000000000000000e+00,0.000000000000000000e+00
6.927269078896553367e+01,0.000000000000000000e+00,0.000000000000000000e+00
6.825965279675855868e+01,0.000000000000000000e+00,0.000000000000000000e+00
6.585118576516212840e+01,0.000000000000000000e+00,0.000000000000000000e+00
7.123304621040978191e+01,0.000000000000000000e+00,0.000000000000000000e+00
7.084710373179649423e+01,0.000000000000000000e+00,0.000000000000000000e+00
6.997345630901155289e+01,0.000000000000000000e+00,0.000000000000000000e+00
6.614590892368195796e+01,0.000000000000000000e+00,0.000000000000000000e+00
6.721789837133684387e+01,0.000000000000000000e+00,0.000000000000000000e+00
6.764365573304495172e+01,0.000000000000000000e+00,0.000000000000000000e+00
7.041313287938794474e+01,0.000000000000000000e+00,0.000000000000000000e+00
6.952902111214424963e+01,0.000000000000000000e+00,0.000000000000000000e+00
6.654805022099405676e+01,0.000000000000000000e+00,0.000000000000000000e+00
6.832816301625595656e+01,0.000000000000000000e+00,0.000000000000000000e+00
6.914178190404641100e+01,0.000000000000000000e+00,0.000000000000000000e+00
6.867442000372820132e+01,0.000000000000000000e+00,0.000000000000000000e+00
7.265006367326820680e+01,0.000000000000000000e+00,0.000000000000000000e+00
6.906319317356481235e+01,0.000000000000000000e+00,0.000000000000000000e+00
6.858238402031712155e+01,0.000000000000000000e+00,0.000000000000000000e+00
6.879936432557394710e+01,0.000000000000000000e+00,0.000000000000000000e+00
6.628019796166536537e+01,0.000000000000000000e+00,0.000000000000000000e+00
7.292182253078590293e+01,0.000000000000000000e+00,0.000000000000000000e+00
6.999527348138450122e+01,0.000000000000000000e+00,0.000000000000000000e+00
6.949706871000434205e+01,0.000000000000000000e+00,0.000000000000000000e+00
6.747690500790504586e+01,0.000000000000000000e+00,0.000000000000000000e+00
7.005221989560341456e+01,0.000000000000000000e+00,0.000000000000000000e+00
7.023167221311516073e+01,0.000000000000000000e+00,0.000000000000000000e+00
6.959317087172193794e+01,0.000000000000000000e+00,0.000000000000000000e+00
7.224277218521346811e+01,0.000000000000000000e+00,0.000000000000000000e+00
6.657163123797771220e+01,0.000000000000000000e+00,0.000000000000000000e+00
6.904423422130578558e+01,0.000000000000000000e+00,0.000000000000000000e+00
7.098781978885817523e+01,0.000000000000000000e+00,0.000000000000000000e+00
7.084496543210653385e+01,0.000000000000000000e+00,0.000000000000000000e+00
7.025320928453037084e+01,0.000000000000000000e+00,0.000000000000000000e+00
6.897003108415451322e+01,0.000000000000000000e+00,0.000000000000000000e+00
7.120347213117703689e+01,0.000000000000000000e+00,0.000000000000000000e+00
6.550654008089009039e+01,0.000000000000000000e+00,0.000000000000000000e+00
6.900747610321135994e+01,0.000000000000000000e+00,0.000000000000000000e+00
7.295391933230088455e+01,0.000000000000000000e+00,0.000000000000000000e+00
7.247786195391846320e+01,0.000000000000000000e+00,0.000000000000000000e+00
7.189907168294243434e+01,0.000000000000000000e+00,0.000000000000000000e+00
7.411031151222866242e+01,0.000000000000000000e+00,0.000000000000000000e+00
7.084045175587962717e+01,0.000000000000000000e+00,0.000000000000000000e+00
7.182877724158633725e+01,0.000000000000000000e+00,0.000000000000000000e+00
6.816511944570115134e+01,0.000000000000000000e+00,0.000000000000000000e+00
6.948279697456945314e+01,0.000000000000000000e+00,0.000000000000000000e+00
7.126842632542248168e+01,0.000000000000000000e+00,0.000000000000000000e+00
6.862111367087887004e+01,0.000000000000000000e+00,0.000000000000000000e+00
7.213107664671886710e+01,0.000000000000000000e+00,0.000000000000000000e+00
7.243636659381064646e+01,0.000000000000000000e+00,0.000000000000000000e+00
7.194760367519654665e+01,0.000000000000000000e+00,0.000000000000000000e+00
6.899758277290112574e+01,0.000000000000000000e+00,0.000000000000000000e+00
6.908558496865339293e+01,0.000000000000000000e+00,0.000000000000000000e+00
7.277735514876175671e+01,0.000000000000000000e+00,0.000000000000000000e+00
7.446240200449362590e+01,0.000000000000000000e+00,0.000000000000000000e+00
7.613731972441381401e+01,0.000000000000000000e+00,0.000000000000000000e+00
7.515332766549877874e+01,0.000000000000000000e+00,0.000000000000000000e+00
6.888542441960176177e+01,0.000000000000000000e+00,0.000000000000000000e+00
7.189355269294946993e+01,0.000000000000000000e+00,0.000000000000000000e+00
7.233605105741017383e+01,0.000000000000000000e+00,0.000000000000000000e+00
7.271531823814989082e+01,0.000000000000000000e+00,0.000000000000000000e+00
7.463885329069150032e+01,0.000000000000000000e+00,0.000000000000000000e+00
7.459718567990803706e+01,0.000000000000000000e+00,0.000000000000000000e+00
7.128902677063500448e+01,0.000000000000000000e+00,0.000000000000000000e+00
6.789290858527449757e+01,0.000000000000000000e+00,0.000000000000000000e+00
6.996990356752256446e+01,0.000000000000000000e+00,0.000000000000000000e+00
7.292176042789638757e+01,0.000000000000000000e+00,0.000000000000000000e+00
7.354144942030134757e+01,0.000000000000000000e+00,0.000000000000000000e+00
7.501960351068498767e+01,0.000000000000000000e+00,0.000000000000000000e+00
7.100717837254613585e+01,0.000000000000000000e+00,0.000000000000000000e+00
7.544927773059444576e+01,0.000000000000000000e+00,0.000000000000000000e+00
7.087618985665605464e+01,0.000000000000000000e+00,0.000000000000000000e+00
7.501604185618442955e+01,0.000000000000000000e+00,0.000000000000000000e+00
7.039588565027104039e+01,0.000000000000000000e+00,0.000000000000000000e+00
7.401823266629578768e+01,0.000000000000000000e+00,0.000000000000000000e+00
7.590038489956420165e+01,0.000000000000000000e+00,0.000000000000000000e+00
7.164841299911066130e+01,0.000000000000000000e+00,0.000000000000000000e+00
7.508299647484676598e+01,0.000000000000000000e+00,0.000000000000000000e+00
7.632800928675536056e+01,0.000000000000000000e+00,0.000000000000000000e+00
7.437515942413504888e+01,0.000000000000000000e+00,0.000000000000000000e+00
7.275612592971532422e+01,0.000000000000000000e+00,0.000000000000000000e+00
7.512809324281022327e+01,0.000000000000000000e+00,0.000000000000000000e+00
7.373768692996695506e+01,0.000000000000000000e+00,0.000000000000000000e+00
7.215492087209625538e+01,0.000000000000000000e+00,0.000000000000000000e+00
7.166833031009437605e+01,0.000000000000000000e+00,0.000000000000000000e+00
7.304116156089693845e+01,0.000000000000000000e+00,0.000000000000000000e+00
7.439424691787951360e+01,0.000000000000000000e+00,0.000000000000000000e+00
7.304596537769937470e+01,0.000000000000000000e+00,0.000000000000000000e+00
6.996643220373654515e+01,0.000000000000000000e+00,0.000000000000000000e+00
7.754389506083145989e+01,0.000000000000000000e+00,0.000000000000000000e+00
7.527297964725518398e+01,0.000000000000000000e+00,0.000000000000000000e+00
7.500410268688986548e+01,0.000000000000000000e+00,0.000000000000000000e+00
7.221024572591211665e+01,0.000000000000000000e+00,0.000000000000000000e+00
7.743942153860940891e+01,0.000000000000000000e+00,0.000000000000000000e+00
7.204248384845620023e+01,0.000000000000000000e+00,0.000000000000000000e+00
7.338584473579476253e+01,0.000000000000000000e+00,0.000000000000000000e+00
7.453018055649748419e+01,0.000000000000000000e+00,0.000000000000000000e+00
7.207131888258666663e+01,0.000000000000000000e+00,0.000000000000000000e+00
7.124216290742393198e+01,0.000000000000000000e+00,0.000000000000000000e+00
7.566508464117977439e+01,0.000000000000000000e+00,0.000000000000000000e+00
7.510854813506976768e+01,0.000000000000000000e+00,0.000000000000000000e+00
7.266387652332979030e+01,0.000000000000000000e+00,0.000000000000000000e+00
7.318955056683569182e+01,0.000000000000000000e+00,0.000000000000000000e+00
7.332244825863541848e+01,0.000000000000000000e+00,0.000000000000000000e+00
7.250737723687886671e+01,0.000000000000000000e+00,0.000000000000000000e+00
7.265838911952462809e+01,0.000000000000000000e+00,0.000000000000000000e+00
7.441321336030203781e+01,0.000000000000000000e+00,0.000000000000000000e+00
7.321431656311119696e+01,0.000000000000000000e+00,0.000000000000000000e+00
7.243299924476528417e+01,0.000000000000000000e+00,0.000000000000000000e+00
7.439281962587219255e+01,0.000000000000000000e+00,0.000000000000000000e+00
7.231756802924105898e+01,0.000000000000000000e+00,0.000000000000000000e+00
7.432765530827042255e+01,0.000000000000000000e+00,0.000000000000000000e+00
7.560261228253381205e+01,0.000000000000000000e+00,0.000000000000000000e+00
7.462131402480022757e+01,0.000000000000000000e+00,0.000000000000000000e+00
7.775586318097026606e+01,0.000000000000000000e+00,0.000000000000000000e+00
7.471846963200344760e+01,0.000000000000000000e+00,0.000000000000000000e+00
7.555673770838731684e+01,0.000000000000000000e+00,0.000000000000000000e+00
7.661458021588997269e+01,0.000000000000000000e+00,0.000000000000000000e+00
7.386621377693562351e+01,0.000000000000000000e+00,0.000000000000000000e+00
7.455100312202195312e+01,0.000000000000000000e+00,0.000000000000000000e+00
7.624040969157321967e+01,0.000000000000000000e+00,0.000000000000000000e+00
7.359925743900286932e+01,0.000000000000000000e+00,0.000000000000000000e+00
7.196762590121505809e+01,0.000000000000000000e+00,0.000000000000000000e+00
7.357463221505793172e+01,0.000000000000000000e+00,0.000000000000000000e+00
7.169625334085469603e+01,0.000000000000000000e+00,0.000000000000000000e+00
7.946434509315895411e+01,0.000000000000000000e+00,0.000000000000000000e+00
7.657272012913448123e+01,0.000000000000000000e+00,0.000000000000000000e+00
7.624858709791644173e+01,0.000000000000000000e+00,0.000000000000000000e+00
7.262470569788689545e+01,0.000000000000000000e+00,0.000000000000000000e+00
7.082558542627161557e+01,0.000000000000000000e+00,0.000000000000000000e+00
7.297503472018291859e+01,0.000000000000000000e+00,0.000000000000000000e+00
7.683306359836231536e+01,0.000000000000000000e+00,0.000000000000000000e+00
7.289509728014574819e+01,0.000000000000000000e+00,0.000000000000000000e+00
7.477534001163279243e+01,0.000000000000000000e+00,0.000000000000000000e+00
7.498929266954847606e+01,0.000000000000000000e+00,0.000000000000000000e+00
7.519876134011761337e+01,0.000000000000000000e+00,0.000000000000000000e+00
7.566654197771347867e+01,0.000000000000000000e+00,0.000000000000000000e+00
7.881681061609005212e+01,0.000000000000000000e+00,0.000000000000000000e+00
7.461406079608103425e+01,0.000000000000000000e+00,0.000000000000000000e+00
7.459633627596828376e+01,0.000000000000000000e+00,0.000000000000000000e+00
7.657024596023991592e+01,0.000000000000000000e+00,0.000000000000000000e+00
7.471273483145429850e+01,0.000000000000000000e+00,0.000000000000000000e+00
7.622627301009384837e+01,0.000000000000000000e+00,0.000000000000000000e+00
7.828305270553038042e+01,0.000000000000000000e+00,0.000000000000000000e+00
7.823422071208732120e+01,0.000000000000000000e+00,0.000000000000000000e+00
7.661631533669361716e+01,0.000000000000000000e+00,0.000000000000000000e+00
7.803507201239305857e+01,0.000000000000000000e+00,0.000000000000000000e+00
7.326849927441391230e+01,0.000000000000000000e+00,0.000000000000000000e+00
7.495568476806782598e+01,0.000000000000000000e+00,0.000000000000000000e+00
7.308371705917463146e+01,0.000000000000000000e+00,0.000000000000000000e+00
7.438053957251244697e+01,0.000000000000000000e+00,0.000000000000000000e+00
7.733484370384745432e+01,0.000000000000000000e+00,0.000000000000000000e+00
7.790100859668814337e+01,0.000000000000000000e+00,0.000000000000000000e+00
7.655779221388702638e+01,0.000000000000000000e+00,0.000000000000000000e+00
6.936000684405721017e+01,0.000000000000000000e+00,0.000000000000000000e+00
7.352126160373973107e+01,0.000000000000000000e+00,0.000000000000000000e+00
7.524328871826317311e+01,0.000000000000000000e+00,0.000000000000000000e+00
7.592983228089769909e+01,0.000000000000000000e+00,0.000000000000000000e+00
7.494070168650539188e+01,0.000000000000000000e+00,0.000000000000000000e+00
7.677470472317941130e+01,0.000000000000000000e+00,0.000000000000000000e+00
7.775724174108779607e+01,0.000000000000000000e+00,0.000000000000000000e+00
7.448682353824737845e+01,0.000000000000000000e+00,0.000000000000000000e+00
7.718380726997521890e+01,0.000000000000000000e+00,0.000000000000000000e+00
7.883088736185317202e+01,0.000000000000000000e+00,0.000000000000000000e+00
7.893598722633372233e+01,0.000000000000000000e+00,0.000000000000000000e+00
7.516366103537926335e+01,0.000000000000000000e+00,0.000000000000000000e+00
7.729280555233806638e+01,0.000000000000000000e+00,0.000000000000000000e+00
7.868398882073454104e+01,0.000000000000000000e+00,0.000000000000000000e+00
7.609471603310686305e+01,0.000000000000000000e+00,0.000000000000000000e+00
7.701448500634185734e+01,0.000000000000000000e+00,0.000000000000000000e+00
7.563497855687913329e+01,0.000000000000000000e+00,0.000000000000000000e+00
7.657111048842232037e+01,0.000000000000000000e+00,0.000000000000000000e+00
7.821943313324702274e+01,0.000000000000000000e+00,0.000000000000000000e+00
7.553789441120611059e+01,0.000000000000000000e+00,0.000000000000000000e+00
7.753373930516185908e+01,0.000000000000000000e+00,0.000000000000000000e+00
7.555158466139120321e+01,0.000000000000000000e+00,0.000000000000000000e+00
7.256607013880793033e+01,0.000000000000000000e+00,0.000000000000000000e+00
7.708829771890239613e+01,0.000000000000000000e+00,0.000000000000000000e+00
7.880195006757185183e+01,0.000000000000000000e+00,0.000000000000000000e+00
7.446464511333049074e+01,0.000000000000000000e+00,0.000000000000000000e+00
7.511448069454422694e+01,0.000000000000000000e+00,0.000000000000000000e+00
7.929358926066328195e+01,0.000000000000000000e+00,0.000000000000000000e+00
7.615053087768556850e+01,0.000000000000000000e+00,0.000000000000000000e+00
7.794626224543513615e+01,0.000000000000000000e+00,0.000000000000000000e+00
7.561700653388612636e+01,0.000000000000000000e+00,0.000000000000000000e+00
7.696984248540758244e+01,0.000000000000000000e+00,0.000000000000000000e+00
7.772582725811832915e+01,0.000000000000000000e+00,0.000000000000000000e+00
7.838204693931832878e+01,0.000000000000000000e+00,0.000000000000000000e+00
7.714669468418568954e+01,0.000000000000000000e+00,0.000000000000000000e+00
7.880651338468112499e+01,0.000000000000000000e+00,0.000000000000000000e+00
7.740552752931070302e+01,0.000000000000000000e+00,0.000000000000000000e+00
7.727292001410076239e+01,0.000000000000000000e+00,0.000000000000000000e+00
7.976744175606239651e+01,0.000000000000000000e+00,0.000000000000000000e+00
7.698375042286292569e+01,0.000000000000000000e+00,0.000000000000000000e+00
7.873957482453560885e+01,0.000000000000000000e+00,0.000000000000000000e+00
7.471636908679120381e+01,0.000000000000000000e+00,0.000000000000000000e+00
7.729441460319338830e+01,0.000000000000000000e+00,0.000000000000000000e+00
7.645025903951150781e+01,0.000000000000000000e+00,0.000000000000000000e+00
7.699505053821046374e+01,0.000000000000000000e+00,0.000000000000000000e+00
7.612480150211760588e+01,0.000000000000000000e+00,0.000000000000000000e+00
7.862857593630178599e+01,0.000000000000000000e+00,0.000000000000000000e+00
7.821937140089890761e+01,0.000000000000000000e+00,0.000000000000000000e+00
7.924559344255037274e+01,0.000000000000000000e+00,0.000000000000000000e+00
7.723530483978584016e+01,0.000000000000000000e+00,0.000000000000000000e+00
8.096589211617977355e+01,0.000000000000000000e+00,0.000000000000000000e+00
8.026522356112795364e+01,0.000000000000000000e+00,0.000000000000000000e+00
7.757517065986414195e+01,0.000000000000000000e+00,0.000000000000000000e+00
7.886190872111292549e+01,0.000000000000000000e+00,0.000000000000000000e+00
7.646424405453802819e+01,0.000000000000000000e+00,0.000000000000000000e+00
7.913012696187122685e+01,0.000000000000000000e+00,0.000000000000000000e+00
7.910709589046619783e+01,0.000000000000000000e+00,0.000000000000000000e+00
7.476090129104220239e+01,0.000000000000000000e+00,0.000000000000000000e+00
7.749118003878665206e+01,0.000000000000000000e+00,0.000000000000000000e+00
7.689788282358041727e+01,0.000000000000000000e+00,0.000000000000000000e+00
7.803617093420422179e+01,0.000000000000000000e+00,0.000000000000000000e+00
7.887871994393890418e+01,0.000000000000000000e+00,0.000000000000000000e+00
7.821990130606370428e+01,0.000000000000000000e+00,0.000000000000000000e+00
7.931992252279769673e+01,0.000000000000000000e+00,0.000000000000000000e+00
7.876825227558545350e+01,0.000000000000000000e+00,0.000000000000000000e+00
7.906988438038794698e+01,0.000000000000000000e+00,0.000000000000000000e+00
7.924459041309958707e+01,0.000000000000000000e+00,0.000000000000000000e+00
8.274748522585915111e+01,0.000000000000000000e+00,0.000000000000000000e+00
7.843208149986780597e+01,0.000000000000000000e+00,0.000000000000000000e+00
7.813587642129132860e+01,0.000000000000000000e+00,0.000000000000000000e+00
7.910425502146836152e+01,0.000000000000000000e+00,0.000000000000000000e+00
8.316655579022102529e+01,0.000000000000000000e+00,0.000000000000000000e+00
7.919254535292506603e+01,0.000000000000000000e+00,0.000000000000000000e+00
8.025657125215825261e+01,0.000000000000000000e+00,0.000000000000000000e+00
8.169045533506388779e+01,0.000000000000000000e+00,0.000000000000000000e+00
8.105148264580446948e+01,0.000000000000000000e+00,0.000000000000000000e+00
7.904277848596213119e+01,0.000000000000000000e+00,0.000000000000000000e+00
7.875652256856508870e+01,0.000000000000000000e+00,0.000000000000000000e+00
7.651702026157184378e+01,0.000000000000000000e+00,0.000000000000000000e+00
7.816814107732490413e+01,0.000000000000000000e+00,0.000000000000000000e+00
7.981541955630692087e+01,0.000000000000000000e+00,0.000000000000000000e+00
7.625665642140246803e+01,0.000000000000000000e+00,0.000000000000000000e+00
7.604348565800313509e+01,0.000000000000000000e+00,0.000000000000000000e+00
7.498534086926235886e+01,0.000000000000000000e+00,0.000000000000000000e+00
7.953797460846193701e+01,0.000000000000000000e+00,0.000000000000000000e+00
7.823326552934285871e+01,0.000000000000000000e+00,0.000000000000000000e+00
7.814011294597912638e+01,0.000000000000000000e+00,0.000000000000000000e+00
7.895628294201688391e+01,0.000000000000000000e+00,0.000000000000000000e+00
8.094767008606098102e+01,0.000000000000000000e+00,0.000000000000000000e+00
7.781888405963250932e+01,0.000000000000000000e+00,0.000000000000000000e+00
7.904358567215054165e+01,0.000000000000000000e+00,0.000000000000000000e+00
7.754172175353475893e+01,0.000000000000000000e+00,0.000000000000000000e+00
8.140257205108389371e+01,0.000000000000000000e+00,0.000000000000000000e+00
7.951186100098666998e+01,0.000000000000000000e+00,0.000000000000000000e+00
8.018902048502810942e+01,0.000000000000000000e+00,0.000000000000000000e+00
7.875238022503842217e+01,0.000000000000000000e+00,0.000000000000000000e+00
7.837411984383975039e+01,0.000000000000000000e+00,0.000000000000000000e+00
8.002184804863809120e+01,0.000000000000000000e+00,0.000000000000000000e+00
7.648677266816423526e+01,0.000000000000000000e+00,0.000000000000000000e+00
8.079047022494806640e+01,0.000000000000000000e+00,0.000000000000000000e+00
7.812743644396904585e+01,0.000000000000000000e+00,0.000000000000000000e+00
7.879922741870738889e+01,0.000000000000000000e+00,0.000000000000000000e+00
8.067722922180885803e+01,0.000000000000000000e+00,0.000000000000000000e+00
8.080675677418466307e+01,0.000000000000000000e+00,0.000000000000000000e+00
7.901811354837404622e+01,0.000000000000000000e+00,0.000000000000000000e+00
7.884639727700692902e+01,0.000000000000000000e+00,0.000000000000000000e+00
7.934472743386318427e+01,0.000000000000000000e+00,0.000000000000000000e+00
7.836705515244695164e+01,0.000000000000000000e+00,0.000000000000000000e+00
7.460493192034927290e+01,0.000000000000000000e+00,0.000000000000000000e+00
7.770621325499178056e+01,0.000000000000000000e+00,0.000000000000000000e+00
7.861762701640607531e+01,0.000000000000000000e+00,0.000000000000000000e+00
8.032661828985892782e+01,0.000000000000000000e+00,0.000000000000000000e+00
8.162765696448306585e+01,0.000000000000000000e+00,0.000000000000000000e+00
8.003683235505424420e+01,0.000000000000000000e+00,0.000000000000000000e+00
8.017896829152415705e+01,0.000000000000000000e+00,0.000000000000000000e+00
7.722104583984221904e+01,0.000000000000000000e+00,0.000000000000000000e+00
8.083744100632789298e+01,0.000000000000000000e+00,0.000000000000000000e+00
7.997104581877837859e+01,0.000000000000000000e+00,0.000000000000000000e+00
7.597490270788726718e+01,0.000000000000000000e+00,0.000000000000000000e+00
7.869672868995829162e+01,0.000000000000000000e+00,0.000000000000000000e+00
7.923612757858052191e+01,0.000000000000000000e+00,0.000000000000000000e+00
8.125203280430366704e+01,0.000000000000000000e+00,0.000000000000000000e+00
8.348715181349616898e+01,0.000000000000000000e+00,0.000000000000000000e+00
7.632599775663398134e+01,0.000000000000000000e+00,0.000000000000000000e+00
7.739273681063538390e+01,0.000000000000000000e+00,0.000000000000000000e+00
8.169883937871129831e+01,0.000000000000000000e+00,0.000000000000000000e+00
7.985668362187176683e+01,0.000000000000000000e+00,0.000000000000000000e+00
7.884992379642940818e+01,0.000000000000000000e+00,0.000000000000000000e+00
8.041952818287505522e+01,0.000000000000000000e+00,0.000000000000000000e+00
8.324022482354627073e+01,0.000000000000000000e+00,0.000000000000000000e+00
7.979045323791277156e+01,0.000000000000000000e+00,0.000000000000000000e+00
8.059733162689080643e+01,0.000000000000000000e+00,0.000000000000000000e+00
7.823970075375176236e+01,0.000000000000000000e+00,0.000000000000000000e+00
8.154216210751543770e+01,0.000000000000000000e+00,0.000000000000000000e+00
8.292462257141612270e+01,0.000000000000000000e+00,0.000000000000000000e+00
8.197471135428538958e+01,0.000000000000000000e+00,0.000000000000000000e+00
8.092938446778991590e+01,0.000000000000000000e+00,0.000000000000000000e+00
7.958962414997655799e+01,0.000000000000000000e+00,0.000000000000000000e+00
7.638643839075503195e+01,0.000000000000000000e+00,0.000000000000000000e+00
7.820211967365602845e+01,0.000000000000000000e+00,0.000000000000000000e+00
7.998825409317623780e+01,0.000000000000000000e+00,0.000000000000000000e+00
7.948563636045304293e+01,0.000000000000000000e+00,0.000000000000000000e+00
7.766707760655110349e+01,0.000000000000000000e+00,0.000000000000000000e+00
8.170408677091272409e+01,0.000000000000000000e+00,0.000000000000000000e+00
7.658117472459230157e+01,0.000000000000000000e+00,0.000000000000000000e+00
8.051119805846536792e+01,0.000000000000000000e+00,0.000000000000000000e+00
8.005399627871054236e+01,0.000000000000000000e+00,0.000000000000000000e+00
8.020727281763822702e+01,0.000000000000000000e+00,0.000000000000000000e+00
7.925185396893648715e+01,0.000000000000000000e+00,0.000000000000000000e+00
7.956836904519234110e+01,0.000000000000000000e+00,0.000000000000000000e+00
7.968275829360315754e+01,0.000000000000000000e+00,0.000000000000000000e+00
7.980485839343077714e+01,0.000000000000000000e+00,0.000000000000000000e+00
8.072635819122125156e+01,0.000000000000000000e+00,0.000000000000000000e+00
7.884446109484623832e+01,0.000000000000000000e+00,0.000000000000000000e+00
8.167315264961059995e+01,0.000000000000000000e+00,0.000000000000000000e+00
7.616196887071892263e+01,0.000000000000000000e+00,0.000000000000000000e+00
8.322057569352756445e+01,0.000000000000000000e+00,0.000000000000000000e+00
8.058117953984161375e+01,0.000000000000000000e+00,0.000000000000000000e+00
8.039001931229843478e+01,0.000000000000000000e+00,0.000000000000000000e+00
8.068731984298419491e+01,0.000000000000000000e+00,0.000000000000000000e+00
7.884877306298291444e+01,0.000000000000000000e+00,0.000000000000000000e+00
7.744090608325336689e+01,0.000000000000000000e+00,0.000000000000000000e+00
8.153924946539062546e+01,0.000000000000000000e+00,0.000000000000000000e+00
7.666100184163231290e+01,0.000000000000000000e+00,0.000000000000000000e+00
7.774238143072915364e+01,0.000000000000000000e+00,0.000000000000000000e+00
7.678736604220225104e+01,0.000000000000000000e+00,0.000000000000000000e+00
8.190684640644279568e+01,0.000000000000000000e+00,0.000000000000000000e+00
7.831994553997705566e+01,0.000000000000000000e+00,0.000000000000000000e+00
7.623951515739558715e+01,0.000000000000000000e+00,0.000000000000000000e+00
7.756686631597689541e+01,0.000000000000000000e+00,0.000000000000000000e+00
7.990505680891847362e+01,0.000000000000000000e+00,0.000000000000000000e+00
8.045337498121050146e+01,0.000000000000000000e+00,0.000000000000000000e+00
8.204242869214438372e+01,0.000000000000000000e+00,0.000000000000000000e+00
7.974434731473240845e+01,0.000000000000000000e+00,0.000000000000000000e+00
7.977792478189431336e+01,0.000000000000000000e+00,0.000000000000000000e+00
8.287770501465452355e+01,0.000000000000000000e+00,0.000000000000000000e+00
8.270168154216547407e+01,0.000000000000000000e+00,0.000000000000000000e+00
8.066932414027820641e+01,0.000000000000000000e+00,0.000000000000000000e+00
8.066954958819728461e+01,0.000000000000000000e+00,0.000000000000000000e+00
7.877701680152011932e+01,0.000000000000000000e+00,0.000000000000000000e+00
8.294897013047376788e+01,0.000000000000000000e+00,0.000000000000000000e+00
8.483714739679975025e+01,0.000000000000000000e+00,0.000000000000000000e+00
8.264291188583560199e+01,0.000000000000000000e+00,0.000000000000000000e+00
8.148625629781290058e+01,0.000000000000000000e+00,0.000000000000000000e+00
8.152406113335760551e+01,0.000000000000000000e+00,0.000000000000000000e+00
8.089970185181782369e+01,0.000000000000000000e+00,0.000000000000000000e+00
7.991779030374920012e+01,0.000000000000000000e+00,0.000000000000000000e+00
7.950498693584783894e+01,0.000000000000000000e+00,0.000000000000000000e+00
7.971564636687443794e+01,0.000000000000000000e+00,0.000000000000000000e+00
7.792169543098580675e+01,0.000000000000000000e+00,0.000000000000000000e+00
7.491088017521710185e+01,0.000000000000000000e+00,0.000000000000000000e+00
8.095613916812753530e+01,0.000000000000000000e+00,0.000000000000000000e+00
8.035666176194932575e+01,0.000000000000000000e+00,0.000000000000000000e+00
8.155966021475744299e+01,0.000000000000000000e+00,0.000000000000000000e+00
8.015072511847101566e+01,0.000000000000000000e+00,0.000000000000000000e+00
7.952630862356711816e+01,0.000000000000000000e+00,0.000000000000000000e+00
7.770183151748555872e+01,0.000000000000000000e+00,0.000000000000000000e+00
8.043022097784546531e+01,0.000000000000000000e+00,0.000000000000000000e+00
7.943558268848919113e+01,0.000000000000000000e+00,0.000000000000000000e+00
8.123542293980626994e+01,0.000000000000000000e+00,0.000000000000000000e+00
8.199611814859653691e+01,0.000000000000000000e+00,0.000000000000000000e+00
8.052311197754065120e+01,0.000000000000000000e+00,0.000000000000000000e+00
8.101758399600389282e+01,0.000000000000000000e+00,0.000000000000000000e+00
8.048164230726727908e+01,0.000000000000000000e+00,0.000000000000000000e+00
8.053381920307985808e+01,0.000000000000000000e+00,0.000000000000000000e+00
7.953841457478297627e+01,0.000000000000000000e+00,0.000000000000000000e+00
8.492971760693569649e+01,0.000000000000000000e+00,0.000000000000000000e+00
8.003294259479525863e+01,0.000000000000000000e+00,0.000000000000000000e+00
7.870075179698524437e+01,0.000000000000000000e+00,0.000000000000000000e+00
8.108916293697491540e+01,0.000000000000000000e+00,0.000000000000000000e+00
8.008382264875915268e+01,0.000000000000000000e+00,0.000000000000000000e+00
7.753990946686764119e+01,0.000000000000000000e+00,0.000000000000000000e+00
8.005687186355892493e+01,0.000000000000000000e+00,0.000000000000000000e+00
7.909373532817791386e+01,0.000000000000000000e+00,0.000000000000000000e+00
8.348967300236628830e+01,0.000000000000000000e+00,0.000000000000000000e+00
8.085531403655635074e+01,0.000000000000000000e+00,0.000000000000000000e+00
7.891304101431965989e+01,0.000000000000000000e+00,0.000000000000000000e+00
7.657766620836815719e+01,0.000000000000000000e+00,0.000000000000000000e+00
8.205375781216331177e+01,0.000000000000000000e+00,0.000000000000000000e+00
7.991031718125890393e+01,0.000000000000000000e+00,0.000000000000000000e+00
7.887463760823337111e+01,0.000000000000000000e+00,0.000000000000000000e+00
7.729473551608322168e+01,0.000000000000000000e+00,0.000000000000000000e+00
8.094453930408609210e+01,0.000000000000000000e+00,0.000000000000000000e+00
7.987598776232766795e+01,0.000000000000000000e+00,0.000000000000000000e+00
7.948692905382867480e+01,0.000000000000000000e+00,0.000000000000000000e+00
8.119000065357346330e+01,0.000000000000000000e+00,0.000000000000000000e+00
7.816033906423537303e+01,0.000000000000000000e+00,0.000000000000000000e+00
7.835160609343657256e+01,0.000000000000000000e+00,0.000000000000000000e+00
7.773128219344576451e+01,0.000000000000000000e+00,0.000000000000000000e+00
7.715536596600595942e+01,0.000000000000000000e+00,0.000000000000000000e+00
8.286751701345383481e+01,0.000000000000000000e+00,0.000000000000000000e+00
7.743718643916683675e+01,0.000000000000000000e+00,0.000000000000000000e+00
8.282391442307574891e+01,0.000000000000000000e+00,0.000000000000000000e+00
8.052979166095069274e+01,0.000000000000000000e+00,0.000000000000000000e+00
8.119477278054863234e+01,0.000000000000000000e+00,0.000000000000000000e+00
8.693314661047570269e+01,0.000000000000000000e+00,0.000000000000000000e+00
7.869387293702969544e+01,0.000000000000000000e+00,0.000000000000000000e+00
7.773601814753243389e+01,0.000000000000000000e+00,0.000000000000000000e+00
7.985216708504498229e+01,0.000000000000000000e+00,0.000000000000000000e+00
7.724997863550122190e+01,0.000000000000000000e+00,0.000000000000000000e+00
8.346928914820287559e+01,0.000000000000000000e+00,0.000000000000000000e+00
8.015692759924735356e+01,0.000000000000000000e+00,0.000000000000000000e+00
8.049303910464388423e+01,0.000000000000000000e+00,0.000000000000000000e+00
8.012772846023328555e+01,0.000000000000000000e+00,0.000000000000000000e+00
7.938423924900527595e+01,0.000000000000000000e+00,0.000000000000000000e+00
7.963338516710248882e+01,0.000000000000000000e+00,0.000000000000000000e+00
7.803810689053858596e+01,0.000000000000000000e+00,0.000000000000000000e+00
8.089950443032822136e+01,0.000000000000000000e+00,0.000000000000000000e+00
8.145412962912813271e+01,0.000000000000000000e+00,0.000000000000000000e+00
8.062786985590724953e+01,0.000000000000000000e+00,0.000000000000000000e+00
7.963388785874809628e+01,0.000000000000000000e+00,0.000000000000000000e+00
7.614360228996869751e+01,0.000000000000000000e+00,0.000000000000000000e+00
8.007891023199888991e+01,0.000000000000000000e+00,0.000000000000000000e+00
8.225820669157495502e+01,0.000000000000000000e+00,0.000000000000000000e+00
8.032623331772786912e+01,0.000000000000000000e+00,0.000000000000000000e+00
7.559177833697788174e+01,0.000000000000000000e+00,0.000000000000000000e+00
7.780837021144722598e+01,0.000000000000000000e+00,0.000000000000000000e+00
8.143867653985191168e+01,0.000000000000000000e+00,0.000000000000000000e+00
8.047648703217451782e+01,0.000000000000000000e+00,0.000000000000000000e+00
7.635752322747330822e+01,0.000000000000000000e+00,0.000000000000000000e+00
7.905128814299519036e+01,0.000000000000000000e+00,0.000000000000000000e+00
7.742690072614665553e+01,0.000000000000000000e+00,0.000000000000000000e+00
8.179970904177591251e+01,0.000000000000000000e+00,0.000000000000000000e+00
7.909599236369754749e+01,0.000000000000000000e+00,0.000000000000000000e+00
7.859696615603694170e+01,0.000000000000000000e+00,0.000000000000000000e+00
8.063214411687840766e+01,0.000000000000000000e+00,0.000000000000000000e+00
7.336141797428435041e+01,0.000000000000000000e+00,0.000000000000000000e+00
7.640136580055028048e+01,0.000000000000000000e+00,0.000000000000000000e+00
7.916563881722075280e+01,0.000000000000000000e+00,0.000000000000000000e+00
8.083435170488601784e+01,0.000000000000000000e+00,0.000000000000000000e+00
8.242094774715361893e+01,0.000000000000000000e+00,0.000000000000000000e+00
7.886660875529632619e+01,0.000000000000000000e+00,0.000000000000000000e+00
7.663359697295773287e+01,0.000000000000000000e+00,0.000000000000000000e+00
7.793000140429234079e+01,0.000000000000000000e+00,0.000000000000000000e+00
7.982086388654984432e+01,0.000000000000000000e+00,0.000000000000000000e+00
7.837413258711310959e+01,0.000000000000000000e+00,0.000000000000000000e+00
8.267415482259147552e+01,0.000000000000000000e+00,0.000000000000000000e+00
7.888128580776547949e+01,0.000000000000000000e+00,0.000000000000000000e+00
7.911187446828924408e+01,0.000000000000000000e+00,0.000000000000000000e+00
7.579536568651643336e+01,0.000000000000000000e+00,0.000000000000000000e+00
7.786373043235603575e+01,0.000000000000000000e+00,0.000000000000000000e+00
7.935062142140071728e+01,0.000000000000000000e+00,0.000000000000000000e+00
7.848897258743710381e+01,0.000000000000000000e+00,0.000000000000000000e+00
7.840681582888390722e+01,0.000000000000000000e+00,0.000000000000000000e+00
8.240025556357824144e+01,0.000000000000000000e+00,0.000000000000000000e+00
7.553540038949522284e+01,0.000000000000000000e+00,0.000000000000000000e+00
8.022129638482196867e+01,0.000000000000000000e+00,0.000000000000000000e+00
8.184703314238785765e+01,0.000000000000000000e+00,0.000000000000000000e+00
7.673874067606814720e+01,0.000000000000000000e+00,0.000000000000000000e+00
7.831101510215493988e+01,0.000000000000000000e+00,0.000000000000000000e+00
8.301916829431876010e+01,0.000000000000000000e+00,0.000000000000000000e+00
7.900914216641311327e+01,0.000000000000000000e+00,0.000000000000000000e+00
7.849617312334520136e+01,0.000000000000000000e+00,0.000000000000000000e+00
7.746506090209126683e+01,0.000000000000000000e+00,0.000000000000000000e+00
8.032400620973101013e+01,0.000000000000000000e+00,0.000000000000000000e+00
8.159729791520666708e+01,0.000000000000000000e+00,0.000000000000000000e+00
8.294574312588028420e+01,0.000000000000000000e+00,0.000000000000000000e+00
7.611458671550603583e+01,0.000000000000000000e+00,0.000000000000000000e+00
7.952933408259836767e+01,0.000000000000000000e+00,0.000000000000000000e+00
8.040332893171829198e+01,0.000000000000000000e+00,0.000000000000000000e+00
7.317025149392918593e+01,0.000000000000000000e+00,0.000000000000000000e+00
7.705335383338558586e+01,0.000000000000000000e+00,0.000000000000000000e+00
7.673308481740393461e+01,0.000000000000000000e+00,0.000000000000000000e+00
7.891071133819146155e+01,0.000000000000000000e+00,0.000000000000000000e+00
7.851172556540726077e+01,0.000000000000000000e+00,0.000000000000000000e+00
7.599815557599134763e+01,0.000000000000000000e+00,0.000000000000000000e+00
7.782393981247970771e+01,0.000000000000000000e+00,0.000000000000000000e+00
7.825432341320222918e+01,0.000000000000000000e+00,0.000000000000000000e+00
7.827739852597427728e+01,0.000000000000000000e+00,0.000000000000000000e+00
8.173520117951427721e+01,0.000000000000000000e+00,0.000000000000000000e+00
7.912176537252027231e+01,0.000000000000000000e+00,0.000000000000000000e+00
7.789934539765684463e+01,0.000000000000000000e+00,0.000000000000000000e+00
7.736217006457192724e+01,0.000000000000000000e+00,0.000000000000000000e+00
7.817985952072321254e+01,0.000000000000000000e+00,0.000000000000000000e+00
7.999074504121615803e+01,0.000000000000000000e+00,0.000000000000000000e+00
7.723671959794545216e+01,0.000000000000000000e+00,0.000000000000000000e+00
7.847449090800172655e+01,0.000000000000000000e+00,0.000000000000000000e+00
7.885829832069893541e+01,0.000000000000000000e+00,0.000000000000000000e+00
7.799849815957408339e+01,0.000000000000000000e+00,0.000000000000000000e+00
7.826529452233668849e+01,0.000000000000000000e+00,0.000000000000000000e+00
7.892866427463984280e+01,0.000000000000000000e+00,0.000000000000000000e+00
8.162682836761869964e+01,0.000000000000000000e+00,0.000000000000000000e+00
7.729727459595547145e+01,0.000000000000000000e+00,0.000000000000000000e+00
7.927484401860644425e+01,0.000000000000000000e+00,0.000000000000000000e+00
7.622795707788671393e+01,0.000000000000000000e+00,0.000000000000000000e+00
7.429256139472428799e+01,0.000000000000000000e+00,0.000000000000000000e+00
7.930219291130279657e+01,0.000000000000000000e+00,0.000000000000000000e+00
7.354753962491759012e+01,0.000000000000000000e+00,0.000000000000000000e+00
7.734307667689856203e+01,0.000000000000000000e+00,0.000000000000000000e+00
7.676726408193856344e+01,0.000000000000000000e+00,0.000000000000000000e+00
7.702024629416486334e+01,0.000000000000000000e+00,0.000000000000000000e+00
7.908951188024521173e+01,0.000000000000000000e+00,0.000000000000000000e+00
7.758555756693897365e+01,0.000000000000000000e+00,0.000000000000000000e+00
7.467110695176297952e+01,0.000000000000000000e+00,0.000000000000000000e+00
7.809094652910211209e+01,0.000000000000000000e+00,0.000000000000000000e+00
7.524682480305081356e+01,0.000000000000000000e+00,0.000000000000000000e+00
7.896404276241355547e+01,0.000000000000000000e+00,0.000000000000000000e+00
7.174714308465615886e+01,0.000000000000000000e+00,0.000000000000000000e+00
7.920737844328110100e+01,0.000000000000000000e+00,0.000000000000000000e+00
7.611895493532178136e+01,0.000000000000000000e+00,0.000000000000000000e+00
7.828965345718796698e+01,0.000000000000000000e+00,0.000000000000000000e+00
7.634964981626922054e+01,0.000000000000000000e+00,0.000000000000000000e+00
7.583692151026194495e+01,0.000000000000000000e+00,0.000000000000000000e+00
7.676386529036491879e+01,0.000000000000000000e+00,0.000000000000000000e+00
7.829304617591814974e+01,0.000000000000000000e+00,0.000000000000000000e+00
7.820569937262168025e+01,0.000000000000000000e+00,0.000000000000000000e+00
7.774504891302663623e+01,0.000000000000000000e+00,0.000000000000000000e+00
7.743269641756290866e+01,0.000000000000000000e+00,0.000000000000000000e+00
7.418501852901097493e+01,0.000000000000000000e+00,0.000000000000000000e+00
7.807822805999541060e+01,0.000000000000000000e+00,0.000000000000000000e+00
7.685963873804789159e+01,0.000000000000000000e+00,0.000000000000000000e+00
7.596171840329250813e+01,0.000000000000000000e+00,0.000000000000000000e+00
7.846491918506045238e+01,0.000000000000000000e+00,0.000000000000000000e+00
7.869972268749415889e+01,0.000000000000000000e+00,0.000000000000000000e+00
7.557316615780159452e+01,0.000000000000000000e+00,0.000000000000000000e+00
7.655337704794493447e+01,0.000000000000000000e+00,0.000000000000000000e+00
7.652036842734788991e+01,0.000000000000000000e+00,0.000000000000000000e+00
7.396903554747537157e+01,0.000000000000000000e+00,0.000000000000000000e+00
7.921795194705489962e+01,0.000000000000000000e+00,0.000000000000000000e+00
7.910477551061320867e+01,0.000000000000000000e+00,0.000000000000000000e+00
7.556183408832903581e+01,0.000000000000000000e+00,0.000000000000000000e+00
7.837445350477730699e+01,0.000000000000000000e+00,0.000000000000000000e+00
7.673098091510692598e+01,0.000000000000000000e+00,0.000000000000000000e+00
8.032774377763284690e+01,0.000000000000000000e+00,0.000000000000000000e+00
7.736500628016177927e+01,0.000000000000000000e+00,0.000000000000000000e+00
7.383099259766363787e+01,0.000000000000000000e+00,0.000000000000000000e+00
7.445560985318662972e+01,0.000000000000000000e+00,0.000000000000000000e+00
7.808759200832788849e+01,0.000000000000000000e+00,0.000000000000000000e+00
7.617497715295198191e+01,0.000000000000000000e+00,0.000000000000000000e+00
7.224323825009849998e+01,0.000000000000000000e+00,0.000000000000000000e+00
7.482599519713984648e+01,0.000000000000000000e+00,0.000000000000000000e+00
7.729420135367669786e+01,0.000000000000000000e+00,0.000000000000000000e+00
7.781310569223732898e+01,0.000000000000000000e+00,0.000000000000000000e+00
7.560882509184025935e+01,0.000000000000000000e+00,0.000000000000000000e+00
7.815040475667868236e+01,0.000000000000000000e+00,0.000000000000000000e+00
7.736494718186193609e+01,0.000000000000000000e+00,0.000000000000000000e+00
7.645320237233912053e+01,0.000000000000000000e+00,0.000000000000000000e+00
7.539328327892697246e+01,0.000000000000000000e+00,0.000000000000000000e+00
7.767763138805442225e+01,0.000000000000000000e+00,0.000000000000000000e+00
7.532778622790284828e+01,0.000000000000000000e+00,0.000000000000000000e+00
7.679338235571835014e+01,0.000000000000000000e+00,0.000000000000000000e+00
7.510406731126091984e+01,0.000000000000000000e+00,0.000000000000000000e+00
7.474347162966670055e+01,0.000000000000000000e+00,0.000000000000000000e+00
7.418636838856939164e+01,0.000000000000000000e+00,0.000000000000000000e+00
7.723479111161228161e+01,0.000000000000000000e+00,0.000000000000000000e+00
7.455956026656151892e+01,0.000000000000000000e+00,0.000000000000000000e+00
7.607127179391684990e+01,0.000000000000000000e+00,0.000000000000000000e+00
7.426814523719562544e+01,0.000000000000000000e+00,0.000000000000000000e+00
7.401580338399503489e+01,0.000000000000000000e+00,0.000000000000000000e+00
7.736910882465606676e+01,0.000000000000000000e+00,0.000000000000000000e+00
7.390806675439534956e+01,0.000000000000000000e+00,0.000000000000000000e+00
7.259068169555959571e+01,0.000000000000000000e+00,0.000000000000000000e+00
7.675019700289595903e+01,0.000000000000000000e+00,0.000000000000000000e+00
7.524865177929345350e+01,0.000000000000000000e+00,0.000000000000000000e+00
7.605828592035368274e+01,0.000000000000000000e+00,0.000000000000000000e+00
7.074394512720199657e+01,0.000000000000000000e+00,0.000000000000000000e+00
7.345543887869649780e+01,0.000000000000000000e+00,0.000000000000000000e+00
7.610458184405732140e+01,0.000000000000000000e+00,0.000000000000000000e+00
7.634516056009007912e+01,0.000000000000000000e+00,0.000000000000000000e+00
7.457064182942791319e+01,0.000000000000000000e+00,0.000000000000000000e+00
7.259979236479173892e+01,0.000000000000000000e+00,0.000000000000000000e+00
7.459016522517048031e+01,0.000000000000000000e+00,0.000000000000000000e+00
7.365903704376134442e+01,0.000000000000000000e+00,0.000000000000000000e+00
7.352655476140084545e+01,0.000000000000000000e+00,0.000000000000000000e+00
7.435422536027452622e+01,0.000000000000000000e+00,0.000000000000000000e+00
7.542660447424651693e+01,0.000000000000000000e+00,0.000000000000000000e+00
7.662977691989057405e+01,0.000000000000000000e+00,0.000000000000000000e+00
7.139796128353222571e+01,0.000000000000000000e+00,0.000000000000000000e+00
7.661966181088180861e+01,0.000000000000000000e+00,0.000000000000000000e+00
7.395357442152598537e+01,0.000000000000000000e+00,0.000000000000000000e+00
7.810408583292880280e+01,0.000000000000000000e+00,0.000000000000000000e+00
7.424306560467989868e+01,0.000000000000000000e+00,0.000000000000000000e+00
7.324254078080760166e+01,0.000000000000000000e+00,0.000000000000000000e+00
7.813016839899273691e+01,0.000000000000000000e+00,0.000000000000000000e+00
7.388090931556342866e+01,0.000000000000000000e+00,0.000000000000000000e+00
7.653790159436050544e+01,0.000000000000000000e+00,0.000000000000000000e+00
7.023488183020729991e+01,0.000000000000000000e+00,0.000000000000000000e+00
7.288505962188943954e+01,0.000000000000000000e+00,0.000000000000000000e+00
7.471780671236346905e+01,0.000000000000000000e+00,0.000000000000000000e+00
7.279129727373623382e+01,0.000000000000000000e+00,0.000000000000000000e+00
7.637137477186669798e+01,0.000000000000000000e+00,0.000000000000000000e+00
7.349430056158985280e+01,0.000000000000000000e+00,0.000000000000000000e+00
7.392583232557568351e+01,0.000000000000000000e+00,0.000000000000000000e+00
7.647621385283105155e+01,0.000000000000000000e+00,0.000000000000000000e+00
7.234086358152639207e+01,0.000000000000000000e+00,0.000000000000000000e+00
6.965496948311896119e+01,0.000000000000000000e+00,0.000000000000000000e+00
7.459340606973472632e+01,0.000000000000000000e+00,0.000000000000000000e+00
6.927211227691755369e+01,0.000000000000000000e+00,0.000000000000000000e+00
7.206898168764045920e+01,0.000000000000000000e+00,0.000000000000000000e+00
7.589414567924733035e+01,0.000000000000000000e+00,0.000000000000000000e+00
7.479849960997078995e+01,0.000000000000000000e+00,0.000000000000000000e+00
7.420382397390481799e+01,0.000000000000000000e+00,0.000000000000000000e+00
7.206414603864321577e+01,0.000000000000000000e+00,0.000000000000000000e+00
7.326646788553223644e+01,0.000000000000000000e+00,0.000000000000000000e+00
7.176036587640547282e+01,0.000000000000000000e+00,0.000000000000000000e+00
7.574334699228337797e+01,0.000000000000000000e+00,0.000000000000000000e+00
7.262484690628146211e+01,0.000000000000000000e+00,0.000000000000000000e+00
7.639632532477216387e+01,0.000000000000000000e+00,0.000000000000000000e+00
7.304182438793458232e+01,0.000000000000000000e+00,0.000000000000000000e+00
6.875750247155491479e+01,0.000000000000000000e+00,0.000000000000000000e+00
6.906464531747650426e+01,0.000000000000000000e+00,0.000000000000000000e+00
7.112209160568120581e+01,0.000000000000000000e+00,0.000000000000000000e+00
7.373581545001688653e+01,0.000000000000000000e+00,0.000000000000000000e+00
6.749650284305566572e+01,0.000000000000000000e+00,0.000000000000000000e+00
7.272069024954248562e+01,0.000000000000000000e+00,0.000000000000000000e+00
7.424311085416641731e+01,0.000000000000000000e+00,0.000000000000000000e+00
6.977778213041395361e+01,0.000000000000000000e+00,0.000000000000000000e+00
7.376420775139989416e+01,0.000000000000000000e+00,0.000000000000000000e+00
6.799641134578727986e+01,0.000000000000000000e+00,0.000000000000000000e+00
7.065163794435241584e+01,0.000000000000000000e+00,0.000000000000000000e+00
7.236626147516018648e+01,0.000000000000000000e+00,0.000000000000000000e+00
7.302487123318810802e+01,0.000000000000000000e+00,0.000000000000000000e+00
7.230765819646867953e+01,0.000000000000000000e+00,0.000000000000000000e+00
7.042362426278339171e+01,0.000000000000000000e+00,0.000000000000000000e+00
7.282588473261559159e+01,0.000000000000000000e+00,0.000000000000000000e+00
7.400580357035674695e+01,0.000000000000000000e+00,0.000000000000000000e+00
7.203011972401904472e+01,0.000000000000000000e+00,0.000000000000000000e+00
7.210790062899775421e+01,0.000000000000000000e+00,0.000000000000000000e+00
7.354678709080987176e+01,0.000000000000000000e+00,0.000000000000000000e+00
7.198254454812543202e+01,0.000000000000000000e+00,0.000000000000000000e+00
6.862261120067527997e+01,0.000000000000000000e+00,0.000000000000000000e+00
7.352984275892674759e+01,0.000000000000000000e+00,0.000000000000000000e+00
7.200336010529888142e+01,0.000000000000000000e+00,0.000000000000000000e+00
6.935279973307261514e+01,0.000000000000000000e+00,0.000000000000000000e+00
7.369495404278204376e+01,0.000000000000000000e+00,0.000000000000000000e+00
7.040284432878321752e+01,0.000000000000000000e+00,0.000000000000000000e+00
6.861699628586434585e+01,0.000000000000000000e+00,0.000000000000000000e+00
7.226112168070794439e+01,0.000000000000000000e+00,0.000000000000000000e+00
7.251185798814731243e+01,0.000000000000000000e+00,0.000000000000000000e+00
7.229206928687034406e+01,0.000000000000000000e+00,0.000000000000000000e+00
7.028672687825323351e+01,0.000000000000000000e+00,0.000000000000000000e+00
6.862254969620592249e+01,0.000000000000000000e+00,0.000000000000000000e+00
7.067864947388464714e+01,0.000000000000000000e+00,0.000000000000000000e+00
7.419577007233064592e+01,0.000000000000000000e+00,0.000000000000000000e+00
7.381627378494040670e+01,0.000000000000000000e+00,0.000000000000000000e+00
7.047114323640866473e+01,0.000000000000000000e+00,0.000000000000000000e+00
7.108864024634088707e+01,0.000000000000000000e+00,0.000000000000000000e+00
6.512665422241761348e+01,0.000000000000000000e+00,0.000000000000000000e+00
7.086414606763737822e+01,0.000000000000000000e+00,0.000000000000000000e+00
7.195115459304460614e+01,0.000000000000000000e+00,0.000000000000000000e+00
7.187053666151082609e+01,0.000000000000000000e+00,0.000000000000000000e+00
6.804166423007983155e+01,0.000000000000000000e+00,0.000000000000000000e+00
7.217197434497295205e+01,0.000000000000000000e+00,0.000000000000000000e+00
7.004869254818895286e+01,0.000000000000000000e+00,0.000000000000000000e+00
6.765029757618560780e+01,0.000000000000000000e+00,0.000000000000000000e+00
6.610937878463933259e+01,0.000000000000000000e+00,0.000000000000000000e+00
6.790754616168443647e+01,0.000000000000000000e+00,0.000000000000000000e+00
7.153279322880484870e+01,0.000000000000000000e+00,0.000000000000000000e+00
6.739557378184893821e+01,0.000000000000000000e+00,0.000000000000000000e+00
7.305650682805143958e+01,0.000000000000000000e+00,0.000000000000000000e+00
7.128699331612573076e+01,0.000000000000000000e+00,0.000000000000000000e+00
6.944179869595078003e+01,0.000000000000000000e+00,0.000000000000000000e+00
7.193884756347246423e+01,0.000000000000000000e+00,0.000000000000000000e+00
7.457132569598462624e+01,0.000000000000000000e+00,0.000000000000000000e+00
6.939108210812740651e+01,0.000000000000000000e+00,0.000000000000000000e+00
6.971105679921046772e+01,0.000000000000000000e+00,0.000000000000000000e+00
7.148530926588344414e+01,0.000000000000000000e+00,0.000000000000000000e+00
6.678102533982070099e+01,0.000000000000000000e+00,0.000000000000000000e+00
6.884181090367992795e+01,0.000000000000000000e+00,0.000000000000000000e+00
6.778916657064819162e+01,0.000000000000000000e+00,0.000000000000000000e+00
6.510127989432170637e+01,0.000000000000000000e+00,0.000000000000000000e+00
7.105215800267954762e+01,0.000000000000000000e+00,0.000000000000000000e+00
7.232841556066813382e+01,0.000000000000000000e+00,0.000000000000000000e+00
6.979938089423320946e+01,0.000000000000000000e+00,0.000000000000000000e+00
7.078253167540687230e+01,0.000000000000000000e+00,0.000000000000000000e+00
6.806496458004818351e+01,0.000000000000000000e+00,0.000000000000000000e+00
6.993468081804394387e+01,0.000000000000000000e+00,0.000000000000000000e+00
7.083059999020774455e+01,0.000000000000000000e+00,0.000000000000000000e+00
6.691331844593624112e+01,0.000000000000000000e+00,0.000000000000000000e+00
7.096887760067801310e+01,0.000000000000000000e+00,0.000000000000000000e+00
6.936909954517159349e+01,0.000000000000000000e+00,0.000000000000000000e+00
6.806810420393028949e+01,0.000000000000000000e+00,0.000000000000000000e+00
6.794820591530368858e+01,0.000000000000000000e+00,0.000000000000000000e+00
6.872302461866973999e+01,0.000000000000000000e+00,0.000000000000000000e+00
6.656452996931135146e+01,0.000000000000000000e+00,0.000000000000000000e+00
7.023933794325974134e+01,0.000000000000000000e+00,0.000000000000000000e+00
6.721909572733781602e+01,0.000000000000000000e+00,0.000000000000000000e+00
6.351744428764175154e+01,0.000000000000000000e+00,0.000000000000000000e+00
6.475047442818647880e+01,0.000000000000000000e+00,0.000000000000000000e+00
6.901409483253540600e+01,0.000000000000000000e+00,0.000000000000000000e+00
6.796131871282231884e+01,0.000000000000000000e+00,0.000000000000000000e+00
6.796388061182331342e+01,0.000000000000000000e+00,0.000000000000000000e+00
6.723213019936764567e+01,0.000000000000000000e+00,0.000000000000000000e+00
6.853443601491559889e+01,0.000000000000000000e+00,0.000000000000000000e+00
6.727275820169604970e+01,0.000000000000000000e+00,0.000000000000000000e+00
6.766992538708042559e+01,0.000000000000000000e+00,0.000000000000000000e+00
7.172880940283714324e+01,0.000000000000000000e+00,0.000000000000000000e+00
6.626085920093180448e+01,0.000000000000000000e+00,0.000000000000000000e+00
6.722631230136877889e+01,0.000000000000000000e+00,0.000000000000000000e+00
6.688119740840576810e+01,0.000000000000000000e+00,0.000000000000000000e+00
6.864300230621354615e+01,0.000000000000000000e+00,0.000000000000000000e+00
6.546097278878508519e+01,0.000000000000000000e+00,0.000000000000000000e+00
6.777789239590566694e+01,0.000000000000000000e+00,0.000000000000000000e+00
7.095559182796945663e+01,0.000000000000000000e+00,0.000000000000000000e+00
6.625610497896009576e+01,0.000000000000000000e+00,0.000000000000000000e+00
6.788581531167064043e+01,0.000000000000000000e+00,0.000000000000000000e+00
7.014510843543843066e+01,0.000000000000000000e+00,0.000000000000000000e+00
6.852152155834143343e+01,0.000000000000000000e+00,0.000000000000000000e+00
6.433699179801706691e+01,0.000000000000000000e+00,0.000000000000000000e+00
6.628990415794363855e+01,0.000000000000000000e+00,0.000000000000000000e+00
6.591706653702505037e+01,0.000000000000000000e+00,0.000000000000000000e+00
6.521546549575521112e+01,0.000000000000000000e+00,0.000000000000000000e+00
6.233299458140857752e+01,0.000000000000000000e+00,0.000000000000000000e+00
6.857256389458194690e+01,0.000000000000000000e+00,0.000000000000000000e+00
6.551289418906006290e+01,0.000000000000000000e+00,0.000000000000000000e+00
6.596697835692128820e+01,0.000000000000000000e+00,0.000000000000000000e+00
6.493212592802953509e+01,0.000000000000000000e+00,0.000000000000000000e+00
6.347887446728178418e+01,0.000000000000000000e+00,0.000000000000000000e+00
6.548654687008239250e+01,0.000000000000000000e+00,0.000000000000000000e+00
6.708179344924855059e+01,0.000000000000000000e+00,0.000000000000000000e+00
6.659824406178699974e+01,0.000000000000000000e+00,0.000000000000000000e+00
6.598426474088526561e+01,0.000000000000000000e+00,0.000000000000000000e+00
6.724615396436996662e+01,0.000000000000000000e+00,0.000000000000000000e+00
6.878499123557220685e+01,0.000000000000000000e+00,0.000000000000000000e+00
6.752570446122200565e+01,0.000000000000000000e+00,0.000000000000000000e+00
6.509552287831991180e+01,0.000000000000000000e+00,0.000000000000000000e+00
6.665906858548198954e+01,0.000000000000000000e+00,0.000000000000000000e+00
6.442448072206772736e+01,0.000000000000000000e+00,0.000000000000000000e+00
6.797160853796438573e+01,0.000000000000000000e+00,0.000000000000000000e+00
6.581739633592027872e+01,0.000000000000000000e+00,0.000000000000000000e+00
6.464282787419936938e+01,0.000000000000000000e+00,0.000000000000000000e+00
6.677580650537994700e+01,0.000000000000000000e+00,0.000000000000000000e+00
6.615573985734492624e+01,0.000000000000000000e+00,0.000000000000000000e+00
6.185855416442661436e+01,0.000000000000000000e+00,0.000000000000000000e+00
6.286277095495479728e+01,0.000000000000000000e+00,0.000000000000000000e+00
5.989321461285356918e+01,0.000000000000000000e+00,0.000000000000000000e+00
6.701040797687574013e+01,0.000000000000000000e+00,0.000000000000000000e+00
6.580513308459380539e+01,0.000000000000000000e+00,0.000000000000000000e+00
6.399327819718654808e+01,0.000000000000000000e+00,0.000000000000000000e+00
6.291310617501175528e+01,0.000000000000000000e+00,0.000000000000000000e+00
6.741783270938330475e+01,0.000000000000000000e+00,0.000000000000000000e+00
6.052883701950608497e+01,0.000000000000000000e+00,0.000000000000000000e+00
6.261770563758341979e+01,0.000000000000000000e+00,0.000000000000000000e+00
6.729289674953454892e+01,0.000000000000000000e+00,0.000000000000000000e+00
6.022083291851944864e+01,0.000000000000000000e+00,0.000000000000000000e+00
6.253393469860930054e+01,0.000000000000000000e+00,0.000000000000000000e+00
6.610915388544154325e+01,0.000000000000000000e+00,0.000000000000000000e+00
6.454249312745378120e+01,0.000000000000000000e+00,0.000000000000000000e+00
6.537024151618805945e+01,0.000000000000000000e+00,0.000000000000000000e+00
6.302108897178389668e+01,0.000000000000000000e+00,0.000000000000000000e+00
6.290374222955843919e+01,0.000000000000000000e+00,0.000000000000000000e+00
6.493730367889988031e+01,0.000000000000000000e+00,0.000000000000000000e+00
6.360653278252021892e+01,0.000000000000000000e+00,0.000000000000000000e+00
6.214589669376113079e+01,0.000000000000000000e+00,0.000000000000000000e+00
6.481949520922536578e+01,0.000000000000000000e+00,0.000000000000000000e+00
6.162317096112600723e+01,0.000000000000000000e+00,0.000000000000000000e+00
6.409373941926534712e+01,0.000000000000000000e+00,0.000000000000000000e+00
6.686749680613769442e+01,0.000000000000000000e+00,0.000000000000000000e+00
6.186031886905848864e+01,0.000000000000000000e+00,0.000000000000000000e+00
6.454035209634206183e+01,0.000000000000000000e+00,0.000000000000000000e+00
6.579535894141911001e+01,0.000000000000000000e+00,0.000000000000000000e+00
6.176312177648880919e+01,0.000000000000000000e+00,0.000000000000000000e+00
6.554942753787661047e+01,0.000000000000000000e+00,0.000000000000000000e+00
6.104282002663302364e+01,0.000000000000000000e+00,0.000000000000000000e+00
6.197471508037875765e+01,0.000000000000000000e+00,0.000000000000000000e+00
6.428288501567777757e+01,0.000000000000000000e+00,0.000000000000000000e+00
5.901838197100612859e+01,0.000000000000000000e+00,0.000000000000000000e+00
6.178049246116568582e+01,0.000000000000000000e+00,0.000000000000000000e+00
6.362313955907156071e+01,0.000000000000000000e+00,0.000000000000000000e+00
6.499026998993717541e+01,0.000000000000000000e+00,0.000000000000000000e+00
6.381794554303930056e+01,0.000000000000000000e+00,0.000000000000000000e+00
6.059715813565241405e+01,0.000000000000000000e+00,0.000000000000000000e+00
6.310125383472746563e+01,0.000000000000000000e+00,0.000000000000000000e+00
6.097010019428287819e+01,0.000000000000000000e+00,0.000000000000000000e+00
6.276956418680273231e+01,0.000000000000000000e+00,0.000000000000000000e+00
6.138017007123719537e+01,0.000000000000000000e+00,0.000000000000000000e+00
6.362539997270584990e+01,0.000000000000000000e+00,0.000000000000000000e+00
6.450181188551236744e+01,0.000000000000000000e+00,0.000000000000000000e+00
6.208459519707666630e+01,0.000000000000000000e+00,0.000000000000000000e+00
6.412102302536344212e+01,0.000000000000000000e+00,0.000000000000000000e+00
6.374635749430441933e+01,0.000000000000000000e+00,0.000000000000000000e+00
6.313934096456737421e+01,0.000000000000000000e+00,0.000000000000000000e+00
5.545996092193053073e+01,0.000000000000000000e+00,0.000000000000000000e+00
6.158604338157055480e+01,0.000000000000000000e+00,0.000000000000000000e+00
6.175449817921995077e+01,0.000000000000000000e+00,0.000000000000000000e+00
5.896353330949216343e+01,0.000000000000000000e+00,0.000000000000000000e+00
6.410704534195467375e+01,0.000000000000000000e+00,0.000000000000000000e+00
6.068097300901244040e+01,0.000000000000000000e+00,0.000000000000000000e+00
6.059534164713526394e+01,0.000000000000000000e+00,0.000000000000000000e+00
6.062381994927384454e+01,0.000000000000000000e+00,0.000000000000000000e+00
6.333049360078296530e+01,0.000000000000000000e+00,0.000000000000000000e+00
6.053931295129159196e+01,0.000000000000000000e+00,0.000000000000000000e+00
5.595950399621120397e+01,0.000000000000000000e+00,0.000000000000000000e+00
5.989728174711668629e+01,0.000000000000000000e+00,0.000000000000000000e+00
6.036184204132447917e+01,0.000000000000000000e+00,0.000000000000000000e+00
5.998010118931374279e+01,0.000000000000000000e+00,0.000000000000000000e+00
6.335601934613583808e+01,0.000000000000000000e+00,0.000000000000000000e+00
5.630434047905959005e+01,0.000000000000000000e+00,0.000000000000000000e+00
6.215476389541306901e+01,0.000000000000000000e+00,0.000000000000000000e+00
6.056461193063332615e+01,0.000000000000000000e+00,0.000000000000000000e+00
6.243321660997236933e+01,0.000000000000000000e+00,0.000000000000000000e+00
6.038067034646570619e+01,0.000000000000000000e+00,0.000000000000000000e+00
5.974175536889479332e+01,0.000000000000000000e+00,0.000000000000000000e+00
6.087794615168255064e+01,0.000000000000000000e+00,0.000000000000000000e+00
6.361813414520832310e+01,0.000000000000000000e+00,0.000000000000000000e+00
5.898196748861467853e+01,0.000000000000000000e+00,0.000000000000000000e+00
6.073284532260748847e+01,0.000000000000000000e+00,0.000000000000000000e+00
6.002176638492186100e+01,0.000000000000000000e+00,0.000000000000000000e+00
5.963536848646582200e+01,0.000000000000000000e+00,0.000000000000000000e+00
5.903771423467527768e+01,0.000000000000000000e+00,0.000000000000000000e+00
6.153178171151390785e+01,0.000000000000000000e+00,0.000000000000000000e+00
5.957141858154376024e+01,0.000000000000000000e+00,0.000000000000000000e+00
5.881437539010835280e+01,0.000000000000000000e+00,0.000000000000000000e+00
6.035414072376846661e+01,0.000000000000000000e+00,0.000000000000000000e+00
5.929386367523783008e+01,0.000000000000000000e+00,0.000000000000000000e+00
5.893627255751048466e+01,0.000000000000000000e+00,0.000000000000000000e+00
6.112012885463014555e+01,0.000000000000000000e+00,0.000000000000000000e+00
6.027404629568990657e+01,0.000000000000000000e+00,0.000000000000000000e+00
5.790014072841124460e+01,0.000000000000000000e+00,0.000000000000000000e+00
6.232500915298093958e+01,0.000000000000000000e+00,0.000000000000000000e+00
5.631566925924261113e+01,0.000000000000000000e+00,0.000000000000000000e+00
5.919209559551556055e+01,0.000000000000000000e+00,0.000000000000000000e+00
5.880210692958100083e+01,0.000000000000000000e+00,0.000000000000000000e+00
5.897058879657826935e+01,0.000000000000000000e+00,0.000000000000000000e+00
5.761094222366041606e+01,0.000000000000000000e+00,0.000000000000000000e+00
5.890903217510253143e+01,0.000000000000000000e+00,0.000000000000000000e+00
5.764885409911283176e+01,0.000000000000000000e+00,0.000000000000000000e+00
5.888354627453531265e+01,0.000000000000000000e+00,0.000000000000000000e+00
6.244408999485133904e+01,0.000000000000000000e+00,0.000000000000000000e+00
5.734510631827281912e+01,0.000000000000000000e+00,0.000000000000000000e+00
6.032075850884160673e+01,0.000000000000000000e+00,0.000000000000000000e+00
5.859365006433847611e+01,0.000000000000000000e+00,0.000000000000000000e+00
5.894038455991830716e+01,0.000000000000000000e+00,0.000000000000000000e+00
5.734541058668799707e+01,0.000000000000000000e+00,0.000000000000000000e+00
5.707856059243631108e+01,0.000000000000000000e+00,0.000000000000000000e+00
5.669491154413497469e+01,0.000000000000000000e+00,0.000000000000000000e+00
5.326804813206305056e+01,0.000000000000000000e+00,0.000000000000000000e+00
5.709061677032782711e+01,0.000000000000000000e+00,0.000000000000000000e+00
5.664686908023573153e+01,0.000000000000000000e+00,0.000000000000000000e+00
5.721623697411126130e+01,0.000000000000000000e+00,0.000000000000000000e+00
6.058180452427304630e+01,0.000000000000000000e+00,0.000000000000000000e+00
5.690757827070949304e+01,0.000000000000000000e+00,0.000000000000000000e+00
5.724691035496212521e+01,0.000000000000000000e+00,0.000000000000000000e+00
5.714481313995853640e+01,0.000000000000000000e+00,0.000000000000000000e+00
5.667530361085793800e+01,0.000000000000000000e+00,0.000000000000000000e+00
5.585987440284140604e+01,0.000000000000000000e+00,0.000000000000000000e+00
5.472255497048092820e+01,0.000000000000000000e+00,0.000000000000000000e+00
5.123842553121843935e+01,0.000000000000000000e+00,0.000000000000000000e+00
5.479907400211273227e+01,0.000000000000000000e+00,0.000000000000000000e+00
6.052310576023870681e+01,0.000000000000000000e+00,0.000000000000000000e+00
5.405697364451175702e+01,0.000000000000000000e+00,0.000000000000000000e+00
5.714952565198301926e+01,0.000000000000000000e+00,0.000000000000000000e+00
5.631806216119427688e+01,0.000000000000000000e+00,0.000000000000000000e+00
5.290664538672149320e+01,0.000000000000000000e+00,0.000000000000000000e+00
5.725708715349426825e+01,0.000000000000000000e+00,0.000000000000000000e+00
5.609760863404278552e+01,0.000000000000000000e+00,0.000000000000000000e+00
5.581922848482859933e+01,0.000000000000000000e+00,0.000000000000000000e+00
5.420315620662771039e+01,0.000000000000000000e+00,0.000000000000000000e+00
5.337891566770765905e+01,0.000000000000000000e+00,0.000000000000000000e+00
5.614305283632983645e+01,0.000000000000000000e+00,0.000000000000000000e+00
5.512106998452624396e+01,0.000000000000000000e+00,0.000000000000000000e+00
5.644491497917719869e+01,0.000000000000000000e+00,0.000000000000000000e+00
5.089564024133367326e+01,0.000000000000000000e+00,0.000000000000000000e+00
5.513988621044939720e+01,0.000000000000000000e+00,0.000000000000000000e+00
5.257402749568846190e+01,0.000000000000000000e+00,0.000000000000000000e+00
5.233100503267174730e+01,0.000000000000000000e+00,0.000000000000000000e+00
5.156292624930318169e+01,0.000000000000000000e+00,0.000000000000000000e+00
5.501068872181055269e+01,0.000000000000000000e+00,0.000000000000000000e+00
5.203850773186324830e+01,0.000000000000000000e+00,0.000000000000000000e+00
5.685379550617550848e+01,0.000000000000000000e+00,0.000000000000000000e+00
5.126754651752264635e+01,0.000000000000000000e+00,0.000000000000000000e+00
5.924359051409148691e+01,0.000000000000000000e+00,0.000000000000000000e+00
5.548108600373482346e+01,0.000000000000000000e+00,0.000000000000000000e+00
5.542364604369607406e+01,0.000000000000000000e+00,0.000000000000000000e+00
5.422907879454358238e+01,0.000000000000000000e+00,0.000000000000000000e+00
5.581176750485251148e+01,0.000000000000000000e+00,0.000000000000000000e+00
5.488805060093738319e+01,0.000000000000000000e+00,0.000000000000000000e+00
5.514675630164731501e+01,0.000000000000000000e+00,0.000000000000000000e+00
5.519663805029220072e+01,0.000000000000000000e+00,0.000000000000000000e+00
5.435234337923672143e+01,0.000000000000000000e+00,0.000000000000000000e+00
5.488091647038550036e+01,0.000000000000000000e+00,0.000000000000000000e+00
5.255261881115697520e+01,0.000000000000000000e+00,0.000000000000000000e+00
5.410908874423813586e+01,0.000000000000000000e+00,0.000000000000000000e+00
5.144904510476520443e+01,0.000000000000000000e+00,0.000000000000000000e+00
5.271022514902288236e+01,0.000000000000000000e+00,0.000000000000000000e+00
5.362427468066994152e+01,0.000000000000000000e+00,0.000000000000000000e+00
5.453211315761679145e+01,0.000000000000000000e+00,0.000000000000000000e+00
5.148299592957836524e+01,0.000000000000000000e+00,0.000000000000000000e+00
5.823473168127529220e+01,0.000000000000000000e+00,0.000000000000000000e+00
5.144095737367744192e+01,0.000000000000000000e+00,0.000000000000000000e+00
5.370352685608349930e+01,0.000000000000000000e+00,0.000000000000000000e+00
5.323730075252603910e+01,0.000000000000000000e+00,0.000000000000000000e+00
5.129649793557329929e+01,0.000000000000000000e+00,0.000000000000000000e+00
5.902464308132202575e+01,0.000000000000000000e+00,0.000000000000000000e+00
5.136937409051369485e+01,0.000000000000000000e+00,0.000000000000000000e+00
5.034313647663836377e+01,0.000000000000000000e+00,0.000000000000000000e+00
5.363536564934050688e+01,0.000000000000000000e+00,0.000000000000000000e+00
5.318023489886726907e+01,0.000000000000000000e+00,0.000000000000000000e+00
4.970546887413970438e+01,0.000000000000000000e+00,0.000000000000000000e+00
4.806900832882567443e+01,0.000000000000000000e+00,0.000000000000000000e+00
5.205455101382524674e+01,0.000000000000000000e+00,0.000000000000000000e+00
5.176811440431500699e+01,0.000000000000000000e+00,0.000000000000000000e+00
4.969506893755140453e+01,0.000000000000000000e+00,0.000000000000000000e+00
4.915805959452901419e+01,0.000000000000000000e+00,0.000000000000000000e+00
4.877535496905233714e+01,0.000000000000000000e+00,0.000000000000000000e+00
4.936864546518528130e+01,0.000000000000000000e+00,0.000000000000000000e+00
5.555304305205136473e+01,0.000000000000000000e+00,0.000000000000000000e+00
5.075569027992428062e+01,0.000000000000000000e+00,0.000000000000000000e+00
5.417485847494438644e+01,0.000000000000000000e+00,0.000000000000000000e+00
5.131473858328494941e+01,0.000000000000000000e+00,0.000000000000000000e+00
5.081796254210578923e+01,0.000000000000000000e+00,0.000000000000000000e+00
5.051519003999715807e+01,0.000000000000000000e+00,0.000000000000000000e+00
5.006498730764945293e+01,0.000000000000000000e+00,0.000000000000000000e+00
5.151569567527850779e+01,0.000000000000000000e+00,0.000000000000000000e+00
5.042520094088660443e+01,0.000000000000000000e+00,0.000000000000000000e+00
5.093222298328133490e+01,0.000000000000000000e+00,0.000000000000000000e+00
5.359979273816101397e+01,0.000000000000000000e+00,0.000000000000000000e+00
5.161238820113690196e+01,0.000000000000000000e+00,0.000000000000000000e+00
4.941369667399268906e+01,0.000000000000000000e+00,0.000000000000000000e+00
5.080003185164086688e+01,0.000000000000000000e+00,0.000000000000000000e+00
5.161080092735475233e+01,0.000000000000000000e+00,0.000000000000000000e+00
5.173953786648843334e+01,0.000000000000000000e+00,0.000000000000000000e+00
5.185066339984103223e+01,0.000000000000000000e+00,0.000000000000000000e+00
4.792153325506399142e+01,0.000000000000000000e+00,0.000000000000000000e+00
4.763306852345371567e+01,0.000000000000000000e+00,0.000000000000000000e+00
5.492551341997992864e+01,0.000000000000000000e+00,0.000000000000000000e+00
5.086936634136923630e+01,0.000000000000000000e+00,0.000000000000000000e+00
4.868156480109293227e+01,0.000000000000000000e+00,0.000000000000000000e+00
4.943779309768590480e+01,0.000000000000000000e+00,0.000000000000000000e+00
4.964206257653212617e+01,0.000000000000000000e+00,0.000000000000000000e+00
5.221398855153658758e+01,0.000000000000000000e+00,0.000000000000000000e+00
5.119682200208626455e+01,0.000000000000000000e+00,0.000000000000000000e+00
4.985861789898341101e+01,0.000000000000000000e+00,0.000000000000000000e+00
4.918560430626938285e+01,0.000000000000000000e+00,0.000000000000000000e+00
5.003575255231162089e+01,0.000000000000000000e+00,0.000000000000000000e+00
4.941080834473609684e+01,0.000000000000000000e+00,0.000000000000000000e+00
4.657106007191858765e+01,0.000000000000000000e+00,0.000000000000000000e+00
4.729445560746728461e+01,0.000000000000000000e+00,0.000000000000000000e+00
4.555310255820828047e+01,0.000000000000000000e+00,0.000000000000000000e+00
4.852799787844185886e+01,0.000000000000000000e+00,0.000000000000000000e+00
5.105800514174768523e+01,0.000000000000000000e+00,0.000000000000000000e+00
4.887861229792138573e+01,0.000000000000000000e+00,0.000000000000000000e+00
4.729616511445755123e+01,0.000000000000000000e+00,0.000000000000000000e+00
4.526635882658949583e+01,0.000000000000000000e+00,0.000000000000000000e+00
4.997236475144540435e+01,0.000000000000000000e+00,0.000000000000000000e+00
4.957642351675569614e+01,0.000000000000000000e+00,0.000000000000000000e+00
5.349775450636576579e+01,0.000000000000000000e+00,0.000000000000000000e+00
4.672109188201191188e+01,0.000000000000000000e+00,0.000000000000000000e+00
4.526977356620167114e+01,0.000000000000000000e+00,0.000000000000000000e+00
4.889722249427623524e+01,0.000000000000000000e+00,0.000000000000000000e+00
4.775730467933420442e+01,0.000000000000000000e+00,0.000000000000000000e+00
4.660844560778750179e+01,0.000000000000000000e+00,0.000000000000000000e+00
4.933800030332623265e+01,0.000000000000000000e+00,0.000000000000000000e+00
5.191041697741986383e+01,0.000000000000000000e+00,0.000000000000000000e+00
4.848249246606421536e+01,0.000000000000000000e+00,0.000000000000000000e+00
4.794716663315914928e+01,0.000000000000000000e+00,0.000000000000000000e+00
4.788508510963647780e+01,0.000000000000000000e+00,0.000000000000000000e+00
4.846921199183506701e+01,0.000000000000000000e+00,0.000000000000000000e+00
4.797497828399043129e+01,0.000000000000000000e+00,0.000000000000000000e+00
4.635608792799824585e+01,0.000000000000000000e+00,0.000000000000000000e+00
4.794295151769009777e+01,0.000000000000000000e+00,0.000000000000000000e+00
4.780709818073800932e+01,0.000000000000000000e+00,0.000000000000000000e+00
4.879851926597573453e+01,0.000000000000000000e+00,0.000000000000000000e+00
4.320156405652680576e+01,0.000000000000000000e+00,0.000000000000000000e+00
4.540772746540400817e+01,0.000000000000000000e+00,0.000000000000000000e+00
4.837468549159354581e+01,0.000000000000000000e+00,0.000000000000000000e+00
4.729379595891221300e+01,0.000000000000000000e+00,0.000000000000000000e+00
4.688699738603197176e+01,0.000000000000000000e+00,0.000000000000000000e+00
4.539273078457549104e+01,0.000000000000000000e+00,0.000000000000000000e+00
4.630112026663551461e+01,0.000000000000000000e+00,0.000000000000000000e+00
4.262159138175493212e+01,0.000000000000000000e+00,0.000000000000000000e+00
4.375419504338879051e+01,0.000000000000000000e+00,0.000000000000000000e+00
4.853959465659409744e+01,0.000000000000000000e+00,0.000000000000000000e+00
4.085084016209287938e+01,0.000000000000000000e+00,0.000000000000000000e+00
4.580623351366099172e+01,0.000000000000000000e+00,0.000000000000000000e+00
4.258469413223923539e+01,0.000000000000000000e+00,0.000000000000000000e+00
4.940570205874071519e+01,0.000000000000000000e+00,0.000000000000000000e+00
4.514648462420317543e+01,0.000000000000000000e+00,0.000000000000000000e+00
4.405808281418221384e+01,0.000000000000000000e+00,0.000000000000000000e+00
4.658756658268728046e+01,0.000000000000000000e+00,0.000000000000000000e+00
4.789327991932770345e+01,0.000000000000000000e+00,0.000000000000000000e+00
4.569542242226902573e+01,0.000000000000000000e+00,0.000000000000000000e+00
4.668538895025847779e+01,0.000000000000000000e+00,0.000000000000000000e+00
4.309585166725214123e+01,0.000000000000000000e+00,0.000000000000000000e+00
4.280831428665544536e+01,0.000000000000000000e+00,0.000000000000000000e+00
4.546186869370045258e+01,0.000000000000000000e+00,0.000000000000000000e+00
4.608078661276619670e+01,0.000000000000000000e+00,0.000000000000000000e+00
4.139886700532203889e+01,0.000000000000000000e+00,0.000000000000000000e+00
4.647491220338631734e+01,0.000000000000000000e+00,0.000000000000000000e+00
4.126501741939224388e+01,0.000000000000000000e+00,0.000000000000000000e+00
4.322443088753911411e+01,0.000000000000000000e+00,0.000000000000000000e+00
4.455748956393274796e+01,0.000000000000000000e+00,0.000000000000000000e+00
4.185774011793266425e+01,0.000000000000000000e+00,0.000000000000000000e+00
4.212107019000808350e+01,0.000000000000000000e+00,0.000000000000000000e+00
4.370540533243059400e+01,0.000000000000000000e+00,0.000000000000000000e+00
4.632454371958913697e+01,0.000000000000000000e+00,0.000000000000000000e+00
4.306611575934351066e+01,0.000000000000000000e+00,0.000000000000000000e+00
4.256110961462363207e+01,0.000000000000000000e+00,0.000000000000000000e+00
4.280720897844636141e+01,0.000000000000000000e+00,0.000000000000000000e+00
4.180296901440858903e+01,0.000000000000000000e+00,0.000000000000000000e+00
4.551388279875681064e+01,0.000000000000000000e+00,0.000000000000000000e+00
4.400856958866583568e+01,0.000000000000000000e+00,0.000000000000000000e+00
4.646668109663332302e+01,0.000000000000000000e+00,0.000000000000000000e+00
4.267048684288578642e+01,0.000000000000000000e+00,0.000000000000000000e+00
4.426441429953815287e+01,0.000000000000000000e+00,0.000000000000000000e+00
4.248206315158430613e+01,0.000000000000000000e+00,0.000000000000000000e+00
4.347685307744464467e+01,0.000000000000000000e+00,0.000000000000000000e+00
4.515902662015252389e+01,0.000000000000000000e+00,0.000000000000000000e+00
4.448636938984013511e+01,0.000000000000000000e+00,0.000000000000000000e+00
4.321559074324943595e+01,0.000000000000000000e+00,0.000000000000000000e+00
3.925882275668250543e+01,0.000000000000000000e+00,0.000000000000000000e+00
3.886177478831879029e+01,0.000000000000000000e+00,0.000000000000000000e+00
4.505451267315009289e+01,0.000000000000000000e+00,0.000000000000000000e+00
4.306586170613834241e+01,0.000000000000000000e+00,0.000000000000000000e+00
4.165603268095483713e+01,0.000000000000000000e+00,0.000000000000000000e+00
4.250393531867654673e+01,0.000000000000000000e+00,0.000000000000000000e+00
4.325845563753256329e+01,0.000000000000000000e+00,0.000000000000000000e+00
4.471043171296614815e+01,0.000000000000000000e+00,0.000000000000000000e+00
4.285469601492616931e+01,0.000000000000000000e+00,0.000000000000000000e+00
4.457437848413346160e+01,0.000000000000000000e+00,0.000000000000000000e+00
4.134427220161066430e+01,0.000000000000000000e+00,0.000000000000000000e+00
4.211329274704123549e+01,0.000000000000000000e+00,0.000000000000000000e+00
4.112285455363324616e+01,0.000000000000000000e+00,0.000000000000000000e+00
4.255923795995482095e+01,0.000000000000000000e+00,0.000000000000000000e+00
4.203278701856104504e+01,0.000000000000000000e+00,0.000000000000000000e+00
4.344149854389625176e+01,0.000000000000000000e+00,0.000000000000000000e+00
4.419582150947483967e+01,0.000000000000000000e+00,0.000000000000000000e+00
4.125754225314987167e+01,0.000000000000000000e+00,0.000000000000000000e+00
4.141058271401600166e+01,0.000000000000000000e+00,0.000000000000000000e+00
4.183007553696103997e+01,0.000000000000000000e+00,0.000000000000000000e+00
4.151470108222847699e+01,0.000000000000000000e+00,0.000000000000000000e+00
4.021152469244627525e+01,0.000000000000000000e+00,0.000000000000000000e+00
4.376744986340764854e+01,0.000000000000000000e+00,0.000000000000000000e+00
4.405802261543595222e+01,0.000000000000000000e+00,0.000000000000000000e+00
4.512024383832420682e+01,0.000000000000000000e+00,0.000000000000000000e+00
4.549855548570285890e+01,0.000000000000000000e+00,0.000000000000000000e+00
4.045718504147893668e+01,0.000000000000000000e+00,0.000000000000000000e+00
4.030594471917055444e+01,0.000000000000000000e+00,0.000000000000000000e+00
4.232190759904464983e+01,0.000000000000000000e+00,0.000000000000000000e+00
4.082903586977436561e+01,0.000000000000000000e+00,0.000000000000000000e+00
4.373323437738164898e+01,0.000000000000000000e+00,0.000000000000000000e+00
3.941805832145420396e+01,0.000000000000000000e+00,0.000000000000000000e+00
3.897310994201696843e+01,0.000000000000000000e+00,0.000000000000000000e+00
3.765011423288565595e+01,0.000000000000000000e+00,0.000000000000000000e+00
4.007538805179241592e+01,0.000000000000000000e+00,0.000000000000000000e+00
3.961256199462295058e+01,0.000000000000000000e+00,0.000000000000000000e+00
4.104373452417073054e+01,0.000000000000000000e+00,0.000000000000000000e+00
4.152857738911325214e+01,0.000000000000000000e+00,0.000000000000000000e+00
3.816562827070175246e+01,0.000000000000000000e+00,0.000000000000000000e+00
4.290879818669129975e+01,0.000000000000000000e+00,0.000000000000000000e+00
3.897709034681707863e+01,0.000000000000000000e+00,0.000000000000000000e+00
3.960898459760157664e+01,0.000000000000000000e+00,0.000000000000000000e+00
4.243874718868318041e+01,0.000000000000000000e+00,0.000000000000000000e+00
4.224311283979962894e+01,0.000000000000000000e+00,0.000000000000000000e+00
4.061395860453506401e+01,0.000000000000000000e+00,0.000000000000000000e+00
3.870491503528982236e+01,0.000000000000000000e+00,0.000000000000000000e+00
4.207208666645165351e+01,0.000000000000000000e+00,0.000000000000000000e+00
3.637381422259034736e+01,0.000000000000000000e+00,0.000000000000000000e+00
3.405356435425744621e+01,0.000000000000000000e+00,0.000000000000000000e+00
3.801520462750145413e+01,0.000000000000000000e+00,0.000000000000000000e+00
4.078210321313702735e+01,0.000000000000000000e+00,0.000000000000000000e+00
4.264477992765086611e+01,0.000000000000000000e+00,0.000000000000000000e+00
3.626486016515094946e+01,0.000000000000000000e+00,0.000000000000000000e+00
4.139562973589898576e+01,0.000000000000000000e+00,0.000000000000000000e+00
3.994210244568193247e+01,0.000000000000000000e+00,0.000000000000000000e+00
3.888874154595630728e+01,0.000000000000000000e+00,0.000000000000000000e+00
3.806167936466539459e+01,0.000000000000000000e+00,0.000000000000000000e+00
3.759130925231938392e+01,0.000000000000000000e+00,0.000000000000000000e+00
4.133520048846290251e+01,0.000000000000000000e+00,0.000000000000000000e+00
3.891369174250684893e+01,0.000000000000000000e+00,0.000000000000000000e+00
4.138245176000628334e+01,0.000000000000000000e+00,0.000000000000000000e+00
3.478605397336600902e+01,0.000000000000000000e+00,0.000000000000000000e+00
3.575483749745656326e+01,0.000000000000000000e+00,0.000000000000000000e+00
3.943542234608054287e+01,0.000000000000000000e+00,0.000000000000000000e+00
3.769772785061331177e+01,0.000000000000000000e+00,0.000000000000000000e+00
3.917179445724764975e+01,0.000000000000000000e+00,0.000000000000000000e+00
3.551366847839445740e+01,0.000000000000000000e+00,0.000000000000000000e+00
3.684439963244541616e+01,0.000000000000000000e+00,0.000000000000000000e+00
3.714623197273509447e+01,0.000000000000000000e+00,0.000000000000000000e+00
3.745070564734572827e+01,0.000000000000000000e+00,0.000000000000000000e+00
3.570739611890513743e+01,0.000000000000000000e+00,0.000000000000000000e+00
3.946399921776274766e+01,0.000000000000000000e+00,0.000000000000000000e+00
3.546358314102037212e+01,0.000000000000000000e+00,0.000000000000000000e+00
3.581382444138632337e+01,0.000000000000000000e+00,0.000000000000000000e+00
3.709488302344537658e+01,0.000000000000000000e+00,0.000000000000000000e+00
3.706357286155643749e+01,0.000000000000000000e+00,0.000000000000000000e+00
3.631651503968557648e+01,0.000000000000000000e+00,0.000000000000000000e+00
3.480457030902395132e+01,0.000000000000000000e+00,0.000000000000000000e+00
3.740324854597083259e+01,0.000000000000000000e+00,0.000000000000000000e+00
3.523083041798884096e+01,0.000000000000000000e+00,0.000000000000000000e+00
3.528685005769973060e+01,0.000000000000000000e+00,0.000000000000000000e+00
3.357006065607897938e+01,0.000000000000000000e+00,0.000000000000000000e+00
3.427595391024468086e+01,0.000000000000000000e+00,0.000000000000000000e+00
4.113232508046501579e+01,0.000000000000000000e+00,0.000000000000000000e+00
3.602096972355295890e+01,0.000000000000000000e+00,0.000000000000000000e+00
3.411148972109844379e+01,0.000000000000000000e+00,0.000000000000000000e+00
3.887136253136517183e+01,0.000000000000000000e+00,0.000000000000000000e+00
4.101752078618399366e+01,0.000000000000000000e+00,0.000000000000000000e+00
3.996350829158023998e+01,0.000000000000000000e+00,0.000000000000000000e+00
3.585941570183616278e+01,0.000000000000000000e+00,0.000000000000000000e+00
3.349487561451606155e+01,0.000000000000000000e+00,0.000000000000000000e+00
3.443631514305382524e+01,0.000000000000000000e+00,0.000000000000000000e+00
3.605419214297108255e+01,0.000000000000000000e+00,0.000000000000000000e+00
3.074460045375211692e+01,0.000000000000000000e+00,0.000000000000000000e+00
3.746498969667972290e+01,0.000000000000000000e+00,0.000000000000000000e+00
3.687236930369270738e+01,0.000000000000000000e+00,0.000000000000000000e+00
3.663315259838994820e+01,0.000000000000000000e+00,0.000000000000000000e+00
3.669294341490387268e+01,0.000000000000000000e+00,0.000000000000000000e+00
3.564369271018685481e+01,0.000000000000000000e+00,0.000000000000000000e+00
3.321750437584371696e+01,0.000000000000000000e+00,0.000000000000000000e+00
3.771009312380137146e+01,0.000000000000000000e+00,0.000000000000000000e+00
3.670449362120058368e+01,0.000000000000000000e+00,0.000000000000000000e+00
3.515451720276150382e+01,0.000000000000000000e+00,0.000000000000000000e+00
3.384464978554427006e+01,0.000000000000000000e+00,0.000000000000000000e+00
3.859411611531368180e+01,0.000000000000000000e+00,0.000000000000000000e+00
3.434339499633263415e+01,0.000000000000000000e+00,0.000000000000000000e+00
3.267857599768848331e+01,0.000000000000000000e+00,0.000000000000000000e+00
3.637014133697261542e+01,0.000000000000000000e+00,0.000000000000000000e+00
3.299090439287758869e+01,0.000000000000000000e+00,0.000000000000000000e+00
3.509872448353382879e+01,0.000000000000000000e+00,0.000000000000000000e+00
3.743106121596924396e+01,0.000000000000000000e+00,0.000000000000000000e+00
3.246494134585130809e+01,0.000000000000000000e+00,0.000000000000000000e+00
3.829386581586921778e+01,0.000000000000000000e+00,0.000000000000000000e+00
3.527374566455861782e+01,0.000000000000000000e+00,0.000000000000000000e+00
3.633814738427838620e+01,0.000000000000000000e+00,0.000000000000000000e+00
3.533950104626818245e+01,0.000000000000000000e+00,0.000000000000000000e+00
3.524885786749457850e+01,0.000000000000000000e+00,0.000000000000000000e+00
3.128921628398586563e+01,0.000000000000000000e+00,0.000000000000000000e+00
3.475653484117033543e+01,0.000000000000000000e+00,0.000000000000000000e+00
3.228041679363867189e+01,0.000000000000000000e+00,0.000000000000000000e+00
3.524445161084925360e+01,0.000000000000000000e+00,0.000000000000000000e+00
3.084471730563778635e+01,0.000000000000000000e+00,0.000000000000000000e+00
3.581061178665906652e+01,0.000000000000000000e+00,0.000000000000000000e+00
3.272132409201618941e+01,0.000000000000000000e+00,0.000000000000000000e+00
3.218324544885653893e+01,0.000000000000000000e+00,0.000000000000000000e+00
3.521772177213644994e+01,0.000000000000000000e+00,0.000000000000000000e+00
3.197622928574231693e+01,0.000000000000000000e+00,0.000000000000000000e+00
3.216377044617427572e+01,0.000000000000000000e+00,0.000000000000000000e+00
3.287552702749024292e+01,0.000000000000000000e+00,0.000000000000000000e+00
3.326811150008861517e+01,0.000000000000000000e+00,0.000000000000000000e+00
3.265495893486291834e+01,0.000000000000000000e+00,0.000000000000000000e+00
3.284692455371033759e+01,0.000000000000000000e+00,0.000000000000000000e+00
3.405437373922518418e+01,0.000000000000000000e+00,0.000000000000000000e+00
3.453076099037262736e+01,0.000000000000000000e+00,0.000000000000000000e+00
2.945781181697895335e+01,0.000000000000000000e+00,0.000000000000000000e+00
2.982335024558982539e+01,0.000000000000000000e+00,0.000000000000000000e+00
3.423358761857623023e+01,0.000000000000000000e+00,0.000000000000000000e+00
3.211322325049417259e+01,0.000000000000000000e+00,0.000000000000000000e+00
3.299625808084946499e+01,0.000000000000000000e+00,0.000000000000000000e+00
3.444050726932118067e+01,0.000000000000000000e+00,0.000000000000000000e+00
3.168414991369779798e+01,0.000000000000000000e+00,0.000000000000000000e+00
3.319354614536630521e+01,0.000000000000000000e+00,0.000000000000000000e+00
3.535389729722709262e+01,0.000000000000000000e+00,0.000000000000000000e+00
2.928156130482685171e+01,0.000000000000000000e+00,0.000000000000000000e+00
3.363746804372801336e+01,0.000000000000000000e+00,0.000000000000000000e+00
3.400049221311675751e+01,0.000000000000000000e+00,0.000000000000000000e+00
3.226653898079982952e+01,0.000000000000000000e+00,0.000000000000000000e+00
3.247864534942934256e+01,0.000000000000000000e+00,0.000000000000000000e+00
3.058112819472071919e+01,0.000000000000000000e+00,0.000000000000000000e+00
3.353388541010809121e+01,0.000000000000000000e+00,0.000000000000000000e+00
3.293865150143918896e+01,0.000000000000000000e+00,0.000000000000000000e+00
2.868925043141520703e+01,0.000000000000000000e+00,0.000000000000000000e+00
3.395248791907878427e+01,0.000000000000000000e+00,0.000000000000000000e+00
3.465082145735132002e+01,0.000000000000000000e+00,0.000000000000000000e+00
3.295072504036481575e+01,0.000000000000000000e+00,0.000000000000000000e+00
2.908215582418295853e+01,0.000000000000000000e+00,0.000000000000000000e+00
3.413783232845226934e+01,0.000000000000000000e+00,0.000000000000000000e+00
3.117500167965254221e+01,0.000000000000000000e+00,0.000000000000000000e+00
3.434202626753489085e+01,0.000000000000000000e+00,0.000000000000000000e+00
3.333964318003759786e+01,0.000000000000000000e+00,0.000000000000000000e+00
2.880578137466313038e+01,0.000000000000000000e+00,0.000000000000000000e+00
3.079353037025167339e+01,0.000000000000000000e+00,0.000000000000000000e+00
3.127085459289454761e+01,0.000000000000000000e+00,0.000000000000000000e+00
3.088507732312019627e+01,0.000000000000000000e+00,0.000000000000000000e+00
2.959852953774699102e+01,0.000000000000000000e+00,0.000000000000000000e+00
3.237736205753956398e+01,0.000000000000000000e+00,0.000000000000000000e+00
3.588531086529357594e+01,0.000000000000000000e+00,0.000000000000000000e+00
2.856518722479339090e+01,0.000000000000000000e+00,0.000000000000000000e+00
3.304115633175624822e+01,0.000000000000000000e+00,0.000000000000000000e+00
3.171783109422647584e+01,0.000000000000000000e+00,0.000000000000000000e+00
2.963790812978704636e+01,0.000000000000000000e+00,0.000000000000000000e+00
2.991419996162979089e+01,0.000000000000000000e+00,0.000000000000000000e+00
3.277112435049966876e+01,0.000000000000000000e+00,0.000000000000000000e+00
2.961647281554540001e+01,0.000000000000000000e+00,0.000000000000000000e+00
3.311407708177728892e+01,0.000000000000000000e+00,0.000000000000000000e+00
3.035420229883575161e+01,0.000000000000000000e+00,0.000000000000000000e+00
3.132153359110539625e+01,0.000000000000000000e+00,0.000000000000000000e+00
3.366352500822440419e+01,0.000000000000000000e+00,0.000000000000000000e+00
3.091578079175249982e+01,0.000000000000000000e+00,0.000000000000000000e+00
3.003010752888285495e+01,0.000000000000000000e+00,0.000000000000000000e+00
3.166778397284550195e+01,0.000000000000000000e+00,0.000000000000000000e+00
2.939857475610762094e+01,0.000000000000000000e+00,0.000000000000000000e+00
3.007440682126511788e+01,0.000000000000000000e+00,0.000000000000000000e+00
3.188403729392515373e+01,0.000000000000000000e+00,0.000000000000000000e+00
3.280769292411490312e+01,0.000000000000000000e+00,0.000000000000000000e+00
3.243632044759932143e+01,0.000000000000000000e+00,0.000000000000000000e+00
2.914201413527380424e+01,0.000000000000000000e+00,0.000000000000000000e+00
3.158995381522606749e+01,0.000000000000000000e+00,0.000000000000000000e+00
2.874143927717913627e+01,0.000000000000000000e+00,0.000000000000000000e+00
3.034625493246229766e+01,0.000000000000000000e+00,0.000000000000000000e+00
2.888809688111576079e+01,0.000000000000000000e+00,0.000000000000000000e+00
3.172467462951671990e+01,0.000000000000000000e+00,0.000000000000000000e+00
3.051088711123722419e+01,0.000000000000000000e+00,0.000000000000000000e+00
2.896359524936766405e+01,0.000000000000000000e+00,0.000000000000000000e+00
2.809702451496722730e+01,0.000000000000000000e+00,0.000000000000000000e+00
3.264913923907933935e+01,0.000000000000000000e+00,0.000000000000000000e+00
2.903183619752046241e+01,0.000000000000000000e+00,0.000000000000000000e+00
2.904227915557152073e+01,0.000000000000000000e+00,0.000000000000000000e+00
2.929559679111391901e+01,0.000000000000000000e+00,0.000000000000000000e+00
3.116214053041774079e+01,0.000000000000000000e+00,0.000000000000000000e+00
2.762542716813960553e+01,0.000000000000000000e+00,0.000000000000000000e+00
2.859227707046155587e+01,0.000000000000000000e+00,0.000000000000000000e+00
2.890511961966079468e+01,0.000000000000000000e+00,0.000000000000000000e+00
3.046909251288259313e+01,0.000000000000000000e+00,0.000000000000000000e+00
3.019363021525596480e+01,0.000000000000000000e+00,0.000000000000000000e+00
2.925115802049431579e+01,0.000000000000000000e+00,0.000000000000000000e+00
3.049081047106317754e+01,0.000000000000000000e+00,0.000000000000000000e+00
2.572843460319451125e+01,0.000000000000000000e+00,0.000000000000000000e+00
2.911815993648689016e+01,0.000000000000000000e+00,0.000000000000000000e+00
3.017056358000628080e+01,0.000000000000000000e+00,0.000000000000000000e+00
3.143646403578241788e+01,0.000000000000000000e+00,0.000000000000000000e+00
2.954945697710209984e+01,0.000000000000000000e+00,0.000000000000000000e+00
2.831420104110678082e+01,0.000000000000000000e+00,0.000000000000000000e+00
2.579880842514527117e+01,0.000000000000000000e+00,0.000000000000000000e+00
2.483110896723998806e+01,0.000000000000000000e+00,0.000000000000000000e+00
3.155819139143713770e+01,0.000000000000000000e+00,0.000000000000000000e+00
3.030108796586911879e+01,0.000000000000000000e+00,0.000000000000000000e+00
3.009144897510959638e+01,0.000000000000000000e+00,0.000000000000000000e+00
2.975344338799455457e+01,0.000000000000000000e+00,0.000000000000000000e+00
2.877322359103231619e+01,0.000000000000000000e+00,0.000000000000000000e+00
2.817668329262236071e+01,0.000000000000000000e+00,0.000000000000000000e+00
2.393773275961507352e+01,0.000000000000000000e+00,0.000000000000000000e+00
3.206609385173140936e+01,0.000000000000000000e+00,0.000000000000000000e+00
3.099414881845027026e+01,0.000000000000000000e+00,0.000000000000000000e+00
2.599978095117690557e+01,0.000000000000000000e+00,0.000000000000000000e+00
2.733890420966037027e+01,0.000000000000000000e+00,0.000000000000000000e+00
2.871181818036149025e+01,0.000000000000000000e+00,0.000000000000000000e+00
2.844431790705607810e+01,0.000000000000000000e+00,0.000000000000000000e+00
2.584254401955299585e+01,0.000000000000000000e+00,0.000000000000000000e+00
3.007013195356320523e+01,0.000000000000000000e+00,0.000000000000000000e+00
3.038772268998118875e+01,0.000000000000000000e+00,0.000000000000000000e+00
2.885786392462947703e+01,0.000000000000000000e+00,0.000000000000000000e+00
2.661547207549035221e+01,0.000000000000000000e+00,0.000000000000000000e+00
2.862626068936519275e+01,0.000000000000000000e+00,0.000000000000000000e+00
2.435966795355696846e+01,0.000000000000000000e+00,0.000000000000000000e+00
2.677332336262488255e+01,0.000000000000000000e+00,0.000000000000000000e+00
2.828129289240479594e+01,0.000000000000000000e+00,0.000000000000000000e+00
2.600894412302279335e+01,0.000000000000000000e+00,0.000000000000000000e+00
2.309938087735554291e+01,0.000000000000000000e+00,0.000000000000000000e+00
2.738889460285892952e+01,0.000000000000000000e+00,0.000000000000000000e+00
2.663020792286133087e+01,0.000000000000000000e+00,0.000000000000000000e+00
2.908061798515008434e+01,0.000000000000000000e+00,0.000000000000000000e+00
2.212584819230589162e+01,0.000000000000000000e+00,0.000000000000000000e+00
2.478850425873456942e+01,0.000000000000000000e+00,0.000000000000000000e+00
2.992486042002674651e+01,0.000000000000000000e+00,0.000000000000000000e+00
3.068260859874362723e+01,0.000000000000000000e+00,0.000000000000000000e+00
2.581079428965847455e+01,0.000000000000000000e+00,0.000000000000000000e+00
2.734893302809564375e+01,0.000000000000000000e+00,0.000000000000000000e+00
2.760338699334289814e+01,0.000000000000000000e+00,0.000000000000000000e+00
2.805167919379455910e+01,0.000000000000000000e+00,0.000000000000000000e+00
2.290789943975053333e+01,0.000000000000000000e+00,0.000000000000000000e+00
2.568007889918330733e+01,0.000000000000000000e+00,0.000000000000000000e+00
2.319101950019511094e+01,0.000000000000000000e+00,0.000000000000000000e+00
2.542140389666341704e+01,0.000000000000000000e+00,0.000000000000000000e+00
2.659645945957804258e+01,0.000000000000000000e+00,0.000000000000000000e+00
2.343744136423569557e+01,0.000000000000000000e+00,0.000000000000000000e+00
2.841451213190553204e+01,0.000000000000000000e+00,0.000000000000000000e+00
2.885795658755219151e+01,0.000000000000000000e+00,0.000000000000000000e+00
2.809283772413556690e+01,0.000000000000000000e+00,0.000000000000000000e+00
2.558362209047885472e+01,0.000000000000000000e+00,0.000000000000000000e+00
2.620799898973796971e+01,0.000000000000000000e+00,0.000000000000000000e+00
2.920352077419576986e+01,0.000000000000000000e+00,0.000000000000000000e+00
2.346305391697553233e+01,0.000000000000000000e+00,0.000000000000000000e+00
2.977628519812248697e+01,0.000000000000000000e+00,0.000000000000000000e+00
2.524961762584349145e+01,0.000000000000000000e+00,0.000000000000000000e+00
2.319084403700192354e+01,0.000000000000000000e+00,0.000000000000000000e+00
2.399521061185504678e+01,0.000000000000000000e+00,0.000000000000000000e+00
2.970229932826245545e+01,0.000000000000000000e+00,0.000000000000000000e+00
2.801086912664440476e+01,0.000000000000000000e+00,0.000000000000000000e+00
2.580031048870572263e+01,0.000000000000000000e+00,0.000000000000000000e+00
2.733097454291647210e+01,0.000000000000000000e+00,0.000000000000000000e+00
2.674854492134839390e+01,0.000000000000000000e+00,0.000000000000000000e+00
2.135940000512085390e+01,0.000000000000000000e+00,0.000000000000000000e+00
2.805583153938007257e+01,0.000000000000000000e+00,0.000000000000000000e+00
2.317000406354745223e+01,0.000000000000000000e+00,0.000000000000000000e+00
2.343884473320937190e+01,0.000000000000000000e+00,0.000000000000000000e+00
2.555042612822960635e+01,0.000000000000000000e+00,0.000000000000000000e+00
2.368447963561705905e+01,0.000000000000000000e+00,0.000000000000000000e+00
2.391039722666847211e+01,0.000000000000000000e+00,0.000000000000000000e+00
2.765877132044307984e+01,0.000000000000000000e+00,0.000000000000000000e+00
2.385690316163230307e+01,0.000000000000000000e+00,0.000000000000000000e+00
2.786266301123169242e+01,0.000000000000000000e+00,0.000000000000000000e+00
2.593084711290654809e+01,0.000000000000000000e+00,0.000000000000000000e+00
2.697203613426371760e+01,0.000000000000000000e+00,0.000000000000000000e+00
2.551532612963799806e+01,0.000000000000000000e+00,0.000000000000000000e+00
2.451135113195067561e+01,0.000000000000000000e+00,0.000000000000000000e+00
2.454625644040455512e+01,0.000000000000000000e+00,0.000000000000000000e+00
2.261498510868670309e+01,0.000000000000000000e+00,0.000000000000000000e+00
2.678427893906618351e+01,0.000000000000000000e+00,0.000000000000000000e+00
2.706117487076312855e+01,0.000000000000000000e+00,0.000000000000000000e+00
2.774238200454614045e+01,0.000000000000000000e+00,0.000000000000000000e+00
2.460835656727793008e+01,0.000000000000000000e+00,0.000000000000000000e+00
2.136067839618045028e+01,0.000000000000000000e+00,0.000000000000000000e+00
2.610750264392154918e+01,0.000000000000000000e+00,0.000000000000000000e+00
2.322391875259351224e+01,0.000000000000000000e+00,0.000000000000000000e+00
2.681596988102173640e+01,0.000000000000000000e+00,0.000000000000000000e+00
2.264011541710801012e+01,0.000000000000000000e+00,0.000000000000000000e+00
2.406270911636844190e+01,0.000000000000000000e+00,0.000000000000000000e+00
2.367601752294491391e+01,0.000000000000000000e+00,0.000000000000000000e+00
2.444700540623597362e+01,0.000000000000000000e+00,0.000000000000000000e+00
2.301578558271041075e+01,0.000000000000000000e+00,0.000000000000000000e+00
2.304153947041842088e+01,0.000000000000000000e+00,0.000000000000000000e+00
2.723654850237422664e+01,0.000000000000000000e+00,0.000000000000000000e+00
2.470755270895210387e+01,0.000000000000000000e+00,0.000000000000000000e+00
2.532414435744632542e+01,0.000000000000000000e+00,0.000000000000000000e+00
2.640521844071206914e+01,0.000000000000000000e+00,0.000000000000000000e+00
2.435663468369119755e+01,0.000000000000000000e+00,0.000000000000000000e+00
2.518516133896130427e+01,0.000000000000000000e+00,0.000000000000000000e+00
2.316035874439417697e+01,0.000000000000000000e+00,0.000000000000000000e+00
2.358794668016243889e+01,0.000000000000000000e+00,0.000000000000000000e+00
2.141980832667996992e+01,0.000000000000000000e+00,0.000000000000000000e+00
2.620198477869757170e+01,0.000000000000000000e+00,0.000000000000000000e+00
2.447412910125029128e+01,0.000000000000000000e+00,0.000000000000000000e+00
1.962667662549993608e+01,0.000000000000000000e+00,0.000000000000000000e+00
2.170329416784164067e+01,0.000000000000000000e+00,0.000000000000000000e+00
2.293323325733218354e+01,0.000000000000000000e+00,0.000000000000000000e+00
2.345500353302923457e+01,0.000000000000000000e+00,0.000000000000000000e+00
2.972239664927003489e+01,0.000000000000000000e+00,0.000000000000000000e+00
2.219965344883188152e+01,0.000000000000000000e+00,0.000000000000000000e+00
2.180468894221050036e+01,0.000000000000000000e+00,0.000000000000000000e+00
2.319341296740359937e+01,0.000000000000000000e+00,0.000000000000000000e+00
2.342533272403233369e+01,0.000000000000000000e+00,0.000000000000000000e+00
2.546832077466024913e+01,0.000000000000000000e+00,0.000000000000000000e+00
1.932755837683089695e+01,0.000000000000000000e+00,0.000000000000000000e+00
2.399844285491629847e+01,0.000000000000000000e+00,0.000000000000000000e+00
2.086708476706602511e+01,0.000000000000000000e+00,0.000000000000000000e+00
2.578864682183543522e+01,0.000000000000000000e+00,0.000000000000000000e+00
2.002876353419173228e+01,0.000000000000000000e+00,0.000000000000000000e+00
2.207478121825018746e+01,0.000000000000000000e+00,0.000000000000000000e+00
2.874383391558675882e+01,0.000000000000000000e+00,0.000000000000000000e+00
2.115204706829516113e+01,0.000000000000000000e+00,0.000000000000000000e+00
2.125582169679711342e+01,0.000000000000000000e+00,0.000000000000000000e+00
2.439572626950743839e+01,0.000000000000000000e+00,0.000000000000000000e+00
2.426530101627868419e+01,0.000000000000000000e+00,0.000000000000000000e+00
2.277449943717023828e+01,0.000000000000000000e+00,0.000000000000000000e+00
2.568855944274210046e+01,0.000000000000000000e+00,0.000000000000000000e+00
2.241564240805046992e+01,0.000000000000000000e+00,0.000000000000000000e+00
1.924542548488400584e+01,0.000000000000000000e+00,0.000000000000000000e+00
2.242197015069158184e+01,0.000000000000000000e+00,0.000000000000000000e+00
2.026801208607952987e+01,0.000000000000000000e+00,0.000000000000000000e+00
2.311100085984476138e+01,0.000000000000000000e+00,0.000000000000000000e+00
2.502217117797597012e+01,0.000000000000000000e+00,0.000000000000000000e+00
2.128284219840184477e+01,0.000000000000000000e+00,0.000000000000000000e+00
2.204508260662673536e+01,0.000000000000000000e+00,0.000000000000000000e+00
2.380839871432761612e+01,0.000000000000000000e+00,0.000000000000000000e+00
2.395989317426197829e+01,0.000000000000000000e+00,0.000000000000000000e+00
2.160588808936737237e+01,0.000000000000000000e+00,0.000000000000000000e+00
2.332484214311440951e+01,0.000000000000000000e+00,0.000000000000000000e+00
1.903545872219373791e+01,0.000000000000000000e+00,0.000000000000000000e+00
2.264649912478193983e+01,0.000000000000000000e+00,0.000000000000000000e+00
2.007580998452447574e+01,0.000000000000000000e+00,0.000000000000000000e+00
2.503047195206369580e+01,0.000000000000000000e+00,0.000000000000000000e+00
2.126603674904535879e+01,0.000000000000000000e+00,0.000000000000000000e+00
2.086592878715908128e+01,0.000000000000000000e+00,0.000000000000000000e+00
2.186782058689311370e+01,0.000000000000000000e+00,0.000000000000000000e+00
2.302088040835771565e+01,0.000000000000000000e+00,0.000000000000000000e+00
2.108995122732861560e+01,0.000000000000000000e+00,0.000000000000000000e+00
2.587529918588234423e+01,0.000000000000000000e+00,0.000000000000000000e+00
2.118718312314187457e+01,0.000000000000000000e+00,0.000000000000000000e+00
2.210891505980161753e+01,0.000000000000000000e+00,0.000000000000000000e+00
2.163306600169930505e+01,0.000000000000000000e+00,0.000000000000000000e+00
2.348450374124747952e+01,0.000000000000000000e+00,0.000000000000000000e+00
2.132466492892033116e+01,0.000000000000000000e+00,0.000000000000000000e+00
2.010591781240299625e+01,0.000000000000000000e+00,0.000000000000000000e+00
1.809151286591331598e+01,0.000000000000000000e+00,0.000000000000000000e+00
1.744715643970921803e+01,0.000000000000000000e+00,0.000000000000000000e+00
2.078939094924537656e+01,0.000000000000000000e+00,0.000000000000000000e+00
2.188913328405602599e+01,0.000000000000000000e+00,0.000000000000000000e+00
2.309702431058225258e+01,0.000000000000000000e+00,0.000000000000000000e+00
2.345786672318765653e+01,0.000000000000000000e+00,0.000000000000000000e+00
1.883594494090587546e+01,0.000000000000000000e+00,0.000000000000000000e+00
2.139761037260946708e+01,0.000000000000000000e+00,0.000000000000000000e+00
2.111363379506972038e+01,0.000000000000000000e+00,0.000000000000000000e+00
2.292421704136270222e+01,0.000000000000000000e+00,0.000000000000000000e+00
2.251723174879445821e+01,0.000000000000000000e+00,0.000000000000000000e+00
2.346664538386233545e+01,0.000000000000000000e+00,0.000000000000000000e+00
2.099255900807058239e+01,0.000000000000000000e+00,0.000000000000000000e+00
2.154830346497657700e+01,0.000000000000000000e+00,0.000000000000000000e+00
2.062060833105985935e+01,0.000000000000000000e+00,0.000000000000000000e+00
2.179929049730498036e+01,0.000000000000000000e+00,0.000000000000000000e+00
2.134010429473381265e+01,0.000000000000000000e+00,0.000000000000000000e+00
2.232368743359145569e+01,0.000000000000000000e+00,0.000000000000000000e+00
2.304544068361684950e+01,0.000000000000000000e+00,0.000000000000000000e+00
2.285787521628080654e+01,0.000000000000000000e+00,0.000000000000000000e+00
2.304113860201017161e+01,0.000000000000000000e+00,0.000000000000000000e+00
2.121657240177565384e+01,0.000000000000000000e+00,0.000000000000000000e+00
2.107016996328888681e+01,0.000000000000000000e+00,0.000000000000000000e+00
2.190372522231568553e+01,0.000000000000000000e+00,0.000000000000000000e+00
2.358976809666993191e+01,0.000000000000000000e+00,0.000000000000000000e+00
2.245989984906737646e+01,0.000000000000000000e+00,0.000000000000000000e+00
2.121837041845647320e+01,0.000000000000000000e+00,0.000000000000000000e+00
1.583995391754438131e+01,0.000000000000000000e+00,0.000000000000000000e+00
2.299677502902496684e+01,0.000000000000000000e+00,0.000000000000000000e+00
1.865277422682358122e+01,0.000000000000000000e+00,0.000000000000000000e+00
2.393309877198953828e+01,0.000000000000000000e+00,0.000000000000000000e+00
2.328801111873842444e+01,0.000000000000000000e+00,0.000000000000000000e+00
2.242883854108812614e+01,0.000000000000000000e+00,0.000000000000000000e+00
2.330555190981891656e+01,0.000000000000000000e+00,0.000000000000000000e+00
2.069918099485784069e+01,0.000000000000000000e+00,0.000000000000000000e+00
2.112002281870211817e+01,0.000000000000000000e+00,0.000000000000000000e+00
2.125456535536523361e+01,0.000000000000000000e+00,0.000000000000000000e+00
2.020049365828542065e+01,0.000000000000000000e+00,0.000000000000000000e+00
1.852118093717574610e+01,0.000000000000000000e+00,0.000000000000000000e+00
2.177837967149022091e+01,0.000000000000000000e+00,0.000000000000000000e+00
2.223954574180455523e+01,0.000000000000000000e+00,0.000000000000000000e+00
2.092014959060445634e+01,0.000000000000000000e+00,0.000000000000000000e+00
1.760357983136005089e+01,0.000000000000000000e+00,0.000000000000000000e+00
1.985297497960308633e+01,0.000000000000000000e+00,0.000000000000000000e+00
2.060920564295989621e+01,0.000000000000000000e+00,0.000000000000000000e+00
1.980803093034342766e+01,0.000000000000000000e+00,0.000000000000000000e+00
1.729249937554070726e+01,0.000000000000000000e+00,0.000000000000000000e+00
1.842993850996173677e+01,0.000000000000000000e+00,0.000000000000000000e+00
2.206886689858931661e+01,0.000000000000000000e+00,0.000000000000000000e+00
2.107130012533750119e+01,0.000000000000000000e+00,0.000000000000000000e+00
1.849326528518219348e+01,0.000000000000000000e+00,0.000000000000000000e+00
2.171780797780586880e+01,0.000000000000000000e+00,0.000000000000000000e+00
2.352639988921457714e+01,0.000000000000000000e+00,0.000000000000000000e+00
2.006071842830146323e+01,0.000000000000000000e+00,0.000000000000000000e+00
2.291891729724002147e+01,0.000000000000000000e+00,0.000000000000000000e+00
1.718331974377902327e+01,0.000000000000000000e+00,0.000000000000000000e+00
2.178559084255185496e+01,0.000000000000000000e+00,0.000000000000000000e+00
1.983405320829731977e+01,0.000000000000000000e+00,0.000000000000000000e+00
1.905212069745117631e+01,0.000000000000000000e+00,0.000000000000000000e+00
1.972193194754230916e+01,0.000000000000000000e+00,0.000000000000000000e+00
1.771271979610210678e+01,0.000000000000000000e+00,0.000000000000000000e+00
1.950398326128025417e+01,0.000000000000000000e+00,0.000000000000000000e+00
1.860364715154979365e+01,0.000000000000000000e+00,0.000000000000000000e+00
1.984477198331161674e+01,0.000000000000000000e+00,0.000000000000000000e+00
1.887998966580260074e+01,0.000000000000000000e+00,0.000000000000000000e+00
2.277300790760828875e+01,0.000000000000000000e+00,0.000000000000000000e+00
1.887740383868725758e+01,0.000000000000000000e+00,0.000000000000000000e+00
2.117219911958086342e+01,0.000000000000000000e+00,0.000000000000000000e+00
1.945729156502633117e+01,0.000000000000000000e+00,0.000000000000000000e+00
2.071841570592889070e+01,0.000000000000000000e+00,0.000000000000000000e+00
1.886563433114655908e+01,0.000000000000000000e+00,0.000000000000000000e+00
2.203185926667071470e+01,0.000000000000000000e+00,0.000000000000000000e+00
1.806835839370270946e+01,0.000000000000000000e+00,0.000000000000000000e+00
2.131609924919597887e+01,0.000000000000000000e+00,0.000000000000000000e+00
1.679734638635943966e+01,0.000000000000000000e+00,0.000000000000000000e+00
2.133366197785564111e+01,0.000000000000000000e+00,0.000000000000000000e+00
2.111465060875384836e+01,0.000000000000000000e+00,0.000000000000000000e+00
2.185181898525149080e+01,0.000000000000000000e+00,0.000000000000000000e+00
2.068390420281013320e+01,0.000000000000000000e+00,0.000000000000000000e+00
1.357824676732955105e+01,0.000000000000000000e+00,0.000000000000000000e+00
1.633842829921435680e+01,0.000000000000000000e+00,0.000000000000000000e+00
2.104405159757241250e+01,0.000000000000000000e+00,0.000000000000000000e+00
2.346156697576653372e+01,0.000000000000000000e+00,0.000000000000000000e+00
1.724014000116472900e+01,0.000000000000000000e+00,0.000000000000000000e+00
2.120311721201458965e+01,0.000000000000000000e+00,0.000000000000000000e+00
2.015116972337942869e+01,0.000000000000000000e+00,0.000000000000000000e+00
2.035860964062716505e+01,0.000000000000000000e+00,0.000000000000000000e+00
1.909094246472796996e+01,0.000000000000000000e+00,0.000000000000000000e+00
1.900459261862718208e+01,0.000000000000000000e+00,0.000000000000000000e+00
2.359534565137863638e+01,0.000000000000000000e+00,0.000000000000000000e+00
2.099234228024089077e+01,0.000000000000000000e+00,0.000000000000000000e+00
1.884954494823778148e+01,0.000000000000000000e+00,0.000000000000000000e+00
2.143471108720069651e+01,0.000000000000000000e+00,0.000000000000000000e+00
2.061884446202609311e+01,0.000000000000000000e+00,0.000000000000000000e+00
1.952327637086849421e+01,0.000000000000000000e+00,0.000000000000000000e+00
2.285390146923615617e+01,0.000000000000000000e+00,0.000000000000000000e+00
2.004327643572739603e+01,0.000000000000000000e+00,0.000000000000000000e+00
1.856660209575401410e+01,0.000000000000000000e+00,0.000000000000000000e+00
1.975667654833309328e+01,0.000000000000000000e+00,0.000000000000000000e+00
2.069429753681768958e+01,0.000000000000000000e+00,0.000000000000000000e+00
1.951264324477116929e+01,0.000000000000000000e+00,0.000000000000000000e+00
2.024927053685399514e+01,0.000000000000000000e+00,0.000000000000000000e+00
1.980894958983635590e+01,0.000000000000000000e+00,0.000000000000000000e+00
2.107104845500958490e+01,0.000000000000000000e+00,0.000000000000000000e+00
2.004330286645940973e+01,0.000000000000000000e+00,0.000000000000000000e+00
1.899571671000690287e+01,0.000000000000000000e+00,0.000000000000000000e+00
1.732201871691282591e+01,0.000000000000000000e+00,0.000000000000000000e+00
1.826166423465132382e+01,0.000000000000000000e+00,0.000000000000000000e+00
1.796930701660430785e+01,0.000000000000000000e+00,0.000000000000000000e+00
2.367939635895113781e+01,0.000000000000000000e+00,0.000000000000000000e+00
2.034305701964625612e+01,0.000000000000000000e+00,0.000000000000000000e+00
1.952984497404539610e+01,0.000000000000000000e+00,0.000000000000000000e+00
2.068333423822766903e+01,0.000000000000000000e+00,0.000000000000000000e+00
1.985000311724171240e+01,0.000000000000000000e+00,0.000000000000000000e+00
1.947228007768778468e+01,0.000000000000000000e+00,0.000000000000000000e+00
2.433766714452302082e+01,0.000000000000000000e+00,0.000000000000000000e+00
2.374521385364070625e+01,0.000000000000000000e+00,0.000000000000000000e+00
2.229114964970808188e+01,0.000000000000000000e+00,0.000000000000000000e+00
2.148801480106858364e+01,0.000000000000000000e+00,0.000000000000000000e+00
2.157250910771367103e+01,0.000000000000000000e+00,0.000000000000000000e+00
1.776060093393663664e+01,0.000000000000000000e+00,0.000000000000000000e+00
1.848559217852871583e+01,0.000000000000000000e+00,0.000000000000000000e+00
1.843765451151544355e+01,0.000000000000000000e+00,0.000000000000000000e+00
1.699988554816512476e+01,0.000000000000000000e+00,0.000000000000000000e+00
2.107787785004279968e+01,0.000000000000000000e+00,0.000000000000000000e+00
1.963131344257480748e+01,0.000000000000000000e+00,0.000000000000000000e+00
2.232417011692053066e+01,0.000000000000000000e+00,0.000000000000000000e+00
1.910619284285836272e+01,0.000000000000000000e+00,0.000000000000000000e+00
1.509453142125271619e+01,0.000000000000000000e+00,0.000000000000000000e+00
1.797500173270066881e+01,0.000000000000000000e+00,0.000000000000000000e+00
1.762045911493288841e+01,0.000000000000000000e+00,0.000000000000000000e+00
1.714762738626789584e+01,0.000000000000000000e+00,0.000000000000000000e+00
2.212311464477609846e+01,0.000000000000000000e+00,0.000000000000000000e+00
2.157455728843489950e+01,0.000000000000000000e+00,0.000000000000000000e+00
2.141964866795866129e+01,0.000000000000000000e+00,0.000000000000000000e+00
1.882156718831260633e+01,0.000000000000000000e+00,0.000000000000000000e+00
2.203092036877683313e+01,0.000000000000000000e+00,0.000000000000000000e+00
2.240794074373883404e+01,0.000000000000000000e+00,0.000000000000000000e+00
1.859007657585304685e+01,0.000000000000000000e+00,0.000000000000000000e+00
2.021928267062590834e+01,0.000000000000000000e+00,0.000000000000000000e+00
2.341935733452352508e+01,0.000000000000000000e+00,0.000000000000000000e+00
2.206252706080403669e+01,0.000000000000000000e+00,0.000000000000000000e+00
2.306459656908153377e+01,0.000000000000000000e+00,0.000000000000000000e+00
2.237197381206748048e+01,0.000000000000000000e+00,0.000000000000000000e+00
2.290787977108985984e+01,0.000000000000000000e+00,0.000000000000000000e+00
2.047971746525628944e+01,0.000000000000000000e+00,0.000000000000000000e+00
2.164436745273616935e+01,0.000000000000000000e+00,0.000000000000000000e+00
1.947407766016154440e+01,0.000000000000000000e+00,0.000000000000000000e+00
2.164408390874919519e+01,0.000000000000000000e+00,0.000000000000000000e+00
1.985439285821481903e+01,0.000000000000000000e+00,0.000000000000000000e+00
1.905155079252832451e+01,0.000000000000000000e+00,0.000000000000000000e+00
2.100998149695892181e+01,0.000000000000000000e+00,0.000000000000000000e+00
1.937848049982099496e+01,0.000000000000000000e+00,0.000000000000000000e+00
1.978097821613707197e+01,0.000000000000000000e+00,0.000000000000000000e+00
2.232209540207194465e+01,0.000000000000000000e+00,0.000000000000000000e+00
1.860242670526898578e+01,0.000000000000000000e+00,0.000000000000000000e+00
2.195586582141557841e+01,0.000000000000000000e+00,0.000000000000000000e+00
2.228632584407753114e+01,0.000000000000000000e+00,0.000000000000000000e+00
2.051092208010101814e+01,0.000000000000000000e+00,0.000000000000000000e+00
1.977227292860901287e+01,0.000000000000000000e+00,0.000000000000000000e+00
2.111191347175056876e+01,0.000000000000000000e+00,0.000000000000000000e+00
2.166868581682981443e+01,0.000000000000000000e+00,0.000000000000000000e+00
2.015700626751281277e+01,0.000000000000000000e+00,0.000000000000000000e+00
2.033142809457305944e+01,0.000000000000000000e+00,0.000000000000000000e+00
2.223449236994910194e+01,0.000000000000000000e+00,0.000000000000000000e+00
1.900658393948868508e+01,0.000000000000000000e+00,0.000000000000000000e+00
2.008615162258434594e+01,0.000000000000000000e+00,0.000000000000000000e+00
1.919205526994836575e+01,0.000000000000000000e+00,0.000000000000000000e+00
1.801876987875968084e+01,0.000000000000000000e+00,0.000000000000000000e+00
2.523431562013045948e+01,0.000000000000000000e+00,0.000000000000000000e+00
2.219279499056172966e+01,0.000000000000000000e+00,0.000000000000000000e+00
2.005780188193146074e+01,0.000000000000000000e+00,0.000000000000000000e+00
2.001284029766136996e+01,0.000000000000000000e+00,0.000000000000000000e+00
1.822960392582048073e+01,0.000000000000000000e+00,0.000000000000000000e+00
2.430654647253835066e+01,0.000000000000000000e+00,0.000000000000000000e+00
1.970280046331178170e+01,0.000000000000000000e+00,0.000000000000000000e+00
2.344996197810858973e+01,0.000000000000000000e+00,0.000000000000000000e+00
1.829245099123867391e+01,0.000000000000000000e+00,0.000000000000000000e+00
1.832217901864022735e+01,0.000000000000000000e+00,0.000000000000000000e+00
1.853232071008187276e+01,0.000000000000000000e+00,0.000000000000000000e+00
1.912832237915125333e+01,0.000000000000000000e+00,0.000000000000000000e+00
2.001108524542958733e+01,0.000000000000000000e+00,0.000000000000000000e+00
2.154732181479067066e+01,0.000000000000000000e+00,0.000000000000000000e+00
2.234665855494552744e+01,0.000000000000000000e+00,0.000000000000000000e+00
1.900524073587084217e+01,0.000000000000000000e+00,0.000000000000000000e+00
1.841870171020071467e+01,0.000000000000000000e+00,0.000000000000000000e+00
2.197536960400005768e+01,0.000000000000000000e+00,0.000000000000000000e+00
1.858111590105718491e+01,0.000000000000000000e+00,0.000000000000000000e+00
1.936214528802942070e+01,0.000000000000000000e+00,0.000000000000000000e+00
2.196069459360898790e+01,0.000000000000000000e+00,0.000000000000000000e+00
2.346248367154913694e+01,0.000000000000000000e+00,0.000000000000000000e+00
1.957781232325707776e+01,0.000000000000000000e+00,0.000000000000000000e+00
1.901546284536760112e+01,0.000000000000000000e+00,0.000000000000000000e+00
2.291071878553027474e+01,0.000000000000000000e+00,0.000000000000000000e+00
2.258948824588894055e+01,0.000000000000000000e+00,0.000000000000000000e+00
2.102389376387695563e+01,0.000000000000000000e+00,0.000000000000000000e+00
2.140098875627688102e+01,0.000000000000000000e+00,0.000000000000000000e+00
1.973284950158862117e+01,0.000000000000000000e+00,0.000000000000000000e+00
1.926559139741624449e+01,0.000000000000000000e+00,0.000000000000000000e+00
1.928421660046803154e+01,0.000000000000000000e+00,0.000000000000000000e+00
2.520346301943828493e+01,0.000000000000000000e+00,0.000000000000000000e+00
2.206400242428841807e+01,0.000000000000000000e+00,0.000000000000000000e+00
1.911711561715827301e+01,0.000000000000000000e+00,0.000000000000000000e+00
2.163164670249905797e+01,0.000000000000000000e+00,0.000000000000000000e+00
2.213371913654648182e+01,0.000000000000000000e+00,0.000000000000000000e+00
1.970294792888299185e+01,0.000000000000000000e+00,0.000000000000000000e+00
2.222380848542611886e+01,0.000000000000000000e+00,0.000000000000000000e+00
2.287558120497130787e+01,0.000000000000000000e+00,0.000000000000000000e+00
2.114654185176405932e+01,0.000000000000000000e+00,0.000000000000000000e+00
2.037860638582344208e+01,0.000000000000000000e+00,0.000000000000000000e+00
2.255465027223819874e+01,0.000000000000000000e+00,0.000000000000000000e+00
2.333265707272988010e+01,0.000000000000000000e+00,0.000000000000000000e+00
2.002339101935942267e+01,0.000000000000000000e+00,0.000000000000000000e+00
2.107948621566361425e+01,0.000000000000000000e+00,0.000000000000000000e+00
2.178542510574052926e+01,0.000000000000000000e+00,0.000000000000000000e+00
1.980848963310509703e+01,0.000000000000000000e+00,0.000000000000000000e+00
2.178575421801792089e+01,0.000000000000000000e+00,0.000000000000000000e+00
1.758813504499376279e+01,0.000000000000000000e+00,0.000000000000000000e+00
2.461914137150726845e+01,0.000000000000000000e+00,0.000000000000000000e+00
2.075179932803359151e+01,0.000000000000000000e+00,0.000000000000000000e+00
2.021563476410305071e+01,0.000000000000000000e+00,0.000000000000000000e+00
1.755320587467601001e+01,0.000000000000000000e+00,0.000000000000000000e+00
2.005447804435045356e+01,0.000000000000000000e+00,0.000000000000000000e+00
2.128647387592518925e+01,0.000000000000000000e+00,0.000000000000000000e+00
1.989174990779811480e+01,0.000000000000000000e+00,0.000000000000000000e+00
1.931585433085514936e+01,0.000000000000000000e+00,0.000000000000000000e+00
1.928746850144323943e+01,0.000000000000000000e+00,0.000000000000000000e+00
1.764208844051459124e+01,0.000000000000000000e+00,0.000000000000000000e+00
2.138960788287027981e+01,0.000000000000000000e+00,0.000000000000000000e+00
2.028519168150549845e+01,0.000000000000000000e+00,0.000000000000000000e+00
2.134632083231026556e+01,0.000000000000000000e+00,0.000000000000000000e+00
2.055891597487515909e+01,0.000000000000000000e+00,0.000000000000000000e+00
2.362630597985519998e+01,0.000000000000000000e+00,0.000000000000000000e+00
2.130364200519514029e+01,0.000000000000000000e+00,0.000000000000000000e+00
2.390762439965270403e+01,0.000000000000000000e+00,0.000000000000000000e+00
1.993267572559642886e+01,0.000000000000000000e+00,0.000000000000000000e+00
2.372910501839249520e+01,0.000000000000000000e+00,0.000000000000000000e+00
2.172827344532171878e+01,0.000000000000000000e+00,0.000000000000000000e+00
2.055368281842606848e+01,0.000000000000000000e+00,0.000000000000000000e+00
2.291177026238259984e+01,0.000000000000000000e+00,0.000000000000000000e+00
2.226387693479652796e+01,0.000000000000000000e+00,0.000000000000000000e+00
2.109945805132259622e+01,0.000000000000000000e+00,0.000000000000000000e+00
2.305646424242544867e+01,0.000000000000000000e+00,0.000000000000000000e+00
2.067372759646783820e+01,0.000000000000000000e+00,0.000000000000000000e+00
2.013581593387681679e+01,0.000000000000000000e+00,0.000000000000000000e+00
2.264173002098244680e+01,0.000000000000000000e+00,0.000000000000000000e+00
2.025281235259063450e+01,0.000000000000000000e+00,0.000000000000000000e+00
1.974750094787410504e+01,0.000000000000000000e+00,0.000000000000000000e+00
2.353082629285123417e+01,0.000000000000000000e+00,0.000000000000000000e+00
2.072490691759294279e+01,0.000000000000000000e+00,0.000000000000000000e+00
2.255619059907449397e+01,0.000000000000000000e+00,0.000000000000000000e+00
2.352886811331823935e+01,0.000000000000000000e+00,0.000000000000000000e+00
2.524439137094664432e+01,0.000000000000000000e+00,0.000000000000000000e+00
2.154831103493746269e+01,0.000000000000000000e+00,0.000000000000000000e+00
2.149043944160403186e+01,0.000000000000000000e+00,0.000000000000000000e+00
2.311148632938334657e+01,0.000000000000000000e+00,0.000000000000000000e+00
1.942526801349057664e+01,0.000000000000000000e+00,0.000000000000000000e+00
2.131874593701054366e+01,0.000000000000000000e+00,0.000000000000000000e+00
1.954117040835310348e+01,0.000000000000000000e+00,0.000000000000000000e+00
2.076025706897564049e+01,0.000000000000000000e+00,0.000000000000000000e+00
2.258499392320169363e+01,0.000000000000000000e+00,0.000000000000000000e+00
2.367295909944909482e+01,0.000000000000000000e+00,0.000000000000000000e+00
1.927823046897799486e+01,0.000000000000000000e+00,0.000000000000000000e+00
1.962561144779781586e+01,0.000000000000000000e+00,0.000000000000000000e+00
2.647542017597500319e+01,0.000000000000000000e+00,0.000000000000000000e+00
2.134745913577007670e+01,0.000000000000000000e+00,0.000000000000000000e+00
2.240970592990937860e+01,0.000000000000000000e+00,0.000000000000000000e+00
2.030802631731455321e+01,0.000000000000000000e+00,0.000000000000000000e+00
2.218530478432736786e+01,0.000000000000000000e+00,0.000000000000000000e+00
2.108363007104853182e+01,0.000000000000000000e+00,0.000000000000000000e+00
2.099954369176813174e+01,0.000000000000000000e+00,0.000000000000000000e+00
2.141083540732826762e+01,0.000000000000000000e+00,0.000000000000000000e+00
2.008455625451834692e+01,0.000000000000000000e+00,0.000000000000000000e+00
2.498711796957223896e+01,0.000000000000000000e+00,0.000000000000000000e+00
1.948212496352222090e+01,0.000000000000000000e+00,0.000000000000000000e+00
2.122908582187963589e+01,0.000000000000000000e+00,0.000000000000000000e+00
2.264809493558970743e+01,0.000000000000000000e+00,0.000000000000000000e+00
2.089324834922642182e+01,0.000000000000000000e+00,0.000000000000000000e+00
2.327113148061397041e+01,0.000000000000000000e+00,0.000000000000000000e+00
2.394520855966498019e+01,0.000000000000000000e+00,0.000000000000000000e+00
2.192076646169910958e+01,0.000000000000000000e+00,0.000000000000000000e+00
2.050783447813684290e+01,0.000000000000000000e+00,0.000000000000000000e+00
2.391842240447604695e+01,0.000000000000000000e+00,0.000000000000000000e+00
2.065785624384505681e+01,0.000000000000000000e+00,0.000000000000000000e+00
2.277446123647953513e+01,0.000000000000000000e+00,0.000000000000000000e+00
2.323862014016688349e+01,0.000000000000000000e+00,0.000000000000000000e+00
2.339463846518518508e+01,0.000000000000000000e+00,0.000000000000000000e+00
2.074767152227294176e+01,0.000000000000000000e+00,0.000000000000000000e+00
2.539051364151576706e+01,0.000000000000000000e+00,0.000000000000000000e+00
1.931915917868579413e+01,0.000000000000000000e+00,0.000000000000000000e+00
2.478641493947595720e+01,0.000000000000000000e+00,0.000000000000000000e+00
2.091336655638050956e+01,0.000000000000000000e+00,0.000000000000000000e+00
2.409485399197519939e+01,0.000000000000000000e+00,0.000000000000000000e+00
2.402142318764351714e+01,0.000000000000000000e+00,0.000000000000000000e+00
2.210347766046448470e+01,0.000000000000000000e+00,0.000000000000000000e+00
2.374293667402030295e+01,0.000000000000000000e+00,0.000000000000000000e+00
2.317546692782246254e+01,0.000000000000000000e+00,0.000000000000000000e+00
1.997653427992909059e+01,0.000000000000000000e+00,0.000000000000000000e+00
2.416497919981643605e+01,0.000000000000000000e+00,0.000000000000000000e+00
2.334278354028218772e+01,0.000000000000000000e+00,0.000000000000000000e+00
2.163975091632516268e+01,0.000000000000000000e+00,0.000000000000000000e+00
2.065736727018598984e+01,0.000000000000000000e+00,0.000000000000000000e+00
2.149010277096288135e+01,0.000000000000000000e+00,0.000000000000000000e+00
2.282071712469743119e+01,0.000000000000000000e+00,0.000000000000000000e+00
2.377112234566133253e+01,0.000000000000000000e+00,0.000000000000000000e+00
2.243617656674312499e+01,0.000000000000000000e+00,0.000000000000000000e+00
1.926660665133119466e+01,0.000000000000000000e+00,0.000000000000000000e+00
2.292932408005292899e+01,0.000000000000000000e+00,0.000000000000000000e+00
2.395898904136685204e+01,0.000000000000000000e+00,0.000000000000000000e+00
2.608589670899757351e+01,0.000000000000000000e+00,0.000000000000000000e+00
1.963281313944476736e+01,0.000000000000000000e+00,0.000000000000000000e+00
2.447980127181329024e+01,0.000000000000000000e+00,0.000000000000000000e+00
2.434311361816328301e+01,0.000000000000000000e+00,0.000000000000000000e+00
2.966633226732887962e+01,0.000000000000000000e+00,0.000000000000000000e+00
2.583866571529321376e+01,0.000000000000000000e+00,0.000000000000000000e+00
2.810020234096777259e+01,0.000000000000000000e+00,0.000000000000000000e+00
2.383942631361546916e+01,0.000000000000000000e+00,0.000000000000000000e+00
2.420197883120124516e+01,0.000000000000000000e+00,0.000000000000000000e+00
2.418701138187404709e+01,0.000000000000000000e+00,0.000000000000000000e+00
2.307432168733140188e+01,0.000000000000000000e+00,0.000000000000000000e+00
2.537985084318992079e+01,0.000000000000000000e+00,0.000000000000000000e+00
2.867890582391185816e+01,0.000000000000000000e+00,0.000000000000000000e+00
2.384111053839600203e+01,0.000000000000000000e+00,0.000000000000000000e+00
3.082571774186818203e+01,0.000000000000000000e+00,0.000000000000000000e+00
2.288438708222474460e+01,0.000000000000000000e+00,0.000000000000000000e+00
2.022997901454803937e+01,0.000000000000000000e+00,0.000000000000000000e+00
2.675557898009233071e+01,0.000000000000000000e+00,0.000000000000000000e+00
2.248118636229357747e+01,0.000000000000000000e+00,0.000000000000000000e+00
2.600267047263222508e+01,0.000000000000000000e+00,0.000000000000000000e+00
2.072337825701716696e+01,0.000000000000000000e+00,0.000000000000000000e+00
2.546435919055955921e+01,0.000000000000000000e+00,0.000000000000000000e+00
2.903630732701196138e+01,0.000000000000000000e+00,0.000000000000000000e+00
2.657042876756192129e+01,0.000000000000000000e+00,0.000000000000000000e+00
2.550546812713627531e+01,0.000000000000000000e+00,0.000000000000000000e+00
2.388247218492563917e+01,0.000000000000000000e+00,0.000000000000000000e+00
2.738383262075790725e+01,0.000000000000000000e+00,0.000000000000000000e+00
2.275588347624375274e+01,0.000000000000000000e+00,0.000000000000000000e+00
2.088741671316121540e+01,0.000000000000000000e+00,0.000000000000000000e+00
2.516262686065298837e+01,0.000000000000000000e+00,0.000000000000000000e+00
2.896694333565754320e+01,0.000000000000000000e+00,0.000000000000000000e+00
2.606872286667454119e+01,0.000000000000000000e+00,0.000000000000000000e+00
2.261645343039439737e+01,0.000000000000000000e+00,0.000000000000000000e+00
2.118198432529498376e+01,0.000000000000000000e+00,0.000000000000000000e+00
2.521040055112971601e+01,0.000000000000000000e+00,0.000000000000000000e+00
2.399433001505748919e+01,0.000000000000000000e+00,0.000000000000000000e+00
2.582526482615264030e+01,0.000000000000000000e+00,0.000000000000000000e+00
2.607598625536251902e+01,0.000000000000000000e+00,0.000000000000000000e+00
2.243320480390886118e+01,0.000000000000000000e+00,0.000000000000000000e+00
2.258241989805518202e+01,0.000000000000000000e+00,0.000000000000000000e+00
2.579437130811591672e+01,0.000000000000000000e+00,0.000000000000000000e+00
2.519562971883189562e+01,0.000000000000000000e+00,0.000000000000000000e+00
2.659329302752229651e+01,0.000000000000000000e+00,0.000000000000000000e+00
2.781903185634318021e+01,0.000000000000000000e+00,0.000000000000000000e+00
2.862169600459367658e+01,0.000000000000000000e+00,0.000000000000000000e+00
2.563636400259866122e+01,0.000000000000000000e+00,0.000000000000000000e+00
2.494690444004035612e+01,0.000000000000000000e+00,0.000000000000000000e+00
2.616916419908659819e+01,0.000000000000000000e+00,0.000000000000000000e+00
2.581007464964008946e+01,0.000000000000000000e+00,0.000000000000000000e+00
2.632639964623341200e+01,0.000000000000000000e+00,0.000000000000000000e+00
2.487173151252112291e+01,0.000000000000000000e+00,0.000000000000000000e+00
2.600442779098580814e+01,0.000000000000000000e+00,0.000000000000000000e+00
2.464973679135867712e+01,0.000000000000000000e+00,0.000000000000000000e+00
2.997422535529295828e+01,0.000000000000000000e+00,0.000000000000000000e+00
2.549212236953948718e+01,0.000000000000000000e+00,0.000000000000000000e+00
2.974836730668439699e+01,0.000000000000000000e+00,0.000000000000000000e+00
2.809784522934781492e+01,0.000000000000000000e+00,0.000000000000000000e+00
2.205502979538597330e+01,0.000000000000000000e+00,0.000000000000000000e+00
2.723185637128752035e+01,0.000000000000000000e+00,0.000000000000000000e+00
2.668180925592846719e+01,0.000000000000000000e+00,0.000000000000000000e+00
2.475354585019880460e+01,0.000000000000000000e+00,0.000000000000000000e+00
2.670030076250751350e+01,0.000000000000000000e+00,0.000000000000000000e+00
2.757956180055167295e+01,0.000000000000000000e+00,0.000000000000000000e+00
2.587350328604567196e+01,0.000000000000000000e+00,0.000000000000000000e+00
2.634023627087659136e+01,0.000000000000000000e+00,0.000000000000000000e+00
2.180564332525910842e+01,0.000000000000000000e+00,0.000000000000000000e+00
2.770713698913654710e+01,0.000000000000000000e+00,0.000000000000000000e+00
2.654347883150688858e+01,0.000000000000000000e+00,0.000000000000000000e+00
2.749448199176732999e+01,0.000000000000000000e+00,0.000000000000000000e+00
2.534215728907615528e+01,0.000000000000000000e+00,0.000000000000000000e+00
2.895747488564564520e+01,0.000000000000000000e+00,0.000000000000000000e+00
2.735687419443340929e+01,0.000000000000000000e+00,0.000000000000000000e+00
2.830064771559342773e+01,0.000000000000000000e+00,0.000000000000000000e+00
2.913511152398397286e+01,0.000000000000000000e+00,0.000000000000000000e+00
2.848880401070092105e+01,0.000000000000000000e+00,0.000000000000000000e+00
2.771239107517103051e+01,0.000000000000000000e+00,0.000000000000000000e+00
2.721557414555206833e+01,0.000000000000000000e+00,0.000000000000000000e+00
2.733980745599391327e+01,0.000000000000000000e+00,0.000000000000000000e+00
2.654462718836190405e+01,0.000000000000000000e+00,0.000000000000000000e+00
2.588268535520843727e+01,0.000000000000000000e+00,0.000000000000000000e+00
2.506341184337440353e+01,0.000000000000000000e+00,0.000000000000000000e+00
2.926212692756287481e+01,0.000000000000000000e+00,0.000000000000000000e+00
2.764463943449030836e+01,0.000000000000000000e+00,0.000000000000000000e+00
3.055296585834847889e+01,0.000000000000000000e+00,0.000000000000000000e+00
2.385159800365038407e+01,0.000000000000000000e+00,0.000000000000000000e+00
2.846943851400063963e+01,0.000000000000000000e+00,0.000000000000000000e+00
2.469209537304764268e+01,0.000000000000000000e+00,0.000000000000000000e+00
2.881200225224641542e+01,0.000000000000000000e+00,0.000000000000000000e+00
3.066308483957602959e+01,0.000000000000000000e+00,0.000000000000000000e+00
2.436174888012695305e+01,0.000000000000000000e+00,0.000000000000000000e+00
2.774576180884118060e+01,0.000000000000000000e+00,0.000000000000000000e+00
2.846811590007491333e+01,0.000000000000000000e+00,0.000000000000000000e+00
2.877922377373451113e+01,0.000000000000000000e+00,0.000000000000000000e+00
2.812576907487062527e+01,0.000000000000000000e+00,0.000000000000000000e+00
2.882781802836328211e+01,0.000000000000000000e+00,0.000000000000000000e+00
2.633802516672976424e+01,0.000000000000000000e+00,0.000000000000000000e+00
2.746953587300409794e+01,0.000000000000000000e+00,0.000000000000000000e+00
3.205261206294600385e+01,0.000000000000000000e+00,0.000000000000000000e+00
2.624053079572058067e+01,0.000000000000000000e+00,0.000000000000000000e+00
3.378879122495954590e+01,0.000000000000000000e+00,0.000000000000000000e+00
2.850514279268111295e+01,0.000000000000000000e+00,0.000000000000000000e+00
2.714358887589124691e+01,0.000000000000000000e+00,0.000000000000000000e+00
2.653153300609091048e+01,0.000000000000000000e+00,0.000000000000000000e+00
2.759609770223702796e+01,0.000000000000000000e+00,0.000000000000000000e+00
2.497308075789676707e+01,0.000000000000000000e+00,0.000000000000000000e+00
2.831070442960347222e+01,0.000000000000000000e+00,0.000000000000000000e+00
3.037772532058797026e+01,0.000000000000000000e+00,0.000000000000000000e+00
3.056215802547495741e+01,0.000000000000000000e+00,0.000000000000000000e+00
2.773827812480514154e+01,0.000000000000000000e+00,0.000000000000000000e+00
2.960535155082335379e+01,0.000000000000000000e+00,0.000000000000000000e+00
2.806083156143093049e+01,0.000000000000000000e+00,0.000000000000000000e+00
3.161053938851083700e+01,0.000000000000000000e+00,0.000000000000000000e+00
2.444208004003410295e+01,0.000000000000000000e+00,0.000000000000000000e+00
2.916853055840588027e+01,0.000000000000000000e+00,0.000000000000000000e+00
3.035263474357876845e+01,0.000000000000000000e+00,0.000000000000000000e+00
2.586151736477316376e+01,0.000000000000000000e+00,0.000000000000000000e+00
2.530967764778730000e+01,0.000000000000000000e+00,0.000000000000000000e+00
2.571778370630387300e+01,0.000000000000000000e+00,0.000000000000000000e+00
2.940580505792328836e+01,0.000000000000000000e+00,0.000000000000000000e+00
2.899785168203418095e+01,0.000000000000000000e+00,0.000000000000000000e+00
2.930194127648047342e+01,0.000000000000000000e+00,0.000000000000000000e+00
2.853188775986264858e+01,0.000000000000000000e+00,0.000000000000000000e+00
2.996500846684174491e+01,0.000000000000000000e+00,0.000000000000000000e+00
2.619975019839094443e+01,0.000000000000000000e+00,0.000000000000000000e+00
3.291814119619748169e+01,0.000000000000000000e+00,0.000000000000000000e+00
2.728611057476783586e+01,0.000000000000000000e+00,0.000000000000000000e+00
2.980821537307146230e+01,0.000000000000000000e+00,0.000000000000000000e+00
2.787868137905477539e+01,0.000000000000000000e+00,0.000000000000000000e+00
3.053065744442778140e+01,0.000000000000000000e+00,0.000000000000000000e+00
3.052887124940552965e+01,0.000000000000000000e+00,0.000000000000000000e+00
3.463788799813831787e+01,0.000000000000000000e+00,0.000000000000000000e+00
2.993443530788968943e+01,0.000000000000000000e+00,0.000000000000000000e+00
3.246334759820309301e+01,0.000000000000000000e+00,0.000000000000000000e+00
2.676864224832351624e+01,0.000000000000000000e+00,0.000000000000000000e+00
3.154954567926679232e+01,0.000000000000000000e+00,0.000000000000000000e+00
2.772967855240081647e+01,0.000000000000000000e+00,0.000000000000000000e+00
2.926106417614508359e+01,0.000000000000000000e+00,0.000000000000000000e+00
3.004149072999653214e+01,0.000000000000000000e+00,0.000000000000000000e+00
3.154627388166089119e+01,0.000000000000000000e+00,0.000000000000000000e+00
3.107670949221203571e+01,0.000000000000000000e+00,0.000000000000000000e+00
2.790871983315387084e+01,0.000000000000000000e+00,0.000000000000000000e+00
3.028477213734046813e+01,0.000000000000000000e+00,0.000000000000000000e+00
3.077015882642770706e+01,0.000000000000000000e+00,0.000000000000000000e+00
3.150170381665526520e+01,0.000000000000000000e+00,0.000000000000000000e+00
3.120615329924559589e+01,0.000000000000000000e+00,0.000000000000000000e+00
3.264005146259417955e+01,0.000000000000000000e+00,0.000000000000000000e+00
2.967626176955352690e+01,0.000000000000000000e+00,0.000000000000000000e+00
3.361496797642011813e+01,0.000000000000000000e+00,0.000000000000000000e+00
3.094628010088672099e+01,0.000000000000000000e+00,0.000000000000000000e+00
3.343511752023503902e+01,0.000000000000000000e+00,0.000000000000000000e+00
3.144350149839167230e+01,0.000000000000000000e+00,0.000000000000000000e+00
3.329740949808155648e+01,0.000000000000000000e+00,0.000000000000000000e+00
3.060706268324974388e+01,0.000000000000000000e+00,0.000000000000000000e+00
3.241384586394055134e+01,0.000000000000000000e+00,0.000000000000000000e+00
3.148837390205881093e+01,0.000000000000000000e+00,0.000000000000000000e+00
3.108092008662236339e+01,0.000000000000000000e+00,0.000000000000000000e+00
2.965098596283598908e+01,0.000000000000000000e+00,0.000000000000000000e+00
3.500662810903633471e+01,0.000000000000000000e+00,0.000000000000000000e+00
2.989662542415580049e+01,0.000000000000000000e+00,0.000000000000000000e+00
3.296125434340738991e+01,0.000000000000000000e+00,0.000000000000000000e+00
3.021114634289320833e+01,0.000000000000000000e+00,0.000000000000000000e+00
3.200573861640240381e+01,0.000000000000000000e+00,0.000000000000000000e+00
2.929905960020309053e+01,0.000000000000000000e+00,0.000000000000000000e+00
3.511800547818999974e+01,0.000000000000000000e+00,0.000000000000000000e+00
3.241904327228507299e+01,0.000000000000000000e+00,0.000000000000000000e+00
3.107530071511442316e+01,0.000000000000000000e+00,0.000000000000000000e+00
3.317019412270621359e+01,0.000000000000000000e+00,0.000000000000000000e+00
3.401568747387304370e+01,0.000000000000000000e+00,0.000000000000000000e+00
3.493049752995980128e+01,0.000000000000000000e+00,0.000000000000000000e+00
2.819594572843329416e+01,0.000000000000000000e+00,0.000000000000000000e+00
3.152958515886869151e+01,0.000000000000000000e+00,0.000000000000000000e+00
3.407637927796895383e+01,0.000000000000000000e+00,0.000000000000000000e+00
3.552094311250593961e+01,0.000000000000000000e+00,0.000000000000000000e+00
3.051470675375183816e+01,0.000000000000000000e+00,0.000000000000000000e+00
3.487355540057284031e+01,0.000000000000000000e+00,0.000000000000000000e+00
3.347038560069238144e+01,0.000000000000000000e+00,0.000000000000000000e+00
3.174677504813185891e+01,0.000000000000000000e+00,0.000000000000000000e+00
3.339297385157781406e+01,0.000000000000000000e+00,0.000000000000000000e+00
3.332296838133714090e+01,0.000000000000000000e+00,0.000000000000000000e+00
2.960267357446271319e+01,0.000000000000000000e+00,0.000000000000000000e+00
3.158616110980300817e+01,0.000000000000000000e+00,0.000000000000000000e+00
3.269666172478818567e+01,0.000000000000000000e+00,0.000000000000000000e+00
3.351794638132524540e+01,0.000000000000000000e+00,0.000000000000000000e+00
3.784165071633325539e+01,0.000000000000000000e+00,0.000000000000000000e+00
3.972350979278531469e+01,0.000000000000000000e+00,0.000000000000000000e+00
3.072999506637449940e+01,0.000000000000000000e+00,0.000000000000000000e+00
3.528760114695801064e+01,0.000000000000000000e+00,0.000000000000000000e+00
3.628353541228280221e+01,0.000000000000000000e+00,0.000000000000000000e+00
3.429087014224722196e+01,0.000000000000000000e+00,0.000000000000000000e+00
3.268950213198166210e+01,0.000000000000000000e+00,0.000000000000000000e+00
3.533265295087408475e+01,0.000000000000000000e+00,0.000000000000000000e+00
3.237196424211892776e+01,0.000000000000000000e+00,0.000000000000000000e+00
3.755379783219873246e+01,0.000000000000000000e+00,0.000000000000000000e+00
3.514146110059915884e+01,0.000000000000000000e+00,0.000000000000000000e+00
3.287196126184226586e+01,0.000000000000000000e+00,0.000000000000000000e+00
3.457969998219509478e+01,0.000000000000000000e+00,0.000000000000000000e+00
3.680755572435759859e+01,0.000000000000000000e+00,0.000000000000000000e+00
3.326108910807597852e+01,0.000000000000000000e+00,0.000000000000000000e+00
3.390905695111446505e+01,0.000000000000000000e+00,0.000000000000000000e+00
3.536500220467065958e+01,0.000000000000000000e+00,0.000000000000000000e+00
3.169404991694974782e+01,0.000000000000000000e+00,0.000000000000000000e+00
3.467361672543147222e+01,0.000000000000000000e+00,0.000000000000000000e+00
3.327270140268028342e+01,0.000000000000000000e+00,0.000000000000000000e+00
3.185391360096133795e+01,0.000000000000000000e+00,0.000000000000000000e+00
3.492903351204343920e+01,0.000000000000000000e+00,0.000000000000000000e+00
3.559178794341470820e+01,0.000000000000000000e+00,0.000000000000000000e+00
3.308570101412868070e+01,0.000000000000000000e+00,0.000000000000000000e+00
3.942657491952211757e+01,0.000000000000000000e+00,0.000000000000000000e+00
3.984052062476767020e+01,0.000000000000000000e+00,0.000000000000000000e+00
3.474124231775395089e+01,0.000000000000000000e+00,0.000000000000000000e+00
3.528976450982770530e+01,0.000000000000000000e+00,0.000000000000000000e+00
3.429830770613882862e+01,0.000000000000000000e+00,0.000000000000000000e+00
3.706657505621430460e+01,0.000000000000000000e+00,0.000000000000000000e+00
3.692047090429765177e+01,0.000000000000000000e+00,0.000000000000000000e+00
3.616111619011535794e+01,0.000000000000000000e+00,0.000000000000000000e+00
3.615446610486034729e+01,0.000000000000000000e+00,0.000000000000000000e+00
3.155306098296675188e+01,0.000000000000000000e+00,0.000000000000000000e+00
3.251064273326269216e+01,0.000000000000000000e+00,0.000000000000000000e+00
3.579980757464786478e+01,0.000000000000000000e+00,0.000000000000000000e+00
3.565624073501714264e+01,0.000000000000000000e+00,0.000000000000000000e+00
3.216151830691814695e+01,0.000000000000000000e+00,0.000000000000000000e+00
3.599129553950771054e+01,0.000000000000000000e+00,0.000000000000000000e+00
3.525814570540232040e+01,0.000000000000000000e+00,0.000000000000000000e+00
3.455132181919410783e+01,0.000000000000000000e+00,0.000000000000000000e+00
3.759589230785613267e+01,0.000000000000000000e+00,0.000000000000000000e+00
3.231858384602788448e+01,0.000000000000000000e+00,0.000000000000000000e+00
3.977768457933183299e+01,0.000000000000000000e+00,0.000000000000000000e+00
3.598881983280757879e+01,0.000000000000000000e+00,0.000000000000000000e+00
3.968567363291109018e+01,0.000000000000000000e+00,0.000000000000000000e+00
3.512146919871522499e+01,0.000000000000000000e+00,0.000000000000000000e+00
3.783577388917225193e+01,0.000000000000000000e+00,0.000000000000000000e+00
3.969144667714741814e+01,0.000000000000000000e+00,0.000000000000000000e+00
3.993456639729670599e+01,0.000000000000000000e+00,0.000000000000000000e+00
3.436869201573492205e+01,0.000000000000000000e+00,0.000000000000000000e+00
3.778163840048303257e+01,0.000000000000000000e+00,0.000000000000000000e+00
3.622472274726909802e+01,0.000000000000000000e+00,0.000000000000000000e+00
3.808778395337746048e+01,0.000000000000000000e+00,0.000000000000000000e+00
3.698053840197815134e+01,0.000000000000000000e+00,0.000000000000000000e+00
3.886220375180970166e+01,0.000000000000000000e+00,0.000000000000000000e+00
4.159778364469959655e+01,0.000000000000000000e+00,0.000000000000000000e+00
3.630436411974550026e+01,0.000000000000000000e+00,0.000000000000000000e+00
3.773279107074817063e+01,0.000000000000000000e+00,0.000000000000000000e+00
3.752161163924652243e+01,0.000000000000000000e+00,0.000000000000000000e+00
3.697926504432839323e+01,0.000000000000000000e+00,0.000000000000000000e+00
3.834810796161438873e+01,0.000000000000000000e+00,0.000000000000000000e+00
4.407212879744371747e+01,0.000000000000000000e+00,0.000000000000000000e+00
4.010169336291123443e+01,0.000000000000000000e+00,0.000000000000000000e+00
3.937784144694524713e+01,0.000000000000000000e+00,0.000000000000000000e+00
3.655825838856405596e+01,0.000000000000000000e+00,0.000000000000000000e+00
3.677811021429137384e+01,0.000000000000000000e+00,0.000000000000000000e+00
3.437084019092547038e+01,0.000000000000000000e+00,0.000000000000000000e+00
3.695367045112515569e+01,0.000000000000000000e+00,0.000000000000000000e+00
3.887133835321182573e+01,0.000000000000000000e+00,0.000000000000000000e+00
3.892119077717352837e+01,0.000000000000000000e+00,0.000000000000000000e+00
3.426106302690151040e+01,0.000000000000000000e+00,0.000000000000000000e+00
4.178631541580660524e+01,0.000000000000000000e+00,0.000000000000000000e+00
3.815281724696028931e+01,0.000000000000000000e+00,0.000000000000000000e+00
3.597801690189260171e+01,0.000000000000000000e+00,0.000000000000000000e+00
4.270294672611065323e+01,0.000000000000000000e+00,0.000000000000000000e+00
3.834295855574009693e+01,0.000000000000000000e+00,0.000000000000000000e+00
3.718456935691899901e+01,0.000000000000000000e+00,0.000000000000000000e+00
4.421939692147067547e+01,0.000000000000000000e+00,0.000000000000000000e+00
3.944764206861825073e+01,0.000000000000000000e+00,0.000000000000000000e+00
3.793094184469879337e+01,0.000000000000000000e+00,0.000000000000000000e+00
4.089039422394984058e+01,0.000000000000000000e+00,0.000000000000000000e+00
3.978002144388664618e+01,0.000000000000000000e+00,0.000000000000000000e+00
3.859260157411338099e+01,0.000000000000000000e+00,0.000000000000000000e+00
3.602437295609377799e+01,0.000000000000000000e+00,0.000000000000000000e+00
3.870829153622798202e+01,0.000000000000000000e+00,0.000000000000000000e+00
3.900029817348945471e+01,0.000000000000000000e+00,0.000000000000000000e+00
4.116256891972179233e+01,0.000000000000000000e+00,0.000000000000000000e+00
3.837721103621766616e+01,0.000000000000000000e+00,0.000000000000000000e+00
3.693555485398557181e+01,0.000000000000000000e+00,0.000000000000000000e+00
3.938494360021255147e+01,0.000000000000000000e+00,0.000000000000000000e+00
3.594337716535204663e+01,0.000000000000000000e+00,0.000000000000000000e+00
4.084818271488914121e+01,0.000000000000000000e+00,0.000000000000000000e+00
4.068319478003556355e+01,0.000000000000000000e+00,0.000000000000000000e+00
4.020413303941248984e+01,0.000000000000000000e+00,0.000000000000000000e+00
4.254980543905181634e+01,0.000000000000000000e+00,0.000000000000000000e+00
4.278114885257995326e+01,0.000000000000000000e+00,0.000000000000000000e+00
4.143536242951329740e+01,0.000000000000000000e+00,0.000000000000000000e+00
4.256517468475301769e+01,0.000000000000000000e+00,0.000000000000000000e+00
4.158039605036814379e+01,0.000000000000000000e+00,0.000000000000000000e+00
4.259013765660791506e+01,0.000000000000000000e+00,0.000000000000000000e+00
3.995409187234026405e+01,0.000000000000000000e+00,0.000000000000000000e+00
4.010586149277399670e+01,0.000000000000000000e+00,0.000000000000000000e+00
4.003364146918173816e+01,0.000000000000000000e+00,0.000000000000000000e+00
4.022287576570411716e+01,0.000000000000000000e+00,0.000000000000000000e+00
4.300034158632140446e+01,0.000000000000000000e+00,0.000000000000000000e+00
3.745353086872142967e+01,0.000000000000000000e+00,0.000000000000000000e+00
4.284916026605368700e+01,0.000000000000000000e+00,0.000000000000000000e+00
4.067323163367638728e+01,0.000000000000000000e+00,0.000000000000000000e+00
3.774408146389048113e+01,0.000000000000000000e+00,0.000000000000000000e+00
4.164991733106393212e+01,0.000000000000000000e+00,0.000000000000000000e+00
3.884173788821021844e+01,0.000000000000000000e+00,0.000000000000000000e+00
4.488796205838545461e+01,0.000000000000000000e+00,0.000000000000000000e+00
4.384020166865087731e+01,0.000000000000000000e+00,0.000000000000000000e+00
4.466793287731581330e+01,0.000000000000000000e+00,0.000000000000000000e+00
4.236952531502170416e+01,0.000000000000000000e+00,0.000000000000000000e+00
3.870471144934634822e+01,0.000000000000000000e+00,0.000000000000000000e+00
4.125729085096021009e+01,0.000000000000000000e+00,0.000000000000000000e+00
3.972150957300004848e+01,0.000000000000000000e+00,0.000000000000000000e+00
4.117342235711409160e+01,0.000000000000000000e+00,0.000000000000000000e+00
4.419038920773035528e+01,0.000000000000000000e+00,0.000000000000000000e+00
4.446649060341320592e+01,0.000000000000000000e+00,0.000000000000000000e+00
4.420096329358759135e+01,0.000000000000000000e+00,0.000000000000000000e+00
4.143814267995605860e+01,0.000000000000000000e+00,0.000000000000000000e+00
4.196088228576380885e+01,0.000000000000000000e+00,0.000000000000000000e+00
4.236488646656929546e+01,0.000000000000000000e+00,0.000000000000000000e+00
4.190005467147370410e+01,0.000000000000000000e+00,0.000000000000000000e+00
4.256617686736291972e+01,0.000000000000000000e+00,0.000000000000000000e+00
4.314680847533004027e+01,0.000000000000000000e+00,0.000000000000000000e+00
4.476261174713715718e+01,0.000000000000000000e+00,0.000000000000000000e+00
4.203307990067312971e+01,0.000000000000000000e+00,0.000000000000000000e+00
4.354641168021382924e+01,0.000000000000000000e+00,0.000000000000000000e+00
4.338672031813129593e+01,0.000000000000000000e+00,0.000000000000000000e+00
4.237729607597229631e+01,0.000000000000000000e+00,0.000000000000000000e+00
4.658942723358892124e+01,0.000000000000000000e+00,0.000000000000000000e+00
4.336419573978641751e+01,0.000000000000000000e+00,0.000000000000000000e+00
4.081733329533001609e+01,0.000000000000000000e+00,0.000000000000000000e+00
4.205059009148425275e+01,0.000000000000000000e+00,0.000000000000000000e+00
4.219761265030546582e+01,0.000000000000000000e+00,0.000000000000000000e+00
4.659010610691905896e+01,0.000000000000000000e+00,0.000000000000000000e+00
4.165633814430826476e+01,0.000000000000000000e+00,0.000000000000000000e+00
4.416305218778776265e+01,0.000000000000000000e+00,0.000000000000000000e+00
4.128396037205820335e+01,0.000000000000000000e+00,0.000000000000000000e+00
4.512618726903428978e+01,0.000000000000000000e+00,0.000000000000000000e+00
4.551406769279885367e+01,0.000000000000000000e+00,0.000000000000000000e+00
4.314204121731030028e+01,0.000000000000000000e+00,0.000000000000000000e+00
4.212786616380699911e+01,0.000000000000000000e+00,0.000000000000000000e+00
4.431933709421370793e+01,0.000000000000000000e+00,0.000000000000000000e+00
4.558527647692505980e+01,0.000000000000000000e+00,0.000000000000000000e+00
4.395461458688989609e+01,0.000000000000000000e+00,0.000000000000000000e+00
4.458494671119904496e+01,0.000000000000000000e+00,0.000000000000000000e+00
4.332052590028400374e+01,0.000000000000000000e+00,0.000000000000000000e+00
4.242451034325060277e+01,0.000000000000000000e+00,0.000000000000000000e+00
4.375716121450375340e+01,0.000000000000000000e+00,0.000000000000000000e+00
4.763215418104780952e+01,0.000000000000000000e+00,0.000000000000000000e+00
4.913271330865797637e+01,0.000000000000000000e+00,0.000000000000000000e+00
4.673358759576617416e+01,0.000000000000000000e+00,0.000000000000000000e+00
4.448004745183909137e+01,0.000000000000000000e+00,0.000000000000000000e+00
4.610567692131711226e+01,0.000000000000000000e+00,0.000000000000000000e+00
4.529976103723127068e+01,0.000000000000000000e+00,0.000000000000000000e+00
4.707289266911812575e+01,0.000000000000000000e+00,0.000000000000000000e+00
4.869730434835127397e+01,0.000000000000000000e+00,0.000000000000000000e+00
4.154390632446551024e+01,0.000000000000000000e+00,0.000000000000000000e+00
4.506118624388872718e+01,0.000000000000000000e+00,0.000000000000000000e+00
4.333398463590476979e+01,0.000000000000000000e+00,0.000000000000000000e+00
4.870892994990814628e+01,0.000000000000000000e+00,0.000000000000000000e+00
4.524360357292870560e+01,0.000000000000000000e+00,0.000000000000000000e+00
4.409124003107553591e+01,0.000000000000000000e+00,0.000000000000000000e+00
4.711605995168523009e+01,0.000000000000000000e+00,0.000000000000000000e+00
4.792491186979914630e+01,0.000000000000000000e+00,0.000000000000000000e+00
4.543612785001234755e+01,0.000000000000000000e+00,0.000000000000000000e+00
4.633674279193895984e+01,0.000000000000000000e+00,0.000000000000000000e+00
4.737623974199212284e+01,0.000000000000000000e+00,0.000000000000000000e+00
4.780543682929590688e+01,0.000000000000000000e+00,0.000000000000000000e+00
4.777748244866698712e+01,0.000000000000000000e+00,0.000000000000000000e+00
4.742237766286892509e+01,0.000000000000000000e+00,0.000000000000000000e+00
4.621205436637757202e+01,0.000000000000000000e+00,0.000000000000000000e+00
4.737316384702410943e+01,0.000000000000000000e+00,0.000000000000000000e+00
4.755475531479909534e+01,0.000000000000000000e+00,0.000000000000000000e+00
4.557343286915018155e+01,0.000000000000000000e+00,0.000000000000000000e+00
4.524202934815770760e+01,0.000000000000000000e+00,0.000000000000000000e+00
4.769869262700419910e+01,0.000000000000000000e+00,0.000000000000000000e+00
4.418707801566220184e+01,0.000000000000000000e+00,0.000000000000000000e+00
4.715782681914562602e+01,0.000000000000000000e+00,0.000000000000000000e+00
4.997076982672356138e+01,0.000000000000000000e+00,0.000000000000000000e+00
5.115838874039219064e+01,0.000000000000000000e+00,0.000000000000000000e+00
5.079180029978201105e+01,0.000000000000000000e+00,0.000000000000000000e+00
4.813279256568267783e+01,0.000000000000000000e+00,0.000000000000000000e+00
4.838602790318009284e+01,0.000000000000000000e+00,0.000000000000000000e+00
5.104994913200197715e+01,0.000000000000000000e+00,0.000000000000000000e+00
4.765206909194469631e+01,0.000000000000000000e+00,0.000000000000000000e+00
5.078815263811991088e+01,0.000000000000000000e+00,0.000000000000000000e+00
4.859617533626357755e+01,0.000000000000000000e+00,0.000000000000000000e+00
5.068444084328769605e+01,0.000000000000000000e+00,0.000000000000000000e+00
5.209551671851344423e+01,0.000000000000000000e+00,0.000000000000000000e+00
4.866503246480563405e+01,0.000000000000000000e+00,0.000000000000000000e+00
5.006899423912674507e+01,0.000000000000000000e+00,0.000000000000000000e+00
4.653814925872515573e+01,0.000000000000000000e+00,0.000000000000000000e+00
4.595174128071460018e+01,0.000000000000000000e+00,0.000000000000000000e+00
4.957633389373754085e+01,0.000000000000000000e+00,0.000000000000000000e+00
5.006669584567206499e+01,0.000000000000000000e+00,0.000000000000000000e+00
4.897321920416207774e+01,0.000000000000000000e+00,0.000000000000000000e+00
4.855407452137074387e+01,0.000000000000000000e+00,0.000000000000000000e+00
4.913477249613391251e+01,0.000000000000000000e+00,0.000000000000000000e+00
5.121759191024532498e+01,0.000000000000000000e+00,0.000000000000000000e+00
5.005868047862674075e+01,0.000000000000000000e+00,0.000000000000000000e+00
5.052599559648344041e+01,0.000000000000000000e+00,0.000000000000000000e+00
4.827317904834573881e+01,0.000000000000000000e+00,0.000000000000000000e+00
4.941035238830998111e+01,0.000000000000000000e+00,0.000000000000000000e+00
4.771976459646345603e+01,0.000000000000000000e+00,0.000000000000000000e+00
4.795897641908753428e+01,0.000000000000000000e+00,0.000000000000000000e+00
5.107835588813514249e+01,0.000000000000000000e+00,0.000000000000000000e+00
5.000202608893361145e+01,0.000000000000000000e+00,0.000000000000000000e+00
5.242061202812649157e+01,0.000000000000000000e+00,0.000000000000000000e+00
4.748183749817883381e+01,0.000000000000000000e+00,0.000000000000000000e+00
4.885337685613587411e+01,0.000000000000000000e+00,0.000000000000000000e+00
4.800517616568149037e+01,0.000000000000000000e+00,0.000000000000000000e+00
4.987150630604186574e+01,0.000000000000000000e+00,0.000000000000000000e+00
5.163244000243314957e+01,0.000000000000000000e+00,0.000000000000000000e+00
4.882909834270436278e+01,0.000000000000000000e+00,0.000000000000000000e+00
4.648459679397327449e+01,0.000000000000000000e+00,0.000000000000000000e+00
4.968939859230602707e+01,0.000000000000000000e+00,0.000000000000000000e+00
5.419705961442445386e+01,0.000000000000000000e+00,0.000000000000000000e+00
5.128743927179877460e+01,0.000000000000000000e+00,0.000000000000000000e+00
4.943027708176114743e+01,0.000000000000000000e+00,0.000000000000000000e+00
5.213722910303876290e+01,0.000000000000000000e+00,0.000000000000000000e+00
5.111922253743857425e+01,0.000000000000000000e+00,0.000000000000000000e+00
5.096635796940570629e+01,0.000000000000000000e+00,0.000000000000000000e+00
5.556428155785040701e+01,0.000000000000000000e+00,0.000000000000000000e+00
5.097761802630315486e+01,0.000000000000000000e+00,0.000000000000000000e+00
5.241756230733444966e+01,0.000000000000000000e+00,0.000000000000000000e+00
5.102139729958691561e+01,0.000000000000000000e+00,0.000000000000000000e+00
4.918816317359389956e+01,0.000000000000000000e+00,0.000000000000000000e+00
5.180246585072524823e+01,0.000000000000000000e+00,0.000000000000000000e+00
5.253385904212769475e+01,0.000000000000000000e+00,0.000000000000000000e+00
5.263727938755822322e+01,0.000000000000000000e+00,0.000000000000000000e+00
5.062817085252333271e+01,0.000000000000000000e+00,0.000000000000000000e+00
5.289920463744446977e+01,0.000000000000000000e+00,0.000000000000000000e+00
4.959986222512333143e+01,0.000000000000000000e+00,0.000000000000000000e+00
5.315596256753251225e+01,0.000000000000000000e+00,0.000000000000000000e+00
5.129993716750004040e+01,0.000000000000000000e+00,0.000000000000000000e+00
5.210045553837120735e+01,0.000000000000000000e+00,0.000000000000000000e+00
5.216736491818991084e+01,0.000000000000000000e+00,0.000000000000000000e+00
5.433046766886074863e+01,0.000000000000000000e+00,0.000000000000000000e+00
5.063261250482650411e+01,0.000000000000000000e+00,0.000000000000000000e+00
5.342868161968558383e+01,0.000000000000000000e+00,0.000000000000000000e+00
5.271943072802413610e+01,0.000000000000000000e+00,0.000000000000000000e+00
5.209757296870235166e+01,0.000000000000000000e+00,0.000000000000000000e+00
5.257736190448838443e+01,0.000000000000000000e+00,0.000000000000000000e+00
5.381569768529801223e+01,0.000000000000000000e+00,0.000000000000000000e+00
5.117546521563927087e+01,0.000000000000000000e+00,0.000000000000000000e+00
5.546259840745880609e+01,0.000000000000000000e+00,0.000000000000000000e+00
5.424105360289147626e+01,0.000000000000000000e+00,0.000000000000000000e+00
5.233070489260120439e+01,0.000000000000000000e+00,0.000000000000000000e+00
5.368119645605419521e+01,0.000000000000000000e+00,0.000000000000000000e+00
5.192939357173027304e+01,0.000000000000000000e+00,0.000000000000000000e+00
5.287871109306647099e+01,0.000000000000000000e+00,0.000000000000000000e+00
5.225585090404211996e+01,0.000000000000000000e+00,0.000000000000000000e+00
5.453810249422338785e+01,0.000000000000000000e+00,0.000000000000000000e+00
5.078472368438094264e+01,0.000000000000000000e+00,0.000000000000000000e+00
5.229505039500435259e+01,0.000000000000000000e+00,0.000000000000000000e+00
5.307226171555106475e+01,0.000000000000000000e+00,0.000000000000000000e+00
5.309480340329999137e+01,0.000000000000000000e+00,0.000000000000000000e+00
5.815974381614317679e+01,0.000000000000000000e+00,0.000000000000000000e+00
5.364784906663724229e+01,0.000000000000000000e+00,0.000000000000000000e+00
5.159463968167121095e+01,0.000000000000000000e+00,0.000000000000000000e+00
5.730461197898713266e+01,0.000000000000000000e+00,0.000000000000000000e+00
5.223859454809020519e+01,0.000000000000000000e+00,0.000000000000000000e+00
5.480140733784270424e+01,0.000000000000000000e+00,0.000000000000000000e+00
5.453363339038660484e+01,0.000000000000000000e+00,0.000000000000000000e+00
5.269103879450523209e+01,0.000000000000000000e+00,0.000000000000000000e+00
5.334253895517839084e+01,0.000000000000000000e+00,0.000000000000000000e+00
5.392528557662259203e+01,0.000000000000000000e+00,0.000000000000000000e+00
5.350005080174238259e+01,0.000000000000000000e+00,0.000000000000000000e+00
5.468053667223099978e+01,0.000000000000000000e+00,0.000000000000000000e+00
5.492585958923481115e+01,0.000000000000000000e+00,0.000000000000000000e+00
5.855192564790331033e+01,0.000000000000000000e+00,0.000000000000000000e+00
5.553708983195713245e+01,0.000000000000000000e+00,0.000000000000000000e+00
5.585145830775171305e+01,0.000000000000000000e+00,0.000000000000000000e+00
5.561434014105420687e+01,0.000000000000000000e+00,0.000000000000000000e+00
5.574063670766439316e+01,0.000000000000000000e+00,0.000000000000000000e+00
5.630645135605256968e+01,0.000000000000000000e+00,0.000000000000000000e+00
5.463392168745637179e+01,0.000000000000000000e+00,0.000000000000000000e+00
5.768206205118223551e+01,0.000000000000000000e+00,0.000000000000000000e+00
5.405700088522029034e+01,0.000000000000000000e+00,0.000000000000000000e+00
5.761271413955770981e+01,0.000000000000000000e+00,0.000000000000000000e+00
5.677526249684553505e+01,0.000000000000000000e+00,0.000000000000000000e+00
6.021051809953046074e+01,0.000000000000000000e+00,0.000000000000000000e+00
5.267618964245282598e+01,0.000000000000000000e+00,0.000000000000000000e+00
5.785901755675051561e+01,0.000000000000000000e+00,0.000000000000000000e+00
6.033355513876256282e+01,0.000000000000000000e+00,0.000000000000000000e+00
5.366246179810398331e+01,0.000000000000000000e+00,0.000000000000000000e+00
5.425050042056174249e+01,0.000000000000000000e+00,0.000000000000000000e+00
5.637153418802206062e+01,0.000000000000000000e+00,0.000000000000000000e+00
5.916657828460494528e+01,0.000000000000000000e+00,0.000000000000000000e+00
5.830259812006367781e+01,0.000000000000000000e+00,0.000000000000000000e+00
5.334336974732914172e+01,0.000000000000000000e+00,0.000000000000000000e+00
5.722843250260459058e+01,0.000000000000000000e+00,0.000000000000000000e+00
5.728096393811861020e+01,0.000000000000000000e+00,0.000000000000000000e+00
5.677882784361642621e+01,0.000000000000000000e+00,0.000000000000000000e+00
5.454951990933157191e+01,0.000000000000000000e+00,0.000000000000000000e+00
5.306678848022665562e+01,0.000000000000000000e+00,0.000000000000000000e+00
5.911108539603832668e+01,0.000000000000000000e+00,0.000000000000000000e+00
5.627818071930135346e+01,0.000000000000000000e+00,0.000000000000000000e+00
5.456047437463550409e+01,0.000000000000000000e+00,0.000000000000000000e+00
5.850898479046244915e+01,0.000000000000000000e+00,0.000000000000000000e+00
5.613326926486379165e+01,0.000000000000000000e+00,0.000000000000000000e+00
5.713003026965555620e+01,0.000000000000000000e+00,0.000000000000000000e+00
5.485556558550723594e+01,0.000000000000000000e+00,0.000000000000000000e+00
5.945766026999316267e+01,0.000000000000000000e+00,0.000000000000000000e+00
5.740067087156966608e+01,0.000000000000000000e+00,0.000000000000000000e+00
5.818167202508314517e+01,0.000000000000000000e+00,0.000000000000000000e+00
5.613652966965236857e+01,0.000000000000000000e+00,0.000000000000000000e+00
5.822973017645762184e+01,0.000000000000000000e+00,0.000000000000000000e+00
5.754925728660003159e+01,0.000000000000000000e+00,0.000000000000000000e+00
5.941917171469706460e+01,0.000000000000000000e+00,0.000000000000000000e+00
5.774919724984472680e+01,0.000000000000000000e+00,0.000000000000000000e+00
5.914754782390525634e+01,0.000000000000000000e+00,0.000000000000000000e+00
6.022529636213760540e+01,0.000000000000000000e+00,0.000000000000000000e+00
5.989283855956656311e+01,0.000000000000000000e+00,0.000000000000000000e+00
6.043421522581437699e+01,0.000000000000000000e+00,0.000000000000000000e+00
5.761573677865973053e+01,0.000000000000000000e+00,0.000000000000000000e+00
5.475084995256204934e+01,0.000000000000000000e+00,0.000000000000000000e+00
5.969071532110444167e+01,0.000000000000000000e+00,0.000000000000000000e+00
6.142433946963384273e+01,0.000000000000000000e+00,0.000000000000000000e+00
6.040160860040947455e+01,0.000000000000000000e+00,0.000000000000000000e+00
5.813197201738362452e+01,0.000000000000000000e+00,0.000000000000000000e+00
5.434835551876243898e+01,0.000000000000000000e+00,0.000000000000000000e+00
5.787218232488788772e+01,0.000000000000000000e+00,0.000000000000000000e+00
6.205736328285203030e+01,0.000000000000000000e+00,0.000000000000000000e+00
5.766408056727650688e+01,0.000000000000000000e+00,0.000000000000000000e+00
6.395022009912395333e+01,0.000000000000000000e+00,0.000000000000000000e+00
5.755215978552553224e+01,0.000000000000000000e+00,0.000000000000000000e+00
5.987467793115119719e+01,0.000000000000000000e+00,0.000000000000000000e+00
6.380498932198507589e+01,0.000000000000000000e+00,0.000000000000000000e+00
6.132009421208373112e+01,0.000000000000000000e+00,0.000000000000000000e+00
5.847022966492513518e+01,0.000000000000000000e+00,0.000000000000000000e+00
5.467254029016255856e+01,0.000000000000000000e+00,0.000000000000000000e+00
5.916392266792805543e+01,0.000000000000000000e+00,0.000000000000000000e+00
5.942575458024678170e+01,0.000000000000000000e+00,0.000000000000000000e+00
5.992577423738723041e+01,0.000000000000000000e+00,0.000000000000000000e+00
6.216493345960203243e+01,0.000000000000000000e+00,0.000000000000000000e+00
5.989955611460169393e+01,0.000000000000000000e+00,0.000000000000000000e+00
6.109147156039207971e+01,0.000000000000000000e+00,0.000000000000000000e+00
6.013676494621098811e+01,0.000000000000000000e+00,0.000000000000000000e+00
5.915251133734157207e+01,0.000000000000000000e+00,0.000000000000000000e+00
5.973517108631114070e+01,0.000000000000000000e+00,0.000000000000000000e+00
6.099556751219109429e+01,0.000000000000000000e+00,0.000000000000000000e+00
6.157599354511568635e+01,0.000000000000000000e+00,0.000000000000000000e+00
5.767844950218631794e+01,0.000000000000000000e+00,0.000000000000000000e+00
5.778633618117351745e+01,0.000000000000000000e+00,0.000000000000000000e+00
5.793302238559353157e+01,0.000000000000000000e+00,0.000000000000000000e+00
6.170518243245815881e+01,0.000000000000000000e+00,0.000000000000000000e+00
6.172660514325190206e+01,0.000000000000000000e+00,0.000000000000000000e+00
5.725888947333114487e+01,0.000000000000000000e+00,0.000000000000000000e+00
5.865277605671490591e+01,0.000000000000000000e+00,0.000000000000000000e+00
6.145188571169995129e+01,0.000000000000000000e+00,0.000000000000000000e+00
6.294419038913213882e+01,0.000000000000000000e+00,0.000000000000000000e+00
6.065517807120043869e+01,0.000000000000000000e+00,0.000000000000000000e+00
5.959312663226916129e+01,0.000000000000000000e+00,0.000000000000000000e+00
6.378677988458612447e+01,0.000000000000000000e+00,0.000000000000000000e+00
6.179476098380198579e+01,0.000000000000000000e+00,0.000000000000000000e+00
6.230582079110295268e+01,0.000000000000000000e+00,0.000000000000000000e+00
6.186641267220230844e+01,0.000000000000000000e+00,0.000000000000000000e+00
5.985434439399226392e+01,0.000000000000000000e+00,0.000000000000000000e+00
6.073696889267768029e+01,0.000000000000000000e+00,0.000000000000000000e+00
6.600017628332020081e+01,0.000000000000000000e+00,0.000000000000000000e+00
6.187857872399925441e+01,0.000000000000000000e+00,0.000000000000000000e+00
6.099981179905927320e+01,0.000000000000000000e+00,0.000000000000000000e+00
6.364589392923387123e+01,0.000000000000000000e+00,0.000000000000000000e+00
6.075605203914405195e+01,0.000000000000000000e+00,0.000000000000000000e+00
6.178440624318073304e+01,0.000000000000000000e+00,0.000000000000000000e+00
6.355864088413245838e+01,0.000000000000000000e+00,0.000000000000000000e+00
6.405812603553223994e+01,0.000000000000000000e+00,0.000000000000000000e+00
6.338924429128746851e+01,0.000000000000000000e+00,0.000000000000000000e+00
5.698745196420934178e+01,0.000000000000000000e+00,0.000000000000000000e+00
6.236628953112242613e+01,0.000000000000000000e+00,0.000000000000000000e+00
6.068692471995819915e+01,0.000000000000000000e+00,0.000000000000000000e+00
6.262241756010267579e+01,0.000000000000000000e+00,0.000000000000000000e+00
6.761708532785264936e+01,0.000000000000000000e+00,0.000000000000000000e+00
5.936175653242814576e+01,0.000000000000000000e+00,0.000000000000000000e+00
6.112585242067216740e+01,0.000000000000000000e+00,0.000000000000000000e+00
6.409100119579062493e+01,0.000000000000000000e+00,0.000000000000000000e+00
6.595708284225140972e+01,0.000000000000000000e+00,0.000000000000000000e+00
6.569078496308166848e+01,0.000000000000000000e+00,0.000000000000000000e+00
6.518701775593272885e+01,0.000000000000000000e+00,0.000000000000000000e+00
6.314205997217118949e+01,0.000000000000000000e+00,0.000000000000000000e+00
6.126571076775089608e+01,0.000000000000000000e+00,0.000000000000000000e+00
6.212533934850939943e+01,0.000000000000000000e+00,0.000000000000000000e+00
6.315074870601191037e+01,0.000000000000000000e+00,0.000000000000000000e+00
6.533290765660548516e+01,0.000000000000000000e+00,0.000000000000000000e+00
6.512956814401523786e+01,0.000000000000000000e+00,0.000000000000000000e+00
6.608703666074327998e+01,0.000000000000000000e+00,0.000000000000000000e+00
6.238437434461283715e+01,0.000000000000000000e+00,0.000000000000000000e+00
6.233926750798904948e+01,0.000000000000000000e+00,0.000000000000000000e+00
6.400094436019708155e+01,0.000000000000000000e+00,0.000000000000000000e+00
6.457822349459677014e+01,0.000000000000000000e+00,0.000000000000000000e+00
6.582799863382811623e+01,0.000000000000000000e+00,0.000000000000000000e+00
6.517217409728954181e+01,0.000000000000000000e+00,0.000000000000000000e+00
6.338681365985221561e+01,0.000000000000000000e+00,0.000000000000000000e+00
6.376066812573315445e+01,0.000000000000000000e+00,0.000000000000000000e+00
6.503818283500366704e+01,0.000000000000000000e+00,0.000000000000000000e+00
6.598513656404205108e+01,0.000000000000000000e+00,0.000000000000000000e+00
6.942664198747701221e+01,0.000000000000000000e+00,0.000000000000000000e+00
6.434176359644150978e+01,0.000000000000000000e+00,0.000000000000000000e+00
6.150659522653705835e+01,0.000000000000000000e+00,0.000000000000000000e+00
6.575053360383266465e+01,0.000000000000000000e+00,0.000000000000000000e+00
6.295149537125045214e+01,0.000000000000000000e+00,0.000000000000000000e+00
6.743729194887919220e+01,0.000000000000000000e+00,0.000000000000000000e+00
6.472411546269691485e+01,0.000000000000000000e+00,0.000000000000000000e+00
6.795447292344454127e+01,0.000000000000000000e+00,0.000000000000000000e+00
6.807688712504750583e+01,0.000000000000000000e+00,0.000000000000000000e+00
6.253391129871162946e+01,0.000000000000000000e+00,0.000000000000000000e+00
6.550003394099684328e+01,0.000000000000000000e+00,0.000000000000000000e+00
6.635688114792769454e+01,0.000000000000000000e+00,0.000000000000000000e+00
6.513361212789891397e+01,0.000000000000000000e+00,0.000000000000000000e+00
6.639259455206989458e+01,0.000000000000000000e+00,0.000000000000000000e+00
6.589558263238949110e+01,0.000000000000000000e+00,0.000000000000000000e+00
7.028066891999998234e+01,0.000000000000000000e+00,0.000000000000000000e+00
6.789476314238913801e+01,0.000000000000000000e+00,0.000000000000000000e+00
6.823969485866652462e+01,0.000000000000000000e+00,0.000000000000000000e+00
6.583850770497059557e+01,0.000000000000000000e+00,0.000000000000000000e+00
6.621078460210593164e+01,0.000000000000000000e+00,0.000000000000000000e+00
6.870304701270357839e+01,0.000000000000000000e+00,0.000000000000000000e+00
6.206989282918935658e+01,0.000000000000000000e+00,0.000000000000000000e+00
6.328464658793715358e+01,0.000000000000000000e+00,0.000000000000000000e+00
6.596178100445733605e+01,0.000000000000000000e+00,0.000000000000000000e+00
6.772370642355693349e+01,0.000000000000000000e+00,0.000000000000000000e+00
6.708870657396833792e+01,0.000000000000000000e+00,0.000000000000000000e+00
6.681256042878446522e+01,0.000000000000000000e+00,0.000000000000000000e+00
6.710511405023879661e+01,0.000000000000000000e+00,0.000000000000000000e+00
6.478450942355118514e+01,0.000000000000000000e+00,0.000000000000000000e+00
6.532680118663932944e+01,0.000000000000000000e+00,0.000000000000000000e+00
7.030179499419109845e+01,0.000000000000000000e+00,0.000000000000000000e+00
6.809666761341604513e+01,0.000000000000000000e+00,0.000000000000000000e+00
6.548212938681430728e+01,0.000000000000000000e+00,0.000000000000000000e+00
6.808402777215690094e+01,0.000000000000000000e+00,0.000000000000000000e+00
6.447887096689311193e+01,0.000000000000000000e+00,0.000000000000000000e+00
6.929346887189281290e+01,0.000000000000000000e+00,0.000000000000000000e+00
6.587305173438312522e+01,0.000000000000000000e+00,0.000000000000000000e+00
6.608274370285363375e+01,0.000000000000000000e+00,0.000000000000000000e+00
6.806426195999101481e+01,0.000000000000000000e+00,0.000000000000000000e+00
6.764380839103067444e+01,0.000000000000000000e+00,0.000000000000000000e+00
6.788295607849103419e+01,0.000000000000000000e+00,0.000000000000000000e+00
6.522971916780647916e+01,0.000000000000000000e+00,0.000000000000000000e+00
6.888382336175526177e+01,0.000000000000000000e+00,0.000000000000000000e+00
6.436897628275404770e+01,0.000000000000000000e+00,0.000000000000000000e+00
6.687682846156133110e+01,0.000000000000000000e+00,0.000000000000000000e+00
6.905035986977220830e+01,0.000000000000000000e+00,0.000000000000000000e+00
6.914335929782224355e+01,0.000000000000000000e+00,0.000000000000000000e+00
7.120031924471881268e+01,0.000000000000000000e+00,0.000000000000000000e+00
6.820883082214525928e+01,0.000000000000000000e+00,0.000000000000000000e+00
6.724143787350035950e+01,0.000000000000000000e+00,0.000000000000000000e+00
6.958077889136956173e+01,0.000000000000000000e+00,0.000000000000000000e+00
6.762536484656030211e+01,0.000000000000000000e+00,0.000000000000000000e+00
6.995810781813810308e+01,0.000000000000000000e+00,0.000000000000000000e+00
7.122940879081981791e+01,0.000000000000000000e+00,0.000000000000000000e+00
6.967456870534414293e+01,0.000000000000000000e+00,0.000000000000000000e+00
6.972326688719373067e+01,0.000000000000000000e+00,0.000000000000000000e+00
6.715178787564353513e+01,0.000000000000000000e+00,0.000000000000000000e+00
6.880296290282495875e+01,0.000000000000000000e+00,0.000000000000000000e+00
6.739645582213235286e+01,0.000000000000000000e+00,0.000000000000000000e+00
7.238092496422012800e+01,0.000000000000000000e+00,0.000000000000000000e+00
7.092380742691369733e+01,0.000000000000000000e+00,0.000000000000000000e+00
6.677609618932260105e+01,0.000000000000000000e+00,0.000000000000000000e+00
6.979254172771938158e+01,0.000000000000000000e+00,0.000000000000000000e+00
7.110948935638108992e+01,0.000000000000000000e+00,0.000000000000000000e+00
7.097078968264463583e+01,0.000000000000000000e+00,0.000000000000000000e+00
6.909612889723757689e+01,0.000000000000000000e+00,0.000000000000000000e+00
6.844538453518835297e+01,0.000000000000000000e+00,0.000000000000000000e+00
7.158076417989610718e+01,0.000000000000000000e+00,0.000000000000000000e+00
7.134806307192943109e+01,0.000000000000000000e+00,0.000000000000000000e+00
7.105949425763864724e+01,0.000000000000000000e+00,0.000000000000000000e+00
6.794063833529473584e+01,0.000000000000000000e+00,0.000000000000000000e+00
7.008765988817994241e+01,0.000000000000000000e+00,0.000000000000000000e+00
6.640019625338342735e+01,0.000000000000000000e+00,0.000000000000000000e+00
6.651593661120115542e+01,0.000000000000000000e+00,0.000000000000000000e+00
7.073353255438961185e+01,0.000000000000000000e+00,0.000000000000000000e+00
6.807587566432709991e+01,0.000000000000000000e+00,0.000000000000000000e+00
6.858123502805258909e+01,0.000000000000000000e+00,0.000000000000000000e+00
7.106371341719933810e+01,0.000000000000000000e+00,0.000000000000000000e+00
6.966895888694126882e+01,0.000000000000000000e+00,0.000000000000000000e+00
7.253221205237471736e+01,0.000000000000000000e+00,0.000000000000000000e+00
7.360123803491363503e+01,0.000000000000000000e+00,0.000000000000000000e+00
6.963790719104910920e+01,0.000000000000000000e+00,0.000000000000000000e+00
6.955112041729745442e+01,0.000000000000000000e+00,0.000000000000000000e+00
6.943590400336086077e+01,0.000000000000000000e+00,0.000000000000000000e+00
7.191215375017958422e+01,0.000000000000000000e+00,0.000000000000000000e+00
6.832058344697033192e+01,0.000000000000000000e+00,0.000000000000000000e+00
7.053837792188767253e+01,0.000000000000000000e+00,0.000000000000000000e+00
7.183377171635102343e+01,0.000000000000000000e+00,0.000000000000000000e+00
7.152349454279128338e+01,0.000000000000000000e+00,0.000000000000000000e+00
7.177107876144624754e+01,0.000000000000000000e+00,0.000000000000000000e+00
7.458911395150049373e+01,0.000000000000000000e+00,0.000000000000000000e+00
7.128938099654460814e+01,0.000000000000000000e+00,0.000000000000000000e+00
6.971898181636355218e+01,0.000000000000000000e+00,0.000000000000000000e+00
7.508845895209469745e+01,0.000000000000000000e+00,0.000000000000000000e+00
7.306798778152254670e+01,0.000000000000000000e+00,0.000000000000000000e+00
7.013800794090276725e+01,0.000000000000000000e+00,0.000000000000000000e+00
7.158227116551717018e+01,0.000000000000000000e+00,0.000000000000000000e+00
7.362828857218092082e+01,0.000000000000000000e+00,0.000000000000000000e+00
7.005930985443806946e+01,0.000000000000000000e+00,0.000000000000000000e+00
7.091500390376209850e+01,0.000000000000000000e+00,0.000000000000000000e+00
6.939043932564369754e+01,0.000000000000000000e+00,0.000000000000000000e+00
7.044766734218919169e+01,0.000000000000000000e+00,0.000000000000000000e+00
7.321609769656780031e+01,0.000000000000000000e+00,0.000000000000000000e+00
7.228290654949368843e+01,0.000000000000000000e+00,0.000000000000000000e+00
6.973299121723235316e+01,0.000000000000000000e+00,0.000000000000000000e+00
7.176103038510116505e+01,0.000000000000000000e+00,0.000000000000000000e+00
7.227909851035529698e+01,0.000000000000000000e+00,0.000000000000000000e+00
7.518934905869785723e+01,0.000000000000000000e+00,0.000000000000000000e+00
7.357595149881230157e+01,0.000000000000000000e+00,0.000000000000000000e+00
7.447398429789298291e+01,0.000000000000000000e+00,0.000000000000000000e+00
7.272309963810486977e+01,0.000000000000000000e+00,0.000000000000000000e+00
7.199042012656795464e+01,0.000000000000000000e+00,0.000000000000000000e+00
6.825968021877343972e+01,0.000000000000000000e+00,0.000000000000000000e+00
7.021614664745814594e+01,0.000000000000000000e+00,0.000000000000000000e+00
7.441558545491737675e+01,0.000000000000000000e+00,0.000000000000000000e+00
7.193454091405767770e+01,0.000000000000000000e+00,0.000000000000000000e+00
7.433515584962368905e+01,0.000000000000000000e+00,0.000000000000000000e+00
7.134638772637310922e+01,0.000000000000000000e+00,0.000000000000000000e+00
7.176507769231216116e+01,0.000000000000000000e+00,0.000000000000000000e+00
7.290988136761816918e+01,0.000000000000000000e+00,0.000000000000000000e+00
7.428076468515456554e+01,0.000000000000000000e+00,0.000000000000000000e+00
7.150642684014381700e+01,0.000000000000000000e+00,0.000000000000000000e+00
7.430943973067084585e+01,0.000000000000000000e+00,0.000000000000000000e+00
7.246715417571313367e+01,0.000000000000000000e+00,0.000000000000000000e+00
7.070712360938426855e+01,0.000000000000000000e+00,0.000000000000000000e+00
7.279116136488335087e+01,0.000000000000000000e+00,0.000000000000000000e+00
7.292918163283081867e+01,0.000000000000000000e+00,0.000000000000000000e+00
7.264873042166124151e+01,0.000000000000000000e+00,0.000000000000000000e+00
7.450632341135441550e+01,0.000000000000000000e+00,0.000000000000000000e+00
6.928200879553790514e+01,0.000000000000000000e+00,0.000000000000000000e+00
7.208830268000826891e+01,0.000000000000000000e+00,0.000000000000000000e+00
7.505767861278273756e+01,0.000000000000000000e+00,0.000000000000000000e+00
7.702214633310559577e+01,0.000000000000000000e+00,0.000000000000000000e+00
7.142424257084346095e+01,0.000000000000000000e+00,0.000000000000000000e+00
7.549248098453864486e+01,0.000000000000000000e+00,0.000000000000000000e+00
7.498724127668828032e+01,0.000000000000000000e+00,0.000000000000000000e+00
7.665658162904665573e+01,0.000000000000000000e+00,0.000000000000000000e+00
7.225421471538453488e+01,0.000000000000000000e+00,0.000000000000000000e+00
7.086482238371181097e+01,0.000000000000000000e+00,0.000000000000000000e+00
7.482970770691483153e+01,0.000000000000000000e+00,0.000000000000000000e+00
7.039194137467397638e+01,0.000000000000000000e+00,0.000000000000000000e+00
7.530675330693243552e+01,0.000000000000000000e+00,0.000000000000000000e+00
7.706619587496896884e+01,0.000000000000000000e+00,0.000000000000000000e+00
7.419214072043995145e+01,0.000000000000000000e+00,0.000000000000000000e+00
7.542881824965017756e+01,0.000000000000000000e+00,0.000000000000000000e+00
7.260930774700523216e+01,0.000000000000000000e+00,0.000000000000000000e+00
7.307210346257784295e+01,0.000000000000000000e+00,0.000000000000000000e+00
7.367932128127272051e+01,0.000000000000000000e+00,0.000000000000000000e+00
7.334040735497015362e+01,0.000000000000000000e+00,0.000000000000000000e+00
6.988742670694469439e+01,0.000000000000000000e+00,0.000000000000000000e+00
7.556678295571673232e+01,0.000000000000000000e+00,0.000000000000000000e+00
7.538604899978052742e+01,0.000000000000000000e+00,0.000000000000000000e+00
7.531314285116003759e+01,0.000000000000000000e+00,0.000000000000000000e+00
7.143416435435119638e+01,0.000000000000000000e+00,0.000000000000000000e+00
7.402445226407604650e+01,0.000000000000000000e+00,0.000000000000000000e+00
7.463554847923097668e+01,0.000000000000000000e+00,0.000000000000000000e+00
7.515674761225781708e+01,0.000000000000000000e+00,0.000000000000000000e+00
7.819664491186264854e+01,0.000000000000000000e+00,0.000000000000000000e+00
7.097031125147559294e+01,0.000000000000000000e+00,0.000000000000000000e+00
7.545219808274944739e+01,0.000000000000000000e+00,0.000000000000000000e+00
7.619463903622313694e+01,0.000000000000000000e+00,0.000000000000000000e+00
7.560707630803024415e+01,0.000000000000000000e+00,0.000000000000000000e+00
7.813866853307870031e+01,0.000000000000000000e+00,0.000000000000000000e+00
7.553764913674388026e+01,0.000000000000000000e+00,0.000000000000000000e+00
7.399212618486676263e+01,0.000000000000000000e+00,0.000000000000000000e+00
7.785727475328637581e+01,0.000000000000000000e+00,0.000000000000000000e+00
7.311254212227265725e+01,0.000000000000000000e+00,0.000000000000000000e+00
7.337888970361872509e+01,0.000000000000000000e+00,0.000000000000000000e+00
7.248599306429137812e+01,0.000000000000000000e+00,0.000000000000000000e+00
7.614712921267107504e+01,0.000000000000000000e+00,0.000000000000000000e+00
7.136863741259129768e+01,0.000000000000000000e+00,0.000000000000000000e+00
7.614322605892012064e+01,0.000000000000000000e+00,0.000000000000000000e+00
7.780019962080015716e+01,0.000000000000000000e+00,0.000000000000000000e+00
7.376066388472929702e+01,0.000000000000000000e+00,0.000000000000000000e+00
7.299844676666232601e+01,0.000000000000000000e+00,0.000000000000000000e+00
7.856848695564504226e+01,0.000000000000000000e+00,0.000000000000000000e+00
7.564511513018469202e+01,0.000000000000000000e+00,0.000000000000000000e+00
7.090534829542961859e+01,0.000000000000000000e+00,0.000000000000000000e+00
7.511542533275853373e+01,0.000000000000000000e+00,0.000000000000000000e+00
7.557845245503440879e+01,0.000000000000000000e+00,0.000000000000000000e+00
7.548245111748289560e+01,0.000000000000000000e+00,0.000000000000000000e+00
7.376024194111225540e+01,0.000000000000000000e+00,0.000000000000000000e+00
7.546526872400275465e+01,0.000000000000000000e+00,0.000000000000000000e+00
7.535532773971992526e+01,0.000000000000000000e+00,0.000000000000000000e+00
7.440057217126657463e+01,0.000000000000000000e+00,0.000000000000000000e+00
7.656110800500410107e+01,0.000000000000000000e+00,0.000000000000000000e+00
7.459651824199966086e+01,0.000000000000000000e+00,0.000000000000000000e+00
7.184195602854346419e+01,0.000000000000000000e+00,0.000000000000000000e+00
7.580534425645412000e+01,0.000000000000000000e+00,0.000000000000000000e+00
7.738294277591350578e+01,0.000000000000000000e+00,0.000000000000000000e+00
7.491318970074249251e+01,0.000000000000000000e+00,0.000000000000000000e+00
7.699290882668051950e+01,0.000000000000000000e+00,0.000000000000000000e+00
7.655966176314117888e+01,0.000000000000000000e+00,0.000000000000000000e+00
7.707322721753591566e+01,0.000000000000000000e+00,0.000000000000000000e+00
7.427853355828322890e+01,0.000000000000000000e+00,0.000000000000000000e+00
7.355108037119154574e+01,0.000000000000000000e+00,0.000000000000000000e+00
7.474648771185302110e+01,0.000000000000000000e+00,0.000000000000000000e+00
7.716270317901016540e+01,0.000000000000000000e+00,0.000000000000000000e+00
7.830971717452212033e+01,0.000000000000000000e+00,0.000000000000000000e+00
7.528691705478094320e+01,0.000000000000000000e+00,0.000000000000000000e+00
7.462601811110590688e+01,0.000000000000000000e+00,0.000000000000000000e+00
7.785043042972317551e+01,0.000000000000000000e+00,0.000000000000000000e+00
7.683545008457178938e+01,0.000000000000000000e+00,0.000000000000000000e+00
7.483107996376674009e+01,0.000000000000000000e+00,0.000000000000000000e+00
7.605822206518267592e+01,0.000000000000000000e+00,0.000000000000000000e+00
7.470896627123588019e+01,0.000000000000000000e+00,0.000000000000000000e+00
7.912500057465685188e+01,0.000000000000000000e+00,0.000000000000000000e+00
7.417659917131646807e+01,0.000000000000000000e+00,0.000000000000000000e+00
7.551693822136246581e+01,0.000000000000000000e+00,0.000000000000000000e+00
7.883969291031623072e+01,0.000000000000000000e+00,0.000000000000000000e+00
7.697734063606083055e+01,0.000000000000000000e+00,0.000000000000000000e+00
7.793495083322883943e+01,0.000000000000000000e+00,0.000000000000000000e+00
7.763249365823264725e+01,0.000000000000000000e+00,0.000000000000000000e+00
7.692648354936339672e+01,0.000000000000000000e+00,0.000000000000000000e+00
7.502690422318664787e+01,0.000000000000000000e+00,0.000000000000000000e+00
7.530947336142313020e+01,0.000000000000000000e+00,0.000000000000000000e+00
7.594623585114240427e+01,0.000000000000000000e+00,0.000000000000000000e+00
7.524123869847586832e+01,0.000000000000000000e+00,0.000000000000000000e+00
7.599115878988004624e+01,0.000000000000000000e+00,0.000000000000000000e+00
7.679780980954282654e+01,0.000000000000000000e+00,0.000000000000000000e+00
7.691224741718463065e+01,0.000000000000000000e+00,0.000000000000000000e+00
7.614088108916035935e+01,0.000000000000000000e+00,0.000000000000000000e+00
7.944315598721125582e+01,0.000000000000000000e+00,0.000000000000000000e+00
7.573677041472430460e+01,0.000000000000000000e+00,0.000000000000000000e+00
7.558437523860405349e+01,0.000000000000000000e+00,0.000000000000000000e+00
7.711093678941814744e+01,0.000000000000000000e+00,0.000000000000000000e+00
7.750306547593673656e+01,0.000000000000000000e+00,0.000000000000000000e+00
7.853789281242156051e+01,0.000000000000000000e+00,0.000000000000000000e+00
7.578835642354243873e+01,0.000000000000000000e+00,0.000000000000000000e+00
7.647245595149402675e+01,0.000000000000000000e+00,0.000000000000000000e+00
7.459718592102733226e+01,0.000000000000000000e+00,0.000000000000000000e+00
7.536112557211728813e+01,0.000000000000000000e+00,0.000000000000000000e+00
7.926290022539241420e+01,0.000000000000000000e+00,0.000000000000000000e+00
7.783619097153145105e+01,0.000000000000000000e+00,0.000000000000000000e+00
7.480041831496444615e+01,0.000000000000000000e+00,0.000000000000000000e+00
7.944080414246637645e+01,0.000000000000000000e+00,0.000000000000000000e+00
7.637850501289848637e+01,0.000000000000000000e+00,0.000000000000000000e+00
8.167343827966222136e+01,0.000000000000000000e+00,0.000000000000000000e+00
7.639059148430347079e+01,0.000000000000000000e+00,0.000000000000000000e+00
8.048640685420893703e+01,0.000000000000000000e+00,0.000000000000000000e+00
7.710865733271870681e+01,0.000000000000000000e+00,0.000000000000000000e+00
8.101014663721758780e+01,0.000000000000000000e+00,0.000000000000000000e+00
7.856265577526106370e+01,0.000000000000000000e+00,0.000000000000000000e+00
8.001647702138006935e+01,0.000000000000000000e+00,0.000000000000000000e+00
7.827991519943719823e+01,0.000000000000000000e+00,0.000000000000000000e+00
8.032604121111336326e+01,0.000000000000000000e+00,0.000000000000000000e+00
7.570327976504427170e+01,0.000000000000000000e+00,0.000000000000000000e+00
7.975311883412648228e+01,0.000000000000000000e+00,0.000000000000000000e+00
7.510797437636735197e+01,0.000000000000000000e+00,0.000000000000000000e+00
7.591077672157109646e+01,0.000000000000000000e+00,0.000000000000000000e+00
7.763529788045219959e+01,0.000000000000000000e+00,0.000000000000000000e+00
7.881500630501898286e+01,0.000000000000000000e+00,0.000000000000000000e+00
7.860167412000031106e+01,0.000000000000000000e+00,0.000000000000000000e+00
7.511466965969061960e+01,0.000000000000000000e+00,0.000000000000000000e+00
7.892098103450366864e+01,0.000000000000000000e+00,0.000000000000000000e+00
8.169760161274471955e+01,0.000000000000000000e+00,0.000000000000000000e+00
7.575034311908936502e+01,0.000000000000000000e+00,0.000000000000000000e+00
7.746566893755188232e+01,0.000000000000000000e+00,0.000000000000000000e+00
7.433197608532785239e+01,0.000000000000000000e+00,0.000000000000000000e+00
7.830764688444190824e+01,0.000000000000000000e+00,0.000000000000000000e+00
7.928065126353789083e+01,0.000000000000000000e+00,0.000000000000000000e+00
7.715203267301248502e+01,0.000000000000000000e+00,0.000000000000000000e+00
7.347686943186134556e+01,0.000000000000000000e+00,0.000000000000000000e+00
7.710420200405634716e+01,0.000000000000000000e+00,0.000000000000000000e+00
7.646335407510662208e+01,0.000000000000000000e+00,0.000000000000000000e+00
7.993154210339679366e+01,0.000000000000000000e+00,0.000000000000000000e+00
7.532221879692748701e+01,0.000000000000000000e+00,0.000000000000000000e+00
7.627050947308916307e+01,0.000000000000000000e+00,0.000000000000000000e+00
7.929537062603048980e+01,0.000000000000000000e+00,0.000000000000000000e+00
7.927441016530278262e+01,0.000000000000000000e+00,0.000000000000000000e+00
7.919747090061096628e+01,0.000000000000000000e+00,0.000000000000000000e+00
7.830035703110465306e+01,0.000000000000000000e+00,0.000000000000000000e+00
8.009957817573662453e+01,0.000000000000000000e+00,0.000000000000000000e+00
7.719860090411805231e+01,0.000000000000000000e+00,0.000000000000000000e+00
8.244362280794162245e+01,0.000000000000000000e+00,0.000000000000000000e+00
7.632601435515105948e+01,0.000000000000000000e+00,0.000000000000000000e+00
7.905940521424446388e+01,0.000000000000000000e+00,0.000000000000000000e+00
8.282193863218350316e+01,0.000000000000000000e+00,0.000000000000000000e+00
7.718684641556612291e+01,0.000000000000000000e+00,0.000000000000000000e+00
7.922905203808205954e+01,0.000000000000000000e+00,0.000000000000000000e+00
8.097548462757679033e+01,0.000000000000000000e+00,0.000000000000000000e+00
7.879972589205301858e+01,0.000000000000000000e+00,0.000000000000000000e+00
7.983748212514292675e+01,0.000000000000000000e+00,0.000000000000000000e+00
7.897191518958391043e+01,0.000000000000000000e+00,0.000000000000000000e+00
7.690112142838175657e+01,0.000000000000000000e+00,0.000000000000000000e+00
7.661505079070387580e+01,0.000000000000000000e+00,0.000000000000000000e+00
7.797236455233047536e+01,0.000000000000000000e+00,0.000000000000000000e+00
8.007566453889349134e+01,0.000000000000000000e+00,0.000000000000000000e+00
7.918293197776061731e+01,0.000000000000000000e+00,0.000000000000000000e+00
8.066075673764788689e+01,0.000000000000000000e+00,0.000000000000000000e+00
7.846610115688568499e+01,0.000000000000000000e+00,0.000000000000000000e+00
8.177014159414285643e+01,0.000000000000000000e+00,0.000000000000000000e+00
7.966083618980978542e+01,0.000000000000000000e+00,0.000000000000000000e+00
8.200256407375744061e+01,0.000000000000000000e+00,0.000000000000000000e+00
7.630109094313357332e+01,0.000000000000000000e+00,0.000000000000000000e+00
8.009737597499623973e+01,0.000000000000000000e+00,0.000000000000000000e+00
7.843424467420568647e+01,0.000000000000000000e+00,0.000000000000000000e+00
7.953733095318402491e+01,0.000000000000000000e+00,0.000000000000000000e+00
8.167035829587092621e+01,0.000000000000000000e+00,0.000000000000000000e+00
7.970975380229123175e+01,0.000000000000000000e+00,0.000000000000000000e+00
7.877878143818395529e+01,0.000000000000000000e+00,0.000000000000000000e+00
7.454891053141319901e+01,0.000000000000000000e+00,0.000000000000000000e+00
7.530854611561203171e+01,0.000000000000000000e+00,0.000000000000000000e+00
8.064091578584415743e+01,0.000000000000000000e+00,0.000000000000000000e+00
8.196622773012373386e+01,0.000000000000000000e+00,0.000000000000000000e+00
7.688158981427000072e+01,0.000000000000000000e+00,0.000000000000000000e+00
7.955301007824880344e+01,0.000000000000000000e+00,0.000000000000000000e+00
8.168592846370252403e+01,0.000000000000000000e+00,0.000000000000000000e+00
7.826306207344869392e+01,0.000000000000000000e+00,0.000000000000000000e+00
7.981926806999298663e+01,0.000000000000000000e+00,0.000000000000000000e+00
8.318873070455080665e+01,0.000000000000000000e+00,0.000000000000000000e+00
8.021921026234308272e+01,0.000000000000000000e+00,0.000000000000000000e+00
8.116859930010335233e+01,0.000000000000000000e+00,0.000000000000000000e+00
8.276524363562212727e+01,0.000000000000000000e+00,0.000000000000000000e+00
8.130742142195140332e+01,0.000000000000000000e+00,0.000000000000000000e+00
8.243808852764695416e+01,0.000000000000000000e+00,0.000000000000000000e+00
7.986875708882091374e+01,0.000000000000000000e+00,0.000000000000000000e+00
8.015878650518970971e+01,0.000000000000000000e+00,0.000000000000000000e+00
7.711289510665551461e+01,0.000000000000000000e+00,0.000000000000000000e+00
7.817321044024816956e+01,0.000000000000000000e+00,0.000000000000000000e+00
7.812467741631408558e+01,0.000000000000000000e+00,0.000000000000000000e+00
7.939686093101373388e+01,0.000000000000000000e+00,0.000000000000000000e+00
7.744639210263046891e+01,0.000000000000000000e+00,0.000000000000000000e+00
7.653772899800981122e+01,0.000000000000000000e+00,0.000000000000000000e+00
7.973472506395960124e+01,0.000000000000000000e+00,0.000000000000000000e+00
8.314727727410883062e+01,0.000000000000000000e+00,0.000000000000000000e+00
8.054776800444020068e+01,0.000000000000000000e+00,0.000000000000000000e+00
8.275500257746701038e+01,0.000000000000000000e+00,0.000000000000000000e+00
8.083495701006958711e+01,0.000000000000000000e+00,0.000000000000000000e+00
8.186840217144121823e+01,0.000000000000000000e+00,0.000000000000000000e+00
8.131443578989804166e+01,0.000000000000000000e+00,0.000000000000000000e+00
7.951518266237268051e+01,0.000000000000000000e+00,0.000000000000000000e+00
7.727725606137441616e+01,0.000000000000000000e+00,0.000000000000000000e+00
8.047226110127098764e+01,0.000000000000000000e+00,0.000000000000000000e+00
7.528277741479269025e+01,0.000000000000000000e+00,0.000000000000000000e+00
7.868035784545394051e+01,0.000000000000000000e+00,0.000000000000000000e+00
8.039947312324578377e+01,0.000000000000000000e+00,0.000000000000000000e+00
7.736267746285042790e+01,0.000000000000000000e+00,0.000000000000000000e+00
8.020004979024156455e+01,0.000000000000000000e+00,0.000000000000000000e+00
7.564198354183865547e+01,0.000000000000000000e+00,0.000000000000000000e+00
8.187095784280953126e+01,0.000000000000000000e+00,0.000000000000000000e+00
8.126285288015030517e+01,0.000000000000000000e+00,0.000000000000000000e+00
7.998855015825945713e+01,0.000000000000000000e+00,0.000000000000000000e+00
8.030254553468870427e+01,0.000000000000000000e+00,0.000000000000000000e+00
8.075432841573369558e+01,0.000000000000000000e+00,0.000000000000000000e+00
7.659393586948462485e+01,0.000000000000000000e+00,0.000000000000000000e+00
8.308551735933291127e+01,0.000000000000000000e+00,0.000000000000000000e+00
7.872617932773671612e+01,0.000000000000000000e+00,0.000000000000000000e+00
8.168308652507697332e+01,0.000000000000000000e+00,0.000000000000000000e+00
7.939944101735622439e+01,0.000000000000000000e+00,0.000000000000000000e+00
8.032210299443892154e+01,0.000000000000000000e+00,0.000000000000000000e+00
7.853805180330842006e+01,0.000000000000000000e+00,0.000000000000000000e+00
7.639557242522836589e+01,0.000000000000000000e+00,0.000000000000000000e+00
8.031809368796484705e+01,0.000000000000000000e+00,0.000000000000000000e+00
7.748520565114483816e+01,0.000000000000000000e+00,0.000000000000000000e+00
7.801452651515133141e+01,0.000000000000000000e+00,0.000000000000000000e+00
7.988748692862579048e+01,0.000000000000000000e+00,0.000000000000000000e+00
8.084531163462706616e+01,0.000000000000000000e+00,0.000000000000000000e+00
8.250802342547754620e+01,0.000000000000000000e+00,0.000000000000000000e+00
7.552565373566011431e+01,0.000000000000000000e+00,0.000000000000000000e+00
8.039032242522630156e+01,0.000000000000000000e+00,0.000000000000000000e+00
7.901626266680415256e+01,0.000000000000000000e+00,0.000000000000000000e+00
8.137143476654864571e+01,0.000000000000000000e+00,0.000000000000000000e+00
8.222162154725938876e+01,0.000000000000000000e+00,0.000000000000000000e+00
7.923352349666913597e+01,0.000000000000000000e+00,0.000000000000000000e+00
7.971286204560004762e+01,0.000000000000000000e+00,0.000000000000000000e+00
7.963263377283088573e+01,0.000000000000000000e+00,0.000000000000000000e+00
8.379761400458575338e+01,0.000000000000000000e+00,0.000000000000000000e+00
8.121894782608991648e+01,0.000000000000000000e+00,0.000000000000000000e+00
8.253843130832242991e+01,0.000000000000000000e+00,0.000000000000000000e+00
7.963718078423140412e+01,0.000000000000000000e+00,0.000000000000000000e+00
7.876815603404411092e+01,0.000000000000000000e+00,0.000000000000000000e+00
8.191922138778738827e+01,0.000000000000000000e+00,0.000000000000000000e+00
7.873685285773109399e+01,0.000000000000000000e+00,0.000000000000000000e+00
8.275547227687921747e+01,0.000000000000000000e+00,0.000000000000000000e+00
7.861774851991330593e+01,0.000000000000000000e+00,0.000000000000000000e+00
8.034395445072721031e+01,0.000000000000000000e+00,0.000000000000000000e+00
8.362158306729500623e+01,0.000000000000000000e+00,0.000000000000000000e+00
7.775775624001261122e+01,0.000000000000000000e+00,0.000000000000000000e+00
7.583476150737752164e+01,0.000000000000000000e+00,0.000000000000000000e+00
7.754197284214990304e+01,0.000000000000000000e+00,0.000000000000000000e+00
8.255805830601622120e+01,0.000000000000000000e+00,0.000000000000000000e+00
7.917703542296548846e+01,0.000000000000000000e+00,0.000000000000000000e+00
7.862893307898492878e+01,0.000000000000000000e+00,0.000000000000000000e+00
7.768807940001549639e+01,0.000000000000000000e+00,0.000000000000000000e+00
8.280019707826254205e+01,0.000000000000000000e+00,0.000000000000000000e+00
7.716756611305942215e+01,0.000000000000000000e+00,0.000000000000000000e+00
7.976901482130627130e+01,0.000000000000000000e+00,0.000000000000000000e+00
7.851619934911285270e+01,0.000000000000000000e+00,0.000000000000000000e+00
7.835250074770588924e+01,0.000000000000000000e+00,0.000000000000000000e+00
7.924805755525684958e+01,0.000000000000000000e+00,0.000000000000000000e+00
7.819388217748814895e+01,0.000000000000000000e+00,0.000000000000000000e+00
8.015692055389025938e+01,0.000000000000000000e+00,0.000000000000000000e+00
7.890431668497298290e+01,0.000000000000000000e+00,0.000000000000000000e+00
8.206688200029530833e+01,0.000000000000000000e+00,0.000000000000000000e+00
7.981163002467324930e+01,0.000000000000000000e+00,0.000000000000000000e+00
8.025475866793291857e+01,0.000000000000000000e+00,0.000000000000000000e+00
8.248923523612484132e+01,0.000000000000000000e+00,0.000000000000000000e+00
7.862702136058881308e+01,0.000000000000000000e+00,0.000000000000000000e+00
8.316080574958554905e+01,0.000000000000000000e+00,0.000000000000000000e+00
8.223133588552279605e+01,0.000000000000000000e+00,0.000000000000000000e+00
7.731110685634301660e+01,0.000000000000000000e+00,0.000000000000000000e+00
7.753760037879563072e+01,0.000000000000000000e+00,0.000000000000000000e+00
7.899847405575336268e+01,0.000000000000000000e+00,0.000000000000000000e+00
8.025365036814662290e+01,0.000000000000000000e+00,0.000000000000000000e+00
8.027804644384445965e+01,0.000000000000000000e+00,0.000000000000000000e+00
7.738317328398649408e+01,0.000000000000000000e+00,0.000000000000000000e+00
8.051652613491839361e+01,0.000000000000000000e+00,0.000000000000000000e+00
7.961891459571559437e+01,0.000000000000000000e+00,0.000000000000000000e+00
7.899466398338869055e+01,0.000000000000000000e+00,0.000000000000000000e+00
7.720346934707652053e+01,0.000000000000000000e+00,0.000000000000000000e+00
8.090051213160714383e+01,0.000000000000000000e+00,0.000000000000000000e+00
8.375902095115877444e+01,0.000000000000000000e+00,0.000000000000000000e+00
8.108807486514005802e+01,0.000000000000000000e+00,0.000000000000000000e+00
7.744826857713560742e+01,0.000000000000000000e+00,0.000000000000000000e+00
7.715029186158915309e+01,0.000000000000000000e+00,0.000000000000000000e+00
8.194194437277484155e+01,0.000000000000000000e+00,0.000000000000000000e+00
7.876243218725262807e+01,0.000000000000000000e+00,0.000000000000000000e+00
7.977752336076038375e+01,0.000000000000000000e+00,0.000000000000000000e+00
7.824795372309193908e+01,0.000000000000000000e+00,0.000000000000000000e+00
8.105748453989269819e+01,0.000000000000000000e+00,0.000000000000000000e+00
7.819901196043912250e+01,0.000000000000000000e+00,0.000000000000000000e+00
8.099960796033339250e+01,0.000000000000000000e+00,0.000000000000000000e+00
7.787597958226204753e+01,0.000000000000000000e+00,0.000000000000000000e+00
8.020438107015775131e+01,0.000000000000000000e+00,0.000000000000000000e+00
7.854944413396940206e+01,0.000000000000000000e+00,0.000000000000000000e+00
7.679442490575313229e+01,0.000000000000000000e+00,0.000000000000000000e+00
7.886212420006540924e+01,0.000000000000000000e+00,0.000000000000000000e+00
7.689682427917672669e+01,0.000000000000000000e+00,0.000000000000000000e+00
7.928923619209815854e+01,0.000000000000000000e+00,0.000000000000000000e+00
7.813746531430236075e+01,0.000000000000000000e+00,0.000000000000000000e+00
8.039609700229748057e+01,0.000000000000000000e+00,0.000000000000000000e+00
7.819545664870121016e+01,0.000000000000000000e+00,0.000000000000000000e+00
8.012323832786532307e+01,0.000000000000000000e+00,0.000000000000000000e+00
7.822952420700076459e+01,0.000000000000000000e+00,0.000000000000000000e+00
8.050759898867225672e+01,0.000000000000000000e+00,0.000000000000000000e+00
7.587544318829908718e+01,0.000000000000000000e+00,0.000000000000000000e+00
8.068762948793050782e+01,0.000000000000000000e+00,0.000000000000000000e+00
8.231469855280801085e+01,0.000000000000000000e+00,0.000000000000000000e+00
8.129215333529155885e+01,0.000000000000000000e+00,0.000000000000000000e+00
7.794573961922992567e+01,0.000000000000000000e+00,0.000000000000000000e+00
7.971523966138876460e+01,0.000000000000000000e+00,0.000000000000000000e+00
8.031478566317308321e+01,0.000000000000000000e+00,0.000000000000000000e+00
7.963246180153464593e+01,0.000000000000000000e+00,0.000000000000000000e+00
7.985560029394574144e+01,0.000000000000000000e+00,0.000000000000000000e+00
7.762031740628478360e+01,0.000000000000000000e+00,0.000000000000000000e+00
8.083135150522318213e+01,0.000000000000000000e+00,0.000000000000000000e+00
7.976327817759496952e+01,0.000000000000000000e+00,0.000000000000000000e+00
8.145541231047950248e+01,0.000000000000000000e+00,0.000000000000000000e+00
7.888622886715977245e+01,0.000000000000000000e+00,0.000000000000000000e+00
7.834451140736901209e+01,0.000000000000000000e+00,0.000000000000000000e+00
8.000137358694870215e+01,0.000000000000000000e+00,0.000000000000000000e+00
7.931006377742068025e+01,0.000000000000000000e+00,0.000000000000000000e+00
7.718890594964408081e+01,0.000000000000000000e+00,0.000000000000000000e+00
8.219823402489437569e+01,0.000000000000000000e+00,0.000000000000000000e+00
7.795929200875929155e+01,0.000000000000000000e+00,0.000000000000000000e+00
8.113647624346316434e+01,0.000000000000000000e+00,0.000000000000000000e+00
7.520851086840526989e+01,0.000000000000000000e+00,0.000000000000000000e+00
7.891058092786396116e+01,0.000000000000000000e+00,0.000000000000000000e+00
7.788066206998885832e+01,0.000000000000000000e+00,0.000000000000000000e+00
7.782407614458337264e+01,0.000000000000000000e+00,0.000000000000000000e+00
8.047859278632023461e+01,0.000000000000000000e+00,0.000000000000000000e+00
7.995685413461099245e+01,0.000000000000000000e+00,0.000000000000000000e+00
8.107918580183429924e+01,0.000000000000000000e+00,0.000000000000000000e+00
8.047457421645920306e+01,0.000000000000000000e+00,0.000000000000000000e+00
8.104303298016699841e+01,0.000000000000000000e+00,0.000000000000000000e+00
8.065886878369204283e+01,0.000000000000000000e+00,0.000000000000000000e+00
7.901175304223012574e+01,0.000000000000000000e+00,0.000000000000000000e+00
7.822953110633127949e+01,0.000000000000000000e+00,0.000000000000000000e+00
7.894375579291630629e+01,0.000000000000000000e+00,0.000000000000000000e+00
7.894331754768029441e+01,0.000000000000000000e+00,0.000000000000000000e+00
7.826380987693494262e+01,0.000000000000000000e+00,0.000000000000000000e+00
7.939128315394003721e+01,0.000000000000000000e+00,0.000000000000000000e+00
8.237144552120821572e+01,0.000000000000000000e+00,0.000000000000000000e+00
8.190380076018313105e+01,0.000000000000000000e+00,0.000000000000000000e+00
8.202383501028846524e+01,0.000000000000000000e+00,0.000000000000000000e+00
7.603199456047217097e+01,0.000000000000000000e+00,0.000000000000000000e+00
7.902742943301630874e+01,0.000000000000000000e+00,0.000000000000000000e+00
8.092864836359149194e+01,0.000000000000000000e+00,0.000000000000000000e+00
7.730231390286509452e+01,0.000000000000000000e+00,0.000000000000000000e+00
7.587768561601090767e+01,0.000000000000000000e+00,0.000000000000000000e+00
7.841511616994705491e+01,0.000000000000000000e+00,0.000000000000000000e+00
7.969429091435013390e+01,0.000000000000000000e+00,0.000000000000000000e+00
7.924407473986104833e+01,0.000000000000000000e+00,0.000000000000000000e+00
8.149156256821812860e+01,0.000000000000000000e+00,0.000000000000000000e+00
7.720268774867700756e+01,0.000000000000000000e+00,0.000000000000000000e+00
7.707227424932948168e+01,0.000000000000000000e+00,0.000000000000000000e+00
7.813299975244933648e+01,0.000000000000000000e+00,0.000000000000000000e+00
7.911939870933269958e+01,0.000000000000000000e+00,0.000000000000000000e+00
8.022830724198696828e+01,0.000000000000000000e+00,0.000000000000000000e+00
7.494743864362666841e+01,0.000000000000000000e+00,0.000000000000000000e+00
7.958742532858086349e+01,0.000000000000000000e+00,0.000000000000000000e+00
7.610931100049519671e+01,0.000000000000000000e+00,0.000000000000000000e+00
7.937753691402529910e+01,0.000000000000000000e+00,0.000000000000000000e+00
7.972928844471236687e+01,0.000000000000000000e+00,0.000000000000000000e+00
7.777401248587614191e+01,0.000000000000000000e+00,0.000000000000000000e+00
7.539247643246086739e+01,0.000000000000000000e+00,0.000000000000000000e+00
7.939564946853407434e+01,0.000000000000000000e+00,0.000000000000000000e+00
7.956529665908240645e+01,0.000000000000000000e+00,0.000000000000000000e+00
7.737452658866915556e+01,0.000000000000000000e+00,0.000000000000000000e+00
7.921740502700235709e+01,0.000000000000000000e+00,0.000000000000000000e+00
7.815072541177043774e+01,0.000000000000000000e+00,0.000000000000000000e+00
7.883016900699333007e+01,0.000000000000000000e+00,0.000000000000000000e+00
7.680684390967427078e+01,0.000000000000000000e+00,0.000000000000000000e+00
8.214363268584379796e+01,0.000000000000000000e+00,0.000000000000000000e+00
7.790796611554924311e+01,0.000000000000000000e+00,0.000000000000000000e+00
7.991429438569325328e+01,0.000000000000000000e+00,0.000000000000000000e+00
7.935035558387778565e+01,0.000000000000000000e+00,0.000000000000000000e+00
7.478471214857518135e+01,0.000000000000000000e+00,0.000000000000000000e+00
8.128364071227957766e+01,0.000000000000000000e+00,0.000000000000000000e+00
8.130127243767340417e+01,0.000000000000000000e+00,0.000000000000000000e+00
7.824200020919278131e+01,0.000000000000000000e+00,0.000000000000000000e+00
7.729503061764890504e+01,0.000000000000000000e+00,0.000000000000000000e+00
8.107080524837877533e+01,0.000000000000000000e+00,0.000000000000000000e+00
7.997590316211321237e+01,0.000000000000000000e+00,0.000000000000000000e+00
8.106257062420949921e+01,0.000000000000000000e+00,0.000000000000000000e+00
7.990727915783929802e+01,0.000000000000000000e+00,0.000000000000000000e+00
7.648412385422533077e+01,0.000000000000000000e+00,0.000000000000000000e+00
8.069962327029315929e+01,0.000000000000000000e+00,0.000000000000000000e+00
7.591734249841802296e+01,0.000000000000000000e+00,0.000000000000000000e+00
7.713361201211499463e+01,0.000000000000000000e+00,0.000000000000000000e+00
7.748022125373626068e+01,0.000000000000000000e+00,0.000000000000000000e+00
7.914383393849125525e+01,0.000000000000000000e+00,0.000000000000000000e+00
7.969980090066609080e+01,0.000000000000000000e+00,0.000000000000000000e+00
7.642801694419027569e+01,0.000000000000000000e+00,0.000000000000000000e+00
8.020879382567746063e+01,0.000000000000000000e+00,0.000000000000000000e+00
7.744309424034770473e+01,0.000000000000000000e+00,0.000000000000000000e+00
7.737550806926081748e+01,0.000000000000000000e+00,0.000000000000000000e+00
7.447060348002844421e+01,0.000000000000000000e+00,0.000000000000000000e+00
7.549076287855035616e+01,0.000000000000000000e+00,0.000000000000000000e+00
7.671505036849019632e+01,0.000000000000000000e+00,0.000000000000000000e+00
7.646076846424347195e+01,0.000000000000000000e+00,0.000000000000000000e+00
8.138106118951967005e+01,0.000000000000000000e+00,0.000000000000000000e+00
7.666363318603215760e+01,0.000000000000000000e+00,0.000000000000000000e+00
7.502649008223949068e+01,0.000000000000000000e+00,0.000000000000000000e+00
7.882670628569226778e+01,0.000000000000000000e+00,0.000000000000000000e+00
7.817252017120108576e+01,0.000000000000000000e+00,0.000000000000000000e+00
7.577712065237425065e+01,0.000000000000000000e+00,0.000000000000000000e+00
7.625515452926401849e+01,0.000000000000000000e+00,0.000000000000000000e+00
7.827866825024068476e+01,0.000000000000000000e+00,0.000000000000000000e+00
7.925014192661282664e+01,0.000000000000000000e+00,0.000000000000000000e+00
7.998557372683194444e+01,0.000000000000000000e+00,0.000000000000000000e+00
7.777719078044246714e+01,0.000000000000000000e+00,0.000000000000000000e+00
7.827095026690108170e+01,0.000000000000000000e+00,0.000000000000000000e+00
7.508906181034417671e+01,0.000000000000000000e+00,0.000000000000000000e+00
7.730028546791439226e+01,0.000000000000000000e+00,0.000000000000000000e+00
7.529186791901577180e+01,0.000000000000000000e+00,0.000000000000000000e+00
7.686031853610401754e+01,0.000000000000000000e+00,0.000000000000000000e+00
7.585799605685195957e+01,0.000000000000000000e+00,0.000000000000000000e+00
7.614429529130705987e+01,0.000000000000000000e+00,0.000000000000000000e+00
7.620887279337351572e+01,0.000000000000000000e+00,0.000000000000000000e+00
7.935033023225895477e+01,0.000000000000000000e+00,0.000000000000000000e+00
7.727349005712423491e+01,0.000000000000000000e+00,0.000000000000000000e+00
7.983923063647326046e+01,0.000000000000000000e+00,0.000000000000000000e+00
7.436836889775798909e+01,0.000000000000000000e+00,0.000000000000000000e+00
7.339850575678474343e+01,0.000000000000000000e+00,0.000000000000000000e+00
7.843152943565077351e+01,0.000000000000000000e+00,0.000000000000000000e+00
7.672121448132408261e+01,0.000000000000000000e+00,0.000000000000000000e+00
7.623713060622938542e+01,0.000000000000000000e+00,0.000000000000000000e+00
7.793945980523068329e+01,0.000000000000000000e+00,0.000000000000000000e+00
8.091732988501141222e+01,0.000000000000000000e+00,0.000000000000000000e+00
7.583445546850607855e+01,0.000000000000000000e+00,0.000000000000000000e+00
7.890852918029196417e+01,0.000000000000000000e+00,0.000000000000000000e+00
7.742578052336722294e+01,0.000000000000000000e+00,0.000000000000000000e+00
7.280640804360704976e+01,0.000000000000000000e+00,0.000000000000000000e+00
7.734126420019477166e+01,0.000000000000000000e+00,0.000000000000000000e+00
7.785433287279067827e+01,0.000000000000000000e+00,0.000000000000000000e+00
7.917934279718254231e+01,0.000000000000000000e+00,0.000000000000000000e+00
7.756593243622141642e+01,0.000000000000000000e+00,0.000000000000000000e+00
7.497703385227437423e+01,0.000000000000000000e+00,0.000000000000000000e+00
7.644484840035286766e+01,0.000000000000000000e+00,0.000000000000000000e+00
7.266535747317144001e+01,0.000000000000000000e+00,0.000000000000000000e+00
7.511420535733780923e+01,0.000000000000000000e+00,0.000000000000000000e+00
7.512128486254435700e+01,0.000000000000000000e+00,0.000000000000000000e+00
7.756988503211125874e+01,0.000000000000000000e+00,0.000000000000000000e+00
7.828644206102976000e+01,0.000000000000000000e+00,0.000000000000000000e+00
7.840819176103279631e+01,0.000000000000000000e+00,0.000000000000000000e+00
7.909274798095938763e+01,0.000000000000000000e+00,0.000000000000000000e+00
7.605761637584107859e+01,0.000000000000000000e+00,0.000000000000000000e+00
8.073674498722789394e+01,0.000000000000000000e+00,0.000000000000000000e+00
7.781706642231932847e+01,0.000000000000000000e+00,0.000000000000000000e+00
7.392384718005062894e+01,0.000000000000000000e+00,0.000000000000000000e+00
7.991443544150092748e+01,0.000000000000000000e+00,0.000000000000000000e+00
7.743750115912222043e+01,0.000000000000000000e+00,0.000000000000000000e+00
7.227237679762336597e+01,0.000000000000000000e+00,0.000000000000000000e+00
7.703963032805393141e+01,0.000000000000000000e+00,0.000000000000000000e+00
7.343493907604575099e+01,0.000000000000000000e+00,0.000000000000000000e+00
7.575562489065207217e+01,0.000000000000000000e+00,0.000000000000000000e+00
7.307771780625179758e+01,0.000000000000000000e+00,0.000000000000000000e+00
7.691978727487492051e+01,0.000000000000000000e+00,0.000000000000000000e+00
7.612367429738067415e+01,0.000000000000000000e+00,0.000000000000000000e+00
7.627821460975810908e+01,0.000000000000000000e+00,0.000000000000000000e+00
7.848717959211279549e+01,0.000000000000000000e+00,0.000000000000000000e+00
7.239335805900357457e+01,0.000000000000000000e+00,0.000000000000000000e+00
7.564939778090563038e+01,0.000000000000000000e+00,0.000000000000000000e+00
7.721319611737906996e+01,0.000000000000000000e+00,0.000000000000000000e+00
7.781591643596101449e+01,0.000000000000000000e+00,0.000000000000000000e+00
7.575907995748698909e+01,0.000000000000000000e+00,0.000000000000000000e+00
7.304885221109559268e+01,0.000000000000000000e+00,0.000000000000000000e+00
7.517557628400020064e+01,0.000000000000000000e+00,0.000000000000000000e+00
7.689726873402754848e+01,0.000000000000000000e+00,0.000000000000000000e+00
7.442952908800241119e+01,0.000000000000000000e+00,0.000000000000000000e+00
7.636539382645351282e+01,0.000000000000000000e+00,0.000000000000000000e+00
7.511266988673175149e+01,0.000000000000000000e+00,0.000000000000000000e+00
7.508997525397781203e+01,0.000000000000000000e+00,0.000000000000000000e+00
7.428018072643520497e+01,0.000000000000000000e+00,0.000000000000000000e+00
7.352766982867005652e+01,0.000000000000000000e+00,0.000000000000000000e+00
8.057640884226054823e+01,0.000000000000000000e+00,0.000000000000000000e+00
7.747285414963015171e+01,0.000000000000000000e+00,0.000000000000000000e+00
7.634212661330029448e+01,0.000000000000000000e+00,0.000000000000000000e+00
7.355713843495628623e+01,0.000000000000000000e+00,0.000000000000000000e+00
7.306361792171999525e+01,0.000000000000000000e+00,0.000000000000000000e+00
7.735788075391307927e+01,0.000000000000000000e+00,0.000000000000000000e+00
7.417455599399275457e+01,0.000000000000000000e+00,0.000000000000000000e+00
8.116773289541893632e+01,0.000000000000000000e+00,0.000000000000000000e+00
7.356104494095455948e+01,0.000000000000000000e+00,0.000000000000000000e+00
7.256992121243159488e+01,0.000000000000000000e+00,0.000000000000000000e+00
7.608130631367421870e+01,0.000000000000000000e+00,0.000000000000000000e+00
7.470578003337762141e+01,0.000000000000000000e+00,0.000000000000000000e+00
7.787509697376660256e+01,0.000000000000000000e+00,0.000000000000000000e+00
7.472621692510590208e+01,0.000000000000000000e+00,0.000000000000000000e+00
7.549828669187023422e+01,0.000000000000000000e+00,0.000000000000000000e+00
7.405735372235234593e+01,0.000000000000000000e+00,0.000000000000000000e+00
7.505679912941218390e+01,0.000000000000000000e+00,0.000000000000000000e+00
7.206766174431854211e+01,0.000000000000000000e+00,0.000000000000000000e+00
7.455980986103341479e+01,0.000000000000000000e+00,0.000000000000000000e+00
7.444012879668603944e+01,0.000000000000000000e+00,0.000000000000000000e+00
7.465502098033906009e+01,0.000000000000000000e+00,0.000000000000000000e+00
7.134249789032820388e+01,0.000000000000000000e+00,0.000000000000000000e+00
7.502548927524289013e+01,0.000000000000000000e+00,0.000000000000000000e+00
7.895988737228513799e+01,0.000000000000000000e+00,0.000000000000000000e+00
7.329213022824843904e+01,0.000000000000000000e+00,0.000000000000000000e+00
7.500576932498871940e+01,0.000000000000000000e+00,0.000000000000000000e+00
7.414541238562429726e+01,0.000000000000000000e+00,0.000000000000000000e+00
7.501489595077640615e+01,0.000000000000000000e+00,0.000000000000000000e+00
7.044932091969209864e+01,0.000000000000000000e+00,0.000000000000000000e+00
7.344687768534113559e+01,0.000000000000000000e+00,0.000000000000000000e+00
7.711923645115041381e+01,0.000000000000000000e+00,0.000000000000000000e+00
7.110272014631823367e+01,0.000000000000000000e+00,0.000000000000000000e+00
7.398370957042062912e+01,0.000000000000000000e+00,0.000000000000000000e+00
7.212033510247157153e+01,0.000000000000000000e+00,0.000000000000000000e+00
7.444616332171435147e+01,0.000000000000000000e+00,0.000000000000000000e+00
7.263067690712694002e+01,0.000000000000000000e+00,0.000000000000000000e+00
7.395401924905915791e+01,0.000000000000000000e+00,0.000000000000000000e+00
7.114165767307878241e+01,0.000000000000000000e+00,0.000000000000000000e+00
7.053793524748213883e+01,0.000000000000000000e+00,0.000000000000000000e+00
7.336998472061330290e+01,0.000000000000000000e+00,0.000000000000000000e+00
7.108246391467056924e+01,0.000000000000000000e+00,0.000000000000000000e+00
7.457375358230686402e+01,0.000000000000000000e+00,0.000000000000000000e+00
7.531058151177823845e+01,0.000000000000000000e+00,0.000000000000000000e+00
7.688739704907703754e+01,0.000000000000000000e+00,0.000000000000000000e+00
7.227642660286366549e+01,0.000000000000000000e+00,0.000000000000000000e+00
7.295985557694291401e+01,0.000000000000000000e+00,0.000000000000000000e+00
7.388647747979366898e+01,0.000000000000000000e+00,0.000000000000000000e+00
7.287019137585562589e+01,0.000000000000000000e+00,0.000000000000000000e+00
7.488298865411961458e+01,0.000000000000000000e+00,0.000000000000000000e+00
7.271429240960799234e+01,0.000000000000000000e+00,0.000000000000000000e+00
7.032383396473539960e+01,0.000000000000000000e+00,0.000000000000000000e+00
7.202019786686406633e+01,0.000000000000000000e+00,0.000000000000000000e+00
7.165925500931759018e+01,0.000000000000000000e+00,0.000000000000000000e+00
7.184603061131687696e+01,0.000000000000000000e+00,0.000000000000000000e+00
7.250583137666646394e+01,0.000000000000000000e+00,0.000000000000000000e+00
6.953899444769939464e+01,0.000000000000000000e+00,0.000000000000000000e+00
7.266413270540870428e+01,0.000000000000000000e+00,0.000000000000000000e+00
7.047173510809302854e+01,0.000000000000000000e+00,0.000000000000000000e+00
7.093998012010766274e+01,0.000000000000000000e+00,0.000000000000000000e+00
7.122553822050808492e+01,0.000000000000000000e+00,0.000000000000000000e+00
6.714597117697294948e+01,0.000000000000000000e+00,0.000000000000000000e+00
7.399064741690808944e+01,0.000000000000000000e+00,0.000000000000000000e+00
7.359169758670455508e+01,0.000000000000000000e+00,0.000000000000000000e+00
7.210525947579667161e+01,0.000000000000000000e+00,0.000000000000000000e+00
7.059628888881444198e+01,0.000000000000000000e+00,0.000000000000000000e+00
7.055931118198793683e+01,0.000000000000000000e+00,0.000000000000000000e+00
7.104523216017159370e+01,0.000000000000000000e+00,0.000000000000000000e+00
6.990360377549961868e+01,0.000000000000000000e+00,0.000000000000000000e+00
7.048793396559072733e+01,0.000000000000000000e+00,0.000000000000000000e+00
7.053751106963774475e+01,0.000000000000000000e+00,0.000000000000000000e+00
7.339555659588387471e+01,0.000000000000000000e+00,0.000000000000000000e+00
7.346301292466579014e+01,0.000000000000000000e+00,0.000000000000000000e+00
6.971590641668493049e+01,0.000000000000000000e+00,0.000000000000000000e+00
7.449140111180567203e+01,0.000000000000000000e+00,0.000000000000000000e+00
6.915298928605066919e+01,0.000000000000000000e+00,0.000000000000000000e+00
7.301626382073224875e+01,0.000000000000000000e+00,0.000000000000000000e+00
7.340796306713274078e+01,0.000000000000000000e+00,0.000000000000000000e+00
7.282318410214841720e+01,0.000000000000000000e+00,0.000000000000000000e+00
7.208122318050617139e+01,0.000000000000000000e+00,0.000000000000000000e+00
6.839746530285424342e+01,0.000000000000000000e+00,0.000000000000000000e+00
6.857227426753728139e+01,0.000000000000000000e+00,0.000000000000000000e+00
7.149278882869565166e+01,0.000000000000000000e+00,0.000000000000000000e+00
6.933682494924919126e+01,0.000000000000000000e+00,0.000000000000000000e+00
7.174324284921284800e+01,0.000000000000000000e+00,0.000000000000000000e+00
6.928320578405613617e+01,0.000000000000000000e+00,0.000000000000000000e+00
6.966457535320870420e+01,0.000000000000000000e+00,0.000000000000000000e+00
6.638721199283686758e+01,0.000000000000000000e+00,0.000000000000000000e+00
7.146334822339579773e+01,0.000000000000000000e+00,0.000000000000000000e+00
7.149538303578022180e+01,0.000000000000000000e+00,0.000000000000000000e+00
7.203101534450097176e+01,0.000000000000000000e+00,0.000000000000000000e+00
7.249809414156344189e+01,0.000000000000000000e+00,0.000000000000000000e+00
6.649827905227435565e+01,0.000000000000000000e+00,0.000000000000000000e+00
6.873196628366656569e+01,0.000000000000000000e+00,0.000000000000000000e+00
6.892150118542647874e+01,0.000000000000000000e+00,0.000000000000000000e+00
7.039577354877620508e+01,0.000000000000000000e+00,0.000000000000000000e+00
6.674411806670946135e+01,0.000000000000000000e+00,0.000000000000000000e+00
6.981518867781456095e+01,0.000000000000000000e+00,0.000000000000000000e+00
7.036459492329447585e+01,0.000000000000000000e+00,0.000000000000000000e+00
7.124770576650738008e+01,0.000000000000000000e+00,0.000000000000000000e+00
6.969492787756959729e+01,0.000000000000000000e+00,0.000000000000000000e+00
6.785046812599216537e+01,0.000000000000000000e+00,0.000000000000000000e+00
6.865822866818261616e+01,0.000000000000000000e+00,0.000000000000000000e+00
6.864695853860997943e+01,0.000000000000000000e+00,0.000000000000000000e+00
6.918987528991242186e+01,0.000000000000000000e+00,0.000000000000000000e+00
6.825408699396109569e+01,0.000000000000000000e+00,0.000000000000000000e+00
6.520024606163069336e+01,0.000000000000000000e+00,0.000000000000000000e+00
7.013534413369330878e+01,0.000000000000000000e+00,0.000000000000000000e+00
6.744515630878545664e+01,0.000000000000000000e+00,0.000000000000000000e+00
6.776597318860058294e+01,0.000000000000000000e+00,0.000000000000000000e+00
6.838634812635650917e+01,0.000000000000000000e+00,0.000000000000000000e+00
6.668668132571569629e+01,0.000000000000000000e+00,0.000000000000000000e+00
7.001458630344201595e+01,0.000000000000000000e+00,0.000000000000000000e+00
6.895605124070469572e+01,0.000000000000000000e+00,0.000000000000000000e+00
6.954174086692965773e+01,0.000000000000000000e+00,0.000000000000000000e+00
6.821662915278399453e+01,0.000000000000000000e+00,0.000000000000000000e+00
7.193296735217349180e+01,0.000000000000000000e+00,0.000000000000000000e+00
6.702315543092323935e+01,0.000000000000000000e+00,0.000000000000000000e+00
6.568446353292071649e+01,0.000000000000000000e+00,0.000000000000000000e+00
6.899050181198468579e+01,0.000000000000000000e+00,0.000000000000000000e+00
7.203482703691788913e+01,0.000000000000000000e+00,0.000000000000000000e+00
7.196516099742100891e+01,0.000000000000000000e+00,0.000000000000000000e+00
6.962686865351538756e+01,0.000000000000000000e+00,0.000000000000000000e+00
6.899725903735931354e+01,0.000000000000000000e+00,0.000000000000000000e+00
6.897453732647120717e+01,0.000000000000000000e+00,0.000000000000000000e+00
6.843894079137442077e+01,0.000000000000000000e+00,0.000000000000000000e+00
6.817912564204475245e+01,0.000000000000000000e+00,0.000000000000000000e+00
6.893734192633951352e+01,0.000000000000000000e+00,0.000000000000000000e+00
6.305123311601435887e+01,0.000000000000000000e+00,0.000000000000000000e+00
6.943656564438620649e+01,0.000000000000000000e+00,0.000000000000000000e+00
6.894565925754029934e+01,0.000000000000000000e+00,0.000000000000000000e+00
6.807529946701804136e+01,0.000000000000000000e+00,0.000000000000000000e+00
6.609747441803875745e+01,0.000000000000000000e+00,0.000000000000000000e+00
7.220577476662035110e+01,0.000000000000000000e+00,0.000000000000000000e+00
6.860232386528323900e+01,0.000000000000000000e+00,0.000000000000000000e+00
6.639302705261717108e+01,0.000000000000000000e+00,0.000000000000000000e+00
6.630808767859512898e+01,0.000000000000000000e+00,0.000000000000000000e+00
6.395478677259038847e+01,0.000000000000000000e+00,0.000000000000000000e+00
6.592137161134327528e+01,0.000000000000000000e+00,0.000000000000000000e+00
6.675548651868307104e+01,0.000000000000000000e+00,0.000000000000000000e+00
6.877708679883718901e+01,0.000000000000000000e+00,0.000000000000000000e+00
6.503204812994886197e+01,0.000000000000000000e+00,0.000000000000000000e+00
6.569730906793027714e+01,0.000000000000000000e+00,0.000000000000000000e+00
6.757355085342965140e+01,0.000000000000000000e+00,0.000000000000000000e+00
6.523011733565311943e+01,0.000000000000000000e+00,0.000000000000000000e+00
6.332133311462253999e+01,0.000000000000000000e+00,0.000000000000000000e+00
6.559009309181837466e+01,0.000000000000000000e+00,0.000000000000000000e+00
6.518095015163696360e+01,0.000000000000000000e+00,0.000000000000000000e+00
6.779320213398830219e+01,0.000000000000000000e+00,0.000000000000000000e+00
6.679720732723556864e+01,0.000000000000000000e+00,0.000000000000000000e+00
6.668223007619272380e+01,0.000000000000000000e+00,0.000000000000000000e+00
6.834937180880474727e+01,0.000000000000000000e+00,0.000000000000000000e+00
6.460132683879172077e+01,0.000000000000000000e+00,0.000000000000000000e+00
6.425553061902091656e+01,0.000000000000000000e+00,0.000000000000000000e+00
6.593586774632940717e+01,0.000000000000000000e+00,0.000000000000000000e+00
7.025461311368852080e+01,0.000000000000000000e+00,0.000000000000000000e+00
6.627179341098441512e+01,0.000000000000000000e+00,0.000000000000000000e+00
6.302316376227994255e+01,0.000000000000000000e+00,0.000000000000000000e+00
6.522530426793106528e+01,0.000000000000000000e+00,0.000000000000000000e+00
6.903201690280208425e+01,0.000000000000000000e+00,0.000000000000000000e+00
6.108723813514244938e+01,0.000000000000000000e+00,0.000000000000000000e+00
6.261006751616400123e+01,0.000000000000000000e+00,0.000000000000000000e+00
6.457391735891781082e+01,0.000000000000000000e+00,0.000000000000000000e+00
6.332279551622886515e+01,0.000000000000000000e+00,0.000000000000000000e+00
6.896344847008548129e+01,0.000000000000000000e+00,0.000000000000000000e+00
6.527083554492337214e+01,0.000000000000000000e+00,0.000000000000000000e+00
6.553164746892647941e+01,0.000000000000000000e+00,0.000000000000000000e+00
6.226096798201787408e+01,0.000000000000000000e+00,0.000000000000000000e+00
6.544943427800754421e+01,0.000000000000000000e+00,0.000000000000000000e+00
6.626242725845101234e+01,0.000000000000000000e+00,0.000000000000000000e+00
6.381951685696857623e+01,0.000000000000000000e+00,0.000000000000000000e+00
6.452134746780399155e+01,0.000000000000000000e+00,0.000000000000000000e+00
6.311780067477667444e+01,0.000000000000000000e+00,0.000000000000000000e+00
6.403523387036941017e+01,0.000000000000000000e+00,0.000000000000000000e+00
6.514526053035288555e+01,0.000000000000000000e+00,0.000000000000000000e+00
6.122309624168454434e+01,0.000000000000000000e+00,0.000000000000000000e+00
6.488104487806515408e+01,0.000000000000000000e+00,0.000000000000000000e+00
6.281849422301760200e+01,0.000000000000000000e+00,0.000000000000000000e+00
6.783659418868852242e+01,0.000000000000000000e+00,0.000000000000000000e+00
6.401210640131611740e+01,0.000000000000000000e+00,0.000000000000000000e+00
6.262884736602679681e+01,0.000000000000000000e+00,0.000000000000000000e+00
6.459676474971955429e+01,0.000000000000000000e+00,0.000000000000000000e+00
6.589887799648329292e+01,0.000000000000000000e+00,0.000000000000000000e+00
6.418360399449876752e+01,0.000000000000000000e+00,0.000000000000000000e+00
6.451736248367022597e+01,0.000000000000000000e+00,0.000000000000000000e+00
6.323948876621010839e+01,0.000000000000000000e+00,0.000000000000000000e+00
6.450666189671963480e+01,0.000000000000000000e+00,0.000000000000000000e+00
6.153281176152037091e+01,0.000000000000000000e+00,0.000000000000000000e+00
6.613992792540794596e+01,0.000000000000000000e+00,0.000000000000000000e+00
6.134211252413294346e+01,0.000000000000000000e+00,0.000000000000000000e+00
6.373402390493772884e+01,0.000000000000000000e+00,0.000000000000000000e+00
6.567587864048572044e+01,0.000000000000000000e+00,0.000000000000000000e+00
6.363326194901507904e+01,0.000000000000000000e+00,0.000000000000000000e+00
6.341460769407686371e+01,0.000000000000000000e+00,0.000000000000000000e+00
6.386245613951147959e+01,0.000000000000000000e+00,0.000000000000000000e+00
6.672126576123407915e+01,0.000000000000000000e+00,0.000000000000000000e+00
6.506999070093910120e+01,0.000000000000000000e+00,0.000000000000000000e+00
6.160249434800294210e+01,0.000000000000000000e+00,0.000000000000000000e+00
6.042037024155723657e+01,0.000000000000000000e+00,0.000000000000000000e+00
6.359599697467817947e+01,0.000000000000000000e+00,0.000000000000000000e+00
6.249906039717379258e+01,0.000000000000000000e+00,0.000000000000000000e+00
6.059159536971428395e+01,0.000000000000000000e+00,0.000000000000000000e+00
5.841247340506001962e+01,0.000000000000000000e+00,0.000000000000000000e+00
6.213836969633639740e+01,0.000000000000000000e+00,0.000000000000000000e+00
6.242863917954441177e+01,0.000000000000000000e+00,0.000000000000000000e+00
6.175869465634289668e+01,0.000000000000000000e+00,0.000000000000000000e+00
6.132179002494063269e+01,0.000000000000000000e+00,0.000000000000000000e+00
6.412831623013892113e+01,0.000000000000000000e+00,0.000000000000000000e+00
6.152130765953921809e+01,0.000000000000000000e+00,0.000000000000000000e+00
6.452668755752918628e+01,0.000000000000000000e+00,0.000000000000000000e+00
6.025736143901377062e+01,0.000000000000000000e+00,0.000000000000000000e+00
6.268005158647562070e+01,0.000000000000000000e+00,0.000000000000000000e+00
5.976591105284197880e+01,0.000000000000000000e+00,0.000000000000000000e+00
6.271333562419803087e+01,0.000000000000000000e+00,0.000000000000000000e+00
5.986729172306031899e+01,0.000000000000000000e+00,0.000000000000000000e+00
6.321186283321242172e+01,0.000000000000000000e+00,0.000000000000000000e+00
5.878584841377206516e+01,0.000000000000000000e+00,0.000000000000000000e+00
6.132580127082805888e+01,0.000000000000000000e+00,0.000000000000000000e+00
5.891354471417270844e+01,0.000000000000000000e+00,0.000000000000000000e+00
5.640872129282821845e+01,0.000000000000000000e+00,0.000000000000000000e+00
5.915731459551756899e+01,0.000000000000000000e+00,0.000000000000000000e+00
5.828255443055542173e+01,0.000000000000000000e+00,0.000000000000000000e+00
6.341570688968550229e+01,0.000000000000000000e+00,0.000000000000000000e+00
6.234716526957866733e+01,0.000000000000000000e+00,0.000000000000000000e+00
6.025148949947416810e+01,0.000000000000000000e+00,0.000000000000000000e+00
6.259060685407337132e+01,0.000000000000000000e+00,0.000000000000000000e+00
6.231356069900149919e+01,0.000000000000000000e+00,0.000000000000000000e+00
6.121780854289628593e+01,0.000000000000000000e+00,0.000000000000000000e+00
5.887910276601520110e+01,0.000000000000000000e+00,0.000000000000000000e+00
5.920726278899071104e+01,0.000000000000000000e+00,0.000000000000000000e+00
6.119978185253270198e+01,0.000000000000000000e+00,0.000000000000000000e+00
6.228057996845033273e+01,0.000000000000000000e+00,0.000000000000000000e+00
6.166306077568125943e+01,0.000000000000000000e+00,0.000000000000000000e+00
6.094954057784414658e+01,0.000000000000000000e+00,0.000000000000000000e+00
5.806412549110927301e+01,0.000000000000000000e+00,0.000000000000000000e+00
5.935701217650733241e+01,0.000000000000000000e+00,0.000000000000000000e+00
5.974925496784037904e+01,0.000000000000000000e+00,0.000000000000000000e+00
5.989960343884563798e+01,0.000000000000000000e+00,0.000000000000000000e+00
6.187668622391022666e+01,0.000000000000000000e+00,0.000000000000000000e+00
6.546382412269917950e+01,0.000000000000000000e+00,0.000000000000000000e+00
6.134635336997474298e+01,0.000000000000000000e+00,0.000000000000000000e+00
6.060538714185970122e+01,0.000000000000000000e+00,0.000000000000000000e+00
5.781238547107727754e+01,0.000000000000000000e+00,0.000000000000000000e+00
5.898551675367253466e+01,0.000000000000000000e+00,0.000000000000000000e+00
5.811336196686369249e+01,0.000000000000000000e+00,0.000000000000000000e+00
6.053644182785731687e+01,0.000000000000000000e+00,0.000000000000000000e+00
5.815737162743229050e+01,0.000000000000000000e+00,0.000000000000000000e+00
6.029892198627540267e+01,0.000000000000000000e+00,0.000000000000000000e+00
5.977093021558030017e+01,0.000000000000000000e+00,0.000000000000000000e+00
6.247737282037565620e+01,0.000000000000000000e+00,0.000000000000000000e+00
5.663697988621947843e+01,0.000000000000000000e+00,0.000000000000000000e+00
5.786988349859087322e+01,0.000000000000000000e+00,0.000000000000000000e+00
5.579647112784164165e+01,0.000000000000000000e+00,0.000000000000000000e+00
5.968779163681120536e+01,0.000000000000000000e+00,0.000000000000000000e+00
6.037583589298485265e+01,0.000000000000000000e+00,0.000000000000000000e+00
5.892344183895134790e+01,0.000000000000000000e+00,0.000000000000000000e+00
5.964504704001713975e+01,0.000000000000000000e+00,0.000000000000000000e+00
6.051423921325160649e+01,0.000000000000000000e+00,0.000000000000000000e+00
6.113882583069634080e+01,0.000000000000000000e+00,0.000000000000000000e+00
5.549534194898667039e+01,0.000000000000000000e+00,0.000000000000000000e+00
5.526360679337090431e+01,0.000000000000000000e+00,0.000000000000000000e+00
6.002497487069987159e+01,0.000000000000000000e+00,0.000000000000000000e+00
5.807326673523046168e+01,0.000000000000000000e+00,0.000000000000000000e+00
6.016355208075442818e+01,0.000000000000000000e+00,0.000000000000000000e+00
6.041025341053112641e+01,0.000000000000000000e+00,0.000000000000000000e+00
5.614238789827241050e+01,0.000000000000000000e+00,0.000000000000000000e+00
5.846539922008087586e+01,0.000000000000000000e+00,0.000000000000000000e+00
5.676759783584650876e+01,0.000000000000000000e+00,0.000000000000000000e+00
6.008225045397943376e+01,0.000000000000000000e+00,0.000000000000000000e+00
5.470847294936991290e+01,0.000000000000000000e+00,0.000000000000000000e+00
5.472868940485037825e+01,0.000000000000000000e+00,0.000000000000000000e+00
5.817875289039289299e+01,0.000000000000000000e+00,0.000000000000000000e+00
5.571091765396558770e+01,0.000000000000000000e+00,0.000000000000000000e+00
5.621059400211868962e+01,0.000000000000000000e+00,0.000000000000000000e+00
5.473857266227828688e+01,0.000000000000000000e+00,0.000000000000000000e+00
5.642195231442483561e+01,0.000000000000000000e+00,0.000000000000000000e+00
5.529161443763741346e+01,0.000000000000000000e+00,0.000000000000000000e+00
5.723768204561692841e+01,0.000000000000000000e+00,0.000000000000000000e+00
5.682189248909002544e+01,0.000000000000000000e+00,0.000000000000000000e+00
5.659388798596877024e+01,0.000000000000000000e+00,0.000000000000000000e+00
5.480394620527077620e+01,0.000000000000000000e+00,0.000000000000000000e+00
5.855821094413881411e+01,0.000000000000000000e+00,0.000000000000000000e+00
5.673568639952796389e+01,0.000000000000000000e+00,0.000000000000000000e+00
5.690736123695414506e+01,0.000000000000000000e+00,0.000000000000000000e+00
5.714100095676227653e+01,0.000000000000000000e+00,0.000000000000000000e+00
5.249727172482619153e+01,0.000000000000000000e+00,0.000000000000000000e+00
5.599649961774920115e+01,0.000000000000000000e+00,0.000000000000000000e+00
5.324317312973556682e+01,0.000000000000000000e+00,0.000000000000000000e+00
5.324079486493986479e+01,0.000000000000000000e+00,0.000000000000000000e+00
5.269332645049626507e+01,0.000000000000000000e+00,0.000000000000000000e+00
5.469305672376536620e+01,0.000000000000000000e+00,0.000000000000000000e+00
5.426906566264978693e+01,0.000000000000000000e+00,0.000000000000000000e+00
5.775498188687993206e+01,0.000000000000000000e+00,0.000000000000000000e+00
5.567314904014573784e+01,0.000000000000000000e+00,0.000000000000000000e+00
5.648684850717027217e+01,0.000000000000000000e+00,0.000000000000000000e+00
5.763933560857407201e+01,0.000000000000000000e+00,0.000000000000000000e+00
5.543626753902965731e+01,0.000000000000000000e+00,0.000000000000000000e+00
5.032801396516644843e+01,0.000000000000000000e+00,0.000000000000000000e+00
5.534255650181073349e+01,0.000000000000000000e+00,0.000000000000000000e+00
5.538845697452364192e+01,0.000000000000000000e+00,0.000000000000000000e+00
5.694261087913946540e+01,0.000000000000000000e+00,0.000000000000000000e+00
5.451538463047824479e+01,0.000000000000000000e+00,0.000000000000000000e+00
5.351199332075655946e+01,0.000000000000000000e+00,0.000000000000000000e+00
5.461408508005324336e+01,0.000000000000000000e+00,0.000000000000000000e+00
5.520946731340537639e+01,0.000000000000000000e+00,0.000000000000000000e+00
5.334532010910231747e+01,0.000000000000000000e+00,0.000000000000000000e+00
5.535261802292053801e+01,0.000000000000000000e+00,0.000000000000000000e+00
5.296074095740374332e+01,0.000000000000000000e+00,0.000000000000000000e+00
5.142199796669390111e+01,0.000000000000000000e+00,0.000000000000000000e+00
5.167233841681092343e+01,0.000000000000000000e+00,0.000000000000000000e+00
5.520518229798128829e+01,0.000000000000000000e+00,0.000000000000000000e+00
5.474039870939174079e+01,0.000000000000000000e+00,0.000000000000000000e+00
5.247798165783102320e+01,0.000000000000000000e+00,0.000000000000000000e+00
5.221909125886560332e+01,0.000000000000000000e+00,0.000000000000000000e+00
5.363287463463782245e+01,0.000000000000000000e+00,0.000000000000000000e+00
5.660802952366774576e+01,0.000000000000000000e+00,0.000000000000000000e+00
5.353396100162615312e+01,0.000000000000000000e+00,0.000000000000000000e+00
5.490269992876424254e+01,0.000000000000000000e+00,0.000000000000000000e+00
5.400453754305974030e+01,0.000000000000000000e+00,0.000000000000000000e+00
5.240309726353508779e+01,0.000000000000000000e+00,0.000000000000000000e+00
5.081036821089647049e+01,0.000000000000000000e+00,0.000000000000000000e+00
5.252538706139531399e+01,0.000000000000000000e+00,0.000000000000000000e+00
5.227675420494274050e+01,0.000000000000000000e+00,0.000000000000000000e+00
5.415206923624347723e+01,0.000000000000000000e+00,0.000000000000000000e+00
5.446892896187848976e+01,0.000000000000000000e+00,0.000000000000000000e+00
5.639538024646198977e+01,0.000000000000000000e+00,0.000000000000000000e+00
5.478322390764620309e+01,0.000000000000000000e+00,0.000000000000000000e+00
4.815270478961842571e+01,0.000000000000000000e+00,0.000000000000000000e+00
5.157765653929691041e+01,0.000000000000000000e+00,0.000000000000000000e+00
5.364870880353182514e+01,0.000000000000000000e+00,0.000000000000000000e+00
5.487373318881512319e+01,0.000000000000000000e+00,0.000000000000000000e+00
5.457092907584400621e+01,0.000000000000000000e+00,0.000000000000000000e+00
5.207057186268902882e+01,0.000000000000000000e+00,0.000000000000000000e+00
5.235818598058219919e+01,0.000000000000000000e+00,0.000000000000000000e+00
5.264624275006102749e+01,0.000000000000000000e+00,0.000000000000000000e+00
5.048016982034843636e+01,0.000000000000000000e+00,0.000000000000000000e+00
5.266589411356345352e+01,0.000000000000000000e+00,0.000000000000000000e+00
5.185513890870102927e+01,0.000000000000000000e+00,0.000000000000000000e+00
5.277622685693552285e+01,0.000000000000000000e+00,0.000000000000000000e+00
4.782952664393820896e+01,0.000000000000000000e+00,0.000000000000000000e+00
5.271830605508954193e+01,0.000000000000000000e+00,0.000000000000000000e+00
5.148844470585487443e+01,0.000000000000000000e+00,0.000000000000000000e+00
5.050901966878674187e+01,0.000000000000000000e+00,0.000000000000000000e+00
5.058947184389840857e+01,0.000000000000000000e+00,0.000000000000000000e+00
5.489422114918640005e+01,0.000000000000000000e+00,0.000000000000000000e+00
5.201615875230998398e+01,0.000000000000000000e+00,0.000000000000000000e+00
4.910751874210264845e+01,0.000000000000000000e+00,0.000000000000000000e+00
5.308695894638434254e+01,0.000000000000000000e+00,0.000000000000000000e+00
5.077733074394836876e+01,0.000000000000000000e+00,0.000000000000000000e+00
5.235774077001305216e+01,0.000000000000000000e+00,0.000000000000000000e+00
4.695892403783811631e+01,0.000000000000000000e+00,0.000000000000000000e+00
4.835100048817053420e+01,0.000000000000000000e+00,0.000000000000000000e+00
5.140971192699960568e+01,0.000000000000000000e+00,0.000000000000000000e+00
5.321062577286861028e+01,0.000000000000000000e+00,0.000000000000000000e+00
4.630873998773422784e+01,0.000000000000000000e+00,0.000000000000000000e+00
5.054626214227067038e+01,0.000000000000000000e+00,0.000000000000000000e+00
5.051379437022085739e+01,0.000000000000000000e+00,0.000000000000000000e+00
5.005617309952702243e+01,0.000000000000000000e+00,0.000000000000000000e+00
4.824190900401850968e+01,0.000000000000000000e+00,0.000000000000000000e+00
5.148352253363169950e+01,0.000000000000000000e+00,0.000000000000000000e+00
4.615231598338791486e+01,0.000000000000000000e+00,0.000000000000000000e+00
5.016875297766352304e+01,0.000000000000000000e+00,0.000000000000000000e+00
4.863636717249509189e+01,0.000000000000000000e+00,0.000000000000000000e+00
4.829909142677229283e+01,0.000000000000000000e+00,0.000000000000000000e+00
4.837154580972750750e+01,0.000000000000000000e+00,0.000000000000000000e+00
4.577343428378627976e+01,0.000000000000000000e+00,0.000000000000000000e+00
4.542114618778774826e+01,0.000000000000000000e+00,0.000000000000000000e+00
4.731133704151503139e+01,0.000000000000000000e+00,0.000000000000000000e+00
5.016238458404417599e+01,0.000000000000000000e+00,0.000000000000000000e+00
5.170037921247293156e+01,0.000000000000000000e+00,0.000000000000000000e+00
4.814404598212427544e+01,0.000000000000000000e+00,0.000000000000000000e+00
5.000938035204387688e+01,0.000000000000000000e+00,0.000000000000000000e+00
4.924495534232467264e+01,0.000000000000000000e+00,0.000000000000000000e+00
4.739869558652239334e+01,0.000000000000000000e+00,0.000000000000000000e+00
5.294471082881421609e+01,0.000000000000000000e+00,0.000000000000000000e+00
5.109226997198543074e+01,0.000000000000000000e+00,0.000000000000000000e+00
5.028192136628651099e+01,0.000000000000000000e+00,0.000000000000000000e+00
4.791281072301802624e+01,0.000000000000000000e+00,0.000000000000000000e+00
4.608456840992871406e+01,0.000000000000000000e+00,0.000000000000000000e+00
4.714520075945281974e+01,0.000000000000000000e+00,0.000000000000000000e+00
4.769147965475765716e+01,0.000000000000000000e+00,0.000000000000000000e+00
4.772988737442538820e+01,0.000000000000000000e+00,0.000000000000000000e+00
5.100233944450429391e+01,0.000000000000000000e+00,0.000000000000000000e+00
4.750646944429247753e+01,0.000000000000000000e+00,0.000000000000000000e+00
4.604198977455191510e+01,0.000000000000000000e+00,0.000000000000000000e+00
4.704088122640430925e+01,0.000000000000000000e+00,0.000000000000000000e+00
4.590565954115222524e+01,0.000000000000000000e+00,0.000000000000000000e+00
4.658639970396521335e+01,0.000000000000000000e+00,0.000000000000000000e+00
5.000148043777986828e+01,0.000000000000000000e+00,0.000000000000000000e+00
4.334015805615052841e+01,0.000000000000000000e+00,0.000000000000000000e+00
5.256494705264471179e+01,0.000000000000000000e+00,0.000000000000000000e+00
4.394084446219962103e+01,0.000000000000000000e+00,0.000000000000000000e+00
4.953556531140902308e+01,0.000000000000000000e+00,0.000000000000000000e+00
4.377725677253383907e+01,0.000000000000000000e+00,0.000000000000000000e+00
5.090755835352558023e+01,0.000000000000000000e+00,0.000000000000000000e+00
4.355638240612402967e+01,0.000000000000000000e+00,0.000000000000000000e+00
4.366656599809133610e+01,0.000000000000000000e+00,0.000000000000000000e+00
4.562810201636487051e+01,0.000000000000000000e+00,0.000000000000000000e+00
4.936411056216211080e+01,0.000000000000000000e+00,0.000000000000000000e+00
4.443500372347797622e+01,0.000000000000000000e+00,0.000000000000000000e+00
4.743691222373927019e+01,0.000000000000000000e+00,0.000000000000000000e+00
4.934138992015656555e+01,0.000000000000000000e+00,0.000000000000000000e+00
4.316282417077287903e+01,0.000000000000000000e+00,0.000000000000000000e+00
4.775431232667476422e+01,0.000000000000000000e+00,0.000000000000000000e+00
4.571011170726707462e+01,0.000000000000000000e+00,0.000000000000000000e+00
4.704183168941314364e+01,0.000000000000000000e+00,0.000000000000000000e+00
4.694920945533893075e+01,0.000000000000000000e+00,0.000000000000000000e+00
4.835696446069282928e+01,0.000000000000000000e+00,0.000000000000000000e+00
4.440585570173008989e+01,0.000000000000000000e+00,0.000000000000000000e+00
4.669950343320355302e+01,0.000000000000000000e+00,0.000000000000000000e+00
4.760927645022710664e+01,0.000000000000000000e+00,0.000000000000000000e+00
4.383235229035118863e+01,0.000000000000000000e+00,0.000000000000000000e+00
4.419252821000073794e+01,0.000000000000000000e+00,0.000000000000000000e+00
4.691448941614098800e+01,0.000000000000000000e+00,0.000000000000000000e+00
4.379834720510535817e+01,0.000000000000000000e+00,0.000000000000000000e+00
4.162511391459115373e+01,0.000000000000000000e+00,0.000000000000000000e+00
4.750234164143847693e+01,0.000000000000000000e+00,0.000000000000000000e+00
4.787679287822319196e+01,0.000000000000000000e+00,0.000000000000000000e+00
4.682223051320143981e+01,0.000000000000000000e+00,0.000000000000000000e+00
4.754280912809426241e+01,0.000000000000000000e+00,0.000000000000000000e+00
4.428679169179510211e+01,0.000000000000000000e+00,0.000000000000000000e+00
4.767034319771479289e+01,0.000000000000000000e+00,0.000000000000000000e+00
4.606085456083549445e+01,0.000000000000000000e+00,0.000000000000000000e+00
4.895931526647329690e+01,0.000000000000000000e+00,0.000000000000000000e+00
4.521102093698235080e+01,0.000000000000000000e+00,0.000000000000000000e+00
4.365755044855780653e+01,0.000000000000000000e+00,0.000000000000000000e+00
4.303342757852958300e+01,0.000000000000000000e+00,0.000000000000000000e+00
4.447322690370299370e+01,0.000000000000000000e+00,0.000000000000000000e+00
4.436144950654134789e+01,0.000000000000000000e+00,0.000000000000000000e+00
4.231834733348294009e+01,0.000000000000000000e+00,0.000000000000000000e+00
4.398525936899850564e+01,0.000000000000000000e+00,0.000000000000000000e+00
4.440366425832552721e+01,0.000000000000000000e+00,0.000000000000000000e+00
4.251059760482610983e+01,0.000000000000000000e+00,0.000000000000000000e+00
4.489831744315566198e+01,0.000000000000000000e+00,0.000000000000000000e+00
4.588409320132343794e+01,0.000000000000000000e+00,0.000000000000000000e+00
4.551621668404734322e+01,0.000000000000000000e+00,0.000000000000000000e+00
4.505770818588091942e+01,0.000000000000000000e+00,0.000000000000000000e+00
4.341891988876364650e+01,0.000000000000000000e+00,0.000000000000000000e+00
4.338314010512284113e+01,0.000000000000000000e+00,0.000000000000000000e+00
4.319137028882963136e+01,0.000000000000000000e+00,0.000000000000000000e+00
4.402080476434157674e+01,0.000000000000000000e+00,0.000000000000000000e+00
4.006250970844756409e+01,0.000000000000000000e+00,0.000000000000000000e+00
4.134504622095868598e+01,0.000000000000000000e+00,0.000000000000000000e+00
4.322273703006536749e+01,0.000000000000000000e+00,0.000000000000000000e+00
4.046846911269237523e+01,0.000000000000000000e+00,0.000000000000000000e+00
4.187025516124463564e+01,0.000000000000000000e+00,0.000000000000000000e+00
4.271808997836338762e+01,0.000000000000000000e+00,0.000000000000000000e+00
4.249826714877254830e+01,0.000000000000000000e+00,0.000000000000000000e+00
4.155306096354938461e+01,0.000000000000000000e+00,0.000000000000000000e+00
4.441448269922909731e+01,0.000000000000000000e+00,0.000000000000000000e+00
3.989882176978137096e+01,0.000000000000000000e+00,0.000000000000000000e+00
4.371631808574140621e+01,0.000000000000000000e+00,0.000000000000000000e+00
4.191499143967302388e+01,0.000000000000000000e+00,0.000000000000000000e+00
4.140856198974339009e+01,0.000000000000000000e+00,0.000000000000000000e+00
4.691589705890033457e+01,0.000000000000000000e+00,0.000000000000000000e+00
3.966411793231338834e+01,0.000000000000000000e+00,0.000000000000000000e+00
4.523920980545644710e+01,0.000000000000000000e+00,0.000000000000000000e+00
4.093305627306386185e+01,0.000000000000000000e+00,0.000000000000000000e+00
4.249329788895590099e+01,0.000000000000000000e+00,0.000000000000000000e+00
4.063528984431081170e+01,0.000000000000000000e+00,0.000000000000000000e+00
4.221378492287750106e+01,0.000000000000000000e+00,0.000000000000000000e+00
4.362609092232023045e+01,0.000000000000000000e+00,0.000000000000000000e+00
4.038404310252235518e+01,0.000000000000000000e+00,0.000000000000000000e+00
3.725689475008572771e+01,0.000000000000000000e+00,0.000000000000000000e+00
4.156507883187230590e+01,0.000000000000000000e+00,0.000000000000000000e+00
4.300406464406133011e+01,0.000000000000000000e+00,0.000000000000000000e+00
4.086377129669848784e+01,0.000000000000000000e+00,0.000000000000000000e+00
4.318762861849236856e+01,0.000000000000000000e+00,0.000000000000000000e+00
3.941895086642835366e+01,0.000000000000000000e+00,0.000000000000000000e+00
3.698460691831675717e+01,0.000000000000000000e+00,0.000000000000000000e+00
4.009925037557632521e+01,0.000000000000000000e+00,0.000000000000000000e+00
4.108919530134060949e+01,0.000000000000000000e+00,0.000000000000000000e+00
3.972122850068531363e+01,0.000000000000000000e+00,0.000000000000000000e+00
4.115137734735655783e+01,0.000000000000000000e+00,0.000000000000000000e+00
3.943944369597756605e+01,0.000000000000000000e+00,0.000000000000000000e+00
4.147123335365677832e+01,0.000000000000000000e+00,0.000000000000000000e+00
3.940107403399150598e+01,0.000000000000000000e+00,0.000000000000000000e+00
4.205403877183108108e+01,0.000000000000000000e+00,0.000000000000000000e+00
3.875093120565396987e+01,0.000000000000000000e+00,0.000000000000000000e+00
3.952820011266218359e+01,0.000000000000000000e+00,0.000000000000000000e+00
3.911024902653460344e+01,0.000000000000000000e+00,0.000000000000000000e+00
3.935170369462488793e+01,0.000000000000000000e+00,0.000000000000000000e+00
4.000084821797916845e+01,0.000000000000000000e+00,0.000000000000000000e+00
3.744576151213082227e+01,0.000000000000000000e+00,0.000000000000000000e+00
4.180043311045949395e+01,0.000000000000000000e+00,0.000000000000000000e+00
3.722912839136520802e+01,0.000000000000000000e+00,0.000000000000000000e+00
4.218210568061183352e+01,0.000000000000000000e+00,0.000000000000000000e+00
3.783396792181983415e+01,0.000000000000000000e+00,0.000000000000000000e+00
4.061388500372540733e+01,0.000000000000000000e+00,0.000000000000000000e+00
4.026758369394721626e+01,0.000000000000000000e+00,0.000000000000000000e+00
4.075045187438740868e+01,0.000000000000000000e+00,0.000000000000000000e+00
4.040125973034064089e+01,0.000000000000000000e+00,0.000000000000000000e+00
3.921310347187954193e+01,0.000000000000000000e+00,0.000000000000000000e+00
3.823123810740668915e+01,0.000000000000000000e+00,0.000000000000000000e+00
3.943468328784628341e+01,0.000000000000000000e+00,0.000000000000000000e+00
3.761965085476919057e+01,0.000000000000000000e+00,0.000000000000000000e+00
4.076598264889230450e+01,0.000000000000000000e+00,0.000000000000000000e+00
3.821327486042991950e+01,0.000000000000000000e+00,0.000000000000000000e+00
4.053109339853884308e+01,0.000000000000000000e+00,0.000000000000000000e+00
3.800082602345135996e+01,0.000000000000000000e+00,0.000000000000000000e+00
3.682144531375824670e+01,0.000000000000000000e+00,0.000000000000000000e+00
4.120936814719058816e+01,0.000000000000000000e+00,0.000000000000000000e+00
3.593859218605442152e+01,0.000000000000000000e+00,0.000000000000000000e+00
4.004401912638380168e+01,0.000000000000000000e+00,0.000000000000000000e+00
3.585686104166542520e+01,0.000000000000000000e+00,0.000000000000000000e+00
3.740356558369712303e+01,0.000000000000000000e+00,0.000000000000000000e+00
3.950749777486374370e+01,0.000000000000000000e+00,0.000000000000000000e+00
4.060015860068872939e+01,0.000000000000000000e+00,0.000000000000000000e+00
4.067381502460665388e+01,0.000000000000000000e+00,0.000000000000000000e+00
3.480862371479974371e+01,0.000000000000000000e+00,0.000000000000000000e+00
3.575994415542682248e+01,0.000000000000000000e+00,0.000000000000000000e+00
3.817006226662755353e+01,0.000000000000000000e+00,0.000000000000000000e+00
3.680991391046526928e+01,0.000000000000000000e+00,0.000000000000000000e+00
3.611008994893035151e+01,0.000000000000000000e+00,0.000000000000000000e+00
3.844464713243399956e+01,0.000000000000000000e+00,0.000000000000000000e+00
3.683555780900644550e+01,0.000000000000000000e+00,0.000000000000000000e+00
3.240611605480400215e+01,0.000000000000000000e+00,0.000000000000000000e+00
3.563187907445119151e+01,0.000000000000000000e+00,0.000000000000000000e+00
3.997996700349321486e+01,0.000000000000000000e+00,0.000000000000000000e+00
3.540266573215139800e+01,0.000000000000000000e+00,0.000000000000000000e+00
3.431997841373345892e+01,0.000000000000000000e+00,0.000000000000000000e+00
3.223101381272905996e+01,0.000000000000000000e+00,0.000000000000000000e+00
3.682375681806549750e+01,0.000000000000000000e+00,0.000000000000000000e+00
3.405157869060283105e+01,0.000000000000000000e+00,0.000000000000000000e+00
3.981248937325167958e+01,0.000000000000000000e+00,0.000000000000000000e+00
3.442924069109677276e+01,0.000000000000000000e+00,0.000000000000000000e+00
3.735347701469168413e+01,0.000000000000000000e+00,0.000000000000000000e+00
3.779245598242239623e+01,0.000000000000000000e+00,0.000000000000000000e+00
3.103739426915445421e+01,0.000000000000000000e+00,0.000000000000000000e+00
3.651365798823329101e+01,0.000000000000000000e+00,0.000000000000000000e+00
3.564878693024063949e+01,0.000000000000000000e+00,0.000000000000000000e+00
3.430302800272635722e+01,0.000000000000000000e+00,0.000000000000000000e+00
3.791828535776564024e+01,0.000000000000000000e+00,0.000000000000000000e+00
3.545910611933688017e+01,0.000000000000000000e+00,0.000000000000000000e+00
3.460680989896660975e+01,0.000000000000000000e+00,0.000000000000000000e+00
4.026873815336886508e+01,0.000000000000000000e+00,0.000000000000000000e+00
3.677164996664286178e+01,0.000000000000000000e+00,0.000000000000000000e+00
3.372726158434795707e+01,0.000000000000000000e+00,0.000000000000000000e+00
3.775800222544840778e+01,0.000000000000000000e+00,0.000000000000000000e+00
3.732295578119597224e+01,0.000000000000000000e+00,0.000000000000000000e+00
3.551985249341089457e+01,0.000000000000000000e+00,0.000000000000000000e+00
3.546972586066148381e+01,0.000000000000000000e+00,0.000000000000000000e+00
3.587874137609366443e+01,0.000000000000000000e+00,0.000000000000000000e+00
3.776734072178567203e+01,0.000000000000000000e+00,0.000000000000000000e+00
3.521756328012967430e+01,0.000000000000000000e+00,0.000000000000000000e+00
3.793826999995849292e+01,0.000000000000000000e+00,0.000000000000000000e+00
3.281317507854085846e+01,0.000000000000000000e+00,0.000000000000000000e+00
3.496327649470295285e+01,0.000000000000000000e+00,0.000000000000000000e+00
3.574202754655422609e+01,0.000000000000000000e+00,0.000000000000000000e+00
3.106706063475150614e+01,0.000000000000000000e+00,0.000000000000000000e+00
3.357012617624266682e+01,0.000000000000000000e+00,0.000000000000000000e+00
3.612120597375260189e+01,0.000000000000000000e+00,0.000000000000000000e+00
3.495000952385777282e+01,0.000000000000000000e+00,0.000000000000000000e+00
3.615867010380611646e+01,0.000000000000000000e+00,0.000000000000000000e+00
3.392576490047831328e+01,0.000000000000000000e+00,0.000000000000000000e+00
3.342513923036452184e+01,0.000000000000000000e+00,0.000000000000000000e+00
3.093461220633658471e+01,0.000000000000000000e+00,0.000000000000000000e+00
3.454295597943934837e+01,0.000000000000000000e+00,0.000000000000000000e+00
3.646526869420029726e+01,0.000000000000000000e+00,0.000000000000000000e+00
3.423896249652348445e+01,0.000000000000000000e+00,0.000000000000000000e+00
3.393022171818746813e+01,0.000000000000000000e+00,0.000000000000000000e+00
3.212428994313499686e+01,0.000000000000000000e+00,0.000000000000000000e+00
3.427102458919444672e+01,0.000000000000000000e+00,0.000000000000000000e+00
3.522488435330058110e+01,0.000000000000000000e+00,0.000000000000000000e+00
2.837857802227722104e+01,0.000000000000000000e+00,0.000000000000000000e+00
3.539768146422873230e+01,0.000000000000000000e+00,0.000000000000000000e+00
3.466677070487866530e+01,0.000000000000000000e+00,0.000000000000000000e+00
3.595374397700948776e+01,0.000000000000000000e+00,0.000000000000000000e+00
3.310204226597850408e+01,0.000000000000000000e+00,0.000000000000000000e+00
3.321941194070852532e+01,0.000000000000000000e+00,0.000000000000000000e+00
3.541950361846883055e+01,0.000000000000000000e+00,0.000000000000000000e+00
3.288613767770626595e+01,0.000000000000000000e+00,0.000000000000000000e+00
3.272637587374838120e+01,0.000000000000000000e+00,0.000000000000000000e+00
3.356783894802749302e+01,0.000000000000000000e+00,0.000000000000000000e+00
3.197093766503148160e+01,0.000000000000000000e+00,0.000000000000000000e+00
3.124297545014933419e+01,0.000000000000000000e+00,0.000000000000000000e+00
3.317103944017142680e+01,0.000000000000000000e+00,0.000000000000000000e+00
3.242162481678156638e+01,0.000000000000000000e+00,0.000000000000000000e+00
3.630471689276806302e+01,0.000000000000000000e+00,0.000000000000000000e+00
3.281936878342642672e+01,0.000000000000000000e+00,0.000000000000000000e+00
3.077333935797808451e+01,0.000000000000000000e+00,0.000000000000000000e+00
3.625437750406271675e+01,0.000000000000000000e+00,0.000000000000000000e+00
3.232307614847574229e+01,0.000000000000000000e+00,0.000000000000000000e+00
3.458640058442614418e+01,0.000000000000000000e+00,0.000000000000000000e+00
3.321917352026729731e+01,0.000000000000000000e+00,0.000000000000000000e+00
3.100421662578012061e+01,0.000000000000000000e+00,0.000000000000000000e+00
3.431905887765011443e+01,0.000000000000000000e+00,0.000000000000000000e+00
3.082415500808794562e+01,0.000000000000000000e+00,0.000000000000000000e+00
3.286947036462446903e+01,0.000000000000000000e+00,0.000000000000000000e+00
3.188428317462265937e+01,0.000000000000000000e+00,0.000000000000000000e+00
3.310985125206477875e+01,0.000000000000000000e+00,0.000000000000000000e+00
2.930634744317826446e+01,0.000000000000000000e+00,0.000000000000000000e+00
3.422384365373125803e+01,0.000000000000000000e+00,0.000000000000000000e+00
3.012852904747375149e+01,0.000000000000000000e+00,0.000000000000000000e+00
3.038017489947686300e+01,0.000000000000000000e+00,0.000000000000000000e+00
2.833852540635646022e+01,0.000000000000000000e+00,0.000000000000000000e+00
2.859702196175265243e+01,0.000000000000000000e+00,0.000000000000000000e+00
3.368972793403117549e+01,0.000000000000000000e+00,0.000000000000000000e+00
2.889360867787850395e+01,0.000000000000000000e+00,0.000000000000000000e+00
3.238549213865161391e+01,0.000000000000000000e+00,0.000000000000000000e+00
3.175550030908019039e+01,0.000000000000000000e+00,0.000000000000000000e+00
2.709766477961758113e+01,0.000000000000000000e+00,0.000000000000000000e+00
2.835016403101405658e+01,0.000000000000000000e+00,0.000000000000000000e+00
2.992879981150078450e+01,0.000000000000000000e+00,0.000000000000000000e+00
3.182881204508153417e+01,0.000000000000000000e+00,0.000000000000000000e+00
3.142711099729897484e+01,0.000000000000000000e+00,0.000000000000000000e+00
2.730578532253759150e+01,0.000000000000000000e+00,0.000000000000000000e+00
3.297527186523972631e+01,0.000000000000000000e+00,0.000000000000000000e+00
2.987807192439776216e+01,0.000000000000000000e+00,0.000000000000000000e+00
3.219680796828980363e+01,0.000000000000000000e+00,0.000000000000000000e+00
3.317820834709038280e+01,0.000000000000000000e+00,0.000000000000000000e+00
2.981525639379067627e+01,0.000000000000000000e+00,0.000000000000000000e+00
3.038862395831047891e+01,0.000000000000000000e+00,0.000000000000000000e+00
2.918677144924142652e+01,0.000000000000000000e+00,0.000000000000000000e+00
3.181684845930851679e+01,0.000000000000000000e+00,0.000000000000000000e+00
3.129174126186831728e+01,0.000000000000000000e+00,0.000000000000000000e+00
2.949684310883035820e+01,0.000000000000000000e+00,0.000000000000000000e+00
2.841912364456754148e+01,0.000000000000000000e+00,0.000000000000000000e+00
3.168406562420434724e+01,0.000000000000000000e+00,0.000000000000000000e+00
3.213019714542610927e+01,0.000000000000000000e+00,0.000000000000000000e+00
3.004561300913416488e+01,0.000000000000000000e+00,0.000000000000000000e+00
2.538498516755105783e+01,0.000000000000000000e+00,0.000000000000000000e+00
3.154594812827701134e+01,0.000000000000000000e+00,0.000000000000000000e+00
3.013520693236541348e+01,0.000000000000000000e+00,0.000000000000000000e+00
2.825108627984422682e+01,0.000000000000000000e+00,0.000000000000000000e+00
3.234871834910732247e+01,0.000000000000000000e+00,0.000000000000000000e+00
2.826948825617876082e+01,0.000000000000000000e+00,0.000000000000000000e+00
3.093198669515257038e+01,0.000000000000000000e+00,0.000000000000000000e+00
3.172948969923835705e+01,0.000000000000000000e+00,0.000000000000000000e+00
3.350839444484667951e+01,0.000000000000000000e+00,0.000000000000000000e+00
2.639812066591656858e+01,0.000000000000000000e+00,0.000000000000000000e+00
3.285011674162355177e+01,0.000000000000000000e+00,0.000000000000000000e+00
3.200758680197402839e+01,0.000000000000000000e+00,0.000000000000000000e+00
3.296864896834076575e+01,0.000000000000000000e+00,0.000000000000000000e+00
3.099221761405218700e+01,0.000000000000000000e+00,0.000000000000000000e+00
3.141188602142240782e+01,0.000000000000000000e+00,0.000000000000000000e+00
3.040678211076164672e+01,0.000000000000000000e+00,0.000000000000000000e+00
3.220784459349489737e+01,0.000000000000000000e+00,0.000000000000000000e+00
2.714631136997457972e+01,0.000000000000000000e+00,0.000000000000000000e+00
2.842553988875697257e+01,0.000000000000000000e+00,0.000000000000000000e+00
2.976383929277836415e+01,0.000000000000000000e+00,0.000000000000000000e+00
2.894290630673985021e+01,0.000000000000000000e+00,0.000000000000000000e+00
2.772122255399363766e+01,0.000000000000000000e+00,0.000000000000000000e+00
2.899575750747986547e+01,0.000000000000000000e+00,0.000000000000000000e+00
3.393659715741159033e+01,0.000000000000000000e+00,0.000000000000000000e+00
2.441646560317283132e+01,0.000000000000000000e+00,0.000000000000000000e+00
2.649615927332870058e+01,0.000000000000000000e+00,0.000000000000000000e+00
2.939934744196607497e+01,0.000000000000000000e+00,0.000000000000000000e+00
2.604777029073131445e+01,0.000000000000000000e+00,0.000000000000000000e+00
3.237971162143642800e+01,0.000000000000000000e+00,0.000000000000000000e+00
2.851324592201127928e+01,0.000000000000000000e+00,0.000000000000000000e+00
2.780127248522785877e+01,0.000000000000000000e+00,0.000000000000000000e+00
2.820266514020094561e+01,0.000000000000000000e+00,0.000000000000000000e+00
2.575193539093716666e+01,0.000000000000000000e+00,0.000000000000000000e+00
2.986854226358672904e+01,0.000000000000000000e+00,0.000000000000000000e+00
2.616107971015741285e+01,0.000000000000000000e+00,0.000000000000000000e+00
2.851289576165107675e+01,0.000000000000000000e+00,0.000000000000000000e+00
2.452633199704752798e+01,0.000000000000000000e+00,0.000000000000000000e+00
2.822302618051359957e+01,0.000000000000000000e+00,0.000000000000000000e+00
2.713325585807206863e+01,0.000000000000000000e+00,0.000000000000000000e+00
3.093371907201438376e+01,0.000000000000000000e+00,0.000000000000000000e+00
2.685407651181663624e+01,0.000000000000000000e+00,0.000000000000000000e+00
3.315934951085502291e+01,0.000000000000000000e+00,0.000000000000000000e+00
2.658865771813943724e+01,0.000000000000000000e+00,0.000000000000000000e+00
2.786866663410873102e+01,0.000000000000000000e+00,0.000000000000000000e+00
2.620370685560407864e+01,0.000000000000000000e+00,0.000000000000000000e+00
2.791857139931384069e+01,0.000000000000000000e+00,0.000000000000000000e+00
3.031205518151961797e+01,0.000000000000000000e+00,0.000000000000000000e+00
2.712379811706040655e+01,0.000000000000000000e+00,0.000000000000000000e+00
2.440171849693291861e+01,0.000000000000000000e+00,0.000000000000000000e+00
2.854246573102735596e+01,0.000000000000000000e+00,0.000000000000000000e+00
2.637640028612444354e+01,0.000000000000000000e+00,0.000000000000000000e+00
3.021686867085826833e+01,0.000000000000000000e+00,0.000000000000000000e+00
2.251628050010164372e+01,0.000000000000000000e+00,0.000000000000000000e+00
2.633492893815319036e+01,0.000000000000000000e+00,0.000000000000000000e+00
2.812480998473687421e+01,0.000000000000000000e+00,0.000000000000000000e+00
2.253019136965449931e+01,0.000000000000000000e+00,0.000000000000000000e+00
2.739378235257716909e+01,0.000000000000000000e+00,0.000000000000000000e+00
2.535870785539779604e+01,0.000000000000000000e+00,0.000000000000000000e+00
2.296938327741789010e+01,0.000000000000000000e+00,0.000000000000000000e+00
2.707566068418721628e+01,0.000000000000000000e+00,0.000000000000000000e+00
2.460811909181958868e+01,0.000000000000000000e+00,0.000000000000000000e+00
2.626456888871107864e+01,0.000000000000000000e+00,0.000000000000000000e+00
2.476700869174190345e+01,0.000000000000000000e+00,0.000000000000000000e+00
2.582293876132433041e+01,0.000000000000000000e+00,0.000000000000000000e+00
2.775471290702718008e+01,0.000000000000000000e+00,0.000000000000000000e+00
2.806516193009055371e+01,0.000000000000000000e+00,0.000000000000000000e+00
2.582534591546025027e+01,0.000000000000000000e+00,0.000000000000000000e+00
2.337350090261505642e+01,0.000000000000000000e+00,0.000000000000000000e+00
2.445621491255561608e+01,0.000000000000000000e+00,0.000000000000000000e+00
2.724259299783777166e+01,0.000000000000000000e+00,0.000000000000000000e+00
2.567470386506461111e+01,0.000000000000000000e+00,0.000000000000000000e+00
2.784170983704820301e+01,0.000000000000000000e+00,0.000000000000000000e+00
2.685059970466602053e+01,0.000000000000000000e+00,0.000000000000000000e+00
2.876749861895378757e+01,0.000000000000000000e+00,0.000000000000000000e+00
2.382870981190432857e+01,0.000000000000000000e+00,0.000000000000000000e+00
2.925023954349459387e+01,0.000000000000000000e+00,0.000000000000000000e+00
2.694730596471546846e+01,0.000000000000000000e+00,0.000000000000000000e+00
2.571037579623280322e+01,0.000000000000000000e+00,0.000000000000000000e+00
2.498701047645706552e+01,0.000000000000000000e+00,0.000000000000000000e+00
2.535562309398197200e+01,0.000000000000000000e+00,0.000000000000000000e+00
2.524088387391103439e+01,0.000000000000000000e+00,0.000000000000000000e+00
2.525105212371299501e+01,0.000000000000000000e+00,0.000000000000000000e+00
2.618117617647621032e+01,0.000000000000000000e+00,0.000000000000000000e+00
2.247341308522758041e+01,0.000000000000000000e+00,0.000000000000000000e+00
3.041061056825948583e+01,0.000000000000000000e+00,0.000000000000000000e+00
2.625298715937225680e+01,0.000000000000000000e+00,0.000000000000000000e+00
2.215634215034697263e+01,0.000000000000000000e+00,0.000000000000000000e+00
2.593561903575144001e+01,0.000000000000000000e+00,0.000000000000000000e+00
2.206230802789546175e+01,0.000000000000000000e+00,0.000000000000000000e+00
2.664380628383779381e+01,0.000000000000000000e+00,0.000000000000000000e+00
2.812544280301620248e+01,0.000000000000000000e+00,0.000000000000000000e+00
2.269181486391823910e+01,0.000000000000000000e+00,0.000000000000000000e+00
2.849306452126702993e+01,0.000000000000000000e+00,0.000000000000000000e+00
2.543040604671849891e+01,0.000000000000000000e+00,0.000000000000000000e+00
2.202679061059264143e+01,0.000000000000000000e+00,0.000000000000000000e+00
2.903294603506440552e+01,0.000000000000000000e+00,0.000000000000000000e+00
2.646455666450163591e+01,0.000000000000000000e+00,0.000000000000000000e+00
2.506853971461194064e+01,0.000000000000000000e+00,0.000000000000000000e+00
2.343081342725499638e+01,0.000000000000000000e+00,0.000000000000000000e+00
2.634771415982837794e+01,0.000000000000000000e+00,0.000000000000000000e+00
2.560615483651226043e+01,0.000000000000000000e+00,0.000000000000000000e+00
2.366538827215486052e+01,0.000000000000000000e+00,0.000000000000000000e+00
2.262299330745963033e+01,0.000000000000000000e+00,0.000000000000000000e+00
2.579508317146360596e+01,0.000000000000000000e+00,0.000000000000000000e+00
2.403681884884061049e+01,0.000000000000000000e+00,0.000000000000000000e+00
2.653429980454541948e+01,0.000000000000000000e+00,0.000000000000000000e+00
2.167212042075205503e+01,0.000000000000000000e+00,0.000000000000000000e+00
2.456361751244859803e+01,0.000000000000000000e+00,0.000000000000000000e+00
2.444068219491260052e+01,0.000000000000000000e+00,0.000000000000000000e+00
2.438624912887962282e+01,0.000000000000000000e+00,0.000000000000000000e+00
2.062609155514557813e+01,0.000000000000000000e+00,0.000000000000000000e+00
2.843205004657204071e+01,0.000000000000000000e+00,0.000000000000000000e+00
2.894387820711070347e+01,0.000000000000000000e+00,0.000000000000000000e+00
2.349263879337775052e+01,0.000000000000000000e+00,0.000000000000000000e+00
2.616006620051455656e+01,0.000000000000000000e+00,0.000000000000000000e+00
2.330681840529439697e+01,0.000000000000000000e+00,0.000000000000000000e+00
2.560691271014197667e+01,0.000000000000000000e+00,0.000000000000000000e+00
2.489561828526539244e+01,0.000000000000000000e+00,0.000000000000000000e+00
2.360202363308695439e+01,0.000000000000000000e+00,0.000000000000000000e+00
2.203415015905509478e+01,0.000000000000000000e+00,0.000000000000000000e+00
2.360297291442053336e+01,0.000000000000000000e+00,0.000000000000000000e+00
2.028217231874279491e+01,0.000000000000000000e+00,0.000000000000000000e+00
2.406493864817349149e+01,0.000000000000000000e+00,0.000000000000000000e+00
2.540617867299891586e+01,0.000000000000000000e+00,0.000000000000000000e+00
2.398047280950240534e+01,0.000000000000000000e+00,0.000000000000000000e+00
2.427815319346054679e+01,0.000000000000000000e+00,0.000000000000000000e+00
2.380387438099763386e+01,0.000000000000000000e+00,0.000000000000000000e+00
2.962919898068103564e+01,0.000000000000000000e+00,0.000000000000000000e+00
2.439095710944723550e+01,0.000000000000000000e+00,0.000000000000000000e+00
2.398561629007144447e+01,0.000000000000000000e+00,0.000000000000000000e+00
2.295236832964722851e+01,0.000000000000000000e+00,0.000000000000000000e+00
2.370800050604776743e+01,0.000000000000000000e+00,0.000000000000000000e+00
2.368608184396379102e+01,0.000000000000000000e+00,0.000000000000000000e+00
2.391926366563125228e+01,0.000000000000000000e+00,0.000000000000000000e+00
2.538122907495176506e+01,0.000000000000000000e+00,0.000000000000000000e+00
2.001730157223584428e+01,0.000000000000000000e+00,0.000000000000000000e+00
1.988877950188979327e+01,0.000000000000000000e+00,0.000000000000000000e+00
2.635628670992370104e+01,0.000000000000000000e+00,0.000000000000000000e+00
2.248065597341526001e+01,0.000000000000000000e+00,0.000000000000000000e+00
2.222595067555022297e+01,0.000000000000000000e+00,0.000000000000000000e+00
2.428681876342339763e+01,0.000000000000000000e+00,0.000000000000000000e+00
2.276153317706127766e+01,0.000000000000000000e+00,0.000000000000000000e+00
2.533907218131265893e+01,0.000000000000000000e+00,0.000000000000000000e+00
2.641104084878407576e+01,0.000000000000000000e+00,0.000000000000000000e+00
2.538077721233543116e+01,0.000000000000000000e+00,0.000000000000000000e+00
2.390136375147788073e+01,0.000000000000000000e+00,0.000000000000000000e+00
2.072927134287117923e+01,0.000000000000000000e+00,0.000000000000000000e+00
2.380373499723385677e+01,0.000000000000000000e+00,0.000000000000000000e+00
2.437296784610241929e+01,0.000000000000000000e+00,0.000000000000000000e+00
2.061283840512701104e+01,0.000000000000000000e+00,0.000000000000000000e+00
2.604608732096867385e+01,0.000000000000000000e+00,0.000000000000000000e+00
2.113560683311500554e+01,0.000000000000000000e+00,0.000000000000000000e+00
1.995604653537334272e+01,0.000000000000000000e+00,0.000000000000000000e+00
1.894960416401722370e+01,0.000000000000000000e+00,0.000000000000000000e+00
2.593717037477276577e+01,0.000000000000000000e+00,0.000000000000000000e+00
2.407439849764742945e+01,0.000000000000000000e+00,0.000000000000000000e+00
2.522109146619887099e+01,0.000000000000000000e+00,0.000000000000000000e+00
2.554693475292881999e+01,0.000000000000000000e+00,0.000000000000000000e+00
2.780634087464039084e+01,0.000000000000000000e+00,0.000000000000000000e+00
2.352315788368911598e+01,0.000000000000000000e+00,0.000000000000000000e+00
2.719261666782522013e+01,0.000000000000000000e+00,0.000000000000000000e+00
2.382890694371817730e+01,0.000000000000000000e+00,0.000000000000000000e+00
2.326891742152721321e+01,0.000000000000000000e+00,0.000000000000000000e+00
2.412789257946690569e+01,0.000000000000000000e+00,0.000000000000000000e+00
2.708967569153480071e+01,0.000000000000000000e+00,0.000000000000000000e+00
2.516561352576601251e+01,0.000000000000000000e+00,0.000000000000000000e+00
2.289156450766177642e+01,0.000000000000000000e+00,0.000000000000000000e+00
2.031007866883111035e+01,0.000000000000000000e+00,0.000000000000000000e+00
2.545342735249584365e+01,0.000000000000000000e+00,0.000000000000000000e+00
2.171923213812666020e+01,0.000000000000000000e+00,0.000000000000000000e+00
2.140360369208970681e+01,0.000000000000000000e+00,0.000000000000000000e+00
2.393147550686259351e+01,0.000000000000000000e+00,0.000000000000000000e+00
2.684433674328914066e+01,0.000000000000000000e+00,0.000000000000000000e+00
2.189208469544294999e+01,0.000000000000000000e+00,0.000000000000000000e+00
2.346307650602418349e+01,0.000000000000000000e+00,0.000000000000000000e+00
2.189777532654597536e+01,0.000000000000000000e+00,0.000000000000000000e+00
2.262627535760065101e+01,0.000000000000000000e+00,0.000000000000000000e+00
2.107234923763737910e+01,0.000000000000000000e+00,0.000000000000000000e+00
2.032721481437490496e+01,0.000000000000000000e+00,0.000000000000000000e+00
2.068255889993289287e+01,0.000000000000000000e+00,0.000000000000000000e+00
2.136475436192612776e+01,0.000000000000000000e+00,0.000000000000000000e+00
2.017666645521849134e+01,0.000000000000000000e+00,0.000000000000000000e+00
2.039337360701558310e+01,0.000000000000000000e+00,0.000000000000000000e+00
2.290349121430190849e+01,0.000000000000000000e+00,0.000000000000000000e+00
2.076130575511310994e+01,0.000000000000000000e+00,0.000000000000000000e+00
2.320634825392827238e+01,0.000000000000000000e+00,0.000000000000000000e+00
2.221939886920660001e+01,0.000000000000000000e+00,0.000000000000000000e+00
2.149232979229529050e+01,0.000000000000000000e+00,0.000000000000000000e+00
2.091660668525037181e+01,0.000000000000000000e+00,0.000000000000000000e+00
1.751792264626174500e+01,0.000000000000000000e+00,0.000000000000000000e+00
1.906614417045133081e+01,0.000000000000000000e+00,0.000000000000000000e+00
2.292866921049721185e+01,0.000000000000000000e+00,0.000000000000000000e+00
2.010294629811450662e+01,0.000000000000000000e+00,0.000000000000000000e+00
1.993801013189323612e+01,0.000000000000000000e+00,0.000000000000000000e+00
2.146919137327238047e+01,0.000000000000000000e+00,0.000000000000000000e+00
2.294161550889144863e+01,0.000000000000000000e+00,0.000000000000000000e+00
2.085124671735108848e+01,0.000000000000000000e+00,0.000000000000000000e+00
2.271964973126448228e+01,0.000000000000000000e+00,0.000000000000000000e+00
2.108588839184110597e+01,0.000000000000000000e+00,0.000000000000000000e+00
1.941789991795223713e+01,0.000000000000000000e+00,0.000000000000000000e+00
2.157709012754413891e+01,0.000000000000000000e+00,0.000000000000000000e+00
2.013940389768064421e+01,0.000000000000000000e+00,0.000000000000000000e+00
2.027050558293431592e+01,0.000000000000000000e+00,0.000000000000000000e+00
2.162808581532732433e+01,0.000000000000000000e+00,0.000000000000000000e+00
2.171078436797239775e+01,0.000000000000000000e+00,0.000000000000000000e+00
2.205653573897138031e+01,0.000000000000000000e+00,0.000000000000000000e+00
2.049910066506602391e+01,0.000000000000000000e+00,0.000000000000000000e+00
2.722207883677467777e+01,0.000000000000000000e+00,0.000000000000000000e+00
2.310138281439446217e+01,0.000000000000000000e+00,0.000000000000000000e+00
1.955337674718822427e+01,0.000000000000000000e+00,0.000000000000000000e+00
1.971311567026434375e+01,0.000000000000000000e+00,0.000000000000000000e+00
1.974739429747050679e+01,0.000000000000000000e+00,0.000000000000000000e+00
2.264388963743384053e+01,0.000000000000000000e+00,0.000000000000000000e+00
2.004813183194317361e+01,0.000000000000000000e+00,0.000000000000000000e+00
1.967389134975770304e+01,0.000000000000000000e+00,0.000000000000000000e+00
2.069389594901375062e+01,0.000000000000000000e+00,0.000000000000000000e+00
2.469211316234924070e+01,0.000000000000000000e+00,0.000000000000000000e+00
2.085143388879618698e+01,0.000000000000000000e+00,0.000000000000000000e+00
2.196266999938436371e+01,0.000000000000000000e+00,0.000000000000000000e+00
2.064590292410373351e+01,0.000000000000000000e+00,0.000000000000000000e+00
2.279047090886915683e+01,0.000000000000000000e+00,0.000000000000000000e+00
1.854545044360706285e+01,0.000000000000000000e+00,0.000000000000000000e+00
2.184461084104017914e+01,0.000000000000000000e+00,0.000000000000000000e+00
2.208439834978522143e+01,0.000000000000000000e+00,0.000000000000000000e+00
1.893348559439006351e+01,0.000000000000000000e+00,0.000000000000000000e+00
2.087517168237130605e+01,0.000000000000000000e+00,0.000000000000000000e+00
2.236784805883793936e+01,0.000000000000000000e+00,0.000000000000000000e+00
2.278331392144711387e+01,0.000000000000000000e+00,0.000000000000000000e+00
2.026304694936701623e+01,0.000000000000000000e+00,0.000000000000000000e+00
2.191969924729925623e+01,0.000000000000000000e+00,0.000000000000000000e+00
2.104861601933165005e+01,0.000000000000000000e+00,0.000000000000000000e+00
2.085754138360525545e+01,0.000000000000000000e+00,0.000000000000000000e+00
2.166538517207894188e+01,0.000000000000000000e+00,0.000000000000000000e+00
1.840377815253354044e+01,0.000000000000000000e+00,0.000000000000000000e+00
1.848849212326925340e+01,0.000000000000000000e+00,0.000000000000000000e+00
2.509296872239202258e+01,0.000000000000000000e+00,0.000000000000000000e+00
2.113720264620357980e+01,0.000000000000000000e+00,0.000000000000000000e+00
1.875230076274029756e+01,0.000000000000000000e+00,0.000000000000000000e+00
2.027405162472714650e+01,0.000000000000000000e+00,0.000000000000000000e+00
2.002252287502896522e+01,0.000000000000000000e+00,0.000000000000000000e+00
2.236264377900922184e+01,0.000000000000000000e+00,0.000000000000000000e+00
2.027445698963097342e+01,0.000000000000000000e+00,0.000000000000000000e+00
2.202293749693605918e+01,0.000000000000000000e+00,0.000000000000000000e+00
1.964918233789807545e+01,0.000000000000000000e+00,0.000000000000000000e+00
1.797597852595475132e+01,0.000000000000000000e+00,0.000000000000000000e+00
1.978987757399406888e+01,0.000000000000000000e+00,0.000000000000000000e+00
1.879026686193908802e+01,0.000000000000000000e+00,0.000000000000000000e+00
1.966333322766331548e+01,0.000000000000000000e+00,0.000000000000000000e+00
1.737714753569286685e+01,0.000000000000000000e+00,0.000000000000000000e+00
1.949853981065549036e+01,0.000000000000000000e+00,0.000000000000000000e+00
2.031257053015986358e+01,0.000000000000000000e+00,0.000000000000000000e+00
1.766115372217331370e+01,0.000000000000000000e+00,0.000000000000000000e+00
2.106283856377103447e+01,0.000000000000000000e+00,0.000000000000000000e+00
2.194635469326122035e+01,0.000000000000000000e+00,0.000000000000000000e+00
2.198036618525225094e+01,0.000000000000000000e+00,0.000000000000000000e+00
2.070037996908695277e+01,0.000000000000000000e+00,0.000000000000000000e+00
2.042685664356022812e+01,0.000000000000000000e+00,0.000000000000000000e+00
1.783385673133741989e+01,0.000000000000000000e+00,0.000000000000000000e+00
1.661333510453906470e+01,0.000000000000000000e+00,0.000000000000000000e+00
1.699213456873852124e+01,0.000000000000000000e+00,0.000000000000000000e+00
1.908564956947612856e+01,0.000000000000000000e+00,0.000000000000000000e+00
2.006509414684170167e+01,0.000000000000000000e+00,0.000000000000000000e+00
1.798756709563550871e+01,0.000000000000000000e+00,0.000000000000000000e+00
1.801670284491883223e+01,0.000000000000000000e+00,0.000000000000000000e+00
2.300204928170552066e+01,0.000000000000000000e+00,0.000000000000000000e+00
1.897786300041717666e+01,0.000000000000000000e+00,0.000000000000000000e+00
1.785133924640262038e+01,0.000000000000000000e+00,0.000000000000000000e+00
1.822226047598204346e+01,0.000000000000000000e+00,0.000000000000000000e+00
2.089273926344247911e+01,0.000000000000000000e+00,0.000000000000000000e+00
2.527929363233207738e+01,0.000000000000000000e+00,0.000000000000000000e+00
2.258363555052141791e+01,0.000000000000000000e+00,0.000000000000000000e+00
2.125577907807379674e+01,0.000000000000000000e+00,0.000000000000000000e+00
1.941106675873494680e+01,0.000000000000000000e+00,0.000000000000000000e+00
2.000140086668404393e+01,0.000000000000000000e+00,0.000000000000000000e+00
2.053780799340874808e+01,0.000000000000000000e+00,0.000000000000000000e+00
2.111893945116360172e+01,0.000000000000000000e+00,0.000000000000000000e+00
2.341832703599057908e+01,0.000000000000000000e+00,0.000000000000000000e+00
2.005646260784410373e+01,0.000000000000000000e+00,0.000000000000000000e+00
1.860276907670991875e+01,0.000000000000000000e+00,0.000000000000000000e+00
1.674424434699709607e+01,0.000000000000000000e+00,0.000000000000000000e+00
2.251186345350117435e+01,0.000000000000000000e+00,0.000000000000000000e+00
2.326687382512915647e+01,0.000000000000000000e+00,0.000000000000000000e+00
2.005277452007264571e+01,0.000000000000000000e+00,0.000000000000000000e+00
2.042595694253475713e+01,0.000000000000000000e+00,0.000000000000000000e+00
2.010407767534845647e+01,0.000000000000000000e+00,0.000000000000000000e+00
2.445807153738186202e+01,0.000000000000000000e+00,0.000000000000000000e+00
2.104322228090700975e+01,0.000000000000000000e+00,0.000000000000000000e+00
2.069355720348014316e+01,0.000000000000000000e+00,0.000000000000000000e+00
1.545770257720832142e+01,0.000000000000000000e+00,0.000000000000000000e+00
1.883960629899805284e+01,0.000000000000000000e+00,0.000000000000000000e+00
2.309142940229136443e+01,0.000000000000000000e+00,0.000000000000000000e+00
2.137206722327298536e+01,0.000000000000000000e+00,0.000000000000000000e+00
2.197555711723098071e+01,0.000000000000000000e+00,0.000000000000000000e+00
1.839942577336452700e+01,0.000000000000000000e+00,0.000000000000000000e+00
1.904603493212751175e+01,0.000000000000000000e+00,0.000000000000000000e+00
2.473578575005991809e+01,0.000000000000000000e+00,0.000000000000000000e+00
2.434338578987472701e+01,0.000000000000000000e+00,0.000000000000000000e+00
2.081244464466769628e+01,0.000000000000000000e+00,0.000000000000000000e+00
1.775150048365700073e+01,0.000000000000000000e+00,0.000000000000000000e+00
1.866607627551369930e+01,0.000000000000000000e+00,0.000000000000000000e+00
2.007433173007655114e+01,0.000000000000000000e+00,0.000000000000000000e+00
1.907630326284650835e+01,0.000000000000000000e+00,0.000000000000000000e+00
1.777320957670269053e+01,0.000000000000000000e+00,0.000000000000000000e+00
1.974467962927288056e+01,0.000000000000000000e+00,0.000000000000000000e+00
2.291808416944695992e+01,0.000000000000000000e+00,0.000000000000000000e+00
1.832816919773532049e+01,0.000000000000000000e+00,0.000000000000000000e+00
1.852981310708965168e+01,0.000000000000000000e+00,0.000000000000000000e+00
1.983006184632059288e+01,0.000000000000000000e+00,0.000000000000000000e+00
1.956192397111636794e+01,0.000000000000000000e+00,0.000000000000000000e+00
2.078501848124878393e+01,0.000000000000000000e+00,0.000000000000000000e+00
2.273019382328151394e+01,0.000000000000000000e+00,0.000000000000000000e+00
2.020386642401585675e+01,0.000000000000000000e+00,0.000000000000000000e+00
2.049611727179948062e+01,0.000000000000000000e+00,0.000000000000000000e+00
2.039210300884949945e+01,0.000000000000000000e+00,0.000000000000000000e+00
1.896041841745406842e+01,0.000000000000000000e+00,0.000000000000000000e+00
2.036136751152353241e+01,0.000000000000000000e+00,0.000000000000000000e+00
1.832155862634505894e+01,0.000000000000000000e+00,0.000000000000000000e+00
1.956373479960060635e+01,0.000000000000000000e+00,0.000000000000000000e+00
2.083758842759841556e+01,0.000000000000000000e+00,0.000000000000000000e+00
1.900377319349568594e+01,0.000000000000000000e+00,0.000000000000000000e+00
1.868617768091672815e+01,0.000000000000000000e+00,0.000000000000000000e+00
1.833486412467599180e+01,0.000000000000000000e+00,0.000000000000000000e+00
2.087683152554123112e+01,0.000000000000000000e+00,0.000000000000000000e+00
2.032277172056043213e+01,0.000000000000000000e+00,0.000000000000000000e+00
2.119791498823375164e+01,0.000000000000000000e+00,0.000000000000000000e+00
1.998334698359341033e+01,0.000000000000000000e+00,0.000000000000000000e+00
1.717036026436855423e+01,0.000000000000000000e+00,0.000000000000000000e+00
1.893785222187194606e+01,0.000000000000000000e+00,0.000000000000000000e+00
1.820250932742995786e+01,0.000000000000000000e+00,0.000000000000000000e+00
1.594059001820884625e+01,0.000000000000000000e+00,0.000000000000000000e+00
2.159001091738385725e+01,0.000000000000000000e+00,0.000000000000000000e+00
1.910748750047654099e+01,0.000000000000000000e+00,0.000000000000000000e+00
1.868366793134557824e+01,0.000000000000000000e+00,0.000000000000000000e+00
1.841932049090551615e+01,0.000000000000000000e+00,0.000000000000000000e+00
1.883649912194771403e+01,0.000000000000000000e+00,0.000000000000000000e+00
2.224063136037339916e+01,0.000000000000000000e+00,0.000000000000000000e+00
2.185787637854429377e+01,0.000000000000000000e+00,0.000000000000000000e+00
1.560705027857006932e+01,0.000000000000000000e+00,0.000000000000000000e+00
2.133709032153633700e+01,0.000000000000000000e+00,0.000000000000000000e+00
2.087449879302311828e+01,0.000000000000000000e+00,0.000000000000000000e+00
1.979228597303519521e+01,0.000000000000000000e+00,0.000000000000000000e+00
1.743029760859369759e+01,0.000000000000000000e+00,0.000000000000000000e+00
1.854091191146117978e+01,0.000000000000000000e+00,0.000000000000000000e+00
2.308204392381534831e+01,0.000000000000000000e+00,0.000000000000000000e+00
2.036069549858711625e+01,0.000000000000000000e+00,0.000000000000000000e+00
2.464707282660625864e+01,0.000000000000000000e+00,0.000000000000000000e+00
1.860417338511282992e+01,0.000000000000000000e+00,0.000000000000000000e+00
1.886751962736433441e+01,0.000000000000000000e+00,0.000000000000000000e+00
2.050392862701714591e+01,0.000000000000000000e+00,0.000000000000000000e+00
1.812852967640291268e+01,0.000000000000000000e+00,0.000000000000000000e+00
2.280894120820268967e+01,0.000000000000000000e+00,0.000000000000000000e+00
1.922353862860958884e+01,0.000000000000000000e+00,0.000000000000000000e+00
2.262517571201298594e+01,0.000000000000000000e+00,0.000000000000000000e+00
2.169660622498747671e+01,0.000000000000000000e+00,0.000000000000000000e+00
1.734118596897978648e+01,0.000000000000000000e+00,0.000000000000000000e+00
1.611124978935441732e+01,0.000000000000000000e+00,0.000000000000000000e+00
2.024398241220337979e+01,0.000000000000000000e+00,0.000000000000000000e+00
1.732378817038602747e+01,0.000000000000000000e+00,0.000000000000000000e+00
2.007068021859915774e+01,0.000000000000000000e+00,0.000000000000000000e+00
2.164677881801014792e+01,0.000000000000000000e+00,0.000000000000000000e+00
2.076820883929806527e+01,0.000000000000000000e+00,0.000000000000000000e+00
2.437247643039451361e+01,0.000000000000000000e+00,0.000000000000000000e+00
2.254409093859380420e+01,0.000000000000000000e+00,0.000000000000000000e+00
2.085315783635384790e+01,0.000000000000000000e+00,0.000000000000000000e+00
2.168991953453961585e+01,0.000000000000000000e+00,0.000000000000000000e+00
2.272133905945805310e+01,0.000000000000000000e+00,0.000000000000000000e+00
2.073677893986057441e+01,0.000000000000000000e+00,0.000000000000000000e+00
2.027435067788146839e+01,0.000000000000000000e+00,0.000000000000000000e+00
2.308533254427773684e+01,0.000000000000000000e+00,0.000000000000000000e+00
2.180058697124177414e+01,0.000000000000000000e+00,0.000000000000000000e+00
1.978813278616947002e+01,0.000000000000000000e+00,0.000000000000000000e+00
2.031286458583107546e+01,0.000000000000000000e+00,0.000000000000000000e+00
1.791665130061237221e+01,0.000000000000000000e+00,0.000000000000000000e+00
1.838516585749006893e+01,0.000000000000000000e+00,0.000000000000000000e+00
1.941925121558135103e+01,0.000000000000000000e+00,0.000000000000000000e+00
2.365012572543270153e+01,0.000000000000000000e+00,0.000000000000000000e+00
2.042404884023375899e+01,0.000000000000000000e+00,0.000000000000000000e+00
2.028160033082669855e+01,0.000000000000000000e+00,0.000000000000000000e+00
2.138565235413598842e+01,0.000000000000000000e+00,0.000000000000000000e+00
2.168159055082639597e+01,0.000000000000000000e+00,0.000000000000000000e+00
1.963035359829922299e+01,0.000000000000000000e+00,0.000000000000000000e+00
1.847881269337825216e+01,0.000000000000000000e+00,0.000000000000000000e+00
2.327125911242528744e+01,0.000000000000000000e+00,0.000000000000000000e+00
2.081017565188593466e+01,0.000000000000000000e+00,0.000000000000000000e+00
1.692197600742806074e+01,0.000000000000000000e+00,0.000000000000000000e+00
2.157564638151342962e+01,0.000000000000000000e+00,0.000000000000000000e+00
1.833975640139427554e+01,0.000000000000000000e+00,0.000000000000000000e+00
1.913663576367273222e+01,0.000000000000000000e+00,0.000000000000000000e+00
2.110290124383069355e+01,0.000000000000000000e+00,0.000000000000000000e+00
2.091157193511899592e+01,0.000000000000000000e+00,0.000000000000000000e+00
2.144983348077288454e+01,0.000000000000000000e+00,0.000000000000000000e+00
2.005924912953934935e+01,0.000000000000000000e+00,0.000000000000000000e+00
1.970614265899928697e+01,0.000000000000000000e+00,0.000000000000000000e+00
1.998356659983788219e+01,0.000000000000000000e+00,0.000000000000000000e+00
2.262639154059128899e+01,0.000000000000000000e+00,0.000000000000000000e+00
1.961719786984767566e+01,0.000000000000000000e+00,0.000000000000000000e+00
2.415346256095541122e+01,0.000000000000000000e+00,0.000000000000000000e+00
1.569830040792810166e+01,0.000000000000000000e+00,0.000000000000000000e+00
2.142330305447398686e+01,0.000000000000000000e+00,0.000000000000000000e+00
1.859400780391634811e+01,0.000000000000000000e+00,0.000000000000000000e+00
2.069092667683127118e+01,0.000000000000000000e+00,0.000000000000000000e+00
2.422950672674282302e+01,0.000000000000000000e+00,0.000000000000000000e+00
2.304729333072572928e+01,0.000000000000000000e+00,0.000000000000000000e+00
1.971224475808201504e+01,0.000000000000000000e+00,0.000000000000000000e+00
2.003913632536380973e+01,0.000000000000000000e+00,0.000000000000000000e+00
2.204849414044446476e+01,0.000000000000000000e+00,0.000000000000000000e+00
2.257864527383870268e+01,0.000000000000000000e+00,0.000000000000000000e+00
1.922989610166030516e+01,0.000000000000000000e+00,0.000000000000000000e+00
2.243245126281245660e+01,0.000000000000000000e+00,0.000000000000000000e+00
2.236362349861710896e+01,0.000000000000000000e+00,0.000000000000000000e+00
2.171287206752563392e+01,0.000000000000000000e+00,0.000000000000000000e+00
1.741369987571421518e+01,0.000000000000000000e+00,0.000000000000000000e+00
2.040187386150702054e+01,0.000000000000000000e+00,0.000000000000000000e+00
1.879616349822971699e+01,0.000000000000000000e+00,0.000000000000000000e+00
2.065209341568219159e+01,0.000000000000000000e+00,0.000000000000000000e+00
1.907191892914103448e+01,0.000000000000000000e+00,0.000000000000000000e+00
1.966192799351956566e+01,0.000000000000000000e+00,0.000000000000000000e+00
2.157290413772653537e+01,0.000000000000000000e+00,0.000000000000000000e+00
2.010425160463653071e+01,0.000000000000000000e+00,0.000000000000000000e+00
2.008696759901658169e+01,0.000000000000000000e+00,0.000000000000000000e+00
2.021967482586415699e+01,0.000000000000000000e+00,0.000000000000000000e+00
1.959773151639107525e+01,0.000000000000000000e+00,0.000000000000000000e+00
2.241189862941630651e+01,0.000000000000000000e+00,0.000000000000000000e+00
1.978975039485475662e+01,0.000000000000000000e+00,0.000000000000000000e+00
1.982654499560932493e+01,0.000000000000000000e+00,0.000000000000000000e+00
1.959292684722424838e+01,0.000000000000000000e+00,0.000000000000000000e+00
2.006745197381010826e+01,0.000000000000000000e+00,0.000000000000000000e+00
1.870095525849622220e+01,0.000000000000000000e+00,0.000000000000000000e+00
1.828285469042582889e+01,0.000000000000000000e+00,0.000000000000000000e+00
2.486291436481885597e+01,0.000000000000000000e+00,0.000000000000000000e+00
2.223351942259160552e+01,0.000000000000000000e+00,0.000000000000000000e+00
2.288830961182041790e+01,0.000000000000000000e+00,0.000000000000000000e+00
1.879492955687851463e+01,0.000000000000000000e+00,0.000000000000000000e+00
2.214120586946356894e+01,0.000000000000000000e+00,0.000000000000000000e+00
2.301621138333950256e+01,0.000000000000000000e+00,0.000000000000000000e+00
2.054532900879024027e+01,0.000000000000000000e+00,0.000000000000000000e+00
2.145455366091793081e+01,0.000000000000000000e+00,0.000000000000000000e+00
1.889074697932867508e+01,0.000000000000000000e+00,0.000000000000000000e+00
2.528380717294405855e+01,0.000000000000000000e+00,0.000000000000000000e+00
1.913983865972886633e+01,0.000000000000000000e+00,0.000000000000000000e+00
2.108742199778048132e+01,0.000000000000000000e+00,0.000000000000000000e+00
2.380846686317450178e+01,0.000000000000000000e+00,0.000000000000000000e+00
2.309749142951675083e+01,0.000000000000000000e+00,0.000000000000000000e+00
2.561640612107564152e+01,0.000000000000000000e+00,0.000000000000000000e+00
2.205087693111268621e+01,0.000000000000000000e+00,0.000000000000000000e+00
2.369702243941514297e+01,0.000000000000000000e+00,0.000000000000000000e+00
2.435375555446540119e+01,0.000000000000000000e+00,0.000000000000000000e+00
2.111642985200059286e+01,0.000000000000000000e+00,0.000000000000000000e+00
2.549147021268894875e+01,0.000000000000000000e+00,0.000000000000000000e+00
2.028364640559226117e+01,0.000000000000000000e+00,0.000000000000000000e+00
1.949430135079084891e+01,0.000000000000000000e+00,0.000000000000000000e+00
2.076048037530291523e+01,0.000000000000000000e+00,0.000000000000000000e+00
2.393646343306976476e+01,0.000000000000000000e+00,0.000000000000000000e+00
2.252708263997233118e+01,0.000000000000000000e+00,0.000000000000000000e+00
2.513103152565204113e+01,0.000000000000000000e+00,0.000000000000000000e+00
2.329275091318807966e+01,0.000000000000000000e+00,0.000000000000000000e+00
2.557802341583236583e+01,0.000000000000000000e+00,0.000000000000000000e+00
2.526481175618214792e+01,0.000000000000000000e+00,0.000000000000000000e+00
1.837826493873469857e+01,0.000000000000000000e+00,0.000000000000000000e+00
1.867806121615084791e+01,0.000000000000000000e+00,0.000000000000000000e+00
2.317517464808284444e+01,0.000000000000000000e+00,0.000000000000000000e+00
2.218978391328078459e+01,0.000000000000000000e+00,0.000000000000000000e+00
2.185314260953548526e+01,0.000000000000000000e+00,0.000000000000000000e+00
2.324675815098398957e+01,0.000000000000000000e+00,0.000000000000000000e+00
2.373943903695590407e+01,0.000000000000000000e+00,0.000000000000000000e+00
2.386389090186571238e+01,0.000000000000000000e+00,0.000000000000000000e+00
2.368280831691818378e+01,0.000000000000000000e+00,0.000000000000000000e+00
2.311214564151343964e+01,0.000000000000000000e+00,0.000000000000000000e+00
2.538741829834219388e+01,0.000000000000000000e+00,0.000000000000000000e+00
2.394082871833512627e+01,0.000000000000000000e+00,0.000000000000000000e+00
1.900284216146597061e+01,0.000000000000000000e+00,0.000000000000000000e+00
2.203280193738703474e+01,0.000000000000000000e+00,0.000000000000000000e+00
2.298033190304149187e+01,0.000000000000000000e+00,0.000000000000000000e+00
2.394501076078139334e+01,0.000000000000000000e+00,0.000000000000000000e+00
2.254351635078106142e+01,0.000000000000000000e+00,0.000000000000000000e+00
2.451247504847647818e+01,0.000000000000000000e+00,0.000000000000000000e+00
2.490209068715305207e+01,0.000000000000000000e+00,0.000000000000000000e+00
2.326433403286388213e+01,0.000000000000000000e+00,0.000000000000000000e+00
2.361369657613109396e+01,0.000000000000000000e+00,0.000000000000000000e+00
2.201457046554341801e+01,0.000000000000000000e+00,0.000000000000000000e+00
2.147243318420494873e+01,0.000000000000000000e+00,0.000000000000000000e+00
2.499818971413236923e+01,0.000000000000000000e+00,0.000000000000000000e+00
2.263988096914632919e+01,0.000000000000000000e+00,0.000000000000000000e+00
2.302997612537281213e+01,0.000000000000000000e+00,0.000000000000000000e+00
2.327999298342760426e+01,0.000000000000000000e+00,0.000000000000000000e+00
2.603822147822501876e+01,0.000000000000000000e+00,0.000000000000000000e+00
2.217741889910361763e+01,0.000000000000000000e+00,0.000000000000000000e+00
2.469302480715469628e+01,0.000000000000000000e+00,0.000000000000000000e+00
2.337636483757761852e+01,0.000000000000000000e+00,0.000000000000000000e+00
2.478967270735607542e+01,0.000000000000000000e+00,0.000000000000000000e+00
2.156097709006554553e+01,0.000000000000000000e+00,0.000000000000000000e+00
2.637929358855659956e+01,0.000000000000000000e+00,0.000000000000000000e+00
2.273999283781308378e+01,0.000000000000000000e+00,0.000000000000000000e+00
2.746079509283087816e+01,0.000000000000000000e+00,0.000000000000000000e+00
2.672966533415295842e+01,0.000000000000000000e+00,0.000000000000000000e+00
2.959496676754618960e+01,0.000000000000000000e+00,0.000000000000000000e+00
2.350527751891943140e+01,0.000000000000000000e+00,0.000000000000000000e+00
1.997523117302480955e+01,0.000000000000000000e+00,0.000000000000000000e+00
1.929680589040151517e+01,0.000000000000000000e+00,0.000000000000000000e+00
2.274331944117882998e+01,0.000000000000000000e+00,0.000000000000000000e+00
2.379139624042195678e+01,0.000000000000000000e+00,0.000000000000000000e+00
2.466130636172618296e+01,0.000000000000000000e+00,0.000000000000000000e+00
2.641086831214109409e+01,0.000000000000000000e+00,0.000000000000000000e+00
2.276046336660028047e+01,0.000000000000000000e+00,0.000000000000000000e+00
2.205892047411733969e+01,0.000000000000000000e+00,0.000000000000000000e+00
2.289987670037466216e+01,0.000000000000000000e+00,0.000000000000000000e+00
2.252881215448581287e+01,0.000000000000000000e+00,0.000000000000000000e+00
2.180559821641857710e+01,0.000000000000000000e+00,0.000000000000000000e+00
2.307479932893415864e+01,0.000000000000000000e+00,0.000000000000000000e+00
2.472606977042243770e+01,0.000000000000000000e+00,0.000000000000000000e+00
2.445290127443900374e+01,0.000000000000000000e+00,0.000000000000000000e+00
2.226367664524238421e+01,0.000000000000000000e+00,0.000000000000000000e+00
2.464541789648619030e+01,0.000000000000000000e+00,0.000000000000000000e+00
2.465483438586439746e+01,0.000000000000000000e+00,0.000000000000000000e+00
2.477296161423194221e+01,0.000000000000000000e+00,0.000000000000000000e+00
2.464328865851812367e+01,0.000000000000000000e+00,0.000000000000000000e+00
2.366762628130279467e+01,0.000000000000000000e+00,0.000000000000000000e+00
2.226260475911423953e+01,0.000000000000000000e+00,0.000000000000000000e+00
2.746458713706358168e+01,0.000000000000000000e+00,0.000000000000000000e+00
2.460455511590309996e+01,0.000000000000000000e+00,0.000000000000000000e+00
2.147983090726073740e+01,0.000000000000000000e+00,0.000000000000000000e+00
2.531063200144809500e+01,0.000000000000000000e+00,0.000000000000000000e+00
2.175806618230014777e+01,0.000000000000000000e+00,0.000000000000000000e+00
2.414335998776838466e+01,0.000000000000000000e+00,0.000000000000000000e+00
2.564582481373186340e+01,0.000000000000000000e+00,0.000000000000000000e+00
2.608454039598571228e+01,0.000000000000000000e+00,0.000000000000000000e+00
2.354562486000577337e+01,0.000000000000000000e+00,0.000000000000000000e+00
2.557188648396889974e+01,0.000000000000000000e+00,0.000000000000000000e+00
2.664141213928300544e+01,0.000000000000000000e+00,0.000000000000000000e+00
2.370295836207425566e+01,0.000000000000000000e+00,0.000000000000000000e+00
2.564492478177093915e+01,0.000000000000000000e+00,0.000000000000000000e+00
2.524257390837424708e+01,0.000000000000000000e+00,0.000000000000000000e+00
2.406428689832855738e+01,0.000000000000000000e+00,0.000000000000000000e+00
2.763645611386434098e+01,0.000000000000000000e+00,0.000000000000000000e+00
2.533382622801088147e+01,0.000000000000000000e+00,0.000000000000000000e+00
2.490550368142716309e+01,0.000000000000000000e+00,0.000000000000000000e+00
2.349625829272700983e+01,0.000000000000000000e+00,0.000000000000000000e+00
2.728943231908023748e+01,0.000000000000000000e+00,0.000000000000000000e+00
2.571698598211053977e+01,0.000000000000000000e+00,0.000000000000000000e+00
2.872967250840449083e+01,0.000000000000000000e+00,0.000000000000000000e+00
2.457863757381868552e+01,0.000000000000000000e+00,0.000000000000000000e+00
2.673912309044633062e+01,0.000000000000000000e+00,0.000000000000000000e+00
2.863536631872262817e+01,0.000000000000000000e+00,0.000000000000000000e+00
2.811187855653091461e+01,0.000000000000000000e+00,0.000000000000000000e+00
2.975284007365996430e+01,0.000000000000000000e+00,0.000000000000000000e+00
2.595102070852065168e+01,0.000000000000000000e+00,0.000000000000000000e+00
2.764400163551017187e+01,0.000000000000000000e+00,0.000000000000000000e+00
2.432072507099974956e+01,0.000000000000000000e+00,0.000000000000000000e+00
2.828983766340201811e+01,0.000000000000000000e+00,0.000000000000000000e+00
2.502015046350931016e+01,0.000000000000000000e+00,0.000000000000000000e+00
2.850768622064840585e+01,0.000000000000000000e+00,0.000000000000000000e+00
2.828632589958643706e+01,0.000000000000000000e+00,0.000000000000000000e+00
2.889244165249578700e+01,0.000000000000000000e+00,0.000000000000000000e+00
2.486427289906076510e+01,0.000000000000000000e+00,0.000000000000000000e+00
2.899122011904664475e+01,0.000000000000000000e+00,0.000000000000000000e+00
2.636859181210458658e+01,0.000000000000000000e+00,0.000000000000000000e+00
2.618728733381945872e+01,0.000000000000000000e+00,0.000000000000000000e+00
2.436061831038589176e+01,0.000000000000000000e+00,0.000000000000000000e+00
2.780755877711759894e+01,0.000000000000000000e+00,0.000000000000000000e+00
2.746852009618863732e+01,0.000000000000000000e+00,0.000000000000000000e+00
2.652534146714385344e+01,0.000000000000000000e+00,0.000000000000000000e+00
2.729438569761113342e+01,0.000000000000000000e+00,0.000000000000000000e+00
3.150326343604672985e+01,0.000000000000000000e+00,0.000000000000000000e+00
2.836216666940957154e+01,0.000000000000000000e+00,0.000000000000000000e+00
2.696366437926436177e+01,0.000000000000000000e+00,0.000000000000000000e+00
2.744721718407619093e+01,0.000000000000000000e+00,0.000000000000000000e+00
2.709246545235600223e+01,0.000000000000000000e+00,0.000000000000000000e+00
2.894818591219998893e+01,0.000000000000000000e+00,0.000000000000000000e+00
2.927561793478798791e+01,0.000000000000000000e+00,0.000000000000000000e+00
2.806953786436208276e+01,0.000000000000000000e+00,0.000000000000000000e+00
2.807988850466482589e+01,0.000000000000000000e+00,0.000000000000000000e+00
3.173266246251839462e+01,0.000000000000000000e+00,0.000000000000000000e+00
2.949449535443602954e+01,0.000000000000000000e+00,0.000000000000000000e+00
2.676080444275734038e+01,0.000000000000000000e+00,0.000000000000000000e+00
2.611667392901093621e+01,0.000000000000000000e+00,0.000000000000000000e+00
2.493170379456134356e+01,0.000000000000000000e+00,0.000000000000000000e+00
2.767909299994582284e+01,0.000000000000000000e+00,0.000000000000000000e+00
2.877936023822925549e+01,0.000000000000000000e+00,0.000000000000000000e+00
3.032617486672132401e+01,0.000000000000000000e+00,0.000000000000000000e+00
2.648318276696163309e+01,0.000000000000000000e+00,0.000000000000000000e+00
2.593584383223334910e+01,0.000000000000000000e+00,0.000000000000000000e+00
2.927324893391548954e+01,0.000000000000000000e+00,0.000000000000000000e+00
2.195270829390229039e+01,0.000000000000000000e+00,0.000000000000000000e+00
2.754682638256459626e+01,0.000000000000000000e+00,0.000000000000000000e+00
2.574839402390779242e+01,0.000000000000000000e+00,0.000000000000000000e+00
2.749565591571496270e+01,0.000000000000000000e+00,0.000000000000000000e+00
2.907470292786300803e+01,0.000000000000000000e+00,0.000000000000000000e+00
2.665070758266313078e+01,0.000000000000000000e+00,0.000000000000000000e+00
2.732238822327797223e+01,0.000000000000000000e+00,0.000000000000000000e+00
2.686567907294145741e+01,0.000000000000000000e+00,0.000000000000000000e+00
3.373595688749850297e+01,0.000000000000000000e+00,0.000000000000000000e+00
2.718257518268676876e+01,0.000000000000000000e+00,0.000000000000000000e+00
3.017682513980447823e+01,0.000000000000000000e+00,0.000000000000000000e+00
2.851608642954408879e+01,0.000000000000000000e+00,0.000000000000000000e+00
2.886966202398690839e+01,0.000000000000000000e+00,0.000000000000000000e+00
2.937396461292356520e+01,0.000000000000000000e+00,0.000000000000000000e+00
2.575371348932761251e+01,0.000000000000000000e+00,0.000000000000000000e+00
2.955520985180717730e+01,0.000000000000000000e+00,0.000000000000000000e+00
2.581732476372808804e+01,0.000000000000000000e+00,0.000000000000000000e+00
2.835772877808142667e+01,0.000000000000000000e+00,0.000000000000000000e+00
2.990384233741476550e+01,0.000000000000000000e+00,0.000000000000000000e+00
2.993838889896572653e+01,0.000000000000000000e+00,0.000000000000000000e+00
2.984592544761624566e+01,0.000000000000000000e+00,0.000000000000000000e+00
2.978309410656432021e+01,0.000000000000000000e+00,0.000000000000000000e+00
2.982573306608631114e+01,0.000000000000000000e+00,0.000000000000000000e+00
2.839830076085979016e+01,0.000000000000000000e+00,0.000000000000000000e+00
2.954428002293997935e+01,0.000000000000000000e+00,0.000000000000000000e+00
3.081527892191092732e+01,0.000000000000000000e+00,0.000000000000000000e+00
2.606773044697562014e+01,0.000000000000000000e+00,0.000000000000000000e+00
2.606642726700231805e+01,0.000000000000000000e+00,0.000000000000000000e+00
2.981728116128987338e+01,0.000000000000000000e+00,0.000000000000000000e+00
3.153444724604806737e+01,0.000000000000000000e+00,0.000000000000000000e+00
2.691503005638864465e+01,0.000000000000000000e+00,0.000000000000000000e+00
2.882109410985211895e+01,0.000000000000000000e+00,0.000000000000000000e+00
3.276174660980596798e+01,0.000000000000000000e+00,0.000000000000000000e+00
2.835788403938408209e+01,0.000000000000000000e+00,0.000000000000000000e+00
3.328649417343314099e+01,0.000000000000000000e+00,0.000000000000000000e+00
3.136475357292192001e+01,0.000000000000000000e+00,0.000000000000000000e+00
3.054966986420521025e+01,0.000000000000000000e+00,0.000000000000000000e+00
2.612820240900591884e+01,0.000000000000000000e+00,0.000000000000000000e+00
3.504094451818899358e+01,0.000000000000000000e+00,0.000000000000000000e+00
3.182122642349986563e+01,0.000000000000000000e+00,0.000000000000000000e+00
2.865707080984677901e+01,0.000000000000000000e+00,0.000000000000000000e+00
3.044527495241214865e+01,0.000000000000000000e+00,0.000000000000000000e+00
2.685186297196621297e+01,0.000000000000000000e+00,0.000000000000000000e+00
2.951845484872027114e+01,0.000000000000000000e+00,0.000000000000000000e+00
2.825034889257989690e+01,0.000000000000000000e+00,0.000000000000000000e+00
2.987343790242314157e+01,0.000000000000000000e+00,0.000000000000000000e+00
3.130280623525569794e+01,0.000000000000000000e+00,0.000000000000000000e+00
2.845849262000332303e+01,0.000000000000000000e+00,0.000000000000000000e+00
3.126089446271755534e+01,0.000000000000000000e+00,0.000000000000000000e+00
3.113458625158171955e+01,0.000000000000000000e+00,0.000000000000000000e+00
2.786025233773680299e+01,0.000000000000000000e+00,0.000000000000000000e+00
2.952132670001036985e+01,0.000000000000000000e+00,0.000000000000000000e+00
2.978182800999156044e+01,0.000000000000000000e+00,0.000000000000000000e+00
3.114652302584617871e+01,0.000000000000000000e+00,0.000000000000000000e+00
3.184250033700146432e+01,0.000000000000000000e+00,0.000000000000000000e+00
3.152516010696701798e+01,0.000000000000000000e+00,0.000000000000000000e+00
3.086145202383137942e+01,0.000000000000000000e+00,0.000000000000000000e+00
3.324327844305574331e+01,0.000000000000000000e+00,0.000000000000000000e+00
2.842953453261844388e+01,0.000000000000000000e+00,0.000000000000000000e+00
3.040196409495655061e+01,0.000000000000000000e+00,0.000000000000000000e+00
3.000746773883063412e+01,0.000000000000000000e+00,0.000000000000000000e+00
3.403556402167573935e+01,0.000000000000000000e+00,0.000000000000000000e+00
3.283440559164284878e+01,0.000000000000000000e+00,0.000000000000000000e+00
3.255058633190993334e+01,0.000000000000000000e+00,0.000000000000000000e+00
3.301361580674953444e+01,0.000000000000000000e+00,0.000000000000000000e+00
2.808337268761286509e+01,0.000000000000000000e+00,0.000000000000000000e+00
3.170897473064553296e+01,0.000000000000000000e+00,0.000000000000000000e+00
3.141101481134645823e+01,0.000000000000000000e+00,0.000000000000000000e+00
2.875185534457598635e+01,0.000000000000000000e+00,0.000000000000000000e+00
3.108963353278038966e+01,0.000000000000000000e+00,0.000000000000000000e+00
2.910991342482527955e+01,0.000000000000000000e+00,0.000000000000000000e+00
2.953713708005096450e+01,0.000000000000000000e+00,0.000000000000000000e+00
3.438770426190531992e+01,0.000000000000000000e+00,0.000000000000000000e+00
3.545721553986036412e+01,0.000000000000000000e+00,0.000000000000000000e+00
3.047121800485256671e+01,0.000000000000000000e+00,0.000000000000000000e+00
3.318078995882238758e+01,0.000000000000000000e+00,0.000000000000000000e+00
3.215265067796937615e+01,0.000000000000000000e+00,0.000000000000000000e+00
3.434436449125784918e+01,0.000000000000000000e+00,0.000000000000000000e+00
3.331839424557708895e+01,0.000000000000000000e+00,0.000000000000000000e+00
3.593185680083531253e+01,0.000000000000000000e+00,0.000000000000000000e+00
3.230378488690113414e+01,0.000000000000000000e+00,0.000000000000000000e+00
3.111160349383572665e+01,0.000000000000000000e+00,0.000000000000000000e+00
3.185695577387467736e+01,0.000000000000000000e+00,0.000000000000000000e+00
3.171497256129554643e+01,0.000000000000000000e+00,0.000000000000000000e+00
3.446216390506429406e+01,0.000000000000000000e+00,0.000000000000000000e+00
3.443017084434564623e+01,0.000000000000000000e+00,0.000000000000000000e+00
3.302369962526045555e+01,0.000000000000000000e+00,0.000000000000000000e+00
3.265329003147244435e+01,0.000000000000000000e+00,0.000000000000000000e+00
3.181663446172735021e+01,0.000000000000000000e+00,0.000000000000000000e+00
3.357186826267333402e+01,0.000000000000000000e+00,0.000000000000000000e+00
3.341337218711691293e+01,0.000000000000000000e+00,0.000000000000000000e+00
3.361596066165686381e+01,0.000000000000000000e+00,0.000000000000000000e+00
3.309681304699982718e+01,0.000000000000000000e+00,0.000000000000000000e+00
3.489143638995024332e+01,0.000000000000000000e+00,0.000000000000000000e+00
2.976840311795398719e+01,0.000000000000000000e+00,0.000000000000000000e+00
3.328530935463967211e+01,0.000000000000000000e+00,0.000000000000000000e+00
3.174447834530550594e+01,0.000000000000000000e+00,0.000000000000000000e+00
3.142527787168657483e+01,0.000000000000000000e+00,0.000000000000000000e+00
3.739419060473004919e+01,0.000000000000000000e+00,0.000000000000000000e+00
3.287546145254518137e+01,0.000000000000000000e+00,0.000000000000000000e+00
3.253881216633480733e+01,0.000000000000000000e+00,0.000000000000000000e+00
3.376504131708687595e+01,0.000000000000000000e+00,0.000000000000000000e+00
3.617700112954602787e+01,0.000000000000000000e+00,0.000000000000000000e+00
3.299903056723635331e+01,0.000000000000000000e+00,0.000000000000000000e+00
3.168089427579820949e+01,0.000000000000000000e+00,0.000000000000000000e+00
3.282208412494139793e+01,0.000000000000000000e+00,0.000000000000000000e+00
3.149037066001664087e+01,0.000000000000000000e+00,0.000000000000000000e+00
3.114690914700148028e+01,0.000000000000000000e+00,0.000000000000000000e+00
3.410455768174409741e+01,0.000000000000000000e+00,0.000000000000000000e+00
3.477784538122601532e+01,0.000000000000000000e+00,0.000000000000000000e+00
3.670464736858680510e+01,0.000000000000000000e+00,0.000000000000000000e+00
3.715443458063404591e+01,0.000000000000000000e+00,0.000000000000000000e+00
3.786799898312017376e+01,0.000000000000000000e+00,0.000000000000000000e+00
3.481121320499642735e+01,0.000000000000000000e+00,0.000000000000000000e+00
3.454950429224953012e+01,0.000000000000000000e+00,0.000000000000000000e+00
3.508775902826033644e+01,0.000000000000000000e+00,0.000000000000000000e+00
3.683610122376003204e+01,0.000000000000000000e+00,0.000000000000000000e+00
3.339595322072112538e+01,0.000000000000000000e+00,0.000000000000000000e+00
3.303037976861503466e+01,0.000000000000000000e+00,0.000000000000000000e+00
3.597810836711729365e+01,0.000000000000000000e+00,0.000000000000000000e+00
3.475798084353984763e+01,0.000000000000000000e+00,0.000000000000000000e+00
3.433967430486642769e+01,0.000000000000000000e+00,0.000000000000000000e+00
3.620811798351964228e+01,0.000000000000000000e+00,0.000000000000000000e+00
3.383925694372531723e+01,0.000000000000000000e+00,0.000000000000000000e+00
3.551858719092847139e+01,0.000000000000000000e+00,0.000000000000000000e+00
3.481750491965897965e+01,0.000000000000000000e+00,0.000000000000000000e+00
3.518428933754470478e+01,0.000000000000000000e+00,0.000000000000000000e+00
3.321964292269463215e+01,0.000000000000000000e+00,0.000000000000000000e+00
3.686310371075352066e+01,0.000000000000000000e+00,0.000000000000000000e+00
3.668171664731310244e+01,0.000000000000000000e+00,0.000000000000000000e+00
3.756248891102538323e+01,0.000000000000000000e+00,0.000000000000000000e+00
4.007338102926648560e+01,0.000000000000000000e+00,0.000000000000000000e+00
3.640962649917184990e+01,0.000000000000000000e+00,0.000000000000000000e+00
3.682895850615669531e+01,0.000000000000000000e+00,0.000000000000000000e+00
3.200378975348490940e+01,0.000000000000000000e+00,0.000000000000000000e+00
3.697741042299451664e+01,0.000000000000000000e+00,0.000000000000000000e+00
3.399358068770894192e+01,0.000000000000000000e+00,0.000000000000000000e+00
3.647310757503488077e+01,0.000000000000000000e+00,0.000000000000000000e+00
3.628880892369692646e+01,0.000000000000000000e+00,0.000000000000000000e+00
3.398113159768828950e+01,0.000000000000000000e+00,0.000000000000000000e+00
4.268536829654700426e+01,0.000000000000000000e+00,0.000000000000000000e+00
3.790604087774187292e+01,0.000000000000000000e+00,0.000000000000000000e+00
3.731649773062819264e+01,0.000000000000000000e+00,0.000000000000000000e+00
3.683379592348544662e+01,0.000000000000000000e+00,0.000000000000000000e+00
3.507355324555641829e+01,0.000000000000000000e+00,0.000000000000000000e+00
3.821816462479731058e+01,0.000000000000000000e+00,0.000000000000000000e+00
3.800226812230028628e+01,0.000000000000000000e+00,0.000000000000000000e+00
3.547015682847145257e+01,0.000000000000000000e+00,0.000000000000000000e+00
3.819016695427238517e+01,0.000000000000000000e+00,0.000000000000000000e+00
3.829006569130810789e+01,0.000000000000000000e+00,0.000000000000000000e+00
3.630714715857023123e+01,0.000000000000000000e+00,0.000000000000000000e+00
3.892029034536645327e+01,0.000000000000000000e+00,0.000000000000000000e+00
3.954192927627008203e+01,0.000000000000000000e+00,0.000000000000000000e+00
3.864612801348366844e+01,0.000000000000000000e+00,0.000000000000000000e+00
3.800211576549995840e+01,0.000000000000000000e+00,0.000000000000000000e+00
3.507807061348151478e+01,0.000000000000000000e+00,0.000000000000000000e+00
3.473409075359655418e+01,0.000000000000000000e+00,0.000000000000000000e+00
3.930508639091386414e+01,0.000000000000000000e+00,0.000000000000000000e+00
3.738353098981318112e+01,0.000000000000000000e+00,0.000000000000000000e+00
3.874070536700074285e+01,0.000000000000000000e+00,0.000000000000000000e+00
4.083747707012589956e+01,0.000000000000000000e+00,0.000000000000000000e+00
4.141179599492785002e+01,0.000000000000000000e+00,0.000000000000000000e+00
4.129189868750553671e+01,0.000000000000000000e+00,0.000000000000000000e+00
3.966064650708472783e+01,0.000000000000000000e+00,0.000000000000000000e+00
3.829851706082878593e+01,0.000000000000000000e+00,0.000000000000000000e+00
3.888628830967311245e+01,0.000000000000000000e+00,0.000000000000000000e+00
4.210219682708807198e+01,0.000000000000000000e+00,0.000000000000000000e+00
3.820677611719986544e+01,0.000000000000000000e+00,0.000000000000000000e+00
3.811423580560846602e+01,0.000000000000000000e+00,0.000000000000000000e+00
3.928305657727079847e+01,0.000000000000000000e+00,0.000000000000000000e+00
3.650005276576445823e+01,0.000000000000000000e+00,0.000000000000000000e+00
4.060893551821936143e+01,0.000000000000000000e+00,0.000000000000000000e+00
4.098757554530766356e+01,0.000000000000000000e+00,0.000000000000000000e+00
3.787917444030060210e+01,0.000000000000000000e+00,0.000000000000000000e+00
3.932181202367326733e+01,0.000000000000000000e+00,0.000000000000000000e+00
3.924513943909666125e+01,0.000000000000000000e+00,0.000000000000000000e+00
3.971302760190368986e+01,0.000000000000000000e+00,0.000000000000000000e+00
4.178284409548804490e+01,0.000000000000000000e+00,0.000000000000000000e+00
3.918484053220117858e+01,0.000000000000000000e+00,0.000000000000000000e+00
3.846903763930180276e+01,0.000000000000000000e+00,0.000000000000000000e+00
4.203083089036363873e+01,0.000000000000000000e+00,0.000000000000000000e+00
3.964691777158566310e+01,0.000000000000000000e+00,0.000000000000000000e+00
4.392180626763204287e+01,0.000000000000000000e+00,0.000000000000000000e+00
4.133937682298213900e+01,0.000000000000000000e+00,0.000000000000000000e+00
4.253528739458269570e+01,0.000000000000000000e+00,0.000000000000000000e+00
3.831654200688488743e+01,0.000000000000000000e+00,0.000000000000000000e+00
4.105746572779893455e+01,0.000000000000000000e+00,0.000000000000000000e+00
4.022561572101037797e+01,0.000000000000000000e+00,0.000000000000000000e+00
4.351278693285938459e+01,0.000000000000000000e+00,0.000000000000000000e+00
4.369677791310709836e+01,0.000000000000000000e+00,0.000000000000000000e+00
3.643001051395024348e+01,0.000000000000000000e+00,0.000000000000000000e+00
3.873038373690935998e+01,0.000000000000000000e+00,0.000000000000000000e+00
4.138912504337485387e+01,0.000000000000000000e+00,0.000000000000000000e+00
3.814447262986929843e+01,0.000000000000000000e+00,0.000000000000000000e+00
3.894813138251871010e+01,0.000000000000000000e+00,0.000000000000000000e+00
4.192088850172372361e+01,0.000000000000000000e+00,0.000000000000000000e+00
3.894525792424931154e+01,0.000000000000000000e+00,0.000000000000000000e+00
4.199096428103219125e+01,0.000000000000000000e+00,0.000000000000000000e+00
4.286003318078191882e+01,0.000000000000000000e+00,0.000000000000000000e+00
4.007128214270136368e+01,0.000000000000000000e+00,0.000000000000000000e+00
3.786573882850556316e+01,0.000000000000000000e+00,0.000000000000000000e+00
4.093763849739738703e+01,0.000000000000000000e+00,0.000000000000000000e+00
4.073190924947340363e+01,0.000000000000000000e+00,0.000000000000000000e+00
3.887772554035331751e+01,0.000000000000000000e+00,0.000000000000000000e+00
4.171268280267966588e+01,0.000000000000000000e+00,0.000000000000000000e+00
3.974998602940604542e+01,0.000000000000000000e+00,0.000000000000000000e+00
3.906309609555168549e+01,0.000000000000000000e+00,0.000000000000000000e+00
4.442511192658851371e+01,0.000000000000000000e+00,0.000000000000000000e+00
4.261099285157643379e+01,0.000000000000000000e+00,0.000000000000000000e+00
3.921522087329007888e+01,0.000000000000000000e+00,0.000000000000000000e+00
4.343529331561197182e+01,0.000000000000000000e+00,0.000000000000000000e+00
4.271511909906708127e+01,0.000000000000000000e+00,0.000000000000000000e+00
4.336265575969630248e+01,0.000000000000000000e+00,0.000000000000000000e+00
4.098934355722806799e+01,0.000000000000000000e+00,0.000000000000000000e+00
4.293608015866295347e+01,0.000000000000000000e+00,0.000000000000000000e+00
4.394507977049995873e+01,0.000000000000000000e+00,0.000000000000000000e+00
4.141608557187947071e+01,0.000000000000000000e+00,0.000000000000000000e+00
4.194052119933677147e+01,0.000000000000000000e+00,0.000000000000000000e+00
3.898493559062320202e+01,0.000000000000000000e+00,0.000000000000000000e+00
4.275987439305056625e+01,0.000000000000000000e+00,0.000000000000000000e+00
4.258007097626605741e+01,0.000000000000000000e+00,0.000000000000000000e+00
4.387739041733577494e+01,0.000000000000000000e+00,0.000000000000000000e+00
4.324671920219185495e+01,0.000000000000000000e+00,0.000000000000000000e+00
4.273091131742972237e+01,0.000000000000000000e+00,0.000000000000000000e+00
4.471863723012668146e+01,0.000000000000000000e+00,0.000000000000000000e+00
4.488936567335758809e+01,0.000000000000000000e+00,0.000000000000000000e+00
4.862993128207512683e+01,0.000000000000000000e+00,0.000000000000000000e+00
4.021282506392329026e+01,0.000000000000000000e+00,0.000000000000000000e+00
4.061219337050211209e+01,0.000000000000000000e+00,0.000000000000000000e+00
4.033176074963311919e+01,0.000000000000000000e+00,0.000000000000000000e+00
4.687980183449422356e+01,0.000000000000000000e+00,0.000000000000000000e+00
4.290354841098666583e+01,0.000000000000000000e+00,0.000000000000000000e+00
4.581753963133338203e+01,0.000000000000000000e+00,0.000000000000000000e+00
4.389399667809225747e+01,0.000000000000000000e+00,0.000000000000000000e+00
4.349785108056634897e+01,0.000000000000000000e+00,0.000000000000000000e+00
4.700802297942108510e+01,0.000000000000000000e+00,0.000000000000000000e+00
4.362435300798515669e+01,0.000000000000000000e+00,0.000000000000000000e+00
4.208446863648288172e+01,0.000000000000000000e+00,0.000000000000000000e+00
4.170097442629385398e+01,0.000000000000000000e+00,0.000000000000000000e+00
4.180654251708029534e+01,0.000000000000000000e+00,0.000000000000000000e+00
4.457687744753481951e+01,0.000000000000000000e+00,0.000000000000000000e+00
4.632060934465400948e+01,0.000000000000000000e+00,0.000000000000000000e+00
4.464608906405058519e+01,0.000000000000000000e+00,0.000000000000000000e+00
4.170805904244248552e+01,0.000000000000000000e+00,0.000000000000000000e+00
4.559209858399691484e+01,0.000000000000000000e+00,0.000000000000000000e+00
4.051325557923096454e+01,0.000000000000000000e+00,0.000000000000000000e+00
4.403761553066406265e+01,0.000000000000000000e+00,0.000000000000000000e+00
4.513229636720760851e+01,0.000000000000000000e+00,0.000000000000000000e+00
4.510459339424673431e+01,0.000000000000000000e+00,0.000000000000000000e+00
4.704832619597426913e+01,0.000000000000000000e+00,0.000000000000000000e+00
4.235315923634073698e+01,0.000000000000000000e+00,0.000000000000000000e+00
4.938455746146377123e+01,0.000000000000000000e+00,0.000000000000000000e+00
4.191255973026441239e+01,0.000000000000000000e+00,0.000000000000000000e+00
4.482629184363194952e+01,0.000000000000000000e+00,0.000000000000000000e+00
4.561846729849083459e+01,0.000000000000000000e+00,0.000000000000000000e+00
4.775875050471444894e+01,0.000000000000000000e+00,0.000000000000000000e+00
4.618378506271216111e+01,0.000000000000000000e+00,0.000000000000000000e+00
4.564303520896051936e+01,0.000000000000000000e+00,0.000000000000000000e+00
4.702119889838551359e+01,0.000000000000000000e+00,0.000000000000000000e+00
4.761068471665988966e+01,0.000000000000000000e+00,0.000000000000000000e+00
4.703501736218711926e+01,0.000000000000000000e+00,0.000000000000000000e+00
4.391062504177170212e+01,0.000000000000000000e+00,0.000000000000000000e+00
4.415244450549435129e+01,0.000000000000000000e+00,0.000000000000000000e+00
4.884189746055769632e+01,0.000000000000000000e+00,0.000000000000000000e+00
4.790603365878290987e+01,0.000000000000000000e+00,0.000000000000000000e+00
5.003571995359243374e+01,0.000000000000000000e+00,0.000000000000000000e+00
4.829233963882877134e+01,0.000000000000000000e+00,0.000000000000000000e+00
4.621590426101148807e+01,0.000000000000000000e+00,0.000000000000000000e+00
4.661448725791795056e+01,0.000000000000000000e+00,0.000000000000000000e+00
4.541246461721151917e+01,0.000000000000000000e+00,0.000000000000000000e+00
4.694060637640697564e+01,0.000000000000000000e+00,0.000000000000000000e+00
4.523221274632930289e+01,0.000000000000000000e+00,0.000000000000000000e+00
4.753911043125544467e+01,0.000000000000000000e+00,0.000000000000000000e+00
4.287035032574478777e+01,0.000000000000000000e+00,0.000000000000000000e+00
4.671127125642944833e+01,0.000000000000000000e+00,0.000000000000000000e+00
5.293385848307856634e+01,0.000000000000000000e+00,0.000000000000000000e+00
5.030287504165551127e+01,0.000000000000000000e+00,0.000000000000000000e+00
4.960737621512581796e+01,0.000000000000000000e+00,0.000000000000000000e+00
4.805566203028850225e+01,0.000000000000000000e+00,0.000000000000000000e+00
4.449342849338065520e+01,0.000000000000000000e+00,0.000000000000000000e+00
4.325327152984976209e+01,0.000000000000000000e+00,0.000000000000000000e+00
4.857176038900377790e+01,0.000000000000000000e+00,0.000000000000000000e+00
4.547247858382306163e+01,0.000000000000000000e+00,0.000000000000000000e+00
4.628505293559095435e+01,0.000000000000000000e+00,0.000000000000000000e+00
4.909187605283207034e+01,0.000000000000000000e+00,0.000000000000000000e+00
4.469278906203169299e+01,0.000000000000000000e+00,0.000000000000000000e+00
4.843724058718098036e+01,0.000000000000000000e+00,0.000000000000000000e+00
4.846473052336693144e+01,0.000000000000000000e+00,0.000000000000000000e+00
5.269565778177188520e+01,0.000000000000000000e+00,0.000000000000000000e+00
4.566676390294183818e+01,0.000000000000000000e+00,0.000000000000000000e+00
4.742660870773048742e+01,0.000000000000000000e+00,0.000000000000000000e+00
4.951190656736567774e+01,0.000000000000000000e+00,0.000000000000000000e+00
4.957104682886838987e+01,0.000000000000000000e+00,0.000000000000000000e+00
4.739148772679180155e+01,0.000000000000000000e+00,0.000000000000000000e+00
4.957994461199805869e+01,0.000000000000000000e+00,0.000000000000000000e+00
5.094056423807500522e+01,0.000000000000000000e+00,0.000000000000000000e+00
4.698674627740787457e+01,0.000000000000000000e+00,0.000000000000000000e+00
4.801546080898935287e+01,0.000000000000000000e+00,0.000000000000000000e+00
5.373418866107333969e+01,0.000000000000000000e+00,0.000000000000000000e+00
4.815593824328948358e+01,0.000000000000000000e+00,0.000000000000000000e+00
4.885802086384230591e+01,0.000000000000000000e+00,0.000000000000000000e+00
5.210782984620722402e+01,0.000000000000000000e+00,0.000000000000000000e+00
5.050711210569473764e+01,0.000000000000000000e+00,0.000000000000000000e+00
5.274043789033296292e+01,0.000000000000000000e+00,0.000000000000000000e+00
4.644201826841049296e+01,0.000000000000000000e+00,0.000000000000000000e+00
5.192022750991597491e+01,0.000000000000000000e+00,0.000000000000000000e+00
5.004976159336054309e+01,0.000000000000000000e+00,0.000000000000000000e+00
5.067297703624065264e+01,0.000000000000000000e+00,0.000000000000000000e+00
4.926175651950106271e+01,0.000000000000000000e+00,0.000000000000000000e+00
5.123658675305723875e+01,0.000000000000000000e+00,0.000000000000000000e+00
4.909818080107113758e+01,0.000000000000000000e+00,0.000000000000000000e+00
5.231052903240383500e+01,0.000000000000000000e+00,0.000000000000000000e+00
4.949167770077306017e+01,0.000000000000000000e+00,0.000000000000000000e+00
4.986811081024362124e+01,0.000000000000000000e+00,0.000000000000000000e+00
4.998933739050273317e+01,0.000000000000000000e+00,0.000000000000000000e+00
5.103452972955099654e+01,0.000000000000000000e+00,0.000000000000000000e+00
5.197762866126065262e+01,0.000000000000000000e+00,0.000000000000000000e+00
5.231065605703659571e+01,0.000000000000000000e+00,0.000000000000000000e+00
4.832284279590486875e+01,0.000000000000000000e+00,0.000000000000000000e+00
4.953678087002139563e+01,0.000000000000000000e+00,0.000000000000000000e+00
5.027812413881488141e+01,0.000000000000000000e+00,0.000000000000000000e+00
5.163352007867180760e+01,0.000000000000000000e+00,0.000000000000000000e+00
5.036478909338276111e+01,0.000000000000000000e+00,0.000000000000000000e+00
5.096173245445541511e+01,0.000000000000000000e+00,0.000000000000000000e+00
5.374645462787360373e+01,0.000000000000000000e+00,0.000000000000000000e+00
5.257244185422887028e+01,0.000000000000000000e+00,0.000000000000000000e+00
5.294979615652209759e+01,0.000000000000000000e+00,0.000000000000000000e+00
5.551561389146976921e+01,0.000000000000000000e+00,0.000000000000000000e+00
5.632984027388857839e+01,0.000000000000000000e+00,0.000000000000000000e+00
5.132950422954747438e+01,0.000000000000000000e+00,0.000000000000000000e+00
4.801134024801167044e+01,0.000000000000000000e+00,0.000000000000000000e+00
5.306578289689638694e+01,0.000000000000000000e+00,0.000000000000000000e+00
5.326031741649062923e+01,0.000000000000000000e+00,0.000000000000000000e+00
5.161336189885899017e+01,0.000000000000000000e+00,0.000000000000000000e+00
5.088930046028943366e+01,0.000000000000000000e+00,0.000000000000000000e+00
5.339484027913482578e+01,0.000000000000000000e+00,0.000000000000000000e+00
5.113587494415351387e+01,0.000000000000000000e+00,0.000000000000000000e+00
5.006964579086217526e+01,0.000000000000000000e+00,0.000000000000000000e+00
5.570405935277956644e+01,0.000000000000000000e+00,0.000000000000000000e+00
5.141960144724735216e+01,0.000000000000000000e+00,0.000000000000000000e+00
5.095343295105077885e+01,0.000000000000000000e+00,0.000000000000000000e+00
5.337207351397636046e+01,0.000000000000000000e+00,0.000000000000000000e+00
5.598786647112851966e+01,0.000000000000000000e+00,0.000000000000000000e+00
5.506266688037786849e+01,0.000000000000000000e+00,0.000000000000000000e+00
5.314907291302476011e+01,0.000000000000000000e+00,0.000000000000000000e+00
5.394184373501263963e+01,0.000000000000000000e+00,0.000000000000000000e+00
5.087235949181970796e+01,0.000000000000000000e+00,0.000000000000000000e+00
5.083381903690667514e+01,0.000000000000000000e+00,0.000000000000000000e+00
5.519421431609866602e+01,0.000000000000000000e+00,0.000000000000000000e+00
5.558277597079342058e+01,0.000000000000000000e+00,0.000000000000000000e+00
5.871736555864291063e+01,0.000000000000000000e+00,0.000000000000000000e+00
5.503534011213910304e+01,0.000000000000000000e+00,0.000000000000000000e+00
5.424191538558620351e+01,0.000000000000000000e+00,0.000000000000000000e+00
5.345846928257614650e+01,0.000000000000000000e+00,0.000000000000000000e+00
5.309631329756165030e+01,0.000000000000000000e+00,0.000000000000000000e+00
5.603787883560415395e+01,0.000000000000000000e+00,0.000000000000000000e+00
5.382389033913618448e+01,0.000000000000000000e+00,0.000000000000000000e+00
5.345962939868953612e+01,0.000000000000000000e+00,0.000000000000000000e+00
5.687771276229609896e+01,0.000000000000000000e+00,0.000000000000000000e+00
5.313580031564304562e+01,0.000000000000000000e+00,0.000000000000000000e+00
5.280325457727087013e+01,0.000000000000000000e+00,0.000000000000000000e+00
5.620874012586843094e+01,0.000000000000000000e+00,0.000000000000000000e+00
5.670389988293871397e+01,0.000000000000000000e+00,0.000000000000000000e+00
5.596485235951735859e+01,0.000000000000000000e+00,0.000000000000000000e+00
5.386286715428006744e+01,0.000000000000000000e+00,0.000000000000000000e+00
5.512129172829492774e+01,0.000000000000000000e+00,0.000000000000000000e+00
5.529492200468269658e+01,0.000000000000000000e+00,0.000000000000000000e+00
5.749673112988400447e+01,0.000000000000000000e+00,0.000000000000000000e+00
5.599037635749035502e+01,0.000000000000000000e+00,0.000000000000000000e+00
5.834905674648580742e+01,0.000000000000000000e+00,0.000000000000000000e+00
5.509205028053256115e+01,0.000000000000000000e+00,0.000000000000000000e+00
5.554136030447793360e+01,0.000000000000000000e+00,0.000000000000000000e+00
5.745768024074612157e+01,0.000000000000000000e+00,0.000000000000000000e+00
6.147082299388480919e+01,0.000000000000000000e+00,0.000000000000000000e+00
5.377925587779817818e+01,0.000000000000000000e+00,0.000000000000000000e+00
5.367652759268134588e+01,0.000000000000000000e+00,0.000000000000000000e+00
5.648139723732346340e+01,0.000000000000000000e+00,0.000000000000000000e+00
5.487400786267706110e+01,0.000000000000000000e+00,0.000000000000000000e+00
5.529253129152658630e+01,0.000000000000000000e+00,0.000000000000000000e+00
5.577651626134795748e+01,0.000000000000000000e+00,0.000000000000000000e+00
5.991850245217624149e+01,0.000000000000000000e+00,0.000000000000000000e+00
5.233835071663627758e+01,0.000000000000000000e+00,0.000000000000000000e+00
5.501690141255625832e+01,0.000000000000000000e+00,0.000000000000000000e+00
5.389993057352813111e+01,0.000000000000000000e+00,0.000000000000000000e+00
5.633038460694436367e+01,0.000000000000000000e+00,0.000000000000000000e+00
5.815524420443398412e+01,0.000000000000000000e+00,0.000000000000000000e+00
5.751997425365205885e+01,0.000000000000000000e+00,0.000000000000000000e+00
5.788238323433932209e+01,0.000000000000000000e+00,0.000000000000000000e+00
5.480018090781062057e+01,0.000000000000000000e+00,0.000000000000000000e+00
5.841043940024586334e+01,0.000000000000000000e+00,0.000000000000000000e+00
5.620306704684043808e+01,0.000000000000000000e+00,0.000000000000000000e+00
5.843035028345846627e+01,0.000000000000000000e+00,0.000000000000000000e+00
5.616210217919417147e+01,0.000000000000000000e+00,0.000000000000000000e+00
5.827711933567123026e+01,0.000000000000000000e+00,0.000000000000000000e+00
5.780611213906401247e+01,0.000000000000000000e+00,0.000000000000000000e+00
5.717925157605619546e+01,0.000000000000000000e+00,0.000000000000000000e+00
5.919225200887548510e+01,0.000000000000000000e+00,0.000000000000000000e+00
5.717288631944423116e+01,0.000000000000000000e+00,0.000000000000000000e+00
5.897843343656766990e+01,0.000000000000000000e+00,0.000000000000000000e+00
6.021455389265470615e+01,0.000000000000000000e+00,0.000000000000000000e+00
5.821085857054966795e+01,0.000000000000000000e+00,0.000000000000000000e+00
6.120380454915587620e+01,0.000000000000000000e+00,0.000000000000000000e+00
5.947445831668024852e+01,0.000000000000000000e+00,0.000000000000000000e+00
5.612599488549597027e+01,0.000000000000000000e+00,0.000000000000000000e+00
5.623681757143125282e+01,0.000000000000000000e+00,0.000000000000000000e+00
5.825802185980976589e+01,0.000000000000000000e+00,0.000000000000000000e+00
5.920976526450835564e+01,0.000000000000000000e+00,0.000000000000000000e+00
5.386995002028034207e+01,0.000000000000000000e+00,0.000000000000000000e+00
5.986083704253088200e+01,0.000000000000000000e+00,0.000000000000000000e+00
5.940589268523881117e+01,0.000000000000000000e+00,0.000000000000000000e+00
6.041615921674105039e+01,0.000000000000000000e+00,0.000000000000000000e+00
6.006545532067486448e+01,0.000000000000000000e+00,0.000000000000000000e+00
5.826739364117365483e+01,0.000000000000000000e+00,0.000000000000000000e+00
6.037233939961146234e+01,0.000000000000000000e+00,0.000000000000000000e+00
6.254509925795252911e+01,0.000000000000000000e+00,0.000000000000000000e+00
6.015514484615250979e+01,0.000000000000000000e+00,0.000000000000000000e+00
5.536271977814094924e+01,0.000000000000000000e+00,0.000000000000000000e+00
5.850460185130312141e+01,0.000000000000000000e+00,0.000000000000000000e+00
6.095540258609516115e+01,0.000000000000000000e+00,0.000000000000000000e+00
5.868772723681748715e+01,0.000000000000000000e+00,0.000000000000000000e+00
5.581592621309174262e+01,0.000000000000000000e+00,0.000000000000000000e+00
5.753278262112429786e+01,0.000000000000000000e+00,0.000000000000000000e+00
5.843149026050225103e+01,0.000000000000000000e+00,0.000000000000000000e+00
6.288617132733406123e+01,0.000000000000000000e+00,0.000000000000000000e+00
5.867630646972757802e+01,0.000000000000000000e+00,0.000000000000000000e+00
6.002594227717615638e+01,0.000000000000000000e+00,0.000000000000000000e+00
6.032917234770715709e+01,0.000000000000000000e+00,0.000000000000000000e+00
6.243274370844156351e+01,0.000000000000000000e+00,0.000000000000000000e+00
5.943565328731563113e+01,0.000000000000000000e+00,0.000000000000000000e+00
6.299285608957605120e+01,0.000000000000000000e+00,0.000000000000000000e+00
5.828899337439891326e+01,0.000000000000000000e+00,0.000000000000000000e+00
5.864358347520785486e+01,0.000000000000000000e+00,0.000000000000000000e+00
6.149576050027508956e+01,0.000000000000000000e+00,0.000000000000000000e+00
6.175190057367473173e+01,0.000000000000000000e+00,0.000000000000000000e+00
6.089805735862691449e+01,0.000000000000000000e+00,0.000000000000000000e+00
6.204533753118919037e+01,0.000000000000000000e+00,0.000000000000000000e+00
6.039672934554136674e+01,0.000000000000000000e+00,0.000000000000000000e+00
5.906163823827285597e+01,0.000000000000000000e+00,0.000000000000000000e+00
6.345013561058543416e+01,0.000000000000000000e+00,0.000000000000000000e+00
6.050746584741258971e+01,0.000000000000000000e+00,0.000000000000000000e+00
6.235089585606390017e+01,0.000000000000000000e+00,0.000000000000000000e+00
6.000958455345293174e+01,0.000000000000000000e+00,0.000000000000000000e+00
6.049612586287118887e+01,0.000000000000000000e+00,0.000000000000000000e+00
6.165260634857568789e+01,0.000000000000000000e+00,0.000000000000000000e+00
6.197025508202680300e+01,0.000000000000000000e+00,0.000000000000000000e+00
6.019683442323161415e+01,0.000000000000000000e+00,0.000000000000000000e+00
6.445037340221409750e+01,0.000000000000000000e+00,0.000000000000000000e+00
6.115781731268270960e+01,0.000000000000000000e+00,0.000000000000000000e+00
6.257105321253316532e+01,0.000000000000000000e+00,0.000000000000000000e+00
6.258717093635011253e+01,0.000000000000000000e+00,0.000000000000000000e+00
5.849411230186567678e+01,0.000000000000000000e+00,0.000000000000000000e+00
6.335940112865213081e+01,0.000000000000000000e+00,0.000000000000000000e+00
5.945152856742043923e+01,0.000000000000000000e+00,0.000000000000000000e+00
6.428130569492246593e+01,0.000000000000000000e+00,0.000000000000000000e+00
6.161989334483847358e+01,0.000000000000000000e+00,0.000000000000000000e+00
6.552731076620815998e+01,0.000000000000000000e+00,0.000000000000000000e+00
6.128206607276218421e+01,0.000000000000000000e+00,0.000000000000000000e+00
6.095960252051835937e+01,0.000000000000000000e+00,0.000000000000000000e+00
5.975454976349870151e+01,0.000000000000000000e+00,0.000000000000000000e+00
6.418808754849398213e+01,0.000000000000000000e+00,0.000000000000000000e+00
6.367912530149404660e+01,0.000000000000000000e+00,0.000000000000000000e+00
6.063420312119686173e+01,0.000000000000000000e+00,0.000000000000000000e+00
5.926076533797935042e+01,0.000000000000000000e+00,0.000000000000000000e+00
6.118218606361985934e+01,0.000000000000000000e+00,0.000000000000000000e+00
6.203148207847930706e+01,0.000000000000000000e+00,0.000000000000000000e+00
6.297727498481687292e+01,0.000000000000000000e+00,0.000000000000000000e+00
6.223400450550973773e+01,0.000000000000000000e+00,0.000000000000000000e+00
6.335662415489449018e+01,0.000000000000000000e+00,0.000000000000000000e+00
6.236827102008455626e+01,0.000000000000000000e+00,0.000000000000000000e+00
6.221529657507486633e+01,0.000000000000000000e+00,0.000000000000000000e+00
5.926315605842189171e+01,0.000000000000000000e+00,0.000000000000000000e+00
6.589568854457203884e+01,0.000000000000000000e+00,0.000000000000000000e+00
6.297815859596883570e+01,0.000000000000000000e+00,0.000000000000000000e+00
6.404113513316478645e+01,0.000000000000000000e+00,0.000000000000000000e+00
6.563880659005093321e+01,0.000000000000000000e+00,0.000000000000000000e+00
6.369049610119256499e+01,0.000000000000000000e+00,0.000000000000000000e+00
6.081958211070023168e+01,0.000000000000000000e+00,0.000000000000000000e+00
6.666785536175179061e+01,0.000000000000000000e+00,0.000000000000000000e+00
6.365319731032433737e+01,0.000000000000000000e+00,0.000000000000000000e+00
6.415271928337232055e+01,0.000000000000000000e+00,0.000000000000000000e+00
6.387222356938359979e+01,0.000000000000000000e+00,0.000000000000000000e+00
6.476841316943198024e+01,0.000000000000000000e+00,0.000000000000000000e+00
6.372807024774957085e+01,0.000000000000000000e+00,0.000000000000000000e+00
6.292882469875827667e+01,0.000000000000000000e+00,0.000000000000000000e+00
6.672165576242345253e+01,0.000000000000000000e+00,0.000000000000000000e+00
6.094637227643364241e+01,0.000000000000000000e+00,0.000000000000000000e+00
6.182409581919343111e+01,0.000000000000000000e+00,0.000000000000000000e+00
6.017860516066073728e+01,0.000000000000000000e+00,0.000000000000000000e+00
6.243482635214864729e+01,0.000000000000000000e+00,0.000000000000000000e+00
6.120937619610413094e+01,0.000000000000000000e+00,0.000000000000000000e+00
6.246433889798983330e+01,0.000000000000000000e+00,0.000000000000000000e+00
6.592350663503816577e+01,0.000000000000000000e+00,0.000000000000000000e+00
6.656000025423342947e+01,0.000000000000000000e+00,0.000000000000000000e+00
6.806898302219846641e+01,0.000000000000000000e+00,0.000000000000000000e+00
6.196290386804444239e+01,0.000000000000000000e+00,0.000000000000000000e+00
6.661792633908697780e+01,0.000000000000000000e+00,0.000000000000000000e+00
6.292687164091811525e+01,0.000000000000000000e+00,0.000000000000000000e+00
6.486109075210366370e+01,0.000000000000000000e+00,0.000000000000000000e+00
6.548806737637463016e+01,0.000000000000000000e+00,0.000000000000000000e+00
6.548244719438213224e+01,0.000000000000000000e+00,0.000000000000000000e+00
6.594376480643344962e+01,0.000000000000000000e+00,0.000000000000000000e+00
6.394754403685220012e+01,0.000000000000000000e+00,0.000000000000000000e+00
6.350184097226513558e+01,0.000000000000000000e+00,0.000000000000000000e+00
6.490853589662847867e+01,0.000000000000000000e+00,0.000000000000000000e+00
6.696199560180087929e+01,0.000000000000000000e+00,0.000000000000000000e+00
6.825624338410473513e+01,0.000000000000000000e+00,0.000000000000000000e+00
6.730808721117630000e+01,0.000000000000000000e+00,0.000000000000000000e+00
6.376533092726350560e+01,0.000000000000000000e+00,0.000000000000000000e+00
6.602296601061782155e+01,0.000000000000000000e+00,0.000000000000000000e+00
6.535694083650695063e+01,0.000000000000000000e+00,0.000000000000000000e+00
7.029533607691460873e+01,0.000000000000000000e+00,0.000000000000000000e+00
6.778911118215211218e+01,0.000000000000000000e+00,0.000000000000000000e+00
6.488288614354689798e+01,0.000000000000000000e+00,0.000000000000000000e+00
6.916293520549182006e+01,0.000000000000000000e+00,0.000000000000000000e+00
6.808516719922189964e+01,0.000000000000000000e+00,0.000000000000000000e+00
6.360596556803498913e+01,0.000000000000000000e+00,0.000000000000000000e+00
6.690053010096100650e+01,0.000000000000000000e+00,0.000000000000000000e+00
6.804674143317544122e+01,0.000000000000000000e+00,0.000000000000000000e+00
6.413261020470812923e+01,0.000000000000000000e+00,0.000000000000000000e+00
6.609406566303896113e+01,0.000000000000000000e+00,0.000000000000000000e+00
6.433699726924974982e+01,0.000000000000000000e+00,0.000000000000000000e+00
6.614489473021265553e+01,0.000000000000000000e+00,0.000000000000000000e+00
6.764769516080308165e+01,0.000000000000000000e+00,0.000000000000000000e+00
6.960343560220138670e+01,0.000000000000000000e+00,0.000000000000000000e+00
6.964139434429272058e+01,0.000000000000000000e+00,0.000000000000000000e+00
7.082507691556409668e+01,0.000000000000000000e+00,0.000000000000000000e+00
6.384306418540721495e+01,0.000000000000000000e+00,0.000000000000000000e+00
6.690360310639404418e+01,0.000000000000000000e+00,0.000000000000000000e+00
6.828229334747578605e+01,0.000000000000000000e+00,0.000000000000000000e+00
6.738707203844857929e+01,0.000000000000000000e+00,0.000000000000000000e+00
6.957035366717886404e+01,0.000000000000000000e+00,0.000000000000000000e+00
6.619348712268596557e+01,0.000000000000000000e+00,0.000000000000000000e+00
6.636500317622044065e+01,0.000000000000000000e+00,0.000000000000000000e+00
6.722314991870429424e+01,0.000000000000000000e+00,0.000000000000000000e+00
6.679024180285867374e+01,0.000000000000000000e+00,0.000000000000000000e+00
6.594409967811408535e+01,0.000000000000000000e+00,0.000000000000000000e+00
6.862227584783610723e+01,0.000000000000000000e+00,0.000000000000000000e+00
6.626515403685701244e+01,0.000000000000000000e+00,0.000000000000000000e+00
6.651938444586302523e+01,0.000000000000000000e+00,0.000000000000000000e+00
6.461413150026041308e+01,0.000000000000000000e+00,0.000000000000000000e+00
7.242013704416305586e+01,0.000000000000000000e+00,0.000000000000000000e+00
6.692511822147665157e+01,0.000000000000000000e+00,0.000000000000000000e+00
6.550331775432951531e+01,0.000000000000000000e+00,0.000000000000000000e+00
6.824991466012396302e+01,0.000000000000000000e+00,0.000000000000000000e+00
6.676747770955606143e+01,0.000000000000000000e+00,0.000000000000000000e+00
6.624480718892264974e+01,0.000000000000000000e+00,0.000000000000000000e+00
6.683006382624098762e+01,0.000000000000000000e+00,0.000000000000000000e+00
7.093922696718500731e+01,0.000000000000000000e+00,0.000000000000000000e+00
6.631974658016612523e+01,0.000000000000000000e+00,0.000000000000000000e+00
6.918311544648379652e+01,0.000000000000000000e+00,0.000000000000000000e+00
6.452427079379181407e+01,0.000000000000000000e+00,0.000000000000000000e+00
7.069590147477373421e+01,0.000000000000000000e+00,0.000000000000000000e+00
6.765440058298260340e+01,0.000000000000000000e+00,0.000000000000000000e+00
7.083654822801067041e+01,0.000000000000000000e+00,0.000000000000000000e+00
7.454751639472583236e+01,0.000000000000000000e+00,0.000000000000000000e+00
7.021358711601953928e+01,0.000000000000000000e+00,0.000000000000000000e+00
6.819490651194409736e+01,0.000000000000000000e+00,0.000000000000000000e+00
6.796709445023907392e+01,0.000000000000000000e+00,0.000000000000000000e+00
6.644630076226033566e+01,0.000000000000000000e+00,0.000000000000000000e+00
6.671827436819515356e+01,0.000000000000000000e+00,0.000000000000000000e+00
6.961358549970782406e+01,0.000000000000000000e+00,0.000000000000000000e+00
7.098277246362843584e+01,0.000000000000000000e+00,0.000000000000000000e+00
6.931507424172741594e+01,0.000000000000000000e+00,0.000000000000000000e+00
6.953343741766738617e+01,0.000000000000000000e+00,0.000000000000000000e+00
7.095321088608737625e+01,0.000000000000000000e+00,0.000000000000000000e+00
7.082846958714365826e+01,0.000000000000000000e+00,0.000000000000000000e+00
7.218433488898253358e+01,0.000000000000000000e+00,0.000000000000000000e+00
6.942084147429083885e+01,0.000000000000000000e+00,0.000000000000000000e+00
6.830575857709126808e+01,0.000000000000000000e+00,0.000000000000000000e+00
6.930289230317616500e+01,0.000000000000000000e+00,0.000000000000000000e+00
6.736577795869260399e+01,0.000000000000000000e+00,0.000000000000000000e+00
7.077423730800440183e+01,0.000000000000000000e+00,0.000000000000000000e+00
6.981326922800295165e+01,0.000000000000000000e+00,0.000000000000000000e+00
7.370597953586980111e+01,0.000000000000000000e+00,0.000000000000000000e+00
7.306964725082379175e+01,0.000000000000000000e+00,0.000000000000000000e+00
6.887778276559838275e+01,0.000000000000000000e+00,0.000000000000000000e+00
7.116547271523283769e+01,0.000000000000000000e+00,0.000000000000000000e+00
7.093235511238228241e+01,0.000000000000000000e+00,0.000000000000000000e+00
6.915538579332222469e+01,0.000000000000000000e+00,0.000000000000000000e+00
6.983267353947951506e+01,0.000000000000000000e+00,0.000000000000000000e+00
6.804364022346156560e+01,0.000000000000000000e+00,0.000000000000000000e+00
7.093164026231831087e+01,0.000000000000000000e+00,0.000000000000000000e+00
7.139137902956895232e+01,0.000000000000000000e+00,0.000000000000000000e+00
7.251839265978927074e+01,0.000000000000000000e+00,0.000000000000000000e+00
6.600913121345975298e+01,0.000000000000000000e+00,0.000000000000000000e+00
7.009764058435095535e+01,0.000000000000000000e+00,0.000000000000000000e+00
7.028274458045588347e+01,0.000000000000000000e+00,0.000000000000000000e+00
6.890121557740478409e+01,0.000000000000000000e+00,0.000000000000000000e+00
7.165107122305823850e+01,0.000000000000000000e+00,0.000000000000000000e+00
6.949368605439067892e+01,0.000000000000000000e+00,0.000000000000000000e+00
6.863910992726638938e+01,0.000000000000000000e+00,0.000000000000000000e+00
7.014215572515816177e+01,0.000000000000000000e+00,0.000000000000000000e+00
7.256728357722042233e+01,0.000000000000000000e+00,0.000000000000000000e+00
7.257035918289696497e+01,0.000000000000000000e+00,0.000000000000000000e+00
7.281648421512636560e+01,0.000000000000000000e+00,0.000000000000000000e+00
7.282807959183574553e+01,0.000000000000000000e+00,0.000000000000000000e+00
7.128801084046298797e+01,0.000000000000000000e+00,0.000000000000000000e+00
7.606885115856611890e+01,0.000000000000000000e+00,0.000000000000000000e+00
7.098995681882117026e+01,0.000000000000000000e+00,0.000000000000000000e+00
7.638734594132910161e+01,0.000000000000000000e+00,0.000000000000000000e+00
7.501297626396136309e+01,0.000000000000000000e+00,0.000000000000000000e+00
7.309317095235961403e+01,0.000000000000000000e+00,0.000000000000000000e+00
7.357764068112915368e+01,0.000000000000000000e+00,0.000000000000000000e+00
7.327015378441811322e+01,0.000000000000000000e+00,0.000000000000000000e+00
7.273649547620279066e+01,0.000000000000000000e+00,0.000000000000000000e+00
7.224532364437042986e+01,0.000000000000000000e+00,0.000000000000000000e+00
7.541202854633317543e+01,0.000000000000000000e+00,0.000000000000000000e+00
7.294821792904711799e+01,0.000000000000000000e+00,0.000000000000000000e+00
7.304919661741705283e+01,0.000000000000000000e+00,0.000000000000000000e+00
6.862407714514478130e+01,0.000000000000000000e+00,0.000000000000000000e+00
7.232101691036444890e+01,0.000000000000000000e+00,0.000000000000000000e+00
7.455869484634817468e+01,0.000000000000000000e+00,0.000000000000000000e+00
7.166500845652561225e+01,0.000000000000000000e+00,0.000000000000000000e+00
7.434499163872904148e+01,0.000000000000000000e+00,0.000000000000000000e+00
7.258593462526377493e+01,0.000000000000000000e+00,0.000000000000000000e+00
7.346916847611309720e+01,0.000000000000000000e+00,0.000000000000000000e+00
7.664863384408053548e+01,0.000000000000000000e+00,0.000000000000000000e+00
7.151918655341300735e+01,0.000000000000000000e+00,0.000000000000000000e+00
7.421038953988185938e+01,0.000000000000000000e+00,0.000000000000000000e+00
7.150241776131218785e+01,0.000000000000000000e+00,0.000000000000000000e+00
7.681621152723495527e+01,0.000000000000000000e+00,0.000000000000000000e+00
7.331917553270432109e+01,0.000000000000000000e+00,0.000000000000000000e+00
7.462487590363336665e+01,0.000000000000000000e+00,0.000000000000000000e+00
7.584554983964606834e+01,0.000000000000000000e+00,0.000000000000000000e+00
7.279434230389766469e+01,0.000000000000000000e+00,0.000000000000000000e+00
7.264216979623367365e+01,0.000000000000000000e+00,0.000000000000000000e+00
7.363829362047319194e+01,0.000000000000000000e+00,0.000000000000000000e+00
7.446073410554048166e+01,0.000000000000000000e+00,0.000000000000000000e+00
7.473164006590972974e+01,0.000000000000000000e+00,0.000000000000000000e+00
7.308048123950800345e+01,0.000000000000000000e+00,0.000000000000000000e+00
7.351113955283241808e+01,0.000000000000000000e+00,0.000000000000000000e+00
7.471307567976157316e+01,0.000000000000000000e+00,0.000000000000000000e+00
7.166918409643818677e+01,0.000000000000000000e+00,0.000000000000000000e+00
7.459376567728753571e+01,0.000000000000000000e+00,0.000000000000000000e+00
7.857645441684930177e+01,0.000000000000000000e+00,0.000000000000000000e+00
7.208572397671451881e+01,0.000000000000000000e+00,0.000000000000000000e+00
7.615742677470289834e+01,0.000000000000000000e+00,0.000000000000000000e+00
7.634169442971320052e+01,0.000000000000000000e+00,0.000000000000000000e+00
7.253967692478808260e+01,0.000000000000000000e+00,0.000000000000000000e+00
7.280710402046065610e+01,0.000000000000000000e+00,0.000000000000000000e+00
7.103767065378440293e+01,0.000000000000000000e+00,0.000000000000000000e+00
7.156863284922015112e+01,0.000000000000000000e+00,0.000000000000000000e+00
7.055471771685513716e+01,0.000000000000000000e+00,0.000000000000000000e+00
7.495638650919450185e+01,0.000000000000000000e+00,0.000000000000000000e+00
7.409994509586866229e+01,0.000000000000000000e+00,0.000000000000000000e+00
7.523517042039840419e+01,0.000000000000000000e+00,0.000000000000000000e+00
7.082892287425357836e+01,0.000000000000000000e+00,0.000000000000000000e+00
7.254774556401760321e+01,0.000000000000000000e+00,0.000000000000000000e+00
7.540784584344955022e+01,0.000000000000000000e+00,0.000000000000000000e+00
7.383915562355878137e+01,0.000000000000000000e+00,0.000000000000000000e+00
7.282594074666107531e+01,0.000000000000000000e+00,0.000000000000000000e+00
7.732841293086954693e+01,0.000000000000000000e+00,0.000000000000000000e+00
7.507140791335541508e+01,0.000000000000000000e+00,0.000000000000000000e+00
7.805146689632555024e+01,0.000000000000000000e+00,0.000000000000000000e+00
7.133301834899845062e+01,0.000000000000000000e+00,0.000000000000000000e+00
7.407793098169918267e+01,0.000000000000000000e+00,0.000000000000000000e+00
7.444982568567505155e+01,0.000000000000000000e+00,0.000000000000000000e+00
7.052455325937665975e+01,0.000000000000000000e+00,0.000000000000000000e+00
7.338200504692321147e+01,0.000000000000000000e+00,0.000000000000000000e+00
7.592824404156158380e+01,0.000000000000000000e+00,0.000000000000000000e+00
7.400768259167335827e+01,0.000000000000000000e+00,0.000000000000000000e+00
7.506273936164060956e+01,0.000000000000000000e+00,0.000000000000000000e+00
7.421012737257389347e+01,0.000000000000000000e+00,0.000000000000000000e+00
7.523558485881571301e+01,0.000000000000000000e+00,0.000000000000000000e+00
7.747216496778686690e+01,0.000000000000000000e+00,0.000000000000000000e+00
7.442171395270744938e+01,0.000000000000000000e+00,0.000000000000000000e+00
7.424822370058635101e+01,0.000000000000000000e+00,0.000000000000000000e+00
7.651890553976562614e+01,0.000000000000000000e+00,0.000000000000000000e+00
8.118734196577659645e+01,0.000000000000000000e+00,0.000000000000000000e+00
7.447523200994925219e+01,0.000000000000000000e+00,0.000000000000000000e+00
7.212263116896802728e+01,0.000000000000000000e+00,0.000000000000000000e+00
8.005683978335920870e+01,0.000000000000000000e+00,0.000000000000000000e+00
7.554349310125188310e+01,0.000000000000000000e+00,0.000000000000000000e+00
7.589355856045182236e+01,0.000000000000000000e+00,0.000000000000000000e+00
7.738060603758275136e+01,0.000000000000000000e+00,0.000000000000000000e+00
7.647334838906408550e+01,0.000000000000000000e+00,0.000000000000000000e+00
7.614809957711696597e+01,0.000000000000000000e+00,0.000000000000000000e+00
7.407044421475130491e+01,0.000000000000000000e+00,0.000000000000000000e+00
7.465452748443811970e+01,0.000000000000000000e+00,0.000000000000000000e+00
7.658087224110295210e+01,0.000000000000000000e+00,0.000000000000000000e+00
7.556557132311135661e+01,0.000000000000000000e+00,0.000000000000000000e+00
7.672749402347422176e+01,0.000000000000000000e+00,0.000000000000000000e+00
7.788812767402919235e+01,0.000000000000000000e+00,0.000000000000000000e+00
7.607283750685766677e+01,0.000000000000000000e+00,0.000000000000000000e+00
7.556326233320470465e+01,0.000000000000000000e+00,0.000000000000000000e+00
7.621796028095168651e+01,0.000000000000000000e+00,0.000000000000000000e+00
7.547239873278537914e+01,0.000000000000000000e+00,0.000000000000000000e+00
7.497593671924360592e+01,0.000000000000000000e+00,0.000000000000000000e+00
7.308091002822239091e+01,0.000000000000000000e+00,0.000000000000000000e+00
7.477924977769063730e+01,0.000000000000000000e+00,0.000000000000000000e+00
7.705974697984765953e+01,0.000000000000000000e+00,0.000000000000000000e+00
7.527471770577881216e+01,0.000000000000000000e+00,0.000000000000000000e+00
7.964204815992994213e+01,0.000000000000000000e+00,0.000000000000000000e+00
7.552668040292765284e+01,0.000000000000000000e+00,0.000000000000000000e+00
7.973899151551975706e+01,0.000000000000000000e+00,0.000000000000000000e+00
7.462575233233967253e+01,0.000000000000000000e+00,0.000000000000000000e+00
7.838123353647198144e+01,0.000000000000000000e+00,0.000000000000000000e+00
7.860645100174473043e+01,0.000000000000000000e+00,0.000000000000000000e+00
7.455090281380122974e+01,0.000000000000000000e+00,0.000000000000000000e+00
7.848064933309912306e+01,0.000000000000000000e+00,0.000000000000000000e+00
7.971276629712791362e+01,0.000000000000000000e+00,0.000000000000000000e+00
7.591639523491241448e+01,0.000000000000000000e+00,0.000000000000000000e+00
7.266313627487589599e+01,0.000000000000000000e+00,0.000000000000000000e+00
8.038956668308551912e+01,0.000000000000000000e+00,0.000000000000000000e+00
7.854258126580447197e+01,0.000000000000000000e+00,0.000000000000000000e+00
7.705424329643915371e+01,0.000000000000000000e+00,0.000000000000000000e+00
8.014059171688931826e+01,0.000000000000000000e+00,0.000000000000000000e+00
7.825036036082580893e+01,0.000000000000000000e+00,0.000000000000000000e+00
8.126475551701000200e+01,0.000000000000000000e+00,0.000000000000000000e+00
7.331030728104128968e+01,0.000000000000000000e+00,0.000000000000000000e+00
7.428584953724175932e+01,0.000000000000000000e+00,0.000000000000000000e+00
7.802494940784281141e+01,0.000000000000000000e+00,0.000000000000000000e+00
7.931452073822691773e+01,0.000000000000000000e+00,0.000000000000000000e+00
7.731128670010050996e+01,0.000000000000000000e+00,0.000000000000000000e+00
7.710219324495737681e+01,0.000000000000000000e+00,0.000000000000000000e+00
7.423630055240451497e+01,0.000000000000000000e+00,0.000000000000000000e+00
7.836205041199747257e+01,0.000000000000000000e+00,0.000000000000000000e+00
7.749880935434542550e+01,0.000000000000000000e+00,0.000000000000000000e+00
7.768188819482421081e+01,0.000000000000000000e+00,0.000000000000000000e+00
7.843097353449971365e+01,0.000000000000000000e+00,0.000000000000000000e+00
7.842582429339917383e+01,0.000000000000000000e+00,0.000000000000000000e+00
7.563108404134588625e+01,0.000000000000000000e+00,0.000000000000000000e+00
7.507210736880244895e+01,0.000000000000000000e+00,0.000000000000000000e+00
7.803185817201199370e+01,0.000000000000000000e+00,0.000000000000000000e+00
7.782812215704861103e+01,0.000000000000000000e+00,0.000000000000000000e+00
7.719763877096677618e+01,0.000000000000000000e+00,0.000000000000000000e+00
8.038353763918091488e+01,0.000000000000000000e+00,0.000000000000000000e+00
7.642517719715142732e+01,0.000000000000000000e+00,0.000000000000000000e+00
7.880655159879714233e+01,0.000000000000000000e+00,0.000000000000000000e+00
7.511486235968332892e+01,0.000000000000000000e+00,0.000000000000000000e+00
7.300064892187346288e+01,0.000000000000000000e+00,0.000000000000000000e+00
7.680402525497582644e+01,0.000000000000000000e+00,0.000000000000000000e+00
7.848736547247644069e+01,0.000000000000000000e+00,0.000000000000000000e+00
7.922260149545266472e+01,0.000000000000000000e+00,0.000000000000000000e+00
7.764246884672961357e+01,0.000000000000000000e+00,0.000000000000000000e+00
7.856044585679879333e+01,0.000000000000000000e+00,0.000000000000000000e+00
7.446963889502659129e+01,0.000000000000000000e+00,0.000000000000000000e+00
7.357208795206699392e+01,0.000000000000000000e+00,0.000000000000000000e+00
7.656609433419347965e+01,0.000000000000000000e+00,0.000000000000000000e+00
7.784210265020898589e+01,0.000000000000000000e+00,0.000000000000000000e+00
7.419306145894222482e+01,0.000000000000000000e+00,0.000000000000000000e+00
7.984743591688621223e+01,0.000000000000000000e+00,0.000000000000000000e+00
7.631762825791366822e+01,0.000000000000000000e+00,0.000000000000000000e+00
7.723410434846664430e+01,0.000000000000000000e+00,0.000000000000000000e+00
7.856941842081408822e+01,0.000000000000000000e+00,0.000000000000000000e+00
7.429391066136561506e+01,0.000000000000000000e+00,0.000000000000000000e+00
7.732915633558472734e+01,0.000000000000000000e+00,0.000000000000000000e+00
7.783445833120640600e+01,0.000000000000000000e+00,0.000000000000000000e+00
7.949718339940919520e+01,0.000000000000000000e+00,0.000000000000000000e+00
7.743156844459737442e+01,0.000000000000000000e+00,0.000000000000000000e+00
7.706073940837515579e+01,0.000000000000000000e+00,0.000000000000000000e+00
7.427859120930064307e+01,0.000000000000000000e+00,0.000000000000000000e+00
7.810346284371513548e+01,0.000000000000000000e+00,0.000000000000000000e+00
7.511877692075876212e+01,0.000000000000000000e+00,0.000000000000000000e+00
7.860762923408208280e+01,0.000000000000000000e+00,0.000000000000000000e+00
7.806984580214536606e+01,0.000000000000000000e+00,0.000000000000000000e+00
7.979754011263169389e+01,0.000000000000000000e+00,0.000000000000000000e+00
7.960191820218039993e+01,0.000000000000000000e+00,0.000000000000000000e+00
7.867475395493912060e+01,0.000000000000000000e+00,0.000000000000000000e+00
7.836560773104078237e+01,0.000000000000000000e+00,0.000000000000000000e+00
7.704370806408120131e+01,0.000000000000000000e+00,0.000000000000000000e+00
7.514056443096272631e+01,0.000000000000000000e+00,0.000000000000000000e+00
7.682104306343450162e+01,0.000000000000000000e+00,0.000000000000000000e+00
7.917968768144292824e+01,0.000000000000000000e+00,0.000000000000000000e+00
7.739809000842393516e+01,0.000000000000000000e+00,0.000000000000000000e+00
7.496253768161463427e+01,0.000000000000000000e+00,0.000000000000000000e+00
8.191765550535970419e+01,0.000000000000000000e+00,0.000000000000000000e+00
8.098914746868267400e+01,0.000000000000000000e+00,0.000000000000000000e+00
7.889450491269408872e+01,0.000000000000000000e+00,0.000000000000000000e+00
7.635976957178733926e+01,0.000000000000000000e+00,0.000000000000000000e+00
7.866786337043400579e+01,0.000000000000000000e+00,0.000000000000000000e+00
8.159625253737159767e+01,0.000000000000000000e+00,0.000000000000000000e+00
7.625473200626544212e+01,0.000000000000000000e+00,0.000000000000000000e+00
7.880433411658344767e+01,0.000000000000000000e+00,0.000000000000000000e+00
7.460303001244868426e+01,0.000000000000000000e+00,0.000000000000000000e+00
8.080316604539953573e+01,0.000000000000000000e+00,0.000000000000000000e+00
8.052922928215323850e+01,0.000000000000000000e+00,0.000000000000000000e+00
7.846912885729948073e+01,0.000000000000000000e+00,0.000000000000000000e+00
7.610056228842763915e+01,0.000000000000000000e+00,0.000000000000000000e+00
7.952637149767267033e+01,0.000000000000000000e+00,0.000000000000000000e+00
7.858645918586259427e+01,0.000000000000000000e+00,0.000000000000000000e+00
7.883711009140014880e+01,0.000000000000000000e+00,0.000000000000000000e+00
8.051918127017935944e+01,0.000000000000000000e+00,0.000000000000000000e+00
7.953699882763517337e+01,0.000000000000000000e+00,0.000000000000000000e+00
7.854679418656665746e+01,0.000000000000000000e+00,0.000000000000000000e+00
7.821186731716656482e+01,0.000000000000000000e+00,0.000000000000000000e+00
8.326232587357617376e+01,0.000000000000000000e+00,0.000000000000000000e+00
8.026290488179840565e+01,0.000000000000000000e+00,0.000000000000000000e+00
8.187116962049918811e+01,0.000000000000000000e+00,0.000000000000000000e+00
7.930961905586002558e+01,0.000000000000000000e+00,0.000000000000000000e+00
8.115110291786913876e+01,0.000000000000000000e+00,0.000000000000000000e+00
8.100854779554492779e+01,0.000000000000000000e+00,0.000000000000000000e+00
8.078761319917080641e+01,0.000000000000000000e+00,0.000000000000000000e+00
7.930505726382374121e+01,0.000000000000000000e+00,0.000000000000000000e+00
7.801159224673192227e+01,0.000000000000000000e+00,0.000000000000000000e+00
8.064782876509519838e+01,0.000000000000000000e+00,0.000000000000000000e+00
8.041217104711198260e+01,0.000000000000000000e+00,0.000000000000000000e+00
7.962625173643863263e+01,0.000000000000000000e+00,0.000000000000000000e+00
8.039539370278258446e+01,0.000000000000000000e+00,0.000000000000000000e+00
7.990094916545879755e+01,0.000000000000000000e+00,0.000000000000000000e+00
7.952707502634125092e+01,0.000000000000000000e+00,0.000000000000000000e+00
8.417887669254947980e+01,0.000000000000000000e+00,0.000000000000000000e+00
8.143580995234553654e+01,0.000000000000000000e+00,0.000000000000000000e+00
8.020587185282100506e+01,0.000000000000000000e+00,0.000000000000000000e+00
7.741440151580668783e+01,0.000000000000000000e+00,0.000000000000000000e+00
8.060963900217518585e+01,0.000000000000000000e+00,0.000000000000000000e+00
8.135922510179027256e+01,0.000000000000000000e+00,0.000000000000000000e+00
7.845276623016101780e+01,0.000000000000000000e+00,0.000000000000000000e+00
7.942618350315110831e+01,0.000000000000000000e+00,0.000000000000000000e+00
7.771676058609769200e+01,0.000000000000000000e+00,0.000000000000000000e+00
7.963746519505804145e+01,0.000000000000000000e+00,0.000000000000000000e+00
7.922395343954494251e+01,0.000000000000000000e+00,0.000000000000000000e+00
7.816396898010049199e+01,0.000000000000000000e+00,0.000000000000000000e+00
7.929109107834860026e+01,0.000000000000000000e+00,0.000000000000000000e+00
7.817802017979298057e+01,0.000000000000000000e+00,0.000000000000000000e+00
7.471537361277397338e+01,0.000000000000000000e+00,0.000000000000000000e+00
8.066395008014630719e+01,0.000000000000000000e+00,0.000000000000000000e+00
7.966205968363189527e+01,0.000000000000000000e+00,0.000000000000000000e+00
7.668625500496681013e+01,0.000000000000000000e+00,0.000000000000000000e+00
8.140971217692302275e+01,0.000000000000000000e+00,0.000000000000000000e+00
7.827678505863495673e+01,0.000000000000000000e+00,0.000000000000000000e+00
7.910704627616843254e+01,0.000000000000000000e+00,0.000000000000000000e+00
7.882310532001150705e+01,0.000000000000000000e+00,0.000000000000000000e+00
7.931815027707025934e+01,0.000000000000000000e+00,0.000000000000000000e+00
7.724694054458217352e+01,0.000000000000000000e+00,0.000000000000000000e+00
8.343431684605938869e+01,0.000000000000000000e+00,0.000000000000000000e+00
7.823932148598420611e+01,0.000000000000000000e+00,0.000000000000000000e+00
8.019720677713060297e+01,0.000000000000000000e+00,0.000000000000000000e+00
7.746548947104695060e+01,0.000000000000000000e+00,0.000000000000000000e+00
7.734785969239707981e+01,0.000000000000000000e+00,0.000000000000000000e+00
8.092406744594201484e+01,0.000000000000000000e+00,0.000000000000000000e+00
8.052722316225168697e+01,0.000000000000000000e+00,0.000000000000000000e+00
8.094179673478122083e+01,0.000000000000000000e+00,0.000000000000000000e+00
8.125846163845579895e+01,0.000000000000000000e+00,0.000000000000000000e+00
7.692627004004924629e+01,0.000000000000000000e+00,0.000000000000000000e+00
7.913296130075859480e+01,0.000000000000000000e+00,0.000000000000000000e+00
7.837413106820520170e+01,0.000000000000000000e+00,0.000000000000000000e+00
8.037365574981578220e+01,0.000000000000000000e+00,0.000000000000000000e+00
7.658938630442445117e+01,0.000000000000000000e+00,0.000000000000000000e+00
8.015169300021312893e+01,0.000000000000000000e+00,0.000000000000000000e+00
7.728386903903557936e+01,0.000000000000000000e+00,0.000000000000000000e+00
8.116764286681524254e+01,0.000000000000000000e+00,0.000000000000000000e+00
8.365226052061599660e+01,0.000000000000000000e+00,0.000000000000000000e+00
7.948820272727822100e+01,0.000000000000000000e+00,0.000000000000000000e+00
8.077146052489186445e+01,0.000000000000000000e+00,0.000000000000000000e+00
8.293347795210679863e+01,0.000000000000000000e+00,0.000000000000000000e+00
7.241664704544571407e+01,0.000000000000000000e+00,0.000000000000000000e+00
7.741581192093458696e+01,0.000000000000000000e+00,0.000000000000000000e+00
8.329807624532304544e+01,0.000000000000000000e+00,0.000000000000000000e+00
8.179055465517488699e+01,0.000000000000000000e+00,0.000000000000000000e+00
7.943236857887454505e+01,0.000000000000000000e+00,0.000000000000000000e+00
7.793635915575472950e+01,0.000000000000000000e+00,0.000000000000000000e+00
8.287972225682989347e+01,0.000000000000000000e+00,0.000000000000000000e+00
7.791680107525290566e+01,0.000000000000000000e+00,0.000000000000000000e+00
8.020730859554221581e+01,0.000000000000000000e+00,0.000000000000000000e+00
7.839801999539767507e+01,0.000000000000000000e+00,0.000000000000000000e+00
7.786518459201346332e+01,0.000000000000000000e+00,0.000000000000000000e+00
7.623872433707479956e+01,0.000000000000000000e+00,0.000000000000000000e+00
7.982145401080205716e+01,0.000000000000000000e+00,0.000000000000000000e+00
7.889767487755655395e+01,0.000000000000000000e+00,0.000000000000000000e+00
7.889847710599967456e+01,0.000000000000000000e+00,0.000000000000000000e+00
7.912898788363752089e+01,0.000000000000000000e+00,0.000000000000000000e+00
7.750719237452224775e+01,0.000000000000000000e+00,0.000000000000000000e+00
7.902172494915220113e+01,0.000000000000000000e+00,0.000000000000000000e+00
7.886763270414161298e+01,0.000000000000000000e+00,0.000000000000000000e+00
8.045466635391629495e+01,0.000000000000000000e+00,0.000000000000000000e+00
7.968570416164665460e+01,0.000000000000000000e+00,0.000000000000000000e+00
7.887299471708585941e+01,0.000000000000000000e+00,0.000000000000000000e+00
7.917292756281231902e+01,0.000000000000000000e+00,0.000000000000000000e+00
7.822779776224562909e+01,0.000000000000000000e+00,0.000000000000000000e+00
8.004086303634362309e+01,0.000000000000000000e+00,0.000000000000000000e+00
7.711121533100188685e+01,0.000000000000000000e+00,0.000000000000000000e+00
7.902826547948957625e+01,0.000000000000000000e+00,0.000000000000000000e+00
8.082259134886099616e+01,0.000000000000000000e+00,0.000000000000000000e+00
8.087544581020502221e+01,0.000000000000000000e+00,0.000000000000000000e+00
7.539034787757850609e+01,0.000000000000000000e+00,0.000000000000000000e+00
8.091893085176599243e+01,0.000000000000000000e+00,0.000000000000000000e+00
8.043112959929159445e+01,0.000000000000000000e+00,0.000000000000000000e+00
8.082867954853163894e+01,0.000000000000000000e+00,0.000000000000000000e+00
8.220070206563255510e+01,0.000000000000000000e+00,0.000000000000000000e+00
7.974770948706463969e+01,0.000000000000000000e+00,0.000000000000000000e+00
8.261481333261016857e+01,0.000000000000000000e+00,0.000000000000000000e+00
7.484244423048909312e+01,0.000000000000000000e+00,0.000000000000000000e+00
7.757459702258046264e+01,0.000000000000000000e+00,0.000000000000000000e+00
7.674780986867035892e+01,0.000000000000000000e+00,0.000000000000000000e+00
7.936486074351253706e+01,0.000000000000000000e+00,0.000000000000000000e+00
8.253116433829978860e+01,0.000000000000000000e+00,0.000000000000000000e+00
8.064355829737550607e+01,0.000000000000000000e+00,0.000000000000000000e+00
7.919226149154046368e+01,0.000000000000000000e+00,0.000000000000000000e+00
8.159308016581290701e+01,0.000000000000000000e+00,0.000000000000000000e+00
8.290758669160632621e+01,0.000000000000000000e+00,0.000000000000000000e+00
7.752609869949552035e+01,0.000000000000000000e+00,0.000000000000000000e+00
7.967174850004396092e+01,0.000000000000000000e+00,0.000000000000000000e+00
8.166400645555741278e+01,0.000000000000000000e+00,0.000000000000000000e+00
7.991765112160760509e+01,0.000000000000000000e+00,0.000000000000000000e+00
8.020373030895120792e+01,0.000000000000000000e+00,0.000000000000000000e+00
8.264443067089720785e+01,0.000000000000000000e+00,0.000000000000000000e+00
8.214104770958064705e+01,0.000000000000000000e+00,0.000000000000000000e+00
8.265997213133390176e+01,0.000000000000000000e+00,0.000000000000000000e+00
8.123057619298337784e+01,0.000000000000000000e+00,0.000000000000000000e+00
7.933667330390851191e+01,0.000000000000000000e+00,0.000000000000000000e+00
7.771157119314604245e+01,0.000000000000000000e+00,0.000000000000000000e+00
7.865586637520387114e+01,0.000000000000000000e+00,0.000000000000000000e+00
8.109350571219256665e+01,0.000000000000000000e+00,0.000000000000000000e+00
7.932711611395465923e+01,0.000000000000000000e+00,0.000000000000000000e+00
7.883840525229322793e+01,0.000000000000000000e+00,0.000000000000000000e+00
8.253918235454813157e+01,0.000000000000000000e+00,0.000000000000000000e+00
7.957911276174898774e+01,0.000000000000000000e+00,0.000000000000000000e+00
8.039972980752361309e+01,0.000000000000000000e+00,0.000000000000000000e+00
8.168770627046448851e+01,0.000000000000000000e+00,0.000000000000000000e+00
7.861892433946471215e+01,0.000000000000000000e+00,0.000000000000000000e+00
7.923265884195207320e+01,0.000000000000000000e+00,0.000000000000000000e+00
7.886048705322767205e+01,0.000000000000000000e+00,0.000000000000000000e+00
7.584607866578660662e+01,0.000000000000000000e+00,0.000000000000000000e+00
8.013257441609765408e+01,0.000000000000000000e+00,0.000000000000000000e+00
8.032720925630675879e+01,0.000000000000000000e+00,0.000000000000000000e+00
8.222892472885011728e+01,0.000000000000000000e+00,0.000000000000000000e+00
7.982795973096141040e+01,0.000000000000000000e+00,0.000000000000000000e+00
7.730344409541127959e+01,0.000000000000000000e+00,0.000000000000000000e+00
8.090854245501679998e+01,0.000000000000000000e+00,0.000000000000000000e+00
7.507631668243412548e+01,0.000000000000000000e+00,0.000000000000000000e+00
7.818644011730303589e+01,0.000000000000000000e+00,0.000000000000000000e+00
7.927098182964974171e+01,0.000000000000000000e+00,0.000000000000000000e+00
7.914331605680243342e+01,0.000000000000000000e+00,0.000000000000000000e+00
7.575797406163790981e+01,0.000000000000000000e+00,0.000000000000000000e+00
8.109978639387030341e+01,0.000000000000000000e+00,0.000000000000000000e+00
8.270794762384937826e+01,0.000000000000000000e+00,0.000000000000000000e+00
7.996853370973019537e+01,0.000000000000000000e+00,0.000000000000000000e+00
7.697810055304965715e+01,0.000000000000000000e+00,0.000000000000000000e+00
7.705527404059328944e+01,0.000000000000000000e+00,0.000000000000000000e+00
8.062508362784402038e+01,0.000000000000000000e+00,0.000000000000000000e+00
7.759009697747228529e+01,0.000000000000000000e+00,0.000000000000000000e+00
7.868999709976792190e+01,0.000000000000000000e+00,0.000000000000000000e+00
8.145145384137777000e+01,0.000000000000000000e+00,0.000000000000000000e+00
8.107543699327776210e+01,0.000000000000000000e+00,0.000000000000000000e+00
7.959640339064931425e+01,0.000000000000000000e+00,0.000000000000000000e+00
7.988196503071468157e+01,0.000000000000000000e+00,0.000000000000000000e+00
8.056297161201439394e+01,0.000000000000000000e+00,0.000000000000000000e+00
7.929284148073816141e+01,0.000000000000000000e+00,0.000000000000000000e+00
8.051303413333374692e+01,0.000000000000000000e+00,0.000000000000000000e+00
7.949317313999816292e+01,0.000000000000000000e+00,0.000000000000000000e+00
8.075480943677514745e+01,0.000000000000000000e+00,0.000000000000000000e+00
7.939597943764668742e+01,0.000000000000000000e+00,0.000000000000000000e+00
7.673997815572512593e+01,0.000000000000000000e+00,0.000000000000000000e+00
7.938107501198821581e+01,0.000000000000000000e+00,0.000000000000000000e+00
7.958271455155433216e+01,0.000000000000000000e+00,0.000000000000000000e+00
7.875549203206439586e+01,0.000000000000000000e+00,0.000000000000000000e+00
7.998692665000481838e+01,0.000000000000000000e+00,0.000000000000000000e+00
7.872406940457953795e+01,0.000000000000000000e+00,0.000000000000000000e+00
8.285271774301624248e+01,0.000000000000000000e+00,0.000000000000000000e+00
8.329697084678143426e+01,0.000000000000000000e+00,0.000000000000000000e+00
7.827413526284472312e+01,0.000000000000000000e+00,0.000000000000000000e+00
8.077683533584249176e+01,0.000000000000000000e+00,0.000000000000000000e+00
7.870886727693340390e+01,0.000000000000000000e+00,0.000000000000000000e+00
7.841516045343782082e+01,0.000000000000000000e+00,0.000000000000000000e+00
8.139176320554892641e+01,0.000000000000000000e+00,0.000000000000000000e+00
7.873762301462596724e+01,0.000000000000000000e+00,0.000000000000000000e+00
7.914394729632988401e+01,0.000000000000000000e+00,0.000000000000000000e+00
8.177721155333941283e+01,0.000000000000000000e+00,0.000000000000000000e+00
7.948929273683184249e+01,0.000000000000000000e+00,0.000000000000000000e+00
8.183075008310230203e+01,0.000000000000000000e+00,0.000000000000000000e+00
7.853260476516875599e+01,0.000000000000000000e+00,0.000000000000000000e+00
8.061474976566408657e+01,0.000000000000000000e+00,0.000000000000000000e+00
8.139295413473433882e+01,0.000000000000000000e+00,0.000000000000000000e+00
7.414362206122626731e+01,0.000000000000000000e+00,0.000000000000000000e+00
7.911183369888989603e+01,0.000000000000000000e+00,0.000000000000000000e+00
7.966787567623183008e+01,0.000000000000000000e+00,0.000000000000000000e+00
7.580840668166740670e+01,0.000000000000000000e+00,0.000000000000000000e+00
7.572692951650140003e+01,0.000000000000000000e+00,0.000000000000000000e+00
7.848311885342364747e+01,0.000000000000000000e+00,0.000000000000000000e+00
7.726154529531376625e+01,0.000000000000000000e+00,0.000000000000000000e+00
7.707478287017664798e+01,0.000000000000000000e+00,0.000000000000000000e+00
8.367695350103957708e+01,0.000000000000000000e+00,0.000000000000000000e+00
8.206679500581755349e+01,0.000000000000000000e+00,0.000000000000000000e+00
7.524757798366769634e+01,0.000000000000000000e+00,0.000000000000000000e+00
7.928374441232305969e+01,0.000000000000000000e+00,0.000000000000000000e+00
8.067642610807656922e+01,0.000000000000000000e+00,0.000000000000000000e+00
8.210527694501159601e+01,0.000000000000000000e+00,0.000000000000000000e+00
7.497514334501556732e+01,0.000000000000000000e+00,0.000000000000000000e+00
8.080676381236321504e+01,0.000000000000000000e+00,0.000000000000000000e+00
8.208133608081878663e+01,0.000000000000000000e+00,0.000000000000000000e+00
7.490464256913850249e+01,0.000000000000000000e+00,0.000000000000000000e+00
7.805738785933213819e+01,0.000000000000000000e+00,0.000000000000000000e+00
7.887934489350604395e+01,0.000000000000000000e+00,0.000000000000000000e+00
8.192596755237035211e+01,0.000000000000000000e+00,0.000000000000000000e+00
7.885867218729035244e+01,0.000000000000000000e+00,0.000000000000000000e+00
8.296637580804879519e+01,0.000000000000000000e+00,0.000000000000000000e+00
8.026245571181929961e+01,0.000000000000000000e+00,0.000000000000000000e+00
7.724817133664325297e+01,0.000000000000000000e+00,0.000000000000000000e+00
8.011786113846636681e+01,0.000000000000000000e+00,0.000000000000000000e+00
7.441307530309138940e+01,0.000000000000000000e+00,0.000000000000000000e+00
7.927752714839202497e+01,0.000000000000000000e+00,0.000000000000000000e+00
7.719515283770715541e+01,0.000000000000000000e+00,0.000000000000000000e+00
7.777549443175902866e+01,0.000000000000000000e+00,0.000000000000000000e+00
7.739951630063495713e+01,0.000000000000000000e+00,0.000000000000000000e+00
7.777801771523337493e+01,0.000000000000000000e+00,0.000000000000000000e+00
7.757404349217999595e+01,0.000000000000000000e+00,0.000000000000000000e+00
7.727195350511925653e+01,0.000000000000000000e+00,0.000000000000000000e+00
8.267656564138304986e+01,0.000000000000000000e+00,0.000000000000000000e+00
7.905791005566391050e+01,0.000000000000000000e+00,0.000000000000000000e+00
7.442858919054630462e+01,0.000000000000000000e+00,0.000000000000000000e+00
7.930461083469381833e+01,0.000000000000000000e+00,0.000000000000000000e+00
7.924283915562585889e+01,0.000000000000000000e+00,0.000000000000000000e+00
7.883374737893274187e+01,0.000000000000000000e+00,0.000000000000000000e+00
7.861451679685255556e+01,0.000000000000000000e+00,0.000000000000000000e+00
7.761750043096022011e+01,0.000000000000000000e+00,0.000000000000000000e+00
7.713503328192643949e+01,0.000000000000000000e+00,0.000000000000000000e+00
7.821354507253016664e+01,0.000000000000000000e+00,0.000000000000000000e+00
7.399077120996537360e+01,0.000000000000000000e+00,0.000000000000000000e+00
7.490945213878100617e+01,0.000000000000000000e+00,0.000000000000000000e+00
7.996680432538398975e+01,0.000000000000000000e+00,0.000000000000000000e+00
7.641161266885316650e+01,0.000000000000000000e+00,0.000000000000000000e+00
7.711395560137556515e+01,0.000000000000000000e+00,0.000000000000000000e+00
7.959297293309330712e+01,0.000000000000000000e+00,0.000000000000000000e+00
7.759037450584021656e+01,0.000000000000000000e+00,0.000000000000000000e+00
8.160349267227564951e+01,0.000000000000000000e+00,0.000000000000000000e+00
7.950706537957454145e+01,0.000000000000000000e+00,0.000000000000000000e+00
7.996281278244369162e+01,0.000000000000000000e+00,0.000000000000000000e+00
7.813757845229508803e+01,0.000000000000000000e+00,0.000000000000000000e+00
7.628433428798931004e+01,0.000000000000000000e+00,0.000000000000000000e+00
7.650317194013911148e+01,0.000000000000000000e+00,0.000000000000000000e+00
7.506571394886942983e+01,0.000000000000000000e+00,0.000000000000000000e+00
7.751246337191255975e+01,0.000000000000000000e+00,0.000000000000000000e+00
8.010814808005704890e+01,0.000000000000000000e+00,0.000000000000000000e+00
7.655279429102961330e+01,0.000000000000000000e+00,0.000000000000000000e+00
7.763033742249260172e+01,0.000000000000000000e+00,0.000000000000000000e+00
7.799479795318138997e+01,0.000000000000000000e+00,0.000000000000000000e+00
7.739083623123173084e+01,0.000000000000000000e+00,0.000000000000000000e+00
7.851449322820802479e+01,0.000000000000000000e+00,0.000000000000000000e+00
7.723797257187484888e+01,0.000000000000000000e+00,0.000000000000000000e+00
7.782611536453026702e+01,0.000000000000000000e+00,0.000000000000000000e+00
7.537356065271261230e+01,0.000000000000000000e+00,0.000000000000000000e+00
7.610243809029906004e+01,0.000000000000000000e+00,0.000000000000000000e+00
8.128356735324928195e+01,0.000000000000000000e+00,0.000000000000000000e+00
7.851924232527832714e+01,0.000000000000000000e+00,0.000000000000000000e+00
7.672653538330790468e+01,0.000000000000000000e+00,0.000000000000000000e+00
7.952506067680684509e+01,0.000000000000000000e+00,0.000000000000000000e+00
7.941695675391549969e+01,0.000000000000000000e+00,0.000000000000000000e+00
7.878974868361734707e+01,0.000000000000000000e+00,0.000000000000000000e+00
7.943332978433308256e+01,0.000000000000000000e+00,0.000000000000000000e+00
7.918853372264470636e+01,0.000000000000000000e+00,0.000000000000000000e+00
7.787672771232561786e+01,0.000000000000000000e+00,0.000000000000000000e+00
7.662807210601860675e+01,0.000000000000000000e+00,0.000000000000000000e+00
7.919064527397442532e+01,0.000000000000000000e+00,0.000000000000000000e+00
7.601670148352327772e+01,0.000000000000000000e+00,0.000000000000000000e+00
7.890383436349776503e+01,0.000000000000000000e+00,0.000000000000000000e+00
8.080649499903852018e+01,0.000000000000000000e+00,0.000000000000000000e+00
7.922720492248431867e+01,0.000000000000000000e+00,0.000000000000000000e+00
7.326124930189182294e+01,0.000000000000000000e+00,0.000000000000000000e+00
7.765491868892443961e+01,0.000000000000000000e+00,0.000000000000000000e+00
7.803654455017978364e+01,0.000000000000000000e+00,0.000000000000000000e+00
7.778096406679239294e+01,0.000000000000000000e+00,0.000000000000000000e+00
7.792489056501491973e+01,0.000000000000000000e+00,0.000000000000000000e+00
7.531237243287887395e+01,0.000000000000000000e+00,0.000000000000000000e+00
7.762547607543199035e+01,0.000000000000000000e+00,0.000000000000000000e+00
7.620658909752653187e+01,0.000000000000000000e+00,0.000000000000000000e+00
7.344189418583327722e+01,0.000000000000000000e+00,0.000000000000000000e+00
7.565481107128009342e+01,0.000000000000000000e+00,0.000000000000000000e+00
7.786280323106348078e+01,0.000000000000000000e+00,0.000000000000000000e+00
7.921782609709333656e+01,0.000000000000000000e+00,0.000000000000000000e+00
7.610069724199664165e+01,0.000000000000000000e+00,0.000000000000000000e+00
7.598691307428948960e+01,0.000000000000000000e+00,0.000000000000000000e+00
7.591529174494516496e+01,0.000000000000000000e+00,0.000000000000000000e+00
7.383141656053962265e+01,0.000000000000000000e+00,0.000000000000000000e+00
7.763458501211788132e+01,0.000000000000000000e+00,0.000000000000000000e+00
7.448286809401797370e+01,0.000000000000000000e+00,0.000000000000000000e+00
7.556667167399723439e+01,0.000000000000000000e+00,0.000000000000000000e+00
7.976547811667158783e+01,0.000000000000000000e+00,0.000000000000000000e+00
7.710032366117786751e+01,0.000000000000000000e+00,0.000000000000000000e+00
7.712812160704966402e+01,0.000000000000000000e+00,0.000000000000000000e+00
7.220700401434427818e+01,0.000000000000000000e+00,0.000000000000000000e+00
7.666166551693261511e+01,0.000000000000000000e+00,0.000000000000000000e+00
7.646895363539607615e+01,0.000000000000000000e+00,0.000000000000000000e+00
7.931736811673154364e+01,0.000000000000000000e+00,0.000000000000000000e+00
7.132332793483190869e+01,0.000000000000000000e+00,0.000000000000000000e+00
7.375335779074036680e+01,0.000000000000000000e+00,0.000000000000000000e+00
7.761768628834332162e+01,0.000000000000000000e+00,0.000000000000000000e+00
7.442430695758849879e+01,0.000000000000000000e+00,0.000000000000000000e+00
7.846185640781519055e+01,0.000000000000000000e+00,0.000000000000000000e+00
7.520991483057531468e+01,0.000000000000000000e+00,0.000000000000000000e+00
7.601456240860898106e+01,0.000000000000000000e+00,0.000000000000000000e+00
7.396276548229673153e+01,0.000000000000000000e+00,0.000000000000000000e+00
7.631103942867214585e+01,0.000000000000000000e+00,0.000000000000000000e+00
7.324662525161191695e+01,0.000000000000000000e+00,0.000000000000000000e+00
7.648203647673300054e+01,0.000000000000000000e+00,0.000000000000000000e+00
7.757604899390906894e+01,0.000000000000000000e+00,0.000000000000000000e+00
7.781679311186914560e+01,0.000000000000000000e+00,0.000000000000000000e+00
7.355567959026646463e+01,0.000000000000000000e+00,0.000000000000000000e+00
7.484308652194410172e+01,0.000000000000000000e+00,0.000000000000000000e+00
7.538745904926535957e+01,0.000000000000000000e+00,0.000000000000000000e+00
7.774604688079463699e+01,0.000000000000000000e+00,0.000000000000000000e+00
7.696182101799500686e+01,0.000000000000000000e+00,0.000000000000000000e+00
7.648425091434317835e+01,0.000000000000000000e+00,0.000000000000000000e+00
7.356679209755014881e+01,0.000000000000000000e+00,0.000000000000000000e+00
7.083051338135656749e+01,0.000000000000000000e+00,0.000000000000000000e+00
7.429539671477563445e+01,0.000000000000000000e+00,0.000000000000000000e+00
7.529539966680188456e+01,0.000000000000000000e+00,0.000000000000000000e+00
7.460661315862736842e+01,0.000000000000000000e+00,0.000000000000000000e+00
7.446839474978581563e+01,0.000000000000000000e+00,0.000000000000000000e+00
7.473498007038645596e+01,0.000000000000000000e+00,0.000000000000000000e+00
7.872880007087347565e+01,0.000000000000000000e+00,0.000000000000000000e+00
7.439884257243456034e+01,0.000000000000000000e+00,0.000000000000000000e+00
7.783692792687905637e+01,0.000000000000000000e+00,0.000000000000000000e+00
7.214995839354776308e+01,0.000000000000000000e+00,0.000000000000000000e+00
7.429532610516146462e+01,0.000000000000000000e+00,0.000000000000000000e+00
7.602167470381046144e+01,0.000000000000000000e+00,0.000000000000000000e+00
7.321712417248012628e+01,0.000000000000000000e+00,0.000000000000000000e+00
7.538379611616909415e+01,0.000000000000000000e+00,0.000000000000000000e+00
7.711715323406743039e+01,0.000000000000000000e+00,0.000000000000000000e+00
7.619735623391494528e+01,0.000000000000000000e+00,0.000000000000000000e+00
7.323399420835990270e+01,0.000000000000000000e+00,0.000000000000000000e+00
7.207691975090889969e+01,0.000000000000000000e+00,0.000000000000000000e+00
7.486295223952153322e+01,0.000000000000000000e+00,0.000000000000000000e+00
7.190396626188918106e+01,0.000000000000000000e+00,0.000000000000000000e+00
7.053665046984981757e+01,0.000000000000000000e+00,0.000000000000000000e+00
7.567149843316218494e+01,0.000000000000000000e+00,0.000000000000000000e+00
7.303838781413553249e+01,0.000000000000000000e+00,0.000000000000000000e+00
7.633662918749621440e+01,0.000000000000000000e+00,0.000000000000000000e+00
6.836650113718056332e+01,0.000000000000000000e+00,0.000000000000000000e+00
7.331700314811759256e+01,0.000000000000000000e+00,0.000000000000000000e+00
7.468311433888300144e+01,0.000000000000000000e+00,0.000000000000000000e+00
7.301562262670668702e+01,0.000000000000000000e+00,0.000000000000000000e+00
7.060817064672559695e+01,0.000000000000000000e+00,0.000000000000000000e+00
7.513638151262274789e+01,0.000000000000000000e+00,0.000000000000000000e+00
7.234808337143445556e+01,0.000000000000000000e+00,0.000000000000000000e+00
7.589274406971496489e+01,0.000000000000000000e+00,0.000000000000000000e+00
7.659897823590266341e+01,0.000000000000000000e+00,0.000000000000000000e+00
7.054158415187622211e+01,0.000000000000000000e+00,0.000000000000000000e+00
7.177698893167887206e+01,0.000000000000000000e+00,0.000000000000000000e+00
7.136260481014008406e+01,0.000000000000000000e+00,0.000000000000000000e+00
7.576871148899104469e+01,0.000000000000000000e+00,0.000000000000000000e+00
7.241123084086950712e+01,0.000000000000000000e+00,0.000000000000000000e+00
7.253641721375328189e+01,0.000000000000000000e+00,0.000000000000000000e+00
7.139005665614439522e+01,0.000000000000000000e+00,0.000000000000000000e+00
7.229157691631159821e+01,0.000000000000000000e+00,0.000000000000000000e+00
7.288441094261374076e+01,0.000000000000000000e+00,0.000000000000000000e+00
7.245692410540962669e+01,0.000000000000000000e+00,0.000000000000000000e+00
7.126559663439502401e+01,0.000000000000000000e+00,0.000000000000000000e+00
6.934618013258551628e+01,0.000000000000000000e+00,0.000000000000000000e+00
7.537663735797958964e+01,0.000000000000000000e+00,0.000000000000000000e+00
7.307244560464758365e+01,0.000000000000000000e+00,0.000000000000000000e+00
7.282060616521252427e+01,0.000000000000000000e+00,0.000000000000000000e+00
7.197579706630642704e+01,0.000000000000000000e+00,0.000000000000000000e+00
6.992735741882727041e+01,0.000000000000000000e+00,0.000000000000000000e+00
7.060478486552891297e+01,0.000000000000000000e+00,0.000000000000000000e+00
7.244833175830729033e+01,0.000000000000000000e+00,0.000000000000000000e+00
7.762836701950230633e+01,0.000000000000000000e+00,0.000000000000000000e+00
7.335214078369124024e+01,0.000000000000000000e+00,0.000000000000000000e+00
7.071946947500823910e+01,0.000000000000000000e+00,0.000000000000000000e+00
7.216896530540476817e+01,0.000000000000000000e+00,0.000000000000000000e+00
7.420174473551213623e+01,0.000000000000000000e+00,0.000000000000000000e+00
7.166943102402247234e+01,0.000000000000000000e+00,0.000000000000000000e+00
6.987541660231809715e+01,0.000000000000000000e+00,0.000000000000000000e+00
7.061632114310005193e+01,0.000000000000000000e+00,0.000000000000000000e+00
6.765165595819445343e+01,0.000000000000000000e+00,0.000000000000000000e+00
7.010059652592481427e+01,0.000000000000000000e+00,0.000000000000000000e+00
7.028667735276425788e+01,0.000000000000000000e+00,0.000000000000000000e+00
7.501810560454431709e+01,0.000000000000000000e+00,0.000000000000000000e+00
7.248650477363308653e+01,0.000000000000000000e+00,0.000000000000000000e+00
7.513411587022832805e+01,0.000000000000000000e+00,0.000000000000000000e+00
6.867892832075631304e+01,0.000000000000000000e+00,0.000000000000000000e+00
7.372103029011798014e+01,0.000000000000000000e+00,0.000000000000000000e+00
7.272969800751229741e+01,0.000000000000000000e+00,0.000000000000000000e+00
7.101799795444006236e+01,0.000000000000000000e+00,0.000000000000000000e+00
7.052911579182544699e+01,0.000000000000000000e+00,0.000000000000000000e+00
7.057663761701465432e+01,0.000000000000000000e+00,0.000000000000000000e+00
7.490072269444171127e+01,0.000000000000000000e+00,0.000000000000000000e+00
6.859894953604799639e+01,0.000000000000000000e+00,0.000000000000000000e+00
7.309907257200677577e+01,0.000000000000000000e+00,0.000000000000000000e+00
6.922130283753297419e+01,0.000000000000000000e+00,0.000000000000000000e+00
7.064619567125772903e+01,0.000000000000000000e+00,0.000000000000000000e+00
6.794776551952463706e+01,0.000000000000000000e+00,0.000000000000000000e+00
6.962556351106077557e+01,0.000000000000000000e+00,0.000000000000000000e+00
7.198214449181497798e+01,0.000000000000000000e+00,0.000000000000000000e+00
6.962179403510377540e+01,0.000000000000000000e+00,0.000000000000000000e+00
7.064440922101202602e+01,0.000000000000000000e+00,0.000000000000000000e+00
7.028699480317891357e+01,0.000000000000000000e+00,0.000000000000000000e+00
7.230262675601956346e+01,0.000000000000000000e+00,0.000000000000000000e+00
6.849456837290449585e+01,0.000000000000000000e+00,0.000000000000000000e+00
7.083341208295964009e+01,0.000000000000000000e+00,0.000000000000000000e+00
6.895724345829840729e+01,0.000000000000000000e+00,0.000000000000000000e+00
6.949347518394381495e+01,0.000000000000000000e+00,0.000000000000000000e+00
6.881691671118329623e+01,0.000000000000000000e+00,0.000000000000000000e+00
6.967619605015141815e+01,0.000000000000000000e+00,0.000000000000000000e+00
6.577037651314660138e+01,0.000000000000000000e+00,0.000000000000000000e+00
7.310523386238290300e+01,0.000000000000000000e+00,0.000000000000000000e+00
7.476125015490185888e+01,0.000000000000000000e+00,0.000000000000000000e+00
7.041557860467359831e+01,0.000000000000000000e+00,0.000000000000000000e+00
7.083242841177089133e+01,0.000000000000000000e+00,0.000000000000000000e+00
7.144150428190414459e+01,0.000000000000000000e+00,0.000000000000000000e+00
6.869252426696078828e+01,0.000000000000000000e+00,0.000000000000000000e+00
7.342213509618667899e+01,0.000000000000000000e+00,0.000000000000000000e+00
7.053098084243165999e+01,0.000000000000000000e+00,0.000000000000000000e+00
7.062542947900804791e+01,0.000000000000000000e+00,0.000000000000000000e+00
7.076114279372340832e+01,0.000000000000000000e+00,0.000000000000000000e+00
6.927760666647090204e+01,0.000000000000000000e+00,0.000000000000000000e+00
6.461354631381215086e+01,0.000000000000000000e+00,0.000000000000000000e+00
7.042881737461674163e+01,0.000000000000000000e+00,0.000000000000000000e+00
6.748621922546800533e+01,0.000000000000000000e+00,0.000000000000000000e+00
6.776383454752765090e+01,0.000000000000000000e+00,0.000000000000000000e+00
7.150369503843198515e+01,0.000000000000000000e+00,0.000000000000000000e+00
6.993142161642171573e+01,0.000000000000000000e+00,0.000000000000000000e+00
6.818721751441620427e+01,0.000000000000000000e+00,0.000000000000000000e+00
6.860108268640843221e+01,0.000000000000000000e+00,0.000000000000000000e+00
6.855171084816983296e+01,0.000000000000000000e+00,0.000000000000000000e+00
6.949121731080684583e+01,0.000000000000000000e+00,0.000000000000000000e+00
6.949777106494711632e+01,0.000000000000000000e+00,0.000000000000000000e+00
6.821924020627653817e+01,0.000000000000000000e+00,0.000000000000000000e+00
7.066142964402745008e+01,0.000000000000000000e+00,0.000000000000000000e+00
7.079492929356439390e+01,0.000000000000000000e+00,0.000000000000000000e+00
6.913610387862753726e+01,0.000000000000000000e+00,0.000000000000000000e+00
7.126598115243359644e+01,0.000000000000000000e+00,0.000000000000000000e+00
7.008581238200144981e+01,0.000000000000000000e+00,0.000000000000000000e+00
6.682624437542386886e+01,0.000000000000000000e+00,0.000000000000000000e+00
6.606887467046000495e+01,0.000000000000000000e+00,0.000000000000000000e+00
6.916240134859344835e+01,0.000000000000000000e+00,0.000000000000000000e+00
6.684563539465054305e+01,0.000000000000000000e+00,0.000000000000000000e+00
6.796200122477839045e+01,0.000000000000000000e+00,0.000000000000000000e+00
6.532059860032033782e+01,0.000000000000000000e+00,0.000000000000000000e+00
6.904768531783527408e+01,0.000000000000000000e+00,0.000000000000000000e+00
7.073801379534261002e+01,0.000000000000000000e+00,0.000000000000000000e+00
6.692170344276291871e+01,0.000000000000000000e+00,0.000000000000000000e+00
6.664970692324661172e+01,0.000000000000000000e+00,0.000000000000000000e+00
6.739221240898075393e+01,0.000000000000000000e+00,0.000000000000000000e+00
6.897619753626220529e+01,0.000000000000000000e+00,0.000000000000000000e+00
6.961413204960258838e+01,0.000000000000000000e+00,0.000000000000000000e+00
6.375056193348627431e+01,0.000000000000000000e+00,0.000000000000000000e+00
6.620786442836288188e+01,0.000000000000000000e+00,0.000000000000000000e+00
6.488472245483360723e+01,0.000000000000000000e+00,0.000000000000000000e+00
6.965898370516936211e+01,0.000000000000000000e+00,0.000000000000000000e+00
6.463257411586666024e+01,0.000000000000000000e+00,0.000000000000000000e+00
6.825020974272862873e+01,0.000000000000000000e+00,0.000000000000000000e+00
6.877292119708650375e+01,0.000000000000000000e+00,0.000000000000000000e+00
6.264762987001886785e+01,0.000000000000000000e+00,0.000000000000000000e+00
6.658621007451239393e+01,0.000000000000000000e+00,0.000000000000000000e+00
7.082780880593308837e+01,0.000000000000000000e+00,0.000000000000000000e+00
6.784878061506046265e+01,0.000000000000000000e+00,0.000000000000000000e+00
6.757750176566706557e+01,0.000000000000000000e+00,0.000000000000000000e+00
6.823827051074556493e+01,0.000000000000000000e+00,0.000000000000000000e+00
6.248426337027224520e+01,0.000000000000000000e+00,0.000000000000000000e+00
6.772226712194049014e+01,0.000000000000000000e+00,0.000000000000000000e+00
6.569719711481631919e+01,0.000000000000000000e+00,0.000000000000000000e+00
6.689855968176624401e+01,0.000000000000000000e+00,0.000000000000000000e+00
6.526645240462025299e+01,0.000000000000000000e+00,0.000000000000000000e+00
6.552099795679940542e+01,0.000000000000000000e+00,0.000000000000000000e+00
6.795244475445056764e+01,0.000000000000000000e+00,0.000000000000000000e+00
6.494180739184251649e+01,0.000000000000000000e+00,0.000000000000000000e+00
6.886413556846788708e+01,0.000000000000000000e+00,0.000000000000000000e+00
6.933537029803152052e+01,0.000000000000000000e+00,0.000000000000000000e+00
6.694867421757106740e+01,0.000000000000000000e+00,0.000000000000000000e+00
6.644281122678881957e+01,0.000000000000000000e+00,0.000000000000000000e+00
7.035367691977720028e+01,0.000000000000000000e+00,0.000000000000000000e+00
6.246506875743150289e+01,0.000000000000000000e+00,0.000000000000000000e+00
6.824138024547931991e+01,0.000000000000000000e+00,0.000000000000000000e+00
6.815826226025619405e+01,0.000000000000000000e+00,0.000000000000000000e+00
6.820186140464332425e+01,0.000000000000000000e+00,0.000000000000000000e+00
6.612881713193138467e+01,0.000000000000000000e+00,0.000000000000000000e+00
6.556542196255853128e+01,0.000000000000000000e+00,0.000000000000000000e+00
6.403668030160507385e+01,0.000000000000000000e+00,0.000000000000000000e+00
6.607797152811738783e+01,0.000000000000000000e+00,0.000000000000000000e+00
7.011871816198669194e+01,0.000000000000000000e+00,0.000000000000000000e+00
6.478231336608082813e+01,0.000000000000000000e+00,0.000000000000000000e+00
6.650582016995750223e+01,0.000000000000000000e+00,0.000000000000000000e+00
6.964478420581242801e+01,0.000000000000000000e+00,0.000000000000000000e+00
6.387560686141421229e+01,0.000000000000000000e+00,0.000000000000000000e+00
6.350591528435432309e+01,0.000000000000000000e+00,0.000000000000000000e+00
6.457729787509127561e+01,0.000000000000000000e+00,0.000000000000000000e+00
6.394135141707688774e+01,0.000000000000000000e+00,0.000000000000000000e+00
6.335071010664277935e+01,0.000000000000000000e+00,0.000000000000000000e+00
6.478429282782170162e+01,0.000000000000000000e+00,0.000000000000000000e+00
6.363576941782095275e+01,0.000000000000000000e+00,0.000000000000000000e+00
6.420175929575614759e+01,0.000000000000000000e+00,0.000000000000000000e+00
6.643636433156788712e+01,0.000000000000000000e+00,0.000000000000000000e+00
6.536799428953479207e+01,0.000000000000000000e+00,0.000000000000000000e+00
6.490370893005072617e+01,0.000000000000000000e+00,0.000000000000000000e+00
6.298855834790613528e+01,0.000000000000000000e+00,0.000000000000000000e+00
6.043162277706456820e+01,0.000000000000000000e+00,0.000000000000000000e+00
6.000661970463173134e+01,0.000000000000000000e+00,0.000000000000000000e+00
5.995307571641779987e+01,0.000000000000000000e+00,0.000000000000000000e+00
6.682740965404636313e+01,0.000000000000000000e+00,0.000000000000000000e+00
6.587624092242289464e+01,0.000000000000000000e+00,0.000000000000000000e+00
6.170150181796915234e+01,0.000000000000000000e+00,0.000000000000000000e+00
6.532798565493652632e+01,0.000000000000000000e+00,0.000000000000000000e+00
6.114029252342451315e+01,0.000000000000000000e+00,0.000000000000000000e+00
6.164958623961008755e+01,0.000000000000000000e+00,0.000000000000000000e+00
6.226820005900326294e+01,0.000000000000000000e+00,0.000000000000000000e+00
6.289041084242288804e+01,0.000000000000000000e+00,0.000000000000000000e+00
6.637065475937201597e+01,0.000000000000000000e+00,0.000000000000000000e+00
6.355561527076775974e+01,0.000000000000000000e+00,0.000000000000000000e+00
6.031024000642699434e+01,0.000000000000000000e+00,0.000000000000000000e+00
6.116796279319098062e+01,0.000000000000000000e+00,0.000000000000000000e+00
6.014828270808894217e+01,0.000000000000000000e+00,0.000000000000000000e+00
6.145203868899032784e+01,0.000000000000000000e+00,0.000000000000000000e+00
6.458174484930088965e+01,0.000000000000000000e+00,0.000000000000000000e+00
6.108901302915280951e+01,0.000000000000000000e+00,0.000000000000000000e+00
6.242233144613908991e+01,0.000000000000000000e+00,0.000000000000000000e+00
6.440988649527427867e+01,0.000000000000000000e+00,0.000000000000000000e+00
6.563682498472437032e+01,0.000000000000000000e+00,0.000000000000000000e+00
6.288774975086808183e+01,0.000000000000000000e+00,0.000000000000000000e+00
6.427901244861345731e+01,0.000000000000000000e+00,0.000000000000000000e+00
6.188966987348013049e+01,0.000000000000000000e+00,0.000000000000000000e+00
6.539108496116725178e+01,0.000000000000000000e+00,0.000000000000000000e+00
6.160208801732751027e+01,0.000000000000000000e+00,0.000000000000000000e+00
6.016352626151977745e+01,0.000000000000000000e+00,0.000000000000000000e+00
6.212746678895451424e+01,0.000000000000000000e+00,0.000000000000000000e+00
5.997108832778373966e+01,0.000000000000000000e+00,0.000000000000000000e+00
6.526782886721940713e+01,0.000000000000000000e+00,0.000000000000000000e+00
6.010437140998335792e+01,0.000000000000000000e+00,0.000000000000000000e+00
6.150562833925152972e+01,0.000000000000000000e+00,0.000000000000000000e+00
6.385718021317434534e+01,0.000000000000000000e+00,0.000000000000000000e+00
6.002776672532547764e+01,0.000000000000000000e+00,0.000000000000000000e+00
6.049204879563620096e+01,0.000000000000000000e+00,0.000000000000000000e+00
6.329301920738696197e+01,0.000000000000000000e+00,0.000000000000000000e+00
6.257617622943295999e+01,0.000000000000000000e+00,0.000000000000000000e+00
5.958468305837644152e+01,0.000000000000000000e+00,0.000000000000000000e+00
6.153286232053471849e+01,0.000000000000000000e+00,0.000000000000000000e+00
6.359644366241192870e+01,0.000000000000000000e+00,0.000000000000000000e+00
6.119075125903401613e+01,0.000000000000000000e+00,0.000000000000000000e+00
6.379665589574157991e+01,0.000000000000000000e+00,0.000000000000000000e+00
6.012481178061391063e+01,0.000000000000000000e+00,0.000000000000000000e+00
6.041094205330040978e+01,0.000000000000000000e+00,0.000000000000000000e+00
6.022502939125893562e+01,0.000000000000000000e+00,0.000000000000000000e+00
6.098852811469606650e+01,0.000000000000000000e+00,0.000000000000000000e+00
6.140506528952779774e+01,0.000000000000000000e+00,0.000000000000000000e+00
6.391648346058502739e+01,0.000000000000000000e+00,0.000000000000000000e+00
5.889724984584798051e+01,0.000000000000000000e+00,0.000000000000000000e+00
5.937967323579150047e+01,0.000000000000000000e+00,0.000000000000000000e+00
5.602845332895148545e+01,0.000000000000000000e+00,0.000000000000000000e+00
5.808760051128970048e+01,0.000000000000000000e+00,0.000000000000000000e+00
6.503381929090254232e+01,0.000000000000000000e+00,0.000000000000000000e+00
5.695773726199751508e+01,0.000000000000000000e+00,0.000000000000000000e+00
5.872317150939435493e+01,0.000000000000000000e+00,0.000000000000000000e+00
6.006952040733961695e+01,0.000000000000000000e+00,0.000000000000000000e+00
6.134275881647152318e+01,0.000000000000000000e+00,0.000000000000000000e+00
6.083713928490387701e+01,0.000000000000000000e+00,0.000000000000000000e+00
5.817309179969279853e+01,0.000000000000000000e+00,0.000000000000000000e+00
5.759856344420965257e+01,0.000000000000000000e+00,0.000000000000000000e+00
5.799984069759103278e+01,0.000000000000000000e+00,0.000000000000000000e+00
6.062130928121145956e+01,0.000000000000000000e+00,0.000000000000000000e+00
5.789520870851210788e+01,0.000000000000000000e+00,0.000000000000000000e+00
6.030027380157611816e+01,0.000000000000000000e+00,0.000000000000000000e+00
5.942357003912252367e+01,0.000000000000000000e+00,0.000000000000000000e+00
5.922456257079434039e+01,0.000000000000000000e+00,0.000000000000000000e+00
5.840791785166438643e+01,0.000000000000000000e+00,0.000000000000000000e+00
6.048422941153359744e+01,0.000000000000000000e+00,0.000000000000000000e+00
6.177931265119944015e+01,0.000000000000000000e+00,0.000000000000000000e+00
5.893436868657961014e+01,0.000000000000000000e+00,0.000000000000000000e+00
5.571123681357684632e+01,0.000000000000000000e+00,0.000000000000000000e+00
5.727758179333429212e+01,0.000000000000000000e+00,0.000000000000000000e+00
5.814559706370959447e+01,0.000000000000000000e+00,0.000000000000000000e+00
5.841500529592654090e+01,0.000000000000000000e+00,0.000000000000000000e+00
5.832437985424874682e+01,0.000000000000000000e+00,0.000000000000000000e+00
5.788496217872800287e+01,0.000000000000000000e+00,0.000000000000000000e+00
5.723301992093818313e+01,0.000000000000000000e+00,0.000000000000000000e+00
6.030629678042964770e+01,0.000000000000000000e+00,0.000000000000000000e+00
5.659167666778329675e+01,0.000000000000000000e+00,0.000000000000000000e+00
5.585227187953645256e+01,0.000000000000000000e+00,0.000000000000000000e+00
5.319559486008710536e+01,0.000000000000000000e+00,0.000000000000000000e+00
5.754193830227161044e+01,0.000000000000000000e+00,0.000000000000000000e+00
6.315025404422125632e+01,0.000000000000000000e+00,0.000000000000000000e+00
5.533333514585059731e+01,0.000000000000000000e+00,0.000000000000000000e+00
5.866956100913469641e+01,0.000000000000000000e+00,0.000000000000000000e+00
5.855069552653738896e+01,0.000000000000000000e+00,0.000000000000000000e+00
5.662375072972789525e+01,0.000000000000000000e+00,0.000000000000000000e+00
5.628188676923296185e+01,0.000000000000000000e+00,0.000000000000000000e+00
5.492654444783200773e+01,0.000000000000000000e+00,0.000000000000000000e+00
5.718698148079620580e+01,0.000000000000000000e+00,0.000000000000000000e+00
5.869914060102822617e+01,0.000000000000000000e+00,0.000000000000000000e+00
5.590250749257276652e+01,0.000000000000000000e+00,0.000000000000000000e+00
5.616503074040972621e+01,0.000000000000000000e+00,0.000000000000000000e+00
5.952059482261947210e+01,0.000000000000000000e+00,0.000000000000000000e+00
5.846008293241898457e+01,0.000000000000000000e+00,0.000000000000000000e+00
5.425505456676346228e+01,0.000000000000000000e+00,0.000000000000000000e+00
5.941716730004508662e+01,0.000000000000000000e+00,0.000000000000000000e+00
5.915843721442634973e+01,0.000000000000000000e+00,0.000000000000000000e+00
5.506349118415460708e+01,0.000000000000000000e+00,0.000000000000000000e+00
5.531118609536356701e+01,0.000000000000000000e+00,0.000000000000000000e+00
5.743007709396837157e+01,0.000000000000000000e+00,0.000000000000000000e+00
5.721079763889878933e+01,0.000000000000000000e+00,0.000000000000000000e+00
5.501401569459537200e+01,0.000000000000000000e+00,0.000000000000000000e+00
5.778818999095837938e+01,0.000000000000000000e+00,0.000000000000000000e+00
5.817296959887325158e+01,0.000000000000000000e+00,0.000000000000000000e+00
5.553541477120246839e+01,0.000000000000000000e+00,0.000000000000000000e+00
5.588684907265704283e+01,0.000000000000000000e+00,0.000000000000000000e+00
5.508548676790876897e+01,0.000000000000000000e+00,0.000000000000000000e+00
5.548422000398068121e+01,0.000000000000000000e+00,0.000000000000000000e+00
5.812801129572615366e+01,0.000000000000000000e+00,0.000000000000000000e+00
5.687417099109928387e+01,0.000000000000000000e+00,0.000000000000000000e+00
5.620363362525389306e+01,0.000000000000000000e+00,0.000000000000000000e+00
5.810495977040712035e+01,0.000000000000000000e+00,0.000000000000000000e+00
5.677651775846479154e+01,0.000000000000000000e+00,0.000000000000000000e+00
5.810241684850736021e+01,0.000000000000000000e+00,0.000000000000000000e+00
5.646516754253642034e+01,0.000000000000000000e+00,0.000000000000000000e+00
5.257634160753318753e+01,0.000000000000000000e+00,0.000000000000000000e+00
5.415339593466123347e+01,0.000000000000000000e+00,0.000000000000000000e+00
5.535597638740014759e+01,0.000000000000000000e+00,0.000000000000000000e+00
5.821811634133399593e+01,0.000000000000000000e+00,0.000000000000000000e+00
5.804330934557216182e+01,0.000000000000000000e+00,0.000000000000000000e+00
5.608658800942793476e+01,0.000000000000000000e+00,0.000000000000000000e+00
5.577980144841788501e+01,0.000000000000000000e+00,0.000000000000000000e+00
5.532167130762093166e+01,0.000000000000000000e+00,0.000000000000000000e+00
5.946864482218635573e+01,0.000000000000000000e+00,0.000000000000000000e+00
5.495442197471651724e+01,0.000000000000000000e+00,0.000000000000000000e+00
5.537530654193341917e+01,0.000000000000000000e+00,0.000000000000000000e+00
5.442704511708507198e+01,0.000000000000000000e+00,0.000000000000000000e+00
5.725759557448589021e+01,0.000000000000000000e+00,0.000000000000000000e+00
5.446949459752136846e+01,0.000000000000000000e+00,0.000000000000000000e+00
5.289325499377327588e+01,0.000000000000000000e+00,0.000000000000000000e+00
5.625726848752854892e+01,0.000000000000000000e+00,0.000000000000000000e+00
5.272832231702418682e+01,0.000000000000000000e+00,0.000000000000000000e+00
5.317496880926037051e+01,0.000000000000000000e+00,0.000000000000000000e+00
5.525229098896585356e+01,0.000000000000000000e+00,0.000000000000000000e+00
5.570653686851055397e+01,0.000000000000000000e+00,0.000000000000000000e+00
5.540514215110955121e+01,0.000000000000000000e+00,0.000000000000000000e+00
5.576422102634213473e+01,0.000000000000000000e+00,0.000000000000000000e+00
5.430418712893123256e+01,0.000000000000000000e+00,0.000000000000000000e+00
5.128889108295408761e+01,0.000000000000000000e+00,0.000000000000000000e+00
5.202261805595251332e+01,0.000000000000000000e+00,0.000000000000000000e+00
4.917449397043970549e+01,0.000000000000000000e+00,0.000000000000000000e+00
5.197674525501025755e+01,0.000000000000000000e+00,0.000000000000000000e+00
5.406546625293704977e+01,0.000000000000000000e+00,0.000000000000000000e+00
5.198332376429860346e+01,0.000000000000000000e+00,0.000000000000000000e+00
5.271661274282671172e+01,0.000000000000000000e+00,0.000000000000000000e+00
5.133224402644140127e+01,0.000000000000000000e+00,0.000000000000000000e+00
5.306651151861641580e+01,0.000000000000000000e+00,0.000000000000000000e+00
5.562826038266331352e+01,0.000000000000000000e+00,0.000000000000000000e+00
5.403127018702120665e+01,0.000000000000000000e+00,0.000000000000000000e+00
5.240515051060803131e+01,0.000000000000000000e+00,0.000000000000000000e+00
5.078100867968518628e+01,0.000000000000000000e+00,0.000000000000000000e+00
5.217298942282689467e+01,0.000000000000000000e+00,0.000000000000000000e+00
5.154089328722865559e+01,0.000000000000000000e+00,0.000000000000000000e+00
5.072090581163843837e+01,0.000000000000000000e+00,0.000000000000000000e+00
5.534027045399302125e+01,0.000000000000000000e+00,0.000000000000000000e+00
5.429288586231324132e+01,0.000000000000000000e+00,0.000000000000000000e+00
5.378760019526230707e+01,0.000000000000000000e+00,0.000000000000000000e+00
5.061666326454251674e+01,0.000000000000000000e+00,0.000000000000000000e+00
5.215180414902373229e+01,0.000000000000000000e+00,0.000000000000000000e+00
5.395478549016249303e+01,0.000000000000000000e+00,0.000000000000000000e+00
5.040656439933273703e+01,0.000000000000000000e+00,0.000000000000000000e+00
5.167694217775161292e+01,0.000000000000000000e+00,0.000000000000000000e+00
5.274448204304298571e+01,0.000000000000000000e+00,0.000000000000000000e+00
5.128427775595686455e+01,0.000000000000000000e+00,0.000000000000000000e+00
5.128384462910920405e+01,0.000000000000000000e+00,0.000000000000000000e+00
5.027831678099785506e+01,0.000000000000000000e+00,0.000000000000000000e+00
5.114930241908329123e+01,0.000000000000000000e+00,0.000000000000000000e+00
5.017459684276140308e+01,0.000000000000000000e+00,0.000000000000000000e+00
5.099737606336542228e+01,0.000000000000000000e+00,0.000000000000000000e+00
5.102956062927736269e+01,0.000000000000000000e+00,0.000000000000000000e+00
4.927181294832226399e+01,0.000000000000000000e+00,0.000000000000000000e+00
5.203453842598300128e+01,0.000000000000000000e+00,0.000000000000000000e+00
5.228050830340589528e+01,0.000000000000000000e+00,0.000000000000000000e+00
5.318816001069249921e+01,0.000000000000000000e+00,0.000000000000000000e+00
4.956033140592469977e+01,0.000000000000000000e+00,0.000000000000000000e+00
4.891509055653753535e+01,0.000000000000000000e+00,0.000000000000000000e+00
5.097633158936577757e+01,0.000000000000000000e+00,0.000000000000000000e+00
4.697334512965814213e+01,0.000000000000000000e+00,0.000000000000000000e+00
4.864134107524601802e+01,0.000000000000000000e+00,0.000000000000000000e+00
4.934819128686588385e+01,0.000000000000000000e+00,0.000000000000000000e+00
5.421976400664617302e+01,0.000000000000000000e+00,0.000000000000000000e+00
5.176317177633863764e+01,0.000000000000000000e+00,0.000000000000000000e+00
4.478050697724235363e+01,0.000000000000000000e+00,0.000000000000000000e+00
5.226597293180261516e+01,0.000000000000000000e+00,0.000000000000000000e+00
5.068062547927544870e+01,0.000000000000000000e+00,0.000000000000000000e+00
4.653304290978542213e+01,0.000000000000000000e+00,0.000000000000000000e+00
5.100395329852631221e+01,0.000000000000000000e+00,0.000000000000000000e+00
4.754545020040029613e+01,0.000000000000000000e+00,0.000000000000000000e+00
5.186568279775443813e+01,0.000000000000000000e+00,0.000000000000000000e+00
5.132390362398015071e+01,0.000000000000000000e+00,0.000000000000000000e+00
4.940405917774723576e+01,0.000000000000000000e+00,0.000000000000000000e+00
4.479892583478159906e+01,0.000000000000000000e+00,0.000000000000000000e+00
5.349495171527963322e+01,0.000000000000000000e+00,0.000000000000000000e+00
5.431367968149651659e+01,0.000000000000000000e+00,0.000000000000000000e+00
4.856167306347455082e+01,0.000000000000000000e+00,0.000000000000000000e+00
4.916615671836773771e+01,0.000000000000000000e+00,0.000000000000000000e+00
4.975132197349314112e+01,0.000000000000000000e+00,0.000000000000000000e+00
4.917714599531699093e+01,0.000000000000000000e+00,0.000000000000000000e+00
5.359982067655297300e+01,0.000000000000000000e+00,0.000000000000000000e+00
4.631713468755035024e+01,0.000000000000000000e+00,0.000000000000000000e+00
4.843120364570004455e+01,0.000000000000000000e+00,0.000000000000000000e+00
4.581128117312989190e+01,0.000000000000000000e+00,0.000000000000000000e+00
5.096798464526958128e+01,0.000000000000000000e+00,0.000000000000000000e+00
4.624296910511024095e+01,0.000000000000000000e+00,0.000000000000000000e+00
4.957328516940594199e+01,0.000000000000000000e+00,0.000000000000000000e+00
4.897877679854927635e+01,0.000000000000000000e+00,0.000000000000000000e+00
4.718091365439418894e+01,0.000000000000000000e+00,0.000000000000000000e+00
4.741529149428400558e+01,0.000000000000000000e+00,0.000000000000000000e+00
4.756474153571505781e+01,0.000000000000000000e+00,0.000000000000000000e+00
4.469169408891143291e+01,0.000000000000000000e+00,0.000000000000000000e+00
4.458581183322992558e+01,0.000000000000000000e+00,0.000000000000000000e+00
4.948996220768979981e+01,0.000000000000000000e+00,0.000000000000000000e+00
4.554781033939493540e+01,0.000000000000000000e+00,0.000000000000000000e+00
4.670437352782970208e+01,0.000000000000000000e+00,0.000000000000000000e+00
4.744802371498054328e+01,0.000000000000000000e+00,0.000000000000000000e+00
4.882198808075895613e+01,0.000000000000000000e+00,0.000000000000000000e+00
4.440409221144263796e+01,0.000000000000000000e+00,0.000000000000000000e+00
4.751987064128746852e+01,0.000000000000000000e+00,0.000000000000000000e+00
4.740999489260004651e+01,0.000000000000000000e+00,0.000000000000000000e+00
4.780847150823659319e+01,0.000000000000000000e+00,0.000000000000000000e+00
4.503401378335205152e+01,0.000000000000000000e+00,0.000000000000000000e+00
4.414976934854466606e+01,0.000000000000000000e+00,0.000000000000000000e+00
4.491889270144866231e+01,0.000000000000000000e+00,0.000000000000000000e+00
4.446632556317349128e+01,0.000000000000000000e+00,0.000000000000000000e+00
4.652606787220340578e+01,0.000000000000000000e+00,0.000000000000000000e+00
4.804589131595174933e+01,0.000000000000000000e+00,0.000000000000000000e+00
4.892045371258792130e+01,0.000000000000000000e+00,0.000000000000000000e+00
4.959889494707854851e+01,0.000000000000000000e+00,0.000000000000000000e+00
4.636557589749785535e+01,0.000000000000000000e+00,0.000000000000000000e+00
4.587003347715125301e+01,0.000000000000000000e+00,0.000000000000000000e+00
4.693812721882354566e+01,0.000000000000000000e+00,0.000000000000000000e+00
4.291961048260109379e+01,0.000000000000000000e+00,0.000000000000000000e+00
4.623992737170825507e+01,0.000000000000000000e+00,0.000000000000000000e+00
4.644528627954340294e+01,0.000000000000000000e+00,0.000000000000000000e+00
4.590500157479286969e+01,0.000000000000000000e+00,0.000000000000000000e+00
4.337413586403411614e+01,0.000000000000000000e+00,0.000000000000000000e+00
4.995498653876014572e+01,0.000000000000000000e+00,0.000000000000000000e+00
4.707043737486181811e+01,0.000000000000000000e+00,0.000000000000000000e+00
4.584718966419080743e+01,0.000000000000000000e+00,0.000000000000000000e+00
3.897718473209136647e+01,0.000000000000000000e+00,0.000000000000000000e+00
4.464349831502652677e+01,0.000000000000000000e+00,0.000000000000000000e+00
4.483936114810162366e+01,0.000000000000000000e+00,0.000000000000000000e+00
4.467413037964783484e+01,0.000000000000000000e+00,0.000000000000000000e+00
4.530377436274518743e+01,0.000000000000000000e+00,0.000000000000000000e+00
4.588525997857357908e+01,0.000000000000000000e+00,0.000000000000000000e+00
4.888505777800268959e+01,0.000000000000000000e+00,0.000000000000000000e+00
4.436940879468062349e+01,0.000000000000000000e+00,0.000000000000000000e+00
4.496478707614821957e+01,0.000000000000000000e+00,0.000000000000000000e+00
4.480148515262646924e+01,0.000000000000000000e+00,0.000000000000000000e+00
4.218532252891099432e+01,0.000000000000000000e+00,0.000000000000000000e+00
4.508286518974046686e+01,0.000000000000000000e+00,0.000000000000000000e+00
4.526873411571202155e+01,0.000000000000000000e+00,0.000000000000000000e+00
4.487552078437968817e+01,0.000000000000000000e+00,0.000000000000000000e+00
4.225314294173422525e+01,0.000000000000000000e+00,0.000000000000000000e+00
4.077340012310010309e+01,0.000000000000000000e+00,0.000000000000000000e+00
4.334595084116267572e+01,0.000000000000000000e+00,0.000000000000000000e+00
4.402064827036825534e+01,0.000000000000000000e+00,0.000000000000000000e+00
4.098519157052779605e+01,0.000000000000000000e+00,0.000000000000000000e+00
4.437418609658845980e+01,0.000000000000000000e+00,0.000000000000000000e+00
4.618268357646648070e+01,0.000000000000000000e+00,0.000000000000000000e+00
5.023942472595197728e+01,0.000000000000000000e+00,0.000000000000000000e+00
4.126226850115583034e+01,0.000000000000000000e+00,0.000000000000000000e+00
4.355711889056255615e+01,0.000000000000000000e+00,0.000000000000000000e+00
4.283302203117695939e+01,0.000000000000000000e+00,0.000000000000000000e+00
4.365922884164930906e+01,0.000000000000000000e+00,0.000000000000000000e+00
4.149253284569660138e+01,0.000000000000000000e+00,0.000000000000000000e+00
4.272140599570702335e+01,0.000000000000000000e+00,0.000000000000000000e+00
4.312555861645239474e+01,0.000000000000000000e+00,0.000000000000000000e+00
4.257152601647431567e+01,0.000000000000000000e+00,0.000000000000000000e+00
4.543841400133704411e+01,0.000000000000000000e+00,0.000000000000000000e+00
4.098843490863681183e+01,0.000000000000000000e+00,0.000000000000000000e+00
4.258154392448977177e+01,0.000000000000000000e+00,0.000000000000000000e+00
4.230150166011518564e+01,0.000000000000000000e+00,0.000000000000000000e+00
4.384840039477977314e+01,0.000000000000000000e+00,0.000000000000000000e+00
4.512681769247870278e+01,0.000000000000000000e+00,0.000000000000000000e+00
4.228371834958007724e+01,0.000000000000000000e+00,0.000000000000000000e+00
4.258866210121268381e+01,0.000000000000000000e+00,0.000000000000000000e+00
3.969774459570347602e+01,0.000000000000000000e+00,0.000000000000000000e+00
4.203098671949256726e+01,0.000000000000000000e+00,0.000000000000000000e+00
4.519383308639046959e+01,0.000000000000000000e+00,0.000000000000000000e+00
4.264031387399851525e+01,0.000000000000000000e+00,0.000000000000000000e+00
4.321533940845545629e+01,0.000000000000000000e+00,0.000000000000000000e+00
4.280849815508169343e+01,0.000000000000000000e+00,0.000000000000000000e+00
3.898973115122181099e+01,0.000000000000000000e+00,0.000000000000000000e+00
4.200801263383838346e+01,0.000000000000000000e+00,0.000000000000000000e+00
4.174116941078555953e+01,0.000000000000000000e+00,0.000000000000000000e+00
4.011083164461022221e+01,0.000000000000000000e+00,0.000000000000000000e+00
4.403920263447086825e+01,0.000000000000000000e+00,0.000000000000000000e+00
4.065800870950135959e+01,0.000000000000000000e+00,0.000000000000000000e+00
3.960432704656642500e+01,0.000000000000000000e+00,0.000000000000000000e+00
4.229261096742676784e+01,0.000000000000000000e+00,0.000000000000000000e+00
4.564794416402679644e+01,0.000000000000000000e+00,0.000000000000000000e+00
4.177825504158231240e+01,0.000000000000000000e+00,0.000000000000000000e+00
3.829479687938368215e+01,0.000000000000000000e+00,0.000000000000000000e+00
3.698936717043002886e+01,0.000000000000000000e+00,0.000000000000000000e+00
3.868923157147657577e+01,0.000000000000000000e+00,0.000000000000000000e+00
3.714806096911374311e+01,0.000000000000000000e+00,0.000000000000000000e+00
4.004117509377469730e+01,0.000000000000000000e+00,0.000000000000000000e+00
4.189898842330674000e+01,0.000000000000000000e+00,0.000000000000000000e+00
4.324446100146824534e+01,0.000000000000000000e+00,0.000000000000000000e+00
3.885614044284348978e+01,0.000000000000000000e+00,0.000000000000000000e+00
3.590934197755919399e+01,0.000000000000000000e+00,0.000000000000000000e+00
4.113875768878202877e+01,0.000000000000000000e+00,0.000000000000000000e+00
4.256486487918964201e+01,0.000000000000000000e+00,0.000000000000000000e+00
3.871868342018925091e+01,0.000000000000000000e+00,0.000000000000000000e+00
3.783868526685639466e+01,0.000000000000000000e+00,0.000000000000000000e+00
3.984113371765202061e+01,0.000000000000000000e+00,0.000000000000000000e+00
4.055115474051007141e+01,0.000000000000000000e+00,0.000000000000000000e+00
3.818431035486582914e+01,0.000000000000000000e+00,0.000000000000000000e+00
3.603869113095930743e+01,0.000000000000000000e+00,0.000000000000000000e+00
3.573728106855165976e+01,0.000000000000000000e+00,0.000000000000000000e+00
3.871551760436788925e+01,0.000000000000000000e+00,0.000000000000000000e+00
3.809729535697775304e+01,0.000000000000000000e+00,0.000000000000000000e+00
3.938224674602250985e+01,0.000000000000000000e+00,0.000000000000000000e+00
3.924016372674239506e+01,0.000000000000000000e+00,0.000000000000000000e+00
3.911869764294016250e+01,0.000000000000000000e+00,0.000000000000000000e+00
3.752295690590652555e+01,0.000000000000000000e+00,0.000000000000000000e+00
3.641038005121333754e+01,0.000000000000000000e+00,0.000000000000000000e+00
4.061022365117619159e+01,0.000000000000000000e+00,0.000000000000000000e+00
3.434687629622600724e+01,0.000000000000000000e+00,0.000000000000000000e+00
3.962504293721402604e+01,0.000000000000000000e+00,0.000000000000000000e+00
3.864682002601735178e+01,0.000000000000000000e+00,0.000000000000000000e+00
3.885730736229260174e+01,0.000000000000000000e+00,0.000000000000000000e+00
4.037578365272675995e+01,0.000000000000000000e+00,0.000000000000000000e+00
3.701515905931987049e+01,0.000000000000000000e+00,0.000000000000000000e+00
4.094337693336181161e+01,0.000000000000000000e+00,0.000000000000000000e+00
3.955196377997902601e+01,0.000000000000000000e+00,0.000000000000000000e+00
3.990330238867090173e+01,0.000000000000000000e+00,0.000000000000000000e+00
3.572587952996495630e+01,0.000000000000000000e+00,0.000000000000000000e+00
4.033325071561081643e+01,0.000000000000000000e+00,0.000000000000000000e+00
3.599634302623829996e+01,0.000000000000000000e+00,0.000000000000000000e+00
3.879109381287130276e+01,0.000000000000000000e+00,0.000000000000000000e+00
4.067245655981167829e+01,0.000000000000000000e+00,0.000000000000000000e+00
3.831226547169444530e+01,0.000000000000000000e+00,0.000000000000000000e+00
3.601555511383244124e+01,0.000000000000000000e+00,0.000000000000000000e+00
3.843627388960818081e+01,0.000000000000000000e+00,0.000000000000000000e+00
4.068873234050900578e+01,0.000000000000000000e+00,0.000000000000000000e+00
3.977586415486634763e+01,0.000000000000000000e+00,0.000000000000000000e+00
3.914046045691011244e+01,0.000000000000000000e+00,0.000000000000000000e+00
3.834058996976212086e+01,0.000000000000000000e+00,0.000000000000000000e+00
3.668913741870868961e+01,0.000000000000000000e+00,0.000000000000000000e+00
3.701245031205139924e+01,0.000000000000000000e+00,0.000000000000000000e+00
3.689870000253204552e+01,0.000000000000000000e+00,0.000000000000000000e+00
3.963337624706483808e+01,0.000000000000000000e+00,0.000000000000000000e+00
3.607889628317102648e+01,0.000000000000000000e+00,0.000000000000000000e+00
3.393643155651374599e+01,0.000000000000000000e+00,0.000000000000000000e+00
3.419341046638911763e+01,0.000000000000000000e+00,0.000000000000000000e+00
3.707741240720184095e+01,0.000000000000000000e+00,0.000000000000000000e+00
3.676531184031929200e+01,0.000000000000000000e+00,0.000000000000000000e+00
3.686449479512478433e+01,0.000000000000000000e+00,0.000000000000000000e+00
3.890278066431463344e+01,0.000000000000000000e+00,0.000000000000000000e+00
3.514232003574501562e+01,0.000000000000000000e+00,0.000000000000000000e+00
3.929208090717254009e+01,0.000000000000000000e+00,0.000000000000000000e+00
3.490126408902623467e+01,0.000000000000000000e+00,0.000000000000000000e+00
3.779053324322806873e+01,0.000000000000000000e+00,0.000000000000000000e+00
3.577858190618533740e+01,0.000000000000000000e+00,0.000000000000000000e+00
3.604369963275250655e+01,0.000000000000000000e+00,0.000000000000000000e+00
3.425896101449092157e+01,0.000000000000000000e+00,0.000000000000000000e+00
3.578104908866688305e+01,0.000000000000000000e+00,0.000000000000000000e+00
3.812023955575614309e+01,0.000000000000000000e+00,0.000000000000000000e+00
3.561257894133692758e+01,0.000000000000000000e+00,0.000000000000000000e+00
3.503579708616817356e+01,0.000000000000000000e+00,0.000000000000000000e+00
3.721386524702114684e+01,0.000000000000000000e+00,0.000000000000000000e+00
3.670828570043237704e+01,0.000000000000000000e+00,0.000000000000000000e+00
3.663746567312781366e+01,0.000000000000000000e+00,0.000000000000000000e+00
3.206429332815073252e+01,0.000000000000000000e+00,0.000000000000000000e+00
3.479436423270927037e+01,0.000000000000000000e+00,0.000000000000000000e+00
3.369231169672619330e+01,0.000000000000000000e+00,0.000000000000000000e+00
3.579088604819594366e+01,0.000000000000000000e+00,0.000000000000000000e+00
3.485835803630342156e+01,0.000000000000000000e+00,0.000000000000000000e+00
3.567983401663089893e+01,0.000000000000000000e+00,0.000000000000000000e+00
3.476052204688669178e+01,0.000000000000000000e+00,0.000000000000000000e+00
3.478651435097403066e+01,0.000000000000000000e+00,0.000000000000000000e+00
3.143536909486104847e+01,0.000000000000000000e+00,0.000000000000000000e+00
3.704423664254515813e+01,0.000000000000000000e+00,0.000000000000000000e+00
3.333107025576974536e+01,0.000000000000000000e+00,0.000000000000000000e+00
3.874785793996547056e+01,0.000000000000000000e+00,0.000000000000000000e+00
3.657151456240504217e+01,0.000000000000000000e+00,0.000000000000000000e+00
3.366342004699303203e+01,0.000000000000000000e+00,0.000000000000000000e+00
3.557692208982127369e+01,0.000000000000000000e+00,0.000000000000000000e+00
3.199167455858140841e+01,0.000000000000000000e+00,0.000000000000000000e+00
3.578285596108941036e+01,0.000000000000000000e+00,0.000000000000000000e+00
3.243756920069920113e+01,0.000000000000000000e+00,0.000000000000000000e+00
3.570408199496702650e+01,0.000000000000000000e+00,0.000000000000000000e+00
3.135745573930825003e+01,0.000000000000000000e+00,0.000000000000000000e+00
3.444576721966217292e+01,0.000000000000000000e+00,0.000000000000000000e+00
3.301742153332688190e+01,0.000000000000000000e+00,0.000000000000000000e+00
3.351268718635272137e+01,0.000000000000000000e+00,0.000000000000000000e+00
3.023157390390336019e+01,0.000000000000000000e+00,0.000000000000000000e+00
3.488011189329831296e+01,0.000000000000000000e+00,0.000000000000000000e+00
3.494380087322663542e+01,0.000000000000000000e+00,0.000000000000000000e+00
3.280009315914996648e+01,0.000000000000000000e+00,0.000000000000000000e+00
3.436004067772057624e+01,0.000000000000000000e+00,0.000000000000000000e+00
3.211081612156878151e+01,0.000000000000000000e+00,0.000000000000000000e+00
3.741935804807882704e+01,0.000000000000000000e+00,0.000000000000000000e+00
3.570157881959563184e+01,0.000000000000000000e+00,0.000000000000000000e+00
3.361637325621932604e+01,0.000000000000000000e+00,0.000000000000000000e+00
3.051897126758040102e+01,0.000000000000000000e+00,0.000000000000000000e+00
3.399941283578563400e+01,0.000000000000000000e+00,0.000000000000000000e+00
3.363563687683731729e+01,0.000000000000000000e+00,0.000000000000000000e+00
3.069726330438025741e+01,0.000000000000000000e+00,0.000000000000000000e+00
3.361850922023856469e+01,0.000000000000000000e+00,0.000000000000000000e+00
3.138968069638796621e+01,0.000000000000000000e+00,0.000000000000000000e+00
2.995369277789205853e+01,0.000000000000000000e+00,0.000000000000000000e+00
3.283132950202826095e+01,0.000000000000000000e+00,0.000000000000000000e+00
3.009277080653528813e+01,0.000000000000000000e+00,0.000000000000000000e+00
3.221380669534975993e+01,0.000000000000000000e+00,0.000000000000000000e+00
3.380472062901636576e+01,0.000000000000000000e+00,0.000000000000000000e+00
3.741319105318831362e+01,0.000000000000000000e+00,0.000000000000000000e+00
3.553010816065452104e+01,0.000000000000000000e+00,0.000000000000000000e+00
2.941674461968241872e+01,0.000000000000000000e+00,0.000000000000000000e+00
3.258429279593511296e+01,0.000000000000000000e+00,0.000000000000000000e+00
3.364358931023689792e+01,0.000000000000000000e+00,0.000000000000000000e+00
3.265356789242836300e+01,0.000000000000000000e+00,0.000000000000000000e+00
3.001463950604347630e+01,0.000000000000000000e+00,0.000000000000000000e+00
3.581223969111767502e+01,0.000000000000000000e+00,0.000000000000000000e+00
3.035416999921321946e+01,0.000000000000000000e+00,0.000000000000000000e+00
3.214736096259983356e+01,0.000000000000000000e+00,0.000000000000000000e+00
2.907604799959045749e+01,0.000000000000000000e+00,0.000000000000000000e+00
3.265288168302906513e+01,0.000000000000000000e+00,0.000000000000000000e+00
3.211324639748214338e+01,0.000000000000000000e+00,0.000000000000000000e+00
3.441021861036537643e+01,0.000000000000000000e+00,0.000000000000000000e+00
2.771496591961841460e+01,0.000000000000000000e+00,0.000000000000000000e+00
3.063190030520013707e+01,0.000000000000000000e+00,0.000000000000000000e+00
3.065485316139015737e+01,0.000000000000000000e+00,0.000000000000000000e+00
3.185070017031108236e+01,0.000000000000000000e+00,0.000000000000000000e+00
3.155201080409551651e+01,0.000000000000000000e+00,0.000000000000000000e+00
2.856847151566607934e+01,0.000000000000000000e+00,0.000000000000000000e+00
2.987552828263619276e+01,0.000000000000000000e+00,0.000000000000000000e+00
3.310171016557948320e+01,0.000000000000000000e+00,0.000000000000000000e+00
2.981041138417508307e+01,0.000000000000000000e+00,0.000000000000000000e+00
2.767089815438476919e+01,0.000000000000000000e+00,0.000000000000000000e+00
3.162838955635867322e+01,0.000000000000000000e+00,0.000000000000000000e+00
3.190863627549942194e+01,0.000000000000000000e+00,0.000000000000000000e+00
2.922627476418218606e+01,0.000000000000000000e+00,0.000000000000000000e+00
2.899855424444969998e+01,0.000000000000000000e+00,0.000000000000000000e+00
3.087498821050925102e+01,0.000000000000000000e+00,0.000000000000000000e+00
3.068607916619713905e+01,0.000000000000000000e+00,0.000000000000000000e+00
2.800662993094794828e+01,0.000000000000000000e+00,0.000000000000000000e+00
3.250767130848051778e+01,0.000000000000000000e+00,0.000000000000000000e+00
2.989063129263876917e+01,0.000000000000000000e+00,0.000000000000000000e+00
3.044693920690818700e+01,0.000000000000000000e+00,0.000000000000000000e+00
3.010095713111257254e+01,0.000000000000000000e+00,0.000000000000000000e+00
3.211307758240546661e+01,0.000000000000000000e+00,0.000000000000000000e+00
2.985216399429181067e+01,0.000000000000000000e+00,0.000000000000000000e+00
3.102980174827125737e+01,0.000000000000000000e+00,0.000000000000000000e+00
3.152143982768113872e+01,0.000000000000000000e+00,0.000000000000000000e+00
2.652881664767336289e+01,0.000000000000000000e+00,0.000000000000000000e+00
3.108520411075997458e+01,0.000000000000000000e+00,0.000000000000000000e+00
2.916209878785890197e+01,0.000000000000000000e+00,0.000000000000000000e+00
2.843235283080739606e+01,0.000000000000000000e+00,0.000000000000000000e+00
3.075963773795407619e+01,0.000000000000000000e+00,0.000000000000000000e+00
3.281609994678742481e+01,0.000000000000000000e+00,0.000000000000000000e+00
3.060686783148907608e+01,0.000000000000000000e+00,0.000000000000000000e+00
2.755292505826616534e+01,0.000000000000000000e+00,0.000000000000000000e+00
2.830788510950786474e+01,0.000000000000000000e+00,0.000000000000000000e+00
2.622843056750890511e+01,0.000000000000000000e+00,0.000000000000000000e+00
2.994862934279904820e+01,0.000000000000000000e+00,0.000000000000000000e+00
3.002890745309361265e+01,0.000000000000000000e+00,0.000000000000000000e+00
2.476044019779553196e+01,0.000000000000000000e+00,0.000000000000000000e+00
2.683696103466461125e+01,0.000000000000000000e+00,0.000000000000000000e+00
3.088764647638221916e+01,0.000000000000000000e+00,0.000000000000000000e+00
3.183023002063967510e+01,0.000000000000000000e+00,0.000000000000000000e+00
2.605556979064951406e+01,0.000000000000000000e+00,0.000000000000000000e+00
3.200994986339895121e+01,0.000000000000000000e+00,0.000000000000000000e+00
2.760640421861269900e+01,0.000000000000000000e+00,0.000000000000000000e+00
3.130940273865366663e+01,0.000000000000000000e+00,0.000000000000000000e+00
2.842938325732007598e+01,0.000000000000000000e+00,0.000000000000000000e+00
2.887589776362954197e+01,0.000000000000000000e+00,0.000000000000000000e+00
2.870427871007742482e+01,0.000000000000000000e+00,0.000000000000000000e+00
2.755805974197061659e+01,0.000000000000000000e+00,0.000000000000000000e+00
2.731849070996024054e+01,0.000000000000000000e+00,0.000000000000000000e+00
2.805138530313192291e+01,0.000000000000000000e+00,0.000000000000000000e+00
2.860695438583716310e+01,0.000000000000000000e+00,0.000000000000000000e+00
3.145326590057511496e+01,0.000000000000000000e+00,0.000000000000000000e+00
2.878980143162271688e+01,0.000000000000000000e+00,0.000000000000000000e+00
2.651183595431817253e+01,0.000000000000000000e+00,0.000000000000000000e+00
3.069153306486408184e+01,0.000000000000000000e+00,0.000000000000000000e+00
2.834022150877603252e+01,0.000000000000000000e+00,0.000000000000000000e+00
2.849456798152250059e+01,0.000000000000000000e+00,0.000000000000000000e+00
2.735954744700712737e+01,0.000000000000000000e+00,0.000000000000000000e+00
2.642023205193514812e+01,0.000000000000000000e+00,0.000000000000000000e+00
2.730863400448883027e+01,0.000000000000000000e+00,0.000000000000000000e+00
2.285873211741292010e+01,0.000000000000000000e+00,0.000000000000000000e+00
2.997604476250239358e+01,0.000000000000000000e+00,0.000000000000000000e+00
2.668410547213727213e+01,0.000000000000000000e+00,0.000000000000000000e+00
2.546354952550547068e+01,0.000000000000000000e+00,0.000000000000000000e+00
3.010953009706864236e+01,0.000000000000000000e+00,0.000000000000000000e+00
2.591793191842290156e+01,0.000000000000000000e+00,0.000000000000000000e+00
2.692088388733046500e+01,0.000000000000000000e+00,0.000000000000000000e+00
2.974878567616154967e+01,0.000000000000000000e+00,0.000000000000000000e+00
2.783507029040068659e+01,0.000000000000000000e+00,0.000000000000000000e+00
2.963828059346951704e+01,0.000000000000000000e+00,0.000000000000000000e+00
2.878264944716755380e+01,0.000000000000000000e+00,0.000000000000000000e+00
2.802746227283582314e+01,0.000000000000000000e+00,0.000000000000000000e+00
2.411952378773969485e+01,0.000000000000000000e+00,0.000000000000000000e+00
2.921649094530214796e+01,0.000000000000000000e+00,0.000000000000000000e+00
2.394477603995984438e+01,0.000000000000000000e+00,0.000000000000000000e+00
2.501953754936688057e+01,0.000000000000000000e+00,0.000000000000000000e+00
2.445809671053480372e+01,0.000000000000000000e+00,0.000000000000000000e+00
2.501874836810709013e+01,0.000000000000000000e+00,0.000000000000000000e+00
2.493099722620705805e+01,0.000000000000000000e+00,0.000000000000000000e+00
2.960671237519150623e+01,0.000000000000000000e+00,0.000000000000000000e+00
2.359587994812128642e+01,0.000000000000000000e+00,0.000000000000000000e+00
2.680182704992868281e+01,0.000000000000000000e+00,0.000000000000000000e+00
2.706143519616494686e+01,0.000000000000000000e+00,0.000000000000000000e+00
2.730465590401133724e+01,0.000000000000000000e+00,0.000000000000000000e+00
2.695228763374691638e+01,0.000000000000000000e+00,0.000000000000000000e+00
2.442189589793876436e+01,0.000000000000000000e+00,0.000000000000000000e+00
2.740994217825688395e+01,0.000000000000000000e+00,0.000000000000000000e+00
2.793790223466709222e+01,0.000000000000000000e+00,0.000000000000000000e+00
3.040165285708603804e+01,0.000000000000000000e+00,0.000000000000000000e+00
2.608293344833963090e+01,0.000000000000000000e+00,0.000000000000000000e+00
2.504949331828125381e+01,0.000000000000000000e+00,0.000000000000000000e+00
2.562118475401746664e+01,0.000000000000000000e+00,0.000000000000000000e+00
2.717680031996947676e+01,0.000000000000000000e+00,0.000000000000000000e+00
2.640101711488799197e+01,0.000000000000000000e+00,0.000000000000000000e+00
2.889114726682239720e+01,0.000000000000000000e+00,0.000000000000000000e+00
2.713805086572445902e+01,0.000000000000000000e+00,0.000000000000000000e+00
2.598506941707803009e+01,0.000000000000000000e+00,0.000000000000000000e+00
2.800452817144040196e+01,0.000000000000000000e+00,0.000000000000000000e+00
2.581391853971266670e+01,0.000000000000000000e+00,0.000000000000000000e+00
2.237044917945205924e+01,0.000000000000000000e+00,0.000000000000000000e+00
2.970691614759338606e+01,0.000000000000000000e+00,0.000000000000000000e+00
2.651814229263353440e+01,0.000000000000000000e+00,0.000000000000000000e+00
2.422834832231692914e+01,0.000000000000000000e+00,0.000000000000000000e+00
2.481429424442410436e+01,0.000000000000000000e+00,0.000000000000000000e+00
2.376421466522866766e+01,0.000000000000000000e+00,0.000000000000000000e+00
2.661028083490313279e+01,0.000000000000000000e+00,0.000000000000000000e+00
2.499341066074296691e+01,0.000000000000000000e+00,0.000000000000000000e+00
2.095823472632962847e+01,0.000000000000000000e+00,0.000000000000000000e+00
2.623700556951719776e+01,0.000000000000000000e+00,0.000000000000000000e+00
2.393762321881292365e+01,0.000000000000000000e+00,0.000000000000000000e+00
2.811465902203780232e+01,0.000000000000000000e+00,0.000000000000000000e+00
2.602247523494032322e+01,0.000000000000000000e+00,0.000000000000000000e+00
2.637220835506821714e+01,0.000000000000000000e+00,0.000000000000000000e+00
2.529293685527260394e+01,0.000000000000000000e+00,0.000000000000000000e+00
2.532491459806470147e+01,0.000000000000000000e+00,0.000000000000000000e+00
2.452336643636106572e+01,0.000000000000000000e+00,0.000000000000000000e+00
2.397532398861989833e+01,0.000000000000000000e+00,0.000000000000000000e+00
2.340551284333809079e+01,0.000000000000000000e+00,0.000000000000000000e+00
2.718755547817400853e+01,0.000000000000000000e+00,0.000000000000000000e+00
2.394813559012016313e+01,0.000000000000000000e+00,0.000000000000000000e+00
2.738220343272508828e+01,0.000000000000000000e+00,0.000000000000000000e+00
2.595334172388458427e+01,0.000000000000000000e+00,0.000000000000000000e+00
2.396796630851888565e+01,0.000000000000000000e+00,0.000000000000000000e+00
2.269215595991276757e+01,0.000000000000000000e+00,0.000000000000000000e+00
2.381068959037977706e+01,0.000000000000000000e+00,0.000000000000000000e+00
2.773373122502645671e+01,0.000000000000000000e+00,0.000000000000000000e+00
2.183172842858464335e+01,0.000000000000000000e+00,0.000000000000000000e+00
2.258968300664891871e+01,0.000000000000000000e+00,0.000000000000000000e+00
2.360618072407105927e+01,0.000000000000000000e+00,0.000000000000000000e+00
2.301559582000885840e+01,0.000000000000000000e+00,0.000000000000000000e+00
2.164199176020192184e+01,0.000000000000000000e+00,0.000000000000000000e+00
2.330591670703929807e+01,0.000000000000000000e+00,0.000000000000000000e+00
2.696111593261535333e+01,0.000000000000000000e+00,0.000000000000000000e+00
2.434663154458004186e+01,0.000000000000000000e+00,0.000000000000000000e+00
2.249584429186463908e+01,0.000000000000000000e+00,0.000000000000000000e+00
2.352284318750024639e+01,0.000000000000000000e+00,0.000000000000000000e+00
2.477491476828133443e+01,0.000000000000000000e+00,0.000000000000000000e+00
2.403502164403921171e+01,0.000000000000000000e+00,0.000000000000000000e+00
2.450405320894971339e+01,0.000000000000000000e+00,0.000000000000000000e+00
2.588057314359159733e+01,0.000000000000000000e+00,0.000000000000000000e+00
2.468321919356160876e+01,0.000000000000000000e+00,0.000000000000000000e+00
2.616233226769060849e+01,0.000000000000000000e+00,0.000000000000000000e+00
2.711429463097261916e+01,0.000000000000000000e+00,0.000000000000000000e+00
2.360986536315527573e+01,0.000000000000000000e+00,0.000000000000000000e+00
2.079574682416080478e+01,0.000000000000000000e+00,0.000000000000000000e+00
2.553404555166277490e+01,0.000000000000000000e+00,0.000000000000000000e+00
2.264663905763116958e+01,0.000000000000000000e+00,0.000000000000000000e+00
2.018790136740418717e+01,0.000000000000000000e+00,0.000000000000000000e+00
2.550478162546463778e+01,0.000000000000000000e+00,0.000000000000000000e+00
1.939760527003311807e+01,0.000000000000000000e+00,0.000000000000000000e+00
2.743568050253831103e+01,0.000000000000000000e+00,0.000000000000000000e+00
2.467231452316360674e+01,0.000000000000000000e+00,0.000000000000000000e+00
2.265456223891423093e+01,0.000000000000000000e+00,0.000000000000000000e+00
1.825161436970613238e+01,0.000000000000000000e+00,0.000000000000000000e+00
2.448968821286662845e+01,0.000000000000000000e+00,0.000000000000000000e+00
2.272849025856981697e+01,0.000000000000000000e+00,0.000000000000000000e+00
2.212189871069822189e+01,0.000000000000000000e+00,0.000000000000000000e+00
2.261255878329772884e+01,0.000000000000000000e+00,0.000000000000000000e+00
2.370233240568171951e+01,0.000000000000000000e+00,0.000000000000000000e+00
2.270044240376810762e+01,0.000000000000000000e+00,0.000000000000000000e+00
2.295229583211897051e+01,0.000000000000000000e+00,0.000000000000000000e+00
2.547339574802472484e+01,0.000000000000000000e+00,0.000000000000000000e+00
1.940233155604896709e+01,0.000000000000000000e+00,0.000000000000000000e+00
2.188672139733415634e+01,0.000000000000000000e+00,0.000000000000000000e+00
2.490682347605098812e+01,0.000000000000000000e+00,0.000000000000000000e+00
2.507036615539258761e+01,0.000000000000000000e+00,0.000000000000000000e+00
2.204003844481607288e+01,0.000000000000000000e+00,0.000000000000000000e+00
2.261671357841570895e+01,0.000000000000000000e+00,0.000000000000000000e+00
2.217047502155797289e+01,0.000000000000000000e+00,0.000000000000000000e+00
2.184788261112008456e+01,0.000000000000000000e+00,0.000000000000000000e+00
2.447980371555795287e+01,0.000000000000000000e+00,0.000000000000000000e+00
2.384532591682858182e+01,0.000000000000000000e+00,0.000000000000000000e+00
2.897856020758992912e+01,0.000000000000000000e+00,0.000000000000000000e+00
2.094715193834068145e+01,0.000000000000000000e+00,0.000000000000000000e+00
2.165208900975397555e+01,0.000000000000000000e+00,0.000000000000000000e+00
2.338445090753730327e+01,0.000000000000000000e+00,0.000000000000000000e+00
1.965127628393042514e+01,0.000000000000000000e+00,0.000000000000000000e+00
1.879577606171671533e+01,0.000000000000000000e+00,0.000000000000000000e+00
2.452410931707840902e+01,0.000000000000000000e+00,0.000000000000000000e+00
1.891024470640894606e+01,0.000000000000000000e+00,0.000000000000000000e+00
2.121567491514707626e+01,0.000000000000000000e+00,0.000000000000000000e+00
2.267561642955256573e+01,0.000000000000000000e+00,0.000000000000000000e+00
2.134000259924840393e+01,0.000000000000000000e+00,0.000000000000000000e+00
2.333993518049921079e+01,0.000000000000000000e+00,0.000000000000000000e+00
2.476763096258409647e+01,0.000000000000000000e+00,0.000000000000000000e+00
2.207471800827324770e+01,0.000000000000000000e+00,0.000000000000000000e+00
1.991254757754678906e+01,0.000000000000000000e+00,0.000000000000000000e+00
1.935492552813797573e+01,0.000000000000000000e+00,0.000000000000000000e+00
1.937859957321464321e+01,0.000000000000000000e+00,0.000000000000000000e+00
2.020936691915582273e+01,0.000000000000000000e+00,0.000000000000000000e+00
2.289912722506600318e+01,0.000000000000000000e+00,0.000000000000000000e+00
2.153089974815523533e+01,0.000000000000000000e+00,0.000000000000000000e+00
1.981987973124612523e+01,0.000000000000000000e+00,0.000000000000000000e+00
2.325229014731696253e+01,0.000000000000000000e+00,0.000000000000000000e+00
2.226095730879953649e+01,0.000000000000000000e+00,0.000000000000000000e+00
2.242478459003392288e+01,0.000000000000000000e+00,0.000000000000000000e+00
2.345385483276977823e+01,0.000000000000000000e+00,0.000000000000000000e+00
2.210872565969392767e+01,0.000000000000000000e+00,0.000000000000000000e+00
2.100107129798720607e+01,0.000000000000000000e+00,0.000000000000000000e+00
2.083316663769626587e+01,0.000000000000000000e+00,0.000000000000000000e+00
1.956218939155548497e+01,0.000000000000000000e+00,0.000000000000000000e+00
2.254145689065981628e+01,0.000000000000000000e+00,0.000000000000000000e+00
2.001026759038562730e+01,0.000000000000000000e+00,0.000000000000000000e+00
2.059278420138417687e+01,0.000000000000000000e+00,0.000000000000000000e+00
2.264789274567739241e+01,0.000000000000000000e+00,0.000000000000000000e+00
2.172857133835646337e+01,0.000000000000000000e+00,0.000000000000000000e+00
2.492300108677682857e+01,0.000000000000000000e+00,0.000000000000000000e+00
2.332541514190042165e+01,0.000000000000000000e+00,0.000000000000000000e+00
2.174858337133221298e+01,0.000000000000000000e+00,0.000000000000000000e+00
2.204047156456251955e+01,0.000000000000000000e+00,0.000000000000000000e+00
1.941322545058281079e+01,0.000000000000000000e+00,0.000000000000000000e+00
2.256264668081492886e+01,0.000000000000000000e+00,0.000000000000000000e+00
2.011287098343155577e+01,0.000000000000000000e+00,0.000000000000000000e+00
2.631398571712283641e+01,0.000000000000000000e+00,0.000000000000000000e+00
2.760803228941189857e+01,0.000000000000000000e+00,0.000000000000000000e+00
2.102656114020291866e+01,0.000000000000000000e+00,0.000000000000000000e+00
1.783606352990401334e+01,0.000000000000000000e+00,0.000000000000000000e+00
2.636211411871464350e+01,0.000000000000000000e+00,0.000000000000000000e+00
2.038356235992141663e+01,0.000000000000000000e+00,0.000000000000000000e+00
2.820583137732192824e+01,0.000000000000000000e+00,0.000000000000000000e+00
2.060696687365250668e+01,0.000000000000000000e+00,0.000000000000000000e+00
2.240519779547856771e+01,0.000000000000000000e+00,0.000000000000000000e+00
2.597049587967752160e+01,0.000000000000000000e+00,0.000000000000000000e+00
2.554030684856381939e+01,0.000000000000000000e+00,0.000000000000000000e+00
2.127132095555843350e+01,0.000000000000000000e+00,0.000000000000000000e+00
2.185590953015638505e+01,0.000000000000000000e+00,0.000000000000000000e+00
2.126120515668296918e+01,0.000000000000000000e+00,0.000000000000000000e+00
2.129915684277003507e+01,0.000000000000000000e+00,0.000000000000000000e+00
1.897727721566281645e+01,0.000000000000000000e+00,0.000000000000000000e+00
2.396508221128707916e+01,0.000000000000000000e+00,0.000000000000000000e+00
2.460222523765299485e+01,0.000000000000000000e+00,0.000000000000000000e+00
2.050582175028563370e+01,0.000000000000000000e+00,0.000000000000000000e+00
1.883810544060104775e+01,0.000000000000000000e+00,0.000000000000000000e+00
1.666522156824050427e+01,0.000000000000000000e+00,0.000000000000000000e+00
2.207175771384623175e+01,0.000000000000000000e+00,0.000000000000000000e+00
2.144617942427382218e+01,0.000000000000000000e+00,0.000000000000000000e+00
2.385208841615057196e+01,0.000000000000000000e+00,0.000000000000000000e+00
2.117293852224111106e+01,0.000000000000000000e+00,0.000000000000000000e+00
1.929552420326276518e+01,0.000000000000000000e+00,0.000000000000000000e+00
2.143248339817774450e+01,0.000000000000000000e+00,0.000000000000000000e+00
2.111040234100347845e+01,0.000000000000000000e+00,0.000000000000000000e+00
1.876425447505100408e+01,0.000000000000000000e+00,0.000000000000000000e+00
2.051859071610271812e+01,0.000000000000000000e+00,0.000000000000000000e+00
2.310157665979292219e+01,0.000000000000000000e+00,0.000000000000000000e+00
2.070604309849032987e+01,0.000000000000000000e+00,0.000000000000000000e+00
2.311843724770346142e+01,0.000000000000000000e+00,0.000000000000000000e+00
1.412621206955615705e+01,0.000000000000000000e+00,0.000000000000000000e+00
2.150899063967543157e+01,0.000000000000000000e+00,0.000000000000000000e+00
2.376246715194153225e+01,0.000000000000000000e+00,0.000000000000000000e+00
2.150697043915487683e+01,0.000000000000000000e+00,0.000000000000000000e+00
2.361376956020795959e+01,0.000000000000000000e+00,0.000000000000000000e+00
1.892580811087862713e+01,0.000000000000000000e+00,0.000000000000000000e+00
2.069145619520350365e+01,0.000000000000000000e+00,0.000000000000000000e+00
1.780155671435927189e+01,0.000000000000000000e+00,0.000000000000000000e+00
2.258344251642381550e+01,0.000000000000000000e+00,0.000000000000000000e+00
2.184157800149690232e+01,0.000000000000000000e+00,0.000000000000000000e+00
2.039958378517535920e+01,0.000000000000000000e+00,0.000000000000000000e+00
2.081726635542225878e+01,0.000000000000000000e+00,0.000000000000000000e+00
1.797190367401847766e+01,0.000000000000000000e+00,0.000000000000000000e+00
2.083354624618606010e+01,0.000000000000000000e+00,0.000000000000000000e+00
2.060007720647517360e+01,0.000000000000000000e+00,0.000000000000000000e+00
1.804611809377498943e+01,0.000000000000000000e+00,0.000000000000000000e+00
1.920968569032556417e+01,0.000000000000000000e+00,0.000000000000000000e+00
2.325292058369700854e+01,0.000000000000000000e+00,0.000000000000000000e+00
2.207986850849862037e+01,0.000000000000000000e+00,0.000000000000000000e+00
2.031384138141278228e+01,0.000000000000000000e+00,0.000000000000000000e+00
2.332227605859813124e+01,0.000000000000000000e+00,0.000000000000000000e+00
1.526147707776392437e+01,0.000000000000000000e+00,0.000000000000000000e+00
2.172292341586256725e+01,0.000000000000000000e+00,0.000000000000000000e+00
2.082418564488689583e+01,0.000000000000000000e+00,0.000000000000000000e+00
2.113604818766604154e+01,0.000000000000000000e+00,0.000000000000000000e+00
1.993672924369909438e+01,0.000000000000000000e+00,0.000000000000000000e+00
2.239243001243238496e+01,0.000000000000000000e+00,0.000000000000000000e+00
1.673044073402001075e+01,0.000000000000000000e+00,0.000000000000000000e+00
2.228147338250442644e+01,0.000000000000000000e+00,0.000000000000000000e+00
2.066453968241919270e+01,0.000000000000000000e+00,0.000000000000000000e+00
2.108585817566466147e+01,0.000000000000000000e+00,0.000000000000000000e+00
2.373792769627759824e+01,0.000000000000000000e+00,0.000000000000000000e+00
2.247164999317376655e+01,0.000000000000000000e+00,0.000000000000000000e+00
1.700992788567211988e+01,0.000000000000000000e+00,0.000000000000000000e+00
1.989886103340600698e+01,0.000000000000000000e+00,0.000000000000000000e+00
2.006830757969287049e+01,0.000000000000000000e+00,0.000000000000000000e+00
1.804587155379297059e+01,0.000000000000000000e+00,0.000000000000000000e+00
2.357729997884544559e+01,0.000000000000000000e+00,0.000000000000000000e+00
1.857325264738654269e+01,0.000000000000000000e+00,0.000000000000000000e+00
2.277769929667228155e+01,0.000000000000000000e+00,0.000000000000000000e+00
2.039152768695416640e+01,0.000000000000000000e+00,0.000000000000000000e+00
1.855970701428740455e+01,0.000000000000000000e+00,0.000000000000000000e+00
2.219893620717673599e+01,0.000000000000000000e+00,0.000000000000000000e+00
2.157914548749348782e+01,0.000000000000000000e+00,0.000000000000000000e+00
2.414094433417271546e+01,0.000000000000000000e+00,0.000000000000000000e+00
1.782787166339545237e+01,0.000000000000000000e+00,0.000000000000000000e+00
2.016319076247188846e+01,0.000000000000000000e+00,0.000000000000000000e+00
2.002359945999823765e+01,0.000000000000000000e+00,0.000000000000000000e+00
2.378188948580085338e+01,0.000000000000000000e+00,0.000000000000000000e+00
2.352261123780467855e+01,0.000000000000000000e+00,0.000000000000000000e+00
2.042834211779513609e+01,0.000000000000000000e+00,0.000000000000000000e+00
1.879460157394144559e+01,0.000000000000000000e+00,0.000000000000000000e+00
2.066359049029119177e+01,0.000000000000000000e+00,0.000000000000000000e+00
2.062659957985436066e+01,0.000000000000000000e+00,0.000000000000000000e+00
2.028331956047399132e+01,0.000000000000000000e+00,0.000000000000000000e+00
1.961705142327462426e+01,0.000000000000000000e+00,0.000000000000000000e+00
2.137240791155664965e+01,0.000000000000000000e+00,0.000000000000000000e+00
2.058865923320353275e+01,0.000000000000000000e+00,0.000000000000000000e+00
1.862704562665544827e+01,0.000000000000000000e+00,0.000000000000000000e+00
1.811988653014616091e+01,0.000000000000000000e+00,0.000000000000000000e+00
2.306504985675562125e+01,0.000000000000000000e+00,0.000000000000000000e+00
1.980769626312879694e+01,0.000000000000000000e+00,0.000000000000000000e+00
1.880146502089151994e+01,1.000000000000000000e+00,0.000000000000000000e+00
1.880146502089151994e+01,1.000000000000000000e+00,0.000000000000000000e+00
1.880146502089151994e+01,1.000000000000000000e+00,-1.000000000000000000e+00
1.880146502089151994e+01,1.000000000000000000e+00,0.000000000000000000e+00
1.880146502089151994e+01,1.000000000000000000e+00,-3.000000000000000000e+00
1.880146502089151994e+01,1.000000000000000000e+00,-1.000000000000000000e+00
1.880146502089151994e+01,1.000000000000000000e+00,-1.000000000000000000e+00
1.880146502089151994e+01,1.000000000000000000e+00,1.000000000000000000e+00
1.880146502089151994e+01,1.000000000000000000e+00,-2.000000000000000000e+00
1.880146502089151994e+01,1.000000000000000000e+00,3.000000000000000000e+00
1.880146502089151994e+01,1.000000000000000000e+00,-1.000000000000000000e+00
1.880146502089151994e+01,1.000000000000000000e+00,-3.000000000000000000e+00
1.880146502089151994e+01,1.000000000000000000e+00,0.000000000000000000e+00
1.880146502089151994e+01,1.000000000000000000e+00,5.000000000000000000e+00
1.880146502089151994e+01,1.000000000000000000e+00,-2.000000000000000000e+00
1.880146502089151994e+01,1.000000000000000000e+00,0.000000000000000000e+00
1.880146502089151994e+01,1.000000000000000000e+00,-1.000000000000000000e+00
1.880146502089151994e+01,1.000000000000000000e+00,0.000000000000000000e+00
1.880146502089151994e+01,1.000000000000000000e+00,0.000000000000000000e+00
1.880146502089151994e+01,1.000000000000000000e+00,0.000000000000000000e+00
1.880146502089151994e+01,1.000000000000000000e+00,1.000000000000000000e+00
1.880146502089151994e+01,1.000000000000000000e+00,3.000000000000000000e+00
1.880146502089151994e+01,1.000000000000000000e+00,1.000000000000000000e+00
1.880146502089151994e+01,1.000000000000000000e+00,1.000000000000000000e+00
1.880146502089151994e+01,1.000000000000000000e+00,0.000000000000000000e+00
1.880146502089151994e+01,1.000000000000000000e+00,0.000000000000000000e+00
1.880146502089151994e+01,1.000000000000000000e+00,0.000000000000000000e+00
1.880146502089151994e+01,1.000000000000000000e+00,-1.000000000000000000e+00
1.880146502089151994e+01,1.000000000000000000e+00,-2.000000000000000000e+00
1.880146502089151994e+01,1.000000000000000000e+00,-4.000000000000000000e+00
1.880146502089151994e+01,1.000000000000000000e+00,0.000000000000000000e+00
1.880146502089151994e+01,1.000000000000000000e+00,0.000000000000000000e+00
1.880146502089151994e+01,1.000000000000000000e+00,0.000000000000000000e+00
1.880146502089151994e+01,1.000000000000000000e+00,0.000000000000000000e+00
1.880146502089151994e+01,1.000000000000000000e+00,-2.000000000000000000e+00
1.880146502089151994e+01,1.000000000000000000e+00,0.000000000000000000e+00
1.880146502089151994e+01,1.000000000000000000e+00,0.000000000000000000e+00
1.880146502089151994e+01,1.000000000000000000e+00,-5.000000000000000000e+00
1.880146502089151994e+01,1.000000000000000000e+00,1.000000000000000000e+00
1.880146502089151994e+01,1.000000000000000000e+00,-1.000000000000000000e+00
1.880146502089151994e+01,1.000000000000000000e+00,-2.000000000000000000e+00
1.880146502089151994e+01,1.000000000000000000e+00,0.000000000000000000e+00
1.880146502089151994e+01,1.000000000000000000e+00,-1.000000000000000000e+00
1.880146502089151994e+01,1.000000000000000000e+00,-4.000000000000000000e+00
1.880146502089151994e+01,1.000000000000000000e+00,-4.000000000000000000e+00
1.880146502089151994e+01,1.000000000000000000e+00,0.000000000000000000e+00
1.880146502089151994e+01,1.000000000000000000e+00,-4.000000000000000000e+00
1.880146502089151994e+01,1.000000000000000000e+00,0.000000000000000000e+00
1.880146502089151994e+01,1.000000000000000000e+00,0.000000000000000000e+00
1.880146502089151994e+01,1.000000000000000000e+00,-4.000000000000000000e+00
1.880146502089151994e+01,1.000000000000000000e+00,-1.000000000000000000e+00
1.880146502089151994e+01,1.000000000000000000e+00,-1.000000000000000000e+00
1.880146502089151994e+01,1.000000000000000000e+00,-1.000000000000000000e+00
1.880146502089151994e+01,1.000000000000000000e+00,1.000000000000000000e+00
1.880146502089151994e+01,1.000000000000000000e+00,1.000000000000000000e+00
1.880146502089151994e+01,1.000000000000000000e+00,1.000000000000000000e+00
1.880146502089151994e+01,1.000000000000000000e+00,0.000000000000000000e+00
1.880146502089151994e+01,1.000000000000000000e+00,1.000000000000000000e+00
1.880146502089151994e+01,1.000000000000000000e+00,0.000000000000000000e+00
1.880146502089151994e+01,1.000000000000000000e+00,0.000000000000000000e+00
1.880146502089151994e+01,1.000000000000000000e+00,-2.000000000000000000e+00
1.880146502089151994e+01,1.000000000000000000e+00,-1.000000000000000000e+00
1.880146502089151994e+01,1.000000000000000000e+00,1.000000000000000000e+00
1.880146502089151994e+01,1.000000000000000000e+00,0.000000000000000000e+00
1.880146502089151994e+01,1.000000000000000000e+00,-2.000000000000000000e+00
1.880146502089151994e+01,1.000000000000000000e+00,-2.000000000000000000e+00
1.880146502089151994e+01,1.000000000000000000e+00,-4.000000000000000000e+00
1.880146502089151994e+01,1.000000000000000000e+00,-1.000000000000000000e+00
1.880146502089151994e+01,1.000000000000000000e+00,0.000000000000000000e+00
1.880146502089151994e+01,1.000000000000000000e+00,0.000000000000000000e+00
1.880146502089151994e+01,1.000000000000000000e+00,0.000000000000000000e+00
1.880146502089151994e+01,1.000000000000000000e+00,-1.000000000000000000e+00
1.880146502089151994e+01,1.000000000000000000e+00,-1.000000000000000000e+00
1.880146502089151994e+01,1.000000000000000000e+00,2.000000000000000000e+00
1.880146502089151994e+01,1.000000000000000000e+00,-3.000000000000000000e+00
1.880146502089151994e+01,1.000000000000000000e+00,-3.000000000000000000e+00
1.880146502089151994e+01,1.000000000000000000e+00,-2.000000000000000000e+00
1.880146502089151994e+01,1.000000000000000000e+00,-4.000000000000000000e+00
1.880146502089151994e+01,1.000000000000000000e+00,-3.000000000000000000e+00
1.880146502089151994e+01,1.000000000000000000e+00,3.000000000000000000e+00
1.880146502089151994e+01,1.000000000000000000e+00,0.000000000000000000e+00
1.880146502089151994e+01,1.000000000000000000e+00,-2.000000000000000000e+00
1.880146502089151994e+01,1.000000000000000000e+00,-3.000000000000000000e+00
1.880146502089151994e+01,1.000000000000000000e+00,-2.000000000000000000e+00
1.880146502089151994e+01,1.000000000000000000e+00,-1.000000000000000000e+00
1.880146502089151994e+01,1.000000000000000000e+00,1.000000000000000000e+00
1.880146502089151994e+01,1.000000000000000000e+00,-2.000000000000000000e+00
1.880146502089151994e+01,1.000000000000000000e+00,-1.000000000000000000e+00
1.880146502089151994e+01,1.000000000000000000e+00,-1.000000000000000000e+00
1.880146502089151994e+01,1.000000000000000000e+00,0.000000000000000000e+00
1.880146502089151994e+01,1.000000000000000000e+00,1.000000000000000000e+00
1.880146502089151994e+01,1.000000000000000000e+00,-2.000000000000000000e+00
1.880146502089151994e+01,1.000000000000000000e+00,-2.000000000000000000e+00
1.880146502089151994e+01,1.000000000000000000e+00,0.000000000000000000e+00
1.880146502089151994e+01,1.000000000000000000e+00,-1.000000000000000000e+00
1.880146502089151994e+01,1.000000000000000000e+00,-2.000000000000000000e+00
1.880146502089151994e+01,1.000000000000000000e+00,0.000000000000000000e+00
1.880146502089151994e+01,1.000000000000000000e+00,-2.000000000000000000e+00
1.880146502089151994e+01,1.000000000000000000e+00,-1.000000000000000000e+00
1.880146502089151994e+01,1.000000000000000000e+00,0.000000000000000000e+00
1.880146502089151994e+01,1.000000000000000000e+00,0.000000000000000000e+00
1.880146502089151994e+01,1.000000000000000000e+00,0.000000000000000000e+00
1.880146502089151994e+01,1.000000000000000000e+00,-4.000000000000000000e+00
1.880146502089151994e+01,1.000000000000000000e+00,-1.000000000000000000e+00
1.880146502089151994e+01,1.000000000000000000e+00,-3.000000000000000000e+00
1.880146502089151994e+01,1.000000000000000000e+00,-1.000000000000000000e+00
1.880146502089151994e+01,1.000000000000000000e+00,-5.000000000000000000e+00
1.880146502089151994e+01,1.000000000000000000e+00,-1.000000000000000000e+00
1.880146502089151994e+01,1.000000000000000000e+00,-2.000000000000000000e+00
1.880146502089151994e+01,1.000000000000000000e+00,-2.000000000000000000e+00
1.880146502089151994e+01,1.000000000000000000e+00,0.000000000000000000e+00
1.880146502089151994e+01,1.000000000000000000e+00,0.000000000000000000e+00
1.880146502089151994e+01,1.000000000000000000e+00,-3.000000000000000000e+00
1.880146502089151994e+01,1.000000000000000000e+00,-2.000000000000000000e+00
1.880146502089151994e+01,1.000000000000000000e+00,-2.000000000000000000e+00
1.880146502089151994e+01,1.000000000000000000e+00,0.000000000000000000e+00
1.880146502089151994e+01,1.000000000000000000e+00,0.000000000000000000e+00
1.880146502089151994e+01,1.000000000000000000e+00,0.000000000000000000e+00
1.880146502089151994e+01,1.000000000000000000e+00,-2.000000000000000000e+00
1.880146502089151994e+01,1.000000000000000000e+00,-5.000000000000000000e+00
1.880146502089151994e+01,1.000000000000000000e+00,-1.000000000000000000e+00
1.880146502089151994e+01,1.000000000000000000e+00,-2.000000000000000000e+00
1.880146502089151994e+01,1.000000000000000000e+00,0.000000000000000000e+00
1.880146502089151994e+01,1.000000000000000000e+00,-3.000000000000000000e+00
1.880146502089151994e+01,1.000000000000000000e+00,-3.000000000000000000e+00
1.880146502089151994e+01,1.000000000000000000e+00,-3.000000000000000000e+00
1.880146502089151994e+01,1.000000000000000000e+00,-4.000000000000000000e+00
1.880146502089151994e+01,1.000000000000000000e+00,-3.000000000000000000e+00
1.880146502089151994e+01,1.000000000000000000e+00,-2.000000000000000000e+00
1.880146502089151994e+01,1.000000000000000000e+00,0.000000000000000000e+00
1.880146502089151994e+01,1.000000000000000000e+00,-3.000000000000000000e+00
1.880146502089151994e+01,1.000000000000000000e+00,0.000000000000000000e+00
1.880146502089151994e+01,1.000000000000000000e+00,-2.000000000000000000e+00
1.880146502089151994e+01,1.000000000000000000e+00,-2.000000000000000000e+00
1.880146502089151994e+01,1.000000000000000000e+00,0.000000000000000000e+00
1.880146502089151994e+01,1.000000000000000000e+00,0.000000000000000000e+00
1.880146502089151994e+01,1.000000000000000000e+00,0.000000000000000000e+00
1.880146502089151994e+01,1.000000000000000000e+00,-1.000000000000000000e+00
1.880146502089151994e+01,1.000000000000000000e+00,-4.000000000000000000e+00
1.880146502089151994e+01,1.000000000000000000e+00,-3.000000000000000000e+00
1.880146502089151994e+01,1.000000000000000000e+00,1.000000000000000000e+00
1.880146502089151994e+01,1.000000000000000000e+00,-3.000000000000000000e+00
1.880146502089151994e+01,1.000000000000000000e+00,-3.000000000000000000e+00
1.880146502089151994e+01,1.000000000000000000e+00,-5.000000000000000000e+00
1.880146502089151994e+01,1.000000000000000000e+00,-3.000000000000000000e+00
1.880146502089151994e+01,1.000000000000000000e+00,-2.000000000000000000e+00
1.880146502089151994e+01,1.000000000000000000e+00,-3.000000000000000000e+00
1.880146502089151994e+01,1.000000000000000000e+00,-3.000000000000000000e+00
1.880146502089151994e+01,1.000000000000000000e+00,-4.000000000000000000e+00
1.880146502089151994e+01,1.000000000000000000e+00,-3.000000000000000000e+00
1.880146502089151994e+01,1.000000000000000000e+00,-4.000000000000000000e+00
1.880146502089151994e+01,1.000000000000000000e+00,-3.000000000000000000e+00
1.880146502089151994e+01,1.000000000000000000e+00,0.000000000000000000e+00
1.880146502089151994e+01,1.000000000000000000e+00,-4.000000000000000000e+00
1.880146502089151994e+01,1.000000000000000000e+00,0.000000000000000000e+00
1.880146502089151994e+01,1.000000000000000000e+00,-2.000000000000000000e+00
1.880146502089151994e+01,1.000000000000000000e+00,0.000000000000000000e+00
1.880146502089151994e+01,1.000000000000000000e+00,-2.000000000000000000e+00
1.880146502089151994e+01,1.000000000000000000e+00,-7.000000000000000000e+00
1.880146502089151994e+01,1.000000000000000000e+00,-2.000000000000000000e+00
1.880146502089151994e+01,1.000000000000000000e+00,-7.000000000000000000e+00
1.880146502089151994e+01,1.000000000000000000e+00,-9.000000000000000000e+00
1.880146502089151994e+01,1.000000000000000000e+00,-2.000000000000000000e+00
1.880146502089151994e+01,1.000000000000000000e+00,-1.000000000000000000e+00
1.880146502089151994e+01,1.000000000000000000e+00,-1.000000000000000000e+00
1.880146502089151994e+01,1.000000000000000000e+00,-2.000000000000000000e+00
1.880146502089151994e+01,1.000000000000000000e+00,-2.000000000000000000e+00
1.880146502089151994e+01,1.000000000000000000e+00,-2.000000000000000000e+00
1.880146502089151994e+01,1.000000000000000000e+00,-6.000000000000000000e+00
1.880146502089151994e+01,1.000000000000000000e+00,0.000000000000000000e+00
1.880146502089151994e+01,1.000000000000000000e+00,-5.000000000000000000e+00
1.880146502089151994e+01,1.000000000000000000e+00,-3.000000000000000000e+00
1.880146502089151994e+01,1.000000000000000000e+00,-2.000000000000000000e+00
1.880146502089151994e+01,1.000000000000000000e+00,-4.000000000000000000e+00
1.880146502089151994e+01,1.000000000000000000e+00,-4.000000000000000000e+00
1.880146502089151994e+01,1.000000000000000000e+00,-8.000000000000000000e+00
1.880146502089151994e+01,1.000000000000000000e+00,-1.000000000000000000e+00
1.880146502089151994e+01,1.000000000000000000e+00,-2.000000000000000000e+00
1.880146502089151994e+01,1.000000000000000000e+00,0.000000000000000000e+00
1.880146502089151994e+01,1.000000000000000000e+00,-3.000000000000000000e+00
1.880146502089151994e+01,1.000000000000000000e+00,-5.000000000000000000e+00
1.880146502089151994e+01,1.000000000000000000e+00,-3.000000000000000000e+00
1.880146502089151994e+01,1.000000000000000000e+00,-3.000000000000000000e+00
1.880146502089151994e+01,1.000000000000000000e+00,-3.000000000000000000e+00
1.880146502089151994e+01,1.000000000000000000e+00,0.000000000000000000e+00
1.880146502089151994e+01,1.000000000000000000e+00,-3.000000000000000000e+00
1.880146502089151994e+01,1.000000000000000000e+00,-2.000000000000000000e+00
1.880146502089151994e+01,1.000000000000000000e+00,-7.000000000000000000e+00
1.880146502089151994e+01,1.000000000000000000e+00,-3.000000000000000000e+00
1.880146502089151994e+01,1.000000000000000000e+00,-4.000000000000000000e+00
1.880146502089151994e+01,1.000000000000000000e+00,-6.000000000000000000e+00
1.880146502089151994e+01,1.000000000000000000e+00,-3.000000000000000000e+00
1.880146502089151994e+01,1.000000000000000000e+00,-4.000000000000000000e+00
1.880146502089151994e+01,1.000000000000000000e+00,-2.000000000000000000e+00
1.880146502089151994e+01,1.000000000000000000e+00,-3.000000000000000000e+00
1.880146502089151994e+01,1.000000000000000000e+00,-5.000000000000000000e+00
1.880146502089151994e+01,1.000000000000000000e+00,-7.000000000000000000e+00
1.880146502089151994e+01,1.000000000000000000e+00,-3.000000000000000000e+00
1.880146502089151994e+01,1.000000000000000000e+00,-5.000000000000000000e+00
1.880146502089151994e+01,1.000000000000000000e+00,-3.000000000000000000e+00
1.880146502089151994e+01,1.000000000000000000e+00,-6.000000000000000000e+00
1.880146502089151994e+01,1.000000000000000000e+00,-2.000000000000000000e+00
1.880146502089151994e+01,1.000000000000000000e+00,-4.000000000000000000e+00
1.880146502089151994e+01,1.000000000000000000e+00,-6.000000000000000000e+00
1.880146502089151994e+01,1.000000000000000000e+00,-5.000000000000000000e+00
1.880146502089151994e+01,1.000000000000000000e+00,-6.000000000000000000e+00
1.880146502089151994e+01,1.000000000000000000e+00,-3.000000000000000000e+00
1.880146502089151994e+01,1.000000000000000000e+00,-5.000000000000000000e+00
1.880146502089151994e+01,1.000000000000000000e+00,-7.000000000000000000e+00
1.880146502089151994e+01,1.000000000000000000e+00,-3.000000000000000000e+00
1.880146502089151994e+01,1.000000000000000000e+00,-4.000000000000000000e+00
1.880146502089151994e+01,1.000000000000000000e+00,-6.000000000000000000e+00
1.880146502089151994e+01,1.000000000000000000e+00,-1.000000000000000000e+00
1.880146502089151994e+01,1.000000000000000000e+00,-5.000000000000000000e+00
1.880146502089151994e+01,1.000000000000000000e+00,-4.000000000000000000e+00
1.880146502089151994e+01,1.000000000000000000e+00,-7.000000000000000000e+00
1.880146502089151994e+01,1.000000000000000000e+00,-6.000000000000000000e+00
1.880146502089151994e+01,1.000000000000000000e+00,-5.000000000000000000e+00
1.880146502089151994e+01,1.000000000000000000e+00,-1.000000000000000000e+00
1.880146502089151994e+01,1.000000000000000000e+00,-6.000000000000000000e+00
1.880146502089151994e+01,1.000000000000000000e+00,-1.000000000000000000e+00
1.880146502089151994e+01,1.000000000000000000e+00,-7.000000000000000000e+00
1.880146502089151994e+01,1.000000000000000000e+00,-5.000000000000000000e+00
1.880146502089151994e+01,1.000000000000000000e+00,-9.000000000000000000e+00
1.880146502089151994e+01,1.000000000000000000e+00,-6.000000000000000000e+00
1.880146502089151994e+01,1.000000000000000000e+00,-6.000000000000000000e+00
1.880146502089151994e+01,1.000000000000000000e+00,-7.000000000000000000e+00
1.880146502089151994e+01,1.000000000000000000e+00,-6.000000000000000000e+00
1.880146502089151994e+01,1.000000000000000000e+00,-5.000000000000000000e+00
1.880146502089151994e+01,1.000000000000000000e+00,-5.000000000000000000e+00
1.880146502089151994e+01,1.000000000000000000e+00,-3.000000000000000000e+00
1.880146502089151994e+01,1.000000000000000000e+00,-8.000000000000000000e+00
1.880146502089151994e+01,1.000000000000000000e+00,-3.000000000000000000e+00
1.880146502089151994e+01,1.000000000000000000e+00,-4.000000000000000000e+00
1.880146502089151994e+01,1.000000000000000000e+00,-7.000000000000000000e+00
1.880146502089151994e+01,1.000000000000000000e+00,-4.000000000000000000e+00
1.880146502089151994e+01,1.000000000000000000e+00,-7.000000000000000000e+00
1.880146502089151994e+01,1.000000000000000000e+00,-1.000000000000000000e+01
1.880146502089151994e+01,1.000000000000000000e+00,-4.000000000000000000e+00
1.880146502089151994e+01,1.000000000000000000e+00,-5.000000000000000000e+00
1.880146502089151994e+01,1.000000000000000000e+00,-7.000000000000000000e+00
1.880146502089151994e+01,1.000000000000000000e+00,-4.000000000000000000e+00
1.880146502089151994e+01,1.000000000000000000e+00,-4.000000000000000000e+00
1.880146502089151994e+01,1.000000000000000000e+00,-6.000000000000000000e+00
1.880146502089151994e+01,1.000000000000000000e+00,-8.000000000000000000e+00
1.880146502089151994e+01,1.000000000000000000e+00,-5.000000000000000000e+00
1.880146502089151994e+01,1.000000000000000000e+00,-6.000000000000000000e+00
1.880146502089151994e+01,1.000000000000000000e+00,-2.000000000000000000e+00
1.880146502089151994e+01,1.000000000000000000e+00,-1.000000000000000000e+01
1.880146502089151994e+01,1.000000000000000000e+00,-7.000000000000000000e+00
1.880146502089151994e+01,1.000000000000000000e+00,-5.000000000000000000e+00
1.880146502089151994e+01,1.000000000000000000e+00,-8.000000000000000000e+00
1.880146502089151994e+01,1.000000000000000000e+00,-7.000000000000000000e+00
1.880146502089151994e+01,1.000000000000000000e+00,-7.000000000000000000e+00
1.880146502089151994e+01,1.000000000000000000e+00,-7.000000000000000000e+00
1.880146502089151994e+01,1.000000000000000000e+00,-8.000000000000000000e+00
1.880146502089151994e+01,1.000000000000000000e+00,-6.000000000000000000e+00
1.880146502089151994e+01,1.000000000000000000e+00,-6.000000000000000000e+00
1.880146502089151994e+01,1.000000000000000000e+00,-8.000000000000000000e+00
1.880146502089151994e+01,1.000000000000000000e+00,-8.000000000000000000e+00
1.880146502089151994e+01,1.000000000000000000e+00,-8.000000000000000000e+00
1.880146502089151994e+01,1.000000000000000000e+00,-6.000000000000000000e+00
1.880146502089151994e+01,1.000000000000000000e+00,-6.000000000000000000e+00
1.880146502089151994e+01,1.000000000000000000e+00,-6.000000000000000000e+00
1.880146502089151994e+01,1.000000000000000000e+00,-4.000000000000000000e+00
1.880146502089151994e+01,1.000000000000000000e+00,-9.000000000000000000e+00
1.880146502089151994e+01,1.000000000000000000e+00,-2.000000000000000000e+00
1.880146502089151994e+01,1.000000000000000000e+00,-8.000000000000000000e+00
1.880146502089151994e+01,1.000000000000000000e+00,-8.000000000000000000e+00
1.880146502089151994e+01,1.000000000000000000e+00,-8.000000000000000000e+00
1.880146502089151994e+01,1.000000000000000000e+00,-9.000000000000000000e+00
1.880146502089151994e+01,1.000000000000000000e+00,-8.000000000000000000e+00
1.880146502089151994e+01,1.000000000000000000e+00,-8.000000000000000000e+00
1.880146502089151994e+01,1.000000000000000000e+00,-4.000000000000000000e+00
1.880146502089151994e+01,1.000000000000000000e+00,-8.000000000000000000e+00
1.880146502089151994e+01,1.000000000000000000e+00,-9.000000000000000000e+00
1.880146502089151994e+01,1.000000000000000000e+00,-5.000000000000000000e+00
1.880146502089151994e+01,1.000000000000000000e+00,-1.100000000000000000e+01
1.880146502089151994e+01,1.000000000000000000e+00,-6.000000000000000000e+00
1.880146502089151994e+01,1.000000000000000000e+00,-8.000000000000000000e+00
1.880146502089151994e+01,1.000000000000000000e+00,-9.000000000000000000e+00
1.880146502089151994e+01,1.000000000000000000e+00,-8.000000000000000000e+00
1.880146502089151994e+01,1.000000000000000000e+00,-9.000000000000000000e+00
1.880146502089151994e+01,1.000000000000000000e+00,-7.000000000000000000e+00
1.880146502089151994e+01,1.000000000000000000e+00,-1.100000000000000000e+01
1.880146502089151994e+01,1.000000000000000000e+00,-9.000000000000000000e+00
1.880146502089151994e+01,1.000000000000000000e+00,-8.000000000000000000e+00
1.880146502089151994e+01,1.000000000000000000e+00,-9.000000000000000000e+00
1.880146502089151994e+01,1.000000000000000000e+00,-1.200000000000000000e+01
1.880146502089151994e+01,1.000000000000000000e+00,-9.000000000000000000e+00
1.880146502089151994e+01,1.000000000000000000e+00,-1.000000000000000000e+01
1.880146502089151994e+01,1.000000000000000000e+00,-9.000000000000000000e+00
1.880146502089151994e+01,1.000000000000000000e+00,-1.000000000000000000e+01
1.880146502089151994e+01,1.000000000000000000e+00,-9.000000000000000000e+00
1.880146502089151994e+01,1.000000000000000000e+00,-6.000000000000000000e+00
1.880146502089151994e+01,1.000000000000000000e+00,-9.000000000000000000e+00
1.880146502089151994e+01,1.000000000000000000e+00,-8.000000000000000000e+00
1.880146502089151994e+01,1.000000000000000000e+00,-1.300000000000000000e+01
1.880146502089151994e+01,1.000000000000000000e+00,-9.000000000000000000e+00
1.880146502089151994e+01,1.000000000000000000e+00,-9.000000000000000000e+00
1.880146502089151994e+01,1.000000000000000000e+00,-8.000000000000000000e+00
1.880146502089151994e+01,1.000000000000000000e+00,-1.000000000000000000e+01
1.880146502089151994e+01,1.000000000000000000e+00,-8.000000000000000000e+00
1.880146502089151994e+01,1.000000000000000000e+00,-8.000000000000000000e+00
1.880146502089151994e+01,1.000000000000000000e+00,-9.000000000000000000e+00
1.880146502089151994e+01,1.000000000000000000e+00,-5.000000000000000000e+00
1.880146502089151994e+01,1.000000000000000000e+00,-8.000000000000000000e+00
1.880146502089151994e+01,1.000000000000000000e+00,-8.000000000000000000e+00
1.880146502089151994e+01,1.000000000000000000e+00,-7.000000000000000000e+00
1.880146502089151994e+01,1.000000000000000000e+00,-1.100000000000000000e+01
1.880146502089151994e+01,1.000000000000000000e+00,-1.100000000000000000e+01
1.880146502089151994e+01,1.000000000000000000e+00,-1.000000000000000000e+01
1.880146502089151994e+01,1.000000000000000000e+00,-8.000000000000000000e+00
1.880146502089151994e+01,1.000000000000000000e+00,-6.000000000000000000e+00
1.880146502089151994e+01,1.000000000000000000e+00,-7.000000000000000000e+00
1.880146502089151994e+01,1.000000000000000000e+00,-5.000000000000000000e+00
1.880146502089151994e+01,1.000000000000000000e+00,-7.000000000000000000e+00
1.880146502089151994e+01,1.000000000000000000e+00,-1.200000000000000000e+01
1.880146502089151994e+01,1.000000000000000000e+00,-9.000000000000000000e+00
1.880146502089151994e+01,1.000000000000000000e+00,-1.200000000000000000e+01
1.880146502089151994e+01,1.000000000000000000e+00,-9.000000000000000000e+00
1.880146502089151994e+01,1.000000000000000000e+00,-1.200000000000000000e+01
1.880146502089151994e+01,1.000000000000000000e+00,-1.200000000000000000e+01
1.880146502089151994e+01,1.000000000000000000e+00,-1.300000000000000000e+01
1.880146502089151994e+01,1.000000000000000000e+00,-1.500000000000000000e+01
1.880146502089151994e+01,1.000000000000000000e+00,-9.000000000000000000e+00
1.880146502089151994e+01,1.000000000000000000e+00,-9.000000000000000000e+00
1.880146502089151994e+01,1.000000000000000000e+00,-1.000000000000000000e+01
1.880146502089151994e+01,1.000000000000000000e+00,-1.200000000000000000e+01
1.880146502089151994e+01,1.000000000000000000e+00,-1.000000000000000000e+01
1.880146502089151994e+01,1.000000000000000000e+00,-1.300000000000000000e+01
1.880146502089151994e+01,1.000000000000000000e+00,-1.100000000000000000e+01
1.880146502089151994e+01,1.000000000000000000e+00,-9.000000000000000000e+00
1.880146502089151994e+01,1.000000000000000000e+00,-9.000000000000000000e+00
1.880146502089151994e+01,1.000000000000000000e+00,-8.000000000000000000e+00
1.880146502089151994e+01,1.000000000000000000e+00,-1.100000000000000000e+01
1.880146502089151994e+01,1.000000000000000000e+00,-9.000000000000000000e+00
1.880146502089151994e+01,1.000000000000000000e+00,-1.200000000000000000e+01
1.880146502089151994e+01,1.000000000000000000e+00,-1.200000000000000000e+01
1.880146502089151994e+01,1.000000000000000000e+00,-9.000000000000000000e+00
1.880146502089151994e+01,1.000000000000000000e+00,-1.400000000000000000e+01
1.880146502089151994e+01,1.000000000000000000e+00,-1.300000000000000000e+01
1.880146502089151994e+01,1.000000000000000000e+00,-7.000000000000000000e+00
1.880146502089151994e+01,1.000000000000000000e+00,-1.300000000000000000e+01
1.880146502089151994e+01,1.000000000000000000e+00,-1.200000000000000000e+01
1.880146502089151994e+01,1.000000000000000000e+00,-1.200000000000000000e+01
1.880146502089151994e+01,1.000000000000000000e+00,-1.000000000000000000e+01
1.880146502089151994e+01,1.000000000000000000e+00,-1.200000000000000000e+01
1.880146502089151994e+01,1.000000000000000000e+00,-1.000000000000000000e+01
1.880146502089151994e+01,1.000000000000000000e+00,-1.200000000000000000e+01
1.880146502089151994e+01,1.000000000000000000e+00,-1.100000000000000000e+01
1.880146502089151994e+01,1.000000000000000000e+00,-1.200000000000000000e+01
1.880146502089151994e+01,1.000000000000000000e+00,-1.200000000000000000e+01
1.880146502089151994e+01,1.000000000000000000e+00,-1.300000000000000000e+01
1.880146502089151994e+01,1.000000000000000000e+00,-1.100000000000000000e+01
1.880146502089151994e+01,1.000000000000000000e+00,-8.000000000000000000e+00
1.880146502089151994e+01,1.000000000000000000e+00,-1.300000000000000000e+01
1.880146502089151994e+01,1.000000000000000000e+00,-1.100000000000000000e+01
1.880146502089151994e+01,1.000000000000000000e+00,-1.200000000000000000e+01
1.880146502089151994e+01,1.000000000000000000e+00,-1.200000000000000000e+01
1.880146502089151994e+01,1.000000000000000000e+00,-1.100000000000000000e+01
1.880146502089151994e+01,1.000000000000000000e+00,-1.300000000000000000e+01
1.880146502089151994e+01,1.000000000000000000e+00,-1.100000000000000000e+01
1.880146502089151994e+01,1.000000000000000000e+00,-1.000000000000000000e+01
1.880146502089151994e+01,1.000000000000000000e+00,-1.300000000000000000e+01
1.880146502089151994e+01,1.000000000000000000e+00,-1.200000000000000000e+01
1.880146502089151994e+01,1.000000000000000000e+00,-1.200000000000000000e+01
1.880146502089151994e+01,1.000000000000000000e+00,-1.500000000000000000e+01
1.880146502089151994e+01,1.000000000000000000e+00,-1.400000000000000000e+01
1.880146502089151994e+01,1.000000000000000000e+00,-1.200000000000000000e+01
1.880146502089151994e+01,1.000000000000000000e+00,-1.300000000000000000e+01
1.880146502089151994e+01,1.000000000000000000e+00,-1.500000000000000000e+01
1.880146502089151994e+01,1.000000000000000000e+00,-1.500000000000000000e+01
1.880146502089151994e+01,1.000000000000000000e+00,-1.500000000000000000e+01
1.880146502089151994e+01,1.000000000000000000e+00,-1.600000000000000000e+01
1.880146502089151994e+01,1.000000000000000000e+00,-1.100000000000000000e+01
1.880146502089151994e+01,1.000000000000000000e+00,-9.000000000000000000e+00
1.880146502089151994e+01,1.000000000000000000e+00,-1.200000000000000000e+01
1.880146502089151994e+01,1.000000000000000000e+00,-1.400000000000000000e+01
1.880146502089151994e+01,1.000000000000000000e+00,-1.400000000000000000e+01
1.880146502089151994e+01,1.000000000000000000e+00,-1.400000000000000000e+01
1.880146502089151994e+01,1.000000000000000000e+00,-1.300000000000000000e+01
1.880146502089151994e+01,1.000000000000000000e+00,-1.300000000000000000e+01
1.880146502089151994e+01,1.000000000000000000e+00,-1.300000000000000000e+01
1.880146502089151994e+01,1.000000000000000000e+00,-1.200000000000000000e+01
1.880146502089151994e+01,1.000000000000000000e+00,-1.300000000000000000e+01
1.880146502089151994e+01,1.000000000000000000e+00,-1.600000000000000000e+01
1.880146502089151994e+01,1.000000000000000000e+00,-1.500000000000000000e+01
1.880146502089151994e+01,1.000000000000000000e+00,-1.800000000000000000e+01
1.880146502089151994e+01,1.000000000000000000e+00,-1.000000000000000000e+01
1.880146502089151994e+01,1.000000000000000000e+00,-1.600000000000000000e+01
1.880146502089151994e+01,1.000000000000000000e+00,-1.700000000000000000e+01
1.880146502089151994e+01,1.000000000000000000e+00,-1.400000000000000000e+01
1.880146502089151994e+01,1.000000000000000000e+00,-1.500000000000000000e+01
1.880146502089151994e+01,1.000000000000000000e+00,-1.300000000000000000e+01
1.880146502089151994e+01,1.000000000000000000e+00,-2.000000000000000000e+01
1.880146502089151994e+01,1.000000000000000000e+00,-1.200000000000000000e+01
1.880146502089151994e+01,1.000000000000000000e+00,-1.700000000000000000e+01
1.880146502089151994e+01,1.000000000000000000e+00,-1.400000000000000000e+01
1.880146502089151994e+01,1.000000000000000000e+00,-1.600000000000000000e+01
1.880146502089151994e+01,1.000000000000000000e+00,-1.200000000000000000e+01
1.880146502089151994e+01,1.000000000000000000e+00,-1.700000000000000000e+01
1.880146502089151994e+01,1.000000000000000000e+00,-1.500000000000000000e+01
1.880146502089151994e+01,1.000000000000000000e+00,-1.600000000000000000e+01
1.880146502089151994e+01,1.000000000000000000e+00,-1.500000000000000000e+01
1.880146502089151994e+01,1.000000000000000000e+00,-1.700000000000000000e+01
1.880146502089151994e+01,1.000000000000000000e+00,-1.500000000000000000e+01
1.880146502089151994e+01,1.000000000000000000e+00,-1.300000000000000000e+01
1.880146502089151994e+01,1.000000000000000000e+00,-1.400000000000000000e+01
1.880146502089151994e+01,1.000000000000000000e+00,-1.500000000000000000e+01
1.880146502089151994e+01,1.000000000000000000e+00,-1.200000000000000000e+01
1.880146502089151994e+01,1.000000000000000000e+00,-1.500000000000000000e+01
1.880146502089151994e+01,1.000000000000000000e+00,-1.500000000000000000e+01
1.880146502089151994e+01,1.000000000000000000e+00,-1.400000000000000000e+01
1.880146502089151994e+01,1.000000000000000000e+00,-1.300000000000000000e+01
1.880146502089151994e+01,1.000000000000000000e+00,-1.900000000000000000e+01
1.880146502089151994e+01,1.000000000000000000e+00,-1.900000000000000000e+01
1.880146502089151994e+01,1.000000000000000000e+00,-1.500000000000000000e+01
1.880146502089151994e+01,1.000000000000000000e+00,-1.500000000000000000e+01
1.880146502089151994e+01,1.000000000000000000e+00,-1.600000000000000000e+01
1.880146502089151994e+01,1.000000000000000000e+00,-1.800000000000000000e+01
1.880146502089151994e+01,1.000000000000000000e+00,-1.800000000000000000e+01
1.880146502089151994e+01,1.000000000000000000e+00,-1.700000000000000000e+01
1.880146502089151994e+01,1.000000000000000000e+00,-1.800000000000000000e+01
1.880146502089151994e+01,1.000000000000000000e+00,-1.800000000000000000e+01
1.880146502089151994e+01,1.000000000000000000e+00,-1.600000000000000000e+01
1.880146502089151994e+01,1.000000000000000000e+00,-1.800000000000000000e+01
1.880146502089151994e+01,1.000000000000000000e+00,-1.600000000000000000e+01
1.880146502089151994e+01,1.000000000000000000e+00,-1.600000000000000000e+01
1.880146502089151994e+01,1.000000000000000000e+00,-1.500000000000000000e+01
1.880146502089151994e+01,1.000000000000000000e+00,-1.500000000000000000e+01
1.880146502089151994e+01,1.000000000000000000e+00,-1.800000000000000000e+01
1.880146502089151994e+01,1.000000000000000000e+00,-1.900000000000000000e+01
1.880146502089151994e+01,1.000000000000000000e+00,-1.700000000000000000e+01
1.880146502089151994e+01,1.000000000000000000e+00,-1.700000000000000000e+01
1.880146502089151994e+01,1.000000000000000000e+00,-1.900000000000000000e+01
1.880146502089151994e+01,1.000000000000000000e+00,-1.900000000000000000e+01
1.880146502089151994e+01,1.000000000000000000e+00,-1.500000000000000000e+01
1.880146502089151994e+01,1.000000000000000000e+00,-1.700000000000000000e+01
1.880146502089151994e+01,1.000000000000000000e+00,-1.800000000000000000e+01
1.880146502089151994e+01,1.000000000000000000e+00,-1.600000000000000000e+01
1.880146502089151994e+01,1.000000000000000000e+00,-1.800000000000000000e+01
1.880146502089151994e+01,1.000000000000000000e+00,-1.800000000000000000e+01
1.880146502089151994e+01,1.000000000000000000e+00,-1.900000000000000000e+01
1.880146502089151994e+01,1.000000000000000000e+00,-1.600000000000000000e+01
1.880146502089151994e+01,1.000000000000000000e+00,-1.900000000000000000e+01
1.880146502089151994e+01,1.000000000000000000e+00,-1.700000000000000000e+01
1.880146502089151994e+01,1.000000000000000000e+00,-1.700000000000000000e+01
1.880146502089151994e+01,1.000000000000000000e+00,-2.300000000000000000e+01
1.880146502089151994e+01,1.000000000000000000e+00,-1.400000000000000000e+01
1.880146502089151994e+01,1.000000000000000000e+00,-1.800000000000000000e+01
1.880146502089151994e+01,1.000000000000000000e+00,-1.600000000000000000e+01
1.880146502089151994e+01,1.000000000000000000e+00,-2.000000000000000000e+01
1.880146502089151994e+01,1.000000000000000000e+00,-1.800000000000000000e+01
1.880146502089151994e+01,1.000000000000000000e+00,-2.000000000000000000e+01
1.880146502089151994e+01,1.000000000000000000e+00,-2.000000000000000000e+01
1.880146502089151994e+01,1.000000000000000000e+00,-2.300000000000000000e+01
1.880146502089151994e+01,1.000000000000000000e+00,-1.800000000000000000e+01
1.880146502089151994e+01,1.000000000000000000e+00,-2.000000000000000000e+01
1.880146502089151994e+01,1.000000000000000000e+00,-1.700000000000000000e+01
1.880146502089151994e+01,1.000000000000000000e+00,-2.200000000000000000e+01
1.880146502089151994e+01,1.000000000000000000e+00,-2.200000000000000000e+01
1.880146502089151994e+01,1.000000000000000000e+00,-2.200000000000000000e+01
1.880146502089151994e+01,1.000000000000000000e+00,-2.200000000000000000e+01
1.880146502089151994e+01,1.000000000000000000e+00,-1.900000000000000000e+01
1.880146502089151994e+01,1.000000000000000000e+00,-1.800000000000000000e+01
1.880146502089151994e+01,1.000000000000000000e+00,-1.700000000000000000e+01
1.880146502089151994e+01,1.000000000000000000e+00,-2.300000000000000000e+01
1.880146502089151994e+01,1.000000000000000000e+00,-2.100000000000000000e+01
1.880146502089151994e+01,1.000000000000000000e+00,-1.800000000000000000e+01
1.880146502089151994e+01,1.000000000000000000e+00,-2.100000000000000000e+01
1.880146502089151994e+01,1.000000000000000000e+00,-1.800000000000000000e+01
1.880146502089151994e+01,1.000000000000000000e+00,-2.100000000000000000e+01
1.880146502089151994e+01,1.000000000000000000e+00,-2.200000000000000000e+01
1.880146502089151994e+01,1.000000000000000000e+00,-2.200000000000000000e+01
1.880146502089151994e+01,1.000000000000000000e+00,-2.100000000000000000e+01
1.880146502089151994e+01,1.000000000000000000e+00,-1.900000000000000000e+01
1.880146502089151994e+01,1.000000000000000000e+00,-2.100000000000000000e+01
1.880146502089151994e+01,1.000000000000000000e+00,-2.200000000000000000e+01
1.880146502089151994e+01,1.000000000000000000e+00,-2.300000000000000000e+01
1.880146502089151994e+01,1.000000000000000000e+00,-2.300000000000000000e+01
1.880146502089151994e+01,1.000000000000000000e+00,-2.200000000000000000e+01
1.880146502089151994e+01,1.000000000000000000e+00,-2.100000000000000000e+01
1.880146502089151994e+01,1.000000000000000000e+00,-2.400000000000000000e+01
1.880146502089151994e+01,1.000000000000000000e+00,-2.700000000000000000e+01
1.880146502089151994e+01,1.000000000000000000e+00,-1.600000000000000000e+01
1.880146502089151994e+01,1.000000000000000000e+00,-2.200000000000000000e+01
1.880146502089151994e+01,1.000000000000000000e+00,-2.200000000000000000e+01
1.880146502089151994e+01,1.000000000000000000e+00,-2.300000000000000000e+01
1.880146502089151994e+01,1.000000000000000000e+00,-2.200000000000000000e+01
1.880146502089151994e+01,1.000000000000000000e+00,-2.100000000000000000e+01
1.880146502089151994e+01,1.000000000000000000e+00,-2.100000000000000000e+01
1.880146502089151994e+01,1.000000000000000000e+00,-2.000000000000000000e+01
1.880146502089151994e+01,1.000000000000000000e+00,-1.800000000000000000e+01
1.880146502089151994e+01,1.000000000000000000e+00,-2.200000000000000000e+01
1.880146502089151994e+01,1.000000000000000000e+00,-2.300000000000000000e+01
1.880146502089151994e+01,1.000000000000000000e+00,-2.300000000000000000e+01
1.880146502089151994e+01,1.000000000000000000e+00,-2.100000000000000000e+01
1.880146502089151994e+01,1.000000000000000000e+00,-1.800000000000000000e+01
1.880146502089151994e+01,1.000000000000000000e+00,-2.300000000000000000e+01
1.880146502089151994e+01,1.000000000000000000e+00,-2.400000000000000000e+01
1.880146502089151994e+01,1.000000000000000000e+00,-2.300000000000000000e+01
1.880146502089151994e+01,1.000000000000000000e+00,-2.200000000000000000e+01
1.880146502089151994e+01,1.000000000000000000e+00,-2.000000000000000000e+01
1.880146502089151994e+01,1.000000000000000000e+00,-2.000000000000000000e+01
1.880146502089151994e+01,1.000000000000000000e+00,-2.400000000000000000e+01
1.880146502089151994e+01,1.000000000000000000e+00,-2.600000000000000000e+01
1.880146502089151994e+01,1.000000000000000000e+00,-2.500000000000000000e+01
1.880146502089151994e+01,1.000000000000000000e+00,-2.300000000000000000e+01
1.880146502089151994e+01,1.000000000000000000e+00,-2.200000000000000000e+01
1.880146502089151994e+01,1.000000000000000000e+00,-2.400000000000000000e+01
1.880146502089151994e+01,1.000000000000000000e+00,-2.200000000000000000e+01
1.880146502089151994e+01,1.000000000000000000e+00,-2.200000000000000000e+01
1.880146502089151994e+01,1.000000000000000000e+00,-2.100000000000000000e+01
1.880146502089151994e+01,1.000000000000000000e+00,-2.500000000000000000e+01
1.880146502089151994e+01,1.000000000000000000e+00,-2.200000000000000000e+01
1.880146502089151994e+01,1.000000000000000000e+00,-2.400000000000000000e+01
1.880146502089151994e+01,1.000000000000000000e+00,-2.200000000000000000e+01
1.880146502089151994e+01,1.000000000000000000e+00,-2.800000000000000000e+01
1.880146502089151994e+01,1.000000000000000000e+00,-2.200000000000000000e+01
1.880146502089151994e+01,1.000000000000000000e+00,-2.500000000000000000e+01
1.880146502089151994e+01,1.000000000000000000e+00,-2.100000000000000000e+01
1.880146502089151994e+01,1.000000000000000000e+00,-2.400000000000000000e+01
1.880146502089151994e+01,1.000000000000000000e+00,-2.600000000000000000e+01
1.880146502089151994e+01,1.000000000000000000e+00,-2.700000000000000000e+01
1.880146502089151994e+01,1.000000000000000000e+00,-2.300000000000000000e+01
1.880146502089151994e+01,1.000000000000000000e+00,-2.500000000000000000e+01
1.880146502089151994e+01,1.000000000000000000e+00,-2.900000000000000000e+01
1.880146502089151994e+01,1.000000000000000000e+00,-2.600000000000000000e+01
1.880146502089151994e+01,1.000000000000000000e+00,-2.700000000000000000e+01
1.880146502089151994e+01,1.000000000000000000e+00,-2.400000000000000000e+01
1.880146502089151994e+01,1.000000000000000000e+00,-2.600000000000000000e+01
1.880146502089151994e+01,1.000000000000000000e+00,-2.500000000000000000e+01
1.880146502089151994e+01,1.000000000000000000e+00,-2.100000000000000000e+01
1.880146502089151994e+01,1.000000000000000000e+00,-2.400000000000000000e+01
1.880146502089151994e+01,1.000000000000000000e+00,-2.300000000000000000e+01
1.880146502089151994e+01,1.000000000000000000e+00,-2.700000000000000000e+01
1.880146502089151994e+01,1.000000000000000000e+00,-2.500000000000000000e+01
1.880146502089151994e+01,1.000000000000000000e+00,-2.200000000000000000e+01
1.880146502089151994e+01,1.000000000000000000e+00,-2.900000000000000000e+01
1.880146502089151994e+01,1.000000000000000000e+00,-2.500000000000000000e+01
1.880146502089151994e+01,1.000000000000000000e+00,-2.600000000000000000e+01
1.880146502089151994e+01,1.000000000000000000e+00,-2.700000000000000000e+01
1.880146502089151994e+01,1.000000000000000000e+00,-2.700000000000000000e+01
1.880146502089151994e+01,1.000000000000000000e+00,-2.800000000000000000e+01
1.880146502089151994e+01,1.000000000000000000e+00,-2.700000000000000000e+01
1.880146502089151994e+01,1.000000000000000000e+00,-2.700000000000000000e+01
1.880146502089151994e+01,1.000000000000000000e+00,-2.800000000000000000e+01
1.880146502089151994e+01,1.000000000000000000e+00,-2.500000000000000000e+01
1.880146502089151994e+01,1.000000000000000000e+00,-2.900000000000000000e+01
1.880146502089151994e+01,1.000000000000000000e+00,-3.000000000000000000e+01
1.880146502089151994e+01,1.000000000000000000e+00,-2.900000000000000000e+01
1.880146502089151994e+01,1.000000000000000000e+00,-2.400000000000000000e+01
1.880146502089151994e+01,1.000000000000000000e+00,-2.500000000000000000e+01
1.880146502089151994e+01,1.000000000000000000e+00,-2.500000000000000000e+01
1.880146502089151994e+01,1.000000000000000000e+00,-2.600000000000000000e+01
1.880146502089151994e+01,1.000000000000000000e+00,-2.900000000000000000e+01
1.880146502089151994e+01,1.000000000000000000e+00,-2.600000000000000000e+01
1.880146502089151994e+01,1.000000000000000000e+00,-2.600000000000000000e+01
1.880146502089151994e+01,1.000000000000000000e+00,-2.500000000000000000e+01
1.880146502089151994e+01,1.000000000000000000e+00,-2.700000000000000000e+01
1.880146502089151994e+01,1.000000000000000000e+00,-3.100000000000000000e+01
1.880146502089151994e+01,1.000000000000000000e+00,-2.700000000000000000e+01
1.880146502089151994e+01,1.000000000000000000e+00,-2.600000000000000000e+01
1.880146502089151994e+01,1.000000000000000000e+00,-2.800000000000000000e+01
1.880146502089151994e+01,1.000000000000000000e+00,-3.000000000000000000e+01
1.880146502089151994e+01,1.000000000000000000e+00,-2.700000000000000000e+01
1.880146502089151994e+01,1.000000000000000000e+00,-2.700000000000000000e+01
1.880146502089151994e+01,1.000000000000000000e+00,-2.500000000000000000e+01
1.880146502089151994e+01,1.000000000000000000e+00,-2.700000000000000000e+01
1.880146502089151994e+01,1.000000000000000000e+00,-2.800000000000000000e+01
1.880146502089151994e+01,1.000000000000000000e+00,-2.800000000000000000e+01
1.880146502089151994e+01,1.000000000000000000e+00,-2.900000000000000000e+01
1.880146502089151994e+01,1.000000000000000000e+00,-2.900000000000000000e+01
1.880146502089151994e+01,1.000000000000000000e+00,-2.600000000000000000e+01
1.880146502089151994e+01,1.000000000000000000e+00,-2.800000000000000000e+01
1.880146502089151994e+01,1.000000000000000000e+00,-2.800000000000000000e+01
1.880146502089151994e+01,1.000000000000000000e+00,-2.400000000000000000e+01
1.880146502089151994e+01,1.000000000000000000e+00,-2.900000000000000000e+01
1.880146502089151994e+01,1.000000000000000000e+00,-2.900000000000000000e+01
1.880146502089151994e+01,1.000000000000000000e+00,-2.700000000000000000e+01
1.880146502089151994e+01,1.000000000000000000e+00,-2.900000000000000000e+01
1.880146502089151994e+01,1.000000000000000000e+00,-2.700000000000000000e+01
1.880146502089151994e+01,1.000000000000000000e+00,-2.800000000000000000e+01
1.880146502089151994e+01,1.000000000000000000e+00,-3.400000000000000000e+01
1.880146502089151994e+01,1.000000000000000000e+00,-2.900000000000000000e+01
1.880146502089151994e+01,1.000000000000000000e+00,-3.400000000000000000e+01
1.880146502089151994e+01,1.000000000000000000e+00,-2.900000000000000000e+01
1.880146502089151994e+01,1.000000000000000000e+00,-2.900000000000000000e+01
1.880146502089151994e+01,1.000000000000000000e+00,-2.900000000000000000e+01
1.880146502089151994e+01,1.000000000000000000e+00,-3.000000000000000000e+01
1.880146502089151994e+01,1.000000000000000000e+00,-3.200000000000000000e+01
1.880146502089151994e+01,1.000000000000000000e+00,-2.700000000000000000e+01
1.880146502089151994e+01,1.000000000000000000e+00,-3.000000000000000000e+01
1.880146502089151994e+01,1.000000000000000000e+00,-3.100000000000000000e+01
1.880146502089151994e+01,1.000000000000000000e+00,-3.200000000000000000e+01
1.880146502089151994e+01,1.000000000000000000e+00,-3.100000000000000000e+01
1.880146502089151994e+01,1.000000000000000000e+00,-2.700000000000000000e+01
1.880146502089151994e+01,1.000000000000000000e+00,-3.200000000000000000e+01
1.880146502089151994e+01,1.000000000000000000e+00,-3.300000000000000000e+01
1.880146502089151994e+01,1.000000000000000000e+00,-2.900000000000000000e+01
1.880146502089151994e+01,1.000000000000000000e+00,-2.800000000000000000e+01
1.880146502089151994e+01,1.000000000000000000e+00,-2.900000000000000000e+01
1.880146502089151994e+01,1.000000000000000000e+00,-2.900000000000000000e+01
1.880146502089151994e+01,1.000000000000000000e+00,-3.200000000000000000e+01
1.880146502089151994e+01,1.000000000000000000e+00,-3.200000000000000000e+01
1.880146502089151994e+01,1.000000000000000000e+00,-3.200000000000000000e+01
1.880146502089151994e+01,1.000000000000000000e+00,-2.500000000000000000e+01
1.880146502089151994e+01,1.000000000000000000e+00,-3.000000000000000000e+01
1.880146502089151994e+01,1.000000000000000000e+00,-2.800000000000000000e+01
1.880146502089151994e+01,1.000000000000000000e+00,-2.800000000000000000e+01
1.880146502089151994e+01,1.000000000000000000e+00,-2.800000000000000000e+01
1.880146502089151994e+01,1.000000000000000000e+00,-3.300000000000000000e+01
1.880146502089151994e+01,1.000000000000000000e+00,-3.200000000000000000e+01
1.880146502089151994e+01,1.000000000000000000e+00,-3.000000000000000000e+01
1.880146502089151994e+01,1.000000000000000000e+00,-2.900000000000000000e+01
1.880146502089151994e+01,1.000000000000000000e+00,-3.400000000000000000e+01
1.880146502089151994e+01,1.000000000000000000e+00,-3.100000000000000000e+01
1.880146502089151994e+01,1.000000000000000000e+00,-2.900000000000000000e+01
1.880146502089151994e+01,1.000000000000000000e+00,-3.000000000000000000e+01
1.880146502089151994e+01,1.000000000000000000e+00,-3.200000000000000000e+01
1.880146502089151994e+01,1.000000000000000000e+00,-3.100000000000000000e+01
1.880146502089151994e+01,1.000000000000000000e+00,-2.900000000000000000e+01
1.880146502089151994e+01,1.000000000000000000e+00,-3.700000000000000000e+01
1.880146502089151994e+01,1.000000000000000000e+00,-3.200000000000000000e+01
1.880146502089151994e+01,1.000000000000000000e+00,-3.300000000000000000e+01
1.880146502089151994e+01,1.000000000000000000e+00,-3.400000000000000000e+01
1.880146502089151994e+01,1.000000000000000000e+00,-3.400000000000000000e+01
1.880146502089151994e+01,1.000000000000000000e+00,-3.300000000000000000e+01
1.880146502089151994e+01,1.000000000000000000e+00,-3.400000000000000000e+01
1.880146502089151994e+01,1.000000000000000000e+00,-3.100000000000000000e+01
1.880146502089151994e+01,1.000000000000000000e+00,-3.100000000000000000e+01
1.880146502089151994e+01,1.000000000000000000e+00,-3.500000000000000000e+01
1.880146502089151994e+01,1.000000000000000000e+00,-3.200000000000000000e+01
1.880146502089151994e+01,1.000000000000000000e+00,-3.300000000000000000e+01
1.880146502089151994e+01,1.000000000000000000e+00,-3.500000000000000000e+01
1.880146502089151994e+01,1.000000000000000000e+00,-3.300000000000000000e+01
1.880146502089151994e+01,1.000000000000000000e+00,-3.600000000000000000e+01
1.880146502089151994e+01,1.000000000000000000e+00,-3.200000000000000000e+01
1.880146502089151994e+01,1.000000000000000000e+00,-3.800000000000000000e+01
1.880146502089151994e+01,1.000000000000000000e+00,-3.200000000000000000e+01
1.880146502089151994e+01,1.000000000000000000e+00,-3.200000000000000000e+01
1.880146502089151994e+01,1.000000000000000000e+00,-3.400000000000000000e+01
1.880146502089151994e+01,1.000000000000000000e+00,-3.800000000000000000e+01
1.880146502089151994e+01,1.000000000000000000e+00,-3.600000000000000000e+01
1.880146502089151994e+01,1.000000000000000000e+00,-3.700000000000000000e+01
1.880146502089151994e+01,1.000000000000000000e+00,-3.200000000000000000e+01
1.880146502089151994e+01,1.000000000000000000e+00,-4.000000000000000000e+01
1.880146502089151994e+01,1.000000000000000000e+00,-3.600000000000000000e+01
1.880146502089151994e+01,1.000000000000000000e+00,-3.500000000000000000e+01
1.880146502089151994e+01,1.000000000000000000e+00,-3.900000000000000000e+01
1.880146502089151994e+01,1.000000000000000000e+00,-3.200000000000000000e+01
1.880146502089151994e+01,1.000000000000000000e+00,-3.500000000000000000e+01
1.880146502089151994e+01,1.000000000000000000e+00,-3.500000000000000000e+01
1.880146502089151994e+01,1.000000000000000000e+00,-3.600000000000000000e+01
1.880146502089151994e+01,1.000000000000000000e+00,-3.500000000000000000e+01
1.880146502089151994e+01,1.000000000000000000e+00,-3.500000000000000000e+01
1.880146502089151994e+01,1.000000000000000000e+00,-3.400000000000000000e+01
1.880146502089151994e+01,1.000000000000000000e+00,-3.700000000000000000e+01
1.880146502089151994e+01,1.000000000000000000e+00,-3.700000000000000000e+01
1.880146502089151994e+01,1.000000000000000000e+00,-3.600000000000000000e+01
1.880146502089151994e+01,1.000000000000000000e+00,-3.400000000000000000e+01
1.880146502089151994e+01,1.000000000000000000e+00,-3.800000000000000000e+01
1.880146502089151994e+01,1.000000000000000000e+00,-3.700000000000000000e+01
1.880146502089151994e+01,1.000000000000000000e+00,-3.800000000000000000e+01
1.880146502089151994e+01,1.000000000000000000e+00,-3.800000000000000000e+01
1.880146502089151994e+01,1.000000000000000000e+00,-3.600000000000000000e+01
1.880146502089151994e+01,1.000000000000000000e+00,-3.500000000000000000e+01
1.880146502089151994e+01,1.000000000000000000e+00,-3.700000000000000000e+01
1.880146502089151994e+01,1.000000000000000000e+00,-3.500000000000000000e+01
1.880146502089151994e+01,1.000000000000000000e+00,-4.000000000000000000e+01
1.880146502089151994e+01,1.000000000000000000e+00,-3.600000000000000000e+01
1.880146502089151994e+01,1.000000000000000000e+00,-3.500000000000000000e+01
1.880146502089151994e+01,1.000000000000000000e+00,-4.100000000000000000e+01
1.880146502089151994e+01,1.000000000000000000e+00,-3.700000000000000000e+01
1.880146502089151994e+01,1.000000000000000000e+00,-3.900000000000000000e+01
1.880146502089151994e+01,1.000000000000000000e+00,-3.300000000000000000e+01
1.880146502089151994e+01,1.000000000000000000e+00,-3.600000000000000000e+01
1.880146502089151994e+01,1.000000000000000000e+00,-3.800000000000000000e+01
1.880146502089151994e+01,1.000000000000000000e+00,-3.700000000000000000e+01
1.880146502089151994e+01,1.000000000000000000e+00,-3.400000000000000000e+01
1.880146502089151994e+01,1.000000000000000000e+00,-3.900000000000000000e+01
1.880146502089151994e+01,1.000000000000000000e+00,-3.700000000000000000e+01
1.880146502089151994e+01,1.000000000000000000e+00,-3.900000000000000000e+01
1.880146502089151994e+01,1.000000000000000000e+00,-3.800000000000000000e+01
1.880146502089151994e+01,1.000000000000000000e+00,-3.800000000000000000e+01
1.880146502089151994e+01,1.000000000000000000e+00,-3.800000000000000000e+01
1.880146502089151994e+01,1.000000000000000000e+00,-3.700000000000000000e+01
1.880146502089151994e+01,1.000000000000000000e+00,-3.700000000000000000e+01
1.880146502089151994e+01,1.000000000000000000e+00,-3.900000000000000000e+01
1.880146502089151994e+01,1.000000000000000000e+00,-3.800000000000000000e+01
1.880146502089151994e+01,1.000000000000000000e+00,-4.300000000000000000e+01
1.880146502089151994e+01,1.000000000000000000e+00,-3.700000000000000000e+01
1.880146502089151994e+01,1.000000000000000000e+00,-3.600000000000000000e+01
1.880146502089151994e+01,1.000000000000000000e+00,-4.100000000000000000e+01
1.880146502089151994e+01,1.000000000000000000e+00,-3.800000000000000000e+01
1.880146502089151994e+01,1.000000000000000000e+00,-3.800000000000000000e+01
1.880146502089151994e+01,1.000000000000000000e+00,-3.900000000000000000e+01
1.880146502089151994e+01,1.000000000000000000e+00,-4.300000000000000000e+01
1.880146502089151994e+01,1.000000000000000000e+00,-3.800000000000000000e+01
1.880146502089151994e+01,1.000000000000000000e+00,-3.800000000000000000e+01
1.880146502089151994e+01,1.000000000000000000e+00,-3.900000000000000000e+01
1.880146502089151994e+01,1.000000000000000000e+00,-3.800000000000000000e+01
1.880146502089151994e+01,1.000000000000000000e+00,-4.100000000000000000e+01
1.880146502089151994e+01,1.000000000000000000e+00,-4.200000000000000000e+01
1.880146502089151994e+01,1.000000000000000000e+00,-4.100000000000000000e+01
1.880146502089151994e+01,1.000000000000000000e+00,-3.800000000000000000e+01
1.880146502089151994e+01,1.000000000000000000e+00,-4.100000000000000000e+01
1.880146502089151994e+01,1.000000000000000000e+00,-3.900000000000000000e+01
1.880146502089151994e+01,1.000000000000000000e+00,-4.400000000000000000e+01
1.880146502089151994e+01,1.000000000000000000e+00,-3.700000000000000000e+01
1.880146502089151994e+01,1.000000000000000000e+00,-4.000000000000000000e+01
1.880146502089151994e+01,1.000000000000000000e+00,-4.100000000000000000e+01
1.880146502089151994e+01,1.000000000000000000e+00,-3.600000000000000000e+01
1.880146502089151994e+01,1.000000000000000000e+00,-3.900000000000000000e+01
1.880146502089151994e+01,1.000000000000000000e+00,-3.800000000000000000e+01
1.880146502089151994e+01,1.000000000000000000e+00,-4.200000000000000000e+01
1.880146502089151994e+01,1.000000000000000000e+00,-4.100000000000000000e+01
1.880146502089151994e+01,1.000000000000000000e+00,-4.300000000000000000e+01
1.880146502089151994e+01,1.000000000000000000e+00,-4.400000000000000000e+01
1.880146502089151994e+01,1.000000000000000000e+00,-4.100000000000000000e+01
1.880146502089151994e+01,1.000000000000000000e+00,-4.500000000000000000e+01
1.880146502089151994e+01,1.000000000000000000e+00,-4.000000000000000000e+01
1.880146502089151994e+01,1.000000000000000000e+00,-3.900000000000000000e+01
1.880146502089151994e+01,1.000000000000000000e+00,-3.700000000000000000e+01
1.880146502089151994e+01,1.000000000000000000e+00,-4.300000000000000000e+01
1.880146502089151994e+01,1.000000000000000000e+00,-4.100000000000000000e+01
1.880146502089151994e+01,1.000000000000000000e+00,-4.300000000000000000e+01
1.880146502089151994e+01,1.000000000000000000e+00,-3.900000000000000000e+01
1.880146502089151994e+01,1.000000000000000000e+00,-3.900000000000000000e+01
1.880146502089151994e+01,1.000000000000000000e+00,-4.000000000000000000e+01
1.880146502089151994e+01,1.000000000000000000e+00,-4.000000000000000000e+01
1.880146502089151994e+01,1.000000000000000000e+00,-4.200000000000000000e+01
1.880146502089151994e+01,1.000000000000000000e+00,-4.000000000000000000e+01
1.880146502089151994e+01,1.000000000000000000e+00,-4.100000000000000000e+01
1.880146502089151994e+01,1.000000000000000000e+00,-4.000000000000000000e+01
1.880146502089151994e+01,1.000000000000000000e+00,-3.900000000000000000e+01
1.880146502089151994e+01,1.000000000000000000e+00,-3.800000000000000000e+01
1.880146502089151994e+01,1.000000000000000000e+00,-3.900000000000000000e+01
1.880146502089151994e+01,1.000000000000000000e+00,-4.200000000000000000e+01
1.880146502089151994e+01,1.000000000000000000e+00,-4.200000000000000000e+01
1.880146502089151994e+01,1.000000000000000000e+00,-4.000000000000000000e+01
1.880146502089151994e+01,1.000000000000000000e+00,-4.300000000000000000e+01
1.880146502089151994e+01,1.000000000000000000e+00,-4.200000000000000000e+01
1.880146502089151994e+01,1.000000000000000000e+00,-4.100000000000000000e+01
1.880146502089151994e+01,1.000000000000000000e+00,-4.200000000000000000e+01
1.880146502089151994e+01,1.000000000000000000e+00,-4.200000000000000000e+01
1.880146502089151994e+01,1.000000000000000000e+00,-4.000000000000000000e+01
1.880146502089151994e+01,1.000000000000000000e+00,-4.000000000000000000e+01
1.880146502089151994e+01,1.000000000000000000e+00,-4.200000000000000000e+01
1.880146502089151994e+01,1.000000000000000000e+00,-4.200000000000000000e+01
1.880146502089151994e+01,1.000000000000000000e+00,-4.300000000000000000e+01
1.880146502089151994e+01,1.000000000000000000e+00,-4.600000000000000000e+01
1.880146502089151994e+01,1.000000000000000000e+00,-4.400000000000000000e+01
1.880146502089151994e+01,1.000000000000000000e+00,-4.000000000000000000e+01
1.880146502089151994e+01,1.000000000000000000e+00,-4.300000000000000000e+01
1.880146502089151994e+01,1.000000000000000000e+00,-4.300000000000000000e+01
1.880146502089151994e+01,1.000000000000000000e+00,-4.600000000000000000e+01
1.880146502089151994e+01,1.000000000000000000e+00,-4.600000000000000000e+01
1.880146502089151994e+01,1.000000000000000000e+00,-4.500000000000000000e+01
1.880146502089151994e+01,1.000000000000000000e+00,-4.300000000000000000e+01
1.880146502089151994e+01,1.000000000000000000e+00,-4.100000000000000000e+01
1.880146502089151994e+01,1.000000000000000000e+00,-4.600000000000000000e+01
1.880146502089151994e+01,1.000000000000000000e+00,-4.400000000000000000e+01
1.880146502089151994e+01,1.000000000000000000e+00,-4.500000000000000000e+01
1.880146502089151994e+01,1.000000000000000000e+00,-4.400000000000000000e+01
1.880146502089151994e+01,1.000000000000000000e+00,-4.100000000000000000e+01
1.880146502089151994e+01,1.000000000000000000e+00,-4.200000000000000000e+01
1.880146502089151994e+01,1.000000000000000000e+00,-4.600000000000000000e+01
1.880146502089151994e+01,1.000000000000000000e+00,-4.400000000000000000e+01
1.880146502089151994e+01,1.000000000000000000e+00,-4.600000000000000000e+01
1.880146502089151994e+01,1.000000000000000000e+00,-4.300000000000000000e+01
1.880146502089151994e+01,1.000000000000000000e+00,-4.400000000000000000e+01
1.880146502089151994e+01,1.000000000000000000e+00,-4.700000000000000000e+01
1.880146502089151994e+01,1.000000000000000000e+00,-4.600000000000000000e+01
1.880146502089151994e+01,1.000000000000000000e+00,-4.000000000000000000e+01
1.880146502089151994e+01,1.000000000000000000e+00,-4.700000000000000000e+01
1.880146502089151994e+01,1.000000000000000000e+00,-4.600000000000000000e+01
1.880146502089151994e+01,1.000000000000000000e+00,-4.400000000000000000e+01
1.880146502089151994e+01,1.000000000000000000e+00,-4.600000000000000000e+01
1.880146502089151994e+01,1.000000000000000000e+00,-4.400000000000000000e+01
1.880146502089151994e+01,1.000000000000000000e+00,-4.600000000000000000e+01
1.880146502089151994e+01,1.000000000000000000e+00,-4.400000000000000000e+01
1.880146502089151994e+01,1.000000000000000000e+00,-4.800000000000000000e+01
1.880146502089151994e+01,1.000000000000000000e+00,-4.500000000000000000e+01
1.880146502089151994e+01,1.000000000000000000e+00,-4.300000000000000000e+01
1.880146502089151994e+01,1.000000000000000000e+00,-4.600000000000000000e+01
1.880146502089151994e+01,1.000000000000000000e+00,-4.400000000000000000e+01
1.880146502089151994e+01,1.000000000000000000e+00,-4.700000000000000000e+01
1.880146502089151994e+01,1.000000000000000000e+00,-4.800000000000000000e+01
1.880146502089151994e+01,1.000000000000000000e+00,-4.400000000000000000e+01
1.880146502089151994e+01,1.000000000000000000e+00,-4.700000000000000000e+01
1.880146502089151994e+01,1.000000000000000000e+00,-4.600000000000000000e+01
1.880146502089151994e+01,1.000000000000000000e+00,-4.400000000000000000e+01
1.880146502089151994e+01,1.000000000000000000e+00,-5.000000000000000000e+01
1.880146502089151994e+01,1.000000000000000000e+00,-4.500000000000000000e+01
1.880146502089151994e+01,1.000000000000000000e+00,-4.900000000000000000e+01
1.880146502089151994e+01,1.000000000000000000e+00,-4.600000000000000000e+01
1.880146502089151994e+01,1.000000000000000000e+00,-4.800000000000000000e+01
1.880146502089151994e+01,1.000000000000000000e+00,-4.400000000000000000e+01
1.880146502089151994e+01,1.000000000000000000e+00,-4.500000000000000000e+01
1.880146502089151994e+01,1.000000000000000000e+00,-4.500000000000000000e+01
1.880146502089151994e+01,1.000000000000000000e+00,-4.400000000000000000e+01
1.880146502089151994e+01,1.000000000000000000e+00,-4.900000000000000000e+01
1.880146502089151994e+01,1.000000000000000000e+00,-4.500000000000000000e+01
1.880146502089151994e+01,1.000000000000000000e+00,-4.600000000000000000e+01
1.880146502089151994e+01,1.000000000000000000e+00,-4.600000000000000000e+01
1.880146502089151994e+01,1.000000000000000000e+00,-4.600000000000000000e+01
1.880146502089151994e+01,1.000000000000000000e+00,-4.300000000000000000e+01
1.880146502089151994e+01,1.000000000000000000e+00,-4.600000000000000000e+01
1.880146502089151994e+01,1.000000000000000000e+00,-4.600000000000000000e+01
1.880146502089151994e+01,1.000000000000000000e+00,-4.800000000000000000e+01
1.880146502089151994e+01,1.000000000000000000e+00,-4.600000000000000000e+01
1.880146502089151994e+01,1.000000000000000000e+00,-4.600000000000000000e+01
1.880146502089151994e+01,1.000000000000000000e+00,-4.700000000000000000e+01
1.880146502089151994e+01,1.000000000000000000e+00,-4.900000000000000000e+01
1.880146502089151994e+01,1.000000000000000000e+00,-5.100000000000000000e+01
1.880146502089151994e+01,1.000000000000000000e+00,-4.700000000000000000e+01
1.880146502089151994e+01,1.000000000000000000e+00,-4.600000000000000000e+01
1.880146502089151994e+01,1.000000000000000000e+00,-4.900000000000000000e+01
1.880146502089151994e+01,1.000000000000000000e+00,-4.700000000000000000e+01
1.880146502089151994e+01,1.000000000000000000e+00,-4.900000000000000000e+01
1.880146502089151994e+01,1.000000000000000000e+00,-4.800000000000000000e+01
1.880146502089151994e+01,1.000000000000000000e+00,-4.700000000000000000e+01
1.880146502089151994e+01,1.000000000000000000e+00,-4.900000000000000000e+01
1.880146502089151994e+01,1.000000000000000000e+00,-4.900000000000000000e+01
1.880146502089151994e+01,1.000000000000000000e+00,-4.800000000000000000e+01
1.880146502089151994e+01,1.000000000000000000e+00,-4.800000000000000000e+01
1.880146502089151994e+01,1.000000000000000000e+00,-5.000000000000000000e+01
1.880146502089151994e+01,1.000000000000000000e+00,-4.800000000000000000e+01
1.880146502089151994e+01,1.000000000000000000e+00,-5.000000000000000000e+01
1.880146502089151994e+01,1.000000000000000000e+00,-4.700000000000000000e+01
1.880146502089151994e+01,1.000000000000000000e+00,-4.700000000000000000e+01
1.880146502089151994e+01,1.000000000000000000e+00,-4.700000000000000000e+01
1.880146502089151994e+01,1.000000000000000000e+00,-4.600000000000000000e+01
1.880146502089151994e+01,1.000000000000000000e+00,-5.000000000000000000e+01
1.880146502089151994e+01,1.000000000000000000e+00,-4.800000000000000000e+01
1.880146502089151994e+01,1.000000000000000000e+00,-4.800000000000000000e+01
1.880146502089151994e+01,1.000000000000000000e+00,-4.600000000000000000e+01
1.880146502089151994e+01,1.000000000000000000e+00,-5.000000000000000000e+01
1.880146502089151994e+01,1.000000000000000000e+00,-4.600000000000000000e+01
1.880146502089151994e+01,1.000000000000000000e+00,-4.800000000000000000e+01
1.880146502089151994e+01,1.000000000000000000e+00,-4.800000000000000000e+01
1.880146502089151994e+01,1.000000000000000000e+00,-4.900000000000000000e+01
1.880146502089151994e+01,1.000000000000000000e+00,-5.100000000000000000e+01
1.880146502089151994e+01,1.000000000000000000e+00,-5.100000000000000000e+01
1.880146502089151994e+01,1.000000000000000000e+00,-5.100000000000000000e+01
1.880146502089151994e+01,1.000000000000000000e+00,-5.100000000000000000e+01
1.880146502089151994e+01,1.000000000000000000e+00,-4.900000000000000000e+01
1.880146502089151994e+01,1.000000000000000000e+00,-4.900000000000000000e+01
1.880146502089151994e+01,1.000000000000000000e+00,-4.700000000000000000e+01
1.880146502089151994e+01,1.000000000000000000e+00,-5.100000000000000000e+01
1.880146502089151994e+01,1.000000000000000000e+00,-4.800000000000000000e+01
1.880146502089151994e+01,1.000000000000000000e+00,-4.800000000000000000e+01
1.880146502089151994e+01,1.000000000000000000e+00,-5.200000000000000000e+01
1.880146502089151994e+01,1.000000000000000000e+00,-4.800000000000000000e+01
1.880146502089151994e+01,1.000000000000000000e+00,-5.200000000000000000e+01
1.880146502089151994e+01,1.000000000000000000e+00,-5.100000000000000000e+01
1.880146502089151994e+01,1.000000000000000000e+00,-5.200000000000000000e+01
1.880146502089151994e+01,1.000000000000000000e+00,-4.900000000000000000e+01
1.880146502089151994e+01,1.000000000000000000e+00,-4.700000000000000000e+01
1.880146502089151994e+01,1.000000000000000000e+00,-5.300000000000000000e+01
1.880146502089151994e+01,1.000000000000000000e+00,-4.900000000000000000e+01
1.880146502089151994e+01,1.000000000000000000e+00,-4.900000000000000000e+01
1.880146502089151994e+01,1.000000000000000000e+00,-5.500000000000000000e+01
1.880146502089151994e+01,1.000000000000000000e+00,-5.100000000000000000e+01
1.880146502089151994e+01,1.000000000000000000e+00,-5.200000000000000000e+01
1.880146502089151994e+01,1.000000000000000000e+00,-4.900000000000000000e+01
1.880146502089151994e+01,1.000000000000000000e+00,-5.300000000000000000e+01
1.880146502089151994e+01,1.000000000000000000e+00,-4.900000000000000000e+01
1.880146502089151994e+01,1.000000000000000000e+00,-5.100000000000000000e+01
1.880146502089151994e+01,1.000000000000000000e+00,-5.000000000000000000e+01
1.880146502089151994e+01,1.000000000000000000e+00,-5.300000000000000000e+01
1.880146502089151994e+01,1.000000000000000000e+00,-5.100000000000000000e+01
1.880146502089151994e+01,1.000000000000000000e+00,-5.000000000000000000e+01
1.880146502089151994e+01,1.000000000000000000e+00,-5.300000000000000000e+01
1.880146502089151994e+01,1.000000000000000000e+00,-5.100000000000000000e+01
1.880146502089151994e+01,1.000000000000000000e+00,-5.300000000000000000e+01
1.880146502089151994e+01,1.000000000000000000e+00,-5.100000000000000000e+01
1.880146502089151994e+01,1.000000000000000000e+00,-5.000000000000000000e+01
1.880146502089151994e+01,1.000000000000000000e+00,-5.100000000000000000e+01
1.880146502089151994e+01,1.000000000000000000e+00,-5.300000000000000000e+01
1.880146502089151994e+01,1.000000000000000000e+00,-5.200000000000000000e+01
1.880146502089151994e+01,1.000000000000000000e+00,-5.000000000000000000e+01
1.880146502089151994e+01,1.000000000000000000e+00,-5.500000000000000000e+01
1.880146502089151994e+01,1.000000000000000000e+00,-5.200000000000000000e+01
1.880146502089151994e+01,1.000000000000000000e+00,-5.000000000000000000e+01
1.880146502089151994e+01,1.000000000000000000e+00,-5.200000000000000000e+01
1.880146502089151994e+01,1.000000000000000000e+00,-5.400000000000000000e+01
1.880146502089151994e+01,1.000000000000000000e+00,-5.000000000000000000e+01
1.880146502089151994e+01,1.000000000000000000e+00,-5.000000000000000000e+01
1.880146502089151994e+01,1.000000000000000000e+00,-5.100000000000000000e+01
1.880146502089151994e+01,1.000000000000000000e+00,-5.300000000000000000e+01
1.880146502089151994e+01,1.000000000000000000e+00,-5.200000000000000000e+01
1.880146502089151994e+01,1.000000000000000000e+00,-5.200000000000000000e+01
1.880146502089151994e+01,1.000000000000000000e+00,-5.400000000000000000e+01
1.880146502089151994e+01,1.000000000000000000e+00,-5.200000000000000000e+01
1.880146502089151994e+01,1.000000000000000000e+00,-5.200000000000000000e+01
1.880146502089151994e+01,1.000000000000000000e+00,-5.200000000000000000e+01
1.880146502089151994e+01,1.000000000000000000e+00,-5.200000000000000000e+01
1.880146502089151994e+01,1.000000000000000000e+00,-5.500000000000000000e+01
1.880146502089151994e+01,1.000000000000000000e+00,-5.300000000000000000e+01
1.880146502089151994e+01,1.000000000000000000e+00,-5.100000000000000000e+01
1.880146502089151994e+01,1.000000000000000000e+00,-5.100000000000000000e+01
1.880146502089151994e+01,1.000000000000000000e+00,-5.300000000000000000e+01
1.880146502089151994e+01,1.000000000000000000e+00,-5.000000000000000000e+01
1.880146502089151994e+01,1.000000000000000000e+00,-5.000000000000000000e+01
1.880146502089151994e+01,1.000000000000000000e+00,-4.900000000000000000e+01
1.880146502089151994e+01,1.000000000000000000e+00,-5.600000000000000000e+01
1.880146502089151994e+01,1.000000000000000000e+00,-5.000000000000000000e+01
1.880146502089151994e+01,1.000000000000000000e+00,-5.100000000000000000e+01
1.880146502089151994e+01,1.000000000000000000e+00,-5.300000000000000000e+01
1.880146502089151994e+01,1.000000000000000000e+00,-5.800000000000000000e+01
1.880146502089151994e+01,1.000000000000000000e+00,-5.400000000000000000e+01
1.880146502089151994e+01,1.000000000000000000e+00,-5.400000000000000000e+01
1.880146502089151994e+01,1.000000000000000000e+00,-5.300000000000000000e+01
1.880146502089151994e+01,1.000000000000000000e+00,-5.200000000000000000e+01
1.880146502089151994e+01,1.000000000000000000e+00,-5.400000000000000000e+01
1.880146502089151994e+01,1.000000000000000000e+00,-5.400000000000000000e+01
1.880146502089151994e+01,1.000000000000000000e+00,-5.400000000000000000e+01
1.880146502089151994e+01,1.000000000000000000e+00,-5.700000000000000000e+01
1.880146502089151994e+01,1.000000000000000000e+00,-5.600000000000000000e+01
1.880146502089151994e+01,1.000000000000000000e+00,-5.300000000000000000e+01
1.880146502089151994e+01,1.000000000000000000e+00,-5.400000000000000000e+01
1.880146502089151994e+01,1.000000000000000000e+00,-5.500000000000000000e+01
1.880146502089151994e+01,1.000000000000000000e+00,-5.400000000000000000e+01
1.880146502089151994e+01,1.000000000000000000e+00,-5.700000000000000000e+01
1.880146502089151994e+01,1.000000000000000000e+00,-5.400000000000000000e+01
1.880146502089151994e+01,1.000000000000000000e+00,-5.300000000000000000e+01
1.880146502089151994e+01,1.000000000000000000e+00,-5.300000000000000000e+01
1.880146502089151994e+01,1.000000000000000000e+00,-5.300000000000000000e+01
1.880146502089151994e+01,1.000000000000000000e+00,-5.400000000000000000e+01
1.880146502089151994e+01,1.000000000000000000e+00,-5.400000000000000000e+01
1.880146502089151994e+01,1.000000000000000000e+00,-5.600000000000000000e+01
1.880146502089151994e+01,1.000000000000000000e+00,-5.800000000000000000e+01
1.880146502089151994e+01,1.000000000000000000e+00,-5.400000000000000000e+01
1.880146502089151994e+01,1.000000000000000000e+00,-5.300000000000000000e+01
1.880146502089151994e+01,1.000000000000000000e+00,-5.300000000000000000e+01
1.880146502089151994e+01,1.000000000000000000e+00,-5.600000000000000000e+01
1.880146502089151994e+01,1.000000000000000000e+00,-5.400000000000000000e+01
1.880146502089151994e+01,1.000000000000000000e+00,-5.600000000000000000e+01
1.880146502089151994e+01,1.000000000000000000e+00,-5.400000000000000000e+01
1.880146502089151994e+01,1.000000000000000000e+00,-5.700000000000000000e+01
1.880146502089151994e+01,1.000000000000000000e+00,-5.400000000000000000e+01
1.880146502089151994e+01,1.000000000000000000e+00,-5.500000000000000000e+01
1.880146502089151994e+01,1.000000000000000000e+00,-5.500000000000000000e+01
1.880146502089151994e+01,1.000000000000000000e+00,-5.800000000000000000e+01
1.880146502089151994e+01,1.000000000000000000e+00,-5.600000000000000000e+01
1.880146502089151994e+01,1.000000000000000000e+00,-5.700000000000000000e+01
1.880146502089151994e+01,1.000000000000000000e+00,-5.600000000000000000e+01
1.880146502089151994e+01,1.000000000000000000e+00,-5.800000000000000000e+01
1.880146502089151994e+01,1.000000000000000000e+00,-5.800000000000000000e+01
1.880146502089151994e+01,1.000000000000000000e+00,-5.800000000000000000e+01
1.880146502089151994e+01,1.000000000000000000e+00,-5.200000000000000000e+01
1.880146502089151994e+01,1.000000000000000000e+00,-5.600000000000000000e+01
1.880146502089151994e+01,1.000000000000000000e+00,-5.900000000000000000e+01
1.880146502089151994e+01,1.000000000000000000e+00,-5.500000000000000000e+01
1.880146502089151994e+01,1.000000000000000000e+00,-5.700000000000000000e+01
1.880146502089151994e+01,1.000000000000000000e+00,-5.500000000000000000e+01
1.880146502089151994e+01,1.000000000000000000e+00,-5.300000000000000000e+01
1.880146502089151994e+01,1.000000000000000000e+00,-5.300000000000000000e+01
1.880146502089151994e+01,1.000000000000000000e+00,-5.700000000000000000e+01
1.880146502089151994e+01,1.000000000000000000e+00,-5.500000000000000000e+01
1.880146502089151994e+01,1.000000000000000000e+00,-5.500000000000000000e+01
1.880146502089151994e+01,1.000000000000000000e+00,-5.400000000000000000e+01
1.880146502089151994e+01,1.000000000000000000e+00,-5.700000000000000000e+01
1.880146502089151994e+01,1.000000000000000000e+00,-5.500000000000000000e+01
1.880146502089151994e+01,1.000000000000000000e+00,-5.600000000000000000e+01
1.880146502089151994e+01,1.000000000000000000e+00,-5.600000000000000000e+01
1.880146502089151994e+01,1.000000000000000000e+00,-5.600000000000000000e+01
1.880146502089151994e+01,1.000000000000000000e+00,-5.400000000000000000e+01
1.880146502089151994e+01,1.000000000000000000e+00,-5.700000000000000000e+01
1.880146502089151994e+01,1.000000000000000000e+00,-5.600000000000000000e+01
1.880146502089151994e+01,1.000000000000000000e+00,-5.700000000000000000e+01
1.880146502089151994e+01,1.000000000000000000e+00,-5.300000000000000000e+01
1.880146502089151994e+01,1.000000000000000000e+00,-5.600000000000000000e+01
1.880146502089151994e+01,1.000000000000000000e+00,-6.000000000000000000e+01
1.880146502089151994e+01,1.000000000000000000e+00,-5.400000000000000000e+01
1.880146502089151994e+01,1.000000000000000000e+00,-5.500000000000000000e+01
1.880146502089151994e+01,1.000000000000000000e+00,-5.700000000000000000e+01
1.880146502089151994e+01,1.000000000000000000e+00,-5.700000000000000000e+01
1.880146502089151994e+01,1.000000000000000000e+00,-5.900000000000000000e+01
1.880146502089151994e+01,1.000000000000000000e+00,-5.700000000000000000e+01
1.880146502089151994e+01,1.000000000000000000e+00,-5.700000000000000000e+01
1.880146502089151994e+01,1.000000000000000000e+00,-5.500000000000000000e+01
1.880146502089151994e+01,1.000000000000000000e+00,-5.400000000000000000e+01
1.880146502089151994e+01,1.000000000000000000e+00,-5.500000000000000000e+01
1.880146502089151994e+01,1.000000000000000000e+00,-5.700000000000000000e+01
1.880146502089151994e+01,1.000000000000000000e+00,-5.400000000000000000e+01
1.880146502089151994e+01,1.000000000000000000e+00,-5.400000000000000000e+01
1.880146502089151994e+01,1.000000000000000000e+00,-5.400000000000000000e+01
1.880146502089151994e+01,1.000000000000000000e+00,-5.600000000000000000e+01
1.880146502089151994e+01,1.000000000000000000e+00,-5.700000000000000000e+01
1.880146502089151994e+01,1.000000000000000000e+00,-5.800000000000000000e+01
1.880146502089151994e+01,1.000000000000000000e+00,-5.600000000000000000e+01
1.880146502089151994e+01,1.000000000000000000e+00,-5.500000000000000000e+01
1.880146502089151994e+01,1.000000000000000000e+00,-5.600000000000000000e+01
1.880146502089151994e+01,1.000000000000000000e+00,-5.500000000000000000e+01
1.880146502089151994e+01,1.000000000000000000e+00,-5.400000000000000000e+01
1.880146502089151994e+01,1.000000000000000000e+00,-5.700000000000000000e+01
1.880146502089151994e+01,1.000000000000000000e+00,-5.600000000000000000e+01
1.880146502089151994e+01,1.000000000000000000e+00,-5.600000000000000000e+01
1.880146502089151994e+01,1.000000000000000000e+00,-5.600000000000000000e+01
1.880146502089151994e+01,1.000000000000000000e+00,-6.300000000000000000e+01
1.880146502089151994e+01,1.000000000000000000e+00,-5.600000000000000000e+01
1.880146502089151994e+01,1.000000000000000000e+00,-5.600000000000000000e+01
1.880146502089151994e+01,1.000000000000000000e+00,-5.700000000000000000e+01
1.880146502089151994e+01,1.000000000000000000e+00,-5.400000000000000000e+01
1.880146502089151994e+01,1.000000000000000000e+00,-5.500000000000000000e+01
1.880146502089151994e+01,1.000000000000000000e+00,-5.600000000000000000e+01
1.880146502089151994e+01,1.000000000000000000e+00,-5.800000000000000000e+01
1.880146502089151994e+01,1.000000000000000000e+00,-5.800000000000000000e+01
1.880146502089151994e+01,1.000000000000000000e+00,-6.000000000000000000e+01
1.880146502089151994e+01,1.000000000000000000e+00,-5.800000000000000000e+01
1.880146502089151994e+01,1.000000000000000000e+00,-5.800000000000000000e+01
1.880146502089151994e+01,1.000000000000000000e+00,-5.700000000000000000e+01
1.880146502089151994e+01,1.000000000000000000e+00,-6.000000000000000000e+01
1.880146502089151994e+01,1.000000000000000000e+00,-5.700000000000000000e+01
1.880146502089151994e+01,1.000000000000000000e+00,-5.600000000000000000e+01
1.880146502089151994e+01,1.000000000000000000e+00,-6.200000000000000000e+01
1.880146502089151994e+01,1.000000000000000000e+00,-5.900000000000000000e+01
1.880146502089151994e+01,1.000000000000000000e+00,-5.400000000000000000e+01
1.880146502089151994e+01,1.000000000000000000e+00,-5.700000000000000000e+01
1.880146502089151994e+01,1.000000000000000000e+00,-5.700000000000000000e+01
1.880146502089151994e+01,1.000000000000000000e+00,-6.100000000000000000e+01
1.880146502089151994e+01,1.000000000000000000e+00,-5.500000000000000000e+01
1.880146502089151994e+01,1.000000000000000000e+00,-5.700000000000000000e+01
1.880146502089151994e+01,1.000000000000000000e+00,-5.700000000000000000e+01
1.880146502089151994e+01,1.000000000000000000e+00,-6.000000000000000000e+01
1.880146502089151994e+01,1.000000000000000000e+00,-5.400000000000000000e+01
1.880146502089151994e+01,1.000000000000000000e+00,-5.700000000000000000e+01
1.880146502089151994e+01,1.000000000000000000e+00,-5.900000000000000000e+01
1.880146502089151994e+01,1.000000000000000000e+00,-5.800000000000000000e+01
1.880146502089151994e+01,1.000000000000000000e+00,-6.100000000000000000e+01
1.880146502089151994e+01,1.000000000000000000e+00,-5.800000000000000000e+01
1.880146502089151994e+01,1.000000000000000000e+00,-6.100000000000000000e+01
1.880146502089151994e+01,1.000000000000000000e+00,-5.800000000000000000e+01
1.880146502089151994e+01,1.000000000000000000e+00,-5.900000000000000000e+01
1.880146502089151994e+01,1.000000000000000000e+00,-6.000000000000000000e+01
1.880146502089151994e+01,1.000000000000000000e+00,-5.700000000000000000e+01
1.880146502089151994e+01,1.000000000000000000e+00,-5.800000000000000000e+01
1.880146502089151994e+01,1.000000000000000000e+00,-6.000000000000000000e+01
1.880146502089151994e+01,1.000000000000000000e+00,-6.000000000000000000e+01
1.880146502089151994e+01,1.000000000000000000e+00,-5.700000000000000000e+01
1.880146502089151994e+01,1.000000000000000000e+00,-5.900000000000000000e+01
1.880146502089151994e+01,1.000000000000000000e+00,-6.000000000000000000e+01
1.880146502089151994e+01,1.000000000000000000e+00,-6.000000000000000000e+01
1.880146502089151994e+01,1.000000000000000000e+00,-6.100000000000000000e+01
1.880146502089151994e+01,1.000000000000000000e+00,-5.800000000000000000e+01
1.880146502089151994e+01,1.000000000000000000e+00,-5.800000000000000000e+01
1.880146502089151994e+01,1.000000000000000000e+00,-5.700000000000000000e+01
1.880146502089151994e+01,1.000000000000000000e+00,-5.900000000000000000e+01
1.880146502089151994e+01,1.000000000000000000e+00,-5.900000000000000000e+01
1.880146502089151994e+01,1.000000000000000000e+00,-6.000000000000000000e+01
1.880146502089151994e+01,1.000000000000000000e+00,-5.700000000000000000e+01
1.880146502089151994e+01,1.000000000000000000e+00,-5.900000000000000000e+01
1.880146502089151994e+01,1.000000000000000000e+00,-6.100000000000000000e+01
1.880146502089151994e+01,1.000000000000000000e+00,-5.900000000000000000e+01
1.880146502089151994e+01,1.000000000000000000e+00,-6.000000000000000000e+01
1.880146502089151994e+01,1.000000000000000000e+00,-6.400000000000000000e+01
1.880146502089151994e+01,1.000000000000000000e+00,-6.000000000000000000e+01
1.880146502089151994e+01,1.000000000000000000e+00,-5.800000000000000000e+01
1.880146502089151994e+01,1.000000000000000000e+00,-6.000000000000000000e+01
1.880146502089151994e+01,1.000000000000000000e+00,-5.900000000000000000e+01
1.880146502089151994e+01,1.000000000000000000e+00,-5.900000000000000000e+01
1.880146502089151994e+01,1.000000000000000000e+00,-5.900000000000000000e+01
1.880146502089151994e+01,1.000000000000000000e+00,-5.800000000000000000e+01
1.880146502089151994e+01,1.000000000000000000e+00,-6.100000000000000000e+01
1.880146502089151994e+01,1.000000000000000000e+00,-5.900000000000000000e+01
1.880146502089151994e+01,1.000000000000000000e+00,-6.000000000000000000e+01
1.880146502089151994e+01,1.000000000000000000e+00,-6.100000000000000000e+01
1.880146502089151994e+01,1.000000000000000000e+00,-5.800000000000000000e+01
1.880146502089151994e+01,1.000000000000000000e+00,-5.600000000000000000e+01
1.880146502089151994e+01,1.000000000000000000e+00,-5.900000000000000000e+01
1.880146502089151994e+01,1.000000000000000000e+00,-5.900000000000000000e+01
1.880146502089151994e+01,1.000000000000000000e+00,-5.900000000000000000e+01
1.880146502089151994e+01,1.000000000000000000e+00,-6.000000000000000000e+01
1.880146502089151994e+01,1.000000000000000000e+00,-5.800000000000000000e+01
1.880146502089151994e+01,1.000000000000000000e+00,-6.100000000000000000e+01
1.880146502089151994e+01,1.000000000000000000e+00,-6.000000000000000000e+01
1.880146502089151994e+01,1.000000000000000000e+00,-6.000000000000000000e+01
1.880146502089151994e+01,1.000000000000000000e+00,-5.700000000000000000e+01
1.880146502089151994e+01,1.000000000000000000e+00,-5.800000000000000000e+01
1.880146502089151994e+01,1.000000000000000000e+00,-6.000000000000000000e+01
1.880146502089151994e+01,1.000000000000000000e+00,-5.900000000000000000e+01
1.880146502089151994e+01,1.000000000000000000e+00,-5.900000000000000000e+01
1.880146502089151994e+01,1.000000000000000000e+00,-6.100000000000000000e+01
1.880146502089151994e+01,1.000000000000000000e+00,-6.200000000000000000e+01
1.880146502089151994e+01,1.000000000000000000e+00,-6.100000000000000000e+01
1.880146502089151994e+01,1.000000000000000000e+00,-6.500000000000000000e+01
1.880146502089151994e+01,1.000000000000000000e+00,-5.800000000000000000e+01
1.880146502089151994e+01,1.000000000000000000e+00,-6.000000000000000000e+01
1.880146502089151994e+01,1.000000000000000000e+00,-5.900000000000000000e+01
1.880146502089151994e+01,1.000000000000000000e+00,-6.200000000000000000e+01
1.880146502089151994e+01,1.000000000000000000e+00,-6.400000000000000000e+01
1.880146502089151994e+01,1.000000000000000000e+00,-6.300000000000000000e+01
1.880146502089151994e+01,1.000000000000000000e+00,-6.200000000000000000e+01
1.880146502089151994e+01,1.000000000000000000e+00,-6.400000000000000000e+01
1.880146502089151994e+01,1.000000000000000000e+00,-6.400000000000000000e+01
1.880146502089151994e+01,1.000000000000000000e+00,-6.200000000000000000e+01
1.880146502089151994e+01,1.000000000000000000e+00,-6.100000000000000000e+01
1.880146502089151994e+01,1.000000000000000000e+00,-5.600000000000000000e+01
1.880146502089151994e+01,1.000000000000000000e+00,-5.700000000000000000e+01
1.880146502089151994e+01,1.000000000000000000e+00,-5.700000000000000000e+01
1.880146502089151994e+01,1.000000000000000000e+00,-6.200000000000000000e+01
1.880146502089151994e+01,1.000000000000000000e+00,-6.000000000000000000e+01
1.880146502089151994e+01,1.000000000000000000e+00,-6.200000000000000000e+01
1.880146502089151994e+01,1.000000000000000000e+00,-5.800000000000000000e+01
1.880146502089151994e+01,1.000000000000000000e+00,-6.100000000000000000e+01
1.880146502089151994e+01,1.000000000000000000e+00,-6.200000000000000000e+01
1.880146502089151994e+01,1.000000000000000000e+00,-6.000000000000000000e+01
1.880146502089151994e+01,1.000000000000000000e+00,-6.000000000000000000e+01
1.880146502089151994e+01,1.000000000000000000e+00,-6.000000000000000000e+01
1.880146502089151994e+01,1.000000000000000000e+00,-6.100000000000000000e+01
1.880146502089151994e+01,1.000000000000000000e+00,-6.000000000000000000e+01
1.880146502089151994e+01,1.000000000000000000e+00,-6.100000000000000000e+01
1.880146502089151994e+01,1.000000000000000000e+00,-6.100000000000000000e+01
1.880146502089151994e+01,1.000000000000000000e+00,-6.100000000000000000e+01
1.880146502089151994e+01,1.000000000000000000e+00,-6.000000000000000000e+01
1.880146502089151994e+01,1.000000000000000000e+00,-6.000000000000000000e+01
1.880146502089151994e+01,1.000000000000000000e+00,-6.000000000000000000e+01
1.880146502089151994e+01,1.000000000000000000e+00,-5.900000000000000000e+01
1.880146502089151994e+01,1.000000000000000000e+00,-5.900000000000000000e+01
1.880146502089151994e+01,1.000000000000000000e+00,-6.100000000000000000e+01
1.880146502089151994e+01,1.000000000000000000e+00,-6.100000000000000000e+01
1.880146502089151994e+01,1.000000000000000000e+00,-5.800000000000000000e+01
1.880146502089151994e+01,1.000000000000000000e+00,-6.700000000000000000e+01
1.880146502089151994e+01,1.000000000000000000e+00,-5.700000000000000000e+01
1.880146502089151994e+01,1.000000000000000000e+00,-5.800000000000000000e+01
1.880146502089151994e+01,1.000000000000000000e+00,-6.000000000000000000e+01
1.880146502089151994e+01,1.000000000000000000e+00,-6.100000000000000000e+01
1.880146502089151994e+01,1.000000000000000000e+00,-5.900000000000000000e+01
1.880146502089151994e+01,1.000000000000000000e+00,-6.100000000000000000e+01
1.880146502089151994e+01,1.000000000000000000e+00,-6.100000000000000000e+01
1.880146502089151994e+01,1.000000000000000000e+00,-6.000000000000000000e+01
1.880146502089151994e+01,1.000000000000000000e+00,-5.800000000000000000e+01
1.880146502089151994e+01,1.000000000000000000e+00,-6.000000000000000000e+01
1.880146502089151994e+01,1.000000000000000000e+00,-5.800000000000000000e+01
1.880146502089151994e+01,1.000000000000000000e+00,-6.300000000000000000e+01
1.880146502089151994e+01,1.000000000000000000e+00,-6.000000000000000000e+01
1.880146502089151994e+01,1.000000000000000000e+00,-6.100000000000000000e+01
1.880146502089151994e+01,1.000000000000000000e+00,-5.900000000000000000e+01
1.880146502089151994e+01,1.000000000000000000e+00,-6.200000000000000000e+01
1.880146502089151994e+01,1.000000000000000000e+00,-5.800000000000000000e+01
1.880146502089151994e+01,1.000000000000000000e+00,-6.100000000000000000e+01
1.880146502089151994e+01,1.000000000000000000e+00,-6.000000000000000000e+01
1.880146502089151994e+01,1.000000000000000000e+00,-6.100000000000000000e+01
1.880146502089151994e+01,1.000000000000000000e+00,-6.200000000000000000e+01
1.880146502089151994e+01,1.000000000000000000e+00,-6.000000000000000000e+01
1.880146502089151994e+01,1.000000000000000000e+00,-6.100000000000000000e+01
1.880146502089151994e+01,1.000000000000000000e+00,-6.200000000000000000e+01
1.880146502089151994e+01,1.000000000000000000e+00,-6.500000000000000000e+01
1.880146502089151994e+01,1.000000000000000000e+00,-5.900000000000000000e+01
1.880146502089151994e+01,1.000000000000000000e+00,-5.800000000000000000e+01
1.880146502089151994e+01,1.000000000000000000e+00,-6.000000000000000000e+01
1.880146502089151994e+01,1.000000000000000000e+00,-5.800000000000000000e+01
1.880146502089151994e+01,1.000000000000000000e+00,-6.300000000000000000e+01
1.880146502089151994e+01,1.000000000000000000e+00,-6.100000000000000000e+01
1.880146502089151994e+01,1.000000000000000000e+00,-6.400000000000000000e+01
1.880146502089151994e+01,1.000000000000000000e+00,-6.000000000000000000e+01
1.880146502089151994e+01,1.000000000000000000e+00,-6.100000000000000000e+01
1.880146502089151994e+01,1.000000000000000000e+00,-5.900000000000000000e+01
1.880146502089151994e+01,1.000000000000000000e+00,-6.100000000000000000e+01
1.880146502089151994e+01,1.000000000000000000e+00,-6.300000000000000000e+01
1.880146502089151994e+01,1.000000000000000000e+00,-6.300000000000000000e+01
1.880146502089151994e+01,1.000000000000000000e+00,-6.000000000000000000e+01
1.880146502089151994e+01,1.000000000000000000e+00,-6.200000000000000000e+01
1.880146502089151994e+01,1.000000000000000000e+00,-5.900000000000000000e+01
1.880146502089151994e+01,1.000000000000000000e+00,-6.300000000000000000e+01
1.880146502089151994e+01,1.000000000000000000e+00,-6.400000000000000000e+01
1.880146502089151994e+01,1.000000000000000000e+00,-6.200000000000000000e+01
1.880146502089151994e+01,1.000000000000000000e+00,-6.500000000000000000e+01
1.880146502089151994e+01,1.000000000000000000e+00,-5.900000000000000000e+01
1.880146502089151994e+01,1.000000000000000000e+00,-6.200000000000000000e+01
1.880146502089151994e+01,1.000000000000000000e+00,-6.000000000000000000e+01
1.880146502089151994e+01,1.000000000000000000e+00,-6.200000000000000000e+01
1.880146502089151994e+01,1.000000000000000000e+00,-6.000000000000000000e+01
1.880146502089151994e+01,1.000000000000000000e+00,-6.000000000000000000e+01
1.880146502089151994e+01,1.000000000000000000e+00,-6.300000000000000000e+01
1.880146502089151994e+01,1.000000000000000000e+00,-5.800000000000000000e+01
1.880146502089151994e+01,1.000000000000000000e+00,-6.600000000000000000e+01
1.880146502089151994e+01,1.000000000000000000e+00,-6.500000000000000000e+01
1.880146502089151994e+01,1.000000000000000000e+00,-6.100000000000000000e+01
1.880146502089151994e+01,1.000000000000000000e+00,-6.300000000000000000e+01
1.880146502089151994e+01,1.000000000000000000e+00,-6.000000000000000000e+01
1.880146502089151994e+01,1.000000000000000000e+00,-6.000000000000000000e+01
1.880146502089151994e+01,1.000000000000000000e+00,-6.300000000000000000e+01
1.880146502089151994e+01,1.000000000000000000e+00,-6.200000000000000000e+01
1.880146502089151994e+01,1.000000000000000000e+00,-5.900000000000000000e+01
1.880146502089151994e+01,1.000000000000000000e+00,-6.400000000000000000e+01
1.880146502089151994e+01,1.000000000000000000e+00,-6.100000000000000000e+01
1.880146502089151994e+01,1.000000000000000000e+00,-6.400000000000000000e+01
1.880146502089151994e+01,1.000000000000000000e+00,-5.600000000000000000e+01
1.880146502089151994e+01,1.000000000000000000e+00,-6.000000000000000000e+01
1.880146502089151994e+01,1.000000000000000000e+00,-6.100000000000000000e+01
1.880146502089151994e+01,1.000000000000000000e+00,-6.200000000000000000e+01
1.880146502089151994e+01,1.000000000000000000e+00,-6.300000000000000000e+01
1.880146502089151994e+01,1.000000000000000000e+00,-5.800000000000000000e+01
1.880146502089151994e+01,1.000000000000000000e+00,-5.800000000000000000e+01
1.880146502089151994e+01,1.000000000000000000e+00,-6.100000000000000000e+01
1.880146502089151994e+01,1.000000000000000000e+00,-6.400000000000000000e+01
1.880146502089151994e+01,1.000000000000000000e+00,-6.000000000000000000e+01
1.880146502089151994e+01,1.000000000000000000e+00,-6.400000000000000000e+01
1.880146502089151994e+01,1.000000000000000000e+00,-6.000000000000000000e+01
1.880146502089151994e+01,1.000000000000000000e+00,-6.100000000000000000e+01
1.880146502089151994e+01,1.000000000000000000e+00,-6.100000000000000000e+01
1.880146502089151994e+01,1.000000000000000000e+00,-6.200000000000000000e+01
1.880146502089151994e+01,1.000000000000000000e+00,-6.200000000000000000e+01
1.880146502089151994e+01,1.000000000000000000e+00,-6.000000000000000000e+01
1.880146502089151994e+01,1.000000000000000000e+00,-6.200000000000000000e+01
1.880146502089151994e+01,1.000000000000000000e+00,-5.900000000000000000e+01
1.880146502089151994e+01,1.000000000000000000e+00,-6.100000000000000000e+01
1.880146502089151994e+01,1.000000000000000000e+00,-6.000000000000000000e+01
1.880146502089151994e+01,1.000000000000000000e+00,-6.300000000000000000e+01
1.880146502089151994e+01,1.000000000000000000e+00,-6.100000000000000000e+01
1.880146502089151994e+01,1.000000000000000000e+00,-6.200000000000000000e+01
1.880146502089151994e+01,1.000000000000000000e+00,-6.400000000000000000e+01
1.880146502089151994e+01,1.000000000000000000e+00,-6.100000000000000000e+01
1.880146502089151994e+01,1.000000000000000000e+00,-6.200000000000000000e+01
1.880146502089151994e+01,1.000000000000000000e+00,-6.300000000000000000e+01
1.880146502089151994e+01,1.000000000000000000e+00,-6.300000000000000000e+01
1.880146502089151994e+01,1.000000000000000000e+00,-6.200000000000000000e+01
1.880146502089151994e+01,1.000000000000000000e+00,-6.200000000000000000e+01
1.880146502089151994e+01,1.000000000000000000e+00,-6.400000000000000000e+01
1.880146502089151994e+01,1.000000000000000000e+00,-6.100000000000000000e+01
1.880146502089151994e+01,1.000000000000000000e+00,-6.100000000000000000e+01
1.880146502089151994e+01,1.000000000000000000e+00,-6.400000000000000000e+01
1.880146502089151994e+01,1.000000000000000000e+00,-6.300000000000000000e+01
1.880146502089151994e+01,1.000000000000000000e+00,-6.000000000000000000e+01
1.880146502089151994e+01,1.000000000000000000e+00,-6.400000000000000000e+01
1.880146502089151994e+01,1.000000000000000000e+00,-6.200000000000000000e+01
1.880146502089151994e+01,1.000000000000000000e+00,-6.100000000000000000e+01
1.880146502089151994e+01,1.000000000000000000e+00,-6.300000000000000000e+01
1.880146502089151994e+01,1.000000000000000000e+00,-6.100000000000000000e+01
1.880146502089151994e+01,1.000000000000000000e+00,-6.100000000000000000e+01
1.880146502089151994e+01,1.000000000000000000e+00,-6.000000000000000000e+01
1.880146502089151994e+01,1.000000000000000000e+00,-6.200000000000000000e+01
1.880146502089151994e+01,1.000000000000000000e+00,-6.000000000000000000e+01
1.880146502089151994e+01,1.000000000000000000e+00,-6.100000000000000000e+01
1.880146502089151994e+01,1.000000000000000000e+00,-6.000000000000000000e+01
1.880146502089151994e+01,1.000000000000000000e+00,-5.900000000000000000e+01
1.880146502089151994e+01,1.000000000000000000e+00,-5.800000000000000000e+01
1.880146502089151994e+01,1.000000000000000000e+00,-6.100000000000000000e+01
1.880146502089151994e+01,1.000000000000000000e+00,-5.800000000000000000e+01
1.880146502089151994e+01,1.000000000000000000e+00,-6.100000000000000000e+01
1.880146502089151994e+01,1.000000000000000000e+00,-5.800000000000000000e+01
1.880146502089151994e+01,1.000000000000000000e+00,-6.200000000000000000e+01
1.880146502089151994e+01,1.000000000000000000e+00,-5.800000000000000000e+01
1.880146502089151994e+01,1.000000000000000000e+00,-6.200000000000000000e+01
1.880146502089151994e+01,1.000000000000000000e+00,-5.900000000000000000e+01
1.880146502089151994e+01,1.000000000000000000e+00,-5.600000000000000000e+01
1.880146502089151994e+01,1.000000000000000000e+00,-5.800000000000000000e+01
1.880146502089151994e+01,1.000000000000000000e+00,-5.900000000000000000e+01
1.880146502089151994e+01,1.000000000000000000e+00,-5.600000000000000000e+01
1.880146502089151994e+01,1.000000000000000000e+00,-6.000000000000000000e+01
1.880146502089151994e+01,1.000000000000000000e+00,-6.100000000000000000e+01
1.880146502089151994e+01,1.000000000000000000e+00,-6.000000000000000000e+01
1.880146502089151994e+01,1.000000000000000000e+00,-6.200000000000000000e+01
1.880146502089151994e+01,1.000000000000000000e+00,-6.100000000000000000e+01
1.880146502089151994e+01,1.000000000000000000e+00,-6.100000000000000000e+01
1.880146502089151994e+01,1.000000000000000000e+00,-6.000000000000000000e+01
1.880146502089151994e+01,1.000000000000000000e+00,-6.500000000000000000e+01
1.880146502089151994e+01,1.000000000000000000e+00,-6.100000000000000000e+01
1.880146502089151994e+01,1.000000000000000000e+00,-5.900000000000000000e+01
1.880146502089151994e+01,1.000000000000000000e+00,-6.200000000000000000e+01
1.880146502089151994e+01,1.000000000000000000e+00,-6.000000000000000000e+01
1.880146502089151994e+01,1.000000000000000000e+00,-5.900000000000000000e+01
1.880146502089151994e+01,1.000000000000000000e+00,-5.900000000000000000e+01
1.880146502089151994e+01,1.000000000000000000e+00,-6.000000000000000000e+01
1.880146502089151994e+01,1.000000000000000000e+00,-5.800000000000000000e+01
1.880146502089151994e+01,1.000000000000000000e+00,-6.000000000000000000e+01
1.880146502089151994e+01,1.000000000000000000e+00,-5.800000000000000000e+01
1.880146502089151994e+01,1.000000000000000000e+00,-5.800000000000000000e+01
1.880146502089151994e+01,1.000000000000000000e+00,-5.900000000000000000e+01
1.880146502089151994e+01,1.000000000000000000e+00,-6.000000000000000000e+01
1.880146502089151994e+01,1.000000000000000000e+00,-6.000000000000000000e+01
1.880146502089151994e+01,1.000000000000000000e+00,-5.700000000000000000e+01
1.880146502089151994e+01,1.000000000000000000e+00,-6.100000000000000000e+01
1.880146502089151994e+01,1.000000000000000000e+00,-6.100000000000000000e+01
1.880146502089151994e+01,1.000000000000000000e+00,-5.900000000000000000e+01
1.880146502089151994e+01,1.000000000000000000e+00,-5.600000000000000000e+01
1.880146502089151994e+01,1.000000000000000000e+00,-6.200000000000000000e+01
1.880146502089151994e+01,1.000000000000000000e+00,-5.400000000000000000e+01
1.880146502089151994e+01,1.000000000000000000e+00,-5.900000000000000000e+01
1.880146502089151994e+01,1.000000000000000000e+00,-5.900000000000000000e+01
1.880146502089151994e+01,1.000000000000000000e+00,-5.700000000000000000e+01
1.880146502089151994e+01,1.000000000000000000e+00,-6.200000000000000000e+01
1.880146502089151994e+01,1.000000000000000000e+00,-6.200000000000000000e+01
1.880146502089151994e+01,1.000000000000000000e+00,-6.400000000000000000e+01
1.880146502089151994e+01,1.000000000000000000e+00,-6.000000000000000000e+01
1.880146502089151994e+01,1.000000000000000000e+00,-5.800000000000000000e+01
1.880146502089151994e+01,1.000000000000000000e+00,-6.200000000000000000e+01
1.880146502089151994e+01,1.000000000000000000e+00,-5.900000000000000000e+01
1.880146502089151994e+01,1.000000000000000000e+00,-5.900000000000000000e+01
1.880146502089151994e+01,1.000000000000000000e+00,-6.000000000000000000e+01
1.880146502089151994e+01,1.000000000000000000e+00,-6.000000000000000000e+01
1.880146502089151994e+01,1.000000000000000000e+00,-5.900000000000000000e+01
1.880146502089151994e+01,1.000000000000000000e+00,-5.800000000000000000e+01
1.880146502089151994e+01,1.000000000000000000e+00,-5.800000000000000000e+01
1.880146502089151994e+01,1.000000000000000000e+00,-5.600000000000000000e+01
1.880146502089151994e+01,1.000000000000000000e+00,-6.000000000000000000e+01
1.880146502089151994e+01,1.000000000000000000e+00,-5.900000000000000000e+01
1.880146502089151994e+01,1.000000000000000000e+00,-5.800000000000000000e+01
1.880146502089151994e+01,1.000000000000000000e+00,-5.900000000000000000e+01
1.880146502089151994e+01,1.000000000000000000e+00,-5.900000000000000000e+01
1.880146502089151994e+01,1.000000000000000000e+00,-6.000000000000000000e+01
1.880146502089151994e+01,1.000000000000000000e+00,-5.700000000000000000e+01
1.880146502089151994e+01,1.000000000000000000e+00,-6.100000000000000000e+01
1.880146502089151994e+01,1.000000000000000000e+00,-5.800000000000000000e+01
1.880146502089151994e+01,1.000000000000000000e+00,-6.200000000000000000e+01
1.880146502089151994e+01,1.000000000000000000e+00,-5.400000000000000000e+01
1.880146502089151994e+01,1.000000000000000000e+00,-6.200000000000000000e+01
1.880146502089151994e+01,1.000000000000000000e+00,-6.100000000000000000e+01
1.880146502089151994e+01,1.000000000000000000e+00,-5.900000000000000000e+01
1.880146502089151994e+01,1.000000000000000000e+00,-5.900000000000000000e+01
1.880146502089151994e+01,1.000000000000000000e+00,-5.800000000000000000e+01
1.880146502089151994e+01,1.000000000000000000e+00,-6.000000000000000000e+01
1.880146502089151994e+01,1.000000000000000000e+00,-5.500000000000000000e+01
1.880146502089151994e+01,1.000000000000000000e+00,-5.900000000000000000e+01
1.880146502089151994e+01,1.000000000000000000e+00,-5.400000000000000000e+01
1.880146502089151994e+01,1.000000000000000000e+00,-5.800000000000000000e+01
1.880146502089151994e+01,1.000000000000000000e+00,-5.700000000000000000e+01
1.880146502089151994e+01,1.000000000000000000e+00,-6.300000000000000000e+01
1.880146502089151994e+01,1.000000000000000000e+00,-5.900000000000000000e+01
1.880146502089151994e+01,1.000000000000000000e+00,-6.100000000000000000e+01
1.880146502089151994e+01,1.000000000000000000e+00,-5.900000000000000000e+01
1.880146502089151994e+01,1.000000000000000000e+00,-5.600000000000000000e+01
1.880146502089151994e+01,1.000000000000000000e+00,-5.900000000000000000e+01
1.880146502089151994e+01,1.000000000000000000e+00,-5.500000000000000000e+01
1.880146502089151994e+01,1.000000000000000000e+00,-5.600000000000000000e+01
1.880146502089151994e+01,1.000000000000000000e+00,-5.600000000000000000e+01
1.880146502089151994e+01,1.000000000000000000e+00,-6.100000000000000000e+01
1.880146502089151994e+01,1.000000000000000000e+00,-5.800000000000000000e+01
1.880146502089151994e+01,1.000000000000000000e+00,-5.700000000000000000e+01
1.880146502089151994e+01,1.000000000000000000e+00,-5.800000000000000000e+01
1.880146502089151994e+01,1.000000000000000000e+00,-5.800000000000000000e+01
1.880146502089151994e+01,1.000000000000000000e+00,-5.800000000000000000e+01
1.880146502089151994e+01,1.000000000000000000e+00,-6.000000000000000000e+01
1.880146502089151994e+01,1.000000000000000000e+00,-5.800000000000000000e+01
1.880146502089151994e+01,1.000000000000000000e+00,-5.800000000000000000e+01
1.880146502089151994e+01,1.000000000000000000e+00,-5.900000000000000000e+01
1.880146502089151994e+01,1.000000000000000000e+00,-5.600000000000000000e+01
1.880146502089151994e+01,1.000000000000000000e+00,-5.700000000000000000e+01
1.880146502089151994e+01,1.000000000000000000e+00,-5.400000000000000000e+01
1.880146502089151994e+01,1.000000000000000000e+00,-5.800000000000000000e+01
1.880146502089151994e+01,1.000000000000000000e+00,-5.900000000000000000e+01
1.880146502089151994e+01,1.000000000000000000e+00,-6.000000000000000000e+01
1.880146502089151994e+01,1.000000000000000000e+00,-6.000000000000000000e+01
1.880146502089151994e+01,1.000000000000000000e+00,-6.300000000000000000e+01
1.880146502089151994e+01,1.000000000000000000e+00,-5.600000000000000000e+01
1.880146502089151994e+01,1.000000000000000000e+00,-5.600000000000000000e+01
1.880146502089151994e+01,1.000000000000000000e+00,-5.400000000000000000e+01
1.880146502089151994e+01,1.000000000000000000e+00,-5.400000000000000000e+01
1.880146502089151994e+01,1.000000000000000000e+00,-5.800000000000000000e+01
1.880146502089151994e+01,1.000000000000000000e+00,-5.500000000000000000e+01
1.880146502089151994e+01,1.000000000000000000e+00,-5.700000000000000000e+01
1.880146502089151994e+01,1.000000000000000000e+00,-5.700000000000000000e+01
1.880146502089151994e+01,1.000000000000000000e+00,-5.400000000000000000e+01
1.880146502089151994e+01,1.000000000000000000e+00,-5.600000000000000000e+01
1.880146502089151994e+01,1.000000000000000000e+00,-5.400000000000000000e+01
1.880146502089151994e+01,1.000000000000000000e+00,-5.800000000000000000e+01
1.880146502089151994e+01,1.000000000000000000e+00,-5.300000000000000000e+01
1.880146502089151994e+01,1.000000000000000000e+00,-5.700000000000000000e+01
1.880146502089151994e+01,1.000000000000000000e+00,-5.800000000000000000e+01
1.880146502089151994e+01,1.000000000000000000e+00,-5.500000000000000000e+01
1.880146502089151994e+01,1.000000000000000000e+00,-5.600000000000000000e+01
1.880146502089151994e+01,1.000000000000000000e+00,-5.800000000000000000e+01
1.880146502089151994e+01,1.000000000000000000e+00,-5.800000000000000000e+01
1.880146502089151994e+01,1.000000000000000000e+00,-5.700000000000000000e+01
1.880146502089151994e+01,1.000000000000000000e+00,-5.600000000000000000e+01
1.880146502089151994e+01,1.000000000000000000e+00,-5.700000000000000000e+01
1.880146502089151994e+01,1.000000000000000000e+00,-5.800000000000000000e+01
1.880146502089151994e+01,1.000000000000000000e+00,-5.700000000000000000e+01
1.880146502089151994e+01,1.000000000000000000e+00,-5.900000000000000000e+01
1.880146502089151994e+01,1.000000000000000000e+00,-5.700000000000000000e+01
1.880146502089151994e+01,1.000000000000000000e+00,-5.400000000000000000e+01
1.880146502089151994e+01,1.000000000000000000e+00,-5.800000000000000000e+01
1.880146502089151994e+01,1.000000000000000000e+00,-5.600000000000000000e+01
1.880146502089151994e+01,1.000000000000000000e+00,-5.600000000000000000e+01
1.880146502089151994e+01,1.000000000000000000e+00,-5.800000000000000000e+01
1.880146502089151994e+01,1.000000000000000000e+00,-5.700000000000000000e+01
1.880146502089151994e+01,1.000000000000000000e+00,-5.800000000000000000e+01
1.880146502089151994e+01,1.000000000000000000e+00,-5.500000000000000000e+01
1.880146502089151994e+01,1.000000000000000000e+00,-5.400000000000000000e+01
1.880146502089151994e+01,1.000000000000000000e+00,-5.600000000000000000e+01
1.880146502089151994e+01,1.000000000000000000e+00,-5.500000000000000000e+01
1.880146502089151994e+01,1.000000000000000000e+00,-5.700000000000000000e+01
1.880146502089151994e+01,1.000000000000000000e+00,-5.500000000000000000e+01
1.880146502089151994e+01,1.000000000000000000e+00,-5.600000000000000000e+01
1.880146502089151994e+01,1.000000000000000000e+00,-5.500000000000000000e+01
1.880146502089151994e+01,1.000000000000000000e+00,-5.600000000000000000e+01
1.880146502089151994e+01,1.000000000000000000e+00,-5.500000000000000000e+01
1.880146502089151994e+01,1.000000000000000000e+00,-5.800000000000000000e+01
1.880146502089151994e+01,1.000000000000000000e+00,-5.900000000000000000e+01
1.880146502089151994e+01,1.000000000000000000e+00,-5.600000000000000000e+01
1.880146502089151994e+01,1.000000000000000000e+00,-5.800000000000000000e+01
1.880146502089151994e+01,1.000000000000000000e+00,-5.600000000000000000e+01
1.880146502089151994e+01,1.000000000000000000e+00,-5.500000000000000000e+01
1.880146502089151994e+01,1.000000000000000000e+00,-5.600000000000000000e+01
1.880146502089151994e+01,1.000000000000000000e+00,-5.300000000000000000e+01
1.880146502089151994e+01,1.000000000000000000e+00,-5.500000000000000000e+01
1.880146502089151994e+01,1.000000000000000000e+00,-5.700000000000000000e+01
1.880146502089151994e+01,1.000000000000000000e+00,-5.500000000000000000e+01
1.880146502089151994e+01,1.000000000000000000e+00,-5.800000000000000000e+01
1.880146502089151994e+01,1.000000000000000000e+00,-5.600000000000000000e+01
1.880146502089151994e+01,1.000000000000000000e+00,-5.600000000000000000e+01
1.880146502089151994e+01,1.000000000000000000e+00,-5.400000000000000000e+01
1.880146502089151994e+01,1.000000000000000000e+00,-5.400000000000000000e+01
1.880146502089151994e+01,1.000000000000000000e+00,-5.300000000000000000e+01
1.880146502089151994e+01,1.000000000000000000e+00,-5.500000000000000000e+01
1.880146502089151994e+01,1.000000000000000000e+00,-5.500000000000000000e+01
1.880146502089151994e+01,1.000000000000000000e+00,-5.600000000000000000e+01
1.880146502089151994e+01,1.000000000000000000e+00,-5.500000000000000000e+01
1.880146502089151994e+01,1.000000000000000000e+00,-5.400000000000000000e+01
1.880146502089151994e+01,1.000000000000000000e+00,-5.600000000000000000e+01
1.880146502089151994e+01,1.000000000000000000e+00,-5.500000000000000000e+01
1.880146502089151994e+01,1.000000000000000000e+00,-5.300000000000000000e+01
1.880146502089151994e+01,1.000000000000000000e+00,-5.600000000000000000e+01
1.880146502089151994e+01,1.000000000000000000e+00,-5.300000000000000000e+01
1.880146502089151994e+01,1.000000000000000000e+00,-5.300000000000000000e+01
1.880146502089151994e+01,1.000000000000000000e+00,-5.700000000000000000e+01
1.880146502089151994e+01,1.000000000000000000e+00,-5.400000000000000000e+01
1.880146502089151994e+01,1.000000000000000000e+00,-5.300000000000000000e+01
1.880146502089151994e+01,1.000000000000000000e+00,-5.300000000000000000e+01
1.880146502089151994e+01,1.000000000000000000e+00,-5.300000000000000000e+01
1.880146502089151994e+01,1.000000000000000000e+00,-5.100000000000000000e+01
1.880146502089151994e+01,1.000000000000000000e+00,-5.500000000000000000e+01
1.880146502089151994e+01,1.000000000000000000e+00,-5.500000000000000000e+01
1.880146502089151994e+01,1.000000000000000000e+00,-5.400000000000000000e+01
1.880146502089151994e+01,1.000000000000000000e+00,-5.500000000000000000e+01
1.880146502089151994e+01,1.000000000000000000e+00,-5.800000000000000000e+01
1.880146502089151994e+01,1.000000000000000000e+00,-5.300000000000000000e+01
1.880146502089151994e+01,1.000000000000000000e+00,-5.200000000000000000e+01
1.880146502089151994e+01,1.000000000000000000e+00,-4.900000000000000000e+01
1.880146502089151994e+01,1.000000000000000000e+00,-5.200000000000000000e+01
1.880146502089151994e+01,1.000000000000000000e+00,-5.700000000000000000e+01
1.880146502089151994e+01,1.000000000000000000e+00,-5.900000000000000000e+01
1.880146502089151994e+01,1.000000000000000000e+00,-5.400000000000000000e+01
1.880146502089151994e+01,1.000000000000000000e+00,-4.900000000000000000e+01
1.880146502089151994e+01,1.000000000000000000e+00,-5.100000000000000000e+01
1.880146502089151994e+01,1.000000000000000000e+00,-5.000000000000000000e+01
1.880146502089151994e+01,1.000000000000000000e+00,-5.500000000000000000e+01
1.880146502089151994e+01,1.000000000000000000e+00,-5.000000000000000000e+01
1.880146502089151994e+01,1.000000000000000000e+00,-4.900000000000000000e+01
1.880146502089151994e+01,1.000000000000000000e+00,-5.100000000000000000e+01
1.880146502089151994e+01,1.000000000000000000e+00,-5.100000000000000000e+01
1.880146502089151994e+01,1.000000000000000000e+00,-4.900000000000000000e+01
1.880146502089151994e+01,1.000000000000000000e+00,-5.400000000000000000e+01
1.880146502089151994e+01,1.000000000000000000e+00,-5.400000000000000000e+01
1.880146502089151994e+01,1.000000000000000000e+00,-5.600000000000000000e+01
1.880146502089151994e+01,1.000000000000000000e+00,-5.200000000000000000e+01
1.880146502089151994e+01,1.000000000000000000e+00,-5.300000000000000000e+01
1.880146502089151994e+01,1.000000000000000000e+00,-5.300000000000000000e+01
1.880146502089151994e+01,1.000000000000000000e+00,-5.300000000000000000e+01
1.880146502089151994e+01,1.000000000000000000e+00,-5.100000000000000000e+01
1.880146502089151994e+01,1.000000000000000000e+00,-5.600000000000000000e+01
1.880146502089151994e+01,1.000000000000000000e+00,-5.000000000000000000e+01
1.880146502089151994e+01,1.000000000000000000e+00,-5.400000000000000000e+01
1.880146502089151994e+01,1.000000000000000000e+00,-5.100000000000000000e+01
1.880146502089151994e+01,1.000000000000000000e+00,-5.100000000000000000e+01
1.880146502089151994e+01,1.000000000000000000e+00,-5.400000000000000000e+01
1.880146502089151994e+01,1.000000000000000000e+00,-5.200000000000000000e+01
1.880146502089151994e+01,1.000000000000000000e+00,-5.500000000000000000e+01
1.880146502089151994e+01,1.000000000000000000e+00,-5.100000000000000000e+01
1.880146502089151994e+01,1.000000000000000000e+00,-5.400000000000000000e+01
1.880146502089151994e+01,1.000000000000000000e+00,-5.100000000000000000e+01
1.880146502089151994e+01,1.000000000000000000e+00,-5.000000000000000000e+01
1.880146502089151994e+01,1.000000000000000000e+00,-5.400000000000000000e+01
1.880146502089151994e+01,1.000000000000000000e+00,-4.700000000000000000e+01
1.880146502089151994e+01,1.000000000000000000e+00,-5.400000000000000000e+01
1.880146502089151994e+01,1.000000000000000000e+00,-5.000000000000000000e+01
1.880146502089151994e+01,1.000000000000000000e+00,-5.500000000000000000e+01
1.880146502089151994e+01,1.000000000000000000e+00,-5.100000000000000000e+01
1.880146502089151994e+01,1.000000000000000000e+00,-5.400000000000000000e+01
1.880146502089151994e+01,1.000000000000000000e+00,-5.100000000000000000e+01
1.880146502089151994e+01,1.000000000000000000e+00,-5.100000000000000000e+01
1.880146502089151994e+01,1.000000000000000000e+00,-5.000000000000000000e+01
1.880146502089151994e+01,1.000000000000000000e+00,-5.100000000000000000e+01
1.880146502089151994e+01,1.000000000000000000e+00,-5.000000000000000000e+01
1.880146502089151994e+01,1.000000000000000000e+00,-5.300000000000000000e+01
1.880146502089151994e+01,1.000000000000000000e+00,-5.100000000000000000e+01
1.880146502089151994e+01,1.000000000000000000e+00,-5.000000000000000000e+01
1.880146502089151994e+01,1.000000000000000000e+00,-5.100000000000000000e+01
1.880146502089151994e+01,1.000000000000000000e+00,-4.700000000000000000e+01
1.880146502089151994e+01,1.000000000000000000e+00,-5.200000000000000000e+01
1.880146502089151994e+01,1.000000000000000000e+00,-5.500000000000000000e+01
1.880146502089151994e+01,1.000000000000000000e+00,-5.100000000000000000e+01
1.880146502089151994e+01,1.000000000000000000e+00,-5.100000000000000000e+01
1.880146502089151994e+01,1.000000000000000000e+00,-4.800000000000000000e+01
1.880146502089151994e+01,1.000000000000000000e+00,-4.900000000000000000e+01
1.880146502089151994e+01,1.000000000000000000e+00,-4.500000000000000000e+01
1.880146502089151994e+01,1.000000000000000000e+00,-4.800000000000000000e+01
1.880146502089151994e+01,1.000000000000000000e+00,-4.800000000000000000e+01
1.880146502089151994e+01,1.000000000000000000e+00,-4.800000000000000000e+01
1.880146502089151994e+01,1.000000000000000000e+00,-5.200000000000000000e+01
1.880146502089151994e+01,1.000000000000000000e+00,-5.300000000000000000e+01
1.880146502089151994e+01,1.000000000000000000e+00,-4.900000000000000000e+01
1.880146502089151994e+01,1.000000000000000000e+00,-4.900000000000000000e+01
1.880146502089151994e+01,1.000000000000000000e+00,-5.200000000000000000e+01
1.880146502089151994e+01,1.000000000000000000e+00,-5.400000000000000000e+01
1.880146502089151994e+01,1.000000000000000000e+00,-4.700000000000000000e+01
1.880146502089151994e+01,1.000000000000000000e+00,-4.900000000000000000e+01
1.880146502089151994e+01,1.000000000000000000e+00,-5.000000000000000000e+01
1.880146502089151994e+01,1.000000000000000000e+00,-5.000000000000000000e+01
1.880146502089151994e+01,1.000000000000000000e+00,-5.200000000000000000e+01
1.880146502089151994e+01,1.000000000000000000e+00,-4.900000000000000000e+01
1.880146502089151994e+01,1.000000000000000000e+00,-5.100000000000000000e+01
1.880146502089151994e+01,1.000000000000000000e+00,-5.100000000000000000e+01
1.880146502089151994e+01,1.000000000000000000e+00,-4.800000000000000000e+01
1.880146502089151994e+01,1.000000000000000000e+00,-4.900000000000000000e+01
1.880146502089151994e+01,1.000000000000000000e+00,-4.800000000000000000e+01
1.880146502089151994e+01,1.000000000000000000e+00,-5.000000000000000000e+01
1.880146502089151994e+01,1.000000000000000000e+00,-5.000000000000000000e+01
1.880146502089151994e+01,1.000000000000000000e+00,-4.500000000000000000e+01
1.880146502089151994e+01,1.000000000000000000e+00,-5.200000000000000000e+01
1.880146502089151994e+01,1.000000000000000000e+00,-4.600000000000000000e+01
1.880146502089151994e+01,1.000000000000000000e+00,-5.000000000000000000e+01
1.880146502089151994e+01,1.000000000000000000e+00,-4.500000000000000000e+01
1.880146502089151994e+01,1.000000000000000000e+00,-4.600000000000000000e+01
1.880146502089151994e+01,1.000000000000000000e+00,-5.000000000000000000e+01
1.880146502089151994e+01,1.000000000000000000e+00,-5.100000000000000000e+01
1.880146502089151994e+01,1.000000000000000000e+00,-4.600000000000000000e+01
1.880146502089151994e+01,1.000000000000000000e+00,-4.800000000000000000e+01
1.880146502089151994e+01,1.000000000000000000e+00,-5.100000000000000000e+01
1.880146502089151994e+01,1.000000000000000000e+00,-5.300000000000000000e+01
1.880146502089151994e+01,1.000000000000000000e+00,-4.400000000000000000e+01
1.880146502089151994e+01,1.000000000000000000e+00,-4.800000000000000000e+01
1.880146502089151994e+01,1.000000000000000000e+00,-4.800000000000000000e+01
1.880146502089151994e+01,1.000000000000000000e+00,-4.600000000000000000e+01
1.880146502089151994e+01,1.000000000000000000e+00,-4.300000000000000000e+01
1.880146502089151994e+01,1.000000000000000000e+00,-4.700000000000000000e+01
1.880146502089151994e+01,1.000000000000000000e+00,-4.700000000000000000e+01
1.880146502089151994e+01,1.000000000000000000e+00,-4.900000000000000000e+01
1.880146502089151994e+01,1.000000000000000000e+00,-4.800000000000000000e+01
1.880146502089151994e+01,1.000000000000000000e+00,-5.100000000000000000e+01
1.880146502089151994e+01,1.000000000000000000e+00,-4.900000000000000000e+01
1.880146502089151994e+01,1.000000000000000000e+00,-4.700000000000000000e+01
1.880146502089151994e+01,1.000000000000000000e+00,-4.900000000000000000e+01
1.880146502089151994e+01,1.000000000000000000e+00,-4.700000000000000000e+01
1.880146502089151994e+01,1.000000000000000000e+00,-4.700000000000000000e+01
1.880146502089151994e+01,1.000000000000000000e+00,-4.600000000000000000e+01
1.880146502089151994e+01,1.000000000000000000e+00,-4.900000000000000000e+01
1.880146502089151994e+01,1.000000000000000000e+00,-4.700000000000000000e+01
1.880146502089151994e+01,1.000000000000000000e+00,-4.700000000000000000e+01
1.880146502089151994e+01,1.000000000000000000e+00,-4.600000000000000000e+01
1.880146502089151994e+01,1.000000000000000000e+00,-4.400000000000000000e+01
1.880146502089151994e+01,1.000000000000000000e+00,-4.600000000000000000e+01
1.880146502089151994e+01,1.000000000000000000e+00,-4.900000000000000000e+01
1.880146502089151994e+01,1.000000000000000000e+00,-4.400000000000000000e+01
1.880146502089151994e+01,1.000000000000000000e+00,-4.800000000000000000e+01
1.880146502089151994e+01,1.000000000000000000e+00,-4.700000000000000000e+01
1.880146502089151994e+01,1.000000000000000000e+00,-4.600000000000000000e+01
1.880146502089151994e+01,1.000000000000000000e+00,-4.500000000000000000e+01
1.880146502089151994e+01,1.000000000000000000e+00,-4.700000000000000000e+01
1.880146502089151994e+01,1.000000000000000000e+00,-4.800000000000000000e+01
1.880146502089151994e+01,1.000000000000000000e+00,-4.500000000000000000e+01
1.880146502089151994e+01,1.000000000000000000e+00,-4.400000000000000000e+01
1.880146502089151994e+01,1.000000000000000000e+00,-4.500000000000000000e+01
1.880146502089151994e+01,1.000000000000000000e+00,-4.600000000000000000e+01
1.880146502089151994e+01,1.000000000000000000e+00,-4.200000000000000000e+01
1.880146502089151994e+01,1.000000000000000000e+00,-4.500000000000000000e+01
1.880146502089151994e+01,1.000000000000000000e+00,-4.800000000000000000e+01
1.880146502089151994e+01,1.000000000000000000e+00,-4.600000000000000000e+01
1.880146502089151994e+01,1.000000000000000000e+00,-4.800000000000000000e+01
1.880146502089151994e+01,1.000000000000000000e+00,-4.400000000000000000e+01
1.880146502089151994e+01,1.000000000000000000e+00,-4.600000000000000000e+01
1.880146502089151994e+01,1.000000000000000000e+00,-4.300000000000000000e+01
1.880146502089151994e+01,1.000000000000000000e+00,-4.500000000000000000e+01
1.880146502089151994e+01,1.000000000000000000e+00,-4.500000000000000000e+01
1.880146502089151994e+01,1.000000000000000000e+00,-5.000000000000000000e+01
1.880146502089151994e+01,1.000000000000000000e+00,-4.400000000000000000e+01
1.880146502089151994e+01,1.000000000000000000e+00,-4.700000000000000000e+01
1.880146502089151994e+01,1.000000000000000000e+00,-4.400000000000000000e+01
1.880146502089151994e+01,1.000000000000000000e+00,-4.300000000000000000e+01
1.880146502089151994e+01,1.000000000000000000e+00,-4.400000000000000000e+01
1.880146502089151994e+01,1.000000000000000000e+00,-4.400000000000000000e+01
1.880146502089151994e+01,1.000000000000000000e+00,-4.400000000000000000e+01
1.880146502089151994e+01,1.000000000000000000e+00,-4.500000000000000000e+01
1.880146502089151994e+01,1.000000000000000000e+00,-4.300000000000000000e+01
1.880146502089151994e+01,1.000000000000000000e+00,-4.400000000000000000e+01
1.880146502089151994e+01,1.000000000000000000e+00,-4.400000000000000000e+01
1.880146502089151994e+01,1.000000000000000000e+00,-4.500000000000000000e+01
1.880146502089151994e+01,1.000000000000000000e+00,-4.000000000000000000e+01
1.880146502089151994e+01,1.000000000000000000e+00,-4.600000000000000000e+01
1.880146502089151994e+01,1.000000000000000000e+00,-4.500000000000000000e+01
1.880146502089151994e+01,1.000000000000000000e+00,-4.800000000000000000e+01
1.880146502089151994e+01,1.000000000000000000e+00,-4.400000000000000000e+01
1.880146502089151994e+01,1.000000000000000000e+00,-4.300000000000000000e+01
1.880146502089151994e+01,1.000000000000000000e+00,-4.200000000000000000e+01
1.880146502089151994e+01,1.000000000000000000e+00,-4.600000000000000000e+01
1.880146502089151994e+01,1.000000000000000000e+00,-4.500000000000000000e+01
1.880146502089151994e+01,1.000000000000000000e+00,-4.300000000000000000e+01
1.880146502089151994e+01,1.000000000000000000e+00,-4.400000000000000000e+01
1.880146502089151994e+01,1.000000000000000000e+00,-4.300000000000000000e+01
1.880146502089151994e+01,1.000000000000000000e+00,-4.200000000000000000e+01
1.880146502089151994e+01,1.000000000000000000e+00,-4.300000000000000000e+01
1.880146502089151994e+01,1.000000000000000000e+00,-4.500000000000000000e+01
1.880146502089151994e+01,1.000000000000000000e+00,-4.300000000000000000e+01
1.880146502089151994e+01,1.000000000000000000e+00,-4.100000000000000000e+01
1.880146502089151994e+01,1.000000000000000000e+00,-4.100000000000000000e+01
1.880146502089151994e+01,1.000000000000000000e+00,-4.300000000000000000e+01
1.880146502089151994e+01,1.000000000000000000e+00,-4.400000000000000000e+01
1.880146502089151994e+01,1.000000000000000000e+00,-4.400000000000000000e+01
1.880146502089151994e+01,1.000000000000000000e+00,-4.200000000000000000e+01
1.880146502089151994e+01,1.000000000000000000e+00,-4.300000000000000000e+01
1.880146502089151994e+01,1.000000000000000000e+00,-4.000000000000000000e+01
1.880146502089151994e+01,1.000000000000000000e+00,-4.400000000000000000e+01
1.880146502089151994e+01,1.000000000000000000e+00,-4.300000000000000000e+01
1.880146502089151994e+01,1.000000000000000000e+00,-4.100000000000000000e+01
1.880146502089151994e+01,1.000000000000000000e+00,-4.100000000000000000e+01
1.880146502089151994e+01,1.000000000000000000e+00,-3.900000000000000000e+01
1.880146502089151994e+01,1.000000000000000000e+00,-4.300000000000000000e+01
1.880146502089151994e+01,1.000000000000000000e+00,-4.200000000000000000e+01
1.880146502089151994e+01,1.000000000000000000e+00,-4.100000000000000000e+01
1.880146502089151994e+01,1.000000000000000000e+00,-4.400000000000000000e+01
1.880146502089151994e+01,1.000000000000000000e+00,-4.400000000000000000e+01
1.880146502089151994e+01,1.000000000000000000e+00,-4.300000000000000000e+01
1.880146502089151994e+01,1.000000000000000000e+00,-4.600000000000000000e+01
1.880146502089151994e+01,1.000000000000000000e+00,-4.000000000000000000e+01
1.880146502089151994e+01,1.000000000000000000e+00,-4.100000000000000000e+01
1.880146502089151994e+01,1.000000000000000000e+00,-3.900000000000000000e+01
1.880146502089151994e+01,1.000000000000000000e+00,-4.000000000000000000e+01
1.880146502089151994e+01,1.000000000000000000e+00,-4.200000000000000000e+01
1.880146502089151994e+01,1.000000000000000000e+00,-4.100000000000000000e+01
1.880146502089151994e+01,1.000000000000000000e+00,-4.000000000000000000e+01
1.880146502089151994e+01,1.000000000000000000e+00,-3.900000000000000000e+01
1.880146502089151994e+01,1.000000000000000000e+00,-4.200000000000000000e+01
1.880146502089151994e+01,1.000000000000000000e+00,-4.200000000000000000e+01
1.880146502089151994e+01,1.000000000000000000e+00,-4.200000000000000000e+01
1.880146502089151994e+01,1.000000000000000000e+00,-3.700000000000000000e+01
1.880146502089151994e+01,1.000000000000000000e+00,-4.200000000000000000e+01
1.880146502089151994e+01,1.000000000000000000e+00,-4.200000000000000000e+01
1.880146502089151994e+01,1.000000000000000000e+00,-4.100000000000000000e+01
1.880146502089151994e+01,1.000000000000000000e+00,-4.000000000000000000e+01
1.880146502089151994e+01,1.000000000000000000e+00,-4.200000000000000000e+01
1.880146502089151994e+01,1.000000000000000000e+00,-4.000000000000000000e+01
1.880146502089151994e+01,1.000000000000000000e+00,-3.700000000000000000e+01
1.880146502089151994e+01,1.000000000000000000e+00,-4.000000000000000000e+01
1.880146502089151994e+01,1.000000000000000000e+00,-3.900000000000000000e+01
1.880146502089151994e+01,1.000000000000000000e+00,-3.700000000000000000e+01
1.880146502089151994e+01,1.000000000000000000e+00,-3.800000000000000000e+01
1.880146502089151994e+01,1.000000000000000000e+00,-4.000000000000000000e+01
1.880146502089151994e+01,1.000000000000000000e+00,-3.800000000000000000e+01
1.880146502089151994e+01,1.000000000000000000e+00,-4.000000000000000000e+01
1.880146502089151994e+01,1.000000000000000000e+00,-3.600000000000000000e+01
1.880146502089151994e+01,1.000000000000000000e+00,-4.300000000000000000e+01
1.880146502089151994e+01,1.000000000000000000e+00,-3.900000000000000000e+01
1.880146502089151994e+01,1.000000000000000000e+00,-4.100000000000000000e+01
1.880146502089151994e+01,1.000000000000000000e+00,-4.200000000000000000e+01
1.880146502089151994e+01,1.000000000000000000e+00,-3.700000000000000000e+01
1.880146502089151994e+01,1.000000000000000000e+00,-3.600000000000000000e+01
1.880146502089151994e+01,1.000000000000000000e+00,-3.900000000000000000e+01
1.880146502089151994e+01,1.000000000000000000e+00,-3.900000000000000000e+01
1.880146502089151994e+01,1.000000000000000000e+00,-3.600000000000000000e+01
1.880146502089151994e+01,1.000000000000000000e+00,-3.700000000000000000e+01
1.880146502089151994e+01,1.000000000000000000e+00,-3.900000000000000000e+01
1.880146502089151994e+01,1.000000000000000000e+00,-4.000000000000000000e+01
1.880146502089151994e+01,1.000000000000000000e+00,-4.000000000000000000e+01
1.880146502089151994e+01,1.000000000000000000e+00,-3.800000000000000000e+01
1.880146502089151994e+01,1.000000000000000000e+00,-3.800000000000000000e+01
1.880146502089151994e+01,1.000000000000000000e+00,-3.900000000000000000e+01
1.880146502089151994e+01,1.000000000000000000e+00,-3.800000000000000000e+01
1.880146502089151994e+01,1.000000000000000000e+00,-3.500000000000000000e+01
1.880146502089151994e+01,1.000000000000000000e+00,-4.100000000000000000e+01
1.880146502089151994e+01,1.000000000000000000e+00,-4.000000000000000000e+01
1.880146502089151994e+01,1.000000000000000000e+00,-3.600000000000000000e+01
1.880146502089151994e+01,1.000000000000000000e+00,-4.000000000000000000e+01
1.880146502089151994e+01,1.000000000000000000e+00,-3.500000000000000000e+01
1.880146502089151994e+01,1.000000000000000000e+00,-4.300000000000000000e+01
1.880146502089151994e+01,1.000000000000000000e+00,-3.400000000000000000e+01
1.880146502089151994e+01,1.000000000000000000e+00,-3.800000000000000000e+01
1.880146502089151994e+01,1.000000000000000000e+00,-3.800000000000000000e+01
1.880146502089151994e+01,1.000000000000000000e+00,-3.700000000000000000e+01
1.880146502089151994e+01,1.000000000000000000e+00,-3.900000000000000000e+01
1.880146502089151994e+01,1.000000000000000000e+00,-3.800000000000000000e+01
1.880146502089151994e+01,1.000000000000000000e+00,-3.700000000000000000e+01
1.880146502089151994e+01,1.000000000000000000e+00,-4.200000000000000000e+01
1.880146502089151994e+01,1.000000000000000000e+00,-3.500000000000000000e+01
1.880146502089151994e+01,1.000000000000000000e+00,-3.600000000000000000e+01
1.880146502089151994e+01,1.000000000000000000e+00,-3.300000000000000000e+01
1.880146502089151994e+01,1.000000000000000000e+00,-3.900000000000000000e+01
1.880146502089151994e+01,1.000000000000000000e+00,-3.600000000000000000e+01
1.880146502089151994e+01,1.000000000000000000e+00,-3.400000000000000000e+01
1.880146502089151994e+01,1.000000000000000000e+00,-3.700000000000000000e+01
1.880146502089151994e+01,1.000000000000000000e+00,-3.700000000000000000e+01
1.880146502089151994e+01,1.000000000000000000e+00,-3.600000000000000000e+01
1.880146502089151994e+01,1.000000000000000000e+00,-3.800000000000000000e+01
1.880146502089151994e+01,1.000000000000000000e+00,-3.900000000000000000e+01
1.880146502089151994e+01,1.000000000000000000e+00,-3.800000000000000000e+01
1.880146502089151994e+01,1.000000000000000000e+00,-3.400000000000000000e+01
1.880146502089151994e+01,1.000000000000000000e+00,-3.700000000000000000e+01
1.880146502089151994e+01,1.000000000000000000e+00,-3.700000000000000000e+01
1.880146502089151994e+01,1.000000000000000000e+00,-3.500000000000000000e+01
1.880146502089151994e+01,1.000000000000000000e+00,-3.200000000000000000e+01
1.880146502089151994e+01,1.000000000000000000e+00,-3.500000000000000000e+01
1.880146502089151994e+01,1.000000000000000000e+00,-3.200000000000000000e+01
1.880146502089151994e+01,1.000000000000000000e+00,-3.600000000000000000e+01
1.880146502089151994e+01,1.000000000000000000e+00,-3.200000000000000000e+01
1.880146502089151994e+01,1.000000000000000000e+00,-3.400000000000000000e+01
1.880146502089151994e+01,1.000000000000000000e+00,-3.400000000000000000e+01
1.880146502089151994e+01,1.000000000000000000e+00,-4.000000000000000000e+01
1.880146502089151994e+01,1.000000000000000000e+00,-3.500000000000000000e+01
1.880146502089151994e+01,1.000000000000000000e+00,-3.400000000000000000e+01
1.880146502089151994e+01,1.000000000000000000e+00,-3.300000000000000000e+01
1.880146502089151994e+01,1.000000000000000000e+00,-3.100000000000000000e+01
1.880146502089151994e+01,1.000000000000000000e+00,-3.300000000000000000e+01
1.880146502089151994e+01,1.000000000000000000e+00,-3.300000000000000000e+01
1.880146502089151994e+01,1.000000000000000000e+00,-3.400000000000000000e+01
1.880146502089151994e+01,1.000000000000000000e+00,-3.400000000000000000e+01
1.880146502089151994e+01,1.000000000000000000e+00,-3.200000000000000000e+01
1.880146502089151994e+01,1.000000000000000000e+00,-3.300000000000000000e+01
1.880146502089151994e+01,1.000000000000000000e+00,-3.800000000000000000e+01
1.880146502089151994e+01,1.000000000000000000e+00,-3.400000000000000000e+01
1.880146502089151994e+01,1.000000000000000000e+00,-3.500000000000000000e+01
1.880146502089151994e+01,1.000000000000000000e+00,-3.300000000000000000e+01
1.880146502089151994e+01,1.000000000000000000e+00,-3.300000000000000000e+01
1.880146502089151994e+01,1.000000000000000000e+00,-3.600000000000000000e+01
1.880146502089151994e+01,1.000000000000000000e+00,-3.200000000000000000e+01
1.880146502089151994e+01,1.000000000000000000e+00,-3.300000000000000000e+01
1.880146502089151994e+01,1.000000000000000000e+00,-3.400000000000000000e+01
1.880146502089151994e+01,1.000000000000000000e+00,-3.400000000000000000e+01
1.880146502089151994e+01,1.000000000000000000e+00,-3.300000000000000000e+01
1.880146502089151994e+01,1.000000000000000000e+00,-3.200000000000000000e+01
1.880146502089151994e+01,1.000000000000000000e+00,-3.000000000000000000e+01
1.880146502089151994e+01,1.000000000000000000e+00,-3.100000000000000000e+01
1.880146502089151994e+01,1.000000000000000000e+00,-3.300000000000000000e+01
1.880146502089151994e+01,1.000000000000000000e+00,-3.200000000000000000e+01
1.880146502089151994e+01,1.000000000000000000e+00,-3.500000000000000000e+01
1.880146502089151994e+01,1.000000000000000000e+00,-3.400000000000000000e+01
1.880146502089151994e+01,1.000000000000000000e+00,-3.400000000000000000e+01
1.880146502089151994e+01,1.000000000000000000e+00,-3.500000000000000000e+01
1.880146502089151994e+01,1.000000000000000000e+00,-3.300000000000000000e+01
1.880146502089151994e+01,1.000000000000000000e+00,-3.500000000000000000e+01
1.880146502089151994e+01,1.000000000000000000e+00,-3.400000000000000000e+01
1.880146502089151994e+01,1.000000000000000000e+00,-3.000000000000000000e+01
1.880146502089151994e+01,1.000000000000000000e+00,-3.300000000000000000e+01
1.880146502089151994e+01,1.000000000000000000e+00,-3.200000000000000000e+01
1.880146502089151994e+01,1.000000000000000000e+00,-3.700000000000000000e+01
1.880146502089151994e+01,1.000000000000000000e+00,-2.900000000000000000e+01
1.880146502089151994e+01,1.000000000000000000e+00,-3.500000000000000000e+01
1.880146502089151994e+01,1.000000000000000000e+00,-2.700000000000000000e+01
1.880146502089151994e+01,1.000000000000000000e+00,-2.900000000000000000e+01
1.880146502089151994e+01,1.000000000000000000e+00,-3.100000000000000000e+01
1.880146502089151994e+01,1.000000000000000000e+00,-3.000000000000000000e+01
1.880146502089151994e+01,1.000000000000000000e+00,-3.200000000000000000e+01
1.880146502089151994e+01,1.000000000000000000e+00,-2.900000000000000000e+01
1.880146502089151994e+01,1.000000000000000000e+00,-3.700000000000000000e+01
1.880146502089151994e+01,1.000000000000000000e+00,-3.200000000000000000e+01
1.880146502089151994e+01,1.000000000000000000e+00,-3.100000000000000000e+01
1.880146502089151994e+01,1.000000000000000000e+00,-3.200000000000000000e+01
1.880146502089151994e+01,1.000000000000000000e+00,-2.900000000000000000e+01
1.880146502089151994e+01,1.000000000000000000e+00,-3.400000000000000000e+01
1.880146502089151994e+01,1.000000000000000000e+00,-3.000000000000000000e+01
1.880146502089151994e+01,1.000000000000000000e+00,-3.200000000000000000e+01
1.880146502089151994e+01,1.000000000000000000e+00,-3.000000000000000000e+01
1.880146502089151994e+01,1.000000000000000000e+00,-3.300000000000000000e+01
1.880146502089151994e+01,1.000000000000000000e+00,-2.800000000000000000e+01
1.880146502089151994e+01,1.000000000000000000e+00,-3.100000000000000000e+01
1.880146502089151994e+01,1.000000000000000000e+00,-2.800000000000000000e+01
1.880146502089151994e+01,1.000000000000000000e+00,-3.100000000000000000e+01
1.880146502089151994e+01,1.000000000000000000e+00,-3.200000000000000000e+01
1.880146502089151994e+01,1.000000000000000000e+00,-2.700000000000000000e+01
1.880146502089151994e+01,1.000000000000000000e+00,-2.600000000000000000e+01
1.880146502089151994e+01,1.000000000000000000e+00,-2.600000000000000000e+01
1.880146502089151994e+01,1.000000000000000000e+00,-3.200000000000000000e+01
1.880146502089151994e+01,1.000000000000000000e+00,-3.200000000000000000e+01
1.880146502089151994e+01,1.000000000000000000e+00,-2.800000000000000000e+01
1.880146502089151994e+01,1.000000000000000000e+00,-3.300000000000000000e+01
1.880146502089151994e+01,1.000000000000000000e+00,-2.700000000000000000e+01
1.880146502089151994e+01,1.000000000000000000e+00,-3.100000000000000000e+01
1.880146502089151994e+01,1.000000000000000000e+00,-3.100000000000000000e+01
1.880146502089151994e+01,1.000000000000000000e+00,-2.900000000000000000e+01
1.880146502089151994e+01,1.000000000000000000e+00,-2.700000000000000000e+01
1.880146502089151994e+01,1.000000000000000000e+00,-2.800000000000000000e+01
1.880146502089151994e+01,1.000000000000000000e+00,-2.800000000000000000e+01
1.880146502089151994e+01,1.000000000000000000e+00,-2.900000000000000000e+01
1.880146502089151994e+01,1.000000000000000000e+00,-2.900000000000000000e+01
1.880146502089151994e+01,1.000000000000000000e+00,-3.000000000000000000e+01
1.880146502089151994e+01,1.000000000000000000e+00,-3.100000000000000000e+01
1.880146502089151994e+01,1.000000000000000000e+00,-3.000000000000000000e+01
1.880146502089151994e+01,1.000000000000000000e+00,-2.900000000000000000e+01
1.880146502089151994e+01,1.000000000000000000e+00,-2.800000000000000000e+01
1.880146502089151994e+01,1.000000000000000000e+00,-2.900000000000000000e+01
1.880146502089151994e+01,1.000000000000000000e+00,-2.900000000000000000e+01
1.880146502089151994e+01,1.000000000000000000e+00,-2.800000000000000000e+01
1.880146502089151994e+01,1.000000000000000000e+00,-2.800000000000000000e+01
1.880146502089151994e+01,1.000000000000000000e+00,-3.300000000000000000e+01
1.880146502089151994e+01,1.000000000000000000e+00,-3.000000000000000000e+01
1.880146502089151994e+01,1.000000000000000000e+00,-2.600000000000000000e+01
1.880146502089151994e+01,1.000000000000000000e+00,-2.800000000000000000e+01
1.880146502089151994e+01,1.000000000000000000e+00,-2.800000000000000000e+01
1.880146502089151994e+01,1.000000000000000000e+00,-2.900000000000000000e+01
1.880146502089151994e+01,1.000000000000000000e+00,-3.000000000000000000e+01
1.880146502089151994e+01,1.000000000000000000e+00,-2.900000000000000000e+01
1.880146502089151994e+01,1.000000000000000000e+00,-2.900000000000000000e+01
1.880146502089151994e+01,1.000000000000000000e+00,-3.200000000000000000e+01
1.880146502089151994e+01,1.000000000000000000e+00,-2.700000000000000000e+01
1.880146502089151994e+01,1.000000000000000000e+00,-2.800000000000000000e+01
1.880146502089151994e+01,1.000000000000000000e+00,-2.900000000000000000e+01
1.880146502089151994e+01,1.000000000000000000e+00,-2.900000000000000000e+01
1.880146502089151994e+01,1.000000000000000000e+00,-2.800000000000000000e+01
1.880146502089151994e+01,1.000000000000000000e+00,-3.000000000000000000e+01
1.880146502089151994e+01,1.000000000000000000e+00,-2.400000000000000000e+01
1.880146502089151994e+01,1.000000000000000000e+00,-2.500000000000000000e+01
1.880146502089151994e+01,1.000000000000000000e+00,-2.400000000000000000e+01
1.880146502089151994e+01,1.000000000000000000e+00,-2.700000000000000000e+01
1.880146502089151994e+01,1.000000000000000000e+00,-2.500000000000000000e+01
1.880146502089151994e+01,1.000000000000000000e+00,-2.400000000000000000e+01
1.880146502089151994e+01,1.000000000000000000e+00,-2.800000000000000000e+01
1.880146502089151994e+01,1.000000000000000000e+00,-2.200000000000000000e+01
1.880146502089151994e+01,1.000000000000000000e+00,-2.600000000000000000e+01
1.880146502089151994e+01,1.000000000000000000e+00,-2.400000000000000000e+01
1.880146502089151994e+01,1.000000000000000000e+00,-2.700000000000000000e+01
1.880146502089151994e+01,1.000000000000000000e+00,-2.300000000000000000e+01
1.880146502089151994e+01,1.000000000000000000e+00,-2.700000000000000000e+01
1.880146502089151994e+01,1.000000000000000000e+00,-2.600000000000000000e+01
1.880146502089151994e+01,1.000000000000000000e+00,-2.700000000000000000e+01
1.880146502089151994e+01,1.000000000000000000e+00,-2.500000000000000000e+01
1.880146502089151994e+01,1.000000000000000000e+00,-2.700000000000000000e+01
1.880146502089151994e+01,1.000000000000000000e+00,-2.600000000000000000e+01
1.880146502089151994e+01,1.000000000000000000e+00,-2.400000000000000000e+01
1.880146502089151994e+01,1.000000000000000000e+00,-2.900000000000000000e+01
1.880146502089151994e+01,1.000000000000000000e+00,-2.400000000000000000e+01
1.880146502089151994e+01,1.000000000000000000e+00,-2.800000000000000000e+01
1.880146502089151994e+01,1.000000000000000000e+00,-2.300000000000000000e+01
1.880146502089151994e+01,1.000000000000000000e+00,-2.400000000000000000e+01
1.880146502089151994e+01,1.000000000000000000e+00,-2.400000000000000000e+01
1.880146502089151994e+01,1.000000000000000000e+00,-2.300000000000000000e+01
1.880146502089151994e+01,1.000000000000000000e+00,-2.600000000000000000e+01
1.880146502089151994e+01,1.000000000000000000e+00,-2.700000000000000000e+01
1.880146502089151994e+01,1.000000000000000000e+00,-2.600000000000000000e+01
1.880146502089151994e+01,1.000000000000000000e+00,-2.800000000000000000e+01
1.880146502089151994e+01,1.000000000000000000e+00,-2.800000000000000000e+01
1.880146502089151994e+01,1.000000000000000000e+00,-2.500000000000000000e+01
1.880146502089151994e+01,1.000000000000000000e+00,-2.700000000000000000e+01
1.880146502089151994e+01,1.000000000000000000e+00,-2.200000000000000000e+01
1.880146502089151994e+01,1.000000000000000000e+00,-2.200000000000000000e+01
1.880146502089151994e+01,1.000000000000000000e+00,-2.300000000000000000e+01
1.880146502089151994e+01,1.000000000000000000e+00,-2.600000000000000000e+01
1.880146502089151994e+01,1.000000000000000000e+00,-1.900000000000000000e+01
1.880146502089151994e+01,1.000000000000000000e+00,-2.400000000000000000e+01
1.880146502089151994e+01,1.000000000000000000e+00,-2.100000000000000000e+01
1.880146502089151994e+01,1.000000000000000000e+00,-2.500000000000000000e+01
1.880146502089151994e+01,1.000000000000000000e+00,-2.000000000000000000e+01
1.880146502089151994e+01,1.000000000000000000e+00,-1.800000000000000000e+01
1.880146502089151994e+01,1.000000000000000000e+00,-2.100000000000000000e+01
1.880146502089151994e+01,1.000000000000000000e+00,-2.100000000000000000e+01
1.880146502089151994e+01,1.000000000000000000e+00,-2.300000000000000000e+01
1.880146502089151994e+01,1.000000000000000000e+00,-1.900000000000000000e+01
1.880146502089151994e+01,1.000000000000000000e+00,-2.300000000000000000e+01
1.880146502089151994e+01,1.000000000000000000e+00,-2.100000000000000000e+01
1.880146502089151994e+01,1.000000000000000000e+00,-2.200000000000000000e+01
1.880146502089151994e+01,1.000000000000000000e+00,-2.300000000000000000e+01
1.880146502089151994e+01,1.000000000000000000e+00,-2.000000000000000000e+01
1.880146502089151994e+01,1.000000000000000000e+00,-2.100000000000000000e+01
1.880146502089151994e+01,1.000000000000000000e+00,-2.300000000000000000e+01
1.880146502089151994e+01,1.000000000000000000e+00,-2.300000000000000000e+01
1.880146502089151994e+01,1.000000000000000000e+00,-2.500000000000000000e+01
1.880146502089151994e+01,1.000000000000000000e+00,-2.300000000000000000e+01
1.880146502089151994e+01,1.000000000000000000e+00,-2.100000000000000000e+01
1.880146502089151994e+01,1.000000000000000000e+00,-2.400000000000000000e+01
1.880146502089151994e+01,1.000000000000000000e+00,-2.100000000000000000e+01
1.880146502089151994e+01,1.000000000000000000e+00,-2.300000000000000000e+01
1.880146502089151994e+01,1.000000000000000000e+00,-1.600000000000000000e+01
1.880146502089151994e+01,1.000000000000000000e+00,-2.200000000000000000e+01
1.880146502089151994e+01,1.000000000000000000e+00,-2.300000000000000000e+01
1.880146502089151994e+01,1.000000000000000000e+00,-2.100000000000000000e+01
1.880146502089151994e+01,1.000000000000000000e+00,-2.300000000000000000e+01
1.880146502089151994e+01,1.000000000000000000e+00,-2.200000000000000000e+01
1.880146502089151994e+01,1.000000000000000000e+00,-2.500000000000000000e+01
1.880146502089151994e+01,1.000000000000000000e+00,-2.000000000000000000e+01
1.880146502089151994e+01,1.000000000000000000e+00,-1.700000000000000000e+01
1.880146502089151994e+01,1.000000000000000000e+00,-1.900000000000000000e+01
1.880146502089151994e+01,1.000000000000000000e+00,-2.000000000000000000e+01
1.880146502089151994e+01,1.000000000000000000e+00,-2.000000000000000000e+01
1.880146502089151994e+01,1.000000000000000000e+00,-1.500000000000000000e+01
1.880146502089151994e+01,1.000000000000000000e+00,-1.800000000000000000e+01
1.880146502089151994e+01,1.000000000000000000e+00,-2.500000000000000000e+01
1.880146502089151994e+01,1.000000000000000000e+00,-2.000000000000000000e+01
1.880146502089151994e+01,1.000000000000000000e+00,-2.200000000000000000e+01
1.880146502089151994e+01,1.000000000000000000e+00,-1.900000000000000000e+01
1.880146502089151994e+01,1.000000000000000000e+00,-2.100000000000000000e+01
1.880146502089151994e+01,1.000000000000000000e+00,-2.000000000000000000e+01
1.880146502089151994e+01,1.000000000000000000e+00,-1.800000000000000000e+01
1.880146502089151994e+01,1.000000000000000000e+00,-2.400000000000000000e+01
1.880146502089151994e+01,1.000000000000000000e+00,-2.000000000000000000e+01
1.880146502089151994e+01,1.000000000000000000e+00,-2.200000000000000000e+01
1.880146502089151994e+01,1.000000000000000000e+00,-2.000000000000000000e+01
1.880146502089151994e+01,1.000000000000000000e+00,-2.000000000000000000e+01
1.880146502089151994e+01,1.000000000000000000e+00,-1.900000000000000000e+01
1.880146502089151994e+01,1.000000000000000000e+00,-2.100000000000000000e+01
1.880146502089151994e+01,1.000000000000000000e+00,-2.000000000000000000e+01
1.880146502089151994e+01,1.000000000000000000e+00,-1.800000000000000000e+01
1.880146502089151994e+01,1.000000000000000000e+00,-2.100000000000000000e+01
1.880146502089151994e+01,1.000000000000000000e+00,-1.900000000000000000e+01
1.880146502089151994e+01,1.000000000000000000e+00,-1.700000000000000000e+01
1.880146502089151994e+01,1.000000000000000000e+00,-1.900000000000000000e+01
1.880146502089151994e+01,1.000000000000000000e+00,-2.200000000000000000e+01
1.880146502089151994e+01,1.000000000000000000e+00,-2.100000000000000000e+01
1.880146502089151994e+01,1.000000000000000000e+00,-2.000000000000000000e+01
1.880146502089151994e+01,1.000000000000000000e+00,-1.700000000000000000e+01
1.880146502089151994e+01,1.000000000000000000e+00,-1.700000000000000000e+01
1.880146502089151994e+01,1.000000000000000000e+00,-2.000000000000000000e+01
1.880146502089151994e+01,1.000000000000000000e+00,-2.300000000000000000e+01
1.880146502089151994e+01,1.000000000000000000e+00,-2.100000000000000000e+01
1.880146502089151994e+01,1.000000000000000000e+00,-2.000000000000000000e+01
1.880146502089151994e+01,1.000000000000000000e+00,-1.700000000000000000e+01
1.880146502089151994e+01,1.000000000000000000e+00,-1.800000000000000000e+01
1.880146502089151994e+01,1.000000000000000000e+00,-2.000000000000000000e+01
1.880146502089151994e+01,1.000000000000000000e+00,-1.600000000000000000e+01
1.880146502089151994e+01,1.000000000000000000e+00,-1.600000000000000000e+01
1.880146502089151994e+01,1.000000000000000000e+00,-1.600000000000000000e+01
1.880146502089151994e+01,1.000000000000000000e+00,-1.500000000000000000e+01
1.880146502089151994e+01,1.000000000000000000e+00,-1.900000000000000000e+01
1.880146502089151994e+01,1.000000000000000000e+00,-1.600000000000000000e+01
1.880146502089151994e+01,1.000000000000000000e+00,-1.900000000000000000e+01
1.880146502089151994e+01,1.000000000000000000e+00,-1.400000000000000000e+01
1.880146502089151994e+01,1.000000000000000000e+00,-1.500000000000000000e+01
1.880146502089151994e+01,1.000000000000000000e+00,-1.800000000000000000e+01
1.880146502089151994e+01,1.000000000000000000e+00,-1.600000000000000000e+01
1.880146502089151994e+01,1.000000000000000000e+00,-1.900000000000000000e+01
1.880146502089151994e+01,1.000000000000000000e+00,-2.000000000000000000e+01
1.880146502089151994e+01,1.000000000000000000e+00,-1.700000000000000000e+01
1.880146502089151994e+01,1.000000000000000000e+00,-1.700000000000000000e+01
1.880146502089151994e+01,1.000000000000000000e+00,-1.800000000000000000e+01
1.880146502089151994e+01,1.000000000000000000e+00,-1.700000000000000000e+01
1.880146502089151994e+01,1.000000000000000000e+00,-1.500000000000000000e+01
1.880146502089151994e+01,1.000000000000000000e+00,-1.900000000000000000e+01
1.880146502089151994e+01,1.000000000000000000e+00,-1.900000000000000000e+01
1.880146502089151994e+01,1.000000000000000000e+00,-1.900000000000000000e+01
1.880146502089151994e+01,1.000000000000000000e+00,-1.500000000000000000e+01
1.880146502089151994e+01,1.000000000000000000e+00,-1.500000000000000000e+01
1.880146502089151994e+01,1.000000000000000000e+00,-1.800000000000000000e+01
1.880146502089151994e+01,1.000000000000000000e+00,-1.600000000000000000e+01
1.880146502089151994e+01,1.000000000000000000e+00,-1.700000000000000000e+01
1.880146502089151994e+01,1.000000000000000000e+00,-1.600000000000000000e+01
1.880146502089151994e+01,1.000000000000000000e+00,-1.500000000000000000e+01
1.880146502089151994e+01,1.000000000000000000e+00,-1.600000000000000000e+01
1.880146502089151994e+01,1.000000000000000000e+00,-1.300000000000000000e+01
1.880146502089151994e+01,1.000000000000000000e+00,-1.700000000000000000e+01
1.880146502089151994e+01,1.000000000000000000e+00,-1.700000000000000000e+01
1.880146502089151994e+01,1.000000000000000000e+00,-1.600000000000000000e+01
1.880146502089151994e+01,1.000000000000000000e+00,-1.400000000000000000e+01
1.880146502089151994e+01,1.000000000000000000e+00,-1.800000000000000000e+01
1.880146502089151994e+01,1.000000000000000000e+00,-1.300000000000000000e+01
1.880146502089151994e+01,1.000000000000000000e+00,-1.500000000000000000e+01
1.880146502089151994e+01,1.000000000000000000e+00,-1.500000000000000000e+01
1.880146502089151994e+01,1.000000000000000000e+00,-1.500000000000000000e+01
1.880146502089151994e+01,1.000000000000000000e+00,-1.400000000000000000e+01
1.880146502089151994e+01,1.000000000000000000e+00,-1.800000000000000000e+01
1.880146502089151994e+01,1.000000000000000000e+00,-1.600000000000000000e+01
1.880146502089151994e+01,1.000000000000000000e+00,-1.700000000000000000e+01
1.880146502089151994e+01,1.000000000000000000e+00,-1.600000000000000000e+01
1.880146502089151994e+01,1.000000000000000000e+00,-1.800000000000000000e+01
1.880146502089151994e+01,1.000000000000000000e+00,-1.500000000000000000e+01
1.880146502089151994e+01,1.000000000000000000e+00,-1.500000000000000000e+01
1.880146502089151994e+01,1.000000000000000000e+00,-1.000000000000000000e+01
1.880146502089151994e+01,1.000000000000000000e+00,-1.600000000000000000e+01
1.880146502089151994e+01,1.000000000000000000e+00,-1.500000000000000000e+01
1.880146502089151994e+01,1.000000000000000000e+00,-1.900000000000000000e+01
1.880146502089151994e+01,1.000000000000000000e+00,-1.200000000000000000e+01
1.880146502089151994e+01,1.000000000000000000e+00,-1.400000000000000000e+01
1.880146502089151994e+01,1.000000000000000000e+00,-1.700000000000000000e+01
1.880146502089151994e+01,1.000000000000000000e+00,-1.400000000000000000e+01
1.880146502089151994e+01,1.000000000000000000e+00,-1.200000000000000000e+01
1.880146502089151994e+01,1.000000000000000000e+00,-1.300000000000000000e+01
1.880146502089151994e+01,1.000000000000000000e+00,-1.400000000000000000e+01
1.880146502089151994e+01,1.000000000000000000e+00,-1.600000000000000000e+01
1.880146502089151994e+01,1.000000000000000000e+00,-1.600000000000000000e+01
1.880146502089151994e+01,1.000000000000000000e+00,-1.500000000000000000e+01
1.880146502089151994e+01,1.000000000000000000e+00,-1.800000000000000000e+01
1.880146502089151994e+01,1.000000000000000000e+00,-1.200000000000000000e+01
1.880146502089151994e+01,1.000000000000000000e+00,-1.200000000000000000e+01
1.880146502089151994e+01,1.000000000000000000e+00,-1.500000000000000000e+01
1.880146502089151994e+01,1.000000000000000000e+00,-1.400000000000000000e+01
1.880146502089151994e+01,1.000000000000000000e+00,-1.500000000000000000e+01
1.880146502089151994e+01,1.000000000000000000e+00,-1.300000000000000000e+01
1.880146502089151994e+01,1.000000000000000000e+00,-1.800000000000000000e+01
1.880146502089151994e+01,1.000000000000000000e+00,-1.400000000000000000e+01
1.880146502089151994e+01,1.000000000000000000e+00,-1.400000000000000000e+01
1.880146502089151994e+01,1.000000000000000000e+00,-1.100000000000000000e+01
1.880146502089151994e+01,1.000000000000000000e+00,-1.300000000000000000e+01
1.880146502089151994e+01,1.000000000000000000e+00,-1.400000000000000000e+01
1.880146502089151994e+01,1.000000000000000000e+00,-1.400000000000000000e+01
1.880146502089151994e+01,1.000000000000000000e+00,-1.500000000000000000e+01
1.880146502089151994e+01,1.000000000000000000e+00,-1.600000000000000000e+01
1.880146502089151994e+01,1.000000000000000000e+00,-1.300000000000000000e+01
1.880146502089151994e+01,1.000000000000000000e+00,-1.500000000000000000e+01
1.880146502089151994e+01,1.000000000000000000e+00,-1.200000000000000000e+01
1.880146502089151994e+01,1.000000000000000000e+00,-9.000000000000000000e+00
1.880146502089151994e+01,1.000000000000000000e+00,-1.200000000000000000e+01
1.880146502089151994e+01,1.000000000000000000e+00,-1.200000000000000000e+01
1.880146502089151994e+01,1.000000000000000000e+00,-1.100000000000000000e+01
1.880146502089151994e+01,1.000000000000000000e+00,-1.100000000000000000e+01
1.880146502089151994e+01,1.000000000000000000e+00,-1.300000000000000000e+01
1.880146502089151994e+01,1.000000000000000000e+00,-1.200000000000000000e+01
1.880146502089151994e+01,1.000000000000000000e+00,-1.500000000000000000e+01
1.880146502089151994e+01,1.000000000000000000e+00,-1.400000000000000000e+01
1.880146502089151994e+01,1.000000000000000000e+00,-1.400000000000000000e+01
1.880146502089151994e+01,1.000000000000000000e+00,-1.400000000000000000e+01
1.880146502089151994e+01,1.000000000000000000e+00,-9.000000000000000000e+00
1.880146502089151994e+01,1.000000000000000000e+00,-1.000000000000000000e+01
1.880146502089151994e+01,1.000000000000000000e+00,-4.000000000000000000e+00
1.880146502089151994e+01,1.000000000000000000e+00,-1.000000000000000000e+01
1.880146502089151994e+01,1.000000000000000000e+00,-1.000000000000000000e+01
1.880146502089151994e+01,1.000000000000000000e+00,-1.300000000000000000e+01
1.880146502089151994e+01,1.000000000000000000e+00,-1.200000000000000000e+01
1.880146502089151994e+01,1.000000000000000000e+00,-1.100000000000000000e+01
1.880146502089151994e+01,1.000000000000000000e+00,-1.400000000000000000e+01
1.880146502089151994e+01,1.000000000000000000e+00,-1.000000000000000000e+01
1.880146502089151994e+01,1.000000000000000000e+00,-1.200000000000000000e+01
1.880146502089151994e+01,1.000000000000000000e+00,-1.200000000000000000e+01
1.880146502089151994e+01,1.000000000000000000e+00,-1.300000000000000000e+01
1.880146502089151994e+01,1.000000000000000000e+00,-8.000000000000000000e+00
1.880146502089151994e+01,1.000000000000000000e+00,-1.200000000000000000e+01
1.880146502089151994e+01,1.000000000000000000e+00,-1.000000000000000000e+01
1.880146502089151994e+01,1.000000000000000000e+00,-8.000000000000000000e+00
1.880146502089151994e+01,1.000000000000000000e+00,-1.100000000000000000e+01
1.880146502089151994e+01,1.000000000000000000e+00,-1.300000000000000000e+01
1.880146502089151994e+01,1.000000000000000000e+00,-6.000000000000000000e+00
1.880146502089151994e+01,1.000000000000000000e+00,-1.000000000000000000e+01
1.880146502089151994e+01,1.000000000000000000e+00,-9.000000000000000000e+00
1.880146502089151994e+01,1.000000000000000000e+00,-1.200000000000000000e+01
1.880146502089151994e+01,1.000000000000000000e+00,-1.400000000000000000e+01
1.880146502089151994e+01,1.000000000000000000e+00,-1.100000000000000000e+01
1.880146502089151994e+01,1.000000000000000000e+00,-1.100000000000000000e+01
1.880146502089151994e+01,1.000000000000000000e+00,-1.200000000000000000e+01
1.880146502089151994e+01,1.000000000000000000e+00,-9.000000000000000000e+00
1.880146502089151994e+01,1.000000000000000000e+00,-7.000000000000000000e+00
1.880146502089151994e+01,1.000000000000000000e+00,-1.100000000000000000e+01
1.880146502089151994e+01,1.000000000000000000e+00,-1.100000000000000000e+01
1.880146502089151994e+01,1.000000000000000000e+00,-7.000000000000000000e+00
1.880146502089151994e+01,1.000000000000000000e+00,-1.300000000000000000e+01
1.880146502089151994e+01,1.000000000000000000e+00,-1.000000000000000000e+01
1.880146502089151994e+01,1.000000000000000000e+00,-1.000000000000000000e+01
1.880146502089151994e+01,1.000000000000000000e+00,-1.100000000000000000e+01
1.880146502089151994e+01,1.000000000000000000e+00,-8.000000000000000000e+00
1.880146502089151994e+01,1.000000000000000000e+00,-1.100000000000000000e+01
1.880146502089151994e+01,1.000000000000000000e+00,-9.000000000000000000e+00
1.880146502089151994e+01,1.000000000000000000e+00,-1.000000000000000000e+01
1.880146502089151994e+01,1.000000000000000000e+00,-1.100000000000000000e+01
1.880146502089151994e+01,1.000000000000000000e+00,-9.000000000000000000e+00
1.880146502089151994e+01,1.000000000000000000e+00,-1.000000000000000000e+01
1.880146502089151994e+01,1.000000000000000000e+00,-7.000000000000000000e+00
1.880146502089151994e+01,1.000000000000000000e+00,-9.000000000000000000e+00
1.880146502089151994e+01,1.000000000000000000e+00,-1.300000000000000000e+01
1.880146502089151994e+01,1.000000000000000000e+00,-7.000000000000000000e+00
1.880146502089151994e+01,1.000000000000000000e+00,-9.000000000000000000e+00
1.880146502089151994e+01,1.000000000000000000e+00,-7.000000000000000000e+00
1.880146502089151994e+01,1.000000000000000000e+00,-1.100000000000000000e+01
1.880146502089151994e+01,1.000000000000000000e+00,-7.000000000000000000e+00
1.880146502089151994e+01,1.000000000000000000e+00,-1.200000000000000000e+01
1.880146502089151994e+01,1.000000000000000000e+00,-6.000000000000000000e+00
1.880146502089151994e+01,1.000000000000000000e+00,-6.000000000000000000e+00
1.880146502089151994e+01,1.000000000000000000e+00,-8.000000000000000000e+00
1.880146502089151994e+01,1.000000000000000000e+00,-9.000000000000000000e+00
1.880146502089151994e+01,1.000000000000000000e+00,-9.000000000000000000e+00
1.880146502089151994e+01,1.000000000000000000e+00,-7.000000000000000000e+00
1.880146502089151994e+01,1.000000000000000000e+00,-1.400000000000000000e+01
1.880146502089151994e+01,1.000000000000000000e+00,-8.000000000000000000e+00
1.880146502089151994e+01,1.000000000000000000e+00,-8.000000000000000000e+00
1.880146502089151994e+01,1.000000000000000000e+00,-5.000000000000000000e+00
1.880146502089151994e+01,1.000000000000000000e+00,-1.000000000000000000e+01
1.880146502089151994e+01,1.000000000000000000e+00,-1.200000000000000000e+01
1.880146502089151994e+01,1.000000000000000000e+00,-5.000000000000000000e+00
1.880146502089151994e+01,1.000000000000000000e+00,-8.000000000000000000e+00
1.880146502089151994e+01,1.000000000000000000e+00,-1.200000000000000000e+01
1.880146502089151994e+01,1.000000000000000000e+00,-1.100000000000000000e+01
1.880146502089151994e+01,1.000000000000000000e+00,-7.000000000000000000e+00
1.880146502089151994e+01,1.000000000000000000e+00,-5.000000000000000000e+00
1.880146502089151994e+01,1.000000000000000000e+00,-7.000000000000000000e+00
1.880146502089151994e+01,1.000000000000000000e+00,-9.000000000000000000e+00
1.880146502089151994e+01,1.000000000000000000e+00,-6.000000000000000000e+00
1.880146502089151994e+01,1.000000000000000000e+00,-5.000000000000000000e+00
1.880146502089151994e+01,1.000000000000000000e+00,-8.000000000000000000e+00
1.880146502089151994e+01,1.000000000000000000e+00,-7.000000000000000000e+00
1.880146502089151994e+01,1.000000000000000000e+00,-6.000000000000000000e+00
1.880146502089151994e+01,1.000000000000000000e+00,-1.000000000000000000e+01
1.880146502089151994e+01,1.000000000000000000e+00,-9.000000000000000000e+00
1.880146502089151994e+01,1.000000000000000000e+00,-7.000000000000000000e+00
1.880146502089151994e+01,1.000000000000000000e+00,-6.000000000000000000e+00
1.880146502089151994e+01,1.000000000000000000e+00,-9.000000000000000000e+00
1.880146502089151994e+01,1.000000000000000000e+00,-1.000000000000000000e+01
1.880146502089151994e+01,1.000000000000000000e+00,-9.000000000000000000e+00
1.880146502089151994e+01,1.000000000000000000e+00,-1.000000000000000000e+01
1.880146502089151994e+01,1.000000000000000000e+00,-6.000000000000000000e+00
1.880146502089151994e+01,1.000000000000000000e+00,-6.000000000000000000e+00
1.880146502089151994e+01,1.000000000000000000e+00,-7.000000000000000000e+00
1.880146502089151994e+01,1.000000000000000000e+00,-6.000000000000000000e+00
1.880146502089151994e+01,1.000000000000000000e+00,-7.000000000000000000e+00
1.880146502089151994e+01,1.000000000000000000e+00,-4.000000000000000000e+00
1.880146502089151994e+01,1.000000000000000000e+00,-8.000000000000000000e+00
1.880146502089151994e+01,1.000000000000000000e+00,-1.100000000000000000e+01
1.880146502089151994e+01,1.000000000000000000e+00,-7.000000000000000000e+00
1.880146502089151994e+01,1.000000000000000000e+00,-6.000000000000000000e+00
1.880146502089151994e+01,1.000000000000000000e+00,-7.000000000000000000e+00
1.880146502089151994e+01,1.000000000000000000e+00,-4.000000000000000000e+00
1.880146502089151994e+01,1.000000000000000000e+00,-5.000000000000000000e+00
1.880146502089151994e+01,1.000000000000000000e+00,-4.000000000000000000e+00
1.880146502089151994e+01,1.000000000000000000e+00,-5.000000000000000000e+00
1.880146502089151994e+01,1.000000000000000000e+00,-9.000000000000000000e+00
1.880146502089151994e+01,1.000000000000000000e+00,-6.000000000000000000e+00
1.880146502089151994e+01,1.000000000000000000e+00,-6.000000000000000000e+00
1.880146502089151994e+01,1.000000000000000000e+00,-5.000000000000000000e+00
1.880146502089151994e+01,1.000000000000000000e+00,-6.000000000000000000e+00
1.880146502089151994e+01,1.000000000000000000e+00,-2.000000000000000000e+00
1.880146502089151994e+01,1.000000000000000000e+00,-6.000000000000000000e+00
1.880146502089151994e+01,1.000000000000000000e+00,-8.000000000000000000e+00
1.880146502089151994e+01,1.000000000000000000e+00,-5.000000000000000000e+00
1.880146502089151994e+01,1.000000000000000000e+00,-6.000000000000000000e+00
1.880146502089151994e+01,1.000000000000000000e+00,-8.000000000000000000e+00
1.880146502089151994e+01,1.000000000000000000e+00,-6.000000000000000000e+00
1.880146502089151994e+01,1.000000000000000000e+00,-2.000000000000000000e+00
1.880146502089151994e+01,1.000000000000000000e+00,-4.000000000000000000e+00
1.880146502089151994e+01,1.000000000000000000e+00,-4.000000000000000000e+00
1.880146502089151994e+01,1.000000000000000000e+00,-8.000000000000000000e+00
1.880146502089151994e+01,1.000000000000000000e+00,-5.000000000000000000e+00
1.880146502089151994e+01,1.000000000000000000e+00,-7.000000000000000000e+00
1.880146502089151994e+01,1.000000000000000000e+00,-7.000000000000000000e+00
1.880146502089151994e+01,1.000000000000000000e+00,-7.000000000000000000e+00
1.880146502089151994e+01,1.000000000000000000e+00,-2.000000000000000000e+00
1.880146502089151994e+01,1.000000000000000000e+00,-7.000000000000000000e+00
1.880146502089151994e+01,1.000000000000000000e+00,-5.000000000000000000e+00
1.880146502089151994e+01,1.000000000000000000e+00,-5.000000000000000000e+00
1.880146502089151994e+01,1.000000000000000000e+00,-7.000000000000000000e+00
1.880146502089151994e+01,1.000000000000000000e+00,-2.000000000000000000e+00
1.880146502089151994e+01,1.000000000000000000e+00,-1.000000000000000000e+00
1.880146502089151994e+01,1.000000000000000000e+00,-4.000000000000000000e+00
1.880146502089151994e+01,1.000000000000000000e+00,-4.000000000000000000e+00
1.880146502089151994e+01,1.000000000000000000e+00,-6.000000000000000000e+00
1.880146502089151994e+01,1.000000000000000000e+00,-4.000000000000000000e+00
1.880146502089151994e+01,1.000000000000000000e+00,-5.000000000000000000e+00
1.880146502089151994e+01,1.000000000000000000e+00,-3.000000000000000000e+00
1.880146502089151994e+01,1.000000000000000000e+00,-4.000000000000000000e+00
1.880146502089151994e+01,1.000000000000000000e+00,-3.000000000000000000e+00
1.880146502089151994e+01,1.000000000000000000e+00,-7.000000000000000000e+00
1.880146502089151994e+01,1.000000000000000000e+00,-4.000000000000000000e+00
1.880146502089151994e+01,1.000000000000000000e+00,-3.000000000000000000e+00
1.880146502089151994e+01,1.000000000000000000e+00,-2.000000000000000000e+00
1.880146502089151994e+01,1.000000000000000000e+00,-5.000000000000000000e+00
1.880146502089151994e+01,1.000000000000000000e+00,-3.000000000000000000e+00
1.880146502089151994e+01,1.000000000000000000e+00,-7.000000000000000000e+00
1.880146502089151994e+01,1.000000000000000000e+00,-5.000000000000000000e+00
1.880146502089151994e+01,1.000000000000000000e+00,-3.000000000000000000e+00
1.880146502089151994e+01,1.000000000000000000e+00,-1.000000000000000000e+00
1.880146502089151994e+01,1.000000000000000000e+00,-3.000000000000000000e+00
1.880146502089151994e+01,1.000000000000000000e+00,-5.000000000000000000e+00
1.880146502089151994e+01,1.000000000000000000e+00,-4.000000000000000000e+00
1.880146502089151994e+01,1.000000000000000000e+00,-4.000000000000000000e+00
1.880146502089151994e+01,1.000000000000000000e+00,-4.000000000000000000e+00
1.880146502089151994e+01,1.000000000000000000e+00,-6.000000000000000000e+00
1.880146502089151994e+01,1.000000000000000000e+00,0.000000000000000000e+00
1.880146502089151994e+01,1.000000000000000000e+00,-8.000000000000000000e+00
1.880146502089151994e+01,1.000000000000000000e+00,-4.000000000000000000e+00
1.880146502089151994e+01,1.000000000000000000e+00,-3.000000000000000000e+00
1.880146502089151994e+01,1.000000000000000000e+00,-4.000000000000000000e+00
1.880146502089151994e+01,1.000000000000000000e+00,-5.000000000000000000e+00
1.880146502089151994e+01,1.000000000000000000e+00,-3.000000000000000000e+00
1.880146502089151994e+01,1.000000000000000000e+00,-5.000000000000000000e+00
1.880146502089151994e+01,1.000000000000000000e+00,-3.000000000000000000e+00
1.880146502089151994e+01,1.000000000000000000e+00,-5.000000000000000000e+00
1.880146502089151994e+01,1.000000000000000000e+00,-4.000000000000000000e+00
1.880146502089151994e+01,1.000000000000000000e+00,-6.000000000000000000e+00
1.880146502089151994e+01,1.000000000000000000e+00,-2.000000000000000000e+00
1.880146502089151994e+01,1.000000000000000000e+00,-3.000000000000000000e+00
1.880146502089151994e+01,1.000000000000000000e+00,-2.000000000000000000e+00
1.880146502089151994e+01,1.000000000000000000e+00,-2.000000000000000000e+00
1.880146502089151994e+01,1.000000000000000000e+00,-1.000000000000000000e+00
1.880146502089151994e+01,1.000000000000000000e+00,-7.000000000000000000e+00
1.880146502089151994e+01,1.000000000000000000e+00,-1.000000000000000000e+00
1.880146502089151994e+01,1.000000000000000000e+00,-3.000000000000000000e+00
1.880146502089151994e+01,1.000000000000000000e+00,-4.000000000000000000e+00
1.880146502089151994e+01,1.000000000000000000e+00,-4.000000000000000000e+00
1.880146502089151994e+01,1.000000000000000000e+00,-6.000000000000000000e+00
1.880146502089151994e+01,1.000000000000000000e+00,-5.000000000000000000e+00
1.880146502089151994e+01,1.000000000000000000e+00,-7.000000000000000000e+00
1.880146502089151994e+01,1.000000000000000000e+00,-5.000000000000000000e+00
1.880146502089151994e+01,1.000000000000000000e+00,-3.000000000000000000e+00
1.880146502089151994e+01,1.000000000000000000e+00,-5.000000000000000000e+00
1.880146502089151994e+01,1.000000000000000000e+00,-5.000000000000000000e+00
1.880146502089151994e+01,1.000000000000000000e+00,-5.000000000000000000e+00
1.880146502089151994e+01,1.000000000000000000e+00,-1.000000000000000000e+00
1.880146502089151994e+01,1.000000000000000000e+00,0.000000000000000000e+00
1.880146502089151994e+01,1.000000000000000000e+00,-4.000000000000000000e+00
1.880146502089151994e+01,1.000000000000000000e+00,-6.000000000000000000e+00
1.880146502089151994e+01,1.000000000000000000e+00,-5.000000000000000000e+00
1.880146502089151994e+01,1.000000000000000000e+00,-5.000000000000000000e+00
1.880146502089151994e+01,1.000000000000000000e+00,-1.000000000000000000e+00
1.880146502089151994e+01,1.000000000000000000e+00,-5.000000000000000000e+00
1.880146502089151994e+01,1.000000000000000000e+00,-3.000000000000000000e+00
1.880146502089151994e+01,1.000000000000000000e+00,0.000000000000000000e+00
1.880146502089151994e+01,1.000000000000000000e+00,-6.000000000000000000e+00
1.880146502089151994e+01,1.000000000000000000e+00,-4.000000000000000000e+00
1.880146502089151994e+01,1.000000000000000000e+00,0.000000000000000000e+00
1.880146502089151994e+01,1.000000000000000000e+00,-3.000000000000000000e+00
1.880146502089151994e+01,1.000000000000000000e+00,-1.000000000000000000e+00
1.880146502089151994e+01,1.000000000000000000e+00,-3.000000000000000000e+00
1.880146502089151994e+01,1.000000000000000000e+00,-6.000000000000000000e+00
1.880146502089151994e+01,1.000000000000000000e+00,-4.000000000000000000e+00
1.880146502089151994e+01,1.000000000000000000e+00,0.000000000000000000e+00
1.880146502089151994e+01,1.000000000000000000e+00,-3.000000000000000000e+00
1.880146502089151994e+01,1.000000000000000000e+00,-2.000000000000000000e+00
1.880146502089151994e+01,1.000000000000000000e+00,0.000000000000000000e+00
1.880146502089151994e+01,1.000000000000000000e+00,-1.000000000000000000e+00
1.880146502089151994e+01,1.000000000000000000e+00,-2.000000000000000000e+00
1.880146502089151994e+01,1.000000000000000000e+00,0.000000000000000000e+00
1.880146502089151994e+01,1.000000000000000000e+00,-1.000000000000000000e+00
1.880146502089151994e+01,1.000000000000000000e+00,0.000000000000000000e+00
1.880146502089151994e+01,1.000000000000000000e+00,-6.000000000000000000e+00
1.880146502089151994e+01,1.000000000000000000e+00,0.000000000000000000e+00
1.880146502089151994e+01,1.000000000000000000e+00,1.000000000000000000e+00
1.880146502089151994e+01,1.000000000000000000e+00,-1.000000000000000000e+00
1.880146502089151994e+01,1.000000000000000000e+00,-3.000000000000000000e+00
1.880146502089151994e+01,1.000000000000000000e+00,-1.000000000000000000e+00
1.880146502089151994e+01,1.000000000000000000e+00,-2.000000000000000000e+00
1.880146502089151994e+01,1.000000000000000000e+00,-1.000000000000000000e+00
1.880146502089151994e+01,1.000000000000000000e+00,-2.000000000000000000e+00
1.880146502089151994e+01,1.000000000000000000e+00,0.000000000000000000e+00
1.880146502089151994e+01,1.000000000000000000e+00,-2.000000000000000000e+00
1.880146502089151994e+01,1.000000000000000000e+00,0.000000000000000000e+00
1.880146502089151994e+01,1.000000000000000000e+00,1.000000000000000000e+00
1.880146502089151994e+01,1.000000000000000000e+00,-4.000000000000000000e+00
1.880146502089151994e+01,1.000000000000000000e+00,-1.000000000000000000e+00
1.880146502089151994e+01,1.000000000000000000e+00,-2.000000000000000000e+00
1.880146502089151994e+01,1.000000000000000000e+00,-3.000000000000000000e+00
1.880146502089151994e+01,1.000000000000000000e+00,-1.000000000000000000e+00
1.880146502089151994e+01,1.000000000000000000e+00,-5.000000000000000000e+00
1.880146502089151994e+01,1.000000000000000000e+00,-1.000000000000000000e+00
1.880146502089151994e+01,1.000000000000000000e+00,-4.000000000000000000e+00
1.880146502089151994e+01,1.000000000000000000e+00,-1.000000000000000000e+00
1.880146502089151994e+01,1.000000000000000000e+00,-3.000000000000000000e+00
1.880146502089151994e+01,1.000000000000000000e+00,0.000000000000000000e+00
1.880146502089151994e+01,1.000000000000000000e+00,-1.000000000000000000e+00
1.880146502089151994e+01,1.000000000000000000e+00,-3.000000000000000000e+00
1.880146502089151994e+01,1.000000000000000000e+00,0.000000000000000000e+00
1.880146502089151994e+01,1.000000000000000000e+00,0.000000000000000000e+00
1.880146502089151994e+01,1.000000000000000000e+00,-1.000000000000000000e+00
1.880146502089151994e+01,1.000000000000000000e+00,-2.000000000000000000e+00
1.880146502089151994e+01,1.000000000000000000e+00,-3.000000000000000000e+00
1.880146502089151994e+01,1.000000000000000000e+00,-3.000000000000000000e+00
1.880146502089151994e+01,1.000000000000000000e+00,-2.000000000000000000e+00
1.880146502089151994e+01,1.000000000000000000e+00,-3.000000000000000000e+00
1.880146502089151994e+01,1.000000000000000000e+00,-2.000000000000000000e+00
1.880146502089151994e+01,1.000000000000000000e+00,-3.000000000000000000e+00
1.880146502089151994e+01,1.000000000000000000e+00,0.000000000000000000e+00
1.880146502089151994e+01,1.000000000000000000e+00,-2.000000000000000000e+00
1.880146502089151994e+01,1.000000000000000000e+00,0.000000000000000000e+00
1.880146502089151994e+01,1.000000000000000000e+00,-2.000000000000000000e+00
1.880146502089151994e+01,1.000000000000000000e+00,0.000000000000000000e+00
1.880146502089151994e+01,1.000000000000000000e+00,-2.000000000000000000e+00
1.880146502089151994e+01,1.000000000000000000e+00,0.000000000000000000e+00
1.880146502089151994e+01,1.000000000000000000e+00,0.000000000000000000e+00
1.880146502089151994e+01,1.000000000000000000e+00,0.000000000000000000e+00
1.880146502089151994e+01,1.000000000000000000e+00,-1.000000000000000000e+00
1.880146502089151994e+01,1.000000000000000000e+00,0.000000000000000000e+00
1.880146502089151994e+01,1.000000000000000000e+00,1.000000000000000000e+00
1.880146502089151994e+01,1.000000000000000000e+00,-6.000000000000000000e+00
1.880146502089151994e+01,1.000000000000000000e+00,-2.000000000000000000e+00
1.880146502089151994e+01,1.000000000000000000e+00,-2.000000000000000000e+00
1.880146502089151994e+01,1.000000000000000000e+00,0.000000000000000000e+00
1.880146502089151994e+01,1.000000000000000000e+00,0.000000000000000000e+00
1.880146502089151994e+01,1.000000000000000000e+00,0.000000000000000000e+00
1.880146502089151994e+01,1.000000000000000000e+00,-2.000000000000000000e+00
1.880146502089151994e+01,1.000000000000000000e+00,-6.000000000000000000e+00
1.880146502089151994e+01,1.000000000000000000e+00,-2.000000000000000000e+00
1.880146502089151994e+01,1.000000000000000000e+00,-3.000000000000000000e+00
1.880146502089151994e+01,1.000000000000000000e+00,0.000000000000000000e+00
1.880146502089151994e+01,1.000000000000000000e+00,-2.000000000000000000e+00
1.880146502089151994e+01,1.000000000000000000e+00,-1.000000000000000000e+00
1.880146502089151994e+01,1.000000000000000000e+00,3.000000000000000000e+00
1.880146502089151994e+01,1.000000000000000000e+00,-4.000000000000000000e+00
1.880146502089151994e+01,1.000000000000000000e+00,0.000000000000000000e+00
1.880146502089151994e+01,1.000000000000000000e+00,-3.000000000000000000e+00
1.880146502089151994e+01,1.000000000000000000e+00,-4.000000000000000000e+00
1.880146502089151994e+01,1.000000000000000000e+00,0.000000000000000000e+00
1.880146502089151994e+01,1.000000000000000000e+00,-1.000000000000000000e+00
1.880146502089151994e+01,1.000000000000000000e+00,-1.000000000000000000e+00
1.880146502089151994e+01,1.000000000000000000e+00,-1.000000000000000000e+00
1.880146502089151994e+01,1.000000000000000000e+00,-2.000000000000000000e+00
1.880146502089151994e+01,1.000000000000000000e+00,0.000000000000000000e+00
1.880146502089151994e+01,1.000000000000000000e+00,-4.000000000000000000e+00
1.880146502089151994e+01,1.000000000000000000e+00,-1.000000000000000000e+00
1.880146502089151994e+01,1.000000000000000000e+00,-1.000000000000000000e+00
1.880146502089151994e+01,1.000000000000000000e+00,-1.000000000000000000e+00
1.880146502089151994e+01,1.000000000000000000e+00,-1.000000000000000000e+00
1.880146502089151994e+01,1.000000000000000000e+00,1.000000000000000000e+00
1.880146502089151994e+01,1.000000000000000000e+00,-6.000000000000000000e+00
1.880146502089151994e+01,1.000000000000000000e+00,0.000000000000000000e+00
1.880146502089151994e+01,1.000000000000000000e+00,0.000000000000000000e+00
1.880146502089151994e+01,1.000000000000000000e+00,-2.000000000000000000e+00
1.880146502089151994e+01,1.000000000000000000e+00,-1.000000000000000000e+00
1.880146502089151994e+01,1.000000000000000000e+00,0.000000000000000000e+00
1.880146502089151994e+01,1.000000000000000000e+00,0.000000000000000000e+00
1.880146502089151994e+01,1.000000000000000000e+00,-2.000000000000000000e+00
1.880146502089151994e+01,1.000000000000000000e+00,-1.000000000000000000e+00
1.880146502089151994e+01,1.000000000000000000e+00,-3.000000000000000000e+00
1.880146502089151994e+01,1.000000000000000000e+00,-2.000000000000000000e+00
1.880146502089151994e+01,1.000000000000000000e+00,-2.000000000000000000e+00
1.880146502089151994e+01,1.000000000000000000e+00,0.000000000000000000e+00
1.880146502089151994e+01,1.000000000000000000e+00,1.000000000000000000e+00
1.880146502089151994e+01,1.000000000000000000e+00,-1.000000000000000000e+00
1.880146502089151994e+01,1.000000000000000000e+00,-1.000000000000000000e+00
1.880146502089151994e+01,1.000000000000000000e+00,0.000000000000000000e+00
1.880146502089151994e+01,1.000000000000000000e+00,-1.000000000000000000e+00
1.880146502089151994e+01,1.000000000000000000e+00,-2.000000000000000000e+00
1.880146502089151994e+01,1.000000000000000000e+00,-1.000000000000000000e+00
1.880146502089151994e+01,1.000000000000000000e+00,2.000000000000000000e+00
1.880146502089151994e+01,1.000000000000000000e+00,2.000000000000000000e+00
1.880146502089151994e+01,1.000000000000000000e+00,0.000000000000000000e+00
1.880146502089151994e+01,1.000000000000000000e+00,-2.000000000000000000e+00
1.880146502089151994e+01,1.000000000000000000e+00,0.000000000000000000e+00
1.880146502089151994e+01,1.000000000000000000e+00,-1.000000000000000000e+00
1.880146502089151994e+01,1.000000000000000000e+00,0.000000000000000000e+00
1.880146502089151994e+01,1.000000000000000000e+00,-1.000000000000000000e+00
1.880146502089151994e+01,1.000000000000000000e+00,1.000000000000000000e+00
1.880146502089151994e+01,1.000000000000000000e+00,1.000000000000000000e+00
1.880146502089151994e+01,1.000000000000000000e+00,-1.000000000000000000e+00
1.880146502089151994e+01,1.000000000000000000e+00,-2.000000000000000000e+00
1.880146502089151994e+01,1.000000000000000000e+00,-2.000000000000000000e+00
1.880146502089151994e+01,1.000000000000000000e+00,-1.000000000000000000e+00
1.880146502089151994e+01,1.000000000000000000e+00,1.000000000000000000e+00
1.880146502089151994e+01,1.000000000000000000e+00,-1.000000000000000000e+00
1.880146502089151994e+01,1.000000000000000000e+00,-3.000000000000000000e+00
1.880146502089151994e+01,1.000000000000000000e+00,-5.000000000000000000e+00
1.880146502089151994e+01,1.000000000000000000e+00,0.000000000000000000e+00
1.880146502089151994e+01,1.000000000000000000e+00,-1.000000000000000000e+00
1.880146502089151994e+01,1.000000000000000000e+00,0.000000000000000000e+00
1.880146502089151994e+01,1.000000000000000000e+00,-2.000000000000000000e+00
1.880146502089151994e+01,1.000000000000000000e+00,0.000000000000000000e+00
1.880146502089151994e+01,1.000000000000000000e+00,0.000000000000000000e+00
1.880146502089151994e+01,1.000000000000000000e+00,-1.000000000000000000e+00
1.880146502089151994e+01,1.000000000000000000e+00,-1.000000000000000000e+00
1.880146502089151994e+01,1.000000000000000000e+00,-3.000000000000000000e+00
1.880146502089151994e+01,1.000000000000000000e+00,-3.000000000000000000e+00
1.880146502089151994e+01,1.000000000000000000e+00,-2.000000000000000000e+00
1.880146502089151994e+01,1.000000000000000000e+00,0.000000000000000000e+00
1.880146502089151994e+01,1.000000000000000000e+00,1.000000000000000000e+00
1.880146502089151994e+01,1.000000000000000000e+00,1.000000000000000000e+00
1.880146502089151994e+01,1.000000000000000000e+00,0.000000000000000000e+00
1.880146502089151994e+01,1.000000000000000000e+00,0.000000000000000000e+00
1.880146502089151994e+01,1.000000000000000000e+00,-6.000000000000000000e+00
1.880146502089151994e+01,1.000000000000000000e+00,-1.000000000000000000e+00
1.880146502089151994e+01,1.000000000000000000e+00,-1.000000000000000000e+00
1.880146502089151994e+01,1.000000000000000000e+00,0.000000000000000000e+00
1.880146502089151994e+01,1.000000000000000000e+00,-2.000000000000000000e+00
1.880146502089151994e+01,1.000000000000000000e+00,0.000000000000000000e+00
1.880146502089151994e+01,1.000000000000000000e+00,0.000000000000000000e+00
1.880146502089151994e+01,1.000000000000000000e+00,-3.000000000000000000e+00
1.880146502089151994e+01,1.000000000000000000e+00,-1.000000000000000000e+00
1.880146502089151994e+01,1.000000000000000000e+00,0.000000000000000000e+00
1.880146502089151994e+01,1.000000000000000000e+00,-3.000000000000000000e+00
1.880146502089151994e+01,1.000000000000000000e+00,-2.000000000000000000e+00
1.880146502089151994e+01,1.000000000000000000e+00,0.000000000000000000e+00
1.880146502089151994e+01,1.000000000000000000e+00,0.000000000000000000e+00
1.880146502089151994e+01,1.000000000000000000e+00,-7.000000000000000000e+00
1.880146502089151994e+01,1.000000000000000000e+00,0.000000000000000000e+00
1.880146502089151994e+01,1.000000000000000000e+00,0.000000000000000000e+00
1.880146502089151994e+01,1.000000000000000000e+00,-2.000000000000000000e+00
1.880146502089151994e+01,1.000000000000000000e+00,-1.000000000000000000e+00
1.880146502089151994e+01,1.000000000000000000e+00,0.000000000000000000e+00
1.880146502089151994e+01,1.000000000000000000e+00,0.000000000000000000e+00
1.880146502089151994e+01,1.000000000000000000e+00,0.000000000000000000e+00
1.880146502089151994e+01,1.000000000000000000e+00,-3.000000000000000000e+00
1.880146502089151994e+01,1.000000000000000000e+00,-4.000000000000000000e+00
1.880146502089151994e+01,1.000000000000000000e+00,0.000000000000000000e+00
1.880146502089151994e+01,1.000000000000000000e+00,-3.000000000000000000e+00
1.880146502089151994e+01,1.000000000000000000e+00,-1.000000000000000000e+00
1.880146502089151994e+01,1.000000000000000000e+00,0.000000000000000000e+00
1.880146502089151994e+01,1.000000000000000000e+00,-5.000000000000000000e+00
1.880146502089151994e+01,1.000000000000000000e+00,-1.000000000000000000e+00
1.880146502089151994e+01,1.000000000000000000e+00,2.000000000000000000e+00
1.880146502089151994e+01,1.000000000000000000e+00,-2.000000000000000000e+00
1.880146502089151994e+01,1.000000000000000000e+00,0.000000000000000000e+00
1.880146502089151994e+01,1.000000000000000000e+00,-4.000000000000000000e+00
1.880146502089151994e+01,1.000000000000000000e+00,-7.000000000000000000e+00
1.880146502089151994e+01,1.000000000000000000e+00,-3.000000000000000000e+00
1.880146502089151994e+01,1.000000000000000000e+00,-3.000000000000000000e+00
1.880146502089151994e+01,1.000000000000000000e+00,0.000000000000000000e+00
1.880146502089151994e+01,1.000000000000000000e+00,-2.000000000000000000e+00
1.880146502089151994e+01,1.000000000000000000e+00,0.000000000000000000e+00
1.880146502089151994e+01,1.000000000000000000e+00,0.000000000000000000e+00
1.880146502089151994e+01,1.000000000000000000e+00,1.000000000000000000e+00
1.880146502089151994e+01,1.000000000000000000e+00,-2.000000000000000000e+00
1.880146502089151994e+01,1.000000000000000000e+00,0.000000000000000000e+00
1.880146502089151994e+01,1.000000000000000000e+00,-1.000000000000000000e+00
1.880146502089151994e+01,1.000000000000000000e+00,2.000000000000000000e+00
1.880146502089151994e+01,1.000000000000000000e+00,1.000000000000000000e+00
1.880146502089151994e+01,1.000000000000000000e+00,-1.000000000000000000e+00
1.880146502089151994e+01,1.000000000000000000e+00,-3.000000000000000000e+00
1.880146502089151994e+01,1.000000000000000000e+00,-2.000000000000000000e+00
1.880146502089151994e+01,1.000000000000000000e+00,0.000000000000000000e+00
1.880146502089151994e+01,1.000000000000000000e+00,1.000000000000000000e+00
1.880146502089151994e+01,1.000000000000000000e+00,-5.000000000000000000e+00
1.880146502089151994e+01,1.000000000000000000e+00,0.000000000000000000e+00
1.880146502089151994e+01,1.000000000000000000e+00,0.000000000000000000e+00
1.880146502089151994e+01,1.000000000000000000e+00,-2.000000000000000000e+00
1.880146502089151994e+01,1.000000000000000000e+00,-1.000000000000000000e+00
1.880146502089151994e+01,1.000000000000000000e+00,0.000000000000000000e+00
1.880146502089151994e+01,1.000000000000000000e+00,-2.000000000000000000e+00
1.880146502089151994e+01,1.000000000000000000e+00,-2.000000000000000000e+00
1.880146502089151994e+01,1.000000000000000000e+00,-2.000000000000000000e+00
1.880146502089151994e+01,1.000000000000000000e+00,-5.000000000000000000e+00
1.880146502089151994e+01,1.000000000000000000e+00,0.000000000000000000e+00
1.880146502089151994e+01,1.000000000000000000e+00,-1.000000000000000000e+00
1.880146502089151994e+01,1.000000000000000000e+00,2.000000000000000000e+00
1.880146502089151994e+01,1.000000000000000000e+00,3.000000000000000000e+00
1.880146502089151994e+01,1.000000000000000000e+00,0.000000000000000000e+00
1.880146502089151994e+01,1.000000000000000000e+00,-1.000000000000000000e+00
1.880146502089151994e+01,1.000000000000000000e+00,-2.000000000000000000e+00
1.880146502089151994e+01,1.000000000000000000e+00,-2.000000000000000000e+00
1.880146502089151994e+01,1.000000000000000000e+00,0.000000000000000000e+00
1.880146502089151994e+01,1.000000000000000000e+00,0.000000000000000000e+00
1.880146502089151994e+01,1.000000000000000000e+00,-3.000000000000000000e+00
1.880146502089151994e+01,1.000000000000000000e+00,-3.000000000000000000e+00
1.880146502089151994e+01,1.000000000000000000e+00,-5.000000000000000000e+00
1.880146502089151994e+01,1.000000000000000000e+00,-1.000000000000000000e+00
1.880146502089151994e+01,1.000000000000000000e+00,0.000000000000000000e+00
1.880146502089151994e+01,1.000000000000000000e+00,0.000000000000000000e+00
1.880146502089151994e+01,1.000000000000000000e+00,-3.000000000000000000e+00
1.880146502089151994e+01,1.000000000000000000e+00,0.000000000000000000e+00
1.880146502089151994e+01,1.000000000000000000e+00,-2.000000000000000000e+00
1.880146502089151994e+01,1.000000000000000000e+00,-2.000000000000000000e+00
1.880146502089151994e+01,1.000000000000000000e+00,-3.000000000000000000e+00
1.880146502089151994e+01,1.000000000000000000e+00,-2.000000000000000000e+00
1.880146502089151994e+01,1.000000000000000000e+00,-1.000000000000000000e+00
1.880146502089151994e+01,1.000000000000000000e+00,5.000000000000000000e+00
1.880146502089151994e+01,1.000000000000000000e+00,-2.000000000000000000e+00
1.880146502089151994e+01,1.000000000000000000e+00,-2.000000000000000000e+00
1.880146502089151994e+01,1.000000000000000000e+00,-3.000000000000000000e+00
1.880146502089151994e+01,1.000000000000000000e+00,-2.000000000000000000e+00
1.880146502089151994e+01,1.000000000000000000e+00,-1.000000000000000000e+00
1.880146502089151994e+01,1.000000000000000000e+00,1.000000000000000000e+00
1.880146502089151994e+01,1.000000000000000000e+00,0.000000000000000000e+00
1.880146502089151994e+01,1.000000000000000000e+00,-5.000000000000000000e+00
1.880146502089151994e+01,1.000000000000000000e+00,-1.000000000000000000e+00
1.880146502089151994e+01,1.000000000000000000e+00,-2.000000000000000000e+00
1.880146502089151994e+01,1.000000000000000000e+00,0.000000000000000000e+00
1.880146502089151994e+01,1.000000000000000000e+00,-3.000000000000000000e+00
1.880146502089151994e+01,1.000000000000000000e+00,-2.000000000000000000e+00
1.880146502089151994e+01,1.000000000000000000e+00,-1.000000000000000000e+00
1.880146502089151994e+01,1.000000000000000000e+00,0.000000000000000000e+00
1.880146502089151994e+01,1.000000000000000000e+00,0.000000000000000000e+00
1.880146502089151994e+01,1.000000000000000000e+00,-3.000000000000000000e+00
1.880146502089151994e+01,1.000000000000000000e+00,-3.000000000000000000e+00
1.880146502089151994e+01,1.000000000000000000e+00,0.000000000000000000e+00
1.880146502089151994e+01,1.000000000000000000e+00,-3.000000000000000000e+00
1.880146502089151994e+01,1.000000000000000000e+00,0.000000000000000000e+00
1.880146502089151994e+01,1.000000000000000000e+00,-1.000000000000000000e+00
1.880146502089151994e+01,1.000000000000000000e+00,-4.000000000000000000e+00
1.880146502089151994e+01,1.000000000000000000e+00,-2.000000000000000000e+00
1.880146502089151994e+01,1.000000000000000000e+00,-1.000000000000000000e+00
1.880146502089151994e+01,1.000000000000000000e+00,-2.000000000000000000e+00
1.880146502089151994e+01,1.000000000000000000e+00,0.000000000000000000e+00
1.880146502089151994e+01,1.000000000000000000e+00,-8.000000000000000000e+00
1.880146502089151994e+01,1.000000000000000000e+00,-3.000000000000000000e+00
1.880146502089151994e+01,1.000000000000000000e+00,-4.000000000000000000e+00
1.880146502089151994e+01,1.000000000000000000e+00,0.000000000000000000e+00
1.880146502089151994e+01,1.000000000000000000e+00,0.000000000000000000e+00
1.880146502089151994e+01,1.000000000000000000e+00,-6.000000000000000000e+00
1.880146502089151994e+01,1.000000000000000000e+00,-2.000000000000000000e+00
1.880146502089151994e+01,1.000000000000000000e+00,-7.000000000000000000e+00
1.880146502089151994e+01,1.000000000000000000e+00,-6.000000000000000000e+00
1.880146502089151994e+01,1.000000000000000000e+00,-3.000000000000000000e+00
1.880146502089151994e+01,1.000000000000000000e+00,-1.000000000000000000e+00
1.880146502089151994e+01,1.000000000000000000e+00,-1.000000000000000000e+00
1.880146502089151994e+01,1.000000000000000000e+00,0.000000000000000000e+00
1.880146502089151994e+01,1.000000000000000000e+00,-2.000000000000000000e+00
1.880146502089151994e+01,1.000000000000000000e+00,0.000000000000000000e+00
1.880146502089151994e+01,1.000000000000000000e+00,-7.000000000000000000e+00
1.880146502089151994e+01,1.000000000000000000e+00,-2.000000000000000000e+00
1.880146502089151994e+01,1.000000000000000000e+00,-3.000000000000000000e+00
1.880146502089151994e+01,1.000000000000000000e+00,-2.000000000000000000e+00
1.880146502089151994e+01,1.000000000000000000e+00,-2.000000000000000000e+00
1.880146502089151994e+01,1.000000000000000000e+00,0.000000000000000000e+00
1.880146502089151994e+01,1.000000000000000000e+00,-4.000000000000000000e+00
1.880146502089151994e+01,1.000000000000000000e+00,-6.000000000000000000e+00
1.880146502089151994e+01,1.000000000000000000e+00,-2.000000000000000000e+00
1.880146502089151994e+01,1.000000000000000000e+00,0.000000000000000000e+00
1.880146502089151994e+01,1.000000000000000000e+00,-3.000000000000000000e+00
1.880146502089151994e+01,1.000000000000000000e+00,-3.000000000000000000e+00
1.880146502089151994e+01,1.000000000000000000e+00,-3.000000000000000000e+00
1.880146502089151994e+01,1.000000000000000000e+00,0.000000000000000000e+00
1.880146502089151994e+01,1.000000000000000000e+00,-1.000000000000000000e+00
1.880146502089151994e+01,1.000000000000000000e+00,-1.000000000000000000e+00
1.880146502089151994e+01,1.000000000000000000e+00,-5.000000000000000000e+00
1.880146502089151994e+01,1.000000000000000000e+00,-3.000000000000000000e+00
1.880146502089151994e+01,1.000000000000000000e+00,-4.000000000000000000e+00
1.880146502089151994e+01,1.000000000000000000e+00,-2.000000000000000000e+00
1.880146502089151994e+01,1.000000000000000000e+00,-5.000000000000000000e+00
1.880146502089151994e+01,1.000000000000000000e+00,-5.000000000000000000e+00
1.880146502089151994e+01,1.000000000000000000e+00,-4.000000000000000000e+00
1.880146502089151994e+01,1.000000000000000000e+00,-6.000000000000000000e+00
1.880146502089151994e+01,1.000000000000000000e+00,-3.000000000000000000e+00
1.880146502089151994e+01,1.000000000000000000e+00,0.000000000000000000e+00
1.880146502089151994e+01,1.000000000000000000e+00,-5.000000000000000000e+00
1.880146502089151994e+01,1.000000000000000000e+00,-3.000000000000000000e+00
1.880146502089151994e+01,1.000000000000000000e+00,-9.000000000000000000e+00
1.880146502089151994e+01,1.000000000000000000e+00,-5.000000000000000000e+00
1.880146502089151994e+01,1.000000000000000000e+00,-4.000000000000000000e+00
1.880146502089151994e+01,1.000000000000000000e+00,-3.000000000000000000e+00
1.880146502089151994e+01,1.000000000000000000e+00,-4.000000000000000000e+00
1.880146502089151994e+01,1.000000000000000000e+00,-8.000000000000000000e+00
1.880146502089151994e+01,1.000000000000000000e+00,-4.000000000000000000e+00
1.880146502089151994e+01,1.000000000000000000e+00,-5.000000000000000000e+00
1.880146502089151994e+01,1.000000000000000000e+00,-6.000000000000000000e+00
1.880146502089151994e+01,1.000000000000000000e+00,-3.000000000000000000e+00
1.880146502089151994e+01,1.000000000000000000e+00,-3.000000000000000000e+00
1.880146502089151994e+01,1.000000000000000000e+00,-2.000000000000000000e+00
1.880146502089151994e+01,1.000000000000000000e+00,-2.000000000000000000e+00
1.880146502089151994e+01,1.000000000000000000e+00,-8.000000000000000000e+00
1.880146502089151994e+01,1.000000000000000000e+00,-4.000000000000000000e+00
1.880146502089151994e+01,1.000000000000000000e+00,0.000000000000000000e+00
1.880146502089151994e+01,1.000000000000000000e+00,-5.000000000000000000e+00
1.880146502089151994e+01,1.000000000000000000e+00,-7.000000000000000000e+00
1.880146502089151994e+01,1.000000000000000000e+00,-8.000000000000000000e+00
1.880146502089151994e+01,1.000000000000000000e+00,-5.000000000000000000e+00
1.880146502089151994e+01,1.000000000000000000e+00,-5.000000000000000000e+00
1.880146502089151994e+01,1.000000000000000000e+00,-5.000000000000000000e+00
1.880146502089151994e+01,1.000000000000000000e+00,-5.000000000000000000e+00
1.880146502089151994e+01,1.000000000000000000e+00,-8.000000000000000000e+00
1.880146502089151994e+01,1.000000000000000000e+00,-6.000000000000000000e+00
1.880146502089151994e+01,1.000000000000000000e+00,-4.000000000000000000e+00
1.880146502089151994e+01,1.000000000000000000e+00,-6.000000000000000000e+00
1.880146502089151994e+01,1.000000000000000000e+00,-6.000000000000000000e+00
1.880146502089151994e+01,1.000000000000000000e+00,-5.000000000000000000e+00
1.880146502089151994e+01,1.000000000000000000e+00,-4.000000000000000000e+00
1.880146502089151994e+01,1.000000000000000000e+00,-5.000000000000000000e+00
1.880146502089151994e+01,1.000000000000000000e+00,-8.000000000000000000e+00
1.880146502089151994e+01,1.000000000000000000e+00,-4.000000000000000000e+00
1.880146502089151994e+01,1.000000000000000000e+00,-5.000000000000000000e+00
1.880146502089151994e+01,1.000000000000000000e+00,-5.000000000000000000e+00
1.880146502089151994e+01,1.000000000000000000e+00,-4.000000000000000000e+00
1.880146502089151994e+01,1.000000000000000000e+00,-3.000000000000000000e+00
1.880146502089151994e+01,1.000000000000000000e+00,-7.000000000000000000e+00
1.880146502089151994e+01,1.000000000000000000e+00,-6.000000000000000000e+00
1.880146502089151994e+01,1.000000000000000000e+00,-5.000000000000000000e+00
1.880146502089151994e+01,1.000000000000000000e+00,-1.000000000000000000e+01
1.880146502089151994e+01,1.000000000000000000e+00,-3.000000000000000000e+00
1.880146502089151994e+01,1.000000000000000000e+00,-4.000000000000000000e+00
1.880146502089151994e+01,1.000000000000000000e+00,-5.000000000000000000e+00
1.880146502089151994e+01,1.000000000000000000e+00,-3.000000000000000000e+00
1.880146502089151994e+01,1.000000000000000000e+00,-5.000000000000000000e+00
1.880146502089151994e+01,1.000000000000000000e+00,-8.000000000000000000e+00
1.880146502089151994e+01,1.000000000000000000e+00,-4.000000000000000000e+00
1.880146502089151994e+01,1.000000000000000000e+00,-3.000000000000000000e+00
1.880146502089151994e+01,1.000000000000000000e+00,-5.000000000000000000e+00
1.880146502089151994e+01,1.000000000000000000e+00,-5.000000000000000000e+00
1.880146502089151994e+01,1.000000000000000000e+00,-7.000000000000000000e+00
1.880146502089151994e+01,1.000000000000000000e+00,-5.000000000000000000e+00
1.880146502089151994e+01,1.000000000000000000e+00,-2.000000000000000000e+00
1.880146502089151994e+01,1.000000000000000000e+00,-6.000000000000000000e+00
1.880146502089151994e+01,1.000000000000000000e+00,-4.000000000000000000e+00
1.880146502089151994e+01,1.000000000000000000e+00,-6.000000000000000000e+00
1.880146502089151994e+01,1.000000000000000000e+00,-4.000000000000000000e+00
1.880146502089151994e+01,1.000000000000000000e+00,-5.000000000000000000e+00
1.880146502089151994e+01,1.000000000000000000e+00,-6.000000000000000000e+00
1.880146502089151994e+01,1.000000000000000000e+00,-7.000000000000000000e+00
1.880146502089151994e+01,1.000000000000000000e+00,-5.000000000000000000e+00
1.880146502089151994e+01,1.000000000000000000e+00,-1.100000000000000000e+01
1.880146502089151994e+01,1.000000000000000000e+00,0.000000000000000000e+00
1.880146502089151994e+01,1.000000000000000000e+00,-6.000000000000000000e+00
1.880146502089151994e+01,1.000000000000000000e+00,-7.000000000000000000e+00
1.880146502089151994e+01,1.000000000000000000e+00,-7.000000000000000000e+00
1.880146502089151994e+01,1.000000000000000000e+00,-6.000000000000000000e+00
1.880146502089151994e+01,1.000000000000000000e+00,-5.000000000000000000e+00
1.880146502089151994e+01,1.000000000000000000e+00,-7.000000000000000000e+00
1.880146502089151994e+01,1.000000000000000000e+00,-9.000000000000000000e+00
1.880146502089151994e+01,1.000000000000000000e+00,-8.000000000000000000e+00
1.880146502089151994e+01,1.000000000000000000e+00,-6.000000000000000000e+00
1.880146502089151994e+01,1.000000000000000000e+00,-6.000000000000000000e+00
1.880146502089151994e+01,1.000000000000000000e+00,-4.000000000000000000e+00
1.880146502089151994e+01,1.000000000000000000e+00,-7.000000000000000000e+00
1.880146502089151994e+01,1.000000000000000000e+00,-1.000000000000000000e+01
1.880146502089151994e+01,1.000000000000000000e+00,-7.000000000000000000e+00
1.880146502089151994e+01,1.000000000000000000e+00,-7.000000000000000000e+00
1.880146502089151994e+01,1.000000000000000000e+00,-5.000000000000000000e+00
1.880146502089151994e+01,1.000000000000000000e+00,-9.000000000000000000e+00
1.880146502089151994e+01,1.000000000000000000e+00,-7.000000000000000000e+00
1.880146502089151994e+01,1.000000000000000000e+00,-8.000000000000000000e+00
1.880146502089151994e+01,1.000000000000000000e+00,-7.000000000000000000e+00
1.880146502089151994e+01,1.000000000000000000e+00,-3.000000000000000000e+00
1.880146502089151994e+01,1.000000000000000000e+00,-7.000000000000000000e+00
1.880146502089151994e+01,1.000000000000000000e+00,-7.000000000000000000e+00
1.880146502089151994e+01,1.000000000000000000e+00,-6.000000000000000000e+00
1.880146502089151994e+01,1.000000000000000000e+00,-8.000000000000000000e+00
1.880146502089151994e+01,1.000000000000000000e+00,-1.100000000000000000e+01
1.880146502089151994e+01,1.000000000000000000e+00,-8.000000000000000000e+00
1.880146502089151994e+01,1.000000000000000000e+00,-7.000000000000000000e+00
1.880146502089151994e+01,1.000000000000000000e+00,-9.000000000000000000e+00
1.880146502089151994e+01,1.000000000000000000e+00,-1.100000000000000000e+01
1.880146502089151994e+01,1.000000000000000000e+00,-9.000000000000000000e+00
1.880146502089151994e+01,1.000000000000000000e+00,-7.000000000000000000e+00
1.880146502089151994e+01,1.000000000000000000e+00,-9.000000000000000000e+00
1.880146502089151994e+01,1.000000000000000000e+00,-1.100000000000000000e+01
1.880146502089151994e+01,1.000000000000000000e+00,-9.000000000000000000e+00
1.880146502089151994e+01,1.000000000000000000e+00,-1.100000000000000000e+01
1.880146502089151994e+01,1.000000000000000000e+00,-9.000000000000000000e+00
1.880146502089151994e+01,1.000000000000000000e+00,-7.000000000000000000e+00
1.880146502089151994e+01,1.000000000000000000e+00,-6.000000000000000000e+00
1.880146502089151994e+01,1.000000000000000000e+00,-7.000000000000000000e+00
1.880146502089151994e+01,1.000000000000000000e+00,-9.000000000000000000e+00
1.880146502089151994e+01,1.000000000000000000e+00,-1.000000000000000000e+01
1.880146502089151994e+01,1.000000000000000000e+00,-1.000000000000000000e+01
1.880146502089151994e+01,1.000000000000000000e+00,-1.200000000000000000e+01
1.880146502089151994e+01,1.000000000000000000e+00,-1.100000000000000000e+01
1.880146502089151994e+01,1.000000000000000000e+00,-1.000000000000000000e+01
1.880146502089151994e+01,1.000000000000000000e+00,-1.000000000000000000e+01
1.880146502089151994e+01,1.000000000000000000e+00,-9.000000000000000000e+00
1.880146502089151994e+01,1.000000000000000000e+00,-7.000000000000000000e+00
1.880146502089151994e+01,1.000000000000000000e+00,-8.000000000000000000e+00
1.880146502089151994e+01,1.000000000000000000e+00,-1.000000000000000000e+01
1.880146502089151994e+01,1.000000000000000000e+00,-7.000000000000000000e+00
1.880146502089151994e+01,1.000000000000000000e+00,-1.100000000000000000e+01
1.880146502089151994e+01,1.000000000000000000e+00,-8.000000000000000000e+00
1.880146502089151994e+01,1.000000000000000000e+00,-1.400000000000000000e+01
1.880146502089151994e+01,1.000000000000000000e+00,-9.000000000000000000e+00
1.880146502089151994e+01,1.000000000000000000e+00,-9.000000000000000000e+00
1.880146502089151994e+01,1.000000000000000000e+00,-8.000000000000000000e+00
1.880146502089151994e+01,1.000000000000000000e+00,-1.100000000000000000e+01
1.880146502089151994e+01,1.000000000000000000e+00,-1.100000000000000000e+01
1.880146502089151994e+01,1.000000000000000000e+00,-1.200000000000000000e+01
1.880146502089151994e+01,1.000000000000000000e+00,-9.000000000000000000e+00
1.880146502089151994e+01,1.000000000000000000e+00,-1.000000000000000000e+01
1.880146502089151994e+01,1.000000000000000000e+00,-9.000000000000000000e+00
1.880146502089151994e+01,1.000000000000000000e+00,-1.200000000000000000e+01
1.880146502089151994e+01,1.000000000000000000e+00,-8.000000000000000000e+00
1.880146502089151994e+01,1.000000000000000000e+00,-7.000000000000000000e+00
1.880146502089151994e+01,1.000000000000000000e+00,-8.000000000000000000e+00
1.880146502089151994e+01,1.000000000000000000e+00,-1.100000000000000000e+01
1.880146502089151994e+01,1.000000000000000000e+00,-1.200000000000000000e+01
1.880146502089151994e+01,1.000000000000000000e+00,-8.000000000000000000e+00
1.880146502089151994e+01,1.000000000000000000e+00,-1.000000000000000000e+01
1.880146502089151994e+01,1.000000000000000000e+00,-1.000000000000000000e+01
1.880146502089151994e+01,1.000000000000000000e+00,-1.000000000000000000e+01
1.880146502089151994e+01,1.000000000000000000e+00,-1.400000000000000000e+01
1.880146502089151994e+01,1.000000000000000000e+00,-1.100000000000000000e+01
1.880146502089151994e+01,1.000000000000000000e+00,-1.000000000000000000e+01
1.880146502089151994e+01,1.000000000000000000e+00,-1.100000000000000000e+01
1.880146502089151994e+01,1.000000000000000000e+00,-1.200000000000000000e+01
1.880146502089151994e+01,1.000000000000000000e+00,-6.000000000000000000e+00
1.880146502089151994e+01,1.000000000000000000e+00,-1.100000000000000000e+01
1.880146502089151994e+01,1.000000000000000000e+00,-1.600000000000000000e+01
1.880146502089151994e+01,1.000000000000000000e+00,-1.300000000000000000e+01
1.880146502089151994e+01,1.000000000000000000e+00,-9.000000000000000000e+00
1.880146502089151994e+01,1.000000000000000000e+00,-1.600000000000000000e+01
1.880146502089151994e+01,1.000000000000000000e+00,-1.100000000000000000e+01
1.880146502089151994e+01,1.000000000000000000e+00,-8.000000000000000000e+00
1.880146502089151994e+01,1.000000000000000000e+00,-1.300000000000000000e+01
1.880146502089151994e+01,1.000000000000000000e+00,-1.500000000000000000e+01
1.880146502089151994e+01,1.000000000000000000e+00,-1.300000000000000000e+01
1.880146502089151994e+01,1.000000000000000000e+00,-1.000000000000000000e+01
1.880146502089151994e+01,1.000000000000000000e+00,-1.000000000000000000e+01
1.880146502089151994e+01,1.000000000000000000e+00,-1.000000000000000000e+01
1.880146502089151994e+01,1.000000000000000000e+00,-1.300000000000000000e+01
1.880146502089151994e+01,1.000000000000000000e+00,-1.300000000000000000e+01
1.880146502089151994e+01,1.000000000000000000e+00,-1.300000000000000000e+01
1.880146502089151994e+01,1.000000000000000000e+00,-1.100000000000000000e+01
1.880146502089151994e+01,1.000000000000000000e+00,-1.300000000000000000e+01
1.880146502089151994e+01,1.000000000000000000e+00,-1.000000000000000000e+01
1.880146502089151994e+01,1.000000000000000000e+00,-1.000000000000000000e+01
1.880146502089151994e+01,1.000000000000000000e+00,-1.000000000000000000e+01
1.880146502089151994e+01,1.000000000000000000e+00,-1.100000000000000000e+01
1.880146502089151994e+01,1.000000000000000000e+00,-1.200000000000000000e+01
1.880146502089151994e+01,1.000000000000000000e+00,-1.100000000000000000e+01
1.880146502089151994e+01,1.000000000000000000e+00,-1.100000000000000000e+01
1.880146502089151994e+01,1.000000000000000000e+00,-1.200000000000000000e+01
1.880146502089151994e+01,1.000000000000000000e+00,-1.100000000000000000e+01
1.880146502089151994e+01,1.000000000000000000e+00,-1.300000000000000000e+01
1.880146502089151994e+01,1.000000000000000000e+00,-1.200000000000000000e+01
1.880146502089151994e+01,1.000000000000000000e+00,-1.300000000000000000e+01
1.880146502089151994e+01,1.000000000000000000e+00,-1.200000000000000000e+01
1.880146502089151994e+01,1.000000000000000000e+00,-1.300000000000000000e+01
1.880146502089151994e+01,1.000000000000000000e+00,-1.000000000000000000e+01
1.880146502089151994e+01,1.000000000000000000e+00,-1.000000000000000000e+01
1.880146502089151994e+01,1.000000000000000000e+00,-1.600000000000000000e+01
1.880146502089151994e+01,1.000000000000000000e+00,-1.000000000000000000e+01
1.880146502089151994e+01,1.000000000000000000e+00,-1.600000000000000000e+01
1.880146502089151994e+01,1.000000000000000000e+00,-1.500000000000000000e+01
1.880146502089151994e+01,1.000000000000000000e+00,-1.500000000000000000e+01
1.880146502089151994e+01,1.000000000000000000e+00,-1.200000000000000000e+01
1.880146502089151994e+01,1.000000000000000000e+00,-1.300000000000000000e+01
1.880146502089151994e+01,1.000000000000000000e+00,-1.200000000000000000e+01
1.880146502089151994e+01,1.000000000000000000e+00,-1.700000000000000000e+01
1.880146502089151994e+01,1.000000000000000000e+00,-1.700000000000000000e+01
1.880146502089151994e+01,1.000000000000000000e+00,-1.100000000000000000e+01
1.880146502089151994e+01,1.000000000000000000e+00,-1.100000000000000000e+01
1.880146502089151994e+01,1.000000000000000000e+00,-1.300000000000000000e+01
1.880146502089151994e+01,1.000000000000000000e+00,-1.200000000000000000e+01
1.880146502089151994e+01,1.000000000000000000e+00,-1.300000000000000000e+01
1.880146502089151994e+01,1.000000000000000000e+00,-1.200000000000000000e+01
1.880146502089151994e+01,1.000000000000000000e+00,-1.700000000000000000e+01
1.880146502089151994e+01,1.000000000000000000e+00,-1.400000000000000000e+01
1.880146502089151994e+01,1.000000000000000000e+00,-1.700000000000000000e+01
1.880146502089151994e+01,1.000000000000000000e+00,-1.100000000000000000e+01
1.880146502089151994e+01,1.000000000000000000e+00,-1.500000000000000000e+01
1.880146502089151994e+01,1.000000000000000000e+00,-1.900000000000000000e+01
1.880146502089151994e+01,1.000000000000000000e+00,-1.100000000000000000e+01
1.880146502089151994e+01,1.000000000000000000e+00,-1.300000000000000000e+01
1.880146502089151994e+01,1.000000000000000000e+00,-1.400000000000000000e+01
1.880146502089151994e+01,1.000000000000000000e+00,-1.400000000000000000e+01
1.880146502089151994e+01,1.000000000000000000e+00,-1.400000000000000000e+01
1.880146502089151994e+01,1.000000000000000000e+00,-1.500000000000000000e+01
1.880146502089151994e+01,1.000000000000000000e+00,-1.500000000000000000e+01
1.880146502089151994e+01,1.000000000000000000e+00,-1.300000000000000000e+01
1.880146502089151994e+01,1.000000000000000000e+00,-1.500000000000000000e+01
1.880146502089151994e+01,1.000000000000000000e+00,-1.700000000000000000e+01
1.880146502089151994e+01,1.000000000000000000e+00,-1.400000000000000000e+01
1.880146502089151994e+01,1.000000000000000000e+00,-1.700000000000000000e+01
1.880146502089151994e+01,1.000000000000000000e+00,-1.500000000000000000e+01
1.880146502089151994e+01,1.000000000000000000e+00,-1.300000000000000000e+01
1.880146502089151994e+01,1.000000000000000000e+00,-1.200000000000000000e+01
1.880146502089151994e+01,1.000000000000000000e+00,-1.500000000000000000e+01
1.880146502089151994e+01,1.000000000000000000e+00,-1.500000000000000000e+01
1.880146502089151994e+01,1.000000000000000000e+00,-1.800000000000000000e+01
1.880146502089151994e+01,1.000000000000000000e+00,-1.700000000000000000e+01
1.880146502089151994e+01,1.000000000000000000e+00,-1.400000000000000000e+01
1.880146502089151994e+01,1.000000000000000000e+00,-1.700000000000000000e+01
1.880146502089151994e+01,1.000000000000000000e+00,-1.400000000000000000e+01
1.880146502089151994e+01,1.000000000000000000e+00,-1.400000000000000000e+01
1.880146502089151994e+01,1.000000000000000000e+00,-1.700000000000000000e+01
1.880146502089151994e+01,1.000000000000000000e+00,-2.000000000000000000e+01
1.880146502089151994e+01,1.000000000000000000e+00,-1.500000000000000000e+01
1.880146502089151994e+01,1.000000000000000000e+00,-1.700000000000000000e+01
1.880146502089151994e+01,1.000000000000000000e+00,-1.900000000000000000e+01
1.880146502089151994e+01,1.000000000000000000e+00,-1.600000000000000000e+01
1.880146502089151994e+01,1.000000000000000000e+00,-1.900000000000000000e+01
1.880146502089151994e+01,1.000000000000000000e+00,-1.700000000000000000e+01
1.880146502089151994e+01,1.000000000000000000e+00,-1.500000000000000000e+01
1.880146502089151994e+01,1.000000000000000000e+00,-1.600000000000000000e+01
1.880146502089151994e+01,1.000000000000000000e+00,-1.400000000000000000e+01
1.880146502089151994e+01,1.000000000000000000e+00,-1.600000000000000000e+01
1.880146502089151994e+01,1.000000000000000000e+00,-2.000000000000000000e+01
1.880146502089151994e+01,1.000000000000000000e+00,-1.900000000000000000e+01
1.880146502089151994e+01,1.000000000000000000e+00,-1.400000000000000000e+01
1.880146502089151994e+01,1.000000000000000000e+00,-2.100000000000000000e+01
1.880146502089151994e+01,1.000000000000000000e+00,-1.700000000000000000e+01
1.880146502089151994e+01,1.000000000000000000e+00,-1.800000000000000000e+01
1.880146502089151994e+01,1.000000000000000000e+00,-2.000000000000000000e+01
1.880146502089151994e+01,1.000000000000000000e+00,-2.000000000000000000e+01
1.880146502089151994e+01,1.000000000000000000e+00,-1.900000000000000000e+01
1.880146502089151994e+01,1.000000000000000000e+00,-2.000000000000000000e+01
1.880146502089151994e+01,1.000000000000000000e+00,-1.700000000000000000e+01
1.880146502089151994e+01,1.000000000000000000e+00,-1.300000000000000000e+01
1.880146502089151994e+01,1.000000000000000000e+00,-1.800000000000000000e+01
1.880146502089151994e+01,1.000000000000000000e+00,-1.700000000000000000e+01
1.880146502089151994e+01,1.000000000000000000e+00,-1.600000000000000000e+01
1.880146502089151994e+01,1.000000000000000000e+00,-1.700000000000000000e+01
1.880146502089151994e+01,1.000000000000000000e+00,-1.600000000000000000e+01
1.880146502089151994e+01,1.000000000000000000e+00,-2.100000000000000000e+01
1.880146502089151994e+01,1.000000000000000000e+00,-2.000000000000000000e+01
1.880146502089151994e+01,1.000000000000000000e+00,-2.100000000000000000e+01
1.880146502089151994e+01,1.000000000000000000e+00,-1.800000000000000000e+01
1.880146502089151994e+01,1.000000000000000000e+00,-1.500000000000000000e+01
1.880146502089151994e+01,1.000000000000000000e+00,-2.100000000000000000e+01
1.880146502089151994e+01,1.000000000000000000e+00,-2.000000000000000000e+01
1.880146502089151994e+01,1.000000000000000000e+00,-2.200000000000000000e+01
1.880146502089151994e+01,1.000000000000000000e+00,-2.000000000000000000e+01
1.880146502089151994e+01,1.000000000000000000e+00,-2.200000000000000000e+01
1.880146502089151994e+01,1.000000000000000000e+00,-1.700000000000000000e+01
1.880146502089151994e+01,1.000000000000000000e+00,-2.200000000000000000e+01
1.880146502089151994e+01,1.000000000000000000e+00,-2.300000000000000000e+01
1.880146502089151994e+01,1.000000000000000000e+00,-1.900000000000000000e+01
1.880146502089151994e+01,1.000000000000000000e+00,-1.900000000000000000e+01
1.880146502089151994e+01,1.000000000000000000e+00,-2.000000000000000000e+01
1.880146502089151994e+01,1.000000000000000000e+00,-2.000000000000000000e+01
1.880146502089151994e+01,1.000000000000000000e+00,-2.000000000000000000e+01
1.880146502089151994e+01,1.000000000000000000e+00,-2.000000000000000000e+01
1.880146502089151994e+01,1.000000000000000000e+00,-2.000000000000000000e+01
1.880146502089151994e+01,1.000000000000000000e+00,-1.800000000000000000e+01
1.880146502089151994e+01,1.000000000000000000e+00,-2.000000000000000000e+01
1.880146502089151994e+01,1.000000000000000000e+00,-2.100000000000000000e+01
1.880146502089151994e+01,1.000000000000000000e+00,-2.300000000000000000e+01
1.880146502089151994e+01,1.000000000000000000e+00,-1.900000000000000000e+01
1.880146502089151994e+01,1.000000000000000000e+00,-2.200000000000000000e+01
1.880146502089151994e+01,1.000000000000000000e+00,-2.200000000000000000e+01
1.880146502089151994e+01,1.000000000000000000e+00,-2.000000000000000000e+01
1.880146502089151994e+01,1.000000000000000000e+00,-2.000000000000000000e+01
1.880146502089151994e+01,1.000000000000000000e+00,-2.100000000000000000e+01
1.880146502089151994e+01,1.000000000000000000e+00,-2.100000000000000000e+01
1.880146502089151994e+01,1.000000000000000000e+00,-1.900000000000000000e+01
1.880146502089151994e+01,1.000000000000000000e+00,-2.100000000000000000e+01
1.880146502089151994e+01,1.000000000000000000e+00,-2.400000000000000000e+01
1.880146502089151994e+01,1.000000000000000000e+00,-2.200000000000000000e+01
1.880146502089151994e+01,1.000000000000000000e+00,-2.300000000000000000e+01
1.880146502089151994e+01,1.000000000000000000e+00,-2.100000000000000000e+01
1.880146502089151994e+01,1.000000000000000000e+00,-2.100000000000000000e+01
1.880146502089151994e+01,1.000000000000000000e+00,-2.300000000000000000e+01
1.880146502089151994e+01,1.000000000000000000e+00,-2.200000000000000000e+01
1.880146502089151994e+01,1.000000000000000000e+00,-1.900000000000000000e+01
1.880146502089151994e+01,1.000000000000000000e+00,-2.200000000000000000e+01
1.880146502089151994e+01,1.000000000000000000e+00,-2.300000000000000000e+01
1.880146502089151994e+01,1.000000000000000000e+00,-2.300000000000000000e+01
1.880146502089151994e+01,1.000000000000000000e+00,-2.100000000000000000e+01
1.880146502089151994e+01,1.000000000000000000e+00,-2.200000000000000000e+01
1.880146502089151994e+01,1.000000000000000000e+00,-2.300000000000000000e+01
1.880146502089151994e+01,1.000000000000000000e+00,-2.300000000000000000e+01
1.880146502089151994e+01,1.000000000000000000e+00,-2.100000000000000000e+01
1.880146502089151994e+01,1.000000000000000000e+00,-2.400000000000000000e+01
1.880146502089151994e+01,1.000000000000000000e+00,-2.500000000000000000e+01
1.880146502089151994e+01,1.000000000000000000e+00,-2.500000000000000000e+01
1.880146502089151994e+01,1.000000000000000000e+00,-2.300000000000000000e+01
1.880146502089151994e+01,1.000000000000000000e+00,-2.000000000000000000e+01
1.880146502089151994e+01,1.000000000000000000e+00,-2.400000000000000000e+01
1.880146502089151994e+01,1.000000000000000000e+00,-1.900000000000000000e+01
1.880146502089151994e+01,1.000000000000000000e+00,-2.000000000000000000e+01
1.880146502089151994e+01,1.000000000000000000e+00,-2.500000000000000000e+01
1.880146502089151994e+01,1.000000000000000000e+00,-2.300000000000000000e+01
1.880146502089151994e+01,1.000000000000000000e+00,-2.300000000000000000e+01
1.880146502089151994e+01,1.000000000000000000e+00,-2.300000000000000000e+01
1.880146502089151994e+01,1.000000000000000000e+00,-2.500000000000000000e+01
1.880146502089151994e+01,1.000000000000000000e+00,-2.400000000000000000e+01
1.880146502089151994e+01,1.000000000000000000e+00,-2.100000000000000000e+01
1.880146502089151994e+01,1.000000000000000000e+00,-2.400000000000000000e+01
1.880146502089151994e+01,1.000000000000000000e+00,-1.900000000000000000e+01
1.880146502089151994e+01,1.000000000000000000e+00,-2.500000000000000000e+01
1.880146502089151994e+01,1.000000000000000000e+00,-2.200000000000000000e+01
1.880146502089151994e+01,1.000000000000000000e+00,-2.200000000000000000e+01
1.880146502089151994e+01,1.000000000000000000e+00,-2.300000000000000000e+01
1.880146502089151994e+01,1.000000000000000000e+00,-2.400000000000000000e+01
1.880146502089151994e+01,1.000000000000000000e+00,-2.400000000000000000e+01
1.880146502089151994e+01,1.000000000000000000e+00,-2.300000000000000000e+01
1.880146502089151994e+01,1.000000000000000000e+00,-2.400000000000000000e+01
1.880146502089151994e+01,1.000000000000000000e+00,-2.500000000000000000e+01
1.880146502089151994e+01,1.000000000000000000e+00,-2.400000000000000000e+01
1.880146502089151994e+01,1.000000000000000000e+00,-2.500000000000000000e+01
1.880146502089151994e+01,1.000000000000000000e+00,-2.100000000000000000e+01
1.880146502089151994e+01,1.000000000000000000e+00,-2.500000000000000000e+01
1.880146502089151994e+01,1.000000000000000000e+00,-2.600000000000000000e+01
1.880146502089151994e+01,1.000000000000000000e+00,-2.300000000000000000e+01
1.880146502089151994e+01,1.000000000000000000e+00,-2.500000000000000000e+01
1.880146502089151994e+01,1.000000000000000000e+00,-2.700000000000000000e+01
1.880146502089151994e+01,1.000000000000000000e+00,-2.300000000000000000e+01
1.880146502089151994e+01,1.000000000000000000e+00,-2.600000000000000000e+01
1.880146502089151994e+01,1.000000000000000000e+00,-2.600000000000000000e+01
1.880146502089151994e+01,1.000000000000000000e+00,-2.500000000000000000e+01
1.880146502089151994e+01,1.000000000000000000e+00,-2.300000000000000000e+01
1.880146502089151994e+01,1.000000000000000000e+00,-2.300000000000000000e+01
1.880146502089151994e+01,1.000000000000000000e+00,-2.400000000000000000e+01
1.880146502089151994e+01,1.000000000000000000e+00,-2.600000000000000000e+01
1.880146502089151994e+01,1.000000000000000000e+00,-2.500000000000000000e+01
1.880146502089151994e+01,1.000000000000000000e+00,-2.800000000000000000e+01
1.880146502089151994e+01,1.000000000000000000e+00,-2.900000000000000000e+01
1.880146502089151994e+01,1.000000000000000000e+00,-2.600000000000000000e+01
1.880146502089151994e+01,1.000000000000000000e+00,-2.600000000000000000e+01
1.880146502089151994e+01,1.000000000000000000e+00,-2.600000000000000000e+01
1.880146502089151994e+01,1.000000000000000000e+00,-2.600000000000000000e+01
1.880146502089151994e+01,1.000000000000000000e+00,-2.600000000000000000e+01
1.880146502089151994e+01,1.000000000000000000e+00,-2.900000000000000000e+01
1.880146502089151994e+01,1.000000000000000000e+00,-2.700000000000000000e+01
1.880146502089151994e+01,1.000000000000000000e+00,-2.700000000000000000e+01
1.880146502089151994e+01,1.000000000000000000e+00,-2.700000000000000000e+01
1.880146502089151994e+01,1.000000000000000000e+00,-3.100000000000000000e+01
1.880146502089151994e+01,1.000000000000000000e+00,-2.600000000000000000e+01
1.880146502089151994e+01,1.000000000000000000e+00,-2.400000000000000000e+01
1.880146502089151994e+01,1.000000000000000000e+00,-2.500000000000000000e+01
1.880146502089151994e+01,1.000000000000000000e+00,-2.900000000000000000e+01
1.880146502089151994e+01,1.000000000000000000e+00,-2.500000000000000000e+01
1.880146502089151994e+01,1.000000000000000000e+00,-2.500000000000000000e+01
1.880146502089151994e+01,1.000000000000000000e+00,-2.900000000000000000e+01
1.880146502089151994e+01,1.000000000000000000e+00,-2.700000000000000000e+01
1.880146502089151994e+01,1.000000000000000000e+00,-2.500000000000000000e+01
1.880146502089151994e+01,1.000000000000000000e+00,-2.700000000000000000e+01
1.880146502089151994e+01,1.000000000000000000e+00,-3.000000000000000000e+01
1.880146502089151994e+01,1.000000000000000000e+00,-2.900000000000000000e+01
1.880146502089151994e+01,1.000000000000000000e+00,-2.800000000000000000e+01
1.880146502089151994e+01,1.000000000000000000e+00,-2.900000000000000000e+01
1.880146502089151994e+01,1.000000000000000000e+00,-2.700000000000000000e+01
1.880146502089151994e+01,1.000000000000000000e+00,-2.600000000000000000e+01
1.880146502089151994e+01,1.000000000000000000e+00,-2.700000000000000000e+01
1.880146502089151994e+01,1.000000000000000000e+00,-2.700000000000000000e+01
1.880146502089151994e+01,1.000000000000000000e+00,-2.900000000000000000e+01
1.880146502089151994e+01,1.000000000000000000e+00,-3.000000000000000000e+01
1.880146502089151994e+01,1.000000000000000000e+00,-2.600000000000000000e+01
1.880146502089151994e+01,1.000000000000000000e+00,-3.000000000000000000e+01
1.880146502089151994e+01,1.000000000000000000e+00,-2.800000000000000000e+01
1.880146502089151994e+01,1.000000000000000000e+00,-2.700000000000000000e+01
1.880146502089151994e+01,1.000000000000000000e+00,-2.900000000000000000e+01
1.880146502089151994e+01,1.000000000000000000e+00,-3.200000000000000000e+01
1.880146502089151994e+01,1.000000000000000000e+00,-2.800000000000000000e+01
1.880146502089151994e+01,1.000000000000000000e+00,-2.900000000000000000e+01
1.880146502089151994e+01,1.000000000000000000e+00,-3.100000000000000000e+01
1.880146502089151994e+01,1.000000000000000000e+00,-3.100000000000000000e+01
1.880146502089151994e+01,1.000000000000000000e+00,-3.000000000000000000e+01
1.880146502089151994e+01,1.000000000000000000e+00,-2.900000000000000000e+01
1.880146502089151994e+01,1.000000000000000000e+00,-3.200000000000000000e+01
1.880146502089151994e+01,1.000000000000000000e+00,-3.300000000000000000e+01
1.880146502089151994e+01,1.000000000000000000e+00,-3.200000000000000000e+01
1.880146502089151994e+01,1.000000000000000000e+00,-3.100000000000000000e+01
1.880146502089151994e+01,1.000000000000000000e+00,-3.000000000000000000e+01
1.880146502089151994e+01,1.000000000000000000e+00,-2.900000000000000000e+01
1.880146502089151994e+01,1.000000000000000000e+00,-3.200000000000000000e+01
1.880146502089151994e+01,1.000000000000000000e+00,-3.100000000000000000e+01
1.880146502089151994e+01,1.000000000000000000e+00,-3.100000000000000000e+01
1.880146502089151994e+01,1.000000000000000000e+00,-3.200000000000000000e+01
1.880146502089151994e+01,1.000000000000000000e+00,-3.100000000000000000e+01
1.880146502089151994e+01,1.000000000000000000e+00,-2.900000000000000000e+01
1.880146502089151994e+01,1.000000000000000000e+00,-3.200000000000000000e+01
1.880146502089151994e+01,1.000000000000000000e+00,-3.100000000000000000e+01
1.880146502089151994e+01,1.000000000000000000e+00,-3.200000000000000000e+01
1.880146502089151994e+01,1.000000000000000000e+00,-3.100000000000000000e+01
1.880146502089151994e+01,1.000000000000000000e+00,-3.200000000000000000e+01
1.880146502089151994e+01,1.000000000000000000e+00,-2.600000000000000000e+01
1.880146502089151994e+01,1.000000000000000000e+00,-3.300000000000000000e+01
1.880146502089151994e+01,1.000000000000000000e+00,-3.300000000000000000e+01
1.880146502089151994e+01,1.000000000000000000e+00,-3.000000000000000000e+01
1.880146502089151994e+01,1.000000000000000000e+00,-3.400000000000000000e+01
1.880146502089151994e+01,1.000000000000000000e+00,-3.400000000000000000e+01
1.880146502089151994e+01,1.000000000000000000e+00,-2.800000000000000000e+01
1.880146502089151994e+01,1.000000000000000000e+00,-3.400000000000000000e+01
1.880146502089151994e+01,1.000000000000000000e+00,-3.200000000000000000e+01
1.880146502089151994e+01,1.000000000000000000e+00,-3.100000000000000000e+01
1.880146502089151994e+01,1.000000000000000000e+00,-3.200000000000000000e+01
1.880146502089151994e+01,1.000000000000000000e+00,-3.300000000000000000e+01
1.880146502089151994e+01,1.000000000000000000e+00,-3.000000000000000000e+01
1.880146502089151994e+01,1.000000000000000000e+00,-3.200000000000000000e+01
1.880146502089151994e+01,1.000000000000000000e+00,-3.000000000000000000e+01
1.880146502089151994e+01,1.000000000000000000e+00,-3.100000000000000000e+01
1.880146502089151994e+01,1.000000000000000000e+00,-2.900000000000000000e+01
1.880146502089151994e+01,1.000000000000000000e+00,-3.200000000000000000e+01
1.880146502089151994e+01,1.000000000000000000e+00,-3.000000000000000000e+01
1.880146502089151994e+01,1.000000000000000000e+00,-3.100000000000000000e+01
1.880146502089151994e+01,1.000000000000000000e+00,-3.300000000000000000e+01
1.880146502089151994e+01,1.000000000000000000e+00,-3.200000000000000000e+01
1.880146502089151994e+01,1.000000000000000000e+00,-3.500000000000000000e+01
1.880146502089151994e+01,1.000000000000000000e+00,-3.500000000000000000e+01
1.880146502089151994e+01,1.000000000000000000e+00,-3.400000000000000000e+01
1.880146502089151994e+01,1.000000000000000000e+00,-3.100000000000000000e+01
1.880146502089151994e+01,1.000000000000000000e+00,-3.000000000000000000e+01
1.880146502089151994e+01,1.000000000000000000e+00,-3.300000000000000000e+01
1.880146502089151994e+01,1.000000000000000000e+00,-3.600000000000000000e+01
1.880146502089151994e+01,1.000000000000000000e+00,-3.300000000000000000e+01
1.880146502089151994e+01,1.000000000000000000e+00,-3.500000000000000000e+01
1.880146502089151994e+01,1.000000000000000000e+00,-3.600000000000000000e+01
1.880146502089151994e+01,1.000000000000000000e+00,-3.200000000000000000e+01
1.880146502089151994e+01,1.000000000000000000e+00,-3.500000000000000000e+01
1.880146502089151994e+01,1.000000000000000000e+00,-3.000000000000000000e+01
1.880146502089151994e+01,1.000000000000000000e+00,-3.300000000000000000e+01
1.880146502089151994e+01,1.000000000000000000e+00,-3.500000000000000000e+01
1.880146502089151994e+01,1.000000000000000000e+00,-3.300000000000000000e+01
1.880146502089151994e+01,1.000000000000000000e+00,-3.400000000000000000e+01
1.880146502089151994e+01,1.000000000000000000e+00,-3.500000000000000000e+01
1.880146502089151994e+01,1.000000000000000000e+00,-3.300000000000000000e+01
1.880146502089151994e+01,1.000000000000000000e+00,-3.300000000000000000e+01
1.880146502089151994e+01,1.000000000000000000e+00,-3.300000000000000000e+01
1.880146502089151994e+01,1.000000000000000000e+00,-3.400000000000000000e+01
1.880146502089151994e+01,1.000000000000000000e+00,-3.500000000000000000e+01
1.880146502089151994e+01,1.000000000000000000e+00,-3.100000000000000000e+01
1.880146502089151994e+01,1.000000000000000000e+00,-3.500000000000000000e+01
1.880146502089151994e+01,1.000000000000000000e+00,-3.200000000000000000e+01
1.880146502089151994e+01,1.000000000000000000e+00,-3.200000000000000000e+01
1.880146502089151994e+01,1.000000000000000000e+00,-3.500000000000000000e+01
1.880146502089151994e+01,1.000000000000000000e+00,-3.500000000000000000e+01
1.880146502089151994e+01,1.000000000000000000e+00,-3.300000000000000000e+01
1.880146502089151994e+01,1.000000000000000000e+00,-3.000000000000000000e+01
1.880146502089151994e+01,1.000000000000000000e+00,-3.400000000000000000e+01
1.880146502089151994e+01,1.000000000000000000e+00,-3.400000000000000000e+01
1.880146502089151994e+01,1.000000000000000000e+00,-3.500000000000000000e+01
1.880146502089151994e+01,1.000000000000000000e+00,-3.600000000000000000e+01
1.880146502089151994e+01,1.000000000000000000e+00,-3.300000000000000000e+01
1.880146502089151994e+01,1.000000000000000000e+00,-3.300000000000000000e+01
1.880146502089151994e+01,1.000000000000000000e+00,-3.700000000000000000e+01
1.880146502089151994e+01,1.000000000000000000e+00,-3.400000000000000000e+01
1.880146502089151994e+01,1.000000000000000000e+00,-3.400000000000000000e+01
1.880146502089151994e+01,1.000000000000000000e+00,-3.400000000000000000e+01
1.880146502089151994e+01,1.000000000000000000e+00,-3.600000000000000000e+01
1.880146502089151994e+01,1.000000000000000000e+00,-3.700000000000000000e+01
1.880146502089151994e+01,1.000000000000000000e+00,-3.700000000000000000e+01
1.880146502089151994e+01,1.000000000000000000e+00,-3.500000000000000000e+01
1.880146502089151994e+01,1.000000000000000000e+00,-3.800000000000000000e+01
1.880146502089151994e+01,1.000000000000000000e+00,-3.400000000000000000e+01
1.880146502089151994e+01,1.000000000000000000e+00,-3.900000000000000000e+01
1.880146502089151994e+01,1.000000000000000000e+00,-3.800000000000000000e+01
1.880146502089151994e+01,1.000000000000000000e+00,-3.600000000000000000e+01
1.880146502089151994e+01,1.000000000000000000e+00,-3.500000000000000000e+01
1.880146502089151994e+01,1.000000000000000000e+00,-3.800000000000000000e+01
1.880146502089151994e+01,1.000000000000000000e+00,-3.400000000000000000e+01
1.880146502089151994e+01,1.000000000000000000e+00,-3.700000000000000000e+01
1.880146502089151994e+01,1.000000000000000000e+00,-3.700000000000000000e+01
1.880146502089151994e+01,1.000000000000000000e+00,-3.600000000000000000e+01
1.880146502089151994e+01,1.000000000000000000e+00,-3.700000000000000000e+01
1.880146502089151994e+01,1.000000000000000000e+00,-3.600000000000000000e+01
1.880146502089151994e+01,1.000000000000000000e+00,-3.500000000000000000e+01
1.880146502089151994e+01,1.000000000000000000e+00,-3.600000000000000000e+01
1.880146502089151994e+01,1.000000000000000000e+00,-3.700000000000000000e+01
1.880146502089151994e+01,1.000000000000000000e+00,-3.600000000000000000e+01
1.880146502089151994e+01,1.000000000000000000e+00,-3.400000000000000000e+01
1.880146502089151994e+01,1.000000000000000000e+00,-3.300000000000000000e+01
1.880146502089151994e+01,1.000000000000000000e+00,-3.700000000000000000e+01
1.880146502089151994e+01,1.000000000000000000e+00,-3.800000000000000000e+01
1.880146502089151994e+01,1.000000000000000000e+00,-3.900000000000000000e+01
1.880146502089151994e+01,1.000000000000000000e+00,-3.900000000000000000e+01
1.880146502089151994e+01,1.000000000000000000e+00,-3.700000000000000000e+01
1.880146502089151994e+01,1.000000000000000000e+00,-3.800000000000000000e+01
1.880146502089151994e+01,1.000000000000000000e+00,-4.000000000000000000e+01
1.880146502089151994e+01,1.000000000000000000e+00,-4.000000000000000000e+01
1.880146502089151994e+01,1.000000000000000000e+00,-3.500000000000000000e+01
1.880146502089151994e+01,1.000000000000000000e+00,-3.500000000000000000e+01
1.880146502089151994e+01,1.000000000000000000e+00,-4.000000000000000000e+01
1.880146502089151994e+01,1.000000000000000000e+00,-3.800000000000000000e+01
1.880146502089151994e+01,1.000000000000000000e+00,-3.900000000000000000e+01
1.880146502089151994e+01,1.000000000000000000e+00,-3.800000000000000000e+01
1.880146502089151994e+01,1.000000000000000000e+00,-3.800000000000000000e+01
1.880146502089151994e+01,1.000000000000000000e+00,-3.900000000000000000e+01
1.880146502089151994e+01,1.000000000000000000e+00,-4.100000000000000000e+01
1.880146502089151994e+01,1.000000000000000000e+00,-3.900000000000000000e+01
1.880146502089151994e+01,1.000000000000000000e+00,-4.400000000000000000e+01
1.880146502089151994e+01,1.000000000000000000e+00,-4.200000000000000000e+01
1.880146502089151994e+01,1.000000000000000000e+00,-4.100000000000000000e+01
1.880146502089151994e+01,1.000000000000000000e+00,-3.800000000000000000e+01
1.880146502089151994e+01,1.000000000000000000e+00,-3.600000000000000000e+01
1.880146502089151994e+01,1.000000000000000000e+00,-3.800000000000000000e+01
1.880146502089151994e+01,1.000000000000000000e+00,-4.100000000000000000e+01
1.880146502089151994e+01,1.000000000000000000e+00,-4.000000000000000000e+01
1.880146502089151994e+01,1.000000000000000000e+00,-4.200000000000000000e+01
1.880146502089151994e+01,1.000000000000000000e+00,-3.900000000000000000e+01
1.880146502089151994e+01,1.000000000000000000e+00,-3.800000000000000000e+01
1.880146502089151994e+01,1.000000000000000000e+00,-4.200000000000000000e+01
1.880146502089151994e+01,1.000000000000000000e+00,-4.100000000000000000e+01
1.880146502089151994e+01,1.000000000000000000e+00,-3.900000000000000000e+01
1.880146502089151994e+01,1.000000000000000000e+00,-4.300000000000000000e+01
1.880146502089151994e+01,1.000000000000000000e+00,-3.900000000000000000e+01
1.880146502089151994e+01,1.000000000000000000e+00,-4.000000000000000000e+01
1.880146502089151994e+01,1.000000000000000000e+00,-4.100000000000000000e+01
1.880146502089151994e+01,1.000000000000000000e+00,-3.900000000000000000e+01
1.880146502089151994e+01,1.000000000000000000e+00,-4.000000000000000000e+01
1.880146502089151994e+01,1.000000000000000000e+00,-4.100000000000000000e+01
1.880146502089151994e+01,1.000000000000000000e+00,-3.900000000000000000e+01
1.880146502089151994e+01,1.000000000000000000e+00,-4.500000000000000000e+01
1.880146502089151994e+01,1.000000000000000000e+00,-4.000000000000000000e+01
1.880146502089151994e+01,1.000000000000000000e+00,-4.000000000000000000e+01
1.880146502089151994e+01,1.000000000000000000e+00,-4.800000000000000000e+01
1.880146502089151994e+01,1.000000000000000000e+00,-3.900000000000000000e+01
1.880146502089151994e+01,1.000000000000000000e+00,-4.600000000000000000e+01
1.880146502089151994e+01,1.000000000000000000e+00,-4.200000000000000000e+01
1.880146502089151994e+01,1.000000000000000000e+00,-4.300000000000000000e+01
1.880146502089151994e+01,1.000000000000000000e+00,-4.100000000000000000e+01
1.880146502089151994e+01,1.000000000000000000e+00,-4.500000000000000000e+01
1.880146502089151994e+01,1.000000000000000000e+00,-4.300000000000000000e+01
1.880146502089151994e+01,1.000000000000000000e+00,-4.200000000000000000e+01
1.880146502089151994e+01,1.000000000000000000e+00,-4.000000000000000000e+01
1.880146502089151994e+01,1.000000000000000000e+00,-4.600000000000000000e+01
1.880146502089151994e+01,1.000000000000000000e+00,-4.200000000000000000e+01
1.880146502089151994e+01,1.000000000000000000e+00,-4.400000000000000000e+01
1.880146502089151994e+01,1.000000000000000000e+00,-4.200000000000000000e+01
1.880146502089151994e+01,1.000000000000000000e+00,-4.400000000000000000e+01
1.880146502089151994e+01,1.000000000000000000e+00,-4.600000000000000000e+01
1.880146502089151994e+01,1.000000000000000000e+00,-4.100000000000000000e+01
1.880146502089151994e+01,1.000000000000000000e+00,-4.100000000000000000e+01
1.880146502089151994e+01,1.000000000000000000e+00,-4.300000000000000000e+01
1.880146502089151994e+01,1.000000000000000000e+00,-4.400000000000000000e+01
1.880146502089151994e+01,1.000000000000000000e+00,-4.400000000000000000e+01
1.880146502089151994e+01,1.000000000000000000e+00,-4.200000000000000000e+01
1.880146502089151994e+01,1.000000000000000000e+00,-4.100000000000000000e+01
1.880146502089151994e+01,1.000000000000000000e+00,-4.400000000000000000e+01
1.880146502089151994e+01,1.000000000000000000e+00,-4.400000000000000000e+01
1.880146502089151994e+01,1.000000000000000000e+00,-4.000000000000000000e+01
1.880146502089151994e+01,1.000000000000000000e+00,-4.200000000000000000e+01
1.880146502089151994e+01,1.000000000000000000e+00,-4.100000000000000000e+01
1.880146502089151994e+01,1.000000000000000000e+00,-4.100000000000000000e+01
1.880146502089151994e+01,1.000000000000000000e+00,-4.400000000000000000e+01
1.880146502089151994e+01,1.000000000000000000e+00,-4.400000000000000000e+01
1.880146502089151994e+01,1.000000000000000000e+00,-4.200000000000000000e+01
1.880146502089151994e+01,1.000000000000000000e+00,-4.200000000000000000e+01
1.880146502089151994e+01,1.000000000000000000e+00,-4.200000000000000000e+01
1.880146502089151994e+01,1.000000000000000000e+00,-4.000000000000000000e+01
1.880146502089151994e+01,1.000000000000000000e+00,-4.500000000000000000e+01
1.880146502089151994e+01,1.000000000000000000e+00,-4.400000000000000000e+01
1.880146502089151994e+01,1.000000000000000000e+00,-4.400000000000000000e+01
1.880146502089151994e+01,1.000000000000000000e+00,-4.200000000000000000e+01
1.880146502089151994e+01,1.000000000000000000e+00,-4.500000000000000000e+01
1.880146502089151994e+01,1.000000000000000000e+00,-4.300000000000000000e+01
1.880146502089151994e+01,1.000000000000000000e+00,-4.000000000000000000e+01
1.880146502089151994e+01,1.000000000000000000e+00,-4.600000000000000000e+01
1.880146502089151994e+01,1.000000000000000000e+00,-4.700000000000000000e+01
1.880146502089151994e+01,1.000000000000000000e+00,-4.500000000000000000e+01
1.880146502089151994e+01,1.000000000000000000e+00,-4.400000000000000000e+01
1.880146502089151994e+01,1.000000000000000000e+00,-4.400000000000000000e+01
1.880146502089151994e+01,1.000000000000000000e+00,-4.800000000000000000e+01
1.880146502089151994e+01,1.000000000000000000e+00,-4.700000000000000000e+01
1.880146502089151994e+01,1.000000000000000000e+00,-4.500000000000000000e+01
1.880146502089151994e+01,1.000000000000000000e+00,-4.600000000000000000e+01
1.880146502089151994e+01,1.000000000000000000e+00,-4.400000000000000000e+01
1.880146502089151994e+01,1.000000000000000000e+00,-4.600000000000000000e+01
1.880146502089151994e+01,1.000000000000000000e+00,-4.700000000000000000e+01
1.880146502089151994e+01,1.000000000000000000e+00,-4.500000000000000000e+01
1.880146502089151994e+01,1.000000000000000000e+00,-4.700000000000000000e+01
1.880146502089151994e+01,1.000000000000000000e+00,-4.600000000000000000e+01
1.880146502089151994e+01,1.000000000000000000e+00,-4.700000000000000000e+01
1.880146502089151994e+01,1.000000000000000000e+00,-4.600000000000000000e+01
1.880146502089151994e+01,1.000000000000000000e+00,-4.700000000000000000e+01
1.880146502089151994e+01,1.000000000000000000e+00,-4.300000000000000000e+01
1.880146502089151994e+01,1.000000000000000000e+00,-4.500000000000000000e+01
1.880146502089151994e+01,1.000000000000000000e+00,-4.200000000000000000e+01
1.880146502089151994e+01,1.000000000000000000e+00,-4.800000000000000000e+01
1.880146502089151994e+01,1.000000000000000000e+00,-4.400000000000000000e+01
1.880146502089151994e+01,1.000000000000000000e+00,-4.300000000000000000e+01
1.880146502089151994e+01,1.000000000000000000e+00,-4.500000000000000000e+01
1.880146502089151994e+01,1.000000000000000000e+00,-4.700000000000000000e+01
1.880146502089151994e+01,1.000000000000000000e+00,-4.600000000000000000e+01
1.880146502089151994e+01,1.000000000000000000e+00,-5.000000000000000000e+01
1.880146502089151994e+01,1.000000000000000000e+00,-5.000000000000000000e+01
1.880146502089151994e+01,1.000000000000000000e+00,-4.700000000000000000e+01
1.880146502089151994e+01,1.000000000000000000e+00,-4.500000000000000000e+01
1.880146502089151994e+01,1.000000000000000000e+00,-4.900000000000000000e+01
1.880146502089151994e+01,1.000000000000000000e+00,-4.400000000000000000e+01
1.880146502089151994e+01,1.000000000000000000e+00,-5.000000000000000000e+01
1.880146502089151994e+01,1.000000000000000000e+00,-4.600000000000000000e+01
1.880146502089151994e+01,1.000000000000000000e+00,-4.600000000000000000e+01
1.880146502089151994e+01,1.000000000000000000e+00,-5.000000000000000000e+01
1.880146502089151994e+01,1.000000000000000000e+00,-4.600000000000000000e+01
1.880146502089151994e+01,1.000000000000000000e+00,-4.300000000000000000e+01
1.880146502089151994e+01,1.000000000000000000e+00,-4.800000000000000000e+01
1.880146502089151994e+01,1.000000000000000000e+00,-4.800000000000000000e+01
1.880146502089151994e+01,1.000000000000000000e+00,-5.000000000000000000e+01
1.880146502089151994e+01,1.000000000000000000e+00,-4.700000000000000000e+01
1.880146502089151994e+01,1.000000000000000000e+00,-5.100000000000000000e+01
1.880146502089151994e+01,1.000000000000000000e+00,-4.500000000000000000e+01
1.880146502089151994e+01,1.000000000000000000e+00,-4.800000000000000000e+01
1.880146502089151994e+01,1.000000000000000000e+00,-4.900000000000000000e+01
1.880146502089151994e+01,1.000000000000000000e+00,-4.400000000000000000e+01
1.880146502089151994e+01,1.000000000000000000e+00,-4.700000000000000000e+01
1.880146502089151994e+01,1.000000000000000000e+00,-4.500000000000000000e+01
1.880146502089151994e+01,1.000000000000000000e+00,-4.600000000000000000e+01
1.880146502089151994e+01,1.000000000000000000e+00,-4.700000000000000000e+01
1.880146502089151994e+01,1.000000000000000000e+00,-4.600000000000000000e+01
1.880146502089151994e+01,1.000000000000000000e+00,-4.800000000000000000e+01
1.880146502089151994e+01,1.000000000000000000e+00,-5.100000000000000000e+01
1.880146502089151994e+01,1.000000000000000000e+00,-5.000000000000000000e+01
1.880146502089151994e+01,1.000000000000000000e+00,-5.000000000000000000e+01
1.880146502089151994e+01,1.000000000000000000e+00,-4.700000000000000000e+01
1.880146502089151994e+01,1.000000000000000000e+00,-4.800000000000000000e+01
1.880146502089151994e+01,1.000000000000000000e+00,-5.000000000000000000e+01
1.880146502089151994e+01,1.000000000000000000e+00,-4.600000000000000000e+01
1.880146502089151994e+01,1.000000000000000000e+00,-4.800000000000000000e+01
1.880146502089151994e+01,1.000000000000000000e+00,-4.900000000000000000e+01
1.880146502089151994e+01,1.000000000000000000e+00,-4.800000000000000000e+01
1.880146502089151994e+01,1.000000000000000000e+00,-4.900000000000000000e+01
1.880146502089151994e+01,1.000000000000000000e+00,-4.800000000000000000e+01
1.880146502089151994e+01,1.000000000000000000e+00,-4.600000000000000000e+01
1.880146502089151994e+01,1.000000000000000000e+00,-4.900000000000000000e+01
1.880146502089151994e+01,1.000000000000000000e+00,-4.600000000000000000e+01
1.880146502089151994e+01,1.000000000000000000e+00,-4.600000000000000000e+01
1.880146502089151994e+01,1.000000000000000000e+00,-5.300000000000000000e+01
1.880146502089151994e+01,1.000000000000000000e+00,-4.600000000000000000e+01
1.880146502089151994e+01,1.000000000000000000e+00,-5.200000000000000000e+01
1.880146502089151994e+01,1.000000000000000000e+00,-4.500000000000000000e+01
1.880146502089151994e+01,1.000000000000000000e+00,-4.600000000000000000e+01
1.880146502089151994e+01,1.000000000000000000e+00,-4.700000000000000000e+01
1.880146502089151994e+01,1.000000000000000000e+00,-5.000000000000000000e+01
1.880146502089151994e+01,1.000000000000000000e+00,-5.200000000000000000e+01
1.880146502089151994e+01,1.000000000000000000e+00,-4.600000000000000000e+01
1.880146502089151994e+01,1.000000000000000000e+00,-4.900000000000000000e+01
1.880146502089151994e+01,1.000000000000000000e+00,-4.900000000000000000e+01
1.880146502089151994e+01,1.000000000000000000e+00,-5.400000000000000000e+01
1.880146502089151994e+01,1.000000000000000000e+00,-4.900000000000000000e+01
1.880146502089151994e+01,1.000000000000000000e+00,-5.000000000000000000e+01
1.880146502089151994e+01,1.000000000000000000e+00,-4.800000000000000000e+01
1.880146502089151994e+01,1.000000000000000000e+00,-4.800000000000000000e+01
1.880146502089151994e+01,1.000000000000000000e+00,-5.000000000000000000e+01
1.880146502089151994e+01,1.000000000000000000e+00,-4.800000000000000000e+01
1.880146502089151994e+01,1.000000000000000000e+00,-5.300000000000000000e+01
1.880146502089151994e+01,1.000000000000000000e+00,-4.800000000000000000e+01
1.880146502089151994e+01,1.000000000000000000e+00,-5.200000000000000000e+01
1.880146502089151994e+01,1.000000000000000000e+00,-5.400000000000000000e+01
1.880146502089151994e+01,1.000000000000000000e+00,-4.800000000000000000e+01
1.880146502089151994e+01,1.000000000000000000e+00,-5.100000000000000000e+01
1.880146502089151994e+01,1.000000000000000000e+00,-5.000000000000000000e+01
1.880146502089151994e+01,1.000000000000000000e+00,-5.000000000000000000e+01
1.880146502089151994e+01,1.000000000000000000e+00,-5.000000000000000000e+01
1.880146502089151994e+01,1.000000000000000000e+00,-4.900000000000000000e+01
1.880146502089151994e+01,1.000000000000000000e+00,-5.000000000000000000e+01
1.880146502089151994e+01,1.000000000000000000e+00,-5.000000000000000000e+01
1.880146502089151994e+01,1.000000000000000000e+00,-5.200000000000000000e+01
1.880146502089151994e+01,1.000000000000000000e+00,-5.400000000000000000e+01
1.880146502089151994e+01,1.000000000000000000e+00,-4.900000000000000000e+01
1.880146502089151994e+01,1.000000000000000000e+00,-5.500000000000000000e+01
1.880146502089151994e+01,1.000000000000000000e+00,-5.000000000000000000e+01
1.880146502089151994e+01,1.000000000000000000e+00,-5.100000000000000000e+01
1.880146502089151994e+01,1.000000000000000000e+00,-4.900000000000000000e+01
1.880146502089151994e+01,1.000000000000000000e+00,-4.700000000000000000e+01
1.880146502089151994e+01,1.000000000000000000e+00,-5.400000000000000000e+01
1.880146502089151994e+01,1.000000000000000000e+00,-5.000000000000000000e+01
1.880146502089151994e+01,1.000000000000000000e+00,-5.300000000000000000e+01
1.880146502089151994e+01,1.000000000000000000e+00,-5.200000000000000000e+01
1.880146502089151994e+01,1.000000000000000000e+00,-5.100000000000000000e+01
1.880146502089151994e+01,1.000000000000000000e+00,-4.900000000000000000e+01
1.880146502089151994e+01,1.000000000000000000e+00,-5.100000000000000000e+01
1.880146502089151994e+01,1.000000000000000000e+00,-5.100000000000000000e+01
1.880146502089151994e+01,1.000000000000000000e+00,-5.200000000000000000e+01
1.880146502089151994e+01,1.000000000000000000e+00,-5.300000000000000000e+01
1.880146502089151994e+01,1.000000000000000000e+00,-5.100000000000000000e+01
1.880146502089151994e+01,1.000000000000000000e+00,-5.400000000000000000e+01
1.880146502089151994e+01,1.000000000000000000e+00,-5.200000000000000000e+01
1.880146502089151994e+01,1.000000000000000000e+00,-5.000000000000000000e+01
1.880146502089151994e+01,1.000000000000000000e+00,-5.200000000000000000e+01
1.880146502089151994e+01,1.000000000000000000e+00,-5.600000000000000000e+01
1.880146502089151994e+01,1.000000000000000000e+00,-5.200000000000000000e+01
1.880146502089151994e+01,1.000000000000000000e+00,-5.300000000000000000e+01
1.880146502089151994e+01,1.000000000000000000e+00,-5.400000000000000000e+01
1.880146502089151994e+01,1.000000000000000000e+00,-5.000000000000000000e+01
1.880146502089151994e+01,1.000000000000000000e+00,-5.300000000000000000e+01
1.880146502089151994e+01,1.000000000000000000e+00,-5.900000000000000000e+01
1.880146502089151994e+01,1.000000000000000000e+00,-5.000000000000000000e+01
1.880146502089151994e+01,1.000000000000000000e+00,-5.300000000000000000e+01
1.880146502089151994e+01,1.000000000000000000e+00,-5.300000000000000000e+01
1.880146502089151994e+01,1.000000000000000000e+00,-5.100000000000000000e+01
1.880146502089151994e+01,1.000000000000000000e+00,-5.300000000000000000e+01
1.880146502089151994e+01,1.000000000000000000e+00,-5.200000000000000000e+01
1.880146502089151994e+01,1.000000000000000000e+00,-5.400000000000000000e+01
1.880146502089151994e+01,1.000000000000000000e+00,-5.600000000000000000e+01
1.880146502089151994e+01,1.000000000000000000e+00,-5.500000000000000000e+01
1.880146502089151994e+01,1.000000000000000000e+00,-5.500000000000000000e+01
1.880146502089151994e+01,1.000000000000000000e+00,-5.500000000000000000e+01
1.880146502089151994e+01,1.000000000000000000e+00,-5.400000000000000000e+01
1.880146502089151994e+01,1.000000000000000000e+00,-5.300000000000000000e+01
1.880146502089151994e+01,1.000000000000000000e+00,-5.400000000000000000e+01
1.880146502089151994e+01,1.000000000000000000e+00,-5.700000000000000000e+01
1.880146502089151994e+01,1.000000000000000000e+00,-5.000000000000000000e+01
1.880146502089151994e+01,1.000000000000000000e+00,-5.300000000000000000e+01
1.880146502089151994e+01,1.000000000000000000e+00,-5.200000000000000000e+01
1.880146502089151994e+01,1.000000000000000000e+00,-5.500000000000000000e+01
1.880146502089151994e+01,1.000000000000000000e+00,-5.800000000000000000e+01
1.880146502089151994e+01,1.000000000000000000e+00,-5.500000000000000000e+01
1.880146502089151994e+01,1.000000000000000000e+00,-5.400000000000000000e+01
1.880146502089151994e+01,1.000000000000000000e+00,-5.500000000000000000e+01
1.880146502089151994e+01,1.000000000000000000e+00,-5.100000000000000000e+01
1.880146502089151994e+01,1.000000000000000000e+00,-5.600000000000000000e+01
1.880146502089151994e+01,1.000000000000000000e+00,-5.000000000000000000e+01
1.880146502089151994e+01,1.000000000000000000e+00,-5.000000000000000000e+01
1.880146502089151994e+01,1.000000000000000000e+00,-5.300000000000000000e+01
1.880146502089151994e+01,1.000000000000000000e+00,-5.600000000000000000e+01
1.880146502089151994e+01,1.000000000000000000e+00,-4.900000000000000000e+01
1.880146502089151994e+01,1.000000000000000000e+00,-5.200000000000000000e+01
1.880146502089151994e+01,1.000000000000000000e+00,-5.300000000000000000e+01
1.880146502089151994e+01,1.000000000000000000e+00,-5.800000000000000000e+01
1.880146502089151994e+01,1.000000000000000000e+00,-5.400000000000000000e+01
1.880146502089151994e+01,1.000000000000000000e+00,-5.600000000000000000e+01
1.880146502089151994e+01,1.000000000000000000e+00,-5.500000000000000000e+01
1.880146502089151994e+01,1.000000000000000000e+00,-5.400000000000000000e+01
1.880146502089151994e+01,1.000000000000000000e+00,-5.700000000000000000e+01
1.880146502089151994e+01,1.000000000000000000e+00,-5.500000000000000000e+01
1.880146502089151994e+01,1.000000000000000000e+00,-5.400000000000000000e+01
1.880146502089151994e+01,1.000000000000000000e+00,-5.500000000000000000e+01
1.880146502089151994e+01,1.000000000000000000e+00,-5.400000000000000000e+01
1.880146502089151994e+01,1.000000000000000000e+00,-5.600000000000000000e+01
1.880146502089151994e+01,1.000000000000000000e+00,-5.900000000000000000e+01
1.880146502089151994e+01,1.000000000000000000e+00,-5.300000000000000000e+01
1.880146502089151994e+01,1.000000000000000000e+00,-5.200000000000000000e+01
1.880146502089151994e+01,1.000000000000000000e+00,-5.300000000000000000e+01
1.880146502089151994e+01,1.000000000000000000e+00,-5.800000000000000000e+01
1.880146502089151994e+01,1.000000000000000000e+00,-5.600000000000000000e+01
1.880146502089151994e+01,1.000000000000000000e+00,-5.700000000000000000e+01
1.880146502089151994e+01,1.000000000000000000e+00,-5.400000000000000000e+01
1.880146502089151994e+01,1.000000000000000000e+00,-5.400000000000000000e+01
1.880146502089151994e+01,1.000000000000000000e+00,-5.600000000000000000e+01
1.880146502089151994e+01,1.000000000000000000e+00,-6.000000000000000000e+01
1.880146502089151994e+01,1.000000000000000000e+00,-5.200000000000000000e+01
1.880146502089151994e+01,1.000000000000000000e+00,-5.700000000000000000e+01
1.880146502089151994e+01,1.000000000000000000e+00,-5.600000000000000000e+01
1.880146502089151994e+01,1.000000000000000000e+00,-5.700000000000000000e+01
1.880146502089151994e+01,1.000000000000000000e+00,-6.000000000000000000e+01
1.880146502089151994e+01,1.000000000000000000e+00,-4.900000000000000000e+01
1.880146502089151994e+01,1.000000000000000000e+00,-5.300000000000000000e+01
1.880146502089151994e+01,1.000000000000000000e+00,-5.500000000000000000e+01
1.880146502089151994e+01,1.000000000000000000e+00,-5.500000000000000000e+01
1.880146502089151994e+01,1.000000000000000000e+00,-5.400000000000000000e+01
1.880146502089151994e+01,1.000000000000000000e+00,-5.600000000000000000e+01
1.880146502089151994e+01,1.000000000000000000e+00,-5.800000000000000000e+01
1.880146502089151994e+01,1.000000000000000000e+00,-5.700000000000000000e+01
1.880146502089151994e+01,1.000000000000000000e+00,-5.400000000000000000e+01
1.880146502089151994e+01,1.000000000000000000e+00,-5.500000000000000000e+01
1.880146502089151994e+01,1.000000000000000000e+00,-5.500000000000000000e+01
1.880146502089151994e+01,1.000000000000000000e+00,-5.500000000000000000e+01
1.880146502089151994e+01,1.000000000000000000e+00,-5.800000000000000000e+01
1.880146502089151994e+01,1.000000000000000000e+00,-5.500000000000000000e+01
1.880146502089151994e+01,1.000000000000000000e+00,-5.700000000000000000e+01
1.880146502089151994e+01,1.000000000000000000e+00,-5.500000000000000000e+01
1.880146502089151994e+01,1.000000000000000000e+00,-5.900000000000000000e+01
1.880146502089151994e+01,1.000000000000000000e+00,-5.900000000000000000e+01
1.880146502089151994e+01,1.000000000000000000e+00,-5.600000000000000000e+01
1.880146502089151994e+01,1.000000000000000000e+00,-5.500000000000000000e+01
1.880146502089151994e+01,1.000000000000000000e+00,-5.600000000000000000e+01
1.880146502089151994e+01,1.000000000000000000e+00,-5.400000000000000000e+01
1.880146502089151994e+01,1.000000000000000000e+00,-5.600000000000000000e+01
1.880146502089151994e+01,1.000000000000000000e+00,-5.700000000000000000e+01
1.880146502089151994e+01,1.000000000000000000e+00,-5.600000000000000000e+01
1.880146502089151994e+01,1.000000000000000000e+00,-5.500000000000000000e+01
1.880146502089151994e+01,1.000000000000000000e+00,-5.600000000000000000e+01
1.880146502089151994e+01,1.000000000000000000e+00,-5.700000000000000000e+01
1.880146502089151994e+01,1.000000000000000000e+00,-5.700000000000000000e+01
1.880146502089151994e+01,1.000000000000000000e+00,-5.600000000000000000e+01
1.880146502089151994e+01,1.000000000000000000e+00,-6.000000000000000000e+01
1.880146502089151994e+01,1.000000000000000000e+00,-5.500000000000000000e+01
1.880146502089151994e+01,1.000000000000000000e+00,-5.700000000000000000e+01
1.880146502089151994e+01,1.000000000000000000e+00,-5.600000000000000000e+01
1.880146502089151994e+01,1.000000000000000000e+00,-5.500000000000000000e+01
1.880146502089151994e+01,1.000000000000000000e+00,-5.600000000000000000e+01
1.880146502089151994e+01,1.000000000000000000e+00,-6.000000000000000000e+01
1.880146502089151994e+01,1.000000000000000000e+00,-5.200000000000000000e+01
1.880146502089151994e+01,1.000000000000000000e+00,-5.600000000000000000e+01
1.880146502089151994e+01,1.000000000000000000e+00,-5.500000000000000000e+01
1.880146502089151994e+01,1.000000000000000000e+00,-6.200000000000000000e+01
1.880146502089151994e+01,1.000000000000000000e+00,-5.800000000000000000e+01
1.880146502089151994e+01,1.000000000000000000e+00,-5.800000000000000000e+01
1.880146502089151994e+01,1.000000000000000000e+00,-5.900000000000000000e+01
1.880146502089151994e+01,1.000000000000000000e+00,-5.600000000000000000e+01
1.880146502089151994e+01,1.000000000000000000e+00,-5.600000000000000000e+01
1.880146502089151994e+01,1.000000000000000000e+00,-5.600000000000000000e+01
1.880146502089151994e+01,1.000000000000000000e+00,-6.100000000000000000e+01
1.880146502089151994e+01,1.000000000000000000e+00,-6.000000000000000000e+01
1.880146502089151994e+01,1.000000000000000000e+00,-6.000000000000000000e+01
1.880146502089151994e+01,1.000000000000000000e+00,-5.900000000000000000e+01
1.880146502089151994e+01,1.000000000000000000e+00,-5.500000000000000000e+01
1.880146502089151994e+01,1.000000000000000000e+00,-5.600000000000000000e+01
1.880146502089151994e+01,1.000000000000000000e+00,-5.900000000000000000e+01
1.880146502089151994e+01,1.000000000000000000e+00,-5.400000000000000000e+01
1.880146502089151994e+01,1.000000000000000000e+00,-5.800000000000000000e+01
1.880146502089151994e+01,1.000000000000000000e+00,-5.500000000000000000e+01
1.880146502089151994e+01,1.000000000000000000e+00,-6.000000000000000000e+01
1.880146502089151994e+01,1.000000000000000000e+00,-5.700000000000000000e+01
1.880146502089151994e+01,1.000000000000000000e+00,-5.800000000000000000e+01
1.880146502089151994e+01,1.000000000000000000e+00,-5.700000000000000000e+01
1.880146502089151994e+01,1.000000000000000000e+00,-5.900000000000000000e+01
1.880146502089151994e+01,1.000000000000000000e+00,-5.800000000000000000e+01
1.880146502089151994e+01,1.000000000000000000e+00,-6.000000000000000000e+01
1.880146502089151994e+01,1.000000000000000000e+00,-5.700000000000000000e+01
1.880146502089151994e+01,1.000000000000000000e+00,-5.800000000000000000e+01
1.880146502089151994e+01,1.000000000000000000e+00,-6.000000000000000000e+01
1.880146502089151994e+01,1.000000000000000000e+00,-5.800000000000000000e+01
1.880146502089151994e+01,1.000000000000000000e+00,-5.800000000000000000e+01
1.880146502089151994e+01,1.000000000000000000e+00,-6.000000000000000000e+01
1.880146502089151994e+01,1.000000000000000000e+00,-6.000000000000000000e+01
1.880146502089151994e+01,1.000000000000000000e+00,-5.800000000000000000e+01
1.880146502089151994e+01,1.000000000000000000e+00,-5.700000000000000000e+01
1.880146502089151994e+01,1.000000000000000000e+00,-6.000000000000000000e+01
1.880146502089151994e+01,1.000000000000000000e+00,-5.800000000000000000e+01
1.880146502089151994e+01,1.000000000000000000e+00,-6.100000000000000000e+01
1.880146502089151994e+01,1.000000000000000000e+00,-5.900000000000000000e+01
1.880146502089151994e+01,1.000000000000000000e+00,-6.200000000000000000e+01
1.880146502089151994e+01,1.000000000000000000e+00,-6.100000000000000000e+01
1.880146502089151994e+01,1.000000000000000000e+00,-5.900000000000000000e+01
1.880146502089151994e+01,1.000000000000000000e+00,-5.900000000000000000e+01
1.880146502089151994e+01,1.000000000000000000e+00,-5.900000000000000000e+01
1.880146502089151994e+01,1.000000000000000000e+00,-6.100000000000000000e+01
1.880146502089151994e+01,1.000000000000000000e+00,-5.600000000000000000e+01
1.880146502089151994e+01,1.000000000000000000e+00,-5.400000000000000000e+01
1.880146502089151994e+01,1.000000000000000000e+00,-5.700000000000000000e+01
1.880146502089151994e+01,1.000000000000000000e+00,-6.300000000000000000e+01
1.880146502089151994e+01,1.000000000000000000e+00,-5.900000000000000000e+01
1.880146502089151994e+01,1.000000000000000000e+00,-6.200000000000000000e+01
1.880146502089151994e+01,1.000000000000000000e+00,-5.600000000000000000e+01
1.880146502089151994e+01,1.000000000000000000e+00,-5.600000000000000000e+01
1.880146502089151994e+01,1.000000000000000000e+00,-5.900000000000000000e+01
1.880146502089151994e+01,1.000000000000000000e+00,-6.100000000000000000e+01
1.880146502089151994e+01,1.000000000000000000e+00,-5.900000000000000000e+01
1.880146502089151994e+01,1.000000000000000000e+00,-5.900000000000000000e+01
1.880146502089151994e+01,1.000000000000000000e+00,-5.800000000000000000e+01
1.880146502089151994e+01,1.000000000000000000e+00,-5.700000000000000000e+01
1.880146502089151994e+01,1.000000000000000000e+00,-6.100000000000000000e+01
1.880146502089151994e+01,1.000000000000000000e+00,-6.100000000000000000e+01
1.880146502089151994e+01,1.000000000000000000e+00,-5.900000000000000000e+01
1.880146502089151994e+01,1.000000000000000000e+00,-5.900000000000000000e+01
1.880146502089151994e+01,1.000000000000000000e+00,-6.200000000000000000e+01
1.880146502089151994e+01,1.000000000000000000e+00,-5.800000000000000000e+01
1.880146502089151994e+01,1.000000000000000000e+00,-6.100000000000000000e+01
1.880146502089151994e+01,1.000000000000000000e+00,-6.300000000000000000e+01
1.880146502089151994e+01,1.000000000000000000e+00,-5.600000000000000000e+01
1.880146502089151994e+01,1.000000000000000000e+00,-6.200000000000000000e+01
1.880146502089151994e+01,1.000000000000000000e+00,-5.500000000000000000e+01
1.880146502089151994e+01,1.000000000000000000e+00,-5.900000000000000000e+01
1.880146502089151994e+01,1.000000000000000000e+00,-5.800000000000000000e+01
1.880146502089151994e+01,1.000000000000000000e+00,-5.900000000000000000e+01
1.880146502089151994e+01,1.000000000000000000e+00,-6.200000000000000000e+01
1.880146502089151994e+01,1.000000000000000000e+00,-6.000000000000000000e+01
1.880146502089151994e+01,1.000000000000000000e+00,-6.100000000000000000e+01
1.880146502089151994e+01,1.000000000000000000e+00,-5.900000000000000000e+01
1.880146502089151994e+01,1.000000000000000000e+00,-6.000000000000000000e+01
1.880146502089151994e+01,1.000000000000000000e+00,-5.900000000000000000e+01
1.880146502089151994e+01,1.000000000000000000e+00,-5.700000000000000000e+01
1.880146502089151994e+01,1.000000000000000000e+00,-5.800000000000000000e+01
1.880146502089151994e+01,1.000000000000000000e+00,-5.700000000000000000e+01
1.880146502089151994e+01,1.000000000000000000e+00,-6.000000000000000000e+01
1.880146502089151994e+01,1.000000000000000000e+00,-6.100000000000000000e+01
1.880146502089151994e+01,1.000000000000000000e+00,-5.800000000000000000e+01
1.880146502089151994e+01,1.000000000000000000e+00,-6.100000000000000000e+01
1.880146502089151994e+01,1.000000000000000000e+00,-5.800000000000000000e+01
1.880146502089151994e+01,1.000000000000000000e+00,-5.700000000000000000e+01
1.880146502089151994e+01,1.000000000000000000e+00,-5.900000000000000000e+01
1.880146502089151994e+01,1.000000000000000000e+00,-5.800000000000000000e+01
1.880146502089151994e+01,1.000000000000000000e+00,-5.900000000000000000e+01
1.880146502089151994e+01,1.000000000000000000e+00,-6.000000000000000000e+01
1.880146502089151994e+01,1.000000000000000000e+00,-5.900000000000000000e+01
1.880146502089151994e+01,1.000000000000000000e+00,-6.000000000000000000e+01
1.880146502089151994e+01,1.000000000000000000e+00,-6.100000000000000000e+01
1.880146502089151994e+01,1.000000000000000000e+00,-5.800000000000000000e+01
1.880146502089151994e+01,1.000000000000000000e+00,-6.200000000000000000e+01
1.880146502089151994e+01,1.000000000000000000e+00,-6.000000000000000000e+01
1.880146502089151994e+01,1.000000000000000000e+00,-5.900000000000000000e+01
1.880146502089151994e+01,1.000000000000000000e+00,-5.700000000000000000e+01
1.880146502089151994e+01,1.000000000000000000e+00,-6.300000000000000000e+01
1.880146502089151994e+01,1.000000000000000000e+00,-5.900000000000000000e+01
1.880146502089151994e+01,1.000000000000000000e+00,-6.200000000000000000e+01
1.880146502089151994e+01,1.000000000000000000e+00,-6.000000000000000000e+01
1.880146502089151994e+01,1.000000000000000000e+00,-6.000000000000000000e+01
1.880146502089151994e+01,1.000000000000000000e+00,-5.900000000000000000e+01
1.880146502089151994e+01,1.000000000000000000e+00,-6.000000000000000000e+01
1.880146502089151994e+01,1.000000000000000000e+00,-5.900000000000000000e+01
1.880146502089151994e+01,1.000000000000000000e+00,-5.900000000000000000e+01
1.880146502089151994e+01,1.000000000000000000e+00,-5.900000000000000000e+01
1.880146502089151994e+01,1.000000000000000000e+00,-5.900000000000000000e+01
1.880146502089151994e+01,1.000000000000000000e+00,-6.000000000000000000e+01
1.880146502089151994e+01,1.000000000000000000e+00,-6.300000000000000000e+01
1.880146502089151994e+01,1.000000000000000000e+00,-5.800000000000000000e+01
1.880146502089151994e+01,1.000000000000000000e+00,-6.200000000000000000e+01
1.880146502089151994e+01,1.000000000000000000e+00,-6.300000000000000000e+01
1.880146502089151994e+01,1.000000000000000000e+00,-6.300000000000000000e+01
1.880146502089151994e+01,1.000000000000000000e+00,-6.100000000000000000e+01
1.880146502089151994e+01,1.000000000000000000e+00,-6.100000000000000000e+01
1.880146502089151994e+01,1.000000000000000000e+00,-6.100000000000000000e+01
1.880146502089151994e+01,1.000000000000000000e+00,-6.300000000000000000e+01
1.880146502089151994e+01,1.000000000000000000e+00,-5.800000000000000000e+01
1.880146502089151994e+01,1.000000000000000000e+00,-6.000000000000000000e+01
1.880146502089151994e+01,1.000000000000000000e+00,-6.000000000000000000e+01
1.880146502089151994e+01,1.000000000000000000e+00,-5.600000000000000000e+01
1.880146502089151994e+01,1.000000000000000000e+00,-6.100000000000000000e+01
1.880146502089151994e+01,1.000000000000000000e+00,-6.000000000000000000e+01
1.880146502089151994e+01,1.000000000000000000e+00,-6.000000000000000000e+01
1.880146502089151994e+01,1.000000000000000000e+00,-6.000000000000000000e+01
1.880146502089151994e+01,1.000000000000000000e+00,-5.600000000000000000e+01
1.880146502089151994e+01,1.000000000000000000e+00,-5.800000000000000000e+01
1.880146502089151994e+01,1.000000000000000000e+00,-6.000000000000000000e+01
1.880146502089151994e+01,1.000000000000000000e+00,-5.900000000000000000e+01
1.880146502089151994e+01,1.000000000000000000e+00,-6.000000000000000000e+01
1.880146502089151994e+01,1.000000000000000000e+00,-6.600000000000000000e+01
1.880146502089151994e+01,1.000000000000000000e+00,-6.000000000000000000e+01
1.880146502089151994e+01,1.000000000000000000e+00,-6.000000000000000000e+01
1.880146502089151994e+01,1.000000000000000000e+00,-5.800000000000000000e+01
1.880146502089151994e+01,1.000000000000000000e+00,-6.200000000000000000e+01
1.880146502089151994e+01,1.000000000000000000e+00,-6.200000000000000000e+01
1.880146502089151994e+01,1.000000000000000000e+00,-6.300000000000000000e+01
1.880146502089151994e+01,1.000000000000000000e+00,-6.300000000000000000e+01
1.880146502089151994e+01,1.000000000000000000e+00,-6.400000000000000000e+01
1.880146502089151994e+01,1.000000000000000000e+00,-6.200000000000000000e+01
1.880146502089151994e+01,1.000000000000000000e+00,-6.000000000000000000e+01
1.880146502089151994e+01,1.000000000000000000e+00,-5.900000000000000000e+01
1.880146502089151994e+01,1.000000000000000000e+00,-6.000000000000000000e+01
1.880146502089151994e+01,1.000000000000000000e+00,-5.800000000000000000e+01
1.880146502089151994e+01,1.000000000000000000e+00,-5.900000000000000000e+01
1.880146502089151994e+01,1.000000000000000000e+00,-5.900000000000000000e+01
1.880146502089151994e+01,1.000000000000000000e+00,-6.300000000000000000e+01
1.880146502089151994e+01,1.000000000000000000e+00,-5.800000000000000000e+01
1.880146502089151994e+01,1.000000000000000000e+00,-6.300000000000000000e+01
1.880146502089151994e+01,1.000000000000000000e+00,-6.300000000000000000e+01
1.880146502089151994e+01,1.000000000000000000e+00,-6.000000000000000000e+01
1.880146502089151994e+01,1.000000000000000000e+00,-6.200000000000000000e+01
1.880146502089151994e+01,1.000000000000000000e+00,-6.300000000000000000e+01
1.880146502089151994e+01,1.000000000000000000e+00,-6.100000000000000000e+01
1.880146502089151994e+01,1.000000000000000000e+00,-6.300000000000000000e+01
1.880146502089151994e+01,1.000000000000000000e+00,-5.900000000000000000e+01
1.880146502089151994e+01,1.000000000000000000e+00,-6.200000000000000000e+01
1.880146502089151994e+01,1.000000000000000000e+00,-6.200000000000000000e+01
1.880146502089151994e+01,1.000000000000000000e+00,-6.000000000000000000e+01
1.880146502089151994e+01,1.000000000000000000e+00,-6.000000000000000000e+01
1.880146502089151994e+01,1.000000000000000000e+00,-6.200000000000000000e+01
1.880146502089151994e+01,1.000000000000000000e+00,-5.900000000000000000e+01
1.880146502089151994e+01,1.000000000000000000e+00,-6.200000000000000000e+01
1.880146502089151994e+01,1.000000000000000000e+00,-6.100000000000000000e+01
1.880146502089151994e+01,1.000000000000000000e+00,-5.900000000000000000e+01
1.880146502089151994e+01,1.000000000000000000e+00,-5.900000000000000000e+01
1.880146502089151994e+01,1.000000000000000000e+00,-5.800000000000000000e+01
1.880146502089151994e+01,1.000000000000000000e+00,-5.900000000000000000e+01
1.880146502089151994e+01,1.000000000000000000e+00,-6.000000000000000000e+01
1.880146502089151994e+01,1.000000000000000000e+00,-5.900000000000000000e+01
1.880146502089151994e+01,1.000000000000000000e+00,-6.000000000000000000e+01
1.880146502089151994e+01,1.000000000000000000e+00,-6.200000000000000000e+01
1.880146502089151994e+01,1.000000000000000000e+00,-6.000000000000000000e+01
1.880146502089151994e+01,1.000000000000000000e+00,-6.500000000000000000e+01
1.880146502089151994e+01,1.000000000000000000e+00,-5.900000000000000000e+01
1.880146502089151994e+01,1.000000000000000000e+00,-6.100000000000000000e+01
1.880146502089151994e+01,1.000000000000000000e+00,-6.200000000000000000e+01
1.880146502089151994e+01,1.000000000000000000e+00,-5.900000000000000000e+01
1.880146502089151994e+01,1.000000000000000000e+00,-6.000000000000000000e+01
1.880146502089151994e+01,1.000000000000000000e+00,-6.200000000000000000e+01
1.880146502089151994e+01,1.000000000000000000e+00,-6.200000000000000000e+01
1.880146502089151994e+01,1.000000000000000000e+00,-5.800000000000000000e+01
1.880146502089151994e+01,1.000000000000000000e+00,-6.300000000000000000e+01
1.880146502089151994e+01,1.000000000000000000e+00,-6.200000000000000000e+01
1.880146502089151994e+01,1.000000000000000000e+00,-5.900000000000000000e+01
1.880146502089151994e+01,1.000000000000000000e+00,-6.100000000000000000e+01
1.880146502089151994e+01,1.000000000000000000e+00,-5.900000000000000000e+01
1.880146502089151994e+01,1.000000000000000000e+00,-6.200000000000000000e+01
1.880146502089151994e+01,1.000000000000000000e+00,-5.900000000000000000e+01
1.880146502089151994e+01,1.000000000000000000e+00,-6.000000000000000000e+01
1.880146502089151994e+01,1.000000000000000000e+00,-6.100000000000000000e+01
1.880146502089151994e+01,1.000000000000000000e+00,-6.200000000000000000e+01
1.880146502089151994e+01,1.000000000000000000e+00,-6.000000000000000000e+01
1.880146502089151994e+01,1.000000000000000000e+00,-6.100000000000000000e+01
1.880146502089151994e+01,1.000000000000000000e+00,-6.100000000000000000e+01
1.880146502089151994e+01,1.000000000000000000e+00,-6.100000000000000000e+01
1.880146502089151994e+01,1.000000000000000000e+00,-6.000000000000000000e+01
1.880146502089151994e+01,1.000000000000000000e+00,-6.200000000000000000e+01
1.880146502089151994e+01,1.000000000000000000e+00,-5.800000000000000000e+01
1.880146502089151994e+01,1.000000000000000000e+00,-6.000000000000000000e+01
1.880146502089151994e+01,1.000000000000000000e+00,-5.800000000000000000e+01
1.880146502089151994e+01,1.000000000000000000e+00,-6.300000000000000000e+01
1.880146502089151994e+01,1.000000000000000000e+00,-6.000000000000000000e+01
1.880146502089151994e+01,1.000000000000000000e+00,-6.400000000000000000e+01
1.880146502089151994e+01,1.000000000000000000e+00,-6.000000000000000000e+01
1.880146502089151994e+01,1.000000000000000000e+00,-5.600000000000000000e+01
1.880146502089151994e+01,1.000000000000000000e+00,-5.900000000000000000e+01
1.880146502089151994e+01,1.000000000000000000e+00,-6.000000000000000000e+01
1.880146502089151994e+01,1.000000000000000000e+00,-5.900000000000000000e+01
1.880146502089151994e+01,1.000000000000000000e+00,-5.800000000000000000e+01
1.880146502089151994e+01,1.000000000000000000e+00,-6.300000000000000000e+01
1.880146502089151994e+01,1.000000000000000000e+00,-6.100000000000000000e+01
1.880146502089151994e+01,1.000000000000000000e+00,-5.800000000000000000e+01
1.880146502089151994e+01,1.000000000000000000e+00,-6.200000000000000000e+01
1.880146502089151994e+01,1.000000000000000000e+00,-6.300000000000000000e+01
1.880146502089151994e+01,1.000000000000000000e+00,-6.300000000000000000e+01
1.880146502089151994e+01,1.000000000000000000e+00,-5.900000000000000000e+01
1.880146502089151994e+01,1.000000000000000000e+00,-6.100000000000000000e+01
1.880146502089151994e+01,1.000000000000000000e+00,-5.900000000000000000e+01
1.880146502089151994e+01,1.000000000000000000e+00,-6.200000000000000000e+01
1.880146502089151994e+01,1.000000000000000000e+00,-6.100000000000000000e+01
1.880146502089151994e+01,1.000000000000000000e+00,-6.200000000000000000e+01
1.880146502089151994e+01,1.000000000000000000e+00,-6.100000000000000000e+01
1.880146502089151994e+01,1.000000000000000000e+00,-5.900000000000000000e+01
1.880146502089151994e+01,1.000000000000000000e+00,-6.400000000000000000e+01
1.880146502089151994e+01,1.000000000000000000e+00,-6.000000000000000000e+01
1.880146502089151994e+01,1.000000000000000000e+00,-6.200000000000000000e+01
1.880146502089151994e+01,1.000000000000000000e+00,-5.900000000000000000e+01
1.880146502089151994e+01,1.000000000000000000e+00,-5.900000000000000000e+01
1.880146502089151994e+01,1.000000000000000000e+00,-5.900000000000000000e+01
1.880146502089151994e+01,1.000000000000000000e+00,-6.200000000000000000e+01
1.880146502089151994e+01,1.000000000000000000e+00,-6.000000000000000000e+01
1.880146502089151994e+01,1.000000000000000000e+00,-6.000000000000000000e+01
1.880146502089151994e+01,1.000000000000000000e+00,-6.000000000000000000e+01
1.880146502089151994e+01,1.000000000000000000e+00,-5.700000000000000000e+01
1.880146502089151994e+01,1.000000000000000000e+00,-6.000000000000000000e+01
1.880146502089151994e+01,1.000000000000000000e+00,-6.000000000000000000e+01
1.880146502089151994e+01,1.000000000000000000e+00,-6.000000000000000000e+01
1.880146502089151994e+01,1.000000000000000000e+00,-5.900000000000000000e+01
1.880146502089151994e+01,1.000000000000000000e+00,-6.100000000000000000e+01
1.880146502089151994e+01,1.000000000000000000e+00,-6.100000000000000000e+01
1.880146502089151994e+01,1.000000000000000000e+00,-6.300000000000000000e+01
1.880146502089151994e+01,1.000000000000000000e+00,-5.900000000000000000e+01
1.880146502089151994e+01,1.000000000000000000e+00,-6.300000000000000000e+01
1.880146502089151994e+01,1.000000000000000000e+00,-6.300000000000000000e+01
1.880146502089151994e+01,1.000000000000000000e+00,-5.800000000000000000e+01
1.880146502089151994e+01,1.000000000000000000e+00,-6.200000000000000000e+01
1.880146502089151994e+01,1.000000000000000000e+00,-6.000000000000000000e+01
1.880146502089151994e+01,1.000000000000000000e+00,-6.000000000000000000e+01
1.880146502089151994e+01,1.000000000000000000e+00,-6.000000000000000000e+01
1.880146502089151994e+01,1.000000000000000000e+00,-5.900000000000000000e+01
1.880146502089151994e+01,1.000000000000000000e+00,-5.900000000000000000e+01
1.880146502089151994e+01,1.000000000000000000e+00,-6.400000000000000000e+01
1.880146502089151994e+01,1.000000000000000000e+00,-6.200000000000000000e+01
1.880146502089151994e+01,1.000000000000000000e+00,-6.000000000000000000e+01
1.880146502089151994e+01,1.000000000000000000e+00,-6.300000000000000000e+01
1.880146502089151994e+01,1.000000000000000000e+00,-5.700000000000000000e+01
1.880146502089151994e+01,1.000000000000000000e+00,-6.100000000000000000e+01
1.880146502089151994e+01,1.000000000000000000e+00,-6.100000000000000000e+01
1.880146502089151994e+01,1.000000000000000000e+00,-6.000000000000000000e+01
1.880146502089151994e+01,1.000000000000000000e+00,-5.900000000000000000e+01
1.880146502089151994e+01,1.000000000000000000e+00,-6.400000000000000000e+01
1.880146502089151994e+01,1.000000000000000000e+00,-5.800000000000000000e+01
1.880146502089151994e+01,1.000000000000000000e+00,-6.000000000000000000e+01
1.880146502089151994e+01,1.000000000000000000e+00,-6.100000000000000000e+01
1.880146502089151994e+01,1.000000000000000000e+00,-6.200000000000000000e+01
1.880146502089151994e+01,1.000000000000000000e+00,-5.600000000000000000e+01
1.880146502089151994e+01,1.000000000000000000e+00,-5.900000000000000000e+01
1.880146502089151994e+01,1.000000000000000000e+00,-6.200000000000000000e+01
1.880146502089151994e+01,1.000000000000000000e+00,-5.800000000000000000e+01
1.880146502089151994e+01,1.000000000000000000e+00,-6.000000000000000000e+01
1.880146502089151994e+01,1.000000000000000000e+00,-6.400000000000000000e+01
1.880146502089151994e+01,1.000000000000000000e+00,-6.200000000000000000e+01
1.880146502089151994e+01,1.000000000000000000e+00,-6.200000000000000000e+01
1.880146502089151994e+01,1.000000000000000000e+00,-6.000000000000000000e+01
1.880146502089151994e+01,1.000000000000000000e+00,-6.000000000000000000e+01
1.880146502089151994e+01,1.000000000000000000e+00,-6.100000000000000000e+01
1.880146502089151994e+01,1.000000000000000000e+00,-5.800000000000000000e+01
1.880146502089151994e+01,1.000000000000000000e+00,-5.900000000000000000e+01
1.880146502089151994e+01,1.000000000000000000e+00,-5.700000000000000000e+01
1.880146502089151994e+01,1.000000000000000000e+00,-5.700000000000000000e+01
1.880146502089151994e+01,1.000000000000000000e+00,-5.600000000000000000e+01
1.880146502089151994e+01,1.000000000000000000e+00,-5.800000000000000000e+01
1.880146502089151994e+01,1.000000000000000000e+00,-5.900000000000000000e+01
1.880146502089151994e+01,1.000000000000000000e+00,-5.700000000000000000e+01
1.880146502089151994e+01,1.000000000000000000e+00,-5.900000000000000000e+01
1.880146502089151994e+01,1.000000000000000000e+00,-5.800000000000000000e+01
1.880146502089151994e+01,1.000000000000000000e+00,-5.700000000000000000e+01
1.880146502089151994e+01,1.000000000000000000e+00,-5.900000000000000000e+01
1.880146502089151994e+01,1.000000000000000000e+00,-5.800000000000000000e+01
1.880146502089151994e+01,1.000000000000000000e+00,-5.800000000000000000e+01
1.880146502089151994e+01,1.000000000000000000e+00,-5.500000000000000000e+01
1.880146502089151994e+01,1.000000000000000000e+00,-6.100000000000000000e+01
1.880146502089151994e+01,1.000000000000000000e+00,-6.000000000000000000e+01
1.880146502089151994e+01,1.000000000000000000e+00,-5.700000000000000000e+01
1.880146502089151994e+01,1.000000000000000000e+00,-5.800000000000000000e+01
1.880146502089151994e+01,1.000000000000000000e+00,-5.800000000000000000e+01
1.880146502089151994e+01,1.000000000000000000e+00,-5.800000000000000000e+01
1.880146502089151994e+01,1.000000000000000000e+00,-6.000000000000000000e+01
1.880146502089151994e+01,1.000000000000000000e+00,-6.000000000000000000e+01
1.880146502089151994e+01,1.000000000000000000e+00,-5.900000000000000000e+01
1.880146502089151994e+01,1.000000000000000000e+00,-6.000000000000000000e+01
1.880146502089151994e+01,1.000000000000000000e+00,-5.700000000000000000e+01
1.880146502089151994e+01,1.000000000000000000e+00,-5.600000000000000000e+01
1.880146502089151994e+01,1.000000000000000000e+00,-5.900000000000000000e+01
1.880146502089151994e+01,1.000000000000000000e+00,-5.700000000000000000e+01
1.880146502089151994e+01,1.000000000000000000e+00,-5.800000000000000000e+01
1.880146502089151994e+01,1.000000000000000000e+00,-6.100000000000000000e+01
1.880146502089151994e+01,1.000000000000000000e+00,-6.100000000000000000e+01
1.880146502089151994e+01,1.000000000000000000e+00,-6.300000000000000000e+01
1.880146502089151994e+01,1.000000000000000000e+00,-5.900000000000000000e+01
1.880146502089151994e+01,1.000000000000000000e+00,-5.900000000000000000e+01
1.880146502089151994e+01,1.000000000000000000e+00,-5.900000000000000000e+01
1.880146502089151994e+01,1.000000000000000000e+00,-5.900000000000000000e+01
1.880146502089151994e+01,1.000000000000000000e+00,-5.600000000000000000e+01
1.880146502089151994e+01,1.000000000000000000e+00,-5.900000000000000000e+01
1.880146502089151994e+01,1.000000000000000000e+00,-5.800000000000000000e+01
1.880146502089151994e+01,1.000000000000000000e+00,-5.700000000000000000e+01
1.880146502089151994e+01,1.000000000000000000e+00,-5.800000000000000000e+01
1.880146502089151994e+01,1.000000000000000000e+00,-6.200000000000000000e+01
1.880146502089151994e+01,1.000000000000000000e+00,-5.900000000000000000e+01
1.880146502089151994e+01,1.000000000000000000e+00,-5.600000000000000000e+01
1.880146502089151994e+01,1.000000000000000000e+00,-5.600000000000000000e+01
1.880146502089151994e+01,1.000000000000000000e+00,-5.900000000000000000e+01
1.880146502089151994e+01,1.000000000000000000e+00,-5.400000000000000000e+01
1.880146502089151994e+01,1.000000000000000000e+00,-5.600000000000000000e+01
1.880146502089151994e+01,1.000000000000000000e+00,-5.600000000000000000e+01
1.880146502089151994e+01,1.000000000000000000e+00,-6.200000000000000000e+01
1.880146502089151994e+01,1.000000000000000000e+00,-5.500000000000000000e+01
1.880146502089151994e+01,1.000000000000000000e+00,-5.700000000000000000e+01
1.880146502089151994e+01,1.000000000000000000e+00,-6.200000000000000000e+01
1.880146502089151994e+01,1.000000000000000000e+00,-5.700000000000000000e+01
1.880146502089151994e+01,1.000000000000000000e+00,-5.800000000000000000e+01
1.880146502089151994e+01,1.000000000000000000e+00,-5.700000000000000000e+01
1.880146502089151994e+01,1.000000000000000000e+00,-5.200000000000000000e+01
1.880146502089151994e+01,1.000000000000000000e+00,-5.500000000000000000e+01
1.880146502089151994e+01,1.000000000000000000e+00,-5.800000000000000000e+01
1.880146502089151994e+01,1.000000000000000000e+00,-5.600000000000000000e+01
1.880146502089151994e+01,1.000000000000000000e+00,-5.700000000000000000e+01
1.880146502089151994e+01,1.000000000000000000e+00,-5.900000000000000000e+01
1.880146502089151994e+01,1.000000000000000000e+00,-5.800000000000000000e+01
1.880146502089151994e+01,1.000000000000000000e+00,-5.600000000000000000e+01
1.880146502089151994e+01,1.000000000000000000e+00,-5.600000000000000000e+01
1.880146502089151994e+01,1.000000000000000000e+00,-5.500000000000000000e+01
1.880146502089151994e+01,1.000000000000000000e+00,-5.700000000000000000e+01
1.880146502089151994e+01,1.000000000000000000e+00,-5.600000000000000000e+01
1.880146502089151994e+01,1.000000000000000000e+00,-5.900000000000000000e+01
1.880146502089151994e+01,1.000000000000000000e+00,-5.800000000000000000e+01
1.880146502089151994e+01,1.000000000000000000e+00,-5.500000000000000000e+01
1.880146502089151994e+01,1.000000000000000000e+00,-5.800000000000000000e+01
1.880146502089151994e+01,1.000000000000000000e+00,-5.700000000000000000e+01
1.880146502089151994e+01,1.000000000000000000e+00,-5.200000000000000000e+01
1.880146502089151994e+01,1.000000000000000000e+00,-5.400000000000000000e+01
1.880146502089151994e+01,1.000000000000000000e+00,-5.900000000000000000e+01
1.880146502089151994e+01,1.000000000000000000e+00,-5.500000000000000000e+01
1.880146502089151994e+01,1.000000000000000000e+00,-5.900000000000000000e+01
1.880146502089151994e+01,1.000000000000000000e+00,-5.600000000000000000e+01
1.880146502089151994e+01,1.000000000000000000e+00,-5.600000000000000000e+01
1.880146502089151994e+01,1.000000000000000000e+00,-5.700000000000000000e+01
1.880146502089151994e+01,1.000000000000000000e+00,-5.200000000000000000e+01
1.880146502089151994e+01,1.000000000000000000e+00,-5.500000000000000000e+01
1.880146502089151994e+01,1.000000000000000000e+00,-5.400000000000000000e+01
1.880146502089151994e+01,1.000000000000000000e+00,-5.900000000000000000e+01
1.880146502089151994e+01,1.000000000000000000e+00,-5.500000000000000000e+01
1.880146502089151994e+01,1.000000000000000000e+00,-5.700000000000000000e+01
1.880146502089151994e+01,1.000000000000000000e+00,-5.600000000000000000e+01
1.880146502089151994e+01,1.000000000000000000e+00,-5.800000000000000000e+01
1.880146502089151994e+01,1.000000000000000000e+00,-5.900000000000000000e+01
1.880146502089151994e+01,1.000000000000000000e+00,-5.400000000000000000e+01
1.880146502089151994e+01,1.000000000000000000e+00,-5.700000000000000000e+01
1.880146502089151994e+01,1.000000000000000000e+00,-5.600000000000000000e+01
1.880146502089151994e+01,1.000000000000000000e+00,-5.600000000000000000e+01
1.880146502089151994e+01,1.000000000000000000e+00,-5.600000000000000000e+01
1.880146502089151994e+01,1.000000000000000000e+00,-5.500000000000000000e+01
1.880146502089151994e+01,1.000000000000000000e+00,-5.600000000000000000e+01
1.880146502089151994e+01,1.000000000000000000e+00,-5.500000000000000000e+01
1.880146502089151994e+01,1.000000000000000000e+00,-5.800000000000000000e+01
1.880146502089151994e+01,1.000000000000000000e+00,-5.400000000000000000e+01
1.880146502089151994e+01,1.000000000000000000e+00,-5.600000000000000000e+01
1.880146502089151994e+01,1.000000000000000000e+00,-5.500000000000000000e+01
1.880146502089151994e+01,1.000000000000000000e+00,-5.700000000000000000e+01
1.880146502089151994e+01,1.000000000000000000e+00,-5.400000000000000000e+01
1.880146502089151994e+01,1.000000000000000000e+00,-5.700000000000000000e+01
1.880146502089151994e+01,1.000000000000000000e+00,-5.400000000000000000e+01
1.880146502089151994e+01,1.000000000000000000e+00,-5.400000000000000000e+01
1.880146502089151994e+01,1.000000000000000000e+00,-5.900000000000000000e+01
1.880146502089151994e+01,1.000000000000000000e+00,-6.000000000000000000e+01
1.880146502089151994e+01,1.000000000000000000e+00,-5.700000000000000000e+01
1.880146502089151994e+01,1.000000000000000000e+00,-5.800000000000000000e+01
1.880146502089151994e+01,1.000000000000000000e+00,-5.300000000000000000e+01
1.880146502089151994e+01,1.000000000000000000e+00,-5.500000000000000000e+01
1.880146502089151994e+01,1.000000000000000000e+00,-5.400000000000000000e+01
1.880146502089151994e+01,1.000000000000000000e+00,-5.800000000000000000e+01
1.880146502089151994e+01,1.000000000000000000e+00,-5.300000000000000000e+01
1.880146502089151994e+01,1.000000000000000000e+00,-5.500000000000000000e+01
1.880146502089151994e+01,1.000000000000000000e+00,-5.400000000000000000e+01
1.880146502089151994e+01,1.000000000000000000e+00,-5.600000000000000000e+01
1.880146502089151994e+01,1.000000000000000000e+00,-5.300000000000000000e+01
1.880146502089151994e+01,1.000000000000000000e+00,-5.500000000000000000e+01
1.880146502089151994e+01,1.000000000000000000e+00,-5.600000000000000000e+01
1.880146502089151994e+01,1.000000000000000000e+00,-5.400000000000000000e+01
1.880146502089151994e+01,1.000000000000000000e+00,-5.500000000000000000e+01
1.880146502089151994e+01,1.000000000000000000e+00,-5.500000000000000000e+01
1.880146502089151994e+01,1.000000000000000000e+00,-5.600000000000000000e+01
1.880146502089151994e+01,1.000000000000000000e+00,-5.300000000000000000e+01
1.880146502089151994e+01,1.000000000000000000e+00,-5.400000000000000000e+01
1.880146502089151994e+01,1.000000000000000000e+00,-5.900000000000000000e+01
1.880146502089151994e+01,1.000000000000000000e+00,-5.400000000000000000e+01
1.880146502089151994e+01,1.000000000000000000e+00,-5.700000000000000000e+01
1.880146502089151994e+01,1.000000000000000000e+00,-5.300000000000000000e+01
1.880146502089151994e+01,1.000000000000000000e+00,-5.500000000000000000e+01
1.880146502089151994e+01,1.000000000000000000e+00,-5.200000000000000000e+01
1.880146502089151994e+01,1.000000000000000000e+00,-5.700000000000000000e+01
1.880146502089151994e+01,1.000000000000000000e+00,-5.200000000000000000e+01
1.880146502089151994e+01,1.000000000000000000e+00,-5.200000000000000000e+01
1.880146502089151994e+01,1.000000000000000000e+00,-5.600000000000000000e+01
1.880146502089151994e+01,1.000000000000000000e+00,-5.500000000000000000e+01
1.880146502089151994e+01,1.000000000000000000e+00,-5.900000000000000000e+01
1.880146502089151994e+01,1.000000000000000000e+00,-5.500000000000000000e+01
1.880146502089151994e+01,1.000000000000000000e+00,-5.500000000000000000e+01
1.880146502089151994e+01,1.000000000000000000e+00,-5.100000000000000000e+01
1.880146502089151994e+01,1.000000000000000000e+00,-5.400000000000000000e+01
1.880146502089151994e+01,1.000000000000000000e+00,-5.500000000000000000e+01
1.880146502089151994e+01,1.000000000000000000e+00,-5.600000000000000000e+01
1.880146502089151994e+01,1.000000000000000000e+00,-5.400000000000000000e+01
1.880146502089151994e+01,1.000000000000000000e+00,-5.700000000000000000e+01
1.880146502089151994e+01,1.000000000000000000e+00,-5.400000000000000000e+01
1.880146502089151994e+01,1.000000000000000000e+00,-5.500000000000000000e+01
1.880146502089151994e+01,1.000000000000000000e+00,-5.600000000000000000e+01
1.880146502089151994e+01,1.000000000000000000e+00,-5.100000000000000000e+01
1.880146502089151994e+01,1.000000000000000000e+00,-5.400000000000000000e+01
1.880146502089151994e+01,1.000000000000000000e+00,-5.400000000000000000e+01
1.880146502089151994e+01,1.000000000000000000e+00,-5.400000000000000000e+01
1.880146502089151994e+01,1.000000000000000000e+00,-5.200000000000000000e+01
1.880146502089151994e+01,1.000000000000000000e+00,-5.300000000000000000e+01
1.880146502089151994e+01,1.000000000000000000e+00,-5.600000000000000000e+01
1.880146502089151994e+01,1.000000000000000000e+00,-5.400000000000000000e+01
1.880146502089151994e+01,1.000000000000000000e+00,-5.400000000000000000e+01
1.880146502089151994e+01,1.000000000000000000e+00,-5.400000000000000000e+01
1.880146502089151994e+01,1.000000000000000000e+00,-5.400000000000000000e+01
1.880146502089151994e+01,1.000000000000000000e+00,-5.300000000000000000e+01
1.880146502089151994e+01,1.000000000000000000e+00,-5.400000000000000000e+01
1.880146502089151994e+01,1.000000000000000000e+00,-5.300000000000000000e+01
1.880146502089151994e+01,1.000000000000000000e+00,-5.100000000000000000e+01
1.880146502089151994e+01,1.000000000000000000e+00,-5.200000000000000000e+01
1.880146502089151994e+01,1.000000000000000000e+00,-5.600000000000000000e+01
1.880146502089151994e+01,1.000000000000000000e+00,-5.200000000000000000e+01
1.880146502089151994e+01,1.000000000000000000e+00,-5.500000000000000000e+01
1.880146502089151994e+01,1.000000000000000000e+00,-5.600000000000000000e+01
1.880146502089151994e+01,1.000000000000000000e+00,-5.100000000000000000e+01
1.880146502089151994e+01,1.000000000000000000e+00,-5.100000000000000000e+01
1.880146502089151994e+01,1.000000000000000000e+00,-5.500000000000000000e+01
1.880146502089151994e+01,1.000000000000000000e+00,-5.400000000000000000e+01
1.880146502089151994e+01,1.000000000000000000e+00,-5.300000000000000000e+01
1.880146502089151994e+01,1.000000000000000000e+00,-5.200000000000000000e+01
1.880146502089151994e+01,1.000000000000000000e+00,-5.500000000000000000e+01
1.880146502089151994e+01,1.000000000000000000e+00,-5.400000000000000000e+01
1.880146502089151994e+01,1.000000000000000000e+00,-5.100000000000000000e+01
1.880146502089151994e+01,1.000000000000000000e+00,-5.300000000000000000e+01
1.880146502089151994e+01,1.000000000000000000e+00,-5.000000000000000000e+01
1.880146502089151994e+01,1.000000000000000000e+00,-5.200000000000000000e+01
1.880146502089151994e+01,1.000000000000000000e+00,-4.900000000000000000e+01
1.880146502089151994e+01,1.000000000000000000e+00,-5.300000000000000000e+01
1.880146502089151994e+01,1.000000000000000000e+00,-5.300000000000000000e+01
1.880146502089151994e+01,1.000000000000000000e+00,-5.200000000000000000e+01
1.880146502089151994e+01,1.000000000000000000e+00,-5.200000000000000000e+01
1.880146502089151994e+01,1.000000000000000000e+00,-5.200000000000000000e+01
1.880146502089151994e+01,1.000000000000000000e+00,-5.100000000000000000e+01
1.880146502089151994e+01,1.000000000000000000e+00,-5.200000000000000000e+01
1.880146502089151994e+01,1.000000000000000000e+00,-4.800000000000000000e+01
1.880146502089151994e+01,1.000000000000000000e+00,-5.100000000000000000e+01
1.880146502089151994e+01,1.000000000000000000e+00,-5.200000000000000000e+01
1.880146502089151994e+01,1.000000000000000000e+00,-5.200000000000000000e+01
1.880146502089151994e+01,1.000000000000000000e+00,-5.300000000000000000e+01
1.880146502089151994e+01,1.000000000000000000e+00,-5.400000000000000000e+01
1.880146502089151994e+01,1.000000000000000000e+00,-5.000000000000000000e+01
1.880146502089151994e+01,1.000000000000000000e+00,-4.800000000000000000e+01
1.880146502089151994e+01,1.000000000000000000e+00,-5.000000000000000000e+01
1.880146502089151994e+01,1.000000000000000000e+00,-4.900000000000000000e+01
1.880146502089151994e+01,1.000000000000000000e+00,-5.300000000000000000e+01
1.880146502089151994e+01,1.000000000000000000e+00,-5.200000000000000000e+01
1.880146502089151994e+01,1.000000000000000000e+00,-5.000000000000000000e+01
1.880146502089151994e+01,1.000000000000000000e+00,-4.900000000000000000e+01
1.880146502089151994e+01,1.000000000000000000e+00,-5.000000000000000000e+01
1.880146502089151994e+01,1.000000000000000000e+00,-5.000000000000000000e+01
1.880146502089151994e+01,1.000000000000000000e+00,-5.000000000000000000e+01
1.880146502089151994e+01,1.000000000000000000e+00,-5.100000000000000000e+01
1.880146502089151994e+01,1.000000000000000000e+00,-5.200000000000000000e+01
1.880146502089151994e+01,1.000000000000000000e+00,-5.300000000000000000e+01
1.880146502089151994e+01,1.000000000000000000e+00,-4.900000000000000000e+01
1.880146502089151994e+01,1.000000000000000000e+00,-5.000000000000000000e+01
1.880146502089151994e+01,1.000000000000000000e+00,-5.200000000000000000e+01
1.880146502089151994e+01,1.000000000000000000e+00,-4.800000000000000000e+01
1.880146502089151994e+01,1.000000000000000000e+00,-5.000000000000000000e+01
1.880146502089151994e+01,1.000000000000000000e+00,-5.000000000000000000e+01
1.880146502089151994e+01,1.000000000000000000e+00,-5.000000000000000000e+01
1.880146502089151994e+01,1.000000000000000000e+00,-5.300000000000000000e+01
1.880146502089151994e+01,1.000000000000000000e+00,-4.600000000000000000e+01
1.880146502089151994e+01,1.000000000000000000e+00,-5.200000000000000000e+01
1.880146502089151994e+01,1.000000000000000000e+00,-5.200000000000000000e+01
1.880146502089151994e+01,1.000000000000000000e+00,-5.000000000000000000e+01
1.880146502089151994e+01,1.000000000000000000e+00,-4.600000000000000000e+01
1.880146502089151994e+01,1.000000000000000000e+00,-5.300000000000000000e+01
1.880146502089151994e+01,1.000000000000000000e+00,-4.900000000000000000e+01
1.880146502089151994e+01,1.000000000000000000e+00,-4.900000000000000000e+01
1.880146502089151994e+01,1.000000000000000000e+00,-5.100000000000000000e+01
1.880146502089151994e+01,1.000000000000000000e+00,-5.300000000000000000e+01
1.880146502089151994e+01,1.000000000000000000e+00,-4.600000000000000000e+01
1.880146502089151994e+01,1.000000000000000000e+00,-4.900000000000000000e+01
1.880146502089151994e+01,1.000000000000000000e+00,-5.000000000000000000e+01
1.880146502089151994e+01,1.000000000000000000e+00,-4.700000000000000000e+01
1.880146502089151994e+01,1.000000000000000000e+00,-5.300000000000000000e+01
1.880146502089151994e+01,1.000000000000000000e+00,-4.500000000000000000e+01
1.880146502089151994e+01,1.000000000000000000e+00,-4.700000000000000000e+01
1.880146502089151994e+01,1.000000000000000000e+00,-4.500000000000000000e+01
1.880146502089151994e+01,1.000000000000000000e+00,-5.000000000000000000e+01
1.880146502089151994e+01,1.000000000000000000e+00,-4.700000000000000000e+01
1.880146502089151994e+01,1.000000000000000000e+00,-5.000000000000000000e+01
1.880146502089151994e+01,1.000000000000000000e+00,-4.700000000000000000e+01
1.880146502089151994e+01,1.000000000000000000e+00,-4.800000000000000000e+01
1.880146502089151994e+01,1.000000000000000000e+00,-4.800000000000000000e+01
1.880146502089151994e+01,1.000000000000000000e+00,-4.800000000000000000e+01
1.880146502089151994e+01,1.000000000000000000e+00,-4.900000000000000000e+01
1.880146502089151994e+01,1.000000000000000000e+00,-4.600000000000000000e+01
1.880146502089151994e+01,1.000000000000000000e+00,-5.000000000000000000e+01
1.880146502089151994e+01,1.000000000000000000e+00,-5.200000000000000000e+01
1.880146502089151994e+01,1.000000000000000000e+00,-4.900000000000000000e+01
1.880146502089151994e+01,1.000000000000000000e+00,-4.600000000000000000e+01
1.880146502089151994e+01,1.000000000000000000e+00,-4.800000000000000000e+01
1.880146502089151994e+01,1.000000000000000000e+00,-4.600000000000000000e+01
1.880146502089151994e+01,1.000000000000000000e+00,-4.700000000000000000e+01
1.880146502089151994e+01,1.000000000000000000e+00,-4.700000000000000000e+01
1.880146502089151994e+01,1.000000000000000000e+00,-4.900000000000000000e+01
1.880146502089151994e+01,1.000000000000000000e+00,-4.800000000000000000e+01
1.880146502089151994e+01,1.000000000000000000e+00,-5.100000000000000000e+01
1.880146502089151994e+01,1.000000000000000000e+00,-5.200000000000000000e+01
1.880146502089151994e+01,1.000000000000000000e+00,-5.100000000000000000e+01
1.880146502089151994e+01,1.000000000000000000e+00,-5.100000000000000000e+01
1.880146502089151994e+01,1.000000000000000000e+00,-5.000000000000000000e+01
1.880146502089151994e+01,1.000000000000000000e+00,-4.400000000000000000e+01
1.880146502089151994e+01,1.000000000000000000e+00,-4.500000000000000000e+01
1.880146502089151994e+01,1.000000000000000000e+00,-4.400000000000000000e+01
1.880146502089151994e+01,1.000000000000000000e+00,-4.500000000000000000e+01
1.880146502089151994e+01,1.000000000000000000e+00,-4.700000000000000000e+01
1.880146502089151994e+01,1.000000000000000000e+00,-4.700000000000000000e+01
1.880146502089151994e+01,1.000000000000000000e+00,-4.900000000000000000e+01
1.880146502089151994e+01,1.000000000000000000e+00,-4.900000000000000000e+01
1.880146502089151994e+01,1.000000000000000000e+00,-4.700000000000000000e+01
1.880146502089151994e+01,1.000000000000000000e+00,-4.600000000000000000e+01
1.880146502089151994e+01,1.000000000000000000e+00,-4.500000000000000000e+01
1.880146502089151994e+01,1.000000000000000000e+00,-4.600000000000000000e+01
1.880146502089151994e+01,1.000000000000000000e+00,-4.700000000000000000e+01
1.880146502089151994e+01,1.000000000000000000e+00,-4.400000000000000000e+01
1.880146502089151994e+01,1.000000000000000000e+00,-4.800000000000000000e+01
1.880146502089151994e+01,1.000000000000000000e+00,-4.800000000000000000e+01
1.880146502089151994e+01,1.000000000000000000e+00,-4.600000000000000000e+01
1.880146502089151994e+01,1.000000000000000000e+00,-4.600000000000000000e+01
1.880146502089151994e+01,1.000000000000000000e+00,-4.600000000000000000e+01
1.880146502089151994e+01,1.000000000000000000e+00,-4.500000000000000000e+01
1.880146502089151994e+01,1.000000000000000000e+00,-4.600000000000000000e+01
1.880146502089151994e+01,1.000000000000000000e+00,-4.500000000000000000e+01
1.880146502089151994e+01,1.000000000000000000e+00,-4.000000000000000000e+01
1.880146502089151994e+01,1.000000000000000000e+00,-4.200000000000000000e+01
1.880146502089151994e+01,1.000000000000000000e+00,-4.500000000000000000e+01
1.880146502089151994e+01,1.000000000000000000e+00,-4.700000000000000000e+01
1.880146502089151994e+01,1.000000000000000000e+00,-4.500000000000000000e+01
1.880146502089151994e+01,1.000000000000000000e+00,-4.400000000000000000e+01
1.880146502089151994e+01,1.000000000000000000e+00,-4.500000000000000000e+01
1.880146502089151994e+01,1.000000000000000000e+00,-4.100000000000000000e+01
1.880146502089151994e+01,1.000000000000000000e+00,-4.400000000000000000e+01
1.880146502089151994e+01,1.000000000000000000e+00,-4.400000000000000000e+01
1.880146502089151994e+01,1.000000000000000000e+00,-4.600000000000000000e+01
1.880146502089151994e+01,1.000000000000000000e+00,-5.000000000000000000e+01
1.880146502089151994e+01,1.000000000000000000e+00,-4.600000000000000000e+01
1.880146502089151994e+01,1.000000000000000000e+00,-4.300000000000000000e+01
1.880146502089151994e+01,1.000000000000000000e+00,-4.400000000000000000e+01
1.880146502089151994e+01,1.000000000000000000e+00,-4.400000000000000000e+01
1.880146502089151994e+01,1.000000000000000000e+00,-4.400000000000000000e+01
1.880146502089151994e+01,1.000000000000000000e+00,-4.600000000000000000e+01
1.880146502089151994e+01,1.000000000000000000e+00,-4.400000000000000000e+01
1.880146502089151994e+01,1.000000000000000000e+00,-4.600000000000000000e+01
1.880146502089151994e+01,1.000000000000000000e+00,-4.300000000000000000e+01
1.880146502089151994e+01,1.000000000000000000e+00,-4.400000000000000000e+01
1.880146502089151994e+01,1.000000000000000000e+00,-4.300000000000000000e+01
1.880146502089151994e+01,1.000000000000000000e+00,-4.600000000000000000e+01
1.880146502089151994e+01,1.000000000000000000e+00,-4.700000000000000000e+01
1.880146502089151994e+01,1.000000000000000000e+00,-4.400000000000000000e+01
1.880146502089151994e+01,1.000000000000000000e+00,-4.000000000000000000e+01
1.880146502089151994e+01,1.000000000000000000e+00,-4.200000000000000000e+01
1.880146502089151994e+01,1.000000000000000000e+00,-4.300000000000000000e+01
1.880146502089151994e+01,1.000000000000000000e+00,-4.500000000000000000e+01
1.880146502089151994e+01,1.000000000000000000e+00,-4.700000000000000000e+01
1.880146502089151994e+01,1.000000000000000000e+00,-4.200000000000000000e+01
1.880146502089151994e+01,1.000000000000000000e+00,-4.600000000000000000e+01
1.880146502089151994e+01,1.000000000000000000e+00,-4.100000000000000000e+01
1.880146502089151994e+01,1.000000000000000000e+00,-4.400000000000000000e+01
1.880146502089151994e+01,1.000000000000000000e+00,-4.400000000000000000e+01
1.880146502089151994e+01,1.000000000000000000e+00,-4.100000000000000000e+01
1.880146502089151994e+01,1.000000000000000000e+00,-4.200000000000000000e+01
1.880146502089151994e+01,1.000000000000000000e+00,-4.500000000000000000e+01
1.880146502089151994e+01,1.000000000000000000e+00,-4.100000000000000000e+01
1.880146502089151994e+01,1.000000000000000000e+00,-4.100000000000000000e+01
1.880146502089151994e+01,1.000000000000000000e+00,-4.200000000000000000e+01
1.880146502089151994e+01,1.000000000000000000e+00,-4.500000000000000000e+01
1.880146502089151994e+01,1.000000000000000000e+00,-4.000000000000000000e+01
1.880146502089151994e+01,1.000000000000000000e+00,-4.600000000000000000e+01
1.880146502089151994e+01,1.000000000000000000e+00,-3.800000000000000000e+01
1.880146502089151994e+01,1.000000000000000000e+00,-3.800000000000000000e+01
1.880146502089151994e+01,1.000000000000000000e+00,-4.300000000000000000e+01
1.880146502089151994e+01,1.000000000000000000e+00,-4.400000000000000000e+01
1.880146502089151994e+01,1.000000000000000000e+00,-3.900000000000000000e+01
1.880146502089151994e+01,1.000000000000000000e+00,-4.300000000000000000e+01
1.880146502089151994e+01,1.000000000000000000e+00,-4.000000000000000000e+01
1.880146502089151994e+01,1.000000000000000000e+00,-4.000000000000000000e+01
1.880146502089151994e+01,1.000000000000000000e+00,-3.900000000000000000e+01
1.880146502089151994e+01,1.000000000000000000e+00,-4.000000000000000000e+01
1.880146502089151994e+01,1.000000000000000000e+00,-4.100000000000000000e+01
1.880146502089151994e+01,1.000000000000000000e+00,-4.500000000000000000e+01
1.880146502089151994e+01,1.000000000000000000e+00,-4.100000000000000000e+01
1.880146502089151994e+01,1.000000000000000000e+00,-4.000000000000000000e+01
1.880146502089151994e+01,1.000000000000000000e+00,-3.900000000000000000e+01
1.880146502089151994e+01,1.000000000000000000e+00,-4.000000000000000000e+01
1.880146502089151994e+01,1.000000000000000000e+00,-4.300000000000000000e+01
1.880146502089151994e+01,1.000000000000000000e+00,-4.100000000000000000e+01
1.880146502089151994e+01,1.000000000000000000e+00,-4.300000000000000000e+01
1.880146502089151994e+01,1.000000000000000000e+00,-4.200000000000000000e+01
1.880146502089151994e+01,1.000000000000000000e+00,-4.300000000000000000e+01
1.880146502089151994e+01,1.000000000000000000e+00,-3.900000000000000000e+01
1.880146502089151994e+01,1.000000000000000000e+00,-4.200000000000000000e+01
1.880146502089151994e+01,1.000000000000000000e+00,-3.900000000000000000e+01
1.880146502089151994e+01,1.000000000000000000e+00,-4.100000000000000000e+01
1.880146502089151994e+01,1.000000000000000000e+00,-4.200000000000000000e+01
1.880146502089151994e+01,1.000000000000000000e+00,-4.100000000000000000e+01
1.880146502089151994e+01,1.000000000000000000e+00,-4.300000000000000000e+01
1.880146502089151994e+01,1.000000000000000000e+00,-4.000000000000000000e+01
1.880146502089151994e+01,1.000000000000000000e+00,-3.900000000000000000e+01
1.880146502089151994e+01,1.000000000000000000e+00,-4.100000000000000000e+01
1.880146502089151994e+01,1.000000000000000000e+00,-4.100000000000000000e+01
1.880146502089151994e+01,1.000000000000000000e+00,-3.900000000000000000e+01
1.880146502089151994e+01,1.000000000000000000e+00,-4.100000000000000000e+01
1.880146502089151994e+01,1.000000000000000000e+00,-4.200000000000000000e+01
1.880146502089151994e+01,1.000000000000000000e+00,-3.800000000000000000e+01
1.880146502089151994e+01,1.000000000000000000e+00,-3.900000000000000000e+01
1.880146502089151994e+01,1.000000000000000000e+00,-3.900000000000000000e+01
1.880146502089151994e+01,1.000000000000000000e+00,-3.800000000000000000e+01
1.880146502089151994e+01,1.000000000000000000e+00,-4.300000000000000000e+01
1.880146502089151994e+01,1.000000000000000000e+00,-4.000000000000000000e+01
1.880146502089151994e+01,1.000000000000000000e+00,-4.200000000000000000e+01
1.880146502089151994e+01,1.000000000000000000e+00,-3.800000000000000000e+01
1.880146502089151994e+01,1.000000000000000000e+00,-4.000000000000000000e+01
1.880146502089151994e+01,1.000000000000000000e+00,-3.900000000000000000e+01
1.880146502089151994e+01,1.000000000000000000e+00,-3.700000000000000000e+01
1.880146502089151994e+01,1.000000000000000000e+00,-3.700000000000000000e+01
1.880146502089151994e+01,1.000000000000000000e+00,-4.000000000000000000e+01
1.880146502089151994e+01,1.000000000000000000e+00,-3.800000000000000000e+01
1.880146502089151994e+01,1.000000000000000000e+00,-4.300000000000000000e+01
1.880146502089151994e+01,1.000000000000000000e+00,-3.700000000000000000e+01
1.880146502089151994e+01,1.000000000000000000e+00,-4.000000000000000000e+01
1.880146502089151994e+01,1.000000000000000000e+00,-3.800000000000000000e+01
1.880146502089151994e+01,1.000000000000000000e+00,-3.800000000000000000e+01
1.880146502089151994e+01,1.000000000000000000e+00,-4.100000000000000000e+01
1.880146502089151994e+01,1.000000000000000000e+00,-3.800000000000000000e+01
1.880146502089151994e+01,1.000000000000000000e+00,-3.800000000000000000e+01
1.880146502089151994e+01,1.000000000000000000e+00,-3.300000000000000000e+01
1.880146502089151994e+01,1.000000000000000000e+00,-3.700000000000000000e+01
1.880146502089151994e+01,1.000000000000000000e+00,-3.500000000000000000e+01
1.880146502089151994e+01,1.000000000000000000e+00,-3.900000000000000000e+01
1.880146502089151994e+01,1.000000000000000000e+00,-3.600000000000000000e+01
1.880146502089151994e+01,1.000000000000000000e+00,-4.000000000000000000e+01
1.880146502089151994e+01,1.000000000000000000e+00,-3.700000000000000000e+01
1.880146502089151994e+01,1.000000000000000000e+00,-3.600000000000000000e+01
1.880146502089151994e+01,1.000000000000000000e+00,-3.600000000000000000e+01
1.880146502089151994e+01,1.000000000000000000e+00,-3.700000000000000000e+01
1.880146502089151994e+01,1.000000000000000000e+00,-3.800000000000000000e+01
1.880146502089151994e+01,1.000000000000000000e+00,-3.600000000000000000e+01
1.880146502089151994e+01,1.000000000000000000e+00,-3.900000000000000000e+01
1.880146502089151994e+01,1.000000000000000000e+00,-3.700000000000000000e+01
1.880146502089151994e+01,1.000000000000000000e+00,-3.600000000000000000e+01
1.880146502089151994e+01,1.000000000000000000e+00,-3.800000000000000000e+01
1.880146502089151994e+01,1.000000000000000000e+00,-3.700000000000000000e+01
1.880146502089151994e+01,1.000000000000000000e+00,-3.700000000000000000e+01
1.880146502089151994e+01,1.000000000000000000e+00,-3.500000000000000000e+01
1.880146502089151994e+01,1.000000000000000000e+00,-3.800000000000000000e+01
1.880146502089151994e+01,1.000000000000000000e+00,-3.700000000000000000e+01
1.880146502089151994e+01,1.000000000000000000e+00,-3.800000000000000000e+01
1.880146502089151994e+01,1.000000000000000000e+00,-3.600000000000000000e+01
1.880146502089151994e+01,1.000000000000000000e+00,-4.000000000000000000e+01
1.880146502089151994e+01,1.000000000000000000e+00,-3.900000000000000000e+01
1.880146502089151994e+01,1.000000000000000000e+00,-3.400000000000000000e+01
1.880146502089151994e+01,1.000000000000000000e+00,-3.700000000000000000e+01
1.880146502089151994e+01,1.000000000000000000e+00,-3.400000000000000000e+01
1.880146502089151994e+01,1.000000000000000000e+00,-3.800000000000000000e+01
1.880146502089151994e+01,1.000000000000000000e+00,-3.500000000000000000e+01
1.880146502089151994e+01,1.000000000000000000e+00,-3.200000000000000000e+01
1.880146502089151994e+01,1.000000000000000000e+00,-3.600000000000000000e+01
1.880146502089151994e+01,1.000000000000000000e+00,-3.400000000000000000e+01
1.880146502089151994e+01,1.000000000000000000e+00,-3.700000000000000000e+01
5.386465865570727374e+01,0.000000000000000000e+00,0.000000000000000000e+00
5.485709933665514626e+01,0.000000000000000000e+00,0.000000000000000000e+00
5.209210960487742881e+01,0.000000000000000000e+00,0.000000000000000000e+00
5.446119640355074409e+01,0.000000000000000000e+00,0.000000000000000000e+00
5.631095082460069534e+01,0.000000000000000000e+00,0.000000000000000000e+00
5.534758370126912297e+01,0.000000000000000000e+00,0.000000000000000000e+00
5.451206975974523772e+01,0.000000000000000000e+00,0.000000000000000000e+00
5.787420802869690561e+01,0.000000000000000000e+00,0.000000000000000000e+00
5.373089937884998335e+01,0.000000000000000000e+00,0.000000000000000000e+00
5.408915478517915432e+01,0.000000000000000000e+00,0.000000000000000000e+00
5.110795074642583558e+01,0.000000000000000000e+00,0.000000000000000000e+00
5.529614062897609017e+01,0.000000000000000000e+00,0.000000000000000000e+00
5.477373072068817805e+01,0.000000000000000000e+00,0.000000000000000000e+00
5.265143998872622433e+01,0.000000000000000000e+00,0.000000000000000000e+00
5.266893800820150773e+01,0.000000000000000000e+00,0.000000000000000000e+00
5.588516730123903642e+01,0.000000000000000000e+00,0.000000000000000000e+00
5.449852662321740127e+01,0.000000000000000000e+00,0.000000000000000000e+00
5.095444395630732259e+01,0.000000000000000000e+00,0.000000000000000000e+00
5.442427898553867038e+01,0.000000000000000000e+00,0.000000000000000000e+00
5.624108280039730090e+01,0.000000000000000000e+00,0.000000000000000000e+00
5.198906496588339365e+01,0.000000000000000000e+00,0.000000000000000000e+00
5.225327236657211216e+01,0.000000000000000000e+00,0.000000000000000000e+00
5.421356324219686229e+01,0.000000000000000000e+00,0.000000000000000000e+00
5.180749339243557472e+01,0.000000000000000000e+00,0.000000000000000000e+00
5.492346945063560781e+01,0.000000000000000000e+00,0.000000000000000000e+00
4.828090273627196183e+01,0.000000000000000000e+00,0.000000000000000000e+00
5.275444054287681439e+01,0.000000000000000000e+00,0.000000000000000000e+00
5.467236934828271444e+01,0.000000000000000000e+00,0.000000000000000000e+00
5.064728993119754108e+01,0.000000000000000000e+00,0.000000000000000000e+00
5.247532609866556896e+01,0.000000000000000000e+00,0.000000000000000000e+00
5.248352073040322097e+01,0.000000000000000000e+00,0.000000000000000000e+00
5.301475697298493373e+01,0.000000000000000000e+00,0.000000000000000000e+00
5.175022979795126332e+01,0.000000000000000000e+00,0.000000000000000000e+00
5.139170319338894899e+01,0.000000000000000000e+00,0.000000000000000000e+00
5.189020996956014642e+01,0.000000000000000000e+00,0.000000000000000000e+00
5.132982172860678105e+01,0.000000000000000000e+00,0.000000000000000000e+00
5.373052574767274336e+01,0.000000000000000000e+00,0.000000000000000000e+00
5.561287453874591336e+01,0.000000000000000000e+00,0.000000000000000000e+00
5.433853475595964255e+01,0.000000000000000000e+00,0.000000000000000000e+00
5.303172512616080780e+01,0.000000000000000000e+00,0.000000000000000000e+00
4.896509749468047090e+01,0.000000000000000000e+00,0.000000000000000000e+00
4.812211844935710303e+01,0.000000000000000000e+00,0.000000000000000000e+00
4.747155054064788260e+01,0.000000000000000000e+00,0.000000000000000000e+00
4.942455861415262319e+01,0.000000000000000000e+00,0.000000000000000000e+00
5.549582733680059476e+01,0.000000000000000000e+00,0.000000000000000000e+00
4.938786640228929059e+01,0.000000000000000000e+00,0.000000000000000000e+00
4.947725864364279147e+01,0.000000000000000000e+00,0.000000000000000000e+00
4.740747309613621496e+01,0.000000000000000000e+00,0.000000000000000000e+00
5.082621578988457145e+01,0.000000000000000000e+00,0.000000000000000000e+00
5.022075007050118955e+01,0.000000000000000000e+00,0.000000000000000000e+00
4.454630027976944007e+01,0.000000000000000000e+00,0.000000000000000000e+00
4.700500580120692007e+01,0.000000000000000000e+00,0.000000000000000000e+00
5.437751711607077709e+01,0.000000000000000000e+00,0.000000000000000000e+00
5.101661250474259646e+01,0.000000000000000000e+00,0.000000000000000000e+00
5.042753789278685161e+01,0.000000000000000000e+00,0.000000000000000000e+00
4.740715330057075505e+01,0.000000000000000000e+00,0.000000000000000000e+00
5.069544284008256341e+01,0.000000000000000000e+00,0.000000000000000000e+00
5.231846263975740641e+01,0.000000000000000000e+00,0.000000000000000000e+00
5.078659941794501265e+01,0.000000000000000000e+00,0.000000000000000000e+00
4.783287728034367348e+01,0.000000000000000000e+00,0.000000000000000000e+00
5.020501684910698259e+01,0.000000000000000000e+00,0.000000000000000000e+00
4.972104654219621267e+01,0.000000000000000000e+00,0.000000000000000000e+00
4.806705435269955018e+01,0.000000000000000000e+00,0.000000000000000000e+00
5.027659831446127470e+01,0.000000000000000000e+00,0.000000000000000000e+00
5.160572254779707890e+01,0.000000000000000000e+00,0.000000000000000000e+00
4.886207635109433056e+01,0.000000000000000000e+00,0.000000000000000000e+00
4.682795537291670485e+01,0.000000000000000000e+00,0.000000000000000000e+00
4.723607660416045206e+01,0.000000000000000000e+00,0.000000000000000000e+00
4.856071211833662460e+01,0.000000000000000000e+00,0.000000000000000000e+00
5.100122163969237477e+01,0.000000000000000000e+00,0.000000000000000000e+00
4.717908555381478664e+01,0.000000000000000000e+00,0.000000000000000000e+00
5.150173606513694580e+01,0.000000000000000000e+00,0.000000000000000000e+00
4.822786049200952618e+01,0.000000000000000000e+00,0.000000000000000000e+00
5.056285493197604097e+01,0.000000000000000000e+00,0.000000000000000000e+00
4.755448340537107299e+01,0.000000000000000000e+00,0.000000000000000000e+00
4.741011762747818636e+01,0.000000000000000000e+00,0.000000000000000000e+00
4.744730639077042156e+01,0.000000000000000000e+00,0.000000000000000000e+00
4.827849037064014937e+01,0.000000000000000000e+00,0.000000000000000000e+00
5.052395783667459739e+01,0.000000000000000000e+00,0.000000000000000000e+00
5.058824465376596891e+01,0.000000000000000000e+00,0.000000000000000000e+00
4.392237895764588274e+01,0.000000000000000000e+00,0.000000000000000000e+00
4.613886797511390370e+01,0.000000000000000000e+00,0.000000000000000000e+00
4.742976560065119429e+01,0.000000000000000000e+00,0.000000000000000000e+00
5.050455354335580438e+01,0.000000000000000000e+00,0.000000000000000000e+00
4.821308464181039710e+01,0.000000000000000000e+00,0.000000000000000000e+00
4.981184183770491813e+01,0.000000000000000000e+00,0.000000000000000000e+00
4.779962443161598884e+01,0.000000000000000000e+00,0.000000000000000000e+00
4.717152789894740295e+01,0.000000000000000000e+00,0.000000000000000000e+00
4.592346433644217285e+01,0.000000000000000000e+00,0.000000000000000000e+00
4.625368128190105921e+01,0.000000000000000000e+00,0.000000000000000000e+00
4.788724061354611194e+01,0.000000000000000000e+00,0.000000000000000000e+00
4.970258264383249980e+01,0.000000000000000000e+00,0.000000000000000000e+00
5.042294231022255957e+01,0.000000000000000000e+00,0.000000000000000000e+00
4.524133910938329706e+01,0.000000000000000000e+00,0.000000000000000000e+00
4.593997098719545846e+01,0.000000000000000000e+00,0.000000000000000000e+00
4.663997198677108003e+01,0.000000000000000000e+00,0.000000000000000000e+00
4.635616721353054004e+01,0.000000000000000000e+00,0.000000000000000000e+00
4.348269659295903722e+01,0.000000000000000000e+00,0.000000000000000000e+00
4.901725864318292025e+01,0.000000000000000000e+00,0.000000000000000000e+00
4.678931014733006322e+01,0.000000000000000000e+00,0.000000000000000000e+00
4.785612024100534256e+01,0.000000000000000000e+00,0.000000000000000000e+00
4.145160940465883925e+01,0.000000000000000000e+00,0.000000000000000000e+00
4.087305324241093274e+01,0.000000000000000000e+00,0.000000000000000000e+00
4.451598134604459034e+01,0.000000000000000000e+00,0.000000000000000000e+00
4.332750202906458981e+01,0.000000000000000000e+00,0.000000000000000000e+00
4.760120696497055093e+01,0.000000000000000000e+00,0.000000000000000000e+00
4.726886948966654955e+01,0.000000000000000000e+00,0.000000000000000000e+00
4.466501870650726147e+01,0.000000000000000000e+00,0.000000000000000000e+00
4.563325048388733052e+01,0.000000000000000000e+00,0.000000000000000000e+00
4.787292216211467633e+01,0.000000000000000000e+00,0.000000000000000000e+00
4.604335230495496489e+01,0.000000000000000000e+00,0.000000000000000000e+00
4.525859372552486803e+01,0.000000000000000000e+00,0.000000000000000000e+00
4.204465190756116044e+01,0.000000000000000000e+00,0.000000000000000000e+00
4.124063206623334565e+01,0.000000000000000000e+00,0.000000000000000000e+00
4.646407019978716590e+01,0.000000000000000000e+00,0.000000000000000000e+00
4.568077106518713748e+01,0.000000000000000000e+00,0.000000000000000000e+00
4.535732101021699236e+01,0.000000000000000000e+00,0.000000000000000000e+00
4.320949278926074300e+01,0.000000000000000000e+00,0.000000000000000000e+00
4.854767872305965426e+01,0.000000000000000000e+00,0.000000000000000000e+00
4.379502957114138439e+01,0.000000000000000000e+00,0.000000000000000000e+00
4.480428031954775747e+01,0.000000000000000000e+00,0.000000000000000000e+00
4.356921336631067732e+01,0.000000000000000000e+00,0.000000000000000000e+00
4.489061794122468285e+01,0.000000000000000000e+00,0.000000000000000000e+00
4.841531890189441611e+01,0.000000000000000000e+00,0.000000000000000000e+00
4.771383655938445401e+01,0.000000000000000000e+00,0.000000000000000000e+00
4.375085636374486597e+01,0.000000000000000000e+00,0.000000000000000000e+00
4.496736524651863931e+01,0.000000000000000000e+00,0.000000000000000000e+00
4.199729783665513594e+01,0.000000000000000000e+00,0.000000000000000000e+00
4.294776125717431370e+01,0.000000000000000000e+00,0.000000000000000000e+00
4.420083851347255433e+01,0.000000000000000000e+00,0.000000000000000000e+00
4.431766000618692658e+01,0.000000000000000000e+00,0.000000000000000000e+00
4.513066101980400902e+01,0.000000000000000000e+00,0.000000000000000000e+00
4.199340015188786168e+01,0.000000000000000000e+00,0.000000000000000000e+00
3.952967977868182459e+01,0.000000000000000000e+00,0.000000000000000000e+00
4.617473488496461442e+01,0.000000000000000000e+00,0.000000000000000000e+00
4.652657972160256605e+01,0.000000000000000000e+00,0.000000000000000000e+00
4.300362148203970492e+01,0.000000000000000000e+00,0.000000000000000000e+00
4.619530941195240104e+01,0.000000000000000000e+00,0.000000000000000000e+00
3.988196324668752624e+01,0.000000000000000000e+00,0.000000000000000000e+00
4.419205415741163989e+01,0.000000000000000000e+00,0.000000000000000000e+00
4.765740658436320132e+01,0.000000000000000000e+00,0.000000000000000000e+00
4.188445365753531746e+01,0.000000000000000000e+00,0.000000000000000000e+00
4.427335600322188469e+01,0.000000000000000000e+00,0.000000000000000000e+00
4.299215300081687019e+01,0.000000000000000000e+00,0.000000000000000000e+00
4.078893780236182920e+01,0.000000000000000000e+00,0.000000000000000000e+00
4.388451619521026004e+01,0.000000000000000000e+00,0.000000000000000000e+00
4.256310485218876494e+01,0.000000000000000000e+00,0.000000000000000000e+00
4.175057168161750099e+01,0.000000000000000000e+00,0.000000000000000000e+00
4.067841326101837751e+01,0.000000000000000000e+00,0.000000000000000000e+00
4.252663020863589338e+01,0.000000000000000000e+00,0.000000000000000000e+00
4.338371377512437732e+01,0.000000000000000000e+00,0.000000000000000000e+00
4.330716302263716244e+01,0.000000000000000000e+00,0.000000000000000000e+00
4.099166918600059972e+01,0.000000000000000000e+00,0.000000000000000000e+00
4.458541614621867666e+01,0.000000000000000000e+00,0.000000000000000000e+00
4.294253524709318981e+01,0.000000000000000000e+00,0.000000000000000000e+00
3.965909064220848990e+01,0.000000000000000000e+00,0.000000000000000000e+00
3.899147178099871525e+01,0.000000000000000000e+00,0.000000000000000000e+00
4.186032376821525958e+01,0.000000000000000000e+00,0.000000000000000000e+00
4.140025377101613913e+01,0.000000000000000000e+00,0.000000000000000000e+00
4.598517224213329513e+01,0.000000000000000000e+00,0.000000000000000000e+00
4.037228067737672887e+01,0.000000000000000000e+00,0.000000000000000000e+00
4.082837639715155831e+01,0.000000000000000000e+00,0.000000000000000000e+00
3.815100874927775720e+01,0.000000000000000000e+00,0.000000000000000000e+00
4.010409460749116306e+01,0.000000000000000000e+00,0.000000000000000000e+00
4.089673873960193617e+01,0.000000000000000000e+00,0.000000000000000000e+00
4.264196907327947628e+01,0.000000000000000000e+00,0.000000000000000000e+00
4.584626775156851863e+01,0.000000000000000000e+00,0.000000000000000000e+00
4.132873734573036018e+01,0.000000000000000000e+00,0.000000000000000000e+00
3.951981688131274950e+01,0.000000000000000000e+00,0.000000000000000000e+00
3.996683675663395974e+01,0.000000000000000000e+00,0.000000000000000000e+00
3.811360144117020354e+01,0.000000000000000000e+00,0.000000000000000000e+00
4.101815787608409636e+01,0.000000000000000000e+00,0.000000000000000000e+00
4.076113643811876130e+01,0.000000000000000000e+00,0.000000000000000000e+00
4.587787094989232628e+01,0.000000000000000000e+00,0.000000000000000000e+00
3.871986495503686854e+01,0.000000000000000000e+00,0.000000000000000000e+00
4.039009838569744915e+01,0.000000000000000000e+00,0.000000000000000000e+00
3.731874772487952185e+01,0.000000000000000000e+00,0.000000000000000000e+00
3.723952078422883005e+01,0.000000000000000000e+00,0.000000000000000000e+00
3.728272365278990463e+01,0.000000000000000000e+00,0.000000000000000000e+00
3.883672880608307310e+01,0.000000000000000000e+00,0.000000000000000000e+00
4.086971721333185315e+01,0.000000000000000000e+00,0.000000000000000000e+00
4.088308230109424812e+01,0.000000000000000000e+00,0.000000000000000000e+00
3.945504333287912857e+01,0.000000000000000000e+00,0.000000000000000000e+00
4.156514016664337419e+01,0.000000000000000000e+00,0.000000000000000000e+00
4.306743218658622396e+01,0.000000000000000000e+00,0.000000000000000000e+00
4.148386680083510214e+01,0.000000000000000000e+00,0.000000000000000000e+00
4.020255714590021512e+01,0.000000000000000000e+00,0.000000000000000000e+00
3.823824326336479373e+01,0.000000000000000000e+00,0.000000000000000000e+00
4.044625348868743231e+01,0.000000000000000000e+00,0.000000000000000000e+00
4.227646467444368028e+01,0.000000000000000000e+00,0.000000000000000000e+00
3.767059577924285207e+01,0.000000000000000000e+00,0.000000000000000000e+00
4.375362621380081407e+01,0.000000000000000000e+00,0.000000000000000000e+00
3.523797177579679385e+01,0.000000000000000000e+00,0.000000000000000000e+00
3.529362838166955640e+01,0.000000000000000000e+00,0.000000000000000000e+00
4.075723398968084865e+01,0.000000000000000000e+00,0.000000000000000000e+00
4.018231444347036074e+01,0.000000000000000000e+00,0.000000000000000000e+00
3.961741123292024014e+01,0.000000000000000000e+00,0.000000000000000000e+00
4.166290433247587544e+01,0.000000000000000000e+00,0.000000000000000000e+00
4.365508640919122740e+01,0.000000000000000000e+00,0.000000000000000000e+00
3.965917801696576817e+01,0.000000000000000000e+00,0.000000000000000000e+00
4.121095497281662290e+01,0.000000000000000000e+00,0.000000000000000000e+00
3.861694696251048953e+01,0.000000000000000000e+00,0.000000000000000000e+00
3.677146823472264714e+01,0.000000000000000000e+00,0.000000000000000000e+00
3.786712744986252943e+01,0.000000000000000000e+00,0.000000000000000000e+00
3.443797044686002096e+01,0.000000000000000000e+00,0.000000000000000000e+00
3.788508818013303170e+01,0.000000000000000000e+00,0.000000000000000000e+00
3.706943739684758299e+01,0.000000000000000000e+00,0.000000000000000000e+00
3.817981877217135178e+01,0.000000000000000000e+00,0.000000000000000000e+00
4.112940890965376184e+01,0.000000000000000000e+00,0.000000000000000000e+00
3.351623173785714016e+01,0.000000000000000000e+00,0.000000000000000000e+00
3.907747861541302115e+01,0.000000000000000000e+00,0.000000000000000000e+00
3.562758654608263242e+01,0.000000000000000000e+00,0.000000000000000000e+00
3.715994582377837929e+01,0.000000000000000000e+00,0.000000000000000000e+00
3.876720056631916123e+01,0.000000000000000000e+00,0.000000000000000000e+00
4.012855662175190474e+01,0.000000000000000000e+00,0.000000000000000000e+00
3.614683572076082640e+01,0.000000000000000000e+00,0.000000000000000000e+00
3.373218493863653578e+01,0.000000000000000000e+00,0.000000000000000000e+00
3.618792927678153148e+01,0.000000000000000000e+00,0.000000000000000000e+00
3.796728395733308759e+01,0.000000000000000000e+00,0.000000000000000000e+00
3.564870071947104435e+01,0.000000000000000000e+00,0.000000000000000000e+00
3.865906422844391699e+01,0.000000000000000000e+00,0.000000000000000000e+00
3.809689154356658491e+01,0.000000000000000000e+00,0.000000000000000000e+00
3.774168409595009877e+01,0.000000000000000000e+00,0.000000000000000000e+00
3.607570984873675002e+01,0.000000000000000000e+00,0.000000000000000000e+00
3.595531262860393440e+01,0.000000000000000000e+00,0.000000000000000000e+00
3.660692087377749715e+01,0.000000000000000000e+00,0.000000000000000000e+00
3.732387274366861618e+01,0.000000000000000000e+00,0.000000000000000000e+00
3.735913263028309217e+01,0.000000000000000000e+00,0.000000000000000000e+00
3.678197102506618421e+01,0.000000000000000000e+00,0.000000000000000000e+00
3.436591901595125620e+01,0.000000000000000000e+00,0.000000000000000000e+00
3.882601059931833021e+01,0.000000000000000000e+00,0.000000000000000000e+00
3.672023622646978680e+01,0.000000000000000000e+00,0.000000000000000000e+00
3.851221906382591698e+01,0.000000000000000000e+00,0.000000000000000000e+00
3.667331543411780359e+01,0.000000000000000000e+00,0.000000000000000000e+00
3.834617866041041623e+01,0.000000000000000000e+00,0.000000000000000000e+00
3.366564976633171113e+01,0.000000000000000000e+00,0.000000000000000000e+00
3.657969641669532734e+01,0.000000000000000000e+00,0.000000000000000000e+00
3.785072721821992303e+01,0.000000000000000000e+00,0.000000000000000000e+00
3.661377353601317708e+01,0.000000000000000000e+00,0.000000000000000000e+00
4.078118705314302161e+01,0.000000000000000000e+00,0.000000000000000000e+00
3.612996657765553721e+01,0.000000000000000000e+00,0.000000000000000000e+00
3.100153332077587010e+01,0.000000000000000000e+00,0.000000000000000000e+00
3.357417708987973981e+01,0.000000000000000000e+00,0.000000000000000000e+00
3.790053703996559875e+01,0.000000000000000000e+00,0.000000000000000000e+00
3.423662136737363682e+01,0.000000000000000000e+00,0.000000000000000000e+00
3.696682600172226074e+01,0.000000000000000000e+00,0.000000000000000000e+00
3.563229930292357039e+01,0.000000000000000000e+00,0.000000000000000000e+00
3.523564230738961101e+01,0.000000000000000000e+00,0.000000000000000000e+00
3.629704036350263152e+01,0.000000000000000000e+00,0.000000000000000000e+00
3.372080092934023554e+01,0.000000000000000000e+00,0.000000000000000000e+00
3.486834969054336142e+01,0.000000000000000000e+00,0.000000000000000000e+00
3.549606341967393774e+01,0.000000000000000000e+00,0.000000000000000000e+00
3.495715968994331746e+01,0.000000000000000000e+00,0.000000000000000000e+00
3.721217051130665254e+01,0.000000000000000000e+00,0.000000000000000000e+00
3.155350846996253011e+01,0.000000000000000000e+00,0.000000000000000000e+00
3.448382931521693706e+01,0.000000000000000000e+00,0.000000000000000000e+00
3.242848436251872357e+01,0.000000000000000000e+00,0.000000000000000000e+00
3.371108502651792094e+01,0.000000000000000000e+00,0.000000000000000000e+00
3.900656949122681283e+01,0.000000000000000000e+00,0.000000000000000000e+00
3.417194887015023852e+01,0.000000000000000000e+00,0.000000000000000000e+00
3.527467315932101855e+01,0.000000000000000000e+00,0.000000000000000000e+00
3.555980889951599977e+01,0.000000000000000000e+00,0.000000000000000000e+00
3.570348852434764808e+01,0.000000000000000000e+00,0.000000000000000000e+00
3.346283944547157319e+01,0.000000000000000000e+00,0.000000000000000000e+00
3.586080556438113831e+01,0.000000000000000000e+00,0.000000000000000000e+00
3.410654996993589094e+01,0.000000000000000000e+00,0.000000000000000000e+00
3.212826850674736789e+01,0.000000000000000000e+00,0.000000000000000000e+00
3.402445305650608987e+01,0.000000000000000000e+00,0.000000000000000000e+00
3.483685890012329622e+01,0.000000000000000000e+00,0.000000000000000000e+00
3.312005238531406803e+01,0.000000000000000000e+00,0.000000000000000000e+00
3.078313796270023417e+01,0.000000000000000000e+00,0.000000000000000000e+00
3.293209680509924908e+01,0.000000000000000000e+00,0.000000000000000000e+00
3.357604594183642632e+01,0.000000000000000000e+00,0.000000000000000000e+00
3.317537991693315291e+01,0.000000000000000000e+00,0.000000000000000000e+00
3.501712900350145929e+01,0.000000000000000000e+00,0.000000000000000000e+00
3.458895390690924643e+01,0.000000000000000000e+00,0.000000000000000000e+00
3.502362692896937091e+01,0.000000000000000000e+00,0.000000000000000000e+00
3.231943247969866917e+01,0.000000000000000000e+00,0.000000000000000000e+00
3.165015182926281057e+01,0.000000000000000000e+00,0.000000000000000000e+00
3.419451563022651897e+01,0.000000000000000000e+00,0.000000000000000000e+00
3.363994032289913605e+01,0.000000000000000000e+00,0.000000000000000000e+00
3.178255518052925055e+01,0.000000000000000000e+00,0.000000000000000000e+00
3.425020070697706132e+01,0.000000000000000000e+00,0.000000000000000000e+00
3.566675478761351314e+01,0.000000000000000000e+00,0.000000000000000000e+00
3.317646491906677397e+01,0.000000000000000000e+00,0.000000000000000000e+00
3.389750525149423765e+01,0.000000000000000000e+00,0.000000000000000000e+00
3.132870734972204474e+01,0.000000000000000000e+00,0.000000000000000000e+00
3.383089565996674253e+01,0.000000000000000000e+00,0.000000000000000000e+00
3.384185500592007401e+01,0.000000000000000000e+00,0.000000000000000000e+00
3.217109569153538473e+01,0.000000000000000000e+00,0.000000000000000000e+00
3.039228247004763261e+01,0.000000000000000000e+00,0.000000000000000000e+00
2.831222160536624699e+01,0.000000000000000000e+00,0.000000000000000000e+00
3.539432959897149544e+01,0.000000000000000000e+00,0.000000000000000000e+00
2.765508047585359463e+01,0.000000000000000000e+00,0.000000000000000000e+00
3.011784641347454539e+01,0.000000000000000000e+00,0.000000000000000000e+00
3.005308188519238755e+01,0.000000000000000000e+00,0.000000000000000000e+00
3.027944235360329017e+01,0.000000000000000000e+00,0.000000000000000000e+00
3.131257301748474120e+01,0.000000000000000000e+00,0.000000000000000000e+00
2.975376735941800277e+01,0.000000000000000000e+00,0.000000000000000000e+00
3.160154790320087770e+01,0.000000000000000000e+00,0.000000000000000000e+00
3.203227572391547540e+01,0.000000000000000000e+00,0.000000000000000000e+00
3.356419457607140089e+01,0.000000000000000000e+00,0.000000000000000000e+00
2.926682943647244883e+01,0.000000000000000000e+00,0.000000000000000000e+00
2.921180678987119350e+01,0.000000000000000000e+00,0.000000000000000000e+00
3.263241150900527288e+01,0.000000000000000000e+00,0.000000000000000000e+00
3.395821299148725814e+01,0.000000000000000000e+00,0.000000000000000000e+00
3.275634809609447018e+01,0.000000000000000000e+00,0.000000000000000000e+00
2.904995223347625100e+01,0.000000000000000000e+00,0.000000000000000000e+00
2.982789478757862511e+01,0.000000000000000000e+00,0.000000000000000000e+00
3.060651716354715646e+01,0.000000000000000000e+00,0.000000000000000000e+00
3.263874338593623747e+01,0.000000000000000000e+00,0.000000000000000000e+00
3.181830865997673286e+01,0.000000000000000000e+00,0.000000000000000000e+00
2.789633612260873363e+01,0.000000000000000000e+00,0.000000000000000000e+00
3.184101270430486963e+01,0.000000000000000000e+00,0.000000000000000000e+00
3.113568617133323002e+01,0.000000000000000000e+00,0.000000000000000000e+00
3.326976559184621607e+01,0.000000000000000000e+00,0.000000000000000000e+00
2.740624298384163282e+01,0.000000000000000000e+00,0.000000000000000000e+00
3.226401043160629456e+01,0.000000000000000000e+00,0.000000000000000000e+00
3.249847076633823661e+01,0.000000000000000000e+00,0.000000000000000000e+00
3.005211795521149298e+01,0.000000000000000000e+00,0.000000000000000000e+00
3.150986448013955865e+01,0.000000000000000000e+00,0.000000000000000000e+00
2.844120273442834090e+01,0.000000000000000000e+00,0.000000000000000000e+00
2.843031933644762788e+01,0.000000000000000000e+00,0.000000000000000000e+00
3.093092918277045911e+01,0.000000000000000000e+00,0.000000000000000000e+00
3.156735417268090060e+01,0.000000000000000000e+00,0.000000000000000000e+00
3.031971724040252880e+01,0.000000000000000000e+00,0.000000000000000000e+00
2.940848501712000029e+01,0.000000000000000000e+00,0.000000000000000000e+00
3.298340002370099455e+01,0.000000000000000000e+00,0.000000000000000000e+00
2.806714953060092910e+01,0.000000000000000000e+00,0.000000000000000000e+00
3.089092174605771390e+01,0.000000000000000000e+00,0.000000000000000000e+00
3.254674653143116103e+01,0.000000000000000000e+00,0.000000000000000000e+00
2.810919418324706598e+01,0.000000000000000000e+00,0.000000000000000000e+00
2.623406365151688036e+01,0.000000000000000000e+00,0.000000000000000000e+00
3.191499812081747933e+01,0.000000000000000000e+00,0.000000000000000000e+00
3.432542429239509119e+01,0.000000000000000000e+00,0.000000000000000000e+00
3.040435827801971413e+01,0.000000000000000000e+00,0.000000000000000000e+00
2.969423627662544618e+01,0.000000000000000000e+00,0.000000000000000000e+00
2.411497790075834047e+01,0.000000000000000000e+00,0.000000000000000000e+00
2.680202534330436492e+01,0.000000000000000000e+00,0.000000000000000000e+00
2.948960896375428931e+01,0.000000000000000000e+00,0.000000000000000000e+00
3.163810129838581275e+01,0.000000000000000000e+00,0.000000000000000000e+00
2.846429734221218766e+01,0.000000000000000000e+00,0.000000000000000000e+00
2.598898374640933184e+01,0.000000000000000000e+00,0.000000000000000000e+00
2.296323695168737800e+01,0.000000000000000000e+00,0.000000000000000000e+00
2.735663834101109870e+01,0.000000000000000000e+00,0.000000000000000000e+00
2.882548782011418353e+01,0.000000000000000000e+00,0.000000000000000000e+00
3.006113277620930901e+01,0.000000000000000000e+00,0.000000000000000000e+00
2.889502944735383849e+01,0.000000000000000000e+00,0.000000000000000000e+00
2.962489089302666656e+01,0.000000000000000000e+00,0.000000000000000000e+00
2.727968099013841297e+01,0.000000000000000000e+00,0.000000000000000000e+00
2.988601343024111401e+01,0.000000000000000000e+00,0.000000000000000000e+00
3.286810402107546025e+01,0.000000000000000000e+00,0.000000000000000000e+00
3.201465633380283293e+01,0.000000000000000000e+00,0.000000000000000000e+00
3.159549695337911146e+01,0.000000000000000000e+00,0.000000000000000000e+00
2.878756812851145241e+01,0.000000000000000000e+00,0.000000000000000000e+00
2.909231991546832319e+01,0.000000000000000000e+00,0.000000000000000000e+00
2.389781087527022407e+01,0.000000000000000000e+00,0.000000000000000000e+00
2.712979046788042226e+01,0.000000000000000000e+00,0.000000000000000000e+00
2.644660370725444309e+01,0.000000000000000000e+00,0.000000000000000000e+00
2.885784580742233629e+01,0.000000000000000000e+00,0.000000000000000000e+00
2.728215627415736222e+01,0.000000000000000000e+00,0.000000000000000000e+00
2.768675861196211230e+01,0.000000000000000000e+00,0.000000000000000000e+00
2.790708619915155708e+01,0.000000000000000000e+00,0.000000000000000000e+00
2.942497514420008287e+01,0.000000000000000000e+00,0.000000000000000000e+00
2.747324331100059425e+01,0.000000000000000000e+00,0.000000000000000000e+00
2.647580517963075053e+01,0.000000000000000000e+00,0.000000000000000000e+00
2.576815123628842130e+01,0.000000000000000000e+00,0.000000000000000000e+00
2.509352414653466212e+01,0.000000000000000000e+00,0.000000000000000000e+00
2.452431775840588912e+01,0.000000000000000000e+00,0.000000000000000000e+00
3.014349871473701725e+01,0.000000000000000000e+00,0.000000000000000000e+00
2.849700589268950779e+01,0.000000000000000000e+00,0.000000000000000000e+00
2.532627905586370076e+01,0.000000000000000000e+00,0.000000000000000000e+00
2.520751620111874658e+01,0.000000000000000000e+00,0.000000000000000000e+00
3.050880662859654535e+01,0.000000000000000000e+00,0.000000000000000000e+00
2.739680548379628888e+01,0.000000000000000000e+00,0.000000000000000000e+00
2.592631011996880730e+01,0.000000000000000000e+00,0.000000000000000000e+00
2.880203846582614347e+01,0.000000000000000000e+00,0.000000000000000000e+00
2.657132026507433409e+01,0.000000000000000000e+00,0.000000000000000000e+00
2.827268531030382093e+01,0.000000000000000000e+00,0.000000000000000000e+00
2.681841114070449450e+01,0.000000000000000000e+00,0.000000000000000000e+00
2.381455544694802384e+01,0.000000000000000000e+00,0.000000000000000000e+00
2.840939465255902974e+01,0.000000000000000000e+00,0.000000000000000000e+00
2.761608456774041542e+01,0.000000000000000000e+00,0.000000000000000000e+00
2.314903912106822403e+01,0.000000000000000000e+00,0.000000000000000000e+00
2.605533090229216597e+01,0.000000000000000000e+00,0.000000000000000000e+00
2.496553613259134252e+01,0.000000000000000000e+00,0.000000000000000000e+00
2.513751935070976984e+01,0.000000000000000000e+00,0.000000000000000000e+00
2.755609072369641410e+01,0.000000000000000000e+00,0.000000000000000000e+00
2.922654114239961487e+01,0.000000000000000000e+00,0.000000000000000000e+00
2.456103064647588496e+01,0.000000000000000000e+00,0.000000000000000000e+00
2.334312645184603596e+01,0.000000000000000000e+00,0.000000000000000000e+00
2.900938735854373363e+01,0.000000000000000000e+00,0.000000000000000000e+00
2.564794442721548151e+01,0.000000000000000000e+00,0.000000000000000000e+00
2.776567025161669733e+01,0.000000000000000000e+00,0.000000000000000000e+00
2.587849372210734344e+01,0.000000000000000000e+00,0.000000000000000000e+00
2.675636059179694115e+01,0.000000000000000000e+00,0.000000000000000000e+00
2.567719249715719698e+01,0.000000000000000000e+00,0.000000000000000000e+00
2.810794904318591847e+01,0.000000000000000000e+00,0.000000000000000000e+00
2.612744800623015706e+01,0.000000000000000000e+00,0.000000000000000000e+00
2.520252999323018983e+01,0.000000000000000000e+00,0.000000000000000000e+00
2.819622452573054971e+01,0.000000000000000000e+00,0.000000000000000000e+00
2.692636074570313198e+01,0.000000000000000000e+00,0.000000000000000000e+00
2.433736032947262728e+01,0.000000000000000000e+00,0.000000000000000000e+00
2.538087668581293599e+01,0.000000000000000000e+00,0.000000000000000000e+00
2.456229790886548159e+01,0.000000000000000000e+00,0.000000000000000000e+00
2.596441233106394009e+01,0.000000000000000000e+00,0.000000000000000000e+00
2.594593457267298575e+01,0.000000000000000000e+00,0.000000000000000000e+00
2.632788206708422507e+01,0.000000000000000000e+00,0.000000000000000000e+00
2.714577588767474836e+01,0.000000000000000000e+00,0.000000000000000000e+00
2.558170546331158590e+01,0.000000000000000000e+00,0.000000000000000000e+00
2.336142466828360753e+01,0.000000000000000000e+00,0.000000000000000000e+00
2.542739870928862800e+01,0.000000000000000000e+00,0.000000000000000000e+00
2.659103414819508160e+01,0.000000000000000000e+00,0.000000000000000000e+00
2.364648963401921478e+01,0.000000000000000000e+00,0.000000000000000000e+00
2.683646928000779042e+01,0.000000000000000000e+00,0.000000000000000000e+00
2.381033314034246473e+01,0.000000000000000000e+00,0.000000000000000000e+00
2.284838706106262407e+01,0.000000000000000000e+00,0.000000000000000000e+00
2.436890654783666932e+01,0.000000000000000000e+00,0.000000000000000000e+00
2.096853005269910497e+01,0.000000000000000000e+00,0.000000000000000000e+00
2.862290032148904473e+01,0.000000000000000000e+00,0.000000000000000000e+00
2.277076743553494254e+01,0.000000000000000000e+00,0.000000000000000000e+00
2.949199351001583835e+01,0.000000000000000000e+00,0.000000000000000000e+00
2.164028363792005649e+01,0.000000000000000000e+00,0.000000000000000000e+00
2.573327757939392768e+01,0.000000000000000000e+00,0.000000000000000000e+00
2.422045879297437665e+01,0.000000000000000000e+00,0.000000000000000000e+00
2.367076101050528436e+01,0.000000000000000000e+00,0.000000000000000000e+00
2.562592861404735345e+01,0.000000000000000000e+00,0.000000000000000000e+00
2.210202367788249589e+01,0.000000000000000000e+00,0.000000000000000000e+00
2.709680397503562688e+01,0.000000000000000000e+00,0.000000000000000000e+00
2.675225243800406361e+01,0.000000000000000000e+00,0.000000000000000000e+00
2.552341485620960171e+01,0.000000000000000000e+00,0.000000000000000000e+00
2.406553991082171606e+01,0.000000000000000000e+00,0.000000000000000000e+00
2.025792143851833060e+01,0.000000000000000000e+00,0.000000000000000000e+00
2.617582348131825754e+01,0.000000000000000000e+00,0.000000000000000000e+00
2.601425923557967579e+01,0.000000000000000000e+00,0.000000000000000000e+00
2.768979086583188831e+01,0.000000000000000000e+00,0.000000000000000000e+00
2.394965564218358267e+01,0.000000000000000000e+00,0.000000000000000000e+00
2.176140111596998494e+01,0.000000000000000000e+00,0.000000000000000000e+00
2.259735125144045043e+01,0.000000000000000000e+00,0.000000000000000000e+00
2.606835316747081421e+01,0.000000000000000000e+00,0.000000000000000000e+00
2.664336826685747894e+01,0.000000000000000000e+00,0.000000000000000000e+00
2.076283765141430493e+01,0.000000000000000000e+00,0.000000000000000000e+00
2.594156160305804093e+01,0.000000000000000000e+00,0.000000000000000000e+00
2.423980667137798051e+01,0.000000000000000000e+00,0.000000000000000000e+00
2.471248024608054905e+01,0.000000000000000000e+00,0.000000000000000000e+00
2.235864124404242048e+01,0.000000000000000000e+00,0.000000000000000000e+00
2.231645581709191362e+01,0.000000000000000000e+00,0.000000000000000000e+00
2.395419055487809956e+01,0.000000000000000000e+00,0.000000000000000000e+00
2.341978145350999796e+01,0.000000000000000000e+00,0.000000000000000000e+00
2.714244648184475395e+01,0.000000000000000000e+00,0.000000000000000000e+00
2.165084416917451904e+01,0.000000000000000000e+00,0.000000000000000000e+00
2.346877202323716460e+01,0.000000000000000000e+00,0.000000000000000000e+00
2.471079927195097170e+01,0.000000000000000000e+00,0.000000000000000000e+00
2.145891727244372049e+01,0.000000000000000000e+00,0.000000000000000000e+00
2.097944966681258094e+01,0.000000000000000000e+00,0.000000000000000000e+00
2.722591559170013653e+01,0.000000000000000000e+00,0.000000000000000000e+00
2.293129355307327799e+01,0.000000000000000000e+00,0.000000000000000000e+00
2.413713606698711089e+01,0.000000000000000000e+00,0.000000000000000000e+00
2.430923868493000839e+01,0.000000000000000000e+00,0.000000000000000000e+00
2.346116830001694353e+01,0.000000000000000000e+00,0.000000000000000000e+00
2.211761551827682837e+01,0.000000000000000000e+00,0.000000000000000000e+00
2.358204003803172100e+01,0.000000000000000000e+00,0.000000000000000000e+00
2.138113599622462502e+01,0.000000000000000000e+00,0.000000000000000000e+00
1.976216683380541639e+01,0.000000000000000000e+00,0.000000000000000000e+00
2.449903131938317102e+01,0.000000000000000000e+00,0.000000000000000000e+00
2.566516235624619569e+01,0.000000000000000000e+00,0.000000000000000000e+00
2.367199895118358199e+01,0.000000000000000000e+00,0.000000000000000000e+00
2.091779770287842766e+01,0.000000000000000000e+00,0.000000000000000000e+00
2.113780524755934209e+01,0.000000000000000000e+00,0.000000000000000000e+00
2.307973908378074057e+01,0.000000000000000000e+00,0.000000000000000000e+00
2.307959439918699829e+01,0.000000000000000000e+00,0.000000000000000000e+00
2.213557053129211027e+01,0.000000000000000000e+00,0.000000000000000000e+00
2.414165018176965560e+01,0.000000000000000000e+00,0.000000000000000000e+00
2.184876610948936104e+01,0.000000000000000000e+00,0.000000000000000000e+00
2.332284918423452424e+01,0.000000000000000000e+00,0.000000000000000000e+00
1.991461839007806489e+01,0.000000000000000000e+00,0.000000000000000000e+00
2.020907390842126716e+01,0.000000000000000000e+00,0.000000000000000000e+00
2.264183681755473287e+01,0.000000000000000000e+00,0.000000000000000000e+00
2.370711593322238997e+01,0.000000000000000000e+00,0.000000000000000000e+00
2.226927705593698192e+01,0.000000000000000000e+00,0.000000000000000000e+00
2.449525018281024558e+01,0.000000000000000000e+00,0.000000000000000000e+00
1.882118494405560227e+01,0.000000000000000000e+00,0.000000000000000000e+00
2.302745537589258262e+01,0.000000000000000000e+00,0.000000000000000000e+00
2.352957683711368020e+01,0.000000000000000000e+00,0.000000000000000000e+00
2.488154473860357285e+01,0.000000000000000000e+00,0.000000000000000000e+00
2.040331208287343401e+01,0.000000000000000000e+00,0.000000000000000000e+00
2.062516121249879220e+01,0.000000000000000000e+00,0.000000000000000000e+00
2.363095250255398483e+01,0.000000000000000000e+00,0.000000000000000000e+00
2.290331749781191206e+01,0.000000000000000000e+00,0.000000000000000000e+00
2.090447340454385738e+01,0.000000000000000000e+00,0.000000000000000000e+00
2.187633118368152907e+01,0.000000000000000000e+00,0.000000000000000000e+00
2.537229110539262678e+01,0.000000000000000000e+00,0.000000000000000000e+00
2.013941101807598599e+01,0.000000000000000000e+00,0.000000000000000000e+00
2.192188731784343148e+01,0.000000000000000000e+00,0.000000000000000000e+00
2.278074671881389079e+01,0.000000000000000000e+00,0.000000000000000000e+00
2.564352034209153075e+01,0.000000000000000000e+00,0.000000000000000000e+00
2.442126560653805711e+01,0.000000000000000000e+00,0.000000000000000000e+00
2.566763468436287354e+01,0.000000000000000000e+00,0.000000000000000000e+00
2.099941650705893892e+01,0.000000000000000000e+00,0.000000000000000000e+00
2.436682294035773566e+01,0.000000000000000000e+00,0.000000000000000000e+00
2.260768323699070592e+01,0.000000000000000000e+00,0.000000000000000000e+00
2.258694601998881524e+01,0.000000000000000000e+00,0.000000000000000000e+00
2.352845540030427429e+01,0.000000000000000000e+00,0.000000000000000000e+00
2.126499857597476861e+01,0.000000000000000000e+00,0.000000000000000000e+00
2.704791336229157750e+01,0.000000000000000000e+00,0.000000000000000000e+00
2.252402408739914463e+01,0.000000000000000000e+00,0.000000000000000000e+00
2.363928324000345071e+01,0.000000000000000000e+00,0.000000000000000000e+00
2.020278650926787023e+01,0.000000000000000000e+00,0.000000000000000000e+00
2.326117370015550279e+01,0.000000000000000000e+00,0.000000000000000000e+00
2.407740683104060153e+01,0.000000000000000000e+00,0.000000000000000000e+00
2.113308499970495902e+01,0.000000000000000000e+00,0.000000000000000000e+00
2.123748003637352255e+01,0.000000000000000000e+00,0.000000000000000000e+00
2.024226759667892139e+01,0.000000000000000000e+00,0.000000000000000000e+00
2.142813008614682246e+01,0.000000000000000000e+00,0.000000000000000000e+00
2.008163437295266363e+01,0.000000000000000000e+00,0.000000000000000000e+00
2.165233686815840386e+01,0.000000000000000000e+00,0.000000000000000000e+00
1.983728201543599567e+01,0.000000000000000000e+00,0.000000000000000000e+00
2.132817911693454960e+01,0.000000000000000000e+00,0.000000000000000000e+00
2.049428121830678506e+01,0.000000000000000000e+00,0.000000000000000000e+00
2.616871969862287273e+01,0.000000000000000000e+00,0.000000000000000000e+00
2.083402931975249572e+01,0.000000000000000000e+00,0.000000000000000000e+00
2.454398277690415853e+01,0.000000000000000000e+00,0.000000000000000000e+00
1.829163597604424751e+01,0.000000000000000000e+00,0.000000000000000000e+00
1.963373033216227270e+01,0.000000000000000000e+00,0.000000000000000000e+00
2.352355394288344570e+01,0.000000000000000000e+00,0.000000000000000000e+00
2.118734067469195637e+01,0.000000000000000000e+00,0.000000000000000000e+00
1.894079340335625972e+01,0.000000000000000000e+00,0.000000000000000000e+00
1.951426714587925915e+01,0.000000000000000000e+00,0.000000000000000000e+00
2.134899820871623888e+01,0.000000000000000000e+00,0.000000000000000000e+00
1.836318453030918363e+01,0.000000000000000000e+00,0.000000000000000000e+00
1.794191768248460050e+01,0.000000000000000000e+00,0.000000000000000000e+00
2.095039010901623655e+01,0.000000000000000000e+00,0.000000000000000000e+00
2.058720007949485264e+01,0.000000000000000000e+00,0.000000000000000000e+00
2.106726881446258304e+01,0.000000000000000000e+00,0.000000000000000000e+00
1.728483990646506996e+01,0.000000000000000000e+00,0.000000000000000000e+00
2.238620321009931757e+01,0.000000000000000000e+00,0.000000000000000000e+00
2.385360270879303357e+01,0.000000000000000000e+00,0.000000000000000000e+00
1.703781542950752481e+01,0.000000000000000000e+00,0.000000000000000000e+00
1.872940919575771090e+01,0.000000000000000000e+00,0.000000000000000000e+00
2.325350723082649296e+01,0.000000000000000000e+00,0.000000000000000000e+00
2.412971424798928766e+01,0.000000000000000000e+00,0.000000000000000000e+00
1.811359311020947871e+01,0.000000000000000000e+00,0.000000000000000000e+00
1.841468763366554739e+01,0.000000000000000000e+00,0.000000000000000000e+00
1.759548346407943598e+01,0.000000000000000000e+00,0.000000000000000000e+00
1.905510428177559490e+01,0.000000000000000000e+00,0.000000000000000000e+00
1.831815036854215606e+01,0.000000000000000000e+00,0.000000000000000000e+00
1.964809513160659549e+01,0.000000000000000000e+00,0.000000000000000000e+00
2.289922032319067213e+01,0.000000000000000000e+00,0.000000000000000000e+00
2.290146287165045180e+01,0.000000000000000000e+00,0.000000000000000000e+00
2.427493390541294360e+01,0.000000000000000000e+00,0.000000000000000000e+00
2.094331563154364773e+01,0.000000000000000000e+00,0.000000000000000000e+00
1.777195446199988282e+01,0.000000000000000000e+00,0.000000000000000000e+00
2.586135136772637821e+01,0.000000000000000000e+00,0.000000000000000000e+00
2.041088611561737309e+01,0.000000000000000000e+00,0.000000000000000000e+00
2.282634777747711397e+01,0.000000000000000000e+00,0.000000000000000000e+00
2.138899656998320609e+01,0.000000000000000000e+00,0.000000000000000000e+00
1.907371927795109201e+01,0.000000000000000000e+00,0.000000000000000000e+00
1.766570612668949991e+01,0.000000000000000000e+00,0.000000000000000000e+00
2.105923282738997671e+01,0.000000000000000000e+00,0.000000000000000000e+00
2.129557084849368209e+01,0.000000000000000000e+00,0.000000000000000000e+00
1.951228449668505860e+01,0.000000000000000000e+00,0.000000000000000000e+00
1.843682967173564080e+01,0.000000000000000000e+00,0.000000000000000000e+00
1.961754542091222575e+01,0.000000000000000000e+00,0.000000000000000000e+00
2.245115109102863826e+01,0.000000000000000000e+00,0.000000000000000000e+00
1.968845771377189280e+01,0.000000000000000000e+00,0.000000000000000000e+00
2.100484557074559078e+01,0.000000000000000000e+00,0.000000000000000000e+00
2.165138977136264842e+01,0.000000000000000000e+00,0.000000000000000000e+00
1.850158993596697243e+01,0.000000000000000000e+00,0.000000000000000000e+00
2.278900438328401634e+01,0.000000000000000000e+00,0.000000000000000000e+00
2.338351458287789697e+01,0.000000000000000000e+00,0.000000000000000000e+00
2.077742043113043380e+01,0.000000000000000000e+00,0.000000000000000000e+00
2.326023653686360149e+01,0.000000000000000000e+00,0.000000000000000000e+00
2.355394394804115521e+01,0.000000000000000000e+00,0.000000000000000000e+00
2.209635608166563259e+01,0.000000000000000000e+00,0.000000000000000000e+00
1.833678637632523589e+01,0.000000000000000000e+00,0.000000000000000000e+00
2.346781142692932320e+01,0.000000000000000000e+00,0.000000000000000000e+00
2.229795000708611141e+01,0.000000000000000000e+00,0.000000000000000000e+00
2.229353065719437055e+01,0.000000000000000000e+00,0.000000000000000000e+00
1.848283723292859193e+01,0.000000000000000000e+00,0.000000000000000000e+00
1.921623042462788788e+01,0.000000000000000000e+00,0.000000000000000000e+00
2.232769876145579246e+01,0.000000000000000000e+00,0.000000000000000000e+00
2.064585986543960061e+01,0.000000000000000000e+00,0.000000000000000000e+00
2.054239803936237507e+01,0.000000000000000000e+00,0.000000000000000000e+00
1.828621855734150259e+01,0.000000000000000000e+00,0.000000000000000000e+00
2.420300450583523499e+01,0.000000000000000000e+00,0.000000000000000000e+00
2.003094391381465300e+01,0.000000000000000000e+00,0.000000000000000000e+00
2.307704243420320722e+01,0.000000000000000000e+00,0.000000000000000000e+00
1.795069828597810613e+01,0.000000000000000000e+00,0.000000000000000000e+00
2.444625046658700995e+01,0.000000000000000000e+00,0.000000000000000000e+00
1.859707535914139243e+01,0.000000000000000000e+00,0.000000000000000000e+00
1.998862815275583316e+01,0.000000000000000000e+00,0.000000000000000000e+00
1.928389577869576144e+01,0.000000000000000000e+00,0.000000000000000000e+00
1.864664872976912591e+01,0.000000000000000000e+00,0.000000000000000000e+00
1.892723145567127929e+01,0.000000000000000000e+00,0.000000000000000000e+00
2.210072790391176767e+01,0.000000000000000000e+00,0.000000000000000000e+00
2.278240221790996145e+01,0.000000000000000000e+00,0.000000000000000000e+00
2.031374843144422115e+01,0.000000000000000000e+00,0.000000000000000000e+00
2.488732136073464218e+01,0.000000000000000000e+00,0.000000000000000000e+00
1.656688669684484339e+01,0.000000000000000000e+00,0.000000000000000000e+00
1.708971395677621530e+01,0.000000000000000000e+00,0.000000000000000000e+00
2.211793421395343273e+01,0.000000000000000000e+00,0.000000000000000000e+00
1.977510367628640964e+01,0.000000000000000000e+00,0.000000000000000000e+00
1.793039098640987206e+01,0.000000000000000000e+00,0.000000000000000000e+00
2.251359834732720699e+01,0.000000000000000000e+00,0.000000000000000000e+00
1.954387214018715468e+01,0.000000000000000000e+00,0.000000000000000000e+00
1.933870410058139910e+01,0.000000000000000000e+00,0.000000000000000000e+00
1.926667411981282640e+01,0.000000000000000000e+00,0.000000000000000000e+00
1.806940059393630449e+01,0.000000000000000000e+00,0.000000000000000000e+00
2.276394520348243589e+01,0.000000000000000000e+00,0.000000000000000000e+00
1.975770181940758619e+01,0.000000000000000000e+00,0.000000000000000000e+00
2.194832397617497932e+01,0.000000000000000000e+00,0.000000000000000000e+00
2.278897924836364552e+01,0.000000000000000000e+00,0.000000000000000000e+00
2.135810468225461278e+01,0.000000000000000000e+00,0.000000000000000000e+00
1.921667008722224423e+01,0.000000000000000000e+00,0.000000000000000000e+00
2.090736914517178846e+01,0.000000000000000000e+00,0.000000000000000000e+00
2.100015904838135583e+01,0.000000000000000000e+00,0.000000000000000000e+00
1.886736778618054444e+01,0.000000000000000000e+00,0.000000000000000000e+00
2.043501151155749795e+01,0.000000000000000000e+00,0.000000000000000000e+00
1.970152042705606377e+01,0.000000000000000000e+00,0.000000000000000000e+00
2.655505117006269700e+01,0.000000000000000000e+00,0.000000000000000000e+00
1.871303820974155840e+01,0.000000000000000000e+00,0.000000000000000000e+00
2.120608825984055557e+01,0.000000000000000000e+00,0.000000000000000000e+00
1.925023937888282077e+01,0.000000000000000000e+00,0.000000000000000000e+00
2.354669545873390391e+01,0.000000000000000000e+00,0.000000000000000000e+00
2.193259423409495668e+01,0.000000000000000000e+00,0.000000000000000000e+00
2.109163645992791913e+01,0.000000000000000000e+00,0.000000000000000000e+00
1.699004669441414350e+01,0.000000000000000000e+00,0.000000000000000000e+00
1.889342288663285530e+01,0.000000000000000000e+00,0.000000000000000000e+00
1.966977525149637884e+01,0.000000000000000000e+00,0.000000000000000000e+00
2.329748183961209307e+01,0.000000000000000000e+00,0.000000000000000000e+00
1.846127774445422176e+01,0.000000000000000000e+00,0.000000000000000000e+00
1.860022720920448336e+01,0.000000000000000000e+00,0.000000000000000000e+00
2.111971691809104357e+01,0.000000000000000000e+00,0.000000000000000000e+00
1.985645100186626877e+01,0.000000000000000000e+00,0.000000000000000000e+00
2.206779708078746438e+01,0.000000000000000000e+00,0.000000000000000000e+00
1.861815838077771801e+01,0.000000000000000000e+00,0.000000000000000000e+00
1.695008223943044356e+01,0.000000000000000000e+00,0.000000000000000000e+00
2.181658439762606605e+01,0.000000000000000000e+00,0.000000000000000000e+00
2.136165201148325821e+01,0.000000000000000000e+00,0.000000000000000000e+00
1.992719631239067724e+01,0.000000000000000000e+00,0.000000000000000000e+00
2.334470821279115071e+01,0.000000000000000000e+00,0.000000000000000000e+00
2.303585597992511680e+01,0.000000000000000000e+00,0.000000000000000000e+00
2.020111572365975761e+01,0.000000000000000000e+00,0.000000000000000000e+00
2.089296158890351762e+01,0.000000000000000000e+00,0.000000000000000000e+00
2.017301012931659088e+01,0.000000000000000000e+00,0.000000000000000000e+00
2.253836359452256133e+01,0.000000000000000000e+00,0.000000000000000000e+00
2.049598895152769984e+01,0.000000000000000000e+00,0.000000000000000000e+00
1.363490909834551346e+01,0.000000000000000000e+00,0.000000000000000000e+00
1.794571086058954279e+01,0.000000000000000000e+00,0.000000000000000000e+00
2.298756081238737536e+01,0.000000000000000000e+00,0.000000000000000000e+00
2.209243867500148895e+01,0.000000000000000000e+00,0.000000000000000000e+00
2.063651359311187150e+01,0.000000000000000000e+00,0.000000000000000000e+00
2.017270306433746541e+01,0.000000000000000000e+00,0.000000000000000000e+00
2.008287164355383325e+01,0.000000000000000000e+00,0.000000000000000000e+00
1.900313593884217056e+01,0.000000000000000000e+00,0.000000000000000000e+00
2.163571420205861173e+01,0.000000000000000000e+00,0.000000000000000000e+00
2.351099816367083051e+01,0.000000000000000000e+00,0.000000000000000000e+00
2.065489722990615107e+01,0.000000000000000000e+00,0.000000000000000000e+00
1.820092472252054350e+01,0.000000000000000000e+00,0.000000000000000000e+00
1.603334930508650302e+01,0.000000000000000000e+00,0.000000000000000000e+00
2.002479735318424048e+01,0.000000000000000000e+00,0.000000000000000000e+00
2.024988250136332368e+01,0.000000000000000000e+00,0.000000000000000000e+00
2.288831543354987375e+01,0.000000000000000000e+00,0.000000000000000000e+00
2.261181119297067355e+01,0.000000000000000000e+00,0.000000000000000000e+00
2.117465957642745167e+01,0.000000000000000000e+00,0.000000000000000000e+00
2.166582835857674993e+01,0.000000000000000000e+00,0.000000000000000000e+00
2.002585896812166766e+01,0.000000000000000000e+00,0.000000000000000000e+00
1.994247293604468396e+01,0.000000000000000000e+00,0.000000000000000000e+00
2.052919611981655734e+01,0.000000000000000000e+00,0.000000000000000000e+00
2.033850103380542151e+01,0.000000000000000000e+00,0.000000000000000000e+00
2.101612882478504218e+01,0.000000000000000000e+00,0.000000000000000000e+00
2.173530725527034591e+01,0.000000000000000000e+00,0.000000000000000000e+00
1.912758049380259706e+01,0.000000000000000000e+00,0.000000000000000000e+00
1.955126702259526894e+01,0.000000000000000000e+00,0.000000000000000000e+00
1.801390121357378860e+01,0.000000000000000000e+00,0.000000000000000000e+00
2.162798915586066784e+01,0.000000000000000000e+00,0.000000000000000000e+00
2.232323011806474611e+01,0.000000000000000000e+00,0.000000000000000000e+00
1.734662492437104220e+01,0.000000000000000000e+00,0.000000000000000000e+00
2.178907230971357478e+01,0.000000000000000000e+00,0.000000000000000000e+00
2.107381488007374770e+01,0.000000000000000000e+00,0.000000000000000000e+00
2.252695386391506815e+01,0.000000000000000000e+00,0.000000000000000000e+00
2.018871701506627048e+01,0.000000000000000000e+00,0.000000000000000000e+00
1.902365248178503876e+01,0.000000000000000000e+00,0.000000000000000000e+00
2.371397207649028260e+01,0.000000000000000000e+00,0.000000000000000000e+00
2.009977462361622358e+01,0.000000000000000000e+00,0.000000000000000000e+00
1.735003975245792063e+01,0.000000000000000000e+00,0.000000000000000000e+00
2.140685895938257843e+01,0.000000000000000000e+00,0.000000000000000000e+00
2.062207185455669389e+01,0.000000000000000000e+00,0.000000000000000000e+00
2.119139166433241073e+01,0.000000000000000000e+00,0.000000000000000000e+00
1.827181542025248717e+01,0.000000000000000000e+00,0.000000000000000000e+00
1.901601720988033151e+01,0.000000000000000000e+00,0.000000000000000000e+00
2.089673106819273585e+01,0.000000000000000000e+00,0.000000000000000000e+00
1.774695498425747076e+01,0.000000000000000000e+00,0.000000000000000000e+00
1.984366286710075755e+01,0.000000000000000000e+00,0.000000000000000000e+00
1.891477960951577231e+01,0.000000000000000000e+00,0.000000000000000000e+00
1.812021022608704968e+01,0.000000000000000000e+00,0.000000000000000000e+00
1.890674114134059991e+01,0.000000000000000000e+00,0.000000000000000000e+00
2.343881662667403276e+01,0.000000000000000000e+00,0.000000000000000000e+00
1.896326131238869195e+01,0.000000000000000000e+00,0.000000000000000000e+00
2.050075245461482965e+01,0.000000000000000000e+00,0.000000000000000000e+00
1.948738011749631838e+01,0.000000000000000000e+00,0.000000000000000000e+00
1.785221941814527824e+01,0.000000000000000000e+00,0.000000000000000000e+00
1.944188087541960641e+01,0.000000000000000000e+00,0.000000000000000000e+00
2.044618959664583713e+01,0.000000000000000000e+00,0.000000000000000000e+00
1.900558539598167584e+01,0.000000000000000000e+00,0.000000000000000000e+00
2.177677083536413605e+01,0.000000000000000000e+00,0.000000000000000000e+00
2.116118355653089722e+01,0.000000000000000000e+00,0.000000000000000000e+00
1.790923274736200099e+01,0.000000000000000000e+00,0.000000000000000000e+00
2.095795148691816223e+01,0.000000000000000000e+00,0.000000000000000000e+00
2.072318625764950184e+01,0.000000000000000000e+00,0.000000000000000000e+00
2.159427894192850772e+01,0.000000000000000000e+00,0.000000000000000000e+00
1.925522146701361592e+01,0.000000000000000000e+00,0.000000000000000000e+00
2.428706408130508976e+01,0.000000000000000000e+00,0.000000000000000000e+00
2.016324286705106417e+01,0.000000000000000000e+00,0.000000000000000000e+00
2.212426841340499806e+01,0.000000000000000000e+00,0.000000000000000000e+00
1.805386562797659522e+01,0.000000000000000000e+00,0.000000000000000000e+00
2.081571833852827069e+01,0.000000000000000000e+00,0.000000000000000000e+00
2.229357996704269951e+01,0.000000000000000000e+00,0.000000000000000000e+00
2.336368404238727692e+01,0.000000000000000000e+00,0.000000000000000000e+00
1.935351916385409865e+01,0.000000000000000000e+00,0.000000000000000000e+00
2.219214089170574411e+01,0.000000000000000000e+00,0.000000000000000000e+00
2.064357031223079986e+01,0.000000000000000000e+00,0.000000000000000000e+00
2.017007008467495766e+01,0.000000000000000000e+00,0.000000000000000000e+00
1.969210236430950189e+01,0.000000000000000000e+00,0.000000000000000000e+00
1.879524310466266002e+01,0.000000000000000000e+00,0.000000000000000000e+00
1.851914774924678397e+01,0.000000000000000000e+00,0.000000000000000000e+00
2.202530463977434039e+01,0.000000000000000000e+00,0.000000000000000000e+00
2.236270738634762623e+01,0.000000000000000000e+00,0.000000000000000000e+00
2.129332191714873801e+01,0.000000000000000000e+00,0.000000000000000000e+00
2.223962499369878998e+01,0.000000000000000000e+00,0.000000000000000000e+00
1.677487099825615857e+01,0.000000000000000000e+00,0.000000000000000000e+00
1.843211730994043052e+01,0.000000000000000000e+00,0.000000000000000000e+00
2.201988768432740429e+01,0.000000000000000000e+00,0.000000000000000000e+00
2.138133360803654526e+01,0.000000000000000000e+00,0.000000000000000000e+00
2.166450254270924702e+01,0.000000000000000000e+00,0.000000000000000000e+00
2.021809829988440299e+01,0.000000000000000000e+00,0.000000000000000000e+00
2.284839827173302496e+01,0.000000000000000000e+00,0.000000000000000000e+00
2.138659076117837898e+01,0.000000000000000000e+00,0.000000000000000000e+00
1.735647391053445787e+01,0.000000000000000000e+00,0.000000000000000000e+00
2.282697325409209554e+01,0.000000000000000000e+00,0.000000000000000000e+00
1.962772377481782726e+01,0.000000000000000000e+00,0.000000000000000000e+00
2.454966523535563283e+01,0.000000000000000000e+00,0.000000000000000000e+00
2.491917309666884250e+01,0.000000000000000000e+00,0.000000000000000000e+00
2.172871360992043321e+01,0.000000000000000000e+00,0.000000000000000000e+00
1.971530979889474366e+01,0.000000000000000000e+00,0.000000000000000000e+00
1.804283664079964211e+01,0.000000000000000000e+00,0.000000000000000000e+00
2.304902951869537375e+01,0.000000000000000000e+00,0.000000000000000000e+00
2.464925138712528607e+01,0.000000000000000000e+00,0.000000000000000000e+00
2.378992933185958591e+01,0.000000000000000000e+00,0.000000000000000000e+00
2.029272682755599533e+01,0.000000000000000000e+00,0.000000000000000000e+00
2.441169765534759861e+01,0.000000000000000000e+00,0.000000000000000000e+00
2.508152861160170843e+01,0.000000000000000000e+00,0.000000000000000000e+00
2.061025731511329795e+01,0.000000000000000000e+00,0.000000000000000000e+00
2.561348716382573798e+01,0.000000000000000000e+00,0.000000000000000000e+00
1.949782023973592970e+01,0.000000000000000000e+00,0.000000000000000000e+00
2.542656269663542901e+01,0.000000000000000000e+00,0.000000000000000000e+00
2.258834662389499215e+01,0.000000000000000000e+00,0.000000000000000000e+00
2.312469452164698325e+01,0.000000000000000000e+00,0.000000000000000000e+00
2.147897183630336926e+01,0.000000000000000000e+00,0.000000000000000000e+00
2.084121911798506588e+01,0.000000000000000000e+00,0.000000000000000000e+00
2.172712082954799229e+01,0.000000000000000000e+00,0.000000000000000000e+00
2.184237701492339312e+01,0.000000000000000000e+00,0.000000000000000000e+00
2.688466385529196145e+01,0.000000000000000000e+00,0.000000000000000000e+00
2.420532917206789492e+01,0.000000000000000000e+00,0.000000000000000000e+00
2.284583982231088584e+01,0.000000000000000000e+00,0.000000000000000000e+00
2.402580769084004331e+01,0.000000000000000000e+00,0.000000000000000000e+00
2.420865842704581539e+01,0.000000000000000000e+00,0.000000000000000000e+00
2.479766351096234089e+01,0.000000000000000000e+00,0.000000000000000000e+00
2.314753799230235387e+01,0.000000000000000000e+00,0.000000000000000000e+00
2.343229911026028844e+01,0.000000000000000000e+00,0.000000000000000000e+00
2.221478939176904532e+01,0.000000000000000000e+00,0.000000000000000000e+00
2.172367567559094326e+01,0.000000000000000000e+00,0.000000000000000000e+00
2.163507783858658584e+01,0.000000000000000000e+00,0.000000000000000000e+00
2.373314524432562322e+01,0.000000000000000000e+00,0.000000000000000000e+00
1.971067372850047761e+01,0.000000000000000000e+00,0.000000000000000000e+00
2.342314099254935300e+01,0.000000000000000000e+00,0.000000000000000000e+00
2.524886714786838837e+01,0.000000000000000000e+00,0.000000000000000000e+00
1.966428207665684980e+01,0.000000000000000000e+00,0.000000000000000000e+00
2.473686649212532274e+01,0.000000000000000000e+00,0.000000000000000000e+00
1.971213758667017402e+01,0.000000000000000000e+00,0.000000000000000000e+00
2.565284407980770354e+01,0.000000000000000000e+00,0.000000000000000000e+00
2.342729316719308841e+01,0.000000000000000000e+00,0.000000000000000000e+00
2.507599580572776787e+01,0.000000000000000000e+00,0.000000000000000000e+00
2.166112026014034342e+01,0.000000000000000000e+00,0.000000000000000000e+00
2.515698350839282682e+01,0.000000000000000000e+00,0.000000000000000000e+00
2.296933186088510936e+01,0.000000000000000000e+00,0.000000000000000000e+00
2.349642423098094923e+01,0.000000000000000000e+00,0.000000000000000000e+00
2.330927933028186416e+01,0.000000000000000000e+00,0.000000000000000000e+00
2.304278250784914306e+01,0.000000000000000000e+00,0.000000000000000000e+00
2.436596953957205258e+01,0.000000000000000000e+00,0.000000000000000000e+00
2.481656602199318584e+01,0.000000000000000000e+00,0.000000000000000000e+00
2.137255049679570362e+01,0.000000000000000000e+00,0.000000000000000000e+00
2.331454276145240812e+01,0.000000000000000000e+00,0.000000000000000000e+00
2.195696992469049391e+01,0.000000000000000000e+00,0.000000000000000000e+00
2.495974273691388134e+01,0.000000000000000000e+00,0.000000000000000000e+00
2.267289907056963116e+01,0.000000000000000000e+00,0.000000000000000000e+00
2.312903246661296208e+01,0.000000000000000000e+00,0.000000000000000000e+00
2.217131138980590421e+01,0.000000000000000000e+00,0.000000000000000000e+00
2.286394999009630880e+01,0.000000000000000000e+00,0.000000000000000000e+00
2.430382617065012596e+01,0.000000000000000000e+00,0.000000000000000000e+00
2.396534280147357165e+01,0.000000000000000000e+00,0.000000000000000000e+00
2.526982352106579910e+01,0.000000000000000000e+00,0.000000000000000000e+00
2.239207254147953563e+01,0.000000000000000000e+00,0.000000000000000000e+00
2.360297737788657813e+01,0.000000000000000000e+00,0.000000000000000000e+00
2.130291992970891002e+01,0.000000000000000000e+00,0.000000000000000000e+00
2.378726524311472446e+01,0.000000000000000000e+00,0.000000000000000000e+00
2.761144606921920541e+01,0.000000000000000000e+00,0.000000000000000000e+00
2.145189047899352985e+01,0.000000000000000000e+00,0.000000000000000000e+00
2.524580876463009105e+01,0.000000000000000000e+00,0.000000000000000000e+00
2.188601644799773283e+01,0.000000000000000000e+00,0.000000000000000000e+00
2.234422679890989372e+01,0.000000000000000000e+00,0.000000000000000000e+00
2.337442147993243324e+01,0.000000000000000000e+00,0.000000000000000000e+00
2.216218798749236285e+01,0.000000000000000000e+00,0.000000000000000000e+00
2.227501228381755283e+01,0.000000000000000000e+00,0.000000000000000000e+00
2.191243530566917741e+01,0.000000000000000000e+00,0.000000000000000000e+00
2.366968566939688756e+01,0.000000000000000000e+00,0.000000000000000000e+00
2.392607752444883573e+01,0.000000000000000000e+00,0.000000000000000000e+00
2.444967268221270729e+01,0.000000000000000000e+00,0.000000000000000000e+00
2.195248271650462968e+01,0.000000000000000000e+00,0.000000000000000000e+00
2.321868001284883931e+01,0.000000000000000000e+00,0.000000000000000000e+00
2.136277318561422334e+01,0.000000000000000000e+00,0.000000000000000000e+00
2.709802379063176403e+01,0.000000000000000000e+00,0.000000000000000000e+00
2.131148163583195654e+01,0.000000000000000000e+00,0.000000000000000000e+00
2.676363906758481903e+01,0.000000000000000000e+00,0.000000000000000000e+00
2.435711391523802405e+01,0.000000000000000000e+00,0.000000000000000000e+00
2.391011656680530351e+01,0.000000000000000000e+00,0.000000000000000000e+00
2.129375831705529620e+01,0.000000000000000000e+00,0.000000000000000000e+00
2.838762146222889982e+01,0.000000000000000000e+00,0.000000000000000000e+00
2.428696517417101930e+01,0.000000000000000000e+00,0.000000000000000000e+00
2.110836663438556116e+01,0.000000000000000000e+00,0.000000000000000000e+00
1.932473743011677669e+01,0.000000000000000000e+00,0.000000000000000000e+00
2.282443757819320140e+01,0.000000000000000000e+00,0.000000000000000000e+00
2.251259521440671207e+01,0.000000000000000000e+00,0.000000000000000000e+00
2.447571267191518274e+01,0.000000000000000000e+00,0.000000000000000000e+00
2.136142328034553017e+01,0.000000000000000000e+00,0.000000000000000000e+00
2.329953560645971677e+01,0.000000000000000000e+00,0.000000000000000000e+00
2.300273226518273262e+01,0.000000000000000000e+00,0.000000000000000000e+00
2.403757331378387363e+01,0.000000000000000000e+00,0.000000000000000000e+00
2.294317281552530119e+01,0.000000000000000000e+00,0.000000000000000000e+00
2.639187516605437267e+01,0.000000000000000000e+00,0.000000000000000000e+00
2.388821437636114808e+01,0.000000000000000000e+00,0.000000000000000000e+00
2.645990643371163742e+01,0.000000000000000000e+00,0.000000000000000000e+00
2.659512876963562533e+01,0.000000000000000000e+00,0.000000000000000000e+00
2.550626338251423419e+01,0.000000000000000000e+00,0.000000000000000000e+00
2.585065239386876712e+01,0.000000000000000000e+00,0.000000000000000000e+00
1.999217427886878795e+01,0.000000000000000000e+00,0.000000000000000000e+00
2.607795709959794195e+01,0.000000000000000000e+00,0.000000000000000000e+00
2.460811348573912838e+01,0.000000000000000000e+00,0.000000000000000000e+00
2.603119659877300407e+01,0.000000000000000000e+00,0.000000000000000000e+00
2.256740116519336325e+01,0.000000000000000000e+00,0.000000000000000000e+00
2.514122193560267249e+01,0.000000000000000000e+00,0.000000000000000000e+00
2.516163547597367511e+01,0.000000000000000000e+00,0.000000000000000000e+00
2.792084557093830455e+01,0.000000000000000000e+00,0.000000000000000000e+00
2.303978980881866789e+01,0.000000000000000000e+00,0.000000000000000000e+00
2.565771427153807949e+01,0.000000000000000000e+00,0.000000000000000000e+00
2.557120372763848692e+01,0.000000000000000000e+00,0.000000000000000000e+00
2.381095102288116294e+01,0.000000000000000000e+00,0.000000000000000000e+00
2.834621491406862148e+01,0.000000000000000000e+00,0.000000000000000000e+00
2.231723256384583465e+01,0.000000000000000000e+00,0.000000000000000000e+00
2.370035704237762175e+01,0.000000000000000000e+00,0.000000000000000000e+00
2.735168086759798811e+01,0.000000000000000000e+00,0.000000000000000000e+00
2.806212119079000900e+01,0.000000000000000000e+00,0.000000000000000000e+00
2.472755082816856032e+01,0.000000000000000000e+00,0.000000000000000000e+00
2.442792427357954921e+01,0.000000000000000000e+00,0.000000000000000000e+00
2.728288326740854686e+01,0.000000000000000000e+00,0.000000000000000000e+00
2.340795471238973491e+01,0.000000000000000000e+00,0.000000000000000000e+00
2.439063669051168404e+01,0.000000000000000000e+00,0.000000000000000000e+00
2.379205775452265925e+01,0.000000000000000000e+00,0.000000000000000000e+00
2.159767435349947817e+01,0.000000000000000000e+00,0.000000000000000000e+00
2.357584124835982564e+01,0.000000000000000000e+00,0.000000000000000000e+00
2.540686461882162916e+01,0.000000000000000000e+00,0.000000000000000000e+00
2.552180046711853123e+01,0.000000000000000000e+00,0.000000000000000000e+00
2.671850839404073596e+01,0.000000000000000000e+00,0.000000000000000000e+00
2.800254005427275672e+01,0.000000000000000000e+00,0.000000000000000000e+00
3.029969249000630427e+01,0.000000000000000000e+00,0.000000000000000000e+00
2.943082945562803232e+01,0.000000000000000000e+00,0.000000000000000000e+00
2.836144218737192446e+01,0.000000000000000000e+00,0.000000000000000000e+00
2.660858574411755129e+01,0.000000000000000000e+00,0.000000000000000000e+00
2.418487219935355270e+01,0.000000000000000000e+00,0.000000000000000000e+00
2.344424254481578274e+01,0.000000000000000000e+00,0.000000000000000000e+00
2.696499808891937633e+01,0.000000000000000000e+00,0.000000000000000000e+00
2.659306525750554684e+01,0.000000000000000000e+00,0.000000000000000000e+00
2.533280571924583313e+01,0.000000000000000000e+00,0.000000000000000000e+00
3.015766644045324441e+01,0.000000000000000000e+00,0.000000000000000000e+00
2.664807938541409982e+01,0.000000000000000000e+00,0.000000000000000000e+00
2.682490113007444066e+01,0.000000000000000000e+00,0.000000000000000000e+00
2.666690680220437315e+01,0.000000000000000000e+00,0.000000000000000000e+00
2.773587695059022806e+01,0.000000000000000000e+00,0.000000000000000000e+00
2.204873075544653460e+01,0.000000000000000000e+00,0.000000000000000000e+00
2.900645438719111624e+01,0.000000000000000000e+00,0.000000000000000000e+00
2.708307783651203593e+01,0.000000000000000000e+00,0.000000000000000000e+00
2.930246016332944237e+01,0.000000000000000000e+00,0.000000000000000000e+00
2.945493115993606636e+01,0.000000000000000000e+00,0.000000000000000000e+00
3.023726716633474965e+01,0.000000000000000000e+00,0.000000000000000000e+00
2.955660700269705288e+01,0.000000000000000000e+00,0.000000000000000000e+00
2.799046476367611191e+01,0.000000000000000000e+00,0.000000000000000000e+00
2.724422127268115901e+01,0.000000000000000000e+00,0.000000000000000000e+00
2.885940924859055201e+01,0.000000000000000000e+00,0.000000000000000000e+00
2.845818009724347064e+01,0.000000000000000000e+00,0.000000000000000000e+00
2.511352986609582061e+01,0.000000000000000000e+00,0.000000000000000000e+00
2.616804932498700964e+01,0.000000000000000000e+00,0.000000000000000000e+00
2.576329668833722764e+01,0.000000000000000000e+00,0.000000000000000000e+00
2.412298097981872047e+01,0.000000000000000000e+00,0.000000000000000000e+00
2.671545598049719672e+01,0.000000000000000000e+00,0.000000000000000000e+00
2.826311302152889127e+01,0.000000000000000000e+00,0.000000000000000000e+00
2.952147658798238439e+01,0.000000000000000000e+00,0.000000000000000000e+00
2.692749598939624534e+01,0.000000000000000000e+00,0.000000000000000000e+00
2.806018304837138189e+01,0.000000000000000000e+00,0.000000000000000000e+00
3.029210048800140598e+01,0.000000000000000000e+00,0.000000000000000000e+00
2.711256830029721954e+01,0.000000000000000000e+00,0.000000000000000000e+00
2.776719074737000525e+01,0.000000000000000000e+00,0.000000000000000000e+00
2.681235263195659613e+01,0.000000000000000000e+00,0.000000000000000000e+00
2.802202226913125571e+01,0.000000000000000000e+00,0.000000000000000000e+00
2.641784828905430871e+01,0.000000000000000000e+00,0.000000000000000000e+00
2.381854690104366057e+01,0.000000000000000000e+00,0.000000000000000000e+00
2.595881258179633377e+01,0.000000000000000000e+00,0.000000000000000000e+00
2.733091179781510860e+01,0.000000000000000000e+00,0.000000000000000000e+00
2.604490386028349391e+01,0.000000000000000000e+00,0.000000000000000000e+00
2.918610179788138126e+01,0.000000000000000000e+00,0.000000000000000000e+00
2.641901438578693018e+01,0.000000000000000000e+00,0.000000000000000000e+00
2.751456238259025611e+01,0.000000000000000000e+00,0.000000000000000000e+00
3.111560371313964168e+01,0.000000000000000000e+00,0.000000000000000000e+00
2.761908177096706396e+01,0.000000000000000000e+00,0.000000000000000000e+00
2.835285221282566326e+01,0.000000000000000000e+00,0.000000000000000000e+00
2.619316828568784317e+01,0.000000000000000000e+00,0.000000000000000000e+00
2.947420995087659890e+01,0.000000000000000000e+00,0.000000000000000000e+00
3.091658950987385168e+01,0.000000000000000000e+00,0.000000000000000000e+00
2.834600154941642458e+01,0.000000000000000000e+00,0.000000000000000000e+00
2.915153853857897204e+01,0.000000000000000000e+00,0.000000000000000000e+00
2.949203522915547282e+01,0.000000000000000000e+00,0.000000000000000000e+00
3.107680029647216102e+01,0.000000000000000000e+00,0.000000000000000000e+00
2.924826266694993038e+01,0.000000000000000000e+00,0.000000000000000000e+00
3.114474402110996465e+01,0.000000000000000000e+00,0.000000000000000000e+00
3.106121002640050577e+01,0.000000000000000000e+00,0.000000000000000000e+00
3.362309583992406914e+01,0.000000000000000000e+00,0.000000000000000000e+00
2.884141953984766005e+01,0.000000000000000000e+00,0.000000000000000000e+00
2.946984659219344493e+01,0.000000000000000000e+00,0.000000000000000000e+00
3.214780477478699794e+01,0.000000000000000000e+00,0.000000000000000000e+00
2.854161559123364711e+01,0.000000000000000000e+00,0.000000000000000000e+00
2.858424094800303905e+01,0.000000000000000000e+00,0.000000000000000000e+00
2.901314791173190599e+01,0.000000000000000000e+00,0.000000000000000000e+00
2.972653637955898276e+01,0.000000000000000000e+00,0.000000000000000000e+00
3.271238063167967880e+01,0.000000000000000000e+00,0.000000000000000000e+00
2.953914677827673430e+01,0.000000000000000000e+00,0.000000000000000000e+00
3.049411005082460235e+01,0.000000000000000000e+00,0.000000000000000000e+00
2.889966080370831492e+01,0.000000000000000000e+00,0.000000000000000000e+00
3.066244903960412316e+01,0.000000000000000000e+00,0.000000000000000000e+00
2.983936624068353183e+01,0.000000000000000000e+00,0.000000000000000000e+00
3.550117194317812164e+01,0.000000000000000000e+00,0.000000000000000000e+00
3.050888544489814080e+01,0.000000000000000000e+00,0.000000000000000000e+00
3.063273661871928866e+01,0.000000000000000000e+00,0.000000000000000000e+00
2.583173927824715577e+01,0.000000000000000000e+00,0.000000000000000000e+00
3.087801702852988583e+01,0.000000000000000000e+00,0.000000000000000000e+00
3.104793322719203630e+01,0.000000000000000000e+00,0.000000000000000000e+00
2.761987669552281233e+01,0.000000000000000000e+00,0.000000000000000000e+00
2.921855924193894083e+01,0.000000000000000000e+00,0.000000000000000000e+00
2.963848662467103878e+01,0.000000000000000000e+00,0.000000000000000000e+00
3.294903832475033312e+01,0.000000000000000000e+00,0.000000000000000000e+00
3.271854684109569433e+01,0.000000000000000000e+00,0.000000000000000000e+00
2.545959268263049680e+01,0.000000000000000000e+00,0.000000000000000000e+00
3.497167206973043818e+01,0.000000000000000000e+00,0.000000000000000000e+00
3.102641437196243857e+01,0.000000000000000000e+00,0.000000000000000000e+00
3.430609127538797054e+01,0.000000000000000000e+00,0.000000000000000000e+00
3.299494442572672170e+01,0.000000000000000000e+00,0.000000000000000000e+00
3.079547526284213887e+01,0.000000000000000000e+00,0.000000000000000000e+00
3.176297814060787417e+01,0.000000000000000000e+00,0.000000000000000000e+00
3.395497610703426261e+01,0.000000000000000000e+00,0.000000000000000000e+00
2.770145446887153184e+01,0.000000000000000000e+00,0.000000000000000000e+00
3.433778315128504488e+01,0.000000000000000000e+00,0.000000000000000000e+00
3.473919817206650151e+01,0.000000000000000000e+00,0.000000000000000000e+00
3.123889721955447740e+01,0.000000000000000000e+00,0.000000000000000000e+00
2.960734757795946948e+01,0.000000000000000000e+00,0.000000000000000000e+00
3.056198836052149659e+01,0.000000000000000000e+00,0.000000000000000000e+00
3.100877765049503054e+01,0.000000000000000000e+00,0.000000000000000000e+00
3.607082090744983560e+01,0.000000000000000000e+00,0.000000000000000000e+00
3.249811265583728925e+01,0.000000000000000000e+00,0.000000000000000000e+00
3.268053728176835904e+01,0.000000000000000000e+00,0.000000000000000000e+00
3.472475825640626823e+01,0.000000000000000000e+00,0.000000000000000000e+00
3.102009408150002656e+01,0.000000000000000000e+00,0.000000000000000000e+00
3.387110968784036658e+01,0.000000000000000000e+00,0.000000000000000000e+00
2.933785108693952282e+01,0.000000000000000000e+00,0.000000000000000000e+00
3.339939178356740257e+01,0.000000000000000000e+00,0.000000000000000000e+00
3.085665147255753027e+01,0.000000000000000000e+00,0.000000000000000000e+00
3.448517618516087424e+01,0.000000000000000000e+00,0.000000000000000000e+00
3.461835225638873226e+01,0.000000000000000000e+00,0.000000000000000000e+00
3.144959025619799320e+01,0.000000000000000000e+00,0.000000000000000000e+00
3.506072666120797265e+01,0.000000000000000000e+00,0.000000000000000000e+00
3.172823413396939429e+01,0.000000000000000000e+00,0.000000000000000000e+00
3.122011478205700641e+01,0.000000000000000000e+00,0.000000000000000000e+00
3.133386511162153099e+01,0.000000000000000000e+00,0.000000000000000000e+00
3.362618621473986735e+01,0.000000000000000000e+00,0.000000000000000000e+00
3.318215230537300187e+01,0.000000000000000000e+00,0.000000000000000000e+00
3.255396164122627312e+01,0.000000000000000000e+00,0.000000000000000000e+00
3.515340659754045305e+01,0.000000000000000000e+00,0.000000000000000000e+00
3.667114374715217906e+01,0.000000000000000000e+00,0.000000000000000000e+00
3.324916804791045166e+01,0.000000000000000000e+00,0.000000000000000000e+00
2.838268120515157733e+01,0.000000000000000000e+00,0.000000000000000000e+00
3.222007092373409876e+01,0.000000000000000000e+00,0.000000000000000000e+00
3.377641324344202900e+01,0.000000000000000000e+00,0.000000000000000000e+00
3.146770267173903335e+01,0.000000000000000000e+00,0.000000000000000000e+00
3.557388814579462633e+01,0.000000000000000000e+00,0.000000000000000000e+00
3.633383718657693606e+01,0.000000000000000000e+00,0.000000000000000000e+00
3.350207568847069695e+01,0.000000000000000000e+00,0.000000000000000000e+00
3.732528857580199144e+01,0.000000000000000000e+00,0.000000000000000000e+00
3.482535467020488085e+01,0.000000000000000000e+00,0.000000000000000000e+00
3.482837258934469560e+01,0.000000000000000000e+00,0.000000000000000000e+00
3.521103687714315100e+01,0.000000000000000000e+00,0.000000000000000000e+00
3.534937813160423303e+01,0.000000000000000000e+00,0.000000000000000000e+00
3.454045179437108715e+01,0.000000000000000000e+00,0.000000000000000000e+00
3.757084789894291532e+01,0.000000000000000000e+00,0.000000000000000000e+00
3.210645665347433919e+01,0.000000000000000000e+00,0.000000000000000000e+00
3.633099672181295858e+01,0.000000000000000000e+00,0.000000000000000000e+00
3.613811610429588939e+01,0.000000000000000000e+00,0.000000000000000000e+00
3.515165668753995476e+01,0.000000000000000000e+00,0.000000000000000000e+00
3.608999838369868485e+01,0.000000000000000000e+00,0.000000000000000000e+00
3.484273165000630001e+01,0.000000000000000000e+00,0.000000000000000000e+00
3.671219497941905985e+01,0.000000000000000000e+00,0.000000000000000000e+00
3.743851886975233612e+01,0.000000000000000000e+00,0.000000000000000000e+00
3.765110524904667955e+01,0.000000000000000000e+00,0.000000000000000000e+00
3.637767840540976749e+01,0.000000000000000000e+00,0.000000000000000000e+00
3.789626064991431775e+01,0.000000000000000000e+00,0.000000000000000000e+00
3.359614055123766008e+01,0.000000000000000000e+00,0.000000000000000000e+00
3.448744749466170845e+01,0.000000000000000000e+00,0.000000000000000000e+00
3.610695861898058467e+01,0.000000000000000000e+00,0.000000000000000000e+00
3.340813960983119557e+01,0.000000000000000000e+00,0.000000000000000000e+00
3.365298744515918372e+01,0.000000000000000000e+00,0.000000000000000000e+00
3.622289454813165577e+01,0.000000000000000000e+00,0.000000000000000000e+00
3.619184314097374511e+01,0.000000000000000000e+00,0.000000000000000000e+00
3.391130124855504846e+01,0.000000000000000000e+00,0.000000000000000000e+00
3.507714914967260000e+01,0.000000000000000000e+00,0.000000000000000000e+00
3.563033511197392755e+01,0.000000000000000000e+00,0.000000000000000000e+00
3.377951594030351856e+01,0.000000000000000000e+00,0.000000000000000000e+00
3.594292307139519949e+01,0.000000000000000000e+00,0.000000000000000000e+00
3.689896023535171565e+01,0.000000000000000000e+00,0.000000000000000000e+00
3.820989185974521973e+01,0.000000000000000000e+00,0.000000000000000000e+00
3.188034556999505753e+01,0.000000000000000000e+00,0.000000000000000000e+00
3.500131869676985019e+01,0.000000000000000000e+00,0.000000000000000000e+00
3.724756399147589292e+01,0.000000000000000000e+00,0.000000000000000000e+00
3.559847850076686626e+01,0.000000000000000000e+00,0.000000000000000000e+00
3.773288374261998257e+01,0.000000000000000000e+00,0.000000000000000000e+00
3.391149395998333915e+01,0.000000000000000000e+00,0.000000000000000000e+00
3.850058491800940175e+01,0.000000000000000000e+00,0.000000000000000000e+00
3.817210106514387746e+01,0.000000000000000000e+00,0.000000000000000000e+00
3.546878089514451204e+01,0.000000000000000000e+00,0.000000000000000000e+00
3.444908768682475397e+01,0.000000000000000000e+00,0.000000000000000000e+00
3.641883846837968264e+01,0.000000000000000000e+00,0.000000000000000000e+00
3.849769885719228313e+01,0.000000000000000000e+00,0.000000000000000000e+00
3.575635492381683633e+01,0.000000000000000000e+00,0.000000000000000000e+00
3.652320574410579468e+01,0.000000000000000000e+00,0.000000000000000000e+00
3.742633505205536437e+01,0.000000000000000000e+00,0.000000000000000000e+00
4.028284427886287489e+01,0.000000000000000000e+00,0.000000000000000000e+00
3.995932905252993805e+01,0.000000000000000000e+00,0.000000000000000000e+00
3.819137562528990060e+01,0.000000000000000000e+00,0.000000000000000000e+00
3.734278581955032195e+01,0.000000000000000000e+00,0.000000000000000000e+00
3.726118924086269146e+01,0.000000000000000000e+00,0.000000000000000000e+00
3.697590309411387466e+01,0.000000000000000000e+00,0.000000000000000000e+00
3.385786387586965418e+01,0.000000000000000000e+00,0.000000000000000000e+00
4.105039638798914581e+01,0.000000000000000000e+00,0.000000000000000000e+00
3.708562762789575373e+01,0.000000000000000000e+00,0.000000000000000000e+00
3.490117409258116510e+01,0.000000000000000000e+00,0.000000000000000000e+00
4.152825637629464239e+01,0.000000000000000000e+00,0.000000000000000000e+00
3.872476845429495285e+01,0.000000000000000000e+00,0.000000000000000000e+00
3.901534467036009346e+01,0.000000000000000000e+00,0.000000000000000000e+00
3.728705833370795375e+01,0.000000000000000000e+00,0.000000000000000000e+00
3.962946157794470281e+01,0.000000000000000000e+00,0.000000000000000000e+00
4.074671923939793317e+01,0.000000000000000000e+00,0.000000000000000000e+00
3.819886062976969754e+01,0.000000000000000000e+00,0.000000000000000000e+00
3.786104994290984394e+01,0.000000000000000000e+00,0.000000000000000000e+00
3.726509769011548201e+01,0.000000000000000000e+00,0.000000000000000000e+00
4.145720225337584708e+01,0.000000000000000000e+00,0.000000000000000000e+00
3.815369989424883101e+01,0.000000000000000000e+00,0.000000000000000000e+00
4.450244064746519257e+01,0.000000000000000000e+00,0.000000000000000000e+00
3.982977204310656560e+01,0.000000000000000000e+00,0.000000000000000000e+00
3.937072343010700592e+01,0.000000000000000000e+00,0.000000000000000000e+00
4.029719168492002979e+01,0.000000000000000000e+00,0.000000000000000000e+00
3.841958905173700600e+01,0.000000000000000000e+00,0.000000000000000000e+00
4.194851986363261886e+01,0.000000000000000000e+00,0.000000000000000000e+00
3.946657044517870361e+01,0.000000000000000000e+00,0.000000000000000000e+00
3.903273218695753144e+01,0.000000000000000000e+00,0.000000000000000000e+00
3.808883393313425358e+01,0.000000000000000000e+00,0.000000000000000000e+00
4.131820341484313275e+01,0.000000000000000000e+00,0.000000000000000000e+00
4.024251155489108811e+01,0.000000000000000000e+00,0.000000000000000000e+00
3.966679800608338979e+01,0.000000000000000000e+00,0.000000000000000000e+00
4.010545418819306462e+01,0.000000000000000000e+00,0.000000000000000000e+00
4.172649788540726945e+01,0.000000000000000000e+00,0.000000000000000000e+00
3.883579136576044988e+01,0.000000000000000000e+00,0.000000000000000000e+00
3.935303556226127597e+01,0.000000000000000000e+00,0.000000000000000000e+00
3.830865970989825797e+01,0.000000000000000000e+00,0.000000000000000000e+00
4.116875554912780188e+01,0.000000000000000000e+00,0.000000000000000000e+00
4.183372021106250571e+01,0.000000000000000000e+00,0.000000000000000000e+00
4.110338938317037361e+01,0.000000000000000000e+00,0.000000000000000000e+00
3.810733759042024360e+01,0.000000000000000000e+00,0.000000000000000000e+00
3.903742219514391820e+01,0.000000000000000000e+00,0.000000000000000000e+00
4.139048595248690532e+01,0.000000000000000000e+00,0.000000000000000000e+00
4.283396658856103301e+01,0.000000000000000000e+00,0.000000000000000000e+00
4.083989261774086543e+01,0.000000000000000000e+00,0.000000000000000000e+00
3.835670890866394700e+01,0.000000000000000000e+00,0.000000000000000000e+00
4.316347597227639454e+01,0.000000000000000000e+00,0.000000000000000000e+00
3.651640781438036498e+01,0.000000000000000000e+00,0.000000000000000000e+00
4.160994271001434441e+01,0.000000000000000000e+00,0.000000000000000000e+00
3.900691209529072978e+01,0.000000000000000000e+00,0.000000000000000000e+00
3.993092775117929705e+01,0.000000000000000000e+00,0.000000000000000000e+00
4.325706064847035037e+01,0.000000000000000000e+00,0.000000000000000000e+00
4.620925595565230992e+01,0.000000000000000000e+00,0.000000000000000000e+00
4.382005335440926785e+01,0.000000000000000000e+00,0.000000000000000000e+00
4.326551230698956374e+01,0.000000000000000000e+00,0.000000000000000000e+00
4.207916012971527664e+01,0.000000000000000000e+00,0.000000000000000000e+00
4.234781572453473331e+01,0.000000000000000000e+00,0.000000000000000000e+00
3.966199248984712256e+01,0.000000000000000000e+00,0.000000000000000000e+00
4.662800351967728574e+01,0.000000000000000000e+00,0.000000000000000000e+00
4.336443536980574720e+01,0.000000000000000000e+00,0.000000000000000000e+00
4.094762275240159966e+01,0.000000000000000000e+00,0.000000000000000000e+00
4.271256381972327887e+01,0.000000000000000000e+00,0.000000000000000000e+00
3.929510613611981285e+01,0.000000000000000000e+00,0.000000000000000000e+00
4.231249739716698599e+01,0.000000000000000000e+00,0.000000000000000000e+00
4.274766708890710731e+01,0.000000000000000000e+00,0.000000000000000000e+00
4.315726942047504622e+01,0.000000000000000000e+00,0.000000000000000000e+00
4.271490103696016405e+01,0.000000000000000000e+00,0.000000000000000000e+00
4.269937798188382061e+01,0.000000000000000000e+00,0.000000000000000000e+00
3.942078436168140598e+01,0.000000000000000000e+00,0.000000000000000000e+00
4.585599142674816164e+01,0.000000000000000000e+00,0.000000000000000000e+00
4.152798911069583454e+01,0.000000000000000000e+00,0.000000000000000000e+00
4.098917346489669455e+01,0.000000000000000000e+00,0.000000000000000000e+00
3.981730823809390074e+01,0.000000000000000000e+00,0.000000000000000000e+00
4.228215731984722936e+01,0.000000000000000000e+00,0.000000000000000000e+00
4.455806098004289595e+01,0.000000000000000000e+00,0.000000000000000000e+00
4.080037654643972189e+01,0.000000000000000000e+00,0.000000000000000000e+00
4.246289135845753293e+01,0.000000000000000000e+00,0.000000000000000000e+00
4.306306787516310663e+01,0.000000000000000000e+00,0.000000000000000000e+00
4.179052576858889978e+01,0.000000000000000000e+00,0.000000000000000000e+00
4.617383155305545017e+01,0.000000000000000000e+00,0.000000000000000000e+00
4.242290887655769183e+01,0.000000000000000000e+00,0.000000000000000000e+00
4.666705500232113479e+01,0.000000000000000000e+00,0.000000000000000000e+00
4.754375336075171532e+01,0.000000000000000000e+00,0.000000000000000000e+00
4.243566131378002382e+01,0.000000000000000000e+00,0.000000000000000000e+00
4.496979107904095230e+01,0.000000000000000000e+00,0.000000000000000000e+00
4.436213047437440338e+01,0.000000000000000000e+00,0.000000000000000000e+00
4.691078507836846256e+01,0.000000000000000000e+00,0.000000000000000000e+00
4.230961424633017742e+01,0.000000000000000000e+00,0.000000000000000000e+00
4.220680687953247201e+01,0.000000000000000000e+00,0.000000000000000000e+00
4.399803937099748197e+01,0.000000000000000000e+00,0.000000000000000000e+00
4.092898448162998903e+01,0.000000000000000000e+00,0.000000000000000000e+00
4.457071465372732177e+01,0.000000000000000000e+00,0.000000000000000000e+00
4.707876219362928794e+01,0.000000000000000000e+00,0.000000000000000000e+00
4.387477346132277489e+01,0.000000000000000000e+00,0.000000000000000000e+00
4.061510314274111977e+01,0.000000000000000000e+00,0.000000000000000000e+00
4.608522836717751403e+01,0.000000000000000000e+00,0.000000000000000000e+00
4.219379076610864843e+01,0.000000000000000000e+00,0.000000000000000000e+00
4.892992883782993374e+01,0.000000000000000000e+00,0.000000000000000000e+00
4.497303606823980004e+01,0.000000000000000000e+00,0.000000000000000000e+00
4.690821787184518854e+01,0.000000000000000000e+00,0.000000000000000000e+00
4.475877149112650955e+01,0.000000000000000000e+00,0.000000000000000000e+00
4.423441006448715029e+01,0.000000000000000000e+00,0.000000000000000000e+00
4.900490108756565633e+01,0.000000000000000000e+00,0.000000000000000000e+00
5.024477855261103798e+01,0.000000000000000000e+00,0.000000000000000000e+00
4.651315699043031771e+01,0.000000000000000000e+00,0.000000000000000000e+00
4.743052939328458706e+01,0.000000000000000000e+00,0.000000000000000000e+00
4.578482704882774357e+01,0.000000000000000000e+00,0.000000000000000000e+00
4.893330101275374489e+01,0.000000000000000000e+00,0.000000000000000000e+00
4.736068551843079888e+01,0.000000000000000000e+00,0.000000000000000000e+00
4.650700721021277673e+01,0.000000000000000000e+00,0.000000000000000000e+00
4.454189782052124968e+01,0.000000000000000000e+00,0.000000000000000000e+00
4.485969449973643464e+01,0.000000000000000000e+00,0.000000000000000000e+00
4.861577256260382285e+01,0.000000000000000000e+00,0.000000000000000000e+00
4.760057770679468803e+01,0.000000000000000000e+00,0.000000000000000000e+00
4.623641456735480659e+01,0.000000000000000000e+00,0.000000000000000000e+00
4.686078591355353495e+01,0.000000000000000000e+00,0.000000000000000000e+00
4.623683288795432844e+01,0.000000000000000000e+00,0.000000000000000000e+00
4.530698923023872027e+01,0.000000000000000000e+00,0.000000000000000000e+00
4.744360570288913692e+01,0.000000000000000000e+00,0.000000000000000000e+00
4.940222747685164251e+01,0.000000000000000000e+00,0.000000000000000000e+00
4.545681396558219234e+01,0.000000000000000000e+00,0.000000000000000000e+00
4.852280876693555456e+01,0.000000000000000000e+00,0.000000000000000000e+00
4.920832006208095777e+01,0.000000000000000000e+00,0.000000000000000000e+00
5.037073316759325081e+01,0.000000000000000000e+00,0.000000000000000000e+00
4.869008850793612453e+01,0.000000000000000000e+00,0.000000000000000000e+00
4.777454890362197659e+01,0.000000000000000000e+00,0.000000000000000000e+00
4.229498465626696202e+01,0.000000000000000000e+00,0.000000000000000000e+00
4.992918916195753098e+01,0.000000000000000000e+00,0.000000000000000000e+00
4.602896390766812118e+01,0.000000000000000000e+00,0.000000000000000000e+00
4.778311790253263780e+01,0.000000000000000000e+00,0.000000000000000000e+00
5.232220613468583537e+01,0.000000000000000000e+00,0.000000000000000000e+00
4.929557578672454099e+01,0.000000000000000000e+00,0.000000000000000000e+00
4.695167577850055096e+01,0.000000000000000000e+00,0.000000000000000000e+00
4.882893695165920889e+01,0.000000000000000000e+00,0.000000000000000000e+00
4.791969815116991782e+01,0.000000000000000000e+00,0.000000000000000000e+00
4.952239426810456280e+01,0.000000000000000000e+00,0.000000000000000000e+00
4.845050553358727541e+01,0.000000000000000000e+00,0.000000000000000000e+00
4.624956390766102032e+01,0.000000000000000000e+00,0.000000000000000000e+00
4.551080990272527060e+01,0.000000000000000000e+00,0.000000000000000000e+00
4.645522846275821394e+01,0.000000000000000000e+00,0.000000000000000000e+00
4.555636149574701932e+01,0.000000000000000000e+00,0.000000000000000000e+00
5.104357537602470529e+01,0.000000000000000000e+00,0.000000000000000000e+00
4.936927096355261568e+01,0.000000000000000000e+00,0.000000000000000000e+00
4.660268578242496318e+01,0.000000000000000000e+00,0.000000000000000000e+00
5.131929227664171833e+01,0.000000000000000000e+00,0.000000000000000000e+00
4.964292225657131752e+01,0.000000000000000000e+00,0.000000000000000000e+00
4.870552379351777716e+01,0.000000000000000000e+00,0.000000000000000000e+00
5.162914553045728638e+01,0.000000000000000000e+00,0.000000000000000000e+00
4.880572293862087463e+01,0.000000000000000000e+00,0.000000000000000000e+00
5.089100672717721352e+01,0.000000000000000000e+00,0.000000000000000000e+00
5.308293166741086111e+01,0.000000000000000000e+00,0.000000000000000000e+00
4.987787513886964064e+01,0.000000000000000000e+00,0.000000000000000000e+00
5.021694894226203587e+01,0.000000000000000000e+00,0.000000000000000000e+00
4.985593536021346495e+01,0.000000000000000000e+00,0.000000000000000000e+00
5.189686863433713171e+01,0.000000000000000000e+00,0.000000000000000000e+00
5.046629286222918864e+01,0.000000000000000000e+00,0.000000000000000000e+00
5.048608565676073567e+01,0.000000000000000000e+00,0.000000000000000000e+00
5.085578393156283283e+01,0.000000000000000000e+00,0.000000000000000000e+00
4.980830968930342095e+01,0.000000000000000000e+00,0.000000000000000000e+00
4.978391638598034774e+01,0.000000000000000000e+00,0.000000000000000000e+00
4.820109742829198041e+01,0.000000000000000000e+00,0.000000000000000000e+00
4.939358503414401014e+01,0.000000000000000000e+00,0.000000000000000000e+00
5.295200031845924116e+01,0.000000000000000000e+00,0.000000000000000000e+00
5.477257438628122088e+01,0.000000000000000000e+00,0.000000000000000000e+00
5.297107676772492368e+01,0.000000000000000000e+00,0.000000000000000000e+00
4.843467957310761562e+01,0.000000000000000000e+00,0.000000000000000000e+00
5.041043495259687290e+01,0.000000000000000000e+00,0.000000000000000000e+00
4.888186192643890848e+01,0.000000000000000000e+00,0.000000000000000000e+00
5.316175472206447239e+01,0.000000000000000000e+00,0.000000000000000000e+00
5.216155818669901123e+01,0.000000000000000000e+00,0.000000000000000000e+00
4.950946307538941937e+01,0.000000000000000000e+00,0.000000000000000000e+00
5.203323837024257870e+01,0.000000000000000000e+00,0.000000000000000000e+00
5.186764121644969094e+01,0.000000000000000000e+00,0.000000000000000000e+00
4.977186642181840881e+01,0.000000000000000000e+00,0.000000000000000000e+00
5.034132851986446155e+01,0.000000000000000000e+00,0.000000000000000000e+00
4.678217332996915445e+01,0.000000000000000000e+00,0.000000000000000000e+00
5.164053615901691785e+01,0.000000000000000000e+00,0.000000000000000000e+00
5.056358628097076746e+01,0.000000000000000000e+00,0.000000000000000000e+00
5.062840891971065105e+01,0.000000000000000000e+00,0.000000000000000000e+00
5.179051753044235795e+01,0.000000000000000000e+00,0.000000000000000000e+00
5.338813631006322424e+01,0.000000000000000000e+00,0.000000000000000000e+00
5.333101952125407763e+01,0.000000000000000000e+00,0.000000000000000000e+00
5.382691525335209803e+01,0.000000000000000000e+00,0.000000000000000000e+00
5.309670988017388993e+01,0.000000000000000000e+00,0.000000000000000000e+00
5.171440663837378793e+01,0.000000000000000000e+00,0.000000000000000000e+00
5.353289782499957283e+01,0.000000000000000000e+00,0.000000000000000000e+00
5.269730182620112657e+01,0.000000000000000000e+00,0.000000000000000000e+00
5.408456613704537830e+01,0.000000000000000000e+00,0.000000000000000000e+00
4.757670977778089139e+01,0.000000000000000000e+00,0.000000000000000000e+00
5.395352121813854041e+01,0.000000000000000000e+00,0.000000000000000000e+00
5.111303826432898489e+01,0.000000000000000000e+00,0.000000000000000000e+00
5.674543866051203622e+01,0.000000000000000000e+00,0.000000000000000000e+00
5.315066929502957294e+01,0.000000000000000000e+00,0.000000000000000000e+00
5.387257143160636730e+01,0.000000000000000000e+00,0.000000000000000000e+00
5.273327373343781943e+01,0.000000000000000000e+00,0.000000000000000000e+00
5.381978621726566558e+01,0.000000000000000000e+00,0.000000000000000000e+00
5.465285012498578965e+01,0.000000000000000000e+00,0.000000000000000000e+00
5.735792845467470613e+01,0.000000000000000000e+00,0.000000000000000000e+00
5.226445870311751918e+01,0.000000000000000000e+00,0.000000000000000000e+00
5.581484041499191306e+01,0.000000000000000000e+00,0.000000000000000000e+00
5.650021917901392499e+01,0.000000000000000000e+00,0.000000000000000000e+00
5.404668522216496029e+01,0.000000000000000000e+00,0.000000000000000000e+00
5.563074259508833563e+01,0.000000000000000000e+00,0.000000000000000000e+00
5.583221754619131616e+01,0.000000000000000000e+00,0.000000000000000000e+00
5.476283688636025460e+01,0.000000000000000000e+00,0.000000000000000000e+00
5.239677993916577492e+01,0.000000000000000000e+00,0.000000000000000000e+00
5.265896177507750053e+01,0.000000000000000000e+00,0.000000000000000000e+00
5.061338465810180764e+01,0.000000000000000000e+00,0.000000000000000000e+00
5.540952309292044475e+01,0.000000000000000000e+00,0.000000000000000000e+00
5.750306061800192481e+01,0.000000000000000000e+00,0.000000000000000000e+00
5.235167921814569070e+01,0.000000000000000000e+00,0.000000000000000000e+00
5.489219063797930431e+01,0.000000000000000000e+00,0.000000000000000000e+00
5.374001207432768723e+01,0.000000000000000000e+00,0.000000000000000000e+00
5.204949635303950117e+01,0.000000000000000000e+00,0.000000000000000000e+00
5.492247061484508208e+01,0.000000000000000000e+00,0.000000000000000000e+00
5.674263283104885147e+01,0.000000000000000000e+00,0.000000000000000000e+00
5.351081090351336655e+01,0.000000000000000000e+00,0.000000000000000000e+00
5.882878207533274662e+01,0.000000000000000000e+00,0.000000000000000000e+00
5.170121760175567260e+01,0.000000000000000000e+00,0.000000000000000000e+00
5.522980163622085570e+01,0.000000000000000000e+00,0.000000000000000000e+00
5.351448360233346335e+01,0.000000000000000000e+00,0.000000000000000000e+00
5.393682771936899201e+01,0.000000000000000000e+00,0.000000000000000000e+00
5.663017502879915810e+01,0.000000000000000000e+00,0.000000000000000000e+00
5.616274322190644597e+01,0.000000000000000000e+00,0.000000000000000000e+00
5.376605368611501490e+01,0.000000000000000000e+00,0.000000000000000000e+00
5.511802356259969571e+01,0.000000000000000000e+00,0.000000000000000000e+00
5.710260007880943789e+01,0.000000000000000000e+00,0.000000000000000000e+00
5.372285266521789282e+01,0.000000000000000000e+00,0.000000000000000000e+00
5.555471576664610467e+01,0.000000000000000000e+00,0.000000000000000000e+00
5.207022262222621123e+01,0.000000000000000000e+00,0.000000000000000000e+00
5.532260443955716056e+01,0.000000000000000000e+00,0.000000000000000000e+00
5.523735688572917724e+01,0.000000000000000000e+00,0.000000000000000000e+00
5.646332377219243881e+01,0.000000000000000000e+00,0.000000000000000000e+00
5.494656668886664619e+01,0.000000000000000000e+00,0.000000000000000000e+00
5.853729809138252449e+01,0.000000000000000000e+00,0.000000000000000000e+00
5.191379813414792466e+01,0.000000000000000000e+00,0.000000000000000000e+00
5.971177524822230964e+01,0.000000000000000000e+00,0.000000000000000000e+00
5.455634091041556388e+01,0.000000000000000000e+00,0.000000000000000000e+00
5.834604209667028840e+01,0.000000000000000000e+00,0.000000000000000000e+00
5.825470705668751492e+01,0.000000000000000000e+00,0.000000000000000000e+00
5.681888020320304378e+01,0.000000000000000000e+00,0.000000000000000000e+00
5.667689324858119448e+01,0.000000000000000000e+00,0.000000000000000000e+00
5.735842170623788405e+01,0.000000000000000000e+00,0.000000000000000000e+00
6.035752933747846782e+01,0.000000000000000000e+00,0.000000000000000000e+00
5.533561093757752047e+01,0.000000000000000000e+00,0.000000000000000000e+00
5.895755356729815588e+01,0.000000000000000000e+00,0.000000000000000000e+00
6.039612677880746361e+01,0.000000000000000000e+00,0.000000000000000000e+00
5.701044285735129336e+01,0.000000000000000000e+00,0.000000000000000000e+00
5.846629837470848656e+01,0.000000000000000000e+00,0.000000000000000000e+00
5.531418713046060986e+01,0.000000000000000000e+00,0.000000000000000000e+00
6.120237762910168300e+01,0.000000000000000000e+00,0.000000000000000000e+00
5.832878339246251898e+01,0.000000000000000000e+00,0.000000000000000000e+00
5.646371121809388427e+01,0.000000000000000000e+00,0.000000000000000000e+00
5.712999851453136557e+01,0.000000000000000000e+00,0.000000000000000000e+00
5.782735933964340802e+01,0.000000000000000000e+00,0.000000000000000000e+00
6.119851897257831297e+01,0.000000000000000000e+00,0.000000000000000000e+00
5.787883484376070697e+01,0.000000000000000000e+00,0.000000000000000000e+00
5.573563146326720386e+01,0.000000000000000000e+00,0.000000000000000000e+00
5.572190058719787942e+01,0.000000000000000000e+00,0.000000000000000000e+00
5.831873249575961893e+01,0.000000000000000000e+00,0.000000000000000000e+00
5.971010143882442378e+01,0.000000000000000000e+00,0.000000000000000000e+00
6.008068826295863119e+01,0.000000000000000000e+00,0.000000000000000000e+00
5.997475538644216186e+01,0.000000000000000000e+00,0.000000000000000000e+00
5.618035928522868971e+01,0.000000000000000000e+00,0.000000000000000000e+00
5.611352069644967600e+01,0.000000000000000000e+00,0.000000000000000000e+00
5.800123189359239007e+01,0.000000000000000000e+00,0.000000000000000000e+00
6.376832382577777025e+01,0.000000000000000000e+00,0.000000000000000000e+00
5.826614743449157174e+01,0.000000000000000000e+00,0.000000000000000000e+00
5.829165238795851423e+01,0.000000000000000000e+00,0.000000000000000000e+00
5.994515689783931833e+01,0.000000000000000000e+00,0.000000000000000000e+00
6.023513001644841580e+01,0.000000000000000000e+00,0.000000000000000000e+00
5.963179013464507250e+01,0.000000000000000000e+00,0.000000000000000000e+00
6.067508086673242218e+01,0.000000000000000000e+00,0.000000000000000000e+00
6.014510007841931127e+01,0.000000000000000000e+00,0.000000000000000000e+00
6.092374091209330089e+01,0.000000000000000000e+00,0.000000000000000000e+00
6.197396926446013055e+01,0.000000000000000000e+00,0.000000000000000000e+00
5.987310852097142799e+01,0.000000000000000000e+00,0.000000000000000000e+00
6.167719690071813687e+01,0.000000000000000000e+00,0.000000000000000000e+00
6.529335234504884511e+01,0.000000000000000000e+00,0.000000000000000000e+00
6.050208513146382927e+01,0.000000000000000000e+00,0.000000000000000000e+00
6.118052038682003513e+01,0.000000000000000000e+00,0.000000000000000000e+00
5.913001644724013062e+01,0.000000000000000000e+00,0.000000000000000000e+00
6.237772806841269357e+01,0.000000000000000000e+00,0.000000000000000000e+00
5.922492226549785244e+01,0.000000000000000000e+00,0.000000000000000000e+00
6.559653808223856686e+01,0.000000000000000000e+00,0.000000000000000000e+00
6.275095547673544161e+01,0.000000000000000000e+00,0.000000000000000000e+00
6.076365043431518131e+01,0.000000000000000000e+00,0.000000000000000000e+00
6.472824287450377767e+01,0.000000000000000000e+00,0.000000000000000000e+00
6.224510796319911066e+01,0.000000000000000000e+00,0.000000000000000000e+00
5.923695817358148474e+01,0.000000000000000000e+00,0.000000000000000000e+00
6.030647881706951807e+01,0.000000000000000000e+00,0.000000000000000000e+00
6.200856230535664793e+01,0.000000000000000000e+00,0.000000000000000000e+00
5.856217814582994663e+01,0.000000000000000000e+00,0.000000000000000000e+00
6.213745677542077317e+01,0.000000000000000000e+00,0.000000000000000000e+00
6.184485746698614861e+01,0.000000000000000000e+00,0.000000000000000000e+00
5.977923741985341621e+01,0.000000000000000000e+00,0.000000000000000000e+00
5.969703253928499720e+01,0.000000000000000000e+00,0.000000000000000000e+00
6.361370015008935752e+01,0.000000000000000000e+00,0.000000000000000000e+00
6.104183367737383037e+01,0.000000000000000000e+00,0.000000000000000000e+00
5.896572412301657806e+01,0.000000000000000000e+00,0.000000000000000000e+00
6.282971554459442132e+01,0.000000000000000000e+00,0.000000000000000000e+00
5.936994368505261832e+01,0.000000000000000000e+00,0.000000000000000000e+00
5.972828962765511562e+01,0.000000000000000000e+00,0.000000000000000000e+00
5.844929856705374505e+01,0.000000000000000000e+00,0.000000000000000000e+00
6.316521270420949463e+01,0.000000000000000000e+00,0.000000000000000000e+00
6.186428111427844811e+01,0.000000000000000000e+00,0.000000000000000000e+00
6.355658040450862956e+01,0.000000000000000000e+00,0.000000000000000000e+00
5.831780694429517098e+01,0.000000000000000000e+00,0.000000000000000000e+00
6.325866043631376812e+01,0.000000000000000000e+00,0.000000000000000000e+00
6.291890099553605609e+01,0.000000000000000000e+00,0.000000000000000000e+00
6.391475062988686773e+01,0.000000000000000000e+00,0.000000000000000000e+00
6.054250496434980988e+01,0.000000000000000000e+00,0.000000000000000000e+00
6.700402391173432193e+01,0.000000000000000000e+00,0.000000000000000000e+00
6.015844467073002733e+01,0.000000000000000000e+00,0.000000000000000000e+00
5.998324398226864673e+01,0.000000000000000000e+00,0.000000000000000000e+00
5.996114064891716566e+01,0.000000000000000000e+00,0.000000000000000000e+00
6.327054183949591248e+01,0.000000000000000000e+00,0.000000000000000000e+00
6.118383408384991640e+01,0.000000000000000000e+00,0.000000000000000000e+00
6.535217840659223043e+01,0.000000000000000000e+00,0.000000000000000000e+00
6.380867247973606027e+01,0.000000000000000000e+00,0.000000000000000000e+00
6.100257189337705199e+01,0.000000000000000000e+00,0.000000000000000000e+00
6.346363484759861251e+01,0.000000000000000000e+00,0.000000000000000000e+00
6.146552516215840711e+01,0.000000000000000000e+00,0.000000000000000000e+00
6.633695348565386496e+01,0.000000000000000000e+00,0.000000000000000000e+00
6.000273564876328436e+01,0.000000000000000000e+00,0.000000000000000000e+00
6.394759809362198411e+01,0.000000000000000000e+00,0.000000000000000000e+00
6.488991877638279959e+01,0.000000000000000000e+00,0.000000000000000000e+00
6.418869866766154075e+01,0.000000000000000000e+00,0.000000000000000000e+00
6.391259142952840477e+01,0.000000000000000000e+00,0.000000000000000000e+00
6.529840292582652239e+01,0.000000000000000000e+00,0.000000000000000000e+00
6.310321651544977328e+01,0.000000000000000000e+00,0.000000000000000000e+00
6.602422586363255164e+01,0.000000000000000000e+00,0.000000000000000000e+00
6.305769328031338716e+01,0.000000000000000000e+00,0.000000000000000000e+00
6.350621858947012299e+01,0.000000000000000000e+00,0.000000000000000000e+00
6.163055554905987066e+01,0.000000000000000000e+00,0.000000000000000000e+00
6.110386007043469192e+01,0.000000000000000000e+00,0.000000000000000000e+00
6.131757706272983199e+01,0.000000000000000000e+00,0.000000000000000000e+00
6.192734588382344185e+01,0.000000000000000000e+00,0.000000000000000000e+00
6.465431511463170011e+01,0.000000000000000000e+00,0.000000000000000000e+00
6.348025692313806445e+01,0.000000000000000000e+00,0.000000000000000000e+00
6.118816247407146847e+01,0.000000000000000000e+00,0.000000000000000000e+00
6.416303976455628799e+01,0.000000000000000000e+00,0.000000000000000000e+00
6.651912813375989231e+01,0.000000000000000000e+00,0.000000000000000000e+00
6.335415144801446985e+01,0.000000000000000000e+00,0.000000000000000000e+00
6.986871715203268707e+01,0.000000000000000000e+00,0.000000000000000000e+00
6.600344016427214910e+01,0.000000000000000000e+00,0.000000000000000000e+00
6.498433164335477841e+01,0.000000000000000000e+00,0.000000000000000000e+00
6.825606925037598671e+01,0.000000000000000000e+00,0.000000000000000000e+00
6.298367212427787365e+01,0.000000000000000000e+00,0.000000000000000000e+00
6.804236873762739890e+01,0.000000000000000000e+00,0.000000000000000000e+00
6.696320048210040454e+01,0.000000000000000000e+00,0.000000000000000000e+00
6.497603670330626358e+01,0.000000000000000000e+00,0.000000000000000000e+00
6.412555878554650235e+01,0.000000000000000000e+00,0.000000000000000000e+00
6.826935001839022732e+01,0.000000000000000000e+00,0.000000000000000000e+00
6.553950720177932965e+01,0.000000000000000000e+00,0.000000000000000000e+00
6.592261817639061405e+01,0.000000000000000000e+00,0.000000000000000000e+00
6.455796515578020944e+01,0.000000000000000000e+00,0.000000000000000000e+00
6.634135993466198045e+01,0.000000000000000000e+00,0.000000000000000000e+00
6.857129523315020947e+01,0.000000000000000000e+00,0.000000000000000000e+00
6.290093437031197965e+01,0.000000000000000000e+00,0.000000000000000000e+00
6.878933082553943734e+01,0.000000000000000000e+00,0.000000000000000000e+00
6.738914544446947730e+01,0.000000000000000000e+00,0.000000000000000000e+00
6.335396163213667364e+01,0.000000000000000000e+00,0.000000000000000000e+00
6.477323104422038114e+01,0.000000000000000000e+00,0.000000000000000000e+00
6.788171917679241574e+01,0.000000000000000000e+00,0.000000000000000000e+00
6.741881706228267035e+01,0.000000000000000000e+00,0.000000000000000000e+00
6.433073519104279114e+01,0.000000000000000000e+00,0.000000000000000000e+00
6.730201743877236709e+01,0.000000000000000000e+00,0.000000000000000000e+00
6.457611792120729888e+01,0.000000000000000000e+00,0.000000000000000000e+00
6.806271784205073061e+01,0.000000000000000000e+00,0.000000000000000000e+00
6.434578096371473066e+01,0.000000000000000000e+00,0.000000000000000000e+00
6.861190073795657440e+01,0.000000000000000000e+00,0.000000000000000000e+00
6.530318800225185782e+01,0.000000000000000000e+00,0.000000000000000000e+00
6.644160576821624886e+01,0.000000000000000000e+00,0.000000000000000000e+00
6.916092574025599049e+01,0.000000000000000000e+00,0.000000000000000000e+00
6.717495352500040440e+01,0.000000000000000000e+00,0.000000000000000000e+00
6.272711409116590886e+01,0.000000000000000000e+00,0.000000000000000000e+00
6.608683225906814585e+01,0.000000000000000000e+00,0.000000000000000000e+00
6.553203282356231796e+01,0.000000000000000000e+00,0.000000000000000000e+00
6.590119632504172387e+01,0.000000000000000000e+00,0.000000000000000000e+00
6.620535882487828871e+01,0.000000000000000000e+00,0.000000000000000000e+00
6.568881833799329684e+01,0.000000000000000000e+00,0.000000000000000000e+00
6.474220624286934367e+01,0.000000000000000000e+00,0.000000000000000000e+00
6.758808111743061886e+01,0.000000000000000000e+00,0.000000000000000000e+00
7.082942577547389362e+01,0.000000000000000000e+00,0.000000000000000000e+00
6.476393477905885732e+01,0.000000000000000000e+00,0.000000000000000000e+00
6.561653335624501437e+01,0.000000000000000000e+00,0.000000000000000000e+00
6.776153711724900575e+01,0.000000000000000000e+00,0.000000000000000000e+00
6.838674543140085405e+01,0.000000000000000000e+00,0.000000000000000000e+00
6.572313317806819555e+01,0.000000000000000000e+00,0.000000000000000000e+00
6.584204057557110445e+01,0.000000000000000000e+00,0.000000000000000000e+00
7.042254797511432685e+01,0.000000000000000000e+00,0.000000000000000000e+00
6.897045465842968781e+01,0.000000000000000000e+00,0.000000000000000000e+00
6.863248475119958414e+01,0.000000000000000000e+00,0.000000000000000000e+00
6.653839877368233147e+01,0.000000000000000000e+00,0.000000000000000000e+00
6.903860825922812694e+01,0.000000000000000000e+00,0.000000000000000000e+00
6.876344331933321996e+01,0.000000000000000000e+00,0.000000000000000000e+00
6.711461806921536777e+01,0.000000000000000000e+00,0.000000000000000000e+00
7.258339178479639031e+01,0.000000000000000000e+00,0.000000000000000000e+00
6.897702834538984007e+01,0.000000000000000000e+00,0.000000000000000000e+00
6.817001442934122224e+01,0.000000000000000000e+00,0.000000000000000000e+00
7.088539273294441045e+01,0.000000000000000000e+00,0.000000000000000000e+00
6.963385896169037892e+01,0.000000000000000000e+00,0.000000000000000000e+00
6.764581152560239730e+01,0.000000000000000000e+00,0.000000000000000000e+00
6.676384998742771870e+01,0.000000000000000000e+00,0.000000000000000000e+00
6.830597154508127744e+01,0.000000000000000000e+00,0.000000000000000000e+00
6.787659708691745664e+01,0.000000000000000000e+00,0.000000000000000000e+00
6.779954560578026701e+01,0.000000000000000000e+00,0.000000000000000000e+00
6.884560228263748627e+01,0.000000000000000000e+00,0.000000000000000000e+00
6.869722266397018018e+01,0.000000000000000000e+00,0.000000000000000000e+00
7.138618117996460910e+01,0.000000000000000000e+00,0.000000000000000000e+00
6.946299244376214688e+01,0.000000000000000000e+00,0.000000000000000000e+00
6.706177583434613609e+01,0.000000000000000000e+00,0.000000000000000000e+00
6.828792391747049351e+01,0.000000000000000000e+00,0.000000000000000000e+00
6.775388166209859264e+01,0.000000000000000000e+00,0.000000000000000000e+00
7.260199716285612226e+01,0.000000000000000000e+00,0.000000000000000000e+00
6.869238850065323732e+01,0.000000000000000000e+00,0.000000000000000000e+00
6.811700249833428700e+01,0.000000000000000000e+00,0.000000000000000000e+00
7.104801465192387866e+01,0.000000000000000000e+00,0.000000000000000000e+00
7.171308327367957247e+01,0.000000000000000000e+00,0.000000000000000000e+00
7.045457913603041789e+01,0.000000000000000000e+00,0.000000000000000000e+00
6.815046681410424867e+01,0.000000000000000000e+00,0.000000000000000000e+00
7.083154273052197425e+01,0.000000000000000000e+00,0.000000000000000000e+00
7.303666232009594239e+01,0.000000000000000000e+00,0.000000000000000000e+00
7.090415151303422192e+01,0.000000000000000000e+00,0.000000000000000000e+00
7.175107669574487090e+01,0.000000000000000000e+00,0.000000000000000000e+00
7.010197146588474482e+01,0.000000000000000000e+00,0.000000000000000000e+00
7.180980554798904336e+01,0.000000000000000000e+00,0.000000000000000000e+00
6.661364015080167178e+01,0.000000000000000000e+00,0.000000000000000000e+00
6.713321353647170042e+01,0.000000000000000000e+00,0.000000000000000000e+00
7.027749891780092639e+01,0.000000000000000000e+00,0.000000000000000000e+00
6.951043343496560567e+01,0.000000000000000000e+00,0.000000000000000000e+00
7.182185633803335634e+01,0.000000000000000000e+00,0.000000000000000000e+00
6.931547498256735196e+01,0.000000000000000000e+00,0.000000000000000000e+00
6.856606851006041836e+01,0.000000000000000000e+00,0.000000000000000000e+00
7.097640862916128413e+01,0.000000000000000000e+00,0.000000000000000000e+00
6.834755510134000644e+01,0.000000000000000000e+00,0.000000000000000000e+00
7.349973552329946358e+01,0.000000000000000000e+00,0.000000000000000000e+00
6.522083284634346967e+01,0.000000000000000000e+00,0.000000000000000000e+00
7.181446535059671987e+01,0.000000000000000000e+00,0.000000000000000000e+00
6.885566690383834043e+01,0.000000000000000000e+00,0.000000000000000000e+00
7.484662680505739729e+01,0.000000000000000000e+00,0.000000000000000000e+00
7.425714669609688201e+01,0.000000000000000000e+00,0.000000000000000000e+00
7.090291588612755902e+01,0.000000000000000000e+00,0.000000000000000000e+00
7.273598035139791307e+01,0.000000000000000000e+00,0.000000000000000000e+00
7.161330612840822596e+01,0.000000000000000000e+00,0.000000000000000000e+00
6.891081335340612668e+01,0.000000000000000000e+00,0.000000000000000000e+00
7.060609122380422775e+01,0.000000000000000000e+00,0.000000000000000000e+00
7.181663855880117353e+01,0.000000000000000000e+00,0.000000000000000000e+00
7.261636886128272295e+01,0.000000000000000000e+00,0.000000000000000000e+00
7.332815078286434129e+01,0.000000000000000000e+00,0.000000000000000000e+00
7.292345514956744523e+01,0.000000000000000000e+00,0.000000000000000000e+00
7.404493341062585898e+01,0.000000000000000000e+00,0.000000000000000000e+00
7.230856811707229781e+01,0.000000000000000000e+00,0.000000000000000000e+00
6.883449001102553666e+01,0.000000000000000000e+00,0.000000000000000000e+00
6.965656470090003438e+01,0.000000000000000000e+00,0.000000000000000000e+00
6.884829264580051245e+01,0.000000000000000000e+00,0.000000000000000000e+00
7.229299448008865170e+01,0.000000000000000000e+00,0.000000000000000000e+00
7.228826123129917391e+01,0.000000000000000000e+00,0.000000000000000000e+00
7.271222217567326140e+01,0.000000000000000000e+00,0.000000000000000000e+00
7.419679099732420013e+01,0.000000000000000000e+00,0.000000000000000000e+00
7.367003503982695634e+01,0.000000000000000000e+00,0.000000000000000000e+00
7.369082297712247964e+01,0.000000000000000000e+00,0.000000000000000000e+00
7.214318940663648050e+01,0.000000000000000000e+00,0.000000000000000000e+00
7.090085329072336151e+01,0.000000000000000000e+00,0.000000000000000000e+00
7.487655021687137946e+01,0.000000000000000000e+00,0.000000000000000000e+00
7.020239326454903050e+01,0.000000000000000000e+00,0.000000000000000000e+00
7.162693372615433418e+01,0.000000000000000000e+00,0.000000000000000000e+00
7.262479132565236739e+01,0.000000000000000000e+00,0.000000000000000000e+00
7.155328572247057650e+01,0.000000000000000000e+00,0.000000000000000000e+00
7.299089945841410554e+01,0.000000000000000000e+00,0.000000000000000000e+00
7.492873437227225963e+01,0.000000000000000000e+00,0.000000000000000000e+00
7.092683750546532906e+01,0.000000000000000000e+00,0.000000000000000000e+00
7.122362744851422178e+01,0.000000000000000000e+00,0.000000000000000000e+00
7.387356592569813074e+01,0.000000000000000000e+00,0.000000000000000000e+00
7.081504404779799700e+01,0.000000000000000000e+00,0.000000000000000000e+00
7.588187865883875816e+01,0.000000000000000000e+00,0.000000000000000000e+00
7.307652110095760634e+01,0.000000000000000000e+00,0.000000000000000000e+00
7.561910872604607903e+01,0.000000000000000000e+00,0.000000000000000000e+00
7.401243865112529363e+01,0.000000000000000000e+00,0.000000000000000000e+00
7.183608030599026506e+01,0.000000000000000000e+00,0.000000000000000000e+00
7.237054077906947214e+01,0.000000000000000000e+00,0.000000000000000000e+00
7.266297499571336971e+01,0.000000000000000000e+00,0.000000000000000000e+00
7.208403887681755862e+01,0.000000000000000000e+00,0.000000000000000000e+00
7.283149731598879839e+01,0.000000000000000000e+00,0.000000000000000000e+00
7.648420122878005145e+01,0.000000000000000000e+00,0.000000000000000000e+00
7.687748626161484822e+01,0.000000000000000000e+00,0.000000000000000000e+00
7.680767655799128590e+01,0.000000000000000000e+00,0.000000000000000000e+00
7.414588105011631569e+01,0.000000000000000000e+00,0.000000000000000000e+00
7.491239246112061778e+01,0.000000000000000000e+00,0.000000000000000000e+00
7.399426984414240849e+01,0.000000000000000000e+00,0.000000000000000000e+00
7.310275877304925984e+01,0.000000000000000000e+00,0.000000000000000000e+00
7.380601976689877119e+01,0.000000000000000000e+00,0.000000000000000000e+00
7.525866660160407662e+01,0.000000000000000000e+00,0.000000000000000000e+00
7.619151102295283806e+01,0.000000000000000000e+00,0.000000000000000000e+00
7.370830679083339021e+01,0.000000000000000000e+00,0.000000000000000000e+00
7.302742817503846595e+01,0.000000000000000000e+00,0.000000000000000000e+00
7.617161482137325379e+01,0.000000000000000000e+00,0.000000000000000000e+00
7.423419548159444048e+01,0.000000000000000000e+00,0.000000000000000000e+00
7.517701428860750923e+01,0.000000000000000000e+00,0.000000000000000000e+00
7.302436410626499708e+01,0.000000000000000000e+00,0.000000000000000000e+00
7.544178672617681514e+01,0.000000000000000000e+00,0.000000000000000000e+00
7.316685546543827456e+01,0.000000000000000000e+00,0.000000000000000000e+00
6.936247633204446572e+01,0.000000000000000000e+00,0.000000000000000000e+00
7.745100080640312967e+01,0.000000000000000000e+00,0.000000000000000000e+00
7.263489678865651911e+01,0.000000000000000000e+00,0.000000000000000000e+00
7.545769603692212968e+01,0.000000000000000000e+00,0.000000000000000000e+00
7.635646956646539252e+01,0.000000000000000000e+00,0.000000000000000000e+00
7.667214233100835941e+01,0.000000000000000000e+00,0.000000000000000000e+00
7.259794149090312487e+01,0.000000000000000000e+00,0.000000000000000000e+00
7.926349250216669873e+01,0.000000000000000000e+00,0.000000000000000000e+00
7.110964933270923893e+01,0.000000000000000000e+00,0.000000000000000000e+00
7.820660861457280078e+01,0.000000000000000000e+00,0.000000000000000000e+00
7.219502162160846126e+01,0.000000000000000000e+00,0.000000000000000000e+00
7.363430467355829023e+01,0.000000000000000000e+00,0.000000000000000000e+00
7.540908409308747196e+01,0.000000000000000000e+00,0.000000000000000000e+00
7.615724272203178202e+01,0.000000000000000000e+00,0.000000000000000000e+00
7.470847119313572193e+01,0.000000000000000000e+00,0.000000000000000000e+00
7.569219434572033833e+01,0.000000000000000000e+00,0.000000000000000000e+00
7.475962089585812009e+01,0.000000000000000000e+00,0.000000000000000000e+00
7.449301380726554100e+01,0.000000000000000000e+00,0.000000000000000000e+00
7.962142802925897911e+01,0.000000000000000000e+00,0.000000000000000000e+00
7.781572553201401377e+01,0.000000000000000000e+00,0.000000000000000000e+00
7.673219414116181269e+01,0.000000000000000000e+00,0.000000000000000000e+00
7.288502953888648506e+01,0.000000000000000000e+00,0.000000000000000000e+00
7.756668798540552245e+01,0.000000000000000000e+00,0.000000000000000000e+00
7.380165871193820237e+01,0.000000000000000000e+00,0.000000000000000000e+00
7.426485132424915037e+01,0.000000000000000000e+00,0.000000000000000000e+00
7.521658042986253179e+01,0.000000000000000000e+00,0.000000000000000000e+00
7.831660195160986859e+01,0.000000000000000000e+00,0.000000000000000000e+00
7.383636417427604215e+01,0.000000000000000000e+00,0.000000000000000000e+00
7.587559445588266271e+01,0.000000000000000000e+00,0.000000000000000000e+00
7.797383982161167637e+01,0.000000000000000000e+00,0.000000000000000000e+00
8.092497077738380540e+01,0.000000000000000000e+00,0.000000000000000000e+00
7.870170481408348451e+01,0.000000000000000000e+00,0.000000000000000000e+00
7.614418274553671040e+01,0.000000000000000000e+00,0.000000000000000000e+00
7.687340837288076045e+01,0.000000000000000000e+00,0.000000000000000000e+00
7.774108212983189503e+01,0.000000000000000000e+00,0.000000000000000000e+00
7.441239088018458858e+01,0.000000000000000000e+00,0.000000000000000000e+00
7.335805239149539148e+01,0.000000000000000000e+00,0.000000000000000000e+00
7.178969322800719510e+01,0.000000000000000000e+00,0.000000000000000000e+00
7.552313993584878915e+01,0.000000000000000000e+00,0.000000000000000000e+00
7.502380372747406057e+01,0.000000000000000000e+00,0.000000000000000000e+00
7.696630805185498048e+01,0.000000000000000000e+00,0.000000000000000000e+00
7.637547184912595810e+01,0.000000000000000000e+00,0.000000000000000000e+00
7.787212784346614569e+01,0.000000000000000000e+00,0.000000000000000000e+00
7.632883403589475790e+01,0.000000000000000000e+00,0.000000000000000000e+00
7.627808247076484349e+01,0.000000000000000000e+00,0.000000000000000000e+00
7.416016260281872974e+01,0.000000000000000000e+00,0.000000000000000000e+00
7.671040908195486452e+01,0.000000000000000000e+00,0.000000000000000000e+00
7.505753181057070833e+01,0.000000000000000000e+00,0.000000000000000000e+00
7.324421296805680015e+01,0.000000000000000000e+00,0.000000000000000000e+00
7.576918130099980431e+01,0.000000000000000000e+00,0.000000000000000000e+00
7.342431311406144800e+01,0.000000000000000000e+00,0.000000000000000000e+00
7.664504391457953147e+01,0.000000000000000000e+00,0.000000000000000000e+00
7.584622269690142105e+01,0.000000000000000000e+00,0.000000000000000000e+00
7.579112236346013276e+01,0.000000000000000000e+00,0.000000000000000000e+00
7.485610447546331159e+01,0.000000000000000000e+00,0.000000000000000000e+00
8.101674627758718827e+01,0.000000000000000000e+00,0.000000000000000000e+00
7.920950622427479004e+01,0.000000000000000000e+00,0.000000000000000000e+00
7.405874709509738807e+01,0.000000000000000000e+00,0.000000000000000000e+00
7.452385676382796476e+01,0.000000000000000000e+00,0.000000000000000000e+00
7.389222077925772680e+01,0.000000000000000000e+00,0.000000000000000000e+00
7.601589577830206679e+01,0.000000000000000000e+00,0.000000000000000000e+00
7.852829609194849070e+01,0.000000000000000000e+00,0.000000000000000000e+00
7.477207947063669735e+01,0.000000000000000000e+00,0.000000000000000000e+00
7.793414611957196314e+01,0.000000000000000000e+00,0.000000000000000000e+00
7.676643057480204391e+01,0.000000000000000000e+00,0.000000000000000000e+00
7.963731466524190239e+01,0.000000000000000000e+00,0.000000000000000000e+00
8.011408312420041966e+01,0.000000000000000000e+00,0.000000000000000000e+00
7.436339504237861320e+01,0.000000000000000000e+00,0.000000000000000000e+00
7.729047868074134442e+01,0.000000000000000000e+00,0.000000000000000000e+00
8.116143807078854877e+01,0.000000000000000000e+00,0.000000000000000000e+00
7.463085841096092565e+01,0.000000000000000000e+00,0.000000000000000000e+00
7.765485343593928746e+01,0.000000000000000000e+00,0.000000000000000000e+00
7.923487622222268101e+01,0.000000000000000000e+00,0.000000000000000000e+00
8.083597514113107252e+01,0.000000000000000000e+00,0.000000000000000000e+00
7.861228997073742164e+01,0.000000000000000000e+00,0.000000000000000000e+00
7.609219560760638501e+01,0.000000000000000000e+00,0.000000000000000000e+00
7.462803875142010668e+01,0.000000000000000000e+00,0.000000000000000000e+00
7.625196064261920981e+01,0.000000000000000000e+00,0.000000000000000000e+00
7.959141184373117994e+01,0.000000000000000000e+00,0.000000000000000000e+00
7.645445243334049223e+01,0.000000000000000000e+00,0.000000000000000000e+00
7.695007553700341418e+01,0.000000000000000000e+00,0.000000000000000000e+00
8.013335335774218038e+01,0.000000000000000000e+00,0.000000000000000000e+00
7.677016281681895293e+01,0.000000000000000000e+00,0.000000000000000000e+00
7.943646522881587657e+01,0.000000000000000000e+00,0.000000000000000000e+00
8.227707382101375799e+01,0.000000000000000000e+00,0.000000000000000000e+00
7.650977477704573460e+01,0.000000000000000000e+00,0.000000000000000000e+00
7.441543817880307188e+01,0.000000000000000000e+00,0.000000000000000000e+00
7.852727080029616502e+01,0.000000000000000000e+00,0.000000000000000000e+00
7.726617869003437988e+01,0.000000000000000000e+00,0.000000000000000000e+00
8.077785282388464339e+01,0.000000000000000000e+00,0.000000000000000000e+00
7.591795259085034786e+01,0.000000000000000000e+00,0.000000000000000000e+00
7.521966812229118204e+01,0.000000000000000000e+00,0.000000000000000000e+00
7.680990057429461615e+01,0.000000000000000000e+00,0.000000000000000000e+00
7.751544096825068664e+01,0.000000000000000000e+00,0.000000000000000000e+00
7.545869921470487895e+01,0.000000000000000000e+00,0.000000000000000000e+00
7.730775550138197616e+01,0.000000000000000000e+00,0.000000000000000000e+00
7.657039286191432836e+01,0.000000000000000000e+00,0.000000000000000000e+00
7.673077803246992801e+01,0.000000000000000000e+00,0.000000000000000000e+00
7.835386889991833925e+01,0.000000000000000000e+00,0.000000000000000000e+00
7.463363636786316135e+01,0.000000000000000000e+00,0.000000000000000000e+00
7.999494263851191533e+01,0.000000000000000000e+00,0.000000000000000000e+00
7.781669259588896637e+01,0.000000000000000000e+00,0.000000000000000000e+00
7.515414275427872326e+01,0.000000000000000000e+00,0.000000000000000000e+00
7.888616533013909304e+01,0.000000000000000000e+00,0.000000000000000000e+00
8.122688426352254965e+01,0.000000000000000000e+00,0.000000000000000000e+00
7.359251645440292577e+01,0.000000000000000000e+00,0.000000000000000000e+00
7.919009048899336278e+01,0.000000000000000000e+00,0.000000000000000000e+00
7.906359471532356054e+01,0.000000000000000000e+00,0.000000000000000000e+00
7.519984136703803301e+01,0.000000000000000000e+00,0.000000000000000000e+00
7.787918987436223972e+01,0.000000000000000000e+00,0.000000000000000000e+00
8.025696371919538308e+01,0.000000000000000000e+00,0.000000000000000000e+00
8.191323361287643934e+01,0.000000000000000000e+00,0.000000000000000000e+00
7.743982173786197620e+01,0.000000000000000000e+00,0.000000000000000000e+00
7.916549428313311410e+01,0.000000000000000000e+00,0.000000000000000000e+00
8.188690810548652621e+01,0.000000000000000000e+00,0.000000000000000000e+00
7.455449505658053511e+01,0.000000000000000000e+00,0.000000000000000000e+00
8.150740758454976742e+01,0.000000000000000000e+00,0.000000000000000000e+00
7.776614119534622205e+01,0.000000000000000000e+00,0.000000000000000000e+00
7.915129943071534058e+01,0.000000000000000000e+00,0.000000000000000000e+00
7.839862666439863403e+01,0.000000000000000000e+00,0.000000000000000000e+00
7.754417719267232201e+01,0.000000000000000000e+00,0.000000000000000000e+00
7.935957552182537711e+01,0.000000000000000000e+00,0.000000000000000000e+00
8.289253361451764590e+01,0.000000000000000000e+00,0.000000000000000000e+00
7.718701324867826941e+01,0.000000000000000000e+00,0.000000000000000000e+00
7.822928212965094019e+01,0.000000000000000000e+00,0.000000000000000000e+00
7.849420342761119684e+01,0.000000000000000000e+00,0.000000000000000000e+00
8.273958706843068001e+01,0.000000000000000000e+00,0.000000000000000000e+00
8.059985726441826159e+01,0.000000000000000000e+00,0.000000000000000000e+00
7.954371965279352708e+01,0.000000000000000000e+00,0.000000000000000000e+00
8.237535689703587138e+01,0.000000000000000000e+00,0.000000000000000000e+00
7.982434457373187797e+01,0.000000000000000000e+00,0.000000000000000000e+00
7.837451370937789363e+01,0.000000000000000000e+00,0.000000000000000000e+00
7.764226150815487415e+01,0.000000000000000000e+00,0.000000000000000000e+00
7.917009724684729122e+01,0.000000000000000000e+00,0.000000000000000000e+00
7.896523054669501107e+01,0.000000000000000000e+00,0.000000000000000000e+00
8.032851014861705607e+01,0.000000000000000000e+00,0.000000000000000000e+00
7.884173762510783945e+01,0.000000000000000000e+00,0.000000000000000000e+00
7.909323066843526817e+01,0.000000000000000000e+00,0.000000000000000000e+00
7.809796139535164627e+01,0.000000000000000000e+00,0.000000000000000000e+00
7.924603165817887884e+01,0.000000000000000000e+00,0.000000000000000000e+00
7.698767244444786684e+01,0.000000000000000000e+00,0.000000000000000000e+00
7.834335393280626647e+01,0.000000000000000000e+00,0.000000000000000000e+00
7.758302182050658757e+01,0.000000000000000000e+00,0.000000000000000000e+00
7.608706360913357969e+01,0.000000000000000000e+00,0.000000000000000000e+00
7.824882193681898457e+01,0.000000000000000000e+00,0.000000000000000000e+00
8.230858897475117431e+01,0.000000000000000000e+00,0.000000000000000000e+00
7.883514828415779618e+01,0.000000000000000000e+00,0.000000000000000000e+00
8.063017407835646111e+01,0.000000000000000000e+00,0.000000000000000000e+00
7.984209530059747806e+01,0.000000000000000000e+00,0.000000000000000000e+00
7.710679630347051727e+01,0.000000000000000000e+00,0.000000000000000000e+00
7.962528875937769612e+01,0.000000000000000000e+00,0.000000000000000000e+00
8.041022512070183836e+01,0.000000000000000000e+00,0.000000000000000000e+00
8.088055450833672921e+01,0.000000000000000000e+00,0.000000000000000000e+00
8.104607205431386774e+01,0.000000000000000000e+00,0.000000000000000000e+00
7.881263392185761063e+01,0.000000000000000000e+00,0.000000000000000000e+00
8.342464482813711868e+01,0.000000000000000000e+00,0.000000000000000000e+00
8.482334061027839311e+01,0.000000000000000000e+00,0.000000000000000000e+00
8.122501630712335441e+01,0.000000000000000000e+00,0.000000000000000000e+00
7.919455996260613517e+01,0.000000000000000000e+00,0.000000000000000000e+00
7.499675784674974466e+01,0.000000000000000000e+00,0.000000000000000000e+00
8.013681578256090177e+01,0.000000000000000000e+00,0.000000000000000000e+00
7.998580727615971853e+01,0.000000000000000000e+00,0.000000000000000000e+00
7.793717257954945410e+01,0.000000000000000000e+00,0.000000000000000000e+00
7.701934252148177507e+01,0.000000000000000000e+00,0.000000000000000000e+00
7.954777695459593190e+01,0.000000000000000000e+00,0.000000000000000000e+00
7.998118248601721803e+01,0.000000000000000000e+00,0.000000000000000000e+00
8.043560755603023438e+01,0.000000000000000000e+00,0.000000000000000000e+00
7.879934616256366553e+01,0.000000000000000000e+00,0.000000000000000000e+00
7.698341125750860670e+01,0.000000000000000000e+00,0.000000000000000000e+00
8.013819211442059043e+01,0.000000000000000000e+00,0.000000000000000000e+00
7.717414952325313493e+01,0.000000000000000000e+00,0.000000000000000000e+00
8.040209765378412499e+01,0.000000000000000000e+00,0.000000000000000000e+00
8.081994146883427277e+01,0.000000000000000000e+00,0.000000000000000000e+00
8.142717780581106979e+01,0.000000000000000000e+00,0.000000000000000000e+00
8.075752089700294789e+01,0.000000000000000000e+00,0.000000000000000000e+00
7.766334232479560740e+01,0.000000000000000000e+00,0.000000000000000000e+00
7.786318302068974617e+01,0.000000000000000000e+00,0.000000000000000000e+00
8.175219144221141221e+01,0.000000000000000000e+00,0.000000000000000000e+00
7.627336632958304108e+01,0.000000000000000000e+00,0.000000000000000000e+00
7.859128256200980900e+01,0.000000000000000000e+00,0.000000000000000000e+00
8.030860464573248692e+01,0.000000000000000000e+00,0.000000000000000000e+00
7.604586826447852843e+01,0.000000000000000000e+00,0.000000000000000000e+00
7.829541884844383048e+01,0.000000000000000000e+00,0.000000000000000000e+00
8.015111096904226429e+01,0.000000000000000000e+00,0.000000000000000000e+00
8.339029039456045211e+01,0.000000000000000000e+00,0.000000000000000000e+00
7.377162876688146298e+01,0.000000000000000000e+00,0.000000000000000000e+00
7.726658295731814974e+01,0.000000000000000000e+00,0.000000000000000000e+00
7.873134988018297520e+01,0.000000000000000000e+00,0.000000000000000000e+00
7.926410281173684780e+01,0.000000000000000000e+00,0.000000000000000000e+00
8.107887858357423738e+01,0.000000000000000000e+00,0.000000000000000000e+00
8.320771610604491286e+01,0.000000000000000000e+00,0.000000000000000000e+00
7.868419719963694092e+01,0.000000000000000000e+00,0.000000000000000000e+00
7.568547542736270373e+01,0.000000000000000000e+00,0.000000000000000000e+00
7.739974817917918415e+01,0.000000000000000000e+00,0.000000000000000000e+00
7.521709265012495393e+01,0.000000000000000000e+00,0.000000000000000000e+00
7.929956130024031324e+01,0.000000000000000000e+00,0.000000000000000000e+00
8.049551705725289708e+01,0.000000000000000000e+00,0.000000000000000000e+00
7.956147116280733655e+01,0.000000000000000000e+00,0.000000000000000000e+00
8.387692622238422757e+01,0.000000000000000000e+00,0.000000000000000000e+00
8.069675938573026031e+01,0.000000000000000000e+00,0.000000000000000000e+00
7.802945228491444141e+01,0.000000000000000000e+00,0.000000000000000000e+00
8.130837156301073776e+01,0.000000000000000000e+00,0.000000000000000000e+00
8.141617300228854504e+01,0.000000000000000000e+00,0.000000000000000000e+00
8.060348686284048370e+01,0.000000000000000000e+00,0.000000000000000000e+00
8.039480057381292966e+01,0.000000000000000000e+00,0.000000000000000000e+00
8.076672206376629504e+01,0.000000000000000000e+00,0.000000000000000000e+00
7.967214830735107967e+01,0.000000000000000000e+00,0.000000000000000000e+00
7.973988760711044677e+01,0.000000000000000000e+00,0.000000000000000000e+00
7.687633854994696492e+01,0.000000000000000000e+00,0.000000000000000000e+00
7.944887346952741325e+01,0.000000000000000000e+00,0.000000000000000000e+00
8.095307200661359559e+01,0.000000000000000000e+00,0.000000000000000000e+00
8.113273348348889158e+01,0.000000000000000000e+00,0.000000000000000000e+00
8.188120976953119623e+01,0.000000000000000000e+00,0.000000000000000000e+00
7.960581565897942369e+01,0.000000000000000000e+00,0.000000000000000000e+00
7.856423809676270764e+01,0.000000000000000000e+00,0.000000000000000000e+00
8.057404060720020311e+01,0.000000000000000000e+00,0.000000000000000000e+00
7.943996567674521714e+01,0.000000000000000000e+00,0.000000000000000000e+00
7.980586507243735639e+01,0.000000000000000000e+00,0.000000000000000000e+00
8.134794843566295697e+01,0.000000000000000000e+00,0.000000000000000000e+00
8.053701019141561801e+01,0.000000000000000000e+00,0.000000000000000000e+00
7.822481820729653634e+01,0.000000000000000000e+00,0.000000000000000000e+00
7.965044819722706393e+01,0.000000000000000000e+00,0.000000000000000000e+00
7.812887083065997729e+01,0.000000000000000000e+00,0.000000000000000000e+00
8.269458672727213866e+01,0.000000000000000000e+00,0.000000000000000000e+00
7.973705660161580511e+01,0.000000000000000000e+00,0.000000000000000000e+00
8.150361651823746456e+01,0.000000000000000000e+00,0.000000000000000000e+00
7.921467806743488893e+01,0.000000000000000000e+00,0.000000000000000000e+00
7.849109668771889403e+01,0.000000000000000000e+00,0.000000000000000000e+00
7.985859915977418666e+01,0.000000000000000000e+00,0.000000000000000000e+00
8.220935539643721768e+01,0.000000000000000000e+00,0.000000000000000000e+00
8.108218620363867046e+01,0.000000000000000000e+00,0.000000000000000000e+00
7.585379600850495763e+01,0.000000000000000000e+00,0.000000000000000000e+00
7.912699399168000980e+01,0.000000000000000000e+00,0.000000000000000000e+00
7.732172666456952470e+01,0.000000000000000000e+00,0.000000000000000000e+00
8.158891635669141351e+01,0.000000000000000000e+00,0.000000000000000000e+00
7.924660350347380700e+01,0.000000000000000000e+00,0.000000000000000000e+00
7.817125322061258430e+01,0.000000000000000000e+00,0.000000000000000000e+00
8.215345914904138169e+01,0.000000000000000000e+00,0.000000000000000000e+00
8.222036397792193441e+01,0.000000000000000000e+00,0.000000000000000000e+00
7.957380636337552460e+01,0.000000000000000000e+00,0.000000000000000000e+00
8.028812290163563148e+01,0.000000000000000000e+00,0.000000000000000000e+00
7.760430957921325046e+01,0.000000000000000000e+00,0.000000000000000000e+00
7.924746262051723988e+01,0.000000000000000000e+00,0.000000000000000000e+00
8.190418257393383783e+01,0.000000000000000000e+00,0.000000000000000000e+00
8.042199252253590203e+01,0.000000000000000000e+00,0.000000000000000000e+00
7.540901524280307910e+01,0.000000000000000000e+00,0.000000000000000000e+00
7.794242506859772845e+01,0.000000000000000000e+00,0.000000000000000000e+00
7.993606959719103600e+01,0.000000000000000000e+00,0.000000000000000000e+00
8.006999303619302566e+01,0.000000000000000000e+00,0.000000000000000000e+00
8.388726782433766971e+01,0.000000000000000000e+00,0.000000000000000000e+00
7.901558624908332717e+01,0.000000000000000000e+00,0.000000000000000000e+00
7.999396082516697959e+01,0.000000000000000000e+00,0.000000000000000000e+00
8.100973369085885167e+01,0.000000000000000000e+00,0.000000000000000000e+00
8.330140182540560545e+01,0.000000000000000000e+00,0.000000000000000000e+00
7.910338121016680191e+01,0.000000000000000000e+00,0.000000000000000000e+00
8.109639230603929150e+01,0.000000000000000000e+00,0.000000000000000000e+00
8.232815866739326793e+01,0.000000000000000000e+00,0.000000000000000000e+00
8.134184844274962245e+01,0.000000000000000000e+00,0.000000000000000000e+00
8.188880273915231101e+01,0.000000000000000000e+00,0.000000000000000000e+00
7.871629790453529552e+01,0.000000000000000000e+00,0.000000000000000000e+00
7.766645296011881783e+01,0.000000000000000000e+00,0.000000000000000000e+00
8.065661298976267801e+01,0.000000000000000000e+00,0.000000000000000000e+00
7.981467624953151585e+01,0.000000000000000000e+00,0.000000000000000000e+00
7.870803307510753655e+01,0.000000000000000000e+00,0.000000000000000000e+00
8.002700640148655964e+01,0.000000000000000000e+00,0.000000000000000000e+00
8.399799049560007802e+01,0.000000000000000000e+00,0.000000000000000000e+00
7.972746034271715132e+01,0.000000000000000000e+00,0.000000000000000000e+00
7.855349717581974289e+01,0.000000000000000000e+00,0.000000000000000000e+00
7.997548550590600769e+01,0.000000000000000000e+00,0.000000000000000000e+00
7.955685516821029069e+01,0.000000000000000000e+00,0.000000000000000000e+00
7.930696285526768463e+01,0.000000000000000000e+00,0.000000000000000000e+00
8.303670844584483746e+01,0.000000000000000000e+00,0.000000000000000000e+00
8.236061298589312685e+01,0.000000000000000000e+00,0.000000000000000000e+00
7.840830896628565938e+01,0.000000000000000000e+00,0.000000000000000000e+00
7.739547180682598082e+01,0.000000000000000000e+00,0.000000000000000000e+00
8.244299381361959433e+01,0.000000000000000000e+00,0.000000000000000000e+00
8.332456336658513862e+01,0.000000000000000000e+00,0.000000000000000000e+00
7.544858591794879032e+01,0.000000000000000000e+00,0.000000000000000000e+00
7.937375549483422787e+01,0.000000000000000000e+00,0.000000000000000000e+00
8.097315715602020703e+01,0.000000000000000000e+00,0.000000000000000000e+00
7.709915498244582466e+01,0.000000000000000000e+00,0.000000000000000000e+00
8.119249224475353799e+01,0.000000000000000000e+00,0.000000000000000000e+00
7.925900972555609769e+01,0.000000000000000000e+00,0.000000000000000000e+00
7.722721663918360946e+01,0.000000000000000000e+00,0.000000000000000000e+00
8.117829311393516889e+01,0.000000000000000000e+00,0.000000000000000000e+00
7.622857398840423571e+01,0.000000000000000000e+00,0.000000000000000000e+00
7.879416835475889513e+01,0.000000000000000000e+00,0.000000000000000000e+00
7.999037540982985206e+01,0.000000000000000000e+00,0.000000000000000000e+00
8.135671285941745623e+01,0.000000000000000000e+00,0.000000000000000000e+00
7.769706015830857382e+01,0.000000000000000000e+00,0.000000000000000000e+00
7.982187611627442436e+01,0.000000000000000000e+00,0.000000000000000000e+00
7.994289973861698684e+01,0.000000000000000000e+00,0.000000000000000000e+00
8.101123481521084102e+01,0.000000000000000000e+00,0.000000000000000000e+00
7.871183479987490728e+01,0.000000000000000000e+00,0.000000000000000000e+00
7.947846715708246279e+01,0.000000000000000000e+00,0.000000000000000000e+00
7.740928776713192860e+01,0.000000000000000000e+00,0.000000000000000000e+00
8.047284950309409624e+01,0.000000000000000000e+00,0.000000000000000000e+00
7.894535841332728410e+01,0.000000000000000000e+00,0.000000000000000000e+00
8.067548982032509741e+01,0.000000000000000000e+00,0.000000000000000000e+00
8.182679511490061941e+01,0.000000000000000000e+00,0.000000000000000000e+00
7.979099369099449746e+01,0.000000000000000000e+00,0.000000000000000000e+00
7.922911030187583492e+01,0.000000000000000000e+00,0.000000000000000000e+00
7.856091623942505464e+01,0.000000000000000000e+00,0.000000000000000000e+00
7.989433762616448575e+01,0.000000000000000000e+00,0.000000000000000000e+00
7.891688865144681131e+01,0.000000000000000000e+00,0.000000000000000000e+00
8.051449875819994872e+01,0.000000000000000000e+00,0.000000000000000000e+00
7.902318960218005373e+01,0.000000000000000000e+00,0.000000000000000000e+00
8.365021013636255987e+01,0.000000000000000000e+00,0.000000000000000000e+00
7.838424493617999644e+01,0.000000000000000000e+00,0.000000000000000000e+00
8.375863212003086744e+01,0.000000000000000000e+00,0.000000000000000000e+00
8.111292811896733213e+01,0.000000000000000000e+00,0.000000000000000000e+00
7.894538522006519088e+01,0.000000000000000000e+00,0.000000000000000000e+00
7.731744123775419553e+01,0.000000000000000000e+00,0.000000000000000000e+00
8.071353542171236484e+01,0.000000000000000000e+00,0.000000000000000000e+00
7.948742688499635278e+01,0.000000000000000000e+00,0.000000000000000000e+00
8.006386490412540979e+01,0.000000000000000000e+00,0.000000000000000000e+00
8.030900556434646376e+01,0.000000000000000000e+00,0.000000000000000000e+00
7.821843551312254306e+01,0.000000000000000000e+00,0.000000000000000000e+00
7.747271091657242437e+01,0.000000000000000000e+00,0.000000000000000000e+00
7.758962373858304318e+01,0.000000000000000000e+00,0.000000000000000000e+00
7.506779776554235184e+01,0.000000000000000000e+00,0.000000000000000000e+00
7.711102318161363200e+01,0.000000000000000000e+00,0.000000000000000000e+00
7.912400564709257367e+01,0.000000000000000000e+00,0.000000000000000000e+00
7.916164182313339381e+01,0.000000000000000000e+00,0.000000000000000000e+00
7.689187529697045420e+01,0.000000000000000000e+00,0.000000000000000000e+00
8.151527289196322101e+01,0.000000000000000000e+00,0.000000000000000000e+00
7.976542655253588521e+01,0.000000000000000000e+00,0.000000000000000000e+00
8.213054502383508293e+01,0.000000000000000000e+00,0.000000000000000000e+00
7.690154741159886953e+01,0.000000000000000000e+00,0.000000000000000000e+00
7.802922968121508518e+01,0.000000000000000000e+00,0.000000000000000000e+00
8.250403417169569309e+01,0.000000000000000000e+00,0.000000000000000000e+00
7.689209578909959930e+01,0.000000000000000000e+00,0.000000000000000000e+00
7.864519054236023976e+01,0.000000000000000000e+00,0.000000000000000000e+00
7.925577319365612539e+01,0.000000000000000000e+00,0.000000000000000000e+00
7.282053124640381725e+01,0.000000000000000000e+00,0.000000000000000000e+00
7.883448573022762673e+01,0.000000000000000000e+00,0.000000000000000000e+00
7.668566662093654429e+01,0.000000000000000000e+00,0.000000000000000000e+00
7.545379787427056328e+01,0.000000000000000000e+00,0.000000000000000000e+00
7.988505038776382605e+01,0.000000000000000000e+00,0.000000000000000000e+00
7.714146892113751619e+01,0.000000000000000000e+00,0.000000000000000000e+00
7.654197409765025384e+01,0.000000000000000000e+00,0.000000000000000000e+00
8.115068816327109857e+01,0.000000000000000000e+00,0.000000000000000000e+00
8.014465119320763620e+01,0.000000000000000000e+00,0.000000000000000000e+00
7.700883356743295849e+01,0.000000000000000000e+00,0.000000000000000000e+00
7.981371128757163547e+01,0.000000000000000000e+00,0.000000000000000000e+00
7.820551158063594244e+01,0.000000000000000000e+00,0.000000000000000000e+00
7.960036559106823972e+01,0.000000000000000000e+00,0.000000000000000000e+00
8.034113830039022730e+01,0.000000000000000000e+00,0.000000000000000000e+00
8.235800614569232891e+01,0.000000000000000000e+00,0.000000000000000000e+00
8.010730069895781469e+01,0.000000000000000000e+00,0.000000000000000000e+00
8.002342804330986326e+01,0.000000000000000000e+00,0.000000000000000000e+00
7.732460429787943212e+01,0.000000000000000000e+00,0.000000000000000000e+00
7.372313829759266923e+01,0.000000000000000000e+00,0.000000000000000000e+00
7.646459839793303104e+01,0.000000000000000000e+00,0.000000000000000000e+00
7.944063362167236164e+01,0.000000000000000000e+00,0.000000000000000000e+00
7.677161479773906194e+01,0.000000000000000000e+00,0.000000000000000000e+00
7.828738270538032396e+01,0.000000000000000000e+00,0.000000000000000000e+00
7.897700838938118295e+01,0.000000000000000000e+00,0.000000000000000000e+00
7.723852934558021843e+01,0.000000000000000000e+00,0.000000000000000000e+00
7.857429661771109863e+01,0.000000000000000000e+00,0.000000000000000000e+00
7.871719317869668942e+01,0.000000000000000000e+00,0.000000000000000000e+00
7.538623510987807208e+01,0.000000000000000000e+00,0.000000000000000000e+00
7.751709466391264414e+01,0.000000000000000000e+00,0.000000000000000000e+00
7.760365542730394850e+01,0.000000000000000000e+00,0.000000000000000000e+00
7.997726443896270609e+01,0.000000000000000000e+00,0.000000000000000000e+00
7.695747756191811106e+01,0.000000000000000000e+00,0.000000000000000000e+00
7.500938910401359294e+01,0.000000000000000000e+00,0.000000000000000000e+00
7.650108872984598918e+01,0.000000000000000000e+00,0.000000000000000000e+00
7.939915645145057965e+01,0.000000000000000000e+00,0.000000000000000000e+00
7.556208890942492928e+01,0.000000000000000000e+00,0.000000000000000000e+00
7.770060504112844058e+01,0.000000000000000000e+00,0.000000000000000000e+00
7.826033687303535658e+01,0.000000000000000000e+00,0.000000000000000000e+00
7.790070294105174753e+01,0.000000000000000000e+00,0.000000000000000000e+00
7.537544077089562222e+01,0.000000000000000000e+00,0.000000000000000000e+00
7.530422548642663116e+01,0.000000000000000000e+00,0.000000000000000000e+00
7.982028523901280437e+01,0.000000000000000000e+00,0.000000000000000000e+00
7.558904743029565054e+01,0.000000000000000000e+00,0.000000000000000000e+00
7.936074351333685684e+01,0.000000000000000000e+00,0.000000000000000000e+00
7.725261898741229061e+01,0.000000000000000000e+00,0.000000000000000000e+00
7.671601678801705759e+01,0.000000000000000000e+00,0.000000000000000000e+00
7.901476064529940402e+01,0.000000000000000000e+00,0.000000000000000000e+00
7.494913586908154457e+01,0.000000000000000000e+00,0.000000000000000000e+00
7.879626368452018426e+01,0.000000000000000000e+00,0.000000000000000000e+00
7.663417125054357371e+01,0.000000000000000000e+00,0.000000000000000000e+00
7.512449821068847200e+01,0.000000000000000000e+00,0.000000000000000000e+00
7.609186077557986039e+01,0.000000000000000000e+00,0.000000000000000000e+00
7.822730575912012796e+01,0.000000000000000000e+00,0.000000000000000000e+00
7.870799163242620011e+01,0.000000000000000000e+00,0.000000000000000000e+00
7.745659930595370213e+01,0.000000000000000000e+00,0.000000000000000000e+00
7.682625989498025376e+01,0.000000000000000000e+00,0.000000000000000000e+00
7.801677012751611073e+01,0.000000000000000000e+00,0.000000000000000000e+00
7.910749754077129126e+01,0.000000000000000000e+00,0.000000000000000000e+00
7.626884178744755616e+01,0.000000000000000000e+00,0.000000000000000000e+00
7.538107607914849950e+01,0.000000000000000000e+00,0.000000000000000000e+00
7.883542924681870545e+01,0.000000000000000000e+00,0.000000000000000000e+00
7.889100233976735410e+01,0.000000000000000000e+00,0.000000000000000000e+00
7.704459009858081231e+01,0.000000000000000000e+00,0.000000000000000000e+00
7.864477405083403028e+01,0.000000000000000000e+00,0.000000000000000000e+00
7.793530796015329543e+01,0.000000000000000000e+00,0.000000000000000000e+00
7.869114116237250300e+01,0.000000000000000000e+00,0.000000000000000000e+00
7.801689428099338386e+01,0.000000000000000000e+00,0.000000000000000000e+00
7.860699102693804718e+01,0.000000000000000000e+00,0.000000000000000000e+00
7.684145297591445001e+01,0.000000000000000000e+00,0.000000000000000000e+00
7.662520891268123080e+01,0.000000000000000000e+00,0.000000000000000000e+00
7.804256556409043810e+01,0.000000000000000000e+00,0.000000000000000000e+00
7.702597607318014639e+01,0.000000000000000000e+00,0.000000000000000000e+00
7.949006401928666321e+01,0.000000000000000000e+00,0.000000000000000000e+00
7.273615954287751606e+01,0.000000000000000000e+00,0.000000000000000000e+00
7.528824037274532088e+01,0.000000000000000000e+00,0.000000000000000000e+00
7.698238372215314484e+01,0.000000000000000000e+00,0.000000000000000000e+00
7.797062213024813104e+01,0.000000000000000000e+00,0.000000000000000000e+00
7.512805434021986173e+01,0.000000000000000000e+00,0.000000000000000000e+00
7.944336028941637551e+01,0.000000000000000000e+00,0.000000000000000000e+00
7.607052462211576938e+01,0.000000000000000000e+00,0.000000000000000000e+00
7.477730634604945692e+01,0.000000000000000000e+00,0.000000000000000000e+00
7.827813806698055998e+01,0.000000000000000000e+00,0.000000000000000000e+00
7.441737236007355705e+01,0.000000000000000000e+00,0.000000000000000000e+00
7.846953313049500878e+01,0.000000000000000000e+00,0.000000000000000000e+00
7.718711551919794545e+01,0.000000000000000000e+00,0.000000000000000000e+00
7.397493191177984784e+01,0.000000000000000000e+00,0.000000000000000000e+00
7.789538225501911484e+01,0.000000000000000000e+00,0.000000000000000000e+00
7.521596743431653920e+01,0.000000000000000000e+00,0.000000000000000000e+00
7.438745222457461637e+01,0.000000000000000000e+00,0.000000000000000000e+00
7.403343586403131837e+01,0.000000000000000000e+00,0.000000000000000000e+00
7.349089045655007624e+01,0.000000000000000000e+00,0.000000000000000000e+00
7.195692814622417188e+01,0.000000000000000000e+00,0.000000000000000000e+00
7.600400023895412005e+01,0.000000000000000000e+00,0.000000000000000000e+00
7.471994241169834083e+01,0.000000000000000000e+00,0.000000000000000000e+00
7.764796482827624402e+01,0.000000000000000000e+00,0.000000000000000000e+00
7.467636399972586503e+01,0.000000000000000000e+00,0.000000000000000000e+00
7.573713870312496965e+01,0.000000000000000000e+00,0.000000000000000000e+00
7.477889528564901411e+01,0.000000000000000000e+00,0.000000000000000000e+00
7.175054009432838598e+01,0.000000000000000000e+00,0.000000000000000000e+00
7.518842304598514659e+01,0.000000000000000000e+00,0.000000000000000000e+00
7.627761934374865405e+01,0.000000000000000000e+00,0.000000000000000000e+00
7.924298461457350129e+01,0.000000000000000000e+00,0.000000000000000000e+00
7.456471823903666518e+01,0.000000000000000000e+00,0.000000000000000000e+00
7.816382515828829014e+01,0.000000000000000000e+00,0.000000000000000000e+00
7.563740841478509935e+01,0.000000000000000000e+00,0.000000000000000000e+00
7.280491402455486138e+01,0.000000000000000000e+00,0.000000000000000000e+00
7.619620934078567132e+01,0.000000000000000000e+00,0.000000000000000000e+00
7.670823465285366183e+01,0.000000000000000000e+00,0.000000000000000000e+00
7.406790432423170500e+01,0.000000000000000000e+00,0.000000000000000000e+00
7.415070159141819772e+01,0.000000000000000000e+00,0.000000000000000000e+00
7.277934554443159243e+01,0.000000000000000000e+00,0.000000000000000000e+00
7.537827521820476306e+01,0.000000000000000000e+00,0.000000000000000000e+00
7.590661208961779494e+01,0.000000000000000000e+00,0.000000000000000000e+00
7.316234355726459171e+01,0.000000000000000000e+00,0.000000000000000000e+00
7.531490770697253367e+01,0.000000000000000000e+00,0.000000000000000000e+00
7.370795613614946262e+01,0.000000000000000000e+00,0.000000000000000000e+00
7.121174596304734905e+01,0.000000000000000000e+00,0.000000000000000000e+00
7.751369691687439456e+01,0.000000000000000000e+00,0.000000000000000000e+00
7.633024865131058334e+01,0.000000000000000000e+00,0.000000000000000000e+00
7.718989124427278625e+01,0.000000000000000000e+00,0.000000000000000000e+00
7.783933472960224265e+01,0.000000000000000000e+00,0.000000000000000000e+00
7.693914560660158486e+01,0.000000000000000000e+00,0.000000000000000000e+00
7.596700796696892155e+01,0.000000000000000000e+00,0.000000000000000000e+00
7.390914551933087751e+01,0.000000000000000000e+00,0.000000000000000000e+00
7.797791364131303737e+01,0.000000000000000000e+00,0.000000000000000000e+00
7.521328949015872922e+01,0.000000000000000000e+00,0.000000000000000000e+00
7.292465305583482404e+01,0.000000000000000000e+00,0.000000000000000000e+00
7.736303944785235842e+01,0.000000000000000000e+00,0.000000000000000000e+00
7.442808052838643107e+01,0.000000000000000000e+00,0.000000000000000000e+00
7.599553386583374959e+01,0.000000000000000000e+00,0.000000000000000000e+00
7.582637559601921851e+01,0.000000000000000000e+00,0.000000000000000000e+00
7.495650415815170220e+01,0.000000000000000000e+00,0.000000000000000000e+00
7.389142612146117983e+01,0.000000000000000000e+00,0.000000000000000000e+00
7.658662946389604542e+01,0.000000000000000000e+00,0.000000000000000000e+00
7.441959448749369699e+01,0.000000000000000000e+00,0.000000000000000000e+00
7.685760218399822463e+01,0.000000000000000000e+00,0.000000000000000000e+00
7.395959028410662484e+01,0.000000000000000000e+00,0.000000000000000000e+00
7.574541034525699956e+01,0.000000000000000000e+00,0.000000000000000000e+00
7.529375474239579091e+01,0.000000000000000000e+00,0.000000000000000000e+00
7.602406241726805547e+01,0.000000000000000000e+00,0.000000000000000000e+00
7.462526440541769546e+01,0.000000000000000000e+00,0.000000000000000000e+00
7.263686941329110880e+01,0.000000000000000000e+00,0.000000000000000000e+00
7.288500387879587095e+01,0.000000000000000000e+00,0.000000000000000000e+00
7.656954334996585487e+01,0.000000000000000000e+00,0.000000000000000000e+00
7.355676302724535276e+01,0.000000000000000000e+00,0.000000000000000000e+00
7.218852064853389550e+01,0.000000000000000000e+00,0.000000000000000000e+00
7.418690604930331745e+01,0.000000000000000000e+00,0.000000000000000000e+00
7.269094819070259916e+01,0.000000000000000000e+00,0.000000000000000000e+00
7.369032659295598364e+01,0.000000000000000000e+00,0.000000000000000000e+00
7.327077477881178424e+01,0.000000000000000000e+00,0.000000000000000000e+00
6.999924504864607400e+01,0.000000000000000000e+00,0.000000000000000000e+00
7.120307700309336951e+01,0.000000000000000000e+00,0.000000000000000000e+00
7.200171597680551372e+01,0.000000000000000000e+00,0.000000000000000000e+00
7.329792132149079009e+01,0.000000000000000000e+00,0.000000000000000000e+00
7.258769703213059188e+01,0.000000000000000000e+00,0.000000000000000000e+00
7.067142344545396782e+01,0.000000000000000000e+00,0.000000000000000000e+00
7.258629944880085816e+01,0.000000000000000000e+00,0.000000000000000000e+00
7.486117603123943809e+01,0.000000000000000000e+00,0.000000000000000000e+00
7.175626246156150501e+01,0.000000000000000000e+00,0.000000000000000000e+00
7.227092094625670882e+01,0.000000000000000000e+00,0.000000000000000000e+00
6.952537610488572284e+01,0.000000000000000000e+00,0.000000000000000000e+00
7.269588593155313561e+01,0.000000000000000000e+00,0.000000000000000000e+00
7.499054054079952891e+01,0.000000000000000000e+00,0.000000000000000000e+00
6.694362576083258887e+01,0.000000000000000000e+00,0.000000000000000000e+00
7.204841741184736748e+01,0.000000000000000000e+00,0.000000000000000000e+00
7.328219024190867970e+01,0.000000000000000000e+00,0.000000000000000000e+00
7.430087023854261474e+01,0.000000000000000000e+00,0.000000000000000000e+00
7.201121424350891687e+01,0.000000000000000000e+00,0.000000000000000000e+00
6.920280324252182425e+01,0.000000000000000000e+00,0.000000000000000000e+00
7.016626709812832985e+01,0.000000000000000000e+00,0.000000000000000000e+00
7.344531001973624029e+01,0.000000000000000000e+00,0.000000000000000000e+00
7.268674628602909138e+01,0.000000000000000000e+00,0.000000000000000000e+00
7.444603490203004981e+01,0.000000000000000000e+00,0.000000000000000000e+00
7.362838626196746361e+01,0.000000000000000000e+00,0.000000000000000000e+00
7.455808866350226083e+01,0.000000000000000000e+00,0.000000000000000000e+00
7.425940207642314306e+01,0.000000000000000000e+00,0.000000000000000000e+00
7.167861570770708113e+01,0.000000000000000000e+00,0.000000000000000000e+00
7.276834575939484751e+01,0.000000000000000000e+00,0.000000000000000000e+00
7.449476619770153718e+01,0.000000000000000000e+00,0.000000000000000000e+00
6.924151710797852388e+01,0.000000000000000000e+00,0.000000000000000000e+00
7.022057009397030924e+01,0.000000000000000000e+00,0.000000000000000000e+00
6.847171763760792373e+01,0.000000000000000000e+00,0.000000000000000000e+00
7.085500827839514670e+01,0.000000000000000000e+00,0.000000000000000000e+00
7.319275598595451982e+01,0.000000000000000000e+00,0.000000000000000000e+00
7.018286677002903673e+01,0.000000000000000000e+00,0.000000000000000000e+00
7.433122707484446323e+01,0.000000000000000000e+00,0.000000000000000000e+00
7.125021388406990752e+01,0.000000000000000000e+00,0.000000000000000000e+00
7.617347591988402655e+01,0.000000000000000000e+00,0.000000000000000000e+00
7.200723095122644679e+01,0.000000000000000000e+00,0.000000000000000000e+00
7.371166264182703287e+01,0.000000000000000000e+00,0.000000000000000000e+00
7.117450303885199503e+01,0.000000000000000000e+00,0.000000000000000000e+00
6.700932256738886394e+01,0.000000000000000000e+00,0.000000000000000000e+00
6.828655218427576301e+01,0.000000000000000000e+00,0.000000000000000000e+00
6.902120740821541744e+01,0.000000000000000000e+00,0.000000000000000000e+00
7.205035564728632380e+01,0.000000000000000000e+00,0.000000000000000000e+00
7.187509316019736616e+01,0.000000000000000000e+00,0.000000000000000000e+00
6.867525900149054507e+01,0.000000000000000000e+00,0.000000000000000000e+00
7.195371974649734170e+01,0.000000000000000000e+00,0.000000000000000000e+00
6.844426557947726053e+01,0.000000000000000000e+00,0.000000000000000000e+00
6.917719386570065865e+01,0.000000000000000000e+00,0.000000000000000000e+00
7.185577391091769073e+01,0.000000000000000000e+00,0.000000000000000000e+00
6.665251158186399039e+01,0.000000000000000000e+00,0.000000000000000000e+00
6.993141123405521853e+01,0.000000000000000000e+00,0.000000000000000000e+00
7.167630937145744952e+01,0.000000000000000000e+00,0.000000000000000000e+00
7.114636638934489099e+01,0.000000000000000000e+00,0.000000000000000000e+00
6.811821655193864444e+01,0.000000000000000000e+00,0.000000000000000000e+00
7.218382636755447379e+01,0.000000000000000000e+00,0.000000000000000000e+00
7.001425633071075083e+01,0.000000000000000000e+00,0.000000000000000000e+00
7.075245439497766142e+01,0.000000000000000000e+00,0.000000000000000000e+00
7.042659605476616491e+01,0.000000000000000000e+00,0.000000000000000000e+00
6.968874129179864951e+01,0.000000000000000000e+00,0.000000000000000000e+00
7.003922212236395239e+01,0.000000000000000000e+00,0.000000000000000000e+00
7.456893122157839571e+01,0.000000000000000000e+00,0.000000000000000000e+00
7.322854534750551636e+01,0.000000000000000000e+00,0.000000000000000000e+00
6.809174882029391540e+01,0.000000000000000000e+00,0.000000000000000000e+00
7.262134982409084216e+01,0.000000000000000000e+00,0.000000000000000000e+00
6.886001196003445557e+01,0.000000000000000000e+00,0.000000000000000000e+00
7.199351540320292031e+01,0.000000000000000000e+00,0.000000000000000000e+00
6.886257884045303967e+01,0.000000000000000000e+00,0.000000000000000000e+00
7.269790727941239084e+01,0.000000000000000000e+00,0.000000000000000000e+00
6.940092331950003768e+01,0.000000000000000000e+00,0.000000000000000000e+00
6.921250539176325844e+01,0.000000000000000000e+00,0.000000000000000000e+00
6.547009388762351989e+01,0.000000000000000000e+00,0.000000000000000000e+00
7.169995645986104194e+01,0.000000000000000000e+00,0.000000000000000000e+00
6.882708155406983508e+01,0.000000000000000000e+00,0.000000000000000000e+00
6.597049635206353457e+01,0.000000000000000000e+00,0.000000000000000000e+00
7.136988045336681807e+01,0.000000000000000000e+00,0.000000000000000000e+00
6.769381432191708825e+01,0.000000000000000000e+00,0.000000000000000000e+00
6.706880442798059505e+01,0.000000000000000000e+00,0.000000000000000000e+00
6.935357253213706485e+01,0.000000000000000000e+00,0.000000000000000000e+00
7.204773310455202306e+01,0.000000000000000000e+00,0.000000000000000000e+00
6.917803614764335407e+01,0.000000000000000000e+00,0.000000000000000000e+00
6.793171901753080988e+01,0.000000000000000000e+00,0.000000000000000000e+00
6.934579598879852824e+01,0.000000000000000000e+00,0.000000000000000000e+00
6.906083215848998691e+01,0.000000000000000000e+00,0.000000000000000000e+00
6.509350436528286821e+01,0.000000000000000000e+00,0.000000000000000000e+00
6.790013064581043523e+01,0.000000000000000000e+00,0.000000000000000000e+00
6.460038065855975731e+01,0.000000000000000000e+00,0.000000000000000000e+00
6.636491462678611697e+01,0.000000000000000000e+00,0.000000000000000000e+00
7.065231429841492172e+01,0.000000000000000000e+00,0.000000000000000000e+00
6.990598136315003330e+01,0.000000000000000000e+00,0.000000000000000000e+00
6.737078421817051321e+01,0.000000000000000000e+00,0.000000000000000000e+00
6.522481625694764773e+01,0.000000000000000000e+00,0.000000000000000000e+00
7.002187990824556607e+01,0.000000000000000000e+00,0.000000000000000000e+00
6.968998623617653720e+01,0.000000000000000000e+00,0.000000000000000000e+00
6.645281149133641918e+01,0.000000000000000000e+00,0.000000000000000000e+00
6.574152270274656473e+01,0.000000000000000000e+00,0.000000000000000000e+00
6.864577223149522922e+01,0.000000000000000000e+00,0.000000000000000000e+00
6.598940313792188306e+01,0.000000000000000000e+00,0.000000000000000000e+00
6.617455081754965818e+01,0.000000000000000000e+00,0.000000000000000000e+00
6.634256477210908542e+01,0.000000000000000000e+00,0.000000000000000000e+00
7.103757338959542267e+01,0.000000000000000000e+00,0.000000000000000000e+00
6.762227446075554838e+01,0.000000000000000000e+00,0.000000000000000000e+00
6.783183069210772942e+01,0.000000000000000000e+00,0.000000000000000000e+00
6.735343303185960906e+01,0.000000000000000000e+00,0.000000000000000000e+00
6.837171530415371024e+01,0.000000000000000000e+00,0.000000000000000000e+00
6.539090894788230912e+01,0.000000000000000000e+00,0.000000000000000000e+00
6.823643521143866053e+01,0.000000000000000000e+00,0.000000000000000000e+00
6.589644866470574414e+01,0.000000000000000000e+00,0.000000000000000000e+00
6.499987399356386675e+01,0.000000000000000000e+00,0.000000000000000000e+00
6.738482760081623724e+01,0.000000000000000000e+00,0.000000000000000000e+00
6.220553101429323561e+01,0.000000000000000000e+00,0.000000000000000000e+00
6.644285448901648294e+01,0.000000000000000000e+00,0.000000000000000000e+00
6.763274718691759801e+01,0.000000000000000000e+00,0.000000000000000000e+00
6.348942330975417292e+01,0.000000000000000000e+00,0.000000000000000000e+00
6.196256089907165432e+01,0.000000000000000000e+00,0.000000000000000000e+00
6.620396113659398907e+01,0.000000000000000000e+00,0.000000000000000000e+00
6.564183872419854993e+01,0.000000000000000000e+00,0.000000000000000000e+00
6.890463664714857828e+01,0.000000000000000000e+00,0.000000000000000000e+00
6.557098799242336895e+01,0.000000000000000000e+00,0.000000000000000000e+00
6.469835703500291402e+01,0.000000000000000000e+00,0.000000000000000000e+00
6.066434612845547747e+01,0.000000000000000000e+00,0.000000000000000000e+00
6.415419828174879058e+01,0.000000000000000000e+00,0.000000000000000000e+00
6.560501619013867014e+01,0.000000000000000000e+00,0.000000000000000000e+00
6.407331197045122906e+01,0.000000000000000000e+00,0.000000000000000000e+00
6.394200620510285660e+01,0.000000000000000000e+00,0.000000000000000000e+00
6.623514426594324789e+01,0.000000000000000000e+00,0.000000000000000000e+00
7.035940867703867241e+01,0.000000000000000000e+00,0.000000000000000000e+00
6.576316548356936664e+01,0.000000000000000000e+00,0.000000000000000000e+00
6.861261473765785013e+01,0.000000000000000000e+00,0.000000000000000000e+00
6.369549769658092941e+01,0.000000000000000000e+00,0.000000000000000000e+00
6.161450348751837680e+01,0.000000000000000000e+00,0.000000000000000000e+00
6.115446579360349943e+01,0.000000000000000000e+00,0.000000000000000000e+00
6.599880386755846473e+01,0.000000000000000000e+00,0.000000000000000000e+00
6.282465951184034481e+01,0.000000000000000000e+00,0.000000000000000000e+00
6.284786457725927988e+01,0.000000000000000000e+00,0.000000000000000000e+00
6.015545063114806368e+01,0.000000000000000000e+00,0.000000000000000000e+00
6.421446835235899187e+01,0.000000000000000000e+00,0.000000000000000000e+00
6.099029397142719944e+01,0.000000000000000000e+00,0.000000000000000000e+00
6.214105151061810517e+01,0.000000000000000000e+00,0.000000000000000000e+00
6.620037624264256237e+01,0.000000000000000000e+00,0.000000000000000000e+00
6.374949340768979766e+01,0.000000000000000000e+00,0.000000000000000000e+00
6.468198326495313211e+01,0.000000000000000000e+00,0.000000000000000000e+00
6.497312930859543201e+01,0.000000000000000000e+00,0.000000000000000000e+00
6.430369676098978005e+01,0.000000000000000000e+00,0.000000000000000000e+00
6.205874740222118646e+01,0.000000000000000000e+00,0.000000000000000000e+00
6.209827129494320985e+01,0.000000000000000000e+00,0.000000000000000000e+00
6.287593520107084544e+01,0.000000000000000000e+00,0.000000000000000000e+00
6.432934234746305435e+01,0.000000000000000000e+00,0.000000000000000000e+00
6.454124752114738328e+01,0.000000000000000000e+00,0.000000000000000000e+00
6.619767768761646209e+01,0.000000000000000000e+00,0.000000000000000000e+00
6.346220371316383080e+01,0.000000000000000000e+00,0.000000000000000000e+00
6.466111115055605296e+01,0.000000000000000000e+00,0.000000000000000000e+00
6.234380902398893198e+01,0.000000000000000000e+00,0.000000000000000000e+00
6.310955004342687147e+01,0.000000000000000000e+00,0.000000000000000000e+00
6.191674740364632612e+01,0.000000000000000000e+00,0.000000000000000000e+00
6.227972423465475771e+01,0.000000000000000000e+00,0.000000000000000000e+00
6.017754920359097781e+01,0.000000000000000000e+00,0.000000000000000000e+00
6.088234636201407568e+01,0.000000000000000000e+00,0.000000000000000000e+00
6.139746467354032688e+01,0.000000000000000000e+00,0.000000000000000000e+00
5.919474651475437099e+01,0.000000000000000000e+00,0.000000000000000000e+00
6.410784158239499675e+01,0.000000000000000000e+00,0.000000000000000000e+00
5.978208883208906599e+01,0.000000000000000000e+00,0.000000000000000000e+00
5.899280800427315796e+01,0.000000000000000000e+00,0.000000000000000000e+00
5.981030311837506730e+01,0.000000000000000000e+00,0.000000000000000000e+00
6.479054482023198602e+01,0.000000000000000000e+00,0.000000000000000000e+00
6.265304924583654156e+01,0.000000000000000000e+00,0.000000000000000000e+00
6.665619350431880719e+01,0.000000000000000000e+00,0.000000000000000000e+00
6.363591219703845780e+01,0.000000000000000000e+00,0.000000000000000000e+00
6.339104524247375139e+01,0.000000000000000000e+00,0.000000000000000000e+00
6.331303745264970928e+01,0.000000000000000000e+00,0.000000000000000000e+00
6.088894860739015513e+01,0.000000000000000000e+00,0.000000000000000000e+00
6.327703804579023483e+01,0.000000000000000000e+00,0.000000000000000000e+00
6.079902846363883384e+01,0.000000000000000000e+00,0.000000000000000000e+00
6.210845494984911852e+01,0.000000000000000000e+00,0.000000000000000000e+00
6.382543586620459308e+01,0.000000000000000000e+00,0.000000000000000000e+00
6.386747023368833709e+01,0.000000000000000000e+00,0.000000000000000000e+00
6.109014418833305626e+01,0.000000000000000000e+00,0.000000000000000000e+00
6.160367121917866484e+01,0.000000000000000000e+00,0.000000000000000000e+00
6.169014359053725371e+01,0.000000000000000000e+00,0.000000000000000000e+00
6.313582271256778000e+01,0.000000000000000000e+00,0.000000000000000000e+00
6.301515778299428661e+01,0.000000000000000000e+00,0.000000000000000000e+00
5.810810656667185725e+01,0.000000000000000000e+00,0.000000000000000000e+00
6.198617195372236210e+01,0.000000000000000000e+00,0.000000000000000000e+00
6.030176222348021753e+01,0.000000000000000000e+00,0.000000000000000000e+00
6.183854945974164963e+01,0.000000000000000000e+00,0.000000000000000000e+00
6.140520085593377786e+01,0.000000000000000000e+00,0.000000000000000000e+00
6.003548485428090942e+01,0.000000000000000000e+00,0.000000000000000000e+00
5.808289492152190547e+01,0.000000000000000000e+00,0.000000000000000000e+00
6.277419199778688608e+01,0.000000000000000000e+00,0.000000000000000000e+00
6.374006589680406876e+01,0.000000000000000000e+00,0.000000000000000000e+00
6.046657976932591794e+01,0.000000000000000000e+00,0.000000000000000000e+00
6.125581573130055801e+01,0.000000000000000000e+00,0.000000000000000000e+00
5.900888239927378720e+01,0.000000000000000000e+00,0.000000000000000000e+00
6.402402076164592870e+01,0.000000000000000000e+00,0.000000000000000000e+00
5.699366810988990295e+01,0.000000000000000000e+00,0.000000000000000000e+00
6.159241782343362104e+01,0.000000000000000000e+00,0.000000000000000000e+00
6.159625139455777543e+01,0.000000000000000000e+00,0.000000000000000000e+00
6.086151745485432230e+01,0.000000000000000000e+00,0.000000000000000000e+00
5.954772421146551409e+01,0.000000000000000000e+00,0.000000000000000000e+00
5.922196520285633170e+01,0.000000000000000000e+00,0.000000000000000000e+00
5.719897766487565605e+01,0.000000000000000000e+00,0.000000000000000000e+00
5.977391584973904770e+01,0.000000000000000000e+00,0.000000000000000000e+00
5.804036594270108651e+01,0.000000000000000000e+00,0.000000000000000000e+00
6.041240091832447234e+01,0.000000000000000000e+00,0.000000000000000000e+00
6.185337514914657930e+01,0.000000000000000000e+00,0.000000000000000000e+00
5.866352620879243318e+01,0.000000000000000000e+00,0.000000000000000000e+00
5.925078428158392541e+01,0.000000000000000000e+00,0.000000000000000000e+00
6.154151552426920091e+01,0.000000000000000000e+00,0.000000000000000000e+00
5.703851176482692864e+01,0.000000000000000000e+00,0.000000000000000000e+00
5.726287240372701604e+01,0.000000000000000000e+00,0.000000000000000000e+00
5.448443166220430811e+01,0.000000000000000000e+00,0.000000000000000000e+00
6.058308835572482565e+01,0.000000000000000000e+00,0.000000000000000000e+00
6.058221326831283449e+01,0.000000000000000000e+00,0.000000000000000000e+00
5.992518842429733894e+01,0.000000000000000000e+00,0.000000000000000000e+00
6.104158303707450983e+01,0.000000000000000000e+00,0.000000000000000000e+00
5.644000648138200660e+01,0.000000000000000000e+00,0.000000000000000000e+00
5.861350108222959676e+01,0.000000000000000000e+00,0.000000000000000000e+00
5.953045326857945696e+01,0.000000000000000000e+00,0.000000000000000000e+00
5.752273434584697753e+01,0.000000000000000000e+00,0.000000000000000000e+00
5.588348277714385404e+01,0.000000000000000000e+00,0.000000000000000000e+00
5.681579907975168453e+01,0.000000000000000000e+00,0.000000000000000000e+00
5.830547209918471907e+01,0.000000000000000000e+00,0.000000000000000000e+00
5.488974001567301286e+01,0.000000000000000000e+00,0.000000000000000000e+00
5.994551628878956961e+01,0.000000000000000000e+00,0.000000000000000000e+00
5.686614865437349664e+01,0.000000000000000000e+00,0.000000000000000000e+00
5.880501571618749068e+01,0.000000000000000000e+00,0.000000000000000000e+00
5.633060882517783341e+01,0.000000000000000000e+00,0.000000000000000000e+00
5.970501556605567828e+01,0.000000000000000000e+00,0.000000000000000000e+00
5.550708196719143217e+01,0.000000000000000000e+00,0.000000000000000000e+00
5.707200374444893498e+01,0.000000000000000000e+00,0.000000000000000000e+00
5.435075553100563184e+01,0.000000000000000000e+00,0.000000000000000000e+00
5.929675921171254060e+01,0.000000000000000000e+00,0.000000000000000000e+00
5.691352145173197385e+01,0.000000000000000000e+00,0.000000000000000000e+00
5.372066945265655846e+01,0.000000000000000000e+00,0.000000000000000000e+00
5.548738234330932073e+01,0.000000000000000000e+00,0.000000000000000000e+00
6.086787584147103303e+01,0.000000000000000000e+00,0.000000000000000000e+00
5.343973628714379487e+01,0.000000000000000000e+00,0.000000000000000000e+00
5.524573085395471139e+01,0.000000000000000000e+00,0.000000000000000000e+00
5.754937672233111812e+01,0.000000000000000000e+00,0.000000000000000000e+00
5.588909720363577094e+01,0.000000000000000000e+00,0.000000000000000000e+00
5.727517784506999021e+01,0.000000000000000000e+00,0.000000000000000000e+00
5.749151065707669517e+01,0.000000000000000000e+00,0.000000000000000000e+00
5.763857832755302013e+01,0.000000000000000000e+00,0.000000000000000000e+00
5.726375912138716018e+01,0.000000000000000000e+00,0.000000000000000000e+00
5.644894829833630467e+01,0.000000000000000000e+00,0.000000000000000000e+00
5.978665686881802088e+01,0.000000000000000000e+00,0.000000000000000000e+00
5.879468025667989650e+01,0.000000000000000000e+00,0.000000000000000000e+00
5.309471649470785337e+01,0.000000000000000000e+00,0.000000000000000000e+00
5.516183635957754205e+01,0.000000000000000000e+00,0.000000000000000000e+00
5.314235190030538547e+01,0.000000000000000000e+00,0.000000000000000000e+00
5.747231630880416731e+01,0.000000000000000000e+00,0.000000000000000000e+00
5.478239231863528147e+01,0.000000000000000000e+00,0.000000000000000000e+00
5.595621457251263564e+01,0.000000000000000000e+00,0.000000000000000000e+00
5.666490367808687978e+01,0.000000000000000000e+00,0.000000000000000000e+00
5.597314720241980979e+01,0.000000000000000000e+00,0.000000000000000000e+00
5.514098630747606933e+01,0.000000000000000000e+00,0.000000000000000000e+00
5.497637004138039174e+01,0.000000000000000000e+00,0.000000000000000000e+00
5.517689109548981463e+01,0.000000000000000000e+00,0.000000000000000000e+00
5.513517540195098121e+01,0.000000000000000000e+00,0.000000000000000000e+00
5.556049475225805168e+01,0.000000000000000000e+00,0.000000000000000000e+00
5.179920559871263919e+01,0.000000000000000000e+00,0.000000000000000000e+00
5.445819802985717217e+01,0.000000000000000000e+00,0.000000000000000000e+00
5.616096392378620550e+01,0.000000000000000000e+00,0.000000000000000000e+00
5.329469576992051572e+01,0.000000000000000000e+00,0.000000000000000000e+00
5.401886151890595755e+01,0.000000000000000000e+00,0.000000000000000000e+00
5.421976830427436767e+01,0.000000000000000000e+00,0.000000000000000000e+00
5.491459881130240461e+01,0.000000000000000000e+00,0.000000000000000000e+00
5.565985476190522263e+01,0.000000000000000000e+00,0.000000000000000000e+00
5.285380530669456078e+01,0.000000000000000000e+00,0.000000000000000000e+00
5.318136472152045968e+01,0.000000000000000000e+00,0.000000000000000000e+00
5.180054900998876377e+01,0.000000000000000000e+00,0.000000000000000000e+00
5.581326950957864597e+01,0.000000000000000000e+00,0.000000000000000000e+00
5.247291621444859544e+01,0.000000000000000000e+00,0.000000000000000000e+00
5.211626810550078659e+01,0.000000000000000000e+00,0.000000000000000000e+00
5.372960417349468543e+01,0.000000000000000000e+00,0.000000000000000000e+00
5.569816442108790255e+01,0.000000000000000000e+00,0.000000000000000000e+00
5.378342305056344941e+01,0.000000000000000000e+00,0.000000000000000000e+00
5.535172150616827480e+01,0.000000000000000000e+00,0.000000000000000000e+00
5.323653270757287714e+01,0.000000000000000000e+00,0.000000000000000000e+00
5.241395625565176886e+01,0.000000000000000000e+00,0.000000000000000000e+00
5.397440484426986984e+01,0.000000000000000000e+00,0.000000000000000000e+00
5.445021341471488796e+01,0.000000000000000000e+00,0.000000000000000000e+00
4.938677447266801579e+01,0.000000000000000000e+00,0.000000000000000000e+00
4.926110971543120343e+01,0.000000000000000000e+00,0.000000000000000000e+00
5.001366137521770838e+01,0.000000000000000000e+00,0.000000000000000000e+00
5.105344239997241118e+01,0.000000000000000000e+00,0.000000000000000000e+00
5.260531302204447712e+01,0.000000000000000000e+00,0.000000000000000000e+00
5.158527312521994901e+01,0.000000000000000000e+00,0.000000000000000000e+00
5.236201408671954027e+01,0.000000000000000000e+00,0.000000000000000000e+00
5.520980619308811299e+01,0.000000000000000000e+00,0.000000000000000000e+00
5.265469615181767438e+01,0.000000000000000000e+00,0.000000000000000000e+00
5.277323320255582217e+01,0.000000000000000000e+00,0.000000000000000000e+00
5.559481796299100864e+01,0.000000000000000000e+00,0.000000000000000000e+00
4.863973075850404371e+01,0.000000000000000000e+00,0.000000000000000000e+00
4.995266803443782777e+01,0.000000000000000000e+00,0.000000000000000000e+00
5.240549227185181991e+01,0.000000000000000000e+00,0.000000000000000000e+00
5.380653565954455786e+01,0.000000000000000000e+00,0.000000000000000000e+00
4.883049714102278216e+01,0.000000000000000000e+00,0.000000000000000000e+00
5.160127506926141194e+01,0.000000000000000000e+00,0.000000000000000000e+00
4.743698084357291833e+01,0.000000000000000000e+00,0.000000000000000000e+00
5.183758520668253311e+01,0.000000000000000000e+00,0.000000000000000000e+00
5.268736816797039779e+01,0.000000000000000000e+00,0.000000000000000000e+00
5.088788853159454106e+01,0.000000000000000000e+00,0.000000000000000000e+00
5.210955320309285810e+01,0.000000000000000000e+00,0.000000000000000000e+00
5.257346921580303700e+01,0.000000000000000000e+00,0.000000000000000000e+00
5.233763964724829520e+01,0.000000000000000000e+00,0.000000000000000000e+00
4.843324806212495304e+01,0.000000000000000000e+00,0.000000000000000000e+00
5.086437868114416716e+01,0.000000000000000000e+00,0.000000000000000000e+00
4.920591014590110746e+01,0.000000000000000000e+00,0.000000000000000000e+00
5.217818041178155397e+01,0.000000000000000000e+00,0.000000000000000000e+00
4.865768669265424506e+01,0.000000000000000000e+00,0.000000000000000000e+00
4.933809821851751565e+01,0.000000000000000000e+00,0.000000000000000000e+00
5.168806668962856321e+01,0.000000000000000000e+00,0.000000000000000000e+00
5.034838646138762641e+01,0.000000000000000000e+00,0.000000000000000000e+00
5.048641770183720467e+01,0.000000000000000000e+00,0.000000000000000000e+00
5.391390844153600170e+01,0.000000000000000000e+00,0.000000000000000000e+00
4.957829703163705659e+01,0.000000000000000000e+00,0.000000000000000000e+00
5.310609337652315531e+01,0.000000000000000000e+00,0.000000000000000000e+00
5.066211753467742795e+01,0.000000000000000000e+00,0.000000000000000000e+00
4.999952089556796153e+01,0.000000000000000000e+00,0.000000000000000000e+00
4.963504283948692830e+01,0.000000000000000000e+00,0.000000000000000000e+00
4.669221278700991462e+01,0.000000000000000000e+00,0.000000000000000000e+00
4.495160745981019801e+01,0.000000000000000000e+00,0.000000000000000000e+00
4.875914565554580093e+01,0.000000000000000000e+00,0.000000000000000000e+00
5.076047696124534525e+01,0.000000000000000000e+00,0.000000000000000000e+00
4.738872066303773778e+01,0.000000000000000000e+00,0.000000000000000000e+00
5.116013804923110797e+01,0.000000000000000000e+00,0.000000000000000000e+00
5.089657268139026058e+01,0.000000000000000000e+00,0.000000000000000000e+00
4.772036355821368403e+01,0.000000000000000000e+00,0.000000000000000000e+00
4.828627517082949083e+01,0.000000000000000000e+00,0.000000000000000000e+00
4.866557728243997616e+01,0.000000000000000000e+00,0.000000000000000000e+00
4.734151895203383020e+01,0.000000000000000000e+00,0.000000000000000000e+00
4.837930467189183759e+01,0.000000000000000000e+00,0.000000000000000000e+00
4.856607991314528761e+01,0.000000000000000000e+00,0.000000000000000000e+00
5.163114788403967026e+01,0.000000000000000000e+00,0.000000000000000000e+00
5.205245926014337954e+01,0.000000000000000000e+00,0.000000000000000000e+00
5.054177919425107746e+01,0.000000000000000000e+00,0.000000000000000000e+00
4.790706689286365361e+01,0.000000000000000000e+00,0.000000000000000000e+00
4.912473323981470941e+01,0.000000000000000000e+00,0.000000000000000000e+00
4.610887059933099152e+01,0.000000000000000000e+00,0.000000000000000000e+00
4.669505753895860778e+01,0.000000000000000000e+00,0.000000000000000000e+00
4.916305375906815556e+01,0.000000000000000000e+00,0.000000000000000000e+00
4.835629491460718299e+01,0.000000000000000000e+00,0.000000000000000000e+00
4.792426358531737662e+01,0.000000000000000000e+00,0.000000000000000000e+00
5.103762691107872485e+01,0.000000000000000000e+00,0.000000000000000000e+00
4.843571666248648455e+01,0.000000000000000000e+00,0.000000000000000000e+00
4.435479945279228531e+01,0.000000000000000000e+00,0.000000000000000000e+00
4.730283946915148618e+01,0.000000000000000000e+00,0.000000000000000000e+00
4.698926102155199658e+01,0.000000000000000000e+00,0.000000000000000000e+00
4.614101749194481528e+01,0.000000000000000000e+00,0.000000000000000000e+00
4.768222799480054164e+01,0.000000000000000000e+00,0.000000000000000000e+00
4.675644189901085923e+01,0.000000000000000000e+00,0.000000000000000000e+00
4.769938104831042835e+01,0.000000000000000000e+00,0.000000000000000000e+00
4.524306363184455648e+01,0.000000000000000000e+00,0.000000000000000000e+00
4.788289372211849582e+01,0.000000000000000000e+00,0.000000000000000000e+00
4.847300353572471465e+01,0.000000000000000000e+00,0.000000000000000000e+00
4.798484005376473505e+01,0.000000000000000000e+00,0.000000000000000000e+00
4.631896276194592588e+01,0.000000000000000000e+00,0.000000000000000000e+00
4.682289237875149013e+01,0.000000000000000000e+00,0.000000000000000000e+00
4.858524053708820389e+01,0.000000000000000000e+00,0.000000000000000000e+00
4.610117571974972606e+01,0.000000000000000000e+00,0.000000000000000000e+00
4.719826970971686109e+01,0.000000000000000000e+00,0.000000000000000000e+00
4.734192375187735280e+01,0.000000000000000000e+00,0.000000000000000000e+00
4.575684493011173259e+01,0.000000000000000000e+00,0.000000000000000000e+00
4.869890890354251667e+01,0.000000000000000000e+00,0.000000000000000000e+00
4.560218869095133698e+01,0.000000000000000000e+00,0.000000000000000000e+00
4.277750467925091726e+01,0.000000000000000000e+00,0.000000000000000000e+00
4.376207310853571641e+01,0.000000000000000000e+00,0.000000000000000000e+00
4.775019633455030288e+01,0.000000000000000000e+00,0.000000000000000000e+00
4.212867303212473757e+01,0.000000000000000000e+00,0.000000000000000000e+00
4.545530458464013890e+01,0.000000000000000000e+00,0.000000000000000000e+00
4.367990849330622893e+01,0.000000000000000000e+00,0.000000000000000000e+00
4.693324417246031999e+01,0.000000000000000000e+00,0.000000000000000000e+00
4.199552119205576162e+01,0.000000000000000000e+00,0.000000000000000000e+00
4.467945043818895812e+01,0.000000000000000000e+00,0.000000000000000000e+00
4.901083304101340588e+01,0.000000000000000000e+00,0.000000000000000000e+00
4.844044490898274802e+01,0.000000000000000000e+00,0.000000000000000000e+00
4.295179593550111008e+01,0.000000000000000000e+00,0.000000000000000000e+00
4.555723062689597214e+01,0.000000000000000000e+00,0.000000000000000000e+00
4.451223016355326223e+01,0.000000000000000000e+00,0.000000000000000000e+00
4.693784268493992329e+01,0.000000000000000000e+00,0.000000000000000000e+00
4.882723947592893410e+01,0.000000000000000000e+00,0.000000000000000000e+00
4.329869007783347712e+01,0.000000000000000000e+00,0.000000000000000000e+00
4.875879979851429624e+01,0.000000000000000000e+00,0.000000000000000000e+00
4.645142526211181888e+01,0.000000000000000000e+00,0.000000000000000000e+00
4.625017650671863834e+01,0.000000000000000000e+00,0.000000000000000000e+00
4.458910973791328303e+01,0.000000000000000000e+00,0.000000000000000000e+00
4.550356727351181974e+01,0.000000000000000000e+00,0.000000000000000000e+00
4.292612703132592600e+01,0.000000000000000000e+00,0.000000000000000000e+00
4.518294263926330245e+01,0.000000000000000000e+00,0.000000000000000000e+00
4.301661013233266573e+01,0.000000000000000000e+00,0.000000000000000000e+00
4.495058647919532291e+01,0.000000000000000000e+00,0.000000000000000000e+00
4.154767792602862642e+01,0.000000000000000000e+00,0.000000000000000000e+00
4.837434110473444093e+01,0.000000000000000000e+00,0.000000000000000000e+00
4.665482303237388351e+01,0.000000000000000000e+00,0.000000000000000000e+00
4.108570694935872325e+01,0.000000000000000000e+00,0.000000000000000000e+00
4.375722619040065808e+01,0.000000000000000000e+00,0.000000000000000000e+00
4.426420851120408173e+01,0.000000000000000000e+00,0.000000000000000000e+00
4.773965444692710491e+01,0.000000000000000000e+00,0.000000000000000000e+00
4.149166759995518561e+01,0.000000000000000000e+00,0.000000000000000000e+00
4.342541142712371993e+01,0.000000000000000000e+00,0.000000000000000000e+00
4.230611161872926118e+01,0.000000000000000000e+00,0.000000000000000000e+00
4.404065408938554071e+01,0.000000000000000000e+00,0.000000000000000000e+00
4.299050553057407598e+01,0.000000000000000000e+00,0.000000000000000000e+00
4.265483312901861268e+01,0.000000000000000000e+00,0.000000000000000000e+00
4.347362198724133719e+01,0.000000000000000000e+00,0.000000000000000000e+00
4.491464325224527698e+01,0.000000000000000000e+00,0.000000000000000000e+00
4.224934424926190246e+01,0.000000000000000000e+00,0.000000000000000000e+00
3.991920907304643862e+01,0.000000000000000000e+00,0.000000000000000000e+00
4.317804984838502236e+01,0.000000000000000000e+00,0.000000000000000000e+00
4.355423192526693299e+01,0.000000000000000000e+00,0.000000000000000000e+00
4.199749173503237643e+01,0.000000000000000000e+00,0.000000000000000000e+00
4.041650540737010999e+01,0.000000000000000000e+00,0.000000000000000000e+00
4.014660445311063341e+01,0.000000000000000000e+00,0.000000000000000000e+00
4.070012467332946926e+01,0.000000000000000000e+00,0.000000000000000000e+00
4.222387619352593902e+01,0.000000000000000000e+00,0.000000000000000000e+00
3.956646096273906466e+01,0.000000000000000000e+00,0.000000000000000000e+00
4.085145691508372323e+01,0.000000000000000000e+00,0.000000000000000000e+00
4.394665707890706585e+01,0.000000000000000000e+00,0.000000000000000000e+00
4.110500187560076313e+01,0.000000000000000000e+00,0.000000000000000000e+00
4.085145320351986697e+01,0.000000000000000000e+00,0.000000000000000000e+00
4.305719642628572075e+01,0.000000000000000000e+00,0.000000000000000000e+00
4.031732241083878421e+01,0.000000000000000000e+00,0.000000000000000000e+00
4.100995390991585055e+01,0.000000000000000000e+00,0.000000000000000000e+00
4.082155407313705098e+01,0.000000000000000000e+00,0.000000000000000000e+00
4.220615916364410225e+01,0.000000000000000000e+00,0.000000000000000000e+00
4.332720166241688275e+01,0.000000000000000000e+00,0.000000000000000000e+00
4.327824592391543490e+01,0.000000000000000000e+00,0.000000000000000000e+00
4.090003681261344326e+01,0.000000000000000000e+00,0.000000000000000000e+00
4.438131944372194226e+01,0.000000000000000000e+00,0.000000000000000000e+00
4.061155257732360724e+01,0.000000000000000000e+00,0.000000000000000000e+00
4.294951652345137916e+01,0.000000000000000000e+00,0.000000000000000000e+00
4.067443802185830748e+01,0.000000000000000000e+00,0.000000000000000000e+00
4.078396409898422803e+01,0.000000000000000000e+00,0.000000000000000000e+00
3.887466531248404067e+01,0.000000000000000000e+00,0.000000000000000000e+00
4.232716149351372792e+01,0.000000000000000000e+00,0.000000000000000000e+00
4.292447908162672832e+01,0.000000000000000000e+00,0.000000000000000000e+00
4.046420939188733001e+01,0.000000000000000000e+00,0.000000000000000000e+00
4.183472766352269190e+01,0.000000000000000000e+00,0.000000000000000000e+00
4.490653210585137600e+01,0.000000000000000000e+00,0.000000000000000000e+00
4.127826897284668206e+01,0.000000000000000000e+00,0.000000000000000000e+00
3.888612207126216447e+01,0.000000000000000000e+00,0.000000000000000000e+00
3.942515442549262872e+01,0.000000000000000000e+00,0.000000000000000000e+00
3.941824421037102155e+01,0.000000000000000000e+00,0.000000000000000000e+00
3.852986251332806944e+01,0.000000000000000000e+00,0.000000000000000000e+00
4.151178441587742185e+01,0.000000000000000000e+00,0.000000000000000000e+00
4.296994079238683639e+01,0.000000000000000000e+00,0.000000000000000000e+00
4.226062199897014438e+01,0.000000000000000000e+00,0.000000000000000000e+00
4.022959990479542114e+01,0.000000000000000000e+00,0.000000000000000000e+00
4.021490323582567328e+01,0.000000000000000000e+00,0.000000000000000000e+00
4.195119595696252190e+01,0.000000000000000000e+00,0.000000000000000000e+00
3.969290749049379485e+01,0.000000000000000000e+00,0.000000000000000000e+00
3.973032725011703548e+01,0.000000000000000000e+00,0.000000000000000000e+00
4.471513909715989854e+01,0.000000000000000000e+00,0.000000000000000000e+00
3.850754509387150648e+01,0.000000000000000000e+00,0.000000000000000000e+00
3.848392050725130531e+01,0.000000000000000000e+00,0.000000000000000000e+00
3.753688134899488915e+01,0.000000000000000000e+00,0.000000000000000000e+00
3.644942943441103012e+01,0.000000000000000000e+00,0.000000000000000000e+00
3.828151976727697559e+01,0.000000000000000000e+00,0.000000000000000000e+00
4.218028944462098195e+01,0.000000000000000000e+00,0.000000000000000000e+00
3.616855405501070209e+01,0.000000000000000000e+00,0.000000000000000000e+00
3.875684766382837410e+01,0.000000000000000000e+00,0.000000000000000000e+00
4.039199269210194387e+01,0.000000000000000000e+00,0.000000000000000000e+00
3.700083463435759512e+01,0.000000000000000000e+00,0.000000000000000000e+00
3.790521224411922674e+01,0.000000000000000000e+00,0.000000000000000000e+00
3.723632133978307479e+01,0.000000000000000000e+00,0.000000000000000000e+00
3.540096049412929347e+01,0.000000000000000000e+00,0.000000000000000000e+00
3.887191910634118841e+01,0.000000000000000000e+00,0.000000000000000000e+00
3.855259729019900306e+01,0.000000000000000000e+00,0.000000000000000000e+00
3.730241796887771955e+01,0.000000000000000000e+00,0.000000000000000000e+00
4.061621290339320467e+01,0.000000000000000000e+00,0.000000000000000000e+00
3.614853502703022770e+01,0.000000000000000000e+00,0.000000000000000000e+00
3.982083160736873140e+01,0.000000000000000000e+00,0.000000000000000000e+00
3.737667648651590468e+01,0.000000000000000000e+00,0.000000000000000000e+00
3.629516047492636233e+01,0.000000000000000000e+00,0.000000000000000000e+00
3.561459378945206566e+01,0.000000000000000000e+00,0.000000000000000000e+00
3.948383610617061379e+01,0.000000000000000000e+00,0.000000000000000000e+00
3.578565575991895287e+01,0.000000000000000000e+00,0.000000000000000000e+00
3.820987148373022535e+01,0.000000000000000000e+00,0.000000000000000000e+00
3.755367958536827899e+01,0.000000000000000000e+00,0.000000000000000000e+00
3.929172267270437402e+01,0.000000000000000000e+00,0.000000000000000000e+00
4.082157210168302441e+01,0.000000000000000000e+00,0.000000000000000000e+00
4.062151964303345153e+01,0.000000000000000000e+00,0.000000000000000000e+00
3.877449631034830446e+01,0.000000000000000000e+00,0.000000000000000000e+00
3.454464692830284633e+01,0.000000000000000000e+00,0.000000000000000000e+00
3.888412073128250768e+01,0.000000000000000000e+00,0.000000000000000000e+00
3.337618510360602642e+01,0.000000000000000000e+00,0.000000000000000000e+00
3.935138748097158157e+01,0.000000000000000000e+00,0.000000000000000000e+00
3.355915547671580157e+01,0.000000000000000000e+00,0.000000000000000000e+00
3.615777470198034393e+01,0.000000000000000000e+00,0.000000000000000000e+00
3.484296152808380498e+01,0.000000000000000000e+00,0.000000000000000000e+00
3.828010118405053674e+01,0.000000000000000000e+00,0.000000000000000000e+00
4.074983173362952016e+01,0.000000000000000000e+00,0.000000000000000000e+00
3.257974785597398437e+01,0.000000000000000000e+00,0.000000000000000000e+00
3.710537358153344911e+01,0.000000000000000000e+00,0.000000000000000000e+00
3.407940743028172648e+01,0.000000000000000000e+00,0.000000000000000000e+00
3.382746548336611880e+01,0.000000000000000000e+00,0.000000000000000000e+00
3.760630350573108416e+01,0.000000000000000000e+00,0.000000000000000000e+00
3.466999639854042670e+01,0.000000000000000000e+00,0.000000000000000000e+00
3.573523643338462108e+01,0.000000000000000000e+00,0.000000000000000000e+00
3.484047063986442794e+01,0.000000000000000000e+00,0.000000000000000000e+00
3.758952560236433982e+01,0.000000000000000000e+00,0.000000000000000000e+00
3.698036852344650072e+01,0.000000000000000000e+00,0.000000000000000000e+00
3.376569912037429333e+01,0.000000000000000000e+00,0.000000000000000000e+00
3.658419054333579368e+01,0.000000000000000000e+00,0.000000000000000000e+00
3.609050812860940027e+01,0.000000000000000000e+00,0.000000000000000000e+00
3.479503505073643765e+01,0.000000000000000000e+00,0.000000000000000000e+00
3.533660730032093511e+01,0.000000000000000000e+00,0.000000000000000000e+00
3.308859174425708005e+01,0.000000000000000000e+00,0.000000000000000000e+00
3.474253025993853328e+01,0.000000000000000000e+00,0.000000000000000000e+00
3.587961781717335441e+01,0.000000000000000000e+00,0.000000000000000000e+00
3.727789396434411628e+01,0.000000000000000000e+00,0.000000000000000000e+00
3.659529378749267892e+01,0.000000000000000000e+00,0.000000000000000000e+00
3.657839180506460508e+01,0.000000000000000000e+00,0.000000000000000000e+00
3.906897017941164307e+01,0.000000000000000000e+00,0.000000000000000000e+00
3.560771407642788944e+01,0.000000000000000000e+00,0.000000000000000000e+00
3.508474367524601689e+01,0.000000000000000000e+00,0.000000000000000000e+00
3.879986927795619778e+01,0.000000000000000000e+00,0.000000000000000000e+00
3.554648981257460605e+01,0.000000000000000000e+00,0.000000000000000000e+00
3.637283174725723711e+01,0.000000000000000000e+00,0.000000000000000000e+00
3.611233573056671986e+01,0.000000000000000000e+00,0.000000000000000000e+00
3.228401473576138869e+01,0.000000000000000000e+00,0.000000000000000000e+00
3.506031321813119206e+01,0.000000000000000000e+00,0.000000000000000000e+00
3.349792024311685168e+01,0.000000000000000000e+00,0.000000000000000000e+00
3.499962182038728287e+01,0.000000000000000000e+00,0.000000000000000000e+00
3.394092381563609706e+01,0.000000000000000000e+00,0.000000000000000000e+00
3.425695711356131312e+01,0.000000000000000000e+00,0.000000000000000000e+00
3.311575939663524082e+01,0.000000000000000000e+00,0.000000000000000000e+00
3.383344670379566566e+01,0.000000000000000000e+00,0.000000000000000000e+00
3.677200897007879377e+01,0.000000000000000000e+00,0.000000000000000000e+00
3.404711599351398377e+01,0.000000000000000000e+00,0.000000000000000000e+00
3.430412181520775050e+01,0.000000000000000000e+00,0.000000000000000000e+00
3.657426574044918510e+01,0.000000000000000000e+00,0.000000000000000000e+00
2.962390301231648593e+01,0.000000000000000000e+00,0.000000000000000000e+00
2.913971388705925847e+01,0.000000000000000000e+00,0.000000000000000000e+00
3.176196033126536733e+01,0.000000000000000000e+00,0.000000000000000000e+00
3.285676874386621904e+01,0.000000000000000000e+00,0.000000000000000000e+00
3.333662856545572595e+01,0.000000000000000000e+00,0.000000000000000000e+00
3.406011929976551045e+01,0.000000000000000000e+00,0.000000000000000000e+00
3.325672962735084326e+01,0.000000000000000000e+00,0.000000000000000000e+00
3.299873803726826083e+01,0.000000000000000000e+00,0.000000000000000000e+00
3.120958471587437089e+01,0.000000000000000000e+00,0.000000000000000000e+00
3.364377118160334135e+01,0.000000000000000000e+00,0.000000000000000000e+00
3.222728273475318161e+01,0.000000000000000000e+00,0.000000000000000000e+00
3.129336271212487119e+01,0.000000000000000000e+00,0.000000000000000000e+00
3.492595310746543902e+01,0.000000000000000000e+00,0.000000000000000000e+00
3.571258129084289124e+01,0.000000000000000000e+00,0.000000000000000000e+00
3.364203951036329698e+01,0.000000000000000000e+00,0.000000000000000000e+00
2.975483256165112067e+01,0.000000000000000000e+00,0.000000000000000000e+00
3.272632289982032461e+01,0.000000000000000000e+00,0.000000000000000000e+00
3.466826583238015047e+01,0.000000000000000000e+00,0.000000000000000000e+00
3.365828036489890707e+01,0.000000000000000000e+00,0.000000000000000000e+00
3.246930113066162704e+01,0.000000000000000000e+00,0.000000000000000000e+00
3.312958389908713741e+01,0.000000000000000000e+00,0.000000000000000000e+00
2.870534193900425279e+01,0.000000000000000000e+00,0.000000000000000000e+00
2.954000686304607726e+01,0.000000000000000000e+00,0.000000000000000000e+00
3.339892268554681465e+01,0.000000000000000000e+00,0.000000000000000000e+00
3.343527472474880824e+01,0.000000000000000000e+00,0.000000000000000000e+00
3.345727719961193003e+01,0.000000000000000000e+00,0.000000000000000000e+00
3.076940014768183218e+01,0.000000000000000000e+00,0.000000000000000000e+00
3.122237987682905924e+01,0.000000000000000000e+00,0.000000000000000000e+00
3.274606329679750161e+01,0.000000000000000000e+00,0.000000000000000000e+00
2.798002262972661214e+01,0.000000000000000000e+00,0.000000000000000000e+00
3.330744020399792049e+01,0.000000000000000000e+00,0.000000000000000000e+00
2.774631521600377226e+01,0.000000000000000000e+00,0.000000000000000000e+00
3.012762233932127387e+01,0.000000000000000000e+00,0.000000000000000000e+00
2.893508591644145156e+01,0.000000000000000000e+00,0.000000000000000000e+00
3.120868284268720672e+01,0.000000000000000000e+00,0.000000000000000000e+00
3.345816978751813053e+01,0.000000000000000000e+00,0.000000000000000000e+00
3.306542359928686636e+01,0.000000000000000000e+00,0.000000000000000000e+00
3.282947002531501823e+01,0.000000000000000000e+00,0.000000000000000000e+00
3.184794570204799058e+01,0.000000000000000000e+00,0.000000000000000000e+00
3.403567392809535619e+01,0.000000000000000000e+00,0.000000000000000000e+00
3.232633592665464306e+01,0.000000000000000000e+00,0.000000000000000000e+00
2.499374143211100119e+01,0.000000000000000000e+00,0.000000000000000000e+00
2.984600448614262902e+01,0.000000000000000000e+00,0.000000000000000000e+00
2.589933613918013577e+01,0.000000000000000000e+00,0.000000000000000000e+00
3.033926407219370347e+01,0.000000000000000000e+00,0.000000000000000000e+00
3.404140595356560794e+01,0.000000000000000000e+00,0.000000000000000000e+00
3.057468694252374064e+01,0.000000000000000000e+00,0.000000000000000000e+00
3.195042161242214718e+01,0.000000000000000000e+00,0.000000000000000000e+00
2.821700831375182617e+01,0.000000000000000000e+00,0.000000000000000000e+00
3.362761955887742005e+01,0.000000000000000000e+00,0.000000000000000000e+00
3.022605777926644777e+01,0.000000000000000000e+00,0.000000000000000000e+00
3.131970305290023404e+01,0.000000000000000000e+00,0.000000000000000000e+00
3.279683985240185251e+01,0.000000000000000000e+00,0.000000000000000000e+00
3.460469712813574006e+01,0.000000000000000000e+00,0.000000000000000000e+00
3.002776864721534622e+01,0.000000000000000000e+00,0.000000000000000000e+00
3.097715745810561572e+01,0.000000000000000000e+00,0.000000000000000000e+00
3.094975801450461717e+01,0.000000000000000000e+00,0.000000000000000000e+00
3.416875397546423443e+01,0.000000000000000000e+00,0.000000000000000000e+00
2.581277030055603916e+01,0.000000000000000000e+00,0.000000000000000000e+00
3.261933062658503957e+01,0.000000000000000000e+00,0.000000000000000000e+00
2.671402089091651888e+01,0.000000000000000000e+00,0.000000000000000000e+00
3.047860621213137122e+01,0.000000000000000000e+00,0.000000000000000000e+00
2.770987771345704687e+01,0.000000000000000000e+00,0.000000000000000000e+00
2.916768044929556680e+01,0.000000000000000000e+00,0.000000000000000000e+00
2.873995339940041660e+01,0.000000000000000000e+00,0.000000000000000000e+00
2.558403816475768622e+01,0.000000000000000000e+00,0.000000000000000000e+00
3.003625886890090513e+01,0.000000000000000000e+00,0.000000000000000000e+00
3.252463967533314815e+01,0.000000000000000000e+00,0.000000000000000000e+00
3.240851715015238454e+01,0.000000000000000000e+00,0.000000000000000000e+00
3.124155221868119270e+01,0.000000000000000000e+00,0.000000000000000000e+00
2.991645050762096147e+01,0.000000000000000000e+00,0.000000000000000000e+00
2.928474746933112982e+01,0.000000000000000000e+00,0.000000000000000000e+00
2.985605169198605680e+01,0.000000000000000000e+00,0.000000000000000000e+00
2.849426649210859352e+01,0.000000000000000000e+00,0.000000000000000000e+00
2.915843418493761874e+01,0.000000000000000000e+00,0.000000000000000000e+00
2.792829924010051457e+01,0.000000000000000000e+00,0.000000000000000000e+00
2.857734697730333195e+01,0.000000000000000000e+00,0.000000000000000000e+00
2.827365524269254493e+01,0.000000000000000000e+00,0.000000000000000000e+00
2.982563535586619352e+01,0.000000000000000000e+00,0.000000000000000000e+00
2.964410701612080246e+01,0.000000000000000000e+00,0.000000000000000000e+00
2.488395488715612558e+01,0.000000000000000000e+00,0.000000000000000000e+00
3.347880119432117851e+01,0.000000000000000000e+00,0.000000000000000000e+00
2.894647386768199482e+01,0.000000000000000000e+00,0.000000000000000000e+00
2.118531566120057619e+01,0.000000000000000000e+00,0.000000000000000000e+00
3.005844074912782915e+01,0.000000000000000000e+00,0.000000000000000000e+00
3.233367480097457758e+01,0.000000000000000000e+00,0.000000000000000000e+00
2.758001616658441790e+01,0.000000000000000000e+00,0.000000000000000000e+00
2.740630445993387099e+01,0.000000000000000000e+00,0.000000000000000000e+00
2.912948996440265503e+01,0.000000000000000000e+00,0.000000000000000000e+00
2.599605325899485209e+01,0.000000000000000000e+00,0.000000000000000000e+00
2.705025555169329365e+01,0.000000000000000000e+00,0.000000000000000000e+00
3.033364093886151736e+01,0.000000000000000000e+00,0.000000000000000000e+00
2.600810687186165282e+01,0.000000000000000000e+00,0.000000000000000000e+00
2.453177256440930520e+01,0.000000000000000000e+00,0.000000000000000000e+00
2.654911018110039223e+01,0.000000000000000000e+00,0.000000000000000000e+00
2.696108072200033945e+01,0.000000000000000000e+00,0.000000000000000000e+00
3.026362190285969689e+01,0.000000000000000000e+00,0.000000000000000000e+00
2.887154961343289017e+01,0.000000000000000000e+00,0.000000000000000000e+00
2.604038264045796680e+01,0.000000000000000000e+00,0.000000000000000000e+00
2.680628307535433663e+01,0.000000000000000000e+00,0.000000000000000000e+00
2.350287848135132407e+01,0.000000000000000000e+00,0.000000000000000000e+00
2.960239290166111559e+01,0.000000000000000000e+00,0.000000000000000000e+00
3.093395601431980069e+01,0.000000000000000000e+00,0.000000000000000000e+00
2.762708044776604055e+01,0.000000000000000000e+00,0.000000000000000000e+00
3.223642808404928672e+01,0.000000000000000000e+00,0.000000000000000000e+00
2.528400840827881524e+01,0.000000000000000000e+00,0.000000000000000000e+00
2.547095243739837400e+01,0.000000000000000000e+00,0.000000000000000000e+00
2.997109249001455211e+01,0.000000000000000000e+00,0.000000000000000000e+00
2.789751279351520807e+01,0.000000000000000000e+00,0.000000000000000000e+00
2.715624686562296475e+01,0.000000000000000000e+00,0.000000000000000000e+00
2.751781784740024506e+01,0.000000000000000000e+00,0.000000000000000000e+00
2.491504001220229725e+01,0.000000000000000000e+00,0.000000000000000000e+00
2.708628205497385366e+01,0.000000000000000000e+00,0.000000000000000000e+00
2.753790894092471930e+01,0.000000000000000000e+00,0.000000000000000000e+00
2.653591269813419373e+01,0.000000000000000000e+00,0.000000000000000000e+00
2.637977217768256466e+01,0.000000000000000000e+00,0.000000000000000000e+00
2.591376028595380987e+01,0.000000000000000000e+00,0.000000000000000000e+00
2.765367268312973792e+01,0.000000000000000000e+00,0.000000000000000000e+00
2.466926830439041041e+01,0.000000000000000000e+00,0.000000000000000000e+00
2.447059210538947482e+01,0.000000000000000000e+00,0.000000000000000000e+00
3.130998122124433536e+01,0.000000000000000000e+00,0.000000000000000000e+00
2.345178770068349294e+01,0.000000000000000000e+00,0.000000000000000000e+00
2.757195876239330090e+01,0.000000000000000000e+00,0.000000000000000000e+00
2.644438020174189674e+01,0.000000000000000000e+00,0.000000000000000000e+00
2.696319295329553256e+01,0.000000000000000000e+00,0.000000000000000000e+00
2.833644530408009032e+01,0.000000000000000000e+00,0.000000000000000000e+00
2.670103610847619890e+01,0.000000000000000000e+00,0.000000000000000000e+00
2.707276872887530672e+01,0.000000000000000000e+00,0.000000000000000000e+00
2.693483269570694816e+01,0.000000000000000000e+00,0.000000000000000000e+00
2.606085562145888801e+01,0.000000000000000000e+00,0.000000000000000000e+00
2.427110886324007666e+01,0.000000000000000000e+00,0.000000000000000000e+00
2.505611265657775277e+01,0.000000000000000000e+00,0.000000000000000000e+00
2.418107862718547807e+01,0.000000000000000000e+00,0.000000000000000000e+00
2.662665433553986460e+01,0.000000000000000000e+00,0.000000000000000000e+00
2.493910638383649925e+01,0.000000000000000000e+00,0.000000000000000000e+00
2.427235283862705728e+01,0.000000000000000000e+00,0.000000000000000000e+00
2.676875577087827907e+01,0.000000000000000000e+00,0.000000000000000000e+00
2.695592010347079182e+01,0.000000000000000000e+00,0.000000000000000000e+00
2.869535163516509968e+01,0.000000000000000000e+00,0.000000000000000000e+00
2.686714177883496291e+01,0.000000000000000000e+00,0.000000000000000000e+00
2.332447661140404804e+01,0.000000000000000000e+00,0.000000000000000000e+00
2.553403357853326128e+01,0.000000000000000000e+00,0.000000000000000000e+00
2.476196059421802431e+01,0.000000000000000000e+00,0.000000000000000000e+00
2.360767686701164081e+01,0.000000000000000000e+00,0.000000000000000000e+00
2.691839143726836525e+01,0.000000000000000000e+00,0.000000000000000000e+00
2.543596873007073356e+01,0.000000000000000000e+00,0.000000000000000000e+00
2.291156600717358671e+01,0.000000000000000000e+00,0.000000000000000000e+00
2.501656719360658698e+01,0.000000000000000000e+00,0.000000000000000000e+00
2.285727661628714458e+01,0.000000000000000000e+00,0.000000000000000000e+00
2.183272446784145870e+01,0.000000000000000000e+00,0.000000000000000000e+00
2.487986036896707631e+01,0.000000000000000000e+00,0.000000000000000000e+00
2.644246414163472636e+01,0.000000000000000000e+00,0.000000000000000000e+00
2.275536612960899063e+01,0.000000000000000000e+00,0.000000000000000000e+00
2.215167747990134828e+01,0.000000000000000000e+00,0.000000000000000000e+00
2.435410549072514996e+01,0.000000000000000000e+00,0.000000000000000000e+00
2.489194491322311364e+01,0.000000000000000000e+00,0.000000000000000000e+00
2.250808207451881771e+01,0.000000000000000000e+00,0.000000000000000000e+00
2.454345438877215102e+01,0.000000000000000000e+00,0.000000000000000000e+00
2.246380379332611810e+01,0.000000000000000000e+00,0.000000000000000000e+00
2.592999118853509444e+01,0.000000000000000000e+00,0.000000000000000000e+00
2.475822664281379559e+01,0.000000000000000000e+00,0.000000000000000000e+00
2.706894021822031249e+01,0.000000000000000000e+00,0.000000000000000000e+00
2.227213043095948564e+01,0.000000000000000000e+00,0.000000000000000000e+00
2.376069472649228231e+01,0.000000000000000000e+00,0.000000000000000000e+00
2.498299001793807150e+01,0.000000000000000000e+00,0.000000000000000000e+00
2.203970232557282571e+01,0.000000000000000000e+00,0.000000000000000000e+00
2.587175560080967429e+01,0.000000000000000000e+00,0.000000000000000000e+00
2.412903130845266730e+01,0.000000000000000000e+00,0.000000000000000000e+00
2.322236398721678441e+01,0.000000000000000000e+00,0.000000000000000000e+00
2.546136027329416152e+01,0.000000000000000000e+00,0.000000000000000000e+00
2.555510372843159317e+01,0.000000000000000000e+00,0.000000000000000000e+00
2.904640940931388116e+01,0.000000000000000000e+00,0.000000000000000000e+00
2.492102318155228247e+01,0.000000000000000000e+00,0.000000000000000000e+00
2.451076188223561658e+01,0.000000000000000000e+00,0.000000000000000000e+00
1.991348409258547392e+01,0.000000000000000000e+00,0.000000000000000000e+00
2.597106962136391672e+01,0.000000000000000000e+00,0.000000000000000000e+00
2.346249046766274304e+01,0.000000000000000000e+00,0.000000000000000000e+00
2.502188800228665855e+01,0.000000000000000000e+00,0.000000000000000000e+00
2.141447531201085397e+01,0.000000000000000000e+00,0.000000000000000000e+00
2.096343664142390395e+01,0.000000000000000000e+00,0.000000000000000000e+00
2.343251574701855233e+01,0.000000000000000000e+00,0.000000000000000000e+00
2.415800231107148122e+01,0.000000000000000000e+00,0.000000000000000000e+00
2.386270691735132132e+01,0.000000000000000000e+00,0.000000000000000000e+00
2.177084911563773773e+01,0.000000000000000000e+00,0.000000000000000000e+00
2.111426370485557413e+01,0.000000000000000000e+00,0.000000000000000000e+00
2.364940139122927576e+01,0.000000000000000000e+00,0.000000000000000000e+00
2.173744691270466234e+01,0.000000000000000000e+00,0.000000000000000000e+00
2.656944714455888601e+01,0.000000000000000000e+00,0.000000000000000000e+00
2.377596289883962655e+01,0.000000000000000000e+00,0.000000000000000000e+00
2.137708191162641214e+01,0.000000000000000000e+00,0.000000000000000000e+00
2.028179883915606396e+01,0.000000000000000000e+00,0.000000000000000000e+00
2.068713763041269971e+01,0.000000000000000000e+00,0.000000000000000000e+00
2.420454183894402078e+01,0.000000000000000000e+00,0.000000000000000000e+00
2.130488162826571497e+01,0.000000000000000000e+00,0.000000000000000000e+00
1.987406145904811439e+01,0.000000000000000000e+00,0.000000000000000000e+00
2.210726444804080515e+01,0.000000000000000000e+00,0.000000000000000000e+00
2.542274110672523335e+01,0.000000000000000000e+00,0.000000000000000000e+00
2.603133963958804742e+01,0.000000000000000000e+00,0.000000000000000000e+00
2.040068438640218673e+01,0.000000000000000000e+00,0.000000000000000000e+00
2.528764364135441056e+01,0.000000000000000000e+00,0.000000000000000000e+00
2.643611796964319183e+01,0.000000000000000000e+00,0.000000000000000000e+00
2.435909880765498414e+01,0.000000000000000000e+00,0.000000000000000000e+00
2.226941975903252313e+01,0.000000000000000000e+00,0.000000000000000000e+00
2.329457499930713738e+01,0.000000000000000000e+00,0.000000000000000000e+00
2.477754233444218812e+01,0.000000000000000000e+00,0.000000000000000000e+00
2.394578462882633474e+01,0.000000000000000000e+00,0.000000000000000000e+00
2.320576667506729507e+01,0.000000000000000000e+00,0.000000000000000000e+00
2.276322290784243663e+01,0.000000000000000000e+00,0.000000000000000000e+00
2.146435450903571507e+01,0.000000000000000000e+00,0.000000000000000000e+00
2.345002997289725499e+01,0.000000000000000000e+00,0.000000000000000000e+00
2.182033756527090773e+01,0.000000000000000000e+00,0.000000000000000000e+00
2.343752577916105295e+01,0.000000000000000000e+00,0.000000000000000000e+00
2.031712230628729898e+01,0.000000000000000000e+00,0.000000000000000000e+00
2.117029439618569953e+01,0.000000000000000000e+00,0.000000000000000000e+00
2.342606411537217781e+01,0.000000000000000000e+00,0.000000000000000000e+00
1.925620687651113982e+01,0.000000000000000000e+00,0.000000000000000000e+00
2.321453624152827544e+01,0.000000000000000000e+00,0.000000000000000000e+00
2.100798116071278088e+01,0.000000000000000000e+00,0.000000000000000000e+00
2.014182376989672818e+01,0.000000000000000000e+00,0.000000000000000000e+00
2.425638405893637994e+01,0.000000000000000000e+00,0.000000000000000000e+00
1.973426940783377859e+01,0.000000000000000000e+00,0.000000000000000000e+00
2.118264319629899362e+01,0.000000000000000000e+00,0.000000000000000000e+00
1.962464494282156835e+01,0.000000000000000000e+00,0.000000000000000000e+00
2.041393849130213312e+01,0.000000000000000000e+00,0.000000000000000000e+00
2.072593829617084538e+01,0.000000000000000000e+00,0.000000000000000000e+00
2.167728740877046079e+01,0.000000000000000000e+00,0.000000000000000000e+00
2.397897951925612503e+01,0.000000000000000000e+00,0.000000000000000000e+00
2.237124682071869941e+01,0.000000000000000000e+00,0.000000000000000000e+00
2.107040952757218832e+01,0.000000000000000000e+00,0.000000000000000000e+00
1.887728885551770119e+01,0.000000000000000000e+00,0.000000000000000000e+00
2.081337472494903196e+01,0.000000000000000000e+00,0.000000000000000000e+00
2.281131773312855771e+01,0.000000000000000000e+00,0.000000000000000000e+00
2.079593717154791932e+01,0.000000000000000000e+00,0.000000000000000000e+00
1.940673168495811041e+01,0.000000000000000000e+00,0.000000000000000000e+00
2.037719069031368946e+01,0.000000000000000000e+00,0.000000000000000000e+00
2.310485589916704541e+01,0.000000000000000000e+00,0.000000000000000000e+00
2.383805798117167285e+01,0.000000000000000000e+00,0.000000000000000000e+00
2.369116150653487907e+01,0.000000000000000000e+00,0.000000000000000000e+00
2.343546635454665505e+01,0.000000000000000000e+00,0.000000000000000000e+00
1.974360618463952477e+01,0.000000000000000000e+00,0.000000000000000000e+00
2.072141811956969093e+01,0.000000000000000000e+00,0.000000000000000000e+00
1.984620389142503782e+01,0.000000000000000000e+00,0.000000000000000000e+00
2.004699604925968970e+01,0.000000000000000000e+00,0.000000000000000000e+00
2.258152755072998374e+01,0.000000000000000000e+00,0.000000000000000000e+00
2.123849795723635125e+01,0.000000000000000000e+00,0.000000000000000000e+00
2.381220342979893090e+01,0.000000000000000000e+00,0.000000000000000000e+00
2.140437372031626495e+01,0.000000000000000000e+00,0.000000000000000000e+00
2.557161784123400139e+01,0.000000000000000000e+00,0.000000000000000000e+00
2.530702395596057031e+01,0.000000000000000000e+00,0.000000000000000000e+00
2.383186266135432518e+01,0.000000000000000000e+00,0.000000000000000000e+00
1.623057023146521516e+01,0.000000000000000000e+00,0.000000000000000000e+00
2.203477855980596445e+01,0.000000000000000000e+00,0.000000000000000000e+00
2.318535711702782010e+01,0.000000000000000000e+00,0.000000000000000000e+00
2.022161741368185517e+01,0.000000000000000000e+00,0.000000000000000000e+00
1.770070604122951252e+01,0.000000000000000000e+00,0.000000000000000000e+00
2.146701040066723110e+01,0.000000000000000000e+00,0.000000000000000000e+00
2.192121861869296495e+01,0.000000000000000000e+00,0.000000000000000000e+00
2.114353883772608356e+01,0.000000000000000000e+00,0.000000000000000000e+00
2.182153370563104744e+01,0.000000000000000000e+00,0.000000000000000000e+00
2.390013043402690229e+01,0.000000000000000000e+00,0.000000000000000000e+00
2.224340307834034647e+01,0.000000000000000000e+00,0.000000000000000000e+00
1.668987471967917458e+01,0.000000000000000000e+00,0.000000000000000000e+00
1.767639891687820608e+01,0.000000000000000000e+00,0.000000000000000000e+00
2.385602647531492337e+01,0.000000000000000000e+00,0.000000000000000000e+00
2.065955668583490024e+01,0.000000000000000000e+00,0.000000000000000000e+00
2.040213410955754725e+01,0.000000000000000000e+00,0.000000000000000000e+00
2.380768382550612827e+01,0.000000000000000000e+00,0.000000000000000000e+00
2.037107123726431013e+01,0.000000000000000000e+00,0.000000000000000000e+00
2.042637513393972881e+01,0.000000000000000000e+00,0.000000000000000000e+00
2.227502685804178384e+01,0.000000000000000000e+00,0.000000000000000000e+00
2.077657489096625909e+01,0.000000000000000000e+00,0.000000000000000000e+00
2.114904286284831869e+01,0.000000000000000000e+00,0.000000000000000000e+00
2.135621691148942247e+01,0.000000000000000000e+00,0.000000000000000000e+00
1.809912729867296122e+01,0.000000000000000000e+00,0.000000000000000000e+00
1.951711760152975117e+01,0.000000000000000000e+00,0.000000000000000000e+00
2.060739183465562974e+01,0.000000000000000000e+00,0.000000000000000000e+00
2.341287731367618008e+01,0.000000000000000000e+00,0.000000000000000000e+00
1.821136617426374826e+01,0.000000000000000000e+00,0.000000000000000000e+00
2.399053757476716342e+01,0.000000000000000000e+00,0.000000000000000000e+00
2.412322852497833736e+01,0.000000000000000000e+00,0.000000000000000000e+00
2.080486969803765973e+01,0.000000000000000000e+00,0.000000000000000000e+00
1.837080501245566566e+01,0.000000000000000000e+00,0.000000000000000000e+00
2.323835628535696429e+01,0.000000000000000000e+00,0.000000000000000000e+00
2.233974544811649920e+01,0.000000000000000000e+00,0.000000000000000000e+00
2.389780249753754404e+01,0.000000000000000000e+00,0.000000000000000000e+00
1.817743819463714772e+01,0.000000000000000000e+00,0.000000000000000000e+00
1.967215247669245670e+01,0.000000000000000000e+00,0.000000000000000000e+00
1.906733013919946984e+01,0.000000000000000000e+00,0.000000000000000000e+00
1.998294025182292089e+01,0.000000000000000000e+00,0.000000000000000000e+00
1.998546748782831983e+01,0.000000000000000000e+00,0.000000000000000000e+00
1.804464928735143658e+01,0.000000000000000000e+00,0.000000000000000000e+00
1.988668874416109489e+01,0.000000000000000000e+00,0.000000000000000000e+00
2.118349469117850248e+01,0.000000000000000000e+00,0.000000000000000000e+00
1.986103092334736075e+01,0.000000000000000000e+00,0.000000000000000000e+00
2.114257687151380338e+01,0.000000000000000000e+00,0.000000000000000000e+00
2.106804187908974058e+01,0.000000000000000000e+00,0.000000000000000000e+00
1.969111848335010606e+01,0.000000000000000000e+00,0.000000000000000000e+00
1.896918036798732743e+01,0.000000000000000000e+00,0.000000000000000000e+00
1.920978977603032689e+01,0.000000000000000000e+00,0.000000000000000000e+00
2.252383992541813384e+01,0.000000000000000000e+00,0.000000000000000000e+00
2.223950544346229208e+01,0.000000000000000000e+00,0.000000000000000000e+00
2.242582872071666245e+01,0.000000000000000000e+00,0.000000000000000000e+00
1.829683883107362163e+01,0.000000000000000000e+00,0.000000000000000000e+00
1.913177339811951327e+01,0.000000000000000000e+00,0.000000000000000000e+00
1.931653818570783088e+01,0.000000000000000000e+00,0.000000000000000000e+00
1.710243450777782570e+01,0.000000000000000000e+00,0.000000000000000000e+00
2.411476401848820927e+01,0.000000000000000000e+00,0.000000000000000000e+00
1.723087315180895018e+01,0.000000000000000000e+00,0.000000000000000000e+00
1.832155255507367286e+01,0.000000000000000000e+00,0.000000000000000000e+00
2.672448874150663656e+01,0.000000000000000000e+00,0.000000000000000000e+00
2.157504620498897552e+01,0.000000000000000000e+00,0.000000000000000000e+00
2.383014343898513943e+01,0.000000000000000000e+00,0.000000000000000000e+00
1.986755289825895687e+01,0.000000000000000000e+00,0.000000000000000000e+00
1.935321380521001444e+01,0.000000000000000000e+00,0.000000000000000000e+00
2.201011294999926804e+01,0.000000000000000000e+00,0.000000000000000000e+00
2.067182038201573135e+01,0.000000000000000000e+00,0.000000000000000000e+00
2.083122843133425306e+01,0.000000000000000000e+00,0.000000000000000000e+00
1.730111023861055486e+01,0.000000000000000000e+00,0.000000000000000000e+00
1.595471891419097332e+01,0.000000000000000000e+00,0.000000000000000000e+00
2.022031287292533008e+01,0.000000000000000000e+00,0.000000000000000000e+00
1.967169901526455433e+01,0.000000000000000000e+00,0.000000000000000000e+00
1.715922708765657489e+01,0.000000000000000000e+00,0.000000000000000000e+00
1.873254412342408770e+01,0.000000000000000000e+00,0.000000000000000000e+00
1.970123919999338469e+01,0.000000000000000000e+00,0.000000000000000000e+00
1.790789201396354713e+01,0.000000000000000000e+00,0.000000000000000000e+00
1.901592287413090432e+01,0.000000000000000000e+00,0.000000000000000000e+00
2.052376729712132786e+01,0.000000000000000000e+00,0.000000000000000000e+00
1.820905838289499457e+01,0.000000000000000000e+00,0.000000000000000000e+00
2.020633531123600690e+01,0.000000000000000000e+00,0.000000000000000000e+00
2.243232262114537434e+01,0.000000000000000000e+00,0.000000000000000000e+00
1.863971434653944925e+01,0.000000000000000000e+00,0.000000000000000000e+00
2.008335751044469575e+01,0.000000000000000000e+00,0.000000000000000000e+00
1.761989575651617912e+01,0.000000000000000000e+00,0.000000000000000000e+00
2.056729378156367005e+01,0.000000000000000000e+00,0.000000000000000000e+00
1.873349895051282132e+01,0.000000000000000000e+00,0.000000000000000000e+00
2.198141121732099634e+01,0.000000000000000000e+00,0.000000000000000000e+00
1.723715484016933885e+01,0.000000000000000000e+00,0.000000000000000000e+00
1.846682579789363032e+01,0.000000000000000000e+00,0.000000000000000000e+00
2.123210602247728573e+01,0.000000000000000000e+00,0.000000000000000000e+00
1.827583590177032846e+01,0.000000000000000000e+00,0.000000000000000000e+00
2.036660010251528874e+01,0.000000000000000000e+00,0.000000000000000000e+00
2.104127842260780668e+01,0.000000000000000000e+00,0.000000000000000000e+00
1.685646494870676193e+01,0.000000000000000000e+00,0.000000000000000000e+00
1.908236275432834006e+01,0.000000000000000000e+00,0.000000000000000000e+00
2.144435496140749109e+01,0.000000000000000000e+00,0.000000000000000000e+00
1.758364008775255272e+01,0.000000000000000000e+00,0.000000000000000000e+00
2.205385991576709159e+01,0.000000000000000000e+00,0.000000000000000000e+00
2.107000204587431824e+01,0.000000000000000000e+00,0.000000000000000000e+00
1.658031361748539467e+01,0.000000000000000000e+00,0.000000000000000000e+00
2.124447878237819509e+01,0.000000000000000000e+00,0.000000000000000000e+00
2.191849195423811736e+01,0.000000000000000000e+00,0.000000000000000000e+00
1.843234803946176470e+01,0.000000000000000000e+00,0.000000000000000000e+00
1.934440359416484156e+01,0.000000000000000000e+00,0.000000000000000000e+00
1.962585753938051170e+01,0.000000000000000000e+00,0.000000000000000000e+00
2.137162486292134389e+01,0.000000000000000000e+00,0.000000000000000000e+00
1.529730396774711743e+01,0.000000000000000000e+00,0.000000000000000000e+00
2.046919401706448838e+01,0.000000000000000000e+00,0.000000000000000000e+00
2.023268977765152599e+01,0.000000000000000000e+00,0.000000000000000000e+00
2.110152807554147003e+01,0.000000000000000000e+00,0.000000000000000000e+00
1.595419780586698799e+01,0.000000000000000000e+00,0.000000000000000000e+00
2.110206475218796385e+01,0.000000000000000000e+00,0.000000000000000000e+00
2.149299274178597585e+01,0.000000000000000000e+00,0.000000000000000000e+00
1.959492957118406409e+01,0.000000000000000000e+00,0.000000000000000000e+00
1.879117763261816165e+01,0.000000000000000000e+00,0.000000000000000000e+00
1.901643250487853720e+01,0.000000000000000000e+00,0.000000000000000000e+00
2.140157618072325718e+01,0.000000000000000000e+00,0.000000000000000000e+00
1.867257969943731766e+01,0.000000000000000000e+00,0.000000000000000000e+00
2.383718793409131109e+01,0.000000000000000000e+00,0.000000000000000000e+00
1.933589057369359310e+01,0.000000000000000000e+00,0.000000000000000000e+00
2.122103472723630446e+01,0.000000000000000000e+00,0.000000000000000000e+00
1.884821359482236147e+01,0.000000000000000000e+00,0.000000000000000000e+00
1.861571838333523488e+01,0.000000000000000000e+00,0.000000000000000000e+00
2.121910069086179718e+01,0.000000000000000000e+00,0.000000000000000000e+00
2.195229528207516978e+01,0.000000000000000000e+00,0.000000000000000000e+00
2.172939285824333311e+01,0.000000000000000000e+00,0.000000000000000000e+00
1.993983687615752842e+01,0.000000000000000000e+00,0.000000000000000000e+00
2.124243661327802357e+01,0.000000000000000000e+00,0.000000000000000000e+00
2.036236220703512956e+01,0.000000000000000000e+00,0.000000000000000000e+00
2.191065358581688116e+01,0.000000000000000000e+00,0.000000000000000000e+00
1.743931139451097323e+01,0.000000000000000000e+00,0.000000000000000000e+00
1.835755191646687479e+01,0.000000000000000000e+00,0.000000000000000000e+00
2.088569003110247024e+01,0.000000000000000000e+00,0.000000000000000000e+00
1.947612407820771807e+01,0.000000000000000000e+00,0.000000000000000000e+00
1.843884770745933821e+01,0.000000000000000000e+00,0.000000000000000000e+00
2.136424132946780929e+01,0.000000000000000000e+00,0.000000000000000000e+00
2.067618053690245361e+01,0.000000000000000000e+00,0.000000000000000000e+00
1.974746448507476870e+01,0.000000000000000000e+00,0.000000000000000000e+00
2.165631929975848990e+01,0.000000000000000000e+00,0.000000000000000000e+00
2.300378091734515351e+01,0.000000000000000000e+00,0.000000000000000000e+00
2.052858891476718739e+01,0.000000000000000000e+00,0.000000000000000000e+00
1.657059125473514172e+01,0.000000000000000000e+00,0.000000000000000000e+00
1.886436442687675807e+01,0.000000000000000000e+00,0.000000000000000000e+00
2.144484995958029216e+01,0.000000000000000000e+00,0.000000000000000000e+00
1.767174943038720514e+01,0.000000000000000000e+00,0.000000000000000000e+00
1.898499438353482205e+01,0.000000000000000000e+00,0.000000000000000000e+00
2.097312003075490594e+01,0.000000000000000000e+00,0.000000000000000000e+00
2.098642264164033477e+01,0.000000000000000000e+00,0.000000000000000000e+00
2.106960174177638123e+01,0.000000000000000000e+00,0.000000000000000000e+00
2.152703738272654732e+01,0.000000000000000000e+00,0.000000000000000000e+00
2.461091847783329456e+01,0.000000000000000000e+00,0.000000000000000000e+00
1.911928116461071525e+01,0.000000000000000000e+00,0.000000000000000000e+00
2.157932738959648944e+01,0.000000000000000000e+00,0.000000000000000000e+00
1.899730734781487484e+01,0.000000000000000000e+00,0.000000000000000000e+00
2.241944102079101597e+01,0.000000000000000000e+00,0.000000000000000000e+00
2.272409335203003167e+01,0.000000000000000000e+00,0.000000000000000000e+00
2.118420574768160236e+01,0.000000000000000000e+00,0.000000000000000000e+00
2.303658178069175833e+01,0.000000000000000000e+00,0.000000000000000000e+00
2.042348631246265356e+01,0.000000000000000000e+00,0.000000000000000000e+00
1.880477351341133030e+01,0.000000000000000000e+00,0.000000000000000000e+00
2.024051045759212641e+01,0.000000000000000000e+00,0.000000000000000000e+00
2.174015059071623668e+01,0.000000000000000000e+00,0.000000000000000000e+00
1.789612756746394595e+01,0.000000000000000000e+00,0.000000000000000000e+00
1.718052135480029818e+01,0.000000000000000000e+00,0.000000000000000000e+00
2.550708162907927345e+01,0.000000000000000000e+00,0.000000000000000000e+00
2.131272648676718617e+01,0.000000000000000000e+00,0.000000000000000000e+00
2.397013120559964960e+01,0.000000000000000000e+00,0.000000000000000000e+00
2.054769600248022954e+01,0.000000000000000000e+00,0.000000000000000000e+00
2.003977758525602226e+01,0.000000000000000000e+00,0.000000000000000000e+00
1.838615307810643529e+01,0.000000000000000000e+00,0.000000000000000000e+00
2.029930915148113613e+01,0.000000000000000000e+00,0.000000000000000000e+00
2.037244632816296175e+01,0.000000000000000000e+00,0.000000000000000000e+00
1.955643944395349720e+01,0.000000000000000000e+00,0.000000000000000000e+00
1.581298587176598858e+01,0.000000000000000000e+00,0.000000000000000000e+00
1.890447318949718891e+01,0.000000000000000000e+00,0.000000000000000000e+00
1.665522787058074528e+01,0.000000000000000000e+00,0.000000000000000000e+00
2.086179209715085392e+01,0.000000000000000000e+00,0.000000000000000000e+00
2.228896782593576376e+01,0.000000000000000000e+00,0.000000000000000000e+00
1.998462074621914653e+01,0.000000000000000000e+00,0.000000000000000000e+00
2.210861584176391403e+01,0.000000000000000000e+00,0.000000000000000000e+00
2.463366822868486494e+01,0.000000000000000000e+00,0.000000000000000000e+00
2.053392638227650124e+01,0.000000000000000000e+00,0.000000000000000000e+00
2.320694132283052724e+01,0.000000000000000000e+00,0.000000000000000000e+00
2.208900238234014779e+01,0.000000000000000000e+00,0.000000000000000000e+00
2.195460499566878099e+01,0.000000000000000000e+00,0.000000000000000000e+00
2.256363677526404388e+01,0.000000000000000000e+00,0.000000000000000000e+00
2.109437365333296910e+01,0.000000000000000000e+00,0.000000000000000000e+00
2.050387672282321461e+01,0.000000000000000000e+00,0.000000000000000000e+00
2.174191669812718786e+01,0.000000000000000000e+00,0.000000000000000000e+00
2.188988061432201349e+01,0.000000000000000000e+00,0.000000000000000000e+00
1.855667677967590024e+01,0.000000000000000000e+00,0.000000000000000000e+00
1.594146641862757008e+01,0.000000000000000000e+00,0.000000000000000000e+00
1.870845910381205002e+01,0.000000000000000000e+00,0.000000000000000000e+00
2.196343607854708324e+01,0.000000000000000000e+00,0.000000000000000000e+00
2.002091140434980332e+01,0.000000000000000000e+00,0.000000000000000000e+00
1.978955514393564741e+01,0.000000000000000000e+00,0.000000000000000000e+00
2.052849104121045087e+01,0.000000000000000000e+00,0.000000000000000000e+00
2.211592881542962630e+01,0.000000000000000000e+00,0.000000000000000000e+00
1.455335455101700681e+01,0.000000000000000000e+00,0.000000000000000000e+00
2.464605597308524665e+01,0.000000000000000000e+00,0.000000000000000000e+00
2.200146956339334281e+01,0.000000000000000000e+00,0.000000000000000000e+00
1.840755997558872892e+01,0.000000000000000000e+00,0.000000000000000000e+00
2.169758928615891946e+01,0.000000000000000000e+00,0.000000000000000000e+00
2.444474100679950013e+01,0.000000000000000000e+00,0.000000000000000000e+00
2.215526278604809818e+01,0.000000000000000000e+00,0.000000000000000000e+00
2.175621134201291795e+01,0.000000000000000000e+00,0.000000000000000000e+00
1.861329486444047632e+01,0.000000000000000000e+00,0.000000000000000000e+00
2.028678452806753540e+01,0.000000000000000000e+00,0.000000000000000000e+00
2.105253049629299866e+01,0.000000000000000000e+00,0.000000000000000000e+00
2.159513112809012370e+01,0.000000000000000000e+00,0.000000000000000000e+00
2.276751298790215827e+01,0.000000000000000000e+00,0.000000000000000000e+00
1.816262210823026990e+01,0.000000000000000000e+00,0.000000000000000000e+00
1.739218340609600943e+01,0.000000000000000000e+00,0.000000000000000000e+00
2.036219950600374418e+01,0.000000000000000000e+00,0.000000000000000000e+00
2.311584437866291708e+01,0.000000000000000000e+00,0.000000000000000000e+00
1.831359563592992146e+01,0.000000000000000000e+00,0.000000000000000000e+00
2.156869016371899761e+01,0.000000000000000000e+00,0.000000000000000000e+00
1.807488257548212474e+01,0.000000000000000000e+00,0.000000000000000000e+00
1.978774446288429090e+01,0.000000000000000000e+00,0.000000000000000000e+00
2.142646541064420873e+01,0.000000000000000000e+00,0.000000000000000000e+00
2.284220289414618321e+01,0.000000000000000000e+00,0.000000000000000000e+00
2.234923967713109150e+01,0.000000000000000000e+00,0.000000000000000000e+00
2.214299761631123431e+01,0.000000000000000000e+00,0.000000000000000000e+00
2.111821343644729865e+01,0.000000000000000000e+00,0.000000000000000000e+00
2.069349320489988742e+01,0.000000000000000000e+00,0.000000000000000000e+00
2.126526958186343563e+01,0.000000000000000000e+00,0.000000000000000000e+00
2.197631660089648875e+01,0.000000000000000000e+00,0.000000000000000000e+00
2.046613123603026096e+01,0.000000000000000000e+00,0.000000000000000000e+00
2.349978907919792093e+01,0.000000000000000000e+00,0.000000000000000000e+00
2.132580692746708806e+01,0.000000000000000000e+00,0.000000000000000000e+00
2.386138981246958579e+01,0.000000000000000000e+00,0.000000000000000000e+00
2.389995225839463799e+01,0.000000000000000000e+00,0.000000000000000000e+00
2.415302039233411691e+01,0.000000000000000000e+00,0.000000000000000000e+00
2.181228406580367007e+01,0.000000000000000000e+00,0.000000000000000000e+00
2.219487145741346623e+01,0.000000000000000000e+00,0.000000000000000000e+00
2.135122888092385196e+01,0.000000000000000000e+00,0.000000000000000000e+00
2.347793458929655230e+01,0.000000000000000000e+00,0.000000000000000000e+00
2.140783751673716395e+01,0.000000000000000000e+00,0.000000000000000000e+00
2.159894824813921943e+01,0.000000000000000000e+00,0.000000000000000000e+00
2.258596358705300844e+01,0.000000000000000000e+00,0.000000000000000000e+00
2.172903121209139954e+01,0.000000000000000000e+00,0.000000000000000000e+00
2.217114573301111236e+01,0.000000000000000000e+00,0.000000000000000000e+00
1.979356864603290589e+01,0.000000000000000000e+00,0.000000000000000000e+00
2.323132683126078746e+01,0.000000000000000000e+00,0.000000000000000000e+00
2.279202917865055511e+01,0.000000000000000000e+00,0.000000000000000000e+00
2.270258544475169415e+01,0.000000000000000000e+00,0.000000000000000000e+00
2.058335884645794067e+01,0.000000000000000000e+00,0.000000000000000000e+00
2.101491795731853429e+01,0.000000000000000000e+00,0.000000000000000000e+00
2.035998521407959316e+01,0.000000000000000000e+00,0.000000000000000000e+00
2.351587873449759059e+01,0.000000000000000000e+00,0.000000000000000000e+00
2.181606696897869568e+01,0.000000000000000000e+00,0.000000000000000000e+00
2.273909004061604122e+01,0.000000000000000000e+00,0.000000000000000000e+00
1.989833544280427446e+01,0.000000000000000000e+00,0.000000000000000000e+00
2.046099993350132351e+01,0.000000000000000000e+00,0.000000000000000000e+00
2.243351222614549201e+01,0.000000000000000000e+00,0.000000000000000000e+00
2.381845326150127562e+01,0.000000000000000000e+00,0.000000000000000000e+00
2.658372199779011780e+01,0.000000000000000000e+00,0.000000000000000000e+00
2.673257257643078688e+01,0.000000000000000000e+00,0.000000000000000000e+00
2.185193510358065794e+01,0.000000000000000000e+00,0.000000000000000000e+00
2.303594819509928016e+01,0.000000000000000000e+00,0.000000000000000000e+00
2.073004041816439980e+01,0.000000000000000000e+00,0.000000000000000000e+00
2.151423402257010409e+01,0.000000000000000000e+00,0.000000000000000000e+00
2.015660780935028029e+01,0.000000000000000000e+00,0.000000000000000000e+00
1.963407852681386245e+01,0.000000000000000000e+00,0.000000000000000000e+00
2.647412286800485504e+01,0.000000000000000000e+00,0.000000000000000000e+00
2.031284725829380378e+01,0.000000000000000000e+00,0.000000000000000000e+00
2.269248281816737034e+01,0.000000000000000000e+00,0.000000000000000000e+00
2.124058372250430082e+01,0.000000000000000000e+00,0.000000000000000000e+00
2.517297519838224673e+01,0.000000000000000000e+00,0.000000000000000000e+00
2.185365838756246859e+01,0.000000000000000000e+00,0.000000000000000000e+00
2.075073185357925709e+01,0.000000000000000000e+00,0.000000000000000000e+00
2.262254030404447036e+01,0.000000000000000000e+00,0.000000000000000000e+00
1.837724086748012198e+01,0.000000000000000000e+00,0.000000000000000000e+00
2.237926239023621022e+01,0.000000000000000000e+00,0.000000000000000000e+00
2.578105436661672911e+01,0.000000000000000000e+00,0.000000000000000000e+00
2.301871320866425563e+01,0.000000000000000000e+00,0.000000000000000000e+00
2.165201650536845079e+01,0.000000000000000000e+00,0.000000000000000000e+00
1.857935336635108570e+01,0.000000000000000000e+00,0.000000000000000000e+00
2.223912418734610696e+01,0.000000000000000000e+00,0.000000000000000000e+00
2.114689262706354000e+01,0.000000000000000000e+00,0.000000000000000000e+00
2.427895473427851059e+01,0.000000000000000000e+00,0.000000000000000000e+00
2.254803488859623428e+01,0.000000000000000000e+00,0.000000000000000000e+00
2.573314629484373484e+01,0.000000000000000000e+00,0.000000000000000000e+00
2.483880549180191366e+01,0.000000000000000000e+00,0.000000000000000000e+00
1.943018602928263761e+01,0.000000000000000000e+00,0.000000000000000000e+00
2.441134636371149824e+01,0.000000000000000000e+00,0.000000000000000000e+00
2.491827889092454384e+01,0.000000000000000000e+00,0.000000000000000000e+00
2.322546435704549239e+01,0.000000000000000000e+00,0.000000000000000000e+00
2.180947355329753279e+01,0.000000000000000000e+00,0.000000000000000000e+00
2.691938713084191193e+01,0.000000000000000000e+00,0.000000000000000000e+00
1.989460832960890357e+01,0.000000000000000000e+00,0.000000000000000000e+00
2.094510730565674095e+01,0.000000000000000000e+00,0.000000000000000000e+00
2.477902234408512427e+01,0.000000000000000000e+00,0.000000000000000000e+00
2.079692847651843124e+01,0.000000000000000000e+00,0.000000000000000000e+00
2.582954460790100981e+01,0.000000000000000000e+00,0.000000000000000000e+00
2.403896747422141544e+01,0.000000000000000000e+00,0.000000000000000000e+00
2.516092167993773998e+01,0.000000000000000000e+00,0.000000000000000000e+00
2.256081683410725347e+01,0.000000000000000000e+00,0.000000000000000000e+00
2.154054924745621236e+01,0.000000000000000000e+00,0.000000000000000000e+00
2.431371871974799603e+01,0.000000000000000000e+00,0.000000000000000000e+00
2.140592669344831833e+01,0.000000000000000000e+00,0.000000000000000000e+00
2.483899350456270483e+01,0.000000000000000000e+00,0.000000000000000000e+00
2.052314468027898897e+01,0.000000000000000000e+00,0.000000000000000000e+00
2.337620710727245310e+01,0.000000000000000000e+00,0.000000000000000000e+00
2.260356457848174827e+01,0.000000000000000000e+00,0.000000000000000000e+00
2.241195613624874028e+01,0.000000000000000000e+00,0.000000000000000000e+00
2.565239254390413848e+01,0.000000000000000000e+00,0.000000000000000000e+00
2.441331566853434154e+01,0.000000000000000000e+00,0.000000000000000000e+00
2.600837496675269733e+01,0.000000000000000000e+00,0.000000000000000000e+00
2.329152719230206259e+01,0.000000000000000000e+00,0.000000000000000000e+00
2.260205687548743470e+01,0.000000000000000000e+00,0.000000000000000000e+00
2.312783370815899175e+01,0.000000000000000000e+00,0.000000000000000000e+00
2.452098446710728297e+01,0.000000000000000000e+00,0.000000000000000000e+00
2.076286765157210823e+01,0.000000000000000000e+00,0.000000000000000000e+00
2.021534911845171933e+01,0.000000000000000000e+00,0.000000000000000000e+00
2.245691459459108685e+01,0.000000000000000000e+00,0.000000000000000000e+00
2.612102948660131219e+01,0.000000000000000000e+00,0.000000000000000000e+00
2.339626641803259233e+01,0.000000000000000000e+00,0.000000000000000000e+00
2.357822399752011222e+01,0.000000000000000000e+00,0.000000000000000000e+00
2.293659649797779565e+01,0.000000000000000000e+00,0.000000000000000000e+00
2.584196185955164538e+01,0.000000000000000000e+00,0.000000000000000000e+00
2.685146114056496813e+01,0.000000000000000000e+00,0.000000000000000000e+00
2.314109864453879695e+01,0.000000000000000000e+00,0.000000000000000000e+00
2.388212852216832971e+01,0.000000000000000000e+00,0.000000000000000000e+00
2.030787031963733114e+01,0.000000000000000000e+00,0.000000000000000000e+00
2.618985279303332447e+01,0.000000000000000000e+00,0.000000000000000000e+00
2.210608215214391947e+01,0.000000000000000000e+00,0.000000000000000000e+00
2.505504959042800195e+01,0.000000000000000000e+00,0.000000000000000000e+00
2.350562319954784130e+01,0.000000000000000000e+00,0.000000000000000000e+00
2.702612782257645918e+01,0.000000000000000000e+00,0.000000000000000000e+00
2.528711139575948152e+01,0.000000000000000000e+00,0.000000000000000000e+00
2.119488293169860071e+01,0.000000000000000000e+00,0.000000000000000000e+00
2.644066378403691786e+01,0.000000000000000000e+00,0.000000000000000000e+00
2.677163277354484805e+01,0.000000000000000000e+00,0.000000000000000000e+00
2.704663900521640940e+01,0.000000000000000000e+00,0.000000000000000000e+00
2.576996694706571134e+01,0.000000000000000000e+00,0.000000000000000000e+00
2.502047218382059413e+01,0.000000000000000000e+00,0.000000000000000000e+00
2.794333570271147948e+01,0.000000000000000000e+00,0.000000000000000000e+00
2.593446448712492725e+01,0.000000000000000000e+00,0.000000000000000000e+00
2.577912934625160091e+01,0.000000000000000000e+00,0.000000000000000000e+00
2.631225740653337297e+01,0.000000000000000000e+00,0.000000000000000000e+00
2.474198799254902781e+01,0.000000000000000000e+00,0.000000000000000000e+00
2.720098692765162340e+01,0.000000000000000000e+00,0.000000000000000000e+00
2.556659087728997193e+01,0.000000000000000000e+00,0.000000000000000000e+00
2.441973328144726452e+01,0.000000000000000000e+00,0.000000000000000000e+00
2.520339088186746679e+01,0.000000000000000000e+00,0.000000000000000000e+00
2.561906661835435983e+01,0.000000000000000000e+00,0.000000000000000000e+00
2.575741045026655129e+01,0.000000000000000000e+00,0.000000000000000000e+00
2.754117167296694291e+01,0.000000000000000000e+00,0.000000000000000000e+00
2.494321351525088559e+01,0.000000000000000000e+00,0.000000000000000000e+00
2.559654244693053826e+01,0.000000000000000000e+00,0.000000000000000000e+00
2.517972254330919668e+01,0.000000000000000000e+00,0.000000000000000000e+00
2.377554481791548113e+01,0.000000000000000000e+00,0.000000000000000000e+00
2.595586100319219369e+01,0.000000000000000000e+00,0.000000000000000000e+00
2.559431740993456117e+01,0.000000000000000000e+00,0.000000000000000000e+00
2.355433821484469448e+01,0.000000000000000000e+00,0.000000000000000000e+00
2.763160165229789911e+01,0.000000000000000000e+00,0.000000000000000000e+00
2.361085228450733098e+01,0.000000000000000000e+00,0.000000000000000000e+00
2.770351806503912684e+01,0.000000000000000000e+00,0.000000000000000000e+00
2.772065238874387560e+01,0.000000000000000000e+00,0.000000000000000000e+00
2.468811189086513025e+01,0.000000000000000000e+00,0.000000000000000000e+00
2.916271290034044839e+01,0.000000000000000000e+00,0.000000000000000000e+00
2.741972466303755596e+01,0.000000000000000000e+00,0.000000000000000000e+00
2.620694874704646438e+01,0.000000000000000000e+00,0.000000000000000000e+00
2.752714048549119497e+01,0.000000000000000000e+00,0.000000000000000000e+00
2.433871727075383973e+01,0.000000000000000000e+00,0.000000000000000000e+00
2.755906029212133745e+01,0.000000000000000000e+00,0.000000000000000000e+00
2.722533763766630699e+01,0.000000000000000000e+00,0.000000000000000000e+00
2.554940605132851772e+01,0.000000000000000000e+00,0.000000000000000000e+00
2.836240550112156811e+01,0.000000000000000000e+00,0.000000000000000000e+00
2.519767425859772203e+01,0.000000000000000000e+00,0.000000000000000000e+00
2.830329491125570485e+01,0.000000000000000000e+00,0.000000000000000000e+00
2.743628748311382282e+01,0.000000000000000000e+00,0.000000000000000000e+00
2.241909089795754539e+01,0.000000000000000000e+00,0.000000000000000000e+00
2.553864538065722201e+01,0.000000000000000000e+00,0.000000000000000000e+00
2.676790037985888659e+01,0.000000000000000000e+00,0.000000000000000000e+00
2.751125831560195323e+01,0.000000000000000000e+00,0.000000000000000000e+00
2.905549975361334702e+01,0.000000000000000000e+00,0.000000000000000000e+00
2.662034339765828506e+01,0.000000000000000000e+00,0.000000000000000000e+00
2.746815178955192849e+01,0.000000000000000000e+00,0.000000000000000000e+00
2.902399350800135736e+01,0.000000000000000000e+00,0.000000000000000000e+00
2.850408360567305976e+01,0.000000000000000000e+00,0.000000000000000000e+00
2.981688722701417049e+01,0.000000000000000000e+00,0.000000000000000000e+00
2.578747316703720571e+01,0.000000000000000000e+00,0.000000000000000000e+00
2.565889039403274197e+01,0.000000000000000000e+00,0.000000000000000000e+00
2.682522982547017776e+01,0.000000000000000000e+00,0.000000000000000000e+00
2.524938523108620458e+01,0.000000000000000000e+00,0.000000000000000000e+00
3.092597420570529465e+01,0.000000000000000000e+00,0.000000000000000000e+00
2.848594100480324443e+01,0.000000000000000000e+00,0.000000000000000000e+00
2.687830805323242345e+01,0.000000000000000000e+00,0.000000000000000000e+00
2.923388776268106781e+01,0.000000000000000000e+00,0.000000000000000000e+00
3.189701272639466367e+01,0.000000000000000000e+00,0.000000000000000000e+00
3.022363676470857641e+01,0.000000000000000000e+00,0.000000000000000000e+00
2.964230017004877027e+01,0.000000000000000000e+00,0.000000000000000000e+00
2.789619747856236387e+01,0.000000000000000000e+00,0.000000000000000000e+00
3.045880336862392568e+01,0.000000000000000000e+00,0.000000000000000000e+00
2.907695742720670040e+01,0.000000000000000000e+00,0.000000000000000000e+00
2.747009221766857223e+01,0.000000000000000000e+00,0.000000000000000000e+00
2.631674571345198999e+01,0.000000000000000000e+00,0.000000000000000000e+00
2.907240338943084268e+01,0.000000000000000000e+00,0.000000000000000000e+00
2.510496636738648490e+01,0.000000000000000000e+00,0.000000000000000000e+00
3.172487646508851356e+01,0.000000000000000000e+00,0.000000000000000000e+00
2.931942489800742280e+01,0.000000000000000000e+00,0.000000000000000000e+00
2.824326981235943990e+01,0.000000000000000000e+00,0.000000000000000000e+00
2.753895395371737465e+01,0.000000000000000000e+00,0.000000000000000000e+00
2.720141012033782602e+01,0.000000000000000000e+00,0.000000000000000000e+00
2.963343019753386187e+01,0.000000000000000000e+00,0.000000000000000000e+00
3.268842004510043608e+01,0.000000000000000000e+00,0.000000000000000000e+00
2.841979657511383550e+01,0.000000000000000000e+00,0.000000000000000000e+00
2.857071980865789840e+01,0.000000000000000000e+00,0.000000000000000000e+00
2.936947132343367173e+01,0.000000000000000000e+00,0.000000000000000000e+00
2.932274114498146389e+01,0.000000000000000000e+00,0.000000000000000000e+00
2.879179422850761938e+01,0.000000000000000000e+00,0.000000000000000000e+00
2.866718625603343185e+01,0.000000000000000000e+00,0.000000000000000000e+00
2.958140379120751362e+01,0.000000000000000000e+00,0.000000000000000000e+00
2.846738004600399918e+01,0.000000000000000000e+00,0.000000000000000000e+00
2.910553254867589246e+01,0.000000000000000000e+00,0.000000000000000000e+00
2.962974952386569782e+01,0.000000000000000000e+00,0.000000000000000000e+00
3.035905161249269923e+01,0.000000000000000000e+00,0.000000000000000000e+00
3.070507849512860332e+01,0.000000000000000000e+00,0.000000000000000000e+00
2.518258196280292083e+01,0.000000000000000000e+00,0.000000000000000000e+00
2.867867046016528576e+01,0.000000000000000000e+00,0.000000000000000000e+00
3.234340482869506417e+01,0.000000000000000000e+00,0.000000000000000000e+00
2.750186800722159219e+01,0.000000000000000000e+00,0.000000000000000000e+00
2.902702338927543124e+01,0.000000000000000000e+00,0.000000000000000000e+00
2.809652514980954052e+01,0.000000000000000000e+00,0.000000000000000000e+00
3.102224481017671920e+01,0.000000000000000000e+00,0.000000000000000000e+00
2.763317650882780185e+01,0.000000000000000000e+00,0.000000000000000000e+00
2.790605323386901304e+01,0.000000000000000000e+00,0.000000000000000000e+00
3.020314180207754262e+01,0.000000000000000000e+00,0.000000000000000000e+00
2.848614891650460379e+01,0.000000000000000000e+00,0.000000000000000000e+00
3.027638198215099052e+01,0.000000000000000000e+00,0.000000000000000000e+00
3.140299571825914171e+01,0.000000000000000000e+00,0.000000000000000000e+00
3.303193007128594871e+01,0.000000000000000000e+00,0.000000000000000000e+00
3.060481103157663085e+01,0.000000000000000000e+00,0.000000000000000000e+00
3.252090398873680499e+01,0.000000000000000000e+00,0.000000000000000000e+00
2.794761798639027006e+01,0.000000000000000000e+00,0.000000000000000000e+00
3.054714399597383689e+01,0.000000000000000000e+00,0.000000000000000000e+00
2.752478432912113959e+01,0.000000000000000000e+00,0.000000000000000000e+00
3.341603236178583813e+01,0.000000000000000000e+00,0.000000000000000000e+00
2.907062586967240136e+01,0.000000000000000000e+00,0.000000000000000000e+00
3.188512146090930344e+01,0.000000000000000000e+00,0.000000000000000000e+00
3.168861005861547397e+01,0.000000000000000000e+00,0.000000000000000000e+00
3.031608753407710566e+01,0.000000000000000000e+00,0.000000000000000000e+00
3.194882666240886948e+01,0.000000000000000000e+00,0.000000000000000000e+00
3.040603686968498209e+01,0.000000000000000000e+00,0.000000000000000000e+00
2.962140756297791455e+01,0.000000000000000000e+00,0.000000000000000000e+00
3.130337513338909261e+01,0.000000000000000000e+00,0.000000000000000000e+00
3.097107355989875543e+01,0.000000000000000000e+00,0.000000000000000000e+00
3.176659416530301172e+01,0.000000000000000000e+00,0.000000000000000000e+00
3.387769870060227362e+01,0.000000000000000000e+00,0.000000000000000000e+00
3.423280082016430015e+01,0.000000000000000000e+00,0.000000000000000000e+00
3.017106685566881197e+01,0.000000000000000000e+00,0.000000000000000000e+00
3.698505220508344138e+01,0.000000000000000000e+00,0.000000000000000000e+00
3.134183103191691444e+01,0.000000000000000000e+00,0.000000000000000000e+00
3.534269466714331998e+01,0.000000000000000000e+00,0.000000000000000000e+00
3.456835515378742940e+01,0.000000000000000000e+00,0.000000000000000000e+00
2.950568922211387957e+01,0.000000000000000000e+00,0.000000000000000000e+00
3.588779406976036768e+01,0.000000000000000000e+00,0.000000000000000000e+00
3.358268620461038978e+01,0.000000000000000000e+00,0.000000000000000000e+00
3.138751650885643940e+01,0.000000000000000000e+00,0.000000000000000000e+00
2.807954285629404012e+01,0.000000000000000000e+00,0.000000000000000000e+00
3.061657875454733713e+01,0.000000000000000000e+00,0.000000000000000000e+00
3.061652533007658050e+01,0.000000000000000000e+00,0.000000000000000000e+00
3.124684281727981272e+01,0.000000000000000000e+00,0.000000000000000000e+00
3.578503593886464529e+01,0.000000000000000000e+00,0.000000000000000000e+00
3.273176018150770261e+01,0.000000000000000000e+00,0.000000000000000000e+00
3.373358274415642200e+01,0.000000000000000000e+00,0.000000000000000000e+00
3.216088678968810655e+01,0.000000000000000000e+00,0.000000000000000000e+00
3.295351985971777964e+01,0.000000000000000000e+00,0.000000000000000000e+00
2.940591403664350523e+01,0.000000000000000000e+00,0.000000000000000000e+00
3.520266850848795315e+01,0.000000000000000000e+00,0.000000000000000000e+00
3.363447052025525608e+01,0.000000000000000000e+00,0.000000000000000000e+00
3.338545591471066842e+01,0.000000000000000000e+00,0.000000000000000000e+00
3.352699880718402170e+01,0.000000000000000000e+00,0.000000000000000000e+00
3.322717708903064704e+01,0.000000000000000000e+00,0.000000000000000000e+00
3.526109309961373839e+01,0.000000000000000000e+00,0.000000000000000000e+00
3.474165554661104238e+01,0.000000000000000000e+00,0.000000000000000000e+00
3.207850416042917630e+01,0.000000000000000000e+00,0.000000000000000000e+00
3.571834275505855061e+01,0.000000000000000000e+00,0.000000000000000000e+00
3.190851485508675367e+01,0.000000000000000000e+00,0.000000000000000000e+00
3.414387222284351253e+01,0.000000000000000000e+00,0.000000000000000000e+00
3.349811316254400140e+01,0.000000000000000000e+00,0.000000000000000000e+00
3.252752089150655479e+01,0.000000000000000000e+00,0.000000000000000000e+00
3.467172535714360748e+01,0.000000000000000000e+00,0.000000000000000000e+00
2.911497732974039820e+01,0.000000000000000000e+00,0.000000000000000000e+00
3.311526509044637123e+01,0.000000000000000000e+00,0.000000000000000000e+00
3.091666993157174304e+01,0.000000000000000000e+00,0.000000000000000000e+00
3.382362633460883927e+01,0.000000000000000000e+00,0.000000000000000000e+00
3.481446671393390346e+01,0.000000000000000000e+00,0.000000000000000000e+00
3.091843208410146460e+01,0.000000000000000000e+00,0.000000000000000000e+00
3.434454687631974679e+01,0.000000000000000000e+00,0.000000000000000000e+00
3.064699866831715624e+01,0.000000000000000000e+00,0.000000000000000000e+00
3.735244765813126122e+01,0.000000000000000000e+00,0.000000000000000000e+00
3.126025390937586934e+01,0.000000000000000000e+00,0.000000000000000000e+00
3.865344366524232100e+01,0.000000000000000000e+00,0.000000000000000000e+00
3.191611959945063859e+01,0.000000000000000000e+00,0.000000000000000000e+00
3.529388914323881465e+01,0.000000000000000000e+00,0.000000000000000000e+00
3.763225081221789736e+01,0.000000000000000000e+00,0.000000000000000000e+00
3.838670594083990295e+01,0.000000000000000000e+00,0.000000000000000000e+00
3.178938115389354024e+01,0.000000000000000000e+00,0.000000000000000000e+00
3.286828342776571077e+01,0.000000000000000000e+00,0.000000000000000000e+00
3.303626772165368664e+01,0.000000000000000000e+00,0.000000000000000000e+00
3.155180914441123718e+01,0.000000000000000000e+00,0.000000000000000000e+00
3.566855492298668651e+01,0.000000000000000000e+00,0.000000000000000000e+00
3.370714404096801076e+01,0.000000000000000000e+00,0.000000000000000000e+00
3.889396246463758899e+01,0.000000000000000000e+00,0.000000000000000000e+00
3.496113105951378230e+01,0.000000000000000000e+00,0.000000000000000000e+00
3.672496810409728596e+01,0.000000000000000000e+00,0.000000000000000000e+00
3.605168790194208839e+01,0.000000000000000000e+00,0.000000000000000000e+00
3.336457198651921630e+01,0.000000000000000000e+00,0.000000000000000000e+00
3.688210163040854184e+01,0.000000000000000000e+00,0.000000000000000000e+00
3.249680430977773682e+01,0.000000000000000000e+00,0.000000000000000000e+00
3.875631332903139992e+01,0.000000000000000000e+00,0.000000000000000000e+00
3.610087578732577640e+01,0.000000000000000000e+00,0.000000000000000000e+00
4.000825828323946354e+01,0.000000000000000000e+00,0.000000000000000000e+00
3.970999971188409461e+01,0.000000000000000000e+00,0.000000000000000000e+00
3.478472485634383560e+01,0.000000000000000000e+00,0.000000000000000000e+00
3.928413143926213280e+01,0.000000000000000000e+00,0.000000000000000000e+00
3.501436890966885329e+01,0.000000000000000000e+00,0.000000000000000000e+00
3.393255132468567581e+01,0.000000000000000000e+00,0.000000000000000000e+00
3.527577302969658746e+01,0.000000000000000000e+00,0.000000000000000000e+00
3.503926120438799074e+01,0.000000000000000000e+00,0.000000000000000000e+00
3.874451271042977396e+01,0.000000000000000000e+00,0.000000000000000000e+00
3.618235127298024878e+01,0.000000000000000000e+00,0.000000000000000000e+00
3.540790087461790847e+01,0.000000000000000000e+00,0.000000000000000000e+00
3.628314896968299053e+01,0.000000000000000000e+00,0.000000000000000000e+00
3.648136291545240795e+01,0.000000000000000000e+00,0.000000000000000000e+00
3.428365563579198039e+01,0.000000000000000000e+00,0.000000000000000000e+00
3.680650351330866243e+01,0.000000000000000000e+00,0.000000000000000000e+00
4.019877851621085796e+01,0.000000000000000000e+00,0.000000000000000000e+00
4.033713759787071496e+01,0.000000000000000000e+00,0.000000000000000000e+00
3.726379710427500669e+01,0.000000000000000000e+00,0.000000000000000000e+00
3.727335218947649764e+01,0.000000000000000000e+00,0.000000000000000000e+00
4.024726518187853941e+01,0.000000000000000000e+00,0.000000000000000000e+00
3.300064786267294892e+01,0.000000000000000000e+00,0.000000000000000000e+00
3.519869913780563309e+01,0.000000000000000000e+00,0.000000000000000000e+00
3.827750526492486216e+01,0.000000000000000000e+00,0.000000000000000000e+00
3.605060233132916636e+01,0.000000000000000000e+00,0.000000000000000000e+00
3.799868739612423241e+01,0.000000000000000000e+00,0.000000000000000000e+00
3.977103262503127468e+01,0.000000000000000000e+00,0.000000000000000000e+00
3.511306545023538206e+01,0.000000000000000000e+00,0.000000000000000000e+00
3.891217593464671864e+01,0.000000000000000000e+00,0.000000000000000000e+00
4.340631231662787570e+01,0.000000000000000000e+00,0.000000000000000000e+00
3.984247505376533383e+01,0.000000000000000000e+00,0.000000000000000000e+00
3.620185182479623620e+01,0.000000000000000000e+00,0.000000000000000000e+00
3.731240824611839457e+01,0.000000000000000000e+00,0.000000000000000000e+00
3.882905788603715536e+01,0.000000000000000000e+00,0.000000000000000000e+00
3.646829380674309817e+01,0.000000000000000000e+00,0.000000000000000000e+00
3.698602903235477868e+01,0.000000000000000000e+00,0.000000000000000000e+00
3.668663038719517999e+01,0.000000000000000000e+00,0.000000000000000000e+00
4.092117934268740953e+01,0.000000000000000000e+00,0.000000000000000000e+00
3.840837312463666109e+01,0.000000000000000000e+00,0.000000000000000000e+00
3.465811963196129852e+01,0.000000000000000000e+00,0.000000000000000000e+00
3.594168354921486497e+01,0.000000000000000000e+00,0.000000000000000000e+00
4.079498669693030166e+01,0.000000000000000000e+00,0.000000000000000000e+00
4.202977560536886159e+01,0.000000000000000000e+00,0.000000000000000000e+00
3.993446585512328539e+01,0.000000000000000000e+00,0.000000000000000000e+00
3.900199399964847657e+01,0.000000000000000000e+00,0.000000000000000000e+00
3.814413869791755474e+01,0.000000000000000000e+00,0.000000000000000000e+00
4.138360465588914394e+01,0.000000000000000000e+00,0.000000000000000000e+00
3.965434213731857227e+01,0.000000000000000000e+00,0.000000000000000000e+00
3.866428311729531941e+01,0.000000000000000000e+00,0.000000000000000000e+00
3.855508130874227390e+01,0.000000000000000000e+00,0.000000000000000000e+00
4.342177257269618451e+01,0.000000000000000000e+00,0.000000000000000000e+00
4.049553324655866504e+01,0.000000000000000000e+00,0.000000000000000000e+00
3.881179429637979439e+01,0.000000000000000000e+00,0.000000000000000000e+00
3.844468670689807510e+01,0.000000000000000000e+00,0.000000000000000000e+00
4.186781704825548189e+01,0.000000000000000000e+00,0.000000000000000000e+00
3.954296647403623410e+01,0.000000000000000000e+00,0.000000000000000000e+00
4.103564152130833520e+01,0.000000000000000000e+00,0.000000000000000000e+00
4.004540769575928749e+01,0.000000000000000000e+00,0.000000000000000000e+00
4.030910593940724596e+01,0.000000000000000000e+00,0.000000000000000000e+00
4.392545625492446248e+01,0.000000000000000000e+00,0.000000000000000000e+00
3.997216509745973667e+01,0.000000000000000000e+00,0.000000000000000000e+00
4.057126010411165851e+01,0.000000000000000000e+00,0.000000000000000000e+00
3.953910338357469101e+01,0.000000000000000000e+00,0.000000000000000000e+00
3.866693794181649935e+01,0.000000000000000000e+00,0.000000000000000000e+00
4.206289637490864664e+01,0.000000000000000000e+00,0.000000000000000000e+00
3.891921076345542474e+01,0.000000000000000000e+00,0.000000000000000000e+00
3.914926232126102690e+01,0.000000000000000000e+00,0.000000000000000000e+00
4.076316345582473133e+01,0.000000000000000000e+00,0.000000000000000000e+00
4.177979438493458986e+01,0.000000000000000000e+00,0.000000000000000000e+00
4.641549841464767923e+01,0.000000000000000000e+00,0.000000000000000000e+00
4.189685601146133109e+01,0.000000000000000000e+00,0.000000000000000000e+00
4.232508415649529354e+01,0.000000000000000000e+00,0.000000000000000000e+00
4.079430670418711458e+01,0.000000000000000000e+00,0.000000000000000000e+00
4.268949404931463931e+01,0.000000000000000000e+00,0.000000000000000000e+00
4.115203768459981148e+01,0.000000000000000000e+00,0.000000000000000000e+00
4.082409206943484747e+01,0.000000000000000000e+00,0.000000000000000000e+00
3.916905896082279526e+01,0.000000000000000000e+00,0.000000000000000000e+00
4.247005817627211854e+01,0.000000000000000000e+00,0.000000000000000000e+00
4.035222048035912223e+01,0.000000000000000000e+00,0.000000000000000000e+00
4.391152464489002938e+01,0.000000000000000000e+00,0.000000000000000000e+00
4.201796773032054944e+01,0.000000000000000000e+00,0.000000000000000000e+00
4.268380086086207825e+01,0.000000000000000000e+00,0.000000000000000000e+00
4.229459876136246521e+01,0.000000000000000000e+00,0.000000000000000000e+00
4.508055854486565295e+01,0.000000000000000000e+00,0.000000000000000000e+00
4.073967050692796477e+01,0.000000000000000000e+00,0.000000000000000000e+00
4.310228913700305498e+01,0.000000000000000000e+00,0.000000000000000000e+00
4.031501590407904700e+01,0.000000000000000000e+00,0.000000000000000000e+00
4.290653121909075196e+01,0.000000000000000000e+00,0.000000000000000000e+00
4.198235622609227136e+01,0.000000000000000000e+00,0.000000000000000000e+00
4.369222200379858378e+01,0.000000000000000000e+00,0.000000000000000000e+00
4.444035801658804985e+01,0.000000000000000000e+00,0.000000000000000000e+00
4.122692234609288420e+01,0.000000000000000000e+00,0.000000000000000000e+00
4.506730013327126017e+01,0.000000000000000000e+00,0.000000000000000000e+00
4.647327703971010493e+01,0.000000000000000000e+00,0.000000000000000000e+00
4.159128732651429772e+01,0.000000000000000000e+00,0.000000000000000000e+00
4.180520229538094412e+01,0.000000000000000000e+00,0.000000000000000000e+00
3.880657615326099119e+01,0.000000000000000000e+00,0.000000000000000000e+00
4.424226203398544754e+01,0.000000000000000000e+00,0.000000000000000000e+00
3.986463957935542624e+01,0.000000000000000000e+00,0.000000000000000000e+00
4.003722686810723275e+01,0.000000000000000000e+00,0.000000000000000000e+00
4.274890940722538346e+01,0.000000000000000000e+00,0.000000000000000000e+00
4.317352450664890995e+01,0.000000000000000000e+00,0.000000000000000000e+00
4.288677565712130502e+01,0.000000000000000000e+00,0.000000000000000000e+00
4.526269990474729354e+01,0.000000000000000000e+00,0.000000000000000000e+00
4.394400849092723860e+01,0.000000000000000000e+00,0.000000000000000000e+00
4.597135678459981989e+01,0.000000000000000000e+00,0.000000000000000000e+00
4.758079465063880775e+01,0.000000000000000000e+00,0.000000000000000000e+00
4.583594062103995981e+01,0.000000000000000000e+00,0.000000000000000000e+00
4.539541090939840728e+01,0.000000000000000000e+00,0.000000000000000000e+00
4.762515060894016727e+01,0.000000000000000000e+00,0.000000000000000000e+00
4.424907410012343689e+01,0.000000000000000000e+00,0.000000000000000000e+00
4.702017121120966436e+01,0.000000000000000000e+00,0.000000000000000000e+00
4.438033478139163890e+01,0.000000000000000000e+00,0.000000000000000000e+00
4.141271823894481230e+01,0.000000000000000000e+00,0.000000000000000000e+00
4.794107673063632546e+01,0.000000000000000000e+00,0.000000000000000000e+00
4.851590741404604756e+01,0.000000000000000000e+00,0.000000000000000000e+00
4.331542160565011557e+01,0.000000000000000000e+00,0.000000000000000000e+00
4.640625420844664006e+01,0.000000000000000000e+00,0.000000000000000000e+00
4.199994307619910927e+01,0.000000000000000000e+00,0.000000000000000000e+00
4.698944589736117194e+01,0.000000000000000000e+00,0.000000000000000000e+00
4.749512725961209014e+01,0.000000000000000000e+00,0.000000000000000000e+00
4.698031834639117221e+01,0.000000000000000000e+00,0.000000000000000000e+00
4.557320187797181887e+01,0.000000000000000000e+00,0.000000000000000000e+00
4.662317730652348757e+01,0.000000000000000000e+00,0.000000000000000000e+00
4.943666110218688914e+01,0.000000000000000000e+00,0.000000000000000000e+00
4.227181696764239405e+01,0.000000000000000000e+00,0.000000000000000000e+00
4.362800237044881158e+01,0.000000000000000000e+00,0.000000000000000000e+00
4.509340858778840300e+01,0.000000000000000000e+00,0.000000000000000000e+00
4.366989888001233311e+01,0.000000000000000000e+00,0.000000000000000000e+00
4.892109234361682724e+01,0.000000000000000000e+00,0.000000000000000000e+00
4.613000202511494052e+01,0.000000000000000000e+00,0.000000000000000000e+00
4.642767356086947217e+01,0.000000000000000000e+00,0.000000000000000000e+00
4.793441596373241964e+01,0.000000000000000000e+00,0.000000000000000000e+00
4.557019618010831152e+01,0.000000000000000000e+00,0.000000000000000000e+00
4.475358445627685455e+01,0.000000000000000000e+00,0.000000000000000000e+00
4.567445956542170649e+01,0.000000000000000000e+00,0.000000000000000000e+00
4.950446214155041957e+01,0.000000000000000000e+00,0.000000000000000000e+00
4.595974828382311017e+01,0.000000000000000000e+00,0.000000000000000000e+00
4.612746268859383747e+01,0.000000000000000000e+00,0.000000000000000000e+00
4.846730194817077120e+01,0.000000000000000000e+00,0.000000000000000000e+00
4.757356509590257332e+01,0.000000000000000000e+00,0.000000000000000000e+00
4.354666134209200123e+01,0.000000000000000000e+00,0.000000000000000000e+00
4.487806016506699791e+01,0.000000000000000000e+00,0.000000000000000000e+00
5.024347516947467085e+01,0.000000000000000000e+00,0.000000000000000000e+00
4.892321586334080052e+01,0.000000000000000000e+00,0.000000000000000000e+00
4.560423951088631611e+01,0.000000000000000000e+00,0.000000000000000000e+00
4.654982654194779457e+01,0.000000000000000000e+00,0.000000000000000000e+00
5.002601644427215177e+01,0.000000000000000000e+00,0.000000000000000000e+00
4.657714550652803354e+01,0.000000000000000000e+00,0.000000000000000000e+00
4.696608246931577924e+01,0.000000000000000000e+00,0.000000000000000000e+00
4.524090793751650352e+01,0.000000000000000000e+00,0.000000000000000000e+00
4.597692249308246915e+01,0.000000000000000000e+00,0.000000000000000000e+00
4.950787370374441565e+01,0.000000000000000000e+00,0.000000000000000000e+00
4.827909643681889662e+01,0.000000000000000000e+00,0.000000000000000000e+00
5.036774514783578383e+01,0.000000000000000000e+00,0.000000000000000000e+00
4.688326057873891983e+01,0.000000000000000000e+00,0.000000000000000000e+00
4.726844022045501958e+01,0.000000000000000000e+00,0.000000000000000000e+00
4.547205512591242638e+01,0.000000000000000000e+00,0.000000000000000000e+00
4.651513417718744137e+01,0.000000000000000000e+00,0.000000000000000000e+00
5.128789823128722958e+01,0.000000000000000000e+00,0.000000000000000000e+00
4.980156103295549030e+01,0.000000000000000000e+00,0.000000000000000000e+00
4.777624631425454282e+01,0.000000000000000000e+00,0.000000000000000000e+00
4.559048973613673184e+01,0.000000000000000000e+00,0.000000000000000000e+00
4.733318177869125520e+01,0.000000000000000000e+00,0.000000000000000000e+00
4.927092608599751600e+01,0.000000000000000000e+00,0.000000000000000000e+00
4.877168725889242751e+01,0.000000000000000000e+00,0.000000000000000000e+00
4.954972011934788867e+01,0.000000000000000000e+00,0.000000000000000000e+00
4.853409059949142090e+01,0.000000000000000000e+00,0.000000000000000000e+00
4.901866127747851465e+01,0.000000000000000000e+00,0.000000000000000000e+00
5.089776069209565890e+01,0.000000000000000000e+00,0.000000000000000000e+00
4.768279604247304349e+01,0.000000000000000000e+00,0.000000000000000000e+00
5.154280642176317428e+01,0.000000000000000000e+00,0.000000000000000000e+00
4.875333755732658858e+01,0.000000000000000000e+00,0.000000000000000000e+00
5.164391102631223163e+01,0.000000000000000000e+00,0.000000000000000000e+00
5.196995006393843397e+01,0.000000000000000000e+00,0.000000000000000000e+00
4.798356877596002334e+01,0.000000000000000000e+00,0.000000000000000000e+00
4.720202799666454752e+01,0.000000000000000000e+00,0.000000000000000000e+00
5.081539541673993199e+01,0.000000000000000000e+00,0.000000000000000000e+00
5.024794145459833317e+01,0.000000000000000000e+00,0.000000000000000000e+00
5.316174044688604283e+01,0.000000000000000000e+00,0.000000000000000000e+00
4.911697618637772678e+01,0.000000000000000000e+00,0.000000000000000000e+00
4.975332359245422253e+01,0.000000000000000000e+00,0.000000000000000000e+00
4.839049964354309452e+01,0.000000000000000000e+00,0.000000000000000000e+00
4.956733958736884915e+01,0.000000000000000000e+00,0.000000000000000000e+00
5.365918068542371344e+01,0.000000000000000000e+00,0.000000000000000000e+00
5.141390957051729060e+01,0.000000000000000000e+00,0.000000000000000000e+00
4.959122569840498329e+01,0.000000000000000000e+00,0.000000000000000000e+00
5.173339102862575345e+01,0.000000000000000000e+00,0.000000000000000000e+00
5.134047889842550205e+01,0.000000000000000000e+00,0.000000000000000000e+00
4.993269491403318483e+01,0.000000000000000000e+00,0.000000000000000000e+00
5.070576509422445355e+01,0.000000000000000000e+00,0.000000000000000000e+00
5.095531048234863647e+01,0.000000000000000000e+00,0.000000000000000000e+00
5.148548500115479953e+01,0.000000000000000000e+00,0.000000000000000000e+00
4.679312516551146928e+01,0.000000000000000000e+00,0.000000000000000000e+00
5.602546362104349242e+01,0.000000000000000000e+00,0.000000000000000000e+00
5.266002312929495588e+01,0.000000000000000000e+00,0.000000000000000000e+00
5.234325181661530735e+01,0.000000000000000000e+00,0.000000000000000000e+00
4.944647575636861347e+01,0.000000000000000000e+00,0.000000000000000000e+00
5.104002104927768357e+01,0.000000000000000000e+00,0.000000000000000000e+00
5.409631582553949869e+01,0.000000000000000000e+00,0.000000000000000000e+00
4.978380363566225952e+01,0.000000000000000000e+00,0.000000000000000000e+00
5.430478888330850396e+01,0.000000000000000000e+00,0.000000000000000000e+00
5.021690703461362659e+01,0.000000000000000000e+00,0.000000000000000000e+00
5.431499749353142192e+01,0.000000000000000000e+00,0.000000000000000000e+00
5.257406465469507140e+01,0.000000000000000000e+00,0.000000000000000000e+00
5.524468254090945152e+01,0.000000000000000000e+00,0.000000000000000000e+00
4.953007927499589158e+01,0.000000000000000000e+00,0.000000000000000000e+00
5.685383835618068105e+01,0.000000000000000000e+00,0.000000000000000000e+00
5.601435821392635006e+01,0.000000000000000000e+00,0.000000000000000000e+00
5.230087040929157638e+01,0.000000000000000000e+00,0.000000000000000000e+00
5.042110335198444204e+01,0.000000000000000000e+00,0.000000000000000000e+00
5.218147087391697170e+01,0.000000000000000000e+00,0.000000000000000000e+00
5.314727348488550263e+01,0.000000000000000000e+00,0.000000000000000000e+00
5.601801706406298109e+01,0.000000000000000000e+00,0.000000000000000000e+00
5.352372998875006971e+01,0.000000000000000000e+00,0.000000000000000000e+00
5.613401186324706771e+01,0.000000000000000000e+00,0.000000000000000000e+00
5.566426770996411477e+01,0.000000000000000000e+00,0.000000000000000000e+00
5.154071743111132520e+01,0.000000000000000000e+00,0.000000000000000000e+00
5.378633718922971241e+01,0.000000000000000000e+00,0.000000000000000000e+00
5.469084271769599326e+01,0.000000000000000000e+00,0.000000000000000000e+00
5.045348219800741418e+01,0.000000000000000000e+00,0.000000000000000000e+00
5.104258974022508255e+01,0.000000000000000000e+00,0.000000000000000000e+00
5.154606136784838810e+01,0.000000000000000000e+00,0.000000000000000000e+00
5.082317937534033803e+01,0.000000000000000000e+00,0.000000000000000000e+00
5.110823173181894674e+01,0.000000000000000000e+00,0.000000000000000000e+00
5.109889486856761209e+01,0.000000000000000000e+00,0.000000000000000000e+00
5.289375114754473373e+01,0.000000000000000000e+00,0.000000000000000000e+00
5.415821414367064790e+01,0.000000000000000000e+00,0.000000000000000000e+00
5.379820692802979210e+01,0.000000000000000000e+00,0.000000000000000000e+00
4.940059763035872464e+01,0.000000000000000000e+00,0.000000000000000000e+00
5.384695947588784293e+01,0.000000000000000000e+00,0.000000000000000000e+00
5.530432498608601577e+01,0.000000000000000000e+00,0.000000000000000000e+00
5.261453078073453327e+01,0.000000000000000000e+00,0.000000000000000000e+00
5.749139090737336488e+01,0.000000000000000000e+00,0.000000000000000000e+00
5.575173427292422446e+01,0.000000000000000000e+00,0.000000000000000000e+00
5.553392434353137475e+01,0.000000000000000000e+00,0.000000000000000000e+00
5.240514547274523949e+01,0.000000000000000000e+00,0.000000000000000000e+00
5.661530490011277550e+01,0.000000000000000000e+00,0.000000000000000000e+00
5.165638502290617851e+01,0.000000000000000000e+00,0.000000000000000000e+00
5.814682277836469382e+01,0.000000000000000000e+00,0.000000000000000000e+00
5.188397261209772893e+01,0.000000000000000000e+00,0.000000000000000000e+00
5.781481708794864716e+01,0.000000000000000000e+00,0.000000000000000000e+00
5.726176162391735858e+01,0.000000000000000000e+00,0.000000000000000000e+00
5.568818550763726449e+01,0.000000000000000000e+00,0.000000000000000000e+00
4.998394024586001194e+01,0.000000000000000000e+00,0.000000000000000000e+00
5.490664619360216392e+01,0.000000000000000000e+00,0.000000000000000000e+00
5.489885007319532662e+01,0.000000000000000000e+00,0.000000000000000000e+00
5.738056617292821926e+01,0.000000000000000000e+00,0.000000000000000000e+00
5.758480501262287987e+01,0.000000000000000000e+00,0.000000000000000000e+00
5.815802282691294067e+01,0.000000000000000000e+00,0.000000000000000000e+00
5.296917152621760749e+01,0.000000000000000000e+00,0.000000000000000000e+00
5.501028233981688231e+01,0.000000000000000000e+00,0.000000000000000000e+00
6.003071109787256177e+01,0.000000000000000000e+00,0.000000000000000000e+00
5.703212428636685871e+01,0.000000000000000000e+00,0.000000000000000000e+00
5.725185209261208996e+01,0.000000000000000000e+00,0.000000000000000000e+00
5.689821810271549651e+01,0.000000000000000000e+00,0.000000000000000000e+00
5.880793508436047290e+01,0.000000000000000000e+00,0.000000000000000000e+00
6.149176241684935462e+01,0.000000000000000000e+00,0.000000000000000000e+00
5.895876591196878280e+01,0.000000000000000000e+00,0.000000000000000000e+00
5.222235643648408399e+01,0.000000000000000000e+00,0.000000000000000000e+00
5.630544912555311043e+01,0.000000000000000000e+00,0.000000000000000000e+00
5.703863631360868425e+01,0.000000000000000000e+00,0.000000000000000000e+00
5.810007337055500187e+01,0.000000000000000000e+00,0.000000000000000000e+00
5.720856147520450463e+01,0.000000000000000000e+00,0.000000000000000000e+00
5.447817704063859878e+01,0.000000000000000000e+00,0.000000000000000000e+00
5.553505024499506959e+01,0.000000000000000000e+00,0.000000000000000000e+00
5.352247815132609787e+01,0.000000000000000000e+00,0.000000000000000000e+00
5.659913069352722914e+01,0.000000000000000000e+00,0.000000000000000000e+00
5.634462465706399570e+01,0.000000000000000000e+00,0.000000000000000000e+00
5.687387284540589860e+01,0.000000000000000000e+00,0.000000000000000000e+00
5.828290282490979024e+01,0.000000000000000000e+00,0.000000000000000000e+00
5.660677077138541335e+01,0.000000000000000000e+00,0.000000000000000000e+00
5.595444901197701881e+01,0.000000000000000000e+00,0.000000000000000000e+00
5.932775479175256095e+01,0.000000000000000000e+00,0.000000000000000000e+00
5.820277672657106649e+01,0.000000000000000000e+00,0.000000000000000000e+00
5.917750150748450011e+01,0.000000000000000000e+00,0.000000000000000000e+00
5.818657812403068164e+01,0.000000000000000000e+00,0.000000000000000000e+00
5.752775991671715872e+01,0.000000000000000000e+00,0.000000000000000000e+00
5.576816336353697068e+01,0.000000000000000000e+00,0.000000000000000000e+00
5.810471161132206674e+01,0.000000000000000000e+00,0.000000000000000000e+00
6.036825981633894855e+01,0.000000000000000000e+00,0.000000000000000000e+00
5.641406367284257328e+01,0.000000000000000000e+00,0.000000000000000000e+00
6.022492198843015387e+01,0.000000000000000000e+00,0.000000000000000000e+00
5.440567393941700658e+01,0.000000000000000000e+00,0.000000000000000000e+00
6.251986530463108238e+01,0.000000000000000000e+00,0.000000000000000000e+00
5.831672996028376588e+01,0.000000000000000000e+00,0.000000000000000000e+00
6.031702615553985680e+01,0.000000000000000000e+00,0.000000000000000000e+00
5.578092146606375934e+01,0.000000000000000000e+00,0.000000000000000000e+00
5.850986228431675329e+01,0.000000000000000000e+00,0.000000000000000000e+00
6.062294749546623507e+01,0.000000000000000000e+00,0.000000000000000000e+00
6.130452572702888148e+01,0.000000000000000000e+00,0.000000000000000000e+00
5.922250139983024297e+01,0.000000000000000000e+00,0.000000000000000000e+00
5.784940177194928879e+01,0.000000000000000000e+00,0.000000000000000000e+00
5.823713446984457676e+01,0.000000000000000000e+00,0.000000000000000000e+00
6.048286167050391526e+01,0.000000000000000000e+00,0.000000000000000000e+00
5.932709344102924121e+01,0.000000000000000000e+00,0.000000000000000000e+00
5.691191608946125768e+01,0.000000000000000000e+00,0.000000000000000000e+00
6.155753434769218302e+01,0.000000000000000000e+00,0.000000000000000000e+00
5.818755491495626586e+01,0.000000000000000000e+00,0.000000000000000000e+00
5.839022287282062251e+01,0.000000000000000000e+00,0.000000000000000000e+00
6.098367881238993249e+01,0.000000000000000000e+00,0.000000000000000000e+00
5.822800147000405957e+01,0.000000000000000000e+00,0.000000000000000000e+00
5.915897227206586706e+01,0.000000000000000000e+00,0.000000000000000000e+00
6.168414096534437618e+01,0.000000000000000000e+00,0.000000000000000000e+00
6.298301383615455507e+01,0.000000000000000000e+00,0.000000000000000000e+00
6.038564200393892634e+01,0.000000000000000000e+00,0.000000000000000000e+00
6.083089484381111589e+01,0.000000000000000000e+00,0.000000000000000000e+00
6.440979272654034560e+01,0.000000000000000000e+00,0.000000000000000000e+00
5.962499451023964525e+01,0.000000000000000000e+00,0.000000000000000000e+00
5.779736201885108215e+01,0.000000000000000000e+00,0.000000000000000000e+00
6.113602293724826353e+01,0.000000000000000000e+00,0.000000000000000000e+00
5.439690218284324885e+01,0.000000000000000000e+00,0.000000000000000000e+00
5.880996440330572739e+01,0.000000000000000000e+00,0.000000000000000000e+00
5.837819680168342984e+01,0.000000000000000000e+00,0.000000000000000000e+00
5.922533510614099583e+01,0.000000000000000000e+00,0.000000000000000000e+00
5.863507973614094482e+01,0.000000000000000000e+00,0.000000000000000000e+00
6.269228649174858958e+01,0.000000000000000000e+00,0.000000000000000000e+00
6.126290074539767971e+01,0.000000000000000000e+00,0.000000000000000000e+00
6.368713046453783733e+01,0.000000000000000000e+00,0.000000000000000000e+00
6.414929997555144325e+01,0.000000000000000000e+00,0.000000000000000000e+00
6.299739083097278325e+01,0.000000000000000000e+00,0.000000000000000000e+00
6.055718396578210871e+01,0.000000000000000000e+00,0.000000000000000000e+00
6.143809036518973699e+01,0.000000000000000000e+00,0.000000000000000000e+00
6.552545241151565847e+01,0.000000000000000000e+00,0.000000000000000000e+00
5.915773252305130825e+01,0.000000000000000000e+00,0.000000000000000000e+00
6.493202346558020110e+01,0.000000000000000000e+00,0.000000000000000000e+00
6.499969982742584307e+01,0.000000000000000000e+00,0.000000000000000000e+00
6.053524811227023861e+01,0.000000000000000000e+00,0.000000000000000000e+00
6.510060121671747879e+01,0.000000000000000000e+00,0.000000000000000000e+00
6.611168002110652253e+01,0.000000000000000000e+00,0.000000000000000000e+00
6.260780410836472498e+01,0.000000000000000000e+00,0.000000000000000000e+00
6.142875464392648155e+01,0.000000000000000000e+00,0.000000000000000000e+00
5.882453662142381035e+01,0.000000000000000000e+00,0.000000000000000000e+00
6.281919761135220881e+01,0.000000000000000000e+00,0.000000000000000000e+00
6.456561735296102711e+01,0.000000000000000000e+00,0.000000000000000000e+00
6.539355046821761164e+01,0.000000000000000000e+00,0.000000000000000000e+00
5.742288363666018824e+01,0.000000000000000000e+00,0.000000000000000000e+00
6.337217600145382335e+01,0.000000000000000000e+00,0.000000000000000000e+00
6.314769658966766031e+01,0.000000000000000000e+00,0.000000000000000000e+00
6.230825309245994248e+01,0.000000000000000000e+00,0.000000000000000000e+00
6.310511326057052628e+01,0.000000000000000000e+00,0.000000000000000000e+00
6.364951762953680259e+01,0.000000000000000000e+00,0.000000000000000000e+00
6.235377060716173503e+01,0.000000000000000000e+00,0.000000000000000000e+00
6.413741209078298766e+01,0.000000000000000000e+00,0.000000000000000000e+00
6.299755545262553369e+01,0.000000000000000000e+00,0.000000000000000000e+00
6.251099643932500527e+01,0.000000000000000000e+00,0.000000000000000000e+00
6.179272020204289362e+01,0.000000000000000000e+00,0.000000000000000000e+00
6.298055774127302442e+01,0.000000000000000000e+00,0.000000000000000000e+00
6.736039022240055374e+01,0.000000000000000000e+00,0.000000000000000000e+00
6.086709600156717670e+01,0.000000000000000000e+00,0.000000000000000000e+00
6.375315655242563651e+01,0.000000000000000000e+00,0.000000000000000000e+00
6.628893035593964100e+01,0.000000000000000000e+00,0.000000000000000000e+00
6.295814355225444103e+01,0.000000000000000000e+00,0.000000000000000000e+00
6.466871100753611756e+01,0.000000000000000000e+00,0.000000000000000000e+00
6.453116893153483602e+01,0.000000000000000000e+00,0.000000000000000000e+00
6.569147153772480863e+01,0.000000000000000000e+00,0.000000000000000000e+00
6.717441203335212663e+01,0.000000000000000000e+00,0.000000000000000000e+00
6.296544654705403588e+01,0.000000000000000000e+00,0.000000000000000000e+00
6.685101771886735378e+01,0.000000000000000000e+00,0.000000000000000000e+00
6.503735420240961673e+01,0.000000000000000000e+00,0.000000000000000000e+00
6.566212381733762982e+01,0.000000000000000000e+00,0.000000000000000000e+00
6.210365365368511448e+01,0.000000000000000000e+00,0.000000000000000000e+00
6.251495294272010028e+01,0.000000000000000000e+00,0.000000000000000000e+00
6.572432949403032865e+01,0.000000000000000000e+00,0.000000000000000000e+00
6.589789260040396357e+01,0.000000000000000000e+00,0.000000000000000000e+00
6.802017875835457517e+01,0.000000000000000000e+00,0.000000000000000000e+00
6.466389879890893155e+01,0.000000000000000000e+00,0.000000000000000000e+00
6.269104651602265932e+01,0.000000000000000000e+00,0.000000000000000000e+00
6.267575896715422346e+01,0.000000000000000000e+00,0.000000000000000000e+00
6.427548790589095518e+01,0.000000000000000000e+00,0.000000000000000000e+00
6.561734473483254249e+01,0.000000000000000000e+00,0.000000000000000000e+00
6.249762775985573882e+01,0.000000000000000000e+00,0.000000000000000000e+00
6.150650562943057764e+01,0.000000000000000000e+00,0.000000000000000000e+00
6.532455617046662155e+01,0.000000000000000000e+00,0.000000000000000000e+00
6.895582084013155111e+01,0.000000000000000000e+00,0.000000000000000000e+00
6.726433859217102906e+01,0.000000000000000000e+00,0.000000000000000000e+00
6.422373008225700630e+01,0.000000000000000000e+00,0.000000000000000000e+00
6.701635456225268683e+01,0.000000000000000000e+00,0.000000000000000000e+00
6.458987221877738705e+01,0.000000000000000000e+00,0.000000000000000000e+00
6.896179680244738108e+01,0.000000000000000000e+00,0.000000000000000000e+00
6.377408608765472309e+01,0.000000000000000000e+00,0.000000000000000000e+00
6.440033383081883755e+01,0.000000000000000000e+00,0.000000000000000000e+00
6.401202889379658245e+01,0.000000000000000000e+00,0.000000000000000000e+00
6.859482431538351932e+01,0.000000000000000000e+00,0.000000000000000000e+00
6.196787159957626301e+01,0.000000000000000000e+00,0.000000000000000000e+00
6.630632430383100484e+01,0.000000000000000000e+00,0.000000000000000000e+00
6.515598310316607922e+01,0.000000000000000000e+00,0.000000000000000000e+00
6.633293959402072915e+01,0.000000000000000000e+00,0.000000000000000000e+00
6.654034343194301471e+01,0.000000000000000000e+00,0.000000000000000000e+00
6.223314076262354178e+01,0.000000000000000000e+00,0.000000000000000000e+00
7.002037012483476985e+01,0.000000000000000000e+00,0.000000000000000000e+00
6.736210852574208729e+01,0.000000000000000000e+00,0.000000000000000000e+00
6.607324606203852113e+01,0.000000000000000000e+00,0.000000000000000000e+00
6.591528642942837735e+01,0.000000000000000000e+00,0.000000000000000000e+00
6.512085346795774399e+01,0.000000000000000000e+00,0.000000000000000000e+00
6.664163245278132308e+01,0.000000000000000000e+00,0.000000000000000000e+00
6.802198713744911629e+01,0.000000000000000000e+00,0.000000000000000000e+00
6.352191568131532051e+01,0.000000000000000000e+00,0.000000000000000000e+00
6.934719264061075705e+01,0.000000000000000000e+00,0.000000000000000000e+00
7.018202509234539832e+01,0.000000000000000000e+00,0.000000000000000000e+00
6.828276352982589970e+01,0.000000000000000000e+00,0.000000000000000000e+00
6.701554667929114828e+01,0.000000000000000000e+00,0.000000000000000000e+00
6.849187620230516416e+01,0.000000000000000000e+00,0.000000000000000000e+00
6.607474256242225863e+01,0.000000000000000000e+00,0.000000000000000000e+00
6.653934941142226478e+01,0.000000000000000000e+00,0.000000000000000000e+00
6.977215133015860715e+01,0.000000000000000000e+00,0.000000000000000000e+00
6.432986387409661688e+01,0.000000000000000000e+00,0.000000000000000000e+00
6.963864630866184768e+01,0.000000000000000000e+00,0.000000000000000000e+00
6.653591806213488269e+01,0.000000000000000000e+00,0.000000000000000000e+00
6.957680603669497543e+01,0.000000000000000000e+00,0.000000000000000000e+00
6.720397686642172630e+01,0.000000000000000000e+00,0.000000000000000000e+00
6.576997822072104327e+01,0.000000000000000000e+00,0.000000000000000000e+00
6.840194746367147616e+01,0.000000000000000000e+00,0.000000000000000000e+00
7.091843832640854828e+01,0.000000000000000000e+00,0.000000000000000000e+00
6.906347970390089586e+01,0.000000000000000000e+00,0.000000000000000000e+00
6.814938255300955916e+01,0.000000000000000000e+00,0.000000000000000000e+00
6.573195997193617757e+01,0.000000000000000000e+00,0.000000000000000000e+00
6.994643799036691689e+01,0.000000000000000000e+00,0.000000000000000000e+00
6.841841466628680735e+01,0.000000000000000000e+00,0.000000000000000000e+00
6.670606566295766982e+01,0.000000000000000000e+00,0.000000000000000000e+00
6.581766981422413210e+01,0.000000000000000000e+00,0.000000000000000000e+00
6.897090893368350351e+01,0.000000000000000000e+00,0.000000000000000000e+00
6.924537624361572341e+01,0.000000000000000000e+00,0.000000000000000000e+00
6.766735394522660840e+01,0.000000000000000000e+00,0.000000000000000000e+00
6.650751819748320770e+01,0.000000000000000000e+00,0.000000000000000000e+00
6.637198305053762226e+01,0.000000000000000000e+00,0.000000000000000000e+00
7.007726253782939807e+01,0.000000000000000000e+00,0.000000000000000000e+00
7.019940724448682090e+01,0.000000000000000000e+00,0.000000000000000000e+00
6.792021629153947515e+01,0.000000000000000000e+00,0.000000000000000000e+00
6.656393574789323964e+01,0.000000000000000000e+00,0.000000000000000000e+00
6.843350568961939473e+01,0.000000000000000000e+00,0.000000000000000000e+00
7.022061372240895594e+01,0.000000000000000000e+00,0.000000000000000000e+00
6.475814036315465216e+01,0.000000000000000000e+00,0.000000000000000000e+00
6.791693220735692194e+01,0.000000000000000000e+00,0.000000000000000000e+00
7.089877398646194706e+01,0.000000000000000000e+00,0.000000000000000000e+00
7.204572386384256788e+01,0.000000000000000000e+00,0.000000000000000000e+00
7.307870360797141984e+01,0.000000000000000000e+00,0.000000000000000000e+00
7.112660463681422129e+01,0.000000000000000000e+00,0.000000000000000000e+00
6.915455208982821489e+01,0.000000000000000000e+00,0.000000000000000000e+00
6.826259624828892925e+01,0.000000000000000000e+00,0.000000000000000000e+00
7.050872599094184068e+01,0.000000000000000000e+00,0.000000000000000000e+00
6.976335232096532479e+01,0.000000000000000000e+00,0.000000000000000000e+00
6.712158941236606324e+01,0.000000000000000000e+00,0.000000000000000000e+00
7.158200011325942569e+01,0.000000000000000000e+00,0.000000000000000000e+00
6.728954384852293913e+01,0.000000000000000000e+00,0.000000000000000000e+00
7.259868023164759165e+01,0.000000000000000000e+00,0.000000000000000000e+00
6.743699441062091182e+01,0.000000000000000000e+00,0.000000000000000000e+00
7.078922328817732534e+01,0.000000000000000000e+00,0.000000000000000000e+00
6.987378562319986486e+01,0.000000000000000000e+00,0.000000000000000000e+00
6.844111550024439339e+01,0.000000000000000000e+00,0.000000000000000000e+00
6.580629283920974615e+01,0.000000000000000000e+00,0.000000000000000000e+00
6.789120141297894406e+01,0.000000000000000000e+00,0.000000000000000000e+00
6.850884517918179029e+01,0.000000000000000000e+00,0.000000000000000000e+00
6.877479583692132792e+01,0.000000000000000000e+00,0.000000000000000000e+00
7.231629704072888387e+01,0.000000000000000000e+00,0.000000000000000000e+00
7.061641969464335489e+01,0.000000000000000000e+00,0.000000000000000000e+00
7.036644505564322571e+01,0.000000000000000000e+00,0.000000000000000000e+00
6.775992870555656111e+01,0.000000000000000000e+00,0.000000000000000000e+00
7.499414597796281612e+01,0.000000000000000000e+00,0.000000000000000000e+00
6.969494646496453072e+01,0.000000000000000000e+00,0.000000000000000000e+00
7.113508479926736072e+01,0.000000000000000000e+00,0.000000000000000000e+00
7.126539361425932384e+01,0.000000000000000000e+00,0.000000000000000000e+00
7.289398045614058219e+01,0.000000000000000000e+00,0.000000000000000000e+00
7.065527752046995147e+01,0.000000000000000000e+00,0.000000000000000000e+00
6.676556404967068659e+01,0.000000000000000000e+00,0.000000000000000000e+00
6.993239512654351131e+01,0.000000000000000000e+00,0.000000000000000000e+00
6.865560034165665115e+01,0.000000000000000000e+00,0.000000000000000000e+00
7.058752717292948375e+01,0.000000000000000000e+00,0.000000000000000000e+00
7.064864086896523077e+01,0.000000000000000000e+00,0.000000000000000000e+00
7.237854173985404316e+01,0.000000000000000000e+00,0.000000000000000000e+00
6.939743149779820897e+01,0.000000000000000000e+00,0.000000000000000000e+00
7.004581007081647215e+01,0.000000000000000000e+00,0.000000000000000000e+00
7.305215456766723037e+01,0.000000000000000000e+00,0.000000000000000000e+00
7.129822888644967804e+01,0.000000000000000000e+00,0.000000000000000000e+00
6.973725476914414401e+01,0.000000000000000000e+00,0.000000000000000000e+00
7.353258882824987097e+01,0.000000000000000000e+00,0.000000000000000000e+00
7.244772696282866775e+01,0.000000000000000000e+00,0.000000000000000000e+00
6.981993082023653585e+01,0.000000000000000000e+00,0.000000000000000000e+00
7.517177011971226364e+01,0.000000000000000000e+00,0.000000000000000000e+00
7.374314388092535921e+01,0.000000000000000000e+00,0.000000000000000000e+00
7.497857730145680932e+01,0.000000000000000000e+00,0.000000000000000000e+00
7.307366960111767185e+01,0.000000000000000000e+00,0.000000000000000000e+00
6.763843521781275570e+01,0.000000000000000000e+00,0.000000000000000000e+00
7.374905955346659425e+01,0.000000000000000000e+00,0.000000000000000000e+00
6.733774893161820785e+01,0.000000000000000000e+00,0.000000000000000000e+00
6.949946630852728902e+01,0.000000000000000000e+00,0.000000000000000000e+00
7.351418887551888304e+01,0.000000000000000000e+00,0.000000000000000000e+00
7.443877983411539390e+01,0.000000000000000000e+00,0.000000000000000000e+00
7.119455562169767404e+01,0.000000000000000000e+00,0.000000000000000000e+00
6.964282338566503938e+01,0.000000000000000000e+00,0.000000000000000000e+00
7.434144017386876158e+01,0.000000000000000000e+00,0.000000000000000000e+00
7.182945939410458891e+01,0.000000000000000000e+00,0.000000000000000000e+00
7.365183133044325814e+01,0.000000000000000000e+00,0.000000000000000000e+00
7.399899147750866746e+01,0.000000000000000000e+00,0.000000000000000000e+00
7.193924450933717196e+01,0.000000000000000000e+00,0.000000000000000000e+00
7.304123669421133513e+01,0.000000000000000000e+00,0.000000000000000000e+00
7.258336770883866507e+01,0.000000000000000000e+00,0.000000000000000000e+00
7.267664698641428345e+01,0.000000000000000000e+00,0.000000000000000000e+00
7.270273761572784110e+01,0.000000000000000000e+00,0.000000000000000000e+00
7.650263636378124943e+01,0.000000000000000000e+00,0.000000000000000000e+00
7.329329292077238733e+01,0.000000000000000000e+00,0.000000000000000000e+00
7.552415100078006560e+01,0.000000000000000000e+00,0.000000000000000000e+00
7.513825614297954303e+01,0.000000000000000000e+00,0.000000000000000000e+00
7.355330279117033854e+01,0.000000000000000000e+00,0.000000000000000000e+00
7.594808596780039522e+01,0.000000000000000000e+00,0.000000000000000000e+00
6.906076602952703070e+01,0.000000000000000000e+00,0.000000000000000000e+00
7.209837343336720039e+01,0.000000000000000000e+00,0.000000000000000000e+00
7.719947049976786957e+01,0.000000000000000000e+00,0.000000000000000000e+00
7.326895427774067571e+01,0.000000000000000000e+00,0.000000000000000000e+00
7.447232467567413039e+01,0.000000000000000000e+00,0.000000000000000000e+00
7.373646884277791003e+01,0.000000000000000000e+00,0.000000000000000000e+00
7.560457226008453802e+01,0.000000000000000000e+00,0.000000000000000000e+00
7.103780219763257264e+01,0.000000000000000000e+00,0.000000000000000000e+00
7.619424704047499119e+01,0.000000000000000000e+00,0.000000000000000000e+00
7.584273060493349305e+01,0.000000000000000000e+00,0.000000000000000000e+00
7.582423867059378608e+01,0.000000000000000000e+00,0.000000000000000000e+00
7.338990029189866959e+01,0.000000000000000000e+00,0.000000000000000000e+00
7.578363356637314041e+01,0.000000000000000000e+00,0.000000000000000000e+00
7.484354964761148210e+01,0.000000000000000000e+00,0.000000000000000000e+00
7.221764647526467229e+01,0.000000000000000000e+00,0.000000000000000000e+00
7.091444976993834359e+01,0.000000000000000000e+00,0.000000000000000000e+00
7.365177304999511421e+01,0.000000000000000000e+00,0.000000000000000000e+00
7.535583099894301995e+01,0.000000000000000000e+00,0.000000000000000000e+00
7.501926977247003947e+01,0.000000000000000000e+00,0.000000000000000000e+00
7.442948959690053812e+01,0.000000000000000000e+00,0.000000000000000000e+00
7.347291641740396528e+01,0.000000000000000000e+00,0.000000000000000000e+00
7.563879898903203980e+01,0.000000000000000000e+00,0.000000000000000000e+00
7.199489917396790872e+01,0.000000000000000000e+00,0.000000000000000000e+00
7.314560337446148708e+01,0.000000000000000000e+00,0.000000000000000000e+00
7.323646525400116047e+01,0.000000000000000000e+00,0.000000000000000000e+00
7.235860363380257354e+01,0.000000000000000000e+00,0.000000000000000000e+00
7.566030961246961795e+01,0.000000000000000000e+00,0.000000000000000000e+00
7.667344408793901778e+01,0.000000000000000000e+00,0.000000000000000000e+00
7.506305543450721984e+01,0.000000000000000000e+00,0.000000000000000000e+00
7.483460963263516419e+01,0.000000000000000000e+00,0.000000000000000000e+00
7.687582653536976807e+01,0.000000000000000000e+00,0.000000000000000000e+00
7.339398948516679866e+01,0.000000000000000000e+00,0.000000000000000000e+00
7.318757641819469484e+01,0.000000000000000000e+00,0.000000000000000000e+00
7.690294734344988115e+01,0.000000000000000000e+00,0.000000000000000000e+00
7.380928598077140634e+01,0.000000000000000000e+00,0.000000000000000000e+00
7.530398447187126010e+01,0.000000000000000000e+00,0.000000000000000000e+00
7.811265513202680211e+01,0.000000000000000000e+00,0.000000000000000000e+00
7.672617306744130872e+01,0.000000000000000000e+00,0.000000000000000000e+00
7.790553171872247162e+01,0.000000000000000000e+00,0.000000000000000000e+00
7.327109684967258829e+01,0.000000000000000000e+00,0.000000000000000000e+00
7.838380682436212510e+01,0.000000000000000000e+00,0.000000000000000000e+00
7.626503161274096954e+01,0.000000000000000000e+00,0.000000000000000000e+00
7.428137791041876881e+01,0.000000000000000000e+00,0.000000000000000000e+00
7.471515506408154295e+01,0.000000000000000000e+00,0.000000000000000000e+00
7.238675582729432278e+01,0.000000000000000000e+00,0.000000000000000000e+00
7.569084469194638132e+01,0.000000000000000000e+00,0.000000000000000000e+00
7.460347348890915953e+01,0.000000000000000000e+00,0.000000000000000000e+00
7.427083852531742991e+01,0.000000000000000000e+00,0.000000000000000000e+00
7.398791283754680137e+01,0.000000000000000000e+00,0.000000000000000000e+00
7.384130604764263239e+01,0.000000000000000000e+00,0.000000000000000000e+00
8.097322209384316238e+01,0.000000000000000000e+00,0.000000000000000000e+00
7.769886337609412408e+01,0.000000000000000000e+00,0.000000000000000000e+00
7.538703201830165312e+01,0.000000000000000000e+00,0.000000000000000000e+00
7.587438203091483047e+01,0.000000000000000000e+00,0.000000000000000000e+00
7.240517251927442999e+01,0.000000000000000000e+00,0.000000000000000000e+00
7.380600061698110892e+01,0.000000000000000000e+00,0.000000000000000000e+00
7.445944255121182209e+01,0.000000000000000000e+00,0.000000000000000000e+00
7.779840663796679223e+01,0.000000000000000000e+00,0.000000000000000000e+00
7.708926760267488021e+01,0.000000000000000000e+00,0.000000000000000000e+00
7.549570720778234545e+01,0.000000000000000000e+00,0.000000000000000000e+00
7.910607019628834280e+01,0.000000000000000000e+00,0.000000000000000000e+00
7.704620755451956882e+01,0.000000000000000000e+00,0.000000000000000000e+00
7.600819609087825768e+01,0.000000000000000000e+00,0.000000000000000000e+00
7.876341298980878491e+01,0.000000000000000000e+00,0.000000000000000000e+00
7.364488808797707975e+01,0.000000000000000000e+00,0.000000000000000000e+00
8.195705805824063361e+01,0.000000000000000000e+00,0.000000000000000000e+00
7.896593282232954891e+01,0.000000000000000000e+00,0.000000000000000000e+00
7.752653974325438924e+01,0.000000000000000000e+00,0.000000000000000000e+00
7.196563938041397535e+01,0.000000000000000000e+00,0.000000000000000000e+00
7.507835772295517529e+01,0.000000000000000000e+00,0.000000000000000000e+00
7.920841324319685839e+01,0.000000000000000000e+00,0.000000000000000000e+00
7.504558700922954984e+01,0.000000000000000000e+00,0.000000000000000000e+00
7.330872414077933286e+01,0.000000000000000000e+00,0.000000000000000000e+00
7.611679467699140389e+01,0.000000000000000000e+00,0.000000000000000000e+00
7.809440397132381406e+01,0.000000000000000000e+00,0.000000000000000000e+00
7.674872440763304837e+01,0.000000000000000000e+00,0.000000000000000000e+00
7.615330386384920303e+01,0.000000000000000000e+00,0.000000000000000000e+00
7.352646415232371169e+01,0.000000000000000000e+00,0.000000000000000000e+00
7.583576114858679773e+01,0.000000000000000000e+00,0.000000000000000000e+00
7.630156012664861009e+01,0.000000000000000000e+00,0.000000000000000000e+00
7.759667320290104442e+01,0.000000000000000000e+00,0.000000000000000000e+00
7.789359980165455966e+01,0.000000000000000000e+00,0.000000000000000000e+00
7.721729419607120803e+01,0.000000000000000000e+00,0.000000000000000000e+00
7.856089656940767441e+01,0.000000000000000000e+00,0.000000000000000000e+00
7.716104458317035153e+01,0.000000000000000000e+00,0.000000000000000000e+00
8.062837053706013535e+01,0.000000000000000000e+00,0.000000000000000000e+00
7.448846093174311989e+01,0.000000000000000000e+00,0.000000000000000000e+00
7.832849583925543868e+01,0.000000000000000000e+00,0.000000000000000000e+00
7.620562062797235114e+01,0.000000000000000000e+00,0.000000000000000000e+00
7.764763990283434225e+01,0.000000000000000000e+00,0.000000000000000000e+00
7.353671843240068995e+01,0.000000000000000000e+00,0.000000000000000000e+00
8.125219016738829225e+01,0.000000000000000000e+00,0.000000000000000000e+00
7.791197759609403306e+01,0.000000000000000000e+00,0.000000000000000000e+00
7.267934964493875327e+01,0.000000000000000000e+00,0.000000000000000000e+00
7.825239856410125583e+01,0.000000000000000000e+00,0.000000000000000000e+00
7.857787594322539348e+01,0.000000000000000000e+00,0.000000000000000000e+00
7.949620931651526234e+01,0.000000000000000000e+00,0.000000000000000000e+00
7.736612712091339006e+01,0.000000000000000000e+00,0.000000000000000000e+00
7.843733667448461233e+01,0.000000000000000000e+00,0.000000000000000000e+00
7.364245910880700308e+01,0.000000000000000000e+00,0.000000000000000000e+00
7.579746814982136982e+01,0.000000000000000000e+00,0.000000000000000000e+00
7.471268070189026389e+01,0.000000000000000000e+00,0.000000000000000000e+00
7.521612090447787580e+01,0.000000000000000000e+00,0.000000000000000000e+00
8.142891495603184637e+01,0.000000000000000000e+00,0.000000000000000000e+00
7.743751705152642728e+01,0.000000000000000000e+00,0.000000000000000000e+00
7.838458505024662770e+01,0.000000000000000000e+00,0.000000000000000000e+00
7.820590532481980972e+01,0.000000000000000000e+00,0.000000000000000000e+00
7.517941003886210183e+01,0.000000000000000000e+00,0.000000000000000000e+00
7.997371438565605217e+01,0.000000000000000000e+00,0.000000000000000000e+00
7.653021108106800341e+01,0.000000000000000000e+00,0.000000000000000000e+00
7.778505946585076458e+01,0.000000000000000000e+00,0.000000000000000000e+00
7.918921798762757192e+01,0.000000000000000000e+00,0.000000000000000000e+00
7.711337556415419670e+01,0.000000000000000000e+00,0.000000000000000000e+00
7.594392339999227204e+01,0.000000000000000000e+00,0.000000000000000000e+00
7.912705474332436495e+01,0.000000000000000000e+00,0.000000000000000000e+00
7.856669650390155368e+01,0.000000000000000000e+00,0.000000000000000000e+00
7.709110973785308829e+01,0.000000000000000000e+00,0.000000000000000000e+00
7.778046913975990151e+01,0.000000000000000000e+00,0.000000000000000000e+00
7.863069427543878476e+01,0.000000000000000000e+00,0.000000000000000000e+00
7.804147176246857498e+01,0.000000000000000000e+00,0.000000000000000000e+00
7.877845776225987606e+01,0.000000000000000000e+00,0.000000000000000000e+00
7.780160496747899401e+01,0.000000000000000000e+00,0.000000000000000000e+00
8.102186828556168052e+01,0.000000000000000000e+00,0.000000000000000000e+00
7.952237481975711830e+01,0.000000000000000000e+00,0.000000000000000000e+00
7.565697773236031765e+01,0.000000000000000000e+00,0.000000000000000000e+00
8.234289686900125105e+01,0.000000000000000000e+00,0.000000000000000000e+00
8.115117581105289446e+01,0.000000000000000000e+00,0.000000000000000000e+00
8.094579006582679881e+01,0.000000000000000000e+00,0.000000000000000000e+00
7.905343036716750760e+01,0.000000000000000000e+00,0.000000000000000000e+00
7.951143275124869092e+01,0.000000000000000000e+00,0.000000000000000000e+00
7.885345552855996232e+01,0.000000000000000000e+00,0.000000000000000000e+00
7.661303054299135340e+01,0.000000000000000000e+00,0.000000000000000000e+00
7.719634579485264680e+01,0.000000000000000000e+00,0.000000000000000000e+00
7.755679930905496633e+01,0.000000000000000000e+00,0.000000000000000000e+00
8.119780047017208346e+01,0.000000000000000000e+00,0.000000000000000000e+00
7.618697276162677667e+01,0.000000000000000000e+00,0.000000000000000000e+00
8.103666784968679337e+01,0.000000000000000000e+00,0.000000000000000000e+00
8.192601336154787361e+01,0.000000000000000000e+00,0.000000000000000000e+00
7.964984261617786387e+01,0.000000000000000000e+00,0.000000000000000000e+00
7.635805942399169055e+01,0.000000000000000000e+00,0.000000000000000000e+00
7.844550095945589874e+01,0.000000000000000000e+00,0.000000000000000000e+00
7.573633150451813378e+01,0.000000000000000000e+00,0.000000000000000000e+00
8.110023247587125184e+01,0.000000000000000000e+00,0.000000000000000000e+00
8.152080030665474908e+01,0.000000000000000000e+00,0.000000000000000000e+00
7.941549320690036495e+01,0.000000000000000000e+00,0.000000000000000000e+00
7.959731210192934725e+01,0.000000000000000000e+00,0.000000000000000000e+00
7.860684998710631533e+01,0.000000000000000000e+00,0.000000000000000000e+00
7.688870117721162956e+01,0.000000000000000000e+00,0.000000000000000000e+00
7.652396236477262903e+01,0.000000000000000000e+00,0.000000000000000000e+00
7.949600691824453236e+01,0.000000000000000000e+00,0.000000000000000000e+00
7.999752064750182967e+01,0.000000000000000000e+00,0.000000000000000000e+00
7.456954203280783133e+01,0.000000000000000000e+00,0.000000000000000000e+00
7.917341102629430338e+01,0.000000000000000000e+00,0.000000000000000000e+00
8.104384206196229457e+01,0.000000000000000000e+00,0.000000000000000000e+00
8.122934661119565192e+01,0.000000000000000000e+00,0.000000000000000000e+00
8.198724161413790057e+01,0.000000000000000000e+00,0.000000000000000000e+00
7.757055120002645765e+01,0.000000000000000000e+00,0.000000000000000000e+00
7.833164415792585089e+01,0.000000000000000000e+00,0.000000000000000000e+00
7.975739807445185647e+01,0.000000000000000000e+00,0.000000000000000000e+00
7.598239590738612037e+01,0.000000000000000000e+00,0.000000000000000000e+00
8.195035860332021116e+01,0.000000000000000000e+00,0.000000000000000000e+00
8.046389025727366118e+01,0.000000000000000000e+00,0.000000000000000000e+00
8.010320908446907140e+01,0.000000000000000000e+00,0.000000000000000000e+00
7.918329924568888600e+01,0.000000000000000000e+00,0.000000000000000000e+00
8.089370341292215016e+01,0.000000000000000000e+00,0.000000000000000000e+00
7.837224613186052125e+01,0.000000000000000000e+00,0.000000000000000000e+00
8.260076981855101508e+01,0.000000000000000000e+00,0.000000000000000000e+00
7.864535920022356663e+01,0.000000000000000000e+00,0.000000000000000000e+00
7.992052148145465651e+01,0.000000000000000000e+00,0.000000000000000000e+00
7.998509105432243871e+01,0.000000000000000000e+00,0.000000000000000000e+00
7.992556046317251628e+01,0.000000000000000000e+00,0.000000000000000000e+00
7.795455436058037435e+01,0.000000000000000000e+00,0.000000000000000000e+00
8.139139192307719384e+01,0.000000000000000000e+00,0.000000000000000000e+00
8.206720382661779922e+01,0.000000000000000000e+00,0.000000000000000000e+00
7.832932382913885760e+01,0.000000000000000000e+00,0.000000000000000000e+00
8.112313878278949630e+01,0.000000000000000000e+00,0.000000000000000000e+00
7.939610633991760835e+01,0.000000000000000000e+00,0.000000000000000000e+00
8.367357526644815380e+01,0.000000000000000000e+00,0.000000000000000000e+00
7.706604145900871572e+01,0.000000000000000000e+00,0.000000000000000000e+00
8.004744665023386574e+01,0.000000000000000000e+00,0.000000000000000000e+00
7.976534068247690357e+01,0.000000000000000000e+00,0.000000000000000000e+00
8.078352210502289665e+01,0.000000000000000000e+00,0.000000000000000000e+00
7.822332883577473694e+01,0.000000000000000000e+00,0.000000000000000000e+00
8.184534302411840656e+01,0.000000000000000000e+00,0.000000000000000000e+00
8.039402404657890600e+01,0.000000000000000000e+00,0.000000000000000000e+00
7.921372148382116052e+01,0.000000000000000000e+00,0.000000000000000000e+00
7.739471287897038110e+01,0.000000000000000000e+00,0.000000000000000000e+00
7.667941632862016377e+01,0.000000000000000000e+00,0.000000000000000000e+00
8.126715395389389585e+01,0.000000000000000000e+00,0.000000000000000000e+00
7.986728186108743444e+01,0.000000000000000000e+00,0.000000000000000000e+00
8.027192888636845680e+01,0.000000000000000000e+00,0.000000000000000000e+00
7.793817034617504191e+01,0.000000000000000000e+00,0.000000000000000000e+00
8.047897525477343095e+01,0.000000000000000000e+00,0.000000000000000000e+00
7.786100055123507957e+01,0.000000000000000000e+00,0.000000000000000000e+00
8.002380744239138721e+01,0.000000000000000000e+00,0.000000000000000000e+00
8.234304544527802250e+01,0.000000000000000000e+00,0.000000000000000000e+00
8.116959457450148818e+01,0.000000000000000000e+00,0.000000000000000000e+00
7.730523144690900494e+01,0.000000000000000000e+00,0.000000000000000000e+00
7.923719544893782540e+01,0.000000000000000000e+00,0.000000000000000000e+00
8.128241020381078386e+01,0.000000000000000000e+00,0.000000000000000000e+00
7.847194735492334416e+01,0.000000000000000000e+00,0.000000000000000000e+00
8.159919693426367360e+01,0.000000000000000000e+00,0.000000000000000000e+00
8.236300351153634836e+01,0.000000000000000000e+00,0.000000000000000000e+00
8.142711664968004470e+01,0.000000000000000000e+00,0.000000000000000000e+00
7.932748845331593657e+01,0.000000000000000000e+00,0.000000000000000000e+00
7.756704843004041550e+01,0.000000000000000000e+00,0.000000000000000000e+00
7.785365203862055239e+01,0.000000000000000000e+00,0.000000000000000000e+00
8.075648812789087572e+01,0.000000000000000000e+00,0.000000000000000000e+00
8.229849229931751609e+01,0.000000000000000000e+00,0.000000000000000000e+00
8.042399801946081084e+01,0.000000000000000000e+00,0.000000000000000000e+00
8.027246684384977016e+01,0.000000000000000000e+00,0.000000000000000000e+00
8.237821472393024180e+01,0.000000000000000000e+00,0.000000000000000000e+00
7.768929657144184375e+01,0.000000000000000000e+00,0.000000000000000000e+00
7.983846323874469419e+01,0.000000000000000000e+00,0.000000000000000000e+00
7.709292195181291163e+01,0.000000000000000000e+00,0.000000000000000000e+00
7.975225502575243297e+01,0.000000000000000000e+00,0.000000000000000000e+00
8.046571343832508205e+01,0.000000000000000000e+00,0.000000000000000000e+00
8.034053506097819763e+01,0.000000000000000000e+00,0.000000000000000000e+00
8.046682805552596562e+01,0.000000000000000000e+00,0.000000000000000000e+00
8.069800659122870456e+01,0.000000000000000000e+00,0.000000000000000000e+00
7.964943340814613748e+01,0.000000000000000000e+00,0.000000000000000000e+00
7.636598369232140726e+01,0.000000000000000000e+00,0.000000000000000000e+00
7.910171539065946433e+01,0.000000000000000000e+00,0.000000000000000000e+00
8.122561284639634493e+01,0.000000000000000000e+00,0.000000000000000000e+00
7.854361471287695906e+01,0.000000000000000000e+00,0.000000000000000000e+00
8.276035919013729369e+01,0.000000000000000000e+00,0.000000000000000000e+00
7.625507350566897458e+01,0.000000000000000000e+00,0.000000000000000000e+00
7.851793958043835175e+01,0.000000000000000000e+00,0.000000000000000000e+00
8.097953624495855252e+01,0.000000000000000000e+00,0.000000000000000000e+00
7.941421368975481698e+01,0.000000000000000000e+00,0.000000000000000000e+00
8.098371725029372215e+01,0.000000000000000000e+00,0.000000000000000000e+00
7.930931378594675607e+01,0.000000000000000000e+00,0.000000000000000000e+00
7.792088686303428346e+01,0.000000000000000000e+00,0.000000000000000000e+00
8.147159295105046795e+01,0.000000000000000000e+00,0.000000000000000000e+00
7.827285918712429691e+01,0.000000000000000000e+00,0.000000000000000000e+00
7.633420269365406341e+01,0.000000000000000000e+00,0.000000000000000000e+00
8.290084161345903624e+01,0.000000000000000000e+00,0.000000000000000000e+00
7.927058445815094956e+01,0.000000000000000000e+00,0.000000000000000000e+00
8.031737643390233927e+01,0.000000000000000000e+00,0.000000000000000000e+00
7.660174405154276656e+01,0.000000000000000000e+00,0.000000000000000000e+00
8.370435466541650271e+01,0.000000000000000000e+00,0.000000000000000000e+00
8.116841658411395599e+01,0.000000000000000000e+00,0.000000000000000000e+00
7.796599860553651240e+01,0.000000000000000000e+00,0.000000000000000000e+00
7.867128636898502236e+01,0.000000000000000000e+00,0.000000000000000000e+00
8.290839935785798787e+01,0.000000000000000000e+00,0.000000000000000000e+00
8.122772710832164478e+01,0.000000000000000000e+00,0.000000000000000000e+00
7.783750364539781685e+01,0.000000000000000000e+00,0.000000000000000000e+00
8.297923883934285527e+01,0.000000000000000000e+00,0.000000000000000000e+00
8.148115174423223550e+01,0.000000000000000000e+00,0.000000000000000000e+00
7.699885230862116714e+01,0.000000000000000000e+00,0.000000000000000000e+00
7.940020003221781053e+01,0.000000000000000000e+00,0.000000000000000000e+00
8.290158956306001414e+01,0.000000000000000000e+00,0.000000000000000000e+00
8.211965458954871622e+01,0.000000000000000000e+00,0.000000000000000000e+00
7.750651964961728879e+01,0.000000000000000000e+00,0.000000000000000000e+00
7.938475062247938752e+01,0.000000000000000000e+00,0.000000000000000000e+00
8.389581374772025413e+01,0.000000000000000000e+00,0.000000000000000000e+00
8.162237983832150690e+01,0.000000000000000000e+00,0.000000000000000000e+00
8.444532191040158864e+01,0.000000000000000000e+00,0.000000000000000000e+00
7.765376712928706127e+01,0.000000000000000000e+00,0.000000000000000000e+00
8.109369243275578754e+01,0.000000000000000000e+00,0.000000000000000000e+00
7.751785192006258285e+01,0.000000000000000000e+00,0.000000000000000000e+00
7.732329787669289090e+01,0.000000000000000000e+00,0.000000000000000000e+00
7.562847353769183201e+01,0.000000000000000000e+00,0.000000000000000000e+00
8.139951400154464523e+01,0.000000000000000000e+00,0.000000000000000000e+00
8.175747929206232811e+01,0.000000000000000000e+00,0.000000000000000000e+00
8.062911828923769519e+01,0.000000000000000000e+00,0.000000000000000000e+00
8.005205075233052980e+01,0.000000000000000000e+00,0.000000000000000000e+00
7.992012330427317579e+01,0.000000000000000000e+00,0.000000000000000000e+00
7.854246769777851966e+01,0.000000000000000000e+00,0.000000000000000000e+00
8.469433839961402555e+01,0.000000000000000000e+00,0.000000000000000000e+00
7.940755673652958535e+01,0.000000000000000000e+00,0.000000000000000000e+00
7.769429730719690497e+01,0.000000000000000000e+00,0.000000000000000000e+00
8.081466134299658677e+01,0.000000000000000000e+00,0.000000000000000000e+00
7.916896526885444985e+01,0.000000000000000000e+00,0.000000000000000000e+00
7.836029382314789871e+01,0.000000000000000000e+00,0.000000000000000000e+00
8.056478599788596284e+01,0.000000000000000000e+00,0.000000000000000000e+00
7.997479711222146648e+01,0.000000000000000000e+00,0.000000000000000000e+00
7.894017635643282915e+01,0.000000000000000000e+00,0.000000000000000000e+00
7.945714372858424213e+01,0.000000000000000000e+00,0.000000000000000000e+00
8.225451532790164322e+01,0.000000000000000000e+00,0.000000000000000000e+00
7.804587829620625428e+01,0.000000000000000000e+00,0.000000000000000000e+00
8.064076501076159786e+01,0.000000000000000000e+00,0.000000000000000000e+00
7.920116829210763854e+01,0.000000000000000000e+00,0.000000000000000000e+00
8.019870185191015821e+01,0.000000000000000000e+00,0.000000000000000000e+00
8.106748541467638347e+01,0.000000000000000000e+00,0.000000000000000000e+00
8.079354399113744023e+01,0.000000000000000000e+00,0.000000000000000000e+00
7.369266399698457803e+01,0.000000000000000000e+00,0.000000000000000000e+00
7.789545326114080126e+01,0.000000000000000000e+00,0.000000000000000000e+00
8.350910058008273040e+01,0.000000000000000000e+00,0.000000000000000000e+00
8.182706531948321071e+01,0.000000000000000000e+00,0.000000000000000000e+00
7.882339039363380095e+01,0.000000000000000000e+00,0.000000000000000000e+00
7.761874474998846551e+01,0.000000000000000000e+00,0.000000000000000000e+00
7.947087357365610671e+01,0.000000000000000000e+00,0.000000000000000000e+00
7.842933338747661765e+01,0.000000000000000000e+00,0.000000000000000000e+00
7.602560566590746305e+01,0.000000000000000000e+00,0.000000000000000000e+00
7.949393977481001627e+01,0.000000000000000000e+00,0.000000000000000000e+00
7.572854991181654327e+01,0.000000000000000000e+00,0.000000000000000000e+00
7.975987339624131778e+01,0.000000000000000000e+00,0.000000000000000000e+00
8.215049724189384506e+01,0.000000000000000000e+00,0.000000000000000000e+00
7.755763641526762342e+01,0.000000000000000000e+00,0.000000000000000000e+00
7.961599390141302024e+01,0.000000000000000000e+00,0.000000000000000000e+00
7.927914429663535145e+01,0.000000000000000000e+00,0.000000000000000000e+00
7.952652067697097493e+01,0.000000000000000000e+00,0.000000000000000000e+00
8.144195214718328657e+01,0.000000000000000000e+00,0.000000000000000000e+00
7.833154635628081053e+01,0.000000000000000000e+00,0.000000000000000000e+00
7.761489113319026956e+01,0.000000000000000000e+00,0.000000000000000000e+00
7.848376431991040647e+01,0.000000000000000000e+00,0.000000000000000000e+00
7.744461937565989729e+01,0.000000000000000000e+00,0.000000000000000000e+00
7.976422033398741007e+01,0.000000000000000000e+00,0.000000000000000000e+00
7.916438210040783474e+01,0.000000000000000000e+00,0.000000000000000000e+00
7.957915901036814432e+01,0.000000000000000000e+00,0.000000000000000000e+00
8.078134060727356314e+01,0.000000000000000000e+00,0.000000000000000000e+00
8.247867250348757295e+01,0.000000000000000000e+00,0.000000000000000000e+00
8.192874157274454205e+01,0.000000000000000000e+00,0.000000000000000000e+00
8.180191005244454061e+01,0.000000000000000000e+00,0.000000000000000000e+00
7.787103039056368914e+01,0.000000000000000000e+00,0.000000000000000000e+00
8.084680733144264764e+01,0.000000000000000000e+00,0.000000000000000000e+00
8.112416202390721764e+01,0.000000000000000000e+00,0.000000000000000000e+00
8.447345189524033060e+01,0.000000000000000000e+00,0.000000000000000000e+00
8.161866219791767207e+01,0.000000000000000000e+00,0.000000000000000000e+00
7.799186051693861543e+01,0.000000000000000000e+00,0.000000000000000000e+00
8.128659052638474236e+01,0.000000000000000000e+00,0.000000000000000000e+00
8.099876058628221642e+01,0.000000000000000000e+00,0.000000000000000000e+00
8.469795205248698267e+01,0.000000000000000000e+00,0.000000000000000000e+00
7.931866223277909000e+01,0.000000000000000000e+00,0.000000000000000000e+00
7.595808289542164005e+01,0.000000000000000000e+00,0.000000000000000000e+00
7.735912526771923581e+01,0.000000000000000000e+00,0.000000000000000000e+00
7.930383690277798792e+01,0.000000000000000000e+00,0.000000000000000000e+00
7.939313736888637152e+01,0.000000000000000000e+00,0.000000000000000000e+00
8.019868937490379324e+01,0.000000000000000000e+00,0.000000000000000000e+00
7.871096784179725603e+01,0.000000000000000000e+00,0.000000000000000000e+00
8.185967619120296490e+01,0.000000000000000000e+00,0.000000000000000000e+00
7.739286687001049359e+01,0.000000000000000000e+00,0.000000000000000000e+00
7.977353257100075723e+01,0.000000000000000000e+00,0.000000000000000000e+00
7.974333195983658129e+01,0.000000000000000000e+00,0.000000000000000000e+00
7.908446669906912518e+01,0.000000000000000000e+00,0.000000000000000000e+00
7.705232105570321721e+01,0.000000000000000000e+00,0.000000000000000000e+00
7.908573403011082803e+01,0.000000000000000000e+00,0.000000000000000000e+00
8.004644394486429348e+01,0.000000000000000000e+00,0.000000000000000000e+00
8.063009370001977061e+01,0.000000000000000000e+00,0.000000000000000000e+00
7.845215529847290270e+01,0.000000000000000000e+00,0.000000000000000000e+00
7.830744225053369689e+01,0.000000000000000000e+00,0.000000000000000000e+00
7.750836223312296624e+01,0.000000000000000000e+00,0.000000000000000000e+00
8.062752588594609904e+01,0.000000000000000000e+00,0.000000000000000000e+00
7.962748588037027275e+01,0.000000000000000000e+00,0.000000000000000000e+00
7.945680426311908207e+01,0.000000000000000000e+00,0.000000000000000000e+00
7.812756235407597671e+01,0.000000000000000000e+00,0.000000000000000000e+00
7.911185218001052988e+01,0.000000000000000000e+00,0.000000000000000000e+00
7.695276868121960945e+01,0.000000000000000000e+00,0.000000000000000000e+00
8.028106220611253718e+01,0.000000000000000000e+00,0.000000000000000000e+00
7.732818918906274064e+01,0.000000000000000000e+00,0.000000000000000000e+00
7.505536247583741272e+01,0.000000000000000000e+00,0.000000000000000000e+00
7.930080590182166134e+01,0.000000000000000000e+00,0.000000000000000000e+00
7.995856378201905557e+01,0.000000000000000000e+00,0.000000000000000000e+00
8.026479437966774810e+01,0.000000000000000000e+00,0.000000000000000000e+00
7.725139855955028168e+01,0.000000000000000000e+00,0.000000000000000000e+00
8.215395058206715362e+01,0.000000000000000000e+00,0.000000000000000000e+00
7.941219313033680294e+01,0.000000000000000000e+00,0.000000000000000000e+00
7.497832533006503297e+01,0.000000000000000000e+00,0.000000000000000000e+00
8.205787597193148031e+01,0.000000000000000000e+00,0.000000000000000000e+00
7.811817575075485820e+01,0.000000000000000000e+00,0.000000000000000000e+00
7.869160668230374256e+01,0.000000000000000000e+00,0.000000000000000000e+00
7.457129569029194727e+01,0.000000000000000000e+00,0.000000000000000000e+00
7.956719625049653644e+01,0.000000000000000000e+00,0.000000000000000000e+00
7.437975758823245087e+01,0.000000000000000000e+00,0.000000000000000000e+00
8.105930960707614474e+01,0.000000000000000000e+00,0.000000000000000000e+00
7.681844159009924056e+01,0.000000000000000000e+00,0.000000000000000000e+00
7.909993179646885153e+01,0.000000000000000000e+00,0.000000000000000000e+00
7.829150497811497189e+01,0.000000000000000000e+00,0.000000000000000000e+00
7.788046892577163760e+01,0.000000000000000000e+00,0.000000000000000000e+00
8.191636945852825136e+01,0.000000000000000000e+00,0.000000000000000000e+00
7.509235173560902865e+01,0.000000000000000000e+00,0.000000000000000000e+00
7.969338349805263988e+01,0.000000000000000000e+00,0.000000000000000000e+00
7.839426997715513323e+01,0.000000000000000000e+00,0.000000000000000000e+00
7.629362993296449247e+01,0.000000000000000000e+00,0.000000000000000000e+00
7.991972678113873485e+01,0.000000000000000000e+00,0.000000000000000000e+00
7.930581365492675161e+01,0.000000000000000000e+00,0.000000000000000000e+00
7.708074601166211437e+01,0.000000000000000000e+00,0.000000000000000000e+00
7.820370921919659679e+01,0.000000000000000000e+00,0.000000000000000000e+00
7.703147246461773534e+01,0.000000000000000000e+00,0.000000000000000000e+00
7.861452783062328820e+01,0.000000000000000000e+00,0.000000000000000000e+00
8.138647052048001740e+01,0.000000000000000000e+00,0.000000000000000000e+00
7.978554863695296717e+01,0.000000000000000000e+00,0.000000000000000000e+00
7.488622244388214710e+01,0.000000000000000000e+00,0.000000000000000000e+00
8.068332365984899468e+01,0.000000000000000000e+00,0.000000000000000000e+00
7.714180763866946222e+01,0.000000000000000000e+00,0.000000000000000000e+00
7.864151449098953606e+01,0.000000000000000000e+00,0.000000000000000000e+00
7.438075748334858872e+01,0.000000000000000000e+00,0.000000000000000000e+00
7.695653238707390642e+01,0.000000000000000000e+00,0.000000000000000000e+00
7.562132128153361066e+01,0.000000000000000000e+00,0.000000000000000000e+00
7.873045701421500553e+01,0.000000000000000000e+00,0.000000000000000000e+00
7.804603945703000534e+01,0.000000000000000000e+00,0.000000000000000000e+00
7.661596789844087141e+01,0.000000000000000000e+00,0.000000000000000000e+00
7.699351140466376364e+01,0.000000000000000000e+00,0.000000000000000000e+00
7.525922777700502309e+01,0.000000000000000000e+00,0.000000000000000000e+00
7.956663268705054293e+01,0.000000000000000000e+00,0.000000000000000000e+00
7.837257078412427802e+01,0.000000000000000000e+00,0.000000000000000000e+00
7.787052303193475211e+01,0.000000000000000000e+00,0.000000000000000000e+00
7.909334459465137002e+01,0.000000000000000000e+00,0.000000000000000000e+00
7.642529454466858851e+01,0.000000000000000000e+00,0.000000000000000000e+00
7.547974622961454827e+01,0.000000000000000000e+00,0.000000000000000000e+00
7.653200659426354946e+01,0.000000000000000000e+00,0.000000000000000000e+00
7.799372559999937948e+01,0.000000000000000000e+00,0.000000000000000000e+00
7.986100653941529970e+01,0.000000000000000000e+00,0.000000000000000000e+00
7.804114015355965250e+01,0.000000000000000000e+00,0.000000000000000000e+00
8.023663956988900736e+01,0.000000000000000000e+00,0.000000000000000000e+00
7.861403523539125615e+01,0.000000000000000000e+00,0.000000000000000000e+00
7.581241847714206017e+01,0.000000000000000000e+00,0.000000000000000000e+00
7.709714368693593656e+01,0.000000000000000000e+00,0.000000000000000000e+00
7.550206892373850565e+01,0.000000000000000000e+00,0.000000000000000000e+00
7.656201602030007791e+01,0.000000000000000000e+00,0.000000000000000000e+00
7.927129607217028706e+01,0.000000000000000000e+00,0.000000000000000000e+00
7.520360390276779583e+01,0.000000000000000000e+00,0.000000000000000000e+00
7.820599962120792270e+01,0.000000000000000000e+00,0.000000000000000000e+00
7.926488869547385718e+01,0.000000000000000000e+00,0.000000000000000000e+00
7.761647155538388176e+01,0.000000000000000000e+00,0.000000000000000000e+00
7.714778465124366846e+01,0.000000000000000000e+00,0.000000000000000000e+00
8.025083934201965974e+01,0.000000000000000000e+00,0.000000000000000000e+00
7.550834575886062794e+01,0.000000000000000000e+00,0.000000000000000000e+00
7.733835289979658967e+01,0.000000000000000000e+00,0.000000000000000000e+00
7.785932448194445499e+01,0.000000000000000000e+00,0.000000000000000000e+00
7.653293348469553337e+01,0.000000000000000000e+00,0.000000000000000000e+00
7.832770155611778762e+01,0.000000000000000000e+00,0.000000000000000000e+00
7.921119107640613777e+01,0.000000000000000000e+00,0.000000000000000000e+00
7.895137042555838036e+01,0.000000000000000000e+00,0.000000000000000000e+00
7.612872756342493119e+01,0.000000000000000000e+00,0.000000000000000000e+00
7.606108429359638023e+01,0.000000000000000000e+00,0.000000000000000000e+00
7.828698215528734750e+01,0.000000000000000000e+00,0.000000000000000000e+00
7.845753775901292215e+01,0.000000000000000000e+00,0.000000000000000000e+00
7.411747228129252107e+01,0.000000000000000000e+00,0.000000000000000000e+00
7.692306680837226907e+01,0.000000000000000000e+00,0.000000000000000000e+00
7.663146772737941603e+01,0.000000000000000000e+00,0.000000000000000000e+00
7.577354592582584303e+01,0.000000000000000000e+00,0.000000000000000000e+00
7.519260941288783329e+01,0.000000000000000000e+00,0.000000000000000000e+00
7.320172402360921637e+01,0.000000000000000000e+00,0.000000000000000000e+00
7.895392426116552542e+01,0.000000000000000000e+00,0.000000000000000000e+00
7.603636131002025422e+01,0.000000000000000000e+00,0.000000000000000000e+00
7.821625088177110285e+01,0.000000000000000000e+00,0.000000000000000000e+00
7.337336181363190235e+01,0.000000000000000000e+00,0.000000000000000000e+00
7.527186238634882898e+01,0.000000000000000000e+00,0.000000000000000000e+00
7.524733829317892742e+01,0.000000000000000000e+00,0.000000000000000000e+00
7.683180553268978485e+01,0.000000000000000000e+00,0.000000000000000000e+00
7.828366752968577202e+01,0.000000000000000000e+00,0.000000000000000000e+00
7.387991733152982476e+01,0.000000000000000000e+00,0.000000000000000000e+00
7.455091490066189408e+01,0.000000000000000000e+00,0.000000000000000000e+00
7.539249320861731007e+01,0.000000000000000000e+00,0.000000000000000000e+00
7.720123328610925739e+01,0.000000000000000000e+00,0.000000000000000000e+00
7.830596648029917617e+01,0.000000000000000000e+00,0.000000000000000000e+00
7.614229981748481180e+01,0.000000000000000000e+00,0.000000000000000000e+00
7.601126115882432543e+01,0.000000000000000000e+00,0.000000000000000000e+00
7.763984048988186260e+01,0.000000000000000000e+00,0.000000000000000000e+00
7.593650207909962546e+01,0.000000000000000000e+00,0.000000000000000000e+00
7.196709255226194557e+01,0.000000000000000000e+00,0.000000000000000000e+00
7.367990494556279657e+01,0.000000000000000000e+00,0.000000000000000000e+00
7.476917296322508832e+01,0.000000000000000000e+00,0.000000000000000000e+00
7.579326495782790118e+01,0.000000000000000000e+00,0.000000000000000000e+00
7.613498618013454688e+01,0.000000000000000000e+00,0.000000000000000000e+00
7.539517476441747590e+01,0.000000000000000000e+00,0.000000000000000000e+00
7.430692156415405236e+01,0.000000000000000000e+00,0.000000000000000000e+00
7.673271128051734991e+01,0.000000000000000000e+00,0.000000000000000000e+00
7.679857884008379187e+01,0.000000000000000000e+00,0.000000000000000000e+00
7.395743047853896712e+01,0.000000000000000000e+00,0.000000000000000000e+00
7.222313097758059541e+01,0.000000000000000000e+00,0.000000000000000000e+00
7.522755975186139210e+01,0.000000000000000000e+00,0.000000000000000000e+00
7.580906199525745137e+01,0.000000000000000000e+00,0.000000000000000000e+00
7.737261740975864655e+01,0.000000000000000000e+00,0.000000000000000000e+00
7.739957634068449011e+01,0.000000000000000000e+00,0.000000000000000000e+00
7.773251301366508415e+01,0.000000000000000000e+00,0.000000000000000000e+00
8.028054087885152512e+01,0.000000000000000000e+00,0.000000000000000000e+00
7.359162965105736021e+01,0.000000000000000000e+00,0.000000000000000000e+00
7.360876163830619134e+01,0.000000000000000000e+00,0.000000000000000000e+00
7.599812609655228357e+01,0.000000000000000000e+00,0.000000000000000000e+00
7.586789265889355249e+01,0.000000000000000000e+00,0.000000000000000000e+00
7.748761855468843862e+01,0.000000000000000000e+00,0.000000000000000000e+00
7.414447639778852306e+01,0.000000000000000000e+00,0.000000000000000000e+00
7.724161123182759070e+01,0.000000000000000000e+00,0.000000000000000000e+00
7.220478580807665026e+01,0.000000000000000000e+00,0.000000000000000000e+00
7.734191883797875278e+01,0.000000000000000000e+00,0.000000000000000000e+00
7.282589679625682777e+01,0.000000000000000000e+00,0.000000000000000000e+00
7.209812154874914825e+01,0.000000000000000000e+00,0.000000000000000000e+00
7.422551202003282356e+01,0.000000000000000000e+00,0.000000000000000000e+00
7.427489316323909918e+01,0.000000000000000000e+00,0.000000000000000000e+00
7.145294530205909211e+01,0.000000000000000000e+00,0.000000000000000000e+00
7.202105474388859818e+01,0.000000000000000000e+00,0.000000000000000000e+00
7.256337524468155209e+01,0.000000000000000000e+00,0.000000000000000000e+00
7.437235140143802425e+01,0.000000000000000000e+00,0.000000000000000000e+00
7.127585034457166557e+01,0.000000000000000000e+00,0.000000000000000000e+00
7.455312229813762315e+01,0.000000000000000000e+00,0.000000000000000000e+00
7.286891187284736304e+01,0.000000000000000000e+00,0.000000000000000000e+00
7.156004919458085567e+01,0.000000000000000000e+00,0.000000000000000000e+00
7.119904948812589396e+01,0.000000000000000000e+00,0.000000000000000000e+00
7.290619724767699950e+01,0.000000000000000000e+00,0.000000000000000000e+00
7.295207488416907893e+01,0.000000000000000000e+00,0.000000000000000000e+00
7.433632229309090178e+01,0.000000000000000000e+00,0.000000000000000000e+00
7.208107061682547112e+01,0.000000000000000000e+00,0.000000000000000000e+00
7.481651371391339467e+01,0.000000000000000000e+00,0.000000000000000000e+00
7.376579319496271125e+01,0.000000000000000000e+00,0.000000000000000000e+00
7.139302137391757697e+01,0.000000000000000000e+00,0.000000000000000000e+00
7.226725086111198948e+01,0.000000000000000000e+00,0.000000000000000000e+00
7.304772930865527769e+01,0.000000000000000000e+00,0.000000000000000000e+00
7.757258009621418182e+01,0.000000000000000000e+00,0.000000000000000000e+00
7.430908539528893186e+01,0.000000000000000000e+00,0.000000000000000000e+00
7.345840408687823242e+01,0.000000000000000000e+00,0.000000000000000000e+00
7.269872872716798895e+01,0.000000000000000000e+00,0.000000000000000000e+00
7.167337340640031584e+01,0.000000000000000000e+00,0.000000000000000000e+00
6.797327257183582105e+01,0.000000000000000000e+00,0.000000000000000000e+00
7.386733016305410615e+01,0.000000000000000000e+00,0.000000000000000000e+00
7.626556826042047987e+01,0.000000000000000000e+00,0.000000000000000000e+00
7.145819329593609837e+01,0.000000000000000000e+00,0.000000000000000000e+00
7.155411278314295487e+01,0.000000000000000000e+00,0.000000000000000000e+00
7.204201319262571701e+01,0.000000000000000000e+00,0.000000000000000000e+00
7.626162498989515370e+01,0.000000000000000000e+00,0.000000000000000000e+00
7.294427176220757758e+01,0.000000000000000000e+00,0.000000000000000000e+00
7.274568927953016839e+01,0.000000000000000000e+00,0.000000000000000000e+00
7.202078745307858298e+01,0.000000000000000000e+00,0.000000000000000000e+00
6.873943182815375508e+01,0.000000000000000000e+00,0.000000000000000000e+00
7.301191608302531222e+01,0.000000000000000000e+00,0.000000000000000000e+00
7.369153841281139705e+01,0.000000000000000000e+00,0.000000000000000000e+00
7.047913964878244997e+01,0.000000000000000000e+00,0.000000000000000000e+00
7.437847043434389604e+01,0.000000000000000000e+00,0.000000000000000000e+00
7.379388943013013602e+01,0.000000000000000000e+00,0.000000000000000000e+00
6.832411718463053774e+01,0.000000000000000000e+00,0.000000000000000000e+00
6.724545784287707306e+01,0.000000000000000000e+00,0.000000000000000000e+00
7.183733091575990670e+01,0.000000000000000000e+00,0.000000000000000000e+00
7.575745952078085566e+01,0.000000000000000000e+00,0.000000000000000000e+00
6.747938135265265203e+01,0.000000000000000000e+00,0.000000000000000000e+00
7.005069664109228711e+01,0.000000000000000000e+00,0.000000000000000000e+00
7.239246967483811090e+01,0.000000000000000000e+00,0.000000000000000000e+00
6.917051177044628218e+01,0.000000000000000000e+00,0.000000000000000000e+00
6.845336927069709532e+01,0.000000000000000000e+00,0.000000000000000000e+00
7.074627584911495148e+01,0.000000000000000000e+00,0.000000000000000000e+00
6.961909395798556943e+01,0.000000000000000000e+00,0.000000000000000000e+00
7.230776160534504982e+01,0.000000000000000000e+00,0.000000000000000000e+00
7.419999013097344687e+01,0.000000000000000000e+00,0.000000000000000000e+00
7.201098874665126459e+01,0.000000000000000000e+00,0.000000000000000000e+00
7.112469505396211389e+01,0.000000000000000000e+00,0.000000000000000000e+00
7.065437936381525219e+01,0.000000000000000000e+00,0.000000000000000000e+00
7.300356011211188445e+01,0.000000000000000000e+00,0.000000000000000000e+00
6.996869877603641896e+01,0.000000000000000000e+00,0.000000000000000000e+00
7.121352534559419212e+01,0.000000000000000000e+00,0.000000000000000000e+00
7.236444262151972850e+01,0.000000000000000000e+00,0.000000000000000000e+00
6.825286450356547618e+01,0.000000000000000000e+00,0.000000000000000000e+00
6.707030795834118919e+01,0.000000000000000000e+00,0.000000000000000000e+00
6.915077699725149785e+01,0.000000000000000000e+00,0.000000000000000000e+00
7.309141300818728837e+01,0.000000000000000000e+00,0.000000000000000000e+00
7.000307240869082648e+01,0.000000000000000000e+00,0.000000000000000000e+00
7.171932241760855220e+01,0.000000000000000000e+00,0.000000000000000000e+00
7.171383546475283310e+01,0.000000000000000000e+00,0.000000000000000000e+00
7.040047505801032912e+01,0.000000000000000000e+00,0.000000000000000000e+00
6.960040037656428069e+01,0.000000000000000000e+00,0.000000000000000000e+00
7.047449199640600170e+01,0.000000000000000000e+00,0.000000000000000000e+00
6.939217161179175264e+01,0.000000000000000000e+00,0.000000000000000000e+00
7.097188850644994318e+01,0.000000000000000000e+00,0.000000000000000000e+00
7.081141881672593286e+01,0.000000000000000000e+00,0.000000000000000000e+00
7.089625314966379221e+01,0.000000000000000000e+00,0.000000000000000000e+00
6.790856723122521998e+01,0.000000000000000000e+00,0.000000000000000000e+00
6.986138602051997282e+01,0.000000000000000000e+00,0.000000000000000000e+00
6.940453633519391019e+01,0.000000000000000000e+00,0.000000000000000000e+00
7.034862768805193411e+01,0.000000000000000000e+00,0.000000000000000000e+00
6.878701747522222831e+01,0.000000000000000000e+00,0.000000000000000000e+00
6.998347106949992735e+01,0.000000000000000000e+00,0.000000000000000000e+00
7.117370261210884053e+01,0.000000000000000000e+00,0.000000000000000000e+00
7.178247886292507474e+01,0.000000000000000000e+00,0.000000000000000000e+00
7.155024457373144742e+01,0.000000000000000000e+00,0.000000000000000000e+00
6.845549348980659943e+01,0.000000000000000000e+00,0.000000000000000000e+00
7.140724448187752671e+01,0.000000000000000000e+00,0.000000000000000000e+00
6.961683227802605245e+01,0.000000000000000000e+00,0.000000000000000000e+00
6.767118844232918207e+01,0.000000000000000000e+00,0.000000000000000000e+00
6.424423393976456964e+01,0.000000000000000000e+00,0.000000000000000000e+00
6.872871716572744560e+01,0.000000000000000000e+00,0.000000000000000000e+00
6.942303245935319467e+01,0.000000000000000000e+00,0.000000000000000000e+00
6.869245914801952324e+01,0.000000000000000000e+00,0.000000000000000000e+00
6.610784243922869052e+01,0.000000000000000000e+00,0.000000000000000000e+00
6.570194809410649839e+01,0.000000000000000000e+00,0.000000000000000000e+00
7.077418371395728514e+01,0.000000000000000000e+00,0.000000000000000000e+00
7.167701814312461295e+01,0.000000000000000000e+00,0.000000000000000000e+00
6.790294268114658394e+01,0.000000000000000000e+00,0.000000000000000000e+00
6.850589209570324556e+01,0.000000000000000000e+00,0.000000000000000000e+00
7.211717640292526710e+01,0.000000000000000000e+00,0.000000000000000000e+00
6.628717072648755959e+01,0.000000000000000000e+00,0.000000000000000000e+00
6.607829483589114261e+01,0.000000000000000000e+00,0.000000000000000000e+00
7.088047836941802871e+01,0.000000000000000000e+00,0.000000000000000000e+00
6.622915325129596908e+01,0.000000000000000000e+00,0.000000000000000000e+00
6.716754222401824848e+01,0.000000000000000000e+00,0.000000000000000000e+00
6.966696001496144675e+01,0.000000000000000000e+00,0.000000000000000000e+00
7.079880644156030201e+01,0.000000000000000000e+00,0.000000000000000000e+00
6.921030481935359546e+01,0.000000000000000000e+00,0.000000000000000000e+00
6.552798460081041299e+01,0.000000000000000000e+00,0.000000000000000000e+00
6.827397318014517680e+01,0.000000000000000000e+00,0.000000000000000000e+00
6.503488152959150170e+01,0.000000000000000000e+00,0.000000000000000000e+00
6.833312430164605189e+01,0.000000000000000000e+00,0.000000000000000000e+00
6.608299544218877486e+01,0.000000000000000000e+00,0.000000000000000000e+00
6.770804975597941677e+01,0.000000000000000000e+00,0.000000000000000000e+00
6.821151703910919650e+01,0.000000000000000000e+00,0.000000000000000000e+00
7.248561899985550383e+01,0.000000000000000000e+00,0.000000000000000000e+00
6.536807349166647896e+01,0.000000000000000000e+00,0.000000000000000000e+00
6.675264870845620635e+01,0.000000000000000000e+00,0.000000000000000000e+00
6.596988195424697210e+01,0.000000000000000000e+00,0.000000000000000000e+00
6.534765620974384603e+01,0.000000000000000000e+00,0.000000000000000000e+00
6.818336991960705973e+01,0.000000000000000000e+00,0.000000000000000000e+00
7.208658985846349765e+01,0.000000000000000000e+00,0.000000000000000000e+00
6.724494680095949661e+01,0.000000000000000000e+00,0.000000000000000000e+00
6.537381350842402128e+01,0.000000000000000000e+00,0.000000000000000000e+00
6.864552336627860996e+01,0.000000000000000000e+00,0.000000000000000000e+00
6.930221804445082512e+01,0.000000000000000000e+00,0.000000000000000000e+00
6.527793197176717399e+01,0.000000000000000000e+00,0.000000000000000000e+00
6.892887335112978064e+01,0.000000000000000000e+00,0.000000000000000000e+00
6.458104151494940481e+01,0.000000000000000000e+00,0.000000000000000000e+00
6.622476328578653693e+01,0.000000000000000000e+00,0.000000000000000000e+00
6.226163016536730765e+01,0.000000000000000000e+00,0.000000000000000000e+00
6.504288119168035109e+01,0.000000000000000000e+00,0.000000000000000000e+00
6.211568940446404952e+01,0.000000000000000000e+00,0.000000000000000000e+00
6.567513440175358141e+01,0.000000000000000000e+00,0.000000000000000000e+00
7.018319612129177187e+01,0.000000000000000000e+00,0.000000000000000000e+00
6.436383053463300996e+01,0.000000000000000000e+00,0.000000000000000000e+00
6.583701675021988819e+01,0.000000000000000000e+00,0.000000000000000000e+00
6.679135860501264688e+01,0.000000000000000000e+00,0.000000000000000000e+00
6.743395387714379297e+01,0.000000000000000000e+00,0.000000000000000000e+00
6.673324144293862048e+01,0.000000000000000000e+00,0.000000000000000000e+00
6.782907931083572350e+01,0.000000000000000000e+00,0.000000000000000000e+00
6.712952218625474643e+01,0.000000000000000000e+00,0.000000000000000000e+00
6.516079060668717204e+01,0.000000000000000000e+00,0.000000000000000000e+00
6.375098377182361276e+01,0.000000000000000000e+00,0.000000000000000000e+00
6.696321768257196538e+01,0.000000000000000000e+00,0.000000000000000000e+00
6.574640131137964261e+01,0.000000000000000000e+00,0.000000000000000000e+00
5.931077254903988205e+01,0.000000000000000000e+00,0.000000000000000000e+00
6.352139283705443518e+01,0.000000000000000000e+00,0.000000000000000000e+00
6.610595505021592544e+01,0.000000000000000000e+00,0.000000000000000000e+00
6.584178127711760453e+01,0.000000000000000000e+00,0.000000000000000000e+00
6.234296389281938389e+01,0.000000000000000000e+00,0.000000000000000000e+00
6.736237587537540605e+01,0.000000000000000000e+00,0.000000000000000000e+00
6.551060812715731174e+01,0.000000000000000000e+00,0.000000000000000000e+00
6.367103279402977023e+01,0.000000000000000000e+00,0.000000000000000000e+00
6.709930656930728787e+01,0.000000000000000000e+00,0.000000000000000000e+00
6.237073091295474114e+01,0.000000000000000000e+00,0.000000000000000000e+00
6.578722920619127024e+01,0.000000000000000000e+00,0.000000000000000000e+00
6.233370994724198511e+01,0.000000000000000000e+00,0.000000000000000000e+00
6.556860944928588708e+01,0.000000000000000000e+00,0.000000000000000000e+00
5.940874624629802270e+01,0.000000000000000000e+00,0.000000000000000000e+00
6.770468645978657207e+01,0.000000000000000000e+00,0.000000000000000000e+00
6.359896570242375446e+01,0.000000000000000000e+00,0.000000000000000000e+00
6.433413263105694568e+01,0.000000000000000000e+00,0.000000000000000000e+00
6.353121549385003419e+01,0.000000000000000000e+00,0.000000000000000000e+00
6.528890347999805499e+01,0.000000000000000000e+00,0.000000000000000000e+00
6.323599893290667495e+01,0.000000000000000000e+00,0.000000000000000000e+00
6.432994762737102690e+01,0.000000000000000000e+00,0.000000000000000000e+00
6.812847880141583801e+01,0.000000000000000000e+00,0.000000000000000000e+00
6.461857077406956762e+01,0.000000000000000000e+00,0.000000000000000000e+00
6.578496157202613404e+01,0.000000000000000000e+00,0.000000000000000000e+00
6.331918179356139831e+01,0.000000000000000000e+00,0.000000000000000000e+00
6.629367396519519673e+01,0.000000000000000000e+00,0.000000000000000000e+00
6.231637464893093892e+01,0.000000000000000000e+00,0.000000000000000000e+00
6.402951454325975078e+01,0.000000000000000000e+00,0.000000000000000000e+00
6.213187120326014679e+01,0.000000000000000000e+00,0.000000000000000000e+00
6.064607795011571767e+01,0.000000000000000000e+00,0.000000000000000000e+00
6.384745397115044341e+01,0.000000000000000000e+00,0.000000000000000000e+00
6.217683071561441466e+01,0.000000000000000000e+00,0.000000000000000000e+00
6.293143483325647480e+01,0.000000000000000000e+00,0.000000000000000000e+00
6.310295489175317130e+01,0.000000000000000000e+00,0.000000000000000000e+00
6.459592851951613568e+01,0.000000000000000000e+00,0.000000000000000000e+00
6.274482627825626935e+01,0.000000000000000000e+00,0.000000000000000000e+00
6.515168288598609081e+01,0.000000000000000000e+00,0.000000000000000000e+00
6.518498451261217497e+01,0.000000000000000000e+00,0.000000000000000000e+00
6.362477106224728374e+01,0.000000000000000000e+00,0.000000000000000000e+00
6.329360957770908414e+01,0.000000000000000000e+00,0.000000000000000000e+00
6.421624965782724814e+01,0.000000000000000000e+00,0.000000000000000000e+00
6.329794202934577640e+01,0.000000000000000000e+00,0.000000000000000000e+00
5.868151625411851313e+01,0.000000000000000000e+00,0.000000000000000000e+00
6.111950092474045704e+01,0.000000000000000000e+00,0.000000000000000000e+00
6.677073677443638644e+01,0.000000000000000000e+00,0.000000000000000000e+00
6.037753866614737319e+01,0.000000000000000000e+00,0.000000000000000000e+00
6.312207242066205026e+01,0.000000000000000000e+00,0.000000000000000000e+00
6.025501351894025248e+01,0.000000000000000000e+00,0.000000000000000000e+00
6.087241653107064820e+01,0.000000000000000000e+00,0.000000000000000000e+00
6.476228764288900663e+01,0.000000000000000000e+00,0.000000000000000000e+00
6.168082288931852730e+01,0.000000000000000000e+00,0.000000000000000000e+00
6.105836612460731061e+01,0.000000000000000000e+00,0.000000000000000000e+00
6.282138831721459837e+01,0.000000000000000000e+00,0.000000000000000000e+00
5.792212089219179205e+01,0.000000000000000000e+00,0.000000000000000000e+00
6.224805530942005305e+01,0.000000000000000000e+00,0.000000000000000000e+00
6.299282683846808339e+01,0.000000000000000000e+00,0.000000000000000000e+00
5.965822133863274246e+01,0.000000000000000000e+00,0.000000000000000000e+00
6.041021915905112394e+01,0.000000000000000000e+00,0.000000000000000000e+00
5.814658462310585918e+01,0.000000000000000000e+00,0.000000000000000000e+00
5.997960664480453374e+01,0.000000000000000000e+00,0.000000000000000000e+00
6.149891315299095140e+01,0.000000000000000000e+00,0.000000000000000000e+00
6.252201225406489726e+01,0.000000000000000000e+00,0.000000000000000000e+00
6.357042199503574409e+01,0.000000000000000000e+00,0.000000000000000000e+00
6.163186784171241328e+01,0.000000000000000000e+00,0.000000000000000000e+00
6.169877044931476462e+01,0.000000000000000000e+00,0.000000000000000000e+00
6.410138716451571383e+01,0.000000000000000000e+00,0.000000000000000000e+00
5.916612016511005834e+01,0.000000000000000000e+00,0.000000000000000000e+00
6.021475105360921276e+01,0.000000000000000000e+00,0.000000000000000000e+00
6.369797419144867234e+01,0.000000000000000000e+00,0.000000000000000000e+00
6.223444209215013245e+01,0.000000000000000000e+00,0.000000000000000000e+00
5.910992246353337976e+01,0.000000000000000000e+00,0.000000000000000000e+00
6.269290930301885822e+01,0.000000000000000000e+00,0.000000000000000000e+00
6.125609037038262983e+01,0.000000000000000000e+00,0.000000000000000000e+00
5.965678227862346716e+01,0.000000000000000000e+00,0.000000000000000000e+00
6.045274802319109142e+01,0.000000000000000000e+00,0.000000000000000000e+00
6.060711850207102458e+01,0.000000000000000000e+00,0.000000000000000000e+00
5.870360179526969802e+01,0.000000000000000000e+00,0.000000000000000000e+00
6.004497685812340535e+01,0.000000000000000000e+00,0.000000000000000000e+00
6.278187808021554872e+01,0.000000000000000000e+00,0.000000000000000000e+00
6.011847155728180070e+01,0.000000000000000000e+00,0.000000000000000000e+00
5.899898664449943908e+01,0.000000000000000000e+00,0.000000000000000000e+00
5.971871652799394070e+01,0.000000000000000000e+00,0.000000000000000000e+00
6.050062342232735091e+01,0.000000000000000000e+00,0.000000000000000000e+00
5.671209117666438715e+01,0.000000000000000000e+00,0.000000000000000000e+00
6.082348586913843036e+01,0.000000000000000000e+00,0.000000000000000000e+00
5.983532115853516586e+01,0.000000000000000000e+00,0.000000000000000000e+00
5.759756537240403418e+01,0.000000000000000000e+00,0.000000000000000000e+00
5.728365682365766531e+01,0.000000000000000000e+00,0.000000000000000000e+00
5.604249157864475706e+01,0.000000000000000000e+00,0.000000000000000000e+00
5.775450138919359944e+01,0.000000000000000000e+00,0.000000000000000000e+00
5.896489357872876269e+01,0.000000000000000000e+00,0.000000000000000000e+00
5.703340471842758319e+01,0.000000000000000000e+00,0.000000000000000000e+00
6.244267892640462492e+01,0.000000000000000000e+00,0.000000000000000000e+00
5.895653941123683950e+01,0.000000000000000000e+00,0.000000000000000000e+00
5.999601443563547321e+01,0.000000000000000000e+00,0.000000000000000000e+00
6.078682899616599400e+01,0.000000000000000000e+00,0.000000000000000000e+00
5.716793299218065272e+01,0.000000000000000000e+00,0.000000000000000000e+00
5.915097610053139476e+01,0.000000000000000000e+00,0.000000000000000000e+00
6.103691420181774419e+01,0.000000000000000000e+00,0.000000000000000000e+00
5.646706246375475757e+01,0.000000000000000000e+00,0.000000000000000000e+00
5.816718596167597610e+01,0.000000000000000000e+00,0.000000000000000000e+00
5.707117606317494563e+01,0.000000000000000000e+00,0.000000000000000000e+00
6.189558490561838511e+01,0.000000000000000000e+00,0.000000000000000000e+00
5.459959630981259693e+01,0.000000000000000000e+00,0.000000000000000000e+00
5.965395010314894364e+01,0.000000000000000000e+00,0.000000000000000000e+00
5.636422167868582989e+01,0.000000000000000000e+00,0.000000000000000000e+00
5.914859679722713537e+01,0.000000000000000000e+00,0.000000000000000000e+00
5.723972845558951406e+01,0.000000000000000000e+00,0.000000000000000000e+00
5.942862004338574877e+01,0.000000000000000000e+00,0.000000000000000000e+00
6.222029127046019426e+01,0.000000000000000000e+00,0.000000000000000000e+00
5.562898715145491479e+01,0.000000000000000000e+00,0.000000000000000000e+00
5.830222716105101455e+01,0.000000000000000000e+00,0.000000000000000000e+00
6.046739145406664306e+01,0.000000000000000000e+00,0.000000000000000000e+00
5.669771646653398989e+01,0.000000000000000000e+00,0.000000000000000000e+00
5.724326105380931295e+01,0.000000000000000000e+00,0.000000000000000000e+00
5.924296962930391430e+01,0.000000000000000000e+00,0.000000000000000000e+00
5.703322126834161310e+01,0.000000000000000000e+00,0.000000000000000000e+00
5.792178156357886820e+01,0.000000000000000000e+00,0.000000000000000000e+00
5.570273223438654497e+01,0.000000000000000000e+00,0.000000000000000000e+00
5.855472409161260572e+01,0.000000000000000000e+00,0.000000000000000000e+00
5.706873036453927739e+01,0.000000000000000000e+00,0.000000000000000000e+00
5.872059431877836033e+01,0.000000000000000000e+00,0.000000000000000000e+00
5.321550761160089138e+01,0.000000000000000000e+00,0.000000000000000000e+00
5.699691707860114320e+01,0.000000000000000000e+00,0.000000000000000000e+00
5.822297710679797689e+01,0.000000000000000000e+00,0.000000000000000000e+00
5.371119980328347054e+01,0.000000000000000000e+00,0.000000000000000000e+00
5.638367116504383603e+01,0.000000000000000000e+00,0.000000000000000000e+00
5.655082789162934631e+01,0.000000000000000000e+00,0.000000000000000000e+00
5.654978266341839799e+01,0.000000000000000000e+00,0.000000000000000000e+00
5.348712179784677545e+01,0.000000000000000000e+00,0.000000000000000000e+00
5.624966835785580344e+01,0.000000000000000000e+00,0.000000000000000000e+00
5.501720982098523649e+01,0.000000000000000000e+00,0.000000000000000000e+00
5.582298282564941161e+01,0.000000000000000000e+00,0.000000000000000000e+00
5.434763180658105597e+01,0.000000000000000000e+00,0.000000000000000000e+00
5.475693570978908298e+01,0.000000000000000000e+00,0.000000000000000000e+00
5.652015255095704305e+01,0.000000000000000000e+00,0.000000000000000000e+00
5.332104036195084262e+01,0.000000000000000000e+00,0.000000000000000000e+00
5.499615383133770763e+01,0.000000000000000000e+00,0.000000000000000000e+00
5.511388742287115150e+01,0.000000000000000000e+00,0.000000000000000000e+00
5.417230000527365519e+01,0.000000000000000000e+00,0.000000000000000000e+00
5.594116317677011807e+01,0.000000000000000000e+00,0.000000000000000000e+00
5.567937849053916466e+01,0.000000000000000000e+00,0.000000000000000000e+00
5.733439273650812851e+01,0.000000000000000000e+00,0.000000000000000000e+00
5.704171904349122002e+01,0.000000000000000000e+00,0.000000000000000000e+00
5.595165939419675993e+01,0.000000000000000000e+00,0.000000000000000000e+00
5.467099736819993439e+01,0.000000000000000000e+00,0.000000000000000000e+00
5.312396870963427631e+01,0.000000000000000000e+00,0.000000000000000000e+00
5.520422105463557472e+01,0.000000000000000000e+00,0.000000000000000000e+00
5.046852796099224747e+01,0.000000000000000000e+00,0.000000000000000000e+00
5.669873200490494014e+01,0.000000000000000000e+00,0.000000000000000000e+00
5.217002842616737013e+01,0.000000000000000000e+00,0.000000000000000000e+00
5.399575273623042193e+01,0.000000000000000000e+00,0.000000000000000000e+00
5.640652789949854196e+01,0.000000000000000000e+00,0.000000000000000000e+00
5.220222253914337784e+01,0.000000000000000000e+00,0.000000000000000000e+00
5.442880206765234874e+01,0.000000000000000000e+00,0.000000000000000000e+00
5.302651155332999622e+01,0.000000000000000000e+00,0.000000000000000000e+00
5.522737765911489305e+01,0.000000000000000000e+00,0.000000000000000000e+00
5.478744417205449935e+01,0.000000000000000000e+00,0.000000000000000000e+00
5.168848690037046367e+01,0.000000000000000000e+00,0.000000000000000000e+00
5.182094590463673711e+01,0.000000000000000000e+00,0.000000000000000000e+00
5.326362380546609643e+01,0.000000000000000000e+00,0.000000000000000000e+00
4.902150233180814354e+01,0.000000000000000000e+00,0.000000000000000000e+00
5.284936836309487518e+01,0.000000000000000000e+00,0.000000000000000000e+00
5.812796952995948629e+01,0.000000000000000000e+00,0.000000000000000000e+00
5.269822693718160878e+01,0.000000000000000000e+00,0.000000000000000000e+00
5.365804726530182478e+01,0.000000000000000000e+00,0.000000000000000000e+00
4.997956625960101462e+01,0.000000000000000000e+00,0.000000000000000000e+00
5.516692731102931191e+01,0.000000000000000000e+00,0.000000000000000000e+00
5.091449510944764256e+01,0.000000000000000000e+00,0.000000000000000000e+00
5.771884769521006575e+01,0.000000000000000000e+00,0.000000000000000000e+00
5.484679380494952738e+01,0.000000000000000000e+00,0.000000000000000000e+00
5.155507338923373339e+01,0.000000000000000000e+00,0.000000000000000000e+00
5.372579537208073930e+01,0.000000000000000000e+00,0.000000000000000000e+00
5.193596091866120901e+01,0.000000000000000000e+00,0.000000000000000000e+00
5.293951197270441611e+01,0.000000000000000000e+00,0.000000000000000000e+00
5.335712179519601506e+01,0.000000000000000000e+00,0.000000000000000000e+00
5.136733985958669990e+01,0.000000000000000000e+00,0.000000000000000000e+00
5.147581306033128357e+01,0.000000000000000000e+00,0.000000000000000000e+00
4.992401624252941872e+01,0.000000000000000000e+00,0.000000000000000000e+00
4.759887957086877464e+01,0.000000000000000000e+00,0.000000000000000000e+00
5.172875147136527119e+01,0.000000000000000000e+00,0.000000000000000000e+00
5.300183267968451162e+01,0.000000000000000000e+00,0.000000000000000000e+00
5.054274704371579929e+01,0.000000000000000000e+00,0.000000000000000000e+00
4.893758950073919323e+01,0.000000000000000000e+00,0.000000000000000000e+00
5.232830039756563423e+01,0.000000000000000000e+00,0.000000000000000000e+00
5.230476890928083833e+01,0.000000000000000000e+00,0.000000000000000000e+00
4.900678837510189823e+01,0.000000000000000000e+00,0.000000000000000000e+00
5.079198986825212359e+01,0.000000000000000000e+00,0.000000000000000000e+00
5.237001151430197865e+01,0.000000000000000000e+00,0.000000000000000000e+00
4.874469552921817694e+01,0.000000000000000000e+00,0.000000000000000000e+00
5.464903289846767365e+01,0.000000000000000000e+00,0.000000000000000000e+00
5.062130527355720488e+01,0.000000000000000000e+00,0.000000000000000000e+00
5.108993431424774201e+01,0.000000000000000000e+00,0.000000000000000000e+00
5.073266100432005032e+01,0.000000000000000000e+00,0.000000000000000000e+00
5.215989035057910428e+01,0.000000000000000000e+00,0.000000000000000000e+00
4.832782743382475843e+01,0.000000000000000000e+00,0.000000000000000000e+00
5.303872920469487440e+01,0.000000000000000000e+00,0.000000000000000000e+00
4.822229981211826555e+01,0.000000000000000000e+00,0.000000000000000000e+00
5.157670356851109972e+01,0.000000000000000000e+00,0.000000000000000000e+00
5.013714890815271019e+01,0.000000000000000000e+00,0.000000000000000000e+00
4.885844244285974725e+01,0.000000000000000000e+00,0.000000000000000000e+00
5.358249366332070451e+01,0.000000000000000000e+00,0.000000000000000000e+00
4.815474958205595613e+01,0.000000000000000000e+00,0.000000000000000000e+00
4.963116881087157140e+01,0.000000000000000000e+00,0.000000000000000000e+00
5.115497545228613063e+01,0.000000000000000000e+00,0.000000000000000000e+00
5.277374603567073308e+01,0.000000000000000000e+00,0.000000000000000000e+00
4.803605933504499603e+01,0.000000000000000000e+00,0.000000000000000000e+00
4.864961832810832476e+01,0.000000000000000000e+00,0.000000000000000000e+00
4.914358297578122858e+01,0.000000000000000000e+00,0.000000000000000000e+00
4.859518572645527001e+01,0.000000000000000000e+00,0.000000000000000000e+00
4.790150876612729292e+01,0.000000000000000000e+00,0.000000000000000000e+00
4.778474526725226212e+01,0.000000000000000000e+00,0.000000000000000000e+00
4.816923294951184431e+01,0.000000000000000000e+00,0.000000000000000000e+00
4.933162280283341516e+01,0.000000000000000000e+00,0.000000000000000000e+00
4.815527133108744096e+01,0.000000000000000000e+00,0.000000000000000000e+00
4.992650533560724568e+01,0.000000000000000000e+00,0.000000000000000000e+00
4.874584271708290828e+01,0.000000000000000000e+00,0.000000000000000000e+00
4.763770230038899456e+01,0.000000000000000000e+00,0.000000000000000000e+00
4.790009885744705542e+01,0.000000000000000000e+00,0.000000000000000000e+00
4.633486980863477100e+01,0.000000000000000000e+00,0.000000000000000000e+00
4.953956248356297465e+01,0.000000000000000000e+00,0.000000000000000000e+00
4.793638209164930686e+01,0.000000000000000000e+00,0.000000000000000000e+00
4.965284867632658461e+01,0.000000000000000000e+00,0.000000000000000000e+00
4.745815026094181377e+01,0.000000000000000000e+00,0.000000000000000000e+00
4.580452065718932886e+01,0.000000000000000000e+00,0.000000000000000000e+00
4.611155970913208790e+01,0.000000000000000000e+00,0.000000000000000000e+00
4.593978535100844596e+01,0.000000000000000000e+00,0.000000000000000000e+00
4.638242574227675874e+01,0.000000000000000000e+00,0.000000000000000000e+00
4.478402972945563931e+01,0.000000000000000000e+00,0.000000000000000000e+00
4.818557435139820910e+01,0.000000000000000000e+00,0.000000000000000000e+00
4.787056614296338353e+01,0.000000000000000000e+00,0.000000000000000000e+00
4.880069785235105684e+01,0.000000000000000000e+00,0.000000000000000000e+00
4.657774677455811485e+01,0.000000000000000000e+00,0.000000000000000000e+00
4.580375517249927952e+01,0.000000000000000000e+00,0.000000000000000000e+00
4.585055328621400861e+01,0.000000000000000000e+00,0.000000000000000000e+00
4.938490140297015785e+01,0.000000000000000000e+00,0.000000000000000000e+00
4.763659640569439091e+01,0.000000000000000000e+00,0.000000000000000000e+00
4.632500106108456350e+01,0.000000000000000000e+00,0.000000000000000000e+00
4.444093189924370080e+01,0.000000000000000000e+00,0.000000000000000000e+00
4.707771086875739286e+01,0.000000000000000000e+00,0.000000000000000000e+00
4.615615164385868496e+01,0.000000000000000000e+00,0.000000000000000000e+00
4.651922759727560219e+01,0.000000000000000000e+00,0.000000000000000000e+00
4.635791777379722589e+01,0.000000000000000000e+00,0.000000000000000000e+00
4.757043170590206671e+01,0.000000000000000000e+00,0.000000000000000000e+00
4.423084307675804894e+01,0.000000000000000000e+00,0.000000000000000000e+00
4.528364893105138123e+01,0.000000000000000000e+00,0.000000000000000000e+00
4.688827087713148956e+01,0.000000000000000000e+00,0.000000000000000000e+00
4.515925830252973583e+01,0.000000000000000000e+00,0.000000000000000000e+00
4.560650010324869186e+01,0.000000000000000000e+00,0.000000000000000000e+00
4.346958582374381308e+01,0.000000000000000000e+00,0.000000000000000000e+00
4.437145038856391466e+01,0.000000000000000000e+00,0.000000000000000000e+00
4.715705101155916168e+01,0.000000000000000000e+00,0.000000000000000000e+00
4.487955465864767746e+01,0.000000000000000000e+00,0.000000000000000000e+00
4.206049621371911940e+01,0.000000000000000000e+00,0.000000000000000000e+00
4.934760728307485067e+01,0.000000000000000000e+00,0.000000000000000000e+00
4.701946972652345380e+01,0.000000000000000000e+00,0.000000000000000000e+00
4.305396400357201969e+01,0.000000000000000000e+00,0.000000000000000000e+00
4.477467783116144062e+01,0.000000000000000000e+00,0.000000000000000000e+00
4.597595014038843431e+01,0.000000000000000000e+00,0.000000000000000000e+00
4.469468024502996428e+01,0.000000000000000000e+00,0.000000000000000000e+00
4.309344010192462804e+01,0.000000000000000000e+00,0.000000000000000000e+00
4.485684763926194307e+01,0.000000000000000000e+00,0.000000000000000000e+00
4.532886129599663150e+01,0.000000000000000000e+00,0.000000000000000000e+00
4.817399631587232989e+01,0.000000000000000000e+00,0.000000000000000000e+00
4.628949239450999897e+01,0.000000000000000000e+00,0.000000000000000000e+00
4.467627643900264189e+01,0.000000000000000000e+00,0.000000000000000000e+00
4.482047615801804596e+01,0.000000000000000000e+00,0.000000000000000000e+00
4.646279693648920528e+01,0.000000000000000000e+00,0.000000000000000000e+00
4.597722132103800163e+01,0.000000000000000000e+00,0.000000000000000000e+00
4.347609301197087461e+01,0.000000000000000000e+00,0.000000000000000000e+00
4.384406600706966373e+01,0.000000000000000000e+00,0.000000000000000000e+00
4.289930976059419976e+01,0.000000000000000000e+00,0.000000000000000000e+00
4.132517703922118102e+01,0.000000000000000000e+00,0.000000000000000000e+00
3.937334060508612055e+01,0.000000000000000000e+00,0.000000000000000000e+00
3.758254037714124962e+01,0.000000000000000000e+00,0.000000000000000000e+00
4.424214650081098199e+01,0.000000000000000000e+00,0.000000000000000000e+00
4.512526296065146880e+01,0.000000000000000000e+00,0.000000000000000000e+00
4.356964983510927425e+01,0.000000000000000000e+00,0.000000000000000000e+00
4.386897295306840761e+01,0.000000000000000000e+00,0.000000000000000000e+00
4.263002568787067048e+01,0.000000000000000000e+00,0.000000000000000000e+00
4.381236055297367926e+01,0.000000000000000000e+00,0.000000000000000000e+00
4.487732979792043153e+01,0.000000000000000000e+00,0.000000000000000000e+00
4.401284341506699604e+01,0.000000000000000000e+00,0.000000000000000000e+00
4.097603648197033976e+01,0.000000000000000000e+00,0.000000000000000000e+00
4.582680150073659320e+01,0.000000000000000000e+00,0.000000000000000000e+00
4.254520326800057006e+01,0.000000000000000000e+00,0.000000000000000000e+00
4.310859190335895619e+01,0.000000000000000000e+00,0.000000000000000000e+00
4.324423004538286364e+01,0.000000000000000000e+00,0.000000000000000000e+00
3.959683537952350463e+01,0.000000000000000000e+00,0.000000000000000000e+00
3.978278207086513873e+01,0.000000000000000000e+00,0.000000000000000000e+00
4.311007992452612569e+01,0.000000000000000000e+00,0.000000000000000000e+00
4.360207464466879657e+01,0.000000000000000000e+00,0.000000000000000000e+00
4.420235768500436535e+01,0.000000000000000000e+00,0.000000000000000000e+00
4.341053996096754730e+01,0.000000000000000000e+00,0.000000000000000000e+00
4.230728490484211335e+01,0.000000000000000000e+00,0.000000000000000000e+00
4.444569494936084908e+01,0.000000000000000000e+00,0.000000000000000000e+00
4.216417354467382950e+01,0.000000000000000000e+00,0.000000000000000000e+00
4.055399532330495305e+01,0.000000000000000000e+00,0.000000000000000000e+00
4.154099911270615308e+01,0.000000000000000000e+00,0.000000000000000000e+00
3.985931916079915993e+01,0.000000000000000000e+00,0.000000000000000000e+00
4.043613515838796957e+01,0.000000000000000000e+00,0.000000000000000000e+00
4.219950073398063495e+01,0.000000000000000000e+00,0.000000000000000000e+00
4.170969035243327028e+01,0.000000000000000000e+00,0.000000000000000000e+00
4.109713902121414009e+01,0.000000000000000000e+00,0.000000000000000000e+00
4.124372826670865777e+01,0.000000000000000000e+00,0.000000000000000000e+00
3.922810903596539589e+01,0.000000000000000000e+00,0.000000000000000000e+00
4.394875380376857521e+01,0.000000000000000000e+00,0.000000000000000000e+00
3.758187136633478076e+01,0.000000000000000000e+00,0.000000000000000000e+00
4.002742790459878819e+01,0.000000000000000000e+00,0.000000000000000000e+00
4.246165001632877534e+01,0.000000000000000000e+00,0.000000000000000000e+00
3.866534612729984843e+01,0.000000000000000000e+00,0.000000000000000000e+00
3.852364281474856966e+01,0.000000000000000000e+00,0.000000000000000000e+00
3.947048950425833880e+01,0.000000000000000000e+00,0.000000000000000000e+00
3.924952210582954848e+01,0.000000000000000000e+00,0.000000000000000000e+00
4.054575747393986518e+01,0.000000000000000000e+00,0.000000000000000000e+00
3.937010872624179569e+01,0.000000000000000000e+00,0.000000000000000000e+00
3.777573039287288026e+01,0.000000000000000000e+00,0.000000000000000000e+00
4.006095735510724154e+01,0.000000000000000000e+00,0.000000000000000000e+00
4.407441183815041086e+01,0.000000000000000000e+00,0.000000000000000000e+00
3.836984393048806652e+01,0.000000000000000000e+00,0.000000000000000000e+00
3.850156645413613887e+01,0.000000000000000000e+00,0.000000000000000000e+00
3.583541526991712800e+01,0.000000000000000000e+00,0.000000000000000000e+00
3.871197102472437024e+01,0.000000000000000000e+00,0.000000000000000000e+00
4.004451266902922413e+01,0.000000000000000000e+00,0.000000000000000000e+00
3.684186203139053362e+01,0.000000000000000000e+00,0.000000000000000000e+00
3.802980604431407841e+01,0.000000000000000000e+00,0.000000000000000000e+00
3.549937997621724151e+01,0.000000000000000000e+00,0.000000000000000000e+00
3.836050097481299304e+01,0.000000000000000000e+00,0.000000000000000000e+00
4.305487107906124322e+01,0.000000000000000000e+00,0.000000000000000000e+00
3.717552492911729445e+01,0.000000000000000000e+00,0.000000000000000000e+00
3.932333003515174141e+01,0.000000000000000000e+00,0.000000000000000000e+00
3.921410180684494406e+01,0.000000000000000000e+00,0.000000000000000000e+00
3.440864783866220478e+01,0.000000000000000000e+00,0.000000000000000000e+00
3.699092388185907510e+01,0.000000000000000000e+00,0.000000000000000000e+00
3.979976627579202386e+01,0.000000000000000000e+00,0.000000000000000000e+00
3.963211952727627363e+01,0.000000000000000000e+00,0.000000000000000000e+00
4.112553413998819707e+01,0.000000000000000000e+00,0.000000000000000000e+00
3.889193971851367593e+01,0.000000000000000000e+00,0.000000000000000000e+00
3.903713133799186608e+01,0.000000000000000000e+00,0.000000000000000000e+00
3.691193546542963588e+01,0.000000000000000000e+00,0.000000000000000000e+00
3.892276846840366744e+01,0.000000000000000000e+00,0.000000000000000000e+00
3.710818389241964610e+01,0.000000000000000000e+00,0.000000000000000000e+00
3.949177923154058334e+01,0.000000000000000000e+00,0.000000000000000000e+00
3.569852807043173470e+01,0.000000000000000000e+00,0.000000000000000000e+00
3.972767139836648198e+01,0.000000000000000000e+00,0.000000000000000000e+00
3.818996860466429411e+01,0.000000000000000000e+00,0.000000000000000000e+00
3.861071984305476690e+01,0.000000000000000000e+00,0.000000000000000000e+00
4.033106951591193479e+01,0.000000000000000000e+00,0.000000000000000000e+00
3.724838836835572664e+01,0.000000000000000000e+00,0.000000000000000000e+00
3.784486350685870804e+01,0.000000000000000000e+00,0.000000000000000000e+00
3.657361677869300820e+01,0.000000000000000000e+00,0.000000000000000000e+00
3.659062524114633419e+01,0.000000000000000000e+00,0.000000000000000000e+00
3.493533216343038106e+01,0.000000000000000000e+00,0.000000000000000000e+00
3.604092684846786199e+01,0.000000000000000000e+00,0.000000000000000000e+00
3.665581197450721618e+01,0.000000000000000000e+00,0.000000000000000000e+00
3.569108922468507927e+01,0.000000000000000000e+00,0.000000000000000000e+00
3.430289819425488673e+01,0.000000000000000000e+00,0.000000000000000000e+00
4.128842290368677936e+01,0.000000000000000000e+00,0.000000000000000000e+00
3.497527187989318520e+01,0.000000000000000000e+00,0.000000000000000000e+00
3.500483122601013264e+01,0.000000000000000000e+00,0.000000000000000000e+00
3.825187891128739182e+01,0.000000000000000000e+00,0.000000000000000000e+00
3.726336486702011541e+01,0.000000000000000000e+00,0.000000000000000000e+00
3.370212493628883266e+01,0.000000000000000000e+00,0.000000000000000000e+00
3.908651977890693274e+01,0.000000000000000000e+00,0.000000000000000000e+00
3.845173253855151074e+01,0.000000000000000000e+00,0.000000000000000000e+00
3.647296023601554538e+01,0.000000000000000000e+00,0.000000000000000000e+00
3.658808196276292080e+01,0.000000000000000000e+00,0.000000000000000000e+00
3.494249234624986400e+01,0.000000000000000000e+00,0.000000000000000000e+00
3.407068316205314318e+01,0.000000000000000000e+00,0.000000000000000000e+00
3.561954587782494031e+01,0.000000000000000000e+00,0.000000000000000000e+00
3.756392443186899754e+01,0.000000000000000000e+00,0.000000000000000000e+00
3.929381400572685834e+01,0.000000000000000000e+00,0.000000000000000000e+00
3.472784118676242571e+01,0.000000000000000000e+00,0.000000000000000000e+00
3.622588438649367504e+01,0.000000000000000000e+00,0.000000000000000000e+00
3.518434325550330755e+01,0.000000000000000000e+00,0.000000000000000000e+00
3.473903134674370818e+01,0.000000000000000000e+00,0.000000000000000000e+00
3.553912021818248235e+01,0.000000000000000000e+00,0.000000000000000000e+00
3.113119245359053622e+01,0.000000000000000000e+00,0.000000000000000000e+00
3.919943107006830729e+01,0.000000000000000000e+00,0.000000000000000000e+00
3.536603158449992890e+01,0.000000000000000000e+00,0.000000000000000000e+00
3.303789885398238368e+01,0.000000000000000000e+00,0.000000000000000000e+00
3.510014742424694845e+01,0.000000000000000000e+00,0.000000000000000000e+00
3.266673379565563806e+01,0.000000000000000000e+00,0.000000000000000000e+00
3.261572580883681383e+01,0.000000000000000000e+00,0.000000000000000000e+00
3.513341294015663152e+01,0.000000000000000000e+00,0.000000000000000000e+00
3.552553591589087745e+01,0.000000000000000000e+00,0.000000000000000000e+00
3.496348606456610497e+01,0.000000000000000000e+00,0.000000000000000000e+00
3.192233468424768361e+01,0.000000000000000000e+00,0.000000000000000000e+00
3.974808759029512828e+01,0.000000000000000000e+00,0.000000000000000000e+00
3.773601129119306563e+01,0.000000000000000000e+00,0.000000000000000000e+00
4.113523233091148512e+01,0.000000000000000000e+00,0.000000000000000000e+00
3.427726465968104463e+01,0.000000000000000000e+00,0.000000000000000000e+00
3.607807899763420068e+01,0.000000000000000000e+00,0.000000000000000000e+00
3.649931776215085932e+01,0.000000000000000000e+00,0.000000000000000000e+00
3.271991521327663577e+01,0.000000000000000000e+00,0.000000000000000000e+00
3.223954275018699889e+01,0.000000000000000000e+00,0.000000000000000000e+00
3.414563448005671376e+01,0.000000000000000000e+00,0.000000000000000000e+00
3.115879895374601105e+01,0.000000000000000000e+00,0.000000000000000000e+00
3.386335184162621914e+01,0.000000000000000000e+00,0.000000000000000000e+00
3.509340787303071352e+01,0.000000000000000000e+00,0.000000000000000000e+00
3.369983611725893979e+01,0.000000000000000000e+00,0.000000000000000000e+00
3.251082748289601909e+01,0.000000000000000000e+00,0.000000000000000000e+00
3.323550503642511700e+01,0.000000000000000000e+00,0.000000000000000000e+00
3.359683560967616245e+01,0.000000000000000000e+00,0.000000000000000000e+00
3.459711379447001178e+01,0.000000000000000000e+00,0.000000000000000000e+00
3.594621979177619409e+01,0.000000000000000000e+00,0.000000000000000000e+00
3.412994022007341499e+01,0.000000000000000000e+00,0.000000000000000000e+00
3.443059765431436858e+01,0.000000000000000000e+00,0.000000000000000000e+00
3.342170712944855637e+01,0.000000000000000000e+00,0.000000000000000000e+00
3.195413797785024457e+01,0.000000000000000000e+00,0.000000000000000000e+00
3.651794234604498968e+01,0.000000000000000000e+00,0.000000000000000000e+00
3.246232279384882702e+01,0.000000000000000000e+00,0.000000000000000000e+00
3.426749836589823417e+01,0.000000000000000000e+00,0.000000000000000000e+00
3.811979332184321834e+01,0.000000000000000000e+00,0.000000000000000000e+00
3.663474279220423568e+01,0.000000000000000000e+00,0.000000000000000000e+00
3.252099454071185392e+01,0.000000000000000000e+00,0.000000000000000000e+00
3.639001864420645660e+01,0.000000000000000000e+00,0.000000000000000000e+00
3.119848472512228099e+01,0.000000000000000000e+00,0.000000000000000000e+00
3.127713194554831944e+01,0.000000000000000000e+00,0.000000000000000000e+00
3.483806753150228985e+01,0.000000000000000000e+00,0.000000000000000000e+00
3.500815175267110391e+01,0.000000000000000000e+00,0.000000000000000000e+00
3.301501525680023263e+01,0.000000000000000000e+00,0.000000000000000000e+00
3.393802182163999959e+01,0.000000000000000000e+00,0.000000000000000000e+00
3.358090002644780725e+01,0.000000000000000000e+00,0.000000000000000000e+00
3.447629049148991953e+01,0.000000000000000000e+00,0.000000000000000000e+00
3.077141314624951818e+01,0.000000000000000000e+00,0.000000000000000000e+00
3.176899497006361273e+01,0.000000000000000000e+00,0.000000000000000000e+00
3.233217713565290552e+01,0.000000000000000000e+00,0.000000000000000000e+00
3.126105491339323095e+01,0.000000000000000000e+00,0.000000000000000000e+00
3.134802935000106316e+01,0.000000000000000000e+00,0.000000000000000000e+00
3.434105102264491194e+01,0.000000000000000000e+00,0.000000000000000000e+00
3.222025986759862093e+01,0.000000000000000000e+00,0.000000000000000000e+00
3.685598656778135052e+01,0.000000000000000000e+00,0.000000000000000000e+00
3.159903806247410074e+01,0.000000000000000000e+00,0.000000000000000000e+00
3.282329439798054693e+01,0.000000000000000000e+00,0.000000000000000000e+00
2.872365087242574333e+01,0.000000000000000000e+00,0.000000000000000000e+00
3.098317598080239321e+01,0.000000000000000000e+00,0.000000000000000000e+00
3.586415601893050820e+01,0.000000000000000000e+00,0.000000000000000000e+00
2.990036794541664733e+01,0.000000000000000000e+00,0.000000000000000000e+00
3.360228249111773380e+01,0.000000000000000000e+00,0.000000000000000000e+00
3.085325491892745475e+01,0.000000000000000000e+00,0.000000000000000000e+00
3.249889474004891099e+01,0.000000000000000000e+00,0.000000000000000000e+00
3.152577216328344178e+01,0.000000000000000000e+00,0.000000000000000000e+00
3.031553958399898363e+01,0.000000000000000000e+00,0.000000000000000000e+00
2.451035793407670127e+01,0.000000000000000000e+00,0.000000000000000000e+00
3.174727536436213171e+01,0.000000000000000000e+00,0.000000000000000000e+00
3.077293885967692333e+01,0.000000000000000000e+00,0.000000000000000000e+00
3.448677160761176452e+01,0.000000000000000000e+00,0.000000000000000000e+00
2.869044706685835422e+01,0.000000000000000000e+00,0.000000000000000000e+00
3.235411583081225473e+01,0.000000000000000000e+00,0.000000000000000000e+00
3.112690435605813022e+01,0.000000000000000000e+00,0.000000000000000000e+00
2.903434962552175591e+01,0.000000000000000000e+00,0.000000000000000000e+00
3.336566336615639727e+01,0.000000000000000000e+00,0.000000000000000000e+00
3.097397691887777071e+01,0.000000000000000000e+00,0.000000000000000000e+00
2.879725105015377551e+01,0.000000000000000000e+00,0.000000000000000000e+00
3.299430114057843610e+01,0.000000000000000000e+00,0.000000000000000000e+00
3.246988268675645628e+01,0.000000000000000000e+00,0.000000000000000000e+00
2.760435421297112057e+01,0.000000000000000000e+00,0.000000000000000000e+00
2.937084043687251977e+01,0.000000000000000000e+00,0.000000000000000000e+00
3.027377359373628707e+01,0.000000000000000000e+00,0.000000000000000000e+00
3.017802156195626750e+01,0.000000000000000000e+00,0.000000000000000000e+00
3.501471322944432529e+01,0.000000000000000000e+00,0.000000000000000000e+00
2.920991907384037134e+01,0.000000000000000000e+00,0.000000000000000000e+00
3.360391691798827196e+01,0.000000000000000000e+00,0.000000000000000000e+00
3.099045999106871108e+01,0.000000000000000000e+00,0.000000000000000000e+00
2.860024853058806471e+01,0.000000000000000000e+00,0.000000000000000000e+00
2.789892577094191850e+01,0.000000000000000000e+00,0.000000000000000000e+00
2.697386985100543200e+01,0.000000000000000000e+00,0.000000000000000000e+00
2.560976697337024532e+01,0.000000000000000000e+00,0.000000000000000000e+00
3.169466531090180439e+01,0.000000000000000000e+00,0.000000000000000000e+00
2.983901881819036461e+01,0.000000000000000000e+00,0.000000000000000000e+00
2.932027190572139119e+01,0.000000000000000000e+00,0.000000000000000000e+00
3.209503242809850576e+01,0.000000000000000000e+00,0.000000000000000000e+00
2.587749834091912149e+01,0.000000000000000000e+00,0.000000000000000000e+00
2.983691057967886096e+01,0.000000000000000000e+00,0.000000000000000000e+00
3.136282675134195586e+01,0.000000000000000000e+00,0.000000000000000000e+00
2.814922030293420718e+01,0.000000000000000000e+00,0.000000000000000000e+00
2.977674918723133146e+01,0.000000000000000000e+00,0.000000000000000000e+00
3.196654473374238492e+01,0.000000000000000000e+00,0.000000000000000000e+00
3.101591418087316043e+01,0.000000000000000000e+00,0.000000000000000000e+00
3.073738476352459514e+01,0.000000000000000000e+00,0.000000000000000000e+00
2.665315838611142851e+01,0.000000000000000000e+00,0.000000000000000000e+00
2.897339702983522258e+01,0.000000000000000000e+00,0.000000000000000000e+00
3.000143713498500020e+01,0.000000000000000000e+00,0.000000000000000000e+00
2.762479660947091986e+01,0.000000000000000000e+00,0.000000000000000000e+00
2.657019420520044406e+01,0.000000000000000000e+00,0.000000000000000000e+00
2.795543098601805809e+01,0.000000000000000000e+00,0.000000000000000000e+00
2.590522624878491342e+01,0.000000000000000000e+00,0.000000000000000000e+00
2.779944094425869139e+01,0.000000000000000000e+00,0.000000000000000000e+00
2.639416622150335101e+01,0.000000000000000000e+00,0.000000000000000000e+00
2.950581671071918066e+01,0.000000000000000000e+00,0.000000000000000000e+00
2.947668457530348718e+01,0.000000000000000000e+00,0.000000000000000000e+00
3.218138692605673157e+01,0.000000000000000000e+00,0.000000000000000000e+00
2.918299951991325258e+01,0.000000000000000000e+00,0.000000000000000000e+00
2.426973553158955355e+01,0.000000000000000000e+00,0.000000000000000000e+00
2.764370254040278851e+01,0.000000000000000000e+00,0.000000000000000000e+00
2.467814286192954398e+01,0.000000000000000000e+00,0.000000000000000000e+00
2.785354390328747698e+01,0.000000000000000000e+00,0.000000000000000000e+00
2.782330620781322850e+01,0.000000000000000000e+00,0.000000000000000000e+00
2.927556564324715893e+01,0.000000000000000000e+00,0.000000000000000000e+00
2.591136202189935389e+01,0.000000000000000000e+00,0.000000000000000000e+00
2.692405119953642867e+01,0.000000000000000000e+00,0.000000000000000000e+00
2.651786129514652046e+01,0.000000000000000000e+00,0.000000000000000000e+00
2.784697230486640152e+01,0.000000000000000000e+00,0.000000000000000000e+00
2.701646926250130676e+01,0.000000000000000000e+00,0.000000000000000000e+00
2.871299872716082291e+01,0.000000000000000000e+00,0.000000000000000000e+00
2.706557772104868675e+01,0.000000000000000000e+00,0.000000000000000000e+00
2.852080508386181634e+01,0.000000000000000000e+00,0.000000000000000000e+00
2.773904481841686120e+01,0.000000000000000000e+00,0.000000000000000000e+00
2.714653129447162527e+01,0.000000000000000000e+00,0.000000000000000000e+00
2.431383997893860993e+01,0.000000000000000000e+00,0.000000000000000000e+00
2.400890427530183047e+01,0.000000000000000000e+00,0.000000000000000000e+00
2.450658252239761126e+01,0.000000000000000000e+00,0.000000000000000000e+00
3.247040125319708181e+01,0.000000000000000000e+00,0.000000000000000000e+00
2.470708619945517626e+01,0.000000000000000000e+00,0.000000000000000000e+00
2.982571452389750988e+01,0.000000000000000000e+00,0.000000000000000000e+00
2.810299903857684001e+01,0.000000000000000000e+00,0.000000000000000000e+00
2.595624022291438493e+01,0.000000000000000000e+00,0.000000000000000000e+00
2.845695979344554516e+01,0.000000000000000000e+00,0.000000000000000000e+00
2.877916485776140831e+01,0.000000000000000000e+00,0.000000000000000000e+00
2.750189276239303027e+01,0.000000000000000000e+00,0.000000000000000000e+00
2.701921924651165341e+01,0.000000000000000000e+00,0.000000000000000000e+00
2.540396507919166069e+01,0.000000000000000000e+00,0.000000000000000000e+00
2.794766718473114508e+01,0.000000000000000000e+00,0.000000000000000000e+00
2.598491327336965995e+01,0.000000000000000000e+00,0.000000000000000000e+00
2.686967727323430566e+01,0.000000000000000000e+00,0.000000000000000000e+00
2.655377553573193339e+01,0.000000000000000000e+00,0.000000000000000000e+00
2.365965988311646129e+01,0.000000000000000000e+00,0.000000000000000000e+00
2.606752734902183732e+01,0.000000000000000000e+00,0.000000000000000000e+00
2.684914558216205549e+01,0.000000000000000000e+00,0.000000000000000000e+00
2.564845067706421489e+01,0.000000000000000000e+00,0.000000000000000000e+00
2.612423208359107107e+01,0.000000000000000000e+00,0.000000000000000000e+00
2.707269561247404610e+01,0.000000000000000000e+00,0.000000000000000000e+00
2.373975097143822310e+01,0.000000000000000000e+00,0.000000000000000000e+00
2.662948763164182608e+01,0.000000000000000000e+00,0.000000000000000000e+00
2.933184338384657153e+01,0.000000000000000000e+00,0.000000000000000000e+00
2.499266612042092461e+01,0.000000000000000000e+00,0.000000000000000000e+00
2.830005253136922505e+01,0.000000000000000000e+00,0.000000000000000000e+00
2.833917755037679242e+01,0.000000000000000000e+00,0.000000000000000000e+00
2.612594875963781860e+01,0.000000000000000000e+00,0.000000000000000000e+00
2.416114940825005419e+01,0.000000000000000000e+00,0.000000000000000000e+00
2.414202102347870493e+01,0.000000000000000000e+00,0.000000000000000000e+00
2.606352343991528642e+01,0.000000000000000000e+00,0.000000000000000000e+00
2.727434551471760571e+01,0.000000000000000000e+00,0.000000000000000000e+00
2.549650846692627226e+01,0.000000000000000000e+00,0.000000000000000000e+00
2.441070203239526037e+01,0.000000000000000000e+00,0.000000000000000000e+00
2.595439062229550586e+01,0.000000000000000000e+00,0.000000000000000000e+00
2.573096047930648567e+01,0.000000000000000000e+00,0.000000000000000000e+00
2.733242533340837355e+01,0.000000000000000000e+00,0.000000000000000000e+00
2.779999003211190711e+01,0.000000000000000000e+00,0.000000000000000000e+00
2.583911255976540033e+01,0.000000000000000000e+00,0.000000000000000000e+00
2.512003366010413075e+01,0.000000000000000000e+00,0.000000000000000000e+00
2.979944685337310872e+01,0.000000000000000000e+00,0.000000000000000000e+00
2.349107082130470303e+01,0.000000000000000000e+00,0.000000000000000000e+00
2.644790019853514806e+01,0.000000000000000000e+00,0.000000000000000000e+00
2.690952331306850454e+01,0.000000000000000000e+00,0.000000000000000000e+00
2.536375652709484285e+01,0.000000000000000000e+00,0.000000000000000000e+00
2.045312797788184511e+01,0.000000000000000000e+00,0.000000000000000000e+00
2.608693312396204789e+01,0.000000000000000000e+00,0.000000000000000000e+00
2.258970868217352646e+01,0.000000000000000000e+00,0.000000000000000000e+00
2.703990749228244894e+01,0.000000000000000000e+00,0.000000000000000000e+00
2.630443393010845554e+01,0.000000000000000000e+00,0.000000000000000000e+00
2.403885145826068026e+01,0.000000000000000000e+00,0.000000000000000000e+00
2.469726186779926635e+01,0.000000000000000000e+00,0.000000000000000000e+00
2.580122538300554424e+01,0.000000000000000000e+00,0.000000000000000000e+00
2.544990269830540086e+01,0.000000000000000000e+00,0.000000000000000000e+00
2.171234757403598792e+01,0.000000000000000000e+00,0.000000000000000000e+00
2.459249563978215036e+01,0.000000000000000000e+00,0.000000000000000000e+00
2.502125071869610551e+01,0.000000000000000000e+00,0.000000000000000000e+00
2.544609322004651020e+01,0.000000000000000000e+00,0.000000000000000000e+00
2.347511552382844613e+01,0.000000000000000000e+00,0.000000000000000000e+00
2.336924028604580883e+01,0.000000000000000000e+00,0.000000000000000000e+00
2.125390086038748194e+01,0.000000000000000000e+00,0.000000000000000000e+00
2.430984410753663028e+01,0.000000000000000000e+00,0.000000000000000000e+00
2.167820133202183186e+01,0.000000000000000000e+00,0.000000000000000000e+00
2.571016493427424265e+01,0.000000000000000000e+00,0.000000000000000000e+00
2.451319082818862327e+01,0.000000000000000000e+00,0.000000000000000000e+00
2.866356622313497837e+01,0.000000000000000000e+00,0.000000000000000000e+00
2.402256868855163319e+01,0.000000000000000000e+00,0.000000000000000000e+00
2.359400201433863131e+01,0.000000000000000000e+00,0.000000000000000000e+00
2.297462321220725556e+01,0.000000000000000000e+00,0.000000000000000000e+00
2.287417277061493337e+01,0.000000000000000000e+00,0.000000000000000000e+00
2.417624210216482794e+01,0.000000000000000000e+00,0.000000000000000000e+00
2.436102948391901180e+01,0.000000000000000000e+00,0.000000000000000000e+00
2.757273195269223365e+01,0.000000000000000000e+00,0.000000000000000000e+00
2.484006874411072729e+01,0.000000000000000000e+00,0.000000000000000000e+00
2.192564847278123352e+01,0.000000000000000000e+00,0.000000000000000000e+00
2.178059363346258692e+01,0.000000000000000000e+00,0.000000000000000000e+00
2.182634372997322458e+01,0.000000000000000000e+00,0.000000000000000000e+00
1.992681553333240885e+01,0.000000000000000000e+00,0.000000000000000000e+00
1.864502925254629062e+01,0.000000000000000000e+00,0.000000000000000000e+00
2.368012762243791869e+01,0.000000000000000000e+00,0.000000000000000000e+00
2.169921256508668961e+01,0.000000000000000000e+00,0.000000000000000000e+00
2.472204505226786964e+01,0.000000000000000000e+00,0.000000000000000000e+00
2.503602381028467150e+01,0.000000000000000000e+00,0.000000000000000000e+00
2.389854023649242265e+01,0.000000000000000000e+00,0.000000000000000000e+00
2.404804340531699580e+01,0.000000000000000000e+00,0.000000000000000000e+00
2.420344635479436590e+01,0.000000000000000000e+00,0.000000000000000000e+00
2.484923902198854506e+01,0.000000000000000000e+00,0.000000000000000000e+00
2.471289971992258927e+01,0.000000000000000000e+00,0.000000000000000000e+00
2.360961367051373472e+01,0.000000000000000000e+00,0.000000000000000000e+00
2.481453358432223411e+01,0.000000000000000000e+00,0.000000000000000000e+00
2.200039181216216733e+01,0.000000000000000000e+00,0.000000000000000000e+00
2.546223081084265161e+01,0.000000000000000000e+00,0.000000000000000000e+00
2.618256365639259187e+01,0.000000000000000000e+00,0.000000000000000000e+00
2.271380418066795315e+01,0.000000000000000000e+00,0.000000000000000000e+00
2.186984247645645496e+01,0.000000000000000000e+00,0.000000000000000000e+00
2.426642666993663155e+01,0.000000000000000000e+00,0.000000000000000000e+00
2.335268661194307782e+01,0.000000000000000000e+00,0.000000000000000000e+00
2.204817994951291382e+01,0.000000000000000000e+00,0.000000000000000000e+00
2.445457868867391227e+01,0.000000000000000000e+00,0.000000000000000000e+00
2.130007012567791946e+01,0.000000000000000000e+00,0.000000000000000000e+00
2.294495817894122069e+01,0.000000000000000000e+00,0.000000000000000000e+00
2.375489364888067456e+01,0.000000000000000000e+00,0.000000000000000000e+00
2.280903019287814359e+01,0.000000000000000000e+00,0.000000000000000000e+00
1.886130658116237413e+01,0.000000000000000000e+00,0.000000000000000000e+00
2.856902312527434162e+01,0.000000000000000000e+00,0.000000000000000000e+00
2.386613233161528314e+01,0.000000000000000000e+00,0.000000000000000000e+00
2.256309070691904850e+01,0.000000000000000000e+00,0.000000000000000000e+00
2.361076718424535770e+01,0.000000000000000000e+00,0.000000000000000000e+00
2.100681298290768240e+01,0.000000000000000000e+00,0.000000000000000000e+00
2.725009879234607624e+01,0.000000000000000000e+00,0.000000000000000000e+00
2.380509014838882820e+01,0.000000000000000000e+00,0.000000000000000000e+00
2.421938589029021216e+01,0.000000000000000000e+00,0.000000000000000000e+00
2.140233420213345994e+01,0.000000000000000000e+00,0.000000000000000000e+00
1.888766562235264956e+01,0.000000000000000000e+00,0.000000000000000000e+00
2.418982140316043328e+01,0.000000000000000000e+00,0.000000000000000000e+00
2.254808784595607563e+01,0.000000000000000000e+00,0.000000000000000000e+00
1.877728214531040862e+01,0.000000000000000000e+00,0.000000000000000000e+00
2.383602969271383998e+01,0.000000000000000000e+00,0.000000000000000000e+00
1.775905118557915685e+01,0.000000000000000000e+00,0.000000000000000000e+00
2.552249293112430450e+01,0.000000000000000000e+00,0.000000000000000000e+00
1.901197695806149568e+01,0.000000000000000000e+00,0.000000000000000000e+00
1.825221607524466449e+01,0.000000000000000000e+00,0.000000000000000000e+00
2.516950414164629635e+01,0.000000000000000000e+00,0.000000000000000000e+00
2.630009519893078007e+01,0.000000000000000000e+00,0.000000000000000000e+00
2.159898965697533413e+01,0.000000000000000000e+00,0.000000000000000000e+00
2.331225883796258103e+01,0.000000000000000000e+00,0.000000000000000000e+00
2.511081605086014434e+01,0.000000000000000000e+00,0.000000000000000000e+00
2.260668693470983825e+01,0.000000000000000000e+00,0.000000000000000000e+00
2.313222098948618921e+01,0.000000000000000000e+00,0.000000000000000000e+00
2.456865967885363133e+01,0.000000000000000000e+00,0.000000000000000000e+00
1.938576115078508622e+01,0.000000000000000000e+00,0.000000000000000000e+00
2.342487434055230011e+01,0.000000000000000000e+00,0.000000000000000000e+00
2.120040575002495586e+01,0.000000000000000000e+00,0.000000000000000000e+00
2.086336281688909011e+01,0.000000000000000000e+00,0.000000000000000000e+00
2.081388211950955736e+01,0.000000000000000000e+00,0.000000000000000000e+00
2.125999770581898929e+01,0.000000000000000000e+00,0.000000000000000000e+00
1.797445831555197060e+01,0.000000000000000000e+00,0.000000000000000000e+00
2.000245814927624011e+01,0.000000000000000000e+00,0.000000000000000000e+00
2.203131924252072693e+01,0.000000000000000000e+00,0.000000000000000000e+00
1.965404560528439504e+01,0.000000000000000000e+00,0.000000000000000000e+00
2.024619051132019365e+01,0.000000000000000000e+00,0.000000000000000000e+00
1.906012136408526914e+01,0.000000000000000000e+00,0.000000000000000000e+00
2.024686682886620659e+01,0.000000000000000000e+00,0.000000000000000000e+00
2.268433917979194447e+01,0.000000000000000000e+00,0.000000000000000000e+00
2.084028694079071897e+01,0.000000000000000000e+00,0.000000000000000000e+00
2.270604695050890953e+01,0.000000000000000000e+00,0.000000000000000000e+00
2.097774243226156798e+01,0.000000000000000000e+00,0.000000000000000000e+00
1.842792269857147858e+01,0.000000000000000000e+00,0.000000000000000000e+00
1.960153574546227517e+01,0.000000000000000000e+00,0.000000000000000000e+00
1.942226732287673840e+01,0.000000000000000000e+00,0.000000000000000000e+00
2.386388304221232559e+01,0.000000000000000000e+00,0.000000000000000000e+00
2.029467967922225213e+01,0.000000000000000000e+00,0.000000000000000000e+00
1.728920737178456690e+01,0.000000000000000000e+00,0.000000000000000000e+00
2.372365190358581444e+01,0.000000000000000000e+00,0.000000000000000000e+00
1.928022038772019897e+01,0.000000000000000000e+00,0.000000000000000000e+00
2.106600808192989049e+01,0.000000000000000000e+00,0.000000000000000000e+00
2.342889887428431805e+01,0.000000000000000000e+00,0.000000000000000000e+00
2.049285031478191144e+01,0.000000000000000000e+00,0.000000000000000000e+00
2.280540336511493393e+01,0.000000000000000000e+00,0.000000000000000000e+00
2.219842395031241722e+01,0.000000000000000000e+00,0.000000000000000000e+00
1.917403951428765652e+01,0.000000000000000000e+00,0.000000000000000000e+00
2.570020324159664327e+01,0.000000000000000000e+00,0.000000000000000000e+00
2.325721112560437831e+01,0.000000000000000000e+00,0.000000000000000000e+00
2.171299125362525473e+01,0.000000000000000000e+00,0.000000000000000000e+00
2.261095356664064582e+01,0.000000000000000000e+00,0.000000000000000000e+00
1.866933986510696286e+01,0.000000000000000000e+00,0.000000000000000000e+00
2.066827022358623367e+01,0.000000000000000000e+00,0.000000000000000000e+00
2.078218250720481208e+01,0.000000000000000000e+00,0.000000000000000000e+00
2.176642548133497712e+01,0.000000000000000000e+00,0.000000000000000000e+00
2.366142212182934301e+01,0.000000000000000000e+00,0.000000000000000000e+00
2.102675493869669765e+01,0.000000000000000000e+00,0.000000000000000000e+00
1.901431495714004072e+01,0.000000000000000000e+00,0.000000000000000000e+00
1.656650784299407064e+01,0.000000000000000000e+00,0.000000000000000000e+00
1.972781402038241083e+01,0.000000000000000000e+00,0.000000000000000000e+00
2.154657690562789085e+01,0.000000000000000000e+00,0.000000000000000000e+00
2.039758160854213997e+01,0.000000000000000000e+00,0.000000000000000000e+00
2.214340592434624355e+01,0.000000000000000000e+00,0.000000000000000000e+00
2.261736459903568175e+01,0.000000000000000000e+00,0.000000000000000000e+00
1.844429482205212878e+01,0.000000000000000000e+00,0.000000000000000000e+00
1.912488299005315184e+01,0.000000000000000000e+00,0.000000000000000000e+00
2.227447608349643815e+01,0.000000000000000000e+00,0.000000000000000000e+00
1.909635611355944107e+01,0.000000000000000000e+00,0.000000000000000000e+00
1.975398552210505798e+01,0.000000000000000000e+00,0.000000000000000000e+00
1.871859315539007440e+01,0.000000000000000000e+00,0.000000000000000000e+00
2.146306405469433543e+01,0.000000000000000000e+00,0.000000000000000000e+00
1.938138968678023488e+01,0.000000000000000000e+00,0.000000000000000000e+00
2.147991596348659016e+01,0.000000000000000000e+00,0.000000000000000000e+00
1.868083761939708864e+01,0.000000000000000000e+00,0.000000000000000000e+00
2.150653480761686254e+01,0.000000000000000000e+00,0.000000000000000000e+00
1.874207464005859336e+01,0.000000000000000000e+00,0.000000000000000000e+00
1.927098853724069727e+01,0.000000000000000000e+00,0.000000000000000000e+00
2.137973915216981524e+01,0.000000000000000000e+00,0.000000000000000000e+00
1.883879432933962050e+01,0.000000000000000000e+00,0.000000000000000000e+00
1.938068928189956353e+01,0.000000000000000000e+00,0.000000000000000000e+00
2.171092495164451108e+01,0.000000000000000000e+00,0.000000000000000000e+00
1.907437234080223476e+01,0.000000000000000000e+00,0.000000000000000000e+00
1.983191565787958766e+01,0.000000000000000000e+00,0.000000000000000000e+00
1.912263699151170471e+01,0.000000000000000000e+00,0.000000000000000000e+00
2.285763407407824488e+01,0.000000000000000000e+00,0.000000000000000000e+00
2.350762627515010905e+01,0.000000000000000000e+00,0.000000000000000000e+00
1.872145226285119080e+01,0.000000000000000000e+00,0.000000000000000000e+00
1.992245841852931321e+01,0.000000000000000000e+00,0.000000000000000000e+00
1.915253750753640816e+01,0.000000000000000000e+00,0.000000000000000000e+00
1.851133177539485430e+01,0.000000000000000000e+00,0.000000000000000000e+00
1.898409286011255404e+01,0.000000000000000000e+00,0.000000000000000000e+00
2.034626112874629200e+01,0.000000000000000000e+00,0.000000000000000000e+00
1.696605034654475475e+01,0.000000000000000000e+00,0.000000000000000000e+00
1.963549841762451464e+01,0.000000000000000000e+00,0.000000000000000000e+00
2.353544752731442813e+01,0.000000000000000000e+00,0.000000000000000000e+00
2.411662377912953659e+01,0.000000000000000000e+00,0.000000000000000000e+00
2.114030846470243574e+01,0.000000000000000000e+00,0.000000000000000000e+00
2.125340947100616873e+01,0.000000000000000000e+00,0.000000000000000000e+00
2.111903344983400288e+01,0.000000000000000000e+00,0.000000000000000000e+00
2.333536454741403077e+01,0.000000000000000000e+00,0.000000000000000000e+00
2.113280742559193826e+01,0.000000000000000000e+00,0.000000000000000000e+00
1.868052222044239841e+01,0.000000000000000000e+00,0.000000000000000000e+00
1.974763694265313063e+01,0.000000000000000000e+00,0.000000000000000000e+00
1.915470613967343638e+01,0.000000000000000000e+00,0.000000000000000000e+00
1.913333644451604343e+01,0.000000000000000000e+00,0.000000000000000000e+00
2.161789272541145479e+01,0.000000000000000000e+00,0.000000000000000000e+00
1.913435042616438508e+01,0.000000000000000000e+00,0.000000000000000000e+00
2.372179249508580057e+01,0.000000000000000000e+00,0.000000000000000000e+00
1.766949012845060096e+01,0.000000000000000000e+00,0.000000000000000000e+00
2.108790944103495946e+01,0.000000000000000000e+00,0.000000000000000000e+00
2.070235662270919974e+01,0.000000000000000000e+00,0.000000000000000000e+00
2.127080373267579816e+01,0.000000000000000000e+00,0.000000000000000000e+00
2.176701401706009165e+01,0.000000000000000000e+00,0.000000000000000000e+00
1.877663407547917274e+01,0.000000000000000000e+00,0.000000000000000000e+00
1.834751061626006319e+01,0.000000000000000000e+00,0.000000000000000000e+00
1.834733475318677520e+01,0.000000000000000000e+00,0.000000000000000000e+00
1.882468773905344861e+01,0.000000000000000000e+00,0.000000000000000000e+00
1.829080934729030261e+01,0.000000000000000000e+00,0.000000000000000000e+00
1.921345822911356649e+01,0.000000000000000000e+00,0.000000000000000000e+00
2.392225299821102524e+01,0.000000000000000000e+00,0.000000000000000000e+00
2.260189109345887815e+01,0.000000000000000000e+00,0.000000000000000000e+00
2.171019858969394178e+01,0.000000000000000000e+00,0.000000000000000000e+00
2.158770010619629787e+01,0.000000000000000000e+00,0.000000000000000000e+00
2.167904344444526288e+01,0.000000000000000000e+00,0.000000000000000000e+00
1.673568584565159156e+01,0.000000000000000000e+00,0.000000000000000000e+00
2.007062292560103245e+01,0.000000000000000000e+00,0.000000000000000000e+00
2.216827256680989677e+01,0.000000000000000000e+00,0.000000000000000000e+00
2.140267602810646608e+01,0.000000000000000000e+00,0.000000000000000000e+00
1.955726994237949512e+01,0.000000000000000000e+00,0.000000000000000000e+00
2.100957114748143439e+01,0.000000000000000000e+00,0.000000000000000000e+00
2.394990738672104769e+01,0.000000000000000000e+00,0.000000000000000000e+00
2.129293269907391917e+01,0.000000000000000000e+00,0.000000000000000000e+00
2.041280234286226047e+01,0.000000000000000000e+00,0.000000000000000000e+00
2.080008417077171146e+01,0.000000000000000000e+00,0.000000000000000000e+00
1.842069037755623739e+01,0.000000000000000000e+00,0.000000000000000000e+00
1.693713222644409555e+01,0.000000000000000000e+00,0.000000000000000000e+00
1.894155937863119021e+01,0.000000000000000000e+00,0.000000000000000000e+00
2.067905852162913760e+01,0.000000000000000000e+00,0.000000000000000000e+00
1.861728551775189899e+01,0.000000000000000000e+00,0.000000000000000000e+00
1.705952170674887114e+01,0.000000000000000000e+00,0.000000000000000000e+00
2.225645687571490328e+01,0.000000000000000000e+00,0.000000000000000000e+00
1.855398604527483997e+01,0.000000000000000000e+00,0.000000000000000000e+00
2.057002131628278363e+01,0.000000000000000000e+00,0.000000000000000000e+00
2.034645641439014696e+01,0.000000000000000000e+00,0.000000000000000000e+00
1.905908902323224297e+01,0.000000000000000000e+00,0.000000000000000000e+00
1.892399787559164182e+01,0.000000000000000000e+00,0.000000000000000000e+00
2.039393570822801749e+01,0.000000000000000000e+00,0.000000000000000000e+00
1.908131115462937188e+01,0.000000000000000000e+00,0.000000000000000000e+00
1.632521675166858444e+01,0.000000000000000000e+00,0.000000000000000000e+00
2.372194596915873888e+01,0.000000000000000000e+00,0.000000000000000000e+00
1.695034241662121843e+01,0.000000000000000000e+00,0.000000000000000000e+00
2.142509943294228947e+01,0.000000000000000000e+00,0.000000000000000000e+00
1.868215686387375385e+01,0.000000000000000000e+00,0.000000000000000000e+00
2.212448338015575189e+01,0.000000000000000000e+00,0.000000000000000000e+00
2.203733777090236146e+01,0.000000000000000000e+00,0.000000000000000000e+00
2.258619013465288461e+01,0.000000000000000000e+00,0.000000000000000000e+00
2.232037827719061696e+01,0.000000000000000000e+00,0.000000000000000000e+00
1.876223121069742916e+01,0.000000000000000000e+00,0.000000000000000000e+00
2.000617158050424038e+01,0.000000000000000000e+00,0.000000000000000000e+00
1.933161378735852054e+01,0.000000000000000000e+00,0.000000000000000000e+00
2.025646880089963631e+01,0.000000000000000000e+00,0.000000000000000000e+00
1.703739420205373989e+01,0.000000000000000000e+00,0.000000000000000000e+00
1.924000737898526481e+01,0.000000000000000000e+00,0.000000000000000000e+00
2.358355663137660940e+01,0.000000000000000000e+00,0.000000000000000000e+00
2.098845590913095194e+01,0.000000000000000000e+00,0.000000000000000000e+00
2.033918884877690303e+01,0.000000000000000000e+00,0.000000000000000000e+00
1.621926363535666837e+01,0.000000000000000000e+00,0.000000000000000000e+00
2.006467036837096174e+01,0.000000000000000000e+00,0.000000000000000000e+00
2.248872607459514583e+01,0.000000000000000000e+00,0.000000000000000000e+00
2.023596028181797379e+01,0.000000000000000000e+00,0.000000000000000000e+00
1.949155089352236914e+01,0.000000000000000000e+00,0.000000000000000000e+00
1.983367459663925203e+01,0.000000000000000000e+00,0.000000000000000000e+00
2.142767937357682584e+01,0.000000000000000000e+00,0.000000000000000000e+00
1.933139550938989260e+01,0.000000000000000000e+00,0.000000000000000000e+00
1.792800316306312070e+01,0.000000000000000000e+00,0.000000000000000000e+00
1.772389003123767992e+01,0.000000000000000000e+00,0.000000000000000000e+00
2.245942907407804867e+01,0.000000000000000000e+00,0.000000000000000000e+00
1.872909979475078401e+01,0.000000000000000000e+00,0.000000000000000000e+00
1.886072368740386551e+01,0.000000000000000000e+00,0.000000000000000000e+00
2.018042893716984665e+01,0.000000000000000000e+00,0.000000000000000000e+00
1.722099694329349973e+01,0.000000000000000000e+00,0.000000000000000000e+00
2.102485752952543407e+01,0.000000000000000000e+00,0.000000000000000000e+00
1.998414347933803725e+01,0.000000000000000000e+00,0.000000000000000000e+00
1.568861395922341018e+01,0.000000000000000000e+00,0.000000000000000000e+00
2.426489107579663340e+01,0.000000000000000000e+00,0.000000000000000000e+00
2.153289552729287237e+01,0.000000000000000000e+00,0.000000000000000000e+00
2.157605101933838299e+01,0.000000000000000000e+00,0.000000000000000000e+00
1.706325895176810548e+01,0.000000000000000000e+00,0.000000000000000000e+00
1.926697433807734683e+01,0.000000000000000000e+00,0.000000000000000000e+00
2.082006030532136620e+01,0.000000000000000000e+00,0.000000000000000000e+00
2.159819371594295490e+01,0.000000000000000000e+00,0.000000000000000000e+00
2.451492500411341524e+01,0.000000000000000000e+00,0.000000000000000000e+00
2.030044301765592962e+01,0.000000000000000000e+00,0.000000000000000000e+00
2.047413941591261377e+01,0.000000000000000000e+00,0.000000000000000000e+00
1.773003985475300581e+01,0.000000000000000000e+00,0.000000000000000000e+00
1.932047043001597686e+01,0.000000000000000000e+00,0.000000000000000000e+00
2.099596759993329087e+01,0.000000000000000000e+00,0.000000000000000000e+00
2.273287836246575111e+01,0.000000000000000000e+00,0.000000000000000000e+00
2.153426542763295259e+01,0.000000000000000000e+00,0.000000000000000000e+00
1.842317215985494627e+01,0.000000000000000000e+00,0.000000000000000000e+00
2.201066976913462270e+01,0.000000000000000000e+00,0.000000000000000000e+00
2.196374368287644430e+01,0.000000000000000000e+00,0.000000000000000000e+00
2.077889185573723907e+01,0.000000000000000000e+00,0.000000000000000000e+00
2.086141818450108687e+01,0.000000000000000000e+00,0.000000000000000000e+00
2.131489773414851641e+01,0.000000000000000000e+00,0.000000000000000000e+00
2.004898790458416258e+01,0.000000000000000000e+00,0.000000000000000000e+00
1.955283466740120701e+01,0.000000000000000000e+00,0.000000000000000000e+00
2.114890497459739294e+01,0.000000000000000000e+00,0.000000000000000000e+00
2.225829429981239471e+01,0.000000000000000000e+00,0.000000000000000000e+00
2.187541740582678429e+01,0.000000000000000000e+00,0.000000000000000000e+00
1.726507921904508081e+01,0.000000000000000000e+00,0.000000000000000000e+00
2.103931869321331405e+01,0.000000000000000000e+00,0.000000000000000000e+00
2.041789857029100475e+01,0.000000000000000000e+00,0.000000000000000000e+00
2.161397464138668667e+01,0.000000000000000000e+00,0.000000000000000000e+00
1.696592347747066754e+01,0.000000000000000000e+00,0.000000000000000000e+00
1.769397118500530652e+01,0.000000000000000000e+00,0.000000000000000000e+00
2.200588371143628308e+01,0.000000000000000000e+00,0.000000000000000000e+00
1.823714565221393613e+01,0.000000000000000000e+00,0.000000000000000000e+00
2.489719295550356648e+01,0.000000000000000000e+00,0.000000000000000000e+00
2.252360150341946721e+01,0.000000000000000000e+00,0.000000000000000000e+00
2.037898297802804493e+01,0.000000000000000000e+00,0.000000000000000000e+00
1.917588873690531059e+01,0.000000000000000000e+00,0.000000000000000000e+00
2.091733791687667221e+01,0.000000000000000000e+00,0.000000000000000000e+00
1.671791978353667574e+01,0.000000000000000000e+00,0.000000000000000000e+00
2.148618891848695966e+01,0.000000000000000000e+00,0.000000000000000000e+00
2.136409208352633371e+01,0.000000000000000000e+00,0.000000000000000000e+00
1.993840401055512146e+01,0.000000000000000000e+00,0.000000000000000000e+00
2.086322554719055233e+01,0.000000000000000000e+00,0.000000000000000000e+00
2.077308871683906233e+01,0.000000000000000000e+00,0.000000000000000000e+00
2.066576350264420725e+01,0.000000000000000000e+00,0.000000000000000000e+00
2.025360181613911692e+01,0.000000000000000000e+00,0.000000000000000000e+00
2.285716324719907533e+01,0.000000000000000000e+00,0.000000000000000000e+00
1.788404210725456167e+01,0.000000000000000000e+00,0.000000000000000000e+00
2.166027122899793156e+01,0.000000000000000000e+00,0.000000000000000000e+00
1.798316463505257445e+01,0.000000000000000000e+00,0.000000000000000000e+00
2.127401181259678964e+01,0.000000000000000000e+00,0.000000000000000000e+00
1.913661447264482263e+01,0.000000000000000000e+00,0.000000000000000000e+00
1.964222997548844774e+01,0.000000000000000000e+00,0.000000000000000000e+00
2.211701139957796158e+01,0.000000000000000000e+00,0.000000000000000000e+00
1.876860227577050466e+01,0.000000000000000000e+00,0.000000000000000000e+00
2.165994288988411753e+01,0.000000000000000000e+00,0.000000000000000000e+00
2.552456174245841680e+01,0.000000000000000000e+00,0.000000000000000000e+00
1.731240441113395079e+01,0.000000000000000000e+00,0.000000000000000000e+00
1.886386183007972406e+01,0.000000000000000000e+00,0.000000000000000000e+00
1.789170251736108597e+01,0.000000000000000000e+00,0.000000000000000000e+00
2.595674643737466170e+01,0.000000000000000000e+00,0.000000000000000000e+00
2.157123289518102283e+01,0.000000000000000000e+00,0.000000000000000000e+00
1.495754421714612548e+01,0.000000000000000000e+00,0.000000000000000000e+00
2.204073980200391603e+01,0.000000000000000000e+00,0.000000000000000000e+00
1.856205238762585452e+01,0.000000000000000000e+00,0.000000000000000000e+00
2.163637036510234424e+01,0.000000000000000000e+00,0.000000000000000000e+00
2.218089038849655026e+01,0.000000000000000000e+00,0.000000000000000000e+00
1.982161358544512808e+01,0.000000000000000000e+00,0.000000000000000000e+00
2.166933559826009770e+01,0.000000000000000000e+00,0.000000000000000000e+00
2.016105068611626905e+01,0.000000000000000000e+00,0.000000000000000000e+00
2.016410259644151282e+01,0.000000000000000000e+00,0.000000000000000000e+00
2.052458187994537298e+01,0.000000000000000000e+00,0.000000000000000000e+00
2.015307655129734599e+01,0.000000000000000000e+00,0.000000000000000000e+00
2.047719167384385131e+01,0.000000000000000000e+00,0.000000000000000000e+00
1.960412051823783131e+01,0.000000000000000000e+00,0.000000000000000000e+00
2.084744381461782581e+01,0.000000000000000000e+00,0.000000000000000000e+00
2.313105694506529986e+01,0.000000000000000000e+00,0.000000000000000000e+00
1.917902289898825785e+01,0.000000000000000000e+00,0.000000000000000000e+00
2.065049719460798983e+01,0.000000000000000000e+00,0.000000000000000000e+00
2.163290568636443112e+01,0.000000000000000000e+00,0.000000000000000000e+00
2.237363572122933775e+01,0.000000000000000000e+00,0.000000000000000000e+00
2.452367550058228574e+01,0.000000000000000000e+00,0.000000000000000000e+00
2.305677277094351751e+01,0.000000000000000000e+00,0.000000000000000000e+00
2.399994357518688304e+01,0.000000000000000000e+00,0.000000000000000000e+00
2.227077700539440031e+01,0.000000000000000000e+00,0.000000000000000000e+00
2.385399618702795266e+01,0.000000000000000000e+00,0.000000000000000000e+00
1.943427008940260237e+01,0.000000000000000000e+00,0.000000000000000000e+00
2.639625593928955283e+01,0.000000000000000000e+00,0.000000000000000000e+00
2.123781707484776504e+01,0.000000000000000000e+00,0.000000000000000000e+00
2.128184314824484957e+01,0.000000000000000000e+00,0.000000000000000000e+00
2.003258073422593810e+01,0.000000000000000000e+00,0.000000000000000000e+00
1.879050496869755094e+01,0.000000000000000000e+00,0.000000000000000000e+00
2.042483447978813516e+01,0.000000000000000000e+00,0.000000000000000000e+00
1.980833592883762506e+01,0.000000000000000000e+00,0.000000000000000000e+00
2.189864133343208508e+01,0.000000000000000000e+00,0.000000000000000000e+00
2.133303668644699158e+01,0.000000000000000000e+00,0.000000000000000000e+00
2.118837922468472712e+01,0.000000000000000000e+00,0.000000000000000000e+00
2.121946454917503999e+01,0.000000000000000000e+00,0.000000000000000000e+00
2.061560649471930873e+01,0.000000000000000000e+00,0.000000000000000000e+00
2.542132862548440642e+01,0.000000000000000000e+00,0.000000000000000000e+00
2.192413646563188578e+01,0.000000000000000000e+00,0.000000000000000000e+00
2.030535658378372332e+01,0.000000000000000000e+00,0.000000000000000000e+00
2.016868468844407403e+01,0.000000000000000000e+00,0.000000000000000000e+00
2.624828533236952310e+01,0.000000000000000000e+00,0.000000000000000000e+00
2.081028345090697229e+01,0.000000000000000000e+00,0.000000000000000000e+00
2.386991048532330595e+01,0.000000000000000000e+00,0.000000000000000000e+00
2.601676377412435670e+01,0.000000000000000000e+00,0.000000000000000000e+00
1.997540606881798553e+01,0.000000000000000000e+00,0.000000000000000000e+00
2.421418723522143424e+01,0.000000000000000000e+00,0.000000000000000000e+00
2.652940250802452482e+01,0.000000000000000000e+00,0.000000000000000000e+00
2.153241264752702122e+01,0.000000000000000000e+00,0.000000000000000000e+00
2.530161937382375115e+01,0.000000000000000000e+00,0.000000000000000000e+00
2.536629618516787588e+01,0.000000000000000000e+00,0.000000000000000000e+00
2.316762197994678374e+01,0.000000000000000000e+00,0.000000000000000000e+00
2.446216003768881464e+01,0.000000000000000000e+00,0.000000000000000000e+00
1.855324235331213245e+01,0.000000000000000000e+00,0.000000000000000000e+00
2.189035271242480363e+01,0.000000000000000000e+00,0.000000000000000000e+00
2.464258179696340534e+01,0.000000000000000000e+00,0.000000000000000000e+00
1.896142504290058994e+01,0.000000000000000000e+00,0.000000000000000000e+00
2.803006227236876313e+01,0.000000000000000000e+00,0.000000000000000000e+00
2.153160414933324773e+01,0.000000000000000000e+00,0.000000000000000000e+00
1.928953223030187658e+01,0.000000000000000000e+00,0.000000000000000000e+00
2.641102737686757962e+01,0.000000000000000000e+00,0.000000000000000000e+00
2.297951110971484923e+01,0.000000000000000000e+00,0.000000000000000000e+00
2.427232479454131564e+01,0.000000000000000000e+00,0.000000000000000000e+00
2.282913953076216629e+01,0.000000000000000000e+00,0.000000000000000000e+00
2.307826752695203609e+01,0.000000000000000000e+00,0.000000000000000000e+00
2.205731599281111244e+01,0.000000000000000000e+00,0.000000000000000000e+00
1.909537605311328790e+01,0.000000000000000000e+00,0.000000000000000000e+00
2.332819252616591044e+01,0.000000000000000000e+00,0.000000000000000000e+00
2.392659906118837299e+01,0.000000000000000000e+00,0.000000000000000000e+00
2.336476077072166291e+01,0.000000000000000000e+00,0.000000000000000000e+00
2.414979495122036468e+01,0.000000000000000000e+00,0.000000000000000000e+00
2.253702761253130760e+01,0.000000000000000000e+00,0.000000000000000000e+00
2.532020457429819871e+01,0.000000000000000000e+00,0.000000000000000000e+00
2.255083372544694953e+01,0.000000000000000000e+00,0.000000000000000000e+00
2.202581913523843227e+01,0.000000000000000000e+00,0.000000000000000000e+00
2.399464114078879362e+01,0.000000000000000000e+00,0.000000000000000000e+00
2.358499369425419090e+01,0.000000000000000000e+00,0.000000000000000000e+00
2.039332564349301791e+01,0.000000000000000000e+00,0.000000000000000000e+00
2.074237263768457140e+01,0.000000000000000000e+00,0.000000000000000000e+00
2.261335110916462554e+01,0.000000000000000000e+00,0.000000000000000000e+00
2.290948532975543728e+01,0.000000000000000000e+00,0.000000000000000000e+00
2.461229675998760769e+01,0.000000000000000000e+00,0.000000000000000000e+00
2.188315723820664616e+01,0.000000000000000000e+00,0.000000000000000000e+00
2.554613482700150939e+01,0.000000000000000000e+00,0.000000000000000000e+00
2.389068934127205424e+01,0.000000000000000000e+00,0.000000000000000000e+00
2.172626102230414347e+01,0.000000000000000000e+00,0.000000000000000000e+00
2.204302785760206262e+01,0.000000000000000000e+00,0.000000000000000000e+00
2.911845506980529308e+01,0.000000000000000000e+00,0.000000000000000000e+00
2.661006789639904824e+01,0.000000000000000000e+00,0.000000000000000000e+00
2.447636791241248844e+01,0.000000000000000000e+00,0.000000000000000000e+00
2.750317253015491303e+01,0.000000000000000000e+00,0.000000000000000000e+00
2.360510314387567377e+01,0.000000000000000000e+00,0.000000000000000000e+00
2.642175800701019384e+01,0.000000000000000000e+00,0.000000000000000000e+00
2.412707899996200567e+01,0.000000000000000000e+00,0.000000000000000000e+00
2.507024379480809984e+01,0.000000000000000000e+00,0.000000000000000000e+00
1.907372835148310131e+01,0.000000000000000000e+00,0.000000000000000000e+00
2.265834796670039708e+01,0.000000000000000000e+00,0.000000000000000000e+00
2.515885356668620076e+01,0.000000000000000000e+00,0.000000000000000000e+00
2.497171680792761705e+01,0.000000000000000000e+00,0.000000000000000000e+00
2.268618910721808746e+01,0.000000000000000000e+00,0.000000000000000000e+00
1.926877487344598450e+01,0.000000000000000000e+00,0.000000000000000000e+00
2.284243955675027138e+01,0.000000000000000000e+00,0.000000000000000000e+00
2.739725670632469345e+01,0.000000000000000000e+00,0.000000000000000000e+00
2.250644161486564698e+01,0.000000000000000000e+00,0.000000000000000000e+00
2.440233976953746975e+01,0.000000000000000000e+00,0.000000000000000000e+00
2.439052514359908486e+01,0.000000000000000000e+00,0.000000000000000000e+00
2.627073018039977015e+01,0.000000000000000000e+00,0.000000000000000000e+00
2.386875972035262450e+01,0.000000000000000000e+00,0.000000000000000000e+00
2.799425574323533539e+01,0.000000000000000000e+00,0.000000000000000000e+00
2.352371931957286932e+01,0.000000000000000000e+00,0.000000000000000000e+00
2.541417903504137499e+01,0.000000000000000000e+00,0.000000000000000000e+00
2.183163849803753465e+01,0.000000000000000000e+00,0.000000000000000000e+00
2.211700248981418326e+01,0.000000000000000000e+00,0.000000000000000000e+00
2.451570163244932843e+01,0.000000000000000000e+00,0.000000000000000000e+00
2.618767726320725231e+01,0.000000000000000000e+00,0.000000000000000000e+00
2.483850917284053494e+01,0.000000000000000000e+00,0.000000000000000000e+00
2.641460949843526507e+01,0.000000000000000000e+00,0.000000000000000000e+00
2.823422376931037192e+01,0.000000000000000000e+00,0.000000000000000000e+00
2.529948083919957114e+01,0.000000000000000000e+00,0.000000000000000000e+00
2.459403591265806099e+01,0.000000000000000000e+00,0.000000000000000000e+00
2.624407889208206868e+01,0.000000000000000000e+00,0.000000000000000000e+00
2.553685485132124100e+01,0.000000000000000000e+00,0.000000000000000000e+00
2.782618118892657222e+01,0.000000000000000000e+00,0.000000000000000000e+00
2.526829832888195781e+01,0.000000000000000000e+00,0.000000000000000000e+00
2.627986401158005947e+01,0.000000000000000000e+00,0.000000000000000000e+00
2.343867174251488095e+01,0.000000000000000000e+00,0.000000000000000000e+00
2.611041553153895833e+01,0.000000000000000000e+00,0.000000000000000000e+00
2.804725140632528735e+01,0.000000000000000000e+00,0.000000000000000000e+00
2.391638989416912864e+01,0.000000000000000000e+00,0.000000000000000000e+00
2.588388079641784856e+01,0.000000000000000000e+00,0.000000000000000000e+00
2.575743398371106352e+01,0.000000000000000000e+00,0.000000000000000000e+00
2.571644261463371350e+01,0.000000000000000000e+00,0.000000000000000000e+00
2.668189810915185589e+01,0.000000000000000000e+00,0.000000000000000000e+00
2.279025000714291949e+01,0.000000000000000000e+00,0.000000000000000000e+00
2.395417117501631665e+01,0.000000000000000000e+00,0.000000000000000000e+00
2.629527638600950823e+01,0.000000000000000000e+00,0.000000000000000000e+00
2.633738731481432538e+01,0.000000000000000000e+00,0.000000000000000000e+00
2.609872305950509386e+01,0.000000000000000000e+00,0.000000000000000000e+00
2.455142026816475465e+01,0.000000000000000000e+00,0.000000000000000000e+00
2.074756330270898275e+01,0.000000000000000000e+00,0.000000000000000000e+00
2.584980159045683124e+01,0.000000000000000000e+00,0.000000000000000000e+00
2.500317456007721617e+01,0.000000000000000000e+00,0.000000000000000000e+00
2.524016962060900227e+01,0.000000000000000000e+00,0.000000000000000000e+00
2.639989466922001782e+01,0.000000000000000000e+00,0.000000000000000000e+00
3.000007353812179645e+01,0.000000000000000000e+00,0.000000000000000000e+00
2.592615791717178908e+01,0.000000000000000000e+00,0.000000000000000000e+00
2.390252403079929522e+01,0.000000000000000000e+00,0.000000000000000000e+00
2.583053066207590831e+01,0.000000000000000000e+00,0.000000000000000000e+00
2.870340201067624619e+01,0.000000000000000000e+00,0.000000000000000000e+00
2.463884138732056073e+01,0.000000000000000000e+00,0.000000000000000000e+00
3.063910010441241383e+01,0.000000000000000000e+00,0.000000000000000000e+00
2.456975410863076092e+01,0.000000000000000000e+00,0.000000000000000000e+00
2.733088107244480369e+01,0.000000000000000000e+00,0.000000000000000000e+00
2.579706514215586921e+01,0.000000000000000000e+00,0.000000000000000000e+00
3.095843913304677031e+01,0.000000000000000000e+00,0.000000000000000000e+00
2.718598968780775138e+01,0.000000000000000000e+00,0.000000000000000000e+00
2.637817081712997691e+01,0.000000000000000000e+00,0.000000000000000000e+00
2.420699647384290998e+01,0.000000000000000000e+00,0.000000000000000000e+00
2.566846264467174166e+01,0.000000000000000000e+00,0.000000000000000000e+00
2.570328431699361360e+01,0.000000000000000000e+00,0.000000000000000000e+00
2.670956831209050719e+01,0.000000000000000000e+00,0.000000000000000000e+00
2.599781124443713409e+01,0.000000000000000000e+00,0.000000000000000000e+00
2.387604686412419852e+01,0.000000000000000000e+00,0.000000000000000000e+00
2.674581418175836589e+01,0.000000000000000000e+00,0.000000000000000000e+00
3.105115650718289899e+01,0.000000000000000000e+00,0.000000000000000000e+00
2.836507430343684533e+01,0.000000000000000000e+00,0.000000000000000000e+00
2.815510233900963044e+01,0.000000000000000000e+00,0.000000000000000000e+00
2.303480086378558056e+01,0.000000000000000000e+00,0.000000000000000000e+00
2.786226700373019938e+01,0.000000000000000000e+00,0.000000000000000000e+00
2.701830453886122996e+01,0.000000000000000000e+00,0.000000000000000000e+00
2.699741631651620821e+01,0.000000000000000000e+00,0.000000000000000000e+00
2.714516553772520879e+01,0.000000000000000000e+00,0.000000000000000000e+00
2.890850156155983086e+01,0.000000000000000000e+00,0.000000000000000000e+00
3.258778756745271465e+01,0.000000000000000000e+00,0.000000000000000000e+00
2.957634884616818027e+01,0.000000000000000000e+00,0.000000000000000000e+00
2.480715819766746222e+01,0.000000000000000000e+00,0.000000000000000000e+00
2.980482988632695296e+01,0.000000000000000000e+00,0.000000000000000000e+00
2.591011238131371996e+01,0.000000000000000000e+00,0.000000000000000000e+00
2.670297823188302999e+01,0.000000000000000000e+00,0.000000000000000000e+00
2.657083027850988088e+01,0.000000000000000000e+00,0.000000000000000000e+00
2.915112154125365507e+01,0.000000000000000000e+00,0.000000000000000000e+00
3.017479454259931515e+01,0.000000000000000000e+00,0.000000000000000000e+00
2.880360670978988935e+01,0.000000000000000000e+00,0.000000000000000000e+00
2.622540316372236546e+01,0.000000000000000000e+00,0.000000000000000000e+00
2.809573652193952498e+01,0.000000000000000000e+00,0.000000000000000000e+00
2.758320115309731335e+01,0.000000000000000000e+00,0.000000000000000000e+00
2.535426106399715707e+01,0.000000000000000000e+00,0.000000000000000000e+00
3.432028227601259118e+01,0.000000000000000000e+00,0.000000000000000000e+00
2.972549581404465968e+01,0.000000000000000000e+00,0.000000000000000000e+00
2.799908916726524666e+01,0.000000000000000000e+00,0.000000000000000000e+00
3.100051021166537168e+01,0.000000000000000000e+00,0.000000000000000000e+00
3.237171797810086815e+01,0.000000000000000000e+00,0.000000000000000000e+00
2.905066103187187210e+01,0.000000000000000000e+00,0.000000000000000000e+00
3.101218688411153934e+01,0.000000000000000000e+00,0.000000000000000000e+00
2.842490755269949076e+01,0.000000000000000000e+00,0.000000000000000000e+00
2.992293822520004909e+01,0.000000000000000000e+00,0.000000000000000000e+00
3.272407944439831340e+01,0.000000000000000000e+00,0.000000000000000000e+00
3.238574611452879992e+01,0.000000000000000000e+00,0.000000000000000000e+00
3.088313832669210512e+01,0.000000000000000000e+00,0.000000000000000000e+00
2.980987307701355249e+01,0.000000000000000000e+00,0.000000000000000000e+00
2.768622264340071126e+01,0.000000000000000000e+00,0.000000000000000000e+00
2.857977455896249808e+01,0.000000000000000000e+00,0.000000000000000000e+00
3.132268826294425779e+01,0.000000000000000000e+00,0.000000000000000000e+00
3.011199288606992752e+01,0.000000000000000000e+00,0.000000000000000000e+00
2.660504533731256060e+01,0.000000000000000000e+00,0.000000000000000000e+00
3.061165590171532003e+01,0.000000000000000000e+00,0.000000000000000000e+00
2.963227323209957120e+01,0.000000000000000000e+00,0.000000000000000000e+00
3.328350967595171994e+01,0.000000000000000000e+00,0.000000000000000000e+00
2.877158495067292776e+01,0.000000000000000000e+00,0.000000000000000000e+00
3.091967526151194789e+01,0.000000000000000000e+00,0.000000000000000000e+00
2.802393938305787557e+01,0.000000000000000000e+00,0.000000000000000000e+00
2.802084849657058996e+01,0.000000000000000000e+00,0.000000000000000000e+00
3.038457043169578142e+01,0.000000000000000000e+00,0.000000000000000000e+00
2.978533741056569539e+01,0.000000000000000000e+00,0.000000000000000000e+00
2.662383345460244044e+01,0.000000000000000000e+00,0.000000000000000000e+00
3.047578987088418501e+01,0.000000000000000000e+00,0.000000000000000000e+00
3.150574361425311665e+01,0.000000000000000000e+00,0.000000000000000000e+00
2.938837155885598662e+01,0.000000000000000000e+00,0.000000000000000000e+00
3.159465199666417234e+01,0.000000000000000000e+00,0.000000000000000000e+00
2.872975065991462529e+01,0.000000000000000000e+00,0.000000000000000000e+00
3.489284612287741538e+01,0.000000000000000000e+00,0.000000000000000000e+00
3.022262698578372664e+01,0.000000000000000000e+00,0.000000000000000000e+00
3.114497167922685961e+01,0.000000000000000000e+00,0.000000000000000000e+00
3.055497187855707963e+01,0.000000000000000000e+00,0.000000000000000000e+00
3.278756781219393446e+01,0.000000000000000000e+00,0.000000000000000000e+00
3.341578836840712086e+01,0.000000000000000000e+00,0.000000000000000000e+00
2.909483940859325557e+01,0.000000000000000000e+00,0.000000000000000000e+00
2.972421219273211790e+01,0.000000000000000000e+00,0.000000000000000000e+00
2.864484116419305693e+01,0.000000000000000000e+00,0.000000000000000000e+00
3.296872175259998983e+01,0.000000000000000000e+00,0.000000000000000000e+00
3.221147446782376278e+01,0.000000000000000000e+00,0.000000000000000000e+00
3.164415729218749007e+01,0.000000000000000000e+00,0.000000000000000000e+00
3.416351981257829351e+01,0.000000000000000000e+00,0.000000000000000000e+00
3.090776233656599814e+01,0.000000000000000000e+00,0.000000000000000000e+00
3.227890016905742954e+01,0.000000000000000000e+00,0.000000000000000000e+00
3.263423539602015921e+01,0.000000000000000000e+00,0.000000000000000000e+00
3.555877208160810454e+01,0.000000000000000000e+00,0.000000000000000000e+00
3.136988216310967914e+01,0.000000000000000000e+00,0.000000000000000000e+00
3.378213866238364460e+01,0.000000000000000000e+00,0.000000000000000000e+00
3.194149572599190989e+01,0.000000000000000000e+00,0.000000000000000000e+00
3.195690380797259422e+01,0.000000000000000000e+00,0.000000000000000000e+00
3.057586704881347117e+01,0.000000000000000000e+00,0.000000000000000000e+00
3.357053258696023335e+01,0.000000000000000000e+00,0.000000000000000000e+00
3.091704694842243129e+01,0.000000000000000000e+00,0.000000000000000000e+00
2.907701920256549144e+01,0.000000000000000000e+00,0.000000000000000000e+00
2.884177578967290856e+01,0.000000000000000000e+00,0.000000000000000000e+00
3.256835237020678164e+01,0.000000000000000000e+00,0.000000000000000000e+00
3.184837608579601920e+01,0.000000000000000000e+00,0.000000000000000000e+00
3.375836176938249622e+01,0.000000000000000000e+00,0.000000000000000000e+00
3.250796860918104869e+01,0.000000000000000000e+00,0.000000000000000000e+00
3.107643865578424780e+01,0.000000000000000000e+00,0.000000000000000000e+00
3.137219748752997361e+01,0.000000000000000000e+00,0.000000000000000000e+00
3.253491318012827094e+01,0.000000000000000000e+00,0.000000000000000000e+00
3.576335829013221002e+01,0.000000000000000000e+00,0.000000000000000000e+00
3.339698147087282365e+01,0.000000000000000000e+00,0.000000000000000000e+00
3.242725841945804177e+01,0.000000000000000000e+00,0.000000000000000000e+00
3.579254957232218004e+01,0.000000000000000000e+00,0.000000000000000000e+00
3.597755222145158172e+01,0.000000000000000000e+00,0.000000000000000000e+00
3.421190769987033775e+01,0.000000000000000000e+00,0.000000000000000000e+00
3.422798622522147838e+01,0.000000000000000000e+00,0.000000000000000000e+00
3.196185232728426584e+01,0.000000000000000000e+00,0.000000000000000000e+00
3.249529680719945901e+01,0.000000000000000000e+00,0.000000000000000000e+00
3.396283804699947240e+01,0.000000000000000000e+00,0.000000000000000000e+00
3.239500014079429491e+01,0.000000000000000000e+00,0.000000000000000000e+00
3.328867637395097034e+01,0.000000000000000000e+00,0.000000000000000000e+00
3.584195531405438828e+01,0.000000000000000000e+00,0.000000000000000000e+00
3.827318416830703285e+01,0.000000000000000000e+00,0.000000000000000000e+00
3.529070915614844495e+01,0.000000000000000000e+00,0.000000000000000000e+00
3.275684943845962493e+01,0.000000000000000000e+00,0.000000000000000000e+00
3.569296235017021957e+01,0.000000000000000000e+00,0.000000000000000000e+00
3.041301948631704732e+01,0.000000000000000000e+00,0.000000000000000000e+00
3.601671028248127726e+01,0.000000000000000000e+00,0.000000000000000000e+00
3.556230537175383688e+01,0.000000000000000000e+00,0.000000000000000000e+00
3.786394335499190333e+01,0.000000000000000000e+00,0.000000000000000000e+00
3.251952562985852779e+01,0.000000000000000000e+00,0.000000000000000000e+00
3.271278401370326350e+01,0.000000000000000000e+00,0.000000000000000000e+00
3.585262576298160297e+01,0.000000000000000000e+00,0.000000000000000000e+00
3.475811998729457031e+01,0.000000000000000000e+00,0.000000000000000000e+00
3.595139774626341733e+01,0.000000000000000000e+00,0.000000000000000000e+00
3.443535411095069776e+01,0.000000000000000000e+00,0.000000000000000000e+00
3.427698281192002838e+01,0.000000000000000000e+00,0.000000000000000000e+00
3.434719672523200984e+01,0.000000000000000000e+00,0.000000000000000000e+00
3.513839379268300434e+01,0.000000000000000000e+00,0.000000000000000000e+00
3.554148266175791804e+01,0.000000000000000000e+00,0.000000000000000000e+00
3.850845281625964134e+01,0.000000000000000000e+00,0.000000000000000000e+00
3.788091169682401471e+01,0.000000000000000000e+00,0.000000000000000000e+00
3.345170946512104848e+01,0.000000000000000000e+00,0.000000000000000000e+00
3.690787683489336501e+01,0.000000000000000000e+00,0.000000000000000000e+00
3.230536789506270878e+01,0.000000000000000000e+00,0.000000000000000000e+00
3.407041461112152092e+01,0.000000000000000000e+00,0.000000000000000000e+00
3.694959745757753922e+01,0.000000000000000000e+00,0.000000000000000000e+00
3.750433146038523091e+01,0.000000000000000000e+00,0.000000000000000000e+00
3.450338452898323283e+01,0.000000000000000000e+00,0.000000000000000000e+00
3.606759795809028191e+01,0.000000000000000000e+00,0.000000000000000000e+00
3.601990169360878724e+01,0.000000000000000000e+00,0.000000000000000000e+00
3.724566214509227535e+01,0.000000000000000000e+00,0.000000000000000000e+00
3.912906292694917454e+01,0.000000000000000000e+00,0.000000000000000000e+00
3.491556126911199698e+01,0.000000000000000000e+00,0.000000000000000000e+00
3.604296564477791520e+01,0.000000000000000000e+00,0.000000000000000000e+00
3.541404746568415618e+01,0.000000000000000000e+00,0.000000000000000000e+00
3.805732339543497034e+01,0.000000000000000000e+00,0.000000000000000000e+00
3.771003498226576056e+01,0.000000000000000000e+00,0.000000000000000000e+00
3.642375522094483387e+01,0.000000000000000000e+00,0.000000000000000000e+00
3.567079394620688504e+01,0.000000000000000000e+00,0.000000000000000000e+00
3.713090317513540839e+01,0.000000000000000000e+00,0.000000000000000000e+00
3.480799538233914348e+01,0.000000000000000000e+00,0.000000000000000000e+00
3.824029884201644336e+01,0.000000000000000000e+00,0.000000000000000000e+00
4.004574892368449213e+01,0.000000000000000000e+00,0.000000000000000000e+00
3.901834200317592405e+01,0.000000000000000000e+00,0.000000000000000000e+00
3.569734694451643264e+01,0.000000000000000000e+00,0.000000000000000000e+00
3.660560434926263440e+01,0.000000000000000000e+00,0.000000000000000000e+00
3.382017565528806102e+01,0.000000000000000000e+00,0.000000000000000000e+00
3.824924385702853158e+01,0.000000000000000000e+00,0.000000000000000000e+00
3.610743938821213561e+01,0.000000000000000000e+00,0.000000000000000000e+00
3.670852394112980477e+01,0.000000000000000000e+00,0.000000000000000000e+00
3.869332332553051401e+01,0.000000000000000000e+00,0.000000000000000000e+00
3.502875789718671484e+01,0.000000000000000000e+00,0.000000000000000000e+00
3.500032404442622180e+01,0.000000000000000000e+00,0.000000000000000000e+00
4.021481155538896246e+01,0.000000000000000000e+00,0.000000000000000000e+00
3.762772590222930091e+01,0.000000000000000000e+00,0.000000000000000000e+00
3.546166301436814194e+01,0.000000000000000000e+00,0.000000000000000000e+00
4.053372620164729057e+01,0.000000000000000000e+00,0.000000000000000000e+00
3.678307476833665390e+01,0.000000000000000000e+00,0.000000000000000000e+00
4.000831719777315953e+01,0.000000000000000000e+00,0.000000000000000000e+00
3.739905994936207634e+01,0.000000000000000000e+00,0.000000000000000000e+00
3.616571947891992522e+01,0.000000000000000000e+00,0.000000000000000000e+00
3.683971465484865604e+01,0.000000000000000000e+00,0.000000000000000000e+00
3.425086308149211334e+01,0.000000000000000000e+00,0.000000000000000000e+00
3.456510098211312965e+01,0.000000000000000000e+00,0.000000000000000000e+00
3.885298730926724886e+01,0.000000000000000000e+00,0.000000000000000000e+00
3.940460309127112026e+01,0.000000000000000000e+00,0.000000000000000000e+00
3.528438249191260212e+01,0.000000000000000000e+00,0.000000000000000000e+00
3.925139081212537207e+01,0.000000000000000000e+00,0.000000000000000000e+00
3.769741747145040733e+01,0.000000000000000000e+00,0.000000000000000000e+00
3.902182958317540340e+01,0.000000000000000000e+00,0.000000000000000000e+00
3.661030890269649518e+01,0.000000000000000000e+00,0.000000000000000000e+00
3.918112859107119306e+01,0.000000000000000000e+00,0.000000000000000000e+00
4.024371565185124666e+01,0.000000000000000000e+00,0.000000000000000000e+00
4.054442846179778570e+01,0.000000000000000000e+00,0.000000000000000000e+00
3.918737631414742850e+01,0.000000000000000000e+00,0.000000000000000000e+00
3.810440457920797286e+01,0.000000000000000000e+00,0.000000000000000000e+00
3.990165132090111655e+01,0.000000000000000000e+00,0.000000000000000000e+00
4.120855049013164972e+01,0.000000000000000000e+00,0.000000000000000000e+00
3.736235157903119131e+01,0.000000000000000000e+00,0.000000000000000000e+00
3.843366506613473632e+01,0.000000000000000000e+00,0.000000000000000000e+00
3.988552854611260301e+01,0.000000000000000000e+00,0.000000000000000000e+00
3.610476280179839392e+01,0.000000000000000000e+00,0.000000000000000000e+00
3.944913511255997918e+01,0.000000000000000000e+00,0.000000000000000000e+00
3.826363604169451094e+01,0.000000000000000000e+00,0.000000000000000000e+00
3.820834192876904467e+01,0.000000000000000000e+00,0.000000000000000000e+00
4.197891309574251295e+01,0.000000000000000000e+00,0.000000000000000000e+00
3.654699760393125985e+01,0.000000000000000000e+00,0.000000000000000000e+00
4.020640642254307551e+01,0.000000000000000000e+00,0.000000000000000000e+00
3.970335756304526598e+01,0.000000000000000000e+00,0.000000000000000000e+00
3.992755358331256588e+01,0.000000000000000000e+00,0.000000000000000000e+00
4.097393983893767455e+01,0.000000000000000000e+00,0.000000000000000000e+00
3.903744456633712900e+01,0.000000000000000000e+00,0.000000000000000000e+00
4.301016292685449827e+01,0.000000000000000000e+00,0.000000000000000000e+00
4.261677793128465197e+01,0.000000000000000000e+00,0.000000000000000000e+00
3.957389593163781427e+01,0.000000000000000000e+00,0.000000000000000000e+00
4.090312984045932865e+01,0.000000000000000000e+00,0.000000000000000000e+00
4.194828370615039859e+01,0.000000000000000000e+00,0.000000000000000000e+00
3.881676106288261963e+01,0.000000000000000000e+00,0.000000000000000000e+00
4.169331770022533590e+01,0.000000000000000000e+00,0.000000000000000000e+00
4.374404079123571165e+01,0.000000000000000000e+00,0.000000000000000000e+00
4.077547478904160272e+01,0.000000000000000000e+00,0.000000000000000000e+00
4.300834027050400010e+01,0.000000000000000000e+00,0.000000000000000000e+00
3.884865062340519160e+01,0.000000000000000000e+00,0.000000000000000000e+00
4.161428979111071413e+01,0.000000000000000000e+00,0.000000000000000000e+00
4.009642307859527222e+01,0.000000000000000000e+00,0.000000000000000000e+00
3.979433301246888988e+01,0.000000000000000000e+00,0.000000000000000000e+00
3.907949509650799058e+01,0.000000000000000000e+00,0.000000000000000000e+00
3.983566399566815619e+01,0.000000000000000000e+00,0.000000000000000000e+00
4.034994974939922940e+01,0.000000000000000000e+00,0.000000000000000000e+00
4.360243154957356637e+01,0.000000000000000000e+00,0.000000000000000000e+00
4.032969961108318557e+01,0.000000000000000000e+00,0.000000000000000000e+00
4.370622221819532172e+01,0.000000000000000000e+00,0.000000000000000000e+00
4.121372822017379178e+01,0.000000000000000000e+00,0.000000000000000000e+00
4.123415542217647101e+01,0.000000000000000000e+00,0.000000000000000000e+00
4.598866086519499419e+01,0.000000000000000000e+00,0.000000000000000000e+00
4.114969875264997512e+01,0.000000000000000000e+00,0.000000000000000000e+00
4.386292000977778827e+01,0.000000000000000000e+00,0.000000000000000000e+00
4.509928289038278137e+01,0.000000000000000000e+00,0.000000000000000000e+00
4.223815786249546278e+01,0.000000000000000000e+00,0.000000000000000000e+00
4.234691370910384478e+01,0.000000000000000000e+00,0.000000000000000000e+00
4.128922000873963327e+01,0.000000000000000000e+00,0.000000000000000000e+00
4.149675859285703439e+01,0.000000000000000000e+00,0.000000000000000000e+00
4.291307291031445459e+01,0.000000000000000000e+00,0.000000000000000000e+00
4.273230397919836321e+01,0.000000000000000000e+00,0.000000000000000000e+00
4.287975085249932761e+01,0.000000000000000000e+00,0.000000000000000000e+00
4.029754273241926654e+01,0.000000000000000000e+00,0.000000000000000000e+00
4.366964466218330898e+01,0.000000000000000000e+00,0.000000000000000000e+00
4.066945678594161961e+01,0.000000000000000000e+00,0.000000000000000000e+00
4.395689162481181711e+01,0.000000000000000000e+00,0.000000000000000000e+00
4.179703063335570334e+01,0.000000000000000000e+00,0.000000000000000000e+00
4.285733196100829900e+01,0.000000000000000000e+00,0.000000000000000000e+00
4.349004513577614972e+01,0.000000000000000000e+00,0.000000000000000000e+00
4.263650771508262949e+01,0.000000000000000000e+00,0.000000000000000000e+00
4.624355749692797701e+01,0.000000000000000000e+00,0.000000000000000000e+00
4.731760232017700929e+01,0.000000000000000000e+00,0.000000000000000000e+00
4.444680656681479292e+01,0.000000000000000000e+00,0.000000000000000000e+00
4.334049012347961138e+01,0.000000000000000000e+00,0.000000000000000000e+00
4.617325160260543981e+01,0.000000000000000000e+00,0.000000000000000000e+00
4.292257910812323018e+01,0.000000000000000000e+00,0.000000000000000000e+00
4.351329058817366757e+01,0.000000000000000000e+00,0.000000000000000000e+00
4.201724677063294422e+01,0.000000000000000000e+00,0.000000000000000000e+00
4.690896185834353815e+01,0.000000000000000000e+00,0.000000000000000000e+00
4.413414455717287410e+01,0.000000000000000000e+00,0.000000000000000000e+00
4.214615802849856863e+01,0.000000000000000000e+00,0.000000000000000000e+00
4.450997215961077558e+01,0.000000000000000000e+00,0.000000000000000000e+00
4.663764716155455403e+01,0.000000000000000000e+00,0.000000000000000000e+00
4.066502286684029599e+01,0.000000000000000000e+00,0.000000000000000000e+00
4.111588422193237591e+01,0.000000000000000000e+00,0.000000000000000000e+00
4.628749192263358481e+01,0.000000000000000000e+00,0.000000000000000000e+00
4.571088849385874653e+01,0.000000000000000000e+00,0.000000000000000000e+00
4.382051992146624286e+01,0.000000000000000000e+00,0.000000000000000000e+00
4.421144141046856646e+01,0.000000000000000000e+00,0.000000000000000000e+00
4.412148158276083620e+01,0.000000000000000000e+00,0.000000000000000000e+00
4.647237404636228320e+01,0.000000000000000000e+00,0.000000000000000000e+00
4.536269461015863413e+01,0.000000000000000000e+00,0.000000000000000000e+00
4.974936789364409861e+01,0.000000000000000000e+00,0.000000000000000000e+00
4.394921026980376411e+01,0.000000000000000000e+00,0.000000000000000000e+00
4.562818831678696085e+01,0.000000000000000000e+00,0.000000000000000000e+00
4.560624828595545921e+01,0.000000000000000000e+00,0.000000000000000000e+00
4.988934109163707831e+01,0.000000000000000000e+00,0.000000000000000000e+00
4.388308313070056954e+01,0.000000000000000000e+00,0.000000000000000000e+00
4.336437687548359321e+01,0.000000000000000000e+00,0.000000000000000000e+00
4.333081988610845769e+01,0.000000000000000000e+00,0.000000000000000000e+00
4.371006445988660971e+01,0.000000000000000000e+00,0.000000000000000000e+00
4.490607565281849389e+01,0.000000000000000000e+00,0.000000000000000000e+00
4.706530907135194042e+01,0.000000000000000000e+00,0.000000000000000000e+00
4.285984030379204057e+01,0.000000000000000000e+00,0.000000000000000000e+00
4.993910572846334617e+01,0.000000000000000000e+00,0.000000000000000000e+00
5.063628954757993483e+01,0.000000000000000000e+00,0.000000000000000000e+00
4.330489878897523681e+01,0.000000000000000000e+00,0.000000000000000000e+00
4.404162344320717182e+01,0.000000000000000000e+00,0.000000000000000000e+00
4.535685421905389347e+01,0.000000000000000000e+00,0.000000000000000000e+00
4.912081021580851115e+01,0.000000000000000000e+00,0.000000000000000000e+00
4.288630020575588730e+01,0.000000000000000000e+00,0.000000000000000000e+00
4.705892285562096333e+01,0.000000000000000000e+00,0.000000000000000000e+00
4.547463405854986718e+01,0.000000000000000000e+00,0.000000000000000000e+00
4.436233012739586457e+01,0.000000000000000000e+00,0.000000000000000000e+00
4.576777671690970095e+01,0.000000000000000000e+00,0.000000000000000000e+00
4.970051003863567018e+01,0.000000000000000000e+00,0.000000000000000000e+00
5.036171177894262030e+01,0.000000000000000000e+00,0.000000000000000000e+00
4.817619157915292760e+01,0.000000000000000000e+00,0.000000000000000000e+00
4.961551145512375172e+01,0.000000000000000000e+00,0.000000000000000000e+00
4.365992211917854604e+01,0.000000000000000000e+00,0.000000000000000000e+00
4.615442892178650425e+01,0.000000000000000000e+00,0.000000000000000000e+00
4.918690904372937922e+01,0.000000000000000000e+00,0.000000000000000000e+00
4.840054884822863102e+01,0.000000000000000000e+00,0.000000000000000000e+00
4.745932493829290166e+01,0.000000000000000000e+00,0.000000000000000000e+00
4.632897310467951968e+01,0.000000000000000000e+00,0.000000000000000000e+00
4.773215483717213914e+01,0.000000000000000000e+00,0.000000000000000000e+00
4.825074858854355853e+01,0.000000000000000000e+00,0.000000000000000000e+00
5.157260875676690404e+01,0.000000000000000000e+00,0.000000000000000000e+00
4.526009061789224575e+01,0.000000000000000000e+00,0.000000000000000000e+00
5.280918970877809215e+01,0.000000000000000000e+00,0.000000000000000000e+00
4.750657227535281635e+01,0.000000000000000000e+00,0.000000000000000000e+00
4.660118790895977980e+01,0.000000000000000000e+00,0.000000000000000000e+00
4.812066672519189581e+01,0.000000000000000000e+00,0.000000000000000000e+00
5.167052509121934634e+01,0.000000000000000000e+00,0.000000000000000000e+00
4.602822944412496753e+01,0.000000000000000000e+00,0.000000000000000000e+00
4.809363158844731601e+01,0.000000000000000000e+00,0.000000000000000000e+00
4.601636813482842570e+01,0.000000000000000000e+00,0.000000000000000000e+00
4.911586017471363164e+01,0.000000000000000000e+00,0.000000000000000000e+00
4.992533521784121575e+01,0.000000000000000000e+00,0.000000000000000000e+00
4.946104594317297654e+01,0.000000000000000000e+00,0.000000000000000000e+00
4.763917765121691872e+01,0.000000000000000000e+00,0.000000000000000000e+00
4.924624803066452472e+01,0.000000000000000000e+00,0.000000000000000000e+00
4.707555930995108184e+01,0.000000000000000000e+00,0.000000000000000000e+00
5.133500574370756908e+01,0.000000000000000000e+00,0.000000000000000000e+00
5.286277402084881771e+01,0.000000000000000000e+00,0.000000000000000000e+00
5.212360774655554252e+01,0.000000000000000000e+00,0.000000000000000000e+00
4.896166294676115882e+01,0.000000000000000000e+00,0.000000000000000000e+00
5.171243848646327734e+01,0.000000000000000000e+00,0.000000000000000000e+00
5.108521242860540212e+01,0.000000000000000000e+00,0.000000000000000000e+00
4.890684093795726284e+01,0.000000000000000000e+00,0.000000000000000000e+00
5.371818503321669169e+01,0.000000000000000000e+00,0.000000000000000000e+00
4.954781339093234749e+01,0.000000000000000000e+00,0.000000000000000000e+00
5.055844277851851132e+01,0.000000000000000000e+00,0.000000000000000000e+00
4.956980542669836609e+01,0.000000000000000000e+00,0.000000000000000000e+00
5.151481349291847067e+01,0.000000000000000000e+00,0.000000000000000000e+00
5.073196252291747754e+01,0.000000000000000000e+00,0.000000000000000000e+00
5.044531737396219739e+01,0.000000000000000000e+00,0.000000000000000000e+00
5.286567123520802625e+01,0.000000000000000000e+00,0.000000000000000000e+00
5.045043693421316533e+01,0.000000000000000000e+00,0.000000000000000000e+00
4.972840755305769989e+01,0.000000000000000000e+00,0.000000000000000000e+00
4.953925278869671445e+01,0.000000000000000000e+00,0.000000000000000000e+00
5.226328450214580812e+01,0.000000000000000000e+00,0.000000000000000000e+00
5.113188346781907967e+01,0.000000000000000000e+00,0.000000000000000000e+00
4.935831657758567559e+01,0.000000000000000000e+00,0.000000000000000000e+00
4.958235227553044666e+01,0.000000000000000000e+00,0.000000000000000000e+00
4.905327260802027922e+01,0.000000000000000000e+00,0.000000000000000000e+00
5.451654258633715244e+01,0.000000000000000000e+00,0.000000000000000000e+00
5.378716733064148769e+01,0.000000000000000000e+00,0.000000000000000000e+00
4.777244811032164051e+01,0.000000000000000000e+00,0.000000000000000000e+00
4.617291992967050618e+01,0.000000000000000000e+00,0.000000000000000000e+00
5.435185335951545227e+01,0.000000000000000000e+00,0.000000000000000000e+00
5.126622894891806936e+01,0.000000000000000000e+00,0.000000000000000000e+00
5.289515110220071392e+01,0.000000000000000000e+00,0.000000000000000000e+00
5.100758937815300698e+01,0.000000000000000000e+00,0.000000000000000000e+00
5.601438660198629549e+01,0.000000000000000000e+00,0.000000000000000000e+00
4.871505516368246447e+01,0.000000000000000000e+00,0.000000000000000000e+00
5.237114730508701399e+01,0.000000000000000000e+00,0.000000000000000000e+00
5.340220394077032751e+01,0.000000000000000000e+00,0.000000000000000000e+00
4.995538691646621032e+01,0.000000000000000000e+00,0.000000000000000000e+00
5.405223978672049157e+01,0.000000000000000000e+00,0.000000000000000000e+00
4.875646032732255719e+01,0.000000000000000000e+00,0.000000000000000000e+00
5.530352510566471835e+01,0.000000000000000000e+00,0.000000000000000000e+00
5.204211787692448610e+01,0.000000000000000000e+00,0.000000000000000000e+00
5.307853250557531766e+01,0.000000000000000000e+00,0.000000000000000000e+00
5.133405479382273739e+01,0.000000000000000000e+00,0.000000000000000000e+00
5.289006026823120976e+01,0.000000000000000000e+00,0.000000000000000000e+00
5.330794864328070304e+01,0.000000000000000000e+00,0.000000000000000000e+00
5.679582411485664295e+01,0.000000000000000000e+00,0.000000000000000000e+00
5.236706817853720253e+01,0.000000000000000000e+00,0.000000000000000000e+00
5.579703415322931903e+01,0.000000000000000000e+00,0.000000000000000000e+00
5.106238028704287757e+01,0.000000000000000000e+00,0.000000000000000000e+00
5.589410615453829223e+01,0.000000000000000000e+00,0.000000000000000000e+00
4.976532312158653326e+01,0.000000000000000000e+00,0.000000000000000000e+00
5.347510487020326053e+01,0.000000000000000000e+00,0.000000000000000000e+00
5.260608507970749059e+01,0.000000000000000000e+00,0.000000000000000000e+00
5.632167824780562881e+01,0.000000000000000000e+00,0.000000000000000000e+00
5.700329752733514965e+01,0.000000000000000000e+00,0.000000000000000000e+00
5.614908595083385734e+01,0.000000000000000000e+00,0.000000000000000000e+00
5.247392855229708175e+01,0.000000000000000000e+00,0.000000000000000000e+00
5.446198220734196127e+01,0.000000000000000000e+00,0.000000000000000000e+00
5.298403176282740645e+01,0.000000000000000000e+00,0.000000000000000000e+00
5.190518231356998058e+01,0.000000000000000000e+00,0.000000000000000000e+00
5.366472383785094280e+01,0.000000000000000000e+00,0.000000000000000000e+00
5.444774850863660731e+01,0.000000000000000000e+00,0.000000000000000000e+00
5.480135573747298849e+01,0.000000000000000000e+00,0.000000000000000000e+00
5.215026811530619710e+01,0.000000000000000000e+00,0.000000000000000000e+00
5.497371734962685252e+01,0.000000000000000000e+00,0.000000000000000000e+00
5.847009585807374776e+01,0.000000000000000000e+00,0.000000000000000000e+00
5.544616762461546244e+01,0.000000000000000000e+00,0.000000000000000000e+00
5.783791181812652837e+01,0.000000000000000000e+00,0.000000000000000000e+00
5.335061328667721625e+01,0.000000000000000000e+00,0.000000000000000000e+00
5.826471441231628745e+01,0.000000000000000000e+00,0.000000000000000000e+00
5.385788694822036859e+01,0.000000000000000000e+00,0.000000000000000000e+00
5.468965391227817463e+01,0.000000000000000000e+00,0.000000000000000000e+00
5.875240658497046553e+01,0.000000000000000000e+00,0.000000000000000000e+00
5.595491452394826126e+01,0.000000000000000000e+00,0.000000000000000000e+00
5.312590513943800374e+01,0.000000000000000000e+00,0.000000000000000000e+00
5.645452495204567356e+01,0.000000000000000000e+00,0.000000000000000000e+00
5.130901114344771941e+01,0.000000000000000000e+00,0.000000000000000000e+00
5.450593662974063136e+01,0.000000000000000000e+00,0.000000000000000000e+00
5.468717715560976700e+01,0.000000000000000000e+00,0.000000000000000000e+00
5.997672924121655313e+01,0.000000000000000000e+00,0.000000000000000000e+00
5.898045107471533299e+01,0.000000000000000000e+00,0.000000000000000000e+00
5.362266599488129515e+01,0.000000000000000000e+00,0.000000000000000000e+00
5.850868177146258375e+01,0.000000000000000000e+00,0.000000000000000000e+00
5.704382994007976038e+01,0.000000000000000000e+00,0.000000000000000000e+00
5.789589381282828384e+01,0.000000000000000000e+00,0.000000000000000000e+00
5.538215007357035091e+01,0.000000000000000000e+00,0.000000000000000000e+00
5.552417914278188249e+01,0.000000000000000000e+00,0.000000000000000000e+00
5.947428606912532700e+01,0.000000000000000000e+00,0.000000000000000000e+00
5.374270476972409227e+01,0.000000000000000000e+00,0.000000000000000000e+00
5.791489617390406863e+01,0.000000000000000000e+00,0.000000000000000000e+00
5.768398867059611490e+01,0.000000000000000000e+00,0.000000000000000000e+00
5.661414333791417874e+01,0.000000000000000000e+00,0.000000000000000000e+00
5.366774184692878435e+01,0.000000000000000000e+00,0.000000000000000000e+00
5.613421882633267757e+01,0.000000000000000000e+00,0.000000000000000000e+00
5.777514183500385059e+01,0.000000000000000000e+00,0.000000000000000000e+00
5.836854031594113934e+01,0.000000000000000000e+00,0.000000000000000000e+00
5.535382985740215389e+01,0.000000000000000000e+00,0.000000000000000000e+00
5.776287007051764988e+01,0.000000000000000000e+00,0.000000000000000000e+00
5.582461834420292490e+01,0.000000000000000000e+00,0.000000000000000000e+00
6.011075513395469727e+01,0.000000000000000000e+00,0.000000000000000000e+00
6.076175382195091856e+01,0.000000000000000000e+00,0.000000000000000000e+00
6.143087174256966421e+01,0.000000000000000000e+00,0.000000000000000000e+00
6.117890714995007073e+01,0.000000000000000000e+00,0.000000000000000000e+00
5.569319724424266127e+01,0.000000000000000000e+00,0.000000000000000000e+00
5.774695652439319815e+01,0.000000000000000000e+00,0.000000000000000000e+00
5.973691743850613278e+01,0.000000000000000000e+00,0.000000000000000000e+00
5.556001342961705802e+01,0.000000000000000000e+00,0.000000000000000000e+00
5.750954011401380228e+01,0.000000000000000000e+00,0.000000000000000000e+00
5.732632494522417943e+01,0.000000000000000000e+00,0.000000000000000000e+00
5.915025638234432392e+01,0.000000000000000000e+00,0.000000000000000000e+00
6.041088867449369104e+01,0.000000000000000000e+00,0.000000000000000000e+00
5.566087858233545660e+01,0.000000000000000000e+00,0.000000000000000000e+00
6.001425989919761150e+01,0.000000000000000000e+00,0.000000000000000000e+00
5.734733181849924932e+01,0.000000000000000000e+00,0.000000000000000000e+00
6.216820661901911649e+01,0.000000000000000000e+00,0.000000000000000000e+00
6.072218963149035176e+01,0.000000000000000000e+00,0.000000000000000000e+00
5.554309839007729721e+01,0.000000000000000000e+00,0.000000000000000000e+00
5.824205964715972073e+01,0.000000000000000000e+00,0.000000000000000000e+00
6.093929563370015501e+01,0.000000000000000000e+00,0.000000000000000000e+00
6.031729155646767282e+01,0.000000000000000000e+00,0.000000000000000000e+00
6.123143119123045608e+01,0.000000000000000000e+00,0.000000000000000000e+00
5.718617646616177552e+01,0.000000000000000000e+00,0.000000000000000000e+00
5.956805497063514565e+01,0.000000000000000000e+00,0.000000000000000000e+00
5.854095424562202510e+01,0.000000000000000000e+00,0.000000000000000000e+00
5.901117727872060925e+01,0.000000000000000000e+00,0.000000000000000000e+00
5.878037834681869356e+01,0.000000000000000000e+00,0.000000000000000000e+00
6.133851258679880658e+01,0.000000000000000000e+00,0.000000000000000000e+00
5.864428428180661257e+01,0.000000000000000000e+00,0.000000000000000000e+00
6.172544574686434515e+01,0.000000000000000000e+00,0.000000000000000000e+00
5.797433478505986670e+01,0.000000000000000000e+00,0.000000000000000000e+00
5.800452471660197773e+01,0.000000000000000000e+00,0.000000000000000000e+00
5.955714340905850435e+01,0.000000000000000000e+00,0.000000000000000000e+00
6.306829524873177917e+01,0.000000000000000000e+00,0.000000000000000000e+00
5.803178398015636930e+01,0.000000000000000000e+00,0.000000000000000000e+00
6.350095470352381000e+01,0.000000000000000000e+00,0.000000000000000000e+00
5.737020656843850475e+01,0.000000000000000000e+00,0.000000000000000000e+00
5.783401246079838387e+01,0.000000000000000000e+00,0.000000000000000000e+00
5.938013379265845515e+01,0.000000000000000000e+00,0.000000000000000000e+00
5.979200070540568390e+01,0.000000000000000000e+00,0.000000000000000000e+00
6.254751426333262998e+01,0.000000000000000000e+00,0.000000000000000000e+00
6.002990103090312601e+01,0.000000000000000000e+00,0.000000000000000000e+00
5.975433956880561226e+01,0.000000000000000000e+00,0.000000000000000000e+00
5.897794602304191613e+01,0.000000000000000000e+00,0.000000000000000000e+00
5.906340955772006396e+01,0.000000000000000000e+00,0.000000000000000000e+00
6.358301067775296644e+01,0.000000000000000000e+00,0.000000000000000000e+00
5.937054152890249270e+01,0.000000000000000000e+00,0.000000000000000000e+00
6.164072331307529851e+01,0.000000000000000000e+00,0.000000000000000000e+00
6.065331559274696360e+01,0.000000000000000000e+00,0.000000000000000000e+00
5.982651664588063767e+01,0.000000000000000000e+00,0.000000000000000000e+00
6.391755516181623875e+01,0.000000000000000000e+00,0.000000000000000000e+00
5.991666793842280470e+01,0.000000000000000000e+00,0.000000000000000000e+00
5.800278069079733712e+01,0.000000000000000000e+00,0.000000000000000000e+00
5.750210817770086180e+01,0.000000000000000000e+00,0.000000000000000000e+00
6.135196564633696426e+01,0.000000000000000000e+00,0.000000000000000000e+00
6.151912918000166286e+01,0.000000000000000000e+00,0.000000000000000000e+00
6.031474735959660194e+01,0.000000000000000000e+00,0.000000000000000000e+00
6.252936195522022444e+01,0.000000000000000000e+00,0.000000000000000000e+00
6.086579323503433869e+01,0.000000000000000000e+00,0.000000000000000000e+00
6.224326536229668250e+01,0.000000000000000000e+00,0.000000000000000000e+00
6.334100468376369975e+01,0.000000000000000000e+00,0.000000000000000000e+00
6.088019650487837708e+01,0.000000000000000000e+00,0.000000000000000000e+00
6.192809286083242881e+01,0.000000000000000000e+00,0.000000000000000000e+00
6.420510567482331510e+01,0.000000000000000000e+00,0.000000000000000000e+00
5.890658478826011191e+01,0.000000000000000000e+00,0.000000000000000000e+00
6.099602827332496702e+01,0.000000000000000000e+00,0.000000000000000000e+00
6.060954960216636778e+01,0.000000000000000000e+00,0.000000000000000000e+00
6.279163268478835391e+01,0.000000000000000000e+00,0.000000000000000000e+00
6.523869853480364611e+01,0.000000000000000000e+00,0.000000000000000000e+00
6.089988823545822783e+01,0.000000000000000000e+00,0.000000000000000000e+00
6.257161296508703430e+01,0.000000000000000000e+00,0.000000000000000000e+00
6.405096764761523787e+01,0.000000000000000000e+00,0.000000000000000000e+00
6.394666649114589063e+01,0.000000000000000000e+00,0.000000000000000000e+00
6.585538646471145796e+01,0.000000000000000000e+00,0.000000000000000000e+00
6.310581341229653418e+01,0.000000000000000000e+00,0.000000000000000000e+00
6.250591537545624732e+01,0.000000000000000000e+00,0.000000000000000000e+00
6.267299252747586280e+01,0.000000000000000000e+00,0.000000000000000000e+00
6.177098519686772704e+01,0.000000000000000000e+00,0.000000000000000000e+00
6.207568409318285774e+01,0.000000000000000000e+00,0.000000000000000000e+00
6.199559077534423324e+01,0.000000000000000000e+00,0.000000000000000000e+00
6.480837672332776833e+01,0.000000000000000000e+00,0.000000000000000000e+00
6.250704752577779288e+01,0.000000000000000000e+00,0.000000000000000000e+00
5.998289391694737560e+01,0.000000000000000000e+00,0.000000000000000000e+00
6.300338658909691247e+01,0.000000000000000000e+00,0.000000000000000000e+00
6.506863925552332262e+01,0.000000000000000000e+00,0.000000000000000000e+00
6.353238620529140235e+01,0.000000000000000000e+00,0.000000000000000000e+00
6.319231364290817510e+01,0.000000000000000000e+00,0.000000000000000000e+00
6.458322018510843066e+01,0.000000000000000000e+00,0.000000000000000000e+00
6.617077213512689582e+01,0.000000000000000000e+00,0.000000000000000000e+00
6.726915255362304435e+01,0.000000000000000000e+00,0.000000000000000000e+00
6.556399192775450047e+01,0.000000000000000000e+00,0.000000000000000000e+00
6.590147857281341714e+01,0.000000000000000000e+00,0.000000000000000000e+00
6.370723674765547884e+01,0.000000000000000000e+00,0.000000000000000000e+00
6.571902699680040882e+01,0.000000000000000000e+00,0.000000000000000000e+00
6.441727046984570393e+01,0.000000000000000000e+00,0.000000000000000000e+00
6.477088369851148286e+01,0.000000000000000000e+00,0.000000000000000000e+00
6.469023981908516419e+01,0.000000000000000000e+00,0.000000000000000000e+00
6.696137649283264182e+01,0.000000000000000000e+00,0.000000000000000000e+00
6.408982577258215940e+01,0.000000000000000000e+00,0.000000000000000000e+00
6.722804141861152516e+01,0.000000000000000000e+00,0.000000000000000000e+00
6.229807705211475621e+01,0.000000000000000000e+00,0.000000000000000000e+00
6.366332447512911585e+01,0.000000000000000000e+00,0.000000000000000000e+00
6.647481567546708447e+01,0.000000000000000000e+00,0.000000000000000000e+00
6.522859537526727536e+01,0.000000000000000000e+00,0.000000000000000000e+00
6.655930266516568850e+01,0.000000000000000000e+00,0.000000000000000000e+00
6.633608553489014525e+01,0.000000000000000000e+00,0.000000000000000000e+00
6.533976839602544828e+01,0.000000000000000000e+00,0.000000000000000000e+00
6.175990974584940574e+01,0.000000000000000000e+00,0.000000000000000000e+00
6.340258319414952126e+01,0.000000000000000000e+00,0.000000000000000000e+00
6.821893806913365665e+01,0.000000000000000000e+00,0.000000000000000000e+00
6.424195884828270664e+01,0.000000000000000000e+00,0.000000000000000000e+00
6.555266424765099487e+01,0.000000000000000000e+00,0.000000000000000000e+00
6.375048240861927695e+01,0.000000000000000000e+00,0.000000000000000000e+00
6.549709763764938941e+01,0.000000000000000000e+00,0.000000000000000000e+00
6.747313674263499195e+01,0.000000000000000000e+00,0.000000000000000000e+00
6.806820955273926188e+01,0.000000000000000000e+00,0.000000000000000000e+00
6.499060220403015364e+01,0.000000000000000000e+00,0.000000000000000000e+00
6.567654089259137606e+01,0.000000000000000000e+00,0.000000000000000000e+00
6.909032302125325486e+01,0.000000000000000000e+00,0.000000000000000000e+00
6.573385237117933855e+01,0.000000000000000000e+00,0.000000000000000000e+00
6.539392278811355652e+01,0.000000000000000000e+00,0.000000000000000000e+00
7.003527339907356009e+01,0.000000000000000000e+00,0.000000000000000000e+00
6.463530517035876244e+01,0.000000000000000000e+00,0.000000000000000000e+00
6.564195506136773872e+01,0.000000000000000000e+00,0.000000000000000000e+00
6.921312609142805172e+01,0.000000000000000000e+00,0.000000000000000000e+00
6.717369196632857609e+01,0.000000000000000000e+00,0.000000000000000000e+00
6.841497977314097056e+01,0.000000000000000000e+00,0.000000000000000000e+00
6.376174633013911830e+01,0.000000000000000000e+00,0.000000000000000000e+00
6.569548935957956814e+01,0.000000000000000000e+00,0.000000000000000000e+00
6.521620997245510409e+01,0.000000000000000000e+00,0.000000000000000000e+00
6.489654319409066829e+01,0.000000000000000000e+00,0.000000000000000000e+00
6.941992729464934087e+01,0.000000000000000000e+00,0.000000000000000000e+00
6.514378547487606852e+01,0.000000000000000000e+00,0.000000000000000000e+00
6.603647662494073245e+01,0.000000000000000000e+00,0.000000000000000000e+00
6.520727536706399974e+01,0.000000000000000000e+00,0.000000000000000000e+00
6.661302188546513037e+01,0.000000000000000000e+00,0.000000000000000000e+00
6.918952956437948387e+01,0.000000000000000000e+00,0.000000000000000000e+00
6.707746545871752630e+01,0.000000000000000000e+00,0.000000000000000000e+00
6.765324154272919088e+01,0.000000000000000000e+00,0.000000000000000000e+00
6.544934262334005837e+01,0.000000000000000000e+00,0.000000000000000000e+00
7.133666436454672066e+01,0.000000000000000000e+00,0.000000000000000000e+00
6.803522444997125262e+01,0.000000000000000000e+00,0.000000000000000000e+00
6.606584275582935106e+01,0.000000000000000000e+00,0.000000000000000000e+00
6.940097781344023531e+01,0.000000000000000000e+00,0.000000000000000000e+00
6.634455405205871159e+01,0.000000000000000000e+00,0.000000000000000000e+00
6.865402903634505094e+01,0.000000000000000000e+00,0.000000000000000000e+00
7.140211378813087606e+01,0.000000000000000000e+00,0.000000000000000000e+00
6.882879424396163870e+01,0.000000000000000000e+00,0.000000000000000000e+00
7.062422257666392511e+01,0.000000000000000000e+00,0.000000000000000000e+00
6.938638854264384292e+01,0.000000000000000000e+00,0.000000000000000000e+00
6.779039283523424331e+01,0.000000000000000000e+00,0.000000000000000000e+00
6.992524627468199583e+01,0.000000000000000000e+00,0.000000000000000000e+00
6.663982473188862343e+01,0.000000000000000000e+00,0.000000000000000000e+00
6.703983647093330944e+01,0.000000000000000000e+00,0.000000000000000000e+00
7.027635313987931909e+01,0.000000000000000000e+00,0.000000000000000000e+00
6.732951008967395978e+01,0.000000000000000000e+00,0.000000000000000000e+00
6.594376933160050669e+01,0.000000000000000000e+00,0.000000000000000000e+00
6.951877883478231013e+01,0.000000000000000000e+00,0.000000000000000000e+00
6.709796869515392359e+01,0.000000000000000000e+00,0.000000000000000000e+00
6.872628950604843112e+01,0.000000000000000000e+00,0.000000000000000000e+00
7.070703429834351539e+01,0.000000000000000000e+00,0.000000000000000000e+00
6.782457925222597339e+01,0.000000000000000000e+00,0.000000000000000000e+00
7.068476348624528782e+01,0.000000000000000000e+00,0.000000000000000000e+00
6.564167478212175411e+01,0.000000000000000000e+00,0.000000000000000000e+00
6.801732642027779718e+01,0.000000000000000000e+00,0.000000000000000000e+00
6.506980761268191316e+01,0.000000000000000000e+00,0.000000000000000000e+00
6.639833388003469850e+01,0.000000000000000000e+00,0.000000000000000000e+00
7.014739526106050960e+01,0.000000000000000000e+00,0.000000000000000000e+00
6.693229987983983165e+01,0.000000000000000000e+00,0.000000000000000000e+00
6.991082315928848345e+01,0.000000000000000000e+00,0.000000000000000000e+00
7.083080581105505757e+01,0.000000000000000000e+00,0.000000000000000000e+00
7.193917933413405308e+01,0.000000000000000000e+00,0.000000000000000000e+00
6.829278538880784311e+01,0.000000000000000000e+00,0.000000000000000000e+00
6.977053690287510790e+01,0.000000000000000000e+00,0.000000000000000000e+00
6.783097648595015983e+01,0.000000000000000000e+00,0.000000000000000000e+00
7.277085563897600196e+01,0.000000000000000000e+00,0.000000000000000000e+00
7.122364598776336209e+01,0.000000000000000000e+00,0.000000000000000000e+00
6.929914454546874936e+01,0.000000000000000000e+00,0.000000000000000000e+00
7.441451311446330408e+01,0.000000000000000000e+00,0.000000000000000000e+00
7.354406842093203522e+01,0.000000000000000000e+00,0.000000000000000000e+00
6.789629948512734359e+01,0.000000000000000000e+00,0.000000000000000000e+00
7.093474285981866956e+01,0.000000000000000000e+00,0.000000000000000000e+00
7.162864020324644798e+01,0.000000000000000000e+00,0.000000000000000000e+00
6.818932560732943671e+01,0.000000000000000000e+00,0.000000000000000000e+00
7.058304517958872282e+01,0.000000000000000000e+00,0.000000000000000000e+00
6.846536504669145984e+01,0.000000000000000000e+00,0.000000000000000000e+00
7.090181577369850174e+01,0.000000000000000000e+00,0.000000000000000000e+00
6.895464040133300898e+01,0.000000000000000000e+00,0.000000000000000000e+00
6.848799847146958086e+01,0.000000000000000000e+00,0.000000000000000000e+00
6.806088874976218506e+01,0.000000000000000000e+00,0.000000000000000000e+00
7.118173353937622494e+01,0.000000000000000000e+00,0.000000000000000000e+00
7.229974667365881658e+01,0.000000000000000000e+00,0.000000000000000000e+00
7.400690797012050837e+01,0.000000000000000000e+00,0.000000000000000000e+00
6.966587413125428441e+01,0.000000000000000000e+00,0.000000000000000000e+00
7.083513348072165172e+01,0.000000000000000000e+00,0.000000000000000000e+00
7.284346983848847401e+01,0.000000000000000000e+00,0.000000000000000000e+00
6.722049881490136158e+01,0.000000000000000000e+00,0.000000000000000000e+00
7.369924252482057625e+01,0.000000000000000000e+00,0.000000000000000000e+00
6.969894392654416038e+01,0.000000000000000000e+00,0.000000000000000000e+00
7.079292659290668155e+01,0.000000000000000000e+00,0.000000000000000000e+00
7.033636480751705733e+01,0.000000000000000000e+00,0.000000000000000000e+00
6.855968924924349039e+01,0.000000000000000000e+00,0.000000000000000000e+00
6.852372640587235253e+01,0.000000000000000000e+00,0.000000000000000000e+00
7.156637498737536873e+01,0.000000000000000000e+00,0.000000000000000000e+00
7.299108536812796899e+01,0.000000000000000000e+00,0.000000000000000000e+00
6.884309797804483821e+01,0.000000000000000000e+00,0.000000000000000000e+00
7.272760218705930413e+01,0.000000000000000000e+00,0.000000000000000000e+00
7.400351360977225568e+01,0.000000000000000000e+00,0.000000000000000000e+00
7.144466640306994520e+01,0.000000000000000000e+00,0.000000000000000000e+00
7.286666011143080368e+01,0.000000000000000000e+00,0.000000000000000000e+00
7.220000235893603246e+01,0.000000000000000000e+00,0.000000000000000000e+00
6.678824760428224749e+01,0.000000000000000000e+00,0.000000000000000000e+00
7.288146044193248940e+01,0.000000000000000000e+00,0.000000000000000000e+00
7.297562705350553358e+01,0.000000000000000000e+00,0.000000000000000000e+00
7.301386279292300685e+01,0.000000000000000000e+00,0.000000000000000000e+00
7.561930216323034415e+01,0.000000000000000000e+00,0.000000000000000000e+00
7.397689707630243561e+01,0.000000000000000000e+00,0.000000000000000000e+00
7.046647146879605828e+01,0.000000000000000000e+00,0.000000000000000000e+00
6.909748842010704095e+01,0.000000000000000000e+00,0.000000000000000000e+00
6.777211341634961173e+01,0.000000000000000000e+00,0.000000000000000000e+00
7.487126941648196521e+01,0.000000000000000000e+00,0.000000000000000000e+00
7.450816833654333493e+01,0.000000000000000000e+00,0.000000000000000000e+00
6.947487869529101090e+01,0.000000000000000000e+00,0.000000000000000000e+00
7.177093047443740659e+01,0.000000000000000000e+00,0.000000000000000000e+00
7.459769420846565424e+01,0.000000000000000000e+00,0.000000000000000000e+00
7.209300499361569337e+01,0.000000000000000000e+00,0.000000000000000000e+00
6.975813541122045081e+01,0.000000000000000000e+00,0.000000000000000000e+00
7.387369411152656085e+01,0.000000000000000000e+00,0.000000000000000000e+00
7.480150187370934134e+01,0.000000000000000000e+00,0.000000000000000000e+00
7.421418354135447260e+01,0.000000000000000000e+00,0.000000000000000000e+00
7.260869474424859504e+01,0.000000000000000000e+00,0.000000000000000000e+00
7.263767213670470824e+01,0.000000000000000000e+00,0.000000000000000000e+00
7.183997238793054407e+01,0.000000000000000000e+00,0.000000000000000000e+00
7.404560322076407886e+01,0.000000000000000000e+00,0.000000000000000000e+00
7.230143846659825613e+01,0.000000000000000000e+00,0.000000000000000000e+00
7.432690674695167843e+01,0.000000000000000000e+00,0.000000000000000000e+00
7.539886921175960310e+01,0.000000000000000000e+00,0.000000000000000000e+00
7.348469441267850755e+01,0.000000000000000000e+00,0.000000000000000000e+00
7.367543473706797386e+01,0.000000000000000000e+00,0.000000000000000000e+00
7.212219606227814950e+01,0.000000000000000000e+00,0.000000000000000000e+00
7.111437797145433137e+01,0.000000000000000000e+00,0.000000000000000000e+00
7.372246811820477319e+01,0.000000000000000000e+00,0.000000000000000000e+00
7.117736464694775123e+01,0.000000000000000000e+00,0.000000000000000000e+00
7.296446951240683632e+01,0.000000000000000000e+00,0.000000000000000000e+00
7.177295347216407606e+01,0.000000000000000000e+00,0.000000000000000000e+00
7.471526384049678882e+01,0.000000000000000000e+00,0.000000000000000000e+00
7.506953591908579426e+01,0.000000000000000000e+00,0.000000000000000000e+00
7.259620413771277470e+01,0.000000000000000000e+00,0.000000000000000000e+00
7.372606682423783298e+01,0.000000000000000000e+00,0.000000000000000000e+00
7.267252380253087551e+01,0.000000000000000000e+00,0.000000000000000000e+00
7.044496899102566090e+01,0.000000000000000000e+00,0.000000000000000000e+00
7.563689551777690667e+01,0.000000000000000000e+00,0.000000000000000000e+00
7.241526324972964801e+01,0.000000000000000000e+00,0.000000000000000000e+00
7.326497104293659390e+01,0.000000000000000000e+00,0.000000000000000000e+00
7.288160236014016391e+01,0.000000000000000000e+00,0.000000000000000000e+00
7.470068662368171886e+01,0.000000000000000000e+00,0.000000000000000000e+00
7.141820348996802181e+01,0.000000000000000000e+00,0.000000000000000000e+00
7.718907650122491759e+01,0.000000000000000000e+00,0.000000000000000000e+00
7.449801561051805265e+01,0.000000000000000000e+00,0.000000000000000000e+00
7.787302832658711793e+01,0.000000000000000000e+00,0.000000000000000000e+00
7.681846073528159025e+01,0.000000000000000000e+00,0.000000000000000000e+00
7.499263195575444740e+01,0.000000000000000000e+00,0.000000000000000000e+00
7.438299616825565863e+01,0.000000000000000000e+00,0.000000000000000000e+00
7.603520548823556169e+01,0.000000000000000000e+00,0.000000000000000000e+00
7.457455340467762994e+01,0.000000000000000000e+00,0.000000000000000000e+00
7.309661514648730929e+01,0.000000000000000000e+00,0.000000000000000000e+00
7.161302590864296747e+01,0.000000000000000000e+00,0.000000000000000000e+00
7.703392949698448433e+01,0.000000000000000000e+00,0.000000000000000000e+00
7.643859382407457304e+01,0.000000000000000000e+00,0.000000000000000000e+00
7.355385916797997936e+01,0.000000000000000000e+00,0.000000000000000000e+00
7.591573547388463794e+01,0.000000000000000000e+00,0.000000000000000000e+00
7.499518993052690519e+01,0.000000000000000000e+00,0.000000000000000000e+00
7.279733068062151347e+01,0.000000000000000000e+00,0.000000000000000000e+00
7.505847465739341828e+01,0.000000000000000000e+00,0.000000000000000000e+00
7.300561934045477130e+01,0.000000000000000000e+00,0.000000000000000000e+00
7.619074408431313827e+01,0.000000000000000000e+00,0.000000000000000000e+00
7.489473791447463213e+01,0.000000000000000000e+00,0.000000000000000000e+00
7.481609359752232535e+01,0.000000000000000000e+00,0.000000000000000000e+00
7.209924919658017473e+01,0.000000000000000000e+00,0.000000000000000000e+00
8.081758329958178422e+01,0.000000000000000000e+00,0.000000000000000000e+00
7.625837420914302811e+01,0.000000000000000000e+00,0.000000000000000000e+00
7.648600679220405141e+01,0.000000000000000000e+00,0.000000000000000000e+00
7.577712490065671602e+01,0.000000000000000000e+00,0.000000000000000000e+00
7.748766832269868132e+01,0.000000000000000000e+00,0.000000000000000000e+00
7.710521843525972940e+01,0.000000000000000000e+00,0.000000000000000000e+00
7.623553459843137148e+01,0.000000000000000000e+00,0.000000000000000000e+00
7.747718579775316528e+01,0.000000000000000000e+00,0.000000000000000000e+00
7.707852393792610712e+01,0.000000000000000000e+00,0.000000000000000000e+00
7.509301909066059011e+01,0.000000000000000000e+00,0.000000000000000000e+00
7.898752210104096605e+01,0.000000000000000000e+00,0.000000000000000000e+00
7.983535078097246185e+01,0.000000000000000000e+00,0.000000000000000000e+00
7.685399951248429318e+01,0.000000000000000000e+00,0.000000000000000000e+00
7.749450787915975525e+01,0.000000000000000000e+00,0.000000000000000000e+00
7.264703021808331584e+01,0.000000000000000000e+00,0.000000000000000000e+00
7.418358893175116009e+01,0.000000000000000000e+00,0.000000000000000000e+00
7.734521454101268034e+01,0.000000000000000000e+00,0.000000000000000000e+00
7.851194681885465343e+01,0.000000000000000000e+00,0.000000000000000000e+00
7.454169104055877426e+01,0.000000000000000000e+00,0.000000000000000000e+00
7.641948656983265664e+01,0.000000000000000000e+00,0.000000000000000000e+00
7.298426163035519210e+01,0.000000000000000000e+00,0.000000000000000000e+00
7.365150350117191635e+01,0.000000000000000000e+00,0.000000000000000000e+00
8.003531990664967566e+01,0.000000000000000000e+00,0.000000000000000000e+00
7.453338840632630991e+01,0.000000000000000000e+00,0.000000000000000000e+00
7.449370651946124156e+01,0.000000000000000000e+00,0.000000000000000000e+00
7.330971420191005450e+01,0.000000000000000000e+00,0.000000000000000000e+00
7.399520495343874416e+01,0.000000000000000000e+00,0.000000000000000000e+00
7.490385902332951673e+01,0.000000000000000000e+00,0.000000000000000000e+00
7.708181549478925376e+01,0.000000000000000000e+00,0.000000000000000000e+00
7.777417961507912025e+01,0.000000000000000000e+00,0.000000000000000000e+00
7.424804119501837363e+01,0.000000000000000000e+00,0.000000000000000000e+00
7.462568644664268902e+01,0.000000000000000000e+00,0.000000000000000000e+00
7.572513568138278117e+01,0.000000000000000000e+00,0.000000000000000000e+00
7.365943296659663986e+01,0.000000000000000000e+00,0.000000000000000000e+00
7.586611469276223829e+01,0.000000000000000000e+00,0.000000000000000000e+00
8.009240593192437530e+01,0.000000000000000000e+00,0.000000000000000000e+00
7.648732461219216816e+01,0.000000000000000000e+00,0.000000000000000000e+00
7.727875129016591416e+01,0.000000000000000000e+00,0.000000000000000000e+00
7.517030117856390348e+01,0.000000000000000000e+00,0.000000000000000000e+00
7.819463773377943028e+01,0.000000000000000000e+00,0.000000000000000000e+00
7.621126723392781344e+01,0.000000000000000000e+00,0.000000000000000000e+00
7.899436432799843999e+01,0.000000000000000000e+00,0.000000000000000000e+00
7.813669758313039893e+01,0.000000000000000000e+00,0.000000000000000000e+00
7.904302127704575298e+01,0.000000000000000000e+00,0.000000000000000000e+00
7.434530075691799311e+01,0.000000000000000000e+00,0.000000000000000000e+00
8.191545401250601799e+01,0.000000000000000000e+00,0.000000000000000000e+00
8.024943807379779059e+01,0.000000000000000000e+00,0.000000000000000000e+00
7.972165683732265506e+01,0.000000000000000000e+00,0.000000000000000000e+00
7.932529916190121355e+01,0.000000000000000000e+00,0.000000000000000000e+00
7.632363711588466515e+01,0.000000000000000000e+00,0.000000000000000000e+00
7.645795675136213276e+01,0.000000000000000000e+00,0.000000000000000000e+00
7.567354232336332132e+01,0.000000000000000000e+00,0.000000000000000000e+00
7.757876705801953676e+01,0.000000000000000000e+00,0.000000000000000000e+00
7.717521443776595902e+01,0.000000000000000000e+00,0.000000000000000000e+00
7.839007889735917445e+01,0.000000000000000000e+00,0.000000000000000000e+00
8.086147293236049904e+01,0.000000000000000000e+00,0.000000000000000000e+00
7.897299146102116651e+01,0.000000000000000000e+00,0.000000000000000000e+00
7.854971530469893537e+01,0.000000000000000000e+00,0.000000000000000000e+00
7.666623708865805042e+01,0.000000000000000000e+00,0.000000000000000000e+00
7.766233265355636206e+01,0.000000000000000000e+00,0.000000000000000000e+00
7.772993830740547594e+01,0.000000000000000000e+00,0.000000000000000000e+00
7.453498683668561853e+01,0.000000000000000000e+00,0.000000000000000000e+00
7.555726162169385418e+01,0.000000000000000000e+00,0.000000000000000000e+00
7.723934924252242240e+01,0.000000000000000000e+00,0.000000000000000000e+00
7.466722041182151770e+01,0.000000000000000000e+00,0.000000000000000000e+00
7.681005188285513441e+01,0.000000000000000000e+00,0.000000000000000000e+00
7.405774845983825116e+01,0.000000000000000000e+00,0.000000000000000000e+00
7.929345011418577371e+01,0.000000000000000000e+00,0.000000000000000000e+00
7.599665881942060253e+01,0.000000000000000000e+00,0.000000000000000000e+00
8.038726277605223913e+01,0.000000000000000000e+00,0.000000000000000000e+00
7.704846367273377439e+01,0.000000000000000000e+00,0.000000000000000000e+00
8.020582962433734053e+01,0.000000000000000000e+00,0.000000000000000000e+00
7.622081146944722718e+01,0.000000000000000000e+00,0.000000000000000000e+00
8.127184288369804221e+01,0.000000000000000000e+00,0.000000000000000000e+00
7.658784854059550185e+01,0.000000000000000000e+00,0.000000000000000000e+00
7.878363204282500476e+01,0.000000000000000000e+00,0.000000000000000000e+00
7.850928685505490989e+01,0.000000000000000000e+00,0.000000000000000000e+00
7.911340296457701982e+01,0.000000000000000000e+00,0.000000000000000000e+00
7.740370953128589804e+01,0.000000000000000000e+00,0.000000000000000000e+00
7.476950996627603274e+01,0.000000000000000000e+00,0.000000000000000000e+00
7.966669679900921608e+01,0.000000000000000000e+00,0.000000000000000000e+00
7.581332384985771000e+01,0.000000000000000000e+00,0.000000000000000000e+00
7.729582429628386819e+01,0.000000000000000000e+00,0.000000000000000000e+00
7.517068354719644674e+01,0.000000000000000000e+00,0.000000000000000000e+00
8.239553380059430765e+01,0.000000000000000000e+00,0.000000000000000000e+00
7.836984557587365430e+01,0.000000000000000000e+00,0.000000000000000000e+00
8.021701312500900372e+01,0.000000000000000000e+00,0.000000000000000000e+00
7.526799659869386971e+01,0.000000000000000000e+00,0.000000000000000000e+00
7.902654704091544602e+01,0.000000000000000000e+00,0.000000000000000000e+00
7.765618328831007489e+01,0.000000000000000000e+00,0.000000000000000000e+00
7.616310688535435247e+01,0.000000000000000000e+00,0.000000000000000000e+00
7.702280343876989832e+01,0.000000000000000000e+00,0.000000000000000000e+00
7.820116291925131691e+01,0.000000000000000000e+00,0.000000000000000000e+00
7.593671764757321796e+01,0.000000000000000000e+00,0.000000000000000000e+00
7.716005907492164795e+01,0.000000000000000000e+00,0.000000000000000000e+00
7.849008290165215840e+01,0.000000000000000000e+00,0.000000000000000000e+00
7.923126246735284894e+01,0.000000000000000000e+00,0.000000000000000000e+00
7.810007584948691317e+01,0.000000000000000000e+00,0.000000000000000000e+00
7.747921496494920746e+01,0.000000000000000000e+00,0.000000000000000000e+00
7.758335075684466631e+01,0.000000000000000000e+00,0.000000000000000000e+00
7.949780276620261077e+01,0.000000000000000000e+00,0.000000000000000000e+00
8.000378645466439309e+01,0.000000000000000000e+00,0.000000000000000000e+00
8.067683294976296793e+01,0.000000000000000000e+00,0.000000000000000000e+00
8.043368820249880002e+01,0.000000000000000000e+00,0.000000000000000000e+00
7.978649629590137238e+01,0.000000000000000000e+00,0.000000000000000000e+00
7.760718468435881334e+01,0.000000000000000000e+00,0.000000000000000000e+00
8.041169451578117844e+01,0.000000000000000000e+00,0.000000000000000000e+00
7.927657590110736407e+01,0.000000000000000000e+00,0.000000000000000000e+00
7.693916417111239525e+01,0.000000000000000000e+00,0.000000000000000000e+00
8.030918904267916503e+01,0.000000000000000000e+00,0.000000000000000000e+00
7.790890740991594043e+01,0.000000000000000000e+00,0.000000000000000000e+00
8.151629040460500164e+01,0.000000000000000000e+00,0.000000000000000000e+00
7.897243556541324949e+01,0.000000000000000000e+00,0.000000000000000000e+00
7.890912480253176398e+01,0.000000000000000000e+00,0.000000000000000000e+00
7.816239121827693737e+01,0.000000000000000000e+00,0.000000000000000000e+00
7.742628649580501587e+01,0.000000000000000000e+00,0.000000000000000000e+00
7.757576847143653254e+01,0.000000000000000000e+00,0.000000000000000000e+00
7.878910565337021410e+01,0.000000000000000000e+00,0.000000000000000000e+00
7.953612231493475804e+01,0.000000000000000000e+00,0.000000000000000000e+00
7.621741580147431705e+01,0.000000000000000000e+00,0.000000000000000000e+00
7.858255907897404313e+01,0.000000000000000000e+00,0.000000000000000000e+00
7.699691849378228881e+01,0.000000000000000000e+00,0.000000000000000000e+00
7.833448278156092215e+01,0.000000000000000000e+00,0.000000000000000000e+00
7.786481751662830675e+01,0.000000000000000000e+00,0.000000000000000000e+00
8.090240584248174116e+01,0.000000000000000000e+00,0.000000000000000000e+00
7.880975756988392789e+01,0.000000000000000000e+00,0.000000000000000000e+00
7.950390787747876686e+01,0.000000000000000000e+00,0.000000000000000000e+00
7.746596624221034233e+01,0.000000000000000000e+00,0.000000000000000000e+00
7.986190640162568855e+01,0.000000000000000000e+00,0.000000000000000000e+00
8.074806823712016524e+01,0.000000000000000000e+00,0.000000000000000000e+00
7.762705382051825609e+01,0.000000000000000000e+00,0.000000000000000000e+00
7.760994845208387005e+01,0.000000000000000000e+00,0.000000000000000000e+00
8.162726102578798759e+01,0.000000000000000000e+00,0.000000000000000000e+00
8.235415018795657716e+01,0.000000000000000000e+00,0.000000000000000000e+00
8.362618877787497240e+01,0.000000000000000000e+00,0.000000000000000000e+00
7.938393523799567220e+01,0.000000000000000000e+00,0.000000000000000000e+00
8.280619047474630179e+01,0.000000000000000000e+00,0.000000000000000000e+00
8.061006492871942442e+01,0.000000000000000000e+00,0.000000000000000000e+00
7.876151656534869971e+01,0.000000000000000000e+00,0.000000000000000000e+00
7.991956257097163530e+01,0.000000000000000000e+00,0.000000000000000000e+00
8.057521713271643193e+01,0.000000000000000000e+00,0.000000000000000000e+00
7.896078643919923934e+01,0.000000000000000000e+00,0.000000000000000000e+00
7.683135486384504986e+01,0.000000000000000000e+00,0.000000000000000000e+00
8.028435088102824579e+01,0.000000000000000000e+00,0.000000000000000000e+00
7.867383117961411187e+01,0.000000000000000000e+00,0.000000000000000000e+00
7.930109844375884620e+01,0.000000000000000000e+00,0.000000000000000000e+00
8.241554059979287672e+01,0.000000000000000000e+00,0.000000000000000000e+00
7.809676399502964728e+01,0.000000000000000000e+00,0.000000000000000000e+00
7.867322562100106609e+01,0.000000000000000000e+00,0.000000000000000000e+00
8.063509869020823828e+01,0.000000000000000000e+00,0.000000000000000000e+00
7.915372181530540274e+01,0.000000000000000000e+00,0.000000000000000000e+00
8.295968871116248522e+01,0.000000000000000000e+00,0.000000000000000000e+00
8.202205093509051892e+01,0.000000000000000000e+00,0.000000000000000000e+00
8.044464180222576033e+01,0.000000000000000000e+00,0.000000000000000000e+00
8.635264108206573042e+01,0.000000000000000000e+00,0.000000000000000000e+00
7.781022205643877498e+01,0.000000000000000000e+00,0.000000000000000000e+00
8.020529362322162115e+01,0.000000000000000000e+00,0.000000000000000000e+00
8.176451205079590068e+01,0.000000000000000000e+00,0.000000000000000000e+00
7.870543371515077524e+01,0.000000000000000000e+00,0.000000000000000000e+00
7.908641986572600047e+01,0.000000000000000000e+00,0.000000000000000000e+00
7.952325921884333582e+01,0.000000000000000000e+00,0.000000000000000000e+00
7.916877486595035407e+01,0.000000000000000000e+00,0.000000000000000000e+00
8.002789903207064981e+01,0.000000000000000000e+00,0.000000000000000000e+00
7.590144485757772941e+01,0.000000000000000000e+00,0.000000000000000000e+00
8.138649462374988275e+01,0.000000000000000000e+00,0.000000000000000000e+00
8.059465249469189985e+01,0.000000000000000000e+00,0.000000000000000000e+00
7.930693949180468394e+01,0.000000000000000000e+00,0.000000000000000000e+00
7.874744415734352287e+01,0.000000000000000000e+00,0.000000000000000000e+00
8.235875209835084831e+01,0.000000000000000000e+00,0.000000000000000000e+00
8.204670523990120046e+01,0.000000000000000000e+00,0.000000000000000000e+00
7.727896105940746452e+01,0.000000000000000000e+00,0.000000000000000000e+00
7.754377409811213795e+01,0.000000000000000000e+00,0.000000000000000000e+00
8.391282798539161547e+01,0.000000000000000000e+00,0.000000000000000000e+00
8.158833372506097703e+01,0.000000000000000000e+00,0.000000000000000000e+00
7.971008015055906526e+01,0.000000000000000000e+00,0.000000000000000000e+00
7.976588888967587820e+01,0.000000000000000000e+00,0.000000000000000000e+00
7.765365830650841872e+01,0.000000000000000000e+00,0.000000000000000000e+00
8.401605038009276427e+01,0.000000000000000000e+00,0.000000000000000000e+00
7.853564687533111055e+01,0.000000000000000000e+00,0.000000000000000000e+00
7.881370555787776766e+01,0.000000000000000000e+00,0.000000000000000000e+00
7.968615821462859117e+01,0.000000000000000000e+00,0.000000000000000000e+00
8.034993393142363516e+01,0.000000000000000000e+00,0.000000000000000000e+00
8.021846614064273240e+01,0.000000000000000000e+00,0.000000000000000000e+00
8.201468904542970506e+01,0.000000000000000000e+00,0.000000000000000000e+00
8.208342157767354763e+01,0.000000000000000000e+00,0.000000000000000000e+00
8.190666470309886904e+01,0.000000000000000000e+00,0.000000000000000000e+00
7.945634035331536893e+01,0.000000000000000000e+00,0.000000000000000000e+00
8.001909312269160068e+01,0.000000000000000000e+00,0.000000000000000000e+00
8.228929420661134486e+01,0.000000000000000000e+00,0.000000000000000000e+00
8.133798384913814061e+01,0.000000000000000000e+00,0.000000000000000000e+00
8.221835318927335834e+01,0.000000000000000000e+00,0.000000000000000000e+00
8.090449267629074370e+01,0.000000000000000000e+00,0.000000000000000000e+00
7.987581441686138817e+01,0.000000000000000000e+00,0.000000000000000000e+00
7.857893897204385780e+01,0.000000000000000000e+00,0.000000000000000000e+00
7.879057032863872223e+01,0.000000000000000000e+00,0.000000000000000000e+00
8.350167104156052744e+01,0.000000000000000000e+00,0.000000000000000000e+00
8.086848737789541985e+01,0.000000000000000000e+00,0.000000000000000000e+00
8.280906258209024884e+01,0.000000000000000000e+00,0.000000000000000000e+00
8.102379356173479152e+01,0.000000000000000000e+00,0.000000000000000000e+00
8.164240026508166181e+01,0.000000000000000000e+00,0.000000000000000000e+00
8.096158139428219158e+01,0.000000000000000000e+00,0.000000000000000000e+00
8.202123277322870365e+01,0.000000000000000000e+00,0.000000000000000000e+00
8.006315433033658735e+01,0.000000000000000000e+00,0.000000000000000000e+00
8.218633272734484763e+01,0.000000000000000000e+00,0.000000000000000000e+00
8.059513622776265152e+01,0.000000000000000000e+00,0.000000000000000000e+00
7.662572061336838658e+01,0.000000000000000000e+00,0.000000000000000000e+00
7.880021457736060597e+01,0.000000000000000000e+00,0.000000000000000000e+00
8.038583247417390965e+01,0.000000000000000000e+00,0.000000000000000000e+00
8.002414711147982018e+01,0.000000000000000000e+00,0.000000000000000000e+00
7.899939496550621243e+01,0.000000000000000000e+00,0.000000000000000000e+00
8.065410818264950876e+01,0.000000000000000000e+00,0.000000000000000000e+00
8.203019721654727903e+01,0.000000000000000000e+00,0.000000000000000000e+00
7.836843607161253544e+01,0.000000000000000000e+00,0.000000000000000000e+00
7.611533750564147738e+01,0.000000000000000000e+00,0.000000000000000000e+00
7.775141667907134035e+01,0.000000000000000000e+00,0.000000000000000000e+00
7.874515350160109506e+01,0.000000000000000000e+00,0.000000000000000000e+00
8.138099984096695039e+01,0.000000000000000000e+00,0.000000000000000000e+00
7.779810186202411160e+01,0.000000000000000000e+00,0.000000000000000000e+00
8.234354013055039445e+01,0.000000000000000000e+00,0.000000000000000000e+00
7.979997577966241806e+01,0.000000000000000000e+00,0.000000000000000000e+00
7.992534259913722394e+01,0.000000000000000000e+00,0.000000000000000000e+00
8.044535407944468375e+01,0.000000000000000000e+00,0.000000000000000000e+00
8.285980756974286976e+01,0.000000000000000000e+00,0.000000000000000000e+00
8.073196489859445535e+01,0.000000000000000000e+00,0.000000000000000000e+00
8.135226127076548153e+01,0.000000000000000000e+00,0.000000000000000000e+00
7.653334809054192078e+01,0.000000000000000000e+00,0.000000000000000000e+00
7.711204140990402323e+01,0.000000000000000000e+00,0.000000000000000000e+00
8.134846405815051185e+01,0.000000000000000000e+00,0.000000000000000000e+00
8.081788522453908286e+01,0.000000000000000000e+00,0.000000000000000000e+00
7.913363397082933659e+01,0.000000000000000000e+00,0.000000000000000000e+00
7.921972525707221280e+01,0.000000000000000000e+00,0.000000000000000000e+00
7.836911555827343534e+01,0.000000000000000000e+00,0.000000000000000000e+00
8.401160838861581226e+01,0.000000000000000000e+00,0.000000000000000000e+00
7.928205031339332720e+01,0.000000000000000000e+00,0.000000000000000000e+00
7.721841722396855801e+01,0.000000000000000000e+00,0.000000000000000000e+00
7.967846548874770463e+01,0.000000000000000000e+00,0.000000000000000000e+00
8.158819001888907962e+01,0.000000000000000000e+00,0.000000000000000000e+00
7.806977606468394981e+01,0.000000000000000000e+00,0.000000000000000000e+00
8.189895876443472389e+01,0.000000000000000000e+00,0.000000000000000000e+00
7.634924685798232247e+01,0.000000000000000000e+00,0.000000000000000000e+00
8.134138894014969878e+01,0.000000000000000000e+00,0.000000000000000000e+00
7.735385969021794494e+01,0.000000000000000000e+00,0.000000000000000000e+00
8.126244381179766663e+01,0.000000000000000000e+00,0.000000000000000000e+00
8.173305025353241149e+01,0.000000000000000000e+00,0.000000000000000000e+00
7.905468014186311621e+01,0.000000000000000000e+00,0.000000000000000000e+00
7.970137766799008716e+01,0.000000000000000000e+00,0.000000000000000000e+00
8.142393818948538353e+01,0.000000000000000000e+00,0.000000000000000000e+00
7.772901736735852296e+01,0.000000000000000000e+00,0.000000000000000000e+00
7.587830188053803226e+01,0.000000000000000000e+00,0.000000000000000000e+00
8.027755352298291314e+01,0.000000000000000000e+00,0.000000000000000000e+00
7.965579763108894440e+01,0.000000000000000000e+00,0.000000000000000000e+00
8.151800211582128952e+01,0.000000000000000000e+00,0.000000000000000000e+00
8.078754479698083912e+01,0.000000000000000000e+00,0.000000000000000000e+00
7.905332990361168299e+01,0.000000000000000000e+00,0.000000000000000000e+00
8.080123011761126861e+01,0.000000000000000000e+00,0.000000000000000000e+00
7.824582584376993566e+01,0.000000000000000000e+00,0.000000000000000000e+00
8.329149557176747010e+01,0.000000000000000000e+00,0.000000000000000000e+00
8.202185938713651581e+01,0.000000000000000000e+00,0.000000000000000000e+00
7.862320883494427903e+01,0.000000000000000000e+00,0.000000000000000000e+00
8.075357902476703487e+01,0.000000000000000000e+00,0.000000000000000000e+00
7.782114866723698299e+01,0.000000000000000000e+00,0.000000000000000000e+00
8.032339866825482488e+01,0.000000000000000000e+00,0.000000000000000000e+00
7.887862425049476656e+01,0.000000000000000000e+00,0.000000000000000000e+00
8.203825695071638791e+01,0.000000000000000000e+00,0.000000000000000000e+00
7.893309964385888122e+01,0.000000000000000000e+00,0.000000000000000000e+00
8.097421514416535615e+01,0.000000000000000000e+00,0.000000000000000000e+00
8.137548358330316489e+01,0.000000000000000000e+00,0.000000000000000000e+00
7.510470977281627825e+01,0.000000000000000000e+00,0.000000000000000000e+00
7.837734152720106806e+01,0.000000000000000000e+00,0.000000000000000000e+00
8.161396046656243186e+01,0.000000000000000000e+00,0.000000000000000000e+00
7.954331436593844273e+01,0.000000000000000000e+00,0.000000000000000000e+00
8.042924027637262441e+01,0.000000000000000000e+00,0.000000000000000000e+00
7.810130212535382555e+01,0.000000000000000000e+00,0.000000000000000000e+00
7.964116173979050473e+01,0.000000000000000000e+00,0.000000000000000000e+00
7.853173932047816663e+01,0.000000000000000000e+00,0.000000000000000000e+00
7.863828095542270091e+01,0.000000000000000000e+00,0.000000000000000000e+00
8.191742000665674084e+01,0.000000000000000000e+00,0.000000000000000000e+00
8.069409514279421103e+01,0.000000000000000000e+00,0.000000000000000000e+00
7.969386585931850675e+01,0.000000000000000000e+00,0.000000000000000000e+00
7.929067041052900322e+01,0.000000000000000000e+00,0.000000000000000000e+00
7.468735264699830623e+01,0.000000000000000000e+00,0.000000000000000000e+00
7.797338399783339469e+01,0.000000000000000000e+00,0.000000000000000000e+00
7.527582443459962747e+01,0.000000000000000000e+00,0.000000000000000000e+00
7.646440162567124332e+01,0.000000000000000000e+00,0.000000000000000000e+00
7.673326704020071531e+01,0.000000000000000000e+00,0.000000000000000000e+00
7.702728405727921768e+01,0.000000000000000000e+00,0.000000000000000000e+00
7.718504362685662556e+01,0.000000000000000000e+00,0.000000000000000000e+00
8.133028843502481209e+01,0.000000000000000000e+00,0.000000000000000000e+00
7.717482288790900213e+01,0.000000000000000000e+00,0.000000000000000000e+00
7.957180045837085913e+01,0.000000000000000000e+00,0.000000000000000000e+00
7.830466859630263343e+01,0.000000000000000000e+00,0.000000000000000000e+00
7.910576466049813860e+01,0.000000000000000000e+00,0.000000000000000000e+00
8.235513228622654935e+01,0.000000000000000000e+00,0.000000000000000000e+00
7.749548741870479773e+01,0.000000000000000000e+00,0.000000000000000000e+00
8.327001105257242841e+01,0.000000000000000000e+00,0.000000000000000000e+00
7.768759191701535372e+01,0.000000000000000000e+00,0.000000000000000000e+00
7.792437800129663117e+01,0.000000000000000000e+00,0.000000000000000000e+00
7.975258197234406055e+01,0.000000000000000000e+00,0.000000000000000000e+00
7.523773029308065929e+01,0.000000000000000000e+00,0.000000000000000000e+00
8.007566637457216530e+01,0.000000000000000000e+00,0.000000000000000000e+00
7.972496473400978800e+01,0.000000000000000000e+00,0.000000000000000000e+00
7.834277822307370798e+01,0.000000000000000000e+00,0.000000000000000000e+00
8.212658706899307504e+01,0.000000000000000000e+00,0.000000000000000000e+00
7.810337369698088139e+01,0.000000000000000000e+00,0.000000000000000000e+00
7.926334693916102481e+01,0.000000000000000000e+00,0.000000000000000000e+00
7.859855494780254048e+01,0.000000000000000000e+00,0.000000000000000000e+00
8.073658106310351457e+01,0.000000000000000000e+00,0.000000000000000000e+00
7.955597969055342844e+01,0.000000000000000000e+00,0.000000000000000000e+00
7.727403606514056378e+01,0.000000000000000000e+00,0.000000000000000000e+00
7.985504748979188605e+01,0.000000000000000000e+00,0.000000000000000000e+00
7.725846581267501278e+01,0.000000000000000000e+00,0.000000000000000000e+00
8.199046068135815801e+01,0.000000000000000000e+00,0.000000000000000000e+00
7.839354775499161576e+01,0.000000000000000000e+00,0.000000000000000000e+00
7.651103063133605531e+01,0.000000000000000000e+00,0.000000000000000000e+00
8.281143815068490710e+01,0.000000000000000000e+00,0.000000000000000000e+00
7.995368974597151634e+01,0.000000000000000000e+00,0.000000000000000000e+00
8.153821404189214661e+01,0.000000000000000000e+00,0.000000000000000000e+00
7.969760119018141609e+01,0.000000000000000000e+00,0.000000000000000000e+00
7.716962462475967754e+01,0.000000000000000000e+00,0.000000000000000000e+00
7.850399489260281882e+01,0.000000000000000000e+00,0.000000000000000000e+00
7.860589998383862564e+01,0.000000000000000000e+00,0.000000000000000000e+00
7.499393700297648024e+01,0.000000000000000000e+00,0.000000000000000000e+00
7.753284336011577693e+01,0.000000000000000000e+00,0.000000000000000000e+00
8.015409622180186489e+01,0.000000000000000000e+00,0.000000000000000000e+00
7.684580965297952559e+01,0.000000000000000000e+00,0.000000000000000000e+00
7.976415830600218726e+01,0.000000000000000000e+00,0.000000000000000000e+00
7.844176942541267294e+01,0.000000000000000000e+00,0.000000000000000000e+00
7.921211659274787564e+01,0.000000000000000000e+00,0.000000000000000000e+00
8.113321167224309249e+01,0.000000000000000000e+00,0.000000000000000000e+00
7.658857682304677894e+01,0.000000000000000000e+00,0.000000000000000000e+00
7.523157185077178610e+01,0.000000000000000000e+00,0.000000000000000000e+00
7.773248665585535377e+01,0.000000000000000000e+00,0.000000000000000000e+00
7.763049471429640391e+01,0.000000000000000000e+00,0.000000000000000000e+00
7.919233756498080368e+01,0.000000000000000000e+00,0.000000000000000000e+00
7.784953713467452019e+01,0.000000000000000000e+00,0.000000000000000000e+00
7.931149593477275062e+01,0.000000000000000000e+00,0.000000000000000000e+00
7.621918327412549843e+01,0.000000000000000000e+00,0.000000000000000000e+00
7.810095487268249315e+01,0.000000000000000000e+00,0.000000000000000000e+00
7.838884311455578313e+01,0.000000000000000000e+00,0.000000000000000000e+00
7.932122302421585402e+01,0.000000000000000000e+00,0.000000000000000000e+00
7.433492444533096943e+01,0.000000000000000000e+00,0.000000000000000000e+00
7.821413693283827229e+01,0.000000000000000000e+00,0.000000000000000000e+00
7.932643951571053265e+01,0.000000000000000000e+00,0.000000000000000000e+00
7.860993114816855609e+01,0.000000000000000000e+00,0.000000000000000000e+00
7.650407239505538826e+01,0.000000000000000000e+00,0.000000000000000000e+00
7.990383629565312162e+01,0.000000000000000000e+00,0.000000000000000000e+00
8.107369781380877782e+01,0.000000000000000000e+00,0.000000000000000000e+00
7.940347677190710840e+01,0.000000000000000000e+00,0.000000000000000000e+00
8.015682832099571442e+01,0.000000000000000000e+00,0.000000000000000000e+00
7.732897094291149642e+01,0.000000000000000000e+00,0.000000000000000000e+00
7.972994005629696801e+01,0.000000000000000000e+00,0.000000000000000000e+00
7.783636997437822913e+01,0.000000000000000000e+00,0.000000000000000000e+00
7.527671085913806337e+01,0.000000000000000000e+00,0.000000000000000000e+00
8.022990465952481998e+01,0.000000000000000000e+00,0.000000000000000000e+00
7.670163282841792807e+01,0.000000000000000000e+00,0.000000000000000000e+00
7.828838548461902747e+01,0.000000000000000000e+00,0.000000000000000000e+00
7.706797739522571078e+01,0.000000000000000000e+00,0.000000000000000000e+00
7.654518618310619615e+01,0.000000000000000000e+00,0.000000000000000000e+00
7.413726578830100777e+01,0.000000000000000000e+00,0.000000000000000000e+00
7.520889378455824215e+01,0.000000000000000000e+00,0.000000000000000000e+00
7.768389919500768315e+01,0.000000000000000000e+00,0.000000000000000000e+00
7.490065521576418917e+01,0.000000000000000000e+00,0.000000000000000000e+00
7.870411193892086033e+01,0.000000000000000000e+00,0.000000000000000000e+00
7.811466315031731256e+01,0.000000000000000000e+00,0.000000000000000000e+00
8.193210949888062089e+01,0.000000000000000000e+00,0.000000000000000000e+00
7.428618977680098112e+01,0.000000000000000000e+00,0.000000000000000000e+00
7.583345719623351044e+01,0.000000000000000000e+00,0.000000000000000000e+00
7.757690819835183049e+01,0.000000000000000000e+00,0.000000000000000000e+00
7.537290727578407257e+01,0.000000000000000000e+00,0.000000000000000000e+00
7.490831459412170545e+01,0.000000000000000000e+00,0.000000000000000000e+00
7.937360720790738355e+01,0.000000000000000000e+00,0.000000000000000000e+00
7.844337496903145279e+01,0.000000000000000000e+00,0.000000000000000000e+00
7.948330380433145592e+01,0.000000000000000000e+00,0.000000000000000000e+00
7.670634538747144404e+01,0.000000000000000000e+00,0.000000000000000000e+00
7.679528838239900779e+01,0.000000000000000000e+00,0.000000000000000000e+00
7.570597003342633968e+01,0.000000000000000000e+00,0.000000000000000000e+00
7.806799247917390971e+01,0.000000000000000000e+00,0.000000000000000000e+00
7.906671766633984078e+01,0.000000000000000000e+00,0.000000000000000000e+00
7.470795717508212874e+01,0.000000000000000000e+00,0.000000000000000000e+00
7.775088214805104769e+01,0.000000000000000000e+00,0.000000000000000000e+00
7.340642899607375682e+01,0.000000000000000000e+00,0.000000000000000000e+00
7.854797197173938628e+01,0.000000000000000000e+00,0.000000000000000000e+00
7.883004558148287799e+01,0.000000000000000000e+00,0.000000000000000000e+00
7.473864916575899997e+01,0.000000000000000000e+00,0.000000000000000000e+00
7.788153758196467891e+01,0.000000000000000000e+00,0.000000000000000000e+00
7.857250873822664516e+01,0.000000000000000000e+00,0.000000000000000000e+00
7.650787739767589812e+01,0.000000000000000000e+00,0.000000000000000000e+00
7.618643141634373706e+01,0.000000000000000000e+00,0.000000000000000000e+00
7.913291536638027424e+01,0.000000000000000000e+00,0.000000000000000000e+00
7.476211954117630398e+01,0.000000000000000000e+00,0.000000000000000000e+00
7.635044889864765594e+01,0.000000000000000000e+00,0.000000000000000000e+00
7.404661906400951921e+01,0.000000000000000000e+00,0.000000000000000000e+00
7.397302908936529775e+01,0.000000000000000000e+00,0.000000000000000000e+00
7.666611967618517554e+01,0.000000000000000000e+00,0.000000000000000000e+00
7.527666718871772389e+01,0.000000000000000000e+00,0.000000000000000000e+00
7.590565598127901126e+01,0.000000000000000000e+00,0.000000000000000000e+00
7.324698115670464915e+01,0.000000000000000000e+00,0.000000000000000000e+00
7.700985693954550015e+01,0.000000000000000000e+00,0.000000000000000000e+00
7.632066734684696030e+01,0.000000000000000000e+00,0.000000000000000000e+00
7.460358675349159796e+01,0.000000000000000000e+00,0.000000000000000000e+00
7.559121122841760609e+01,0.000000000000000000e+00,0.000000000000000000e+00
7.515260604937598998e+01,0.000000000000000000e+00,0.000000000000000000e+00
7.596038648185110276e+01,0.000000000000000000e+00,0.000000000000000000e+00
7.717877526620706874e+01,0.000000000000000000e+00,0.000000000000000000e+00
7.697047479249756918e+01,0.000000000000000000e+00,0.000000000000000000e+00
7.563136349568983974e+01,0.000000000000000000e+00,0.000000000000000000e+00
7.501522905360448590e+01,0.000000000000000000e+00,0.000000000000000000e+00
7.471728166296196605e+01,0.000000000000000000e+00,0.000000000000000000e+00
7.481231773474611657e+01,0.000000000000000000e+00,0.000000000000000000e+00
7.741855937120064368e+01,0.000000000000000000e+00,0.000000000000000000e+00
7.236646881837620526e+01,0.000000000000000000e+00,0.000000000000000000e+00
7.903611121453447197e+01,0.000000000000000000e+00,0.000000000000000000e+00
7.380650113759081421e+01,0.000000000000000000e+00,0.000000000000000000e+00
7.730036091316863178e+01,0.000000000000000000e+00,0.000000000000000000e+00
7.697486029269165897e+01,0.000000000000000000e+00,0.000000000000000000e+00
7.706372670925657076e+01,0.000000000000000000e+00,0.000000000000000000e+00
7.556468632003131347e+01,0.000000000000000000e+00,0.000000000000000000e+00
7.665962218324887090e+01,0.000000000000000000e+00,0.000000000000000000e+00
7.289251375214324469e+01,0.000000000000000000e+00,0.000000000000000000e+00
7.717284126824463897e+01,0.000000000000000000e+00,0.000000000000000000e+00
7.661294369180433250e+01,0.000000000000000000e+00,0.000000000000000000e+00
7.470400299132315070e+01,0.000000000000000000e+00,0.000000000000000000e+00
7.496448406166108214e+01,0.000000000000000000e+00,0.000000000000000000e+00
7.626611152426119133e+01,0.000000000000000000e+00,0.000000000000000000e+00
7.518183534248950650e+01,0.000000000000000000e+00,0.000000000000000000e+00
7.262454797722234900e+01,0.000000000000000000e+00,0.000000000000000000e+00
7.771643758307652661e+01,0.000000000000000000e+00,0.000000000000000000e+00
7.317845668215812793e+01,0.000000000000000000e+00,0.000000000000000000e+00
7.566671030033697321e+01,0.000000000000000000e+00,0.000000000000000000e+00
7.713978510562432689e+01,0.000000000000000000e+00,0.000000000000000000e+00
7.430336117258003981e+01,0.000000000000000000e+00,0.000000000000000000e+00
7.435143875107527833e+01,0.000000000000000000e+00,0.000000000000000000e+00
7.415723342027486353e+01,0.000000000000000000e+00,0.000000000000000000e+00
7.036615721866022000e+01,0.000000000000000000e+00,0.000000000000000000e+00
7.752159379523742189e+01,0.000000000000000000e+00,0.000000000000000000e+00
7.772954009986116830e+01,0.000000000000000000e+00,0.000000000000000000e+00
7.408374345288682150e+01,0.000000000000000000e+00,0.000000000000000000e+00
7.395206165308698587e+01,0.000000000000000000e+00,0.000000000000000000e+00
7.579795526902050540e+01,0.000000000000000000e+00,0.000000000000000000e+00
7.136366349669346221e+01,0.000000000000000000e+00,0.000000000000000000e+00
7.489942258520835594e+01,0.000000000000000000e+00,0.000000000000000000e+00
7.148012587281931474e+01,0.000000000000000000e+00,0.000000000000000000e+00
7.489475675385592979e+01,0.000000000000000000e+00,0.000000000000000000e+00
7.484898834998239181e+01,0.000000000000000000e+00,0.000000000000000000e+00
6.973176525962882977e+01,0.000000000000000000e+00,0.000000000000000000e+00
7.352019300540109725e+01,0.000000000000000000e+00,0.000000000000000000e+00
7.536091994148887352e+01,0.000000000000000000e+00,0.000000000000000000e+00
7.315559414601442256e+01,0.000000000000000000e+00,0.000000000000000000e+00
7.936993331640259441e+01,0.000000000000000000e+00,0.000000000000000000e+00
7.219734755219644740e+01,0.000000000000000000e+00,0.000000000000000000e+00
7.289444874853217016e+01,0.000000000000000000e+00,0.000000000000000000e+00
7.253009916950739466e+01,0.000000000000000000e+00,0.000000000000000000e+00
7.421478162799687084e+01,0.000000000000000000e+00,0.000000000000000000e+00
7.344763470955861351e+01,0.000000000000000000e+00,0.000000000000000000e+00
7.298474711049384211e+01,0.000000000000000000e+00,0.000000000000000000e+00
7.236931906757340016e+01,0.000000000000000000e+00,0.000000000000000000e+00
7.358847679997622038e+01,0.000000000000000000e+00,0.000000000000000000e+00
7.418120289058688854e+01,0.000000000000000000e+00,0.000000000000000000e+00
7.085687759162793498e+01,0.000000000000000000e+00,0.000000000000000000e+00
7.356357865801427920e+01,0.000000000000000000e+00,0.000000000000000000e+00
7.515400701983246279e+01,0.000000000000000000e+00,0.000000000000000000e+00
6.877427958942399755e+01,0.000000000000000000e+00,0.000000000000000000e+00
6.960316316924031810e+01,0.000000000000000000e+00,0.000000000000000000e+00
7.319857259153627638e+01,0.000000000000000000e+00,0.000000000000000000e+00
7.948994593938496678e+01,0.000000000000000000e+00,0.000000000000000000e+00
6.931591048814121336e+01,0.000000000000000000e+00,0.000000000000000000e+00
7.271518412890993943e+01,0.000000000000000000e+00,0.000000000000000000e+00
7.419787591485122391e+01,0.000000000000000000e+00,0.000000000000000000e+00
7.029805683959568796e+01,0.000000000000000000e+00,0.000000000000000000e+00
7.321546532666785367e+01,0.000000000000000000e+00,0.000000000000000000e+00
7.243817351702131191e+01,0.000000000000000000e+00,0.000000000000000000e+00
6.876932984376045965e+01,0.000000000000000000e+00,0.000000000000000000e+00
7.499173902933553393e+01,0.000000000000000000e+00,0.000000000000000000e+00
7.215050403585824768e+01,0.000000000000000000e+00,0.000000000000000000e+00
7.421871632813797248e+01,0.000000000000000000e+00,0.000000000000000000e+00
7.286845844543103112e+01,0.000000000000000000e+00,0.000000000000000000e+00
7.397605575364588049e+01,0.000000000000000000e+00,0.000000000000000000e+00
7.263683174981848367e+01,0.000000000000000000e+00,0.000000000000000000e+00
7.155993241601159127e+01,0.000000000000000000e+00,0.000000000000000000e+00
7.048215313308463692e+01,0.000000000000000000e+00,0.000000000000000000e+00
6.986534897825141854e+01,0.000000000000000000e+00,0.000000000000000000e+00
6.793951934332550024e+01,0.000000000000000000e+00,0.000000000000000000e+00
7.180981365255722437e+01,0.000000000000000000e+00,0.000000000000000000e+00
7.189686730065459130e+01,0.000000000000000000e+00,0.000000000000000000e+00
6.991890501786690493e+01,0.000000000000000000e+00,0.000000000000000000e+00
7.189801583200326718e+01,0.000000000000000000e+00,0.000000000000000000e+00
7.270594619785127577e+01,0.000000000000000000e+00,0.000000000000000000e+00
7.100821492539411395e+01,0.000000000000000000e+00,0.000000000000000000e+00
7.143967076058370935e+01,0.000000000000000000e+00,0.000000000000000000e+00
7.134849771559700571e+01,0.000000000000000000e+00,0.000000000000000000e+00
6.961060590100838397e+01,0.000000000000000000e+00,0.000000000000000000e+00
7.111124266417778017e+01,0.000000000000000000e+00,0.000000000000000000e+00
7.080556669847308626e+01,0.000000000000000000e+00,0.000000000000000000e+00
7.025543576452237460e+01,0.000000000000000000e+00,0.000000000000000000e+00
7.218774545690959599e+01,0.000000000000000000e+00,0.000000000000000000e+00
7.241059831180432127e+01,0.000000000000000000e+00,0.000000000000000000e+00
7.186012803862516307e+01,0.000000000000000000e+00,0.000000000000000000e+00
7.183992645433869484e+01,0.000000000000000000e+00,0.000000000000000000e+00
7.124831972691791293e+01,0.000000000000000000e+00,0.000000000000000000e+00
7.129434858290829879e+01,0.000000000000000000e+00,0.000000000000000000e+00
6.948760825489063109e+01,0.000000000000000000e+00,0.000000000000000000e+00
7.073878850154943621e+01,0.000000000000000000e+00,0.000000000000000000e+00
7.239224351606596031e+01,0.000000000000000000e+00,0.000000000000000000e+00
7.242713038639202239e+01,0.000000000000000000e+00,0.000000000000000000e+00
7.397541122052146534e+01,0.000000000000000000e+00,0.000000000000000000e+00
7.011782354476781620e+01,0.000000000000000000e+00,0.000000000000000000e+00
7.166098185268378984e+01,0.000000000000000000e+00,0.000000000000000000e+00
7.252444097851210358e+01,0.000000000000000000e+00,0.000000000000000000e+00
6.916443696252888174e+01,0.000000000000000000e+00,0.000000000000000000e+00
7.024420772407799518e+01,0.000000000000000000e+00,0.000000000000000000e+00
7.130660719995056240e+01,0.000000000000000000e+00,0.000000000000000000e+00
6.860533384413390934e+01,0.000000000000000000e+00,0.000000000000000000e+00
7.121187083024103970e+01,0.000000000000000000e+00,0.000000000000000000e+00
7.053309643427527931e+01,0.000000000000000000e+00,0.000000000000000000e+00
7.123665285236390332e+01,0.000000000000000000e+00,0.000000000000000000e+00
6.874742955272969880e+01,0.000000000000000000e+00,0.000000000000000000e+00
7.093368712044497215e+01,0.000000000000000000e+00,0.000000000000000000e+00
7.223740911814741139e+01,0.000000000000000000e+00,0.000000000000000000e+00
6.808486140030636591e+01,0.000000000000000000e+00,0.000000000000000000e+00
6.795659388311364069e+01,0.000000000000000000e+00,0.000000000000000000e+00
6.904954217580137765e+01,0.000000000000000000e+00,0.000000000000000000e+00
6.934586233471738126e+01,0.000000000000000000e+00,0.000000000000000000e+00
6.805319723885430960e+01,0.000000000000000000e+00,0.000000000000000000e+00
6.739015011236655539e+01,0.000000000000000000e+00,0.000000000000000000e+00
7.056679142593564791e+01,0.000000000000000000e+00,0.000000000000000000e+00
7.150129884823512327e+01,0.000000000000000000e+00,0.000000000000000000e+00
7.050954468549046794e+01,0.000000000000000000e+00,0.000000000000000000e+00
6.727781628776406819e+01,0.000000000000000000e+00,0.000000000000000000e+00
6.790533538133188074e+01,0.000000000000000000e+00,0.000000000000000000e+00
6.918636972220161852e+01,0.000000000000000000e+00,0.000000000000000000e+00
6.933828881468525651e+01,0.000000000000000000e+00,0.000000000000000000e+00
6.976085007747155942e+01,0.000000000000000000e+00,0.000000000000000000e+00
6.813446036017582230e+01,0.000000000000000000e+00,0.000000000000000000e+00
7.137850185734501451e+01,0.000000000000000000e+00,0.000000000000000000e+00
6.989542605697413080e+01,0.000000000000000000e+00,0.000000000000000000e+00
6.928817420324823217e+01,0.000000000000000000e+00,0.000000000000000000e+00
7.338614031729208875e+01,0.000000000000000000e+00,0.000000000000000000e+00
6.865043531003040300e+01,0.000000000000000000e+00,0.000000000000000000e+00
6.842901163998209313e+01,0.000000000000000000e+00,0.000000000000000000e+00
6.745615444899559066e+01,0.000000000000000000e+00,0.000000000000000000e+00
6.894149999151950681e+01,0.000000000000000000e+00,0.000000000000000000e+00
6.630477899484363036e+01,0.000000000000000000e+00,0.000000000000000000e+00
6.671142752505345186e+01,0.000000000000000000e+00,0.000000000000000000e+00
7.133528845443424871e+01,0.000000000000000000e+00,0.000000000000000000e+00
6.593341576599337372e+01,0.000000000000000000e+00,0.000000000000000000e+00
6.614748217612029180e+01,0.000000000000000000e+00,0.000000000000000000e+00
6.862523853521369688e+01,0.000000000000000000e+00,0.000000000000000000e+00
6.748476493404729126e+01,0.000000000000000000e+00,0.000000000000000000e+00
6.732815430510652277e+01,0.000000000000000000e+00,0.000000000000000000e+00
6.425379162636430408e+01,0.000000000000000000e+00,0.000000000000000000e+00
6.690326942251009257e+01,0.000000000000000000e+00,0.000000000000000000e+00
6.689226283560003594e+01,0.000000000000000000e+00,0.000000000000000000e+00
6.707898864798735872e+01,0.000000000000000000e+00,0.000000000000000000e+00
6.748761721097973521e+01,0.000000000000000000e+00,0.000000000000000000e+00
6.656759398410872564e+01,0.000000000000000000e+00,0.000000000000000000e+00
6.607002235002472901e+01,0.000000000000000000e+00,0.000000000000000000e+00
6.519483973215481853e+01,0.000000000000000000e+00,0.000000000000000000e+00
6.734499544711080432e+01,0.000000000000000000e+00,0.000000000000000000e+00
6.380376792019043108e+01,0.000000000000000000e+00,0.000000000000000000e+00
7.059940415872856079e+01,0.000000000000000000e+00,0.000000000000000000e+00
6.966769245048070047e+01,0.000000000000000000e+00,0.000000000000000000e+00
6.876140799612889509e+01,0.000000000000000000e+00,0.000000000000000000e+00
6.988720783000864856e+01,0.000000000000000000e+00,0.000000000000000000e+00
6.604286473914930866e+01,0.000000000000000000e+00,0.000000000000000000e+00
6.620474677645911754e+01,0.000000000000000000e+00,0.000000000000000000e+00
7.150662574908467661e+01,0.000000000000000000e+00,0.000000000000000000e+00
6.570906479454076532e+01,0.000000000000000000e+00,0.000000000000000000e+00
6.807295651914134282e+01,0.000000000000000000e+00,0.000000000000000000e+00
6.894185775459278887e+01,0.000000000000000000e+00,0.000000000000000000e+00
6.867880475289730668e+01,0.000000000000000000e+00,0.000000000000000000e+00
6.498397956807487219e+01,0.000000000000000000e+00,0.000000000000000000e+00
6.898747479288086026e+01,0.000000000000000000e+00,0.000000000000000000e+00
6.831129669907085145e+01,0.000000000000000000e+00,0.000000000000000000e+00
6.562481764029769238e+01,0.000000000000000000e+00,0.000000000000000000e+00
6.517267164232760024e+01,0.000000000000000000e+00,0.000000000000000000e+00
6.611916863352679741e+01,0.000000000000000000e+00,0.000000000000000000e+00
6.567176021917452999e+01,0.000000000000000000e+00,0.000000000000000000e+00
6.417778998134031099e+01,0.000000000000000000e+00,0.000000000000000000e+00
6.513614819749028584e+01,0.000000000000000000e+00,0.000000000000000000e+00
6.203742857360476393e+01,0.000000000000000000e+00,0.000000000000000000e+00
6.441088750323656598e+01,0.000000000000000000e+00,0.000000000000000000e+00
6.208161990098575700e+01,0.000000000000000000e+00,0.000000000000000000e+00
6.627825114429737141e+01,0.000000000000000000e+00,0.000000000000000000e+00
6.721550457813482637e+01,0.000000000000000000e+00,0.000000000000000000e+00
6.667606766249284078e+01,0.000000000000000000e+00,0.000000000000000000e+00
6.792064909385409521e+01,0.000000000000000000e+00,0.000000000000000000e+00
6.678642252545945723e+01,0.000000000000000000e+00,0.000000000000000000e+00
6.189915777191059476e+01,0.000000000000000000e+00,0.000000000000000000e+00
6.669395416735389404e+01,0.000000000000000000e+00,0.000000000000000000e+00
6.282307391815864150e+01,0.000000000000000000e+00,0.000000000000000000e+00
6.147907365398374679e+01,0.000000000000000000e+00,0.000000000000000000e+00
6.294040767947510773e+01,0.000000000000000000e+00,0.000000000000000000e+00
6.306028500443887452e+01,0.000000000000000000e+00,0.000000000000000000e+00
6.249358237360085866e+01,0.000000000000000000e+00,0.000000000000000000e+00
6.704108707386531307e+01,0.000000000000000000e+00,0.000000000000000000e+00
6.049805520509414691e+01,0.000000000000000000e+00,0.000000000000000000e+00
6.482518012320468870e+01,0.000000000000000000e+00,0.000000000000000000e+00
6.444852456815658570e+01,0.000000000000000000e+00,0.000000000000000000e+00
6.513217246746549449e+01,0.000000000000000000e+00,0.000000000000000000e+00
6.363945827487241047e+01,0.000000000000000000e+00,0.000000000000000000e+00
6.164028852115968959e+01,0.000000000000000000e+00,0.000000000000000000e+00
6.570469194591156281e+01,0.000000000000000000e+00,0.000000000000000000e+00
6.456891947075212101e+01,0.000000000000000000e+00,0.000000000000000000e+00
6.307184729096563558e+01,0.000000000000000000e+00,0.000000000000000000e+00
6.473180356465783802e+01,0.000000000000000000e+00,0.000000000000000000e+00
6.530216291851951382e+01,0.000000000000000000e+00,0.000000000000000000e+00
6.468660541783039264e+01,0.000000000000000000e+00,0.000000000000000000e+00
6.500774154457155873e+01,0.000000000000000000e+00,0.000000000000000000e+00
6.054411109040649563e+01,0.000000000000000000e+00,0.000000000000000000e+00
6.436526545794157528e+01,0.000000000000000000e+00,0.000000000000000000e+00
6.267867328162729734e+01,0.000000000000000000e+00,0.000000000000000000e+00
6.123224744797988706e+01,0.000000000000000000e+00,0.000000000000000000e+00
6.181547298555029357e+01,0.000000000000000000e+00,0.000000000000000000e+00
6.359587040494749743e+01,0.000000000000000000e+00,0.000000000000000000e+00
6.255415120722575750e+01,0.000000000000000000e+00,0.000000000000000000e+00
6.117801670250695167e+01,0.000000000000000000e+00,0.000000000000000000e+00
6.421126476919054937e+01,0.000000000000000000e+00,0.000000000000000000e+00
6.193009493588168368e+01,0.000000000000000000e+00,0.000000000000000000e+00
6.684439950993747459e+01,0.000000000000000000e+00,0.000000000000000000e+00
6.329619325436364363e+01,0.000000000000000000e+00,0.000000000000000000e+00
6.266001071691017188e+01,0.000000000000000000e+00,0.000000000000000000e+00
6.410604452385913987e+01,0.000000000000000000e+00,0.000000000000000000e+00
6.263403375040622478e+01,0.000000000000000000e+00,0.000000000000000000e+00
6.353744806880477114e+01,0.000000000000000000e+00,0.000000000000000000e+00
6.566338992690774035e+01,0.000000000000000000e+00,0.000000000000000000e+00
5.914475713588937111e+01,0.000000000000000000e+00,0.000000000000000000e+00
6.242789800283991752e+01,0.000000000000000000e+00,0.000000000000000000e+00
6.293654766970999503e+01,0.000000000000000000e+00,0.000000000000000000e+00
6.186554495391738584e+01,0.000000000000000000e+00,0.000000000000000000e+00
6.092315733966769642e+01,0.000000000000000000e+00,0.000000000000000000e+00
6.181694995981273166e+01,0.000000000000000000e+00,0.000000000000000000e+00
6.074971118001213455e+01,0.000000000000000000e+00,0.000000000000000000e+00
6.280696431934703838e+01,0.000000000000000000e+00,0.000000000000000000e+00
5.727332074180463906e+01,0.000000000000000000e+00,0.000000000000000000e+00
6.190526849573460311e+01,0.000000000000000000e+00,0.000000000000000000e+00
5.759429272219412610e+01,0.000000000000000000e+00,0.000000000000000000e+00
6.241754415725846172e+01,0.000000000000000000e+00,0.000000000000000000e+00
6.443513844304716542e+01,0.000000000000000000e+00,0.000000000000000000e+00
5.869001008732915636e+01,0.000000000000000000e+00,0.000000000000000000e+00
6.286752096234350518e+01,0.000000000000000000e+00,0.000000000000000000e+00
6.620962428159953106e+01,0.000000000000000000e+00,0.000000000000000000e+00
5.981914114953028871e+01,0.000000000000000000e+00,0.000000000000000000e+00
6.365119317721963199e+01,0.000000000000000000e+00,0.000000000000000000e+00
6.150786291252556737e+01,0.000000000000000000e+00,0.000000000000000000e+00
5.932494297180623022e+01,0.000000000000000000e+00,0.000000000000000000e+00
6.151194373333768084e+01,0.000000000000000000e+00,0.000000000000000000e+00
6.281530258686970569e+01,0.000000000000000000e+00,0.000000000000000000e+00
5.839630118762962496e+01,0.000000000000000000e+00,0.000000000000000000e+00
6.138259455270045351e+01,0.000000000000000000e+00,0.000000000000000000e+00
6.113760448842261042e+01,0.000000000000000000e+00,0.000000000000000000e+00
6.183698620861713380e+01,0.000000000000000000e+00,0.000000000000000000e+00
6.273004375194019389e+01,0.000000000000000000e+00,0.000000000000000000e+00
6.255317638145060499e+01,0.000000000000000000e+00,0.000000000000000000e+00
5.849992994157896220e+01,0.000000000000000000e+00,0.000000000000000000e+00
5.755127747300042529e+01,0.000000000000000000e+00,0.000000000000000000e+00
6.218818095577050542e+01,0.000000000000000000e+00,0.000000000000000000e+00
6.001176359081181744e+01,0.000000000000000000e+00,0.000000000000000000e+00
6.413301044466501821e+01,0.000000000000000000e+00,0.000000000000000000e+00
5.929919532508775148e+01,0.000000000000000000e+00,0.000000000000000000e+00
6.111733921081262366e+01,0.000000000000000000e+00,0.000000000000000000e+00
5.732208064771702283e+01,0.000000000000000000e+00,0.000000000000000000e+00
5.838325080855849336e+01,0.000000000000000000e+00,0.000000000000000000e+00
5.655497226392932930e+01,0.000000000000000000e+00,0.000000000000000000e+00
6.102856937189022801e+01,0.000000000000000000e+00,0.000000000000000000e+00
6.189562515812404797e+01,0.000000000000000000e+00,0.000000000000000000e+00
6.355206442893380370e+01,0.000000000000000000e+00,0.000000000000000000e+00
6.158035557729272114e+01,0.000000000000000000e+00,0.000000000000000000e+00
5.653057964573638117e+01,0.000000000000000000e+00,0.000000000000000000e+00
5.626131482831453923e+01,0.000000000000000000e+00,0.000000000000000000e+00
5.856265865112448665e+01,0.000000000000000000e+00,0.000000000000000000e+00
6.041511549432601669e+01,0.000000000000000000e+00,0.000000000000000000e+00
5.935035158290811808e+01,0.000000000000000000e+00,0.000000000000000000e+00
5.925332800451151627e+01,0.000000000000000000e+00,0.000000000000000000e+00
6.092749296116954838e+01,0.000000000000000000e+00,0.000000000000000000e+00
6.209446938661039894e+01,0.000000000000000000e+00,0.000000000000000000e+00
5.985615199347459026e+01,0.000000000000000000e+00,0.000000000000000000e+00
5.719128537192242590e+01,0.000000000000000000e+00,0.000000000000000000e+00
5.609387846042524473e+01,0.000000000000000000e+00,0.000000000000000000e+00
5.884548248541599946e+01,0.000000000000000000e+00,0.000000000000000000e+00
5.462737559252393282e+01,0.000000000000000000e+00,0.000000000000000000e+00
5.353694263731355818e+01,0.000000000000000000e+00,0.000000000000000000e+00
5.553825619762552890e+01,0.000000000000000000e+00,0.000000000000000000e+00
6.097957897996882792e+01,0.000000000000000000e+00,0.000000000000000000e+00
5.983083578227459043e+01,0.000000000000000000e+00,0.000000000000000000e+00
6.070499838011199500e+01,0.000000000000000000e+00,0.000000000000000000e+00
5.734714846219936391e+01,0.000000000000000000e+00,0.000000000000000000e+00
5.709181505847149651e+01,0.000000000000000000e+00,0.000000000000000000e+00
5.683687289685444455e+01,0.000000000000000000e+00,0.000000000000000000e+00
5.945523745485777312e+01,0.000000000000000000e+00,0.000000000000000000e+00
5.611266217530777567e+01,0.000000000000000000e+00,0.000000000000000000e+00
5.866160896131545144e+01,0.000000000000000000e+00,0.000000000000000000e+00
5.747690797218365333e+01,0.000000000000000000e+00,0.000000000000000000e+00
5.763762133186826730e+01,0.000000000000000000e+00,0.000000000000000000e+00
5.251605061997520352e+01,0.000000000000000000e+00,0.000000000000000000e+00
5.330468395350450805e+01,0.000000000000000000e+00,0.000000000000000000e+00
5.382964762182982099e+01,0.000000000000000000e+00,0.000000000000000000e+00
6.135231150924636978e+01,0.000000000000000000e+00,0.000000000000000000e+00
5.740724369510347458e+01,0.000000000000000000e+00,0.000000000000000000e+00
5.609360810643754292e+01,0.000000000000000000e+00,0.000000000000000000e+00
5.534681785760751183e+01,0.000000000000000000e+00,0.000000000000000000e+00
5.525197726409024312e+01,0.000000000000000000e+00,0.000000000000000000e+00
5.360345350652507079e+01,0.000000000000000000e+00,0.000000000000000000e+00
5.642464552690369572e+01,0.000000000000000000e+00,0.000000000000000000e+00
5.350015343732754758e+01,0.000000000000000000e+00,0.000000000000000000e+00
5.717901937889544683e+01,0.000000000000000000e+00,0.000000000000000000e+00
5.594281832976269442e+01,0.000000000000000000e+00,0.000000000000000000e+00
5.594828582267489736e+01,0.000000000000000000e+00,0.000000000000000000e+00
5.839738183028040197e+01,0.000000000000000000e+00,0.000000000000000000e+00
6.010999163232278875e+01,0.000000000000000000e+00,0.000000000000000000e+00
5.488231929241609208e+01,0.000000000000000000e+00,0.000000000000000000e+00
5.796991185355382470e+01,0.000000000000000000e+00,0.000000000000000000e+00
5.713972828921873059e+01,0.000000000000000000e+00,0.000000000000000000e+00
5.449448988333420374e+01,0.000000000000000000e+00,0.000000000000000000e+00
5.701089298351104873e+01,0.000000000000000000e+00,0.000000000000000000e+00
5.170388627662841685e+01,0.000000000000000000e+00,0.000000000000000000e+00
5.800590143982223879e+01,0.000000000000000000e+00,0.000000000000000000e+00
5.323491234186023036e+01,0.000000000000000000e+00,0.000000000000000000e+00
5.546481219509881555e+01,0.000000000000000000e+00,0.000000000000000000e+00
5.321096706254569142e+01,0.000000000000000000e+00,0.000000000000000000e+00
5.660361665013298449e+01,0.000000000000000000e+00,0.000000000000000000e+00
5.424251744377044560e+01,0.000000000000000000e+00,0.000000000000000000e+00
5.591134599654315451e+01,0.000000000000000000e+00,0.000000000000000000e+00
5.200436110270500478e+01,0.000000000000000000e+00,0.000000000000000000e+00
5.642388566147584328e+01,0.000000000000000000e+00,0.000000000000000000e+00
5.149057744783883805e+01,0.000000000000000000e+00,0.000000000000000000e+00
5.666888125304953405e+01,0.000000000000000000e+00,0.000000000000000000e+00
5.346584759531410924e+01,0.000000000000000000e+00,0.000000000000000000e+00
5.446979796546773400e+01,0.000000000000000000e+00,0.000000000000000000e+00
5.704719677805617550e+01,0.000000000000000000e+00,0.000000000000000000e+00
5.591979250260738610e+01,0.000000000000000000e+00,0.000000000000000000e+00
5.584410323599772852e+01,0.000000000000000000e+00,0.000000000000000000e+00
5.687508225545825269e+01,0.000000000000000000e+00,0.000000000000000000e+00
5.617753745568877832e+01,0.000000000000000000e+00,0.000000000000000000e+00
5.708471202063383032e+01,0.000000000000000000e+00,0.000000000000000000e+00
5.885663718410714296e+01,0.000000000000000000e+00,0.000000000000000000e+00
5.364127122849454565e+01,0.000000000000000000e+00,0.000000000000000000e+00
5.505578531840491507e+01,0.000000000000000000e+00,0.000000000000000000e+00
5.234321097157737768e+01,0.000000000000000000e+00,0.000000000000000000e+00
5.458251513558567325e+01,0.000000000000000000e+00,0.000000000000000000e+00
5.180929366236854605e+01,0.000000000000000000e+00,0.000000000000000000e+00
5.126437795631032657e+01,0.000000000000000000e+00,0.000000000000000000e+00
5.291010743244521564e+01,0.000000000000000000e+00,0.000000000000000000e+00
5.485982626954048413e+01,0.000000000000000000e+00,0.000000000000000000e+00
5.113631381425821587e+01,0.000000000000000000e+00,0.000000000000000000e+00
5.047957912840630001e+01,0.000000000000000000e+00,0.000000000000000000e+00
5.025608550698431287e+01,0.000000000000000000e+00,0.000000000000000000e+00
5.283770272291694425e+01,0.000000000000000000e+00,0.000000000000000000e+00
5.262094574035422312e+01,0.000000000000000000e+00,0.000000000000000000e+00
5.334135504037142539e+01,0.000000000000000000e+00,0.000000000000000000e+00
5.197287616218538631e+01,0.000000000000000000e+00,0.000000000000000000e+00
4.889760906452524836e+01,0.000000000000000000e+00,0.000000000000000000e+00
4.649996848455856480e+01,0.000000000000000000e+00,0.000000000000000000e+00
4.912538119661829228e+01,0.000000000000000000e+00,0.000000000000000000e+00
5.569051911419089862e+01,0.000000000000000000e+00,0.000000000000000000e+00
5.127252402080540605e+01,0.000000000000000000e+00,0.000000000000000000e+00
5.263383119397135346e+01,0.000000000000000000e+00,0.000000000000000000e+00
5.231137177533609872e+01,0.000000000000000000e+00,0.000000000000000000e+00
5.116843530817268260e+01,0.000000000000000000e+00,0.000000000000000000e+00
5.362779102780524454e+01,0.000000000000000000e+00,0.000000000000000000e+00
5.339165075424182305e+01,0.000000000000000000e+00,0.000000000000000000e+00
5.312278851399193513e+01,0.000000000000000000e+00,0.000000000000000000e+00
5.162951542812592010e+01,0.000000000000000000e+00,0.000000000000000000e+00
5.149539870094250205e+01,0.000000000000000000e+00,0.000000000000000000e+00
5.212972119745030142e+01,0.000000000000000000e+00,0.000000000000000000e+00
5.259936176638598226e+01,0.000000000000000000e+00,0.000000000000000000e+00
5.279197954015077698e+01,0.000000000000000000e+00,0.000000000000000000e+00
4.981332517432962703e+01,0.000000000000000000e+00,0.000000000000000000e+00
5.681483908600617383e+01,0.000000000000000000e+00,0.000000000000000000e+00
5.069014085568126404e+01,0.000000000000000000e+00,0.000000000000000000e+00
4.980720326289407751e+01,0.000000000000000000e+00,0.000000000000000000e+00
5.334237146456456458e+01,0.000000000000000000e+00,0.000000000000000000e+00
5.040772841829860340e+01,0.000000000000000000e+00,0.000000000000000000e+00
4.849078450904080739e+01,0.000000000000000000e+00,0.000000000000000000e+00
5.238513880696241642e+01,0.000000000000000000e+00,0.000000000000000000e+00
5.073608390012012137e+01,0.000000000000000000e+00,0.000000000000000000e+00
5.150237999485807450e+01,0.000000000000000000e+00,0.000000000000000000e+00
5.151808453970563306e+01,0.000000000000000000e+00,0.000000000000000000e+00
4.799583106110409148e+01,0.000000000000000000e+00,0.000000000000000000e+00
4.849026715163700629e+01,0.000000000000000000e+00,0.000000000000000000e+00
5.162926926155391527e+01,0.000000000000000000e+00,0.000000000000000000e+00
4.693628146456229899e+01,0.000000000000000000e+00,0.000000000000000000e+00
4.663658107740018721e+01,0.000000000000000000e+00,0.000000000000000000e+00
5.166277265986749967e+01,0.000000000000000000e+00,0.000000000000000000e+00
5.076723390763000765e+01,0.000000000000000000e+00,0.000000000000000000e+00
5.090261860376319447e+01,0.000000000000000000e+00,0.000000000000000000e+00
5.033750025277240070e+01,0.000000000000000000e+00,0.000000000000000000e+00
4.763842089639675947e+01,0.000000000000000000e+00,0.000000000000000000e+00
5.051080394559408404e+01,0.000000000000000000e+00,0.000000000000000000e+00
4.526897117066712894e+01,0.000000000000000000e+00,0.000000000000000000e+00
5.219478353840825946e+01,0.000000000000000000e+00,0.000000000000000000e+00
4.976184733715435016e+01,0.000000000000000000e+00,0.000000000000000000e+00
4.818844126136615813e+01,0.000000000000000000e+00,0.000000000000000000e+00
4.951722669444095715e+01,0.000000000000000000e+00,0.000000000000000000e+00
4.778481328719901455e+01,0.000000000000000000e+00,0.000000000000000000e+00
4.793569910866104777e+01,0.000000000000000000e+00,0.000000000000000000e+00
4.610872586850725696e+01,0.000000000000000000e+00,0.000000000000000000e+00
4.714720605902590478e+01,0.000000000000000000e+00,0.000000000000000000e+00
4.995399519520552900e+01,0.000000000000000000e+00,0.000000000000000000e+00
4.712820109226076681e+01,0.000000000000000000e+00,0.000000000000000000e+00
4.604821770669172309e+01,0.000000000000000000e+00,0.000000000000000000e+00
4.912188283369014385e+01,0.000000000000000000e+00,0.000000000000000000e+00
4.551933655451838234e+01,0.000000000000000000e+00,0.000000000000000000e+00
4.790197493314671107e+01,0.000000000000000000e+00,0.000000000000000000e+00
5.330161467470622227e+01,0.000000000000000000e+00,0.000000000000000000e+00
4.751890976641331577e+01,0.000000000000000000e+00,0.000000000000000000e+00
4.651039978409978204e+01,0.000000000000000000e+00,0.000000000000000000e+00
5.257519716513587582e+01,0.000000000000000000e+00,0.000000000000000000e+00
4.947159187745596398e+01,0.000000000000000000e+00,0.000000000000000000e+00
5.075877306510910358e+01,0.000000000000000000e+00,0.000000000000000000e+00
5.017887711315717070e+01,0.000000000000000000e+00,0.000000000000000000e+00
5.263280252496726774e+01,0.000000000000000000e+00,0.000000000000000000e+00
4.776498566300525539e+01,0.000000000000000000e+00,0.000000000000000000e+00
4.582601124934848258e+01,0.000000000000000000e+00,0.000000000000000000e+00
4.648321620202171545e+01,0.000000000000000000e+00,0.000000000000000000e+00
4.490091826004571374e+01,0.000000000000000000e+00,0.000000000000000000e+00
4.862580045541783846e+01,0.000000000000000000e+00,0.000000000000000000e+00
4.579458570359697234e+01,0.000000000000000000e+00,0.000000000000000000e+00
4.406425767269314520e+01,0.000000000000000000e+00,0.000000000000000000e+00
4.774511349145840455e+01,0.000000000000000000e+00,0.000000000000000000e+00
4.676859583579280155e+01,0.000000000000000000e+00,0.000000000000000000e+00
4.503502010420563550e+01,0.000000000000000000e+00,0.000000000000000000e+00
4.665929095768135682e+01,0.000000000000000000e+00,0.000000000000000000e+00
4.928548682689451965e+01,0.000000000000000000e+00,0.000000000000000000e+00
4.891551103184229277e+01,0.000000000000000000e+00,0.000000000000000000e+00
4.669512611039422012e+01,0.000000000000000000e+00,0.000000000000000000e+00
4.584675038341278253e+01,0.000000000000000000e+00,0.000000000000000000e+00
4.940866781000892161e+01,0.000000000000000000e+00,0.000000000000000000e+00
4.680416577253307508e+01,0.000000000000000000e+00,0.000000000000000000e+00
4.565176868363300855e+01,0.000000000000000000e+00,0.000000000000000000e+00
4.446544019009516546e+01,0.000000000000000000e+00,0.000000000000000000e+00
4.636559753287257735e+01,0.000000000000000000e+00,0.000000000000000000e+00
4.783483542748765416e+01,0.000000000000000000e+00,0.000000000000000000e+00
4.716473610404805328e+01,0.000000000000000000e+00,0.000000000000000000e+00
4.704688559268006998e+01,0.000000000000000000e+00,0.000000000000000000e+00
4.373718729536106054e+01,0.000000000000000000e+00,0.000000000000000000e+00
4.696947086728030030e+01,0.000000000000000000e+00,0.000000000000000000e+00
4.460290885420211282e+01,0.000000000000000000e+00,0.000000000000000000e+00
4.365567096809241576e+01,0.000000000000000000e+00,0.000000000000000000e+00
4.640520231535355578e+01,0.000000000000000000e+00,0.000000000000000000e+00
4.599664484927745889e+01,0.000000000000000000e+00,0.000000000000000000e+00
4.324233424363203682e+01,0.000000000000000000e+00,0.000000000000000000e+00
4.505015368258887776e+01,0.000000000000000000e+00,0.000000000000000000e+00
4.863775404140316994e+01,0.000000000000000000e+00,0.000000000000000000e+00
4.231037740033308836e+01,0.000000000000000000e+00,0.000000000000000000e+00
4.487627728833142271e+01,0.000000000000000000e+00,0.000000000000000000e+00
4.508635482053185228e+01,0.000000000000000000e+00,0.000000000000000000e+00
4.349766726044364162e+01,0.000000000000000000e+00,0.000000000000000000e+00
4.218690717134332857e+01,0.000000000000000000e+00,0.000000000000000000e+00
4.197928411789761327e+01,0.000000000000000000e+00,0.000000000000000000e+00
4.537703515263252996e+01,0.000000000000000000e+00,0.000000000000000000e+00
4.399232440322732174e+01,0.000000000000000000e+00,0.000000000000000000e+00
4.469229481179723962e+01,0.000000000000000000e+00,0.000000000000000000e+00
4.656793488358606936e+01,0.000000000000000000e+00,0.000000000000000000e+00
4.216429466128464298e+01,0.000000000000000000e+00,0.000000000000000000e+00
4.342458674884704806e+01,0.000000000000000000e+00,0.000000000000000000e+00
4.233192764439992573e+01,0.000000000000000000e+00,0.000000000000000000e+00
3.957790627435247899e+01,0.000000000000000000e+00,0.000000000000000000e+00
4.566330613115046333e+01,0.000000000000000000e+00,0.000000000000000000e+00
4.467490772845553693e+01,0.000000000000000000e+00,0.000000000000000000e+00
4.310082640627955897e+01,0.000000000000000000e+00,0.000000000000000000e+00
4.040458375173108152e+01,0.000000000000000000e+00,0.000000000000000000e+00
4.160223520984757073e+01,0.000000000000000000e+00,0.000000000000000000e+00
4.353053440676476527e+01,0.000000000000000000e+00,0.000000000000000000e+00
4.410827094860677988e+01,0.000000000000000000e+00,0.000000000000000000e+00
4.362506118930974708e+01,0.000000000000000000e+00,0.000000000000000000e+00
4.444050463390364314e+01,0.000000000000000000e+00,0.000000000000000000e+00
4.380518184698252782e+01,0.000000000000000000e+00,0.000000000000000000e+00
4.331479484624163234e+01,0.000000000000000000e+00,0.000000000000000000e+00
4.474509054285464060e+01,0.000000000000000000e+00,0.000000000000000000e+00
4.482604268646134216e+01,0.000000000000000000e+00,0.000000000000000000e+00
3.993312576022184857e+01,0.000000000000000000e+00,0.000000000000000000e+00
4.511075618356299088e+01,0.000000000000000000e+00,0.000000000000000000e+00
4.016565865658234458e+01,0.000000000000000000e+00,0.000000000000000000e+00
4.120247088527380441e+01,0.000000000000000000e+00,0.000000000000000000e+00
4.533863101244429572e+01,0.000000000000000000e+00,0.000000000000000000e+00
4.204715683623105349e+01,0.000000000000000000e+00,0.000000000000000000e+00
4.288680222904860528e+01,0.000000000000000000e+00,0.000000000000000000e+00
4.333654683169688582e+01,0.000000000000000000e+00,0.000000000000000000e+00
4.449423730920388920e+01,0.000000000000000000e+00,0.000000000000000000e+00
3.987580595479876422e+01,0.000000000000000000e+00,0.000000000000000000e+00
4.268793545242668586e+01,0.000000000000000000e+00,0.000000000000000000e+00
4.457225587312536419e+01,0.000000000000000000e+00,0.000000000000000000e+00
4.188191830729833498e+01,0.000000000000000000e+00,0.000000000000000000e+00
4.390076178922128491e+01,0.000000000000000000e+00,0.000000000000000000e+00
4.357489833299764825e+01,0.000000000000000000e+00,0.000000000000000000e+00
3.843663300610081990e+01,0.000000000000000000e+00,0.000000000000000000e+00
4.237840746722837082e+01,0.000000000000000000e+00,0.000000000000000000e+00
4.209782495713267281e+01,0.000000000000000000e+00,0.000000000000000000e+00
3.932331091291874259e+01,0.000000000000000000e+00,0.000000000000000000e+00
3.821539733008671647e+01,0.000000000000000000e+00,0.000000000000000000e+00
3.944739621297377141e+01,0.000000000000000000e+00,0.000000000000000000e+00
4.082780970114806962e+01,0.000000000000000000e+00,0.000000000000000000e+00
3.888227093224690378e+01,0.000000000000000000e+00,0.000000000000000000e+00
3.904299582938569557e+01,0.000000000000000000e+00,0.000000000000000000e+00
4.285727641090068119e+01,0.000000000000000000e+00,0.000000000000000000e+00
3.872210577036469914e+01,0.000000000000000000e+00,0.000000000000000000e+00
4.304560316548467114e+01,0.000000000000000000e+00,0.000000000000000000e+00
3.753271977943748539e+01,0.000000000000000000e+00,0.000000000000000000e+00
3.647531736610703490e+01,0.000000000000000000e+00,0.000000000000000000e+00
3.639694625440108666e+01,0.000000000000000000e+00,0.000000000000000000e+00
4.019938412690434149e+01,0.000000000000000000e+00,0.000000000000000000e+00
3.836094381641388651e+01,0.000000000000000000e+00,0.000000000000000000e+00
3.899862454628035380e+01,0.000000000000000000e+00,0.000000000000000000e+00
4.307766197508774297e+01,0.000000000000000000e+00,0.000000000000000000e+00
3.721391170367778756e+01,0.000000000000000000e+00,0.000000000000000000e+00
3.718769824816994429e+01,0.000000000000000000e+00,0.000000000000000000e+00
3.932803609810905243e+01,0.000000000000000000e+00,0.000000000000000000e+00
4.038746926744545362e+01,0.000000000000000000e+00,0.000000000000000000e+00
3.749491656529729511e+01,0.000000000000000000e+00,0.000000000000000000e+00
3.721141440314229243e+01,0.000000000000000000e+00,0.000000000000000000e+00
4.314479127069546394e+01,0.000000000000000000e+00,0.000000000000000000e+00
4.323721636030857951e+01,0.000000000000000000e+00,0.000000000000000000e+00
3.985033949975383649e+01,0.000000000000000000e+00,0.000000000000000000e+00
4.032789117405246770e+01,0.000000000000000000e+00,0.000000000000000000e+00
4.142831103667240455e+01,0.000000000000000000e+00,0.000000000000000000e+00
4.004211723150099544e+01,0.000000000000000000e+00,0.000000000000000000e+00
3.848359710364973552e+01,0.000000000000000000e+00,0.000000000000000000e+00
4.117319606719824066e+01,0.000000000000000000e+00,0.000000000000000000e+00
3.776774102476120731e+01,0.000000000000000000e+00,0.000000000000000000e+00
3.915496568044926562e+01,0.000000000000000000e+00,0.000000000000000000e+00
3.701013492288965523e+01,0.000000000000000000e+00,0.000000000000000000e+00
4.045609142712959283e+01,0.000000000000000000e+00,0.000000000000000000e+00
3.925592059748261420e+01,0.000000000000000000e+00,0.000000000000000000e+00
3.961934731560729972e+01,0.000000000000000000e+00,0.000000000000000000e+00
3.816493914725608505e+01,0.000000000000000000e+00,0.000000000000000000e+00
4.079385422409485074e+01,0.000000000000000000e+00,0.000000000000000000e+00
4.072555265975132244e+01,0.000000000000000000e+00,0.000000000000000000e+00
3.777200659089880475e+01,0.000000000000000000e+00,0.000000000000000000e+00
3.896485046814159858e+01,0.000000000000000000e+00,0.000000000000000000e+00
3.888080609099732499e+01,0.000000000000000000e+00,0.000000000000000000e+00
3.873010928731594760e+01,0.000000000000000000e+00,0.000000000000000000e+00
3.641999858327913131e+01,0.000000000000000000e+00,0.000000000000000000e+00
3.848728729204893284e+01,0.000000000000000000e+00,0.000000000000000000e+00
3.790236723507982930e+01,0.000000000000000000e+00,0.000000000000000000e+00
3.485685007647774114e+01,0.000000000000000000e+00,0.000000000000000000e+00
4.019549160590195669e+01,0.000000000000000000e+00,0.000000000000000000e+00
3.472312631800003402e+01,0.000000000000000000e+00,0.000000000000000000e+00
3.607669878893079130e+01,0.000000000000000000e+00,0.000000000000000000e+00
3.790029051752103584e+01,0.000000000000000000e+00,0.000000000000000000e+00
3.780189285567086444e+01,0.000000000000000000e+00,0.000000000000000000e+00
3.662788701418818249e+01,0.000000000000000000e+00,0.000000000000000000e+00
3.633750804223387121e+01,0.000000000000000000e+00,0.000000000000000000e+00
3.829134763584806223e+01,0.000000000000000000e+00,0.000000000000000000e+00
3.720868706833782369e+01,0.000000000000000000e+00,0.000000000000000000e+00
4.032182438946945524e+01,0.000000000000000000e+00,0.000000000000000000e+00
3.805523274285677360e+01,0.000000000000000000e+00,0.000000000000000000e+00
3.709624922827824633e+01,0.000000000000000000e+00,0.000000000000000000e+00
3.921456804598315671e+01,0.000000000000000000e+00,0.000000000000000000e+00
3.834850937396421244e+01,0.000000000000000000e+00,0.000000000000000000e+00
3.516746844511447989e+01,0.000000000000000000e+00,0.000000000000000000e+00
3.521478544923955667e+01,0.000000000000000000e+00,0.000000000000000000e+00
3.591566361551434028e+01,0.000000000000000000e+00,0.000000000000000000e+00
3.628052491003160185e+01,0.000000000000000000e+00,0.000000000000000000e+00
3.478978499869015195e+01,0.000000000000000000e+00,0.000000000000000000e+00
3.615601435420839493e+01,0.000000000000000000e+00,0.000000000000000000e+00
3.957602427243823939e+01,0.000000000000000000e+00,0.000000000000000000e+00
3.434792780036546134e+01,0.000000000000000000e+00,0.000000000000000000e+00
3.590902436758552341e+01,0.000000000000000000e+00,0.000000000000000000e+00
3.702910459684565581e+01,0.000000000000000000e+00,0.000000000000000000e+00
3.821136002277127375e+01,0.000000000000000000e+00,0.000000000000000000e+00
3.415159663703090587e+01,0.000000000000000000e+00,0.000000000000000000e+00
3.870417797780185509e+01,0.000000000000000000e+00,0.000000000000000000e+00
3.640839066511080091e+01,0.000000000000000000e+00,0.000000000000000000e+00
3.293212152104377566e+01,0.000000000000000000e+00,0.000000000000000000e+00
3.462336786436634384e+01,0.000000000000000000e+00,0.000000000000000000e+00
3.660406161368068467e+01,0.000000000000000000e+00,0.000000000000000000e+00
3.680525128201549734e+01,0.000000000000000000e+00,0.000000000000000000e+00
3.682662427826872431e+01,0.000000000000000000e+00,0.000000000000000000e+00
3.510741851699874161e+01,0.000000000000000000e+00,0.000000000000000000e+00
3.637741510079853668e+01,0.000000000000000000e+00,0.000000000000000000e+00
3.489887762234545932e+01,0.000000000000000000e+00,0.000000000000000000e+00
3.394358228834455815e+01,0.000000000000000000e+00,0.000000000000000000e+00
3.212555138538748167e+01,0.000000000000000000e+00,0.000000000000000000e+00
3.365597771116054560e+01,0.000000000000000000e+00,0.000000000000000000e+00
3.361786312745862659e+01,0.000000000000000000e+00,0.000000000000000000e+00
3.311252561623565782e+01,0.000000000000000000e+00,0.000000000000000000e+00
3.395257693195554793e+01,0.000000000000000000e+00,0.000000000000000000e+00
3.539283151598194621e+01,0.000000000000000000e+00,0.000000000000000000e+00
3.191777806867335698e+01,0.000000000000000000e+00,0.000000000000000000e+00
3.562752646448241478e+01,0.000000000000000000e+00,0.000000000000000000e+00
3.660738281301692609e+01,0.000000000000000000e+00,0.000000000000000000e+00
3.654205480590030675e+01,0.000000000000000000e+00,0.000000000000000000e+00
3.356832008057345718e+01,0.000000000000000000e+00,0.000000000000000000e+00
3.462159493804349353e+01,0.000000000000000000e+00,0.000000000000000000e+00
3.258264630201781387e+01,0.000000000000000000e+00,0.000000000000000000e+00
3.435935824327204813e+01,0.000000000000000000e+00,0.000000000000000000e+00
3.348872868929743873e+01,0.000000000000000000e+00,0.000000000000000000e+00
3.067675881834349028e+01,0.000000000000000000e+00,0.000000000000000000e+00
3.483472202636941262e+01,0.000000000000000000e+00,0.000000000000000000e+00
3.316074818813861924e+01,0.000000000000000000e+00,0.000000000000000000e+00
3.307699749717835402e+01,0.000000000000000000e+00,0.000000000000000000e+00
3.368500596508098965e+01,0.000000000000000000e+00,0.000000000000000000e+00
3.515456882594860843e+01,0.000000000000000000e+00,0.000000000000000000e+00
3.141479788632589276e+01,0.000000000000000000e+00,0.000000000000000000e+00
3.007812398163367362e+01,0.000000000000000000e+00,0.000000000000000000e+00
3.055526173690354597e+01,0.000000000000000000e+00,0.000000000000000000e+00
3.410320307492580838e+01,0.000000000000000000e+00,0.000000000000000000e+00
3.162893965772443750e+01,0.000000000000000000e+00,0.000000000000000000e+00
3.403241701334314939e+01,0.000000000000000000e+00,0.000000000000000000e+00
3.282628504094099497e+01,0.000000000000000000e+00,0.000000000000000000e+00
3.285979012169068625e+01,0.000000000000000000e+00,0.000000000000000000e+00
3.035014694695923509e+01,0.000000000000000000e+00,0.000000000000000000e+00
3.456500815793456383e+01,0.000000000000000000e+00,0.000000000000000000e+00
3.503485411144547612e+01,0.000000000000000000e+00,0.000000000000000000e+00
3.272539857699300825e+01,0.000000000000000000e+00,0.000000000000000000e+00
3.387418367535619979e+01,0.000000000000000000e+00,0.000000000000000000e+00
3.231303227610339945e+01,0.000000000000000000e+00,0.000000000000000000e+00
3.506984577000167747e+01,0.000000000000000000e+00,0.000000000000000000e+00
3.586486335583825280e+01,0.000000000000000000e+00,0.000000000000000000e+00
3.491017669031085546e+01,0.000000000000000000e+00,0.000000000000000000e+00
3.346548914922951923e+01,0.000000000000000000e+00,0.000000000000000000e+00
3.372640067190713609e+01,0.000000000000000000e+00,0.000000000000000000e+00
2.948665267048700400e+01,0.000000000000000000e+00,0.000000000000000000e+00
3.360852385280253429e+01,0.000000000000000000e+00,0.000000000000000000e+00
3.093982780413147538e+01,0.000000000000000000e+00,0.000000000000000000e+00
3.269246982731095130e+01,0.000000000000000000e+00,0.000000000000000000e+00
3.549958191793975715e+01,0.000000000000000000e+00,0.000000000000000000e+00
3.136828417640215605e+01,0.000000000000000000e+00,0.000000000000000000e+00
3.084518965354646625e+01,0.000000000000000000e+00,0.000000000000000000e+00
3.036483441434453212e+01,0.000000000000000000e+00,0.000000000000000000e+00
3.238215577577599902e+01,0.000000000000000000e+00,0.000000000000000000e+00
3.681401017538759390e+01,0.000000000000000000e+00,0.000000000000000000e+00
2.797156098859107232e+01,0.000000000000000000e+00,0.000000000000000000e+00
3.176016888048963693e+01,0.000000000000000000e+00,0.000000000000000000e+00
3.463430557869881454e+01,0.000000000000000000e+00,0.000000000000000000e+00
3.005467016358912957e+01,0.000000000000000000e+00,0.000000000000000000e+00
3.219077965450095746e+01,0.000000000000000000e+00,0.000000000000000000e+00
3.088809130674142978e+01,0.000000000000000000e+00,0.000000000000000000e+00
3.059790901507823691e+01,0.000000000000000000e+00,0.000000000000000000e+00
3.032777216931238584e+01,0.000000000000000000e+00,0.000000000000000000e+00
3.524591422114837513e+01,0.000000000000000000e+00,0.000000000000000000e+00
3.190258683434706199e+01,0.000000000000000000e+00,0.000000000000000000e+00
2.806443397787637295e+01,0.000000000000000000e+00,0.000000000000000000e+00
3.265307909191496094e+01,0.000000000000000000e+00,0.000000000000000000e+00
3.618353661418716172e+01,0.000000000000000000e+00,0.000000000000000000e+00
2.912238845287594202e+01,0.000000000000000000e+00,0.000000000000000000e+00
3.248897624434714970e+01,0.000000000000000000e+00,0.000000000000000000e+00
3.157795436488493479e+01,0.000000000000000000e+00,0.000000000000000000e+00
3.017506680650647155e+01,0.000000000000000000e+00,0.000000000000000000e+00
3.198796633528163724e+01,0.000000000000000000e+00,0.000000000000000000e+00
3.180962166810431668e+01,0.000000000000000000e+00,0.000000000000000000e+00
3.021055867517043581e+01,0.000000000000000000e+00,0.000000000000000000e+00
3.266860701199511396e+01,0.000000000000000000e+00,0.000000000000000000e+00
2.981579788285693056e+01,0.000000000000000000e+00,0.000000000000000000e+00
3.090550830214257871e+01,0.000000000000000000e+00,0.000000000000000000e+00
3.066167775505471127e+01,0.000000000000000000e+00,0.000000000000000000e+00
3.156087475069485038e+01,0.000000000000000000e+00,0.000000000000000000e+00
2.997699723228444668e+01,0.000000000000000000e+00,0.000000000000000000e+00
2.855280221271607388e+01,0.000000000000000000e+00,0.000000000000000000e+00
2.999681680645254644e+01,0.000000000000000000e+00,0.000000000000000000e+00
2.749605587425828546e+01,0.000000000000000000e+00,0.000000000000000000e+00
3.256515321177246847e+01,0.000000000000000000e+00,0.000000000000000000e+00
3.208337634090421631e+01,0.000000000000000000e+00,0.000000000000000000e+00
3.278099920608865148e+01,0.000000000000000000e+00,0.000000000000000000e+00
2.918187295465162023e+01,0.000000000000000000e+00,0.000000000000000000e+00
2.680898216896357411e+01,0.000000000000000000e+00,0.000000000000000000e+00
3.036261194906584038e+01,0.000000000000000000e+00,0.000000000000000000e+00
2.954922155296549491e+01,0.000000000000000000e+00,0.000000000000000000e+00
2.774566911881780840e+01,0.000000000000000000e+00,0.000000000000000000e+00
2.769273293678644166e+01,0.000000000000000000e+00,0.000000000000000000e+00
2.836349342141414098e+01,0.000000000000000000e+00,0.000000000000000000e+00
2.907893673046675431e+01,0.000000000000000000e+00,0.000000000000000000e+00
2.743312603753079060e+01,0.000000000000000000e+00,0.000000000000000000e+00
2.925212459487273975e+01,0.000000000000000000e+00,0.000000000000000000e+00
2.861380827924118009e+01,0.000000000000000000e+00,0.000000000000000000e+00
2.499217340221614592e+01,0.000000000000000000e+00,0.000000000000000000e+00
2.843799853213344875e+01,0.000000000000000000e+00,0.000000000000000000e+00
3.150548633689586708e+01,0.000000000000000000e+00,0.000000000000000000e+00
2.910830203947989503e+01,0.000000000000000000e+00,0.000000000000000000e+00
2.746246565664662853e+01,0.000000000000000000e+00,0.000000000000000000e+00
2.731269953445192300e+01,0.000000000000000000e+00,0.000000000000000000e+00
2.736716735561562430e+01,0.000000000000000000e+00,0.000000000000000000e+00
2.857482931270858373e+01,0.000000000000000000e+00,0.000000000000000000e+00
3.004679666982833908e+01,0.000000000000000000e+00,0.000000000000000000e+00
2.344769260592892834e+01,0.000000000000000000e+00,0.000000000000000000e+00
2.560198026369402768e+01,0.000000000000000000e+00,0.000000000000000000e+00
3.277403528946311440e+01,0.000000000000000000e+00,0.000000000000000000e+00
2.714558335369575204e+01,0.000000000000000000e+00,0.000000000000000000e+00
2.583454093237876492e+01,0.000000000000000000e+00,0.000000000000000000e+00
2.932054062413434892e+01,0.000000000000000000e+00,0.000000000000000000e+00
2.250589825918425646e+01,0.000000000000000000e+00,0.000000000000000000e+00
3.013358962295869148e+01,0.000000000000000000e+00,0.000000000000000000e+00
2.914096702715733755e+01,0.000000000000000000e+00,0.000000000000000000e+00
2.717743063907143508e+01,0.000000000000000000e+00,0.000000000000000000e+00
3.039027428277785603e+01,0.000000000000000000e+00,0.000000000000000000e+00
3.028969139805604627e+01,0.000000000000000000e+00,0.000000000000000000e+00
2.977906338551620635e+01,0.000000000000000000e+00,0.000000000000000000e+00
3.158549824324587263e+01,0.000000000000000000e+00,0.000000000000000000e+00
2.849463985478818628e+01,0.000000000000000000e+00,0.000000000000000000e+00
2.901596163263224426e+01,0.000000000000000000e+00,0.000000000000000000e+00
2.892478482525274686e+01,0.000000000000000000e+00,0.000000000000000000e+00
2.837782487475395499e+01,0.000000000000000000e+00,0.000000000000000000e+00
2.591549387010429939e+01,0.000000000000000000e+00,0.000000000000000000e+00
2.779647521006744881e+01,0.000000000000000000e+00,0.000000000000000000e+00
3.093627280150813519e+01,0.000000000000000000e+00,0.000000000000000000e+00
2.833269979398264837e+01,0.000000000000000000e+00,0.000000000000000000e+00
2.647584067604183389e+01,0.000000000000000000e+00,0.000000000000000000e+00
2.434174964724687484e+01,0.000000000000000000e+00,0.000000000000000000e+00
2.943285691024939155e+01,0.000000000000000000e+00,0.000000000000000000e+00
2.561901719417179635e+01,0.000000000000000000e+00,0.000000000000000000e+00
2.791013417468467850e+01,0.000000000000000000e+00,0.000000000000000000e+00
2.712182275815760590e+01,0.000000000000000000e+00,0.000000000000000000e+00
2.729836515688042553e+01,0.000000000000000000e+00,0.000000000000000000e+00
2.706067837193046088e+01,0.000000000000000000e+00,0.000000000000000000e+00
2.791189612331479708e+01,0.000000000000000000e+00,0.000000000000000000e+00
2.597472133201949873e+01,0.000000000000000000e+00,0.000000000000000000e+00
2.668962284527570006e+01,0.000000000000000000e+00,0.000000000000000000e+00
3.040213754152327752e+01,0.000000000000000000e+00,0.000000000000000000e+00
2.790781901512195162e+01,0.000000000000000000e+00,0.000000000000000000e+00
2.683331560649236991e+01,0.000000000000000000e+00,0.000000000000000000e+00
2.762150540018923550e+01,0.000000000000000000e+00,0.000000000000000000e+00
2.544096876431746779e+01,0.000000000000000000e+00,0.000000000000000000e+00
2.239100462088617860e+01,0.000000000000000000e+00,0.000000000000000000e+00
2.616524362015200111e+01,0.000000000000000000e+00,0.000000000000000000e+00
2.802395621102602163e+01,0.000000000000000000e+00,0.000000000000000000e+00
2.763002768396663811e+01,0.000000000000000000e+00,0.000000000000000000e+00
2.608479759392567132e+01,0.000000000000000000e+00,0.000000000000000000e+00
2.758554846216114953e+01,0.000000000000000000e+00,0.000000000000000000e+00
2.687848430000201461e+01,0.000000000000000000e+00,0.000000000000000000e+00
2.581631447501625942e+01,0.000000000000000000e+00,0.000000000000000000e+00
2.587650597177222522e+01,0.000000000000000000e+00,0.000000000000000000e+00
2.510781792526316281e+01,0.000000000000000000e+00,0.000000000000000000e+00
2.577468650708193110e+01,0.000000000000000000e+00,0.000000000000000000e+00
2.559769561970914253e+01,0.000000000000000000e+00,0.000000000000000000e+00
2.566355833041383505e+01,0.000000000000000000e+00,0.000000000000000000e+00
2.549101465325788496e+01,0.000000000000000000e+00,0.000000000000000000e+00
2.644136134225918511e+01,0.000000000000000000e+00,0.000000000000000000e+00
2.778460857381513094e+01,0.000000000000000000e+00,0.000000000000000000e+00
2.017484182714602525e+01,0.000000000000000000e+00,0.000000000000000000e+00
2.602392325333120482e+01,0.000000000000000000e+00,0.000000000000000000e+00
2.621531415718455449e+01,0.000000000000000000e+00,0.000000000000000000e+00
2.893078589642608733e+01,0.000000000000000000e+00,0.000000000000000000e+00
2.804528858754364506e+01,0.000000000000000000e+00,0.000000000000000000e+00
2.591803126044960237e+01,0.000000000000000000e+00,0.000000000000000000e+00
2.520466336579148603e+01,0.000000000000000000e+00,0.000000000000000000e+00
2.428099700245921966e+01,0.000000000000000000e+00,0.000000000000000000e+00
2.452100053601643381e+01,0.000000000000000000e+00,0.000000000000000000e+00
2.795475814007159343e+01,0.000000000000000000e+00,0.000000000000000000e+00
1.950850450041427564e+01,0.000000000000000000e+00,0.000000000000000000e+00
2.783508526473752198e+01,0.000000000000000000e+00,0.000000000000000000e+00
2.331195522051396196e+01,0.000000000000000000e+00,0.000000000000000000e+00
2.757249705281457608e+01,0.000000000000000000e+00,0.000000000000000000e+00
2.564177357307961103e+01,0.000000000000000000e+00,0.000000000000000000e+00
2.305748506278823129e+01,0.000000000000000000e+00,0.000000000000000000e+00
2.716432901035317826e+01,0.000000000000000000e+00,0.000000000000000000e+00
2.813747374974778026e+01,0.000000000000000000e+00,0.000000000000000000e+00
2.831913210982477125e+01,0.000000000000000000e+00,0.000000000000000000e+00
2.610990352508807888e+01,0.000000000000000000e+00,0.000000000000000000e+00
2.661867899148972683e+01,0.000000000000000000e+00,0.000000000000000000e+00
2.422876712053111348e+01,0.000000000000000000e+00,0.000000000000000000e+00
2.364213836442877437e+01,0.000000000000000000e+00,0.000000000000000000e+00
2.693638657353891830e+01,0.000000000000000000e+00,0.000000000000000000e+00
2.297061357020320926e+01,0.000000000000000000e+00,0.000000000000000000e+00
2.423971615679014846e+01,0.000000000000000000e+00,0.000000000000000000e+00
2.420751338084345150e+01,0.000000000000000000e+00,0.000000000000000000e+00
2.319297664590063590e+01,0.000000000000000000e+00,0.000000000000000000e+00
2.323984160031402624e+01,0.000000000000000000e+00,0.000000000000000000e+00
2.663948104500813585e+01,0.000000000000000000e+00,0.000000000000000000e+00
2.128577042464969793e+01,0.000000000000000000e+00,0.000000000000000000e+00
2.444787589917882542e+01,0.000000000000000000e+00,0.000000000000000000e+00
2.437016967169686765e+01,0.000000000000000000e+00,0.000000000000000000e+00
2.524825390761593624e+01,0.000000000000000000e+00,0.000000000000000000e+00
2.485057485339441996e+01,0.000000000000000000e+00,0.000000000000000000e+00
2.573343295242092665e+01,0.000000000000000000e+00,0.000000000000000000e+00
2.153760786824297924e+01,0.000000000000000000e+00,0.000000000000000000e+00
2.187487971079443128e+01,0.000000000000000000e+00,0.000000000000000000e+00
2.210418550594681619e+01,0.000000000000000000e+00,0.000000000000000000e+00
2.864569157887300577e+01,0.000000000000000000e+00,0.000000000000000000e+00
2.285559410145815562e+01,0.000000000000000000e+00,0.000000000000000000e+00
2.485648186036495844e+01,0.000000000000000000e+00,0.000000000000000000e+00
2.128378152196844297e+01,0.000000000000000000e+00,0.000000000000000000e+00
2.306838831856046212e+01,0.000000000000000000e+00,0.000000000000000000e+00
2.560197134139550812e+01,0.000000000000000000e+00,0.000000000000000000e+00
2.214735254158418698e+01,0.000000000000000000e+00,0.000000000000000000e+00
2.142034765403233365e+01,0.000000000000000000e+00,0.000000000000000000e+00
2.383030547597013538e+01,0.000000000000000000e+00,0.000000000000000000e+00
2.179652142724788888e+01,0.000000000000000000e+00,0.000000000000000000e+00
2.746967903527306376e+01,0.000000000000000000e+00,0.000000000000000000e+00
2.525456677333937350e+01,0.000000000000000000e+00,0.000000000000000000e+00
2.459124060580471394e+01,0.000000000000000000e+00,0.000000000000000000e+00
2.266802000438746489e+01,0.000000000000000000e+00,0.000000000000000000e+00
2.268561875536567030e+01,0.000000000000000000e+00,0.000000000000000000e+00
2.632423295653674344e+01,0.000000000000000000e+00,0.000000000000000000e+00
2.383041835272840814e+01,0.000000000000000000e+00,0.000000000000000000e+00
2.358022327306582966e+01,0.000000000000000000e+00,0.000000000000000000e+00
2.183878031994979096e+01,0.000000000000000000e+00,0.000000000000000000e+00
2.256614563422876074e+01,0.000000000000000000e+00,0.000000000000000000e+00
2.847914844341722684e+01,0.000000000000000000e+00,0.000000000000000000e+00
2.349657485182008898e+01,0.000000000000000000e+00,0.000000000000000000e+00
2.625651163460339887e+01,0.000000000000000000e+00,0.000000000000000000e+00
2.323691774899015527e+01,0.000000000000000000e+00,0.000000000000000000e+00
2.031787827170316518e+01,0.000000000000000000e+00,0.000000000000000000e+00
2.355827483167207248e+01,0.000000000000000000e+00,0.000000000000000000e+00
2.419828559995666240e+01,0.000000000000000000e+00,0.000000000000000000e+00
2.290285250972652165e+01,0.000000000000000000e+00,0.000000000000000000e+00
2.525211553084151817e+01,0.000000000000000000e+00,0.000000000000000000e+00
2.051913162516638067e+01,0.000000000000000000e+00,0.000000000000000000e+00
2.124309002267504809e+01,0.000000000000000000e+00,0.000000000000000000e+00
2.497260658655813614e+01,0.000000000000000000e+00,0.000000000000000000e+00
2.188435036903735664e+01,0.000000000000000000e+00,0.000000000000000000e+00
2.349333308945366738e+01,0.000000000000000000e+00,0.000000000000000000e+00
1.889069687428847288e+01,0.000000000000000000e+00,0.000000000000000000e+00
2.522616065887754644e+01,0.000000000000000000e+00,0.000000000000000000e+00
2.322349020333456693e+01,0.000000000000000000e+00,0.000000000000000000e+00
2.406831195788152300e+01,0.000000000000000000e+00,0.000000000000000000e+00
1.805440565830169675e+01,0.000000000000000000e+00,0.000000000000000000e+00
2.403530927087663471e+01,0.000000000000000000e+00,0.000000000000000000e+00
2.591191665956399248e+01,0.000000000000000000e+00,0.000000000000000000e+00
2.300975058334686807e+01,0.000000000000000000e+00,0.000000000000000000e+00
2.218838996492219451e+01,0.000000000000000000e+00,0.000000000000000000e+00
1.977344295245028860e+01,0.000000000000000000e+00,0.000000000000000000e+00
2.186468529900551516e+01,0.000000000000000000e+00,0.000000000000000000e+00
2.628663025832415912e+01,0.000000000000000000e+00,0.000000000000000000e+00
2.160904559668143321e+01,0.000000000000000000e+00,0.000000000000000000e+00
2.234660206258416792e+01,0.000000000000000000e+00,0.000000000000000000e+00
2.398739802271616384e+01,0.000000000000000000e+00,0.000000000000000000e+00
2.155176879681258129e+01,0.000000000000000000e+00,0.000000000000000000e+00
2.158143061633301585e+01,0.000000000000000000e+00,0.000000000000000000e+00
2.116755771007650466e+01,0.000000000000000000e+00,0.000000000000000000e+00
2.211321351897436926e+01,0.000000000000000000e+00,0.000000000000000000e+00
2.077576168042344307e+01,0.000000000000000000e+00,0.000000000000000000e+00
2.360855735897095542e+01,0.000000000000000000e+00,0.000000000000000000e+00
2.240557208344764106e+01,0.000000000000000000e+00,0.000000000000000000e+00
2.137581242227812339e+01,0.000000000000000000e+00,0.000000000000000000e+00
2.302387599195407830e+01,0.000000000000000000e+00,0.000000000000000000e+00
1.906730775168794167e+01,0.000000000000000000e+00,0.000000000000000000e+00
2.213732365485677889e+01,0.000000000000000000e+00,0.000000000000000000e+00
2.022676098293067426e+01,0.000000000000000000e+00,0.000000000000000000e+00
1.978623666262548397e+01,0.000000000000000000e+00,0.000000000000000000e+00
2.017182235731025486e+01,0.000000000000000000e+00,0.000000000000000000e+00
2.312667120805891585e+01,0.000000000000000000e+00,0.000000000000000000e+00
2.402996641185346860e+01,0.000000000000000000e+00,0.000000000000000000e+00
2.424031823391430862e+01,0.000000000000000000e+00,0.000000000000000000e+00
2.062963677792514261e+01,0.000000000000000000e+00,0.000000000000000000e+00
2.250485449206061617e+01,0.000000000000000000e+00,0.000000000000000000e+00
2.487254276636254957e+01,0.000000000000000000e+00,0.000000000000000000e+00
2.258972965970260560e+01,0.000000000000000000e+00,0.000000000000000000e+00
1.927909259959758614e+01,0.000000000000000000e+00,0.000000000000000000e+00
2.149764411654498630e+01,0.000000000000000000e+00,0.000000000000000000e+00
1.993728547413496699e+01,0.000000000000000000e+00,0.000000000000000000e+00
2.082508812275711918e+01,0.000000000000000000e+00,0.000000000000000000e+00
2.139207709960962234e+01,0.000000000000000000e+00,0.000000000000000000e+00
2.213894619205496639e+01,0.000000000000000000e+00,0.000000000000000000e+00
2.142529145071888763e+01,0.000000000000000000e+00,0.000000000000000000e+00
2.199460262119795217e+01,0.000000000000000000e+00,0.000000000000000000e+00
2.320398879583581575e+01,0.000000000000000000e+00,0.000000000000000000e+00
2.130280065565177239e+01,0.000000000000000000e+00,0.000000000000000000e+00
2.431953674150041067e+01,0.000000000000000000e+00,0.000000000000000000e+00
1.932147431166074725e+01,0.000000000000000000e+00,0.000000000000000000e+00
1.851063711121954114e+01,0.000000000000000000e+00,0.000000000000000000e+00
1.851888109361047796e+01,0.000000000000000000e+00,0.000000000000000000e+00
1.853635238292784138e+01,0.000000000000000000e+00,0.000000000000000000e+00
2.061111878605878545e+01,0.000000000000000000e+00,0.000000000000000000e+00
2.251596205190783451e+01,0.000000000000000000e+00,0.000000000000000000e+00
1.983823000380223789e+01,0.000000000000000000e+00,0.000000000000000000e+00
2.147057216279877778e+01,0.000000000000000000e+00,0.000000000000000000e+00
2.432423862357634547e+01,0.000000000000000000e+00,0.000000000000000000e+00
2.318462350568676911e+01,0.000000000000000000e+00,0.000000000000000000e+00
2.329307507681344802e+01,0.000000000000000000e+00,0.000000000000000000e+00
2.150872292195240476e+01,0.000000000000000000e+00,0.000000000000000000e+00
2.082636725962522917e+01,0.000000000000000000e+00,0.000000000000000000e+00
2.008726085758820901e+01,0.000000000000000000e+00,0.000000000000000000e+00
2.019706438141392013e+01,0.000000000000000000e+00,0.000000000000000000e+00
2.222805249957591656e+01,0.000000000000000000e+00,0.000000000000000000e+00
1.952818957323598781e+01,0.000000000000000000e+00,0.000000000000000000e+00
2.055499378784871922e+01,0.000000000000000000e+00,0.000000000000000000e+00
2.127666103452540014e+01,0.000000000000000000e+00,0.000000000000000000e+00
2.075065703899013769e+01,0.000000000000000000e+00,0.000000000000000000e+00
1.804458928980681875e+01,0.000000000000000000e+00,0.000000000000000000e+00
1.819880253305248985e+01,0.000000000000000000e+00,0.000000000000000000e+00
2.074456392057068754e+01,0.000000000000000000e+00,0.000000000000000000e+00
2.039323635296772252e+01,0.000000000000000000e+00,0.000000000000000000e+00
2.008533750400654583e+01,0.000000000000000000e+00,0.000000000000000000e+00
2.376054811926694299e+01,0.000000000000000000e+00,0.000000000000000000e+00
1.830534772525648890e+01,0.000000000000000000e+00,0.000000000000000000e+00
2.261525197795177888e+01,0.000000000000000000e+00,0.000000000000000000e+00
2.042464764781921360e+01,0.000000000000000000e+00,0.000000000000000000e+00
1.959974564957321519e+01,0.000000000000000000e+00,0.000000000000000000e+00
2.110709417670949506e+01,0.000000000000000000e+00,0.000000000000000000e+00
2.070400490365030777e+01,0.000000000000000000e+00,0.000000000000000000e+00
2.275883321522296754e+01,0.000000000000000000e+00,0.000000000000000000e+00
2.376379722077550838e+01,0.000000000000000000e+00,0.000000000000000000e+00
1.718379930281412271e+01,0.000000000000000000e+00,0.000000000000000000e+00
1.947873320467445879e+01,0.000000000000000000e+00,0.000000000000000000e+00
2.026496106896906113e+01,0.000000000000000000e+00,0.000000000000000000e+00
2.165382632742505464e+01,0.000000000000000000e+00,0.000000000000000000e+00
1.763993139761715057e+01,0.000000000000000000e+00,0.000000000000000000e+00
2.317230961934678035e+01,0.000000000000000000e+00,0.000000000000000000e+00
2.129194478014107972e+01,0.000000000000000000e+00,0.000000000000000000e+00
2.200470799869392380e+01,0.000000000000000000e+00,0.000000000000000000e+00
2.187290677751532897e+01,0.000000000000000000e+00,0.000000000000000000e+00
2.459265024237568653e+01,0.000000000000000000e+00,0.000000000000000000e+00
2.091619663016315300e+01,0.000000000000000000e+00,0.000000000000000000e+00
2.127762745028227798e+01,0.000000000000000000e+00,0.000000000000000000e+00
2.038811096456714012e+01,0.000000000000000000e+00,0.000000000000000000e+00
2.107134287662365679e+01,0.000000000000000000e+00,0.000000000000000000e+00
2.057124491446915471e+01,0.000000000000000000e+00,0.000000000000000000e+00
2.203739668140897834e+01,0.000000000000000000e+00,0.000000000000000000e+00
2.199097263812062053e+01,0.000000000000000000e+00,0.000000000000000000e+00
1.914742431833290937e+01,0.000000000000000000e+00,0.000000000000000000e+00
2.410523986889418779e+01,0.000000000000000000e+00,0.000000000000000000e+00
1.994905532008180415e+01,0.000000000000000000e+00,0.000000000000000000e+00
2.228630528401831512e+01,0.000000000000000000e+00,0.000000000000000000e+00
1.738831572289671357e+01,0.000000000000000000e+00,0.000000000000000000e+00
2.299760419982974113e+01,0.000000000000000000e+00,0.000000000000000000e+00
1.872140755520068467e+01,0.000000000000000000e+00,0.000000000000000000e+00
2.149669692810816457e+01,0.000000000000000000e+00,0.000000000000000000e+00
1.677812100733039813e+01,0.000000000000000000e+00,0.000000000000000000e+00
1.815004316142781349e+01,0.000000000000000000e+00,0.000000000000000000e+00
1.852085028129457100e+01,0.000000000000000000e+00,0.000000000000000000e+00
2.168178826394107261e+01,0.000000000000000000e+00,0.000000000000000000e+00
1.760439460422854552e+01,0.000000000000000000e+00,0.000000000000000000e+00
1.783454552894474787e+01,0.000000000000000000e+00,0.000000000000000000e+00
1.881880498515070954e+01,0.000000000000000000e+00,0.000000000000000000e+00
2.415835416012822634e+01,0.000000000000000000e+00,0.000000000000000000e+00
1.859729128021473343e+01,0.000000000000000000e+00,0.000000000000000000e+00
2.257235966146073380e+01,0.000000000000000000e+00,0.000000000000000000e+00
2.017098517357220899e+01,0.000000000000000000e+00,0.000000000000000000e+00
2.311807524192137464e+01,0.000000000000000000e+00,0.000000000000000000e+00
2.027788517825951331e+01,0.000000000000000000e+00,0.000000000000000000e+00
2.037891949470980180e+01,0.000000000000000000e+00,0.000000000000000000e+00
2.182588529465389371e+01,0.000000000000000000e+00,0.000000000000000000e+00
2.287155957403050621e+01,0.000000000000000000e+00,0.000000000000000000e+00
2.184068554310047006e+01,0.000000000000000000e+00,0.000000000000000000e+00
2.189570669226801769e+01,0.000000000000000000e+00,0.000000000000000000e+00
1.752266203398295374e+01,0.000000000000000000e+00,0.000000000000000000e+00
2.049328074731427662e+01,0.000000000000000000e+00,0.000000000000000000e+00
2.186555293872334715e+01,0.000000000000000000e+00,0.000000000000000000e+00
2.133019330315420348e+01,0.000000000000000000e+00,0.000000000000000000e+00
2.419389101071538306e+01,0.000000000000000000e+00,0.000000000000000000e+00
2.188503338409955745e+01,0.000000000000000000e+00,0.000000000000000000e+00
1.976527320921737996e+01,0.000000000000000000e+00,0.000000000000000000e+00
2.462982504142982521e+01,0.000000000000000000e+00,0.000000000000000000e+00
2.159914327713134696e+01,0.000000000000000000e+00,0.000000000000000000e+00
2.180207570119438643e+01,0.000000000000000000e+00,0.000000000000000000e+00
1.830285318117878290e+01,0.000000000000000000e+00,0.000000000000000000e+00
2.013790253999065882e+01,0.000000000000000000e+00,0.000000000000000000e+00
2.125427468123353236e+01,0.000000000000000000e+00,0.000000000000000000e+00
1.815179238464654432e+01,0.000000000000000000e+00,0.000000000000000000e+00
1.900913951765439336e+01,0.000000000000000000e+00,0.000000000000000000e+00
2.025336335220558226e+01,0.000000000000000000e+00,0.000000000000000000e+00
2.285894949926871078e+01,0.000000000000000000e+00,0.000000000000000000e+00
2.222111368769459361e+01,0.000000000000000000e+00,0.000000000000000000e+00
2.004789328497556866e+01,0.000000000000000000e+00,0.000000000000000000e+00
1.965141718085310885e+01,0.000000000000000000e+00,0.000000000000000000e+00
1.579763334637398842e+01,0.000000000000000000e+00,0.000000000000000000e+00
1.917037701345571321e+01,0.000000000000000000e+00,0.000000000000000000e+00
2.190411398848596036e+01,0.000000000000000000e+00,0.000000000000000000e+00
1.981369602757833448e+01,0.000000000000000000e+00,0.000000000000000000e+00
1.996441298036985401e+01,0.000000000000000000e+00,0.000000000000000000e+00
1.775753356527673077e+01,0.000000000000000000e+00,0.000000000000000000e+00
1.863259040380180309e+01,0.000000000000000000e+00,0.000000000000000000e+00
1.947158858980595397e+01,0.000000000000000000e+00,0.000000000000000000e+00
1.883902407142903002e+01,0.000000000000000000e+00,0.000000000000000000e+00
2.128505073671835746e+01,0.000000000000000000e+00,0.000000000000000000e+00
2.196476337520682520e+01,0.000000000000000000e+00,0.000000000000000000e+00
1.763118284342963449e+01,0.000000000000000000e+00,0.000000000000000000e+00
2.113902920076456127e+01,0.000000000000000000e+00,0.000000000000000000e+00
2.132290889500232467e+01,0.000000000000000000e+00,0.000000000000000000e+00
1.590138466391287864e+01,0.000000000000000000e+00,0.000000000000000000e+00
2.122376145634892097e+01,0.000000000000000000e+00,0.000000000000000000e+00
2.094839731517667403e+01,0.000000000000000000e+00,0.000000000000000000e+00
2.093659585541757195e+01,0.000000000000000000e+00,0.000000000000000000e+00
2.039389663910886696e+01,0.000000000000000000e+00,0.000000000000000000e+00
1.955969809787797686e+01,0.000000000000000000e+00,0.000000000000000000e+00
1.852608491240220090e+01,0.000000000000000000e+00,0.000000000000000000e+00
1.823280150423902413e+01,0.000000000000000000e+00,0.000000000000000000e+00
2.210308566967816901e+01,0.000000000000000000e+00,0.000000000000000000e+00
1.844428175626635991e+01,0.000000000000000000e+00,0.000000000000000000e+00
2.094303232726220898e+01,0.000000000000000000e+00,0.000000000000000000e+00
1.739656973376897398e+01,0.000000000000000000e+00,0.000000000000000000e+00
1.697710558452295970e+01,0.000000000000000000e+00,0.000000000000000000e+00
1.786905036550101755e+01,0.000000000000000000e+00,0.000000000000000000e+00
2.313005997464051333e+01,0.000000000000000000e+00,0.000000000000000000e+00
1.969789983100758590e+01,0.000000000000000000e+00,0.000000000000000000e+00
1.903627870697509294e+01,0.000000000000000000e+00,0.000000000000000000e+00
1.803498768017274045e+01,0.000000000000000000e+00,0.000000000000000000e+00
2.048568062546867097e+01,0.000000000000000000e+00,0.000000000000000000e+00
1.803594153664922928e+01,0.000000000000000000e+00,0.000000000000000000e+00
1.772034375675760032e+01,0.000000000000000000e+00,0.000000000000000000e+00
2.208992468221099870e+01,0.000000000000000000e+00,0.000000000000000000e+00
2.090283061386537966e+01,0.000000000000000000e+00,0.000000000000000000e+00
2.135687380177099115e+01,0.000000000000000000e+00,0.000000000000000000e+00
1.918777416002219027e+01,0.000000000000000000e+00,0.000000000000000000e+00
2.607147998225087449e+01,0.000000000000000000e+00,0.000000000000000000e+00
1.907228026401763188e+01,0.000000000000000000e+00,0.000000000000000000e+00
1.850738217863627000e+01,0.000000000000000000e+00,0.000000000000000000e+00
2.287592260441356018e+01,0.000000000000000000e+00,0.000000000000000000e+00
1.980632589890843676e+01,0.000000000000000000e+00,0.000000000000000000e+00
2.140654369205213570e+01,0.000000000000000000e+00,0.000000000000000000e+00
2.255864857378828603e+01,0.000000000000000000e+00,0.000000000000000000e+00
1.786708284540260294e+01,0.000000000000000000e+00,0.000000000000000000e+00
2.025307142837340280e+01,0.000000000000000000e+00,0.000000000000000000e+00
2.176329929839008415e+01,0.000000000000000000e+00,0.000000000000000000e+00
2.042529819695710813e+01,0.000000000000000000e+00,0.000000000000000000e+00
2.311374276180342946e+01,0.000000000000000000e+00,0.000000000000000000e+00
1.516329798987620237e+01,0.000000000000000000e+00,0.000000000000000000e+00
2.170471957570061861e+01,0.000000000000000000e+00,0.000000000000000000e+00
1.896019365717659610e+01,0.000000000000000000e+00,0.000000000000000000e+00
1.979773181059675480e+01,0.000000000000000000e+00,0.000000000000000000e+00
1.969172172455904501e+01,0.000000000000000000e+00,0.000000000000000000e+00
2.130736648480792184e+01,0.000000000000000000e+00,0.000000000000000000e+00
2.225354289570097066e+01,0.000000000000000000e+00,0.000000000000000000e+00
1.875107061479106108e+01,0.000000000000000000e+00,0.000000000000000000e+00
2.213714800243323566e+01,0.000000000000000000e+00,0.000000000000000000e+00
2.087899103635292875e+01,0.000000000000000000e+00,0.000000000000000000e+00
2.269043421524948556e+01,0.000000000000000000e+00,0.000000000000000000e+00
1.664460088420335637e+01,0.000000000000000000e+00,0.000000000000000000e+00
2.098793948053777925e+01,0.000000000000000000e+00,0.000000000000000000e+00
2.058336718968989842e+01,0.000000000000000000e+00,0.000000000000000000e+00
2.146885163612601488e+01,0.000000000000000000e+00,0.000000000000000000e+00
2.082265299498869737e+01,0.000000000000000000e+00,0.000000000000000000e+00
1.779277864422342859e+01,0.000000000000000000e+00,0.000000000000000000e+00
2.249110890548688957e+01,0.000000000000000000e+00,0.000000000000000000e+00
2.100470904714426723e+01,0.000000000000000000e+00,0.000000000000000000e+00
2.111369650619861105e+01,0.000000000000000000e+00,0.000000000000000000e+00
1.821115040136340824e+01,0.000000000000000000e+00,0.000000000000000000e+00
1.995606589824267729e+01,0.000000000000000000e+00,0.000000000000000000e+00
2.072542885856096717e+01,0.000000000000000000e+00,0.000000000000000000e+00
1.931585169314239536e+01,0.000000000000000000e+00,0.000000000000000000e+00
2.156848146705270253e+01,0.000000000000000000e+00,0.000000000000000000e+00
1.718917145818526038e+01,0.000000000000000000e+00,0.000000000000000000e+00
2.455912645877224065e+01,0.000000000000000000e+00,0.000000000000000000e+00
2.026024533405485073e+01,0.000000000000000000e+00,0.000000000000000000e+00
1.994065800820014545e+01,0.000000000000000000e+00,0.000000000000000000e+00
1.648535345291223919e+01,0.000000000000000000e+00,0.000000000000000000e+00
1.932895190961432874e+01,0.000000000000000000e+00,0.000000000000000000e+00
1.977720546564597370e+01,0.000000000000000000e+00,0.000000000000000000e+00
1.942956883268682233e+01,0.000000000000000000e+00,0.000000000000000000e+00
2.254669176119267959e+01,0.000000000000000000e+00,0.000000000000000000e+00
1.985392079396670795e+01,0.000000000000000000e+00,0.000000000000000000e+00
2.241518669523954443e+01,0.000000000000000000e+00,0.000000000000000000e+00
2.133852122339596136e+01,0.000000000000000000e+00,0.000000000000000000e+00
2.338502443650720508e+01,0.000000000000000000e+00,0.000000000000000000e+00
2.184769007310528366e+01,0.000000000000000000e+00,0.000000000000000000e+00
1.945266339105215181e+01,0.000000000000000000e+00,0.000000000000000000e+00
2.174563743162336493e+01,0.000000000000000000e+00,0.000000000000000000e+00
2.344069109794465788e+01,0.000000000000000000e+00,0.000000000000000000e+00
2.244370497869899950e+01,0.000000000000000000e+00,0.000000000000000000e+00
2.333495353985589560e+01,0.000000000000000000e+00,0.000000000000000000e+00
2.011499924080586510e+01,0.000000000000000000e+00,0.000000000000000000e+00
2.052324983283904558e+01,0.000000000000000000e+00,0.000000000000000000e+00
2.161761640639293702e+01,0.000000000000000000e+00,0.000000000000000000e+00
1.771870286866376176e+01,0.000000000000000000e+00,0.000000000000000000e+00
2.034596902468053159e+01,0.000000000000000000e+00,0.000000000000000000e+00
1.723861722954333686e+01,0.000000000000000000e+00,0.000000000000000000e+00
2.177644998684255384e+01,0.000000000000000000e+00,0.000000000000000000e+00
2.042338269611456880e+01,0.000000000000000000e+00,0.000000000000000000e+00
2.125363308874828405e+01,0.000000000000000000e+00,0.000000000000000000e+00
2.074862141500686263e+01,0.000000000000000000e+00,0.000000000000000000e+00
1.925182099039819761e+01,0.000000000000000000e+00,0.000000000000000000e+00
2.222557391511664804e+01,0.000000000000000000e+00,0.000000000000000000e+00
2.189388913501380429e+01,0.000000000000000000e+00,0.000000000000000000e+00
2.164124124349377354e+01,0.000000000000000000e+00,0.000000000000000000e+00
2.154254802121434764e+01,0.000000000000000000e+00,0.000000000000000000e+00
2.317381175613348177e+01,0.000000000000000000e+00,0.000000000000000000e+00
1.992084057913712769e+01,0.000000000000000000e+00,0.000000000000000000e+00
2.113608674954840438e+01,0.000000000000000000e+00,0.000000000000000000e+00
1.691250720171584021e+01,0.000000000000000000e+00,0.000000000000000000e+00
2.091360659573292224e+01,0.000000000000000000e+00,0.000000000000000000e+00
1.872605989426611828e+01,0.000000000000000000e+00,0.000000000000000000e+00
2.168272392696693984e+01,0.000000000000000000e+00,0.000000000000000000e+00
2.073338114791943454e+01,0.000000000000000000e+00,0.000000000000000000e+00
2.407455710590667763e+01,0.000000000000000000e+00,0.000000000000000000e+00
2.187441188441212248e+01,0.000000000000000000e+00,0.000000000000000000e+00
2.265127608275655291e+01,0.000000000000000000e+00,0.000000000000000000e+00
2.262889515723106726e+01,0.000000000000000000e+00,0.000000000000000000e+00
1.793947119827154779e+01,0.000000000000000000e+00,0.000000000000000000e+00
2.178235864429891677e+01,0.000000000000000000e+00,0.000000000000000000e+00
2.353536692982289225e+01,0.000000000000000000e+00,0.000000000000000000e+00
2.145713908938323655e+01,0.000000000000000000e+00,0.000000000000000000e+00
1.978166872509583385e+01,0.000000000000000000e+00,0.000000000000000000e+00
2.196587364027345046e+01,0.000000000000000000e+00,0.000000000000000000e+00
2.101304655417435541e+01,0.000000000000000000e+00,0.000000000000000000e+00
2.080043989339579014e+01,0.000000000000000000e+00,0.000000000000000000e+00
2.249820318110847950e+01,0.000000000000000000e+00,0.000000000000000000e+00
2.128469417352461335e+01,0.000000000000000000e+00,0.000000000000000000e+00
1.961228548439825303e+01,0.000000000000000000e+00,0.000000000000000000e+00
2.221296756590100685e+01,0.000000000000000000e+00,0.000000000000000000e+00
2.083058182542760051e+01,0.000000000000000000e+00,0.000000000000000000e+00
2.237003284198544506e+01,0.000000000000000000e+00,0.000000000000000000e+00
2.227658764317933660e+01,0.000000000000000000e+00,0.000000000000000000e+00
2.017534064868814170e+01,0.000000000000000000e+00,0.000000000000000000e+00
1.840222391465332663e+01,0.000000000000000000e+00,0.000000000000000000e+00
2.224780720632541531e+01,0.000000000000000000e+00,0.000000000000000000e+00
2.209971728793757961e+01,0.000000000000000000e+00,0.000000000000000000e+00
2.218718646427570107e+01,0.000000000000000000e+00,0.000000000000000000e+00
2.188458155765657409e+01,0.000000000000000000e+00,0.000000000000000000e+00
2.098310378645944141e+01,0.000000000000000000e+00,0.000000000000000000e+00
2.262056877029245072e+01,0.000000000000000000e+00,0.000000000000000000e+00
2.318258895501892525e+01,0.000000000000000000e+00,0.000000000000000000e+00
2.485212344682582497e+01,0.000000000000000000e+00,0.000000000000000000e+00
2.334176579630319637e+01,0.000000000000000000e+00,0.000000000000000000e+00
2.453037612420807179e+01,0.000000000000000000e+00,0.000000000000000000e+00
2.479594728129085723e+01,0.000000000000000000e+00,0.000000000000000000e+00
2.175091913947821354e+01,0.000000000000000000e+00,0.000000000000000000e+00
2.399757529018979341e+01,0.000000000000000000e+00,0.000000000000000000e+00
1.607639659851940550e+01,0.000000000000000000e+00,0.000000000000000000e+00
1.987623260216227195e+01,0.000000000000000000e+00,0.000000000000000000e+00
2.319573362000173944e+01,0.000000000000000000e+00,0.000000000000000000e+00
2.411260139802575253e+01,0.000000000000000000e+00,0.000000000000000000e+00
2.139520431766866437e+01,0.000000000000000000e+00,0.000000000000000000e+00
2.219537801711657821e+01,0.000000000000000000e+00,0.000000000000000000e+00
2.477314803354479267e+01,0.000000000000000000e+00,0.000000000000000000e+00
1.777841195294455900e+01,0.000000000000000000e+00,0.000000000000000000e+00
2.345233269924860764e+01,0.000000000000000000e+00,0.000000000000000000e+00
2.402810440923034463e+01,0.000000000000000000e+00,0.000000000000000000e+00
2.305238514079320566e+01,0.000000000000000000e+00,0.000000000000000000e+00
2.169584125340954017e+01,0.000000000000000000e+00,0.000000000000000000e+00
2.000905406917380347e+01,0.000000000000000000e+00,0.000000000000000000e+00
2.504778170912319624e+01,0.000000000000000000e+00,0.000000000000000000e+00
2.758818533154755315e+01,0.000000000000000000e+00,0.000000000000000000e+00
2.559309682892670423e+01,0.000000000000000000e+00,0.000000000000000000e+00
2.306396696869285634e+01,0.000000000000000000e+00,0.000000000000000000e+00
2.374214323264063609e+01,0.000000000000000000e+00,0.000000000000000000e+00
2.376205120065371901e+01,0.000000000000000000e+00,0.000000000000000000e+00
2.153179983897447869e+01,0.000000000000000000e+00,0.000000000000000000e+00
1.881632768983624615e+01,0.000000000000000000e+00,0.000000000000000000e+00
2.466450266838159422e+01,0.000000000000000000e+00,0.000000000000000000e+00
2.061445020631001057e+01,0.000000000000000000e+00,0.000000000000000000e+00
2.192188846502860500e+01,0.000000000000000000e+00,0.000000000000000000e+00
2.216388722521692856e+01,0.000000000000000000e+00,0.000000000000000000e+00
2.155307146563070475e+01,0.000000000000000000e+00,0.000000000000000000e+00
2.595994872745603743e+01,0.000000000000000000e+00,0.000000000000000000e+00
2.239635819223566315e+01,0.000000000000000000e+00,0.000000000000000000e+00
2.081172825828031847e+01,0.000000000000000000e+00,0.000000000000000000e+00
2.391029586843697530e+01,0.000000000000000000e+00,0.000000000000000000e+00
2.568110373126249257e+01,0.000000000000000000e+00,0.000000000000000000e+00
2.299585732906658819e+01,0.000000000000000000e+00,0.000000000000000000e+00
2.299606137732053668e+01,0.000000000000000000e+00,0.000000000000000000e+00
2.476497556705277603e+01,0.000000000000000000e+00,0.000000000000000000e+00
2.682235667069148377e+01,0.000000000000000000e+00,0.000000000000000000e+00
2.271272259276529937e+01,0.000000000000000000e+00,0.000000000000000000e+00
2.631687812666165982e+01,0.000000000000000000e+00,0.000000000000000000e+00
2.201839606006552685e+01,0.000000000000000000e+00,0.000000000000000000e+00
2.614483445302290576e+01,0.000000000000000000e+00,0.000000000000000000e+00
2.448995700066630832e+01,0.000000000000000000e+00,0.000000000000000000e+00
2.456494688432860585e+01,0.000000000000000000e+00,0.000000000000000000e+00
2.580495498099102392e+01,0.000000000000000000e+00,0.000000000000000000e+00
2.293260674316126213e+01,0.000000000000000000e+00,0.000000000000000000e+00
2.225893721726175656e+01,0.000000000000000000e+00,0.000000000000000000e+00
2.736364719064494722e+01,0.000000000000000000e+00,0.000000000000000000e+00
2.452179041369744539e+01,0.000000000000000000e+00,0.000000000000000000e+00
2.614886934062008450e+01,0.000000000000000000e+00,0.000000000000000000e+00
2.010147422073116985e+01,0.000000000000000000e+00,0.000000000000000000e+00
2.253906286605564446e+01,0.000000000000000000e+00,0.000000000000000000e+00
2.131695251431049343e+01,0.000000000000000000e+00,0.000000000000000000e+00
2.493000496297959145e+01,0.000000000000000000e+00,0.000000000000000000e+00
2.425956308759766955e+01,0.000000000000000000e+00,0.000000000000000000e+00
2.507684311608409189e+01,0.000000000000000000e+00,0.000000000000000000e+00
2.541386124579268824e+01,0.000000000000000000e+00,0.000000000000000000e+00
2.293903594891787634e+01,0.000000000000000000e+00,0.000000000000000000e+00
2.338598574958346177e+01,0.000000000000000000e+00,0.000000000000000000e+00
2.383506539606365493e+01,0.000000000000000000e+00,0.000000000000000000e+00
2.464073188858728969e+01,0.000000000000000000e+00,0.000000000000000000e+00
2.406443205985013734e+01,0.000000000000000000e+00,0.000000000000000000e+00
2.729756414840070278e+01,0.000000000000000000e+00,0.000000000000000000e+00
2.299438293194159755e+01,0.000000000000000000e+00,0.000000000000000000e+00
2.451911342774332780e+01,0.000000000000000000e+00,0.000000000000000000e+00
2.506606587334250946e+01,0.000000000000000000e+00,0.000000000000000000e+00
2.611532475995703351e+01,0.000000000000000000e+00,0.000000000000000000e+00
2.480109454138710134e+01,0.000000000000000000e+00,0.000000000000000000e+00
2.462297967291047129e+01,0.000000000000000000e+00,0.000000000000000000e+00
2.258577767982563245e+01,0.000000000000000000e+00,0.000000000000000000e+00
2.635068852826883301e+01,0.000000000000000000e+00,0.000000000000000000e+00
2.505663772758261132e+01,0.000000000000000000e+00,0.000000000000000000e+00
2.734811537620089084e+01,0.000000000000000000e+00,0.000000000000000000e+00
2.831899673376248572e+01,0.000000000000000000e+00,0.000000000000000000e+00
2.616952602847156939e+01,0.000000000000000000e+00,0.000000000000000000e+00
2.666357402503157203e+01,0.000000000000000000e+00,0.000000000000000000e+00
2.286261177978793668e+01,0.000000000000000000e+00,0.000000000000000000e+00
2.776636653545318723e+01,0.000000000000000000e+00,0.000000000000000000e+00
2.392237292061856380e+01,0.000000000000000000e+00,0.000000000000000000e+00
2.469058142708103887e+01,0.000000000000000000e+00,0.000000000000000000e+00
2.053980880646611240e+01,0.000000000000000000e+00,0.000000000000000000e+00
2.279468371838355267e+01,0.000000000000000000e+00,0.000000000000000000e+00
2.769734180118810585e+01,0.000000000000000000e+00,0.000000000000000000e+00
2.446683656496787052e+01,0.000000000000000000e+00,0.000000000000000000e+00
2.560448486289600822e+01,0.000000000000000000e+00,0.000000000000000000e+00
2.927961790448760127e+01,0.000000000000000000e+00,0.000000000000000000e+00
2.190033892549568861e+01,0.000000000000000000e+00,0.000000000000000000e+00
2.329880971921069843e+01,0.000000000000000000e+00,0.000000000000000000e+00
2.434251639197412231e+01,0.000000000000000000e+00,0.000000000000000000e+00
2.427069448112005290e+01,0.000000000000000000e+00,0.000000000000000000e+00
2.210913996321611918e+01,0.000000000000000000e+00,0.000000000000000000e+00
2.644558495842854384e+01,0.000000000000000000e+00,0.000000000000000000e+00
2.487697365765396995e+01,0.000000000000000000e+00,0.000000000000000000e+00
2.838231701227361725e+01,0.000000000000000000e+00,0.000000000000000000e+00
2.514739984668828754e+01,0.000000000000000000e+00,0.000000000000000000e+00
2.657127612102378222e+01,0.000000000000000000e+00,0.000000000000000000e+00
2.445203925632974418e+01,0.000000000000000000e+00,0.000000000000000000e+00
2.498007261455161299e+01,0.000000000000000000e+00,0.000000000000000000e+00
2.590831733108426249e+01,0.000000000000000000e+00,0.000000000000000000e+00
2.569157170764885834e+01,0.000000000000000000e+00,0.000000000000000000e+00
2.680696628570527906e+01,0.000000000000000000e+00,0.000000000000000000e+00
2.670973734028034130e+01,0.000000000000000000e+00,0.000000000000000000e+00
2.582024332099436137e+01,0.000000000000000000e+00,0.000000000000000000e+00
3.003588642222987204e+01,0.000000000000000000e+00,0.000000000000000000e+00
2.590862979172641545e+01,0.000000000000000000e+00,0.000000000000000000e+00
2.712316298997913222e+01,0.000000000000000000e+00,0.000000000000000000e+00
2.544406984001722805e+01,0.000000000000000000e+00,0.000000000000000000e+00
2.903965113204308324e+01,0.000000000000000000e+00,0.000000000000000000e+00
1.957594757552251963e+01,0.000000000000000000e+00,0.000000000000000000e+00
2.341657957460009953e+01,0.000000000000000000e+00,0.000000000000000000e+00
2.220519465425038064e+01,0.000000000000000000e+00,0.000000000000000000e+00
3.012096147370881383e+01,0.000000000000000000e+00,0.000000000000000000e+00
2.770463456770823285e+01,0.000000000000000000e+00,0.000000000000000000e+00
2.544526389681608336e+01,0.000000000000000000e+00,0.000000000000000000e+00
2.732928929573086663e+01,0.000000000000000000e+00,0.000000000000000000e+00
2.619279306065192969e+01,0.000000000000000000e+00,0.000000000000000000e+00
2.917356420228950498e+01,0.000000000000000000e+00,0.000000000000000000e+00
2.676937234679097699e+01,0.000000000000000000e+00,0.000000000000000000e+00
3.057162055892924357e+01,0.000000000000000000e+00,0.000000000000000000e+00
2.844963373795122408e+01,0.000000000000000000e+00,0.000000000000000000e+00
3.010133444340601727e+01,0.000000000000000000e+00,0.000000000000000000e+00
3.109466115690048582e+01,0.000000000000000000e+00,0.000000000000000000e+00
2.325046671940581788e+01,0.000000000000000000e+00,0.000000000000000000e+00
2.667763584046267766e+01,0.000000000000000000e+00,0.000000000000000000e+00
2.356237896116542530e+01,0.000000000000000000e+00,0.000000000000000000e+00
2.754093951807928420e+01,0.000000000000000000e+00,0.000000000000000000e+00
2.772547943296583028e+01,0.000000000000000000e+00,0.000000000000000000e+00
3.037989486168961406e+01,0.000000000000000000e+00,0.000000000000000000e+00
2.631230667692421221e+01,0.000000000000000000e+00,0.000000000000000000e+00
2.708049454563250791e+01,0.000000000000000000e+00,0.000000000000000000e+00
2.988558690729932010e+01,0.000000000000000000e+00,0.000000000000000000e+00
2.908919276911746010e+01,0.000000000000000000e+00,0.000000000000000000e+00
3.024152823546904401e+01,0.000000000000000000e+00,0.000000000000000000e+00
2.970813412885748050e+01,0.000000000000000000e+00,0.000000000000000000e+00
2.698274397928146939e+01,0.000000000000000000e+00,0.000000000000000000e+00
2.565405554113393549e+01,0.000000000000000000e+00,0.000000000000000000e+00
2.847127413574584054e+01,0.000000000000000000e+00,0.000000000000000000e+00
2.894524475510230843e+01,0.000000000000000000e+00,0.000000000000000000e+00
2.638054049458845185e+01,0.000000000000000000e+00,0.000000000000000000e+00
2.386071361651534062e+01,0.000000000000000000e+00,0.000000000000000000e+00
2.824581464118200458e+01,0.000000000000000000e+00,0.000000000000000000e+00
2.953730961178705883e+01,0.000000000000000000e+00,0.000000000000000000e+00
2.975825109614675057e+01,0.000000000000000000e+00,0.000000000000000000e+00
2.872671638019130214e+01,0.000000000000000000e+00,0.000000000000000000e+00
2.386631265960301818e+01,0.000000000000000000e+00,0.000000000000000000e+00
2.892202062055380196e+01,0.000000000000000000e+00,0.000000000000000000e+00
2.799299091221638847e+01,0.000000000000000000e+00,0.000000000000000000e+00
3.168301212187454752e+01,0.000000000000000000e+00,0.000000000000000000e+00
3.037651530466873595e+01,0.000000000000000000e+00,0.000000000000000000e+00
2.833071623270374673e+01,0.000000000000000000e+00,0.000000000000000000e+00
2.272838126181536467e+01,0.000000000000000000e+00,0.000000000000000000e+00
2.995476575879576941e+01,0.000000000000000000e+00,0.000000000000000000e+00
2.693894837988291258e+01,0.000000000000000000e+00,0.000000000000000000e+00
2.696410370477848062e+01,0.000000000000000000e+00,0.000000000000000000e+00
2.919044890685364990e+01,0.000000000000000000e+00,0.000000000000000000e+00
2.480172243643573182e+01,0.000000000000000000e+00,0.000000000000000000e+00
2.921577570158888904e+01,0.000000000000000000e+00,0.000000000000000000e+00
2.999378469667416525e+01,0.000000000000000000e+00,0.000000000000000000e+00
2.884219070444234490e+01,0.000000000000000000e+00,0.000000000000000000e+00
3.037854497966895906e+01,0.000000000000000000e+00,0.000000000000000000e+00
2.990704514649899437e+01,0.000000000000000000e+00,0.000000000000000000e+00
3.139323355366874324e+01,0.000000000000000000e+00,0.000000000000000000e+00
3.105167242785077519e+01,0.000000000000000000e+00,0.000000000000000000e+00
2.939706366537290094e+01,0.000000000000000000e+00,0.000000000000000000e+00
3.077277902806752508e+01,0.000000000000000000e+00,0.000000000000000000e+00
3.190726432625498177e+01,0.000000000000000000e+00,0.000000000000000000e+00
2.977405862329909070e+01,0.000000000000000000e+00,0.000000000000000000e+00
2.775135933002035671e+01,0.000000000000000000e+00,0.000000000000000000e+00
2.961462388728900663e+01,0.000000000000000000e+00,0.000000000000000000e+00
2.987467967090851317e+01,0.000000000000000000e+00,0.000000000000000000e+00
3.267989237922510171e+01,0.000000000000000000e+00,0.000000000000000000e+00
3.042294123001301287e+01,0.000000000000000000e+00,0.000000000000000000e+00
3.240745796711262727e+01,0.000000000000000000e+00,0.000000000000000000e+00
3.048094257264828499e+01,0.000000000000000000e+00,0.000000000000000000e+00
3.177232273579115329e+01,0.000000000000000000e+00,0.000000000000000000e+00
2.918593303699443808e+01,0.000000000000000000e+00,0.000000000000000000e+00
3.137001817229458567e+01,0.000000000000000000e+00,0.000000000000000000e+00
3.012115587922062687e+01,0.000000000000000000e+00,0.000000000000000000e+00
2.664606300090448698e+01,0.000000000000000000e+00,0.000000000000000000e+00
3.089894959294170107e+01,0.000000000000000000e+00,0.000000000000000000e+00
3.064595480363216140e+01,0.000000000000000000e+00,0.000000000000000000e+00
3.404421115205755655e+01,0.000000000000000000e+00,0.000000000000000000e+00
2.989690354861231469e+01,0.000000000000000000e+00,0.000000000000000000e+00
3.144178536671350699e+01,0.000000000000000000e+00,0.000000000000000000e+00
2.896281698915387537e+01,0.000000000000000000e+00,0.000000000000000000e+00
3.157242340425779759e+01,0.000000000000000000e+00,0.000000000000000000e+00
2.913995359566587950e+01,0.000000000000000000e+00,0.000000000000000000e+00
3.150480815871142326e+01,0.000000000000000000e+00,0.000000000000000000e+00
3.005657919025497549e+01,0.000000000000000000e+00,0.000000000000000000e+00
3.004315854174793543e+01,0.000000000000000000e+00,0.000000000000000000e+00
2.864551363264262207e+01,0.000000000000000000e+00,0.000000000000000000e+00
3.174396460151428911e+01,0.000000000000000000e+00,0.000000000000000000e+00
2.800875557221891299e+01,0.000000000000000000e+00,0.000000000000000000e+00
2.814665049475004110e+01,0.000000000000000000e+00,0.000000000000000000e+00
3.014223399566524364e+01,0.000000000000000000e+00,0.000000000000000000e+00
3.257306937338911013e+01,0.000000000000000000e+00,0.000000000000000000e+00
3.339497449999476686e+01,0.000000000000000000e+00,0.000000000000000000e+00
3.122387274646115074e+01,0.000000000000000000e+00,0.000000000000000000e+00
3.376142093291495883e+01,0.000000000000000000e+00,0.000000000000000000e+00
3.117545126090873708e+01,0.000000000000000000e+00,0.000000000000000000e+00
3.552129625581571304e+01,0.000000000000000000e+00,0.000000000000000000e+00
3.440823111420512959e+01,0.000000000000000000e+00,0.000000000000000000e+00
3.177568892855569160e+01,0.000000000000000000e+00,0.000000000000000000e+00
3.147804113953568006e+01,0.000000000000000000e+00,0.000000000000000000e+00
3.258920832175699900e+01,0.000000000000000000e+00,0.000000000000000000e+00
3.109017074757029064e+01,0.000000000000000000e+00,0.000000000000000000e+00
3.053659982589068989e+01,0.000000000000000000e+00,0.000000000000000000e+00
3.051373931693050778e+01,0.000000000000000000e+00,0.000000000000000000e+00
3.138755372428207835e+01,0.000000000000000000e+00,0.000000000000000000e+00
3.208546506167893853e+01,0.000000000000000000e+00,0.000000000000000000e+00
3.307565162170295991e+01,0.000000000000000000e+00,0.000000000000000000e+00
3.298546211862537803e+01,0.000000000000000000e+00,0.000000000000000000e+00
3.073363061965086729e+01,0.000000000000000000e+00,0.000000000000000000e+00
3.353060395141816485e+01,0.000000000000000000e+00,0.000000000000000000e+00
3.265566900586106414e+01,0.000000000000000000e+00,0.000000000000000000e+00
3.376391658507953508e+01,0.000000000000000000e+00,0.000000000000000000e+00
3.115687073204751201e+01,0.000000000000000000e+00,0.000000000000000000e+00
2.979438406596827349e+01,0.000000000000000000e+00,0.000000000000000000e+00
3.235512695671297223e+01,0.000000000000000000e+00,0.000000000000000000e+00
3.192939365005073782e+01,0.000000000000000000e+00,0.000000000000000000e+00
3.027976892718713131e+01,0.000000000000000000e+00,0.000000000000000000e+00
3.541806085422003747e+01,0.000000000000000000e+00,0.000000000000000000e+00
3.328724382993758724e+01,0.000000000000000000e+00,0.000000000000000000e+00
3.102419577200672762e+01,0.000000000000000000e+00,0.000000000000000000e+00
3.300242418985478565e+01,0.000000000000000000e+00,0.000000000000000000e+00
3.445894952179075688e+01,0.000000000000000000e+00,0.000000000000000000e+00
3.383623140451021527e+01,0.000000000000000000e+00,0.000000000000000000e+00
3.597990968128305411e+01,0.000000000000000000e+00,0.000000000000000000e+00
3.712898632073027727e+01,0.000000000000000000e+00,0.000000000000000000e+00
3.313441744301678682e+01,0.000000000000000000e+00,0.000000000000000000e+00
3.207306042192914219e+01,0.000000000000000000e+00,0.000000000000000000e+00
3.296898618198135011e+01,0.000000000000000000e+00,0.000000000000000000e+00
3.360134454989776032e+01,0.000000000000000000e+00,0.000000000000000000e+00
3.668350803923354420e+01,0.000000000000000000e+00,0.000000000000000000e+00
3.630392180009603464e+01,0.000000000000000000e+00,0.000000000000000000e+00
3.543570287360508786e+01,0.000000000000000000e+00,0.000000000000000000e+00
3.202445836138747381e+01,0.000000000000000000e+00,0.000000000000000000e+00
3.290656581921047774e+01,0.000000000000000000e+00,0.000000000000000000e+00
3.652171458093032896e+01,0.000000000000000000e+00,0.000000000000000000e+00
3.442965823056293573e+01,0.000000000000000000e+00,0.000000000000000000e+00
3.044657030546649068e+01,0.000000000000000000e+00,0.000000000000000000e+00
3.480143915643766661e+01,0.000000000000000000e+00,0.000000000000000000e+00
3.213795213588634425e+01,0.000000000000000000e+00,0.000000000000000000e+00
3.423419059640758633e+01,0.000000000000000000e+00,0.000000000000000000e+00
3.283237597592162160e+01,0.000000000000000000e+00,0.000000000000000000e+00
3.317497969166905136e+01,0.000000000000000000e+00,0.000000000000000000e+00
3.282951412533700619e+01,0.000000000000000000e+00,0.000000000000000000e+00
3.685121891148283879e+01,0.000000000000000000e+00,0.000000000000000000e+00
3.580669001105191995e+01,0.000000000000000000e+00,0.000000000000000000e+00
3.246332387873403746e+01,0.000000000000000000e+00,0.000000000000000000e+00
3.290586568451811189e+01,0.000000000000000000e+00,0.000000000000000000e+00
3.316619909317959980e+01,0.000000000000000000e+00,0.000000000000000000e+00
3.362044126954880596e+01,0.000000000000000000e+00,0.000000000000000000e+00
3.555886343314873699e+01,0.000000000000000000e+00,0.000000000000000000e+00
3.781425216735177486e+01,0.000000000000000000e+00,0.000000000000000000e+00
3.585568190560381652e+01,0.000000000000000000e+00,0.000000000000000000e+00
3.701343809765749171e+01,0.000000000000000000e+00,0.000000000000000000e+00
3.432763329178389000e+01,0.000000000000000000e+00,0.000000000000000000e+00
3.497848965707098756e+01,0.000000000000000000e+00,0.000000000000000000e+00
3.522507896203904210e+01,0.000000000000000000e+00,0.000000000000000000e+00
3.495419232700042755e+01,0.000000000000000000e+00,0.000000000000000000e+00
3.804832181495649479e+01,0.000000000000000000e+00,0.000000000000000000e+00
3.233588830006991799e+01,0.000000000000000000e+00,0.000000000000000000e+00
3.727800837734710626e+01,0.000000000000000000e+00,0.000000000000000000e+00
3.576891590068196081e+01,0.000000000000000000e+00,0.000000000000000000e+00
3.196567273178769142e+01,0.000000000000000000e+00,0.000000000000000000e+00
3.624912631051395095e+01,0.000000000000000000e+00,0.000000000000000000e+00
3.580652947376599826e+01,0.000000000000000000e+00,0.000000000000000000e+00
3.363328465449815496e+01,0.000000000000000000e+00,0.000000000000000000e+00
3.580838931709337913e+01,0.000000000000000000e+00,0.000000000000000000e+00
3.779890991428710834e+01,0.000000000000000000e+00,0.000000000000000000e+00
3.376832609634676885e+01,0.000000000000000000e+00,0.000000000000000000e+00
3.791773977839306298e+01,0.000000000000000000e+00,0.000000000000000000e+00
3.717615509831409781e+01,0.000000000000000000e+00,0.000000000000000000e+00
3.498325582691531110e+01,0.000000000000000000e+00,0.000000000000000000e+00
3.838621645018675821e+01,0.000000000000000000e+00,0.000000000000000000e+00
4.043585077853760623e+01,0.000000000000000000e+00,0.000000000000000000e+00
3.701096064814122855e+01,0.000000000000000000e+00,0.000000000000000000e+00
3.457648391098170038e+01,0.000000000000000000e+00,0.000000000000000000e+00
3.718370816624747022e+01,0.000000000000000000e+00,0.000000000000000000e+00
3.758720256347599076e+01,0.000000000000000000e+00,0.000000000000000000e+00
3.810758148448563531e+01,0.000000000000000000e+00,0.000000000000000000e+00
3.706328277892991707e+01,0.000000000000000000e+00,0.000000000000000000e+00
3.891009248438673751e+01,0.000000000000000000e+00,0.000000000000000000e+00
3.976284688245619492e+01,0.000000000000000000e+00,0.000000000000000000e+00
3.724773486080498230e+01,0.000000000000000000e+00,0.000000000000000000e+00
3.788349123947800479e+01,0.000000000000000000e+00,0.000000000000000000e+00
3.670204094288015284e+01,0.000000000000000000e+00,0.000000000000000000e+00
3.693077230737495142e+01,0.000000000000000000e+00,0.000000000000000000e+00
3.399570068841575932e+01,0.000000000000000000e+00,0.000000000000000000e+00
3.819868830468418963e+01,0.000000000000000000e+00,0.000000000000000000e+00
3.531646342504251379e+01,0.000000000000000000e+00,0.000000000000000000e+00
3.904686119237481279e+01,0.000000000000000000e+00,0.000000000000000000e+00
3.830019997435928758e+01,0.000000000000000000e+00,0.000000000000000000e+00
3.501085446634941434e+01,0.000000000000000000e+00,0.000000000000000000e+00
3.975935019717279317e+01,0.000000000000000000e+00,0.000000000000000000e+00
3.816609980688929937e+01,0.000000000000000000e+00,0.000000000000000000e+00
3.716165255286792046e+01,0.000000000000000000e+00,0.000000000000000000e+00
3.929558644029112457e+01,0.000000000000000000e+00,0.000000000000000000e+00
4.318605708003050125e+01,0.000000000000000000e+00,0.000000000000000000e+00
4.130749033430760164e+01,0.000000000000000000e+00,0.000000000000000000e+00
3.789823431685609023e+01,0.000000000000000000e+00,0.000000000000000000e+00
3.834879684936379363e+01,0.000000000000000000e+00,0.000000000000000000e+00
3.917685065142282497e+01,0.000000000000000000e+00,0.000000000000000000e+00
3.854123479849178580e+01,0.000000000000000000e+00,0.000000000000000000e+00
3.674576370686950355e+01,0.000000000000000000e+00,0.000000000000000000e+00
3.837609864272957338e+01,0.000000000000000000e+00,0.000000000000000000e+00
3.761373085525222137e+01,0.000000000000000000e+00,0.000000000000000000e+00
3.843664286528558449e+01,0.000000000000000000e+00,0.000000000000000000e+00
3.644501231829278254e+01,0.000000000000000000e+00,0.000000000000000000e+00
3.835120117989696809e+01,0.000000000000000000e+00,0.000000000000000000e+00
3.932260020319197480e+01,0.000000000000000000e+00,0.000000000000000000e+00
3.639510164310256357e+01,0.000000000000000000e+00,0.000000000000000000e+00
4.082127205661547009e+01,0.000000000000000000e+00,0.000000000000000000e+00
3.939191046453507994e+01,0.000000000000000000e+00,0.000000000000000000e+00
4.152358783988275803e+01,0.000000000000000000e+00,0.000000000000000000e+00
4.130360015380826866e+01,0.000000000000000000e+00,0.000000000000000000e+00
4.118628134237108895e+01,0.000000000000000000e+00,0.000000000000000000e+00
4.088591603241825112e+01,0.000000000000000000e+00,0.000000000000000000e+00
3.989233134170264350e+01,0.000000000000000000e+00,0.000000000000000000e+00
3.808574836808342212e+01,0.000000000000000000e+00,0.000000000000000000e+00
3.778569749162745950e+01,0.000000000000000000e+00,0.000000000000000000e+00
3.973943200419751065e+01,0.000000000000000000e+00,0.000000000000000000e+00
4.016352588198193274e+01,0.000000000000000000e+00,0.000000000000000000e+00
4.373471339387532453e+01,0.000000000000000000e+00,0.000000000000000000e+00
4.232784814570484855e+01,0.000000000000000000e+00,0.000000000000000000e+00
4.360518183585186591e+01,0.000000000000000000e+00,0.000000000000000000e+00
4.533835385233165738e+01,0.000000000000000000e+00,0.000000000000000000e+00
4.242275571476300655e+01,0.000000000000000000e+00,0.000000000000000000e+00
4.227103130193475522e+01,0.000000000000000000e+00,0.000000000000000000e+00
3.899937527998346809e+01,0.000000000000000000e+00,0.000000000000000000e+00
4.057750611942401520e+01,0.000000000000000000e+00,0.000000000000000000e+00
4.240131952289335260e+01,0.000000000000000000e+00,0.000000000000000000e+00
3.665872041399994430e+01,0.000000000000000000e+00,0.000000000000000000e+00
4.077741020665237670e+01,0.000000000000000000e+00,0.000000000000000000e+00
4.274316482501870951e+01,0.000000000000000000e+00,0.000000000000000000e+00
4.007262015972948177e+01,0.000000000000000000e+00,0.000000000000000000e+00
4.516631050796761571e+01,0.000000000000000000e+00,0.000000000000000000e+00
4.152737875956636060e+01,0.000000000000000000e+00,0.000000000000000000e+00
4.069987034172126528e+01,0.000000000000000000e+00,0.000000000000000000e+00
4.144157706201607283e+01,0.000000000000000000e+00,0.000000000000000000e+00
4.398682182153042675e+01,0.000000000000000000e+00,0.000000000000000000e+00
4.325147691605430822e+01,0.000000000000000000e+00,0.000000000000000000e+00
4.270709364757297521e+01,0.000000000000000000e+00,0.000000000000000000e+00
4.219612655947871360e+01,0.000000000000000000e+00,0.000000000000000000e+00
4.631493034844169188e+01,0.000000000000000000e+00,0.000000000000000000e+00
4.411034690344922637e+01,0.000000000000000000e+00,0.000000000000000000e+00
4.712066612590700743e+01,0.000000000000000000e+00,0.000000000000000000e+00
4.503542151279636840e+01,0.000000000000000000e+00,0.000000000000000000e+00
4.165256580886646276e+01,0.000000000000000000e+00,0.000000000000000000e+00
4.542310929923090868e+01,0.000000000000000000e+00,0.000000000000000000e+00
3.872258715771037885e+01,0.000000000000000000e+00,0.000000000000000000e+00
4.239536199051003962e+01,0.000000000000000000e+00,0.000000000000000000e+00
4.179059323664596093e+01,0.000000000000000000e+00,0.000000000000000000e+00
4.110028153378092242e+01,0.000000000000000000e+00,0.000000000000000000e+00
4.044598651055669336e+01,0.000000000000000000e+00,0.000000000000000000e+00
3.932153460308668969e+01,0.000000000000000000e+00,0.000000000000000000e+00
4.339651910945996605e+01,0.000000000000000000e+00,0.000000000000000000e+00
3.992826427890828000e+01,0.000000000000000000e+00,0.000000000000000000e+00
4.308513830019107615e+01,0.000000000000000000e+00,0.000000000000000000e+00
4.739700024576416837e+01,0.000000000000000000e+00,0.000000000000000000e+00
4.219952198615618499e+01,0.000000000000000000e+00,0.000000000000000000e+00
4.514628580434993665e+01,0.000000000000000000e+00,0.000000000000000000e+00
4.277685732143035580e+01,0.000000000000000000e+00,0.000000000000000000e+00
4.635048051852422191e+01,0.000000000000000000e+00,0.000000000000000000e+00
4.366108878899077439e+01,0.000000000000000000e+00,0.000000000000000000e+00
4.301743214288840278e+01,0.000000000000000000e+00,0.000000000000000000e+00
4.146447813505973556e+01,0.000000000000000000e+00,0.000000000000000000e+00
4.220926832140034435e+01,0.000000000000000000e+00,0.000000000000000000e+00
4.311839109950913240e+01,0.000000000000000000e+00,0.000000000000000000e+00
4.456244050433948445e+01,0.000000000000000000e+00,0.000000000000000000e+00
4.285883342329010759e+01,0.000000000000000000e+00,0.000000000000000000e+00
4.128119297992996906e+01,0.000000000000000000e+00,0.000000000000000000e+00
4.675108353225900260e+01,0.000000000000000000e+00,0.000000000000000000e+00
4.431248958972953744e+01,0.000000000000000000e+00,0.000000000000000000e+00
4.247560838041437847e+01,0.000000000000000000e+00,0.000000000000000000e+00
4.243983184806779008e+01,0.000000000000000000e+00,0.000000000000000000e+00
4.120559115978240783e+01,0.000000000000000000e+00,0.000000000000000000e+00
4.399678424090316042e+01,0.000000000000000000e+00,0.000000000000000000e+00
4.711619332787083891e+01,0.000000000000000000e+00,0.000000000000000000e+00
4.549831079925463939e+01,0.000000000000000000e+00,0.000000000000000000e+00
4.265561597379645775e+01,0.000000000000000000e+00,0.000000000000000000e+00
4.696830102488866743e+01,0.000000000000000000e+00,0.000000000000000000e+00
4.694185282794250469e+01,0.000000000000000000e+00,0.000000000000000000e+00
4.834213675721466075e+01,0.000000000000000000e+00,0.000000000000000000e+00
4.877272204358805396e+01,0.000000000000000000e+00,0.000000000000000000e+00
4.462564286595662821e+01,0.000000000000000000e+00,0.000000000000000000e+00
4.285944393713243983e+01,0.000000000000000000e+00,0.000000000000000000e+00
4.572119950917104347e+01,0.000000000000000000e+00,0.000000000000000000e+00
4.360466090139997419e+01,0.000000000000000000e+00,0.000000000000000000e+00
4.704456068812694980e+01,0.000000000000000000e+00,0.000000000000000000e+00
4.802602644816938238e+01,0.000000000000000000e+00,0.000000000000000000e+00
4.780238990181352676e+01,0.000000000000000000e+00,0.000000000000000000e+00
4.584373810654556536e+01,0.000000000000000000e+00,0.000000000000000000e+00
4.649197770497507065e+01,0.000000000000000000e+00,0.000000000000000000e+00
4.590654337646039806e+01,0.000000000000000000e+00,0.000000000000000000e+00
4.306096277594651411e+01,0.000000000000000000e+00,0.000000000000000000e+00
4.577237934189352586e+01,0.000000000000000000e+00,0.000000000000000000e+00
4.662230330074163476e+01,0.000000000000000000e+00,0.000000000000000000e+00
4.748553580783762129e+01,0.000000000000000000e+00,0.000000000000000000e+00
4.380083467222323890e+01,0.000000000000000000e+00,0.000000000000000000e+00
4.875822236370050433e+01,0.000000000000000000e+00,0.000000000000000000e+00
5.044209121788766481e+01,0.000000000000000000e+00,0.000000000000000000e+00
4.596686507955811152e+01,0.000000000000000000e+00,0.000000000000000000e+00
5.020605485212693964e+01,0.000000000000000000e+00,0.000000000000000000e+00
4.916195597588466626e+01,0.000000000000000000e+00,0.000000000000000000e+00
4.544545490434621371e+01,0.000000000000000000e+00,0.000000000000000000e+00
4.990054220878808167e+01,0.000000000000000000e+00,0.000000000000000000e+00
4.843941446412405583e+01,0.000000000000000000e+00,0.000000000000000000e+00
4.650331946955905238e+01,0.000000000000000000e+00,0.000000000000000000e+00
4.976724766092233665e+01,0.000000000000000000e+00,0.000000000000000000e+00
4.896661499528904216e+01,0.000000000000000000e+00,0.000000000000000000e+00
4.767149308424856002e+01,0.000000000000000000e+00,0.000000000000000000e+00
5.176617172727539895e+01,0.000000000000000000e+00,0.000000000000000000e+00
5.018136983477229052e+01,0.000000000000000000e+00,0.000000000000000000e+00
5.046158775782794237e+01,0.000000000000000000e+00,0.000000000000000000e+00
4.730809106219410154e+01,0.000000000000000000e+00,0.000000000000000000e+00
4.737079161454872889e+01,0.000000000000000000e+00,0.000000000000000000e+00
4.632108252686418126e+01,0.000000000000000000e+00,0.000000000000000000e+00
4.729105975030857678e+01,0.000000000000000000e+00,0.000000000000000000e+00
4.967151180154442613e+01,0.000000000000000000e+00,0.000000000000000000e+00
4.814138752707053470e+01,0.000000000000000000e+00,0.000000000000000000e+00
5.089350568671995489e+01,0.000000000000000000e+00,0.000000000000000000e+00
4.709710891752598627e+01,0.000000000000000000e+00,0.000000000000000000e+00
4.742641235271202760e+01,0.000000000000000000e+00,0.000000000000000000e+00
4.888727695684988817e+01,0.000000000000000000e+00,0.000000000000000000e+00
4.945962425138589680e+01,0.000000000000000000e+00,0.000000000000000000e+00
5.209052647790836232e+01,0.000000000000000000e+00,0.000000000000000000e+00
4.660243637647106141e+01,0.000000000000000000e+00,0.000000000000000000e+00
4.899257206255569486e+01,0.000000000000000000e+00,0.000000000000000000e+00
4.770565095299217973e+01,0.000000000000000000e+00,0.000000000000000000e+00
4.730325279759805568e+01,0.000000000000000000e+00,0.000000000000000000e+00
4.822261491883092077e+01,0.000000000000000000e+00,0.000000000000000000e+00
4.601204509221476968e+01,0.000000000000000000e+00,0.000000000000000000e+00
4.787980066200294260e+01,0.000000000000000000e+00,0.000000000000000000e+00
5.047497763702533291e+01,0.000000000000000000e+00,0.000000000000000000e+00
4.947507773656496255e+01,0.000000000000000000e+00,0.000000000000000000e+00
4.858848532433035672e+01,0.000000000000000000e+00,0.000000000000000000e+00
5.007150059226286487e+01,0.000000000000000000e+00,0.000000000000000000e+00
5.076709816040863643e+01,0.000000000000000000e+00,0.000000000000000000e+00
4.909017815390984651e+01,0.000000000000000000e+00,0.000000000000000000e+00
4.956812399908705657e+01,0.000000000000000000e+00,0.000000000000000000e+00
4.886532036121494116e+01,0.000000000000000000e+00,0.000000000000000000e+00
5.066132652879136344e+01,0.000000000000000000e+00,0.000000000000000000e+00
4.732298019183944149e+01,0.000000000000000000e+00,0.000000000000000000e+00
4.540769336396763833e+01,0.000000000000000000e+00,0.000000000000000000e+00
5.252711621089460436e+01,0.000000000000000000e+00,0.000000000000000000e+00
5.285176327175030053e+01,0.000000000000000000e+00,0.000000000000000000e+00
5.184637103109224654e+01,0.000000000000000000e+00,0.000000000000000000e+00
5.232522130106312375e+01,0.000000000000000000e+00,0.000000000000000000e+00
5.138055101541165470e+01,0.000000000000000000e+00,0.000000000000000000e+00
4.659910731376750448e+01,0.000000000000000000e+00,0.000000000000000000e+00
4.973281709199741840e+01,0.000000000000000000e+00,0.000000000000000000e+00
5.366087359301756976e+01,0.000000000000000000e+00,0.000000000000000000e+00
5.089242220543435735e+01,0.000000000000000000e+00,0.000000000000000000e+00
5.158935455821372074e+01,0.000000000000000000e+00,0.000000000000000000e+00
5.201107781755609949e+01,0.000000000000000000e+00,0.000000000000000000e+00
5.049381535399728449e+01,0.000000000000000000e+00,0.000000000000000000e+00
5.527940985922451489e+01,0.000000000000000000e+00,0.000000000000000000e+00
4.837231995037203802e+01,0.000000000000000000e+00,0.000000000000000000e+00
4.890948756178266876e+01,0.000000000000000000e+00,0.000000000000000000e+00
5.222304292748120957e+01,0.000000000000000000e+00,0.000000000000000000e+00
5.281032437221234943e+01,0.000000000000000000e+00,0.000000000000000000e+00
5.096932900687916401e+01,0.000000000000000000e+00,0.000000000000000000e+00
5.060480818240782241e+01,0.000000000000000000e+00,0.000000000000000000e+00
5.108736541423412092e+01,0.000000000000000000e+00,0.000000000000000000e+00
5.029420638343328420e+01,0.000000000000000000e+00,0.000000000000000000e+00
5.136431477284938296e+01,0.000000000000000000e+00,0.000000000000000000e+00
5.167040947435347675e+01,0.000000000000000000e+00,0.000000000000000000e+00
5.388383356255272361e+01,0.000000000000000000e+00,0.000000000000000000e+00
5.118372131217432042e+01,0.000000000000000000e+00,0.000000000000000000e+00
4.944846834348822995e+01,0.000000000000000000e+00,0.000000000000000000e+00
5.168841460944958044e+01,0.000000000000000000e+00,0.000000000000000000e+00
5.161613344303364670e+01,0.000000000000000000e+00,0.000000000000000000e+00
4.851085469400518235e+01,0.000000000000000000e+00,0.000000000000000000e+00
5.191536391964319819e+01,0.000000000000000000e+00,0.000000000000000000e+00
5.458119114238783709e+01,0.000000000000000000e+00,0.000000000000000000e+00
5.556114606405961354e+01,0.000000000000000000e+00,0.000000000000000000e+00
5.234158577970261916e+01,0.000000000000000000e+00,0.000000000000000000e+00
5.359182880157865725e+01,0.000000000000000000e+00,0.000000000000000000e+00
5.306578027609715065e+01,0.000000000000000000e+00,0.000000000000000000e+00
5.237410979122587662e+01,0.000000000000000000e+00,0.000000000000000000e+00
5.288014363082172054e+01,0.000000000000000000e+00,0.000000000000000000e+00
5.155187006396801763e+01,0.000000000000000000e+00,0.000000000000000000e+00
5.712078126259050492e+01,0.000000000000000000e+00,0.000000000000000000e+00
5.285535002132437654e+01,0.000000000000000000e+00,0.000000000000000000e+00
5.210091605012581084e+01,0.000000000000000000e+00,0.000000000000000000e+00
5.461065188985742935e+01,0.000000000000000000e+00,0.000000000000000000e+00
5.426425368304104069e+01,0.000000000000000000e+00,0.000000000000000000e+00
5.165027594167681002e+01,0.000000000000000000e+00,0.000000000000000000e+00
5.443136998288631645e+01,0.000000000000000000e+00,0.000000000000000000e+00
5.500094825723876113e+01,0.000000000000000000e+00,0.000000000000000000e+00
5.558773970012727261e+01,0.000000000000000000e+00,0.000000000000000000e+00
5.800986236276585828e+01,0.000000000000000000e+00,0.000000000000000000e+00
5.358659170594082610e+01,0.000000000000000000e+00,0.000000000000000000e+00
5.433244203413154594e+01,0.000000000000000000e+00,0.000000000000000000e+00
5.281599395548671083e+01,0.000000000000000000e+00,0.000000000000000000e+00
5.441610095030929273e+01,0.000000000000000000e+00,0.000000000000000000e+00
5.414636130970586692e+01,0.000000000000000000e+00,0.000000000000000000e+00
5.503378057692526681e+01,0.000000000000000000e+00,0.000000000000000000e+00
5.708352962682310050e+01,0.000000000000000000e+00,0.000000000000000000e+00
5.595514295449693520e+01,0.000000000000000000e+00,0.000000000000000000e+00
5.597234188850168124e+01,0.000000000000000000e+00,0.000000000000000000e+00
5.419173477875368405e+01,0.000000000000000000e+00,0.000000000000000000e+00
5.681931377691813623e+01,0.000000000000000000e+00,0.000000000000000000e+00
5.465177300237176183e+01,0.000000000000000000e+00,0.000000000000000000e+00
5.655704807582669957e+01,0.000000000000000000e+00,0.000000000000000000e+00
5.756326927326661291e+01,0.000000000000000000e+00,0.000000000000000000e+00
5.574381551150657543e+01,0.000000000000000000e+00,0.000000000000000000e+00
5.487674648897770879e+01,0.000000000000000000e+00,0.000000000000000000e+00
5.479772963612921899e+01,0.000000000000000000e+00,0.000000000000000000e+00
5.965049283009857106e+01,0.000000000000000000e+00,0.000000000000000000e+00
5.569899375481152504e+01,0.000000000000000000e+00,0.000000000000000000e+00
5.608943021947201402e+01,0.000000000000000000e+00,0.000000000000000000e+00
5.608400065540778456e+01,0.000000000000000000e+00,0.000000000000000000e+00
5.801365856365081441e+01,0.000000000000000000e+00,0.000000000000000000e+00
5.408423628950961159e+01,0.000000000000000000e+00,0.000000000000000000e+00
5.333308377402583744e+01,0.000000000000000000e+00,0.000000000000000000e+00
5.829332681071548450e+01,0.000000000000000000e+00,0.000000000000000000e+00
5.679097848423442230e+01,0.000000000000000000e+00,0.000000000000000000e+00
5.388188482435336368e+01,0.000000000000000000e+00,0.000000000000000000e+00
5.439655545373993561e+01,0.000000000000000000e+00,0.000000000000000000e+00
5.812532965333471680e+01,0.000000000000000000e+00,0.000000000000000000e+00
5.687219483433341338e+01,0.000000000000000000e+00,0.000000000000000000e+00
5.583594666018338160e+01,0.000000000000000000e+00,0.000000000000000000e+00
5.548624739749904222e+01,0.000000000000000000e+00,0.000000000000000000e+00
5.765326401911154619e+01,0.000000000000000000e+00,0.000000000000000000e+00
5.975099935104270088e+01,0.000000000000000000e+00,0.000000000000000000e+00
5.545233926500819166e+01,0.000000000000000000e+00,0.000000000000000000e+00
5.627213076251573654e+01,0.000000000000000000e+00,0.000000000000000000e+00
6.148638778017640760e+01,0.000000000000000000e+00,0.000000000000000000e+00
5.959469525867984885e+01,0.000000000000000000e+00,0.000000000000000000e+00
5.453047099608198778e+01,0.000000000000000000e+00,0.000000000000000000e+00
5.892430164289249461e+01,0.000000000000000000e+00,0.000000000000000000e+00
5.638206081872944253e+01,0.000000000000000000e+00,0.000000000000000000e+00
5.799957410170612349e+01,0.000000000000000000e+00,0.000000000000000000e+00
5.455931887273319347e+01,0.000000000000000000e+00,0.000000000000000000e+00
5.946629046988633149e+01,0.000000000000000000e+00,0.000000000000000000e+00
6.177794494682729720e+01,0.000000000000000000e+00,0.000000000000000000e+00
5.739630943925291717e+01,0.000000000000000000e+00,0.000000000000000000e+00
5.504318516228675406e+01,0.000000000000000000e+00,0.000000000000000000e+00
5.705634484306577292e+01,0.000000000000000000e+00,0.000000000000000000e+00
5.831332999167475606e+01,0.000000000000000000e+00,0.000000000000000000e+00
6.100258492957642176e+01,0.000000000000000000e+00,0.000000000000000000e+00
5.919844794122453635e+01,0.000000000000000000e+00,0.000000000000000000e+00
6.011226408904741447e+01,0.000000000000000000e+00,0.000000000000000000e+00
5.803789962352590237e+01,0.000000000000000000e+00,0.000000000000000000e+00
6.244193865492738382e+01,0.000000000000000000e+00,0.000000000000000000e+00
5.870976608352980719e+01,0.000000000000000000e+00,0.000000000000000000e+00
5.994672836068629351e+01,0.000000000000000000e+00,0.000000000000000000e+00
5.959773007404323408e+01,0.000000000000000000e+00,0.000000000000000000e+00
5.700007860749376931e+01,0.000000000000000000e+00,0.000000000000000000e+00
5.595474326590935021e+01,0.000000000000000000e+00,0.000000000000000000e+00
5.811727733498533865e+01,0.000000000000000000e+00,0.000000000000000000e+00
5.746216277393035909e+01,0.000000000000000000e+00,0.000000000000000000e+00
5.513051998337847692e+01,0.000000000000000000e+00,0.000000000000000000e+00
6.137656969446956623e+01,0.000000000000000000e+00,0.000000000000000000e+00
6.060820956956482775e+01,0.000000000000000000e+00,0.000000000000000000e+00
6.265891703375663013e+01,0.000000000000000000e+00,0.000000000000000000e+00
5.875686893229724461e+01,0.000000000000000000e+00,0.000000000000000000e+00
6.041738834615082965e+01,0.000000000000000000e+00,0.000000000000000000e+00
5.934730131220906912e+01,0.000000000000000000e+00,0.000000000000000000e+00
5.915770489718853042e+01,0.000000000000000000e+00,0.000000000000000000e+00
6.302490633393242803e+01,0.000000000000000000e+00,0.000000000000000000e+00
6.108890519216890169e+01,0.000000000000000000e+00,0.000000000000000000e+00
5.955959796727135824e+01,0.000000000000000000e+00,0.000000000000000000e+00
5.786422977835933779e+01,0.000000000000000000e+00,0.000000000000000000e+00
6.027692661116859085e+01,0.000000000000000000e+00,0.000000000000000000e+00
6.346978822654996577e+01,0.000000000000000000e+00,0.000000000000000000e+00
6.164924682998752559e+01,0.000000000000000000e+00,0.000000000000000000e+00
6.145623102108823588e+01,0.000000000000000000e+00,0.000000000000000000e+00
5.970899375824545530e+01,0.000000000000000000e+00,0.000000000000000000e+00
6.361021340484379749e+01,0.000000000000000000e+00,0.000000000000000000e+00
6.182714555734833084e+01,0.000000000000000000e+00,0.000000000000000000e+00
6.296318629796009247e+01,0.000000000000000000e+00,0.000000000000000000e+00
5.733843886190831540e+01,0.000000000000000000e+00,0.000000000000000000e+00
5.794789992843271165e+01,0.000000000000000000e+00,0.000000000000000000e+00
5.920876165568897420e+01,0.000000000000000000e+00,0.000000000000000000e+00
6.003584571082603816e+01,0.000000000000000000e+00,0.000000000000000000e+00
6.189032177546393143e+01,0.000000000000000000e+00,0.000000000000000000e+00
6.135302314266381529e+01,0.000000000000000000e+00,0.000000000000000000e+00
6.125766778919835787e+01,0.000000000000000000e+00,0.000000000000000000e+00
6.029707128715431708e+01,0.000000000000000000e+00,0.000000000000000000e+00
6.218634366556424453e+01,0.000000000000000000e+00,0.000000000000000000e+00
6.147689161776502687e+01,0.000000000000000000e+00,0.000000000000000000e+00
6.122812162951250059e+01,0.000000000000000000e+00,0.000000000000000000e+00
5.886675863927196417e+01,0.000000000000000000e+00,0.000000000000000000e+00
6.512299770080147709e+01,0.000000000000000000e+00,0.000000000000000000e+00
6.158094348999924250e+01,0.000000000000000000e+00,0.000000000000000000e+00
6.338254644669743954e+01,0.000000000000000000e+00,0.000000000000000000e+00
6.288852607326642641e+01,0.000000000000000000e+00,0.000000000000000000e+00
6.279383318646663525e+01,0.000000000000000000e+00,0.000000000000000000e+00
6.299933788492901243e+01,0.000000000000000000e+00,0.000000000000000000e+00
5.921263426064838598e+01,0.000000000000000000e+00,0.000000000000000000e+00
6.563914516459772130e+01,0.000000000000000000e+00,0.000000000000000000e+00
6.177563670669163542e+01,0.000000000000000000e+00,0.000000000000000000e+00
6.188594530569162799e+01,0.000000000000000000e+00,0.000000000000000000e+00
6.430359026971625269e+01,0.000000000000000000e+00,0.000000000000000000e+00
6.307912580608945774e+01,0.000000000000000000e+00,0.000000000000000000e+00
6.265550887178172701e+01,0.000000000000000000e+00,0.000000000000000000e+00
6.033068320542812302e+01,0.000000000000000000e+00,0.000000000000000000e+00
6.439408669190524392e+01,0.000000000000000000e+00,0.000000000000000000e+00
6.463712631387265617e+01,0.000000000000000000e+00,0.000000000000000000e+00
5.955821349110570395e+01,0.000000000000000000e+00,0.000000000000000000e+00
6.509575337018726771e+01,0.000000000000000000e+00,0.000000000000000000e+00
6.121521663758957743e+01,0.000000000000000000e+00,0.000000000000000000e+00
6.302486524804564283e+01,0.000000000000000000e+00,0.000000000000000000e+00
6.425219016675706030e+01,0.000000000000000000e+00,0.000000000000000000e+00
6.470389194047960757e+01,0.000000000000000000e+00,0.000000000000000000e+00
6.375570484221965728e+01,0.000000000000000000e+00,0.000000000000000000e+00
6.618732273228020802e+01,0.000000000000000000e+00,0.000000000000000000e+00
6.444347593685137099e+01,0.000000000000000000e+00,0.000000000000000000e+00
6.375977446444777286e+01,0.000000000000000000e+00,0.000000000000000000e+00
6.438086805669099988e+01,0.000000000000000000e+00,0.000000000000000000e+00
6.579904445576643468e+01,0.000000000000000000e+00,0.000000000000000000e+00
6.334223324518890053e+01,0.000000000000000000e+00,0.000000000000000000e+00
6.434067692695280982e+01,0.000000000000000000e+00,0.000000000000000000e+00
6.365539765886465773e+01,0.000000000000000000e+00,0.000000000000000000e+00
6.343191836642337478e+01,0.000000000000000000e+00,0.000000000000000000e+00
6.601702042598347475e+01,0.000000000000000000e+00,0.000000000000000000e+00
6.187405061389254968e+01,0.000000000000000000e+00,0.000000000000000000e+00
6.619700643247504956e+01,0.000000000000000000e+00,0.000000000000000000e+00
6.312842174173849941e+01,0.000000000000000000e+00,0.000000000000000000e+00
6.387286747507504003e+01,0.000000000000000000e+00,0.000000000000000000e+00
6.269410285196391897e+01,0.000000000000000000e+00,0.000000000000000000e+00
6.408558130728934543e+01,0.000000000000000000e+00,0.000000000000000000e+00
6.087299591172715196e+01,0.000000000000000000e+00,0.000000000000000000e+00
6.794775911764315879e+01,0.000000000000000000e+00,0.000000000000000000e+00
6.649024948440435878e+01,0.000000000000000000e+00,0.000000000000000000e+00
6.607797415947310071e+01,0.000000000000000000e+00,0.000000000000000000e+00
6.777681895008643664e+01,0.000000000000000000e+00,0.000000000000000000e+00
6.527473984778200133e+01,0.000000000000000000e+00,0.000000000000000000e+00
6.245148308334848508e+01,0.000000000000000000e+00,0.000000000000000000e+00
6.349261027405109559e+01,0.000000000000000000e+00,0.000000000000000000e+00
6.079137275081254188e+01,0.000000000000000000e+00,0.000000000000000000e+00
6.427158443827910617e+01,0.000000000000000000e+00,0.000000000000000000e+00
6.305241253521403166e+01,0.000000000000000000e+00,0.000000000000000000e+00
6.516502429527496076e+01,0.000000000000000000e+00,0.000000000000000000e+00
6.781680618102170399e+01,0.000000000000000000e+00,0.000000000000000000e+00
6.924576424513946904e+01,0.000000000000000000e+00,0.000000000000000000e+00
6.452424124673967754e+01,0.000000000000000000e+00,0.000000000000000000e+00
6.414827843500962956e+01,0.000000000000000000e+00,0.000000000000000000e+00
6.815066281042498986e+01,0.000000000000000000e+00,0.000000000000000000e+00
6.481292530782357630e+01,0.000000000000000000e+00,0.000000000000000000e+00
6.572871084059910629e+01,0.000000000000000000e+00,0.000000000000000000e+00
6.586722531633208177e+01,0.000000000000000000e+00,0.000000000000000000e+00
6.509659406016845651e+01,0.000000000000000000e+00,0.000000000000000000e+00
6.636689733307328254e+01,0.000000000000000000e+00,0.000000000000000000e+00
6.661027492400226890e+01,0.000000000000000000e+00,0.000000000000000000e+00
6.334015785758612083e+01,0.000000000000000000e+00,0.000000000000000000e+00
6.979812716771199632e+01,0.000000000000000000e+00,0.000000000000000000e+00
6.724870171574497135e+01,0.000000000000000000e+00,0.000000000000000000e+00
6.163704330302638112e+01,0.000000000000000000e+00,0.000000000000000000e+00
6.473516592048399332e+01,0.000000000000000000e+00,0.000000000000000000e+00
6.636228560816427091e+01,0.000000000000000000e+00,0.000000000000000000e+00
6.731251756871795067e+01,0.000000000000000000e+00,0.000000000000000000e+00
6.577960147098511356e+01,0.000000000000000000e+00,0.000000000000000000e+00
6.489691378492129559e+01,0.000000000000000000e+00,0.000000000000000000e+00
6.992460829196993188e+01,0.000000000000000000e+00,0.000000000000000000e+00
6.679998403259624240e+01,0.000000000000000000e+00,0.000000000000000000e+00
6.652751578079072203e+01,0.000000000000000000e+00,0.000000000000000000e+00
6.866065757377090506e+01,0.000000000000000000e+00,0.000000000000000000e+00
6.878164288367675283e+01,0.000000000000000000e+00,0.000000000000000000e+00
6.703085975488222914e+01,0.000000000000000000e+00,0.000000000000000000e+00
7.017377641816975142e+01,0.000000000000000000e+00,0.000000000000000000e+00
6.769137403300804579e+01,0.000000000000000000e+00,0.000000000000000000e+00
6.662287484755182732e+01,0.000000000000000000e+00,0.000000000000000000e+00
6.860108911613835403e+01,0.000000000000000000e+00,0.000000000000000000e+00
6.982114138456564945e+01,0.000000000000000000e+00,0.000000000000000000e+00
6.588868419655845798e+01,0.000000000000000000e+00,0.000000000000000000e+00
7.188891121705412957e+01,0.000000000000000000e+00,0.000000000000000000e+00
6.873234736979927106e+01,0.000000000000000000e+00,0.000000000000000000e+00
6.863235754746744988e+01,0.000000000000000000e+00,0.000000000000000000e+00
6.676361703453420660e+01,0.000000000000000000e+00,0.000000000000000000e+00
6.651776761920581293e+01,0.000000000000000000e+00,0.000000000000000000e+00
6.633754882140458164e+01,0.000000000000000000e+00,0.000000000000000000e+00
6.874430142920540732e+01,0.000000000000000000e+00,0.000000000000000000e+00
6.785019461525681095e+01,0.000000000000000000e+00,0.000000000000000000e+00
6.447708118937161714e+01,0.000000000000000000e+00,0.000000000000000000e+00
6.646458109135373604e+01,0.000000000000000000e+00,0.000000000000000000e+00
6.912112783799067017e+01,0.000000000000000000e+00,0.000000000000000000e+00
6.567129672085290792e+01,0.000000000000000000e+00,0.000000000000000000e+00
6.665240702492097569e+01,0.000000000000000000e+00,0.000000000000000000e+00
6.810739795986773970e+01,0.000000000000000000e+00,0.000000000000000000e+00
6.961040879364965406e+01,0.000000000000000000e+00,0.000000000000000000e+00
6.686586322083596201e+01,0.000000000000000000e+00,0.000000000000000000e+00
6.817050105874039900e+01,0.000000000000000000e+00,0.000000000000000000e+00
6.930376715215564332e+01,0.000000000000000000e+00,0.000000000000000000e+00
6.695278750718848926e+01,0.000000000000000000e+00,0.000000000000000000e+00
7.032368682754348299e+01,0.000000000000000000e+00,0.000000000000000000e+00
6.923380377120233220e+01,0.000000000000000000e+00,0.000000000000000000e+00
7.126156480733358478e+01,0.000000000000000000e+00,0.000000000000000000e+00
6.736878512801355612e+01,0.000000000000000000e+00,0.000000000000000000e+00
7.256084225373621166e+01,0.000000000000000000e+00,0.000000000000000000e+00
6.735769045651163367e+01,0.000000000000000000e+00,0.000000000000000000e+00
6.786507939541657208e+01,0.000000000000000000e+00,0.000000000000000000e+00
6.864283133196526876e+01,0.000000000000000000e+00,0.000000000000000000e+00
6.995629455277345699e+01,0.000000000000000000e+00,0.000000000000000000e+00
7.023617737584099530e+01,0.000000000000000000e+00,0.000000000000000000e+00
6.942658327841898824e+01,0.000000000000000000e+00,0.000000000000000000e+00
6.978339283049226083e+01,0.000000000000000000e+00,0.000000000000000000e+00
7.015599909142697754e+01,0.000000000000000000e+00,0.000000000000000000e+00
6.815348344834535510e+01,0.000000000000000000e+00,0.000000000000000000e+00
6.851584241299318023e+01,0.000000000000000000e+00,0.000000000000000000e+00
7.021891556930511058e+01,0.000000000000000000e+00,0.000000000000000000e+00
6.797634728494642786e+01,0.000000000000000000e+00,0.000000000000000000e+00
7.097301648731779267e+01,0.000000000000000000e+00,0.000000000000000000e+00
6.638229495254067558e+01,0.000000000000000000e+00,0.000000000000000000e+00
7.037668679709695141e+01,0.000000000000000000e+00,0.000000000000000000e+00
7.181885359471252173e+01,0.000000000000000000e+00,0.000000000000000000e+00
7.029467042780103725e+01,0.000000000000000000e+00,0.000000000000000000e+00
7.244539661218759363e+01,0.000000000000000000e+00,0.000000000000000000e+00
7.099029928024030767e+01,0.000000000000000000e+00,0.000000000000000000e+00
6.902958156858669270e+01,0.000000000000000000e+00,0.000000000000000000e+00
6.889968197309029563e+01,0.000000000000000000e+00,0.000000000000000000e+00
6.704542812530263518e+01,0.000000000000000000e+00,0.000000000000000000e+00
6.821216855465564777e+01,0.000000000000000000e+00,0.000000000000000000e+00
6.991095633813695542e+01,0.000000000000000000e+00,0.000000000000000000e+00
6.960516531435791876e+01,0.000000000000000000e+00,0.000000000000000000e+00
7.181183460265548035e+01,0.000000000000000000e+00,0.000000000000000000e+00
7.112902998090025619e+01,0.000000000000000000e+00,0.000000000000000000e+00
7.024371044769567618e+01,0.000000000000000000e+00,0.000000000000000000e+00
6.785769935464719538e+01,0.000000000000000000e+00,0.000000000000000000e+00
7.241733785394096401e+01,0.000000000000000000e+00,0.000000000000000000e+00
7.057470139189895519e+01,0.000000000000000000e+00,0.000000000000000000e+00
7.193316644313446773e+01,0.000000000000000000e+00,0.000000000000000000e+00
7.136828145813443314e+01,0.000000000000000000e+00,0.000000000000000000e+00
7.088385751790647760e+01,0.000000000000000000e+00,0.000000000000000000e+00
7.118097536899911404e+01,0.000000000000000000e+00,0.000000000000000000e+00
7.067831060877460914e+01,0.000000000000000000e+00,0.000000000000000000e+00
7.318136318649898442e+01,0.000000000000000000e+00,0.000000000000000000e+00
6.951446760024241200e+01,0.000000000000000000e+00,0.000000000000000000e+00
7.364006718763459958e+01,0.000000000000000000e+00,0.000000000000000000e+00
7.166042156290788512e+01,0.000000000000000000e+00,0.000000000000000000e+00
7.283815331414872674e+01,0.000000000000000000e+00,0.000000000000000000e+00
6.911693196663212291e+01,0.000000000000000000e+00,0.000000000000000000e+00
7.366037029323062768e+01,0.000000000000000000e+00,0.000000000000000000e+00
7.352360867182133575e+01,0.000000000000000000e+00,0.000000000000000000e+00
7.377115473295643255e+01,0.000000000000000000e+00,0.000000000000000000e+00
7.025748386766944975e+01,0.000000000000000000e+00,0.000000000000000000e+00
7.106833827951342641e+01,0.000000000000000000e+00,0.000000000000000000e+00
6.907481731496183386e+01,0.000000000000000000e+00,0.000000000000000000e+00
7.374583133569699100e+01,0.000000000000000000e+00,0.000000000000000000e+00
7.454324796982690771e+01,0.000000000000000000e+00,0.000000000000000000e+00
7.332605524060474522e+01,0.000000000000000000e+00,0.000000000000000000e+00
7.312907709625103791e+01,0.000000000000000000e+00,0.000000000000000000e+00
6.901208212959834043e+01,0.000000000000000000e+00,0.000000000000000000e+00
7.007841427651023025e+01,0.000000000000000000e+00,0.000000000000000000e+00
7.327667971465737651e+01,0.000000000000000000e+00,0.000000000000000000e+00
7.288759276784631425e+01,0.000000000000000000e+00,0.000000000000000000e+00
7.665196187804592398e+01,0.000000000000000000e+00,0.000000000000000000e+00
7.373719622881388602e+01,0.000000000000000000e+00,0.000000000000000000e+00
7.090984985479269653e+01,0.000000000000000000e+00,0.000000000000000000e+00
7.411026608198865517e+01,0.000000000000000000e+00,0.000000000000000000e+00
7.496533828685876699e+01,0.000000000000000000e+00,0.000000000000000000e+00
7.434794416627045166e+01,0.000000000000000000e+00,0.000000000000000000e+00
7.449436420889001909e+01,0.000000000000000000e+00,0.000000000000000000e+00
7.300072870516724777e+01,0.000000000000000000e+00,0.000000000000000000e+00
7.125046748768936311e+01,0.000000000000000000e+00,0.000000000000000000e+00
7.535281180091476472e+01,0.000000000000000000e+00,0.000000000000000000e+00
7.446263672145164492e+01,0.000000000000000000e+00,0.000000000000000000e+00
7.187601621876110869e+01,0.000000000000000000e+00,0.000000000000000000e+00
7.128476189598053736e+01,0.000000000000000000e+00,0.000000000000000000e+00
7.337798622169141538e+01,0.000000000000000000e+00,0.000000000000000000e+00
7.466709126244586514e+01,0.000000000000000000e+00,0.000000000000000000e+00
7.103148827593608416e+01,0.000000000000000000e+00,0.000000000000000000e+00
7.478043710655437337e+01,0.000000000000000000e+00,0.000000000000000000e+00
6.984962135398694727e+01,0.000000000000000000e+00,0.000000000000000000e+00
7.035106597444351451e+01,0.000000000000000000e+00,0.000000000000000000e+00
7.411303736647064966e+01,0.000000000000000000e+00,0.000000000000000000e+00
7.297820720496297042e+01,0.000000000000000000e+00,0.000000000000000000e+00
7.433657525344524686e+01,0.000000000000000000e+00,0.000000000000000000e+00
7.036731766440385627e+01,0.000000000000000000e+00,0.000000000000000000e+00
7.792403906340297226e+01,0.000000000000000000e+00,0.000000000000000000e+00
7.582289809400198521e+01,0.000000000000000000e+00,0.000000000000000000e+00
7.033738057195061799e+01,0.000000000000000000e+00,0.000000000000000000e+00
7.794188192098718559e+01,0.000000000000000000e+00,0.000000000000000000e+00
7.050821363547593990e+01,0.000000000000000000e+00,0.000000000000000000e+00
7.431889943416727817e+01,0.000000000000000000e+00,0.000000000000000000e+00
7.300130874773083178e+01,0.000000000000000000e+00,0.000000000000000000e+00
7.590209964308866120e+01,0.000000000000000000e+00,0.000000000000000000e+00
7.680110988848431930e+01,0.000000000000000000e+00,0.000000000000000000e+00
7.380446070081471532e+01,0.000000000000000000e+00,0.000000000000000000e+00
7.223272858363569071e+01,0.000000000000000000e+00,0.000000000000000000e+00
7.598041080699007921e+01,0.000000000000000000e+00,0.000000000000000000e+00
7.966552323065828034e+01,0.000000000000000000e+00,0.000000000000000000e+00
7.469680254832256594e+01,0.000000000000000000e+00,0.000000000000000000e+00
7.475384350258784139e+01,0.000000000000000000e+00,0.000000000000000000e+00
7.855674359627644776e+01,0.000000000000000000e+00,0.000000000000000000e+00
7.077363828292041603e+01,0.000000000000000000e+00,0.000000000000000000e+00
7.775905210146783020e+01,0.000000000000000000e+00,0.000000000000000000e+00
7.338973145356129635e+01,0.000000000000000000e+00,0.000000000000000000e+00
7.770995751467394541e+01,0.000000000000000000e+00,0.000000000000000000e+00
7.548000292227834507e+01,0.000000000000000000e+00,0.000000000000000000e+00
7.212376156902178082e+01,0.000000000000000000e+00,0.000000000000000000e+00
7.309804725070722498e+01,0.000000000000000000e+00,0.000000000000000000e+00
7.622827552578466737e+01,0.000000000000000000e+00,0.000000000000000000e+00
7.435653378322297158e+01,0.000000000000000000e+00,0.000000000000000000e+00
7.500449281147920999e+01,0.000000000000000000e+00,0.000000000000000000e+00
7.616842208386951540e+01,0.000000000000000000e+00,0.000000000000000000e+00
7.585475087914981884e+01,0.000000000000000000e+00,0.000000000000000000e+00
7.297662206013397679e+01,0.000000000000000000e+00,0.000000000000000000e+00
7.521488312883542449e+01,0.000000000000000000e+00,0.000000000000000000e+00
7.283610979172031819e+01,0.000000000000000000e+00,0.000000000000000000e+00
7.503876525357203775e+01,0.000000000000000000e+00,0.000000000000000000e+00
7.409358573475370235e+01,0.000000000000000000e+00,0.000000000000000000e+00
7.616414096485567597e+01,0.000000000000000000e+00,0.000000000000000000e+00
7.389128486182075051e+01,0.000000000000000000e+00,0.000000000000000000e+00
7.690186626617401089e+01,0.000000000000000000e+00,0.000000000000000000e+00
7.513734380284870440e+01,0.000000000000000000e+00,0.000000000000000000e+00
7.687110472410060424e+01,0.000000000000000000e+00,0.000000000000000000e+00
7.859884918450222813e+01,0.000000000000000000e+00,0.000000000000000000e+00
7.102898642115320627e+01,0.000000000000000000e+00,0.000000000000000000e+00
7.772075778799138845e+01,0.000000000000000000e+00,0.000000000000000000e+00
7.519750248657436487e+01,0.000000000000000000e+00,0.000000000000000000e+00
7.640396049831485925e+01,0.000000000000000000e+00,0.000000000000000000e+00
7.724130629604275100e+01,0.000000000000000000e+00,0.000000000000000000e+00
7.576632971027952124e+01,0.000000000000000000e+00,0.000000000000000000e+00
7.732185332975230097e+01,0.000000000000000000e+00,0.000000000000000000e+00
7.607942847795339958e+01,0.000000000000000000e+00,0.000000000000000000e+00
7.755981274358674682e+01,0.000000000000000000e+00,0.000000000000000000e+00
7.536149988137972855e+01,0.000000000000000000e+00,0.000000000000000000e+00
7.231998980729667892e+01,0.000000000000000000e+00,0.000000000000000000e+00
7.123007850353977233e+01,0.000000000000000000e+00,0.000000000000000000e+00
7.603991659590981556e+01,0.000000000000000000e+00,0.000000000000000000e+00
7.280552676143358326e+01,0.000000000000000000e+00,0.000000000000000000e+00
7.572778532142386609e+01,0.000000000000000000e+00,0.000000000000000000e+00
7.791924555080569803e+01,0.000000000000000000e+00,0.000000000000000000e+00
7.963021709293533945e+01,0.000000000000000000e+00,0.000000000000000000e+00
7.852396307728513136e+01,0.000000000000000000e+00,0.000000000000000000e+00
8.019545769080286846e+01,0.000000000000000000e+00,0.000000000000000000e+00
7.727041265013527038e+01,0.000000000000000000e+00,0.000000000000000000e+00
7.775053417228065200e+01,0.000000000000000000e+00,0.000000000000000000e+00
7.615522915138514293e+01,0.000000000000000000e+00,0.000000000000000000e+00
7.483142463940212963e+01,0.000000000000000000e+00,0.000000000000000000e+00
8.003534534663383226e+01,0.000000000000000000e+00,0.000000000000000000e+00
7.722239072559663953e+01,0.000000000000000000e+00,0.000000000000000000e+00
7.656082282208608092e+01,0.000000000000000000e+00,0.000000000000000000e+00
7.865188130418746937e+01,0.000000000000000000e+00,0.000000000000000000e+00
7.691166059471102301e+01,0.000000000000000000e+00,0.000000000000000000e+00
7.260697570267491585e+01,0.000000000000000000e+00,0.000000000000000000e+00
7.707024971070744357e+01,0.000000000000000000e+00,0.000000000000000000e+00
7.760605919878928205e+01,0.000000000000000000e+00,0.000000000000000000e+00
7.625107847675936057e+01,0.000000000000000000e+00,0.000000000000000000e+00
7.228323196103656301e+01,0.000000000000000000e+00,0.000000000000000000e+00
7.631299085476118194e+01,0.000000000000000000e+00,0.000000000000000000e+00
7.806451789309089406e+01,0.000000000000000000e+00,0.000000000000000000e+00
7.710186547974791438e+01,0.000000000000000000e+00,0.000000000000000000e+00
7.608721111889164490e+01,0.000000000000000000e+00,0.000000000000000000e+00
7.699763459946568389e+01,0.000000000000000000e+00,0.000000000000000000e+00
7.502606254327909596e+01,0.000000000000000000e+00,0.000000000000000000e+00
7.438423118271050782e+01,0.000000000000000000e+00,0.000000000000000000e+00
7.970159540264701548e+01,0.000000000000000000e+00,0.000000000000000000e+00
7.762656719007981110e+01,0.000000000000000000e+00,0.000000000000000000e+00
7.757984907730968871e+01,0.000000000000000000e+00,0.000000000000000000e+00
7.710872125257469634e+01,0.000000000000000000e+00,0.000000000000000000e+00
7.553207950477836619e+01,0.000000000000000000e+00,0.000000000000000000e+00
7.790953622718353699e+01,0.000000000000000000e+00,0.000000000000000000e+00
7.849985148357424691e+01,0.000000000000000000e+00,0.000000000000000000e+00
7.426270076341420179e+01,0.000000000000000000e+00,0.000000000000000000e+00
7.675306621894343095e+01,0.000000000000000000e+00,0.000000000000000000e+00
7.663370963038892114e+01,0.000000000000000000e+00,0.000000000000000000e+00
7.632963322456008370e+01,0.000000000000000000e+00,0.000000000000000000e+00
7.621520501024983218e+01,0.000000000000000000e+00,0.000000000000000000e+00
7.987097431021979332e+01,0.000000000000000000e+00,0.000000000000000000e+00
7.808978544711956715e+01,0.000000000000000000e+00,0.000000000000000000e+00
7.591852072080641278e+01,0.000000000000000000e+00,0.000000000000000000e+00
7.955590694481075786e+01,0.000000000000000000e+00,0.000000000000000000e+00
7.820733797944691901e+01,0.000000000000000000e+00,0.000000000000000000e+00
7.645444307750391033e+01,0.000000000000000000e+00,0.000000000000000000e+00
7.666990642815923707e+01,0.000000000000000000e+00,0.000000000000000000e+00
7.982727135591771628e+01,0.000000000000000000e+00,0.000000000000000000e+00
7.927062313891863710e+01,0.000000000000000000e+00,0.000000000000000000e+00
7.839491103510223979e+01,0.000000000000000000e+00,0.000000000000000000e+00
7.977375100275571640e+01,0.000000000000000000e+00,0.000000000000000000e+00
7.615337500148687866e+01,0.000000000000000000e+00,0.000000000000000000e+00
7.871183321977581215e+01,0.000000000000000000e+00,0.000000000000000000e+00
8.247276820829191024e+01,0.000000000000000000e+00,0.000000000000000000e+00
7.901261027621255550e+01,0.000000000000000000e+00,0.000000000000000000e+00
7.842404380521388418e+01,0.000000000000000000e+00,0.000000000000000000e+00
7.563912416424385299e+01,0.000000000000000000e+00,0.000000000000000000e+00
7.656294898233110757e+01,0.000000000000000000e+00,0.000000000000000000e+00
8.033726248155426219e+01,0.000000000000000000e+00,0.000000000000000000e+00
7.978318360879123361e+01,0.000000000000000000e+00,0.000000000000000000e+00
7.814957569447634000e+01,0.000000000000000000e+00,0.000000000000000000e+00
8.031515159234652401e+01,0.000000000000000000e+00,0.000000000000000000e+00
8.012509244492284211e+01,0.000000000000000000e+00,0.000000000000000000e+00
7.835149236674986639e+01,0.000000000000000000e+00,0.000000000000000000e+00
8.084817585256460859e+01,0.000000000000000000e+00,0.000000000000000000e+00
7.925912492286586541e+01,0.000000000000000000e+00,0.000000000000000000e+00
7.747118585989026940e+01,0.000000000000000000e+00,0.000000000000000000e+00
7.733326674585156013e+01,0.000000000000000000e+00,0.000000000000000000e+00
8.200571755460417478e+01,0.000000000000000000e+00,0.000000000000000000e+00
7.915283785706257902e+01,0.000000000000000000e+00,0.000000000000000000e+00
7.569632582910047347e+01,0.000000000000000000e+00,0.000000000000000000e+00
8.013256906556645731e+01,0.000000000000000000e+00,0.000000000000000000e+00
7.802663418088508251e+01,0.000000000000000000e+00,0.000000000000000000e+00
7.692327719624285010e+01,0.000000000000000000e+00,0.000000000000000000e+00
8.221281632002997242e+01,0.000000000000000000e+00,0.000000000000000000e+00
7.665425261091834841e+01,0.000000000000000000e+00,0.000000000000000000e+00
8.144612982934087597e+01,0.000000000000000000e+00,0.000000000000000000e+00
7.899212907996904676e+01,0.000000000000000000e+00,0.000000000000000000e+00
8.175210833120489440e+01,0.000000000000000000e+00,0.000000000000000000e+00
7.895737426606484632e+01,0.000000000000000000e+00,0.000000000000000000e+00
7.868621265120455632e+01,0.000000000000000000e+00,0.000000000000000000e+00
7.875007165705133616e+01,0.000000000000000000e+00,0.000000000000000000e+00
7.650068708306716303e+01,0.000000000000000000e+00,0.000000000000000000e+00
8.091197364349085319e+01,0.000000000000000000e+00,0.000000000000000000e+00
7.859273629274525774e+01,0.000000000000000000e+00,0.000000000000000000e+00
7.662657346759486643e+01,0.000000000000000000e+00,0.000000000000000000e+00
8.051280673083698503e+01,0.000000000000000000e+00,0.000000000000000000e+00
8.009531929232021241e+01,0.000000000000000000e+00,0.000000000000000000e+00
7.561689103589111483e+01,0.000000000000000000e+00,0.000000000000000000e+00
7.926903057661817797e+01,0.000000000000000000e+00,0.000000000000000000e+00
8.033311614328439987e+01,0.000000000000000000e+00,0.000000000000000000e+00
7.952864973897716538e+01,0.000000000000000000e+00,0.000000000000000000e+00
7.656946887004822599e+01,0.000000000000000000e+00,0.000000000000000000e+00
7.837050180267195287e+01,0.000000000000000000e+00,0.000000000000000000e+00
8.191341329240933078e+01,0.000000000000000000e+00,0.000000000000000000e+00
7.930791739195392154e+01,0.000000000000000000e+00,0.000000000000000000e+00
7.630873966752467652e+01,0.000000000000000000e+00,0.000000000000000000e+00
7.834565130409563949e+01,0.000000000000000000e+00,0.000000000000000000e+00
8.135426128484830599e+01,0.000000000000000000e+00,0.000000000000000000e+00
7.999507824159874758e+01,0.000000000000000000e+00,0.000000000000000000e+00
7.919726218894702185e+01,0.000000000000000000e+00,0.000000000000000000e+00
8.419957382834574844e+01,0.000000000000000000e+00,0.000000000000000000e+00
8.185381859743498012e+01,0.000000000000000000e+00,0.000000000000000000e+00
7.631592267622849590e+01,0.000000000000000000e+00,0.000000000000000000e+00
7.730206006574670141e+01,0.000000000000000000e+00,0.000000000000000000e+00
7.461286211303271898e+01,0.000000000000000000e+00,0.000000000000000000e+00
7.828041865134761679e+01,0.000000000000000000e+00,0.000000000000000000e+00
7.775178061668594864e+01,0.000000000000000000e+00,0.000000000000000000e+00
7.955144707745226640e+01,0.000000000000000000e+00,0.000000000000000000e+00
7.998264671398619896e+01,0.000000000000000000e+00,0.000000000000000000e+00
7.890809307493552183e+01,0.000000000000000000e+00,0.000000000000000000e+00
7.771185358697746892e+01,0.000000000000000000e+00,0.000000000000000000e+00
7.824527175419596858e+01,0.000000000000000000e+00,0.000000000000000000e+00
7.784196861763012976e+01,0.000000000000000000e+00,0.000000000000000000e+00
7.975544584192039110e+01,0.000000000000000000e+00,0.000000000000000000e+00
7.670723131905270975e+01,0.000000000000000000e+00,0.000000000000000000e+00
7.674680346092740990e+01,0.000000000000000000e+00,0.000000000000000000e+00
7.930490203476897193e+01,0.000000000000000000e+00,0.000000000000000000e+00
8.091375345388929929e+01,0.000000000000000000e+00,0.000000000000000000e+00
8.327269322705264187e+01,0.000000000000000000e+00,0.000000000000000000e+00
7.993892400420625677e+01,0.000000000000000000e+00,0.000000000000000000e+00
8.395760142864277498e+01,0.000000000000000000e+00,0.000000000000000000e+00
8.139509017239733168e+01,0.000000000000000000e+00,0.000000000000000000e+00
8.084635187421676505e+01,0.000000000000000000e+00,0.000000000000000000e+00
7.996901823363884887e+01,0.000000000000000000e+00,0.000000000000000000e+00
8.261559924792015863e+01,0.000000000000000000e+00,0.000000000000000000e+00
8.099144752169996764e+01,0.000000000000000000e+00,0.000000000000000000e+00
7.780833897522465747e+01,0.000000000000000000e+00,0.000000000000000000e+00
7.610316079315315108e+01,0.000000000000000000e+00,0.000000000000000000e+00
7.725364864894785910e+01,0.000000000000000000e+00,0.000000000000000000e+00
8.113139238868156156e+01,0.000000000000000000e+00,0.000000000000000000e+00
7.961095879183100976e+01,0.000000000000000000e+00,0.000000000000000000e+00
8.207945154246576180e+01,0.000000000000000000e+00,0.000000000000000000e+00
7.653301468347908099e+01,0.000000000000000000e+00,0.000000000000000000e+00
8.275040888204929956e+01,0.000000000000000000e+00,0.000000000000000000e+00
8.000563282918133723e+01,0.000000000000000000e+00,0.000000000000000000e+00
7.875665671690862268e+01,0.000000000000000000e+00,0.000000000000000000e+00
8.024757365067966930e+01,0.000000000000000000e+00,0.000000000000000000e+00
8.045194897907046538e+01,0.000000000000000000e+00,0.000000000000000000e+00
7.955929422174591537e+01,0.000000000000000000e+00,0.000000000000000000e+00
7.829327130375983756e+01,0.000000000000000000e+00,0.000000000000000000e+00
8.044768369525523610e+01,0.000000000000000000e+00,0.000000000000000000e+00
7.938822051117479361e+01,0.000000000000000000e+00,0.000000000000000000e+00
8.190317359057929991e+01,0.000000000000000000e+00,0.000000000000000000e+00
7.633296103080553507e+01,0.000000000000000000e+00,0.000000000000000000e+00
8.159878215921349920e+01,0.000000000000000000e+00,0.000000000000000000e+00
8.063525903964027464e+01,0.000000000000000000e+00,0.000000000000000000e+00
7.758537310966556788e+01,0.000000000000000000e+00,0.000000000000000000e+00
7.867882377010000994e+01,0.000000000000000000e+00,0.000000000000000000e+00
7.804731362483315138e+01,0.000000000000000000e+00,0.000000000000000000e+00
7.804678640697655112e+01,0.000000000000000000e+00,0.000000000000000000e+00
7.863038201611860245e+01,0.000000000000000000e+00,0.000000000000000000e+00
8.047989637726820433e+01,0.000000000000000000e+00,0.000000000000000000e+00
8.292819436866108163e+01,0.000000000000000000e+00,0.000000000000000000e+00
8.175353403458343848e+01,0.000000000000000000e+00,0.000000000000000000e+00
7.906501549557960118e+01,0.000000000000000000e+00,0.000000000000000000e+00
7.995255517974649706e+01,0.000000000000000000e+00,0.000000000000000000e+00
7.721959728774811538e+01,0.000000000000000000e+00,0.000000000000000000e+00
8.056053923030120245e+01,0.000000000000000000e+00,0.000000000000000000e+00
8.184241656612049098e+01,0.000000000000000000e+00,0.000000000000000000e+00
8.022995089702725124e+01,0.000000000000000000e+00,0.000000000000000000e+00
7.705419237299309998e+01,0.000000000000000000e+00,0.000000000000000000e+00
7.543928746232134586e+01,0.000000000000000000e+00,0.000000000000000000e+00
8.314129568257084202e+01,0.000000000000000000e+00,0.000000000000000000e+00
7.924836049323405973e+01,0.000000000000000000e+00,0.000000000000000000e+00
8.013867867910829546e+01,0.000000000000000000e+00,0.000000000000000000e+00
8.145617328205162266e+01,0.000000000000000000e+00,0.000000000000000000e+00
7.665125856464325693e+01,0.000000000000000000e+00,0.000000000000000000e+00
8.215636442686830776e+01,0.000000000000000000e+00,0.000000000000000000e+00
7.727727160450211841e+01,0.000000000000000000e+00,0.000000000000000000e+00
7.941212881849776295e+01,0.000000000000000000e+00,0.000000000000000000e+00
8.086231904940134996e+01,0.000000000000000000e+00,0.000000000000000000e+00
8.045216454171608689e+01,0.000000000000000000e+00,0.000000000000000000e+00
8.214856585836912473e+01,0.000000000000000000e+00,0.000000000000000000e+00
8.207968533314624437e+01,0.000000000000000000e+00,0.000000000000000000e+00
8.028027680640727226e+01,0.000000000000000000e+00,0.000000000000000000e+00
8.410701506292937779e+01,0.000000000000000000e+00,0.000000000000000000e+00
7.956860932077462678e+01,0.000000000000000000e+00,0.000000000000000000e+00
8.052372604253480404e+01,0.000000000000000000e+00,0.000000000000000000e+00
7.786755610641596093e+01,0.000000000000000000e+00,0.000000000000000000e+00
7.887752885628185595e+01,0.000000000000000000e+00,0.000000000000000000e+00
7.974016834762984729e+01,0.000000000000000000e+00,0.000000000000000000e+00
7.809147156007612978e+01,0.000000000000000000e+00,0.000000000000000000e+00
7.675510491517665912e+01,0.000000000000000000e+00,0.000000000000000000e+00
7.951163773800639945e+01,0.000000000000000000e+00,0.000000000000000000e+00
8.042643074050511132e+01,0.000000000000000000e+00,0.000000000000000000e+00
8.016983796578908539e+01,0.000000000000000000e+00,0.000000000000000000e+00
7.756319225781017224e+01,0.000000000000000000e+00,0.000000000000000000e+00
7.739637883493915638e+01,0.000000000000000000e+00,0.000000000000000000e+00
8.064966002852945337e+01,0.000000000000000000e+00,0.000000000000000000e+00
7.912240647275571348e+01,0.000000000000000000e+00,0.000000000000000000e+00
7.843873143374987933e+01,0.000000000000000000e+00,0.000000000000000000e+00
7.943744326411399470e+01,0.000000000000000000e+00,0.000000000000000000e+00
7.915889281167227409e+01,0.000000000000000000e+00,0.000000000000000000e+00
7.981696744941281452e+01,0.000000000000000000e+00,0.000000000000000000e+00
8.178806552286451392e+01,0.000000000000000000e+00,0.000000000000000000e+00
8.308425321362469163e+01,0.000000000000000000e+00,0.000000000000000000e+00
8.124513384751054446e+01,0.000000000000000000e+00,0.000000000000000000e+00
8.127170517764054125e+01,0.000000000000000000e+00,0.000000000000000000e+00
7.659676551126851507e+01,0.000000000000000000e+00,0.000000000000000000e+00
8.313387059108173105e+01,0.000000000000000000e+00,0.000000000000000000e+00
8.206439699678047361e+01,0.000000000000000000e+00,0.000000000000000000e+00
8.098610980585264940e+01,0.000000000000000000e+00,0.000000000000000000e+00
7.600878136046161160e+01,0.000000000000000000e+00,0.000000000000000000e+00
7.850572173165160450e+01,0.000000000000000000e+00,0.000000000000000000e+00
8.051580868206039554e+01,0.000000000000000000e+00,0.000000000000000000e+00
8.277940602001228854e+01,0.000000000000000000e+00,0.000000000000000000e+00
7.963767207886417054e+01,0.000000000000000000e+00,0.000000000000000000e+00
7.974151107228233570e+01,0.000000000000000000e+00,0.000000000000000000e+00
7.414905491175690599e+01,0.000000000000000000e+00,0.000000000000000000e+00
7.541495689623737064e+01,0.000000000000000000e+00,0.000000000000000000e+00
7.929271667355396858e+01,0.000000000000000000e+00,0.000000000000000000e+00
7.717239136012855738e+01,0.000000000000000000e+00,0.000000000000000000e+00
8.433513412933801590e+01,0.000000000000000000e+00,0.000000000000000000e+00
7.680817504991834710e+01,0.000000000000000000e+00,0.000000000000000000e+00
8.009990512548948516e+01,0.000000000000000000e+00,0.000000000000000000e+00
8.127052339449274143e+01,0.000000000000000000e+00,0.000000000000000000e+00
8.028452289108275863e+01,0.000000000000000000e+00,0.000000000000000000e+00
7.896353547756318392e+01,0.000000000000000000e+00,0.000000000000000000e+00
7.738478266900951041e+01,0.000000000000000000e+00,0.000000000000000000e+00
8.117473208717549937e+01,0.000000000000000000e+00,0.000000000000000000e+00
7.925814650126605443e+01,0.000000000000000000e+00,0.000000000000000000e+00
7.901386232378331442e+01,0.000000000000000000e+00,0.000000000000000000e+00
8.334681434722621418e+01,0.000000000000000000e+00,0.000000000000000000e+00
8.184398119687800488e+01,0.000000000000000000e+00,0.000000000000000000e+00
8.052506052095097289e+01,0.000000000000000000e+00,0.000000000000000000e+00
7.887126705306873475e+01,0.000000000000000000e+00,0.000000000000000000e+00
7.881345947849668221e+01,0.000000000000000000e+00,0.000000000000000000e+00
8.158896419367871999e+01,0.000000000000000000e+00,0.000000000000000000e+00
7.994940720119879529e+01,0.000000000000000000e+00,0.000000000000000000e+00
7.486557859324013009e+01,0.000000000000000000e+00,0.000000000000000000e+00
8.130750190545168721e+01,0.000000000000000000e+00,0.000000000000000000e+00
7.508569794838774669e+01,0.000000000000000000e+00,0.000000000000000000e+00
7.650318140312735693e+01,0.000000000000000000e+00,0.000000000000000000e+00
7.834201410099200302e+01,0.000000000000000000e+00,0.000000000000000000e+00
7.992423827214585685e+01,0.000000000000000000e+00,0.000000000000000000e+00
8.285486594000296634e+01,0.000000000000000000e+00,0.000000000000000000e+00
7.996617357030022788e+01,0.000000000000000000e+00,0.000000000000000000e+00
8.153223492407035167e+01,0.000000000000000000e+00,0.000000000000000000e+00
7.813173054740167345e+01,0.000000000000000000e+00,0.000000000000000000e+00
7.903213144669977908e+01,0.000000000000000000e+00,0.000000000000000000e+00
8.092573072589803473e+01,0.000000000000000000e+00,0.000000000000000000e+00
8.050220795719515365e+01,0.000000000000000000e+00,0.000000000000000000e+00
8.025952201989962020e+01,0.000000000000000000e+00,0.000000000000000000e+00
8.111796722123195025e+01,0.000000000000000000e+00,0.000000000000000000e+00
7.872116531362023295e+01,0.000000000000000000e+00,0.000000000000000000e+00
8.095581634998636389e+01,0.000000000000000000e+00,0.000000000000000000e+00
7.764261052459903567e+01,0.000000000000000000e+00,0.000000000000000000e+00
7.683253417806147922e+01,0.000000000000000000e+00,0.000000000000000000e+00
8.009864959419468278e+01,0.000000000000000000e+00,0.000000000000000000e+00
7.949234486115031473e+01,0.000000000000000000e+00,0.000000000000000000e+00
8.016295240497757391e+01,0.000000000000000000e+00,0.000000000000000000e+00
8.052576661736559061e+01,0.000000000000000000e+00,0.000000000000000000e+00
7.944807327379709250e+01,0.000000000000000000e+00,0.000000000000000000e+00
8.208224149563858418e+01,0.000000000000000000e+00,0.000000000000000000e+00
7.880859881358419727e+01,0.000000000000000000e+00,0.000000000000000000e+00
7.416040248006281388e+01,0.000000000000000000e+00,0.000000000000000000e+00
8.212356561223484164e+01,0.000000000000000000e+00,0.000000000000000000e+00
7.902528529909595534e+01,0.000000000000000000e+00,0.000000000000000000e+00
7.773855558810943478e+01,0.000000000000000000e+00,0.000000000000000000e+00
7.947324848455809843e+01,0.000000000000000000e+00,0.000000000000000000e+00
8.086481301391769705e+01,0.000000000000000000e+00,0.000000000000000000e+00
7.841598305922104828e+01,0.000000000000000000e+00,0.000000000000000000e+00
7.761927162932953195e+01,0.000000000000000000e+00,0.000000000000000000e+00
7.799960408258236555e+01,0.000000000000000000e+00,0.000000000000000000e+00
7.717677222738824128e+01,0.000000000000000000e+00,0.000000000000000000e+00
7.969351589933023661e+01,0.000000000000000000e+00,0.000000000000000000e+00
8.321753498216635592e+01,0.000000000000000000e+00,0.000000000000000000e+00
8.072145000978106566e+01,0.000000000000000000e+00,0.000000000000000000e+00
7.930898768548922817e+01,0.000000000000000000e+00,0.000000000000000000e+00
8.201738469848528723e+01,0.000000000000000000e+00,0.000000000000000000e+00
8.085105092620429446e+01,0.000000000000000000e+00,0.000000000000000000e+00
7.896638945934853382e+01,0.000000000000000000e+00,0.000000000000000000e+00
8.172611551135703678e+01,0.000000000000000000e+00,0.000000000000000000e+00
8.541769856376761538e+01,0.000000000000000000e+00,0.000000000000000000e+00
7.911398178563439387e+01,0.000000000000000000e+00,0.000000000000000000e+00
7.702447155651245225e+01,0.000000000000000000e+00,0.000000000000000000e+00
8.177732188989452311e+01,0.000000000000000000e+00,0.000000000000000000e+00
7.917870272196518044e+01,0.000000000000000000e+00,0.000000000000000000e+00
7.988255153935386943e+01,0.000000000000000000e+00,0.000000000000000000e+00
8.013508251336145349e+01,0.000000000000000000e+00,0.000000000000000000e+00
8.252498041347595858e+01,0.000000000000000000e+00,0.000000000000000000e+00
7.805946027052453928e+01,0.000000000000000000e+00,0.000000000000000000e+00
7.778890293841992332e+01,0.000000000000000000e+00,0.000000000000000000e+00
7.522724379745595513e+01,0.000000000000000000e+00,0.000000000000000000e+00
8.006783932026273476e+01,0.000000000000000000e+00,0.000000000000000000e+00
7.490813250960343339e+01,0.000000000000000000e+00,0.000000000000000000e+00
7.843639761433801993e+01,0.000000000000000000e+00,0.000000000000000000e+00
7.942367917642361874e+01,0.000000000000000000e+00,0.000000000000000000e+00
8.001376085586315412e+01,0.000000000000000000e+00,0.000000000000000000e+00
7.742797182359375086e+01,0.000000000000000000e+00,0.000000000000000000e+00
7.429271710489852865e+01,0.000000000000000000e+00,0.000000000000000000e+00
7.961896809615475945e+01,0.000000000000000000e+00,0.000000000000000000e+00
8.113513872167705188e+01,0.000000000000000000e+00,0.000000000000000000e+00
8.085473698187394120e+01,0.000000000000000000e+00,0.000000000000000000e+00
7.605867603509932451e+01,0.000000000000000000e+00,0.000000000000000000e+00
8.175293650584875138e+01,0.000000000000000000e+00,0.000000000000000000e+00
7.857203486628911548e+01,0.000000000000000000e+00,0.000000000000000000e+00
7.606164153820650142e+01,0.000000000000000000e+00,0.000000000000000000e+00
7.570265095506620412e+01,0.000000000000000000e+00,0.000000000000000000e+00
8.303129964600125845e+01,0.000000000000000000e+00,0.000000000000000000e+00
7.956559009836011853e+01,0.000000000000000000e+00,0.000000000000000000e+00
7.993153946158528811e+01,0.000000000000000000e+00,0.000000000000000000e+00
7.617187772149364378e+01,0.000000000000000000e+00,0.000000000000000000e+00
8.045262291563301460e+01,0.000000000000000000e+00,0.000000000000000000e+00
7.586805857570013245e+01,0.000000000000000000e+00,0.000000000000000000e+00
7.825544716393990541e+01,0.000000000000000000e+00,0.000000000000000000e+00
8.172064381119660936e+01,0.000000000000000000e+00,0.000000000000000000e+00
7.985621622995768121e+01,0.000000000000000000e+00,0.000000000000000000e+00
7.905603570100525701e+01,0.000000000000000000e+00,0.000000000000000000e+00
8.054451280846066652e+01,0.000000000000000000e+00,0.000000000000000000e+00
7.896873813024053845e+01,0.000000000000000000e+00,0.000000000000000000e+00
8.365669920066858367e+01,0.000000000000000000e+00,0.000000000000000000e+00
8.123098874080585574e+01,0.000000000000000000e+00,0.000000000000000000e+00
8.076140150919910354e+01,0.000000000000000000e+00,0.000000000000000000e+00
7.607345664973553312e+01,0.000000000000000000e+00,0.000000000000000000e+00
8.006268195345523964e+01,0.000000000000000000e+00,0.000000000000000000e+00
7.839697352293475774e+01,0.000000000000000000e+00,0.000000000000000000e+00
7.956968263263389929e+01,0.000000000000000000e+00,0.000000000000000000e+00
8.038740688957821590e+01,0.000000000000000000e+00,0.000000000000000000e+00
7.768338410124566451e+01,0.000000000000000000e+00,0.000000000000000000e+00
8.284265162994697107e+01,0.000000000000000000e+00,0.000000000000000000e+00
7.835100667626581128e+01,0.000000000000000000e+00,0.000000000000000000e+00
7.907032106597782217e+01,0.000000000000000000e+00,0.000000000000000000e+00
7.492021083227243139e+01,0.000000000000000000e+00,0.000000000000000000e+00
7.786369633490491537e+01,0.000000000000000000e+00,0.000000000000000000e+00
7.792476682286341827e+01,0.000000000000000000e+00,0.000000000000000000e+00
7.831797646300667282e+01,0.000000000000000000e+00,0.000000000000000000e+00
7.901225914616951229e+01,0.000000000000000000e+00,0.000000000000000000e+00
7.519697305946421295e+01,0.000000000000000000e+00,0.000000000000000000e+00
7.543021774956007164e+01,0.000000000000000000e+00,0.000000000000000000e+00
7.841118728467800736e+01,0.000000000000000000e+00,0.000000000000000000e+00
7.555257640196866475e+01,0.000000000000000000e+00,0.000000000000000000e+00
7.795389563902875807e+01,0.000000000000000000e+00,0.000000000000000000e+00
7.693739593074755589e+01,0.000000000000000000e+00,0.000000000000000000e+00
7.729602418316368073e+01,0.000000000000000000e+00,0.000000000000000000e+00
7.522768801346447276e+01,0.000000000000000000e+00,0.000000000000000000e+00
7.645177528008822776e+01,0.000000000000000000e+00,0.000000000000000000e+00
7.555153327655057183e+01,0.000000000000000000e+00,0.000000000000000000e+00
7.473930903652916413e+01,0.000000000000000000e+00,0.000000000000000000e+00
7.846487739702965314e+01,0.000000000000000000e+00,0.000000000000000000e+00
7.793904804954172505e+01,0.000000000000000000e+00,0.000000000000000000e+00
7.746193012396841482e+01,0.000000000000000000e+00,0.000000000000000000e+00
8.111835831775864847e+01,0.000000000000000000e+00,0.000000000000000000e+00
7.742745652202742690e+01,0.000000000000000000e+00,0.000000000000000000e+00
7.654814022167789744e+01,0.000000000000000000e+00,0.000000000000000000e+00
7.661728041282853496e+01,0.000000000000000000e+00,0.000000000000000000e+00
7.752606997874600836e+01,0.000000000000000000e+00,0.000000000000000000e+00
7.480560840995875083e+01,0.000000000000000000e+00,0.000000000000000000e+00
7.682291454293640243e+01,0.000000000000000000e+00,0.000000000000000000e+00
7.597922489671695701e+01,0.000000000000000000e+00,0.000000000000000000e+00
8.011293567333318322e+01,0.000000000000000000e+00,0.000000000000000000e+00
7.580302381702439618e+01,0.000000000000000000e+00,0.000000000000000000e+00
7.712889851031778221e+01,0.000000000000000000e+00,0.000000000000000000e+00
7.676277965786798063e+01,0.000000000000000000e+00,0.000000000000000000e+00
7.562876767337056094e+01,0.000000000000000000e+00,0.000000000000000000e+00
8.144102792351776543e+01,0.000000000000000000e+00,0.000000000000000000e+00
7.774697007188684950e+01,0.000000000000000000e+00,0.000000000000000000e+00
7.773289743004373520e+01,0.000000000000000000e+00,0.000000000000000000e+00
7.581690476524421740e+01,0.000000000000000000e+00,0.000000000000000000e+00
7.838192737680904543e+01,0.000000000000000000e+00,0.000000000000000000e+00
7.869467651703642730e+01,0.000000000000000000e+00,0.000000000000000000e+00
7.770673650652874187e+01,0.000000000000000000e+00,0.000000000000000000e+00
7.830929176867029184e+01,0.000000000000000000e+00,0.000000000000000000e+00
7.752178368679878417e+01,0.000000000000000000e+00,0.000000000000000000e+00
7.942097441215921094e+01,0.000000000000000000e+00,0.000000000000000000e+00
7.803997641894626724e+01,0.000000000000000000e+00,0.000000000000000000e+00
7.624996530040299092e+01,0.000000000000000000e+00,0.000000000000000000e+00
7.694708527118635288e+01,0.000000000000000000e+00,0.000000000000000000e+00
7.502525665027087598e+01,0.000000000000000000e+00,0.000000000000000000e+00
7.680056407309163546e+01,0.000000000000000000e+00,0.000000000000000000e+00
7.562284998326119023e+01,0.000000000000000000e+00,0.000000000000000000e+00
7.537916546165256193e+01,0.000000000000000000e+00,0.000000000000000000e+00
7.953212377311312764e+01,0.000000000000000000e+00,0.000000000000000000e+00
7.543217897954941975e+01,0.000000000000000000e+00,0.000000000000000000e+00
7.496963045158445027e+01,0.000000000000000000e+00,0.000000000000000000e+00
7.394154216236111665e+01,0.000000000000000000e+00,0.000000000000000000e+00
7.845779781166386613e+01,0.000000000000000000e+00,0.000000000000000000e+00
7.590562091666664912e+01,0.000000000000000000e+00,0.000000000000000000e+00
7.394302155271242327e+01,0.000000000000000000e+00,0.000000000000000000e+00
7.486397007885267385e+01,0.000000000000000000e+00,0.000000000000000000e+00
8.097125607487905086e+01,0.000000000000000000e+00,0.000000000000000000e+00
7.650303743607489082e+01,0.000000000000000000e+00,0.000000000000000000e+00
7.588556504081562082e+01,0.000000000000000000e+00,0.000000000000000000e+00
7.431008790613594783e+01,0.000000000000000000e+00,0.000000000000000000e+00
7.852982491915864216e+01,0.000000000000000000e+00,0.000000000000000000e+00
7.391441220260544753e+01,0.000000000000000000e+00,0.000000000000000000e+00
8.094551696535329199e+01,0.000000000000000000e+00,0.000000000000000000e+00
7.565680698145959582e+01,0.000000000000000000e+00,0.000000000000000000e+00
7.626638932491722755e+01,0.000000000000000000e+00,0.000000000000000000e+00
7.429941544485976124e+01,0.000000000000000000e+00,0.000000000000000000e+00
7.563164537317814506e+01,0.000000000000000000e+00,0.000000000000000000e+00
7.617765273247337632e+01,0.000000000000000000e+00,0.000000000000000000e+00
7.612948151871515279e+01,0.000000000000000000e+00,0.000000000000000000e+00
7.596875762385442954e+01,0.000000000000000000e+00,0.000000000000000000e+00
7.426862608105376751e+01,0.000000000000000000e+00,0.000000000000000000e+00
7.195204748722501620e+01,0.000000000000000000e+00,0.000000000000000000e+00
7.682530191001407616e+01,0.000000000000000000e+00,0.000000000000000000e+00
7.464719167742241268e+01,0.000000000000000000e+00,0.000000000000000000e+00
7.716819536093977661e+01,0.000000000000000000e+00,0.000000000000000000e+00
7.760890347693901958e+01,0.000000000000000000e+00,0.000000000000000000e+00
7.468257733626489880e+01,0.000000000000000000e+00,0.000000000000000000e+00
7.457930401584833646e+01,0.000000000000000000e+00,0.000000000000000000e+00
7.588659844264140020e+01,0.000000000000000000e+00,0.000000000000000000e+00
7.468165089396792666e+01,0.000000000000000000e+00,0.000000000000000000e+00
7.598406695327645366e+01,0.000000000000000000e+00,0.000000000000000000e+00
7.738951811442480277e+01,0.000000000000000000e+00,0.000000000000000000e+00
7.441483058761117775e+01,0.000000000000000000e+00,0.000000000000000000e+00
7.921499492110559970e+01,0.000000000000000000e+00,0.000000000000000000e+00
7.521759138697373714e+01,0.000000000000000000e+00,0.000000000000000000e+00
7.396705268774256581e+01,0.000000000000000000e+00,0.000000000000000000e+00
7.449501878118925902e+01,0.000000000000000000e+00,0.000000000000000000e+00
7.234026806605443483e+01,0.000000000000000000e+00,0.000000000000000000e+00
7.607723743123430893e+01,0.000000000000000000e+00,0.000000000000000000e+00
7.656722379989186322e+01,0.000000000000000000e+00,0.000000000000000000e+00
7.496496269334085127e+01,0.000000000000000000e+00,0.000000000000000000e+00
7.844662311468322002e+01,0.000000000000000000e+00,0.000000000000000000e+00
7.428757054470538890e+01,0.000000000000000000e+00,0.000000000000000000e+00
7.553051703792948501e+01,0.000000000000000000e+00,0.000000000000000000e+00
7.401960735653226209e+01,0.000000000000000000e+00,0.000000000000000000e+00
7.404270030558120652e+01,0.000000000000000000e+00,0.000000000000000000e+00
7.357080246311970484e+01,0.000000000000000000e+00,0.000000000000000000e+00
7.612046822960876113e+01,0.000000000000000000e+00,0.000000000000000000e+00
7.523951242331719413e+01,0.000000000000000000e+00,0.000000000000000000e+00
7.206535502552594608e+01,0.000000000000000000e+00,0.000000000000000000e+00
7.134695184180304750e+01,0.000000000000000000e+00,0.000000000000000000e+00
7.395706675476756686e+01,0.000000000000000000e+00,0.000000000000000000e+00
7.587397274866707164e+01,0.000000000000000000e+00,0.000000000000000000e+00
7.220893092072334696e+01,0.000000000000000000e+00,0.000000000000000000e+00
7.571710286006575075e+01,0.000000000000000000e+00,0.000000000000000000e+00
7.411266535664110222e+01,0.000000000000000000e+00,0.000000000000000000e+00
7.198922229566174735e+01,0.000000000000000000e+00,0.000000000000000000e+00
7.443690738349337721e+01,0.000000000000000000e+00,0.000000000000000000e+00
7.668627099060590524e+01,0.000000000000000000e+00,0.000000000000000000e+00
7.520171125038271498e+01,0.000000000000000000e+00,0.000000000000000000e+00
7.534466730866488149e+01,0.000000000000000000e+00,0.000000000000000000e+00
7.451146489719370436e+01,0.000000000000000000e+00,0.000000000000000000e+00
7.386533771493829192e+01,0.000000000000000000e+00,0.000000000000000000e+00
7.399843874944120614e+01,0.000000000000000000e+00,0.000000000000000000e+00
7.277520690432533002e+01,0.000000000000000000e+00,0.000000000000000000e+00
7.356668195510137309e+01,0.000000000000000000e+00,0.000000000000000000e+00
7.109844278494769299e+01,0.000000000000000000e+00,0.000000000000000000e+00
7.223757751357591417e+01,0.000000000000000000e+00,0.000000000000000000e+00
7.169448307535165554e+01,0.000000000000000000e+00,0.000000000000000000e+00
7.294734331714178666e+01,0.000000000000000000e+00,0.000000000000000000e+00
7.281018511204268862e+01,0.000000000000000000e+00,0.000000000000000000e+00
7.379034592665728098e+01,0.000000000000000000e+00,0.000000000000000000e+00
7.265052109174304462e+01,0.000000000000000000e+00,0.000000000000000000e+00
7.623315637076093765e+01,0.000000000000000000e+00,0.000000000000000000e+00
7.192709003197263939e+01,0.000000000000000000e+00,0.000000000000000000e+00
7.442977570966600354e+01,0.000000000000000000e+00,0.000000000000000000e+00
7.179839025262357666e+01,0.000000000000000000e+00,0.000000000000000000e+00
7.383551906186269775e+01,0.000000000000000000e+00,0.000000000000000000e+00
7.606734109354729867e+01,0.000000000000000000e+00,0.000000000000000000e+00
7.087085654700480575e+01,0.000000000000000000e+00,0.000000000000000000e+00
6.976371307262812138e+01,0.000000000000000000e+00,0.000000000000000000e+00
7.029680584840292568e+01,0.000000000000000000e+00,0.000000000000000000e+00
7.427125922892955145e+01,0.000000000000000000e+00,0.000000000000000000e+00
7.134963645485800043e+01,0.000000000000000000e+00,0.000000000000000000e+00
6.964742773241812301e+01,0.000000000000000000e+00,0.000000000000000000e+00
7.568676419651015408e+01,0.000000000000000000e+00,0.000000000000000000e+00
7.292822935368633352e+01,0.000000000000000000e+00,0.000000000000000000e+00
7.469734565956036931e+01,0.000000000000000000e+00,0.000000000000000000e+00
7.324596974765995583e+01,0.000000000000000000e+00,0.000000000000000000e+00
7.216721344906528657e+01,0.000000000000000000e+00,0.000000000000000000e+00
7.335890266804992166e+01,0.000000000000000000e+00,0.000000000000000000e+00
7.447835062147841256e+01,0.000000000000000000e+00,0.000000000000000000e+00
7.364782077884659373e+01,0.000000000000000000e+00,0.000000000000000000e+00
7.370575802175842739e+01,0.000000000000000000e+00,0.000000000000000000e+00
7.375126640884980134e+01,0.000000000000000000e+00,0.000000000000000000e+00
6.845189777682155352e+01,0.000000000000000000e+00,0.000000000000000000e+00
7.191630378922577904e+01,0.000000000000000000e+00,0.000000000000000000e+00
7.028471908098532595e+01,0.000000000000000000e+00,0.000000000000000000e+00
7.239005772192567179e+01,0.000000000000000000e+00,0.000000000000000000e+00
7.379612554431025728e+01,0.000000000000000000e+00,0.000000000000000000e+00
6.969386621929437808e+01,0.000000000000000000e+00,0.000000000000000000e+00
6.855570004117518579e+01,0.000000000000000000e+00,0.000000000000000000e+00
6.998439668779373335e+01,0.000000000000000000e+00,0.000000000000000000e+00
7.140632910726272087e+01,0.000000000000000000e+00,0.000000000000000000e+00
6.932274716547961191e+01,0.000000000000000000e+00,0.000000000000000000e+00
7.009981841815596226e+01,0.000000000000000000e+00,0.000000000000000000e+00
7.035804599171230223e+01,0.000000000000000000e+00,0.000000000000000000e+00
7.393416938847812503e+01,0.000000000000000000e+00,0.000000000000000000e+00
7.022362115350198053e+01,0.000000000000000000e+00,0.000000000000000000e+00
6.926258985092727016e+01,0.000000000000000000e+00,0.000000000000000000e+00
7.190322979595462982e+01,0.000000000000000000e+00,0.000000000000000000e+00
7.119622893516263673e+01,0.000000000000000000e+00,0.000000000000000000e+00
7.170564480590614664e+01,0.000000000000000000e+00,0.000000000000000000e+00
7.449421903891006025e+01,0.000000000000000000e+00,0.000000000000000000e+00
7.118626009655422138e+01,0.000000000000000000e+00,0.000000000000000000e+00
7.122044164636689345e+01,0.000000000000000000e+00,0.000000000000000000e+00
7.100501020373523886e+01,0.000000000000000000e+00,0.000000000000000000e+00
6.590269134070588564e+01,0.000000000000000000e+00,0.000000000000000000e+00
7.039305694021916793e+01,0.000000000000000000e+00,0.000000000000000000e+00
7.117553319857677252e+01,0.000000000000000000e+00,0.000000000000000000e+00
7.219535721022062091e+01,0.000000000000000000e+00,0.000000000000000000e+00
6.930555447447008532e+01,0.000000000000000000e+00,0.000000000000000000e+00
7.188009354840117737e+01,0.000000000000000000e+00,0.000000000000000000e+00
6.894529424622903946e+01,0.000000000000000000e+00,0.000000000000000000e+00
6.998785717302040155e+01,0.000000000000000000e+00,0.000000000000000000e+00
7.279185135066980195e+01,0.000000000000000000e+00,0.000000000000000000e+00
7.076332543088462046e+01,0.000000000000000000e+00,0.000000000000000000e+00
7.270333546230023103e+01,0.000000000000000000e+00,0.000000000000000000e+00
6.761890503649588879e+01,0.000000000000000000e+00,0.000000000000000000e+00
7.283155124486910381e+01,0.000000000000000000e+00,0.000000000000000000e+00
7.158066125799146562e+01,0.000000000000000000e+00,0.000000000000000000e+00
6.960566646787853529e+01,0.000000000000000000e+00,0.000000000000000000e+00
6.746967831237797952e+01,0.000000000000000000e+00,0.000000000000000000e+00
7.354179354825160431e+01,0.000000000000000000e+00,0.000000000000000000e+00
6.882495555931284059e+01,0.000000000000000000e+00,0.000000000000000000e+00
6.764025568405264721e+01,0.000000000000000000e+00,0.000000000000000000e+00
6.845162169861120560e+01,0.000000000000000000e+00,0.000000000000000000e+00
6.921757858104693639e+01,0.000000000000000000e+00,0.000000000000000000e+00
7.039716742662739080e+01,0.000000000000000000e+00,0.000000000000000000e+00
7.086808663594561608e+01,0.000000000000000000e+00,0.000000000000000000e+00
6.926981797920869610e+01,0.000000000000000000e+00,0.000000000000000000e+00
7.003671543392395904e+01,0.000000000000000000e+00,0.000000000000000000e+00
6.704104766253658454e+01,0.000000000000000000e+00,0.000000000000000000e+00
7.118398716130482740e+01,0.000000000000000000e+00,0.000000000000000000e+00
6.863305419732623136e+01,0.000000000000000000e+00,0.000000000000000000e+00
6.737002101757221340e+01,0.000000000000000000e+00,0.000000000000000000e+00
6.695002805907571997e+01,0.000000000000000000e+00,0.000000000000000000e+00
6.716894970315590285e+01,0.000000000000000000e+00,0.000000000000000000e+00
6.633729323322789639e+01,0.000000000000000000e+00,0.000000000000000000e+00
6.713230101013959938e+01,0.000000000000000000e+00,0.000000000000000000e+00
6.728269748319976884e+01,0.000000000000000000e+00,0.000000000000000000e+00
6.763014278864690709e+01,0.000000000000000000e+00,0.000000000000000000e+00
7.174595428230449556e+01,0.000000000000000000e+00,0.000000000000000000e+00
6.915609469935718323e+01,0.000000000000000000e+00,0.000000000000000000e+00
6.849786527566713801e+01,0.000000000000000000e+00,0.000000000000000000e+00
6.743445970624874519e+01,0.000000000000000000e+00,0.000000000000000000e+00
7.144850592382918819e+01,0.000000000000000000e+00,0.000000000000000000e+00
6.811731233586738199e+01,0.000000000000000000e+00,0.000000000000000000e+00
6.759346379342832734e+01,0.000000000000000000e+00,0.000000000000000000e+00
6.768062039412679098e+01,0.000000000000000000e+00,0.000000000000000000e+00
6.800305333067703373e+01,0.000000000000000000e+00,0.000000000000000000e+00
6.730343144635027386e+01,0.000000000000000000e+00,0.000000000000000000e+00
6.736627548045488822e+01,0.000000000000000000e+00,0.000000000000000000e+00
6.883424896400627802e+01,0.000000000000000000e+00,0.000000000000000000e+00
7.051114497054066987e+01,0.000000000000000000e+00,0.000000000000000000e+00
6.844561369605740708e+01,0.000000000000000000e+00,0.000000000000000000e+00
7.162634728910501281e+01,0.000000000000000000e+00,0.000000000000000000e+00
6.748514725812619020e+01,0.000000000000000000e+00,0.000000000000000000e+00
6.485778276658565744e+01,0.000000000000000000e+00,0.000000000000000000e+00
6.850569997163631797e+01,0.000000000000000000e+00,0.000000000000000000e+00
6.413310841791368944e+01,0.000000000000000000e+00,0.000000000000000000e+00
6.942165435573633658e+01,0.000000000000000000e+00,0.000000000000000000e+00
6.798851429738726893e+01,0.000000000000000000e+00,0.000000000000000000e+00
6.707330156594119330e+01,0.000000000000000000e+00,0.000000000000000000e+00
6.544465300092689120e+01,0.000000000000000000e+00,0.000000000000000000e+00
6.772886952580783770e+01,0.000000000000000000e+00,0.000000000000000000e+00
6.873648107490444659e+01,0.000000000000000000e+00,0.000000000000000000e+00
6.447350025709643262e+01,0.000000000000000000e+00,0.000000000000000000e+00
6.576192143604477280e+01,0.000000000000000000e+00,0.000000000000000000e+00
6.451028174331564458e+01,0.000000000000000000e+00,0.000000000000000000e+00
6.600244378178801696e+01,0.000000000000000000e+00,0.000000000000000000e+00
6.436537375417961471e+01,0.000000000000000000e+00,0.000000000000000000e+00
6.457459383570936495e+01,0.000000000000000000e+00,0.000000000000000000e+00
6.921423347929814440e+01,0.000000000000000000e+00,0.000000000000000000e+00
6.369161374226051464e+01,0.000000000000000000e+00,0.000000000000000000e+00
6.425571423446972119e+01,0.000000000000000000e+00,0.000000000000000000e+00
6.489733546734122172e+01,0.000000000000000000e+00,0.000000000000000000e+00
6.385669686313658389e+01,0.000000000000000000e+00,0.000000000000000000e+00
6.901783663832404159e+01,0.000000000000000000e+00,0.000000000000000000e+00
6.558276125547213553e+01,0.000000000000000000e+00,0.000000000000000000e+00
6.234943466797884071e+01,0.000000000000000000e+00,0.000000000000000000e+00
6.344409587677576212e+01,0.000000000000000000e+00,0.000000000000000000e+00
6.440644009735059683e+01,0.000000000000000000e+00,0.000000000000000000e+00
6.687701634981590360e+01,0.000000000000000000e+00,0.000000000000000000e+00
6.720090839403046346e+01,0.000000000000000000e+00,0.000000000000000000e+00
6.295764707574524266e+01,0.000000000000000000e+00,0.000000000000000000e+00
6.501511634493876102e+01,0.000000000000000000e+00,0.000000000000000000e+00
6.612511323848102052e+01,0.000000000000000000e+00,0.000000000000000000e+00
6.804907365654965190e+01,0.000000000000000000e+00,0.000000000000000000e+00
6.997834233731373388e+01,0.000000000000000000e+00,0.000000000000000000e+00
6.242359238487411943e+01,0.000000000000000000e+00,0.000000000000000000e+00
6.295694096911473281e+01,0.000000000000000000e+00,0.000000000000000000e+00
6.565567340957655063e+01,0.000000000000000000e+00,0.000000000000000000e+00
6.556245039812117170e+01,0.000000000000000000e+00,0.000000000000000000e+00
6.534657515949912465e+01,0.000000000000000000e+00,0.000000000000000000e+00
6.353137639409774806e+01,0.000000000000000000e+00,0.000000000000000000e+00
6.383002338891122207e+01,0.000000000000000000e+00,0.000000000000000000e+00
6.487736316333696607e+01,0.000000000000000000e+00,0.000000000000000000e+00
6.224484889433092150e+01,0.000000000000000000e+00,0.000000000000000000e+00
6.771096692794527883e+01,0.000000000000000000e+00,0.000000000000000000e+00
6.506748262461366039e+01,0.000000000000000000e+00,0.000000000000000000e+00
6.465353123806815461e+01,0.000000000000000000e+00,0.000000000000000000e+00
5.848527801026234840e+01,0.000000000000000000e+00,0.000000000000000000e+00
6.117398985921590793e+01,0.000000000000000000e+00,0.000000000000000000e+00
6.550189800751282121e+01,0.000000000000000000e+00,0.000000000000000000e+00
6.449143713727737293e+01,0.000000000000000000e+00,0.000000000000000000e+00
6.407850709478833551e+01,0.000000000000000000e+00,0.000000000000000000e+00
6.156845936588743484e+01,0.000000000000000000e+00,0.000000000000000000e+00
6.593742708306173483e+01,0.000000000000000000e+00,0.000000000000000000e+00
6.223213313566512284e+01,0.000000000000000000e+00,0.000000000000000000e+00
6.171679380466765252e+01,0.000000000000000000e+00,0.000000000000000000e+00
6.437474439525801984e+01,0.000000000000000000e+00,0.000000000000000000e+00
6.616745016217338105e+01,0.000000000000000000e+00,0.000000000000000000e+00
6.239129154150710121e+01,0.000000000000000000e+00,0.000000000000000000e+00
6.535950769449139841e+01,0.000000000000000000e+00,0.000000000000000000e+00
6.311516042291811601e+01,0.000000000000000000e+00,0.000000000000000000e+00
6.216758543990805919e+01,0.000000000000000000e+00,0.000000000000000000e+00
6.413555865091110775e+01,0.000000000000000000e+00,0.000000000000000000e+00
6.171556195885281682e+01,0.000000000000000000e+00,0.000000000000000000e+00
6.686712209187490430e+01,0.000000000000000000e+00,0.000000000000000000e+00
6.177031613587024594e+01,0.000000000000000000e+00,0.000000000000000000e+00
6.144418948047509588e+01,0.000000000000000000e+00,0.000000000000000000e+00
6.130102666193805305e+01,0.000000000000000000e+00,0.000000000000000000e+00
6.407418775933714983e+01,0.000000000000000000e+00,0.000000000000000000e+00
6.446648566695773752e+01,0.000000000000000000e+00,0.000000000000000000e+00
6.484401679626040504e+01,0.000000000000000000e+00,0.000000000000000000e+00
6.617998483484718975e+01,0.000000000000000000e+00,0.000000000000000000e+00
6.329421743101158171e+01,0.000000000000000000e+00,0.000000000000000000e+00
6.500882781142031774e+01,0.000000000000000000e+00,0.000000000000000000e+00
6.593273988400287067e+01,0.000000000000000000e+00,0.000000000000000000e+00
6.210460307230792409e+01,0.000000000000000000e+00,0.000000000000000000e+00
6.387344160166813367e+01,0.000000000000000000e+00,0.000000000000000000e+00
5.959837655562607495e+01,0.000000000000000000e+00,0.000000000000000000e+00
6.128970747063174684e+01,0.000000000000000000e+00,0.000000000000000000e+00
6.153821957347744842e+01,0.000000000000000000e+00,0.000000000000000000e+00
5.897472500146614038e+01,0.000000000000000000e+00,0.000000000000000000e+00
6.118263413891705227e+01,0.000000000000000000e+00,0.000000000000000000e+00
6.111970307288299153e+01,0.000000000000000000e+00,0.000000000000000000e+00
6.125515225327198721e+01,0.000000000000000000e+00,0.000000000000000000e+00
6.407866111509916607e+01,0.000000000000000000e+00,0.000000000000000000e+00
6.329578833448072572e+01,0.000000000000000000e+00,0.000000000000000000e+00
5.898342173972298497e+01,0.000000000000000000e+00,0.000000000000000000e+00
6.160209350981236298e+01,0.000000000000000000e+00,0.000000000000000000e+00
6.347101583554254489e+01,0.000000000000000000e+00,0.000000000000000000e+00
6.291759540193319822e+01,0.000000000000000000e+00,0.000000000000000000e+00
6.142849768345298855e+01,0.000000000000000000e+00,0.000000000000000000e+00
6.009804582012609586e+01,0.000000000000000000e+00,0.000000000000000000e+00
5.984904962372883119e+01,0.000000000000000000e+00,0.000000000000000000e+00
6.056081157572821638e+01,0.000000000000000000e+00,0.000000000000000000e+00
6.315592430200849350e+01,0.000000000000000000e+00,0.000000000000000000e+00
6.136966076938396952e+01,0.000000000000000000e+00,0.000000000000000000e+00
5.963458452566753465e+01,0.000000000000000000e+00,0.000000000000000000e+00
6.187639650688682025e+01,0.000000000000000000e+00,0.000000000000000000e+00
5.944837555854277866e+01,0.000000000000000000e+00,0.000000000000000000e+00
6.045919616688387066e+01,0.000000000000000000e+00,0.000000000000000000e+00
6.277837674616583996e+01,0.000000000000000000e+00,0.000000000000000000e+00
5.913581651666940786e+01,0.000000000000000000e+00,0.000000000000000000e+00
5.908841628208888608e+01,0.000000000000000000e+00,0.000000000000000000e+00
5.749228437764175226e+01,0.000000000000000000e+00,0.000000000000000000e+00
5.824812416298431827e+01,0.000000000000000000e+00,0.000000000000000000e+00
5.657845810750845317e+01,0.000000000000000000e+00,0.000000000000000000e+00
5.666113791860583149e+01,0.000000000000000000e+00,0.000000000000000000e+00
5.946017260765307100e+01,0.000000000000000000e+00,0.000000000000000000e+00
5.972103817088760280e+01,0.000000000000000000e+00,0.000000000000000000e+00
5.966455632633912387e+01,0.000000000000000000e+00,0.000000000000000000e+00
5.712325279725928340e+01,0.000000000000000000e+00,0.000000000000000000e+00
6.337525433725210888e+01,0.000000000000000000e+00,0.000000000000000000e+00
6.322019671983530031e+01,0.000000000000000000e+00,0.000000000000000000e+00
6.137555512043815042e+01,0.000000000000000000e+00,0.000000000000000000e+00
5.786928617932639440e+01,0.000000000000000000e+00,0.000000000000000000e+00
5.450421000306045727e+01,0.000000000000000000e+00,0.000000000000000000e+00
5.956011795242643814e+01,0.000000000000000000e+00,0.000000000000000000e+00
5.606420328085165750e+01,0.000000000000000000e+00,0.000000000000000000e+00
5.878663748500479613e+01,0.000000000000000000e+00,0.000000000000000000e+00
5.858710451952118348e+01,0.000000000000000000e+00,0.000000000000000000e+00
5.761222059941285778e+01,0.000000000000000000e+00,0.000000000000000000e+00
5.622695806053344825e+01,0.000000000000000000e+00,0.000000000000000000e+00
5.624596669745985622e+01,0.000000000000000000e+00,0.000000000000000000e+00
6.145775987741897950e+01,0.000000000000000000e+00,0.000000000000000000e+00
5.741281234463382077e+01,0.000000000000000000e+00,0.000000000000000000e+00
6.039235895101587914e+01,0.000000000000000000e+00,0.000000000000000000e+00
5.693705627587007712e+01,0.000000000000000000e+00,0.000000000000000000e+00
5.369102126029829947e+01,0.000000000000000000e+00,0.000000000000000000e+00
5.896378103611903754e+01,0.000000000000000000e+00,0.000000000000000000e+00
5.882114998393443983e+01,0.000000000000000000e+00,0.000000000000000000e+00
6.122497856221355761e+01,0.000000000000000000e+00,0.000000000000000000e+00
5.630958946575142932e+01,0.000000000000000000e+00,0.000000000000000000e+00
5.988540224271156376e+01,0.000000000000000000e+00,0.000000000000000000e+00
5.949462768066226914e+01,0.000000000000000000e+00,0.000000000000000000e+00
5.702057830345779621e+01,0.000000000000000000e+00,0.000000000000000000e+00
5.663328884937092056e+01,0.000000000000000000e+00,0.000000000000000000e+00
5.363618439003180072e+01,0.000000000000000000e+00,0.000000000000000000e+00
5.806462005764493739e+01,0.000000000000000000e+00,0.000000000000000000e+00
5.977867449740109151e+01,0.000000000000000000e+00,0.000000000000000000e+00
5.874425926358019723e+01,0.000000000000000000e+00,0.000000000000000000e+00
5.815539632895107047e+01,0.000000000000000000e+00,0.000000000000000000e+00
5.776798606635675526e+01,0.000000000000000000e+00,0.000000000000000000e+00
5.822477892937119748e+01,0.000000000000000000e+00,0.000000000000000000e+00
5.676744872803122632e+01,0.000000000000000000e+00,0.000000000000000000e+00
5.878087747059571200e+01,0.000000000000000000e+00,0.000000000000000000e+00
5.637051378632177290e+01,0.000000000000000000e+00,0.000000000000000000e+00
5.730302116279695213e+01,0.000000000000000000e+00,0.000000000000000000e+00
5.641379176741558155e+01,0.000000000000000000e+00,0.000000000000000000e+00
5.366593459810970046e+01,0.000000000000000000e+00,0.000000000000000000e+00
5.564344411106426946e+01,0.000000000000000000e+00,0.000000000000000000e+00
5.461414462723506347e+01,0.000000000000000000e+00,0.000000000000000000e+00
5.626100269569769097e+01,0.000000000000000000e+00,0.000000000000000000e+00
5.398824218698234745e+01,0.000000000000000000e+00,0.000000000000000000e+00
5.808213381910309181e+01,0.000000000000000000e+00,0.000000000000000000e+00
5.337234993414926976e+01,0.000000000000000000e+00,0.000000000000000000e+00
5.497948106655608314e+01,0.000000000000000000e+00,0.000000000000000000e+00
5.518341308871844575e+01,0.000000000000000000e+00,0.000000000000000000e+00
5.481676017619227537e+01,0.000000000000000000e+00,0.000000000000000000e+00
5.455791239187386310e+01,0.000000000000000000e+00,0.000000000000000000e+00
5.593816057994761337e+01,0.000000000000000000e+00,0.000000000000000000e+00
5.657739848587692677e+01,0.000000000000000000e+00,0.000000000000000000e+00
5.675501468001088057e+01,0.000000000000000000e+00,0.000000000000000000e+00
5.284860061370667950e+01,0.000000000000000000e+00,0.000000000000000000e+00
5.555030473519987311e+01,0.000000000000000000e+00,0.000000000000000000e+00
5.231678642931194645e+01,0.000000000000000000e+00,0.000000000000000000e+00
5.386028406854057948e+01,0.000000000000000000e+00,0.000000000000000000e+00
5.386438047778343474e+01,0.000000000000000000e+00,0.000000000000000000e+00
5.425855960000683353e+01,0.000000000000000000e+00,0.000000000000000000e+00
5.588046650941895876e+01,0.000000000000000000e+00,0.000000000000000000e+00
5.275928381313477900e+01,0.000000000000000000e+00,0.000000000000000000e+00
5.728722391982714157e+01,0.000000000000000000e+00,0.000000000000000000e+00
5.427016969140242253e+01,0.000000000000000000e+00,0.000000000000000000e+00
5.432142819647940257e+01,0.000000000000000000e+00,0.000000000000000000e+00
5.216849559546212589e+01,0.000000000000000000e+00,0.000000000000000000e+00
5.846225869822180954e+01,0.000000000000000000e+00,0.000000000000000000e+00
5.433100617565187918e+01,0.000000000000000000e+00,0.000000000000000000e+00
5.726206173270340116e+01,0.000000000000000000e+00,0.000000000000000000e+00
5.612254899747824766e+01,0.000000000000000000e+00,0.000000000000000000e+00
5.199870940992538948e+01,0.000000000000000000e+00,0.000000000000000000e+00
5.224056285694535262e+01,0.000000000000000000e+00,0.000000000000000000e+00
5.001163824693299631e+01,0.000000000000000000e+00,0.000000000000000000e+00
5.481850525797131723e+01,0.000000000000000000e+00,0.000000000000000000e+00
5.425501494467035002e+01,0.000000000000000000e+00,0.000000000000000000e+00
5.144051159309903198e+01,0.000000000000000000e+00,0.000000000000000000e+00
5.069166522998857261e+01,0.000000000000000000e+00,0.000000000000000000e+00
5.289916257339842787e+01,0.000000000000000000e+00,0.000000000000000000e+00
5.286121587164237212e+01,0.000000000000000000e+00,0.000000000000000000e+00
5.213296613754366859e+01,0.000000000000000000e+00,0.000000000000000000e+00
5.519877172831928647e+01,0.000000000000000000e+00,0.000000000000000000e+00
5.072919841902453442e+01,0.000000000000000000e+00,0.000000000000000000e+00
5.257898865773528740e+01,0.000000000000000000e+00,0.000000000000000000e+00
5.613604163082372622e+01,0.000000000000000000e+00,0.000000000000000000e+00
5.364954847210846367e+01,0.000000000000000000e+00,0.000000000000000000e+00
5.018656992246021531e+01,0.000000000000000000e+00,0.000000000000000000e+00
5.330604646591712736e+01,0.000000000000000000e+00,0.000000000000000000e+00
5.133334316715901480e+01,0.000000000000000000e+00,0.000000000000000000e+00
5.624508835478293634e+01,0.000000000000000000e+00,0.000000000000000000e+00
5.172706501811167357e+01,0.000000000000000000e+00,0.000000000000000000e+00
5.160796328182989612e+01,0.000000000000000000e+00,0.000000000000000000e+00
5.393792277173136540e+01,0.000000000000000000e+00,0.000000000000000000e+00
5.289537372951735961e+01,0.000000000000000000e+00,0.000000000000000000e+00
5.371585776000272006e+01,0.000000000000000000e+00,0.000000000000000000e+00
5.043604992673708409e+01,0.000000000000000000e+00,0.000000000000000000e+00
5.035528980662231646e+01,0.000000000000000000e+00,0.000000000000000000e+00
5.320015118854662717e+01,0.000000000000000000e+00,0.000000000000000000e+00
4.874239617883105069e+01,0.000000000000000000e+00,0.000000000000000000e+00
5.229031249823360383e+01,0.000000000000000000e+00,0.000000000000000000e+00
5.368927748344543005e+01,0.000000000000000000e+00,0.000000000000000000e+00
5.259037231626867737e+01,0.000000000000000000e+00,0.000000000000000000e+00
4.817357782362591223e+01,0.000000000000000000e+00,0.000000000000000000e+00
5.472178801661392811e+01,0.000000000000000000e+00,0.000000000000000000e+00
5.072996004549676030e+01,0.000000000000000000e+00,0.000000000000000000e+00
5.130992034969705173e+01,0.000000000000000000e+00,0.000000000000000000e+00
5.291358107115997456e+01,0.000000000000000000e+00,0.000000000000000000e+00
4.677403838321819762e+01,0.000000000000000000e+00,0.000000000000000000e+00
5.066610589669404874e+01,0.000000000000000000e+00,0.000000000000000000e+00
5.046436282598391188e+01,0.000000000000000000e+00,0.000000000000000000e+00
4.971985420716839599e+01,0.000000000000000000e+00,0.000000000000000000e+00
4.939127410073412960e+01,0.000000000000000000e+00,0.000000000000000000e+00
4.861687339687781417e+01,0.000000000000000000e+00,0.000000000000000000e+00
5.450021204237772565e+01,0.000000000000000000e+00,0.000000000000000000e+00
4.962565628845960930e+01,0.000000000000000000e+00,0.000000000000000000e+00
4.641255083672763249e+01,0.000000000000000000e+00,0.000000000000000000e+00
5.094694741882366884e+01,0.000000000000000000e+00,0.000000000000000000e+00
5.201490536141756138e+01,0.000000000000000000e+00,0.000000000000000000e+00
5.470395062043705536e+01,0.000000000000000000e+00,0.000000000000000000e+00
5.302674332576532379e+01,0.000000000000000000e+00,0.000000000000000000e+00
5.040056918110933282e+01,0.000000000000000000e+00,0.000000000000000000e+00
4.829073284460682913e+01,0.000000000000000000e+00,0.000000000000000000e+00
4.880789190514094855e+01,0.000000000000000000e+00,0.000000000000000000e+00
4.974853492622833784e+01,0.000000000000000000e+00,0.000000000000000000e+00
4.687285012962561837e+01,0.000000000000000000e+00,0.000000000000000000e+00
5.418943098950602888e+01,0.000000000000000000e+00,0.000000000000000000e+00
5.073038081866248916e+01,0.000000000000000000e+00,0.000000000000000000e+00
5.166424407515624750e+01,0.000000000000000000e+00,0.000000000000000000e+00
5.153177120258605015e+01,0.000000000000000000e+00,0.000000000000000000e+00
4.972864788148690707e+01,0.000000000000000000e+00,0.000000000000000000e+00
5.155851020952170671e+01,0.000000000000000000e+00,0.000000000000000000e+00
5.036739233145793548e+01,0.000000000000000000e+00,0.000000000000000000e+00
4.797074047224038651e+01,0.000000000000000000e+00,0.000000000000000000e+00
5.059233730359483872e+01,0.000000000000000000e+00,0.000000000000000000e+00
4.785978165945246587e+01,0.000000000000000000e+00,0.000000000000000000e+00
4.869246080979307578e+01,0.000000000000000000e+00,0.000000000000000000e+00
4.788496583958081487e+01,0.000000000000000000e+00,0.000000000000000000e+00
4.930802668629136321e+01,0.000000000000000000e+00,0.000000000000000000e+00
4.882108128128483315e+01,0.000000000000000000e+00,0.000000000000000000e+00
4.848043597063420407e+01,0.000000000000000000e+00,0.000000000000000000e+00
4.777515086923075671e+01,0.000000000000000000e+00,0.000000000000000000e+00
4.852266608130878467e+01,0.000000000000000000e+00,0.000000000000000000e+00
5.133799233069616719e+01,0.000000000000000000e+00,0.000000000000000000e+00
5.241075500557169420e+01,0.000000000000000000e+00,0.000000000000000000e+00
4.612604751983771934e+01,0.000000000000000000e+00,0.000000000000000000e+00
4.842072464549861621e+01,0.000000000000000000e+00,0.000000000000000000e+00
4.508518266904587080e+01,0.000000000000000000e+00,0.000000000000000000e+00
4.762789972783993875e+01,0.000000000000000000e+00,0.000000000000000000e+00
4.628922978732445159e+01,0.000000000000000000e+00,0.000000000000000000e+00
4.853003536963880293e+01,0.000000000000000000e+00,0.000000000000000000e+00
5.151354468966277267e+01,0.000000000000000000e+00,0.000000000000000000e+00
4.445753768691881902e+01,0.000000000000000000e+00,0.000000000000000000e+00
4.516268023859100111e+01,0.000000000000000000e+00,0.000000000000000000e+00
4.860806417166728721e+01,0.000000000000000000e+00,0.000000000000000000e+00
4.832605227233884193e+01,0.000000000000000000e+00,0.000000000000000000e+00
4.297835602597324112e+01,0.000000000000000000e+00,0.000000000000000000e+00
4.676543365869152780e+01,0.000000000000000000e+00,0.000000000000000000e+00
5.036024293310176603e+01,0.000000000000000000e+00,0.000000000000000000e+00
5.085169437310315743e+01,0.000000000000000000e+00,0.000000000000000000e+00
4.376491874769088497e+01,0.000000000000000000e+00,0.000000000000000000e+00
4.642936614785944016e+01,0.000000000000000000e+00,0.000000000000000000e+00
4.298527168203447246e+01,0.000000000000000000e+00,0.000000000000000000e+00
4.635294578139083654e+01,0.000000000000000000e+00,0.000000000000000000e+00
4.362069813773884164e+01,0.000000000000000000e+00,0.000000000000000000e+00
4.271028195051707144e+01,0.000000000000000000e+00,0.000000000000000000e+00
4.496966750203805674e+01,0.000000000000000000e+00,0.000000000000000000e+00
4.564072117247149407e+01,0.000000000000000000e+00,0.000000000000000000e+00
4.764115556044124844e+01,0.000000000000000000e+00,0.000000000000000000e+00
4.692387763428995839e+01,0.000000000000000000e+00,0.000000000000000000e+00
4.277760020394015328e+01,0.000000000000000000e+00,0.000000000000000000e+00
4.640826717814604052e+01,0.000000000000000000e+00,0.000000000000000000e+00
4.469752483305547486e+01,0.000000000000000000e+00,0.000000000000000000e+00
4.347468801932448201e+01,0.000000000000000000e+00,0.000000000000000000e+00
4.348271917998192038e+01,0.000000000000000000e+00,0.000000000000000000e+00
4.715380949954171541e+01,0.000000000000000000e+00,0.000000000000000000e+00
4.675249496346187783e+01,0.000000000000000000e+00,0.000000000000000000e+00
4.704840340071807958e+01,0.000000000000000000e+00,0.000000000000000000e+00
4.522939271980349929e+01,0.000000000000000000e+00,0.000000000000000000e+00
4.579262862909420306e+01,0.000000000000000000e+00,0.000000000000000000e+00
4.392687045505989829e+01,0.000000000000000000e+00,0.000000000000000000e+00
4.395268461746567823e+01,0.000000000000000000e+00,0.000000000000000000e+00
4.291128889051548612e+01,0.000000000000000000e+00,0.000000000000000000e+00
4.471828020889952882e+01,0.000000000000000000e+00,0.000000000000000000e+00
4.599238804388274104e+01,0.000000000000000000e+00,0.000000000000000000e+00
4.721729108154624299e+01,0.000000000000000000e+00,0.000000000000000000e+00
4.406014867183318273e+01,0.000000000000000000e+00,0.000000000000000000e+00
4.156086035010116575e+01,0.000000000000000000e+00,0.000000000000000000e+00
4.650639605979787916e+01,0.000000000000000000e+00,0.000000000000000000e+00
4.270131079175241240e+01,0.000000000000000000e+00,0.000000000000000000e+00
4.442477853268451327e+01,0.000000000000000000e+00,0.000000000000000000e+00
4.092093991276652076e+01,0.000000000000000000e+00,0.000000000000000000e+00
4.546775916709479759e+01,0.000000000000000000e+00,0.000000000000000000e+00
4.454221332663134092e+01,0.000000000000000000e+00,0.000000000000000000e+00
4.765111376282825262e+01,0.000000000000000000e+00,0.000000000000000000e+00
4.594399782322025061e+01,0.000000000000000000e+00,0.000000000000000000e+00
4.307031545794354344e+01,0.000000000000000000e+00,0.000000000000000000e+00
4.183438781662735551e+01,0.000000000000000000e+00,0.000000000000000000e+00
4.207610845136884592e+01,0.000000000000000000e+00,0.000000000000000000e+00
3.953354556364093497e+01,0.000000000000000000e+00,0.000000000000000000e+00
4.600811476219965357e+01,0.000000000000000000e+00,0.000000000000000000e+00
4.523137448571608132e+01,0.000000000000000000e+00,0.000000000000000000e+00
4.351106514305667616e+01,0.000000000000000000e+00,0.000000000000000000e+00
4.707386182079979164e+01,0.000000000000000000e+00,0.000000000000000000e+00
4.431602921044255083e+01,0.000000000000000000e+00,0.000000000000000000e+00
4.444748770041726971e+01,0.000000000000000000e+00,0.000000000000000000e+00
4.690285916316163650e+01,0.000000000000000000e+00,0.000000000000000000e+00
4.276126013645039592e+01,0.000000000000000000e+00,0.000000000000000000e+00
4.422996417083842857e+01,0.000000000000000000e+00,0.000000000000000000e+00
4.259316916378323725e+01,0.000000000000000000e+00,0.000000000000000000e+00
4.375814603837373795e+01,0.000000000000000000e+00,0.000000000000000000e+00
4.151863560848891410e+01,0.000000000000000000e+00,0.000000000000000000e+00
4.298214007123799263e+01,0.000000000000000000e+00,0.000000000000000000e+00
4.162093420097838248e+01,0.000000000000000000e+00,0.000000000000000000e+00
4.307004728788632519e+01,0.000000000000000000e+00,0.000000000000000000e+00
4.449925354956203449e+01,0.000000000000000000e+00,0.000000000000000000e+00
4.444903230278342932e+01,0.000000000000000000e+00,0.000000000000000000e+00
4.230574164231246925e+01,0.000000000000000000e+00,0.000000000000000000e+00
4.373444674700179746e+01,0.000000000000000000e+00,0.000000000000000000e+00
4.126673083746963755e+01,0.000000000000000000e+00,0.000000000000000000e+00
4.285221538068271485e+01,0.000000000000000000e+00,0.000000000000000000e+00
4.184211842990282548e+01,0.000000000000000000e+00,0.000000000000000000e+00
4.266120683046867157e+01,0.000000000000000000e+00,0.000000000000000000e+00
4.069059272895518120e+01,0.000000000000000000e+00,0.000000000000000000e+00
4.370120110326830343e+01,0.000000000000000000e+00,0.000000000000000000e+00
4.075255068596241870e+01,0.000000000000000000e+00,0.000000000000000000e+00
4.082050264436615805e+01,0.000000000000000000e+00,0.000000000000000000e+00
4.141724033763743051e+01,0.000000000000000000e+00,0.000000000000000000e+00
4.107863163360747194e+01,0.000000000000000000e+00,0.000000000000000000e+00
4.106145566268974534e+01,0.000000000000000000e+00,0.000000000000000000e+00
4.207580588354502282e+01,0.000000000000000000e+00,0.000000000000000000e+00
3.935996642397605427e+01,0.000000000000000000e+00,0.000000000000000000e+00
3.845956382226943759e+01,0.000000000000000000e+00,0.000000000000000000e+00
4.393754565838633397e+01,0.000000000000000000e+00,0.000000000000000000e+00
4.132433560531513450e+01,0.000000000000000000e+00,0.000000000000000000e+00
4.139194037685097527e+01,0.000000000000000000e+00,0.000000000000000000e+00
4.159627626189493554e+01,0.000000000000000000e+00,0.000000000000000000e+00
4.207996657733949064e+01,0.000000000000000000e+00,0.000000000000000000e+00
4.276370514242903198e+01,0.000000000000000000e+00,0.000000000000000000e+00
4.253703046130557652e+01,0.000000000000000000e+00,0.000000000000000000e+00
4.177493510598552007e+01,0.000000000000000000e+00,0.000000000000000000e+00
4.195968574523236327e+01,0.000000000000000000e+00,0.000000000000000000e+00
3.759324602384482716e+01,0.000000000000000000e+00,0.000000000000000000e+00
3.942786187166453260e+01,0.000000000000000000e+00,0.000000000000000000e+00
3.934483058598662097e+01,0.000000000000000000e+00,0.000000000000000000e+00
4.064063929462820823e+01,0.000000000000000000e+00,0.000000000000000000e+00
4.055329416143450771e+01,0.000000000000000000e+00,0.000000000000000000e+00
4.035982145293358769e+01,0.000000000000000000e+00,0.000000000000000000e+00
4.166626343892033901e+01,0.000000000000000000e+00,0.000000000000000000e+00
4.179510266459774925e+01,0.000000000000000000e+00,0.000000000000000000e+00
3.893295892691028826e+01,0.000000000000000000e+00,0.000000000000000000e+00
4.009635252142783202e+01,0.000000000000000000e+00,0.000000000000000000e+00
4.122396305648039316e+01,0.000000000000000000e+00,0.000000000000000000e+00
4.092918933761218625e+01,0.000000000000000000e+00,0.000000000000000000e+00
3.602125702128503093e+01,0.000000000000000000e+00,0.000000000000000000e+00
3.943156185165452143e+01,0.000000000000000000e+00,0.000000000000000000e+00
3.773957839328875252e+01,0.000000000000000000e+00,0.000000000000000000e+00
4.035492383063304800e+01,0.000000000000000000e+00,0.000000000000000000e+00
3.884942066354842893e+01,0.000000000000000000e+00,0.000000000000000000e+00
3.838050966804024000e+01,0.000000000000000000e+00,0.000000000000000000e+00
3.676117713673750131e+01,0.000000000000000000e+00,0.000000000000000000e+00
3.995847771401206217e+01,0.000000000000000000e+00,0.000000000000000000e+00
4.090124704892808438e+01,0.000000000000000000e+00,0.000000000000000000e+00
3.792124629569872951e+01,0.000000000000000000e+00,0.000000000000000000e+00
3.935009950478823981e+01,0.000000000000000000e+00,0.000000000000000000e+00
3.786098684989438823e+01,0.000000000000000000e+00,0.000000000000000000e+00
3.903024728312686165e+01,0.000000000000000000e+00,0.000000000000000000e+00
3.572327620063429521e+01,0.000000000000000000e+00,0.000000000000000000e+00
3.782400787811222642e+01,0.000000000000000000e+00,0.000000000000000000e+00
3.752320088737594972e+01,0.000000000000000000e+00,0.000000000000000000e+00
3.875309521210774477e+01,0.000000000000000000e+00,0.000000000000000000e+00
3.880039312922301065e+01,0.000000000000000000e+00,0.000000000000000000e+00
4.186068498407386329e+01,0.000000000000000000e+00,0.000000000000000000e+00
3.738439703571341255e+01,0.000000000000000000e+00,0.000000000000000000e+00
3.569698057659402934e+01,0.000000000000000000e+00,0.000000000000000000e+00
3.770967480334306998e+01,0.000000000000000000e+00,0.000000000000000000e+00
4.064296248077187101e+01,0.000000000000000000e+00,0.000000000000000000e+00
4.031946892671789584e+01,0.000000000000000000e+00,0.000000000000000000e+00
3.705776985367170795e+01,0.000000000000000000e+00,0.000000000000000000e+00
3.501114414361700966e+01,0.000000000000000000e+00,0.000000000000000000e+00
3.386862991873818629e+01,0.000000000000000000e+00,0.000000000000000000e+00
3.703953680458826625e+01,0.000000000000000000e+00,0.000000000000000000e+00
3.554904362280964136e+01,0.000000000000000000e+00,0.000000000000000000e+00
3.875138253808756161e+01,0.000000000000000000e+00,0.000000000000000000e+00
3.911911319954007382e+01,0.000000000000000000e+00,0.000000000000000000e+00
3.749309667202296481e+01,0.000000000000000000e+00,0.000000000000000000e+00
3.611803932178883514e+01,0.000000000000000000e+00,0.000000000000000000e+00
3.258635065294889444e+01,0.000000000000000000e+00,0.000000000000000000e+00
3.581976016931308493e+01,0.000000000000000000e+00,0.000000000000000000e+00
3.784426090309320756e+01,0.000000000000000000e+00,0.000000000000000000e+00
3.632491648279306418e+01,0.000000000000000000e+00,0.000000000000000000e+00
3.718943500711613126e+01,0.000000000000000000e+00,0.000000000000000000e+00
3.815408856048892972e+01,0.000000000000000000e+00,0.000000000000000000e+00
3.698153386497310890e+01,0.000000000000000000e+00,0.000000000000000000e+00
3.636051874086479785e+01,0.000000000000000000e+00,0.000000000000000000e+00
3.918485923071012422e+01,0.000000000000000000e+00,0.000000000000000000e+00
3.417454501331229011e+01,0.000000000000000000e+00,0.000000000000000000e+00
3.925210354243817790e+01,0.000000000000000000e+00,0.000000000000000000e+00
3.481125623999691499e+01,0.000000000000000000e+00,0.000000000000000000e+00
3.517884843643768988e+01,0.000000000000000000e+00,0.000000000000000000e+00
3.711682130929160905e+01,0.000000000000000000e+00,0.000000000000000000e+00
3.511447919128431039e+01,0.000000000000000000e+00,0.000000000000000000e+00
3.238925190492528117e+01,0.000000000000000000e+00,0.000000000000000000e+00
3.679635407098079014e+01,0.000000000000000000e+00,0.000000000000000000e+00
3.342043334505054730e+01,0.000000000000000000e+00,0.000000000000000000e+00
3.203491070569208432e+01,0.000000000000000000e+00,0.000000000000000000e+00
3.794480386359185786e+01,0.000000000000000000e+00,0.000000000000000000e+00
3.117134544945565366e+01,0.000000000000000000e+00,0.000000000000000000e+00
3.168303712522322257e+01,0.000000000000000000e+00,0.000000000000000000e+00
3.996467139124047918e+01,0.000000000000000000e+00,0.000000000000000000e+00
3.789704702589760643e+01,0.000000000000000000e+00,0.000000000000000000e+00
3.514512231763714567e+01,0.000000000000000000e+00,0.000000000000000000e+00
3.280409824995145129e+01,0.000000000000000000e+00,0.000000000000000000e+00
3.895725049198483703e+01,0.000000000000000000e+00,0.000000000000000000e+00
3.411593404295933851e+01,0.000000000000000000e+00,0.000000000000000000e+00
3.453578587043514148e+01,0.000000000000000000e+00,0.000000000000000000e+00
3.536469027990116842e+01,0.000000000000000000e+00,0.000000000000000000e+00
3.731177407925686396e+01,0.000000000000000000e+00,0.000000000000000000e+00
3.164728105105828959e+01,0.000000000000000000e+00,0.000000000000000000e+00
3.845804339549546569e+01,0.000000000000000000e+00,0.000000000000000000e+00
3.430183348175602021e+01,0.000000000000000000e+00,0.000000000000000000e+00
4.018489702275560660e+01,0.000000000000000000e+00,0.000000000000000000e+00
3.272963322163739264e+01,0.000000000000000000e+00,0.000000000000000000e+00
3.628392712364863826e+01,0.000000000000000000e+00,0.000000000000000000e+00
3.685136699436256436e+01,0.000000000000000000e+00,0.000000000000000000e+00
3.402718480857631533e+01,0.000000000000000000e+00,0.000000000000000000e+00
3.010556123554095365e+01,0.000000000000000000e+00,0.000000000000000000e+00
3.571045155236283364e+01,0.000000000000000000e+00,0.000000000000000000e+00
3.117191810062028168e+01,0.000000000000000000e+00,0.000000000000000000e+00
3.204262097209611682e+01,0.000000000000000000e+00,0.000000000000000000e+00
3.466190876419356215e+01,0.000000000000000000e+00,0.000000000000000000e+00
3.436668267121002884e+01,0.000000000000000000e+00,0.000000000000000000e+00
3.346151687118108953e+01,0.000000000000000000e+00,0.000000000000000000e+00
3.536435598847219097e+01,0.000000000000000000e+00,0.000000000000000000e+00
3.502217874653157281e+01,0.000000000000000000e+00,0.000000000000000000e+00
3.451377260562881588e+01,0.000000000000000000e+00,0.000000000000000000e+00
2.898845094867797911e+01,0.000000000000000000e+00,0.000000000000000000e+00
3.432577898166698560e+01,0.000000000000000000e+00,0.000000000000000000e+00
3.289173211483165460e+01,0.000000000000000000e+00,0.000000000000000000e+00
3.509086201902441360e+01,0.000000000000000000e+00,0.000000000000000000e+00
3.199370701651941928e+01,0.000000000000000000e+00,0.000000000000000000e+00
2.958722824097920068e+01,0.000000000000000000e+00,0.000000000000000000e+00
3.142359161375127385e+01,0.000000000000000000e+00,0.000000000000000000e+00
3.321591961985535590e+01,0.000000000000000000e+00,0.000000000000000000e+00
3.056488000267972893e+01,0.000000000000000000e+00,0.000000000000000000e+00
3.208445035726462891e+01,0.000000000000000000e+00,0.000000000000000000e+00
3.421503655730271021e+01,0.000000000000000000e+00,0.000000000000000000e+00
3.507368200472741648e+01,0.000000000000000000e+00,0.000000000000000000e+00
3.292856798396905305e+01,0.000000000000000000e+00,0.000000000000000000e+00
3.345647556587190508e+01,0.000000000000000000e+00,0.000000000000000000e+00
3.142883701753808978e+01,0.000000000000000000e+00,0.000000000000000000e+00
3.334836292039091177e+01,0.000000000000000000e+00,0.000000000000000000e+00
3.196547930714580232e+01,0.000000000000000000e+00,0.000000000000000000e+00
3.184661741938778690e+01,0.000000000000000000e+00,0.000000000000000000e+00
3.326988872369628325e+01,0.000000000000000000e+00,0.000000000000000000e+00
2.869176044433269013e+01,0.000000000000000000e+00,0.000000000000000000e+00
3.286980826709530135e+01,0.000000000000000000e+00,0.000000000000000000e+00
3.494729550381688910e+01,0.000000000000000000e+00,0.000000000000000000e+00
3.313548414625949334e+01,0.000000000000000000e+00,0.000000000000000000e+00
3.613544035471937121e+01,0.000000000000000000e+00,0.000000000000000000e+00
3.236692700131978029e+01,0.000000000000000000e+00,0.000000000000000000e+00
3.188130039738742028e+01,0.000000000000000000e+00,0.000000000000000000e+00
3.162600922370704382e+01,0.000000000000000000e+00,0.000000000000000000e+00
3.030330461114155582e+01,0.000000000000000000e+00,0.000000000000000000e+00
3.094536081314868170e+01,0.000000000000000000e+00,0.000000000000000000e+00
3.074766657097523748e+01,0.000000000000000000e+00,0.000000000000000000e+00
3.278739253077053206e+01,0.000000000000000000e+00,0.000000000000000000e+00
3.346462032749330717e+01,0.000000000000000000e+00,0.000000000000000000e+00
3.220138590697983716e+01,0.000000000000000000e+00,0.000000000000000000e+00
3.181181401749914173e+01,0.000000000000000000e+00,0.000000000000000000e+00
2.865630637577402950e+01,0.000000000000000000e+00,0.000000000000000000e+00
3.064163933901134840e+01,0.000000000000000000e+00,0.000000000000000000e+00
3.246166071343025550e+01,0.000000000000000000e+00,0.000000000000000000e+00
2.638048990565935981e+01,0.000000000000000000e+00,0.000000000000000000e+00
3.159863655277175098e+01,0.000000000000000000e+00,0.000000000000000000e+00
3.212003234817653663e+01,0.000000000000000000e+00,0.000000000000000000e+00
3.033326667640374552e+01,0.000000000000000000e+00,0.000000000000000000e+00
3.051772893368834971e+01,0.000000000000000000e+00,0.000000000000000000e+00
2.740285087261444730e+01,0.000000000000000000e+00,0.000000000000000000e+00
2.914278617028165641e+01,0.000000000000000000e+00,0.000000000000000000e+00
3.016725190625220065e+01,0.000000000000000000e+00,0.000000000000000000e+00
3.272796889058082570e+01,0.000000000000000000e+00,0.000000000000000000e+00
2.557313581972625727e+01,0.000000000000000000e+00,0.000000000000000000e+00
2.828989139615242365e+01,0.000000000000000000e+00,0.000000000000000000e+00
3.188659368450595011e+01,0.000000000000000000e+00,0.000000000000000000e+00
2.997794714416071216e+01,0.000000000000000000e+00,0.000000000000000000e+00
3.519981509695879396e+01,0.000000000000000000e+00,0.000000000000000000e+00
2.601717087635149639e+01,0.000000000000000000e+00,0.000000000000000000e+00
3.025007370303728393e+01,0.000000000000000000e+00,0.000000000000000000e+00
2.688731754247186601e+01,0.000000000000000000e+00,0.000000000000000000e+00
3.157709574419532217e+01,0.000000000000000000e+00,0.000000000000000000e+00
3.110488373748268387e+01,0.000000000000000000e+00,0.000000000000000000e+00
3.226335098572200621e+01,0.000000000000000000e+00,0.000000000000000000e+00
2.722516284088689531e+01,0.000000000000000000e+00,0.000000000000000000e+00
2.937118774050643211e+01,0.000000000000000000e+00,0.000000000000000000e+00
3.119609558752895495e+01,0.000000000000000000e+00,0.000000000000000000e+00
2.931032744435505322e+01,0.000000000000000000e+00,0.000000000000000000e+00
2.773375934297054002e+01,0.000000000000000000e+00,0.000000000000000000e+00
2.956812610487647319e+01,0.000000000000000000e+00,0.000000000000000000e+00
3.394952652840086671e+01,0.000000000000000000e+00,0.000000000000000000e+00
2.616839740656857316e+01,0.000000000000000000e+00,0.000000000000000000e+00
3.023944469206936603e+01,0.000000000000000000e+00,0.000000000000000000e+00
2.669009129229312194e+01,0.000000000000000000e+00,0.000000000000000000e+00
3.075575433017982618e+01,0.000000000000000000e+00,0.000000000000000000e+00
2.807190605932275673e+01,0.000000000000000000e+00,0.000000000000000000e+00
2.875226163097870824e+01,0.000000000000000000e+00,0.000000000000000000e+00
3.188733269409091164e+01,0.000000000000000000e+00,0.000000000000000000e+00
2.805608023280563401e+01,0.000000000000000000e+00,0.000000000000000000e+00
3.069524923962423557e+01,0.000000000000000000e+00,0.000000000000000000e+00
3.032845779370696349e+01,0.000000000000000000e+00,0.000000000000000000e+00
2.724504500129565088e+01,0.000000000000000000e+00,0.000000000000000000e+00
2.772316492405603583e+01,0.000000000000000000e+00,0.000000000000000000e+00
3.013904256890580058e+01,0.000000000000000000e+00,0.000000000000000000e+00
2.800947817207162771e+01,0.000000000000000000e+00,0.000000000000000000e+00
2.748408738573133547e+01,0.000000000000000000e+00,0.000000000000000000e+00
2.649107747557325254e+01,0.000000000000000000e+00,0.000000000000000000e+00
2.892417604080931426e+01,0.000000000000000000e+00,0.000000000000000000e+00
2.471477502391741510e+01,0.000000000000000000e+00,0.000000000000000000e+00
2.963642055716821488e+01,0.000000000000000000e+00,0.000000000000000000e+00
2.508618841230078900e+01,0.000000000000000000e+00,0.000000000000000000e+00
2.599485811351468101e+01,0.000000000000000000e+00,0.000000000000000000e+00
3.124515388102572189e+01,0.000000000000000000e+00,0.000000000000000000e+00
2.886725348406099201e+01,0.000000000000000000e+00,0.000000000000000000e+00
2.541747248997572939e+01,0.000000000000000000e+00,0.000000000000000000e+00
2.660628729758839128e+01,0.000000000000000000e+00,0.000000000000000000e+00
3.088686620686432960e+01,0.000000000000000000e+00,0.000000000000000000e+00
2.758026773853172742e+01,0.000000000000000000e+00,0.000000000000000000e+00
2.844061735789747303e+01,0.000000000000000000e+00,0.000000000000000000e+00
2.973622948930612253e+01,0.000000000000000000e+00,0.000000000000000000e+00
2.926913103876585609e+01,0.000000000000000000e+00,0.000000000000000000e+00
3.005163743147834410e+01,0.000000000000000000e+00,0.000000000000000000e+00
2.953887352003222944e+01,0.000000000000000000e+00,0.000000000000000000e+00
2.607877067773267044e+01,0.000000000000000000e+00,0.000000000000000000e+00
2.645050233247666682e+01,0.000000000000000000e+00,0.000000000000000000e+00
2.589659012097869351e+01,0.000000000000000000e+00,0.000000000000000000e+00
2.450803249932914696e+01,0.000000000000000000e+00,0.000000000000000000e+00
2.572750079660344724e+01,0.000000000000000000e+00,0.000000000000000000e+00
2.530379697623649804e+01,0.000000000000000000e+00,0.000000000000000000e+00
2.789018110252666460e+01,0.000000000000000000e+00,0.000000000000000000e+00
2.570141278824240416e+01,0.000000000000000000e+00,0.000000000000000000e+00
2.749673490178165380e+01,0.000000000000000000e+00,0.000000000000000000e+00
2.807166210629341663e+01,0.000000000000000000e+00,0.000000000000000000e+00
2.890104302589869434e+01,0.000000000000000000e+00,0.000000000000000000e+00
2.807180817330816680e+01,0.000000000000000000e+00,0.000000000000000000e+00
2.852918605278492947e+01,0.000000000000000000e+00,0.000000000000000000e+00
2.671701320622677400e+01,0.000000000000000000e+00,0.000000000000000000e+00
2.881672423920463189e+01,0.000000000000000000e+00,0.000000000000000000e+00
2.755568426615146649e+01,0.000000000000000000e+00,0.000000000000000000e+00
2.587175384432020309e+01,0.000000000000000000e+00,0.000000000000000000e+00
3.124589774695892785e+01,0.000000000000000000e+00,0.000000000000000000e+00
3.091309079012799543e+01,0.000000000000000000e+00,0.000000000000000000e+00
2.629563176055466300e+01,0.000000000000000000e+00,0.000000000000000000e+00
3.005585668429202428e+01,0.000000000000000000e+00,0.000000000000000000e+00
2.702555219697124755e+01,0.000000000000000000e+00,0.000000000000000000e+00
2.634126755800564723e+01,0.000000000000000000e+00,0.000000000000000000e+00
2.337461684532138761e+01,0.000000000000000000e+00,0.000000000000000000e+00
2.529096000956879209e+01,0.000000000000000000e+00,0.000000000000000000e+00
2.462322604295211192e+01,0.000000000000000000e+00,0.000000000000000000e+00
2.820249906139546781e+01,0.000000000000000000e+00,0.000000000000000000e+00
2.446233243244506284e+01,0.000000000000000000e+00,0.000000000000000000e+00
2.495667315945068765e+01,0.000000000000000000e+00,0.000000000000000000e+00
2.755892675539181624e+01,0.000000000000000000e+00,0.000000000000000000e+00
2.920252610581677288e+01,0.000000000000000000e+00,0.000000000000000000e+00
2.329577774395681544e+01,0.000000000000000000e+00,0.000000000000000000e+00
2.329776574184527860e+01,0.000000000000000000e+00,0.000000000000000000e+00
2.552656271369163221e+01,0.000000000000000000e+00,0.000000000000000000e+00
2.541691471779121514e+01,0.000000000000000000e+00,0.000000000000000000e+00
2.396143008061089574e+01,0.000000000000000000e+00,0.000000000000000000e+00
2.647755676521644119e+01,0.000000000000000000e+00,0.000000000000000000e+00
2.410688863637912149e+01,0.000000000000000000e+00,0.000000000000000000e+00
2.539147361222756771e+01,0.000000000000000000e+00,0.000000000000000000e+00
2.284856064626792005e+01,0.000000000000000000e+00,0.000000000000000000e+00
2.418695250238584293e+01,0.000000000000000000e+00,0.000000000000000000e+00
2.462910578916443427e+01,0.000000000000000000e+00,0.000000000000000000e+00
2.817931567061091869e+01,0.000000000000000000e+00,0.000000000000000000e+00
2.214161318581075832e+01,0.000000000000000000e+00,0.000000000000000000e+00
2.651872583775651293e+01,0.000000000000000000e+00,0.000000000000000000e+00
2.988503694591603121e+01,0.000000000000000000e+00,0.000000000000000000e+00
2.574742001360181831e+01,0.000000000000000000e+00,0.000000000000000000e+00
2.425761812361297487e+01,0.000000000000000000e+00,0.000000000000000000e+00
2.337332843917962677e+01,0.000000000000000000e+00,0.000000000000000000e+00
2.540123135969176715e+01,0.000000000000000000e+00,0.000000000000000000e+00
2.396994250388658187e+01,0.000000000000000000e+00,0.000000000000000000e+00
2.445873070795173376e+01,0.000000000000000000e+00,0.000000000000000000e+00
2.551604956248957379e+01,0.000000000000000000e+00,0.000000000000000000e+00
2.439979052645064783e+01,0.000000000000000000e+00,0.000000000000000000e+00
3.095728619837981910e+01,0.000000000000000000e+00,0.000000000000000000e+00
2.333334641010641519e+01,0.000000000000000000e+00,0.000000000000000000e+00
2.124350355963488468e+01,0.000000000000000000e+00,0.000000000000000000e+00
2.326711413847697685e+01,0.000000000000000000e+00,0.000000000000000000e+00
2.486109441144604304e+01,0.000000000000000000e+00,0.000000000000000000e+00
2.480233713621898772e+01,0.000000000000000000e+00,0.000000000000000000e+00
2.387916238755859411e+01,0.000000000000000000e+00,0.000000000000000000e+00
3.012485781890609360e+01,0.000000000000000000e+00,0.000000000000000000e+00
2.518587751419711296e+01,0.000000000000000000e+00,0.000000000000000000e+00
2.282137189110282094e+01,0.000000000000000000e+00,0.000000000000000000e+00
2.565772179541783160e+01,0.000000000000000000e+00,0.000000000000000000e+00
2.870101775025473501e+01,0.000000000000000000e+00,0.000000000000000000e+00
2.393344620498357500e+01,0.000000000000000000e+00,0.000000000000000000e+00
2.049827126903580066e+01,0.000000000000000000e+00,0.000000000000000000e+00
2.576266178474707047e+01,0.000000000000000000e+00,0.000000000000000000e+00
2.452945447398164447e+01,0.000000000000000000e+00,0.000000000000000000e+00
2.291049760588133921e+01,0.000000000000000000e+00,0.000000000000000000e+00
2.504816472178307052e+01,0.000000000000000000e+00,0.000000000000000000e+00
2.520758314870331773e+01,0.000000000000000000e+00,0.000000000000000000e+00
2.111251211351904189e+01,0.000000000000000000e+00,0.000000000000000000e+00
2.504806168746049622e+01,0.000000000000000000e+00,0.000000000000000000e+00
2.471090275771061329e+01,0.000000000000000000e+00,0.000000000000000000e+00
2.130016691996315004e+01,0.000000000000000000e+00,0.000000000000000000e+00
2.782333736723748530e+01,0.000000000000000000e+00,0.000000000000000000e+00
1.942243423210032915e+01,0.000000000000000000e+00,0.000000000000000000e+00
2.765910969989554502e+01,0.000000000000000000e+00,0.000000000000000000e+00
2.533661444265830553e+01,0.000000000000000000e+00,0.000000000000000000e+00
2.356788394698750366e+01,0.000000000000000000e+00,0.000000000000000000e+00
2.288806077079684798e+01,0.000000000000000000e+00,0.000000000000000000e+00
2.294510401385853271e+01,0.000000000000000000e+00,0.000000000000000000e+00
2.470375807216886699e+01,0.000000000000000000e+00,0.000000000000000000e+00
2.375893674627220165e+01,0.000000000000000000e+00,0.000000000000000000e+00
2.572835573439872547e+01,0.000000000000000000e+00,0.000000000000000000e+00
2.822432557839906409e+01,0.000000000000000000e+00,0.000000000000000000e+00
2.448636023899421232e+01,0.000000000000000000e+00,0.000000000000000000e+00
2.329044513493169433e+01,0.000000000000000000e+00,0.000000000000000000e+00
2.360881879319192578e+01,0.000000000000000000e+00,0.000000000000000000e+00
2.354075130645975023e+01,0.000000000000000000e+00,0.000000000000000000e+00
2.500124835915479338e+01,0.000000000000000000e+00,0.000000000000000000e+00
2.514209618976784455e+01,0.000000000000000000e+00,0.000000000000000000e+00
2.030238858411219383e+01,0.000000000000000000e+00,0.000000000000000000e+00
2.248354236075953949e+01,0.000000000000000000e+00,0.000000000000000000e+00
2.291515028238562124e+01,0.000000000000000000e+00,0.000000000000000000e+00
2.215424321830492360e+01,0.000000000000000000e+00,0.000000000000000000e+00
2.173281625900747471e+01,0.000000000000000000e+00,0.000000000000000000e+00
2.458567106623939580e+01,0.000000000000000000e+00,0.000000000000000000e+00
2.396993914861828756e+01,0.000000000000000000e+00,0.000000000000000000e+00
2.397485551049965480e+01,0.000000000000000000e+00,0.000000000000000000e+00
2.216473878165258427e+01,0.000000000000000000e+00,0.000000000000000000e+00
2.250894994426604967e+01,0.000000000000000000e+00,0.000000000000000000e+00
2.314868592044412310e+01,0.000000000000000000e+00,0.000000000000000000e+00
2.425793416154317583e+01,0.000000000000000000e+00,0.000000000000000000e+00
2.274509891537690720e+01,0.000000000000000000e+00,0.000000000000000000e+00
2.409829010889867362e+01,0.000000000000000000e+00,0.000000000000000000e+00
2.502733225868416866e+01,0.000000000000000000e+00,0.000000000000000000e+00
2.169271845764317419e+01,0.000000000000000000e+00,0.000000000000000000e+00
2.504047176129557783e+01,0.000000000000000000e+00,0.000000000000000000e+00
2.110108391387325355e+01,0.000000000000000000e+00,0.000000000000000000e+00
2.643718717224087911e+01,0.000000000000000000e+00,0.000000000000000000e+00
2.233721912238894092e+01,0.000000000000000000e+00,0.000000000000000000e+00
1.890004746578929229e+01,0.000000000000000000e+00,0.000000000000000000e+00
1.862987898169693324e+01,0.000000000000000000e+00,0.000000000000000000e+00
2.059538220588883206e+01,0.000000000000000000e+00,0.000000000000000000e+00
1.927781252233380371e+01,0.000000000000000000e+00,0.000000000000000000e+00
2.142519084086778491e+01,0.000000000000000000e+00,0.000000000000000000e+00
2.436492286623374426e+01,0.000000000000000000e+00,0.000000000000000000e+00
2.439113075657784790e+01,0.000000000000000000e+00,0.000000000000000000e+00
2.201713644672198811e+01,0.000000000000000000e+00,0.000000000000000000e+00
2.109159062169518961e+01,0.000000000000000000e+00,0.000000000000000000e+00
2.123648691071150907e+01,0.000000000000000000e+00,0.000000000000000000e+00
1.930124561688191775e+01,0.000000000000000000e+00,0.000000000000000000e+00
2.227200236904145569e+01,0.000000000000000000e+00,0.000000000000000000e+00
2.316443731103705872e+01,0.000000000000000000e+00,0.000000000000000000e+00
2.023392785063037280e+01,0.000000000000000000e+00,0.000000000000000000e+00
2.045275708019962480e+01,0.000000000000000000e+00,0.000000000000000000e+00
2.051229702969509106e+01,0.000000000000000000e+00,0.000000000000000000e+00
2.326752442793623032e+01,0.000000000000000000e+00,0.000000000000000000e+00
2.170753518299360962e+01,0.000000000000000000e+00,0.000000000000000000e+00
2.139817268578914522e+01,0.000000000000000000e+00,0.000000000000000000e+00
2.043585570206237634e+01,0.000000000000000000e+00,0.000000000000000000e+00
2.367114027150731559e+01,0.000000000000000000e+00,0.000000000000000000e+00
1.962961269905303396e+01,0.000000000000000000e+00,0.000000000000000000e+00
2.176080343917747228e+01,0.000000000000000000e+00,0.000000000000000000e+00
2.118623128692419044e+01,0.000000000000000000e+00,0.000000000000000000e+00
2.158981241726692346e+01,0.000000000000000000e+00,0.000000000000000000e+00
2.016627429084497791e+01,0.000000000000000000e+00,0.000000000000000000e+00
2.213984179647242811e+01,0.000000000000000000e+00,0.000000000000000000e+00
2.333362073807915849e+01,0.000000000000000000e+00,0.000000000000000000e+00
2.533653243382062925e+01,0.000000000000000000e+00,0.000000000000000000e+00
2.373440190675434991e+01,0.000000000000000000e+00,0.000000000000000000e+00
2.206001758795633805e+01,0.000000000000000000e+00,0.000000000000000000e+00
2.011337379552712079e+01,0.000000000000000000e+00,0.000000000000000000e+00
2.515758398020032871e+01,0.000000000000000000e+00,0.000000000000000000e+00
2.221901985937689261e+01,0.000000000000000000e+00,0.000000000000000000e+00
2.045648414167991191e+01,0.000000000000000000e+00,0.000000000000000000e+00
2.189309123935505852e+01,0.000000000000000000e+00,0.000000000000000000e+00
2.213171248592047746e+01,0.000000000000000000e+00,0.000000000000000000e+00
2.460128362694726434e+01,0.000000000000000000e+00,0.000000000000000000e+00
2.273019918317561761e+01,0.000000000000000000e+00,0.000000000000000000e+00
1.979587640831625350e+01,0.000000000000000000e+00,0.000000000000000000e+00
2.198343710423397823e+01,0.000000000000000000e+00,0.000000000000000000e+00
2.278155719416186997e+01,0.000000000000000000e+00,0.000000000000000000e+00
2.167140917888915297e+01,0.000000000000000000e+00,0.000000000000000000e+00
2.090874633166302132e+01,0.000000000000000000e+00,0.000000000000000000e+00
2.117489111205032870e+01,0.000000000000000000e+00,0.000000000000000000e+00
2.295037412038307778e+01,0.000000000000000000e+00,0.000000000000000000e+00
1.982463797852870258e+01,0.000000000000000000e+00,0.000000000000000000e+00
2.026838448314653007e+01,0.000000000000000000e+00,0.000000000000000000e+00
2.341083437352496333e+01,0.000000000000000000e+00,0.000000000000000000e+00
1.980283782993851815e+01,0.000000000000000000e+00,0.000000000000000000e+00
1.841491330177840879e+01,0.000000000000000000e+00,0.000000000000000000e+00
1.961781618757460777e+01,0.000000000000000000e+00,0.000000000000000000e+00
2.296430887033389467e+01,0.000000000000000000e+00,0.000000000000000000e+00
2.329664825612906043e+01,0.000000000000000000e+00,0.000000000000000000e+00
2.020143328867699495e+01,0.000000000000000000e+00,0.000000000000000000e+00
2.104395062765684443e+01,0.000000000000000000e+00,0.000000000000000000e+00
1.857834146392466224e+01,0.000000000000000000e+00,0.000000000000000000e+00
2.281063985810403594e+01,0.000000000000000000e+00,0.000000000000000000e+00
2.170606543221557772e+01,0.000000000000000000e+00,0.000000000000000000e+00
1.955034215466306691e+01,0.000000000000000000e+00,0.000000000000000000e+00
1.909193815159636998e+01,0.000000000000000000e+00,0.000000000000000000e+00
2.391057596418488629e+01,0.000000000000000000e+00,0.000000000000000000e+00
2.061205106260398878e+01,0.000000000000000000e+00,0.000000000000000000e+00
2.259243839914748619e+01,0.000000000000000000e+00,0.000000000000000000e+00
1.856084441154861153e+01,0.000000000000000000e+00,0.000000000000000000e+00
2.155759305610618171e+01,0.000000000000000000e+00,0.000000000000000000e+00
1.738103020160744094e+01,0.000000000000000000e+00,0.000000000000000000e+00
2.089218434363055010e+01,0.000000000000000000e+00,0.000000000000000000e+00
1.952226990265647899e+01,0.000000000000000000e+00,0.000000000000000000e+00
2.315418008850875964e+01,0.000000000000000000e+00,0.000000000000000000e+00
2.218820903850700077e+01,0.000000000000000000e+00,0.000000000000000000e+00
2.120616892435047873e+01,0.000000000000000000e+00,0.000000000000000000e+00
2.187590393134135169e+01,0.000000000000000000e+00,0.000000000000000000e+00
1.994754266887162331e+01,0.000000000000000000e+00,0.000000000000000000e+00
2.044462340052869820e+01,0.000000000000000000e+00,0.000000000000000000e+00
2.039502656740335595e+01,0.000000000000000000e+00,0.000000000000000000e+00
2.360118663789629778e+01,0.000000000000000000e+00,0.000000000000000000e+00
1.666394516127385117e+01,0.000000000000000000e+00,0.000000000000000000e+00
2.091166063049676538e+01,0.000000000000000000e+00,0.000000000000000000e+00
2.085723191960267187e+01,0.000000000000000000e+00,0.000000000000000000e+00
2.161054548876110104e+01,0.000000000000000000e+00,0.000000000000000000e+00
1.956907966098772178e+01,0.000000000000000000e+00,0.000000000000000000e+00
2.072196469595006363e+01,0.000000000000000000e+00,0.000000000000000000e+00
2.167844131593354007e+01,0.000000000000000000e+00,0.000000000000000000e+00
2.101362898269659496e+01,0.000000000000000000e+00,0.000000000000000000e+00
2.175146811511238454e+01,0.000000000000000000e+00,0.000000000000000000e+00
2.038260599848022991e+01,0.000000000000000000e+00,0.000000000000000000e+00
2.247161508260666452e+01,0.000000000000000000e+00,0.000000000000000000e+00
2.187138541746893594e+01,0.000000000000000000e+00,0.000000000000000000e+00
2.193667772457102672e+01,0.000000000000000000e+00,0.000000000000000000e+00
2.260510046945860196e+01,0.000000000000000000e+00,0.000000000000000000e+00
2.170257825581486699e+01,0.000000000000000000e+00,0.000000000000000000e+00
1.990411997024073187e+01,0.000000000000000000e+00,0.000000000000000000e+00
1.796178588939505971e+01,0.000000000000000000e+00,0.000000000000000000e+00
1.977189442410466214e+01,0.000000000000000000e+00,0.000000000000000000e+00
1.780531555858535597e+01,0.000000000000000000e+00,0.000000000000000000e+00
2.050394065107560237e+01,0.000000000000000000e+00,0.000000000000000000e+00
2.140321256647516890e+01,0.000000000000000000e+00,0.000000000000000000e+00
1.985839336535519806e+01,0.000000000000000000e+00,0.000000000000000000e+00
1.993311670437539007e+01,0.000000000000000000e+00,0.000000000000000000e+00
2.261703877433226140e+01,0.000000000000000000e+00,0.000000000000000000e+00
1.814303585549957631e+01,0.000000000000000000e+00,0.000000000000000000e+00
2.058008039564812108e+01,0.000000000000000000e+00,0.000000000000000000e+00
1.709297650362454135e+01,0.000000000000000000e+00,0.000000000000000000e+00
1.830192521606550571e+01,0.000000000000000000e+00,0.000000000000000000e+00
1.803512751068219089e+01,0.000000000000000000e+00,0.000000000000000000e+00
2.212312831422179826e+01,0.000000000000000000e+00,0.000000000000000000e+00
1.992406177936185330e+01,0.000000000000000000e+00,0.000000000000000000e+00
2.021183699705273185e+01,0.000000000000000000e+00,0.000000000000000000e+00
2.179131771949518281e+01,0.000000000000000000e+00,0.000000000000000000e+00
2.286806586082725801e+01,0.000000000000000000e+00,0.000000000000000000e+00
2.063733777419904669e+01,0.000000000000000000e+00,0.000000000000000000e+00
2.013380693418259426e+01,0.000000000000000000e+00,0.000000000000000000e+00
2.024243083198086879e+01,0.000000000000000000e+00,0.000000000000000000e+00
1.810210623127479934e+01,0.000000000000000000e+00,0.000000000000000000e+00
2.121369432838400826e+01,0.000000000000000000e+00,0.000000000000000000e+00
1.957468521415980334e+01,0.000000000000000000e+00,0.000000000000000000e+00
2.225159428193033762e+01,0.000000000000000000e+00,0.000000000000000000e+00
2.052654962966841623e+01,0.000000000000000000e+00,0.000000000000000000e+00
1.875284765852125801e+01,0.000000000000000000e+00,0.000000000000000000e+00
2.131314996120395122e+01,0.000000000000000000e+00,0.000000000000000000e+00
1.792252988276443304e+01,0.000000000000000000e+00,0.000000000000000000e+00
1.806314897961212296e+01,0.000000000000000000e+00,0.000000000000000000e+00
1.994591205890154839e+01,0.000000000000000000e+00,0.000000000000000000e+00
2.360675819783451956e+01,0.000000000000000000e+00,0.000000000000000000e+00
2.026163592612790154e+01,0.000000000000000000e+00,0.000000000000000000e+00
2.342552003510029124e+01,0.000000000000000000e+00,0.000000000000000000e+00
2.049771621172208214e+01,0.000000000000000000e+00,0.000000000000000000e+00
1.856141556659754244e+01,0.000000000000000000e+00,0.000000000000000000e+00
1.706359999328582688e+01,0.000000000000000000e+00,0.000000000000000000e+00
1.961234494092667902e+01,0.000000000000000000e+00,0.000000000000000000e+00
1.721494364530761345e+01,0.000000000000000000e+00,0.000000000000000000e+00
1.991587573136810363e+01,0.000000000000000000e+00,0.000000000000000000e+00
2.014101258857311549e+01,0.000000000000000000e+00,0.000000000000000000e+00
2.470264397168957515e+01,0.000000000000000000e+00,0.000000000000000000e+00
1.910723750000311227e+01,0.000000000000000000e+00,0.000000000000000000e+00
2.013874569208815757e+01,0.000000000000000000e+00,0.000000000000000000e+00
1.805135631432147747e+01,0.000000000000000000e+00,0.000000000000000000e+00
1.675468165212152272e+01,0.000000000000000000e+00,0.000000000000000000e+00
1.900352381128795543e+01,0.000000000000000000e+00,0.000000000000000000e+00
1.983948535942147373e+01,0.000000000000000000e+00,0.000000000000000000e+00
2.076664229437333375e+01,0.000000000000000000e+00,0.000000000000000000e+00
2.333283613086681640e+01,0.000000000000000000e+00,0.000000000000000000e+00
1.819456971671267453e+01,0.000000000000000000e+00,0.000000000000000000e+00
2.029084663082016249e+01,0.000000000000000000e+00,0.000000000000000000e+00
1.997588026519956372e+01,0.000000000000000000e+00,0.000000000000000000e+00
1.802229784370125643e+01,0.000000000000000000e+00,0.000000000000000000e+00
1.936802684057148483e+01,0.000000000000000000e+00,0.000000000000000000e+00
2.156667740037587322e+01,0.000000000000000000e+00,0.000000000000000000e+00
2.006438974379651796e+01,0.000000000000000000e+00,0.000000000000000000e+00
2.151827439745180470e+01,0.000000000000000000e+00,0.000000000000000000e+00
1.885469228659712115e+01,0.000000000000000000e+00,0.000000000000000000e+00
1.982568435889566416e+01,0.000000000000000000e+00,0.000000000000000000e+00
1.724305837287035814e+01,0.000000000000000000e+00,0.000000000000000000e+00
1.449200051479381557e+01,0.000000000000000000e+00,0.000000000000000000e+00
2.041101255503201983e+01,0.000000000000000000e+00,0.000000000000000000e+00
1.953506052835493989e+01,0.000000000000000000e+00,0.000000000000000000e+00
1.984104218713590839e+01,0.000000000000000000e+00,0.000000000000000000e+00
2.202507422297478001e+01,0.000000000000000000e+00,0.000000000000000000e+00
1.811790518908680880e+01,0.000000000000000000e+00,0.000000000000000000e+00
1.735692672663210701e+01,0.000000000000000000e+00,0.000000000000000000e+00
2.246438748144656472e+01,0.000000000000000000e+00,0.000000000000000000e+00
1.575520538621467281e+01,0.000000000000000000e+00,0.000000000000000000e+00
1.844725581207370979e+01,0.000000000000000000e+00,0.000000000000000000e+00
1.469493764209915909e+01,0.000000000000000000e+00,0.000000000000000000e+00
1.915427779009557341e+01,0.000000000000000000e+00,0.000000000000000000e+00
2.682795285818427899e+01,0.000000000000000000e+00,0.000000000000000000e+00
2.026583191778907178e+01,0.000000000000000000e+00,0.000000000000000000e+00
2.014830287997679648e+01,0.000000000000000000e+00,0.000000000000000000e+00
1.479864171387504257e+01,0.000000000000000000e+00,0.000000000000000000e+00
2.306869291560966317e+01,0.000000000000000000e+00,0.000000000000000000e+00
2.150297900612599022e+01,0.000000000000000000e+00,0.000000000000000000e+00
2.242427038926037142e+01,0.000000000000000000e+00,0.000000000000000000e+00
2.047792910745991435e+01,0.000000000000000000e+00,0.000000000000000000e+00
2.104472109877815456e+01,0.000000000000000000e+00,0.000000000000000000e+00
2.150012289150491895e+01,0.000000000000000000e+00,0.000000000000000000e+00
2.043245801278833440e+01,0.000000000000000000e+00,0.000000000000000000e+00
2.046274489271411312e+01,0.000000000000000000e+00,0.000000000000000000e+00
1.993604824266926556e+01,0.000000000000000000e+00,0.000000000000000000e+00
2.168199379558944528e+01,0.000000000000000000e+00,0.000000000000000000e+00
2.004134642849555092e+01,0.000000000000000000e+00,0.000000000000000000e+00
1.784884153888090808e+01,0.000000000000000000e+00,0.000000000000000000e+00
1.831302589466979214e+01,0.000000000000000000e+00,0.000000000000000000e+00
1.918237803793973484e+01,0.000000000000000000e+00,0.000000000000000000e+00
1.702353275492925633e+01,0.000000000000000000e+00,0.000000000000000000e+00
1.746501564354164771e+01,0.000000000000000000e+00,0.000000000000000000e+00
1.840420792807093875e+01,0.000000000000000000e+00,0.000000000000000000e+00
2.111595994591250403e+01,0.000000000000000000e+00,0.000000000000000000e+00
1.848964015829555407e+01,0.000000000000000000e+00,0.000000000000000000e+00
1.804457410384790350e+01,0.000000000000000000e+00,0.000000000000000000e+00
2.088392276273054904e+01,0.000000000000000000e+00,0.000000000000000000e+00
2.088466846606080551e+01,0.000000000000000000e+00,0.000000000000000000e+00
2.307384732640843694e+01,0.000000000000000000e+00,0.000000000000000000e+00
1.978441188002029705e+01,0.000000000000000000e+00,0.000000000000000000e+00
2.373818064417456597e+01,0.000000000000000000e+00,0.000000000000000000e+00
1.494659881549031510e+01,0.000000000000000000e+00,0.000000000000000000e+00
2.065330605389336327e+01,0.000000000000000000e+00,0.000000000000000000e+00
1.966202965211091680e+01,0.000000000000000000e+00,0.000000000000000000e+00
2.064000427940650439e+01,0.000000000000000000e+00,0.000000000000000000e+00
2.161653930458223272e+01,0.000000000000000000e+00,0.000000000000000000e+00
2.005967458088649380e+01,0.000000000000000000e+00,0.000000000000000000e+00
1.720406787906735602e+01,0.000000000000000000e+00,0.000000000000000000e+00
2.027403417183192147e+01,0.000000000000000000e+00,0.000000000000000000e+00
1.890487838644656904e+01,0.000000000000000000e+00,0.000000000000000000e+00
1.941928651341980583e+01,0.000000000000000000e+00,0.000000000000000000e+00
2.529655693850190090e+01,0.000000000000000000e+00,0.000000000000000000e+00
2.065409276750984091e+01,0.000000000000000000e+00,0.000000000000000000e+00
1.923389704876039019e+01,0.000000000000000000e+00,0.000000000000000000e+00
2.008058218731109079e+01,0.000000000000000000e+00,0.000000000000000000e+00
1.900241011021013904e+01,0.000000000000000000e+00,0.000000000000000000e+00
2.183145270511327851e+01,0.000000000000000000e+00,0.000000000000000000e+00
1.660542781441183990e+01,0.000000000000000000e+00,0.000000000000000000e+00
1.987538164726485590e+01,0.000000000000000000e+00,0.000000000000000000e+00
2.049974135482590754e+01,0.000000000000000000e+00,0.000000000000000000e+00
1.874081718524270457e+01,0.000000000000000000e+00,0.000000000000000000e+00
2.189844928030084859e+01,0.000000000000000000e+00,0.000000000000000000e+00
2.252092618128287782e+01,0.000000000000000000e+00,0.000000000000000000e+00
2.129890921001234005e+01,0.000000000000000000e+00,0.000000000000000000e+00
2.183750768262480690e+01,0.000000000000000000e+00,0.000000000000000000e+00
1.748160062013938187e+01,0.000000000000000000e+00,0.000000000000000000e+00
2.174084313006497027e+01,0.000000000000000000e+00,0.000000000000000000e+00
1.986593890078281888e+01,0.000000000000000000e+00,0.000000000000000000e+00
2.071561259893999463e+01,0.000000000000000000e+00,0.000000000000000000e+00
1.801123776540471866e+01,0.000000000000000000e+00,0.000000000000000000e+00
2.143452386952974109e+01,0.000000000000000000e+00,0.000000000000000000e+00
1.962965174646675948e+01,0.000000000000000000e+00,0.000000000000000000e+00
2.085922158888060807e+01,0.000000000000000000e+00,0.000000000000000000e+00
2.015360777013581028e+01,0.000000000000000000e+00,0.000000000000000000e+00
2.364542382784059527e+01,0.000000000000000000e+00,0.000000000000000000e+00
2.072615794115714394e+01,0.000000000000000000e+00,0.000000000000000000e+00
2.031330947415253618e+01,0.000000000000000000e+00,0.000000000000000000e+00
2.275763619882412669e+01,0.000000000000000000e+00,0.000000000000000000e+00
2.155254654663874447e+01,0.000000000000000000e+00,0.000000000000000000e+00
2.036329115778011811e+01,0.000000000000000000e+00,0.000000000000000000e+00
2.033490588369189211e+01,0.000000000000000000e+00,0.000000000000000000e+00
2.172770198179050638e+01,0.000000000000000000e+00,0.000000000000000000e+00
2.151106771737337908e+01,0.000000000000000000e+00,0.000000000000000000e+00
1.811791176822503857e+01,0.000000000000000000e+00,0.000000000000000000e+00
2.073575825702800657e+01,0.000000000000000000e+00,0.000000000000000000e+00
2.411894929664539688e+01,0.000000000000000000e+00,0.000000000000000000e+00
2.132903569597592153e+01,0.000000000000000000e+00,0.000000000000000000e+00
1.907401118481282154e+01,0.000000000000000000e+00,0.000000000000000000e+00
1.921763317131140880e+01,0.000000000000000000e+00,0.000000000000000000e+00
2.023549677815175940e+01,0.000000000000000000e+00,0.000000000000000000e+00
1.898110374458843097e+01,0.000000000000000000e+00,0.000000000000000000e+00
2.223587286907992677e+01,0.000000000000000000e+00,0.000000000000000000e+00
2.122612703818552760e+01,0.000000000000000000e+00,0.000000000000000000e+00
2.277968996953718417e+01,0.000000000000000000e+00,0.000000000000000000e+00
2.264641938964773260e+01,0.000000000000000000e+00,0.000000000000000000e+00
2.236378583608485826e+01,0.000000000000000000e+00,0.000000000000000000e+00
2.154548365196187021e+01,0.000000000000000000e+00,0.000000000000000000e+00
2.194904260780230842e+01,0.000000000000000000e+00,0.000000000000000000e+00
2.077893839020881828e+01,0.000000000000000000e+00,0.000000000000000000e+00
2.224055430517607590e+01,0.000000000000000000e+00,0.000000000000000000e+00
2.499588148197656778e+01,0.000000000000000000e+00,0.000000000000000000e+00
2.020493976215556131e+01,0.000000000000000000e+00,0.000000000000000000e+00
1.793997288967087655e+01,0.000000000000000000e+00,0.000000000000000000e+00
2.197571737025416994e+01,0.000000000000000000e+00,0.000000000000000000e+00
1.835518005158793287e+01,0.000000000000000000e+00,0.000000000000000000e+00
2.322269639489752535e+01,0.000000000000000000e+00,0.000000000000000000e+00
2.071825808429589344e+01,0.000000000000000000e+00,0.000000000000000000e+00
2.268326751820776366e+01,0.000000000000000000e+00,0.000000000000000000e+00
2.279034362399790936e+01,0.000000000000000000e+00,0.000000000000000000e+00
1.924832139211744320e+01,0.000000000000000000e+00,0.000000000000000000e+00
1.581713380719043371e+01,0.000000000000000000e+00,0.000000000000000000e+00
1.874667262187759320e+01,0.000000000000000000e+00,0.000000000000000000e+00
2.058327055471908906e+01,0.000000000000000000e+00,0.000000000000000000e+00
1.741186360738733896e+01,0.000000000000000000e+00,0.000000000000000000e+00
2.078897383285390887e+01,0.000000000000000000e+00,0.000000000000000000e+00
2.273342638223158474e+01,0.000000000000000000e+00,0.000000000000000000e+00
2.234989950807597481e+01,0.000000000000000000e+00,0.000000000000000000e+00
2.208440567114320530e+01,0.000000000000000000e+00,0.000000000000000000e+00
1.907157653672362230e+01,0.000000000000000000e+00,0.000000000000000000e+00
2.072008615144758892e+01,0.000000000000000000e+00,0.000000000000000000e+00
2.138515026230613358e+01,0.000000000000000000e+00,0.000000000000000000e+00
1.635580908704916325e+01,0.000000000000000000e+00,0.000000000000000000e+00
2.350924249830912771e+01,0.000000000000000000e+00,0.000000000000000000e+00
1.848200346727677967e+01,0.000000000000000000e+00,0.000000000000000000e+00
1.714569380447101565e+01,0.000000000000000000e+00,0.000000000000000000e+00
2.302368363492394110e+01,0.000000000000000000e+00,0.000000000000000000e+00
1.849190371756534645e+01,0.000000000000000000e+00,0.000000000000000000e+00
2.457172586659197222e+01,0.000000000000000000e+00,0.000000000000000000e+00
2.350314006962761937e+01,0.000000000000000000e+00,0.000000000000000000e+00
2.136589295508261799e+01,0.000000000000000000e+00,0.000000000000000000e+00
2.014986190832486557e+01,0.000000000000000000e+00,0.000000000000000000e+00
2.340096645873751058e+01,0.000000000000000000e+00,0.000000000000000000e+00
2.792453410725959984e+01,0.000000000000000000e+00,0.000000000000000000e+00
2.072492579824567827e+01,0.000000000000000000e+00,0.000000000000000000e+00
2.057890523208012823e+01,0.000000000000000000e+00,0.000000000000000000e+00
2.309543786497703621e+01,0.000000000000000000e+00,0.000000000000000000e+00
2.062185592795072964e+01,0.000000000000000000e+00,0.000000000000000000e+00
2.166451958283103707e+01,0.000000000000000000e+00,0.000000000000000000e+00
1.966761179264995718e+01,0.000000000000000000e+00,0.000000000000000000e+00
2.312694139911211266e+01,0.000000000000000000e+00,0.000000000000000000e+00
2.310802272810668256e+01,0.000000000000000000e+00,0.000000000000000000e+00
1.918108758850012663e+01,0.000000000000000000e+00,0.000000000000000000e+00
2.112822984959689165e+01,0.000000000000000000e+00,0.000000000000000000e+00
2.156202310159139302e+01,0.000000000000000000e+00,0.000000000000000000e+00
2.312033104294371455e+01,0.000000000000000000e+00,0.000000000000000000e+00
2.152842809287513859e+01,0.000000000000000000e+00,0.000000000000000000e+00
2.284386078918700491e+01,0.000000000000000000e+00,0.000000000000000000e+00
2.298908821968293026e+01,0.000000000000000000e+00,0.000000000000000000e+00
2.241281051922491230e+01,0.000000000000000000e+00,0.000000000000000000e+00
2.654048592604755186e+01,0.000000000000000000e+00,0.000000000000000000e+00
2.023400090239529803e+01,0.000000000000000000e+00,0.000000000000000000e+00
2.080416183717080969e+01,0.000000000000000000e+00,0.000000000000000000e+00
2.211833959387164938e+01,0.000000000000000000e+00,0.000000000000000000e+00
2.361903628028053959e+01,0.000000000000000000e+00,0.000000000000000000e+00
2.335975913167274243e+01,0.000000000000000000e+00,0.000000000000000000e+00
2.164150710477951023e+01,0.000000000000000000e+00,0.000000000000000000e+00
2.468467240811410690e+01,0.000000000000000000e+00,0.000000000000000000e+00
2.182064131568170495e+01,0.000000000000000000e+00,0.000000000000000000e+00
1.997221046643039344e+01,0.000000000000000000e+00,0.000000000000000000e+00
2.454670456135298195e+01,0.000000000000000000e+00,0.000000000000000000e+00
2.086066428259644212e+01,0.000000000000000000e+00,0.000000000000000000e+00
2.296912308398471936e+01,0.000000000000000000e+00,0.000000000000000000e+00
2.131263643223641324e+01,0.000000000000000000e+00,0.000000000000000000e+00
2.426707736995599163e+01,0.000000000000000000e+00,0.000000000000000000e+00
2.477726361516130993e+01,0.000000000000000000e+00,0.000000000000000000e+00
2.075644570756787743e+01,0.000000000000000000e+00,0.000000000000000000e+00
2.382379360671888335e+01,0.000000000000000000e+00,0.000000000000000000e+00
2.445784120427663666e+01,0.000000000000000000e+00,0.000000000000000000e+00
1.884010458862517368e+01,0.000000000000000000e+00,0.000000000000000000e+00
2.394555953505788182e+01,0.000000000000000000e+00,0.000000000000000000e+00
2.291684041891368651e+01,0.000000000000000000e+00,0.000000000000000000e+00
2.447119047362932420e+01,0.000000000000000000e+00,0.000000000000000000e+00
2.154107629914711097e+01,0.000000000000000000e+00,0.000000000000000000e+00
2.279875020290323562e+01,0.000000000000000000e+00,0.000000000000000000e+00
2.339459445052850839e+01,0.000000000000000000e+00,0.000000000000000000e+00
2.180592680556683050e+01,0.000000000000000000e+00,0.000000000000000000e+00
2.342521577307794090e+01,0.000000000000000000e+00,0.000000000000000000e+00
2.065757279235718613e+01,0.000000000000000000e+00,0.000000000000000000e+00
2.634785660399582952e+01,0.000000000000000000e+00,0.000000000000000000e+00
2.570636474416527051e+01,0.000000000000000000e+00,0.000000000000000000e+00
2.613389925681500969e+01,0.000000000000000000e+00,0.000000000000000000e+00
2.741286905051046219e+01,0.000000000000000000e+00,0.000000000000000000e+00
2.239791715164088259e+01,0.000000000000000000e+00,0.000000000000000000e+00
2.509382427573376617e+01,0.000000000000000000e+00,0.000000000000000000e+00
2.568868780279798258e+01,0.000000000000000000e+00,0.000000000000000000e+00
2.034857154637543175e+01,0.000000000000000000e+00,0.000000000000000000e+00
2.297026713259208108e+01,0.000000000000000000e+00,0.000000000000000000e+00
2.547133160889084635e+01,0.000000000000000000e+00,0.000000000000000000e+00
2.243253859737694711e+01,0.000000000000000000e+00,0.000000000000000000e+00
2.518964337414719523e+01,0.000000000000000000e+00,0.000000000000000000e+00
2.434169894492609387e+01,0.000000000000000000e+00,0.000000000000000000e+00
2.368529618077635490e+01,0.000000000000000000e+00,0.000000000000000000e+00
2.372730048998224817e+01,0.000000000000000000e+00,0.000000000000000000e+00
2.286955569932888466e+01,0.000000000000000000e+00,0.000000000000000000e+00
2.383603016694589627e+01,0.000000000000000000e+00,0.000000000000000000e+00
2.088269796146796153e+01,0.000000000000000000e+00,0.000000000000000000e+00
2.425705349746202799e+01,0.000000000000000000e+00,0.000000000000000000e+00
2.160650594072932407e+01,0.000000000000000000e+00,0.000000000000000000e+00
2.271644547518097568e+01,0.000000000000000000e+00,0.000000000000000000e+00
2.498085065323922649e+01,0.000000000000000000e+00,0.000000000000000000e+00
2.150678992635588216e+01,0.000000000000000000e+00,0.000000000000000000e+00
2.467395278660631419e+01,0.000000000000000000e+00,0.000000000000000000e+00
2.815385726627192753e+01,0.000000000000000000e+00,0.000000000000000000e+00
2.433025207860236350e+01,0.000000000000000000e+00,0.000000000000000000e+00
2.503957477931625775e+01,0.000000000000000000e+00,0.000000000000000000e+00
2.713495545860698144e+01,0.000000000000000000e+00,0.000000000000000000e+00
2.740533625488153291e+01,0.000000000000000000e+00,0.000000000000000000e+00
2.716253753792994274e+01,0.000000000000000000e+00,0.000000000000000000e+00
2.376541922541758112e+01,0.000000000000000000e+00,0.000000000000000000e+00
2.380383962994695679e+01,0.000000000000000000e+00,0.000000000000000000e+00
2.745599025338558619e+01,0.000000000000000000e+00,0.000000000000000000e+00
2.339662629205123068e+01,0.000000000000000000e+00,0.000000000000000000e+00
2.318009582958987380e+01,0.000000000000000000e+00,0.000000000000000000e+00
2.547317473886300476e+01,0.000000000000000000e+00,0.000000000000000000e+00
2.481509139297923383e+01,0.000000000000000000e+00,0.000000000000000000e+00
2.642255672124971611e+01,0.000000000000000000e+00,0.000000000000000000e+00
2.579173653889829509e+01,0.000000000000000000e+00,0.000000000000000000e+00
2.390571333837063506e+01,0.000000000000000000e+00,0.000000000000000000e+00
2.375546373905930864e+01,0.000000000000000000e+00,0.000000000000000000e+00
2.952570099403372694e+01,0.000000000000000000e+00,0.000000000000000000e+00
2.028091711954480303e+01,0.000000000000000000e+00,0.000000000000000000e+00
2.680140696859539062e+01,0.000000000000000000e+00,0.000000000000000000e+00
2.449068816190153441e+01,0.000000000000000000e+00,0.000000000000000000e+00
2.455949670254997130e+01,0.000000000000000000e+00,0.000000000000000000e+00
2.554532839559065138e+01,0.000000000000000000e+00,0.000000000000000000e+00
2.316769362130603582e+01,0.000000000000000000e+00,0.000000000000000000e+00
2.155614998168123009e+01,0.000000000000000000e+00,0.000000000000000000e+00
2.542482193868213969e+01,0.000000000000000000e+00,0.000000000000000000e+00
2.884087923545673249e+01,0.000000000000000000e+00,0.000000000000000000e+00
2.432904492782525097e+01,0.000000000000000000e+00,0.000000000000000000e+00
2.360594410702416823e+01,0.000000000000000000e+00,0.000000000000000000e+00
2.386677338724139474e+01,0.000000000000000000e+00,0.000000000000000000e+00
2.454801924161140647e+01,0.000000000000000000e+00,0.000000000000000000e+00
2.407571280207595521e+01,0.000000000000000000e+00,0.000000000000000000e+00
2.824405831586221538e+01,0.000000000000000000e+00,0.000000000000000000e+00
2.691016391811668029e+01,0.000000000000000000e+00,0.000000000000000000e+00
2.985492584948918449e+01,0.000000000000000000e+00,0.000000000000000000e+00
2.490869939647700804e+01,0.000000000000000000e+00,0.000000000000000000e+00
2.508239364247284087e+01,0.000000000000000000e+00,0.000000000000000000e+00
2.800487770516756214e+01,0.000000000000000000e+00,0.000000000000000000e+00
2.584928337402801546e+01,0.000000000000000000e+00,0.000000000000000000e+00
2.990634196312801762e+01,0.000000000000000000e+00,0.000000000000000000e+00
2.657106389447390526e+01,0.000000000000000000e+00,0.000000000000000000e+00
2.725598488531510455e+01,0.000000000000000000e+00,0.000000000000000000e+00
2.495841315654304537e+01,0.000000000000000000e+00,0.000000000000000000e+00
2.587840890051098697e+01,0.000000000000000000e+00,0.000000000000000000e+00
2.760549653607096943e+01,0.000000000000000000e+00,0.000000000000000000e+00
2.614783965518458686e+01,0.000000000000000000e+00,0.000000000000000000e+00
2.849690780570075077e+01,0.000000000000000000e+00,0.000000000000000000e+00
2.575352355622776201e+01,0.000000000000000000e+00,0.000000000000000000e+00
2.706143038710716908e+01,0.000000000000000000e+00,0.000000000000000000e+00
2.574938536189062788e+01,0.000000000000000000e+00,0.000000000000000000e+00
2.772482766492778694e+01,0.000000000000000000e+00,0.000000000000000000e+00
2.668634211553354874e+01,0.000000000000000000e+00,0.000000000000000000e+00
2.662509502099330660e+01,0.000000000000000000e+00,0.000000000000000000e+00
2.475839993325499577e+01,0.000000000000000000e+00,0.000000000000000000e+00
2.716496922962847904e+01,0.000000000000000000e+00,0.000000000000000000e+00
2.773186995302172164e+01,0.000000000000000000e+00,0.000000000000000000e+00
2.753557436540566528e+01,0.000000000000000000e+00,0.000000000000000000e+00
2.979377125402621829e+01,0.000000000000000000e+00,0.000000000000000000e+00
2.402637231873710633e+01,0.000000000000000000e+00,0.000000000000000000e+00
2.673499048305005488e+01,0.000000000000000000e+00,0.000000000000000000e+00
2.941969861894674310e+01,0.000000000000000000e+00,0.000000000000000000e+00
2.973417120398889324e+01,0.000000000000000000e+00,0.000000000000000000e+00
2.903094378183832802e+01,0.000000000000000000e+00,0.000000000000000000e+00
2.450823747431887512e+01,0.000000000000000000e+00,0.000000000000000000e+00
2.839064502107553878e+01,0.000000000000000000e+00,0.000000000000000000e+00
2.878134770583402613e+01,0.000000000000000000e+00,0.000000000000000000e+00
2.957724647391789574e+01,0.000000000000000000e+00,0.000000000000000000e+00
2.926317187428620414e+01,0.000000000000000000e+00,0.000000000000000000e+00
2.953697476366323471e+01,0.000000000000000000e+00,0.000000000000000000e+00
3.021142989834768144e+01,0.000000000000000000e+00,0.000000000000000000e+00
2.826439037612641059e+01,0.000000000000000000e+00,0.000000000000000000e+00
2.583484846647785105e+01,0.000000000000000000e+00,0.000000000000000000e+00
2.965154032115389526e+01,0.000000000000000000e+00,0.000000000000000000e+00
2.610357767606062396e+01,0.000000000000000000e+00,0.000000000000000000e+00
2.841382106949878050e+01,0.000000000000000000e+00,0.000000000000000000e+00
2.665970609633535915e+01,0.000000000000000000e+00,0.000000000000000000e+00
2.955524420501032168e+01,0.000000000000000000e+00,0.000000000000000000e+00
2.741780975187460001e+01,0.000000000000000000e+00,0.000000000000000000e+00
3.156703776404932071e+01,0.000000000000000000e+00,0.000000000000000000e+00
3.188712726071378611e+01,0.000000000000000000e+00,0.000000000000000000e+00
2.996848242070264234e+01,0.000000000000000000e+00,0.000000000000000000e+00
2.845628826466368366e+01,0.000000000000000000e+00,0.000000000000000000e+00
2.768805283308962117e+01,0.000000000000000000e+00,0.000000000000000000e+00
3.081995973712106007e+01,0.000000000000000000e+00,0.000000000000000000e+00
2.786629920070537736e+01,0.000000000000000000e+00,0.000000000000000000e+00
2.752605241730849883e+01,0.000000000000000000e+00,0.000000000000000000e+00
2.898113662570806781e+01,0.000000000000000000e+00,0.000000000000000000e+00
2.959189336019931815e+01,0.000000000000000000e+00,0.000000000000000000e+00
2.925591250138201005e+01,0.000000000000000000e+00,0.000000000000000000e+00
3.214244303780397871e+01,0.000000000000000000e+00,0.000000000000000000e+00
2.796771646914418952e+01,0.000000000000000000e+00,0.000000000000000000e+00
2.956526790954222150e+01,0.000000000000000000e+00,0.000000000000000000e+00
2.975682143502314148e+01,0.000000000000000000e+00,0.000000000000000000e+00
2.866184223927850994e+01,0.000000000000000000e+00,0.000000000000000000e+00
2.855365320035355836e+01,0.000000000000000000e+00,0.000000000000000000e+00
2.987498871368198650e+01,0.000000000000000000e+00,0.000000000000000000e+00
2.579442827923563542e+01,0.000000000000000000e+00,0.000000000000000000e+00
2.763903135664921962e+01,0.000000000000000000e+00,0.000000000000000000e+00
2.911525744545155092e+01,0.000000000000000000e+00,0.000000000000000000e+00
3.034428432409437448e+01,0.000000000000000000e+00,0.000000000000000000e+00
2.793858699531499212e+01,0.000000000000000000e+00,0.000000000000000000e+00
3.137264337586419316e+01,0.000000000000000000e+00,0.000000000000000000e+00
3.228626379277395131e+01,0.000000000000000000e+00,0.000000000000000000e+00
2.621455568190629393e+01,0.000000000000000000e+00,0.000000000000000000e+00
3.219934719430746384e+01,0.000000000000000000e+00,0.000000000000000000e+00
2.983670694818028579e+01,0.000000000000000000e+00,0.000000000000000000e+00
2.791338362391366346e+01,0.000000000000000000e+00,0.000000000000000000e+00
3.067130095587233996e+01,0.000000000000000000e+00,0.000000000000000000e+00
3.163535596477196421e+01,0.000000000000000000e+00,0.000000000000000000e+00
3.327462595071588680e+01,0.000000000000000000e+00,0.000000000000000000e+00
2.967113853629452791e+01,0.000000000000000000e+00,0.000000000000000000e+00
3.008539295445872597e+01,0.000000000000000000e+00,0.000000000000000000e+00
2.677648274483020074e+01,0.000000000000000000e+00,0.000000000000000000e+00
2.688367019858885598e+01,0.000000000000000000e+00,0.000000000000000000e+00
2.813299635870423288e+01,0.000000000000000000e+00,0.000000000000000000e+00
3.181438585457938828e+01,0.000000000000000000e+00,0.000000000000000000e+00
3.121051985687478236e+01,0.000000000000000000e+00,0.000000000000000000e+00
3.134062323604369737e+01,0.000000000000000000e+00,0.000000000000000000e+00
2.768774050767141048e+01,0.000000000000000000e+00,0.000000000000000000e+00
3.087850294062258527e+01,0.000000000000000000e+00,0.000000000000000000e+00
3.457146211330959318e+01,0.000000000000000000e+00,0.000000000000000000e+00
3.048107650124389778e+01,0.000000000000000000e+00,0.000000000000000000e+00
2.738341044546868019e+01,0.000000000000000000e+00,0.000000000000000000e+00
3.089002841188428050e+01,0.000000000000000000e+00,0.000000000000000000e+00
3.532693912823290816e+01,0.000000000000000000e+00,0.000000000000000000e+00
3.268511220706341192e+01,0.000000000000000000e+00,0.000000000000000000e+00
3.386126279754522983e+01,0.000000000000000000e+00,0.000000000000000000e+00
3.160191078244815799e+01,0.000000000000000000e+00,0.000000000000000000e+00
2.651455648235834062e+01,0.000000000000000000e+00,0.000000000000000000e+00
2.973653829853600783e+01,0.000000000000000000e+00,0.000000000000000000e+00
3.259629648671555202e+01,0.000000000000000000e+00,0.000000000000000000e+00
3.458783725806370768e+01,0.000000000000000000e+00,0.000000000000000000e+00
3.009905198143037097e+01,0.000000000000000000e+00,0.000000000000000000e+00
2.974768479228205464e+01,0.000000000000000000e+00,0.000000000000000000e+00
3.134859310341961347e+01,0.000000000000000000e+00,0.000000000000000000e+00
3.026741364294158743e+01,0.000000000000000000e+00,0.000000000000000000e+00
2.979449863351174699e+01,0.000000000000000000e+00,0.000000000000000000e+00
2.681786119782938371e+01,0.000000000000000000e+00,0.000000000000000000e+00
3.507864289094511889e+01,0.000000000000000000e+00,0.000000000000000000e+00
3.012797337255887342e+01,0.000000000000000000e+00,0.000000000000000000e+00
3.116233422340901527e+01,0.000000000000000000e+00,0.000000000000000000e+00
3.421852559125339610e+01,0.000000000000000000e+00,0.000000000000000000e+00
3.198044401650142277e+01,0.000000000000000000e+00,0.000000000000000000e+00
3.078232162928822291e+01,0.000000000000000000e+00,0.000000000000000000e+00
3.291880543317403607e+01,0.000000000000000000e+00,0.000000000000000000e+00
3.410100324000697469e+01,0.000000000000000000e+00,0.000000000000000000e+00
3.176603139297153078e+01,0.000000000000000000e+00,0.000000000000000000e+00
3.393093176874145911e+01,0.000000000000000000e+00,0.000000000000000000e+00
3.600211156385940825e+01,0.000000000000000000e+00,0.000000000000000000e+00
3.316785987488366061e+01,0.000000000000000000e+00,0.000000000000000000e+00
2.969669930869249441e+01,0.000000000000000000e+00,0.000000000000000000e+00
3.108576015458394792e+01,0.000000000000000000e+00,0.000000000000000000e+00
3.867699172424730136e+01,0.000000000000000000e+00,0.000000000000000000e+00
3.172910803274166369e+01,0.000000000000000000e+00,0.000000000000000000e+00
3.426188320343533178e+01,0.000000000000000000e+00,0.000000000000000000e+00
3.424328637467164071e+01,0.000000000000000000e+00,0.000000000000000000e+00
3.525248572968953198e+01,0.000000000000000000e+00,0.000000000000000000e+00
3.305972693238105364e+01,0.000000000000000000e+00,0.000000000000000000e+00
3.168602258540603245e+01,0.000000000000000000e+00,0.000000000000000000e+00
2.950635170624805781e+01,0.000000000000000000e+00,0.000000000000000000e+00
3.269510487139734778e+01,0.000000000000000000e+00,0.000000000000000000e+00
3.058357656894537158e+01,0.000000000000000000e+00,0.000000000000000000e+00
3.377448555591456625e+01,0.000000000000000000e+00,0.000000000000000000e+00
3.213479820398777065e+01,0.000000000000000000e+00,0.000000000000000000e+00
3.735112890996308721e+01,0.000000000000000000e+00,0.000000000000000000e+00
3.485426556041494450e+01,0.000000000000000000e+00,0.000000000000000000e+00
3.312100674203823303e+01,0.000000000000000000e+00,0.000000000000000000e+00
3.786586851721622082e+01,0.000000000000000000e+00,0.000000000000000000e+00
3.237031475175158590e+01,0.000000000000000000e+00,0.000000000000000000e+00
3.498611982423359734e+01,0.000000000000000000e+00,0.000000000000000000e+00
3.763008865756860644e+01,0.000000000000000000e+00,0.000000000000000000e+00
3.237797725488152878e+01,0.000000000000000000e+00,0.000000000000000000e+00
3.622696276962436457e+01,0.000000000000000000e+00,0.000000000000000000e+00
3.427953362112017288e+01,0.000000000000000000e+00,0.000000000000000000e+00
3.493548345030740165e+01,0.000000000000000000e+00,0.000000000000000000e+00
3.635551265952131672e+01,0.000000000000000000e+00,0.000000000000000000e+00
3.727390751799872248e+01,0.000000000000000000e+00,0.000000000000000000e+00
3.896518436433248667e+01,0.000000000000000000e+00,0.000000000000000000e+00
3.399185882720969687e+01,0.000000000000000000e+00,0.000000000000000000e+00
3.425771841934732009e+01,0.000000000000000000e+00,0.000000000000000000e+00
3.581067416635376333e+01,0.000000000000000000e+00,0.000000000000000000e+00
3.699271643679953314e+01,0.000000000000000000e+00,0.000000000000000000e+00
3.598916103902701735e+01,0.000000000000000000e+00,0.000000000000000000e+00
3.557170309504714822e+01,0.000000000000000000e+00,0.000000000000000000e+00
3.220189648358875445e+01,0.000000000000000000e+00,0.000000000000000000e+00
3.532296244401540974e+01,0.000000000000000000e+00,0.000000000000000000e+00
3.686133127196430337e+01,0.000000000000000000e+00,0.000000000000000000e+00
3.684320029877481062e+01,0.000000000000000000e+00,0.000000000000000000e+00
3.268851202563614322e+01,0.000000000000000000e+00,0.000000000000000000e+00
3.335479493291921926e+01,0.000000000000000000e+00,0.000000000000000000e+00
3.615550412223256416e+01,0.000000000000000000e+00,0.000000000000000000e+00
3.667258214783707615e+01,0.000000000000000000e+00,0.000000000000000000e+00
3.709872389432926809e+01,0.000000000000000000e+00,0.000000000000000000e+00
3.881732658564298077e+01,0.000000000000000000e+00,0.000000000000000000e+00
3.678014222269720790e+01,0.000000000000000000e+00,0.000000000000000000e+00
3.265905318876887975e+01,0.000000000000000000e+00,0.000000000000000000e+00
3.563995781485198933e+01,0.000000000000000000e+00,0.000000000000000000e+00
3.778438653535452119e+01,0.000000000000000000e+00,0.000000000000000000e+00
4.077093371049525672e+01,0.000000000000000000e+00,0.000000000000000000e+00
3.620661206395545406e+01,0.000000000000000000e+00,0.000000000000000000e+00
3.487804121400585444e+01,0.000000000000000000e+00,0.000000000000000000e+00
3.668993508951290039e+01,0.000000000000000000e+00,0.000000000000000000e+00
3.684257266961972022e+01,0.000000000000000000e+00,0.000000000000000000e+00
3.776270844878624899e+01,0.000000000000000000e+00,0.000000000000000000e+00
3.453673454854376246e+01,0.000000000000000000e+00,0.000000000000000000e+00
3.939370727230704006e+01,0.000000000000000000e+00,0.000000000000000000e+00
3.535288945986874865e+01,0.000000000000000000e+00,0.000000000000000000e+00
3.972931458754275980e+01,0.000000000000000000e+00,0.000000000000000000e+00
3.787354222508727020e+01,0.000000000000000000e+00,0.000000000000000000e+00
3.768679257593666421e+01,0.000000000000000000e+00,0.000000000000000000e+00
3.708430509083733284e+01,0.000000000000000000e+00,0.000000000000000000e+00
3.960062171584677060e+01,0.000000000000000000e+00,0.000000000000000000e+00
3.725366942622828503e+01,0.000000000000000000e+00,0.000000000000000000e+00
3.677313777948551632e+01,0.000000000000000000e+00,0.000000000000000000e+00
3.709868024577245649e+01,0.000000000000000000e+00,0.000000000000000000e+00
3.465286743708976047e+01,0.000000000000000000e+00,0.000000000000000000e+00
3.838186151219152720e+01,0.000000000000000000e+00,0.000000000000000000e+00
3.893231318715513822e+01,0.000000000000000000e+00,0.000000000000000000e+00
3.911223354564885568e+01,0.000000000000000000e+00,0.000000000000000000e+00
3.783330541260489355e+01,0.000000000000000000e+00,0.000000000000000000e+00
3.532871357665042211e+01,0.000000000000000000e+00,0.000000000000000000e+00
3.620728863259314778e+01,0.000000000000000000e+00,0.000000000000000000e+00
3.755648307856888835e+01,0.000000000000000000e+00,0.000000000000000000e+00
4.302534147469933146e+01,0.000000000000000000e+00,0.000000000000000000e+00
3.470581671742831276e+01,0.000000000000000000e+00,0.000000000000000000e+00
4.109370456646038861e+01,0.000000000000000000e+00,0.000000000000000000e+00
3.946769688257980135e+01,0.000000000000000000e+00,0.000000000000000000e+00
3.618057137053741457e+01,0.000000000000000000e+00,0.000000000000000000e+00
4.084287722106946461e+01,0.000000000000000000e+00,0.000000000000000000e+00
3.662021156567171687e+01,0.000000000000000000e+00,0.000000000000000000e+00
4.071878433131237784e+01,0.000000000000000000e+00,0.000000000000000000e+00
3.846427220480865117e+01,0.000000000000000000e+00,0.000000000000000000e+00
3.863982539711567199e+01,0.000000000000000000e+00,0.000000000000000000e+00
3.521137135107716176e+01,0.000000000000000000e+00,0.000000000000000000e+00
3.898031993517862759e+01,0.000000000000000000e+00,0.000000000000000000e+00
3.553025562458568487e+01,0.000000000000000000e+00,0.000000000000000000e+00
3.692358030744100716e+01,0.000000000000000000e+00,0.000000000000000000e+00
3.842903824340093877e+01,0.000000000000000000e+00,0.000000000000000000e+00
3.655639900294070799e+01,0.000000000000000000e+00,0.000000000000000000e+00
4.031918637980141540e+01,0.000000000000000000e+00,0.000000000000000000e+00
4.030634477211593492e+01,0.000000000000000000e+00,0.000000000000000000e+00
3.919495388143527492e+01,0.000000000000000000e+00,0.000000000000000000e+00
3.896529988317706739e+01,0.000000000000000000e+00,0.000000000000000000e+00
4.159888179768343974e+01,0.000000000000000000e+00,0.000000000000000000e+00
4.094374329481959762e+01,0.000000000000000000e+00,0.000000000000000000e+00
4.060077727884103638e+01,0.000000000000000000e+00,0.000000000000000000e+00
4.028905190560736571e+01,0.000000000000000000e+00,0.000000000000000000e+00
3.962642348254167501e+01,0.000000000000000000e+00,0.000000000000000000e+00
3.922182294108820599e+01,0.000000000000000000e+00,0.000000000000000000e+00
4.334376793877843426e+01,0.000000000000000000e+00,0.000000000000000000e+00
3.959991924092522453e+01,0.000000000000000000e+00,0.000000000000000000e+00
3.644223511209945343e+01,0.000000000000000000e+00,0.000000000000000000e+00
4.137619418125474624e+01,0.000000000000000000e+00,0.000000000000000000e+00
4.311584164798836127e+01,0.000000000000000000e+00,0.000000000000000000e+00
4.488348153129518181e+01,0.000000000000000000e+00,0.000000000000000000e+00
3.932648723550936865e+01,0.000000000000000000e+00,0.000000000000000000e+00
4.128357605867081759e+01,0.000000000000000000e+00,0.000000000000000000e+00
4.168434901120787117e+01,0.000000000000000000e+00,0.000000000000000000e+00
3.936784313570703375e+01,0.000000000000000000e+00,0.000000000000000000e+00
4.019755805555067241e+01,0.000000000000000000e+00,0.000000000000000000e+00
4.358113460595906474e+01,0.000000000000000000e+00,0.000000000000000000e+00
4.206770554068771162e+01,0.000000000000000000e+00,0.000000000000000000e+00
4.065109668242143215e+01,0.000000000000000000e+00,0.000000000000000000e+00
4.258362236085216068e+01,0.000000000000000000e+00,0.000000000000000000e+00
3.954771309470074669e+01,0.000000000000000000e+00,0.000000000000000000e+00
3.995961924367185958e+01,0.000000000000000000e+00,0.000000000000000000e+00
4.194572427741306342e+01,0.000000000000000000e+00,0.000000000000000000e+00
4.265004249101872347e+01,0.000000000000000000e+00,0.000000000000000000e+00
3.942847209025661215e+01,0.000000000000000000e+00,0.000000000000000000e+00
4.146868880492950638e+01,0.000000000000000000e+00,0.000000000000000000e+00
4.159993352301587777e+01,0.000000000000000000e+00,0.000000000000000000e+00
3.916556268576686506e+01,0.000000000000000000e+00,0.000000000000000000e+00
4.387136639415902550e+01,0.000000000000000000e+00,0.000000000000000000e+00
4.267456203796290737e+01,0.000000000000000000e+00,0.000000000000000000e+00
4.369436703519193799e+01,0.000000000000000000e+00,0.000000000000000000e+00
4.201808016182529570e+01,0.000000000000000000e+00,0.000000000000000000e+00
4.300513977737318783e+01,0.000000000000000000e+00,0.000000000000000000e+00
4.228598457549629330e+01,0.000000000000000000e+00,0.000000000000000000e+00
4.231806095295615933e+01,0.000000000000000000e+00,0.000000000000000000e+00
4.419165850177690658e+01,0.000000000000000000e+00,0.000000000000000000e+00
4.377475634371437962e+01,0.000000000000000000e+00,0.000000000000000000e+00
4.413235619469748627e+01,0.000000000000000000e+00,0.000000000000000000e+00
4.118751704781377043e+01,0.000000000000000000e+00,0.000000000000000000e+00
4.559262995600702340e+01,0.000000000000000000e+00,0.000000000000000000e+00
4.499568197509068312e+01,0.000000000000000000e+00,0.000000000000000000e+00
4.601575444373573731e+01,0.000000000000000000e+00,0.000000000000000000e+00
4.650363599014340821e+01,0.000000000000000000e+00,0.000000000000000000e+00
4.193418058244130009e+01,0.000000000000000000e+00,0.000000000000000000e+00
4.176136474517265640e+01,0.000000000000000000e+00,0.000000000000000000e+00
4.167247234268533163e+01,0.000000000000000000e+00,0.000000000000000000e+00
3.807627726592814099e+01,0.000000000000000000e+00,0.000000000000000000e+00
4.249095399156883701e+01,0.000000000000000000e+00,0.000000000000000000e+00
4.130320548938794900e+01,0.000000000000000000e+00,0.000000000000000000e+00
4.096469081767706655e+01,0.000000000000000000e+00,0.000000000000000000e+00
3.777983417054834092e+01,0.000000000000000000e+00,0.000000000000000000e+00
4.333746754216558372e+01,0.000000000000000000e+00,0.000000000000000000e+00
4.585788945284527074e+01,0.000000000000000000e+00,0.000000000000000000e+00
4.410092407998131137e+01,0.000000000000000000e+00,0.000000000000000000e+00
4.551835600578203156e+01,0.000000000000000000e+00,0.000000000000000000e+00
4.313906129739001472e+01,0.000000000000000000e+00,0.000000000000000000e+00
4.704856261688374985e+01,0.000000000000000000e+00,0.000000000000000000e+00
4.365506182943249058e+01,0.000000000000000000e+00,0.000000000000000000e+00
4.584784857523008128e+01,0.000000000000000000e+00,0.000000000000000000e+00
4.678574208603898654e+01,0.000000000000000000e+00,0.000000000000000000e+00
4.476876662388011852e+01,0.000000000000000000e+00,0.000000000000000000e+00
4.424122393376767093e+01,0.000000000000000000e+00,0.000000000000000000e+00
4.124792968208471677e+01,0.000000000000000000e+00,0.000000000000000000e+00
4.316685338306495368e+01,0.000000000000000000e+00,0.000000000000000000e+00
4.639122000685240721e+01,0.000000000000000000e+00,0.000000000000000000e+00
4.714695900799455330e+01,0.000000000000000000e+00,0.000000000000000000e+00
4.623893649600057643e+01,0.000000000000000000e+00,0.000000000000000000e+00
4.695739160093196318e+01,0.000000000000000000e+00,0.000000000000000000e+00
4.674718431963047038e+01,0.000000000000000000e+00,0.000000000000000000e+00
4.843999734876378227e+01,0.000000000000000000e+00,0.000000000000000000e+00
4.253561358340985521e+01,0.000000000000000000e+00,0.000000000000000000e+00
4.756856243344567048e+01,0.000000000000000000e+00,0.000000000000000000e+00
4.526749522343789067e+01,0.000000000000000000e+00,0.000000000000000000e+00
4.441699304371809376e+01,0.000000000000000000e+00,0.000000000000000000e+00
4.670426648126529301e+01,0.000000000000000000e+00,0.000000000000000000e+00
4.189220817225299953e+01,0.000000000000000000e+00,0.000000000000000000e+00
4.586734964063784759e+01,0.000000000000000000e+00,0.000000000000000000e+00
4.695713687131684821e+01,0.000000000000000000e+00,0.000000000000000000e+00
4.644864516257475628e+01,0.000000000000000000e+00,0.000000000000000000e+00
4.453388409359394018e+01,0.000000000000000000e+00,0.000000000000000000e+00
4.500655057501935374e+01,0.000000000000000000e+00,0.000000000000000000e+00
4.063486229610460043e+01,0.000000000000000000e+00,0.000000000000000000e+00
4.874311038267882878e+01,0.000000000000000000e+00,0.000000000000000000e+00
4.486497100778778702e+01,0.000000000000000000e+00,0.000000000000000000e+00
4.469431288559417226e+01,0.000000000000000000e+00,0.000000000000000000e+00
4.683938969499963179e+01,0.000000000000000000e+00,0.000000000000000000e+00
5.086108310010531142e+01,0.000000000000000000e+00,0.000000000000000000e+00
4.860614013558209479e+01,0.000000000000000000e+00,0.000000000000000000e+00
4.591529599690817776e+01,0.000000000000000000e+00,0.000000000000000000e+00
4.591807891808700504e+01,0.000000000000000000e+00,0.000000000000000000e+00
4.900379189774077560e+01,0.000000000000000000e+00,0.000000000000000000e+00
4.372075042419169222e+01,0.000000000000000000e+00,0.000000000000000000e+00
5.038706189902641341e+01,0.000000000000000000e+00,0.000000000000000000e+00
4.805648245577106081e+01,0.000000000000000000e+00,0.000000000000000000e+00
4.637088684298718988e+01,0.000000000000000000e+00,0.000000000000000000e+00
4.603396648065523067e+01,0.000000000000000000e+00,0.000000000000000000e+00
4.937933744677836501e+01,0.000000000000000000e+00,0.000000000000000000e+00
4.759534165456853572e+01,0.000000000000000000e+00,0.000000000000000000e+00
4.314369991677587990e+01,0.000000000000000000e+00,0.000000000000000000e+00
4.465660707871651880e+01,0.000000000000000000e+00,0.000000000000000000e+00
4.507234099892411905e+01,0.000000000000000000e+00,0.000000000000000000e+00
4.678887017358998435e+01,0.000000000000000000e+00,0.000000000000000000e+00
4.737770469120507499e+01,0.000000000000000000e+00,0.000000000000000000e+00
4.693545263602998574e+01,0.000000000000000000e+00,0.000000000000000000e+00
4.802519227830958215e+01,0.000000000000000000e+00,0.000000000000000000e+00
4.764964554155929477e+01,0.000000000000000000e+00,0.000000000000000000e+00
4.900845499977246078e+01,0.000000000000000000e+00,0.000000000000000000e+00
5.030433150072477844e+01,0.000000000000000000e+00,0.000000000000000000e+00
4.902812125874160643e+01,0.000000000000000000e+00,0.000000000000000000e+00
5.135086708462047511e+01,0.000000000000000000e+00,0.000000000000000000e+00
5.204986678711394887e+01,0.000000000000000000e+00,0.000000000000000000e+00
4.814747950122716702e+01,0.000000000000000000e+00,0.000000000000000000e+00
4.757804917778926068e+01,0.000000000000000000e+00,0.000000000000000000e+00
5.307344958499395915e+01,0.000000000000000000e+00,0.000000000000000000e+00
4.714088511219202360e+01,0.000000000000000000e+00,0.000000000000000000e+00
5.190423635150009574e+01,0.000000000000000000e+00,0.000000000000000000e+00
5.352910049045005536e+01,0.000000000000000000e+00,0.000000000000000000e+00
4.935137431380005779e+01,0.000000000000000000e+00,0.000000000000000000e+00
4.787730362245311966e+01,0.000000000000000000e+00,0.000000000000000000e+00
4.827334786069996397e+01,0.000000000000000000e+00,0.000000000000000000e+00
4.735162094102223307e+01,0.000000000000000000e+00,0.000000000000000000e+00
5.009521838944354499e+01,0.000000000000000000e+00,0.000000000000000000e+00
5.049735475609009683e+01,0.000000000000000000e+00,0.000000000000000000e+00
4.551885044592997076e+01,0.000000000000000000e+00,0.000000000000000000e+00
5.273028506112299141e+01,0.000000000000000000e+00,0.000000000000000000e+00
5.091648279870933180e+01,0.000000000000000000e+00,0.000000000000000000e+00
5.236599492248549836e+01,0.000000000000000000e+00,0.000000000000000000e+00
5.058104676524369836e+01,0.000000000000000000e+00,0.000000000000000000e+00
5.171438761764532188e+01,0.000000000000000000e+00,0.000000000000000000e+00
4.872799648877297329e+01,0.000000000000000000e+00,0.000000000000000000e+00
4.881177022351205608e+01,0.000000000000000000e+00,0.000000000000000000e+00
5.278079366754432300e+01,0.000000000000000000e+00,0.000000000000000000e+00
4.997032688751523466e+01,0.000000000000000000e+00,0.000000000000000000e+00
4.977834338266882952e+01,0.000000000000000000e+00,0.000000000000000000e+00
5.183322670681516797e+01,0.000000000000000000e+00,0.000000000000000000e+00
5.167946857002846883e+01,0.000000000000000000e+00,0.000000000000000000e+00
4.857433961621066487e+01,0.000000000000000000e+00,0.000000000000000000e+00
5.343860706138570293e+01,0.000000000000000000e+00,0.000000000000000000e+00
5.361490940299395902e+01,0.000000000000000000e+00,0.000000000000000000e+00
4.726222460212792953e+01,0.000000000000000000e+00,0.000000000000000000e+00
4.719821499611959581e+01,0.000000000000000000e+00,0.000000000000000000e+00
4.790308394804181802e+01,0.000000000000000000e+00,0.000000000000000000e+00
4.947241926236026899e+01,0.000000000000000000e+00,0.000000000000000000e+00
4.952499169358183195e+01,0.000000000000000000e+00,0.000000000000000000e+00
4.829539546751859547e+01,0.000000000000000000e+00,0.000000000000000000e+00
5.134484193702671462e+01,0.000000000000000000e+00,0.000000000000000000e+00
5.453001369837959089e+01,0.000000000000000000e+00,0.000000000000000000e+00
5.107280926119189957e+01,0.000000000000000000e+00,0.000000000000000000e+00
5.661474352510258257e+01,0.000000000000000000e+00,0.000000000000000000e+00
5.099749077100947403e+01,0.000000000000000000e+00,0.000000000000000000e+00
5.348120989292096539e+01,0.000000000000000000e+00,0.000000000000000000e+00
4.890866520375120530e+01,0.000000000000000000e+00,0.000000000000000000e+00
4.797298431208012204e+01,0.000000000000000000e+00,0.000000000000000000e+00
5.082872212630904585e+01,0.000000000000000000e+00,0.000000000000000000e+00
5.320605040245840911e+01,0.000000000000000000e+00,0.000000000000000000e+00
5.145995762263007833e+01,0.000000000000000000e+00,0.000000000000000000e+00
5.161090251569020637e+01,0.000000000000000000e+00,0.000000000000000000e+00
5.143344987785151545e+01,0.000000000000000000e+00,0.000000000000000000e+00
5.384079575662075001e+01,0.000000000000000000e+00,0.000000000000000000e+00
5.182850152435052138e+01,0.000000000000000000e+00,0.000000000000000000e+00
5.249948623870432840e+01,0.000000000000000000e+00,0.000000000000000000e+00
5.545798962120113629e+01,0.000000000000000000e+00,0.000000000000000000e+00
5.358835917829018314e+01,0.000000000000000000e+00,0.000000000000000000e+00
5.358053015161203803e+01,0.000000000000000000e+00,0.000000000000000000e+00
5.281607627275103312e+01,0.000000000000000000e+00,0.000000000000000000e+00
5.251493206894257071e+01,0.000000000000000000e+00,0.000000000000000000e+00
5.276653958404590128e+01,0.000000000000000000e+00,0.000000000000000000e+00
5.586737918772176670e+01,0.000000000000000000e+00,0.000000000000000000e+00
5.203074262188622612e+01,0.000000000000000000e+00,0.000000000000000000e+00
5.199729338111515631e+01,0.000000000000000000e+00,0.000000000000000000e+00
5.315391729490335138e+01,0.000000000000000000e+00,0.000000000000000000e+00
5.425443462196648881e+01,0.000000000000000000e+00,0.000000000000000000e+00
5.278638019045316554e+01,0.000000000000000000e+00,0.000000000000000000e+00
5.083803647153968086e+01,0.000000000000000000e+00,0.000000000000000000e+00
5.526188470920534712e+01,0.000000000000000000e+00,0.000000000000000000e+00
5.366138890462200095e+01,0.000000000000000000e+00,0.000000000000000000e+00
5.625134911882513933e+01,0.000000000000000000e+00,0.000000000000000000e+00
5.253997155754041160e+01,0.000000000000000000e+00,0.000000000000000000e+00
5.648595610089675034e+01,0.000000000000000000e+00,0.000000000000000000e+00
5.378224827106635786e+01,0.000000000000000000e+00,0.000000000000000000e+00
5.538149212827410395e+01,0.000000000000000000e+00,0.000000000000000000e+00
5.687018615966955792e+01,0.000000000000000000e+00,0.000000000000000000e+00
5.461323915250785177e+01,0.000000000000000000e+00,0.000000000000000000e+00
5.462772392819093170e+01,0.000000000000000000e+00,0.000000000000000000e+00
5.764657526778184149e+01,0.000000000000000000e+00,0.000000000000000000e+00
5.312983797733065927e+01,0.000000000000000000e+00,0.000000000000000000e+00
5.334614718072508310e+01,0.000000000000000000e+00,0.000000000000000000e+00
5.318637506820690675e+01,0.000000000000000000e+00,0.000000000000000000e+00
5.282954935151792597e+01,0.000000000000000000e+00,0.000000000000000000e+00
5.329822013981284812e+01,0.000000000000000000e+00,0.000000000000000000e+00
5.007661487710089432e+01,0.000000000000000000e+00,0.000000000000000000e+00
5.511748182413951014e+01,0.000000000000000000e+00,0.000000000000000000e+00
5.556574653064271274e+01,0.000000000000000000e+00,0.000000000000000000e+00
5.748099332347005941e+01,0.000000000000000000e+00,0.000000000000000000e+00
5.792675633367552024e+01,0.000000000000000000e+00,0.000000000000000000e+00
5.719928634890310093e+01,0.000000000000000000e+00,0.000000000000000000e+00
5.100262207367480016e+01,0.000000000000000000e+00,0.000000000000000000e+00
5.427262210237544338e+01,0.000000000000000000e+00,0.000000000000000000e+00
5.330330087331174127e+01,0.000000000000000000e+00,0.000000000000000000e+00
5.623751311669232678e+01,0.000000000000000000e+00,0.000000000000000000e+00
5.398131547853736123e+01,0.000000000000000000e+00,0.000000000000000000e+00
5.480815726298130386e+01,0.000000000000000000e+00,0.000000000000000000e+00
5.691444888911649969e+01,0.000000000000000000e+00,0.000000000000000000e+00
5.547357108220296595e+01,0.000000000000000000e+00,0.000000000000000000e+00
5.589728444057408296e+01,0.000000000000000000e+00,0.000000000000000000e+00
5.465729286750710969e+01,0.000000000000000000e+00,0.000000000000000000e+00
5.396639313944837113e+01,0.000000000000000000e+00,0.000000000000000000e+00
5.779126170118892958e+01,0.000000000000000000e+00,0.000000000000000000e+00
5.337687206799976281e+01,0.000000000000000000e+00,0.000000000000000000e+00
5.506240952715066328e+01,0.000000000000000000e+00,0.000000000000000000e+00
5.338595397571808121e+01,0.000000000000000000e+00,0.000000000000000000e+00
6.050463626315346488e+01,0.000000000000000000e+00,0.000000000000000000e+00
5.745607682991740717e+01,0.000000000000000000e+00,0.000000000000000000e+00
6.049644212688008338e+01,0.000000000000000000e+00,0.000000000000000000e+00
5.499818281769733375e+01,0.000000000000000000e+00,0.000000000000000000e+00
5.679321022736382218e+01,0.000000000000000000e+00,0.000000000000000000e+00
5.827804970993849309e+01,0.000000000000000000e+00,0.000000000000000000e+00
5.479747686517788452e+01,0.000000000000000000e+00,0.000000000000000000e+00
5.984400701502527653e+01,0.000000000000000000e+00,0.000000000000000000e+00
5.772243920973527764e+01,0.000000000000000000e+00,0.000000000000000000e+00
5.919201328917782234e+01,0.000000000000000000e+00,0.000000000000000000e+00
5.533326341746819566e+01,0.000000000000000000e+00,0.000000000000000000e+00
5.881811406903490536e+01,0.000000000000000000e+00,0.000000000000000000e+00
5.966822397271980094e+01,0.000000000000000000e+00,0.000000000000000000e+00
5.944369791277924264e+01,0.000000000000000000e+00,0.000000000000000000e+00
5.947551826145732434e+01,0.000000000000000000e+00,0.000000000000000000e+00
5.778609857007246120e+01,0.000000000000000000e+00,0.000000000000000000e+00
6.158518879290414105e+01,0.000000000000000000e+00,0.000000000000000000e+00
5.976432566791868339e+01,0.000000000000000000e+00,0.000000000000000000e+00
5.700414896856516833e+01,0.000000000000000000e+00,0.000000000000000000e+00
5.773290709451895708e+01,0.000000000000000000e+00,0.000000000000000000e+00
5.837737134212729728e+01,0.000000000000000000e+00,0.000000000000000000e+00
5.636172039229725073e+01,0.000000000000000000e+00,0.000000000000000000e+00
5.342925777715759494e+01,0.000000000000000000e+00,0.000000000000000000e+00
5.608277485956965336e+01,0.000000000000000000e+00,0.000000000000000000e+00
5.770634655315491557e+01,0.000000000000000000e+00,0.000000000000000000e+00
6.026325573587321571e+01,0.000000000000000000e+00,0.000000000000000000e+00
6.183035556193869553e+01,0.000000000000000000e+00,0.000000000000000000e+00
5.657182145220375702e+01,0.000000000000000000e+00,0.000000000000000000e+00
5.989514232891510659e+01,0.000000000000000000e+00,0.000000000000000000e+00
5.836524268741121801e+01,0.000000000000000000e+00,0.000000000000000000e+00
6.301452175890965890e+01,0.000000000000000000e+00,0.000000000000000000e+00
6.072174820504777415e+01,0.000000000000000000e+00,0.000000000000000000e+00
6.176616478911397934e+01,0.000000000000000000e+00,0.000000000000000000e+00
5.982453339456245089e+01,0.000000000000000000e+00,0.000000000000000000e+00
5.780711315584554910e+01,0.000000000000000000e+00,0.000000000000000000e+00
6.082520005059989643e+01,0.000000000000000000e+00,0.000000000000000000e+00
5.931397627998970279e+01,0.000000000000000000e+00,0.000000000000000000e+00
6.132962253300702571e+01,0.000000000000000000e+00,0.000000000000000000e+00
6.054028384660791318e+01,0.000000000000000000e+00,0.000000000000000000e+00
5.838564622229132794e+01,0.000000000000000000e+00,0.000000000000000000e+00
5.938117407735013842e+01,0.000000000000000000e+00,0.000000000000000000e+00
5.608273707219348836e+01,0.000000000000000000e+00,0.000000000000000000e+00
6.021203703526329321e+01,0.000000000000000000e+00,0.000000000000000000e+00
5.687981492801146999e+01,0.000000000000000000e+00,0.000000000000000000e+00
5.926847119376254369e+01,0.000000000000000000e+00,0.000000000000000000e+00
6.288669155686660162e+01,0.000000000000000000e+00,0.000000000000000000e+00
5.803134964937596862e+01,0.000000000000000000e+00,0.000000000000000000e+00
6.107114371610865788e+01,0.000000000000000000e+00,0.000000000000000000e+00
5.731126598716569021e+01,0.000000000000000000e+00,0.000000000000000000e+00
5.888699117738382682e+01,0.000000000000000000e+00,0.000000000000000000e+00
6.294168129366595821e+01,0.000000000000000000e+00,0.000000000000000000e+00
6.066007153530328111e+01,0.000000000000000000e+00,0.000000000000000000e+00
6.048571766817052264e+01,0.000000000000000000e+00,0.000000000000000000e+00
6.241947953635201429e+01,0.000000000000000000e+00,0.000000000000000000e+00
6.231169489036945919e+01,0.000000000000000000e+00,0.000000000000000000e+00
6.220509381356907141e+01,0.000000000000000000e+00,0.000000000000000000e+00
6.262795828614306259e+01,0.000000000000000000e+00,0.000000000000000000e+00
6.134565145903906824e+01,0.000000000000000000e+00,0.000000000000000000e+00
6.128430613434952079e+01,0.000000000000000000e+00,0.000000000000000000e+00
6.222923707880676147e+01,0.000000000000000000e+00,0.000000000000000000e+00
6.121946122541309165e+01,0.000000000000000000e+00,0.000000000000000000e+00
6.450943167882864770e+01,0.000000000000000000e+00,0.000000000000000000e+00
6.016060841389501235e+01,0.000000000000000000e+00,0.000000000000000000e+00
6.424345916071060003e+01,0.000000000000000000e+00,0.000000000000000000e+00
5.985061632018354771e+01,0.000000000000000000e+00,0.000000000000000000e+00
5.767262666374680435e+01,0.000000000000000000e+00,0.000000000000000000e+00
6.450517128242714193e+01,0.000000000000000000e+00,0.000000000000000000e+00
5.865031503615508512e+01,0.000000000000000000e+00,0.000000000000000000e+00
6.021207489792666934e+01,0.000000000000000000e+00,0.000000000000000000e+00
5.940979512031442766e+01,0.000000000000000000e+00,0.000000000000000000e+00
6.110759569307792560e+01,0.000000000000000000e+00,0.000000000000000000e+00
6.144911785727973808e+01,0.000000000000000000e+00,0.000000000000000000e+00
6.246813808235049947e+01,0.000000000000000000e+00,0.000000000000000000e+00
6.192247441748617121e+01,0.000000000000000000e+00,0.000000000000000000e+00
6.169751318764585335e+01,0.000000000000000000e+00,0.000000000000000000e+00
5.864782899038981867e+01,0.000000000000000000e+00,0.000000000000000000e+00
6.393621212539895993e+01,0.000000000000000000e+00,0.000000000000000000e+00
6.210531669090836715e+01,0.000000000000000000e+00,0.000000000000000000e+00
6.198950701946520780e+01,0.000000000000000000e+00,0.000000000000000000e+00
6.378316772585958461e+01,0.000000000000000000e+00,0.000000000000000000e+00
6.380760185052854894e+01,0.000000000000000000e+00,0.000000000000000000e+00
6.101429699204732771e+01,0.000000000000000000e+00,0.000000000000000000e+00
6.202251325542265192e+01,0.000000000000000000e+00,0.000000000000000000e+00
6.045915262499589460e+01,0.000000000000000000e+00,0.000000000000000000e+00
6.744988834151527612e+01,0.000000000000000000e+00,0.000000000000000000e+00
6.616770035537655303e+01,0.000000000000000000e+00,0.000000000000000000e+00
6.013380916664681308e+01,0.000000000000000000e+00,0.000000000000000000e+00
6.736270938696338817e+01,0.000000000000000000e+00,0.000000000000000000e+00
6.109182964700955409e+01,0.000000000000000000e+00,0.000000000000000000e+00
6.519362192333041151e+01,0.000000000000000000e+00,0.000000000000000000e+00
6.217634003881580185e+01,0.000000000000000000e+00,0.000000000000000000e+00
6.181475775437569098e+01,0.000000000000000000e+00,0.000000000000000000e+00
6.409506538761773697e+01,0.000000000000000000e+00,0.000000000000000000e+00
6.331967794062958177e+01,0.000000000000000000e+00,0.000000000000000000e+00
6.311396500760363892e+01,0.000000000000000000e+00,0.000000000000000000e+00
6.125438570810825922e+01,0.000000000000000000e+00,0.000000000000000000e+00
7.032007837754285617e+01,0.000000000000000000e+00,0.000000000000000000e+00
6.537247745066390792e+01,0.000000000000000000e+00,0.000000000000000000e+00
6.484224640473124168e+01,0.000000000000000000e+00,0.000000000000000000e+00
6.436686907457259110e+01,0.000000000000000000e+00,0.000000000000000000e+00
6.689768667406404745e+01,0.000000000000000000e+00,0.000000000000000000e+00
6.568761765846910805e+01,0.000000000000000000e+00,0.000000000000000000e+00
6.624966413723055325e+01,0.000000000000000000e+00,0.000000000000000000e+00
6.625008557546786392e+01,0.000000000000000000e+00,0.000000000000000000e+00
6.468818383373140080e+01,0.000000000000000000e+00,0.000000000000000000e+00
6.429075850618852428e+01,0.000000000000000000e+00,0.000000000000000000e+00
6.501638721056515635e+01,0.000000000000000000e+00,0.000000000000000000e+00
6.724938732359795779e+01,0.000000000000000000e+00,0.000000000000000000e+00
6.406280664974379135e+01,0.000000000000000000e+00,0.000000000000000000e+00
6.233515524256883111e+01,0.000000000000000000e+00,0.000000000000000000e+00
6.660809085468436308e+01,0.000000000000000000e+00,0.000000000000000000e+00
6.074023755727606755e+01,0.000000000000000000e+00,0.000000000000000000e+00
6.552924121986305295e+01,0.000000000000000000e+00,0.000000000000000000e+00
6.317810143598592276e+01,0.000000000000000000e+00,0.000000000000000000e+00
6.397011707652345791e+01,0.000000000000000000e+00,0.000000000000000000e+00
6.346775570780918230e+01,0.000000000000000000e+00,0.000000000000000000e+00
6.495716920191051713e+01,0.000000000000000000e+00,0.000000000000000000e+00
6.346876152664778203e+01,0.000000000000000000e+00,0.000000000000000000e+00
6.470071856879017957e+01,0.000000000000000000e+00,0.000000000000000000e+00
6.559749903502181212e+01,0.000000000000000000e+00,0.000000000000000000e+00
7.041331315126176094e+01,0.000000000000000000e+00,0.000000000000000000e+00
6.184802226506531042e+01,0.000000000000000000e+00,0.000000000000000000e+00
6.599814598644607599e+01,0.000000000000000000e+00,0.000000000000000000e+00
6.603507151354956761e+01,0.000000000000000000e+00,0.000000000000000000e+00
6.583394066649226772e+01,0.000000000000000000e+00,0.000000000000000000e+00
6.469136683432650159e+01,0.000000000000000000e+00,0.000000000000000000e+00
6.549861964499679345e+01,0.000000000000000000e+00,0.000000000000000000e+00
6.440220229510899230e+01,0.000000000000000000e+00,0.000000000000000000e+00
6.577904691854598695e+01,0.000000000000000000e+00,0.000000000000000000e+00
6.484093243424838704e+01,0.000000000000000000e+00,0.000000000000000000e+00
6.635072123316830073e+01,0.000000000000000000e+00,0.000000000000000000e+00
6.609105775182445086e+01,0.000000000000000000e+00,0.000000000000000000e+00
6.838319284504522955e+01,0.000000000000000000e+00,0.000000000000000000e+00
6.785615883514005020e+01,0.000000000000000000e+00,0.000000000000000000e+00
6.762641131488476276e+01,0.000000000000000000e+00,0.000000000000000000e+00
6.645827269314497698e+01,0.000000000000000000e+00,0.000000000000000000e+00
6.338576014667880543e+01,0.000000000000000000e+00,0.000000000000000000e+00
6.517006535235405806e+01,0.000000000000000000e+00,0.000000000000000000e+00
6.747158635910209057e+01,0.000000000000000000e+00,0.000000000000000000e+00
7.039907879935266521e+01,0.000000000000000000e+00,0.000000000000000000e+00
6.569620849274026853e+01,0.000000000000000000e+00,0.000000000000000000e+00
6.606116549021938056e+01,0.000000000000000000e+00,0.000000000000000000e+00
6.716738932807523099e+01,0.000000000000000000e+00,0.000000000000000000e+00
7.216272443373114243e+01,0.000000000000000000e+00,0.000000000000000000e+00
6.601088080052313956e+01,0.000000000000000000e+00,0.000000000000000000e+00
6.826980467313893541e+01,0.000000000000000000e+00,0.000000000000000000e+00
6.492901785508610146e+01,0.000000000000000000e+00,0.000000000000000000e+00
6.764350626943080158e+01,0.000000000000000000e+00,0.000000000000000000e+00
6.506122135628014291e+01,0.000000000000000000e+00,0.000000000000000000e+00
7.070828768758541116e+01,0.000000000000000000e+00,0.000000000000000000e+00
6.507144840771547933e+01,0.000000000000000000e+00,0.000000000000000000e+00
6.614812225603411378e+01,0.000000000000000000e+00,0.000000000000000000e+00
6.797828603523093705e+01,0.000000000000000000e+00,0.000000000000000000e+00
7.177325410792951743e+01,0.000000000000000000e+00,0.000000000000000000e+00
6.757331190562702261e+01,0.000000000000000000e+00,0.000000000000000000e+00
6.598176547952449766e+01,0.000000000000000000e+00,0.000000000000000000e+00
6.810028778489797219e+01,0.000000000000000000e+00,0.000000000000000000e+00
7.099423544388996277e+01,0.000000000000000000e+00,0.000000000000000000e+00
6.953766951425569687e+01,0.000000000000000000e+00,0.000000000000000000e+00
6.967945682380216965e+01,0.000000000000000000e+00,0.000000000000000000e+00
6.503069107116580483e+01,0.000000000000000000e+00,0.000000000000000000e+00
6.873287819722428083e+01,0.000000000000000000e+00,0.000000000000000000e+00
6.698912443119390048e+01,0.000000000000000000e+00,0.000000000000000000e+00
6.814667287615429814e+01,0.000000000000000000e+00,0.000000000000000000e+00
6.824276044341765157e+01,0.000000000000000000e+00,0.000000000000000000e+00
7.060828775736899843e+01,0.000000000000000000e+00,0.000000000000000000e+00
7.270186775712329563e+01,0.000000000000000000e+00,0.000000000000000000e+00
7.096828887397749952e+01,0.000000000000000000e+00,0.000000000000000000e+00
6.861787855418479865e+01,0.000000000000000000e+00,0.000000000000000000e+00
6.808937881003255654e+01,0.000000000000000000e+00,0.000000000000000000e+00
6.545044622507836607e+01,0.000000000000000000e+00,0.000000000000000000e+00
7.200508986246508414e+01,0.000000000000000000e+00,0.000000000000000000e+00
6.980521257092291876e+01,0.000000000000000000e+00,0.000000000000000000e+00
7.428135110145494480e+01,0.000000000000000000e+00,0.000000000000000000e+00
6.972092879475999894e+01,0.000000000000000000e+00,0.000000000000000000e+00
7.301609004827821536e+01,0.000000000000000000e+00,0.000000000000000000e+00
6.921222236015545093e+01,0.000000000000000000e+00,0.000000000000000000e+00
7.233237207618057596e+01,0.000000000000000000e+00,0.000000000000000000e+00
7.068158586969683199e+01,0.000000000000000000e+00,0.000000000000000000e+00
6.997822697639377054e+01,0.000000000000000000e+00,0.000000000000000000e+00
6.888870575985180267e+01,0.000000000000000000e+00,0.000000000000000000e+00
6.953493057874658234e+01,0.000000000000000000e+00,0.000000000000000000e+00
7.155735668184647125e+01,0.000000000000000000e+00,0.000000000000000000e+00
7.111183656436953981e+01,0.000000000000000000e+00,0.000000000000000000e+00
6.952449499172388414e+01,0.000000000000000000e+00,0.000000000000000000e+00
7.124923379234327570e+01,0.000000000000000000e+00,0.000000000000000000e+00
6.925302604717872157e+01,0.000000000000000000e+00,0.000000000000000000e+00
6.662716830806641610e+01,0.000000000000000000e+00,0.000000000000000000e+00
6.911556438492472410e+01,0.000000000000000000e+00,0.000000000000000000e+00
7.246246025918135558e+01,0.000000000000000000e+00,0.000000000000000000e+00
6.744282912531178908e+01,0.000000000000000000e+00,0.000000000000000000e+00
6.739305461026316380e+01,0.000000000000000000e+00,0.000000000000000000e+00
7.233726667288475198e+01,0.000000000000000000e+00,0.000000000000000000e+00
6.894492171574150063e+01,0.000000000000000000e+00,0.000000000000000000e+00
7.014274124846940595e+01,0.000000000000000000e+00,0.000000000000000000e+00
7.102849002791275268e+01,0.000000000000000000e+00,0.000000000000000000e+00
6.974843547204135064e+01,0.000000000000000000e+00,0.000000000000000000e+00
6.924799655318928160e+01,0.000000000000000000e+00,0.000000000000000000e+00
7.206369743932779670e+01,0.000000000000000000e+00,0.000000000000000000e+00
7.459106521703429848e+01,0.000000000000000000e+00,0.000000000000000000e+00
7.037198298289925447e+01,0.000000000000000000e+00,0.000000000000000000e+00
6.942217214798421310e+01,0.000000000000000000e+00,0.000000000000000000e+00
6.976380436662142870e+01,0.000000000000000000e+00,0.000000000000000000e+00
7.068098862185928510e+01,0.000000000000000000e+00,0.000000000000000000e+00
7.154014794361295060e+01,0.000000000000000000e+00,0.000000000000000000e+00
6.945500497243786242e+01,0.000000000000000000e+00,0.000000000000000000e+00
7.355424477501463798e+01,0.000000000000000000e+00,0.000000000000000000e+00
6.986284093056566746e+01,0.000000000000000000e+00,0.000000000000000000e+00
7.099326115582795182e+01,0.000000000000000000e+00,0.000000000000000000e+00
6.957594556187697776e+01,0.000000000000000000e+00,0.000000000000000000e+00
7.097792688610044820e+01,0.000000000000000000e+00,0.000000000000000000e+00
6.835098891144437516e+01,0.000000000000000000e+00,0.000000000000000000e+00
7.262374153764017137e+01,0.000000000000000000e+00,0.000000000000000000e+00
7.559607507769523238e+01,0.000000000000000000e+00,0.000000000000000000e+00
7.455353989453449515e+01,0.000000000000000000e+00,0.000000000000000000e+00
6.940594930331616297e+01,0.000000000000000000e+00,0.000000000000000000e+00
7.144437974564198157e+01,0.000000000000000000e+00,0.000000000000000000e+00
7.288133615121030573e+01,0.000000000000000000e+00,0.000000000000000000e+00
7.243888189076059803e+01,0.000000000000000000e+00,0.000000000000000000e+00
7.340702780521951354e+01,0.000000000000000000e+00,0.000000000000000000e+00
6.906554895768137214e+01,0.000000000000000000e+00,0.000000000000000000e+00
7.230228845072133481e+01,0.000000000000000000e+00,0.000000000000000000e+00
7.388512144514088220e+01,0.000000000000000000e+00,0.000000000000000000e+00
7.201096308333161744e+01,0.000000000000000000e+00,0.000000000000000000e+00
7.384415519849109444e+01,0.000000000000000000e+00,0.000000000000000000e+00
6.939374456373427336e+01,0.000000000000000000e+00,0.000000000000000000e+00
7.698485928263779954e+01,0.000000000000000000e+00,0.000000000000000000e+00
7.206411479895356820e+01,0.000000000000000000e+00,0.000000000000000000e+00
7.545585678975250232e+01,0.000000000000000000e+00,0.000000000000000000e+00
7.154906298869069303e+01,0.000000000000000000e+00,0.000000000000000000e+00
7.282219827164365711e+01,0.000000000000000000e+00,0.000000000000000000e+00
7.310674809105780980e+01,0.000000000000000000e+00,0.000000000000000000e+00
7.423053422988050443e+01,0.000000000000000000e+00,0.000000000000000000e+00
7.473529334159573523e+01,0.000000000000000000e+00,0.000000000000000000e+00
7.368787017037561782e+01,0.000000000000000000e+00,0.000000000000000000e+00
7.244814572608171943e+01,0.000000000000000000e+00,0.000000000000000000e+00
7.690726514890064891e+01,0.000000000000000000e+00,0.000000000000000000e+00
7.495186044767663702e+01,0.000000000000000000e+00,0.000000000000000000e+00
7.051501515339182902e+01,0.000000000000000000e+00,0.000000000000000000e+00
7.318266207355408426e+01,0.000000000000000000e+00,0.000000000000000000e+00
7.386637595688286240e+01,0.000000000000000000e+00,0.000000000000000000e+00
7.338894341318068371e+01,0.000000000000000000e+00,0.000000000000000000e+00
7.238151635089022307e+01,0.000000000000000000e+00,0.000000000000000000e+00
7.693792548237118467e+01,0.000000000000000000e+00,0.000000000000000000e+00
7.147336654800989209e+01,0.000000000000000000e+00,0.000000000000000000e+00
7.096658408705685872e+01,0.000000000000000000e+00,0.000000000000000000e+00
7.370975775387674389e+01,0.000000000000000000e+00,0.000000000000000000e+00
7.416027260514762531e+01,0.000000000000000000e+00,0.000000000000000000e+00
7.285455257199669177e+01,0.000000000000000000e+00,0.000000000000000000e+00
7.658673944047370696e+01,0.000000000000000000e+00,0.000000000000000000e+00
7.379560223274390296e+01,0.000000000000000000e+00,0.000000000000000000e+00
7.692210509210471514e+01,0.000000000000000000e+00,0.000000000000000000e+00
7.564453339491647910e+01,0.000000000000000000e+00,0.000000000000000000e+00
7.455622249177481820e+01,0.000000000000000000e+00,0.000000000000000000e+00
7.360319774965381612e+01,0.000000000000000000e+00,0.000000000000000000e+00
7.502526169900713171e+01,0.000000000000000000e+00,0.000000000000000000e+00
7.405090385988266632e+01,0.000000000000000000e+00,0.000000000000000000e+00
6.932716892956422328e+01,0.000000000000000000e+00,0.000000000000000000e+00
7.602458796089391058e+01,0.000000000000000000e+00,0.000000000000000000e+00
7.230064366875230064e+01,0.000000000000000000e+00,0.000000000000000000e+00
7.300964192206122050e+01,0.000000000000000000e+00,0.000000000000000000e+00
7.576715287865454229e+01,0.000000000000000000e+00,0.000000000000000000e+00
7.480422497034189178e+01,0.000000000000000000e+00,0.000000000000000000e+00
7.329370340023346841e+01,0.000000000000000000e+00,0.000000000000000000e+00
7.529517163526544721e+01,0.000000000000000000e+00,0.000000000000000000e+00
7.254701764212600779e+01,0.000000000000000000e+00,0.000000000000000000e+00
7.518611283066196904e+01,0.000000000000000000e+00,0.000000000000000000e+00
7.522584046092600829e+01,0.000000000000000000e+00,0.000000000000000000e+00
7.803675536022569759e+01,0.000000000000000000e+00,0.000000000000000000e+00
7.440279565014841978e+01,0.000000000000000000e+00,0.000000000000000000e+00
7.859246883098582259e+01,0.000000000000000000e+00,0.000000000000000000e+00
7.942814771235778437e+01,0.000000000000000000e+00,0.000000000000000000e+00
7.297411333224093255e+01,0.000000000000000000e+00,0.000000000000000000e+00
7.584227080599993087e+01,0.000000000000000000e+00,0.000000000000000000e+00
7.584145474805114873e+01,0.000000000000000000e+00,0.000000000000000000e+00
7.526740975225013131e+01,0.000000000000000000e+00,0.000000000000000000e+00
7.443548462880272609e+01,0.000000000000000000e+00,0.000000000000000000e+00
7.431798842253623150e+01,0.000000000000000000e+00,0.000000000000000000e+00
7.764882881779099932e+01,0.000000000000000000e+00,0.000000000000000000e+00
7.523756882263182888e+01,0.000000000000000000e+00,0.000000000000000000e+00
7.752347427270636615e+01,0.000000000000000000e+00,0.000000000000000000e+00
7.344686121379545796e+01,0.000000000000000000e+00,0.000000000000000000e+00
7.660960690153248720e+01,0.000000000000000000e+00,0.000000000000000000e+00
7.537879912370036095e+01,0.000000000000000000e+00,0.000000000000000000e+00
7.732508232722207708e+01,0.000000000000000000e+00,0.000000000000000000e+00
7.464617458284165252e+01,0.000000000000000000e+00,0.000000000000000000e+00
7.054659829407944471e+01,0.000000000000000000e+00,0.000000000000000000e+00
7.595215778509447091e+01,0.000000000000000000e+00,0.000000000000000000e+00
7.380089655462906251e+01,0.000000000000000000e+00,0.000000000000000000e+00
7.360773373323925739e+01,0.000000000000000000e+00,0.000000000000000000e+00
7.889348380989825671e+01,0.000000000000000000e+00,0.000000000000000000e+00
7.250822969473756530e+01,0.000000000000000000e+00,0.000000000000000000e+00
7.483064390610923056e+01,0.000000000000000000e+00,0.000000000000000000e+00
7.622859254452627908e+01,0.000000000000000000e+00,0.000000000000000000e+00
7.571839131405619128e+01,0.000000000000000000e+00,0.000000000000000000e+00
7.565440363953470637e+01,0.000000000000000000e+00,0.000000000000000000e+00
7.431404928683863886e+01,0.000000000000000000e+00,0.000000000000000000e+00
7.747783314559633538e+01,0.000000000000000000e+00,0.000000000000000000e+00
7.544710167646437071e+01,0.000000000000000000e+00,0.000000000000000000e+00
7.806068090824761896e+01,0.000000000000000000e+00,0.000000000000000000e+00
7.771013866754466903e+01,0.000000000000000000e+00,0.000000000000000000e+00
7.727289568838530442e+01,0.000000000000000000e+00,0.000000000000000000e+00
7.596668657468445929e+01,0.000000000000000000e+00,0.000000000000000000e+00
7.457373449129825360e+01,0.000000000000000000e+00,0.000000000000000000e+00
7.914150411446925659e+01,0.000000000000000000e+00,0.000000000000000000e+00
7.716976428391487275e+01,0.000000000000000000e+00,0.000000000000000000e+00
7.284478711065513323e+01,0.000000000000000000e+00,0.000000000000000000e+00
7.376373916298062738e+01,0.000000000000000000e+00,0.000000000000000000e+00
7.350448779904279206e+01,0.000000000000000000e+00,0.000000000000000000e+00
7.733255052807390939e+01,0.000000000000000000e+00,0.000000000000000000e+00
7.751532097439549318e+01,0.000000000000000000e+00,0.000000000000000000e+00
7.598688101551198315e+01,0.000000000000000000e+00,0.000000000000000000e+00
7.607807328242468259e+01,0.000000000000000000e+00,0.000000000000000000e+00
7.505553690384154208e+01,0.000000000000000000e+00,0.000000000000000000e+00
7.654022122172298737e+01,0.000000000000000000e+00,0.000000000000000000e+00
7.317801303438210425e+01,0.000000000000000000e+00,0.000000000000000000e+00
8.123277081065583616e+01,0.000000000000000000e+00,0.000000000000000000e+00
7.801378256475292972e+01,0.000000000000000000e+00,0.000000000000000000e+00
7.526948419396698853e+01,0.000000000000000000e+00,0.000000000000000000e+00
7.733425422670126181e+01,0.000000000000000000e+00,0.000000000000000000e+00
7.846464938580314197e+01,0.000000000000000000e+00,0.000000000000000000e+00
7.748782836557522558e+01,0.000000000000000000e+00,0.000000000000000000e+00
7.470355331311994007e+01,0.000000000000000000e+00,0.000000000000000000e+00
7.527270500245069229e+01,0.000000000000000000e+00,0.000000000000000000e+00
7.488239536675625629e+01,0.000000000000000000e+00,0.000000000000000000e+00
7.503545302963723884e+01,0.000000000000000000e+00,0.000000000000000000e+00
7.689129493399592263e+01,0.000000000000000000e+00,0.000000000000000000e+00
7.875991975978679704e+01,0.000000000000000000e+00,0.000000000000000000e+00
7.583223334334239496e+01,0.000000000000000000e+00,0.000000000000000000e+00
7.986156007143223690e+01,0.000000000000000000e+00,0.000000000000000000e+00
7.882829086437243404e+01,0.000000000000000000e+00,0.000000000000000000e+00
7.615626699413732581e+01,0.000000000000000000e+00,0.000000000000000000e+00
7.887344425887413024e+01,0.000000000000000000e+00,0.000000000000000000e+00
7.682008091563149321e+01,0.000000000000000000e+00,0.000000000000000000e+00
7.219412694575966327e+01,0.000000000000000000e+00,0.000000000000000000e+00
7.182351385562103019e+01,0.000000000000000000e+00,0.000000000000000000e+00
7.403128893479500050e+01,0.000000000000000000e+00,0.000000000000000000e+00
7.996797728070448841e+01,0.000000000000000000e+00,0.000000000000000000e+00
7.494899156698768650e+01,0.000000000000000000e+00,0.000000000000000000e+00
7.824621127914299734e+01,0.000000000000000000e+00,0.000000000000000000e+00
7.655945948970719428e+01,0.000000000000000000e+00,0.000000000000000000e+00
7.665116657775986653e+01,0.000000000000000000e+00,0.000000000000000000e+00
7.758518763588205047e+01,0.000000000000000000e+00,0.000000000000000000e+00
7.656754853616084233e+01,0.000000000000000000e+00,0.000000000000000000e+00
7.653527443453714341e+01,0.000000000000000000e+00,0.000000000000000000e+00
8.191069053356329732e+01,0.000000000000000000e+00,0.000000000000000000e+00
7.459699620433367784e+01,0.000000000000000000e+00,0.000000000000000000e+00
7.746096830503088881e+01,0.000000000000000000e+00,0.000000000000000000e+00
7.614763379476623584e+01,0.000000000000000000e+00,0.000000000000000000e+00
8.000613114657549829e+01,0.000000000000000000e+00,0.000000000000000000e+00
7.598158530720857584e+01,0.000000000000000000e+00,0.000000000000000000e+00
7.507612469460104876e+01,0.000000000000000000e+00,0.000000000000000000e+00
7.848883609321272559e+01,0.000000000000000000e+00,0.000000000000000000e+00
7.674500697472808497e+01,0.000000000000000000e+00,0.000000000000000000e+00
8.093838549716643627e+01,0.000000000000000000e+00,0.000000000000000000e+00
7.770997582579995822e+01,0.000000000000000000e+00,0.000000000000000000e+00
7.448067927307647551e+01,0.000000000000000000e+00,0.000000000000000000e+00
7.906751768836487315e+01,0.000000000000000000e+00,0.000000000000000000e+00
7.938574351743105240e+01,0.000000000000000000e+00,0.000000000000000000e+00
7.576789995991312310e+01,0.000000000000000000e+00,0.000000000000000000e+00
7.919880940670158509e+01,0.000000000000000000e+00,0.000000000000000000e+00
7.779013344659180973e+01,0.000000000000000000e+00,0.000000000000000000e+00
7.962181981343091763e+01,0.000000000000000000e+00,0.000000000000000000e+00
7.650938233974338232e+01,0.000000000000000000e+00,0.000000000000000000e+00
8.141206226421151371e+01,0.000000000000000000e+00,0.000000000000000000e+00
7.567992725970762535e+01,0.000000000000000000e+00,0.000000000000000000e+00
7.605537936784411102e+01,0.000000000000000000e+00,0.000000000000000000e+00
8.086642793149660235e+01,0.000000000000000000e+00,0.000000000000000000e+00
8.136730837451572995e+01,0.000000000000000000e+00,0.000000000000000000e+00
7.911517802827810897e+01,0.000000000000000000e+00,0.000000000000000000e+00
7.765263599530187832e+01,0.000000000000000000e+00,0.000000000000000000e+00
7.842638740533810449e+01,0.000000000000000000e+00,0.000000000000000000e+00
7.650685806108971576e+01,0.000000000000000000e+00,0.000000000000000000e+00
7.647053208295459115e+01,0.000000000000000000e+00,0.000000000000000000e+00
7.923468948906456433e+01,0.000000000000000000e+00,0.000000000000000000e+00
7.685099091395740345e+01,0.000000000000000000e+00,0.000000000000000000e+00
7.771389380144294989e+01,0.000000000000000000e+00,0.000000000000000000e+00
8.012331027983611875e+01,0.000000000000000000e+00,0.000000000000000000e+00
7.561224642113309358e+01,0.000000000000000000e+00,0.000000000000000000e+00
7.980947229812028354e+01,0.000000000000000000e+00,0.000000000000000000e+00
8.063623077046099752e+01,0.000000000000000000e+00,0.000000000000000000e+00
7.367672982686364946e+01,0.000000000000000000e+00,0.000000000000000000e+00
7.880277913485667796e+01,0.000000000000000000e+00,0.000000000000000000e+00
7.793614346575498075e+01,0.000000000000000000e+00,0.000000000000000000e+00
8.051950691997579668e+01,0.000000000000000000e+00,0.000000000000000000e+00
8.023358510824994028e+01,0.000000000000000000e+00,0.000000000000000000e+00
7.663919953548358421e+01,0.000000000000000000e+00,0.000000000000000000e+00
7.774396076075485951e+01,0.000000000000000000e+00,0.000000000000000000e+00
8.060437962157551794e+01,0.000000000000000000e+00,0.000000000000000000e+00
7.826803049071817497e+01,0.000000000000000000e+00,0.000000000000000000e+00
7.482934127593566132e+01,0.000000000000000000e+00,0.000000000000000000e+00
8.122133578861749470e+01,0.000000000000000000e+00,0.000000000000000000e+00
8.216547567667281271e+01,0.000000000000000000e+00,0.000000000000000000e+00
7.659402704195051115e+01,0.000000000000000000e+00,0.000000000000000000e+00
8.424723579104590954e+01,0.000000000000000000e+00,0.000000000000000000e+00
7.598877804476029496e+01,0.000000000000000000e+00,0.000000000000000000e+00
7.973021412459758039e+01,0.000000000000000000e+00,0.000000000000000000e+00
7.890357692430994518e+01,0.000000000000000000e+00,0.000000000000000000e+00
7.890293563580240743e+01,0.000000000000000000e+00,0.000000000000000000e+00
7.638335937784269447e+01,0.000000000000000000e+00,0.000000000000000000e+00
7.756485421011825565e+01,0.000000000000000000e+00,0.000000000000000000e+00
8.357731322581665268e+01,0.000000000000000000e+00,0.000000000000000000e+00
7.837345872115639622e+01,0.000000000000000000e+00,0.000000000000000000e+00
8.077125436394187830e+01,0.000000000000000000e+00,0.000000000000000000e+00
7.434949249260458259e+01,0.000000000000000000e+00,0.000000000000000000e+00
7.757382056661754177e+01,0.000000000000000000e+00,0.000000000000000000e+00
8.087664883199410326e+01,0.000000000000000000e+00,0.000000000000000000e+00
8.220405453822286290e+01,0.000000000000000000e+00,0.000000000000000000e+00
7.886128456143097765e+01,0.000000000000000000e+00,0.000000000000000000e+00
8.167928721517029089e+01,0.000000000000000000e+00,0.000000000000000000e+00
8.048272188199493371e+01,0.000000000000000000e+00,0.000000000000000000e+00
7.803814541758649170e+01,0.000000000000000000e+00,0.000000000000000000e+00
7.877539918624593440e+01,0.000000000000000000e+00,0.000000000000000000e+00
7.875745715032043393e+01,0.000000000000000000e+00,0.000000000000000000e+00
8.110969489316998704e+01,0.000000000000000000e+00,0.000000000000000000e+00
7.811873758647249133e+01,0.000000000000000000e+00,0.000000000000000000e+00
7.912908859947201279e+01,0.000000000000000000e+00,0.000000000000000000e+00
7.942068800144751606e+01,0.000000000000000000e+00,0.000000000000000000e+00
7.810557767385522254e+01,0.000000000000000000e+00,0.000000000000000000e+00
8.069820395031500482e+01,0.000000000000000000e+00,0.000000000000000000e+00
8.333884214735701335e+01,0.000000000000000000e+00,0.000000000000000000e+00
7.772197383752555311e+01,0.000000000000000000e+00,0.000000000000000000e+00
7.730152658070568350e+01,0.000000000000000000e+00,0.000000000000000000e+00
7.543020322243887676e+01,0.000000000000000000e+00,0.000000000000000000e+00
8.146794378016404892e+01,0.000000000000000000e+00,0.000000000000000000e+00
7.870882699002143568e+01,0.000000000000000000e+00,0.000000000000000000e+00
7.892365909858196460e+01,0.000000000000000000e+00,0.000000000000000000e+00
7.829222054907023676e+01,0.000000000000000000e+00,0.000000000000000000e+00
7.798729875109589216e+01,0.000000000000000000e+00,0.000000000000000000e+00
8.024564757072276677e+01,0.000000000000000000e+00,0.000000000000000000e+00
7.864988609158915267e+01,0.000000000000000000e+00,0.000000000000000000e+00
8.021562976783629040e+01,0.000000000000000000e+00,0.000000000000000000e+00
8.003688018634056789e+01,0.000000000000000000e+00,0.000000000000000000e+00
8.049428296045095976e+01,0.000000000000000000e+00,0.000000000000000000e+00
7.935150754586264554e+01,0.000000000000000000e+00,0.000000000000000000e+00
8.058478158069493702e+01,0.000000000000000000e+00,0.000000000000000000e+00
8.275004275568593926e+01,0.000000000000000000e+00,0.000000000000000000e+00
7.916800929446226576e+01,0.000000000000000000e+00,0.000000000000000000e+00
7.787209549555244337e+01,0.000000000000000000e+00,0.000000000000000000e+00
7.876652019618236977e+01,0.000000000000000000e+00,0.000000000000000000e+00
8.154457674493767172e+01,0.000000000000000000e+00,0.000000000000000000e+00
7.871305301249566355e+01,0.000000000000000000e+00,0.000000000000000000e+00
8.317350608275695834e+01,0.000000000000000000e+00,0.000000000000000000e+00
7.997450459455163241e+01,0.000000000000000000e+00,0.000000000000000000e+00
8.344780720366502180e+01,0.000000000000000000e+00,0.000000000000000000e+00
8.294862582867673950e+01,0.000000000000000000e+00,0.000000000000000000e+00
7.732326358501090624e+01,0.000000000000000000e+00,0.000000000000000000e+00
8.369532131846506218e+01,0.000000000000000000e+00,0.000000000000000000e+00
7.967776148747284992e+01,0.000000000000000000e+00,0.000000000000000000e+00
8.031649080518108974e+01,0.000000000000000000e+00,0.000000000000000000e+00
8.112716656231972934e+01,0.000000000000000000e+00,0.000000000000000000e+00
7.999983529949507499e+01,0.000000000000000000e+00,0.000000000000000000e+00
7.928423573144512204e+01,0.000000000000000000e+00,0.000000000000000000e+00
7.707688526284678687e+01,0.000000000000000000e+00,0.000000000000000000e+00
8.271395904242062613e+01,0.000000000000000000e+00,0.000000000000000000e+00
7.970198552978135353e+01,0.000000000000000000e+00,0.000000000000000000e+00
8.185882902777440506e+01,0.000000000000000000e+00,0.000000000000000000e+00
7.604643062077177262e+01,0.000000000000000000e+00,0.000000000000000000e+00
7.895486790423005630e+01,0.000000000000000000e+00,0.000000000000000000e+00
8.013225640764513003e+01,0.000000000000000000e+00,0.000000000000000000e+00
7.825049343598760743e+01,0.000000000000000000e+00,0.000000000000000000e+00
7.940296136146770323e+01,0.000000000000000000e+00,0.000000000000000000e+00
8.146160186092842537e+01,0.000000000000000000e+00,0.000000000000000000e+00
7.673983149439332863e+01,0.000000000000000000e+00,0.000000000000000000e+00
7.626607756010938033e+01,0.000000000000000000e+00,0.000000000000000000e+00
7.816772801974428830e+01,0.000000000000000000e+00,0.000000000000000000e+00
7.826569466295319444e+01,0.000000000000000000e+00,0.000000000000000000e+00
8.112785053974177174e+01,0.000000000000000000e+00,0.000000000000000000e+00
8.224666996764970861e+01,0.000000000000000000e+00,0.000000000000000000e+00
8.153568831019487106e+01,0.000000000000000000e+00,0.000000000000000000e+00
8.005412998910061617e+01,0.000000000000000000e+00,0.000000000000000000e+00
8.078608652546319036e+01,0.000000000000000000e+00,0.000000000000000000e+00
7.760538364200229466e+01,0.000000000000000000e+00,0.000000000000000000e+00
8.209504955766973922e+01,0.000000000000000000e+00,0.000000000000000000e+00
8.272615772274107826e+01,0.000000000000000000e+00,0.000000000000000000e+00
8.061342092229321565e+01,0.000000000000000000e+00,0.000000000000000000e+00
7.711665823102531192e+01,0.000000000000000000e+00,0.000000000000000000e+00
8.039464016416145853e+01,0.000000000000000000e+00,0.000000000000000000e+00
8.270061919101439685e+01,0.000000000000000000e+00,0.000000000000000000e+00
8.285888433465021308e+01,0.000000000000000000e+00,0.000000000000000000e+00
7.765076985251965880e+01,0.000000000000000000e+00,0.000000000000000000e+00
7.827710446511547104e+01,0.000000000000000000e+00,0.000000000000000000e+00
7.437701653174906369e+01,0.000000000000000000e+00,0.000000000000000000e+00
7.644310230083762292e+01,0.000000000000000000e+00,0.000000000000000000e+00
7.809884876321414993e+01,0.000000000000000000e+00,0.000000000000000000e+00
7.624654130812805874e+01,0.000000000000000000e+00,0.000000000000000000e+00
7.956362227345346128e+01,0.000000000000000000e+00,0.000000000000000000e+00
7.971165999016780290e+01,0.000000000000000000e+00,0.000000000000000000e+00
7.866948542084702467e+01,0.000000000000000000e+00,0.000000000000000000e+00
7.937546676473411367e+01,0.000000000000000000e+00,0.000000000000000000e+00
8.500418232006080643e+01,0.000000000000000000e+00,0.000000000000000000e+00
7.961889991819731449e+01,0.000000000000000000e+00,0.000000000000000000e+00
8.330465609074944666e+01,0.000000000000000000e+00,0.000000000000000000e+00
8.014557205852621280e+01,0.000000000000000000e+00,0.000000000000000000e+00
8.098106160479574100e+01,0.000000000000000000e+00,0.000000000000000000e+00
7.803262086430622446e+01,0.000000000000000000e+00,0.000000000000000000e+00
8.187472217031627508e+01,0.000000000000000000e+00,0.000000000000000000e+00
8.055123377590972211e+01,0.000000000000000000e+00,0.000000000000000000e+00
7.630473962200237281e+01,0.000000000000000000e+00,0.000000000000000000e+00
7.836460639751371104e+01,0.000000000000000000e+00,0.000000000000000000e+00
7.943274531912651071e+01,0.000000000000000000e+00,0.000000000000000000e+00
7.862582186789957461e+01,0.000000000000000000e+00,0.000000000000000000e+00
8.278960935753750050e+01,0.000000000000000000e+00,0.000000000000000000e+00
8.039845045405496649e+01,0.000000000000000000e+00,0.000000000000000000e+00
8.100431345332486899e+01,0.000000000000000000e+00,0.000000000000000000e+00
7.885322509501231991e+01,0.000000000000000000e+00,0.000000000000000000e+00
7.777084646588092198e+01,0.000000000000000000e+00,0.000000000000000000e+00
7.934535433040720420e+01,0.000000000000000000e+00,0.000000000000000000e+00
8.094392977263410671e+01,0.000000000000000000e+00,0.000000000000000000e+00
8.117529897553330898e+01,0.000000000000000000e+00,0.000000000000000000e+00
8.219927373110390079e+01,0.000000000000000000e+00,0.000000000000000000e+00
7.953021509621774499e+01,0.000000000000000000e+00,0.000000000000000000e+00
8.043240738615338614e+01,0.000000000000000000e+00,0.000000000000000000e+00
7.699568864494987963e+01,0.000000000000000000e+00,0.000000000000000000e+00
7.973631101798214615e+01,0.000000000000000000e+00,0.000000000000000000e+00
7.816249472523196573e+01,0.000000000000000000e+00,0.000000000000000000e+00
7.704186284500578097e+01,0.000000000000000000e+00,0.000000000000000000e+00
8.058569439418296554e+01,0.000000000000000000e+00,0.000000000000000000e+00
7.879075489737012106e+01,0.000000000000000000e+00,0.000000000000000000e+00
7.853413216987650003e+01,0.000000000000000000e+00,0.000000000000000000e+00
8.025507894991720548e+01,0.000000000000000000e+00,0.000000000000000000e+00
8.052146865879660709e+01,0.000000000000000000e+00,0.000000000000000000e+00
7.581722733343468690e+01,0.000000000000000000e+00,0.000000000000000000e+00
7.950002494898335215e+01,0.000000000000000000e+00,0.000000000000000000e+00
8.080560317606807530e+01,0.000000000000000000e+00,0.000000000000000000e+00
8.062016655552830002e+01,0.000000000000000000e+00,0.000000000000000000e+00
7.792195136449525705e+01,0.000000000000000000e+00,0.000000000000000000e+00
7.929824856246398213e+01,0.000000000000000000e+00,0.000000000000000000e+00
8.104150826656403694e+01,0.000000000000000000e+00,0.000000000000000000e+00
7.996492158817169127e+01,0.000000000000000000e+00,0.000000000000000000e+00
7.997767870356182129e+01,0.000000000000000000e+00,0.000000000000000000e+00
8.001886935125708078e+01,0.000000000000000000e+00,0.000000000000000000e+00
7.967524606270262666e+01,0.000000000000000000e+00,0.000000000000000000e+00
8.159225315598361306e+01,0.000000000000000000e+00,0.000000000000000000e+00
8.146170939397040911e+01,0.000000000000000000e+00,0.000000000000000000e+00
8.041447811635751464e+01,0.000000000000000000e+00,0.000000000000000000e+00
8.012337262256994563e+01,0.000000000000000000e+00,0.000000000000000000e+00
8.270238460208123854e+01,0.000000000000000000e+00,0.000000000000000000e+00
8.009479092382358090e+01,0.000000000000000000e+00,0.000000000000000000e+00
7.859545378227319645e+01,0.000000000000000000e+00,0.000000000000000000e+00
8.210922574351113212e+01,0.000000000000000000e+00,0.000000000000000000e+00
7.961181984279802748e+01,0.000000000000000000e+00,0.000000000000000000e+00
8.296693891833834300e+01,0.000000000000000000e+00,0.000000000000000000e+00
8.272975511799313608e+01,0.000000000000000000e+00,0.000000000000000000e+00
7.851028848260719428e+01,0.000000000000000000e+00,0.000000000000000000e+00
8.263513374726666427e+01,0.000000000000000000e+00,0.000000000000000000e+00
7.764105704595371549e+01,0.000000000000000000e+00,0.000000000000000000e+00
7.778493178427366672e+01,0.000000000000000000e+00,0.000000000000000000e+00
7.970799349022496472e+01,0.000000000000000000e+00,0.000000000000000000e+00
8.186487502636148861e+01,0.000000000000000000e+00,0.000000000000000000e+00
7.995932126909778503e+01,0.000000000000000000e+00,0.000000000000000000e+00
7.728146917179880404e+01,0.000000000000000000e+00,0.000000000000000000e+00
7.989465560409071543e+01,0.000000000000000000e+00,0.000000000000000000e+00
8.246982464014301684e+01,0.000000000000000000e+00,0.000000000000000000e+00
8.005417624053072245e+01,0.000000000000000000e+00,0.000000000000000000e+00
8.180185506143769203e+01,0.000000000000000000e+00,0.000000000000000000e+00
8.151651594446323656e+01,0.000000000000000000e+00,0.000000000000000000e+00
7.835246591105011760e+01,0.000000000000000000e+00,0.000000000000000000e+00
7.779754324142501787e+01,0.000000000000000000e+00,0.000000000000000000e+00
7.945007443684635007e+01,0.000000000000000000e+00,0.000000000000000000e+00
7.959397610163625814e+01,0.000000000000000000e+00,0.000000000000000000e+00
7.818695678332530008e+01,0.000000000000000000e+00,0.000000000000000000e+00
8.138800373950138578e+01,0.000000000000000000e+00,0.000000000000000000e+00
7.742110089606286749e+01,0.000000000000000000e+00,0.000000000000000000e+00
7.913529773920913613e+01,0.000000000000000000e+00,0.000000000000000000e+00
7.911147219429912525e+01,0.000000000000000000e+00,0.000000000000000000e+00
8.151211953078313854e+01,0.000000000000000000e+00,0.000000000000000000e+00
7.790800027665881089e+01,0.000000000000000000e+00,0.000000000000000000e+00
7.961891822899298177e+01,0.000000000000000000e+00,0.000000000000000000e+00
7.999208834335634322e+01,0.000000000000000000e+00,0.000000000000000000e+00
8.003761957111134961e+01,0.000000000000000000e+00,0.000000000000000000e+00
8.141291729860964210e+01,0.000000000000000000e+00,0.000000000000000000e+00
8.016417460361239478e+01,0.000000000000000000e+00,0.000000000000000000e+00
8.186390590458391614e+01,0.000000000000000000e+00,0.000000000000000000e+00
8.091857572703874268e+01,0.000000000000000000e+00,0.000000000000000000e+00
7.505387147567114425e+01,0.000000000000000000e+00,0.000000000000000000e+00
7.881167863043201294e+01,0.000000000000000000e+00,0.000000000000000000e+00
7.774823155362824423e+01,0.000000000000000000e+00,0.000000000000000000e+00
7.973533198375719167e+01,0.000000000000000000e+00,0.000000000000000000e+00
7.532838156348097414e+01,0.000000000000000000e+00,0.000000000000000000e+00
7.723772734584012767e+01,0.000000000000000000e+00,0.000000000000000000e+00
8.302218246722586059e+01,0.000000000000000000e+00,0.000000000000000000e+00
8.302917828995826710e+01,0.000000000000000000e+00,0.000000000000000000e+00
7.881531770458278174e+01,0.000000000000000000e+00,0.000000000000000000e+00
8.046273345477483474e+01,0.000000000000000000e+00,0.000000000000000000e+00
8.080794379453848819e+01,0.000000000000000000e+00,0.000000000000000000e+00
7.783619259013042324e+01,0.000000000000000000e+00,0.000000000000000000e+00
7.853241833033055741e+01,0.000000000000000000e+00,0.000000000000000000e+00
8.043435600332763613e+01,0.000000000000000000e+00,0.000000000000000000e+00
7.927034574607930040e+01,0.000000000000000000e+00,0.000000000000000000e+00
7.982576094095854558e+01,0.000000000000000000e+00,0.000000000000000000e+00
8.105439734712773259e+01,0.000000000000000000e+00,0.000000000000000000e+00
7.633983474648182721e+01,0.000000000000000000e+00,0.000000000000000000e+00
7.904517180034777368e+01,0.000000000000000000e+00,0.000000000000000000e+00
8.214950686293383342e+01,0.000000000000000000e+00,0.000000000000000000e+00
8.371815136223521847e+01,0.000000000000000000e+00,0.000000000000000000e+00
7.514845709629821613e+01,0.000000000000000000e+00,0.000000000000000000e+00
8.354224356426520615e+01,0.000000000000000000e+00,0.000000000000000000e+00
7.789146721332804191e+01,0.000000000000000000e+00,0.000000000000000000e+00
8.266601520457619756e+01,0.000000000000000000e+00,0.000000000000000000e+00
7.902235361975857586e+01,0.000000000000000000e+00,0.000000000000000000e+00
7.777720952853388781e+01,0.000000000000000000e+00,0.000000000000000000e+00
7.661794675546755684e+01,0.000000000000000000e+00,0.000000000000000000e+00
7.841152005669675873e+01,0.000000000000000000e+00,0.000000000000000000e+00
7.572786980703804716e+01,0.000000000000000000e+00,0.000000000000000000e+00
7.887124005632684032e+01,0.000000000000000000e+00,0.000000000000000000e+00
8.084192574088407923e+01,0.000000000000000000e+00,0.000000000000000000e+00
7.875626990707077368e+01,0.000000000000000000e+00,0.000000000000000000e+00
7.960544452406028881e+01,0.000000000000000000e+00,0.000000000000000000e+00
7.997177717697383059e+01,0.000000000000000000e+00,0.000000000000000000e+00
7.645658501122065331e+01,0.000000000000000000e+00,0.000000000000000000e+00
7.860590629454000577e+01,0.000000000000000000e+00,0.000000000000000000e+00
7.765863082263628314e+01,0.000000000000000000e+00,0.000000000000000000e+00
7.954890046337584408e+01,0.000000000000000000e+00,0.000000000000000000e+00
7.878735710094041167e+01,0.000000000000000000e+00,0.000000000000000000e+00
7.407812449668946897e+01,0.000000000000000000e+00,0.000000000000000000e+00
7.720730018614865742e+01,0.000000000000000000e+00,0.000000000000000000e+00
7.729120358761093712e+01,0.000000000000000000e+00,0.000000000000000000e+00
7.617245181536490861e+01,0.000000000000000000e+00,0.000000000000000000e+00
7.926161549328463707e+01,0.000000000000000000e+00,0.000000000000000000e+00
7.758402695774094582e+01,0.000000000000000000e+00,0.000000000000000000e+00
7.372096538360338513e+01,0.000000000000000000e+00,0.000000000000000000e+00
7.725454991316156850e+01,0.000000000000000000e+00,0.000000000000000000e+00
7.876023490968528051e+01,0.000000000000000000e+00,0.000000000000000000e+00
8.044459500633097093e+01,0.000000000000000000e+00,0.000000000000000000e+00
7.403295266644218486e+01,0.000000000000000000e+00,0.000000000000000000e+00
7.571279216604349926e+01,0.000000000000000000e+00,0.000000000000000000e+00
7.840597387030577181e+01,0.000000000000000000e+00,0.000000000000000000e+00
7.854975089796477050e+01,0.000000000000000000e+00,0.000000000000000000e+00
7.516341819631078636e+01,0.000000000000000000e+00,0.000000000000000000e+00
7.682698347561131413e+01,0.000000000000000000e+00,0.000000000000000000e+00
7.978779989432152320e+01,0.000000000000000000e+00,0.000000000000000000e+00
7.877773185150932989e+01,0.000000000000000000e+00,0.000000000000000000e+00
7.857628690814327399e+01,0.000000000000000000e+00,0.000000000000000000e+00
7.508225092051394256e+01,0.000000000000000000e+00,0.000000000000000000e+00
7.794385681361012530e+01,0.000000000000000000e+00,0.000000000000000000e+00
7.727631776772358307e+01,0.000000000000000000e+00,0.000000000000000000e+00
7.861789751571637908e+01,0.000000000000000000e+00,0.000000000000000000e+00
7.848182567122343301e+01,0.000000000000000000e+00,0.000000000000000000e+00
7.861169655222457209e+01,0.000000000000000000e+00,0.000000000000000000e+00
8.241204297396896550e+01,0.000000000000000000e+00,0.000000000000000000e+00
7.278736944443473078e+01,0.000000000000000000e+00,0.000000000000000000e+00
7.732811584296680962e+01,0.000000000000000000e+00,0.000000000000000000e+00
7.607057078564518804e+01,0.000000000000000000e+00,0.000000000000000000e+00
7.666602868539428073e+01,0.000000000000000000e+00,0.000000000000000000e+00
7.495750232178899353e+01,0.000000000000000000e+00,0.000000000000000000e+00
7.625100384732218117e+01,0.000000000000000000e+00,0.000000000000000000e+00
7.819428516561687559e+01,0.000000000000000000e+00,0.000000000000000000e+00
7.658501787288085438e+01,0.000000000000000000e+00,0.000000000000000000e+00
7.839069463078986644e+01,0.000000000000000000e+00,0.000000000000000000e+00
7.395429732016272339e+01,0.000000000000000000e+00,0.000000000000000000e+00
7.736162047253134233e+01,0.000000000000000000e+00,0.000000000000000000e+00
7.819901534766827922e+01,0.000000000000000000e+00,0.000000000000000000e+00
7.755586879795635014e+01,0.000000000000000000e+00,0.000000000000000000e+00
7.601952420927607079e+01,0.000000000000000000e+00,0.000000000000000000e+00
8.089004975114013973e+01,0.000000000000000000e+00,0.000000000000000000e+00
7.968303615329224954e+01,0.000000000000000000e+00,0.000000000000000000e+00
7.515605962130614159e+01,0.000000000000000000e+00,0.000000000000000000e+00
7.671532081246360235e+01,0.000000000000000000e+00,0.000000000000000000e+00
7.506176240514079723e+01,0.000000000000000000e+00,0.000000000000000000e+00
7.644797577872154193e+01,0.000000000000000000e+00,0.000000000000000000e+00
7.815232480461757802e+01,0.000000000000000000e+00,0.000000000000000000e+00
7.698381185694556450e+01,0.000000000000000000e+00,0.000000000000000000e+00
7.826234655189472278e+01,0.000000000000000000e+00,0.000000000000000000e+00
7.480153725958652444e+01,0.000000000000000000e+00,0.000000000000000000e+00
7.617473371853151320e+01,0.000000000000000000e+00,0.000000000000000000e+00
7.357394652152991910e+01,0.000000000000000000e+00,0.000000000000000000e+00
7.619026780790755993e+01,0.000000000000000000e+00,0.000000000000000000e+00
7.519575160759357857e+01,0.000000000000000000e+00,0.000000000000000000e+00
7.573630269677698834e+01,0.000000000000000000e+00,0.000000000000000000e+00
7.823741874397302354e+01,0.000000000000000000e+00,0.000000000000000000e+00
7.706037686750431703e+01,0.000000000000000000e+00,0.000000000000000000e+00
7.797224560804987448e+01,0.000000000000000000e+00,0.000000000000000000e+00
7.538485187280925004e+01,0.000000000000000000e+00,0.000000000000000000e+00
7.895975294138021638e+01,0.000000000000000000e+00,0.000000000000000000e+00
7.482347833944433546e+01,0.000000000000000000e+00,0.000000000000000000e+00
7.600625125511005820e+01,0.000000000000000000e+00,0.000000000000000000e+00
7.450503802293474109e+01,0.000000000000000000e+00,0.000000000000000000e+00
7.483580762847005019e+01,0.000000000000000000e+00,0.000000000000000000e+00
7.600210905618681068e+01,0.000000000000000000e+00,0.000000000000000000e+00
7.776009866274961269e+01,0.000000000000000000e+00,0.000000000000000000e+00
7.652235814263781322e+01,0.000000000000000000e+00,0.000000000000000000e+00
7.755734928433913922e+01,0.000000000000000000e+00,0.000000000000000000e+00
7.438882222061447180e+01,0.000000000000000000e+00,0.000000000000000000e+00
7.578526017537578241e+01,0.000000000000000000e+00,0.000000000000000000e+00
7.400085565129998599e+01,0.000000000000000000e+00,0.000000000000000000e+00
7.690846753709564609e+01,0.000000000000000000e+00,0.000000000000000000e+00
7.956770038883382767e+01,0.000000000000000000e+00,0.000000000000000000e+00
7.769207546988745605e+01,0.000000000000000000e+00,0.000000000000000000e+00
7.515344437927082311e+01,0.000000000000000000e+00,0.000000000000000000e+00
7.932380959941141896e+01,0.000000000000000000e+00,0.000000000000000000e+00
7.525628634852553489e+01,0.000000000000000000e+00,0.000000000000000000e+00
7.515707835160723960e+01,0.000000000000000000e+00,0.000000000000000000e+00
7.390163744732410578e+01,0.000000000000000000e+00,0.000000000000000000e+00
7.802172042483897485e+01,0.000000000000000000e+00,0.000000000000000000e+00
7.646204731355845752e+01,0.000000000000000000e+00,0.000000000000000000e+00
7.548707477734166105e+01,0.000000000000000000e+00,0.000000000000000000e+00
7.196161873696054556e+01,0.000000000000000000e+00,0.000000000000000000e+00
7.515527027560288786e+01,0.000000000000000000e+00,0.000000000000000000e+00
7.606990305687202181e+01,0.000000000000000000e+00,0.000000000000000000e+00
7.547508887640375974e+01,0.000000000000000000e+00,0.000000000000000000e+00
7.017600272914025084e+01,0.000000000000000000e+00,0.000000000000000000e+00
7.636199193385898809e+01,0.000000000000000000e+00,0.000000000000000000e+00
7.459813820231723014e+01,0.000000000000000000e+00,0.000000000000000000e+00
7.239414034899066053e+01,0.000000000000000000e+00,0.000000000000000000e+00
7.804564508029437775e+01,0.000000000000000000e+00,0.000000000000000000e+00
7.416671369611741227e+01,0.000000000000000000e+00,0.000000000000000000e+00
7.941334602464924330e+01,0.000000000000000000e+00,0.000000000000000000e+00
7.023076391197614043e+01,0.000000000000000000e+00,0.000000000000000000e+00
7.531843625926613583e+01,0.000000000000000000e+00,0.000000000000000000e+00
7.516004290477452798e+01,0.000000000000000000e+00,0.000000000000000000e+00
7.470803557578055631e+01,0.000000000000000000e+00,0.000000000000000000e+00
7.488963292847915909e+01,0.000000000000000000e+00,0.000000000000000000e+00
7.525800128207986006e+01,0.000000000000000000e+00,0.000000000000000000e+00
7.279687221889528814e+01,0.000000000000000000e+00,0.000000000000000000e+00
7.498482257446978849e+01,0.000000000000000000e+00,0.000000000000000000e+00
7.265550107691136361e+01,0.000000000000000000e+00,0.000000000000000000e+00
7.394034438231162198e+01,0.000000000000000000e+00,0.000000000000000000e+00
7.588255376932468721e+01,0.000000000000000000e+00,0.000000000000000000e+00
7.502428160250705957e+01,0.000000000000000000e+00,0.000000000000000000e+00
7.351456548187354656e+01,0.000000000000000000e+00,0.000000000000000000e+00
7.384936751470651473e+01,0.000000000000000000e+00,0.000000000000000000e+00
7.599418320534620364e+01,0.000000000000000000e+00,0.000000000000000000e+00
7.454187291482496391e+01,0.000000000000000000e+00,0.000000000000000000e+00
7.348654268274232493e+01,0.000000000000000000e+00,0.000000000000000000e+00
7.740427337576991818e+01,0.000000000000000000e+00,0.000000000000000000e+00
7.608836565109922390e+01,0.000000000000000000e+00,0.000000000000000000e+00
7.414947176262948858e+01,0.000000000000000000e+00,0.000000000000000000e+00
7.049418966635539618e+01,0.000000000000000000e+00,0.000000000000000000e+00
7.776333140621423468e+01,0.000000000000000000e+00,0.000000000000000000e+00
7.472873958600450806e+01,0.000000000000000000e+00,0.000000000000000000e+00
7.031457048988141878e+01,0.000000000000000000e+00,0.000000000000000000e+00
7.669694959966824399e+01,0.000000000000000000e+00,0.000000000000000000e+00
7.471142458590348667e+01,0.000000000000000000e+00,0.000000000000000000e+00
7.377062385939839828e+01,0.000000000000000000e+00,0.000000000000000000e+00
7.339994614230315051e+01,0.000000000000000000e+00,0.000000000000000000e+00
6.998750216639156463e+01,0.000000000000000000e+00,0.000000000000000000e+00
7.408843438880320775e+01,0.000000000000000000e+00,0.000000000000000000e+00
7.410326823053497947e+01,0.000000000000000000e+00,0.000000000000000000e+00
7.179959855704076688e+01,0.000000000000000000e+00,0.000000000000000000e+00
7.557875080213212016e+01,0.000000000000000000e+00,0.000000000000000000e+00
7.603296931178773832e+01,0.000000000000000000e+00,0.000000000000000000e+00
7.579071078643224268e+01,0.000000000000000000e+00,0.000000000000000000e+00
7.308767916397998476e+01,0.000000000000000000e+00,0.000000000000000000e+00
7.604072438254506494e+01,0.000000000000000000e+00,0.000000000000000000e+00
7.395795358959045984e+01,0.000000000000000000e+00,0.000000000000000000e+00
7.105515880490344216e+01,0.000000000000000000e+00,0.000000000000000000e+00
7.145743680230691552e+01,0.000000000000000000e+00,0.000000000000000000e+00
7.195692435827697864e+01,0.000000000000000000e+00,0.000000000000000000e+00
7.237338594835392769e+01,0.000000000000000000e+00,0.000000000000000000e+00
7.678733255932168333e+01,0.000000000000000000e+00,0.000000000000000000e+00
7.173092804688856461e+01,0.000000000000000000e+00,0.000000000000000000e+00
7.375099741240087781e+01,0.000000000000000000e+00,0.000000000000000000e+00
7.066613413700022761e+01,0.000000000000000000e+00,0.000000000000000000e+00
7.340840071750113793e+01,0.000000000000000000e+00,0.000000000000000000e+00
7.039095109125939587e+01,0.000000000000000000e+00,0.000000000000000000e+00
7.410154945511040125e+01,0.000000000000000000e+00,0.000000000000000000e+00
7.187091671843350582e+01,0.000000000000000000e+00,0.000000000000000000e+00
6.956442203002679037e+01,0.000000000000000000e+00,0.000000000000000000e+00
7.095937345257407003e+01,0.000000000000000000e+00,0.000000000000000000e+00
7.465902507399165700e+01,0.000000000000000000e+00,0.000000000000000000e+00
7.444924257095905773e+01,0.000000000000000000e+00,0.000000000000000000e+00
6.950631710412714881e+01,0.000000000000000000e+00,0.000000000000000000e+00
7.270142955858364076e+01,0.000000000000000000e+00,0.000000000000000000e+00
7.496698257448024094e+01,0.000000000000000000e+00,0.000000000000000000e+00
7.304420787105445356e+01,0.000000000000000000e+00,0.000000000000000000e+00
7.464445515271458476e+01,0.000000000000000000e+00,0.000000000000000000e+00
7.192641385286576394e+01,0.000000000000000000e+00,0.000000000000000000e+00
7.207516357475347490e+01,0.000000000000000000e+00,0.000000000000000000e+00
7.418359850263516364e+01,0.000000000000000000e+00,0.000000000000000000e+00
7.969688337684566193e+01,0.000000000000000000e+00,0.000000000000000000e+00
7.012263806268306610e+01,0.000000000000000000e+00,0.000000000000000000e+00
7.181701962574300069e+01,0.000000000000000000e+00,0.000000000000000000e+00
7.003800246474821733e+01,0.000000000000000000e+00,0.000000000000000000e+00
7.316419307177426390e+01,0.000000000000000000e+00,0.000000000000000000e+00
7.149739029194797979e+01,0.000000000000000000e+00,0.000000000000000000e+00
7.221249461211634468e+01,0.000000000000000000e+00,0.000000000000000000e+00
7.333004753780367935e+01,0.000000000000000000e+00,0.000000000000000000e+00
7.512828437989473684e+01,0.000000000000000000e+00,0.000000000000000000e+00
7.266390256008953941e+01,0.000000000000000000e+00,0.000000000000000000e+00
7.228770246629140672e+01,0.000000000000000000e+00,0.000000000000000000e+00
7.113023129205723194e+01,0.000000000000000000e+00,0.000000000000000000e+00
7.222609258474217597e+01,0.000000000000000000e+00,0.000000000000000000e+00
6.944744123611275199e+01,0.000000000000000000e+00,0.000000000000000000e+00
6.908558957947296619e+01,0.000000000000000000e+00,0.000000000000000000e+00
7.013085173801006533e+01,0.000000000000000000e+00,0.000000000000000000e+00
6.911520783161762438e+01,0.000000000000000000e+00,0.000000000000000000e+00
7.108808141220042387e+01,0.000000000000000000e+00,0.000000000000000000e+00
6.891205274119262469e+01,0.000000000000000000e+00,0.000000000000000000e+00
7.116761419582070403e+01,0.000000000000000000e+00,0.000000000000000000e+00
6.737051958217072922e+01,0.000000000000000000e+00,0.000000000000000000e+00
6.965252270421069625e+01,0.000000000000000000e+00,0.000000000000000000e+00
6.770351084157657340e+01,0.000000000000000000e+00,0.000000000000000000e+00
6.834933524172572561e+01,0.000000000000000000e+00,0.000000000000000000e+00
7.071151682373620417e+01,0.000000000000000000e+00,0.000000000000000000e+00
7.097181112024787808e+01,0.000000000000000000e+00,0.000000000000000000e+00
7.111270320825445879e+01,0.000000000000000000e+00,0.000000000000000000e+00
6.897638692314755815e+01,0.000000000000000000e+00,0.000000000000000000e+00
7.016948502872045879e+01,0.000000000000000000e+00,0.000000000000000000e+00
6.892363415914279301e+01,0.000000000000000000e+00,0.000000000000000000e+00
6.892205697936201148e+01,0.000000000000000000e+00,0.000000000000000000e+00
6.747699475875742792e+01,0.000000000000000000e+00,0.000000000000000000e+00
6.827081231832607955e+01,0.000000000000000000e+00,0.000000000000000000e+00
6.814339098838000552e+01,0.000000000000000000e+00,0.000000000000000000e+00
6.849475458442273634e+01,0.000000000000000000e+00,0.000000000000000000e+00
7.191276632004246494e+01,0.000000000000000000e+00,0.000000000000000000e+00
7.284731355697761046e+01,0.000000000000000000e+00,0.000000000000000000e+00
6.900779271004661553e+01,0.000000000000000000e+00,0.000000000000000000e+00
6.875199181318821218e+01,0.000000000000000000e+00,0.000000000000000000e+00
7.131715640997805394e+01,0.000000000000000000e+00,0.000000000000000000e+00
6.892281099467992078e+01,0.000000000000000000e+00,0.000000000000000000e+00
6.940103138606342270e+01,0.000000000000000000e+00,0.000000000000000000e+00
6.784457548030628971e+01,0.000000000000000000e+00,0.000000000000000000e+00
6.599248664758070504e+01,0.000000000000000000e+00,0.000000000000000000e+00
6.910622438807294543e+01,0.000000000000000000e+00,0.000000000000000000e+00
6.936364787305561208e+01,0.000000000000000000e+00,0.000000000000000000e+00
6.700164316048004309e+01,0.000000000000000000e+00,0.000000000000000000e+00
6.655060289468977430e+01,0.000000000000000000e+00,0.000000000000000000e+00
6.884994105944315379e+01,0.000000000000000000e+00,0.000000000000000000e+00
6.955426004888127522e+01,0.000000000000000000e+00,0.000000000000000000e+00
7.344836663262434229e+01,0.000000000000000000e+00,0.000000000000000000e+00
6.740648546029862587e+01,0.000000000000000000e+00,0.000000000000000000e+00
7.203533638818564100e+01,0.000000000000000000e+00,0.000000000000000000e+00
6.897633341276774388e+01,0.000000000000000000e+00,0.000000000000000000e+00
6.896767821040623403e+01,0.000000000000000000e+00,0.000000000000000000e+00
6.816032324077272619e+01,0.000000000000000000e+00,0.000000000000000000e+00
6.797662541466635844e+01,0.000000000000000000e+00,0.000000000000000000e+00
7.212658827833908504e+01,0.000000000000000000e+00,0.000000000000000000e+00
6.642021063971883166e+01,0.000000000000000000e+00,0.000000000000000000e+00
6.781052493931129277e+01,0.000000000000000000e+00,0.000000000000000000e+00
6.620312500035474557e+01,0.000000000000000000e+00,0.000000000000000000e+00
6.673886628501911389e+01,0.000000000000000000e+00,0.000000000000000000e+00
6.694394717556473040e+01,0.000000000000000000e+00,0.000000000000000000e+00
7.046727126799565610e+01,0.000000000000000000e+00,0.000000000000000000e+00
6.685668876684849238e+01,0.000000000000000000e+00,0.000000000000000000e+00
6.747040484952590589e+01,0.000000000000000000e+00,0.000000000000000000e+00
6.662920056497755183e+01,0.000000000000000000e+00,0.000000000000000000e+00
6.728392511751405891e+01,0.000000000000000000e+00,0.000000000000000000e+00
6.773721181609190012e+01,0.000000000000000000e+00,0.000000000000000000e+00
6.465301503332329958e+01,0.000000000000000000e+00,0.000000000000000000e+00
6.735599827627781622e+01,0.000000000000000000e+00,0.000000000000000000e+00
6.653906050613748846e+01,0.000000000000000000e+00,0.000000000000000000e+00
6.496217450276964200e+01,0.000000000000000000e+00,0.000000000000000000e+00
6.377539307307495164e+01,0.000000000000000000e+00,0.000000000000000000e+00
6.771573641503840690e+01,0.000000000000000000e+00,0.000000000000000000e+00
6.628270923596672048e+01,0.000000000000000000e+00,0.000000000000000000e+00
6.811504877577573325e+01,0.000000000000000000e+00,0.000000000000000000e+00
6.484333558343494985e+01,0.000000000000000000e+00,0.000000000000000000e+00
6.974662585264550785e+01,0.000000000000000000e+00,0.000000000000000000e+00
6.912649939320381520e+01,0.000000000000000000e+00,0.000000000000000000e+00
6.752444340803360490e+01,0.000000000000000000e+00,0.000000000000000000e+00
6.817028302004567308e+01,0.000000000000000000e+00,0.000000000000000000e+00
6.538839407663766679e+01,0.000000000000000000e+00,0.000000000000000000e+00
6.480902242661450430e+01,0.000000000000000000e+00,0.000000000000000000e+00
6.777382071512717232e+01,0.000000000000000000e+00,0.000000000000000000e+00
6.699387306922433538e+01,0.000000000000000000e+00,0.000000000000000000e+00
6.263008038871016225e+01,0.000000000000000000e+00,0.000000000000000000e+00
6.740593241334202901e+01,0.000000000000000000e+00,0.000000000000000000e+00
6.701344365874869879e+01,0.000000000000000000e+00,0.000000000000000000e+00
6.621443852710056888e+01,0.000000000000000000e+00,0.000000000000000000e+00
6.843714748919241231e+01,0.000000000000000000e+00,0.000000000000000000e+00
6.635898706828257332e+01,0.000000000000000000e+00,0.000000000000000000e+00
6.577933177637295614e+01,0.000000000000000000e+00,0.000000000000000000e+00
6.646555172338460693e+01,0.000000000000000000e+00,0.000000000000000000e+00
6.474314615831929132e+01,0.000000000000000000e+00,0.000000000000000000e+00
6.606272959578065240e+01,0.000000000000000000e+00,0.000000000000000000e+00
6.721997213634988100e+01,0.000000000000000000e+00,0.000000000000000000e+00
6.405999035987123591e+01,0.000000000000000000e+00,0.000000000000000000e+00
6.552473013340876662e+01,0.000000000000000000e+00,0.000000000000000000e+00
6.439531798298747844e+01,0.000000000000000000e+00,0.000000000000000000e+00
6.824505338560838652e+01,0.000000000000000000e+00,0.000000000000000000e+00
6.437077268989602885e+01,0.000000000000000000e+00,0.000000000000000000e+00
6.520966726216265386e+01,0.000000000000000000e+00,0.000000000000000000e+00
6.561635973479158679e+01,0.000000000000000000e+00,0.000000000000000000e+00
6.366942914118573782e+01,0.000000000000000000e+00,0.000000000000000000e+00
6.334556106839234246e+01,0.000000000000000000e+00,0.000000000000000000e+00
6.591769121599635639e+01,0.000000000000000000e+00,0.000000000000000000e+00
6.329536538318062355e+01,0.000000000000000000e+00,0.000000000000000000e+00
6.428355480330296245e+01,0.000000000000000000e+00,0.000000000000000000e+00
6.084931714456570973e+01,0.000000000000000000e+00,0.000000000000000000e+00
6.636994445441530388e+01,0.000000000000000000e+00,0.000000000000000000e+00
6.339258545167626835e+01,0.000000000000000000e+00,0.000000000000000000e+00
6.356373228674542020e+01,0.000000000000000000e+00,0.000000000000000000e+00
6.202444485073263536e+01,0.000000000000000000e+00,0.000000000000000000e+00
6.387555313708400462e+01,0.000000000000000000e+00,0.000000000000000000e+00
6.436710751545321330e+01,0.000000000000000000e+00,0.000000000000000000e+00
6.119339504406418939e+01,0.000000000000000000e+00,0.000000000000000000e+00
6.289592305850180765e+01,0.000000000000000000e+00,0.000000000000000000e+00
6.634788009776828233e+01,0.000000000000000000e+00,0.000000000000000000e+00
6.517903239935940007e+01,0.000000000000000000e+00,0.000000000000000000e+00
6.382993836166914292e+01,0.000000000000000000e+00,0.000000000000000000e+00
6.325359957963154045e+01,0.000000000000000000e+00,0.000000000000000000e+00
6.403944016620188506e+01,0.000000000000000000e+00,0.000000000000000000e+00
6.330485105803541046e+01,0.000000000000000000e+00,0.000000000000000000e+00
6.312651342657811426e+01,0.000000000000000000e+00,0.000000000000000000e+00
6.464362444967956378e+01,0.000000000000000000e+00,0.000000000000000000e+00
6.194449941451390629e+01,0.000000000000000000e+00,0.000000000000000000e+00
6.497462297143260912e+01,0.000000000000000000e+00,0.000000000000000000e+00
6.737349332029809545e+01,0.000000000000000000e+00,0.000000000000000000e+00
6.311517252409042555e+01,0.000000000000000000e+00,0.000000000000000000e+00
6.264198046376327511e+01,0.000000000000000000e+00,0.000000000000000000e+00
6.244763733802237482e+01,0.000000000000000000e+00,0.000000000000000000e+00
6.477655009246089435e+01,0.000000000000000000e+00,0.000000000000000000e+00
6.359777103884239580e+01,0.000000000000000000e+00,0.000000000000000000e+00
5.900674999607142723e+01,0.000000000000000000e+00,0.000000000000000000e+00
6.121508123730482964e+01,0.000000000000000000e+00,0.000000000000000000e+00
6.271797949113319959e+01,0.000000000000000000e+00,0.000000000000000000e+00
6.483222328809016233e+01,0.000000000000000000e+00,0.000000000000000000e+00
6.235370070233338424e+01,0.000000000000000000e+00,0.000000000000000000e+00
6.164817301905742397e+01,0.000000000000000000e+00,0.000000000000000000e+00
6.156896660094778895e+01,0.000000000000000000e+00,0.000000000000000000e+00
6.353730334959267623e+01,0.000000000000000000e+00,0.000000000000000000e+00
6.315850299175063043e+01,0.000000000000000000e+00,0.000000000000000000e+00
6.284048226505669277e+01,0.000000000000000000e+00,0.000000000000000000e+00
6.044764260278115131e+01,0.000000000000000000e+00,0.000000000000000000e+00
6.012847742365557480e+01,0.000000000000000000e+00,0.000000000000000000e+00
6.339790957255998194e+01,0.000000000000000000e+00,0.000000000000000000e+00
5.982744793136981798e+01,0.000000000000000000e+00,0.000000000000000000e+00
6.078087940998945982e+01,0.000000000000000000e+00,0.000000000000000000e+00
6.340136590579461284e+01,0.000000000000000000e+00,0.000000000000000000e+00
6.351094111617430826e+01,0.000000000000000000e+00,0.000000000000000000e+00
5.953825717211994117e+01,0.000000000000000000e+00,0.000000000000000000e+00
6.228728046214743586e+01,0.000000000000000000e+00,0.000000000000000000e+00
6.260457546452434485e+01,0.000000000000000000e+00,0.000000000000000000e+00
5.931438887364438273e+01,0.000000000000000000e+00,0.000000000000000000e+00
5.973288020179500535e+01,0.000000000000000000e+00,0.000000000000000000e+00
6.358748102151960779e+01,0.000000000000000000e+00,0.000000000000000000e+00
5.801917970833235927e+01,0.000000000000000000e+00,0.000000000000000000e+00
5.970558795652169692e+01,0.000000000000000000e+00,0.000000000000000000e+00
6.274064113077853477e+01,0.000000000000000000e+00,0.000000000000000000e+00
6.465559188513152833e+01,0.000000000000000000e+00,0.000000000000000000e+00
6.033592776292782389e+01,0.000000000000000000e+00,0.000000000000000000e+00
6.209979370411925714e+01,0.000000000000000000e+00,0.000000000000000000e+00
6.189057623108231354e+01,0.000000000000000000e+00,0.000000000000000000e+00
5.955665196264661176e+01,0.000000000000000000e+00,0.000000000000000000e+00
6.009722088669574447e+01,0.000000000000000000e+00,0.000000000000000000e+00
6.096101259022034213e+01,0.000000000000000000e+00,0.000000000000000000e+00
5.997544120110561039e+01,0.000000000000000000e+00,0.000000000000000000e+00
5.991736328969548708e+01,0.000000000000000000e+00,0.000000000000000000e+00
6.074531071336014776e+01,0.000000000000000000e+00,0.000000000000000000e+00
5.746887148764056263e+01,0.000000000000000000e+00,0.000000000000000000e+00
6.056996492465088977e+01,0.000000000000000000e+00,0.000000000000000000e+00
5.745979853395425607e+01,0.000000000000000000e+00,0.000000000000000000e+00
5.971741272880037599e+01,0.000000000000000000e+00,0.000000000000000000e+00
6.004748889879765272e+01,0.000000000000000000e+00,0.000000000000000000e+00
5.940683104421677285e+01,0.000000000000000000e+00,0.000000000000000000e+00
5.805328239099807774e+01,0.000000000000000000e+00,0.000000000000000000e+00
5.828903632097183163e+01,0.000000000000000000e+00,0.000000000000000000e+00
5.814846894483216744e+01,0.000000000000000000e+00,0.000000000000000000e+00
6.014365727858364608e+01,0.000000000000000000e+00,0.000000000000000000e+00
6.345514172185651347e+01,0.000000000000000000e+00,0.000000000000000000e+00
5.615706500689530145e+01,0.000000000000000000e+00,0.000000000000000000e+00
6.068125236710843495e+01,0.000000000000000000e+00,0.000000000000000000e+00
6.169117226864086945e+01,0.000000000000000000e+00,0.000000000000000000e+00
5.940061500056276600e+01,0.000000000000000000e+00,0.000000000000000000e+00
5.529379546127327671e+01,0.000000000000000000e+00,0.000000000000000000e+00
5.903941618755802523e+01,0.000000000000000000e+00,0.000000000000000000e+00
6.086984998936239322e+01,0.000000000000000000e+00,0.000000000000000000e+00
5.743370300767729475e+01,0.000000000000000000e+00,0.000000000000000000e+00
6.198269082423324505e+01,0.000000000000000000e+00,0.000000000000000000e+00
5.814440736904307983e+01,0.000000000000000000e+00,0.000000000000000000e+00
5.894522487112315901e+01,0.000000000000000000e+00,0.000000000000000000e+00
6.266871257016806851e+01,0.000000000000000000e+00,0.000000000000000000e+00
5.903190063718223257e+01,0.000000000000000000e+00,0.000000000000000000e+00
6.019159716520944414e+01,0.000000000000000000e+00,0.000000000000000000e+00
5.813311771616631773e+01,0.000000000000000000e+00,0.000000000000000000e+00
6.086629474367769888e+01,0.000000000000000000e+00,0.000000000000000000e+00
5.678519770689268853e+01,0.000000000000000000e+00,0.000000000000000000e+00
6.262824273478607040e+01,0.000000000000000000e+00,0.000000000000000000e+00
5.874432892187647326e+01,0.000000000000000000e+00,0.000000000000000000e+00
5.287508815396788009e+01,0.000000000000000000e+00,0.000000000000000000e+00
5.760076883433902140e+01,0.000000000000000000e+00,0.000000000000000000e+00
5.718949929164364931e+01,0.000000000000000000e+00,0.000000000000000000e+00
6.012639444801402533e+01,0.000000000000000000e+00,0.000000000000000000e+00
5.651012086643716259e+01,0.000000000000000000e+00,0.000000000000000000e+00
5.865458474140559275e+01,0.000000000000000000e+00,0.000000000000000000e+00
5.785070067604714694e+01,0.000000000000000000e+00,0.000000000000000000e+00
5.743410287885423315e+01,0.000000000000000000e+00,0.000000000000000000e+00
5.436432050842012131e+01,0.000000000000000000e+00,0.000000000000000000e+00
5.429004476622352371e+01,0.000000000000000000e+00,0.000000000000000000e+00
6.129859094249016493e+01,0.000000000000000000e+00,0.000000000000000000e+00
5.966276912900023888e+01,0.000000000000000000e+00,0.000000000000000000e+00
5.843970750574793982e+01,0.000000000000000000e+00,0.000000000000000000e+00
5.607411093948991976e+01,0.000000000000000000e+00,0.000000000000000000e+00
5.806090167426082616e+01,0.000000000000000000e+00,0.000000000000000000e+00
5.395580460114836541e+01,0.000000000000000000e+00,0.000000000000000000e+00
5.924369206473146221e+01,0.000000000000000000e+00,0.000000000000000000e+00
5.607219797947967521e+01,0.000000000000000000e+00,0.000000000000000000e+00
5.896586397327013884e+01,0.000000000000000000e+00,0.000000000000000000e+00
5.855037196752589068e+01,0.000000000000000000e+00,0.000000000000000000e+00
5.536011820218595858e+01,0.000000000000000000e+00,0.000000000000000000e+00
5.763064419371459479e+01,0.000000000000000000e+00,0.000000000000000000e+00
5.668659921870175111e+01,0.000000000000000000e+00,0.000000000000000000e+00
6.044395708706204573e+01,0.000000000000000000e+00,0.000000000000000000e+00
5.467512731019975547e+01,0.000000000000000000e+00,0.000000000000000000e+00
5.623402913419634075e+01,0.000000000000000000e+00,0.000000000000000000e+00
5.744461920040169645e+01,0.000000000000000000e+00,0.000000000000000000e+00
5.518285540575523385e+01,0.000000000000000000e+00,0.000000000000000000e+00
5.627248418953765707e+01,0.000000000000000000e+00,0.000000000000000000e+00
5.373701902007631759e+01,0.000000000000000000e+00,0.000000000000000000e+00
5.549378150913965158e+01,0.000000000000000000e+00,0.000000000000000000e+00
5.571920026485656763e+01,0.000000000000000000e+00,0.000000000000000000e+00
5.335869781942265888e+01,0.000000000000000000e+00,0.000000000000000000e+00
5.643495246882866212e+01,0.000000000000000000e+00,0.000000000000000000e+00
5.225669349699093402e+01,0.000000000000000000e+00,0.000000000000000000e+00
5.725545558341558916e+01,0.000000000000000000e+00,0.000000000000000000e+00
5.676981051252717236e+01,0.000000000000000000e+00,0.000000000000000000e+00
5.829401461800785000e+01,0.000000000000000000e+00,0.000000000000000000e+00
5.553742638543666033e+01,0.000000000000000000e+00,0.000000000000000000e+00
5.182904867163215101e+01,0.000000000000000000e+00,0.000000000000000000e+00
5.731398197104115866e+01,0.000000000000000000e+00,0.000000000000000000e+00
5.609921368237172601e+01,0.000000000000000000e+00,0.000000000000000000e+00
5.458390030075028676e+01,0.000000000000000000e+00,0.000000000000000000e+00
5.413002945496052831e+01,0.000000000000000000e+00,0.000000000000000000e+00
5.195467060255131031e+01,0.000000000000000000e+00,0.000000000000000000e+00
5.100619893935345317e+01,0.000000000000000000e+00,0.000000000000000000e+00
5.617173981545484907e+01,0.000000000000000000e+00,0.000000000000000000e+00
5.309816720643953403e+01,0.000000000000000000e+00,0.000000000000000000e+00
5.354685499517394476e+01,0.000000000000000000e+00,0.000000000000000000e+00
5.351549970565810099e+01,0.000000000000000000e+00,0.000000000000000000e+00
5.023877553648123495e+01,0.000000000000000000e+00,0.000000000000000000e+00
5.177866671755822381e+01,0.000000000000000000e+00,0.000000000000000000e+00
5.513479150090077496e+01,0.000000000000000000e+00,0.000000000000000000e+00
5.711647516933194879e+01,0.000000000000000000e+00,0.000000000000000000e+00
5.277199141864501541e+01,0.000000000000000000e+00,0.000000000000000000e+00
5.627400502193471965e+01,0.000000000000000000e+00,0.000000000000000000e+00
5.259272612524721779e+01,0.000000000000000000e+00,0.000000000000000000e+00
5.211417898434572038e+01,0.000000000000000000e+00,0.000000000000000000e+00
5.634155393650158317e+01,0.000000000000000000e+00,0.000000000000000000e+00
5.306073505557574777e+01,0.000000000000000000e+00,0.000000000000000000e+00
5.574378446578425894e+01,0.000000000000000000e+00,0.000000000000000000e+00
5.632893277832432233e+01,0.000000000000000000e+00,0.000000000000000000e+00
5.074668126789114098e+01,0.000000000000000000e+00,0.000000000000000000e+00
5.389747847362360744e+01,0.000000000000000000e+00,0.000000000000000000e+00
5.359516378901651734e+01,0.000000000000000000e+00,0.000000000000000000e+00
5.271874111081409353e+01,0.000000000000000000e+00,0.000000000000000000e+00
5.178876904236754797e+01,0.000000000000000000e+00,0.000000000000000000e+00
5.045838423704505260e+01,0.000000000000000000e+00,0.000000000000000000e+00
5.338586563906041249e+01,0.000000000000000000e+00,0.000000000000000000e+00
5.413506614813498885e+01,0.000000000000000000e+00,0.000000000000000000e+00
4.929504865632291200e+01,0.000000000000000000e+00,0.000000000000000000e+00
4.967021629555795670e+01,0.000000000000000000e+00,0.000000000000000000e+00
5.471620443071703477e+01,0.000000000000000000e+00,0.000000000000000000e+00
5.436218315245622534e+01,0.000000000000000000e+00,0.000000000000000000e+00
4.925871786325657808e+01,0.000000000000000000e+00,0.000000000000000000e+00
4.775344202466416021e+01,0.000000000000000000e+00,0.000000000000000000e+00
5.132705163900909895e+01,0.000000000000000000e+00,0.000000000000000000e+00
5.260890801331103717e+01,0.000000000000000000e+00,0.000000000000000000e+00
5.204277428955874996e+01,0.000000000000000000e+00,0.000000000000000000e+00
5.425340952505500525e+01,0.000000000000000000e+00,0.000000000000000000e+00
5.066381146453117879e+01,0.000000000000000000e+00,0.000000000000000000e+00
4.967485769402422591e+01,0.000000000000000000e+00,0.000000000000000000e+00
4.998177086427931215e+01,0.000000000000000000e+00,0.000000000000000000e+00
5.067645885315561571e+01,0.000000000000000000e+00,0.000000000000000000e+00
5.066784309425830912e+01,0.000000000000000000e+00,0.000000000000000000e+00
5.366254557536871062e+01,0.000000000000000000e+00,0.000000000000000000e+00
5.234973241304223990e+01,0.000000000000000000e+00,0.000000000000000000e+00
5.299280975943361938e+01,0.000000000000000000e+00,0.000000000000000000e+00
5.359578656317349044e+01,0.000000000000000000e+00,0.000000000000000000e+00
5.162103094199673592e+01,0.000000000000000000e+00,0.000000000000000000e+00
5.247799702997982507e+01,0.000000000000000000e+00,0.000000000000000000e+00
4.851490137067318642e+01,0.000000000000000000e+00,0.000000000000000000e+00
4.948318558722913707e+01,0.000000000000000000e+00,0.000000000000000000e+00
4.741555963233811610e+01,0.000000000000000000e+00,0.000000000000000000e+00
5.295417027579039626e+01,0.000000000000000000e+00,0.000000000000000000e+00
4.809372654866639607e+01,0.000000000000000000e+00,0.000000000000000000e+00
4.911097809206061271e+01,0.000000000000000000e+00,0.000000000000000000e+00
5.294872801903586890e+01,0.000000000000000000e+00,0.000000000000000000e+00
4.821647104810416806e+01,0.000000000000000000e+00,0.000000000000000000e+00
4.857560783040381125e+01,0.000000000000000000e+00,0.000000000000000000e+00
4.949041021556184461e+01,0.000000000000000000e+00,0.000000000000000000e+00
5.222766253431151284e+01,0.000000000000000000e+00,0.000000000000000000e+00
5.202727393674655332e+01,0.000000000000000000e+00,0.000000000000000000e+00
4.987755026605995567e+01,0.000000000000000000e+00,0.000000000000000000e+00
4.872520143706827866e+01,0.000000000000000000e+00,0.000000000000000000e+00
4.819879276690502223e+01,0.000000000000000000e+00,0.000000000000000000e+00
4.875041189638969286e+01,0.000000000000000000e+00,0.000000000000000000e+00
4.754318859770499017e+01,0.000000000000000000e+00,0.000000000000000000e+00
4.840192503042849381e+01,0.000000000000000000e+00,0.000000000000000000e+00
4.944823182355452929e+01,0.000000000000000000e+00,0.000000000000000000e+00
5.158963527686663042e+01,0.000000000000000000e+00,0.000000000000000000e+00
5.197357178469383143e+01,0.000000000000000000e+00,0.000000000000000000e+00
4.787482326079366857e+01,0.000000000000000000e+00,0.000000000000000000e+00
4.837805208338908614e+01,0.000000000000000000e+00,0.000000000000000000e+00
5.344454321881457304e+01,0.000000000000000000e+00,0.000000000000000000e+00
4.646964660159652993e+01,0.000000000000000000e+00,0.000000000000000000e+00
5.173146564669170289e+01,0.000000000000000000e+00,0.000000000000000000e+00
4.992135807207990439e+01,0.000000000000000000e+00,0.000000000000000000e+00
4.968108853797920688e+01,0.000000000000000000e+00,0.000000000000000000e+00
4.308538806319075576e+01,0.000000000000000000e+00,0.000000000000000000e+00
5.087373469404020199e+01,0.000000000000000000e+00,0.000000000000000000e+00
4.608661200150004333e+01,0.000000000000000000e+00,0.000000000000000000e+00
4.870563888886907478e+01,0.000000000000000000e+00,0.000000000000000000e+00
4.613827501998891734e+01,0.000000000000000000e+00,0.000000000000000000e+00
4.781591960287765630e+01,0.000000000000000000e+00,0.000000000000000000e+00
4.942026913363726948e+01,0.000000000000000000e+00,0.000000000000000000e+00
4.673370243214213815e+01,0.000000000000000000e+00,0.000000000000000000e+00
4.773134896712832642e+01,0.000000000000000000e+00,0.000000000000000000e+00
4.739982865429615799e+01,0.000000000000000000e+00,0.000000000000000000e+00
4.785351101055405820e+01,0.000000000000000000e+00,0.000000000000000000e+00
4.894452838038301223e+01,0.000000000000000000e+00,0.000000000000000000e+00
4.439037940583401110e+01,0.000000000000000000e+00,0.000000000000000000e+00
4.865887513619362181e+01,0.000000000000000000e+00,0.000000000000000000e+00
4.732440330897090064e+01,0.000000000000000000e+00,0.000000000000000000e+00
4.858796743209202873e+01,0.000000000000000000e+00,0.000000000000000000e+00
4.430322213358697780e+01,0.000000000000000000e+00,0.000000000000000000e+00
4.782095707438659105e+01,0.000000000000000000e+00,0.000000000000000000e+00
4.754157995684530391e+01,0.000000000000000000e+00,0.000000000000000000e+00
4.712465701226676629e+01,0.000000000000000000e+00,0.000000000000000000e+00
4.488811391429094044e+01,0.000000000000000000e+00,0.000000000000000000e+00
4.253247843101400605e+01,0.000000000000000000e+00,0.000000000000000000e+00
4.670750653159225152e+01,0.000000000000000000e+00,0.000000000000000000e+00
4.515938202251849987e+01,0.000000000000000000e+00,0.000000000000000000e+00
4.576817930581015759e+01,0.000000000000000000e+00,0.000000000000000000e+00
4.644028956796944385e+01,0.000000000000000000e+00,0.000000000000000000e+00
4.852069754661631862e+01,0.000000000000000000e+00,0.000000000000000000e+00
4.522490968889864149e+01,0.000000000000000000e+00,0.000000000000000000e+00
4.985398293827607574e+01,0.000000000000000000e+00,0.000000000000000000e+00
4.708324461361154079e+01,0.000000000000000000e+00,0.000000000000000000e+00
4.572993036211292406e+01,0.000000000000000000e+00,0.000000000000000000e+00
4.865609891926947483e+01,0.000000000000000000e+00,0.000000000000000000e+00
4.424490530253788734e+01,0.000000000000000000e+00,0.000000000000000000e+00
4.943802799714396912e+01,0.000000000000000000e+00,0.000000000000000000e+00
4.839979650471345707e+01,0.000000000000000000e+00,0.000000000000000000e+00
4.645210392752021988e+01,0.000000000000000000e+00,0.000000000000000000e+00
4.647188477114261218e+01,0.000000000000000000e+00,0.000000000000000000e+00
4.608150479446528180e+01,0.000000000000000000e+00,0.000000000000000000e+00
4.567910367884473999e+01,0.000000000000000000e+00,0.000000000000000000e+00
4.624323144310318412e+01,0.000000000000000000e+00,0.000000000000000000e+00
4.681941082672395993e+01,0.000000000000000000e+00,0.000000000000000000e+00
4.461032270326935389e+01,0.000000000000000000e+00,0.000000000000000000e+00
4.323416913062099809e+01,0.000000000000000000e+00,0.000000000000000000e+00
4.461969205961920437e+01,0.000000000000000000e+00,0.000000000000000000e+00
4.266939481042697224e+01,0.000000000000000000e+00,0.000000000000000000e+00
4.395574400607495846e+01,0.000000000000000000e+00,0.000000000000000000e+00
4.477142440895882913e+01,0.000000000000000000e+00,0.000000000000000000e+00
4.520809836684065175e+01,0.000000000000000000e+00,0.000000000000000000e+00
4.125336157934411574e+01,0.000000000000000000e+00,0.000000000000000000e+00
4.675072083331486539e+01,0.000000000000000000e+00,0.000000000000000000e+00
4.240659261816369963e+01,0.000000000000000000e+00,0.000000000000000000e+00
4.464590850459458693e+01,0.000000000000000000e+00,0.000000000000000000e+00
4.147614751095336061e+01,0.000000000000000000e+00,0.000000000000000000e+00
4.046955407417450346e+01,0.000000000000000000e+00,0.000000000000000000e+00
4.269105496696793267e+01,0.000000000000000000e+00,0.000000000000000000e+00
4.446332978714916351e+01,0.000000000000000000e+00,0.000000000000000000e+00
4.595904958398543982e+01,0.000000000000000000e+00,0.000000000000000000e+00
4.081061065634329310e+01,0.000000000000000000e+00,0.000000000000000000e+00
4.357885338761941085e+01,0.000000000000000000e+00,0.000000000000000000e+00
4.316422820639085245e+01,0.000000000000000000e+00,0.000000000000000000e+00
4.551971590192946593e+01,0.000000000000000000e+00,0.000000000000000000e+00
4.384911890010094027e+01,0.000000000000000000e+00,0.000000000000000000e+00
4.035680798617177345e+01,0.000000000000000000e+00,0.000000000000000000e+00
4.545868919145910070e+01,0.000000000000000000e+00,0.000000000000000000e+00
4.446772209847169677e+01,0.000000000000000000e+00,0.000000000000000000e+00
4.725228174420945493e+01,0.000000000000000000e+00,0.000000000000000000e+00
4.176847915816760093e+01,0.000000000000000000e+00,0.000000000000000000e+00
4.885810800137139864e+01,0.000000000000000000e+00,0.000000000000000000e+00
4.025829309263359335e+01,0.000000000000000000e+00,0.000000000000000000e+00
4.127491616557361453e+01,0.000000000000000000e+00,0.000000000000000000e+00
4.267818621608950025e+01,0.000000000000000000e+00,0.000000000000000000e+00
4.065398546387569212e+01,0.000000000000000000e+00,0.000000000000000000e+00
4.255180947983799911e+01,0.000000000000000000e+00,0.000000000000000000e+00
3.893927240482209839e+01,0.000000000000000000e+00,0.000000000000000000e+00
4.360806852426641456e+01,0.000000000000000000e+00,0.000000000000000000e+00
4.372708301218324323e+01,0.000000000000000000e+00,0.000000000000000000e+00
4.111246307937372535e+01,0.000000000000000000e+00,0.000000000000000000e+00
3.914776403837414875e+01,0.000000000000000000e+00,0.000000000000000000e+00
4.501366994418845024e+01,0.000000000000000000e+00,0.000000000000000000e+00
4.468340176234927696e+01,0.000000000000000000e+00,0.000000000000000000e+00
3.819944133154696431e+01,0.000000000000000000e+00,0.000000000000000000e+00
4.058749340225734414e+01,0.000000000000000000e+00,0.000000000000000000e+00
4.380726627928689254e+01,0.000000000000000000e+00,0.000000000000000000e+00
4.200572425620325845e+01,0.000000000000000000e+00,0.000000000000000000e+00
4.063234952096141228e+01,0.000000000000000000e+00,0.000000000000000000e+00
4.354216882367217067e+01,0.000000000000000000e+00,0.000000000000000000e+00
4.100000674940338996e+01,0.000000000000000000e+00,0.000000000000000000e+00
4.420453098111725865e+01,0.000000000000000000e+00,0.000000000000000000e+00
3.661440351997818965e+01,0.000000000000000000e+00,0.000000000000000000e+00
4.386016306239707063e+01,0.000000000000000000e+00,0.000000000000000000e+00
4.293466858998670688e+01,0.000000000000000000e+00,0.000000000000000000e+00
4.025980761727331014e+01,0.000000000000000000e+00,0.000000000000000000e+00
4.383788384878576494e+01,0.000000000000000000e+00,0.000000000000000000e+00
4.125874066064091750e+01,0.000000000000000000e+00,0.000000000000000000e+00
3.750432185407022700e+01,0.000000000000000000e+00,0.000000000000000000e+00
4.043194076880804744e+01,0.000000000000000000e+00,0.000000000000000000e+00
4.445832793048328568e+01,0.000000000000000000e+00,0.000000000000000000e+00
3.860877828235818754e+01,0.000000000000000000e+00,0.000000000000000000e+00
4.190019128603265841e+01,0.000000000000000000e+00,0.000000000000000000e+00
3.893373910449368225e+01,0.000000000000000000e+00,0.000000000000000000e+00
4.044639008113625067e+01,0.000000000000000000e+00,0.000000000000000000e+00
4.149309254403632963e+01,0.000000000000000000e+00,0.000000000000000000e+00
4.456354508471082454e+01,0.000000000000000000e+00,0.000000000000000000e+00
3.525932585461285385e+01,0.000000000000000000e+00,0.000000000000000000e+00
3.964623269725296950e+01,0.000000000000000000e+00,0.000000000000000000e+00
3.892611693342058743e+01,0.000000000000000000e+00,0.000000000000000000e+00
4.194172987234392025e+01,0.000000000000000000e+00,0.000000000000000000e+00
4.005427982633413819e+01,0.000000000000000000e+00,0.000000000000000000e+00
4.232174375591321080e+01,0.000000000000000000e+00,0.000000000000000000e+00
3.915073051552130323e+01,0.000000000000000000e+00,0.000000000000000000e+00
4.057387362819574861e+01,0.000000000000000000e+00,0.000000000000000000e+00
4.086146990229539711e+01,0.000000000000000000e+00,0.000000000000000000e+00
3.842606263379299492e+01,0.000000000000000000e+00,0.000000000000000000e+00
3.777397149581729252e+01,0.000000000000000000e+00,0.000000000000000000e+00
3.937312012301102726e+01,0.000000000000000000e+00,0.000000000000000000e+00
3.898606161184781627e+01,0.000000000000000000e+00,0.000000000000000000e+00
4.062326423192257607e+01,0.000000000000000000e+00,0.000000000000000000e+00
3.896093558322741757e+01,0.000000000000000000e+00,0.000000000000000000e+00
4.228575458355754080e+01,0.000000000000000000e+00,0.000000000000000000e+00
3.633649355734130637e+01,0.000000000000000000e+00,0.000000000000000000e+00
3.687930356563597201e+01,0.000000000000000000e+00,0.000000000000000000e+00
3.592733359062903986e+01,0.000000000000000000e+00,0.000000000000000000e+00
3.662624187003469700e+01,0.000000000000000000e+00,0.000000000000000000e+00
3.953317741299656518e+01,0.000000000000000000e+00,0.000000000000000000e+00
4.129475117744431856e+01,0.000000000000000000e+00,0.000000000000000000e+00
4.251862085916202716e+01,0.000000000000000000e+00,0.000000000000000000e+00
3.807097879901746040e+01,0.000000000000000000e+00,0.000000000000000000e+00
3.946982969079338943e+01,0.000000000000000000e+00,0.000000000000000000e+00
3.994406053512166466e+01,0.000000000000000000e+00,0.000000000000000000e+00
3.633097175931824552e+01,0.000000000000000000e+00,0.000000000000000000e+00
3.969273848056512577e+01,0.000000000000000000e+00,0.000000000000000000e+00
3.871575357043523269e+01,0.000000000000000000e+00,0.000000000000000000e+00
3.786207230842626359e+01,0.000000000000000000e+00,0.000000000000000000e+00
3.092005575430096442e+01,0.000000000000000000e+00,0.000000000000000000e+00
3.724640889152719581e+01,0.000000000000000000e+00,0.000000000000000000e+00
3.717882370232200628e+01,0.000000000000000000e+00,0.000000000000000000e+00
3.838443150177405272e+01,0.000000000000000000e+00,0.000000000000000000e+00
3.491589173827704684e+01,0.000000000000000000e+00,0.000000000000000000e+00
3.647952865165784431e+01,0.000000000000000000e+00,0.000000000000000000e+00
3.812902237402555983e+01,0.000000000000000000e+00,0.000000000000000000e+00
3.849489336933925188e+01,0.000000000000000000e+00,0.000000000000000000e+00
3.670077676401544409e+01,0.000000000000000000e+00,0.000000000000000000e+00
3.708360539459955163e+01,0.000000000000000000e+00,0.000000000000000000e+00
3.496218658492198017e+01,0.000000000000000000e+00,0.000000000000000000e+00
3.518401575511454382e+01,0.000000000000000000e+00,0.000000000000000000e+00
3.868547256167444459e+01,0.000000000000000000e+00,0.000000000000000000e+00
3.590716269614503631e+01,0.000000000000000000e+00,0.000000000000000000e+00
3.502976246193447452e+01,0.000000000000000000e+00,0.000000000000000000e+00
3.661780357881654879e+01,0.000000000000000000e+00,0.000000000000000000e+00
3.597653596257799791e+01,0.000000000000000000e+00,0.000000000000000000e+00
3.891327625992543915e+01,0.000000000000000000e+00,0.000000000000000000e+00
3.508227759392262612e+01,0.000000000000000000e+00,0.000000000000000000e+00
3.759344009833245082e+01,0.000000000000000000e+00,0.000000000000000000e+00
4.222936820663618107e+01,0.000000000000000000e+00,0.000000000000000000e+00
3.484486393150570649e+01,0.000000000000000000e+00,0.000000000000000000e+00
3.534241631950162343e+01,0.000000000000000000e+00,0.000000000000000000e+00
3.558912648524941602e+01,0.000000000000000000e+00,0.000000000000000000e+00
3.556828624672216677e+01,0.000000000000000000e+00,0.000000000000000000e+00
3.717182982362385957e+01,0.000000000000000000e+00,0.000000000000000000e+00
3.473702356316776019e+01,0.000000000000000000e+00,0.000000000000000000e+00
3.404483735662616795e+01,0.000000000000000000e+00,0.000000000000000000e+00
3.943976278781213551e+01,0.000000000000000000e+00,0.000000000000000000e+00
3.698934119784827601e+01,0.000000000000000000e+00,0.000000000000000000e+00
3.818868344982831076e+01,0.000000000000000000e+00,0.000000000000000000e+00
3.530330029410010440e+01,0.000000000000000000e+00,0.000000000000000000e+00
3.980162327275339607e+01,0.000000000000000000e+00,0.000000000000000000e+00
3.606772530681668343e+01,0.000000000000000000e+00,0.000000000000000000e+00
3.773580162163929685e+01,0.000000000000000000e+00,0.000000000000000000e+00
3.595998839363938515e+01,0.000000000000000000e+00,0.000000000000000000e+00
3.598480846247074538e+01,0.000000000000000000e+00,0.000000000000000000e+00
3.118697309549430230e+01,0.000000000000000000e+00,0.000000000000000000e+00
3.677004228515818340e+01,0.000000000000000000e+00,0.000000000000000000e+00
3.507676834845156577e+01,0.000000000000000000e+00,0.000000000000000000e+00
3.545483108228655311e+01,0.000000000000000000e+00,0.000000000000000000e+00
3.475569851479706784e+01,0.000000000000000000e+00,0.000000000000000000e+00
3.091251796306943689e+01,0.000000000000000000e+00,0.000000000000000000e+00
3.534848134010952947e+01,0.000000000000000000e+00,0.000000000000000000e+00
3.826497899853798401e+01,0.000000000000000000e+00,0.000000000000000000e+00
3.314121264968025571e+01,0.000000000000000000e+00,0.000000000000000000e+00
3.724466024972440437e+01,0.000000000000000000e+00,0.000000000000000000e+00
3.623696036524029296e+01,0.000000000000000000e+00,0.000000000000000000e+00
3.264782470914277468e+01,0.000000000000000000e+00,0.000000000000000000e+00
3.328739569358295824e+01,0.000000000000000000e+00,0.000000000000000000e+00
3.337068254759750374e+01,0.000000000000000000e+00,0.000000000000000000e+00
3.602058503729241323e+01,0.000000000000000000e+00,0.000000000000000000e+00
3.452290327301884787e+01,0.000000000000000000e+00,0.000000000000000000e+00
3.660717883266067219e+01,0.000000000000000000e+00,0.000000000000000000e+00
3.103877571554344428e+01,0.000000000000000000e+00,0.000000000000000000e+00
3.229025956228427674e+01,0.000000000000000000e+00,0.000000000000000000e+00
3.427458672846379528e+01,0.000000000000000000e+00,0.000000000000000000e+00
3.571106748265949449e+01,0.000000000000000000e+00,0.000000000000000000e+00
3.151991475889698435e+01,0.000000000000000000e+00,0.000000000000000000e+00
3.227916100076598127e+01,0.000000000000000000e+00,0.000000000000000000e+00
3.272442096981892945e+01,0.000000000000000000e+00,0.000000000000000000e+00
3.271026033542445077e+01,0.000000000000000000e+00,0.000000000000000000e+00
3.308939509279275626e+01,0.000000000000000000e+00,0.000000000000000000e+00
2.916192861369617262e+01,0.000000000000000000e+00,0.000000000000000000e+00
3.212322223875366944e+01,0.000000000000000000e+00,0.000000000000000000e+00
3.125648700363049315e+01,0.000000000000000000e+00,0.000000000000000000e+00
3.131956700454487930e+01,0.000000000000000000e+00,0.000000000000000000e+00
3.149089189593712845e+01,0.000000000000000000e+00,0.000000000000000000e+00
3.572459899199942157e+01,0.000000000000000000e+00,0.000000000000000000e+00
3.440144241657149848e+01,0.000000000000000000e+00,0.000000000000000000e+00
3.394973243167242316e+01,0.000000000000000000e+00,0.000000000000000000e+00
3.282165348164468810e+01,0.000000000000000000e+00,0.000000000000000000e+00
3.225246475723809425e+01,0.000000000000000000e+00,0.000000000000000000e+00
3.269176258081914455e+01,0.000000000000000000e+00,0.000000000000000000e+00
3.120052718754298127e+01,0.000000000000000000e+00,0.000000000000000000e+00
3.485500734697666303e+01,0.000000000000000000e+00,0.000000000000000000e+00
2.883639835707254306e+01,0.000000000000000000e+00,0.000000000000000000e+00
3.785434623943636723e+01,0.000000000000000000e+00,0.000000000000000000e+00
3.383466321393947140e+01,0.000000000000000000e+00,0.000000000000000000e+00
2.850935615920494470e+01,0.000000000000000000e+00,0.000000000000000000e+00
3.432959526564672359e+01,0.000000000000000000e+00,0.000000000000000000e+00
3.094037196024035552e+01,0.000000000000000000e+00,0.000000000000000000e+00
2.973732975317704330e+01,0.000000000000000000e+00,0.000000000000000000e+00
3.104210114451959512e+01,0.000000000000000000e+00,0.000000000000000000e+00
3.053234293688311496e+01,0.000000000000000000e+00,0.000000000000000000e+00
3.050840580196825869e+01,0.000000000000000000e+00,0.000000000000000000e+00
3.105748982049895446e+01,0.000000000000000000e+00,0.000000000000000000e+00
2.873467259392471718e+01,0.000000000000000000e+00,0.000000000000000000e+00
3.683816053820439862e+01,0.000000000000000000e+00,0.000000000000000000e+00
2.923332584609358520e+01,0.000000000000000000e+00,0.000000000000000000e+00
3.088962354706650260e+01,0.000000000000000000e+00,0.000000000000000000e+00
3.014518071242990160e+01,0.000000000000000000e+00,0.000000000000000000e+00
2.978173115463962972e+01,0.000000000000000000e+00,0.000000000000000000e+00
2.861427515890595430e+01,0.000000000000000000e+00,0.000000000000000000e+00
2.975427715055727518e+01,0.000000000000000000e+00,0.000000000000000000e+00
3.187901895818713882e+01,0.000000000000000000e+00,0.000000000000000000e+00
3.258881861373938449e+01,0.000000000000000000e+00,0.000000000000000000e+00
3.185144992152609333e+01,0.000000000000000000e+00,0.000000000000000000e+00
3.099970730242948491e+01,0.000000000000000000e+00,0.000000000000000000e+00
3.185931206514415592e+01,0.000000000000000000e+00,0.000000000000000000e+00
3.018264737694995148e+01,0.000000000000000000e+00,0.000000000000000000e+00
2.776418406879742662e+01,0.000000000000000000e+00,0.000000000000000000e+00
2.897769800026438247e+01,0.000000000000000000e+00,0.000000000000000000e+00
3.317856567632257025e+01,0.000000000000000000e+00,0.000000000000000000e+00
3.237346139627935315e+01,0.000000000000000000e+00,0.000000000000000000e+00
2.870729181383368100e+01,0.000000000000000000e+00,0.000000000000000000e+00
3.400705433219781781e+01,0.000000000000000000e+00,0.000000000000000000e+00
2.898616925961860247e+01,0.000000000000000000e+00,0.000000000000000000e+00
2.769959025945677311e+01,0.000000000000000000e+00,0.000000000000000000e+00
2.840319788779382648e+01,0.000000000000000000e+00,0.000000000000000000e+00
3.048599285029579775e+01,0.000000000000000000e+00,0.000000000000000000e+00
2.923590847389440484e+01,0.000000000000000000e+00,0.000000000000000000e+00
3.216863973064275228e+01,0.000000000000000000e+00,0.000000000000000000e+00
3.132608166904831393e+01,0.000000000000000000e+00,0.000000000000000000e+00
2.723943820475326660e+01,0.000000000000000000e+00,0.000000000000000000e+00
2.996399951469241429e+01,0.000000000000000000e+00,0.000000000000000000e+00
3.110196089746378334e+01,0.000000000000000000e+00,0.000000000000000000e+00
3.101492068334966490e+01,0.000000000000000000e+00,0.000000000000000000e+00
2.752727647682897327e+01,0.000000000000000000e+00,0.000000000000000000e+00
3.107088695456280547e+01,0.000000000000000000e+00,0.000000000000000000e+00
2.933837115260469020e+01,0.000000000000000000e+00,0.000000000000000000e+00
2.946166373600320298e+01,0.000000000000000000e+00,0.000000000000000000e+00
2.828810012154391629e+01,0.000000000000000000e+00,0.000000000000000000e+00
3.083066660722377605e+01,0.000000000000000000e+00,0.000000000000000000e+00
2.708525343940559438e+01,0.000000000000000000e+00,0.000000000000000000e+00
3.226453919749678079e+01,0.000000000000000000e+00,0.000000000000000000e+00
2.755082975526582345e+01,0.000000000000000000e+00,0.000000000000000000e+00
2.834572712556727581e+01,0.000000000000000000e+00,0.000000000000000000e+00
2.755886165896318118e+01,0.000000000000000000e+00,0.000000000000000000e+00
3.293765389865678372e+01,0.000000000000000000e+00,0.000000000000000000e+00
3.103350698865888546e+01,0.000000000000000000e+00,0.000000000000000000e+00
3.089014870365141263e+01,0.000000000000000000e+00,0.000000000000000000e+00
3.255681462950916938e+01,0.000000000000000000e+00,0.000000000000000000e+00
2.697956177142033241e+01,0.000000000000000000e+00,0.000000000000000000e+00
2.901291573998578244e+01,0.000000000000000000e+00,0.000000000000000000e+00
2.577917860409200301e+01,0.000000000000000000e+00,0.000000000000000000e+00
2.770296205686992153e+01,0.000000000000000000e+00,0.000000000000000000e+00
2.757971253688748803e+01,0.000000000000000000e+00,0.000000000000000000e+00
2.860304990958188753e+01,0.000000000000000000e+00,0.000000000000000000e+00
2.901368799193540227e+01,0.000000000000000000e+00,0.000000000000000000e+00
3.291202273249337651e+01,0.000000000000000000e+00,0.000000000000000000e+00
2.896091142440570110e+01,0.000000000000000000e+00,0.000000000000000000e+00
3.207464076341670278e+01,0.000000000000000000e+00,0.000000000000000000e+00
2.954442560536661588e+01,0.000000000000000000e+00,0.000000000000000000e+00
2.740347012382904168e+01,0.000000000000000000e+00,0.000000000000000000e+00
3.095134025064848515e+01,0.000000000000000000e+00,0.000000000000000000e+00
2.471919078057669950e+01,0.000000000000000000e+00,0.000000000000000000e+00
2.978777509770891641e+01,0.000000000000000000e+00,0.000000000000000000e+00
2.600806044928012994e+01,0.000000000000000000e+00,0.000000000000000000e+00
2.479104234488647052e+01,0.000000000000000000e+00,0.000000000000000000e+00
2.718896988507881574e+01,0.000000000000000000e+00,0.000000000000000000e+00
2.750704488858950825e+01,0.000000000000000000e+00,0.000000000000000000e+00
2.219972830426508636e+01,0.000000000000000000e+00,0.000000000000000000e+00
2.746270582572832808e+01,0.000000000000000000e+00,0.000000000000000000e+00
2.951682756472116154e+01,0.000000000000000000e+00,0.000000000000000000e+00
2.549205637210402386e+01,0.000000000000000000e+00,0.000000000000000000e+00
3.013205473584559968e+01,0.000000000000000000e+00,0.000000000000000000e+00
2.807413992054355845e+01,0.000000000000000000e+00,0.000000000000000000e+00
2.520959963873260179e+01,0.000000000000000000e+00,0.000000000000000000e+00
2.510253309374812503e+01,0.000000000000000000e+00,0.000000000000000000e+00
2.777881662298081267e+01,0.000000000000000000e+00,0.000000000000000000e+00
2.898731851022445483e+01,0.000000000000000000e+00,0.000000000000000000e+00
2.971354019804012836e+01,0.000000000000000000e+00,0.000000000000000000e+00
2.458192454316631981e+01,0.000000000000000000e+00,0.000000000000000000e+00
2.672572004726434614e+01,0.000000000000000000e+00,0.000000000000000000e+00
2.468533781288092399e+01,0.000000000000000000e+00,0.000000000000000000e+00
2.650093388074818890e+01,0.000000000000000000e+00,0.000000000000000000e+00
2.901894869337549210e+01,0.000000000000000000e+00,0.000000000000000000e+00
2.734045780446676233e+01,0.000000000000000000e+00,0.000000000000000000e+00
2.681903059884148277e+01,0.000000000000000000e+00,0.000000000000000000e+00
2.534698421464099383e+01,0.000000000000000000e+00,0.000000000000000000e+00
2.689202522831735465e+01,0.000000000000000000e+00,0.000000000000000000e+00
2.833237113794091400e+01,0.000000000000000000e+00,0.000000000000000000e+00
2.767727663486969192e+01,0.000000000000000000e+00,0.000000000000000000e+00
2.608009935120843537e+01,0.000000000000000000e+00,0.000000000000000000e+00
2.853371591380868111e+01,0.000000000000000000e+00,0.000000000000000000e+00
2.600413309674947016e+01,0.000000000000000000e+00,0.000000000000000000e+00
2.648474071597739865e+01,0.000000000000000000e+00,0.000000000000000000e+00
2.600344348026911589e+01,0.000000000000000000e+00,0.000000000000000000e+00
2.737805161485560745e+01,0.000000000000000000e+00,0.000000000000000000e+00
2.473440050631097620e+01,0.000000000000000000e+00,0.000000000000000000e+00
2.544823278278065715e+01,0.000000000000000000e+00,0.000000000000000000e+00
2.620253062163896729e+01,0.000000000000000000e+00,0.000000000000000000e+00
2.456500465163941627e+01,0.000000000000000000e+00,0.000000000000000000e+00
2.595320993036389368e+01,0.000000000000000000e+00,0.000000000000000000e+00
2.941869871461187458e+01,0.000000000000000000e+00,0.000000000000000000e+00
2.853797927840860993e+01,0.000000000000000000e+00,0.000000000000000000e+00
2.388059463826246898e+01,0.000000000000000000e+00,0.000000000000000000e+00
2.247732966352049999e+01,0.000000000000000000e+00,0.000000000000000000e+00
2.496826477203457628e+01,0.000000000000000000e+00,0.000000000000000000e+00
2.910222057653826511e+01,0.000000000000000000e+00,0.000000000000000000e+00
2.562080011454634487e+01,0.000000000000000000e+00,0.000000000000000000e+00
2.791698386413159128e+01,0.000000000000000000e+00,0.000000000000000000e+00
2.660934360824051481e+01,0.000000000000000000e+00,0.000000000000000000e+00
2.628876121736081828e+01,0.000000000000000000e+00,0.000000000000000000e+00
2.602400173887334134e+01,0.000000000000000000e+00,0.000000000000000000e+00
2.617075119986400011e+01,0.000000000000000000e+00,0.000000000000000000e+00
2.518234804127302340e+01,0.000000000000000000e+00,0.000000000000000000e+00
2.392726739631259747e+01,0.000000000000000000e+00,0.000000000000000000e+00
2.526982960577006665e+01,0.000000000000000000e+00,0.000000000000000000e+00
2.282649131768827644e+01,0.000000000000000000e+00,0.000000000000000000e+00
2.349188324376590487e+01,0.000000000000000000e+00,0.000000000000000000e+00
2.733940717466329673e+01,0.000000000000000000e+00,0.000000000000000000e+00
2.259034787428218749e+01,0.000000000000000000e+00,0.000000000000000000e+00
2.529748901048898446e+01,0.000000000000000000e+00,0.000000000000000000e+00
2.476619203404253255e+01,0.000000000000000000e+00,0.000000000000000000e+00
2.510353214380540621e+01,0.000000000000000000e+00,0.000000000000000000e+00
2.937369122870954996e+01,0.000000000000000000e+00,0.000000000000000000e+00
2.286170746727728087e+01,0.000000000000000000e+00,0.000000000000000000e+00
2.054895464834190832e+01,0.000000000000000000e+00,0.000000000000000000e+00
2.640445181908833661e+01,0.000000000000000000e+00,0.000000000000000000e+00
2.056410848275157477e+01,0.000000000000000000e+00,0.000000000000000000e+00
2.453310035010887802e+01,0.000000000000000000e+00,0.000000000000000000e+00
2.828363364361354826e+01,0.000000000000000000e+00,0.000000000000000000e+00
2.610838938443684398e+01,0.000000000000000000e+00,0.000000000000000000e+00
2.338722007577719708e+01,0.000000000000000000e+00,0.000000000000000000e+00
2.401311922748872973e+01,0.000000000000000000e+00,0.000000000000000000e+00
2.481331439690319840e+01,0.000000000000000000e+00,0.000000000000000000e+00
2.536627227523548100e+01,0.000000000000000000e+00,0.000000000000000000e+00
2.318366711669732894e+01,0.000000000000000000e+00,0.000000000000000000e+00
2.195224979919196073e+01,0.000000000000000000e+00,0.000000000000000000e+00
2.198886595607821093e+01,0.000000000000000000e+00,0.000000000000000000e+00
2.462036919966736903e+01,0.000000000000000000e+00,0.000000000000000000e+00
2.120783769511896821e+01,0.000000000000000000e+00,0.000000000000000000e+00
2.651995438653343840e+01,0.000000000000000000e+00,0.000000000000000000e+00
2.648683438225348397e+01,0.000000000000000000e+00,0.000000000000000000e+00
2.584987668001079797e+01,0.000000000000000000e+00,0.000000000000000000e+00
2.782620671974015636e+01,0.000000000000000000e+00,0.000000000000000000e+00
2.600878180195176981e+01,0.000000000000000000e+00,0.000000000000000000e+00
2.443707052530873014e+01,0.000000000000000000e+00,0.000000000000000000e+00
2.127443892682711635e+01,0.000000000000000000e+00,0.000000000000000000e+00
2.266024351892016853e+01,0.000000000000000000e+00,0.000000000000000000e+00
2.246278411777203132e+01,0.000000000000000000e+00,0.000000000000000000e+00
2.570583079755311573e+01,0.000000000000000000e+00,0.000000000000000000e+00
2.141626029899649808e+01,0.000000000000000000e+00,0.000000000000000000e+00
2.401858100225656045e+01,0.000000000000000000e+00,0.000000000000000000e+00
2.552404863766621546e+01,0.000000000000000000e+00,0.000000000000000000e+00
2.487732510996987045e+01,0.000000000000000000e+00,0.000000000000000000e+00
2.705647364606232230e+01,0.000000000000000000e+00,0.000000000000000000e+00
2.511681743775788433e+01,0.000000000000000000e+00,0.000000000000000000e+00
2.414375782727680075e+01,0.000000000000000000e+00,0.000000000000000000e+00
2.374891834908927635e+01,0.000000000000000000e+00,0.000000000000000000e+00
2.418700184207926895e+01,0.000000000000000000e+00,0.000000000000000000e+00
2.325219777568926460e+01,0.000000000000000000e+00,0.000000000000000000e+00
2.409238016912416569e+01,0.000000000000000000e+00,0.000000000000000000e+00
2.448810940421435944e+01,0.000000000000000000e+00,0.000000000000000000e+00
2.272145729925701474e+01,0.000000000000000000e+00,0.000000000000000000e+00
2.207331658743526148e+01,0.000000000000000000e+00,0.000000000000000000e+00
2.511239117299632895e+01,0.000000000000000000e+00,0.000000000000000000e+00
2.407966284437068794e+01,0.000000000000000000e+00,0.000000000000000000e+00
2.328386804364818019e+01,0.000000000000000000e+00,0.000000000000000000e+00
2.559183505706807082e+01,0.000000000000000000e+00,0.000000000000000000e+00
2.589976450255914386e+01,0.000000000000000000e+00,0.000000000000000000e+00
2.356785826129264194e+01,0.000000000000000000e+00,0.000000000000000000e+00
2.067626831631998741e+01,0.000000000000000000e+00,0.000000000000000000e+00
2.378220795240068597e+01,0.000000000000000000e+00,0.000000000000000000e+00
2.614123405361828034e+01,0.000000000000000000e+00,0.000000000000000000e+00
2.212634367839905281e+01,0.000000000000000000e+00,0.000000000000000000e+00
2.446982410185930945e+01,0.000000000000000000e+00,0.000000000000000000e+00
2.289903183755655647e+01,0.000000000000000000e+00,0.000000000000000000e+00
2.339886454101420554e+01,0.000000000000000000e+00,0.000000000000000000e+00
2.308253826034787437e+01,0.000000000000000000e+00,0.000000000000000000e+00
2.499741634678304436e+01,0.000000000000000000e+00,0.000000000000000000e+00
2.162637824108800189e+01,0.000000000000000000e+00,0.000000000000000000e+00
2.287948599779219094e+01,0.000000000000000000e+00,0.000000000000000000e+00
2.125563671022130663e+01,0.000000000000000000e+00,0.000000000000000000e+00
2.424008586243394348e+01,0.000000000000000000e+00,0.000000000000000000e+00
2.448130066998148990e+01,0.000000000000000000e+00,0.000000000000000000e+00
2.172806604871751190e+01,0.000000000000000000e+00,0.000000000000000000e+00
2.384146232091769235e+01,0.000000000000000000e+00,0.000000000000000000e+00
2.269402938113357138e+01,0.000000000000000000e+00,0.000000000000000000e+00
2.264936572064519993e+01,0.000000000000000000e+00,0.000000000000000000e+00
2.325286829725818905e+01,0.000000000000000000e+00,0.000000000000000000e+00
2.296984794749479519e+01,0.000000000000000000e+00,0.000000000000000000e+00
2.076616794030828217e+01,0.000000000000000000e+00,0.000000000000000000e+00
2.240836595563929379e+01,0.000000000000000000e+00,0.000000000000000000e+00
2.311902618322024949e+01,0.000000000000000000e+00,0.000000000000000000e+00
2.292764728384090489e+01,0.000000000000000000e+00,0.000000000000000000e+00
2.239503818234071986e+01,0.000000000000000000e+00,0.000000000000000000e+00
2.001090633728644619e+01,0.000000000000000000e+00,0.000000000000000000e+00
2.564528234603344714e+01,0.000000000000000000e+00,0.000000000000000000e+00
2.305505825813670739e+01,0.000000000000000000e+00,0.000000000000000000e+00
2.048274313904322952e+01,0.000000000000000000e+00,0.000000000000000000e+00
2.204092701884047756e+01,0.000000000000000000e+00,0.000000000000000000e+00
2.228372549610524445e+01,0.000000000000000000e+00,0.000000000000000000e+00
2.619021221634298868e+01,0.000000000000000000e+00,0.000000000000000000e+00
2.043035899823432189e+01,0.000000000000000000e+00,0.000000000000000000e+00
2.392748767765825235e+01,0.000000000000000000e+00,0.000000000000000000e+00
1.984000281688914669e+01,0.000000000000000000e+00,0.000000000000000000e+00
2.296060804604066874e+01,0.000000000000000000e+00,0.000000000000000000e+00
2.183637911209417126e+01,0.000000000000000000e+00,0.000000000000000000e+00
2.251165382962442152e+01,0.000000000000000000e+00,0.000000000000000000e+00
2.138036008521286035e+01,0.000000000000000000e+00,0.000000000000000000e+00
2.202099545531773117e+01,0.000000000000000000e+00,0.000000000000000000e+00
1.993417759968503589e+01,0.000000000000000000e+00,0.000000000000000000e+00
2.273023524150494623e+01,0.000000000000000000e+00,0.000000000000000000e+00
2.511859545965893759e+01,0.000000000000000000e+00,0.000000000000000000e+00
2.322110220809276981e+01,0.000000000000000000e+00,0.000000000000000000e+00
2.332856122139260435e+01,0.000000000000000000e+00,0.000000000000000000e+00
1.883943663937868962e+01,0.000000000000000000e+00,0.000000000000000000e+00
2.344605299209306537e+01,0.000000000000000000e+00,0.000000000000000000e+00
2.501652171416124304e+01,0.000000000000000000e+00,0.000000000000000000e+00
2.008457810916790365e+01,0.000000000000000000e+00,0.000000000000000000e+00
2.099392571013024522e+01,0.000000000000000000e+00,0.000000000000000000e+00
2.597959706146179215e+01,0.000000000000000000e+00,0.000000000000000000e+00
1.944508000281071958e+01,0.000000000000000000e+00,0.000000000000000000e+00
2.223208178652699019e+01,0.000000000000000000e+00,0.000000000000000000e+00
1.900815440265844103e+01,0.000000000000000000e+00,0.000000000000000000e+00
2.154923458176863704e+01,0.000000000000000000e+00,0.000000000000000000e+00
2.170666572580119791e+01,0.000000000000000000e+00,0.000000000000000000e+00
1.960289508853461982e+01,0.000000000000000000e+00,0.000000000000000000e+00
2.087133119997383091e+01,0.000000000000000000e+00,0.000000000000000000e+00
2.117804218233716895e+01,0.000000000000000000e+00,0.000000000000000000e+00
1.967612577732289125e+01,0.000000000000000000e+00,0.000000000000000000e+00
2.189729936756803852e+01,0.000000000000000000e+00,0.000000000000000000e+00
1.916495740681820692e+01,0.000000000000000000e+00,0.000000000000000000e+00
1.920530908268475301e+01,0.000000000000000000e+00,0.000000000000000000e+00
2.172655175311274078e+01,0.000000000000000000e+00,0.000000000000000000e+00
1.958936841137617080e+01,0.000000000000000000e+00,0.000000000000000000e+00
2.210476545039445995e+01,0.000000000000000000e+00,0.000000000000000000e+00
2.244642932069413632e+01,0.000000000000000000e+00,0.000000000000000000e+00
2.049728395843071738e+01,0.000000000000000000e+00,0.000000000000000000e+00
2.123360836250434502e+01,0.000000000000000000e+00,0.000000000000000000e+00
2.329127662807970722e+01,0.000000000000000000e+00,0.000000000000000000e+00
2.116337020091654963e+01,0.000000000000000000e+00,0.000000000000000000e+00
1.560238182289126030e+01,0.000000000000000000e+00,0.000000000000000000e+00
2.305894333630762461e+01,0.000000000000000000e+00,0.000000000000000000e+00
1.823189029455415167e+01,0.000000000000000000e+00,0.000000000000000000e+00
1.939326681694860355e+01,0.000000000000000000e+00,0.000000000000000000e+00
1.961669135987721546e+01,0.000000000000000000e+00,0.000000000000000000e+00
1.872098759963841275e+01,0.000000000000000000e+00,0.000000000000000000e+00
2.410751587649104977e+01,0.000000000000000000e+00,0.000000000000000000e+00
2.005470044944102526e+01,0.000000000000000000e+00,0.000000000000000000e+00
2.498448441992474400e+01,0.000000000000000000e+00,0.000000000000000000e+00
2.013480980618291483e+01,0.000000000000000000e+00,0.000000000000000000e+00
2.212626994038669181e+01,0.000000000000000000e+00,0.000000000000000000e+00
2.225733433960718699e+01,0.000000000000000000e+00,0.000000000000000000e+00
2.136637127455222185e+01,0.000000000000000000e+00,0.000000000000000000e+00
1.987550515615167157e+01,0.000000000000000000e+00,0.000000000000000000e+00
1.775066844134497757e+01,0.000000000000000000e+00,0.000000000000000000e+00
1.886463374240662105e+01,0.000000000000000000e+00,0.000000000000000000e+00
2.224819071400762738e+01,0.000000000000000000e+00,0.000000000000000000e+00
2.129242593424542918e+01,0.000000000000000000e+00,0.000000000000000000e+00
2.110450152738921048e+01,0.000000000000000000e+00,0.000000000000000000e+00
2.514709275772282382e+01,0.000000000000000000e+00,0.000000000000000000e+00
1.833971962531046174e+01,0.000000000000000000e+00,0.000000000000000000e+00
2.246193053043493393e+01,0.000000000000000000e+00,0.000000000000000000e+00
1.663124694724616859e+01,0.000000000000000000e+00,0.000000000000000000e+00
2.163973521277049628e+01,0.000000000000000000e+00,0.000000000000000000e+00
2.161312952434929002e+01,0.000000000000000000e+00,0.000000000000000000e+00
1.861784111587651935e+01,0.000000000000000000e+00,0.000000000000000000e+00
1.733129346679148242e+01,0.000000000000000000e+00,0.000000000000000000e+00
2.124670845015550924e+01,0.000000000000000000e+00,0.000000000000000000e+00
2.216540698479557392e+01,0.000000000000000000e+00,0.000000000000000000e+00
1.993377257829977367e+01,0.000000000000000000e+00,0.000000000000000000e+00
1.989112748424767929e+01,0.000000000000000000e+00,0.000000000000000000e+00
2.177999511000034971e+01,0.000000000000000000e+00,0.000000000000000000e+00
1.994329902429285184e+01,0.000000000000000000e+00,0.000000000000000000e+00
1.998159189883467235e+01,0.000000000000000000e+00,0.000000000000000000e+00
1.857206089590282261e+01,0.000000000000000000e+00,0.000000000000000000e+00
1.702861517381313661e+01,0.000000000000000000e+00,0.000000000000000000e+00
2.027621134433172756e+01,0.000000000000000000e+00,0.000000000000000000e+00
1.801480740224479149e+01,0.000000000000000000e+00,0.000000000000000000e+00
2.182009975146342740e+01,0.000000000000000000e+00,0.000000000000000000e+00
2.085049696101327754e+01,0.000000000000000000e+00,0.000000000000000000e+00
1.759413075385503689e+01,0.000000000000000000e+00,0.000000000000000000e+00
2.067596757266107588e+01,0.000000000000000000e+00,0.000000000000000000e+00
2.046087141146054478e+01,0.000000000000000000e+00,0.000000000000000000e+00
1.803113060296266923e+01,0.000000000000000000e+00,0.000000000000000000e+00
2.215949501608970706e+01,0.000000000000000000e+00,0.000000000000000000e+00
1.919898271096256792e+01,0.000000000000000000e+00,0.000000000000000000e+00
1.787798601089188821e+01,0.000000000000000000e+00,0.000000000000000000e+00
2.428192446035116348e+01,0.000000000000000000e+00,0.000000000000000000e+00
1.979368993668640897e+01,0.000000000000000000e+00,0.000000000000000000e+00
1.533541160873415166e+01,0.000000000000000000e+00,0.000000000000000000e+00
1.777691341425160232e+01,0.000000000000000000e+00,0.000000000000000000e+00
2.308921465691769725e+01,0.000000000000000000e+00,0.000000000000000000e+00
1.817748233826933202e+01,0.000000000000000000e+00,0.000000000000000000e+00
2.027024239559519359e+01,0.000000000000000000e+00,0.000000000000000000e+00
2.375664053770669426e+01,0.000000000000000000e+00,0.000000000000000000e+00
2.198272310856120626e+01,0.000000000000000000e+00,0.000000000000000000e+00
2.256600986020748323e+01,0.000000000000000000e+00,0.000000000000000000e+00
2.286577648625398496e+01,0.000000000000000000e+00,0.000000000000000000e+00
2.426206349457256195e+01,0.000000000000000000e+00,0.000000000000000000e+00
2.134423207386685206e+01,0.000000000000000000e+00,0.000000000000000000e+00
2.264010739001809469e+01,0.000000000000000000e+00,0.000000000000000000e+00
2.470002830965646368e+01,0.000000000000000000e+00,0.000000000000000000e+00
1.810729442521564181e+01,0.000000000000000000e+00,0.000000000000000000e+00
2.070723595532353656e+01,0.000000000000000000e+00,0.000000000000000000e+00
1.956485397861216313e+01,0.000000000000000000e+00,0.000000000000000000e+00
1.948462869260836783e+01,0.000000000000000000e+00,0.000000000000000000e+00
2.103735261624951036e+01,0.000000000000000000e+00,0.000000000000000000e+00
1.830949699529144326e+01,0.000000000000000000e+00,0.000000000000000000e+00
1.884355516095080318e+01,0.000000000000000000e+00,0.000000000000000000e+00
1.955614085585529693e+01,0.000000000000000000e+00,0.000000000000000000e+00
1.829843517327837077e+01,0.000000000000000000e+00,0.000000000000000000e+00
2.184956182803944458e+01,0.000000000000000000e+00,0.000000000000000000e+00
1.897343491962120510e+01,0.000000000000000000e+00,0.000000000000000000e+00
1.986876803820381454e+01,0.000000000000000000e+00,0.000000000000000000e+00
1.859404920814905537e+01,0.000000000000000000e+00,0.000000000000000000e+00
1.672852933894689897e+01,0.000000000000000000e+00,0.000000000000000000e+00
1.598188456152046655e+01,0.000000000000000000e+00,0.000000000000000000e+00
2.149738943689624904e+01,0.000000000000000000e+00,0.000000000000000000e+00
1.831903285835421968e+01,0.000000000000000000e+00,0.000000000000000000e+00
1.655310855631655187e+01,0.000000000000000000e+00,0.000000000000000000e+00
1.928274902687731185e+01,0.000000000000000000e+00,0.000000000000000000e+00
1.927055885150092607e+01,0.000000000000000000e+00,0.000000000000000000e+00
1.772889756442015852e+01,0.000000000000000000e+00,0.000000000000000000e+00
2.303414666270464650e+01,0.000000000000000000e+00,0.000000000000000000e+00
1.974773196523541685e+01,0.000000000000000000e+00,0.000000000000000000e+00
2.025584262140953129e+01,0.000000000000000000e+00,0.000000000000000000e+00
2.091279418742725227e+01,0.000000000000000000e+00,0.000000000000000000e+00
1.718847433509370148e+01,0.000000000000000000e+00,0.000000000000000000e+00
1.682062741585212962e+01,0.000000000000000000e+00,0.000000000000000000e+00
1.807407998838979779e+01,0.000000000000000000e+00,0.000000000000000000e+00
1.998654526789129804e+01,0.000000000000000000e+00,0.000000000000000000e+00
2.239147506515647379e+01,0.000000000000000000e+00,0.000000000000000000e+00
2.095576331460784658e+01,0.000000000000000000e+00,0.000000000000000000e+00
2.012358409589120711e+01,0.000000000000000000e+00,0.000000000000000000e+00
1.866831730400607015e+01,0.000000000000000000e+00,0.000000000000000000e+00
2.150423270885420379e+01,0.000000000000000000e+00,0.000000000000000000e+00
1.940269627032894562e+01,0.000000000000000000e+00,0.000000000000000000e+00
2.290799298321338284e+01,0.000000000000000000e+00,0.000000000000000000e+00
1.741462347080404527e+01,0.000000000000000000e+00,0.000000000000000000e+00
1.845216331079570082e+01,0.000000000000000000e+00,0.000000000000000000e+00
1.826175924678917539e+01,0.000000000000000000e+00,0.000000000000000000e+00
1.818231954672872064e+01,0.000000000000000000e+00,0.000000000000000000e+00
1.937368452730674662e+01,0.000000000000000000e+00,0.000000000000000000e+00
2.317274900890629752e+01,0.000000000000000000e+00,0.000000000000000000e+00
1.825773511859161857e+01,0.000000000000000000e+00,0.000000000000000000e+00
2.035132198338011733e+01,0.000000000000000000e+00,0.000000000000000000e+00
2.313782032305408620e+01,0.000000000000000000e+00,0.000000000000000000e+00
2.310801362424526673e+01,0.000000000000000000e+00,0.000000000000000000e+00
2.023528989339703443e+01,0.000000000000000000e+00,0.000000000000000000e+00
2.104678254626803735e+01,0.000000000000000000e+00,0.000000000000000000e+00
2.224927914359760805e+01,0.000000000000000000e+00,0.000000000000000000e+00
1.917841639572871415e+01,0.000000000000000000e+00,0.000000000000000000e+00
1.864204815466298015e+01,0.000000000000000000e+00,0.000000000000000000e+00
1.712904292793358962e+01,0.000000000000000000e+00,0.000000000000000000e+00
1.823951684422689468e+01,0.000000000000000000e+00,0.000000000000000000e+00
1.969718220133207254e+01,0.000000000000000000e+00,0.000000000000000000e+00
2.099547394347593610e+01,0.000000000000000000e+00,0.000000000000000000e+00
2.043255238682706576e+01,0.000000000000000000e+00,0.000000000000000000e+00
1.944367540453987431e+01,0.000000000000000000e+00,0.000000000000000000e+00
1.893194406633704219e+01,0.000000000000000000e+00,0.000000000000000000e+00
2.284077666256307992e+01,0.000000000000000000e+00,0.000000000000000000e+00
2.307145482185426033e+01,0.000000000000000000e+00,0.000000000000000000e+00
2.082176154891595132e+01,0.000000000000000000e+00,0.000000000000000000e+00
1.982078248073213445e+01,0.000000000000000000e+00,0.000000000000000000e+00
2.336183163739772084e+01,0.000000000000000000e+00,0.000000000000000000e+00
2.135037690730305471e+01,0.000000000000000000e+00,0.000000000000000000e+00
1.949220366102049695e+01,0.000000000000000000e+00,0.000000000000000000e+00
1.476998061574665400e+01,0.000000000000000000e+00,0.000000000000000000e+00
1.785465142678217276e+01,0.000000000000000000e+00,0.000000000000000000e+00
2.092697899622096003e+01,0.000000000000000000e+00,0.000000000000000000e+00
2.193527282911303899e+01,0.000000000000000000e+00,0.000000000000000000e+00
1.897635416911114348e+01,0.000000000000000000e+00,0.000000000000000000e+00
1.850469431816757293e+01,0.000000000000000000e+00,0.000000000000000000e+00
2.079573385899087512e+01,0.000000000000000000e+00,0.000000000000000000e+00
1.950463228030412566e+01,0.000000000000000000e+00,0.000000000000000000e+00
2.147057547830092261e+01,0.000000000000000000e+00,0.000000000000000000e+00
1.980311346579087584e+01,0.000000000000000000e+00,0.000000000000000000e+00
2.158028891464498145e+01,0.000000000000000000e+00,0.000000000000000000e+00
2.026690083912306406e+01,0.000000000000000000e+00,0.000000000000000000e+00
1.792202968296967569e+01,0.000000000000000000e+00,0.000000000000000000e+00
2.065118153894143660e+01,0.000000000000000000e+00,0.000000000000000000e+00
1.914595810151113042e+01,0.000000000000000000e+00,0.000000000000000000e+00
1.814873590013685245e+01,0.000000000000000000e+00,0.000000000000000000e+00
2.164966996627053675e+01,0.000000000000000000e+00,0.000000000000000000e+00
2.137593902525208733e+01,0.000000000000000000e+00,0.000000000000000000e+00
2.053087324852391760e+01,0.000000000000000000e+00,0.000000000000000000e+00
2.462783847263804304e+01,0.000000000000000000e+00,0.000000000000000000e+00
1.806582544588630412e+01,0.000000000000000000e+00,0.000000000000000000e+00
2.065754707070857421e+01,0.000000000000000000e+00,0.000000000000000000e+00
1.740729275796351772e+01,0.000000000000000000e+00,0.000000000000000000e+00
1.801920601209535278e+01,0.000000000000000000e+00,0.000000000000000000e+00
2.099149561050634460e+01,0.000000000000000000e+00,0.000000000000000000e+00
2.047634328472377163e+01,0.000000000000000000e+00,0.000000000000000000e+00
2.452905352603655231e+01,0.000000000000000000e+00,0.000000000000000000e+00
2.068096384573563640e+01,0.000000000000000000e+00,0.000000000000000000e+00
1.855575592357384807e+01,0.000000000000000000e+00,0.000000000000000000e+00
2.173443055934372836e+01,0.000000000000000000e+00,0.000000000000000000e+00
1.788227660322038659e+01,0.000000000000000000e+00,0.000000000000000000e+00
2.516843393650035665e+01,0.000000000000000000e+00,0.000000000000000000e+00
2.390686318747266625e+01,0.000000000000000000e+00,0.000000000000000000e+00
1.886400652460567784e+01,0.000000000000000000e+00,0.000000000000000000e+00
2.064054449687178305e+01,0.000000000000000000e+00,0.000000000000000000e+00
2.176094927236466958e+01,0.000000000000000000e+00,0.000000000000000000e+00
1.927176437086482608e+01,0.000000000000000000e+00,0.000000000000000000e+00
2.176327176655245310e+01,0.000000000000000000e+00,0.000000000000000000e+00
1.796485066818050313e+01,0.000000000000000000e+00,0.000000000000000000e+00
1.807084570618050279e+01,0.000000000000000000e+00,0.000000000000000000e+00
1.950453711976836146e+01,0.000000000000000000e+00,0.000000000000000000e+00
2.081407661624132288e+01,0.000000000000000000e+00,0.000000000000000000e+00
1.796453010250438354e+01,0.000000000000000000e+00,0.000000000000000000e+00
2.192223977184037764e+01,0.000000000000000000e+00,0.000000000000000000e+00
2.201431218901201703e+01,0.000000000000000000e+00,0.000000000000000000e+00
1.979468417916290335e+01,0.000000000000000000e+00,0.000000000000000000e+00
2.140950472134783666e+01,0.000000000000000000e+00,0.000000000000000000e+00
2.320499683247026113e+01,0.000000000000000000e+00,0.000000000000000000e+00
2.293782788081745139e+01,0.000000000000000000e+00,0.000000000000000000e+00
2.253818653609235056e+01,0.000000000000000000e+00,0.000000000000000000e+00
2.482725379585822978e+01,0.000000000000000000e+00,0.000000000000000000e+00
2.025199437586162077e+01,0.000000000000000000e+00,0.000000000000000000e+00
1.789519675449845337e+01,0.000000000000000000e+00,0.000000000000000000e+00
2.047743618210256855e+01,0.000000000000000000e+00,0.000000000000000000e+00
1.816494900606049256e+01,0.000000000000000000e+00,0.000000000000000000e+00
2.049841647913045151e+01,0.000000000000000000e+00,0.000000000000000000e+00
2.026587564432936261e+01,0.000000000000000000e+00,0.000000000000000000e+00
2.275085562882084389e+01,0.000000000000000000e+00,0.000000000000000000e+00
1.993499403728524655e+01,0.000000000000000000e+00,0.000000000000000000e+00
2.249911365565971266e+01,0.000000000000000000e+00,0.000000000000000000e+00
2.219079094291985754e+01,0.000000000000000000e+00,0.000000000000000000e+00
1.961890867523286985e+01,0.000000000000000000e+00,0.000000000000000000e+00
2.320691297775392670e+01,0.000000000000000000e+00,0.000000000000000000e+00
1.992264117880541363e+01,0.000000000000000000e+00,0.000000000000000000e+00
1.926598004057638747e+01,0.000000000000000000e+00,0.000000000000000000e+00
2.161496080021185051e+01,0.000000000000000000e+00,0.000000000000000000e+00
1.768351051453751310e+01,0.000000000000000000e+00,0.000000000000000000e+00
2.464182282998063656e+01,0.000000000000000000e+00,0.000000000000000000e+00
2.122628914474415041e+01,0.000000000000000000e+00,0.000000000000000000e+00
2.193438057520092954e+01,0.000000000000000000e+00,0.000000000000000000e+00
2.255011849907430843e+01,0.000000000000000000e+00,0.000000000000000000e+00
2.188840231428739358e+01,0.000000000000000000e+00,0.000000000000000000e+00
1.904732806153399238e+01,0.000000000000000000e+00,0.000000000000000000e+00
2.093760594598285252e+01,0.000000000000000000e+00,0.000000000000000000e+00
2.048858986540331983e+01,0.000000000000000000e+00,0.000000000000000000e+00
2.039078469683282790e+01,0.000000000000000000e+00,0.000000000000000000e+00
2.169311522595451081e+01,0.000000000000000000e+00,0.000000000000000000e+00
2.283431453389141907e+01,0.000000000000000000e+00,0.000000000000000000e+00
2.417984952280607303e+01,0.000000000000000000e+00,0.000000000000000000e+00
2.026292391803053405e+01,0.000000000000000000e+00,0.000000000000000000e+00
2.119982555586786432e+01,0.000000000000000000e+00,0.000000000000000000e+00
1.872482348628962256e+01,0.000000000000000000e+00,0.000000000000000000e+00
1.545540519389485823e+01,0.000000000000000000e+00,0.000000000000000000e+00
2.126641369468499931e+01,0.000000000000000000e+00,0.000000000000000000e+00
2.346278692017308742e+01,0.000000000000000000e+00,0.000000000000000000e+00
1.948656426383366735e+01,0.000000000000000000e+00,0.000000000000000000e+00
2.304607746003286550e+01,0.000000000000000000e+00,0.000000000000000000e+00
2.234825624010374412e+01,0.000000000000000000e+00,0.000000000000000000e+00
2.137300295985409448e+01,0.000000000000000000e+00,0.000000000000000000e+00
2.251649651548128261e+01,0.000000000000000000e+00,0.000000000000000000e+00
2.163002274622107279e+01,0.000000000000000000e+00,0.000000000000000000e+00
2.194126661883263196e+01,0.000000000000000000e+00,0.000000000000000000e+00
2.402768378144102712e+01,0.000000000000000000e+00,0.000000000000000000e+00
2.345490760014003939e+01,0.000000000000000000e+00,0.000000000000000000e+00
1.986617303199814799e+01,0.000000000000000000e+00,0.000000000000000000e+00
2.216140669449641010e+01,0.000000000000000000e+00,0.000000000000000000e+00
2.386739781415011308e+01,0.000000000000000000e+00,0.000000000000000000e+00
2.175795029622451437e+01,0.000000000000000000e+00,0.000000000000000000e+00
2.117466803602762937e+01,0.000000000000000000e+00,0.000000000000000000e+00
2.175234301435468609e+01,0.000000000000000000e+00,0.000000000000000000e+00
2.181874632699679850e+01,0.000000000000000000e+00,0.000000000000000000e+00
1.448736629761205386e+01,0.000000000000000000e+00,0.000000000000000000e+00
2.438590289644409026e+01,0.000000000000000000e+00,0.000000000000000000e+00
2.044941544353133978e+01,0.000000000000000000e+00,0.000000000000000000e+00
2.183981021549602275e+01,0.000000000000000000e+00,0.000000000000000000e+00
2.123210433772297634e+01,0.000000000000000000e+00,0.000000000000000000e+00
1.842835224255801663e+01,0.000000000000000000e+00,0.000000000000000000e+00
2.422614300516364949e+01,0.000000000000000000e+00,0.000000000000000000e+00
2.618818323016229854e+01,0.000000000000000000e+00,0.000000000000000000e+00
2.093403798902124890e+01,0.000000000000000000e+00,0.000000000000000000e+00
2.010222510374692106e+01,0.000000000000000000e+00,0.000000000000000000e+00
2.228809665050556532e+01,0.000000000000000000e+00,0.000000000000000000e+00
2.102960558998572083e+01,0.000000000000000000e+00,0.000000000000000000e+00
2.360537525493856847e+01,0.000000000000000000e+00,0.000000000000000000e+00
2.060590376338993224e+01,0.000000000000000000e+00,0.000000000000000000e+00
2.370436343475902419e+01,0.000000000000000000e+00,0.000000000000000000e+00
2.035072628988655197e+01,0.000000000000000000e+00,0.000000000000000000e+00
2.036058930592144733e+01,0.000000000000000000e+00,0.000000000000000000e+00
2.191018330243163703e+01,0.000000000000000000e+00,0.000000000000000000e+00
2.307798326648927301e+01,0.000000000000000000e+00,0.000000000000000000e+00
2.059849943778246484e+01,0.000000000000000000e+00,0.000000000000000000e+00
2.271653073250328347e+01,0.000000000000000000e+00,0.000000000000000000e+00
2.363261387724986307e+01,0.000000000000000000e+00,0.000000000000000000e+00
2.508162770057422719e+01,0.000000000000000000e+00,0.000000000000000000e+00
2.055215072919401109e+01,0.000000000000000000e+00,0.000000000000000000e+00
2.070793763529751530e+01,0.000000000000000000e+00,0.000000000000000000e+00
2.256415152092535337e+01,0.000000000000000000e+00,0.000000000000000000e+00
2.207490993362262799e+01,0.000000000000000000e+00,0.000000000000000000e+00
1.962549872033877207e+01,0.000000000000000000e+00,0.000000000000000000e+00
2.469743812106093372e+01,0.000000000000000000e+00,0.000000000000000000e+00
2.474867365144668696e+01,0.000000000000000000e+00,0.000000000000000000e+00
2.699936285260421442e+01,0.000000000000000000e+00,0.000000000000000000e+00
2.053329735694541114e+01,0.000000000000000000e+00,0.000000000000000000e+00
2.200065485054697589e+01,0.000000000000000000e+00,0.000000000000000000e+00
2.055543027233784059e+01,0.000000000000000000e+00,0.000000000000000000e+00
2.501317428547594801e+01,0.000000000000000000e+00,0.000000000000000000e+00
2.044788062032020548e+01,0.000000000000000000e+00,0.000000000000000000e+00
2.476698188836993708e+01,0.000000000000000000e+00,0.000000000000000000e+00
2.347637687114517746e+01,0.000000000000000000e+00,0.000000000000000000e+00
2.521427664156636794e+01,0.000000000000000000e+00,0.000000000000000000e+00
2.165158528296712959e+01,0.000000000000000000e+00,0.000000000000000000e+00
2.290939473759602762e+01,0.000000000000000000e+00,0.000000000000000000e+00
2.392711351483643512e+01,0.000000000000000000e+00,0.000000000000000000e+00
2.337490558992535483e+01,0.000000000000000000e+00,0.000000000000000000e+00
2.016077801377090140e+01,0.000000000000000000e+00,0.000000000000000000e+00
2.112696970938116436e+01,0.000000000000000000e+00,0.000000000000000000e+00
2.239598311503049999e+01,0.000000000000000000e+00,0.000000000000000000e+00
2.649059396102826369e+01,0.000000000000000000e+00,0.000000000000000000e+00
2.174137312169537495e+01,0.000000000000000000e+00,0.000000000000000000e+00
2.143800786758116672e+01,0.000000000000000000e+00,0.000000000000000000e+00
2.558136143211473623e+01,0.000000000000000000e+00,0.000000000000000000e+00
2.424862955960588451e+01,0.000000000000000000e+00,0.000000000000000000e+00
2.212427164767657572e+01,0.000000000000000000e+00,0.000000000000000000e+00
2.509169686602534810e+01,0.000000000000000000e+00,0.000000000000000000e+00
2.442045299524248492e+01,0.000000000000000000e+00,0.000000000000000000e+00
2.455737317708567247e+01,0.000000000000000000e+00,0.000000000000000000e+00
2.484973118525087088e+01,0.000000000000000000e+00,0.000000000000000000e+00
2.568639778731618861e+01,0.000000000000000000e+00,0.000000000000000000e+00
2.415921699593657479e+01,0.000000000000000000e+00,0.000000000000000000e+00
2.660640907435172409e+01,0.000000000000000000e+00,0.000000000000000000e+00
1.967959429716392350e+01,0.000000000000000000e+00,0.000000000000000000e+00
2.693883769738944878e+01,0.000000000000000000e+00,0.000000000000000000e+00
2.351286059849069687e+01,0.000000000000000000e+00,0.000000000000000000e+00
2.458454171051918280e+01,0.000000000000000000e+00,0.000000000000000000e+00
2.156490936195596930e+01,0.000000000000000000e+00,0.000000000000000000e+00
2.299406056346140659e+01,0.000000000000000000e+00,0.000000000000000000e+00
2.484945841173213665e+01,0.000000000000000000e+00,0.000000000000000000e+00
2.453145615137439961e+01,0.000000000000000000e+00,0.000000000000000000e+00
2.459853457730301685e+01,0.000000000000000000e+00,0.000000000000000000e+00
2.078702834057576254e+01,0.000000000000000000e+00,0.000000000000000000e+00
2.294108799113516284e+01,0.000000000000000000e+00,0.000000000000000000e+00
2.460452226819342059e+01,0.000000000000000000e+00,0.000000000000000000e+00
2.420238942582360409e+01,0.000000000000000000e+00,0.000000000000000000e+00
2.479828689470384617e+01,0.000000000000000000e+00,0.000000000000000000e+00
2.299917593841641406e+01,0.000000000000000000e+00,0.000000000000000000e+00
2.307768886241460393e+01,0.000000000000000000e+00,0.000000000000000000e+00
2.576550126112979555e+01,0.000000000000000000e+00,0.000000000000000000e+00
2.624878030663002093e+01,0.000000000000000000e+00,0.000000000000000000e+00
2.526211740467769928e+01,0.000000000000000000e+00,0.000000000000000000e+00
2.621341755143820507e+01,0.000000000000000000e+00,0.000000000000000000e+00
2.760036208952936576e+01,0.000000000000000000e+00,0.000000000000000000e+00
2.385822275105208590e+01,0.000000000000000000e+00,0.000000000000000000e+00
2.405704552038349675e+01,0.000000000000000000e+00,0.000000000000000000e+00
2.130284746262055151e+01,0.000000000000000000e+00,0.000000000000000000e+00
1.811921848169242466e+01,0.000000000000000000e+00,0.000000000000000000e+00
2.314436086921569569e+01,0.000000000000000000e+00,0.000000000000000000e+00
2.273785268127681292e+01,0.000000000000000000e+00,0.000000000000000000e+00
2.364862924421055368e+01,0.000000000000000000e+00,0.000000000000000000e+00
2.365056994761582132e+01,0.000000000000000000e+00,0.000000000000000000e+00
2.517715869987469546e+01,0.000000000000000000e+00,0.000000000000000000e+00
2.327022903195376813e+01,0.000000000000000000e+00,0.000000000000000000e+00
2.754996269192811198e+01,0.000000000000000000e+00,0.000000000000000000e+00
2.747094474003886333e+01,0.000000000000000000e+00,0.000000000000000000e+00
2.492375248598272464e+01,0.000000000000000000e+00,0.000000000000000000e+00
2.529406542713844530e+01,0.000000000000000000e+00,0.000000000000000000e+00
2.229174427856954566e+01,0.000000000000000000e+00,0.000000000000000000e+00
2.519826614540375687e+01,0.000000000000000000e+00,0.000000000000000000e+00
2.502683814356378633e+01,0.000000000000000000e+00,0.000000000000000000e+00
2.456047460185144971e+01,0.000000000000000000e+00,0.000000000000000000e+00
2.562605905960235475e+01,0.000000000000000000e+00,0.000000000000000000e+00
2.663496126466114688e+01,0.000000000000000000e+00,0.000000000000000000e+00
2.417246604513287522e+01,0.000000000000000000e+00,0.000000000000000000e+00
2.914558466082270982e+01,0.000000000000000000e+00,0.000000000000000000e+00
2.278812271807515444e+01,0.000000000000000000e+00,0.000000000000000000e+00
2.445014390504839596e+01,0.000000000000000000e+00,0.000000000000000000e+00
2.666364002264162636e+01,0.000000000000000000e+00,0.000000000000000000e+00
2.390604689258788795e+01,0.000000000000000000e+00,0.000000000000000000e+00
2.302323700238615345e+01,0.000000000000000000e+00,0.000000000000000000e+00
2.545703050807780343e+01,0.000000000000000000e+00,0.000000000000000000e+00
2.466617418484516833e+01,0.000000000000000000e+00,0.000000000000000000e+00
2.669691736660804438e+01,0.000000000000000000e+00,0.000000000000000000e+00
2.705755616292864829e+01,0.000000000000000000e+00,0.000000000000000000e+00
2.817050874942142613e+01,0.000000000000000000e+00,0.000000000000000000e+00
2.518386015666910893e+01,0.000000000000000000e+00,0.000000000000000000e+00
2.654062720519090846e+01,0.000000000000000000e+00,0.000000000000000000e+00
2.772086149133805932e+01,0.000000000000000000e+00,0.000000000000000000e+00
2.454115923600048887e+01,0.000000000000000000e+00,0.000000000000000000e+00
2.545839409786316310e+01,0.000000000000000000e+00,0.000000000000000000e+00
2.926689816905420827e+01,0.000000000000000000e+00,0.000000000000000000e+00
2.810276926945578779e+01,0.000000000000000000e+00,0.000000000000000000e+00
2.268474091249377977e+01,0.000000000000000000e+00,0.000000000000000000e+00
2.585938548131646542e+01,0.000000000000000000e+00,0.000000000000000000e+00
2.786399805606919600e+01,0.000000000000000000e+00,0.000000000000000000e+00
2.696288137299790932e+01,0.000000000000000000e+00,0.000000000000000000e+00
2.693896063182481981e+01,0.000000000000000000e+00,0.000000000000000000e+00
2.482586163920965205e+01,0.000000000000000000e+00,0.000000000000000000e+00
2.332274287520154488e+01,0.000000000000000000e+00,0.000000000000000000e+00
2.725809533850270228e+01,0.000000000000000000e+00,0.000000000000000000e+00
2.651762119183755573e+01,0.000000000000000000e+00,0.000000000000000000e+00
2.950954242151323825e+01,0.000000000000000000e+00,0.000000000000000000e+00
2.801763409783239211e+01,0.000000000000000000e+00,0.000000000000000000e+00
2.434591584022017940e+01,0.000000000000000000e+00,0.000000000000000000e+00
2.286128810680038725e+01,0.000000000000000000e+00,0.000000000000000000e+00
2.911419643770959809e+01,0.000000000000000000e+00,0.000000000000000000e+00
2.846016590651369427e+01,0.000000000000000000e+00,0.000000000000000000e+00
2.451248378840601205e+01,0.000000000000000000e+00,0.000000000000000000e+00
2.553409759328761908e+01,0.000000000000000000e+00,0.000000000000000000e+00
2.646037223784705361e+01,0.000000000000000000e+00,0.000000000000000000e+00
2.937083706715540998e+01,0.000000000000000000e+00,0.000000000000000000e+00
2.507036365664888677e+01,0.000000000000000000e+00,0.000000000000000000e+00
2.376338885595795247e+01,0.000000000000000000e+00,0.000000000000000000e+00
2.569783160866897731e+01,0.000000000000000000e+00,0.000000000000000000e+00
2.607208009818671357e+01,0.000000000000000000e+00,0.000000000000000000e+00
2.607902664940266035e+01,0.000000000000000000e+00,0.000000000000000000e+00
2.874076931135316215e+01,0.000000000000000000e+00,0.000000000000000000e+00
2.973296840306849376e+01,0.000000000000000000e+00,0.000000000000000000e+00
2.895797704876996193e+01,0.000000000000000000e+00,0.000000000000000000e+00
2.769104021758275991e+01,0.000000000000000000e+00,0.000000000000000000e+00
3.109767242043074376e+01,0.000000000000000000e+00,0.000000000000000000e+00
3.076939053848728989e+01,0.000000000000000000e+00,0.000000000000000000e+00
2.998294361933282204e+01,0.000000000000000000e+00,0.000000000000000000e+00
2.706702355574513774e+01,0.000000000000000000e+00,0.000000000000000000e+00
2.774008637581906100e+01,0.000000000000000000e+00,0.000000000000000000e+00
2.442916315224089630e+01,0.000000000000000000e+00,0.000000000000000000e+00
2.999186208113375685e+01,0.000000000000000000e+00,0.000000000000000000e+00
2.523366627353873071e+01,0.000000000000000000e+00,0.000000000000000000e+00
2.736716537770444546e+01,0.000000000000000000e+00,0.000000000000000000e+00
2.880304451847634084e+01,0.000000000000000000e+00,0.000000000000000000e+00
2.589097508424076821e+01,0.000000000000000000e+00,0.000000000000000000e+00
2.738652384825541475e+01,0.000000000000000000e+00,0.000000000000000000e+00
2.997116215461257482e+01,0.000000000000000000e+00,0.000000000000000000e+00
2.955602194852128761e+01,0.000000000000000000e+00,0.000000000000000000e+00
3.230492783993194195e+01,0.000000000000000000e+00,0.000000000000000000e+00
3.011621753609691865e+01,0.000000000000000000e+00,0.000000000000000000e+00
2.823615934726836230e+01,0.000000000000000000e+00,0.000000000000000000e+00
3.300794881235856337e+01,0.000000000000000000e+00,0.000000000000000000e+00
2.794366979970926579e+01,0.000000000000000000e+00,0.000000000000000000e+00
2.911986042553085952e+01,0.000000000000000000e+00,0.000000000000000000e+00
2.693759104173551577e+01,0.000000000000000000e+00,0.000000000000000000e+00
2.805972713047835398e+01,0.000000000000000000e+00,0.000000000000000000e+00
2.998309299774477310e+01,0.000000000000000000e+00,0.000000000000000000e+00
3.130345478657610414e+01,0.000000000000000000e+00,0.000000000000000000e+00
3.206450351859738390e+01,0.000000000000000000e+00,0.000000000000000000e+00
2.927031479843154571e+01,0.000000000000000000e+00,0.000000000000000000e+00
2.898274363499473338e+01,0.000000000000000000e+00,0.000000000000000000e+00
3.010178042790254693e+01,0.000000000000000000e+00,0.000000000000000000e+00
2.632583784478070399e+01,0.000000000000000000e+00,0.000000000000000000e+00
2.839858717602189131e+01,0.000000000000000000e+00,0.000000000000000000e+00
3.104396667787406727e+01,0.000000000000000000e+00,0.000000000000000000e+00
3.218146616245778091e+01,0.000000000000000000e+00,0.000000000000000000e+00
3.100505589857552025e+01,0.000000000000000000e+00,0.000000000000000000e+00
3.058015356054812273e+01,0.000000000000000000e+00,0.000000000000000000e+00
3.014599097720001097e+01,0.000000000000000000e+00,0.000000000000000000e+00
3.021376382330645782e+01,0.000000000000000000e+00,0.000000000000000000e+00
3.095273350020986669e+01,0.000000000000000000e+00,0.000000000000000000e+00
3.080825443009458908e+01,0.000000000000000000e+00,0.000000000000000000e+00
2.945714454020141204e+01,0.000000000000000000e+00,0.000000000000000000e+00
2.923644023396669311e+01,0.000000000000000000e+00,0.000000000000000000e+00
2.837751362394198296e+01,0.000000000000000000e+00,0.000000000000000000e+00
3.171387342271351883e+01,0.000000000000000000e+00,0.000000000000000000e+00
2.866160910624234504e+01,0.000000000000000000e+00,0.000000000000000000e+00
3.231988986635038685e+01,0.000000000000000000e+00,0.000000000000000000e+00
2.933901365485253265e+01,0.000000000000000000e+00,0.000000000000000000e+00
3.177263915676615369e+01,0.000000000000000000e+00,0.000000000000000000e+00
3.335449022100021210e+01,0.000000000000000000e+00,0.000000000000000000e+00
3.147373305378432562e+01,0.000000000000000000e+00,0.000000000000000000e+00
3.160644915836255109e+01,0.000000000000000000e+00,0.000000000000000000e+00
2.862750493641214788e+01,0.000000000000000000e+00,0.000000000000000000e+00
3.410098743472200056e+01,0.000000000000000000e+00,0.000000000000000000e+00
3.142470886378495365e+01,0.000000000000000000e+00,0.000000000000000000e+00
2.895895360695458010e+01,0.000000000000000000e+00,0.000000000000000000e+00
3.286152019315147754e+01,0.000000000000000000e+00,0.000000000000000000e+00
3.029262040264222833e+01,0.000000000000000000e+00,0.000000000000000000e+00
3.609538040941810522e+01,0.000000000000000000e+00,0.000000000000000000e+00
3.131132265834967754e+01,0.000000000000000000e+00,0.000000000000000000e+00
2.812813718953246322e+01,0.000000000000000000e+00,0.000000000000000000e+00
3.262396566993854208e+01,0.000000000000000000e+00,0.000000000000000000e+00
3.248181187196546915e+01,0.000000000000000000e+00,0.000000000000000000e+00
3.575485312756485712e+01,0.000000000000000000e+00,0.000000000000000000e+00
2.998280920065873545e+01,0.000000000000000000e+00,0.000000000000000000e+00
3.440515954385030994e+01,0.000000000000000000e+00,0.000000000000000000e+00
3.134141014029995631e+01,0.000000000000000000e+00,0.000000000000000000e+00
3.450578112657048280e+01,0.000000000000000000e+00,0.000000000000000000e+00
3.426533570918534366e+01,0.000000000000000000e+00,0.000000000000000000e+00
2.916572906519137831e+01,0.000000000000000000e+00,0.000000000000000000e+00
3.568271456130332098e+01,0.000000000000000000e+00,0.000000000000000000e+00
2.931347356267595927e+01,0.000000000000000000e+00,0.000000000000000000e+00
3.241069376928051327e+01,0.000000000000000000e+00,0.000000000000000000e+00
3.202628212239926597e+01,0.000000000000000000e+00,0.000000000000000000e+00
3.661147840645238460e+01,0.000000000000000000e+00,0.000000000000000000e+00
3.459033678591627137e+01,0.000000000000000000e+00,0.000000000000000000e+00
3.441732123330931614e+01,0.000000000000000000e+00,0.000000000000000000e+00
2.888878129257757621e+01,0.000000000000000000e+00,0.000000000000000000e+00
3.427459415535689402e+01,0.000000000000000000e+00,0.000000000000000000e+00
3.288495105812332753e+01,0.000000000000000000e+00,0.000000000000000000e+00
3.473386281695859168e+01,0.000000000000000000e+00,0.000000000000000000e+00
3.465944757135176246e+01,0.000000000000000000e+00,0.000000000000000000e+00
3.266436927058516915e+01,0.000000000000000000e+00,0.000000000000000000e+00
3.270403897553271122e+01,0.000000000000000000e+00,0.000000000000000000e+00
3.494525969741670934e+01,0.000000000000000000e+00,0.000000000000000000e+00
3.244285195459453064e+01,0.000000000000000000e+00,0.000000000000000000e+00
3.385003391055597177e+01,0.000000000000000000e+00,0.000000000000000000e+00
3.158080249677148288e+01,0.000000000000000000e+00,0.000000000000000000e+00
3.503922997035761000e+01,0.000000000000000000e+00,0.000000000000000000e+00
3.144023710292516682e+01,0.000000000000000000e+00,0.000000000000000000e+00
3.267824607778030810e+01,0.000000000000000000e+00,0.000000000000000000e+00
3.767704726873172660e+01,0.000000000000000000e+00,0.000000000000000000e+00
3.718961042494912306e+01,0.000000000000000000e+00,0.000000000000000000e+00
3.565137182106052194e+01,0.000000000000000000e+00,0.000000000000000000e+00
3.277405737531088903e+01,0.000000000000000000e+00,0.000000000000000000e+00
3.457674578489093165e+01,0.000000000000000000e+00,0.000000000000000000e+00
3.297325728642412201e+01,0.000000000000000000e+00,0.000000000000000000e+00
3.155101138579862052e+01,0.000000000000000000e+00,0.000000000000000000e+00
2.934227536725200736e+01,0.000000000000000000e+00,0.000000000000000000e+00
3.153870928073105162e+01,0.000000000000000000e+00,0.000000000000000000e+00
3.461156204840955297e+01,0.000000000000000000e+00,0.000000000000000000e+00
3.459659901394420700e+01,0.000000000000000000e+00,0.000000000000000000e+00
3.617843751075209013e+01,0.000000000000000000e+00,0.000000000000000000e+00
3.767916679837190941e+01,0.000000000000000000e+00,0.000000000000000000e+00
3.294176267779688061e+01,0.000000000000000000e+00,0.000000000000000000e+00
3.480409355936292570e+01,0.000000000000000000e+00,0.000000000000000000e+00
3.672154209526915736e+01,0.000000000000000000e+00,0.000000000000000000e+00
3.380315217116527293e+01,0.000000000000000000e+00,0.000000000000000000e+00
3.385501730343076332e+01,0.000000000000000000e+00,0.000000000000000000e+00
3.511366354734011708e+01,0.000000000000000000e+00,0.000000000000000000e+00
3.684706900881562319e+01,0.000000000000000000e+00,0.000000000000000000e+00
3.269571964496275740e+01,0.000000000000000000e+00,0.000000000000000000e+00
3.618436196763199320e+01,0.000000000000000000e+00,0.000000000000000000e+00
3.704600104639659719e+01,0.000000000000000000e+00,0.000000000000000000e+00
3.803426121828999129e+01,0.000000000000000000e+00,0.000000000000000000e+00
3.807222012350442952e+01,0.000000000000000000e+00,0.000000000000000000e+00
3.150366175684186842e+01,0.000000000000000000e+00,0.000000000000000000e+00
3.494978842142445785e+01,0.000000000000000000e+00,0.000000000000000000e+00
3.333641104649395714e+01,0.000000000000000000e+00,0.000000000000000000e+00
3.595140339172504440e+01,0.000000000000000000e+00,0.000000000000000000e+00
3.308202376953852308e+01,0.000000000000000000e+00,0.000000000000000000e+00
3.853314201032905117e+01,0.000000000000000000e+00,0.000000000000000000e+00
3.809930475830703500e+01,0.000000000000000000e+00,0.000000000000000000e+00
3.302829689393728074e+01,0.000000000000000000e+00,0.000000000000000000e+00
3.398371302399016969e+01,0.000000000000000000e+00,0.000000000000000000e+00
3.637006011379751413e+01,0.000000000000000000e+00,0.000000000000000000e+00
3.540295015614913154e+01,0.000000000000000000e+00,0.000000000000000000e+00
3.672285531795927227e+01,0.000000000000000000e+00,0.000000000000000000e+00
3.613397893186373011e+01,0.000000000000000000e+00,0.000000000000000000e+00
3.661442298443690646e+01,0.000000000000000000e+00,0.000000000000000000e+00
3.049608155876119753e+01,0.000000000000000000e+00,0.000000000000000000e+00
3.266320781603651824e+01,0.000000000000000000e+00,0.000000000000000000e+00
3.617047184616222921e+01,0.000000000000000000e+00,0.000000000000000000e+00
3.803313434365516343e+01,0.000000000000000000e+00,0.000000000000000000e+00
3.756091387433787787e+01,0.000000000000000000e+00,0.000000000000000000e+00
3.889631671418028702e+01,0.000000000000000000e+00,0.000000000000000000e+00
3.392974346242922934e+01,0.000000000000000000e+00,0.000000000000000000e+00
3.682030947634885365e+01,0.000000000000000000e+00,0.000000000000000000e+00
3.646300509486984254e+01,0.000000000000000000e+00,0.000000000000000000e+00
3.687915861451472921e+01,0.000000000000000000e+00,0.000000000000000000e+00
3.275710688585447627e+01,0.000000000000000000e+00,0.000000000000000000e+00
3.524944185217535164e+01,0.000000000000000000e+00,0.000000000000000000e+00
3.832040091615829169e+01,0.000000000000000000e+00,0.000000000000000000e+00
3.664588246191893717e+01,0.000000000000000000e+00,0.000000000000000000e+00
3.732477054961987761e+01,0.000000000000000000e+00,0.000000000000000000e+00
3.764952743320918671e+01,0.000000000000000000e+00,0.000000000000000000e+00
3.388002303489199818e+01,0.000000000000000000e+00,0.000000000000000000e+00
3.542630517904031962e+01,0.000000000000000000e+00,0.000000000000000000e+00
4.103039990120967673e+01,0.000000000000000000e+00,0.000000000000000000e+00
3.792446012131343025e+01,0.000000000000000000e+00,0.000000000000000000e+00
4.017229049365045768e+01,0.000000000000000000e+00,0.000000000000000000e+00
3.855064035121127830e+01,0.000000000000000000e+00,0.000000000000000000e+00
3.622594844511247913e+01,0.000000000000000000e+00,0.000000000000000000e+00
3.930840492824806631e+01,0.000000000000000000e+00,0.000000000000000000e+00
3.869439955888434923e+01,0.000000000000000000e+00,0.000000000000000000e+00
3.688637227269437346e+01,0.000000000000000000e+00,0.000000000000000000e+00
3.821469591667646881e+01,0.000000000000000000e+00,0.000000000000000000e+00
3.779647758863725926e+01,0.000000000000000000e+00,0.000000000000000000e+00
4.196377276416856006e+01,0.000000000000000000e+00,0.000000000000000000e+00
3.859308694686333752e+01,0.000000000000000000e+00,0.000000000000000000e+00
3.909881219138597430e+01,0.000000000000000000e+00,0.000000000000000000e+00
4.148785901903953288e+01,0.000000000000000000e+00,0.000000000000000000e+00
3.858817696605673575e+01,0.000000000000000000e+00,0.000000000000000000e+00
4.165856097333914931e+01,0.000000000000000000e+00,0.000000000000000000e+00
3.479867880539091374e+01,0.000000000000000000e+00,0.000000000000000000e+00
4.240483493951780503e+01,0.000000000000000000e+00,0.000000000000000000e+00
4.129928159625579553e+01,0.000000000000000000e+00,0.000000000000000000e+00
3.531981219645005865e+01,0.000000000000000000e+00,0.000000000000000000e+00
3.985043868303949210e+01,0.000000000000000000e+00,0.000000000000000000e+00
4.128661975144142104e+01,0.000000000000000000e+00,0.000000000000000000e+00
3.964760738066208745e+01,0.000000000000000000e+00,0.000000000000000000e+00
4.160838509953446618e+01,0.000000000000000000e+00,0.000000000000000000e+00
3.667434210760129787e+01,0.000000000000000000e+00,0.000000000000000000e+00
4.348694078035696720e+01,0.000000000000000000e+00,0.000000000000000000e+00
4.231846200685085790e+01,0.000000000000000000e+00,0.000000000000000000e+00
4.000685994117075239e+01,0.000000000000000000e+00,0.000000000000000000e+00
3.810228837091758436e+01,0.000000000000000000e+00,0.000000000000000000e+00
3.907982233816468920e+01,0.000000000000000000e+00,0.000000000000000000e+00
3.600620019159914165e+01,0.000000000000000000e+00,0.000000000000000000e+00
3.918478316706139708e+01,0.000000000000000000e+00,0.000000000000000000e+00
3.841290207515355348e+01,0.000000000000000000e+00,0.000000000000000000e+00
4.438904779242506038e+01,0.000000000000000000e+00,0.000000000000000000e+00
4.210394193920656392e+01,0.000000000000000000e+00,0.000000000000000000e+00
4.039940857550210751e+01,0.000000000000000000e+00,0.000000000000000000e+00
3.968025669277997736e+01,0.000000000000000000e+00,0.000000000000000000e+00
3.847919728904621195e+01,0.000000000000000000e+00,0.000000000000000000e+00
3.798760396822305552e+01,0.000000000000000000e+00,0.000000000000000000e+00
4.144804056222111655e+01,0.000000000000000000e+00,0.000000000000000000e+00
4.318477683175736814e+01,0.000000000000000000e+00,0.000000000000000000e+00
3.987936322498160280e+01,0.000000000000000000e+00,0.000000000000000000e+00
4.203483266688790820e+01,0.000000000000000000e+00,0.000000000000000000e+00
4.156905549741264139e+01,0.000000000000000000e+00,0.000000000000000000e+00
3.811917930890037809e+01,0.000000000000000000e+00,0.000000000000000000e+00
4.066472656109456096e+01,0.000000000000000000e+00,0.000000000000000000e+00
4.247561530406198926e+01,0.000000000000000000e+00,0.000000000000000000e+00
3.582754141595133746e+01,0.000000000000000000e+00,0.000000000000000000e+00
3.986049655823617854e+01,0.000000000000000000e+00,0.000000000000000000e+00
4.217054502075279743e+01,0.000000000000000000e+00,0.000000000000000000e+00
4.091616902604818762e+01,0.000000000000000000e+00,0.000000000000000000e+00
4.088646401202704084e+01,0.000000000000000000e+00,0.000000000000000000e+00
4.645118903532514310e+01,0.000000000000000000e+00,0.000000000000000000e+00
4.091060194923969107e+01,0.000000000000000000e+00,0.000000000000000000e+00
4.199284571315560299e+01,0.000000000000000000e+00,0.000000000000000000e+00
4.672746428124065687e+01,0.000000000000000000e+00,0.000000000000000000e+00
4.141601023285587502e+01,0.000000000000000000e+00,0.000000000000000000e+00
4.204497411162696352e+01,0.000000000000000000e+00,0.000000000000000000e+00
4.615114179340258005e+01,0.000000000000000000e+00,0.000000000000000000e+00
4.330416966688281377e+01,0.000000000000000000e+00,0.000000000000000000e+00
3.873397815477766670e+01,0.000000000000000000e+00,0.000000000000000000e+00
4.270102410058154874e+01,0.000000000000000000e+00,0.000000000000000000e+00
4.593658623660727613e+01,0.000000000000000000e+00,0.000000000000000000e+00
4.449875967554115874e+01,0.000000000000000000e+00,0.000000000000000000e+00
4.444072315592691069e+01,0.000000000000000000e+00,0.000000000000000000e+00
4.495816011183973160e+01,0.000000000000000000e+00,0.000000000000000000e+00
4.301408448639617887e+01,0.000000000000000000e+00,0.000000000000000000e+00
4.411293023709691852e+01,0.000000000000000000e+00,0.000000000000000000e+00
4.270517300934485405e+01,0.000000000000000000e+00,0.000000000000000000e+00
4.501523622760163335e+01,0.000000000000000000e+00,0.000000000000000000e+00
4.246929515925170762e+01,0.000000000000000000e+00,0.000000000000000000e+00
3.961926448968761605e+01,0.000000000000000000e+00,0.000000000000000000e+00
4.350501364391826087e+01,0.000000000000000000e+00,0.000000000000000000e+00
4.144591104771028967e+01,0.000000000000000000e+00,0.000000000000000000e+00
4.117564017358767359e+01,0.000000000000000000e+00,0.000000000000000000e+00
4.551369203844319600e+01,0.000000000000000000e+00,0.000000000000000000e+00
4.599944181216846317e+01,0.000000000000000000e+00,0.000000000000000000e+00
3.957923523729611048e+01,0.000000000000000000e+00,0.000000000000000000e+00
4.360804947756794547e+01,0.000000000000000000e+00,0.000000000000000000e+00
4.358592346400423168e+01,0.000000000000000000e+00,0.000000000000000000e+00
4.234177746149688915e+01,0.000000000000000000e+00,0.000000000000000000e+00
4.419714713556838603e+01,0.000000000000000000e+00,0.000000000000000000e+00
4.641562293752675572e+01,0.000000000000000000e+00,0.000000000000000000e+00
4.535242848225347245e+01,0.000000000000000000e+00,0.000000000000000000e+00
4.499936854944143505e+01,0.000000000000000000e+00,0.000000000000000000e+00
4.624708155027366274e+01,0.000000000000000000e+00,0.000000000000000000e+00
4.501502294656473424e+01,0.000000000000000000e+00,0.000000000000000000e+00
4.435301636976278417e+01,0.000000000000000000e+00,0.000000000000000000e+00
4.776122411351501285e+01,0.000000000000000000e+00,0.000000000000000000e+00
4.391079125878299294e+01,0.000000000000000000e+00,0.000000000000000000e+00
4.654272487522354140e+01,0.000000000000000000e+00,0.000000000000000000e+00
4.696534719134677260e+01,0.000000000000000000e+00,0.000000000000000000e+00
4.427439800291987382e+01,0.000000000000000000e+00,0.000000000000000000e+00
4.098216894713011271e+01,0.000000000000000000e+00,0.000000000000000000e+00
4.820890599528607368e+01,0.000000000000000000e+00,0.000000000000000000e+00
4.662099088951510595e+01,0.000000000000000000e+00,0.000000000000000000e+00
4.426048230275569040e+01,0.000000000000000000e+00,0.000000000000000000e+00
4.513004399275266820e+01,0.000000000000000000e+00,0.000000000000000000e+00
4.806287948327982207e+01,0.000000000000000000e+00,0.000000000000000000e+00
4.231790215914277553e+01,0.000000000000000000e+00,0.000000000000000000e+00
4.647877374882614987e+01,0.000000000000000000e+00,0.000000000000000000e+00
4.585369465571539394e+01,0.000000000000000000e+00,0.000000000000000000e+00
4.377644978115750263e+01,0.000000000000000000e+00,0.000000000000000000e+00
4.928230251706632004e+01,0.000000000000000000e+00,0.000000000000000000e+00
4.871956930354506454e+01,0.000000000000000000e+00,0.000000000000000000e+00
4.490001712078820617e+01,0.000000000000000000e+00,0.000000000000000000e+00
4.887553251065161675e+01,0.000000000000000000e+00,0.000000000000000000e+00
4.483676675963562275e+01,0.000000000000000000e+00,0.000000000000000000e+00
4.899608027435451874e+01,0.000000000000000000e+00,0.000000000000000000e+00
4.499804477368180500e+01,0.000000000000000000e+00,0.000000000000000000e+00
4.751912169904334604e+01,0.000000000000000000e+00,0.000000000000000000e+00
4.663103294965812040e+01,0.000000000000000000e+00,0.000000000000000000e+00
4.349924821630610694e+01,0.000000000000000000e+00,0.000000000000000000e+00
4.583759460621866566e+01,0.000000000000000000e+00,0.000000000000000000e+00
4.312363613329569745e+01,0.000000000000000000e+00,0.000000000000000000e+00
4.680923323821549786e+01,0.000000000000000000e+00,0.000000000000000000e+00
4.793201054469655986e+01,0.000000000000000000e+00,0.000000000000000000e+00
4.942604699571033677e+01,0.000000000000000000e+00,0.000000000000000000e+00
4.624407146676963265e+01,0.000000000000000000e+00,0.000000000000000000e+00
4.678128070196677157e+01,0.000000000000000000e+00,0.000000000000000000e+00
4.715066686428935583e+01,0.000000000000000000e+00,0.000000000000000000e+00
4.705910095858427411e+01,0.000000000000000000e+00,0.000000000000000000e+00
5.373874529115153820e+01,0.000000000000000000e+00,0.000000000000000000e+00
4.692255052160282247e+01,0.000000000000000000e+00,0.000000000000000000e+00
4.591842586150517747e+01,0.000000000000000000e+00,0.000000000000000000e+00
4.842944878816945220e+01,0.000000000000000000e+00,0.000000000000000000e+00
5.108349260594221874e+01,0.000000000000000000e+00,0.000000000000000000e+00
4.556605239498914983e+01,0.000000000000000000e+00,0.000000000000000000e+00
5.002011650247838048e+01,0.000000000000000000e+00,0.000000000000000000e+00
4.404103952183547221e+01,0.000000000000000000e+00,0.000000000000000000e+00
4.930008593539655948e+01,0.000000000000000000e+00,0.000000000000000000e+00
4.739636859112256673e+01,0.000000000000000000e+00,0.000000000000000000e+00
4.874269055687465624e+01,0.000000000000000000e+00,0.000000000000000000e+00
4.638635362028114884e+01,0.000000000000000000e+00,0.000000000000000000e+00
4.697439693116728421e+01,0.000000000000000000e+00,0.000000000000000000e+00
4.714370576288530401e+01,0.000000000000000000e+00,0.000000000000000000e+00
4.985644655875410081e+01,0.000000000000000000e+00,0.000000000000000000e+00
5.052213783456746654e+01,0.000000000000000000e+00,0.000000000000000000e+00
4.723294090132200296e+01,0.000000000000000000e+00,0.000000000000000000e+00
5.221070198948050489e+01,0.000000000000000000e+00,0.000000000000000000e+00
4.842190397896330722e+01,0.000000000000000000e+00,0.000000000000000000e+00
5.179122066171777305e+01,0.000000000000000000e+00,0.000000000000000000e+00
4.902928892118330140e+01,0.000000000000000000e+00,0.000000000000000000e+00
5.073037269261222804e+01,0.000000000000000000e+00,0.000000000000000000e+00
4.855033024873647918e+01,0.000000000000000000e+00,0.000000000000000000e+00
4.750019507010370745e+01,0.000000000000000000e+00,0.000000000000000000e+00
4.890828750758089427e+01,0.000000000000000000e+00,0.000000000000000000e+00
4.905683357278455503e+01,0.000000000000000000e+00,0.000000000000000000e+00
5.074770277252974182e+01,0.000000000000000000e+00,0.000000000000000000e+00
4.798257499005178062e+01,0.000000000000000000e+00,0.000000000000000000e+00
4.812679739920982058e+01,0.000000000000000000e+00,0.000000000000000000e+00
5.234854829144146748e+01,0.000000000000000000e+00,0.000000000000000000e+00
4.921645090300403780e+01,0.000000000000000000e+00,0.000000000000000000e+00
4.766836030395660373e+01,0.000000000000000000e+00,0.000000000000000000e+00
5.491137645300262449e+01,0.000000000000000000e+00,0.000000000000000000e+00
5.217192595953338241e+01,0.000000000000000000e+00,0.000000000000000000e+00
5.436628466928892323e+01,0.000000000000000000e+00,0.000000000000000000e+00
4.999239254197527771e+01,0.000000000000000000e+00,0.000000000000000000e+00
4.992718066997936432e+01,0.000000000000000000e+00,0.000000000000000000e+00
4.866576966037113294e+01,0.000000000000000000e+00,0.000000000000000000e+00
5.289207892209363848e+01,0.000000000000000000e+00,0.000000000000000000e+00
5.115591569621465595e+01,0.000000000000000000e+00,0.000000000000000000e+00
5.165245612181244894e+01,0.000000000000000000e+00,0.000000000000000000e+00
4.943226356601133631e+01,0.000000000000000000e+00,0.000000000000000000e+00
5.072597118025253593e+01,0.000000000000000000e+00,0.000000000000000000e+00
5.272927360310404055e+01,0.000000000000000000e+00,0.000000000000000000e+00
5.159107415506529293e+01,0.000000000000000000e+00,0.000000000000000000e+00
5.015835726476289835e+01,0.000000000000000000e+00,0.000000000000000000e+00
5.210425910127484173e+01,0.000000000000000000e+00,0.000000000000000000e+00
5.159333922728253441e+01,0.000000000000000000e+00,0.000000000000000000e+00
5.219232470297217219e+01,0.000000000000000000e+00,0.000000000000000000e+00
5.325353127050315294e+01,0.000000000000000000e+00,0.000000000000000000e+00
4.952175502439269650e+01,0.000000000000000000e+00,0.000000000000000000e+00
5.398408633849416560e+01,0.000000000000000000e+00,0.000000000000000000e+00
5.395096387196604582e+01,0.000000000000000000e+00,0.000000000000000000e+00
5.094784669703917501e+01,0.000000000000000000e+00,0.000000000000000000e+00
5.127785099516670186e+01,0.000000000000000000e+00,0.000000000000000000e+00
4.997371157989637425e+01,0.000000000000000000e+00,0.000000000000000000e+00
5.427683144916390745e+01,0.000000000000000000e+00,0.000000000000000000e+00
5.327569491207796659e+01,0.000000000000000000e+00,0.000000000000000000e+00
5.335676572533566997e+01,0.000000000000000000e+00,0.000000000000000000e+00
5.445532670433351541e+01,0.000000000000000000e+00,0.000000000000000000e+00
4.915823771293315758e+01,0.000000000000000000e+00,0.000000000000000000e+00
5.383655731889187734e+01,0.000000000000000000e+00,0.000000000000000000e+00
5.326527482102115130e+01,0.000000000000000000e+00,0.000000000000000000e+00
5.358785476384295521e+01,0.000000000000000000e+00,0.000000000000000000e+00
5.319692337859832776e+01,0.000000000000000000e+00,0.000000000000000000e+00
5.507906947207339954e+01,0.000000000000000000e+00,0.000000000000000000e+00
5.379441445711868397e+01,0.000000000000000000e+00,0.000000000000000000e+00
5.670725426696466087e+01,0.000000000000000000e+00,0.000000000000000000e+00
5.104139270191627276e+01,0.000000000000000000e+00,0.000000000000000000e+00
5.197044919663897389e+01,0.000000000000000000e+00,0.000000000000000000e+00
5.410105563286980157e+01,0.000000000000000000e+00,0.000000000000000000e+00
5.878443588671341047e+01,0.000000000000000000e+00,0.000000000000000000e+00
5.035146179180543413e+01,0.000000000000000000e+00,0.000000000000000000e+00
5.280576702528163935e+01,0.000000000000000000e+00,0.000000000000000000e+00
5.448383758123196685e+01,0.000000000000000000e+00,0.000000000000000000e+00
5.265049064206236551e+01,0.000000000000000000e+00,0.000000000000000000e+00
4.924599605081089493e+01,0.000000000000000000e+00,0.000000000000000000e+00
5.485386391820307495e+01,0.000000000000000000e+00,0.000000000000000000e+00
4.840985626929582963e+01,0.000000000000000000e+00,0.000000000000000000e+00
5.607823216769912023e+01,0.000000000000000000e+00,0.000000000000000000e+00
5.422104243213555463e+01,0.000000000000000000e+00,0.000000000000000000e+00
5.705867007065216967e+01,0.000000000000000000e+00,0.000000000000000000e+00
5.485981809511498852e+01,0.000000000000000000e+00,0.000000000000000000e+00
5.378925274271389156e+01,0.000000000000000000e+00,0.000000000000000000e+00
5.578582625580276755e+01,0.000000000000000000e+00,0.000000000000000000e+00
5.457853506258938836e+01,0.000000000000000000e+00,0.000000000000000000e+00
5.337625682554095619e+01,0.000000000000000000e+00,0.000000000000000000e+00
5.352361462645774282e+01,0.000000000000000000e+00,0.000000000000000000e+00
5.671257460817406582e+01,0.000000000000000000e+00,0.000000000000000000e+00
5.711448450422518164e+01,0.000000000000000000e+00,0.000000000000000000e+00
5.597574960497048124e+01,0.000000000000000000e+00,0.000000000000000000e+00
5.684681699853472026e+01,0.000000000000000000e+00,0.000000000000000000e+00
5.065529743097564364e+01,0.000000000000000000e+00,0.000000000000000000e+00
5.676381656343320969e+01,0.000000000000000000e+00,0.000000000000000000e+00
5.361329099493441674e+01,0.000000000000000000e+00,0.000000000000000000e+00
5.526587856661002007e+01,0.000000000000000000e+00,0.000000000000000000e+00
5.354397223385210225e+01,0.000000000000000000e+00,0.000000000000000000e+00
5.535852190226874825e+01,0.000000000000000000e+00,0.000000000000000000e+00
5.566620972893838371e+01,0.000000000000000000e+00,0.000000000000000000e+00
5.627668958550434297e+01,0.000000000000000000e+00,0.000000000000000000e+00
5.347762168825940421e+01,0.000000000000000000e+00,0.000000000000000000e+00
5.543469956430249113e+01,0.000000000000000000e+00,0.000000000000000000e+00
5.498395278730509261e+01,0.000000000000000000e+00,0.000000000000000000e+00
5.488261880774039270e+01,0.000000000000000000e+00,0.000000000000000000e+00
5.897483990573900314e+01,0.000000000000000000e+00,0.000000000000000000e+00
5.733547042541049876e+01,0.000000000000000000e+00,0.000000000000000000e+00
5.915742586312043727e+01,0.000000000000000000e+00,0.000000000000000000e+00
5.472055201287424353e+01,0.000000000000000000e+00,0.000000000000000000e+00
5.923804472664446763e+01,0.000000000000000000e+00,0.000000000000000000e+00
5.724546530922626886e+01,0.000000000000000000e+00,0.000000000000000000e+00
5.708850324456737724e+01,0.000000000000000000e+00,0.000000000000000000e+00
5.717260808066061628e+01,0.000000000000000000e+00,0.000000000000000000e+00
5.364135882887430284e+01,0.000000000000000000e+00,0.000000000000000000e+00
5.650169183313446553e+01,0.000000000000000000e+00,0.000000000000000000e+00
5.650870662909084530e+01,0.000000000000000000e+00,0.000000000000000000e+00
5.265472838951532708e+01,0.000000000000000000e+00,0.000000000000000000e+00
5.539144877020228108e+01,0.000000000000000000e+00,0.000000000000000000e+00
5.517294299432600013e+01,0.000000000000000000e+00,0.000000000000000000e+00
6.097827408205984057e+01,0.000000000000000000e+00,0.000000000000000000e+00
5.877943709359465885e+01,0.000000000000000000e+00,0.000000000000000000e+00
6.061031586240456903e+01,0.000000000000000000e+00,0.000000000000000000e+00
5.627226231392420885e+01,0.000000000000000000e+00,0.000000000000000000e+00
5.582801475758667920e+01,0.000000000000000000e+00,0.000000000000000000e+00
5.801794214096945979e+01,0.000000000000000000e+00,0.000000000000000000e+00
5.738418910584819344e+01,0.000000000000000000e+00,0.000000000000000000e+00
5.973216364365407571e+01,0.000000000000000000e+00,0.000000000000000000e+00
5.804269335059500889e+01,0.000000000000000000e+00,0.000000000000000000e+00
5.969015148800312431e+01,0.000000000000000000e+00,0.000000000000000000e+00
5.834422186716120962e+01,0.000000000000000000e+00,0.000000000000000000e+00
5.441555062288117028e+01,0.000000000000000000e+00,0.000000000000000000e+00
5.709699606395258797e+01,0.000000000000000000e+00,0.000000000000000000e+00
5.875808179336035408e+01,0.000000000000000000e+00,0.000000000000000000e+00
5.790362578998956877e+01,0.000000000000000000e+00,0.000000000000000000e+00
5.934969184055337621e+01,0.000000000000000000e+00,0.000000000000000000e+00
5.529539679938617525e+01,0.000000000000000000e+00,0.000000000000000000e+00
6.068926592400690367e+01,0.000000000000000000e+00,0.000000000000000000e+00
5.833254790979918170e+01,0.000000000000000000e+00,0.000000000000000000e+00
5.660403481625419886e+01,0.000000000000000000e+00,0.000000000000000000e+00
6.253293342715365810e+01,0.000000000000000000e+00,0.000000000000000000e+00
6.159718895184955301e+01,0.000000000000000000e+00,0.000000000000000000e+00
5.467337434154259768e+01,0.000000000000000000e+00,0.000000000000000000e+00
5.785068364306063415e+01,0.000000000000000000e+00,0.000000000000000000e+00
5.885280765360995048e+01,0.000000000000000000e+00,0.000000000000000000e+00
5.801264548100132856e+01,0.000000000000000000e+00,0.000000000000000000e+00
6.152928385773896025e+01,0.000000000000000000e+00,0.000000000000000000e+00
5.986455849477053448e+01,0.000000000000000000e+00,0.000000000000000000e+00
5.794501338298312021e+01,0.000000000000000000e+00,0.000000000000000000e+00
6.244900225697784890e+01,0.000000000000000000e+00,0.000000000000000000e+00
5.616801212149688638e+01,0.000000000000000000e+00,0.000000000000000000e+00
5.982019796634536846e+01,0.000000000000000000e+00,0.000000000000000000e+00
6.058853284462911404e+01,0.000000000000000000e+00,0.000000000000000000e+00
5.817930691039204305e+01,0.000000000000000000e+00,0.000000000000000000e+00
5.933027877695720065e+01,0.000000000000000000e+00,0.000000000000000000e+00
6.128561298311380057e+01,0.000000000000000000e+00,0.000000000000000000e+00
6.245563585009983854e+01,0.000000000000000000e+00,0.000000000000000000e+00
6.095735059265595623e+01,0.000000000000000000e+00,0.000000000000000000e+00
6.200358884089062173e+01,0.000000000000000000e+00,0.000000000000000000e+00
6.273997123428721778e+01,0.000000000000000000e+00,0.000000000000000000e+00
6.135776781222584475e+01,0.000000000000000000e+00,0.000000000000000000e+00
6.005992234017180209e+01,0.000000000000000000e+00,0.000000000000000000e+00
6.102283618115339436e+01,0.000000000000000000e+00,0.000000000000000000e+00
6.217411277557116733e+01,0.000000000000000000e+00,0.000000000000000000e+00
6.066488960307229661e+01,0.000000000000000000e+00,0.000000000000000000e+00
6.309046303494222485e+01,0.000000000000000000e+00,0.000000000000000000e+00
6.330301147589737809e+01,0.000000000000000000e+00,0.000000000000000000e+00
5.918847015700829672e+01,0.000000000000000000e+00,0.000000000000000000e+00
6.183917793143229602e+01,0.000000000000000000e+00,0.000000000000000000e+00
5.988383937307931859e+01,0.000000000000000000e+00,0.000000000000000000e+00
6.236198410062913666e+01,0.000000000000000000e+00,0.000000000000000000e+00
6.153195160175047107e+01,0.000000000000000000e+00,0.000000000000000000e+00
6.031840694895777943e+01,0.000000000000000000e+00,0.000000000000000000e+00
6.323266911452825667e+01,0.000000000000000000e+00,0.000000000000000000e+00
6.068672765317633377e+01,0.000000000000000000e+00,0.000000000000000000e+00
6.367124839571606998e+01,0.000000000000000000e+00,0.000000000000000000e+00
6.370131224508270407e+01,0.000000000000000000e+00,0.000000000000000000e+00
6.121327619379527363e+01,0.000000000000000000e+00,0.000000000000000000e+00
5.979035924136606894e+01,0.000000000000000000e+00,0.000000000000000000e+00
6.211778390969971753e+01,0.000000000000000000e+00,0.000000000000000000e+00
6.194133984766048684e+01,0.000000000000000000e+00,0.000000000000000000e+00
6.126039683609046449e+01,0.000000000000000000e+00,0.000000000000000000e+00
5.945369954265265733e+01,0.000000000000000000e+00,0.000000000000000000e+00
6.349056686062455412e+01,0.000000000000000000e+00,0.000000000000000000e+00
5.876376502727969608e+01,0.000000000000000000e+00,0.000000000000000000e+00
6.454706024119860786e+01,0.000000000000000000e+00,0.000000000000000000e+00
5.947916846543138547e+01,0.000000000000000000e+00,0.000000000000000000e+00
6.356553902177046922e+01,0.000000000000000000e+00,0.000000000000000000e+00
6.311195617562889026e+01,0.000000000000000000e+00,0.000000000000000000e+00
5.989029851494940004e+01,0.000000000000000000e+00,0.000000000000000000e+00
6.674487329929488055e+01,0.000000000000000000e+00,0.000000000000000000e+00
6.097440382038254114e+01,0.000000000000000000e+00,0.000000000000000000e+00
6.136653008495765960e+01,0.000000000000000000e+00,0.000000000000000000e+00
6.155021335492867252e+01,0.000000000000000000e+00,0.000000000000000000e+00
6.207045396282259730e+01,0.000000000000000000e+00,0.000000000000000000e+00
6.521900026810614293e+01,0.000000000000000000e+00,0.000000000000000000e+00
6.494239665384334614e+01,0.000000000000000000e+00,0.000000000000000000e+00
6.288987472951905033e+01,0.000000000000000000e+00,0.000000000000000000e+00
6.098670605752355556e+01,0.000000000000000000e+00,0.000000000000000000e+00
6.434976803568225989e+01,0.000000000000000000e+00,0.000000000000000000e+00
6.499002905301750843e+01,0.000000000000000000e+00,0.000000000000000000e+00
6.189294412943599610e+01,0.000000000000000000e+00,0.000000000000000000e+00
6.360809332369874625e+01,0.000000000000000000e+00,0.000000000000000000e+00
5.986262425611729299e+01,0.000000000000000000e+00,0.000000000000000000e+00
6.402865794114744347e+01,0.000000000000000000e+00,0.000000000000000000e+00
6.147400464669386366e+01,0.000000000000000000e+00,0.000000000000000000e+00
6.159877627917073539e+01,0.000000000000000000e+00,0.000000000000000000e+00
5.994968009921637986e+01,0.000000000000000000e+00,0.000000000000000000e+00
6.089735580929737324e+01,0.000000000000000000e+00,0.000000000000000000e+00
6.569690868252629912e+01,0.000000000000000000e+00,0.000000000000000000e+00
6.449749145428789632e+01,0.000000000000000000e+00,0.000000000000000000e+00
6.402862282707887687e+01,0.000000000000000000e+00,0.000000000000000000e+00
6.306805800750552038e+01,0.000000000000000000e+00,0.000000000000000000e+00
6.389499812414207724e+01,0.000000000000000000e+00,0.000000000000000000e+00
6.258209931593123088e+01,0.000000000000000000e+00,0.000000000000000000e+00
6.266208999606185159e+01,0.000000000000000000e+00,0.000000000000000000e+00
6.282286376991767440e+01,0.000000000000000000e+00,0.000000000000000000e+00
6.568773712745975502e+01,0.000000000000000000e+00,0.000000000000000000e+00
6.738401193629896113e+01,0.000000000000000000e+00,0.000000000000000000e+00
6.565100678765473674e+01,0.000000000000000000e+00,0.000000000000000000e+00
6.646935718567469564e+01,0.000000000000000000e+00,0.000000000000000000e+00
6.324982475900090861e+01,0.000000000000000000e+00,0.000000000000000000e+00
5.995971150129211225e+01,0.000000000000000000e+00,0.000000000000000000e+00
6.835465629423144662e+01,0.000000000000000000e+00,0.000000000000000000e+00
6.654481944435499940e+01,0.000000000000000000e+00,0.000000000000000000e+00
6.475170057122372214e+01,0.000000000000000000e+00,0.000000000000000000e+00
6.320681097654024683e+01,0.000000000000000000e+00,0.000000000000000000e+00
6.596994442061253494e+01,0.000000000000000000e+00,0.000000000000000000e+00
6.706865240827077912e+01,0.000000000000000000e+00,0.000000000000000000e+00
6.682271334077960034e+01,0.000000000000000000e+00,0.000000000000000000e+00
6.484330108061470810e+01,0.000000000000000000e+00,0.000000000000000000e+00
6.666508639945976711e+01,0.000000000000000000e+00,0.000000000000000000e+00
6.872563200356572111e+01,0.000000000000000000e+00,0.000000000000000000e+00
6.645666281026927891e+01,0.000000000000000000e+00,0.000000000000000000e+00
6.641543712632062579e+01,0.000000000000000000e+00,0.000000000000000000e+00
6.590397858995783054e+01,0.000000000000000000e+00,0.000000000000000000e+00
6.481376405308030542e+01,0.000000000000000000e+00,0.000000000000000000e+00
6.407006780575831328e+01,0.000000000000000000e+00,0.000000000000000000e+00
6.681605268505227002e+01,0.000000000000000000e+00,0.000000000000000000e+00
6.256686738676143733e+01,0.000000000000000000e+00,0.000000000000000000e+00
6.618591470849482050e+01,0.000000000000000000e+00,0.000000000000000000e+00
6.470153430421997598e+01,0.000000000000000000e+00,0.000000000000000000e+00
6.867799229957049079e+01,0.000000000000000000e+00,0.000000000000000000e+00
6.525871561520527564e+01,0.000000000000000000e+00,0.000000000000000000e+00
6.409728363463860035e+01,0.000000000000000000e+00,0.000000000000000000e+00
6.530945402654832321e+01,0.000000000000000000e+00,0.000000000000000000e+00
6.761115126146709997e+01,0.000000000000000000e+00,0.000000000000000000e+00
6.641445146601861893e+01,0.000000000000000000e+00,0.000000000000000000e+00
6.713117473804956603e+01,0.000000000000000000e+00,0.000000000000000000e+00
6.716669415409468513e+01,0.000000000000000000e+00,0.000000000000000000e+00
6.629201845575985885e+01,0.000000000000000000e+00,0.000000000000000000e+00
6.655371453096925904e+01,0.000000000000000000e+00,0.000000000000000000e+00
6.712925559162788147e+01,0.000000000000000000e+00,0.000000000000000000e+00
6.320353558375456515e+01,0.000000000000000000e+00,0.000000000000000000e+00
6.653149329917248167e+01,0.000000000000000000e+00,0.000000000000000000e+00
6.532981494955315327e+01,0.000000000000000000e+00,0.000000000000000000e+00
7.168511204658902614e+01,0.000000000000000000e+00,0.000000000000000000e+00
6.695752671186468774e+01,0.000000000000000000e+00,0.000000000000000000e+00
6.571129147375727086e+01,0.000000000000000000e+00,0.000000000000000000e+00
6.793951353471800303e+01,0.000000000000000000e+00,0.000000000000000000e+00
6.737475941096190013e+01,0.000000000000000000e+00,0.000000000000000000e+00
6.928417853669525073e+01,0.000000000000000000e+00,0.000000000000000000e+00
6.860752924674008568e+01,0.000000000000000000e+00,0.000000000000000000e+00
6.744257080012162930e+01,0.000000000000000000e+00,0.000000000000000000e+00
6.502848755959287530e+01,0.000000000000000000e+00,0.000000000000000000e+00
6.553165154984965568e+01,0.000000000000000000e+00,0.000000000000000000e+00
6.483062352546798479e+01,0.000000000000000000e+00,0.000000000000000000e+00
6.760227435184950195e+01,0.000000000000000000e+00,0.000000000000000000e+00
6.911019946582455020e+01,0.000000000000000000e+00,0.000000000000000000e+00
6.645165062323630423e+01,0.000000000000000000e+00,0.000000000000000000e+00
6.855810120448806799e+01,0.000000000000000000e+00,0.000000000000000000e+00
6.734803058479299409e+01,0.000000000000000000e+00,0.000000000000000000e+00
6.750088167197294808e+01,0.000000000000000000e+00,0.000000000000000000e+00
6.729447572269614852e+01,0.000000000000000000e+00,0.000000000000000000e+00
6.985629164789082779e+01,0.000000000000000000e+00,0.000000000000000000e+00
6.716649598257566822e+01,0.000000000000000000e+00,0.000000000000000000e+00
7.076962484660801067e+01,0.000000000000000000e+00,0.000000000000000000e+00
7.302504095128205108e+01,0.000000000000000000e+00,0.000000000000000000e+00
6.495222163034767959e+01,0.000000000000000000e+00,0.000000000000000000e+00
7.177475990059735977e+01,0.000000000000000000e+00,0.000000000000000000e+00
7.092824412684801416e+01,0.000000000000000000e+00,0.000000000000000000e+00
6.492367881621849790e+01,0.000000000000000000e+00,0.000000000000000000e+00
6.744712924472767668e+01,0.000000000000000000e+00,0.000000000000000000e+00
6.835626180872768032e+01,0.000000000000000000e+00,0.000000000000000000e+00
6.879285861026866655e+01,0.000000000000000000e+00,0.000000000000000000e+00
6.938898520333670206e+01,0.000000000000000000e+00,0.000000000000000000e+00
6.809360209545961595e+01,0.000000000000000000e+00,0.000000000000000000e+00
6.794138967305376298e+01,0.000000000000000000e+00,0.000000000000000000e+00
7.357153112912644133e+01,0.000000000000000000e+00,0.000000000000000000e+00
6.660754843678338943e+01,0.000000000000000000e+00,0.000000000000000000e+00
6.903401277799838454e+01,0.000000000000000000e+00,0.000000000000000000e+00
7.340549024863064176e+01,0.000000000000000000e+00,0.000000000000000000e+00
6.917088302994955029e+01,0.000000000000000000e+00,0.000000000000000000e+00
6.808555023856594346e+01,0.000000000000000000e+00,0.000000000000000000e+00
7.183229295721746155e+01,0.000000000000000000e+00,0.000000000000000000e+00
6.884425327789908522e+01,0.000000000000000000e+00,0.000000000000000000e+00
6.842150980530055904e+01,0.000000000000000000e+00,0.000000000000000000e+00
7.057096635225434511e+01,0.000000000000000000e+00,0.000000000000000000e+00
6.721327696743705360e+01,0.000000000000000000e+00,0.000000000000000000e+00
6.866214284752362573e+01,0.000000000000000000e+00,0.000000000000000000e+00
7.344171127021130019e+01,0.000000000000000000e+00,0.000000000000000000e+00
6.700685771099270482e+01,0.000000000000000000e+00,0.000000000000000000e+00
7.093484812465408140e+01,0.000000000000000000e+00,0.000000000000000000e+00
7.069561623891098634e+01,0.000000000000000000e+00,0.000000000000000000e+00
6.642056498086940053e+01,0.000000000000000000e+00,0.000000000000000000e+00
6.883802068560410703e+01,0.000000000000000000e+00,0.000000000000000000e+00
6.818991506185355433e+01,0.000000000000000000e+00,0.000000000000000000e+00
7.279807693883964248e+01,0.000000000000000000e+00,0.000000000000000000e+00
7.082754316755179502e+01,0.000000000000000000e+00,0.000000000000000000e+00
7.275934521180168701e+01,0.000000000000000000e+00,0.000000000000000000e+00
6.748578763015910909e+01,0.000000000000000000e+00,0.000000000000000000e+00
6.930270001760369780e+01,0.000000000000000000e+00,0.000000000000000000e+00
7.013627892146898546e+01,0.000000000000000000e+00,0.000000000000000000e+00
6.729273214529762015e+01,0.000000000000000000e+00,0.000000000000000000e+00
7.081037913390338190e+01,0.000000000000000000e+00,0.000000000000000000e+00
7.123546796004289661e+01,0.000000000000000000e+00,0.000000000000000000e+00
7.530374374792442893e+01,0.000000000000000000e+00,0.000000000000000000e+00
7.049537641207295735e+01,0.000000000000000000e+00,0.000000000000000000e+00
6.926496415692341202e+01,0.000000000000000000e+00,0.000000000000000000e+00
7.137983947056662259e+01,0.000000000000000000e+00,0.000000000000000000e+00
7.187969253311536022e+01,0.000000000000000000e+00,0.000000000000000000e+00
7.222378917038685131e+01,0.000000000000000000e+00,0.000000000000000000e+00
6.988699657633819129e+01,0.000000000000000000e+00,0.000000000000000000e+00
7.119575286730506036e+01,0.000000000000000000e+00,0.000000000000000000e+00
6.827036704463358774e+01,0.000000000000000000e+00,0.000000000000000000e+00
6.909581881432352191e+01,0.000000000000000000e+00,0.000000000000000000e+00
6.984667206927257155e+01,0.000000000000000000e+00,0.000000000000000000e+00
7.399424313599573111e+01,0.000000000000000000e+00,0.000000000000000000e+00
6.945404114566160558e+01,0.000000000000000000e+00,0.000000000000000000e+00
7.255467873674754742e+01,0.000000000000000000e+00,0.000000000000000000e+00
7.132328166461746832e+01,0.000000000000000000e+00,0.000000000000000000e+00
7.174048252759369859e+01,0.000000000000000000e+00,0.000000000000000000e+00
7.074101382520868242e+01,0.000000000000000000e+00,0.000000000000000000e+00
6.754986598575541734e+01,0.000000000000000000e+00,0.000000000000000000e+00
7.316097908093183833e+01,0.000000000000000000e+00,0.000000000000000000e+00
7.382072579320734462e+01,0.000000000000000000e+00,0.000000000000000000e+00
7.325334166814278092e+01,0.000000000000000000e+00,0.000000000000000000e+00
7.176042957434357561e+01,0.000000000000000000e+00,0.000000000000000000e+00
7.380421162220932274e+01,0.000000000000000000e+00,0.000000000000000000e+00
6.993187862943976540e+01,0.000000000000000000e+00,0.000000000000000000e+00
6.878393524727269437e+01,0.000000000000000000e+00,0.000000000000000000e+00
7.131396172275415779e+01,0.000000000000000000e+00,0.000000000000000000e+00
7.182168400265058494e+01,0.000000000000000000e+00,0.000000000000000000e+00
7.412603272121683062e+01,0.000000000000000000e+00,0.000000000000000000e+00
7.277959666591762300e+01,0.000000000000000000e+00,0.000000000000000000e+00
7.100472652501755988e+01,0.000000000000000000e+00,0.000000000000000000e+00
6.806746584244012865e+01,0.000000000000000000e+00,0.000000000000000000e+00
7.219931727187210413e+01,0.000000000000000000e+00,0.000000000000000000e+00
7.333606060071451793e+01,0.000000000000000000e+00,0.000000000000000000e+00
7.228171430247803642e+01,0.000000000000000000e+00,0.000000000000000000e+00
7.446122464957593934e+01,0.000000000000000000e+00,0.000000000000000000e+00
7.270422925469802067e+01,0.000000000000000000e+00,0.000000000000000000e+00
7.085748502214073596e+01,0.000000000000000000e+00,0.000000000000000000e+00
7.046627369202826685e+01,0.000000000000000000e+00,0.000000000000000000e+00
7.400014470763031227e+01,0.000000000000000000e+00,0.000000000000000000e+00
7.274355657157778410e+01,0.000000000000000000e+00,0.000000000000000000e+00
7.297165304145903519e+01,0.000000000000000000e+00,0.000000000000000000e+00
7.653301917924430597e+01,0.000000000000000000e+00,0.000000000000000000e+00
7.190697990636328996e+01,0.000000000000000000e+00,0.000000000000000000e+00
7.599604503105940978e+01,0.000000000000000000e+00,0.000000000000000000e+00
7.279192170869522727e+01,0.000000000000000000e+00,0.000000000000000000e+00
7.322660330457641464e+01,0.000000000000000000e+00,0.000000000000000000e+00
7.559560497187725048e+01,0.000000000000000000e+00,0.000000000000000000e+00
7.249500919588069792e+01,0.000000000000000000e+00,0.000000000000000000e+00
7.353030065589845776e+01,0.000000000000000000e+00,0.000000000000000000e+00
7.395923590248365542e+01,0.000000000000000000e+00,0.000000000000000000e+00
7.178461109978476884e+01,0.000000000000000000e+00,0.000000000000000000e+00
6.991525607795129815e+01,0.000000000000000000e+00,0.000000000000000000e+00
7.335036986198102227e+01,0.000000000000000000e+00,0.000000000000000000e+00
7.630160363949272551e+01,0.000000000000000000e+00,0.000000000000000000e+00
7.534685607416329844e+01,0.000000000000000000e+00,0.000000000000000000e+00
7.105738484310242598e+01,0.000000000000000000e+00,0.000000000000000000e+00
7.533696187614859241e+01,0.000000000000000000e+00,0.000000000000000000e+00
7.151602791343533738e+01,0.000000000000000000e+00,0.000000000000000000e+00
7.324728735067866126e+01,0.000000000000000000e+00,0.000000000000000000e+00
7.286192046648446308e+01,0.000000000000000000e+00,0.000000000000000000e+00
7.409711247047735583e+01,0.000000000000000000e+00,0.000000000000000000e+00
7.354404853832316746e+01,0.000000000000000000e+00,0.000000000000000000e+00
7.299455459431204929e+01,0.000000000000000000e+00,0.000000000000000000e+00
7.459911411885659049e+01,0.000000000000000000e+00,0.000000000000000000e+00
7.827193358373391163e+01,0.000000000000000000e+00,0.000000000000000000e+00
7.295176735330866791e+01,0.000000000000000000e+00,0.000000000000000000e+00
7.584470449442227391e+01,0.000000000000000000e+00,0.000000000000000000e+00
7.737743095404505311e+01,0.000000000000000000e+00,0.000000000000000000e+00
7.629318676850910208e+01,0.000000000000000000e+00,0.000000000000000000e+00
7.414854167906038640e+01,0.000000000000000000e+00,0.000000000000000000e+00
7.308199213702506825e+01,0.000000000000000000e+00,0.000000000000000000e+00
7.332337484373709913e+01,0.000000000000000000e+00,0.000000000000000000e+00
7.552787750759891594e+01,0.000000000000000000e+00,0.000000000000000000e+00
7.388406586785519892e+01,0.000000000000000000e+00,0.000000000000000000e+00
7.162595465689116736e+01,0.000000000000000000e+00,0.000000000000000000e+00
7.879846140225903639e+01,0.000000000000000000e+00,0.000000000000000000e+00
7.536340596548667747e+01,0.000000000000000000e+00,0.000000000000000000e+00
7.687262778053253953e+01,0.000000000000000000e+00,0.000000000000000000e+00
7.533948832792944472e+01,0.000000000000000000e+00,0.000000000000000000e+00
7.698670753976662695e+01,0.000000000000000000e+00,0.000000000000000000e+00
7.739479476799249369e+01,0.000000000000000000e+00,0.000000000000000000e+00
7.624458819707295731e+01,0.000000000000000000e+00,0.000000000000000000e+00
7.559017081950290162e+01,0.000000000000000000e+00,0.000000000000000000e+00
7.388156866551663882e+01,0.000000000000000000e+00,0.000000000000000000e+00
7.701937777321404610e+01,0.000000000000000000e+00,0.000000000000000000e+00
7.696052813463796838e+01,0.000000000000000000e+00,0.000000000000000000e+00
7.342668362312261365e+01,0.000000000000000000e+00,0.000000000000000000e+00
7.797438866583313199e+01,0.000000000000000000e+00,0.000000000000000000e+00
7.423582159438504391e+01,0.000000000000000000e+00,0.000000000000000000e+00
7.517873163912845769e+01,0.000000000000000000e+00,0.000000000000000000e+00
7.515472519504444904e+01,0.000000000000000000e+00,0.000000000000000000e+00
7.379140959624353968e+01,0.000000000000000000e+00,0.000000000000000000e+00
7.282314366975577968e+01,0.000000000000000000e+00,0.000000000000000000e+00
7.718736375853252696e+01,0.000000000000000000e+00,0.000000000000000000e+00
7.520708095439178464e+01,0.000000000000000000e+00,0.000000000000000000e+00
7.479287209716613916e+01,0.000000000000000000e+00,0.000000000000000000e+00
7.041035623019811851e+01,0.000000000000000000e+00,0.000000000000000000e+00
7.720805412887199282e+01,0.000000000000000000e+00,0.000000000000000000e+00
7.953411310985096350e+01,0.000000000000000000e+00,0.000000000000000000e+00
7.340623458197944728e+01,0.000000000000000000e+00,0.000000000000000000e+00
7.409457838892546988e+01,0.000000000000000000e+00,0.000000000000000000e+00
7.738263473100212764e+01,0.000000000000000000e+00,0.000000000000000000e+00
7.331081699443760158e+01,0.000000000000000000e+00,0.000000000000000000e+00
7.223515224105985055e+01,0.000000000000000000e+00,0.000000000000000000e+00
7.680738732891069276e+01,0.000000000000000000e+00,0.000000000000000000e+00
7.395886147001240829e+01,0.000000000000000000e+00,0.000000000000000000e+00
7.818546863996955665e+01,0.000000000000000000e+00,0.000000000000000000e+00
7.599244403211872623e+01,0.000000000000000000e+00,0.000000000000000000e+00
7.480985064754766256e+01,0.000000000000000000e+00,0.000000000000000000e+00
7.957986639467117129e+01,0.000000000000000000e+00,0.000000000000000000e+00
7.698144884043095715e+01,0.000000000000000000e+00,0.000000000000000000e+00
7.546968628163214987e+01,0.000000000000000000e+00,0.000000000000000000e+00
7.477774222804863768e+01,0.000000000000000000e+00,0.000000000000000000e+00
7.643280615734481387e+01,0.000000000000000000e+00,0.000000000000000000e+00
7.776942637926700286e+01,0.000000000000000000e+00,0.000000000000000000e+00
7.390469612091764873e+01,0.000000000000000000e+00,0.000000000000000000e+00
7.702151505581220192e+01,0.000000000000000000e+00,0.000000000000000000e+00
7.656162224030384778e+01,0.000000000000000000e+00,0.000000000000000000e+00
7.470917559815164566e+01,0.000000000000000000e+00,0.000000000000000000e+00
7.630337026230324682e+01,0.000000000000000000e+00,0.000000000000000000e+00
7.778509297346526807e+01,0.000000000000000000e+00,0.000000000000000000e+00
7.886253208711190155e+01,0.000000000000000000e+00,0.000000000000000000e+00
7.746286934318560213e+01,0.000000000000000000e+00,0.000000000000000000e+00
7.801268673498724127e+01,0.000000000000000000e+00,0.000000000000000000e+00
7.510148982542979468e+01,0.000000000000000000e+00,0.000000000000000000e+00
7.593592561207876201e+01,0.000000000000000000e+00,0.000000000000000000e+00
7.650734069619198863e+01,0.000000000000000000e+00,0.000000000000000000e+00
7.639517751667577272e+01,0.000000000000000000e+00,0.000000000000000000e+00
7.850225729367446093e+01,0.000000000000000000e+00,0.000000000000000000e+00
7.565816764828083762e+01,0.000000000000000000e+00,0.000000000000000000e+00
7.951274381922256396e+01,0.000000000000000000e+00,0.000000000000000000e+00
7.900022570090045804e+01,0.000000000000000000e+00,0.000000000000000000e+00
7.176715149958386064e+01,0.000000000000000000e+00,0.000000000000000000e+00
8.094263570511208172e+01,0.000000000000000000e+00,0.000000000000000000e+00
7.661359928014339005e+01,0.000000000000000000e+00,0.000000000000000000e+00
7.772430439854386464e+01,0.000000000000000000e+00,0.000000000000000000e+00
7.565434747403615745e+01,0.000000000000000000e+00,0.000000000000000000e+00
7.819741099723566435e+01,0.000000000000000000e+00,0.000000000000000000e+00
7.352432837439607738e+01,0.000000000000000000e+00,0.000000000000000000e+00
8.091151604081953508e+01,0.000000000000000000e+00,0.000000000000000000e+00
7.603291880278214876e+01,0.000000000000000000e+00,0.000000000000000000e+00
7.821809165917055395e+01,0.000000000000000000e+00,0.000000000000000000e+00
7.322298141667813809e+01,0.000000000000000000e+00,0.000000000000000000e+00
7.508091977878596879e+01,0.000000000000000000e+00,0.000000000000000000e+00
7.532772449545699089e+01,0.000000000000000000e+00,0.000000000000000000e+00
7.692544023054136915e+01,0.000000000000000000e+00,0.000000000000000000e+00
7.827184156943074811e+01,0.000000000000000000e+00,0.000000000000000000e+00
7.807696363451978527e+01,0.000000000000000000e+00,0.000000000000000000e+00
7.797100327469610193e+01,0.000000000000000000e+00,0.000000000000000000e+00
7.522560948242696099e+01,0.000000000000000000e+00,0.000000000000000000e+00
7.950361070078790249e+01,0.000000000000000000e+00,0.000000000000000000e+00
7.788035226358024943e+01,0.000000000000000000e+00,0.000000000000000000e+00
7.737367103977246074e+01,0.000000000000000000e+00,0.000000000000000000e+00
8.082627403593433257e+01,0.000000000000000000e+00,0.000000000000000000e+00
7.926756201746421482e+01,0.000000000000000000e+00,0.000000000000000000e+00
7.972094708413222008e+01,0.000000000000000000e+00,0.000000000000000000e+00
7.895563681961787950e+01,0.000000000000000000e+00,0.000000000000000000e+00
7.922612414273805825e+01,0.000000000000000000e+00,0.000000000000000000e+00
7.388228728996523387e+01,0.000000000000000000e+00,0.000000000000000000e+00
7.859710173188041438e+01,0.000000000000000000e+00,0.000000000000000000e+00
7.730230891294421269e+01,0.000000000000000000e+00,0.000000000000000000e+00
7.967969021433268040e+01,0.000000000000000000e+00,0.000000000000000000e+00
7.999267045151221112e+01,0.000000000000000000e+00,0.000000000000000000e+00
7.921554236265022553e+01,0.000000000000000000e+00,0.000000000000000000e+00
7.688652498329261675e+01,0.000000000000000000e+00,0.000000000000000000e+00
7.647840668648323970e+01,0.000000000000000000e+00,0.000000000000000000e+00
8.069043979177828874e+01,0.000000000000000000e+00,0.000000000000000000e+00
7.974487221390936043e+01,0.000000000000000000e+00,0.000000000000000000e+00
8.207962589477723725e+01,0.000000000000000000e+00,0.000000000000000000e+00
7.549383056201273234e+01,0.000000000000000000e+00,0.000000000000000000e+00
8.127236813894755585e+01,0.000000000000000000e+00,0.000000000000000000e+00
7.801182278586502150e+01,0.000000000000000000e+00,0.000000000000000000e+00
7.634442546859881418e+01,0.000000000000000000e+00,0.000000000000000000e+00
7.376198202070996501e+01,0.000000000000000000e+00,0.000000000000000000e+00
7.632298310407071540e+01,0.000000000000000000e+00,0.000000000000000000e+00
7.826071747930684808e+01,0.000000000000000000e+00,0.000000000000000000e+00
8.334762686066716242e+01,0.000000000000000000e+00,0.000000000000000000e+00
7.812904315348225737e+01,0.000000000000000000e+00,0.000000000000000000e+00
7.700188464959215651e+01,0.000000000000000000e+00,0.000000000000000000e+00
7.987937449389038136e+01,0.000000000000000000e+00,0.000000000000000000e+00
7.755350635984808605e+01,0.000000000000000000e+00,0.000000000000000000e+00
8.214989735535741033e+01,0.000000000000000000e+00,0.000000000000000000e+00
7.915220761598035892e+01,0.000000000000000000e+00,0.000000000000000000e+00
7.998801954124716929e+01,0.000000000000000000e+00,0.000000000000000000e+00
7.696938937689169791e+01,0.000000000000000000e+00,0.000000000000000000e+00
7.823215761306734350e+01,0.000000000000000000e+00,0.000000000000000000e+00
7.998406543489232945e+01,0.000000000000000000e+00,0.000000000000000000e+00
7.995369234925462365e+01,0.000000000000000000e+00,0.000000000000000000e+00
7.955752592879005647e+01,0.000000000000000000e+00,0.000000000000000000e+00
7.814834014018789787e+01,0.000000000000000000e+00,0.000000000000000000e+00
7.752482765972162326e+01,0.000000000000000000e+00,0.000000000000000000e+00
8.321307020762503726e+01,0.000000000000000000e+00,0.000000000000000000e+00
8.246450512910702457e+01,0.000000000000000000e+00,0.000000000000000000e+00
7.829529165900792975e+01,0.000000000000000000e+00,0.000000000000000000e+00
8.123090428373099314e+01,0.000000000000000000e+00,0.000000000000000000e+00
7.967932277194402957e+01,0.000000000000000000e+00,0.000000000000000000e+00
7.738770402512670898e+01,0.000000000000000000e+00,0.000000000000000000e+00
7.819505356956895525e+01,0.000000000000000000e+00,0.000000000000000000e+00
8.067215463528394537e+01,0.000000000000000000e+00,0.000000000000000000e+00
8.105354615284220188e+01,0.000000000000000000e+00,0.000000000000000000e+00
7.881575778219288964e+01,0.000000000000000000e+00,0.000000000000000000e+00
8.036220502760913575e+01,0.000000000000000000e+00,0.000000000000000000e+00
8.227089381226747378e+01,0.000000000000000000e+00,0.000000000000000000e+00
7.861666648648281353e+01,0.000000000000000000e+00,0.000000000000000000e+00
7.771568460713106674e+01,0.000000000000000000e+00,0.000000000000000000e+00
8.160319953295589812e+01,0.000000000000000000e+00,0.000000000000000000e+00
7.912414888136363800e+01,0.000000000000000000e+00,0.000000000000000000e+00
7.706312694637260563e+01,0.000000000000000000e+00,0.000000000000000000e+00
8.041232274233384203e+01,0.000000000000000000e+00,0.000000000000000000e+00
7.602040826123332806e+01,0.000000000000000000e+00,0.000000000000000000e+00
7.704870663278352083e+01,0.000000000000000000e+00,0.000000000000000000e+00
7.754843849250140408e+01,0.000000000000000000e+00,0.000000000000000000e+00
7.935770388296150202e+01,0.000000000000000000e+00,0.000000000000000000e+00
8.026256450504817508e+01,0.000000000000000000e+00,0.000000000000000000e+00
8.151852602785835700e+01,0.000000000000000000e+00,0.000000000000000000e+00
8.223239217909888055e+01,0.000000000000000000e+00,0.000000000000000000e+00
8.096989726259775466e+01,0.000000000000000000e+00,0.000000000000000000e+00
7.534569820129966899e+01,0.000000000000000000e+00,0.000000000000000000e+00
7.969472907246968418e+01,0.000000000000000000e+00,0.000000000000000000e+00
8.038033412227959218e+01,0.000000000000000000e+00,0.000000000000000000e+00
8.133348215943594539e+01,0.000000000000000000e+00,0.000000000000000000e+00
8.039767285787596052e+01,0.000000000000000000e+00,0.000000000000000000e+00
7.962652598065673715e+01,0.000000000000000000e+00,0.000000000000000000e+00
7.922420186638694872e+01,0.000000000000000000e+00,0.000000000000000000e+00
7.729333909408086356e+01,0.000000000000000000e+00,0.000000000000000000e+00
8.052486750013849814e+01,0.000000000000000000e+00,0.000000000000000000e+00
7.987001038723848012e+01,0.000000000000000000e+00,0.000000000000000000e+00
8.037704131250710304e+01,0.000000000000000000e+00,0.000000000000000000e+00
8.089264234732316083e+01,0.000000000000000000e+00,0.000000000000000000e+00
7.953408781722285426e+01,0.000000000000000000e+00,0.000000000000000000e+00
7.564451340935021051e+01,0.000000000000000000e+00,0.000000000000000000e+00
7.976399688540584521e+01,0.000000000000000000e+00,0.000000000000000000e+00
7.853068678892233834e+01,0.000000000000000000e+00,0.000000000000000000e+00
7.987141945533755916e+01,0.000000000000000000e+00,0.000000000000000000e+00
8.098580216635214413e+01,0.000000000000000000e+00,0.000000000000000000e+00
8.048754151872657303e+01,0.000000000000000000e+00,0.000000000000000000e+00
7.581977137597441185e+01,0.000000000000000000e+00,0.000000000000000000e+00
8.235176911656657239e+01,0.000000000000000000e+00,0.000000000000000000e+00
8.329825708325169842e+01,0.000000000000000000e+00,0.000000000000000000e+00
7.937586823878356768e+01,0.000000000000000000e+00,0.000000000000000000e+00
8.038638688831012757e+01,0.000000000000000000e+00,0.000000000000000000e+00
7.945987597712775141e+01,0.000000000000000000e+00,0.000000000000000000e+00
7.932560375318024626e+01,0.000000000000000000e+00,0.000000000000000000e+00
7.786407665774223119e+01,0.000000000000000000e+00,0.000000000000000000e+00
7.727955433062557233e+01,0.000000000000000000e+00,0.000000000000000000e+00
7.768232575741149049e+01,0.000000000000000000e+00,0.000000000000000000e+00
7.754959157446685936e+01,0.000000000000000000e+00,0.000000000000000000e+00
7.795554495463399292e+01,0.000000000000000000e+00,0.000000000000000000e+00
7.995011488897044671e+01,0.000000000000000000e+00,0.000000000000000000e+00
8.115347596489409909e+01,0.000000000000000000e+00,0.000000000000000000e+00
7.876311330821951628e+01,0.000000000000000000e+00,0.000000000000000000e+00
7.778251293985184134e+01,0.000000000000000000e+00,0.000000000000000000e+00
7.957867692553712402e+01,0.000000000000000000e+00,0.000000000000000000e+00
8.031322509860146397e+01,0.000000000000000000e+00,0.000000000000000000e+00
7.925139602687477236e+01,0.000000000000000000e+00,0.000000000000000000e+00
8.434898776701213308e+01,0.000000000000000000e+00,0.000000000000000000e+00
7.998673412650190073e+01,0.000000000000000000e+00,0.000000000000000000e+00
8.218878692804376840e+01,0.000000000000000000e+00,0.000000000000000000e+00
8.216066704434324208e+01,0.000000000000000000e+00,0.000000000000000000e+00
8.331621343442557759e+01,0.000000000000000000e+00,0.000000000000000000e+00
7.704159204824199492e+01,0.000000000000000000e+00,0.000000000000000000e+00
8.166870693288376515e+01,0.000000000000000000e+00,0.000000000000000000e+00
7.740497895775162362e+01,0.000000000000000000e+00,0.000000000000000000e+00
8.084219919110771002e+01,0.000000000000000000e+00,0.000000000000000000e+00
8.106533028128208684e+01,0.000000000000000000e+00,0.000000000000000000e+00
7.617457442661596190e+01,0.000000000000000000e+00,0.000000000000000000e+00
8.394425590091979927e+01,0.000000000000000000e+00,0.000000000000000000e+00
7.832583634279031060e+01,0.000000000000000000e+00,0.000000000000000000e+00
7.693391017203829563e+01,0.000000000000000000e+00,0.000000000000000000e+00
8.010667756175872967e+01,0.000000000000000000e+00,0.000000000000000000e+00
7.764115519427078027e+01,0.000000000000000000e+00,0.000000000000000000e+00
7.793714087011579750e+01,0.000000000000000000e+00,0.000000000000000000e+00
7.824808544916970732e+01,0.000000000000000000e+00,0.000000000000000000e+00
8.060225096620995089e+01,0.000000000000000000e+00,0.000000000000000000e+00
8.126322439894711636e+01,0.000000000000000000e+00,0.000000000000000000e+00
7.747460685378705136e+01,0.000000000000000000e+00,0.000000000000000000e+00
7.780273412122537025e+01,0.000000000000000000e+00,0.000000000000000000e+00
8.136228617127009954e+01,0.000000000000000000e+00,0.000000000000000000e+00
7.749162576669458247e+01,0.000000000000000000e+00,0.000000000000000000e+00
8.198266377464054244e+01,0.000000000000000000e+00,0.000000000000000000e+00
7.936416601694492101e+01,0.000000000000000000e+00,0.000000000000000000e+00
7.815123574268663731e+01,0.000000000000000000e+00,0.000000000000000000e+00
8.288169276529947638e+01,0.000000000000000000e+00,0.000000000000000000e+00
8.132164241490328038e+01,0.000000000000000000e+00,0.000000000000000000e+00
7.977196932813269825e+01,0.000000000000000000e+00,0.000000000000000000e+00
7.837825063198675934e+01,0.000000000000000000e+00,0.000000000000000000e+00
7.885236013487323703e+01,0.000000000000000000e+00,0.000000000000000000e+00
8.104572694849127856e+01,0.000000000000000000e+00,0.000000000000000000e+00
8.115898865332457035e+01,0.000000000000000000e+00,0.000000000000000000e+00
8.096930433179339559e+01,0.000000000000000000e+00,0.000000000000000000e+00
7.917504158629262179e+01,0.000000000000000000e+00,0.000000000000000000e+00
7.988130468362827230e+01,0.000000000000000000e+00,0.000000000000000000e+00
8.169237440326428157e+01,0.000000000000000000e+00,0.000000000000000000e+00
7.808250949854843270e+01,0.000000000000000000e+00,0.000000000000000000e+00
7.952475336900100444e+01,0.000000000000000000e+00,0.000000000000000000e+00
7.983445548388745294e+01,0.000000000000000000e+00,0.000000000000000000e+00
8.305977164437209126e+01,0.000000000000000000e+00,0.000000000000000000e+00
7.891440109190870089e+01,0.000000000000000000e+00,0.000000000000000000e+00
8.226967246544987233e+01,0.000000000000000000e+00,0.000000000000000000e+00
8.302952808795357953e+01,0.000000000000000000e+00,0.000000000000000000e+00
8.055951631603866758e+01,0.000000000000000000e+00,0.000000000000000000e+00
8.017883840361305658e+01,0.000000000000000000e+00,0.000000000000000000e+00
7.983211232490691600e+01,0.000000000000000000e+00,0.000000000000000000e+00
7.782636774698393367e+01,0.000000000000000000e+00,0.000000000000000000e+00
8.043019206161072532e+01,0.000000000000000000e+00,0.000000000000000000e+00
8.334897635927607951e+01,0.000000000000000000e+00,0.000000000000000000e+00
8.138712723071540722e+01,0.000000000000000000e+00,0.000000000000000000e+00
8.445399938794551531e+01,0.000000000000000000e+00,0.000000000000000000e+00
7.919571714944075325e+01,0.000000000000000000e+00,0.000000000000000000e+00
7.988026825395425590e+01,0.000000000000000000e+00,0.000000000000000000e+00
8.003191049213650388e+01,0.000000000000000000e+00,0.000000000000000000e+00
7.831424893918892849e+01,0.000000000000000000e+00,0.000000000000000000e+00
8.079382113520435382e+01,0.000000000000000000e+00,0.000000000000000000e+00
7.923030546821040332e+01,0.000000000000000000e+00,0.000000000000000000e+00
7.856480468302834197e+01,0.000000000000000000e+00,0.000000000000000000e+00
8.039831491397603713e+01,0.000000000000000000e+00,0.000000000000000000e+00
8.214443550539678540e+01,0.000000000000000000e+00,0.000000000000000000e+00
8.166059622656767658e+01,0.000000000000000000e+00,0.000000000000000000e+00
8.228625735586876999e+01,0.000000000000000000e+00,0.000000000000000000e+00
7.973293562499323173e+01,0.000000000000000000e+00,0.000000000000000000e+00
7.735684742388890811e+01,0.000000000000000000e+00,0.000000000000000000e+00
7.918645206575145323e+01,0.000000000000000000e+00,0.000000000000000000e+00
7.945452818409539475e+01,0.000000000000000000e+00,0.000000000000000000e+00
8.022386481265446889e+01,0.000000000000000000e+00,0.000000000000000000e+00
7.883991853158204322e+01,0.000000000000000000e+00,0.000000000000000000e+00
8.118178124887558056e+01,0.000000000000000000e+00,0.000000000000000000e+00
7.982176363162831478e+01,0.000000000000000000e+00,0.000000000000000000e+00
8.229811279620363962e+01,0.000000000000000000e+00,0.000000000000000000e+00
8.137084901010524618e+01,0.000000000000000000e+00,0.000000000000000000e+00
7.913574364948573248e+01,0.000000000000000000e+00,0.000000000000000000e+00
8.145001329834144599e+01,0.000000000000000000e+00,0.000000000000000000e+00
8.156025349250300849e+01,0.000000000000000000e+00,0.000000000000000000e+00
7.726014031460250919e+01,0.000000000000000000e+00,0.000000000000000000e+00
7.890342012317502451e+01,0.000000000000000000e+00,0.000000000000000000e+00
7.799627691276569408e+01,0.000000000000000000e+00,0.000000000000000000e+00
7.895013247907544951e+01,0.000000000000000000e+00,0.000000000000000000e+00
7.822007233429013695e+01,0.000000000000000000e+00,0.000000000000000000e+00
7.866569233900780489e+01,0.000000000000000000e+00,0.000000000000000000e+00
8.291778107621215099e+01,0.000000000000000000e+00,0.000000000000000000e+00
8.131862040163807137e+01,0.000000000000000000e+00,0.000000000000000000e+00
8.119602351339187862e+01,0.000000000000000000e+00,0.000000000000000000e+00
8.252217776477114342e+01,0.000000000000000000e+00,0.000000000000000000e+00
7.982561099277840810e+01,0.000000000000000000e+00,0.000000000000000000e+00
7.595725699786962082e+01,0.000000000000000000e+00,0.000000000000000000e+00
8.034366709603507672e+01,0.000000000000000000e+00,0.000000000000000000e+00
7.823983850730209610e+01,0.000000000000000000e+00,0.000000000000000000e+00
8.041436023956241286e+01,0.000000000000000000e+00,0.000000000000000000e+00
7.960928595428291032e+01,0.000000000000000000e+00,0.000000000000000000e+00
8.021637239763819593e+01,0.000000000000000000e+00,0.000000000000000000e+00
8.394541885775385026e+01,0.000000000000000000e+00,0.000000000000000000e+00
8.257118243868541185e+01,0.000000000000000000e+00,0.000000000000000000e+00
7.726917791786033263e+01,0.000000000000000000e+00,0.000000000000000000e+00
7.926341548999992881e+01,0.000000000000000000e+00,0.000000000000000000e+00
8.173613117073780643e+01,0.000000000000000000e+00,0.000000000000000000e+00
8.152710083747737713e+01,0.000000000000000000e+00,0.000000000000000000e+00
8.096941908181801750e+01,0.000000000000000000e+00,0.000000000000000000e+00
7.463426678601737763e+01,0.000000000000000000e+00,0.000000000000000000e+00
8.056466215393605523e+01,0.000000000000000000e+00,0.000000000000000000e+00
8.122546201873736038e+01,0.000000000000000000e+00,0.000000000000000000e+00
7.818635789290715365e+01,0.000000000000000000e+00,0.000000000000000000e+00
7.389787609479331820e+01,0.000000000000000000e+00,0.000000000000000000e+00
7.734737892014186400e+01,0.000000000000000000e+00,0.000000000000000000e+00
7.981828025331822118e+01,0.000000000000000000e+00,0.000000000000000000e+00
7.991022773784500544e+01,0.000000000000000000e+00,0.000000000000000000e+00
7.866755851749458373e+01,0.000000000000000000e+00,0.000000000000000000e+00
7.988537029600556139e+01,0.000000000000000000e+00,0.000000000000000000e+00
7.897810793100508420e+01,0.000000000000000000e+00,0.000000000000000000e+00
8.314225040371216835e+01,0.000000000000000000e+00,0.000000000000000000e+00
8.143467724588319356e+01,0.000000000000000000e+00,0.000000000000000000e+00
7.863016653301042425e+01,0.000000000000000000e+00,0.000000000000000000e+00
7.726804122794949592e+01,0.000000000000000000e+00,0.000000000000000000e+00
7.744002230348922922e+01,0.000000000000000000e+00,0.000000000000000000e+00
8.262987309597573926e+01,0.000000000000000000e+00,0.000000000000000000e+00
7.806906770052206923e+01,0.000000000000000000e+00,0.000000000000000000e+00
8.092060756165578539e+01,0.000000000000000000e+00,0.000000000000000000e+00
7.801716874650193745e+01,0.000000000000000000e+00,0.000000000000000000e+00
8.000738615463450287e+01,0.000000000000000000e+00,0.000000000000000000e+00
7.820939506814306696e+01,0.000000000000000000e+00,0.000000000000000000e+00
7.856793089718510714e+01,0.000000000000000000e+00,0.000000000000000000e+00
7.681872814051787657e+01,0.000000000000000000e+00,0.000000000000000000e+00
7.914953502993013501e+01,0.000000000000000000e+00,0.000000000000000000e+00
8.063105800156051828e+01,0.000000000000000000e+00,0.000000000000000000e+00
7.679319456792558185e+01,0.000000000000000000e+00,0.000000000000000000e+00
7.676925088051000046e+01,0.000000000000000000e+00,0.000000000000000000e+00
7.949990073835517990e+01,0.000000000000000000e+00,0.000000000000000000e+00
7.745343204339539511e+01,0.000000000000000000e+00,0.000000000000000000e+00
7.951989014111057941e+01,0.000000000000000000e+00,0.000000000000000000e+00
7.751276763851204521e+01,0.000000000000000000e+00,0.000000000000000000e+00
7.891835831133217027e+01,0.000000000000000000e+00,0.000000000000000000e+00
7.956021141745486602e+01,0.000000000000000000e+00,0.000000000000000000e+00
7.602300421682460296e+01,0.000000000000000000e+00,0.000000000000000000e+00
7.789174151972484594e+01,0.000000000000000000e+00,0.000000000000000000e+00
8.196238993763728331e+01,0.000000000000000000e+00,0.000000000000000000e+00
7.882504153296567040e+01,0.000000000000000000e+00,0.000000000000000000e+00
7.826124566931085269e+01,0.000000000000000000e+00,0.000000000000000000e+00
7.590844992553718384e+01,0.000000000000000000e+00,0.000000000000000000e+00
7.787008458290654289e+01,0.000000000000000000e+00,0.000000000000000000e+00
7.961513786524636771e+01,0.000000000000000000e+00,0.000000000000000000e+00
8.002770029142904207e+01,0.000000000000000000e+00,0.000000000000000000e+00
8.090531266889837525e+01,0.000000000000000000e+00,0.000000000000000000e+00
8.119715355447334559e+01,0.000000000000000000e+00,0.000000000000000000e+00
8.019113459445367198e+01,0.000000000000000000e+00,0.000000000000000000e+00
7.945443654003376821e+01,0.000000000000000000e+00,0.000000000000000000e+00
8.040342778870974882e+01,0.000000000000000000e+00,0.000000000000000000e+00
7.810544134575530961e+01,0.000000000000000000e+00,0.000000000000000000e+00
8.134048306481658130e+01,0.000000000000000000e+00,0.000000000000000000e+00
7.514606551094460940e+01,0.000000000000000000e+00,0.000000000000000000e+00
7.802588740679580326e+01,0.000000000000000000e+00,0.000000000000000000e+00
8.370548320263091568e+01,0.000000000000000000e+00,0.000000000000000000e+00
7.956850277435221130e+01,0.000000000000000000e+00,0.000000000000000000e+00
7.932268240054102648e+01,0.000000000000000000e+00,0.000000000000000000e+00
8.226686386885806712e+01,0.000000000000000000e+00,0.000000000000000000e+00
7.466351169280659406e+01,0.000000000000000000e+00,0.000000000000000000e+00
7.914013782711298006e+01,0.000000000000000000e+00,0.000000000000000000e+00
8.017883854057224369e+01,0.000000000000000000e+00,0.000000000000000000e+00
7.926588168092209230e+01,0.000000000000000000e+00,0.000000000000000000e+00
7.951927598169513089e+01,0.000000000000000000e+00,0.000000000000000000e+00
8.103763396385039641e+01,0.000000000000000000e+00,0.000000000000000000e+00
7.834264450264574009e+01,0.000000000000000000e+00,0.000000000000000000e+00
7.761933758985979637e+01,0.000000000000000000e+00,0.000000000000000000e+00
7.951784586073274852e+01,0.000000000000000000e+00,0.000000000000000000e+00
7.940777030923842972e+01,0.000000000000000000e+00,0.000000000000000000e+00
7.899663044673246759e+01,0.000000000000000000e+00,0.000000000000000000e+00
7.826739679281440942e+01,0.000000000000000000e+00,0.000000000000000000e+00
8.237323453031864062e+01,0.000000000000000000e+00,0.000000000000000000e+00
7.804755925601988054e+01,0.000000000000000000e+00,0.000000000000000000e+00
7.899553451555914307e+01,0.000000000000000000e+00,0.000000000000000000e+00
8.042317960335444127e+01,0.000000000000000000e+00,0.000000000000000000e+00
7.740927127584308209e+01,0.000000000000000000e+00,0.000000000000000000e+00
7.795163567001020510e+01,0.000000000000000000e+00,0.000000000000000000e+00
7.882474914724726034e+01,0.000000000000000000e+00,0.000000000000000000e+00
7.791139719988589718e+01,0.000000000000000000e+00,0.000000000000000000e+00
7.927404206323507196e+01,0.000000000000000000e+00,0.000000000000000000e+00
7.697486600597720496e+01,0.000000000000000000e+00,0.000000000000000000e+00
7.566726253745169117e+01,0.000000000000000000e+00,0.000000000000000000e+00
8.101483916965896981e+01,0.000000000000000000e+00,0.000000000000000000e+00
7.699710892797946826e+01,0.000000000000000000e+00,0.000000000000000000e+00
7.651795907216708770e+01,0.000000000000000000e+00,0.000000000000000000e+00
7.516571887327053503e+01,0.000000000000000000e+00,0.000000000000000000e+00
7.862174720036669839e+01,0.000000000000000000e+00,0.000000000000000000e+00
7.794414380281925503e+01,0.000000000000000000e+00,0.000000000000000000e+00
7.816168240201514550e+01,0.000000000000000000e+00,0.000000000000000000e+00
7.924542905155189487e+01,0.000000000000000000e+00,0.000000000000000000e+00
8.018369043277093056e+01,0.000000000000000000e+00,0.000000000000000000e+00
7.534441468400561348e+01,0.000000000000000000e+00,0.000000000000000000e+00
7.863292121869622520e+01,0.000000000000000000e+00,0.000000000000000000e+00
7.447010018938728138e+01,0.000000000000000000e+00,0.000000000000000000e+00
7.710997142255374115e+01,0.000000000000000000e+00,0.000000000000000000e+00
7.373793548084728400e+01,0.000000000000000000e+00,0.000000000000000000e+00
7.693130127318997324e+01,0.000000000000000000e+00,0.000000000000000000e+00
7.612644267055590319e+01,0.000000000000000000e+00,0.000000000000000000e+00
7.860451445016229854e+01,0.000000000000000000e+00,0.000000000000000000e+00
7.653309060360656702e+01,0.000000000000000000e+00,0.000000000000000000e+00
7.846065072568774212e+01,0.000000000000000000e+00,0.000000000000000000e+00
7.832277433979109560e+01,0.000000000000000000e+00,0.000000000000000000e+00
7.824670299662761863e+01,0.000000000000000000e+00,0.000000000000000000e+00
7.754007707991459597e+01,0.000000000000000000e+00,0.000000000000000000e+00
7.856295382004509520e+01,0.000000000000000000e+00,0.000000000000000000e+00
7.825036243020907989e+01,0.000000000000000000e+00,0.000000000000000000e+00
7.768202518319029082e+01,0.000000000000000000e+00,0.000000000000000000e+00
7.692210517661028746e+01,0.000000000000000000e+00,0.000000000000000000e+00
7.469468770922743772e+01,0.000000000000000000e+00,0.000000000000000000e+00
7.471185777070887468e+01,0.000000000000000000e+00,0.000000000000000000e+00
8.142709185029161745e+01,0.000000000000000000e+00,0.000000000000000000e+00
7.543907594953454065e+01,0.000000000000000000e+00,0.000000000000000000e+00
7.724489326528170352e+01,0.000000000000000000e+00,0.000000000000000000e+00
7.401962496378263268e+01,0.000000000000000000e+00,0.000000000000000000e+00
7.987316746231104503e+01,0.000000000000000000e+00,0.000000000000000000e+00
7.393485446724091048e+01,0.000000000000000000e+00,0.000000000000000000e+00
7.418328987241106631e+01,0.000000000000000000e+00,0.000000000000000000e+00
7.924013027620358685e+01,0.000000000000000000e+00,0.000000000000000000e+00
7.768381046010586033e+01,0.000000000000000000e+00,0.000000000000000000e+00
7.577203975819729465e+01,0.000000000000000000e+00,0.000000000000000000e+00
7.676938982158570468e+01,0.000000000000000000e+00,0.000000000000000000e+00
7.682965086717140935e+01,0.000000000000000000e+00,0.000000000000000000e+00
7.915895277873524094e+01,0.000000000000000000e+00,0.000000000000000000e+00
7.448932083755668998e+01,0.000000000000000000e+00,0.000000000000000000e+00
7.562254153964943271e+01,0.000000000000000000e+00,0.000000000000000000e+00
7.240919211744960649e+01,0.000000000000000000e+00,0.000000000000000000e+00
7.802782535758912275e+01,0.000000000000000000e+00,0.000000000000000000e+00
7.512618548467978030e+01,0.000000000000000000e+00,0.000000000000000000e+00
7.523998644144531056e+01,0.000000000000000000e+00,0.000000000000000000e+00
7.591035146824718538e+01,0.000000000000000000e+00,0.000000000000000000e+00
7.848714712511441860e+01,0.000000000000000000e+00,0.000000000000000000e+00
7.975878714287802040e+01,0.000000000000000000e+00,0.000000000000000000e+00
7.506811148193541783e+01,0.000000000000000000e+00,0.000000000000000000e+00
7.612703532012513108e+01,0.000000000000000000e+00,0.000000000000000000e+00
7.611600429300854387e+01,0.000000000000000000e+00,0.000000000000000000e+00
7.577543064092388647e+01,0.000000000000000000e+00,0.000000000000000000e+00
7.552681884011316527e+01,0.000000000000000000e+00,0.000000000000000000e+00
7.205331956855359010e+01,0.000000000000000000e+00,0.000000000000000000e+00
7.594150007853227180e+01,0.000000000000000000e+00,0.000000000000000000e+00
7.348787231054103586e+01,0.000000000000000000e+00,0.000000000000000000e+00
8.003288799141705567e+01,0.000000000000000000e+00,0.000000000000000000e+00
7.680049501925292077e+01,0.000000000000000000e+00,0.000000000000000000e+00
7.711559840411482014e+01,0.000000000000000000e+00,0.000000000000000000e+00
7.871147136481535256e+01,0.000000000000000000e+00,0.000000000000000000e+00
7.152837929346000578e+01,0.000000000000000000e+00,0.000000000000000000e+00
7.949636526627624278e+01,0.000000000000000000e+00,0.000000000000000000e+00
7.613074664183419316e+01,0.000000000000000000e+00,0.000000000000000000e+00
7.428645767216517015e+01,0.000000000000000000e+00,0.000000000000000000e+00
7.706181942530115236e+01,0.000000000000000000e+00,0.000000000000000000e+00
7.685915764320880328e+01,0.000000000000000000e+00,0.000000000000000000e+00
7.607285637445417592e+01,0.000000000000000000e+00,0.000000000000000000e+00
7.500691504533524778e+01,0.000000000000000000e+00,0.000000000000000000e+00
7.410426808219683892e+01,0.000000000000000000e+00,0.000000000000000000e+00
7.418582238714108712e+01,0.000000000000000000e+00,0.000000000000000000e+00
7.534240279206697721e+01,0.000000000000000000e+00,0.000000000000000000e+00
7.955974556280597199e+01,0.000000000000000000e+00,0.000000000000000000e+00
7.473279848280354543e+01,0.000000000000000000e+00,0.000000000000000000e+00
7.731632052546279965e+01,0.000000000000000000e+00,0.000000000000000000e+00
7.312199343393591278e+01,0.000000000000000000e+00,0.000000000000000000e+00
7.391811172799808105e+01,0.000000000000000000e+00,0.000000000000000000e+00
7.373626914358186468e+01,0.000000000000000000e+00,0.000000000000000000e+00
7.607796753140368651e+01,0.000000000000000000e+00,0.000000000000000000e+00
7.687425805546500612e+01,0.000000000000000000e+00,0.000000000000000000e+00
7.119013085360835191e+01,0.000000000000000000e+00,0.000000000000000000e+00
7.807464169749282235e+01,0.000000000000000000e+00,0.000000000000000000e+00
7.410240053621737388e+01,0.000000000000000000e+00,0.000000000000000000e+00
7.431183199599914246e+01,0.000000000000000000e+00,0.000000000000000000e+00
7.560146662734628364e+01,0.000000000000000000e+00,0.000000000000000000e+00
7.312179661016354260e+01,0.000000000000000000e+00,0.000000000000000000e+00
7.265608812119623394e+01,0.000000000000000000e+00,0.000000000000000000e+00
7.187071642061192733e+01,0.000000000000000000e+00,0.000000000000000000e+00
7.406096681245473690e+01,0.000000000000000000e+00,0.000000000000000000e+00
7.519936243646019136e+01,0.000000000000000000e+00,0.000000000000000000e+00
7.599514340818932112e+01,0.000000000000000000e+00,0.000000000000000000e+00
7.490035593960807603e+01,0.000000000000000000e+00,0.000000000000000000e+00
7.250001193108724351e+01,0.000000000000000000e+00,0.000000000000000000e+00
7.480900413529705872e+01,0.000000000000000000e+00,0.000000000000000000e+00
7.008332126746948632e+01,0.000000000000000000e+00,0.000000000000000000e+00
7.162521224355347726e+01,0.000000000000000000e+00,0.000000000000000000e+00
7.305468981846384224e+01,0.000000000000000000e+00,0.000000000000000000e+00
7.301967556450917129e+01,0.000000000000000000e+00,0.000000000000000000e+00
7.370463763137288993e+01,0.000000000000000000e+00,0.000000000000000000e+00
7.447346977181979355e+01,0.000000000000000000e+00,0.000000000000000000e+00
7.038847017647967164e+01,0.000000000000000000e+00,0.000000000000000000e+00
7.670023399806163411e+01,0.000000000000000000e+00,0.000000000000000000e+00
6.829665064444236577e+01,0.000000000000000000e+00,0.000000000000000000e+00
7.583950902103860869e+01,0.000000000000000000e+00,0.000000000000000000e+00
7.235399429417603301e+01,0.000000000000000000e+00,0.000000000000000000e+00
7.318405066197655628e+01,0.000000000000000000e+00,0.000000000000000000e+00
7.409474597976056032e+01,0.000000000000000000e+00,0.000000000000000000e+00
7.666299633328260654e+01,0.000000000000000000e+00,0.000000000000000000e+00
7.005465929026948402e+01,0.000000000000000000e+00,0.000000000000000000e+00
7.362224714790697533e+01,0.000000000000000000e+00,0.000000000000000000e+00
7.600069837486707058e+01,0.000000000000000000e+00,0.000000000000000000e+00
7.234122634048927125e+01,0.000000000000000000e+00,0.000000000000000000e+00
7.297082107180925448e+01,0.000000000000000000e+00,0.000000000000000000e+00
7.422638433810917036e+01,0.000000000000000000e+00,0.000000000000000000e+00
7.240304842690710529e+01,0.000000000000000000e+00,0.000000000000000000e+00
7.191008369136378064e+01,0.000000000000000000e+00,0.000000000000000000e+00
6.898653712484816936e+01,0.000000000000000000e+00,0.000000000000000000e+00
7.319917932937589455e+01,0.000000000000000000e+00,0.000000000000000000e+00
7.539045289401681771e+01,0.000000000000000000e+00,0.000000000000000000e+00
7.030475217222716822e+01,0.000000000000000000e+00,0.000000000000000000e+00
7.393641666458462680e+01,0.000000000000000000e+00,0.000000000000000000e+00
7.135243976389749321e+01,0.000000000000000000e+00,0.000000000000000000e+00
7.112112704961587895e+01,0.000000000000000000e+00,0.000000000000000000e+00
7.327631364103621081e+01,0.000000000000000000e+00,0.000000000000000000e+00
7.156647406083834539e+01,0.000000000000000000e+00,0.000000000000000000e+00
7.816872418897557395e+01,0.000000000000000000e+00,0.000000000000000000e+00
7.073544302667150419e+01,0.000000000000000000e+00,0.000000000000000000e+00
6.885346645569531177e+01,0.000000000000000000e+00,0.000000000000000000e+00
7.227946689048597761e+01,0.000000000000000000e+00,0.000000000000000000e+00
7.037447253897359190e+01,0.000000000000000000e+00,0.000000000000000000e+00
7.533534480309828041e+01,0.000000000000000000e+00,0.000000000000000000e+00
7.294827394223743511e+01,0.000000000000000000e+00,0.000000000000000000e+00
6.910111722753357810e+01,0.000000000000000000e+00,0.000000000000000000e+00
7.455477873902719921e+01,0.000000000000000000e+00,0.000000000000000000e+00
6.783993256785873882e+01,0.000000000000000000e+00,0.000000000000000000e+00
6.972182448649876108e+01,0.000000000000000000e+00,0.000000000000000000e+00
6.789124229558744616e+01,0.000000000000000000e+00,0.000000000000000000e+00
7.263295263311808014e+01,0.000000000000000000e+00,0.000000000000000000e+00
6.846224522308244786e+01,0.000000000000000000e+00,0.000000000000000000e+00
7.383129993533175650e+01,0.000000000000000000e+00,0.000000000000000000e+00
7.048599300232831411e+01,0.000000000000000000e+00,0.000000000000000000e+00
6.409105743465318028e+01,0.000000000000000000e+00,0.000000000000000000e+00
7.112442015464336009e+01,0.000000000000000000e+00,0.000000000000000000e+00
7.381714983917798634e+01,0.000000000000000000e+00,0.000000000000000000e+00
7.109874326239190623e+01,0.000000000000000000e+00,0.000000000000000000e+00
7.022280077027211576e+01,0.000000000000000000e+00,0.000000000000000000e+00
7.038952207666883965e+01,0.000000000000000000e+00,0.000000000000000000e+00
6.934409610939663082e+01,0.000000000000000000e+00,0.000000000000000000e+00
7.311006554463558871e+01,0.000000000000000000e+00,0.000000000000000000e+00
6.873474668399862253e+01,0.000000000000000000e+00,0.000000000000000000e+00
6.949326894996839599e+01,0.000000000000000000e+00,0.000000000000000000e+00
7.040838191451604189e+01,0.000000000000000000e+00,0.000000000000000000e+00
7.159548302352952476e+01,0.000000000000000000e+00,0.000000000000000000e+00
7.610746669465069658e+01,0.000000000000000000e+00,0.000000000000000000e+00
7.101327745065430008e+01,0.000000000000000000e+00,0.000000000000000000e+00
7.044608049469096045e+01,0.000000000000000000e+00,0.000000000000000000e+00
6.766110246150498142e+01,0.000000000000000000e+00,0.000000000000000000e+00
7.160801884220417435e+01,0.000000000000000000e+00,0.000000000000000000e+00
6.626407898052350731e+01,0.000000000000000000e+00,0.000000000000000000e+00
7.172132066800736538e+01,0.000000000000000000e+00,0.000000000000000000e+00
7.142674408489547488e+01,0.000000000000000000e+00,0.000000000000000000e+00
6.897251370003468196e+01,0.000000000000000000e+00,0.000000000000000000e+00
7.240519594215358268e+01,0.000000000000000000e+00,0.000000000000000000e+00
7.005670825321628570e+01,0.000000000000000000e+00,0.000000000000000000e+00
6.779958350627747166e+01,0.000000000000000000e+00,0.000000000000000000e+00
7.099890194738173932e+01,0.000000000000000000e+00,0.000000000000000000e+00
7.021749070706421492e+01,0.000000000000000000e+00,0.000000000000000000e+00
7.078427018181197639e+01,0.000000000000000000e+00,0.000000000000000000e+00
7.099748859182840022e+01,0.000000000000000000e+00,0.000000000000000000e+00
7.136416968557095686e+01,0.000000000000000000e+00,0.000000000000000000e+00
6.822950102944517425e+01,0.000000000000000000e+00,0.000000000000000000e+00
6.983795535567283252e+01,0.000000000000000000e+00,0.000000000000000000e+00
6.914324827726480294e+01,0.000000000000000000e+00,0.000000000000000000e+00
7.226216825913438413e+01,0.000000000000000000e+00,0.000000000000000000e+00
6.995720571695524370e+01,0.000000000000000000e+00,0.000000000000000000e+00
6.896991430348097651e+01,0.000000000000000000e+00,0.000000000000000000e+00
6.953942831150972381e+01,0.000000000000000000e+00,0.000000000000000000e+00
7.030967736632284470e+01,0.000000000000000000e+00,0.000000000000000000e+00
6.761220866980340816e+01,0.000000000000000000e+00,0.000000000000000000e+00
6.839036215825149156e+01,0.000000000000000000e+00,0.000000000000000000e+00
7.068747706127220454e+01,0.000000000000000000e+00,0.000000000000000000e+00
7.132377136673957807e+01,0.000000000000000000e+00,0.000000000000000000e+00
6.626457951677603830e+01,0.000000000000000000e+00,0.000000000000000000e+00
6.854254078382685123e+01,0.000000000000000000e+00,0.000000000000000000e+00
6.760335117117779191e+01,0.000000000000000000e+00,0.000000000000000000e+00
7.058314627210246783e+01,0.000000000000000000e+00,0.000000000000000000e+00
6.987317388419859299e+01,0.000000000000000000e+00,0.000000000000000000e+00
6.634713708520018827e+01,0.000000000000000000e+00,0.000000000000000000e+00
7.044264456350930459e+01,0.000000000000000000e+00,0.000000000000000000e+00
6.476210179897074681e+01,0.000000000000000000e+00,0.000000000000000000e+00
6.531234257329712989e+01,0.000000000000000000e+00,0.000000000000000000e+00
6.845814716002497846e+01,0.000000000000000000e+00,0.000000000000000000e+00
6.982314333860377076e+01,0.000000000000000000e+00,0.000000000000000000e+00
6.994248107396184366e+01,0.000000000000000000e+00,0.000000000000000000e+00
6.703996095502397168e+01,0.000000000000000000e+00,0.000000000000000000e+00
6.407749893767947924e+01,0.000000000000000000e+00,0.000000000000000000e+00
6.433013851349754475e+01,0.000000000000000000e+00,0.000000000000000000e+00
6.636932192864989588e+01,0.000000000000000000e+00,0.000000000000000000e+00
6.366151620034076331e+01,0.000000000000000000e+00,0.000000000000000000e+00
6.737149595979111893e+01,0.000000000000000000e+00,0.000000000000000000e+00
6.897012726771201585e+01,0.000000000000000000e+00,0.000000000000000000e+00
6.983197099735029667e+01,0.000000000000000000e+00,0.000000000000000000e+00
6.787537721202478735e+01,0.000000000000000000e+00,0.000000000000000000e+00
6.571315192839631436e+01,0.000000000000000000e+00,0.000000000000000000e+00
6.887488766624055359e+01,0.000000000000000000e+00,0.000000000000000000e+00
6.386768763903498325e+01,0.000000000000000000e+00,0.000000000000000000e+00
6.686776127164965544e+01,0.000000000000000000e+00,0.000000000000000000e+00
6.706362600191702938e+01,0.000000000000000000e+00,0.000000000000000000e+00
6.245602259201169915e+01,0.000000000000000000e+00,0.000000000000000000e+00
6.809550225727629424e+01,0.000000000000000000e+00,0.000000000000000000e+00
6.522210899017187558e+01,0.000000000000000000e+00,0.000000000000000000e+00
6.823510601079374283e+01,0.000000000000000000e+00,0.000000000000000000e+00
6.375642520544186453e+01,0.000000000000000000e+00,0.000000000000000000e+00
6.521643728706658294e+01,0.000000000000000000e+00,0.000000000000000000e+00
6.680013858279211547e+01,0.000000000000000000e+00,0.000000000000000000e+00
6.629777968751928086e+01,0.000000000000000000e+00,0.000000000000000000e+00
6.928916093948654975e+01,0.000000000000000000e+00,0.000000000000000000e+00
6.706179716990959605e+01,0.000000000000000000e+00,0.000000000000000000e+00
6.675307536503861172e+01,0.000000000000000000e+00,0.000000000000000000e+00
6.648885669816560551e+01,0.000000000000000000e+00,0.000000000000000000e+00
6.102744012217617353e+01,0.000000000000000000e+00,0.000000000000000000e+00
6.944828343322674868e+01,0.000000000000000000e+00,0.000000000000000000e+00
6.447086937266355733e+01,0.000000000000000000e+00,0.000000000000000000e+00
6.491522820153529949e+01,0.000000000000000000e+00,0.000000000000000000e+00
7.082322583390569548e+01,0.000000000000000000e+00,0.000000000000000000e+00
6.553555850563053298e+01,0.000000000000000000e+00,0.000000000000000000e+00
6.889468781683372356e+01,0.000000000000000000e+00,0.000000000000000000e+00
6.459258973901837919e+01,0.000000000000000000e+00,0.000000000000000000e+00
6.511525223354320246e+01,0.000000000000000000e+00,0.000000000000000000e+00
6.654652748477309387e+01,0.000000000000000000e+00,0.000000000000000000e+00
6.523186047053745540e+01,0.000000000000000000e+00,0.000000000000000000e+00
6.525354707948636701e+01,0.000000000000000000e+00,0.000000000000000000e+00
6.415901596903211157e+01,0.000000000000000000e+00,0.000000000000000000e+00
6.703894695307978679e+01,0.000000000000000000e+00,0.000000000000000000e+00
6.792452354164458939e+01,0.000000000000000000e+00,0.000000000000000000e+00
6.503886010220433889e+01,0.000000000000000000e+00,0.000000000000000000e+00
6.251692720280492921e+01,0.000000000000000000e+00,0.000000000000000000e+00
6.354145219115033427e+01,0.000000000000000000e+00,0.000000000000000000e+00
6.540416138181377903e+01,0.000000000000000000e+00,0.000000000000000000e+00
6.240431432659052291e+01,0.000000000000000000e+00,0.000000000000000000e+00
6.606292671216964152e+01,0.000000000000000000e+00,0.000000000000000000e+00
6.646015979239010107e+01,0.000000000000000000e+00,0.000000000000000000e+00
6.918861877168842511e+01,0.000000000000000000e+00,0.000000000000000000e+00
6.457008629855563697e+01,0.000000000000000000e+00,0.000000000000000000e+00
6.146157248000802298e+01,0.000000000000000000e+00,0.000000000000000000e+00
6.465798887164065434e+01,0.000000000000000000e+00,0.000000000000000000e+00
6.418524700920551140e+01,0.000000000000000000e+00,0.000000000000000000e+00
6.464671707400964351e+01,0.000000000000000000e+00,0.000000000000000000e+00
6.469156911564475365e+01,0.000000000000000000e+00,0.000000000000000000e+00
6.473847879669305883e+01,0.000000000000000000e+00,0.000000000000000000e+00
6.777447035863647784e+01,0.000000000000000000e+00,0.000000000000000000e+00
6.166619432120862143e+01,0.000000000000000000e+00,0.000000000000000000e+00
6.535710050131673654e+01,0.000000000000000000e+00,0.000000000000000000e+00
5.959909866802657064e+01,0.000000000000000000e+00,0.000000000000000000e+00
6.644480698378174566e+01,0.000000000000000000e+00,0.000000000000000000e+00
6.096084415747526464e+01,0.000000000000000000e+00,0.000000000000000000e+00
6.280266642242143149e+01,0.000000000000000000e+00,0.000000000000000000e+00
6.126900590035952376e+01,0.000000000000000000e+00,0.000000000000000000e+00
6.406337404886129150e+01,0.000000000000000000e+00,0.000000000000000000e+00
6.262324210424939963e+01,0.000000000000000000e+00,0.000000000000000000e+00
6.657642255109368534e+01,0.000000000000000000e+00,0.000000000000000000e+00
6.076892447630013550e+01,0.000000000000000000e+00,0.000000000000000000e+00
6.238941717760069139e+01,0.000000000000000000e+00,0.000000000000000000e+00
6.201038535360946469e+01,0.000000000000000000e+00,0.000000000000000000e+00
6.448212184629402088e+01,0.000000000000000000e+00,0.000000000000000000e+00
6.200097675234209049e+01,0.000000000000000000e+00,0.000000000000000000e+00
6.435448568620807919e+01,0.000000000000000000e+00,0.000000000000000000e+00
6.309967014101249561e+01,0.000000000000000000e+00,0.000000000000000000e+00
6.051690343632257196e+01,0.000000000000000000e+00,0.000000000000000000e+00
6.211701331845645768e+01,0.000000000000000000e+00,0.000000000000000000e+00
6.480049668257603912e+01,0.000000000000000000e+00,0.000000000000000000e+00
6.151972781972229143e+01,0.000000000000000000e+00,0.000000000000000000e+00
6.046861958297485273e+01,0.000000000000000000e+00,0.000000000000000000e+00
6.261812300988624713e+01,0.000000000000000000e+00,0.000000000000000000e+00
6.063248910046876716e+01,0.000000000000000000e+00,0.000000000000000000e+00
6.383925138595198234e+01,0.000000000000000000e+00,0.000000000000000000e+00
6.003944951696440313e+01,0.000000000000000000e+00,0.000000000000000000e+00
6.487317207890539805e+01,0.000000000000000000e+00,0.000000000000000000e+00
6.119783157658017103e+01,0.000000000000000000e+00,0.000000000000000000e+00
6.204454764237301134e+01,0.000000000000000000e+00,0.000000000000000000e+00
6.065507099600664276e+01,0.000000000000000000e+00,0.000000000000000000e+00
6.249974472396399250e+01,0.000000000000000000e+00,0.000000000000000000e+00
6.249934598771824312e+01,0.000000000000000000e+00,0.000000000000000000e+00
6.227698353144491250e+01,0.000000000000000000e+00,0.000000000000000000e+00
6.610649342951701612e+01,0.000000000000000000e+00,0.000000000000000000e+00
6.454318459982334844e+01,0.000000000000000000e+00,0.000000000000000000e+00
5.956668464115002593e+01,0.000000000000000000e+00,0.000000000000000000e+00
6.298308882604548842e+01,0.000000000000000000e+00,0.000000000000000000e+00
6.124886674929727803e+01,0.000000000000000000e+00,0.000000000000000000e+00
5.868363826147758289e+01,0.000000000000000000e+00,0.000000000000000000e+00
6.076208855871307435e+01,0.000000000000000000e+00,0.000000000000000000e+00
6.110363844848871651e+01,0.000000000000000000e+00,0.000000000000000000e+00
6.377701702738553990e+01,0.000000000000000000e+00,0.000000000000000000e+00
6.188680362931114587e+01,0.000000000000000000e+00,0.000000000000000000e+00
5.904335714315953254e+01,0.000000000000000000e+00,0.000000000000000000e+00
6.391466490353015928e+01,0.000000000000000000e+00,0.000000000000000000e+00
6.276052718097402305e+01,0.000000000000000000e+00,0.000000000000000000e+00
6.292922569759862483e+01,0.000000000000000000e+00,0.000000000000000000e+00
6.092646057040384733e+01,0.000000000000000000e+00,0.000000000000000000e+00
5.834251289319060163e+01,0.000000000000000000e+00,0.000000000000000000e+00
6.214775038308064836e+01,0.000000000000000000e+00,0.000000000000000000e+00
6.234548829495353317e+01,0.000000000000000000e+00,0.000000000000000000e+00
6.249693871129066025e+01,0.000000000000000000e+00,0.000000000000000000e+00
6.062608689519873195e+01,0.000000000000000000e+00,0.000000000000000000e+00
5.922647411532724249e+01,0.000000000000000000e+00,0.000000000000000000e+00
5.907305560849063397e+01,0.000000000000000000e+00,0.000000000000000000e+00
6.108430524541518736e+01,0.000000000000000000e+00,0.000000000000000000e+00
6.131113474225740134e+01,0.000000000000000000e+00,0.000000000000000000e+00
6.163741753816407254e+01,0.000000000000000000e+00,0.000000000000000000e+00
5.711115123787861592e+01,0.000000000000000000e+00,0.000000000000000000e+00
5.619149271003442436e+01,0.000000000000000000e+00,0.000000000000000000e+00
5.981245799548479880e+01,0.000000000000000000e+00,0.000000000000000000e+00
6.102543535179556500e+01,0.000000000000000000e+00,0.000000000000000000e+00
6.095207120827534908e+01,0.000000000000000000e+00,0.000000000000000000e+00
5.700546191230203164e+01,0.000000000000000000e+00,0.000000000000000000e+00
5.790196728267640935e+01,0.000000000000000000e+00,0.000000000000000000e+00
5.748369045664663446e+01,0.000000000000000000e+00,0.000000000000000000e+00
5.942880223437448706e+01,0.000000000000000000e+00,0.000000000000000000e+00
5.775147736545535793e+01,0.000000000000000000e+00,0.000000000000000000e+00
6.195599837135542742e+01,0.000000000000000000e+00,0.000000000000000000e+00
6.051801921376134175e+01,0.000000000000000000e+00,0.000000000000000000e+00
5.976895335720450930e+01,0.000000000000000000e+00,0.000000000000000000e+00
5.815065309096642920e+01,0.000000000000000000e+00,0.000000000000000000e+00
5.998304790625412863e+01,0.000000000000000000e+00,0.000000000000000000e+00
6.034860196569219681e+01,0.000000000000000000e+00,0.000000000000000000e+00
5.828948387179758583e+01,0.000000000000000000e+00,0.000000000000000000e+00
5.779198309667486200e+01,0.000000000000000000e+00,0.000000000000000000e+00
5.716577431946851107e+01,0.000000000000000000e+00,0.000000000000000000e+00
5.718586730113104721e+01,0.000000000000000000e+00,0.000000000000000000e+00
5.510617774193142537e+01,0.000000000000000000e+00,0.000000000000000000e+00
5.862691855931522156e+01,0.000000000000000000e+00,0.000000000000000000e+00
5.942046302948963898e+01,0.000000000000000000e+00,0.000000000000000000e+00
5.783347704535605516e+01,0.000000000000000000e+00,0.000000000000000000e+00
5.856401615395583349e+01,0.000000000000000000e+00,0.000000000000000000e+00
5.622633646126224249e+01,0.000000000000000000e+00,0.000000000000000000e+00
5.633176892178381223e+01,0.000000000000000000e+00,0.000000000000000000e+00
5.632865385989185114e+01,0.000000000000000000e+00,0.000000000000000000e+00
5.929823765693388538e+01,0.000000000000000000e+00,0.000000000000000000e+00
5.614861050253939112e+01,0.000000000000000000e+00,0.000000000000000000e+00
5.616425136256328443e+01,0.000000000000000000e+00,0.000000000000000000e+00
5.761622812637303070e+01,0.000000000000000000e+00,0.000000000000000000e+00
5.767073120824208843e+01,0.000000000000000000e+00,0.000000000000000000e+00
5.704129207814535363e+01,0.000000000000000000e+00,0.000000000000000000e+00
5.991088351706092396e+01,0.000000000000000000e+00,0.000000000000000000e+00
5.949897167343839044e+01,0.000000000000000000e+00,0.000000000000000000e+00
5.472685464709688574e+01,0.000000000000000000e+00,0.000000000000000000e+00
5.811042253883006481e+01,0.000000000000000000e+00,0.000000000000000000e+00
5.711242525595100972e+01,0.000000000000000000e+00,0.000000000000000000e+00
5.810912559948246070e+01,0.000000000000000000e+00,0.000000000000000000e+00
5.521844100938770339e+01,0.000000000000000000e+00,0.000000000000000000e+00
5.778065826140267092e+01,0.000000000000000000e+00,0.000000000000000000e+00
5.476728988317435665e+01,0.000000000000000000e+00,0.000000000000000000e+00
5.627231081670540647e+01,0.000000000000000000e+00,0.000000000000000000e+00
5.423403688547568890e+01,0.000000000000000000e+00,0.000000000000000000e+00
5.510105983314697653e+01,0.000000000000000000e+00,0.000000000000000000e+00
5.513918466854633493e+01,0.000000000000000000e+00,0.000000000000000000e+00
5.835129946838920745e+01,0.000000000000000000e+00,0.000000000000000000e+00
5.336670482314930553e+01,0.000000000000000000e+00,0.000000000000000000e+00
5.886871309767439442e+01,0.000000000000000000e+00,0.000000000000000000e+00
5.611448330186615863e+01,0.000000000000000000e+00,0.000000000000000000e+00
5.828732142075774902e+01,0.000000000000000000e+00,0.000000000000000000e+00
5.503926627082633871e+01,0.000000000000000000e+00,0.000000000000000000e+00
5.688566874458680189e+01,0.000000000000000000e+00,0.000000000000000000e+00
5.401916262021909176e+01,0.000000000000000000e+00,0.000000000000000000e+00
5.600120176458322163e+01,0.000000000000000000e+00,0.000000000000000000e+00
5.178189449395824795e+01,0.000000000000000000e+00,0.000000000000000000e+00
5.392626901790718108e+01,0.000000000000000000e+00,0.000000000000000000e+00
5.305382109608337515e+01,0.000000000000000000e+00,0.000000000000000000e+00
5.416356478429123911e+01,0.000000000000000000e+00,0.000000000000000000e+00
5.177489447470927786e+01,0.000000000000000000e+00,0.000000000000000000e+00
5.755336021932448887e+01,0.000000000000000000e+00,0.000000000000000000e+00
5.308441923954337938e+01,0.000000000000000000e+00,0.000000000000000000e+00
5.652772757728482844e+01,0.000000000000000000e+00,0.000000000000000000e+00
5.262764505343988475e+01,0.000000000000000000e+00,0.000000000000000000e+00
5.325676974866119906e+01,0.000000000000000000e+00,0.000000000000000000e+00
5.575986421791106551e+01,0.000000000000000000e+00,0.000000000000000000e+00
5.737489821157774372e+01,0.000000000000000000e+00,0.000000000000000000e+00
5.243576799267369637e+01,0.000000000000000000e+00,0.000000000000000000e+00
5.703143219946568365e+01,0.000000000000000000e+00,0.000000000000000000e+00
5.382065513064135587e+01,0.000000000000000000e+00,0.000000000000000000e+00
5.717749089265531381e+01,0.000000000000000000e+00,0.000000000000000000e+00
5.651719070464805128e+01,0.000000000000000000e+00,0.000000000000000000e+00
5.294043072598442023e+01,0.000000000000000000e+00,0.000000000000000000e+00
5.323880224516975801e+01,0.000000000000000000e+00,0.000000000000000000e+00
5.219899613150531792e+01,0.000000000000000000e+00,0.000000000000000000e+00
5.521596527114208897e+01,0.000000000000000000e+00,0.000000000000000000e+00
5.614657845267551295e+01,0.000000000000000000e+00,0.000000000000000000e+00
5.523305609517340997e+01,0.000000000000000000e+00,0.000000000000000000e+00
5.810222933819354552e+01,0.000000000000000000e+00,0.000000000000000000e+00
5.291284475119274333e+01,0.000000000000000000e+00,0.000000000000000000e+00
4.907189940819279883e+01,0.000000000000000000e+00,0.000000000000000000e+00
5.473332612750979820e+01,0.000000000000000000e+00,0.000000000000000000e+00
5.456871816996618207e+01,0.000000000000000000e+00,0.000000000000000000e+00
5.501221466128399840e+01,0.000000000000000000e+00,0.000000000000000000e+00
5.366075567043662886e+01,0.000000000000000000e+00,0.000000000000000000e+00
5.412478393589410075e+01,0.000000000000000000e+00,0.000000000000000000e+00
5.222416009137087656e+01,0.000000000000000000e+00,0.000000000000000000e+00
5.266116591583739392e+01,0.000000000000000000e+00,0.000000000000000000e+00
5.419569902415672402e+01,0.000000000000000000e+00,0.000000000000000000e+00
5.524744697174758556e+01,0.000000000000000000e+00,0.000000000000000000e+00
5.543219691507373881e+01,0.000000000000000000e+00,0.000000000000000000e+00
4.751748059480671316e+01,0.000000000000000000e+00,0.000000000000000000e+00
5.463594896786862165e+01,0.000000000000000000e+00,0.000000000000000000e+00
4.970641407444975357e+01,0.000000000000000000e+00,0.000000000000000000e+00
5.174592352081597824e+01,0.000000000000000000e+00,0.000000000000000000e+00
5.605761700862840513e+01,0.000000000000000000e+00,0.000000000000000000e+00
5.194516786066161274e+01,0.000000000000000000e+00,0.000000000000000000e+00
5.510165276217678354e+01,0.000000000000000000e+00,0.000000000000000000e+00
5.434465187789403728e+01,0.000000000000000000e+00,0.000000000000000000e+00
5.014226568216915325e+01,0.000000000000000000e+00,0.000000000000000000e+00
5.050023967647077683e+01,0.000000000000000000e+00,0.000000000000000000e+00
5.211521753354366382e+01,0.000000000000000000e+00,0.000000000000000000e+00
5.523450190120023962e+01,0.000000000000000000e+00,0.000000000000000000e+00
5.112761227567991540e+01,0.000000000000000000e+00,0.000000000000000000e+00
5.643110814991212010e+01,0.000000000000000000e+00,0.000000000000000000e+00
5.178862164904193577e+01,0.000000000000000000e+00,0.000000000000000000e+00
5.343091263978140404e+01,0.000000000000000000e+00,0.000000000000000000e+00
4.959032211629978804e+01,0.000000000000000000e+00,0.000000000000000000e+00
5.177262216667367056e+01,0.000000000000000000e+00,0.000000000000000000e+00
5.337896691995076992e+01,0.000000000000000000e+00,0.000000000000000000e+00
5.364667283794606334e+01,0.000000000000000000e+00,0.000000000000000000e+00
5.270174844932168412e+01,0.000000000000000000e+00,0.000000000000000000e+00
5.300496329202094614e+01,0.000000000000000000e+00,0.000000000000000000e+00
4.909035412828957590e+01,0.000000000000000000e+00,0.000000000000000000e+00
5.181772936278521513e+01,0.000000000000000000e+00,0.000000000000000000e+00
4.763705331512969110e+01,0.000000000000000000e+00,0.000000000000000000e+00
5.218936891481435225e+01,0.000000000000000000e+00,0.000000000000000000e+00
5.159882715946966414e+01,0.000000000000000000e+00,0.000000000000000000e+00
5.325944272926223277e+01,0.000000000000000000e+00,0.000000000000000000e+00
5.036367385578580524e+01,0.000000000000000000e+00,0.000000000000000000e+00
5.077978550804051139e+01,0.000000000000000000e+00,0.000000000000000000e+00
4.890822537341543352e+01,0.000000000000000000e+00,0.000000000000000000e+00
4.971771247417918005e+01,0.000000000000000000e+00,0.000000000000000000e+00
5.171083317060406159e+01,0.000000000000000000e+00,0.000000000000000000e+00
5.292352238301779721e+01,0.000000000000000000e+00,0.000000000000000000e+00
4.903657958070547807e+01,0.000000000000000000e+00,0.000000000000000000e+00
4.881284930041569936e+01,0.000000000000000000e+00,0.000000000000000000e+00
5.027110616398056919e+01,0.000000000000000000e+00,0.000000000000000000e+00
5.275951065197623535e+01,0.000000000000000000e+00,0.000000000000000000e+00
4.968863677187719929e+01,0.000000000000000000e+00,0.000000000000000000e+00
4.490524602298420831e+01,0.000000000000000000e+00,0.000000000000000000e+00
4.969094605104903906e+01,0.000000000000000000e+00,0.000000000000000000e+00
4.689601014259382339e+01,0.000000000000000000e+00,0.000000000000000000e+00
4.705283021095124241e+01,0.000000000000000000e+00,0.000000000000000000e+00
5.075221594863593566e+01,0.000000000000000000e+00,0.000000000000000000e+00
5.236358474967021692e+01,0.000000000000000000e+00,0.000000000000000000e+00
5.141163274382216741e+01,0.000000000000000000e+00,0.000000000000000000e+00
4.853096504449516857e+01,0.000000000000000000e+00,0.000000000000000000e+00
4.563199496526299725e+01,0.000000000000000000e+00,0.000000000000000000e+00
4.612931819085179086e+01,0.000000000000000000e+00,0.000000000000000000e+00
5.206641252833659195e+01,0.000000000000000000e+00,0.000000000000000000e+00
4.902696668240124467e+01,0.000000000000000000e+00,0.000000000000000000e+00
4.788216126186103594e+01,0.000000000000000000e+00,0.000000000000000000e+00
4.631957626114269999e+01,0.000000000000000000e+00,0.000000000000000000e+00
4.948390915830725589e+01,0.000000000000000000e+00,0.000000000000000000e+00
4.515591742010557397e+01,0.000000000000000000e+00,0.000000000000000000e+00
4.859595544566167291e+01,0.000000000000000000e+00,0.000000000000000000e+00
5.043114117402409846e+01,0.000000000000000000e+00,0.000000000000000000e+00
4.847154932414530037e+01,0.000000000000000000e+00,0.000000000000000000e+00
4.723358434847318676e+01,0.000000000000000000e+00,0.000000000000000000e+00
4.598483046856410539e+01,0.000000000000000000e+00,0.000000000000000000e+00
4.625004779221412576e+01,0.000000000000000000e+00,0.000000000000000000e+00
4.659047621503010106e+01,0.000000000000000000e+00,0.000000000000000000e+00
4.778498467435851893e+01,0.000000000000000000e+00,0.000000000000000000e+00
5.227153634643415359e+01,0.000000000000000000e+00,0.000000000000000000e+00
4.378204921729691534e+01,0.000000000000000000e+00,0.000000000000000000e+00
4.535401199923330751e+01,0.000000000000000000e+00,0.000000000000000000e+00
4.783955750470289559e+01,0.000000000000000000e+00,0.000000000000000000e+00
4.809182972852270410e+01,0.000000000000000000e+00,0.000000000000000000e+00
4.435605031106079110e+01,0.000000000000000000e+00,0.000000000000000000e+00
4.798435920660087817e+01,0.000000000000000000e+00,0.000000000000000000e+00
4.585509967210793292e+01,0.000000000000000000e+00,0.000000000000000000e+00
4.658980224539253356e+01,0.000000000000000000e+00,0.000000000000000000e+00
4.350751504519937640e+01,0.000000000000000000e+00,0.000000000000000000e+00
4.398169299328077386e+01,0.000000000000000000e+00,0.000000000000000000e+00
4.479441100452150692e+01,0.000000000000000000e+00,0.000000000000000000e+00
4.226592956818885227e+01,0.000000000000000000e+00,0.000000000000000000e+00
4.817794719971536210e+01,0.000000000000000000e+00,0.000000000000000000e+00
4.132352194500388975e+01,0.000000000000000000e+00,0.000000000000000000e+00
4.711077315996652715e+01,0.000000000000000000e+00,0.000000000000000000e+00
4.743959382432051086e+01,0.000000000000000000e+00,0.000000000000000000e+00
4.719386722513701926e+01,0.000000000000000000e+00,0.000000000000000000e+00
4.866622821232630258e+01,0.000000000000000000e+00,0.000000000000000000e+00
4.435634201665519072e+01,0.000000000000000000e+00,0.000000000000000000e+00
4.435158011118577548e+01,0.000000000000000000e+00,0.000000000000000000e+00
4.652576728522530658e+01,0.000000000000000000e+00,0.000000000000000000e+00
4.370348349564037704e+01,0.000000000000000000e+00,0.000000000000000000e+00
4.712761592597924931e+01,0.000000000000000000e+00,0.000000000000000000e+00
4.400747239892576346e+01,0.000000000000000000e+00,0.000000000000000000e+00
4.374477926676411244e+01,0.000000000000000000e+00,0.000000000000000000e+00
4.544820037569379423e+01,0.000000000000000000e+00,0.000000000000000000e+00
4.664489928485347292e+01,0.000000000000000000e+00,0.000000000000000000e+00
4.548708468700301921e+01,0.000000000000000000e+00,0.000000000000000000e+00
4.628396505421197560e+01,0.000000000000000000e+00,0.000000000000000000e+00
4.647040903557650182e+01,0.000000000000000000e+00,0.000000000000000000e+00
4.549138543800931700e+01,0.000000000000000000e+00,0.000000000000000000e+00
4.384583208464162141e+01,0.000000000000000000e+00,0.000000000000000000e+00
4.894162205309451252e+01,0.000000000000000000e+00,0.000000000000000000e+00
4.088113165473735933e+01,0.000000000000000000e+00,0.000000000000000000e+00
4.551247901854724631e+01,0.000000000000000000e+00,0.000000000000000000e+00
4.720431332572292149e+01,0.000000000000000000e+00,0.000000000000000000e+00
4.661127994053364176e+01,0.000000000000000000e+00,0.000000000000000000e+00
4.386991295719449369e+01,0.000000000000000000e+00,0.000000000000000000e+00
4.620000294000267616e+01,0.000000000000000000e+00,0.000000000000000000e+00
4.102371652215652631e+01,0.000000000000000000e+00,0.000000000000000000e+00
4.321068990615862049e+01,0.000000000000000000e+00,0.000000000000000000e+00
4.385033534642855102e+01,0.000000000000000000e+00,0.000000000000000000e+00
4.946980906970206604e+01,0.000000000000000000e+00,0.000000000000000000e+00
4.513605794027566276e+01,0.000000000000000000e+00,0.000000000000000000e+00
4.714933965780064540e+01,0.000000000000000000e+00,0.000000000000000000e+00
4.524248953865765799e+01,0.000000000000000000e+00,0.000000000000000000e+00
3.757409565512047322e+01,0.000000000000000000e+00,0.000000000000000000e+00
4.346238515909034561e+01,0.000000000000000000e+00,0.000000000000000000e+00
3.994080549597514107e+01,0.000000000000000000e+00,0.000000000000000000e+00
4.208423933603465628e+01,0.000000000000000000e+00,0.000000000000000000e+00
4.206552906359946320e+01,0.000000000000000000e+00,0.000000000000000000e+00
4.117514012288413738e+01,0.000000000000000000e+00,0.000000000000000000e+00
3.889758427148557729e+01,0.000000000000000000e+00,0.000000000000000000e+00
4.036096027230018990e+01,0.000000000000000000e+00,0.000000000000000000e+00
4.204959201015652326e+01,0.000000000000000000e+00,0.000000000000000000e+00
4.114458079821932301e+01,0.000000000000000000e+00,0.000000000000000000e+00
4.343516716903260999e+01,0.000000000000000000e+00,0.000000000000000000e+00
4.381004764734635870e+01,0.000000000000000000e+00,0.000000000000000000e+00
4.529426237317343862e+01,0.000000000000000000e+00,0.000000000000000000e+00
4.097823508864597386e+01,0.000000000000000000e+00,0.000000000000000000e+00
4.073704782374034750e+01,0.000000000000000000e+00,0.000000000000000000e+00
4.201796266821281733e+01,0.000000000000000000e+00,0.000000000000000000e+00
4.382994617784736846e+01,0.000000000000000000e+00,0.000000000000000000e+00
4.385325970628651504e+01,0.000000000000000000e+00,0.000000000000000000e+00
4.095530248059411349e+01,0.000000000000000000e+00,0.000000000000000000e+00
4.137403896486170396e+01,0.000000000000000000e+00,0.000000000000000000e+00
4.320990619351615436e+01,0.000000000000000000e+00,0.000000000000000000e+00
4.502998458570171891e+01,0.000000000000000000e+00,0.000000000000000000e+00
4.269663876362153587e+01,0.000000000000000000e+00,0.000000000000000000e+00
4.094892346017222451e+01,0.000000000000000000e+00,0.000000000000000000e+00
3.910546257286539173e+01,0.000000000000000000e+00,0.000000000000000000e+00
4.097283860939215572e+01,0.000000000000000000e+00,0.000000000000000000e+00
4.296557991093401796e+01,0.000000000000000000e+00,0.000000000000000000e+00
4.313745281286778521e+01,0.000000000000000000e+00,0.000000000000000000e+00
4.599003646254174527e+01,0.000000000000000000e+00,0.000000000000000000e+00
4.005856031411762075e+01,0.000000000000000000e+00,0.000000000000000000e+00
3.924692846835296223e+01,0.000000000000000000e+00,0.000000000000000000e+00
4.257484196178507574e+01,0.000000000000000000e+00,0.000000000000000000e+00
3.841978574207455921e+01,0.000000000000000000e+00,0.000000000000000000e+00
4.167160725141881272e+01,0.000000000000000000e+00,0.000000000000000000e+00
4.043580753876620548e+01,0.000000000000000000e+00,0.000000000000000000e+00
4.214726767722970635e+01,0.000000000000000000e+00,0.000000000000000000e+00
4.001935102122174470e+01,0.000000000000000000e+00,0.000000000000000000e+00
4.173133747704244456e+01,0.000000000000000000e+00,0.000000000000000000e+00
4.182084064741166429e+01,0.000000000000000000e+00,0.000000000000000000e+00
3.982620113026363384e+01,0.000000000000000000e+00,0.000000000000000000e+00
3.840560498792210353e+01,0.000000000000000000e+00,0.000000000000000000e+00
4.019826579820487922e+01,0.000000000000000000e+00,0.000000000000000000e+00
4.015992963169902907e+01,0.000000000000000000e+00,0.000000000000000000e+00
3.920694943780284802e+01,0.000000000000000000e+00,0.000000000000000000e+00
4.000053490527746192e+01,0.000000000000000000e+00,0.000000000000000000e+00
4.055263892594663844e+01,0.000000000000000000e+00,0.000000000000000000e+00
4.080467359876528377e+01,0.000000000000000000e+00,0.000000000000000000e+00
4.013217688493393354e+01,0.000000000000000000e+00,0.000000000000000000e+00
3.906983203184903175e+01,0.000000000000000000e+00,0.000000000000000000e+00
3.769098287642075462e+01,0.000000000000000000e+00,0.000000000000000000e+00
4.125490921467349636e+01,0.000000000000000000e+00,0.000000000000000000e+00
3.974112940614234191e+01,0.000000000000000000e+00,0.000000000000000000e+00
4.099609123389657839e+01,0.000000000000000000e+00,0.000000000000000000e+00
3.995262345198494103e+01,0.000000000000000000e+00,0.000000000000000000e+00
4.134219804230129824e+01,0.000000000000000000e+00,0.000000000000000000e+00
3.584648432145981900e+01,0.000000000000000000e+00,0.000000000000000000e+00
3.572532899545721108e+01,0.000000000000000000e+00,0.000000000000000000e+00
4.054890401646339626e+01,0.000000000000000000e+00,0.000000000000000000e+00
3.989196772402151225e+01,0.000000000000000000e+00,0.000000000000000000e+00
4.058319787976301285e+01,0.000000000000000000e+00,0.000000000000000000e+00
3.898857730590860626e+01,0.000000000000000000e+00,0.000000000000000000e+00
3.772915161583383536e+01,0.000000000000000000e+00,0.000000000000000000e+00
3.997208314190856271e+01,0.000000000000000000e+00,0.000000000000000000e+00
3.593945362528757670e+01,0.000000000000000000e+00,0.000000000000000000e+00
3.884778086996048074e+01,0.000000000000000000e+00,0.000000000000000000e+00
3.747638454787757212e+01,0.000000000000000000e+00,0.000000000000000000e+00
3.840968510698674265e+01,0.000000000000000000e+00,0.000000000000000000e+00
3.855191836368474867e+01,0.000000000000000000e+00,0.000000000000000000e+00
4.049506326126628863e+01,0.000000000000000000e+00,0.000000000000000000e+00
3.547996888682666139e+01,0.000000000000000000e+00,0.000000000000000000e+00
3.565371961008359136e+01,0.000000000000000000e+00,0.000000000000000000e+00
4.008892787928299839e+01,0.000000000000000000e+00,0.000000000000000000e+00
4.185998224203957108e+01,0.000000000000000000e+00,0.000000000000000000e+00
3.644412133311269031e+01,0.000000000000000000e+00,0.000000000000000000e+00
3.699162001605078842e+01,0.000000000000000000e+00,0.000000000000000000e+00
3.661086628480289562e+01,0.000000000000000000e+00,0.000000000000000000e+00
3.980669268457994292e+01,0.000000000000000000e+00,0.000000000000000000e+00
3.579525590078704056e+01,0.000000000000000000e+00,0.000000000000000000e+00
3.463843283952216012e+01,0.000000000000000000e+00,0.000000000000000000e+00
3.810721599020975958e+01,0.000000000000000000e+00,0.000000000000000000e+00
3.823035102774775140e+01,0.000000000000000000e+00,0.000000000000000000e+00
3.726625314360567387e+01,0.000000000000000000e+00,0.000000000000000000e+00
3.686112069171862515e+01,0.000000000000000000e+00,0.000000000000000000e+00
4.084662063760985262e+01,0.000000000000000000e+00,0.000000000000000000e+00
3.658047286737286896e+01,0.000000000000000000e+00,0.000000000000000000e+00
3.850489376580512868e+01,0.000000000000000000e+00,0.000000000000000000e+00
3.575171565940190277e+01,0.000000000000000000e+00,0.000000000000000000e+00
3.547727334464750726e+01,0.000000000000000000e+00,0.000000000000000000e+00
3.495220836908644912e+01,0.000000000000000000e+00,0.000000000000000000e+00
3.731921254784550968e+01,0.000000000000000000e+00,0.000000000000000000e+00
3.783858808959420372e+01,0.000000000000000000e+00,0.000000000000000000e+00
3.720508454059539361e+01,0.000000000000000000e+00,0.000000000000000000e+00
3.954361944794678152e+01,0.000000000000000000e+00,0.000000000000000000e+00
3.500840192160273290e+01,0.000000000000000000e+00,0.000000000000000000e+00
3.528488010900304062e+01,0.000000000000000000e+00,0.000000000000000000e+00
3.384285198119729898e+01,0.000000000000000000e+00,0.000000000000000000e+00
3.471324724928994243e+01,0.000000000000000000e+00,0.000000000000000000e+00
3.691076441819824083e+01,0.000000000000000000e+00,0.000000000000000000e+00
3.533478929354860298e+01,0.000000000000000000e+00,0.000000000000000000e+00
3.534963390285090412e+01,0.000000000000000000e+00,0.000000000000000000e+00
3.356878358616713598e+01,0.000000000000000000e+00,0.000000000000000000e+00
3.680975704135715176e+01,0.000000000000000000e+00,0.000000000000000000e+00
3.850237939756384264e+01,0.000000000000000000e+00,0.000000000000000000e+00
3.676550703973170187e+01,0.000000000000000000e+00,0.000000000000000000e+00
3.571980434524882497e+01,0.000000000000000000e+00,0.000000000000000000e+00
3.418172602125716253e+01,0.000000000000000000e+00,0.000000000000000000e+00
3.517118882332128749e+01,0.000000000000000000e+00,0.000000000000000000e+00
3.551264177784339893e+01,0.000000000000000000e+00,0.000000000000000000e+00
3.737064576249641590e+01,0.000000000000000000e+00,0.000000000000000000e+00
3.619475617886354968e+01,0.000000000000000000e+00,0.000000000000000000e+00
3.389648938754623941e+01,0.000000000000000000e+00,0.000000000000000000e+00
3.567996135966087223e+01,0.000000000000000000e+00,0.000000000000000000e+00
3.616834548469508093e+01,0.000000000000000000e+00,0.000000000000000000e+00
3.134305316955809673e+01,0.000000000000000000e+00,0.000000000000000000e+00
3.466474002557108491e+01,0.000000000000000000e+00,0.000000000000000000e+00
3.358536652382421295e+01,0.000000000000000000e+00,0.000000000000000000e+00
3.705482090580294852e+01,0.000000000000000000e+00,0.000000000000000000e+00
3.324229590607857432e+01,0.000000000000000000e+00,0.000000000000000000e+00
3.368887854323586595e+01,0.000000000000000000e+00,0.000000000000000000e+00
3.509526669415325273e+01,0.000000000000000000e+00,0.000000000000000000e+00
3.504333911773381516e+01,0.000000000000000000e+00,0.000000000000000000e+00
3.601322435728904026e+01,0.000000000000000000e+00,0.000000000000000000e+00
3.336326201181048390e+01,0.000000000000000000e+00,0.000000000000000000e+00
3.625234931676682493e+01,0.000000000000000000e+00,0.000000000000000000e+00
3.378676154822370137e+01,0.000000000000000000e+00,0.000000000000000000e+00
3.667593078943923501e+01,0.000000000000000000e+00,0.000000000000000000e+00
3.599808170981263089e+01,0.000000000000000000e+00,0.000000000000000000e+00
3.706832065352379857e+01,0.000000000000000000e+00,0.000000000000000000e+00
3.453679113914802201e+01,0.000000000000000000e+00,0.000000000000000000e+00
3.444177877028781865e+01,0.000000000000000000e+00,0.000000000000000000e+00
3.386567211216747353e+01,0.000000000000000000e+00,0.000000000000000000e+00
3.608502087209419784e+01,0.000000000000000000e+00,0.000000000000000000e+00
3.145650105697571774e+01,0.000000000000000000e+00,0.000000000000000000e+00
3.679661537248912850e+01,0.000000000000000000e+00,0.000000000000000000e+00
3.182041260330924715e+01,0.000000000000000000e+00,0.000000000000000000e+00
3.337944678616712224e+01,0.000000000000000000e+00,0.000000000000000000e+00
3.020491387172594244e+01,0.000000000000000000e+00,0.000000000000000000e+00
3.074943421552695355e+01,0.000000000000000000e+00,0.000000000000000000e+00
3.359135690394293050e+01,0.000000000000000000e+00,0.000000000000000000e+00
3.508702562850788098e+01,0.000000000000000000e+00,0.000000000000000000e+00
3.393328773149814737e+01,0.000000000000000000e+00,0.000000000000000000e+00
3.456503780155484407e+01,0.000000000000000000e+00,0.000000000000000000e+00
2.959261603913483540e+01,0.000000000000000000e+00,0.000000000000000000e+00
2.929159639988785102e+01,0.000000000000000000e+00,0.000000000000000000e+00
3.341193043174210686e+01,0.000000000000000000e+00,0.000000000000000000e+00
3.234488939711237521e+01,0.000000000000000000e+00,0.000000000000000000e+00
3.137879377908862111e+01,0.000000000000000000e+00,0.000000000000000000e+00
3.510741856121042304e+01,0.000000000000000000e+00,0.000000000000000000e+00
3.218490753777219027e+01,0.000000000000000000e+00,0.000000000000000000e+00
3.092250792574188978e+01,0.000000000000000000e+00,0.000000000000000000e+00
3.634785622373801317e+01,0.000000000000000000e+00,0.000000000000000000e+00
3.110193345314429436e+01,0.000000000000000000e+00,0.000000000000000000e+00
3.097168671597688672e+01,0.000000000000000000e+00,0.000000000000000000e+00
3.260970632244137590e+01,0.000000000000000000e+00,0.000000000000000000e+00
2.964470690972752465e+01,0.000000000000000000e+00,0.000000000000000000e+00
3.364676951503371072e+01,0.000000000000000000e+00,0.000000000000000000e+00
3.482957235653508832e+01,0.000000000000000000e+00,0.000000000000000000e+00
3.427979189461027687e+01,0.000000000000000000e+00,0.000000000000000000e+00
2.739643356942859498e+01,0.000000000000000000e+00,0.000000000000000000e+00
3.025213812116255241e+01,0.000000000000000000e+00,0.000000000000000000e+00
2.950213278359683500e+01,0.000000000000000000e+00,0.000000000000000000e+00
2.996121350290255947e+01,0.000000000000000000e+00,0.000000000000000000e+00
3.358209081655844130e+01,0.000000000000000000e+00,0.000000000000000000e+00
3.048388025511413701e+01,0.000000000000000000e+00,0.000000000000000000e+00
3.090669285086164564e+01,0.000000000000000000e+00,0.000000000000000000e+00
3.454055101236541248e+01,0.000000000000000000e+00,0.000000000000000000e+00
3.039643998469697905e+01,0.000000000000000000e+00,0.000000000000000000e+00
3.349797990599773101e+01,0.000000000000000000e+00,0.000000000000000000e+00
3.232992362387594909e+01,0.000000000000000000e+00,0.000000000000000000e+00
3.310661640056116539e+01,0.000000000000000000e+00,0.000000000000000000e+00
3.291377567235362989e+01,0.000000000000000000e+00,0.000000000000000000e+00
3.054716979289785428e+01,0.000000000000000000e+00,0.000000000000000000e+00
3.139238660489820987e+01,0.000000000000000000e+00,0.000000000000000000e+00
3.126367077997277377e+01,0.000000000000000000e+00,0.000000000000000000e+00
3.264882441706603800e+01,0.000000000000000000e+00,0.000000000000000000e+00
3.138380478460056722e+01,0.000000000000000000e+00,0.000000000000000000e+00
2.902998385841993212e+01,0.000000000000000000e+00,0.000000000000000000e+00
3.291621224997920336e+01,0.000000000000000000e+00,0.000000000000000000e+00
3.058249548100411630e+01,0.000000000000000000e+00,0.000000000000000000e+00
3.218758640078220878e+01,0.000000000000000000e+00,0.000000000000000000e+00
2.813523707923176431e+01,0.000000000000000000e+00,0.000000000000000000e+00
3.031327333264432156e+01,0.000000000000000000e+00,0.000000000000000000e+00
3.264953547578029713e+01,0.000000000000000000e+00,0.000000000000000000e+00
3.411658073702293592e+01,0.000000000000000000e+00,0.000000000000000000e+00
2.853152907961007756e+01,0.000000000000000000e+00,0.000000000000000000e+00
3.073610801389048675e+01,0.000000000000000000e+00,0.000000000000000000e+00
3.089323873917346575e+01,0.000000000000000000e+00,0.000000000000000000e+00
3.138246325165723860e+01,0.000000000000000000e+00,0.000000000000000000e+00
2.858463645735215408e+01,0.000000000000000000e+00,0.000000000000000000e+00
2.858835740610014398e+01,0.000000000000000000e+00,0.000000000000000000e+00
3.216616166554314304e+01,0.000000000000000000e+00,0.000000000000000000e+00
3.374416940856742997e+01,0.000000000000000000e+00,0.000000000000000000e+00
2.421395512387829996e+01,0.000000000000000000e+00,0.000000000000000000e+00
2.758576878283428258e+01,0.000000000000000000e+00,0.000000000000000000e+00
3.087698442818455646e+01,0.000000000000000000e+00,0.000000000000000000e+00
2.761301770179153081e+01,0.000000000000000000e+00,0.000000000000000000e+00
3.202066203250932119e+01,0.000000000000000000e+00,0.000000000000000000e+00
2.947672794060687096e+01,0.000000000000000000e+00,0.000000000000000000e+00
3.050569491012995726e+01,0.000000000000000000e+00,0.000000000000000000e+00
3.155843416805374346e+01,0.000000000000000000e+00,0.000000000000000000e+00
2.851265148714448827e+01,0.000000000000000000e+00,0.000000000000000000e+00
2.892198935407632021e+01,0.000000000000000000e+00,0.000000000000000000e+00
3.403884092947419049e+01,0.000000000000000000e+00,0.000000000000000000e+00
2.941042605066559545e+01,0.000000000000000000e+00,0.000000000000000000e+00
2.876707498062706847e+01,0.000000000000000000e+00,0.000000000000000000e+00
3.118447120499289937e+01,0.000000000000000000e+00,0.000000000000000000e+00
2.822470575380602753e+01,0.000000000000000000e+00,0.000000000000000000e+00
2.933358516805041205e+01,0.000000000000000000e+00,0.000000000000000000e+00
2.728593554241624020e+01,0.000000000000000000e+00,0.000000000000000000e+00
2.955767246602275478e+01,0.000000000000000000e+00,0.000000000000000000e+00
2.365174408052790156e+01,0.000000000000000000e+00,0.000000000000000000e+00
3.273929681416602477e+01,0.000000000000000000e+00,0.000000000000000000e+00
2.638051253929270246e+01,0.000000000000000000e+00,0.000000000000000000e+00
3.033448866354695639e+01,0.000000000000000000e+00,0.000000000000000000e+00
2.820148507002494398e+01,0.000000000000000000e+00,0.000000000000000000e+00
2.225163886275792180e+01,0.000000000000000000e+00,0.000000000000000000e+00
2.774090235128224791e+01,0.000000000000000000e+00,0.000000000000000000e+00
2.630857236050050219e+01,0.000000000000000000e+00,0.000000000000000000e+00
2.810280778582487571e+01,0.000000000000000000e+00,0.000000000000000000e+00
2.774636797176200886e+01,0.000000000000000000e+00,0.000000000000000000e+00
2.860000107701171501e+01,0.000000000000000000e+00,0.000000000000000000e+00
2.548878043709078156e+01,0.000000000000000000e+00,0.000000000000000000e+00
2.182003977861785060e+01,0.000000000000000000e+00,0.000000000000000000e+00
2.733025114042564141e+01,0.000000000000000000e+00,0.000000000000000000e+00
2.400185813634712773e+01,0.000000000000000000e+00,0.000000000000000000e+00
2.720430124587365484e+01,0.000000000000000000e+00,0.000000000000000000e+00
2.527458587660050426e+01,0.000000000000000000e+00,0.000000000000000000e+00
3.002578244163890631e+01,0.000000000000000000e+00,0.000000000000000000e+00
3.075361698328907423e+01,0.000000000000000000e+00,0.000000000000000000e+00
2.637638588793964800e+01,0.000000000000000000e+00,0.000000000000000000e+00
2.622474573613705928e+01,0.000000000000000000e+00,0.000000000000000000e+00
2.694748700924873219e+01,0.000000000000000000e+00,0.000000000000000000e+00
2.843454745819284923e+01,0.000000000000000000e+00,0.000000000000000000e+00
2.566934834033226664e+01,0.000000000000000000e+00,0.000000000000000000e+00
2.691756764889216669e+01,0.000000000000000000e+00,0.000000000000000000e+00
2.538380225546656277e+01,0.000000000000000000e+00,0.000000000000000000e+00
2.953635432144865547e+01,0.000000000000000000e+00,0.000000000000000000e+00
2.874029116162236974e+01,0.000000000000000000e+00,0.000000000000000000e+00
3.138602500283766261e+01,0.000000000000000000e+00,0.000000000000000000e+00
3.002863929677937449e+01,0.000000000000000000e+00,0.000000000000000000e+00
2.502717507084941317e+01,0.000000000000000000e+00,0.000000000000000000e+00
2.662051271476215319e+01,0.000000000000000000e+00,0.000000000000000000e+00
2.625974240348706701e+01,0.000000000000000000e+00,0.000000000000000000e+00
2.529236953766417528e+01,0.000000000000000000e+00,0.000000000000000000e+00
2.730113253795815353e+01,0.000000000000000000e+00,0.000000000000000000e+00
2.848563153042421447e+01,0.000000000000000000e+00,0.000000000000000000e+00
2.641928036983586026e+01,0.000000000000000000e+00,0.000000000000000000e+00
2.495530512473012408e+01,0.000000000000000000e+00,0.000000000000000000e+00
2.834049931627365027e+01,0.000000000000000000e+00,0.000000000000000000e+00
2.375193684468911925e+01,0.000000000000000000e+00,0.000000000000000000e+00
2.794127461894814246e+01,0.000000000000000000e+00,0.000000000000000000e+00
2.769571771961922835e+01,0.000000000000000000e+00,0.000000000000000000e+00
2.374544215859818053e+01,0.000000000000000000e+00,0.000000000000000000e+00
2.527280442134751226e+01,0.000000000000000000e+00,0.000000000000000000e+00
2.495708542216110715e+01,0.000000000000000000e+00,0.000000000000000000e+00
2.645567924308982910e+01,0.000000000000000000e+00,0.000000000000000000e+00
2.513747534742040557e+01,0.000000000000000000e+00,0.000000000000000000e+00
2.703527804703329807e+01,0.000000000000000000e+00,0.000000000000000000e+00
2.743697154426792650e+01,0.000000000000000000e+00,0.000000000000000000e+00
2.614279971610334385e+01,0.000000000000000000e+00,0.000000000000000000e+00
2.946223207108285891e+01,0.000000000000000000e+00,0.000000000000000000e+00
2.829517426179094386e+01,0.000000000000000000e+00,0.000000000000000000e+00
3.053999817659352090e+01,0.000000000000000000e+00,0.000000000000000000e+00
3.008594571236156412e+01,0.000000000000000000e+00,0.000000000000000000e+00
2.605102856023104252e+01,0.000000000000000000e+00,0.000000000000000000e+00
2.319811955412493987e+01,0.000000000000000000e+00,0.000000000000000000e+00
2.380635746928155072e+01,0.000000000000000000e+00,0.000000000000000000e+00
2.590092851524996220e+01,0.000000000000000000e+00,0.000000000000000000e+00
2.650506764115585412e+01,0.000000000000000000e+00,0.000000000000000000e+00
2.925394606069360393e+01,0.000000000000000000e+00,0.000000000000000000e+00
2.490258128945161786e+01,0.000000000000000000e+00,0.000000000000000000e+00
2.668785973592155614e+01,0.000000000000000000e+00,0.000000000000000000e+00
2.437468004561313606e+01,0.000000000000000000e+00,0.000000000000000000e+00
2.512322728910870140e+01,0.000000000000000000e+00,0.000000000000000000e+00
2.463187929282518951e+01,0.000000000000000000e+00,0.000000000000000000e+00
2.502579271599778110e+01,0.000000000000000000e+00,0.000000000000000000e+00
2.210172333121679245e+01,0.000000000000000000e+00,0.000000000000000000e+00
2.480411516597734334e+01,0.000000000000000000e+00,0.000000000000000000e+00
2.696763299665892433e+01,0.000000000000000000e+00,0.000000000000000000e+00
3.084943977220848765e+01,0.000000000000000000e+00,0.000000000000000000e+00
2.152276927082883162e+01,0.000000000000000000e+00,0.000000000000000000e+00
2.774760655890799654e+01,0.000000000000000000e+00,0.000000000000000000e+00
2.327988494570274369e+01,0.000000000000000000e+00,0.000000000000000000e+00
2.441902150292574447e+01,0.000000000000000000e+00,0.000000000000000000e+00
2.661637200506651624e+01,0.000000000000000000e+00,0.000000000000000000e+00
2.711653841534578646e+01,0.000000000000000000e+00,0.000000000000000000e+00
2.590608162758522681e+01,0.000000000000000000e+00,0.000000000000000000e+00
2.158758877770348050e+01,0.000000000000000000e+00,0.000000000000000000e+00
2.751786443866216914e+01,0.000000000000000000e+00,0.000000000000000000e+00
2.470982454951822760e+01,0.000000000000000000e+00,0.000000000000000000e+00
2.606823369914352995e+01,0.000000000000000000e+00,0.000000000000000000e+00
2.653136676298498031e+01,0.000000000000000000e+00,0.000000000000000000e+00
2.524494493866199107e+01,0.000000000000000000e+00,0.000000000000000000e+00
1.981811252183144134e+01,0.000000000000000000e+00,0.000000000000000000e+00
1.931158827565180758e+01,0.000000000000000000e+00,0.000000000000000000e+00
2.519954480792093676e+01,0.000000000000000000e+00,0.000000000000000000e+00
2.814921306427940095e+01,0.000000000000000000e+00,0.000000000000000000e+00
2.389265607970331828e+01,0.000000000000000000e+00,0.000000000000000000e+00
2.707142183005156610e+01,0.000000000000000000e+00,0.000000000000000000e+00
2.004087146221488780e+01,0.000000000000000000e+00,0.000000000000000000e+00
2.311438136257422826e+01,0.000000000000000000e+00,0.000000000000000000e+00
2.352735285114918184e+01,0.000000000000000000e+00,0.000000000000000000e+00
2.290656071881077693e+01,0.000000000000000000e+00,0.000000000000000000e+00
2.415182412066428341e+01,0.000000000000000000e+00,0.000000000000000000e+00
2.548572018568741981e+01,0.000000000000000000e+00,0.000000000000000000e+00
1.966650900891876574e+01,0.000000000000000000e+00,0.000000000000000000e+00
2.768415924532959949e+01,0.000000000000000000e+00,0.000000000000000000e+00
2.440061020910001588e+01,0.000000000000000000e+00,0.000000000000000000e+00
2.270838055909343467e+01,0.000000000000000000e+00,0.000000000000000000e+00
2.388949744423855748e+01,0.000000000000000000e+00,0.000000000000000000e+00
1.767500201701054863e+01,0.000000000000000000e+00,0.000000000000000000e+00
2.567361104444455933e+01,0.000000000000000000e+00,0.000000000000000000e+00
2.369730728634880279e+01,0.000000000000000000e+00,0.000000000000000000e+00
2.630054718946405501e+01,0.000000000000000000e+00,0.000000000000000000e+00
2.328212497734979536e+01,0.000000000000000000e+00,0.000000000000000000e+00
2.673130669614991817e+01,0.000000000000000000e+00,0.000000000000000000e+00
2.284017693092688006e+01,0.000000000000000000e+00,0.000000000000000000e+00
2.211312910427322009e+01,0.000000000000000000e+00,0.000000000000000000e+00
2.434458881503542216e+01,0.000000000000000000e+00,0.000000000000000000e+00
2.511228723749038139e+01,0.000000000000000000e+00,0.000000000000000000e+00
2.373032549360086563e+01,0.000000000000000000e+00,0.000000000000000000e+00
2.495423505966891398e+01,0.000000000000000000e+00,0.000000000000000000e+00
1.946038254886338947e+01,0.000000000000000000e+00,0.000000000000000000e+00
2.460669686176984428e+01,0.000000000000000000e+00,0.000000000000000000e+00
2.278296960460320264e+01,0.000000000000000000e+00,0.000000000000000000e+00
2.400112572622791163e+01,0.000000000000000000e+00,0.000000000000000000e+00
2.173656757275402285e+01,0.000000000000000000e+00,0.000000000000000000e+00
2.252156252325418961e+01,0.000000000000000000e+00,0.000000000000000000e+00
2.708379621741235610e+01,0.000000000000000000e+00,0.000000000000000000e+00
2.457589855229934628e+01,0.000000000000000000e+00,0.000000000000000000e+00
2.582218760512058608e+01,0.000000000000000000e+00,0.000000000000000000e+00
2.337044412379916736e+01,0.000000000000000000e+00,0.000000000000000000e+00
2.353792148722141420e+01,0.000000000000000000e+00,0.000000000000000000e+00
2.342684825526718484e+01,0.000000000000000000e+00,0.000000000000000000e+00
2.242901029970967031e+01,0.000000000000000000e+00,0.000000000000000000e+00
2.260410544237166164e+01,0.000000000000000000e+00,0.000000000000000000e+00
2.430280439492321776e+01,0.000000000000000000e+00,0.000000000000000000e+00
2.224903512940496952e+01,0.000000000000000000e+00,0.000000000000000000e+00
2.237477800164475639e+01,0.000000000000000000e+00,0.000000000000000000e+00
2.210535184405497233e+01,0.000000000000000000e+00,0.000000000000000000e+00
2.388950438828459610e+01,0.000000000000000000e+00,0.000000000000000000e+00
2.214133961707436882e+01,0.000000000000000000e+00,0.000000000000000000e+00
2.358976037713170371e+01,0.000000000000000000e+00,0.000000000000000000e+00
2.354812026747888254e+01,0.000000000000000000e+00,0.000000000000000000e+00
2.016355007846139458e+01,0.000000000000000000e+00,0.000000000000000000e+00
2.129933324281197571e+01,0.000000000000000000e+00,0.000000000000000000e+00
2.228785809447094124e+01,0.000000000000000000e+00,0.000000000000000000e+00
2.516736107900621278e+01,0.000000000000000000e+00,0.000000000000000000e+00
2.101500262616309911e+01,0.000000000000000000e+00,0.000000000000000000e+00
2.174513806464108967e+01,0.000000000000000000e+00,0.000000000000000000e+00
2.715835111424117443e+01,0.000000000000000000e+00,0.000000000000000000e+00
2.415385265239234514e+01,0.000000000000000000e+00,0.000000000000000000e+00
2.440444920074283885e+01,0.000000000000000000e+00,0.000000000000000000e+00
2.505501031667277800e+01,0.000000000000000000e+00,0.000000000000000000e+00
2.412813445738412099e+01,0.000000000000000000e+00,0.000000000000000000e+00
2.190594709290239805e+01,0.000000000000000000e+00,0.000000000000000000e+00
2.092394263702369983e+01,0.000000000000000000e+00,0.000000000000000000e+00
2.413508867940395675e+01,0.000000000000000000e+00,0.000000000000000000e+00
2.143737953630695969e+01,0.000000000000000000e+00,0.000000000000000000e+00
2.392637350398319285e+01,0.000000000000000000e+00,0.000000000000000000e+00
2.030402082138649078e+01,0.000000000000000000e+00,0.000000000000000000e+00
2.186010572378290817e+01,0.000000000000000000e+00,0.000000000000000000e+00
2.468948189598929233e+01,0.000000000000000000e+00,0.000000000000000000e+00
2.637351610617943720e+01,0.000000000000000000e+00,0.000000000000000000e+00
2.319312595662994880e+01,0.000000000000000000e+00,0.000000000000000000e+00
2.356933845241229264e+01,0.000000000000000000e+00,0.000000000000000000e+00
1.814787209954124236e+01,0.000000000000000000e+00,0.000000000000000000e+00
2.243505955302471122e+01,0.000000000000000000e+00,0.000000000000000000e+00
2.359352211204461014e+01,0.000000000000000000e+00,0.000000000000000000e+00
2.081057263101615717e+01,0.000000000000000000e+00,0.000000000000000000e+00
2.246616006478587835e+01,0.000000000000000000e+00,0.000000000000000000e+00
2.500885449431151031e+01,0.000000000000000000e+00,0.000000000000000000e+00
2.283742708594973081e+01,0.000000000000000000e+00,0.000000000000000000e+00
1.888920872369892834e+01,0.000000000000000000e+00,0.000000000000000000e+00
2.011309061027457545e+01,0.000000000000000000e+00,0.000000000000000000e+00
2.141383819307269221e+01,0.000000000000000000e+00,0.000000000000000000e+00
2.133669919934837367e+01,0.000000000000000000e+00,0.000000000000000000e+00
2.375242511544621848e+01,0.000000000000000000e+00,0.000000000000000000e+00
2.011082346679157240e+01,0.000000000000000000e+00,0.000000000000000000e+00
2.278826867061542316e+01,0.000000000000000000e+00,0.000000000000000000e+00
2.370661706064196750e+01,0.000000000000000000e+00,0.000000000000000000e+00
2.439701121249736815e+01,0.000000000000000000e+00,0.000000000000000000e+00
1.790352009916481180e+01,0.000000000000000000e+00,0.000000000000000000e+00
2.429329661263158258e+01,0.000000000000000000e+00,0.000000000000000000e+00
2.103574780161991598e+01,0.000000000000000000e+00,0.000000000000000000e+00
2.035404556494806627e+01,0.000000000000000000e+00,0.000000000000000000e+00
1.900418634115036909e+01,0.000000000000000000e+00,0.000000000000000000e+00
2.150835639538310673e+01,0.000000000000000000e+00,0.000000000000000000e+00
2.104737231877162884e+01,0.000000000000000000e+00,0.000000000000000000e+00
2.003270812968833425e+01,0.000000000000000000e+00,0.000000000000000000e+00
1.930843433489429373e+01,0.000000000000000000e+00,0.000000000000000000e+00
2.069793932829891858e+01,0.000000000000000000e+00,0.000000000000000000e+00
2.217059260675644694e+01,0.000000000000000000e+00,0.000000000000000000e+00
2.067995431039815912e+01,0.000000000000000000e+00,0.000000000000000000e+00
1.806492024412088071e+01,0.000000000000000000e+00,0.000000000000000000e+00
2.264163446968345639e+01,0.000000000000000000e+00,0.000000000000000000e+00
2.210090610342343709e+01,0.000000000000000000e+00,0.000000000000000000e+00
2.217577391241864149e+01,0.000000000000000000e+00,0.000000000000000000e+00
1.927728249266244376e+01,0.000000000000000000e+00,0.000000000000000000e+00
2.364312052456833158e+01,0.000000000000000000e+00,0.000000000000000000e+00
2.334993651253039459e+01,0.000000000000000000e+00,0.000000000000000000e+00
2.179574079283255017e+01,0.000000000000000000e+00,0.000000000000000000e+00
2.108132505776355359e+01,0.000000000000000000e+00,0.000000000000000000e+00
2.050498595314029515e+01,0.000000000000000000e+00,0.000000000000000000e+00
2.234370195777670176e+01,0.000000000000000000e+00,0.000000000000000000e+00
2.120419156478858369e+01,0.000000000000000000e+00,0.000000000000000000e+00
1.902802386183645922e+01,0.000000000000000000e+00,0.000000000000000000e+00
2.169106115671720403e+01,0.000000000000000000e+00,0.000000000000000000e+00
2.168101562126357962e+01,0.000000000000000000e+00,0.000000000000000000e+00
2.215204100499091311e+01,0.000000000000000000e+00,0.000000000000000000e+00
2.062368071511789935e+01,0.000000000000000000e+00,0.000000000000000000e+00
2.013355528129226002e+01,0.000000000000000000e+00,0.000000000000000000e+00
1.987437075334061021e+01,0.000000000000000000e+00,0.000000000000000000e+00
2.067573216946964365e+01,0.000000000000000000e+00,0.000000000000000000e+00
1.970873600062991216e+01,0.000000000000000000e+00,0.000000000000000000e+00
1.886271644407848669e+01,0.000000000000000000e+00,0.000000000000000000e+00
2.409012770514133805e+01,0.000000000000000000e+00,0.000000000000000000e+00
1.816889852403925332e+01,0.000000000000000000e+00,0.000000000000000000e+00
2.300640270731112480e+01,0.000000000000000000e+00,0.000000000000000000e+00
2.185972058916306082e+01,0.000000000000000000e+00,0.000000000000000000e+00
1.927537688485595879e+01,0.000000000000000000e+00,0.000000000000000000e+00
2.093264744801624389e+01,0.000000000000000000e+00,0.000000000000000000e+00
2.173048911388273652e+01,0.000000000000000000e+00,0.000000000000000000e+00
1.984516366469789972e+01,0.000000000000000000e+00,0.000000000000000000e+00
2.108830969365639518e+01,0.000000000000000000e+00,0.000000000000000000e+00
1.968021293794910775e+01,0.000000000000000000e+00,0.000000000000000000e+00
2.118221903882445289e+01,0.000000000000000000e+00,0.000000000000000000e+00
2.095487676188424686e+01,0.000000000000000000e+00,0.000000000000000000e+00
1.831998311458023210e+01,0.000000000000000000e+00,0.000000000000000000e+00
1.876663969984608116e+01,0.000000000000000000e+00,0.000000000000000000e+00
2.176932393726686499e+01,0.000000000000000000e+00,0.000000000000000000e+00
1.579362988845540983e+01,0.000000000000000000e+00,0.000000000000000000e+00
2.108574909282651433e+01,0.000000000000000000e+00,0.000000000000000000e+00
2.186277317468924153e+01,0.000000000000000000e+00,0.000000000000000000e+00
1.825003806996065947e+01,0.000000000000000000e+00,0.000000000000000000e+00
2.047944729997519886e+01,0.000000000000000000e+00,0.000000000000000000e+00
2.043565927411641070e+01,0.000000000000000000e+00,0.000000000000000000e+00
1.883593514158122062e+01,0.000000000000000000e+00,0.000000000000000000e+00
1.902549763652496040e+01,0.000000000000000000e+00,0.000000000000000000e+00
2.062657843157884230e+01,0.000000000000000000e+00,0.000000000000000000e+00
1.860255628573681008e+01,0.000000000000000000e+00,0.000000000000000000e+00
1.972176137778489746e+01,0.000000000000000000e+00,0.000000000000000000e+00
1.996475138253165227e+01,0.000000000000000000e+00,0.000000000000000000e+00
1.955319092648020884e+01,0.000000000000000000e+00,0.000000000000000000e+00
1.986290134057584211e+01,0.000000000000000000e+00,0.000000000000000000e+00
2.100099339496430417e+01,0.000000000000000000e+00,0.000000000000000000e+00
1.867830110732281668e+01,0.000000000000000000e+00,0.000000000000000000e+00
2.128610749025210680e+01,0.000000000000000000e+00,0.000000000000000000e+00
2.079145500275074454e+01,0.000000000000000000e+00,0.000000000000000000e+00
2.035757615867595050e+01,0.000000000000000000e+00,0.000000000000000000e+00
1.880287107537966307e+01,0.000000000000000000e+00,0.000000000000000000e+00
2.045028997037838536e+01,0.000000000000000000e+00,0.000000000000000000e+00
2.139940026154025787e+01,0.000000000000000000e+00,0.000000000000000000e+00
2.063723946448406821e+01,0.000000000000000000e+00,0.000000000000000000e+00
2.199426731607846008e+01,0.000000000000000000e+00,0.000000000000000000e+00
1.523953637574631159e+01,0.000000000000000000e+00,0.000000000000000000e+00
2.111252581442095178e+01,0.000000000000000000e+00,0.000000000000000000e+00
2.237541998297776757e+01,0.000000000000000000e+00,0.000000000000000000e+00
1.747321883106440410e+01,0.000000000000000000e+00,0.000000000000000000e+00
2.364106518047445249e+01,0.000000000000000000e+00,0.000000000000000000e+00
2.178617891194776846e+01,0.000000000000000000e+00,0.000000000000000000e+00
1.772888152216200197e+01,0.000000000000000000e+00,0.000000000000000000e+00
2.147469261922865513e+01,0.000000000000000000e+00,0.000000000000000000e+00
2.224951360218736696e+01,0.000000000000000000e+00,0.000000000000000000e+00
2.230318543322695746e+01,0.000000000000000000e+00,0.000000000000000000e+00
1.869593563897753796e+01,0.000000000000000000e+00,0.000000000000000000e+00
1.933810650333960979e+01,0.000000000000000000e+00,0.000000000000000000e+00
2.178837974769163210e+01,0.000000000000000000e+00,0.000000000000000000e+00
2.017051015231690414e+01,0.000000000000000000e+00,0.000000000000000000e+00
2.059369728255985521e+01,0.000000000000000000e+00,0.000000000000000000e+00
2.452254402684532053e+01,0.000000000000000000e+00,0.000000000000000000e+00
1.680444464209174882e+01,0.000000000000000000e+00,0.000000000000000000e+00
2.022381461815779247e+01,0.000000000000000000e+00,0.000000000000000000e+00
1.959062220543347266e+01,0.000000000000000000e+00,0.000000000000000000e+00
1.892529874527023281e+01,0.000000000000000000e+00,0.000000000000000000e+00
2.082661282517465295e+01,0.000000000000000000e+00,0.000000000000000000e+00
1.946476682360932386e+01,0.000000000000000000e+00,0.000000000000000000e+00
1.820182063169475839e+01,0.000000000000000000e+00,0.000000000000000000e+00
2.121934611264269321e+01,0.000000000000000000e+00,0.000000000000000000e+00
1.986461388014140539e+01,0.000000000000000000e+00,0.000000000000000000e+00
2.002673504443790620e+01,0.000000000000000000e+00,0.000000000000000000e+00
1.814827801737441249e+01,0.000000000000000000e+00,0.000000000000000000e+00
1.882137448898445342e+01,0.000000000000000000e+00,0.000000000000000000e+00
1.804352470004783981e+01,0.000000000000000000e+00,0.000000000000000000e+00
2.106985742309042564e+01,0.000000000000000000e+00,0.000000000000000000e+00
1.949853284200059989e+01,0.000000000000000000e+00,0.000000000000000000e+00
2.110166963710145183e+01,0.000000000000000000e+00,0.000000000000000000e+00
1.910443697390215689e+01,0.000000000000000000e+00,0.000000000000000000e+00
1.870053490694841258e+01,0.000000000000000000e+00,0.000000000000000000e+00
2.051359927581825460e+01,0.000000000000000000e+00,0.000000000000000000e+00
2.194575235267453550e+01,0.000000000000000000e+00,0.000000000000000000e+00
1.876785000458806607e+01,0.000000000000000000e+00,0.000000000000000000e+00
2.105919355820863714e+01,0.000000000000000000e+00,0.000000000000000000e+00
1.774168523344253856e+01,0.000000000000000000e+00,0.000000000000000000e+00
1.987238807973156085e+01,0.000000000000000000e+00,0.000000000000000000e+00
2.053848395678400962e+01,0.000000000000000000e+00,0.000000000000000000e+00
1.924318699703004043e+01,0.000000000000000000e+00,0.000000000000000000e+00
1.877834289385046418e+01,0.000000000000000000e+00,0.000000000000000000e+00
1.844762379313583978e+01,0.000000000000000000e+00,0.000000000000000000e+00
2.045161020697983290e+01,0.000000000000000000e+00,0.000000000000000000e+00
2.177242809470934404e+01,0.000000000000000000e+00,0.000000000000000000e+00
1.904420238270410337e+01,0.000000000000000000e+00,0.000000000000000000e+00
1.733485631052786857e+01,0.000000000000000000e+00,0.000000000000000000e+00
1.946621584338014799e+01,0.000000000000000000e+00,0.000000000000000000e+00
1.649111927002968869e+01,0.000000000000000000e+00,0.000000000000000000e+00
2.035221435111086663e+01,0.000000000000000000e+00,0.000000000000000000e+00
1.846235693083648144e+01,0.000000000000000000e+00,0.000000000000000000e+00
2.289144910332002425e+01,0.000000000000000000e+00,0.000000000000000000e+00
2.327711602035683214e+01,0.000000000000000000e+00,0.000000000000000000e+00
2.379487288470283701e+01,0.000000000000000000e+00,0.000000000000000000e+00
2.548355404503662314e+01,0.000000000000000000e+00,0.000000000000000000e+00
2.207381229412456136e+01,0.000000000000000000e+00,0.000000000000000000e+00
1.750488379519540061e+01,0.000000000000000000e+00,0.000000000000000000e+00
1.951367710858178484e+01,0.000000000000000000e+00,0.000000000000000000e+00
1.793408210084718846e+01,0.000000000000000000e+00,0.000000000000000000e+00
2.164180622362962580e+01,0.000000000000000000e+00,0.000000000000000000e+00
1.846295675515474599e+01,0.000000000000000000e+00,0.000000000000000000e+00
1.949014424134674073e+01,0.000000000000000000e+00,0.000000000000000000e+00
2.039986980920018311e+01,0.000000000000000000e+00,0.000000000000000000e+00
1.810130165732932994e+01,0.000000000000000000e+00,0.000000000000000000e+00
2.200175058670713923e+01,0.000000000000000000e+00,0.000000000000000000e+00
2.125019821223509098e+01,0.000000000000000000e+00,0.000000000000000000e+00
2.209695581146805310e+01,0.000000000000000000e+00,0.000000000000000000e+00
1.734943085556744080e+01,0.000000000000000000e+00,0.000000000000000000e+00
1.959989674530752524e+01,0.000000000000000000e+00,0.000000000000000000e+00
2.090184733788857940e+01,0.000000000000000000e+00,0.000000000000000000e+00
2.004110945754645101e+01,0.000000000000000000e+00,0.000000000000000000e+00
2.109656793899274518e+01,0.000000000000000000e+00,0.000000000000000000e+00
2.143448585260072292e+01,0.000000000000000000e+00,0.000000000000000000e+00
2.034175077977398871e+01,0.000000000000000000e+00,0.000000000000000000e+00
1.580309784040606758e+01,0.000000000000000000e+00,0.000000000000000000e+00
2.192559879623394181e+01,0.000000000000000000e+00,0.000000000000000000e+00
1.706391143118094789e+01,0.000000000000000000e+00,0.000000000000000000e+00
2.233760647925023690e+01,0.000000000000000000e+00,0.000000000000000000e+00
2.206796181867034790e+01,0.000000000000000000e+00,0.000000000000000000e+00
2.177549501197282922e+01,0.000000000000000000e+00,0.000000000000000000e+00
1.972432622785651901e+01,0.000000000000000000e+00,0.000000000000000000e+00
2.183670699179847574e+01,0.000000000000000000e+00,0.000000000000000000e+00
1.854349390675812614e+01,0.000000000000000000e+00,0.000000000000000000e+00
2.063689923882308719e+01,0.000000000000000000e+00,0.000000000000000000e+00
2.024002549934305861e+01,0.000000000000000000e+00,0.000000000000000000e+00
1.885178804426564270e+01,0.000000000000000000e+00,0.000000000000000000e+00
2.025579165478571397e+01,0.000000000000000000e+00,0.000000000000000000e+00
2.099292109142980323e+01,0.000000000000000000e+00,0.000000000000000000e+00
1.814083437257544773e+01,0.000000000000000000e+00,0.000000000000000000e+00
2.262458325427687811e+01,0.000000000000000000e+00,0.000000000000000000e+00
2.218018737913934046e+01,0.000000000000000000e+00,0.000000000000000000e+00
1.974252545752278110e+01,0.000000000000000000e+00,0.000000000000000000e+00
2.049805571323144449e+01,0.000000000000000000e+00,0.000000000000000000e+00
1.829031546382856988e+01,0.000000000000000000e+00,0.000000000000000000e+00
1.693638458789404666e+01,0.000000000000000000e+00,0.000000000000000000e+00
2.158573740097258309e+01,0.000000000000000000e+00,0.000000000000000000e+00
2.291139784174670169e+01,0.000000000000000000e+00,0.000000000000000000e+00
2.125038449883377112e+01,0.000000000000000000e+00,0.000000000000000000e+00
2.012978327481403440e+01,0.000000000000000000e+00,0.000000000000000000e+00
2.220743891192455521e+01,0.000000000000000000e+00,0.000000000000000000e+00
1.990211962567030923e+01,0.000000000000000000e+00,0.000000000000000000e+00
1.928704865713953254e+01,0.000000000000000000e+00,0.000000000000000000e+00
1.986731182932916440e+01,0.000000000000000000e+00,0.000000000000000000e+00
2.038035085277462599e+01,0.000000000000000000e+00,0.000000000000000000e+00
2.282990049663801102e+01,0.000000000000000000e+00,0.000000000000000000e+00
2.065750520490756159e+01,0.000000000000000000e+00,0.000000000000000000e+00
2.263533038069127556e+01,0.000000000000000000e+00,0.000000000000000000e+00
1.884483700158204655e+01,0.000000000000000000e+00,0.000000000000000000e+00
2.136646810334543645e+01,0.000000000000000000e+00,0.000000000000000000e+00
1.845873882650996478e+01,0.000000000000000000e+00,0.000000000000000000e+00
2.275559382546171250e+01,0.000000000000000000e+00,0.000000000000000000e+00
2.358907755107968995e+01,0.000000000000000000e+00,0.000000000000000000e+00
1.869470132440817167e+01,0.000000000000000000e+00,0.000000000000000000e+00
2.270698838870177383e+01,0.000000000000000000e+00,0.000000000000000000e+00
2.131481737178227220e+01,0.000000000000000000e+00,0.000000000000000000e+00
2.046811268980330212e+01,0.000000000000000000e+00,0.000000000000000000e+00
1.974933520878671445e+01,0.000000000000000000e+00,0.000000000000000000e+00
1.829877509101629940e+01,0.000000000000000000e+00,0.000000000000000000e+00
2.226845702792562776e+01,0.000000000000000000e+00,0.000000000000000000e+00
1.866139617938091888e+01,0.000000000000000000e+00,0.000000000000000000e+00
2.182515248397741914e+01,0.000000000000000000e+00,0.000000000000000000e+00
2.084293569577659966e+01,0.000000000000000000e+00,0.000000000000000000e+00
2.450356102627648269e+01,0.000000000000000000e+00,0.000000000000000000e+00
2.117142590300545635e+01,0.000000000000000000e+00,0.000000000000000000e+00
2.079218249449880318e+01,0.000000000000000000e+00,0.000000000000000000e+00
2.139325118071001341e+01,0.000000000000000000e+00,0.000000000000000000e+00
2.454042466669497102e+01,0.000000000000000000e+00,0.000000000000000000e+00
1.867477964403917667e+01,0.000000000000000000e+00,0.000000000000000000e+00
2.294805710358485484e+01,0.000000000000000000e+00,0.000000000000000000e+00
1.971444787828063738e+01,0.000000000000000000e+00,0.000000000000000000e+00
2.187367722609526055e+01,0.000000000000000000e+00,0.000000000000000000e+00
2.198943014033256915e+01,0.000000000000000000e+00,0.000000000000000000e+00
1.728252721955430360e+01,0.000000000000000000e+00,0.000000000000000000e+00
1.985637709529878947e+01,0.000000000000000000e+00,0.000000000000000000e+00
2.111407102411381942e+01,0.000000000000000000e+00,0.000000000000000000e+00
2.049573371381659470e+01,0.000000000000000000e+00,0.000000000000000000e+00
2.163942770545942196e+01,0.000000000000000000e+00,0.000000000000000000e+00
1.550925094082285227e+01,0.000000000000000000e+00,0.000000000000000000e+00
2.133871141525845161e+01,0.000000000000000000e+00,0.000000000000000000e+00
1.890101076794428892e+01,0.000000000000000000e+00,0.000000000000000000e+00
2.066378121928131861e+01,0.000000000000000000e+00,0.000000000000000000e+00
2.193698636497565957e+01,0.000000000000000000e+00,0.000000000000000000e+00
1.996160353701024093e+01,0.000000000000000000e+00,0.000000000000000000e+00
1.409062928258043357e+01,0.000000000000000000e+00,0.000000000000000000e+00
1.997730747510690463e+01,0.000000000000000000e+00,0.000000000000000000e+00
2.091130462098308840e+01,0.000000000000000000e+00,0.000000000000000000e+00
2.063355126371461168e+01,0.000000000000000000e+00,0.000000000000000000e+00
2.070369948887069711e+01,0.000000000000000000e+00,0.000000000000000000e+00
2.024006843168229608e+01,0.000000000000000000e+00,0.000000000000000000e+00
2.172764446578076303e+01,0.000000000000000000e+00,0.000000000000000000e+00
2.122512036648031497e+01,0.000000000000000000e+00,0.000000000000000000e+00
2.078798993831080466e+01,0.000000000000000000e+00,0.000000000000000000e+00
1.949711819767667009e+01,0.000000000000000000e+00,0.000000000000000000e+00
2.011079572848803565e+01,0.000000000000000000e+00,0.000000000000000000e+00
1.887791110932506911e+01,0.000000000000000000e+00,0.000000000000000000e+00
2.106649733742766273e+01,0.000000000000000000e+00,0.000000000000000000e+00
2.172418112948901836e+01,0.000000000000000000e+00,0.000000000000000000e+00
2.093991765551220752e+01,0.000000000000000000e+00,0.000000000000000000e+00
2.004904808994132992e+01,0.000000000000000000e+00,0.000000000000000000e+00
2.112695223752915297e+01,0.000000000000000000e+00,0.000000000000000000e+00
2.083283584773429808e+01,0.000000000000000000e+00,0.000000000000000000e+00
2.137232318349896332e+01,0.000000000000000000e+00,0.000000000000000000e+00
1.967627940145523269e+01,0.000000000000000000e+00,0.000000000000000000e+00
2.013034096041266352e+01,0.000000000000000000e+00,0.000000000000000000e+00
2.354723126709306413e+01,0.000000000000000000e+00,0.000000000000000000e+00
2.465691627030807709e+01,0.000000000000000000e+00,0.000000000000000000e+00
2.299705037260929785e+01,0.000000000000000000e+00,0.000000000000000000e+00
2.382307982154033610e+01,0.000000000000000000e+00,0.000000000000000000e+00
1.720907555550576262e+01,0.000000000000000000e+00,0.000000000000000000e+00
2.454033914071117550e+01,0.000000000000000000e+00,0.000000000000000000e+00
1.971728893855780385e+01,0.000000000000000000e+00,0.000000000000000000e+00
2.214401041341046295e+01,0.000000000000000000e+00,0.000000000000000000e+00
2.065483345483916722e+01,0.000000000000000000e+00,0.000000000000000000e+00
2.448774030362775633e+01,0.000000000000000000e+00,0.000000000000000000e+00
2.647704545301627732e+01,0.000000000000000000e+00,0.000000000000000000e+00
2.190330723113222788e+01,0.000000000000000000e+00,0.000000000000000000e+00
2.184775140260441262e+01,0.000000000000000000e+00,0.000000000000000000e+00
2.088693513937567303e+01,0.000000000000000000e+00,0.000000000000000000e+00
2.328620882877385867e+01,0.000000000000000000e+00,0.000000000000000000e+00
1.813705730968980845e+01,0.000000000000000000e+00,0.000000000000000000e+00
2.326388230460373308e+01,0.000000000000000000e+00,0.000000000000000000e+00
2.034139943223870617e+01,0.000000000000000000e+00,0.000000000000000000e+00
2.029638396519939647e+01,0.000000000000000000e+00,0.000000000000000000e+00
2.179687257644904008e+01,0.000000000000000000e+00,0.000000000000000000e+00
2.039695466352026187e+01,0.000000000000000000e+00,0.000000000000000000e+00
2.314420389432008207e+01,0.000000000000000000e+00,0.000000000000000000e+00
2.079152840369463462e+01,0.000000000000000000e+00,0.000000000000000000e+00
2.369173552563200857e+01,0.000000000000000000e+00,0.000000000000000000e+00
2.366046999923586824e+01,0.000000000000000000e+00,0.000000000000000000e+00
1.840181518957103535e+01,0.000000000000000000e+00,0.000000000000000000e+00
2.107296235020999831e+01,0.000000000000000000e+00,0.000000000000000000e+00
2.430683144984518052e+01,0.000000000000000000e+00,0.000000000000000000e+00
2.085752109280244326e+01,0.000000000000000000e+00,0.000000000000000000e+00
2.082441507156984883e+01,0.000000000000000000e+00,0.000000000000000000e+00
2.345500649706274743e+01,0.000000000000000000e+00,0.000000000000000000e+00
2.331243882041279747e+01,0.000000000000000000e+00,0.000000000000000000e+00
2.042245319538218951e+01,0.000000000000000000e+00,0.000000000000000000e+00
2.448726187727687176e+01,0.000000000000000000e+00,0.000000000000000000e+00
2.272730372620222283e+01,0.000000000000000000e+00,0.000000000000000000e+00
2.241966520372267624e+01,0.000000000000000000e+00,0.000000000000000000e+00
2.245743194006785615e+01,0.000000000000000000e+00,0.000000000000000000e+00
2.320841180161269790e+01,0.000000000000000000e+00,0.000000000000000000e+00
2.459255482693424355e+01,0.000000000000000000e+00,0.000000000000000000e+00
2.357629253005723413e+01,0.000000000000000000e+00,0.000000000000000000e+00
2.535738600813067478e+01,0.000000000000000000e+00,0.000000000000000000e+00
2.074706750249382381e+01,0.000000000000000000e+00,0.000000000000000000e+00
2.311016279401211904e+01,0.000000000000000000e+00,0.000000000000000000e+00
2.446988023265211964e+01,0.000000000000000000e+00,0.000000000000000000e+00
2.350672438482836313e+01,0.000000000000000000e+00,0.000000000000000000e+00
2.560719206381202895e+01,0.000000000000000000e+00,0.000000000000000000e+00
2.521105605864639898e+01,0.000000000000000000e+00,0.000000000000000000e+00
2.320662975478126810e+01,0.000000000000000000e+00,0.000000000000000000e+00
2.194349513122788764e+01,0.000000000000000000e+00,0.000000000000000000e+00
2.098239197536284095e+01,0.000000000000000000e+00,0.000000000000000000e+00
2.314512096990916135e+01,0.000000000000000000e+00,0.000000000000000000e+00
2.106320546097455804e+01,0.000000000000000000e+00,0.000000000000000000e+00
2.190255718027923137e+01,0.000000000000000000e+00,0.000000000000000000e+00
2.648187030865675595e+01,0.000000000000000000e+00,0.000000000000000000e+00
2.266278052949871480e+01,0.000000000000000000e+00,0.000000000000000000e+00
2.245620763024012589e+01,0.000000000000000000e+00,0.000000000000000000e+00
2.371214368015727558e+01,0.000000000000000000e+00,0.000000000000000000e+00
2.641302804385560776e+01,0.000000000000000000e+00,0.000000000000000000e+00
2.599059398492246942e+01,0.000000000000000000e+00,0.000000000000000000e+00
2.071275641333421191e+01,0.000000000000000000e+00,0.000000000000000000e+00
2.265649535502125644e+01,0.000000000000000000e+00,0.000000000000000000e+00
2.087681976318497590e+01,0.000000000000000000e+00,0.000000000000000000e+00
2.296522097553388164e+01,0.000000000000000000e+00,0.000000000000000000e+00
2.240187515979266664e+01,0.000000000000000000e+00,0.000000000000000000e+00
2.144624113664411880e+01,0.000000000000000000e+00,0.000000000000000000e+00
2.508378788229105893e+01,0.000000000000000000e+00,0.000000000000000000e+00
2.562717448018261024e+01,0.000000000000000000e+00,0.000000000000000000e+00
2.529254241504824918e+01,0.000000000000000000e+00,0.000000000000000000e+00
2.305311885659750715e+01,0.000000000000000000e+00,0.000000000000000000e+00
2.643776800889236256e+01,0.000000000000000000e+00,0.000000000000000000e+00
2.470737286459915438e+01,0.000000000000000000e+00,0.000000000000000000e+00
2.035068178103405856e+01,0.000000000000000000e+00,0.000000000000000000e+00
2.604159485597870827e+01,0.000000000000000000e+00,0.000000000000000000e+00
2.311952200800191193e+01,0.000000000000000000e+00,0.000000000000000000e+00
2.442027505467041237e+01,0.000000000000000000e+00,0.000000000000000000e+00
2.499117980493083024e+01,0.000000000000000000e+00,0.000000000000000000e+00
2.469420620227189644e+01,0.000000000000000000e+00,0.000000000000000000e+00
2.340908928242944498e+01,0.000000000000000000e+00,0.000000000000000000e+00
2.600980640407289712e+01,0.000000000000000000e+00,0.000000000000000000e+00
2.267628905266801453e+01,0.000000000000000000e+00,0.000000000000000000e+00
2.644370257287417303e+01,0.000000000000000000e+00,0.000000000000000000e+00
2.557501113575106544e+01,0.000000000000000000e+00,0.000000000000000000e+00
2.643041529665441658e+01,0.000000000000000000e+00,0.000000000000000000e+00
2.362394692247818995e+01,0.000000000000000000e+00,0.000000000000000000e+00
2.537924670859830911e+01,0.000000000000000000e+00,0.000000000000000000e+00
2.515897859943125781e+01,0.000000000000000000e+00,0.000000000000000000e+00
2.454803760528921686e+01,0.000000000000000000e+00,0.000000000000000000e+00
2.902314472050613503e+01,0.000000000000000000e+00,0.000000000000000000e+00
2.359230327255368209e+01,0.000000000000000000e+00,0.000000000000000000e+00
2.314584548325995428e+01,0.000000000000000000e+00,0.000000000000000000e+00
1.982155036832135409e+01,0.000000000000000000e+00,0.000000000000000000e+00
2.467182895325240111e+01,0.000000000000000000e+00,0.000000000000000000e+00
2.436295154247033068e+01,0.000000000000000000e+00,0.000000000000000000e+00
2.226770529720856828e+01,0.000000000000000000e+00,0.000000000000000000e+00
2.248835162582994229e+01,0.000000000000000000e+00,0.000000000000000000e+00
2.035729267066654558e+01,0.000000000000000000e+00,0.000000000000000000e+00
2.736555197107663417e+01,0.000000000000000000e+00,0.000000000000000000e+00
2.270400508887999180e+01,0.000000000000000000e+00,0.000000000000000000e+00
2.629766924747118395e+01,0.000000000000000000e+00,0.000000000000000000e+00
2.815744867495400072e+01,0.000000000000000000e+00,0.000000000000000000e+00
2.052584884143736588e+01,0.000000000000000000e+00,0.000000000000000000e+00
2.396604322766268425e+01,0.000000000000000000e+00,0.000000000000000000e+00
2.590812512373756249e+01,0.000000000000000000e+00,0.000000000000000000e+00
2.608531158213377665e+01,0.000000000000000000e+00,0.000000000000000000e+00
2.373075761023945418e+01,0.000000000000000000e+00,0.000000000000000000e+00
2.516740124087067443e+01,0.000000000000000000e+00,0.000000000000000000e+00
2.584131418873940333e+01,0.000000000000000000e+00,0.000000000000000000e+00
2.803301213705301009e+01,0.000000000000000000e+00,0.000000000000000000e+00
2.493693763142238851e+01,0.000000000000000000e+00,0.000000000000000000e+00
2.467699107993176355e+01,0.000000000000000000e+00,0.000000000000000000e+00
2.739984793521822581e+01,0.000000000000000000e+00,0.000000000000000000e+00
2.316711733783676763e+01,0.000000000000000000e+00,0.000000000000000000e+00
2.748378861313103982e+01,0.000000000000000000e+00,0.000000000000000000e+00
2.892043083992752628e+01,0.000000000000000000e+00,0.000000000000000000e+00
2.352000357344360282e+01,0.000000000000000000e+00,0.000000000000000000e+00
2.554384884135583889e+01,0.000000000000000000e+00,0.000000000000000000e+00
2.331087267180758005e+01,0.000000000000000000e+00,0.000000000000000000e+00
2.201557941453873113e+01,0.000000000000000000e+00,0.000000000000000000e+00
2.925293247741872094e+01,0.000000000000000000e+00,0.000000000000000000e+00
2.549626147424671885e+01,0.000000000000000000e+00,0.000000000000000000e+00
2.725995024470849870e+01,0.000000000000000000e+00,0.000000000000000000e+00
2.568659168261122971e+01,0.000000000000000000e+00,0.000000000000000000e+00
2.707321985404988851e+01,0.000000000000000000e+00,0.000000000000000000e+00
2.426493208361379317e+01,0.000000000000000000e+00,0.000000000000000000e+00
2.670059787369480730e+01,0.000000000000000000e+00,0.000000000000000000e+00
2.685679252602822586e+01,0.000000000000000000e+00,0.000000000000000000e+00
2.778961066766472499e+01,0.000000000000000000e+00,0.000000000000000000e+00
2.374215503755598178e+01,0.000000000000000000e+00,0.000000000000000000e+00
2.737150518151785761e+01,0.000000000000000000e+00,0.000000000000000000e+00
2.552088494083545456e+01,0.000000000000000000e+00,0.000000000000000000e+00
2.732500391568019182e+01,0.000000000000000000e+00,0.000000000000000000e+00
2.303328187833684737e+01,0.000000000000000000e+00,0.000000000000000000e+00
2.974355278404044967e+01,0.000000000000000000e+00,0.000000000000000000e+00
2.928093123556186583e+01,0.000000000000000000e+00,0.000000000000000000e+00
2.770658291749069946e+01,0.000000000000000000e+00,0.000000000000000000e+00
3.114978746547662780e+01,0.000000000000000000e+00,0.000000000000000000e+00
2.822179619472028023e+01,0.000000000000000000e+00,0.000000000000000000e+00
2.881409896516780123e+01,0.000000000000000000e+00,0.000000000000000000e+00
2.522407223063535398e+01,0.000000000000000000e+00,0.000000000000000000e+00
2.386715164825330504e+01,0.000000000000000000e+00,0.000000000000000000e+00
2.601471067087442535e+01,0.000000000000000000e+00,0.000000000000000000e+00
2.815297682600349560e+01,0.000000000000000000e+00,0.000000000000000000e+00
2.529344953196834922e+01,0.000000000000000000e+00,0.000000000000000000e+00
2.947991062734718426e+01,0.000000000000000000e+00,0.000000000000000000e+00
3.047191524077130254e+01,0.000000000000000000e+00,0.000000000000000000e+00
2.983765522272726756e+01,0.000000000000000000e+00,0.000000000000000000e+00
2.746334690522477118e+01,0.000000000000000000e+00,0.000000000000000000e+00
2.816788014477978308e+01,0.000000000000000000e+00,0.000000000000000000e+00
2.833150139534238576e+01,0.000000000000000000e+00,0.000000000000000000e+00
2.665670856156961932e+01,0.000000000000000000e+00,0.000000000000000000e+00
2.382965583178739877e+01,0.000000000000000000e+00,0.000000000000000000e+00
2.653697642472655716e+01,0.000000000000000000e+00,0.000000000000000000e+00
3.364567928974336297e+01,0.000000000000000000e+00,0.000000000000000000e+00
2.879242866766940878e+01,0.000000000000000000e+00,0.000000000000000000e+00
2.832945832834860056e+01,0.000000000000000000e+00,0.000000000000000000e+00
2.534400799402516924e+01,0.000000000000000000e+00,0.000000000000000000e+00
3.055153777588347097e+01,0.000000000000000000e+00,0.000000000000000000e+00
2.998581258208086808e+01,0.000000000000000000e+00,0.000000000000000000e+00
2.572523460171748155e+01,0.000000000000000000e+00,0.000000000000000000e+00
2.725633496111733933e+01,0.000000000000000000e+00,0.000000000000000000e+00
2.901792382446399543e+01,0.000000000000000000e+00,0.000000000000000000e+00
2.920303214623605115e+01,0.000000000000000000e+00,0.000000000000000000e+00
2.747244498857117279e+01,0.000000000000000000e+00,0.000000000000000000e+00
2.969512022470806656e+01,0.000000000000000000e+00,0.000000000000000000e+00
3.074263493513264223e+01,0.000000000000000000e+00,0.000000000000000000e+00
2.611822072960462293e+01,0.000000000000000000e+00,0.000000000000000000e+00
2.703787678895681879e+01,0.000000000000000000e+00,0.000000000000000000e+00
2.808379862290309248e+01,0.000000000000000000e+00,0.000000000000000000e+00
2.634355023470842738e+01,0.000000000000000000e+00,0.000000000000000000e+00
2.596112995243221278e+01,0.000000000000000000e+00,0.000000000000000000e+00
3.019676922964685062e+01,0.000000000000000000e+00,0.000000000000000000e+00
2.743697563694061969e+01,0.000000000000000000e+00,0.000000000000000000e+00
2.722183660769889002e+01,0.000000000000000000e+00,0.000000000000000000e+00
2.949938469828820331e+01,0.000000000000000000e+00,0.000000000000000000e+00
3.001193029462930184e+01,0.000000000000000000e+00,0.000000000000000000e+00
2.866068958642815545e+01,0.000000000000000000e+00,0.000000000000000000e+00
3.114006019554397398e+01,0.000000000000000000e+00,0.000000000000000000e+00
3.102675186601406665e+01,0.000000000000000000e+00,0.000000000000000000e+00
3.393199353854276978e+01,0.000000000000000000e+00,0.000000000000000000e+00
3.046820129097720198e+01,0.000000000000000000e+00,0.000000000000000000e+00
3.020258733936632112e+01,0.000000000000000000e+00,0.000000000000000000e+00
3.126454451640188736e+01,0.000000000000000000e+00,0.000000000000000000e+00
2.756409994114934747e+01,0.000000000000000000e+00,0.000000000000000000e+00
2.824727492667194895e+01,0.000000000000000000e+00,0.000000000000000000e+00
3.177701458881776020e+01,0.000000000000000000e+00,0.000000000000000000e+00
3.042190783937624587e+01,0.000000000000000000e+00,0.000000000000000000e+00
2.992380778614515791e+01,0.000000000000000000e+00,0.000000000000000000e+00
2.655930669862281590e+01,0.000000000000000000e+00,0.000000000000000000e+00
3.309214890738041959e+01,0.000000000000000000e+00,0.000000000000000000e+00
3.144769706541094934e+01,0.000000000000000000e+00,0.000000000000000000e+00
3.033403710089559624e+01,0.000000000000000000e+00,0.000000000000000000e+00
2.786397092433392686e+01,0.000000000000000000e+00,0.000000000000000000e+00
2.752569527356735790e+01,0.000000000000000000e+00,0.000000000000000000e+00
3.049665630443811892e+01,0.000000000000000000e+00,0.000000000000000000e+00
3.071967575723341071e+01,0.000000000000000000e+00,0.000000000000000000e+00
2.779542981073227281e+01,0.000000000000000000e+00,0.000000000000000000e+00
2.668858441755154587e+01,0.000000000000000000e+00,0.000000000000000000e+00
3.244154243559293604e+01,0.000000000000000000e+00,0.000000000000000000e+00
3.078401170178418766e+01,0.000000000000000000e+00,0.000000000000000000e+00
3.159554492316901531e+01,0.000000000000000000e+00,0.000000000000000000e+00
3.203356528907817591e+01,0.000000000000000000e+00,0.000000000000000000e+00
3.482842001584855751e+01,0.000000000000000000e+00,0.000000000000000000e+00
3.075271676571763990e+01,0.000000000000000000e+00,0.000000000000000000e+00
3.082164530760391230e+01,0.000000000000000000e+00,0.000000000000000000e+00
3.087279518075851215e+01,0.000000000000000000e+00,0.000000000000000000e+00
3.227341050507971687e+01,0.000000000000000000e+00,0.000000000000000000e+00
3.315476510082981321e+01,0.000000000000000000e+00,0.000000000000000000e+00
3.413462100108735342e+01,0.000000000000000000e+00,0.000000000000000000e+00
3.153250692814826195e+01,0.000000000000000000e+00,0.000000000000000000e+00
3.094030064296858384e+01,0.000000000000000000e+00,0.000000000000000000e+00
3.234880400555876179e+01,0.000000000000000000e+00,0.000000000000000000e+00
3.129937481464590832e+01,0.000000000000000000e+00,0.000000000000000000e+00
2.868031513474377547e+01,0.000000000000000000e+00,0.000000000000000000e+00
3.091807738378975401e+01,0.000000000000000000e+00,0.000000000000000000e+00
3.181085102067563497e+01,0.000000000000000000e+00,0.000000000000000000e+00
3.460102628866883379e+01,0.000000000000000000e+00,0.000000000000000000e+00
2.941152439686445064e+01,0.000000000000000000e+00,0.000000000000000000e+00
3.012559296189575520e+01,0.000000000000000000e+00,0.000000000000000000e+00
3.465357241346319483e+01,0.000000000000000000e+00,0.000000000000000000e+00
3.160818536843339643e+01,0.000000000000000000e+00,0.000000000000000000e+00
2.959584558101418494e+01,0.000000000000000000e+00,0.000000000000000000e+00
2.766577407348086481e+01,0.000000000000000000e+00,0.000000000000000000e+00
3.275697998920329468e+01,0.000000000000000000e+00,0.000000000000000000e+00
3.185817183165123723e+01,0.000000000000000000e+00,0.000000000000000000e+00
3.158881093822466468e+01,0.000000000000000000e+00,0.000000000000000000e+00
3.307694099222879203e+01,0.000000000000000000e+00,0.000000000000000000e+00
3.580473149735320959e+01,0.000000000000000000e+00,0.000000000000000000e+00
3.275093613257307368e+01,0.000000000000000000e+00,0.000000000000000000e+00
3.372634310246028377e+01,0.000000000000000000e+00,0.000000000000000000e+00
3.159961916219259592e+01,0.000000000000000000e+00,0.000000000000000000e+00
3.297741129948771999e+01,0.000000000000000000e+00,0.000000000000000000e+00
3.662964493681040068e+01,0.000000000000000000e+00,0.000000000000000000e+00
3.564647243526745513e+01,0.000000000000000000e+00,0.000000000000000000e+00
3.416029242326354165e+01,0.000000000000000000e+00,0.000000000000000000e+00
2.940726054040777626e+01,0.000000000000000000e+00,0.000000000000000000e+00
3.513506344178205865e+01,0.000000000000000000e+00,0.000000000000000000e+00
3.263543385551012221e+01,0.000000000000000000e+00,0.000000000000000000e+00
3.170215023310864311e+01,0.000000000000000000e+00,0.000000000000000000e+00
3.390530934709575916e+01,0.000000000000000000e+00,0.000000000000000000e+00
3.448660309062434237e+01,0.000000000000000000e+00,0.000000000000000000e+00
3.276446913089723978e+01,0.000000000000000000e+00,0.000000000000000000e+00
3.431068110314558339e+01,0.000000000000000000e+00,0.000000000000000000e+00
3.382900243367815563e+01,0.000000000000000000e+00,0.000000000000000000e+00
3.175386722829760799e+01,0.000000000000000000e+00,0.000000000000000000e+00
3.354023241649870357e+01,0.000000000000000000e+00,0.000000000000000000e+00
3.181463097672426699e+01,0.000000000000000000e+00,0.000000000000000000e+00
3.416885331602031073e+01,0.000000000000000000e+00,0.000000000000000000e+00
3.738618987991964815e+01,0.000000000000000000e+00,0.000000000000000000e+00
3.664090334503831059e+01,0.000000000000000000e+00,0.000000000000000000e+00
3.250749883719217337e+01,0.000000000000000000e+00,0.000000000000000000e+00
3.330958466769474313e+01,0.000000000000000000e+00,0.000000000000000000e+00
3.373191035361849544e+01,0.000000000000000000e+00,0.000000000000000000e+00
3.509666610058928882e+01,0.000000000000000000e+00,0.000000000000000000e+00
3.417543834424842686e+01,0.000000000000000000e+00,0.000000000000000000e+00
3.463462957603993431e+01,0.000000000000000000e+00,0.000000000000000000e+00
3.344286885369529472e+01,0.000000000000000000e+00,0.000000000000000000e+00
3.312396196286790229e+01,0.000000000000000000e+00,0.000000000000000000e+00
3.460346570569224411e+01,0.000000000000000000e+00,0.000000000000000000e+00
3.209244353844685094e+01,0.000000000000000000e+00,0.000000000000000000e+00
3.885546578614917479e+01,0.000000000000000000e+00,0.000000000000000000e+00
3.025956427735062704e+01,0.000000000000000000e+00,0.000000000000000000e+00
3.446414078410067106e+01,0.000000000000000000e+00,0.000000000000000000e+00
3.831788644689078183e+01,0.000000000000000000e+00,0.000000000000000000e+00
3.539768440734688681e+01,0.000000000000000000e+00,0.000000000000000000e+00
3.601594946550439147e+01,0.000000000000000000e+00,0.000000000000000000e+00
3.617892627087849178e+01,0.000000000000000000e+00,0.000000000000000000e+00
3.366212934170076920e+01,0.000000000000000000e+00,0.000000000000000000e+00
3.758859410308398452e+01,0.000000000000000000e+00,0.000000000000000000e+00
3.688312642779369099e+01,0.000000000000000000e+00,0.000000000000000000e+00
3.611740558846446447e+01,0.000000000000000000e+00,0.000000000000000000e+00
3.429658043680852586e+01,0.000000000000000000e+00,0.000000000000000000e+00
3.559098019002174595e+01,0.000000000000000000e+00,0.000000000000000000e+00
3.214198189178407006e+01,0.000000000000000000e+00,0.000000000000000000e+00
3.541402443998817517e+01,0.000000000000000000e+00,0.000000000000000000e+00
3.823058815865623927e+01,0.000000000000000000e+00,0.000000000000000000e+00
3.591605221154669181e+01,0.000000000000000000e+00,0.000000000000000000e+00
3.463498083214819445e+01,0.000000000000000000e+00,0.000000000000000000e+00
3.677031229353383424e+01,0.000000000000000000e+00,0.000000000000000000e+00
3.320481850012235014e+01,0.000000000000000000e+00,0.000000000000000000e+00
3.754720371493989006e+01,0.000000000000000000e+00,0.000000000000000000e+00
3.635854624653474332e+01,0.000000000000000000e+00,0.000000000000000000e+00
3.793530319091394176e+01,0.000000000000000000e+00,0.000000000000000000e+00
3.635489381596519820e+01,0.000000000000000000e+00,0.000000000000000000e+00
3.388364973222429910e+01,0.000000000000000000e+00,0.000000000000000000e+00
3.662816683665331396e+01,0.000000000000000000e+00,0.000000000000000000e+00
3.658052814705785494e+01,0.000000000000000000e+00,0.000000000000000000e+00
3.384050304287659827e+01,0.000000000000000000e+00,0.000000000000000000e+00
3.594262590489974940e+01,0.000000000000000000e+00,0.000000000000000000e+00
3.590092714484418934e+01,0.000000000000000000e+00,0.000000000000000000e+00
3.721338429316390517e+01,0.000000000000000000e+00,0.000000000000000000e+00
3.755023212706596070e+01,0.000000000000000000e+00,0.000000000000000000e+00
3.710909848684280377e+01,0.000000000000000000e+00,0.000000000000000000e+00
3.905762754378075385e+01,0.000000000000000000e+00,0.000000000000000000e+00
3.627070366937033441e+01,0.000000000000000000e+00,0.000000000000000000e+00
3.732040819893782668e+01,0.000000000000000000e+00,0.000000000000000000e+00
3.921777047329565846e+01,0.000000000000000000e+00,0.000000000000000000e+00
3.634657760389184489e+01,0.000000000000000000e+00,0.000000000000000000e+00
3.879479694923650612e+01,0.000000000000000000e+00,0.000000000000000000e+00
3.801355094663572487e+01,0.000000000000000000e+00,0.000000000000000000e+00
3.994761426365842283e+01,0.000000000000000000e+00,0.000000000000000000e+00
3.911338735664206467e+01,0.000000000000000000e+00,0.000000000000000000e+00
3.776312682779168028e+01,0.000000000000000000e+00,0.000000000000000000e+00
3.789380663147567674e+01,0.000000000000000000e+00,0.000000000000000000e+00
3.651774809400991728e+01,0.000000000000000000e+00,0.000000000000000000e+00
4.105137712215526591e+01,0.000000000000000000e+00,0.000000000000000000e+00
3.870734628147384626e+01,0.000000000000000000e+00,0.000000000000000000e+00
3.764236973023120214e+01,0.000000000000000000e+00,0.000000000000000000e+00
4.225797430127477128e+01,0.000000000000000000e+00,0.000000000000000000e+00
3.318117018245145999e+01,0.000000000000000000e+00,0.000000000000000000e+00
3.743286397954548050e+01,0.000000000000000000e+00,0.000000000000000000e+00
4.106494823200032585e+01,0.000000000000000000e+00,0.000000000000000000e+00
3.914432548395600975e+01,0.000000000000000000e+00,0.000000000000000000e+00
4.048993349413139953e+01,0.000000000000000000e+00,0.000000000000000000e+00
3.819555771337094541e+01,0.000000000000000000e+00,0.000000000000000000e+00
4.091166229863409853e+01,0.000000000000000000e+00,0.000000000000000000e+00
3.997834391300280998e+01,0.000000000000000000e+00,0.000000000000000000e+00
3.947736554563248035e+01,0.000000000000000000e+00,0.000000000000000000e+00
4.002061446650631638e+01,0.000000000000000000e+00,0.000000000000000000e+00
4.128763708582191327e+01,0.000000000000000000e+00,0.000000000000000000e+00
3.931967269580052715e+01,0.000000000000000000e+00,0.000000000000000000e+00
3.732233282433805499e+01,0.000000000000000000e+00,0.000000000000000000e+00
4.190625941259090581e+01,0.000000000000000000e+00,0.000000000000000000e+00
3.755419826276156670e+01,0.000000000000000000e+00,0.000000000000000000e+00
3.503364084893799202e+01,0.000000000000000000e+00,0.000000000000000000e+00
3.712666429394484879e+01,0.000000000000000000e+00,0.000000000000000000e+00
3.734037091339214243e+01,0.000000000000000000e+00,0.000000000000000000e+00
4.069857305689456695e+01,0.000000000000000000e+00,0.000000000000000000e+00
3.958992539626139973e+01,0.000000000000000000e+00,0.000000000000000000e+00
4.042660449870160733e+01,0.000000000000000000e+00,0.000000000000000000e+00
4.350145257718502734e+01,0.000000000000000000e+00,0.000000000000000000e+00
3.963025876591004248e+01,0.000000000000000000e+00,0.000000000000000000e+00
3.905219574745699873e+01,0.000000000000000000e+00,0.000000000000000000e+00
4.081059172211578812e+01,0.000000000000000000e+00,0.000000000000000000e+00
3.788247111819519120e+01,0.000000000000000000e+00,0.000000000000000000e+00
3.469073810405111402e+01,0.000000000000000000e+00,0.000000000000000000e+00
4.054588332874382672e+01,0.000000000000000000e+00,0.000000000000000000e+00
3.981308858243626503e+01,0.000000000000000000e+00,0.000000000000000000e+00
3.757940143456159632e+01,0.000000000000000000e+00,0.000000000000000000e+00
4.170201449355031542e+01,0.000000000000000000e+00,0.000000000000000000e+00
3.884014786780860362e+01,0.000000000000000000e+00,0.000000000000000000e+00
4.025506182478830652e+01,0.000000000000000000e+00,0.000000000000000000e+00
3.948111868754047293e+01,0.000000000000000000e+00,0.000000000000000000e+00
3.832604987595711066e+01,0.000000000000000000e+00,0.000000000000000000e+00
4.321711574496698915e+01,0.000000000000000000e+00,0.000000000000000000e+00
4.530792409634550921e+01,0.000000000000000000e+00,0.000000000000000000e+00
3.741572062763481199e+01,0.000000000000000000e+00,0.000000000000000000e+00
3.894116945806009511e+01,0.000000000000000000e+00,0.000000000000000000e+00
4.324059665153716026e+01,0.000000000000000000e+00,0.000000000000000000e+00
4.020190201237350180e+01,0.000000000000000000e+00,0.000000000000000000e+00
4.043018480349460475e+01,0.000000000000000000e+00,0.000000000000000000e+00
3.993252547240377481e+01,0.000000000000000000e+00,0.000000000000000000e+00
4.059537410214800701e+01,0.000000000000000000e+00,0.000000000000000000e+00
4.582629164743242001e+01,0.000000000000000000e+00,0.000000000000000000e+00
4.238034235123700455e+01,0.000000000000000000e+00,0.000000000000000000e+00
4.631425656225039944e+01,0.000000000000000000e+00,0.000000000000000000e+00
4.520582613144143380e+01,0.000000000000000000e+00,0.000000000000000000e+00
4.122724438926013590e+01,0.000000000000000000e+00,0.000000000000000000e+00
4.463878933111200098e+01,0.000000000000000000e+00,0.000000000000000000e+00
3.964115509750954658e+01,0.000000000000000000e+00,0.000000000000000000e+00
4.397340201557325656e+01,0.000000000000000000e+00,0.000000000000000000e+00
4.138906339481484764e+01,0.000000000000000000e+00,0.000000000000000000e+00
4.163080906053104968e+01,0.000000000000000000e+00,0.000000000000000000e+00
3.971727485072226216e+01,0.000000000000000000e+00,0.000000000000000000e+00
4.259587799978253742e+01,0.000000000000000000e+00,0.000000000000000000e+00
4.417068637710407586e+01,0.000000000000000000e+00,0.000000000000000000e+00
4.071678575047285875e+01,0.000000000000000000e+00,0.000000000000000000e+00
4.141382115898455396e+01,0.000000000000000000e+00,0.000000000000000000e+00
4.356384496679383744e+01,0.000000000000000000e+00,0.000000000000000000e+00
4.323242440523042518e+01,0.000000000000000000e+00,0.000000000000000000e+00
4.508380688104513467e+01,0.000000000000000000e+00,0.000000000000000000e+00
4.111403602092584464e+01,0.000000000000000000e+00,0.000000000000000000e+00
4.483262013186041628e+01,0.000000000000000000e+00,0.000000000000000000e+00
4.271353901494425997e+01,0.000000000000000000e+00,0.000000000000000000e+00
4.172022652751635974e+01,0.000000000000000000e+00,0.000000000000000000e+00
4.314835253170351592e+01,0.000000000000000000e+00,0.000000000000000000e+00
4.232975571036842410e+01,0.000000000000000000e+00,0.000000000000000000e+00
4.175623750314252902e+01,0.000000000000000000e+00,0.000000000000000000e+00
4.505786413651139100e+01,0.000000000000000000e+00,0.000000000000000000e+00
4.520868900077488206e+01,0.000000000000000000e+00,0.000000000000000000e+00
4.437833673486975528e+01,0.000000000000000000e+00,0.000000000000000000e+00
4.587679562300969138e+01,0.000000000000000000e+00,0.000000000000000000e+00
4.157774245505829924e+01,0.000000000000000000e+00,0.000000000000000000e+00
4.686727765055646699e+01,0.000000000000000000e+00,0.000000000000000000e+00
4.687571638501384541e+01,0.000000000000000000e+00,0.000000000000000000e+00
4.794824595734363015e+01,0.000000000000000000e+00,0.000000000000000000e+00
4.143763638465244981e+01,0.000000000000000000e+00,0.000000000000000000e+00
4.506397665259630259e+01,0.000000000000000000e+00,0.000000000000000000e+00
4.133956628750748052e+01,0.000000000000000000e+00,0.000000000000000000e+00
4.419422470955534266e+01,0.000000000000000000e+00,0.000000000000000000e+00
4.380944281963086695e+01,0.000000000000000000e+00,0.000000000000000000e+00
4.375607306966426790e+01,0.000000000000000000e+00,0.000000000000000000e+00
4.179259062811513559e+01,0.000000000000000000e+00,0.000000000000000000e+00
4.378637806884015760e+01,0.000000000000000000e+00,0.000000000000000000e+00
4.791980980605681850e+01,0.000000000000000000e+00,0.000000000000000000e+00
4.513831218520503796e+01,0.000000000000000000e+00,0.000000000000000000e+00
4.387517659647195956e+01,0.000000000000000000e+00,0.000000000000000000e+00
4.638804113144224317e+01,0.000000000000000000e+00,0.000000000000000000e+00
4.255255367989612125e+01,0.000000000000000000e+00,0.000000000000000000e+00
4.760762114736535722e+01,0.000000000000000000e+00,0.000000000000000000e+00
4.160319302410074727e+01,0.000000000000000000e+00,0.000000000000000000e+00
4.958381574214801901e+01,0.000000000000000000e+00,0.000000000000000000e+00
4.227446595094201598e+01,0.000000000000000000e+00,0.000000000000000000e+00
4.280145575051034257e+01,0.000000000000000000e+00,0.000000000000000000e+00
4.817945229025823295e+01,0.000000000000000000e+00,0.000000000000000000e+00
4.804758186088935901e+01,0.000000000000000000e+00,0.000000000000000000e+00
5.061341501576206525e+01,0.000000000000000000e+00,0.000000000000000000e+00
4.456540086237179565e+01,0.000000000000000000e+00,0.000000000000000000e+00
4.542597352795940679e+01,0.000000000000000000e+00,0.000000000000000000e+00
4.699389445881671179e+01,0.000000000000000000e+00,0.000000000000000000e+00
4.381757334696126804e+01,0.000000000000000000e+00,0.000000000000000000e+00
4.514430141676393049e+01,0.000000000000000000e+00,0.000000000000000000e+00
4.320840509721084288e+01,0.000000000000000000e+00,0.000000000000000000e+00
4.635005840493411000e+01,0.000000000000000000e+00,0.000000000000000000e+00
4.597335205548177584e+01,0.000000000000000000e+00,0.000000000000000000e+00
4.588805519607383587e+01,0.000000000000000000e+00,0.000000000000000000e+00
4.718480348140496972e+01,0.000000000000000000e+00,0.000000000000000000e+00
4.500912571190352196e+01,0.000000000000000000e+00,0.000000000000000000e+00
4.666561163020615055e+01,0.000000000000000000e+00,0.000000000000000000e+00
4.879130585605114589e+01,0.000000000000000000e+00,0.000000000000000000e+00
4.482348235251636481e+01,0.000000000000000000e+00,0.000000000000000000e+00
4.859221769230638444e+01,0.000000000000000000e+00,0.000000000000000000e+00
4.768777347876317663e+01,0.000000000000000000e+00,0.000000000000000000e+00
4.740087395258435521e+01,0.000000000000000000e+00,0.000000000000000000e+00
4.685909648219942625e+01,0.000000000000000000e+00,0.000000000000000000e+00
4.895667861271918753e+01,0.000000000000000000e+00,0.000000000000000000e+00
4.692898245284286673e+01,0.000000000000000000e+00,0.000000000000000000e+00
4.609715382991671362e+01,0.000000000000000000e+00,0.000000000000000000e+00
4.482767310478877931e+01,0.000000000000000000e+00,0.000000000000000000e+00
4.635270106251994093e+01,0.000000000000000000e+00,0.000000000000000000e+00
4.390098991550856056e+01,0.000000000000000000e+00,0.000000000000000000e+00
4.477665621790178108e+01,0.000000000000000000e+00,0.000000000000000000e+00
4.879824699338510641e+01,0.000000000000000000e+00,0.000000000000000000e+00
4.704229627059805097e+01,0.000000000000000000e+00,0.000000000000000000e+00
4.709256437692923924e+01,0.000000000000000000e+00,0.000000000000000000e+00
4.299780182668239803e+01,0.000000000000000000e+00,0.000000000000000000e+00
4.851768814055329671e+01,0.000000000000000000e+00,0.000000000000000000e+00
4.873066638102571346e+01,0.000000000000000000e+00,0.000000000000000000e+00
4.836928158666929534e+01,0.000000000000000000e+00,0.000000000000000000e+00
4.820998078534953635e+01,0.000000000000000000e+00,0.000000000000000000e+00
4.595901592080553399e+01,0.000000000000000000e+00,0.000000000000000000e+00
5.195719454846490493e+01,0.000000000000000000e+00,0.000000000000000000e+00
4.685223118307619927e+01,0.000000000000000000e+00,0.000000000000000000e+00
4.794153311404702578e+01,0.000000000000000000e+00,0.000000000000000000e+00
5.170538075928840982e+01,0.000000000000000000e+00,0.000000000000000000e+00
5.088957792664340474e+01,0.000000000000000000e+00,0.000000000000000000e+00
4.744691442195397713e+01,0.000000000000000000e+00,0.000000000000000000e+00
5.045990575278643320e+01,0.000000000000000000e+00,0.000000000000000000e+00
5.075411724974026839e+01,0.000000000000000000e+00,0.000000000000000000e+00
4.991066628815585204e+01,0.000000000000000000e+00,0.000000000000000000e+00
4.538512539922071198e+01,0.000000000000000000e+00,0.000000000000000000e+00
4.866103085940386563e+01,0.000000000000000000e+00,0.000000000000000000e+00
5.102677205055682208e+01,0.000000000000000000e+00,0.000000000000000000e+00
4.228348455381090076e+01,0.000000000000000000e+00,0.000000000000000000e+00
4.495932544154202759e+01,0.000000000000000000e+00,0.000000000000000000e+00
5.002115583414372679e+01,0.000000000000000000e+00,0.000000000000000000e+00
5.242685303289115950e+01,0.000000000000000000e+00,0.000000000000000000e+00
4.915432587501108941e+01,0.000000000000000000e+00,0.000000000000000000e+00
5.136870827987511490e+01,0.000000000000000000e+00,0.000000000000000000e+00
4.992008797340188408e+01,0.000000000000000000e+00,0.000000000000000000e+00
5.197877178885904215e+01,0.000000000000000000e+00,0.000000000000000000e+00
5.072941518255376536e+01,0.000000000000000000e+00,0.000000000000000000e+00
4.716872769282485933e+01,0.000000000000000000e+00,0.000000000000000000e+00
5.083624723304626514e+01,0.000000000000000000e+00,0.000000000000000000e+00
4.981009878941154057e+01,0.000000000000000000e+00,0.000000000000000000e+00
5.412841912771863662e+01,0.000000000000000000e+00,0.000000000000000000e+00
5.008435421792134434e+01,0.000000000000000000e+00,0.000000000000000000e+00
5.170578502895037332e+01,0.000000000000000000e+00,0.000000000000000000e+00
5.475655082476479407e+01,0.000000000000000000e+00,0.000000000000000000e+00
5.146893858496986951e+01,0.000000000000000000e+00,0.000000000000000000e+00
4.949872046985008467e+01,0.000000000000000000e+00,0.000000000000000000e+00
5.262692867635081484e+01,0.000000000000000000e+00,0.000000000000000000e+00
5.271377499104276154e+01,0.000000000000000000e+00,0.000000000000000000e+00
4.877664401473763434e+01,0.000000000000000000e+00,0.000000000000000000e+00
5.206627223853715236e+01,0.000000000000000000e+00,0.000000000000000000e+00
5.040879623135019472e+01,0.000000000000000000e+00,0.000000000000000000e+00
5.057572962188879728e+01,0.000000000000000000e+00,0.000000000000000000e+00
5.077851798186372179e+01,0.000000000000000000e+00,0.000000000000000000e+00
5.272180907927186411e+01,0.000000000000000000e+00,0.000000000000000000e+00
5.254888235444833100e+01,0.000000000000000000e+00,0.000000000000000000e+00
5.257134296254510275e+01,0.000000000000000000e+00,0.000000000000000000e+00
5.116122123262697841e+01,0.000000000000000000e+00,0.000000000000000000e+00
5.061000359121119629e+01,0.000000000000000000e+00,0.000000000000000000e+00
5.432345767869733066e+01,0.000000000000000000e+00,0.000000000000000000e+00
5.167800764887117282e+01,0.000000000000000000e+00,0.000000000000000000e+00
5.273036570968864112e+01,0.000000000000000000e+00,0.000000000000000000e+00
5.345004446605011594e+01,0.000000000000000000e+00,0.000000000000000000e+00
5.599714164387982862e+01,0.000000000000000000e+00,0.000000000000000000e+00
5.228909803463366757e+01,0.000000000000000000e+00,0.000000000000000000e+00
5.763420657993179930e+01,0.000000000000000000e+00,0.000000000000000000e+00
5.397990843390152094e+01,0.000000000000000000e+00,0.000000000000000000e+00
5.023777236321527084e+01,0.000000000000000000e+00,0.000000000000000000e+00
5.041415607479660110e+01,0.000000000000000000e+00,0.000000000000000000e+00
4.901006984919960985e+01,0.000000000000000000e+00,0.000000000000000000e+00
5.234467126098312661e+01,0.000000000000000000e+00,0.000000000000000000e+00
5.274695183732480785e+01,0.000000000000000000e+00,0.000000000000000000e+00
5.214951987556203505e+01,0.000000000000000000e+00,0.000000000000000000e+00
5.553935093120679767e+01,0.000000000000000000e+00,0.000000000000000000e+00
5.319455353664449149e+01,0.000000000000000000e+00,0.000000000000000000e+00
4.973906091151506104e+01,0.000000000000000000e+00,0.000000000000000000e+00
5.261107553688809446e+01,0.000000000000000000e+00,0.000000000000000000e+00
5.605244699492257610e+01,0.000000000000000000e+00,0.000000000000000000e+00
5.389621379707135418e+01,0.000000000000000000e+00,0.000000000000000000e+00
5.300536669864301587e+01,0.000000000000000000e+00,0.000000000000000000e+00
5.413248755454082328e+01,0.000000000000000000e+00,0.000000000000000000e+00
5.891210772734178391e+01,0.000000000000000000e+00,0.000000000000000000e+00
5.559460898963553888e+01,0.000000000000000000e+00,0.000000000000000000e+00
5.562728331509430291e+01,0.000000000000000000e+00,0.000000000000000000e+00
5.400443104482242518e+01,0.000000000000000000e+00,0.000000000000000000e+00
5.415284316232776263e+01,0.000000000000000000e+00,0.000000000000000000e+00
5.463231170478479726e+01,0.000000000000000000e+00,0.000000000000000000e+00
5.426251119732972938e+01,0.000000000000000000e+00,0.000000000000000000e+00
5.503736884818199115e+01,0.000000000000000000e+00,0.000000000000000000e+00
5.511689145806559509e+01,0.000000000000000000e+00,0.000000000000000000e+00
5.057349496698826385e+01,0.000000000000000000e+00,0.000000000000000000e+00
5.562386199700453204e+01,0.000000000000000000e+00,0.000000000000000000e+00
5.637201794992507331e+01,0.000000000000000000e+00,0.000000000000000000e+00
5.632259787431111420e+01,0.000000000000000000e+00,0.000000000000000000e+00
5.396889330874690671e+01,0.000000000000000000e+00,0.000000000000000000e+00
5.515350200358458466e+01,0.000000000000000000e+00,0.000000000000000000e+00
5.528560162189101135e+01,0.000000000000000000e+00,0.000000000000000000e+00
5.431008779759987704e+01,0.000000000000000000e+00,0.000000000000000000e+00
5.752379100131249601e+01,0.000000000000000000e+00,0.000000000000000000e+00
5.400162754694287059e+01,0.000000000000000000e+00,0.000000000000000000e+00
5.434989520685418540e+01,0.000000000000000000e+00,0.000000000000000000e+00
5.645891088324520979e+01,0.000000000000000000e+00,0.000000000000000000e+00
5.646255362165126712e+01,0.000000000000000000e+00,0.000000000000000000e+00
5.202461683329130437e+01,0.000000000000000000e+00,0.000000000000000000e+00
5.072817723589996319e+01,0.000000000000000000e+00,0.000000000000000000e+00
5.346407086281406151e+01,0.000000000000000000e+00,0.000000000000000000e+00
5.430174359234999315e+01,0.000000000000000000e+00,0.000000000000000000e+00
5.477471015805929966e+01,0.000000000000000000e+00,0.000000000000000000e+00
5.747843025190580590e+01,0.000000000000000000e+00,0.000000000000000000e+00
5.509157692161806352e+01,0.000000000000000000e+00,0.000000000000000000e+00
5.882631770114186054e+01,0.000000000000000000e+00,0.000000000000000000e+00
5.346294937101984601e+01,0.000000000000000000e+00,0.000000000000000000e+00
5.593508445360371439e+01,0.000000000000000000e+00,0.000000000000000000e+00
5.550931353068147445e+01,0.000000000000000000e+00,0.000000000000000000e+00
5.619647209687457945e+01,0.000000000000000000e+00,0.000000000000000000e+00
5.835873476390965919e+01,0.000000000000000000e+00,0.000000000000000000e+00
5.965413013000220133e+01,0.000000000000000000e+00,0.000000000000000000e+00
5.521281215054347769e+01,0.000000000000000000e+00,0.000000000000000000e+00
5.737849812308904518e+01,0.000000000000000000e+00,0.000000000000000000e+00
5.533784186833744201e+01,0.000000000000000000e+00,0.000000000000000000e+00
5.467335539689763380e+01,0.000000000000000000e+00,0.000000000000000000e+00
5.550059227254797634e+01,0.000000000000000000e+00,0.000000000000000000e+00
5.784422098622639652e+01,0.000000000000000000e+00,0.000000000000000000e+00
5.388881320995680824e+01,0.000000000000000000e+00,0.000000000000000000e+00
5.626269817594293698e+01,0.000000000000000000e+00,0.000000000000000000e+00
5.929436469939798116e+01,0.000000000000000000e+00,0.000000000000000000e+00
5.893621530526024799e+01,0.000000000000000000e+00,0.000000000000000000e+00
5.588157313460521891e+01,0.000000000000000000e+00,0.000000000000000000e+00
5.580966536651671817e+01,0.000000000000000000e+00,0.000000000000000000e+00
5.784627345808688403e+01,0.000000000000000000e+00,0.000000000000000000e+00
5.857568169603139552e+01,0.000000000000000000e+00,0.000000000000000000e+00
5.855901290127146552e+01,0.000000000000000000e+00,0.000000000000000000e+00
5.883870362172889656e+01,0.000000000000000000e+00,0.000000000000000000e+00
5.774464776048449721e+01,0.000000000000000000e+00,0.000000000000000000e+00
5.896764079003052927e+01,0.000000000000000000e+00,0.000000000000000000e+00
6.027733688460298112e+01,0.000000000000000000e+00,0.000000000000000000e+00
5.669401956553232935e+01,0.000000000000000000e+00,0.000000000000000000e+00
6.070246743019480817e+01,0.000000000000000000e+00,0.000000000000000000e+00
5.779065319595617467e+01,0.000000000000000000e+00,0.000000000000000000e+00
5.944552974005100054e+01,0.000000000000000000e+00,0.000000000000000000e+00
5.974675864212187548e+01,0.000000000000000000e+00,0.000000000000000000e+00
5.531507440257249897e+01,0.000000000000000000e+00,0.000000000000000000e+00
6.024053071463583109e+01,0.000000000000000000e+00,0.000000000000000000e+00
5.779861844246700997e+01,0.000000000000000000e+00,0.000000000000000000e+00
5.972006097693678583e+01,0.000000000000000000e+00,0.000000000000000000e+00
6.260218016676935093e+01,0.000000000000000000e+00,0.000000000000000000e+00
5.851936666817897503e+01,0.000000000000000000e+00,0.000000000000000000e+00
6.032330908451061902e+01,0.000000000000000000e+00,0.000000000000000000e+00
6.013061641410862279e+01,0.000000000000000000e+00,0.000000000000000000e+00
5.732787774369381850e+01,0.000000000000000000e+00,0.000000000000000000e+00
5.686034768655959226e+01,0.000000000000000000e+00,0.000000000000000000e+00
6.009972140407260355e+01,0.000000000000000000e+00,0.000000000000000000e+00
5.969768670174561720e+01,0.000000000000000000e+00,0.000000000000000000e+00
5.880388508562066363e+01,0.000000000000000000e+00,0.000000000000000000e+00
5.629803589348276205e+01,0.000000000000000000e+00,0.000000000000000000e+00
6.050201281493200156e+01,0.000000000000000000e+00,0.000000000000000000e+00
5.824685097866421302e+01,0.000000000000000000e+00,0.000000000000000000e+00
6.302228265531035589e+01,0.000000000000000000e+00,0.000000000000000000e+00
5.984083045460506156e+01,0.000000000000000000e+00,0.000000000000000000e+00
6.209367784001111090e+01,0.000000000000000000e+00,0.000000000000000000e+00
5.891694230694865553e+01,0.000000000000000000e+00,0.000000000000000000e+00
6.395548085563164875e+01,0.000000000000000000e+00,0.000000000000000000e+00
6.030917037711746786e+01,0.000000000000000000e+00,0.000000000000000000e+00
6.019138885397652672e+01,0.000000000000000000e+00,0.000000000000000000e+00
6.399516311069889696e+01,0.000000000000000000e+00,0.000000000000000000e+00
6.001662264044072259e+01,0.000000000000000000e+00,0.000000000000000000e+00
5.901834472724854663e+01,0.000000000000000000e+00,0.000000000000000000e+00
6.196574536899650809e+01,0.000000000000000000e+00,0.000000000000000000e+00
6.193661657026832756e+01,0.000000000000000000e+00,0.000000000000000000e+00
5.900974956291223350e+01,0.000000000000000000e+00,0.000000000000000000e+00
6.171598308585392090e+01,0.000000000000000000e+00,0.000000000000000000e+00
6.309033841622716210e+01,0.000000000000000000e+00,0.000000000000000000e+00
6.312223468377737134e+01,0.000000000000000000e+00,0.000000000000000000e+00
5.912186099112677340e+01,0.000000000000000000e+00,0.000000000000000000e+00
6.082165950103036067e+01,0.000000000000000000e+00,0.000000000000000000e+00
6.523181908737953449e+01,0.000000000000000000e+00,0.000000000000000000e+00
6.375079809750943127e+01,0.000000000000000000e+00,0.000000000000000000e+00
5.881608061801426857e+01,0.000000000000000000e+00,0.000000000000000000e+00
5.860979774374231255e+01,0.000000000000000000e+00,0.000000000000000000e+00
6.069743231478845757e+01,0.000000000000000000e+00,0.000000000000000000e+00
6.555347176668050224e+01,0.000000000000000000e+00,0.000000000000000000e+00
5.959101837301177085e+01,0.000000000000000000e+00,0.000000000000000000e+00
6.092111604980849648e+01,0.000000000000000000e+00,0.000000000000000000e+00
5.971442432586110982e+01,0.000000000000000000e+00,0.000000000000000000e+00
6.290509235208460126e+01,0.000000000000000000e+00,0.000000000000000000e+00
6.302791720557340938e+01,0.000000000000000000e+00,0.000000000000000000e+00
6.247757153278197961e+01,0.000000000000000000e+00,0.000000000000000000e+00
6.051679878476064545e+01,0.000000000000000000e+00,0.000000000000000000e+00
6.370256790731763630e+01,0.000000000000000000e+00,0.000000000000000000e+00
6.313190572752679941e+01,0.000000000000000000e+00,0.000000000000000000e+00
6.375440628131891430e+01,0.000000000000000000e+00,0.000000000000000000e+00
6.285926480988236875e+01,0.000000000000000000e+00,0.000000000000000000e+00
6.256895680461321518e+01,0.000000000000000000e+00,0.000000000000000000e+00
6.243439490443066830e+01,0.000000000000000000e+00,0.000000000000000000e+00
6.231261868483932176e+01,0.000000000000000000e+00,0.000000000000000000e+00
6.225274087182062743e+01,0.000000000000000000e+00,0.000000000000000000e+00
6.165342641709892746e+01,0.000000000000000000e+00,0.000000000000000000e+00
6.205445091698666005e+01,0.000000000000000000e+00,0.000000000000000000e+00
6.143383623813738126e+01,0.000000000000000000e+00,0.000000000000000000e+00
6.267628394971924166e+01,0.000000000000000000e+00,0.000000000000000000e+00
6.464461143147572386e+01,0.000000000000000000e+00,0.000000000000000000e+00
6.598458876287176622e+01,0.000000000000000000e+00,0.000000000000000000e+00
6.332075498637862410e+01,0.000000000000000000e+00,0.000000000000000000e+00
6.315489285792235563e+01,0.000000000000000000e+00,0.000000000000000000e+00
6.485001493166409148e+01,0.000000000000000000e+00,0.000000000000000000e+00
6.236064951553876057e+01,0.000000000000000000e+00,0.000000000000000000e+00
6.433050256138537293e+01,0.000000000000000000e+00,0.000000000000000000e+00
6.768636545465726329e+01,0.000000000000000000e+00,0.000000000000000000e+00
6.461831961833748039e+01,0.000000000000000000e+00,0.000000000000000000e+00
6.997867297967171396e+01,0.000000000000000000e+00,0.000000000000000000e+00
6.407502158777631962e+01,0.000000000000000000e+00,0.000000000000000000e+00
6.485180991374602399e+01,0.000000000000000000e+00,0.000000000000000000e+00
6.456975582809417347e+01,0.000000000000000000e+00,0.000000000000000000e+00
6.359783940267353586e+01,0.000000000000000000e+00,0.000000000000000000e+00
5.804664427281781514e+01,0.000000000000000000e+00,0.000000000000000000e+00
6.526565709636683721e+01,0.000000000000000000e+00,0.000000000000000000e+00
6.580101060094068544e+01,0.000000000000000000e+00,0.000000000000000000e+00
6.791000395150675217e+01,0.000000000000000000e+00,0.000000000000000000e+00
6.441069259834523564e+01,0.000000000000000000e+00,0.000000000000000000e+00
6.391588331662360645e+01,0.000000000000000000e+00,0.000000000000000000e+00
6.351403807191572781e+01,0.000000000000000000e+00,0.000000000000000000e+00
6.852013111899606201e+01,0.000000000000000000e+00,0.000000000000000000e+00
6.487160939675668203e+01,0.000000000000000000e+00,0.000000000000000000e+00
6.259714453790277133e+01,0.000000000000000000e+00,0.000000000000000000e+00
6.544936551923943568e+01,0.000000000000000000e+00,0.000000000000000000e+00
6.378733101511188863e+01,0.000000000000000000e+00,0.000000000000000000e+00
6.294247779605374404e+01,0.000000000000000000e+00,0.000000000000000000e+00
6.727805082077492216e+01,0.000000000000000000e+00,0.000000000000000000e+00
6.724714186868550314e+01,0.000000000000000000e+00,0.000000000000000000e+00
6.970334394476461171e+01,0.000000000000000000e+00,0.000000000000000000e+00
6.346776013677349937e+01,0.000000000000000000e+00,0.000000000000000000e+00
6.314156661112659208e+01,0.000000000000000000e+00,0.000000000000000000e+00
6.362875405884388869e+01,0.000000000000000000e+00,0.000000000000000000e+00
6.483628453732762864e+01,0.000000000000000000e+00,0.000000000000000000e+00
6.453802451188012412e+01,0.000000000000000000e+00,0.000000000000000000e+00
6.475694717392427435e+01,0.000000000000000000e+00,0.000000000000000000e+00
6.676173266575993637e+01,0.000000000000000000e+00,0.000000000000000000e+00
6.399255887085097783e+01,0.000000000000000000e+00,0.000000000000000000e+00
6.444029495024268783e+01,0.000000000000000000e+00,0.000000000000000000e+00
6.448773517940922773e+01,0.000000000000000000e+00,0.000000000000000000e+00
6.523892661326486575e+01,0.000000000000000000e+00,0.000000000000000000e+00
6.218479270931035074e+01,0.000000000000000000e+00,0.000000000000000000e+00
6.698917502084893272e+01,0.000000000000000000e+00,0.000000000000000000e+00
6.855610212834477579e+01,0.000000000000000000e+00,0.000000000000000000e+00
6.555308361699964337e+01,0.000000000000000000e+00,0.000000000000000000e+00
6.791935477774249819e+01,0.000000000000000000e+00,0.000000000000000000e+00
6.688027508102894103e+01,0.000000000000000000e+00,0.000000000000000000e+00
6.538523129001212908e+01,0.000000000000000000e+00,0.000000000000000000e+00
6.677045976892902956e+01,0.000000000000000000e+00,0.000000000000000000e+00
6.695149961380478487e+01,0.000000000000000000e+00,0.000000000000000000e+00
6.593653432597048436e+01,0.000000000000000000e+00,0.000000000000000000e+00
6.664278505987721246e+01,0.000000000000000000e+00,0.000000000000000000e+00
6.561619478735130429e+01,0.000000000000000000e+00,0.000000000000000000e+00
6.366478185254694466e+01,0.000000000000000000e+00,0.000000000000000000e+00
6.630338840555117486e+01,0.000000000000000000e+00,0.000000000000000000e+00
6.461609232901895439e+01,0.000000000000000000e+00,0.000000000000000000e+00
6.754778106495878376e+01,0.000000000000000000e+00,0.000000000000000000e+00
6.503222698381783573e+01,0.000000000000000000e+00,0.000000000000000000e+00
6.480550203584220981e+01,0.000000000000000000e+00,0.000000000000000000e+00
6.319380020476913984e+01,0.000000000000000000e+00,0.000000000000000000e+00
7.017705251024737834e+01,0.000000000000000000e+00,0.000000000000000000e+00
6.811137295124011359e+01,0.000000000000000000e+00,0.000000000000000000e+00
6.644284754215006217e+01,0.000000000000000000e+00,0.000000000000000000e+00
7.024239446869260917e+01,0.000000000000000000e+00,0.000000000000000000e+00
6.919832866424738427e+01,0.000000000000000000e+00,0.000000000000000000e+00
7.102803261226060272e+01,0.000000000000000000e+00,0.000000000000000000e+00
6.800380822423832683e+01,0.000000000000000000e+00,0.000000000000000000e+00
7.138554877070585292e+01,0.000000000000000000e+00,0.000000000000000000e+00
7.079232682435129220e+01,0.000000000000000000e+00,0.000000000000000000e+00
6.871461465577974081e+01,0.000000000000000000e+00,0.000000000000000000e+00
6.471021096822492780e+01,0.000000000000000000e+00,0.000000000000000000e+00
6.993756071701255905e+01,0.000000000000000000e+00,0.000000000000000000e+00
6.841058682471992825e+01,0.000000000000000000e+00,0.000000000000000000e+00
6.449729949484989788e+01,0.000000000000000000e+00,0.000000000000000000e+00
6.930927283329096156e+01,0.000000000000000000e+00,0.000000000000000000e+00
6.661158933273502214e+01,0.000000000000000000e+00,0.000000000000000000e+00
6.889137550105323271e+01,0.000000000000000000e+00,0.000000000000000000e+00
7.188037908311061130e+01,0.000000000000000000e+00,0.000000000000000000e+00
6.938393887174191832e+01,0.000000000000000000e+00,0.000000000000000000e+00
7.164079289712157106e+01,0.000000000000000000e+00,0.000000000000000000e+00
6.784152768059078653e+01,0.000000000000000000e+00,0.000000000000000000e+00
6.968014956375753854e+01,0.000000000000000000e+00,0.000000000000000000e+00
6.827256513913243907e+01,0.000000000000000000e+00,0.000000000000000000e+00
6.639159433499176544e+01,0.000000000000000000e+00,0.000000000000000000e+00
7.249360172292017523e+01,0.000000000000000000e+00,0.000000000000000000e+00
6.978481612138450885e+01,0.000000000000000000e+00,0.000000000000000000e+00
7.249708397457870035e+01,0.000000000000000000e+00,0.000000000000000000e+00
6.679909587521252945e+01,0.000000000000000000e+00,0.000000000000000000e+00
7.182357950709747740e+01,0.000000000000000000e+00,0.000000000000000000e+00
6.924130222947697177e+01,0.000000000000000000e+00,0.000000000000000000e+00
6.985042049855253765e+01,0.000000000000000000e+00,0.000000000000000000e+00
6.986979835750867096e+01,0.000000000000000000e+00,0.000000000000000000e+00
6.682593788307778482e+01,0.000000000000000000e+00,0.000000000000000000e+00
6.896001059225001484e+01,0.000000000000000000e+00,0.000000000000000000e+00
7.094348242660115034e+01,0.000000000000000000e+00,0.000000000000000000e+00
7.035221113977368645e+01,0.000000000000000000e+00,0.000000000000000000e+00
6.959262152026400372e+01,0.000000000000000000e+00,0.000000000000000000e+00
6.610196858924102514e+01,0.000000000000000000e+00,0.000000000000000000e+00
6.996195069060780725e+01,0.000000000000000000e+00,0.000000000000000000e+00
7.191388101923149634e+01,0.000000000000000000e+00,0.000000000000000000e+00
6.811820557329760106e+01,0.000000000000000000e+00,0.000000000000000000e+00
6.949100007776355881e+01,0.000000000000000000e+00,0.000000000000000000e+00
7.031616019524405203e+01,0.000000000000000000e+00,0.000000000000000000e+00
6.879981280454275350e+01,0.000000000000000000e+00,0.000000000000000000e+00
6.724709790087290173e+01,0.000000000000000000e+00,0.000000000000000000e+00
7.278632516929729945e+01,0.000000000000000000e+00,0.000000000000000000e+00
6.426819856383346519e+01,0.000000000000000000e+00,0.000000000000000000e+00
7.134320217907637129e+01,0.000000000000000000e+00,0.000000000000000000e+00
7.302205240392157748e+01,0.000000000000000000e+00,0.000000000000000000e+00
6.510932988348682215e+01,0.000000000000000000e+00,0.000000000000000000e+00
6.848109794849591481e+01,0.000000000000000000e+00,0.000000000000000000e+00
6.863807354245581394e+01,0.000000000000000000e+00,0.000000000000000000e+00
7.135191901498016875e+01,0.000000000000000000e+00,0.000000000000000000e+00
7.023699545714057990e+01,0.000000000000000000e+00,0.000000000000000000e+00
7.209752935916333172e+01,0.000000000000000000e+00,0.000000000000000000e+00
6.880690507970459180e+01,0.000000000000000000e+00,0.000000000000000000e+00
7.289806786048991682e+01,0.000000000000000000e+00,0.000000000000000000e+00
6.707951356610297466e+01,0.000000000000000000e+00,0.000000000000000000e+00
6.712539022428227042e+01,0.000000000000000000e+00,0.000000000000000000e+00
7.107177241037101112e+01,0.000000000000000000e+00,0.000000000000000000e+00
7.128664454079358848e+01,0.000000000000000000e+00,0.000000000000000000e+00
7.085917532795578211e+01,0.000000000000000000e+00,0.000000000000000000e+00
7.266834271586698435e+01,0.000000000000000000e+00,0.000000000000000000e+00
7.313188928445883619e+01,0.000000000000000000e+00,0.000000000000000000e+00
7.288598606474879205e+01,0.000000000000000000e+00,0.000000000000000000e+00
7.301711716867005464e+01,0.000000000000000000e+00,0.000000000000000000e+00
7.028034103180951320e+01,0.000000000000000000e+00,0.000000000000000000e+00
7.383689099792030675e+01,0.000000000000000000e+00,0.000000000000000000e+00
6.967502716181817846e+01,0.000000000000000000e+00,0.000000000000000000e+00
7.189610562514550907e+01,0.000000000000000000e+00,0.000000000000000000e+00
7.147166197102110630e+01,0.000000000000000000e+00,0.000000000000000000e+00
7.387673536737081292e+01,0.000000000000000000e+00,0.000000000000000000e+00
7.365677301749013850e+01,0.000000000000000000e+00,0.000000000000000000e+00
7.125326516969488466e+01,0.000000000000000000e+00,0.000000000000000000e+00
7.255748974497639381e+01,0.000000000000000000e+00,0.000000000000000000e+00
7.117147159984030225e+01,0.000000000000000000e+00,0.000000000000000000e+00
7.135059586419559707e+01,0.000000000000000000e+00,0.000000000000000000e+00
7.309932358260006424e+01,0.000000000000000000e+00,0.000000000000000000e+00
7.299139176310858090e+01,0.000000000000000000e+00,0.000000000000000000e+00
7.274459891867634553e+01,0.000000000000000000e+00,0.000000000000000000e+00
7.343023283472470553e+01,0.000000000000000000e+00,0.000000000000000000e+00
7.585382737417700127e+01,0.000000000000000000e+00,0.000000000000000000e+00
7.251275268147935549e+01,0.000000000000000000e+00,0.000000000000000000e+00
7.424930514255363789e+01,0.000000000000000000e+00,0.000000000000000000e+00
7.028054435216526485e+01,0.000000000000000000e+00,0.000000000000000000e+00
7.371854756400927045e+01,0.000000000000000000e+00,0.000000000000000000e+00
7.105564701860855337e+01,0.000000000000000000e+00,0.000000000000000000e+00
6.846823319826008003e+01,0.000000000000000000e+00,0.000000000000000000e+00
7.405219727757332748e+01,0.000000000000000000e+00,0.000000000000000000e+00
7.495318210488927946e+01,0.000000000000000000e+00,0.000000000000000000e+00
7.346963835917036079e+01,0.000000000000000000e+00,0.000000000000000000e+00
7.063476934849018107e+01,0.000000000000000000e+00,0.000000000000000000e+00
7.248773281465757634e+01,0.000000000000000000e+00,0.000000000000000000e+00
7.407680318052101143e+01,0.000000000000000000e+00,0.000000000000000000e+00
7.402452381534500603e+01,0.000000000000000000e+00,0.000000000000000000e+00
7.131534802977650145e+01,0.000000000000000000e+00,0.000000000000000000e+00
7.213870287266266246e+01,0.000000000000000000e+00,0.000000000000000000e+00
7.156865795627327032e+01,0.000000000000000000e+00,0.000000000000000000e+00
7.655887816074286434e+01,0.000000000000000000e+00,0.000000000000000000e+00
7.326212940873566026e+01,0.000000000000000000e+00,0.000000000000000000e+00
7.400623272037140055e+01,0.000000000000000000e+00,0.000000000000000000e+00
7.395862571733908908e+01,0.000000000000000000e+00,0.000000000000000000e+00
7.417067740722882263e+01,0.000000000000000000e+00,0.000000000000000000e+00
7.417583845126257813e+01,0.000000000000000000e+00,0.000000000000000000e+00
7.330144454901271445e+01,0.000000000000000000e+00,0.000000000000000000e+00
7.464819179371103530e+01,0.000000000000000000e+00,0.000000000000000000e+00
7.403165366080784793e+01,0.000000000000000000e+00,0.000000000000000000e+00
7.277347363549567660e+01,0.000000000000000000e+00,0.000000000000000000e+00
7.355262083182286403e+01,0.000000000000000000e+00,0.000000000000000000e+00
7.365240269416423757e+01,0.000000000000000000e+00,0.000000000000000000e+00
7.840756794279064934e+01,0.000000000000000000e+00,0.000000000000000000e+00
7.311112942488159661e+01,0.000000000000000000e+00,0.000000000000000000e+00
7.158462122153400742e+01,0.000000000000000000e+00,0.000000000000000000e+00
7.422576224886684315e+01,0.000000000000000000e+00,0.000000000000000000e+00
7.678641443372286801e+01,0.000000000000000000e+00,0.000000000000000000e+00
7.320643331988249258e+01,0.000000000000000000e+00,0.000000000000000000e+00
7.513286779495683732e+01,0.000000000000000000e+00,0.000000000000000000e+00
7.570131946705862447e+01,0.000000000000000000e+00,0.000000000000000000e+00
7.491933580223653166e+01,0.000000000000000000e+00,0.000000000000000000e+00
7.542643824139297237e+01,0.000000000000000000e+00,0.000000000000000000e+00
7.421388256107969994e+01,0.000000000000000000e+00,0.000000000000000000e+00
7.504220275701661080e+01,0.000000000000000000e+00,0.000000000000000000e+00
7.347446097416562338e+01,0.000000000000000000e+00,0.000000000000000000e+00
7.467407091844835065e+01,0.000000000000000000e+00,0.000000000000000000e+00
7.254788571861026014e+01,0.000000000000000000e+00,0.000000000000000000e+00
7.422433475111292012e+01,0.000000000000000000e+00,0.000000000000000000e+00
7.553805808484077033e+01,0.000000000000000000e+00,0.000000000000000000e+00
7.378905491941780781e+01,0.000000000000000000e+00,0.000000000000000000e+00
7.247662843254910570e+01,0.000000000000000000e+00,0.000000000000000000e+00
7.323348680719003312e+01,0.000000000000000000e+00,0.000000000000000000e+00
7.544441337686689053e+01,0.000000000000000000e+00,0.000000000000000000e+00
7.333233125768683180e+01,0.000000000000000000e+00,0.000000000000000000e+00
7.225332546618163576e+01,0.000000000000000000e+00,0.000000000000000000e+00
7.835494602511040796e+01,0.000000000000000000e+00,0.000000000000000000e+00
7.488099994715950913e+01,0.000000000000000000e+00,0.000000000000000000e+00
7.633524132093143066e+01,0.000000000000000000e+00,0.000000000000000000e+00
7.625728967554110227e+01,0.000000000000000000e+00,0.000000000000000000e+00
7.729900417414195601e+01,0.000000000000000000e+00,0.000000000000000000e+00
7.943723483496668791e+01,0.000000000000000000e+00,0.000000000000000000e+00
7.702666037033704072e+01,0.000000000000000000e+00,0.000000000000000000e+00
7.771653400721288563e+01,0.000000000000000000e+00,0.000000000000000000e+00
7.768123339415474504e+01,0.000000000000000000e+00,0.000000000000000000e+00
7.903986008190764778e+01,0.000000000000000000e+00,0.000000000000000000e+00
7.291281933150192174e+01,0.000000000000000000e+00,0.000000000000000000e+00
7.666437504727807095e+01,0.000000000000000000e+00,0.000000000000000000e+00
7.701606960559470849e+01,0.000000000000000000e+00,0.000000000000000000e+00
7.466725786264247233e+01,0.000000000000000000e+00,0.000000000000000000e+00
7.364320909895577927e+01,0.000000000000000000e+00,0.000000000000000000e+00
7.720928946792328418e+01,0.000000000000000000e+00,0.000000000000000000e+00
7.653344830990583603e+01,0.000000000000000000e+00,0.000000000000000000e+00
7.251186349732618908e+01,0.000000000000000000e+00,0.000000000000000000e+00
7.435853910764197394e+01,0.000000000000000000e+00,0.000000000000000000e+00
7.905757527475236657e+01,0.000000000000000000e+00,0.000000000000000000e+00
7.756725158136764264e+01,0.000000000000000000e+00,0.000000000000000000e+00
7.815810360976368543e+01,0.000000000000000000e+00,0.000000000000000000e+00
7.519534455933231243e+01,0.000000000000000000e+00,0.000000000000000000e+00
7.915425474496079516e+01,0.000000000000000000e+00,0.000000000000000000e+00
7.624994485756019458e+01,0.000000000000000000e+00,0.000000000000000000e+00
7.561134517772831032e+01,0.000000000000000000e+00,0.000000000000000000e+00
7.580022960670700627e+01,0.000000000000000000e+00,0.000000000000000000e+00
7.713940848178395981e+01,0.000000000000000000e+00,0.000000000000000000e+00
7.543789463603962986e+01,0.000000000000000000e+00,0.000000000000000000e+00
7.978990450692886327e+01,0.000000000000000000e+00,0.000000000000000000e+00
7.592281087709574194e+01,0.000000000000000000e+00,0.000000000000000000e+00
8.004426369600471958e+01,0.000000000000000000e+00,0.000000000000000000e+00
7.502010363262874648e+01,0.000000000000000000e+00,0.000000000000000000e+00
7.679170800738009461e+01,0.000000000000000000e+00,0.000000000000000000e+00
7.978600645313788675e+01,0.000000000000000000e+00,0.000000000000000000e+00
7.353083437964160396e+01,0.000000000000000000e+00,0.000000000000000000e+00
7.750720998265462924e+01,0.000000000000000000e+00,0.000000000000000000e+00
7.065291260983545385e+01,0.000000000000000000e+00,0.000000000000000000e+00
7.962205161463016623e+01,0.000000000000000000e+00,0.000000000000000000e+00
7.513809147851374348e+01,0.000000000000000000e+00,0.000000000000000000e+00
7.742925097636253895e+01,0.000000000000000000e+00,0.000000000000000000e+00
7.641531858931773513e+01,0.000000000000000000e+00,0.000000000000000000e+00
7.766892768245264733e+01,0.000000000000000000e+00,0.000000000000000000e+00
7.661412342228560135e+01,0.000000000000000000e+00,0.000000000000000000e+00
7.824813614746504697e+01,0.000000000000000000e+00,0.000000000000000000e+00
7.654694789259154675e+01,0.000000000000000000e+00,0.000000000000000000e+00
7.648921505742262639e+01,0.000000000000000000e+00,0.000000000000000000e+00
7.505911656331284121e+01,0.000000000000000000e+00,0.000000000000000000e+00
7.783552406908003718e+01,0.000000000000000000e+00,0.000000000000000000e+00
8.095823177600725273e+01,0.000000000000000000e+00,0.000000000000000000e+00
7.781195241882525693e+01,0.000000000000000000e+00,0.000000000000000000e+00
7.747561352692061121e+01,0.000000000000000000e+00,0.000000000000000000e+00
7.432638872687230958e+01,0.000000000000000000e+00,0.000000000000000000e+00
7.451593718777996855e+01,0.000000000000000000e+00,0.000000000000000000e+00
7.921809824826794966e+01,0.000000000000000000e+00,0.000000000000000000e+00
7.980683857932379510e+01,0.000000000000000000e+00,0.000000000000000000e+00
7.836713129055635818e+01,0.000000000000000000e+00,0.000000000000000000e+00
7.496918164266871543e+01,0.000000000000000000e+00,0.000000000000000000e+00
8.079116778912994334e+01,0.000000000000000000e+00,0.000000000000000000e+00
6.967106955881533281e+01,0.000000000000000000e+00,0.000000000000000000e+00
7.723018646516014485e+01,0.000000000000000000e+00,0.000000000000000000e+00
7.621976317338483398e+01,0.000000000000000000e+00,0.000000000000000000e+00
7.943046354236743412e+01,0.000000000000000000e+00,0.000000000000000000e+00
7.664901174598715272e+01,0.000000000000000000e+00,0.000000000000000000e+00
7.470218326363986705e+01,0.000000000000000000e+00,0.000000000000000000e+00
7.975683199235547249e+01,0.000000000000000000e+00,0.000000000000000000e+00
7.641998696530679069e+01,0.000000000000000000e+00,0.000000000000000000e+00
7.515416388916767687e+01,0.000000000000000000e+00,0.000000000000000000e+00
7.916160436308608439e+01,0.000000000000000000e+00,0.000000000000000000e+00
7.569353875461239056e+01,0.000000000000000000e+00,0.000000000000000000e+00
7.873167942977616462e+01,0.000000000000000000e+00,0.000000000000000000e+00
7.733700545435424090e+01,0.000000000000000000e+00,0.000000000000000000e+00
7.620667161817341650e+01,0.000000000000000000e+00,0.000000000000000000e+00
8.156107601239683902e+01,0.000000000000000000e+00,0.000000000000000000e+00
7.817894066939589948e+01,0.000000000000000000e+00,0.000000000000000000e+00
7.766426014769075437e+01,0.000000000000000000e+00,0.000000000000000000e+00
8.177168091413071238e+01,0.000000000000000000e+00,0.000000000000000000e+00
7.835499408006307931e+01,0.000000000000000000e+00,0.000000000000000000e+00
7.971940794968405442e+01,0.000000000000000000e+00,0.000000000000000000e+00
7.933554258037700890e+01,0.000000000000000000e+00,0.000000000000000000e+00
7.857411984441728237e+01,0.000000000000000000e+00,0.000000000000000000e+00
7.925465668079898762e+01,0.000000000000000000e+00,0.000000000000000000e+00
7.968265436396202972e+01,0.000000000000000000e+00,0.000000000000000000e+00
7.770792560427827311e+01,0.000000000000000000e+00,0.000000000000000000e+00
7.659994723075254797e+01,0.000000000000000000e+00,0.000000000000000000e+00
7.823490188652411348e+01,0.000000000000000000e+00,0.000000000000000000e+00
8.147062572845757700e+01,0.000000000000000000e+00,0.000000000000000000e+00
8.005286881740278204e+01,0.000000000000000000e+00,0.000000000000000000e+00
7.988166333746679015e+01,0.000000000000000000e+00,0.000000000000000000e+00
7.449181563359324798e+01,0.000000000000000000e+00,0.000000000000000000e+00
7.855481966801750104e+01,0.000000000000000000e+00,0.000000000000000000e+00
7.946767437145506108e+01,0.000000000000000000e+00,0.000000000000000000e+00
7.683730444581895824e+01,0.000000000000000000e+00,0.000000000000000000e+00
7.630926125275327365e+01,0.000000000000000000e+00,0.000000000000000000e+00
8.125635879521487936e+01,0.000000000000000000e+00,0.000000000000000000e+00
7.948679519102705626e+01,0.000000000000000000e+00,0.000000000000000000e+00
7.927694745836765833e+01,0.000000000000000000e+00,0.000000000000000000e+00
7.847402553322727670e+01,0.000000000000000000e+00,0.000000000000000000e+00
7.716883856227445904e+01,0.000000000000000000e+00,0.000000000000000000e+00
8.292128013418499677e+01,0.000000000000000000e+00,0.000000000000000000e+00
7.975437395057998913e+01,0.000000000000000000e+00,0.000000000000000000e+00
7.636896252389014705e+01,0.000000000000000000e+00,0.000000000000000000e+00
7.892095243905617963e+01,0.000000000000000000e+00,0.000000000000000000e+00
7.735355092038028602e+01,0.000000000000000000e+00,0.000000000000000000e+00
7.788047618219069079e+01,0.000000000000000000e+00,0.000000000000000000e+00
7.766058888971213037e+01,0.000000000000000000e+00,0.000000000000000000e+00
7.945967361502304982e+01,0.000000000000000000e+00,0.000000000000000000e+00
7.830951876085430285e+01,0.000000000000000000e+00,0.000000000000000000e+00
8.059818098177264289e+01,0.000000000000000000e+00,0.000000000000000000e+00
7.769730532758219965e+01,0.000000000000000000e+00,0.000000000000000000e+00
7.833757508582773710e+01,0.000000000000000000e+00,0.000000000000000000e+00
8.040901795545569541e+01,0.000000000000000000e+00,0.000000000000000000e+00
8.217612259412079823e+01,0.000000000000000000e+00,0.000000000000000000e+00
8.167221187911823677e+01,0.000000000000000000e+00,0.000000000000000000e+00
8.082339708506320619e+01,0.000000000000000000e+00,0.000000000000000000e+00
7.766672255790183499e+01,0.000000000000000000e+00,0.000000000000000000e+00
7.626475794788922258e+01,0.000000000000000000e+00,0.000000000000000000e+00
7.959975672488234011e+01,0.000000000000000000e+00,0.000000000000000000e+00
7.821758082699913928e+01,0.000000000000000000e+00,0.000000000000000000e+00
8.130059658040516979e+01,0.000000000000000000e+00,0.000000000000000000e+00
7.697607298501968387e+01,0.000000000000000000e+00,0.000000000000000000e+00
7.858214469706727812e+01,0.000000000000000000e+00,0.000000000000000000e+00
7.881576551421450461e+01,0.000000000000000000e+00,0.000000000000000000e+00
7.662992799293721191e+01,0.000000000000000000e+00,0.000000000000000000e+00
8.057685076162232463e+01,0.000000000000000000e+00,0.000000000000000000e+00
8.007234526929920548e+01,0.000000000000000000e+00,0.000000000000000000e+00
8.001965136642638754e+01,0.000000000000000000e+00,0.000000000000000000e+00
8.181480284989378049e+01,0.000000000000000000e+00,0.000000000000000000e+00
7.677315452797179773e+01,0.000000000000000000e+00,0.000000000000000000e+00
7.927391846844943757e+01,0.000000000000000000e+00,0.000000000000000000e+00
7.963378964824657658e+01,0.000000000000000000e+00,0.000000000000000000e+00
7.914472836219987073e+01,0.000000000000000000e+00,0.000000000000000000e+00
7.854946668580606683e+01,0.000000000000000000e+00,0.000000000000000000e+00
7.969420499848123995e+01,0.000000000000000000e+00,0.000000000000000000e+00
8.230285555328637770e+01,0.000000000000000000e+00,0.000000000000000000e+00
7.869661387300806155e+01,0.000000000000000000e+00,0.000000000000000000e+00
7.909143038278699578e+01,0.000000000000000000e+00,0.000000000000000000e+00
8.112617371383771570e+01,0.000000000000000000e+00,0.000000000000000000e+00
7.849952398849154633e+01,0.000000000000000000e+00,0.000000000000000000e+00
7.946556234863879808e+01,0.000000000000000000e+00,0.000000000000000000e+00
8.026791266694684168e+01,0.000000000000000000e+00,0.000000000000000000e+00
7.918546828275755445e+01,0.000000000000000000e+00,0.000000000000000000e+00
8.319393775336982344e+01,0.000000000000000000e+00,0.000000000000000000e+00
8.244865946937034096e+01,0.000000000000000000e+00,0.000000000000000000e+00
8.123590242798562144e+01,0.000000000000000000e+00,0.000000000000000000e+00
7.915255236300147601e+01,0.000000000000000000e+00,0.000000000000000000e+00
8.201822922761911627e+01,0.000000000000000000e+00,0.000000000000000000e+00
8.114737037695884680e+01,0.000000000000000000e+00,0.000000000000000000e+00
8.188492036101008864e+01,0.000000000000000000e+00,0.000000000000000000e+00
8.179063915749563307e+01,0.000000000000000000e+00,0.000000000000000000e+00
7.783378918016781256e+01,0.000000000000000000e+00,0.000000000000000000e+00
7.966428044524309371e+01,0.000000000000000000e+00,0.000000000000000000e+00
7.706655586170711558e+01,0.000000000000000000e+00,0.000000000000000000e+00
7.629304884625175021e+01,0.000000000000000000e+00,0.000000000000000000e+00
7.916201874658403881e+01,0.000000000000000000e+00,0.000000000000000000e+00
8.153991320719680402e+01,0.000000000000000000e+00,0.000000000000000000e+00
7.542548176927409997e+01,0.000000000000000000e+00,0.000000000000000000e+00
7.743942700032863513e+01,0.000000000000000000e+00,0.000000000000000000e+00
8.144728120514025704e+01,0.000000000000000000e+00,0.000000000000000000e+00
8.160337697686648539e+01,0.000000000000000000e+00,0.000000000000000000e+00
8.297541399581427868e+01,0.000000000000000000e+00,0.000000000000000000e+00
7.931944928501404490e+01,0.000000000000000000e+00,0.000000000000000000e+00
7.880457751898943286e+01,0.000000000000000000e+00,0.000000000000000000e+00
8.136726769715853891e+01,0.000000000000000000e+00,0.000000000000000000e+00
7.989348040460839684e+01,0.000000000000000000e+00,0.000000000000000000e+00
7.711510303076642003e+01,0.000000000000000000e+00,0.000000000000000000e+00
7.988277127234161412e+01,0.000000000000000000e+00,0.000000000000000000e+00
8.250035543185508402e+01,0.000000000000000000e+00,0.000000000000000000e+00
7.641241405247689045e+01,0.000000000000000000e+00,0.000000000000000000e+00
7.897436019574286092e+01,0.000000000000000000e+00,0.000000000000000000e+00
7.533463759151312900e+01,0.000000000000000000e+00,0.000000000000000000e+00
7.728841545982722039e+01,0.000000000000000000e+00,0.000000000000000000e+00
7.946819746449831712e+01,0.000000000000000000e+00,0.000000000000000000e+00
7.735908269097438961e+01,0.000000000000000000e+00,0.000000000000000000e+00
8.067381890903068609e+01,0.000000000000000000e+00,0.000000000000000000e+00
8.306693899536327308e+01,0.000000000000000000e+00,0.000000000000000000e+00
7.975856264027736131e+01,0.000000000000000000e+00,0.000000000000000000e+00
8.012962431480001158e+01,0.000000000000000000e+00,0.000000000000000000e+00
7.983374538454340552e+01,0.000000000000000000e+00,0.000000000000000000e+00
7.945307451006858912e+01,0.000000000000000000e+00,0.000000000000000000e+00
8.182267607272173393e+01,0.000000000000000000e+00,0.000000000000000000e+00
7.714404432420533908e+01,0.000000000000000000e+00,0.000000000000000000e+00
7.658187454354175827e+01,0.000000000000000000e+00,0.000000000000000000e+00
7.631098066658336165e+01,0.000000000000000000e+00,0.000000000000000000e+00
8.283162918259863261e+01,0.000000000000000000e+00,0.000000000000000000e+00
8.177425459743911063e+01,0.000000000000000000e+00,0.000000000000000000e+00
7.872801816901620953e+01,0.000000000000000000e+00,0.000000000000000000e+00
7.905859507540898790e+01,0.000000000000000000e+00,0.000000000000000000e+00
7.727015000082079155e+01,0.000000000000000000e+00,0.000000000000000000e+00
8.214221840415588360e+01,0.000000000000000000e+00,0.000000000000000000e+00
8.441393824696331194e+01,0.000000000000000000e+00,0.000000000000000000e+00
8.084354957728751856e+01,0.000000000000000000e+00,0.000000000000000000e+00
7.614326476448398751e+01,0.000000000000000000e+00,0.000000000000000000e+00
8.039383581996899863e+01,0.000000000000000000e+00,0.000000000000000000e+00
8.003241693484494590e+01,0.000000000000000000e+00,0.000000000000000000e+00
8.184499004860926163e+01,0.000000000000000000e+00,0.000000000000000000e+00
7.559983930641442385e+01,0.000000000000000000e+00,0.000000000000000000e+00
8.015428326721215058e+01,0.000000000000000000e+00,0.000000000000000000e+00
7.803618524059936590e+01,0.000000000000000000e+00,0.000000000000000000e+00
8.131685513334051052e+01,0.000000000000000000e+00,0.000000000000000000e+00
7.987744637520678737e+01,0.000000000000000000e+00,0.000000000000000000e+00
7.694986482353930057e+01,0.000000000000000000e+00,0.000000000000000000e+00
8.315355048083313250e+01,0.000000000000000000e+00,0.000000000000000000e+00
8.282387492994051570e+01,0.000000000000000000e+00,0.000000000000000000e+00
8.402905600897190652e+01,0.000000000000000000e+00,0.000000000000000000e+00
7.886932660974582632e+01,0.000000000000000000e+00,0.000000000000000000e+00
8.006138927649058701e+01,0.000000000000000000e+00,0.000000000000000000e+00
8.126982667927401849e+01,0.000000000000000000e+00,0.000000000000000000e+00
7.766395515200539990e+01,0.000000000000000000e+00,0.000000000000000000e+00
7.976786358602315374e+01,0.000000000000000000e+00,0.000000000000000000e+00
7.995600097951881935e+01,0.000000000000000000e+00,0.000000000000000000e+00
7.975844306856269839e+01,0.000000000000000000e+00,0.000000000000000000e+00
7.911730703122825048e+01,0.000000000000000000e+00,0.000000000000000000e+00
8.163428005724047409e+01,0.000000000000000000e+00,0.000000000000000000e+00
7.855849506469408539e+01,0.000000000000000000e+00,0.000000000000000000e+00
8.130865242386684599e+01,0.000000000000000000e+00,0.000000000000000000e+00
7.705436661414451294e+01,0.000000000000000000e+00,0.000000000000000000e+00
7.670394295332059187e+01,0.000000000000000000e+00,0.000000000000000000e+00
8.058446686757308441e+01,0.000000000000000000e+00,0.000000000000000000e+00
8.070671136267682755e+01,0.000000000000000000e+00,0.000000000000000000e+00
8.261356537343377227e+01,0.000000000000000000e+00,0.000000000000000000e+00
8.168435730039850284e+01,0.000000000000000000e+00,0.000000000000000000e+00
7.975163075885355113e+01,0.000000000000000000e+00,0.000000000000000000e+00
7.869940405497432323e+01,0.000000000000000000e+00,0.000000000000000000e+00
7.886567635661052122e+01,0.000000000000000000e+00,0.000000000000000000e+00
8.045388099491853495e+01,0.000000000000000000e+00,0.000000000000000000e+00
7.915193583253393683e+01,0.000000000000000000e+00,0.000000000000000000e+00
7.879871544419471263e+01,0.000000000000000000e+00,0.000000000000000000e+00
7.849855069400543073e+01,0.000000000000000000e+00,0.000000000000000000e+00
7.677138801430956505e+01,0.000000000000000000e+00,0.000000000000000000e+00
7.719031098922704359e+01,0.000000000000000000e+00,0.000000000000000000e+00
8.168430355614563609e+01,0.000000000000000000e+00,0.000000000000000000e+00
8.267361005752363212e+01,0.000000000000000000e+00,0.000000000000000000e+00
7.926944213000432171e+01,0.000000000000000000e+00,0.000000000000000000e+00
8.338971795701951351e+01,0.000000000000000000e+00,0.000000000000000000e+00
7.963300887264608718e+01,0.000000000000000000e+00,0.000000000000000000e+00
8.062203078101954645e+01,0.000000000000000000e+00,0.000000000000000000e+00
8.374761203188380421e+01,0.000000000000000000e+00,0.000000000000000000e+00
8.196085325286583156e+01,0.000000000000000000e+00,0.000000000000000000e+00
8.272075505465893741e+01,0.000000000000000000e+00,0.000000000000000000e+00
8.097477879085309382e+01,0.000000000000000000e+00,0.000000000000000000e+00
8.030892063484434118e+01,0.000000000000000000e+00,0.000000000000000000e+00
8.042664513442161933e+01,0.000000000000000000e+00,0.000000000000000000e+00
8.152926684233902677e+01,0.000000000000000000e+00,0.000000000000000000e+00
7.602758248080105830e+01,0.000000000000000000e+00,0.000000000000000000e+00
7.992458089789704445e+01,0.000000000000000000e+00,0.000000000000000000e+00
7.942046355014575454e+01,0.000000000000000000e+00,0.000000000000000000e+00
8.055628064744593075e+01,0.000000000000000000e+00,0.000000000000000000e+00
7.814494095072321045e+01,0.000000000000000000e+00,0.000000000000000000e+00
8.039547151497221478e+01,0.000000000000000000e+00,0.000000000000000000e+00
7.787127997662869916e+01,0.000000000000000000e+00,0.000000000000000000e+00
7.833705480072779892e+01,0.000000000000000000e+00,0.000000000000000000e+00
8.045605335577099027e+01,0.000000000000000000e+00,0.000000000000000000e+00
8.032567516963619880e+01,0.000000000000000000e+00,0.000000000000000000e+00
7.930436750118033729e+01,0.000000000000000000e+00,0.000000000000000000e+00
7.908540053612460952e+01,0.000000000000000000e+00,0.000000000000000000e+00
7.922081724444326767e+01,0.000000000000000000e+00,0.000000000000000000e+00
8.147305678980234234e+01,0.000000000000000000e+00,0.000000000000000000e+00
8.057291494268227439e+01,0.000000000000000000e+00,0.000000000000000000e+00
8.139066038338526710e+01,0.000000000000000000e+00,0.000000000000000000e+00
7.862315399829307694e+01,0.000000000000000000e+00,0.000000000000000000e+00
8.053938869115880550e+01,0.000000000000000000e+00,0.000000000000000000e+00
8.197983170450940804e+01,0.000000000000000000e+00,0.000000000000000000e+00
8.119737079531537915e+01,0.000000000000000000e+00,0.000000000000000000e+00
7.931996258105655784e+01,0.000000000000000000e+00,0.000000000000000000e+00
8.089551347419416061e+01,0.000000000000000000e+00,0.000000000000000000e+00
7.837275834740059111e+01,0.000000000000000000e+00,0.000000000000000000e+00
7.981596933807584549e+01,0.000000000000000000e+00,0.000000000000000000e+00
7.613848146526005678e+01,0.000000000000000000e+00,0.000000000000000000e+00
7.433338811826170911e+01,0.000000000000000000e+00,0.000000000000000000e+00
7.875695389694813286e+01,0.000000000000000000e+00,0.000000000000000000e+00
7.921290565847695575e+01,0.000000000000000000e+00,0.000000000000000000e+00
7.930937976984534998e+01,0.000000000000000000e+00,0.000000000000000000e+00
8.128395238735389228e+01,0.000000000000000000e+00,0.000000000000000000e+00
7.556616857435921020e+01,0.000000000000000000e+00,0.000000000000000000e+00
8.158372299402033434e+01,0.000000000000000000e+00,0.000000000000000000e+00
8.176826329998556275e+01,0.000000000000000000e+00,0.000000000000000000e+00
8.124888961723901559e+01,0.000000000000000000e+00,0.000000000000000000e+00
8.132742891412401320e+01,0.000000000000000000e+00,0.000000000000000000e+00
8.029030381345040723e+01,0.000000000000000000e+00,0.000000000000000000e+00
7.985268063418409668e+01,0.000000000000000000e+00,0.000000000000000000e+00
8.196364582829272649e+01,0.000000000000000000e+00,0.000000000000000000e+00
8.240364235036663842e+01,0.000000000000000000e+00,0.000000000000000000e+00
7.830963940816316438e+01,0.000000000000000000e+00,0.000000000000000000e+00
8.007109325294565849e+01,0.000000000000000000e+00,0.000000000000000000e+00
7.953790424525932679e+01,0.000000000000000000e+00,0.000000000000000000e+00
7.837084558654635202e+01,0.000000000000000000e+00,0.000000000000000000e+00
8.003383658042406523e+01,0.000000000000000000e+00,0.000000000000000000e+00
7.477413638659618300e+01,0.000000000000000000e+00,0.000000000000000000e+00
8.129313860867132746e+01,0.000000000000000000e+00,0.000000000000000000e+00
7.959577147445924084e+01,0.000000000000000000e+00,0.000000000000000000e+00
8.202915758281991998e+01,0.000000000000000000e+00,0.000000000000000000e+00
8.007268928665619967e+01,0.000000000000000000e+00,0.000000000000000000e+00
8.022442611849862715e+01,0.000000000000000000e+00,0.000000000000000000e+00
7.774769208434261714e+01,0.000000000000000000e+00,0.000000000000000000e+00
7.676754001000711014e+01,0.000000000000000000e+00,0.000000000000000000e+00
7.956901772435138298e+01,0.000000000000000000e+00,0.000000000000000000e+00
8.054661767964108776e+01,0.000000000000000000e+00,0.000000000000000000e+00
7.819547679777004134e+01,0.000000000000000000e+00,0.000000000000000000e+00
7.808675830020467856e+01,0.000000000000000000e+00,0.000000000000000000e+00
7.881804797995881984e+01,0.000000000000000000e+00,0.000000000000000000e+00
7.848222653716314312e+01,0.000000000000000000e+00,0.000000000000000000e+00
7.995654999258194096e+01,0.000000000000000000e+00,0.000000000000000000e+00
8.161336910653716359e+01,0.000000000000000000e+00,0.000000000000000000e+00
7.794359525020851720e+01,0.000000000000000000e+00,0.000000000000000000e+00
7.892799113524516486e+01,0.000000000000000000e+00,0.000000000000000000e+00
7.707468294405674669e+01,0.000000000000000000e+00,0.000000000000000000e+00
7.753587664622106956e+01,0.000000000000000000e+00,0.000000000000000000e+00
7.974851786727268177e+01,0.000000000000000000e+00,0.000000000000000000e+00
8.226474252653856922e+01,0.000000000000000000e+00,0.000000000000000000e+00
7.913852548144646448e+01,0.000000000000000000e+00,0.000000000000000000e+00
7.949860477449614393e+01,0.000000000000000000e+00,0.000000000000000000e+00
7.544284400869506158e+01,0.000000000000000000e+00,0.000000000000000000e+00
8.109351483452162768e+01,0.000000000000000000e+00,0.000000000000000000e+00
8.062927664858102617e+01,0.000000000000000000e+00,0.000000000000000000e+00
8.062586215026257719e+01,0.000000000000000000e+00,0.000000000000000000e+00
7.651303448293593590e+01,0.000000000000000000e+00,0.000000000000000000e+00
7.856257557484386211e+01,0.000000000000000000e+00,0.000000000000000000e+00
8.299417539872509053e+01,0.000000000000000000e+00,0.000000000000000000e+00
7.767341131570042023e+01,0.000000000000000000e+00,0.000000000000000000e+00
7.517883221967827012e+01,0.000000000000000000e+00,0.000000000000000000e+00
8.107654606353392523e+01,0.000000000000000000e+00,0.000000000000000000e+00
7.759671434816334568e+01,0.000000000000000000e+00,0.000000000000000000e+00
8.016275126818760555e+01,0.000000000000000000e+00,0.000000000000000000e+00
8.075266857293301825e+01,0.000000000000000000e+00,0.000000000000000000e+00
8.276232339767314272e+01,0.000000000000000000e+00,0.000000000000000000e+00
7.894782795442316115e+01,0.000000000000000000e+00,0.000000000000000000e+00
7.727727035930539046e+01,0.000000000000000000e+00,0.000000000000000000e+00
7.899119820134768588e+01,0.000000000000000000e+00,0.000000000000000000e+00
7.809451881008772034e+01,0.000000000000000000e+00,0.000000000000000000e+00
7.349026160394042506e+01,0.000000000000000000e+00,0.000000000000000000e+00
7.951674734194961047e+01,0.000000000000000000e+00,0.000000000000000000e+00
7.817087022694340703e+01,0.000000000000000000e+00,0.000000000000000000e+00
8.002522686913908956e+01,0.000000000000000000e+00,0.000000000000000000e+00
7.501273966011133609e+01,0.000000000000000000e+00,0.000000000000000000e+00
7.823101055109930257e+01,0.000000000000000000e+00,0.000000000000000000e+00
7.602719385934999252e+01,0.000000000000000000e+00,0.000000000000000000e+00
7.607371527503136122e+01,0.000000000000000000e+00,0.000000000000000000e+00
7.807123324810331155e+01,0.000000000000000000e+00,0.000000000000000000e+00
7.848755080199070733e+01,0.000000000000000000e+00,0.000000000000000000e+00
7.778617934201342621e+01,0.000000000000000000e+00,0.000000000000000000e+00
7.926257250412177768e+01,0.000000000000000000e+00,0.000000000000000000e+00
7.766033183244870486e+01,0.000000000000000000e+00,0.000000000000000000e+00
8.005070312057465287e+01,0.000000000000000000e+00,0.000000000000000000e+00
7.898923269759137611e+01,0.000000000000000000e+00,0.000000000000000000e+00
7.437809811441633201e+01,0.000000000000000000e+00,0.000000000000000000e+00
7.695363145877357169e+01,0.000000000000000000e+00,0.000000000000000000e+00
7.973915858982837790e+01,0.000000000000000000e+00,0.000000000000000000e+00
7.859101066802917046e+01,0.000000000000000000e+00,0.000000000000000000e+00
7.767502754126127229e+01,0.000000000000000000e+00,0.000000000000000000e+00
8.233635753010692326e+01,0.000000000000000000e+00,0.000000000000000000e+00
7.510481372847722525e+01,0.000000000000000000e+00,0.000000000000000000e+00
7.514674220333724008e+01,0.000000000000000000e+00,0.000000000000000000e+00
8.047133451258497416e+01,0.000000000000000000e+00,0.000000000000000000e+00
7.936187399965129430e+01,0.000000000000000000e+00,0.000000000000000000e+00
7.596354090566042316e+01,0.000000000000000000e+00,0.000000000000000000e+00
7.477603215733606135e+01,0.000000000000000000e+00,0.000000000000000000e+00
8.076247039592361432e+01,0.000000000000000000e+00,0.000000000000000000e+00
7.680647121813112221e+01,0.000000000000000000e+00,0.000000000000000000e+00
7.736222424635356276e+01,0.000000000000000000e+00,0.000000000000000000e+00
7.659262694519226500e+01,0.000000000000000000e+00,0.000000000000000000e+00
7.707220092135609946e+01,0.000000000000000000e+00,0.000000000000000000e+00
7.343445983091521612e+01,0.000000000000000000e+00,0.000000000000000000e+00
7.758981262867575879e+01,0.000000000000000000e+00,0.000000000000000000e+00
7.701232930705626245e+01,0.000000000000000000e+00,0.000000000000000000e+00
8.154660426101486337e+01,0.000000000000000000e+00,0.000000000000000000e+00
7.365587879944315830e+01,0.000000000000000000e+00,0.000000000000000000e+00
7.636886301048588166e+01,0.000000000000000000e+00,0.000000000000000000e+00
7.599454055128461505e+01,0.000000000000000000e+00,0.000000000000000000e+00
7.463796929558417048e+01,0.000000000000000000e+00,0.000000000000000000e+00
8.052224372898349714e+01,0.000000000000000000e+00,0.000000000000000000e+00
7.917112729564576057e+01,0.000000000000000000e+00,0.000000000000000000e+00
7.631036566470457672e+01,0.000000000000000000e+00,0.000000000000000000e+00
7.574618585089892520e+01,0.000000000000000000e+00,0.000000000000000000e+00
7.818304930777617301e+01,0.000000000000000000e+00,0.000000000000000000e+00
7.678780551180663849e+01,0.000000000000000000e+00,0.000000000000000000e+00
7.950300227915110440e+01,0.000000000000000000e+00,0.000000000000000000e+00
7.876034076551594865e+01,0.000000000000000000e+00,0.000000000000000000e+00
7.879849268032883458e+01,0.000000000000000000e+00,0.000000000000000000e+00
7.621447425268162590e+01,0.000000000000000000e+00,0.000000000000000000e+00
7.592369748062259305e+01,0.000000000000000000e+00,0.000000000000000000e+00
7.889603126286455392e+01,0.000000000000000000e+00,0.000000000000000000e+00
7.665985502347386671e+01,0.000000000000000000e+00,0.000000000000000000e+00
7.858110001918329601e+01,0.000000000000000000e+00,0.000000000000000000e+00
7.382036905221937673e+01,0.000000000000000000e+00,0.000000000000000000e+00
7.517768743492074179e+01,0.000000000000000000e+00,0.000000000000000000e+00
7.907456297474604412e+01,0.000000000000000000e+00,0.000000000000000000e+00
7.872946784847930246e+01,0.000000000000000000e+00,0.000000000000000000e+00
7.641928340091718042e+01,0.000000000000000000e+00,0.000000000000000000e+00
7.635889524604544931e+01,0.000000000000000000e+00,0.000000000000000000e+00
7.739568197403050931e+01,0.000000000000000000e+00,0.000000000000000000e+00
7.489804434307325209e+01,0.000000000000000000e+00,0.000000000000000000e+00
7.499746504712977924e+01,0.000000000000000000e+00,0.000000000000000000e+00
7.945244388224323018e+01,0.000000000000000000e+00,0.000000000000000000e+00
7.678059799170027588e+01,0.000000000000000000e+00,0.000000000000000000e+00
7.583930284898711704e+01,0.000000000000000000e+00,0.000000000000000000e+00
7.444433973599068111e+01,0.000000000000000000e+00,0.000000000000000000e+00
7.316825257209758604e+01,0.000000000000000000e+00,0.000000000000000000e+00
7.823584126392907478e+01,0.000000000000000000e+00,0.000000000000000000e+00
7.293760463057191146e+01,0.000000000000000000e+00,0.000000000000000000e+00
7.648859168392357333e+01,0.000000000000000000e+00,0.000000000000000000e+00
7.533309210969775904e+01,0.000000000000000000e+00,0.000000000000000000e+00
7.426379768779140988e+01,0.000000000000000000e+00,0.000000000000000000e+00
7.582850329112133636e+01,0.000000000000000000e+00,0.000000000000000000e+00
7.803070835036082542e+01,0.000000000000000000e+00,0.000000000000000000e+00
7.635716239912601111e+01,0.000000000000000000e+00,0.000000000000000000e+00
7.527683465600539137e+01,0.000000000000000000e+00,0.000000000000000000e+00
7.467974289266135202e+01,0.000000000000000000e+00,0.000000000000000000e+00
7.673911292199574063e+01,0.000000000000000000e+00,0.000000000000000000e+00
7.475048037346796548e+01,0.000000000000000000e+00,0.000000000000000000e+00
7.755496407138038251e+01,0.000000000000000000e+00,0.000000000000000000e+00
7.900285702695268242e+01,0.000000000000000000e+00,0.000000000000000000e+00
7.589499188049816780e+01,0.000000000000000000e+00,0.000000000000000000e+00
7.575807661811722937e+01,0.000000000000000000e+00,0.000000000000000000e+00
7.279121053331675739e+01,0.000000000000000000e+00,0.000000000000000000e+00
7.579833536257787330e+01,0.000000000000000000e+00,0.000000000000000000e+00
7.315564991312091081e+01,0.000000000000000000e+00,0.000000000000000000e+00
7.506329902981829605e+01,0.000000000000000000e+00,0.000000000000000000e+00
7.261885601696070580e+01,0.000000000000000000e+00,0.000000000000000000e+00
7.575580486858065399e+01,0.000000000000000000e+00,0.000000000000000000e+00
7.633860799911174411e+01,0.000000000000000000e+00,0.000000000000000000e+00
7.481363282883042132e+01,0.000000000000000000e+00,0.000000000000000000e+00
7.544930880232573145e+01,0.000000000000000000e+00,0.000000000000000000e+00
7.809086572848643470e+01,0.000000000000000000e+00,0.000000000000000000e+00
7.389895170761346321e+01,0.000000000000000000e+00,0.000000000000000000e+00
7.459871914420571670e+01,0.000000000000000000e+00,0.000000000000000000e+00
7.521023109236824666e+01,0.000000000000000000e+00,0.000000000000000000e+00
7.675859342227177251e+01,0.000000000000000000e+00,0.000000000000000000e+00
7.646318249891463381e+01,0.000000000000000000e+00,0.000000000000000000e+00
7.191308384373769513e+01,0.000000000000000000e+00,0.000000000000000000e+00
7.427334068239672149e+01,0.000000000000000000e+00,0.000000000000000000e+00
7.268974454790361506e+01,0.000000000000000000e+00,0.000000000000000000e+00
7.500922143540650211e+01,0.000000000000000000e+00,0.000000000000000000e+00
7.700752530259197215e+01,0.000000000000000000e+00,0.000000000000000000e+00
7.459689735313685333e+01,0.000000000000000000e+00,0.000000000000000000e+00
7.425328312708262501e+01,0.000000000000000000e+00,0.000000000000000000e+00
7.561954942744675634e+01,0.000000000000000000e+00,0.000000000000000000e+00
7.654426955996528648e+01,0.000000000000000000e+00,0.000000000000000000e+00
7.187449587925412686e+01,0.000000000000000000e+00,0.000000000000000000e+00
7.160507638930648966e+01,0.000000000000000000e+00,0.000000000000000000e+00
7.374029504638367882e+01,0.000000000000000000e+00,0.000000000000000000e+00
7.372843729810486479e+01,0.000000000000000000e+00,0.000000000000000000e+00
7.133481554471885033e+01,0.000000000000000000e+00,0.000000000000000000e+00
7.482438854244995241e+01,0.000000000000000000e+00,0.000000000000000000e+00
7.484949027942504074e+01,0.000000000000000000e+00,0.000000000000000000e+00
7.627486096381620939e+01,0.000000000000000000e+00,0.000000000000000000e+00
7.498578488928188790e+01,0.000000000000000000e+00,0.000000000000000000e+00
7.643685564517200248e+01,0.000000000000000000e+00,0.000000000000000000e+00
7.290393444783624943e+01,0.000000000000000000e+00,0.000000000000000000e+00
7.490788626004771800e+01,0.000000000000000000e+00,0.000000000000000000e+00
7.522509422015760094e+01,0.000000000000000000e+00,0.000000000000000000e+00
7.045825484610593037e+01,0.000000000000000000e+00,0.000000000000000000e+00
7.096986946340820168e+01,0.000000000000000000e+00,0.000000000000000000e+00
7.356813811873459485e+01,0.000000000000000000e+00,0.000000000000000000e+00
7.408321288205387134e+01,0.000000000000000000e+00,0.000000000000000000e+00
7.544607495599871072e+01,0.000000000000000000e+00,0.000000000000000000e+00
7.478124573804622344e+01,0.000000000000000000e+00,0.000000000000000000e+00
7.574066558241548819e+01,0.000000000000000000e+00,0.000000000000000000e+00
7.500366412111490888e+01,0.000000000000000000e+00,0.000000000000000000e+00
7.418247839055199222e+01,0.000000000000000000e+00,0.000000000000000000e+00
7.386326300351566942e+01,0.000000000000000000e+00,0.000000000000000000e+00
7.415393289171889535e+01,0.000000000000000000e+00,0.000000000000000000e+00
7.126288556256267270e+01,0.000000000000000000e+00,0.000000000000000000e+00
7.290231598932525969e+01,0.000000000000000000e+00,0.000000000000000000e+00
7.327008934351634650e+01,0.000000000000000000e+00,0.000000000000000000e+00
7.238583989299449684e+01,0.000000000000000000e+00,0.000000000000000000e+00
7.180519510839148722e+01,0.000000000000000000e+00,0.000000000000000000e+00
7.270530042327727926e+01,0.000000000000000000e+00,0.000000000000000000e+00
7.183017614415803109e+01,0.000000000000000000e+00,0.000000000000000000e+00
7.104968413884759570e+01,0.000000000000000000e+00,0.000000000000000000e+00
7.415183878457091282e+01,0.000000000000000000e+00,0.000000000000000000e+00
7.246065001588577559e+01,0.000000000000000000e+00,0.000000000000000000e+00
7.192911143978466271e+01,0.000000000000000000e+00,0.000000000000000000e+00
7.137459112782347859e+01,0.000000000000000000e+00,0.000000000000000000e+00
7.179492877998629297e+01,0.000000000000000000e+00,0.000000000000000000e+00
7.361095353234000527e+01,0.000000000000000000e+00,0.000000000000000000e+00
7.212745810774400468e+01,0.000000000000000000e+00,0.000000000000000000e+00
7.145478650381737395e+01,0.000000000000000000e+00,0.000000000000000000e+00
6.998938351811791847e+01,0.000000000000000000e+00,0.000000000000000000e+00
7.169072898651836567e+01,0.000000000000000000e+00,0.000000000000000000e+00
7.152220958446795862e+01,0.000000000000000000e+00,0.000000000000000000e+00
7.330294131607287511e+01,0.000000000000000000e+00,0.000000000000000000e+00
7.196240231680479837e+01,0.000000000000000000e+00,0.000000000000000000e+00
6.900484264368911624e+01,0.000000000000000000e+00,0.000000000000000000e+00
7.215600439668781974e+01,0.000000000000000000e+00,0.000000000000000000e+00
7.356764483070448080e+01,0.000000000000000000e+00,0.000000000000000000e+00
7.342663034052736748e+01,0.000000000000000000e+00,0.000000000000000000e+00
7.240014241534764494e+01,0.000000000000000000e+00,0.000000000000000000e+00
7.260242772843801617e+01,0.000000000000000000e+00,0.000000000000000000e+00
7.391864837618048512e+01,0.000000000000000000e+00,0.000000000000000000e+00
7.074942645282607145e+01,0.000000000000000000e+00,0.000000000000000000e+00
7.095009166564375391e+01,0.000000000000000000e+00,0.000000000000000000e+00
7.449206833120614135e+01,0.000000000000000000e+00,0.000000000000000000e+00
7.320463148050271229e+01,0.000000000000000000e+00,0.000000000000000000e+00
7.347172582712512678e+01,0.000000000000000000e+00,0.000000000000000000e+00
7.308160749612524398e+01,0.000000000000000000e+00,0.000000000000000000e+00
7.341803234104227727e+01,0.000000000000000000e+00,0.000000000000000000e+00
6.880716871203594565e+01,0.000000000000000000e+00,0.000000000000000000e+00
6.905733479432819877e+01,0.000000000000000000e+00,0.000000000000000000e+00
7.121270749884256190e+01,0.000000000000000000e+00,0.000000000000000000e+00
6.926461321381347602e+01,0.000000000000000000e+00,0.000000000000000000e+00
7.284845712009096985e+01,0.000000000000000000e+00,0.000000000000000000e+00
7.247926873078779408e+01,0.000000000000000000e+00,0.000000000000000000e+00
7.105512025296184220e+01,0.000000000000000000e+00,0.000000000000000000e+00
7.422041136720099530e+01,0.000000000000000000e+00,0.000000000000000000e+00
7.614526685466285016e+01,0.000000000000000000e+00,0.000000000000000000e+00
7.135740681973962296e+01,0.000000000000000000e+00,0.000000000000000000e+00
6.918698584219094982e+01,0.000000000000000000e+00,0.000000000000000000e+00
6.893008576328260517e+01,0.000000000000000000e+00,0.000000000000000000e+00
7.060169607238809419e+01,0.000000000000000000e+00,0.000000000000000000e+00
6.933321343227981970e+01,0.000000000000000000e+00,0.000000000000000000e+00
7.016674900154386307e+01,0.000000000000000000e+00,0.000000000000000000e+00
6.768092271794080261e+01,0.000000000000000000e+00,0.000000000000000000e+00
6.725804789405422923e+01,0.000000000000000000e+00,0.000000000000000000e+00
7.283686486449049369e+01,0.000000000000000000e+00,0.000000000000000000e+00
6.838028320716438202e+01,0.000000000000000000e+00,0.000000000000000000e+00
6.898023540423537270e+01,0.000000000000000000e+00,0.000000000000000000e+00
7.437987118265209574e+01,0.000000000000000000e+00,0.000000000000000000e+00
7.142311078290234150e+01,0.000000000000000000e+00,0.000000000000000000e+00
7.069931434836760786e+01,0.000000000000000000e+00,0.000000000000000000e+00
7.254688823670825570e+01,0.000000000000000000e+00,0.000000000000000000e+00
6.910093464287992049e+01,0.000000000000000000e+00,0.000000000000000000e+00
6.925860089065082548e+01,0.000000000000000000e+00,0.000000000000000000e+00
7.035600732281467629e+01,0.000000000000000000e+00,0.000000000000000000e+00
7.283061105547793090e+01,0.000000000000000000e+00,0.000000000000000000e+00
6.991862334034250637e+01,0.000000000000000000e+00,0.000000000000000000e+00
6.959681313283930137e+01,0.000000000000000000e+00,0.000000000000000000e+00
7.299757972962015629e+01,0.000000000000000000e+00,0.000000000000000000e+00
7.117163314702396804e+01,0.000000000000000000e+00,0.000000000000000000e+00
6.830165081381719006e+01,0.000000000000000000e+00,0.000000000000000000e+00
6.843903950387158375e+01,0.000000000000000000e+00,0.000000000000000000e+00
6.774825740588835288e+01,0.000000000000000000e+00,0.000000000000000000e+00
6.903934502198495693e+01,0.000000000000000000e+00,0.000000000000000000e+00
7.351670647935246450e+01,0.000000000000000000e+00,0.000000000000000000e+00
6.764527881766902340e+01,0.000000000000000000e+00,0.000000000000000000e+00
6.957751204989789073e+01,0.000000000000000000e+00,0.000000000000000000e+00
7.106610387417104846e+01,0.000000000000000000e+00,0.000000000000000000e+00
6.938588264608911516e+01,0.000000000000000000e+00,0.000000000000000000e+00
7.073028736777278880e+01,0.000000000000000000e+00,0.000000000000000000e+00
6.751480061197936777e+01,0.000000000000000000e+00,0.000000000000000000e+00
6.804940154406865815e+01,0.000000000000000000e+00,0.000000000000000000e+00
6.800998629362155157e+01,0.000000000000000000e+00,0.000000000000000000e+00
7.035386955073268211e+01,0.000000000000000000e+00,0.000000000000000000e+00
7.012945375283995020e+01,0.000000000000000000e+00,0.000000000000000000e+00
6.996908360644529523e+01,0.000000000000000000e+00,0.000000000000000000e+00
6.688775897625140487e+01,0.000000000000000000e+00,0.000000000000000000e+00
7.110926320725835126e+01,0.000000000000000000e+00,0.000000000000000000e+00
6.691276286307268606e+01,0.000000000000000000e+00,0.000000000000000000e+00
7.027461661541403259e+01,0.000000000000000000e+00,0.000000000000000000e+00
6.893106805427808581e+01,0.000000000000000000e+00,0.000000000000000000e+00
6.875419085468003288e+01,0.000000000000000000e+00,0.000000000000000000e+00
7.108291335176511438e+01,0.000000000000000000e+00,0.000000000000000000e+00
6.582938973923026538e+01,0.000000000000000000e+00,0.000000000000000000e+00
6.707686599345477418e+01,0.000000000000000000e+00,0.000000000000000000e+00
6.861862731121648551e+01,0.000000000000000000e+00,0.000000000000000000e+00
6.657226516168044839e+01,0.000000000000000000e+00,0.000000000000000000e+00
6.298467855085863221e+01,0.000000000000000000e+00,0.000000000000000000e+00
6.700660535623801195e+01,0.000000000000000000e+00,0.000000000000000000e+00
6.545543620329358703e+01,0.000000000000000000e+00,0.000000000000000000e+00
6.800333346754558761e+01,0.000000000000000000e+00,0.000000000000000000e+00
6.500325626842182203e+01,0.000000000000000000e+00,0.000000000000000000e+00
6.730464511009498096e+01,0.000000000000000000e+00,0.000000000000000000e+00
6.811964062020217625e+01,0.000000000000000000e+00,0.000000000000000000e+00
6.644850458014872174e+01,0.000000000000000000e+00,0.000000000000000000e+00
6.902821075730682310e+01,0.000000000000000000e+00,0.000000000000000000e+00
6.815616735138554816e+01,0.000000000000000000e+00,0.000000000000000000e+00
6.710704485232679417e+01,0.000000000000000000e+00,0.000000000000000000e+00
6.665761035028570802e+01,0.000000000000000000e+00,0.000000000000000000e+00
6.502877173142250911e+01,0.000000000000000000e+00,0.000000000000000000e+00
6.757129642515813828e+01,0.000000000000000000e+00,0.000000000000000000e+00
7.127270478807722043e+01,0.000000000000000000e+00,0.000000000000000000e+00
6.493497156567865147e+01,0.000000000000000000e+00,0.000000000000000000e+00
6.328454033324068462e+01,0.000000000000000000e+00,0.000000000000000000e+00
6.390497234531673598e+01,0.000000000000000000e+00,0.000000000000000000e+00
6.403758488487301292e+01,0.000000000000000000e+00,0.000000000000000000e+00
6.639724942858863699e+01,0.000000000000000000e+00,0.000000000000000000e+00
6.532284793340718920e+01,0.000000000000000000e+00,0.000000000000000000e+00
6.475689709443075515e+01,0.000000000000000000e+00,0.000000000000000000e+00
6.399661509259465220e+01,0.000000000000000000e+00,0.000000000000000000e+00
6.377587391429409536e+01,0.000000000000000000e+00,0.000000000000000000e+00
6.263774197397464150e+01,0.000000000000000000e+00,0.000000000000000000e+00
6.687758334401880234e+01,0.000000000000000000e+00,0.000000000000000000e+00
6.929485292752748649e+01,0.000000000000000000e+00,0.000000000000000000e+00
6.579912361325301617e+01,0.000000000000000000e+00,0.000000000000000000e+00
6.902974258629700444e+01,0.000000000000000000e+00,0.000000000000000000e+00
6.168502980076426923e+01,0.000000000000000000e+00,0.000000000000000000e+00
6.632380533691539881e+01,0.000000000000000000e+00,0.000000000000000000e+00
6.450880730272973551e+01,0.000000000000000000e+00,0.000000000000000000e+00
6.264870009816130647e+01,0.000000000000000000e+00,0.000000000000000000e+00
6.529419387102751671e+01,0.000000000000000000e+00,0.000000000000000000e+00
6.632694261000678182e+01,0.000000000000000000e+00,0.000000000000000000e+00
6.675274797016797379e+01,0.000000000000000000e+00,0.000000000000000000e+00
6.557082977440825289e+01,0.000000000000000000e+00,0.000000000000000000e+00
6.710228914433962188e+01,0.000000000000000000e+00,0.000000000000000000e+00
6.359387110286722589e+01,0.000000000000000000e+00,0.000000000000000000e+00
6.475314170923844870e+01,0.000000000000000000e+00,0.000000000000000000e+00
6.294167375178275137e+01,0.000000000000000000e+00,0.000000000000000000e+00
6.852921181116269622e+01,0.000000000000000000e+00,0.000000000000000000e+00
6.354105144601993516e+01,0.000000000000000000e+00,0.000000000000000000e+00
6.152062224775743715e+01,0.000000000000000000e+00,0.000000000000000000e+00
6.731998536729393834e+01,0.000000000000000000e+00,0.000000000000000000e+00
6.673861303512431675e+01,0.000000000000000000e+00,0.000000000000000000e+00
6.308515144042299028e+01,0.000000000000000000e+00,0.000000000000000000e+00
6.160937608952787059e+01,0.000000000000000000e+00,0.000000000000000000e+00
6.320241242289559835e+01,0.000000000000000000e+00,0.000000000000000000e+00
6.234823414944421671e+01,0.000000000000000000e+00,0.000000000000000000e+00
6.509562731925899470e+01,0.000000000000000000e+00,0.000000000000000000e+00
6.654960694516201158e+01,0.000000000000000000e+00,0.000000000000000000e+00
6.277625351582288715e+01,0.000000000000000000e+00,0.000000000000000000e+00
6.421912623255268215e+01,0.000000000000000000e+00,0.000000000000000000e+00
6.570086703660287242e+01,0.000000000000000000e+00,0.000000000000000000e+00
6.334153623750783169e+01,0.000000000000000000e+00,0.000000000000000000e+00
6.741725669418896416e+01,0.000000000000000000e+00,0.000000000000000000e+00
6.204452230271854773e+01,0.000000000000000000e+00,0.000000000000000000e+00
6.381946119246892835e+01,0.000000000000000000e+00,0.000000000000000000e+00
6.403327372661422601e+01,0.000000000000000000e+00,0.000000000000000000e+00
5.979886039823846744e+01,0.000000000000000000e+00,0.000000000000000000e+00
6.357415645271246518e+01,0.000000000000000000e+00,0.000000000000000000e+00
5.919581135726176768e+01,0.000000000000000000e+00,0.000000000000000000e+00
6.295056569786741818e+01,0.000000000000000000e+00,0.000000000000000000e+00
6.337008344308329555e+01,0.000000000000000000e+00,0.000000000000000000e+00
6.409754003417847912e+01,0.000000000000000000e+00,0.000000000000000000e+00
6.112361996952916599e+01,0.000000000000000000e+00,0.000000000000000000e+00
6.206431351531371376e+01,0.000000000000000000e+00,0.000000000000000000e+00
5.691777780607160508e+01,0.000000000000000000e+00,0.000000000000000000e+00
6.422466492585866149e+01,0.000000000000000000e+00,0.000000000000000000e+00
6.235026998338560134e+01,0.000000000000000000e+00,0.000000000000000000e+00
6.115573261766734703e+01,0.000000000000000000e+00,0.000000000000000000e+00
6.232749018410871855e+01,0.000000000000000000e+00,0.000000000000000000e+00
6.352524188164815655e+01,0.000000000000000000e+00,0.000000000000000000e+00
6.282235034330835077e+01,0.000000000000000000e+00,0.000000000000000000e+00
6.318862656297210378e+01,0.000000000000000000e+00,0.000000000000000000e+00
5.941665409343856652e+01,0.000000000000000000e+00,0.000000000000000000e+00
6.243111550360054451e+01,0.000000000000000000e+00,0.000000000000000000e+00
6.125818146170280443e+01,0.000000000000000000e+00,0.000000000000000000e+00
6.089859735079969738e+01,0.000000000000000000e+00,0.000000000000000000e+00
6.330473098263583154e+01,0.000000000000000000e+00,0.000000000000000000e+00
6.130713182415885143e+01,0.000000000000000000e+00,0.000000000000000000e+00
6.221635246619375437e+01,0.000000000000000000e+00,0.000000000000000000e+00
6.094753413106097639e+01,0.000000000000000000e+00,0.000000000000000000e+00
6.046522409984188329e+01,0.000000000000000000e+00,0.000000000000000000e+00
6.219288177699680631e+01,0.000000000000000000e+00,0.000000000000000000e+00
6.174539715737397216e+01,0.000000000000000000e+00,0.000000000000000000e+00
6.017013399494809534e+01,0.000000000000000000e+00,0.000000000000000000e+00
6.177565706303825266e+01,0.000000000000000000e+00,0.000000000000000000e+00
5.851707853207690135e+01,0.000000000000000000e+00,0.000000000000000000e+00
6.325480835946597580e+01,0.000000000000000000e+00,0.000000000000000000e+00
6.288344214349754679e+01,0.000000000000000000e+00,0.000000000000000000e+00
6.106344761515390474e+01,0.000000000000000000e+00,0.000000000000000000e+00
6.519806715824357468e+01,0.000000000000000000e+00,0.000000000000000000e+00
6.093528724654474615e+01,0.000000000000000000e+00,0.000000000000000000e+00
5.908198374129499797e+01,0.000000000000000000e+00,0.000000000000000000e+00
5.798799916421619116e+01,0.000000000000000000e+00,0.000000000000000000e+00
6.246944021855892260e+01,0.000000000000000000e+00,0.000000000000000000e+00
6.142186184639331969e+01,0.000000000000000000e+00,0.000000000000000000e+00
6.068854553727689449e+01,0.000000000000000000e+00,0.000000000000000000e+00
6.383738762762108365e+01,0.000000000000000000e+00,0.000000000000000000e+00
6.286666646042806406e+01,0.000000000000000000e+00,0.000000000000000000e+00
6.564718576653663717e+01,0.000000000000000000e+00,0.000000000000000000e+00
6.010096141929845004e+01,0.000000000000000000e+00,0.000000000000000000e+00
5.846336384501529437e+01,0.000000000000000000e+00,0.000000000000000000e+00
5.974523948871744494e+01,0.000000000000000000e+00,0.000000000000000000e+00
6.032980191129176006e+01,0.000000000000000000e+00,0.000000000000000000e+00
6.455315372416228570e+01,0.000000000000000000e+00,0.000000000000000000e+00
6.022147492685802206e+01,0.000000000000000000e+00,0.000000000000000000e+00
6.173850918613660355e+01,0.000000000000000000e+00,0.000000000000000000e+00
5.893721256433329359e+01,0.000000000000000000e+00,0.000000000000000000e+00
5.841872973407483016e+01,0.000000000000000000e+00,0.000000000000000000e+00
6.101071932995273528e+01,0.000000000000000000e+00,0.000000000000000000e+00
6.136729084627577890e+01,0.000000000000000000e+00,0.000000000000000000e+00
5.387130836879174467e+01,0.000000000000000000e+00,0.000000000000000000e+00
6.115214570471380284e+01,0.000000000000000000e+00,0.000000000000000000e+00
5.868173042411188334e+01,0.000000000000000000e+00,0.000000000000000000e+00
5.882422075355319180e+01,0.000000000000000000e+00,0.000000000000000000e+00
5.522267621391493719e+01,0.000000000000000000e+00,0.000000000000000000e+00
5.749725394609329499e+01,0.000000000000000000e+00,0.000000000000000000e+00
5.992450428664456297e+01,0.000000000000000000e+00,0.000000000000000000e+00
6.206643137801462728e+01,0.000000000000000000e+00,0.000000000000000000e+00
5.851429009177013540e+01,0.000000000000000000e+00,0.000000000000000000e+00
5.859549734675879051e+01,0.000000000000000000e+00,0.000000000000000000e+00
5.541471077029754611e+01,0.000000000000000000e+00,0.000000000000000000e+00
5.863313544925224363e+01,0.000000000000000000e+00,0.000000000000000000e+00
5.574157374154501099e+01,0.000000000000000000e+00,0.000000000000000000e+00
6.022465278633841734e+01,0.000000000000000000e+00,0.000000000000000000e+00
5.918739944123034746e+01,0.000000000000000000e+00,0.000000000000000000e+00
5.596039001578811423e+01,0.000000000000000000e+00,0.000000000000000000e+00
6.078205980466245961e+01,0.000000000000000000e+00,0.000000000000000000e+00
6.377959537799620904e+01,0.000000000000000000e+00,0.000000000000000000e+00
5.905851373984924635e+01,0.000000000000000000e+00,0.000000000000000000e+00
5.792956348826542268e+01,0.000000000000000000e+00,0.000000000000000000e+00
5.709423982039768930e+01,0.000000000000000000e+00,0.000000000000000000e+00
5.850240313890750343e+01,0.000000000000000000e+00,0.000000000000000000e+00
5.888809924873873314e+01,0.000000000000000000e+00,0.000000000000000000e+00
5.872170825815593531e+01,0.000000000000000000e+00,0.000000000000000000e+00
5.505636356110587570e+01,0.000000000000000000e+00,0.000000000000000000e+00
5.457858602216447252e+01,0.000000000000000000e+00,0.000000000000000000e+00
5.633538272394835644e+01,0.000000000000000000e+00,0.000000000000000000e+00
5.719474787681112815e+01,0.000000000000000000e+00,0.000000000000000000e+00
6.153420597120368996e+01,0.000000000000000000e+00,0.000000000000000000e+00
5.630358210522177131e+01,0.000000000000000000e+00,0.000000000000000000e+00
5.858204647914929808e+01,0.000000000000000000e+00,0.000000000000000000e+00
5.684269976167824723e+01,0.000000000000000000e+00,0.000000000000000000e+00
5.897963195002651560e+01,0.000000000000000000e+00,0.000000000000000000e+00
6.199155090784348232e+01,0.000000000000000000e+00,0.000000000000000000e+00
5.787330086742517210e+01,0.000000000000000000e+00,0.000000000000000000e+00
5.822539823961800920e+01,0.000000000000000000e+00,0.000000000000000000e+00
5.317809248505344755e+01,0.000000000000000000e+00,0.000000000000000000e+00
5.612320431096092932e+01,0.000000000000000000e+00,0.000000000000000000e+00
5.713571262327180023e+01,0.000000000000000000e+00,0.000000000000000000e+00
5.230354919229193911e+01,0.000000000000000000e+00,0.000000000000000000e+00
5.699567611063878303e+01,0.000000000000000000e+00,0.000000000000000000e+00
5.792151597003850583e+01,0.000000000000000000e+00,0.000000000000000000e+00
5.577958023550920785e+01,0.000000000000000000e+00,0.000000000000000000e+00
5.916398836561396024e+01,0.000000000000000000e+00,0.000000000000000000e+00
5.584717932772853288e+01,0.000000000000000000e+00,0.000000000000000000e+00
5.729836787236894224e+01,0.000000000000000000e+00,0.000000000000000000e+00
5.621390414254361900e+01,0.000000000000000000e+00,0.000000000000000000e+00
5.979991277362381652e+01,0.000000000000000000e+00,0.000000000000000000e+00
5.612806234503272407e+01,0.000000000000000000e+00,0.000000000000000000e+00
5.980281410952851218e+01,0.000000000000000000e+00,0.000000000000000000e+00
5.575312491713395247e+01,0.000000000000000000e+00,0.000000000000000000e+00
5.200744614050310588e+01,0.000000000000000000e+00,0.000000000000000000e+00
5.703961810947060940e+01,0.000000000000000000e+00,0.000000000000000000e+00
5.609279623276902527e+01,0.000000000000000000e+00,0.000000000000000000e+00
5.041801402835201884e+01,0.000000000000000000e+00,0.000000000000000000e+00
5.188073923646217622e+01,0.000000000000000000e+00,0.000000000000000000e+00
5.594650481169847467e+01,0.000000000000000000e+00,0.000000000000000000e+00
5.294860400231370789e+01,0.000000000000000000e+00,0.000000000000000000e+00
5.379767687868535830e+01,0.000000000000000000e+00,0.000000000000000000e+00
5.646926748068283786e+01,0.000000000000000000e+00,0.000000000000000000e+00
5.388053998381443677e+01,0.000000000000000000e+00,0.000000000000000000e+00
5.224545318889025225e+01,0.000000000000000000e+00,0.000000000000000000e+00
5.447648973709468123e+01,0.000000000000000000e+00,0.000000000000000000e+00
5.557663779469743304e+01,0.000000000000000000e+00,0.000000000000000000e+00
5.290105625606866369e+01,0.000000000000000000e+00,0.000000000000000000e+00
5.839220691053520795e+01,0.000000000000000000e+00,0.000000000000000000e+00
5.420688306509268273e+01,0.000000000000000000e+00,0.000000000000000000e+00
5.330960630205854756e+01,0.000000000000000000e+00,0.000000000000000000e+00
5.362618606700526414e+01,0.000000000000000000e+00,0.000000000000000000e+00
5.768744938301585989e+01,0.000000000000000000e+00,0.000000000000000000e+00
5.695511365448663810e+01,0.000000000000000000e+00,0.000000000000000000e+00
5.192471680126206479e+01,0.000000000000000000e+00,0.000000000000000000e+00
5.516819167148987901e+01,0.000000000000000000e+00,0.000000000000000000e+00
5.528007734074014223e+01,0.000000000000000000e+00,0.000000000000000000e+00
5.588483526736857954e+01,0.000000000000000000e+00,0.000000000000000000e+00
5.210626714229962175e+01,0.000000000000000000e+00,0.000000000000000000e+00
5.110186306398041722e+01,0.000000000000000000e+00,0.000000000000000000e+00
5.310501227188186135e+01,0.000000000000000000e+00,0.000000000000000000e+00
5.235453307733020267e+01,0.000000000000000000e+00,0.000000000000000000e+00
5.148423403943839816e+01,0.000000000000000000e+00,0.000000000000000000e+00
5.385642268028801283e+01,0.000000000000000000e+00,0.000000000000000000e+00
5.120427397077279608e+01,0.000000000000000000e+00,0.000000000000000000e+00
5.292900039978567150e+01,0.000000000000000000e+00,0.000000000000000000e+00
5.381065502016247137e+01,0.000000000000000000e+00,0.000000000000000000e+00
5.505104312777352504e+01,0.000000000000000000e+00,0.000000000000000000e+00
5.152098752778588420e+01,0.000000000000000000e+00,0.000000000000000000e+00
5.188586394181352546e+01,0.000000000000000000e+00,0.000000000000000000e+00
5.380468989648069567e+01,0.000000000000000000e+00,0.000000000000000000e+00
5.346797822959489821e+01,0.000000000000000000e+00,0.000000000000000000e+00
5.182071967320192840e+01,0.000000000000000000e+00,0.000000000000000000e+00
5.270144572026917018e+01,0.000000000000000000e+00,0.000000000000000000e+00
4.989702077323926943e+01,0.000000000000000000e+00,0.000000000000000000e+00
5.119812841951413418e+01,0.000000000000000000e+00,0.000000000000000000e+00
5.279142034662983463e+01,0.000000000000000000e+00,0.000000000000000000e+00
5.311951170918609222e+01,0.000000000000000000e+00,0.000000000000000000e+00
5.040798693027119981e+01,0.000000000000000000e+00,0.000000000000000000e+00
5.189861668707219877e+01,0.000000000000000000e+00,0.000000000000000000e+00
5.208913690228808235e+01,0.000000000000000000e+00,0.000000000000000000e+00
5.252424685564268714e+01,0.000000000000000000e+00,0.000000000000000000e+00
4.928008845500564661e+01,0.000000000000000000e+00,0.000000000000000000e+00
5.037622507924567117e+01,0.000000000000000000e+00,0.000000000000000000e+00
4.960195603403764864e+01,0.000000000000000000e+00,0.000000000000000000e+00
5.292940943862773651e+01,0.000000000000000000e+00,0.000000000000000000e+00
4.734042840798603180e+01,0.000000000000000000e+00,0.000000000000000000e+00
5.388350081639574540e+01,0.000000000000000000e+00,0.000000000000000000e+00
5.121285260332613376e+01,0.000000000000000000e+00,0.000000000000000000e+00
5.400109982282268106e+01,0.000000000000000000e+00,0.000000000000000000e+00
4.864865099693650308e+01,0.000000000000000000e+00,0.000000000000000000e+00
4.949690873800854973e+01,0.000000000000000000e+00,0.000000000000000000e+00
4.835971000610301473e+01,0.000000000000000000e+00,0.000000000000000000e+00
5.307552624868645097e+01,0.000000000000000000e+00,0.000000000000000000e+00
5.411620281080243444e+01,0.000000000000000000e+00,0.000000000000000000e+00
5.427799611963365578e+01,0.000000000000000000e+00,0.000000000000000000e+00
4.905064611433206068e+01,0.000000000000000000e+00,0.000000000000000000e+00
4.910387830949252219e+01,0.000000000000000000e+00,0.000000000000000000e+00
4.786975472853240632e+01,0.000000000000000000e+00,0.000000000000000000e+00
5.174893275166097339e+01,0.000000000000000000e+00,0.000000000000000000e+00
5.402275389721639698e+01,0.000000000000000000e+00,0.000000000000000000e+00
5.086250290551315345e+01,0.000000000000000000e+00,0.000000000000000000e+00
4.951341697200559366e+01,0.000000000000000000e+00,0.000000000000000000e+00
4.777497032354202844e+01,0.000000000000000000e+00,0.000000000000000000e+00
4.926541570499440326e+01,0.000000000000000000e+00,0.000000000000000000e+00
4.953673482799807459e+01,0.000000000000000000e+00,0.000000000000000000e+00
5.422897758634168497e+01,0.000000000000000000e+00,0.000000000000000000e+00
5.047926865690217824e+01,0.000000000000000000e+00,0.000000000000000000e+00
4.626131208414205531e+01,0.000000000000000000e+00,0.000000000000000000e+00
4.601036243080877597e+01,0.000000000000000000e+00,0.000000000000000000e+00
5.112407993819171281e+01,0.000000000000000000e+00,0.000000000000000000e+00
5.030255289541032937e+01,0.000000000000000000e+00,0.000000000000000000e+00
5.037437304419127315e+01,0.000000000000000000e+00,0.000000000000000000e+00
4.875473455306525494e+01,0.000000000000000000e+00,0.000000000000000000e+00
4.463683806059401604e+01,0.000000000000000000e+00,0.000000000000000000e+00
4.720321484111757115e+01,0.000000000000000000e+00,0.000000000000000000e+00
4.758659489075572679e+01,0.000000000000000000e+00,0.000000000000000000e+00
4.734817571766028976e+01,0.000000000000000000e+00,0.000000000000000000e+00
4.570562511713715992e+01,0.000000000000000000e+00,0.000000000000000000e+00
4.845502865241859070e+01,0.000000000000000000e+00,0.000000000000000000e+00
5.184898773867092814e+01,0.000000000000000000e+00,0.000000000000000000e+00
4.809963894347188074e+01,0.000000000000000000e+00,0.000000000000000000e+00
4.751972913421825240e+01,0.000000000000000000e+00,0.000000000000000000e+00
4.647338818952052719e+01,0.000000000000000000e+00,0.000000000000000000e+00
4.921221557876641128e+01,0.000000000000000000e+00,0.000000000000000000e+00
5.022499298855100847e+01,0.000000000000000000e+00,0.000000000000000000e+00
5.081611688272930394e+01,0.000000000000000000e+00,0.000000000000000000e+00
4.500662312245241736e+01,0.000000000000000000e+00,0.000000000000000000e+00
4.689697689013152626e+01,0.000000000000000000e+00,0.000000000000000000e+00
4.854940716062132822e+01,0.000000000000000000e+00,0.000000000000000000e+00
4.758441227550399333e+01,0.000000000000000000e+00,0.000000000000000000e+00
4.760614050311779977e+01,0.000000000000000000e+00,0.000000000000000000e+00
4.567921893852316373e+01,0.000000000000000000e+00,0.000000000000000000e+00
4.912457599809661701e+01,0.000000000000000000e+00,0.000000000000000000e+00
4.450863146720209329e+01,0.000000000000000000e+00,0.000000000000000000e+00
4.448411503917329668e+01,0.000000000000000000e+00,0.000000000000000000e+00
4.712048255327601254e+01,0.000000000000000000e+00,0.000000000000000000e+00
4.869995977176714064e+01,0.000000000000000000e+00,0.000000000000000000e+00
4.808881332668111952e+01,0.000000000000000000e+00,0.000000000000000000e+00
4.545956254916742267e+01,0.000000000000000000e+00,0.000000000000000000e+00
4.883691585171339966e+01,0.000000000000000000e+00,0.000000000000000000e+00
4.606703813201934850e+01,0.000000000000000000e+00,0.000000000000000000e+00
4.391830416526030945e+01,0.000000000000000000e+00,0.000000000000000000e+00
4.826980150404335035e+01,0.000000000000000000e+00,0.000000000000000000e+00
4.273842273472320841e+01,0.000000000000000000e+00,0.000000000000000000e+00
4.601449604722128583e+01,0.000000000000000000e+00,0.000000000000000000e+00
4.703584165298865827e+01,0.000000000000000000e+00,0.000000000000000000e+00
4.736425071108908469e+01,0.000000000000000000e+00,0.000000000000000000e+00
4.353400200470764503e+01,0.000000000000000000e+00,0.000000000000000000e+00
4.752323956930908366e+01,0.000000000000000000e+00,0.000000000000000000e+00
4.959360484928885171e+01,0.000000000000000000e+00,0.000000000000000000e+00
4.783616391192383333e+01,0.000000000000000000e+00,0.000000000000000000e+00
4.142507748977160276e+01,0.000000000000000000e+00,0.000000000000000000e+00
4.564047773767962468e+01,0.000000000000000000e+00,0.000000000000000000e+00
4.445352428037035253e+01,0.000000000000000000e+00,0.000000000000000000e+00
4.647922267414874398e+01,0.000000000000000000e+00,0.000000000000000000e+00
4.680176045115516814e+01,0.000000000000000000e+00,0.000000000000000000e+00
4.427933848203828404e+01,0.000000000000000000e+00,0.000000000000000000e+00
4.271994109037341758e+01,0.000000000000000000e+00,0.000000000000000000e+00
4.425483221427689529e+01,0.000000000000000000e+00,0.000000000000000000e+00
4.576019898457627733e+01,0.000000000000000000e+00,0.000000000000000000e+00
4.658066363445654900e+01,0.000000000000000000e+00,0.000000000000000000e+00
4.801514193350375592e+01,0.000000000000000000e+00,0.000000000000000000e+00
4.463968926534963089e+01,0.000000000000000000e+00,0.000000000000000000e+00
4.741756130009569148e+01,0.000000000000000000e+00,0.000000000000000000e+00
4.133098010266063227e+01,0.000000000000000000e+00,0.000000000000000000e+00
4.704525818307980956e+01,0.000000000000000000e+00,0.000000000000000000e+00
4.494713736370280799e+01,0.000000000000000000e+00,0.000000000000000000e+00
4.600641038777115455e+01,0.000000000000000000e+00,0.000000000000000000e+00
4.844642837096481003e+01,0.000000000000000000e+00,0.000000000000000000e+00
4.440795550712839201e+01,0.000000000000000000e+00,0.000000000000000000e+00
4.487344270977636285e+01,0.000000000000000000e+00,0.000000000000000000e+00
4.344228728204243595e+01,0.000000000000000000e+00,0.000000000000000000e+00
4.389011610550588927e+01,0.000000000000000000e+00,0.000000000000000000e+00
4.751623377934082271e+01,0.000000000000000000e+00,0.000000000000000000e+00
4.480160798778977949e+01,0.000000000000000000e+00,0.000000000000000000e+00
4.518080243058714274e+01,0.000000000000000000e+00,0.000000000000000000e+00
4.421901234366159628e+01,0.000000000000000000e+00,0.000000000000000000e+00
4.346042902827912258e+01,0.000000000000000000e+00,0.000000000000000000e+00
4.407846992540392250e+01,0.000000000000000000e+00,0.000000000000000000e+00
4.629210618195769911e+01,0.000000000000000000e+00,0.000000000000000000e+00
4.208413616514744859e+01,0.000000000000000000e+00,0.000000000000000000e+00
4.741210808612833461e+01,0.000000000000000000e+00,0.000000000000000000e+00
3.961136639825004835e+01,0.000000000000000000e+00,0.000000000000000000e+00
4.552498897719480198e+01,0.000000000000000000e+00,0.000000000000000000e+00
4.219870495632648044e+01,0.000000000000000000e+00,0.000000000000000000e+00
4.331935837260894573e+01,0.000000000000000000e+00,0.000000000000000000e+00
4.275504188103025172e+01,0.000000000000000000e+00,0.000000000000000000e+00
4.297738433180463602e+01,0.000000000000000000e+00,0.000000000000000000e+00
4.032686610953150108e+01,0.000000000000000000e+00,0.000000000000000000e+00
4.325255878433117829e+01,0.000000000000000000e+00,0.000000000000000000e+00
4.050108876690273263e+01,0.000000000000000000e+00,0.000000000000000000e+00
4.374235582761678387e+01,0.000000000000000000e+00,0.000000000000000000e+00
3.926923260046040554e+01,0.000000000000000000e+00,0.000000000000000000e+00
4.423274951651292497e+01,0.000000000000000000e+00,0.000000000000000000e+00
3.811314519018677061e+01,0.000000000000000000e+00,0.000000000000000000e+00
4.206343421443610708e+01,0.000000000000000000e+00,0.000000000000000000e+00
4.145678091566914958e+01,0.000000000000000000e+00,0.000000000000000000e+00
4.394724244238204136e+01,0.000000000000000000e+00,0.000000000000000000e+00
3.897463474008810635e+01,0.000000000000000000e+00,0.000000000000000000e+00
4.038901900255038413e+01,0.000000000000000000e+00,0.000000000000000000e+00
4.179443927035278250e+01,0.000000000000000000e+00,0.000000000000000000e+00
4.172158426522709362e+01,0.000000000000000000e+00,0.000000000000000000e+00
4.203599957344024318e+01,0.000000000000000000e+00,0.000000000000000000e+00
4.033883505101343303e+01,0.000000000000000000e+00,0.000000000000000000e+00
4.268106566901568044e+01,0.000000000000000000e+00,0.000000000000000000e+00
4.026266216074993309e+01,0.000000000000000000e+00,0.000000000000000000e+00
4.182174040114820457e+01,0.000000000000000000e+00,0.000000000000000000e+00
4.210209688240877313e+01,0.000000000000000000e+00,0.000000000000000000e+00
4.414499108507181546e+01,0.000000000000000000e+00,0.000000000000000000e+00
3.792119939720320332e+01,0.000000000000000000e+00,0.000000000000000000e+00
4.017478037187912321e+01,0.000000000000000000e+00,0.000000000000000000e+00
4.236832775607288681e+01,0.000000000000000000e+00,0.000000000000000000e+00
4.619315537890581425e+01,0.000000000000000000e+00,0.000000000000000000e+00
4.220495210726684121e+01,0.000000000000000000e+00,0.000000000000000000e+00
4.107498843143410738e+01,0.000000000000000000e+00,0.000000000000000000e+00
3.642353322851679565e+01,0.000000000000000000e+00,0.000000000000000000e+00
4.176729994747719132e+01,0.000000000000000000e+00,0.000000000000000000e+00
3.745946074390525382e+01,0.000000000000000000e+00,0.000000000000000000e+00
4.267015013009792312e+01,0.000000000000000000e+00,0.000000000000000000e+00
3.981764185340931306e+01,0.000000000000000000e+00,0.000000000000000000e+00
3.991991831193001872e+01,0.000000000000000000e+00,0.000000000000000000e+00
4.372536398102589317e+01,0.000000000000000000e+00,0.000000000000000000e+00
3.947796927435793179e+01,0.000000000000000000e+00,0.000000000000000000e+00
4.097535427058945601e+01,0.000000000000000000e+00,0.000000000000000000e+00
4.285087195691794903e+01,0.000000000000000000e+00,0.000000000000000000e+00
3.995292904795309852e+01,0.000000000000000000e+00,0.000000000000000000e+00
3.659424164435005622e+01,0.000000000000000000e+00,0.000000000000000000e+00
4.039696698905384409e+01,0.000000000000000000e+00,0.000000000000000000e+00
4.270174360604781327e+01,0.000000000000000000e+00,0.000000000000000000e+00
3.625270721520470829e+01,0.000000000000000000e+00,0.000000000000000000e+00
4.264457740459050683e+01,0.000000000000000000e+00,0.000000000000000000e+00
4.118141165530968806e+01,0.000000000000000000e+00,0.000000000000000000e+00
3.931171137088028900e+01,0.000000000000000000e+00,0.000000000000000000e+00
3.677028805078199269e+01,0.000000000000000000e+00,0.000000000000000000e+00
4.008556007739527161e+01,0.000000000000000000e+00,0.000000000000000000e+00
3.713441003212698632e+01,0.000000000000000000e+00,0.000000000000000000e+00
4.078316669346998680e+01,0.000000000000000000e+00,0.000000000000000000e+00
4.083347071103138148e+01,0.000000000000000000e+00,0.000000000000000000e+00
4.078694428975371267e+01,0.000000000000000000e+00,0.000000000000000000e+00
4.171199372138446648e+01,0.000000000000000000e+00,0.000000000000000000e+00
4.008791053216265254e+01,0.000000000000000000e+00,0.000000000000000000e+00
3.646112705002023802e+01,0.000000000000000000e+00,0.000000000000000000e+00
3.782666845314012960e+01,0.000000000000000000e+00,0.000000000000000000e+00
3.692636303340419346e+01,0.000000000000000000e+00,0.000000000000000000e+00
3.420421770860550481e+01,0.000000000000000000e+00,0.000000000000000000e+00
3.754629432347675078e+01,0.000000000000000000e+00,0.000000000000000000e+00
3.681264437547668678e+01,0.000000000000000000e+00,0.000000000000000000e+00
4.213403953171266636e+01,0.000000000000000000e+00,0.000000000000000000e+00
3.828271056087690027e+01,0.000000000000000000e+00,0.000000000000000000e+00
3.727615244919291371e+01,0.000000000000000000e+00,0.000000000000000000e+00
4.111188092785021553e+01,0.000000000000000000e+00,0.000000000000000000e+00
3.877175796596295498e+01,0.000000000000000000e+00,0.000000000000000000e+00
3.708331956000088780e+01,0.000000000000000000e+00,0.000000000000000000e+00
3.415369395586516532e+01,0.000000000000000000e+00,0.000000000000000000e+00
3.734828907537954024e+01,0.000000000000000000e+00,0.000000000000000000e+00
3.764211038973714807e+01,0.000000000000000000e+00,0.000000000000000000e+00
4.032003757186526371e+01,0.000000000000000000e+00,0.000000000000000000e+00
3.835200613479661058e+01,0.000000000000000000e+00,0.000000000000000000e+00
4.010322781450842200e+01,0.000000000000000000e+00,0.000000000000000000e+00
3.561126797067613836e+01,0.000000000000000000e+00,0.000000000000000000e+00
3.788028269224612643e+01,0.000000000000000000e+00,0.000000000000000000e+00
3.635051776609167007e+01,0.000000000000000000e+00,0.000000000000000000e+00
3.664037099674562370e+01,0.000000000000000000e+00,0.000000000000000000e+00
3.793151368769060383e+01,0.000000000000000000e+00,0.000000000000000000e+00
3.623225449787990016e+01,0.000000000000000000e+00,0.000000000000000000e+00
3.739828581609707925e+01,0.000000000000000000e+00,0.000000000000000000e+00
3.499060360120960667e+01,0.000000000000000000e+00,0.000000000000000000e+00
3.644412416982647329e+01,0.000000000000000000e+00,0.000000000000000000e+00
4.096311904323482622e+01,0.000000000000000000e+00,0.000000000000000000e+00
3.908354855264809657e+01,0.000000000000000000e+00,0.000000000000000000e+00
3.616104545252293434e+01,0.000000000000000000e+00,0.000000000000000000e+00
3.997219304585066624e+01,0.000000000000000000e+00,0.000000000000000000e+00
3.408853320884311700e+01,0.000000000000000000e+00,0.000000000000000000e+00
3.531249402857476127e+01,0.000000000000000000e+00,0.000000000000000000e+00
3.251411120421680323e+01,0.000000000000000000e+00,0.000000000000000000e+00
3.812902498828167097e+01,0.000000000000000000e+00,0.000000000000000000e+00
3.635066135639375773e+01,0.000000000000000000e+00,0.000000000000000000e+00
3.900306166949548725e+01,0.000000000000000000e+00,0.000000000000000000e+00
3.430731243872865832e+01,0.000000000000000000e+00,0.000000000000000000e+00
3.863864593947756987e+01,0.000000000000000000e+00,0.000000000000000000e+00
3.415077840631630579e+01,0.000000000000000000e+00,0.000000000000000000e+00
3.513868223896175635e+01,0.000000000000000000e+00,0.000000000000000000e+00
3.689677567638867117e+01,0.000000000000000000e+00,0.000000000000000000e+00
3.428842930032163849e+01,0.000000000000000000e+00,0.000000000000000000e+00
4.018405846701513440e+01,0.000000000000000000e+00,0.000000000000000000e+00
3.277388369847381711e+01,0.000000000000000000e+00,0.000000000000000000e+00
3.501485404911415600e+01,0.000000000000000000e+00,0.000000000000000000e+00
3.481842742407794589e+01,0.000000000000000000e+00,0.000000000000000000e+00
3.557690625977885901e+01,0.000000000000000000e+00,0.000000000000000000e+00
3.558455687308923387e+01,0.000000000000000000e+00,0.000000000000000000e+00
3.160425819048822049e+01,0.000000000000000000e+00,0.000000000000000000e+00
3.673534121090839477e+01,0.000000000000000000e+00,0.000000000000000000e+00
3.555099611636267554e+01,0.000000000000000000e+00,0.000000000000000000e+00
3.502130492841365594e+01,0.000000000000000000e+00,0.000000000000000000e+00
3.852010629931434949e+01,0.000000000000000000e+00,0.000000000000000000e+00
3.802950939105549111e+01,0.000000000000000000e+00,0.000000000000000000e+00
3.518096487386040394e+01,0.000000000000000000e+00,0.000000000000000000e+00
3.120701380056240737e+01,0.000000000000000000e+00,0.000000000000000000e+00
3.112054323105064668e+01,0.000000000000000000e+00,0.000000000000000000e+00
3.684157992293754091e+01,0.000000000000000000e+00,0.000000000000000000e+00
3.618678825543837974e+01,0.000000000000000000e+00,0.000000000000000000e+00
3.315907383381299667e+01,0.000000000000000000e+00,0.000000000000000000e+00
3.610258459879416648e+01,0.000000000000000000e+00,0.000000000000000000e+00
3.568149884601116639e+01,0.000000000000000000e+00,0.000000000000000000e+00
3.421484760774907841e+01,0.000000000000000000e+00,0.000000000000000000e+00
3.547075146038761062e+01,0.000000000000000000e+00,0.000000000000000000e+00
3.390740826922221629e+01,0.000000000000000000e+00,0.000000000000000000e+00
3.402667245126458795e+01,0.000000000000000000e+00,0.000000000000000000e+00
3.315660839991524966e+01,0.000000000000000000e+00,0.000000000000000000e+00
3.711504392677210262e+01,0.000000000000000000e+00,0.000000000000000000e+00
3.142343610129781695e+01,0.000000000000000000e+00,0.000000000000000000e+00
3.397835256587318042e+01,0.000000000000000000e+00,0.000000000000000000e+00
3.226895439670416010e+01,0.000000000000000000e+00,0.000000000000000000e+00
3.155753186109538078e+01,0.000000000000000000e+00,0.000000000000000000e+00
3.190896141481199422e+01,0.000000000000000000e+00,0.000000000000000000e+00
3.274366133061910489e+01,0.000000000000000000e+00,0.000000000000000000e+00
3.407282371077337757e+01,0.000000000000000000e+00,0.000000000000000000e+00
3.314072577612380854e+01,0.000000000000000000e+00,0.000000000000000000e+00
3.414408271359975089e+01,0.000000000000000000e+00,0.000000000000000000e+00
3.390515486118206923e+01,0.000000000000000000e+00,0.000000000000000000e+00
3.024332762739282998e+01,0.000000000000000000e+00,0.000000000000000000e+00
3.205439855771191304e+01,0.000000000000000000e+00,0.000000000000000000e+00
3.320146242478737975e+01,0.000000000000000000e+00,0.000000000000000000e+00
3.401294505978101057e+01,0.000000000000000000e+00,0.000000000000000000e+00
3.161201494985065708e+01,0.000000000000000000e+00,0.000000000000000000e+00
3.225543470936955970e+01,0.000000000000000000e+00,0.000000000000000000e+00
3.402788520224329716e+01,0.000000000000000000e+00,0.000000000000000000e+00
2.892375749968368837e+01,0.000000000000000000e+00,0.000000000000000000e+00
3.519554045249712004e+01,0.000000000000000000e+00,0.000000000000000000e+00
3.473678299986941909e+01,0.000000000000000000e+00,0.000000000000000000e+00
3.034000445700605297e+01,0.000000000000000000e+00,0.000000000000000000e+00
3.425089306763175756e+01,0.000000000000000000e+00,0.000000000000000000e+00
3.459974009210929324e+01,0.000000000000000000e+00,0.000000000000000000e+00
3.196010576225823030e+01,0.000000000000000000e+00,0.000000000000000000e+00
3.207308464606200715e+01,0.000000000000000000e+00,0.000000000000000000e+00
2.999159722518768234e+01,0.000000000000000000e+00,0.000000000000000000e+00
3.389305027154026106e+01,0.000000000000000000e+00,0.000000000000000000e+00
3.274833170202676769e+01,0.000000000000000000e+00,0.000000000000000000e+00
3.162901341515736675e+01,0.000000000000000000e+00,0.000000000000000000e+00
3.083480647041109535e+01,0.000000000000000000e+00,0.000000000000000000e+00
3.029186302316506030e+01,0.000000000000000000e+00,0.000000000000000000e+00
3.085870205370997965e+01,0.000000000000000000e+00,0.000000000000000000e+00
3.536249486782275397e+01,0.000000000000000000e+00,0.000000000000000000e+00
3.332619430333154753e+01,0.000000000000000000e+00,0.000000000000000000e+00
3.165041181886313382e+01,0.000000000000000000e+00,0.000000000000000000e+00
3.044042960812945964e+01,0.000000000000000000e+00,0.000000000000000000e+00
3.042953658214826973e+01,0.000000000000000000e+00,0.000000000000000000e+00
3.056982615378752044e+01,0.000000000000000000e+00,0.000000000000000000e+00
3.351369628448466642e+01,0.000000000000000000e+00,0.000000000000000000e+00
3.130072678176190593e+01,0.000000000000000000e+00,0.000000000000000000e+00
2.905510833547270266e+01,0.000000000000000000e+00,0.000000000000000000e+00
2.980139688773310169e+01,0.000000000000000000e+00,0.000000000000000000e+00
3.143720545676639588e+01,0.000000000000000000e+00,0.000000000000000000e+00
2.910507027385033041e+01,0.000000000000000000e+00,0.000000000000000000e+00
2.773310275119861501e+01,0.000000000000000000e+00,0.000000000000000000e+00
3.279190167005029366e+01,0.000000000000000000e+00,0.000000000000000000e+00
3.055415635543316100e+01,0.000000000000000000e+00,0.000000000000000000e+00
2.888573954585591252e+01,0.000000000000000000e+00,0.000000000000000000e+00
3.296410147731918983e+01,0.000000000000000000e+00,0.000000000000000000e+00
3.049975828354507712e+01,0.000000000000000000e+00,0.000000000000000000e+00
3.210736241389617618e+01,0.000000000000000000e+00,0.000000000000000000e+00
3.152327554066421200e+01,0.000000000000000000e+00,0.000000000000000000e+00
2.921415519927175808e+01,0.000000000000000000e+00,0.000000000000000000e+00
3.128503792011752438e+01,0.000000000000000000e+00,0.000000000000000000e+00
3.284769448423312355e+01,0.000000000000000000e+00,0.000000000000000000e+00
2.581049229711972615e+01,0.000000000000000000e+00,0.000000000000000000e+00
3.031106819691834531e+01,0.000000000000000000e+00,0.000000000000000000e+00
3.276924349672265890e+01,0.000000000000000000e+00,0.000000000000000000e+00
2.910751872255385919e+01,0.000000000000000000e+00,0.000000000000000000e+00
2.734477207767454843e+01,0.000000000000000000e+00,0.000000000000000000e+00
2.800010828502993832e+01,0.000000000000000000e+00,0.000000000000000000e+00
2.728680682118887546e+01,0.000000000000000000e+00,0.000000000000000000e+00
2.722368531246923595e+01,0.000000000000000000e+00,0.000000000000000000e+00
3.059166734354459294e+01,0.000000000000000000e+00,0.000000000000000000e+00
3.067045385344920305e+01,0.000000000000000000e+00,0.000000000000000000e+00
3.072930809008461139e+01,0.000000000000000000e+00,0.000000000000000000e+00
2.763527953188761188e+01,0.000000000000000000e+00,0.000000000000000000e+00
3.103458320798478809e+01,0.000000000000000000e+00,0.000000000000000000e+00
2.976489251083256349e+01,0.000000000000000000e+00,0.000000000000000000e+00
3.023154847145016078e+01,0.000000000000000000e+00,0.000000000000000000e+00
3.020312911868299466e+01,0.000000000000000000e+00,0.000000000000000000e+00
2.790903026390440544e+01,0.000000000000000000e+00,0.000000000000000000e+00
3.059286649976354155e+01,0.000000000000000000e+00,0.000000000000000000e+00
2.877047312489814956e+01,0.000000000000000000e+00,0.000000000000000000e+00
2.838652076695501592e+01,0.000000000000000000e+00,0.000000000000000000e+00
2.749166729172665669e+01,0.000000000000000000e+00,0.000000000000000000e+00
3.184337502854947033e+01,0.000000000000000000e+00,0.000000000000000000e+00
2.832693705408475893e+01,0.000000000000000000e+00,0.000000000000000000e+00
2.844503903646820220e+01,0.000000000000000000e+00,0.000000000000000000e+00
3.023850098739740844e+01,0.000000000000000000e+00,0.000000000000000000e+00
2.612147675379536338e+01,0.000000000000000000e+00,0.000000000000000000e+00
2.905332422788699276e+01,0.000000000000000000e+00,0.000000000000000000e+00
2.857013285928604418e+01,0.000000000000000000e+00,0.000000000000000000e+00
2.895396095497670075e+01,0.000000000000000000e+00,0.000000000000000000e+00
2.737327162446366913e+01,0.000000000000000000e+00,0.000000000000000000e+00
3.297685305878975726e+01,0.000000000000000000e+00,0.000000000000000000e+00
2.650681619572248238e+01,0.000000000000000000e+00,0.000000000000000000e+00
2.624992201881133624e+01,0.000000000000000000e+00,0.000000000000000000e+00
2.738114512216425567e+01,0.000000000000000000e+00,0.000000000000000000e+00
2.792066264573659140e+01,0.000000000000000000e+00,0.000000000000000000e+00
3.224156991735414834e+01,0.000000000000000000e+00,0.000000000000000000e+00
3.135150069956864627e+01,0.000000000000000000e+00,0.000000000000000000e+00
2.836221191257562779e+01,0.000000000000000000e+00,0.000000000000000000e+00
2.799364296024417698e+01,0.000000000000000000e+00,0.000000000000000000e+00
2.493242674553768978e+01,0.000000000000000000e+00,0.000000000000000000e+00
2.892789478633821787e+01,0.000000000000000000e+00,0.000000000000000000e+00
2.914898786508973316e+01,0.000000000000000000e+00,0.000000000000000000e+00
2.361264393151722629e+01,0.000000000000000000e+00,0.000000000000000000e+00
2.604548676234882265e+01,0.000000000000000000e+00,0.000000000000000000e+00
3.061968438420960936e+01,0.000000000000000000e+00,0.000000000000000000e+00
2.658218598460090476e+01,0.000000000000000000e+00,0.000000000000000000e+00
2.891210482413578831e+01,0.000000000000000000e+00,0.000000000000000000e+00
2.784505934818148276e+01,0.000000000000000000e+00,0.000000000000000000e+00
3.175278955865093877e+01,0.000000000000000000e+00,0.000000000000000000e+00
2.893527445077160465e+01,0.000000000000000000e+00,0.000000000000000000e+00
2.240785124737802292e+01,0.000000000000000000e+00,0.000000000000000000e+00
2.527736125592134186e+01,0.000000000000000000e+00,0.000000000000000000e+00
2.771841559990857817e+01,0.000000000000000000e+00,0.000000000000000000e+00
3.144956028293682948e+01,0.000000000000000000e+00,0.000000000000000000e+00
2.552830077566027356e+01,0.000000000000000000e+00,0.000000000000000000e+00
2.626865228767964311e+01,0.000000000000000000e+00,0.000000000000000000e+00
2.920461131075165895e+01,0.000000000000000000e+00,0.000000000000000000e+00
2.709720702616095878e+01,0.000000000000000000e+00,0.000000000000000000e+00
2.497631390687650210e+01,0.000000000000000000e+00,0.000000000000000000e+00
2.598519718988953997e+01,0.000000000000000000e+00,0.000000000000000000e+00
2.937138930882668220e+01,0.000000000000000000e+00,0.000000000000000000e+00
2.828514745992483270e+01,0.000000000000000000e+00,0.000000000000000000e+00
2.619795498152651092e+01,0.000000000000000000e+00,0.000000000000000000e+00
3.095173258367236713e+01,0.000000000000000000e+00,0.000000000000000000e+00
2.657492352655550150e+01,0.000000000000000000e+00,0.000000000000000000e+00
2.670915515175078170e+01,0.000000000000000000e+00,0.000000000000000000e+00
2.514315298896491058e+01,0.000000000000000000e+00,0.000000000000000000e+00
2.632548066461045977e+01,0.000000000000000000e+00,0.000000000000000000e+00
2.550222230700128279e+01,0.000000000000000000e+00,0.000000000000000000e+00
2.571476158893944941e+01,0.000000000000000000e+00,0.000000000000000000e+00
2.534400903385766313e+01,0.000000000000000000e+00,0.000000000000000000e+00
2.853178708994986579e+01,0.000000000000000000e+00,0.000000000000000000e+00
2.525026991410508614e+01,0.000000000000000000e+00,0.000000000000000000e+00
2.528843084829113863e+01,0.000000000000000000e+00,0.000000000000000000e+00
2.540570208248553641e+01,0.000000000000000000e+00,0.000000000000000000e+00
2.814923625067990542e+01,0.000000000000000000e+00,0.000000000000000000e+00
2.700270531227475601e+01,0.000000000000000000e+00,0.000000000000000000e+00
3.015564307303039016e+01,0.000000000000000000e+00,0.000000000000000000e+00
2.654559118849891419e+01,0.000000000000000000e+00,0.000000000000000000e+00
2.455878752582349023e+01,0.000000000000000000e+00,0.000000000000000000e+00
2.500188742054611168e+01,0.000000000000000000e+00,0.000000000000000000e+00
2.604471020836179562e+01,0.000000000000000000e+00,0.000000000000000000e+00
2.692450752751136989e+01,0.000000000000000000e+00,0.000000000000000000e+00
2.770626905367335269e+01,0.000000000000000000e+00,0.000000000000000000e+00
2.677572246172120884e+01,0.000000000000000000e+00,0.000000000000000000e+00
2.598916939572285756e+01,0.000000000000000000e+00,0.000000000000000000e+00
2.494163863768102729e+01,0.000000000000000000e+00,0.000000000000000000e+00
2.610204400582629347e+01,0.000000000000000000e+00,0.000000000000000000e+00
2.508822694310781998e+01,0.000000000000000000e+00,0.000000000000000000e+00
2.487184320059409615e+01,0.000000000000000000e+00,0.000000000000000000e+00
2.379465297598905948e+01,0.000000000000000000e+00,0.000000000000000000e+00
2.558572486593287465e+01,0.000000000000000000e+00,0.000000000000000000e+00
2.515404311344030219e+01,0.000000000000000000e+00,0.000000000000000000e+00
2.860003376471592418e+01,0.000000000000000000e+00,0.000000000000000000e+00
2.737563567363300265e+01,0.000000000000000000e+00,0.000000000000000000e+00
2.494473522857939685e+01,0.000000000000000000e+00,0.000000000000000000e+00
2.554169448482167226e+01,0.000000000000000000e+00,0.000000000000000000e+00
1.926113354030272617e+01,0.000000000000000000e+00,0.000000000000000000e+00
2.626308489022060400e+01,0.000000000000000000e+00,0.000000000000000000e+00
2.408296097193476371e+01,0.000000000000000000e+00,0.000000000000000000e+00
2.824683643652793918e+01,0.000000000000000000e+00,0.000000000000000000e+00
2.655532553075468627e+01,0.000000000000000000e+00,0.000000000000000000e+00
2.424919661136576465e+01,0.000000000000000000e+00,0.000000000000000000e+00
2.483807937987997505e+01,0.000000000000000000e+00,0.000000000000000000e+00
2.615514706543059731e+01,0.000000000000000000e+00,0.000000000000000000e+00
2.341718973586227293e+01,0.000000000000000000e+00,0.000000000000000000e+00
2.632580500681781643e+01,0.000000000000000000e+00,0.000000000000000000e+00
2.133583683252789953e+01,0.000000000000000000e+00,0.000000000000000000e+00
2.572905657010822011e+01,0.000000000000000000e+00,0.000000000000000000e+00
2.046393563235354307e+01,0.000000000000000000e+00,0.000000000000000000e+00
2.564420645948814581e+01,0.000000000000000000e+00,0.000000000000000000e+00
2.524049061066765987e+01,0.000000000000000000e+00,0.000000000000000000e+00
2.290934864265495818e+01,0.000000000000000000e+00,0.000000000000000000e+00
2.475883198180848055e+01,0.000000000000000000e+00,0.000000000000000000e+00
2.562960419729822448e+01,0.000000000000000000e+00,0.000000000000000000e+00
2.420411871540894566e+01,0.000000000000000000e+00,0.000000000000000000e+00
2.590281262718554345e+01,0.000000000000000000e+00,0.000000000000000000e+00
2.679699036281999724e+01,0.000000000000000000e+00,0.000000000000000000e+00
2.558946194271192454e+01,0.000000000000000000e+00,0.000000000000000000e+00
2.430713876886695246e+01,0.000000000000000000e+00,0.000000000000000000e+00
2.533199802874931805e+01,0.000000000000000000e+00,0.000000000000000000e+00
2.609164307466023658e+01,0.000000000000000000e+00,0.000000000000000000e+00
1.985728348134092869e+01,0.000000000000000000e+00,0.000000000000000000e+00
2.299409988314197406e+01,0.000000000000000000e+00,0.000000000000000000e+00
2.536236593670473027e+01,0.000000000000000000e+00,0.000000000000000000e+00
2.530077747181816150e+01,0.000000000000000000e+00,0.000000000000000000e+00
2.062474640221240563e+01,0.000000000000000000e+00,0.000000000000000000e+00
2.769052662049163516e+01,0.000000000000000000e+00,0.000000000000000000e+00
2.197768097934703491e+01,0.000000000000000000e+00,0.000000000000000000e+00
2.228727355377584374e+01,0.000000000000000000e+00,0.000000000000000000e+00
2.261023749190556131e+01,0.000000000000000000e+00,0.000000000000000000e+00
2.734817327569709633e+01,0.000000000000000000e+00,0.000000000000000000e+00
2.761346009894815268e+01,0.000000000000000000e+00,0.000000000000000000e+00
1.830276120325290634e+01,0.000000000000000000e+00,0.000000000000000000e+00
2.733632591172814585e+01,0.000000000000000000e+00,0.000000000000000000e+00
2.180771154362871300e+01,0.000000000000000000e+00,0.000000000000000000e+00
2.582968626601870099e+01,0.000000000000000000e+00,0.000000000000000000e+00
2.312757395548553063e+01,0.000000000000000000e+00,0.000000000000000000e+00
2.536814287041318750e+01,0.000000000000000000e+00,0.000000000000000000e+00
2.491141140051539438e+01,0.000000000000000000e+00,0.000000000000000000e+00
2.350223230021309817e+01,0.000000000000000000e+00,0.000000000000000000e+00
2.419881087890745519e+01,0.000000000000000000e+00,0.000000000000000000e+00
2.562310541714762024e+01,0.000000000000000000e+00,0.000000000000000000e+00
2.823275349669359002e+01,0.000000000000000000e+00,0.000000000000000000e+00
2.211625951953378078e+01,0.000000000000000000e+00,0.000000000000000000e+00
2.365697688643534491e+01,0.000000000000000000e+00,0.000000000000000000e+00
2.615534510012528457e+01,0.000000000000000000e+00,0.000000000000000000e+00
2.363629861605876314e+01,0.000000000000000000e+00,0.000000000000000000e+00
2.456225531394890993e+01,0.000000000000000000e+00,0.000000000000000000e+00
1.981745629233092387e+01,0.000000000000000000e+00,0.000000000000000000e+00
2.183469637118093942e+01,0.000000000000000000e+00,0.000000000000000000e+00
2.361833558653180987e+01,0.000000000000000000e+00,0.000000000000000000e+00
2.198700614198422087e+01,0.000000000000000000e+00,0.000000000000000000e+00
2.137137908125194485e+01,0.000000000000000000e+00,0.000000000000000000e+00
1.934099987868169990e+01,0.000000000000000000e+00,0.000000000000000000e+00
2.455765116075398424e+01,0.000000000000000000e+00,0.000000000000000000e+00
2.349160607112276722e+01,0.000000000000000000e+00,0.000000000000000000e+00
2.342138555990188920e+01,0.000000000000000000e+00,0.000000000000000000e+00
1.902240183522108197e+01,0.000000000000000000e+00,0.000000000000000000e+00
2.307240908796137191e+01,0.000000000000000000e+00,0.000000000000000000e+00
2.227138437200637711e+01,0.000000000000000000e+00,0.000000000000000000e+00
2.614035404137207408e+01,0.000000000000000000e+00,0.000000000000000000e+00
1.882369364962824676e+01,0.000000000000000000e+00,0.000000000000000000e+00
2.441788749377854018e+01,0.000000000000000000e+00,0.000000000000000000e+00
2.204431969974046623e+01,0.000000000000000000e+00,0.000000000000000000e+00
2.560138833036771544e+01,0.000000000000000000e+00,0.000000000000000000e+00
2.173545894946725454e+01,0.000000000000000000e+00,0.000000000000000000e+00
2.086388202301089834e+01,0.000000000000000000e+00,0.000000000000000000e+00
2.094687892624654069e+01,0.000000000000000000e+00,0.000000000000000000e+00
2.353759080020303429e+01,0.000000000000000000e+00,0.000000000000000000e+00
2.508841115718097114e+01,0.000000000000000000e+00,0.000000000000000000e+00
2.542451140736819326e+01,0.000000000000000000e+00,0.000000000000000000e+00
1.758832736976413003e+01,0.000000000000000000e+00,0.000000000000000000e+00
2.232362910197309702e+01,0.000000000000000000e+00,0.000000000000000000e+00
2.433679065909203487e+01,0.000000000000000000e+00,0.000000000000000000e+00
2.242135871281581316e+01,0.000000000000000000e+00,0.000000000000000000e+00
2.098806274694141294e+01,0.000000000000000000e+00,0.000000000000000000e+00
2.411919115024994298e+01,0.000000000000000000e+00,0.000000000000000000e+00
2.377209058094596017e+01,0.000000000000000000e+00,0.000000000000000000e+00
2.359677382820572689e+01,0.000000000000000000e+00,0.000000000000000000e+00
2.265551445756225490e+01,0.000000000000000000e+00,0.000000000000000000e+00
2.339152994016888343e+01,0.000000000000000000e+00,0.000000000000000000e+00
2.048312129131669579e+01,0.000000000000000000e+00,0.000000000000000000e+00
2.116003602980846310e+01,0.000000000000000000e+00,0.000000000000000000e+00
1.951860388876440311e+01,0.000000000000000000e+00,0.000000000000000000e+00
2.195229781090011301e+01,0.000000000000000000e+00,0.000000000000000000e+00
2.273662134351464559e+01,0.000000000000000000e+00,0.000000000000000000e+00
1.968060961141180698e+01,0.000000000000000000e+00,0.000000000000000000e+00
2.134400237821705915e+01,0.000000000000000000e+00,0.000000000000000000e+00
2.810269207535445446e+01,0.000000000000000000e+00,0.000000000000000000e+00
2.153683194781702781e+01,0.000000000000000000e+00,0.000000000000000000e+00
2.293299319393653590e+01,0.000000000000000000e+00,0.000000000000000000e+00
1.877937363140350868e+01,0.000000000000000000e+00,0.000000000000000000e+00
2.104789459328859991e+01,0.000000000000000000e+00,0.000000000000000000e+00
2.278493621189808138e+01,0.000000000000000000e+00,0.000000000000000000e+00
2.539274788394249072e+01,0.000000000000000000e+00,0.000000000000000000e+00
2.294745369335111107e+01,0.000000000000000000e+00,0.000000000000000000e+00
2.295276569131060640e+01,0.000000000000000000e+00,0.000000000000000000e+00
2.185965834313353540e+01,0.000000000000000000e+00,0.000000000000000000e+00
2.176550854495118870e+01,0.000000000000000000e+00,0.000000000000000000e+00
2.273552077913634406e+01,0.000000000000000000e+00,0.000000000000000000e+00
2.313242369906856766e+01,0.000000000000000000e+00,0.000000000000000000e+00
2.135513479238661816e+01,0.000000000000000000e+00,0.000000000000000000e+00
1.983547361949745635e+01,0.000000000000000000e+00,0.000000000000000000e+00
2.207361814653867427e+01,0.000000000000000000e+00,0.000000000000000000e+00
2.212697183557177638e+01,0.000000000000000000e+00,0.000000000000000000e+00
2.457530691016389923e+01,0.000000000000000000e+00,0.000000000000000000e+00
2.211731671700001556e+01,0.000000000000000000e+00,0.000000000000000000e+00
2.503231938068744000e+01,0.000000000000000000e+00,0.000000000000000000e+00
1.945082329679963351e+01,0.000000000000000000e+00,0.000000000000000000e+00
2.436346589806279184e+01,0.000000000000000000e+00,0.000000000000000000e+00
1.693398550281462178e+01,0.000000000000000000e+00,0.000000000000000000e+00
1.813284282904409395e+01,0.000000000000000000e+00,0.000000000000000000e+00
1.767982889378381728e+01,0.000000000000000000e+00,0.000000000000000000e+00
2.189267162439164949e+01,0.000000000000000000e+00,0.000000000000000000e+00
2.056982015094100547e+01,0.000000000000000000e+00,0.000000000000000000e+00
1.950163576078602645e+01,0.000000000000000000e+00,0.000000000000000000e+00
2.136364386502138757e+01,0.000000000000000000e+00,0.000000000000000000e+00
2.100277747094958514e+01,0.000000000000000000e+00,0.000000000000000000e+00
2.057749643794922534e+01,0.000000000000000000e+00,0.000000000000000000e+00
2.075587872141823453e+01,0.000000000000000000e+00,0.000000000000000000e+00
2.493870127538961157e+01,0.000000000000000000e+00,0.000000000000000000e+00
2.054781409237515177e+01,0.000000000000000000e+00,0.000000000000000000e+00
1.957064305885772626e+01,0.000000000000000000e+00,0.000000000000000000e+00
2.420995281408870170e+01,0.000000000000000000e+00,0.000000000000000000e+00
2.440665012368825160e+01,0.000000000000000000e+00,0.000000000000000000e+00
2.154586122894620459e+01,0.000000000000000000e+00,0.000000000000000000e+00
2.004445559219710660e+01,0.000000000000000000e+00,0.000000000000000000e+00
2.078234027247703963e+01,0.000000000000000000e+00,0.000000000000000000e+00
2.320639717331329877e+01,0.000000000000000000e+00,0.000000000000000000e+00
1.350786135182923076e+01,0.000000000000000000e+00,0.000000000000000000e+00
2.064312061863844150e+01,0.000000000000000000e+00,0.000000000000000000e+00
1.971266322981170660e+01,0.000000000000000000e+00,0.000000000000000000e+00
2.097556582219863941e+01,0.000000000000000000e+00,0.000000000000000000e+00
2.284963749001322597e+01,0.000000000000000000e+00,0.000000000000000000e+00
1.963891511327765116e+01,0.000000000000000000e+00,0.000000000000000000e+00
2.288245115936270224e+01,0.000000000000000000e+00,0.000000000000000000e+00
1.952255727069948321e+01,0.000000000000000000e+00,0.000000000000000000e+00
2.119789083580697309e+01,0.000000000000000000e+00,0.000000000000000000e+00
2.033157542384502037e+01,0.000000000000000000e+00,0.000000000000000000e+00
2.314783195032080698e+01,0.000000000000000000e+00,0.000000000000000000e+00
2.071153140862519137e+01,0.000000000000000000e+00,0.000000000000000000e+00
2.134529430328783306e+01,0.000000000000000000e+00,0.000000000000000000e+00
1.903761579882471011e+01,0.000000000000000000e+00,0.000000000000000000e+00
2.167367326383102366e+01,0.000000000000000000e+00,0.000000000000000000e+00
1.652691698074377769e+01,0.000000000000000000e+00,0.000000000000000000e+00
2.156645412958546615e+01,0.000000000000000000e+00,0.000000000000000000e+00
1.884326153105055823e+01,0.000000000000000000e+00,0.000000000000000000e+00
2.106261032522940368e+01,0.000000000000000000e+00,0.000000000000000000e+00
2.337357917788185091e+01,0.000000000000000000e+00,0.000000000000000000e+00
2.040682792815260171e+01,0.000000000000000000e+00,0.000000000000000000e+00
2.169647121894287878e+01,0.000000000000000000e+00,0.000000000000000000e+00
2.272373848989269618e+01,0.000000000000000000e+00,0.000000000000000000e+00
2.214116069941963616e+01,0.000000000000000000e+00,0.000000000000000000e+00
2.085173736604630790e+01,0.000000000000000000e+00,0.000000000000000000e+00
1.976792087144267640e+01,0.000000000000000000e+00,0.000000000000000000e+00
1.929074890048950763e+01,0.000000000000000000e+00,0.000000000000000000e+00
2.130479250458639484e+01,0.000000000000000000e+00,0.000000000000000000e+00
2.008414508290728406e+01,0.000000000000000000e+00,0.000000000000000000e+00
2.171765337058873513e+01,0.000000000000000000e+00,0.000000000000000000e+00
2.006797660303595521e+01,0.000000000000000000e+00,0.000000000000000000e+00
1.514686346066948452e+01,0.000000000000000000e+00,0.000000000000000000e+00
2.285159297753656205e+01,0.000000000000000000e+00,0.000000000000000000e+00
1.771634192162913735e+01,0.000000000000000000e+00,0.000000000000000000e+00
2.620836565010388952e+01,0.000000000000000000e+00,0.000000000000000000e+00
2.040681360810520317e+01,0.000000000000000000e+00,0.000000000000000000e+00
1.996159665384302428e+01,0.000000000000000000e+00,0.000000000000000000e+00
2.080397654608831104e+01,0.000000000000000000e+00,0.000000000000000000e+00
2.017892231874190401e+01,0.000000000000000000e+00,0.000000000000000000e+00
2.060871111175759651e+01,0.000000000000000000e+00,0.000000000000000000e+00
2.300127986196370244e+01,0.000000000000000000e+00,0.000000000000000000e+00
1.580772359653775894e+01,0.000000000000000000e+00,0.000000000000000000e+00
2.182623287580026883e+01,0.000000000000000000e+00,0.000000000000000000e+00
1.935178742751269709e+01,0.000000000000000000e+00,0.000000000000000000e+00
1.893196534172798451e+01,0.000000000000000000e+00,0.000000000000000000e+00
1.922849568557414557e+01,0.000000000000000000e+00,0.000000000000000000e+00
2.245315887752972728e+01,0.000000000000000000e+00,0.000000000000000000e+00
1.870609806522449858e+01,0.000000000000000000e+00,0.000000000000000000e+00
2.353932090637269425e+01,0.000000000000000000e+00,0.000000000000000000e+00
1.621952705834935315e+01,0.000000000000000000e+00,0.000000000000000000e+00
1.754016747056269665e+01,0.000000000000000000e+00,0.000000000000000000e+00
1.986317257375234746e+01,0.000000000000000000e+00,0.000000000000000000e+00
2.335559354213157945e+01,0.000000000000000000e+00,0.000000000000000000e+00
1.927119128160916617e+01,0.000000000000000000e+00,0.000000000000000000e+00
1.742091390093706593e+01,0.000000000000000000e+00,0.000000000000000000e+00
1.869478362884116152e+01,0.000000000000000000e+00,0.000000000000000000e+00
2.006395575954271848e+01,0.000000000000000000e+00,0.000000000000000000e+00
1.752638989097550137e+01,0.000000000000000000e+00,0.000000000000000000e+00
2.304744736469733013e+01,0.000000000000000000e+00,0.000000000000000000e+00
1.846964912057755015e+01,0.000000000000000000e+00,0.000000000000000000e+00
1.882533499499537655e+01,0.000000000000000000e+00,0.000000000000000000e+00
1.701902597566842701e+01,0.000000000000000000e+00,0.000000000000000000e+00
2.247036843248813653e+01,0.000000000000000000e+00,0.000000000000000000e+00
2.062642695118759306e+01,0.000000000000000000e+00,0.000000000000000000e+00
2.062391510661537808e+01,0.000000000000000000e+00,0.000000000000000000e+00
1.945459921093976874e+01,0.000000000000000000e+00,0.000000000000000000e+00
1.803582589411873016e+01,0.000000000000000000e+00,0.000000000000000000e+00
1.970386935865877476e+01,0.000000000000000000e+00,0.000000000000000000e+00
2.003515668691301244e+01,0.000000000000000000e+00,0.000000000000000000e+00
2.197688825772437227e+01,0.000000000000000000e+00,0.000000000000000000e+00
1.938441112344218453e+01,0.000000000000000000e+00,0.000000000000000000e+00
2.174053499121749411e+01,0.000000000000000000e+00,0.000000000000000000e+00
2.166817116487627715e+01,0.000000000000000000e+00,0.000000000000000000e+00
1.763001633959568437e+01,0.000000000000000000e+00,0.000000000000000000e+00
2.141384585793208117e+01,0.000000000000000000e+00,0.000000000000000000e+00
1.811975982957508080e+01,0.000000000000000000e+00,0.000000000000000000e+00
2.573279321845668122e+01,0.000000000000000000e+00,0.000000000000000000e+00
2.274210032080139143e+01,0.000000000000000000e+00,0.000000000000000000e+00
2.174732014493075383e+01,0.000000000000000000e+00,0.000000000000000000e+00
1.943859829974448772e+01,0.000000000000000000e+00,0.000000000000000000e+00
1.571409405718084074e+01,0.000000000000000000e+00,0.000000000000000000e+00
1.963964716530361798e+01,0.000000000000000000e+00,0.000000000000000000e+00
2.009515328314439842e+01,0.000000000000000000e+00,0.000000000000000000e+00
2.014737421522174543e+01,0.000000000000000000e+00,0.000000000000000000e+00
2.449744863168178455e+01,0.000000000000000000e+00,0.000000000000000000e+00
1.702166716453851691e+01,0.000000000000000000e+00,0.000000000000000000e+00
2.491403182575607644e+01,0.000000000000000000e+00,0.000000000000000000e+00
1.904107581191680154e+01,0.000000000000000000e+00,0.000000000000000000e+00
1.914372375855579733e+01,0.000000000000000000e+00,0.000000000000000000e+00
1.808377019228786509e+01,0.000000000000000000e+00,0.000000000000000000e+00
1.734279015834676940e+01,0.000000000000000000e+00,0.000000000000000000e+00
1.693662562477330980e+01,0.000000000000000000e+00,0.000000000000000000e+00
1.815391095030709678e+01,0.000000000000000000e+00,0.000000000000000000e+00
1.582851854876346920e+01,0.000000000000000000e+00,0.000000000000000000e+00
1.983421014856579490e+01,0.000000000000000000e+00,0.000000000000000000e+00
1.966926438066956351e+01,0.000000000000000000e+00,0.000000000000000000e+00
1.862218566008202103e+01,0.000000000000000000e+00,0.000000000000000000e+00
2.011722025988807161e+01,0.000000000000000000e+00,0.000000000000000000e+00
1.932458553816715963e+01,0.000000000000000000e+00,0.000000000000000000e+00
1.943114973700677339e+01,0.000000000000000000e+00,0.000000000000000000e+00
1.938299912970742866e+01,0.000000000000000000e+00,0.000000000000000000e+00
1.835556178117429837e+01,0.000000000000000000e+00,0.000000000000000000e+00
2.201689671110184676e+01,0.000000000000000000e+00,0.000000000000000000e+00
2.388464745380520782e+01,0.000000000000000000e+00,0.000000000000000000e+00
1.891675296757117408e+01,0.000000000000000000e+00,0.000000000000000000e+00
1.523434578835543718e+01,0.000000000000000000e+00,0.000000000000000000e+00
1.791035719453319075e+01,0.000000000000000000e+00,0.000000000000000000e+00
2.037588290218363696e+01,0.000000000000000000e+00,0.000000000000000000e+00
2.063319500136818263e+01,0.000000000000000000e+00,0.000000000000000000e+00
1.618863440269961984e+01,0.000000000000000000e+00,0.000000000000000000e+00
2.016886617150285943e+01,0.000000000000000000e+00,0.000000000000000000e+00
2.031036183621819191e+01,0.000000000000000000e+00,0.000000000000000000e+00
1.891726546222874106e+01,0.000000000000000000e+00,0.000000000000000000e+00
1.708114777889698388e+01,0.000000000000000000e+00,0.000000000000000000e+00
2.181912604217249552e+01,0.000000000000000000e+00,0.000000000000000000e+00
2.226739249754847449e+01,0.000000000000000000e+00,0.000000000000000000e+00
2.353266830723848813e+01,0.000000000000000000e+00,0.000000000000000000e+00
1.774185705048938644e+01,0.000000000000000000e+00,0.000000000000000000e+00
2.053561045799124685e+01,0.000000000000000000e+00,0.000000000000000000e+00
2.186647056889339780e+01,0.000000000000000000e+00,0.000000000000000000e+00
2.184325590066423217e+01,0.000000000000000000e+00,0.000000000000000000e+00
1.978008064009283018e+01,0.000000000000000000e+00,0.000000000000000000e+00
2.105537762899247056e+01,0.000000000000000000e+00,0.000000000000000000e+00
2.126548978482049534e+01,0.000000000000000000e+00,0.000000000000000000e+00
1.859179348319245051e+01,0.000000000000000000e+00,0.000000000000000000e+00
2.203870477991772603e+01,0.000000000000000000e+00,0.000000000000000000e+00
1.881556742102009494e+01,0.000000000000000000e+00,0.000000000000000000e+00
2.111265119915924515e+01,0.000000000000000000e+00,0.000000000000000000e+00
2.357041122298256397e+01,0.000000000000000000e+00,0.000000000000000000e+00
2.214685066704272032e+01,0.000000000000000000e+00,0.000000000000000000e+00
1.976617575616026912e+01,0.000000000000000000e+00,0.000000000000000000e+00
2.091351624608627091e+01,0.000000000000000000e+00,0.000000000000000000e+00
2.025147788109605429e+01,0.000000000000000000e+00,0.000000000000000000e+00
1.879863727021256281e+01,0.000000000000000000e+00,0.000000000000000000e+00
2.065037004207941962e+01,0.000000000000000000e+00,0.000000000000000000e+00
2.062902251766790229e+01,0.000000000000000000e+00,0.000000000000000000e+00
2.058041084272488419e+01,0.000000000000000000e+00,0.000000000000000000e+00
2.021003480937284991e+01,0.000000000000000000e+00,0.000000000000000000e+00
1.974884016985011215e+01,0.000000000000000000e+00,0.000000000000000000e+00
1.750158953050679145e+01,0.000000000000000000e+00,0.000000000000000000e+00
2.032977224548413631e+01,0.000000000000000000e+00,0.000000000000000000e+00
1.901846012010579301e+01,0.000000000000000000e+00,0.000000000000000000e+00
2.523019845039323528e+01,0.000000000000000000e+00,0.000000000000000000e+00
2.145626088956563393e+01,0.000000000000000000e+00,0.000000000000000000e+00
2.468633068236150052e+01,0.000000000000000000e+00,0.000000000000000000e+00
1.990186959371429154e+01,0.000000000000000000e+00,0.000000000000000000e+00
2.032422026050574715e+01,0.000000000000000000e+00,0.000000000000000000e+00
1.788367510829902685e+01,0.000000000000000000e+00,0.000000000000000000e+00
2.149934027020335137e+01,0.000000000000000000e+00,0.000000000000000000e+00
1.960741843516782268e+01,0.000000000000000000e+00,0.000000000000000000e+00
1.901620540645897606e+01,0.000000000000000000e+00,0.000000000000000000e+00
2.103156125713323021e+01,0.000000000000000000e+00,0.000000000000000000e+00
2.396253480240315170e+01,0.000000000000000000e+00,0.000000000000000000e+00
1.523351620489861347e+01,0.000000000000000000e+00,0.000000000000000000e+00
1.773355601240342594e+01,0.000000000000000000e+00,0.000000000000000000e+00
2.067564520337246492e+01,0.000000000000000000e+00,0.000000000000000000e+00
2.269903056797911134e+01,0.000000000000000000e+00,0.000000000000000000e+00
1.792915596528985489e+01,0.000000000000000000e+00,0.000000000000000000e+00
2.030548989440724839e+01,0.000000000000000000e+00,0.000000000000000000e+00
2.172251171030036687e+01,0.000000000000000000e+00,0.000000000000000000e+00
2.163505224070873822e+01,0.000000000000000000e+00,0.000000000000000000e+00
2.171722177753372307e+01,0.000000000000000000e+00,0.000000000000000000e+00
1.682502649315379273e+01,0.000000000000000000e+00,0.000000000000000000e+00
1.629543539564139820e+01,0.000000000000000000e+00,0.000000000000000000e+00
2.041335452905995496e+01,0.000000000000000000e+00,0.000000000000000000e+00
1.664951629554659718e+01,0.000000000000000000e+00,0.000000000000000000e+00
1.971543180885924329e+01,0.000000000000000000e+00,0.000000000000000000e+00
2.134284389862418152e+01,0.000000000000000000e+00,0.000000000000000000e+00
2.171228221719267637e+01,0.000000000000000000e+00,0.000000000000000000e+00
2.078067104821608524e+01,0.000000000000000000e+00,0.000000000000000000e+00
1.869676566501242121e+01,0.000000000000000000e+00,0.000000000000000000e+00
1.417322966035055742e+01,0.000000000000000000e+00,0.000000000000000000e+00
2.278640458206062291e+01,0.000000000000000000e+00,0.000000000000000000e+00
2.138881729322958591e+01,0.000000000000000000e+00,0.000000000000000000e+00
1.897592146408155145e+01,0.000000000000000000e+00,0.000000000000000000e+00
2.184890792517781577e+01,0.000000000000000000e+00,0.000000000000000000e+00
2.087871955652429889e+01,0.000000000000000000e+00,0.000000000000000000e+00
2.022025501691314631e+01,0.000000000000000000e+00,0.000000000000000000e+00
2.246671859279066297e+01,0.000000000000000000e+00,0.000000000000000000e+00
1.958598995112163621e+01,0.000000000000000000e+00,0.000000000000000000e+00
1.954291275590111354e+01,0.000000000000000000e+00,0.000000000000000000e+00
2.078585356935801087e+01,0.000000000000000000e+00,0.000000000000000000e+00
2.219654313309270321e+01,0.000000000000000000e+00,0.000000000000000000e+00
1.678908936851777156e+01,0.000000000000000000e+00,0.000000000000000000e+00
2.497249952258142613e+01,0.000000000000000000e+00,0.000000000000000000e+00
2.439846339755741056e+01,0.000000000000000000e+00,0.000000000000000000e+00
2.608544528140010499e+01,0.000000000000000000e+00,0.000000000000000000e+00
1.966680832745949559e+01,0.000000000000000000e+00,0.000000000000000000e+00
2.577793461902627214e+01,0.000000000000000000e+00,0.000000000000000000e+00
1.825085663253839385e+01,0.000000000000000000e+00,0.000000000000000000e+00
2.334854038261226350e+01,0.000000000000000000e+00,0.000000000000000000e+00
2.175201049125291419e+01,0.000000000000000000e+00,0.000000000000000000e+00
2.269595057610214894e+01,0.000000000000000000e+00,0.000000000000000000e+00
2.192623199574924087e+01,0.000000000000000000e+00,0.000000000000000000e+00
1.946755975026040275e+01,0.000000000000000000e+00,0.000000000000000000e+00
2.208682280261077935e+01,0.000000000000000000e+00,0.000000000000000000e+00
2.678471322100302743e+01,0.000000000000000000e+00,0.000000000000000000e+00
2.121612077048470013e+01,0.000000000000000000e+00,0.000000000000000000e+00
1.788078138294096675e+01,0.000000000000000000e+00,0.000000000000000000e+00
2.388904961097496127e+01,0.000000000000000000e+00,0.000000000000000000e+00
1.978396337555914997e+01,0.000000000000000000e+00,0.000000000000000000e+00
2.243641367043530366e+01,0.000000000000000000e+00,0.000000000000000000e+00
2.123143839950019185e+01,0.000000000000000000e+00,0.000000000000000000e+00
2.027671095709041893e+01,0.000000000000000000e+00,0.000000000000000000e+00
1.968255035797078278e+01,0.000000000000000000e+00,0.000000000000000000e+00
2.106168822587705236e+01,0.000000000000000000e+00,0.000000000000000000e+00
2.027997939857858256e+01,0.000000000000000000e+00,0.000000000000000000e+00
1.982562408630872852e+01,0.000000000000000000e+00,0.000000000000000000e+00
2.627986446314542945e+01,0.000000000000000000e+00,0.000000000000000000e+00
2.115076944526358460e+01,0.000000000000000000e+00,0.000000000000000000e+00
2.249948917141892224e+01,0.000000000000000000e+00,0.000000000000000000e+00
2.654551145223440400e+01,0.000000000000000000e+00,0.000000000000000000e+00
2.472746526537597944e+01,0.000000000000000000e+00,0.000000000000000000e+00
2.051995118087060987e+01,0.000000000000000000e+00,0.000000000000000000e+00
2.173198511807370537e+01,0.000000000000000000e+00,0.000000000000000000e+00
2.152574568147457157e+01,0.000000000000000000e+00,0.000000000000000000e+00
1.961713038295801681e+01,0.000000000000000000e+00,0.000000000000000000e+00
2.667528012759764522e+01,0.000000000000000000e+00,0.000000000000000000e+00
2.086790284682528096e+01,0.000000000000000000e+00,0.000000000000000000e+00
2.538416491594027491e+01,0.000000000000000000e+00,0.000000000000000000e+00
2.074339178481670132e+01,0.000000000000000000e+00,0.000000000000000000e+00
2.376067940248327304e+01,0.000000000000000000e+00,0.000000000000000000e+00
2.483233046107879716e+01,0.000000000000000000e+00,0.000000000000000000e+00
2.109084999884573719e+01,0.000000000000000000e+00,0.000000000000000000e+00
2.275878000537277046e+01,0.000000000000000000e+00,0.000000000000000000e+00
2.207384106047611994e+01,0.000000000000000000e+00,0.000000000000000000e+00
1.798159342138630734e+01,0.000000000000000000e+00,0.000000000000000000e+00
1.854151507411897626e+01,0.000000000000000000e+00,0.000000000000000000e+00
1.790614500769062190e+01,0.000000000000000000e+00,0.000000000000000000e+00
2.194697445751266329e+01,0.000000000000000000e+00,0.000000000000000000e+00
2.657867397442214497e+01,0.000000000000000000e+00,0.000000000000000000e+00
2.356161832726926875e+01,0.000000000000000000e+00,0.000000000000000000e+00
2.416798960719160405e+01,0.000000000000000000e+00,0.000000000000000000e+00
1.988779590496809391e+01,0.000000000000000000e+00,0.000000000000000000e+00
1.850976231456978383e+01,0.000000000000000000e+00,0.000000000000000000e+00
2.036867808900533561e+01,0.000000000000000000e+00,0.000000000000000000e+00
2.513608844102370909e+01,0.000000000000000000e+00,0.000000000000000000e+00
1.921136058879342912e+01,0.000000000000000000e+00,0.000000000000000000e+00
2.213510219695428560e+01,0.000000000000000000e+00,0.000000000000000000e+00
2.507339465472974993e+01,0.000000000000000000e+00,0.000000000000000000e+00
2.558383562825154556e+01,0.000000000000000000e+00,0.000000000000000000e+00
2.398933900213771153e+01,0.000000000000000000e+00,0.000000000000000000e+00
2.519593907177040037e+01,0.000000000000000000e+00,0.000000000000000000e+00
2.204254285475402142e+01,0.000000000000000000e+00,0.000000000000000000e+00
2.285149080553529188e+01,0.000000000000000000e+00,0.000000000000000000e+00
2.308885570199300830e+01,0.000000000000000000e+00,0.000000000000000000e+00
2.106898294520703274e+01,0.000000000000000000e+00,0.000000000000000000e+00
2.397904468677278089e+01,0.000000000000000000e+00,0.000000000000000000e+00
2.494844422418848140e+01,0.000000000000000000e+00,0.000000000000000000e+00
2.191696121171482758e+01,0.000000000000000000e+00,0.000000000000000000e+00
2.289769148193147785e+01,0.000000000000000000e+00,0.000000000000000000e+00
2.544795863409411751e+01,0.000000000000000000e+00,0.000000000000000000e+00
2.259035837286962334e+01,0.000000000000000000e+00,0.000000000000000000e+00
2.360207403686556660e+01,0.000000000000000000e+00,0.000000000000000000e+00
2.587561181561309454e+01,0.000000000000000000e+00,0.000000000000000000e+00
2.073176670452372150e+01,0.000000000000000000e+00,0.000000000000000000e+00
2.415395634320309526e+01,0.000000000000000000e+00,0.000000000000000000e+00
2.532682723603030084e+01,0.000000000000000000e+00,0.000000000000000000e+00
2.256408451685017624e+01,0.000000000000000000e+00,0.000000000000000000e+00
2.003291462009469370e+01,0.000000000000000000e+00,0.000000000000000000e+00
2.774477337679291367e+01,0.000000000000000000e+00,0.000000000000000000e+00
2.324237658868782219e+01,0.000000000000000000e+00,0.000000000000000000e+00
2.169650568268222912e+01,0.000000000000000000e+00,0.000000000000000000e+00
2.359058575894141541e+01,0.000000000000000000e+00,0.000000000000000000e+00
2.389017827097640989e+01,0.000000000000000000e+00,0.000000000000000000e+00
2.140420503000600405e+01,0.000000000000000000e+00,0.000000000000000000e+00
2.614158477168257022e+01,0.000000000000000000e+00,0.000000000000000000e+00
2.712830299789508004e+01,0.000000000000000000e+00,0.000000000000000000e+00
2.204793533983073317e+01,0.000000000000000000e+00,0.000000000000000000e+00
2.323251467330796771e+01,0.000000000000000000e+00,0.000000000000000000e+00
2.483989275224524107e+01,0.000000000000000000e+00,0.000000000000000000e+00
2.408560528825921310e+01,0.000000000000000000e+00,0.000000000000000000e+00
2.236256523239083194e+01,0.000000000000000000e+00,0.000000000000000000e+00
2.199897591910265504e+01,0.000000000000000000e+00,0.000000000000000000e+00
2.547872120860914080e+01,0.000000000000000000e+00,0.000000000000000000e+00
2.521226706824189279e+01,0.000000000000000000e+00,0.000000000000000000e+00
2.290930604355834177e+01,0.000000000000000000e+00,0.000000000000000000e+00
2.465122918465560886e+01,0.000000000000000000e+00,0.000000000000000000e+00
2.655629919760938762e+01,0.000000000000000000e+00,0.000000000000000000e+00
2.348968069188158836e+01,0.000000000000000000e+00,0.000000000000000000e+00
2.337591943791076332e+01,0.000000000000000000e+00,0.000000000000000000e+00
2.440813945013109176e+01,0.000000000000000000e+00,0.000000000000000000e+00
2.331107030856263407e+01,0.000000000000000000e+00,0.000000000000000000e+00
2.469395003760383744e+01,0.000000000000000000e+00,0.000000000000000000e+00
2.542808595513661629e+01,0.000000000000000000e+00,0.000000000000000000e+00
2.675649104330110717e+01,0.000000000000000000e+00,0.000000000000000000e+00
2.396769300784949053e+01,0.000000000000000000e+00,0.000000000000000000e+00
2.238964940015751637e+01,0.000000000000000000e+00,0.000000000000000000e+00
2.665851449449916544e+01,0.000000000000000000e+00,0.000000000000000000e+00
2.209401099780712485e+01,0.000000000000000000e+00,0.000000000000000000e+00
2.547505838739884609e+01,0.000000000000000000e+00,0.000000000000000000e+00
2.136425607026230011e+01,0.000000000000000000e+00,0.000000000000000000e+00
2.532667105672873475e+01,0.000000000000000000e+00,0.000000000000000000e+00
2.264004101865127438e+01,0.000000000000000000e+00,0.000000000000000000e+00
2.297361455142184994e+01,0.000000000000000000e+00,0.000000000000000000e+00
2.442911306020392814e+01,0.000000000000000000e+00,0.000000000000000000e+00
2.365633745316209513e+01,0.000000000000000000e+00,0.000000000000000000e+00
2.218798031686786132e+01,0.000000000000000000e+00,0.000000000000000000e+00
2.592508933936939641e+01,0.000000000000000000e+00,0.000000000000000000e+00
2.594209490641665994e+01,0.000000000000000000e+00,0.000000000000000000e+00
2.427911627650918547e+01,0.000000000000000000e+00,0.000000000000000000e+00
2.606702181170187416e+01,0.000000000000000000e+00,0.000000000000000000e+00
2.322531203354515483e+01,0.000000000000000000e+00,0.000000000000000000e+00
2.544925709159095106e+01,0.000000000000000000e+00,0.000000000000000000e+00
2.983176692622524584e+01,0.000000000000000000e+00,0.000000000000000000e+00
2.370481139129616821e+01,0.000000000000000000e+00,0.000000000000000000e+00
2.377866436211255419e+01,0.000000000000000000e+00,0.000000000000000000e+00
2.917214372488712826e+01,0.000000000000000000e+00,0.000000000000000000e+00
2.692060799060021381e+01,0.000000000000000000e+00,0.000000000000000000e+00
2.368605593187615455e+01,0.000000000000000000e+00,0.000000000000000000e+00
2.581546771445553290e+01,0.000000000000000000e+00,0.000000000000000000e+00
2.609434092519411408e+01,0.000000000000000000e+00,0.000000000000000000e+00
2.491080030016108537e+01,0.000000000000000000e+00,0.000000000000000000e+00
2.662713651931613157e+01,0.000000000000000000e+00,0.000000000000000000e+00
2.595147316360402101e+01,0.000000000000000000e+00,0.000000000000000000e+00
2.816120905044779832e+01,0.000000000000000000e+00,0.000000000000000000e+00
2.819802580235717571e+01,0.000000000000000000e+00,0.000000000000000000e+00
2.896024579422748957e+01,0.000000000000000000e+00,0.000000000000000000e+00
3.002103963161002653e+01,0.000000000000000000e+00,0.000000000000000000e+00
2.530760282557219654e+01,0.000000000000000000e+00,0.000000000000000000e+00
2.511111966799538209e+01,0.000000000000000000e+00,0.000000000000000000e+00
2.646620470456670660e+01,0.000000000000000000e+00,0.000000000000000000e+00
2.753895497724728614e+01,0.000000000000000000e+00,0.000000000000000000e+00
2.422670347950064951e+01,0.000000000000000000e+00,0.000000000000000000e+00
2.656445338599828077e+01,0.000000000000000000e+00,0.000000000000000000e+00
2.326653491063877155e+01,0.000000000000000000e+00,0.000000000000000000e+00
2.553229115675346605e+01,0.000000000000000000e+00,0.000000000000000000e+00
2.346796158672427168e+01,0.000000000000000000e+00,0.000000000000000000e+00
2.547336385930389113e+01,0.000000000000000000e+00,0.000000000000000000e+00
2.793342979150499161e+01,0.000000000000000000e+00,0.000000000000000000e+00
2.815008749743537209e+01,0.000000000000000000e+00,0.000000000000000000e+00
2.852180487719228097e+01,0.000000000000000000e+00,0.000000000000000000e+00
2.592862131466722175e+01,0.000000000000000000e+00,0.000000000000000000e+00
2.835195938227624879e+01,0.000000000000000000e+00,0.000000000000000000e+00
2.857284561228657793e+01,0.000000000000000000e+00,0.000000000000000000e+00
2.635442838316136971e+01,0.000000000000000000e+00,0.000000000000000000e+00
2.512061891957206328e+01,0.000000000000000000e+00,0.000000000000000000e+00
2.437935085840458527e+01,0.000000000000000000e+00,0.000000000000000000e+00
2.593973415116593273e+01,0.000000000000000000e+00,0.000000000000000000e+00
2.740034980848335167e+01,0.000000000000000000e+00,0.000000000000000000e+00
2.866798866956140657e+01,0.000000000000000000e+00,0.000000000000000000e+00
2.593375656418574238e+01,0.000000000000000000e+00,0.000000000000000000e+00
2.607211020842062510e+01,0.000000000000000000e+00,0.000000000000000000e+00
2.393861050433008941e+01,0.000000000000000000e+00,0.000000000000000000e+00
2.356568827963769763e+01,0.000000000000000000e+00,0.000000000000000000e+00
2.954175971495224218e+01,0.000000000000000000e+00,0.000000000000000000e+00
2.858078973134220746e+01,0.000000000000000000e+00,0.000000000000000000e+00
2.654644010044250280e+01,0.000000000000000000e+00,0.000000000000000000e+00
2.787418574813627004e+01,0.000000000000000000e+00,0.000000000000000000e+00
2.644969526599845366e+01,0.000000000000000000e+00,0.000000000000000000e+00
2.759958376871871977e+01,0.000000000000000000e+00,0.000000000000000000e+00
2.976507679615209412e+01,0.000000000000000000e+00,0.000000000000000000e+00
2.887310074911606250e+01,0.000000000000000000e+00,0.000000000000000000e+00
2.839318381052911278e+01,0.000000000000000000e+00,0.000000000000000000e+00
2.756841889099873200e+01,0.000000000000000000e+00,0.000000000000000000e+00
2.613211747597411261e+01,0.000000000000000000e+00,0.000000000000000000e+00
2.511432567028790785e+01,0.000000000000000000e+00,0.000000000000000000e+00
3.005130237157153061e+01,0.000000000000000000e+00,0.000000000000000000e+00
2.565800744483817653e+01,0.000000000000000000e+00,0.000000000000000000e+00
3.075780705020617845e+01,0.000000000000000000e+00,0.000000000000000000e+00
2.627579037791668171e+01,0.000000000000000000e+00,0.000000000000000000e+00
3.058090695062241338e+01,0.000000000000000000e+00,0.000000000000000000e+00
2.705961047073476777e+01,0.000000000000000000e+00,0.000000000000000000e+00
2.871501416367339132e+01,0.000000000000000000e+00,0.000000000000000000e+00
2.594915676859269738e+01,0.000000000000000000e+00,0.000000000000000000e+00
2.761779486107765536e+01,0.000000000000000000e+00,0.000000000000000000e+00
2.587002348362646842e+01,0.000000000000000000e+00,0.000000000000000000e+00
3.355185180813737134e+01,0.000000000000000000e+00,0.000000000000000000e+00
2.919488874409088908e+01,0.000000000000000000e+00,0.000000000000000000e+00
2.778259405855926545e+01,0.000000000000000000e+00,0.000000000000000000e+00
2.913694302612126208e+01,0.000000000000000000e+00,0.000000000000000000e+00
2.292631327631701765e+01,0.000000000000000000e+00,0.000000000000000000e+00
2.866865428401072435e+01,0.000000000000000000e+00,0.000000000000000000e+00
2.837348198547278244e+01,0.000000000000000000e+00,0.000000000000000000e+00
3.178276107017637742e+01,0.000000000000000000e+00,0.000000000000000000e+00
3.071792825820480388e+01,0.000000000000000000e+00,0.000000000000000000e+00
2.948554023537304403e+01,0.000000000000000000e+00,0.000000000000000000e+00
2.903666018315515274e+01,0.000000000000000000e+00,0.000000000000000000e+00
2.951316748526978628e+01,0.000000000000000000e+00,0.000000000000000000e+00
2.824583368685198081e+01,0.000000000000000000e+00,0.000000000000000000e+00
2.651708589773631886e+01,0.000000000000000000e+00,0.000000000000000000e+00
2.944642148966490680e+01,0.000000000000000000e+00,0.000000000000000000e+00
2.871674153921221873e+01,0.000000000000000000e+00,0.000000000000000000e+00
2.975649162084032895e+01,0.000000000000000000e+00,0.000000000000000000e+00
3.058148951183754605e+01,0.000000000000000000e+00,0.000000000000000000e+00
3.014270225531971192e+01,0.000000000000000000e+00,0.000000000000000000e+00
3.189075066391042057e+01,0.000000000000000000e+00,0.000000000000000000e+00
2.932077361091931422e+01,0.000000000000000000e+00,0.000000000000000000e+00
3.098534759639549208e+01,0.000000000000000000e+00,0.000000000000000000e+00
3.257201690546762762e+01,0.000000000000000000e+00,0.000000000000000000e+00
3.013966185757558947e+01,0.000000000000000000e+00,0.000000000000000000e+00
2.810972187177243597e+01,0.000000000000000000e+00,0.000000000000000000e+00
3.259892119983345538e+01,0.000000000000000000e+00,0.000000000000000000e+00
2.919928199127186730e+01,0.000000000000000000e+00,0.000000000000000000e+00
2.817559410033119249e+01,0.000000000000000000e+00,0.000000000000000000e+00
3.035097312565153516e+01,0.000000000000000000e+00,0.000000000000000000e+00
3.117630721420957585e+01,0.000000000000000000e+00,0.000000000000000000e+00
3.285071025416120705e+01,0.000000000000000000e+00,0.000000000000000000e+00
2.918799347560245394e+01,0.000000000000000000e+00,0.000000000000000000e+00
3.203671225999593730e+01,0.000000000000000000e+00,0.000000000000000000e+00
2.884844315651216462e+01,0.000000000000000000e+00,0.000000000000000000e+00
2.987239189285142515e+01,0.000000000000000000e+00,0.000000000000000000e+00
3.275186119139559793e+01,0.000000000000000000e+00,0.000000000000000000e+00
3.136758278612899886e+01,0.000000000000000000e+00,0.000000000000000000e+00
2.994676340900335276e+01,0.000000000000000000e+00,0.000000000000000000e+00
2.815582136237874522e+01,0.000000000000000000e+00,0.000000000000000000e+00
3.077465757532017676e+01,0.000000000000000000e+00,0.000000000000000000e+00
3.081427382020375205e+01,0.000000000000000000e+00,0.000000000000000000e+00
2.895882264292681185e+01,0.000000000000000000e+00,0.000000000000000000e+00
3.041690135951951746e+01,0.000000000000000000e+00,0.000000000000000000e+00
3.364513979041544900e+01,0.000000000000000000e+00,0.000000000000000000e+00
3.400432453065796068e+01,0.000000000000000000e+00,0.000000000000000000e+00
3.084734718106221152e+01,0.000000000000000000e+00,0.000000000000000000e+00
2.809836338972904457e+01,0.000000000000000000e+00,0.000000000000000000e+00
3.480325816857190091e+01,0.000000000000000000e+00,0.000000000000000000e+00
3.231699742715480284e+01,0.000000000000000000e+00,0.000000000000000000e+00
3.064324434160648636e+01,0.000000000000000000e+00,0.000000000000000000e+00
2.991276875656565792e+01,0.000000000000000000e+00,0.000000000000000000e+00
3.278060096060682582e+01,0.000000000000000000e+00,0.000000000000000000e+00
3.137030424132079887e+01,0.000000000000000000e+00,0.000000000000000000e+00
3.156447335411774091e+01,0.000000000000000000e+00,0.000000000000000000e+00
3.463525178822020223e+01,0.000000000000000000e+00,0.000000000000000000e+00
3.222858811025479753e+01,0.000000000000000000e+00,0.000000000000000000e+00
3.189329798257729465e+01,0.000000000000000000e+00,0.000000000000000000e+00
3.102499979808069241e+01,0.000000000000000000e+00,0.000000000000000000e+00
3.469222603067946409e+01,0.000000000000000000e+00,0.000000000000000000e+00
3.053036490633550670e+01,0.000000000000000000e+00,0.000000000000000000e+00
3.302833356845086854e+01,0.000000000000000000e+00,0.000000000000000000e+00
3.091288075452229123e+01,0.000000000000000000e+00,0.000000000000000000e+00
3.047704498121166949e+01,0.000000000000000000e+00,0.000000000000000000e+00
3.351540715896742029e+01,0.000000000000000000e+00,0.000000000000000000e+00
3.525282939684880290e+01,0.000000000000000000e+00,0.000000000000000000e+00
3.324862441340644637e+01,0.000000000000000000e+00,0.000000000000000000e+00
3.508299520762778201e+01,0.000000000000000000e+00,0.000000000000000000e+00
3.231475373871076329e+01,0.000000000000000000e+00,0.000000000000000000e+00
3.249560759143300004e+01,0.000000000000000000e+00,0.000000000000000000e+00
3.528658064739389033e+01,0.000000000000000000e+00,0.000000000000000000e+00
3.148761826044728451e+01,0.000000000000000000e+00,0.000000000000000000e+00
3.381679191524455064e+01,0.000000000000000000e+00,0.000000000000000000e+00
3.262937560578819784e+01,0.000000000000000000e+00,0.000000000000000000e+00
2.992315701675353878e+01,0.000000000000000000e+00,0.000000000000000000e+00
3.592293031905125389e+01,0.000000000000000000e+00,0.000000000000000000e+00
3.621793946016947530e+01,0.000000000000000000e+00,0.000000000000000000e+00
3.282338019624768322e+01,0.000000000000000000e+00,0.000000000000000000e+00
3.505027014865751056e+01,0.000000000000000000e+00,0.000000000000000000e+00
3.548056053413324662e+01,0.000000000000000000e+00,0.000000000000000000e+00
3.006934705191041601e+01,0.000000000000000000e+00,0.000000000000000000e+00
3.657722553620938299e+01,0.000000000000000000e+00,0.000000000000000000e+00
3.467608267267884514e+01,0.000000000000000000e+00,0.000000000000000000e+00
3.485504226556555096e+01,0.000000000000000000e+00,0.000000000000000000e+00
3.333176938693051028e+01,0.000000000000000000e+00,0.000000000000000000e+00
3.176213569760462718e+01,0.000000000000000000e+00,0.000000000000000000e+00
3.914944400137970604e+01,0.000000000000000000e+00,0.000000000000000000e+00
3.317741637634077279e+01,0.000000000000000000e+00,0.000000000000000000e+00
3.685121450243330088e+01,0.000000000000000000e+00,0.000000000000000000e+00
3.415938096435917259e+01,0.000000000000000000e+00,0.000000000000000000e+00
3.532838863475083713e+01,0.000000000000000000e+00,0.000000000000000000e+00
3.646005789179466205e+01,0.000000000000000000e+00,0.000000000000000000e+00
3.146458035987597768e+01,0.000000000000000000e+00,0.000000000000000000e+00
3.401565033366904345e+01,0.000000000000000000e+00,0.000000000000000000e+00
3.341693648259080618e+01,0.000000000000000000e+00,0.000000000000000000e+00
3.639066558063875334e+01,0.000000000000000000e+00,0.000000000000000000e+00
3.420657541848880356e+01,0.000000000000000000e+00,0.000000000000000000e+00
3.345954896072229445e+01,0.000000000000000000e+00,0.000000000000000000e+00
3.573403520058914751e+01,0.000000000000000000e+00,0.000000000000000000e+00
3.573457006701187311e+01,0.000000000000000000e+00,0.000000000000000000e+00
3.507481989758709062e+01,0.000000000000000000e+00,0.000000000000000000e+00
3.673089607167568005e+01,0.000000000000000000e+00,0.000000000000000000e+00
3.604628805995438512e+01,0.000000000000000000e+00,0.000000000000000000e+00
3.118554884197662957e+01,0.000000000000000000e+00,0.000000000000000000e+00
3.426685984872250401e+01,0.000000000000000000e+00,0.000000000000000000e+00
3.554481716260228552e+01,0.000000000000000000e+00,0.000000000000000000e+00
3.586455437585706818e+01,0.000000000000000000e+00,0.000000000000000000e+00
3.364630999191469130e+01,0.000000000000000000e+00,0.000000000000000000e+00
3.416982534023253493e+01,0.000000000000000000e+00,0.000000000000000000e+00
3.309242936799092405e+01,0.000000000000000000e+00,0.000000000000000000e+00
3.822346979272007417e+01,0.000000000000000000e+00,0.000000000000000000e+00
3.704762573930386083e+01,0.000000000000000000e+00,0.000000000000000000e+00
3.711064844609228430e+01,0.000000000000000000e+00,0.000000000000000000e+00
3.442105655136580111e+01,0.000000000000000000e+00,0.000000000000000000e+00
3.727174839619883784e+01,0.000000000000000000e+00,0.000000000000000000e+00
3.324919404207005869e+01,0.000000000000000000e+00,0.000000000000000000e+00
3.331059255625729065e+01,0.000000000000000000e+00,0.000000000000000000e+00
3.380114233523203637e+01,0.000000000000000000e+00,0.000000000000000000e+00
3.809644517688717258e+01,0.000000000000000000e+00,0.000000000000000000e+00
3.893697212960823606e+01,0.000000000000000000e+00,0.000000000000000000e+00
3.333564678209873477e+01,0.000000000000000000e+00,0.000000000000000000e+00
3.719295237959791933e+01,0.000000000000000000e+00,0.000000000000000000e+00
3.692362455066560045e+01,0.000000000000000000e+00,0.000000000000000000e+00
3.736789946171168708e+01,0.000000000000000000e+00,0.000000000000000000e+00
3.788722065062445665e+01,0.000000000000000000e+00,0.000000000000000000e+00
3.755082887658926438e+01,0.000000000000000000e+00,0.000000000000000000e+00
3.435005165352266232e+01,0.000000000000000000e+00,0.000000000000000000e+00
3.675716807092356220e+01,0.000000000000000000e+00,0.000000000000000000e+00
3.863472793241305681e+01,0.000000000000000000e+00,0.000000000000000000e+00
4.097749842081130112e+01,0.000000000000000000e+00,0.000000000000000000e+00
3.361249846646549599e+01,0.000000000000000000e+00,0.000000000000000000e+00
3.965404057675404204e+01,0.000000000000000000e+00,0.000000000000000000e+00
3.828648780205600133e+01,0.000000000000000000e+00,0.000000000000000000e+00
3.787605128440834790e+01,0.000000000000000000e+00,0.000000000000000000e+00
3.932889974550477064e+01,0.000000000000000000e+00,0.000000000000000000e+00
3.761200414497212563e+01,0.000000000000000000e+00,0.000000000000000000e+00
3.793924086798696038e+01,0.000000000000000000e+00,0.000000000000000000e+00
3.883188750856675853e+01,0.000000000000000000e+00,0.000000000000000000e+00
3.896088763310890357e+01,0.000000000000000000e+00,0.000000000000000000e+00
3.914584125654466362e+01,0.000000000000000000e+00,0.000000000000000000e+00
4.103745863923336401e+01,0.000000000000000000e+00,0.000000000000000000e+00
3.719402465410718861e+01,0.000000000000000000e+00,0.000000000000000000e+00
4.297841087002284866e+01,0.000000000000000000e+00,0.000000000000000000e+00
4.161003246800706279e+01,0.000000000000000000e+00,0.000000000000000000e+00
3.929485285721489873e+01,0.000000000000000000e+00,0.000000000000000000e+00
3.933336772496038947e+01,0.000000000000000000e+00,0.000000000000000000e+00
3.886679218937704405e+01,0.000000000000000000e+00,0.000000000000000000e+00
3.978118474716999486e+01,0.000000000000000000e+00,0.000000000000000000e+00
3.532502018985542236e+01,0.000000000000000000e+00,0.000000000000000000e+00
3.638168762621298669e+01,0.000000000000000000e+00,0.000000000000000000e+00
4.135831506466599450e+01,0.000000000000000000e+00,0.000000000000000000e+00
3.686291319770469244e+01,0.000000000000000000e+00,0.000000000000000000e+00
3.758979322580575655e+01,0.000000000000000000e+00,0.000000000000000000e+00
4.168220554133816336e+01,0.000000000000000000e+00,0.000000000000000000e+00
4.139175108528640123e+01,0.000000000000000000e+00,0.000000000000000000e+00
3.964987960644655374e+01,0.000000000000000000e+00,0.000000000000000000e+00
4.072567323720910082e+01,0.000000000000000000e+00,0.000000000000000000e+00
3.696613888897907430e+01,0.000000000000000000e+00,0.000000000000000000e+00
4.007756580479147601e+01,0.000000000000000000e+00,0.000000000000000000e+00
3.979017775098220255e+01,0.000000000000000000e+00,0.000000000000000000e+00
4.084666984691651948e+01,0.000000000000000000e+00,0.000000000000000000e+00
4.047699371271518487e+01,0.000000000000000000e+00,0.000000000000000000e+00
3.671091782824026239e+01,0.000000000000000000e+00,0.000000000000000000e+00
4.001335521708243448e+01,0.000000000000000000e+00,0.000000000000000000e+00
3.642944027094837622e+01,0.000000000000000000e+00,0.000000000000000000e+00
4.661216390198203641e+01,0.000000000000000000e+00,0.000000000000000000e+00
4.092245251429945085e+01,0.000000000000000000e+00,0.000000000000000000e+00
4.211585101681126275e+01,0.000000000000000000e+00,0.000000000000000000e+00
3.959650545393743215e+01,0.000000000000000000e+00,0.000000000000000000e+00
4.134786526241336446e+01,0.000000000000000000e+00,0.000000000000000000e+00
3.826671947448230071e+01,0.000000000000000000e+00,0.000000000000000000e+00
3.807091184450133881e+01,0.000000000000000000e+00,0.000000000000000000e+00
4.183873190170807277e+01,0.000000000000000000e+00,0.000000000000000000e+00
3.874266551690351434e+01,0.000000000000000000e+00,0.000000000000000000e+00
4.094075544735387240e+01,0.000000000000000000e+00,0.000000000000000000e+00
3.705413924289224781e+01,0.000000000000000000e+00,0.000000000000000000e+00
4.151524018123868132e+01,0.000000000000000000e+00,0.000000000000000000e+00
4.159738769352129850e+01,0.000000000000000000e+00,0.000000000000000000e+00
4.273570240322679581e+01,0.000000000000000000e+00,0.000000000000000000e+00
4.040451377880652473e+01,0.000000000000000000e+00,0.000000000000000000e+00
4.143031772079719133e+01,0.000000000000000000e+00,0.000000000000000000e+00
4.121209662150815944e+01,0.000000000000000000e+00,0.000000000000000000e+00
4.007197311071773527e+01,0.000000000000000000e+00,0.000000000000000000e+00
4.671397382493800166e+01,0.000000000000000000e+00,0.000000000000000000e+00
4.193095485432423430e+01,0.000000000000000000e+00,0.000000000000000000e+00
3.941402409455531597e+01,0.000000000000000000e+00,0.000000000000000000e+00
4.204623174051425138e+01,0.000000000000000000e+00,0.000000000000000000e+00
3.917994357076774747e+01,0.000000000000000000e+00,0.000000000000000000e+00
4.281916858099368994e+01,0.000000000000000000e+00,0.000000000000000000e+00
4.155540522437595286e+01,0.000000000000000000e+00,0.000000000000000000e+00
3.835450651974460357e+01,0.000000000000000000e+00,0.000000000000000000e+00
4.400084060534335606e+01,0.000000000000000000e+00,0.000000000000000000e+00
4.178849709875007079e+01,0.000000000000000000e+00,0.000000000000000000e+00
4.162519024016654612e+01,0.000000000000000000e+00,0.000000000000000000e+00
4.197209419138448538e+01,0.000000000000000000e+00,0.000000000000000000e+00
4.112216680366139343e+01,0.000000000000000000e+00,0.000000000000000000e+00
4.171401381120025320e+01,0.000000000000000000e+00,0.000000000000000000e+00
3.851275344035713033e+01,0.000000000000000000e+00,0.000000000000000000e+00
4.524900884691476222e+01,0.000000000000000000e+00,0.000000000000000000e+00
4.482768603694279363e+01,0.000000000000000000e+00,0.000000000000000000e+00
4.308250880446005482e+01,0.000000000000000000e+00,0.000000000000000000e+00
4.449887362622559550e+01,0.000000000000000000e+00,0.000000000000000000e+00
4.281777327763973062e+01,0.000000000000000000e+00,0.000000000000000000e+00
3.865035132622618619e+01,0.000000000000000000e+00,0.000000000000000000e+00
4.185070073483230146e+01,0.000000000000000000e+00,0.000000000000000000e+00
4.211073807779562372e+01,0.000000000000000000e+00,0.000000000000000000e+00
4.268219185272588589e+01,0.000000000000000000e+00,0.000000000000000000e+00
4.255430428688055144e+01,0.000000000000000000e+00,0.000000000000000000e+00
4.221783796742893458e+01,0.000000000000000000e+00,0.000000000000000000e+00
4.319395800725182966e+01,0.000000000000000000e+00,0.000000000000000000e+00
4.004533829730334560e+01,0.000000000000000000e+00,0.000000000000000000e+00
4.437617672653115619e+01,0.000000000000000000e+00,0.000000000000000000e+00
4.439317598547037136e+01,0.000000000000000000e+00,0.000000000000000000e+00
4.357581614980256290e+01,0.000000000000000000e+00,0.000000000000000000e+00
4.615579795407253982e+01,0.000000000000000000e+00,0.000000000000000000e+00
4.629060561725924572e+01,0.000000000000000000e+00,0.000000000000000000e+00
4.287123656779536418e+01,0.000000000000000000e+00,0.000000000000000000e+00
4.365654037186322256e+01,0.000000000000000000e+00,0.000000000000000000e+00
4.663110457822330090e+01,0.000000000000000000e+00,0.000000000000000000e+00
4.262990451152600002e+01,0.000000000000000000e+00,0.000000000000000000e+00
4.597537594482518131e+01,0.000000000000000000e+00,0.000000000000000000e+00
4.530215312133852734e+01,0.000000000000000000e+00,0.000000000000000000e+00
4.219635163122440957e+01,0.000000000000000000e+00,0.000000000000000000e+00
4.268928502532914848e+01,0.000000000000000000e+00,0.000000000000000000e+00
4.513054737414002915e+01,0.000000000000000000e+00,0.000000000000000000e+00
4.267357784111219843e+01,0.000000000000000000e+00,0.000000000000000000e+00
4.378621176323698450e+01,0.000000000000000000e+00,0.000000000000000000e+00
4.460205248290763080e+01,0.000000000000000000e+00,0.000000000000000000e+00
4.302587936428197679e+01,0.000000000000000000e+00,0.000000000000000000e+00
4.594926374261640234e+01,0.000000000000000000e+00,0.000000000000000000e+00
4.345667622259649221e+01,0.000000000000000000e+00,0.000000000000000000e+00
4.508526001823811669e+01,0.000000000000000000e+00,0.000000000000000000e+00
4.697656383491097642e+01,0.000000000000000000e+00,0.000000000000000000e+00
4.284347860223500959e+01,0.000000000000000000e+00,0.000000000000000000e+00
4.418770985719143596e+01,0.000000000000000000e+00,0.000000000000000000e+00
4.493425404995559802e+01,0.000000000000000000e+00,0.000000000000000000e+00
4.494336877426785293e+01,0.000000000000000000e+00,0.000000000000000000e+00
4.584091685529210736e+01,0.000000000000000000e+00,0.000000000000000000e+00
4.315313341759463839e+01,0.000000000000000000e+00,0.000000000000000000e+00
4.309903042425306552e+01,0.000000000000000000e+00,0.000000000000000000e+00
4.270519141732848567e+01,0.000000000000000000e+00,0.000000000000000000e+00
4.773854653721945596e+01,0.000000000000000000e+00,0.000000000000000000e+00
4.252815917609455454e+01,0.000000000000000000e+00,0.000000000000000000e+00
4.803272365104282215e+01,0.000000000000000000e+00,0.000000000000000000e+00
4.352660757804871139e+01,0.000000000000000000e+00,0.000000000000000000e+00
4.575785497208262598e+01,0.000000000000000000e+00,0.000000000000000000e+00
4.478266216069859240e+01,0.000000000000000000e+00,0.000000000000000000e+00
4.747015584314282677e+01,0.000000000000000000e+00,0.000000000000000000e+00
4.508774480057299172e+01,0.000000000000000000e+00,0.000000000000000000e+00
4.359895328804243775e+01,0.000000000000000000e+00,0.000000000000000000e+00
4.772643208336035059e+01,0.000000000000000000e+00,0.000000000000000000e+00
4.891750256655257090e+01,0.000000000000000000e+00,0.000000000000000000e+00
4.590987169884198948e+01,0.000000000000000000e+00,0.000000000000000000e+00
4.911783491046163164e+01,0.000000000000000000e+00,0.000000000000000000e+00
4.940476032515295657e+01,0.000000000000000000e+00,0.000000000000000000e+00
4.675044093053207916e+01,0.000000000000000000e+00,0.000000000000000000e+00
4.757239738207245239e+01,0.000000000000000000e+00,0.000000000000000000e+00
4.824039245053823777e+01,0.000000000000000000e+00,0.000000000000000000e+00
4.730524891390233932e+01,0.000000000000000000e+00,0.000000000000000000e+00
5.031043140089970223e+01,0.000000000000000000e+00,0.000000000000000000e+00
4.984194442367719091e+01,0.000000000000000000e+00,0.000000000000000000e+00
4.802624455222053257e+01,0.000000000000000000e+00,0.000000000000000000e+00
4.878344292950666983e+01,0.000000000000000000e+00,0.000000000000000000e+00
5.003738008671338378e+01,0.000000000000000000e+00,0.000000000000000000e+00
4.357272503948818354e+01,0.000000000000000000e+00,0.000000000000000000e+00
4.584698091875151249e+01,0.000000000000000000e+00,0.000000000000000000e+00
4.732716206748390420e+01,0.000000000000000000e+00,0.000000000000000000e+00
4.941866371602070984e+01,0.000000000000000000e+00,0.000000000000000000e+00
5.097734425759097121e+01,0.000000000000000000e+00,0.000000000000000000e+00
4.293393250447184784e+01,0.000000000000000000e+00,0.000000000000000000e+00
4.627153918747771399e+01,0.000000000000000000e+00,0.000000000000000000e+00
5.129294900605010810e+01,0.000000000000000000e+00,0.000000000000000000e+00
5.122839205357394121e+01,0.000000000000000000e+00,0.000000000000000000e+00
4.670433778515125312e+01,0.000000000000000000e+00,0.000000000000000000e+00
4.898553732055574983e+01,0.000000000000000000e+00,0.000000000000000000e+00
4.985568039002803431e+01,0.000000000000000000e+00,0.000000000000000000e+00
4.725014875415936899e+01,0.000000000000000000e+00,0.000000000000000000e+00
4.630248052151795690e+01,0.000000000000000000e+00,0.000000000000000000e+00
4.650482763098796113e+01,0.000000000000000000e+00,0.000000000000000000e+00
5.177244642277769060e+01,0.000000000000000000e+00,0.000000000000000000e+00
5.215072011751220771e+01,0.000000000000000000e+00,0.000000000000000000e+00
5.014587627054213925e+01,0.000000000000000000e+00,0.000000000000000000e+00
4.998391994122014381e+01,0.000000000000000000e+00,0.000000000000000000e+00
5.228293002007126233e+01,0.000000000000000000e+00,0.000000000000000000e+00
4.862684241274148178e+01,0.000000000000000000e+00,0.000000000000000000e+00
4.933277161053347015e+01,0.000000000000000000e+00,0.000000000000000000e+00
5.195109362764561212e+01,0.000000000000000000e+00,0.000000000000000000e+00
4.539748213940011823e+01,0.000000000000000000e+00,0.000000000000000000e+00
4.719124935430487255e+01,0.000000000000000000e+00,0.000000000000000000e+00
5.027679433075621063e+01,0.000000000000000000e+00,0.000000000000000000e+00
4.942704680590490796e+01,0.000000000000000000e+00,0.000000000000000000e+00
4.791314700976231933e+01,0.000000000000000000e+00,0.000000000000000000e+00
4.978956757953866230e+01,0.000000000000000000e+00,0.000000000000000000e+00
5.123844875974556601e+01,0.000000000000000000e+00,0.000000000000000000e+00
5.110799577979873476e+01,0.000000000000000000e+00,0.000000000000000000e+00
4.883510379413213798e+01,0.000000000000000000e+00,0.000000000000000000e+00
5.025229415764616192e+01,0.000000000000000000e+00,0.000000000000000000e+00
5.033594227889387440e+01,0.000000000000000000e+00,0.000000000000000000e+00
4.666632966275121674e+01,0.000000000000000000e+00,0.000000000000000000e+00
4.822604856474044510e+01,0.000000000000000000e+00,0.000000000000000000e+00
4.987245642715695482e+01,0.000000000000000000e+00,0.000000000000000000e+00
5.081020899629390897e+01,0.000000000000000000e+00,0.000000000000000000e+00
5.502077753869637888e+01,0.000000000000000000e+00,0.000000000000000000e+00
5.040374225304336875e+01,0.000000000000000000e+00,0.000000000000000000e+00
5.515720386028695543e+01,0.000000000000000000e+00,0.000000000000000000e+00
4.829183448298707049e+01,0.000000000000000000e+00,0.000000000000000000e+00
5.451488473408403479e+01,0.000000000000000000e+00,0.000000000000000000e+00
4.708189934157909562e+01,0.000000000000000000e+00,0.000000000000000000e+00
5.151490351267215573e+01,0.000000000000000000e+00,0.000000000000000000e+00
4.964598773248236085e+01,0.000000000000000000e+00,0.000000000000000000e+00
5.149629165701109912e+01,0.000000000000000000e+00,0.000000000000000000e+00
5.076401169318707218e+01,0.000000000000000000e+00,0.000000000000000000e+00
5.454477597099476327e+01,0.000000000000000000e+00,0.000000000000000000e+00
5.109548236721029468e+01,0.000000000000000000e+00,0.000000000000000000e+00
5.223285911099385004e+01,0.000000000000000000e+00,0.000000000000000000e+00
5.505380653624884246e+01,0.000000000000000000e+00,0.000000000000000000e+00
5.384007916939044947e+01,0.000000000000000000e+00,0.000000000000000000e+00
5.510381571407818058e+01,0.000000000000000000e+00,0.000000000000000000e+00
5.644841388945701510e+01,0.000000000000000000e+00,0.000000000000000000e+00
5.351642371543454857e+01,0.000000000000000000e+00,0.000000000000000000e+00
5.191579010428422691e+01,0.000000000000000000e+00,0.000000000000000000e+00
5.229055543211937618e+01,0.000000000000000000e+00,0.000000000000000000e+00
5.268611272756442787e+01,0.000000000000000000e+00,0.000000000000000000e+00
5.059128597661500493e+01,0.000000000000000000e+00,0.000000000000000000e+00
5.342054579515848189e+01,0.000000000000000000e+00,0.000000000000000000e+00
5.090183999539410564e+01,0.000000000000000000e+00,0.000000000000000000e+00
5.439453887534588716e+01,0.000000000000000000e+00,0.000000000000000000e+00
4.831075292047844982e+01,0.000000000000000000e+00,0.000000000000000000e+00
5.192368060653667072e+01,0.000000000000000000e+00,0.000000000000000000e+00
5.355558794461906302e+01,0.000000000000000000e+00,0.000000000000000000e+00
5.393282436348657427e+01,0.000000000000000000e+00,0.000000000000000000e+00
5.334846553080424059e+01,0.000000000000000000e+00,0.000000000000000000e+00
5.345109419024313979e+01,0.000000000000000000e+00,0.000000000000000000e+00
5.167406375781928318e+01,0.000000000000000000e+00,0.000000000000000000e+00
5.306973819052477381e+01,0.000000000000000000e+00,0.000000000000000000e+00
5.134711997357624114e+01,0.000000000000000000e+00,0.000000000000000000e+00
5.269488771301685404e+01,0.000000000000000000e+00,0.000000000000000000e+00
5.761046339321692500e+01,0.000000000000000000e+00,0.000000000000000000e+00
5.335619479903753870e+01,0.000000000000000000e+00,0.000000000000000000e+00
5.211479027457130542e+01,0.000000000000000000e+00,0.000000000000000000e+00
5.240915305545667735e+01,0.000000000000000000e+00,0.000000000000000000e+00
5.472936756142578218e+01,0.000000000000000000e+00,0.000000000000000000e+00
5.722155491299285046e+01,0.000000000000000000e+00,0.000000000000000000e+00
5.260242235586573400e+01,0.000000000000000000e+00,0.000000000000000000e+00
5.370688900796275789e+01,0.000000000000000000e+00,0.000000000000000000e+00
5.292514307008519125e+01,0.000000000000000000e+00,0.000000000000000000e+00
5.367658803803833933e+01,0.000000000000000000e+00,0.000000000000000000e+00
5.544000765503326278e+01,0.000000000000000000e+00,0.000000000000000000e+00
5.595661392892328223e+01,0.000000000000000000e+00,0.000000000000000000e+00
5.668863234860281608e+01,0.000000000000000000e+00,0.000000000000000000e+00
5.246768403449280527e+01,0.000000000000000000e+00,0.000000000000000000e+00
5.379776858677098517e+01,0.000000000000000000e+00,0.000000000000000000e+00
5.404225284696747167e+01,0.000000000000000000e+00,0.000000000000000000e+00
5.185690720078892468e+01,0.000000000000000000e+00,0.000000000000000000e+00
5.396731671336648617e+01,0.000000000000000000e+00,0.000000000000000000e+00
5.475671387019767167e+01,0.000000000000000000e+00,0.000000000000000000e+00
5.946863420329714955e+01,0.000000000000000000e+00,0.000000000000000000e+00
5.280601071821918424e+01,0.000000000000000000e+00,0.000000000000000000e+00
5.203577268549076962e+01,0.000000000000000000e+00,0.000000000000000000e+00
5.657560429604404106e+01,0.000000000000000000e+00,0.000000000000000000e+00
5.705142626163249986e+01,0.000000000000000000e+00,0.000000000000000000e+00
5.657200466849841547e+01,0.000000000000000000e+00,0.000000000000000000e+00
5.835597991830903197e+01,0.000000000000000000e+00,0.000000000000000000e+00
5.771848060261797997e+01,0.000000000000000000e+00,0.000000000000000000e+00
5.615650008191696685e+01,0.000000000000000000e+00,0.000000000000000000e+00
5.638009562513308026e+01,0.000000000000000000e+00,0.000000000000000000e+00
5.411297062712785788e+01,0.000000000000000000e+00,0.000000000000000000e+00
5.523358559647893884e+01,0.000000000000000000e+00,0.000000000000000000e+00
6.081786909331764690e+01,0.000000000000000000e+00,0.000000000000000000e+00
5.566863123420562687e+01,0.000000000000000000e+00,0.000000000000000000e+00
6.032774350685657794e+01,0.000000000000000000e+00,0.000000000000000000e+00
5.179487245642177839e+01,0.000000000000000000e+00,0.000000000000000000e+00
5.474446538234874282e+01,0.000000000000000000e+00,0.000000000000000000e+00
5.632787430890323321e+01,0.000000000000000000e+00,0.000000000000000000e+00
5.793761370034174263e+01,0.000000000000000000e+00,0.000000000000000000e+00
5.844184658761437845e+01,0.000000000000000000e+00,0.000000000000000000e+00
5.785659148912881733e+01,0.000000000000000000e+00,0.000000000000000000e+00
5.648694476827874666e+01,0.000000000000000000e+00,0.000000000000000000e+00
5.863902761893753279e+01,0.000000000000000000e+00,0.000000000000000000e+00
5.702717238517454490e+01,0.000000000000000000e+00,0.000000000000000000e+00
5.633498342483061094e+01,0.000000000000000000e+00,0.000000000000000000e+00
5.906587620593343502e+01,0.000000000000000000e+00,0.000000000000000000e+00
5.673226344416615063e+01,0.000000000000000000e+00,0.000000000000000000e+00
5.796506564006045892e+01,0.000000000000000000e+00,0.000000000000000000e+00
5.538524503332480720e+01,0.000000000000000000e+00,0.000000000000000000e+00
6.115427780824919779e+01,0.000000000000000000e+00,0.000000000000000000e+00
5.610391545299460603e+01,0.000000000000000000e+00,0.000000000000000000e+00
5.952733906717942602e+01,0.000000000000000000e+00,0.000000000000000000e+00
6.237703888440006494e+01,0.000000000000000000e+00,0.000000000000000000e+00
5.803810883457102676e+01,0.000000000000000000e+00,0.000000000000000000e+00
5.741718196440915989e+01,0.000000000000000000e+00,0.000000000000000000e+00
6.097479799022745794e+01,0.000000000000000000e+00,0.000000000000000000e+00
5.610705954263406170e+01,0.000000000000000000e+00,0.000000000000000000e+00
5.932665687440688629e+01,0.000000000000000000e+00,0.000000000000000000e+00
5.668347167823306165e+01,0.000000000000000000e+00,0.000000000000000000e+00
5.811067929154649647e+01,0.000000000000000000e+00,0.000000000000000000e+00
5.603337265567034109e+01,0.000000000000000000e+00,0.000000000000000000e+00
5.625280774746336476e+01,0.000000000000000000e+00,0.000000000000000000e+00
6.297043266739628820e+01,0.000000000000000000e+00,0.000000000000000000e+00
5.977369585712695255e+01,0.000000000000000000e+00,0.000000000000000000e+00
5.801267699579903336e+01,0.000000000000000000e+00,0.000000000000000000e+00
6.056217175098498018e+01,0.000000000000000000e+00,0.000000000000000000e+00
5.799959792208496623e+01,0.000000000000000000e+00,0.000000000000000000e+00
5.925981364979215726e+01,0.000000000000000000e+00,0.000000000000000000e+00
5.915357631950968909e+01,0.000000000000000000e+00,0.000000000000000000e+00
6.183658111469120655e+01,0.000000000000000000e+00,0.000000000000000000e+00
5.858444001861913364e+01,0.000000000000000000e+00,0.000000000000000000e+00
5.897786014511346053e+01,0.000000000000000000e+00,0.000000000000000000e+00
5.857745312626384049e+01,0.000000000000000000e+00,0.000000000000000000e+00
5.890920035894801288e+01,0.000000000000000000e+00,0.000000000000000000e+00
6.064702102268633155e+01,0.000000000000000000e+00,0.000000000000000000e+00
6.387654142015863101e+01,0.000000000000000000e+00,0.000000000000000000e+00
5.849782623586005315e+01,0.000000000000000000e+00,0.000000000000000000e+00
6.019921059030677668e+01,0.000000000000000000e+00,0.000000000000000000e+00
6.348252576973929706e+01,0.000000000000000000e+00,0.000000000000000000e+00
5.612100889187992436e+01,0.000000000000000000e+00,0.000000000000000000e+00
5.999402041657304352e+01,0.000000000000000000e+00,0.000000000000000000e+00
5.843275966606634597e+01,0.000000000000000000e+00,0.000000000000000000e+00
5.815481817446719504e+01,0.000000000000000000e+00,0.000000000000000000e+00
5.752844316220558341e+01,0.000000000000000000e+00,0.000000000000000000e+00
5.763570461663186961e+01,0.000000000000000000e+00,0.000000000000000000e+00
6.430112248906351624e+01,0.000000000000000000e+00,0.000000000000000000e+00
6.098294469954722530e+01,0.000000000000000000e+00,0.000000000000000000e+00
6.240489690160281100e+01,0.000000000000000000e+00,0.000000000000000000e+00
6.045471012700707547e+01,0.000000000000000000e+00,0.000000000000000000e+00
6.032031028030117881e+01,0.000000000000000000e+00,0.000000000000000000e+00
5.748665907051570656e+01,0.000000000000000000e+00,0.000000000000000000e+00
6.101501340735378420e+01,0.000000000000000000e+00,0.000000000000000000e+00
5.912796323488973371e+01,0.000000000000000000e+00,0.000000000000000000e+00
6.226999669501506673e+01,0.000000000000000000e+00,0.000000000000000000e+00
6.122509581902407660e+01,0.000000000000000000e+00,0.000000000000000000e+00
5.931654167134968247e+01,0.000000000000000000e+00,0.000000000000000000e+00
6.051800466517183708e+01,0.000000000000000000e+00,0.000000000000000000e+00
6.475209836613700531e+01,0.000000000000000000e+00,0.000000000000000000e+00
5.955119628227713946e+01,0.000000000000000000e+00,0.000000000000000000e+00
6.316339075865997188e+01,0.000000000000000000e+00,0.000000000000000000e+00
5.976672848494470713e+01,0.000000000000000000e+00,0.000000000000000000e+00
6.367174311612674842e+01,0.000000000000000000e+00,0.000000000000000000e+00
5.959151381958228910e+01,0.000000000000000000e+00,0.000000000000000000e+00
5.713665105056708882e+01,0.000000000000000000e+00,0.000000000000000000e+00
5.960111201301885586e+01,0.000000000000000000e+00,0.000000000000000000e+00
6.204933911261389312e+01,0.000000000000000000e+00,0.000000000000000000e+00
5.894345805970390018e+01,0.000000000000000000e+00,0.000000000000000000e+00
6.349115736484151284e+01,0.000000000000000000e+00,0.000000000000000000e+00
6.383624465450760965e+01,0.000000000000000000e+00,0.000000000000000000e+00
6.185229129421917804e+01,0.000000000000000000e+00,0.000000000000000000e+00
6.590053507422517498e+01,0.000000000000000000e+00,0.000000000000000000e+00
6.281503451499504109e+01,0.000000000000000000e+00,0.000000000000000000e+00
6.480602216381484482e+01,0.000000000000000000e+00,0.000000000000000000e+00
5.990811893726281312e+01,0.000000000000000000e+00,0.000000000000000000e+00
6.236015620674435667e+01,0.000000000000000000e+00,0.000000000000000000e+00
5.899332937596805948e+01,0.000000000000000000e+00,0.000000000000000000e+00
6.483522520641628262e+01,0.000000000000000000e+00,0.000000000000000000e+00
6.050469467789775280e+01,0.000000000000000000e+00,0.000000000000000000e+00
6.153516756829074552e+01,0.000000000000000000e+00,0.000000000000000000e+00
6.400024822851588624e+01,0.000000000000000000e+00,0.000000000000000000e+00
6.382833413199192307e+01,0.000000000000000000e+00,0.000000000000000000e+00
6.253150053536141684e+01,0.000000000000000000e+00,0.000000000000000000e+00
6.397675845591965071e+01,0.000000000000000000e+00,0.000000000000000000e+00
6.144711624981719922e+01,0.000000000000000000e+00,0.000000000000000000e+00
6.649908585284592277e+01,0.000000000000000000e+00,0.000000000000000000e+00
5.981038793769194939e+01,0.000000000000000000e+00,0.000000000000000000e+00
6.321761137632758221e+01,0.000000000000000000e+00,0.000000000000000000e+00
5.987144196431947307e+01,0.000000000000000000e+00,0.000000000000000000e+00
6.462532320491946791e+01,0.000000000000000000e+00,0.000000000000000000e+00
6.292221906370463813e+01,0.000000000000000000e+00,0.000000000000000000e+00
6.176005240808152053e+01,0.000000000000000000e+00,0.000000000000000000e+00
6.778631373244621727e+01,0.000000000000000000e+00,0.000000000000000000e+00
6.619591629186443527e+01,0.000000000000000000e+00,0.000000000000000000e+00
6.227763537002482508e+01,0.000000000000000000e+00,0.000000000000000000e+00
6.383454830985715489e+01,0.000000000000000000e+00,0.000000000000000000e+00
6.444919719740956054e+01,0.000000000000000000e+00,0.000000000000000000e+00
6.292741744499585366e+01,0.000000000000000000e+00,0.000000000000000000e+00
6.024149749085751893e+01,0.000000000000000000e+00,0.000000000000000000e+00
6.728483766264371013e+01,0.000000000000000000e+00,0.000000000000000000e+00
6.783051497217708459e+01,0.000000000000000000e+00,0.000000000000000000e+00
6.055616993978951967e+01,0.000000000000000000e+00,0.000000000000000000e+00
6.382152595357847247e+01,0.000000000000000000e+00,0.000000000000000000e+00
6.619810628485720372e+01,0.000000000000000000e+00,0.000000000000000000e+00
6.466019898893851803e+01,0.000000000000000000e+00,0.000000000000000000e+00
6.272422601720415969e+01,0.000000000000000000e+00,0.000000000000000000e+00
6.571241064108193086e+01,0.000000000000000000e+00,0.000000000000000000e+00
6.437856749050374106e+01,0.000000000000000000e+00,0.000000000000000000e+00
6.741735227637812500e+01,0.000000000000000000e+00,0.000000000000000000e+00
6.235169053642839998e+01,0.000000000000000000e+00,0.000000000000000000e+00
6.665389716001172360e+01,0.000000000000000000e+00,0.000000000000000000e+00
6.401297604687680121e+01,0.000000000000000000e+00,0.000000000000000000e+00
6.545521063133028861e+01,0.000000000000000000e+00,0.000000000000000000e+00
6.513337186017032820e+01,0.000000000000000000e+00,0.000000000000000000e+00
6.708674515103605529e+01,0.000000000000000000e+00,0.000000000000000000e+00
6.417792709551567043e+01,0.000000000000000000e+00,0.000000000000000000e+00
6.196908379772306574e+01,0.000000000000000000e+00,0.000000000000000000e+00
6.555222139095052114e+01,0.000000000000000000e+00,0.000000000000000000e+00
6.622095046112728767e+01,0.000000000000000000e+00,0.000000000000000000e+00
6.462589401659616328e+01,0.000000000000000000e+00,0.000000000000000000e+00
6.690861956283791301e+01,0.000000000000000000e+00,0.000000000000000000e+00
6.585053520426892248e+01,0.000000000000000000e+00,0.000000000000000000e+00
6.807173367651904528e+01,0.000000000000000000e+00,0.000000000000000000e+00
6.641237664089966586e+01,0.000000000000000000e+00,0.000000000000000000e+00
6.506016658952104592e+01,0.000000000000000000e+00,0.000000000000000000e+00
6.623048932682739576e+01,0.000000000000000000e+00,0.000000000000000000e+00
6.512925263440210699e+01,0.000000000000000000e+00,0.000000000000000000e+00
6.451200940601628986e+01,0.000000000000000000e+00,0.000000000000000000e+00
6.353114600933796652e+01,0.000000000000000000e+00,0.000000000000000000e+00
6.574795368263124828e+01,0.000000000000000000e+00,0.000000000000000000e+00
6.537517960195739875e+01,0.000000000000000000e+00,0.000000000000000000e+00
6.859177022869741336e+01,0.000000000000000000e+00,0.000000000000000000e+00
6.796582311322546843e+01,0.000000000000000000e+00,0.000000000000000000e+00
6.945188205147924521e+01,0.000000000000000000e+00,0.000000000000000000e+00
6.855486004895610108e+01,0.000000000000000000e+00,0.000000000000000000e+00
6.526987038924274032e+01,0.000000000000000000e+00,0.000000000000000000e+00
6.874093067045342309e+01,0.000000000000000000e+00,0.000000000000000000e+00
6.341382129196146167e+01,0.000000000000000000e+00,0.000000000000000000e+00
6.396201728347966053e+01,0.000000000000000000e+00,0.000000000000000000e+00
6.767036068969991902e+01,0.000000000000000000e+00,0.000000000000000000e+00
6.790188267008603873e+01,0.000000000000000000e+00,0.000000000000000000e+00
6.733867669540013878e+01,0.000000000000000000e+00,0.000000000000000000e+00
6.853325213844294694e+01,0.000000000000000000e+00,0.000000000000000000e+00
6.583794883927750163e+01,0.000000000000000000e+00,0.000000000000000000e+00
6.900353516584993940e+01,0.000000000000000000e+00,0.000000000000000000e+00
6.867539869035118727e+01,0.000000000000000000e+00,0.000000000000000000e+00
6.628516427025004987e+01,0.000000000000000000e+00,0.000000000000000000e+00
6.941998042835220417e+01,0.000000000000000000e+00,0.000000000000000000e+00
6.854146661063533941e+01,0.000000000000000000e+00,0.000000000000000000e+00
6.481620184582577338e+01,0.000000000000000000e+00,0.000000000000000000e+00
6.723003559787862571e+01,0.000000000000000000e+00,0.000000000000000000e+00
6.833174468773444232e+01,0.000000000000000000e+00,0.000000000000000000e+00
6.534319387594004525e+01,0.000000000000000000e+00,0.000000000000000000e+00
7.110966134749230605e+01,0.000000000000000000e+00,0.000000000000000000e+00
6.820870544307798866e+01,0.000000000000000000e+00,0.000000000000000000e+00
6.595032220222864794e+01,0.000000000000000000e+00,0.000000000000000000e+00
6.776407158964302369e+01,0.000000000000000000e+00,0.000000000000000000e+00
6.632830414081355741e+01,0.000000000000000000e+00,0.000000000000000000e+00
6.608420682010198277e+01,0.000000000000000000e+00,0.000000000000000000e+00
7.279445134484625157e+01,0.000000000000000000e+00,0.000000000000000000e+00
6.790218896623871103e+01,0.000000000000000000e+00,0.000000000000000000e+00
7.075054661479438778e+01,0.000000000000000000e+00,0.000000000000000000e+00
6.722384821115117859e+01,0.000000000000000000e+00,0.000000000000000000e+00
6.903134650596211941e+01,0.000000000000000000e+00,0.000000000000000000e+00
6.990792481578635886e+01,0.000000000000000000e+00,0.000000000000000000e+00
6.616888258295021785e+01,0.000000000000000000e+00,0.000000000000000000e+00
7.224845539844780262e+01,0.000000000000000000e+00,0.000000000000000000e+00
7.127337829130237878e+01,0.000000000000000000e+00,0.000000000000000000e+00
6.911777643888717648e+01,0.000000000000000000e+00,0.000000000000000000e+00
7.004979837905521833e+01,0.000000000000000000e+00,0.000000000000000000e+00
7.091774229615838010e+01,0.000000000000000000e+00,0.000000000000000000e+00
7.150376561913644480e+01,0.000000000000000000e+00,0.000000000000000000e+00
6.977966482943553217e+01,0.000000000000000000e+00,0.000000000000000000e+00
6.615557984457542773e+01,0.000000000000000000e+00,0.000000000000000000e+00
6.991488106748384723e+01,0.000000000000000000e+00,0.000000000000000000e+00
6.991223409968308999e+01,0.000000000000000000e+00,0.000000000000000000e+00
7.031656257619324890e+01,0.000000000000000000e+00,0.000000000000000000e+00
7.236097089281550154e+01,0.000000000000000000e+00,0.000000000000000000e+00
6.949936909428956255e+01,0.000000000000000000e+00,0.000000000000000000e+00
6.970426493547276436e+01,0.000000000000000000e+00,0.000000000000000000e+00
7.142625431963477922e+01,0.000000000000000000e+00,0.000000000000000000e+00
6.866392394402792831e+01,0.000000000000000000e+00,0.000000000000000000e+00
6.967415760125824420e+01,0.000000000000000000e+00,0.000000000000000000e+00
7.111204651798317400e+01,0.000000000000000000e+00,0.000000000000000000e+00
6.980131408394569803e+01,0.000000000000000000e+00,0.000000000000000000e+00
7.033091742280645065e+01,0.000000000000000000e+00,0.000000000000000000e+00
6.954968655870884220e+01,0.000000000000000000e+00,0.000000000000000000e+00
7.391525899911559350e+01,0.000000000000000000e+00,0.000000000000000000e+00
7.126058577822759332e+01,0.000000000000000000e+00,0.000000000000000000e+00
6.981819412872765440e+01,0.000000000000000000e+00,0.000000000000000000e+00
7.027210334468860253e+01,0.000000000000000000e+00,0.000000000000000000e+00
7.054868906977411314e+01,0.000000000000000000e+00,0.000000000000000000e+00
6.920455252827780157e+01,0.000000000000000000e+00,0.000000000000000000e+00
7.117373068835399863e+01,0.000000000000000000e+00,0.000000000000000000e+00
7.355440028034193745e+01,0.000000000000000000e+00,0.000000000000000000e+00
7.066100590057577335e+01,0.000000000000000000e+00,0.000000000000000000e+00
7.139145634729698031e+01,0.000000000000000000e+00,0.000000000000000000e+00
6.909548007689146232e+01,0.000000000000000000e+00,0.000000000000000000e+00
7.104390346283408064e+01,0.000000000000000000e+00,0.000000000000000000e+00
6.936343403373989247e+01,0.000000000000000000e+00,0.000000000000000000e+00
7.256933949395187256e+01,0.000000000000000000e+00,0.000000000000000000e+00
7.067521554232791914e+01,0.000000000000000000e+00,0.000000000000000000e+00
7.016559623741683538e+01,0.000000000000000000e+00,0.000000000000000000e+00
7.031612211055526984e+01,0.000000000000000000e+00,0.000000000000000000e+00
6.896456564755642660e+01,0.000000000000000000e+00,0.000000000000000000e+00
7.275927516225387137e+01,0.000000000000000000e+00,0.000000000000000000e+00
7.011922651112742244e+01,0.000000000000000000e+00,0.000000000000000000e+00
7.077993000131620249e+01,0.000000000000000000e+00,0.000000000000000000e+00
7.111420044673472773e+01,0.000000000000000000e+00,0.000000000000000000e+00
7.057757344718096704e+01,0.000000000000000000e+00,0.000000000000000000e+00
7.247867161984333961e+01,0.000000000000000000e+00,0.000000000000000000e+00
6.843282541134965413e+01,0.000000000000000000e+00,0.000000000000000000e+00
7.248646932316792402e+01,0.000000000000000000e+00,0.000000000000000000e+00
7.023546986043777451e+01,0.000000000000000000e+00,0.000000000000000000e+00
7.064553722592117424e+01,0.000000000000000000e+00,0.000000000000000000e+00
7.281460987433585785e+01,0.000000000000000000e+00,0.000000000000000000e+00
7.065109445291031420e+01,0.000000000000000000e+00,0.000000000000000000e+00
7.073215774364207675e+01,0.000000000000000000e+00,0.000000000000000000e+00
7.084198804069919220e+01,0.000000000000000000e+00,0.000000000000000000e+00
7.124736577525931125e+01,0.000000000000000000e+00,0.000000000000000000e+00
7.223209922840791819e+01,0.000000000000000000e+00,0.000000000000000000e+00
7.095855639431218265e+01,0.000000000000000000e+00,0.000000000000000000e+00
6.882001575922696190e+01,0.000000000000000000e+00,0.000000000000000000e+00
7.423616529631142669e+01,0.000000000000000000e+00,0.000000000000000000e+00
7.294311955040862472e+01,0.000000000000000000e+00,0.000000000000000000e+00
7.135827263604447523e+01,0.000000000000000000e+00,0.000000000000000000e+00
7.503791729613850237e+01,0.000000000000000000e+00,0.000000000000000000e+00
7.107168061916812007e+01,0.000000000000000000e+00,0.000000000000000000e+00
7.450835700327652944e+01,0.000000000000000000e+00,0.000000000000000000e+00
7.487211936955890224e+01,0.000000000000000000e+00,0.000000000000000000e+00
7.285846346602035339e+01,0.000000000000000000e+00,0.000000000000000000e+00
7.301798910326203895e+01,0.000000000000000000e+00,0.000000000000000000e+00
7.146325328542543787e+01,0.000000000000000000e+00,0.000000000000000000e+00
7.039789617272793976e+01,0.000000000000000000e+00,0.000000000000000000e+00
7.447786982385348153e+01,0.000000000000000000e+00,0.000000000000000000e+00
7.266024669450615647e+01,0.000000000000000000e+00,0.000000000000000000e+00
7.081084849225216260e+01,0.000000000000000000e+00,0.000000000000000000e+00
7.249028249635917120e+01,0.000000000000000000e+00,0.000000000000000000e+00
6.907401014762125158e+01,0.000000000000000000e+00,0.000000000000000000e+00
7.216972965915681471e+01,0.000000000000000000e+00,0.000000000000000000e+00
7.712621390948530120e+01,0.000000000000000000e+00,0.000000000000000000e+00
7.586019587587041713e+01,0.000000000000000000e+00,0.000000000000000000e+00
7.473448624755550895e+01,0.000000000000000000e+00,0.000000000000000000e+00
7.401280775004674695e+01,0.000000000000000000e+00,0.000000000000000000e+00
7.455639792574305602e+01,0.000000000000000000e+00,0.000000000000000000e+00
7.163774755716583797e+01,0.000000000000000000e+00,0.000000000000000000e+00
7.318807084333825230e+01,0.000000000000000000e+00,0.000000000000000000e+00
7.396148429629694476e+01,0.000000000000000000e+00,0.000000000000000000e+00
7.261791384375605674e+01,0.000000000000000000e+00,0.000000000000000000e+00
7.193975265314557532e+01,0.000000000000000000e+00,0.000000000000000000e+00
7.244208886858440621e+01,0.000000000000000000e+00,0.000000000000000000e+00
7.362254784316372991e+01,0.000000000000000000e+00,0.000000000000000000e+00
7.181577626287517546e+01,0.000000000000000000e+00,0.000000000000000000e+00
6.996749389345755787e+01,0.000000000000000000e+00,0.000000000000000000e+00
7.304625708319686339e+01,0.000000000000000000e+00,0.000000000000000000e+00
7.352730550151784428e+01,0.000000000000000000e+00,0.000000000000000000e+00
7.435810095625838301e+01,0.000000000000000000e+00,0.000000000000000000e+00
6.943436689848296339e+01,0.000000000000000000e+00,0.000000000000000000e+00
7.439700152789670540e+01,0.000000000000000000e+00,0.000000000000000000e+00
7.204313437914768770e+01,0.000000000000000000e+00,0.000000000000000000e+00
7.119361655380858167e+01,0.000000000000000000e+00,0.000000000000000000e+00
7.228462005034516835e+01,0.000000000000000000e+00,0.000000000000000000e+00
7.488293018867378237e+01,0.000000000000000000e+00,0.000000000000000000e+00
7.548164930671734396e+01,0.000000000000000000e+00,0.000000000000000000e+00
7.392993190078664156e+01,0.000000000000000000e+00,0.000000000000000000e+00
7.302172187171429130e+01,0.000000000000000000e+00,0.000000000000000000e+00
7.796684455612644626e+01,0.000000000000000000e+00,0.000000000000000000e+00
7.148572918950222288e+01,0.000000000000000000e+00,0.000000000000000000e+00
7.343331043881262588e+01,0.000000000000000000e+00,0.000000000000000000e+00
7.578179533320408723e+01,0.000000000000000000e+00,0.000000000000000000e+00
7.441838562527955503e+01,0.000000000000000000e+00,0.000000000000000000e+00
7.571046671805790140e+01,0.000000000000000000e+00,0.000000000000000000e+00
7.287211173307029810e+01,0.000000000000000000e+00,0.000000000000000000e+00
7.442452996660888687e+01,0.000000000000000000e+00,0.000000000000000000e+00
7.531648581289822175e+01,0.000000000000000000e+00,0.000000000000000000e+00
7.616707893694145071e+01,0.000000000000000000e+00,0.000000000000000000e+00
7.834745450405497991e+01,0.000000000000000000e+00,0.000000000000000000e+00
7.922482539079476282e+01,0.000000000000000000e+00,0.000000000000000000e+00
7.572665985062837990e+01,0.000000000000000000e+00,0.000000000000000000e+00
7.353094620923791069e+01,0.000000000000000000e+00,0.000000000000000000e+00
7.608927414831104841e+01,0.000000000000000000e+00,0.000000000000000000e+00
7.543682714509532161e+01,0.000000000000000000e+00,0.000000000000000000e+00
7.828566240034956536e+01,0.000000000000000000e+00,0.000000000000000000e+00
7.541621288579587201e+01,0.000000000000000000e+00,0.000000000000000000e+00
7.437104451860403742e+01,0.000000000000000000e+00,0.000000000000000000e+00
7.553469982211970546e+01,0.000000000000000000e+00,0.000000000000000000e+00
7.680126244782326239e+01,0.000000000000000000e+00,0.000000000000000000e+00
7.762559210663295062e+01,0.000000000000000000e+00,0.000000000000000000e+00
8.042162325237055143e+01,0.000000000000000000e+00,0.000000000000000000e+00
7.713083936264344231e+01,0.000000000000000000e+00,0.000000000000000000e+00
7.359467070680553036e+01,0.000000000000000000e+00,0.000000000000000000e+00
7.282810220413583124e+01,0.000000000000000000e+00,0.000000000000000000e+00
7.818524635249795551e+01,0.000000000000000000e+00,0.000000000000000000e+00
7.399193007744999306e+01,0.000000000000000000e+00,0.000000000000000000e+00
7.432474314482458055e+01,0.000000000000000000e+00,0.000000000000000000e+00
8.001035240764244350e+01,0.000000000000000000e+00,0.000000000000000000e+00
7.566342651057925650e+01,0.000000000000000000e+00,0.000000000000000000e+00
7.494065709906585937e+01,0.000000000000000000e+00,0.000000000000000000e+00
7.908273604735740037e+01,0.000000000000000000e+00,0.000000000000000000e+00
7.485674676784857695e+01,0.000000000000000000e+00,0.000000000000000000e+00
7.519200180407116818e+01,0.000000000000000000e+00,0.000000000000000000e+00
7.625070400908752788e+01,0.000000000000000000e+00,0.000000000000000000e+00
7.371969513717321831e+01,0.000000000000000000e+00,0.000000000000000000e+00
7.579961552706728867e+01,0.000000000000000000e+00,0.000000000000000000e+00
7.588008139171974165e+01,0.000000000000000000e+00,0.000000000000000000e+00
7.786118464350239776e+01,0.000000000000000000e+00,0.000000000000000000e+00
7.810485917280962553e+01,0.000000000000000000e+00,0.000000000000000000e+00
7.611920801492651378e+01,0.000000000000000000e+00,0.000000000000000000e+00
7.873862927863497418e+01,0.000000000000000000e+00,0.000000000000000000e+00
7.341268590862850374e+01,0.000000000000000000e+00,0.000000000000000000e+00
7.919575681995367233e+01,0.000000000000000000e+00,0.000000000000000000e+00
7.749710085391154735e+01,0.000000000000000000e+00,0.000000000000000000e+00
7.556464911103721249e+01,0.000000000000000000e+00,0.000000000000000000e+00
7.942238922157226000e+01,0.000000000000000000e+00,0.000000000000000000e+00
7.594151121020334472e+01,0.000000000000000000e+00,0.000000000000000000e+00
8.051941621474871624e+01,0.000000000000000000e+00,0.000000000000000000e+00
7.742147758703106319e+01,0.000000000000000000e+00,0.000000000000000000e+00
7.655537608589042975e+01,0.000000000000000000e+00,0.000000000000000000e+00
7.607490004383683413e+01,0.000000000000000000e+00,0.000000000000000000e+00
7.599573622075986634e+01,0.000000000000000000e+00,0.000000000000000000e+00
7.602769515102809805e+01,0.000000000000000000e+00,0.000000000000000000e+00
7.786219254372284126e+01,0.000000000000000000e+00,0.000000000000000000e+00
7.563268450392423858e+01,0.000000000000000000e+00,0.000000000000000000e+00
7.926260869902023387e+01,0.000000000000000000e+00,0.000000000000000000e+00
7.507633766690798893e+01,0.000000000000000000e+00,0.000000000000000000e+00
7.766583213995717472e+01,0.000000000000000000e+00,0.000000000000000000e+00
7.729439148790000047e+01,0.000000000000000000e+00,0.000000000000000000e+00
7.983650731463478678e+01,0.000000000000000000e+00,0.000000000000000000e+00
7.844322988806518993e+01,0.000000000000000000e+00,0.000000000000000000e+00
7.707233378742637342e+01,0.000000000000000000e+00,0.000000000000000000e+00
7.476775275037269353e+01,0.000000000000000000e+00,0.000000000000000000e+00
7.513426011661971415e+01,0.000000000000000000e+00,0.000000000000000000e+00
7.680423995164844087e+01,0.000000000000000000e+00,0.000000000000000000e+00
7.364808100324367501e+01,0.000000000000000000e+00,0.000000000000000000e+00
7.173484600707115533e+01,0.000000000000000000e+00,0.000000000000000000e+00
7.376424571687645937e+01,0.000000000000000000e+00,0.000000000000000000e+00
7.623157062527229755e+01,0.000000000000000000e+00,0.000000000000000000e+00
7.869705584783370966e+01,0.000000000000000000e+00,0.000000000000000000e+00
7.534287937213832720e+01,0.000000000000000000e+00,0.000000000000000000e+00
7.953807093760222813e+01,0.000000000000000000e+00,0.000000000000000000e+00
7.986501108641614621e+01,0.000000000000000000e+00,0.000000000000000000e+00
8.068619006530272486e+01,0.000000000000000000e+00,0.000000000000000000e+00
7.556919336469671578e+01,0.000000000000000000e+00,0.000000000000000000e+00
7.775272015868603148e+01,0.000000000000000000e+00,0.000000000000000000e+00
7.334609249221564653e+01,0.000000000000000000e+00,0.000000000000000000e+00
7.810287014185219334e+01,0.000000000000000000e+00,0.000000000000000000e+00
7.633343708908942915e+01,0.000000000000000000e+00,0.000000000000000000e+00
7.745998486743827982e+01,0.000000000000000000e+00,0.000000000000000000e+00
7.966870979985176859e+01,0.000000000000000000e+00,0.000000000000000000e+00
8.032693070724900508e+01,0.000000000000000000e+00,0.000000000000000000e+00
7.636654860481235119e+01,0.000000000000000000e+00,0.000000000000000000e+00
7.842866542790822848e+01,0.000000000000000000e+00,0.000000000000000000e+00
7.892722183262991109e+01,0.000000000000000000e+00,0.000000000000000000e+00
7.722683026629542269e+01,0.000000000000000000e+00,0.000000000000000000e+00
8.098748877892010967e+01,0.000000000000000000e+00,0.000000000000000000e+00
8.080574483750025649e+01,0.000000000000000000e+00,0.000000000000000000e+00
7.721324729746226012e+01,0.000000000000000000e+00,0.000000000000000000e+00
7.542251053045784204e+01,0.000000000000000000e+00,0.000000000000000000e+00
7.952302367886376544e+01,0.000000000000000000e+00,0.000000000000000000e+00
7.839004909424437528e+01,0.000000000000000000e+00,0.000000000000000000e+00
7.720193368091302943e+01,0.000000000000000000e+00,0.000000000000000000e+00
7.429545171793067482e+01,0.000000000000000000e+00,0.000000000000000000e+00
7.953369745407218261e+01,0.000000000000000000e+00,0.000000000000000000e+00
8.048269001983328508e+01,0.000000000000000000e+00,0.000000000000000000e+00
7.962811763563597367e+01,0.000000000000000000e+00,0.000000000000000000e+00
7.999996141135936512e+01,0.000000000000000000e+00,0.000000000000000000e+00
7.184096542169997690e+01,0.000000000000000000e+00,0.000000000000000000e+00
8.013714794765411398e+01,0.000000000000000000e+00,0.000000000000000000e+00
7.665024538804981091e+01,0.000000000000000000e+00,0.000000000000000000e+00
8.009112432015821526e+01,0.000000000000000000e+00,0.000000000000000000e+00
7.633726568430891746e+01,0.000000000000000000e+00,0.000000000000000000e+00
7.578531996277689586e+01,0.000000000000000000e+00,0.000000000000000000e+00
7.904398818300921903e+01,0.000000000000000000e+00,0.000000000000000000e+00
7.865600943440250603e+01,0.000000000000000000e+00,0.000000000000000000e+00
7.626254340827833289e+01,0.000000000000000000e+00,0.000000000000000000e+00
7.793898977318693255e+01,0.000000000000000000e+00,0.000000000000000000e+00
7.820290614409410068e+01,0.000000000000000000e+00,0.000000000000000000e+00
8.134207876564288142e+01,0.000000000000000000e+00,0.000000000000000000e+00
8.005956723201379077e+01,0.000000000000000000e+00,0.000000000000000000e+00
8.141727195934895178e+01,0.000000000000000000e+00,0.000000000000000000e+00
7.839673133682204309e+01,0.000000000000000000e+00,0.000000000000000000e+00
7.610075041071830526e+01,0.000000000000000000e+00,0.000000000000000000e+00
7.966585267689629291e+01,0.000000000000000000e+00,0.000000000000000000e+00
7.687965416640969352e+01,0.000000000000000000e+00,0.000000000000000000e+00
7.610167991955883338e+01,0.000000000000000000e+00,0.000000000000000000e+00
7.649382681971462716e+01,0.000000000000000000e+00,0.000000000000000000e+00
7.862658342100326081e+01,0.000000000000000000e+00,0.000000000000000000e+00
7.539291966978305481e+01,0.000000000000000000e+00,0.000000000000000000e+00
8.024215102713559133e+01,0.000000000000000000e+00,0.000000000000000000e+00
8.080267838994866736e+01,0.000000000000000000e+00,0.000000000000000000e+00
8.039667482208436411e+01,0.000000000000000000e+00,0.000000000000000000e+00
7.771455381790720196e+01,0.000000000000000000e+00,0.000000000000000000e+00
8.119347088834375370e+01,0.000000000000000000e+00,0.000000000000000000e+00
8.113399723172157962e+01,0.000000000000000000e+00,0.000000000000000000e+00
7.630092322282783357e+01,0.000000000000000000e+00,0.000000000000000000e+00
7.373845742085532606e+01,0.000000000000000000e+00,0.000000000000000000e+00
8.162277850727524253e+01,0.000000000000000000e+00,0.000000000000000000e+00
8.089054173968710870e+01,0.000000000000000000e+00,0.000000000000000000e+00
7.772173572252218321e+01,0.000000000000000000e+00,0.000000000000000000e+00
7.943751755176363361e+01,0.000000000000000000e+00,0.000000000000000000e+00
7.878592454897422215e+01,0.000000000000000000e+00,0.000000000000000000e+00
7.829638975492713371e+01,0.000000000000000000e+00,0.000000000000000000e+00
8.093188438505765703e+01,0.000000000000000000e+00,0.000000000000000000e+00
8.072789379529359621e+01,0.000000000000000000e+00,0.000000000000000000e+00
7.737417882804432168e+01,0.000000000000000000e+00,0.000000000000000000e+00
7.955099693447949960e+01,0.000000000000000000e+00,0.000000000000000000e+00
7.985414643541145097e+01,0.000000000000000000e+00,0.000000000000000000e+00
8.015371396541237914e+01,0.000000000000000000e+00,0.000000000000000000e+00
7.856331981700402878e+01,0.000000000000000000e+00,0.000000000000000000e+00
7.748808667561934271e+01,0.000000000000000000e+00,0.000000000000000000e+00
7.765450362098826531e+01,0.000000000000000000e+00,0.000000000000000000e+00
7.887782943905297373e+01,0.000000000000000000e+00,0.000000000000000000e+00
7.879662817639749051e+01,0.000000000000000000e+00,0.000000000000000000e+00
8.084430086568308127e+01,0.000000000000000000e+00,0.000000000000000000e+00
8.260191775377370504e+01,0.000000000000000000e+00,0.000000000000000000e+00
7.999787152306396365e+01,0.000000000000000000e+00,0.000000000000000000e+00
7.891586000698390535e+01,0.000000000000000000e+00,0.000000000000000000e+00
8.164752044209095061e+01,0.000000000000000000e+00,0.000000000000000000e+00
7.399714894981498503e+01,0.000000000000000000e+00,0.000000000000000000e+00
7.714385080583299725e+01,0.000000000000000000e+00,0.000000000000000000e+00
8.049997591102906824e+01,0.000000000000000000e+00,0.000000000000000000e+00
7.736967036744496795e+01,0.000000000000000000e+00,0.000000000000000000e+00
7.960427322966802421e+01,0.000000000000000000e+00,0.000000000000000000e+00
8.188798854776518965e+01,0.000000000000000000e+00,0.000000000000000000e+00
7.782913047350336910e+01,0.000000000000000000e+00,0.000000000000000000e+00
8.093322061129717326e+01,0.000000000000000000e+00,0.000000000000000000e+00
7.642035315936482220e+01,0.000000000000000000e+00,0.000000000000000000e+00
7.903590626417107501e+01,0.000000000000000000e+00,0.000000000000000000e+00
7.948410392624941778e+01,0.000000000000000000e+00,0.000000000000000000e+00
8.036937326304712315e+01,0.000000000000000000e+00,0.000000000000000000e+00
7.961095242037147557e+01,0.000000000000000000e+00,0.000000000000000000e+00
7.803252215030676098e+01,0.000000000000000000e+00,0.000000000000000000e+00
7.976364042603138671e+01,0.000000000000000000e+00,0.000000000000000000e+00
7.975394226869663328e+01,0.000000000000000000e+00,0.000000000000000000e+00
7.579044990847647512e+01,0.000000000000000000e+00,0.000000000000000000e+00
8.019381077249354917e+01,0.000000000000000000e+00,0.000000000000000000e+00
7.988474530060086920e+01,0.000000000000000000e+00,0.000000000000000000e+00
7.994241744317855591e+01,0.000000000000000000e+00,0.000000000000000000e+00
7.672673875383297570e+01,0.000000000000000000e+00,0.000000000000000000e+00
7.276624880373525173e+01,0.000000000000000000e+00,0.000000000000000000e+00
8.096897972420829603e+01,0.000000000000000000e+00,0.000000000000000000e+00
8.138058848673777845e+01,0.000000000000000000e+00,0.000000000000000000e+00
7.940219210536007211e+01,0.000000000000000000e+00,0.000000000000000000e+00
8.141149524805575766e+01,0.000000000000000000e+00,0.000000000000000000e+00
8.417031916905800415e+01,0.000000000000000000e+00,0.000000000000000000e+00
8.336669553667211119e+01,0.000000000000000000e+00,0.000000000000000000e+00
8.145334334324003578e+01,0.000000000000000000e+00,0.000000000000000000e+00
8.135512626033113293e+01,0.000000000000000000e+00,0.000000000000000000e+00
7.815564266866988419e+01,0.000000000000000000e+00,0.000000000000000000e+00
8.222538313538319699e+01,0.000000000000000000e+00,0.000000000000000000e+00
7.457639752751050821e+01,0.000000000000000000e+00,0.000000000000000000e+00
7.718098378267129078e+01,0.000000000000000000e+00,0.000000000000000000e+00
8.314490659230844471e+01,0.000000000000000000e+00,0.000000000000000000e+00
8.339776935626110799e+01,0.000000000000000000e+00,0.000000000000000000e+00
8.379969039562793398e+01,0.000000000000000000e+00,0.000000000000000000e+00
7.998529491045347584e+01,0.000000000000000000e+00,0.000000000000000000e+00
7.977570889760201567e+01,0.000000000000000000e+00,0.000000000000000000e+00
8.235904899558184411e+01,0.000000000000000000e+00,0.000000000000000000e+00
8.219150297193303345e+01,0.000000000000000000e+00,0.000000000000000000e+00
8.172944085427323557e+01,0.000000000000000000e+00,0.000000000000000000e+00
7.911896274741006607e+01,0.000000000000000000e+00,0.000000000000000000e+00
7.635485639283292869e+01,0.000000000000000000e+00,0.000000000000000000e+00
7.843762925853658885e+01,0.000000000000000000e+00,0.000000000000000000e+00
8.098051851394532719e+01,0.000000000000000000e+00,0.000000000000000000e+00
8.254132818538592176e+01,0.000000000000000000e+00,0.000000000000000000e+00
7.704554644213740744e+01,0.000000000000000000e+00,0.000000000000000000e+00
7.834469174422852689e+01,0.000000000000000000e+00,0.000000000000000000e+00
8.054901896840880227e+01,0.000000000000000000e+00,0.000000000000000000e+00
8.193966070274174740e+01,0.000000000000000000e+00,0.000000000000000000e+00
8.606441301074443118e+01,0.000000000000000000e+00,0.000000000000000000e+00
7.791413077384008545e+01,0.000000000000000000e+00,0.000000000000000000e+00
7.774031440946083649e+01,0.000000000000000000e+00,0.000000000000000000e+00
7.842814778325276848e+01,0.000000000000000000e+00,0.000000000000000000e+00
8.043597439409464300e+01,0.000000000000000000e+00,0.000000000000000000e+00
8.017238106877387338e+01,0.000000000000000000e+00,0.000000000000000000e+00
8.174019593941247308e+01,0.000000000000000000e+00,0.000000000000000000e+00
7.914282697057441851e+01,0.000000000000000000e+00,0.000000000000000000e+00
7.714704002871154387e+01,0.000000000000000000e+00,0.000000000000000000e+00
7.923675278133278255e+01,0.000000000000000000e+00,0.000000000000000000e+00
7.954749590686856209e+01,0.000000000000000000e+00,0.000000000000000000e+00
8.188765375263065494e+01,0.000000000000000000e+00,0.000000000000000000e+00
7.995811934013421762e+01,0.000000000000000000e+00,0.000000000000000000e+00
8.266207681934470486e+01,0.000000000000000000e+00,0.000000000000000000e+00
8.041348314296652688e+01,0.000000000000000000e+00,0.000000000000000000e+00
8.061555971061132198e+01,0.000000000000000000e+00,0.000000000000000000e+00
7.972219901958305854e+01,0.000000000000000000e+00,0.000000000000000000e+00
7.992327115493259271e+01,0.000000000000000000e+00,0.000000000000000000e+00
7.968843688861896624e+01,0.000000000000000000e+00,0.000000000000000000e+00
8.198895818979350736e+01,0.000000000000000000e+00,0.000000000000000000e+00
8.124042097888023761e+01,0.000000000000000000e+00,0.000000000000000000e+00
7.912013261045683521e+01,0.000000000000000000e+00,0.000000000000000000e+00
7.700226187114516563e+01,0.000000000000000000e+00,0.000000000000000000e+00
8.009607295282469863e+01,0.000000000000000000e+00,0.000000000000000000e+00
8.223598175515591890e+01,0.000000000000000000e+00,0.000000000000000000e+00
7.976135603334756752e+01,0.000000000000000000e+00,0.000000000000000000e+00
8.054256234150149396e+01,0.000000000000000000e+00,0.000000000000000000e+00
7.874610100922080846e+01,0.000000000000000000e+00,0.000000000000000000e+00
7.812404293082160223e+01,0.000000000000000000e+00,0.000000000000000000e+00
8.157495880016082879e+01,0.000000000000000000e+00,0.000000000000000000e+00
7.902696499973882283e+01,0.000000000000000000e+00,0.000000000000000000e+00
8.421484483703179080e+01,0.000000000000000000e+00,0.000000000000000000e+00
8.402884810305522478e+01,0.000000000000000000e+00,0.000000000000000000e+00
7.875329631471531400e+01,0.000000000000000000e+00,0.000000000000000000e+00
8.066572599430142532e+01,0.000000000000000000e+00,0.000000000000000000e+00
8.058242929789474829e+01,0.000000000000000000e+00,0.000000000000000000e+00
8.081968343805907296e+01,0.000000000000000000e+00,0.000000000000000000e+00
8.067968127176058601e+01,0.000000000000000000e+00,0.000000000000000000e+00
7.564042333423944342e+01,0.000000000000000000e+00,0.000000000000000000e+00
7.842831721799056766e+01,0.000000000000000000e+00,0.000000000000000000e+00
7.884598605357314227e+01,0.000000000000000000e+00,0.000000000000000000e+00
7.892062913332269147e+01,0.000000000000000000e+00,0.000000000000000000e+00
8.130227905305002878e+01,0.000000000000000000e+00,0.000000000000000000e+00
7.426018045029113068e+01,0.000000000000000000e+00,0.000000000000000000e+00
7.843479812657623995e+01,0.000000000000000000e+00,0.000000000000000000e+00
8.037796038543393706e+01,0.000000000000000000e+00,0.000000000000000000e+00
8.176234033820563241e+01,0.000000000000000000e+00,0.000000000000000000e+00
7.999056501221332383e+01,0.000000000000000000e+00,0.000000000000000000e+00
8.273328609658102550e+01,0.000000000000000000e+00,0.000000000000000000e+00
7.778310797965303891e+01,0.000000000000000000e+00,0.000000000000000000e+00
8.355323520116351688e+01,0.000000000000000000e+00,0.000000000000000000e+00
8.002363507216306004e+01,0.000000000000000000e+00,0.000000000000000000e+00
8.097487451641234202e+01,0.000000000000000000e+00,0.000000000000000000e+00
8.241291525729855039e+01,0.000000000000000000e+00,0.000000000000000000e+00
7.950849112313710521e+01,0.000000000000000000e+00,0.000000000000000000e+00
7.851420881424087383e+01,0.000000000000000000e+00,0.000000000000000000e+00
7.460254145129472647e+01,0.000000000000000000e+00,0.000000000000000000e+00
7.924263990737722452e+01,0.000000000000000000e+00,0.000000000000000000e+00
8.515494202312399352e+01,0.000000000000000000e+00,0.000000000000000000e+00
7.789526690185964242e+01,0.000000000000000000e+00,0.000000000000000000e+00
7.999219106231929288e+01,0.000000000000000000e+00,0.000000000000000000e+00
7.816567016912431143e+01,0.000000000000000000e+00,0.000000000000000000e+00
8.273677262756038431e+01,0.000000000000000000e+00,0.000000000000000000e+00
8.002068876811360099e+01,0.000000000000000000e+00,0.000000000000000000e+00
8.121002544605548223e+01,0.000000000000000000e+00,0.000000000000000000e+00
7.783665452509504235e+01,0.000000000000000000e+00,0.000000000000000000e+00
8.036223899271431037e+01,0.000000000000000000e+00,0.000000000000000000e+00
7.616122648380891746e+01,0.000000000000000000e+00,0.000000000000000000e+00
7.859798264991360384e+01,0.000000000000000000e+00,0.000000000000000000e+00
7.779596569218587376e+01,0.000000000000000000e+00,0.000000000000000000e+00
8.027163621108023506e+01,0.000000000000000000e+00,0.000000000000000000e+00
7.692193633890738624e+01,0.000000000000000000e+00,0.000000000000000000e+00
7.986093652829312362e+01,0.000000000000000000e+00,0.000000000000000000e+00
8.154399671660547710e+01,0.000000000000000000e+00,0.000000000000000000e+00
7.980833330371650902e+01,0.000000000000000000e+00,0.000000000000000000e+00
8.150363549884161785e+01,0.000000000000000000e+00,0.000000000000000000e+00
7.507443982581499142e+01,0.000000000000000000e+00,0.000000000000000000e+00
7.977116955380982688e+01,0.000000000000000000e+00,0.000000000000000000e+00
8.232262381233570636e+01,0.000000000000000000e+00,0.000000000000000000e+00
7.433610799703077987e+01,0.000000000000000000e+00,0.000000000000000000e+00
8.162587294504174906e+01,0.000000000000000000e+00,0.000000000000000000e+00
7.575364362239409388e+01,0.000000000000000000e+00,0.000000000000000000e+00
8.013950823765914322e+01,0.000000000000000000e+00,0.000000000000000000e+00
7.777190375936608291e+01,0.000000000000000000e+00,0.000000000000000000e+00
8.078997835090711988e+01,0.000000000000000000e+00,0.000000000000000000e+00
8.065327898418280483e+01,0.000000000000000000e+00,0.000000000000000000e+00
7.949386958171263018e+01,0.000000000000000000e+00,0.000000000000000000e+00
7.855630421710890232e+01,0.000000000000000000e+00,0.000000000000000000e+00
7.952448374753906535e+01,0.000000000000000000e+00,0.000000000000000000e+00
8.118947439166792890e+01,0.000000000000000000e+00,0.000000000000000000e+00
7.864183644856188948e+01,0.000000000000000000e+00,0.000000000000000000e+00
8.071772679253656690e+01,0.000000000000000000e+00,0.000000000000000000e+00
7.857523792371738125e+01,0.000000000000000000e+00,0.000000000000000000e+00
7.649175617834958985e+01,0.000000000000000000e+00,0.000000000000000000e+00
7.711473241162089209e+01,0.000000000000000000e+00,0.000000000000000000e+00
7.995773114044315832e+01,0.000000000000000000e+00,0.000000000000000000e+00
7.992253736384925844e+01,0.000000000000000000e+00,0.000000000000000000e+00
8.275686153101162290e+01,0.000000000000000000e+00,0.000000000000000000e+00
8.120777467935883465e+01,0.000000000000000000e+00,0.000000000000000000e+00
8.165970826668615246e+01,0.000000000000000000e+00,0.000000000000000000e+00
8.098482933367652947e+01,0.000000000000000000e+00,0.000000000000000000e+00
7.818963703184316216e+01,0.000000000000000000e+00,0.000000000000000000e+00
7.821691393127166236e+01,0.000000000000000000e+00,0.000000000000000000e+00
8.033595310942652645e+01,0.000000000000000000e+00,0.000000000000000000e+00
7.503086725078176755e+01,0.000000000000000000e+00,0.000000000000000000e+00
7.914139458222440737e+01,0.000000000000000000e+00,0.000000000000000000e+00
7.635840775712350137e+01,0.000000000000000000e+00,0.000000000000000000e+00
7.717356152892344312e+01,0.000000000000000000e+00,0.000000000000000000e+00
7.791035613007129257e+01,0.000000000000000000e+00,0.000000000000000000e+00
8.130791325768109346e+01,0.000000000000000000e+00,0.000000000000000000e+00
7.723291327761961611e+01,0.000000000000000000e+00,0.000000000000000000e+00
7.957117637691078471e+01,0.000000000000000000e+00,0.000000000000000000e+00
8.012356012889502210e+01,0.000000000000000000e+00,0.000000000000000000e+00
8.050114218040120306e+01,0.000000000000000000e+00,0.000000000000000000e+00
7.930656010683945567e+01,0.000000000000000000e+00,0.000000000000000000e+00
7.909238693740763892e+01,0.000000000000000000e+00,0.000000000000000000e+00
7.900104479903737342e+01,0.000000000000000000e+00,0.000000000000000000e+00
7.729099239923182552e+01,0.000000000000000000e+00,0.000000000000000000e+00
8.111299481745325579e+01,0.000000000000000000e+00,0.000000000000000000e+00
7.412643908976353657e+01,0.000000000000000000e+00,0.000000000000000000e+00
7.796302284455818210e+01,0.000000000000000000e+00,0.000000000000000000e+00
8.079278795733740992e+01,0.000000000000000000e+00,0.000000000000000000e+00
7.918861529516924236e+01,0.000000000000000000e+00,0.000000000000000000e+00
8.111836948573218820e+01,0.000000000000000000e+00,0.000000000000000000e+00
7.372267690467165835e+01,0.000000000000000000e+00,0.000000000000000000e+00
7.697192041141077823e+01,0.000000000000000000e+00,0.000000000000000000e+00
7.999166759243311731e+01,0.000000000000000000e+00,0.000000000000000000e+00
7.378161243292109361e+01,0.000000000000000000e+00,0.000000000000000000e+00
7.986137541624303537e+01,0.000000000000000000e+00,0.000000000000000000e+00
8.149446707842757576e+01,0.000000000000000000e+00,0.000000000000000000e+00
7.723107450739050250e+01,0.000000000000000000e+00,0.000000000000000000e+00
7.792517687957791850e+01,0.000000000000000000e+00,0.000000000000000000e+00
7.435331628653146652e+01,0.000000000000000000e+00,0.000000000000000000e+00
7.980694951605268272e+01,0.000000000000000000e+00,0.000000000000000000e+00
8.244223091320655783e+01,0.000000000000000000e+00,0.000000000000000000e+00
8.048576218030181906e+01,0.000000000000000000e+00,0.000000000000000000e+00
7.716430609317977485e+01,0.000000000000000000e+00,0.000000000000000000e+00
7.556267359265584105e+01,0.000000000000000000e+00,0.000000000000000000e+00
7.903908651810979791e+01,0.000000000000000000e+00,0.000000000000000000e+00
8.119832310002109921e+01,0.000000000000000000e+00,0.000000000000000000e+00
7.505553927827963889e+01,0.000000000000000000e+00,0.000000000000000000e+00
8.113196048917701830e+01,0.000000000000000000e+00,0.000000000000000000e+00
7.875833211595386274e+01,0.000000000000000000e+00,0.000000000000000000e+00
7.683070320389100516e+01,0.000000000000000000e+00,0.000000000000000000e+00
7.898998628983682124e+01,0.000000000000000000e+00,0.000000000000000000e+00
8.103510850549133693e+01,0.000000000000000000e+00,0.000000000000000000e+00
7.891836182420044565e+01,0.000000000000000000e+00,0.000000000000000000e+00
7.780544517814107053e+01,0.000000000000000000e+00,0.000000000000000000e+00
7.953435306367464364e+01,0.000000000000000000e+00,0.000000000000000000e+00
7.795822146476534442e+01,0.000000000000000000e+00,0.000000000000000000e+00
7.819590438971304991e+01,0.000000000000000000e+00,0.000000000000000000e+00
7.605282208870394811e+01,0.000000000000000000e+00,0.000000000000000000e+00
7.681808547942718235e+01,0.000000000000000000e+00,0.000000000000000000e+00
7.913955116692366687e+01,0.000000000000000000e+00,0.000000000000000000e+00
7.996007998843904829e+01,0.000000000000000000e+00,0.000000000000000000e+00
7.730770408888648149e+01,0.000000000000000000e+00,0.000000000000000000e+00
7.715989671720954846e+01,0.000000000000000000e+00,0.000000000000000000e+00
7.812174750652746980e+01,0.000000000000000000e+00,0.000000000000000000e+00
8.070379878786135919e+01,0.000000000000000000e+00,0.000000000000000000e+00
7.744940428768887841e+01,0.000000000000000000e+00,0.000000000000000000e+00
7.779456521809343883e+01,0.000000000000000000e+00,0.000000000000000000e+00
7.681645500507140412e+01,0.000000000000000000e+00,0.000000000000000000e+00
8.026983821071337388e+01,0.000000000000000000e+00,0.000000000000000000e+00
8.005574430208208980e+01,0.000000000000000000e+00,0.000000000000000000e+00
7.968725981979284256e+01,0.000000000000000000e+00,0.000000000000000000e+00
7.568158267301181752e+01,0.000000000000000000e+00,0.000000000000000000e+00
7.969630042045186258e+01,0.000000000000000000e+00,0.000000000000000000e+00
7.933710201541622098e+01,0.000000000000000000e+00,0.000000000000000000e+00
8.089653624058331616e+01,0.000000000000000000e+00,0.000000000000000000e+00
8.162400078905106682e+01,0.000000000000000000e+00,0.000000000000000000e+00
7.661421188711251773e+01,0.000000000000000000e+00,0.000000000000000000e+00
7.455932150210175280e+01,0.000000000000000000e+00,0.000000000000000000e+00
7.901641020808295934e+01,0.000000000000000000e+00,0.000000000000000000e+00
7.658687533140836479e+01,0.000000000000000000e+00,0.000000000000000000e+00
7.580818675249996375e+01,0.000000000000000000e+00,0.000000000000000000e+00
7.743798146515223380e+01,0.000000000000000000e+00,0.000000000000000000e+00
7.915884459539429940e+01,0.000000000000000000e+00,0.000000000000000000e+00
7.808671264361946385e+01,0.000000000000000000e+00,0.000000000000000000e+00
8.016650760222715633e+01,0.000000000000000000e+00,0.000000000000000000e+00
7.725308770587209040e+01,0.000000000000000000e+00,0.000000000000000000e+00
7.920013420878854049e+01,0.000000000000000000e+00,0.000000000000000000e+00
7.850128757742874086e+01,0.000000000000000000e+00,0.000000000000000000e+00
7.457371530958724293e+01,0.000000000000000000e+00,0.000000000000000000e+00
7.188578639692660488e+01,0.000000000000000000e+00,0.000000000000000000e+00
7.768347056722920740e+01,0.000000000000000000e+00,0.000000000000000000e+00
7.555950945269975705e+01,0.000000000000000000e+00,0.000000000000000000e+00
7.724763216910514529e+01,0.000000000000000000e+00,0.000000000000000000e+00
7.898156869078127329e+01,0.000000000000000000e+00,0.000000000000000000e+00
8.159056261549918077e+01,0.000000000000000000e+00,0.000000000000000000e+00
7.564493399249491290e+01,0.000000000000000000e+00,0.000000000000000000e+00
7.678418090204475277e+01,0.000000000000000000e+00,0.000000000000000000e+00
7.662436420410479343e+01,0.000000000000000000e+00,0.000000000000000000e+00
7.487809757306183656e+01,0.000000000000000000e+00,0.000000000000000000e+00
7.607873348689030024e+01,0.000000000000000000e+00,0.000000000000000000e+00
7.759894294175985863e+01,0.000000000000000000e+00,0.000000000000000000e+00
8.008457877401697544e+01,0.000000000000000000e+00,0.000000000000000000e+00
7.444214501045264853e+01,0.000000000000000000e+00,0.000000000000000000e+00
7.401505518468385958e+01,0.000000000000000000e+00,0.000000000000000000e+00
7.596201989519758513e+01,0.000000000000000000e+00,0.000000000000000000e+00
7.823603550185322320e+01,0.000000000000000000e+00,0.000000000000000000e+00
7.576277674034356835e+01,0.000000000000000000e+00,0.000000000000000000e+00
7.512779013317943111e+01,0.000000000000000000e+00,0.000000000000000000e+00
7.729457932038637580e+01,0.000000000000000000e+00,0.000000000000000000e+00
7.491966735167510194e+01,0.000000000000000000e+00,0.000000000000000000e+00
7.523236601537099943e+01,0.000000000000000000e+00,0.000000000000000000e+00
8.165799960973539839e+01,0.000000000000000000e+00,0.000000000000000000e+00
7.256036182706937154e+01,0.000000000000000000e+00,0.000000000000000000e+00
7.648510201250481089e+01,0.000000000000000000e+00,0.000000000000000000e+00
7.467381052210372161e+01,0.000000000000000000e+00,0.000000000000000000e+00
7.642108723945882787e+01,0.000000000000000000e+00,0.000000000000000000e+00
7.576796018585773140e+01,0.000000000000000000e+00,0.000000000000000000e+00
7.444728154284487687e+01,0.000000000000000000e+00,0.000000000000000000e+00
7.333643517170095549e+01,0.000000000000000000e+00,0.000000000000000000e+00
7.555401814817425077e+01,0.000000000000000000e+00,0.000000000000000000e+00
7.858711997128386884e+01,0.000000000000000000e+00,0.000000000000000000e+00
7.856311861772334737e+01,0.000000000000000000e+00,0.000000000000000000e+00
7.610548434427531106e+01,0.000000000000000000e+00,0.000000000000000000e+00
7.455046584071932614e+01,0.000000000000000000e+00,0.000000000000000000e+00
7.545926082977267413e+01,0.000000000000000000e+00,0.000000000000000000e+00
7.364802407276850715e+01,0.000000000000000000e+00,0.000000000000000000e+00
7.547177974330938355e+01,0.000000000000000000e+00,0.000000000000000000e+00
7.525955113180938838e+01,0.000000000000000000e+00,0.000000000000000000e+00
8.213077867313070612e+01,0.000000000000000000e+00,0.000000000000000000e+00
7.676237227372124039e+01,0.000000000000000000e+00,0.000000000000000000e+00
7.629597443652252764e+01,0.000000000000000000e+00,0.000000000000000000e+00
7.372711169394897013e+01,0.000000000000000000e+00,0.000000000000000000e+00
7.405559296060675933e+01,0.000000000000000000e+00,0.000000000000000000e+00
7.379458197080903403e+01,0.000000000000000000e+00,0.000000000000000000e+00
7.518855050572287269e+01,0.000000000000000000e+00,0.000000000000000000e+00
7.870491236915360389e+01,0.000000000000000000e+00,0.000000000000000000e+00
7.483345810819730559e+01,0.000000000000000000e+00,0.000000000000000000e+00
7.852085068486158548e+01,0.000000000000000000e+00,0.000000000000000000e+00
7.744407050632725031e+01,0.000000000000000000e+00,0.000000000000000000e+00
7.454023744878583102e+01,0.000000000000000000e+00,0.000000000000000000e+00
7.507286742277537428e+01,0.000000000000000000e+00,0.000000000000000000e+00
7.288572833461878986e+01,0.000000000000000000e+00,0.000000000000000000e+00
7.089205449197903874e+01,0.000000000000000000e+00,0.000000000000000000e+00
7.162647780240760653e+01,0.000000000000000000e+00,0.000000000000000000e+00
7.239617488376630661e+01,0.000000000000000000e+00,0.000000000000000000e+00
7.462800662333570756e+01,0.000000000000000000e+00,0.000000000000000000e+00
7.580649323185771493e+01,0.000000000000000000e+00,0.000000000000000000e+00
7.246344762856490718e+01,0.000000000000000000e+00,0.000000000000000000e+00
7.600214855827950089e+01,0.000000000000000000e+00,0.000000000000000000e+00
7.372569882942579511e+01,0.000000000000000000e+00,0.000000000000000000e+00
7.707594519167325586e+01,0.000000000000000000e+00,0.000000000000000000e+00
7.046013234454508734e+01,0.000000000000000000e+00,0.000000000000000000e+00
7.046109258942099984e+01,0.000000000000000000e+00,0.000000000000000000e+00
7.382934827841393144e+01,0.000000000000000000e+00,0.000000000000000000e+00
7.581182495043505298e+01,0.000000000000000000e+00,0.000000000000000000e+00
7.463818427178475190e+01,0.000000000000000000e+00,0.000000000000000000e+00
7.361850962395251941e+01,0.000000000000000000e+00,0.000000000000000000e+00
7.536179138117043408e+01,0.000000000000000000e+00,0.000000000000000000e+00
7.295309227723595313e+01,0.000000000000000000e+00,0.000000000000000000e+00
7.408571955763845551e+01,0.000000000000000000e+00,0.000000000000000000e+00
7.195315879319211660e+01,0.000000000000000000e+00,0.000000000000000000e+00
7.307127994201368892e+01,0.000000000000000000e+00,0.000000000000000000e+00
7.575460571487353434e+01,0.000000000000000000e+00,0.000000000000000000e+00
7.414145929423249015e+01,0.000000000000000000e+00,0.000000000000000000e+00
7.257145570519594457e+01,0.000000000000000000e+00,0.000000000000000000e+00
7.484078844041344780e+01,0.000000000000000000e+00,0.000000000000000000e+00
7.218412806918260571e+01,0.000000000000000000e+00,0.000000000000000000e+00
7.382053373118128548e+01,0.000000000000000000e+00,0.000000000000000000e+00
7.495849621852924827e+01,0.000000000000000000e+00,0.000000000000000000e+00
7.315906199031431356e+01,0.000000000000000000e+00,0.000000000000000000e+00
7.422020884914795147e+01,0.000000000000000000e+00,0.000000000000000000e+00
7.780990641249999840e+01,0.000000000000000000e+00,0.000000000000000000e+00
7.316656333920043664e+01,0.000000000000000000e+00,0.000000000000000000e+00
7.160039753990682243e+01,0.000000000000000000e+00,0.000000000000000000e+00
7.019292356293871649e+01,0.000000000000000000e+00,0.000000000000000000e+00
7.360931697310660127e+01,0.000000000000000000e+00,0.000000000000000000e+00
7.498119679044910413e+01,0.000000000000000000e+00,0.000000000000000000e+00
7.402766225364288744e+01,0.000000000000000000e+00,0.000000000000000000e+00
7.143976804577151540e+01,0.000000000000000000e+00,0.000000000000000000e+00
7.763058203486977504e+01,0.000000000000000000e+00,0.000000000000000000e+00
7.182161197824427745e+01,0.000000000000000000e+00,0.000000000000000000e+00
7.441151171295518907e+01,0.000000000000000000e+00,0.000000000000000000e+00
7.211745224585843062e+01,0.000000000000000000e+00,0.000000000000000000e+00
6.964209554650933853e+01,0.000000000000000000e+00,0.000000000000000000e+00
7.313212391570525028e+01,0.000000000000000000e+00,0.000000000000000000e+00
7.435253382095301333e+01,0.000000000000000000e+00,0.000000000000000000e+00
7.370628805840385667e+01,0.000000000000000000e+00,0.000000000000000000e+00
7.549905691220583037e+01,0.000000000000000000e+00,0.000000000000000000e+00
7.195171285554951623e+01,0.000000000000000000e+00,0.000000000000000000e+00
7.205899759407667204e+01,0.000000000000000000e+00,0.000000000000000000e+00
7.430145113284643799e+01,0.000000000000000000e+00,0.000000000000000000e+00
7.172647071563775967e+01,0.000000000000000000e+00,0.000000000000000000e+00
7.125876082580673199e+01,0.000000000000000000e+00,0.000000000000000000e+00
7.218207437782196223e+01,0.000000000000000000e+00,0.000000000000000000e+00
6.982010673548438717e+01,0.000000000000000000e+00,0.000000000000000000e+00
7.402077705470213687e+01,0.000000000000000000e+00,0.000000000000000000e+00
7.152474092625688229e+01,0.000000000000000000e+00,0.000000000000000000e+00
7.279697951959933278e+01,0.000000000000000000e+00,0.000000000000000000e+00
7.480040728291697860e+01,0.000000000000000000e+00,0.000000000000000000e+00
7.249716692297619147e+01,0.000000000000000000e+00,0.000000000000000000e+00
6.870115900304976719e+01,0.000000000000000000e+00,0.000000000000000000e+00
7.019918207673940458e+01,0.000000000000000000e+00,0.000000000000000000e+00
7.279781094976895872e+01,0.000000000000000000e+00,0.000000000000000000e+00
7.278970243590100608e+01,0.000000000000000000e+00,0.000000000000000000e+00
7.248875105277052455e+01,0.000000000000000000e+00,0.000000000000000000e+00
7.387788555818060843e+01,0.000000000000000000e+00,0.000000000000000000e+00
7.218465655933469804e+01,0.000000000000000000e+00,0.000000000000000000e+00
7.112640566029077149e+01,0.000000000000000000e+00,0.000000000000000000e+00
6.979278650945931872e+01,0.000000000000000000e+00,0.000000000000000000e+00
7.305060832338617161e+01,0.000000000000000000e+00,0.000000000000000000e+00
7.135079016466829671e+01,0.000000000000000000e+00,0.000000000000000000e+00
7.175508770062297970e+01,0.000000000000000000e+00,0.000000000000000000e+00
7.328651400154318196e+01,0.000000000000000000e+00,0.000000000000000000e+00
7.038836107317487745e+01,0.000000000000000000e+00,0.000000000000000000e+00
7.185270412099164616e+01,0.000000000000000000e+00,0.000000000000000000e+00
6.890102845459054492e+01,0.000000000000000000e+00,0.000000000000000000e+00
7.334303904483908809e+01,0.000000000000000000e+00,0.000000000000000000e+00
7.091164741676385574e+01,0.000000000000000000e+00,0.000000000000000000e+00
7.213105571509990455e+01,0.000000000000000000e+00,0.000000000000000000e+00
7.261101466854039188e+01,0.000000000000000000e+00,0.000000000000000000e+00
7.100011193194610826e+01,0.000000000000000000e+00,0.000000000000000000e+00
7.326089953821644940e+01,0.000000000000000000e+00,0.000000000000000000e+00
7.046107264643804058e+01,0.000000000000000000e+00,0.000000000000000000e+00
6.951560478296435974e+01,0.000000000000000000e+00,0.000000000000000000e+00
7.030612469479932258e+01,0.000000000000000000e+00,0.000000000000000000e+00
6.844525112952992174e+01,0.000000000000000000e+00,0.000000000000000000e+00
6.990035852424878726e+01,0.000000000000000000e+00,0.000000000000000000e+00
6.976815294736788076e+01,0.000000000000000000e+00,0.000000000000000000e+00
7.121351652824999690e+01,0.000000000000000000e+00,0.000000000000000000e+00
7.091478787102560943e+01,0.000000000000000000e+00,0.000000000000000000e+00
6.830119344023357542e+01,0.000000000000000000e+00,0.000000000000000000e+00
7.079682220218398925e+01,0.000000000000000000e+00,0.000000000000000000e+00
7.012111407769820914e+01,0.000000000000000000e+00,0.000000000000000000e+00
6.833596533459656541e+01,0.000000000000000000e+00,0.000000000000000000e+00
6.788629059705738200e+01,0.000000000000000000e+00,0.000000000000000000e+00
7.290810470934080456e+01,0.000000000000000000e+00,0.000000000000000000e+00
6.974481517556691301e+01,0.000000000000000000e+00,0.000000000000000000e+00
7.138786491798599343e+01,0.000000000000000000e+00,0.000000000000000000e+00
7.215249507409414775e+01,0.000000000000000000e+00,0.000000000000000000e+00
7.002723690585706606e+01,0.000000000000000000e+00,0.000000000000000000e+00
6.872198238246338065e+01,0.000000000000000000e+00,0.000000000000000000e+00
6.803179075308761981e+01,0.000000000000000000e+00,0.000000000000000000e+00
6.979602819918228818e+01,0.000000000000000000e+00,0.000000000000000000e+00
6.966310215492006819e+01,0.000000000000000000e+00,0.000000000000000000e+00
6.786624086917174736e+01,0.000000000000000000e+00,0.000000000000000000e+00
7.378391683012202407e+01,0.000000000000000000e+00,0.000000000000000000e+00
7.018039664711584180e+01,0.000000000000000000e+00,0.000000000000000000e+00
6.940237154678746379e+01,0.000000000000000000e+00,0.000000000000000000e+00
6.876474999717596859e+01,0.000000000000000000e+00,0.000000000000000000e+00
7.016219461779681410e+01,0.000000000000000000e+00,0.000000000000000000e+00
6.791375595813926225e+01,0.000000000000000000e+00,0.000000000000000000e+00
6.620594290606111088e+01,0.000000000000000000e+00,0.000000000000000000e+00
6.872797082604392926e+01,0.000000000000000000e+00,0.000000000000000000e+00
7.009768735278437646e+01,0.000000000000000000e+00,0.000000000000000000e+00
7.147504128488758113e+01,0.000000000000000000e+00,0.000000000000000000e+00
6.754294972827059951e+01,0.000000000000000000e+00,0.000000000000000000e+00
6.843068663905100379e+01,0.000000000000000000e+00,0.000000000000000000e+00
6.963293464287592371e+01,0.000000000000000000e+00,0.000000000000000000e+00
6.990472001645439093e+01,0.000000000000000000e+00,0.000000000000000000e+00
6.840560985516002290e+01,0.000000000000000000e+00,0.000000000000000000e+00
6.732041859852769505e+01,0.000000000000000000e+00,0.000000000000000000e+00
6.998023012134238741e+01,0.000000000000000000e+00,0.000000000000000000e+00
6.642126509240863186e+01,0.000000000000000000e+00,0.000000000000000000e+00
6.867876054186406520e+01,0.000000000000000000e+00,0.000000000000000000e+00
6.670512120758185404e+01,0.000000000000000000e+00,0.000000000000000000e+00
7.058821211944992058e+01,0.000000000000000000e+00,0.000000000000000000e+00
6.876803004813906739e+01,0.000000000000000000e+00,0.000000000000000000e+00
6.856227853083642287e+01,0.000000000000000000e+00,0.000000000000000000e+00
6.475519839141855982e+01,0.000000000000000000e+00,0.000000000000000000e+00
6.644551556748922394e+01,0.000000000000000000e+00,0.000000000000000000e+00
7.055506503540071606e+01,0.000000000000000000e+00,0.000000000000000000e+00
6.962638291511147770e+01,0.000000000000000000e+00,0.000000000000000000e+00
6.903072923673899197e+01,0.000000000000000000e+00,0.000000000000000000e+00
6.926514471488258096e+01,0.000000000000000000e+00,0.000000000000000000e+00
6.469573002456090194e+01,0.000000000000000000e+00,0.000000000000000000e+00
6.828846355121615375e+01,0.000000000000000000e+00,0.000000000000000000e+00
6.887031029507804192e+01,0.000000000000000000e+00,0.000000000000000000e+00
6.857767046753284035e+01,0.000000000000000000e+00,0.000000000000000000e+00
7.224126859011380475e+01,0.000000000000000000e+00,0.000000000000000000e+00
6.386663374682851924e+01,0.000000000000000000e+00,0.000000000000000000e+00
6.862223538832186875e+01,0.000000000000000000e+00,0.000000000000000000e+00
6.492718180781776027e+01,0.000000000000000000e+00,0.000000000000000000e+00
6.763769730682635384e+01,0.000000000000000000e+00,0.000000000000000000e+00
6.412580033519672895e+01,0.000000000000000000e+00,0.000000000000000000e+00
6.297664679371524699e+01,0.000000000000000000e+00,0.000000000000000000e+00
6.609406001265638508e+01,0.000000000000000000e+00,0.000000000000000000e+00
6.712078446359484474e+01,0.000000000000000000e+00,0.000000000000000000e+00
6.617294954695410070e+01,0.000000000000000000e+00,0.000000000000000000e+00
6.588597080386566063e+01,0.000000000000000000e+00,0.000000000000000000e+00
6.129191481761572646e+01,0.000000000000000000e+00,0.000000000000000000e+00
6.820732427187742530e+01,0.000000000000000000e+00,0.000000000000000000e+00
6.563541908634519473e+01,0.000000000000000000e+00,0.000000000000000000e+00
6.956482169304408103e+01,0.000000000000000000e+00,0.000000000000000000e+00
6.566971856336915891e+01,0.000000000000000000e+00,0.000000000000000000e+00
6.610412572682331245e+01,0.000000000000000000e+00,0.000000000000000000e+00
6.949414951387961992e+01,0.000000000000000000e+00,0.000000000000000000e+00
6.342247480652656577e+01,0.000000000000000000e+00,0.000000000000000000e+00
6.682944466894694813e+01,0.000000000000000000e+00,0.000000000000000000e+00
6.725250760044917797e+01,0.000000000000000000e+00,0.000000000000000000e+00
6.287136402908070210e+01,0.000000000000000000e+00,0.000000000000000000e+00
6.304234037879766817e+01,0.000000000000000000e+00,0.000000000000000000e+00
6.716584015756394876e+01,0.000000000000000000e+00,0.000000000000000000e+00
7.241308775389312302e+01,0.000000000000000000e+00,0.000000000000000000e+00
6.531945858494080426e+01,0.000000000000000000e+00,0.000000000000000000e+00
6.321127360800876716e+01,0.000000000000000000e+00,0.000000000000000000e+00
6.525262112219655819e+01,0.000000000000000000e+00,0.000000000000000000e+00
6.845971469481042959e+01,0.000000000000000000e+00,0.000000000000000000e+00
6.444068957882431903e+01,0.000000000000000000e+00,0.000000000000000000e+00
6.346398593150614431e+01,0.000000000000000000e+00,0.000000000000000000e+00
6.623575480113221658e+01,0.000000000000000000e+00,0.000000000000000000e+00
6.357525761782201101e+01,0.000000000000000000e+00,0.000000000000000000e+00
6.279601871364836541e+01,0.000000000000000000e+00,0.000000000000000000e+00
6.370617889489965080e+01,0.000000000000000000e+00,0.000000000000000000e+00
6.560044911419711866e+01,0.000000000000000000e+00,0.000000000000000000e+00
6.485934553210725539e+01,0.000000000000000000e+00,0.000000000000000000e+00
6.418685245118072658e+01,0.000000000000000000e+00,0.000000000000000000e+00
6.000689818831850175e+01,0.000000000000000000e+00,0.000000000000000000e+00
6.457862429874508337e+01,0.000000000000000000e+00,0.000000000000000000e+00
6.372366884471662729e+01,0.000000000000000000e+00,0.000000000000000000e+00
6.239074506626851502e+01,0.000000000000000000e+00,0.000000000000000000e+00
6.565165695265052648e+01,0.000000000000000000e+00,0.000000000000000000e+00
6.337969144706335101e+01,0.000000000000000000e+00,0.000000000000000000e+00
6.730947708026963028e+01,0.000000000000000000e+00,0.000000000000000000e+00
6.441537852528091435e+01,0.000000000000000000e+00,0.000000000000000000e+00
6.424998793988476109e+01,0.000000000000000000e+00,0.000000000000000000e+00
6.254470408771414469e+01,0.000000000000000000e+00,0.000000000000000000e+00
6.536247151136630862e+01,0.000000000000000000e+00,0.000000000000000000e+00
6.554518305202292083e+01,0.000000000000000000e+00,0.000000000000000000e+00
6.176067744823562577e+01,0.000000000000000000e+00,0.000000000000000000e+00
6.329637145817525834e+01,0.000000000000000000e+00,0.000000000000000000e+00
6.242789072065996692e+01,0.000000000000000000e+00,0.000000000000000000e+00
6.636287519632818999e+01,0.000000000000000000e+00,0.000000000000000000e+00
5.982284780700757665e+01,0.000000000000000000e+00,0.000000000000000000e+00
6.658622285047408695e+01,0.000000000000000000e+00,0.000000000000000000e+00
6.695457183131914292e+01,0.000000000000000000e+00,0.000000000000000000e+00
6.475633974844978979e+01,0.000000000000000000e+00,0.000000000000000000e+00
6.232573020445119738e+01,0.000000000000000000e+00,0.000000000000000000e+00
6.116386859171146995e+01,0.000000000000000000e+00,0.000000000000000000e+00
6.638436477599523755e+01,0.000000000000000000e+00,0.000000000000000000e+00
6.516614346186500484e+01,0.000000000000000000e+00,0.000000000000000000e+00
6.269258837870192025e+01,0.000000000000000000e+00,0.000000000000000000e+00
6.128438366518942360e+01,0.000000000000000000e+00,0.000000000000000000e+00
6.262703406937698247e+01,0.000000000000000000e+00,0.000000000000000000e+00
5.803415421228137205e+01,0.000000000000000000e+00,0.000000000000000000e+00
6.055627008541915046e+01,0.000000000000000000e+00,0.000000000000000000e+00
6.448260606133003137e+01,0.000000000000000000e+00,0.000000000000000000e+00
6.366828058311878635e+01,0.000000000000000000e+00,0.000000000000000000e+00
6.223005412797323999e+01,0.000000000000000000e+00,0.000000000000000000e+00
6.165178016014997553e+01,0.000000000000000000e+00,0.000000000000000000e+00
6.594020773828219717e+01,0.000000000000000000e+00,0.000000000000000000e+00
6.232302241279221988e+01,0.000000000000000000e+00,0.000000000000000000e+00
6.183291005515466310e+01,0.000000000000000000e+00,0.000000000000000000e+00
6.283696739252150820e+01,0.000000000000000000e+00,0.000000000000000000e+00
6.142889489544472781e+01,0.000000000000000000e+00,0.000000000000000000e+00
6.325574732810596146e+01,0.000000000000000000e+00,0.000000000000000000e+00
6.206756791649620908e+01,0.000000000000000000e+00,0.000000000000000000e+00
6.622270305836428861e+01,0.000000000000000000e+00,0.000000000000000000e+00
5.852294752483525997e+01,0.000000000000000000e+00,0.000000000000000000e+00
6.208679409326575183e+01,0.000000000000000000e+00,0.000000000000000000e+00
6.301702907845765367e+01,0.000000000000000000e+00,0.000000000000000000e+00
6.187108973498907005e+01,0.000000000000000000e+00,0.000000000000000000e+00
6.296287093759709563e+01,0.000000000000000000e+00,0.000000000000000000e+00
6.161247196917284441e+01,0.000000000000000000e+00,0.000000000000000000e+00
5.941645587389917438e+01,0.000000000000000000e+00,0.000000000000000000e+00
5.961335172430009521e+01,0.000000000000000000e+00,0.000000000000000000e+00
5.818988777581353133e+01,0.000000000000000000e+00,0.000000000000000000e+00
6.137354094243089975e+01,0.000000000000000000e+00,0.000000000000000000e+00
6.015806925059884946e+01,0.000000000000000000e+00,0.000000000000000000e+00
6.430598264312578749e+01,0.000000000000000000e+00,0.000000000000000000e+00
6.270596446722006334e+01,0.000000000000000000e+00,0.000000000000000000e+00
6.092983827290793641e+01,0.000000000000000000e+00,0.000000000000000000e+00
5.861405517025944079e+01,0.000000000000000000e+00,0.000000000000000000e+00
6.013131207771833431e+01,0.000000000000000000e+00,0.000000000000000000e+00
6.079422485325923020e+01,0.000000000000000000e+00,0.000000000000000000e+00
6.370002832142653659e+01,0.000000000000000000e+00,0.000000000000000000e+00
5.835225683279055886e+01,0.000000000000000000e+00,0.000000000000000000e+00
5.876540518146508418e+01,0.000000000000000000e+00,0.000000000000000000e+00
6.180619273969053040e+01,0.000000000000000000e+00,0.000000000000000000e+00
6.023887904331823506e+01,0.000000000000000000e+00,0.000000000000000000e+00
5.857801744625810159e+01,0.000000000000000000e+00,0.000000000000000000e+00
6.277602039600721184e+01,0.000000000000000000e+00,0.000000000000000000e+00
6.002192343352885473e+01,0.000000000000000000e+00,0.000000000000000000e+00
5.729904347758747463e+01,0.000000000000000000e+00,0.000000000000000000e+00
5.856495283496124671e+01,0.000000000000000000e+00,0.000000000000000000e+00
5.970073539715737354e+01,0.000000000000000000e+00,0.000000000000000000e+00
6.186029592622991657e+01,0.000000000000000000e+00,0.000000000000000000e+00
5.562722662003757534e+01,0.000000000000000000e+00,0.000000000000000000e+00
5.591121641031514855e+01,0.000000000000000000e+00,0.000000000000000000e+00
6.223976191681677506e+01,0.000000000000000000e+00,0.000000000000000000e+00
6.110749326543378146e+01,0.000000000000000000e+00,0.000000000000000000e+00
6.018706323782764400e+01,0.000000000000000000e+00,0.000000000000000000e+00
5.879250394404525082e+01,0.000000000000000000e+00,0.000000000000000000e+00
5.967903709097952714e+01,0.000000000000000000e+00,0.000000000000000000e+00
5.990278804716510308e+01,0.000000000000000000e+00,0.000000000000000000e+00
5.373073403138299398e+01,0.000000000000000000e+00,0.000000000000000000e+00
5.591309210211631608e+01,0.000000000000000000e+00,0.000000000000000000e+00
5.920797490217384507e+01,0.000000000000000000e+00,0.000000000000000000e+00
6.093914604893487308e+01,0.000000000000000000e+00,0.000000000000000000e+00
6.055316447934852420e+01,0.000000000000000000e+00,0.000000000000000000e+00
5.883496457273297153e+01,0.000000000000000000e+00,0.000000000000000000e+00
5.777206676336072633e+01,0.000000000000000000e+00,0.000000000000000000e+00
5.477632948467365992e+01,0.000000000000000000e+00,0.000000000000000000e+00
5.952161722204105132e+01,0.000000000000000000e+00,0.000000000000000000e+00
5.652743996728297304e+01,0.000000000000000000e+00,0.000000000000000000e+00
5.355200902149951503e+01,0.000000000000000000e+00,0.000000000000000000e+00
6.224281163903503966e+01,0.000000000000000000e+00,0.000000000000000000e+00
5.552342905600023926e+01,0.000000000000000000e+00,0.000000000000000000e+00
5.791559554935660969e+01,0.000000000000000000e+00,0.000000000000000000e+00
5.790015670582895524e+01,0.000000000000000000e+00,0.000000000000000000e+00
5.733398652499965209e+01,0.000000000000000000e+00,0.000000000000000000e+00
6.001167499557503504e+01,0.000000000000000000e+00,0.000000000000000000e+00
5.903571748337842706e+01,0.000000000000000000e+00,0.000000000000000000e+00
5.802318459764619263e+01,0.000000000000000000e+00,0.000000000000000000e+00
5.572633768487211370e+01,0.000000000000000000e+00,0.000000000000000000e+00
5.751969229077909063e+01,0.000000000000000000e+00,0.000000000000000000e+00
5.759411822885387977e+01,0.000000000000000000e+00,0.000000000000000000e+00
5.713048691519036026e+01,0.000000000000000000e+00,0.000000000000000000e+00
5.824910200273060923e+01,0.000000000000000000e+00,0.000000000000000000e+00
5.555819412904867960e+01,0.000000000000000000e+00,0.000000000000000000e+00
5.730031836352844010e+01,0.000000000000000000e+00,0.000000000000000000e+00
5.787577068863944874e+01,0.000000000000000000e+00,0.000000000000000000e+00
5.640361108247289934e+01,0.000000000000000000e+00,0.000000000000000000e+00
5.727002162774579119e+01,0.000000000000000000e+00,0.000000000000000000e+00
5.367140806517212326e+01,0.000000000000000000e+00,0.000000000000000000e+00
5.481279735878897696e+01,0.000000000000000000e+00,0.000000000000000000e+00
5.502814385165306987e+01,0.000000000000000000e+00,0.000000000000000000e+00
5.465152210333562266e+01,0.000000000000000000e+00,0.000000000000000000e+00
5.332247875549396809e+01,0.000000000000000000e+00,0.000000000000000000e+00
5.556703966275356521e+01,0.000000000000000000e+00,0.000000000000000000e+00
5.477923000889369121e+01,0.000000000000000000e+00,0.000000000000000000e+00
5.624326434829160348e+01,0.000000000000000000e+00,0.000000000000000000e+00
5.407588086892752699e+01,0.000000000000000000e+00,0.000000000000000000e+00
5.729622352933508012e+01,0.000000000000000000e+00,0.000000000000000000e+00
5.728481926419400594e+01,0.000000000000000000e+00,0.000000000000000000e+00
5.720490001729466911e+01,0.000000000000000000e+00,0.000000000000000000e+00
5.824098430358262135e+01,0.000000000000000000e+00,0.000000000000000000e+00
5.431575196219760215e+01,0.000000000000000000e+00,0.000000000000000000e+00
5.334894249575199865e+01,0.000000000000000000e+00,0.000000000000000000e+00
5.621429514630985835e+01,0.000000000000000000e+00,0.000000000000000000e+00
5.172435276200695142e+01,0.000000000000000000e+00,0.000000000000000000e+00
5.828067026542069584e+01,0.000000000000000000e+00,0.000000000000000000e+00
5.645756527411303693e+01,0.000000000000000000e+00,0.000000000000000000e+00
5.690515722640211749e+01,0.000000000000000000e+00,0.000000000000000000e+00
5.723461084909374819e+01,0.000000000000000000e+00,0.000000000000000000e+00
5.243248008014381867e+01,0.000000000000000000e+00,0.000000000000000000e+00
5.530423485297726671e+01,0.000000000000000000e+00,0.000000000000000000e+00
5.483725635623670058e+01,0.000000000000000000e+00,0.000000000000000000e+00
5.149330490456950571e+01,0.000000000000000000e+00,0.000000000000000000e+00
5.516898128022400982e+01,0.000000000000000000e+00,0.000000000000000000e+00
5.472298012146703172e+01,0.000000000000000000e+00,0.000000000000000000e+00
5.706023137645011190e+01,0.000000000000000000e+00,0.000000000000000000e+00
5.518575953742837470e+01,0.000000000000000000e+00,0.000000000000000000e+00
5.454696347901504794e+01,0.000000000000000000e+00,0.000000000000000000e+00
5.487412894255709261e+01,0.000000000000000000e+00,0.000000000000000000e+00
5.269213438807791761e+01,0.000000000000000000e+00,0.000000000000000000e+00
5.204417367123141247e+01,0.000000000000000000e+00,0.000000000000000000e+00
5.375884680543187244e+01,0.000000000000000000e+00,0.000000000000000000e+00
5.390371193846831943e+01,0.000000000000000000e+00,0.000000000000000000e+00
5.354168434352119732e+01,0.000000000000000000e+00,0.000000000000000000e+00
5.734654019015520987e+01,0.000000000000000000e+00,0.000000000000000000e+00
5.645177896774184489e+01,0.000000000000000000e+00,0.000000000000000000e+00
5.443780792229275534e+01,0.000000000000000000e+00,0.000000000000000000e+00
5.321253590144170431e+01,0.000000000000000000e+00,0.000000000000000000e+00
5.409292034716452235e+01,0.000000000000000000e+00,0.000000000000000000e+00
5.260106164473159396e+01,0.000000000000000000e+00,0.000000000000000000e+00
5.310994175736218637e+01,0.000000000000000000e+00,0.000000000000000000e+00
5.421839211602477349e+01,0.000000000000000000e+00,0.000000000000000000e+00
5.430535906386166545e+01,0.000000000000000000e+00,0.000000000000000000e+00
5.660080224729892961e+01,0.000000000000000000e+00,0.000000000000000000e+00
5.405632315507729402e+01,0.000000000000000000e+00,0.000000000000000000e+00
5.329287451453823365e+01,0.000000000000000000e+00,0.000000000000000000e+00
5.024960161858080454e+01,0.000000000000000000e+00,0.000000000000000000e+00
5.560643371302604265e+01,0.000000000000000000e+00,0.000000000000000000e+00
5.106326606547310831e+01,0.000000000000000000e+00,0.000000000000000000e+00
4.727105582420176688e+01,0.000000000000000000e+00,0.000000000000000000e+00
5.279720888598766493e+01,0.000000000000000000e+00,0.000000000000000000e+00
5.114846195685211683e+01,0.000000000000000000e+00,0.000000000000000000e+00
5.362584983197393029e+01,0.000000000000000000e+00,0.000000000000000000e+00
4.973903984679592583e+01,0.000000000000000000e+00,0.000000000000000000e+00
4.963997862693042862e+01,0.000000000000000000e+00,0.000000000000000000e+00
5.310914799375887441e+01,0.000000000000000000e+00,0.000000000000000000e+00
5.358878638077423062e+01,0.000000000000000000e+00,0.000000000000000000e+00
5.098320329990193045e+01,0.000000000000000000e+00,0.000000000000000000e+00
5.042974702037113843e+01,0.000000000000000000e+00,0.000000000000000000e+00
5.415632042906244692e+01,0.000000000000000000e+00,0.000000000000000000e+00
5.031179587870938974e+01,0.000000000000000000e+00,0.000000000000000000e+00
5.095048458709423045e+01,0.000000000000000000e+00,0.000000000000000000e+00
5.055595250860461221e+01,0.000000000000000000e+00,0.000000000000000000e+00
5.113063859968013958e+01,0.000000000000000000e+00,0.000000000000000000e+00
5.110563013624928885e+01,0.000000000000000000e+00,0.000000000000000000e+00
4.859980800666417622e+01,0.000000000000000000e+00,0.000000000000000000e+00
4.975508194059376876e+01,0.000000000000000000e+00,0.000000000000000000e+00
5.155778489606161230e+01,0.000000000000000000e+00,0.000000000000000000e+00
5.186332214933484863e+01,0.000000000000000000e+00,0.000000000000000000e+00
4.990666872631399542e+01,0.000000000000000000e+00,0.000000000000000000e+00
5.099781459306873899e+01,0.000000000000000000e+00,0.000000000000000000e+00
5.471286354429954457e+01,0.000000000000000000e+00,0.000000000000000000e+00
4.947061169973036954e+01,0.000000000000000000e+00,0.000000000000000000e+00
5.032574879031247406e+01,0.000000000000000000e+00,0.000000000000000000e+00
5.230453505175402285e+01,0.000000000000000000e+00,0.000000000000000000e+00
5.108843998365387762e+01,0.000000000000000000e+00,0.000000000000000000e+00
5.156127444370194723e+01,0.000000000000000000e+00,0.000000000000000000e+00
4.454817971202428595e+01,0.000000000000000000e+00,0.000000000000000000e+00
4.854141312906473615e+01,0.000000000000000000e+00,0.000000000000000000e+00
4.847386104116347383e+01,0.000000000000000000e+00,0.000000000000000000e+00
4.831657548521818768e+01,0.000000000000000000e+00,0.000000000000000000e+00
4.971949193945620493e+01,0.000000000000000000e+00,0.000000000000000000e+00
5.005494042593276305e+01,0.000000000000000000e+00,0.000000000000000000e+00
5.132210717179404469e+01,0.000000000000000000e+00,0.000000000000000000e+00
4.681376305271296445e+01,0.000000000000000000e+00,0.000000000000000000e+00
4.855608147230555005e+01,0.000000000000000000e+00,0.000000000000000000e+00
5.112694586987405643e+01,0.000000000000000000e+00,0.000000000000000000e+00
4.982010575511392858e+01,0.000000000000000000e+00,0.000000000000000000e+00
4.884745658540389002e+01,0.000000000000000000e+00,0.000000000000000000e+00
5.608204034569523344e+01,0.000000000000000000e+00,0.000000000000000000e+00
5.044049692402383300e+01,0.000000000000000000e+00,0.000000000000000000e+00
5.014645489396269795e+01,0.000000000000000000e+00,0.000000000000000000e+00
4.948092548243832312e+01,0.000000000000000000e+00,0.000000000000000000e+00
4.957934596499602975e+01,0.000000000000000000e+00,0.000000000000000000e+00
5.201560232767472058e+01,0.000000000000000000e+00,0.000000000000000000e+00
4.971696759834978252e+01,0.000000000000000000e+00,0.000000000000000000e+00
4.721357984628216542e+01,0.000000000000000000e+00,0.000000000000000000e+00
5.140205540108229343e+01,0.000000000000000000e+00,0.000000000000000000e+00
4.921252012800812992e+01,0.000000000000000000e+00,0.000000000000000000e+00
4.717374286885827672e+01,0.000000000000000000e+00,0.000000000000000000e+00
4.858700392288285741e+01,0.000000000000000000e+00,0.000000000000000000e+00
5.173824663494090714e+01,0.000000000000000000e+00,0.000000000000000000e+00
4.792405423413799070e+01,0.000000000000000000e+00,0.000000000000000000e+00
4.875918374327117988e+01,0.000000000000000000e+00,0.000000000000000000e+00
4.665725171409635408e+01,0.000000000000000000e+00,0.000000000000000000e+00
4.672355244734816893e+01,0.000000000000000000e+00,0.000000000000000000e+00
4.931257692191181263e+01,0.000000000000000000e+00,0.000000000000000000e+00
4.632862703543304406e+01,0.000000000000000000e+00,0.000000000000000000e+00
5.174813426974176167e+01,0.000000000000000000e+00,0.000000000000000000e+00
4.665354268633388557e+01,0.000000000000000000e+00,0.000000000000000000e+00
4.416846930638994451e+01,0.000000000000000000e+00,0.000000000000000000e+00
4.973624261907085042e+01,0.000000000000000000e+00,0.000000000000000000e+00
5.027362321320794081e+01,0.000000000000000000e+00,0.000000000000000000e+00
4.483220351765239542e+01,0.000000000000000000e+00,0.000000000000000000e+00
4.513756530965532932e+01,0.000000000000000000e+00,0.000000000000000000e+00
4.589847653983252229e+01,0.000000000000000000e+00,0.000000000000000000e+00
4.568491778373835643e+01,0.000000000000000000e+00,0.000000000000000000e+00
4.885669094258904721e+01,0.000000000000000000e+00,0.000000000000000000e+00
4.704477832159378892e+01,0.000000000000000000e+00,0.000000000000000000e+00
4.544308593954593078e+01,0.000000000000000000e+00,0.000000000000000000e+00
4.734457016104685323e+01,0.000000000000000000e+00,0.000000000000000000e+00
4.608053822234540320e+01,0.000000000000000000e+00,0.000000000000000000e+00
4.911687018733034193e+01,0.000000000000000000e+00,0.000000000000000000e+00
4.320611835464260508e+01,0.000000000000000000e+00,0.000000000000000000e+00
4.360124120973902961e+01,0.000000000000000000e+00,0.000000000000000000e+00
4.732856491789718945e+01,0.000000000000000000e+00,0.000000000000000000e+00
4.691785496227459618e+01,0.000000000000000000e+00,0.000000000000000000e+00
4.521400662906280132e+01,0.000000000000000000e+00,0.000000000000000000e+00
4.881887502065800533e+01,0.000000000000000000e+00,0.000000000000000000e+00
4.851236312353479718e+01,0.000000000000000000e+00,0.000000000000000000e+00
4.664721597241937445e+01,0.000000000000000000e+00,0.000000000000000000e+00
4.851458108609874387e+01,0.000000000000000000e+00,0.000000000000000000e+00
4.989789984205217621e+01,0.000000000000000000e+00,0.000000000000000000e+00
4.153833015634970849e+01,0.000000000000000000e+00,0.000000000000000000e+00
4.719961571797433209e+01,0.000000000000000000e+00,0.000000000000000000e+00
4.639289641925022067e+01,0.000000000000000000e+00,0.000000000000000000e+00
4.342111242702408447e+01,0.000000000000000000e+00,0.000000000000000000e+00
4.823333725634974201e+01,0.000000000000000000e+00,0.000000000000000000e+00
4.643462040002543034e+01,0.000000000000000000e+00,0.000000000000000000e+00
4.794637358461317689e+01,0.000000000000000000e+00,0.000000000000000000e+00
4.368965382809729903e+01,0.000000000000000000e+00,0.000000000000000000e+00
4.473963868027279744e+01,0.000000000000000000e+00,0.000000000000000000e+00
4.343285953787989229e+01,0.000000000000000000e+00,0.000000000000000000e+00
4.177752571759123157e+01,0.000000000000000000e+00,0.000000000000000000e+00
4.694807618103521207e+01,0.000000000000000000e+00,0.000000000000000000e+00
4.711111392614870397e+01,0.000000000000000000e+00,0.000000000000000000e+00
4.223049790879613852e+01,0.000000000000000000e+00,0.000000000000000000e+00
4.339938573276597822e+01,0.000000000000000000e+00,0.000000000000000000e+00
4.264390534076157024e+01,0.000000000000000000e+00,0.000000000000000000e+00
4.684540148471484144e+01,0.000000000000000000e+00,0.000000000000000000e+00
4.629059513737911402e+01,0.000000000000000000e+00,0.000000000000000000e+00
4.329764211127985618e+01,0.000000000000000000e+00,0.000000000000000000e+00
4.454244045195222412e+01,0.000000000000000000e+00,0.000000000000000000e+00
4.227019985621874554e+01,0.000000000000000000e+00,0.000000000000000000e+00
4.557170012043464169e+01,0.000000000000000000e+00,0.000000000000000000e+00
4.924356543738717562e+01,0.000000000000000000e+00,0.000000000000000000e+00
4.457764429096905445e+01,0.000000000000000000e+00,0.000000000000000000e+00
4.150876177852469340e+01,0.000000000000000000e+00,0.000000000000000000e+00
4.406246145137832571e+01,0.000000000000000000e+00,0.000000000000000000e+00
4.377554865759594094e+01,0.000000000000000000e+00,0.000000000000000000e+00
5.064041986935011863e+01,0.000000000000000000e+00,0.000000000000000000e+00
4.499791541940036410e+01,0.000000000000000000e+00,0.000000000000000000e+00
4.406180130640395731e+01,0.000000000000000000e+00,0.000000000000000000e+00
4.307922489420602830e+01,0.000000000000000000e+00,0.000000000000000000e+00
4.230180905769162081e+01,0.000000000000000000e+00,0.000000000000000000e+00
4.039100497298080228e+01,0.000000000000000000e+00,0.000000000000000000e+00
4.304570495468916391e+01,0.000000000000000000e+00,0.000000000000000000e+00
4.187189460297845756e+01,0.000000000000000000e+00,0.000000000000000000e+00
4.114633604832610558e+01,0.000000000000000000e+00,0.000000000000000000e+00
4.008786008148739199e+01,0.000000000000000000e+00,0.000000000000000000e+00
4.613950137047494593e+01,0.000000000000000000e+00,0.000000000000000000e+00
4.029411460211354523e+01,0.000000000000000000e+00,0.000000000000000000e+00
4.467171710384652528e+01,0.000000000000000000e+00,0.000000000000000000e+00
4.248509184088052848e+01,0.000000000000000000e+00,0.000000000000000000e+00
4.041601718753406658e+01,0.000000000000000000e+00,0.000000000000000000e+00
4.407873046913420723e+01,0.000000000000000000e+00,0.000000000000000000e+00
4.651157958477013210e+01,0.000000000000000000e+00,0.000000000000000000e+00
4.339763375211281016e+01,0.000000000000000000e+00,0.000000000000000000e+00
4.100399620210944107e+01,0.000000000000000000e+00,0.000000000000000000e+00
3.727388783792095239e+01,0.000000000000000000e+00,0.000000000000000000e+00
4.430469570621986719e+01,0.000000000000000000e+00,0.000000000000000000e+00
4.198020583292827723e+01,0.000000000000000000e+00,0.000000000000000000e+00
4.064252765402600431e+01,0.000000000000000000e+00,0.000000000000000000e+00
4.151283939086120256e+01,0.000000000000000000e+00,0.000000000000000000e+00
4.069138653459294375e+01,0.000000000000000000e+00,0.000000000000000000e+00
4.288421134983575200e+01,0.000000000000000000e+00,0.000000000000000000e+00
3.946665463915980609e+01,0.000000000000000000e+00,0.000000000000000000e+00
4.263650502595412917e+01,0.000000000000000000e+00,0.000000000000000000e+00
4.444219945562794294e+01,0.000000000000000000e+00,0.000000000000000000e+00
3.979234682265391143e+01,0.000000000000000000e+00,0.000000000000000000e+00
4.179820554853513670e+01,0.000000000000000000e+00,0.000000000000000000e+00
3.879396175090384702e+01,0.000000000000000000e+00,0.000000000000000000e+00
3.854978762512496360e+01,0.000000000000000000e+00,0.000000000000000000e+00
4.036410422782056173e+01,0.000000000000000000e+00,0.000000000000000000e+00
4.131203195215999102e+01,0.000000000000000000e+00,0.000000000000000000e+00
4.288211597013722098e+01,0.000000000000000000e+00,0.000000000000000000e+00
3.759092959877740725e+01,0.000000000000000000e+00,0.000000000000000000e+00
4.118258447269631262e+01,0.000000000000000000e+00,0.000000000000000000e+00
4.053668006557357728e+01,0.000000000000000000e+00,0.000000000000000000e+00
3.855826763832730819e+01,0.000000000000000000e+00,0.000000000000000000e+00
4.411523508389997517e+01,0.000000000000000000e+00,0.000000000000000000e+00
3.884269124425240705e+01,0.000000000000000000e+00,0.000000000000000000e+00
4.210724777539858366e+01,0.000000000000000000e+00,0.000000000000000000e+00
4.315091059443817301e+01,0.000000000000000000e+00,0.000000000000000000e+00
3.649955132388838308e+01,0.000000000000000000e+00,0.000000000000000000e+00
4.116773439113180899e+01,0.000000000000000000e+00,0.000000000000000000e+00
3.626325012710803719e+01,0.000000000000000000e+00,0.000000000000000000e+00
3.950868254151544789e+01,0.000000000000000000e+00,0.000000000000000000e+00
4.093621365417213553e+01,0.000000000000000000e+00,0.000000000000000000e+00
3.929848722453498056e+01,0.000000000000000000e+00,0.000000000000000000e+00
3.747666678586462297e+01,0.000000000000000000e+00,0.000000000000000000e+00
3.917222842095058866e+01,0.000000000000000000e+00,0.000000000000000000e+00
3.838445720346483370e+01,0.000000000000000000e+00,0.000000000000000000e+00
3.565976252700335181e+01,0.000000000000000000e+00,0.000000000000000000e+00
3.871215420144643105e+01,0.000000000000000000e+00,0.000000000000000000e+00
3.674810187218363922e+01,0.000000000000000000e+00,0.000000000000000000e+00
4.047006257944570962e+01,0.000000000000000000e+00,0.000000000000000000e+00
4.294883744645515833e+01,0.000000000000000000e+00,0.000000000000000000e+00
3.790663200740838334e+01,0.000000000000000000e+00,0.000000000000000000e+00
3.951328817685065076e+01,0.000000000000000000e+00,0.000000000000000000e+00
3.770711367239147194e+01,0.000000000000000000e+00,0.000000000000000000e+00
3.648805022585938218e+01,0.000000000000000000e+00,0.000000000000000000e+00
3.898664266237549469e+01,0.000000000000000000e+00,0.000000000000000000e+00
3.886762037174912621e+01,0.000000000000000000e+00,0.000000000000000000e+00
3.656096109934654947e+01,0.000000000000000000e+00,0.000000000000000000e+00
4.100943979342267198e+01,0.000000000000000000e+00,0.000000000000000000e+00
3.799046784290276690e+01,0.000000000000000000e+00,0.000000000000000000e+00
3.716731996803306970e+01,0.000000000000000000e+00,0.000000000000000000e+00
3.862104502986723276e+01,0.000000000000000000e+00,0.000000000000000000e+00
3.560688024934484730e+01,0.000000000000000000e+00,0.000000000000000000e+00
3.619089097992753068e+01,0.000000000000000000e+00,0.000000000000000000e+00
4.015237776605742681e+01,0.000000000000000000e+00,0.000000000000000000e+00
3.683916585003056809e+01,0.000000000000000000e+00,0.000000000000000000e+00
3.449510742462196333e+01,0.000000000000000000e+00,0.000000000000000000e+00
3.695123823415302411e+01,0.000000000000000000e+00,0.000000000000000000e+00
3.968969670432210251e+01,0.000000000000000000e+00,0.000000000000000000e+00
3.491395540704319700e+01,0.000000000000000000e+00,0.000000000000000000e+00
3.608255732790649262e+01,0.000000000000000000e+00,0.000000000000000000e+00
4.136801361173512248e+01,0.000000000000000000e+00,0.000000000000000000e+00
3.924667570987532628e+01,0.000000000000000000e+00,0.000000000000000000e+00
3.570074340104453370e+01,0.000000000000000000e+00,0.000000000000000000e+00
3.467669907382826722e+01,0.000000000000000000e+00,0.000000000000000000e+00
4.145474600262512155e+01,0.000000000000000000e+00,0.000000000000000000e+00
3.727425214200524550e+01,0.000000000000000000e+00,0.000000000000000000e+00
3.672252506207242106e+01,0.000000000000000000e+00,0.000000000000000000e+00
3.473654285346944448e+01,0.000000000000000000e+00,0.000000000000000000e+00
3.517178577638231474e+01,0.000000000000000000e+00,0.000000000000000000e+00
3.600409642464147453e+01,0.000000000000000000e+00,0.000000000000000000e+00
4.065042856813026617e+01,0.000000000000000000e+00,0.000000000000000000e+00
3.457228423256750460e+01,0.000000000000000000e+00,0.000000000000000000e+00
3.944267608224955524e+01,0.000000000000000000e+00,0.000000000000000000e+00
3.645803574889439602e+01,0.000000000000000000e+00,0.000000000000000000e+00
3.740726972981962462e+01,0.000000000000000000e+00,0.000000000000000000e+00
3.391541943211925769e+01,0.000000000000000000e+00,0.000000000000000000e+00
2.998637197447034453e+01,0.000000000000000000e+00,0.000000000000000000e+00
3.837173824418238155e+01,0.000000000000000000e+00,0.000000000000000000e+00
3.690640789719838466e+01,0.000000000000000000e+00,0.000000000000000000e+00
3.533882004652028286e+01,0.000000000000000000e+00,0.000000000000000000e+00
3.670797302956051311e+01,0.000000000000000000e+00,0.000000000000000000e+00
3.311253714815509142e+01,0.000000000000000000e+00,0.000000000000000000e+00
3.542030977579581474e+01,0.000000000000000000e+00,0.000000000000000000e+00
3.517211577208160378e+01,0.000000000000000000e+00,0.000000000000000000e+00
3.460536825364560087e+01,0.000000000000000000e+00,0.000000000000000000e+00
3.782613863012454658e+01,0.000000000000000000e+00,0.000000000000000000e+00
3.754324743934826358e+01,0.000000000000000000e+00,0.000000000000000000e+00
3.403381784121839360e+01,0.000000000000000000e+00,0.000000000000000000e+00
3.654608534957011301e+01,0.000000000000000000e+00,0.000000000000000000e+00
3.433701185910773290e+01,0.000000000000000000e+00,0.000000000000000000e+00
3.428028261275153454e+01,0.000000000000000000e+00,0.000000000000000000e+00
3.148004352731621580e+01,0.000000000000000000e+00,0.000000000000000000e+00
3.554158891199497816e+01,0.000000000000000000e+00,0.000000000000000000e+00
3.531648354521627198e+01,0.000000000000000000e+00,0.000000000000000000e+00
3.195247417149769120e+01,0.000000000000000000e+00,0.000000000000000000e+00
3.641110373098359787e+01,0.000000000000000000e+00,0.000000000000000000e+00
3.277566557074253950e+01,0.000000000000000000e+00,0.000000000000000000e+00
3.731880548158865452e+01,0.000000000000000000e+00,0.000000000000000000e+00
3.472566245191676160e+01,0.000000000000000000e+00,0.000000000000000000e+00
3.948093909051014094e+01,0.000000000000000000e+00,0.000000000000000000e+00
3.441516284212960386e+01,0.000000000000000000e+00,0.000000000000000000e+00
3.737661543097133432e+01,0.000000000000000000e+00,0.000000000000000000e+00
3.450178655116063453e+01,0.000000000000000000e+00,0.000000000000000000e+00
3.227896830957255503e+01,0.000000000000000000e+00,0.000000000000000000e+00
3.348798849980962444e+01,0.000000000000000000e+00,0.000000000000000000e+00
3.350277825111006536e+01,0.000000000000000000e+00,0.000000000000000000e+00
3.603024923677428859e+01,0.000000000000000000e+00,0.000000000000000000e+00
3.033628347988178575e+01,0.000000000000000000e+00,0.000000000000000000e+00
3.385893584345016194e+01,0.000000000000000000e+00,0.000000000000000000e+00
3.617849393613672504e+01,0.000000000000000000e+00,0.000000000000000000e+00
3.767647979128709324e+01,0.000000000000000000e+00,0.000000000000000000e+00
3.526826752913135010e+01,0.000000000000000000e+00,0.000000000000000000e+00
3.426949824642355935e+01,0.000000000000000000e+00,0.000000000000000000e+00
3.517229549524131471e+01,0.000000000000000000e+00,0.000000000000000000e+00
3.569412229457844887e+01,0.000000000000000000e+00,0.000000000000000000e+00
3.472898734516853381e+01,0.000000000000000000e+00,0.000000000000000000e+00
3.339567404244738213e+01,0.000000000000000000e+00,0.000000000000000000e+00
3.023570482576251806e+01,0.000000000000000000e+00,0.000000000000000000e+00
3.395460274261466083e+01,0.000000000000000000e+00,0.000000000000000000e+00
3.086194931930531027e+01,0.000000000000000000e+00,0.000000000000000000e+00
3.480673966399598385e+01,0.000000000000000000e+00,0.000000000000000000e+00
3.192901095884541718e+01,0.000000000000000000e+00,0.000000000000000000e+00
3.458169952071727948e+01,0.000000000000000000e+00,0.000000000000000000e+00
3.005888414210370740e+01,0.000000000000000000e+00,0.000000000000000000e+00
3.092116944878548779e+01,0.000000000000000000e+00,0.000000000000000000e+00
3.571775520629289957e+01,0.000000000000000000e+00,0.000000000000000000e+00
3.224515501614312285e+01,0.000000000000000000e+00,0.000000000000000000e+00
3.167378795327958585e+01,0.000000000000000000e+00,0.000000000000000000e+00
3.335722028129973893e+01,0.000000000000000000e+00,0.000000000000000000e+00
3.432492502602988793e+01,0.000000000000000000e+00,0.000000000000000000e+00
3.231710564068131220e+01,0.000000000000000000e+00,0.000000000000000000e+00
3.241357000661303545e+01,0.000000000000000000e+00,0.000000000000000000e+00
3.090948003233627972e+01,0.000000000000000000e+00,0.000000000000000000e+00
3.656724740264898799e+01,0.000000000000000000e+00,0.000000000000000000e+00
3.135945826827688165e+01,0.000000000000000000e+00,0.000000000000000000e+00
3.025585761346471614e+01,0.000000000000000000e+00,0.000000000000000000e+00
3.117010257459451950e+01,0.000000000000000000e+00,0.000000000000000000e+00
2.729838428427983388e+01,0.000000000000000000e+00,0.000000000000000000e+00
3.463702677851325262e+01,0.000000000000000000e+00,0.000000000000000000e+00
3.391298076258666327e+01,0.000000000000000000e+00,0.000000000000000000e+00
3.187418758273583208e+01,0.000000000000000000e+00,0.000000000000000000e+00
3.295197515318867687e+01,0.000000000000000000e+00,0.000000000000000000e+00
3.495482027909144307e+01,0.000000000000000000e+00,0.000000000000000000e+00
3.492877512466991163e+01,0.000000000000000000e+00,0.000000000000000000e+00
3.137534773112839659e+01,0.000000000000000000e+00,0.000000000000000000e+00
3.247206370550460264e+01,0.000000000000000000e+00,0.000000000000000000e+00
3.051537072939101591e+01,0.000000000000000000e+00,0.000000000000000000e+00
3.400769731802813567e+01,0.000000000000000000e+00,0.000000000000000000e+00
3.169838274442465931e+01,0.000000000000000000e+00,0.000000000000000000e+00
3.192743845675347814e+01,0.000000000000000000e+00,0.000000000000000000e+00
3.057755321127055126e+01,0.000000000000000000e+00,0.000000000000000000e+00
3.369836594416144493e+01,0.000000000000000000e+00,0.000000000000000000e+00
3.511885073450206818e+01,0.000000000000000000e+00,0.000000000000000000e+00
3.305542444769745458e+01,0.000000000000000000e+00,0.000000000000000000e+00
3.326232608816999203e+01,0.000000000000000000e+00,0.000000000000000000e+00
3.220980765923536637e+01,0.000000000000000000e+00,0.000000000000000000e+00
2.999137909494602283e+01,0.000000000000000000e+00,0.000000000000000000e+00
2.939727493178315854e+01,0.000000000000000000e+00,0.000000000000000000e+00
3.383944006027751783e+01,0.000000000000000000e+00,0.000000000000000000e+00
3.159327072148088789e+01,0.000000000000000000e+00,0.000000000000000000e+00
2.847666989049361064e+01,0.000000000000000000e+00,0.000000000000000000e+00
3.017377001661957436e+01,0.000000000000000000e+00,0.000000000000000000e+00
2.660143640071909488e+01,0.000000000000000000e+00,0.000000000000000000e+00
3.230116860077263397e+01,0.000000000000000000e+00,0.000000000000000000e+00
3.087162559289967945e+01,0.000000000000000000e+00,0.000000000000000000e+00
2.944162133620320176e+01,0.000000000000000000e+00,0.000000000000000000e+00
3.176643885306814141e+01,0.000000000000000000e+00,0.000000000000000000e+00
2.981747450926791032e+01,0.000000000000000000e+00,0.000000000000000000e+00
2.998633213726298052e+01,0.000000000000000000e+00,0.000000000000000000e+00
3.119735544657033444e+01,0.000000000000000000e+00,0.000000000000000000e+00
3.296470448996831237e+01,0.000000000000000000e+00,0.000000000000000000e+00
3.123781941574844367e+01,0.000000000000000000e+00,0.000000000000000000e+00
3.077667590598078462e+01,0.000000000000000000e+00,0.000000000000000000e+00
3.024587977748646139e+01,0.000000000000000000e+00,0.000000000000000000e+00
2.598680675799376516e+01,0.000000000000000000e+00,0.000000000000000000e+00
2.731928507504717984e+01,0.000000000000000000e+00,0.000000000000000000e+00
3.156601244172516729e+01,0.000000000000000000e+00,0.000000000000000000e+00
3.263214896362027417e+01,0.000000000000000000e+00,0.000000000000000000e+00
2.855909327982520196e+01,0.000000000000000000e+00,0.000000000000000000e+00
2.513002038937437277e+01,0.000000000000000000e+00,0.000000000000000000e+00
3.174109394625682512e+01,0.000000000000000000e+00,0.000000000000000000e+00
2.503133462846697910e+01,0.000000000000000000e+00,0.000000000000000000e+00
3.095864026397735813e+01,0.000000000000000000e+00,0.000000000000000000e+00
2.993302775742662192e+01,0.000000000000000000e+00,0.000000000000000000e+00
2.762270633485047000e+01,0.000000000000000000e+00,0.000000000000000000e+00
2.997651697543916427e+01,0.000000000000000000e+00,0.000000000000000000e+00
2.855225260082963601e+01,0.000000000000000000e+00,0.000000000000000000e+00
2.581104189777512659e+01,0.000000000000000000e+00,0.000000000000000000e+00
3.278937096134959006e+01,0.000000000000000000e+00,0.000000000000000000e+00
3.168337311585570859e+01,0.000000000000000000e+00,0.000000000000000000e+00
3.139228097320324551e+01,0.000000000000000000e+00,0.000000000000000000e+00
3.075776665379271080e+01,0.000000000000000000e+00,0.000000000000000000e+00
2.724070232621410881e+01,0.000000000000000000e+00,0.000000000000000000e+00
2.858684391955700121e+01,0.000000000000000000e+00,0.000000000000000000e+00
3.074726293186906290e+01,0.000000000000000000e+00,0.000000000000000000e+00
2.907390571132865631e+01,0.000000000000000000e+00,0.000000000000000000e+00
2.718501112254642749e+01,0.000000000000000000e+00,0.000000000000000000e+00
2.693011007699697856e+01,0.000000000000000000e+00,0.000000000000000000e+00
2.729517940812310783e+01,0.000000000000000000e+00,0.000000000000000000e+00
2.773934636997477199e+01,0.000000000000000000e+00,0.000000000000000000e+00
2.974087763792323713e+01,0.000000000000000000e+00,0.000000000000000000e+00
2.723370596079545436e+01,0.000000000000000000e+00,0.000000000000000000e+00
2.544739742016007256e+01,0.000000000000000000e+00,0.000000000000000000e+00
2.874050781153199097e+01,0.000000000000000000e+00,0.000000000000000000e+00
2.758372112141457322e+01,0.000000000000000000e+00,0.000000000000000000e+00
2.520398028404988722e+01,0.000000000000000000e+00,0.000000000000000000e+00
2.659421323974077467e+01,0.000000000000000000e+00,0.000000000000000000e+00
2.977726598224896293e+01,0.000000000000000000e+00,0.000000000000000000e+00
2.736428805347066984e+01,0.000000000000000000e+00,0.000000000000000000e+00
2.396167153189112398e+01,0.000000000000000000e+00,0.000000000000000000e+00
3.208932009426949605e+01,0.000000000000000000e+00,0.000000000000000000e+00
2.702187451656988770e+01,0.000000000000000000e+00,0.000000000000000000e+00
2.716325641197264318e+01,0.000000000000000000e+00,0.000000000000000000e+00
2.474150083071703676e+01,0.000000000000000000e+00,0.000000000000000000e+00
2.827119625047524210e+01,0.000000000000000000e+00,0.000000000000000000e+00
2.963549458507077361e+01,0.000000000000000000e+00,0.000000000000000000e+00
3.062758936772081952e+01,0.000000000000000000e+00,0.000000000000000000e+00
2.396433577816643989e+01,0.000000000000000000e+00,0.000000000000000000e+00
2.649992012675709674e+01,0.000000000000000000e+00,0.000000000000000000e+00
2.393105141594634233e+01,0.000000000000000000e+00,0.000000000000000000e+00
2.672152787501374149e+01,0.000000000000000000e+00,0.000000000000000000e+00
2.670227425864112547e+01,0.000000000000000000e+00,0.000000000000000000e+00
2.543313436385402326e+01,0.000000000000000000e+00,0.000000000000000000e+00
2.792756060659115391e+01,0.000000000000000000e+00,0.000000000000000000e+00
2.589091984437363436e+01,0.000000000000000000e+00,0.000000000000000000e+00
2.826569734627885921e+01,0.000000000000000000e+00,0.000000000000000000e+00
2.775260987416958258e+01,0.000000000000000000e+00,0.000000000000000000e+00
3.071589272353424604e+01,0.000000000000000000e+00,0.000000000000000000e+00
2.944197059760827528e+01,0.000000000000000000e+00,0.000000000000000000e+00
2.777511883373084700e+01,0.000000000000000000e+00,0.000000000000000000e+00
2.600741061147136790e+01,0.000000000000000000e+00,0.000000000000000000e+00
2.857663612393750441e+01,0.000000000000000000e+00,0.000000000000000000e+00
2.448470620431929490e+01,0.000000000000000000e+00,0.000000000000000000e+00
2.638543053167005681e+01,0.000000000000000000e+00,0.000000000000000000e+00
2.919844770229270026e+01,0.000000000000000000e+00,0.000000000000000000e+00
2.550617255840502295e+01,0.000000000000000000e+00,0.000000000000000000e+00
2.547234541058426416e+01,0.000000000000000000e+00,0.000000000000000000e+00
2.408710043136900580e+01,0.000000000000000000e+00,0.000000000000000000e+00
3.012264750663624113e+01,0.000000000000000000e+00,0.000000000000000000e+00
2.556608035501706411e+01,0.000000000000000000e+00,0.000000000000000000e+00
2.546028869423277285e+01,0.000000000000000000e+00,0.000000000000000000e+00
2.727202551721579837e+01,0.000000000000000000e+00,0.000000000000000000e+00
2.815394960713000216e+01,0.000000000000000000e+00,0.000000000000000000e+00
2.429056846012559134e+01,0.000000000000000000e+00,0.000000000000000000e+00
2.990155493495681327e+01,0.000000000000000000e+00,0.000000000000000000e+00
2.433907111510042398e+01,0.000000000000000000e+00,0.000000000000000000e+00
2.559283875932285568e+01,0.000000000000000000e+00,0.000000000000000000e+00
2.718482877650631835e+01,0.000000000000000000e+00,0.000000000000000000e+00
2.506775088844703347e+01,0.000000000000000000e+00,0.000000000000000000e+00
2.872307390523287296e+01,0.000000000000000000e+00,0.000000000000000000e+00
2.613933544528996578e+01,0.000000000000000000e+00,0.000000000000000000e+00
2.791330572181942671e+01,0.000000000000000000e+00,0.000000000000000000e+00
2.576075769969401108e+01,0.000000000000000000e+00,0.000000000000000000e+00
2.402031883011252589e+01,0.000000000000000000e+00,0.000000000000000000e+00
2.435159225659334581e+01,0.000000000000000000e+00,0.000000000000000000e+00
2.604482940596270524e+01,0.000000000000000000e+00,0.000000000000000000e+00
2.961989491932521190e+01,0.000000000000000000e+00,0.000000000000000000e+00
2.248964658129626670e+01,0.000000000000000000e+00,0.000000000000000000e+00
2.315515005922889102e+01,0.000000000000000000e+00,0.000000000000000000e+00
2.520632634536456251e+01,0.000000000000000000e+00,0.000000000000000000e+00
2.464703626108510548e+01,0.000000000000000000e+00,0.000000000000000000e+00
2.902688578597976488e+01,0.000000000000000000e+00,0.000000000000000000e+00
2.714162571735066365e+01,0.000000000000000000e+00,0.000000000000000000e+00
2.507487303960497016e+01,0.000000000000000000e+00,0.000000000000000000e+00
2.121039921955056329e+01,0.000000000000000000e+00,0.000000000000000000e+00
2.454948706455522611e+01,0.000000000000000000e+00,0.000000000000000000e+00
2.413006272966017107e+01,0.000000000000000000e+00,0.000000000000000000e+00
2.585030112964686566e+01,0.000000000000000000e+00,0.000000000000000000e+00
2.500956612544290536e+01,0.000000000000000000e+00,0.000000000000000000e+00
2.562650140364471341e+01,0.000000000000000000e+00,0.000000000000000000e+00
2.169008741062914680e+01,0.000000000000000000e+00,0.000000000000000000e+00
2.387163774959151397e+01,0.000000000000000000e+00,0.000000000000000000e+00
2.233950176034830548e+01,0.000000000000000000e+00,0.000000000000000000e+00
2.780181488728069894e+01,0.000000000000000000e+00,0.000000000000000000e+00
2.326818457690035657e+01,0.000000000000000000e+00,0.000000000000000000e+00
2.641915047653304072e+01,0.000000000000000000e+00,0.000000000000000000e+00
2.799912899394864496e+01,0.000000000000000000e+00,0.000000000000000000e+00
2.180506200979657905e+01,0.000000000000000000e+00,0.000000000000000000e+00
2.050505523754877046e+01,0.000000000000000000e+00,0.000000000000000000e+00
2.960934771777810326e+01,0.000000000000000000e+00,0.000000000000000000e+00
2.421762532936493884e+01,0.000000000000000000e+00,0.000000000000000000e+00
2.170689578804653408e+01,0.000000000000000000e+00,0.000000000000000000e+00
1.885641214381212905e+01,0.000000000000000000e+00,0.000000000000000000e+00
1.828590121449896699e+01,0.000000000000000000e+00,0.000000000000000000e+00
2.459540400285122530e+01,0.000000000000000000e+00,0.000000000000000000e+00
2.118391475200783347e+01,0.000000000000000000e+00,0.000000000000000000e+00
2.640572513823411427e+01,0.000000000000000000e+00,0.000000000000000000e+00
2.235814695362286031e+01,0.000000000000000000e+00,0.000000000000000000e+00
2.510302373944541898e+01,0.000000000000000000e+00,0.000000000000000000e+00
2.063136762680148806e+01,0.000000000000000000e+00,0.000000000000000000e+00
2.211082894570383317e+01,0.000000000000000000e+00,0.000000000000000000e+00
2.085860902226758284e+01,0.000000000000000000e+00,0.000000000000000000e+00
2.613388878070394128e+01,0.000000000000000000e+00,0.000000000000000000e+00
2.783619433927774622e+01,0.000000000000000000e+00,0.000000000000000000e+00
2.248105640629620083e+01,0.000000000000000000e+00,0.000000000000000000e+00
2.682913417483368335e+01,0.000000000000000000e+00,0.000000000000000000e+00
2.241546151251358054e+01,0.000000000000000000e+00,0.000000000000000000e+00
2.551749097444577430e+01,0.000000000000000000e+00,0.000000000000000000e+00
2.227234736589461050e+01,0.000000000000000000e+00,0.000000000000000000e+00
2.144244214570336382e+01,0.000000000000000000e+00,0.000000000000000000e+00
1.942229411278849227e+01,0.000000000000000000e+00,0.000000000000000000e+00
2.444255562924871228e+01,0.000000000000000000e+00,0.000000000000000000e+00
2.401144882775925282e+01,0.000000000000000000e+00,0.000000000000000000e+00
2.408764303991097222e+01,0.000000000000000000e+00,0.000000000000000000e+00
2.333109258974252498e+01,0.000000000000000000e+00,0.000000000000000000e+00
1.940383690125194605e+01,0.000000000000000000e+00,0.000000000000000000e+00
2.398850779615803930e+01,0.000000000000000000e+00,0.000000000000000000e+00
2.566675509441855141e+01,0.000000000000000000e+00,0.000000000000000000e+00
2.102662485876830090e+01,0.000000000000000000e+00,0.000000000000000000e+00
2.216014242472389739e+01,0.000000000000000000e+00,0.000000000000000000e+00
2.340433129542660851e+01,0.000000000000000000e+00,0.000000000000000000e+00
2.352891965749730829e+01,0.000000000000000000e+00,0.000000000000000000e+00
2.065916830764932044e+01,0.000000000000000000e+00,0.000000000000000000e+00
2.325517328186990440e+01,0.000000000000000000e+00,0.000000000000000000e+00
2.294472283202442497e+01,0.000000000000000000e+00,0.000000000000000000e+00
2.313615772800632797e+01,0.000000000000000000e+00,0.000000000000000000e+00
2.247280595159782379e+01,0.000000000000000000e+00,0.000000000000000000e+00
2.337255650830169529e+01,0.000000000000000000e+00,0.000000000000000000e+00
2.226155052459978734e+01,0.000000000000000000e+00,0.000000000000000000e+00
2.456206924685932336e+01,0.000000000000000000e+00,0.000000000000000000e+00
2.179250395764001524e+01,0.000000000000000000e+00,0.000000000000000000e+00
2.713792293550863377e+01,0.000000000000000000e+00,0.000000000000000000e+00
2.339193866676883005e+01,0.000000000000000000e+00,0.000000000000000000e+00
2.123079928748277467e+01,0.000000000000000000e+00,0.000000000000000000e+00
2.377940272086944518e+01,0.000000000000000000e+00,0.000000000000000000e+00
2.655452823894202297e+01,0.000000000000000000e+00,0.000000000000000000e+00
2.047083321527682287e+01,0.000000000000000000e+00,0.000000000000000000e+00
2.276990118100919247e+01,0.000000000000000000e+00,0.000000000000000000e+00
1.906133493539597268e+01,0.000000000000000000e+00,0.000000000000000000e+00
1.589583776537542370e+01,0.000000000000000000e+00,0.000000000000000000e+00
2.120106242383870310e+01,0.000000000000000000e+00,0.000000000000000000e+00
2.192092050459009656e+01,0.000000000000000000e+00,0.000000000000000000e+00
2.080640839477605297e+01,0.000000000000000000e+00,0.000000000000000000e+00
1.913194170560049301e+01,0.000000000000000000e+00,0.000000000000000000e+00
2.391635583609912885e+01,0.000000000000000000e+00,0.000000000000000000e+00
2.394733267213806016e+01,0.000000000000000000e+00,0.000000000000000000e+00
2.288820205995623169e+01,0.000000000000000000e+00,0.000000000000000000e+00
2.412539630274465452e+01,0.000000000000000000e+00,0.000000000000000000e+00
2.035368436007538051e+01,0.000000000000000000e+00,0.000000000000000000e+00
2.146779208368612402e+01,0.000000000000000000e+00,0.000000000000000000e+00
2.245427526646211547e+01,0.000000000000000000e+00,0.000000000000000000e+00
2.111110392863479035e+01,0.000000000000000000e+00,0.000000000000000000e+00
2.377747514333459833e+01,0.000000000000000000e+00,0.000000000000000000e+00
1.813831693433969150e+01,0.000000000000000000e+00,0.000000000000000000e+00
2.052897843380964105e+01,0.000000000000000000e+00,0.000000000000000000e+00
2.093823110737125504e+01,0.000000000000000000e+00,0.000000000000000000e+00
2.402061284144832598e+01,0.000000000000000000e+00,0.000000000000000000e+00
2.125516819181363815e+01,0.000000000000000000e+00,0.000000000000000000e+00
2.299226293514298547e+01,0.000000000000000000e+00,0.000000000000000000e+00
1.781039201529089411e+01,0.000000000000000000e+00,0.000000000000000000e+00
2.373288296608198777e+01,0.000000000000000000e+00,0.000000000000000000e+00
2.277088548446571536e+01,0.000000000000000000e+00,0.000000000000000000e+00
2.184564981547822882e+01,0.000000000000000000e+00,0.000000000000000000e+00
2.117807541198385834e+01,0.000000000000000000e+00,0.000000000000000000e+00
2.065707168489960921e+01,0.000000000000000000e+00,0.000000000000000000e+00
2.017090480476784364e+01,0.000000000000000000e+00,0.000000000000000000e+00
1.952887355563430205e+01,0.000000000000000000e+00,0.000000000000000000e+00
2.367246582320701265e+01,0.000000000000000000e+00,0.000000000000000000e+00
1.960861280966173226e+01,0.000000000000000000e+00,0.000000000000000000e+00
1.944380584346888341e+01,0.000000000000000000e+00,0.000000000000000000e+00
2.162762847276225031e+01,0.000000000000000000e+00,0.000000000000000000e+00
2.042522547862990123e+01,0.000000000000000000e+00,0.000000000000000000e+00
2.183381171842613711e+01,0.000000000000000000e+00,0.000000000000000000e+00
2.238710866412626288e+01,0.000000000000000000e+00,0.000000000000000000e+00
1.939522879372623620e+01,0.000000000000000000e+00,0.000000000000000000e+00
1.919408412921901075e+01,0.000000000000000000e+00,0.000000000000000000e+00
2.000717932875361527e+01,0.000000000000000000e+00,0.000000000000000000e+00
2.243676993607974879e+01,0.000000000000000000e+00,0.000000000000000000e+00
2.493633970636494013e+01,0.000000000000000000e+00,0.000000000000000000e+00
1.950882438024512666e+01,0.000000000000000000e+00,0.000000000000000000e+00
1.726426120481371385e+01,0.000000000000000000e+00,0.000000000000000000e+00
2.347217312469011219e+01,0.000000000000000000e+00,0.000000000000000000e+00
1.941607771975980512e+01,0.000000000000000000e+00,0.000000000000000000e+00
2.207599835611167194e+01,0.000000000000000000e+00,0.000000000000000000e+00
1.965712907915741070e+01,0.000000000000000000e+00,0.000000000000000000e+00
2.071318585422979552e+01,0.000000000000000000e+00,0.000000000000000000e+00
1.968597082581461422e+01,0.000000000000000000e+00,0.000000000000000000e+00
2.030096956243100692e+01,0.000000000000000000e+00,0.000000000000000000e+00
2.288665937109597337e+01,0.000000000000000000e+00,0.000000000000000000e+00
2.089406786789320947e+01,0.000000000000000000e+00,0.000000000000000000e+00
2.373146209923157457e+01,0.000000000000000000e+00,0.000000000000000000e+00
1.717172740270549269e+01,0.000000000000000000e+00,0.000000000000000000e+00
1.732961781307077587e+01,0.000000000000000000e+00,0.000000000000000000e+00
2.208794645289918179e+01,0.000000000000000000e+00,0.000000000000000000e+00
2.064531258278185177e+01,0.000000000000000000e+00,0.000000000000000000e+00
1.753498154281395216e+01,0.000000000000000000e+00,0.000000000000000000e+00
2.243404793285402476e+01,0.000000000000000000e+00,0.000000000000000000e+00
1.982741324436639019e+01,0.000000000000000000e+00,0.000000000000000000e+00
1.682778881896658874e+01,0.000000000000000000e+00,0.000000000000000000e+00
2.070159595311820766e+01,0.000000000000000000e+00,0.000000000000000000e+00
2.088309238005043511e+01,0.000000000000000000e+00,0.000000000000000000e+00
1.930222538173864777e+01,0.000000000000000000e+00,0.000000000000000000e+00
2.144416502549250225e+01,0.000000000000000000e+00,0.000000000000000000e+00
2.149088041656356651e+01,0.000000000000000000e+00,0.000000000000000000e+00
2.194553217507478493e+01,0.000000000000000000e+00,0.000000000000000000e+00
1.952249173125628445e+01,0.000000000000000000e+00,0.000000000000000000e+00
1.802950242810891268e+01,0.000000000000000000e+00,0.000000000000000000e+00
2.179367388716958587e+01,0.000000000000000000e+00,0.000000000000000000e+00
2.183257042395343106e+01,0.000000000000000000e+00,0.000000000000000000e+00
2.053481264762077174e+01,0.000000000000000000e+00,0.000000000000000000e+00
2.114741990119641102e+01,0.000000000000000000e+00,0.000000000000000000e+00
2.045349329078621281e+01,0.000000000000000000e+00,0.000000000000000000e+00
2.015582014766109609e+01,0.000000000000000000e+00,0.000000000000000000e+00
1.941737545002814258e+01,0.000000000000000000e+00,0.000000000000000000e+00
2.131599893553754654e+01,0.000000000000000000e+00,0.000000000000000000e+00
2.187721972987017338e+01,0.000000000000000000e+00,0.000000000000000000e+00
1.991897391599501432e+01,0.000000000000000000e+00,0.000000000000000000e+00
2.054600356957814711e+01,0.000000000000000000e+00,0.000000000000000000e+00
1.717298576035351232e+01,0.000000000000000000e+00,0.000000000000000000e+00
1.893125467814449436e+01,0.000000000000000000e+00,0.000000000000000000e+00
2.161269821320183837e+01,0.000000000000000000e+00,0.000000000000000000e+00
1.955996866614978558e+01,0.000000000000000000e+00,0.000000000000000000e+00
2.153707384343461584e+01,0.000000000000000000e+00,0.000000000000000000e+00
1.839742163150391718e+01,0.000000000000000000e+00,0.000000000000000000e+00
2.371050630124020131e+01,0.000000000000000000e+00,0.000000000000000000e+00
1.778518184653714229e+01,0.000000000000000000e+00,0.000000000000000000e+00
2.072148456423641250e+01,0.000000000000000000e+00,0.000000000000000000e+00
1.992639138101488783e+01,0.000000000000000000e+00,0.000000000000000000e+00
1.883190281024936752e+01,0.000000000000000000e+00,0.000000000000000000e+00
2.012832681857723571e+01,0.000000000000000000e+00,0.000000000000000000e+00
1.944840080183633191e+01,0.000000000000000000e+00,0.000000000000000000e+00
1.810554496205368480e+01,0.000000000000000000e+00,0.000000000000000000e+00
2.077208166924100752e+01,0.000000000000000000e+00,0.000000000000000000e+00
2.492083068612670971e+01,0.000000000000000000e+00,0.000000000000000000e+00
2.214763499826284132e+01,0.000000000000000000e+00,0.000000000000000000e+00
1.927830617929349444e+01,0.000000000000000000e+00,0.000000000000000000e+00
2.188229615780888437e+01,0.000000000000000000e+00,0.000000000000000000e+00
1.810210776468051819e+01,0.000000000000000000e+00,0.000000000000000000e+00
1.990366167713118628e+01,0.000000000000000000e+00,0.000000000000000000e+00
1.981163213487693397e+01,0.000000000000000000e+00,0.000000000000000000e+00
1.720568248608910977e+01,0.000000000000000000e+00,0.000000000000000000e+00
1.677155569839642624e+01,0.000000000000000000e+00,0.000000000000000000e+00
1.944845743070082378e+01,0.000000000000000000e+00,0.000000000000000000e+00
2.111319653479494463e+01,0.000000000000000000e+00,0.000000000000000000e+00
2.064636314140535944e+01,0.000000000000000000e+00,0.000000000000000000e+00
2.153149819384722718e+01,0.000000000000000000e+00,0.000000000000000000e+00
2.150192751152773241e+01,0.000000000000000000e+00,0.000000000000000000e+00
1.968158409349716109e+01,0.000000000000000000e+00,0.000000000000000000e+00
2.139527987465821468e+01,0.000000000000000000e+00,0.000000000000000000e+00
2.012672045864389858e+01,0.000000000000000000e+00,0.000000000000000000e+00
2.409794294812791549e+01,0.000000000000000000e+00,0.000000000000000000e+00
1.868452820782251322e+01,0.000000000000000000e+00,0.000000000000000000e+00
1.776534483231754535e+01,0.000000000000000000e+00,0.000000000000000000e+00
1.929569571206188172e+01,0.000000000000000000e+00,0.000000000000000000e+00
2.177071187025592991e+01,0.000000000000000000e+00,0.000000000000000000e+00
2.276956131632316982e+01,0.000000000000000000e+00,0.000000000000000000e+00
2.158719523740839108e+01,0.000000000000000000e+00,0.000000000000000000e+00
1.848828079636739830e+01,0.000000000000000000e+00,0.000000000000000000e+00
2.063618843784923840e+01,0.000000000000000000e+00,0.000000000000000000e+00
2.061827980029379148e+01,0.000000000000000000e+00,0.000000000000000000e+00
1.940090698972770511e+01,0.000000000000000000e+00,0.000000000000000000e+00
2.009156305864063796e+01,0.000000000000000000e+00,0.000000000000000000e+00
2.087459425295451254e+01,0.000000000000000000e+00,0.000000000000000000e+00
1.874206671429067939e+01,0.000000000000000000e+00,0.000000000000000000e+00
2.261401225977582996e+01,0.000000000000000000e+00,0.000000000000000000e+00
2.154314597114121810e+01,0.000000000000000000e+00,0.000000000000000000e+00
1.849406616765811506e+01,0.000000000000000000e+00,0.000000000000000000e+00
2.040164132761838189e+01,0.000000000000000000e+00,0.000000000000000000e+00
2.026592803382124686e+01,0.000000000000000000e+00,0.000000000000000000e+00
2.195771900257382825e+01,0.000000000000000000e+00,0.000000000000000000e+00
1.850878406436937240e+01,0.000000000000000000e+00,0.000000000000000000e+00
1.721531310010125893e+01,0.000000000000000000e+00,0.000000000000000000e+00
1.608402683136374023e+01,0.000000000000000000e+00,0.000000000000000000e+00
2.366158024901272938e+01,0.000000000000000000e+00,0.000000000000000000e+00
2.196645829340199896e+01,0.000000000000000000e+00,0.000000000000000000e+00
2.188241212215857701e+01,0.000000000000000000e+00,0.000000000000000000e+00
1.734123575691535635e+01,0.000000000000000000e+00,0.000000000000000000e+00
1.915040835096771588e+01,0.000000000000000000e+00,0.000000000000000000e+00
2.101968015434768233e+01,0.000000000000000000e+00,0.000000000000000000e+00
2.116753318838196307e+01,0.000000000000000000e+00,0.000000000000000000e+00
1.748788239889829654e+01,0.000000000000000000e+00,0.000000000000000000e+00
2.133916994985702331e+01,0.000000000000000000e+00,0.000000000000000000e+00
2.173996782884763945e+01,0.000000000000000000e+00,0.000000000000000000e+00
1.789429307730951990e+01,0.000000000000000000e+00,0.000000000000000000e+00
2.137319424348195085e+01,0.000000000000000000e+00,0.000000000000000000e+00
1.752826945545151105e+01,0.000000000000000000e+00,0.000000000000000000e+00
1.559151228523404242e+01,0.000000000000000000e+00,0.000000000000000000e+00
1.938632028941262675e+01,0.000000000000000000e+00,0.000000000000000000e+00
1.931472699296896067e+01,0.000000000000000000e+00,0.000000000000000000e+00
1.748471123886061918e+01,0.000000000000000000e+00,0.000000000000000000e+00
1.742110607270292633e+01,0.000000000000000000e+00,0.000000000000000000e+00
1.745432732148379529e+01,0.000000000000000000e+00,0.000000000000000000e+00
2.332265339860032327e+01,0.000000000000000000e+00,0.000000000000000000e+00
1.911371668818820169e+01,0.000000000000000000e+00,0.000000000000000000e+00
2.001880766832952929e+01,0.000000000000000000e+00,0.000000000000000000e+00
2.298026101718861014e+01,0.000000000000000000e+00,0.000000000000000000e+00
1.632796793739731456e+01,0.000000000000000000e+00,0.000000000000000000e+00
1.744875270483532503e+01,0.000000000000000000e+00,0.000000000000000000e+00
2.336484818854388834e+01,0.000000000000000000e+00,0.000000000000000000e+00
2.458416290247879843e+01,0.000000000000000000e+00,0.000000000000000000e+00
1.913609672136186290e+01,0.000000000000000000e+00,0.000000000000000000e+00
1.888067879949282712e+01,0.000000000000000000e+00,0.000000000000000000e+00
1.956160658691104004e+01,0.000000000000000000e+00,0.000000000000000000e+00
2.269566380725315824e+01,0.000000000000000000e+00,0.000000000000000000e+00
1.852141849446745070e+01,0.000000000000000000e+00,0.000000000000000000e+00
2.234407859686150033e+01,0.000000000000000000e+00,0.000000000000000000e+00
2.064434395683380430e+01,0.000000000000000000e+00,0.000000000000000000e+00
2.095043892426946996e+01,0.000000000000000000e+00,0.000000000000000000e+00
2.271747775744961473e+01,0.000000000000000000e+00,0.000000000000000000e+00
1.742191168088804432e+01,0.000000000000000000e+00,0.000000000000000000e+00
1.886931843888287119e+01,0.000000000000000000e+00,0.000000000000000000e+00
1.525465188457646448e+01,0.000000000000000000e+00,0.000000000000000000e+00
1.949570409960519157e+01,0.000000000000000000e+00,0.000000000000000000e+00
2.032926789395212097e+01,0.000000000000000000e+00,0.000000000000000000e+00
2.012646635693177544e+01,0.000000000000000000e+00,0.000000000000000000e+00
1.647847314682039510e+01,0.000000000000000000e+00,0.000000000000000000e+00
2.047969420872480129e+01,0.000000000000000000e+00,0.000000000000000000e+00
1.660079446911227308e+01,0.000000000000000000e+00,0.000000000000000000e+00
2.057927513461391911e+01,0.000000000000000000e+00,0.000000000000000000e+00
2.236593058416571367e+01,0.000000000000000000e+00,0.000000000000000000e+00
2.154929174595134356e+01,0.000000000000000000e+00,0.000000000000000000e+00
2.039454850373546080e+01,0.000000000000000000e+00,0.000000000000000000e+00
2.076710339154502094e+01,0.000000000000000000e+00,0.000000000000000000e+00
2.021668063838367857e+01,0.000000000000000000e+00,0.000000000000000000e+00
2.291045470873419276e+01,0.000000000000000000e+00,0.000000000000000000e+00
2.086508403528605271e+01,0.000000000000000000e+00,0.000000000000000000e+00
2.127693942078470712e+01,0.000000000000000000e+00,0.000000000000000000e+00
1.942072379043916186e+01,0.000000000000000000e+00,0.000000000000000000e+00
1.982177639620512011e+01,0.000000000000000000e+00,0.000000000000000000e+00
1.789282176463014551e+01,0.000000000000000000e+00,0.000000000000000000e+00
1.948786294746237147e+01,0.000000000000000000e+00,0.000000000000000000e+00
1.660251058601898322e+01,0.000000000000000000e+00,0.000000000000000000e+00
1.982434112422304651e+01,0.000000000000000000e+00,0.000000000000000000e+00
1.681985209681239368e+01,0.000000000000000000e+00,0.000000000000000000e+00
2.088420977011884716e+01,0.000000000000000000e+00,0.000000000000000000e+00
1.973939235281768845e+01,0.000000000000000000e+00,0.000000000000000000e+00
1.819932238010725811e+01,0.000000000000000000e+00,0.000000000000000000e+00
1.765169258803825869e+01,0.000000000000000000e+00,0.000000000000000000e+00
2.097610271520667879e+01,0.000000000000000000e+00,0.000000000000000000e+00
1.997991421439676785e+01,0.000000000000000000e+00,0.000000000000000000e+00
2.239468035408735958e+01,0.000000000000000000e+00,0.000000000000000000e+00
2.080978424072728927e+01,0.000000000000000000e+00,0.000000000000000000e+00
1.805964599665029979e+01,0.000000000000000000e+00,0.000000000000000000e+00
1.915905460214887057e+01,0.000000000000000000e+00,0.000000000000000000e+00
2.151401269119624260e+01,0.000000000000000000e+00,0.000000000000000000e+00
2.081290692040399648e+01,0.000000000000000000e+00,0.000000000000000000e+00
1.707898199470380263e+01,0.000000000000000000e+00,0.000000000000000000e+00
2.025614579368486190e+01,0.000000000000000000e+00,0.000000000000000000e+00
2.136262969443613713e+01,0.000000000000000000e+00,0.000000000000000000e+00
2.170245402586363070e+01,0.000000000000000000e+00,0.000000000000000000e+00
1.936005076194550512e+01,0.000000000000000000e+00,0.000000000000000000e+00
2.242816790542359229e+01,0.000000000000000000e+00,0.000000000000000000e+00
2.365736186455708179e+01,0.000000000000000000e+00,0.000000000000000000e+00
1.726104398351624525e+01,0.000000000000000000e+00,0.000000000000000000e+00
2.215121009171837940e+01,0.000000000000000000e+00,0.000000000000000000e+00
1.991637052537970831e+01,0.000000000000000000e+00,0.000000000000000000e+00
1.959667201639040357e+01,0.000000000000000000e+00,0.000000000000000000e+00
1.954070872582169116e+01,0.000000000000000000e+00,0.000000000000000000e+00
1.931795361299573699e+01,0.000000000000000000e+00,0.000000000000000000e+00
1.933093220213006802e+01,0.000000000000000000e+00,0.000000000000000000e+00
1.917538910291650112e+01,0.000000000000000000e+00,0.000000000000000000e+00
2.302218113394810928e+01,0.000000000000000000e+00,0.000000000000000000e+00
1.929095787733954737e+01,0.000000000000000000e+00,0.000000000000000000e+00
1.438750519157912322e+01,0.000000000000000000e+00,0.000000000000000000e+00
1.980317209859465777e+01,0.000000000000000000e+00,0.000000000000000000e+00
2.428815559744077390e+01,0.000000000000000000e+00,0.000000000000000000e+00
1.729599582524236467e+01,0.000000000000000000e+00,0.000000000000000000e+00
2.422500887288595450e+01,0.000000000000000000e+00,0.000000000000000000e+00
2.202027566090740152e+01,0.000000000000000000e+00,0.000000000000000000e+00
1.952575377021546643e+01,0.000000000000000000e+00,0.000000000000000000e+00
2.023141962953680206e+01,0.000000000000000000e+00,0.000000000000000000e+00
2.020400096351342256e+01,0.000000000000000000e+00,0.000000000000000000e+00
1.928346652568619746e+01,0.000000000000000000e+00,0.000000000000000000e+00
2.046527454431052107e+01,0.000000000000000000e+00,0.000000000000000000e+00
2.038254676489919959e+01,0.000000000000000000e+00,0.000000000000000000e+00
2.070048543173964006e+01,0.000000000000000000e+00,0.000000000000000000e+00
2.003972308067787722e+01,0.000000000000000000e+00,0.000000000000000000e+00
2.250240633787128530e+01,0.000000000000000000e+00,0.000000000000000000e+00
2.131436255851834005e+01,0.000000000000000000e+00,0.000000000000000000e+00
2.104334225268653213e+01,0.000000000000000000e+00,0.000000000000000000e+00
2.053853658855839370e+01,0.000000000000000000e+00,0.000000000000000000e+00
1.847898621146421405e+01,0.000000000000000000e+00,0.000000000000000000e+00
2.088144118107086200e+01,0.000000000000000000e+00,0.000000000000000000e+00
1.999920878022674842e+01,0.000000000000000000e+00,0.000000000000000000e+00
2.036265695145849364e+01,0.000000000000000000e+00,0.000000000000000000e+00
2.223736497171829996e+01,0.000000000000000000e+00,0.000000000000000000e+00
2.080589879995080693e+01,0.000000000000000000e+00,0.000000000000000000e+00
2.001731003196244885e+01,0.000000000000000000e+00,0.000000000000000000e+00
2.084877169032053601e+01,0.000000000000000000e+00,0.000000000000000000e+00
1.947960997803210148e+01,0.000000000000000000e+00,0.000000000000000000e+00
1.944346079761494650e+01,0.000000000000000000e+00,0.000000000000000000e+00
2.055176166021565365e+01,0.000000000000000000e+00,0.000000000000000000e+00
1.777072884691263965e+01,0.000000000000000000e+00,0.000000000000000000e+00
2.268337626096595017e+01,0.000000000000000000e+00,0.000000000000000000e+00
2.059788530589498379e+01,0.000000000000000000e+00,0.000000000000000000e+00
2.041681272825171334e+01,0.000000000000000000e+00,0.000000000000000000e+00
2.220581724937225232e+01,0.000000000000000000e+00,0.000000000000000000e+00
2.428349436676683126e+01,0.000000000000000000e+00,0.000000000000000000e+00
2.102055788017251459e+01,0.000000000000000000e+00,0.000000000000000000e+00
1.867728590198359839e+01,0.000000000000000000e+00,0.000000000000000000e+00
2.084777563849646143e+01,0.000000000000000000e+00,0.000000000000000000e+00
2.353266746005524013e+01,0.000000000000000000e+00,0.000000000000000000e+00
2.214566101572162182e+01,0.000000000000000000e+00,0.000000000000000000e+00
2.170135312862589316e+01,0.000000000000000000e+00,0.000000000000000000e+00
2.073045435876448295e+01,0.000000000000000000e+00,0.000000000000000000e+00
2.333121457300096324e+01,0.000000000000000000e+00,0.000000000000000000e+00
2.239003160146904747e+01,0.000000000000000000e+00,0.000000000000000000e+00
2.249749100093785614e+01,0.000000000000000000e+00,0.000000000000000000e+00
2.281979092412684906e+01,0.000000000000000000e+00,0.000000000000000000e+00
1.775793081433221587e+01,0.000000000000000000e+00,0.000000000000000000e+00
2.297030333978518257e+01,0.000000000000000000e+00,0.000000000000000000e+00
1.979852794372317604e+01,0.000000000000000000e+00,0.000000000000000000e+00
2.316982394091045450e+01,0.000000000000000000e+00,0.000000000000000000e+00
2.097391056743249038e+01,0.000000000000000000e+00,0.000000000000000000e+00
2.033162834662415364e+01,0.000000000000000000e+00,0.000000000000000000e+00
2.317182902875719108e+01,0.000000000000000000e+00,0.000000000000000000e+00
2.360921873061408505e+01,0.000000000000000000e+00,0.000000000000000000e+00
2.110425824204605760e+01,0.000000000000000000e+00,0.000000000000000000e+00
2.182835107485421844e+01,0.000000000000000000e+00,0.000000000000000000e+00
2.276182361494650053e+01,0.000000000000000000e+00,0.000000000000000000e+00
2.526801195025862867e+01,0.000000000000000000e+00,0.000000000000000000e+00
2.109359074951019863e+01,0.000000000000000000e+00,0.000000000000000000e+00
1.712253272742827193e+01,0.000000000000000000e+00,0.000000000000000000e+00
2.127546022370589540e+01,0.000000000000000000e+00,0.000000000000000000e+00
2.239338958526818857e+01,0.000000000000000000e+00,0.000000000000000000e+00
2.010748750649025141e+01,0.000000000000000000e+00,0.000000000000000000e+00
2.524504997296794073e+01,0.000000000000000000e+00,0.000000000000000000e+00
2.427647249176830613e+01,0.000000000000000000e+00,0.000000000000000000e+00
2.254501487125362047e+01,0.000000000000000000e+00,0.000000000000000000e+00
1.934875813253407273e+01,0.000000000000000000e+00,0.000000000000000000e+00
2.055361650144860164e+01,0.000000000000000000e+00,0.000000000000000000e+00
2.046127812111246058e+01,0.000000000000000000e+00,0.000000000000000000e+00
2.335840854429635982e+01,0.000000000000000000e+00,0.000000000000000000e+00
2.052272467035020398e+01,0.000000000000000000e+00,0.000000000000000000e+00
2.071754676193321743e+01,0.000000000000000000e+00,0.000000000000000000e+00
2.526332677625130430e+01,0.000000000000000000e+00,0.000000000000000000e+00
2.385774389328657819e+01,0.000000000000000000e+00,0.000000000000000000e+00
1.983586903365681309e+01,0.000000000000000000e+00,0.000000000000000000e+00
2.147249954254248294e+01,0.000000000000000000e+00,0.000000000000000000e+00
2.447488220902560485e+01,0.000000000000000000e+00,0.000000000000000000e+00
2.076792588334740941e+01,0.000000000000000000e+00,0.000000000000000000e+00
2.233905377557055161e+01,0.000000000000000000e+00,0.000000000000000000e+00
2.451043537288425966e+01,0.000000000000000000e+00,0.000000000000000000e+00
1.914459973881950461e+01,0.000000000000000000e+00,0.000000000000000000e+00
2.216843860834339708e+01,0.000000000000000000e+00,0.000000000000000000e+00
2.439882959545865049e+01,0.000000000000000000e+00,0.000000000000000000e+00
2.225556582676955486e+01,0.000000000000000000e+00,0.000000000000000000e+00
2.173317429429456382e+01,0.000000000000000000e+00,0.000000000000000000e+00
1.959594781290911669e+01,0.000000000000000000e+00,0.000000000000000000e+00
2.029801994022472655e+01,0.000000000000000000e+00,0.000000000000000000e+00
2.314616744538977144e+01,0.000000000000000000e+00,0.000000000000000000e+00
2.031848932997761992e+01,0.000000000000000000e+00,0.000000000000000000e+00
2.213548303875714396e+01,0.000000000000000000e+00,0.000000000000000000e+00
2.263189625480913136e+01,0.000000000000000000e+00,0.000000000000000000e+00
2.458211079296101786e+01,0.000000000000000000e+00,0.000000000000000000e+00
2.270542522384732109e+01,0.000000000000000000e+00,0.000000000000000000e+00
2.459049723176639546e+01,0.000000000000000000e+00,0.000000000000000000e+00
2.134645321501769288e+01,0.000000000000000000e+00,0.000000000000000000e+00
2.172443636446485726e+01,0.000000000000000000e+00,0.000000000000000000e+00
1.962373259091747357e+01,0.000000000000000000e+00,0.000000000000000000e+00
2.135950895223857060e+01,0.000000000000000000e+00,0.000000000000000000e+00
2.328745048532687889e+01,0.000000000000000000e+00,0.000000000000000000e+00
1.984157070172003046e+01,0.000000000000000000e+00,0.000000000000000000e+00
2.250446391140111402e+01,0.000000000000000000e+00,0.000000000000000000e+00
2.293252678613949769e+01,0.000000000000000000e+00,0.000000000000000000e+00
2.310763984320198716e+01,0.000000000000000000e+00,0.000000000000000000e+00
2.139618646443174299e+01,0.000000000000000000e+00,0.000000000000000000e+00
2.805686542740991030e+01,0.000000000000000000e+00,0.000000000000000000e+00
2.716469657384907777e+01,0.000000000000000000e+00,0.000000000000000000e+00
2.131194219772214282e+01,0.000000000000000000e+00,0.000000000000000000e+00
2.389871414015839335e+01,0.000000000000000000e+00,0.000000000000000000e+00
2.920788453923186268e+01,0.000000000000000000e+00,0.000000000000000000e+00
2.505510921638148503e+01,0.000000000000000000e+00,0.000000000000000000e+00
2.281162580700793541e+01,0.000000000000000000e+00,0.000000000000000000e+00
2.483243113403743862e+01,0.000000000000000000e+00,0.000000000000000000e+00
2.400708914020886553e+01,0.000000000000000000e+00,0.000000000000000000e+00
1.974730731943355977e+01,0.000000000000000000e+00,0.000000000000000000e+00
2.381785922117243715e+01,0.000000000000000000e+00,0.000000000000000000e+00
2.725780245873976426e+01,0.000000000000000000e+00,0.000000000000000000e+00
2.559007071502966468e+01,0.000000000000000000e+00,0.000000000000000000e+00
2.445348463871891553e+01,0.000000000000000000e+00,0.000000000000000000e+00
2.516262166371949860e+01,0.000000000000000000e+00,0.000000000000000000e+00
2.545452663237941238e+01,0.000000000000000000e+00,0.000000000000000000e+00
2.218978445065731719e+01,0.000000000000000000e+00,0.000000000000000000e+00
2.079527905194806792e+01,0.000000000000000000e+00,0.000000000000000000e+00
2.381100514518993805e+01,0.000000000000000000e+00,0.000000000000000000e+00
2.490116721489093976e+01,0.000000000000000000e+00,0.000000000000000000e+00
2.295419527641865898e+01,0.000000000000000000e+00,0.000000000000000000e+00
2.504875508627606706e+01,0.000000000000000000e+00,0.000000000000000000e+00
2.056557400661541024e+01,0.000000000000000000e+00,0.000000000000000000e+00
2.390277421534166180e+01,0.000000000000000000e+00,0.000000000000000000e+00
2.640870629882198628e+01,0.000000000000000000e+00,0.000000000000000000e+00
2.803128720037219423e+01,0.000000000000000000e+00,0.000000000000000000e+00
2.684215066935934146e+01,0.000000000000000000e+00,0.000000000000000000e+00
2.501148657627953398e+01,0.000000000000000000e+00,0.000000000000000000e+00
2.322457555636616178e+01,0.000000000000000000e+00,0.000000000000000000e+00
2.590592072258942835e+01,0.000000000000000000e+00,0.000000000000000000e+00
2.257528868649777465e+01,0.000000000000000000e+00,0.000000000000000000e+00
2.425734031371329991e+01,0.000000000000000000e+00,0.000000000000000000e+00
2.348635023184569448e+01,0.000000000000000000e+00,0.000000000000000000e+00
2.489282104769752024e+01,0.000000000000000000e+00,0.000000000000000000e+00
2.665063340368715217e+01,0.000000000000000000e+00,0.000000000000000000e+00
2.673027037170309228e+01,0.000000000000000000e+00,0.000000000000000000e+00
2.269443363692075621e+01,0.000000000000000000e+00,0.000000000000000000e+00
2.223536349280907842e+01,0.000000000000000000e+00,0.000000000000000000e+00
2.286794614763591937e+01,0.000000000000000000e+00,0.000000000000000000e+00
2.479406393895621008e+01,0.000000000000000000e+00,0.000000000000000000e+00
2.512078694186456573e+01,0.000000000000000000e+00,0.000000000000000000e+00
2.633497483156395091e+01,0.000000000000000000e+00,0.000000000000000000e+00
2.661083727530033372e+01,0.000000000000000000e+00,0.000000000000000000e+00
2.229339312404414386e+01,0.000000000000000000e+00,0.000000000000000000e+00
2.592815808094174201e+01,0.000000000000000000e+00,0.000000000000000000e+00
2.438082932493839294e+01,0.000000000000000000e+00,0.000000000000000000e+00
2.970871844638277892e+01,0.000000000000000000e+00,0.000000000000000000e+00
2.204672492676407103e+01,0.000000000000000000e+00,0.000000000000000000e+00
2.479348879449231546e+01,0.000000000000000000e+00,0.000000000000000000e+00
2.680954251475384353e+01,0.000000000000000000e+00,0.000000000000000000e+00
2.355330284091768789e+01,0.000000000000000000e+00,0.000000000000000000e+00
3.000168506692264003e+01,0.000000000000000000e+00,0.000000000000000000e+00
3.054843915885510341e+01,0.000000000000000000e+00,0.000000000000000000e+00
2.270304605727701031e+01,0.000000000000000000e+00,0.000000000000000000e+00
2.745939940951501868e+01,0.000000000000000000e+00,0.000000000000000000e+00
2.477541147738845950e+01,0.000000000000000000e+00,0.000000000000000000e+00
2.706386176047444181e+01,0.000000000000000000e+00,0.000000000000000000e+00
2.623386412289807623e+01,0.000000000000000000e+00,0.000000000000000000e+00
2.455169867059543520e+01,0.000000000000000000e+00,0.000000000000000000e+00
2.318143369098469009e+01,0.000000000000000000e+00,0.000000000000000000e+00
2.543119506839475008e+01,0.000000000000000000e+00,0.000000000000000000e+00
2.419599506463770666e+01,0.000000000000000000e+00,0.000000000000000000e+00
2.703839522181890587e+01,0.000000000000000000e+00,0.000000000000000000e+00
2.618858304714008156e+01,0.000000000000000000e+00,0.000000000000000000e+00
2.730490797858736585e+01,0.000000000000000000e+00,0.000000000000000000e+00
2.616964637924613157e+01,0.000000000000000000e+00,0.000000000000000000e+00
2.471079844179416796e+01,0.000000000000000000e+00,0.000000000000000000e+00
2.499011111091610715e+01,0.000000000000000000e+00,0.000000000000000000e+00
2.990934216947642810e+01,0.000000000000000000e+00,0.000000000000000000e+00
2.713059320545954378e+01,0.000000000000000000e+00,0.000000000000000000e+00
2.683010057781456581e+01,0.000000000000000000e+00,0.000000000000000000e+00
2.934496054236389639e+01,0.000000000000000000e+00,0.000000000000000000e+00
2.651797116325501236e+01,0.000000000000000000e+00,0.000000000000000000e+00
2.730421660517392013e+01,0.000000000000000000e+00,0.000000000000000000e+00
2.891827694338395816e+01,0.000000000000000000e+00,0.000000000000000000e+00
2.684827560145240355e+01,0.000000000000000000e+00,0.000000000000000000e+00
2.903593593851346810e+01,0.000000000000000000e+00,0.000000000000000000e+00
2.862221983657186541e+01,0.000000000000000000e+00,0.000000000000000000e+00
2.771341182225909350e+01,0.000000000000000000e+00,0.000000000000000000e+00
2.614959082605241392e+01,0.000000000000000000e+00,0.000000000000000000e+00
2.866913040401484736e+01,0.000000000000000000e+00,0.000000000000000000e+00
2.796375560826265172e+01,0.000000000000000000e+00,0.000000000000000000e+00
2.710380674866010153e+01,0.000000000000000000e+00,0.000000000000000000e+00
2.946689309008976210e+01,0.000000000000000000e+00,0.000000000000000000e+00
2.957639736556608057e+01,0.000000000000000000e+00,0.000000000000000000e+00
2.672069792634508190e+01,0.000000000000000000e+00,0.000000000000000000e+00
2.530968157869733304e+01,0.000000000000000000e+00,0.000000000000000000e+00
2.985401610464629840e+01,0.000000000000000000e+00,0.000000000000000000e+00
2.819754054178623548e+01,0.000000000000000000e+00,0.000000000000000000e+00
2.267630779815833009e+01,0.000000000000000000e+00,0.000000000000000000e+00
2.474668386345295445e+01,0.000000000000000000e+00,0.000000000000000000e+00
2.403540233758804945e+01,0.000000000000000000e+00,0.000000000000000000e+00
2.814622383119974813e+01,0.000000000000000000e+00,0.000000000000000000e+00
2.675170635006612230e+01,0.000000000000000000e+00,0.000000000000000000e+00
2.874167303624642145e+01,0.000000000000000000e+00,0.000000000000000000e+00
2.864319735680979662e+01,0.000000000000000000e+00,0.000000000000000000e+00
2.898205977910443565e+01,0.000000000000000000e+00,0.000000000000000000e+00
2.888929638996188487e+01,0.000000000000000000e+00,0.000000000000000000e+00
2.444763203704578203e+01,0.000000000000000000e+00,0.000000000000000000e+00
2.941920428823384270e+01,0.000000000000000000e+00,0.000000000000000000e+00
3.201851180588779044e+01,0.000000000000000000e+00,0.000000000000000000e+00
3.084912474469789245e+01,0.000000000000000000e+00,0.000000000000000000e+00
2.605916800143053536e+01,0.000000000000000000e+00,0.000000000000000000e+00
2.867864929254836426e+01,0.000000000000000000e+00,0.000000000000000000e+00
2.899491149931772327e+01,0.000000000000000000e+00,0.000000000000000000e+00
2.860206193662961027e+01,0.000000000000000000e+00,0.000000000000000000e+00
3.069516171632179535e+01,0.000000000000000000e+00,0.000000000000000000e+00
2.613990341669754258e+01,0.000000000000000000e+00,0.000000000000000000e+00
3.198961734797670431e+01,0.000000000000000000e+00,0.000000000000000000e+00
2.898360029783630409e+01,0.000000000000000000e+00,0.000000000000000000e+00
3.304123479422963072e+01,0.000000000000000000e+00,0.000000000000000000e+00
2.866488535104848623e+01,0.000000000000000000e+00,0.000000000000000000e+00
3.230744490107839084e+01,0.000000000000000000e+00,0.000000000000000000e+00
3.086995151300282458e+01,0.000000000000000000e+00,0.000000000000000000e+00
2.981119827180064874e+01,0.000000000000000000e+00,0.000000000000000000e+00
2.753115637380768987e+01,0.000000000000000000e+00,0.000000000000000000e+00
2.728514425868429427e+01,0.000000000000000000e+00,0.000000000000000000e+00
2.620288032536425504e+01,0.000000000000000000e+00,0.000000000000000000e+00
2.761775357885644411e+01,0.000000000000000000e+00,0.000000000000000000e+00
2.725342197621487372e+01,0.000000000000000000e+00,0.000000000000000000e+00
2.844732902630956062e+01,0.000000000000000000e+00,0.000000000000000000e+00
2.844634723535438070e+01,0.000000000000000000e+00,0.000000000000000000e+00
2.792510191154235244e+01,0.000000000000000000e+00,0.000000000000000000e+00
3.023202961386161292e+01,0.000000000000000000e+00,0.000000000000000000e+00
2.912047929834234949e+01,0.000000000000000000e+00,0.000000000000000000e+00
3.531120621586678254e+01,0.000000000000000000e+00,0.000000000000000000e+00
3.114998138138580330e+01,0.000000000000000000e+00,0.000000000000000000e+00
2.776129574864699023e+01,0.000000000000000000e+00,0.000000000000000000e+00
2.647814729399226508e+01,0.000000000000000000e+00,0.000000000000000000e+00
2.965313394681370340e+01,0.000000000000000000e+00,0.000000000000000000e+00
3.244254573259993890e+01,0.000000000000000000e+00,0.000000000000000000e+00
3.294449226323702362e+01,0.000000000000000000e+00,0.000000000000000000e+00
2.836522681099546617e+01,0.000000000000000000e+00,0.000000000000000000e+00
3.055389110056952617e+01,0.000000000000000000e+00,0.000000000000000000e+00
3.045161238476957877e+01,0.000000000000000000e+00,0.000000000000000000e+00
2.825430372974154736e+01,0.000000000000000000e+00,0.000000000000000000e+00
2.962280143333879678e+01,0.000000000000000000e+00,0.000000000000000000e+00
3.311415616192740430e+01,0.000000000000000000e+00,0.000000000000000000e+00
3.065616205708578690e+01,0.000000000000000000e+00,0.000000000000000000e+00
3.139815222551806784e+01,0.000000000000000000e+00,0.000000000000000000e+00
3.251525945487128411e+01,0.000000000000000000e+00,0.000000000000000000e+00
2.935407546615146401e+01,0.000000000000000000e+00,0.000000000000000000e+00
2.844966018924092666e+01,0.000000000000000000e+00,0.000000000000000000e+00
2.710097609011281605e+01,0.000000000000000000e+00,0.000000000000000000e+00
3.200834346951366172e+01,0.000000000000000000e+00,0.000000000000000000e+00
3.029189290787150668e+01,0.000000000000000000e+00,0.000000000000000000e+00
3.216318282134798068e+01,0.000000000000000000e+00,0.000000000000000000e+00
3.129672998479636092e+01,0.000000000000000000e+00,0.000000000000000000e+00
2.926241104306616236e+01,0.000000000000000000e+00,0.000000000000000000e+00
3.013891175756590712e+01,0.000000000000000000e+00,0.000000000000000000e+00
2.930714546886622074e+01,0.000000000000000000e+00,0.000000000000000000e+00
3.500886840041362547e+01,0.000000000000000000e+00,0.000000000000000000e+00
2.977244173452281828e+01,0.000000000000000000e+00,0.000000000000000000e+00
3.122532907931756441e+01,0.000000000000000000e+00,0.000000000000000000e+00
3.292462278959337141e+01,0.000000000000000000e+00,0.000000000000000000e+00
3.241886495877810859e+01,0.000000000000000000e+00,0.000000000000000000e+00
3.262455202672011012e+01,0.000000000000000000e+00,0.000000000000000000e+00
2.727540864577969160e+01,0.000000000000000000e+00,0.000000000000000000e+00
3.003682440318489455e+01,0.000000000000000000e+00,0.000000000000000000e+00
3.394311225870250581e+01,0.000000000000000000e+00,0.000000000000000000e+00
2.971655350333896095e+01,0.000000000000000000e+00,0.000000000000000000e+00
2.830643263566915380e+01,0.000000000000000000e+00,0.000000000000000000e+00
3.019303262192268988e+01,0.000000000000000000e+00,0.000000000000000000e+00
2.864847410555396579e+01,0.000000000000000000e+00,0.000000000000000000e+00
3.260660334190583143e+01,0.000000000000000000e+00,0.000000000000000000e+00
3.337273264128082673e+01,0.000000000000000000e+00,0.000000000000000000e+00
3.367051679684001186e+01,0.000000000000000000e+00,0.000000000000000000e+00
3.319249072275895429e+01,0.000000000000000000e+00,0.000000000000000000e+00
3.359380818288194348e+01,0.000000000000000000e+00,0.000000000000000000e+00
3.211116435511035405e+01,0.000000000000000000e+00,0.000000000000000000e+00
3.333106820209847143e+01,0.000000000000000000e+00,0.000000000000000000e+00
3.041072556408025918e+01,0.000000000000000000e+00,0.000000000000000000e+00
3.536892396635383307e+01,0.000000000000000000e+00,0.000000000000000000e+00
3.044106115669679724e+01,0.000000000000000000e+00,0.000000000000000000e+00
3.323315009836541378e+01,0.000000000000000000e+00,0.000000000000000000e+00
3.284190785644604915e+01,0.000000000000000000e+00,0.000000000000000000e+00
3.361398257021689773e+01,0.000000000000000000e+00,0.000000000000000000e+00
3.440682122227945428e+01,0.000000000000000000e+00,0.000000000000000000e+00
3.254343858870306860e+01,0.000000000000000000e+00,0.000000000000000000e+00
3.575647778873133831e+01,0.000000000000000000e+00,0.000000000000000000e+00
3.416637992880773567e+01,0.000000000000000000e+00,0.000000000000000000e+00
3.438166292114182454e+01,0.000000000000000000e+00,0.000000000000000000e+00
3.532477685323524952e+01,0.000000000000000000e+00,0.000000000000000000e+00
3.509689170216591236e+01,0.000000000000000000e+00,0.000000000000000000e+00
3.536389381169489354e+01,0.000000000000000000e+00,0.000000000000000000e+00
2.978700731686312508e+01,0.000000000000000000e+00,0.000000000000000000e+00
3.593308142739302014e+01,0.000000000000000000e+00,0.000000000000000000e+00
3.316477818341373762e+01,0.000000000000000000e+00,0.000000000000000000e+00
3.243112784541467164e+01,0.000000000000000000e+00,0.000000000000000000e+00
3.591889326263519422e+01,0.000000000000000000e+00,0.000000000000000000e+00
3.689195989747311444e+01,0.000000000000000000e+00,0.000000000000000000e+00
3.586820896146809901e+01,0.000000000000000000e+00,0.000000000000000000e+00
3.072323490680432911e+01,0.000000000000000000e+00,0.000000000000000000e+00
3.434637316509157046e+01,0.000000000000000000e+00,0.000000000000000000e+00
3.649714239436719510e+01,0.000000000000000000e+00,0.000000000000000000e+00
3.507058246063996876e+01,0.000000000000000000e+00,0.000000000000000000e+00
3.486089034342447235e+01,0.000000000000000000e+00,0.000000000000000000e+00
3.182017019415733472e+01,0.000000000000000000e+00,0.000000000000000000e+00
3.513760373027217554e+01,0.000000000000000000e+00,0.000000000000000000e+00
3.620577569765870152e+01,0.000000000000000000e+00,0.000000000000000000e+00
3.127059010936285688e+01,0.000000000000000000e+00,0.000000000000000000e+00
3.566261382857211970e+01,0.000000000000000000e+00,0.000000000000000000e+00
3.524244069444821292e+01,0.000000000000000000e+00,0.000000000000000000e+00
3.350755867703774271e+01,0.000000000000000000e+00,0.000000000000000000e+00
4.008314541987878954e+01,0.000000000000000000e+00,0.000000000000000000e+00
3.735782901555948143e+01,0.000000000000000000e+00,0.000000000000000000e+00
3.492341086131298056e+01,0.000000000000000000e+00,0.000000000000000000e+00
3.298519431277881608e+01,0.000000000000000000e+00,0.000000000000000000e+00
3.282876730198414350e+01,0.000000000000000000e+00,0.000000000000000000e+00
3.534735490385028811e+01,0.000000000000000000e+00,0.000000000000000000e+00
3.308900548428775323e+01,0.000000000000000000e+00,0.000000000000000000e+00
3.739585734851432619e+01,0.000000000000000000e+00,0.000000000000000000e+00
3.714479623483458681e+01,0.000000000000000000e+00,0.000000000000000000e+00
3.918799165793677730e+01,0.000000000000000000e+00,0.000000000000000000e+00
3.390950055136227093e+01,0.000000000000000000e+00,0.000000000000000000e+00
3.695361276638039527e+01,0.000000000000000000e+00,0.000000000000000000e+00
3.551988829147923354e+01,0.000000000000000000e+00,0.000000000000000000e+00
3.698226615551762819e+01,0.000000000000000000e+00,0.000000000000000000e+00
3.321733187487581063e+01,0.000000000000000000e+00,0.000000000000000000e+00
3.722681985586926601e+01,0.000000000000000000e+00,0.000000000000000000e+00
3.841054587424678601e+01,0.000000000000000000e+00,0.000000000000000000e+00
3.505010902307125065e+01,0.000000000000000000e+00,0.000000000000000000e+00
3.835041240440503429e+01,0.000000000000000000e+00,0.000000000000000000e+00
3.460178636151577791e+01,0.000000000000000000e+00,0.000000000000000000e+00
3.309446312256716993e+01,0.000000000000000000e+00,0.000000000000000000e+00
3.793582175521988376e+01,0.000000000000000000e+00,0.000000000000000000e+00
3.772276721482358397e+01,0.000000000000000000e+00,0.000000000000000000e+00
3.498614550205688545e+01,0.000000000000000000e+00,0.000000000000000000e+00
3.639708417824692788e+01,0.000000000000000000e+00,0.000000000000000000e+00
4.064223382097989656e+01,0.000000000000000000e+00,0.000000000000000000e+00
3.314862290754931706e+01,0.000000000000000000e+00,0.000000000000000000e+00
3.527999764810098071e+01,0.000000000000000000e+00,0.000000000000000000e+00
3.744961557459860302e+01,0.000000000000000000e+00,0.000000000000000000e+00
3.775455731865887543e+01,0.000000000000000000e+00,0.000000000000000000e+00
3.671951462655902532e+01,0.000000000000000000e+00,0.000000000000000000e+00
4.146586833103128811e+01,0.000000000000000000e+00,0.000000000000000000e+00
3.995631688822131622e+01,0.000000000000000000e+00,0.000000000000000000e+00
4.073158276558846325e+01,0.000000000000000000e+00,0.000000000000000000e+00
3.959460972312349725e+01,0.000000000000000000e+00,0.000000000000000000e+00
3.570887451832766857e+01,0.000000000000000000e+00,0.000000000000000000e+00
3.724817347634643028e+01,0.000000000000000000e+00,0.000000000000000000e+00
3.803150283494782258e+01,0.000000000000000000e+00,0.000000000000000000e+00
3.747868746297474019e+01,0.000000000000000000e+00,0.000000000000000000e+00
3.517893875558402073e+01,0.000000000000000000e+00,0.000000000000000000e+00
3.992339369361076962e+01,0.000000000000000000e+00,0.000000000000000000e+00
3.731512568360970761e+01,0.000000000000000000e+00,0.000000000000000000e+00
3.787105776967968040e+01,0.000000000000000000e+00,0.000000000000000000e+00
3.437646990675656156e+01,0.000000000000000000e+00,0.000000000000000000e+00
3.664567785254832444e+01,0.000000000000000000e+00,0.000000000000000000e+00
3.997375100408505944e+01,0.000000000000000000e+00,0.000000000000000000e+00
3.836385565393958785e+01,0.000000000000000000e+00,0.000000000000000000e+00
3.623274453037662113e+01,0.000000000000000000e+00,0.000000000000000000e+00
3.818391251663869213e+01,0.000000000000000000e+00,0.000000000000000000e+00
3.739011216582264296e+01,0.000000000000000000e+00,0.000000000000000000e+00
3.879116128952802711e+01,0.000000000000000000e+00,0.000000000000000000e+00
4.130284588676990154e+01,0.000000000000000000e+00,0.000000000000000000e+00
3.833252466601148001e+01,0.000000000000000000e+00,0.000000000000000000e+00
3.620522609478523179e+01,0.000000000000000000e+00,0.000000000000000000e+00
4.182855122828650707e+01,0.000000000000000000e+00,0.000000000000000000e+00
3.894903043212887894e+01,0.000000000000000000e+00,0.000000000000000000e+00
3.569418813228141829e+01,0.000000000000000000e+00,0.000000000000000000e+00
3.718273307069254940e+01,0.000000000000000000e+00,0.000000000000000000e+00
3.965234464066135445e+01,0.000000000000000000e+00,0.000000000000000000e+00
3.876504651278170144e+01,0.000000000000000000e+00,0.000000000000000000e+00
4.198664484794738172e+01,0.000000000000000000e+00,0.000000000000000000e+00
3.992686917167470995e+01,0.000000000000000000e+00,0.000000000000000000e+00
3.723847502122379183e+01,0.000000000000000000e+00,0.000000000000000000e+00
3.857935343149204499e+01,0.000000000000000000e+00,0.000000000000000000e+00
3.753968098278931365e+01,0.000000000000000000e+00,0.000000000000000000e+00
4.182232841959988434e+01,0.000000000000000000e+00,0.000000000000000000e+00
3.731411724744746294e+01,0.000000000000000000e+00,0.000000000000000000e+00
4.143969326514033469e+01,0.000000000000000000e+00,0.000000000000000000e+00
3.601870509267772746e+01,0.000000000000000000e+00,0.000000000000000000e+00
3.631414080391023447e+01,0.000000000000000000e+00,0.000000000000000000e+00
3.602909566897972837e+01,0.000000000000000000e+00,0.000000000000000000e+00
3.760334789119162480e+01,0.000000000000000000e+00,0.000000000000000000e+00
4.224019904802941738e+01,0.000000000000000000e+00,0.000000000000000000e+00
3.593519160073387297e+01,0.000000000000000000e+00,0.000000000000000000e+00
3.676918153459302374e+01,0.000000000000000000e+00,0.000000000000000000e+00
4.174863660089621220e+01,0.000000000000000000e+00,0.000000000000000000e+00
3.955908724811249044e+01,0.000000000000000000e+00,0.000000000000000000e+00
3.893591151770824865e+01,0.000000000000000000e+00,0.000000000000000000e+00
3.949108402240076288e+01,0.000000000000000000e+00,0.000000000000000000e+00
4.100450076814985323e+01,0.000000000000000000e+00,0.000000000000000000e+00
3.981339379717601901e+01,0.000000000000000000e+00,0.000000000000000000e+00
4.249454665969580702e+01,0.000000000000000000e+00,0.000000000000000000e+00
4.069582882071594554e+01,0.000000000000000000e+00,0.000000000000000000e+00
3.937419820769763135e+01,0.000000000000000000e+00,0.000000000000000000e+00
4.007611194950816014e+01,0.000000000000000000e+00,0.000000000000000000e+00
3.992762808328129154e+01,0.000000000000000000e+00,0.000000000000000000e+00
4.566094241742328563e+01,0.000000000000000000e+00,0.000000000000000000e+00
4.294720149164676570e+01,0.000000000000000000e+00,0.000000000000000000e+00
4.174953592705831795e+01,0.000000000000000000e+00,0.000000000000000000e+00
3.947978565939848039e+01,0.000000000000000000e+00,0.000000000000000000e+00
4.175903193281612147e+01,0.000000000000000000e+00,0.000000000000000000e+00
3.959174672193169897e+01,0.000000000000000000e+00,0.000000000000000000e+00
3.970363797785201854e+01,0.000000000000000000e+00,0.000000000000000000e+00
4.199668888835188341e+01,0.000000000000000000e+00,0.000000000000000000e+00
4.063234713891005612e+01,0.000000000000000000e+00,0.000000000000000000e+00
4.352408751514371232e+01,0.000000000000000000e+00,0.000000000000000000e+00
4.569568577331339299e+01,0.000000000000000000e+00,0.000000000000000000e+00
4.264443940556479617e+01,0.000000000000000000e+00,0.000000000000000000e+00
4.393512607702173511e+01,0.000000000000000000e+00,0.000000000000000000e+00
4.262821978969287784e+01,0.000000000000000000e+00,0.000000000000000000e+00
4.663671851153495140e+01,0.000000000000000000e+00,0.000000000000000000e+00
4.179818311999542146e+01,0.000000000000000000e+00,0.000000000000000000e+00
4.503645267678706432e+01,0.000000000000000000e+00,0.000000000000000000e+00
4.168945843689630948e+01,0.000000000000000000e+00,0.000000000000000000e+00
4.143819448388969562e+01,0.000000000000000000e+00,0.000000000000000000e+00
4.086937854423259608e+01,0.000000000000000000e+00,0.000000000000000000e+00
4.634643510788520615e+01,0.000000000000000000e+00,0.000000000000000000e+00
4.242790971056869864e+01,0.000000000000000000e+00,0.000000000000000000e+00
4.087260550039439266e+01,0.000000000000000000e+00,0.000000000000000000e+00
4.285530133835676025e+01,0.000000000000000000e+00,0.000000000000000000e+00
4.288699208026147147e+01,0.000000000000000000e+00,0.000000000000000000e+00
4.122791580868288008e+01,0.000000000000000000e+00,0.000000000000000000e+00
4.591695242333816651e+01,0.000000000000000000e+00,0.000000000000000000e+00
4.300458285547781401e+01,0.000000000000000000e+00,0.000000000000000000e+00
4.560891396995496194e+01,0.000000000000000000e+00,0.000000000000000000e+00
4.448710203377785177e+01,0.000000000000000000e+00,0.000000000000000000e+00
4.666291395026877353e+01,0.000000000000000000e+00,0.000000000000000000e+00
4.155349381286133337e+01,0.000000000000000000e+00,0.000000000000000000e+00
4.498205132065028522e+01,0.000000000000000000e+00,0.000000000000000000e+00
4.543449218890472707e+01,0.000000000000000000e+00,0.000000000000000000e+00
4.693437319451076917e+01,0.000000000000000000e+00,0.000000000000000000e+00
4.449051545681773234e+01,0.000000000000000000e+00,0.000000000000000000e+00
4.500836171173772016e+01,0.000000000000000000e+00,0.000000000000000000e+00
4.196765485213147429e+01,0.000000000000000000e+00,0.000000000000000000e+00
4.294810718633270596e+01,0.000000000000000000e+00,0.000000000000000000e+00
4.311207455309687475e+01,0.000000000000000000e+00,0.000000000000000000e+00
4.742598017704123947e+01,0.000000000000000000e+00,0.000000000000000000e+00
4.333016687208961315e+01,0.000000000000000000e+00,0.000000000000000000e+00
4.867774621111971811e+01,0.000000000000000000e+00,0.000000000000000000e+00
4.496526323653380786e+01,0.000000000000000000e+00,0.000000000000000000e+00
4.574399716004923278e+01,0.000000000000000000e+00,0.000000000000000000e+00
4.248103305306863575e+01,0.000000000000000000e+00,0.000000000000000000e+00
4.526480959068173604e+01,0.000000000000000000e+00,0.000000000000000000e+00
4.528561216455083382e+01,0.000000000000000000e+00,0.000000000000000000e+00
4.849632222487438327e+01,0.000000000000000000e+00,0.000000000000000000e+00
4.522973984806655068e+01,0.000000000000000000e+00,0.000000000000000000e+00
4.325697993459046131e+01,0.000000000000000000e+00,0.000000000000000000e+00
4.809569692465375113e+01,0.000000000000000000e+00,0.000000000000000000e+00
4.536517762944747290e+01,0.000000000000000000e+00,0.000000000000000000e+00
4.864468047375505222e+01,0.000000000000000000e+00,0.000000000000000000e+00
4.773089147753206163e+01,0.000000000000000000e+00,0.000000000000000000e+00
4.637745510616531419e+01,0.000000000000000000e+00,0.000000000000000000e+00
4.645742116577185499e+01,0.000000000000000000e+00,0.000000000000000000e+00
4.897622108499142257e+01,0.000000000000000000e+00,0.000000000000000000e+00
4.649137025427338443e+01,0.000000000000000000e+00,0.000000000000000000e+00
5.194706656117852361e+01,0.000000000000000000e+00,0.000000000000000000e+00
4.800127803763551526e+01,0.000000000000000000e+00,0.000000000000000000e+00
4.705827276345770116e+01,0.000000000000000000e+00,0.000000000000000000e+00
4.829161616619239084e+01,0.000000000000000000e+00,0.000000000000000000e+00
4.540279284624865141e+01,0.000000000000000000e+00,0.000000000000000000e+00
4.540566760650023781e+01,0.000000000000000000e+00,0.000000000000000000e+00
4.551446702798545374e+01,0.000000000000000000e+00,0.000000000000000000e+00
4.293930339524738571e+01,0.000000000000000000e+00,0.000000000000000000e+00
4.232891928117527414e+01,0.000000000000000000e+00,0.000000000000000000e+00
4.501540654336304925e+01,0.000000000000000000e+00,0.000000000000000000e+00
4.402838202029904835e+01,0.000000000000000000e+00,0.000000000000000000e+00
4.850683162297946183e+01,0.000000000000000000e+00,0.000000000000000000e+00
4.586681105489184063e+01,0.000000000000000000e+00,0.000000000000000000e+00
4.191383294864839115e+01,0.000000000000000000e+00,0.000000000000000000e+00
4.624583652677650036e+01,0.000000000000000000e+00,0.000000000000000000e+00
4.833653073439629821e+01,0.000000000000000000e+00,0.000000000000000000e+00
5.025130177865241166e+01,0.000000000000000000e+00,0.000000000000000000e+00
4.803525478765533308e+01,0.000000000000000000e+00,0.000000000000000000e+00
4.872347276118771475e+01,0.000000000000000000e+00,0.000000000000000000e+00
4.751591764524344796e+01,0.000000000000000000e+00,0.000000000000000000e+00
4.820192881154410713e+01,0.000000000000000000e+00,0.000000000000000000e+00
4.861204519178546946e+01,0.000000000000000000e+00,0.000000000000000000e+00
5.172637704294825056e+01,0.000000000000000000e+00,0.000000000000000000e+00
4.609913731975940721e+01,0.000000000000000000e+00,0.000000000000000000e+00
4.724206149928360077e+01,0.000000000000000000e+00,0.000000000000000000e+00
4.748404753229905140e+01,0.000000000000000000e+00,0.000000000000000000e+00
4.928260591439847360e+01,0.000000000000000000e+00,0.000000000000000000e+00
4.934704225122330001e+01,0.000000000000000000e+00,0.000000000000000000e+00
4.689462500357358010e+01,0.000000000000000000e+00,0.000000000000000000e+00
4.531247933007723816e+01,0.000000000000000000e+00,0.000000000000000000e+00
4.810499768228705619e+01,0.000000000000000000e+00,0.000000000000000000e+00
4.832746852856586628e+01,0.000000000000000000e+00,0.000000000000000000e+00
5.295900045225369723e+01,0.000000000000000000e+00,0.000000000000000000e+00
4.445414714259761979e+01,0.000000000000000000e+00,0.000000000000000000e+00
4.531009037043304488e+01,0.000000000000000000e+00,0.000000000000000000e+00
4.786637394192538153e+01,0.000000000000000000e+00,0.000000000000000000e+00
4.972011830634752272e+01,0.000000000000000000e+00,0.000000000000000000e+00
5.271628936767898921e+01,0.000000000000000000e+00,0.000000000000000000e+00
4.588258853438744467e+01,0.000000000000000000e+00,0.000000000000000000e+00
4.943074499663151045e+01,0.000000000000000000e+00,0.000000000000000000e+00
4.391943485065251451e+01,0.000000000000000000e+00,0.000000000000000000e+00
4.663651855690769565e+01,0.000000000000000000e+00,0.000000000000000000e+00
5.088420159010517807e+01,0.000000000000000000e+00,0.000000000000000000e+00
5.171946222033893292e+01,0.000000000000000000e+00,0.000000000000000000e+00
4.764260725016072229e+01,0.000000000000000000e+00,0.000000000000000000e+00
4.770498980457866622e+01,0.000000000000000000e+00,0.000000000000000000e+00
4.652766855045022965e+01,0.000000000000000000e+00,0.000000000000000000e+00
5.328866748107291329e+01,0.000000000000000000e+00,0.000000000000000000e+00
4.941572114008183547e+01,0.000000000000000000e+00,0.000000000000000000e+00
5.102803762927671727e+01,0.000000000000000000e+00,0.000000000000000000e+00
4.589542769032589575e+01,0.000000000000000000e+00,0.000000000000000000e+00
4.907091101331811700e+01,0.000000000000000000e+00,0.000000000000000000e+00
5.120115082896346337e+01,0.000000000000000000e+00,0.000000000000000000e+00
4.709807182249635105e+01,0.000000000000000000e+00,0.000000000000000000e+00
4.983923497250909662e+01,0.000000000000000000e+00,0.000000000000000000e+00
4.731404169695628070e+01,0.000000000000000000e+00,0.000000000000000000e+00
5.303794484776669549e+01,0.000000000000000000e+00,0.000000000000000000e+00
5.091432447312799070e+01,0.000000000000000000e+00,0.000000000000000000e+00
5.427711491218180129e+01,0.000000000000000000e+00,0.000000000000000000e+00
4.910480584498698420e+01,0.000000000000000000e+00,0.000000000000000000e+00
5.109148428901961836e+01,0.000000000000000000e+00,0.000000000000000000e+00
4.824386862555527955e+01,0.000000000000000000e+00,0.000000000000000000e+00
5.014711657928529576e+01,0.000000000000000000e+00,0.000000000000000000e+00
4.986619008011484055e+01,0.000000000000000000e+00,0.000000000000000000e+00
4.942395077400402670e+01,0.000000000000000000e+00,0.000000000000000000e+00
4.999263497565311098e+01,0.000000000000000000e+00,0.000000000000000000e+00
5.238342721112925915e+01,0.000000000000000000e+00,0.000000000000000000e+00
4.668427414142804110e+01,0.000000000000000000e+00,0.000000000000000000e+00
5.038987259544668973e+01,0.000000000000000000e+00,0.000000000000000000e+00
4.746010979467193636e+01,0.000000000000000000e+00,0.000000000000000000e+00
5.236839561320347514e+01,0.000000000000000000e+00,0.000000000000000000e+00
4.970480752075710740e+01,0.000000000000000000e+00,0.000000000000000000e+00
4.813735068515546089e+01,0.000000000000000000e+00,0.000000000000000000e+00
5.425233819011177872e+01,0.000000000000000000e+00,0.000000000000000000e+00
5.249469590240619254e+01,0.000000000000000000e+00,0.000000000000000000e+00
5.548151356174479787e+01,0.000000000000000000e+00,0.000000000000000000e+00
4.948149328723315676e+01,0.000000000000000000e+00,0.000000000000000000e+00
5.522378239495535723e+01,0.000000000000000000e+00,0.000000000000000000e+00
4.772351966818867908e+01,0.000000000000000000e+00,0.000000000000000000e+00
5.240087236096835710e+01,0.000000000000000000e+00,0.000000000000000000e+00
5.071619700850172308e+01,0.000000000000000000e+00,0.000000000000000000e+00
4.926508808673295903e+01,0.000000000000000000e+00,0.000000000000000000e+00
5.239285507548644460e+01,0.000000000000000000e+00,0.000000000000000000e+00
5.516424908479809375e+01,0.000000000000000000e+00,0.000000000000000000e+00
5.190040413715385625e+01,0.000000000000000000e+00,0.000000000000000000e+00
5.202149341408305361e+01,0.000000000000000000e+00,0.000000000000000000e+00
5.203868508347462551e+01,0.000000000000000000e+00,0.000000000000000000e+00
5.641864453484958375e+01,0.000000000000000000e+00,0.000000000000000000e+00
5.248305450759997370e+01,0.000000000000000000e+00,0.000000000000000000e+00
5.302859422939393141e+01,0.000000000000000000e+00,0.000000000000000000e+00
5.483514748912639902e+01,0.000000000000000000e+00,0.000000000000000000e+00
5.201793957399852530e+01,0.000000000000000000e+00,0.000000000000000000e+00
5.591833162725618678e+01,0.000000000000000000e+00,0.000000000000000000e+00
5.534165431618998809e+01,0.000000000000000000e+00,0.000000000000000000e+00
5.289404831398275775e+01,0.000000000000000000e+00,0.000000000000000000e+00
5.493532138062357717e+01,0.000000000000000000e+00,0.000000000000000000e+00
5.534488875202048774e+01,0.000000000000000000e+00,0.000000000000000000e+00
5.595482487621570300e+01,0.000000000000000000e+00,0.000000000000000000e+00
5.635389200173709412e+01,0.000000000000000000e+00,0.000000000000000000e+00
5.301912556356934658e+01,0.000000000000000000e+00,0.000000000000000000e+00
5.383687952523373355e+01,0.000000000000000000e+00,0.000000000000000000e+00
5.866812884609239376e+01,0.000000000000000000e+00,0.000000000000000000e+00
5.293576108560979776e+01,0.000000000000000000e+00,0.000000000000000000e+00
5.493809573946086999e+01,0.000000000000000000e+00,0.000000000000000000e+00
5.199119051249750356e+01,0.000000000000000000e+00,0.000000000000000000e+00
5.321768401205586940e+01,0.000000000000000000e+00,0.000000000000000000e+00
5.677350785162582270e+01,0.000000000000000000e+00,0.000000000000000000e+00
5.012961002836635060e+01,0.000000000000000000e+00,0.000000000000000000e+00
5.384299829973023321e+01,0.000000000000000000e+00,0.000000000000000000e+00
5.043288860575167831e+01,0.000000000000000000e+00,0.000000000000000000e+00
5.597743478764881075e+01,0.000000000000000000e+00,0.000000000000000000e+00
5.572534945113772409e+01,0.000000000000000000e+00,0.000000000000000000e+00
5.390764088451980740e+01,0.000000000000000000e+00,0.000000000000000000e+00
5.673835560810068301e+01,0.000000000000000000e+00,0.000000000000000000e+00
5.572409010419563202e+01,0.000000000000000000e+00,0.000000000000000000e+00
5.176293451893230468e+01,0.000000000000000000e+00,0.000000000000000000e+00
5.630855766817453656e+01,0.000000000000000000e+00,0.000000000000000000e+00
5.387891993139650282e+01,0.000000000000000000e+00,0.000000000000000000e+00
5.586137176868629695e+01,0.000000000000000000e+00,0.000000000000000000e+00
5.690662168932714593e+01,0.000000000000000000e+00,0.000000000000000000e+00
5.747897921134599386e+01,0.000000000000000000e+00,0.000000000000000000e+00
5.382842269858182505e+01,0.000000000000000000e+00,0.000000000000000000e+00
5.815967872167066588e+01,0.000000000000000000e+00,0.000000000000000000e+00
5.625390702574220114e+01,0.000000000000000000e+00,0.000000000000000000e+00
5.469783082841482269e+01,0.000000000000000000e+00,0.000000000000000000e+00
5.365982922209597206e+01,0.000000000000000000e+00,0.000000000000000000e+00
5.875081777710001063e+01,0.000000000000000000e+00,0.000000000000000000e+00
5.417730115290227388e+01,0.000000000000000000e+00,0.000000000000000000e+00
5.463021772551537225e+01,0.000000000000000000e+00,0.000000000000000000e+00
5.511300375182329958e+01,0.000000000000000000e+00,0.000000000000000000e+00
5.655868157496006177e+01,0.000000000000000000e+00,0.000000000000000000e+00
5.402196316198699577e+01,0.000000000000000000e+00,0.000000000000000000e+00
5.879788770466038272e+01,0.000000000000000000e+00,0.000000000000000000e+00
5.570594327519955868e+01,0.000000000000000000e+00,0.000000000000000000e+00
5.763936880682593511e+01,0.000000000000000000e+00,0.000000000000000000e+00
5.716786033461721672e+01,0.000000000000000000e+00,0.000000000000000000e+00
5.799113545005949533e+01,0.000000000000000000e+00,0.000000000000000000e+00
5.600147946414807620e+01,0.000000000000000000e+00,0.000000000000000000e+00
5.490225523139974939e+01,0.000000000000000000e+00,0.000000000000000000e+00
5.509258651936094253e+01,0.000000000000000000e+00,0.000000000000000000e+00
6.077360119912201242e+01,0.000000000000000000e+00,0.000000000000000000e+00
5.851049541558370493e+01,0.000000000000000000e+00,0.000000000000000000e+00
5.683870616128095321e+01,0.000000000000000000e+00,0.000000000000000000e+00
6.025799142573605138e+01,0.000000000000000000e+00,0.000000000000000000e+00
5.645727809705442723e+01,0.000000000000000000e+00,0.000000000000000000e+00
5.980792935212203076e+01,0.000000000000000000e+00,0.000000000000000000e+00
5.365247479170883338e+01,0.000000000000000000e+00,0.000000000000000000e+00
5.757220359083002847e+01,0.000000000000000000e+00,0.000000000000000000e+00
5.875498621156048529e+01,0.000000000000000000e+00,0.000000000000000000e+00
5.489374447431440274e+01,0.000000000000000000e+00,0.000000000000000000e+00
5.583685235161694749e+01,0.000000000000000000e+00,0.000000000000000000e+00
5.317999813624700778e+01,0.000000000000000000e+00,0.000000000000000000e+00
5.786096623433387975e+01,0.000000000000000000e+00,0.000000000000000000e+00
5.969674847996459022e+01,0.000000000000000000e+00,0.000000000000000000e+00
5.862298272873485416e+01,0.000000000000000000e+00,0.000000000000000000e+00
5.700992942657791929e+01,0.000000000000000000e+00,0.000000000000000000e+00
5.821331743872429598e+01,0.000000000000000000e+00,0.000000000000000000e+00
6.056438578580090137e+01,0.000000000000000000e+00,0.000000000000000000e+00
5.883155784196497251e+01,0.000000000000000000e+00,0.000000000000000000e+00
6.004689222105680102e+01,0.000000000000000000e+00,0.000000000000000000e+00
5.818280065043136773e+01,0.000000000000000000e+00,0.000000000000000000e+00
5.883604934571943801e+01,0.000000000000000000e+00,0.000000000000000000e+00
5.884316415897541219e+01,0.000000000000000000e+00,0.000000000000000000e+00
6.004076493408362580e+01,0.000000000000000000e+00,0.000000000000000000e+00
5.980099001483556975e+01,0.000000000000000000e+00,0.000000000000000000e+00
5.881951768073536613e+01,0.000000000000000000e+00,0.000000000000000000e+00
6.094168049151181776e+01,0.000000000000000000e+00,0.000000000000000000e+00
5.913271003734492837e+01,0.000000000000000000e+00,0.000000000000000000e+00
5.967996344218764904e+01,0.000000000000000000e+00,0.000000000000000000e+00
6.012384694022798470e+01,0.000000000000000000e+00,0.000000000000000000e+00
5.777434338253858925e+01,0.000000000000000000e+00,0.000000000000000000e+00
5.886414064689508052e+01,0.000000000000000000e+00,0.000000000000000000e+00
6.144871324074244257e+01,0.000000000000000000e+00,0.000000000000000000e+00
6.377496085896108013e+01,0.000000000000000000e+00,0.000000000000000000e+00
5.907092149302507522e+01,0.000000000000000000e+00,0.000000000000000000e+00
5.871283766336512144e+01,0.000000000000000000e+00,0.000000000000000000e+00
5.947197333707703137e+01,0.000000000000000000e+00,0.000000000000000000e+00
6.097694016390776994e+01,0.000000000000000000e+00,0.000000000000000000e+00
6.132842373564418637e+01,0.000000000000000000e+00,0.000000000000000000e+00
5.997048122687512972e+01,0.000000000000000000e+00,0.000000000000000000e+00
5.794464803097177708e+01,0.000000000000000000e+00,0.000000000000000000e+00
6.243863330130964329e+01,0.000000000000000000e+00,0.000000000000000000e+00
6.061467023515347563e+01,0.000000000000000000e+00,0.000000000000000000e+00
5.874321084099769763e+01,0.000000000000000000e+00,0.000000000000000000e+00
5.910348584563796237e+01,0.000000000000000000e+00,0.000000000000000000e+00
5.870542008559115033e+01,0.000000000000000000e+00,0.000000000000000000e+00
5.814449925839109312e+01,0.000000000000000000e+00,0.000000000000000000e+00
5.966176198546659748e+01,0.000000000000000000e+00,0.000000000000000000e+00
5.950305738314023074e+01,0.000000000000000000e+00,0.000000000000000000e+00
6.369427131440948386e+01,0.000000000000000000e+00,0.000000000000000000e+00
5.947441366803572294e+01,0.000000000000000000e+00,0.000000000000000000e+00
6.298860153783331839e+01,0.000000000000000000e+00,0.000000000000000000e+00
6.295968374552549562e+01,0.000000000000000000e+00,0.000000000000000000e+00
6.527695435101215082e+01,0.000000000000000000e+00,0.000000000000000000e+00
6.419324280862639398e+01,0.000000000000000000e+00,0.000000000000000000e+00
6.385132850858180831e+01,0.000000000000000000e+00,0.000000000000000000e+00
6.157669772108930317e+01,0.000000000000000000e+00,0.000000000000000000e+00
6.591158691726064944e+01,0.000000000000000000e+00,0.000000000000000000e+00
6.200879608634571838e+01,0.000000000000000000e+00,0.000000000000000000e+00
6.040076695047883248e+01,0.000000000000000000e+00,0.000000000000000000e+00
6.297349425238826370e+01,0.000000000000000000e+00,0.000000000000000000e+00
6.425774149101967225e+01,0.000000000000000000e+00,0.000000000000000000e+00
6.431014817858452659e+01,0.000000000000000000e+00,0.000000000000000000e+00
6.167662510720209923e+01,0.000000000000000000e+00,0.000000000000000000e+00
5.661257244161220825e+01,0.000000000000000000e+00,0.000000000000000000e+00
6.470180643996097558e+01,0.000000000000000000e+00,0.000000000000000000e+00
6.096484043496307237e+01,0.000000000000000000e+00,0.000000000000000000e+00
6.291388104339956300e+01,0.000000000000000000e+00,0.000000000000000000e+00
6.126853041957772206e+01,0.000000000000000000e+00,0.000000000000000000e+00
6.267456512920858103e+01,0.000000000000000000e+00,0.000000000000000000e+00
6.351139509454963417e+01,0.000000000000000000e+00,0.000000000000000000e+00
5.959683497439817756e+01,0.000000000000000000e+00,0.000000000000000000e+00
6.229266943396136469e+01,0.000000000000000000e+00,0.000000000000000000e+00
6.558003247582868767e+01,0.000000000000000000e+00,0.000000000000000000e+00
6.322657373250510204e+01,0.000000000000000000e+00,0.000000000000000000e+00
6.377610331829013290e+01,0.000000000000000000e+00,0.000000000000000000e+00
6.237997010206525061e+01,0.000000000000000000e+00,0.000000000000000000e+00
6.500438200847692372e+01,0.000000000000000000e+00,0.000000000000000000e+00
6.076475547953711498e+01,0.000000000000000000e+00,0.000000000000000000e+00
6.409831988444514650e+01,0.000000000000000000e+00,0.000000000000000000e+00
6.120947183674224590e+01,0.000000000000000000e+00,0.000000000000000000e+00
6.361212939586794590e+01,0.000000000000000000e+00,0.000000000000000000e+00
6.500909756912345472e+01,0.000000000000000000e+00,0.000000000000000000e+00
6.288605167706312926e+01,0.000000000000000000e+00,0.000000000000000000e+00
6.267380792727297489e+01,0.000000000000000000e+00,0.000000000000000000e+00
6.362158010297172694e+01,0.000000000000000000e+00,0.000000000000000000e+00
6.333111140578043319e+01,0.000000000000000000e+00,0.000000000000000000e+00
6.597530282505073274e+01,0.000000000000000000e+00,0.000000000000000000e+00
6.238256979595358587e+01,0.000000000000000000e+00,0.000000000000000000e+00
6.188637528768630602e+01,0.000000000000000000e+00,0.000000000000000000e+00
6.429787284945999204e+01,0.000000000000000000e+00,0.000000000000000000e+00
6.710351906475857220e+01,0.000000000000000000e+00,0.000000000000000000e+00
6.431465703387458177e+01,0.000000000000000000e+00,0.000000000000000000e+00
6.666295976743376173e+01,0.000000000000000000e+00,0.000000000000000000e+00
6.360674746139864055e+01,0.000000000000000000e+00,0.000000000000000000e+00
6.370801800725029551e+01,0.000000000000000000e+00,0.000000000000000000e+00
6.318382129041684436e+01,0.000000000000000000e+00,0.000000000000000000e+00
6.403276303323885088e+01,0.000000000000000000e+00,0.000000000000000000e+00
6.179514833697570708e+01,0.000000000000000000e+00,0.000000000000000000e+00
6.323215235001951129e+01,0.000000000000000000e+00,0.000000000000000000e+00
6.161994057285852477e+01,0.000000000000000000e+00,0.000000000000000000e+00
6.672233754803089312e+01,0.000000000000000000e+00,0.000000000000000000e+00
6.633513089394909912e+01,0.000000000000000000e+00,0.000000000000000000e+00
6.718011859779424810e+01,0.000000000000000000e+00,0.000000000000000000e+00
6.216197155500199756e+01,0.000000000000000000e+00,0.000000000000000000e+00
7.034546043431095086e+01,0.000000000000000000e+00,0.000000000000000000e+00
6.431444422427028940e+01,0.000000000000000000e+00,0.000000000000000000e+00
6.838884399378522971e+01,0.000000000000000000e+00,0.000000000000000000e+00
6.252412160760081861e+01,0.000000000000000000e+00,0.000000000000000000e+00
6.372571979274226806e+01,0.000000000000000000e+00,0.000000000000000000e+00
6.565009525783604261e+01,0.000000000000000000e+00,0.000000000000000000e+00
6.786853169571321587e+01,0.000000000000000000e+00,0.000000000000000000e+00
6.567419628155094813e+01,0.000000000000000000e+00,0.000000000000000000e+00
6.360921224306553512e+01,0.000000000000000000e+00,0.000000000000000000e+00
6.594616467663891513e+01,0.000000000000000000e+00,0.000000000000000000e+00
6.624303988851607983e+01,0.000000000000000000e+00,0.000000000000000000e+00
6.711960360379019619e+01,0.000000000000000000e+00,0.000000000000000000e+00
6.378366254682934056e+01,0.000000000000000000e+00,0.000000000000000000e+00
6.959766203049669286e+01,0.000000000000000000e+00,0.000000000000000000e+00
6.523551149735733645e+01,0.000000000000000000e+00,0.000000000000000000e+00
6.977268503901794361e+01,0.000000000000000000e+00,0.000000000000000000e+00
6.698017139747447857e+01,0.000000000000000000e+00,0.000000000000000000e+00
6.926910955872384079e+01,0.000000000000000000e+00,0.000000000000000000e+00
6.258523651873453986e+01,0.000000000000000000e+00,0.000000000000000000e+00
6.649115944190732819e+01,0.000000000000000000e+00,0.000000000000000000e+00
6.668836466934287444e+01,0.000000000000000000e+00,0.000000000000000000e+00
6.603596818659167411e+01,0.000000000000000000e+00,0.000000000000000000e+00
6.643871049757349567e+01,0.000000000000000000e+00,0.000000000000000000e+00
6.460939282237514192e+01,0.000000000000000000e+00,0.000000000000000000e+00
6.481344911254439012e+01,0.000000000000000000e+00,0.000000000000000000e+00
6.794727399808365931e+01,0.000000000000000000e+00,0.000000000000000000e+00
6.548868613129639016e+01,0.000000000000000000e+00,0.000000000000000000e+00
6.841113979711134618e+01,0.000000000000000000e+00,0.000000000000000000e+00
6.978219513649857220e+01,0.000000000000000000e+00,0.000000000000000000e+00
6.980290121021351979e+01,0.000000000000000000e+00,0.000000000000000000e+00
6.598483860293136161e+01,0.000000000000000000e+00,0.000000000000000000e+00
6.786957157137948116e+01,0.000000000000000000e+00,0.000000000000000000e+00
6.853599625967349596e+01,0.000000000000000000e+00,0.000000000000000000e+00
6.733640113304474539e+01,0.000000000000000000e+00,0.000000000000000000e+00
6.962121854609785032e+01,0.000000000000000000e+00,0.000000000000000000e+00
6.464586936883449653e+01,0.000000000000000000e+00,0.000000000000000000e+00
6.995748190134025890e+01,0.000000000000000000e+00,0.000000000000000000e+00
6.845791872819989976e+01,0.000000000000000000e+00,0.000000000000000000e+00
6.597616891932055694e+01,0.000000000000000000e+00,0.000000000000000000e+00
7.183919682285284125e+01,0.000000000000000000e+00,0.000000000000000000e+00
6.495044682668030589e+01,0.000000000000000000e+00,0.000000000000000000e+00
6.683273059497459201e+01,0.000000000000000000e+00,0.000000000000000000e+00
6.659673755741380319e+01,0.000000000000000000e+00,0.000000000000000000e+00
6.626242864944187261e+01,0.000000000000000000e+00,0.000000000000000000e+00
6.639631684009795265e+01,0.000000000000000000e+00,0.000000000000000000e+00
7.035926331981823978e+01,0.000000000000000000e+00,0.000000000000000000e+00
6.902025970308572766e+01,0.000000000000000000e+00,0.000000000000000000e+00
6.536975356652811797e+01,0.000000000000000000e+00,0.000000000000000000e+00
6.605411379526898941e+01,0.000000000000000000e+00,0.000000000000000000e+00
6.964758743463386281e+01,0.000000000000000000e+00,0.000000000000000000e+00
7.184192936009750952e+01,0.000000000000000000e+00,0.000000000000000000e+00
6.861851346071065905e+01,0.000000000000000000e+00,0.000000000000000000e+00
6.391574723257079427e+01,0.000000000000000000e+00,0.000000000000000000e+00
6.856874557910370527e+01,0.000000000000000000e+00,0.000000000000000000e+00
6.994140523445280166e+01,0.000000000000000000e+00,0.000000000000000000e+00
6.654330558478179114e+01,0.000000000000000000e+00,0.000000000000000000e+00
6.734070071504702071e+01,0.000000000000000000e+00,0.000000000000000000e+00
6.363439865870669365e+01,0.000000000000000000e+00,0.000000000000000000e+00
6.625278870867438741e+01,0.000000000000000000e+00,0.000000000000000000e+00
7.152629746831087232e+01,0.000000000000000000e+00,0.000000000000000000e+00
6.732484312602048249e+01,0.000000000000000000e+00,0.000000000000000000e+00
7.121898493671308472e+01,0.000000000000000000e+00,0.000000000000000000e+00
6.874055201458054398e+01,0.000000000000000000e+00,0.000000000000000000e+00
7.390507355300275094e+01,0.000000000000000000e+00,0.000000000000000000e+00
6.801440501183382992e+01,0.000000000000000000e+00,0.000000000000000000e+00
6.991836261099629724e+01,0.000000000000000000e+00,0.000000000000000000e+00
7.009275408572514721e+01,0.000000000000000000e+00,0.000000000000000000e+00
6.923270991720320922e+01,0.000000000000000000e+00,0.000000000000000000e+00
7.214947333477414304e+01,0.000000000000000000e+00,0.000000000000000000e+00
7.105244163298935689e+01,0.000000000000000000e+00,0.000000000000000000e+00
6.894548331289058751e+01,0.000000000000000000e+00,0.000000000000000000e+00
7.058956520798166423e+01,0.000000000000000000e+00,0.000000000000000000e+00
7.202244674795106505e+01,0.000000000000000000e+00,0.000000000000000000e+00
6.846676151939287536e+01,0.000000000000000000e+00,0.000000000000000000e+00
6.798773908752191630e+01,0.000000000000000000e+00,0.000000000000000000e+00
7.264315265182460735e+01,0.000000000000000000e+00,0.000000000000000000e+00
7.039029783839183096e+01,0.000000000000000000e+00,0.000000000000000000e+00
6.531929833444536371e+01,0.000000000000000000e+00,0.000000000000000000e+00
7.023400748061519039e+01,0.000000000000000000e+00,0.000000000000000000e+00
6.764755275910842158e+01,0.000000000000000000e+00,0.000000000000000000e+00
7.035700932796370921e+01,0.000000000000000000e+00,0.000000000000000000e+00
7.170628716323408014e+01,0.000000000000000000e+00,0.000000000000000000e+00
7.058552684185444548e+01,0.000000000000000000e+00,0.000000000000000000e+00
7.135347442543744023e+01,0.000000000000000000e+00,0.000000000000000000e+00
7.269314210017927280e+01,0.000000000000000000e+00,0.000000000000000000e+00
6.749271474718020158e+01,0.000000000000000000e+00,0.000000000000000000e+00
7.341594797858844856e+01,0.000000000000000000e+00,0.000000000000000000e+00
6.496503984252929342e+01,0.000000000000000000e+00,0.000000000000000000e+00
7.010675088842357638e+01,0.000000000000000000e+00,0.000000000000000000e+00
6.759366494771236944e+01,0.000000000000000000e+00,0.000000000000000000e+00
7.237390353288627409e+01,0.000000000000000000e+00,0.000000000000000000e+00
6.937603666990182205e+01,0.000000000000000000e+00,0.000000000000000000e+00
7.126706334986275237e+01,0.000000000000000000e+00,0.000000000000000000e+00
7.100343646722832602e+01,0.000000000000000000e+00,0.000000000000000000e+00
7.038749225848702906e+01,0.000000000000000000e+00,0.000000000000000000e+00
7.051805722378688301e+01,0.000000000000000000e+00,0.000000000000000000e+00
6.970361250860895552e+01,0.000000000000000000e+00,0.000000000000000000e+00
7.348698533775795738e+01,0.000000000000000000e+00,0.000000000000000000e+00
6.682915962928744591e+01,0.000000000000000000e+00,0.000000000000000000e+00
7.083548552915783603e+01,0.000000000000000000e+00,0.000000000000000000e+00
7.301570206933837426e+01,0.000000000000000000e+00,0.000000000000000000e+00
6.818143430330584920e+01,0.000000000000000000e+00,0.000000000000000000e+00
7.227938065615268215e+01,0.000000000000000000e+00,0.000000000000000000e+00
7.267902533425190370e+01,0.000000000000000000e+00,0.000000000000000000e+00
7.210378711811333119e+01,0.000000000000000000e+00,0.000000000000000000e+00
7.541053397495517174e+01,0.000000000000000000e+00,0.000000000000000000e+00
7.358682084399798384e+01,0.000000000000000000e+00,0.000000000000000000e+00
7.048115314017226751e+01,0.000000000000000000e+00,0.000000000000000000e+00
7.232155526331128215e+01,0.000000000000000000e+00,0.000000000000000000e+00
6.953427191469293689e+01,0.000000000000000000e+00,0.000000000000000000e+00
7.224952878560655734e+01,0.000000000000000000e+00,0.000000000000000000e+00
7.364714715777529364e+01,0.000000000000000000e+00,0.000000000000000000e+00
6.790533473751385429e+01,0.000000000000000000e+00,0.000000000000000000e+00
7.238334661916481139e+01,0.000000000000000000e+00,0.000000000000000000e+00
7.501675789328659505e+01,0.000000000000000000e+00,0.000000000000000000e+00
7.403541735569243087e+01,0.000000000000000000e+00,0.000000000000000000e+00
7.428717295086073591e+01,0.000000000000000000e+00,0.000000000000000000e+00
6.992312147943972889e+01,0.000000000000000000e+00,0.000000000000000000e+00
7.180983733939979174e+01,0.000000000000000000e+00,0.000000000000000000e+00
7.391606129542873305e+01,0.000000000000000000e+00,0.000000000000000000e+00
7.120844120292701973e+01,0.000000000000000000e+00,0.000000000000000000e+00
7.337375381400084962e+01,0.000000000000000000e+00,0.000000000000000000e+00
7.525542385416736124e+01,0.000000000000000000e+00,0.000000000000000000e+00
7.107649200082244079e+01,0.000000000000000000e+00,0.000000000000000000e+00
7.348652515295496812e+01,0.000000000000000000e+00,0.000000000000000000e+00
7.296618665431475392e+01,0.000000000000000000e+00,0.000000000000000000e+00
7.214023483017325589e+01,0.000000000000000000e+00,0.000000000000000000e+00
7.332825897379620983e+01,0.000000000000000000e+00,0.000000000000000000e+00
7.200005714488945330e+01,0.000000000000000000e+00,0.000000000000000000e+00
7.064683918946016661e+01,0.000000000000000000e+00,0.000000000000000000e+00
7.277606152818619023e+01,0.000000000000000000e+00,0.000000000000000000e+00
7.487956916757211445e+01,0.000000000000000000e+00,0.000000000000000000e+00
7.519687643732402194e+01,0.000000000000000000e+00,0.000000000000000000e+00
7.448211499708784800e+01,0.000000000000000000e+00,0.000000000000000000e+00
7.241975554287959937e+01,0.000000000000000000e+00,0.000000000000000000e+00
7.627718392362741895e+01,0.000000000000000000e+00,0.000000000000000000e+00
7.590946653631995389e+01,0.000000000000000000e+00,0.000000000000000000e+00
7.421861518322801032e+01,0.000000000000000000e+00,0.000000000000000000e+00
7.455813151925798365e+01,0.000000000000000000e+00,0.000000000000000000e+00
7.676036766253500332e+01,0.000000000000000000e+00,0.000000000000000000e+00
7.561098508820114716e+01,0.000000000000000000e+00,0.000000000000000000e+00
7.325485264025634535e+01,0.000000000000000000e+00,0.000000000000000000e+00
7.379497200562236969e+01,0.000000000000000000e+00,0.000000000000000000e+00
7.528544168272925674e+01,0.000000000000000000e+00,0.000000000000000000e+00
7.355528451763373710e+01,0.000000000000000000e+00,0.000000000000000000e+00
7.383462985077292728e+01,0.000000000000000000e+00,0.000000000000000000e+00
7.632201403461698419e+01,0.000000000000000000e+00,0.000000000000000000e+00
7.107601427207178801e+01,0.000000000000000000e+00,0.000000000000000000e+00
7.028207313461811623e+01,0.000000000000000000e+00,0.000000000000000000e+00
6.921521376895888977e+01,0.000000000000000000e+00,0.000000000000000000e+00
7.438440802584177902e+01,0.000000000000000000e+00,0.000000000000000000e+00
7.421090767175108738e+01,0.000000000000000000e+00,0.000000000000000000e+00
7.259778075529547436e+01,0.000000000000000000e+00,0.000000000000000000e+00
7.403453952600813182e+01,0.000000000000000000e+00,0.000000000000000000e+00
7.572037702417806315e+01,0.000000000000000000e+00,0.000000000000000000e+00
7.505197121902148183e+01,0.000000000000000000e+00,0.000000000000000000e+00
7.346926446639264441e+01,0.000000000000000000e+00,0.000000000000000000e+00
7.176613509379318145e+01,0.000000000000000000e+00,0.000000000000000000e+00
7.346772140405664686e+01,0.000000000000000000e+00,0.000000000000000000e+00
7.349286513129844423e+01,0.000000000000000000e+00,0.000000000000000000e+00
7.399300680716012835e+01,0.000000000000000000e+00,0.000000000000000000e+00
7.655331190163514066e+01,0.000000000000000000e+00,0.000000000000000000e+00
7.700745158300526327e+01,0.000000000000000000e+00,0.000000000000000000e+00
7.375918745242596231e+01,0.000000000000000000e+00,0.000000000000000000e+00
7.475655360346011946e+01,0.000000000000000000e+00,0.000000000000000000e+00
7.487640795124723070e+01,0.000000000000000000e+00,0.000000000000000000e+00
7.651554164860108642e+01,0.000000000000000000e+00,0.000000000000000000e+00
7.450633918099288167e+01,0.000000000000000000e+00,0.000000000000000000e+00
7.484159669955741379e+01,0.000000000000000000e+00,0.000000000000000000e+00
7.509145741197195889e+01,0.000000000000000000e+00,0.000000000000000000e+00
7.469767569668077556e+01,0.000000000000000000e+00,0.000000000000000000e+00
7.619901830990353631e+01,0.000000000000000000e+00,0.000000000000000000e+00
7.537520790802480519e+01,0.000000000000000000e+00,0.000000000000000000e+00
7.548063034780524561e+01,0.000000000000000000e+00,0.000000000000000000e+00
7.453772069583250470e+01,0.000000000000000000e+00,0.000000000000000000e+00
7.185863873114938372e+01,0.000000000000000000e+00,0.000000000000000000e+00
7.824738943739514241e+01,0.000000000000000000e+00,0.000000000000000000e+00
7.786295208270118451e+01,0.000000000000000000e+00,0.000000000000000000e+00
7.563101943543895800e+01,0.000000000000000000e+00,0.000000000000000000e+00
7.470886373334097641e+01,0.000000000000000000e+00,0.000000000000000000e+00
8.092652659673366600e+01,0.000000000000000000e+00,0.000000000000000000e+00
7.761862135496598114e+01,0.000000000000000000e+00,0.000000000000000000e+00
7.640057938587297315e+01,0.000000000000000000e+00,0.000000000000000000e+00
7.647434417996582567e+01,0.000000000000000000e+00,0.000000000000000000e+00
7.558133452559509635e+01,0.000000000000000000e+00,0.000000000000000000e+00
7.793932074782760822e+01,0.000000000000000000e+00,0.000000000000000000e+00
7.504233979636309471e+01,0.000000000000000000e+00,0.000000000000000000e+00
7.541483184029111442e+01,0.000000000000000000e+00,0.000000000000000000e+00
7.095277252559837677e+01,0.000000000000000000e+00,0.000000000000000000e+00
7.917013495520990318e+01,0.000000000000000000e+00,0.000000000000000000e+00
7.569218254763488574e+01,0.000000000000000000e+00,0.000000000000000000e+00
7.761543319828638232e+01,0.000000000000000000e+00,0.000000000000000000e+00
7.554067804827590749e+01,0.000000000000000000e+00,0.000000000000000000e+00
7.298400473408180744e+01,0.000000000000000000e+00,0.000000000000000000e+00
7.698292802834548354e+01,0.000000000000000000e+00,0.000000000000000000e+00
7.670661103949686321e+01,0.000000000000000000e+00,0.000000000000000000e+00
7.824631764156717395e+01,0.000000000000000000e+00,0.000000000000000000e+00
7.442472507261037151e+01,0.000000000000000000e+00,0.000000000000000000e+00
7.717270140830891023e+01,0.000000000000000000e+00,0.000000000000000000e+00
7.573245388869624151e+01,0.000000000000000000e+00,0.000000000000000000e+00
7.494069227060404614e+01,0.000000000000000000e+00,0.000000000000000000e+00
8.063537087090668365e+01,0.000000000000000000e+00,0.000000000000000000e+00
7.359451294157692303e+01,0.000000000000000000e+00,0.000000000000000000e+00
7.860885067893764244e+01,0.000000000000000000e+00,0.000000000000000000e+00
7.351218105328297270e+01,0.000000000000000000e+00,0.000000000000000000e+00
7.638408445130670543e+01,0.000000000000000000e+00,0.000000000000000000e+00
7.566497828215439370e+01,0.000000000000000000e+00,0.000000000000000000e+00
7.570278360398941686e+01,0.000000000000000000e+00,0.000000000000000000e+00
7.364761896927630858e+01,0.000000000000000000e+00,0.000000000000000000e+00
7.516004345297362477e+01,0.000000000000000000e+00,0.000000000000000000e+00
7.776256735737375436e+01,0.000000000000000000e+00,0.000000000000000000e+00
7.620504283369872667e+01,0.000000000000000000e+00,0.000000000000000000e+00
7.673855928754117883e+01,0.000000000000000000e+00,0.000000000000000000e+00
7.551612641012506799e+01,0.000000000000000000e+00,0.000000000000000000e+00
7.593517576368792277e+01,0.000000000000000000e+00,0.000000000000000000e+00
7.907761550892905689e+01,0.000000000000000000e+00,0.000000000000000000e+00
7.364925584037574424e+01,0.000000000000000000e+00,0.000000000000000000e+00
7.816820896691251619e+01,0.000000000000000000e+00,0.000000000000000000e+00
7.651533869845221147e+01,0.000000000000000000e+00,0.000000000000000000e+00
7.760771863045357577e+01,0.000000000000000000e+00,0.000000000000000000e+00
7.509632916612795839e+01,0.000000000000000000e+00,0.000000000000000000e+00
7.456195241423708353e+01,0.000000000000000000e+00,0.000000000000000000e+00
7.757170396847409677e+01,0.000000000000000000e+00,0.000000000000000000e+00
7.557721842526471789e+01,0.000000000000000000e+00,0.000000000000000000e+00
7.536147747796057672e+01,0.000000000000000000e+00,0.000000000000000000e+00
7.844094709915464136e+01,0.000000000000000000e+00,0.000000000000000000e+00
7.810528385386034245e+01,0.000000000000000000e+00,0.000000000000000000e+00
7.912516174920615697e+01,0.000000000000000000e+00,0.000000000000000000e+00
7.962627001608359478e+01,0.000000000000000000e+00,0.000000000000000000e+00
7.750471242787105552e+01,0.000000000000000000e+00,0.000000000000000000e+00
7.385979599770250559e+01,0.000000000000000000e+00,0.000000000000000000e+00
7.563251602771555326e+01,0.000000000000000000e+00,0.000000000000000000e+00
7.607139132984954699e+01,0.000000000000000000e+00,0.000000000000000000e+00
7.584759974614480882e+01,0.000000000000000000e+00,0.000000000000000000e+00
7.862744903344585623e+01,0.000000000000000000e+00,0.000000000000000000e+00
8.244579108001457257e+01,0.000000000000000000e+00,0.000000000000000000e+00
7.503334852888393414e+01,0.000000000000000000e+00,0.000000000000000000e+00
7.642682249706290065e+01,0.000000000000000000e+00,0.000000000000000000e+00
7.880425819360050355e+01,0.000000000000000000e+00,0.000000000000000000e+00
7.901810011053261462e+01,0.000000000000000000e+00,0.000000000000000000e+00
7.855801909788021931e+01,0.000000000000000000e+00,0.000000000000000000e+00
7.258282731507031826e+01,0.000000000000000000e+00,0.000000000000000000e+00
7.827164448282697151e+01,0.000000000000000000e+00,0.000000000000000000e+00
7.876794374439720059e+01,0.000000000000000000e+00,0.000000000000000000e+00
7.672466673428208139e+01,0.000000000000000000e+00,0.000000000000000000e+00
8.055690626146835598e+01,0.000000000000000000e+00,0.000000000000000000e+00
7.703594815519802808e+01,0.000000000000000000e+00,0.000000000000000000e+00
7.622469972445938424e+01,0.000000000000000000e+00,0.000000000000000000e+00
7.933485993868623609e+01,0.000000000000000000e+00,0.000000000000000000e+00
8.002846374437739030e+01,0.000000000000000000e+00,0.000000000000000000e+00
7.784628805473842306e+01,0.000000000000000000e+00,0.000000000000000000e+00
7.816915062164926553e+01,0.000000000000000000e+00,0.000000000000000000e+00
7.781397146162026957e+01,0.000000000000000000e+00,0.000000000000000000e+00
8.253633023842468219e+01,0.000000000000000000e+00,0.000000000000000000e+00
7.954840936798085238e+01,0.000000000000000000e+00,0.000000000000000000e+00
7.697598348954571179e+01,0.000000000000000000e+00,0.000000000000000000e+00
8.047310867333794704e+01,0.000000000000000000e+00,0.000000000000000000e+00
7.740501830258035909e+01,0.000000000000000000e+00,0.000000000000000000e+00
7.737770487494219651e+01,0.000000000000000000e+00,0.000000000000000000e+00
8.067825615041117260e+01,0.000000000000000000e+00,0.000000000000000000e+00
7.809671302415462435e+01,0.000000000000000000e+00,0.000000000000000000e+00
7.635549682166953289e+01,0.000000000000000000e+00,0.000000000000000000e+00
7.359080122808728674e+01,0.000000000000000000e+00,0.000000000000000000e+00
7.651466608225308619e+01,0.000000000000000000e+00,0.000000000000000000e+00
8.275796327044503187e+01,0.000000000000000000e+00,0.000000000000000000e+00
8.039590650828381513e+01,0.000000000000000000e+00,0.000000000000000000e+00
7.813756246424611618e+01,0.000000000000000000e+00,0.000000000000000000e+00
7.864635209042485542e+01,0.000000000000000000e+00,0.000000000000000000e+00
8.000584357686375370e+01,0.000000000000000000e+00,0.000000000000000000e+00
7.893918099296513446e+01,0.000000000000000000e+00,0.000000000000000000e+00
7.986893529539140957e+01,0.000000000000000000e+00,0.000000000000000000e+00
8.048492699778498149e+01,0.000000000000000000e+00,0.000000000000000000e+00
8.181415320252415313e+01,0.000000000000000000e+00,0.000000000000000000e+00
7.770239106318420852e+01,0.000000000000000000e+00,0.000000000000000000e+00
7.985260464087480159e+01,0.000000000000000000e+00,0.000000000000000000e+00
7.887558174178340664e+01,0.000000000000000000e+00,0.000000000000000000e+00
7.982452496283684695e+01,0.000000000000000000e+00,0.000000000000000000e+00
8.173740765469024439e+01,0.000000000000000000e+00,0.000000000000000000e+00
7.960319485872454948e+01,0.000000000000000000e+00,0.000000000000000000e+00
8.409068365849988425e+01,0.000000000000000000e+00,0.000000000000000000e+00
7.759977403416844766e+01,0.000000000000000000e+00,0.000000000000000000e+00
7.794402305662289621e+01,0.000000000000000000e+00,0.000000000000000000e+00
7.837051425692443729e+01,0.000000000000000000e+00,0.000000000000000000e+00
8.093106698110268837e+01,0.000000000000000000e+00,0.000000000000000000e+00
7.540199788868457631e+01,0.000000000000000000e+00,0.000000000000000000e+00
7.564573782693490500e+01,0.000000000000000000e+00,0.000000000000000000e+00
7.975570617152388309e+01,0.000000000000000000e+00,0.000000000000000000e+00
7.841685698734342225e+01,0.000000000000000000e+00,0.000000000000000000e+00
7.895249457862119868e+01,0.000000000000000000e+00,0.000000000000000000e+00
7.710476750671365664e+01,0.000000000000000000e+00,0.000000000000000000e+00
7.740755349516177830e+01,0.000000000000000000e+00,0.000000000000000000e+00
7.926026517954370831e+01,0.000000000000000000e+00,0.000000000000000000e+00
7.972867254102501988e+01,0.000000000000000000e+00,0.000000000000000000e+00
7.925593851231559483e+01,0.000000000000000000e+00,0.000000000000000000e+00
8.080763892338325149e+01,0.000000000000000000e+00,0.000000000000000000e+00
7.644315061914807075e+01,0.000000000000000000e+00,0.000000000000000000e+00
8.207625622795119114e+01,0.000000000000000000e+00,0.000000000000000000e+00
8.162350863626598141e+01,0.000000000000000000e+00,0.000000000000000000e+00
8.553161724868553506e+01,0.000000000000000000e+00,0.000000000000000000e+00
8.132022490460387587e+01,0.000000000000000000e+00,0.000000000000000000e+00
7.986491544456225711e+01,0.000000000000000000e+00,0.000000000000000000e+00
8.153639427394013239e+01,0.000000000000000000e+00,0.000000000000000000e+00
8.221822685881451775e+01,0.000000000000000000e+00,0.000000000000000000e+00
8.111046845467333810e+01,0.000000000000000000e+00,0.000000000000000000e+00
8.028553746706434424e+01,0.000000000000000000e+00,0.000000000000000000e+00
7.762709154695133407e+01,0.000000000000000000e+00,0.000000000000000000e+00
7.956902734443980307e+01,0.000000000000000000e+00,0.000000000000000000e+00
8.360710533444397186e+01,0.000000000000000000e+00,0.000000000000000000e+00
7.926370632335481048e+01,0.000000000000000000e+00,0.000000000000000000e+00
7.578253801711227311e+01,0.000000000000000000e+00,0.000000000000000000e+00
8.279386112835177869e+01,0.000000000000000000e+00,0.000000000000000000e+00
8.089451177633461043e+01,0.000000000000000000e+00,0.000000000000000000e+00
8.137188056083020626e+01,0.000000000000000000e+00,0.000000000000000000e+00
8.059161499478356916e+01,0.000000000000000000e+00,0.000000000000000000e+00
7.889152297735739694e+01,0.000000000000000000e+00,0.000000000000000000e+00
7.601675704798280719e+01,0.000000000000000000e+00,0.000000000000000000e+00
8.113460189050624649e+01,0.000000000000000000e+00,0.000000000000000000e+00
7.852533392098915499e+01,0.000000000000000000e+00,0.000000000000000000e+00
8.188121850646560063e+01,0.000000000000000000e+00,0.000000000000000000e+00
8.206360158578920050e+01,0.000000000000000000e+00,0.000000000000000000e+00
8.120918718193826180e+01,0.000000000000000000e+00,0.000000000000000000e+00
7.940843321419437473e+01,0.000000000000000000e+00,0.000000000000000000e+00
7.979195670900278969e+01,0.000000000000000000e+00,0.000000000000000000e+00
7.502554864002397039e+01,0.000000000000000000e+00,0.000000000000000000e+00
7.739051732775504888e+01,0.000000000000000000e+00,0.000000000000000000e+00
8.204369673256169904e+01,0.000000000000000000e+00,0.000000000000000000e+00
7.997338326755667026e+01,0.000000000000000000e+00,0.000000000000000000e+00
8.000130317576325467e+01,0.000000000000000000e+00,0.000000000000000000e+00
8.058502433721648117e+01,0.000000000000000000e+00,0.000000000000000000e+00
7.837920885518683178e+01,0.000000000000000000e+00,0.000000000000000000e+00
7.924778062425401970e+01,0.000000000000000000e+00,0.000000000000000000e+00
8.069981724333783291e+01,0.000000000000000000e+00,0.000000000000000000e+00
8.239873489503668225e+01,0.000000000000000000e+00,0.000000000000000000e+00
8.248009877518872202e+01,0.000000000000000000e+00,0.000000000000000000e+00
7.824550448614840548e+01,0.000000000000000000e+00,0.000000000000000000e+00
7.979225697526716488e+01,0.000000000000000000e+00,0.000000000000000000e+00
7.929652693094219273e+01,0.000000000000000000e+00,0.000000000000000000e+00
8.167071893195188181e+01,0.000000000000000000e+00,0.000000000000000000e+00
7.985993832636965806e+01,0.000000000000000000e+00,0.000000000000000000e+00
7.868002912553201611e+01,0.000000000000000000e+00,0.000000000000000000e+00
7.922658212140980538e+01,0.000000000000000000e+00,0.000000000000000000e+00
7.823952334538149955e+01,0.000000000000000000e+00,0.000000000000000000e+00
7.797220897351851931e+01,0.000000000000000000e+00,0.000000000000000000e+00
8.068477983970092282e+01,0.000000000000000000e+00,0.000000000000000000e+00
7.525581884115064213e+01,0.000000000000000000e+00,0.000000000000000000e+00
7.462500124110849242e+01,0.000000000000000000e+00,0.000000000000000000e+00
7.892213295066987655e+01,0.000000000000000000e+00,0.000000000000000000e+00
8.270167839527383080e+01,0.000000000000000000e+00,0.000000000000000000e+00
8.265807909602303027e+01,0.000000000000000000e+00,0.000000000000000000e+00
7.942880697780030630e+01,0.000000000000000000e+00,0.000000000000000000e+00
8.363145743448640701e+01,0.000000000000000000e+00,0.000000000000000000e+00
8.054753185289983719e+01,0.000000000000000000e+00,0.000000000000000000e+00
7.972920917388536566e+01,0.000000000000000000e+00,0.000000000000000000e+00
7.958166239013525001e+01,0.000000000000000000e+00,0.000000000000000000e+00
7.950029973972317521e+01,0.000000000000000000e+00,0.000000000000000000e+00
8.415149769268386137e+01,0.000000000000000000e+00,0.000000000000000000e+00
8.252192207721473949e+01,0.000000000000000000e+00,0.000000000000000000e+00
8.055322540275422227e+01,0.000000000000000000e+00,0.000000000000000000e+00
8.254677337330616638e+01,0.000000000000000000e+00,0.000000000000000000e+00
8.150869517914678397e+01,0.000000000000000000e+00,0.000000000000000000e+00
7.659206436291535169e+01,0.000000000000000000e+00,0.000000000000000000e+00
7.899997705714353913e+01,0.000000000000000000e+00,0.000000000000000000e+00
7.924853560502030803e+01,0.000000000000000000e+00,0.000000000000000000e+00
7.681393033766555334e+01,0.000000000000000000e+00,0.000000000000000000e+00
8.343395382178682951e+01,0.000000000000000000e+00,0.000000000000000000e+00
7.922288500660110344e+01,0.000000000000000000e+00,0.000000000000000000e+00
7.783042654951454153e+01,0.000000000000000000e+00,0.000000000000000000e+00
7.769902825678583724e+01,0.000000000000000000e+00,0.000000000000000000e+00
8.023700416129013036e+01,0.000000000000000000e+00,0.000000000000000000e+00
7.890267402024755938e+01,0.000000000000000000e+00,0.000000000000000000e+00
8.344968113728391756e+01,0.000000000000000000e+00,0.000000000000000000e+00
7.919609998179812749e+01,0.000000000000000000e+00,0.000000000000000000e+00
7.893313258905611463e+01,0.000000000000000000e+00,0.000000000000000000e+00
7.744214346581577502e+01,0.000000000000000000e+00,0.000000000000000000e+00
8.189347819650421911e+01,0.000000000000000000e+00,0.000000000000000000e+00
7.693041539634599246e+01,0.000000000000000000e+00,0.000000000000000000e+00
8.112576551807627823e+01,0.000000000000000000e+00,0.000000000000000000e+00
7.960190921464734970e+01,0.000000000000000000e+00,0.000000000000000000e+00
8.264630629657075644e+01,0.000000000000000000e+00,0.000000000000000000e+00
8.074889714963246945e+01,0.000000000000000000e+00,0.000000000000000000e+00
8.203181454047580701e+01,0.000000000000000000e+00,0.000000000000000000e+00
7.703560729809035479e+01,0.000000000000000000e+00,0.000000000000000000e+00
7.668403180441241318e+01,0.000000000000000000e+00,0.000000000000000000e+00
7.898318246457253622e+01,0.000000000000000000e+00,0.000000000000000000e+00
7.917683815139341164e+01,0.000000000000000000e+00,0.000000000000000000e+00
7.951893104996145212e+01,0.000000000000000000e+00,0.000000000000000000e+00
7.889403787570438453e+01,0.000000000000000000e+00,0.000000000000000000e+00
7.831728521440538771e+01,0.000000000000000000e+00,0.000000000000000000e+00
8.123973201208720241e+01,0.000000000000000000e+00,0.000000000000000000e+00
7.919307996962240281e+01,0.000000000000000000e+00,0.000000000000000000e+00
7.677638165083295974e+01,0.000000000000000000e+00,0.000000000000000000e+00
7.791329953499496241e+01,0.000000000000000000e+00,0.000000000000000000e+00
7.576367835930761885e+01,0.000000000000000000e+00,0.000000000000000000e+00
8.185534473755156171e+01,0.000000000000000000e+00,0.000000000000000000e+00
8.244638330625912204e+01,0.000000000000000000e+00,0.000000000000000000e+00
8.000004955357907477e+01,0.000000000000000000e+00,0.000000000000000000e+00
7.977723552349698366e+01,0.000000000000000000e+00,0.000000000000000000e+00
8.030703586335457089e+01,0.000000000000000000e+00,0.000000000000000000e+00
7.786011307578132801e+01,0.000000000000000000e+00,0.000000000000000000e+00
7.924541461907510609e+01,0.000000000000000000e+00,0.000000000000000000e+00
7.966974133604433916e+01,0.000000000000000000e+00,0.000000000000000000e+00
7.984247169825236767e+01,0.000000000000000000e+00,0.000000000000000000e+00
8.114415037098915207e+01,0.000000000000000000e+00,0.000000000000000000e+00
7.807930531182844902e+01,0.000000000000000000e+00,0.000000000000000000e+00
8.001481502159040815e+01,0.000000000000000000e+00,0.000000000000000000e+00
8.142223503584297362e+01,0.000000000000000000e+00,0.000000000000000000e+00
7.915748491352468363e+01,0.000000000000000000e+00,0.000000000000000000e+00
8.138630886765788830e+01,0.000000000000000000e+00,0.000000000000000000e+00
7.993819910370950765e+01,0.000000000000000000e+00,0.000000000000000000e+00
7.629551403347696237e+01,0.000000000000000000e+00,0.000000000000000000e+00
7.932154663344496726e+01,0.000000000000000000e+00,0.000000000000000000e+00
7.997798817639593949e+01,0.000000000000000000e+00,0.000000000000000000e+00
7.719468621326718960e+01,0.000000000000000000e+00,0.000000000000000000e+00
7.667801485432222819e+01,0.000000000000000000e+00,0.000000000000000000e+00
8.204265128093611281e+01,0.000000000000000000e+00,0.000000000000000000e+00
7.861439785254316348e+01,0.000000000000000000e+00,0.000000000000000000e+00
8.251771906697031511e+01,0.000000000000000000e+00,0.000000000000000000e+00
7.854984532979113965e+01,0.000000000000000000e+00,0.000000000000000000e+00
8.008940877619389198e+01,0.000000000000000000e+00,0.000000000000000000e+00
7.828485211996328985e+01,0.000000000000000000e+00,0.000000000000000000e+00
7.818776467747194658e+01,0.000000000000000000e+00,0.000000000000000000e+00
8.035332387107176544e+01,0.000000000000000000e+00,0.000000000000000000e+00
7.848154095092606042e+01,0.000000000000000000e+00,0.000000000000000000e+00
8.011035315458455841e+01,0.000000000000000000e+00,0.000000000000000000e+00
8.023655664458820524e+01,0.000000000000000000e+00,0.000000000000000000e+00
7.812499399484501339e+01,0.000000000000000000e+00,0.000000000000000000e+00
8.221403829024390575e+01,0.000000000000000000e+00,0.000000000000000000e+00
7.922755175238374648e+01,0.000000000000000000e+00,0.000000000000000000e+00
8.384424161189177482e+01,0.000000000000000000e+00,0.000000000000000000e+00
7.873744925145270201e+01,0.000000000000000000e+00,0.000000000000000000e+00
7.703893050194304237e+01,0.000000000000000000e+00,0.000000000000000000e+00
7.711360882566741282e+01,0.000000000000000000e+00,0.000000000000000000e+00
7.789112841257464481e+01,0.000000000000000000e+00,0.000000000000000000e+00
7.933503668374147821e+01,0.000000000000000000e+00,0.000000000000000000e+00
8.069410038385852602e+01,0.000000000000000000e+00,0.000000000000000000e+00
8.105943914192489785e+01,0.000000000000000000e+00,0.000000000000000000e+00
7.868847530139393598e+01,0.000000000000000000e+00,0.000000000000000000e+00
7.875956378168119443e+01,0.000000000000000000e+00,0.000000000000000000e+00
8.050051872794431063e+01,0.000000000000000000e+00,0.000000000000000000e+00
7.992954525799565602e+01,0.000000000000000000e+00,0.000000000000000000e+00
8.079192545936487591e+01,0.000000000000000000e+00,0.000000000000000000e+00
7.996035879190792173e+01,0.000000000000000000e+00,0.000000000000000000e+00
8.055033958377283909e+01,0.000000000000000000e+00,0.000000000000000000e+00
7.981279870348656402e+01,0.000000000000000000e+00,0.000000000000000000e+00
8.117797302118422920e+01,0.000000000000000000e+00,0.000000000000000000e+00
7.803583498786274220e+01,0.000000000000000000e+00,0.000000000000000000e+00
7.798641197222316634e+01,0.000000000000000000e+00,0.000000000000000000e+00
7.819627916604756024e+01,0.000000000000000000e+00,0.000000000000000000e+00
7.822044088391498917e+01,0.000000000000000000e+00,0.000000000000000000e+00
7.893901069678950932e+01,0.000000000000000000e+00,0.000000000000000000e+00
7.737936548547992288e+01,0.000000000000000000e+00,0.000000000000000000e+00
8.038786931774649247e+01,0.000000000000000000e+00,0.000000000000000000e+00
7.686467303595701139e+01,0.000000000000000000e+00,0.000000000000000000e+00
7.983109620020012187e+01,0.000000000000000000e+00,0.000000000000000000e+00
7.730192076812440405e+01,0.000000000000000000e+00,0.000000000000000000e+00
8.022311483399820986e+01,0.000000000000000000e+00,0.000000000000000000e+00
7.932882973066534760e+01,0.000000000000000000e+00,0.000000000000000000e+00
8.121968837601286850e+01,0.000000000000000000e+00,0.000000000000000000e+00
7.848662353352223420e+01,0.000000000000000000e+00,0.000000000000000000e+00
7.797691207625797460e+01,0.000000000000000000e+00,0.000000000000000000e+00
7.738164065215578091e+01,0.000000000000000000e+00,0.000000000000000000e+00
8.037346088664698129e+01,0.000000000000000000e+00,0.000000000000000000e+00
7.834007006740490908e+01,0.000000000000000000e+00,0.000000000000000000e+00
7.960666152409712026e+01,0.000000000000000000e+00,0.000000000000000000e+00
8.148187622503239425e+01,0.000000000000000000e+00,0.000000000000000000e+00
8.025960216469304953e+01,0.000000000000000000e+00,0.000000000000000000e+00
8.017522028153742042e+01,0.000000000000000000e+00,0.000000000000000000e+00
7.860904649109797049e+01,0.000000000000000000e+00,0.000000000000000000e+00
7.892747608089048583e+01,0.000000000000000000e+00,0.000000000000000000e+00
7.661104958146350441e+01,0.000000000000000000e+00,0.000000000000000000e+00
7.650887524211738366e+01,0.000000000000000000e+00,0.000000000000000000e+00
7.870273021096060972e+01,0.000000000000000000e+00,0.000000000000000000e+00
7.831039717276523504e+01,0.000000000000000000e+00,0.000000000000000000e+00
8.078775139939740768e+01,0.000000000000000000e+00,0.000000000000000000e+00
7.602702162615464943e+01,0.000000000000000000e+00,0.000000000000000000e+00
7.955511836171864104e+01,0.000000000000000000e+00,0.000000000000000000e+00
7.876826355152800829e+01,0.000000000000000000e+00,0.000000000000000000e+00
7.976512777803658594e+01,0.000000000000000000e+00,0.000000000000000000e+00
7.901733964581400471e+01,0.000000000000000000e+00,0.000000000000000000e+00
8.087519352981173881e+01,0.000000000000000000e+00,0.000000000000000000e+00
7.833398530366103785e+01,0.000000000000000000e+00,0.000000000000000000e+00
8.366807223647757041e+01,0.000000000000000000e+00,0.000000000000000000e+00
8.072965348173549671e+01,0.000000000000000000e+00,0.000000000000000000e+00
7.645484843826180565e+01,0.000000000000000000e+00,0.000000000000000000e+00
7.635678535907288733e+01,0.000000000000000000e+00,0.000000000000000000e+00
7.916459741731576116e+01,0.000000000000000000e+00,0.000000000000000000e+00
7.893150519443955204e+01,0.000000000000000000e+00,0.000000000000000000e+00
7.824661680744380021e+01,0.000000000000000000e+00,0.000000000000000000e+00
7.903705303640707314e+01,0.000000000000000000e+00,0.000000000000000000e+00
8.051125764940776719e+01,0.000000000000000000e+00,0.000000000000000000e+00
8.025165980777642005e+01,0.000000000000000000e+00,0.000000000000000000e+00
8.223410624160065652e+01,0.000000000000000000e+00,0.000000000000000000e+00
7.647958795816771271e+01,0.000000000000000000e+00,0.000000000000000000e+00
7.737359567651976988e+01,0.000000000000000000e+00,0.000000000000000000e+00
7.815093421679438279e+01,0.000000000000000000e+00,0.000000000000000000e+00
7.859890961136953536e+01,0.000000000000000000e+00,0.000000000000000000e+00
7.751522763539425398e+01,0.000000000000000000e+00,0.000000000000000000e+00
7.919830520637101756e+01,0.000000000000000000e+00,0.000000000000000000e+00
8.309335392483762917e+01,0.000000000000000000e+00,0.000000000000000000e+00
8.007893260683810865e+01,0.000000000000000000e+00,0.000000000000000000e+00
7.803815004989566262e+01,0.000000000000000000e+00,0.000000000000000000e+00
7.546334647023049058e+01,0.000000000000000000e+00,0.000000000000000000e+00
7.756267740836247526e+01,0.000000000000000000e+00,0.000000000000000000e+00
7.782968477970258903e+01,0.000000000000000000e+00,0.000000000000000000e+00
7.908996148968564910e+01,0.000000000000000000e+00,0.000000000000000000e+00
7.711554799512710190e+01,0.000000000000000000e+00,0.000000000000000000e+00
7.652630714267739620e+01,0.000000000000000000e+00,0.000000000000000000e+00
8.133186511699265964e+01,0.000000000000000000e+00,0.000000000000000000e+00
7.687965710752679627e+01,0.000000000000000000e+00,0.000000000000000000e+00
7.906597352604971718e+01,0.000000000000000000e+00,0.000000000000000000e+00
7.648415432676407022e+01,0.000000000000000000e+00,0.000000000000000000e+00
7.641264968380086486e+01,0.000000000000000000e+00,0.000000000000000000e+00
7.552250016861263759e+01,0.000000000000000000e+00,0.000000000000000000e+00
8.074679686782988597e+01,0.000000000000000000e+00,0.000000000000000000e+00
8.064359394217699162e+01,0.000000000000000000e+00,0.000000000000000000e+00
7.829746040972771937e+01,0.000000000000000000e+00,0.000000000000000000e+00
7.696676493575344580e+01,0.000000000000000000e+00,0.000000000000000000e+00
7.838613097658206641e+01,0.000000000000000000e+00,0.000000000000000000e+00
7.602189490333176991e+01,0.000000000000000000e+00,0.000000000000000000e+00
7.919615242250945641e+01,0.000000000000000000e+00,0.000000000000000000e+00
7.772031503370712358e+01,0.000000000000000000e+00,0.000000000000000000e+00
7.814283559615449803e+01,0.000000000000000000e+00,0.000000000000000000e+00
7.903065243286567920e+01,0.000000000000000000e+00,0.000000000000000000e+00
8.085253521049706649e+01,0.000000000000000000e+00,0.000000000000000000e+00
7.865582138260857903e+01,0.000000000000000000e+00,0.000000000000000000e+00
7.619487759664428950e+01,0.000000000000000000e+00,0.000000000000000000e+00
7.905017129739493953e+01,0.000000000000000000e+00,0.000000000000000000e+00
7.493747420511117241e+01,0.000000000000000000e+00,0.000000000000000000e+00
7.819736772316687734e+01,0.000000000000000000e+00,0.000000000000000000e+00
7.691183946401142180e+01,0.000000000000000000e+00,0.000000000000000000e+00
7.493744270613325398e+01,0.000000000000000000e+00,0.000000000000000000e+00
7.941422615942555296e+01,0.000000000000000000e+00,0.000000000000000000e+00
7.300714601340695253e+01,0.000000000000000000e+00,0.000000000000000000e+00
7.724064255813763680e+01,0.000000000000000000e+00,0.000000000000000000e+00
7.659876314528864327e+01,0.000000000000000000e+00,0.000000000000000000e+00
7.726711591554681036e+01,0.000000000000000000e+00,0.000000000000000000e+00
7.616836932624003964e+01,0.000000000000000000e+00,0.000000000000000000e+00
7.444788788760438081e+01,0.000000000000000000e+00,0.000000000000000000e+00
7.769693972364325418e+01,0.000000000000000000e+00,0.000000000000000000e+00
7.563983380342415330e+01,0.000000000000000000e+00,0.000000000000000000e+00
7.712520687696365940e+01,0.000000000000000000e+00,0.000000000000000000e+00
7.569010037494697940e+01,0.000000000000000000e+00,0.000000000000000000e+00
7.951326041224166374e+01,0.000000000000000000e+00,0.000000000000000000e+00
7.604632663904853018e+01,0.000000000000000000e+00,0.000000000000000000e+00
7.940246922160079635e+01,0.000000000000000000e+00,0.000000000000000000e+00
7.816185380911272773e+01,0.000000000000000000e+00,0.000000000000000000e+00
7.852374067996004214e+01,0.000000000000000000e+00,0.000000000000000000e+00
7.859096549726800163e+01,0.000000000000000000e+00,0.000000000000000000e+00
7.819036112978157860e+01,0.000000000000000000e+00,0.000000000000000000e+00
7.738620902384585065e+01,0.000000000000000000e+00,0.000000000000000000e+00
7.712381568141175592e+01,0.000000000000000000e+00,0.000000000000000000e+00
7.755285815566192298e+01,0.000000000000000000e+00,0.000000000000000000e+00
7.438173925825074662e+01,0.000000000000000000e+00,0.000000000000000000e+00
7.441738963274855223e+01,0.000000000000000000e+00,0.000000000000000000e+00
8.185135447431434841e+01,0.000000000000000000e+00,0.000000000000000000e+00
7.479072432685551064e+01,0.000000000000000000e+00,0.000000000000000000e+00
7.558112626479034191e+01,0.000000000000000000e+00,0.000000000000000000e+00
7.310137854017651193e+01,0.000000000000000000e+00,0.000000000000000000e+00
7.676961491832264528e+01,0.000000000000000000e+00,0.000000000000000000e+00
7.859856891688403380e+01,0.000000000000000000e+00,0.000000000000000000e+00
7.733692083034789277e+01,0.000000000000000000e+00,0.000000000000000000e+00
7.390357592236438222e+01,0.000000000000000000e+00,0.000000000000000000e+00
7.830215630576573460e+01,0.000000000000000000e+00,0.000000000000000000e+00
7.607077788651494643e+01,0.000000000000000000e+00,0.000000000000000000e+00
7.585485832106017767e+01,0.000000000000000000e+00,0.000000000000000000e+00
7.519665823818338879e+01,0.000000000000000000e+00,0.000000000000000000e+00
8.049893941194919478e+01,0.000000000000000000e+00,0.000000000000000000e+00
7.531371067159267341e+01,0.000000000000000000e+00,0.000000000000000000e+00
7.575034035339248817e+01,0.000000000000000000e+00,0.000000000000000000e+00
7.842897083844088968e+01,0.000000000000000000e+00,0.000000000000000000e+00
7.697559320511969361e+01,0.000000000000000000e+00,0.000000000000000000e+00
7.550889163599183007e+01,0.000000000000000000e+00,0.000000000000000000e+00
7.340692807391990016e+01,0.000000000000000000e+00,0.000000000000000000e+00
7.433900986600376370e+01,0.000000000000000000e+00,0.000000000000000000e+00
7.655768477039218567e+01,0.000000000000000000e+00,0.000000000000000000e+00
7.912237839036579601e+01,0.000000000000000000e+00,0.000000000000000000e+00
7.809825905569209681e+01,0.000000000000000000e+00,0.000000000000000000e+00
7.558069184161487897e+01,0.000000000000000000e+00,0.000000000000000000e+00
7.510131044894006891e+01,0.000000000000000000e+00,0.000000000000000000e+00
7.712168813312356974e+01,0.000000000000000000e+00,0.000000000000000000e+00
7.862952616026970531e+01,0.000000000000000000e+00,0.000000000000000000e+00
7.721887593804980554e+01,0.000000000000000000e+00,0.000000000000000000e+00
7.615890574073770836e+01,0.000000000000000000e+00,0.000000000000000000e+00
7.389873113515886871e+01,0.000000000000000000e+00,0.000000000000000000e+00
7.433897343525177348e+01,0.000000000000000000e+00,0.000000000000000000e+00
7.704222981323519548e+01,0.000000000000000000e+00,0.000000000000000000e+00
7.692371441731197024e+01,0.000000000000000000e+00,0.000000000000000000e+00
7.553595324589936411e+01,0.000000000000000000e+00,0.000000000000000000e+00
7.265306675412421100e+01,0.000000000000000000e+00,0.000000000000000000e+00
7.570897981731961579e+01,0.000000000000000000e+00,0.000000000000000000e+00
7.555251008535273627e+01,0.000000000000000000e+00,0.000000000000000000e+00
7.884326491879140519e+01,0.000000000000000000e+00,0.000000000000000000e+00
7.253390030494490759e+01,0.000000000000000000e+00,0.000000000000000000e+00
7.399276439369195657e+01,0.000000000000000000e+00,0.000000000000000000e+00
7.582180430505707136e+01,0.000000000000000000e+00,0.000000000000000000e+00
7.415843539320673017e+01,0.000000000000000000e+00,0.000000000000000000e+00
7.601311871341854953e+01,0.000000000000000000e+00,0.000000000000000000e+00
7.669466195714315404e+01,0.000000000000000000e+00,0.000000000000000000e+00
7.748793851515586084e+01,0.000000000000000000e+00,0.000000000000000000e+00
7.550341335196479520e+01,0.000000000000000000e+00,0.000000000000000000e+00
7.530605143413312419e+01,0.000000000000000000e+00,0.000000000000000000e+00
7.514659591493445134e+01,0.000000000000000000e+00,0.000000000000000000e+00
7.603881665412131952e+01,0.000000000000000000e+00,0.000000000000000000e+00
7.347846260980261945e+01,0.000000000000000000e+00,0.000000000000000000e+00
7.928964117198871975e+01,0.000000000000000000e+00,0.000000000000000000e+00
7.371299049798427916e+01,0.000000000000000000e+00,0.000000000000000000e+00
7.489925872545377672e+01,0.000000000000000000e+00,0.000000000000000000e+00
7.345247764582367722e+01,0.000000000000000000e+00,0.000000000000000000e+00
7.805937914395082089e+01,0.000000000000000000e+00,0.000000000000000000e+00
7.528435660982758293e+01,0.000000000000000000e+00,0.000000000000000000e+00
7.447862367401958750e+01,0.000000000000000000e+00,0.000000000000000000e+00
7.903446794035151868e+01,0.000000000000000000e+00,0.000000000000000000e+00
7.834144038268492238e+01,0.000000000000000000e+00,0.000000000000000000e+00
7.250587732577575650e+01,0.000000000000000000e+00,0.000000000000000000e+00
7.443890926415392073e+01,0.000000000000000000e+00,0.000000000000000000e+00
7.325462551208511286e+01,0.000000000000000000e+00,0.000000000000000000e+00
7.313059733349254543e+01,0.000000000000000000e+00,0.000000000000000000e+00
7.191129445883838400e+01,0.000000000000000000e+00,0.000000000000000000e+00
7.428815206443439934e+01,0.000000000000000000e+00,0.000000000000000000e+00
7.299158587812587484e+01,0.000000000000000000e+00,0.000000000000000000e+00
7.336662443715121640e+01,0.000000000000000000e+00,0.000000000000000000e+00
7.432022974944487714e+01,0.000000000000000000e+00,0.000000000000000000e+00
7.535262007494691261e+01,0.000000000000000000e+00,0.000000000000000000e+00
7.090725322449050338e+01,0.000000000000000000e+00,0.000000000000000000e+00
7.119078016200933234e+01,0.000000000000000000e+00,0.000000000000000000e+00
7.230098946807835603e+01,0.000000000000000000e+00,0.000000000000000000e+00
7.727404751489143564e+01,0.000000000000000000e+00,0.000000000000000000e+00
7.155680014300152436e+01,0.000000000000000000e+00,0.000000000000000000e+00
7.515564092017424969e+01,0.000000000000000000e+00,0.000000000000000000e+00
7.364573299716906263e+01,0.000000000000000000e+00,0.000000000000000000e+00
6.952792248671389075e+01,0.000000000000000000e+00,0.000000000000000000e+00
7.097314244949234308e+01,0.000000000000000000e+00,0.000000000000000000e+00
7.518049663403441230e+01,0.000000000000000000e+00,0.000000000000000000e+00
7.104143335452531005e+01,0.000000000000000000e+00,0.000000000000000000e+00
7.331063686107678734e+01,0.000000000000000000e+00,0.000000000000000000e+00
7.436275713542922006e+01,0.000000000000000000e+00,0.000000000000000000e+00
6.769414164093493014e+01,0.000000000000000000e+00,0.000000000000000000e+00
7.525632518042947083e+01,0.000000000000000000e+00,0.000000000000000000e+00
7.151312471207471333e+01,0.000000000000000000e+00,0.000000000000000000e+00
7.456659206192746581e+01,0.000000000000000000e+00,0.000000000000000000e+00
7.092904584582294092e+01,0.000000000000000000e+00,0.000000000000000000e+00
7.394558496436323480e+01,0.000000000000000000e+00,0.000000000000000000e+00
7.362761960174621834e+01,0.000000000000000000e+00,0.000000000000000000e+00
7.160658548893786701e+01,0.000000000000000000e+00,0.000000000000000000e+00
6.863736496352113647e+01,0.000000000000000000e+00,0.000000000000000000e+00
7.057279842606578768e+01,0.000000000000000000e+00,0.000000000000000000e+00
7.370577983457944526e+01,0.000000000000000000e+00,0.000000000000000000e+00
7.059870395261390286e+01,0.000000000000000000e+00,0.000000000000000000e+00
7.516953750420287861e+01,0.000000000000000000e+00,0.000000000000000000e+00
7.562343008745705220e+01,0.000000000000000000e+00,0.000000000000000000e+00
7.528091687508886309e+01,0.000000000000000000e+00,0.000000000000000000e+00
7.026388356837205151e+01,0.000000000000000000e+00,0.000000000000000000e+00
7.209312628971792947e+01,0.000000000000000000e+00,0.000000000000000000e+00
7.186293783354456366e+01,0.000000000000000000e+00,0.000000000000000000e+00
7.336270886664118507e+01,0.000000000000000000e+00,0.000000000000000000e+00
6.730339293087365604e+01,0.000000000000000000e+00,0.000000000000000000e+00
7.219883471020163768e+01,0.000000000000000000e+00,0.000000000000000000e+00
6.931346275546427194e+01,0.000000000000000000e+00,0.000000000000000000e+00
6.943187937465005177e+01,0.000000000000000000e+00,0.000000000000000000e+00
7.284879351583019513e+01,0.000000000000000000e+00,0.000000000000000000e+00
7.265765330914317133e+01,0.000000000000000000e+00,0.000000000000000000e+00
7.221418607802601741e+01,0.000000000000000000e+00,0.000000000000000000e+00
7.371915183320186316e+01,0.000000000000000000e+00,0.000000000000000000e+00
6.921302976672801321e+01,0.000000000000000000e+00,0.000000000000000000e+00
7.266276329002305090e+01,0.000000000000000000e+00,0.000000000000000000e+00
7.262888206900311161e+01,0.000000000000000000e+00,0.000000000000000000e+00
6.724506351423762851e+01,0.000000000000000000e+00,0.000000000000000000e+00
7.251737947843757581e+01,0.000000000000000000e+00,0.000000000000000000e+00
7.381322622678294465e+01,0.000000000000000000e+00,0.000000000000000000e+00
7.202289852415283633e+01,0.000000000000000000e+00,0.000000000000000000e+00
7.215749503427900891e+01,0.000000000000000000e+00,0.000000000000000000e+00
7.525247236972656140e+01,0.000000000000000000e+00,0.000000000000000000e+00
7.010744913654473010e+01,0.000000000000000000e+00,0.000000000000000000e+00
7.199703175195368487e+01,0.000000000000000000e+00,0.000000000000000000e+00
7.236472555170536225e+01,0.000000000000000000e+00,0.000000000000000000e+00
7.245202004301043530e+01,0.000000000000000000e+00,0.000000000000000000e+00
7.083759335627023290e+01,0.000000000000000000e+00,0.000000000000000000e+00
7.206595390858120709e+01,0.000000000000000000e+00,0.000000000000000000e+00
7.160432806550504381e+01,0.000000000000000000e+00,0.000000000000000000e+00
6.755746564082511441e+01,0.000000000000000000e+00,0.000000000000000000e+00
7.186588641541843003e+01,0.000000000000000000e+00,0.000000000000000000e+00
6.978148710405049826e+01,0.000000000000000000e+00,0.000000000000000000e+00
7.003504130670096117e+01,0.000000000000000000e+00,0.000000000000000000e+00
7.095292042219632833e+01,0.000000000000000000e+00,0.000000000000000000e+00
6.939331071664943806e+01,0.000000000000000000e+00,0.000000000000000000e+00
7.073408729571181652e+01,0.000000000000000000e+00,0.000000000000000000e+00
7.033893166570862832e+01,0.000000000000000000e+00,0.000000000000000000e+00
6.957950925426320055e+01,0.000000000000000000e+00,0.000000000000000000e+00
7.073719658524228748e+01,0.000000000000000000e+00,0.000000000000000000e+00
6.915607088388972556e+01,0.000000000000000000e+00,0.000000000000000000e+00
7.042378690184773404e+01,0.000000000000000000e+00,0.000000000000000000e+00
6.916726010742041808e+01,0.000000000000000000e+00,0.000000000000000000e+00
6.686322827282791081e+01,0.000000000000000000e+00,0.000000000000000000e+00
6.898995252518267307e+01,0.000000000000000000e+00,0.000000000000000000e+00
6.713703154010889307e+01,0.000000000000000000e+00,0.000000000000000000e+00
6.791208267895076744e+01,0.000000000000000000e+00,0.000000000000000000e+00
6.774513300637404711e+01,0.000000000000000000e+00,0.000000000000000000e+00
6.898550266031250544e+01,0.000000000000000000e+00,0.000000000000000000e+00
7.233441139203404191e+01,0.000000000000000000e+00,0.000000000000000000e+00
6.797993853714056911e+01,0.000000000000000000e+00,0.000000000000000000e+00
6.923889411029767871e+01,0.000000000000000000e+00,0.000000000000000000e+00
6.819236655287190274e+01,0.000000000000000000e+00,0.000000000000000000e+00
7.141104700800690352e+01,0.000000000000000000e+00,0.000000000000000000e+00
6.869595373910121339e+01,0.000000000000000000e+00,0.000000000000000000e+00
7.020072237657605285e+01,0.000000000000000000e+00,0.000000000000000000e+00
6.805057651261301999e+01,0.000000000000000000e+00,0.000000000000000000e+00
6.775035655029613224e+01,0.000000000000000000e+00,0.000000000000000000e+00
6.732445162432804864e+01,0.000000000000000000e+00,0.000000000000000000e+00
7.217177704045107589e+01,0.000000000000000000e+00,0.000000000000000000e+00
6.666644800754346534e+01,0.000000000000000000e+00,0.000000000000000000e+00
6.873519154376916163e+01,0.000000000000000000e+00,0.000000000000000000e+00
7.145693472817225711e+01,0.000000000000000000e+00,0.000000000000000000e+00
7.069379894203173365e+01,0.000000000000000000e+00,0.000000000000000000e+00
6.765760599418500476e+01,0.000000000000000000e+00,0.000000000000000000e+00
7.135880069416265314e+01,0.000000000000000000e+00,0.000000000000000000e+00
6.934301516248207520e+01,0.000000000000000000e+00,0.000000000000000000e+00
6.638679258914521597e+01,0.000000000000000000e+00,0.000000000000000000e+00
6.816611086399097985e+01,0.000000000000000000e+00,0.000000000000000000e+00
7.050924394374186477e+01,0.000000000000000000e+00,0.000000000000000000e+00
6.768295583970966334e+01,0.000000000000000000e+00,0.000000000000000000e+00
6.590611781692125248e+01,0.000000000000000000e+00,0.000000000000000000e+00
6.554330255468258315e+01,0.000000000000000000e+00,0.000000000000000000e+00
6.711846566523760771e+01,0.000000000000000000e+00,0.000000000000000000e+00
6.794559872318056648e+01,0.000000000000000000e+00,0.000000000000000000e+00
6.627258482174904941e+01,0.000000000000000000e+00,0.000000000000000000e+00
6.596079139066270614e+01,0.000000000000000000e+00,0.000000000000000000e+00
6.803967857924843088e+01,0.000000000000000000e+00,0.000000000000000000e+00
6.867629623712075215e+01,0.000000000000000000e+00,0.000000000000000000e+00
6.726462303866723857e+01,0.000000000000000000e+00,0.000000000000000000e+00
6.671319903788270267e+01,0.000000000000000000e+00,0.000000000000000000e+00
6.882889212327917505e+01,0.000000000000000000e+00,0.000000000000000000e+00
6.890270802896596081e+01,0.000000000000000000e+00,0.000000000000000000e+00
6.830153974395248895e+01,0.000000000000000000e+00,0.000000000000000000e+00
6.611926166848965636e+01,0.000000000000000000e+00,0.000000000000000000e+00
6.817521041318300945e+01,0.000000000000000000e+00,0.000000000000000000e+00
6.530368220070997154e+01,0.000000000000000000e+00,0.000000000000000000e+00
6.788380846018866066e+01,0.000000000000000000e+00,0.000000000000000000e+00
6.666452981654417442e+01,0.000000000000000000e+00,0.000000000000000000e+00
6.157573711314374520e+01,0.000000000000000000e+00,0.000000000000000000e+00
6.422401667163040884e+01,0.000000000000000000e+00,0.000000000000000000e+00
6.831483978645934485e+01,0.000000000000000000e+00,0.000000000000000000e+00
6.741559154257770103e+01,0.000000000000000000e+00,0.000000000000000000e+00
6.501292520672132014e+01,0.000000000000000000e+00,0.000000000000000000e+00
6.379602432152327651e+01,0.000000000000000000e+00,0.000000000000000000e+00
6.318407700685894213e+01,0.000000000000000000e+00,0.000000000000000000e+00
6.717974514405089792e+01,0.000000000000000000e+00,0.000000000000000000e+00
6.654775530638508485e+01,0.000000000000000000e+00,0.000000000000000000e+00
6.584139886981026279e+01,0.000000000000000000e+00,0.000000000000000000e+00
6.740937141425717982e+01,0.000000000000000000e+00,0.000000000000000000e+00
6.598700222047598629e+01,0.000000000000000000e+00,0.000000000000000000e+00
6.923416619447426967e+01,0.000000000000000000e+00,0.000000000000000000e+00
6.686582632119413461e+01,0.000000000000000000e+00,0.000000000000000000e+00
6.454403417037684676e+01,0.000000000000000000e+00,0.000000000000000000e+00
6.681160664130078430e+01,0.000000000000000000e+00,0.000000000000000000e+00
6.536700583115818119e+01,0.000000000000000000e+00,0.000000000000000000e+00
6.625591688441737404e+01,0.000000000000000000e+00,0.000000000000000000e+00
6.411695962382188441e+01,0.000000000000000000e+00,0.000000000000000000e+00
6.547615618086530276e+01,0.000000000000000000e+00,0.000000000000000000e+00
6.334089860852452603e+01,0.000000000000000000e+00,0.000000000000000000e+00
6.592952415782983167e+01,0.000000000000000000e+00,0.000000000000000000e+00
6.641313464882384210e+01,0.000000000000000000e+00,0.000000000000000000e+00
6.105764389230790101e+01,0.000000000000000000e+00,0.000000000000000000e+00
6.322916702013544921e+01,0.000000000000000000e+00,0.000000000000000000e+00
6.633290013007662367e+01,0.000000000000000000e+00,0.000000000000000000e+00
6.454060503618246969e+01,0.000000000000000000e+00,0.000000000000000000e+00
6.333120583941842341e+01,0.000000000000000000e+00,0.000000000000000000e+00
6.743103163315866766e+01,0.000000000000000000e+00,0.000000000000000000e+00
6.202831138801312960e+01,0.000000000000000000e+00,0.000000000000000000e+00
6.306708115481043819e+01,0.000000000000000000e+00,0.000000000000000000e+00
6.791067503193413302e+01,0.000000000000000000e+00,0.000000000000000000e+00
6.881263611296303395e+01,0.000000000000000000e+00,0.000000000000000000e+00
6.531236814033714211e+01,0.000000000000000000e+00,0.000000000000000000e+00
6.359005600200582364e+01,0.000000000000000000e+00,0.000000000000000000e+00
6.704262692730902984e+01,0.000000000000000000e+00,0.000000000000000000e+00
6.550819373133879253e+01,0.000000000000000000e+00,0.000000000000000000e+00
6.705924025067329808e+01,0.000000000000000000e+00,0.000000000000000000e+00
6.637406195270817477e+01,0.000000000000000000e+00,0.000000000000000000e+00
6.114212757522067676e+01,0.000000000000000000e+00,0.000000000000000000e+00
6.586453313670743626e+01,0.000000000000000000e+00,0.000000000000000000e+00
6.585688740947476560e+01,0.000000000000000000e+00,0.000000000000000000e+00
5.855071694886098044e+01,0.000000000000000000e+00,0.000000000000000000e+00
6.629128439250385441e+01,0.000000000000000000e+00,0.000000000000000000e+00
6.521479793268289882e+01,0.000000000000000000e+00,0.000000000000000000e+00
6.295420334883530700e+01,0.000000000000000000e+00,0.000000000000000000e+00
6.334381383007954014e+01,0.000000000000000000e+00,0.000000000000000000e+00
6.477651709271680147e+01,0.000000000000000000e+00,0.000000000000000000e+00
6.100382141969566874e+01,0.000000000000000000e+00,0.000000000000000000e+00
6.375053050978456781e+01,0.000000000000000000e+00,0.000000000000000000e+00
6.441085415286210036e+01,0.000000000000000000e+00,0.000000000000000000e+00
6.389325395828083032e+01,0.000000000000000000e+00,0.000000000000000000e+00
6.215933896219750920e+01,0.000000000000000000e+00,0.000000000000000000e+00
6.191980347467915635e+01,0.000000000000000000e+00,0.000000000000000000e+00
6.266118405324676388e+01,0.000000000000000000e+00,0.000000000000000000e+00
6.088167583648026238e+01,0.000000000000000000e+00,0.000000000000000000e+00
6.381015322919860466e+01,0.000000000000000000e+00,0.000000000000000000e+00
6.445051796171776459e+01,0.000000000000000000e+00,0.000000000000000000e+00
5.950116336046326637e+01,0.000000000000000000e+00,0.000000000000000000e+00
6.284190603953622656e+01,0.000000000000000000e+00,0.000000000000000000e+00
6.114469258813321773e+01,0.000000000000000000e+00,0.000000000000000000e+00
6.132363511604869188e+01,0.000000000000000000e+00,0.000000000000000000e+00
6.191657136380852933e+01,0.000000000000000000e+00,0.000000000000000000e+00
6.299050069435027410e+01,0.000000000000000000e+00,0.000000000000000000e+00
5.876496909132137603e+01,0.000000000000000000e+00,0.000000000000000000e+00
6.282868260957888396e+01,0.000000000000000000e+00,0.000000000000000000e+00
5.970754347972862774e+01,0.000000000000000000e+00,0.000000000000000000e+00
6.186989236066280995e+01,0.000000000000000000e+00,0.000000000000000000e+00
5.791872048459954669e+01,0.000000000000000000e+00,0.000000000000000000e+00
5.923833784950258519e+01,0.000000000000000000e+00,0.000000000000000000e+00
6.201332044649959130e+01,0.000000000000000000e+00,0.000000000000000000e+00
6.123528455767996093e+01,0.000000000000000000e+00,0.000000000000000000e+00
5.949203866565228793e+01,0.000000000000000000e+00,0.000000000000000000e+00
6.291737423569023235e+01,0.000000000000000000e+00,0.000000000000000000e+00
5.808194006922762043e+01,0.000000000000000000e+00,0.000000000000000000e+00
6.204288451260644166e+01,0.000000000000000000e+00,0.000000000000000000e+00
6.067201423802815441e+01,0.000000000000000000e+00,0.000000000000000000e+00
6.053643619924820740e+01,0.000000000000000000e+00,0.000000000000000000e+00
6.101741844660870129e+01,0.000000000000000000e+00,0.000000000000000000e+00
6.260835720171900221e+01,0.000000000000000000e+00,0.000000000000000000e+00
6.156649118034574997e+01,0.000000000000000000e+00,0.000000000000000000e+00
6.176089631116980883e+01,0.000000000000000000e+00,0.000000000000000000e+00
6.245563171728650786e+01,0.000000000000000000e+00,0.000000000000000000e+00
5.957431881987114508e+01,0.000000000000000000e+00,0.000000000000000000e+00
5.926632913694444937e+01,0.000000000000000000e+00,0.000000000000000000e+00
6.522074008791935285e+01,0.000000000000000000e+00,0.000000000000000000e+00
6.196433400819062598e+01,0.000000000000000000e+00,0.000000000000000000e+00
6.195688093657732054e+01,0.000000000000000000e+00,0.000000000000000000e+00
6.226657143729931221e+01,0.000000000000000000e+00,0.000000000000000000e+00
5.934439545043753128e+01,0.000000000000000000e+00,0.000000000000000000e+00
6.393221401823824124e+01,0.000000000000000000e+00,0.000000000000000000e+00
5.992681595235089986e+01,0.000000000000000000e+00,0.000000000000000000e+00
5.952256102354265010e+01,0.000000000000000000e+00,0.000000000000000000e+00
5.778022586425127827e+01,0.000000000000000000e+00,0.000000000000000000e+00
6.151816078862010073e+01,0.000000000000000000e+00,0.000000000000000000e+00
5.902552089815058878e+01,0.000000000000000000e+00,0.000000000000000000e+00
6.282779869332070888e+01,0.000000000000000000e+00,0.000000000000000000e+00
6.043621383349904619e+01,0.000000000000000000e+00,0.000000000000000000e+00
6.256495288443673530e+01,0.000000000000000000e+00,0.000000000000000000e+00
5.888224025528757011e+01,0.000000000000000000e+00,0.000000000000000000e+00
6.034928310766793658e+01,0.000000000000000000e+00,0.000000000000000000e+00
5.895008437945065083e+01,0.000000000000000000e+00,0.000000000000000000e+00
5.891024405934923891e+01,0.000000000000000000e+00,0.000000000000000000e+00
6.306922039504623001e+01,0.000000000000000000e+00,0.000000000000000000e+00
5.874605476342409105e+01,0.000000000000000000e+00,0.000000000000000000e+00
5.811302387037179784e+01,0.000000000000000000e+00,0.000000000000000000e+00
5.589064034251778423e+01,0.000000000000000000e+00,0.000000000000000000e+00
5.541929903353977949e+01,0.000000000000000000e+00,0.000000000000000000e+00
5.819215595445599831e+01,0.000000000000000000e+00,0.000000000000000000e+00
5.841126104141268627e+01,0.000000000000000000e+00,0.000000000000000000e+00
5.680235068422181399e+01,0.000000000000000000e+00,0.000000000000000000e+00
5.985841504116535816e+01,0.000000000000000000e+00,0.000000000000000000e+00
5.962483321002317638e+01,0.000000000000000000e+00,0.000000000000000000e+00
5.897595922182258477e+01,0.000000000000000000e+00,0.000000000000000000e+00
5.707522957303810074e+01,0.000000000000000000e+00,0.000000000000000000e+00
5.362270554001338496e+01,0.000000000000000000e+00,0.000000000000000000e+00
5.874027875801283471e+01,0.000000000000000000e+00,0.000000000000000000e+00
5.746386759324182947e+01,0.000000000000000000e+00,0.000000000000000000e+00
5.798805218672065820e+01,0.000000000000000000e+00,0.000000000000000000e+00
5.757045408743061188e+01,0.000000000000000000e+00,0.000000000000000000e+00
5.698362557184811550e+01,0.000000000000000000e+00,0.000000000000000000e+00
5.827240899619729220e+01,0.000000000000000000e+00,0.000000000000000000e+00
5.778285803921464492e+01,0.000000000000000000e+00,0.000000000000000000e+00
5.503672522888552976e+01,0.000000000000000000e+00,0.000000000000000000e+00
5.331923663425699544e+01,0.000000000000000000e+00,0.000000000000000000e+00
5.590956177786830494e+01,0.000000000000000000e+00,0.000000000000000000e+00
5.890017015000521639e+01,0.000000000000000000e+00,0.000000000000000000e+00
5.763637909423382411e+01,0.000000000000000000e+00,0.000000000000000000e+00
5.794681964640144400e+01,0.000000000000000000e+00,0.000000000000000000e+00
5.879283719926208107e+01,0.000000000000000000e+00,0.000000000000000000e+00
5.909039655633272758e+01,0.000000000000000000e+00,0.000000000000000000e+00
5.650322660647327666e+01,0.000000000000000000e+00,0.000000000000000000e+00
5.794261772471016769e+01,0.000000000000000000e+00,0.000000000000000000e+00
5.942445864208870887e+01,0.000000000000000000e+00,0.000000000000000000e+00
6.014037664017906337e+01,0.000000000000000000e+00,0.000000000000000000e+00
5.453672656562263654e+01,0.000000000000000000e+00,0.000000000000000000e+00
5.559731339309748677e+01,0.000000000000000000e+00,0.000000000000000000e+00
5.796448336546606583e+01,0.000000000000000000e+00,0.000000000000000000e+00
5.709715825032156999e+01,0.000000000000000000e+00,0.000000000000000000e+00
5.899587546167723673e+01,0.000000000000000000e+00,0.000000000000000000e+00
5.682059576527526445e+01,0.000000000000000000e+00,0.000000000000000000e+00
5.755611279933587809e+01,0.000000000000000000e+00,0.000000000000000000e+00
6.002400482559788486e+01,0.000000000000000000e+00,0.000000000000000000e+00
5.626396314423895006e+01,0.000000000000000000e+00,0.000000000000000000e+00
5.748363657639149693e+01,0.000000000000000000e+00,0.000000000000000000e+00
5.378267516058140529e+01,0.000000000000000000e+00,0.000000000000000000e+00
5.708920851431270194e+01,0.000000000000000000e+00,0.000000000000000000e+00
5.885951746560622411e+01,0.000000000000000000e+00,0.000000000000000000e+00
5.300822138301254682e+01,0.000000000000000000e+00,0.000000000000000000e+00
5.406295206036380563e+01,0.000000000000000000e+00,0.000000000000000000e+00
5.394767691823788169e+01,0.000000000000000000e+00,0.000000000000000000e+00
5.612159792006811188e+01,0.000000000000000000e+00,0.000000000000000000e+00
5.751367079382885805e+01,0.000000000000000000e+00,0.000000000000000000e+00
5.559290216852964051e+01,0.000000000000000000e+00,0.000000000000000000e+00
5.740619915537327245e+01,0.000000000000000000e+00,0.000000000000000000e+00
5.232533926101578459e+01,0.000000000000000000e+00,0.000000000000000000e+00
5.278424949916335862e+01,0.000000000000000000e+00,0.000000000000000000e+00
5.459297003737541587e+01,0.000000000000000000e+00,0.000000000000000000e+00
5.549459300343701784e+01,0.000000000000000000e+00,0.000000000000000000e+00
5.665646303169538811e+01,0.000000000000000000e+00,0.000000000000000000e+00
5.037908015231706571e+01,0.000000000000000000e+00,0.000000000000000000e+00
5.296216017804154319e+01,0.000000000000000000e+00,0.000000000000000000e+00
5.039767477062484602e+01,0.000000000000000000e+00,0.000000000000000000e+00
5.100583034634377810e+01,0.000000000000000000e+00,0.000000000000000000e+00
5.384529649051662403e+01,0.000000000000000000e+00,0.000000000000000000e+00
5.202775920744797844e+01,0.000000000000000000e+00,0.000000000000000000e+00
5.698661781735453502e+01,0.000000000000000000e+00,0.000000000000000000e+00
5.617059763367242908e+01,0.000000000000000000e+00,0.000000000000000000e+00
5.330899063626580414e+01,0.000000000000000000e+00,0.000000000000000000e+00
5.687883612834117741e+01,0.000000000000000000e+00,0.000000000000000000e+00
5.831536124080631822e+01,0.000000000000000000e+00,0.000000000000000000e+00
5.493205849558977150e+01,0.000000000000000000e+00,0.000000000000000000e+00
5.899497375884530470e+01,0.000000000000000000e+00,0.000000000000000000e+00
5.575517819167043143e+01,0.000000000000000000e+00,0.000000000000000000e+00
5.329707831365677606e+01,0.000000000000000000e+00,0.000000000000000000e+00
5.236465734739141453e+01,0.000000000000000000e+00,0.000000000000000000e+00
5.204107499338877574e+01,0.000000000000000000e+00,0.000000000000000000e+00
5.196316535715673979e+01,0.000000000000000000e+00,0.000000000000000000e+00
5.524980612839502214e+01,0.000000000000000000e+00,0.000000000000000000e+00
5.269536612035075507e+01,0.000000000000000000e+00,0.000000000000000000e+00
5.289336543147943814e+01,0.000000000000000000e+00,0.000000000000000000e+00
5.089042094674439198e+01,0.000000000000000000e+00,0.000000000000000000e+00
5.519347482510956127e+01,0.000000000000000000e+00,0.000000000000000000e+00
5.456597753567444187e+01,0.000000000000000000e+00,0.000000000000000000e+00
5.450723852251049095e+01,0.000000000000000000e+00,0.000000000000000000e+00
5.400878067913209435e+01,0.000000000000000000e+00,0.000000000000000000e+00
5.333501257321173483e+01,0.000000000000000000e+00,0.000000000000000000e+00
5.158400933876605166e+01,0.000000000000000000e+00,0.000000000000000000e+00
4.877031267883182863e+01,0.000000000000000000e+00,0.000000000000000000e+00
5.004212720572929385e+01,0.000000000000000000e+00,0.000000000000000000e+00
5.265540385677888224e+01,0.000000000000000000e+00,0.000000000000000000e+00
4.749381730409543678e+01,0.000000000000000000e+00,0.000000000000000000e+00
5.407646642458413311e+01,0.000000000000000000e+00,0.000000000000000000e+00
5.176174123707886565e+01,0.000000000000000000e+00,0.000000000000000000e+00
5.251570724265823031e+01,0.000000000000000000e+00,0.000000000000000000e+00
4.993783145946215996e+01,0.000000000000000000e+00,0.000000000000000000e+00
5.442534938268646982e+01,0.000000000000000000e+00,0.000000000000000000e+00
5.453364603607968064e+01,0.000000000000000000e+00,0.000000000000000000e+00
5.641917149441572832e+01,0.000000000000000000e+00,0.000000000000000000e+00
5.082480506665197595e+01,0.000000000000000000e+00,0.000000000000000000e+00
5.223572226349437386e+01,0.000000000000000000e+00,0.000000000000000000e+00
5.431944796584523516e+01,0.000000000000000000e+00,0.000000000000000000e+00
4.982020833814417671e+01,0.000000000000000000e+00,0.000000000000000000e+00
5.268119742941396311e+01,0.000000000000000000e+00,0.000000000000000000e+00
5.266478776949980301e+01,0.000000000000000000e+00,0.000000000000000000e+00
5.353580368327233430e+01,0.000000000000000000e+00,0.000000000000000000e+00
5.018416003396141889e+01,0.000000000000000000e+00,0.000000000000000000e+00
5.467714502674672161e+01,0.000000000000000000e+00,0.000000000000000000e+00
5.233857267318342821e+01,0.000000000000000000e+00,0.000000000000000000e+00
4.911365463032654333e+01,0.000000000000000000e+00,0.000000000000000000e+00
5.125079974256601645e+01,0.000000000000000000e+00,0.000000000000000000e+00
5.371277313365264661e+01,0.000000000000000000e+00,0.000000000000000000e+00
5.074484054704954872e+01,0.000000000000000000e+00,0.000000000000000000e+00
5.107671217004214270e+01,0.000000000000000000e+00,0.000000000000000000e+00
5.236082988439213182e+01,0.000000000000000000e+00,0.000000000000000000e+00
4.785763099661406272e+01,0.000000000000000000e+00,0.000000000000000000e+00
4.863367795537098459e+01,0.000000000000000000e+00,0.000000000000000000e+00
4.835143738419006354e+01,0.000000000000000000e+00,0.000000000000000000e+00
5.214672049514864938e+01,0.000000000000000000e+00,0.000000000000000000e+00
4.804848097555499464e+01,0.000000000000000000e+00,0.000000000000000000e+00
5.202371286735038325e+01,0.000000000000000000e+00,0.000000000000000000e+00
4.826247932255269291e+01,0.000000000000000000e+00,0.000000000000000000e+00
4.947378050259359838e+01,0.000000000000000000e+00,0.000000000000000000e+00
4.874510306670764948e+01,0.000000000000000000e+00,0.000000000000000000e+00
5.006414338369096839e+01,0.000000000000000000e+00,0.000000000000000000e+00
4.882022602020240498e+01,0.000000000000000000e+00,0.000000000000000000e+00
5.064216999484897741e+01,0.000000000000000000e+00,0.000000000000000000e+00
4.415445722601268841e+01,0.000000000000000000e+00,0.000000000000000000e+00
4.909845936257963928e+01,0.000000000000000000e+00,0.000000000000000000e+00
5.013467840993960323e+01,0.000000000000000000e+00,0.000000000000000000e+00
5.068662643466141304e+01,0.000000000000000000e+00,0.000000000000000000e+00
4.909350651404408694e+01,0.000000000000000000e+00,0.000000000000000000e+00
4.877939474026029387e+01,0.000000000000000000e+00,0.000000000000000000e+00
5.296847819735931040e+01,0.000000000000000000e+00,0.000000000000000000e+00
4.717965639388531685e+01,0.000000000000000000e+00,0.000000000000000000e+00
4.980244615442481404e+01,0.000000000000000000e+00,0.000000000000000000e+00
4.537281510336162427e+01,0.000000000000000000e+00,0.000000000000000000e+00
4.979081105515164296e+01,0.000000000000000000e+00,0.000000000000000000e+00
5.109443892902487505e+01,0.000000000000000000e+00,0.000000000000000000e+00
4.839483632720945394e+01,0.000000000000000000e+00,0.000000000000000000e+00
5.028407640778962673e+01,0.000000000000000000e+00,0.000000000000000000e+00
4.605463374921235697e+01,0.000000000000000000e+00,0.000000000000000000e+00
4.774130456048474258e+01,0.000000000000000000e+00,0.000000000000000000e+00
4.647107897944780319e+01,0.000000000000000000e+00,0.000000000000000000e+00
4.919789744490722683e+01,0.000000000000000000e+00,0.000000000000000000e+00
4.870101916040560042e+01,0.000000000000000000e+00,0.000000000000000000e+00
5.086932592388789232e+01,0.000000000000000000e+00,0.000000000000000000e+00
5.037413040133834841e+01,0.000000000000000000e+00,0.000000000000000000e+00
4.555513723454068753e+01,0.000000000000000000e+00,0.000000000000000000e+00
4.592863060962174870e+01,0.000000000000000000e+00,0.000000000000000000e+00
4.636720979339560955e+01,0.000000000000000000e+00,0.000000000000000000e+00
4.685782347712007123e+01,0.000000000000000000e+00,0.000000000000000000e+00
4.832712563340224676e+01,0.000000000000000000e+00,0.000000000000000000e+00
4.914560598317136453e+01,0.000000000000000000e+00,0.000000000000000000e+00
4.623686622519615952e+01,0.000000000000000000e+00,0.000000000000000000e+00
4.632822717667405499e+01,0.000000000000000000e+00,0.000000000000000000e+00
4.688343845029277190e+01,0.000000000000000000e+00,0.000000000000000000e+00
4.577364015250460483e+01,0.000000000000000000e+00,0.000000000000000000e+00
4.692758624466384987e+01,0.000000000000000000e+00,0.000000000000000000e+00
4.781684989099148453e+01,0.000000000000000000e+00,0.000000000000000000e+00
4.178200580197709257e+01,0.000000000000000000e+00,0.000000000000000000e+00
4.390323177011681111e+01,0.000000000000000000e+00,0.000000000000000000e+00
4.547315660634853884e+01,0.000000000000000000e+00,0.000000000000000000e+00
4.463408499689985831e+01,0.000000000000000000e+00,0.000000000000000000e+00
4.672648892678874688e+01,0.000000000000000000e+00,0.000000000000000000e+00
4.618159728047761092e+01,0.000000000000000000e+00,0.000000000000000000e+00
4.676916495385766837e+01,0.000000000000000000e+00,0.000000000000000000e+00
4.515190960993802349e+01,0.000000000000000000e+00,0.000000000000000000e+00
4.420266974412898264e+01,0.000000000000000000e+00,0.000000000000000000e+00
4.721656330112342914e+01,0.000000000000000000e+00,0.000000000000000000e+00
4.587098373371225080e+01,0.000000000000000000e+00,0.000000000000000000e+00
4.610082830845622226e+01,0.000000000000000000e+00,0.000000000000000000e+00
4.850477201941721717e+01,0.000000000000000000e+00,0.000000000000000000e+00
4.241676389911454947e+01,0.000000000000000000e+00,0.000000000000000000e+00
4.836151670115055623e+01,0.000000000000000000e+00,0.000000000000000000e+00
4.550788321488985844e+01,0.000000000000000000e+00,0.000000000000000000e+00
4.673151414251475444e+01,0.000000000000000000e+00,0.000000000000000000e+00
4.482071820292096476e+01,0.000000000000000000e+00,0.000000000000000000e+00
4.832580129106967348e+01,0.000000000000000000e+00,0.000000000000000000e+00
4.640343808083937205e+01,0.000000000000000000e+00,0.000000000000000000e+00
4.839150966165428258e+01,0.000000000000000000e+00,0.000000000000000000e+00
4.811930868575288400e+01,0.000000000000000000e+00,0.000000000000000000e+00
4.636018585100748624e+01,0.000000000000000000e+00,0.000000000000000000e+00
4.645620958460901306e+01,0.000000000000000000e+00,0.000000000000000000e+00
4.474827922329718888e+01,0.000000000000000000e+00,0.000000000000000000e+00
3.996915017933829262e+01,0.000000000000000000e+00,0.000000000000000000e+00
4.619434823696267500e+01,0.000000000000000000e+00,0.000000000000000000e+00
4.580799475332421622e+01,0.000000000000000000e+00,0.000000000000000000e+00
4.697290168163586799e+01,0.000000000000000000e+00,0.000000000000000000e+00
4.650118635482864704e+01,0.000000000000000000e+00,0.000000000000000000e+00
4.235415707445959299e+01,0.000000000000000000e+00,0.000000000000000000e+00
4.358252941232262856e+01,0.000000000000000000e+00,0.000000000000000000e+00
4.542491384452981151e+01,0.000000000000000000e+00,0.000000000000000000e+00
4.319417310064317661e+01,0.000000000000000000e+00,0.000000000000000000e+00
4.723993492602149047e+01,0.000000000000000000e+00,0.000000000000000000e+00
4.324182987246981469e+01,0.000000000000000000e+00,0.000000000000000000e+00
4.471109342034356615e+01,0.000000000000000000e+00,0.000000000000000000e+00
4.525344543609494252e+01,0.000000000000000000e+00,0.000000000000000000e+00
4.199800809387379275e+01,0.000000000000000000e+00,0.000000000000000000e+00
4.686672587972793735e+01,0.000000000000000000e+00,0.000000000000000000e+00
4.181905926296801113e+01,0.000000000000000000e+00,0.000000000000000000e+00
4.270404087245047009e+01,0.000000000000000000e+00,0.000000000000000000e+00
4.014993022079150364e+01,0.000000000000000000e+00,0.000000000000000000e+00
4.186918580424541148e+01,0.000000000000000000e+00,0.000000000000000000e+00
4.545083672582164525e+01,0.000000000000000000e+00,0.000000000000000000e+00
4.189847041310384412e+01,0.000000000000000000e+00,0.000000000000000000e+00
4.505070709311695509e+01,0.000000000000000000e+00,0.000000000000000000e+00
4.344419635476935326e+01,0.000000000000000000e+00,0.000000000000000000e+00
4.056480908792403994e+01,0.000000000000000000e+00,0.000000000000000000e+00
3.982740502235773050e+01,0.000000000000000000e+00,0.000000000000000000e+00
3.966110685566850691e+01,0.000000000000000000e+00,0.000000000000000000e+00
4.451108486371897044e+01,0.000000000000000000e+00,0.000000000000000000e+00
4.232590290912175135e+01,0.000000000000000000e+00,0.000000000000000000e+00
4.106867466034879754e+01,0.000000000000000000e+00,0.000000000000000000e+00
4.222882473731205977e+01,0.000000000000000000e+00,0.000000000000000000e+00
4.173290839254117657e+01,0.000000000000000000e+00,0.000000000000000000e+00
4.489946829866555333e+01,0.000000000000000000e+00,0.000000000000000000e+00
4.641405188017374428e+01,0.000000000000000000e+00,0.000000000000000000e+00
4.014107714307884578e+01,0.000000000000000000e+00,0.000000000000000000e+00
3.957158577066758909e+01,0.000000000000000000e+00,0.000000000000000000e+00
4.339607482795722149e+01,0.000000000000000000e+00,0.000000000000000000e+00
4.497666774347259633e+01,0.000000000000000000e+00,0.000000000000000000e+00
4.328901000606627036e+01,0.000000000000000000e+00,0.000000000000000000e+00
4.349983003358004652e+01,0.000000000000000000e+00,0.000000000000000000e+00
4.050137204428938986e+01,0.000000000000000000e+00,0.000000000000000000e+00
3.786751993933016536e+01,0.000000000000000000e+00,0.000000000000000000e+00
4.279772915268348754e+01,0.000000000000000000e+00,0.000000000000000000e+00
4.016343590186662738e+01,0.000000000000000000e+00,0.000000000000000000e+00
4.105131094335124686e+01,0.000000000000000000e+00,0.000000000000000000e+00
4.273799757351575579e+01,0.000000000000000000e+00,0.000000000000000000e+00
4.080660262443949904e+01,0.000000000000000000e+00,0.000000000000000000e+00
4.065663169077285488e+01,0.000000000000000000e+00,0.000000000000000000e+00
4.348356417014645814e+01,0.000000000000000000e+00,0.000000000000000000e+00
4.021765721522659476e+01,0.000000000000000000e+00,0.000000000000000000e+00
4.281718569659146567e+01,0.000000000000000000e+00,0.000000000000000000e+00
4.052833101441966335e+01,0.000000000000000000e+00,0.000000000000000000e+00
3.899788518047653696e+01,0.000000000000000000e+00,0.000000000000000000e+00
4.061723218043486838e+01,0.000000000000000000e+00,0.000000000000000000e+00
4.257482393915920227e+01,0.000000000000000000e+00,0.000000000000000000e+00
3.938048481920886701e+01,0.000000000000000000e+00,0.000000000000000000e+00
3.534587716888488274e+01,0.000000000000000000e+00,0.000000000000000000e+00
4.024215166626875373e+01,0.000000000000000000e+00,0.000000000000000000e+00
3.596005109929526355e+01,0.000000000000000000e+00,0.000000000000000000e+00
4.185432806223405322e+01,0.000000000000000000e+00,0.000000000000000000e+00
4.088968824620525311e+01,0.000000000000000000e+00,0.000000000000000000e+00
3.847780636642271190e+01,0.000000000000000000e+00,0.000000000000000000e+00
3.896217939621689652e+01,0.000000000000000000e+00,0.000000000000000000e+00
3.944303027237344850e+01,0.000000000000000000e+00,0.000000000000000000e+00
3.879456195243898264e+01,0.000000000000000000e+00,0.000000000000000000e+00
4.093301085447630072e+01,0.000000000000000000e+00,0.000000000000000000e+00
3.659889309150266001e+01,0.000000000000000000e+00,0.000000000000000000e+00
3.989034619129937198e+01,0.000000000000000000e+00,0.000000000000000000e+00
4.052982577828036881e+01,0.000000000000000000e+00,0.000000000000000000e+00
3.421951079216740510e+01,0.000000000000000000e+00,0.000000000000000000e+00
3.516060636082741553e+01,0.000000000000000000e+00,0.000000000000000000e+00
4.230567424360233986e+01,0.000000000000000000e+00,0.000000000000000000e+00
3.734671697215541997e+01,0.000000000000000000e+00,0.000000000000000000e+00
4.131738341500548728e+01,0.000000000000000000e+00,0.000000000000000000e+00
4.033760845627459446e+01,0.000000000000000000e+00,0.000000000000000000e+00
4.305700262508938181e+01,0.000000000000000000e+00,0.000000000000000000e+00
3.758830208888962687e+01,0.000000000000000000e+00,0.000000000000000000e+00
3.769303372303788535e+01,0.000000000000000000e+00,0.000000000000000000e+00
3.936732489541044089e+01,0.000000000000000000e+00,0.000000000000000000e+00
3.455616610864428395e+01,0.000000000000000000e+00,0.000000000000000000e+00
3.988458171177973810e+01,0.000000000000000000e+00,0.000000000000000000e+00
3.967391558401223506e+01,0.000000000000000000e+00,0.000000000000000000e+00
3.748666668879332065e+01,0.000000000000000000e+00,0.000000000000000000e+00
3.819261807625120753e+01,0.000000000000000000e+00,0.000000000000000000e+00
3.914526347730971167e+01,0.000000000000000000e+00,0.000000000000000000e+00
3.738292357580291991e+01,0.000000000000000000e+00,0.000000000000000000e+00
3.781180256040439502e+01,0.000000000000000000e+00,0.000000000000000000e+00
3.849427970925362530e+01,0.000000000000000000e+00,0.000000000000000000e+00
4.214582217564029065e+01,0.000000000000000000e+00,0.000000000000000000e+00
3.955680346822808957e+01,0.000000000000000000e+00,0.000000000000000000e+00
3.877006773246050386e+01,0.000000000000000000e+00,0.000000000000000000e+00
3.954778929108478991e+01,0.000000000000000000e+00,0.000000000000000000e+00
3.736778270013947179e+01,0.000000000000000000e+00,0.000000000000000000e+00
3.804537720526725053e+01,0.000000000000000000e+00,0.000000000000000000e+00
3.734556180560191763e+01,0.000000000000000000e+00,0.000000000000000000e+00
3.571906152853937044e+01,0.000000000000000000e+00,0.000000000000000000e+00
3.781493530177254314e+01,0.000000000000000000e+00,0.000000000000000000e+00
3.749051724050264767e+01,0.000000000000000000e+00,0.000000000000000000e+00
3.503917765158697506e+01,0.000000000000000000e+00,0.000000000000000000e+00
4.042814068794384497e+01,0.000000000000000000e+00,0.000000000000000000e+00
3.750640147054721751e+01,0.000000000000000000e+00,0.000000000000000000e+00
3.786320560303513361e+01,0.000000000000000000e+00,0.000000000000000000e+00
3.620790971092552013e+01,0.000000000000000000e+00,0.000000000000000000e+00
3.822575217092817468e+01,0.000000000000000000e+00,0.000000000000000000e+00
3.517939666290229894e+01,0.000000000000000000e+00,0.000000000000000000e+00
3.638333436019220102e+01,0.000000000000000000e+00,0.000000000000000000e+00
3.514341170041071649e+01,0.000000000000000000e+00,0.000000000000000000e+00
3.580481105361271688e+01,0.000000000000000000e+00,0.000000000000000000e+00
3.535580209490787951e+01,0.000000000000000000e+00,0.000000000000000000e+00
3.776449635784217662e+01,0.000000000000000000e+00,0.000000000000000000e+00
3.353320961847359172e+01,0.000000000000000000e+00,0.000000000000000000e+00
3.544846237804989642e+01,0.000000000000000000e+00,0.000000000000000000e+00
3.798071179744508186e+01,0.000000000000000000e+00,0.000000000000000000e+00
3.607321120234833955e+01,0.000000000000000000e+00,0.000000000000000000e+00
3.257302071464531679e+01,0.000000000000000000e+00,0.000000000000000000e+00
3.729084067318155604e+01,0.000000000000000000e+00,0.000000000000000000e+00
3.659488816962230118e+01,0.000000000000000000e+00,0.000000000000000000e+00
3.413070806425834292e+01,0.000000000000000000e+00,0.000000000000000000e+00
3.774914272984365482e+01,0.000000000000000000e+00,0.000000000000000000e+00
3.869357216986346515e+01,0.000000000000000000e+00,0.000000000000000000e+00
3.756957411695363902e+01,0.000000000000000000e+00,0.000000000000000000e+00
3.319077783828913653e+01,0.000000000000000000e+00,0.000000000000000000e+00
3.489948250633635496e+01,0.000000000000000000e+00,0.000000000000000000e+00
3.527337075878430994e+01,0.000000000000000000e+00,0.000000000000000000e+00
3.837069360075545887e+01,0.000000000000000000e+00,0.000000000000000000e+00
3.293709693740909472e+01,0.000000000000000000e+00,0.000000000000000000e+00
3.396128437478060391e+01,0.000000000000000000e+00,0.000000000000000000e+00
3.501704103381814548e+01,0.000000000000000000e+00,0.000000000000000000e+00
3.601939963738750805e+01,0.000000000000000000e+00,0.000000000000000000e+00
3.676135370602612085e+01,0.000000000000000000e+00,0.000000000000000000e+00
3.117086945592951608e+01,0.000000000000000000e+00,0.000000000000000000e+00
3.871820396220392269e+01,0.000000000000000000e+00,0.000000000000000000e+00
3.616138788357885403e+01,0.000000000000000000e+00,0.000000000000000000e+00
3.125865100327458279e+01,0.000000000000000000e+00,0.000000000000000000e+00
3.604470733365863566e+01,0.000000000000000000e+00,0.000000000000000000e+00
3.190684783088639520e+01,0.000000000000000000e+00,0.000000000000000000e+00
3.318222592446592500e+01,0.000000000000000000e+00,0.000000000000000000e+00
3.491474904973325977e+01,0.000000000000000000e+00,0.000000000000000000e+00
3.385119484052223271e+01,0.000000000000000000e+00,0.000000000000000000e+00
3.268766669849853912e+01,0.000000000000000000e+00,0.000000000000000000e+00
3.372918225092692524e+01,0.000000000000000000e+00,0.000000000000000000e+00
3.104051732000616681e+01,0.000000000000000000e+00,0.000000000000000000e+00
3.235506409012653251e+01,0.000000000000000000e+00,0.000000000000000000e+00
3.108681216527670443e+01,0.000000000000000000e+00,0.000000000000000000e+00
3.268484995389223258e+01,0.000000000000000000e+00,0.000000000000000000e+00
3.293514485006064518e+01,0.000000000000000000e+00,0.000000000000000000e+00
3.222365354317111041e+01,0.000000000000000000e+00,0.000000000000000000e+00
3.603148259248802532e+01,0.000000000000000000e+00,0.000000000000000000e+00
3.592823383678984328e+01,0.000000000000000000e+00,0.000000000000000000e+00
3.506919329915317718e+01,0.000000000000000000e+00,0.000000000000000000e+00
3.262658972557674986e+01,0.000000000000000000e+00,0.000000000000000000e+00
3.435895165451390909e+01,0.000000000000000000e+00,0.000000000000000000e+00
3.398256262885598744e+01,0.000000000000000000e+00,0.000000000000000000e+00
3.096186369332636446e+01,0.000000000000000000e+00,0.000000000000000000e+00
2.975487216011530833e+01,0.000000000000000000e+00,0.000000000000000000e+00
3.211933426245264656e+01,0.000000000000000000e+00,0.000000000000000000e+00
3.193863351500058201e+01,0.000000000000000000e+00,0.000000000000000000e+00
3.485728981632256307e+01,0.000000000000000000e+00,0.000000000000000000e+00
2.915040993297058591e+01,0.000000000000000000e+00,0.000000000000000000e+00
3.604940177991681338e+01,0.000000000000000000e+00,0.000000000000000000e+00
3.325932026237980210e+01,0.000000000000000000e+00,0.000000000000000000e+00
3.457521552154616273e+01,0.000000000000000000e+00,0.000000000000000000e+00
3.146457469004180041e+01,0.000000000000000000e+00,0.000000000000000000e+00
2.874434549060481103e+01,0.000000000000000000e+00,0.000000000000000000e+00
3.298399181562086113e+01,0.000000000000000000e+00,0.000000000000000000e+00
3.383703612751003220e+01,0.000000000000000000e+00,0.000000000000000000e+00
3.163779239286274603e+01,0.000000000000000000e+00,0.000000000000000000e+00
3.132459641056171762e+01,0.000000000000000000e+00,0.000000000000000000e+00
3.523399828397587186e+01,0.000000000000000000e+00,0.000000000000000000e+00
3.291892182267636713e+01,0.000000000000000000e+00,0.000000000000000000e+00
2.984460696219091602e+01,0.000000000000000000e+00,0.000000000000000000e+00
2.775066096690170170e+01,0.000000000000000000e+00,0.000000000000000000e+00
3.135836714001265690e+01,0.000000000000000000e+00,0.000000000000000000e+00
3.287515484327634852e+01,0.000000000000000000e+00,0.000000000000000000e+00
3.339316365041702284e+01,0.000000000000000000e+00,0.000000000000000000e+00
3.347279552439594141e+01,0.000000000000000000e+00,0.000000000000000000e+00
2.979091360565692526e+01,0.000000000000000000e+00,0.000000000000000000e+00
3.148637051023964517e+01,0.000000000000000000e+00,0.000000000000000000e+00
3.135185879239854501e+01,0.000000000000000000e+00,0.000000000000000000e+00
3.405420203656492362e+01,0.000000000000000000e+00,0.000000000000000000e+00
2.751953623541059812e+01,0.000000000000000000e+00,0.000000000000000000e+00
2.940748908520142280e+01,0.000000000000000000e+00,0.000000000000000000e+00
2.923221256357109965e+01,0.000000000000000000e+00,0.000000000000000000e+00
3.046077227071852889e+01,0.000000000000000000e+00,0.000000000000000000e+00
3.259305635259849510e+01,0.000000000000000000e+00,0.000000000000000000e+00
3.125296694205913894e+01,0.000000000000000000e+00,0.000000000000000000e+00
2.967826235192002216e+01,0.000000000000000000e+00,0.000000000000000000e+00
3.287063794932528538e+01,0.000000000000000000e+00,0.000000000000000000e+00
2.889720338816614031e+01,0.000000000000000000e+00,0.000000000000000000e+00
3.143872938753617774e+01,0.000000000000000000e+00,0.000000000000000000e+00
3.312910306556125306e+01,0.000000000000000000e+00,0.000000000000000000e+00
3.449231916871436709e+01,0.000000000000000000e+00,0.000000000000000000e+00
3.194012259172574986e+01,0.000000000000000000e+00,0.000000000000000000e+00
2.882290926892024530e+01,0.000000000000000000e+00,0.000000000000000000e+00
3.053821844044664857e+01,0.000000000000000000e+00,0.000000000000000000e+00
3.092746564929442954e+01,0.000000000000000000e+00,0.000000000000000000e+00
3.060936898919675997e+01,0.000000000000000000e+00,0.000000000000000000e+00
2.798163142949190174e+01,0.000000000000000000e+00,0.000000000000000000e+00
3.286393608848181458e+01,0.000000000000000000e+00,0.000000000000000000e+00
2.727243627439379026e+01,0.000000000000000000e+00,0.000000000000000000e+00
2.827049719673057382e+01,0.000000000000000000e+00,0.000000000000000000e+00
3.100425502768100117e+01,0.000000000000000000e+00,0.000000000000000000e+00
3.277928454803888769e+01,0.000000000000000000e+00,0.000000000000000000e+00
3.131042584715810762e+01,0.000000000000000000e+00,0.000000000000000000e+00
2.930386162581153542e+01,0.000000000000000000e+00,0.000000000000000000e+00
3.302128604198158257e+01,0.000000000000000000e+00,0.000000000000000000e+00
3.112978013767359897e+01,0.000000000000000000e+00,0.000000000000000000e+00
3.016341917997905497e+01,0.000000000000000000e+00,0.000000000000000000e+00
3.132145145556111032e+01,0.000000000000000000e+00,0.000000000000000000e+00
2.966035592994488468e+01,0.000000000000000000e+00,0.000000000000000000e+00
2.848543988070333910e+01,0.000000000000000000e+00,0.000000000000000000e+00
2.919493170497126044e+01,0.000000000000000000e+00,0.000000000000000000e+00
3.135489941068929554e+01,0.000000000000000000e+00,0.000000000000000000e+00
2.690132211320388578e+01,0.000000000000000000e+00,0.000000000000000000e+00
2.830903710119926942e+01,0.000000000000000000e+00,0.000000000000000000e+00
2.637571480116858424e+01,0.000000000000000000e+00,0.000000000000000000e+00
2.963485337432950217e+01,0.000000000000000000e+00,0.000000000000000000e+00
2.925279877571128395e+01,0.000000000000000000e+00,0.000000000000000000e+00
3.337759282182429388e+01,0.000000000000000000e+00,0.000000000000000000e+00
3.006567506644740462e+01,0.000000000000000000e+00,0.000000000000000000e+00
3.150772018639486305e+01,0.000000000000000000e+00,0.000000000000000000e+00
2.981290445479831774e+01,0.000000000000000000e+00,0.000000000000000000e+00
3.137535569245538625e+01,0.000000000000000000e+00,0.000000000000000000e+00
2.864512190263742752e+01,0.000000000000000000e+00,0.000000000000000000e+00
2.740854715509484407e+01,0.000000000000000000e+00,0.000000000000000000e+00
2.820253017032185383e+01,0.000000000000000000e+00,0.000000000000000000e+00
2.606444784318050978e+01,0.000000000000000000e+00,0.000000000000000000e+00
3.183076304055610706e+01,0.000000000000000000e+00,0.000000000000000000e+00
2.870041541912389249e+01,0.000000000000000000e+00,0.000000000000000000e+00
2.901620849383435541e+01,0.000000000000000000e+00,0.000000000000000000e+00
2.994621879473293546e+01,0.000000000000000000e+00,0.000000000000000000e+00
3.099704932641422772e+01,0.000000000000000000e+00,0.000000000000000000e+00
2.614939828859986193e+01,0.000000000000000000e+00,0.000000000000000000e+00
3.022178509836509264e+01,0.000000000000000000e+00,0.000000000000000000e+00
2.686186480175275904e+01,0.000000000000000000e+00,0.000000000000000000e+00
2.852897137222438317e+01,0.000000000000000000e+00,0.000000000000000000e+00
2.639967407629851692e+01,0.000000000000000000e+00,0.000000000000000000e+00
2.635289252318943554e+01,0.000000000000000000e+00,0.000000000000000000e+00
2.883883695472501074e+01,0.000000000000000000e+00,0.000000000000000000e+00
2.972325282526970369e+01,0.000000000000000000e+00,0.000000000000000000e+00
2.762904086302483364e+01,0.000000000000000000e+00,0.000000000000000000e+00
2.673457454999443783e+01,0.000000000000000000e+00,0.000000000000000000e+00
2.878660738194473723e+01,0.000000000000000000e+00,0.000000000000000000e+00
2.986301418828020715e+01,0.000000000000000000e+00,0.000000000000000000e+00
2.754002830521130107e+01,0.000000000000000000e+00,0.000000000000000000e+00
3.199919189284193166e+01,0.000000000000000000e+00,0.000000000000000000e+00
2.282326523631537540e+01,0.000000000000000000e+00,0.000000000000000000e+00
2.322157432833814283e+01,0.000000000000000000e+00,0.000000000000000000e+00
2.803288093679087112e+01,0.000000000000000000e+00,0.000000000000000000e+00
2.523320542187767757e+01,0.000000000000000000e+00,0.000000000000000000e+00
2.471262363320035149e+01,0.000000000000000000e+00,0.000000000000000000e+00
2.724046457603445148e+01,0.000000000000000000e+00,0.000000000000000000e+00
2.918243478659473666e+01,0.000000000000000000e+00,0.000000000000000000e+00
2.751564329373768558e+01,0.000000000000000000e+00,0.000000000000000000e+00
2.524311312293396625e+01,0.000000000000000000e+00,0.000000000000000000e+00
3.014895102855401632e+01,0.000000000000000000e+00,0.000000000000000000e+00
2.910595675312321617e+01,0.000000000000000000e+00,0.000000000000000000e+00
2.488627258814094034e+01,0.000000000000000000e+00,0.000000000000000000e+00
2.322599635340767676e+01,0.000000000000000000e+00,0.000000000000000000e+00
2.525550195736909131e+01,0.000000000000000000e+00,0.000000000000000000e+00
2.946249435936250194e+01,0.000000000000000000e+00,0.000000000000000000e+00
2.647993375684897899e+01,0.000000000000000000e+00,0.000000000000000000e+00
3.075767988129415897e+01,0.000000000000000000e+00,0.000000000000000000e+00
2.437986379075574561e+01,0.000000000000000000e+00,0.000000000000000000e+00
2.707563803591451190e+01,0.000000000000000000e+00,0.000000000000000000e+00
2.417472844858160386e+01,0.000000000000000000e+00,0.000000000000000000e+00
2.757363338946973386e+01,0.000000000000000000e+00,0.000000000000000000e+00
2.926018099373538917e+01,0.000000000000000000e+00,0.000000000000000000e+00
2.368522695288172741e+01,0.000000000000000000e+00,0.000000000000000000e+00
2.858034024555814767e+01,0.000000000000000000e+00,0.000000000000000000e+00
2.500235422580580291e+01,0.000000000000000000e+00,0.000000000000000000e+00
2.953865631291737515e+01,0.000000000000000000e+00,0.000000000000000000e+00
2.879436961235802173e+01,0.000000000000000000e+00,0.000000000000000000e+00
2.352987999920236462e+01,0.000000000000000000e+00,0.000000000000000000e+00
2.506108989356005523e+01,0.000000000000000000e+00,0.000000000000000000e+00
1.893684326207557334e+01,0.000000000000000000e+00,0.000000000000000000e+00
2.574515064954394816e+01,0.000000000000000000e+00,0.000000000000000000e+00
2.830547899756791352e+01,0.000000000000000000e+00,0.000000000000000000e+00
2.776230161053049628e+01,0.000000000000000000e+00,0.000000000000000000e+00
2.516453876607063123e+01,0.000000000000000000e+00,0.000000000000000000e+00
2.572674426895667210e+01,0.000000000000000000e+00,0.000000000000000000e+00
2.489126809552455910e+01,0.000000000000000000e+00,0.000000000000000000e+00
2.831085877965072228e+01,0.000000000000000000e+00,0.000000000000000000e+00
2.447828819531590838e+01,0.000000000000000000e+00,0.000000000000000000e+00
2.525774159018147458e+01,0.000000000000000000e+00,0.000000000000000000e+00
2.520784755369658470e+01,0.000000000000000000e+00,0.000000000000000000e+00
2.477287366848176475e+01,0.000000000000000000e+00,0.000000000000000000e+00
2.707737288486943683e+01,0.000000000000000000e+00,0.000000000000000000e+00
2.407666905000357360e+01,0.000000000000000000e+00,0.000000000000000000e+00
2.414665830727194873e+01,0.000000000000000000e+00,0.000000000000000000e+00
2.628431883140452641e+01,0.000000000000000000e+00,0.000000000000000000e+00
2.470441048168748210e+01,0.000000000000000000e+00,0.000000000000000000e+00
2.694058198471287113e+01,0.000000000000000000e+00,0.000000000000000000e+00
2.534700559555702881e+01,0.000000000000000000e+00,0.000000000000000000e+00
2.473314451855885920e+01,0.000000000000000000e+00,0.000000000000000000e+00
2.159669624557049872e+01,0.000000000000000000e+00,0.000000000000000000e+00
2.658577075300886250e+01,0.000000000000000000e+00,0.000000000000000000e+00
2.521916889140747742e+01,0.000000000000000000e+00,0.000000000000000000e+00
2.075519619305971730e+01,0.000000000000000000e+00,0.000000000000000000e+00
2.347480092730129186e+01,0.000000000000000000e+00,0.000000000000000000e+00
2.487906625119357429e+01,0.000000000000000000e+00,0.000000000000000000e+00
2.617535845349128465e+01,0.000000000000000000e+00,0.000000000000000000e+00
2.843806990542097779e+01,0.000000000000000000e+00,0.000000000000000000e+00
2.706959141935485036e+01,0.000000000000000000e+00,0.000000000000000000e+00
2.224557352498083418e+01,0.000000000000000000e+00,0.000000000000000000e+00
2.718662018073275277e+01,0.000000000000000000e+00,0.000000000000000000e+00
2.541697285243495230e+01,0.000000000000000000e+00,0.000000000000000000e+00
2.547869977689341425e+01,0.000000000000000000e+00,0.000000000000000000e+00
2.030991611148042963e+01,0.000000000000000000e+00,0.000000000000000000e+00
2.462013108701718522e+01,0.000000000000000000e+00,0.000000000000000000e+00
2.150355062619445334e+01,0.000000000000000000e+00,0.000000000000000000e+00
2.370746075633943306e+01,0.000000000000000000e+00,0.000000000000000000e+00
2.659209520290637130e+01,0.000000000000000000e+00,0.000000000000000000e+00
2.477267326792229696e+01,0.000000000000000000e+00,0.000000000000000000e+00
2.270923866690527859e+01,0.000000000000000000e+00,0.000000000000000000e+00
2.374128400184241627e+01,0.000000000000000000e+00,0.000000000000000000e+00
2.193024308867453698e+01,0.000000000000000000e+00,0.000000000000000000e+00
2.123502655443605747e+01,0.000000000000000000e+00,0.000000000000000000e+00
2.762724920915569982e+01,0.000000000000000000e+00,0.000000000000000000e+00
2.338434279086076373e+01,0.000000000000000000e+00,0.000000000000000000e+00
2.633123491281151374e+01,0.000000000000000000e+00,0.000000000000000000e+00
2.389357042560483180e+01,0.000000000000000000e+00,0.000000000000000000e+00
2.455647953358701230e+01,0.000000000000000000e+00,0.000000000000000000e+00
2.330183859428826665e+01,0.000000000000000000e+00,0.000000000000000000e+00
2.522248518646246751e+01,0.000000000000000000e+00,0.000000000000000000e+00
2.434735047292150867e+01,0.000000000000000000e+00,0.000000000000000000e+00
2.418825627952506707e+01,0.000000000000000000e+00,0.000000000000000000e+00
2.088802586062519850e+01,0.000000000000000000e+00,0.000000000000000000e+00
2.133997795426888544e+01,0.000000000000000000e+00,0.000000000000000000e+00
2.320592343201863272e+01,0.000000000000000000e+00,0.000000000000000000e+00
2.845610954429990613e+01,0.000000000000000000e+00,0.000000000000000000e+00
2.328440473719494719e+01,0.000000000000000000e+00,0.000000000000000000e+00
2.579377947690208472e+01,0.000000000000000000e+00,0.000000000000000000e+00
1.905056203615943389e+01,0.000000000000000000e+00,0.000000000000000000e+00
2.375057512708081831e+01,0.000000000000000000e+00,0.000000000000000000e+00
2.345478158274735492e+01,0.000000000000000000e+00,0.000000000000000000e+00
2.229762049186327388e+01,0.000000000000000000e+00,0.000000000000000000e+00
2.538270469060807244e+01,0.000000000000000000e+00,0.000000000000000000e+00
2.134632024739011769e+01,0.000000000000000000e+00,0.000000000000000000e+00
2.500866644753469714e+01,0.000000000000000000e+00,0.000000000000000000e+00
1.827189111665677146e+01,0.000000000000000000e+00,0.000000000000000000e+00
2.385803630071143644e+01,0.000000000000000000e+00,0.000000000000000000e+00
2.163301393181538756e+01,0.000000000000000000e+00,0.000000000000000000e+00
2.343200557970926567e+01,0.000000000000000000e+00,0.000000000000000000e+00
2.206055386705081389e+01,0.000000000000000000e+00,0.000000000000000000e+00
2.240097179180460429e+01,0.000000000000000000e+00,0.000000000000000000e+00
2.164574277173472083e+01,0.000000000000000000e+00,0.000000000000000000e+00
2.552126143422476190e+01,0.000000000000000000e+00,0.000000000000000000e+00
2.013150486105764614e+01,0.000000000000000000e+00,0.000000000000000000e+00
2.414742267029730272e+01,0.000000000000000000e+00,0.000000000000000000e+00
2.295547540944984632e+01,0.000000000000000000e+00,0.000000000000000000e+00
2.559455274669552338e+01,0.000000000000000000e+00,0.000000000000000000e+00
2.220458739900389844e+01,0.000000000000000000e+00,0.000000000000000000e+00
2.365186541410748333e+01,0.000000000000000000e+00,0.000000000000000000e+00
2.314955343903033480e+01,0.000000000000000000e+00,0.000000000000000000e+00
2.415211297242938571e+01,0.000000000000000000e+00,0.000000000000000000e+00
2.060612336099018549e+01,0.000000000000000000e+00,0.000000000000000000e+00
2.155248861277069850e+01,0.000000000000000000e+00,0.000000000000000000e+00
2.111886810642416279e+01,0.000000000000000000e+00,0.000000000000000000e+00
2.047715245932332451e+01,0.000000000000000000e+00,0.000000000000000000e+00
2.155505990078665590e+01,0.000000000000000000e+00,0.000000000000000000e+00
2.157985286117532553e+01,0.000000000000000000e+00,0.000000000000000000e+00
2.172872179356209443e+01,0.000000000000000000e+00,0.000000000000000000e+00
1.854192759425725612e+01,0.000000000000000000e+00,0.000000000000000000e+00
2.239686330908054401e+01,0.000000000000000000e+00,0.000000000000000000e+00
2.286540866345884382e+01,0.000000000000000000e+00,0.000000000000000000e+00
2.112052284609918118e+01,0.000000000000000000e+00,0.000000000000000000e+00
2.474612026677950993e+01,0.000000000000000000e+00,0.000000000000000000e+00
2.321145377990302094e+01,0.000000000000000000e+00,0.000000000000000000e+00
2.457665011944999023e+01,0.000000000000000000e+00,0.000000000000000000e+00
1.997468427637463151e+01,0.000000000000000000e+00,0.000000000000000000e+00
2.178489655341116560e+01,0.000000000000000000e+00,0.000000000000000000e+00
2.060252415256519498e+01,0.000000000000000000e+00,0.000000000000000000e+00
2.309841271870564938e+01,0.000000000000000000e+00,0.000000000000000000e+00
2.135098181667717654e+01,0.000000000000000000e+00,0.000000000000000000e+00
1.857686998745899132e+01,0.000000000000000000e+00,0.000000000000000000e+00
2.065002488847619944e+01,0.000000000000000000e+00,0.000000000000000000e+00
2.268935998679797805e+01,0.000000000000000000e+00,0.000000000000000000e+00
2.327990615683242126e+01,0.000000000000000000e+00,0.000000000000000000e+00
2.053864721049063746e+01,0.000000000000000000e+00,0.000000000000000000e+00
2.006607315884048148e+01,0.000000000000000000e+00,0.000000000000000000e+00
2.097060483502561468e+01,0.000000000000000000e+00,0.000000000000000000e+00
2.362565391529001246e+01,0.000000000000000000e+00,0.000000000000000000e+00
2.645070491386946898e+01,0.000000000000000000e+00,0.000000000000000000e+00
2.259495102441639958e+01,0.000000000000000000e+00,0.000000000000000000e+00
2.152637335225657722e+01,0.000000000000000000e+00,0.000000000000000000e+00
2.051773747727201425e+01,0.000000000000000000e+00,0.000000000000000000e+00
2.203613419669972018e+01,0.000000000000000000e+00,0.000000000000000000e+00
2.142323644521122006e+01,0.000000000000000000e+00,0.000000000000000000e+00
2.085375156391485518e+01,0.000000000000000000e+00,0.000000000000000000e+00
2.335092932585796888e+01,0.000000000000000000e+00,0.000000000000000000e+00
2.047056414388008250e+01,0.000000000000000000e+00,0.000000000000000000e+00
2.293539118932849163e+01,0.000000000000000000e+00,0.000000000000000000e+00
2.259880389849774929e+01,0.000000000000000000e+00,0.000000000000000000e+00
2.180929222916031662e+01,0.000000000000000000e+00,0.000000000000000000e+00
2.181887722333460289e+01,0.000000000000000000e+00,0.000000000000000000e+00
2.112391647982139986e+01,0.000000000000000000e+00,0.000000000000000000e+00
2.064202726599418014e+01,0.000000000000000000e+00,0.000000000000000000e+00
1.964082931447617852e+01,0.000000000000000000e+00,0.000000000000000000e+00
1.942204685301671674e+01,0.000000000000000000e+00,0.000000000000000000e+00
2.135223825629814698e+01,0.000000000000000000e+00,0.000000000000000000e+00
2.289892831200868173e+01,0.000000000000000000e+00,0.000000000000000000e+00
1.658153190004022903e+01,0.000000000000000000e+00,0.000000000000000000e+00
2.015892765388790764e+01,0.000000000000000000e+00,0.000000000000000000e+00
2.099798592145173970e+01,0.000000000000000000e+00,0.000000000000000000e+00
2.266588314255400505e+01,0.000000000000000000e+00,0.000000000000000000e+00
1.805585304222465481e+01,0.000000000000000000e+00,0.000000000000000000e+00
2.091574837286442445e+01,0.000000000000000000e+00,0.000000000000000000e+00
2.318307234942547623e+01,0.000000000000000000e+00,0.000000000000000000e+00
2.158444321819607126e+01,0.000000000000000000e+00,0.000000000000000000e+00
2.169117630721098067e+01,0.000000000000000000e+00,0.000000000000000000e+00
2.406409160260687941e+01,0.000000000000000000e+00,0.000000000000000000e+00
2.752943549087300568e+01,0.000000000000000000e+00,0.000000000000000000e+00
1.959493808997815023e+01,0.000000000000000000e+00,0.000000000000000000e+00
2.188020963032095523e+01,0.000000000000000000e+00,0.000000000000000000e+00
2.164373573370926707e+01,0.000000000000000000e+00,0.000000000000000000e+00
2.200737459709616672e+01,0.000000000000000000e+00,0.000000000000000000e+00
2.045598285707156805e+01,0.000000000000000000e+00,0.000000000000000000e+00
2.125503733094588554e+01,0.000000000000000000e+00,0.000000000000000000e+00
1.769831472891466362e+01,0.000000000000000000e+00,0.000000000000000000e+00
1.791374138728090770e+01,0.000000000000000000e+00,0.000000000000000000e+00
2.078047871411864378e+01,0.000000000000000000e+00,0.000000000000000000e+00
2.253868471327751877e+01,0.000000000000000000e+00,0.000000000000000000e+00
2.001929351535979151e+01,0.000000000000000000e+00,0.000000000000000000e+00
1.850142075710701306e+01,0.000000000000000000e+00,0.000000000000000000e+00
2.234068025100871324e+01,0.000000000000000000e+00,0.000000000000000000e+00
2.042384515779225040e+01,0.000000000000000000e+00,0.000000000000000000e+00
2.199646195810258575e+01,0.000000000000000000e+00,0.000000000000000000e+00
2.280220100655151327e+01,0.000000000000000000e+00,0.000000000000000000e+00
2.219859732609607050e+01,0.000000000000000000e+00,0.000000000000000000e+00
2.028744232857843599e+01,0.000000000000000000e+00,0.000000000000000000e+00
2.361761461843374121e+01,0.000000000000000000e+00,0.000000000000000000e+00
1.871749585945817529e+01,0.000000000000000000e+00,0.000000000000000000e+00
2.050175140287738529e+01,0.000000000000000000e+00,0.000000000000000000e+00
1.893908696501301137e+01,0.000000000000000000e+00,0.000000000000000000e+00
1.873273534152936648e+01,0.000000000000000000e+00,0.000000000000000000e+00
2.390032203269539224e+01,0.000000000000000000e+00,0.000000000000000000e+00
2.003570540410803247e+01,0.000000000000000000e+00,0.000000000000000000e+00
2.306069616370459840e+01,0.000000000000000000e+00,0.000000000000000000e+00
2.359695528097770989e+01,0.000000000000000000e+00,0.000000000000000000e+00
1.952036604037103018e+01,0.000000000000000000e+00,0.000000000000000000e+00
1.867924613343005902e+01,0.000000000000000000e+00,0.000000000000000000e+00
1.998154283237683870e+01,0.000000000000000000e+00,0.000000000000000000e+00
1.900820407788071975e+01,0.000000000000000000e+00,0.000000000000000000e+00
1.995338408791856111e+01,0.000000000000000000e+00,0.000000000000000000e+00
2.235103287457561905e+01,0.000000000000000000e+00,0.000000000000000000e+00
1.896807956701514897e+01,0.000000000000000000e+00,0.000000000000000000e+00
1.771429657700383231e+01,0.000000000000000000e+00,0.000000000000000000e+00
2.244168599903796135e+01,0.000000000000000000e+00,0.000000000000000000e+00
1.973881944478180728e+01,0.000000000000000000e+00,0.000000000000000000e+00
2.119181077653667700e+01,0.000000000000000000e+00,0.000000000000000000e+00
1.964617629813317023e+01,0.000000000000000000e+00,0.000000000000000000e+00
2.408353946191761707e+01,0.000000000000000000e+00,0.000000000000000000e+00
2.253546118375024321e+01,0.000000000000000000e+00,0.000000000000000000e+00
2.287659533721534544e+01,0.000000000000000000e+00,0.000000000000000000e+00
2.233752493041204090e+01,0.000000000000000000e+00,0.000000000000000000e+00
2.178986498329310706e+01,0.000000000000000000e+00,0.000000000000000000e+00
1.966168911296958655e+01,0.000000000000000000e+00,0.000000000000000000e+00
1.809730759090055940e+01,0.000000000000000000e+00,0.000000000000000000e+00
1.930542438140906469e+01,0.000000000000000000e+00,0.000000000000000000e+00
2.142058606451274727e+01,0.000000000000000000e+00,0.000000000000000000e+00
2.111348177984370267e+01,0.000000000000000000e+00,0.000000000000000000e+00
1.712697324519932707e+01,0.000000000000000000e+00,0.000000000000000000e+00
2.082751451310403823e+01,0.000000000000000000e+00,0.000000000000000000e+00
2.006127063053317272e+01,0.000000000000000000e+00,0.000000000000000000e+00
1.864703529602912013e+01,0.000000000000000000e+00,0.000000000000000000e+00
2.002426583750299116e+01,0.000000000000000000e+00,0.000000000000000000e+00
2.246827345364426165e+01,0.000000000000000000e+00,0.000000000000000000e+00
1.925844034797884063e+01,0.000000000000000000e+00,0.000000000000000000e+00
2.010049212934452711e+01,0.000000000000000000e+00,0.000000000000000000e+00
2.176965699601274196e+01,0.000000000000000000e+00,0.000000000000000000e+00
2.434226129290357932e+01,0.000000000000000000e+00,0.000000000000000000e+00
1.941564179215207275e+01,0.000000000000000000e+00,0.000000000000000000e+00
1.976090983099405207e+01,0.000000000000000000e+00,0.000000000000000000e+00
1.972065482285886517e+01,0.000000000000000000e+00,0.000000000000000000e+00
1.698307514206785740e+01,0.000000000000000000e+00,0.000000000000000000e+00
1.865712132070546403e+01,0.000000000000000000e+00,0.000000000000000000e+00
2.063928873247389362e+01,0.000000000000000000e+00,0.000000000000000000e+00
2.086404099422101055e+01,0.000000000000000000e+00,0.000000000000000000e+00
2.249097237018962048e+01,0.000000000000000000e+00,0.000000000000000000e+00
2.320357875992881702e+01,0.000000000000000000e+00,0.000000000000000000e+00
1.664778666709055344e+01,0.000000000000000000e+00,0.000000000000000000e+00
2.273958319396087191e+01,0.000000000000000000e+00,0.000000000000000000e+00
2.208172599170205075e+01,0.000000000000000000e+00,0.000000000000000000e+00
1.992411117854985037e+01,0.000000000000000000e+00,0.000000000000000000e+00
1.943172148847123992e+01,0.000000000000000000e+00,0.000000000000000000e+00
2.041348176823644422e+01,0.000000000000000000e+00,0.000000000000000000e+00
2.053017512129145317e+01,0.000000000000000000e+00,0.000000000000000000e+00
1.961474348960669190e+01,0.000000000000000000e+00,0.000000000000000000e+00
1.797885026992991087e+01,0.000000000000000000e+00,0.000000000000000000e+00
2.086075387128335379e+01,0.000000000000000000e+00,0.000000000000000000e+00
1.998072112585231253e+01,0.000000000000000000e+00,0.000000000000000000e+00
1.779691763881043443e+01,0.000000000000000000e+00,0.000000000000000000e+00
2.140507654890008737e+01,0.000000000000000000e+00,0.000000000000000000e+00
2.222396556170161830e+01,0.000000000000000000e+00,0.000000000000000000e+00
2.367399215093190890e+01,0.000000000000000000e+00,0.000000000000000000e+00
2.013072239376846539e+01,0.000000000000000000e+00,0.000000000000000000e+00
2.129235250769742294e+01,0.000000000000000000e+00,0.000000000000000000e+00
1.795191790965736445e+01,0.000000000000000000e+00,0.000000000000000000e+00
1.776375172939906477e+01,0.000000000000000000e+00,0.000000000000000000e+00
2.193892629537441152e+01,0.000000000000000000e+00,0.000000000000000000e+00
2.175332552786397144e+01,0.000000000000000000e+00,0.000000000000000000e+00
1.609882543221487694e+01,0.000000000000000000e+00,0.000000000000000000e+00
2.093799694900920016e+01,0.000000000000000000e+00,0.000000000000000000e+00
1.816505293402581245e+01,0.000000000000000000e+00,0.000000000000000000e+00
1.997333012632716986e+01,0.000000000000000000e+00,0.000000000000000000e+00
2.129329849277786479e+01,0.000000000000000000e+00,0.000000000000000000e+00
2.205633908271390808e+01,0.000000000000000000e+00,0.000000000000000000e+00
2.055803213260190532e+01,0.000000000000000000e+00,0.000000000000000000e+00
1.914383030143522646e+01,0.000000000000000000e+00,0.000000000000000000e+00
1.879980058213401151e+01,0.000000000000000000e+00,0.000000000000000000e+00
1.952403406323711010e+01,0.000000000000000000e+00,0.000000000000000000e+00
2.432964861371389631e+01,0.000000000000000000e+00,0.000000000000000000e+00
1.972934819704138931e+01,0.000000000000000000e+00,0.000000000000000000e+00
2.066830969657368655e+01,0.000000000000000000e+00,0.000000000000000000e+00
2.033792754333353159e+01,0.000000000000000000e+00,0.000000000000000000e+00
1.852137971878636336e+01,0.000000000000000000e+00,0.000000000000000000e+00
1.934976589127948898e+01,0.000000000000000000e+00,0.000000000000000000e+00
2.082917518216389396e+01,0.000000000000000000e+00,0.000000000000000000e+00
1.733872262934282560e+01,0.000000000000000000e+00,0.000000000000000000e+00
2.158554627823067307e+01,0.000000000000000000e+00,0.000000000000000000e+00
1.863757312974899349e+01,0.000000000000000000e+00,0.000000000000000000e+00
2.291323362031191024e+01,0.000000000000000000e+00,0.000000000000000000e+00
1.946422698200742829e+01,0.000000000000000000e+00,0.000000000000000000e+00
2.291141919128565974e+01,0.000000000000000000e+00,0.000000000000000000e+00
1.828193055679745527e+01,0.000000000000000000e+00,0.000000000000000000e+00
2.004296934606708191e+01,0.000000000000000000e+00,0.000000000000000000e+00
1.973600212556594258e+01,0.000000000000000000e+00,0.000000000000000000e+00
2.338685217772377811e+01,0.000000000000000000e+00,0.000000000000000000e+00
1.734569724381578126e+01,0.000000000000000000e+00,0.000000000000000000e+00
1.646523438333006695e+01,0.000000000000000000e+00,0.000000000000000000e+00
2.434684628633202053e+01,0.000000000000000000e+00,0.000000000000000000e+00
1.833512813836362199e+01,0.000000000000000000e+00,0.000000000000000000e+00
2.409445771284680760e+01,0.000000000000000000e+00,0.000000000000000000e+00
2.118031529465645235e+01,0.000000000000000000e+00,0.000000000000000000e+00
1.882994756062356245e+01,0.000000000000000000e+00,0.000000000000000000e+00
1.871568870131859086e+01,0.000000000000000000e+00,0.000000000000000000e+00
1.873121150382331024e+01,0.000000000000000000e+00,0.000000000000000000e+00
2.229626879601576306e+01,0.000000000000000000e+00,0.000000000000000000e+00
1.858722043885864394e+01,0.000000000000000000e+00,0.000000000000000000e+00
1.854291745752128051e+01,0.000000000000000000e+00,0.000000000000000000e+00
2.193390553045215441e+01,0.000000000000000000e+00,0.000000000000000000e+00
2.340606294207008631e+01,0.000000000000000000e+00,0.000000000000000000e+00
1.817330939935204626e+01,0.000000000000000000e+00,0.000000000000000000e+00
2.034852346861172379e+01,0.000000000000000000e+00,0.000000000000000000e+00
1.792868339113515930e+01,0.000000000000000000e+00,0.000000000000000000e+00
1.891628628720670946e+01,0.000000000000000000e+00,0.000000000000000000e+00
2.186192034924546235e+01,0.000000000000000000e+00,0.000000000000000000e+00
2.457693879479878518e+01,0.000000000000000000e+00,0.000000000000000000e+00
2.449145826020952654e+01,0.000000000000000000e+00,0.000000000000000000e+00
1.723441094443979793e+01,0.000000000000000000e+00,0.000000000000000000e+00
2.087663676432041271e+01,0.000000000000000000e+00,0.000000000000000000e+00
1.686267168404788919e+01,0.000000000000000000e+00,0.000000000000000000e+00
2.073867859300388616e+01,0.000000000000000000e+00,0.000000000000000000e+00
1.808695438575236381e+01,0.000000000000000000e+00,0.000000000000000000e+00
2.122460713564236912e+01,0.000000000000000000e+00,0.000000000000000000e+00
1.895393787939928387e+01,0.000000000000000000e+00,0.000000000000000000e+00
2.013581589194489752e+01,0.000000000000000000e+00,0.000000000000000000e+00
1.873290600896724101e+01,0.000000000000000000e+00,0.000000000000000000e+00
2.054580134562758076e+01,0.000000000000000000e+00,0.000000000000000000e+00
2.087642083159528994e+01,0.000000000000000000e+00,0.000000000000000000e+00
2.069783232672892481e+01,0.000000000000000000e+00,0.000000000000000000e+00
2.143529370246976740e+01,0.000000000000000000e+00,0.000000000000000000e+00
2.171168989273028771e+01,0.000000000000000000e+00,0.000000000000000000e+00
2.054150673163049490e+01,0.000000000000000000e+00,0.000000000000000000e+00
2.182428365951349747e+01,0.000000000000000000e+00,0.000000000000000000e+00
1.721710989819679583e+01,0.000000000000000000e+00,0.000000000000000000e+00
1.854670448845260466e+01,0.000000000000000000e+00,0.000000000000000000e+00
1.628643858296315017e+01,0.000000000000000000e+00,0.000000000000000000e+00
1.897738075768889132e+01,0.000000000000000000e+00,0.000000000000000000e+00
1.929429382443051466e+01,0.000000000000000000e+00,0.000000000000000000e+00
1.963780064960118210e+01,0.000000000000000000e+00,0.000000000000000000e+00
1.830202877220373381e+01,0.000000000000000000e+00,0.000000000000000000e+00
1.941702683187855882e+01,0.000000000000000000e+00,0.000000000000000000e+00
2.020487768044377219e+01,0.000000000000000000e+00,0.000000000000000000e+00
1.745724250879999317e+01,0.000000000000000000e+00,0.000000000000000000e+00
2.195259826152634375e+01,0.000000000000000000e+00,0.000000000000000000e+00
2.130884615061137310e+01,0.000000000000000000e+00,0.000000000000000000e+00
1.940352688034931461e+01,0.000000000000000000e+00,0.000000000000000000e+00
1.921907225098503247e+01,0.000000000000000000e+00,0.000000000000000000e+00
1.812429276715981175e+01,0.000000000000000000e+00,0.000000000000000000e+00
1.995185149826537696e+01,0.000000000000000000e+00,0.000000000000000000e+00
1.915292474466047068e+01,0.000000000000000000e+00,0.000000000000000000e+00
2.330295512929701118e+01,0.000000000000000000e+00,0.000000000000000000e+00
2.184752695768649389e+01,0.000000000000000000e+00,0.000000000000000000e+00
2.184094820921061952e+01,0.000000000000000000e+00,0.000000000000000000e+00
2.242895921588611685e+01,0.000000000000000000e+00,0.000000000000000000e+00
2.297974587539670210e+01,0.000000000000000000e+00,0.000000000000000000e+00
2.367950231409568218e+01,0.000000000000000000e+00,0.000000000000000000e+00
1.857423555141468086e+01,0.000000000000000000e+00,0.000000000000000000e+00
2.464792250346751246e+01,0.000000000000000000e+00,0.000000000000000000e+00
1.760394432258676289e+01,0.000000000000000000e+00,0.000000000000000000e+00
2.378951538234531426e+01,0.000000000000000000e+00,0.000000000000000000e+00
2.152214253885711770e+01,0.000000000000000000e+00,0.000000000000000000e+00
2.053772603381279183e+01,0.000000000000000000e+00,0.000000000000000000e+00
2.178621855144258390e+01,0.000000000000000000e+00,0.000000000000000000e+00
2.088840654326615009e+01,0.000000000000000000e+00,0.000000000000000000e+00
2.530305129531059904e+01,0.000000000000000000e+00,0.000000000000000000e+00
2.042051742343004150e+01,0.000000000000000000e+00,0.000000000000000000e+00
2.534029880327799589e+01,0.000000000000000000e+00,0.000000000000000000e+00
2.227849462130100733e+01,0.000000000000000000e+00,0.000000000000000000e+00
2.436811082947810192e+01,0.000000000000000000e+00,0.000000000000000000e+00
2.086080227459649450e+01,0.000000000000000000e+00,0.000000000000000000e+00
2.381654428442886484e+01,0.000000000000000000e+00,0.000000000000000000e+00
2.116248498419591328e+01,0.000000000000000000e+00,0.000000000000000000e+00
1.816366786809218326e+01,0.000000000000000000e+00,0.000000000000000000e+00
2.229418081954903386e+01,0.000000000000000000e+00,0.000000000000000000e+00
2.213947457041383515e+01,0.000000000000000000e+00,0.000000000000000000e+00
2.586753012968476639e+01,0.000000000000000000e+00,0.000000000000000000e+00
2.372764235733860971e+01,0.000000000000000000e+00,0.000000000000000000e+00
2.213574980974219386e+01,0.000000000000000000e+00,0.000000000000000000e+00
2.202055514848783702e+01,0.000000000000000000e+00,0.000000000000000000e+00
2.320587001829641238e+01,0.000000000000000000e+00,0.000000000000000000e+00
2.074324374259342463e+01,0.000000000000000000e+00,0.000000000000000000e+00
2.058509290755564791e+01,0.000000000000000000e+00,0.000000000000000000e+00
2.060820397786336500e+01,0.000000000000000000e+00,0.000000000000000000e+00
2.094161099711206830e+01,0.000000000000000000e+00,0.000000000000000000e+00
2.056245958464053558e+01,0.000000000000000000e+00,0.000000000000000000e+00
2.426588579264678458e+01,0.000000000000000000e+00,0.000000000000000000e+00
2.203428773802735208e+01,0.000000000000000000e+00,0.000000000000000000e+00
1.993286914949165123e+01,0.000000000000000000e+00,0.000000000000000000e+00
2.132331276413819410e+01,0.000000000000000000e+00,0.000000000000000000e+00
2.271267924007438666e+01,0.000000000000000000e+00,0.000000000000000000e+00
1.887352439524737946e+01,0.000000000000000000e+00,0.000000000000000000e+00
2.215164488899609552e+01,0.000000000000000000e+00,0.000000000000000000e+00
1.781007105574429517e+01,0.000000000000000000e+00,0.000000000000000000e+00
2.066298986399996096e+01,0.000000000000000000e+00,0.000000000000000000e+00
2.290281240363395199e+01,0.000000000000000000e+00,0.000000000000000000e+00
1.759939597509416842e+01,0.000000000000000000e+00,0.000000000000000000e+00
2.076685328995396773e+01,0.000000000000000000e+00,0.000000000000000000e+00
2.143460627321901768e+01,0.000000000000000000e+00,0.000000000000000000e+00
2.156604875778547381e+01,0.000000000000000000e+00,0.000000000000000000e+00
1.877480269052072259e+01,0.000000000000000000e+00,0.000000000000000000e+00
1.926187286990921166e+01,0.000000000000000000e+00,0.000000000000000000e+00
2.207763202411455694e+01,0.000000000000000000e+00,0.000000000000000000e+00
2.072755666727610802e+01,0.000000000000000000e+00,0.000000000000000000e+00
2.218926057750591596e+01,0.000000000000000000e+00,0.000000000000000000e+00
2.368319197884213878e+01,0.000000000000000000e+00,0.000000000000000000e+00
2.219589005537754645e+01,0.000000000000000000e+00,0.000000000000000000e+00
2.369049004013777449e+01,0.000000000000000000e+00,0.000000000000000000e+00
2.235342931216533913e+01,0.000000000000000000e+00,0.000000000000000000e+00
2.034840811585906195e+01,0.000000000000000000e+00,0.000000000000000000e+00
2.187442911267485002e+01,0.000000000000000000e+00,0.000000000000000000e+00
2.439469662444060560e+01,0.000000000000000000e+00,0.000000000000000000e+00
2.241235577939623980e+01,0.000000000000000000e+00,0.000000000000000000e+00
2.135759171535242018e+01,0.000000000000000000e+00,0.000000000000000000e+00
2.326609858539634956e+01,0.000000000000000000e+00,0.000000000000000000e+00
2.092689664512999670e+01,0.000000000000000000e+00,0.000000000000000000e+00
2.173410755130915817e+01,0.000000000000000000e+00,0.000000000000000000e+00
2.149771942584789031e+01,0.000000000000000000e+00,0.000000000000000000e+00
2.221057877125841884e+01,0.000000000000000000e+00,0.000000000000000000e+00
1.988522238087048422e+01,0.000000000000000000e+00,0.000000000000000000e+00
2.482484438874823951e+01,0.000000000000000000e+00,0.000000000000000000e+00
2.203942299832738883e+01,0.000000000000000000e+00,0.000000000000000000e+00
2.265906625168315003e+01,0.000000000000000000e+00,0.000000000000000000e+00
2.320825046296939576e+01,0.000000000000000000e+00,0.000000000000000000e+00
2.262695265617700713e+01,0.000000000000000000e+00,0.000000000000000000e+00
2.177310611723657274e+01,0.000000000000000000e+00,0.000000000000000000e+00
2.281196799109466511e+01,0.000000000000000000e+00,0.000000000000000000e+00
2.145317607048322728e+01,0.000000000000000000e+00,0.000000000000000000e+00
1.947955105792442509e+01,0.000000000000000000e+00,0.000000000000000000e+00
2.102585257741768032e+01,0.000000000000000000e+00,0.000000000000000000e+00
2.040448217771618999e+01,0.000000000000000000e+00,0.000000000000000000e+00
2.143967376240997424e+01,0.000000000000000000e+00,0.000000000000000000e+00
2.345045311847766811e+01,0.000000000000000000e+00,0.000000000000000000e+00
1.809080978262039707e+01,0.000000000000000000e+00,0.000000000000000000e+00
2.104409249696361783e+01,0.000000000000000000e+00,0.000000000000000000e+00
2.040714999670850105e+01,0.000000000000000000e+00,0.000000000000000000e+00
2.523500729391233577e+01,0.000000000000000000e+00,0.000000000000000000e+00
2.271028014337873557e+01,0.000000000000000000e+00,0.000000000000000000e+00
2.072171045906781472e+01,0.000000000000000000e+00,0.000000000000000000e+00
2.489666283789050283e+01,0.000000000000000000e+00,0.000000000000000000e+00
2.059942174892972133e+01,0.000000000000000000e+00,0.000000000000000000e+00
2.255454728537247888e+01,0.000000000000000000e+00,0.000000000000000000e+00
2.176290817400558097e+01,0.000000000000000000e+00,0.000000000000000000e+00
2.223934596303952560e+01,0.000000000000000000e+00,0.000000000000000000e+00
2.307575647089845816e+01,0.000000000000000000e+00,0.000000000000000000e+00
2.303868771326549236e+01,0.000000000000000000e+00,0.000000000000000000e+00
2.448918474439683735e+01,0.000000000000000000e+00,0.000000000000000000e+00
2.198527727384122699e+01,0.000000000000000000e+00,0.000000000000000000e+00
2.005503251363485617e+01,0.000000000000000000e+00,0.000000000000000000e+00
2.108061795132175931e+01,0.000000000000000000e+00,0.000000000000000000e+00
2.519983600567528725e+01,0.000000000000000000e+00,0.000000000000000000e+00
2.272405719699676396e+01,0.000000000000000000e+00,0.000000000000000000e+00
2.099146282324258905e+01,0.000000000000000000e+00,0.000000000000000000e+00
1.915137175709440243e+01,0.000000000000000000e+00,0.000000000000000000e+00
2.500559546626614704e+01,0.000000000000000000e+00,0.000000000000000000e+00
2.578684308572415418e+01,0.000000000000000000e+00,0.000000000000000000e+00
2.498338528946202430e+01,0.000000000000000000e+00,0.000000000000000000e+00
2.185775433302901050e+01,0.000000000000000000e+00,0.000000000000000000e+00
2.426652025012579728e+01,0.000000000000000000e+00,0.000000000000000000e+00
2.509433534674863253e+01,0.000000000000000000e+00,0.000000000000000000e+00
2.586243981504691192e+01,0.000000000000000000e+00,0.000000000000000000e+00
2.460449876777013145e+01,0.000000000000000000e+00,0.000000000000000000e+00
2.268502346116286716e+01,0.000000000000000000e+00,0.000000000000000000e+00
2.454716064553524646e+01,0.000000000000000000e+00,0.000000000000000000e+00
2.557866709538324912e+01,0.000000000000000000e+00,0.000000000000000000e+00
2.501430397747857270e+01,0.000000000000000000e+00,0.000000000000000000e+00
2.285401302603810336e+01,0.000000000000000000e+00,0.000000000000000000e+00
2.324804651665795419e+01,0.000000000000000000e+00,0.000000000000000000e+00
2.696450181354920517e+01,0.000000000000000000e+00,0.000000000000000000e+00
2.404932588922957848e+01,0.000000000000000000e+00,0.000000000000000000e+00
2.391246991547173195e+01,0.000000000000000000e+00,0.000000000000000000e+00
2.241062212906644646e+01,0.000000000000000000e+00,0.000000000000000000e+00
2.232337032065922600e+01,0.000000000000000000e+00,0.000000000000000000e+00
2.455168851293941756e+01,0.000000000000000000e+00,0.000000000000000000e+00
2.371913968311688592e+01,0.000000000000000000e+00,0.000000000000000000e+00
2.258109644089484291e+01,0.000000000000000000e+00,0.000000000000000000e+00
2.332651586054974757e+01,0.000000000000000000e+00,0.000000000000000000e+00
2.670744163009661420e+01,0.000000000000000000e+00,0.000000000000000000e+00
2.242672183378241968e+01,0.000000000000000000e+00,0.000000000000000000e+00
2.244452773757928554e+01,0.000000000000000000e+00,0.000000000000000000e+00
2.357837987404601421e+01,0.000000000000000000e+00,0.000000000000000000e+00
2.538933090501209477e+01,0.000000000000000000e+00,0.000000000000000000e+00
2.376313978662170001e+01,0.000000000000000000e+00,0.000000000000000000e+00
2.292008820954971426e+01,0.000000000000000000e+00,0.000000000000000000e+00
2.724140196195560293e+01,0.000000000000000000e+00,0.000000000000000000e+00
2.667521574698972486e+01,0.000000000000000000e+00,0.000000000000000000e+00
2.294500952862515675e+01,0.000000000000000000e+00,0.000000000000000000e+00
2.184687500884525235e+01,0.000000000000000000e+00,0.000000000000000000e+00
2.279360842305301205e+01,0.000000000000000000e+00,0.000000000000000000e+00
2.624525465771617050e+01,0.000000000000000000e+00,0.000000000000000000e+00
2.336437242065835207e+01,0.000000000000000000e+00,0.000000000000000000e+00
2.237766946471845841e+01,0.000000000000000000e+00,0.000000000000000000e+00
2.164707563277552893e+01,0.000000000000000000e+00,0.000000000000000000e+00
2.545704567138190910e+01,0.000000000000000000e+00,0.000000000000000000e+00
2.637093330620320586e+01,0.000000000000000000e+00,0.000000000000000000e+00
2.459509602133282158e+01,0.000000000000000000e+00,0.000000000000000000e+00
2.695269385400436590e+01,0.000000000000000000e+00,0.000000000000000000e+00
2.384912822313607705e+01,0.000000000000000000e+00,0.000000000000000000e+00
2.727511856171678772e+01,0.000000000000000000e+00,0.000000000000000000e+00
2.337726438871571588e+01,0.000000000000000000e+00,0.000000000000000000e+00
2.551739700466138672e+01,0.000000000000000000e+00,0.000000000000000000e+00
2.090365304630712018e+01,0.000000000000000000e+00,0.000000000000000000e+00
2.565239032162912736e+01,0.000000000000000000e+00,0.000000000000000000e+00
2.635100039394944105e+01,0.000000000000000000e+00,0.000000000000000000e+00
2.376922044322004268e+01,0.000000000000000000e+00,0.000000000000000000e+00
2.287088254683376221e+01,0.000000000000000000e+00,0.000000000000000000e+00
2.688472719577279335e+01,0.000000000000000000e+00,0.000000000000000000e+00
2.252371331248706809e+01,0.000000000000000000e+00,0.000000000000000000e+00
2.653982164427655022e+01,0.000000000000000000e+00,0.000000000000000000e+00
2.425603166125161536e+01,0.000000000000000000e+00,0.000000000000000000e+00
2.883642640493210152e+01,0.000000000000000000e+00,0.000000000000000000e+00
2.694698676317016606e+01,0.000000000000000000e+00,0.000000000000000000e+00
2.439879170857092916e+01,0.000000000000000000e+00,0.000000000000000000e+00
2.510373928081176942e+01,0.000000000000000000e+00,0.000000000000000000e+00
2.761857539008118323e+01,0.000000000000000000e+00,0.000000000000000000e+00
2.416947109822905304e+01,0.000000000000000000e+00,0.000000000000000000e+00
3.187053588582784514e+01,0.000000000000000000e+00,0.000000000000000000e+00
2.479233244116641188e+01,0.000000000000000000e+00,0.000000000000000000e+00
2.563070629398749389e+01,0.000000000000000000e+00,0.000000000000000000e+00
2.403213489003899639e+01,0.000000000000000000e+00,0.000000000000000000e+00
2.655678614648711644e+01,0.000000000000000000e+00,0.000000000000000000e+00
2.901098174442199351e+01,0.000000000000000000e+00,0.000000000000000000e+00
2.546792369634971465e+01,0.000000000000000000e+00,0.000000000000000000e+00
2.854949671246782827e+01,0.000000000000000000e+00,0.000000000000000000e+00
2.670968024017222220e+01,0.000000000000000000e+00,0.000000000000000000e+00
2.663476881786682071e+01,0.000000000000000000e+00,0.000000000000000000e+00
2.724441795660659338e+01,0.000000000000000000e+00,0.000000000000000000e+00
2.560760319674194463e+01,0.000000000000000000e+00,0.000000000000000000e+00
2.450396956287689321e+01,0.000000000000000000e+00,0.000000000000000000e+00
2.656227178286605906e+01,0.000000000000000000e+00,0.000000000000000000e+00
2.460059457135033156e+01,0.000000000000000000e+00,0.000000000000000000e+00
2.182314074426033912e+01,0.000000000000000000e+00,0.000000000000000000e+00
2.629997061984361650e+01,0.000000000000000000e+00,0.000000000000000000e+00
2.596568650203877482e+01,0.000000000000000000e+00,0.000000000000000000e+00
2.846761613842606309e+01,0.000000000000000000e+00,0.000000000000000000e+00
2.480367765391235935e+01,0.000000000000000000e+00,0.000000000000000000e+00
2.836863995753893164e+01,0.000000000000000000e+00,0.000000000000000000e+00
2.730547928934076296e+01,0.000000000000000000e+00,0.000000000000000000e+00
3.041030252488948094e+01,0.000000000000000000e+00,0.000000000000000000e+00
2.783120894619153418e+01,0.000000000000000000e+00,0.000000000000000000e+00
2.936176817063583044e+01,0.000000000000000000e+00,0.000000000000000000e+00
3.035951951802583437e+01,0.000000000000000000e+00,0.000000000000000000e+00
3.013510724235563032e+01,0.000000000000000000e+00,0.000000000000000000e+00
2.916865581164576327e+01,0.000000000000000000e+00,0.000000000000000000e+00
2.855265251301209872e+01,0.000000000000000000e+00,0.000000000000000000e+00
2.866075912314870422e+01,0.000000000000000000e+00,0.000000000000000000e+00
2.841160437880311562e+01,0.000000000000000000e+00,0.000000000000000000e+00
2.954811462697141877e+01,0.000000000000000000e+00,0.000000000000000000e+00
3.150327965264568419e+01,0.000000000000000000e+00,0.000000000000000000e+00
2.524163025154114237e+01,0.000000000000000000e+00,0.000000000000000000e+00
2.732061422212633062e+01,0.000000000000000000e+00,0.000000000000000000e+00
2.654385808946025094e+01,0.000000000000000000e+00,0.000000000000000000e+00
2.759269492192595052e+01,0.000000000000000000e+00,0.000000000000000000e+00
3.030252036327047449e+01,0.000000000000000000e+00,0.000000000000000000e+00
2.581025123956729672e+01,0.000000000000000000e+00,0.000000000000000000e+00
2.790591138175913244e+01,0.000000000000000000e+00,0.000000000000000000e+00
3.196689384642045084e+01,0.000000000000000000e+00,0.000000000000000000e+00
2.754311173488990150e+01,0.000000000000000000e+00,0.000000000000000000e+00
2.720920062503368442e+01,0.000000000000000000e+00,0.000000000000000000e+00
2.865504363395515597e+01,0.000000000000000000e+00,0.000000000000000000e+00
2.564284059626071866e+01,0.000000000000000000e+00,0.000000000000000000e+00
2.648549137566139677e+01,0.000000000000000000e+00,0.000000000000000000e+00
2.962487032904654072e+01,0.000000000000000000e+00,0.000000000000000000e+00
3.080922312797908091e+01,0.000000000000000000e+00,0.000000000000000000e+00
2.983206028978962365e+01,0.000000000000000000e+00,0.000000000000000000e+00
2.654925326584885070e+01,0.000000000000000000e+00,0.000000000000000000e+00
2.576958672197532252e+01,0.000000000000000000e+00,0.000000000000000000e+00
2.785563635261278748e+01,0.000000000000000000e+00,0.000000000000000000e+00
2.732799203587871162e+01,0.000000000000000000e+00,0.000000000000000000e+00
2.984342603199752020e+01,0.000000000000000000e+00,0.000000000000000000e+00
2.802656154154985302e+01,0.000000000000000000e+00,0.000000000000000000e+00
2.994304744425707199e+01,0.000000000000000000e+00,0.000000000000000000e+00
3.269935077554916347e+01,0.000000000000000000e+00,0.000000000000000000e+00
3.205352290351369504e+01,0.000000000000000000e+00,0.000000000000000000e+00
2.766809920207320417e+01,0.000000000000000000e+00,0.000000000000000000e+00
2.341363634098944146e+01,0.000000000000000000e+00,0.000000000000000000e+00
3.182297088351155168e+01,0.000000000000000000e+00,0.000000000000000000e+00
2.820005561776115499e+01,0.000000000000000000e+00,0.000000000000000000e+00
2.747034398639148023e+01,0.000000000000000000e+00,0.000000000000000000e+00
3.005501369868233752e+01,0.000000000000000000e+00,0.000000000000000000e+00
2.777784410738108889e+01,0.000000000000000000e+00,0.000000000000000000e+00
3.032982889141826988e+01,0.000000000000000000e+00,0.000000000000000000e+00
2.676422225271000244e+01,0.000000000000000000e+00,0.000000000000000000e+00
2.857209916981000930e+01,0.000000000000000000e+00,0.000000000000000000e+00
2.959409546619322029e+01,0.000000000000000000e+00,0.000000000000000000e+00
3.000801265749902669e+01,0.000000000000000000e+00,0.000000000000000000e+00
2.684374638417480341e+01,0.000000000000000000e+00,0.000000000000000000e+00
3.111505025692349236e+01,0.000000000000000000e+00,0.000000000000000000e+00
2.938291122187814253e+01,0.000000000000000000e+00,0.000000000000000000e+00
3.024343472092476404e+01,0.000000000000000000e+00,0.000000000000000000e+00
2.910984473217806823e+01,0.000000000000000000e+00,0.000000000000000000e+00
3.384190227853124355e+01,0.000000000000000000e+00,0.000000000000000000e+00
2.808918067396192697e+01,0.000000000000000000e+00,0.000000000000000000e+00
3.004973990084608104e+01,0.000000000000000000e+00,0.000000000000000000e+00
3.134432274385385497e+01,0.000000000000000000e+00,0.000000000000000000e+00
3.289572161355839341e+01,0.000000000000000000e+00,0.000000000000000000e+00
3.161644075943994636e+01,0.000000000000000000e+00,0.000000000000000000e+00
3.479373492111042765e+01,0.000000000000000000e+00,0.000000000000000000e+00
2.940137859695144584e+01,0.000000000000000000e+00,0.000000000000000000e+00
2.890358699402364806e+01,0.000000000000000000e+00,0.000000000000000000e+00
2.986680189317554834e+01,0.000000000000000000e+00,0.000000000000000000e+00
2.905649963759163512e+01,0.000000000000000000e+00,0.000000000000000000e+00
3.363663545789424347e+01,0.000000000000000000e+00,0.000000000000000000e+00
3.085226709900268460e+01,0.000000000000000000e+00,0.000000000000000000e+00
2.908998645410455808e+01,0.000000000000000000e+00,0.000000000000000000e+00
3.001245195691997836e+01,0.000000000000000000e+00,0.000000000000000000e+00
3.104570583360070302e+01,0.000000000000000000e+00,0.000000000000000000e+00
3.074907273271268693e+01,0.000000000000000000e+00,0.000000000000000000e+00
3.395673248106783149e+01,0.000000000000000000e+00,0.000000000000000000e+00
2.857510802470785194e+01,0.000000000000000000e+00,0.000000000000000000e+00
2.914810386335744852e+01,0.000000000000000000e+00,0.000000000000000000e+00
3.264631887909263952e+01,0.000000000000000000e+00,0.000000000000000000e+00
3.122771619408226584e+01,0.000000000000000000e+00,0.000000000000000000e+00
3.045975043404799365e+01,0.000000000000000000e+00,0.000000000000000000e+00
2.867167873851850501e+01,0.000000000000000000e+00,0.000000000000000000e+00
3.206331365184350801e+01,0.000000000000000000e+00,0.000000000000000000e+00
3.057962112327001236e+01,0.000000000000000000e+00,0.000000000000000000e+00
2.871352156331837691e+01,0.000000000000000000e+00,0.000000000000000000e+00
3.216880468468390575e+01,0.000000000000000000e+00,0.000000000000000000e+00
3.412254661464341865e+01,0.000000000000000000e+00,0.000000000000000000e+00
3.441252396781358414e+01,0.000000000000000000e+00,0.000000000000000000e+00
3.326893435555360412e+01,0.000000000000000000e+00,0.000000000000000000e+00
3.079537011386155854e+01,0.000000000000000000e+00,0.000000000000000000e+00
3.398970778135156223e+01,0.000000000000000000e+00,0.000000000000000000e+00
3.014450364736317312e+01,0.000000000000000000e+00,0.000000000000000000e+00
3.429146497684317296e+01,0.000000000000000000e+00,0.000000000000000000e+00
3.399498783624927256e+01,0.000000000000000000e+00,0.000000000000000000e+00
3.321727615278459922e+01,0.000000000000000000e+00,0.000000000000000000e+00
3.327905248683182293e+01,0.000000000000000000e+00,0.000000000000000000e+00
3.353136292139559771e+01,0.000000000000000000e+00,0.000000000000000000e+00
3.197348860914193125e+01,0.000000000000000000e+00,0.000000000000000000e+00
3.164175205395686774e+01,0.000000000000000000e+00,0.000000000000000000e+00
3.388130247773428039e+01,0.000000000000000000e+00,0.000000000000000000e+00
3.320795246604847506e+01,0.000000000000000000e+00,0.000000000000000000e+00
3.220708394698844756e+01,0.000000000000000000e+00,0.000000000000000000e+00
3.114439636598400796e+01,0.000000000000000000e+00,0.000000000000000000e+00
3.092863741127938226e+01,0.000000000000000000e+00,0.000000000000000000e+00
3.548273617714534112e+01,0.000000000000000000e+00,0.000000000000000000e+00
3.015039911862350053e+01,0.000000000000000000e+00,0.000000000000000000e+00
3.510938277759402837e+01,0.000000000000000000e+00,0.000000000000000000e+00
3.390966827028871933e+01,0.000000000000000000e+00,0.000000000000000000e+00
3.436857235203142835e+01,0.000000000000000000e+00,0.000000000000000000e+00
3.692868086016469675e+01,0.000000000000000000e+00,0.000000000000000000e+00
3.478574985154616428e+01,0.000000000000000000e+00,0.000000000000000000e+00
3.106962700762839447e+01,0.000000000000000000e+00,0.000000000000000000e+00
3.553898120027333363e+01,0.000000000000000000e+00,0.000000000000000000e+00
3.028054809354095056e+01,0.000000000000000000e+00,0.000000000000000000e+00
3.205096083121041062e+01,0.000000000000000000e+00,0.000000000000000000e+00
3.438810977356718723e+01,0.000000000000000000e+00,0.000000000000000000e+00
3.551221307742117261e+01,0.000000000000000000e+00,0.000000000000000000e+00
3.648620208485340299e+01,0.000000000000000000e+00,0.000000000000000000e+00
3.353180966445534494e+01,0.000000000000000000e+00,0.000000000000000000e+00
3.603449681945847516e+01,0.000000000000000000e+00,0.000000000000000000e+00
3.272077256503146714e+01,0.000000000000000000e+00,0.000000000000000000e+00
3.150591645723628886e+01,0.000000000000000000e+00,0.000000000000000000e+00
3.405005194609755392e+01,0.000000000000000000e+00,0.000000000000000000e+00
2.954127754696668973e+01,0.000000000000000000e+00,0.000000000000000000e+00
3.282710790656994249e+01,0.000000000000000000e+00,0.000000000000000000e+00
3.248388104988105596e+01,0.000000000000000000e+00,0.000000000000000000e+00
3.485676602579624017e+01,0.000000000000000000e+00,0.000000000000000000e+00
3.189110187769722771e+01,0.000000000000000000e+00,0.000000000000000000e+00
3.456887751737711056e+01,0.000000000000000000e+00,0.000000000000000000e+00
3.387936849438002440e+01,0.000000000000000000e+00,0.000000000000000000e+00
3.484985353123053642e+01,0.000000000000000000e+00,0.000000000000000000e+00
3.371749586812587296e+01,0.000000000000000000e+00,0.000000000000000000e+00
3.633239337000503610e+01,0.000000000000000000e+00,0.000000000000000000e+00
3.489514851655993510e+01,0.000000000000000000e+00,0.000000000000000000e+00
3.464633184023869461e+01,0.000000000000000000e+00,0.000000000000000000e+00
3.709650659227449410e+01,0.000000000000000000e+00,0.000000000000000000e+00
3.554224659689678845e+01,0.000000000000000000e+00,0.000000000000000000e+00
3.662251851897375587e+01,0.000000000000000000e+00,0.000000000000000000e+00
3.731008927912674977e+01,0.000000000000000000e+00,0.000000000000000000e+00
3.507884785922917814e+01,0.000000000000000000e+00,0.000000000000000000e+00
3.492337883184543301e+01,0.000000000000000000e+00,0.000000000000000000e+00
3.854433455525094843e+01,0.000000000000000000e+00,0.000000000000000000e+00
3.768852854410003062e+01,0.000000000000000000e+00,0.000000000000000000e+00
3.799186727342605963e+01,0.000000000000000000e+00,0.000000000000000000e+00
3.680543250822785950e+01,0.000000000000000000e+00,0.000000000000000000e+00
3.656843560949889849e+01,0.000000000000000000e+00,0.000000000000000000e+00
3.654066402460634322e+01,0.000000000000000000e+00,0.000000000000000000e+00
3.565825138432796138e+01,0.000000000000000000e+00,0.000000000000000000e+00
3.955567765624795840e+01,0.000000000000000000e+00,0.000000000000000000e+00
3.580763626844441205e+01,0.000000000000000000e+00,0.000000000000000000e+00
3.726074006636331859e+01,0.000000000000000000e+00,0.000000000000000000e+00
3.781863714052973791e+01,0.000000000000000000e+00,0.000000000000000000e+00
3.647821166800015646e+01,0.000000000000000000e+00,0.000000000000000000e+00
3.562923053818542485e+01,0.000000000000000000e+00,0.000000000000000000e+00
3.684065610204622487e+01,0.000000000000000000e+00,0.000000000000000000e+00
3.359524287501795214e+01,0.000000000000000000e+00,0.000000000000000000e+00
3.441415531591558619e+01,0.000000000000000000e+00,0.000000000000000000e+00
3.439331856934830967e+01,0.000000000000000000e+00,0.000000000000000000e+00
3.702743556082138809e+01,0.000000000000000000e+00,0.000000000000000000e+00
3.853184908644141871e+01,0.000000000000000000e+00,0.000000000000000000e+00
3.529354046566406566e+01,0.000000000000000000e+00,0.000000000000000000e+00
3.823679883054222017e+01,0.000000000000000000e+00,0.000000000000000000e+00
3.819702505840828621e+01,0.000000000000000000e+00,0.000000000000000000e+00
4.001597086610826892e+01,0.000000000000000000e+00,0.000000000000000000e+00
3.776269273763998058e+01,0.000000000000000000e+00,0.000000000000000000e+00
3.916656205688570935e+01,0.000000000000000000e+00,0.000000000000000000e+00
3.523753001112160632e+01,0.000000000000000000e+00,0.000000000000000000e+00
3.607415078742891978e+01,0.000000000000000000e+00,0.000000000000000000e+00
3.307147077293198834e+01,0.000000000000000000e+00,0.000000000000000000e+00
3.609313618083772468e+01,0.000000000000000000e+00,0.000000000000000000e+00
4.219760532762953176e+01,0.000000000000000000e+00,0.000000000000000000e+00
3.425014355221320272e+01,0.000000000000000000e+00,0.000000000000000000e+00
3.597997937136499047e+01,0.000000000000000000e+00,0.000000000000000000e+00
4.026783941666020894e+01,0.000000000000000000e+00,0.000000000000000000e+00
3.812700984638270540e+01,0.000000000000000000e+00,0.000000000000000000e+00
3.956946969996034369e+01,0.000000000000000000e+00,0.000000000000000000e+00
3.672777355471512095e+01,0.000000000000000000e+00,0.000000000000000000e+00
4.048513643026063136e+01,0.000000000000000000e+00,0.000000000000000000e+00
3.955501558026330144e+01,0.000000000000000000e+00,0.000000000000000000e+00
3.777392916303140424e+01,0.000000000000000000e+00,0.000000000000000000e+00
3.786500689341205828e+01,0.000000000000000000e+00,0.000000000000000000e+00
3.786485736677539649e+01,0.000000000000000000e+00,0.000000000000000000e+00
4.414850121015884810e+01,0.000000000000000000e+00,0.000000000000000000e+00
3.861076535331270776e+01,0.000000000000000000e+00,0.000000000000000000e+00
4.039162620233661727e+01,0.000000000000000000e+00,0.000000000000000000e+00
3.686087174350152651e+01,0.000000000000000000e+00,0.000000000000000000e+00
3.974720290457916150e+01,0.000000000000000000e+00,0.000000000000000000e+00
3.861097999677476622e+01,0.000000000000000000e+00,0.000000000000000000e+00
3.762752936891351396e+01,0.000000000000000000e+00,0.000000000000000000e+00
3.791803448447643632e+01,0.000000000000000000e+00,0.000000000000000000e+00
3.804715878579487054e+01,0.000000000000000000e+00,0.000000000000000000e+00
4.126231952411232839e+01,0.000000000000000000e+00,0.000000000000000000e+00
3.843124463643854938e+01,0.000000000000000000e+00,0.000000000000000000e+00
3.966405305724296682e+01,0.000000000000000000e+00,0.000000000000000000e+00
3.948722110150246323e+01,0.000000000000000000e+00,0.000000000000000000e+00
4.017898284403835873e+01,0.000000000000000000e+00,0.000000000000000000e+00
4.065811131097417075e+01,0.000000000000000000e+00,0.000000000000000000e+00
4.159464744846316364e+01,0.000000000000000000e+00,0.000000000000000000e+00
3.889769243976751767e+01,0.000000000000000000e+00,0.000000000000000000e+00
4.265144720795063193e+01,0.000000000000000000e+00,0.000000000000000000e+00
4.462503436829444325e+01,0.000000000000000000e+00,0.000000000000000000e+00
3.758732782168945619e+01,0.000000000000000000e+00,0.000000000000000000e+00
4.012406011297222364e+01,0.000000000000000000e+00,0.000000000000000000e+00
3.772268046272304787e+01,0.000000000000000000e+00,0.000000000000000000e+00
4.316497726353813391e+01,0.000000000000000000e+00,0.000000000000000000e+00
4.095350074946301788e+01,0.000000000000000000e+00,0.000000000000000000e+00
3.834997497052439996e+01,0.000000000000000000e+00,0.000000000000000000e+00
4.027831010252536714e+01,0.000000000000000000e+00,0.000000000000000000e+00
4.316513208379044642e+01,0.000000000000000000e+00,0.000000000000000000e+00
4.079048536678311621e+01,0.000000000000000000e+00,0.000000000000000000e+00
4.140631581876832001e+01,0.000000000000000000e+00,0.000000000000000000e+00
3.916281912797779086e+01,0.000000000000000000e+00,0.000000000000000000e+00
4.188107321451959564e+01,0.000000000000000000e+00,0.000000000000000000e+00
4.135410913065178562e+01,0.000000000000000000e+00,0.000000000000000000e+00
4.157641726449318753e+01,0.000000000000000000e+00,0.000000000000000000e+00
4.219584542277120676e+01,0.000000000000000000e+00,0.000000000000000000e+00
3.976088534043525868e+01,0.000000000000000000e+00,0.000000000000000000e+00
4.093755046112626417e+01,0.000000000000000000e+00,0.000000000000000000e+00
4.017981317041525813e+01,0.000000000000000000e+00,0.000000000000000000e+00
4.027188994302410663e+01,0.000000000000000000e+00,0.000000000000000000e+00
3.883546159193882374e+01,0.000000000000000000e+00,0.000000000000000000e+00
4.110271897418191145e+01,0.000000000000000000e+00,0.000000000000000000e+00
4.514038217006942943e+01,0.000000000000000000e+00,0.000000000000000000e+00
4.392551333369615207e+01,0.000000000000000000e+00,0.000000000000000000e+00
4.185273117577332158e+01,0.000000000000000000e+00,0.000000000000000000e+00
4.129783986491068504e+01,0.000000000000000000e+00,0.000000000000000000e+00
4.457535308078177394e+01,0.000000000000000000e+00,0.000000000000000000e+00
4.533318076506867556e+01,0.000000000000000000e+00,0.000000000000000000e+00
4.332410113658212936e+01,0.000000000000000000e+00,0.000000000000000000e+00
4.597224507841951180e+01,0.000000000000000000e+00,0.000000000000000000e+00
4.166356862144258599e+01,0.000000000000000000e+00,0.000000000000000000e+00
3.661897511010631234e+01,0.000000000000000000e+00,0.000000000000000000e+00
4.198191756433445221e+01,0.000000000000000000e+00,0.000000000000000000e+00
4.109867881956349578e+01,0.000000000000000000e+00,0.000000000000000000e+00
4.317005287064650787e+01,0.000000000000000000e+00,0.000000000000000000e+00
4.176328484322527146e+01,0.000000000000000000e+00,0.000000000000000000e+00
4.387739183288383771e+01,0.000000000000000000e+00,0.000000000000000000e+00
3.934510587870958176e+01,0.000000000000000000e+00,0.000000000000000000e+00
4.713174501896855162e+01,0.000000000000000000e+00,0.000000000000000000e+00
4.390244542504352410e+01,0.000000000000000000e+00,0.000000000000000000e+00
4.666543075630318782e+01,0.000000000000000000e+00,0.000000000000000000e+00
3.868160580974884510e+01,0.000000000000000000e+00,0.000000000000000000e+00
4.402554113687158832e+01,0.000000000000000000e+00,0.000000000000000000e+00
4.471819231515667070e+01,0.000000000000000000e+00,0.000000000000000000e+00
4.625320630708593228e+01,0.000000000000000000e+00,0.000000000000000000e+00
4.675933103601457219e+01,0.000000000000000000e+00,0.000000000000000000e+00
4.338146365864287191e+01,0.000000000000000000e+00,0.000000000000000000e+00
4.420505356102700745e+01,0.000000000000000000e+00,0.000000000000000000e+00
3.961279043635326502e+01,0.000000000000000000e+00,0.000000000000000000e+00
4.303600457481506680e+01,0.000000000000000000e+00,0.000000000000000000e+00
4.330012915720425326e+01,0.000000000000000000e+00,0.000000000000000000e+00
4.354158716567236809e+01,0.000000000000000000e+00,0.000000000000000000e+00
4.613599765206855352e+01,0.000000000000000000e+00,0.000000000000000000e+00
4.592501853720202831e+01,0.000000000000000000e+00,0.000000000000000000e+00
4.465608909919894387e+01,0.000000000000000000e+00,0.000000000000000000e+00
4.697129011307751512e+01,0.000000000000000000e+00,0.000000000000000000e+00
4.269494327801215405e+01,0.000000000000000000e+00,0.000000000000000000e+00
4.108111424840560488e+01,0.000000000000000000e+00,0.000000000000000000e+00
4.024348669433727110e+01,0.000000000000000000e+00,0.000000000000000000e+00
4.590108158006970029e+01,0.000000000000000000e+00,0.000000000000000000e+00
4.581357638095075657e+01,0.000000000000000000e+00,0.000000000000000000e+00
4.381791416978499853e+01,0.000000000000000000e+00,0.000000000000000000e+00
4.641262459197650969e+01,0.000000000000000000e+00,0.000000000000000000e+00
4.718054302352437190e+01,0.000000000000000000e+00,0.000000000000000000e+00
4.187733302961638060e+01,0.000000000000000000e+00,0.000000000000000000e+00
4.473536652884267539e+01,0.000000000000000000e+00,0.000000000000000000e+00
4.597955351456767659e+01,0.000000000000000000e+00,0.000000000000000000e+00
4.595984459202591665e+01,0.000000000000000000e+00,0.000000000000000000e+00
4.929649238969140157e+01,0.000000000000000000e+00,0.000000000000000000e+00
4.685263963918595920e+01,0.000000000000000000e+00,0.000000000000000000e+00
4.241795537515932324e+01,0.000000000000000000e+00,0.000000000000000000e+00
4.218494218073749380e+01,0.000000000000000000e+00,0.000000000000000000e+00
4.552631321461196023e+01,0.000000000000000000e+00,0.000000000000000000e+00
4.416700842474941169e+01,0.000000000000000000e+00,0.000000000000000000e+00
4.894186628686838247e+01,0.000000000000000000e+00,0.000000000000000000e+00
4.649768415276704303e+01,0.000000000000000000e+00,0.000000000000000000e+00
4.734979957617022706e+01,0.000000000000000000e+00,0.000000000000000000e+00
4.697447356887557390e+01,0.000000000000000000e+00,0.000000000000000000e+00
4.409860003708531195e+01,0.000000000000000000e+00,0.000000000000000000e+00
4.509578738622998628e+01,0.000000000000000000e+00,0.000000000000000000e+00
4.800995215121356807e+01,0.000000000000000000e+00,0.000000000000000000e+00
4.726747672792579635e+01,0.000000000000000000e+00,0.000000000000000000e+00
4.469397967675180894e+01,0.000000000000000000e+00,0.000000000000000000e+00
4.668682141592676516e+01,0.000000000000000000e+00,0.000000000000000000e+00
4.752178013141964641e+01,0.000000000000000000e+00,0.000000000000000000e+00
4.245696149446290235e+01,0.000000000000000000e+00,0.000000000000000000e+00
4.883871681347174132e+01,0.000000000000000000e+00,0.000000000000000000e+00
5.006017771111469727e+01,0.000000000000000000e+00,0.000000000000000000e+00
4.824490332773638812e+01,0.000000000000000000e+00,0.000000000000000000e+00
4.388015145554687990e+01,0.000000000000000000e+00,0.000000000000000000e+00
5.009000468422217267e+01,0.000000000000000000e+00,0.000000000000000000e+00
4.711319071579225692e+01,0.000000000000000000e+00,0.000000000000000000e+00
4.667914313394211234e+01,0.000000000000000000e+00,0.000000000000000000e+00
4.593830510891370267e+01,0.000000000000000000e+00,0.000000000000000000e+00
4.784033155293410289e+01,0.000000000000000000e+00,0.000000000000000000e+00
4.704739647834726668e+01,0.000000000000000000e+00,0.000000000000000000e+00
4.805156270295032783e+01,0.000000000000000000e+00,0.000000000000000000e+00
4.573806502277950869e+01,0.000000000000000000e+00,0.000000000000000000e+00
4.636277642607447547e+01,0.000000000000000000e+00,0.000000000000000000e+00
4.695331125401236250e+01,0.000000000000000000e+00,0.000000000000000000e+00
4.986188782559058552e+01,0.000000000000000000e+00,0.000000000000000000e+00
4.756751256298608865e+01,0.000000000000000000e+00,0.000000000000000000e+00
4.753585518043675506e+01,0.000000000000000000e+00,0.000000000000000000e+00
4.873334954861878998e+01,0.000000000000000000e+00,0.000000000000000000e+00
4.484572016067324540e+01,0.000000000000000000e+00,0.000000000000000000e+00
4.824245582696796930e+01,0.000000000000000000e+00,0.000000000000000000e+00
5.094129042814062558e+01,0.000000000000000000e+00,0.000000000000000000e+00
5.001964907815068528e+01,0.000000000000000000e+00,0.000000000000000000e+00
4.963221383923011132e+01,0.000000000000000000e+00,0.000000000000000000e+00
4.824629872196397429e+01,0.000000000000000000e+00,0.000000000000000000e+00
5.024541543827729839e+01,0.000000000000000000e+00,0.000000000000000000e+00
5.080021116581057328e+01,0.000000000000000000e+00,0.000000000000000000e+00
5.051471526821946867e+01,0.000000000000000000e+00,0.000000000000000000e+00
4.744398379454007397e+01,0.000000000000000000e+00,0.000000000000000000e+00
5.214061868664457222e+01,0.000000000000000000e+00,0.000000000000000000e+00
4.706522478665236520e+01,0.000000000000000000e+00,0.000000000000000000e+00
5.159135869139172570e+01,0.000000000000000000e+00,0.000000000000000000e+00
4.945091194359613951e+01,0.000000000000000000e+00,0.000000000000000000e+00
5.182399364460362534e+01,0.000000000000000000e+00,0.000000000000000000e+00
5.096977355904717655e+01,0.000000000000000000e+00,0.000000000000000000e+00
4.794385467946955259e+01,0.000000000000000000e+00,0.000000000000000000e+00
5.003584489476148889e+01,0.000000000000000000e+00,0.000000000000000000e+00
4.391774429269276681e+01,0.000000000000000000e+00,0.000000000000000000e+00
